"SUMLEV","STATE","COUNTY","STNAME","CTYNAME","YEAR","AGE","TOT_POP","TOT_MALE","TOT_FEMALE"
050,40,001,"Oklahoma","Adair County",1,0,251,127,124
050,40,001,"Oklahoma","Adair County",1,1,268,147,121
050,40,001,"Oklahoma","Adair County",1,2,287,164,123
050,40,001,"Oklahoma","Adair County",1,3,312,174,138
050,40,001,"Oklahoma","Adair County",1,4,282,145,137
050,40,001,"Oklahoma","Adair County",1,5,275,139,136
050,40,001,"Oklahoma","Adair County",1,6,297,155,142
050,40,001,"Oklahoma","Adair County",1,7,303,150,153
050,40,001,"Oklahoma","Adair County",1,8,288,160,128
050,40,001,"Oklahoma","Adair County",1,9,294,147,147
050,40,001,"Oklahoma","Adair County",1,10,267,144,123
050,40,001,"Oklahoma","Adair County",1,11,308,155,153
050,40,001,"Oklahoma","Adair County",1,12,315,141,174
050,40,001,"Oklahoma","Adair County",1,13,303,144,159
050,40,001,"Oklahoma","Adair County",1,14,288,152,136
050,40,001,"Oklahoma","Adair County",1,15,306,163,143
050,40,001,"Oklahoma","Adair County",1,16,319,166,153
050,40,001,"Oklahoma","Adair County",1,17,313,156,157
050,40,001,"Oklahoma","Adair County",1,18,268,133,135
050,40,001,"Oklahoma","Adair County",1,19,219,116,103
050,40,001,"Oklahoma","Adair County",1,20,208,114,94
050,40,001,"Oklahoma","Adair County",1,21,228,122,106
050,40,001,"Oklahoma","Adair County",1,22,248,127,121
050,40,001,"Oklahoma","Adair County",1,23,236,126,110
050,40,001,"Oklahoma","Adair County",1,24,213,103,110
050,40,001,"Oklahoma","Adair County",1,25,226,112,114
050,40,001,"Oklahoma","Adair County",1,26,231,104,127
050,40,001,"Oklahoma","Adair County",1,27,254,134,120
050,40,001,"Oklahoma","Adair County",1,28,236,118,118
050,40,001,"Oklahoma","Adair County",1,29,239,124,115
050,40,001,"Oklahoma","Adair County",1,30,250,127,123
050,40,001,"Oklahoma","Adair County",1,31,220,114,106
050,40,001,"Oklahoma","Adair County",1,32,223,104,119
050,40,001,"Oklahoma","Adair County",1,33,194,87,107
050,40,001,"Oklahoma","Adair County",1,34,194,90,104
050,40,001,"Oklahoma","Adair County",1,35,212,107,105
050,40,001,"Oklahoma","Adair County",1,36,250,132,118
050,40,001,"Oklahoma","Adair County",1,37,256,121,135
050,40,001,"Oklahoma","Adair County",1,38,243,120,123
050,40,001,"Oklahoma","Adair County",1,39,239,117,122
050,40,001,"Oklahoma","Adair County",1,40,210,109,101
050,40,001,"Oklahoma","Adair County",1,41,231,118,113
050,40,001,"Oklahoma","Adair County",1,42,236,128,108
050,40,001,"Oklahoma","Adair County",1,43,227,127,100
050,40,001,"Oklahoma","Adair County",1,44,213,107,106
050,40,001,"Oklahoma","Adair County",1,45,242,130,112
050,40,001,"Oklahoma","Adair County",1,46,233,108,125
050,40,001,"Oklahoma","Adair County",1,47,258,126,132
050,40,001,"Oklahoma","Adair County",1,48,261,135,126
050,40,001,"Oklahoma","Adair County",1,49,245,130,115
050,40,001,"Oklahoma","Adair County",1,50,239,121,118
050,40,001,"Oklahoma","Adair County",1,51,236,128,108
050,40,001,"Oklahoma","Adair County",1,52,231,113,118
050,40,001,"Oklahoma","Adair County",1,53,238,116,122
050,40,001,"Oklahoma","Adair County",1,54,259,121,138
050,40,001,"Oklahoma","Adair County",1,55,261,131,130
050,40,001,"Oklahoma","Adair County",1,56,264,139,125
050,40,001,"Oklahoma","Adair County",1,57,271,138,133
050,40,001,"Oklahoma","Adair County",1,58,278,142,136
050,40,001,"Oklahoma","Adair County",1,59,265,131,134
050,40,001,"Oklahoma","Adair County",1,60,264,127,137
050,40,001,"Oklahoma","Adair County",1,61,250,114,136
050,40,001,"Oklahoma","Adair County",1,62,240,120,120
050,40,001,"Oklahoma","Adair County",1,63,217,100,117
050,40,001,"Oklahoma","Adair County",1,64,223,106,117
050,40,001,"Oklahoma","Adair County",1,65,210,111,99
050,40,001,"Oklahoma","Adair County",1,66,175,86,89
050,40,001,"Oklahoma","Adair County",1,67,183,87,96
050,40,001,"Oklahoma","Adair County",1,68,189,90,99
050,40,001,"Oklahoma","Adair County",1,69,198,97,101
050,40,001,"Oklahoma","Adair County",1,70,195,103,92
050,40,001,"Oklahoma","Adair County",1,71,176,91,85
050,40,001,"Oklahoma","Adair County",1,72,191,85,106
050,40,001,"Oklahoma","Adair County",1,73,183,89,94
050,40,001,"Oklahoma","Adair County",1,74,120,55,65
050,40,001,"Oklahoma","Adair County",1,75,127,55,72
050,40,001,"Oklahoma","Adair County",1,76,132,63,69
050,40,001,"Oklahoma","Adair County",1,77,128,63,65
050,40,001,"Oklahoma","Adair County",1,78,112,50,62
050,40,001,"Oklahoma","Adair County",1,79,101,46,55
050,40,001,"Oklahoma","Adair County",1,80,90,48,42
050,40,001,"Oklahoma","Adair County",1,81,77,36,41
050,40,001,"Oklahoma","Adair County",1,82,63,31,32
050,40,001,"Oklahoma","Adair County",1,83,60,24,36
050,40,001,"Oklahoma","Adair County",1,84,55,24,31
050,40,001,"Oklahoma","Adair County",1,85,277,114,163
050,40,001,"Oklahoma","Adair County",2,0,263,139,124
050,40,001,"Oklahoma","Adair County",2,1,263,142,121
050,40,001,"Oklahoma","Adair County",2,2,281,159,122
050,40,001,"Oklahoma","Adair County",2,3,304,169,135
050,40,001,"Oklahoma","Adair County",2,4,292,154,138
050,40,001,"Oklahoma","Adair County",2,5,276,141,135
050,40,001,"Oklahoma","Adair County",2,6,290,151,139
050,40,001,"Oklahoma","Adair County",2,7,297,150,147
050,40,001,"Oklahoma","Adair County",2,8,287,156,131
050,40,001,"Oklahoma","Adair County",2,9,287,148,139
050,40,001,"Oklahoma","Adair County",2,10,271,142,129
050,40,001,"Oklahoma","Adair County",2,11,294,148,146
050,40,001,"Oklahoma","Adair County",2,12,313,144,169
050,40,001,"Oklahoma","Adair County",2,13,302,140,162
050,40,001,"Oklahoma","Adair County",2,14,292,151,141
050,40,001,"Oklahoma","Adair County",2,15,303,160,143
050,40,001,"Oklahoma","Adair County",2,16,319,167,152
050,40,001,"Oklahoma","Adair County",2,17,312,156,156
050,40,001,"Oklahoma","Adair County",2,18,265,133,132
050,40,001,"Oklahoma","Adair County",2,19,223,116,107
050,40,001,"Oklahoma","Adair County",2,20,213,116,97
050,40,001,"Oklahoma","Adair County",2,21,225,121,104
050,40,001,"Oklahoma","Adair County",2,22,246,127,119
050,40,001,"Oklahoma","Adair County",2,23,241,127,114
050,40,001,"Oklahoma","Adair County",2,24,218,109,109
050,40,001,"Oklahoma","Adair County",2,25,221,107,114
050,40,001,"Oklahoma","Adair County",2,26,228,105,123
050,40,001,"Oklahoma","Adair County",2,27,243,123,120
050,40,001,"Oklahoma","Adair County",2,28,238,121,117
050,40,001,"Oklahoma","Adair County",2,29,237,122,115
050,40,001,"Oklahoma","Adair County",2,30,249,127,122
050,40,001,"Oklahoma","Adair County",2,31,228,118,110
050,40,001,"Oklahoma","Adair County",2,32,221,105,116
050,40,001,"Oklahoma","Adair County",2,33,200,90,110
050,40,001,"Oklahoma","Adair County",2,34,192,88,104
050,40,001,"Oklahoma","Adair County",2,35,208,103,105
050,40,001,"Oklahoma","Adair County",2,36,238,124,114
050,40,001,"Oklahoma","Adair County",2,37,256,125,131
050,40,001,"Oklahoma","Adair County",2,38,248,121,127
050,40,001,"Oklahoma","Adair County",2,39,237,117,120
050,40,001,"Oklahoma","Adair County",2,40,218,111,107
050,40,001,"Oklahoma","Adair County",2,41,224,115,109
050,40,001,"Oklahoma","Adair County",2,42,231,122,109
050,40,001,"Oklahoma","Adair County",2,43,229,127,102
050,40,001,"Oklahoma","Adair County",2,44,216,112,104
050,40,001,"Oklahoma","Adair County",2,45,235,123,112
050,40,001,"Oklahoma","Adair County",2,46,237,114,123
050,40,001,"Oklahoma","Adair County",2,47,251,122,129
050,40,001,"Oklahoma","Adair County",2,48,261,134,127
050,40,001,"Oklahoma","Adair County",2,49,253,134,119
050,40,001,"Oklahoma","Adair County",2,50,240,122,118
050,40,001,"Oklahoma","Adair County",2,51,236,126,110
050,40,001,"Oklahoma","Adair County",2,52,229,115,114
050,40,001,"Oklahoma","Adair County",2,53,235,115,120
050,40,001,"Oklahoma","Adair County",2,54,254,120,134
050,40,001,"Oklahoma","Adair County",2,55,262,130,132
050,40,001,"Oklahoma","Adair County",2,56,264,137,127
050,40,001,"Oklahoma","Adair County",2,57,271,140,131
050,40,001,"Oklahoma","Adair County",2,58,274,141,133
050,40,001,"Oklahoma","Adair County",2,59,269,135,134
050,40,001,"Oklahoma","Adair County",2,60,266,130,136
050,40,001,"Oklahoma","Adair County",2,61,250,117,133
050,40,001,"Oklahoma","Adair County",2,62,241,117,124
050,40,001,"Oklahoma","Adair County",2,63,224,107,117
050,40,001,"Oklahoma","Adair County",2,64,219,103,116
050,40,001,"Oklahoma","Adair County",2,65,213,111,102
050,40,001,"Oklahoma","Adair County",2,66,181,90,91
050,40,001,"Oklahoma","Adair County",2,67,181,87,94
050,40,001,"Oklahoma","Adair County",2,68,183,86,97
050,40,001,"Oklahoma","Adair County",2,69,195,96,99
050,40,001,"Oklahoma","Adair County",2,70,194,100,94
050,40,001,"Oklahoma","Adair County",2,71,182,94,88
050,40,001,"Oklahoma","Adair County",2,72,179,81,98
050,40,001,"Oklahoma","Adair County",2,73,191,90,101
050,40,001,"Oklahoma","Adair County",2,74,127,60,67
050,40,001,"Oklahoma","Adair County",2,75,124,53,71
050,40,001,"Oklahoma","Adair County",2,76,128,60,68
050,40,001,"Oklahoma","Adair County",2,77,131,65,66
050,40,001,"Oklahoma","Adair County",2,78,111,51,60
050,40,001,"Oklahoma","Adair County",2,79,100,47,53
050,40,001,"Oklahoma","Adair County",2,80,92,46,46
050,40,001,"Oklahoma","Adair County",2,81,77,38,39
050,40,001,"Oklahoma","Adair County",2,82,65,31,34
050,40,001,"Oklahoma","Adair County",2,83,58,25,33
050,40,001,"Oklahoma","Adair County",2,84,53,24,29
050,40,001,"Oklahoma","Adair County",2,85,281,115,166
050,40,001,"Oklahoma","Adair County",3,0,245,110,135
050,40,001,"Oklahoma","Adair County",3,1,262,135,127
050,40,001,"Oklahoma","Adair County",3,2,263,142,121
050,40,001,"Oklahoma","Adair County",3,3,286,150,136
050,40,001,"Oklahoma","Adair County",3,4,312,169,143
050,40,001,"Oklahoma","Adair County",3,5,287,154,133
050,40,001,"Oklahoma","Adair County",3,6,276,146,130
050,40,001,"Oklahoma","Adair County",3,7,292,153,139
050,40,001,"Oklahoma","Adair County",3,8,303,158,145
050,40,001,"Oklahoma","Adair County",3,9,279,156,123
050,40,001,"Oklahoma","Adair County",3,10,300,164,136
050,40,001,"Oklahoma","Adair County",3,11,268,147,121
050,40,001,"Oklahoma","Adair County",3,12,299,148,151
050,40,001,"Oklahoma","Adair County",3,13,321,151,170
050,40,001,"Oklahoma","Adair County",3,14,314,152,162
050,40,001,"Oklahoma","Adair County",3,15,291,153,138
050,40,001,"Oklahoma","Adair County",3,16,304,158,146
050,40,001,"Oklahoma","Adair County",3,17,323,174,149
050,40,001,"Oklahoma","Adair County",3,18,278,137,141
050,40,001,"Oklahoma","Adair County",3,19,236,123,113
050,40,001,"Oklahoma","Adair County",3,20,215,104,111
050,40,001,"Oklahoma","Adair County",3,21,214,113,101
050,40,001,"Oklahoma","Adair County",3,22,217,115,102
050,40,001,"Oklahoma","Adair County",3,23,246,129,117
050,40,001,"Oklahoma","Adair County",3,24,242,128,114
050,40,001,"Oklahoma","Adair County",3,25,205,98,107
050,40,001,"Oklahoma","Adair County",3,26,216,111,105
050,40,001,"Oklahoma","Adair County",3,27,225,102,123
050,40,001,"Oklahoma","Adair County",3,28,243,130,113
050,40,001,"Oklahoma","Adair County",3,29,231,114,117
050,40,001,"Oklahoma","Adair County",3,30,245,120,125
050,40,001,"Oklahoma","Adair County",3,31,247,126,121
050,40,001,"Oklahoma","Adair County",3,32,229,116,113
050,40,001,"Oklahoma","Adair County",3,33,222,110,112
050,40,001,"Oklahoma","Adair County",3,34,198,88,110
050,40,001,"Oklahoma","Adair County",3,35,191,87,104
050,40,001,"Oklahoma","Adair County",3,36,219,113,106
050,40,001,"Oklahoma","Adair County",3,37,237,120,117
050,40,001,"Oklahoma","Adair County",3,38,261,130,131
050,40,001,"Oklahoma","Adair County",3,39,255,128,127
050,40,001,"Oklahoma","Adair County",3,40,252,125,127
050,40,001,"Oklahoma","Adair County",3,41,224,116,108
050,40,001,"Oklahoma","Adair County",3,42,230,123,107
050,40,001,"Oklahoma","Adair County",3,43,214,113,101
050,40,001,"Oklahoma","Adair County",3,44,228,129,99
050,40,001,"Oklahoma","Adair County",3,45,232,119,113
050,40,001,"Oklahoma","Adair County",3,46,234,118,116
050,40,001,"Oklahoma","Adair County",3,47,228,109,119
050,40,001,"Oklahoma","Adair County",3,48,257,125,132
050,40,001,"Oklahoma","Adair County",3,49,261,135,126
050,40,001,"Oklahoma","Adair County",3,50,251,132,119
050,40,001,"Oklahoma","Adair County",3,51,244,123,121
050,40,001,"Oklahoma","Adair County",3,52,241,124,117
050,40,001,"Oklahoma","Adair County",3,53,226,114,112
050,40,001,"Oklahoma","Adair County",3,54,240,119,121
050,40,001,"Oklahoma","Adair County",3,55,249,119,130
050,40,001,"Oklahoma","Adair County",3,56,259,129,130
050,40,001,"Oklahoma","Adair County",3,57,270,140,130
050,40,001,"Oklahoma","Adair County",3,58,270,144,126
050,40,001,"Oklahoma","Adair County",3,59,275,142,133
050,40,001,"Oklahoma","Adair County",3,60,257,128,129
050,40,001,"Oklahoma","Adair County",3,61,257,126,131
050,40,001,"Oklahoma","Adair County",3,62,240,111,129
050,40,001,"Oklahoma","Adair County",3,63,231,111,120
050,40,001,"Oklahoma","Adair County",3,64,220,109,111
050,40,001,"Oklahoma","Adair County",3,65,211,98,113
050,40,001,"Oklahoma","Adair County",3,66,210,106,104
050,40,001,"Oklahoma","Adair County",3,67,185,94,91
050,40,001,"Oklahoma","Adair County",3,68,179,84,95
050,40,001,"Oklahoma","Adair County",3,69,175,83,92
050,40,001,"Oklahoma","Adair County",3,70,187,91,96
050,40,001,"Oklahoma","Adair County",3,71,188,97,91
050,40,001,"Oklahoma","Adair County",3,72,175,92,83
050,40,001,"Oklahoma","Adair County",3,73,167,76,91
050,40,001,"Oklahoma","Adair County",3,74,181,83,98
050,40,001,"Oklahoma","Adair County",3,75,124,61,63
050,40,001,"Oklahoma","Adair County",3,76,117,49,68
050,40,001,"Oklahoma","Adair County",3,77,113,50,63
050,40,001,"Oklahoma","Adair County",3,78,121,58,63
050,40,001,"Oklahoma","Adair County",3,79,100,47,53
050,40,001,"Oklahoma","Adair County",3,80,95,43,52
050,40,001,"Oklahoma","Adair County",3,81,79,41,38
050,40,001,"Oklahoma","Adair County",3,82,69,34,35
050,40,001,"Oklahoma","Adair County",3,83,52,25,27
050,40,001,"Oklahoma","Adair County",3,84,50,18,32
050,40,001,"Oklahoma","Adair County",3,85,277,119,158
050,40,001,"Oklahoma","Adair County",4,0,286,143,143
050,40,001,"Oklahoma","Adair County",4,1,260,113,147
050,40,001,"Oklahoma","Adair County",4,2,261,136,125
050,40,001,"Oklahoma","Adair County",4,3,258,132,126
050,40,001,"Oklahoma","Adair County",4,4,292,156,136
050,40,001,"Oklahoma","Adair County",4,5,317,174,143
050,40,001,"Oklahoma","Adair County",4,6,299,161,138
050,40,001,"Oklahoma","Adair County",4,7,285,159,126
050,40,001,"Oklahoma","Adair County",4,8,312,150,162
050,40,001,"Oklahoma","Adair County",4,9,295,151,144
050,40,001,"Oklahoma","Adair County",4,10,281,154,127
050,40,001,"Oklahoma","Adair County",4,11,302,160,142
050,40,001,"Oklahoma","Adair County",4,12,269,145,124
050,40,001,"Oklahoma","Adair County",4,13,295,146,149
050,40,001,"Oklahoma","Adair County",4,14,317,151,166
050,40,001,"Oklahoma","Adair County",4,15,304,147,157
050,40,001,"Oklahoma","Adair County",4,16,279,144,135
050,40,001,"Oklahoma","Adair County",4,17,298,157,141
050,40,001,"Oklahoma","Adair County",4,18,287,159,128
050,40,001,"Oklahoma","Adair County",4,19,230,116,114
050,40,001,"Oklahoma","Adair County",4,20,236,118,118
050,40,001,"Oklahoma","Adair County",4,21,220,107,113
050,40,001,"Oklahoma","Adair County",4,22,217,115,102
050,40,001,"Oklahoma","Adair County",4,23,242,128,114
050,40,001,"Oklahoma","Adair County",4,24,241,128,113
050,40,001,"Oklahoma","Adair County",4,25,249,125,124
050,40,001,"Oklahoma","Adair County",4,26,205,96,109
050,40,001,"Oklahoma","Adair County",4,27,224,112,112
050,40,001,"Oklahoma","Adair County",4,28,231,108,123
050,40,001,"Oklahoma","Adair County",4,29,240,123,117
050,40,001,"Oklahoma","Adair County",4,30,246,119,127
050,40,001,"Oklahoma","Adair County",4,31,244,120,124
050,40,001,"Oklahoma","Adair County",4,32,236,122,114
050,40,001,"Oklahoma","Adair County",4,33,233,117,116
050,40,001,"Oklahoma","Adair County",4,34,224,112,112
050,40,001,"Oklahoma","Adair County",4,35,195,86,109
050,40,001,"Oklahoma","Adair County",4,36,195,88,107
050,40,001,"Oklahoma","Adair County",4,37,218,113,105
050,40,001,"Oklahoma","Adair County",4,38,235,123,112
050,40,001,"Oklahoma","Adair County",4,39,282,140,142
050,40,001,"Oklahoma","Adair County",4,40,253,125,128
050,40,001,"Oklahoma","Adair County",4,41,247,123,124
050,40,001,"Oklahoma","Adair County",4,42,223,115,108
050,40,001,"Oklahoma","Adair County",4,43,227,119,108
050,40,001,"Oklahoma","Adair County",4,44,207,110,97
050,40,001,"Oklahoma","Adair County",4,45,223,126,97
050,40,001,"Oklahoma","Adair County",4,46,237,123,114
050,40,001,"Oklahoma","Adair County",4,47,228,117,111
050,40,001,"Oklahoma","Adair County",4,48,242,116,126
050,40,001,"Oklahoma","Adair County",4,49,271,130,141
050,40,001,"Oklahoma","Adair County",4,50,259,132,127
050,40,001,"Oklahoma","Adair County",4,51,254,131,123
050,40,001,"Oklahoma","Adair County",4,52,245,123,122
050,40,001,"Oklahoma","Adair County",4,53,250,126,124
050,40,001,"Oklahoma","Adair County",4,54,225,113,112
050,40,001,"Oklahoma","Adair County",4,55,239,122,117
050,40,001,"Oklahoma","Adair County",4,56,255,121,134
050,40,001,"Oklahoma","Adair County",4,57,254,123,131
050,40,001,"Oklahoma","Adair County",4,58,267,139,128
050,40,001,"Oklahoma","Adair County",4,59,262,138,124
050,40,001,"Oklahoma","Adair County",4,60,279,140,139
050,40,001,"Oklahoma","Adair County",4,61,247,126,121
050,40,001,"Oklahoma","Adair County",4,62,245,118,127
050,40,001,"Oklahoma","Adair County",4,63,240,113,127
050,40,001,"Oklahoma","Adair County",4,64,223,108,115
050,40,001,"Oklahoma","Adair County",4,65,202,100,102
050,40,001,"Oklahoma","Adair County",4,66,206,94,112
050,40,001,"Oklahoma","Adair County",4,67,205,102,103
050,40,001,"Oklahoma","Adair County",4,68,184,89,95
050,40,001,"Oklahoma","Adair County",4,69,179,85,94
050,40,001,"Oklahoma","Adair County",4,70,163,73,90
050,40,001,"Oklahoma","Adair County",4,71,187,93,94
050,40,001,"Oklahoma","Adair County",4,72,182,93,89
050,40,001,"Oklahoma","Adair County",4,73,174,95,79
050,40,001,"Oklahoma","Adair County",4,74,160,70,90
050,40,001,"Oklahoma","Adair County",4,75,173,79,94
050,40,001,"Oklahoma","Adair County",4,76,115,56,59
050,40,001,"Oklahoma","Adair County",4,77,106,42,64
050,40,001,"Oklahoma","Adair County",4,78,107,49,58
050,40,001,"Oklahoma","Adair County",4,79,103,45,58
050,40,001,"Oklahoma","Adair County",4,80,92,42,50
050,40,001,"Oklahoma","Adair County",4,81,83,38,45
050,40,001,"Oklahoma","Adair County",4,82,71,35,36
050,40,001,"Oklahoma","Adair County",4,83,63,32,31
050,40,001,"Oklahoma","Adair County",4,84,47,24,23
050,40,001,"Oklahoma","Adair County",4,85,272,119,153
050,40,001,"Oklahoma","Adair County",5,0,307,149,158
050,40,001,"Oklahoma","Adair County",5,1,269,137,132
050,40,001,"Oklahoma","Adair County",5,2,270,113,157
050,40,001,"Oklahoma","Adair County",5,3,262,125,137
050,40,001,"Oklahoma","Adair County",5,4,256,132,124
050,40,001,"Oklahoma","Adair County",5,5,317,169,148
050,40,001,"Oklahoma","Adair County",5,6,315,173,142
050,40,001,"Oklahoma","Adair County",5,7,299,158,141
050,40,001,"Oklahoma","Adair County",5,8,293,155,138
050,40,001,"Oklahoma","Adair County",5,9,306,149,157
050,40,001,"Oklahoma","Adair County",5,10,297,154,143
050,40,001,"Oklahoma","Adair County",5,11,281,150,131
050,40,001,"Oklahoma","Adair County",5,12,322,180,142
050,40,001,"Oklahoma","Adair County",5,13,265,142,123
050,40,001,"Oklahoma","Adair County",5,14,295,147,148
050,40,001,"Oklahoma","Adair County",5,15,317,150,167
050,40,001,"Oklahoma","Adair County",5,16,305,148,157
050,40,001,"Oklahoma","Adair County",5,17,294,150,144
050,40,001,"Oklahoma","Adair County",5,18,261,143,118
050,40,001,"Oklahoma","Adair County",5,19,245,135,110
050,40,001,"Oklahoma","Adair County",5,20,241,119,122
050,40,001,"Oklahoma","Adair County",5,21,242,120,122
050,40,001,"Oklahoma","Adair County",5,22,233,113,120
050,40,001,"Oklahoma","Adair County",5,23,220,116,104
050,40,001,"Oklahoma","Adair County",5,24,249,132,117
050,40,001,"Oklahoma","Adair County",5,25,248,132,116
050,40,001,"Oklahoma","Adair County",5,26,231,113,118
050,40,001,"Oklahoma","Adair County",5,27,219,103,116
050,40,001,"Oklahoma","Adair County",5,28,257,134,123
050,40,001,"Oklahoma","Adair County",5,29,220,98,122
050,40,001,"Oklahoma","Adair County",5,30,237,123,114
050,40,001,"Oklahoma","Adair County",5,31,241,113,128
050,40,001,"Oklahoma","Adair County",5,32,240,118,122
050,40,001,"Oklahoma","Adair County",5,33,243,125,118
050,40,001,"Oklahoma","Adair County",5,34,233,113,120
050,40,001,"Oklahoma","Adair County",5,35,225,115,110
050,40,001,"Oklahoma","Adair County",5,36,193,85,108
050,40,001,"Oklahoma","Adair County",5,37,201,86,115
050,40,001,"Oklahoma","Adair County",5,38,233,127,106
050,40,001,"Oklahoma","Adair County",5,39,238,132,106
050,40,001,"Oklahoma","Adair County",5,40,271,124,147
050,40,001,"Oklahoma","Adair County",5,41,243,115,128
050,40,001,"Oklahoma","Adair County",5,42,237,119,118
050,40,001,"Oklahoma","Adair County",5,43,219,113,106
050,40,001,"Oklahoma","Adair County",5,44,227,122,105
050,40,001,"Oklahoma","Adair County",5,45,209,109,100
050,40,001,"Oklahoma","Adair County",5,46,223,127,96
050,40,001,"Oklahoma","Adair County",5,47,232,116,116
050,40,001,"Oklahoma","Adair County",5,48,230,120,110
050,40,001,"Oklahoma","Adair County",5,49,242,116,126
050,40,001,"Oklahoma","Adair County",5,50,268,129,139
050,40,001,"Oklahoma","Adair County",5,51,259,133,126
050,40,001,"Oklahoma","Adair County",5,52,255,129,126
050,40,001,"Oklahoma","Adair County",5,53,244,122,122
050,40,001,"Oklahoma","Adair County",5,54,246,118,128
050,40,001,"Oklahoma","Adair County",5,55,222,114,108
050,40,001,"Oklahoma","Adair County",5,56,235,123,112
050,40,001,"Oklahoma","Adair County",5,57,254,117,137
050,40,001,"Oklahoma","Adair County",5,58,252,126,126
050,40,001,"Oklahoma","Adair County",5,59,260,132,128
050,40,001,"Oklahoma","Adair County",5,60,263,137,126
050,40,001,"Oklahoma","Adair County",5,61,262,134,128
050,40,001,"Oklahoma","Adair County",5,62,243,121,122
050,40,001,"Oklahoma","Adair County",5,63,241,113,128
050,40,001,"Oklahoma","Adair County",5,64,235,108,127
050,40,001,"Oklahoma","Adair County",5,65,215,102,113
050,40,001,"Oklahoma","Adair County",5,66,195,100,95
050,40,001,"Oklahoma","Adair County",5,67,208,93,115
050,40,001,"Oklahoma","Adair County",5,68,200,96,104
050,40,001,"Oklahoma","Adair County",5,69,184,92,92
050,40,001,"Oklahoma","Adair County",5,70,172,84,88
050,40,001,"Oklahoma","Adair County",5,71,160,73,87
050,40,001,"Oklahoma","Adair County",5,72,179,89,90
050,40,001,"Oklahoma","Adair County",5,73,181,92,89
050,40,001,"Oklahoma","Adair County",5,74,174,94,80
050,40,001,"Oklahoma","Adair County",5,75,153,66,87
050,40,001,"Oklahoma","Adair County",5,76,166,74,92
050,40,001,"Oklahoma","Adair County",5,77,115,55,60
050,40,001,"Oklahoma","Adair County",5,78,106,42,64
050,40,001,"Oklahoma","Adair County",5,79,89,38,51
050,40,001,"Oklahoma","Adair County",5,80,98,41,57
050,40,001,"Oklahoma","Adair County",5,81,80,36,44
050,40,001,"Oklahoma","Adair County",5,82,78,33,45
050,40,001,"Oklahoma","Adair County",5,83,63,32,31
050,40,001,"Oklahoma","Adair County",5,84,55,29,26
050,40,001,"Oklahoma","Adair County",5,85,264,122,142
050,40,003,"Oklahoma","Alfalfa County",1,0,48,25,23
050,40,003,"Oklahoma","Alfalfa County",1,1,47,24,23
050,40,003,"Oklahoma","Alfalfa County",1,2,57,32,25
050,40,003,"Oklahoma","Alfalfa County",1,3,53,33,20
050,40,003,"Oklahoma","Alfalfa County",1,4,67,41,26
050,40,003,"Oklahoma","Alfalfa County",1,5,62,30,32
050,40,003,"Oklahoma","Alfalfa County",1,6,77,45,32
050,40,003,"Oklahoma","Alfalfa County",1,7,74,36,38
050,40,003,"Oklahoma","Alfalfa County",1,8,72,34,38
050,40,003,"Oklahoma","Alfalfa County",1,9,66,33,33
050,40,003,"Oklahoma","Alfalfa County",1,10,63,31,32
050,40,003,"Oklahoma","Alfalfa County",1,11,64,34,30
050,40,003,"Oklahoma","Alfalfa County",1,12,73,34,39
050,40,003,"Oklahoma","Alfalfa County",1,13,56,27,29
050,40,003,"Oklahoma","Alfalfa County",1,14,48,28,20
050,40,003,"Oklahoma","Alfalfa County",1,15,62,34,28
050,40,003,"Oklahoma","Alfalfa County",1,16,59,31,28
050,40,003,"Oklahoma","Alfalfa County",1,17,59,32,27
050,40,003,"Oklahoma","Alfalfa County",1,18,50,29,21
050,40,003,"Oklahoma","Alfalfa County",1,19,37,21,16
050,40,003,"Oklahoma","Alfalfa County",1,20,42,21,21
050,40,003,"Oklahoma","Alfalfa County",1,21,40,21,19
050,40,003,"Oklahoma","Alfalfa County",1,22,47,24,23
050,40,003,"Oklahoma","Alfalfa County",1,23,42,23,19
050,40,003,"Oklahoma","Alfalfa County",1,24,55,24,31
050,40,003,"Oklahoma","Alfalfa County",1,25,46,24,22
050,40,003,"Oklahoma","Alfalfa County",1,26,52,31,21
050,40,003,"Oklahoma","Alfalfa County",1,27,62,42,20
050,40,003,"Oklahoma","Alfalfa County",1,28,54,35,19
050,40,003,"Oklahoma","Alfalfa County",1,29,57,32,25
050,40,003,"Oklahoma","Alfalfa County",1,30,63,39,24
050,40,003,"Oklahoma","Alfalfa County",1,31,72,41,31
050,40,003,"Oklahoma","Alfalfa County",1,32,60,35,25
050,40,003,"Oklahoma","Alfalfa County",1,33,66,35,31
050,40,003,"Oklahoma","Alfalfa County",1,34,63,42,21
050,40,003,"Oklahoma","Alfalfa County",1,35,77,56,21
050,40,003,"Oklahoma","Alfalfa County",1,36,97,77,20
050,40,003,"Oklahoma","Alfalfa County",1,37,104,80,24
050,40,003,"Oklahoma","Alfalfa County",1,38,107,81,26
050,40,003,"Oklahoma","Alfalfa County",1,39,97,76,21
050,40,003,"Oklahoma","Alfalfa County",1,40,87,68,19
050,40,003,"Oklahoma","Alfalfa County",1,41,102,78,24
050,40,003,"Oklahoma","Alfalfa County",1,42,115,91,24
050,40,003,"Oklahoma","Alfalfa County",1,43,92,68,24
050,40,003,"Oklahoma","Alfalfa County",1,44,86,62,24
050,40,003,"Oklahoma","Alfalfa County",1,45,94,71,23
050,40,003,"Oklahoma","Alfalfa County",1,46,80,64,16
050,40,003,"Oklahoma","Alfalfa County",1,47,93,74,19
050,40,003,"Oklahoma","Alfalfa County",1,48,94,66,28
050,40,003,"Oklahoma","Alfalfa County",1,49,79,59,20
050,40,003,"Oklahoma","Alfalfa County",1,50,102,80,22
050,40,003,"Oklahoma","Alfalfa County",1,51,87,63,24
050,40,003,"Oklahoma","Alfalfa County",1,52,93,62,31
050,40,003,"Oklahoma","Alfalfa County",1,53,83,59,24
050,40,003,"Oklahoma","Alfalfa County",1,54,71,44,27
050,40,003,"Oklahoma","Alfalfa County",1,55,65,44,21
050,40,003,"Oklahoma","Alfalfa County",1,56,85,56,29
050,40,003,"Oklahoma","Alfalfa County",1,57,80,46,34
050,40,003,"Oklahoma","Alfalfa County",1,58,87,50,37
050,40,003,"Oklahoma","Alfalfa County",1,59,75,41,34
050,40,003,"Oklahoma","Alfalfa County",1,60,72,44,28
050,40,003,"Oklahoma","Alfalfa County",1,61,77,51,26
050,40,003,"Oklahoma","Alfalfa County",1,62,81,45,36
050,40,003,"Oklahoma","Alfalfa County",1,63,78,46,32
050,40,003,"Oklahoma","Alfalfa County",1,64,80,43,37
050,40,003,"Oklahoma","Alfalfa County",1,65,76,46,30
050,40,003,"Oklahoma","Alfalfa County",1,66,91,62,29
050,40,003,"Oklahoma","Alfalfa County",1,67,61,36,25
050,40,003,"Oklahoma","Alfalfa County",1,68,64,29,35
050,40,003,"Oklahoma","Alfalfa County",1,69,67,36,31
050,40,003,"Oklahoma","Alfalfa County",1,70,58,35,23
050,40,003,"Oklahoma","Alfalfa County",1,71,47,24,23
050,40,003,"Oklahoma","Alfalfa County",1,72,42,19,23
050,40,003,"Oklahoma","Alfalfa County",1,73,43,19,24
050,40,003,"Oklahoma","Alfalfa County",1,74,41,23,18
050,40,003,"Oklahoma","Alfalfa County",1,75,46,26,20
050,40,003,"Oklahoma","Alfalfa County",1,76,43,18,25
050,40,003,"Oklahoma","Alfalfa County",1,77,37,13,24
050,40,003,"Oklahoma","Alfalfa County",1,78,36,16,20
050,40,003,"Oklahoma","Alfalfa County",1,79,37,17,20
050,40,003,"Oklahoma","Alfalfa County",1,80,35,20,15
050,40,003,"Oklahoma","Alfalfa County",1,81,27,14,13
050,40,003,"Oklahoma","Alfalfa County",1,82,34,17,17
050,40,003,"Oklahoma","Alfalfa County",1,83,28,14,14
050,40,003,"Oklahoma","Alfalfa County",1,84,31,16,15
050,40,003,"Oklahoma","Alfalfa County",1,85,124,49,75
050,40,003,"Oklahoma","Alfalfa County",2,0,48,28,20
050,40,003,"Oklahoma","Alfalfa County",2,1,48,24,24
050,40,003,"Oklahoma","Alfalfa County",2,2,55,30,25
050,40,003,"Oklahoma","Alfalfa County",2,3,54,32,22
050,40,003,"Oklahoma","Alfalfa County",2,4,63,38,25
050,40,003,"Oklahoma","Alfalfa County",2,5,63,32,31
050,40,003,"Oklahoma","Alfalfa County",2,6,73,41,32
050,40,003,"Oklahoma","Alfalfa County",2,7,76,39,37
050,40,003,"Oklahoma","Alfalfa County",2,8,72,34,38
050,40,003,"Oklahoma","Alfalfa County",2,9,70,34,36
050,40,003,"Oklahoma","Alfalfa County",2,10,63,31,32
050,40,003,"Oklahoma","Alfalfa County",2,11,65,34,31
050,40,003,"Oklahoma","Alfalfa County",2,12,71,33,38
050,40,003,"Oklahoma","Alfalfa County",2,13,59,28,31
050,40,003,"Oklahoma","Alfalfa County",2,14,50,28,22
050,40,003,"Oklahoma","Alfalfa County",2,15,60,33,27
050,40,003,"Oklahoma","Alfalfa County",2,16,59,31,28
050,40,003,"Oklahoma","Alfalfa County",2,17,60,32,28
050,40,003,"Oklahoma","Alfalfa County",2,18,51,29,22
050,40,003,"Oklahoma","Alfalfa County",2,19,38,22,16
050,40,003,"Oklahoma","Alfalfa County",2,20,41,21,20
050,40,003,"Oklahoma","Alfalfa County",2,21,40,21,19
050,40,003,"Oklahoma","Alfalfa County",2,22,47,25,22
050,40,003,"Oklahoma","Alfalfa County",2,23,44,23,21
050,40,003,"Oklahoma","Alfalfa County",2,24,52,24,28
050,40,003,"Oklahoma","Alfalfa County",2,25,49,25,24
050,40,003,"Oklahoma","Alfalfa County",2,26,52,31,21
050,40,003,"Oklahoma","Alfalfa County",2,27,61,40,21
050,40,003,"Oklahoma","Alfalfa County",2,28,54,35,19
050,40,003,"Oklahoma","Alfalfa County",2,29,56,33,23
050,40,003,"Oklahoma","Alfalfa County",2,30,62,38,24
050,40,003,"Oklahoma","Alfalfa County",2,31,71,40,31
050,40,003,"Oklahoma","Alfalfa County",2,32,61,36,25
050,40,003,"Oklahoma","Alfalfa County",2,33,65,36,29
050,40,003,"Oklahoma","Alfalfa County",2,34,65,42,23
050,40,003,"Oklahoma","Alfalfa County",2,35,77,55,22
050,40,003,"Oklahoma","Alfalfa County",2,36,96,76,20
050,40,003,"Oklahoma","Alfalfa County",2,37,104,80,24
050,40,003,"Oklahoma","Alfalfa County",2,38,106,81,25
050,40,003,"Oklahoma","Alfalfa County",2,39,97,75,22
050,40,003,"Oklahoma","Alfalfa County",2,40,88,68,20
050,40,003,"Oklahoma","Alfalfa County",2,41,102,79,23
050,40,003,"Oklahoma","Alfalfa County",2,42,116,92,24
050,40,003,"Oklahoma","Alfalfa County",2,43,96,71,25
050,40,003,"Oklahoma","Alfalfa County",2,44,86,62,24
050,40,003,"Oklahoma","Alfalfa County",2,45,93,70,23
050,40,003,"Oklahoma","Alfalfa County",2,46,82,64,18
050,40,003,"Oklahoma","Alfalfa County",2,47,94,74,20
050,40,003,"Oklahoma","Alfalfa County",2,48,92,65,27
050,40,003,"Oklahoma","Alfalfa County",2,49,80,58,22
050,40,003,"Oklahoma","Alfalfa County",2,50,104,81,23
050,40,003,"Oklahoma","Alfalfa County",2,51,89,65,24
050,40,003,"Oklahoma","Alfalfa County",2,52,90,62,28
050,40,003,"Oklahoma","Alfalfa County",2,53,84,59,25
050,40,003,"Oklahoma","Alfalfa County",2,54,71,45,26
050,40,003,"Oklahoma","Alfalfa County",2,55,67,44,23
050,40,003,"Oklahoma","Alfalfa County",2,56,81,54,27
050,40,003,"Oklahoma","Alfalfa County",2,57,78,45,33
050,40,003,"Oklahoma","Alfalfa County",2,58,87,51,36
050,40,003,"Oklahoma","Alfalfa County",2,59,76,41,35
050,40,003,"Oklahoma","Alfalfa County",2,60,74,45,29
050,40,003,"Oklahoma","Alfalfa County",2,61,77,51,26
050,40,003,"Oklahoma","Alfalfa County",2,62,78,45,33
050,40,003,"Oklahoma","Alfalfa County",2,63,78,45,33
050,40,003,"Oklahoma","Alfalfa County",2,64,78,43,35
050,40,003,"Oklahoma","Alfalfa County",2,65,77,45,32
050,40,003,"Oklahoma","Alfalfa County",2,66,88,59,29
050,40,003,"Oklahoma","Alfalfa County",2,67,66,40,26
050,40,003,"Oklahoma","Alfalfa County",2,68,63,31,32
050,40,003,"Oklahoma","Alfalfa County",2,69,66,35,31
050,40,003,"Oklahoma","Alfalfa County",2,70,60,35,25
050,40,003,"Oklahoma","Alfalfa County",2,71,49,26,23
050,40,003,"Oklahoma","Alfalfa County",2,72,43,20,23
050,40,003,"Oklahoma","Alfalfa County",2,73,46,20,26
050,40,003,"Oklahoma","Alfalfa County",2,74,38,21,17
050,40,003,"Oklahoma","Alfalfa County",2,75,44,25,19
050,40,003,"Oklahoma","Alfalfa County",2,76,43,20,23
050,40,003,"Oklahoma","Alfalfa County",2,77,40,15,25
050,40,003,"Oklahoma","Alfalfa County",2,78,33,14,19
050,40,003,"Oklahoma","Alfalfa County",2,79,36,16,20
050,40,003,"Oklahoma","Alfalfa County",2,80,36,20,16
050,40,003,"Oklahoma","Alfalfa County",2,81,27,14,13
050,40,003,"Oklahoma","Alfalfa County",2,82,32,16,16
050,40,003,"Oklahoma","Alfalfa County",2,83,30,15,15
050,40,003,"Oklahoma","Alfalfa County",2,84,30,16,14
050,40,003,"Oklahoma","Alfalfa County",2,85,125,51,74
050,40,003,"Oklahoma","Alfalfa County",3,0,38,21,17
050,40,003,"Oklahoma","Alfalfa County",3,1,48,30,18
050,40,003,"Oklahoma","Alfalfa County",3,2,52,29,23
050,40,003,"Oklahoma","Alfalfa County",3,3,50,28,22
050,40,003,"Oklahoma","Alfalfa County",3,4,55,30,25
050,40,003,"Oklahoma","Alfalfa County",3,5,64,39,25
050,40,003,"Oklahoma","Alfalfa County",3,6,66,33,33
050,40,003,"Oklahoma","Alfalfa County",3,7,68,39,29
050,40,003,"Oklahoma","Alfalfa County",3,8,73,41,32
050,40,003,"Oklahoma","Alfalfa County",3,9,67,31,36
050,40,003,"Oklahoma","Alfalfa County",3,10,73,36,37
050,40,003,"Oklahoma","Alfalfa County",3,11,63,34,29
050,40,003,"Oklahoma","Alfalfa County",3,12,70,38,32
050,40,003,"Oklahoma","Alfalfa County",3,13,65,31,34
050,40,003,"Oklahoma","Alfalfa County",3,14,57,27,30
050,40,003,"Oklahoma","Alfalfa County",3,15,55,34,21
050,40,003,"Oklahoma","Alfalfa County",3,16,63,32,31
050,40,003,"Oklahoma","Alfalfa County",3,17,58,28,30
050,40,003,"Oklahoma","Alfalfa County",3,18,53,29,24
050,40,003,"Oklahoma","Alfalfa County",3,19,41,23,18
050,40,003,"Oklahoma","Alfalfa County",3,20,39,19,20
050,40,003,"Oklahoma","Alfalfa County",3,21,41,20,21
050,40,003,"Oklahoma","Alfalfa County",3,22,46,25,21
050,40,003,"Oklahoma","Alfalfa County",3,23,44,23,21
050,40,003,"Oklahoma","Alfalfa County",3,24,40,22,18
050,40,003,"Oklahoma","Alfalfa County",3,25,50,29,21
050,40,003,"Oklahoma","Alfalfa County",3,26,42,22,20
050,40,003,"Oklahoma","Alfalfa County",3,27,58,37,21
050,40,003,"Oklahoma","Alfalfa County",3,28,56,33,23
050,40,003,"Oklahoma","Alfalfa County",3,29,57,40,17
050,40,003,"Oklahoma","Alfalfa County",3,30,60,36,24
050,40,003,"Oklahoma","Alfalfa County",3,31,62,36,26
050,40,003,"Oklahoma","Alfalfa County",3,32,70,35,35
050,40,003,"Oklahoma","Alfalfa County",3,33,67,45,22
050,40,003,"Oklahoma","Alfalfa County",3,34,73,43,30
050,40,003,"Oklahoma","Alfalfa County",3,35,83,55,28
050,40,003,"Oklahoma","Alfalfa County",3,36,97,78,19
050,40,003,"Oklahoma","Alfalfa County",3,37,101,81,20
050,40,003,"Oklahoma","Alfalfa County",3,38,107,82,25
050,40,003,"Oklahoma","Alfalfa County",3,39,110,85,25
050,40,003,"Oklahoma","Alfalfa County",3,40,91,69,22
050,40,003,"Oklahoma","Alfalfa County",3,41,98,77,21
050,40,003,"Oklahoma","Alfalfa County",3,42,118,95,23
050,40,003,"Oklahoma","Alfalfa County",3,43,106,83,23
050,40,003,"Oklahoma","Alfalfa County",3,44,90,67,23
050,40,003,"Oklahoma","Alfalfa County",3,45,83,64,19
050,40,003,"Oklahoma","Alfalfa County",3,46,93,70,23
050,40,003,"Oklahoma","Alfalfa County",3,47,93,74,19
050,40,003,"Oklahoma","Alfalfa County",3,48,87,68,19
050,40,003,"Oklahoma","Alfalfa County",3,49,87,60,27
050,40,003,"Oklahoma","Alfalfa County",3,50,108,86,22
050,40,003,"Oklahoma","Alfalfa County",3,51,92,71,21
050,40,003,"Oklahoma","Alfalfa County",3,52,83,59,24
050,40,003,"Oklahoma","Alfalfa County",3,53,81,56,25
050,40,003,"Oklahoma","Alfalfa County",3,54,68,45,23
050,40,003,"Oklahoma","Alfalfa County",3,55,67,42,25
050,40,003,"Oklahoma","Alfalfa County",3,56,67,45,22
050,40,003,"Oklahoma","Alfalfa County",3,57,65,41,24
050,40,003,"Oklahoma","Alfalfa County",3,58,87,54,33
050,40,003,"Oklahoma","Alfalfa County",3,59,77,41,36
050,40,003,"Oklahoma","Alfalfa County",3,60,73,43,30
050,40,003,"Oklahoma","Alfalfa County",3,61,72,46,26
050,40,003,"Oklahoma","Alfalfa County",3,62,72,46,26
050,40,003,"Oklahoma","Alfalfa County",3,63,76,42,34
050,40,003,"Oklahoma","Alfalfa County",3,64,76,43,33
050,40,003,"Oklahoma","Alfalfa County",3,65,81,46,35
050,40,003,"Oklahoma","Alfalfa County",3,66,84,52,32
050,40,003,"Oklahoma","Alfalfa County",3,67,75,47,28
050,40,003,"Oklahoma","Alfalfa County",3,68,68,42,26
050,40,003,"Oklahoma","Alfalfa County",3,69,65,31,34
050,40,003,"Oklahoma","Alfalfa County",3,70,65,35,30
050,40,003,"Oklahoma","Alfalfa County",3,71,59,32,27
050,40,003,"Oklahoma","Alfalfa County",3,72,47,24,23
050,40,003,"Oklahoma","Alfalfa County",3,73,41,18,23
050,40,003,"Oklahoma","Alfalfa County",3,74,47,22,25
050,40,003,"Oklahoma","Alfalfa County",3,75,35,17,18
050,40,003,"Oklahoma","Alfalfa County",3,76,43,25,18
050,40,003,"Oklahoma","Alfalfa County",3,77,40,18,22
050,40,003,"Oklahoma","Alfalfa County",3,78,36,12,24
050,40,003,"Oklahoma","Alfalfa County",3,79,32,13,19
050,40,003,"Oklahoma","Alfalfa County",3,80,33,13,20
050,40,003,"Oklahoma","Alfalfa County",3,81,34,18,16
050,40,003,"Oklahoma","Alfalfa County",3,82,24,13,11
050,40,003,"Oklahoma","Alfalfa County",3,83,32,15,17
050,40,003,"Oklahoma","Alfalfa County",3,84,28,13,15
050,40,003,"Oklahoma","Alfalfa County",3,85,134,59,75
050,40,003,"Oklahoma","Alfalfa County",4,0,40,19,21
050,40,003,"Oklahoma","Alfalfa County",4,1,45,26,19
050,40,003,"Oklahoma","Alfalfa County",4,2,49,30,19
050,40,003,"Oklahoma","Alfalfa County",4,3,57,34,23
050,40,003,"Oklahoma","Alfalfa County",4,4,57,29,28
050,40,003,"Oklahoma","Alfalfa County",4,5,56,29,27
050,40,003,"Oklahoma","Alfalfa County",4,6,65,37,28
050,40,003,"Oklahoma","Alfalfa County",4,7,65,30,35
050,40,003,"Oklahoma","Alfalfa County",4,8,68,40,28
050,40,003,"Oklahoma","Alfalfa County",4,9,72,41,31
050,40,003,"Oklahoma","Alfalfa County",4,10,65,30,35
050,40,003,"Oklahoma","Alfalfa County",4,11,75,38,37
050,40,003,"Oklahoma","Alfalfa County",4,12,67,35,32
050,40,003,"Oklahoma","Alfalfa County",4,13,64,37,27
050,40,003,"Oklahoma","Alfalfa County",4,14,68,32,36
050,40,003,"Oklahoma","Alfalfa County",4,15,60,28,32
050,40,003,"Oklahoma","Alfalfa County",4,16,48,28,20
050,40,003,"Oklahoma","Alfalfa County",4,17,65,35,30
050,40,003,"Oklahoma","Alfalfa County",4,18,47,23,24
050,40,003,"Oklahoma","Alfalfa County",4,19,42,23,19
050,40,003,"Oklahoma","Alfalfa County",4,20,40,24,16
050,40,003,"Oklahoma","Alfalfa County",4,21,41,19,22
050,40,003,"Oklahoma","Alfalfa County",4,22,43,22,21
050,40,003,"Oklahoma","Alfalfa County",4,23,46,24,22
050,40,003,"Oklahoma","Alfalfa County",4,24,49,27,22
050,40,003,"Oklahoma","Alfalfa County",4,25,42,28,14
050,40,003,"Oklahoma","Alfalfa County",4,26,61,34,27
050,40,003,"Oklahoma","Alfalfa County",4,27,52,29,23
050,40,003,"Oklahoma","Alfalfa County",4,28,52,30,22
050,40,003,"Oklahoma","Alfalfa County",4,29,59,36,23
050,40,003,"Oklahoma","Alfalfa County",4,30,59,41,18
050,40,003,"Oklahoma","Alfalfa County",4,31,63,38,25
050,40,003,"Oklahoma","Alfalfa County",4,32,55,27,28
050,40,003,"Oklahoma","Alfalfa County",4,33,72,37,35
050,40,003,"Oklahoma","Alfalfa County",4,34,68,49,19
050,40,003,"Oklahoma","Alfalfa County",4,35,91,59,32
050,40,003,"Oklahoma","Alfalfa County",4,36,102,73,29
050,40,003,"Oklahoma","Alfalfa County",4,37,99,81,18
050,40,003,"Oklahoma","Alfalfa County",4,38,104,80,24
050,40,003,"Oklahoma","Alfalfa County",4,39,105,78,27
050,40,003,"Oklahoma","Alfalfa County",4,40,98,74,24
050,40,003,"Oklahoma","Alfalfa County",4,41,97,76,21
050,40,003,"Oklahoma","Alfalfa County",4,42,118,98,20
050,40,003,"Oklahoma","Alfalfa County",4,43,99,80,19
050,40,003,"Oklahoma","Alfalfa County",4,44,93,71,22
050,40,003,"Oklahoma","Alfalfa County",4,45,96,73,23
050,40,003,"Oklahoma","Alfalfa County",4,46,82,61,21
050,40,003,"Oklahoma","Alfalfa County",4,47,101,77,24
050,40,003,"Oklahoma","Alfalfa County",4,48,80,64,16
050,40,003,"Oklahoma","Alfalfa County",4,49,80,60,20
050,40,003,"Oklahoma","Alfalfa County",4,50,112,86,26
050,40,003,"Oklahoma","Alfalfa County",4,51,89,71,18
050,40,003,"Oklahoma","Alfalfa County",4,52,86,65,21
050,40,003,"Oklahoma","Alfalfa County",4,53,76,52,24
050,40,003,"Oklahoma","Alfalfa County",4,54,66,41,25
050,40,003,"Oklahoma","Alfalfa County",4,55,70,46,24
050,40,003,"Oklahoma","Alfalfa County",4,56,68,42,26
050,40,003,"Oklahoma","Alfalfa County",4,57,56,31,25
050,40,003,"Oklahoma","Alfalfa County",4,58,73,49,24
050,40,003,"Oklahoma","Alfalfa County",4,59,78,45,33
050,40,003,"Oklahoma","Alfalfa County",4,60,84,51,33
050,40,003,"Oklahoma","Alfalfa County",4,61,72,45,27
050,40,003,"Oklahoma","Alfalfa County",4,62,59,36,23
050,40,003,"Oklahoma","Alfalfa County",4,63,68,44,24
050,40,003,"Oklahoma","Alfalfa County",4,64,73,40,33
050,40,003,"Oklahoma","Alfalfa County",4,65,78,45,33
050,40,003,"Oklahoma","Alfalfa County",4,66,90,57,33
050,40,003,"Oklahoma","Alfalfa County",4,67,75,42,33
050,40,003,"Oklahoma","Alfalfa County",4,68,74,44,30
050,40,003,"Oklahoma","Alfalfa County",4,69,67,40,27
050,40,003,"Oklahoma","Alfalfa County",4,70,64,30,34
050,40,003,"Oklahoma","Alfalfa County",4,71,63,32,31
050,40,003,"Oklahoma","Alfalfa County",4,72,59,32,27
050,40,003,"Oklahoma","Alfalfa County",4,73,47,23,24
050,40,003,"Oklahoma","Alfalfa County",4,74,41,18,23
050,40,003,"Oklahoma","Alfalfa County",4,75,44,19,25
050,40,003,"Oklahoma","Alfalfa County",4,76,33,17,16
050,40,003,"Oklahoma","Alfalfa County",4,77,42,24,18
050,40,003,"Oklahoma","Alfalfa County",4,78,39,17,22
050,40,003,"Oklahoma","Alfalfa County",4,79,34,11,23
050,40,003,"Oklahoma","Alfalfa County",4,80,31,13,18
050,40,003,"Oklahoma","Alfalfa County",4,81,31,12,19
050,40,003,"Oklahoma","Alfalfa County",4,82,30,15,15
050,40,003,"Oklahoma","Alfalfa County",4,83,23,12,11
050,40,003,"Oklahoma","Alfalfa County",4,84,27,12,15
050,40,003,"Oklahoma","Alfalfa County",4,85,145,61,84
050,40,003,"Oklahoma","Alfalfa County",5,0,41,20,21
050,40,003,"Oklahoma","Alfalfa County",5,1,53,23,30
050,40,003,"Oklahoma","Alfalfa County",5,2,44,24,20
050,40,003,"Oklahoma","Alfalfa County",5,3,45,28,17
050,40,003,"Oklahoma","Alfalfa County",5,4,61,34,27
050,40,003,"Oklahoma","Alfalfa County",5,5,57,29,28
050,40,003,"Oklahoma","Alfalfa County",5,6,61,30,31
050,40,003,"Oklahoma","Alfalfa County",5,7,59,34,25
050,40,003,"Oklahoma","Alfalfa County",5,8,59,31,28
050,40,003,"Oklahoma","Alfalfa County",5,9,60,35,25
050,40,003,"Oklahoma","Alfalfa County",5,10,74,42,32
050,40,003,"Oklahoma","Alfalfa County",5,11,60,27,33
050,40,003,"Oklahoma","Alfalfa County",5,12,75,36,39
050,40,003,"Oklahoma","Alfalfa County",5,13,59,31,28
050,40,003,"Oklahoma","Alfalfa County",5,14,67,36,31
050,40,003,"Oklahoma","Alfalfa County",5,15,66,34,32
050,40,003,"Oklahoma","Alfalfa County",5,16,62,31,31
050,40,003,"Oklahoma","Alfalfa County",5,17,50,29,21
050,40,003,"Oklahoma","Alfalfa County",5,18,55,28,27
050,40,003,"Oklahoma","Alfalfa County",5,19,38,21,17
050,40,003,"Oklahoma","Alfalfa County",5,20,38,21,17
050,40,003,"Oklahoma","Alfalfa County",5,21,32,20,12
050,40,003,"Oklahoma","Alfalfa County",5,22,46,23,23
050,40,003,"Oklahoma","Alfalfa County",5,23,36,19,17
050,40,003,"Oklahoma","Alfalfa County",5,24,44,24,20
050,40,003,"Oklahoma","Alfalfa County",5,25,57,34,23
050,40,003,"Oklahoma","Alfalfa County",5,26,56,40,16
050,40,003,"Oklahoma","Alfalfa County",5,27,71,43,28
050,40,003,"Oklahoma","Alfalfa County",5,28,47,23,24
050,40,003,"Oklahoma","Alfalfa County",5,29,49,28,21
050,40,003,"Oklahoma","Alfalfa County",5,30,64,39,25
050,40,003,"Oklahoma","Alfalfa County",5,31,64,45,19
050,40,003,"Oklahoma","Alfalfa County",5,32,59,34,25
050,40,003,"Oklahoma","Alfalfa County",5,33,65,37,28
050,40,003,"Oklahoma","Alfalfa County",5,34,75,40,35
050,40,003,"Oklahoma","Alfalfa County",5,35,80,59,21
050,40,003,"Oklahoma","Alfalfa County",5,36,109,76,33
050,40,003,"Oklahoma","Alfalfa County",5,37,104,75,29
050,40,003,"Oklahoma","Alfalfa County",5,38,102,84,18
050,40,003,"Oklahoma","Alfalfa County",5,39,107,82,25
050,40,003,"Oklahoma","Alfalfa County",5,40,100,74,26
050,40,003,"Oklahoma","Alfalfa County",5,41,102,79,23
050,40,003,"Oklahoma","Alfalfa County",5,42,111,92,19
050,40,003,"Oklahoma","Alfalfa County",5,43,99,79,20
050,40,003,"Oklahoma","Alfalfa County",5,44,95,76,19
050,40,003,"Oklahoma","Alfalfa County",5,45,99,75,24
050,40,003,"Oklahoma","Alfalfa County",5,46,97,74,23
050,40,003,"Oklahoma","Alfalfa County",5,47,94,68,26
050,40,003,"Oklahoma","Alfalfa County",5,48,86,65,21
050,40,003,"Oklahoma","Alfalfa County",5,49,69,53,16
050,40,003,"Oklahoma","Alfalfa County",5,50,106,86,20
050,40,003,"Oklahoma","Alfalfa County",5,51,101,74,27
050,40,003,"Oklahoma","Alfalfa County",5,52,86,68,18
050,40,003,"Oklahoma","Alfalfa County",5,53,82,60,22
050,40,003,"Oklahoma","Alfalfa County",5,54,61,37,24
050,40,003,"Oklahoma","Alfalfa County",5,55,62,40,22
050,40,003,"Oklahoma","Alfalfa County",5,56,70,46,24
050,40,003,"Oklahoma","Alfalfa County",5,57,54,28,26
050,40,003,"Oklahoma","Alfalfa County",5,58,67,42,25
050,40,003,"Oklahoma","Alfalfa County",5,59,64,41,23
050,40,003,"Oklahoma","Alfalfa County",5,60,80,51,29
050,40,003,"Oklahoma","Alfalfa County",5,61,88,54,34
050,40,003,"Oklahoma","Alfalfa County",5,62,65,39,26
050,40,003,"Oklahoma","Alfalfa County",5,63,53,32,21
050,40,003,"Oklahoma","Alfalfa County",5,64,62,40,22
050,40,003,"Oklahoma","Alfalfa County",5,65,73,39,34
050,40,003,"Oklahoma","Alfalfa County",5,66,90,55,35
050,40,003,"Oklahoma","Alfalfa County",5,67,78,45,33
050,40,003,"Oklahoma","Alfalfa County",5,68,76,43,33
050,40,003,"Oklahoma","Alfalfa County",5,69,74,43,31
050,40,003,"Oklahoma","Alfalfa County",5,70,67,40,27
050,40,003,"Oklahoma","Alfalfa County",5,71,60,28,32
050,40,003,"Oklahoma","Alfalfa County",5,72,64,33,31
050,40,003,"Oklahoma","Alfalfa County",5,73,58,31,27
050,40,003,"Oklahoma","Alfalfa County",5,74,48,24,24
050,40,003,"Oklahoma","Alfalfa County",5,75,40,15,25
050,40,003,"Oklahoma","Alfalfa County",5,76,43,20,23
050,40,003,"Oklahoma","Alfalfa County",5,77,32,16,16
050,40,003,"Oklahoma","Alfalfa County",5,78,42,23,19
050,40,003,"Oklahoma","Alfalfa County",5,79,36,16,20
050,40,003,"Oklahoma","Alfalfa County",5,80,33,11,22
050,40,003,"Oklahoma","Alfalfa County",5,81,26,9,17
050,40,003,"Oklahoma","Alfalfa County",5,82,28,10,18
050,40,003,"Oklahoma","Alfalfa County",5,83,29,14,15
050,40,003,"Oklahoma","Alfalfa County",5,84,17,8,9
050,40,003,"Oklahoma","Alfalfa County",5,85,155,62,93
050,40,005,"Oklahoma","Atoka County",1,0,145,75,70
050,40,005,"Oklahoma","Atoka County",1,1,146,81,65
050,40,005,"Oklahoma","Atoka County",1,2,153,77,76
050,40,005,"Oklahoma","Atoka County",1,3,159,82,77
050,40,005,"Oklahoma","Atoka County",1,4,155,81,74
050,40,005,"Oklahoma","Atoka County",1,5,186,109,77
050,40,005,"Oklahoma","Atoka County",1,6,171,91,80
050,40,005,"Oklahoma","Atoka County",1,7,170,83,87
050,40,005,"Oklahoma","Atoka County",1,8,197,94,103
050,40,005,"Oklahoma","Atoka County",1,9,181,98,83
050,40,005,"Oklahoma","Atoka County",1,10,176,97,79
050,40,005,"Oklahoma","Atoka County",1,11,170,88,82
050,40,005,"Oklahoma","Atoka County",1,12,183,100,83
050,40,005,"Oklahoma","Atoka County",1,13,183,96,87
050,40,005,"Oklahoma","Atoka County",1,14,173,90,83
050,40,005,"Oklahoma","Atoka County",1,15,159,84,75
050,40,005,"Oklahoma","Atoka County",1,16,169,86,83
050,40,005,"Oklahoma","Atoka County",1,17,176,90,86
050,40,005,"Oklahoma","Atoka County",1,18,144,76,68
050,40,005,"Oklahoma","Atoka County",1,19,133,76,57
050,40,005,"Oklahoma","Atoka County",1,20,149,92,57
050,40,005,"Oklahoma","Atoka County",1,21,144,88,56
050,40,005,"Oklahoma","Atoka County",1,22,146,86,60
050,40,005,"Oklahoma","Atoka County",1,23,150,93,57
050,40,005,"Oklahoma","Atoka County",1,24,172,123,49
050,40,005,"Oklahoma","Atoka County",1,25,197,135,62
050,40,005,"Oklahoma","Atoka County",1,26,191,112,79
050,40,005,"Oklahoma","Atoka County",1,27,239,149,90
050,40,005,"Oklahoma","Atoka County",1,28,235,153,82
050,40,005,"Oklahoma","Atoka County",1,29,213,140,73
050,40,005,"Oklahoma","Atoka County",1,30,219,147,72
050,40,005,"Oklahoma","Atoka County",1,31,190,117,73
050,40,005,"Oklahoma","Atoka County",1,32,163,95,68
050,40,005,"Oklahoma","Atoka County",1,33,196,117,79
050,40,005,"Oklahoma","Atoka County",1,34,201,112,89
050,40,005,"Oklahoma","Atoka County",1,35,181,110,71
050,40,005,"Oklahoma","Atoka County",1,36,213,134,79
050,40,005,"Oklahoma","Atoka County",1,37,182,103,79
050,40,005,"Oklahoma","Atoka County",1,38,210,139,71
050,40,005,"Oklahoma","Atoka County",1,39,223,151,72
050,40,005,"Oklahoma","Atoka County",1,40,180,111,69
050,40,005,"Oklahoma","Atoka County",1,41,181,122,59
050,40,005,"Oklahoma","Atoka County",1,42,190,114,76
050,40,005,"Oklahoma","Atoka County",1,43,169,107,62
050,40,005,"Oklahoma","Atoka County",1,44,173,115,58
050,40,005,"Oklahoma","Atoka County",1,45,144,76,68
050,40,005,"Oklahoma","Atoka County",1,46,167,103,64
050,40,005,"Oklahoma","Atoka County",1,47,173,101,72
050,40,005,"Oklahoma","Atoka County",1,48,202,116,86
050,40,005,"Oklahoma","Atoka County",1,49,181,102,79
050,40,005,"Oklahoma","Atoka County",1,50,168,107,61
050,40,005,"Oklahoma","Atoka County",1,51,157,87,70
050,40,005,"Oklahoma","Atoka County",1,52,142,79,63
050,40,005,"Oklahoma","Atoka County",1,53,176,99,77
050,40,005,"Oklahoma","Atoka County",1,54,169,89,80
050,40,005,"Oklahoma","Atoka County",1,55,165,81,84
050,40,005,"Oklahoma","Atoka County",1,56,176,98,78
050,40,005,"Oklahoma","Atoka County",1,57,178,95,83
050,40,005,"Oklahoma","Atoka County",1,58,187,93,94
050,40,005,"Oklahoma","Atoka County",1,59,169,84,85
050,40,005,"Oklahoma","Atoka County",1,60,179,101,78
050,40,005,"Oklahoma","Atoka County",1,61,189,95,94
050,40,005,"Oklahoma","Atoka County",1,62,190,91,99
050,40,005,"Oklahoma","Atoka County",1,63,195,102,93
050,40,005,"Oklahoma","Atoka County",1,64,163,83,80
050,40,005,"Oklahoma","Atoka County",1,65,152,74,78
050,40,005,"Oklahoma","Atoka County",1,66,158,73,85
050,40,005,"Oklahoma","Atoka County",1,67,150,66,84
050,40,005,"Oklahoma","Atoka County",1,68,161,80,81
050,40,005,"Oklahoma","Atoka County",1,69,163,85,78
050,40,005,"Oklahoma","Atoka County",1,70,170,92,78
050,40,005,"Oklahoma","Atoka County",1,71,142,65,77
050,40,005,"Oklahoma","Atoka County",1,72,157,70,87
050,40,005,"Oklahoma","Atoka County",1,73,147,57,90
050,40,005,"Oklahoma","Atoka County",1,74,118,56,62
050,40,005,"Oklahoma","Atoka County",1,75,110,53,57
050,40,005,"Oklahoma","Atoka County",1,76,117,54,63
050,40,005,"Oklahoma","Atoka County",1,77,102,47,55
050,40,005,"Oklahoma","Atoka County",1,78,96,42,54
050,40,005,"Oklahoma","Atoka County",1,79,94,41,53
050,40,005,"Oklahoma","Atoka County",1,80,88,43,45
050,40,005,"Oklahoma","Atoka County",1,81,61,21,40
050,40,005,"Oklahoma","Atoka County",1,82,69,27,42
050,40,005,"Oklahoma","Atoka County",1,83,55,25,30
050,40,005,"Oklahoma","Atoka County",1,84,61,24,37
050,40,005,"Oklahoma","Atoka County",1,85,268,116,152
050,40,005,"Oklahoma","Atoka County",2,0,141,72,69
050,40,005,"Oklahoma","Atoka County",2,1,145,79,66
050,40,005,"Oklahoma","Atoka County",2,2,155,80,75
050,40,005,"Oklahoma","Atoka County",2,3,160,80,80
050,40,005,"Oklahoma","Atoka County",2,4,159,83,76
050,40,005,"Oklahoma","Atoka County",2,5,180,104,76
050,40,005,"Oklahoma","Atoka County",2,6,175,96,79
050,40,005,"Oklahoma","Atoka County",2,7,170,84,86
050,40,005,"Oklahoma","Atoka County",2,8,190,92,98
050,40,005,"Oklahoma","Atoka County",2,9,186,99,87
050,40,005,"Oklahoma","Atoka County",2,10,180,100,80
050,40,005,"Oklahoma","Atoka County",2,11,170,89,81
050,40,005,"Oklahoma","Atoka County",2,12,182,98,84
050,40,005,"Oklahoma","Atoka County",2,13,184,97,87
050,40,005,"Oklahoma","Atoka County",2,14,176,92,84
050,40,005,"Oklahoma","Atoka County",2,15,163,85,78
050,40,005,"Oklahoma","Atoka County",2,16,171,89,82
050,40,005,"Oklahoma","Atoka County",2,17,176,91,85
050,40,005,"Oklahoma","Atoka County",2,18,147,78,69
050,40,005,"Oklahoma","Atoka County",2,19,132,75,57
050,40,005,"Oklahoma","Atoka County",2,20,148,92,56
050,40,005,"Oklahoma","Atoka County",2,21,148,91,57
050,40,005,"Oklahoma","Atoka County",2,22,144,84,60
050,40,005,"Oklahoma","Atoka County",2,23,155,96,59
050,40,005,"Oklahoma","Atoka County",2,24,171,119,52
050,40,005,"Oklahoma","Atoka County",2,25,196,136,60
050,40,005,"Oklahoma","Atoka County",2,26,188,113,75
050,40,005,"Oklahoma","Atoka County",2,27,235,149,86
050,40,005,"Oklahoma","Atoka County",2,28,236,151,85
050,40,005,"Oklahoma","Atoka County",2,29,218,142,76
050,40,005,"Oklahoma","Atoka County",2,30,224,151,73
050,40,005,"Oklahoma","Atoka County",2,31,190,119,71
050,40,005,"Oklahoma","Atoka County",2,32,170,99,71
050,40,005,"Oklahoma","Atoka County",2,33,191,114,77
050,40,005,"Oklahoma","Atoka County",2,34,196,111,85
050,40,005,"Oklahoma","Atoka County",2,35,188,111,77
050,40,005,"Oklahoma","Atoka County",2,36,208,130,78
050,40,005,"Oklahoma","Atoka County",2,37,183,104,79
050,40,005,"Oklahoma","Atoka County",2,38,214,138,76
050,40,005,"Oklahoma","Atoka County",2,39,220,148,72
050,40,005,"Oklahoma","Atoka County",2,40,189,117,72
050,40,005,"Oklahoma","Atoka County",2,41,180,117,63
050,40,005,"Oklahoma","Atoka County",2,42,187,114,73
050,40,005,"Oklahoma","Atoka County",2,43,177,110,67
050,40,005,"Oklahoma","Atoka County",2,44,173,114,59
050,40,005,"Oklahoma","Atoka County",2,45,147,81,66
050,40,005,"Oklahoma","Atoka County",2,46,164,99,65
050,40,005,"Oklahoma","Atoka County",2,47,171,101,70
050,40,005,"Oklahoma","Atoka County",2,48,202,118,84
050,40,005,"Oklahoma","Atoka County",2,49,183,103,80
050,40,005,"Oklahoma","Atoka County",2,50,173,108,65
050,40,005,"Oklahoma","Atoka County",2,51,157,89,68
050,40,005,"Oklahoma","Atoka County",2,52,145,80,65
050,40,005,"Oklahoma","Atoka County",2,53,168,96,72
050,40,005,"Oklahoma","Atoka County",2,54,167,88,79
050,40,005,"Oklahoma","Atoka County",2,55,164,81,83
050,40,005,"Oklahoma","Atoka County",2,56,174,95,79
050,40,005,"Oklahoma","Atoka County",2,57,176,95,81
050,40,005,"Oklahoma","Atoka County",2,58,186,95,91
050,40,005,"Oklahoma","Atoka County",2,59,169,81,88
050,40,005,"Oklahoma","Atoka County",2,60,178,99,79
050,40,005,"Oklahoma","Atoka County",2,61,183,94,89
050,40,005,"Oklahoma","Atoka County",2,62,188,90,98
050,40,005,"Oklahoma","Atoka County",2,63,196,102,94
050,40,005,"Oklahoma","Atoka County",2,64,165,83,82
050,40,005,"Oklahoma","Atoka County",2,65,154,78,76
050,40,005,"Oklahoma","Atoka County",2,66,157,73,84
050,40,005,"Oklahoma","Atoka County",2,67,154,69,85
050,40,005,"Oklahoma","Atoka County",2,68,157,74,83
050,40,005,"Oklahoma","Atoka County",2,69,165,85,80
050,40,005,"Oklahoma","Atoka County",2,70,168,91,77
050,40,005,"Oklahoma","Atoka County",2,71,148,71,77
050,40,005,"Oklahoma","Atoka County",2,72,150,68,82
050,40,005,"Oklahoma","Atoka County",2,73,155,62,93
050,40,005,"Oklahoma","Atoka County",2,74,118,53,65
050,40,005,"Oklahoma","Atoka County",2,75,108,52,56
050,40,005,"Oklahoma","Atoka County",2,76,112,52,60
050,40,005,"Oklahoma","Atoka County",2,77,108,49,59
050,40,005,"Oklahoma","Atoka County",2,78,90,39,51
050,40,005,"Oklahoma","Atoka County",2,79,91,38,53
050,40,005,"Oklahoma","Atoka County",2,80,88,41,47
050,40,005,"Oklahoma","Atoka County",2,81,64,25,39
050,40,005,"Oklahoma","Atoka County",2,82,67,26,41
050,40,005,"Oklahoma","Atoka County",2,83,55,23,32
050,40,005,"Oklahoma","Atoka County",2,84,58,24,34
050,40,005,"Oklahoma","Atoka County",2,85,271,118,153
050,40,005,"Oklahoma","Atoka County",3,0,149,76,73
050,40,005,"Oklahoma","Atoka County",3,1,140,73,67
050,40,005,"Oklahoma","Atoka County",3,2,142,78,64
050,40,005,"Oklahoma","Atoka County",3,3,159,84,75
050,40,005,"Oklahoma","Atoka County",3,4,156,78,78
050,40,005,"Oklahoma","Atoka County",3,5,165,85,80
050,40,005,"Oklahoma","Atoka County",3,6,176,105,71
050,40,005,"Oklahoma","Atoka County",3,7,164,93,71
050,40,005,"Oklahoma","Atoka County",3,8,178,89,89
050,40,005,"Oklahoma","Atoka County",3,9,194,94,100
050,40,005,"Oklahoma","Atoka County",3,10,187,103,84
050,40,005,"Oklahoma","Atoka County",3,11,182,96,86
050,40,005,"Oklahoma","Atoka County",3,12,172,92,80
050,40,005,"Oklahoma","Atoka County",3,13,186,93,93
050,40,005,"Oklahoma","Atoka County",3,14,179,95,84
050,40,005,"Oklahoma","Atoka County",3,15,181,96,85
050,40,005,"Oklahoma","Atoka County",3,16,166,87,79
050,40,005,"Oklahoma","Atoka County",3,17,179,95,84
050,40,005,"Oklahoma","Atoka County",3,18,147,75,72
050,40,005,"Oklahoma","Atoka County",3,19,140,80,60
050,40,005,"Oklahoma","Atoka County",3,20,152,89,63
050,40,005,"Oklahoma","Atoka County",3,21,163,103,60
050,40,005,"Oklahoma","Atoka County",3,22,156,84,72
050,40,005,"Oklahoma","Atoka County",3,23,167,102,65
050,40,005,"Oklahoma","Atoka County",3,24,172,106,66
050,40,005,"Oklahoma","Atoka County",3,25,188,137,51
050,40,005,"Oklahoma","Atoka County",3,26,183,119,64
050,40,005,"Oklahoma","Atoka County",3,27,221,142,79
050,40,005,"Oklahoma","Atoka County",3,28,235,147,88
050,40,005,"Oklahoma","Atoka County",3,29,213,134,79
050,40,005,"Oklahoma","Atoka County",3,30,231,154,77
050,40,005,"Oklahoma","Atoka County",3,31,202,131,71
050,40,005,"Oklahoma","Atoka County",3,32,182,110,72
050,40,005,"Oklahoma","Atoka County",3,33,193,120,73
050,40,005,"Oklahoma","Atoka County",3,34,187,108,79
050,40,005,"Oklahoma","Atoka County",3,35,193,103,90
050,40,005,"Oklahoma","Atoka County",3,36,212,139,73
050,40,005,"Oklahoma","Atoka County",3,37,183,112,71
050,40,005,"Oklahoma","Atoka County",3,38,222,137,85
050,40,005,"Oklahoma","Atoka County",3,39,220,143,77
050,40,005,"Oklahoma","Atoka County",3,40,194,124,70
050,40,005,"Oklahoma","Atoka County",3,41,189,113,76
050,40,005,"Oklahoma","Atoka County",3,42,182,119,63
050,40,005,"Oklahoma","Atoka County",3,43,192,119,73
050,40,005,"Oklahoma","Atoka County",3,44,188,121,67
050,40,005,"Oklahoma","Atoka County",3,45,148,92,56
050,40,005,"Oklahoma","Atoka County",3,46,158,96,62
050,40,005,"Oklahoma","Atoka County",3,47,167,103,64
050,40,005,"Oklahoma","Atoka County",3,48,199,129,70
050,40,005,"Oklahoma","Atoka County",3,49,186,101,85
050,40,005,"Oklahoma","Atoka County",3,50,200,117,83
050,40,005,"Oklahoma","Atoka County",3,51,161,90,71
050,40,005,"Oklahoma","Atoka County",3,52,152,83,69
050,40,005,"Oklahoma","Atoka County",3,53,158,93,65
050,40,005,"Oklahoma","Atoka County",3,54,149,81,68
050,40,005,"Oklahoma","Atoka County",3,55,156,79,77
050,40,005,"Oklahoma","Atoka County",3,56,163,80,83
050,40,005,"Oklahoma","Atoka County",3,57,182,101,81
050,40,005,"Oklahoma","Atoka County",3,58,191,102,89
050,40,005,"Oklahoma","Atoka County",3,59,180,89,91
050,40,005,"Oklahoma","Atoka County",3,60,175,87,88
050,40,005,"Oklahoma","Atoka County",3,61,169,95,74
050,40,005,"Oklahoma","Atoka County",3,62,191,95,96
050,40,005,"Oklahoma","Atoka County",3,63,183,93,90
050,40,005,"Oklahoma","Atoka County",3,64,180,87,93
050,40,005,"Oklahoma","Atoka County",3,65,167,82,85
050,40,005,"Oklahoma","Atoka County",3,66,158,81,77
050,40,005,"Oklahoma","Atoka County",3,67,159,74,85
050,40,005,"Oklahoma","Atoka County",3,68,151,62,89
050,40,005,"Oklahoma","Atoka County",3,69,152,69,83
050,40,005,"Oklahoma","Atoka County",3,70,167,87,80
050,40,005,"Oklahoma","Atoka County",3,71,158,84,74
050,40,005,"Oklahoma","Atoka County",3,72,147,74,73
050,40,005,"Oklahoma","Atoka County",3,73,146,63,83
050,40,005,"Oklahoma","Atoka County",3,74,148,55,93
050,40,005,"Oklahoma","Atoka County",3,75,114,51,63
050,40,005,"Oklahoma","Atoka County",3,76,98,44,54
050,40,005,"Oklahoma","Atoka County",3,77,106,49,57
050,40,005,"Oklahoma","Atoka County",3,78,98,48,50
050,40,005,"Oklahoma","Atoka County",3,79,81,33,48
050,40,005,"Oklahoma","Atoka County",3,80,85,35,50
050,40,005,"Oklahoma","Atoka County",3,81,87,42,45
050,40,005,"Oklahoma","Atoka County",3,82,61,20,41
050,40,005,"Oklahoma","Atoka County",3,83,64,26,38
050,40,005,"Oklahoma","Atoka County",3,84,53,19,34
050,40,005,"Oklahoma","Atoka County",3,85,284,124,160
050,40,005,"Oklahoma","Atoka County",4,0,129,71,58
050,40,005,"Oklahoma","Atoka County",4,1,166,81,85
050,40,005,"Oklahoma","Atoka County",4,2,139,76,63
050,40,005,"Oklahoma","Atoka County",4,3,148,82,66
050,40,005,"Oklahoma","Atoka County",4,4,160,84,76
050,40,005,"Oklahoma","Atoka County",4,5,156,80,76
050,40,005,"Oklahoma","Atoka County",4,6,158,80,78
050,40,005,"Oklahoma","Atoka County",4,7,166,93,73
050,40,005,"Oklahoma","Atoka County",4,8,170,95,75
050,40,005,"Oklahoma","Atoka County",4,9,178,92,86
050,40,005,"Oklahoma","Atoka County",4,10,197,92,105
050,40,005,"Oklahoma","Atoka County",4,11,185,95,90
050,40,005,"Oklahoma","Atoka County",4,12,183,93,90
050,40,005,"Oklahoma","Atoka County",4,13,174,87,87
050,40,005,"Oklahoma","Atoka County",4,14,182,86,96
050,40,005,"Oklahoma","Atoka County",4,15,184,100,84
050,40,005,"Oklahoma","Atoka County",4,16,171,90,81
050,40,005,"Oklahoma","Atoka County",4,17,165,85,80
050,40,005,"Oklahoma","Atoka County",4,18,143,75,68
050,40,005,"Oklahoma","Atoka County",4,19,129,73,56
050,40,005,"Oklahoma","Atoka County",4,20,155,90,65
050,40,005,"Oklahoma","Atoka County",4,21,153,92,61
050,40,005,"Oklahoma","Atoka County",4,22,156,89,67
050,40,005,"Oklahoma","Atoka County",4,23,181,107,74
050,40,005,"Oklahoma","Atoka County",4,24,188,122,66
050,40,005,"Oklahoma","Atoka County",4,25,192,122,70
050,40,005,"Oklahoma","Atoka County",4,26,173,117,56
050,40,005,"Oklahoma","Atoka County",4,27,218,155,63
050,40,005,"Oklahoma","Atoka County",4,28,223,140,83
050,40,005,"Oklahoma","Atoka County",4,29,215,133,82
050,40,005,"Oklahoma","Atoka County",4,30,230,148,82
050,40,005,"Oklahoma","Atoka County",4,31,210,131,79
050,40,005,"Oklahoma","Atoka County",4,32,195,117,78
050,40,005,"Oklahoma","Atoka County",4,33,202,128,74
050,40,005,"Oklahoma","Atoka County",4,34,188,108,80
050,40,005,"Oklahoma","Atoka County",4,35,172,96,76
050,40,005,"Oklahoma","Atoka County",4,36,213,126,87
050,40,005,"Oklahoma","Atoka County",4,37,195,115,80
050,40,005,"Oklahoma","Atoka County",4,38,216,142,74
050,40,005,"Oklahoma","Atoka County",4,39,219,135,84
050,40,005,"Oklahoma","Atoka County",4,40,199,121,78
050,40,005,"Oklahoma","Atoka County",4,41,190,118,72
050,40,005,"Oklahoma","Atoka County",4,42,177,111,66
050,40,005,"Oklahoma","Atoka County",4,43,172,116,56
050,40,005,"Oklahoma","Atoka County",4,44,210,132,78
050,40,005,"Oklahoma","Atoka County",4,45,159,92,67
050,40,005,"Oklahoma","Atoka County",4,46,162,103,59
050,40,005,"Oklahoma","Atoka County",4,47,156,93,63
050,40,005,"Oklahoma","Atoka County",4,48,187,125,62
050,40,005,"Oklahoma","Atoka County",4,49,188,119,69
050,40,005,"Oklahoma","Atoka County",4,50,196,112,84
050,40,005,"Oklahoma","Atoka County",4,51,187,102,85
050,40,005,"Oklahoma","Atoka County",4,52,156,83,73
050,40,005,"Oklahoma","Atoka County",4,53,164,97,67
050,40,005,"Oklahoma","Atoka County",4,54,155,86,69
050,40,005,"Oklahoma","Atoka County",4,55,138,70,68
050,40,005,"Oklahoma","Atoka County",4,56,156,80,76
050,40,005,"Oklahoma","Atoka County",4,57,170,85,85
050,40,005,"Oklahoma","Atoka County",4,58,187,107,80
050,40,005,"Oklahoma","Atoka County",4,59,183,89,94
050,40,005,"Oklahoma","Atoka County",4,60,182,94,88
050,40,005,"Oklahoma","Atoka County",4,61,176,89,87
050,40,005,"Oklahoma","Atoka County",4,62,161,87,74
050,40,005,"Oklahoma","Atoka County",4,63,192,93,99
050,40,005,"Oklahoma","Atoka County",4,64,184,86,98
050,40,005,"Oklahoma","Atoka County",4,65,183,87,96
050,40,005,"Oklahoma","Atoka County",4,66,169,81,88
050,40,005,"Oklahoma","Atoka County",4,67,158,83,75
050,40,005,"Oklahoma","Atoka County",4,68,154,67,87
050,40,005,"Oklahoma","Atoka County",4,69,140,55,85
050,40,005,"Oklahoma","Atoka County",4,70,154,71,83
050,40,005,"Oklahoma","Atoka County",4,71,160,83,77
050,40,005,"Oklahoma","Atoka County",4,72,157,84,73
050,40,005,"Oklahoma","Atoka County",4,73,141,69,72
050,40,005,"Oklahoma","Atoka County",4,74,141,59,82
050,40,005,"Oklahoma","Atoka County",4,75,148,57,91
050,40,005,"Oklahoma","Atoka County",4,76,107,48,59
050,40,005,"Oklahoma","Atoka County",4,77,102,45,57
050,40,005,"Oklahoma","Atoka County",4,78,102,51,51
050,40,005,"Oklahoma","Atoka County",4,79,97,47,50
050,40,005,"Oklahoma","Atoka County",4,80,75,30,45
050,40,005,"Oklahoma","Atoka County",4,81,78,35,43
050,40,005,"Oklahoma","Atoka County",4,82,83,37,46
050,40,005,"Oklahoma","Atoka County",4,83,60,19,41
050,40,005,"Oklahoma","Atoka County",4,84,65,26,39
050,40,005,"Oklahoma","Atoka County",4,85,289,128,161
050,40,005,"Oklahoma","Atoka County",5,0,129,71,58
050,40,005,"Oklahoma","Atoka County",5,1,134,70,64
050,40,005,"Oklahoma","Atoka County",5,2,168,87,81
050,40,005,"Oklahoma","Atoka County",5,3,143,74,69
050,40,005,"Oklahoma","Atoka County",5,4,151,84,67
050,40,005,"Oklahoma","Atoka County",5,5,169,84,85
050,40,005,"Oklahoma","Atoka County",5,6,157,80,77
050,40,005,"Oklahoma","Atoka County",5,7,168,88,80
050,40,005,"Oklahoma","Atoka County",5,8,181,105,76
050,40,005,"Oklahoma","Atoka County",5,9,176,98,78
050,40,005,"Oklahoma","Atoka County",5,10,195,103,92
050,40,005,"Oklahoma","Atoka County",5,11,193,91,102
050,40,005,"Oklahoma","Atoka County",5,12,179,91,88
050,40,005,"Oklahoma","Atoka County",5,13,192,101,91
050,40,005,"Oklahoma","Atoka County",5,14,170,87,83
050,40,005,"Oklahoma","Atoka County",5,15,194,90,104
050,40,005,"Oklahoma","Atoka County",5,16,181,102,79
050,40,005,"Oklahoma","Atoka County",5,17,170,91,79
050,40,005,"Oklahoma","Atoka County",5,18,141,76,65
050,40,005,"Oklahoma","Atoka County",5,19,133,72,61
050,40,005,"Oklahoma","Atoka County",5,20,150,91,59
050,40,005,"Oklahoma","Atoka County",5,21,160,97,63
050,40,005,"Oklahoma","Atoka County",5,22,161,93,68
050,40,005,"Oklahoma","Atoka County",5,23,196,123,73
050,40,005,"Oklahoma","Atoka County",5,24,196,118,78
050,40,005,"Oklahoma","Atoka County",5,25,208,137,71
050,40,005,"Oklahoma","Atoka County",5,26,175,104,71
050,40,005,"Oklahoma","Atoka County",5,27,199,140,59
050,40,005,"Oklahoma","Atoka County",5,28,241,166,75
050,40,005,"Oklahoma","Atoka County",5,29,220,137,83
050,40,005,"Oklahoma","Atoka County",5,30,241,154,87
050,40,005,"Oklahoma","Atoka County",5,31,210,125,85
050,40,005,"Oklahoma","Atoka County",5,32,201,117,84
050,40,005,"Oklahoma","Atoka County",5,33,215,135,80
050,40,005,"Oklahoma","Atoka County",5,34,195,115,80
050,40,005,"Oklahoma","Atoka County",5,35,183,100,83
050,40,005,"Oklahoma","Atoka County",5,36,190,115,75
050,40,005,"Oklahoma","Atoka County",5,37,205,113,92
050,40,005,"Oklahoma","Atoka County",5,38,240,154,86
050,40,005,"Oklahoma","Atoka County",5,39,217,144,73
050,40,005,"Oklahoma","Atoka County",5,40,194,112,82
050,40,005,"Oklahoma","Atoka County",5,41,190,109,81
050,40,005,"Oklahoma","Atoka County",5,42,184,113,71
050,40,005,"Oklahoma","Atoka County",5,43,180,112,68
050,40,005,"Oklahoma","Atoka County",5,44,178,120,58
050,40,005,"Oklahoma","Atoka County",5,45,185,109,76
050,40,005,"Oklahoma","Atoka County",5,46,170,103,67
050,40,005,"Oklahoma","Atoka County",5,47,164,105,59
050,40,005,"Oklahoma","Atoka County",5,48,182,117,65
050,40,005,"Oklahoma","Atoka County",5,49,174,112,62
050,40,005,"Oklahoma","Atoka County",5,50,203,131,72
050,40,005,"Oklahoma","Atoka County",5,51,180,89,91
050,40,005,"Oklahoma","Atoka County",5,52,184,97,87
050,40,005,"Oklahoma","Atoka County",5,53,165,92,73
050,40,005,"Oklahoma","Atoka County",5,54,156,87,69
050,40,005,"Oklahoma","Atoka County",5,55,143,68,75
050,40,005,"Oklahoma","Atoka County",5,56,135,68,67
050,40,005,"Oklahoma","Atoka County",5,57,162,85,77
050,40,005,"Oklahoma","Atoka County",5,58,181,88,93
050,40,005,"Oklahoma","Atoka County",5,59,175,94,81
050,40,005,"Oklahoma","Atoka County",5,60,185,93,92
050,40,005,"Oklahoma","Atoka County",5,61,185,97,88
050,40,005,"Oklahoma","Atoka County",5,62,178,88,90
050,40,005,"Oklahoma","Atoka County",5,63,163,88,75
050,40,005,"Oklahoma","Atoka County",5,64,182,84,98
050,40,005,"Oklahoma","Atoka County",5,65,180,82,98
050,40,005,"Oklahoma","Atoka County",5,66,187,88,99
050,40,005,"Oklahoma","Atoka County",5,67,168,83,85
050,40,005,"Oklahoma","Atoka County",5,68,153,78,75
050,40,005,"Oklahoma","Atoka County",5,69,147,64,83
050,40,005,"Oklahoma","Atoka County",5,70,140,57,83
050,40,005,"Oklahoma","Atoka County",5,71,145,64,81
050,40,005,"Oklahoma","Atoka County",5,72,164,87,77
050,40,005,"Oklahoma","Atoka County",5,73,146,74,72
050,40,005,"Oklahoma","Atoka County",5,74,135,64,71
050,40,005,"Oklahoma","Atoka County",5,75,136,57,79
050,40,005,"Oklahoma","Atoka County",5,76,139,52,87
050,40,005,"Oklahoma","Atoka County",5,77,107,47,60
050,40,005,"Oklahoma","Atoka County",5,78,98,45,53
050,40,005,"Oklahoma","Atoka County",5,79,95,46,49
050,40,005,"Oklahoma","Atoka County",5,80,85,39,46
050,40,005,"Oklahoma","Atoka County",5,81,69,29,40
050,40,005,"Oklahoma","Atoka County",5,82,75,31,44
050,40,005,"Oklahoma","Atoka County",5,83,81,37,44
050,40,005,"Oklahoma","Atoka County",5,84,59,17,42
050,40,005,"Oklahoma","Atoka County",5,85,311,140,171
050,40,007,"Oklahoma","Beaver County",1,0,46,24,22
050,40,007,"Oklahoma","Beaver County",1,1,44,28,16
050,40,007,"Oklahoma","Beaver County",1,2,59,39,20
050,40,007,"Oklahoma","Beaver County",1,3,57,40,17
050,40,007,"Oklahoma","Beaver County",1,4,69,35,34
050,40,007,"Oklahoma","Beaver County",1,5,67,27,40
050,40,007,"Oklahoma","Beaver County",1,6,61,32,29
050,40,007,"Oklahoma","Beaver County",1,7,64,32,32
050,40,007,"Oklahoma","Beaver County",1,8,65,31,34
050,40,007,"Oklahoma","Beaver County",1,9,74,39,35
050,40,007,"Oklahoma","Beaver County",1,10,74,37,37
050,40,007,"Oklahoma","Beaver County",1,11,90,43,47
050,40,007,"Oklahoma","Beaver County",1,12,79,41,38
050,40,007,"Oklahoma","Beaver County",1,13,90,49,41
050,40,007,"Oklahoma","Beaver County",1,14,97,55,42
050,40,007,"Oklahoma","Beaver County",1,15,89,50,39
050,40,007,"Oklahoma","Beaver County",1,16,103,50,53
050,40,007,"Oklahoma","Beaver County",1,17,108,52,56
050,40,007,"Oklahoma","Beaver County",1,18,68,35,33
050,40,007,"Oklahoma","Beaver County",1,19,57,32,25
050,40,007,"Oklahoma","Beaver County",1,20,55,27,28
050,40,007,"Oklahoma","Beaver County",1,21,58,36,22
050,40,007,"Oklahoma","Beaver County",1,22,46,23,23
050,40,007,"Oklahoma","Beaver County",1,23,45,24,21
050,40,007,"Oklahoma","Beaver County",1,24,50,28,22
050,40,007,"Oklahoma","Beaver County",1,25,51,28,23
050,40,007,"Oklahoma","Beaver County",1,26,49,21,28
050,40,007,"Oklahoma","Beaver County",1,27,57,27,30
050,40,007,"Oklahoma","Beaver County",1,28,61,36,25
050,40,007,"Oklahoma","Beaver County",1,29,64,37,27
050,40,007,"Oklahoma","Beaver County",1,30,53,30,23
050,40,007,"Oklahoma","Beaver County",1,31,50,30,20
050,40,007,"Oklahoma","Beaver County",1,32,48,24,24
050,40,007,"Oklahoma","Beaver County",1,33,49,26,23
050,40,007,"Oklahoma","Beaver County",1,34,49,29,20
050,40,007,"Oklahoma","Beaver County",1,35,56,28,28
050,40,007,"Oklahoma","Beaver County",1,36,56,28,28
050,40,007,"Oklahoma","Beaver County",1,37,58,30,28
050,40,007,"Oklahoma","Beaver County",1,38,61,32,29
050,40,007,"Oklahoma","Beaver County",1,39,60,28,32
050,40,007,"Oklahoma","Beaver County",1,40,57,30,27
050,40,007,"Oklahoma","Beaver County",1,41,63,29,34
050,40,007,"Oklahoma","Beaver County",1,42,58,28,30
050,40,007,"Oklahoma","Beaver County",1,43,53,26,27
050,40,007,"Oklahoma","Beaver County",1,44,50,23,27
050,40,007,"Oklahoma","Beaver County",1,45,47,22,25
050,40,007,"Oklahoma","Beaver County",1,46,46,28,18
050,40,007,"Oklahoma","Beaver County",1,47,59,26,33
050,40,007,"Oklahoma","Beaver County",1,48,56,26,30
050,40,007,"Oklahoma","Beaver County",1,49,67,30,37
050,40,007,"Oklahoma","Beaver County",1,50,63,40,23
050,40,007,"Oklahoma","Beaver County",1,51,49,30,19
050,40,007,"Oklahoma","Beaver County",1,52,46,20,26
050,40,007,"Oklahoma","Beaver County",1,53,57,28,29
050,40,007,"Oklahoma","Beaver County",1,54,69,35,34
050,40,007,"Oklahoma","Beaver County",1,55,71,39,32
050,40,007,"Oklahoma","Beaver County",1,56,73,31,42
050,40,007,"Oklahoma","Beaver County",1,57,65,31,34
050,40,007,"Oklahoma","Beaver County",1,58,60,29,31
050,40,007,"Oklahoma","Beaver County",1,59,73,31,42
050,40,007,"Oklahoma","Beaver County",1,60,80,39,41
050,40,007,"Oklahoma","Beaver County",1,61,69,39,30
050,40,007,"Oklahoma","Beaver County",1,62,60,34,26
050,40,007,"Oklahoma","Beaver County",1,63,61,34,27
050,40,007,"Oklahoma","Beaver County",1,64,66,34,32
050,40,007,"Oklahoma","Beaver County",1,65,63,37,26
050,40,007,"Oklahoma","Beaver County",1,66,65,40,25
050,40,007,"Oklahoma","Beaver County",1,67,61,32,29
050,40,007,"Oklahoma","Beaver County",1,68,57,29,28
050,40,007,"Oklahoma","Beaver County",1,69,58,28,30
050,40,007,"Oklahoma","Beaver County",1,70,54,25,29
050,40,007,"Oklahoma","Beaver County",1,71,49,21,28
050,40,007,"Oklahoma","Beaver County",1,72,54,27,27
050,40,007,"Oklahoma","Beaver County",1,73,60,26,34
050,40,007,"Oklahoma","Beaver County",1,74,47,25,22
050,40,007,"Oklahoma","Beaver County",1,75,37,20,17
050,40,007,"Oklahoma","Beaver County",1,76,34,20,14
050,40,007,"Oklahoma","Beaver County",1,77,40,19,21
050,40,007,"Oklahoma","Beaver County",1,78,38,22,16
050,40,007,"Oklahoma","Beaver County",1,79,27,17,10
050,40,007,"Oklahoma","Beaver County",1,80,23,13,10
050,40,007,"Oklahoma","Beaver County",1,81,21,9,12
050,40,007,"Oklahoma","Beaver County",1,82,26,13,13
050,40,007,"Oklahoma","Beaver County",1,83,21,8,13
050,40,007,"Oklahoma","Beaver County",1,84,23,9,14
050,40,007,"Oklahoma","Beaver County",1,85,140,60,80
050,40,007,"Oklahoma","Beaver County",2,0,51,29,22
050,40,007,"Oklahoma","Beaver County",2,1,45,28,17
050,40,007,"Oklahoma","Beaver County",2,2,55,37,18
050,40,007,"Oklahoma","Beaver County",2,3,56,38,18
050,40,007,"Oklahoma","Beaver County",2,4,67,37,30
050,40,007,"Oklahoma","Beaver County",2,5,67,28,39
050,40,007,"Oklahoma","Beaver County",2,6,62,31,31
050,40,007,"Oklahoma","Beaver County",2,7,61,31,30
050,40,007,"Oklahoma","Beaver County",2,8,65,31,34
050,40,007,"Oklahoma","Beaver County",2,9,71,37,34
050,40,007,"Oklahoma","Beaver County",2,10,74,37,37
050,40,007,"Oklahoma","Beaver County",2,11,88,43,45
050,40,007,"Oklahoma","Beaver County",2,12,83,42,41
050,40,007,"Oklahoma","Beaver County",2,13,88,47,41
050,40,007,"Oklahoma","Beaver County",2,14,96,54,42
050,40,007,"Oklahoma","Beaver County",2,15,91,50,41
050,40,007,"Oklahoma","Beaver County",2,16,100,50,50
050,40,007,"Oklahoma","Beaver County",2,17,105,50,55
050,40,007,"Oklahoma","Beaver County",2,18,73,37,36
050,40,007,"Oklahoma","Beaver County",2,19,57,30,27
050,40,007,"Oklahoma","Beaver County",2,20,56,28,28
050,40,007,"Oklahoma","Beaver County",2,21,57,34,23
050,40,007,"Oklahoma","Beaver County",2,22,49,26,23
050,40,007,"Oklahoma","Beaver County",2,23,45,23,22
050,40,007,"Oklahoma","Beaver County",2,24,49,28,21
050,40,007,"Oklahoma","Beaver County",2,25,51,28,23
050,40,007,"Oklahoma","Beaver County",2,26,49,22,27
050,40,007,"Oklahoma","Beaver County",2,27,56,26,30
050,40,007,"Oklahoma","Beaver County",2,28,61,34,27
050,40,007,"Oklahoma","Beaver County",2,29,63,37,26
050,40,007,"Oklahoma","Beaver County",2,30,56,32,24
050,40,007,"Oklahoma","Beaver County",2,31,49,29,20
050,40,007,"Oklahoma","Beaver County",2,32,48,25,23
050,40,007,"Oklahoma","Beaver County",2,33,48,25,23
050,40,007,"Oklahoma","Beaver County",2,34,49,29,20
050,40,007,"Oklahoma","Beaver County",2,35,53,27,26
050,40,007,"Oklahoma","Beaver County",2,36,55,27,28
050,40,007,"Oklahoma","Beaver County",2,37,57,30,27
050,40,007,"Oklahoma","Beaver County",2,38,61,32,29
050,40,007,"Oklahoma","Beaver County",2,39,59,29,30
050,40,007,"Oklahoma","Beaver County",2,40,58,30,28
050,40,007,"Oklahoma","Beaver County",2,41,62,30,32
050,40,007,"Oklahoma","Beaver County",2,42,59,28,31
050,40,007,"Oklahoma","Beaver County",2,43,55,26,29
050,40,007,"Oklahoma","Beaver County",2,44,49,23,26
050,40,007,"Oklahoma","Beaver County",2,45,44,21,23
050,40,007,"Oklahoma","Beaver County",2,46,46,26,20
050,40,007,"Oklahoma","Beaver County",2,47,56,27,29
050,40,007,"Oklahoma","Beaver County",2,48,56,26,30
050,40,007,"Oklahoma","Beaver County",2,49,64,29,35
050,40,007,"Oklahoma","Beaver County",2,50,63,37,26
050,40,007,"Oklahoma","Beaver County",2,51,53,33,20
050,40,007,"Oklahoma","Beaver County",2,52,46,22,24
050,40,007,"Oklahoma","Beaver County",2,53,54,26,28
050,40,007,"Oklahoma","Beaver County",2,54,65,33,32
050,40,007,"Oklahoma","Beaver County",2,55,69,37,32
050,40,007,"Oklahoma","Beaver County",2,56,73,33,40
050,40,007,"Oklahoma","Beaver County",2,57,66,31,35
050,40,007,"Oklahoma","Beaver County",2,58,62,30,32
050,40,007,"Oklahoma","Beaver County",2,59,69,29,40
050,40,007,"Oklahoma","Beaver County",2,60,78,37,41
050,40,007,"Oklahoma","Beaver County",2,61,70,38,32
050,40,007,"Oklahoma","Beaver County",2,62,61,35,26
050,40,007,"Oklahoma","Beaver County",2,63,61,34,27
050,40,007,"Oklahoma","Beaver County",2,64,65,35,30
050,40,007,"Oklahoma","Beaver County",2,65,63,36,27
050,40,007,"Oklahoma","Beaver County",2,66,63,39,24
050,40,007,"Oklahoma","Beaver County",2,67,62,34,28
050,40,007,"Oklahoma","Beaver County",2,68,58,30,28
050,40,007,"Oklahoma","Beaver County",2,69,57,28,29
050,40,007,"Oklahoma","Beaver County",2,70,56,26,30
050,40,007,"Oklahoma","Beaver County",2,71,50,22,28
050,40,007,"Oklahoma","Beaver County",2,72,51,25,26
050,40,007,"Oklahoma","Beaver County",2,73,60,27,33
050,40,007,"Oklahoma","Beaver County",2,74,47,25,22
050,40,007,"Oklahoma","Beaver County",2,75,37,19,18
050,40,007,"Oklahoma","Beaver County",2,76,34,19,15
050,40,007,"Oklahoma","Beaver County",2,77,41,20,21
050,40,007,"Oklahoma","Beaver County",2,78,37,21,16
050,40,007,"Oklahoma","Beaver County",2,79,27,16,11
050,40,007,"Oklahoma","Beaver County",2,80,24,14,10
050,40,007,"Oklahoma","Beaver County",2,81,22,10,12
050,40,007,"Oklahoma","Beaver County",2,82,24,12,12
050,40,007,"Oklahoma","Beaver County",2,83,22,9,13
050,40,007,"Oklahoma","Beaver County",2,84,23,9,14
050,40,007,"Oklahoma","Beaver County",2,85,142,60,82
050,40,007,"Oklahoma","Beaver County",3,0,44,26,18
050,40,007,"Oklahoma","Beaver County",3,1,61,32,29
050,40,007,"Oklahoma","Beaver County",3,2,38,22,16
050,40,007,"Oklahoma","Beaver County",3,3,54,33,21
050,40,007,"Oklahoma","Beaver County",3,4,58,36,22
050,40,007,"Oklahoma","Beaver County",3,5,61,36,25
050,40,007,"Oklahoma","Beaver County",3,6,68,29,39
050,40,007,"Oklahoma","Beaver County",3,7,64,32,32
050,40,007,"Oklahoma","Beaver County",3,8,56,29,27
050,40,007,"Oklahoma","Beaver County",3,9,71,35,36
050,40,007,"Oklahoma","Beaver County",3,10,67,37,30
050,40,007,"Oklahoma","Beaver County",3,11,71,34,37
050,40,007,"Oklahoma","Beaver County",3,12,89,44,45
050,40,007,"Oklahoma","Beaver County",3,13,78,37,41
050,40,007,"Oklahoma","Beaver County",3,14,92,50,42
050,40,007,"Oklahoma","Beaver County",3,15,87,48,39
050,40,007,"Oklahoma","Beaver County",3,16,95,53,42
050,40,007,"Oklahoma","Beaver County",3,17,100,52,48
050,40,007,"Oklahoma","Beaver County",3,18,83,38,45
050,40,007,"Oklahoma","Beaver County",3,19,59,30,29
050,40,007,"Oklahoma","Beaver County",3,20,52,26,26
050,40,007,"Oklahoma","Beaver County",3,21,50,27,23
050,40,007,"Oklahoma","Beaver County",3,22,57,35,22
050,40,007,"Oklahoma","Beaver County",3,23,48,26,22
050,40,007,"Oklahoma","Beaver County",3,24,39,22,17
050,40,007,"Oklahoma","Beaver County",3,25,41,22,19
050,40,007,"Oklahoma","Beaver County",3,26,53,28,25
050,40,007,"Oklahoma","Beaver County",3,27,52,22,30
050,40,007,"Oklahoma","Beaver County",3,28,62,32,30
050,40,007,"Oklahoma","Beaver County",3,29,66,33,33
050,40,007,"Oklahoma","Beaver County",3,30,59,33,26
050,40,007,"Oklahoma","Beaver County",3,31,55,30,25
050,40,007,"Oklahoma","Beaver County",3,32,59,34,25
050,40,007,"Oklahoma","Beaver County",3,33,51,28,23
050,40,007,"Oklahoma","Beaver County",3,34,49,27,22
050,40,007,"Oklahoma","Beaver County",3,35,50,30,20
050,40,007,"Oklahoma","Beaver County",3,36,51,24,27
050,40,007,"Oklahoma","Beaver County",3,37,57,30,27
050,40,007,"Oklahoma","Beaver County",3,38,62,33,29
050,40,007,"Oklahoma","Beaver County",3,39,60,32,28
050,40,007,"Oklahoma","Beaver County",3,40,63,32,31
050,40,007,"Oklahoma","Beaver County",3,41,58,27,31
050,40,007,"Oklahoma","Beaver County",3,42,66,36,30
050,40,007,"Oklahoma","Beaver County",3,43,59,28,31
050,40,007,"Oklahoma","Beaver County",3,44,58,28,30
050,40,007,"Oklahoma","Beaver County",3,45,46,21,25
050,40,007,"Oklahoma","Beaver County",3,46,42,20,22
050,40,007,"Oklahoma","Beaver County",3,47,46,26,20
050,40,007,"Oklahoma","Beaver County",3,48,59,30,29
050,40,007,"Oklahoma","Beaver County",3,49,58,27,31
050,40,007,"Oklahoma","Beaver County",3,50,64,27,37
050,40,007,"Oklahoma","Beaver County",3,51,62,35,27
050,40,007,"Oklahoma","Beaver County",3,52,56,35,21
050,40,007,"Oklahoma","Beaver County",3,53,50,24,26
050,40,007,"Oklahoma","Beaver County",3,54,58,30,28
050,40,007,"Oklahoma","Beaver County",3,55,68,34,34
050,40,007,"Oklahoma","Beaver County",3,56,66,34,32
050,40,007,"Oklahoma","Beaver County",3,57,73,31,42
050,40,007,"Oklahoma","Beaver County",3,58,62,30,32
050,40,007,"Oklahoma","Beaver County",3,59,64,31,33
050,40,007,"Oklahoma","Beaver County",3,60,75,33,42
050,40,007,"Oklahoma","Beaver County",3,61,74,35,39
050,40,007,"Oklahoma","Beaver County",3,62,74,41,33
050,40,007,"Oklahoma","Beaver County",3,63,59,34,25
050,40,007,"Oklahoma","Beaver County",3,64,61,34,27
050,40,007,"Oklahoma","Beaver County",3,65,65,35,30
050,40,007,"Oklahoma","Beaver County",3,66,63,35,28
050,40,007,"Oklahoma","Beaver County",3,67,59,38,21
050,40,007,"Oklahoma","Beaver County",3,68,63,36,27
050,40,007,"Oklahoma","Beaver County",3,69,52,24,28
050,40,007,"Oklahoma","Beaver County",3,70,58,28,30
050,40,007,"Oklahoma","Beaver County",3,71,58,26,32
050,40,007,"Oklahoma","Beaver County",3,72,47,21,26
050,40,007,"Oklahoma","Beaver County",3,73,47,22,25
050,40,007,"Oklahoma","Beaver County",3,74,58,28,30
050,40,007,"Oklahoma","Beaver County",3,75,41,20,21
050,40,007,"Oklahoma","Beaver County",3,76,35,18,17
050,40,007,"Oklahoma","Beaver County",3,77,33,19,14
050,40,007,"Oklahoma","Beaver County",3,78,41,22,19
050,40,007,"Oklahoma","Beaver County",3,79,33,18,15
050,40,007,"Oklahoma","Beaver County",3,80,25,15,10
050,40,007,"Oklahoma","Beaver County",3,81,24,13,11
050,40,007,"Oklahoma","Beaver County",3,82,18,7,11
050,40,007,"Oklahoma","Beaver County",3,83,21,11,10
050,40,007,"Oklahoma","Beaver County",3,84,21,8,13
050,40,007,"Oklahoma","Beaver County",3,85,142,59,83
050,40,007,"Oklahoma","Beaver County",4,0,58,33,25
050,40,007,"Oklahoma","Beaver County",4,1,52,29,23
050,40,007,"Oklahoma","Beaver County",4,2,62,33,29
050,40,007,"Oklahoma","Beaver County",4,3,38,20,18
050,40,007,"Oklahoma","Beaver County",4,4,51,29,22
050,40,007,"Oklahoma","Beaver County",4,5,52,32,20
050,40,007,"Oklahoma","Beaver County",4,6,66,36,30
050,40,007,"Oklahoma","Beaver County",4,7,63,27,36
050,40,007,"Oklahoma","Beaver County",4,8,61,30,31
050,40,007,"Oklahoma","Beaver County",4,9,58,31,27
050,40,007,"Oklahoma","Beaver County",4,10,71,36,35
050,40,007,"Oklahoma","Beaver County",4,11,69,39,30
050,40,007,"Oklahoma","Beaver County",4,12,70,36,34
050,40,007,"Oklahoma","Beaver County",4,13,90,44,46
050,40,007,"Oklahoma","Beaver County",4,14,80,43,37
050,40,007,"Oklahoma","Beaver County",4,15,91,51,40
050,40,007,"Oklahoma","Beaver County",4,16,97,51,46
050,40,007,"Oklahoma","Beaver County",4,17,98,53,45
050,40,007,"Oklahoma","Beaver County",4,18,87,44,43
050,40,007,"Oklahoma","Beaver County",4,19,72,34,38
050,40,007,"Oklahoma","Beaver County",4,20,60,28,32
050,40,007,"Oklahoma","Beaver County",4,21,55,25,30
050,40,007,"Oklahoma","Beaver County",4,22,50,26,24
050,40,007,"Oklahoma","Beaver County",4,23,61,33,28
050,40,007,"Oklahoma","Beaver County",4,24,50,26,24
050,40,007,"Oklahoma","Beaver County",4,25,35,20,15
050,40,007,"Oklahoma","Beaver County",4,26,43,21,22
050,40,007,"Oklahoma","Beaver County",4,27,57,31,26
050,40,007,"Oklahoma","Beaver County",4,28,48,22,26
050,40,007,"Oklahoma","Beaver County",4,29,63,34,29
050,40,007,"Oklahoma","Beaver County",4,30,63,29,34
050,40,007,"Oklahoma","Beaver County",4,31,60,33,27
050,40,007,"Oklahoma","Beaver County",4,32,53,26,27
050,40,007,"Oklahoma","Beaver County",4,33,56,32,24
050,40,007,"Oklahoma","Beaver County",4,34,47,23,24
050,40,007,"Oklahoma","Beaver County",4,35,53,32,21
050,40,007,"Oklahoma","Beaver County",4,36,50,28,22
050,40,007,"Oklahoma","Beaver County",4,37,57,26,31
050,40,007,"Oklahoma","Beaver County",4,38,60,32,28
050,40,007,"Oklahoma","Beaver County",4,39,61,33,28
050,40,007,"Oklahoma","Beaver County",4,40,57,32,25
050,40,007,"Oklahoma","Beaver County",4,41,63,33,30
050,40,007,"Oklahoma","Beaver County",4,42,61,32,29
050,40,007,"Oklahoma","Beaver County",4,43,71,38,33
050,40,007,"Oklahoma","Beaver County",4,44,65,29,36
050,40,007,"Oklahoma","Beaver County",4,45,53,27,26
050,40,007,"Oklahoma","Beaver County",4,46,47,22,25
050,40,007,"Oklahoma","Beaver County",4,47,43,23,20
050,40,007,"Oklahoma","Beaver County",4,48,48,28,20
050,40,007,"Oklahoma","Beaver County",4,49,61,29,32
050,40,007,"Oklahoma","Beaver County",4,50,60,28,32
050,40,007,"Oklahoma","Beaver County",4,51,65,28,37
050,40,007,"Oklahoma","Beaver County",4,52,62,34,28
050,40,007,"Oklahoma","Beaver County",4,53,62,36,26
050,40,007,"Oklahoma","Beaver County",4,54,53,24,29
050,40,007,"Oklahoma","Beaver County",4,55,58,30,28
050,40,007,"Oklahoma","Beaver County",4,56,68,34,34
050,40,007,"Oklahoma","Beaver County",4,57,63,35,28
050,40,007,"Oklahoma","Beaver County",4,58,75,31,44
050,40,007,"Oklahoma","Beaver County",4,59,63,33,30
050,40,007,"Oklahoma","Beaver County",4,60,68,34,34
050,40,007,"Oklahoma","Beaver County",4,61,72,30,42
050,40,007,"Oklahoma","Beaver County",4,62,73,33,40
050,40,007,"Oklahoma","Beaver County",4,63,73,41,32
050,40,007,"Oklahoma","Beaver County",4,64,63,37,26
050,40,007,"Oklahoma","Beaver County",4,65,58,32,26
050,40,007,"Oklahoma","Beaver County",4,66,67,35,32
050,40,007,"Oklahoma","Beaver County",4,67,59,32,27
050,40,007,"Oklahoma","Beaver County",4,68,59,38,21
050,40,007,"Oklahoma","Beaver County",4,69,58,32,26
050,40,007,"Oklahoma","Beaver County",4,70,51,22,29
050,40,007,"Oklahoma","Beaver County",4,71,61,29,32
050,40,007,"Oklahoma","Beaver County",4,72,54,25,29
050,40,007,"Oklahoma","Beaver County",4,73,44,19,25
050,40,007,"Oklahoma","Beaver County",4,74,44,21,23
050,40,007,"Oklahoma","Beaver County",4,75,54,24,30
050,40,007,"Oklahoma","Beaver County",4,76,40,20,20
050,40,007,"Oklahoma","Beaver County",4,77,36,18,18
050,40,007,"Oklahoma","Beaver County",4,78,34,21,13
050,40,007,"Oklahoma","Beaver County",4,79,38,19,19
050,40,007,"Oklahoma","Beaver County",4,80,28,17,11
050,40,007,"Oklahoma","Beaver County",4,81,25,15,10
050,40,007,"Oklahoma","Beaver County",4,82,18,9,9
050,40,007,"Oklahoma","Beaver County",4,83,16,6,10
050,40,007,"Oklahoma","Beaver County",4,84,19,9,10
050,40,007,"Oklahoma","Beaver County",4,85,141,56,85
050,40,007,"Oklahoma","Beaver County",5,0,64,35,29
050,40,007,"Oklahoma","Beaver County",5,1,54,27,27
050,40,007,"Oklahoma","Beaver County",5,2,60,35,25
050,40,007,"Oklahoma","Beaver County",5,3,56,29,27
050,40,007,"Oklahoma","Beaver County",5,4,43,23,20
050,40,007,"Oklahoma","Beaver County",5,5,62,33,29
050,40,007,"Oklahoma","Beaver County",5,6,54,32,22
050,40,007,"Oklahoma","Beaver County",5,7,68,37,31
050,40,007,"Oklahoma","Beaver County",5,8,73,31,42
050,40,007,"Oklahoma","Beaver County",5,9,72,36,36
050,40,007,"Oklahoma","Beaver County",5,10,59,32,27
050,40,007,"Oklahoma","Beaver County",5,11,72,36,36
050,40,007,"Oklahoma","Beaver County",5,12,70,38,32
050,40,007,"Oklahoma","Beaver County",5,13,70,36,34
050,40,007,"Oklahoma","Beaver County",5,14,92,47,45
050,40,007,"Oklahoma","Beaver County",5,15,76,44,32
050,40,007,"Oklahoma","Beaver County",5,16,84,46,38
050,40,007,"Oklahoma","Beaver County",5,17,91,49,42
050,40,007,"Oklahoma","Beaver County",5,18,79,43,36
050,40,007,"Oklahoma","Beaver County",5,19,64,35,29
050,40,007,"Oklahoma","Beaver County",5,20,73,32,41
050,40,007,"Oklahoma","Beaver County",5,21,52,24,28
050,40,007,"Oklahoma","Beaver County",5,22,51,26,25
050,40,007,"Oklahoma","Beaver County",5,23,53,29,24
050,40,007,"Oklahoma","Beaver County",5,24,57,32,25
050,40,007,"Oklahoma","Beaver County",5,25,53,26,27
050,40,007,"Oklahoma","Beaver County",5,26,34,19,15
050,40,007,"Oklahoma","Beaver County",5,27,56,32,24
050,40,007,"Oklahoma","Beaver County",5,28,59,36,23
050,40,007,"Oklahoma","Beaver County",5,29,50,22,28
050,40,007,"Oklahoma","Beaver County",5,30,71,37,34
050,40,007,"Oklahoma","Beaver County",5,31,65,31,34
050,40,007,"Oklahoma","Beaver County",5,32,64,37,27
050,40,007,"Oklahoma","Beaver County",5,33,55,28,27
050,40,007,"Oklahoma","Beaver County",5,34,54,30,24
050,40,007,"Oklahoma","Beaver County",5,35,49,25,24
050,40,007,"Oklahoma","Beaver County",5,36,48,30,18
050,40,007,"Oklahoma","Beaver County",5,37,49,29,20
050,40,007,"Oklahoma","Beaver County",5,38,55,26,29
050,40,007,"Oklahoma","Beaver County",5,39,67,38,29
050,40,007,"Oklahoma","Beaver County",5,40,58,32,26
050,40,007,"Oklahoma","Beaver County",5,41,53,31,22
050,40,007,"Oklahoma","Beaver County",5,42,60,29,31
050,40,007,"Oklahoma","Beaver County",5,43,61,32,29
050,40,007,"Oklahoma","Beaver County",5,44,64,34,30
050,40,007,"Oklahoma","Beaver County",5,45,68,34,34
050,40,007,"Oklahoma","Beaver County",5,46,53,26,27
050,40,007,"Oklahoma","Beaver County",5,47,47,22,25
050,40,007,"Oklahoma","Beaver County",5,48,43,23,20
050,40,007,"Oklahoma","Beaver County",5,49,45,27,18
050,40,007,"Oklahoma","Beaver County",5,50,60,29,31
050,40,007,"Oklahoma","Beaver County",5,51,58,27,31
050,40,007,"Oklahoma","Beaver County",5,52,69,28,41
050,40,007,"Oklahoma","Beaver County",5,53,67,34,33
050,40,007,"Oklahoma","Beaver County",5,54,63,35,28
050,40,007,"Oklahoma","Beaver County",5,55,52,23,29
050,40,007,"Oklahoma","Beaver County",5,56,52,25,27
050,40,007,"Oklahoma","Beaver County",5,57,66,34,32
050,40,007,"Oklahoma","Beaver County",5,58,59,34,25
050,40,007,"Oklahoma","Beaver County",5,59,73,31,42
050,40,007,"Oklahoma","Beaver County",5,60,65,35,30
050,40,007,"Oklahoma","Beaver County",5,61,63,31,32
050,40,007,"Oklahoma","Beaver County",5,62,68,27,41
050,40,007,"Oklahoma","Beaver County",5,63,73,31,42
050,40,007,"Oklahoma","Beaver County",5,64,75,44,31
050,40,007,"Oklahoma","Beaver County",5,65,56,31,25
050,40,007,"Oklahoma","Beaver County",5,66,59,33,26
050,40,007,"Oklahoma","Beaver County",5,67,65,35,30
050,40,007,"Oklahoma","Beaver County",5,68,57,30,27
050,40,007,"Oklahoma","Beaver County",5,69,54,34,20
050,40,007,"Oklahoma","Beaver County",5,70,58,30,28
050,40,007,"Oklahoma","Beaver County",5,71,51,21,30
050,40,007,"Oklahoma","Beaver County",5,72,56,27,29
050,40,007,"Oklahoma","Beaver County",5,73,50,24,26
050,40,007,"Oklahoma","Beaver County",5,74,46,21,25
050,40,007,"Oklahoma","Beaver County",5,75,41,18,23
050,40,007,"Oklahoma","Beaver County",5,76,55,24,31
050,40,007,"Oklahoma","Beaver County",5,77,41,20,21
050,40,007,"Oklahoma","Beaver County",5,78,38,21,17
050,40,007,"Oklahoma","Beaver County",5,79,31,18,13
050,40,007,"Oklahoma","Beaver County",5,80,37,19,18
050,40,007,"Oklahoma","Beaver County",5,81,31,18,13
050,40,007,"Oklahoma","Beaver County",5,82,21,12,9
050,40,007,"Oklahoma","Beaver County",5,83,18,9,9
050,40,007,"Oklahoma","Beaver County",5,84,14,4,10
050,40,007,"Oklahoma","Beaver County",5,85,146,57,89
050,40,009,"Oklahoma","Beckham County",1,0,292,151,141
050,40,009,"Oklahoma","Beckham County",1,1,289,138,151
050,40,009,"Oklahoma","Beckham County",1,2,285,133,152
050,40,009,"Oklahoma","Beckham County",1,3,281,143,138
050,40,009,"Oklahoma","Beckham County",1,4,331,174,157
050,40,009,"Oklahoma","Beckham County",1,5,285,135,150
050,40,009,"Oklahoma","Beckham County",1,6,314,140,174
050,40,009,"Oklahoma","Beckham County",1,7,324,147,177
050,40,009,"Oklahoma","Beckham County",1,8,281,145,136
050,40,009,"Oklahoma","Beckham County",1,9,324,169,155
050,40,009,"Oklahoma","Beckham County",1,10,312,155,157
050,40,009,"Oklahoma","Beckham County",1,11,316,165,151
050,40,009,"Oklahoma","Beckham County",1,12,333,172,161
050,40,009,"Oklahoma","Beckham County",1,13,330,162,168
050,40,009,"Oklahoma","Beckham County",1,14,288,155,133
050,40,009,"Oklahoma","Beckham County",1,15,305,155,150
050,40,009,"Oklahoma","Beckham County",1,16,299,149,150
050,40,009,"Oklahoma","Beckham County",1,17,277,145,132
050,40,009,"Oklahoma","Beckham County",1,18,243,145,98
050,40,009,"Oklahoma","Beckham County",1,19,220,142,78
050,40,009,"Oklahoma","Beckham County",1,20,275,175,100
050,40,009,"Oklahoma","Beckham County",1,21,298,197,101
050,40,009,"Oklahoma","Beckham County",1,22,295,189,106
050,40,009,"Oklahoma","Beckham County",1,23,269,174,95
050,40,009,"Oklahoma","Beckham County",1,24,291,176,115
050,40,009,"Oklahoma","Beckham County",1,25,336,219,117
050,40,009,"Oklahoma","Beckham County",1,26,309,195,114
050,40,009,"Oklahoma","Beckham County",1,27,336,217,119
050,40,009,"Oklahoma","Beckham County",1,28,374,218,156
050,40,009,"Oklahoma","Beckham County",1,29,351,207,144
050,40,009,"Oklahoma","Beckham County",1,30,338,199,139
050,40,009,"Oklahoma","Beckham County",1,31,367,228,139
050,40,009,"Oklahoma","Beckham County",1,32,342,203,139
050,40,009,"Oklahoma","Beckham County",1,33,331,206,125
050,40,009,"Oklahoma","Beckham County",1,34,343,201,142
050,40,009,"Oklahoma","Beckham County",1,35,365,226,139
050,40,009,"Oklahoma","Beckham County",1,36,336,202,134
050,40,009,"Oklahoma","Beckham County",1,37,347,226,121
050,40,009,"Oklahoma","Beckham County",1,38,316,187,129
050,40,009,"Oklahoma","Beckham County",1,39,309,172,137
050,40,009,"Oklahoma","Beckham County",1,40,316,187,129
050,40,009,"Oklahoma","Beckham County",1,41,298,176,122
050,40,009,"Oklahoma","Beckham County",1,42,293,184,109
050,40,009,"Oklahoma","Beckham County",1,43,278,161,117
050,40,009,"Oklahoma","Beckham County",1,44,283,168,115
050,40,009,"Oklahoma","Beckham County",1,45,253,150,103
050,40,009,"Oklahoma","Beckham County",1,46,246,137,109
050,40,009,"Oklahoma","Beckham County",1,47,271,149,122
050,40,009,"Oklahoma","Beckham County",1,48,245,141,104
050,40,009,"Oklahoma","Beckham County",1,49,285,171,114
050,40,009,"Oklahoma","Beckham County",1,50,259,148,111
050,40,009,"Oklahoma","Beckham County",1,51,242,140,102
050,40,009,"Oklahoma","Beckham County",1,52,251,137,114
050,40,009,"Oklahoma","Beckham County",1,53,228,131,97
050,40,009,"Oklahoma","Beckham County",1,54,257,153,104
050,40,009,"Oklahoma","Beckham County",1,55,238,125,113
050,40,009,"Oklahoma","Beckham County",1,56,236,113,123
050,40,009,"Oklahoma","Beckham County",1,57,258,125,133
050,40,009,"Oklahoma","Beckham County",1,58,292,153,139
050,40,009,"Oklahoma","Beckham County",1,59,285,154,131
050,40,009,"Oklahoma","Beckham County",1,60,278,138,140
050,40,009,"Oklahoma","Beckham County",1,61,286,145,141
050,40,009,"Oklahoma","Beckham County",1,62,249,123,126
050,40,009,"Oklahoma","Beckham County",1,63,266,130,136
050,40,009,"Oklahoma","Beckham County",1,64,282,137,145
050,40,009,"Oklahoma","Beckham County",1,65,270,130,140
050,40,009,"Oklahoma","Beckham County",1,66,246,118,128
050,40,009,"Oklahoma","Beckham County",1,67,227,113,114
050,40,009,"Oklahoma","Beckham County",1,68,208,87,121
050,40,009,"Oklahoma","Beckham County",1,69,197,96,101
050,40,009,"Oklahoma","Beckham County",1,70,196,94,102
050,40,009,"Oklahoma","Beckham County",1,71,173,83,90
050,40,009,"Oklahoma","Beckham County",1,72,163,78,85
050,40,009,"Oklahoma","Beckham County",1,73,156,67,89
050,40,009,"Oklahoma","Beckham County",1,74,107,45,62
050,40,009,"Oklahoma","Beckham County",1,75,120,59,61
050,40,009,"Oklahoma","Beckham County",1,76,130,61,69
050,40,009,"Oklahoma","Beckham County",1,77,123,57,66
050,40,009,"Oklahoma","Beckham County",1,78,102,42,60
050,40,009,"Oklahoma","Beckham County",1,79,86,37,49
050,40,009,"Oklahoma","Beckham County",1,80,77,35,42
050,40,009,"Oklahoma","Beckham County",1,81,68,32,36
050,40,009,"Oklahoma","Beckham County",1,82,75,33,42
050,40,009,"Oklahoma","Beckham County",1,83,63,29,34
050,40,009,"Oklahoma","Beckham County",1,84,74,30,44
050,40,009,"Oklahoma","Beckham County",1,85,415,159,256
050,40,009,"Oklahoma","Beckham County",2,0,277,136,141
050,40,009,"Oklahoma","Beckham County",2,1,286,140,146
050,40,009,"Oklahoma","Beckham County",2,2,283,133,150
050,40,009,"Oklahoma","Beckham County",2,3,281,140,141
050,40,009,"Oklahoma","Beckham County",2,4,316,165,151
050,40,009,"Oklahoma","Beckham County",2,5,293,143,150
050,40,009,"Oklahoma","Beckham County",2,6,305,138,167
050,40,009,"Oklahoma","Beckham County",2,7,315,141,174
050,40,009,"Oklahoma","Beckham County",2,8,291,146,145
050,40,009,"Oklahoma","Beckham County",2,9,309,162,147
050,40,009,"Oklahoma","Beckham County",2,10,312,157,155
050,40,009,"Oklahoma","Beckham County",2,11,314,161,153
050,40,009,"Oklahoma","Beckham County",2,12,332,171,161
050,40,009,"Oklahoma","Beckham County",2,13,330,163,167
050,40,009,"Oklahoma","Beckham County",2,14,297,155,142
050,40,009,"Oklahoma","Beckham County",2,15,300,155,145
050,40,009,"Oklahoma","Beckham County",2,16,300,151,149
050,40,009,"Oklahoma","Beckham County",2,17,281,143,138
050,40,009,"Oklahoma","Beckham County",2,18,241,143,98
050,40,009,"Oklahoma","Beckham County",2,19,222,144,78
050,40,009,"Oklahoma","Beckham County",2,20,278,181,97
050,40,009,"Oklahoma","Beckham County",2,21,300,196,104
050,40,009,"Oklahoma","Beckham County",2,22,292,189,103
050,40,009,"Oklahoma","Beckham County",2,23,276,178,98
050,40,009,"Oklahoma","Beckham County",2,24,284,173,111
050,40,009,"Oklahoma","Beckham County",2,25,332,215,117
050,40,009,"Oklahoma","Beckham County",2,26,313,198,115
050,40,009,"Oklahoma","Beckham County",2,27,329,209,120
050,40,009,"Oklahoma","Beckham County",2,28,365,220,145
050,40,009,"Oklahoma","Beckham County",2,29,354,208,146
050,40,009,"Oklahoma","Beckham County",2,30,339,200,139
050,40,009,"Oklahoma","Beckham County",2,31,356,218,138
050,40,009,"Oklahoma","Beckham County",2,32,347,211,136
050,40,009,"Oklahoma","Beckham County",2,33,330,202,128
050,40,009,"Oklahoma","Beckham County",2,34,336,198,138
050,40,009,"Oklahoma","Beckham County",2,35,360,218,142
050,40,009,"Oklahoma","Beckham County",2,36,339,205,134
050,40,009,"Oklahoma","Beckham County",2,37,347,223,124
050,40,009,"Oklahoma","Beckham County",2,38,320,191,129
050,40,009,"Oklahoma","Beckham County",2,39,306,172,134
050,40,009,"Oklahoma","Beckham County",2,40,314,182,132
050,40,009,"Oklahoma","Beckham County",2,41,304,180,124
050,40,009,"Oklahoma","Beckham County",2,42,293,182,111
050,40,009,"Oklahoma","Beckham County",2,43,279,163,116
050,40,009,"Oklahoma","Beckham County",2,44,278,165,113
050,40,009,"Oklahoma","Beckham County",2,45,260,153,107
050,40,009,"Oklahoma","Beckham County",2,46,241,133,108
050,40,009,"Oklahoma","Beckham County",2,47,266,149,117
050,40,009,"Oklahoma","Beckham County",2,48,245,139,106
050,40,009,"Oklahoma","Beckham County",2,49,274,165,109
050,40,009,"Oklahoma","Beckham County",2,50,259,151,108
050,40,009,"Oklahoma","Beckham County",2,51,243,140,103
050,40,009,"Oklahoma","Beckham County",2,52,248,137,111
050,40,009,"Oklahoma","Beckham County",2,53,229,128,101
050,40,009,"Oklahoma","Beckham County",2,54,248,146,102
050,40,009,"Oklahoma","Beckham County",2,55,239,129,110
050,40,009,"Oklahoma","Beckham County",2,56,236,117,119
050,40,009,"Oklahoma","Beckham County",2,57,251,121,130
050,40,009,"Oklahoma","Beckham County",2,58,284,145,139
050,40,009,"Oklahoma","Beckham County",2,59,286,155,131
050,40,009,"Oklahoma","Beckham County",2,60,280,141,139
050,40,009,"Oklahoma","Beckham County",2,61,282,143,139
050,40,009,"Oklahoma","Beckham County",2,62,257,127,130
050,40,009,"Oklahoma","Beckham County",2,63,265,130,135
050,40,009,"Oklahoma","Beckham County",2,64,274,133,141
050,40,009,"Oklahoma","Beckham County",2,65,273,132,141
050,40,009,"Oklahoma","Beckham County",2,66,254,122,132
050,40,009,"Oklahoma","Beckham County",2,67,230,113,117
050,40,009,"Oklahoma","Beckham County",2,68,211,92,119
050,40,009,"Oklahoma","Beckham County",2,69,201,95,106
050,40,009,"Oklahoma","Beckham County",2,70,195,94,101
050,40,009,"Oklahoma","Beckham County",2,71,178,86,92
050,40,009,"Oklahoma","Beckham County",2,72,161,76,85
050,40,009,"Oklahoma","Beckham County",2,73,166,74,92
050,40,009,"Oklahoma","Beckham County",2,74,111,47,64
050,40,009,"Oklahoma","Beckham County",2,75,116,56,60
050,40,009,"Oklahoma","Beckham County",2,76,124,58,66
050,40,009,"Oklahoma","Beckham County",2,77,128,59,69
050,40,009,"Oklahoma","Beckham County",2,78,104,44,60
050,40,009,"Oklahoma","Beckham County",2,79,87,36,51
050,40,009,"Oklahoma","Beckham County",2,80,80,35,45
050,40,009,"Oklahoma","Beckham County",2,81,67,32,35
050,40,009,"Oklahoma","Beckham County",2,82,72,31,41
050,40,009,"Oklahoma","Beckham County",2,83,64,30,34
050,40,009,"Oklahoma","Beckham County",2,84,72,30,42
050,40,009,"Oklahoma","Beckham County",2,85,417,160,257
050,40,009,"Oklahoma","Beckham County",3,0,239,123,116
050,40,009,"Oklahoma","Beckham County",3,1,253,127,126
050,40,009,"Oklahoma","Beckham County",3,2,274,131,143
050,40,009,"Oklahoma","Beckham County",3,3,283,131,152
050,40,009,"Oklahoma","Beckham County",3,4,283,141,142
050,40,009,"Oklahoma","Beckham County",3,5,305,158,147
050,40,009,"Oklahoma","Beckham County",3,6,301,142,159
050,40,009,"Oklahoma","Beckham County",3,7,299,138,161
050,40,009,"Oklahoma","Beckham County",3,8,305,139,166
050,40,009,"Oklahoma","Beckham County",3,9,288,148,140
050,40,009,"Oklahoma","Beckham County",3,10,304,161,143
050,40,009,"Oklahoma","Beckham County",3,11,323,160,163
050,40,009,"Oklahoma","Beckham County",3,12,296,154,142
050,40,009,"Oklahoma","Beckham County",3,13,334,181,153
050,40,009,"Oklahoma","Beckham County",3,14,331,157,174
050,40,009,"Oklahoma","Beckham County",3,15,290,155,135
050,40,009,"Oklahoma","Beckham County",3,16,291,151,140
050,40,009,"Oklahoma","Beckham County",3,17,300,153,147
050,40,009,"Oklahoma","Beckham County",3,18,253,138,115
050,40,009,"Oklahoma","Beckham County",3,19,226,145,81
050,40,009,"Oklahoma","Beckham County",3,20,269,183,86
050,40,009,"Oklahoma","Beckham County",3,21,296,196,100
050,40,009,"Oklahoma","Beckham County",3,22,292,189,103
050,40,009,"Oklahoma","Beckham County",3,23,279,183,96
050,40,009,"Oklahoma","Beckham County",3,24,256,161,95
050,40,009,"Oklahoma","Beckham County",3,25,307,199,108
050,40,009,"Oklahoma","Beckham County",3,26,331,211,120
050,40,009,"Oklahoma","Beckham County",3,27,306,197,109
050,40,009,"Oklahoma","Beckham County",3,28,326,206,120
050,40,009,"Oklahoma","Beckham County",3,29,350,212,138
050,40,009,"Oklahoma","Beckham County",3,30,337,198,139
050,40,009,"Oklahoma","Beckham County",3,31,333,201,132
050,40,009,"Oklahoma","Beckham County",3,32,357,216,141
050,40,009,"Oklahoma","Beckham County",3,33,341,217,124
050,40,009,"Oklahoma","Beckham County",3,34,325,188,137
050,40,009,"Oklahoma","Beckham County",3,35,327,195,132
050,40,009,"Oklahoma","Beckham County",3,36,349,207,142
050,40,009,"Oklahoma","Beckham County",3,37,362,228,134
050,40,009,"Oklahoma","Beckham County",3,38,318,199,119
050,40,009,"Oklahoma","Beckham County",3,39,314,188,126
050,40,009,"Oklahoma","Beckham County",3,40,291,163,128
050,40,009,"Oklahoma","Beckham County",3,41,313,186,127
050,40,009,"Oklahoma","Beckham County",3,42,305,183,122
050,40,009,"Oklahoma","Beckham County",3,43,284,175,109
050,40,009,"Oklahoma","Beckham County",3,44,279,170,109
050,40,009,"Oklahoma","Beckham County",3,45,266,163,103
050,40,009,"Oklahoma","Beckham County",3,46,254,146,108
050,40,009,"Oklahoma","Beckham County",3,47,267,158,109
050,40,009,"Oklahoma","Beckham County",3,48,254,136,118
050,40,009,"Oklahoma","Beckham County",3,49,252,140,112
050,40,009,"Oklahoma","Beckham County",3,50,275,165,110
050,40,009,"Oklahoma","Beckham County",3,51,250,146,104
050,40,009,"Oklahoma","Beckham County",3,52,245,142,103
050,40,009,"Oklahoma","Beckham County",3,53,227,122,105
050,40,009,"Oklahoma","Beckham County",3,54,218,115,103
050,40,009,"Oklahoma","Beckham County",3,55,240,136,104
050,40,009,"Oklahoma","Beckham County",3,56,237,128,109
050,40,009,"Oklahoma","Beckham County",3,57,235,119,116
050,40,009,"Oklahoma","Beckham County",3,58,245,116,129
050,40,009,"Oklahoma","Beckham County",3,59,282,145,137
050,40,009,"Oklahoma","Beckham County",3,60,278,144,134
050,40,009,"Oklahoma","Beckham County",3,61,269,132,137
050,40,009,"Oklahoma","Beckham County",3,62,260,137,123
050,40,009,"Oklahoma","Beckham County",3,63,257,126,131
050,40,009,"Oklahoma","Beckham County",3,64,259,127,132
050,40,009,"Oklahoma","Beckham County",3,65,264,127,137
050,40,009,"Oklahoma","Beckham County",3,66,261,127,134
050,40,009,"Oklahoma","Beckham County",3,67,248,115,133
050,40,009,"Oklahoma","Beckham County",3,68,227,108,119
050,40,009,"Oklahoma","Beckham County",3,69,204,89,115
050,40,009,"Oklahoma","Beckham County",3,70,182,88,94
050,40,009,"Oklahoma","Beckham County",3,71,186,92,94
050,40,009,"Oklahoma","Beckham County",3,72,176,82,94
050,40,009,"Oklahoma","Beckham County",3,73,156,72,84
050,40,009,"Oklahoma","Beckham County",3,74,149,67,82
050,40,009,"Oklahoma","Beckham County",3,75,110,46,64
050,40,009,"Oklahoma","Beckham County",3,76,107,49,58
050,40,009,"Oklahoma","Beckham County",3,77,119,56,63
050,40,009,"Oklahoma","Beckham County",3,78,128,56,72
050,40,009,"Oklahoma","Beckham County",3,79,92,42,50
050,40,009,"Oklahoma","Beckham County",3,80,79,30,49
050,40,009,"Oklahoma","Beckham County",3,81,70,31,39
050,40,009,"Oklahoma","Beckham County",3,82,64,28,36
050,40,009,"Oklahoma","Beckham County",3,83,63,29,34
050,40,009,"Oklahoma","Beckham County",3,84,56,27,29
050,40,009,"Oklahoma","Beckham County",3,85,396,148,248
050,40,009,"Oklahoma","Beckham County",4,0,222,99,123
050,40,009,"Oklahoma","Beckham County",4,1,256,122,134
050,40,009,"Oklahoma","Beckham County",4,2,249,126,123
050,40,009,"Oklahoma","Beckham County",4,3,268,135,133
050,40,009,"Oklahoma","Beckham County",4,4,271,128,143
050,40,009,"Oklahoma","Beckham County",4,5,275,135,140
050,40,009,"Oklahoma","Beckham County",4,6,299,157,142
050,40,009,"Oklahoma","Beckham County",4,7,299,138,161
050,40,009,"Oklahoma","Beckham County",4,8,310,137,173
050,40,009,"Oklahoma","Beckham County",4,9,312,144,168
050,40,009,"Oklahoma","Beckham County",4,10,284,139,145
050,40,009,"Oklahoma","Beckham County",4,11,300,158,142
050,40,009,"Oklahoma","Beckham County",4,12,321,160,161
050,40,009,"Oklahoma","Beckham County",4,13,300,150,150
050,40,009,"Oklahoma","Beckham County",4,14,329,185,144
050,40,009,"Oklahoma","Beckham County",4,15,333,160,173
050,40,009,"Oklahoma","Beckham County",4,16,299,157,142
050,40,009,"Oklahoma","Beckham County",4,17,294,151,143
050,40,009,"Oklahoma","Beckham County",4,18,271,144,127
050,40,009,"Oklahoma","Beckham County",4,19,246,154,92
050,40,009,"Oklahoma","Beckham County",4,20,267,180,87
050,40,009,"Oklahoma","Beckham County",4,21,288,198,90
050,40,009,"Oklahoma","Beckham County",4,22,296,199,97
050,40,009,"Oklahoma","Beckham County",4,23,284,186,98
050,40,009,"Oklahoma","Beckham County",4,24,273,169,104
050,40,009,"Oklahoma","Beckham County",4,25,288,189,99
050,40,009,"Oklahoma","Beckham County",4,26,281,174,107
050,40,009,"Oklahoma","Beckham County",4,27,316,205,111
050,40,009,"Oklahoma","Beckham County",4,28,307,198,109
050,40,009,"Oklahoma","Beckham County",4,29,321,201,120
050,40,009,"Oklahoma","Beckham County",4,30,350,202,148
050,40,009,"Oklahoma","Beckham County",4,31,336,197,139
050,40,009,"Oklahoma","Beckham County",4,32,343,210,133
050,40,009,"Oklahoma","Beckham County",4,33,347,206,141
050,40,009,"Oklahoma","Beckham County",4,34,320,200,120
050,40,009,"Oklahoma","Beckham County",4,35,329,195,134
050,40,009,"Oklahoma","Beckham County",4,36,313,181,132
050,40,009,"Oklahoma","Beckham County",4,37,366,217,149
050,40,009,"Oklahoma","Beckham County",4,38,333,199,134
050,40,009,"Oklahoma","Beckham County",4,39,309,191,118
050,40,009,"Oklahoma","Beckham County",4,40,314,185,129
050,40,009,"Oklahoma","Beckham County",4,41,295,168,127
050,40,009,"Oklahoma","Beckham County",4,42,319,195,124
050,40,009,"Oklahoma","Beckham County",4,43,294,168,126
050,40,009,"Oklahoma","Beckham County",4,44,280,175,105
050,40,009,"Oklahoma","Beckham County",4,45,279,166,113
050,40,009,"Oklahoma","Beckham County",4,46,249,143,106
050,40,009,"Oklahoma","Beckham County",4,47,277,168,109
050,40,009,"Oklahoma","Beckham County",4,48,249,143,106
050,40,009,"Oklahoma","Beckham County",4,49,266,141,125
050,40,009,"Oklahoma","Beckham County",4,50,246,135,111
050,40,009,"Oklahoma","Beckham County",4,51,281,163,118
050,40,009,"Oklahoma","Beckham County",4,52,245,143,102
050,40,009,"Oklahoma","Beckham County",4,53,235,133,102
050,40,009,"Oklahoma","Beckham County",4,54,217,122,95
050,40,009,"Oklahoma","Beckham County",4,55,217,115,102
050,40,009,"Oklahoma","Beckham County",4,56,241,137,104
050,40,009,"Oklahoma","Beckham County",4,57,229,118,111
050,40,009,"Oklahoma","Beckham County",4,58,228,114,114
050,40,009,"Oklahoma","Beckham County",4,59,252,118,134
050,40,009,"Oklahoma","Beckham County",4,60,280,139,141
050,40,009,"Oklahoma","Beckham County",4,61,278,144,134
050,40,009,"Oklahoma","Beckham County",4,62,254,123,131
050,40,009,"Oklahoma","Beckham County",4,63,245,128,117
050,40,009,"Oklahoma","Beckham County",4,64,252,123,129
050,40,009,"Oklahoma","Beckham County",4,65,249,118,131
050,40,009,"Oklahoma","Beckham County",4,66,255,122,133
050,40,009,"Oklahoma","Beckham County",4,67,256,120,136
050,40,009,"Oklahoma","Beckham County",4,68,250,118,132
050,40,009,"Oklahoma","Beckham County",4,69,219,105,114
050,40,009,"Oklahoma","Beckham County",4,70,202,84,118
050,40,009,"Oklahoma","Beckham County",4,71,185,93,92
050,40,009,"Oklahoma","Beckham County",4,72,186,89,97
050,40,009,"Oklahoma","Beckham County",4,73,181,82,99
050,40,009,"Oklahoma","Beckham County",4,74,143,64,79
050,40,009,"Oklahoma","Beckham County",4,75,154,69,85
050,40,009,"Oklahoma","Beckham County",4,76,103,40,63
050,40,009,"Oklahoma","Beckham County",4,77,107,49,58
050,40,009,"Oklahoma","Beckham County",4,78,116,54,62
050,40,009,"Oklahoma","Beckham County",4,79,123,56,67
050,40,009,"Oklahoma","Beckham County",4,80,90,42,48
050,40,009,"Oklahoma","Beckham County",4,81,66,26,40
050,40,009,"Oklahoma","Beckham County",4,82,72,31,41
050,40,009,"Oklahoma","Beckham County",4,83,58,26,32
050,40,009,"Oklahoma","Beckham County",4,84,59,31,28
050,40,009,"Oklahoma","Beckham County",4,85,375,139,236
050,40,009,"Oklahoma","Beckham County",5,0,219,97,122
050,40,009,"Oklahoma","Beckham County",5,1,226,107,119
050,40,009,"Oklahoma","Beckham County",5,2,261,124,137
050,40,009,"Oklahoma","Beckham County",5,3,263,135,128
050,40,009,"Oklahoma","Beckham County",5,4,271,134,137
050,40,009,"Oklahoma","Beckham County",5,5,274,132,142
050,40,009,"Oklahoma","Beckham County",5,6,269,131,138
050,40,009,"Oklahoma","Beckham County",5,7,296,155,141
050,40,009,"Oklahoma","Beckham County",5,8,301,144,157
050,40,009,"Oklahoma","Beckham County",5,9,309,142,167
050,40,009,"Oklahoma","Beckham County",5,10,307,134,173
050,40,009,"Oklahoma","Beckham County",5,11,286,134,152
050,40,009,"Oklahoma","Beckham County",5,12,296,150,146
050,40,009,"Oklahoma","Beckham County",5,13,314,158,156
050,40,009,"Oklahoma","Beckham County",5,14,298,150,148
050,40,009,"Oklahoma","Beckham County",5,15,331,183,148
050,40,009,"Oklahoma","Beckham County",5,16,320,156,164
050,40,009,"Oklahoma","Beckham County",5,17,314,165,149
050,40,009,"Oklahoma","Beckham County",5,18,263,141,122
050,40,009,"Oklahoma","Beckham County",5,19,245,148,97
050,40,009,"Oklahoma","Beckham County",5,20,292,196,96
050,40,009,"Oklahoma","Beckham County",5,21,298,202,96
050,40,009,"Oklahoma","Beckham County",5,22,299,203,96
050,40,009,"Oklahoma","Beckham County",5,23,310,206,104
050,40,009,"Oklahoma","Beckham County",5,24,306,193,113
050,40,009,"Oklahoma","Beckham County",5,25,313,202,111
050,40,009,"Oklahoma","Beckham County",5,26,294,186,108
050,40,009,"Oklahoma","Beckham County",5,27,281,173,108
050,40,009,"Oklahoma","Beckham County",5,28,316,204,112
050,40,009,"Oklahoma","Beckham County",5,29,311,205,106
050,40,009,"Oklahoma","Beckham County",5,30,320,199,121
050,40,009,"Oklahoma","Beckham County",5,31,346,201,145
050,40,009,"Oklahoma","Beckham County",5,32,343,205,138
050,40,009,"Oklahoma","Beckham County",5,33,335,208,127
050,40,009,"Oklahoma","Beckham County",5,34,335,197,138
050,40,009,"Oklahoma","Beckham County",5,35,339,205,134
050,40,009,"Oklahoma","Beckham County",5,36,308,178,130
050,40,009,"Oklahoma","Beckham County",5,37,318,191,127
050,40,009,"Oklahoma","Beckham County",5,38,341,189,152
050,40,009,"Oklahoma","Beckham County",5,39,343,201,142
050,40,009,"Oklahoma","Beckham County",5,40,307,189,118
050,40,009,"Oklahoma","Beckham County",5,41,314,187,127
050,40,009,"Oklahoma","Beckham County",5,42,311,175,136
050,40,009,"Oklahoma","Beckham County",5,43,306,182,124
050,40,009,"Oklahoma","Beckham County",5,44,287,175,112
050,40,009,"Oklahoma","Beckham County",5,45,274,164,110
050,40,009,"Oklahoma","Beckham County",5,46,265,152,113
050,40,009,"Oklahoma","Beckham County",5,47,273,166,107
050,40,009,"Oklahoma","Beckham County",5,48,259,149,110
050,40,009,"Oklahoma","Beckham County",5,49,246,143,103
050,40,009,"Oklahoma","Beckham County",5,50,271,144,127
050,40,009,"Oklahoma","Beckham County",5,51,249,132,117
050,40,009,"Oklahoma","Beckham County",5,52,289,162,127
050,40,009,"Oklahoma","Beckham County",5,53,227,129,98
050,40,009,"Oklahoma","Beckham County",5,54,232,126,106
050,40,009,"Oklahoma","Beckham County",5,55,218,124,94
050,40,009,"Oklahoma","Beckham County",5,56,212,115,97
050,40,009,"Oklahoma","Beckham County",5,57,240,136,104
050,40,009,"Oklahoma","Beckham County",5,58,227,116,111
050,40,009,"Oklahoma","Beckham County",5,59,230,112,118
050,40,009,"Oklahoma","Beckham County",5,60,240,112,128
050,40,009,"Oklahoma","Beckham County",5,61,278,136,142
050,40,009,"Oklahoma","Beckham County",5,62,262,136,126
050,40,009,"Oklahoma","Beckham County",5,63,242,119,123
050,40,009,"Oklahoma","Beckham County",5,64,239,123,116
050,40,009,"Oklahoma","Beckham County",5,65,240,120,120
050,40,009,"Oklahoma","Beckham County",5,66,248,119,129
050,40,009,"Oklahoma","Beckham County",5,67,262,126,136
050,40,009,"Oklahoma","Beckham County",5,68,249,114,135
050,40,009,"Oklahoma","Beckham County",5,69,246,120,126
050,40,009,"Oklahoma","Beckham County",5,70,213,99,114
050,40,009,"Oklahoma","Beckham County",5,71,196,86,110
050,40,009,"Oklahoma","Beckham County",5,72,184,89,95
050,40,009,"Oklahoma","Beckham County",5,73,184,90,94
050,40,009,"Oklahoma","Beckham County",5,74,169,78,91
050,40,009,"Oklahoma","Beckham County",5,75,147,64,83
050,40,009,"Oklahoma","Beckham County",5,76,141,59,82
050,40,009,"Oklahoma","Beckham County",5,77,102,40,62
050,40,009,"Oklahoma","Beckham County",5,78,99,44,55
050,40,009,"Oklahoma","Beckham County",5,79,106,52,54
050,40,009,"Oklahoma","Beckham County",5,80,119,53,66
050,40,009,"Oklahoma","Beckham County",5,81,77,40,37
050,40,009,"Oklahoma","Beckham County",5,82,66,24,42
050,40,009,"Oklahoma","Beckham County",5,83,62,28,34
050,40,009,"Oklahoma","Beckham County",5,84,54,29,25
050,40,009,"Oklahoma","Beckham County",5,85,369,137,232
050,40,011,"Oklahoma","Blaine County",1,0,119,62,57
050,40,011,"Oklahoma","Blaine County",1,1,122,61,61
050,40,011,"Oklahoma","Blaine County",1,2,107,64,43
050,40,011,"Oklahoma","Blaine County",1,3,121,68,53
050,40,011,"Oklahoma","Blaine County",1,4,119,57,62
050,40,011,"Oklahoma","Blaine County",1,5,108,47,61
050,40,011,"Oklahoma","Blaine County",1,6,126,63,63
050,40,011,"Oklahoma","Blaine County",1,7,129,79,50
050,40,011,"Oklahoma","Blaine County",1,8,114,64,50
050,40,011,"Oklahoma","Blaine County",1,9,113,61,52
050,40,011,"Oklahoma","Blaine County",1,10,147,88,59
050,40,011,"Oklahoma","Blaine County",1,11,129,72,57
050,40,011,"Oklahoma","Blaine County",1,12,148,80,68
050,40,011,"Oklahoma","Blaine County",1,13,139,72,67
050,40,011,"Oklahoma","Blaine County",1,14,125,65,60
050,40,011,"Oklahoma","Blaine County",1,15,139,69,70
050,40,011,"Oklahoma","Blaine County",1,16,121,57,64
050,40,011,"Oklahoma","Blaine County",1,17,121,58,63
050,40,011,"Oklahoma","Blaine County",1,18,95,48,47
050,40,011,"Oklahoma","Blaine County",1,19,80,39,41
050,40,011,"Oklahoma","Blaine County",1,20,78,38,40
050,40,011,"Oklahoma","Blaine County",1,21,101,57,44
050,40,011,"Oklahoma","Blaine County",1,22,90,44,46
050,40,011,"Oklahoma","Blaine County",1,23,83,44,39
050,40,011,"Oklahoma","Blaine County",1,24,95,54,41
050,40,011,"Oklahoma","Blaine County",1,25,88,44,44
050,40,011,"Oklahoma","Blaine County",1,26,88,47,41
050,40,011,"Oklahoma","Blaine County",1,27,97,50,47
050,40,011,"Oklahoma","Blaine County",1,28,109,57,52
050,40,011,"Oklahoma","Blaine County",1,29,98,46,52
050,40,011,"Oklahoma","Blaine County",1,30,88,41,47
050,40,011,"Oklahoma","Blaine County",1,31,87,45,42
050,40,011,"Oklahoma","Blaine County",1,32,99,53,46
050,40,011,"Oklahoma","Blaine County",1,33,85,43,42
050,40,011,"Oklahoma","Blaine County",1,34,96,45,51
050,40,011,"Oklahoma","Blaine County",1,35,99,46,53
050,40,011,"Oklahoma","Blaine County",1,36,86,41,45
050,40,011,"Oklahoma","Blaine County",1,37,107,53,54
050,40,011,"Oklahoma","Blaine County",1,38,98,40,58
050,40,011,"Oklahoma","Blaine County",1,39,97,53,44
050,40,011,"Oklahoma","Blaine County",1,40,91,52,39
050,40,011,"Oklahoma","Blaine County",1,41,88,43,45
050,40,011,"Oklahoma","Blaine County",1,42,95,40,55
050,40,011,"Oklahoma","Blaine County",1,43,102,56,46
050,40,011,"Oklahoma","Blaine County",1,44,85,46,39
050,40,011,"Oklahoma","Blaine County",1,45,87,43,44
050,40,011,"Oklahoma","Blaine County",1,46,105,51,54
050,40,011,"Oklahoma","Blaine County",1,47,101,53,48
050,40,011,"Oklahoma","Blaine County",1,48,101,52,49
050,40,011,"Oklahoma","Blaine County",1,49,93,44,49
050,40,011,"Oklahoma","Blaine County",1,50,108,62,46
050,40,011,"Oklahoma","Blaine County",1,51,91,47,44
050,40,011,"Oklahoma","Blaine County",1,52,96,59,37
050,40,011,"Oklahoma","Blaine County",1,53,99,60,39
050,40,011,"Oklahoma","Blaine County",1,54,114,61,53
050,40,011,"Oklahoma","Blaine County",1,55,97,56,41
050,40,011,"Oklahoma","Blaine County",1,56,111,56,55
050,40,011,"Oklahoma","Blaine County",1,57,127,65,62
050,40,011,"Oklahoma","Blaine County",1,58,143,82,61
050,40,011,"Oklahoma","Blaine County",1,59,123,62,61
050,40,011,"Oklahoma","Blaine County",1,60,137,63,74
050,40,011,"Oklahoma","Blaine County",1,61,122,53,69
050,40,011,"Oklahoma","Blaine County",1,62,129,71,58
050,40,011,"Oklahoma","Blaine County",1,63,135,66,69
050,40,011,"Oklahoma","Blaine County",1,64,115,51,64
050,40,011,"Oklahoma","Blaine County",1,65,121,58,63
050,40,011,"Oklahoma","Blaine County",1,66,117,64,53
050,40,011,"Oklahoma","Blaine County",1,67,107,54,53
050,40,011,"Oklahoma","Blaine County",1,68,107,54,53
050,40,011,"Oklahoma","Blaine County",1,69,103,50,53
050,40,011,"Oklahoma","Blaine County",1,70,110,52,58
050,40,011,"Oklahoma","Blaine County",1,71,85,37,48
050,40,011,"Oklahoma","Blaine County",1,72,82,38,44
050,40,011,"Oklahoma","Blaine County",1,73,91,46,45
050,40,011,"Oklahoma","Blaine County",1,74,65,29,36
050,40,011,"Oklahoma","Blaine County",1,75,64,27,37
050,40,011,"Oklahoma","Blaine County",1,76,66,30,36
050,40,011,"Oklahoma","Blaine County",1,77,64,30,34
050,40,011,"Oklahoma","Blaine County",1,78,57,27,30
050,40,011,"Oklahoma","Blaine County",1,79,58,27,31
050,40,011,"Oklahoma","Blaine County",1,80,60,30,30
050,40,011,"Oklahoma","Blaine County",1,81,46,19,27
050,40,011,"Oklahoma","Blaine County",1,82,47,22,25
050,40,011,"Oklahoma","Blaine County",1,83,38,17,21
050,40,011,"Oklahoma","Blaine County",1,84,37,13,24
050,40,011,"Oklahoma","Blaine County",1,85,217,70,147
050,40,011,"Oklahoma","Blaine County",2,0,111,54,57
050,40,011,"Oklahoma","Blaine County",2,1,118,60,58
050,40,011,"Oklahoma","Blaine County",2,2,111,64,47
050,40,011,"Oklahoma","Blaine County",2,3,117,67,50
050,40,011,"Oklahoma","Blaine County",2,4,119,60,59
050,40,011,"Oklahoma","Blaine County",2,5,109,48,61
050,40,011,"Oklahoma","Blaine County",2,6,125,61,64
050,40,011,"Oklahoma","Blaine County",2,7,131,75,56
050,40,011,"Oklahoma","Blaine County",2,8,119,68,51
050,40,011,"Oklahoma","Blaine County",2,9,113,63,50
050,40,011,"Oklahoma","Blaine County",2,10,136,80,56
050,40,011,"Oklahoma","Blaine County",2,11,134,76,58
050,40,011,"Oklahoma","Blaine County",2,12,145,78,67
050,40,011,"Oklahoma","Blaine County",2,13,140,73,67
050,40,011,"Oklahoma","Blaine County",2,14,127,66,61
050,40,011,"Oklahoma","Blaine County",2,15,136,68,68
050,40,011,"Oklahoma","Blaine County",2,16,126,59,67
050,40,011,"Oklahoma","Blaine County",2,17,118,55,63
050,40,011,"Oklahoma","Blaine County",2,18,96,48,48
050,40,011,"Oklahoma","Blaine County",2,19,81,39,42
050,40,011,"Oklahoma","Blaine County",2,20,78,38,40
050,40,011,"Oklahoma","Blaine County",2,21,97,53,44
050,40,011,"Oklahoma","Blaine County",2,22,91,46,45
050,40,011,"Oklahoma","Blaine County",2,23,86,44,42
050,40,011,"Oklahoma","Blaine County",2,24,91,51,40
050,40,011,"Oklahoma","Blaine County",2,25,93,48,45
050,40,011,"Oklahoma","Blaine County",2,26,88,45,43
050,40,011,"Oklahoma","Blaine County",2,27,96,50,46
050,40,011,"Oklahoma","Blaine County",2,28,107,56,51
050,40,011,"Oklahoma","Blaine County",2,29,100,48,52
050,40,011,"Oklahoma","Blaine County",2,30,91,43,48
050,40,011,"Oklahoma","Blaine County",2,31,86,44,42
050,40,011,"Oklahoma","Blaine County",2,32,97,52,45
050,40,011,"Oklahoma","Blaine County",2,33,89,46,43
050,40,011,"Oklahoma","Blaine County",2,34,94,44,50
050,40,011,"Oklahoma","Blaine County",2,35,99,47,52
050,40,011,"Oklahoma","Blaine County",2,36,91,43,48
050,40,011,"Oklahoma","Blaine County",2,37,101,50,51
050,40,011,"Oklahoma","Blaine County",2,38,103,45,58
050,40,011,"Oklahoma","Blaine County",2,39,96,50,46
050,40,011,"Oklahoma","Blaine County",2,40,93,53,40
050,40,011,"Oklahoma","Blaine County",2,41,88,45,43
050,40,011,"Oklahoma","Blaine County",2,42,92,40,52
050,40,011,"Oklahoma","Blaine County",2,43,99,52,47
050,40,011,"Oklahoma","Blaine County",2,44,86,48,38
050,40,011,"Oklahoma","Blaine County",2,45,86,43,43
050,40,011,"Oklahoma","Blaine County",2,46,99,49,50
050,40,011,"Oklahoma","Blaine County",2,47,102,53,49
050,40,011,"Oklahoma","Blaine County",2,48,99,50,49
050,40,011,"Oklahoma","Blaine County",2,49,95,46,49
050,40,011,"Oklahoma","Blaine County",2,50,104,57,47
050,40,011,"Oklahoma","Blaine County",2,51,91,48,43
050,40,011,"Oklahoma","Blaine County",2,52,94,56,38
050,40,011,"Oklahoma","Blaine County",2,53,96,59,37
050,40,011,"Oklahoma","Blaine County",2,54,108,59,49
050,40,011,"Oklahoma","Blaine County",2,55,102,58,44
050,40,011,"Oklahoma","Blaine County",2,56,110,58,52
050,40,011,"Oklahoma","Blaine County",2,57,125,64,61
050,40,011,"Oklahoma","Blaine County",2,58,138,77,61
050,40,011,"Oklahoma","Blaine County",2,59,129,67,62
050,40,011,"Oklahoma","Blaine County",2,60,135,64,71
050,40,011,"Oklahoma","Blaine County",2,61,125,55,70
050,40,011,"Oklahoma","Blaine County",2,62,126,67,59
050,40,011,"Oklahoma","Blaine County",2,63,135,69,66
050,40,011,"Oklahoma","Blaine County",2,64,119,53,66
050,40,011,"Oklahoma","Blaine County",2,65,119,57,62
050,40,011,"Oklahoma","Blaine County",2,66,116,61,55
050,40,011,"Oklahoma","Blaine County",2,67,107,55,52
050,40,011,"Oklahoma","Blaine County",2,68,106,53,53
050,40,011,"Oklahoma","Blaine County",2,69,104,51,53
050,40,011,"Oklahoma","Blaine County",2,70,109,53,56
050,40,011,"Oklahoma","Blaine County",2,71,90,40,50
050,40,011,"Oklahoma","Blaine County",2,72,80,35,45
050,40,011,"Oklahoma","Blaine County",2,73,93,46,47
050,40,011,"Oklahoma","Blaine County",2,74,67,32,35
050,40,011,"Oklahoma","Blaine County",2,75,63,26,37
050,40,011,"Oklahoma","Blaine County",2,76,64,29,35
050,40,011,"Oklahoma","Blaine County",2,77,62,29,33
050,40,011,"Oklahoma","Blaine County",2,78,57,27,30
050,40,011,"Oklahoma","Blaine County",2,79,57,27,30
050,40,011,"Oklahoma","Blaine County",2,80,60,29,31
050,40,011,"Oklahoma","Blaine County",2,81,48,20,28
050,40,011,"Oklahoma","Blaine County",2,82,47,22,25
050,40,011,"Oklahoma","Blaine County",2,83,39,19,20
050,40,011,"Oklahoma","Blaine County",2,84,35,13,22
050,40,011,"Oklahoma","Blaine County",2,85,216,69,147
050,40,011,"Oklahoma","Blaine County",3,0,122,65,57
050,40,011,"Oklahoma","Blaine County",3,1,107,55,52
050,40,011,"Oklahoma","Blaine County",3,2,114,61,53
050,40,011,"Oklahoma","Blaine County",3,3,105,64,41
050,40,011,"Oklahoma","Blaine County",3,4,113,66,47
050,40,011,"Oklahoma","Blaine County",3,5,121,62,59
050,40,011,"Oklahoma","Blaine County",3,6,102,49,53
050,40,011,"Oklahoma","Blaine County",3,7,122,58,64
050,40,011,"Oklahoma","Blaine County",3,8,127,73,54
050,40,011,"Oklahoma","Blaine County",3,9,116,68,48
050,40,011,"Oklahoma","Blaine County",3,10,116,66,50
050,40,011,"Oklahoma","Blaine County",3,11,141,79,62
050,40,011,"Oklahoma","Blaine County",3,12,130,76,54
050,40,011,"Oklahoma","Blaine County",3,13,139,79,60
050,40,011,"Oklahoma","Blaine County",3,14,139,75,64
050,40,011,"Oklahoma","Blaine County",3,15,125,64,61
050,40,011,"Oklahoma","Blaine County",3,16,137,65,72
050,40,011,"Oklahoma","Blaine County",3,17,121,59,62
050,40,011,"Oklahoma","Blaine County",3,18,107,51,56
050,40,011,"Oklahoma","Blaine County",3,19,81,41,40
050,40,011,"Oklahoma","Blaine County",3,20,85,39,46
050,40,011,"Oklahoma","Blaine County",3,21,91,43,48
050,40,011,"Oklahoma","Blaine County",3,22,103,52,51
050,40,011,"Oklahoma","Blaine County",3,23,89,46,43
050,40,011,"Oklahoma","Blaine County",3,24,81,43,38
050,40,011,"Oklahoma","Blaine County",3,25,80,48,32
050,40,011,"Oklahoma","Blaine County",3,26,82,44,38
050,40,011,"Oklahoma","Blaine County",3,27,83,42,41
050,40,011,"Oklahoma","Blaine County",3,28,89,46,43
050,40,011,"Oklahoma","Blaine County",3,29,106,53,53
050,40,011,"Oklahoma","Blaine County",3,30,98,48,50
050,40,011,"Oklahoma","Blaine County",3,31,88,39,49
050,40,011,"Oklahoma","Blaine County",3,32,86,46,40
050,40,011,"Oklahoma","Blaine County",3,33,96,55,41
050,40,011,"Oklahoma","Blaine County",3,34,92,45,47
050,40,011,"Oklahoma","Blaine County",3,35,92,45,47
050,40,011,"Oklahoma","Blaine County",3,36,93,47,46
050,40,011,"Oklahoma","Blaine County",3,37,91,48,43
050,40,011,"Oklahoma","Blaine County",3,38,102,50,52
050,40,011,"Oklahoma","Blaine County",3,39,100,42,58
050,40,011,"Oklahoma","Blaine County",3,40,91,48,43
050,40,011,"Oklahoma","Blaine County",3,41,88,52,36
050,40,011,"Oklahoma","Blaine County",3,42,84,40,44
050,40,011,"Oklahoma","Blaine County",3,43,87,39,48
050,40,011,"Oklahoma","Blaine County",3,44,99,52,47
050,40,011,"Oklahoma","Blaine County",3,45,84,48,36
050,40,011,"Oklahoma","Blaine County",3,46,93,47,46
050,40,011,"Oklahoma","Blaine County",3,47,102,49,53
050,40,011,"Oklahoma","Blaine County",3,48,85,39,46
050,40,011,"Oklahoma","Blaine County",3,49,94,45,49
050,40,011,"Oklahoma","Blaine County",3,50,101,50,51
050,40,011,"Oklahoma","Blaine County",3,51,105,58,47
050,40,011,"Oklahoma","Blaine County",3,52,94,48,46
050,40,011,"Oklahoma","Blaine County",3,53,96,58,38
050,40,011,"Oklahoma","Blaine County",3,54,97,57,40
050,40,011,"Oklahoma","Blaine County",3,55,104,54,50
050,40,011,"Oklahoma","Blaine County",3,56,99,57,42
050,40,011,"Oklahoma","Blaine County",3,57,112,59,53
050,40,011,"Oklahoma","Blaine County",3,58,125,69,56
050,40,011,"Oklahoma","Blaine County",3,59,131,71,60
050,40,011,"Oklahoma","Blaine County",3,60,125,66,59
050,40,011,"Oklahoma","Blaine County",3,61,130,59,71
050,40,011,"Oklahoma","Blaine County",3,62,116,53,63
050,40,011,"Oklahoma","Blaine County",3,63,121,63,58
050,40,011,"Oklahoma","Blaine County",3,64,126,67,59
050,40,011,"Oklahoma","Blaine County",3,65,116,50,66
050,40,011,"Oklahoma","Blaine County",3,66,116,56,60
050,40,011,"Oklahoma","Blaine County",3,67,112,60,52
050,40,011,"Oklahoma","Blaine County",3,68,105,55,50
050,40,011,"Oklahoma","Blaine County",3,69,105,52,53
050,40,011,"Oklahoma","Blaine County",3,70,106,51,55
050,40,011,"Oklahoma","Blaine County",3,71,101,47,54
050,40,011,"Oklahoma","Blaine County",3,72,87,38,49
050,40,011,"Oklahoma","Blaine County",3,73,79,34,45
050,40,011,"Oklahoma","Blaine County",3,74,97,49,48
050,40,011,"Oklahoma","Blaine County",3,75,65,30,35
050,40,011,"Oklahoma","Blaine County",3,76,59,25,34
050,40,011,"Oklahoma","Blaine County",3,77,60,26,34
050,40,011,"Oklahoma","Blaine County",3,78,59,29,30
050,40,011,"Oklahoma","Blaine County",3,79,48,20,28
050,40,011,"Oklahoma","Blaine County",3,80,53,25,28
050,40,011,"Oklahoma","Blaine County",3,81,58,26,32
050,40,011,"Oklahoma","Blaine County",3,82,41,18,23
050,40,011,"Oklahoma","Blaine County",3,83,43,20,23
050,40,011,"Oklahoma","Blaine County",3,84,35,16,19
050,40,011,"Oklahoma","Blaine County",3,85,201,54,147
050,40,011,"Oklahoma","Blaine County",4,0,119,68,51
050,40,011,"Oklahoma","Blaine County",4,1,133,75,58
050,40,011,"Oklahoma","Blaine County",4,2,112,53,59
050,40,011,"Oklahoma","Blaine County",4,3,118,56,62
050,40,011,"Oklahoma","Blaine County",4,4,99,60,39
050,40,011,"Oklahoma","Blaine County",4,5,107,62,45
050,40,011,"Oklahoma","Blaine County",4,6,111,59,52
050,40,011,"Oklahoma","Blaine County",4,7,118,55,63
050,40,011,"Oklahoma","Blaine County",4,8,124,61,63
050,40,011,"Oklahoma","Blaine County",4,9,132,75,57
050,40,011,"Oklahoma","Blaine County",4,10,118,72,46
050,40,011,"Oklahoma","Blaine County",4,11,115,64,51
050,40,011,"Oklahoma","Blaine County",4,12,139,76,63
050,40,011,"Oklahoma","Blaine County",4,13,134,80,54
050,40,011,"Oklahoma","Blaine County",4,14,130,71,59
050,40,011,"Oklahoma","Blaine County",4,15,134,80,54
050,40,011,"Oklahoma","Blaine County",4,16,122,63,59
050,40,011,"Oklahoma","Blaine County",4,17,137,64,73
050,40,011,"Oklahoma","Blaine County",4,18,105,59,46
050,40,011,"Oklahoma","Blaine County",4,19,80,42,38
050,40,011,"Oklahoma","Blaine County",4,20,78,41,37
050,40,011,"Oklahoma","Blaine County",4,21,89,46,43
050,40,011,"Oklahoma","Blaine County",4,22,75,36,39
050,40,011,"Oklahoma","Blaine County",4,23,109,51,58
050,40,011,"Oklahoma","Blaine County",4,24,93,48,45
050,40,011,"Oklahoma","Blaine County",4,25,80,42,38
050,40,011,"Oklahoma","Blaine County",4,26,76,45,31
050,40,011,"Oklahoma","Blaine County",4,27,79,45,34
050,40,011,"Oklahoma","Blaine County",4,28,77,41,36
050,40,011,"Oklahoma","Blaine County",4,29,95,45,50
050,40,011,"Oklahoma","Blaine County",4,30,106,52,54
050,40,011,"Oklahoma","Blaine County",4,31,96,52,44
050,40,011,"Oklahoma","Blaine County",4,32,95,42,53
050,40,011,"Oklahoma","Blaine County",4,33,76,42,34
050,40,011,"Oklahoma","Blaine County",4,34,93,49,44
050,40,011,"Oklahoma","Blaine County",4,35,94,46,48
050,40,011,"Oklahoma","Blaine County",4,36,96,47,49
050,40,011,"Oklahoma","Blaine County",4,37,92,45,47
050,40,011,"Oklahoma","Blaine County",4,38,93,50,43
050,40,011,"Oklahoma","Blaine County",4,39,98,50,48
050,40,011,"Oklahoma","Blaine County",4,40,108,49,59
050,40,011,"Oklahoma","Blaine County",4,41,101,57,44
050,40,011,"Oklahoma","Blaine County",4,42,83,50,33
050,40,011,"Oklahoma","Blaine County",4,43,87,46,41
050,40,011,"Oklahoma","Blaine County",4,44,86,38,48
050,40,011,"Oklahoma","Blaine County",4,45,98,52,46
050,40,011,"Oklahoma","Blaine County",4,46,74,46,28
050,40,011,"Oklahoma","Blaine County",4,47,92,43,49
050,40,011,"Oklahoma","Blaine County",4,48,105,48,57
050,40,011,"Oklahoma","Blaine County",4,49,80,35,45
050,40,011,"Oklahoma","Blaine County",4,50,100,55,45
050,40,011,"Oklahoma","Blaine County",4,51,95,47,48
050,40,011,"Oklahoma","Blaine County",4,52,97,54,43
050,40,011,"Oklahoma","Blaine County",4,53,95,50,45
050,40,011,"Oklahoma","Blaine County",4,54,92,54,38
050,40,011,"Oklahoma","Blaine County",4,55,94,58,36
050,40,011,"Oklahoma","Blaine County",4,56,108,57,51
050,40,011,"Oklahoma","Blaine County",4,57,96,52,44
050,40,011,"Oklahoma","Blaine County",4,58,111,59,52
050,40,011,"Oklahoma","Blaine County",4,59,121,66,55
050,40,011,"Oklahoma","Blaine County",4,60,131,74,57
050,40,011,"Oklahoma","Blaine County",4,61,123,65,58
050,40,011,"Oklahoma","Blaine County",4,62,123,57,66
050,40,011,"Oklahoma","Blaine County",4,63,112,52,60
050,40,011,"Oklahoma","Blaine County",4,64,115,59,56
050,40,011,"Oklahoma","Blaine County",4,65,126,68,58
050,40,011,"Oklahoma","Blaine County",4,66,112,46,66
050,40,011,"Oklahoma","Blaine County",4,67,115,54,61
050,40,011,"Oklahoma","Blaine County",4,68,107,57,50
050,40,011,"Oklahoma","Blaine County",4,69,103,54,49
050,40,011,"Oklahoma","Blaine County",4,70,103,52,51
050,40,011,"Oklahoma","Blaine County",4,71,102,47,55
050,40,011,"Oklahoma","Blaine County",4,72,95,43,52
050,40,011,"Oklahoma","Blaine County",4,73,83,38,45
050,40,011,"Oklahoma","Blaine County",4,74,77,33,44
050,40,011,"Oklahoma","Blaine County",4,75,89,43,46
050,40,011,"Oklahoma","Blaine County",4,76,61,30,31
050,40,011,"Oklahoma","Blaine County",4,77,54,23,31
050,40,011,"Oklahoma","Blaine County",4,78,53,23,30
050,40,011,"Oklahoma","Blaine County",4,79,55,27,28
050,40,011,"Oklahoma","Blaine County",4,80,44,17,27
050,40,011,"Oklahoma","Blaine County",4,81,49,22,27
050,40,011,"Oklahoma","Blaine County",4,82,47,21,26
050,40,011,"Oklahoma","Blaine County",4,83,36,16,20
050,40,011,"Oklahoma","Blaine County",4,84,40,17,23
050,40,011,"Oklahoma","Blaine County",4,85,190,42,148
050,40,011,"Oklahoma","Blaine County",5,0,119,68,51
050,40,011,"Oklahoma","Blaine County",5,1,125,71,54
050,40,011,"Oklahoma","Blaine County",5,2,131,78,53
050,40,011,"Oklahoma","Blaine County",5,3,107,47,60
050,40,011,"Oklahoma","Blaine County",5,4,113,50,63
050,40,011,"Oklahoma","Blaine County",5,5,98,56,42
050,40,011,"Oklahoma","Blaine County",5,6,108,66,42
050,40,011,"Oklahoma","Blaine County",5,7,111,60,51
050,40,011,"Oklahoma","Blaine County",5,8,119,55,64
050,40,011,"Oklahoma","Blaine County",5,9,131,59,72
050,40,011,"Oklahoma","Blaine County",5,10,129,71,58
050,40,011,"Oklahoma","Blaine County",5,11,116,63,53
050,40,011,"Oklahoma","Blaine County",5,12,123,60,63
050,40,011,"Oklahoma","Blaine County",5,13,139,78,61
050,40,011,"Oklahoma","Blaine County",5,14,132,78,54
050,40,011,"Oklahoma","Blaine County",5,15,143,82,61
050,40,011,"Oklahoma","Blaine County",5,16,148,85,63
050,40,011,"Oklahoma","Blaine County",5,17,126,62,64
050,40,011,"Oklahoma","Blaine County",5,18,115,58,57
050,40,011,"Oklahoma","Blaine County",5,19,87,46,41
050,40,011,"Oklahoma","Blaine County",5,20,86,43,43
050,40,011,"Oklahoma","Blaine County",5,21,85,47,38
050,40,011,"Oklahoma","Blaine County",5,22,103,50,53
050,40,011,"Oklahoma","Blaine County",5,23,81,34,47
050,40,011,"Oklahoma","Blaine County",5,24,102,55,47
050,40,011,"Oklahoma","Blaine County",5,25,85,46,39
050,40,011,"Oklahoma","Blaine County",5,26,75,36,39
050,40,011,"Oklahoma","Blaine County",5,27,83,47,36
050,40,011,"Oklahoma","Blaine County",5,28,87,50,37
050,40,011,"Oklahoma","Blaine County",5,29,76,43,33
050,40,011,"Oklahoma","Blaine County",5,30,105,52,53
050,40,011,"Oklahoma","Blaine County",5,31,111,54,57
050,40,011,"Oklahoma","Blaine County",5,32,107,50,57
050,40,011,"Oklahoma","Blaine County",5,33,95,41,54
050,40,011,"Oklahoma","Blaine County",5,34,86,51,35
050,40,011,"Oklahoma","Blaine County",5,35,92,45,47
050,40,011,"Oklahoma","Blaine County",5,36,93,48,45
050,40,011,"Oklahoma","Blaine County",5,37,111,57,54
050,40,011,"Oklahoma","Blaine County",5,38,93,44,49
050,40,011,"Oklahoma","Blaine County",5,39,99,52,47
050,40,011,"Oklahoma","Blaine County",5,40,92,51,41
050,40,011,"Oklahoma","Blaine County",5,41,126,61,65
050,40,011,"Oklahoma","Blaine County",5,42,103,58,45
050,40,011,"Oklahoma","Blaine County",5,43,89,55,34
050,40,011,"Oklahoma","Blaine County",5,44,89,50,39
050,40,011,"Oklahoma","Blaine County",5,45,86,37,49
050,40,011,"Oklahoma","Blaine County",5,46,102,55,47
050,40,011,"Oklahoma","Blaine County",5,47,70,46,24
050,40,011,"Oklahoma","Blaine County",5,48,85,40,45
050,40,011,"Oklahoma","Blaine County",5,49,96,43,53
050,40,011,"Oklahoma","Blaine County",5,50,87,43,44
050,40,011,"Oklahoma","Blaine County",5,51,100,60,40
050,40,011,"Oklahoma","Blaine County",5,52,92,44,48
050,40,011,"Oklahoma","Blaine County",5,53,98,54,44
050,40,011,"Oklahoma","Blaine County",5,54,86,40,46
050,40,011,"Oklahoma","Blaine County",5,55,92,55,37
050,40,011,"Oklahoma","Blaine County",5,56,92,52,40
050,40,011,"Oklahoma","Blaine County",5,57,112,59,53
050,40,011,"Oklahoma","Blaine County",5,58,95,54,41
050,40,011,"Oklahoma","Blaine County",5,59,110,59,51
050,40,011,"Oklahoma","Blaine County",5,60,120,64,56
050,40,011,"Oklahoma","Blaine County",5,61,129,71,58
050,40,011,"Oklahoma","Blaine County",5,62,126,64,62
050,40,011,"Oklahoma","Blaine County",5,63,126,58,68
050,40,011,"Oklahoma","Blaine County",5,64,110,50,60
050,40,011,"Oklahoma","Blaine County",5,65,117,61,56
050,40,011,"Oklahoma","Blaine County",5,66,119,64,55
050,40,011,"Oklahoma","Blaine County",5,67,110,45,65
050,40,011,"Oklahoma","Blaine County",5,68,106,51,55
050,40,011,"Oklahoma","Blaine County",5,69,106,58,48
050,40,011,"Oklahoma","Blaine County",5,70,109,58,51
050,40,011,"Oklahoma","Blaine County",5,71,98,49,49
050,40,011,"Oklahoma","Blaine County",5,72,100,46,54
050,40,011,"Oklahoma","Blaine County",5,73,95,43,52
050,40,011,"Oklahoma","Blaine County",5,74,87,39,48
050,40,011,"Oklahoma","Blaine County",5,75,71,29,42
050,40,011,"Oklahoma","Blaine County",5,76,83,43,40
050,40,011,"Oklahoma","Blaine County",5,77,57,27,30
050,40,011,"Oklahoma","Blaine County",5,78,49,21,28
050,40,011,"Oklahoma","Blaine County",5,79,50,21,29
050,40,011,"Oklahoma","Blaine County",5,80,50,25,25
050,40,011,"Oklahoma","Blaine County",5,81,41,14,27
050,40,011,"Oklahoma","Blaine County",5,82,43,20,23
050,40,011,"Oklahoma","Blaine County",5,83,43,20,23
050,40,011,"Oklahoma","Blaine County",5,84,29,11,18
050,40,011,"Oklahoma","Blaine County",5,85,188,36,152
050,40,013,"Oklahoma","Bryan County",1,0,555,289,266
050,40,013,"Oklahoma","Bryan County",1,1,590,313,277
050,40,013,"Oklahoma","Bryan County",1,2,600,308,292
050,40,013,"Oklahoma","Bryan County",1,3,607,314,293
050,40,013,"Oklahoma","Bryan County",1,4,642,324,318
050,40,013,"Oklahoma","Bryan County",1,5,611,325,286
050,40,013,"Oklahoma","Bryan County",1,6,612,328,284
050,40,013,"Oklahoma","Bryan County",1,7,613,302,311
050,40,013,"Oklahoma","Bryan County",1,8,648,333,315
050,40,013,"Oklahoma","Bryan County",1,9,639,329,310
050,40,013,"Oklahoma","Bryan County",1,10,595,306,289
050,40,013,"Oklahoma","Bryan County",1,11,616,313,303
050,40,013,"Oklahoma","Bryan County",1,12,636,321,315
050,40,013,"Oklahoma","Bryan County",1,13,628,319,309
050,40,013,"Oklahoma","Bryan County",1,14,578,290,288
050,40,013,"Oklahoma","Bryan County",1,15,573,291,282
050,40,013,"Oklahoma","Bryan County",1,16,565,263,302
050,40,013,"Oklahoma","Bryan County",1,17,593,287,306
050,40,013,"Oklahoma","Bryan County",1,18,628,314,314
050,40,013,"Oklahoma","Bryan County",1,19,633,334,299
050,40,013,"Oklahoma","Bryan County",1,20,632,314,318
050,40,013,"Oklahoma","Bryan County",1,21,627,321,306
050,40,013,"Oklahoma","Bryan County",1,22,601,315,286
050,40,013,"Oklahoma","Bryan County",1,23,597,284,313
050,40,013,"Oklahoma","Bryan County",1,24,584,299,285
050,40,013,"Oklahoma","Bryan County",1,25,608,321,287
050,40,013,"Oklahoma","Bryan County",1,26,633,319,314
050,40,013,"Oklahoma","Bryan County",1,27,631,299,332
050,40,013,"Oklahoma","Bryan County",1,28,651,307,344
050,40,013,"Oklahoma","Bryan County",1,29,679,331,348
050,40,013,"Oklahoma","Bryan County",1,30,688,351,337
050,40,013,"Oklahoma","Bryan County",1,31,720,364,356
050,40,013,"Oklahoma","Bryan County",1,32,694,360,334
050,40,013,"Oklahoma","Bryan County",1,33,649,341,308
050,40,013,"Oklahoma","Bryan County",1,34,588,300,288
050,40,013,"Oklahoma","Bryan County",1,35,569,293,276
050,40,013,"Oklahoma","Bryan County",1,36,562,285,277
050,40,013,"Oklahoma","Bryan County",1,37,612,299,313
050,40,013,"Oklahoma","Bryan County",1,38,570,270,300
050,40,013,"Oklahoma","Bryan County",1,39,586,282,304
050,40,013,"Oklahoma","Bryan County",1,40,551,271,280
050,40,013,"Oklahoma","Bryan County",1,41,538,262,276
050,40,013,"Oklahoma","Bryan County",1,42,515,253,262
050,40,013,"Oklahoma","Bryan County",1,43,517,264,253
050,40,013,"Oklahoma","Bryan County",1,44,496,258,238
050,40,013,"Oklahoma","Bryan County",1,45,487,246,241
050,40,013,"Oklahoma","Bryan County",1,46,472,242,230
050,40,013,"Oklahoma","Bryan County",1,47,521,258,263
050,40,013,"Oklahoma","Bryan County",1,48,587,282,305
050,40,013,"Oklahoma","Bryan County",1,49,598,283,315
050,40,013,"Oklahoma","Bryan County",1,50,556,272,284
050,40,013,"Oklahoma","Bryan County",1,51,527,252,275
050,40,013,"Oklahoma","Bryan County",1,52,515,265,250
050,40,013,"Oklahoma","Bryan County",1,53,529,261,268
050,40,013,"Oklahoma","Bryan County",1,54,540,271,269
050,40,013,"Oklahoma","Bryan County",1,55,540,270,270
050,40,013,"Oklahoma","Bryan County",1,56,554,281,273
050,40,013,"Oklahoma","Bryan County",1,57,568,274,294
050,40,013,"Oklahoma","Bryan County",1,58,557,260,297
050,40,013,"Oklahoma","Bryan County",1,59,569,276,293
050,40,013,"Oklahoma","Bryan County",1,60,516,238,278
050,40,013,"Oklahoma","Bryan County",1,61,524,238,286
050,40,013,"Oklahoma","Bryan County",1,62,566,276,290
050,40,013,"Oklahoma","Bryan County",1,63,553,260,293
050,40,013,"Oklahoma","Bryan County",1,64,538,249,289
050,40,013,"Oklahoma","Bryan County",1,65,484,229,255
050,40,013,"Oklahoma","Bryan County",1,66,466,215,251
050,40,013,"Oklahoma","Bryan County",1,67,456,203,253
050,40,013,"Oklahoma","Bryan County",1,68,463,213,250
050,40,013,"Oklahoma","Bryan County",1,69,459,213,246
050,40,013,"Oklahoma","Bryan County",1,70,487,224,263
050,40,013,"Oklahoma","Bryan County",1,71,453,198,255
050,40,013,"Oklahoma","Bryan County",1,72,475,214,261
050,40,013,"Oklahoma","Bryan County",1,73,476,233,243
050,40,013,"Oklahoma","Bryan County",1,74,336,157,179
050,40,013,"Oklahoma","Bryan County",1,75,337,151,186
050,40,013,"Oklahoma","Bryan County",1,76,352,158,194
050,40,013,"Oklahoma","Bryan County",1,77,347,154,193
050,40,013,"Oklahoma","Bryan County",1,78,312,145,167
050,40,013,"Oklahoma","Bryan County",1,79,282,139,143
050,40,013,"Oklahoma","Bryan County",1,80,225,101,124
050,40,013,"Oklahoma","Bryan County",1,81,205,88,117
050,40,013,"Oklahoma","Bryan County",1,82,178,68,110
050,40,013,"Oklahoma","Bryan County",1,83,182,69,113
050,40,013,"Oklahoma","Bryan County",1,84,180,77,103
050,40,013,"Oklahoma","Bryan County",1,85,839,323,516
050,40,013,"Oklahoma","Bryan County",2,0,581,297,284
050,40,013,"Oklahoma","Bryan County",2,1,581,308,273
050,40,013,"Oklahoma","Bryan County",2,2,602,312,290
050,40,013,"Oklahoma","Bryan County",2,3,607,312,295
050,40,013,"Oklahoma","Bryan County",2,4,640,325,315
050,40,013,"Oklahoma","Bryan County",2,5,620,326,294
050,40,013,"Oklahoma","Bryan County",2,6,616,328,288
050,40,013,"Oklahoma","Bryan County",2,7,613,310,303
050,40,013,"Oklahoma","Bryan County",2,8,640,326,314
050,40,013,"Oklahoma","Bryan County",2,9,643,333,310
050,40,013,"Oklahoma","Bryan County",2,10,610,315,295
050,40,013,"Oklahoma","Bryan County",2,11,613,312,301
050,40,013,"Oklahoma","Bryan County",2,12,636,321,315
050,40,013,"Oklahoma","Bryan County",2,13,629,319,310
050,40,013,"Oklahoma","Bryan County",2,14,591,297,294
050,40,013,"Oklahoma","Bryan County",2,15,577,289,288
050,40,013,"Oklahoma","Bryan County",2,16,573,272,301
050,40,013,"Oklahoma","Bryan County",2,17,587,281,306
050,40,013,"Oklahoma","Bryan County",2,18,624,310,314
050,40,013,"Oklahoma","Bryan County",2,19,642,335,307
050,40,013,"Oklahoma","Bryan County",2,20,637,315,322
050,40,013,"Oklahoma","Bryan County",2,21,634,324,310
050,40,013,"Oklahoma","Bryan County",2,22,614,319,295
050,40,013,"Oklahoma","Bryan County",2,23,601,294,307
050,40,013,"Oklahoma","Bryan County",2,24,590,297,293
050,40,013,"Oklahoma","Bryan County",2,25,608,318,290
050,40,013,"Oklahoma","Bryan County",2,26,631,321,310
050,40,013,"Oklahoma","Bryan County",2,27,634,305,329
050,40,013,"Oklahoma","Bryan County",2,28,649,305,344
050,40,013,"Oklahoma","Bryan County",2,29,671,326,345
050,40,013,"Oklahoma","Bryan County",2,30,693,351,342
050,40,013,"Oklahoma","Bryan County",2,31,712,363,349
050,40,013,"Oklahoma","Bryan County",2,32,703,364,339
050,40,013,"Oklahoma","Bryan County",2,33,663,347,316
050,40,013,"Oklahoma","Bryan County",2,34,607,312,295
050,40,013,"Oklahoma","Bryan County",2,35,577,294,283
050,40,013,"Oklahoma","Bryan County",2,36,564,288,276
050,40,013,"Oklahoma","Bryan County",2,37,604,297,307
050,40,013,"Oklahoma","Bryan County",2,38,582,277,305
050,40,013,"Oklahoma","Bryan County",2,39,583,280,303
050,40,013,"Oklahoma","Bryan County",2,40,565,276,289
050,40,013,"Oklahoma","Bryan County",2,41,544,265,279
050,40,013,"Oklahoma","Bryan County",2,42,519,255,264
050,40,013,"Oklahoma","Bryan County",2,43,522,265,257
050,40,013,"Oklahoma","Bryan County",2,44,501,259,242
050,40,013,"Oklahoma","Bryan County",2,45,490,247,243
050,40,013,"Oklahoma","Bryan County",2,46,477,243,234
050,40,013,"Oklahoma","Bryan County",2,47,510,255,255
050,40,013,"Oklahoma","Bryan County",2,48,576,277,299
050,40,013,"Oklahoma","Bryan County",2,49,602,288,314
050,40,013,"Oklahoma","Bryan County",2,50,575,280,295
050,40,013,"Oklahoma","Bryan County",2,51,539,261,278
050,40,013,"Oklahoma","Bryan County",2,52,520,262,258
050,40,013,"Oklahoma","Bryan County",2,53,530,265,265
050,40,013,"Oklahoma","Bryan County",2,54,534,267,267
050,40,013,"Oklahoma","Bryan County",2,55,542,270,272
050,40,013,"Oklahoma","Bryan County",2,56,557,281,276
050,40,013,"Oklahoma","Bryan County",2,57,569,276,293
050,40,013,"Oklahoma","Bryan County",2,58,563,265,298
050,40,013,"Oklahoma","Bryan County",2,59,568,274,294
050,40,013,"Oklahoma","Bryan County",2,60,526,245,281
050,40,013,"Oklahoma","Bryan County",2,61,525,240,285
050,40,013,"Oklahoma","Bryan County",2,62,554,265,289
050,40,013,"Oklahoma","Bryan County",2,63,561,266,295
050,40,013,"Oklahoma","Bryan County",2,64,537,249,288
050,40,013,"Oklahoma","Bryan County",2,65,493,232,261
050,40,013,"Oklahoma","Bryan County",2,66,473,221,252
050,40,013,"Oklahoma","Bryan County",2,67,458,207,251
050,40,013,"Oklahoma","Bryan County",2,68,460,209,251
050,40,013,"Oklahoma","Bryan County",2,69,461,215,246
050,40,013,"Oklahoma","Bryan County",2,70,471,216,255
050,40,013,"Oklahoma","Bryan County",2,71,460,206,254
050,40,013,"Oklahoma","Bryan County",2,72,463,208,255
050,40,013,"Oklahoma","Bryan County",2,73,497,240,257
050,40,013,"Oklahoma","Bryan County",2,74,347,164,183
050,40,013,"Oklahoma","Bryan County",2,75,334,149,185
050,40,013,"Oklahoma","Bryan County",2,76,339,151,188
050,40,013,"Oklahoma","Bryan County",2,77,356,159,197
050,40,013,"Oklahoma","Bryan County",2,78,314,144,170
050,40,013,"Oklahoma","Bryan County",2,79,284,137,147
050,40,013,"Oklahoma","Bryan County",2,80,239,110,129
050,40,013,"Oklahoma","Bryan County",2,81,204,89,115
050,40,013,"Oklahoma","Bryan County",2,82,186,74,112
050,40,013,"Oklahoma","Bryan County",2,83,175,66,109
050,40,013,"Oklahoma","Bryan County",2,84,177,76,101
050,40,013,"Oklahoma","Bryan County",2,85,851,324,527
050,40,013,"Oklahoma","Bryan County",3,0,556,280,276
050,40,013,"Oklahoma","Bryan County",3,1,600,318,282
050,40,013,"Oklahoma","Bryan County",3,2,596,318,278
050,40,013,"Oklahoma","Bryan County",3,3,632,337,295
050,40,013,"Oklahoma","Bryan County",3,4,614,324,290
050,40,013,"Oklahoma","Bryan County",3,5,638,317,321
050,40,013,"Oklahoma","Bryan County",3,6,621,323,298
050,40,013,"Oklahoma","Bryan County",3,7,630,336,294
050,40,013,"Oklahoma","Bryan County",3,8,616,318,298
050,40,013,"Oklahoma","Bryan County",3,9,661,343,318
050,40,013,"Oklahoma","Bryan County",3,10,651,334,317
050,40,013,"Oklahoma","Bryan County",3,11,611,323,288
050,40,013,"Oklahoma","Bryan County",3,12,611,315,296
050,40,013,"Oklahoma","Bryan County",3,13,664,332,332
050,40,013,"Oklahoma","Bryan County",3,14,622,318,304
050,40,013,"Oklahoma","Bryan County",3,15,590,298,292
050,40,013,"Oklahoma","Bryan County",3,16,575,285,290
050,40,013,"Oklahoma","Bryan County",3,17,587,279,308
050,40,013,"Oklahoma","Bryan County",3,18,627,313,314
050,40,013,"Oklahoma","Bryan County",3,19,660,336,324
050,40,013,"Oklahoma","Bryan County",3,20,619,308,311
050,40,013,"Oklahoma","Bryan County",3,21,648,315,333
050,40,013,"Oklahoma","Bryan County",3,22,686,342,344
050,40,013,"Oklahoma","Bryan County",3,23,629,326,303
050,40,013,"Oklahoma","Bryan County",3,24,635,322,313
050,40,013,"Oklahoma","Bryan County",3,25,604,297,307
050,40,013,"Oklahoma","Bryan County",3,26,613,330,283
050,40,013,"Oklahoma","Bryan County",3,27,664,346,318
050,40,013,"Oklahoma","Bryan County",3,28,672,325,347
050,40,013,"Oklahoma","Bryan County",3,29,657,306,351
050,40,013,"Oklahoma","Bryan County",3,30,680,343,337
050,40,013,"Oklahoma","Bryan County",3,31,704,359,345
050,40,013,"Oklahoma","Bryan County",3,32,707,353,354
050,40,013,"Oklahoma","Bryan County",3,33,713,369,344
050,40,013,"Oklahoma","Bryan County",3,34,689,352,337
050,40,013,"Oklahoma","Bryan County",3,35,606,310,296
050,40,013,"Oklahoma","Bryan County",3,36,595,307,288
050,40,013,"Oklahoma","Bryan County",3,37,591,295,296
050,40,013,"Oklahoma","Bryan County",3,38,618,301,317
050,40,013,"Oklahoma","Bryan County",3,39,610,291,319
050,40,013,"Oklahoma","Bryan County",3,40,591,283,308
050,40,013,"Oklahoma","Bryan County",3,41,576,282,294
050,40,013,"Oklahoma","Bryan County",3,42,576,277,299
050,40,013,"Oklahoma","Bryan County",3,43,515,255,260
050,40,013,"Oklahoma","Bryan County",3,44,534,271,263
050,40,013,"Oklahoma","Bryan County",3,45,509,259,250
050,40,013,"Oklahoma","Bryan County",3,46,501,255,246
050,40,013,"Oklahoma","Bryan County",3,47,495,249,246
050,40,013,"Oklahoma","Bryan County",3,48,529,261,268
050,40,013,"Oklahoma","Bryan County",3,49,571,280,291
050,40,013,"Oklahoma","Bryan County",3,50,611,295,316
050,40,013,"Oklahoma","Bryan County",3,51,572,279,293
050,40,013,"Oklahoma","Bryan County",3,52,534,254,280
050,40,013,"Oklahoma","Bryan County",3,53,517,262,255
050,40,013,"Oklahoma","Bryan County",3,54,520,260,260
050,40,013,"Oklahoma","Bryan County",3,55,544,273,271
050,40,013,"Oklahoma","Bryan County",3,56,541,262,279
050,40,013,"Oklahoma","Bryan County",3,57,565,286,279
050,40,013,"Oklahoma","Bryan County",3,58,567,266,301
050,40,013,"Oklahoma","Bryan County",3,59,554,269,285
050,40,013,"Oklahoma","Bryan County",3,60,565,274,291
050,40,013,"Oklahoma","Bryan County",3,61,528,236,292
050,40,013,"Oklahoma","Bryan County",3,62,522,239,283
050,40,013,"Oklahoma","Bryan County",3,63,568,276,292
050,40,013,"Oklahoma","Bryan County",3,64,554,256,298
050,40,013,"Oklahoma","Bryan County",3,65,529,241,288
050,40,013,"Oklahoma","Bryan County",3,66,483,229,254
050,40,013,"Oklahoma","Bryan County",3,67,475,219,256
050,40,013,"Oklahoma","Bryan County",3,68,478,221,257
050,40,013,"Oklahoma","Bryan County",3,69,452,211,241
050,40,013,"Oklahoma","Bryan County",3,70,437,195,242
050,40,013,"Oklahoma","Bryan County",3,71,470,217,253
050,40,013,"Oklahoma","Bryan County",3,72,452,200,252
050,40,013,"Oklahoma","Bryan County",3,73,447,196,251
050,40,013,"Oklahoma","Bryan County",3,74,474,226,248
050,40,013,"Oklahoma","Bryan County",3,75,339,157,182
050,40,013,"Oklahoma","Bryan County",3,76,304,132,172
050,40,013,"Oklahoma","Bryan County",3,77,317,137,180
050,40,013,"Oklahoma","Bryan County",3,78,349,158,191
050,40,013,"Oklahoma","Bryan County",3,79,277,123,154
050,40,013,"Oklahoma","Bryan County",3,80,273,123,150
050,40,013,"Oklahoma","Bryan County",3,81,228,99,129
050,40,013,"Oklahoma","Bryan County",3,82,183,76,107
050,40,013,"Oklahoma","Bryan County",3,83,175,68,107
050,40,013,"Oklahoma","Bryan County",3,84,157,60,97
050,40,013,"Oklahoma","Bryan County",3,85,866,331,535
050,40,013,"Oklahoma","Bryan County",4,0,554,283,271
050,40,013,"Oklahoma","Bryan County",4,1,577,283,294
050,40,013,"Oklahoma","Bryan County",4,2,629,326,303
050,40,013,"Oklahoma","Bryan County",4,3,605,336,269
050,40,013,"Oklahoma","Bryan County",4,4,637,342,295
050,40,013,"Oklahoma","Bryan County",4,5,628,323,305
050,40,013,"Oklahoma","Bryan County",4,6,652,332,320
050,40,013,"Oklahoma","Bryan County",4,7,633,329,304
050,40,013,"Oklahoma","Bryan County",4,8,636,340,296
050,40,013,"Oklahoma","Bryan County",4,9,620,317,303
050,40,013,"Oklahoma","Bryan County",4,10,675,357,318
050,40,013,"Oklahoma","Bryan County",4,11,653,336,317
050,40,013,"Oklahoma","Bryan County",4,12,642,323,319
050,40,013,"Oklahoma","Bryan County",4,13,632,333,299
050,40,013,"Oklahoma","Bryan County",4,14,679,334,345
050,40,013,"Oklahoma","Bryan County",4,15,628,308,320
050,40,013,"Oklahoma","Bryan County",4,16,601,303,298
050,40,013,"Oklahoma","Bryan County",4,17,588,300,288
050,40,013,"Oklahoma","Bryan County",4,18,610,300,310
050,40,013,"Oklahoma","Bryan County",4,19,649,337,312
050,40,013,"Oklahoma","Bryan County",4,20,628,309,319
050,40,013,"Oklahoma","Bryan County",4,21,639,315,324
050,40,013,"Oklahoma","Bryan County",4,22,673,328,345
050,40,013,"Oklahoma","Bryan County",4,23,701,344,357
050,40,013,"Oklahoma","Bryan County",4,24,642,338,304
050,40,013,"Oklahoma","Bryan County",4,25,652,324,328
050,40,013,"Oklahoma","Bryan County",4,26,642,312,330
050,40,013,"Oklahoma","Bryan County",4,27,624,325,299
050,40,013,"Oklahoma","Bryan County",4,28,671,350,321
050,40,013,"Oklahoma","Bryan County",4,29,664,330,334
050,40,013,"Oklahoma","Bryan County",4,30,682,316,366
050,40,013,"Oklahoma","Bryan County",4,31,685,345,340
050,40,013,"Oklahoma","Bryan County",4,32,719,367,352
050,40,013,"Oklahoma","Bryan County",4,33,730,373,357
050,40,013,"Oklahoma","Bryan County",4,34,712,370,342
050,40,013,"Oklahoma","Bryan County",4,35,696,350,346
050,40,013,"Oklahoma","Bryan County",4,36,602,312,290
050,40,013,"Oklahoma","Bryan County",4,37,615,313,302
050,40,013,"Oklahoma","Bryan County",4,38,597,294,303
050,40,013,"Oklahoma","Bryan County",4,39,628,308,320
050,40,013,"Oklahoma","Bryan County",4,40,619,306,313
050,40,013,"Oklahoma","Bryan County",4,41,599,288,311
050,40,013,"Oklahoma","Bryan County",4,42,576,278,298
050,40,013,"Oklahoma","Bryan County",4,43,577,284,293
050,40,013,"Oklahoma","Bryan County",4,44,524,251,273
050,40,013,"Oklahoma","Bryan County",4,45,543,272,271
050,40,013,"Oklahoma","Bryan County",4,46,514,260,254
050,40,013,"Oklahoma","Bryan County",4,47,510,259,251
050,40,013,"Oklahoma","Bryan County",4,48,529,265,264
050,40,013,"Oklahoma","Bryan County",4,49,538,262,276
050,40,013,"Oklahoma","Bryan County",4,50,588,286,302
050,40,013,"Oklahoma","Bryan County",4,51,625,301,324
050,40,013,"Oklahoma","Bryan County",4,52,583,281,302
050,40,013,"Oklahoma","Bryan County",4,53,545,255,290
050,40,013,"Oklahoma","Bryan County",4,54,525,258,267
050,40,013,"Oklahoma","Bryan County",4,55,529,266,263
050,40,013,"Oklahoma","Bryan County",4,56,571,285,286
050,40,013,"Oklahoma","Bryan County",4,57,558,270,288
050,40,013,"Oklahoma","Bryan County",4,58,557,274,283
050,40,013,"Oklahoma","Bryan County",4,59,588,277,311
050,40,013,"Oklahoma","Bryan County",4,60,563,268,295
050,40,013,"Oklahoma","Bryan County",4,61,571,272,299
050,40,013,"Oklahoma","Bryan County",4,62,527,241,286
050,40,013,"Oklahoma","Bryan County",4,63,523,247,276
050,40,013,"Oklahoma","Bryan County",4,64,586,297,289
050,40,013,"Oklahoma","Bryan County",4,65,541,245,296
050,40,013,"Oklahoma","Bryan County",4,66,540,251,289
050,40,013,"Oklahoma","Bryan County",4,67,491,231,260
050,40,013,"Oklahoma","Bryan County",4,68,457,208,249
050,40,013,"Oklahoma","Bryan County",4,69,471,220,251
050,40,013,"Oklahoma","Bryan County",4,70,458,213,245
050,40,013,"Oklahoma","Bryan County",4,71,435,191,244
050,40,013,"Oklahoma","Bryan County",4,72,461,212,249
050,40,013,"Oklahoma","Bryan County",4,73,442,195,247
050,40,013,"Oklahoma","Bryan County",4,74,429,187,242
050,40,013,"Oklahoma","Bryan County",4,75,467,217,250
050,40,013,"Oklahoma","Bryan County",4,76,307,143,164
050,40,013,"Oklahoma","Bryan County",4,77,292,126,166
050,40,013,"Oklahoma","Bryan County",4,78,327,145,182
050,40,013,"Oklahoma","Bryan County",4,79,308,131,177
050,40,013,"Oklahoma","Bryan County",4,80,267,111,156
050,40,013,"Oklahoma","Bryan County",4,81,244,104,140
050,40,013,"Oklahoma","Bryan County",4,82,207,87,120
050,40,013,"Oklahoma","Bryan County",4,83,175,69,106
050,40,013,"Oklahoma","Bryan County",4,84,155,62,93
050,40,013,"Oklahoma","Bryan County",4,85,866,328,538
050,40,013,"Oklahoma","Bryan County",5,0,519,267,252
050,40,013,"Oklahoma","Bryan County",5,1,584,290,294
050,40,013,"Oklahoma","Bryan County",5,2,591,287,304
050,40,013,"Oklahoma","Bryan County",5,3,644,325,319
050,40,013,"Oklahoma","Bryan County",5,4,636,344,292
050,40,013,"Oklahoma","Bryan County",5,5,642,356,286
050,40,013,"Oklahoma","Bryan County",5,6,662,348,314
050,40,013,"Oklahoma","Bryan County",5,7,653,333,320
050,40,013,"Oklahoma","Bryan County",5,8,657,345,312
050,40,013,"Oklahoma","Bryan County",5,9,660,355,305
050,40,013,"Oklahoma","Bryan County",5,10,641,330,311
050,40,013,"Oklahoma","Bryan County",5,11,688,366,322
050,40,013,"Oklahoma","Bryan County",5,12,673,358,315
050,40,013,"Oklahoma","Bryan County",5,13,673,340,333
050,40,013,"Oklahoma","Bryan County",5,14,636,342,294
050,40,013,"Oklahoma","Bryan County",5,15,686,336,350
050,40,013,"Oklahoma","Bryan County",5,16,653,316,337
050,40,013,"Oklahoma","Bryan County",5,17,604,300,304
050,40,013,"Oklahoma","Bryan County",5,18,612,305,307
050,40,013,"Oklahoma","Bryan County",5,19,614,318,296
050,40,013,"Oklahoma","Bryan County",5,20,609,293,316
050,40,013,"Oklahoma","Bryan County",5,21,636,329,307
050,40,013,"Oklahoma","Bryan County",5,22,676,342,334
050,40,013,"Oklahoma","Bryan County",5,23,675,332,343
050,40,013,"Oklahoma","Bryan County",5,24,733,366,367
050,40,013,"Oklahoma","Bryan County",5,25,645,347,298
050,40,013,"Oklahoma","Bryan County",5,26,678,329,349
050,40,013,"Oklahoma","Bryan County",5,27,656,328,328
050,40,013,"Oklahoma","Bryan County",5,28,637,321,316
050,40,013,"Oklahoma","Bryan County",5,29,710,368,342
050,40,013,"Oklahoma","Bryan County",5,30,672,326,346
050,40,013,"Oklahoma","Bryan County",5,31,700,337,363
050,40,013,"Oklahoma","Bryan County",5,32,694,353,341
050,40,013,"Oklahoma","Bryan County",5,33,748,380,368
050,40,013,"Oklahoma","Bryan County",5,34,763,395,368
050,40,013,"Oklahoma","Bryan County",5,35,729,385,344
050,40,013,"Oklahoma","Bryan County",5,36,714,368,346
050,40,013,"Oklahoma","Bryan County",5,37,620,317,303
050,40,013,"Oklahoma","Bryan County",5,38,617,309,308
050,40,013,"Oklahoma","Bryan County",5,39,601,293,308
050,40,013,"Oklahoma","Bryan County",5,40,625,304,321
050,40,013,"Oklahoma","Bryan County",5,41,624,307,317
050,40,013,"Oklahoma","Bryan County",5,42,616,294,322
050,40,013,"Oklahoma","Bryan County",5,43,597,285,312
050,40,013,"Oklahoma","Bryan County",5,44,600,292,308
050,40,013,"Oklahoma","Bryan County",5,45,531,258,273
050,40,013,"Oklahoma","Bryan County",5,46,542,268,274
050,40,013,"Oklahoma","Bryan County",5,47,523,264,259
050,40,013,"Oklahoma","Bryan County",5,48,551,286,265
050,40,013,"Oklahoma","Bryan County",5,49,518,260,258
050,40,013,"Oklahoma","Bryan County",5,50,561,273,288
050,40,013,"Oklahoma","Bryan County",5,51,587,283,304
050,40,013,"Oklahoma","Bryan County",5,52,603,289,314
050,40,013,"Oklahoma","Bryan County",5,53,606,290,316
050,40,013,"Oklahoma","Bryan County",5,54,567,256,311
050,40,013,"Oklahoma","Bryan County",5,55,520,256,264
050,40,013,"Oklahoma","Bryan County",5,56,519,254,265
050,40,013,"Oklahoma","Bryan County",5,57,571,274,297
050,40,013,"Oklahoma","Bryan County",5,58,542,261,281
050,40,013,"Oklahoma","Bryan County",5,59,572,277,295
050,40,013,"Oklahoma","Bryan County",5,60,592,275,317
050,40,013,"Oklahoma","Bryan County",5,61,561,263,298
050,40,013,"Oklahoma","Bryan County",5,62,556,267,289
050,40,013,"Oklahoma","Bryan County",5,63,538,254,284
050,40,013,"Oklahoma","Bryan County",5,64,532,252,280
050,40,013,"Oklahoma","Bryan County",5,65,572,289,283
050,40,013,"Oklahoma","Bryan County",5,66,557,256,301
050,40,013,"Oklahoma","Bryan County",5,67,544,250,294
050,40,013,"Oklahoma","Bryan County",5,68,489,227,262
050,40,013,"Oklahoma","Bryan County",5,69,447,208,239
050,40,013,"Oklahoma","Bryan County",5,70,465,215,250
050,40,013,"Oklahoma","Bryan County",5,71,454,211,243
050,40,013,"Oklahoma","Bryan County",5,72,428,185,243
050,40,013,"Oklahoma","Bryan County",5,73,452,205,247
050,40,013,"Oklahoma","Bryan County",5,74,435,188,247
050,40,013,"Oklahoma","Bryan County",5,75,417,180,237
050,40,013,"Oklahoma","Bryan County",5,76,432,199,233
050,40,013,"Oklahoma","Bryan County",5,77,288,131,157
050,40,013,"Oklahoma","Bryan County",5,78,289,128,161
050,40,013,"Oklahoma","Bryan County",5,79,294,124,170
050,40,013,"Oklahoma","Bryan County",5,80,291,122,169
050,40,013,"Oklahoma","Bryan County",5,81,244,100,144
050,40,013,"Oklahoma","Bryan County",5,82,229,100,129
050,40,013,"Oklahoma","Bryan County",5,83,194,81,113
050,40,013,"Oklahoma","Bryan County",5,84,162,66,96
050,40,013,"Oklahoma","Bryan County",5,85,889,340,549
050,40,015,"Oklahoma","Caddo County",1,0,315,160,155
050,40,015,"Oklahoma","Caddo County",1,1,307,153,154
050,40,015,"Oklahoma","Caddo County",1,2,328,156,172
050,40,015,"Oklahoma","Caddo County",1,3,368,193,175
050,40,015,"Oklahoma","Caddo County",1,4,336,186,150
050,40,015,"Oklahoma","Caddo County",1,5,329,189,140
050,40,015,"Oklahoma","Caddo County",1,6,361,192,169
050,40,015,"Oklahoma","Caddo County",1,7,344,184,160
050,40,015,"Oklahoma","Caddo County",1,8,364,190,174
050,40,015,"Oklahoma","Caddo County",1,9,387,201,186
050,40,015,"Oklahoma","Caddo County",1,10,368,184,184
050,40,015,"Oklahoma","Caddo County",1,11,360,180,180
050,40,015,"Oklahoma","Caddo County",1,12,351,175,176
050,40,015,"Oklahoma","Caddo County",1,13,345,171,174
050,40,015,"Oklahoma","Caddo County",1,14,345,172,173
050,40,015,"Oklahoma","Caddo County",1,15,344,184,160
050,40,015,"Oklahoma","Caddo County",1,16,370,184,186
050,40,015,"Oklahoma","Caddo County",1,17,372,198,174
050,40,015,"Oklahoma","Caddo County",1,18,324,174,150
050,40,015,"Oklahoma","Caddo County",1,19,276,155,121
050,40,015,"Oklahoma","Caddo County",1,20,310,195,115
050,40,015,"Oklahoma","Caddo County",1,21,340,218,122
050,40,015,"Oklahoma","Caddo County",1,22,317,194,123
050,40,015,"Oklahoma","Caddo County",1,23,328,214,114
050,40,015,"Oklahoma","Caddo County",1,24,391,278,113
050,40,015,"Oklahoma","Caddo County",1,25,398,277,121
050,40,015,"Oklahoma","Caddo County",1,26,417,302,115
050,40,015,"Oklahoma","Caddo County",1,27,426,291,135
050,40,015,"Oklahoma","Caddo County",1,28,450,320,130
050,40,015,"Oklahoma","Caddo County",1,29,431,303,128
050,40,015,"Oklahoma","Caddo County",1,30,403,265,138
050,40,015,"Oklahoma","Caddo County",1,31,446,317,129
050,40,015,"Oklahoma","Caddo County",1,32,402,270,132
050,40,015,"Oklahoma","Caddo County",1,33,360,240,120
050,40,015,"Oklahoma","Caddo County",1,34,378,235,143
050,40,015,"Oklahoma","Caddo County",1,35,357,220,137
050,40,015,"Oklahoma","Caddo County",1,36,368,227,141
050,40,015,"Oklahoma","Caddo County",1,37,373,231,142
050,40,015,"Oklahoma","Caddo County",1,38,398,245,153
050,40,015,"Oklahoma","Caddo County",1,39,416,277,139
050,40,015,"Oklahoma","Caddo County",1,40,356,217,139
050,40,015,"Oklahoma","Caddo County",1,41,366,224,142
050,40,015,"Oklahoma","Caddo County",1,42,369,237,132
050,40,015,"Oklahoma","Caddo County",1,43,334,228,106
050,40,015,"Oklahoma","Caddo County",1,44,298,195,103
050,40,015,"Oklahoma","Caddo County",1,45,314,199,115
050,40,015,"Oklahoma","Caddo County",1,46,308,197,111
050,40,015,"Oklahoma","Caddo County",1,47,364,225,139
050,40,015,"Oklahoma","Caddo County",1,48,335,211,124
050,40,015,"Oklahoma","Caddo County",1,49,333,197,136
050,40,015,"Oklahoma","Caddo County",1,50,315,179,136
050,40,015,"Oklahoma","Caddo County",1,51,329,190,139
050,40,015,"Oklahoma","Caddo County",1,52,311,183,128
050,40,015,"Oklahoma","Caddo County",1,53,297,176,121
050,40,015,"Oklahoma","Caddo County",1,54,296,158,138
050,40,015,"Oklahoma","Caddo County",1,55,311,168,143
050,40,015,"Oklahoma","Caddo County",1,56,338,166,172
050,40,015,"Oklahoma","Caddo County",1,57,329,163,166
050,40,015,"Oklahoma","Caddo County",1,58,349,181,168
050,40,015,"Oklahoma","Caddo County",1,59,353,186,167
050,40,015,"Oklahoma","Caddo County",1,60,313,168,145
050,40,015,"Oklahoma","Caddo County",1,61,302,144,158
050,40,015,"Oklahoma","Caddo County",1,62,331,162,169
050,40,015,"Oklahoma","Caddo County",1,63,315,159,156
050,40,015,"Oklahoma","Caddo County",1,64,292,149,143
050,40,015,"Oklahoma","Caddo County",1,65,292,143,149
050,40,015,"Oklahoma","Caddo County",1,66,270,126,144
050,40,015,"Oklahoma","Caddo County",1,67,254,113,141
050,40,015,"Oklahoma","Caddo County",1,68,254,115,139
050,40,015,"Oklahoma","Caddo County",1,69,259,128,131
050,40,015,"Oklahoma","Caddo County",1,70,237,118,119
050,40,015,"Oklahoma","Caddo County",1,71,216,105,111
050,40,015,"Oklahoma","Caddo County",1,72,219,110,109
050,40,015,"Oklahoma","Caddo County",1,73,232,109,123
050,40,015,"Oklahoma","Caddo County",1,74,179,76,103
050,40,015,"Oklahoma","Caddo County",1,75,189,82,107
050,40,015,"Oklahoma","Caddo County",1,76,178,77,101
050,40,015,"Oklahoma","Caddo County",1,77,175,83,92
050,40,015,"Oklahoma","Caddo County",1,78,147,67,80
050,40,015,"Oklahoma","Caddo County",1,79,135,57,78
050,40,015,"Oklahoma","Caddo County",1,80,127,47,80
050,40,015,"Oklahoma","Caddo County",1,81,115,56,59
050,40,015,"Oklahoma","Caddo County",1,82,100,43,57
050,40,015,"Oklahoma","Caddo County",1,83,99,39,60
050,40,015,"Oklahoma","Caddo County",1,84,81,29,52
050,40,015,"Oklahoma","Caddo County",1,85,425,138,287
050,40,015,"Oklahoma","Caddo County",2,0,338,166,172
050,40,015,"Oklahoma","Caddo County",2,1,307,153,154
050,40,015,"Oklahoma","Caddo County",2,2,325,157,168
050,40,015,"Oklahoma","Caddo County",2,3,355,182,173
050,40,015,"Oklahoma","Caddo County",2,4,341,187,154
050,40,015,"Oklahoma","Caddo County",2,5,332,189,143
050,40,015,"Oklahoma","Caddo County",2,6,352,192,160
050,40,015,"Oklahoma","Caddo County",2,7,348,185,163
050,40,015,"Oklahoma","Caddo County",2,8,357,185,172
050,40,015,"Oklahoma","Caddo County",2,9,382,199,183
050,40,015,"Oklahoma","Caddo County",2,10,374,190,184
050,40,015,"Oklahoma","Caddo County",2,11,362,180,182
050,40,015,"Oklahoma","Caddo County",2,12,355,177,178
050,40,015,"Oklahoma","Caddo County",2,13,347,173,174
050,40,015,"Oklahoma","Caddo County",2,14,342,171,171
050,40,015,"Oklahoma","Caddo County",2,15,349,184,165
050,40,015,"Oklahoma","Caddo County",2,16,364,185,179
050,40,015,"Oklahoma","Caddo County",2,17,368,193,175
050,40,015,"Oklahoma","Caddo County",2,18,318,172,146
050,40,015,"Oklahoma","Caddo County",2,19,278,155,123
050,40,015,"Oklahoma","Caddo County",2,20,314,196,118
050,40,015,"Oklahoma","Caddo County",2,21,341,221,120
050,40,015,"Oklahoma","Caddo County",2,22,319,196,123
050,40,015,"Oklahoma","Caddo County",2,23,334,218,116
050,40,015,"Oklahoma","Caddo County",2,24,388,277,111
050,40,015,"Oklahoma","Caddo County",2,25,396,277,119
050,40,015,"Oklahoma","Caddo County",2,26,420,301,119
050,40,015,"Oklahoma","Caddo County",2,27,425,295,130
050,40,015,"Oklahoma","Caddo County",2,28,449,318,131
050,40,015,"Oklahoma","Caddo County",2,29,433,306,127
050,40,015,"Oklahoma","Caddo County",2,30,401,266,135
050,40,015,"Oklahoma","Caddo County",2,31,444,313,131
050,40,015,"Oklahoma","Caddo County",2,32,407,275,132
050,40,015,"Oklahoma","Caddo County",2,33,363,239,124
050,40,015,"Oklahoma","Caddo County",2,34,373,234,139
050,40,015,"Oklahoma","Caddo County",2,35,363,223,140
050,40,015,"Oklahoma","Caddo County",2,36,360,221,139
050,40,015,"Oklahoma","Caddo County",2,37,374,230,144
050,40,015,"Oklahoma","Caddo County",2,38,401,253,148
050,40,015,"Oklahoma","Caddo County",2,39,408,267,141
050,40,015,"Oklahoma","Caddo County",2,40,364,224,140
050,40,015,"Oklahoma","Caddo County",2,41,362,221,141
050,40,015,"Oklahoma","Caddo County",2,42,372,239,133
050,40,015,"Oklahoma","Caddo County",2,43,341,228,113
050,40,015,"Oklahoma","Caddo County",2,44,294,190,104
050,40,015,"Oklahoma","Caddo County",2,45,319,206,113
050,40,015,"Oklahoma","Caddo County",2,46,305,194,111
050,40,015,"Oklahoma","Caddo County",2,47,355,223,132
050,40,015,"Oklahoma","Caddo County",2,48,335,209,126
050,40,015,"Oklahoma","Caddo County",2,49,326,196,130
050,40,015,"Oklahoma","Caddo County",2,50,320,183,137
050,40,015,"Oklahoma","Caddo County",2,51,325,190,135
050,40,015,"Oklahoma","Caddo County",2,52,308,178,130
050,40,015,"Oklahoma","Caddo County",2,53,296,174,122
050,40,015,"Oklahoma","Caddo County",2,54,295,163,132
050,40,015,"Oklahoma","Caddo County",2,55,305,163,142
050,40,015,"Oklahoma","Caddo County",2,56,330,163,167
050,40,015,"Oklahoma","Caddo County",2,57,326,158,168
050,40,015,"Oklahoma","Caddo County",2,58,341,175,166
050,40,015,"Oklahoma","Caddo County",2,59,349,183,166
050,40,015,"Oklahoma","Caddo County",2,60,317,168,149
050,40,015,"Oklahoma","Caddo County",2,61,303,148,155
050,40,015,"Oklahoma","Caddo County",2,62,324,159,165
050,40,015,"Oklahoma","Caddo County",2,63,318,159,159
050,40,015,"Oklahoma","Caddo County",2,64,291,145,146
050,40,015,"Oklahoma","Caddo County",2,65,292,144,148
050,40,015,"Oklahoma","Caddo County",2,66,276,129,147
050,40,015,"Oklahoma","Caddo County",2,67,258,117,141
050,40,015,"Oklahoma","Caddo County",2,68,251,113,138
050,40,015,"Oklahoma","Caddo County",2,69,258,126,132
050,40,015,"Oklahoma","Caddo County",2,70,239,118,121
050,40,015,"Oklahoma","Caddo County",2,71,220,108,112
050,40,015,"Oklahoma","Caddo County",2,72,213,107,106
050,40,015,"Oklahoma","Caddo County",2,73,239,113,126
050,40,015,"Oklahoma","Caddo County",2,74,178,78,100
050,40,015,"Oklahoma","Caddo County",2,75,186,80,106
050,40,015,"Oklahoma","Caddo County",2,76,172,74,98
050,40,015,"Oklahoma","Caddo County",2,77,175,81,94
050,40,015,"Oklahoma","Caddo County",2,78,148,67,81
050,40,015,"Oklahoma","Caddo County",2,79,131,57,74
050,40,015,"Oklahoma","Caddo County",2,80,130,50,80
050,40,015,"Oklahoma","Caddo County",2,81,115,53,62
050,40,015,"Oklahoma","Caddo County",2,82,103,46,57
050,40,015,"Oklahoma","Caddo County",2,83,98,39,59
050,40,015,"Oklahoma","Caddo County",2,84,82,29,53
050,40,015,"Oklahoma","Caddo County",2,85,417,139,278
050,40,015,"Oklahoma","Caddo County",3,0,317,156,161
050,40,015,"Oklahoma","Caddo County",3,1,286,120,166
050,40,015,"Oklahoma","Caddo County",3,2,289,137,152
050,40,015,"Oklahoma","Caddo County",3,3,311,144,167
050,40,015,"Oklahoma","Caddo County",3,4,344,180,164
050,40,015,"Oklahoma","Caddo County",3,5,346,191,155
050,40,015,"Oklahoma","Caddo County",3,6,332,177,155
050,40,015,"Oklahoma","Caddo County",3,7,339,188,151
050,40,015,"Oklahoma","Caddo County",3,8,336,189,147
050,40,015,"Oklahoma","Caddo County",3,9,352,180,172
050,40,015,"Oklahoma","Caddo County",3,10,378,200,178
050,40,015,"Oklahoma","Caddo County",3,11,369,189,180
050,40,015,"Oklahoma","Caddo County",3,12,352,175,177
050,40,015,"Oklahoma","Caddo County",3,13,344,177,167
050,40,015,"Oklahoma","Caddo County",3,14,340,168,172
050,40,015,"Oklahoma","Caddo County",3,15,339,173,166
050,40,015,"Oklahoma","Caddo County",3,16,341,181,160
050,40,015,"Oklahoma","Caddo County",3,17,357,179,178
050,40,015,"Oklahoma","Caddo County",3,18,329,185,144
050,40,015,"Oklahoma","Caddo County",3,19,266,146,120
050,40,015,"Oklahoma","Caddo County",3,20,312,193,119
050,40,015,"Oklahoma","Caddo County",3,21,348,228,120
050,40,015,"Oklahoma","Caddo County",3,22,323,200,123
050,40,015,"Oklahoma","Caddo County",3,23,340,223,117
050,40,015,"Oklahoma","Caddo County",3,24,390,276,114
050,40,015,"Oklahoma","Caddo County",3,25,363,258,105
050,40,015,"Oklahoma","Caddo County",3,26,397,287,110
050,40,015,"Oklahoma","Caddo County",3,27,421,291,130
050,40,015,"Oklahoma","Caddo County",3,28,456,315,141
050,40,015,"Oklahoma","Caddo County",3,29,435,309,126
050,40,015,"Oklahoma","Caddo County",3,30,387,260,127
050,40,015,"Oklahoma","Caddo County",3,31,439,306,133
050,40,015,"Oklahoma","Caddo County",3,32,429,297,132
050,40,015,"Oklahoma","Caddo County",3,33,356,231,125
050,40,015,"Oklahoma","Caddo County",3,34,347,226,121
050,40,015,"Oklahoma","Caddo County",3,35,350,228,122
050,40,015,"Oklahoma","Caddo County",3,36,355,207,148
050,40,015,"Oklahoma","Caddo County",3,37,356,220,136
050,40,015,"Oklahoma","Caddo County",3,38,416,271,145
050,40,015,"Oklahoma","Caddo County",3,39,398,254,144
050,40,015,"Oklahoma","Caddo County",3,40,369,224,145
050,40,015,"Oklahoma","Caddo County",3,41,359,216,143
050,40,015,"Oklahoma","Caddo County",3,42,372,240,132
050,40,015,"Oklahoma","Caddo County",3,43,362,240,122
050,40,015,"Oklahoma","Caddo County",3,44,299,191,108
050,40,015,"Oklahoma","Caddo County",3,45,319,213,106
050,40,015,"Oklahoma","Caddo County",3,46,304,192,112
050,40,015,"Oklahoma","Caddo County",3,47,318,209,109
050,40,015,"Oklahoma","Caddo County",3,48,341,207,134
050,40,015,"Oklahoma","Caddo County",3,49,302,184,118
050,40,015,"Oklahoma","Caddo County",3,50,318,182,136
050,40,015,"Oklahoma","Caddo County",3,51,321,193,128
050,40,015,"Oklahoma","Caddo County",3,52,299,165,134
050,40,015,"Oklahoma","Caddo County",3,53,293,164,129
050,40,015,"Oklahoma","Caddo County",3,54,308,184,124
050,40,015,"Oklahoma","Caddo County",3,55,288,150,138
050,40,015,"Oklahoma","Caddo County",3,56,297,154,143
050,40,015,"Oklahoma","Caddo County",3,57,321,160,161
050,40,015,"Oklahoma","Caddo County",3,58,334,168,166
050,40,015,"Oklahoma","Caddo County",3,59,334,166,168
050,40,015,"Oklahoma","Caddo County",3,60,337,171,166
050,40,015,"Oklahoma","Caddo County",3,61,304,159,145
050,40,015,"Oklahoma","Caddo County",3,62,310,154,156
050,40,015,"Oklahoma","Caddo County",3,63,306,151,155
050,40,015,"Oklahoma","Caddo County",3,64,304,144,160
050,40,015,"Oklahoma","Caddo County",3,65,282,142,140
050,40,015,"Oklahoma","Caddo County",3,66,288,140,148
050,40,015,"Oklahoma","Caddo County",3,67,263,123,140
050,40,015,"Oklahoma","Caddo County",3,68,247,110,137
050,40,015,"Oklahoma","Caddo County",3,69,248,114,134
050,40,015,"Oklahoma","Caddo County",3,70,235,111,124
050,40,015,"Oklahoma","Caddo County",3,71,236,112,124
050,40,015,"Oklahoma","Caddo County",3,72,200,100,100
050,40,015,"Oklahoma","Caddo County",3,73,206,100,106
050,40,015,"Oklahoma","Caddo County",3,74,227,109,118
050,40,015,"Oklahoma","Caddo County",3,75,161,68,93
050,40,015,"Oklahoma","Caddo County",3,76,180,78,102
050,40,015,"Oklahoma","Caddo County",3,77,151,67,84
050,40,015,"Oklahoma","Caddo County",3,78,169,77,92
050,40,015,"Oklahoma","Caddo County",3,79,133,60,73
050,40,015,"Oklahoma","Caddo County",3,80,126,54,72
050,40,015,"Oklahoma","Caddo County",3,81,114,42,72
050,40,015,"Oklahoma","Caddo County",3,82,99,41,58
050,40,015,"Oklahoma","Caddo County",3,83,93,41,52
050,40,015,"Oklahoma","Caddo County",3,84,88,33,55
050,40,015,"Oklahoma","Caddo County",3,85,411,132,279
050,40,015,"Oklahoma","Caddo County",4,0,301,160,141
050,40,015,"Oklahoma","Caddo County",4,1,328,163,165
050,40,015,"Oklahoma","Caddo County",4,2,285,114,171
050,40,015,"Oklahoma","Caddo County",4,3,268,130,138
050,40,015,"Oklahoma","Caddo County",4,4,320,150,170
050,40,015,"Oklahoma","Caddo County",4,5,348,177,171
050,40,015,"Oklahoma","Caddo County",4,6,346,186,160
050,40,015,"Oklahoma","Caddo County",4,7,323,178,145
050,40,015,"Oklahoma","Caddo County",4,8,338,188,150
050,40,015,"Oklahoma","Caddo County",4,9,342,187,155
050,40,015,"Oklahoma","Caddo County",4,10,356,177,179
050,40,015,"Oklahoma","Caddo County",4,11,367,194,173
050,40,015,"Oklahoma","Caddo County",4,12,360,181,179
050,40,015,"Oklahoma","Caddo County",4,13,352,175,177
050,40,015,"Oklahoma","Caddo County",4,14,339,176,163
050,40,015,"Oklahoma","Caddo County",4,15,351,172,179
050,40,015,"Oklahoma","Caddo County",4,16,330,167,163
050,40,015,"Oklahoma","Caddo County",4,17,346,181,165
050,40,015,"Oklahoma","Caddo County",4,18,318,165,153
050,40,015,"Oklahoma","Caddo County",4,19,282,160,122
050,40,015,"Oklahoma","Caddo County",4,20,298,182,116
050,40,015,"Oklahoma","Caddo County",4,21,348,220,128
050,40,015,"Oklahoma","Caddo County",4,22,346,224,122
050,40,015,"Oklahoma","Caddo County",4,23,350,227,123
050,40,015,"Oklahoma","Caddo County",4,24,382,265,117
050,40,015,"Oklahoma","Caddo County",4,25,393,277,116
050,40,015,"Oklahoma","Caddo County",4,26,399,292,107
050,40,015,"Oklahoma","Caddo County",4,27,407,286,121
050,40,015,"Oklahoma","Caddo County",4,28,432,305,127
050,40,015,"Oklahoma","Caddo County",4,29,437,308,129
050,40,015,"Oklahoma","Caddo County",4,30,406,273,133
050,40,015,"Oklahoma","Caddo County",4,31,421,292,129
050,40,015,"Oklahoma","Caddo County",4,32,407,281,126
050,40,015,"Oklahoma","Caddo County",4,33,381,249,132
050,40,015,"Oklahoma","Caddo County",4,34,346,222,124
050,40,015,"Oklahoma","Caddo County",4,35,343,224,119
050,40,015,"Oklahoma","Caddo County",4,36,348,224,124
050,40,015,"Oklahoma","Caddo County",4,37,365,211,154
050,40,015,"Oklahoma","Caddo County",4,38,399,260,139
050,40,015,"Oklahoma","Caddo County",4,39,411,270,141
050,40,015,"Oklahoma","Caddo County",4,40,365,218,147
050,40,015,"Oklahoma","Caddo County",4,41,352,215,137
050,40,015,"Oklahoma","Caddo County",4,42,375,235,140
050,40,015,"Oklahoma","Caddo County",4,43,372,236,136
050,40,015,"Oklahoma","Caddo County",4,44,327,200,127
050,40,015,"Oklahoma","Caddo County",4,45,311,211,100
050,40,015,"Oklahoma","Caddo County",4,46,305,203,102
050,40,015,"Oklahoma","Caddo County",4,47,314,209,105
050,40,015,"Oklahoma","Caddo County",4,48,284,178,106
050,40,015,"Oklahoma","Caddo County",4,49,315,189,126
050,40,015,"Oklahoma","Caddo County",4,50,286,173,113
050,40,015,"Oklahoma","Caddo County",4,51,332,197,135
050,40,015,"Oklahoma","Caddo County",4,52,301,172,129
050,40,015,"Oklahoma","Caddo County",4,53,289,156,133
050,40,015,"Oklahoma","Caddo County",4,54,293,168,125
050,40,015,"Oklahoma","Caddo County",4,55,285,165,120
050,40,015,"Oklahoma","Caddo County",4,56,280,138,142
050,40,015,"Oklahoma","Caddo County",4,57,286,146,140
050,40,015,"Oklahoma","Caddo County",4,58,318,161,157
050,40,015,"Oklahoma","Caddo County",4,59,322,155,167
050,40,015,"Oklahoma","Caddo County",4,60,313,154,159
050,40,015,"Oklahoma","Caddo County",4,61,321,160,161
050,40,015,"Oklahoma","Caddo County",4,62,305,162,143
050,40,015,"Oklahoma","Caddo County",4,63,301,149,152
050,40,015,"Oklahoma","Caddo County",4,64,288,133,155
050,40,015,"Oklahoma","Caddo County",4,65,290,143,147
050,40,015,"Oklahoma","Caddo County",4,66,277,141,136
050,40,015,"Oklahoma","Caddo County",4,67,278,138,140
050,40,015,"Oklahoma","Caddo County",4,68,254,120,134
050,40,015,"Oklahoma","Caddo County",4,69,248,111,137
050,40,015,"Oklahoma","Caddo County",4,70,243,109,134
050,40,015,"Oklahoma","Caddo County",4,71,223,99,124
050,40,015,"Oklahoma","Caddo County",4,72,219,107,112
050,40,015,"Oklahoma","Caddo County",4,73,194,98,96
050,40,015,"Oklahoma","Caddo County",4,74,195,99,96
050,40,015,"Oklahoma","Caddo County",4,75,209,97,112
050,40,015,"Oklahoma","Caddo County",4,76,153,61,92
050,40,015,"Oklahoma","Caddo County",4,77,167,71,96
050,40,015,"Oklahoma","Caddo County",4,78,150,63,87
050,40,015,"Oklahoma","Caddo County",4,79,154,68,86
050,40,015,"Oklahoma","Caddo County",4,80,127,58,69
050,40,015,"Oklahoma","Caddo County",4,81,115,51,64
050,40,015,"Oklahoma","Caddo County",4,82,98,30,68
050,40,015,"Oklahoma","Caddo County",4,83,86,34,52
050,40,015,"Oklahoma","Caddo County",4,84,81,34,47
050,40,015,"Oklahoma","Caddo County",4,85,417,135,282
050,40,015,"Oklahoma","Caddo County",5,0,299,159,140
050,40,015,"Oklahoma","Caddo County",5,1,301,156,145
050,40,015,"Oklahoma","Caddo County",5,2,325,155,170
050,40,015,"Oklahoma","Caddo County",5,3,301,118,183
050,40,015,"Oklahoma","Caddo County",5,4,275,136,139
050,40,015,"Oklahoma","Caddo County",5,5,337,161,176
050,40,015,"Oklahoma","Caddo County",5,6,352,184,168
050,40,015,"Oklahoma","Caddo County",5,7,361,185,176
050,40,015,"Oklahoma","Caddo County",5,8,341,182,159
050,40,015,"Oklahoma","Caddo County",5,9,340,186,154
050,40,015,"Oklahoma","Caddo County",5,10,359,199,160
050,40,015,"Oklahoma","Caddo County",5,11,365,185,180
050,40,015,"Oklahoma","Caddo County",5,12,363,195,168
050,40,015,"Oklahoma","Caddo County",5,13,351,179,172
050,40,015,"Oklahoma","Caddo County",5,14,351,181,170
050,40,015,"Oklahoma","Caddo County",5,15,338,176,162
050,40,015,"Oklahoma","Caddo County",5,16,344,165,179
050,40,015,"Oklahoma","Caddo County",5,17,337,167,170
050,40,015,"Oklahoma","Caddo County",5,18,297,166,131
050,40,015,"Oklahoma","Caddo County",5,19,279,149,130
050,40,015,"Oklahoma","Caddo County",5,20,318,199,119
050,40,015,"Oklahoma","Caddo County",5,21,339,213,126
050,40,015,"Oklahoma","Caddo County",5,22,344,205,139
050,40,015,"Oklahoma","Caddo County",5,23,353,244,109
050,40,015,"Oklahoma","Caddo County",5,24,401,281,120
050,40,015,"Oklahoma","Caddo County",5,25,370,256,114
050,40,015,"Oklahoma","Caddo County",5,26,412,301,111
050,40,015,"Oklahoma","Caddo County",5,27,378,282,96
050,40,015,"Oklahoma","Caddo County",5,28,427,309,118
050,40,015,"Oklahoma","Caddo County",5,29,432,300,132
050,40,015,"Oklahoma","Caddo County",5,30,410,277,133
050,40,015,"Oklahoma","Caddo County",5,31,458,320,138
050,40,015,"Oklahoma","Caddo County",5,32,399,267,132
050,40,015,"Oklahoma","Caddo County",5,33,366,243,123
050,40,015,"Oklahoma","Caddo County",5,34,377,244,133
050,40,015,"Oklahoma","Caddo County",5,35,348,211,137
050,40,015,"Oklahoma","Caddo County",5,36,351,224,127
050,40,015,"Oklahoma","Caddo County",5,37,363,232,131
050,40,015,"Oklahoma","Caddo County",5,38,392,245,147
050,40,015,"Oklahoma","Caddo County",5,39,394,260,134
050,40,015,"Oklahoma","Caddo County",5,40,373,230,143
050,40,015,"Oklahoma","Caddo County",5,41,361,212,149
050,40,015,"Oklahoma","Caddo County",5,42,387,246,141
050,40,015,"Oklahoma","Caddo County",5,43,374,239,135
050,40,015,"Oklahoma","Caddo County",5,44,336,203,133
050,40,015,"Oklahoma","Caddo County",5,45,332,215,117
050,40,015,"Oklahoma","Caddo County",5,46,296,200,96
050,40,015,"Oklahoma","Caddo County",5,47,326,221,105
050,40,015,"Oklahoma","Caddo County",5,48,300,196,104
050,40,015,"Oklahoma","Caddo County",5,49,276,163,113
050,40,015,"Oklahoma","Caddo County",5,50,318,191,127
050,40,015,"Oklahoma","Caddo County",5,51,304,191,113
050,40,015,"Oklahoma","Caddo County",5,52,305,179,126
050,40,015,"Oklahoma","Caddo County",5,53,286,159,127
050,40,015,"Oklahoma","Caddo County",5,54,293,164,129
050,40,015,"Oklahoma","Caddo County",5,55,286,166,120
050,40,015,"Oklahoma","Caddo County",5,56,275,150,125
050,40,015,"Oklahoma","Caddo County",5,57,264,131,133
050,40,015,"Oklahoma","Caddo County",5,58,291,148,143
050,40,015,"Oklahoma","Caddo County",5,59,300,145,155
050,40,015,"Oklahoma","Caddo County",5,60,306,144,162
050,40,015,"Oklahoma","Caddo County",5,61,301,146,155
050,40,015,"Oklahoma","Caddo County",5,62,314,158,156
050,40,015,"Oklahoma","Caddo County",5,63,288,157,131
050,40,015,"Oklahoma","Caddo County",5,64,288,135,153
050,40,015,"Oklahoma","Caddo County",5,65,287,141,146
050,40,015,"Oklahoma","Caddo County",5,66,287,140,147
050,40,015,"Oklahoma","Caddo County",5,67,267,138,129
050,40,015,"Oklahoma","Caddo County",5,68,274,135,139
050,40,015,"Oklahoma","Caddo County",5,69,255,122,133
050,40,015,"Oklahoma","Caddo County",5,70,231,100,131
050,40,015,"Oklahoma","Caddo County",5,71,234,97,137
050,40,015,"Oklahoma","Caddo County",5,72,208,96,112
050,40,015,"Oklahoma","Caddo County",5,73,212,103,109
050,40,015,"Oklahoma","Caddo County",5,74,184,93,91
050,40,015,"Oklahoma","Caddo County",5,75,179,91,88
050,40,015,"Oklahoma","Caddo County",5,76,195,89,106
050,40,015,"Oklahoma","Caddo County",5,77,139,55,84
050,40,015,"Oklahoma","Caddo County",5,78,162,64,98
050,40,015,"Oklahoma","Caddo County",5,79,139,58,81
050,40,015,"Oklahoma","Caddo County",5,80,149,64,85
050,40,015,"Oklahoma","Caddo County",5,81,113,52,61
050,40,015,"Oklahoma","Caddo County",5,82,99,44,55
050,40,015,"Oklahoma","Caddo County",5,83,85,23,62
050,40,015,"Oklahoma","Caddo County",5,84,74,28,46
050,40,015,"Oklahoma","Caddo County",5,85,413,131,282
050,40,017,"Oklahoma","Canadian County",1,0,1881,971,910
050,40,017,"Oklahoma","Canadian County",1,1,1975,1021,954
050,40,017,"Oklahoma","Canadian County",1,2,2015,1021,994
050,40,017,"Oklahoma","Canadian County",1,3,2123,1117,1006
050,40,017,"Oklahoma","Canadian County",1,4,2175,1132,1043
050,40,017,"Oklahoma","Canadian County",1,5,2242,1136,1106
050,40,017,"Oklahoma","Canadian County",1,6,2260,1147,1113
050,40,017,"Oklahoma","Canadian County",1,7,2241,1133,1108
050,40,017,"Oklahoma","Canadian County",1,8,2278,1159,1119
050,40,017,"Oklahoma","Canadian County",1,9,2297,1144,1153
050,40,017,"Oklahoma","Canadian County",1,10,2342,1166,1176
050,40,017,"Oklahoma","Canadian County",1,11,2423,1259,1164
050,40,017,"Oklahoma","Canadian County",1,12,2509,1269,1240
050,40,017,"Oklahoma","Canadian County",1,13,2493,1225,1268
050,40,017,"Oklahoma","Canadian County",1,14,2380,1182,1198
050,40,017,"Oklahoma","Canadian County",1,15,2312,1169,1143
050,40,017,"Oklahoma","Canadian County",1,16,2290,1143,1147
050,40,017,"Oklahoma","Canadian County",1,17,2210,1116,1094
050,40,017,"Oklahoma","Canadian County",1,18,1839,923,916
050,40,017,"Oklahoma","Canadian County",1,19,1515,770,745
050,40,017,"Oklahoma","Canadian County",1,20,1569,812,757
050,40,017,"Oklahoma","Canadian County",1,21,1529,799,730
050,40,017,"Oklahoma","Canadian County",1,22,1615,822,793
050,40,017,"Oklahoma","Canadian County",1,23,1711,853,858
050,40,017,"Oklahoma","Canadian County",1,24,1748,875,873
050,40,017,"Oklahoma","Canadian County",1,25,1857,920,937
050,40,017,"Oklahoma","Canadian County",1,26,1983,957,1026
050,40,017,"Oklahoma","Canadian County",1,27,2024,988,1036
050,40,017,"Oklahoma","Canadian County",1,28,2188,1117,1071
050,40,017,"Oklahoma","Canadian County",1,29,2267,1135,1132
050,40,017,"Oklahoma","Canadian County",1,30,2358,1184,1174
050,40,017,"Oklahoma","Canadian County",1,31,2394,1196,1198
050,40,017,"Oklahoma","Canadian County",1,32,2390,1205,1185
050,40,017,"Oklahoma","Canadian County",1,33,2362,1199,1163
050,40,017,"Oklahoma","Canadian County",1,34,2512,1293,1219
050,40,017,"Oklahoma","Canadian County",1,35,2564,1325,1239
050,40,017,"Oklahoma","Canadian County",1,36,2536,1300,1236
050,40,017,"Oklahoma","Canadian County",1,37,2565,1310,1255
050,40,017,"Oklahoma","Canadian County",1,38,2431,1239,1192
050,40,017,"Oklahoma","Canadian County",1,39,2420,1231,1189
050,40,017,"Oklahoma","Canadian County",1,40,2358,1213,1145
050,40,017,"Oklahoma","Canadian County",1,41,2224,1145,1079
050,40,017,"Oklahoma","Canadian County",1,42,2142,1097,1045
050,40,017,"Oklahoma","Canadian County",1,43,2034,1037,997
050,40,017,"Oklahoma","Canadian County",1,44,2004,1028,976
050,40,017,"Oklahoma","Canadian County",1,45,1964,1017,947
050,40,017,"Oklahoma","Canadian County",1,46,1876,982,894
050,40,017,"Oklahoma","Canadian County",1,47,1852,936,916
050,40,017,"Oklahoma","Canadian County",1,48,1945,974,971
050,40,017,"Oklahoma","Canadian County",1,49,2015,1029,986
050,40,017,"Oklahoma","Canadian County",1,50,1936,996,940
050,40,017,"Oklahoma","Canadian County",1,51,1836,929,907
050,40,017,"Oklahoma","Canadian County",1,52,1705,860,845
050,40,017,"Oklahoma","Canadian County",1,53,1646,814,832
050,40,017,"Oklahoma","Canadian County",1,54,1604,777,827
050,40,017,"Oklahoma","Canadian County",1,55,1804,874,930
050,40,017,"Oklahoma","Canadian County",1,56,1834,915,919
050,40,017,"Oklahoma","Canadian County",1,57,1892,932,960
050,40,017,"Oklahoma","Canadian County",1,58,1865,926,939
050,40,017,"Oklahoma","Canadian County",1,59,1836,902,934
050,40,017,"Oklahoma","Canadian County",1,60,1825,908,917
050,40,017,"Oklahoma","Canadian County",1,61,1731,850,881
050,40,017,"Oklahoma","Canadian County",1,62,1714,844,870
050,40,017,"Oklahoma","Canadian County",1,63,1623,791,832
050,40,017,"Oklahoma","Canadian County",1,64,1619,777,842
050,40,017,"Oklahoma","Canadian County",1,65,1573,762,811
050,40,017,"Oklahoma","Canadian County",1,66,1479,688,791
050,40,017,"Oklahoma","Canadian County",1,67,1408,674,734
050,40,017,"Oklahoma","Canadian County",1,68,1334,624,710
050,40,017,"Oklahoma","Canadian County",1,69,1275,575,700
050,40,017,"Oklahoma","Canadian County",1,70,1220,570,650
050,40,017,"Oklahoma","Canadian County",1,71,1222,561,661
050,40,017,"Oklahoma","Canadian County",1,72,1214,575,639
050,40,017,"Oklahoma","Canadian County",1,73,1189,563,626
050,40,017,"Oklahoma","Canadian County",1,74,804,369,435
050,40,017,"Oklahoma","Canadian County",1,75,809,378,431
050,40,017,"Oklahoma","Canadian County",1,76,809,354,455
050,40,017,"Oklahoma","Canadian County",1,77,769,346,423
050,40,017,"Oklahoma","Canadian County",1,78,652,293,359
050,40,017,"Oklahoma","Canadian County",1,79,569,267,302
050,40,017,"Oklahoma","Canadian County",1,80,515,231,284
050,40,017,"Oklahoma","Canadian County",1,81,496,213,283
050,40,017,"Oklahoma","Canadian County",1,82,450,181,269
050,40,017,"Oklahoma","Canadian County",1,83,361,151,210
050,40,017,"Oklahoma","Canadian County",1,84,368,148,220
050,40,017,"Oklahoma","Canadian County",1,85,1928,688,1240
050,40,017,"Oklahoma","Canadian County",2,0,1897,968,929
050,40,017,"Oklahoma","Canadian County",2,1,1972,1010,962
050,40,017,"Oklahoma","Canadian County",2,2,2030,1034,996
050,40,017,"Oklahoma","Canadian County",2,3,2112,1102,1010
050,40,017,"Oklahoma","Canadian County",2,4,2194,1141,1053
050,40,017,"Oklahoma","Canadian County",2,5,2250,1149,1101
050,40,017,"Oklahoma","Canadian County",2,6,2274,1153,1121
050,40,017,"Oklahoma","Canadian County",2,7,2265,1145,1120
050,40,017,"Oklahoma","Canadian County",2,8,2284,1157,1127
050,40,017,"Oklahoma","Canadian County",2,9,2302,1155,1147
050,40,017,"Oklahoma","Canadian County",2,10,2347,1174,1173
050,40,017,"Oklahoma","Canadian County",2,11,2418,1243,1175
050,40,017,"Oklahoma","Canadian County",2,12,2516,1279,1237
050,40,017,"Oklahoma","Canadian County",2,13,2509,1244,1265
050,40,017,"Oklahoma","Canadian County",2,14,2419,1198,1221
050,40,017,"Oklahoma","Canadian County",2,15,2340,1177,1163
050,40,017,"Oklahoma","Canadian County",2,16,2304,1152,1152
050,40,017,"Oklahoma","Canadian County",2,17,2236,1127,1109
050,40,017,"Oklahoma","Canadian County",2,18,1852,940,912
050,40,017,"Oklahoma","Canadian County",2,19,1538,776,762
050,40,017,"Oklahoma","Canadian County",2,20,1594,823,771
050,40,017,"Oklahoma","Canadian County",2,21,1553,807,746
050,40,017,"Oklahoma","Canadian County",2,22,1639,835,804
050,40,017,"Oklahoma","Canadian County",2,23,1733,863,870
050,40,017,"Oklahoma","Canadian County",2,24,1781,888,893
050,40,017,"Oklahoma","Canadian County",2,25,1883,936,947
050,40,017,"Oklahoma","Canadian County",2,26,1993,969,1024
050,40,017,"Oklahoma","Canadian County",2,27,2047,1003,1044
050,40,017,"Oklahoma","Canadian County",2,28,2183,1108,1075
050,40,017,"Oklahoma","Canadian County",2,29,2282,1149,1133
050,40,017,"Oklahoma","Canadian County",2,30,2378,1189,1189
050,40,017,"Oklahoma","Canadian County",2,31,2412,1205,1207
050,40,017,"Oklahoma","Canadian County",2,32,2404,1204,1200
050,40,017,"Oklahoma","Canadian County",2,33,2389,1214,1175
050,40,017,"Oklahoma","Canadian County",2,34,2506,1288,1218
050,40,017,"Oklahoma","Canadian County",2,35,2584,1336,1248
050,40,017,"Oklahoma","Canadian County",2,36,2549,1309,1240
050,40,017,"Oklahoma","Canadian County",2,37,2574,1314,1260
050,40,017,"Oklahoma","Canadian County",2,38,2476,1258,1218
050,40,017,"Oklahoma","Canadian County",2,39,2438,1240,1198
050,40,017,"Oklahoma","Canadian County",2,40,2393,1226,1167
050,40,017,"Oklahoma","Canadian County",2,41,2263,1164,1099
050,40,017,"Oklahoma","Canadian County",2,42,2164,1109,1055
050,40,017,"Oklahoma","Canadian County",2,43,2083,1062,1021
050,40,017,"Oklahoma","Canadian County",2,44,2005,1030,975
050,40,017,"Oklahoma","Canadian County",2,45,1992,1030,962
050,40,017,"Oklahoma","Canadian County",2,46,1901,990,911
050,40,017,"Oklahoma","Canadian County",2,47,1860,949,911
050,40,017,"Oklahoma","Canadian County",2,48,1919,959,960
050,40,017,"Oklahoma","Canadian County",2,49,2012,1024,988
050,40,017,"Oklahoma","Canadian County",2,50,1966,1006,960
050,40,017,"Oklahoma","Canadian County",2,51,1862,946,916
050,40,017,"Oklahoma","Canadian County",2,52,1738,877,861
050,40,017,"Oklahoma","Canadian County",2,53,1671,831,840
050,40,017,"Oklahoma","Canadian County",2,54,1611,782,829
050,40,017,"Oklahoma","Canadian County",2,55,1760,856,904
050,40,017,"Oklahoma","Canadian County",2,56,1839,912,927
050,40,017,"Oklahoma","Canadian County",2,57,1887,933,954
050,40,017,"Oklahoma","Canadian County",2,58,1868,924,944
050,40,017,"Oklahoma","Canadian County",2,59,1853,910,943
050,40,017,"Oklahoma","Canadian County",2,60,1827,905,922
050,40,017,"Oklahoma","Canadian County",2,61,1745,856,889
050,40,017,"Oklahoma","Canadian County",2,62,1713,841,872
050,40,017,"Oklahoma","Canadian County",2,63,1663,813,850
050,40,017,"Oklahoma","Canadian County",2,64,1612,777,835
050,40,017,"Oklahoma","Canadian County",2,65,1581,763,818
050,40,017,"Oklahoma","Canadian County",2,66,1507,705,802
050,40,017,"Oklahoma","Canadian County",2,67,1425,674,751
050,40,017,"Oklahoma","Canadian County",2,68,1352,635,717
050,40,017,"Oklahoma","Canadian County",2,69,1296,586,710
050,40,017,"Oklahoma","Canadian County",2,70,1231,564,667
050,40,017,"Oklahoma","Canadian County",2,71,1229,565,664
050,40,017,"Oklahoma","Canadian County",2,72,1203,565,638
050,40,017,"Oklahoma","Canadian County",2,73,1262,596,666
050,40,017,"Oklahoma","Canadian County",2,74,850,392,458
050,40,017,"Oklahoma","Canadian County",2,75,811,376,435
050,40,017,"Oklahoma","Canadian County",2,76,802,357,445
050,40,017,"Oklahoma","Canadian County",2,77,794,355,439
050,40,017,"Oklahoma","Canadian County",2,78,661,297,364
050,40,017,"Oklahoma","Canadian County",2,79,589,273,316
050,40,017,"Oklahoma","Canadian County",2,80,524,237,287
050,40,017,"Oklahoma","Canadian County",2,81,502,218,284
050,40,017,"Oklahoma","Canadian County",2,82,456,186,270
050,40,017,"Oklahoma","Canadian County",2,83,370,152,218
050,40,017,"Oklahoma","Canadian County",2,84,362,148,214
050,40,017,"Oklahoma","Canadian County",2,85,1963,705,1258
050,40,017,"Oklahoma","Canadian County",3,0,1863,957,906
050,40,017,"Oklahoma","Canadian County",3,1,2112,1061,1051
050,40,017,"Oklahoma","Canadian County",3,2,2102,1077,1025
050,40,017,"Oklahoma","Canadian County",3,3,2140,1088,1052
050,40,017,"Oklahoma","Canadian County",3,4,2262,1171,1091
050,40,017,"Oklahoma","Canadian County",3,5,2320,1186,1134
050,40,017,"Oklahoma","Canadian County",3,6,2330,1182,1148
050,40,017,"Oklahoma","Canadian County",3,7,2409,1217,1192
050,40,017,"Oklahoma","Canadian County",3,8,2370,1185,1185
050,40,017,"Oklahoma","Canadian County",3,9,2377,1230,1147
050,40,017,"Oklahoma","Canadian County",3,10,2398,1199,1199
050,40,017,"Oklahoma","Canadian County",3,11,2462,1251,1211
050,40,017,"Oklahoma","Canadian County",3,12,2455,1280,1175
050,40,017,"Oklahoma","Canadian County",3,13,2570,1321,1249
050,40,017,"Oklahoma","Canadian County",3,14,2560,1291,1269
050,40,017,"Oklahoma","Canadian County",3,15,2512,1240,1272
050,40,017,"Oklahoma","Canadian County",3,16,2416,1238,1178
050,40,017,"Oklahoma","Canadian County",3,17,2387,1191,1196
050,40,017,"Oklahoma","Canadian County",3,18,2008,1039,969
050,40,017,"Oklahoma","Canadian County",3,19,1580,800,780
050,40,017,"Oklahoma","Canadian County",3,20,1671,846,825
050,40,017,"Oklahoma","Canadian County",3,21,1654,839,815
050,40,017,"Oklahoma","Canadian County",3,22,1729,871,858
050,40,017,"Oklahoma","Canadian County",3,23,1891,938,953
050,40,017,"Oklahoma","Canadian County",3,24,1931,981,950
050,40,017,"Oklahoma","Canadian County",3,25,2066,1034,1032
050,40,017,"Oklahoma","Canadian County",3,26,2068,1019,1049
050,40,017,"Oklahoma","Canadian County",3,27,2216,1093,1123
050,40,017,"Oklahoma","Canadian County",3,28,2273,1103,1170
050,40,017,"Oklahoma","Canadian County",3,29,2383,1207,1176
050,40,017,"Oklahoma","Canadian County",3,30,2425,1225,1200
050,40,017,"Oklahoma","Canadian County",3,31,2594,1270,1324
050,40,017,"Oklahoma","Canadian County",3,32,2601,1306,1295
050,40,017,"Oklahoma","Canadian County",3,33,2511,1234,1277
050,40,017,"Oklahoma","Canadian County",3,34,2523,1277,1246
050,40,017,"Oklahoma","Canadian County",3,35,2629,1345,1284
050,40,017,"Oklahoma","Canadian County",3,36,2721,1406,1315
050,40,017,"Oklahoma","Canadian County",3,37,2654,1371,1283
050,40,017,"Oklahoma","Canadian County",3,38,2645,1344,1301
050,40,017,"Oklahoma","Canadian County",3,39,2562,1302,1260
050,40,017,"Oklahoma","Canadian County",3,40,2496,1277,1219
050,40,017,"Oklahoma","Canadian County",3,41,2446,1256,1190
050,40,017,"Oklahoma","Canadian County",3,42,2306,1175,1131
050,40,017,"Oklahoma","Canadian County",3,43,2208,1131,1077
050,40,017,"Oklahoma","Canadian County",3,44,2123,1075,1048
050,40,017,"Oklahoma","Canadian County",3,45,2059,1062,997
050,40,017,"Oklahoma","Canadian County",3,46,2062,1077,985
050,40,017,"Oklahoma","Canadian County",3,47,1937,1019,918
050,40,017,"Oklahoma","Canadian County",3,48,1887,949,938
050,40,017,"Oklahoma","Canadian County",3,49,1976,1007,969
050,40,017,"Oklahoma","Canadian County",3,50,2039,1027,1012
050,40,017,"Oklahoma","Canadian County",3,51,2005,1017,988
050,40,017,"Oklahoma","Canadian County",3,52,1889,944,945
050,40,017,"Oklahoma","Canadian County",3,53,1781,885,896
050,40,017,"Oklahoma","Canadian County",3,54,1645,794,851
050,40,017,"Oklahoma","Canadian County",3,55,1672,809,863
050,40,017,"Oklahoma","Canadian County",3,56,1787,876,911
050,40,017,"Oklahoma","Canadian County",3,57,1844,911,933
050,40,017,"Oklahoma","Canadian County",3,58,1899,935,964
050,40,017,"Oklahoma","Canadian County",3,59,1906,929,977
050,40,017,"Oklahoma","Canadian County",3,60,1849,895,954
050,40,017,"Oklahoma","Canadian County",3,61,1848,913,935
050,40,017,"Oklahoma","Canadian County",3,62,1774,867,907
050,40,017,"Oklahoma","Canadian County",3,63,1731,851,880
050,40,017,"Oklahoma","Canadian County",3,64,1643,796,847
050,40,017,"Oklahoma","Canadian County",3,65,1622,788,834
050,40,017,"Oklahoma","Canadian County",3,66,1607,768,839
050,40,017,"Oklahoma","Canadian County",3,67,1514,708,806
050,40,017,"Oklahoma","Canadian County",3,68,1417,669,748
050,40,017,"Oklahoma","Canadian County",3,69,1356,630,726
050,40,017,"Oklahoma","Canadian County",3,70,1309,584,725
050,40,017,"Oklahoma","Canadian County",3,71,1223,564,659
050,40,017,"Oklahoma","Canadian County",3,72,1204,539,665
050,40,017,"Oklahoma","Canadian County",3,73,1167,544,623
050,40,017,"Oklahoma","Canadian County",3,74,1245,584,661
050,40,017,"Oklahoma","Canadian County",3,75,836,380,456
050,40,017,"Oklahoma","Canadian County",3,76,791,357,434
050,40,017,"Oklahoma","Canadian County",3,77,782,342,440
050,40,017,"Oklahoma","Canadian County",3,78,767,338,429
050,40,017,"Oklahoma","Canadian County",3,79,655,297,358
050,40,017,"Oklahoma","Canadian County",3,80,556,254,302
050,40,017,"Oklahoma","Canadian County",3,81,492,218,274
050,40,017,"Oklahoma","Canadian County",3,82,458,190,268
050,40,017,"Oklahoma","Canadian County",3,83,414,162,252
050,40,017,"Oklahoma","Canadian County",3,84,350,139,211
050,40,017,"Oklahoma","Canadian County",3,85,2042,746,1296
050,40,017,"Oklahoma","Canadian County",4,0,1964,988,976
050,40,017,"Oklahoma","Canadian County",4,1,2015,1025,990
050,40,017,"Oklahoma","Canadian County",4,2,2228,1127,1101
050,40,017,"Oklahoma","Canadian County",4,3,2281,1168,1113
050,40,017,"Oklahoma","Canadian County",4,4,2310,1154,1156
050,40,017,"Oklahoma","Canadian County",4,5,2397,1258,1139
050,40,017,"Oklahoma","Canadian County",4,6,2498,1271,1227
050,40,017,"Oklahoma","Canadian County",4,7,2502,1277,1225
050,40,017,"Oklahoma","Canadian County",4,8,2550,1278,1272
050,40,017,"Oklahoma","Canadian County",4,9,2515,1265,1250
050,40,017,"Oklahoma","Canadian County",4,10,2503,1260,1243
050,40,017,"Oklahoma","Canadian County",4,11,2479,1235,1244
050,40,017,"Oklahoma","Canadian County",4,12,2520,1302,1218
050,40,017,"Oklahoma","Canadian County",4,13,2586,1333,1253
050,40,017,"Oklahoma","Canadian County",4,14,2655,1360,1295
050,40,017,"Oklahoma","Canadian County",4,15,2648,1313,1335
050,40,017,"Oklahoma","Canadian County",4,16,2494,1235,1259
050,40,017,"Oklahoma","Canadian County",4,17,2469,1254,1215
050,40,017,"Oklahoma","Canadian County",4,18,2111,1065,1046
050,40,017,"Oklahoma","Canadian County",4,19,1671,863,808
050,40,017,"Oklahoma","Canadian County",4,20,1682,857,825
050,40,017,"Oklahoma","Canadian County",4,21,1762,872,890
050,40,017,"Oklahoma","Canadian County",4,22,1800,896,904
050,40,017,"Oklahoma","Canadian County",4,23,1965,991,974
050,40,017,"Oklahoma","Canadian County",4,24,2124,1052,1072
050,40,017,"Oklahoma","Canadian County",4,25,2103,1055,1048
050,40,017,"Oklahoma","Canadian County",4,26,2304,1168,1136
050,40,017,"Oklahoma","Canadian County",4,27,2317,1150,1167
050,40,017,"Oklahoma","Canadian County",4,28,2439,1193,1246
050,40,017,"Oklahoma","Canadian County",4,29,2492,1209,1283
050,40,017,"Oklahoma","Canadian County",4,30,2571,1324,1247
050,40,017,"Oklahoma","Canadian County",4,31,2579,1283,1296
050,40,017,"Oklahoma","Canadian County",4,32,2724,1346,1378
050,40,017,"Oklahoma","Canadian County",4,33,2728,1361,1367
050,40,017,"Oklahoma","Canadian County",4,34,2659,1294,1365
050,40,017,"Oklahoma","Canadian County",4,35,2693,1354,1339
050,40,017,"Oklahoma","Canadian County",4,36,2729,1396,1333
050,40,017,"Oklahoma","Canadian County",4,37,2793,1436,1357
050,40,017,"Oklahoma","Canadian County",4,38,2763,1397,1366
050,40,017,"Oklahoma","Canadian County",4,39,2781,1419,1362
050,40,017,"Oklahoma","Canadian County",4,40,2638,1339,1299
050,40,017,"Oklahoma","Canadian County",4,41,2625,1351,1274
050,40,017,"Oklahoma","Canadian County",4,42,2529,1301,1228
050,40,017,"Oklahoma","Canadian County",4,43,2388,1231,1157
050,40,017,"Oklahoma","Canadian County",4,44,2270,1145,1125
050,40,017,"Oklahoma","Canadian County",4,45,2186,1111,1075
050,40,017,"Oklahoma","Canadian County",4,46,2119,1094,1025
050,40,017,"Oklahoma","Canadian County",4,47,2123,1102,1021
050,40,017,"Oklahoma","Canadian County",4,48,1992,1051,941
050,40,017,"Oklahoma","Canadian County",4,49,1901,964,937
050,40,017,"Oklahoma","Canadian County",4,50,2019,1007,1012
050,40,017,"Oklahoma","Canadian County",4,51,2099,1056,1043
050,40,017,"Oklahoma","Canadian County",4,52,2052,1030,1022
050,40,017,"Oklahoma","Canadian County",4,53,1948,969,979
050,40,017,"Oklahoma","Canadian County",4,54,1785,882,903
050,40,017,"Oklahoma","Canadian County",4,55,1686,818,868
050,40,017,"Oklahoma","Canadian County",4,56,1678,815,863
050,40,017,"Oklahoma","Canadian County",4,57,1820,874,946
050,40,017,"Oklahoma","Canadian County",4,58,1894,930,964
050,40,017,"Oklahoma","Canadian County",4,59,1924,955,969
050,40,017,"Oklahoma","Canadian County",4,60,1947,933,1014
050,40,017,"Oklahoma","Canadian County",4,61,1866,902,964
050,40,017,"Oklahoma","Canadian County",4,62,1895,927,968
050,40,017,"Oklahoma","Canadian County",4,63,1764,855,909
050,40,017,"Oklahoma","Canadian County",4,64,1724,844,880
050,40,017,"Oklahoma","Canadian County",4,65,1677,816,861
050,40,017,"Oklahoma","Canadian County",4,66,1628,786,842
050,40,017,"Oklahoma","Canadian County",4,67,1653,791,862
050,40,017,"Oklahoma","Canadian County",4,68,1520,707,813
050,40,017,"Oklahoma","Canadian County",4,69,1425,653,772
050,40,017,"Oklahoma","Canadian County",4,70,1358,622,736
050,40,017,"Oklahoma","Canadian County",4,71,1299,576,723
050,40,017,"Oklahoma","Canadian County",4,72,1220,556,664
050,40,017,"Oklahoma","Canadian County",4,73,1190,531,659
050,40,017,"Oklahoma","Canadian County",4,74,1156,539,617
050,40,017,"Oklahoma","Canadian County",4,75,1219,571,648
050,40,017,"Oklahoma","Canadian County",4,76,831,381,450
050,40,017,"Oklahoma","Canadian County",4,77,756,331,425
050,40,017,"Oklahoma","Canadian County",4,78,769,327,442
050,40,017,"Oklahoma","Canadian County",4,79,756,325,431
050,40,017,"Oklahoma","Canadian County",4,80,634,290,344
050,40,017,"Oklahoma","Canadian County",4,81,534,234,300
050,40,017,"Oklahoma","Canadian County",4,82,451,196,255
050,40,017,"Oklahoma","Canadian County",4,83,413,172,241
050,40,017,"Oklahoma","Canadian County",4,84,397,144,253
050,40,017,"Oklahoma","Canadian County",4,85,2092,753,1339
050,40,017,"Oklahoma","Canadian County",5,0,1951,982,969
050,40,017,"Oklahoma","Canadian County",5,1,2159,1094,1065
050,40,017,"Oklahoma","Canadian County",5,2,2146,1088,1058
050,40,017,"Oklahoma","Canadian County",5,3,2378,1208,1170
050,40,017,"Oklahoma","Canadian County",5,4,2387,1224,1163
050,40,017,"Oklahoma","Canadian County",5,5,2414,1206,1208
050,40,017,"Oklahoma","Canadian County",5,6,2502,1294,1208
050,40,017,"Oklahoma","Canadian County",5,7,2600,1313,1287
050,40,017,"Oklahoma","Canadian County",5,8,2571,1295,1276
050,40,017,"Oklahoma","Canadian County",5,9,2614,1315,1299
050,40,017,"Oklahoma","Canadian County",5,10,2616,1320,1296
050,40,017,"Oklahoma","Canadian County",5,11,2623,1302,1321
050,40,017,"Oklahoma","Canadian County",5,12,2552,1282,1270
050,40,017,"Oklahoma","Canadian County",5,13,2600,1311,1289
050,40,017,"Oklahoma","Canadian County",5,14,2655,1381,1274
050,40,017,"Oklahoma","Canadian County",5,15,2706,1380,1326
050,40,017,"Oklahoma","Canadian County",5,16,2676,1333,1343
050,40,017,"Oklahoma","Canadian County",5,17,2548,1284,1264
050,40,017,"Oklahoma","Canadian County",5,18,2159,1140,1019
050,40,017,"Oklahoma","Canadian County",5,19,1767,898,869
050,40,017,"Oklahoma","Canadian County",5,20,1756,919,837
050,40,017,"Oklahoma","Canadian County",5,21,1782,914,868
050,40,017,"Oklahoma","Canadian County",5,22,1950,960,990
050,40,017,"Oklahoma","Canadian County",5,23,1993,1038,955
050,40,017,"Oklahoma","Canadian County",5,24,2117,1054,1063
050,40,017,"Oklahoma","Canadian County",5,25,2299,1141,1158
050,40,017,"Oklahoma","Canadian County",5,26,2313,1155,1158
050,40,017,"Oklahoma","Canadian County",5,27,2470,1232,1238
050,40,017,"Oklahoma","Canadian County",5,28,2522,1241,1281
050,40,017,"Oklahoma","Canadian County",5,29,2677,1355,1322
050,40,017,"Oklahoma","Canadian County",5,30,2634,1280,1354
050,40,017,"Oklahoma","Canadian County",5,31,2803,1432,1371
050,40,017,"Oklahoma","Canadian County",5,32,2741,1376,1365
050,40,017,"Oklahoma","Canadian County",5,33,2878,1422,1456
050,40,017,"Oklahoma","Canadian County",5,34,2864,1404,1460
050,40,017,"Oklahoma","Canadian County",5,35,2805,1378,1427
050,40,017,"Oklahoma","Canadian County",5,36,2805,1432,1373
050,40,017,"Oklahoma","Canadian County",5,37,2843,1438,1405
050,40,017,"Oklahoma","Canadian County",5,38,2926,1486,1440
050,40,017,"Oklahoma","Canadian County",5,39,2860,1466,1394
050,40,017,"Oklahoma","Canadian County",5,40,2839,1446,1393
050,40,017,"Oklahoma","Canadian County",5,41,2677,1343,1334
050,40,017,"Oklahoma","Canadian County",5,42,2698,1401,1297
050,40,017,"Oklahoma","Canadian County",5,43,2591,1340,1251
050,40,017,"Oklahoma","Canadian County",5,44,2435,1248,1187
050,40,017,"Oklahoma","Canadian County",5,45,2326,1178,1148
050,40,017,"Oklahoma","Canadian County",5,46,2249,1144,1105
050,40,017,"Oklahoma","Canadian County",5,47,2151,1105,1046
050,40,017,"Oklahoma","Canadian County",5,48,2142,1104,1038
050,40,017,"Oklahoma","Canadian County",5,49,2031,1061,970
050,40,017,"Oklahoma","Canadian County",5,50,1966,1005,961
050,40,017,"Oklahoma","Canadian County",5,51,2057,1023,1034
050,40,017,"Oklahoma","Canadian County",5,52,2140,1074,1066
050,40,017,"Oklahoma","Canadian County",5,53,2101,1062,1039
050,40,017,"Oklahoma","Canadian County",5,54,1931,945,986
050,40,017,"Oklahoma","Canadian County",5,55,1841,909,932
050,40,017,"Oklahoma","Canadian County",5,56,1703,801,902
050,40,017,"Oklahoma","Canadian County",5,57,1711,834,877
050,40,017,"Oklahoma","Canadian County",5,58,1859,890,969
050,40,017,"Oklahoma","Canadian County",5,59,1925,942,983
050,40,017,"Oklahoma","Canadian County",5,60,1986,978,1008
050,40,017,"Oklahoma","Canadian County",5,61,1971,938,1033
050,40,017,"Oklahoma","Canadian County",5,62,1924,921,1003
050,40,017,"Oklahoma","Canadian County",5,63,1940,947,993
050,40,017,"Oklahoma","Canadian County",5,64,1765,860,905
050,40,017,"Oklahoma","Canadian County",5,65,1747,848,899
050,40,017,"Oklahoma","Canadian County",5,66,1687,808,879
050,40,017,"Oklahoma","Canadian County",5,67,1638,784,854
050,40,017,"Oklahoma","Canadian County",5,68,1651,792,859
050,40,017,"Oklahoma","Canadian County",5,69,1517,691,826
050,40,017,"Oklahoma","Canadian County",5,70,1439,654,785
050,40,017,"Oklahoma","Canadian County",5,71,1371,626,745
050,40,017,"Oklahoma","Canadian County",5,72,1279,561,718
050,40,017,"Oklahoma","Canadian County",5,73,1209,545,664
050,40,017,"Oklahoma","Canadian County",5,74,1189,524,665
050,40,017,"Oklahoma","Canadian County",5,75,1147,535,612
050,40,017,"Oklahoma","Canadian County",5,76,1194,560,634
050,40,017,"Oklahoma","Canadian County",5,77,804,361,443
050,40,017,"Oklahoma","Canadian County",5,78,735,310,425
050,40,017,"Oklahoma","Canadian County",5,79,756,319,437
050,40,017,"Oklahoma","Canadian County",5,80,713,309,404
050,40,017,"Oklahoma","Canadian County",5,81,610,274,336
050,40,017,"Oklahoma","Canadian County",5,82,502,219,283
050,40,017,"Oklahoma","Canadian County",5,83,410,177,233
050,40,017,"Oklahoma","Canadian County",5,84,383,151,232
050,40,017,"Oklahoma","Canadian County",5,85,2227,801,1426
050,40,019,"Oklahoma","Carter County",1,0,643,327,316
050,40,019,"Oklahoma","Carter County",1,1,643,329,314
050,40,019,"Oklahoma","Carter County",1,2,644,343,301
050,40,019,"Oklahoma","Carter County",1,3,654,340,314
050,40,019,"Oklahoma","Carter County",1,4,710,367,343
050,40,019,"Oklahoma","Carter County",1,5,680,356,324
050,40,019,"Oklahoma","Carter County",1,6,659,338,321
050,40,019,"Oklahoma","Carter County",1,7,695,376,319
050,40,019,"Oklahoma","Carter County",1,8,607,296,311
050,40,019,"Oklahoma","Carter County",1,9,632,305,327
050,40,019,"Oklahoma","Carter County",1,10,631,310,321
050,40,019,"Oklahoma","Carter County",1,11,729,368,361
050,40,019,"Oklahoma","Carter County",1,12,720,361,359
050,40,019,"Oklahoma","Carter County",1,13,732,351,381
050,40,019,"Oklahoma","Carter County",1,14,673,332,341
050,40,019,"Oklahoma","Carter County",1,15,682,343,339
050,40,019,"Oklahoma","Carter County",1,16,702,361,341
050,40,019,"Oklahoma","Carter County",1,17,681,350,331
050,40,019,"Oklahoma","Carter County",1,18,583,317,266
050,40,019,"Oklahoma","Carter County",1,19,473,236,237
050,40,019,"Oklahoma","Carter County",1,20,547,261,286
050,40,019,"Oklahoma","Carter County",1,21,573,287,286
050,40,019,"Oklahoma","Carter County",1,22,561,284,277
050,40,019,"Oklahoma","Carter County",1,23,594,291,303
050,40,019,"Oklahoma","Carter County",1,24,556,295,261
050,40,019,"Oklahoma","Carter County",1,25,590,300,290
050,40,019,"Oklahoma","Carter County",1,26,642,312,330
050,40,019,"Oklahoma","Carter County",1,27,667,329,338
050,40,019,"Oklahoma","Carter County",1,28,667,325,342
050,40,019,"Oklahoma","Carter County",1,29,644,328,316
050,40,019,"Oklahoma","Carter County",1,30,639,320,319
050,40,019,"Oklahoma","Carter County",1,31,575,280,295
050,40,019,"Oklahoma","Carter County",1,32,560,280,280
050,40,019,"Oklahoma","Carter County",1,33,580,298,282
050,40,019,"Oklahoma","Carter County",1,34,570,281,289
050,40,019,"Oklahoma","Carter County",1,35,615,317,298
050,40,019,"Oklahoma","Carter County",1,36,607,305,302
050,40,019,"Oklahoma","Carter County",1,37,617,318,299
050,40,019,"Oklahoma","Carter County",1,38,627,298,329
050,40,019,"Oklahoma","Carter County",1,39,574,274,300
050,40,019,"Oklahoma","Carter County",1,40,598,281,317
050,40,019,"Oklahoma","Carter County",1,41,575,290,285
050,40,019,"Oklahoma","Carter County",1,42,577,302,275
050,40,019,"Oklahoma","Carter County",1,43,572,292,280
050,40,019,"Oklahoma","Carter County",1,44,573,294,279
050,40,019,"Oklahoma","Carter County",1,45,557,268,289
050,40,019,"Oklahoma","Carter County",1,46,548,277,271
050,40,019,"Oklahoma","Carter County",1,47,568,277,291
050,40,019,"Oklahoma","Carter County",1,48,585,292,293
050,40,019,"Oklahoma","Carter County",1,49,610,303,307
050,40,019,"Oklahoma","Carter County",1,50,587,292,295
050,40,019,"Oklahoma","Carter County",1,51,555,294,261
050,40,019,"Oklahoma","Carter County",1,52,483,245,238
050,40,019,"Oklahoma","Carter County",1,53,520,257,263
050,40,019,"Oklahoma","Carter County",1,54,560,291,269
050,40,019,"Oklahoma","Carter County",1,55,609,313,296
050,40,019,"Oklahoma","Carter County",1,56,652,305,347
050,40,019,"Oklahoma","Carter County",1,57,636,317,319
050,40,019,"Oklahoma","Carter County",1,58,649,299,350
050,40,019,"Oklahoma","Carter County",1,59,653,308,345
050,40,019,"Oklahoma","Carter County",1,60,653,322,331
050,40,019,"Oklahoma","Carter County",1,61,653,335,318
050,40,019,"Oklahoma","Carter County",1,62,589,286,303
050,40,019,"Oklahoma","Carter County",1,63,585,271,314
050,40,019,"Oklahoma","Carter County",1,64,603,279,324
050,40,019,"Oklahoma","Carter County",1,65,583,285,298
050,40,019,"Oklahoma","Carter County",1,66,572,272,300
050,40,019,"Oklahoma","Carter County",1,67,572,266,306
050,40,019,"Oklahoma","Carter County",1,68,511,244,267
050,40,019,"Oklahoma","Carter County",1,69,495,218,277
050,40,019,"Oklahoma","Carter County",1,70,419,177,242
050,40,019,"Oklahoma","Carter County",1,71,412,175,237
050,40,019,"Oklahoma","Carter County",1,72,437,201,236
050,40,019,"Oklahoma","Carter County",1,73,418,197,221
050,40,019,"Oklahoma","Carter County",1,74,330,148,182
050,40,019,"Oklahoma","Carter County",1,75,335,142,193
050,40,019,"Oklahoma","Carter County",1,76,311,123,188
050,40,019,"Oklahoma","Carter County",1,77,308,132,176
050,40,019,"Oklahoma","Carter County",1,78,273,127,146
050,40,019,"Oklahoma","Carter County",1,79,259,122,137
050,40,019,"Oklahoma","Carter County",1,80,245,102,143
050,40,019,"Oklahoma","Carter County",1,81,217,82,135
050,40,019,"Oklahoma","Carter County",1,82,197,72,125
050,40,019,"Oklahoma","Carter County",1,83,175,77,98
050,40,019,"Oklahoma","Carter County",1,84,154,69,85
050,40,019,"Oklahoma","Carter County",1,85,855,266,589
050,40,019,"Oklahoma","Carter County",2,0,643,328,315
050,40,019,"Oklahoma","Carter County",2,1,642,329,313
050,40,019,"Oklahoma","Carter County",2,2,646,341,305
050,40,019,"Oklahoma","Carter County",2,3,653,344,309
050,40,019,"Oklahoma","Carter County",2,4,698,361,337
050,40,019,"Oklahoma","Carter County",2,5,686,357,329
050,40,019,"Oklahoma","Carter County",2,6,670,348,322
050,40,019,"Oklahoma","Carter County",2,7,682,364,318
050,40,019,"Oklahoma","Carter County",2,8,629,316,313
050,40,019,"Oklahoma","Carter County",2,9,623,302,321
050,40,019,"Oklahoma","Carter County",2,10,638,312,326
050,40,019,"Oklahoma","Carter County",2,11,704,354,350
050,40,019,"Oklahoma","Carter County",2,12,729,367,362
050,40,019,"Oklahoma","Carter County",2,13,727,355,372
050,40,019,"Oklahoma","Carter County",2,14,684,338,346
050,40,019,"Oklahoma","Carter County",2,15,679,341,338
050,40,019,"Oklahoma","Carter County",2,16,695,355,340
050,40,019,"Oklahoma","Carter County",2,17,684,353,331
050,40,019,"Oklahoma","Carter County",2,18,580,310,270
050,40,019,"Oklahoma","Carter County",2,19,479,244,235
050,40,019,"Oklahoma","Carter County",2,20,547,265,282
050,40,019,"Oklahoma","Carter County",2,21,574,284,290
050,40,019,"Oklahoma","Carter County",2,22,577,291,286
050,40,019,"Oklahoma","Carter County",2,23,589,297,292
050,40,019,"Oklahoma","Carter County",2,24,565,295,270
050,40,019,"Oklahoma","Carter County",2,25,584,299,285
050,40,019,"Oklahoma","Carter County",2,26,634,309,325
050,40,019,"Oklahoma","Carter County",2,27,662,326,336
050,40,019,"Oklahoma","Carter County",2,28,666,323,343
050,40,019,"Oklahoma","Carter County",2,29,654,328,326
050,40,019,"Oklahoma","Carter County",2,30,646,323,323
050,40,019,"Oklahoma","Carter County",2,31,591,289,302
050,40,019,"Oklahoma","Carter County",2,32,567,282,285
050,40,019,"Oklahoma","Carter County",2,33,575,290,285
050,40,019,"Oklahoma","Carter County",2,34,576,288,288
050,40,019,"Oklahoma","Carter County",2,35,611,310,301
050,40,019,"Oklahoma","Carter County",2,36,605,304,301
050,40,019,"Oklahoma","Carter County",2,37,620,319,301
050,40,019,"Oklahoma","Carter County",2,38,625,303,322
050,40,019,"Oklahoma","Carter County",2,39,579,278,301
050,40,019,"Oklahoma","Carter County",2,40,593,280,313
050,40,019,"Oklahoma","Carter County",2,41,576,286,290
050,40,019,"Oklahoma","Carter County",2,42,570,298,272
050,40,019,"Oklahoma","Carter County",2,43,578,297,281
050,40,019,"Oklahoma","Carter County",2,44,562,286,276
050,40,019,"Oklahoma","Carter County",2,45,562,272,290
050,40,019,"Oklahoma","Carter County",2,46,547,274,273
050,40,019,"Oklahoma","Carter County",2,47,555,274,281
050,40,019,"Oklahoma","Carter County",2,48,577,289,288
050,40,019,"Oklahoma","Carter County",2,49,609,304,305
050,40,019,"Oklahoma","Carter County",2,50,588,292,296
050,40,019,"Oklahoma","Carter County",2,51,566,296,270
050,40,019,"Oklahoma","Carter County",2,52,495,252,243
050,40,019,"Oklahoma","Carter County",2,53,506,250,256
050,40,019,"Oklahoma","Carter County",2,54,547,281,266
050,40,019,"Oklahoma","Carter County",2,55,598,308,290
050,40,019,"Oklahoma","Carter County",2,56,639,305,334
050,40,019,"Oklahoma","Carter County",2,57,643,316,327
050,40,019,"Oklahoma","Carter County",2,58,641,303,338
050,40,019,"Oklahoma","Carter County",2,59,652,303,349
050,40,019,"Oklahoma","Carter County",2,60,655,321,334
050,40,019,"Oklahoma","Carter County",2,61,649,328,321
050,40,019,"Oklahoma","Carter County",2,62,603,297,306
050,40,019,"Oklahoma","Carter County",2,63,591,278,313
050,40,019,"Oklahoma","Carter County",2,64,591,272,319
050,40,019,"Oklahoma","Carter County",2,65,584,280,304
050,40,019,"Oklahoma","Carter County",2,66,577,276,301
050,40,019,"Oklahoma","Carter County",2,67,571,267,304
050,40,019,"Oklahoma","Carter County",2,68,523,249,274
050,40,019,"Oklahoma","Carter County",2,69,498,223,275
050,40,019,"Oklahoma","Carter County",2,70,432,184,248
050,40,019,"Oklahoma","Carter County",2,71,411,174,237
050,40,019,"Oklahoma","Carter County",2,72,420,189,231
050,40,019,"Oklahoma","Carter County",2,73,442,207,235
050,40,019,"Oklahoma","Carter County",2,74,330,150,180
050,40,019,"Oklahoma","Carter County",2,75,336,143,193
050,40,019,"Oklahoma","Carter County",2,76,310,123,187
050,40,019,"Oklahoma","Carter County",2,77,316,131,185
050,40,019,"Oklahoma","Carter County",2,78,272,123,149
050,40,019,"Oklahoma","Carter County",2,79,259,121,138
050,40,019,"Oklahoma","Carter County",2,80,246,105,141
050,40,019,"Oklahoma","Carter County",2,81,220,85,135
050,40,019,"Oklahoma","Carter County",2,82,202,73,129
050,40,019,"Oklahoma","Carter County",2,83,173,72,101
050,40,019,"Oklahoma","Carter County",2,84,154,68,86
050,40,019,"Oklahoma","Carter County",2,85,855,267,588
050,40,019,"Oklahoma","Carter County",3,0,592,293,299
050,40,019,"Oklahoma","Carter County",3,1,662,334,328
050,40,019,"Oklahoma","Carter County",3,2,633,317,316
050,40,019,"Oklahoma","Carter County",3,3,642,339,303
050,40,019,"Oklahoma","Carter County",3,4,657,334,323
050,40,019,"Oklahoma","Carter County",3,5,691,360,331
050,40,019,"Oklahoma","Carter County",3,6,715,358,357
050,40,019,"Oklahoma","Carter County",3,7,677,346,331
050,40,019,"Oklahoma","Carter County",3,8,698,379,319
050,40,019,"Oklahoma","Carter County",3,9,656,318,338
050,40,019,"Oklahoma","Carter County",3,10,639,306,333
050,40,019,"Oklahoma","Carter County",3,11,649,317,332
050,40,019,"Oklahoma","Carter County",3,12,707,354,353
050,40,019,"Oklahoma","Carter County",3,13,719,362,357
050,40,019,"Oklahoma","Carter County",3,14,733,356,377
050,40,019,"Oklahoma","Carter County",3,15,706,356,350
050,40,019,"Oklahoma","Carter County",3,16,687,348,339
050,40,019,"Oklahoma","Carter County",3,17,725,374,351
050,40,019,"Oklahoma","Carter County",3,18,612,324,288
050,40,019,"Oklahoma","Carter County",3,19,492,261,231
050,40,019,"Oklahoma","Carter County",3,20,516,266,250
050,40,019,"Oklahoma","Carter County",3,21,590,276,314
050,40,019,"Oklahoma","Carter County",3,22,597,291,306
050,40,019,"Oklahoma","Carter County",3,23,601,298,303
050,40,019,"Oklahoma","Carter County",3,24,604,305,299
050,40,019,"Oklahoma","Carter County",3,25,584,293,291
050,40,019,"Oklahoma","Carter County",3,26,573,284,289
050,40,019,"Oklahoma","Carter County",3,27,642,323,319
050,40,019,"Oklahoma","Carter County",3,28,644,307,337
050,40,019,"Oklahoma","Carter County",3,29,672,333,339
050,40,019,"Oklahoma","Carter County",3,30,666,331,335
050,40,019,"Oklahoma","Carter County",3,31,656,332,324
050,40,019,"Oklahoma","Carter County",3,32,597,295,302
050,40,019,"Oklahoma","Carter County",3,33,569,288,281
050,40,019,"Oklahoma","Carter County",3,34,581,296,285
050,40,019,"Oklahoma","Carter County",3,35,590,299,291
050,40,019,"Oklahoma","Carter County",3,36,598,307,291
050,40,019,"Oklahoma","Carter County",3,37,621,322,299
050,40,019,"Oklahoma","Carter County",3,38,628,313,315
050,40,019,"Oklahoma","Carter County",3,39,620,299,321
050,40,019,"Oklahoma","Carter County",3,40,589,283,306
050,40,019,"Oklahoma","Carter County",3,41,603,288,315
050,40,019,"Oklahoma","Carter County",3,42,588,295,293
050,40,019,"Oklahoma","Carter County",3,43,581,306,275
050,40,019,"Oklahoma","Carter County",3,44,573,292,281
050,40,019,"Oklahoma","Carter County",3,45,585,292,293
050,40,019,"Oklahoma","Carter County",3,46,560,277,283
050,40,019,"Oklahoma","Carter County",3,47,538,264,274
050,40,019,"Oklahoma","Carter County",3,48,542,273,269
050,40,019,"Oklahoma","Carter County",3,49,588,290,298
050,40,019,"Oklahoma","Carter County",3,50,601,308,293
050,40,019,"Oklahoma","Carter County",3,51,600,301,299
050,40,019,"Oklahoma","Carter County",3,52,551,277,274
050,40,019,"Oklahoma","Carter County",3,53,499,248,251
050,40,019,"Oklahoma","Carter County",3,54,518,254,264
050,40,019,"Oklahoma","Carter County",3,55,548,286,262
050,40,019,"Oklahoma","Carter County",3,56,600,306,294
050,40,019,"Oklahoma","Carter County",3,57,637,308,329
050,40,019,"Oklahoma","Carter County",3,58,630,310,320
050,40,019,"Oklahoma","Carter County",3,59,634,290,344
050,40,019,"Oklahoma","Carter County",3,60,638,302,336
050,40,019,"Oklahoma","Carter County",3,61,659,319,340
050,40,019,"Oklahoma","Carter County",3,62,637,314,323
050,40,019,"Oklahoma","Carter County",3,63,587,281,306
050,40,019,"Oklahoma","Carter County",3,64,581,276,305
050,40,019,"Oklahoma","Carter County",3,65,582,269,313
050,40,019,"Oklahoma","Carter County",3,66,573,279,294
050,40,019,"Oklahoma","Carter County",3,67,559,267,292
050,40,019,"Oklahoma","Carter County",3,68,540,252,288
050,40,019,"Oklahoma","Carter County",3,69,502,234,268
050,40,019,"Oklahoma","Carter County",3,70,483,221,262
050,40,019,"Oklahoma","Carter County",3,71,423,183,240
050,40,019,"Oklahoma","Carter County",3,72,398,161,237
050,40,019,"Oklahoma","Carter County",3,73,396,176,220
050,40,019,"Oklahoma","Carter County",3,74,419,197,222
050,40,019,"Oklahoma","Carter County",3,75,310,134,176
050,40,019,"Oklahoma","Carter County",3,76,309,124,185
050,40,019,"Oklahoma","Carter County",3,77,296,121,175
050,40,019,"Oklahoma","Carter County",3,78,302,120,182
050,40,019,"Oklahoma","Carter County",3,79,258,115,143
050,40,019,"Oklahoma","Carter County",3,80,236,106,130
050,40,019,"Oklahoma","Carter County",3,81,222,100,122
050,40,019,"Oklahoma","Carter County",3,82,195,66,129
050,40,019,"Oklahoma","Carter County",3,83,175,61,114
050,40,019,"Oklahoma","Carter County",3,84,160,68,92
050,40,019,"Oklahoma","Carter County",3,85,808,246,562
050,40,019,"Oklahoma","Carter County",4,0,611,297,314
050,40,019,"Oklahoma","Carter County",4,1,616,303,313
050,40,019,"Oklahoma","Carter County",4,2,666,338,328
050,40,019,"Oklahoma","Carter County",4,3,623,313,310
050,40,019,"Oklahoma","Carter County",4,4,634,335,299
050,40,019,"Oklahoma","Carter County",4,5,672,347,325
050,40,019,"Oklahoma","Carter County",4,6,699,365,334
050,40,019,"Oklahoma","Carter County",4,7,706,351,355
050,40,019,"Oklahoma","Carter County",4,8,692,366,326
050,40,019,"Oklahoma","Carter County",4,9,705,375,330
050,40,019,"Oklahoma","Carter County",4,10,680,324,356
050,40,019,"Oklahoma","Carter County",4,11,612,297,315
050,40,019,"Oklahoma","Carter County",4,12,650,324,326
050,40,019,"Oklahoma","Carter County",4,13,701,347,354
050,40,019,"Oklahoma","Carter County",4,14,739,380,359
050,40,019,"Oklahoma","Carter County",4,15,750,365,385
050,40,019,"Oklahoma","Carter County",4,16,697,342,355
050,40,019,"Oklahoma","Carter County",4,17,691,348,343
050,40,019,"Oklahoma","Carter County",4,18,617,330,287
050,40,019,"Oklahoma","Carter County",4,19,508,273,235
050,40,019,"Oklahoma","Carter County",4,20,512,278,234
050,40,019,"Oklahoma","Carter County",4,21,540,265,275
050,40,019,"Oklahoma","Carter County",4,22,611,278,333
050,40,019,"Oklahoma","Carter County",4,23,599,291,308
050,40,019,"Oklahoma","Carter County",4,24,613,294,319
050,40,019,"Oklahoma","Carter County",4,25,626,318,308
050,40,019,"Oklahoma","Carter County",4,26,612,300,312
050,40,019,"Oklahoma","Carter County",4,27,572,285,287
050,40,019,"Oklahoma","Carter County",4,28,618,308,310
050,40,019,"Oklahoma","Carter County",4,29,650,305,345
050,40,019,"Oklahoma","Carter County",4,30,685,333,352
050,40,019,"Oklahoma","Carter County",4,31,665,320,345
050,40,019,"Oklahoma","Carter County",4,32,643,326,317
050,40,019,"Oklahoma","Carter County",4,33,587,290,297
050,40,019,"Oklahoma","Carter County",4,34,590,297,293
050,40,019,"Oklahoma","Carter County",4,35,600,310,290
050,40,019,"Oklahoma","Carter County",4,36,590,294,296
050,40,019,"Oklahoma","Carter County",4,37,605,317,288
050,40,019,"Oklahoma","Carter County",4,38,623,306,317
050,40,019,"Oklahoma","Carter County",4,39,629,319,310
050,40,019,"Oklahoma","Carter County",4,40,602,292,310
050,40,019,"Oklahoma","Carter County",4,41,601,281,320
050,40,019,"Oklahoma","Carter County",4,42,612,305,307
050,40,019,"Oklahoma","Carter County",4,43,602,300,302
050,40,019,"Oklahoma","Carter County",4,44,589,306,283
050,40,019,"Oklahoma","Carter County",4,45,597,303,294
050,40,019,"Oklahoma","Carter County",4,46,562,282,280
050,40,019,"Oklahoma","Carter County",4,47,537,262,275
050,40,019,"Oklahoma","Carter County",4,48,538,269,269
050,40,019,"Oklahoma","Carter County",4,49,539,266,273
050,40,019,"Oklahoma","Carter County",4,50,585,297,288
050,40,019,"Oklahoma","Carter County",4,51,622,316,306
050,40,019,"Oklahoma","Carter County",4,52,591,295,296
050,40,019,"Oklahoma","Carter County",4,53,563,286,277
050,40,019,"Oklahoma","Carter County",4,54,519,257,262
050,40,019,"Oklahoma","Carter County",4,55,505,252,253
050,40,019,"Oklahoma","Carter County",4,56,538,274,264
050,40,019,"Oklahoma","Carter County",4,57,602,308,294
050,40,019,"Oklahoma","Carter County",4,58,645,314,331
050,40,019,"Oklahoma","Carter County",4,59,612,299,313
050,40,019,"Oklahoma","Carter County",4,60,619,285,334
050,40,019,"Oklahoma","Carter County",4,61,644,308,336
050,40,019,"Oklahoma","Carter County",4,62,648,309,339
050,40,019,"Oklahoma","Carter County",4,63,634,306,328
050,40,019,"Oklahoma","Carter County",4,64,587,281,306
050,40,019,"Oklahoma","Carter County",4,65,566,272,294
050,40,019,"Oklahoma","Carter County",4,66,569,268,301
050,40,019,"Oklahoma","Carter County",4,67,565,267,298
050,40,019,"Oklahoma","Carter County",4,68,533,256,277
050,40,019,"Oklahoma","Carter County",4,69,537,242,295
050,40,019,"Oklahoma","Carter County",4,70,493,229,264
050,40,019,"Oklahoma","Carter County",4,71,480,213,267
050,40,019,"Oklahoma","Carter County",4,72,411,172,239
050,40,019,"Oklahoma","Carter County",4,73,372,147,225
050,40,019,"Oklahoma","Carter County",4,74,383,168,215
050,40,019,"Oklahoma","Carter County",4,75,405,187,218
050,40,019,"Oklahoma","Carter County",4,76,285,120,165
050,40,019,"Oklahoma","Carter County",4,77,299,122,177
050,40,019,"Oklahoma","Carter County",4,78,281,115,166
050,40,019,"Oklahoma","Carter County",4,79,281,109,172
050,40,019,"Oklahoma","Carter County",4,80,234,99,135
050,40,019,"Oklahoma","Carter County",4,81,211,98,113
050,40,019,"Oklahoma","Carter County",4,82,200,85,115
050,40,019,"Oklahoma","Carter County",4,83,172,60,112
050,40,019,"Oklahoma","Carter County",4,84,153,55,98
050,40,019,"Oklahoma","Carter County",4,85,774,231,543
050,40,019,"Oklahoma","Carter County",5,0,610,297,313
050,40,019,"Oklahoma","Carter County",5,1,640,326,314
050,40,019,"Oklahoma","Carter County",5,2,630,310,320
050,40,019,"Oklahoma","Carter County",5,3,660,333,327
050,40,019,"Oklahoma","Carter County",5,4,628,321,307
050,40,019,"Oklahoma","Carter County",5,5,643,349,294
050,40,019,"Oklahoma","Carter County",5,6,681,357,324
050,40,019,"Oklahoma","Carter County",5,7,713,369,344
050,40,019,"Oklahoma","Carter County",5,8,702,353,349
050,40,019,"Oklahoma","Carter County",5,9,687,365,322
050,40,019,"Oklahoma","Carter County",5,10,692,369,323
050,40,019,"Oklahoma","Carter County",5,11,656,311,345
050,40,019,"Oklahoma","Carter County",5,12,624,311,313
050,40,019,"Oklahoma","Carter County",5,13,633,310,323
050,40,019,"Oklahoma","Carter County",5,14,692,348,344
050,40,019,"Oklahoma","Carter County",5,15,738,374,364
050,40,019,"Oklahoma","Carter County",5,16,740,374,366
050,40,019,"Oklahoma","Carter County",5,17,704,336,368
050,40,019,"Oklahoma","Carter County",5,18,589,306,283
050,40,019,"Oklahoma","Carter County",5,19,517,277,240
050,40,019,"Oklahoma","Carter County",5,20,537,289,248
050,40,019,"Oklahoma","Carter County",5,21,539,287,252
050,40,019,"Oklahoma","Carter County",5,22,592,285,307
050,40,019,"Oklahoma","Carter County",5,23,628,291,337
050,40,019,"Oklahoma","Carter County",5,24,614,308,306
050,40,019,"Oklahoma","Carter County",5,25,625,308,317
050,40,019,"Oklahoma","Carter County",5,26,644,324,320
050,40,019,"Oklahoma","Carter County",5,27,616,306,310
050,40,019,"Oklahoma","Carter County",5,28,570,282,288
050,40,019,"Oklahoma","Carter County",5,29,655,310,345
050,40,019,"Oklahoma","Carter County",5,30,648,311,337
050,40,019,"Oklahoma","Carter County",5,31,704,333,371
050,40,019,"Oklahoma","Carter County",5,32,677,342,335
050,40,019,"Oklahoma","Carter County",5,33,633,323,310
050,40,019,"Oklahoma","Carter County",5,34,618,314,304
050,40,019,"Oklahoma","Carter County",5,35,604,310,294
050,40,019,"Oklahoma","Carter County",5,36,588,293,295
050,40,019,"Oklahoma","Carter County",5,37,582,291,291
050,40,019,"Oklahoma","Carter County",5,38,622,326,296
050,40,019,"Oklahoma","Carter County",5,39,623,312,311
050,40,019,"Oklahoma","Carter County",5,40,616,309,307
050,40,019,"Oklahoma","Carter County",5,41,604,296,308
050,40,019,"Oklahoma","Carter County",5,42,615,289,326
050,40,019,"Oklahoma","Carter County",5,43,626,314,312
050,40,019,"Oklahoma","Carter County",5,44,606,299,307
050,40,019,"Oklahoma","Carter County",5,45,601,307,294
050,40,019,"Oklahoma","Carter County",5,46,581,303,278
050,40,019,"Oklahoma","Carter County",5,47,553,268,285
050,40,019,"Oklahoma","Carter County",5,48,539,262,277
050,40,019,"Oklahoma","Carter County",5,49,541,267,274
050,40,019,"Oklahoma","Carter County",5,50,537,269,268
050,40,019,"Oklahoma","Carter County",5,51,596,297,299
050,40,019,"Oklahoma","Carter County",5,52,621,309,312
050,40,019,"Oklahoma","Carter County",5,53,606,307,299
050,40,019,"Oklahoma","Carter County",5,54,581,296,285
050,40,019,"Oklahoma","Carter County",5,55,527,257,270
050,40,019,"Oklahoma","Carter County",5,56,504,248,256
050,40,019,"Oklahoma","Carter County",5,57,533,274,259
050,40,019,"Oklahoma","Carter County",5,58,596,303,293
050,40,019,"Oklahoma","Carter County",5,59,655,309,346
050,40,019,"Oklahoma","Carter County",5,60,611,303,308
050,40,019,"Oklahoma","Carter County",5,61,624,293,331
050,40,019,"Oklahoma","Carter County",5,62,636,300,336
050,40,019,"Oklahoma","Carter County",5,63,632,296,336
050,40,019,"Oklahoma","Carter County",5,64,633,301,332
050,40,019,"Oklahoma","Carter County",5,65,565,264,301
050,40,019,"Oklahoma","Carter County",5,66,572,280,292
050,40,019,"Oklahoma","Carter County",5,67,561,259,302
050,40,019,"Oklahoma","Carter County",5,68,545,259,286
050,40,019,"Oklahoma","Carter County",5,69,529,256,273
050,40,019,"Oklahoma","Carter County",5,70,522,234,288
050,40,019,"Oklahoma","Carter County",5,71,477,222,255
050,40,019,"Oklahoma","Carter County",5,72,457,199,258
050,40,019,"Oklahoma","Carter County",5,73,398,164,234
050,40,019,"Oklahoma","Carter County",5,74,361,138,223
050,40,019,"Oklahoma","Carter County",5,75,376,159,217
050,40,019,"Oklahoma","Carter County",5,76,381,169,212
050,40,019,"Oklahoma","Carter County",5,77,283,123,160
050,40,019,"Oklahoma","Carter County",5,78,285,119,166
050,40,019,"Oklahoma","Carter County",5,79,265,108,157
050,40,019,"Oklahoma","Carter County",5,80,255,91,164
050,40,019,"Oklahoma","Carter County",5,81,209,91,118
050,40,019,"Oklahoma","Carter County",5,82,191,82,109
050,40,019,"Oklahoma","Carter County",5,83,183,77,106
050,40,019,"Oklahoma","Carter County",5,84,157,53,104
050,40,019,"Oklahoma","Carter County",5,85,752,214,538
050,40,021,"Oklahoma","Cherokee County",1,0,545,277,268
050,40,021,"Oklahoma","Cherokee County",1,1,533,257,276
050,40,021,"Oklahoma","Cherokee County",1,2,483,244,239
050,40,021,"Oklahoma","Cherokee County",1,3,530,257,273
050,40,021,"Oklahoma","Cherokee County",1,4,589,312,277
050,40,021,"Oklahoma","Cherokee County",1,5,535,275,260
050,40,021,"Oklahoma","Cherokee County",1,6,569,271,298
050,40,021,"Oklahoma","Cherokee County",1,7,583,301,282
050,40,021,"Oklahoma","Cherokee County",1,8,609,304,305
050,40,021,"Oklahoma","Cherokee County",1,9,613,317,296
050,40,021,"Oklahoma","Cherokee County",1,10,589,297,292
050,40,021,"Oklahoma","Cherokee County",1,11,564,282,282
050,40,021,"Oklahoma","Cherokee County",1,12,626,312,314
050,40,021,"Oklahoma","Cherokee County",1,13,593,290,303
050,40,021,"Oklahoma","Cherokee County",1,14,573,289,284
050,40,021,"Oklahoma","Cherokee County",1,15,557,272,285
050,40,021,"Oklahoma","Cherokee County",1,16,574,281,293
050,40,021,"Oklahoma","Cherokee County",1,17,606,315,291
050,40,021,"Oklahoma","Cherokee County",1,18,709,359,350
050,40,021,"Oklahoma","Cherokee County",1,19,971,469,502
050,40,021,"Oklahoma","Cherokee County",1,20,1136,564,572
050,40,021,"Oklahoma","Cherokee County",1,21,1117,545,572
050,40,021,"Oklahoma","Cherokee County",1,22,1114,605,509
050,40,021,"Oklahoma","Cherokee County",1,23,874,415,459
050,40,021,"Oklahoma","Cherokee County",1,24,773,389,384
050,40,021,"Oklahoma","Cherokee County",1,25,644,303,341
050,40,021,"Oklahoma","Cherokee County",1,26,618,306,312
050,40,021,"Oklahoma","Cherokee County",1,27,568,291,277
050,40,021,"Oklahoma","Cherokee County",1,28,639,313,326
050,40,021,"Oklahoma","Cherokee County",1,29,584,288,296
050,40,021,"Oklahoma","Cherokee County",1,30,525,249,276
050,40,021,"Oklahoma","Cherokee County",1,31,535,251,284
050,40,021,"Oklahoma","Cherokee County",1,32,494,249,245
050,40,021,"Oklahoma","Cherokee County",1,33,504,262,242
050,40,021,"Oklahoma","Cherokee County",1,34,558,290,268
050,40,021,"Oklahoma","Cherokee County",1,35,560,287,273
050,40,021,"Oklahoma","Cherokee County",1,36,586,293,293
050,40,021,"Oklahoma","Cherokee County",1,37,621,322,299
050,40,021,"Oklahoma","Cherokee County",1,38,567,278,289
050,40,021,"Oklahoma","Cherokee County",1,39,573,285,288
050,40,021,"Oklahoma","Cherokee County",1,40,561,297,264
050,40,021,"Oklahoma","Cherokee County",1,41,536,259,277
050,40,021,"Oklahoma","Cherokee County",1,42,529,256,273
050,40,021,"Oklahoma","Cherokee County",1,43,483,230,253
050,40,021,"Oklahoma","Cherokee County",1,44,482,236,246
050,40,021,"Oklahoma","Cherokee County",1,45,464,230,234
050,40,021,"Oklahoma","Cherokee County",1,46,475,240,235
050,40,021,"Oklahoma","Cherokee County",1,47,479,234,245
050,40,021,"Oklahoma","Cherokee County",1,48,534,244,290
050,40,021,"Oklahoma","Cherokee County",1,49,571,290,281
050,40,021,"Oklahoma","Cherokee County",1,50,514,266,248
050,40,021,"Oklahoma","Cherokee County",1,51,459,225,234
050,40,021,"Oklahoma","Cherokee County",1,52,471,211,260
050,40,021,"Oklahoma","Cherokee County",1,53,517,250,267
050,40,021,"Oklahoma","Cherokee County",1,54,513,254,259
050,40,021,"Oklahoma","Cherokee County",1,55,549,281,268
050,40,021,"Oklahoma","Cherokee County",1,56,577,279,298
050,40,021,"Oklahoma","Cherokee County",1,57,589,269,320
050,40,021,"Oklahoma","Cherokee County",1,58,625,283,342
050,40,021,"Oklahoma","Cherokee County",1,59,598,275,323
050,40,021,"Oklahoma","Cherokee County",1,60,614,297,317
050,40,021,"Oklahoma","Cherokee County",1,61,543,251,292
050,40,021,"Oklahoma","Cherokee County",1,62,584,275,309
050,40,021,"Oklahoma","Cherokee County",1,63,590,277,313
050,40,021,"Oklahoma","Cherokee County",1,64,584,267,317
050,40,021,"Oklahoma","Cherokee County",1,65,529,279,250
050,40,021,"Oklahoma","Cherokee County",1,66,516,261,255
050,40,021,"Oklahoma","Cherokee County",1,67,522,262,260
050,40,021,"Oklahoma","Cherokee County",1,68,519,265,254
050,40,021,"Oklahoma","Cherokee County",1,69,501,251,250
050,40,021,"Oklahoma","Cherokee County",1,70,500,255,245
050,40,021,"Oklahoma","Cherokee County",1,71,493,256,237
050,40,021,"Oklahoma","Cherokee County",1,72,476,230,246
050,40,021,"Oklahoma","Cherokee County",1,73,463,226,237
050,40,021,"Oklahoma","Cherokee County",1,74,323,144,179
050,40,021,"Oklahoma","Cherokee County",1,75,326,145,181
050,40,021,"Oklahoma","Cherokee County",1,76,300,127,173
050,40,021,"Oklahoma","Cherokee County",1,77,289,141,148
050,40,021,"Oklahoma","Cherokee County",1,78,293,126,167
050,40,021,"Oklahoma","Cherokee County",1,79,245,103,142
050,40,021,"Oklahoma","Cherokee County",1,80,228,99,129
050,40,021,"Oklahoma","Cherokee County",1,81,214,79,135
050,40,021,"Oklahoma","Cherokee County",1,82,209,83,126
050,40,021,"Oklahoma","Cherokee County",1,83,167,70,97
050,40,021,"Oklahoma","Cherokee County",1,84,167,62,105
050,40,021,"Oklahoma","Cherokee County",1,85,818,294,524
050,40,021,"Oklahoma","Cherokee County",2,0,524,263,261
050,40,021,"Oklahoma","Cherokee County",2,1,534,261,273
050,40,021,"Oklahoma","Cherokee County",2,2,495,247,248
050,40,021,"Oklahoma","Cherokee County",2,3,521,257,264
050,40,021,"Oklahoma","Cherokee County",2,4,575,299,276
050,40,021,"Oklahoma","Cherokee County",2,5,543,282,261
050,40,021,"Oklahoma","Cherokee County",2,6,562,274,288
050,40,021,"Oklahoma","Cherokee County",2,7,582,295,287
050,40,021,"Oklahoma","Cherokee County",2,8,601,302,299
050,40,021,"Oklahoma","Cherokee County",2,9,611,315,296
050,40,021,"Oklahoma","Cherokee County",2,10,594,301,293
050,40,021,"Oklahoma","Cherokee County",2,11,572,286,286
050,40,021,"Oklahoma","Cherokee County",2,12,615,308,307
050,40,021,"Oklahoma","Cherokee County",2,13,603,297,306
050,40,021,"Oklahoma","Cherokee County",2,14,577,291,286
050,40,021,"Oklahoma","Cherokee County",2,15,563,278,285
050,40,021,"Oklahoma","Cherokee County",2,16,576,282,294
050,40,021,"Oklahoma","Cherokee County",2,17,603,312,291
050,40,021,"Oklahoma","Cherokee County",2,18,704,356,348
050,40,021,"Oklahoma","Cherokee County",2,19,973,473,500
050,40,021,"Oklahoma","Cherokee County",2,20,1137,565,572
050,40,021,"Oklahoma","Cherokee County",2,21,1109,542,567
050,40,021,"Oklahoma","Cherokee County",2,22,1116,599,517
050,40,021,"Oklahoma","Cherokee County",2,23,883,426,457
050,40,021,"Oklahoma","Cherokee County",2,24,766,384,382
050,40,021,"Oklahoma","Cherokee County",2,25,644,308,336
050,40,021,"Oklahoma","Cherokee County",2,26,622,305,317
050,40,021,"Oklahoma","Cherokee County",2,27,568,288,280
050,40,021,"Oklahoma","Cherokee County",2,28,620,307,313
050,40,021,"Oklahoma","Cherokee County",2,29,594,292,302
050,40,021,"Oklahoma","Cherokee County",2,30,542,258,284
050,40,021,"Oklahoma","Cherokee County",2,31,534,249,285
050,40,021,"Oklahoma","Cherokee County",2,32,503,251,252
050,40,021,"Oklahoma","Cherokee County",2,33,504,260,244
050,40,021,"Oklahoma","Cherokee County",2,34,546,284,262
050,40,021,"Oklahoma","Cherokee County",2,35,562,290,272
050,40,021,"Oklahoma","Cherokee County",2,36,579,292,287
050,40,021,"Oklahoma","Cherokee County",2,37,612,313,299
050,40,021,"Oklahoma","Cherokee County",2,38,582,291,291
050,40,021,"Oklahoma","Cherokee County",2,39,568,282,286
050,40,021,"Oklahoma","Cherokee County",2,40,572,299,273
050,40,021,"Oklahoma","Cherokee County",2,41,542,269,273
050,40,021,"Oklahoma","Cherokee County",2,42,524,253,271
050,40,021,"Oklahoma","Cherokee County",2,43,503,241,262
050,40,021,"Oklahoma","Cherokee County",2,44,481,235,246
050,40,021,"Oklahoma","Cherokee County",2,45,470,230,240
050,40,021,"Oklahoma","Cherokee County",2,46,467,236,231
050,40,021,"Oklahoma","Cherokee County",2,47,473,232,241
050,40,021,"Oklahoma","Cherokee County",2,48,522,244,278
050,40,021,"Oklahoma","Cherokee County",2,49,562,278,284
050,40,021,"Oklahoma","Cherokee County",2,50,526,270,256
050,40,021,"Oklahoma","Cherokee County",2,51,473,234,239
050,40,021,"Oklahoma","Cherokee County",2,52,466,214,252
050,40,021,"Oklahoma","Cherokee County",2,53,501,239,262
050,40,021,"Oklahoma","Cherokee County",2,54,515,254,261
050,40,021,"Oklahoma","Cherokee County",2,55,536,271,265
050,40,021,"Oklahoma","Cherokee County",2,56,573,280,293
050,40,021,"Oklahoma","Cherokee County",2,57,588,270,318
050,40,021,"Oklahoma","Cherokee County",2,58,616,279,337
050,40,021,"Oklahoma","Cherokee County",2,59,607,276,331
050,40,021,"Oklahoma","Cherokee County",2,60,603,287,316
050,40,021,"Oklahoma","Cherokee County",2,61,560,259,301
050,40,021,"Oklahoma","Cherokee County",2,62,573,271,302
050,40,021,"Oklahoma","Cherokee County",2,63,590,277,313
050,40,021,"Oklahoma","Cherokee County",2,64,581,267,314
050,40,021,"Oklahoma","Cherokee County",2,65,540,277,263
050,40,021,"Oklahoma","Cherokee County",2,66,521,267,254
050,40,021,"Oklahoma","Cherokee County",2,67,520,261,259
050,40,021,"Oklahoma","Cherokee County",2,68,512,259,253
050,40,021,"Oklahoma","Cherokee County",2,69,505,254,251
050,40,021,"Oklahoma","Cherokee County",2,70,499,256,243
050,40,021,"Oklahoma","Cherokee County",2,71,494,254,240
050,40,021,"Oklahoma","Cherokee County",2,72,471,233,238
050,40,021,"Oklahoma","Cherokee County",2,73,480,237,243
050,40,021,"Oklahoma","Cherokee County",2,74,330,149,181
050,40,021,"Oklahoma","Cherokee County",2,75,327,144,183
050,40,021,"Oklahoma","Cherokee County",2,76,303,131,172
050,40,021,"Oklahoma","Cherokee County",2,77,300,143,157
050,40,021,"Oklahoma","Cherokee County",2,78,289,128,161
050,40,021,"Oklahoma","Cherokee County",2,79,249,105,144
050,40,021,"Oklahoma","Cherokee County",2,80,233,101,132
050,40,021,"Oklahoma","Cherokee County",2,81,213,81,132
050,40,021,"Oklahoma","Cherokee County",2,82,208,81,127
050,40,021,"Oklahoma","Cherokee County",2,83,172,71,101
050,40,021,"Oklahoma","Cherokee County",2,84,161,60,101
050,40,021,"Oklahoma","Cherokee County",2,85,826,293,533
050,40,021,"Oklahoma","Cherokee County",3,0,551,303,248
050,40,021,"Oklahoma","Cherokee County",3,1,525,272,253
050,40,021,"Oklahoma","Cherokee County",3,2,551,275,276
050,40,021,"Oklahoma","Cherokee County",3,3,506,256,250
050,40,021,"Oklahoma","Cherokee County",3,4,518,262,256
050,40,021,"Oklahoma","Cherokee County",3,5,589,300,289
050,40,021,"Oklahoma","Cherokee County",3,6,551,294,257
050,40,021,"Oklahoma","Cherokee County",3,7,556,269,287
050,40,021,"Oklahoma","Cherokee County",3,8,579,294,285
050,40,021,"Oklahoma","Cherokee County",3,9,613,310,303
050,40,021,"Oklahoma","Cherokee County",3,10,604,318,286
050,40,021,"Oklahoma","Cherokee County",3,11,611,305,306
050,40,021,"Oklahoma","Cherokee County",3,12,566,285,281
050,40,021,"Oklahoma","Cherokee County",3,13,607,309,298
050,40,021,"Oklahoma","Cherokee County",3,14,599,305,294
050,40,021,"Oklahoma","Cherokee County",3,15,577,281,296
050,40,021,"Oklahoma","Cherokee County",3,16,561,274,287
050,40,021,"Oklahoma","Cherokee County",3,17,607,299,308
050,40,021,"Oklahoma","Cherokee County",3,18,699,351,348
050,40,021,"Oklahoma","Cherokee County",3,19,991,492,499
050,40,021,"Oklahoma","Cherokee County",3,20,1105,532,573
050,40,021,"Oklahoma","Cherokee County",3,21,1097,530,567
050,40,021,"Oklahoma","Cherokee County",3,22,1134,605,529
050,40,021,"Oklahoma","Cherokee County",3,23,943,485,458
050,40,021,"Oklahoma","Cherokee County",3,24,797,404,393
050,40,021,"Oklahoma","Cherokee County",3,25,676,337,339
050,40,021,"Oklahoma","Cherokee County",3,26,649,310,339
050,40,021,"Oklahoma","Cherokee County",3,27,590,288,302
050,40,021,"Oklahoma","Cherokee County",3,28,554,275,279
050,40,021,"Oklahoma","Cherokee County",3,29,610,309,301
050,40,021,"Oklahoma","Cherokee County",3,30,579,276,303
050,40,021,"Oklahoma","Cherokee County",3,31,585,278,307
050,40,021,"Oklahoma","Cherokee County",3,32,535,256,279
050,40,021,"Oklahoma","Cherokee County",3,33,506,250,256
050,40,021,"Oklahoma","Cherokee County",3,34,507,259,248
050,40,021,"Oklahoma","Cherokee County",3,35,554,295,259
050,40,021,"Oklahoma","Cherokee County",3,36,573,291,282
050,40,021,"Oklahoma","Cherokee County",3,37,585,299,286
050,40,021,"Oklahoma","Cherokee County",3,38,609,316,293
050,40,021,"Oklahoma","Cherokee County",3,39,583,291,292
050,40,021,"Oklahoma","Cherokee County",3,40,584,290,294
050,40,021,"Oklahoma","Cherokee County",3,41,573,291,282
050,40,021,"Oklahoma","Cherokee County",3,42,565,281,284
050,40,021,"Oklahoma","Cherokee County",3,43,532,260,272
050,40,021,"Oklahoma","Cherokee County",3,44,500,238,262
050,40,021,"Oklahoma","Cherokee County",3,45,484,237,247
050,40,021,"Oklahoma","Cherokee County",3,46,473,236,237
050,40,021,"Oklahoma","Cherokee County",3,47,489,247,242
050,40,021,"Oklahoma","Cherokee County",3,48,488,240,248
050,40,021,"Oklahoma","Cherokee County",3,49,522,241,281
050,40,021,"Oklahoma","Cherokee County",3,50,571,282,289
050,40,021,"Oklahoma","Cherokee County",3,51,544,280,264
050,40,021,"Oklahoma","Cherokee County",3,52,481,240,241
050,40,021,"Oklahoma","Cherokee County",3,53,468,214,254
050,40,021,"Oklahoma","Cherokee County",3,54,492,233,259
050,40,021,"Oklahoma","Cherokee County",3,55,511,248,263
050,40,021,"Oklahoma","Cherokee County",3,56,544,269,275
050,40,021,"Oklahoma","Cherokee County",3,57,576,281,295
050,40,021,"Oklahoma","Cherokee County",3,58,591,277,314
050,40,021,"Oklahoma","Cherokee County",3,59,632,280,352
050,40,021,"Oklahoma","Cherokee County",3,60,601,269,332
050,40,021,"Oklahoma","Cherokee County",3,61,631,297,334
050,40,021,"Oklahoma","Cherokee County",3,62,563,260,303
050,40,021,"Oklahoma","Cherokee County",3,63,568,263,305
050,40,021,"Oklahoma","Cherokee County",3,64,582,263,319
050,40,021,"Oklahoma","Cherokee County",3,65,564,256,308
050,40,021,"Oklahoma","Cherokee County",3,66,537,277,260
050,40,021,"Oklahoma","Cherokee County",3,67,520,266,254
050,40,021,"Oklahoma","Cherokee County",3,68,514,258,256
050,40,021,"Oklahoma","Cherokee County",3,69,497,247,250
050,40,021,"Oklahoma","Cherokee County",3,70,502,251,251
050,40,021,"Oklahoma","Cherokee County",3,71,488,245,243
050,40,021,"Oklahoma","Cherokee County",3,72,479,245,234
050,40,021,"Oklahoma","Cherokee County",3,73,451,217,234
050,40,021,"Oklahoma","Cherokee County",3,74,463,225,238
050,40,021,"Oklahoma","Cherokee County",3,75,322,150,172
050,40,021,"Oklahoma","Cherokee County",3,76,308,132,176
050,40,021,"Oklahoma","Cherokee County",3,77,301,133,168
050,40,021,"Oklahoma","Cherokee County",3,78,290,128,162
050,40,021,"Oklahoma","Cherokee County",3,79,268,123,145
050,40,021,"Oklahoma","Cherokee County",3,80,233,99,134
050,40,021,"Oklahoma","Cherokee County",3,81,215,93,122
050,40,021,"Oklahoma","Cherokee County",3,82,203,71,132
050,40,021,"Oklahoma","Cherokee County",3,83,187,78,109
050,40,021,"Oklahoma","Cherokee County",3,84,172,74,98
050,40,021,"Oklahoma","Cherokee County",3,85,848,307,541
050,40,021,"Oklahoma","Cherokee County",4,0,496,265,231
050,40,021,"Oklahoma","Cherokee County",4,1,577,322,255
050,40,021,"Oklahoma","Cherokee County",4,2,507,254,253
050,40,021,"Oklahoma","Cherokee County",4,3,586,303,283
050,40,021,"Oklahoma","Cherokee County",4,4,497,248,249
050,40,021,"Oklahoma","Cherokee County",4,5,529,271,258
050,40,021,"Oklahoma","Cherokee County",4,6,615,311,304
050,40,021,"Oklahoma","Cherokee County",4,7,553,291,262
050,40,021,"Oklahoma","Cherokee County",4,8,557,270,287
050,40,021,"Oklahoma","Cherokee County",4,9,572,294,278
050,40,021,"Oklahoma","Cherokee County",4,10,612,306,306
050,40,021,"Oklahoma","Cherokee County",4,11,602,328,274
050,40,021,"Oklahoma","Cherokee County",4,12,600,300,300
050,40,021,"Oklahoma","Cherokee County",4,13,560,278,282
050,40,021,"Oklahoma","Cherokee County",4,14,620,314,306
050,40,021,"Oklahoma","Cherokee County",4,15,591,288,303
050,40,021,"Oklahoma","Cherokee County",4,16,597,289,308
050,40,021,"Oklahoma","Cherokee County",4,17,587,290,297
050,40,021,"Oklahoma","Cherokee County",4,18,694,331,363
050,40,021,"Oklahoma","Cherokee County",4,19,971,480,491
050,40,021,"Oklahoma","Cherokee County",4,20,1145,574,571
050,40,021,"Oklahoma","Cherokee County",4,21,1078,499,579
050,40,021,"Oklahoma","Cherokee County",4,22,1116,586,530
050,40,021,"Oklahoma","Cherokee County",4,23,973,490,483
050,40,021,"Oklahoma","Cherokee County",4,24,846,446,400
050,40,021,"Oklahoma","Cherokee County",4,25,663,321,342
050,40,021,"Oklahoma","Cherokee County",4,26,644,312,332
050,40,021,"Oklahoma","Cherokee County",4,27,588,285,303
050,40,021,"Oklahoma","Cherokee County",4,28,582,287,295
050,40,021,"Oklahoma","Cherokee County",4,29,544,267,277
050,40,021,"Oklahoma","Cherokee County",4,30,614,310,304
050,40,021,"Oklahoma","Cherokee County",4,31,597,275,322
050,40,021,"Oklahoma","Cherokee County",4,32,596,295,301
050,40,021,"Oklahoma","Cherokee County",4,33,571,273,298
050,40,021,"Oklahoma","Cherokee County",4,34,520,266,254
050,40,021,"Oklahoma","Cherokee County",4,35,496,260,236
050,40,021,"Oklahoma","Cherokee County",4,36,567,307,260
050,40,021,"Oklahoma","Cherokee County",4,37,571,291,280
050,40,021,"Oklahoma","Cherokee County",4,38,593,302,291
050,40,021,"Oklahoma","Cherokee County",4,39,618,317,301
050,40,021,"Oklahoma","Cherokee County",4,40,588,299,289
050,40,021,"Oklahoma","Cherokee County",4,41,589,286,303
050,40,021,"Oklahoma","Cherokee County",4,42,578,287,291
050,40,021,"Oklahoma","Cherokee County",4,43,572,291,281
050,40,021,"Oklahoma","Cherokee County",4,44,544,267,277
050,40,021,"Oklahoma","Cherokee County",4,45,509,243,266
050,40,021,"Oklahoma","Cherokee County",4,46,487,231,256
050,40,021,"Oklahoma","Cherokee County",4,47,494,253,241
050,40,021,"Oklahoma","Cherokee County",4,48,494,244,250
050,40,021,"Oklahoma","Cherokee County",4,49,494,238,256
050,40,021,"Oklahoma","Cherokee County",4,50,528,247,281
050,40,021,"Oklahoma","Cherokee County",4,51,567,289,278
050,40,021,"Oklahoma","Cherokee County",4,52,552,286,266
050,40,021,"Oklahoma","Cherokee County",4,53,494,247,247
050,40,021,"Oklahoma","Cherokee County",4,54,469,206,263
050,40,021,"Oklahoma","Cherokee County",4,55,490,234,256
050,40,021,"Oklahoma","Cherokee County",4,56,518,248,270
050,40,021,"Oklahoma","Cherokee County",4,57,556,282,274
050,40,021,"Oklahoma","Cherokee County",4,58,579,290,289
050,40,021,"Oklahoma","Cherokee County",4,59,601,278,323
050,40,021,"Oklahoma","Cherokee County",4,60,630,272,358
050,40,021,"Oklahoma","Cherokee County",4,61,603,265,338
050,40,021,"Oklahoma","Cherokee County",4,62,628,299,329
050,40,021,"Oklahoma","Cherokee County",4,63,554,256,298
050,40,021,"Oklahoma","Cherokee County",4,64,558,248,310
050,40,021,"Oklahoma","Cherokee County",4,65,563,262,301
050,40,021,"Oklahoma","Cherokee County",4,66,547,244,303
050,40,021,"Oklahoma","Cherokee County",4,67,547,278,269
050,40,021,"Oklahoma","Cherokee County",4,68,515,256,259
050,40,021,"Oklahoma","Cherokee County",4,69,515,254,261
050,40,021,"Oklahoma","Cherokee County",4,70,495,242,253
050,40,021,"Oklahoma","Cherokee County",4,71,495,244,251
050,40,021,"Oklahoma","Cherokee County",4,72,466,238,228
050,40,021,"Oklahoma","Cherokee County",4,73,467,238,229
050,40,021,"Oklahoma","Cherokee County",4,74,434,198,236
050,40,021,"Oklahoma","Cherokee County",4,75,444,219,225
050,40,021,"Oklahoma","Cherokee County",4,76,304,139,165
050,40,021,"Oklahoma","Cherokee County",4,77,304,134,170
050,40,021,"Oklahoma","Cherokee County",4,78,290,115,175
050,40,021,"Oklahoma","Cherokee County",4,79,269,121,148
050,40,021,"Oklahoma","Cherokee County",4,80,254,117,137
050,40,021,"Oklahoma","Cherokee County",4,81,216,86,130
050,40,021,"Oklahoma","Cherokee County",4,82,195,79,116
050,40,021,"Oklahoma","Cherokee County",4,83,186,63,123
050,40,021,"Oklahoma","Cherokee County",4,84,184,80,104
050,40,021,"Oklahoma","Cherokee County",4,85,863,329,534
050,40,021,"Oklahoma","Cherokee County",5,0,501,269,232
050,40,021,"Oklahoma","Cherokee County",5,1,504,268,236
050,40,021,"Oklahoma","Cherokee County",5,2,545,314,231
050,40,021,"Oklahoma","Cherokee County",5,3,518,262,256
050,40,021,"Oklahoma","Cherokee County",5,4,582,297,285
050,40,021,"Oklahoma","Cherokee County",5,5,522,263,259
050,40,021,"Oklahoma","Cherokee County",5,6,528,278,250
050,40,021,"Oklahoma","Cherokee County",5,7,626,310,316
050,40,021,"Oklahoma","Cherokee County",5,8,558,292,266
050,40,021,"Oklahoma","Cherokee County",5,9,567,281,286
050,40,021,"Oklahoma","Cherokee County",5,10,572,292,280
050,40,021,"Oklahoma","Cherokee County",5,11,622,310,312
050,40,021,"Oklahoma","Cherokee County",5,12,587,319,268
050,40,021,"Oklahoma","Cherokee County",5,13,604,306,298
050,40,021,"Oklahoma","Cherokee County",5,14,553,276,277
050,40,021,"Oklahoma","Cherokee County",5,15,613,308,305
050,40,021,"Oklahoma","Cherokee County",5,16,584,287,297
050,40,021,"Oklahoma","Cherokee County",5,17,627,317,310
050,40,021,"Oklahoma","Cherokee County",5,18,684,316,368
050,40,021,"Oklahoma","Cherokee County",5,19,985,480,505
050,40,021,"Oklahoma","Cherokee County",5,20,1103,547,556
050,40,021,"Oklahoma","Cherokee County",5,21,1085,528,557
050,40,021,"Oklahoma","Cherokee County",5,22,1086,544,542
050,40,021,"Oklahoma","Cherokee County",5,23,915,445,470
050,40,021,"Oklahoma","Cherokee County",5,24,855,449,406
050,40,021,"Oklahoma","Cherokee County",5,25,723,366,357
050,40,021,"Oklahoma","Cherokee County",5,26,662,328,334
050,40,021,"Oklahoma","Cherokee County",5,27,584,286,298
050,40,021,"Oklahoma","Cherokee County",5,28,599,291,308
050,40,021,"Oklahoma","Cherokee County",5,29,564,280,284
050,40,021,"Oklahoma","Cherokee County",5,30,555,277,278
050,40,021,"Oklahoma","Cherokee County",5,31,628,319,309
050,40,021,"Oklahoma","Cherokee County",5,32,605,281,324
050,40,021,"Oklahoma","Cherokee County",5,33,588,291,297
050,40,021,"Oklahoma","Cherokee County",5,34,567,277,290
050,40,021,"Oklahoma","Cherokee County",5,35,507,257,250
050,40,021,"Oklahoma","Cherokee County",5,36,498,259,239
050,40,021,"Oklahoma","Cherokee County",5,37,563,300,263
050,40,021,"Oklahoma","Cherokee County",5,38,583,295,288
050,40,021,"Oklahoma","Cherokee County",5,39,601,300,301
050,40,021,"Oklahoma","Cherokee County",5,40,619,315,304
050,40,021,"Oklahoma","Cherokee County",5,41,591,298,293
050,40,021,"Oklahoma","Cherokee County",5,42,570,282,288
050,40,021,"Oklahoma","Cherokee County",5,43,602,295,307
050,40,021,"Oklahoma","Cherokee County",5,44,565,294,271
050,40,021,"Oklahoma","Cherokee County",5,45,554,279,275
050,40,021,"Oklahoma","Cherokee County",5,46,502,242,260
050,40,021,"Oklahoma","Cherokee County",5,47,481,224,257
050,40,021,"Oklahoma","Cherokee County",5,48,478,244,234
050,40,021,"Oklahoma","Cherokee County",5,49,501,248,253
050,40,021,"Oklahoma","Cherokee County",5,50,486,232,254
050,40,021,"Oklahoma","Cherokee County",5,51,527,243,284
050,40,021,"Oklahoma","Cherokee County",5,52,565,284,281
050,40,021,"Oklahoma","Cherokee County",5,53,566,297,269
050,40,021,"Oklahoma","Cherokee County",5,54,495,242,253
050,40,021,"Oklahoma","Cherokee County",5,55,473,206,267
050,40,021,"Oklahoma","Cherokee County",5,56,498,238,260
050,40,021,"Oklahoma","Cherokee County",5,57,525,256,269
050,40,021,"Oklahoma","Cherokee County",5,58,553,278,275
050,40,021,"Oklahoma","Cherokee County",5,59,583,288,295
050,40,021,"Oklahoma","Cherokee County",5,60,566,262,304
050,40,021,"Oklahoma","Cherokee County",5,61,637,274,363
050,40,021,"Oklahoma","Cherokee County",5,62,591,262,329
050,40,021,"Oklahoma","Cherokee County",5,63,611,287,324
050,40,021,"Oklahoma","Cherokee County",5,64,553,248,305
050,40,021,"Oklahoma","Cherokee County",5,65,552,244,308
050,40,021,"Oklahoma","Cherokee County",5,66,558,265,293
050,40,021,"Oklahoma","Cherokee County",5,67,544,245,299
050,40,021,"Oklahoma","Cherokee County",5,68,527,260,267
050,40,021,"Oklahoma","Cherokee County",5,69,501,240,261
050,40,021,"Oklahoma","Cherokee County",5,70,502,246,256
050,40,021,"Oklahoma","Cherokee County",5,71,490,239,251
050,40,021,"Oklahoma","Cherokee County",5,72,470,227,243
050,40,021,"Oklahoma","Cherokee County",5,73,442,226,216
050,40,021,"Oklahoma","Cherokee County",5,74,454,228,226
050,40,021,"Oklahoma","Cherokee County",5,75,427,196,231
050,40,021,"Oklahoma","Cherokee County",5,76,424,205,219
050,40,021,"Oklahoma","Cherokee County",5,77,295,137,158
050,40,021,"Oklahoma","Cherokee County",5,78,297,118,179
050,40,021,"Oklahoma","Cherokee County",5,79,276,113,163
050,40,021,"Oklahoma","Cherokee County",5,80,262,115,147
050,40,021,"Oklahoma","Cherokee County",5,81,236,104,132
050,40,021,"Oklahoma","Cherokee County",5,82,207,76,131
050,40,021,"Oklahoma","Cherokee County",5,83,178,75,103
050,40,021,"Oklahoma","Cherokee County",5,84,181,63,118
050,40,021,"Oklahoma","Cherokee County",5,85,917,363,554
050,40,023,"Oklahoma","Choctaw County",1,0,183,95,88
050,40,023,"Oklahoma","Choctaw County",1,1,204,106,98
050,40,023,"Oklahoma","Choctaw County",1,2,200,108,92
050,40,023,"Oklahoma","Choctaw County",1,3,203,107,96
050,40,023,"Oklahoma","Choctaw County",1,4,189,94,95
050,40,023,"Oklahoma","Choctaw County",1,5,176,78,98
050,40,023,"Oklahoma","Choctaw County",1,6,170,82,88
050,40,023,"Oklahoma","Choctaw County",1,7,184,96,88
050,40,023,"Oklahoma","Choctaw County",1,8,176,89,87
050,40,023,"Oklahoma","Choctaw County",1,9,198,109,89
050,40,023,"Oklahoma","Choctaw County",1,10,190,110,80
050,40,023,"Oklahoma","Choctaw County",1,11,191,89,102
050,40,023,"Oklahoma","Choctaw County",1,12,203,107,96
050,40,023,"Oklahoma","Choctaw County",1,13,194,96,98
050,40,023,"Oklahoma","Choctaw County",1,14,196,92,104
050,40,023,"Oklahoma","Choctaw County",1,15,200,99,101
050,40,023,"Oklahoma","Choctaw County",1,16,197,98,99
050,40,023,"Oklahoma","Choctaw County",1,17,198,106,92
050,40,023,"Oklahoma","Choctaw County",1,18,180,82,98
050,40,023,"Oklahoma","Choctaw County",1,19,147,69,78
050,40,023,"Oklahoma","Choctaw County",1,20,139,74,65
050,40,023,"Oklahoma","Choctaw County",1,21,138,75,63
050,40,023,"Oklahoma","Choctaw County",1,22,154,74,80
050,40,023,"Oklahoma","Choctaw County",1,23,149,70,79
050,40,023,"Oklahoma","Choctaw County",1,24,154,61,93
050,40,023,"Oklahoma","Choctaw County",1,25,148,69,79
050,40,023,"Oklahoma","Choctaw County",1,26,149,72,77
050,40,023,"Oklahoma","Choctaw County",1,27,155,73,82
050,40,023,"Oklahoma","Choctaw County",1,28,156,85,71
050,40,023,"Oklahoma","Choctaw County",1,29,187,98,89
050,40,023,"Oklahoma","Choctaw County",1,30,183,79,104
050,40,023,"Oklahoma","Choctaw County",1,31,143,62,81
050,40,023,"Oklahoma","Choctaw County",1,32,127,51,76
050,40,023,"Oklahoma","Choctaw County",1,33,143,75,68
050,40,023,"Oklahoma","Choctaw County",1,34,134,68,66
050,40,023,"Oklahoma","Choctaw County",1,35,159,80,79
050,40,023,"Oklahoma","Choctaw County",1,36,130,65,65
050,40,023,"Oklahoma","Choctaw County",1,37,155,75,80
050,40,023,"Oklahoma","Choctaw County",1,38,158,73,85
050,40,023,"Oklahoma","Choctaw County",1,39,157,67,90
050,40,023,"Oklahoma","Choctaw County",1,40,149,64,85
050,40,023,"Oklahoma","Choctaw County",1,41,152,70,82
050,40,023,"Oklahoma","Choctaw County",1,42,156,71,85
050,40,023,"Oklahoma","Choctaw County",1,43,164,78,86
050,40,023,"Oklahoma","Choctaw County",1,44,176,81,95
050,40,023,"Oklahoma","Choctaw County",1,45,154,78,76
050,40,023,"Oklahoma","Choctaw County",1,46,133,60,73
050,40,023,"Oklahoma","Choctaw County",1,47,156,82,74
050,40,023,"Oklahoma","Choctaw County",1,48,168,95,73
050,40,023,"Oklahoma","Choctaw County",1,49,182,85,97
050,40,023,"Oklahoma","Choctaw County",1,50,172,68,104
050,40,023,"Oklahoma","Choctaw County",1,51,161,85,76
050,40,023,"Oklahoma","Choctaw County",1,52,158,81,77
050,40,023,"Oklahoma","Choctaw County",1,53,163,73,90
050,40,023,"Oklahoma","Choctaw County",1,54,177,78,99
050,40,023,"Oklahoma","Choctaw County",1,55,191,80,111
050,40,023,"Oklahoma","Choctaw County",1,56,197,94,103
050,40,023,"Oklahoma","Choctaw County",1,57,210,99,111
050,40,023,"Oklahoma","Choctaw County",1,58,183,88,95
050,40,023,"Oklahoma","Choctaw County",1,59,209,95,114
050,40,023,"Oklahoma","Choctaw County",1,60,224,106,118
050,40,023,"Oklahoma","Choctaw County",1,61,210,111,99
050,40,023,"Oklahoma","Choctaw County",1,62,191,97,94
050,40,023,"Oklahoma","Choctaw County",1,63,209,97,112
050,40,023,"Oklahoma","Choctaw County",1,64,198,93,105
050,40,023,"Oklahoma","Choctaw County",1,65,219,109,110
050,40,023,"Oklahoma","Choctaw County",1,66,210,105,105
050,40,023,"Oklahoma","Choctaw County",1,67,201,98,103
050,40,023,"Oklahoma","Choctaw County",1,68,184,88,96
050,40,023,"Oklahoma","Choctaw County",1,69,159,72,87
050,40,023,"Oklahoma","Choctaw County",1,70,171,78,93
050,40,023,"Oklahoma","Choctaw County",1,71,152,80,72
050,40,023,"Oklahoma","Choctaw County",1,72,152,74,78
050,40,023,"Oklahoma","Choctaw County",1,73,159,79,80
050,40,023,"Oklahoma","Choctaw County",1,74,130,64,66
050,40,023,"Oklahoma","Choctaw County",1,75,140,67,73
050,40,023,"Oklahoma","Choctaw County",1,76,128,61,67
050,40,023,"Oklahoma","Choctaw County",1,77,110,47,63
050,40,023,"Oklahoma","Choctaw County",1,78,105,46,59
050,40,023,"Oklahoma","Choctaw County",1,79,91,36,55
050,40,023,"Oklahoma","Choctaw County",1,80,93,46,47
050,40,023,"Oklahoma","Choctaw County",1,81,75,31,44
050,40,023,"Oklahoma","Choctaw County",1,82,70,37,33
050,40,023,"Oklahoma","Choctaw County",1,83,68,33,35
050,40,023,"Oklahoma","Choctaw County",1,84,54,25,29
050,40,023,"Oklahoma","Choctaw County",1,85,293,122,171
050,40,023,"Oklahoma","Choctaw County",2,0,191,99,92
050,40,023,"Oklahoma","Choctaw County",2,1,200,104,96
050,40,023,"Oklahoma","Choctaw County",2,2,199,106,93
050,40,023,"Oklahoma","Choctaw County",2,3,199,106,93
050,40,023,"Oklahoma","Choctaw County",2,4,192,97,95
050,40,023,"Oklahoma","Choctaw County",2,5,180,81,99
050,40,023,"Oklahoma","Choctaw County",2,6,173,82,91
050,40,023,"Oklahoma","Choctaw County",2,7,178,90,88
050,40,023,"Oklahoma","Choctaw County",2,8,179,90,89
050,40,023,"Oklahoma","Choctaw County",2,9,194,105,89
050,40,023,"Oklahoma","Choctaw County",2,10,193,108,85
050,40,023,"Oklahoma","Choctaw County",2,11,190,94,96
050,40,023,"Oklahoma","Choctaw County",2,12,201,103,98
050,40,023,"Oklahoma","Choctaw County",2,13,196,98,98
050,40,023,"Oklahoma","Choctaw County",2,14,193,91,102
050,40,023,"Oklahoma","Choctaw County",2,15,199,97,102
050,40,023,"Oklahoma","Choctaw County",2,16,199,99,100
050,40,023,"Oklahoma","Choctaw County",2,17,194,103,91
050,40,023,"Oklahoma","Choctaw County",2,18,176,84,92
050,40,023,"Oklahoma","Choctaw County",2,19,151,70,81
050,40,023,"Oklahoma","Choctaw County",2,20,145,75,70
050,40,023,"Oklahoma","Choctaw County",2,21,139,74,65
050,40,023,"Oklahoma","Choctaw County",2,22,148,74,74
050,40,023,"Oklahoma","Choctaw County",2,23,152,71,81
050,40,023,"Oklahoma","Choctaw County",2,24,152,62,90
050,40,023,"Oklahoma","Choctaw County",2,25,151,68,83
050,40,023,"Oklahoma","Choctaw County",2,26,150,71,79
050,40,023,"Oklahoma","Choctaw County",2,27,153,71,82
050,40,023,"Oklahoma","Choctaw County",2,28,155,82,73
050,40,023,"Oklahoma","Choctaw County",2,29,178,93,85
050,40,023,"Oklahoma","Choctaw County",2,30,182,81,101
050,40,023,"Oklahoma","Choctaw County",2,31,152,65,87
050,40,023,"Oklahoma","Choctaw County",2,32,132,55,77
050,40,023,"Oklahoma","Choctaw County",2,33,139,69,70
050,40,023,"Oklahoma","Choctaw County",2,34,137,70,67
050,40,023,"Oklahoma","Choctaw County",2,35,152,76,76
050,40,023,"Oklahoma","Choctaw County",2,36,139,70,69
050,40,023,"Oklahoma","Choctaw County",2,37,148,73,75
050,40,023,"Oklahoma","Choctaw County",2,38,157,74,83
050,40,023,"Oklahoma","Choctaw County",2,39,155,68,87
050,40,023,"Oklahoma","Choctaw County",2,40,149,65,84
050,40,023,"Oklahoma","Choctaw County",2,41,151,69,82
050,40,023,"Oklahoma","Choctaw County",2,42,153,69,84
050,40,023,"Oklahoma","Choctaw County",2,43,166,78,88
050,40,023,"Oklahoma","Choctaw County",2,44,173,80,93
050,40,023,"Oklahoma","Choctaw County",2,45,162,79,83
050,40,023,"Oklahoma","Choctaw County",2,46,139,66,73
050,40,023,"Oklahoma","Choctaw County",2,47,145,73,72
050,40,023,"Oklahoma","Choctaw County",2,48,165,93,72
050,40,023,"Oklahoma","Choctaw County",2,49,180,87,93
050,40,023,"Oklahoma","Choctaw County",2,50,174,72,102
050,40,023,"Oklahoma","Choctaw County",2,51,164,81,83
050,40,023,"Oklahoma","Choctaw County",2,52,159,82,77
050,40,023,"Oklahoma","Choctaw County",2,53,166,78,88
050,40,023,"Oklahoma","Choctaw County",2,54,174,76,98
050,40,023,"Oklahoma","Choctaw County",2,55,187,79,108
050,40,023,"Oklahoma","Choctaw County",2,56,198,93,105
050,40,023,"Oklahoma","Choctaw County",2,57,208,97,111
050,40,023,"Oklahoma","Choctaw County",2,58,189,90,99
050,40,023,"Oklahoma","Choctaw County",2,59,204,93,111
050,40,023,"Oklahoma","Choctaw County",2,60,219,104,115
050,40,023,"Oklahoma","Choctaw County",2,61,212,111,101
050,40,023,"Oklahoma","Choctaw County",2,62,197,100,97
050,40,023,"Oklahoma","Choctaw County",2,63,203,97,106
050,40,023,"Oklahoma","Choctaw County",2,64,201,94,107
050,40,023,"Oklahoma","Choctaw County",2,65,217,108,109
050,40,023,"Oklahoma","Choctaw County",2,66,213,106,107
050,40,023,"Oklahoma","Choctaw County",2,67,201,99,102
050,40,023,"Oklahoma","Choctaw County",2,68,185,89,96
050,40,023,"Oklahoma","Choctaw County",2,69,167,77,90
050,40,023,"Oklahoma","Choctaw County",2,70,169,77,92
050,40,023,"Oklahoma","Choctaw County",2,71,156,79,77
050,40,023,"Oklahoma","Choctaw County",2,72,151,74,77
050,40,023,"Oklahoma","Choctaw County",2,73,162,79,83
050,40,023,"Oklahoma","Choctaw County",2,74,127,62,65
050,40,023,"Oklahoma","Choctaw County",2,75,136,64,72
050,40,023,"Oklahoma","Choctaw County",2,76,130,62,68
050,40,023,"Oklahoma","Choctaw County",2,77,112,49,63
050,40,023,"Oklahoma","Choctaw County",2,78,104,45,59
050,40,023,"Oklahoma","Choctaw County",2,79,94,38,56
050,40,023,"Oklahoma","Choctaw County",2,80,89,41,48
050,40,023,"Oklahoma","Choctaw County",2,81,78,33,45
050,40,023,"Oklahoma","Choctaw County",2,82,72,36,36
050,40,023,"Oklahoma","Choctaw County",2,83,67,32,35
050,40,023,"Oklahoma","Choctaw County",2,84,56,27,29
050,40,023,"Oklahoma","Choctaw County",2,85,288,120,168
050,40,023,"Oklahoma","Choctaw County",3,0,223,100,123
050,40,023,"Oklahoma","Choctaw County",3,1,184,97,87
050,40,023,"Oklahoma","Choctaw County",3,2,197,105,92
050,40,023,"Oklahoma","Choctaw County",3,3,202,107,95
050,40,023,"Oklahoma","Choctaw County",3,4,202,110,92
050,40,023,"Oklahoma","Choctaw County",3,5,196,102,94
050,40,023,"Oklahoma","Choctaw County",3,6,180,81,99
050,40,023,"Oklahoma","Choctaw County",3,7,191,95,96
050,40,023,"Oklahoma","Choctaw County",3,8,181,92,89
050,40,023,"Oklahoma","Choctaw County",3,9,198,103,95
050,40,023,"Oklahoma","Choctaw County",3,10,200,105,95
050,40,023,"Oklahoma","Choctaw County",3,11,194,110,84
050,40,023,"Oklahoma","Choctaw County",3,12,197,103,94
050,40,023,"Oklahoma","Choctaw County",3,13,220,111,109
050,40,023,"Oklahoma","Choctaw County",3,14,205,103,102
050,40,023,"Oklahoma","Choctaw County",3,15,190,92,98
050,40,023,"Oklahoma","Choctaw County",3,16,193,93,100
050,40,023,"Oklahoma","Choctaw County",3,17,204,103,101
050,40,023,"Oklahoma","Choctaw County",3,18,169,94,75
050,40,023,"Oklahoma","Choctaw County",3,19,151,73,78
050,40,023,"Oklahoma","Choctaw County",3,20,164,76,88
050,40,023,"Oklahoma","Choctaw County",3,21,148,78,70
050,40,023,"Oklahoma","Choctaw County",3,22,140,75,65
050,40,023,"Oklahoma","Choctaw County",3,23,150,72,78
050,40,023,"Oklahoma","Choctaw County",3,24,171,75,96
050,40,023,"Oklahoma","Choctaw County",3,25,156,71,85
050,40,023,"Oklahoma","Choctaw County",3,26,148,70,78
050,40,023,"Oklahoma","Choctaw County",3,27,150,68,82
050,40,023,"Oklahoma","Choctaw County",3,28,151,71,80
050,40,023,"Oklahoma","Choctaw County",3,29,164,87,77
050,40,023,"Oklahoma","Choctaw County",3,30,187,99,88
050,40,023,"Oklahoma","Choctaw County",3,31,192,87,105
050,40,023,"Oklahoma","Choctaw County",3,32,167,74,93
050,40,023,"Oklahoma","Choctaw County",3,33,131,58,73
050,40,023,"Oklahoma","Choctaw County",3,34,142,73,69
050,40,023,"Oklahoma","Choctaw County",3,35,146,80,66
050,40,023,"Oklahoma","Choctaw County",3,36,159,81,78
050,40,023,"Oklahoma","Choctaw County",3,37,142,69,73
050,40,023,"Oklahoma","Choctaw County",3,38,163,79,84
050,40,023,"Oklahoma","Choctaw County",3,39,151,71,80
050,40,023,"Oklahoma","Choctaw County",3,40,159,71,88
050,40,023,"Oklahoma","Choctaw County",3,41,153,70,83
050,40,023,"Oklahoma","Choctaw County",3,42,145,65,80
050,40,023,"Oklahoma","Choctaw County",3,43,148,63,85
050,40,023,"Oklahoma","Choctaw County",3,44,164,78,86
050,40,023,"Oklahoma","Choctaw County",3,45,169,75,94
050,40,023,"Oklahoma","Choctaw County",3,46,161,77,84
050,40,023,"Oklahoma","Choctaw County",3,47,138,67,71
050,40,023,"Oklahoma","Choctaw County",3,48,146,77,69
050,40,023,"Oklahoma","Choctaw County",3,49,167,94,73
050,40,023,"Oklahoma","Choctaw County",3,50,186,87,99
050,40,023,"Oklahoma","Choctaw County",3,51,177,74,103
050,40,023,"Oklahoma","Choctaw County",3,52,158,78,80
050,40,023,"Oklahoma","Choctaw County",3,53,165,85,80
050,40,023,"Oklahoma","Choctaw County",3,54,162,75,87
050,40,023,"Oklahoma","Choctaw County",3,55,171,74,97
050,40,023,"Oklahoma","Choctaw County",3,56,183,76,107
050,40,023,"Oklahoma","Choctaw County",3,57,199,93,106
050,40,023,"Oklahoma","Choctaw County",3,58,206,93,113
050,40,023,"Oklahoma","Choctaw County",3,59,197,87,110
050,40,023,"Oklahoma","Choctaw County",3,60,197,88,109
050,40,023,"Oklahoma","Choctaw County",3,61,213,101,112
050,40,023,"Oklahoma","Choctaw County",3,62,214,112,102
050,40,023,"Oklahoma","Choctaw County",3,63,197,96,101
050,40,023,"Oklahoma","Choctaw County",3,64,198,92,106
050,40,023,"Oklahoma","Choctaw County",3,65,195,90,105
050,40,023,"Oklahoma","Choctaw County",3,66,205,101,104
050,40,023,"Oklahoma","Choctaw County",3,67,207,104,103
050,40,023,"Oklahoma","Choctaw County",3,68,198,96,102
050,40,023,"Oklahoma","Choctaw County",3,69,181,90,91
050,40,023,"Oklahoma","Choctaw County",3,70,161,71,90
050,40,023,"Oklahoma","Choctaw County",3,71,164,78,86
050,40,023,"Oklahoma","Choctaw County",3,72,152,76,76
050,40,023,"Oklahoma","Choctaw County",3,73,148,71,77
050,40,023,"Oklahoma","Choctaw County",3,74,156,76,80
050,40,023,"Oklahoma","Choctaw County",3,75,122,60,62
050,40,023,"Oklahoma","Choctaw County",3,76,127,58,69
050,40,023,"Oklahoma","Choctaw County",3,77,125,57,68
050,40,023,"Oklahoma","Choctaw County",3,78,104,44,60
050,40,023,"Oklahoma","Choctaw County",3,79,93,40,53
050,40,023,"Oklahoma","Choctaw County",3,80,87,39,48
050,40,023,"Oklahoma","Choctaw County",3,81,82,37,45
050,40,023,"Oklahoma","Choctaw County",3,82,79,36,43
050,40,023,"Oklahoma","Choctaw County",3,83,70,31,39
050,40,023,"Oklahoma","Choctaw County",3,84,58,28,30
050,40,023,"Oklahoma","Choctaw County",3,85,277,113,164
050,40,023,"Oklahoma","Choctaw County",4,0,195,96,99
050,40,023,"Oklahoma","Choctaw County",4,1,247,103,144
050,40,023,"Oklahoma","Choctaw County",4,2,178,88,90
050,40,023,"Oklahoma","Choctaw County",4,3,205,102,103
050,40,023,"Oklahoma","Choctaw County",4,4,204,109,95
050,40,023,"Oklahoma","Choctaw County",4,5,198,107,91
050,40,023,"Oklahoma","Choctaw County",4,6,192,106,86
050,40,023,"Oklahoma","Choctaw County",4,7,181,87,94
050,40,023,"Oklahoma","Choctaw County",4,8,193,97,96
050,40,023,"Oklahoma","Choctaw County",4,9,186,98,88
050,40,023,"Oklahoma","Choctaw County",4,10,193,103,90
050,40,023,"Oklahoma","Choctaw County",4,11,205,111,94
050,40,023,"Oklahoma","Choctaw County",4,12,200,109,91
050,40,023,"Oklahoma","Choctaw County",4,13,201,106,95
050,40,023,"Oklahoma","Choctaw County",4,14,225,111,114
050,40,023,"Oklahoma","Choctaw County",4,15,205,101,104
050,40,023,"Oklahoma","Choctaw County",4,16,198,101,97
050,40,023,"Oklahoma","Choctaw County",4,17,195,90,105
050,40,023,"Oklahoma","Choctaw County",4,18,173,87,86
050,40,023,"Oklahoma","Choctaw County",4,19,134,74,60
050,40,023,"Oklahoma","Choctaw County",4,20,152,74,78
050,40,023,"Oklahoma","Choctaw County",4,21,162,76,86
050,40,023,"Oklahoma","Choctaw County",4,22,155,79,76
050,40,023,"Oklahoma","Choctaw County",4,23,145,76,69
050,40,023,"Oklahoma","Choctaw County",4,24,159,80,79
050,40,023,"Oklahoma","Choctaw County",4,25,174,76,98
050,40,023,"Oklahoma","Choctaw County",4,26,166,80,86
050,40,023,"Oklahoma","Choctaw County",4,27,150,72,78
050,40,023,"Oklahoma","Choctaw County",4,28,152,72,80
050,40,023,"Oklahoma","Choctaw County",4,29,155,74,81
050,40,023,"Oklahoma","Choctaw County",4,30,171,89,82
050,40,023,"Oklahoma","Choctaw County",4,31,181,95,86
050,40,023,"Oklahoma","Choctaw County",4,32,199,94,105
050,40,023,"Oklahoma","Choctaw County",4,33,162,70,92
050,40,023,"Oklahoma","Choctaw County",4,34,140,67,73
050,40,023,"Oklahoma","Choctaw County",4,35,141,68,73
050,40,023,"Oklahoma","Choctaw County",4,36,152,87,65
050,40,023,"Oklahoma","Choctaw County",4,37,176,95,81
050,40,023,"Oklahoma","Choctaw County",4,38,138,65,73
050,40,023,"Oklahoma","Choctaw County",4,39,165,82,83
050,40,023,"Oklahoma","Choctaw County",4,40,157,76,81
050,40,023,"Oklahoma","Choctaw County",4,41,169,75,94
050,40,023,"Oklahoma","Choctaw County",4,42,152,66,86
050,40,023,"Oklahoma","Choctaw County",4,43,139,60,79
050,40,023,"Oklahoma","Choctaw County",4,44,152,65,87
050,40,023,"Oklahoma","Choctaw County",4,45,168,78,90
050,40,023,"Oklahoma","Choctaw County",4,46,167,74,93
050,40,023,"Oklahoma","Choctaw County",4,47,157,78,79
050,40,023,"Oklahoma","Choctaw County",4,48,134,65,69
050,40,023,"Oklahoma","Choctaw County",4,49,148,76,72
050,40,023,"Oklahoma","Choctaw County",4,50,155,85,70
050,40,023,"Oklahoma","Choctaw County",4,51,194,89,105
050,40,023,"Oklahoma","Choctaw County",4,52,173,71,102
050,40,023,"Oklahoma","Choctaw County",4,53,163,77,86
050,40,023,"Oklahoma","Choctaw County",4,54,174,95,79
050,40,023,"Oklahoma","Choctaw County",4,55,165,73,92
050,40,023,"Oklahoma","Choctaw County",4,56,165,72,93
050,40,023,"Oklahoma","Choctaw County",4,57,180,72,108
050,40,023,"Oklahoma","Choctaw County",4,58,190,89,101
050,40,023,"Oklahoma","Choctaw County",4,59,204,93,111
050,40,023,"Oklahoma","Choctaw County",4,60,195,84,111
050,40,023,"Oklahoma","Choctaw County",4,61,190,88,102
050,40,023,"Oklahoma","Choctaw County",4,62,217,104,113
050,40,023,"Oklahoma","Choctaw County",4,63,209,106,103
050,40,023,"Oklahoma","Choctaw County",4,64,188,88,100
050,40,023,"Oklahoma","Choctaw County",4,65,196,91,105
050,40,023,"Oklahoma","Choctaw County",4,66,190,85,105
050,40,023,"Oklahoma","Choctaw County",4,67,204,97,107
050,40,023,"Oklahoma","Choctaw County",4,68,210,104,106
050,40,023,"Oklahoma","Choctaw County",4,69,190,94,96
050,40,023,"Oklahoma","Choctaw County",4,70,177,86,91
050,40,023,"Oklahoma","Choctaw County",4,71,157,74,83
050,40,023,"Oklahoma","Choctaw County",4,72,160,77,83
050,40,023,"Oklahoma","Choctaw County",4,73,142,69,73
050,40,023,"Oklahoma","Choctaw County",4,74,140,68,72
050,40,023,"Oklahoma","Choctaw County",4,75,143,69,74
050,40,023,"Oklahoma","Choctaw County",4,76,113,56,57
050,40,023,"Oklahoma","Choctaw County",4,77,123,52,71
050,40,023,"Oklahoma","Choctaw County",4,78,108,51,57
050,40,023,"Oklahoma","Choctaw County",4,79,96,35,61
050,40,023,"Oklahoma","Choctaw County",4,80,88,39,49
050,40,023,"Oklahoma","Choctaw County",4,81,78,34,44
050,40,023,"Oklahoma","Choctaw County",4,82,80,39,41
050,40,023,"Oklahoma","Choctaw County",4,83,71,28,43
050,40,023,"Oklahoma","Choctaw County",4,84,64,30,34
050,40,023,"Oklahoma","Choctaw County",4,85,269,107,162
050,40,023,"Oklahoma","Choctaw County",5,0,177,86,91
050,40,023,"Oklahoma","Choctaw County",5,1,200,97,103
050,40,023,"Oklahoma","Choctaw County",5,2,233,93,140
050,40,023,"Oklahoma","Choctaw County",5,3,178,92,86
050,40,023,"Oklahoma","Choctaw County",5,4,196,106,90
050,40,023,"Oklahoma","Choctaw County",5,5,199,103,96
050,40,023,"Oklahoma","Choctaw County",5,6,200,100,100
050,40,023,"Oklahoma","Choctaw County",5,7,195,108,87
050,40,023,"Oklahoma","Choctaw County",5,8,182,81,101
050,40,023,"Oklahoma","Choctaw County",5,9,202,104,98
050,40,023,"Oklahoma","Choctaw County",5,10,194,104,90
050,40,023,"Oklahoma","Choctaw County",5,11,192,99,93
050,40,023,"Oklahoma","Choctaw County",5,12,210,113,97
050,40,023,"Oklahoma","Choctaw County",5,13,195,111,84
050,40,023,"Oklahoma","Choctaw County",5,14,188,98,90
050,40,023,"Oklahoma","Choctaw County",5,15,209,103,106
050,40,023,"Oklahoma","Choctaw County",5,16,205,105,100
050,40,023,"Oklahoma","Choctaw County",5,17,198,100,98
050,40,023,"Oklahoma","Choctaw County",5,18,159,78,81
050,40,023,"Oklahoma","Choctaw County",5,19,144,73,71
050,40,023,"Oklahoma","Choctaw County",5,20,133,78,55
050,40,023,"Oklahoma","Choctaw County",5,21,146,70,76
050,40,023,"Oklahoma","Choctaw County",5,22,167,79,88
050,40,023,"Oklahoma","Choctaw County",5,23,165,81,84
050,40,023,"Oklahoma","Choctaw County",5,24,143,75,68
050,40,023,"Oklahoma","Choctaw County",5,25,149,76,73
050,40,023,"Oklahoma","Choctaw County",5,26,181,79,102
050,40,023,"Oklahoma","Choctaw County",5,27,170,77,93
050,40,023,"Oklahoma","Choctaw County",5,28,154,77,77
050,40,023,"Oklahoma","Choctaw County",5,29,148,69,79
050,40,023,"Oklahoma","Choctaw County",5,30,159,72,87
050,40,023,"Oklahoma","Choctaw County",5,31,172,90,82
050,40,023,"Oklahoma","Choctaw County",5,32,184,90,94
050,40,023,"Oklahoma","Choctaw County",5,33,190,92,98
050,40,023,"Oklahoma","Choctaw County",5,34,164,72,92
050,40,023,"Oklahoma","Choctaw County",5,35,151,75,76
050,40,023,"Oklahoma","Choctaw County",5,36,145,73,72
050,40,023,"Oklahoma","Choctaw County",5,37,145,79,66
050,40,023,"Oklahoma","Choctaw County",5,38,167,86,81
050,40,023,"Oklahoma","Choctaw County",5,39,137,69,68
050,40,023,"Oklahoma","Choctaw County",5,40,167,80,87
050,40,023,"Oklahoma","Choctaw County",5,41,156,74,82
050,40,023,"Oklahoma","Choctaw County",5,42,163,71,92
050,40,023,"Oklahoma","Choctaw County",5,43,156,65,91
050,40,023,"Oklahoma","Choctaw County",5,44,145,64,81
050,40,023,"Oklahoma","Choctaw County",5,45,134,56,78
050,40,023,"Oklahoma","Choctaw County",5,46,162,75,87
050,40,023,"Oklahoma","Choctaw County",5,47,160,70,90
050,40,023,"Oklahoma","Choctaw County",5,48,168,80,88
050,40,023,"Oklahoma","Choctaw County",5,49,135,68,67
050,40,023,"Oklahoma","Choctaw County",5,50,151,81,70
050,40,023,"Oklahoma","Choctaw County",5,51,158,85,73
050,40,023,"Oklahoma","Choctaw County",5,52,197,90,107
050,40,023,"Oklahoma","Choctaw County",5,53,176,71,105
050,40,023,"Oklahoma","Choctaw County",5,54,163,78,85
050,40,023,"Oklahoma","Choctaw County",5,55,163,82,81
050,40,023,"Oklahoma","Choctaw County",5,56,167,73,94
050,40,023,"Oklahoma","Choctaw County",5,57,168,72,96
050,40,023,"Oklahoma","Choctaw County",5,58,176,72,104
050,40,023,"Oklahoma","Choctaw County",5,59,188,86,102
050,40,023,"Oklahoma","Choctaw County",5,60,198,89,109
050,40,023,"Oklahoma","Choctaw County",5,61,183,82,101
050,40,023,"Oklahoma","Choctaw County",5,62,189,90,99
050,40,023,"Oklahoma","Choctaw County",5,63,210,100,110
050,40,023,"Oklahoma","Choctaw County",5,64,213,103,110
050,40,023,"Oklahoma","Choctaw County",5,65,181,85,96
050,40,023,"Oklahoma","Choctaw County",5,66,192,89,103
050,40,023,"Oklahoma","Choctaw County",5,67,196,90,106
050,40,023,"Oklahoma","Choctaw County",5,68,206,97,109
050,40,023,"Oklahoma","Choctaw County",5,69,198,94,104
050,40,023,"Oklahoma","Choctaw County",5,70,186,92,94
050,40,023,"Oklahoma","Choctaw County",5,71,177,88,89
050,40,023,"Oklahoma","Choctaw County",5,72,149,71,78
050,40,023,"Oklahoma","Choctaw County",5,73,154,72,82
050,40,023,"Oklahoma","Choctaw County",5,74,136,68,68
050,40,023,"Oklahoma","Choctaw County",5,75,132,66,66
050,40,023,"Oklahoma","Choctaw County",5,76,132,62,70
050,40,023,"Oklahoma","Choctaw County",5,77,106,49,57
050,40,023,"Oklahoma","Choctaw County",5,78,112,50,62
050,40,023,"Oklahoma","Choctaw County",5,79,97,43,54
050,40,023,"Oklahoma","Choctaw County",5,80,86,35,51
050,40,023,"Oklahoma","Choctaw County",5,81,75,32,43
050,40,023,"Oklahoma","Choctaw County",5,82,77,34,43
050,40,023,"Oklahoma","Choctaw County",5,83,72,33,39
050,40,023,"Oklahoma","Choctaw County",5,84,68,29,39
050,40,023,"Oklahoma","Choctaw County",5,85,272,103,169
050,40,025,"Oklahoma","Cimarron County",1,0,30,15,15
050,40,025,"Oklahoma","Cimarron County",1,1,24,12,12
050,40,025,"Oklahoma","Cimarron County",1,2,35,19,16
050,40,025,"Oklahoma","Cimarron County",1,3,26,12,14
050,40,025,"Oklahoma","Cimarron County",1,4,27,18,9
050,40,025,"Oklahoma","Cimarron County",1,5,38,26,12
050,40,025,"Oklahoma","Cimarron County",1,6,34,24,10
050,40,025,"Oklahoma","Cimarron County",1,7,42,24,18
050,40,025,"Oklahoma","Cimarron County",1,8,37,18,19
050,40,025,"Oklahoma","Cimarron County",1,9,38,20,18
050,40,025,"Oklahoma","Cimarron County",1,10,36,20,16
050,40,025,"Oklahoma","Cimarron County",1,11,48,31,17
050,40,025,"Oklahoma","Cimarron County",1,12,41,25,16
050,40,025,"Oklahoma","Cimarron County",1,13,37,18,19
050,40,025,"Oklahoma","Cimarron County",1,14,30,18,12
050,40,025,"Oklahoma","Cimarron County",1,15,30,14,16
050,40,025,"Oklahoma","Cimarron County",1,16,28,11,17
050,40,025,"Oklahoma","Cimarron County",1,17,39,20,19
050,40,025,"Oklahoma","Cimarron County",1,18,34,18,16
050,40,025,"Oklahoma","Cimarron County",1,19,19,7,12
050,40,025,"Oklahoma","Cimarron County",1,20,21,10,11
050,40,025,"Oklahoma","Cimarron County",1,21,17,9,8
050,40,025,"Oklahoma","Cimarron County",1,22,20,12,8
050,40,025,"Oklahoma","Cimarron County",1,23,19,8,11
050,40,025,"Oklahoma","Cimarron County",1,24,13,6,7
050,40,025,"Oklahoma","Cimarron County",1,25,15,7,8
050,40,025,"Oklahoma","Cimarron County",1,26,23,12,11
050,40,025,"Oklahoma","Cimarron County",1,27,16,5,11
050,40,025,"Oklahoma","Cimarron County",1,28,21,11,10
050,40,025,"Oklahoma","Cimarron County",1,29,24,14,10
050,40,025,"Oklahoma","Cimarron County",1,30,22,11,11
050,40,025,"Oklahoma","Cimarron County",1,31,18,7,11
050,40,025,"Oklahoma","Cimarron County",1,32,18,9,9
050,40,025,"Oklahoma","Cimarron County",1,33,18,12,6
050,40,025,"Oklahoma","Cimarron County",1,34,28,11,17
050,40,025,"Oklahoma","Cimarron County",1,35,28,13,15
050,40,025,"Oklahoma","Cimarron County",1,36,26,11,15
050,40,025,"Oklahoma","Cimarron County",1,37,19,4,15
050,40,025,"Oklahoma","Cimarron County",1,38,31,13,18
050,40,025,"Oklahoma","Cimarron County",1,39,27,16,11
050,40,025,"Oklahoma","Cimarron County",1,40,18,9,9
050,40,025,"Oklahoma","Cimarron County",1,41,18,9,9
050,40,025,"Oklahoma","Cimarron County",1,42,23,13,10
050,40,025,"Oklahoma","Cimarron County",1,43,14,10,4
050,40,025,"Oklahoma","Cimarron County",1,44,15,9,6
050,40,025,"Oklahoma","Cimarron County",1,45,20,8,12
050,40,025,"Oklahoma","Cimarron County",1,46,32,14,18
050,40,025,"Oklahoma","Cimarron County",1,47,31,19,12
050,40,025,"Oklahoma","Cimarron County",1,48,19,11,8
050,40,025,"Oklahoma","Cimarron County",1,49,31,17,14
050,40,025,"Oklahoma","Cimarron County",1,50,27,15,12
050,40,025,"Oklahoma","Cimarron County",1,51,20,10,10
050,40,025,"Oklahoma","Cimarron County",1,52,16,9,7
050,40,025,"Oklahoma","Cimarron County",1,53,18,10,8
050,40,025,"Oklahoma","Cimarron County",1,54,22,10,12
050,40,025,"Oklahoma","Cimarron County",1,55,37,20,17
050,40,025,"Oklahoma","Cimarron County",1,56,34,18,16
050,40,025,"Oklahoma","Cimarron County",1,57,32,18,14
050,40,025,"Oklahoma","Cimarron County",1,58,34,20,14
050,40,025,"Oklahoma","Cimarron County",1,59,29,13,16
050,40,025,"Oklahoma","Cimarron County",1,60,24,13,11
050,40,025,"Oklahoma","Cimarron County",1,61,29,16,13
050,40,025,"Oklahoma","Cimarron County",1,62,28,13,15
050,40,025,"Oklahoma","Cimarron County",1,63,28,12,16
050,40,025,"Oklahoma","Cimarron County",1,64,29,17,12
050,40,025,"Oklahoma","Cimarron County",1,65,31,16,15
050,40,025,"Oklahoma","Cimarron County",1,66,31,15,16
050,40,025,"Oklahoma","Cimarron County",1,67,38,19,19
050,40,025,"Oklahoma","Cimarron County",1,68,44,24,20
050,40,025,"Oklahoma","Cimarron County",1,69,37,14,23
050,40,025,"Oklahoma","Cimarron County",1,70,26,13,13
050,40,025,"Oklahoma","Cimarron County",1,71,32,13,19
050,40,025,"Oklahoma","Cimarron County",1,72,28,11,17
050,40,025,"Oklahoma","Cimarron County",1,73,26,16,10
050,40,025,"Oklahoma","Cimarron County",1,74,21,12,9
050,40,025,"Oklahoma","Cimarron County",1,75,22,11,11
050,40,025,"Oklahoma","Cimarron County",1,76,31,16,15
050,40,025,"Oklahoma","Cimarron County",1,77,27,11,16
050,40,025,"Oklahoma","Cimarron County",1,78,24,10,14
050,40,025,"Oklahoma","Cimarron County",1,79,21,10,11
050,40,025,"Oklahoma","Cimarron County",1,80,18,10,8
050,40,025,"Oklahoma","Cimarron County",1,81,17,8,9
050,40,025,"Oklahoma","Cimarron County",1,82,16,7,9
050,40,025,"Oklahoma","Cimarron County",1,83,14,6,8
050,40,025,"Oklahoma","Cimarron County",1,84,6,3,3
050,40,025,"Oklahoma","Cimarron County",1,85,57,25,32
050,40,025,"Oklahoma","Cimarron County",2,0,28,15,13
050,40,025,"Oklahoma","Cimarron County",2,1,26,13,13
050,40,025,"Oklahoma","Cimarron County",2,2,33,18,15
050,40,025,"Oklahoma","Cimarron County",2,3,28,14,14
050,40,025,"Oklahoma","Cimarron County",2,4,28,17,11
050,40,025,"Oklahoma","Cimarron County",2,5,36,25,11
050,40,025,"Oklahoma","Cimarron County",2,6,35,25,10
050,40,025,"Oklahoma","Cimarron County",2,7,38,23,15
050,40,025,"Oklahoma","Cimarron County",2,8,39,20,19
050,40,025,"Oklahoma","Cimarron County",2,9,36,18,18
050,40,025,"Oklahoma","Cimarron County",2,10,38,21,17
050,40,025,"Oklahoma","Cimarron County",2,11,44,28,16
050,40,025,"Oklahoma","Cimarron County",2,12,42,26,16
050,40,025,"Oklahoma","Cimarron County",2,13,37,19,18
050,40,025,"Oklahoma","Cimarron County",2,14,33,18,15
050,40,025,"Oklahoma","Cimarron County",2,15,31,15,16
050,40,025,"Oklahoma","Cimarron County",2,16,28,12,16
050,40,025,"Oklahoma","Cimarron County",2,17,38,18,20
050,40,025,"Oklahoma","Cimarron County",2,18,33,17,16
050,40,025,"Oklahoma","Cimarron County",2,19,21,9,12
050,40,025,"Oklahoma","Cimarron County",2,20,21,10,11
050,40,025,"Oklahoma","Cimarron County",2,21,18,9,9
050,40,025,"Oklahoma","Cimarron County",2,22,19,11,8
050,40,025,"Oklahoma","Cimarron County",2,23,20,10,10
050,40,025,"Oklahoma","Cimarron County",2,24,14,6,8
050,40,025,"Oklahoma","Cimarron County",2,25,14,7,7
050,40,025,"Oklahoma","Cimarron County",2,26,22,12,10
050,40,025,"Oklahoma","Cimarron County",2,27,15,5,10
050,40,025,"Oklahoma","Cimarron County",2,28,20,10,10
050,40,025,"Oklahoma","Cimarron County",2,29,22,12,10
050,40,025,"Oklahoma","Cimarron County",2,30,21,11,10
050,40,025,"Oklahoma","Cimarron County",2,31,20,8,12
050,40,025,"Oklahoma","Cimarron County",2,32,19,9,10
050,40,025,"Oklahoma","Cimarron County",2,33,17,10,7
050,40,025,"Oklahoma","Cimarron County",2,34,26,12,14
050,40,025,"Oklahoma","Cimarron County",2,35,29,13,16
050,40,025,"Oklahoma","Cimarron County",2,36,26,11,15
050,40,025,"Oklahoma","Cimarron County",2,37,22,6,16
050,40,025,"Oklahoma","Cimarron County",2,38,28,11,17
050,40,025,"Oklahoma","Cimarron County",2,39,28,15,13
050,40,025,"Oklahoma","Cimarron County",2,40,21,11,10
050,40,025,"Oklahoma","Cimarron County",2,41,18,9,9
050,40,025,"Oklahoma","Cimarron County",2,42,22,12,10
050,40,025,"Oklahoma","Cimarron County",2,43,17,11,6
050,40,025,"Oklahoma","Cimarron County",2,44,15,9,6
050,40,025,"Oklahoma","Cimarron County",2,45,18,8,10
050,40,025,"Oklahoma","Cimarron County",2,46,29,13,16
050,40,025,"Oklahoma","Cimarron County",2,47,29,16,13
050,40,025,"Oklahoma","Cimarron County",2,48,22,13,9
050,40,025,"Oklahoma","Cimarron County",2,49,29,16,13
050,40,025,"Oklahoma","Cimarron County",2,50,27,15,12
050,40,025,"Oklahoma","Cimarron County",2,51,21,11,10
050,40,025,"Oklahoma","Cimarron County",2,52,17,9,8
050,40,025,"Oklahoma","Cimarron County",2,53,18,10,8
050,40,025,"Oklahoma","Cimarron County",2,54,22,11,11
050,40,025,"Oklahoma","Cimarron County",2,55,33,17,16
050,40,025,"Oklahoma","Cimarron County",2,56,35,19,16
050,40,025,"Oklahoma","Cimarron County",2,57,33,18,15
050,40,025,"Oklahoma","Cimarron County",2,58,34,20,14
050,40,025,"Oklahoma","Cimarron County",2,59,31,15,16
050,40,025,"Oklahoma","Cimarron County",2,60,25,13,12
050,40,025,"Oklahoma","Cimarron County",2,61,28,15,13
050,40,025,"Oklahoma","Cimarron County",2,62,29,14,15
050,40,025,"Oklahoma","Cimarron County",2,63,28,12,16
050,40,025,"Oklahoma","Cimarron County",2,64,28,16,12
050,40,025,"Oklahoma","Cimarron County",2,65,31,16,15
050,40,025,"Oklahoma","Cimarron County",2,66,31,15,16
050,40,025,"Oklahoma","Cimarron County",2,67,36,18,18
050,40,025,"Oklahoma","Cimarron County",2,68,43,23,20
050,40,025,"Oklahoma","Cimarron County",2,69,40,18,22
050,40,025,"Oklahoma","Cimarron County",2,70,28,13,15
050,40,025,"Oklahoma","Cimarron County",2,71,31,13,18
050,40,025,"Oklahoma","Cimarron County",2,72,28,11,17
050,40,025,"Oklahoma","Cimarron County",2,73,27,15,12
050,40,025,"Oklahoma","Cimarron County",2,74,21,12,9
050,40,025,"Oklahoma","Cimarron County",2,75,21,11,10
050,40,025,"Oklahoma","Cimarron County",2,76,29,15,14
050,40,025,"Oklahoma","Cimarron County",2,77,28,12,16
050,40,025,"Oklahoma","Cimarron County",2,78,24,10,14
050,40,025,"Oklahoma","Cimarron County",2,79,22,10,12
050,40,025,"Oklahoma","Cimarron County",2,80,19,10,9
050,40,025,"Oklahoma","Cimarron County",2,81,15,7,8
050,40,025,"Oklahoma","Cimarron County",2,82,16,7,9
050,40,025,"Oklahoma","Cimarron County",2,83,14,6,8
050,40,025,"Oklahoma","Cimarron County",2,84,8,4,4
050,40,025,"Oklahoma","Cimarron County",2,85,55,22,33
050,40,025,"Oklahoma","Cimarron County",3,0,25,16,9
050,40,025,"Oklahoma","Cimarron County",3,1,27,17,10
050,40,025,"Oklahoma","Cimarron County",3,2,21,10,11
050,40,025,"Oklahoma","Cimarron County",3,3,27,14,13
050,40,025,"Oklahoma","Cimarron County",3,4,28,15,13
050,40,025,"Oklahoma","Cimarron County",3,5,27,18,9
050,40,025,"Oklahoma","Cimarron County",3,6,39,28,11
050,40,025,"Oklahoma","Cimarron County",3,7,30,22,8
050,40,025,"Oklahoma","Cimarron County",3,8,37,20,17
050,40,025,"Oklahoma","Cimarron County",3,9,38,18,20
050,40,025,"Oklahoma","Cimarron County",3,10,37,19,18
050,40,025,"Oklahoma","Cimarron County",3,11,37,20,17
050,40,025,"Oklahoma","Cimarron County",3,12,42,26,16
050,40,025,"Oklahoma","Cimarron County",3,13,41,24,17
050,40,025,"Oklahoma","Cimarron County",3,14,40,22,18
050,40,025,"Oklahoma","Cimarron County",3,15,30,18,12
050,40,025,"Oklahoma","Cimarron County",3,16,36,15,21
050,40,025,"Oklahoma","Cimarron County",3,17,27,11,16
050,40,025,"Oklahoma","Cimarron County",3,18,31,15,16
050,40,025,"Oklahoma","Cimarron County",3,19,23,11,12
050,40,025,"Oklahoma","Cimarron County",3,20,20,9,11
050,40,025,"Oklahoma","Cimarron County",3,21,18,8,10
050,40,025,"Oklahoma","Cimarron County",3,22,24,13,11
050,40,025,"Oklahoma","Cimarron County",3,23,21,12,9
050,40,025,"Oklahoma","Cimarron County",3,24,20,11,9
050,40,025,"Oklahoma","Cimarron County",3,25,17,7,10
050,40,025,"Oklahoma","Cimarron County",3,26,18,10,8
050,40,025,"Oklahoma","Cimarron County",3,27,22,9,13
050,40,025,"Oklahoma","Cimarron County",3,28,16,7,9
050,40,025,"Oklahoma","Cimarron County",3,29,20,9,11
050,40,025,"Oklahoma","Cimarron County",3,30,21,10,11
050,40,025,"Oklahoma","Cimarron County",3,31,19,11,8
050,40,025,"Oklahoma","Cimarron County",3,32,21,10,11
050,40,025,"Oklahoma","Cimarron County",3,33,18,9,9
050,40,025,"Oklahoma","Cimarron County",3,34,17,10,7
050,40,025,"Oklahoma","Cimarron County",3,35,26,14,12
050,40,025,"Oklahoma","Cimarron County",3,36,29,12,17
050,40,025,"Oklahoma","Cimarron County",3,37,27,12,15
050,40,025,"Oklahoma","Cimarron County",3,38,21,6,15
050,40,025,"Oklahoma","Cimarron County",3,39,29,11,18
050,40,025,"Oklahoma","Cimarron County",3,40,25,14,11
050,40,025,"Oklahoma","Cimarron County",3,41,22,11,11
050,40,025,"Oklahoma","Cimarron County",3,42,18,9,9
050,40,025,"Oklahoma","Cimarron County",3,43,25,16,9
050,40,025,"Oklahoma","Cimarron County",3,44,18,12,6
050,40,025,"Oklahoma","Cimarron County",3,45,14,9,5
050,40,025,"Oklahoma","Cimarron County",3,46,17,9,8
050,40,025,"Oklahoma","Cimarron County",3,47,29,13,16
050,40,025,"Oklahoma","Cimarron County",3,48,28,16,12
050,40,025,"Oklahoma","Cimarron County",3,49,22,13,9
050,40,025,"Oklahoma","Cimarron County",3,50,31,19,12
050,40,025,"Oklahoma","Cimarron County",3,51,27,15,12
050,40,025,"Oklahoma","Cimarron County",3,52,20,9,11
050,40,025,"Oklahoma","Cimarron County",3,53,16,9,7
050,40,025,"Oklahoma","Cimarron County",3,54,16,10,6
050,40,025,"Oklahoma","Cimarron County",3,55,25,12,13
050,40,025,"Oklahoma","Cimarron County",3,56,33,16,17
050,40,025,"Oklahoma","Cimarron County",3,57,36,17,19
050,40,025,"Oklahoma","Cimarron County",3,58,32,18,14
050,40,025,"Oklahoma","Cimarron County",3,59,34,20,14
050,40,025,"Oklahoma","Cimarron County",3,60,26,11,15
050,40,025,"Oklahoma","Cimarron County",3,61,24,13,11
050,40,025,"Oklahoma","Cimarron County",3,62,25,14,11
050,40,025,"Oklahoma","Cimarron County",3,63,31,17,14
050,40,025,"Oklahoma","Cimarron County",3,64,27,11,16
050,40,025,"Oklahoma","Cimarron County",3,65,28,16,12
050,40,025,"Oklahoma","Cimarron County",3,66,29,15,14
050,40,025,"Oklahoma","Cimarron County",3,67,29,15,14
050,40,025,"Oklahoma","Cimarron County",3,68,33,17,16
050,40,025,"Oklahoma","Cimarron County",3,69,40,20,20
050,40,025,"Oklahoma","Cimarron County",3,70,39,18,21
050,40,025,"Oklahoma","Cimarron County",3,71,26,12,14
050,40,025,"Oklahoma","Cimarron County",3,72,30,12,18
050,40,025,"Oklahoma","Cimarron County",3,73,28,11,17
050,40,025,"Oklahoma","Cimarron County",3,74,27,14,13
050,40,025,"Oklahoma","Cimarron County",3,75,21,12,9
050,40,025,"Oklahoma","Cimarron County",3,76,20,10,10
050,40,025,"Oklahoma","Cimarron County",3,77,24,13,11
050,40,025,"Oklahoma","Cimarron County",3,78,27,11,16
050,40,025,"Oklahoma","Cimarron County",3,79,24,10,14
050,40,025,"Oklahoma","Cimarron County",3,80,21,9,12
050,40,025,"Oklahoma","Cimarron County",3,81,18,9,9
050,40,025,"Oklahoma","Cimarron County",3,82,14,6,8
050,40,025,"Oklahoma","Cimarron County",3,83,15,6,9
050,40,025,"Oklahoma","Cimarron County",3,84,13,6,7
050,40,025,"Oklahoma","Cimarron County",3,85,53,21,32
050,40,025,"Oklahoma","Cimarron County",4,0,23,14,9
050,40,025,"Oklahoma","Cimarron County",4,1,23,18,5
050,40,025,"Oklahoma","Cimarron County",4,2,30,14,16
050,40,025,"Oklahoma","Cimarron County",4,3,22,11,11
050,40,025,"Oklahoma","Cimarron County",4,4,27,13,14
050,40,025,"Oklahoma","Cimarron County",4,5,29,15,14
050,40,025,"Oklahoma","Cimarron County",4,6,29,17,12
050,40,025,"Oklahoma","Cimarron County",4,7,40,29,11
050,40,025,"Oklahoma","Cimarron County",4,8,30,20,10
050,40,025,"Oklahoma","Cimarron County",4,9,38,21,17
050,40,025,"Oklahoma","Cimarron County",4,10,39,22,17
050,40,025,"Oklahoma","Cimarron County",4,11,36,19,17
050,40,025,"Oklahoma","Cimarron County",4,12,35,18,17
050,40,025,"Oklahoma","Cimarron County",4,13,45,29,16
050,40,025,"Oklahoma","Cimarron County",4,14,44,24,20
050,40,025,"Oklahoma","Cimarron County",4,15,37,19,18
050,40,025,"Oklahoma","Cimarron County",4,16,31,19,12
050,40,025,"Oklahoma","Cimarron County",4,17,33,16,17
050,40,025,"Oklahoma","Cimarron County",4,18,23,9,14
050,40,025,"Oklahoma","Cimarron County",4,19,27,12,15
050,40,025,"Oklahoma","Cimarron County",4,20,23,11,12
050,40,025,"Oklahoma","Cimarron County",4,21,21,11,10
050,40,025,"Oklahoma","Cimarron County",4,22,19,8,11
050,40,025,"Oklahoma","Cimarron County",4,23,23,11,12
050,40,025,"Oklahoma","Cimarron County",4,24,23,12,11
050,40,025,"Oklahoma","Cimarron County",4,25,18,10,8
050,40,025,"Oklahoma","Cimarron County",4,26,15,6,9
050,40,025,"Oklahoma","Cimarron County",4,27,19,10,9
050,40,025,"Oklahoma","Cimarron County",4,28,24,9,15
050,40,025,"Oklahoma","Cimarron County",4,29,16,6,10
050,40,025,"Oklahoma","Cimarron County",4,30,20,10,10
050,40,025,"Oklahoma","Cimarron County",4,31,25,12,13
050,40,025,"Oklahoma","Cimarron County",4,32,17,9,8
050,40,025,"Oklahoma","Cimarron County",4,33,24,12,12
050,40,025,"Oklahoma","Cimarron County",4,34,19,10,9
050,40,025,"Oklahoma","Cimarron County",4,35,17,10,7
050,40,025,"Oklahoma","Cimarron County",4,36,23,11,12
050,40,025,"Oklahoma","Cimarron County",4,37,29,13,16
050,40,025,"Oklahoma","Cimarron County",4,38,26,12,14
050,40,025,"Oklahoma","Cimarron County",4,39,20,5,15
050,40,025,"Oklahoma","Cimarron County",4,40,30,11,19
050,40,025,"Oklahoma","Cimarron County",4,41,25,13,12
050,40,025,"Oklahoma","Cimarron County",4,42,22,11,11
050,40,025,"Oklahoma","Cimarron County",4,43,20,10,10
050,40,025,"Oklahoma","Cimarron County",4,44,23,14,9
050,40,025,"Oklahoma","Cimarron County",4,45,18,12,6
050,40,025,"Oklahoma","Cimarron County",4,46,14,9,5
050,40,025,"Oklahoma","Cimarron County",4,47,20,12,8
050,40,025,"Oklahoma","Cimarron County",4,48,29,13,16
050,40,025,"Oklahoma","Cimarron County",4,49,27,15,12
050,40,025,"Oklahoma","Cimarron County",4,50,21,13,8
050,40,025,"Oklahoma","Cimarron County",4,51,28,17,11
050,40,025,"Oklahoma","Cimarron County",4,52,25,13,12
050,40,025,"Oklahoma","Cimarron County",4,53,20,9,11
050,40,025,"Oklahoma","Cimarron County",4,54,16,9,7
050,40,025,"Oklahoma","Cimarron County",4,55,16,10,6
050,40,025,"Oklahoma","Cimarron County",4,56,20,8,12
050,40,025,"Oklahoma","Cimarron County",4,57,36,18,18
050,40,025,"Oklahoma","Cimarron County",4,58,35,18,17
050,40,025,"Oklahoma","Cimarron County",4,59,33,18,15
050,40,025,"Oklahoma","Cimarron County",4,60,33,19,14
050,40,025,"Oklahoma","Cimarron County",4,61,27,13,14
050,40,025,"Oklahoma","Cimarron County",4,62,22,12,10
050,40,025,"Oklahoma","Cimarron County",4,63,26,15,11
050,40,025,"Oklahoma","Cimarron County",4,64,30,16,14
050,40,025,"Oklahoma","Cimarron County",4,65,29,11,18
050,40,025,"Oklahoma","Cimarron County",4,66,25,15,10
050,40,025,"Oklahoma","Cimarron County",4,67,28,14,14
050,40,025,"Oklahoma","Cimarron County",4,68,26,14,12
050,40,025,"Oklahoma","Cimarron County",4,69,29,15,14
050,40,025,"Oklahoma","Cimarron County",4,70,40,20,20
050,40,025,"Oklahoma","Cimarron County",4,71,40,18,22
050,40,025,"Oklahoma","Cimarron County",4,72,26,12,14
050,40,025,"Oklahoma","Cimarron County",4,73,30,12,18
050,40,025,"Oklahoma","Cimarron County",4,74,28,11,17
050,40,025,"Oklahoma","Cimarron County",4,75,25,13,12
050,40,025,"Oklahoma","Cimarron County",4,76,20,11,9
050,40,025,"Oklahoma","Cimarron County",4,77,21,10,11
050,40,025,"Oklahoma","Cimarron County",4,78,22,12,10
050,40,025,"Oklahoma","Cimarron County",4,79,24,10,14
050,40,025,"Oklahoma","Cimarron County",4,80,23,9,14
050,40,025,"Oklahoma","Cimarron County",4,81,19,8,11
050,40,025,"Oklahoma","Cimarron County",4,82,17,8,9
050,40,025,"Oklahoma","Cimarron County",4,83,12,5,7
050,40,025,"Oklahoma","Cimarron County",4,84,14,6,8
050,40,025,"Oklahoma","Cimarron County",4,85,57,22,35
050,40,025,"Oklahoma","Cimarron County",5,0,23,15,8
050,40,025,"Oklahoma","Cimarron County",5,1,21,13,8
050,40,025,"Oklahoma","Cimarron County",5,2,21,16,5
050,40,025,"Oklahoma","Cimarron County",5,3,28,14,14
050,40,025,"Oklahoma","Cimarron County",5,4,24,12,12
050,40,025,"Oklahoma","Cimarron County",5,5,29,15,14
050,40,025,"Oklahoma","Cimarron County",5,6,27,15,12
050,40,025,"Oklahoma","Cimarron County",5,7,26,15,11
050,40,025,"Oklahoma","Cimarron County",5,8,40,30,10
050,40,025,"Oklahoma","Cimarron County",5,9,30,20,10
050,40,025,"Oklahoma","Cimarron County",5,10,38,22,16
050,40,025,"Oklahoma","Cimarron County",5,11,38,21,17
050,40,025,"Oklahoma","Cimarron County",5,12,34,18,16
050,40,025,"Oklahoma","Cimarron County",5,13,37,19,18
050,40,025,"Oklahoma","Cimarron County",5,14,48,31,17
050,40,025,"Oklahoma","Cimarron County",5,15,44,24,20
050,40,025,"Oklahoma","Cimarron County",5,16,43,21,22
050,40,025,"Oklahoma","Cimarron County",5,17,35,21,14
050,40,025,"Oklahoma","Cimarron County",5,18,26,13,13
050,40,025,"Oklahoma","Cimarron County",5,19,18,5,13
050,40,025,"Oklahoma","Cimarron County",5,20,24,10,14
050,40,025,"Oklahoma","Cimarron County",5,21,23,11,12
050,40,025,"Oklahoma","Cimarron County",5,22,17,10,7
050,40,025,"Oklahoma","Cimarron County",5,23,22,8,14
050,40,025,"Oklahoma","Cimarron County",5,24,16,7,9
050,40,025,"Oklahoma","Cimarron County",5,25,20,11,9
050,40,025,"Oklahoma","Cimarron County",5,26,22,10,12
050,40,025,"Oklahoma","Cimarron County",5,27,12,4,8
050,40,025,"Oklahoma","Cimarron County",5,28,17,9,8
050,40,025,"Oklahoma","Cimarron County",5,29,24,10,14
050,40,025,"Oklahoma","Cimarron County",5,30,15,6,9
050,40,025,"Oklahoma","Cimarron County",5,31,23,13,10
050,40,025,"Oklahoma","Cimarron County",5,32,26,12,14
050,40,025,"Oklahoma","Cimarron County",5,33,17,11,6
050,40,025,"Oklahoma","Cimarron County",5,34,23,11,12
050,40,025,"Oklahoma","Cimarron County",5,35,19,10,9
050,40,025,"Oklahoma","Cimarron County",5,36,17,9,8
050,40,025,"Oklahoma","Cimarron County",5,37,28,15,13
050,40,025,"Oklahoma","Cimarron County",5,38,26,13,13
050,40,025,"Oklahoma","Cimarron County",5,39,24,9,15
050,40,025,"Oklahoma","Cimarron County",5,40,19,5,14
050,40,025,"Oklahoma","Cimarron County",5,41,32,11,21
050,40,025,"Oklahoma","Cimarron County",5,42,26,14,12
050,40,025,"Oklahoma","Cimarron County",5,43,21,10,11
050,40,025,"Oklahoma","Cimarron County",5,44,18,10,8
050,40,025,"Oklahoma","Cimarron County",5,45,23,14,9
050,40,025,"Oklahoma","Cimarron County",5,46,16,11,5
050,40,025,"Oklahoma","Cimarron County",5,47,14,9,5
050,40,025,"Oklahoma","Cimarron County",5,48,16,10,6
050,40,025,"Oklahoma","Cimarron County",5,49,28,14,14
050,40,025,"Oklahoma","Cimarron County",5,50,26,14,12
050,40,025,"Oklahoma","Cimarron County",5,51,23,15,8
050,40,025,"Oklahoma","Cimarron County",5,52,28,17,11
050,40,025,"Oklahoma","Cimarron County",5,53,26,13,13
050,40,025,"Oklahoma","Cimarron County",5,54,19,9,10
050,40,025,"Oklahoma","Cimarron County",5,55,15,8,7
050,40,025,"Oklahoma","Cimarron County",5,56,16,10,6
050,40,025,"Oklahoma","Cimarron County",5,57,20,8,12
050,40,025,"Oklahoma","Cimarron County",5,58,36,18,18
050,40,025,"Oklahoma","Cimarron County",5,59,33,18,15
050,40,025,"Oklahoma","Cimarron County",5,60,32,17,15
050,40,025,"Oklahoma","Cimarron County",5,61,33,19,14
050,40,025,"Oklahoma","Cimarron County",5,62,23,12,11
050,40,025,"Oklahoma","Cimarron County",5,63,22,12,10
050,40,025,"Oklahoma","Cimarron County",5,64,25,16,9
050,40,025,"Oklahoma","Cimarron County",5,65,29,17,12
050,40,025,"Oklahoma","Cimarron County",5,66,28,10,18
050,40,025,"Oklahoma","Cimarron County",5,67,22,12,10
050,40,025,"Oklahoma","Cimarron County",5,68,26,14,12
050,40,025,"Oklahoma","Cimarron County",5,69,23,13,10
050,40,025,"Oklahoma","Cimarron County",5,70,30,15,15
050,40,025,"Oklahoma","Cimarron County",5,71,39,19,20
050,40,025,"Oklahoma","Cimarron County",5,72,39,17,22
050,40,025,"Oklahoma","Cimarron County",5,73,25,12,13
050,40,025,"Oklahoma","Cimarron County",5,74,30,12,18
050,40,025,"Oklahoma","Cimarron County",5,75,28,11,17
050,40,025,"Oklahoma","Cimarron County",5,76,25,13,12
050,40,025,"Oklahoma","Cimarron County",5,77,21,12,9
050,40,025,"Oklahoma","Cimarron County",5,78,22,11,11
050,40,025,"Oklahoma","Cimarron County",5,79,21,11,10
050,40,025,"Oklahoma","Cimarron County",5,80,22,8,14
050,40,025,"Oklahoma","Cimarron County",5,81,20,8,12
050,40,025,"Oklahoma","Cimarron County",5,82,16,7,9
050,40,025,"Oklahoma","Cimarron County",5,83,16,7,9
050,40,025,"Oklahoma","Cimarron County",5,84,10,4,6
050,40,025,"Oklahoma","Cimarron County",5,85,64,24,40
050,40,027,"Oklahoma","Cleveland County",1,0,2805,1430,1375
050,40,027,"Oklahoma","Cleveland County",1,1,2910,1460,1450
050,40,027,"Oklahoma","Cleveland County",1,2,3031,1558,1473
050,40,027,"Oklahoma","Cleveland County",1,3,3122,1587,1535
050,40,027,"Oklahoma","Cleveland County",1,4,3224,1608,1616
050,40,027,"Oklahoma","Cleveland County",1,5,3293,1660,1633
050,40,027,"Oklahoma","Cleveland County",1,6,3398,1762,1636
050,40,027,"Oklahoma","Cleveland County",1,7,3420,1762,1658
050,40,027,"Oklahoma","Cleveland County",1,8,3376,1706,1670
050,40,027,"Oklahoma","Cleveland County",1,9,3502,1777,1725
050,40,027,"Oklahoma","Cleveland County",1,10,3754,1919,1835
050,40,027,"Oklahoma","Cleveland County",1,11,3808,1937,1871
050,40,027,"Oklahoma","Cleveland County",1,12,3899,1988,1911
050,40,027,"Oklahoma","Cleveland County",1,13,3944,2047,1897
050,40,027,"Oklahoma","Cleveland County",1,14,3812,2020,1792
050,40,027,"Oklahoma","Cleveland County",1,15,3838,1980,1858
050,40,027,"Oklahoma","Cleveland County",1,16,3890,2024,1866
050,40,027,"Oklahoma","Cleveland County",1,17,3830,1949,1881
050,40,027,"Oklahoma","Cleveland County",1,18,4871,2403,2468
050,40,027,"Oklahoma","Cleveland County",1,19,7089,3536,3553
050,40,027,"Oklahoma","Cleveland County",1,20,7136,3561,3575
050,40,027,"Oklahoma","Cleveland County",1,21,6888,3250,3638
050,40,027,"Oklahoma","Cleveland County",1,22,6792,3621,3171
050,40,027,"Oklahoma","Cleveland County",1,23,6119,3333,2786
050,40,027,"Oklahoma","Cleveland County",1,24,5335,2813,2522
050,40,027,"Oklahoma","Cleveland County",1,25,4660,2562,2098
050,40,027,"Oklahoma","Cleveland County",1,26,4324,2310,2014
050,40,027,"Oklahoma","Cleveland County",1,27,4214,2214,2000
050,40,027,"Oklahoma","Cleveland County",1,28,4305,2240,2065
050,40,027,"Oklahoma","Cleveland County",1,29,4266,2165,2101
050,40,027,"Oklahoma","Cleveland County",1,30,4219,2180,2039
050,40,027,"Oklahoma","Cleveland County",1,31,4066,2072,1994
050,40,027,"Oklahoma","Cleveland County",1,32,3977,2006,1971
050,40,027,"Oklahoma","Cleveland County",1,33,3881,2002,1879
050,40,027,"Oklahoma","Cleveland County",1,34,4018,2024,1994
050,40,027,"Oklahoma","Cleveland County",1,35,4097,2043,2054
050,40,027,"Oklahoma","Cleveland County",1,36,4214,2126,2088
050,40,027,"Oklahoma","Cleveland County",1,37,4341,2226,2115
050,40,027,"Oklahoma","Cleveland County",1,38,4322,2211,2111
050,40,027,"Oklahoma","Cleveland County",1,39,4217,2157,2060
050,40,027,"Oklahoma","Cleveland County",1,40,4099,2045,2054
050,40,027,"Oklahoma","Cleveland County",1,41,3830,1948,1882
050,40,027,"Oklahoma","Cleveland County",1,42,3605,1829,1776
050,40,027,"Oklahoma","Cleveland County",1,43,3424,1782,1642
050,40,027,"Oklahoma","Cleveland County",1,44,3394,1749,1645
050,40,027,"Oklahoma","Cleveland County",1,45,3385,1723,1662
050,40,027,"Oklahoma","Cleveland County",1,46,3242,1638,1604
050,40,027,"Oklahoma","Cleveland County",1,47,3326,1687,1639
050,40,027,"Oklahoma","Cleveland County",1,48,3482,1772,1710
050,40,027,"Oklahoma","Cleveland County",1,49,3551,1839,1712
050,40,027,"Oklahoma","Cleveland County",1,50,3410,1736,1674
050,40,027,"Oklahoma","Cleveland County",1,51,3210,1631,1579
050,40,027,"Oklahoma","Cleveland County",1,52,3074,1480,1594
050,40,027,"Oklahoma","Cleveland County",1,53,3048,1521,1527
050,40,027,"Oklahoma","Cleveland County",1,54,3093,1564,1529
050,40,027,"Oklahoma","Cleveland County",1,55,3282,1667,1615
050,40,027,"Oklahoma","Cleveland County",1,56,3272,1605,1667
050,40,027,"Oklahoma","Cleveland County",1,57,3383,1670,1713
050,40,027,"Oklahoma","Cleveland County",1,58,3513,1772,1741
050,40,027,"Oklahoma","Cleveland County",1,59,3458,1685,1773
050,40,027,"Oklahoma","Cleveland County",1,60,3441,1650,1791
050,40,027,"Oklahoma","Cleveland County",1,61,3367,1641,1726
050,40,027,"Oklahoma","Cleveland County",1,62,3259,1540,1719
050,40,027,"Oklahoma","Cleveland County",1,63,3137,1484,1653
050,40,027,"Oklahoma","Cleveland County",1,64,3083,1472,1611
050,40,027,"Oklahoma","Cleveland County",1,65,3020,1488,1532
050,40,027,"Oklahoma","Cleveland County",1,66,2813,1357,1456
050,40,027,"Oklahoma","Cleveland County",1,67,2796,1319,1477
050,40,027,"Oklahoma","Cleveland County",1,68,2632,1208,1424
050,40,027,"Oklahoma","Cleveland County",1,69,2438,1142,1296
050,40,027,"Oklahoma","Cleveland County",1,70,2460,1151,1309
050,40,027,"Oklahoma","Cleveland County",1,71,2370,1101,1269
050,40,027,"Oklahoma","Cleveland County",1,72,2424,1135,1289
050,40,027,"Oklahoma","Cleveland County",1,73,2344,1092,1252
050,40,027,"Oklahoma","Cleveland County",1,74,1617,740,877
050,40,027,"Oklahoma","Cleveland County",1,75,1662,754,908
050,40,027,"Oklahoma","Cleveland County",1,76,1629,734,895
050,40,027,"Oklahoma","Cleveland County",1,77,1546,690,856
050,40,027,"Oklahoma","Cleveland County",1,78,1290,557,733
050,40,027,"Oklahoma","Cleveland County",1,79,1220,510,710
050,40,027,"Oklahoma","Cleveland County",1,80,1088,470,618
050,40,027,"Oklahoma","Cleveland County",1,81,1019,457,562
050,40,027,"Oklahoma","Cleveland County",1,82,898,392,506
050,40,027,"Oklahoma","Cleveland County",1,83,781,322,459
050,40,027,"Oklahoma","Cleveland County",1,84,712,281,431
050,40,027,"Oklahoma","Cleveland County",1,85,4191,1519,2672
050,40,027,"Oklahoma","Cleveland County",2,0,2802,1402,1400
050,40,027,"Oklahoma","Cleveland County",2,1,2902,1459,1443
050,40,027,"Oklahoma","Cleveland County",2,2,3012,1540,1472
050,40,027,"Oklahoma","Cleveland County",2,3,3100,1580,1520
050,40,027,"Oklahoma","Cleveland County",2,4,3208,1613,1595
050,40,027,"Oklahoma","Cleveland County",2,5,3291,1656,1635
050,40,027,"Oklahoma","Cleveland County",2,6,3385,1741,1644
050,40,027,"Oklahoma","Cleveland County",2,7,3422,1760,1662
050,40,027,"Oklahoma","Cleveland County",2,8,3390,1718,1672
050,40,027,"Oklahoma","Cleveland County",2,9,3485,1766,1719
050,40,027,"Oklahoma","Cleveland County",2,10,3693,1886,1807
050,40,027,"Oklahoma","Cleveland County",2,11,3783,1923,1860
050,40,027,"Oklahoma","Cleveland County",2,12,3899,1983,1916
050,40,027,"Oklahoma","Cleveland County",2,13,3935,2039,1896
050,40,027,"Oklahoma","Cleveland County",2,14,3856,2033,1823
050,40,027,"Oklahoma","Cleveland County",2,15,3844,1996,1848
050,40,027,"Oklahoma","Cleveland County",2,16,3891,2021,1870
050,40,027,"Oklahoma","Cleveland County",2,17,3859,1975,1884
050,40,027,"Oklahoma","Cleveland County",2,18,4871,2400,2471
050,40,027,"Oklahoma","Cleveland County",2,19,7110,3548,3562
050,40,027,"Oklahoma","Cleveland County",2,20,7170,3579,3591
050,40,027,"Oklahoma","Cleveland County",2,21,6884,3249,3635
050,40,027,"Oklahoma","Cleveland County",2,22,6789,3618,3171
050,40,027,"Oklahoma","Cleveland County",2,23,6139,3339,2800
050,40,027,"Oklahoma","Cleveland County",2,24,5351,2819,2532
050,40,027,"Oklahoma","Cleveland County",2,25,4667,2564,2103
050,40,027,"Oklahoma","Cleveland County",2,26,4326,2310,2016
050,40,027,"Oklahoma","Cleveland County",2,27,4172,2197,1975
050,40,027,"Oklahoma","Cleveland County",2,28,4282,2240,2042
050,40,027,"Oklahoma","Cleveland County",2,29,4272,2184,2088
050,40,027,"Oklahoma","Cleveland County",2,30,4249,2188,2061
050,40,027,"Oklahoma","Cleveland County",2,31,4098,2096,2002
050,40,027,"Oklahoma","Cleveland County",2,32,3982,2015,1967
050,40,027,"Oklahoma","Cleveland County",2,33,3905,2005,1900
050,40,027,"Oklahoma","Cleveland County",2,34,3975,2011,1964
050,40,027,"Oklahoma","Cleveland County",2,35,4088,2039,2049
050,40,027,"Oklahoma","Cleveland County",2,36,4177,2102,2075
050,40,027,"Oklahoma","Cleveland County",2,37,4323,2209,2114
050,40,027,"Oklahoma","Cleveland County",2,38,4347,2224,2123
050,40,027,"Oklahoma","Cleveland County",2,39,4241,2164,2077
050,40,027,"Oklahoma","Cleveland County",2,40,4155,2084,2071
050,40,027,"Oklahoma","Cleveland County",2,41,3903,1977,1926
050,40,027,"Oklahoma","Cleveland County",2,42,3637,1846,1791
050,40,027,"Oklahoma","Cleveland County",2,43,3500,1813,1687
050,40,027,"Oklahoma","Cleveland County",2,44,3388,1748,1640
050,40,027,"Oklahoma","Cleveland County",2,45,3401,1736,1665
050,40,027,"Oklahoma","Cleveland County",2,46,3281,1661,1620
050,40,027,"Oklahoma","Cleveland County",2,47,3306,1671,1635
050,40,027,"Oklahoma","Cleveland County",2,48,3449,1753,1696
050,40,027,"Oklahoma","Cleveland County",2,49,3559,1839,1720
050,40,027,"Oklahoma","Cleveland County",2,50,3451,1759,1692
050,40,027,"Oklahoma","Cleveland County",2,51,3241,1642,1599
050,40,027,"Oklahoma","Cleveland County",2,52,3104,1515,1589
050,40,027,"Oklahoma","Cleveland County",2,53,3048,1509,1539
050,40,027,"Oklahoma","Cleveland County",2,54,3083,1556,1527
050,40,027,"Oklahoma","Cleveland County",2,55,3235,1640,1595
050,40,027,"Oklahoma","Cleveland County",2,56,3283,1624,1659
050,40,027,"Oklahoma","Cleveland County",2,57,3360,1659,1701
050,40,027,"Oklahoma","Cleveland County",2,58,3464,1736,1728
050,40,027,"Oklahoma","Cleveland County",2,59,3475,1708,1767
050,40,027,"Oklahoma","Cleveland County",2,60,3443,1657,1786
050,40,027,"Oklahoma","Cleveland County",2,61,3375,1634,1741
050,40,027,"Oklahoma","Cleveland County",2,62,3283,1560,1723
050,40,027,"Oklahoma","Cleveland County",2,63,3192,1507,1685
050,40,027,"Oklahoma","Cleveland County",2,64,3070,1462,1608
050,40,027,"Oklahoma","Cleveland County",2,65,3035,1485,1550
050,40,027,"Oklahoma","Cleveland County",2,66,2861,1385,1476
050,40,027,"Oklahoma","Cleveland County",2,67,2785,1321,1464
050,40,027,"Oklahoma","Cleveland County",2,68,2644,1219,1425
050,40,027,"Oklahoma","Cleveland County",2,69,2487,1159,1328
050,40,027,"Oklahoma","Cleveland County",2,70,2444,1139,1305
050,40,027,"Oklahoma","Cleveland County",2,71,2398,1113,1285
050,40,027,"Oklahoma","Cleveland County",2,72,2379,1110,1269
050,40,027,"Oklahoma","Cleveland County",2,73,2465,1151,1314
050,40,027,"Oklahoma","Cleveland County",2,74,1683,773,910
050,40,027,"Oklahoma","Cleveland County",2,75,1652,751,901
050,40,027,"Oklahoma","Cleveland County",2,76,1619,735,884
050,40,027,"Oklahoma","Cleveland County",2,77,1591,713,878
050,40,027,"Oklahoma","Cleveland County",2,78,1320,570,750
050,40,027,"Oklahoma","Cleveland County",2,79,1223,513,710
050,40,027,"Oklahoma","Cleveland County",2,80,1108,472,636
050,40,027,"Oklahoma","Cleveland County",2,81,1024,457,567
050,40,027,"Oklahoma","Cleveland County",2,82,924,406,518
050,40,027,"Oklahoma","Cleveland County",2,83,793,328,465
050,40,027,"Oklahoma","Cleveland County",2,84,722,289,433
050,40,027,"Oklahoma","Cleveland County",2,85,4218,1523,2695
050,40,027,"Oklahoma","Cleveland County",3,0,2607,1348,1259
050,40,027,"Oklahoma","Cleveland County",3,1,2861,1458,1403
050,40,027,"Oklahoma","Cleveland County",3,2,2940,1511,1429
050,40,027,"Oklahoma","Cleveland County",3,3,3034,1528,1506
050,40,027,"Oklahoma","Cleveland County",3,4,3103,1591,1512
050,40,027,"Oklahoma","Cleveland County",3,5,3251,1624,1627
050,40,027,"Oklahoma","Cleveland County",3,6,3352,1678,1674
050,40,027,"Oklahoma","Cleveland County",3,7,3391,1737,1654
050,40,027,"Oklahoma","Cleveland County",3,8,3471,1799,1672
050,40,027,"Oklahoma","Cleveland County",3,9,3414,1733,1681
050,40,027,"Oklahoma","Cleveland County",3,10,3472,1746,1726
050,40,027,"Oklahoma","Cleveland County",3,11,3666,1889,1777
050,40,027,"Oklahoma","Cleveland County",3,12,3830,1927,1903
050,40,027,"Oklahoma","Cleveland County",3,13,3940,2002,1938
050,40,027,"Oklahoma","Cleveland County",3,14,3967,2068,1899
050,40,027,"Oklahoma","Cleveland County",3,15,3838,2030,1808
050,40,027,"Oklahoma","Cleveland County",3,16,3884,2005,1879
050,40,027,"Oklahoma","Cleveland County",3,17,3931,2018,1913
050,40,027,"Oklahoma","Cleveland County",3,18,5010,2481,2529
050,40,027,"Oklahoma","Cleveland County",3,19,7184,3592,3592
050,40,027,"Oklahoma","Cleveland County",3,20,7183,3593,3590
050,40,027,"Oklahoma","Cleveland County",3,21,6984,3286,3698
050,40,027,"Oklahoma","Cleveland County",3,22,6831,3612,3219
050,40,027,"Oklahoma","Cleveland County",3,23,6211,3368,2843
050,40,027,"Oklahoma","Cleveland County",3,24,5463,2897,2566
050,40,027,"Oklahoma","Cleveland County",3,25,4688,2579,2109
050,40,027,"Oklahoma","Cleveland County",3,26,4324,2268,2056
050,40,027,"Oklahoma","Cleveland County",3,27,4091,2158,1933
050,40,027,"Oklahoma","Cleveland County",3,28,4145,2178,1967
050,40,027,"Oklahoma","Cleveland County",3,29,4179,2203,1976
050,40,027,"Oklahoma","Cleveland County",3,30,4295,2189,2106
050,40,027,"Oklahoma","Cleveland County",3,31,4192,2156,2036
050,40,027,"Oklahoma","Cleveland County",3,32,4030,2018,2012
050,40,027,"Oklahoma","Cleveland County",3,33,3934,2000,1934
050,40,027,"Oklahoma","Cleveland County",3,34,3970,2023,1947
050,40,027,"Oklahoma","Cleveland County",3,35,3952,1993,1959
050,40,027,"Oklahoma","Cleveland County",3,36,4081,2010,2071
050,40,027,"Oklahoma","Cleveland County",3,37,4154,2086,2068
050,40,027,"Oklahoma","Cleveland County",3,38,4382,2251,2131
050,40,027,"Oklahoma","Cleveland County",3,39,4354,2237,2117
050,40,027,"Oklahoma","Cleveland County",3,40,4250,2136,2114
050,40,027,"Oklahoma","Cleveland County",3,41,4166,2080,2086
050,40,027,"Oklahoma","Cleveland County",3,42,3883,1948,1935
050,40,027,"Oklahoma","Cleveland County",3,43,3643,1861,1782
050,40,027,"Oklahoma","Cleveland County",3,44,3494,1793,1701
050,40,027,"Oklahoma","Cleveland County",3,45,3381,1749,1632
050,40,027,"Oklahoma","Cleveland County",3,46,3399,1739,1660
050,40,027,"Oklahoma","Cleveland County",3,47,3264,1645,1619
050,40,027,"Oklahoma","Cleveland County",3,48,3315,1675,1640
050,40,027,"Oklahoma","Cleveland County",3,49,3433,1757,1676
050,40,027,"Oklahoma","Cleveland County",3,50,3551,1850,1701
050,40,027,"Oklahoma","Cleveland County",3,51,3413,1715,1698
050,40,027,"Oklahoma","Cleveland County",3,52,3252,1617,1635
050,40,027,"Oklahoma","Cleveland County",3,53,3089,1504,1585
050,40,027,"Oklahoma","Cleveland County",3,54,3028,1499,1529
050,40,027,"Oklahoma","Cleveland County",3,55,3078,1555,1523
050,40,027,"Oklahoma","Cleveland County",3,56,3202,1618,1584
050,40,027,"Oklahoma","Cleveland County",3,57,3288,1619,1669
050,40,027,"Oklahoma","Cleveland County",3,58,3331,1612,1719
050,40,027,"Oklahoma","Cleveland County",3,59,3452,1740,1712
050,40,027,"Oklahoma","Cleveland County",3,60,3449,1677,1772
050,40,027,"Oklahoma","Cleveland County",3,61,3426,1646,1780
050,40,027,"Oklahoma","Cleveland County",3,62,3375,1607,1768
050,40,027,"Oklahoma","Cleveland County",3,63,3248,1534,1714
050,40,027,"Oklahoma","Cleveland County",3,64,3145,1479,1666
050,40,027,"Oklahoma","Cleveland County",3,65,3094,1484,1610
050,40,027,"Oklahoma","Cleveland County",3,66,3018,1471,1547
050,40,027,"Oklahoma","Cleveland County",3,67,2831,1373,1458
050,40,027,"Oklahoma","Cleveland County",3,68,2732,1281,1451
050,40,027,"Oklahoma","Cleveland County",3,69,2607,1207,1400
050,40,027,"Oklahoma","Cleveland County",3,70,2446,1130,1316
050,40,027,"Oklahoma","Cleveland County",3,71,2396,1096,1300
050,40,027,"Oklahoma","Cleveland County",3,72,2374,1094,1280
050,40,027,"Oklahoma","Cleveland County",3,73,2324,1085,1239
050,40,027,"Oklahoma","Cleveland County",3,74,2401,1105,1296
050,40,027,"Oklahoma","Cleveland County",3,75,1646,752,894
050,40,027,"Oklahoma","Cleveland County",3,76,1612,728,884
050,40,027,"Oklahoma","Cleveland County",3,77,1588,734,854
050,40,027,"Oklahoma","Cleveland County",3,78,1522,675,847
050,40,027,"Oklahoma","Cleveland County",3,79,1273,532,741
050,40,027,"Oklahoma","Cleveland County",3,80,1156,476,680
050,40,027,"Oklahoma","Cleveland County",3,81,1060,452,608
050,40,027,"Oklahoma","Cleveland County",3,82,986,429,557
050,40,027,"Oklahoma","Cleveland County",3,83,853,374,479
050,40,027,"Oklahoma","Cleveland County",3,84,754,309,445
050,40,027,"Oklahoma","Cleveland County",3,85,4293,1552,2741
050,40,027,"Oklahoma","Cleveland County",4,0,2642,1326,1316
050,40,027,"Oklahoma","Cleveland County",4,1,2648,1372,1276
050,40,027,"Oklahoma","Cleveland County",4,2,2927,1483,1444
050,40,027,"Oklahoma","Cleveland County",4,3,2943,1510,1433
050,40,027,"Oklahoma","Cleveland County",4,4,3068,1551,1517
050,40,027,"Oklahoma","Cleveland County",4,5,3102,1581,1521
050,40,027,"Oklahoma","Cleveland County",4,6,3284,1618,1666
050,40,027,"Oklahoma","Cleveland County",4,7,3373,1692,1681
050,40,027,"Oklahoma","Cleveland County",4,8,3438,1740,1698
050,40,027,"Oklahoma","Cleveland County",4,9,3536,1819,1717
050,40,027,"Oklahoma","Cleveland County",4,10,3410,1744,1666
050,40,027,"Oklahoma","Cleveland County",4,11,3510,1766,1744
050,40,027,"Oklahoma","Cleveland County",4,12,3693,1889,1804
050,40,027,"Oklahoma","Cleveland County",4,13,3844,1948,1896
050,40,027,"Oklahoma","Cleveland County",4,14,3928,1988,1940
050,40,027,"Oklahoma","Cleveland County",4,15,4000,2083,1917
050,40,027,"Oklahoma","Cleveland County",4,16,3848,2031,1817
050,40,027,"Oklahoma","Cleveland County",4,17,3973,2061,1912
050,40,027,"Oklahoma","Cleveland County",4,18,5008,2484,2524
050,40,027,"Oklahoma","Cleveland County",4,19,7180,3597,3583
050,40,027,"Oklahoma","Cleveland County",4,20,7159,3603,3556
050,40,027,"Oklahoma","Cleveland County",4,21,6927,3248,3679
050,40,027,"Oklahoma","Cleveland County",4,22,6867,3608,3259
050,40,027,"Oklahoma","Cleveland County",4,23,6267,3339,2928
050,40,027,"Oklahoma","Cleveland County",4,24,5513,2911,2602
050,40,027,"Oklahoma","Cleveland County",4,25,4794,2656,2138
050,40,027,"Oklahoma","Cleveland County",4,26,4267,2293,1974
050,40,027,"Oklahoma","Cleveland County",4,27,4073,2104,1969
050,40,027,"Oklahoma","Cleveland County",4,28,4083,2148,1935
050,40,027,"Oklahoma","Cleveland County",4,29,4015,2114,1901
050,40,027,"Oklahoma","Cleveland County",4,30,4151,2152,1999
050,40,027,"Oklahoma","Cleveland County",4,31,4245,2125,2120
050,40,027,"Oklahoma","Cleveland County",4,32,4155,2131,2024
050,40,027,"Oklahoma","Cleveland County",4,33,4012,2019,1993
050,40,027,"Oklahoma","Cleveland County",4,34,3921,1962,1959
050,40,027,"Oklahoma","Cleveland County",4,35,3949,1990,1959
050,40,027,"Oklahoma","Cleveland County",4,36,4017,2037,1980
050,40,027,"Oklahoma","Cleveland County",4,37,4053,2000,2053
050,40,027,"Oklahoma","Cleveland County",4,38,4145,2093,2052
050,40,027,"Oklahoma","Cleveland County",4,39,4349,2219,2130
050,40,027,"Oklahoma","Cleveland County",4,40,4275,2152,2123
050,40,027,"Oklahoma","Cleveland County",4,41,4272,2146,2126
050,40,027,"Oklahoma","Cleveland County",4,42,4177,2075,2102
050,40,027,"Oklahoma","Cleveland County",4,43,3922,1978,1944
050,40,027,"Oklahoma","Cleveland County",4,44,3642,1825,1817
050,40,027,"Oklahoma","Cleveland County",4,45,3508,1812,1696
050,40,027,"Oklahoma","Cleveland County",4,46,3352,1746,1606
050,40,027,"Oklahoma","Cleveland County",4,47,3351,1702,1649
050,40,027,"Oklahoma","Cleveland County",4,48,3259,1638,1621
050,40,027,"Oklahoma","Cleveland County",4,49,3291,1671,1620
050,40,027,"Oklahoma","Cleveland County",4,50,3433,1739,1694
050,40,027,"Oklahoma","Cleveland County",4,51,3541,1809,1732
050,40,027,"Oklahoma","Cleveland County",4,52,3431,1725,1706
050,40,027,"Oklahoma","Cleveland County",4,53,3258,1635,1623
050,40,027,"Oklahoma","Cleveland County",4,54,3132,1523,1609
050,40,027,"Oklahoma","Cleveland County",4,55,3057,1502,1555
050,40,027,"Oklahoma","Cleveland County",4,56,3059,1564,1495
050,40,027,"Oklahoma","Cleveland County",4,57,3167,1584,1583
050,40,027,"Oklahoma","Cleveland County",4,58,3270,1567,1703
050,40,027,"Oklahoma","Cleveland County",4,59,3352,1631,1721
050,40,027,"Oklahoma","Cleveland County",4,60,3463,1742,1721
050,40,027,"Oklahoma","Cleveland County",4,61,3420,1680,1740
050,40,027,"Oklahoma","Cleveland County",4,62,3394,1638,1756
050,40,027,"Oklahoma","Cleveland County",4,63,3347,1591,1756
050,40,027,"Oklahoma","Cleveland County",4,64,3187,1493,1694
050,40,027,"Oklahoma","Cleveland County",4,65,3120,1471,1649
050,40,027,"Oklahoma","Cleveland County",4,66,3075,1464,1611
050,40,027,"Oklahoma","Cleveland County",4,67,2975,1468,1507
050,40,027,"Oklahoma","Cleveland County",4,68,2790,1325,1465
050,40,027,"Oklahoma","Cleveland County",4,69,2722,1279,1443
050,40,027,"Oklahoma","Cleveland County",4,70,2556,1164,1392
050,40,027,"Oklahoma","Cleveland County",4,71,2363,1081,1282
050,40,027,"Oklahoma","Cleveland County",4,72,2372,1067,1305
050,40,027,"Oklahoma","Cleveland County",4,73,2293,1065,1228
050,40,027,"Oklahoma","Cleveland County",4,74,2287,1052,1235
050,40,027,"Oklahoma","Cleveland County",4,75,2376,1084,1292
050,40,027,"Oklahoma","Cleveland County",4,76,1610,737,873
050,40,027,"Oklahoma","Cleveland County",4,77,1579,719,860
050,40,027,"Oklahoma","Cleveland County",4,78,1532,705,827
050,40,027,"Oklahoma","Cleveland County",4,79,1474,638,836
050,40,027,"Oklahoma","Cleveland County",4,80,1187,485,702
050,40,027,"Oklahoma","Cleveland County",4,81,1104,459,645
050,40,027,"Oklahoma","Cleveland County",4,82,1015,415,600
050,40,027,"Oklahoma","Cleveland County",4,83,924,400,524
050,40,027,"Oklahoma","Cleveland County",4,84,813,343,470
050,40,027,"Oklahoma","Cleveland County",4,85,4440,1633,2807
050,40,027,"Oklahoma","Cleveland County",5,0,2640,1325,1315
050,40,027,"Oklahoma","Cleveland County",5,1,2695,1376,1319
050,40,027,"Oklahoma","Cleveland County",5,2,2674,1395,1279
050,40,027,"Oklahoma","Cleveland County",5,3,2904,1477,1427
050,40,027,"Oklahoma","Cleveland County",5,4,2960,1529,1431
050,40,027,"Oklahoma","Cleveland County",5,5,3051,1541,1510
050,40,027,"Oklahoma","Cleveland County",5,6,3170,1602,1568
050,40,027,"Oklahoma","Cleveland County",5,7,3312,1637,1675
050,40,027,"Oklahoma","Cleveland County",5,8,3403,1722,1681
050,40,027,"Oklahoma","Cleveland County",5,9,3506,1777,1729
050,40,027,"Oklahoma","Cleveland County",5,10,3592,1874,1718
050,40,027,"Oklahoma","Cleveland County",5,11,3451,1733,1718
050,40,027,"Oklahoma","Cleveland County",5,12,3528,1742,1786
050,40,027,"Oklahoma","Cleveland County",5,13,3697,1904,1793
050,40,027,"Oklahoma","Cleveland County",5,14,3867,1955,1912
050,40,027,"Oklahoma","Cleveland County",5,15,4000,2042,1958
050,40,027,"Oklahoma","Cleveland County",5,16,3970,2062,1908
050,40,027,"Oklahoma","Cleveland County",5,17,3959,2089,1870
050,40,027,"Oklahoma","Cleveland County",5,18,5025,2498,2527
050,40,027,"Oklahoma","Cleveland County",5,19,7277,3656,3621
050,40,027,"Oklahoma","Cleveland County",5,20,7246,3656,3590
050,40,027,"Oklahoma","Cleveland County",5,21,6905,3254,3651
050,40,027,"Oklahoma","Cleveland County",5,22,6875,3675,3200
050,40,027,"Oklahoma","Cleveland County",5,23,6272,3354,2918
050,40,027,"Oklahoma","Cleveland County",5,24,5611,2877,2734
050,40,027,"Oklahoma","Cleveland County",5,25,4844,2640,2204
050,40,027,"Oklahoma","Cleveland County",5,26,4376,2346,2030
050,40,027,"Oklahoma","Cleveland County",5,27,4008,2123,1885
050,40,027,"Oklahoma","Cleveland County",5,28,3998,2078,1920
050,40,027,"Oklahoma","Cleveland County",5,29,4008,2101,1907
050,40,027,"Oklahoma","Cleveland County",5,30,3996,2121,1875
050,40,027,"Oklahoma","Cleveland County",5,31,4161,2160,2001
050,40,027,"Oklahoma","Cleveland County",5,32,4194,2110,2084
050,40,027,"Oklahoma","Cleveland County",5,33,4064,2089,1975
050,40,027,"Oklahoma","Cleveland County",5,34,3980,1985,1995
050,40,027,"Oklahoma","Cleveland County",5,35,3901,1917,1984
050,40,027,"Oklahoma","Cleveland County",5,36,3884,1954,1930
050,40,027,"Oklahoma","Cleveland County",5,37,3999,2021,1978
050,40,027,"Oklahoma","Cleveland County",5,38,4091,2006,2085
050,40,027,"Oklahoma","Cleveland County",5,39,4194,2121,2073
050,40,027,"Oklahoma","Cleveland County",5,40,4332,2206,2126
050,40,027,"Oklahoma","Cleveland County",5,41,4310,2167,2143
050,40,027,"Oklahoma","Cleveland County",5,42,4292,2147,2145
050,40,027,"Oklahoma","Cleveland County",5,43,4195,2081,2114
050,40,027,"Oklahoma","Cleveland County",5,44,3934,1974,1960
050,40,027,"Oklahoma","Cleveland County",5,45,3626,1816,1810
050,40,027,"Oklahoma","Cleveland County",5,46,3494,1805,1689
050,40,027,"Oklahoma","Cleveland County",5,47,3323,1726,1597
050,40,027,"Oklahoma","Cleveland County",5,48,3339,1696,1643
050,40,027,"Oklahoma","Cleveland County",5,49,3276,1667,1609
050,40,027,"Oklahoma","Cleveland County",5,50,3277,1649,1628
050,40,027,"Oklahoma","Cleveland County",5,51,3406,1713,1693
050,40,027,"Oklahoma","Cleveland County",5,52,3553,1798,1755
050,40,027,"Oklahoma","Cleveland County",5,53,3435,1735,1700
050,40,027,"Oklahoma","Cleveland County",5,54,3237,1623,1614
050,40,027,"Oklahoma","Cleveland County",5,55,3112,1505,1607
050,40,027,"Oklahoma","Cleveland County",5,56,3034,1491,1543
050,40,027,"Oklahoma","Cleveland County",5,57,3070,1557,1513
050,40,027,"Oklahoma","Cleveland County",5,58,3134,1552,1582
050,40,027,"Oklahoma","Cleveland County",5,59,3263,1567,1696
050,40,027,"Oklahoma","Cleveland County",5,60,3325,1606,1719
050,40,027,"Oklahoma","Cleveland County",5,61,3445,1746,1699
050,40,027,"Oklahoma","Cleveland County",5,62,3398,1660,1738
050,40,027,"Oklahoma","Cleveland County",5,63,3336,1615,1721
050,40,027,"Oklahoma","Cleveland County",5,64,3285,1537,1748
050,40,027,"Oklahoma","Cleveland County",5,65,3217,1509,1708
050,40,027,"Oklahoma","Cleveland County",5,66,3092,1446,1646
050,40,027,"Oklahoma","Cleveland County",5,67,3059,1466,1593
050,40,027,"Oklahoma","Cleveland County",5,68,2929,1431,1498
050,40,027,"Oklahoma","Cleveland County",5,69,2749,1313,1436
050,40,027,"Oklahoma","Cleveland County",5,70,2707,1257,1450
050,40,027,"Oklahoma","Cleveland County",5,71,2494,1121,1373
050,40,027,"Oklahoma","Cleveland County",5,72,2346,1072,1274
050,40,027,"Oklahoma","Cleveland County",5,73,2301,1034,1267
050,40,027,"Oklahoma","Cleveland County",5,74,2249,1032,1217
050,40,027,"Oklahoma","Cleveland County",5,75,2247,1036,1211
050,40,027,"Oklahoma","Cleveland County",5,76,2325,1064,1261
050,40,027,"Oklahoma","Cleveland County",5,77,1581,731,850
050,40,027,"Oklahoma","Cleveland County",5,78,1528,688,840
050,40,027,"Oklahoma","Cleveland County",5,79,1494,681,813
050,40,027,"Oklahoma","Cleveland County",5,80,1392,592,800
050,40,027,"Oklahoma","Cleveland County",5,81,1141,473,668
050,40,027,"Oklahoma","Cleveland County",5,82,1058,426,632
050,40,027,"Oklahoma","Cleveland County",5,83,959,384,575
050,40,027,"Oklahoma","Cleveland County",5,84,890,383,507
050,40,027,"Oklahoma","Cleveland County",5,85,4716,1781,2935
050,40,029,"Oklahoma","Coal County",1,0,71,35,36
050,40,029,"Oklahoma","Coal County",1,1,73,30,43
050,40,029,"Oklahoma","Coal County",1,2,69,43,26
050,40,029,"Oklahoma","Coal County",1,3,72,44,28
050,40,029,"Oklahoma","Coal County",1,4,74,43,31
050,40,029,"Oklahoma","Coal County",1,5,70,31,39
050,40,029,"Oklahoma","Coal County",1,6,54,29,25
050,40,029,"Oklahoma","Coal County",1,7,51,30,21
050,40,029,"Oklahoma","Coal County",1,8,58,31,27
050,40,029,"Oklahoma","Coal County",1,9,63,33,30
050,40,029,"Oklahoma","Coal County",1,10,61,35,26
050,40,029,"Oklahoma","Coal County",1,11,75,41,34
050,40,029,"Oklahoma","Coal County",1,12,69,31,38
050,40,029,"Oklahoma","Coal County",1,13,76,43,33
050,40,029,"Oklahoma","Coal County",1,14,82,42,40
050,40,029,"Oklahoma","Coal County",1,15,78,47,31
050,40,029,"Oklahoma","Coal County",1,16,85,48,37
050,40,029,"Oklahoma","Coal County",1,17,75,37,38
050,40,029,"Oklahoma","Coal County",1,18,64,33,31
050,40,029,"Oklahoma","Coal County",1,19,57,33,24
050,40,029,"Oklahoma","Coal County",1,20,52,24,28
050,40,029,"Oklahoma","Coal County",1,21,59,29,30
050,40,029,"Oklahoma","Coal County",1,22,55,32,23
050,40,029,"Oklahoma","Coal County",1,23,57,31,26
050,40,029,"Oklahoma","Coal County",1,24,72,40,32
050,40,029,"Oklahoma","Coal County",1,25,59,32,27
050,40,029,"Oklahoma","Coal County",1,26,59,33,26
050,40,029,"Oklahoma","Coal County",1,27,54,26,28
050,40,029,"Oklahoma","Coal County",1,28,61,33,28
050,40,029,"Oklahoma","Coal County",1,29,63,35,28
050,40,029,"Oklahoma","Coal County",1,30,58,24,34
050,40,029,"Oklahoma","Coal County",1,31,64,29,35
050,40,029,"Oklahoma","Coal County",1,32,49,25,24
050,40,029,"Oklahoma","Coal County",1,33,53,23,30
050,40,029,"Oklahoma","Coal County",1,34,47,17,30
050,40,029,"Oklahoma","Coal County",1,35,54,26,28
050,40,029,"Oklahoma","Coal County",1,36,53,25,28
050,40,029,"Oklahoma","Coal County",1,37,54,31,23
050,40,029,"Oklahoma","Coal County",1,38,58,28,30
050,40,029,"Oklahoma","Coal County",1,39,55,24,31
050,40,029,"Oklahoma","Coal County",1,40,52,28,24
050,40,029,"Oklahoma","Coal County",1,41,57,30,27
050,40,029,"Oklahoma","Coal County",1,42,60,33,27
050,40,029,"Oklahoma","Coal County",1,43,73,45,28
050,40,029,"Oklahoma","Coal County",1,44,71,35,36
050,40,029,"Oklahoma","Coal County",1,45,66,30,36
050,40,029,"Oklahoma","Coal County",1,46,64,29,35
050,40,029,"Oklahoma","Coal County",1,47,51,20,31
050,40,029,"Oklahoma","Coal County",1,48,67,30,37
050,40,029,"Oklahoma","Coal County",1,49,68,30,38
050,40,029,"Oklahoma","Coal County",1,50,58,25,33
050,40,029,"Oklahoma","Coal County",1,51,54,31,23
050,40,029,"Oklahoma","Coal County",1,52,59,33,26
050,40,029,"Oklahoma","Coal County",1,53,56,29,27
050,40,029,"Oklahoma","Coal County",1,54,61,33,28
050,40,029,"Oklahoma","Coal County",1,55,66,34,32
050,40,029,"Oklahoma","Coal County",1,56,73,39,34
050,40,029,"Oklahoma","Coal County",1,57,75,43,32
050,40,029,"Oklahoma","Coal County",1,58,69,35,34
050,40,029,"Oklahoma","Coal County",1,59,72,37,35
050,40,029,"Oklahoma","Coal County",1,60,72,32,40
050,40,029,"Oklahoma","Coal County",1,61,79,41,38
050,40,029,"Oklahoma","Coal County",1,62,70,34,36
050,40,029,"Oklahoma","Coal County",1,63,78,44,34
050,40,029,"Oklahoma","Coal County",1,64,84,43,41
050,40,029,"Oklahoma","Coal County",1,65,83,43,40
050,40,029,"Oklahoma","Coal County",1,66,70,32,38
050,40,029,"Oklahoma","Coal County",1,67,69,33,36
050,40,029,"Oklahoma","Coal County",1,68,61,26,35
050,40,029,"Oklahoma","Coal County",1,69,62,31,31
050,40,029,"Oklahoma","Coal County",1,70,55,24,31
050,40,029,"Oklahoma","Coal County",1,71,64,28,36
050,40,029,"Oklahoma","Coal County",1,72,58,25,33
050,40,029,"Oklahoma","Coal County",1,73,62,25,37
050,40,029,"Oklahoma","Coal County",1,74,49,28,21
050,40,029,"Oklahoma","Coal County",1,75,44,25,19
050,40,029,"Oklahoma","Coal County",1,76,51,22,29
050,40,029,"Oklahoma","Coal County",1,77,39,18,21
050,40,029,"Oklahoma","Coal County",1,78,28,12,16
050,40,029,"Oklahoma","Coal County",1,79,33,14,19
050,40,029,"Oklahoma","Coal County",1,80,34,13,21
050,40,029,"Oklahoma","Coal County",1,81,28,10,18
050,40,029,"Oklahoma","Coal County",1,82,28,13,15
050,40,029,"Oklahoma","Coal County",1,83,33,16,17
050,40,029,"Oklahoma","Coal County",1,84,23,10,13
050,40,029,"Oklahoma","Coal County",1,85,123,35,88
050,40,029,"Oklahoma","Coal County",2,0,70,31,39
050,40,029,"Oklahoma","Coal County",2,1,73,33,40
050,40,029,"Oklahoma","Coal County",2,2,71,42,29
050,40,029,"Oklahoma","Coal County",2,3,72,45,27
050,40,029,"Oklahoma","Coal County",2,4,74,43,31
050,40,029,"Oklahoma","Coal County",2,5,70,33,37
050,40,029,"Oklahoma","Coal County",2,6,56,29,27
050,40,029,"Oklahoma","Coal County",2,7,53,31,22
050,40,029,"Oklahoma","Coal County",2,8,59,33,26
050,40,029,"Oklahoma","Coal County",2,9,62,33,29
050,40,029,"Oklahoma","Coal County",2,10,61,34,27
050,40,029,"Oklahoma","Coal County",2,11,72,40,32
050,40,029,"Oklahoma","Coal County",2,12,71,34,37
050,40,029,"Oklahoma","Coal County",2,13,76,41,35
050,40,029,"Oklahoma","Coal County",2,14,81,42,39
050,40,029,"Oklahoma","Coal County",2,15,79,46,33
050,40,029,"Oklahoma","Coal County",2,16,82,46,36
050,40,029,"Oklahoma","Coal County",2,17,77,39,38
050,40,029,"Oklahoma","Coal County",2,18,66,34,32
050,40,029,"Oklahoma","Coal County",2,19,56,30,26
050,40,029,"Oklahoma","Coal County",2,20,55,27,28
050,40,029,"Oklahoma","Coal County",2,21,57,27,30
050,40,029,"Oklahoma","Coal County",2,22,57,32,25
050,40,029,"Oklahoma","Coal County",2,23,58,32,26
050,40,029,"Oklahoma","Coal County",2,24,69,38,31
050,40,029,"Oklahoma","Coal County",2,25,63,35,28
050,40,029,"Oklahoma","Coal County",2,26,59,32,27
050,40,029,"Oklahoma","Coal County",2,27,54,26,28
050,40,029,"Oklahoma","Coal County",2,28,59,31,28
050,40,029,"Oklahoma","Coal County",2,29,60,33,27
050,40,029,"Oklahoma","Coal County",2,30,61,26,35
050,40,029,"Oklahoma","Coal County",2,31,63,29,34
050,40,029,"Oklahoma","Coal County",2,32,54,27,27
050,40,029,"Oklahoma","Coal County",2,33,52,22,30
050,40,029,"Oklahoma","Coal County",2,34,49,19,30
050,40,029,"Oklahoma","Coal County",2,35,54,25,29
050,40,029,"Oklahoma","Coal County",2,36,54,26,28
050,40,029,"Oklahoma","Coal County",2,37,55,30,25
050,40,029,"Oklahoma","Coal County",2,38,59,29,30
050,40,029,"Oklahoma","Coal County",2,39,55,25,30
050,40,029,"Oklahoma","Coal County",2,40,54,27,27
050,40,029,"Oklahoma","Coal County",2,41,57,30,27
050,40,029,"Oklahoma","Coal County",2,42,58,31,27
050,40,029,"Oklahoma","Coal County",2,43,71,43,28
050,40,029,"Oklahoma","Coal County",2,44,71,37,34
050,40,029,"Oklahoma","Coal County",2,45,67,31,36
050,40,029,"Oklahoma","Coal County",2,46,65,29,36
050,40,029,"Oklahoma","Coal County",2,47,54,22,32
050,40,029,"Oklahoma","Coal County",2,48,65,28,37
050,40,029,"Oklahoma","Coal County",2,49,68,30,38
050,40,029,"Oklahoma","Coal County",2,50,61,28,33
050,40,029,"Oklahoma","Coal County",2,51,56,30,26
050,40,029,"Oklahoma","Coal County",2,52,57,32,25
050,40,029,"Oklahoma","Coal County",2,53,57,30,27
050,40,029,"Oklahoma","Coal County",2,54,59,31,28
050,40,029,"Oklahoma","Coal County",2,55,65,34,31
050,40,029,"Oklahoma","Coal County",2,56,72,38,34
050,40,029,"Oklahoma","Coal County",2,57,75,42,33
050,40,029,"Oklahoma","Coal County",2,58,71,37,34
050,40,029,"Oklahoma","Coal County",2,59,71,36,35
050,40,029,"Oklahoma","Coal County",2,60,73,33,40
050,40,029,"Oklahoma","Coal County",2,61,76,39,37
050,40,029,"Oklahoma","Coal County",2,62,69,35,34
050,40,029,"Oklahoma","Coal County",2,63,78,43,35
050,40,029,"Oklahoma","Coal County",2,64,84,44,40
050,40,029,"Oklahoma","Coal County",2,65,83,43,40
050,40,029,"Oklahoma","Coal County",2,66,73,34,39
050,40,029,"Oklahoma","Coal County",2,67,69,32,37
050,40,029,"Oklahoma","Coal County",2,68,63,28,35
050,40,029,"Oklahoma","Coal County",2,69,61,30,31
050,40,029,"Oklahoma","Coal County",2,70,57,26,31
050,40,029,"Oklahoma","Coal County",2,71,62,27,35
050,40,029,"Oklahoma","Coal County",2,72,57,24,33
050,40,029,"Oklahoma","Coal County",2,73,64,26,38
050,40,029,"Oklahoma","Coal County",2,74,46,24,22
050,40,029,"Oklahoma","Coal County",2,75,47,27,20
050,40,029,"Oklahoma","Coal County",2,76,49,23,26
050,40,029,"Oklahoma","Coal County",2,77,41,18,23
050,40,029,"Oklahoma","Coal County",2,78,28,11,17
050,40,029,"Oklahoma","Coal County",2,79,33,14,19
050,40,029,"Oklahoma","Coal County",2,80,34,13,21
050,40,029,"Oklahoma","Coal County",2,81,27,10,17
050,40,029,"Oklahoma","Coal County",2,82,30,13,17
050,40,029,"Oklahoma","Coal County",2,83,31,15,16
050,40,029,"Oklahoma","Coal County",2,84,24,11,13
050,40,029,"Oklahoma","Coal County",2,85,118,35,83
050,40,029,"Oklahoma","Coal County",3,0,81,38,43
050,40,029,"Oklahoma","Coal County",3,1,72,28,44
050,40,029,"Oklahoma","Coal County",3,2,76,36,40
050,40,029,"Oklahoma","Coal County",3,3,73,39,34
050,40,029,"Oklahoma","Coal County",3,4,79,48,31
050,40,029,"Oklahoma","Coal County",3,5,71,41,30
050,40,029,"Oklahoma","Coal County",3,6,72,34,38
050,40,029,"Oklahoma","Coal County",3,7,62,31,31
050,40,029,"Oklahoma","Coal County",3,8,59,34,25
050,40,029,"Oklahoma","Coal County",3,9,61,36,25
050,40,029,"Oklahoma","Coal County",3,10,57,30,27
050,40,029,"Oklahoma","Coal County",3,11,55,30,25
050,40,029,"Oklahoma","Coal County",3,12,72,36,36
050,40,029,"Oklahoma","Coal County",3,13,71,33,38
050,40,029,"Oklahoma","Coal County",3,14,75,42,33
050,40,029,"Oklahoma","Coal County",3,15,78,40,38
050,40,029,"Oklahoma","Coal County",3,16,80,46,34
050,40,029,"Oklahoma","Coal County",3,17,77,43,34
050,40,029,"Oklahoma","Coal County",3,18,70,36,34
050,40,029,"Oklahoma","Coal County",3,19,52,27,25
050,40,029,"Oklahoma","Coal County",3,20,59,32,27
050,40,029,"Oklahoma","Coal County",3,21,53,29,24
050,40,029,"Oklahoma","Coal County",3,22,65,32,33
050,40,029,"Oklahoma","Coal County",3,23,66,38,28
050,40,029,"Oklahoma","Coal County",3,24,62,31,31
050,40,029,"Oklahoma","Coal County",3,25,68,38,30
050,40,029,"Oklahoma","Coal County",3,26,64,40,24
050,40,029,"Oklahoma","Coal County",3,27,63,36,27
050,40,029,"Oklahoma","Coal County",3,28,53,26,27
050,40,029,"Oklahoma","Coal County",3,29,70,36,34
050,40,029,"Oklahoma","Coal County",3,30,66,33,33
050,40,029,"Oklahoma","Coal County",3,31,62,27,35
050,40,029,"Oklahoma","Coal County",3,32,59,30,29
050,40,029,"Oklahoma","Coal County",3,33,53,25,28
050,40,029,"Oklahoma","Coal County",3,34,53,22,31
050,40,029,"Oklahoma","Coal County",3,35,49,21,28
050,40,029,"Oklahoma","Coal County",3,36,58,23,35
050,40,029,"Oklahoma","Coal County",3,37,51,27,24
050,40,029,"Oklahoma","Coal County",3,38,54,30,24
050,40,029,"Oklahoma","Coal County",3,39,62,32,30
050,40,029,"Oklahoma","Coal County",3,40,59,28,31
050,40,029,"Oklahoma","Coal County",3,41,56,30,26
050,40,029,"Oklahoma","Coal County",3,42,60,33,27
050,40,029,"Oklahoma","Coal County",3,43,58,30,28
050,40,029,"Oklahoma","Coal County",3,44,68,42,26
050,40,029,"Oklahoma","Coal County",3,45,75,37,38
050,40,029,"Oklahoma","Coal County",3,46,62,29,33
050,40,029,"Oklahoma","Coal County",3,47,62,29,33
050,40,029,"Oklahoma","Coal County",3,48,58,24,34
050,40,029,"Oklahoma","Coal County",3,49,55,25,30
050,40,029,"Oklahoma","Coal County",3,50,68,32,36
050,40,029,"Oklahoma","Coal County",3,51,63,30,33
050,40,029,"Oklahoma","Coal County",3,52,55,30,25
050,40,029,"Oklahoma","Coal County",3,53,50,28,22
050,40,029,"Oklahoma","Coal County",3,54,57,30,27
050,40,029,"Oklahoma","Coal County",3,55,65,32,33
050,40,029,"Oklahoma","Coal County",3,56,63,34,29
050,40,029,"Oklahoma","Coal County",3,57,72,37,35
050,40,029,"Oklahoma","Coal County",3,58,74,43,31
050,40,029,"Oklahoma","Coal County",3,59,67,33,34
050,40,029,"Oklahoma","Coal County",3,60,72,38,34
050,40,029,"Oklahoma","Coal County",3,61,70,29,41
050,40,029,"Oklahoma","Coal County",3,62,71,34,37
050,40,029,"Oklahoma","Coal County",3,63,67,36,31
050,40,029,"Oklahoma","Coal County",3,64,78,40,38
050,40,029,"Oklahoma","Coal County",3,65,81,44,37
050,40,029,"Oklahoma","Coal County",3,66,86,44,42
050,40,029,"Oklahoma","Coal County",3,67,72,34,38
050,40,029,"Oklahoma","Coal County",3,68,67,31,36
050,40,029,"Oklahoma","Coal County",3,69,57,25,32
050,40,029,"Oklahoma","Coal County",3,70,62,32,30
050,40,029,"Oklahoma","Coal County",3,71,56,24,32
050,40,029,"Oklahoma","Coal County",3,72,59,24,35
050,40,029,"Oklahoma","Coal County",3,73,57,23,34
050,40,029,"Oklahoma","Coal County",3,74,62,25,37
050,40,029,"Oklahoma","Coal County",3,75,44,23,21
050,40,029,"Oklahoma","Coal County",3,76,42,24,18
050,40,029,"Oklahoma","Coal County",3,77,48,23,25
050,40,029,"Oklahoma","Coal County",3,78,41,17,24
050,40,029,"Oklahoma","Coal County",3,79,29,11,18
050,40,029,"Oklahoma","Coal County",3,80,31,14,17
050,40,029,"Oklahoma","Coal County",3,81,26,9,17
050,40,029,"Oklahoma","Coal County",3,82,27,10,17
050,40,029,"Oklahoma","Coal County",3,83,28,11,17
050,40,029,"Oklahoma","Coal County",3,84,27,13,14
050,40,029,"Oklahoma","Coal County",3,85,114,36,78
050,40,029,"Oklahoma","Coal County",4,0,64,27,37
050,40,029,"Oklahoma","Coal County",4,1,79,40,39
050,40,029,"Oklahoma","Coal County",4,2,67,27,40
050,40,029,"Oklahoma","Coal County",4,3,76,36,40
050,40,029,"Oklahoma","Coal County",4,4,74,38,36
050,40,029,"Oklahoma","Coal County",4,5,74,42,32
050,40,029,"Oklahoma","Coal County",4,6,68,38,30
050,40,029,"Oklahoma","Coal County",4,7,76,34,42
050,40,029,"Oklahoma","Coal County",4,8,61,35,26
050,40,029,"Oklahoma","Coal County",4,9,67,38,29
050,40,029,"Oklahoma","Coal County",4,10,64,37,27
050,40,029,"Oklahoma","Coal County",4,11,56,33,23
050,40,029,"Oklahoma","Coal County",4,12,55,28,27
050,40,029,"Oklahoma","Coal County",4,13,74,38,36
050,40,029,"Oklahoma","Coal County",4,14,68,33,35
050,40,029,"Oklahoma","Coal County",4,15,74,39,35
050,40,029,"Oklahoma","Coal County",4,16,85,49,36
050,40,029,"Oklahoma","Coal County",4,17,76,45,31
050,40,029,"Oklahoma","Coal County",4,18,67,39,28
050,40,029,"Oklahoma","Coal County",4,19,60,35,25
050,40,029,"Oklahoma","Coal County",4,20,49,26,23
050,40,029,"Oklahoma","Coal County",4,21,70,35,35
050,40,029,"Oklahoma","Coal County",4,22,58,31,27
050,40,029,"Oklahoma","Coal County",4,23,60,30,30
050,40,029,"Oklahoma","Coal County",4,24,69,39,30
050,40,029,"Oklahoma","Coal County",4,25,57,29,28
050,40,029,"Oklahoma","Coal County",4,26,60,33,27
050,40,029,"Oklahoma","Coal County",4,27,70,39,31
050,40,029,"Oklahoma","Coal County",4,28,59,32,27
050,40,029,"Oklahoma","Coal County",4,29,59,30,29
050,40,029,"Oklahoma","Coal County",4,30,74,38,36
050,40,029,"Oklahoma","Coal County",4,31,58,30,28
050,40,029,"Oklahoma","Coal County",4,32,64,30,34
050,40,029,"Oklahoma","Coal County",4,33,59,27,32
050,40,029,"Oklahoma","Coal County",4,34,52,22,30
050,40,029,"Oklahoma","Coal County",4,35,51,22,29
050,40,029,"Oklahoma","Coal County",4,36,50,23,27
050,40,029,"Oklahoma","Coal County",4,37,62,26,36
050,40,029,"Oklahoma","Coal County",4,38,47,24,23
050,40,029,"Oklahoma","Coal County",4,39,55,33,22
050,40,029,"Oklahoma","Coal County",4,40,54,28,26
050,40,029,"Oklahoma","Coal County",4,41,61,26,35
050,40,029,"Oklahoma","Coal County",4,42,59,28,31
050,40,029,"Oklahoma","Coal County",4,43,59,30,29
050,40,029,"Oklahoma","Coal County",4,44,59,31,28
050,40,029,"Oklahoma","Coal County",4,45,73,45,28
050,40,029,"Oklahoma","Coal County",4,46,75,39,36
050,40,029,"Oklahoma","Coal County",4,47,63,29,34
050,40,029,"Oklahoma","Coal County",4,48,61,28,33
050,40,029,"Oklahoma","Coal County",4,49,57,23,34
050,40,029,"Oklahoma","Coal County",4,50,55,25,30
050,40,029,"Oklahoma","Coal County",4,51,63,28,35
050,40,029,"Oklahoma","Coal County",4,52,62,30,32
050,40,029,"Oklahoma","Coal County",4,53,55,31,24
050,40,029,"Oklahoma","Coal County",4,54,55,31,24
050,40,029,"Oklahoma","Coal County",4,55,62,32,30
050,40,029,"Oklahoma","Coal County",4,56,63,31,32
050,40,029,"Oklahoma","Coal County",4,57,64,33,31
050,40,029,"Oklahoma","Coal County",4,58,71,39,32
050,40,029,"Oklahoma","Coal County",4,59,75,45,30
050,40,029,"Oklahoma","Coal County",4,60,63,30,33
050,40,029,"Oklahoma","Coal County",4,61,75,39,36
050,40,029,"Oklahoma","Coal County",4,62,73,33,40
050,40,029,"Oklahoma","Coal County",4,63,70,35,35
050,40,029,"Oklahoma","Coal County",4,64,66,36,30
050,40,029,"Oklahoma","Coal County",4,65,76,39,37
050,40,029,"Oklahoma","Coal County",4,66,79,43,36
050,40,029,"Oklahoma","Coal County",4,67,84,45,39
050,40,029,"Oklahoma","Coal County",4,68,71,33,38
050,40,029,"Oklahoma","Coal County",4,69,68,30,38
050,40,029,"Oklahoma","Coal County",4,70,61,27,34
050,40,029,"Oklahoma","Coal County",4,71,61,30,31
050,40,029,"Oklahoma","Coal County",4,72,55,23,32
050,40,029,"Oklahoma","Coal County",4,73,63,27,36
050,40,029,"Oklahoma","Coal County",4,74,54,22,32
050,40,029,"Oklahoma","Coal County",4,75,57,23,34
050,40,029,"Oklahoma","Coal County",4,76,38,19,19
050,40,029,"Oklahoma","Coal County",4,77,33,22,11
050,40,029,"Oklahoma","Coal County",4,78,49,23,26
050,40,029,"Oklahoma","Coal County",4,79,41,17,24
050,40,029,"Oklahoma","Coal County",4,80,27,11,16
050,40,029,"Oklahoma","Coal County",4,81,26,12,14
050,40,029,"Oklahoma","Coal County",4,82,27,9,18
050,40,029,"Oklahoma","Coal County",4,83,26,8,18
050,40,029,"Oklahoma","Coal County",4,84,21,10,11
050,40,029,"Oklahoma","Coal County",4,85,113,38,75
050,40,029,"Oklahoma","Coal County",5,0,62,27,35
050,40,029,"Oklahoma","Coal County",5,1,77,38,39
050,40,029,"Oklahoma","Coal County",5,2,84,43,41
050,40,029,"Oklahoma","Coal County",5,3,63,24,39
050,40,029,"Oklahoma","Coal County",5,4,72,33,39
050,40,029,"Oklahoma","Coal County",5,5,75,40,35
050,40,029,"Oklahoma","Coal County",5,6,73,44,29
050,40,029,"Oklahoma","Coal County",5,7,71,36,35
050,40,029,"Oklahoma","Coal County",5,8,69,38,31
050,40,029,"Oklahoma","Coal County",5,9,59,29,30
050,40,029,"Oklahoma","Coal County",5,10,72,40,32
050,40,029,"Oklahoma","Coal County",5,11,65,36,29
050,40,029,"Oklahoma","Coal County",5,12,59,36,23
050,40,029,"Oklahoma","Coal County",5,13,56,28,28
050,40,029,"Oklahoma","Coal County",5,14,69,36,33
050,40,029,"Oklahoma","Coal County",5,15,68,34,34
050,40,029,"Oklahoma","Coal County",5,16,78,41,37
050,40,029,"Oklahoma","Coal County",5,17,81,46,35
050,40,029,"Oklahoma","Coal County",5,18,66,42,24
050,40,029,"Oklahoma","Coal County",5,19,59,34,25
050,40,029,"Oklahoma","Coal County",5,20,71,41,30
050,40,029,"Oklahoma","Coal County",5,21,51,27,24
050,40,029,"Oklahoma","Coal County",5,22,58,27,31
050,40,029,"Oklahoma","Coal County",5,23,58,32,26
050,40,029,"Oklahoma","Coal County",5,24,59,28,31
050,40,029,"Oklahoma","Coal County",5,25,67,34,33
050,40,029,"Oklahoma","Coal County",5,26,53,28,25
050,40,029,"Oklahoma","Coal County",5,27,76,41,35
050,40,029,"Oklahoma","Coal County",5,28,66,35,31
050,40,029,"Oklahoma","Coal County",5,29,56,27,29
050,40,029,"Oklahoma","Coal County",5,30,59,30,29
050,40,029,"Oklahoma","Coal County",5,31,71,40,31
050,40,029,"Oklahoma","Coal County",5,32,61,35,26
050,40,029,"Oklahoma","Coal County",5,33,64,31,33
050,40,029,"Oklahoma","Coal County",5,34,61,30,31
050,40,029,"Oklahoma","Coal County",5,35,48,20,28
050,40,029,"Oklahoma","Coal County",5,36,54,24,30
050,40,029,"Oklahoma","Coal County",5,37,47,21,26
050,40,029,"Oklahoma","Coal County",5,38,57,26,31
050,40,029,"Oklahoma","Coal County",5,39,47,22,25
050,40,029,"Oklahoma","Coal County",5,40,52,30,22
050,40,029,"Oklahoma","Coal County",5,41,51,25,26
050,40,029,"Oklahoma","Coal County",5,42,65,32,33
050,40,029,"Oklahoma","Coal County",5,43,60,29,31
050,40,029,"Oklahoma","Coal County",5,44,64,33,31
050,40,029,"Oklahoma","Coal County",5,45,64,31,33
050,40,029,"Oklahoma","Coal County",5,46,73,42,31
050,40,029,"Oklahoma","Coal County",5,47,68,35,33
050,40,029,"Oklahoma","Coal County",5,48,66,31,35
050,40,029,"Oklahoma","Coal County",5,49,60,27,33
050,40,029,"Oklahoma","Coal County",5,50,63,29,34
050,40,029,"Oklahoma","Coal County",5,51,52,25,27
050,40,029,"Oklahoma","Coal County",5,52,62,29,33
050,40,029,"Oklahoma","Coal County",5,53,61,29,32
050,40,029,"Oklahoma","Coal County",5,54,54,29,25
050,40,029,"Oklahoma","Coal County",5,55,54,31,23
050,40,029,"Oklahoma","Coal County",5,56,61,31,30
050,40,029,"Oklahoma","Coal County",5,57,63,29,34
050,40,029,"Oklahoma","Coal County",5,58,61,33,28
050,40,029,"Oklahoma","Coal County",5,59,72,40,32
050,40,029,"Oklahoma","Coal County",5,60,75,45,30
050,40,029,"Oklahoma","Coal County",5,61,60,28,32
050,40,029,"Oklahoma","Coal County",5,62,72,38,34
050,40,029,"Oklahoma","Coal County",5,63,77,35,42
050,40,029,"Oklahoma","Coal County",5,64,66,28,38
050,40,029,"Oklahoma","Coal County",5,65,68,37,31
050,40,029,"Oklahoma","Coal County",5,66,76,39,37
050,40,029,"Oklahoma","Coal County",5,67,77,43,34
050,40,029,"Oklahoma","Coal County",5,68,81,43,38
050,40,029,"Oklahoma","Coal County",5,69,64,28,36
050,40,029,"Oklahoma","Coal County",5,70,68,30,38
050,40,029,"Oklahoma","Coal County",5,71,57,24,33
050,40,029,"Oklahoma","Coal County",5,72,59,29,30
050,40,029,"Oklahoma","Coal County",5,73,56,23,33
050,40,029,"Oklahoma","Coal County",5,74,60,25,35
050,40,029,"Oklahoma","Coal County",5,75,55,22,33
050,40,029,"Oklahoma","Coal County",5,76,52,19,33
050,40,029,"Oklahoma","Coal County",5,77,31,16,15
050,40,029,"Oklahoma","Coal County",5,78,34,23,11
050,40,029,"Oklahoma","Coal County",5,79,46,24,22
050,40,029,"Oklahoma","Coal County",5,80,38,15,23
050,40,029,"Oklahoma","Coal County",5,81,24,10,14
050,40,029,"Oklahoma","Coal County",5,82,27,12,15
050,40,029,"Oklahoma","Coal County",5,83,23,6,17
050,40,029,"Oklahoma","Coal County",5,84,22,7,15
050,40,029,"Oklahoma","Coal County",5,85,110,37,73
050,40,031,"Oklahoma","Comanche County",1,0,1605,820,785
050,40,031,"Oklahoma","Comanche County",1,1,1583,785,798
050,40,031,"Oklahoma","Comanche County",1,2,1593,809,784
050,40,031,"Oklahoma","Comanche County",1,3,1686,842,844
050,40,031,"Oklahoma","Comanche County",1,4,1750,868,882
050,40,031,"Oklahoma","Comanche County",1,5,1658,809,849
050,40,031,"Oklahoma","Comanche County",1,6,1634,840,794
050,40,031,"Oklahoma","Comanche County",1,7,1689,865,824
050,40,031,"Oklahoma","Comanche County",1,8,1600,788,812
050,40,031,"Oklahoma","Comanche County",1,9,1657,840,817
050,40,031,"Oklahoma","Comanche County",1,10,1616,807,809
050,40,031,"Oklahoma","Comanche County",1,11,1589,816,773
050,40,031,"Oklahoma","Comanche County",1,12,1627,850,777
050,40,031,"Oklahoma","Comanche County",1,13,1618,864,754
050,40,031,"Oklahoma","Comanche County",1,14,1522,765,757
050,40,031,"Oklahoma","Comanche County",1,15,1572,791,781
050,40,031,"Oklahoma","Comanche County",1,16,1487,749,738
050,40,031,"Oklahoma","Comanche County",1,17,1455,719,736
050,40,031,"Oklahoma","Comanche County",1,18,1772,1053,719
050,40,031,"Oklahoma","Comanche County",1,19,2138,1358,780
050,40,031,"Oklahoma","Comanche County",1,20,2143,1358,785
050,40,031,"Oklahoma","Comanche County",1,21,2027,1251,776
050,40,031,"Oklahoma","Comanche County",1,22,2035,1179,856
050,40,031,"Oklahoma","Comanche County",1,23,1969,1141,828
050,40,031,"Oklahoma","Comanche County",1,24,1991,1146,845
050,40,031,"Oklahoma","Comanche County",1,25,1987,1141,846
050,40,031,"Oklahoma","Comanche County",1,26,2018,1132,886
050,40,031,"Oklahoma","Comanche County",1,27,2099,1216,883
050,40,031,"Oklahoma","Comanche County",1,28,2075,1126,949
050,40,031,"Oklahoma","Comanche County",1,29,2004,1094,910
050,40,031,"Oklahoma","Comanche County",1,30,2007,1052,955
050,40,031,"Oklahoma","Comanche County",1,31,1961,1074,887
050,40,031,"Oklahoma","Comanche County",1,32,1917,1011,906
050,40,031,"Oklahoma","Comanche County",1,33,1818,983,835
050,40,031,"Oklahoma","Comanche County",1,34,1816,984,832
050,40,031,"Oklahoma","Comanche County",1,35,1790,951,839
050,40,031,"Oklahoma","Comanche County",1,36,1770,962,808
050,40,031,"Oklahoma","Comanche County",1,37,1758,897,861
050,40,031,"Oklahoma","Comanche County",1,38,1697,888,809
050,40,031,"Oklahoma","Comanche County",1,39,1674,851,823
050,40,031,"Oklahoma","Comanche County",1,40,1578,846,732
050,40,031,"Oklahoma","Comanche County",1,41,1475,759,716
050,40,031,"Oklahoma","Comanche County",1,42,1472,782,690
050,40,031,"Oklahoma","Comanche County",1,43,1347,708,639
050,40,031,"Oklahoma","Comanche County",1,44,1224,627,597
050,40,031,"Oklahoma","Comanche County",1,45,1260,633,627
050,40,031,"Oklahoma","Comanche County",1,46,1232,643,589
050,40,031,"Oklahoma","Comanche County",1,47,1261,652,609
050,40,031,"Oklahoma","Comanche County",1,48,1320,668,652
050,40,031,"Oklahoma","Comanche County",1,49,1375,690,685
050,40,031,"Oklahoma","Comanche County",1,50,1270,638,632
050,40,031,"Oklahoma","Comanche County",1,51,1201,575,626
050,40,031,"Oklahoma","Comanche County",1,52,1205,613,592
050,40,031,"Oklahoma","Comanche County",1,53,1220,622,598
050,40,031,"Oklahoma","Comanche County",1,54,1300,682,618
050,40,031,"Oklahoma","Comanche County",1,55,1368,687,681
050,40,031,"Oklahoma","Comanche County",1,56,1449,732,717
050,40,031,"Oklahoma","Comanche County",1,57,1466,714,752
050,40,031,"Oklahoma","Comanche County",1,58,1460,736,724
050,40,031,"Oklahoma","Comanche County",1,59,1491,752,739
050,40,031,"Oklahoma","Comanche County",1,60,1484,736,748
050,40,031,"Oklahoma","Comanche County",1,61,1423,684,739
050,40,031,"Oklahoma","Comanche County",1,62,1383,651,732
050,40,031,"Oklahoma","Comanche County",1,63,1329,660,669
050,40,031,"Oklahoma","Comanche County",1,64,1220,596,624
050,40,031,"Oklahoma","Comanche County",1,65,1207,574,633
050,40,031,"Oklahoma","Comanche County",1,66,1173,561,612
050,40,031,"Oklahoma","Comanche County",1,67,1066,518,548
050,40,031,"Oklahoma","Comanche County",1,68,989,465,524
050,40,031,"Oklahoma","Comanche County",1,69,946,447,499
050,40,031,"Oklahoma","Comanche County",1,70,927,443,484
050,40,031,"Oklahoma","Comanche County",1,71,873,421,452
050,40,031,"Oklahoma","Comanche County",1,72,866,426,440
050,40,031,"Oklahoma","Comanche County",1,73,802,382,420
050,40,031,"Oklahoma","Comanche County",1,74,587,273,314
050,40,031,"Oklahoma","Comanche County",1,75,624,282,342
050,40,031,"Oklahoma","Comanche County",1,76,593,269,324
050,40,031,"Oklahoma","Comanche County",1,77,585,253,332
050,40,031,"Oklahoma","Comanche County",1,78,531,225,306
050,40,031,"Oklahoma","Comanche County",1,79,465,206,259
050,40,031,"Oklahoma","Comanche County",1,80,435,197,238
050,40,031,"Oklahoma","Comanche County",1,81,425,187,238
050,40,031,"Oklahoma","Comanche County",1,82,391,174,217
050,40,031,"Oklahoma","Comanche County",1,83,339,130,209
050,40,031,"Oklahoma","Comanche County",1,84,306,142,164
050,40,031,"Oklahoma","Comanche County",1,85,1778,697,1081
050,40,031,"Oklahoma","Comanche County",2,0,1562,794,768
050,40,031,"Oklahoma","Comanche County",2,1,1585,789,796
050,40,031,"Oklahoma","Comanche County",2,2,1590,805,785
050,40,031,"Oklahoma","Comanche County",2,3,1655,829,826
050,40,031,"Oklahoma","Comanche County",2,4,1733,862,871
050,40,031,"Oklahoma","Comanche County",2,5,1676,822,854
050,40,031,"Oklahoma","Comanche County",2,6,1642,836,806
050,40,031,"Oklahoma","Comanche County",2,7,1665,851,814
050,40,031,"Oklahoma","Comanche County",2,8,1614,803,811
050,40,031,"Oklahoma","Comanche County",2,9,1634,822,812
050,40,031,"Oklahoma","Comanche County",2,10,1615,810,805
050,40,031,"Oklahoma","Comanche County",2,11,1583,808,775
050,40,031,"Oklahoma","Comanche County",2,12,1623,845,778
050,40,031,"Oklahoma","Comanche County",2,13,1614,852,762
050,40,031,"Oklahoma","Comanche County",2,14,1535,785,750
050,40,031,"Oklahoma","Comanche County",2,15,1557,784,773
050,40,031,"Oklahoma","Comanche County",2,16,1510,764,746
050,40,031,"Oklahoma","Comanche County",2,17,1470,731,739
050,40,031,"Oklahoma","Comanche County",2,18,1802,1066,736
050,40,031,"Oklahoma","Comanche County",2,19,2146,1363,783
050,40,031,"Oklahoma","Comanche County",2,20,2148,1359,789
050,40,031,"Oklahoma","Comanche County",2,21,2017,1239,778
050,40,031,"Oklahoma","Comanche County",2,22,2026,1184,842
050,40,031,"Oklahoma","Comanche County",2,23,1970,1139,831
050,40,031,"Oklahoma","Comanche County",2,24,1979,1138,841
050,40,031,"Oklahoma","Comanche County",2,25,1991,1137,854
050,40,031,"Oklahoma","Comanche County",2,26,2011,1130,881
050,40,031,"Oklahoma","Comanche County",2,27,2077,1193,884
050,40,031,"Oklahoma","Comanche County",2,28,2081,1147,934
050,40,031,"Oklahoma","Comanche County",2,29,2009,1091,918
050,40,031,"Oklahoma","Comanche County",2,30,2018,1075,943
050,40,031,"Oklahoma","Comanche County",2,31,1955,1059,896
050,40,031,"Oklahoma","Comanche County",2,32,1914,1020,894
050,40,031,"Oklahoma","Comanche County",2,33,1826,982,844
050,40,031,"Oklahoma","Comanche County",2,34,1812,983,829
050,40,031,"Oklahoma","Comanche County",2,35,1788,954,834
050,40,031,"Oklahoma","Comanche County",2,36,1753,945,808
050,40,031,"Oklahoma","Comanche County",2,37,1752,911,841
050,40,031,"Oklahoma","Comanche County",2,38,1710,887,823
050,40,031,"Oklahoma","Comanche County",2,39,1668,850,818
050,40,031,"Oklahoma","Comanche County",2,40,1601,847,754
050,40,031,"Oklahoma","Comanche County",2,41,1486,771,715
050,40,031,"Oklahoma","Comanche County",2,42,1470,780,690
050,40,031,"Oklahoma","Comanche County",2,43,1374,723,651
050,40,031,"Oklahoma","Comanche County",2,44,1242,641,601
050,40,031,"Oklahoma","Comanche County",2,45,1261,637,624
050,40,031,"Oklahoma","Comanche County",2,46,1234,639,595
050,40,031,"Oklahoma","Comanche County",2,47,1242,641,601
050,40,031,"Oklahoma","Comanche County",2,48,1299,660,639
050,40,031,"Oklahoma","Comanche County",2,49,1358,681,677
050,40,031,"Oklahoma","Comanche County",2,50,1293,647,646
050,40,031,"Oklahoma","Comanche County",2,51,1203,582,621
050,40,031,"Oklahoma","Comanche County",2,52,1200,602,598
050,40,031,"Oklahoma","Comanche County",2,53,1214,617,597
050,40,031,"Oklahoma","Comanche County",2,54,1282,663,619
050,40,031,"Oklahoma","Comanche County",2,55,1352,684,668
050,40,031,"Oklahoma","Comanche County",2,56,1427,719,708
050,40,031,"Oklahoma","Comanche County",2,57,1455,715,740
050,40,031,"Oklahoma","Comanche County",2,58,1453,722,731
050,40,031,"Oklahoma","Comanche County",2,59,1489,750,739
050,40,031,"Oklahoma","Comanche County",2,60,1479,737,742
050,40,031,"Oklahoma","Comanche County",2,61,1426,693,733
050,40,031,"Oklahoma","Comanche County",2,62,1383,658,725
050,40,031,"Oklahoma","Comanche County",2,63,1348,662,686
050,40,031,"Oklahoma","Comanche County",2,64,1223,599,624
050,40,031,"Oklahoma","Comanche County",2,65,1208,578,630
050,40,031,"Oklahoma","Comanche County",2,66,1172,555,617
050,40,031,"Oklahoma","Comanche County",2,67,1089,528,561
050,40,031,"Oklahoma","Comanche County",2,68,1000,474,526
050,40,031,"Oklahoma","Comanche County",2,69,949,445,504
050,40,031,"Oklahoma","Comanche County",2,70,925,440,485
050,40,031,"Oklahoma","Comanche County",2,71,884,422,462
050,40,031,"Oklahoma","Comanche County",2,72,851,416,435
050,40,031,"Oklahoma","Comanche County",2,73,847,406,441
050,40,031,"Oklahoma","Comanche County",2,74,604,284,320
050,40,031,"Oklahoma","Comanche County",2,75,615,279,336
050,40,031,"Oklahoma","Comanche County",2,76,589,265,324
050,40,031,"Oklahoma","Comanche County",2,77,599,260,339
050,40,031,"Oklahoma","Comanche County",2,78,524,223,301
050,40,031,"Oklahoma","Comanche County",2,79,477,208,269
050,40,031,"Oklahoma","Comanche County",2,80,437,199,238
050,40,031,"Oklahoma","Comanche County",2,81,419,183,236
050,40,031,"Oklahoma","Comanche County",2,82,392,171,221
050,40,031,"Oklahoma","Comanche County",2,83,347,138,209
050,40,031,"Oklahoma","Comanche County",2,84,306,136,170
050,40,031,"Oklahoma","Comanche County",2,85,1781,694,1087
050,40,031,"Oklahoma","Comanche County",3,0,1585,819,766
050,40,031,"Oklahoma","Comanche County",3,1,1599,844,755
050,40,031,"Oklahoma","Comanche County",3,2,1633,836,797
050,40,031,"Oklahoma","Comanche County",3,3,1674,856,818
050,40,031,"Oklahoma","Comanche County",3,4,1692,848,844
050,40,031,"Oklahoma","Comanche County",3,5,1795,887,908
050,40,031,"Oklahoma","Comanche County",3,6,1685,865,820
050,40,031,"Oklahoma","Comanche County",3,7,1677,841,836
050,40,031,"Oklahoma","Comanche County",3,8,1729,866,863
050,40,031,"Oklahoma","Comanche County",3,9,1649,827,822
050,40,031,"Oklahoma","Comanche County",3,10,1603,798,805
050,40,031,"Oklahoma","Comanche County",3,11,1614,817,797
050,40,031,"Oklahoma","Comanche County",3,12,1586,804,782
050,40,031,"Oklahoma","Comanche County",3,13,1649,856,793
050,40,031,"Oklahoma","Comanche County",3,14,1592,826,766
050,40,031,"Oklahoma","Comanche County",3,15,1523,776,747
050,40,031,"Oklahoma","Comanche County",3,16,1573,794,779
050,40,031,"Oklahoma","Comanche County",3,17,1555,771,784
050,40,031,"Oklahoma","Comanche County",3,18,1815,1060,755
050,40,031,"Oklahoma","Comanche County",3,19,2161,1394,767
050,40,031,"Oklahoma","Comanche County",3,20,2195,1392,803
050,40,031,"Oklahoma","Comanche County",3,21,2089,1286,803
050,40,031,"Oklahoma","Comanche County",3,22,2022,1216,806
050,40,031,"Oklahoma","Comanche County",3,23,1999,1172,827
050,40,031,"Oklahoma","Comanche County",3,24,2004,1130,874
050,40,031,"Oklahoma","Comanche County",3,25,1964,1113,851
050,40,031,"Oklahoma","Comanche County",3,26,1957,1090,867
050,40,031,"Oklahoma","Comanche County",3,27,2015,1145,870
050,40,031,"Oklahoma","Comanche County",3,28,2112,1184,928
050,40,031,"Oklahoma","Comanche County",3,29,2101,1169,932
050,40,031,"Oklahoma","Comanche County",3,30,2057,1110,947
050,40,031,"Oklahoma","Comanche County",3,31,2010,1069,941
050,40,031,"Oklahoma","Comanche County",3,32,1962,1073,889
050,40,031,"Oklahoma","Comanche County",3,33,1865,1000,865
050,40,031,"Oklahoma","Comanche County",3,34,1885,1034,851
050,40,031,"Oklahoma","Comanche County",3,35,1763,922,841
050,40,031,"Oklahoma","Comanche County",3,36,1776,962,814
050,40,031,"Oklahoma","Comanche County",3,37,1714,908,806
050,40,031,"Oklahoma","Comanche County",3,38,1767,914,853
050,40,031,"Oklahoma","Comanche County",3,39,1705,879,826
050,40,031,"Oklahoma","Comanche County",3,40,1669,856,813
050,40,031,"Oklahoma","Comanche County",3,41,1572,834,738
050,40,031,"Oklahoma","Comanche County",3,42,1511,782,729
050,40,031,"Oklahoma","Comanche County",3,43,1416,743,673
050,40,031,"Oklahoma","Comanche County",3,44,1327,678,649
050,40,031,"Oklahoma","Comanche County",3,45,1214,619,595
050,40,031,"Oklahoma","Comanche County",3,46,1268,637,631
050,40,031,"Oklahoma","Comanche County",3,47,1227,640,587
050,40,031,"Oklahoma","Comanche County",3,48,1223,620,603
050,40,031,"Oklahoma","Comanche County",3,49,1265,628,637
050,40,031,"Oklahoma","Comanche County",3,50,1347,667,680
050,40,031,"Oklahoma","Comanche County",3,51,1288,657,631
050,40,031,"Oklahoma","Comanche County",3,52,1172,570,602
050,40,031,"Oklahoma","Comanche County",3,53,1157,579,578
050,40,031,"Oklahoma","Comanche County",3,54,1211,622,589
050,40,031,"Oklahoma","Comanche County",3,55,1230,648,582
050,40,031,"Oklahoma","Comanche County",3,56,1356,687,669
050,40,031,"Oklahoma","Comanche County",3,57,1409,706,703
050,40,031,"Oklahoma","Comanche County",3,58,1420,688,732
050,40,031,"Oklahoma","Comanche County",3,59,1409,702,707
050,40,031,"Oklahoma","Comanche County",3,60,1450,724,726
050,40,031,"Oklahoma","Comanche County",3,61,1456,721,735
050,40,031,"Oklahoma","Comanche County",3,62,1405,676,729
050,40,031,"Oklahoma","Comanche County",3,63,1370,659,711
050,40,031,"Oklahoma","Comanche County",3,64,1311,642,669
050,40,031,"Oklahoma","Comanche County",3,65,1223,603,620
050,40,031,"Oklahoma","Comanche County",3,66,1155,541,614
050,40,031,"Oklahoma","Comanche County",3,67,1151,540,611
050,40,031,"Oklahoma","Comanche County",3,68,1042,495,547
050,40,031,"Oklahoma","Comanche County",3,69,977,455,522
050,40,031,"Oklahoma","Comanche County",3,70,904,424,480
050,40,031,"Oklahoma","Comanche County",3,71,893,424,469
050,40,031,"Oklahoma","Comanche County",3,72,854,404,450
050,40,031,"Oklahoma","Comanche County",3,73,804,380,424
050,40,031,"Oklahoma","Comanche County",3,74,808,384,424
050,40,031,"Oklahoma","Comanche County",3,75,575,258,317
050,40,031,"Oklahoma","Comanche County",3,76,581,258,323
050,40,031,"Oklahoma","Comanche County",3,77,567,250,317
050,40,031,"Oklahoma","Comanche County",3,78,555,233,322
050,40,031,"Oklahoma","Comanche County",3,79,504,210,294
050,40,031,"Oklahoma","Comanche County",3,80,440,198,242
050,40,031,"Oklahoma","Comanche County",3,81,417,184,233
050,40,031,"Oklahoma","Comanche County",3,82,381,164,217
050,40,031,"Oklahoma","Comanche County",3,83,363,159,204
050,40,031,"Oklahoma","Comanche County",3,84,324,135,189
050,40,031,"Oklahoma","Comanche County",3,85,1772,705,1067
050,40,031,"Oklahoma","Comanche County",4,0,1528,764,764
050,40,031,"Oklahoma","Comanche County",4,1,1550,809,741
050,40,031,"Oklahoma","Comanche County",4,2,1586,824,762
050,40,031,"Oklahoma","Comanche County",4,3,1666,863,803
050,40,031,"Oklahoma","Comanche County",4,4,1700,863,837
050,40,031,"Oklahoma","Comanche County",4,5,1686,857,829
050,40,031,"Oklahoma","Comanche County",4,6,1816,893,923
050,40,031,"Oklahoma","Comanche County",4,7,1679,860,819
050,40,031,"Oklahoma","Comanche County",4,8,1700,849,851
050,40,031,"Oklahoma","Comanche County",4,9,1704,866,838
050,40,031,"Oklahoma","Comanche County",4,10,1676,844,832
050,40,031,"Oklahoma","Comanche County",4,11,1579,797,782
050,40,031,"Oklahoma","Comanche County",4,12,1605,814,791
050,40,031,"Oklahoma","Comanche County",4,13,1574,781,793
050,40,031,"Oklahoma","Comanche County",4,14,1624,844,780
050,40,031,"Oklahoma","Comanche County",4,15,1560,798,762
050,40,031,"Oklahoma","Comanche County",4,16,1510,786,724
050,40,031,"Oklahoma","Comanche County",4,17,1584,799,785
050,40,031,"Oklahoma","Comanche County",4,18,1833,1058,775
050,40,031,"Oklahoma","Comanche County",4,19,2079,1313,766
050,40,031,"Oklahoma","Comanche County",4,20,2074,1316,758
050,40,031,"Oklahoma","Comanche County",4,21,2079,1270,809
050,40,031,"Oklahoma","Comanche County",4,22,2051,1213,838
050,40,031,"Oklahoma","Comanche County",4,23,1987,1195,792
050,40,031,"Oklahoma","Comanche County",4,24,1991,1137,854
050,40,031,"Oklahoma","Comanche County",4,25,1971,1099,872
050,40,031,"Oklahoma","Comanche County",4,26,1968,1074,894
050,40,031,"Oklahoma","Comanche County",4,27,1998,1129,869
050,40,031,"Oklahoma","Comanche County",4,28,1971,1131,840
050,40,031,"Oklahoma","Comanche County",4,29,2015,1110,905
050,40,031,"Oklahoma","Comanche County",4,30,2115,1165,950
050,40,031,"Oklahoma","Comanche County",4,31,2062,1112,950
050,40,031,"Oklahoma","Comanche County",4,32,2043,1078,965
050,40,031,"Oklahoma","Comanche County",4,33,1899,1002,897
050,40,031,"Oklahoma","Comanche County",4,34,1882,1012,870
050,40,031,"Oklahoma","Comanche County",4,35,1773,952,821
050,40,031,"Oklahoma","Comanche County",4,36,1755,918,837
050,40,031,"Oklahoma","Comanche County",4,37,1703,899,804
050,40,031,"Oklahoma","Comanche County",4,38,1734,929,805
050,40,031,"Oklahoma","Comanche County",4,39,1737,895,842
050,40,031,"Oklahoma","Comanche County",4,40,1728,903,825
050,40,031,"Oklahoma","Comanche County",4,41,1628,813,815
050,40,031,"Oklahoma","Comanche County",4,42,1607,864,743
050,40,031,"Oklahoma","Comanche County",4,43,1432,729,703
050,40,031,"Oklahoma","Comanche County",4,44,1371,712,659
050,40,031,"Oklahoma","Comanche County",4,45,1286,654,632
050,40,031,"Oklahoma","Comanche County",4,46,1176,600,576
050,40,031,"Oklahoma","Comanche County",4,47,1254,628,626
050,40,031,"Oklahoma","Comanche County",4,48,1183,613,570
050,40,031,"Oklahoma","Comanche County",4,49,1205,605,600
050,40,031,"Oklahoma","Comanche County",4,50,1259,623,636
050,40,031,"Oklahoma","Comanche County",4,51,1335,668,667
050,40,031,"Oklahoma","Comanche County",4,52,1276,650,626
050,40,031,"Oklahoma","Comanche County",4,53,1142,552,590
050,40,031,"Oklahoma","Comanche County",4,54,1163,572,591
050,40,031,"Oklahoma","Comanche County",4,55,1164,594,570
050,40,031,"Oklahoma","Comanche County",4,56,1197,642,555
050,40,031,"Oklahoma","Comanche County",4,57,1325,674,651
050,40,031,"Oklahoma","Comanche County",4,58,1367,676,691
050,40,031,"Oklahoma","Comanche County",4,59,1409,683,726
050,40,031,"Oklahoma","Comanche County",4,60,1401,682,719
050,40,031,"Oklahoma","Comanche County",4,61,1440,709,731
050,40,031,"Oklahoma","Comanche County",4,62,1449,719,730
050,40,031,"Oklahoma","Comanche County",4,63,1396,667,729
050,40,031,"Oklahoma","Comanche County",4,64,1325,622,703
050,40,031,"Oklahoma","Comanche County",4,65,1301,640,661
050,40,031,"Oklahoma","Comanche County",4,66,1172,563,609
050,40,031,"Oklahoma","Comanche County",4,67,1124,524,600
050,40,031,"Oklahoma","Comanche County",4,68,1117,530,587
050,40,031,"Oklahoma","Comanche County",4,69,1006,477,529
050,40,031,"Oklahoma","Comanche County",4,70,956,449,507
050,40,031,"Oklahoma","Comanche County",4,71,864,402,462
050,40,031,"Oklahoma","Comanche County",4,72,865,409,456
050,40,031,"Oklahoma","Comanche County",4,73,809,373,436
050,40,031,"Oklahoma","Comanche County",4,74,775,361,414
050,40,031,"Oklahoma","Comanche County",4,75,776,363,413
050,40,031,"Oklahoma","Comanche County",4,76,541,240,301
050,40,031,"Oklahoma","Comanche County",4,77,564,245,319
050,40,031,"Oklahoma","Comanche County",4,78,535,232,303
050,40,031,"Oklahoma","Comanche County",4,79,526,215,311
050,40,031,"Oklahoma","Comanche County",4,80,466,198,268
050,40,031,"Oklahoma","Comanche County",4,81,407,178,229
050,40,031,"Oklahoma","Comanche County",4,82,391,170,221
050,40,031,"Oklahoma","Comanche County",4,83,345,144,201
050,40,031,"Oklahoma","Comanche County",4,84,331,153,178
050,40,031,"Oklahoma","Comanche County",4,85,1789,721,1068
050,40,031,"Oklahoma","Comanche County",5,0,1518,759,759
050,40,031,"Oklahoma","Comanche County",5,1,1520,749,771
050,40,031,"Oklahoma","Comanche County",5,2,1458,763,695
050,40,031,"Oklahoma","Comanche County",5,3,1582,813,769
050,40,031,"Oklahoma","Comanche County",5,4,1627,839,788
050,40,031,"Oklahoma","Comanche County",5,5,1659,840,819
050,40,031,"Oklahoma","Comanche County",5,6,1699,864,835
050,40,031,"Oklahoma","Comanche County",5,7,1751,876,875
050,40,031,"Oklahoma","Comanche County",5,8,1649,847,802
050,40,031,"Oklahoma","Comanche County",5,9,1674,826,848
050,40,031,"Oklahoma","Comanche County",5,10,1699,846,853
050,40,031,"Oklahoma","Comanche County",5,11,1625,836,789
050,40,031,"Oklahoma","Comanche County",5,12,1565,790,775
050,40,031,"Oklahoma","Comanche County",5,13,1587,792,795
050,40,031,"Oklahoma","Comanche County",5,14,1551,757,794
050,40,031,"Oklahoma","Comanche County",5,15,1599,834,765
050,40,031,"Oklahoma","Comanche County",5,16,1567,808,759
050,40,031,"Oklahoma","Comanche County",5,17,1529,787,742
050,40,031,"Oklahoma","Comanche County",5,18,1869,1094,775
050,40,031,"Oklahoma","Comanche County",5,19,2094,1312,782
050,40,031,"Oklahoma","Comanche County",5,20,2071,1306,765
050,40,031,"Oklahoma","Comanche County",5,21,1930,1191,739
050,40,031,"Oklahoma","Comanche County",5,22,2003,1173,830
050,40,031,"Oklahoma","Comanche County",5,23,2006,1186,820
050,40,031,"Oklahoma","Comanche County",5,24,1990,1174,816
050,40,031,"Oklahoma","Comanche County",5,25,1925,1079,846
050,40,031,"Oklahoma","Comanche County",5,26,1936,1057,879
050,40,031,"Oklahoma","Comanche County",5,27,1936,1068,868
050,40,031,"Oklahoma","Comanche County",5,28,1914,1084,830
050,40,031,"Oklahoma","Comanche County",5,29,1896,1065,831
050,40,031,"Oklahoma","Comanche County",5,30,1987,1109,878
050,40,031,"Oklahoma","Comanche County",5,31,2079,1143,936
050,40,031,"Oklahoma","Comanche County",5,32,2041,1104,937
050,40,031,"Oklahoma","Comanche County",5,33,1987,1058,929
050,40,031,"Oklahoma","Comanche County",5,34,1819,949,870
050,40,031,"Oklahoma","Comanche County",5,35,1805,984,821
050,40,031,"Oklahoma","Comanche County",5,36,1685,897,788
050,40,031,"Oklahoma","Comanche County",5,37,1691,866,825
050,40,031,"Oklahoma","Comanche County",5,38,1697,893,804
050,40,031,"Oklahoma","Comanche County",5,39,1712,897,815
050,40,031,"Oklahoma","Comanche County",5,40,1706,872,834
050,40,031,"Oklahoma","Comanche County",5,41,1644,846,798
050,40,031,"Oklahoma","Comanche County",5,42,1609,818,791
050,40,031,"Oklahoma","Comanche County",5,43,1567,824,743
050,40,031,"Oklahoma","Comanche County",5,44,1375,696,679
050,40,031,"Oklahoma","Comanche County",5,45,1375,722,653
050,40,031,"Oklahoma","Comanche County",5,46,1285,651,634
050,40,031,"Oklahoma","Comanche County",5,47,1173,608,565
050,40,031,"Oklahoma","Comanche County",5,48,1218,601,617
050,40,031,"Oklahoma","Comanche County",5,49,1170,597,573
050,40,031,"Oklahoma","Comanche County",5,50,1180,596,584
050,40,031,"Oklahoma","Comanche County",5,51,1233,602,631
050,40,031,"Oklahoma","Comanche County",5,52,1334,668,666
050,40,031,"Oklahoma","Comanche County",5,53,1259,641,618
050,40,031,"Oklahoma","Comanche County",5,54,1142,561,581
050,40,031,"Oklahoma","Comanche County",5,55,1142,552,590
050,40,031,"Oklahoma","Comanche County",5,56,1161,592,569
050,40,031,"Oklahoma","Comanche County",5,57,1172,631,541
050,40,031,"Oklahoma","Comanche County",5,58,1296,647,649
050,40,031,"Oklahoma","Comanche County",5,59,1364,678,686
050,40,031,"Oklahoma","Comanche County",5,60,1394,669,725
050,40,031,"Oklahoma","Comanche County",5,61,1382,672,710
050,40,031,"Oklahoma","Comanche County",5,62,1422,701,721
050,40,031,"Oklahoma","Comanche County",5,63,1437,709,728
050,40,031,"Oklahoma","Comanche County",5,64,1353,636,717
050,40,031,"Oklahoma","Comanche County",5,65,1321,628,693
050,40,031,"Oklahoma","Comanche County",5,66,1261,615,646
050,40,031,"Oklahoma","Comanche County",5,67,1171,566,605
050,40,031,"Oklahoma","Comanche County",5,68,1114,510,604
050,40,031,"Oklahoma","Comanche County",5,69,1107,520,587
050,40,031,"Oklahoma","Comanche County",5,70,995,469,526
050,40,031,"Oklahoma","Comanche County",5,71,918,430,488
050,40,031,"Oklahoma","Comanche County",5,72,840,391,449
050,40,031,"Oklahoma","Comanche County",5,73,834,383,451
050,40,031,"Oklahoma","Comanche County",5,74,785,364,421
050,40,031,"Oklahoma","Comanche County",5,75,760,352,408
050,40,031,"Oklahoma","Comanche County",5,76,755,355,400
050,40,031,"Oklahoma","Comanche County",5,77,524,232,292
050,40,031,"Oklahoma","Comanche County",5,78,527,226,301
050,40,031,"Oklahoma","Comanche County",5,79,524,226,298
050,40,031,"Oklahoma","Comanche County",5,80,485,203,282
050,40,031,"Oklahoma","Comanche County",5,81,434,176,258
050,40,031,"Oklahoma","Comanche County",5,82,382,164,218
050,40,031,"Oklahoma","Comanche County",5,83,364,155,209
050,40,031,"Oklahoma","Comanche County",5,84,314,137,177
050,40,031,"Oklahoma","Comanche County",5,85,1834,764,1070
050,40,033,"Oklahoma","Cotton County",1,0,51,26,25
050,40,033,"Oklahoma","Cotton County",1,1,59,27,32
050,40,033,"Oklahoma","Cotton County",1,2,69,33,36
050,40,033,"Oklahoma","Cotton County",1,3,67,36,31
050,40,033,"Oklahoma","Cotton County",1,4,51,22,29
050,40,033,"Oklahoma","Cotton County",1,5,67,32,35
050,40,033,"Oklahoma","Cotton County",1,6,75,35,40
050,40,033,"Oklahoma","Cotton County",1,7,70,31,39
050,40,033,"Oklahoma","Cotton County",1,8,63,32,31
050,40,033,"Oklahoma","Cotton County",1,9,71,40,31
050,40,033,"Oklahoma","Cotton County",1,10,70,36,34
050,40,033,"Oklahoma","Cotton County",1,11,80,42,38
050,40,033,"Oklahoma","Cotton County",1,12,85,42,43
050,40,033,"Oklahoma","Cotton County",1,13,87,46,41
050,40,033,"Oklahoma","Cotton County",1,14,73,42,31
050,40,033,"Oklahoma","Cotton County",1,15,77,37,40
050,40,033,"Oklahoma","Cotton County",1,16,71,32,39
050,40,033,"Oklahoma","Cotton County",1,17,66,32,34
050,40,033,"Oklahoma","Cotton County",1,18,60,29,31
050,40,033,"Oklahoma","Cotton County",1,19,59,30,29
050,40,033,"Oklahoma","Cotton County",1,20,43,27,16
050,40,033,"Oklahoma","Cotton County",1,21,59,33,26
050,40,033,"Oklahoma","Cotton County",1,22,76,44,32
050,40,033,"Oklahoma","Cotton County",1,23,62,37,25
050,40,033,"Oklahoma","Cotton County",1,24,58,31,27
050,40,033,"Oklahoma","Cotton County",1,25,49,24,25
050,40,033,"Oklahoma","Cotton County",1,26,45,21,24
050,40,033,"Oklahoma","Cotton County",1,27,62,29,33
050,40,033,"Oklahoma","Cotton County",1,28,71,31,40
050,40,033,"Oklahoma","Cotton County",1,29,60,32,28
050,40,033,"Oklahoma","Cotton County",1,30,63,33,30
050,40,033,"Oklahoma","Cotton County",1,31,63,35,28
050,40,033,"Oklahoma","Cotton County",1,32,54,23,31
050,40,033,"Oklahoma","Cotton County",1,33,53,24,29
050,40,033,"Oklahoma","Cotton County",1,34,60,29,31
050,40,033,"Oklahoma","Cotton County",1,35,50,23,27
050,40,033,"Oklahoma","Cotton County",1,36,65,33,32
050,40,033,"Oklahoma","Cotton County",1,37,67,35,32
050,40,033,"Oklahoma","Cotton County",1,38,57,27,30
050,40,033,"Oklahoma","Cotton County",1,39,67,35,32
050,40,033,"Oklahoma","Cotton County",1,40,65,31,34
050,40,033,"Oklahoma","Cotton County",1,41,62,28,34
050,40,033,"Oklahoma","Cotton County",1,42,61,28,33
050,40,033,"Oklahoma","Cotton County",1,43,57,25,32
050,40,033,"Oklahoma","Cotton County",1,44,55,31,24
050,40,033,"Oklahoma","Cotton County",1,45,58,32,26
050,40,033,"Oklahoma","Cotton County",1,46,45,23,22
050,40,033,"Oklahoma","Cotton County",1,47,56,29,27
050,40,033,"Oklahoma","Cotton County",1,48,73,38,35
050,40,033,"Oklahoma","Cotton County",1,49,76,43,33
050,40,033,"Oklahoma","Cotton County",1,50,74,37,37
050,40,033,"Oklahoma","Cotton County",1,51,69,33,36
050,40,033,"Oklahoma","Cotton County",1,52,95,47,48
050,40,033,"Oklahoma","Cotton County",1,53,66,32,34
050,40,033,"Oklahoma","Cotton County",1,54,72,35,37
050,40,033,"Oklahoma","Cotton County",1,55,67,29,38
050,40,033,"Oklahoma","Cotton County",1,56,89,44,45
050,40,033,"Oklahoma","Cotton County",1,57,90,46,44
050,40,033,"Oklahoma","Cotton County",1,58,92,45,47
050,40,033,"Oklahoma","Cotton County",1,59,101,51,50
050,40,033,"Oklahoma","Cotton County",1,60,93,43,50
050,40,033,"Oklahoma","Cotton County",1,61,71,32,39
050,40,033,"Oklahoma","Cotton County",1,62,94,42,52
050,40,033,"Oklahoma","Cotton County",1,63,97,48,49
050,40,033,"Oklahoma","Cotton County",1,64,81,40,41
050,40,033,"Oklahoma","Cotton County",1,65,76,37,39
050,40,033,"Oklahoma","Cotton County",1,66,85,37,48
050,40,033,"Oklahoma","Cotton County",1,67,64,31,33
050,40,033,"Oklahoma","Cotton County",1,68,62,36,26
050,40,033,"Oklahoma","Cotton County",1,69,54,32,22
050,40,033,"Oklahoma","Cotton County",1,70,64,37,27
050,40,033,"Oklahoma","Cotton County",1,71,70,36,34
050,40,033,"Oklahoma","Cotton County",1,72,66,39,27
050,40,033,"Oklahoma","Cotton County",1,73,59,32,27
050,40,033,"Oklahoma","Cotton County",1,74,42,17,25
050,40,033,"Oklahoma","Cotton County",1,75,37,17,20
050,40,033,"Oklahoma","Cotton County",1,76,46,18,28
050,40,033,"Oklahoma","Cotton County",1,77,42,15,27
050,40,033,"Oklahoma","Cotton County",1,78,43,18,25
050,40,033,"Oklahoma","Cotton County",1,79,32,14,18
050,40,033,"Oklahoma","Cotton County",1,80,32,16,16
050,40,033,"Oklahoma","Cotton County",1,81,33,11,22
050,40,033,"Oklahoma","Cotton County",1,82,38,18,20
050,40,033,"Oklahoma","Cotton County",1,83,25,10,15
050,40,033,"Oklahoma","Cotton County",1,84,23,11,12
050,40,033,"Oklahoma","Cotton County",1,85,116,44,72
050,40,033,"Oklahoma","Cotton County",2,0,56,32,24
050,40,033,"Oklahoma","Cotton County",2,1,57,26,31
050,40,033,"Oklahoma","Cotton County",2,2,66,31,35
050,40,033,"Oklahoma","Cotton County",2,3,66,33,33
050,40,033,"Oklahoma","Cotton County",2,4,55,26,29
050,40,033,"Oklahoma","Cotton County",2,5,64,31,33
050,40,033,"Oklahoma","Cotton County",2,6,76,36,40
050,40,033,"Oklahoma","Cotton County",2,7,72,33,39
050,40,033,"Oklahoma","Cotton County",2,8,67,33,34
050,40,033,"Oklahoma","Cotton County",2,9,69,38,31
050,40,033,"Oklahoma","Cotton County",2,10,73,39,34
050,40,033,"Oklahoma","Cotton County",2,11,79,41,38
050,40,033,"Oklahoma","Cotton County",2,12,85,42,43
050,40,033,"Oklahoma","Cotton County",2,13,86,45,41
050,40,033,"Oklahoma","Cotton County",2,14,79,44,35
050,40,033,"Oklahoma","Cotton County",2,15,78,39,39
050,40,033,"Oklahoma","Cotton County",2,16,71,32,39
050,40,033,"Oklahoma","Cotton County",2,17,68,32,36
050,40,033,"Oklahoma","Cotton County",2,18,59,29,30
050,40,033,"Oklahoma","Cotton County",2,19,55,28,27
050,40,033,"Oklahoma","Cotton County",2,20,47,28,19
050,40,033,"Oklahoma","Cotton County",2,21,58,33,25
050,40,033,"Oklahoma","Cotton County",2,22,71,41,30
050,40,033,"Oklahoma","Cotton County",2,23,67,40,27
050,40,033,"Oklahoma","Cotton County",2,24,60,32,28
050,40,033,"Oklahoma","Cotton County",2,25,52,26,26
050,40,033,"Oklahoma","Cotton County",2,26,45,22,23
050,40,033,"Oklahoma","Cotton County",2,27,59,27,32
050,40,033,"Oklahoma","Cotton County",2,28,69,31,38
050,40,033,"Oklahoma","Cotton County",2,29,63,32,31
050,40,033,"Oklahoma","Cotton County",2,30,63,34,29
050,40,033,"Oklahoma","Cotton County",2,31,63,34,29
050,40,033,"Oklahoma","Cotton County",2,32,56,26,30
050,40,033,"Oklahoma","Cotton County",2,33,54,24,30
050,40,033,"Oklahoma","Cotton County",2,34,58,28,30
050,40,033,"Oklahoma","Cotton County",2,35,54,26,28
050,40,033,"Oklahoma","Cotton County",2,36,61,30,31
050,40,033,"Oklahoma","Cotton County",2,37,68,35,33
050,40,033,"Oklahoma","Cotton County",2,38,60,30,30
050,40,033,"Oklahoma","Cotton County",2,39,65,33,32
050,40,033,"Oklahoma","Cotton County",2,40,66,32,34
050,40,033,"Oklahoma","Cotton County",2,41,62,29,33
050,40,033,"Oklahoma","Cotton County",2,42,61,28,33
050,40,033,"Oklahoma","Cotton County",2,43,58,26,32
050,40,033,"Oklahoma","Cotton County",2,44,55,29,26
050,40,033,"Oklahoma","Cotton County",2,45,57,30,27
050,40,033,"Oklahoma","Cotton County",2,46,48,25,23
050,40,033,"Oklahoma","Cotton County",2,47,54,28,26
050,40,033,"Oklahoma","Cotton County",2,48,68,36,32
050,40,033,"Oklahoma","Cotton County",2,49,77,43,34
050,40,033,"Oklahoma","Cotton County",2,50,73,37,36
050,40,033,"Oklahoma","Cotton County",2,51,69,33,36
050,40,033,"Oklahoma","Cotton County",2,52,88,44,44
050,40,033,"Oklahoma","Cotton County",2,53,73,36,37
050,40,033,"Oklahoma","Cotton County",2,54,71,35,36
050,40,033,"Oklahoma","Cotton County",2,55,70,31,39
050,40,033,"Oklahoma","Cotton County",2,56,84,42,42
050,40,033,"Oklahoma","Cotton County",2,57,91,46,45
050,40,033,"Oklahoma","Cotton County",2,58,92,46,46
050,40,033,"Oklahoma","Cotton County",2,59,100,51,49
050,40,033,"Oklahoma","Cotton County",2,60,94,44,50
050,40,033,"Oklahoma","Cotton County",2,61,74,33,41
050,40,033,"Oklahoma","Cotton County",2,62,88,39,49
050,40,033,"Oklahoma","Cotton County",2,63,96,47,49
050,40,033,"Oklahoma","Cotton County",2,64,84,42,42
050,40,033,"Oklahoma","Cotton County",2,65,78,38,40
050,40,033,"Oklahoma","Cotton County",2,66,81,36,45
050,40,033,"Oklahoma","Cotton County",2,67,66,30,36
050,40,033,"Oklahoma","Cotton County",2,68,61,35,26
050,40,033,"Oklahoma","Cotton County",2,69,56,33,23
050,40,033,"Oklahoma","Cotton County",2,70,63,36,27
050,40,033,"Oklahoma","Cotton County",2,71,71,38,33
050,40,033,"Oklahoma","Cotton County",2,72,65,37,28
050,40,033,"Oklahoma","Cotton County",2,73,61,33,28
050,40,033,"Oklahoma","Cotton County",2,74,42,18,24
050,40,033,"Oklahoma","Cotton County",2,75,37,17,20
050,40,033,"Oklahoma","Cotton County",2,76,44,17,27
050,40,033,"Oklahoma","Cotton County",2,77,43,16,27
050,40,033,"Oklahoma","Cotton County",2,78,42,17,25
050,40,033,"Oklahoma","Cotton County",2,79,33,14,19
050,40,033,"Oklahoma","Cotton County",2,80,31,15,16
050,40,033,"Oklahoma","Cotton County",2,81,31,12,19
050,40,033,"Oklahoma","Cotton County",2,82,36,17,19
050,40,033,"Oklahoma","Cotton County",2,83,26,10,16
050,40,033,"Oklahoma","Cotton County",2,84,23,11,12
050,40,033,"Oklahoma","Cotton County",2,85,118,45,73
050,40,033,"Oklahoma","Cotton County",3,0,46,20,26
050,40,033,"Oklahoma","Cotton County",3,1,57,40,17
050,40,033,"Oklahoma","Cotton County",3,2,55,26,29
050,40,033,"Oklahoma","Cotton County",3,3,67,33,34
050,40,033,"Oklahoma","Cotton County",3,4,62,35,27
050,40,033,"Oklahoma","Cotton County",3,5,61,29,32
050,40,033,"Oklahoma","Cotton County",3,6,68,34,34
050,40,033,"Oklahoma","Cotton County",3,7,80,35,45
050,40,033,"Oklahoma","Cotton County",3,8,76,37,39
050,40,033,"Oklahoma","Cotton County",3,9,65,31,34
050,40,033,"Oklahoma","Cotton County",3,10,73,39,34
050,40,033,"Oklahoma","Cotton County",3,11,72,38,34
050,40,033,"Oklahoma","Cotton County",3,12,84,42,42
050,40,033,"Oklahoma","Cotton County",3,13,79,37,42
050,40,033,"Oklahoma","Cotton County",3,14,81,42,39
050,40,033,"Oklahoma","Cotton County",3,15,78,44,34
050,40,033,"Oklahoma","Cotton County",3,16,78,39,39
050,40,033,"Oklahoma","Cotton County",3,17,68,33,35
050,40,033,"Oklahoma","Cotton County",3,18,62,27,35
050,40,033,"Oklahoma","Cotton County",3,19,43,20,23
050,40,033,"Oklahoma","Cotton County",3,20,57,30,27
050,40,033,"Oklahoma","Cotton County",3,21,43,25,18
050,40,033,"Oklahoma","Cotton County",3,22,58,32,26
050,40,033,"Oklahoma","Cotton County",3,23,69,39,30
050,40,033,"Oklahoma","Cotton County",3,24,72,42,30
050,40,033,"Oklahoma","Cotton County",3,25,58,32,26
050,40,033,"Oklahoma","Cotton County",3,26,50,27,23
050,40,033,"Oklahoma","Cotton County",3,27,42,20,22
050,40,033,"Oklahoma","Cotton County",3,28,62,27,35
050,40,033,"Oklahoma","Cotton County",3,29,72,35,37
050,40,033,"Oklahoma","Cotton County",3,30,58,31,27
050,40,033,"Oklahoma","Cotton County",3,31,59,33,26
050,40,033,"Oklahoma","Cotton County",3,32,60,27,33
050,40,033,"Oklahoma","Cotton County",3,33,54,25,29
050,40,033,"Oklahoma","Cotton County",3,34,55,23,32
050,40,033,"Oklahoma","Cotton County",3,35,54,26,28
050,40,033,"Oklahoma","Cotton County",3,36,48,25,23
050,40,033,"Oklahoma","Cotton County",3,37,67,37,30
050,40,033,"Oklahoma","Cotton County",3,38,69,36,33
050,40,033,"Oklahoma","Cotton County",3,39,65,33,32
050,40,033,"Oklahoma","Cotton County",3,40,69,36,33
050,40,033,"Oklahoma","Cotton County",3,41,72,34,38
050,40,033,"Oklahoma","Cotton County",3,42,66,31,35
050,40,033,"Oklahoma","Cotton County",3,43,53,25,28
050,40,033,"Oklahoma","Cotton County",3,44,55,24,31
050,40,033,"Oklahoma","Cotton County",3,45,62,30,32
050,40,033,"Oklahoma","Cotton County",3,46,53,28,25
050,40,033,"Oklahoma","Cotton County",3,47,45,24,21
050,40,033,"Oklahoma","Cotton County",3,48,56,33,23
050,40,033,"Oklahoma","Cotton County",3,49,64,34,30
050,40,033,"Oklahoma","Cotton County",3,50,78,42,36
050,40,033,"Oklahoma","Cotton County",3,51,71,37,34
050,40,033,"Oklahoma","Cotton County",3,52,69,36,33
050,40,033,"Oklahoma","Cotton County",3,53,87,44,43
050,40,033,"Oklahoma","Cotton County",3,54,74,37,37
050,40,033,"Oklahoma","Cotton County",3,55,71,36,35
050,40,033,"Oklahoma","Cotton County",3,56,70,31,39
050,40,033,"Oklahoma","Cotton County",3,57,82,41,41
050,40,033,"Oklahoma","Cotton County",3,58,91,45,46
050,40,033,"Oklahoma","Cotton County",3,59,91,43,48
050,40,033,"Oklahoma","Cotton County",3,60,94,46,48
050,40,033,"Oklahoma","Cotton County",3,61,91,42,49
050,40,033,"Oklahoma","Cotton County",3,62,79,36,43
050,40,033,"Oklahoma","Cotton County",3,63,86,39,47
050,40,033,"Oklahoma","Cotton County",3,64,99,48,51
050,40,033,"Oklahoma","Cotton County",3,65,78,39,39
050,40,033,"Oklahoma","Cotton County",3,66,72,34,38
050,40,033,"Oklahoma","Cotton County",3,67,76,36,40
050,40,033,"Oklahoma","Cotton County",3,68,63,27,36
050,40,033,"Oklahoma","Cotton County",3,69,58,31,27
050,40,033,"Oklahoma","Cotton County",3,70,53,29,24
050,40,033,"Oklahoma","Cotton County",3,71,57,33,24
050,40,033,"Oklahoma","Cotton County",3,72,65,35,30
050,40,033,"Oklahoma","Cotton County",3,73,58,33,25
050,40,033,"Oklahoma","Cotton County",3,74,60,33,27
050,40,033,"Oklahoma","Cotton County",3,75,35,13,22
050,40,033,"Oklahoma","Cotton County",3,76,34,14,20
050,40,033,"Oklahoma","Cotton County",3,77,42,15,27
050,40,033,"Oklahoma","Cotton County",3,78,40,16,24
050,40,033,"Oklahoma","Cotton County",3,79,37,15,22
050,40,033,"Oklahoma","Cotton County",3,80,29,12,17
050,40,033,"Oklahoma","Cotton County",3,81,30,14,16
050,40,033,"Oklahoma","Cotton County",3,82,28,9,19
050,40,033,"Oklahoma","Cotton County",3,83,30,15,15
050,40,033,"Oklahoma","Cotton County",3,84,21,9,12
050,40,033,"Oklahoma","Cotton County",3,85,121,46,75
050,40,033,"Oklahoma","Cotton County",4,0,58,27,31
050,40,033,"Oklahoma","Cotton County",4,1,55,23,32
050,40,033,"Oklahoma","Cotton County",4,2,58,40,18
050,40,033,"Oklahoma","Cotton County",4,3,53,24,29
050,40,033,"Oklahoma","Cotton County",4,4,68,31,37
050,40,033,"Oklahoma","Cotton County",4,5,68,40,28
050,40,033,"Oklahoma","Cotton County",4,6,57,27,30
050,40,033,"Oklahoma","Cotton County",4,7,70,36,34
050,40,033,"Oklahoma","Cotton County",4,8,80,36,44
050,40,033,"Oklahoma","Cotton County",4,9,67,32,35
050,40,033,"Oklahoma","Cotton County",4,10,71,34,37
050,40,033,"Oklahoma","Cotton County",4,11,74,39,35
050,40,033,"Oklahoma","Cotton County",4,12,69,37,32
050,40,033,"Oklahoma","Cotton County",4,13,81,46,35
050,40,033,"Oklahoma","Cotton County",4,14,80,37,43
050,40,033,"Oklahoma","Cotton County",4,15,91,51,40
050,40,033,"Oklahoma","Cotton County",4,16,78,44,34
050,40,033,"Oklahoma","Cotton County",4,17,86,43,43
050,40,033,"Oklahoma","Cotton County",4,18,66,34,32
050,40,033,"Oklahoma","Cotton County",4,19,51,25,26
050,40,033,"Oklahoma","Cotton County",4,20,50,23,27
050,40,033,"Oklahoma","Cotton County",4,21,58,29,29
050,40,033,"Oklahoma","Cotton County",4,22,51,28,23
050,40,033,"Oklahoma","Cotton County",4,23,54,28,26
050,40,033,"Oklahoma","Cotton County",4,24,54,31,23
050,40,033,"Oklahoma","Cotton County",4,25,73,40,33
050,40,033,"Oklahoma","Cotton County",4,26,61,34,27
050,40,033,"Oklahoma","Cotton County",4,27,53,27,26
050,40,033,"Oklahoma","Cotton County",4,28,45,22,23
050,40,033,"Oklahoma","Cotton County",4,29,67,29,38
050,40,033,"Oklahoma","Cotton County",4,30,69,33,36
050,40,033,"Oklahoma","Cotton County",4,31,57,34,23
050,40,033,"Oklahoma","Cotton County",4,32,62,36,26
050,40,033,"Oklahoma","Cotton County",4,33,65,29,36
050,40,033,"Oklahoma","Cotton County",4,34,54,27,27
050,40,033,"Oklahoma","Cotton County",4,35,57,23,34
050,40,033,"Oklahoma","Cotton County",4,36,56,29,27
050,40,033,"Oklahoma","Cotton County",4,37,50,26,24
050,40,033,"Oklahoma","Cotton County",4,38,61,30,31
050,40,033,"Oklahoma","Cotton County",4,39,70,35,35
050,40,033,"Oklahoma","Cotton County",4,40,68,34,34
050,40,033,"Oklahoma","Cotton County",4,41,69,37,32
050,40,033,"Oklahoma","Cotton County",4,42,72,32,40
050,40,033,"Oklahoma","Cotton County",4,43,64,31,33
050,40,033,"Oklahoma","Cotton County",4,44,53,25,28
050,40,033,"Oklahoma","Cotton County",4,45,57,26,31
050,40,033,"Oklahoma","Cotton County",4,46,62,31,31
050,40,033,"Oklahoma","Cotton County",4,47,52,31,21
050,40,033,"Oklahoma","Cotton County",4,48,48,26,22
050,40,033,"Oklahoma","Cotton County",4,49,54,31,23
050,40,033,"Oklahoma","Cotton County",4,50,67,38,29
050,40,033,"Oklahoma","Cotton County",4,51,82,42,40
050,40,033,"Oklahoma","Cotton County",4,52,73,37,36
050,40,033,"Oklahoma","Cotton County",4,53,71,36,35
050,40,033,"Oklahoma","Cotton County",4,54,83,43,40
050,40,033,"Oklahoma","Cotton County",4,55,74,37,37
050,40,033,"Oklahoma","Cotton County",4,56,67,32,35
050,40,033,"Oklahoma","Cotton County",4,57,70,31,39
050,40,033,"Oklahoma","Cotton County",4,58,81,39,42
050,40,033,"Oklahoma","Cotton County",4,59,91,45,46
050,40,033,"Oklahoma","Cotton County",4,60,90,40,50
050,40,033,"Oklahoma","Cotton County",4,61,91,45,46
050,40,033,"Oklahoma","Cotton County",4,62,90,41,49
050,40,033,"Oklahoma","Cotton County",4,63,81,37,44
050,40,033,"Oklahoma","Cotton County",4,64,87,40,47
050,40,033,"Oklahoma","Cotton County",4,65,98,48,50
050,40,033,"Oklahoma","Cotton County",4,66,74,39,35
050,40,033,"Oklahoma","Cotton County",4,67,71,33,38
050,40,033,"Oklahoma","Cotton County",4,68,72,33,39
050,40,033,"Oklahoma","Cotton County",4,69,60,26,34
050,40,033,"Oklahoma","Cotton County",4,70,55,30,25
050,40,033,"Oklahoma","Cotton County",4,71,49,25,24
050,40,033,"Oklahoma","Cotton County",4,72,53,32,21
050,40,033,"Oklahoma","Cotton County",4,73,58,32,26
050,40,033,"Oklahoma","Cotton County",4,74,60,34,26
050,40,033,"Oklahoma","Cotton County",4,75,56,30,26
050,40,033,"Oklahoma","Cotton County",4,76,34,10,24
050,40,033,"Oklahoma","Cotton County",4,77,33,13,20
050,40,033,"Oklahoma","Cotton County",4,78,40,14,26
050,40,033,"Oklahoma","Cotton County",4,79,34,14,20
050,40,033,"Oklahoma","Cotton County",4,80,37,15,22
050,40,033,"Oklahoma","Cotton County",4,81,26,9,17
050,40,033,"Oklahoma","Cotton County",4,82,28,13,15
050,40,033,"Oklahoma","Cotton County",4,83,24,8,16
050,40,033,"Oklahoma","Cotton County",4,84,26,13,13
050,40,033,"Oklahoma","Cotton County",4,85,116,43,73
050,40,033,"Oklahoma","Cotton County",5,0,57,27,30
050,40,033,"Oklahoma","Cotton County",5,1,58,28,30
050,40,033,"Oklahoma","Cotton County",5,2,49,25,24
050,40,033,"Oklahoma","Cotton County",5,3,65,51,14
050,40,033,"Oklahoma","Cotton County",5,4,60,28,32
050,40,033,"Oklahoma","Cotton County",5,5,66,32,34
050,40,033,"Oklahoma","Cotton County",5,6,57,35,22
050,40,033,"Oklahoma","Cotton County",5,7,61,32,29
050,40,033,"Oklahoma","Cotton County",5,8,70,31,39
050,40,033,"Oklahoma","Cotton County",5,9,79,34,45
050,40,033,"Oklahoma","Cotton County",5,10,69,27,42
050,40,033,"Oklahoma","Cotton County",5,11,76,38,38
050,40,033,"Oklahoma","Cotton County",5,12,77,40,37
050,40,033,"Oklahoma","Cotton County",5,13,71,40,31
050,40,033,"Oklahoma","Cotton County",5,14,83,43,40
050,40,033,"Oklahoma","Cotton County",5,15,81,37,44
050,40,033,"Oklahoma","Cotton County",5,16,90,51,39
050,40,033,"Oklahoma","Cotton County",5,17,79,44,35
050,40,033,"Oklahoma","Cotton County",5,18,69,36,33
050,40,033,"Oklahoma","Cotton County",5,19,57,27,30
050,40,033,"Oklahoma","Cotton County",5,20,49,25,24
050,40,033,"Oklahoma","Cotton County",5,21,54,23,31
050,40,033,"Oklahoma","Cotton County",5,22,58,31,27
050,40,033,"Oklahoma","Cotton County",5,23,48,28,20
050,40,033,"Oklahoma","Cotton County",5,24,52,27,25
050,40,033,"Oklahoma","Cotton County",5,25,53,36,17
050,40,033,"Oklahoma","Cotton County",5,26,75,38,37
050,40,033,"Oklahoma","Cotton County",5,27,58,32,26
050,40,033,"Oklahoma","Cotton County",5,28,51,26,25
050,40,033,"Oklahoma","Cotton County",5,29,45,26,19
050,40,033,"Oklahoma","Cotton County",5,30,78,36,42
050,40,033,"Oklahoma","Cotton County",5,31,73,34,39
050,40,033,"Oklahoma","Cotton County",5,32,59,34,25
050,40,033,"Oklahoma","Cotton County",5,33,63,34,29
050,40,033,"Oklahoma","Cotton County",5,34,66,34,32
050,40,033,"Oklahoma","Cotton County",5,35,54,28,26
050,40,033,"Oklahoma","Cotton County",5,36,55,22,33
050,40,033,"Oklahoma","Cotton County",5,37,54,29,25
050,40,033,"Oklahoma","Cotton County",5,38,54,28,26
050,40,033,"Oklahoma","Cotton County",5,39,60,27,33
050,40,033,"Oklahoma","Cotton County",5,40,70,35,35
050,40,033,"Oklahoma","Cotton County",5,41,69,31,38
050,40,033,"Oklahoma","Cotton County",5,42,76,41,35
050,40,033,"Oklahoma","Cotton County",5,43,77,36,41
050,40,033,"Oklahoma","Cotton County",5,44,62,30,32
050,40,033,"Oklahoma","Cotton County",5,45,54,28,26
050,40,033,"Oklahoma","Cotton County",5,46,57,28,29
050,40,033,"Oklahoma","Cotton County",5,47,59,28,31
050,40,033,"Oklahoma","Cotton County",5,48,51,31,20
050,40,033,"Oklahoma","Cotton County",5,49,55,27,28
050,40,033,"Oklahoma","Cotton County",5,50,53,29,24
050,40,033,"Oklahoma","Cotton County",5,51,70,41,29
050,40,033,"Oklahoma","Cotton County",5,52,79,42,37
050,40,033,"Oklahoma","Cotton County",5,53,71,36,35
050,40,033,"Oklahoma","Cotton County",5,54,71,36,35
050,40,033,"Oklahoma","Cotton County",5,55,82,44,38
050,40,033,"Oklahoma","Cotton County",5,56,74,36,38
050,40,033,"Oklahoma","Cotton County",5,57,64,30,34
050,40,033,"Oklahoma","Cotton County",5,58,68,29,39
050,40,033,"Oklahoma","Cotton County",5,59,82,39,43
050,40,033,"Oklahoma","Cotton County",5,60,91,43,48
050,40,033,"Oklahoma","Cotton County",5,61,82,37,45
050,40,033,"Oklahoma","Cotton County",5,62,95,45,50
050,40,033,"Oklahoma","Cotton County",5,63,93,41,52
050,40,033,"Oklahoma","Cotton County",5,64,82,38,44
050,40,033,"Oklahoma","Cotton County",5,65,82,38,44
050,40,033,"Oklahoma","Cotton County",5,66,90,41,49
050,40,033,"Oklahoma","Cotton County",5,67,73,38,35
050,40,033,"Oklahoma","Cotton County",5,68,70,33,37
050,40,033,"Oklahoma","Cotton County",5,69,68,31,37
050,40,033,"Oklahoma","Cotton County",5,70,55,24,31
050,40,033,"Oklahoma","Cotton County",5,71,49,24,25
050,40,033,"Oklahoma","Cotton County",5,72,47,24,23
050,40,033,"Oklahoma","Cotton County",5,73,51,29,22
050,40,033,"Oklahoma","Cotton County",5,74,60,32,28
050,40,033,"Oklahoma","Cotton County",5,75,55,29,26
050,40,033,"Oklahoma","Cotton County",5,76,54,27,27
050,40,033,"Oklahoma","Cotton County",5,77,31,8,23
050,40,033,"Oklahoma","Cotton County",5,78,32,13,19
050,40,033,"Oklahoma","Cotton County",5,79,37,11,26
050,40,033,"Oklahoma","Cotton County",5,80,34,14,20
050,40,033,"Oklahoma","Cotton County",5,81,36,14,22
050,40,033,"Oklahoma","Cotton County",5,82,23,8,15
050,40,033,"Oklahoma","Cotton County",5,83,22,11,11
050,40,033,"Oklahoma","Cotton County",5,84,19,6,13
050,40,033,"Oklahoma","Cotton County",5,85,119,47,72
050,40,035,"Oklahoma","Craig County",1,0,139,71,68
050,40,035,"Oklahoma","Craig County",1,1,151,84,67
050,40,035,"Oklahoma","Craig County",1,2,142,81,61
050,40,035,"Oklahoma","Craig County",1,3,157,77,80
050,40,035,"Oklahoma","Craig County",1,4,166,79,87
050,40,035,"Oklahoma","Craig County",1,5,170,82,88
050,40,035,"Oklahoma","Craig County",1,6,169,85,84
050,40,035,"Oklahoma","Craig County",1,7,176,110,66
050,40,035,"Oklahoma","Craig County",1,8,185,96,89
050,40,035,"Oklahoma","Craig County",1,9,179,84,95
050,40,035,"Oklahoma","Craig County",1,10,186,103,83
050,40,035,"Oklahoma","Craig County",1,11,193,104,89
050,40,035,"Oklahoma","Craig County",1,12,202,103,99
050,40,035,"Oklahoma","Craig County",1,13,185,90,95
050,40,035,"Oklahoma","Craig County",1,14,198,101,97
050,40,035,"Oklahoma","Craig County",1,15,191,96,95
050,40,035,"Oklahoma","Craig County",1,16,202,115,87
050,40,035,"Oklahoma","Craig County",1,17,190,104,86
050,40,035,"Oklahoma","Craig County",1,18,166,94,72
050,40,035,"Oklahoma","Craig County",1,19,146,78,68
050,40,035,"Oklahoma","Craig County",1,20,159,88,71
050,40,035,"Oklahoma","Craig County",1,21,159,83,76
050,40,035,"Oklahoma","Craig County",1,22,170,95,75
050,40,035,"Oklahoma","Craig County",1,23,172,97,75
050,40,035,"Oklahoma","Craig County",1,24,162,89,73
050,40,035,"Oklahoma","Craig County",1,25,145,77,68
050,40,035,"Oklahoma","Craig County",1,26,159,91,68
050,40,035,"Oklahoma","Craig County",1,27,171,89,82
050,40,035,"Oklahoma","Craig County",1,28,182,89,93
050,40,035,"Oklahoma","Craig County",1,29,177,97,80
050,40,035,"Oklahoma","Craig County",1,30,160,88,72
050,40,035,"Oklahoma","Craig County",1,31,198,107,91
050,40,035,"Oklahoma","Craig County",1,32,170,97,73
050,40,035,"Oklahoma","Craig County",1,33,153,96,57
050,40,035,"Oklahoma","Craig County",1,34,136,70,66
050,40,035,"Oklahoma","Craig County",1,35,153,84,69
050,40,035,"Oklahoma","Craig County",1,36,178,106,72
050,40,035,"Oklahoma","Craig County",1,37,152,88,64
050,40,035,"Oklahoma","Craig County",1,38,153,77,76
050,40,035,"Oklahoma","Craig County",1,39,168,80,88
050,40,035,"Oklahoma","Craig County",1,40,161,82,79
050,40,035,"Oklahoma","Craig County",1,41,154,87,67
050,40,035,"Oklahoma","Craig County",1,42,156,81,75
050,40,035,"Oklahoma","Craig County",1,43,198,114,84
050,40,035,"Oklahoma","Craig County",1,44,161,74,87
050,40,035,"Oklahoma","Craig County",1,45,160,79,81
050,40,035,"Oklahoma","Craig County",1,46,156,79,77
050,40,035,"Oklahoma","Craig County",1,47,172,98,74
050,40,035,"Oklahoma","Craig County",1,48,185,99,86
050,40,035,"Oklahoma","Craig County",1,49,183,98,85
050,40,035,"Oklahoma","Craig County",1,50,186,97,89
050,40,035,"Oklahoma","Craig County",1,51,198,103,95
050,40,035,"Oklahoma","Craig County",1,52,172,91,81
050,40,035,"Oklahoma","Craig County",1,53,180,97,83
050,40,035,"Oklahoma","Craig County",1,54,186,92,94
050,40,035,"Oklahoma","Craig County",1,55,196,99,97
050,40,035,"Oklahoma","Craig County",1,56,201,94,107
050,40,035,"Oklahoma","Craig County",1,57,207,105,102
050,40,035,"Oklahoma","Craig County",1,58,210,122,88
050,40,035,"Oklahoma","Craig County",1,59,222,111,111
050,40,035,"Oklahoma","Craig County",1,60,212,104,108
050,40,035,"Oklahoma","Craig County",1,61,183,92,91
050,40,035,"Oklahoma","Craig County",1,62,182,97,85
050,40,035,"Oklahoma","Craig County",1,63,179,87,92
050,40,035,"Oklahoma","Craig County",1,64,178,86,92
050,40,035,"Oklahoma","Craig County",1,65,175,81,94
050,40,035,"Oklahoma","Craig County",1,66,166,86,80
050,40,035,"Oklahoma","Craig County",1,67,163,74,89
050,40,035,"Oklahoma","Craig County",1,68,151,80,71
050,40,035,"Oklahoma","Craig County",1,69,147,72,75
050,40,035,"Oklahoma","Craig County",1,70,136,62,74
050,40,035,"Oklahoma","Craig County",1,71,146,71,75
050,40,035,"Oklahoma","Craig County",1,72,139,75,64
050,40,035,"Oklahoma","Craig County",1,73,150,68,82
050,40,035,"Oklahoma","Craig County",1,74,119,56,63
050,40,035,"Oklahoma","Craig County",1,75,111,50,61
050,40,035,"Oklahoma","Craig County",1,76,144,60,84
050,40,035,"Oklahoma","Craig County",1,77,153,66,87
050,40,035,"Oklahoma","Craig County",1,78,130,64,66
050,40,035,"Oklahoma","Craig County",1,79,100,37,63
050,40,035,"Oklahoma","Craig County",1,80,86,30,56
050,40,035,"Oklahoma","Craig County",1,81,79,32,47
050,40,035,"Oklahoma","Craig County",1,82,59,22,37
050,40,035,"Oklahoma","Craig County",1,83,44,16,28
050,40,035,"Oklahoma","Craig County",1,84,53,16,37
050,40,035,"Oklahoma","Craig County",1,85,307,97,210
050,40,035,"Oklahoma","Craig County",2,0,148,77,71
050,40,035,"Oklahoma","Craig County",2,1,151,82,69
050,40,035,"Oklahoma","Craig County",2,2,147,82,65
050,40,035,"Oklahoma","Craig County",2,3,156,79,77
050,40,035,"Oklahoma","Craig County",2,4,165,78,87
050,40,035,"Oklahoma","Craig County",2,5,170,81,89
050,40,035,"Oklahoma","Craig County",2,6,171,88,83
050,40,035,"Oklahoma","Craig County",2,7,175,106,69
050,40,035,"Oklahoma","Craig County",2,8,181,99,82
050,40,035,"Oklahoma","Craig County",2,9,180,87,93
050,40,035,"Oklahoma","Craig County",2,10,183,98,85
050,40,035,"Oklahoma","Craig County",2,11,192,104,88
050,40,035,"Oklahoma","Craig County",2,12,197,101,96
050,40,035,"Oklahoma","Craig County",2,13,191,94,97
050,40,035,"Oklahoma","Craig County",2,14,196,100,96
050,40,035,"Oklahoma","Craig County",2,15,193,97,96
050,40,035,"Oklahoma","Craig County",2,16,200,113,87
050,40,035,"Oklahoma","Craig County",2,17,193,108,85
050,40,035,"Oklahoma","Craig County",2,18,164,92,72
050,40,035,"Oklahoma","Craig County",2,19,145,78,67
050,40,035,"Oklahoma","Craig County",2,20,157,87,70
050,40,035,"Oklahoma","Craig County",2,21,159,85,74
050,40,035,"Oklahoma","Craig County",2,22,168,93,75
050,40,035,"Oklahoma","Craig County",2,23,171,97,74
050,40,035,"Oklahoma","Craig County",2,24,165,89,76
050,40,035,"Oklahoma","Craig County",2,25,151,80,71
050,40,035,"Oklahoma","Craig County",2,26,161,90,71
050,40,035,"Oklahoma","Craig County",2,27,171,92,79
050,40,035,"Oklahoma","Craig County",2,28,179,89,90
050,40,035,"Oklahoma","Craig County",2,29,181,99,82
050,40,035,"Oklahoma","Craig County",2,30,165,89,76
050,40,035,"Oklahoma","Craig County",2,31,190,103,87
050,40,035,"Oklahoma","Craig County",2,32,175,97,78
050,40,035,"Oklahoma","Craig County",2,33,161,98,63
050,40,035,"Oklahoma","Craig County",2,34,139,74,65
050,40,035,"Oklahoma","Craig County",2,35,153,84,69
050,40,035,"Oklahoma","Craig County",2,36,172,101,71
050,40,035,"Oklahoma","Craig County",2,37,158,92,66
050,40,035,"Oklahoma","Craig County",2,38,155,81,74
050,40,035,"Oklahoma","Craig County",2,39,162,78,84
050,40,035,"Oklahoma","Craig County",2,40,166,83,83
050,40,035,"Oklahoma","Craig County",2,41,153,85,68
050,40,035,"Oklahoma","Craig County",2,42,155,82,73
050,40,035,"Oklahoma","Craig County",2,43,191,109,82
050,40,035,"Oklahoma","Craig County",2,44,169,82,87
050,40,035,"Oklahoma","Craig County",2,45,165,81,84
050,40,035,"Oklahoma","Craig County",2,46,156,79,77
050,40,035,"Oklahoma","Craig County",2,47,173,96,77
050,40,035,"Oklahoma","Craig County",2,48,183,99,84
050,40,035,"Oklahoma","Craig County",2,49,184,99,85
050,40,035,"Oklahoma","Craig County",2,50,186,97,89
050,40,035,"Oklahoma","Craig County",2,51,198,103,95
050,40,035,"Oklahoma","Craig County",2,52,178,95,83
050,40,035,"Oklahoma","Craig County",2,53,175,94,81
050,40,035,"Oklahoma","Craig County",2,54,184,93,91
050,40,035,"Oklahoma","Craig County",2,55,193,98,95
050,40,035,"Oklahoma","Craig County",2,56,203,97,106
050,40,035,"Oklahoma","Craig County",2,57,202,101,101
050,40,035,"Oklahoma","Craig County",2,58,208,117,91
050,40,035,"Oklahoma","Craig County",2,59,219,113,106
050,40,035,"Oklahoma","Craig County",2,60,216,106,110
050,40,035,"Oklahoma","Craig County",2,61,188,93,95
050,40,035,"Oklahoma","Craig County",2,62,182,96,86
050,40,035,"Oklahoma","Craig County",2,63,180,89,91
050,40,035,"Oklahoma","Craig County",2,64,176,87,89
050,40,035,"Oklahoma","Craig County",2,65,175,81,94
050,40,035,"Oklahoma","Craig County",2,66,170,86,84
050,40,035,"Oklahoma","Craig County",2,67,164,78,86
050,40,035,"Oklahoma","Craig County",2,68,153,77,76
050,40,035,"Oklahoma","Craig County",2,69,149,74,75
050,40,035,"Oklahoma","Craig County",2,70,136,63,73
050,40,035,"Oklahoma","Craig County",2,71,143,68,75
050,40,035,"Oklahoma","Craig County",2,72,138,74,64
050,40,035,"Oklahoma","Craig County",2,73,151,70,81
050,40,035,"Oklahoma","Craig County",2,74,119,56,63
050,40,035,"Oklahoma","Craig County",2,75,111,52,59
050,40,035,"Oklahoma","Craig County",2,76,135,57,78
050,40,035,"Oklahoma","Craig County",2,77,152,66,86
050,40,035,"Oklahoma","Craig County",2,78,132,62,70
050,40,035,"Oklahoma","Craig County",2,79,106,42,64
050,40,035,"Oklahoma","Craig County",2,80,89,31,58
050,40,035,"Oklahoma","Craig County",2,81,78,31,47
050,40,035,"Oklahoma","Craig County",2,82,64,24,40
050,40,035,"Oklahoma","Craig County",2,83,42,12,30
050,40,035,"Oklahoma","Craig County",2,84,51,16,35
050,40,035,"Oklahoma","Craig County",2,85,309,98,211
050,40,035,"Oklahoma","Craig County",3,0,159,68,91
050,40,035,"Oklahoma","Craig County",3,1,157,68,89
050,40,035,"Oklahoma","Craig County",3,2,153,85,68
050,40,035,"Oklahoma","Craig County",3,3,165,93,72
050,40,035,"Oklahoma","Craig County",3,4,164,80,84
050,40,035,"Oklahoma","Craig County",3,5,184,87,97
050,40,035,"Oklahoma","Craig County",3,6,167,78,89
050,40,035,"Oklahoma","Craig County",3,7,187,101,86
050,40,035,"Oklahoma","Craig County",3,8,190,111,79
050,40,035,"Oklahoma","Craig County",3,9,181,94,87
050,40,035,"Oklahoma","Craig County",3,10,181,93,88
050,40,035,"Oklahoma","Craig County",3,11,199,109,90
050,40,035,"Oklahoma","Craig County",3,12,186,103,83
050,40,035,"Oklahoma","Craig County",3,13,207,104,103
050,40,035,"Oklahoma","Craig County",3,14,183,94,89
050,40,035,"Oklahoma","Craig County",3,15,199,101,98
050,40,035,"Oklahoma","Craig County",3,16,190,98,92
050,40,035,"Oklahoma","Craig County",3,17,197,108,89
050,40,035,"Oklahoma","Craig County",3,18,164,99,65
050,40,035,"Oklahoma","Craig County",3,19,143,76,67
050,40,035,"Oklahoma","Craig County",3,20,164,95,69
050,40,035,"Oklahoma","Craig County",3,21,150,85,65
050,40,035,"Oklahoma","Craig County",3,22,161,88,73
050,40,035,"Oklahoma","Craig County",3,23,178,98,80
050,40,035,"Oklahoma","Craig County",3,24,175,95,80
050,40,035,"Oklahoma","Craig County",3,25,163,83,80
050,40,035,"Oklahoma","Craig County",3,26,169,94,75
050,40,035,"Oklahoma","Craig County",3,27,171,93,78
050,40,035,"Oklahoma","Craig County",3,28,152,78,74
050,40,035,"Oklahoma","Craig County",3,29,191,104,87
050,40,035,"Oklahoma","Craig County",3,30,175,95,80
050,40,035,"Oklahoma","Craig County",3,31,188,100,88
050,40,035,"Oklahoma","Craig County",3,32,178,94,84
050,40,035,"Oklahoma","Craig County",3,33,186,101,85
050,40,035,"Oklahoma","Craig County",3,34,161,88,73
050,40,035,"Oklahoma","Craig County",3,35,149,84,65
050,40,035,"Oklahoma","Craig County",3,36,160,90,70
050,40,035,"Oklahoma","Craig County",3,37,172,99,73
050,40,035,"Oklahoma","Craig County",3,38,172,96,76
050,40,035,"Oklahoma","Craig County",3,39,144,75,69
050,40,035,"Oklahoma","Craig County",3,40,171,87,84
050,40,035,"Oklahoma","Craig County",3,41,176,90,86
050,40,035,"Oklahoma","Craig County",3,42,146,76,70
050,40,035,"Oklahoma","Craig County",3,43,168,94,74
050,40,035,"Oklahoma","Craig County",3,44,188,106,82
050,40,035,"Oklahoma","Craig County",3,45,168,82,86
050,40,035,"Oklahoma","Craig County",3,46,162,76,86
050,40,035,"Oklahoma","Craig County",3,47,168,90,78
050,40,035,"Oklahoma","Craig County",3,48,172,93,79
050,40,035,"Oklahoma","Craig County",3,49,175,99,76
050,40,035,"Oklahoma","Craig County",3,50,180,93,87
050,40,035,"Oklahoma","Craig County",3,51,180,92,88
050,40,035,"Oklahoma","Craig County",3,52,192,100,92
050,40,035,"Oklahoma","Craig County",3,53,165,86,79
050,40,035,"Oklahoma","Craig County",3,54,167,93,74
050,40,035,"Oklahoma","Craig County",3,55,187,90,97
050,40,035,"Oklahoma","Craig County",3,56,194,93,101
050,40,035,"Oklahoma","Craig County",3,57,195,94,101
050,40,035,"Oklahoma","Craig County",3,58,194,99,95
050,40,035,"Oklahoma","Craig County",3,59,202,107,95
050,40,035,"Oklahoma","Craig County",3,60,222,115,107
050,40,035,"Oklahoma","Craig County",3,61,201,98,103
050,40,035,"Oklahoma","Craig County",3,62,197,104,93
050,40,035,"Oklahoma","Craig County",3,63,177,91,86
050,40,035,"Oklahoma","Craig County",3,64,176,87,89
050,40,035,"Oklahoma","Craig County",3,65,178,86,92
050,40,035,"Oklahoma","Craig County",3,66,170,80,90
050,40,035,"Oklahoma","Craig County",3,67,172,88,84
050,40,035,"Oklahoma","Craig County",3,68,155,73,82
050,40,035,"Oklahoma","Craig County",3,69,155,76,79
050,40,035,"Oklahoma","Craig County",3,70,143,72,71
050,40,035,"Oklahoma","Craig County",3,71,135,63,72
050,40,035,"Oklahoma","Craig County",3,72,140,69,71
050,40,035,"Oklahoma","Craig County",3,73,126,67,59
050,40,035,"Oklahoma","Craig County",3,74,141,63,78
050,40,035,"Oklahoma","Craig County",3,75,111,55,56
050,40,035,"Oklahoma","Craig County",3,76,112,50,62
050,40,035,"Oklahoma","Craig County",3,77,123,53,70
050,40,035,"Oklahoma","Craig County",3,78,144,60,84
050,40,035,"Oklahoma","Craig County",3,79,121,57,64
050,40,035,"Oklahoma","Craig County",3,80,101,41,60
050,40,035,"Oklahoma","Craig County",3,81,80,24,56
050,40,035,"Oklahoma","Craig County",3,82,69,30,39
050,40,035,"Oklahoma","Craig County",3,83,61,22,39
050,40,035,"Oklahoma","Craig County",3,84,40,10,30
050,40,035,"Oklahoma","Craig County",3,85,286,88,198
050,40,035,"Oklahoma","Craig County",4,0,155,76,79
050,40,035,"Oklahoma","Craig County",4,1,142,53,89
050,40,035,"Oklahoma","Craig County",4,2,150,65,85
050,40,035,"Oklahoma","Craig County",4,3,168,88,80
050,40,035,"Oklahoma","Craig County",4,4,156,98,58
050,40,035,"Oklahoma","Craig County",4,5,163,80,83
050,40,035,"Oklahoma","Craig County",4,6,182,86,96
050,40,035,"Oklahoma","Craig County",4,7,186,82,104
050,40,035,"Oklahoma","Craig County",4,8,194,104,90
050,40,035,"Oklahoma","Craig County",4,9,195,110,85
050,40,035,"Oklahoma","Craig County",4,10,188,98,90
050,40,035,"Oklahoma","Craig County",4,11,184,98,86
050,40,035,"Oklahoma","Craig County",4,12,194,104,90
050,40,035,"Oklahoma","Craig County",4,13,196,105,91
050,40,035,"Oklahoma","Craig County",4,14,206,104,102
050,40,035,"Oklahoma","Craig County",4,15,197,99,98
050,40,035,"Oklahoma","Craig County",4,16,197,107,90
050,40,035,"Oklahoma","Craig County",4,17,192,101,91
050,40,035,"Oklahoma","Craig County",4,18,168,99,69
050,40,035,"Oklahoma","Craig County",4,19,133,81,52
050,40,035,"Oklahoma","Craig County",4,20,154,83,71
050,40,035,"Oklahoma","Craig County",4,21,160,95,65
050,40,035,"Oklahoma","Craig County",4,22,153,90,63
050,40,035,"Oklahoma","Craig County",4,23,159,82,77
050,40,035,"Oklahoma","Craig County",4,24,160,85,75
050,40,035,"Oklahoma","Craig County",4,25,168,88,80
050,40,035,"Oklahoma","Craig County",4,26,169,88,81
050,40,035,"Oklahoma","Craig County",4,27,172,100,72
050,40,035,"Oklahoma","Craig County",4,28,160,86,74
050,40,035,"Oklahoma","Craig County",4,29,162,90,72
050,40,035,"Oklahoma","Craig County",4,30,180,94,86
050,40,035,"Oklahoma","Craig County",4,31,183,104,79
050,40,035,"Oklahoma","Craig County",4,32,171,87,84
050,40,035,"Oklahoma","Craig County",4,33,184,95,89
050,40,035,"Oklahoma","Craig County",4,34,192,98,94
050,40,035,"Oklahoma","Craig County",4,35,177,104,73
050,40,035,"Oklahoma","Craig County",4,36,153,85,68
050,40,035,"Oklahoma","Craig County",4,37,159,87,72
050,40,035,"Oklahoma","Craig County",4,38,172,98,74
050,40,035,"Oklahoma","Craig County",4,39,167,92,75
050,40,035,"Oklahoma","Craig County",4,40,146,76,70
050,40,035,"Oklahoma","Craig County",4,41,176,88,88
050,40,035,"Oklahoma","Craig County",4,42,169,81,88
050,40,035,"Oklahoma","Craig County",4,43,149,80,69
050,40,035,"Oklahoma","Craig County",4,44,167,91,76
050,40,035,"Oklahoma","Craig County",4,45,194,104,90
050,40,035,"Oklahoma","Craig County",4,46,169,82,87
050,40,035,"Oklahoma","Craig County",4,47,178,92,86
050,40,035,"Oklahoma","Craig County",4,48,166,90,76
050,40,035,"Oklahoma","Craig County",4,49,152,85,67
050,40,035,"Oklahoma","Craig County",4,50,175,92,83
050,40,035,"Oklahoma","Craig County",4,51,179,93,86
050,40,035,"Oklahoma","Craig County",4,52,186,95,91
050,40,035,"Oklahoma","Craig County",4,53,196,100,96
050,40,035,"Oklahoma","Craig County",4,54,162,86,76
050,40,035,"Oklahoma","Craig County",4,55,171,94,77
050,40,035,"Oklahoma","Craig County",4,56,193,92,101
050,40,035,"Oklahoma","Craig County",4,57,189,90,99
050,40,035,"Oklahoma","Craig County",4,58,192,94,98
050,40,035,"Oklahoma","Craig County",4,59,191,94,97
050,40,035,"Oklahoma","Craig County",4,60,203,103,100
050,40,035,"Oklahoma","Craig County",4,61,217,113,104
050,40,035,"Oklahoma","Craig County",4,62,213,107,106
050,40,035,"Oklahoma","Craig County",4,63,197,100,97
050,40,035,"Oklahoma","Craig County",4,64,169,88,81
050,40,035,"Oklahoma","Craig County",4,65,173,82,91
050,40,035,"Oklahoma","Craig County",4,66,177,85,92
050,40,035,"Oklahoma","Craig County",4,67,177,82,95
050,40,035,"Oklahoma","Craig County",4,68,170,92,78
050,40,035,"Oklahoma","Craig County",4,69,154,67,87
050,40,035,"Oklahoma","Craig County",4,70,148,71,77
050,40,035,"Oklahoma","Craig County",4,71,139,72,67
050,40,035,"Oklahoma","Craig County",4,72,128,61,67
050,40,035,"Oklahoma","Craig County",4,73,135,65,70
050,40,035,"Oklahoma","Craig County",4,74,121,66,55
050,40,035,"Oklahoma","Craig County",4,75,135,62,73
050,40,035,"Oklahoma","Craig County",4,76,105,49,56
050,40,035,"Oklahoma","Craig County",4,77,103,45,58
050,40,035,"Oklahoma","Craig County",4,78,119,48,71
050,40,035,"Oklahoma","Craig County",4,79,130,51,79
050,40,035,"Oklahoma","Craig County",4,80,118,55,63
050,40,035,"Oklahoma","Craig County",4,81,89,32,57
050,40,035,"Oklahoma","Craig County",4,82,73,23,50
050,40,035,"Oklahoma","Craig County",4,83,60,27,33
050,40,035,"Oklahoma","Craig County",4,84,60,21,39
050,40,035,"Oklahoma","Craig County",4,85,262,78,184
050,40,035,"Oklahoma","Craig County",5,0,159,77,82
050,40,035,"Oklahoma","Craig County",5,1,157,77,80
050,40,035,"Oklahoma","Craig County",5,2,167,69,98
050,40,035,"Oklahoma","Craig County",5,3,134,56,78
050,40,035,"Oklahoma","Craig County",5,4,177,95,82
050,40,035,"Oklahoma","Craig County",5,5,170,108,62
050,40,035,"Oklahoma","Craig County",5,6,167,86,81
050,40,035,"Oklahoma","Craig County",5,7,194,92,102
050,40,035,"Oklahoma","Craig County",5,8,194,94,100
050,40,035,"Oklahoma","Craig County",5,9,219,111,108
050,40,035,"Oklahoma","Craig County",5,10,201,107,94
050,40,035,"Oklahoma","Craig County",5,11,198,99,99
050,40,035,"Oklahoma","Craig County",5,12,201,99,102
050,40,035,"Oklahoma","Craig County",5,13,219,112,107
050,40,035,"Oklahoma","Craig County",5,14,199,108,91
050,40,035,"Oklahoma","Craig County",5,15,216,110,106
050,40,035,"Oklahoma","Craig County",5,16,205,104,101
050,40,035,"Oklahoma","Craig County",5,17,202,109,93
050,40,035,"Oklahoma","Craig County",5,18,160,89,71
050,40,035,"Oklahoma","Craig County",5,19,137,80,57
050,40,035,"Oklahoma","Craig County",5,20,152,89,63
050,40,035,"Oklahoma","Craig County",5,21,168,93,75
050,40,035,"Oklahoma","Craig County",5,22,164,100,64
050,40,035,"Oklahoma","Craig County",5,23,171,91,80
050,40,035,"Oklahoma","Craig County",5,24,169,89,80
050,40,035,"Oklahoma","Craig County",5,25,153,84,69
050,40,035,"Oklahoma","Craig County",5,26,170,97,73
050,40,035,"Oklahoma","Craig County",5,27,177,86,91
050,40,035,"Oklahoma","Craig County",5,28,169,92,77
050,40,035,"Oklahoma","Craig County",5,29,183,104,79
050,40,035,"Oklahoma","Craig County",5,30,175,96,79
050,40,035,"Oklahoma","Craig County",5,31,200,107,93
050,40,035,"Oklahoma","Craig County",5,32,188,107,81
050,40,035,"Oklahoma","Craig County",5,33,190,95,95
050,40,035,"Oklahoma","Craig County",5,34,184,90,94
050,40,035,"Oklahoma","Craig County",5,35,201,102,99
050,40,035,"Oklahoma","Craig County",5,36,181,110,71
050,40,035,"Oklahoma","Craig County",5,37,150,83,67
050,40,035,"Oklahoma","Craig County",5,38,168,95,73
050,40,035,"Oklahoma","Craig County",5,39,178,95,83
050,40,035,"Oklahoma","Craig County",5,40,180,94,86
050,40,035,"Oklahoma","Craig County",5,41,150,78,72
050,40,035,"Oklahoma","Craig County",5,42,177,80,97
050,40,035,"Oklahoma","Craig County",5,43,176,90,86
050,40,035,"Oklahoma","Craig County",5,44,143,68,75
050,40,035,"Oklahoma","Craig County",5,45,173,92,81
050,40,035,"Oklahoma","Craig County",5,46,197,108,89
050,40,035,"Oklahoma","Craig County",5,47,180,94,86
050,40,035,"Oklahoma","Craig County",5,48,182,88,94
050,40,035,"Oklahoma","Craig County",5,49,168,92,76
050,40,035,"Oklahoma","Craig County",5,50,154,82,72
050,40,035,"Oklahoma","Craig County",5,51,174,93,81
050,40,035,"Oklahoma","Craig County",5,52,183,92,91
050,40,035,"Oklahoma","Craig County",5,53,180,90,90
050,40,035,"Oklahoma","Craig County",5,54,192,101,91
050,40,035,"Oklahoma","Craig County",5,55,171,87,84
050,40,035,"Oklahoma","Craig County",5,56,172,88,84
050,40,035,"Oklahoma","Craig County",5,57,187,88,99
050,40,035,"Oklahoma","Craig County",5,58,193,93,100
050,40,035,"Oklahoma","Craig County",5,59,187,87,100
050,40,035,"Oklahoma","Craig County",5,60,198,95,103
050,40,035,"Oklahoma","Craig County",5,61,198,98,100
050,40,035,"Oklahoma","Craig County",5,62,227,122,105
050,40,035,"Oklahoma","Craig County",5,63,208,102,106
050,40,035,"Oklahoma","Craig County",5,64,196,102,94
050,40,035,"Oklahoma","Craig County",5,65,171,90,81
050,40,035,"Oklahoma","Craig County",5,66,166,79,87
050,40,035,"Oklahoma","Craig County",5,67,189,92,97
050,40,035,"Oklahoma","Craig County",5,68,172,81,91
050,40,035,"Oklahoma","Craig County",5,69,162,87,75
050,40,035,"Oklahoma","Craig County",5,70,143,59,84
050,40,035,"Oklahoma","Craig County",5,71,147,72,75
050,40,035,"Oklahoma","Craig County",5,72,128,67,61
050,40,035,"Oklahoma","Craig County",5,73,129,57,72
050,40,035,"Oklahoma","Craig County",5,74,132,62,70
050,40,035,"Oklahoma","Craig County",5,75,108,64,44
050,40,035,"Oklahoma","Craig County",5,76,129,57,72
050,40,035,"Oklahoma","Craig County",5,77,94,44,50
050,40,035,"Oklahoma","Craig County",5,78,103,44,59
050,40,035,"Oklahoma","Craig County",5,79,112,41,71
050,40,035,"Oklahoma","Craig County",5,80,120,48,72
050,40,035,"Oklahoma","Craig County",5,81,106,48,58
050,40,035,"Oklahoma","Craig County",5,82,80,30,50
050,40,035,"Oklahoma","Craig County",5,83,66,18,48
050,40,035,"Oklahoma","Craig County",5,84,58,23,35
050,40,035,"Oklahoma","Craig County",5,85,266,82,184
050,40,037,"Oklahoma","Creek County",1,0,774,393,381
050,40,037,"Oklahoma","Creek County",1,1,781,395,386
050,40,037,"Oklahoma","Creek County",1,2,863,418,445
050,40,037,"Oklahoma","Creek County",1,3,908,455,453
050,40,037,"Oklahoma","Creek County",1,4,934,458,476
050,40,037,"Oklahoma","Creek County",1,5,947,496,451
050,40,037,"Oklahoma","Creek County",1,6,977,521,456
050,40,037,"Oklahoma","Creek County",1,7,897,464,433
050,40,037,"Oklahoma","Creek County",1,8,870,445,425
050,40,037,"Oklahoma","Creek County",1,9,940,470,470
050,40,037,"Oklahoma","Creek County",1,10,950,490,460
050,40,037,"Oklahoma","Creek County",1,11,1040,556,484
050,40,037,"Oklahoma","Creek County",1,12,1038,551,487
050,40,037,"Oklahoma","Creek County",1,13,1022,526,496
050,40,037,"Oklahoma","Creek County",1,14,999,510,489
050,40,037,"Oklahoma","Creek County",1,15,999,500,499
050,40,037,"Oklahoma","Creek County",1,16,1010,509,501
050,40,037,"Oklahoma","Creek County",1,17,1033,527,506
050,40,037,"Oklahoma","Creek County",1,18,900,487,413
050,40,037,"Oklahoma","Creek County",1,19,731,395,336
050,40,037,"Oklahoma","Creek County",1,20,748,398,350
050,40,037,"Oklahoma","Creek County",1,21,789,404,385
050,40,037,"Oklahoma","Creek County",1,22,804,411,393
050,40,037,"Oklahoma","Creek County",1,23,846,441,405
050,40,037,"Oklahoma","Creek County",1,24,806,396,410
050,40,037,"Oklahoma","Creek County",1,25,850,437,413
050,40,037,"Oklahoma","Creek County",1,26,827,428,399
050,40,037,"Oklahoma","Creek County",1,27,869,450,419
050,40,037,"Oklahoma","Creek County",1,28,929,463,466
050,40,037,"Oklahoma","Creek County",1,29,934,468,466
050,40,037,"Oklahoma","Creek County",1,30,838,412,426
050,40,037,"Oklahoma","Creek County",1,31,851,423,428
050,40,037,"Oklahoma","Creek County",1,32,831,433,398
050,40,037,"Oklahoma","Creek County",1,33,848,439,409
050,40,037,"Oklahoma","Creek County",1,34,853,424,429
050,40,037,"Oklahoma","Creek County",1,35,845,434,411
050,40,037,"Oklahoma","Creek County",1,36,865,444,421
050,40,037,"Oklahoma","Creek County",1,37,869,429,440
050,40,037,"Oklahoma","Creek County",1,38,889,458,431
050,40,037,"Oklahoma","Creek County",1,39,966,502,464
050,40,037,"Oklahoma","Creek County",1,40,894,447,447
050,40,037,"Oklahoma","Creek County",1,41,874,442,432
050,40,037,"Oklahoma","Creek County",1,42,854,433,421
050,40,037,"Oklahoma","Creek County",1,43,816,417,399
050,40,037,"Oklahoma","Creek County",1,44,808,414,394
050,40,037,"Oklahoma","Creek County",1,45,801,380,421
050,40,037,"Oklahoma","Creek County",1,46,819,402,417
050,40,037,"Oklahoma","Creek County",1,47,869,417,452
050,40,037,"Oklahoma","Creek County",1,48,914,452,462
050,40,037,"Oklahoma","Creek County",1,49,970,487,483
050,40,037,"Oklahoma","Creek County",1,50,948,483,465
050,40,037,"Oklahoma","Creek County",1,51,911,453,458
050,40,037,"Oklahoma","Creek County",1,52,873,424,449
050,40,037,"Oklahoma","Creek County",1,53,892,446,446
050,40,037,"Oklahoma","Creek County",1,54,933,464,469
050,40,037,"Oklahoma","Creek County",1,55,979,501,478
050,40,037,"Oklahoma","Creek County",1,56,1031,520,511
050,40,037,"Oklahoma","Creek County",1,57,1050,527,523
050,40,037,"Oklahoma","Creek County",1,58,1042,534,508
050,40,037,"Oklahoma","Creek County",1,59,1070,523,547
050,40,037,"Oklahoma","Creek County",1,60,1029,510,519
050,40,037,"Oklahoma","Creek County",1,61,966,493,473
050,40,037,"Oklahoma","Creek County",1,62,969,460,509
050,40,037,"Oklahoma","Creek County",1,63,949,478,471
050,40,037,"Oklahoma","Creek County",1,64,933,452,481
050,40,037,"Oklahoma","Creek County",1,65,953,473,480
050,40,037,"Oklahoma","Creek County",1,66,902,433,469
050,40,037,"Oklahoma","Creek County",1,67,816,373,443
050,40,037,"Oklahoma","Creek County",1,68,835,394,441
050,40,037,"Oklahoma","Creek County",1,69,769,370,399
050,40,037,"Oklahoma","Creek County",1,70,754,362,392
050,40,037,"Oklahoma","Creek County",1,71,701,342,359
050,40,037,"Oklahoma","Creek County",1,72,672,311,361
050,40,037,"Oklahoma","Creek County",1,73,708,322,386
050,40,037,"Oklahoma","Creek County",1,74,515,237,278
050,40,037,"Oklahoma","Creek County",1,75,535,241,294
050,40,037,"Oklahoma","Creek County",1,76,514,236,278
050,40,037,"Oklahoma","Creek County",1,77,517,236,281
050,40,037,"Oklahoma","Creek County",1,78,445,212,233
050,40,037,"Oklahoma","Creek County",1,79,418,191,227
050,40,037,"Oklahoma","Creek County",1,80,353,157,196
050,40,037,"Oklahoma","Creek County",1,81,324,147,177
050,40,037,"Oklahoma","Creek County",1,82,312,134,178
050,40,037,"Oklahoma","Creek County",1,83,270,113,157
050,40,037,"Oklahoma","Creek County",1,84,239,103,136
050,40,037,"Oklahoma","Creek County",1,85,1336,480,856
050,40,037,"Oklahoma","Creek County",2,0,757,385,372
050,40,037,"Oklahoma","Creek County",2,1,782,396,386
050,40,037,"Oklahoma","Creek County",2,2,853,418,435
050,40,037,"Oklahoma","Creek County",2,3,906,453,453
050,40,037,"Oklahoma","Creek County",2,4,933,461,472
050,40,037,"Oklahoma","Creek County",2,5,953,492,461
050,40,037,"Oklahoma","Creek County",2,6,971,515,456
050,40,037,"Oklahoma","Creek County",2,7,911,473,438
050,40,037,"Oklahoma","Creek County",2,8,877,448,429
050,40,037,"Oklahoma","Creek County",2,9,919,463,456
050,40,037,"Oklahoma","Creek County",2,10,947,484,463
050,40,037,"Oklahoma","Creek County",2,11,1012,538,474
050,40,037,"Oklahoma","Creek County",2,12,1039,551,488
050,40,037,"Oklahoma","Creek County",2,13,1023,532,491
050,40,037,"Oklahoma","Creek County",2,14,1000,514,486
050,40,037,"Oklahoma","Creek County",2,15,1002,504,498
050,40,037,"Oklahoma","Creek County",2,16,1011,509,502
050,40,037,"Oklahoma","Creek County",2,17,1029,526,503
050,40,037,"Oklahoma","Creek County",2,18,888,477,411
050,40,037,"Oklahoma","Creek County",2,19,739,399,340
050,40,037,"Oklahoma","Creek County",2,20,765,406,359
050,40,037,"Oklahoma","Creek County",2,21,782,402,380
050,40,037,"Oklahoma","Creek County",2,22,817,418,399
050,40,037,"Oklahoma","Creek County",2,23,848,436,412
050,40,037,"Oklahoma","Creek County",2,24,821,411,410
050,40,037,"Oklahoma","Creek County",2,25,841,427,414
050,40,037,"Oklahoma","Creek County",2,26,833,431,402
050,40,037,"Oklahoma","Creek County",2,27,864,447,417
050,40,037,"Oklahoma","Creek County",2,28,918,460,458
050,40,037,"Oklahoma","Creek County",2,29,938,469,469
050,40,037,"Oklahoma","Creek County",2,30,876,434,442
050,40,037,"Oklahoma","Creek County",2,31,850,421,429
050,40,037,"Oklahoma","Creek County",2,32,836,431,405
050,40,037,"Oklahoma","Creek County",2,33,847,439,408
050,40,037,"Oklahoma","Creek County",2,34,849,425,424
050,40,037,"Oklahoma","Creek County",2,35,851,431,420
050,40,037,"Oklahoma","Creek County",2,36,861,440,421
050,40,037,"Oklahoma","Creek County",2,37,871,436,435
050,40,037,"Oklahoma","Creek County",2,38,890,455,435
050,40,037,"Oklahoma","Creek County",2,39,946,490,456
050,40,037,"Oklahoma","Creek County",2,40,917,465,452
050,40,037,"Oklahoma","Creek County",2,41,872,440,432
050,40,037,"Oklahoma","Creek County",2,42,856,433,423
050,40,037,"Oklahoma","Creek County",2,43,834,424,410
050,40,037,"Oklahoma","Creek County",2,44,803,411,392
050,40,037,"Oklahoma","Creek County",2,45,805,389,416
050,40,037,"Oklahoma","Creek County",2,46,811,394,417
050,40,037,"Oklahoma","Creek County",2,47,853,413,440
050,40,037,"Oklahoma","Creek County",2,48,899,443,456
050,40,037,"Oklahoma","Creek County",2,49,961,477,484
050,40,037,"Oklahoma","Creek County",2,50,960,485,475
050,40,037,"Oklahoma","Creek County",2,51,923,465,458
050,40,037,"Oklahoma","Creek County",2,52,882,431,451
050,40,037,"Oklahoma","Creek County",2,53,889,442,447
050,40,037,"Oklahoma","Creek County",2,54,921,459,462
050,40,037,"Oklahoma","Creek County",2,55,965,488,477
050,40,037,"Oklahoma","Creek County",2,56,1020,516,504
050,40,037,"Oklahoma","Creek County",2,57,1043,524,519
050,40,037,"Oklahoma","Creek County",2,58,1044,531,513
050,40,037,"Oklahoma","Creek County",2,59,1068,529,539
050,40,037,"Oklahoma","Creek County",2,60,1034,511,523
050,40,037,"Oklahoma","Creek County",2,61,979,495,484
050,40,037,"Oklahoma","Creek County",2,62,965,465,500
050,40,037,"Oklahoma","Creek County",2,63,966,478,488
050,40,037,"Oklahoma","Creek County",2,64,938,459,479
050,40,037,"Oklahoma","Creek County",2,65,949,467,482
050,40,037,"Oklahoma","Creek County",2,66,914,442,472
050,40,037,"Oklahoma","Creek County",2,67,831,384,447
050,40,037,"Oklahoma","Creek County",2,68,822,383,439
050,40,037,"Oklahoma","Creek County",2,69,788,375,413
050,40,037,"Oklahoma","Creek County",2,70,749,358,391
050,40,037,"Oklahoma","Creek County",2,71,709,344,365
050,40,037,"Oklahoma","Creek County",2,72,663,311,352
050,40,037,"Oklahoma","Creek County",2,73,730,334,396
050,40,037,"Oklahoma","Creek County",2,74,526,240,286
050,40,037,"Oklahoma","Creek County",2,75,528,238,290
050,40,037,"Oklahoma","Creek County",2,76,512,232,280
050,40,037,"Oklahoma","Creek County",2,77,523,241,282
050,40,037,"Oklahoma","Creek County",2,78,449,210,239
050,40,037,"Oklahoma","Creek County",2,79,418,192,226
050,40,037,"Oklahoma","Creek County",2,80,366,162,204
050,40,037,"Oklahoma","Creek County",2,81,325,148,177
050,40,037,"Oklahoma","Creek County",2,82,311,134,177
050,40,037,"Oklahoma","Creek County",2,83,271,111,160
050,40,037,"Oklahoma","Creek County",2,84,242,103,139
050,40,037,"Oklahoma","Creek County",2,85,1351,487,864
050,40,037,"Oklahoma","Creek County",3,0,791,398,393
050,40,037,"Oklahoma","Creek County",3,1,810,413,397
050,40,037,"Oklahoma","Creek County",3,2,785,381,404
050,40,037,"Oklahoma","Creek County",3,3,849,415,434
050,40,037,"Oklahoma","Creek County",3,4,930,462,468
050,40,037,"Oklahoma","Creek County",3,5,940,444,496
050,40,037,"Oklahoma","Creek County",3,6,955,496,459
050,40,037,"Oklahoma","Creek County",3,7,1010,530,480
050,40,037,"Oklahoma","Creek County",3,8,896,463,433
050,40,037,"Oklahoma","Creek County",3,9,892,463,429
050,40,037,"Oklahoma","Creek County",3,10,920,467,453
050,40,037,"Oklahoma","Creek County",3,11,973,498,475
050,40,037,"Oklahoma","Creek County",3,12,1010,543,467
050,40,037,"Oklahoma","Creek County",3,13,1048,562,486
050,40,037,"Oklahoma","Creek County",3,14,1036,540,496
050,40,037,"Oklahoma","Creek County",3,15,998,496,502
050,40,037,"Oklahoma","Creek County",3,16,980,494,486
050,40,037,"Oklahoma","Creek County",3,17,998,509,489
050,40,037,"Oklahoma","Creek County",3,18,886,467,419
050,40,037,"Oklahoma","Creek County",3,19,729,388,341
050,40,037,"Oklahoma","Creek County",3,20,810,433,377
050,40,037,"Oklahoma","Creek County",3,21,783,399,384
050,40,037,"Oklahoma","Creek County",3,22,823,423,400
050,40,037,"Oklahoma","Creek County",3,23,845,428,417
050,40,037,"Oklahoma","Creek County",3,24,881,455,426
050,40,037,"Oklahoma","Creek County",3,25,812,399,413
050,40,037,"Oklahoma","Creek County",3,26,884,451,433
050,40,037,"Oklahoma","Creek County",3,27,847,431,416
050,40,037,"Oklahoma","Creek County",3,28,896,470,426
050,40,037,"Oklahoma","Creek County",3,29,939,463,476
050,40,037,"Oklahoma","Creek County",3,30,916,468,448
050,40,037,"Oklahoma","Creek County",3,31,903,442,461
050,40,037,"Oklahoma","Creek County",3,32,873,424,449
050,40,037,"Oklahoma","Creek County",3,33,879,453,426
050,40,037,"Oklahoma","Creek County",3,34,855,431,424
050,40,037,"Oklahoma","Creek County",3,35,866,436,430
050,40,037,"Oklahoma","Creek County",3,36,875,443,432
050,40,037,"Oklahoma","Creek County",3,37,884,452,432
050,40,037,"Oklahoma","Creek County",3,38,872,431,441
050,40,037,"Oklahoma","Creek County",3,39,926,470,456
050,40,037,"Oklahoma","Creek County",3,40,934,489,445
050,40,037,"Oklahoma","Creek County",3,41,916,466,450
050,40,037,"Oklahoma","Creek County",3,42,861,415,446
050,40,037,"Oklahoma","Creek County",3,43,878,444,434
050,40,037,"Oklahoma","Creek County",3,44,836,426,410
050,40,037,"Oklahoma","Creek County",3,45,815,415,400
050,40,037,"Oklahoma","Creek County",3,46,799,376,423
050,40,037,"Oklahoma","Creek County",3,47,817,403,414
050,40,037,"Oklahoma","Creek County",3,48,857,416,441
050,40,037,"Oklahoma","Creek County",3,49,914,457,457
050,40,037,"Oklahoma","Creek County",3,50,948,468,480
050,40,037,"Oklahoma","Creek County",3,51,976,497,479
050,40,037,"Oklahoma","Creek County",3,52,901,442,459
050,40,037,"Oklahoma","Creek County",3,53,888,430,458
050,40,037,"Oklahoma","Creek County",3,54,901,447,454
050,40,037,"Oklahoma","Creek County",3,55,935,461,474
050,40,037,"Oklahoma","Creek County",3,56,966,482,484
050,40,037,"Oklahoma","Creek County",3,57,997,510,487
050,40,037,"Oklahoma","Creek County",3,58,1039,509,530
050,40,037,"Oklahoma","Creek County",3,59,1046,536,510
050,40,037,"Oklahoma","Creek County",3,60,1072,532,540
050,40,037,"Oklahoma","Creek County",3,61,1048,516,532
050,40,037,"Oklahoma","Creek County",3,62,976,494,482
050,40,037,"Oklahoma","Creek County",3,63,945,465,480
050,40,037,"Oklahoma","Creek County",3,64,943,465,478
050,40,037,"Oklahoma","Creek County",3,65,909,436,473
050,40,037,"Oklahoma","Creek County",3,66,930,449,481
050,40,037,"Oklahoma","Creek County",3,67,908,432,476
050,40,037,"Oklahoma","Creek County",3,68,804,372,432
050,40,037,"Oklahoma","Creek County",3,69,815,379,436
050,40,037,"Oklahoma","Creek County",3,70,773,366,407
050,40,037,"Oklahoma","Creek County",3,71,708,332,376
050,40,037,"Oklahoma","Creek County",3,72,660,327,333
050,40,037,"Oklahoma","Creek County",3,73,642,301,341
050,40,037,"Oklahoma","Creek County",3,74,684,318,366
050,40,037,"Oklahoma","Creek County",3,75,506,227,279
050,40,037,"Oklahoma","Creek County",3,76,500,218,282
050,40,037,"Oklahoma","Creek County",3,77,495,216,279
050,40,037,"Oklahoma","Creek County",3,78,490,227,263
050,40,037,"Oklahoma","Creek County",3,79,422,191,231
050,40,037,"Oklahoma","Creek County",3,80,384,177,207
050,40,037,"Oklahoma","Creek County",3,81,344,158,186
050,40,037,"Oklahoma","Creek County",3,82,307,131,176
050,40,037,"Oklahoma","Creek County",3,83,283,117,166
050,40,037,"Oklahoma","Creek County",3,84,251,102,149
050,40,037,"Oklahoma","Creek County",3,85,1396,513,883
050,40,037,"Oklahoma","Creek County",4,0,764,392,372
050,40,037,"Oklahoma","Creek County",4,1,831,430,401
050,40,037,"Oklahoma","Creek County",4,2,817,424,393
050,40,037,"Oklahoma","Creek County",4,3,801,406,395
050,40,037,"Oklahoma","Creek County",4,4,866,438,428
050,40,037,"Oklahoma","Creek County",4,5,934,474,460
050,40,037,"Oklahoma","Creek County",4,6,947,446,501
050,40,037,"Oklahoma","Creek County",4,7,972,486,486
050,40,037,"Oklahoma","Creek County",4,8,1007,531,476
050,40,037,"Oklahoma","Creek County",4,9,930,485,445
050,40,037,"Oklahoma","Creek County",4,10,934,480,454
050,40,037,"Oklahoma","Creek County",4,11,923,466,457
050,40,037,"Oklahoma","Creek County",4,12,996,521,475
050,40,037,"Oklahoma","Creek County",4,13,1057,565,492
050,40,037,"Oklahoma","Creek County",4,14,1072,584,488
050,40,037,"Oklahoma","Creek County",4,15,1041,552,489
050,40,037,"Oklahoma","Creek County",4,16,1015,508,507
050,40,037,"Oklahoma","Creek County",4,17,1000,506,494
050,40,037,"Oklahoma","Creek County",4,18,849,447,402
050,40,037,"Oklahoma","Creek County",4,19,697,370,327
050,40,037,"Oklahoma","Creek County",4,20,759,394,365
050,40,037,"Oklahoma","Creek County",4,21,830,441,389
050,40,037,"Oklahoma","Creek County",4,22,842,415,427
050,40,037,"Oklahoma","Creek County",4,23,852,425,427
050,40,037,"Oklahoma","Creek County",4,24,860,436,424
050,40,037,"Oklahoma","Creek County",4,25,865,441,424
050,40,037,"Oklahoma","Creek County",4,26,828,414,414
050,40,037,"Oklahoma","Creek County",4,27,883,448,435
050,40,037,"Oklahoma","Creek County",4,28,888,460,428
050,40,037,"Oklahoma","Creek County",4,29,901,483,418
050,40,037,"Oklahoma","Creek County",4,30,935,460,475
050,40,037,"Oklahoma","Creek County",4,31,945,474,471
050,40,037,"Oklahoma","Creek County",4,32,924,439,485
050,40,037,"Oklahoma","Creek County",4,33,890,436,454
050,40,037,"Oklahoma","Creek County",4,34,919,472,447
050,40,037,"Oklahoma","Creek County",4,35,871,436,435
050,40,037,"Oklahoma","Creek County",4,36,894,451,443
050,40,037,"Oklahoma","Creek County",4,37,883,443,440
050,40,037,"Oklahoma","Creek County",4,38,901,476,425
050,40,037,"Oklahoma","Creek County",4,39,885,434,451
050,40,037,"Oklahoma","Creek County",4,40,966,485,481
050,40,037,"Oklahoma","Creek County",4,41,926,479,447
050,40,037,"Oklahoma","Creek County",4,42,916,457,459
050,40,037,"Oklahoma","Creek County",4,43,876,432,444
050,40,037,"Oklahoma","Creek County",4,44,869,448,421
050,40,037,"Oklahoma","Creek County",4,45,856,430,426
050,40,037,"Oklahoma","Creek County",4,46,811,411,400
050,40,037,"Oklahoma","Creek County",4,47,815,384,431
050,40,037,"Oklahoma","Creek County",4,48,820,405,415
050,40,037,"Oklahoma","Creek County",4,49,868,418,450
050,40,037,"Oklahoma","Creek County",4,50,919,453,466
050,40,037,"Oklahoma","Creek County",4,51,958,481,477
050,40,037,"Oklahoma","Creek County",4,52,969,489,480
050,40,037,"Oklahoma","Creek County",4,53,911,460,451
050,40,037,"Oklahoma","Creek County",4,54,883,426,457
050,40,037,"Oklahoma","Creek County",4,55,893,448,445
050,40,037,"Oklahoma","Creek County",4,56,927,454,473
050,40,037,"Oklahoma","Creek County",4,57,988,488,500
050,40,037,"Oklahoma","Creek County",4,58,998,506,492
050,40,037,"Oklahoma","Creek County",4,59,1036,504,532
050,40,037,"Oklahoma","Creek County",4,60,1050,543,507
050,40,037,"Oklahoma","Creek County",4,61,1068,526,542
050,40,037,"Oklahoma","Creek County",4,62,1018,494,524
050,40,037,"Oklahoma","Creek County",4,63,955,488,467
050,40,037,"Oklahoma","Creek County",4,64,953,461,492
050,40,037,"Oklahoma","Creek County",4,65,913,452,461
050,40,037,"Oklahoma","Creek County",4,66,895,424,471
050,40,037,"Oklahoma","Creek County",4,67,915,442,473
050,40,037,"Oklahoma","Creek County",4,68,886,414,472
050,40,037,"Oklahoma","Creek County",4,69,793,365,428
050,40,037,"Oklahoma","Creek County",4,70,794,369,425
050,40,037,"Oklahoma","Creek County",4,71,747,344,403
050,40,037,"Oklahoma","Creek County",4,72,657,309,348
050,40,037,"Oklahoma","Creek County",4,73,645,318,327
050,40,037,"Oklahoma","Creek County",4,74,612,289,323
050,40,037,"Oklahoma","Creek County",4,75,655,303,352
050,40,037,"Oklahoma","Creek County",4,76,491,212,279
050,40,037,"Oklahoma","Creek County",4,77,481,215,266
050,40,037,"Oklahoma","Creek County",4,78,463,209,254
050,40,037,"Oklahoma","Creek County",4,79,451,205,246
050,40,037,"Oklahoma","Creek County",4,80,400,180,220
050,40,037,"Oklahoma","Creek County",4,81,363,174,189
050,40,037,"Oklahoma","Creek County",4,82,325,144,181
050,40,037,"Oklahoma","Creek County",4,83,278,114,164
050,40,037,"Oklahoma","Creek County",4,84,256,104,152
050,40,037,"Oklahoma","Creek County",4,85,1409,528,881
050,40,037,"Oklahoma","Creek County",5,0,760,388,372
050,40,037,"Oklahoma","Creek County",5,1,800,415,385
050,40,037,"Oklahoma","Creek County",5,2,855,445,410
050,40,037,"Oklahoma","Creek County",5,3,849,438,411
050,40,037,"Oklahoma","Creek County",5,4,809,407,402
050,40,037,"Oklahoma","Creek County",5,5,906,450,456
050,40,037,"Oklahoma","Creek County",5,6,942,466,476
050,40,037,"Oklahoma","Creek County",5,7,963,451,512
050,40,037,"Oklahoma","Creek County",5,8,966,477,489
050,40,037,"Oklahoma","Creek County",5,9,1036,549,487
050,40,037,"Oklahoma","Creek County",5,10,957,501,456
050,40,037,"Oklahoma","Creek County",5,11,973,512,461
050,40,037,"Oklahoma","Creek County",5,12,934,475,459
050,40,037,"Oklahoma","Creek County",5,13,1000,522,478
050,40,037,"Oklahoma","Creek County",5,14,1068,585,483
050,40,037,"Oklahoma","Creek County",5,15,1068,575,493
050,40,037,"Oklahoma","Creek County",5,16,1056,563,493
050,40,037,"Oklahoma","Creek County",5,17,1055,536,519
050,40,037,"Oklahoma","Creek County",5,18,846,454,392
050,40,037,"Oklahoma","Creek County",5,19,697,364,333
050,40,037,"Oklahoma","Creek County",5,20,751,402,349
050,40,037,"Oklahoma","Creek County",5,21,790,413,377
050,40,037,"Oklahoma","Creek County",5,22,848,439,409
050,40,037,"Oklahoma","Creek County",5,23,893,437,456
050,40,037,"Oklahoma","Creek County",5,24,857,419,438
050,40,037,"Oklahoma","Creek County",5,25,875,458,417
050,40,037,"Oklahoma","Creek County",5,26,883,444,439
050,40,037,"Oklahoma","Creek County",5,27,827,406,421
050,40,037,"Oklahoma","Creek County",5,28,879,455,424
050,40,037,"Oklahoma","Creek County",5,29,904,471,433
050,40,037,"Oklahoma","Creek County",5,30,933,499,434
050,40,037,"Oklahoma","Creek County",5,31,965,476,489
050,40,037,"Oklahoma","Creek County",5,32,956,474,482
050,40,037,"Oklahoma","Creek County",5,33,987,480,507
050,40,037,"Oklahoma","Creek County",5,34,910,452,458
050,40,037,"Oklahoma","Creek County",5,35,932,468,464
050,40,037,"Oklahoma","Creek County",5,36,886,439,447
050,40,037,"Oklahoma","Creek County",5,37,916,465,451
050,40,037,"Oklahoma","Creek County",5,38,906,449,457
050,40,037,"Oklahoma","Creek County",5,39,898,475,423
050,40,037,"Oklahoma","Creek County",5,40,899,441,458
050,40,037,"Oklahoma","Creek County",5,41,968,486,482
050,40,037,"Oklahoma","Creek County",5,42,945,483,462
050,40,037,"Oklahoma","Creek County",5,43,922,453,469
050,40,037,"Oklahoma","Creek County",5,44,872,439,433
050,40,037,"Oklahoma","Creek County",5,45,863,439,424
050,40,037,"Oklahoma","Creek County",5,46,851,439,412
050,40,037,"Oklahoma","Creek County",5,47,816,413,403
050,40,037,"Oklahoma","Creek County",5,48,809,381,428
050,40,037,"Oklahoma","Creek County",5,49,812,398,414
050,40,037,"Oklahoma","Creek County",5,50,867,414,453
050,40,037,"Oklahoma","Creek County",5,51,919,455,464
050,40,037,"Oklahoma","Creek County",5,52,946,460,486
050,40,037,"Oklahoma","Creek County",5,53,956,482,474
050,40,037,"Oklahoma","Creek County",5,54,918,455,463
050,40,037,"Oklahoma","Creek County",5,55,892,427,465
050,40,037,"Oklahoma","Creek County",5,56,904,454,450
050,40,037,"Oklahoma","Creek County",5,57,911,437,474
050,40,037,"Oklahoma","Creek County",5,58,1002,492,510
050,40,037,"Oklahoma","Creek County",5,59,1007,514,493
050,40,037,"Oklahoma","Creek County",5,60,1044,512,532
050,40,037,"Oklahoma","Creek County",5,61,1043,539,504
050,40,037,"Oklahoma","Creek County",5,62,1085,536,549
050,40,037,"Oklahoma","Creek County",5,63,1004,484,520
050,40,037,"Oklahoma","Creek County",5,64,960,499,461
050,40,037,"Oklahoma","Creek County",5,65,931,443,488
050,40,037,"Oklahoma","Creek County",5,66,899,442,457
050,40,037,"Oklahoma","Creek County",5,67,878,415,463
050,40,037,"Oklahoma","Creek County",5,68,905,445,460
050,40,037,"Oklahoma","Creek County",5,69,874,398,476
050,40,037,"Oklahoma","Creek County",5,70,782,350,432
050,40,037,"Oklahoma","Creek County",5,71,768,349,419
050,40,037,"Oklahoma","Creek County",5,72,720,330,390
050,40,037,"Oklahoma","Creek County",5,73,643,300,343
050,40,037,"Oklahoma","Creek County",5,74,608,305,303
050,40,037,"Oklahoma","Creek County",5,75,582,274,308
050,40,037,"Oklahoma","Creek County",5,76,628,285,343
050,40,037,"Oklahoma","Creek County",5,77,481,206,275
050,40,037,"Oklahoma","Creek County",5,78,462,208,254
050,40,037,"Oklahoma","Creek County",5,79,435,191,244
050,40,037,"Oklahoma","Creek County",5,80,431,198,233
050,40,037,"Oklahoma","Creek County",5,81,379,174,205
050,40,037,"Oklahoma","Creek County",5,82,345,157,188
050,40,037,"Oklahoma","Creek County",5,83,293,130,163
050,40,037,"Oklahoma","Creek County",5,84,254,100,154
050,40,037,"Oklahoma","Creek County",5,85,1483,560,923
050,40,039,"Oklahoma","Custer County",1,0,381,194,187
050,40,039,"Oklahoma","Custer County",1,1,373,194,179
050,40,039,"Oklahoma","Custer County",1,2,373,196,177
050,40,039,"Oklahoma","Custer County",1,3,408,211,197
050,40,039,"Oklahoma","Custer County",1,4,408,216,192
050,40,039,"Oklahoma","Custer County",1,5,391,206,185
050,40,039,"Oklahoma","Custer County",1,6,433,224,209
050,40,039,"Oklahoma","Custer County",1,7,450,241,209
050,40,039,"Oklahoma","Custer County",1,8,416,211,205
050,40,039,"Oklahoma","Custer County",1,9,393,188,205
050,40,039,"Oklahoma","Custer County",1,10,369,183,186
050,40,039,"Oklahoma","Custer County",1,11,395,205,190
050,40,039,"Oklahoma","Custer County",1,12,413,211,202
050,40,039,"Oklahoma","Custer County",1,13,393,198,195
050,40,039,"Oklahoma","Custer County",1,14,381,173,208
050,40,039,"Oklahoma","Custer County",1,15,391,193,198
050,40,039,"Oklahoma","Custer County",1,16,412,205,207
050,40,039,"Oklahoma","Custer County",1,17,420,200,220
050,40,039,"Oklahoma","Custer County",1,18,452,216,236
050,40,039,"Oklahoma","Custer County",1,19,707,358,349
050,40,039,"Oklahoma","Custer County",1,20,834,413,421
050,40,039,"Oklahoma","Custer County",1,21,826,407,419
050,40,039,"Oklahoma","Custer County",1,22,738,357,381
050,40,039,"Oklahoma","Custer County",1,23,603,337,266
050,40,039,"Oklahoma","Custer County",1,24,476,251,225
050,40,039,"Oklahoma","Custer County",1,25,409,227,182
050,40,039,"Oklahoma","Custer County",1,26,365,201,164
050,40,039,"Oklahoma","Custer County",1,27,335,174,161
050,40,039,"Oklahoma","Custer County",1,28,370,188,182
050,40,039,"Oklahoma","Custer County",1,29,371,191,180
050,40,039,"Oklahoma","Custer County",1,30,324,152,172
050,40,039,"Oklahoma","Custer County",1,31,331,170,161
050,40,039,"Oklahoma","Custer County",1,32,312,169,143
050,40,039,"Oklahoma","Custer County",1,33,332,161,171
050,40,039,"Oklahoma","Custer County",1,34,337,162,175
050,40,039,"Oklahoma","Custer County",1,35,341,176,165
050,40,039,"Oklahoma","Custer County",1,36,380,193,187
050,40,039,"Oklahoma","Custer County",1,37,386,200,186
050,40,039,"Oklahoma","Custer County",1,38,383,200,183
050,40,039,"Oklahoma","Custer County",1,39,379,202,177
050,40,039,"Oklahoma","Custer County",1,40,359,175,184
050,40,039,"Oklahoma","Custer County",1,41,312,161,151
050,40,039,"Oklahoma","Custer County",1,42,281,149,132
050,40,039,"Oklahoma","Custer County",1,43,295,152,143
050,40,039,"Oklahoma","Custer County",1,44,250,127,123
050,40,039,"Oklahoma","Custer County",1,45,266,154,112
050,40,039,"Oklahoma","Custer County",1,46,254,136,118
050,40,039,"Oklahoma","Custer County",1,47,260,128,132
050,40,039,"Oklahoma","Custer County",1,48,287,142,145
050,40,039,"Oklahoma","Custer County",1,49,308,159,149
050,40,039,"Oklahoma","Custer County",1,50,266,139,127
050,40,039,"Oklahoma","Custer County",1,51,266,133,133
050,40,039,"Oklahoma","Custer County",1,52,252,120,132
050,40,039,"Oklahoma","Custer County",1,53,246,111,135
050,40,039,"Oklahoma","Custer County",1,54,262,133,129
050,40,039,"Oklahoma","Custer County",1,55,274,148,126
050,40,039,"Oklahoma","Custer County",1,56,280,142,138
050,40,039,"Oklahoma","Custer County",1,57,322,174,148
050,40,039,"Oklahoma","Custer County",1,58,371,189,182
050,40,039,"Oklahoma","Custer County",1,59,367,188,179
050,40,039,"Oklahoma","Custer County",1,60,328,176,152
050,40,039,"Oklahoma","Custer County",1,61,336,172,164
050,40,039,"Oklahoma","Custer County",1,62,293,135,158
050,40,039,"Oklahoma","Custer County",1,63,274,125,149
050,40,039,"Oklahoma","Custer County",1,64,270,122,148
050,40,039,"Oklahoma","Custer County",1,65,295,148,147
050,40,039,"Oklahoma","Custer County",1,66,279,143,136
050,40,039,"Oklahoma","Custer County",1,67,261,133,128
050,40,039,"Oklahoma","Custer County",1,68,232,100,132
050,40,039,"Oklahoma","Custer County",1,69,218,93,125
050,40,039,"Oklahoma","Custer County",1,70,192,96,96
050,40,039,"Oklahoma","Custer County",1,71,207,89,118
050,40,039,"Oklahoma","Custer County",1,72,200,90,110
050,40,039,"Oklahoma","Custer County",1,73,228,106,122
050,40,039,"Oklahoma","Custer County",1,74,167,76,91
050,40,039,"Oklahoma","Custer County",1,75,167,73,94
050,40,039,"Oklahoma","Custer County",1,76,167,73,94
050,40,039,"Oklahoma","Custer County",1,77,156,67,89
050,40,039,"Oklahoma","Custer County",1,78,133,68,65
050,40,039,"Oklahoma","Custer County",1,79,117,54,63
050,40,039,"Oklahoma","Custer County",1,80,108,48,60
050,40,039,"Oklahoma","Custer County",1,81,112,53,59
050,40,039,"Oklahoma","Custer County",1,82,103,41,62
050,40,039,"Oklahoma","Custer County",1,83,96,42,54
050,40,039,"Oklahoma","Custer County",1,84,80,33,47
050,40,039,"Oklahoma","Custer County",1,85,535,209,326
050,40,039,"Oklahoma","Custer County",2,0,379,187,192
050,40,039,"Oklahoma","Custer County",2,1,373,194,179
050,40,039,"Oklahoma","Custer County",2,2,371,192,179
050,40,039,"Oklahoma","Custer County",2,3,399,206,193
050,40,039,"Oklahoma","Custer County",2,4,404,212,192
050,40,039,"Oklahoma","Custer County",2,5,389,203,186
050,40,039,"Oklahoma","Custer County",2,6,422,218,204
050,40,039,"Oklahoma","Custer County",2,7,440,233,207
050,40,039,"Oklahoma","Custer County",2,8,419,214,205
050,40,039,"Oklahoma","Custer County",2,9,396,192,204
050,40,039,"Oklahoma","Custer County",2,10,378,185,193
050,40,039,"Oklahoma","Custer County",2,11,388,200,188
050,40,039,"Oklahoma","Custer County",2,12,409,210,199
050,40,039,"Oklahoma","Custer County",2,13,399,200,199
050,40,039,"Oklahoma","Custer County",2,14,383,178,205
050,40,039,"Oklahoma","Custer County",2,15,392,191,201
050,40,039,"Oklahoma","Custer County",2,16,408,203,205
050,40,039,"Oklahoma","Custer County",2,17,421,203,218
050,40,039,"Oklahoma","Custer County",2,18,463,221,242
050,40,039,"Oklahoma","Custer County",2,19,705,356,349
050,40,039,"Oklahoma","Custer County",2,20,838,411,427
050,40,039,"Oklahoma","Custer County",2,21,813,402,411
050,40,039,"Oklahoma","Custer County",2,22,745,364,381
050,40,039,"Oklahoma","Custer County",2,23,604,337,267
050,40,039,"Oklahoma","Custer County",2,24,467,246,221
050,40,039,"Oklahoma","Custer County",2,25,405,221,184
050,40,039,"Oklahoma","Custer County",2,26,369,201,168
050,40,039,"Oklahoma","Custer County",2,27,335,177,158
050,40,039,"Oklahoma","Custer County",2,28,362,187,175
050,40,039,"Oklahoma","Custer County",2,29,367,189,178
050,40,039,"Oklahoma","Custer County",2,30,333,159,174
050,40,039,"Oklahoma","Custer County",2,31,327,166,161
050,40,039,"Oklahoma","Custer County",2,32,311,164,147
050,40,039,"Oklahoma","Custer County",2,33,322,160,162
050,40,039,"Oklahoma","Custer County",2,34,332,157,175
050,40,039,"Oklahoma","Custer County",2,35,341,173,168
050,40,039,"Oklahoma","Custer County",2,36,364,185,179
050,40,039,"Oklahoma","Custer County",2,37,384,196,188
050,40,039,"Oklahoma","Custer County",2,38,389,202,187
050,40,039,"Oklahoma","Custer County",2,39,380,200,180
050,40,039,"Oklahoma","Custer County",2,40,368,185,183
050,40,039,"Oklahoma","Custer County",2,41,320,162,158
050,40,039,"Oklahoma","Custer County",2,42,289,152,137
050,40,039,"Oklahoma","Custer County",2,43,292,153,139
050,40,039,"Oklahoma","Custer County",2,44,259,132,127
050,40,039,"Oklahoma","Custer County",2,45,262,147,115
050,40,039,"Oklahoma","Custer County",2,46,253,139,114
050,40,039,"Oklahoma","Custer County",2,47,255,129,126
050,40,039,"Oklahoma","Custer County",2,48,280,139,141
050,40,039,"Oklahoma","Custer County",2,49,300,154,146
050,40,039,"Oklahoma","Custer County",2,50,273,143,130
050,40,039,"Oklahoma","Custer County",2,51,264,133,131
050,40,039,"Oklahoma","Custer County",2,52,251,121,130
050,40,039,"Oklahoma","Custer County",2,53,246,112,134
050,40,039,"Oklahoma","Custer County",2,54,254,125,129
050,40,039,"Oklahoma","Custer County",2,55,267,141,126
050,40,039,"Oklahoma","Custer County",2,56,277,144,133
050,40,039,"Oklahoma","Custer County",2,57,309,164,145
050,40,039,"Oklahoma","Custer County",2,58,359,187,172
050,40,039,"Oklahoma","Custer County",2,59,369,190,179
050,40,039,"Oklahoma","Custer County",2,60,335,177,158
050,40,039,"Oklahoma","Custer County",2,61,332,172,160
050,40,039,"Oklahoma","Custer County",2,62,300,141,159
050,40,039,"Oklahoma","Custer County",2,63,281,130,151
050,40,039,"Oklahoma","Custer County",2,64,271,122,149
050,40,039,"Oklahoma","Custer County",2,65,290,141,149
050,40,039,"Oklahoma","Custer County",2,66,284,143,141
050,40,039,"Oklahoma","Custer County",2,67,260,134,126
050,40,039,"Oklahoma","Custer County",2,68,235,105,130
050,40,039,"Oklahoma","Custer County",2,69,223,96,127
050,40,039,"Oklahoma","Custer County",2,70,197,95,102
050,40,039,"Oklahoma","Custer County",2,71,201,90,111
050,40,039,"Oklahoma","Custer County",2,72,195,89,106
050,40,039,"Oklahoma","Custer County",2,73,229,107,122
050,40,039,"Oklahoma","Custer County",2,74,171,79,92
050,40,039,"Oklahoma","Custer County",2,75,165,74,91
050,40,039,"Oklahoma","Custer County",2,76,165,71,94
050,40,039,"Oklahoma","Custer County",2,77,160,70,90
050,40,039,"Oklahoma","Custer County",2,78,137,68,69
050,40,039,"Oklahoma","Custer County",2,79,122,59,63
050,40,039,"Oklahoma","Custer County",2,80,109,48,61
050,40,039,"Oklahoma","Custer County",2,81,108,50,58
050,40,039,"Oklahoma","Custer County",2,82,105,44,61
050,40,039,"Oklahoma","Custer County",2,83,94,40,54
050,40,039,"Oklahoma","Custer County",2,84,82,34,48
050,40,039,"Oklahoma","Custer County",2,85,525,202,323
050,40,039,"Oklahoma","Custer County",3,0,330,178,152
050,40,039,"Oklahoma","Custer County",3,1,354,172,182
050,40,039,"Oklahoma","Custer County",3,2,366,194,172
050,40,039,"Oklahoma","Custer County",3,3,371,197,174
050,40,039,"Oklahoma","Custer County",3,4,416,215,201
050,40,039,"Oklahoma","Custer County",3,5,406,212,194
050,40,039,"Oklahoma","Custer County",3,6,378,202,176
050,40,039,"Oklahoma","Custer County",3,7,411,216,195
050,40,039,"Oklahoma","Custer County",3,8,431,224,207
050,40,039,"Oklahoma","Custer County",3,9,428,228,200
050,40,039,"Oklahoma","Custer County",3,10,404,190,214
050,40,039,"Oklahoma","Custer County",3,11,378,193,185
050,40,039,"Oklahoma","Custer County",3,12,387,200,187
050,40,039,"Oklahoma","Custer County",3,13,427,217,210
050,40,039,"Oklahoma","Custer County",3,14,386,191,195
050,40,039,"Oklahoma","Custer County",3,15,376,179,197
050,40,039,"Oklahoma","Custer County",3,16,390,191,199
050,40,039,"Oklahoma","Custer County",3,17,403,197,206
050,40,039,"Oklahoma","Custer County",3,18,482,231,251
050,40,039,"Oklahoma","Custer County",3,19,716,360,356
050,40,039,"Oklahoma","Custer County",3,20,849,408,441
050,40,039,"Oklahoma","Custer County",3,21,793,386,407
050,40,039,"Oklahoma","Custer County",3,22,761,376,385
050,40,039,"Oklahoma","Custer County",3,23,609,345,264
050,40,039,"Oklahoma","Custer County",3,24,436,237,199
050,40,039,"Oklahoma","Custer County",3,25,391,202,189
050,40,039,"Oklahoma","Custer County",3,26,386,194,192
050,40,039,"Oklahoma","Custer County",3,27,337,181,156
050,40,039,"Oklahoma","Custer County",3,28,313,161,152
050,40,039,"Oklahoma","Custer County",3,29,343,181,162
050,40,039,"Oklahoma","Custer County",3,30,364,180,184
050,40,039,"Oklahoma","Custer County",3,31,328,164,164
050,40,039,"Oklahoma","Custer County",3,32,303,150,153
050,40,039,"Oklahoma","Custer County",3,33,297,152,145
050,40,039,"Oklahoma","Custer County",3,34,313,154,159
050,40,039,"Oklahoma","Custer County",3,35,330,153,177
050,40,039,"Oklahoma","Custer County",3,36,351,183,168
050,40,039,"Oklahoma","Custer County",3,37,349,170,179
050,40,039,"Oklahoma","Custer County",3,38,376,194,182
050,40,039,"Oklahoma","Custer County",3,39,380,195,185
050,40,039,"Oklahoma","Custer County",3,40,379,199,180
050,40,039,"Oklahoma","Custer County",3,41,359,179,180
050,40,039,"Oklahoma","Custer County",3,42,329,167,162
050,40,039,"Oklahoma","Custer County",3,43,283,148,135
050,40,039,"Oklahoma","Custer County",3,44,299,156,143
050,40,039,"Oklahoma","Custer County",3,45,261,134,127
050,40,039,"Oklahoma","Custer County",3,46,268,145,123
050,40,039,"Oklahoma","Custer County",3,47,235,127,108
050,40,039,"Oklahoma","Custer County",3,48,247,125,122
050,40,039,"Oklahoma","Custer County",3,49,288,151,137
050,40,039,"Oklahoma","Custer County",3,50,297,153,144
050,40,039,"Oklahoma","Custer County",3,51,266,141,125
050,40,039,"Oklahoma","Custer County",3,52,268,137,131
050,40,039,"Oklahoma","Custer County",3,53,249,118,131
050,40,039,"Oklahoma","Custer County",3,54,254,112,142
050,40,039,"Oklahoma","Custer County",3,55,247,120,127
050,40,039,"Oklahoma","Custer County",3,56,254,134,120
050,40,039,"Oklahoma","Custer County",3,57,268,136,132
050,40,039,"Oklahoma","Custer County",3,58,306,162,144
050,40,039,"Oklahoma","Custer County",3,59,357,184,173
050,40,039,"Oklahoma","Custer County",3,60,353,183,170
050,40,039,"Oklahoma","Custer County",3,61,328,174,154
050,40,039,"Oklahoma","Custer County",3,62,322,159,163
050,40,039,"Oklahoma","Custer County",3,63,297,140,157
050,40,039,"Oklahoma","Custer County",3,64,268,121,147
050,40,039,"Oklahoma","Custer County",3,65,248,107,141
050,40,039,"Oklahoma","Custer County",3,66,283,132,151
050,40,039,"Oklahoma","Custer County",3,67,276,144,132
050,40,039,"Oklahoma","Custer County",3,68,248,126,122
050,40,039,"Oklahoma","Custer County",3,69,227,101,126
050,40,039,"Oklahoma","Custer County",3,70,211,86,125
050,40,039,"Oklahoma","Custer County",3,71,187,88,99
050,40,039,"Oklahoma","Custer County",3,72,197,89,108
050,40,039,"Oklahoma","Custer County",3,73,186,81,105
050,40,039,"Oklahoma","Custer County",3,74,222,99,123
050,40,039,"Oklahoma","Custer County",3,75,155,73,82
050,40,039,"Oklahoma","Custer County",3,76,156,68,88
050,40,039,"Oklahoma","Custer County",3,77,162,72,90
050,40,039,"Oklahoma","Custer County",3,78,162,74,88
050,40,039,"Oklahoma","Custer County",3,79,128,65,63
050,40,039,"Oklahoma","Custer County",3,80,108,51,57
050,40,039,"Oklahoma","Custer County",3,81,97,38,59
050,40,039,"Oklahoma","Custer County",3,82,97,40,57
050,40,039,"Oklahoma","Custer County",3,83,91,41,50
050,40,039,"Oklahoma","Custer County",3,84,87,32,55
050,40,039,"Oklahoma","Custer County",3,85,516,201,315
050,40,039,"Oklahoma","Custer County",4,0,357,189,168
050,40,039,"Oklahoma","Custer County",4,1,312,166,146
050,40,039,"Oklahoma","Custer County",4,2,359,177,182
050,40,039,"Oklahoma","Custer County",4,3,369,196,173
050,40,039,"Oklahoma","Custer County",4,4,362,195,167
050,40,039,"Oklahoma","Custer County",4,5,415,220,195
050,40,039,"Oklahoma","Custer County",4,6,407,217,190
050,40,039,"Oklahoma","Custer County",4,7,375,201,174
050,40,039,"Oklahoma","Custer County",4,8,401,203,198
050,40,039,"Oklahoma","Custer County",4,9,441,235,206
050,40,039,"Oklahoma","Custer County",4,10,417,218,199
050,40,039,"Oklahoma","Custer County",4,11,403,192,211
050,40,039,"Oklahoma","Custer County",4,12,385,201,184
050,40,039,"Oklahoma","Custer County",4,13,402,212,190
050,40,039,"Oklahoma","Custer County",4,14,429,218,211
050,40,039,"Oklahoma","Custer County",4,15,387,193,194
050,40,039,"Oklahoma","Custer County",4,16,376,184,192
050,40,039,"Oklahoma","Custer County",4,17,397,191,206
050,40,039,"Oklahoma","Custer County",4,18,470,227,243
050,40,039,"Oklahoma","Custer County",4,19,728,364,364
050,40,039,"Oklahoma","Custer County",4,20,826,394,432
050,40,039,"Oklahoma","Custer County",4,21,807,397,410
050,40,039,"Oklahoma","Custer County",4,22,749,354,395
050,40,039,"Oklahoma","Custer County",4,23,614,350,264
050,40,039,"Oklahoma","Custer County",4,24,453,251,202
050,40,039,"Oklahoma","Custer County",4,25,377,197,180
050,40,039,"Oklahoma","Custer County",4,26,356,187,169
050,40,039,"Oklahoma","Custer County",4,27,367,186,181
050,40,039,"Oklahoma","Custer County",4,28,317,169,148
050,40,039,"Oklahoma","Custer County",4,29,289,139,150
050,40,039,"Oklahoma","Custer County",4,30,318,166,152
050,40,039,"Oklahoma","Custer County",4,31,361,181,180
050,40,039,"Oklahoma","Custer County",4,32,314,150,164
050,40,039,"Oklahoma","Custer County",4,33,300,154,146
050,40,039,"Oklahoma","Custer County",4,34,291,144,147
050,40,039,"Oklahoma","Custer County",4,35,312,159,153
050,40,039,"Oklahoma","Custer County",4,36,331,151,180
050,40,039,"Oklahoma","Custer County",4,37,352,185,167
050,40,039,"Oklahoma","Custer County",4,38,347,168,179
050,40,039,"Oklahoma","Custer County",4,39,373,196,177
050,40,039,"Oklahoma","Custer County",4,40,372,191,181
050,40,039,"Oklahoma","Custer County",4,41,382,199,183
050,40,039,"Oklahoma","Custer County",4,42,350,176,174
050,40,039,"Oklahoma","Custer County",4,43,321,161,160
050,40,039,"Oklahoma","Custer County",4,44,291,152,139
050,40,039,"Oklahoma","Custer County",4,45,294,149,145
050,40,039,"Oklahoma","Custer County",4,46,250,126,124
050,40,039,"Oklahoma","Custer County",4,47,264,145,119
050,40,039,"Oklahoma","Custer County",4,48,236,124,112
050,40,039,"Oklahoma","Custer County",4,49,251,135,116
050,40,039,"Oklahoma","Custer County",4,50,280,149,131
050,40,039,"Oklahoma","Custer County",4,51,285,144,141
050,40,039,"Oklahoma","Custer County",4,52,271,141,130
050,40,039,"Oklahoma","Custer County",4,53,259,132,127
050,40,039,"Oklahoma","Custer County",4,54,238,114,124
050,40,039,"Oklahoma","Custer County",4,55,253,108,145
050,40,039,"Oklahoma","Custer County",4,56,239,113,126
050,40,039,"Oklahoma","Custer County",4,57,242,127,115
050,40,039,"Oklahoma","Custer County",4,58,272,138,134
050,40,039,"Oklahoma","Custer County",4,59,300,157,143
050,40,039,"Oklahoma","Custer County",4,60,359,185,174
050,40,039,"Oklahoma","Custer County",4,61,351,186,165
050,40,039,"Oklahoma","Custer County",4,62,314,162,152
050,40,039,"Oklahoma","Custer County",4,63,318,159,159
050,40,039,"Oklahoma","Custer County",4,64,287,135,152
050,40,039,"Oklahoma","Custer County",4,65,268,117,151
050,40,039,"Oklahoma","Custer County",4,66,240,104,136
050,40,039,"Oklahoma","Custer County",4,67,282,131,151
050,40,039,"Oklahoma","Custer County",4,68,274,141,133
050,40,039,"Oklahoma","Custer County",4,69,241,118,123
050,40,039,"Oklahoma","Custer County",4,70,215,96,119
050,40,039,"Oklahoma","Custer County",4,71,209,86,123
050,40,039,"Oklahoma","Custer County",4,72,188,95,93
050,40,039,"Oklahoma","Custer County",4,73,190,85,105
050,40,039,"Oklahoma","Custer County",4,74,185,78,107
050,40,039,"Oklahoma","Custer County",4,75,209,88,121
050,40,039,"Oklahoma","Custer County",4,76,157,71,86
050,40,039,"Oklahoma","Custer County",4,77,151,71,80
050,40,039,"Oklahoma","Custer County",4,78,161,76,85
050,40,039,"Oklahoma","Custer County",4,79,154,72,82
050,40,039,"Oklahoma","Custer County",4,80,107,54,53
050,40,039,"Oklahoma","Custer County",4,81,100,45,55
050,40,039,"Oklahoma","Custer County",4,82,90,33,57
050,40,039,"Oklahoma","Custer County",4,83,91,40,51
050,40,039,"Oklahoma","Custer County",4,84,82,35,47
050,40,039,"Oklahoma","Custer County",4,85,520,198,322
050,40,039,"Oklahoma","Custer County",5,0,357,188,169
050,40,039,"Oklahoma","Custer County",5,1,366,190,176
050,40,039,"Oklahoma","Custer County",5,2,315,169,146
050,40,039,"Oklahoma","Custer County",5,3,370,182,188
050,40,039,"Oklahoma","Custer County",5,4,377,196,181
050,40,039,"Oklahoma","Custer County",5,5,365,196,169
050,40,039,"Oklahoma","Custer County",5,6,421,227,194
050,40,039,"Oklahoma","Custer County",5,7,407,222,185
050,40,039,"Oklahoma","Custer County",5,8,394,215,179
050,40,039,"Oklahoma","Custer County",5,9,409,215,194
050,40,039,"Oklahoma","Custer County",5,10,443,230,213
050,40,039,"Oklahoma","Custer County",5,11,422,219,203
050,40,039,"Oklahoma","Custer County",5,12,392,187,205
050,40,039,"Oklahoma","Custer County",5,13,397,209,188
050,40,039,"Oklahoma","Custer County",5,14,399,216,183
050,40,039,"Oklahoma","Custer County",5,15,442,218,224
050,40,039,"Oklahoma","Custer County",5,16,401,198,203
050,40,039,"Oklahoma","Custer County",5,17,385,178,207
050,40,039,"Oklahoma","Custer County",5,18,453,216,237
050,40,039,"Oklahoma","Custer County",5,19,720,377,343
050,40,039,"Oklahoma","Custer County",5,20,856,413,443
050,40,039,"Oklahoma","Custer County",5,21,778,373,405
050,40,039,"Oklahoma","Custer County",5,22,776,378,398
050,40,039,"Oklahoma","Custer County",5,23,596,315,281
050,40,039,"Oklahoma","Custer County",5,24,482,255,227
050,40,039,"Oklahoma","Custer County",5,25,380,203,177
050,40,039,"Oklahoma","Custer County",5,26,381,200,181
050,40,039,"Oklahoma","Custer County",5,27,349,182,167
050,40,039,"Oklahoma","Custer County",5,28,354,183,171
050,40,039,"Oklahoma","Custer County",5,29,321,176,145
050,40,039,"Oklahoma","Custer County",5,30,285,138,147
050,40,039,"Oklahoma","Custer County",5,31,315,160,155
050,40,039,"Oklahoma","Custer County",5,32,353,173,180
050,40,039,"Oklahoma","Custer County",5,33,320,153,167
050,40,039,"Oklahoma","Custer County",5,34,294,153,141
050,40,039,"Oklahoma","Custer County",5,35,280,144,136
050,40,039,"Oklahoma","Custer County",5,36,319,164,155
050,40,039,"Oklahoma","Custer County",5,37,336,155,181
050,40,039,"Oklahoma","Custer County",5,38,368,191,177
050,40,039,"Oklahoma","Custer County",5,39,358,171,187
050,40,039,"Oklahoma","Custer County",5,40,357,184,173
050,40,039,"Oklahoma","Custer County",5,41,374,184,190
050,40,039,"Oklahoma","Custer County",5,42,374,195,179
050,40,039,"Oklahoma","Custer County",5,43,348,172,176
050,40,039,"Oklahoma","Custer County",5,44,325,166,159
050,40,039,"Oklahoma","Custer County",5,45,301,154,147
050,40,039,"Oklahoma","Custer County",5,46,306,159,147
050,40,039,"Oklahoma","Custer County",5,47,254,123,131
050,40,039,"Oklahoma","Custer County",5,48,273,154,119
050,40,039,"Oklahoma","Custer County",5,49,241,127,114
050,40,039,"Oklahoma","Custer County",5,50,240,131,109
050,40,039,"Oklahoma","Custer County",5,51,277,146,131
050,40,039,"Oklahoma","Custer County",5,52,279,135,144
050,40,039,"Oklahoma","Custer County",5,53,276,151,125
050,40,039,"Oklahoma","Custer County",5,54,248,123,125
050,40,039,"Oklahoma","Custer County",5,55,234,110,124
050,40,039,"Oklahoma","Custer County",5,56,235,109,126
050,40,039,"Oklahoma","Custer County",5,57,230,105,125
050,40,039,"Oklahoma","Custer County",5,58,247,130,117
050,40,039,"Oklahoma","Custer County",5,59,270,134,136
050,40,039,"Oklahoma","Custer County",5,60,303,155,148
050,40,039,"Oklahoma","Custer County",5,61,359,182,177
050,40,039,"Oklahoma","Custer County",5,62,345,177,168
050,40,039,"Oklahoma","Custer County",5,63,315,164,151
050,40,039,"Oklahoma","Custer County",5,64,309,157,152
050,40,039,"Oklahoma","Custer County",5,65,284,134,150
050,40,039,"Oklahoma","Custer County",5,66,272,113,159
050,40,039,"Oklahoma","Custer County",5,67,239,106,133
050,40,039,"Oklahoma","Custer County",5,68,280,132,148
050,40,039,"Oklahoma","Custer County",5,69,266,135,131
050,40,039,"Oklahoma","Custer County",5,70,231,115,116
050,40,039,"Oklahoma","Custer County",5,71,206,94,112
050,40,039,"Oklahoma","Custer County",5,72,209,91,118
050,40,039,"Oklahoma","Custer County",5,73,181,89,92
050,40,039,"Oklahoma","Custer County",5,74,189,84,105
050,40,039,"Oklahoma","Custer County",5,75,170,67,103
050,40,039,"Oklahoma","Custer County",5,76,204,82,122
050,40,039,"Oklahoma","Custer County",5,77,151,68,83
050,40,039,"Oklahoma","Custer County",5,78,161,80,81
050,40,039,"Oklahoma","Custer County",5,79,151,73,78
050,40,039,"Oklahoma","Custer County",5,80,135,61,74
050,40,039,"Oklahoma","Custer County",5,81,100,48,52
050,40,039,"Oklahoma","Custer County",5,82,90,37,53
050,40,039,"Oklahoma","Custer County",5,83,81,30,51
050,40,039,"Oklahoma","Custer County",5,84,86,35,51
050,40,039,"Oklahoma","Custer County",5,85,524,202,322
050,40,041,"Oklahoma","Delaware County",1,0,371,188,183
050,40,041,"Oklahoma","Delaware County",1,1,356,185,171
050,40,041,"Oklahoma","Delaware County",1,2,417,236,181
050,40,041,"Oklahoma","Delaware County",1,3,436,218,218
050,40,041,"Oklahoma","Delaware County",1,4,394,197,197
050,40,041,"Oklahoma","Delaware County",1,5,442,237,205
050,40,041,"Oklahoma","Delaware County",1,6,422,223,199
050,40,041,"Oklahoma","Delaware County",1,7,422,215,207
050,40,041,"Oklahoma","Delaware County",1,8,446,228,218
050,40,041,"Oklahoma","Delaware County",1,9,433,221,212
050,40,041,"Oklahoma","Delaware County",1,10,453,241,212
050,40,041,"Oklahoma","Delaware County",1,11,470,250,220
050,40,041,"Oklahoma","Delaware County",1,12,501,269,232
050,40,041,"Oklahoma","Delaware County",1,13,510,273,237
050,40,041,"Oklahoma","Delaware County",1,14,516,261,255
050,40,041,"Oklahoma","Delaware County",1,15,518,264,254
050,40,041,"Oklahoma","Delaware County",1,16,511,259,252
050,40,041,"Oklahoma","Delaware County",1,17,483,258,225
050,40,041,"Oklahoma","Delaware County",1,18,438,220,218
050,40,041,"Oklahoma","Delaware County",1,19,396,193,203
050,40,041,"Oklahoma","Delaware County",1,20,396,204,192
050,40,041,"Oklahoma","Delaware County",1,21,364,177,187
050,40,041,"Oklahoma","Delaware County",1,22,383,191,192
050,40,041,"Oklahoma","Delaware County",1,23,414,215,199
050,40,041,"Oklahoma","Delaware County",1,24,395,202,193
050,40,041,"Oklahoma","Delaware County",1,25,403,205,198
050,40,041,"Oklahoma","Delaware County",1,26,410,189,221
050,40,041,"Oklahoma","Delaware County",1,27,428,209,219
050,40,041,"Oklahoma","Delaware County",1,28,440,240,200
050,40,041,"Oklahoma","Delaware County",1,29,409,218,191
050,40,041,"Oklahoma","Delaware County",1,30,398,190,208
050,40,041,"Oklahoma","Delaware County",1,31,405,191,214
050,40,041,"Oklahoma","Delaware County",1,32,410,203,207
050,40,041,"Oklahoma","Delaware County",1,33,417,198,219
050,40,041,"Oklahoma","Delaware County",1,34,410,192,218
050,40,041,"Oklahoma","Delaware County",1,35,405,200,205
050,40,041,"Oklahoma","Delaware County",1,36,377,173,204
050,40,041,"Oklahoma","Delaware County",1,37,424,201,223
050,40,041,"Oklahoma","Delaware County",1,38,410,203,207
050,40,041,"Oklahoma","Delaware County",1,39,455,223,232
050,40,041,"Oklahoma","Delaware County",1,40,437,215,222
050,40,041,"Oklahoma","Delaware County",1,41,394,196,198
050,40,041,"Oklahoma","Delaware County",1,42,423,217,206
050,40,041,"Oklahoma","Delaware County",1,43,409,205,204
050,40,041,"Oklahoma","Delaware County",1,44,396,210,186
050,40,041,"Oklahoma","Delaware County",1,45,424,220,204
050,40,041,"Oklahoma","Delaware County",1,46,410,195,215
050,40,041,"Oklahoma","Delaware County",1,47,447,216,231
050,40,041,"Oklahoma","Delaware County",1,48,480,230,250
050,40,041,"Oklahoma","Delaware County",1,49,516,257,259
050,40,041,"Oklahoma","Delaware County",1,50,516,264,252
050,40,041,"Oklahoma","Delaware County",1,51,493,244,249
050,40,041,"Oklahoma","Delaware County",1,52,528,269,259
050,40,041,"Oklahoma","Delaware County",1,53,514,247,267
050,40,041,"Oklahoma","Delaware County",1,54,497,254,243
050,40,041,"Oklahoma","Delaware County",1,55,558,291,267
050,40,041,"Oklahoma","Delaware County",1,56,623,297,326
050,40,041,"Oklahoma","Delaware County",1,57,602,276,326
050,40,041,"Oklahoma","Delaware County",1,58,615,294,321
050,40,041,"Oklahoma","Delaware County",1,59,641,316,325
050,40,041,"Oklahoma","Delaware County",1,60,687,335,352
050,40,041,"Oklahoma","Delaware County",1,61,631,320,311
050,40,041,"Oklahoma","Delaware County",1,62,645,315,330
050,40,041,"Oklahoma","Delaware County",1,63,645,303,342
050,40,041,"Oklahoma","Delaware County",1,64,642,299,343
050,40,041,"Oklahoma","Delaware County",1,65,620,315,305
050,40,041,"Oklahoma","Delaware County",1,66,638,316,322
050,40,041,"Oklahoma","Delaware County",1,67,636,299,337
050,40,041,"Oklahoma","Delaware County",1,68,589,274,315
050,40,041,"Oklahoma","Delaware County",1,69,601,272,329
050,40,041,"Oklahoma","Delaware County",1,70,585,288,297
050,40,041,"Oklahoma","Delaware County",1,71,603,289,314
050,40,041,"Oklahoma","Delaware County",1,72,595,310,285
050,40,041,"Oklahoma","Delaware County",1,73,652,325,327
050,40,041,"Oklahoma","Delaware County",1,74,459,230,229
050,40,041,"Oklahoma","Delaware County",1,75,416,200,216
050,40,041,"Oklahoma","Delaware County",1,76,466,230,236
050,40,041,"Oklahoma","Delaware County",1,77,437,212,225
050,40,041,"Oklahoma","Delaware County",1,78,372,178,194
050,40,041,"Oklahoma","Delaware County",1,79,346,163,183
050,40,041,"Oklahoma","Delaware County",1,80,320,157,163
050,40,041,"Oklahoma","Delaware County",1,81,275,142,133
050,40,041,"Oklahoma","Delaware County",1,82,239,121,118
050,40,041,"Oklahoma","Delaware County",1,83,198,99,99
050,40,041,"Oklahoma","Delaware County",1,84,188,100,88
050,40,041,"Oklahoma","Delaware County",1,85,903,413,490
050,40,041,"Oklahoma","Delaware County",2,0,353,175,178
050,40,041,"Oklahoma","Delaware County",2,1,359,187,172
050,40,041,"Oklahoma","Delaware County",2,2,402,222,180
050,40,041,"Oklahoma","Delaware County",2,3,431,223,208
050,40,041,"Oklahoma","Delaware County",2,4,412,208,204
050,40,041,"Oklahoma","Delaware County",2,5,433,230,203
050,40,041,"Oklahoma","Delaware County",2,6,426,226,200
050,40,041,"Oklahoma","Delaware County",2,7,424,217,207
050,40,041,"Oklahoma","Delaware County",2,8,440,224,216
050,40,041,"Oklahoma","Delaware County",2,9,437,225,212
050,40,041,"Oklahoma","Delaware County",2,10,449,237,212
050,40,041,"Oklahoma","Delaware County",2,11,463,247,216
050,40,041,"Oklahoma","Delaware County",2,12,498,268,230
050,40,041,"Oklahoma","Delaware County",2,13,508,270,238
050,40,041,"Oklahoma","Delaware County",2,14,513,263,250
050,40,041,"Oklahoma","Delaware County",2,15,516,262,254
050,40,041,"Oklahoma","Delaware County",2,16,511,260,251
050,40,041,"Oklahoma","Delaware County",2,17,491,258,233
050,40,041,"Oklahoma","Delaware County",2,18,435,224,211
050,40,041,"Oklahoma","Delaware County",2,19,389,193,196
050,40,041,"Oklahoma","Delaware County",2,20,398,200,198
050,40,041,"Oklahoma","Delaware County",2,21,368,181,187
050,40,041,"Oklahoma","Delaware County",2,22,382,188,194
050,40,041,"Oklahoma","Delaware County",2,23,406,210,196
050,40,041,"Oklahoma","Delaware County",2,24,399,204,195
050,40,041,"Oklahoma","Delaware County",2,25,401,201,200
050,40,041,"Oklahoma","Delaware County",2,26,408,193,215
050,40,041,"Oklahoma","Delaware County",2,27,424,208,216
050,40,041,"Oklahoma","Delaware County",2,28,440,235,205
050,40,041,"Oklahoma","Delaware County",2,29,412,218,194
050,40,041,"Oklahoma","Delaware County",2,30,402,198,204
050,40,041,"Oklahoma","Delaware County",2,31,402,192,210
050,40,041,"Oklahoma","Delaware County",2,32,411,201,210
050,40,041,"Oklahoma","Delaware County",2,33,419,201,218
050,40,041,"Oklahoma","Delaware County",2,34,414,195,219
050,40,041,"Oklahoma","Delaware County",2,35,410,202,208
050,40,041,"Oklahoma","Delaware County",2,36,379,174,205
050,40,041,"Oklahoma","Delaware County",2,37,419,199,220
050,40,041,"Oklahoma","Delaware County",2,38,412,202,210
050,40,041,"Oklahoma","Delaware County",2,39,444,218,226
050,40,041,"Oklahoma","Delaware County",2,40,448,219,229
050,40,041,"Oklahoma","Delaware County",2,41,406,202,204
050,40,041,"Oklahoma","Delaware County",2,42,412,211,201
050,40,041,"Oklahoma","Delaware County",2,43,416,211,205
050,40,041,"Oklahoma","Delaware County",2,44,394,205,189
050,40,041,"Oklahoma","Delaware County",2,45,417,216,201
050,40,041,"Oklahoma","Delaware County",2,46,415,200,215
050,40,041,"Oklahoma","Delaware County",2,47,437,209,228
050,40,041,"Oklahoma","Delaware County",2,48,474,228,246
050,40,041,"Oklahoma","Delaware County",2,49,511,252,259
050,40,041,"Oklahoma","Delaware County",2,50,519,264,255
050,40,041,"Oklahoma","Delaware County",2,51,501,251,250
050,40,041,"Oklahoma","Delaware County",2,52,526,266,260
050,40,041,"Oklahoma","Delaware County",2,53,519,252,267
050,40,041,"Oklahoma","Delaware County",2,54,503,257,246
050,40,041,"Oklahoma","Delaware County",2,55,550,284,266
050,40,041,"Oklahoma","Delaware County",2,56,612,300,312
050,40,041,"Oklahoma","Delaware County",2,57,606,278,328
050,40,041,"Oklahoma","Delaware County",2,58,616,294,322
050,40,041,"Oklahoma","Delaware County",2,59,633,309,324
050,40,041,"Oklahoma","Delaware County",2,60,677,330,347
050,40,041,"Oklahoma","Delaware County",2,61,644,325,319
050,40,041,"Oklahoma","Delaware County",2,62,647,317,330
050,40,041,"Oklahoma","Delaware County",2,63,652,312,340
050,40,041,"Oklahoma","Delaware County",2,64,636,298,338
050,40,041,"Oklahoma","Delaware County",2,65,628,315,313
050,40,041,"Oklahoma","Delaware County",2,66,638,317,321
050,40,041,"Oklahoma","Delaware County",2,67,637,304,333
050,40,041,"Oklahoma","Delaware County",2,68,599,278,321
050,40,041,"Oklahoma","Delaware County",2,69,600,271,329
050,40,041,"Oklahoma","Delaware County",2,70,590,283,307
050,40,041,"Oklahoma","Delaware County",2,71,590,286,304
050,40,041,"Oklahoma","Delaware County",2,72,582,299,283
050,40,041,"Oklahoma","Delaware County",2,73,664,338,326
050,40,041,"Oklahoma","Delaware County",2,74,469,231,238
050,40,041,"Oklahoma","Delaware County",2,75,432,209,223
050,40,041,"Oklahoma","Delaware County",2,76,445,219,226
050,40,041,"Oklahoma","Delaware County",2,77,445,218,227
050,40,041,"Oklahoma","Delaware County",2,78,377,183,194
050,40,041,"Oklahoma","Delaware County",2,79,349,166,183
050,40,041,"Oklahoma","Delaware County",2,80,317,151,166
050,40,041,"Oklahoma","Delaware County",2,81,278,144,134
050,40,041,"Oklahoma","Delaware County",2,82,240,121,119
050,40,041,"Oklahoma","Delaware County",2,83,201,98,103
050,40,041,"Oklahoma","Delaware County",2,84,192,101,91
050,40,041,"Oklahoma","Delaware County",2,85,908,420,488
050,40,041,"Oklahoma","Delaware County",3,0,365,197,168
050,40,041,"Oklahoma","Delaware County",3,1,373,197,176
050,40,041,"Oklahoma","Delaware County",3,2,365,200,165
050,40,041,"Oklahoma","Delaware County",3,3,426,235,191
050,40,041,"Oklahoma","Delaware County",3,4,444,238,206
050,40,041,"Oklahoma","Delaware County",3,5,433,210,223
050,40,041,"Oklahoma","Delaware County",3,6,456,239,217
050,40,041,"Oklahoma","Delaware County",3,7,453,228,225
050,40,041,"Oklahoma","Delaware County",3,8,454,228,226
050,40,041,"Oklahoma","Delaware County",3,9,450,224,226
050,40,041,"Oklahoma","Delaware County",3,10,445,225,220
050,40,041,"Oklahoma","Delaware County",3,11,449,231,218
050,40,041,"Oklahoma","Delaware County",3,12,465,247,218
050,40,041,"Oklahoma","Delaware County",3,13,491,272,219
050,40,041,"Oklahoma","Delaware County",3,14,519,272,247
050,40,041,"Oklahoma","Delaware County",3,15,516,273,243
050,40,041,"Oklahoma","Delaware County",3,16,521,255,266
050,40,041,"Oklahoma","Delaware County",3,17,507,254,253
050,40,041,"Oklahoma","Delaware County",3,18,430,233,197
050,40,041,"Oklahoma","Delaware County",3,19,381,193,188
050,40,041,"Oklahoma","Delaware County",3,20,403,200,203
050,40,041,"Oklahoma","Delaware County",3,21,414,202,212
050,40,041,"Oklahoma","Delaware County",3,22,425,204,221
050,40,041,"Oklahoma","Delaware County",3,23,408,207,201
050,40,041,"Oklahoma","Delaware County",3,24,426,212,214
050,40,041,"Oklahoma","Delaware County",3,25,429,221,208
050,40,041,"Oklahoma","Delaware County",3,26,399,213,186
050,40,041,"Oklahoma","Delaware County",3,27,433,207,226
050,40,041,"Oklahoma","Delaware County",3,28,459,226,233
050,40,041,"Oklahoma","Delaware County",3,29,437,227,210
050,40,041,"Oklahoma","Delaware County",3,30,422,216,206
050,40,041,"Oklahoma","Delaware County",3,31,433,213,220
050,40,041,"Oklahoma","Delaware County",3,32,399,197,202
050,40,041,"Oklahoma","Delaware County",3,33,420,205,215
050,40,041,"Oklahoma","Delaware County",3,34,422,206,216
050,40,041,"Oklahoma","Delaware County",3,35,427,208,219
050,40,041,"Oklahoma","Delaware County",3,36,426,207,219
050,40,041,"Oklahoma","Delaware County",3,37,384,183,201
050,40,041,"Oklahoma","Delaware County",3,38,416,204,212
050,40,041,"Oklahoma","Delaware County",3,39,419,205,214
050,40,041,"Oklahoma","Delaware County",3,40,447,215,232
050,40,041,"Oklahoma","Delaware County",3,41,458,223,235
050,40,041,"Oklahoma","Delaware County",3,42,423,214,209
050,40,041,"Oklahoma","Delaware County",3,43,420,227,193
050,40,041,"Oklahoma","Delaware County",3,44,421,207,214
050,40,041,"Oklahoma","Delaware County",3,45,384,192,192
050,40,041,"Oklahoma","Delaware County",3,46,436,218,218
050,40,041,"Oklahoma","Delaware County",3,47,426,216,210
050,40,041,"Oklahoma","Delaware County",3,48,448,212,236
050,40,041,"Oklahoma","Delaware County",3,49,480,231,249
050,40,041,"Oklahoma","Delaware County",3,50,541,270,271
050,40,041,"Oklahoma","Delaware County",3,51,512,255,257
050,40,041,"Oklahoma","Delaware County",3,52,509,264,245
050,40,041,"Oklahoma","Delaware County",3,53,545,268,277
050,40,041,"Oklahoma","Delaware County",3,54,538,252,286
050,40,041,"Oklahoma","Delaware County",3,55,517,260,257
050,40,041,"Oklahoma","Delaware County",3,56,577,309,268
050,40,041,"Oklahoma","Delaware County",3,57,624,290,334
050,40,041,"Oklahoma","Delaware County",3,58,627,300,327
050,40,041,"Oklahoma","Delaware County",3,59,640,312,328
050,40,041,"Oklahoma","Delaware County",3,60,652,322,330
050,40,041,"Oklahoma","Delaware County",3,61,683,322,361
050,40,041,"Oklahoma","Delaware County",3,62,657,314,343
050,40,041,"Oklahoma","Delaware County",3,63,647,325,322
050,40,041,"Oklahoma","Delaware County",3,64,668,322,346
050,40,041,"Oklahoma","Delaware County",3,65,634,308,326
050,40,041,"Oklahoma","Delaware County",3,66,640,318,322
050,40,041,"Oklahoma","Delaware County",3,67,655,333,322
050,40,041,"Oklahoma","Delaware County",3,68,622,295,327
050,40,041,"Oklahoma","Delaware County",3,69,604,281,323
050,40,041,"Oklahoma","Delaware County",3,70,585,268,317
050,40,041,"Oklahoma","Delaware County",3,71,575,274,301
050,40,041,"Oklahoma","Delaware County",3,72,575,275,300
050,40,041,"Oklahoma","Delaware County",3,73,566,293,273
050,40,041,"Oklahoma","Delaware County",3,74,636,325,311
050,40,041,"Oklahoma","Delaware County",3,75,460,223,237
050,40,041,"Oklahoma","Delaware County",3,76,423,207,216
050,40,041,"Oklahoma","Delaware County",3,77,432,219,213
050,40,041,"Oklahoma","Delaware County",3,78,407,202,205
050,40,041,"Oklahoma","Delaware County",3,79,363,179,184
050,40,041,"Oklahoma","Delaware County",3,80,317,141,176
050,40,041,"Oklahoma","Delaware County",3,81,286,137,149
050,40,041,"Oklahoma","Delaware County",3,82,242,122,120
050,40,041,"Oklahoma","Delaware County",3,83,226,115,111
050,40,041,"Oklahoma","Delaware County",3,84,195,90,105
050,40,041,"Oklahoma","Delaware County",3,85,903,443,460
050,40,041,"Oklahoma","Delaware County",4,0,416,223,193
050,40,041,"Oklahoma","Delaware County",4,1,370,195,175
050,40,041,"Oklahoma","Delaware County",4,2,372,203,169
050,40,041,"Oklahoma","Delaware County",4,3,390,210,180
050,40,041,"Oklahoma","Delaware County",4,4,437,245,192
050,40,041,"Oklahoma","Delaware County",4,5,437,230,207
050,40,041,"Oklahoma","Delaware County",4,6,451,221,230
050,40,041,"Oklahoma","Delaware County",4,7,476,253,223
050,40,041,"Oklahoma","Delaware County",4,8,456,231,225
050,40,041,"Oklahoma","Delaware County",4,9,475,247,228
050,40,041,"Oklahoma","Delaware County",4,10,462,224,238
050,40,041,"Oklahoma","Delaware County",4,11,467,243,224
050,40,041,"Oklahoma","Delaware County",4,12,464,242,222
050,40,041,"Oklahoma","Delaware County",4,13,473,245,228
050,40,041,"Oklahoma","Delaware County",4,14,511,272,239
050,40,041,"Oklahoma","Delaware County",4,15,549,281,268
050,40,041,"Oklahoma","Delaware County",4,16,531,278,253
050,40,041,"Oklahoma","Delaware County",4,17,539,270,269
050,40,041,"Oklahoma","Delaware County",4,18,448,234,214
050,40,041,"Oklahoma","Delaware County",4,19,365,196,169
050,40,041,"Oklahoma","Delaware County",4,20,381,193,188
050,40,041,"Oklahoma","Delaware County",4,21,421,212,209
050,40,041,"Oklahoma","Delaware County",4,22,442,214,228
050,40,041,"Oklahoma","Delaware County",4,23,430,214,216
050,40,041,"Oklahoma","Delaware County",4,24,392,199,193
050,40,041,"Oklahoma","Delaware County",4,25,442,212,230
050,40,041,"Oklahoma","Delaware County",4,26,436,216,220
050,40,041,"Oklahoma","Delaware County",4,27,405,218,187
050,40,041,"Oklahoma","Delaware County",4,28,467,228,239
050,40,041,"Oklahoma","Delaware County",4,29,452,213,239
050,40,041,"Oklahoma","Delaware County",4,30,444,233,211
050,40,041,"Oklahoma","Delaware County",4,31,448,236,212
050,40,041,"Oklahoma","Delaware County",4,32,451,221,230
050,40,041,"Oklahoma","Delaware County",4,33,408,211,197
050,40,041,"Oklahoma","Delaware County",4,34,427,203,224
050,40,041,"Oklahoma","Delaware County",4,35,449,232,217
050,40,041,"Oklahoma","Delaware County",4,36,434,199,235
050,40,041,"Oklahoma","Delaware County",4,37,453,225,228
050,40,041,"Oklahoma","Delaware County",4,38,379,179,200
050,40,041,"Oklahoma","Delaware County",4,39,424,205,219
050,40,041,"Oklahoma","Delaware County",4,40,431,204,227
050,40,041,"Oklahoma","Delaware County",4,41,460,222,238
050,40,041,"Oklahoma","Delaware County",4,42,474,224,250
050,40,041,"Oklahoma","Delaware County",4,43,432,228,204
050,40,041,"Oklahoma","Delaware County",4,44,435,238,197
050,40,041,"Oklahoma","Delaware County",4,45,423,206,217
050,40,041,"Oklahoma","Delaware County",4,46,408,211,197
050,40,041,"Oklahoma","Delaware County",4,47,441,218,223
050,40,041,"Oklahoma","Delaware County",4,48,438,212,226
050,40,041,"Oklahoma","Delaware County",4,49,463,219,244
050,40,041,"Oklahoma","Delaware County",4,50,505,231,274
050,40,041,"Oklahoma","Delaware County",4,51,533,267,266
050,40,041,"Oklahoma","Delaware County",4,52,512,267,245
050,40,041,"Oklahoma","Delaware County",4,53,521,258,263
050,40,041,"Oklahoma","Delaware County",4,54,553,276,277
050,40,041,"Oklahoma","Delaware County",4,55,558,255,303
050,40,041,"Oklahoma","Delaware County",4,56,550,276,274
050,40,041,"Oklahoma","Delaware County",4,57,584,305,279
050,40,041,"Oklahoma","Delaware County",4,58,648,308,340
050,40,041,"Oklahoma","Delaware County",4,59,604,288,316
050,40,041,"Oklahoma","Delaware County",4,60,637,299,338
050,40,041,"Oklahoma","Delaware County",4,61,650,323,327
050,40,041,"Oklahoma","Delaware County",4,62,708,331,377
050,40,041,"Oklahoma","Delaware County",4,63,659,309,350
050,40,041,"Oklahoma","Delaware County",4,64,663,331,332
050,40,041,"Oklahoma","Delaware County",4,65,685,332,353
050,40,041,"Oklahoma","Delaware County",4,66,645,314,331
050,40,041,"Oklahoma","Delaware County",4,67,662,332,330
050,40,041,"Oklahoma","Delaware County",4,68,659,335,324
050,40,041,"Oklahoma","Delaware County",4,69,608,292,316
050,40,041,"Oklahoma","Delaware County",4,70,585,271,314
050,40,041,"Oklahoma","Delaware County",4,71,572,261,311
050,40,041,"Oklahoma","Delaware County",4,72,555,258,297
050,40,041,"Oklahoma","Delaware County",4,73,551,266,285
050,40,041,"Oklahoma","Delaware County",4,74,531,271,260
050,40,041,"Oklahoma","Delaware County",4,75,615,313,302
050,40,041,"Oklahoma","Delaware County",4,76,431,212,219
050,40,041,"Oklahoma","Delaware County",4,77,402,192,210
050,40,041,"Oklahoma","Delaware County",4,78,394,197,197
050,40,041,"Oklahoma","Delaware County",4,79,395,195,200
050,40,041,"Oklahoma","Delaware County",4,80,322,151,171
050,40,041,"Oklahoma","Delaware County",4,81,284,125,159
050,40,041,"Oklahoma","Delaware County",4,82,250,111,139
050,40,041,"Oklahoma","Delaware County",4,83,232,116,116
050,40,041,"Oklahoma","Delaware County",4,84,210,103,107
050,40,041,"Oklahoma","Delaware County",4,85,928,455,473
050,40,041,"Oklahoma","Delaware County",5,0,433,231,202
050,40,041,"Oklahoma","Delaware County",5,1,414,217,197
050,40,041,"Oklahoma","Delaware County",5,2,370,203,167
050,40,041,"Oklahoma","Delaware County",5,3,383,204,179
050,40,041,"Oklahoma","Delaware County",5,4,380,206,174
050,40,041,"Oklahoma","Delaware County",5,5,443,253,190
050,40,041,"Oklahoma","Delaware County",5,6,456,244,212
050,40,041,"Oklahoma","Delaware County",5,7,441,232,209
050,40,041,"Oklahoma","Delaware County",5,8,480,251,229
050,40,041,"Oklahoma","Delaware County",5,9,480,247,233
050,40,041,"Oklahoma","Delaware County",5,10,465,246,219
050,40,041,"Oklahoma","Delaware County",5,11,467,233,234
050,40,041,"Oklahoma","Delaware County",5,12,458,240,218
050,40,041,"Oklahoma","Delaware County",5,13,455,236,219
050,40,041,"Oklahoma","Delaware County",5,14,489,247,242
050,40,041,"Oklahoma","Delaware County",5,15,526,276,250
050,40,041,"Oklahoma","Delaware County",5,16,549,283,266
050,40,041,"Oklahoma","Delaware County",5,17,530,279,251
050,40,041,"Oklahoma","Delaware County",5,18,463,229,234
050,40,041,"Oklahoma","Delaware County",5,19,387,199,188
050,40,041,"Oklahoma","Delaware County",5,20,377,199,178
050,40,041,"Oklahoma","Delaware County",5,21,383,194,189
050,40,041,"Oklahoma","Delaware County",5,22,428,207,221
050,40,041,"Oklahoma","Delaware County",5,23,421,211,210
050,40,041,"Oklahoma","Delaware County",5,24,438,210,228
050,40,041,"Oklahoma","Delaware County",5,25,399,188,211
050,40,041,"Oklahoma","Delaware County",5,26,452,211,241
050,40,041,"Oklahoma","Delaware County",5,27,452,230,222
050,40,041,"Oklahoma","Delaware County",5,28,422,233,189
050,40,041,"Oklahoma","Delaware County",5,29,465,214,251
050,40,041,"Oklahoma","Delaware County",5,30,456,233,223
050,40,041,"Oklahoma","Delaware County",5,31,441,234,207
050,40,041,"Oklahoma","Delaware County",5,32,452,235,217
050,40,041,"Oklahoma","Delaware County",5,33,463,224,239
050,40,041,"Oklahoma","Delaware County",5,34,412,208,204
050,40,041,"Oklahoma","Delaware County",5,35,468,227,241
050,40,041,"Oklahoma","Delaware County",5,36,441,223,218
050,40,041,"Oklahoma","Delaware County",5,37,456,215,241
050,40,041,"Oklahoma","Delaware County",5,38,430,214,216
050,40,041,"Oklahoma","Delaware County",5,39,393,183,210
050,40,041,"Oklahoma","Delaware County",5,40,427,195,232
050,40,041,"Oklahoma","Delaware County",5,41,447,211,236
050,40,041,"Oklahoma","Delaware County",5,42,462,221,241
050,40,041,"Oklahoma","Delaware County",5,43,480,242,238
050,40,041,"Oklahoma","Delaware County",5,44,440,216,224
050,40,041,"Oklahoma","Delaware County",5,45,447,239,208
050,40,041,"Oklahoma","Delaware County",5,46,448,217,231
050,40,041,"Oklahoma","Delaware County",5,47,424,216,208
050,40,041,"Oklahoma","Delaware County",5,48,472,232,240
050,40,041,"Oklahoma","Delaware County",5,49,451,214,237
050,40,041,"Oklahoma","Delaware County",5,50,479,231,248
050,40,041,"Oklahoma","Delaware County",5,51,517,239,278
050,40,041,"Oklahoma","Delaware County",5,52,557,276,281
050,40,041,"Oklahoma","Delaware County",5,53,506,258,248
050,40,041,"Oklahoma","Delaware County",5,54,532,266,266
050,40,041,"Oklahoma","Delaware County",5,55,559,269,290
050,40,041,"Oklahoma","Delaware County",5,56,579,277,302
050,40,041,"Oklahoma","Delaware County",5,57,558,274,284
050,40,041,"Oklahoma","Delaware County",5,58,622,324,298
050,40,041,"Oklahoma","Delaware County",5,59,645,307,338
050,40,041,"Oklahoma","Delaware County",5,60,608,288,320
050,40,041,"Oklahoma","Delaware County",5,61,637,300,337
050,40,041,"Oklahoma","Delaware County",5,62,672,320,352
050,40,041,"Oklahoma","Delaware County",5,63,708,329,379
050,40,041,"Oklahoma","Delaware County",5,64,661,314,347
050,40,041,"Oklahoma","Delaware County",5,65,676,339,337
050,40,041,"Oklahoma","Delaware County",5,66,683,325,358
050,40,041,"Oklahoma","Delaware County",5,67,656,326,330
050,40,041,"Oklahoma","Delaware County",5,68,654,325,329
050,40,041,"Oklahoma","Delaware County",5,69,640,329,311
050,40,041,"Oklahoma","Delaware County",5,70,585,282,303
050,40,041,"Oklahoma","Delaware County",5,71,574,259,315
050,40,041,"Oklahoma","Delaware County",5,72,553,248,305
050,40,041,"Oklahoma","Delaware County",5,73,526,252,274
050,40,041,"Oklahoma","Delaware County",5,74,529,250,279
050,40,041,"Oklahoma","Delaware County",5,75,516,263,253
050,40,041,"Oklahoma","Delaware County",5,76,573,296,277
050,40,041,"Oklahoma","Delaware County",5,77,409,211,198
050,40,041,"Oklahoma","Delaware County",5,78,366,174,192
050,40,041,"Oklahoma","Delaware County",5,79,383,194,189
050,40,041,"Oklahoma","Delaware County",5,80,361,168,193
050,40,041,"Oklahoma","Delaware County",5,81,290,143,147
050,40,041,"Oklahoma","Delaware County",5,82,255,108,147
050,40,041,"Oklahoma","Delaware County",5,83,236,103,133
050,40,041,"Oklahoma","Delaware County",5,84,203,102,101
050,40,041,"Oklahoma","Delaware County",5,85,979,476,503
050,40,043,"Oklahoma","Dewey County",1,0,51,25,26
050,40,043,"Oklahoma","Dewey County",1,1,53,28,25
050,40,043,"Oklahoma","Dewey County",1,2,63,29,34
050,40,043,"Oklahoma","Dewey County",1,3,60,22,38
050,40,043,"Oklahoma","Dewey County",1,4,59,31,28
050,40,043,"Oklahoma","Dewey County",1,5,60,31,29
050,40,043,"Oklahoma","Dewey County",1,6,74,38,36
050,40,043,"Oklahoma","Dewey County",1,7,74,37,37
050,40,043,"Oklahoma","Dewey County",1,8,82,37,45
050,40,043,"Oklahoma","Dewey County",1,9,76,32,44
050,40,043,"Oklahoma","Dewey County",1,10,75,41,34
050,40,043,"Oklahoma","Dewey County",1,11,65,36,29
050,40,043,"Oklahoma","Dewey County",1,12,69,29,40
050,40,043,"Oklahoma","Dewey County",1,13,71,32,39
050,40,043,"Oklahoma","Dewey County",1,14,67,32,35
050,40,043,"Oklahoma","Dewey County",1,15,70,37,33
050,40,043,"Oklahoma","Dewey County",1,16,70,34,36
050,40,043,"Oklahoma","Dewey County",1,17,69,34,35
050,40,043,"Oklahoma","Dewey County",1,18,54,24,30
050,40,043,"Oklahoma","Dewey County",1,19,42,23,19
050,40,043,"Oklahoma","Dewey County",1,20,51,27,24
050,40,043,"Oklahoma","Dewey County",1,21,41,23,18
050,40,043,"Oklahoma","Dewey County",1,22,40,20,20
050,40,043,"Oklahoma","Dewey County",1,23,32,17,15
050,40,043,"Oklahoma","Dewey County",1,24,38,23,15
050,40,043,"Oklahoma","Dewey County",1,25,44,22,22
050,40,043,"Oklahoma","Dewey County",1,26,54,28,26
050,40,043,"Oklahoma","Dewey County",1,27,62,30,32
050,40,043,"Oklahoma","Dewey County",1,28,50,26,24
050,40,043,"Oklahoma","Dewey County",1,29,50,28,22
050,40,043,"Oklahoma","Dewey County",1,30,52,21,31
050,40,043,"Oklahoma","Dewey County",1,31,50,26,24
050,40,043,"Oklahoma","Dewey County",1,32,47,25,22
050,40,043,"Oklahoma","Dewey County",1,33,51,24,27
050,40,043,"Oklahoma","Dewey County",1,34,51,26,25
050,40,043,"Oklahoma","Dewey County",1,35,56,26,30
050,40,043,"Oklahoma","Dewey County",1,36,61,30,31
050,40,043,"Oklahoma","Dewey County",1,37,59,31,28
050,40,043,"Oklahoma","Dewey County",1,38,50,30,20
050,40,043,"Oklahoma","Dewey County",1,39,56,28,28
050,40,043,"Oklahoma","Dewey County",1,40,51,28,23
050,40,043,"Oklahoma","Dewey County",1,41,53,32,21
050,40,043,"Oklahoma","Dewey County",1,42,44,21,23
050,40,043,"Oklahoma","Dewey County",1,43,54,27,27
050,40,043,"Oklahoma","Dewey County",1,44,53,30,23
050,40,043,"Oklahoma","Dewey County",1,45,51,27,24
050,40,043,"Oklahoma","Dewey County",1,46,46,26,20
050,40,043,"Oklahoma","Dewey County",1,47,39,17,22
050,40,043,"Oklahoma","Dewey County",1,48,39,19,20
050,40,043,"Oklahoma","Dewey County",1,49,40,19,21
050,40,043,"Oklahoma","Dewey County",1,50,47,24,23
050,40,043,"Oklahoma","Dewey County",1,51,48,25,23
050,40,043,"Oklahoma","Dewey County",1,52,55,24,31
050,40,043,"Oklahoma","Dewey County",1,53,56,27,29
050,40,043,"Oklahoma","Dewey County",1,54,50,26,24
050,40,043,"Oklahoma","Dewey County",1,55,56,27,29
050,40,043,"Oklahoma","Dewey County",1,56,67,30,37
050,40,043,"Oklahoma","Dewey County",1,57,62,30,32
050,40,043,"Oklahoma","Dewey County",1,58,65,41,24
050,40,043,"Oklahoma","Dewey County",1,59,54,27,27
050,40,043,"Oklahoma","Dewey County",1,60,63,30,33
050,40,043,"Oklahoma","Dewey County",1,61,65,25,40
050,40,043,"Oklahoma","Dewey County",1,62,72,38,34
050,40,043,"Oklahoma","Dewey County",1,63,75,38,37
050,40,043,"Oklahoma","Dewey County",1,64,56,27,29
050,40,043,"Oklahoma","Dewey County",1,65,48,24,24
050,40,043,"Oklahoma","Dewey County",1,66,44,23,21
050,40,043,"Oklahoma","Dewey County",1,67,43,24,19
050,40,043,"Oklahoma","Dewey County",1,68,41,22,19
050,40,043,"Oklahoma","Dewey County",1,69,43,21,22
050,40,043,"Oklahoma","Dewey County",1,70,50,23,27
050,40,043,"Oklahoma","Dewey County",1,71,50,23,27
050,40,043,"Oklahoma","Dewey County",1,72,44,24,20
050,40,043,"Oklahoma","Dewey County",1,73,41,20,21
050,40,043,"Oklahoma","Dewey County",1,74,34,16,18
050,40,043,"Oklahoma","Dewey County",1,75,44,21,23
050,40,043,"Oklahoma","Dewey County",1,76,38,18,20
050,40,043,"Oklahoma","Dewey County",1,77,34,15,19
050,40,043,"Oklahoma","Dewey County",1,78,33,14,19
050,40,043,"Oklahoma","Dewey County",1,79,34,17,17
050,40,043,"Oklahoma","Dewey County",1,80,29,11,18
050,40,043,"Oklahoma","Dewey County",1,81,24,10,14
050,40,043,"Oklahoma","Dewey County",1,82,20,11,9
050,40,043,"Oklahoma","Dewey County",1,83,24,9,15
050,40,043,"Oklahoma","Dewey County",1,84,22,11,11
050,40,043,"Oklahoma","Dewey County",1,85,82,20,62
050,40,043,"Oklahoma","Dewey County",2,0,54,25,29
050,40,043,"Oklahoma","Dewey County",2,1,52,27,25
050,40,043,"Oklahoma","Dewey County",2,2,59,28,31
050,40,043,"Oklahoma","Dewey County",2,3,58,22,36
050,40,043,"Oklahoma","Dewey County",2,4,58,28,30
050,40,043,"Oklahoma","Dewey County",2,5,58,31,27
050,40,043,"Oklahoma","Dewey County",2,6,71,36,35
050,40,043,"Oklahoma","Dewey County",2,7,74,36,38
050,40,043,"Oklahoma","Dewey County",2,8,80,37,43
050,40,043,"Oklahoma","Dewey County",2,9,77,34,43
050,40,043,"Oklahoma","Dewey County",2,10,74,38,36
050,40,043,"Oklahoma","Dewey County",2,11,67,37,30
050,40,043,"Oklahoma","Dewey County",2,12,69,31,38
050,40,043,"Oklahoma","Dewey County",2,13,69,31,38
050,40,043,"Oklahoma","Dewey County",2,14,68,32,36
050,40,043,"Oklahoma","Dewey County",2,15,69,35,34
050,40,043,"Oklahoma","Dewey County",2,16,69,35,34
050,40,043,"Oklahoma","Dewey County",2,17,67,33,34
050,40,043,"Oklahoma","Dewey County",2,18,54,25,29
050,40,043,"Oklahoma","Dewey County",2,19,42,22,20
050,40,043,"Oklahoma","Dewey County",2,20,51,27,24
050,40,043,"Oklahoma","Dewey County",2,21,43,24,19
050,40,043,"Oklahoma","Dewey County",2,22,43,22,21
050,40,043,"Oklahoma","Dewey County",2,23,35,19,16
050,40,043,"Oklahoma","Dewey County",2,24,36,21,15
050,40,043,"Oklahoma","Dewey County",2,25,42,22,20
050,40,043,"Oklahoma","Dewey County",2,26,54,28,26
050,40,043,"Oklahoma","Dewey County",2,27,61,30,31
050,40,043,"Oklahoma","Dewey County",2,28,52,27,25
050,40,043,"Oklahoma","Dewey County",2,29,51,28,23
050,40,043,"Oklahoma","Dewey County",2,30,53,24,29
050,40,043,"Oklahoma","Dewey County",2,31,50,25,25
050,40,043,"Oklahoma","Dewey County",2,32,48,26,22
050,40,043,"Oklahoma","Dewey County",2,33,51,24,27
050,40,043,"Oklahoma","Dewey County",2,34,51,25,26
050,40,043,"Oklahoma","Dewey County",2,35,57,27,30
050,40,043,"Oklahoma","Dewey County",2,36,58,29,29
050,40,043,"Oklahoma","Dewey County",2,37,59,31,28
050,40,043,"Oklahoma","Dewey County",2,38,53,31,22
050,40,043,"Oklahoma","Dewey County",2,39,54,28,26
050,40,043,"Oklahoma","Dewey County",2,40,53,28,25
050,40,043,"Oklahoma","Dewey County",2,41,52,31,21
050,40,043,"Oklahoma","Dewey County",2,42,45,23,22
050,40,043,"Oklahoma","Dewey County",2,43,54,27,27
050,40,043,"Oklahoma","Dewey County",2,44,54,30,24
050,40,043,"Oklahoma","Dewey County",2,45,50,27,23
050,40,043,"Oklahoma","Dewey County",2,46,45,24,21
050,40,043,"Oklahoma","Dewey County",2,47,40,19,21
050,40,043,"Oklahoma","Dewey County",2,48,39,18,21
050,40,043,"Oklahoma","Dewey County",2,49,40,19,21
050,40,043,"Oklahoma","Dewey County",2,50,44,22,22
050,40,043,"Oklahoma","Dewey County",2,51,49,26,23
050,40,043,"Oklahoma","Dewey County",2,52,52,24,28
050,40,043,"Oklahoma","Dewey County",2,53,56,27,29
050,40,043,"Oklahoma","Dewey County",2,54,50,25,25
050,40,043,"Oklahoma","Dewey County",2,55,56,27,29
050,40,043,"Oklahoma","Dewey County",2,56,64,29,35
050,40,043,"Oklahoma","Dewey County",2,57,62,29,33
050,40,043,"Oklahoma","Dewey County",2,58,65,39,26
050,40,043,"Oklahoma","Dewey County",2,59,56,29,27
050,40,043,"Oklahoma","Dewey County",2,60,61,29,32
050,40,043,"Oklahoma","Dewey County",2,61,64,27,37
050,40,043,"Oklahoma","Dewey County",2,62,71,36,35
050,40,043,"Oklahoma","Dewey County",2,63,74,37,37
050,40,043,"Oklahoma","Dewey County",2,64,60,29,31
050,40,043,"Oklahoma","Dewey County",2,65,50,25,25
050,40,043,"Oklahoma","Dewey County",2,66,45,23,22
050,40,043,"Oklahoma","Dewey County",2,67,43,24,19
050,40,043,"Oklahoma","Dewey County",2,68,41,22,19
050,40,043,"Oklahoma","Dewey County",2,69,44,22,22
050,40,043,"Oklahoma","Dewey County",2,70,49,23,26
050,40,043,"Oklahoma","Dewey County",2,71,47,22,25
050,40,043,"Oklahoma","Dewey County",2,72,45,23,22
050,40,043,"Oklahoma","Dewey County",2,73,44,22,22
050,40,043,"Oklahoma","Dewey County",2,74,34,16,18
050,40,043,"Oklahoma","Dewey County",2,75,41,20,21
050,40,043,"Oklahoma","Dewey County",2,76,40,19,21
050,40,043,"Oklahoma","Dewey County",2,77,36,16,20
050,40,043,"Oklahoma","Dewey County",2,78,33,14,19
050,40,043,"Oklahoma","Dewey County",2,79,33,16,17
050,40,043,"Oklahoma","Dewey County",2,80,30,12,18
050,40,043,"Oklahoma","Dewey County",2,81,24,10,14
050,40,043,"Oklahoma","Dewey County",2,82,20,10,10
050,40,043,"Oklahoma","Dewey County",2,83,24,10,14
050,40,043,"Oklahoma","Dewey County",2,84,21,10,11
050,40,043,"Oklahoma","Dewey County",2,85,84,21,63
050,40,043,"Oklahoma","Dewey County",3,0,62,32,30
050,40,043,"Oklahoma","Dewey County",3,1,59,25,34
050,40,043,"Oklahoma","Dewey County",3,2,51,31,20
050,40,043,"Oklahoma","Dewey County",3,3,65,32,33
050,40,043,"Oklahoma","Dewey County",3,4,58,25,33
050,40,043,"Oklahoma","Dewey County",3,5,61,30,31
050,40,043,"Oklahoma","Dewey County",3,6,59,29,30
050,40,043,"Oklahoma","Dewey County",3,7,62,28,34
050,40,043,"Oklahoma","Dewey County",3,8,71,36,35
050,40,043,"Oklahoma","Dewey County",3,9,82,39,43
050,40,043,"Oklahoma","Dewey County",3,10,73,34,39
050,40,043,"Oklahoma","Dewey County",3,11,74,38,36
050,40,043,"Oklahoma","Dewey County",3,12,65,36,29
050,40,043,"Oklahoma","Dewey County",3,13,66,28,38
050,40,043,"Oklahoma","Dewey County",3,14,71,32,39
050,40,043,"Oklahoma","Dewey County",3,15,63,29,34
050,40,043,"Oklahoma","Dewey County",3,16,67,35,32
050,40,043,"Oklahoma","Dewey County",3,17,71,36,35
050,40,043,"Oklahoma","Dewey County",3,18,56,26,30
050,40,043,"Oklahoma","Dewey County",3,19,38,20,18
050,40,043,"Oklahoma","Dewey County",3,20,41,20,21
050,40,043,"Oklahoma","Dewey County",3,21,44,22,22
050,40,043,"Oklahoma","Dewey County",3,22,47,26,21
050,40,043,"Oklahoma","Dewey County",3,23,47,23,24
050,40,043,"Oklahoma","Dewey County",3,24,30,16,14
050,40,043,"Oklahoma","Dewey County",3,25,37,21,16
050,40,043,"Oklahoma","Dewey County",3,26,41,21,20
050,40,043,"Oklahoma","Dewey County",3,27,52,26,26
050,40,043,"Oklahoma","Dewey County",3,28,58,29,29
050,40,043,"Oklahoma","Dewey County",3,29,47,24,23
050,40,043,"Oklahoma","Dewey County",3,30,54,30,24
050,40,043,"Oklahoma","Dewey County",3,31,57,25,32
050,40,043,"Oklahoma","Dewey County",3,32,49,26,23
050,40,043,"Oklahoma","Dewey County",3,33,47,26,21
050,40,043,"Oklahoma","Dewey County",3,34,46,20,26
050,40,043,"Oklahoma","Dewey County",3,35,50,27,23
050,40,043,"Oklahoma","Dewey County",3,36,51,26,25
050,40,043,"Oklahoma","Dewey County",3,37,61,31,30
050,40,043,"Oklahoma","Dewey County",3,38,53,29,24
050,40,043,"Oklahoma","Dewey County",3,39,54,28,26
050,40,043,"Oklahoma","Dewey County",3,40,54,26,28
050,40,043,"Oklahoma","Dewey County",3,41,54,27,27
050,40,043,"Oklahoma","Dewey County",3,42,49,30,19
050,40,043,"Oklahoma","Dewey County",3,43,44,21,23
050,40,043,"Oklahoma","Dewey County",3,44,54,27,27
050,40,043,"Oklahoma","Dewey County",3,45,53,29,24
050,40,043,"Oklahoma","Dewey County",3,46,48,27,21
050,40,043,"Oklahoma","Dewey County",3,47,43,22,21
050,40,043,"Oklahoma","Dewey County",3,48,39,18,21
050,40,043,"Oklahoma","Dewey County",3,49,39,19,20
050,40,043,"Oklahoma","Dewey County",3,50,40,18,22
050,40,043,"Oklahoma","Dewey County",3,51,49,23,26
050,40,043,"Oklahoma","Dewey County",3,52,42,25,17
050,40,043,"Oklahoma","Dewey County",3,53,55,24,31
050,40,043,"Oklahoma","Dewey County",3,54,58,31,27
050,40,043,"Oklahoma","Dewey County",3,55,53,29,24
050,40,043,"Oklahoma","Dewey County",3,56,57,28,29
050,40,043,"Oklahoma","Dewey County",3,57,61,29,32
050,40,043,"Oklahoma","Dewey County",3,58,56,26,30
050,40,043,"Oklahoma","Dewey County",3,59,72,44,28
050,40,043,"Oklahoma","Dewey County",3,60,57,30,27
050,40,043,"Oklahoma","Dewey County",3,61,63,27,36
050,40,043,"Oklahoma","Dewey County",3,62,65,28,37
050,40,043,"Oklahoma","Dewey County",3,63,67,31,36
050,40,043,"Oklahoma","Dewey County",3,64,71,36,35
050,40,043,"Oklahoma","Dewey County",3,65,59,28,31
050,40,043,"Oklahoma","Dewey County",3,66,50,26,24
050,40,043,"Oklahoma","Dewey County",3,67,49,25,24
050,40,043,"Oklahoma","Dewey County",3,68,41,23,18
050,40,043,"Oklahoma","Dewey County",3,69,44,25,19
050,40,043,"Oklahoma","Dewey County",3,70,40,21,19
050,40,043,"Oklahoma","Dewey County",3,71,50,25,25
050,40,043,"Oklahoma","Dewey County",3,72,41,18,23
050,40,043,"Oklahoma","Dewey County",3,73,42,21,21
050,40,043,"Oklahoma","Dewey County",3,74,42,22,20
050,40,043,"Oklahoma","Dewey County",3,75,35,16,19
050,40,043,"Oklahoma","Dewey County",3,76,34,16,18
050,40,043,"Oklahoma","Dewey County",3,77,38,19,19
050,40,043,"Oklahoma","Dewey County",3,78,35,15,20
050,40,043,"Oklahoma","Dewey County",3,79,27,9,18
050,40,043,"Oklahoma","Dewey County",3,80,31,14,17
050,40,043,"Oklahoma","Dewey County",3,81,31,13,18
050,40,043,"Oklahoma","Dewey County",3,82,24,9,15
050,40,043,"Oklahoma","Dewey County",3,83,24,11,13
050,40,043,"Oklahoma","Dewey County",3,84,14,7,7
050,40,043,"Oklahoma","Dewey County",3,85,84,18,66
050,40,043,"Oklahoma","Dewey County",4,0,63,31,32
050,40,043,"Oklahoma","Dewey County",4,1,68,34,34
050,40,043,"Oklahoma","Dewey County",4,2,54,25,29
050,40,043,"Oklahoma","Dewey County",4,3,47,26,21
050,40,043,"Oklahoma","Dewey County",4,4,59,26,33
050,40,043,"Oklahoma","Dewey County",4,5,57,25,32
050,40,043,"Oklahoma","Dewey County",4,6,62,31,31
050,40,043,"Oklahoma","Dewey County",4,7,66,32,34
050,40,043,"Oklahoma","Dewey County",4,8,58,25,33
050,40,043,"Oklahoma","Dewey County",4,9,72,35,37
050,40,043,"Oklahoma","Dewey County",4,10,83,40,43
050,40,043,"Oklahoma","Dewey County",4,11,75,31,44
050,40,043,"Oklahoma","Dewey County",4,12,76,39,37
050,40,043,"Oklahoma","Dewey County",4,13,64,37,27
050,40,043,"Oklahoma","Dewey County",4,14,67,31,36
050,40,043,"Oklahoma","Dewey County",4,15,66,30,36
050,40,043,"Oklahoma","Dewey County",4,16,70,29,41
050,40,043,"Oklahoma","Dewey County",4,17,72,39,33
050,40,043,"Oklahoma","Dewey County",4,18,59,32,27
050,40,043,"Oklahoma","Dewey County",4,19,45,19,26
050,40,043,"Oklahoma","Dewey County",4,20,46,22,24
050,40,043,"Oklahoma","Dewey County",4,21,47,22,25
050,40,043,"Oklahoma","Dewey County",4,22,43,22,21
050,40,043,"Oklahoma","Dewey County",4,23,47,26,21
050,40,043,"Oklahoma","Dewey County",4,24,40,20,20
050,40,043,"Oklahoma","Dewey County",4,25,31,18,13
050,40,043,"Oklahoma","Dewey County",4,26,46,24,22
050,40,043,"Oklahoma","Dewey County",4,27,43,22,21
050,40,043,"Oklahoma","Dewey County",4,28,55,30,25
050,40,043,"Oklahoma","Dewey County",4,29,55,30,25
050,40,043,"Oklahoma","Dewey County",4,30,49,25,24
050,40,043,"Oklahoma","Dewey County",4,31,53,31,22
050,40,043,"Oklahoma","Dewey County",4,32,58,26,32
050,40,043,"Oklahoma","Dewey County",4,33,51,26,25
050,40,043,"Oklahoma","Dewey County",4,34,48,28,20
050,40,043,"Oklahoma","Dewey County",4,35,46,21,25
050,40,043,"Oklahoma","Dewey County",4,36,50,27,23
050,40,043,"Oklahoma","Dewey County",4,37,51,24,27
050,40,043,"Oklahoma","Dewey County",4,38,62,32,30
050,40,043,"Oklahoma","Dewey County",4,39,54,26,28
050,40,043,"Oklahoma","Dewey County",4,40,53,30,23
050,40,043,"Oklahoma","Dewey County",4,41,49,25,24
050,40,043,"Oklahoma","Dewey County",4,42,54,28,26
050,40,043,"Oklahoma","Dewey County",4,43,51,31,20
050,40,043,"Oklahoma","Dewey County",4,44,46,21,25
050,40,043,"Oklahoma","Dewey County",4,45,55,27,28
050,40,043,"Oklahoma","Dewey County",4,46,54,30,24
050,40,043,"Oklahoma","Dewey County",4,47,47,27,20
050,40,043,"Oklahoma","Dewey County",4,48,41,22,19
050,40,043,"Oklahoma","Dewey County",4,49,38,18,20
050,40,043,"Oklahoma","Dewey County",4,50,38,19,19
050,40,043,"Oklahoma","Dewey County",4,51,43,17,26
050,40,043,"Oklahoma","Dewey County",4,52,50,24,26
050,40,043,"Oklahoma","Dewey County",4,53,44,28,16
050,40,043,"Oklahoma","Dewey County",4,54,54,24,30
050,40,043,"Oklahoma","Dewey County",4,55,58,28,30
050,40,043,"Oklahoma","Dewey County",4,56,54,29,25
050,40,043,"Oklahoma","Dewey County",4,57,55,29,26
050,40,043,"Oklahoma","Dewey County",4,58,60,29,31
050,40,043,"Oklahoma","Dewey County",4,59,51,23,28
050,40,043,"Oklahoma","Dewey County",4,60,72,45,27
050,40,043,"Oklahoma","Dewey County",4,61,57,29,28
050,40,043,"Oklahoma","Dewey County",4,62,65,31,34
050,40,043,"Oklahoma","Dewey County",4,63,63,26,37
050,40,043,"Oklahoma","Dewey County",4,64,66,32,34
050,40,043,"Oklahoma","Dewey County",4,65,68,35,33
050,40,043,"Oklahoma","Dewey County",4,66,55,27,28
050,40,043,"Oklahoma","Dewey County",4,67,52,27,25
050,40,043,"Oklahoma","Dewey County",4,68,43,23,20
050,40,043,"Oklahoma","Dewey County",4,69,41,24,17
050,40,043,"Oklahoma","Dewey County",4,70,40,23,17
050,40,043,"Oklahoma","Dewey County",4,71,38,23,15
050,40,043,"Oklahoma","Dewey County",4,72,46,23,23
050,40,043,"Oklahoma","Dewey County",4,73,38,14,24
050,40,043,"Oklahoma","Dewey County",4,74,39,19,20
050,40,043,"Oklahoma","Dewey County",4,75,41,22,19
050,40,043,"Oklahoma","Dewey County",4,76,28,12,16
050,40,043,"Oklahoma","Dewey County",4,77,29,14,15
050,40,043,"Oklahoma","Dewey County",4,78,37,17,20
050,40,043,"Oklahoma","Dewey County",4,79,29,11,18
050,40,043,"Oklahoma","Dewey County",4,80,26,8,18
050,40,043,"Oklahoma","Dewey County",4,81,25,13,12
050,40,043,"Oklahoma","Dewey County",4,82,28,11,17
050,40,043,"Oklahoma","Dewey County",4,83,25,9,16
050,40,043,"Oklahoma","Dewey County",4,84,18,9,9
050,40,043,"Oklahoma","Dewey County",4,85,82,16,66
050,40,043,"Oklahoma","Dewey County",5,0,63,31,32
050,40,043,"Oklahoma","Dewey County",5,1,66,38,28
050,40,043,"Oklahoma","Dewey County",5,2,63,32,31
050,40,043,"Oklahoma","Dewey County",5,3,61,32,29
050,40,043,"Oklahoma","Dewey County",5,4,54,29,25
050,40,043,"Oklahoma","Dewey County",5,5,57,27,30
050,40,043,"Oklahoma","Dewey County",5,6,60,25,35
050,40,043,"Oklahoma","Dewey County",5,7,60,33,27
050,40,043,"Oklahoma","Dewey County",5,8,67,33,34
050,40,043,"Oklahoma","Dewey County",5,9,63,30,33
050,40,043,"Oklahoma","Dewey County",5,10,67,34,33
050,40,043,"Oklahoma","Dewey County",5,11,76,37,39
050,40,043,"Oklahoma","Dewey County",5,12,71,28,43
050,40,043,"Oklahoma","Dewey County",5,13,73,39,34
050,40,043,"Oklahoma","Dewey County",5,14,62,35,27
050,40,043,"Oklahoma","Dewey County",5,15,61,31,30
050,40,043,"Oklahoma","Dewey County",5,16,62,31,31
050,40,043,"Oklahoma","Dewey County",5,17,55,24,31
050,40,043,"Oklahoma","Dewey County",5,18,60,32,28
050,40,043,"Oklahoma","Dewey County",5,19,47,25,22
050,40,043,"Oklahoma","Dewey County",5,20,49,21,28
050,40,043,"Oklahoma","Dewey County",5,21,43,19,24
050,40,043,"Oklahoma","Dewey County",5,22,45,21,24
050,40,043,"Oklahoma","Dewey County",5,23,48,25,23
050,40,043,"Oklahoma","Dewey County",5,24,53,27,26
050,40,043,"Oklahoma","Dewey County",5,25,38,19,19
050,40,043,"Oklahoma","Dewey County",5,26,29,16,13
050,40,043,"Oklahoma","Dewey County",5,27,38,17,21
050,40,043,"Oklahoma","Dewey County",5,28,47,23,24
050,40,043,"Oklahoma","Dewey County",5,29,47,26,21
050,40,043,"Oklahoma","Dewey County",5,30,53,26,27
050,40,043,"Oklahoma","Dewey County",5,31,48,24,24
050,40,043,"Oklahoma","Dewey County",5,32,53,31,22
050,40,043,"Oklahoma","Dewey County",5,33,56,30,26
050,40,043,"Oklahoma","Dewey County",5,34,55,27,28
050,40,043,"Oklahoma","Dewey County",5,35,45,23,22
050,40,043,"Oklahoma","Dewey County",5,36,42,17,25
050,40,043,"Oklahoma","Dewey County",5,37,42,24,18
050,40,043,"Oklahoma","Dewey County",5,38,46,23,23
050,40,043,"Oklahoma","Dewey County",5,39,56,26,30
050,40,043,"Oklahoma","Dewey County",5,40,60,31,29
050,40,043,"Oklahoma","Dewey County",5,41,52,32,20
050,40,043,"Oklahoma","Dewey County",5,42,50,24,26
050,40,043,"Oklahoma","Dewey County",5,43,52,27,25
050,40,043,"Oklahoma","Dewey County",5,44,48,30,18
050,40,043,"Oklahoma","Dewey County",5,45,47,22,25
050,40,043,"Oklahoma","Dewey County",5,46,54,27,27
050,40,043,"Oklahoma","Dewey County",5,47,53,30,23
050,40,043,"Oklahoma","Dewey County",5,48,46,27,19
050,40,043,"Oklahoma","Dewey County",5,49,41,22,19
050,40,043,"Oklahoma","Dewey County",5,50,38,18,20
050,40,043,"Oklahoma","Dewey County",5,51,40,20,20
050,40,043,"Oklahoma","Dewey County",5,52,44,17,27
050,40,043,"Oklahoma","Dewey County",5,53,43,22,21
050,40,043,"Oklahoma","Dewey County",5,54,42,26,16
050,40,043,"Oklahoma","Dewey County",5,55,50,24,26
050,40,043,"Oklahoma","Dewey County",5,56,57,26,31
050,40,043,"Oklahoma","Dewey County",5,57,54,29,25
050,40,043,"Oklahoma","Dewey County",5,58,54,28,26
050,40,043,"Oklahoma","Dewey County",5,59,54,25,29
050,40,043,"Oklahoma","Dewey County",5,60,48,23,25
050,40,043,"Oklahoma","Dewey County",5,61,70,44,26
050,40,043,"Oklahoma","Dewey County",5,62,57,31,26
050,40,043,"Oklahoma","Dewey County",5,63,63,29,34
050,40,043,"Oklahoma","Dewey County",5,64,62,26,36
050,40,043,"Oklahoma","Dewey County",5,65,63,32,31
050,40,043,"Oklahoma","Dewey County",5,66,70,36,34
050,40,043,"Oklahoma","Dewey County",5,67,54,25,29
050,40,043,"Oklahoma","Dewey County",5,68,44,23,21
050,40,043,"Oklahoma","Dewey County",5,69,45,23,22
050,40,043,"Oklahoma","Dewey County",5,70,37,22,15
050,40,043,"Oklahoma","Dewey County",5,71,40,25,15
050,40,043,"Oklahoma","Dewey County",5,72,35,21,14
050,40,043,"Oklahoma","Dewey County",5,73,45,21,24
050,40,043,"Oklahoma","Dewey County",5,74,36,13,23
050,40,043,"Oklahoma","Dewey County",5,75,40,20,20
050,40,043,"Oklahoma","Dewey County",5,76,33,16,17
050,40,043,"Oklahoma","Dewey County",5,77,23,10,13
050,40,043,"Oklahoma","Dewey County",5,78,28,12,16
050,40,043,"Oklahoma","Dewey County",5,79,33,16,17
050,40,043,"Oklahoma","Dewey County",5,80,27,10,17
050,40,043,"Oklahoma","Dewey County",5,81,21,8,13
050,40,043,"Oklahoma","Dewey County",5,82,23,11,12
050,40,043,"Oklahoma","Dewey County",5,83,30,11,19
050,40,043,"Oklahoma","Dewey County",5,84,16,6,10
050,40,043,"Oklahoma","Dewey County",5,85,83,17,66
050,40,045,"Oklahoma","Ellis County",1,0,46,24,22
050,40,045,"Oklahoma","Ellis County",1,1,47,27,20
050,40,045,"Oklahoma","Ellis County",1,2,40,20,20
050,40,045,"Oklahoma","Ellis County",1,3,34,22,12
050,40,045,"Oklahoma","Ellis County",1,4,43,19,24
050,40,045,"Oklahoma","Ellis County",1,5,34,17,17
050,40,045,"Oklahoma","Ellis County",1,6,51,25,26
050,40,045,"Oklahoma","Ellis County",1,7,46,17,29
050,40,045,"Oklahoma","Ellis County",1,8,40,20,20
050,40,045,"Oklahoma","Ellis County",1,9,42,17,25
050,40,045,"Oklahoma","Ellis County",1,10,54,21,33
050,40,045,"Oklahoma","Ellis County",1,11,53,24,29
050,40,045,"Oklahoma","Ellis County",1,12,44,26,18
050,40,045,"Oklahoma","Ellis County",1,13,52,36,16
050,40,045,"Oklahoma","Ellis County",1,14,53,28,25
050,40,045,"Oklahoma","Ellis County",1,15,65,24,41
050,40,045,"Oklahoma","Ellis County",1,16,65,32,33
050,40,045,"Oklahoma","Ellis County",1,17,55,29,26
050,40,045,"Oklahoma","Ellis County",1,18,48,26,22
050,40,045,"Oklahoma","Ellis County",1,19,34,18,16
050,40,045,"Oklahoma","Ellis County",1,20,33,18,15
050,40,045,"Oklahoma","Ellis County",1,21,40,22,18
050,40,045,"Oklahoma","Ellis County",1,22,32,14,18
050,40,045,"Oklahoma","Ellis County",1,23,36,22,14
050,40,045,"Oklahoma","Ellis County",1,24,39,21,18
050,40,045,"Oklahoma","Ellis County",1,25,37,18,19
050,40,045,"Oklahoma","Ellis County",1,26,38,20,18
050,40,045,"Oklahoma","Ellis County",1,27,39,16,23
050,40,045,"Oklahoma","Ellis County",1,28,50,28,22
050,40,045,"Oklahoma","Ellis County",1,29,35,19,16
050,40,045,"Oklahoma","Ellis County",1,30,27,15,12
050,40,045,"Oklahoma","Ellis County",1,31,27,16,11
050,40,045,"Oklahoma","Ellis County",1,32,41,24,17
050,40,045,"Oklahoma","Ellis County",1,33,35,21,14
050,40,045,"Oklahoma","Ellis County",1,34,36,22,14
050,40,045,"Oklahoma","Ellis County",1,35,40,21,19
050,40,045,"Oklahoma","Ellis County",1,36,36,18,18
050,40,045,"Oklahoma","Ellis County",1,37,43,26,17
050,40,045,"Oklahoma","Ellis County",1,38,47,22,25
050,40,045,"Oklahoma","Ellis County",1,39,40,17,23
050,40,045,"Oklahoma","Ellis County",1,40,45,23,22
050,40,045,"Oklahoma","Ellis County",1,41,47,25,22
050,40,045,"Oklahoma","Ellis County",1,42,47,28,19
050,40,045,"Oklahoma","Ellis County",1,43,40,24,16
050,40,045,"Oklahoma","Ellis County",1,44,52,25,27
050,40,045,"Oklahoma","Ellis County",1,45,53,26,27
050,40,045,"Oklahoma","Ellis County",1,46,42,25,17
050,40,045,"Oklahoma","Ellis County",1,47,34,14,20
050,40,045,"Oklahoma","Ellis County",1,48,58,31,27
050,40,045,"Oklahoma","Ellis County",1,49,52,29,23
050,40,045,"Oklahoma","Ellis County",1,50,44,28,16
050,40,045,"Oklahoma","Ellis County",1,51,40,23,17
050,40,045,"Oklahoma","Ellis County",1,52,35,20,15
050,40,045,"Oklahoma","Ellis County",1,53,43,24,19
050,40,045,"Oklahoma","Ellis County",1,54,35,19,16
050,40,045,"Oklahoma","Ellis County",1,55,42,20,22
050,40,045,"Oklahoma","Ellis County",1,56,47,24,23
050,40,045,"Oklahoma","Ellis County",1,57,54,27,27
050,40,045,"Oklahoma","Ellis County",1,58,50,25,25
050,40,045,"Oklahoma","Ellis County",1,59,49,23,26
050,40,045,"Oklahoma","Ellis County",1,60,54,29,25
050,40,045,"Oklahoma","Ellis County",1,61,63,37,26
050,40,045,"Oklahoma","Ellis County",1,62,44,24,20
050,40,045,"Oklahoma","Ellis County",1,63,62,26,36
050,40,045,"Oklahoma","Ellis County",1,64,52,19,33
050,40,045,"Oklahoma","Ellis County",1,65,55,24,31
050,40,045,"Oklahoma","Ellis County",1,66,56,34,22
050,40,045,"Oklahoma","Ellis County",1,67,64,34,30
050,40,045,"Oklahoma","Ellis County",1,68,53,30,23
050,40,045,"Oklahoma","Ellis County",1,69,53,28,25
050,40,045,"Oklahoma","Ellis County",1,70,55,26,29
050,40,045,"Oklahoma","Ellis County",1,71,53,23,30
050,40,045,"Oklahoma","Ellis County",1,72,42,23,19
050,40,045,"Oklahoma","Ellis County",1,73,44,20,24
050,40,045,"Oklahoma","Ellis County",1,74,31,17,14
050,40,045,"Oklahoma","Ellis County",1,75,34,13,21
050,40,045,"Oklahoma","Ellis County",1,76,33,12,21
050,40,045,"Oklahoma","Ellis County",1,77,33,14,19
050,40,045,"Oklahoma","Ellis County",1,78,28,15,13
050,40,045,"Oklahoma","Ellis County",1,79,24,9,15
050,40,045,"Oklahoma","Ellis County",1,80,26,13,13
050,40,045,"Oklahoma","Ellis County",1,81,26,13,13
050,40,045,"Oklahoma","Ellis County",1,82,23,12,11
050,40,045,"Oklahoma","Ellis County",1,83,20,9,11
050,40,045,"Oklahoma","Ellis County",1,84,16,8,8
050,40,045,"Oklahoma","Ellis County",1,85,97,24,73
050,40,045,"Oklahoma","Ellis County",2,0,43,21,22
050,40,045,"Oklahoma","Ellis County",2,1,47,27,20
050,40,045,"Oklahoma","Ellis County",2,2,41,22,19
050,40,045,"Oklahoma","Ellis County",2,3,33,19,14
050,40,045,"Oklahoma","Ellis County",2,4,41,19,22
050,40,045,"Oklahoma","Ellis County",2,5,37,18,19
050,40,045,"Oklahoma","Ellis County",2,6,46,22,24
050,40,045,"Oklahoma","Ellis County",2,7,46,19,27
050,40,045,"Oklahoma","Ellis County",2,8,41,20,21
050,40,045,"Oklahoma","Ellis County",2,9,42,18,24
050,40,045,"Oklahoma","Ellis County",2,10,50,19,31
050,40,045,"Oklahoma","Ellis County",2,11,52,23,29
050,40,045,"Oklahoma","Ellis County",2,12,47,27,20
050,40,045,"Oklahoma","Ellis County",2,13,52,35,17
050,40,045,"Oklahoma","Ellis County",2,14,51,29,22
050,40,045,"Oklahoma","Ellis County",2,15,62,25,37
050,40,045,"Oklahoma","Ellis County",2,16,67,32,35
050,40,045,"Oklahoma","Ellis County",2,17,56,29,27
050,40,045,"Oklahoma","Ellis County",2,18,46,26,20
050,40,045,"Oklahoma","Ellis County",2,19,35,19,16
050,40,045,"Oklahoma","Ellis County",2,20,34,19,15
050,40,045,"Oklahoma","Ellis County",2,21,38,20,18
050,40,045,"Oklahoma","Ellis County",2,22,35,16,19
050,40,045,"Oklahoma","Ellis County",2,23,37,21,16
050,40,045,"Oklahoma","Ellis County",2,24,37,20,17
050,40,045,"Oklahoma","Ellis County",2,25,39,20,19
050,40,045,"Oklahoma","Ellis County",2,26,38,19,19
050,40,045,"Oklahoma","Ellis County",2,27,38,17,21
050,40,045,"Oklahoma","Ellis County",2,28,49,27,22
050,40,045,"Oklahoma","Ellis County",2,29,38,21,17
050,40,045,"Oklahoma","Ellis County",2,30,29,16,13
050,40,045,"Oklahoma","Ellis County",2,31,28,16,12
050,40,045,"Oklahoma","Ellis County",2,32,36,21,15
050,40,045,"Oklahoma","Ellis County",2,33,36,21,15
050,40,045,"Oklahoma","Ellis County",2,34,35,21,14
050,40,045,"Oklahoma","Ellis County",2,35,38,21,17
050,40,045,"Oklahoma","Ellis County",2,36,35,18,17
050,40,045,"Oklahoma","Ellis County",2,37,41,24,17
050,40,045,"Oklahoma","Ellis County",2,38,47,24,23
050,40,045,"Oklahoma","Ellis County",2,39,43,19,24
050,40,045,"Oklahoma","Ellis County",2,40,44,21,23
050,40,045,"Oklahoma","Ellis County",2,41,49,26,23
050,40,045,"Oklahoma","Ellis County",2,42,47,27,20
050,40,045,"Oklahoma","Ellis County",2,43,42,25,17
050,40,045,"Oklahoma","Ellis County",2,44,49,24,25
050,40,045,"Oklahoma","Ellis County",2,45,53,26,27
050,40,045,"Oklahoma","Ellis County",2,46,44,25,19
050,40,045,"Oklahoma","Ellis County",2,47,35,16,19
050,40,045,"Oklahoma","Ellis County",2,48,52,28,24
050,40,045,"Oklahoma","Ellis County",2,49,53,29,24
050,40,045,"Oklahoma","Ellis County",2,50,46,28,18
050,40,045,"Oklahoma","Ellis County",2,51,41,24,17
050,40,045,"Oklahoma","Ellis County",2,52,36,21,15
050,40,045,"Oklahoma","Ellis County",2,53,42,24,18
050,40,045,"Oklahoma","Ellis County",2,54,37,20,17
050,40,045,"Oklahoma","Ellis County",2,55,40,20,20
050,40,045,"Oklahoma","Ellis County",2,56,48,24,24
050,40,045,"Oklahoma","Ellis County",2,57,53,27,26
050,40,045,"Oklahoma","Ellis County",2,58,51,26,25
050,40,045,"Oklahoma","Ellis County",2,59,48,23,25
050,40,045,"Oklahoma","Ellis County",2,60,54,28,26
050,40,045,"Oklahoma","Ellis County",2,61,60,34,26
050,40,045,"Oklahoma","Ellis County",2,62,49,27,22
050,40,045,"Oklahoma","Ellis County",2,63,59,26,33
050,40,045,"Oklahoma","Ellis County",2,64,52,19,33
050,40,045,"Oklahoma","Ellis County",2,65,54,23,31
050,40,045,"Oklahoma","Ellis County",2,66,56,32,24
050,40,045,"Oklahoma","Ellis County",2,67,61,33,28
050,40,045,"Oklahoma","Ellis County",2,68,54,30,24
050,40,045,"Oklahoma","Ellis County",2,69,54,29,25
050,40,045,"Oklahoma","Ellis County",2,70,55,27,28
050,40,045,"Oklahoma","Ellis County",2,71,52,23,29
050,40,045,"Oklahoma","Ellis County",2,72,43,22,21
050,40,045,"Oklahoma","Ellis County",2,73,45,22,23
050,40,045,"Oklahoma","Ellis County",2,74,30,16,14
050,40,045,"Oklahoma","Ellis County",2,75,34,14,20
050,40,045,"Oklahoma","Ellis County",2,76,34,13,21
050,40,045,"Oklahoma","Ellis County",2,77,34,14,20
050,40,045,"Oklahoma","Ellis County",2,78,28,14,14
050,40,045,"Oklahoma","Ellis County",2,79,25,10,15
050,40,045,"Oklahoma","Ellis County",2,80,24,11,13
050,40,045,"Oklahoma","Ellis County",2,81,26,13,13
050,40,045,"Oklahoma","Ellis County",2,82,24,13,11
050,40,045,"Oklahoma","Ellis County",2,83,21,10,11
050,40,045,"Oklahoma","Ellis County",2,84,16,8,8
050,40,045,"Oklahoma","Ellis County",2,85,99,26,73
050,40,045,"Oklahoma","Ellis County",3,0,39,17,22
050,40,045,"Oklahoma","Ellis County",3,1,47,21,26
050,40,045,"Oklahoma","Ellis County",3,2,48,27,21
050,40,045,"Oklahoma","Ellis County",3,3,40,22,18
050,40,045,"Oklahoma","Ellis County",3,4,35,18,17
050,40,045,"Oklahoma","Ellis County",3,5,46,19,27
050,40,045,"Oklahoma","Ellis County",3,6,41,22,19
050,40,045,"Oklahoma","Ellis County",3,7,48,23,25
050,40,045,"Oklahoma","Ellis County",3,8,50,22,28
050,40,045,"Oklahoma","Ellis County",3,9,41,20,21
050,40,045,"Oklahoma","Ellis County",3,10,47,20,27
050,40,045,"Oklahoma","Ellis County",3,11,51,20,31
050,40,045,"Oklahoma","Ellis County",3,12,51,22,29
050,40,045,"Oklahoma","Ellis County",3,13,48,29,19
050,40,045,"Oklahoma","Ellis County",3,14,51,32,19
050,40,045,"Oklahoma","Ellis County",3,15,58,33,25
050,40,045,"Oklahoma","Ellis County",3,16,56,22,34
050,40,045,"Oklahoma","Ellis County",3,17,68,34,34
050,40,045,"Oklahoma","Ellis County",3,18,45,23,22
050,40,045,"Oklahoma","Ellis County",3,19,35,21,14
050,40,045,"Oklahoma","Ellis County",3,20,39,20,19
050,40,045,"Oklahoma","Ellis County",3,21,31,15,16
050,40,045,"Oklahoma","Ellis County",3,22,39,22,17
050,40,045,"Oklahoma","Ellis County",3,23,33,14,19
050,40,045,"Oklahoma","Ellis County",3,24,34,20,14
050,40,045,"Oklahoma","Ellis County",3,25,43,27,16
050,40,045,"Oklahoma","Ellis County",3,26,32,18,14
050,40,045,"Oklahoma","Ellis County",3,27,39,22,17
050,40,045,"Oklahoma","Ellis County",3,28,44,20,24
050,40,045,"Oklahoma","Ellis County",3,29,49,25,24
050,40,045,"Oklahoma","Ellis County",3,30,43,23,20
050,40,045,"Oklahoma","Ellis County",3,31,32,18,14
050,40,045,"Oklahoma","Ellis County",3,32,22,12,10
050,40,045,"Oklahoma","Ellis County",3,33,32,16,16
050,40,045,"Oklahoma","Ellis County",3,34,38,22,16
050,40,045,"Oklahoma","Ellis County",3,35,40,20,20
050,40,045,"Oklahoma","Ellis County",3,36,37,19,18
050,40,045,"Oklahoma","Ellis County",3,37,36,17,19
050,40,045,"Oklahoma","Ellis County",3,38,40,24,16
050,40,045,"Oklahoma","Ellis County",3,39,51,28,23
050,40,045,"Oklahoma","Ellis County",3,40,41,18,23
050,40,045,"Oklahoma","Ellis County",3,41,45,22,23
050,40,045,"Oklahoma","Ellis County",3,42,51,26,25
050,40,045,"Oklahoma","Ellis County",3,43,48,27,21
050,40,045,"Oklahoma","Ellis County",3,44,46,25,21
050,40,045,"Oklahoma","Ellis County",3,45,49,28,21
050,40,045,"Oklahoma","Ellis County",3,46,50,24,26
050,40,045,"Oklahoma","Ellis County",3,47,48,26,22
050,40,045,"Oklahoma","Ellis County",3,48,33,18,15
050,40,045,"Oklahoma","Ellis County",3,49,49,26,23
050,40,045,"Oklahoma","Ellis County",3,50,52,27,25
050,40,045,"Oklahoma","Ellis County",3,51,45,27,18
050,40,045,"Oklahoma","Ellis County",3,52,41,24,17
050,40,045,"Oklahoma","Ellis County",3,53,35,20,15
050,40,045,"Oklahoma","Ellis County",3,54,44,23,21
050,40,045,"Oklahoma","Ellis County",3,55,33,16,17
050,40,045,"Oklahoma","Ellis County",3,56,40,20,20
050,40,045,"Oklahoma","Ellis County",3,57,49,26,23
050,40,045,"Oklahoma","Ellis County",3,58,52,26,26
050,40,045,"Oklahoma","Ellis County",3,59,51,26,25
050,40,045,"Oklahoma","Ellis County",3,60,44,20,24
050,40,045,"Oklahoma","Ellis County",3,61,55,26,29
050,40,045,"Oklahoma","Ellis County",3,62,59,34,25
050,40,045,"Oklahoma","Ellis County",3,63,47,25,22
050,40,045,"Oklahoma","Ellis County",3,64,56,26,30
050,40,045,"Oklahoma","Ellis County",3,65,50,17,33
050,40,045,"Oklahoma","Ellis County",3,66,51,22,29
050,40,045,"Oklahoma","Ellis County",3,67,57,34,23
050,40,045,"Oklahoma","Ellis County",3,68,59,33,26
050,40,045,"Oklahoma","Ellis County",3,69,54,31,23
050,40,045,"Oklahoma","Ellis County",3,70,53,29,24
050,40,045,"Oklahoma","Ellis County",3,71,52,22,30
050,40,045,"Oklahoma","Ellis County",3,72,48,19,29
050,40,045,"Oklahoma","Ellis County",3,73,40,22,18
050,40,045,"Oklahoma","Ellis County",3,74,41,19,22
050,40,045,"Oklahoma","Ellis County",3,75,30,16,14
050,40,045,"Oklahoma","Ellis County",3,76,32,12,20
050,40,045,"Oklahoma","Ellis County",3,77,37,15,22
050,40,045,"Oklahoma","Ellis County",3,78,25,8,17
050,40,045,"Oklahoma","Ellis County",3,79,21,9,12
050,40,045,"Oklahoma","Ellis County",3,80,22,7,15
050,40,045,"Oklahoma","Ellis County",3,81,24,11,13
050,40,045,"Oklahoma","Ellis County",3,82,27,14,13
050,40,045,"Oklahoma","Ellis County",3,83,21,11,10
050,40,045,"Oklahoma","Ellis County",3,84,17,7,10
050,40,045,"Oklahoma","Ellis County",3,85,110,31,79
050,40,045,"Oklahoma","Ellis County",4,0,41,26,15
050,40,045,"Oklahoma","Ellis County",4,1,31,10,21
050,40,045,"Oklahoma","Ellis County",4,2,44,19,25
050,40,045,"Oklahoma","Ellis County",4,3,46,25,21
050,40,045,"Oklahoma","Ellis County",4,4,35,21,14
050,40,045,"Oklahoma","Ellis County",4,5,35,19,16
050,40,045,"Oklahoma","Ellis County",4,6,47,24,23
050,40,045,"Oklahoma","Ellis County",4,7,43,23,20
050,40,045,"Oklahoma","Ellis County",4,8,48,23,25
050,40,045,"Oklahoma","Ellis County",4,9,48,21,27
050,40,045,"Oklahoma","Ellis County",4,10,45,22,23
050,40,045,"Oklahoma","Ellis County",4,11,42,15,27
050,40,045,"Oklahoma","Ellis County",4,12,48,17,31
050,40,045,"Oklahoma","Ellis County",4,13,55,22,33
050,40,045,"Oklahoma","Ellis County",4,14,49,27,22
050,40,045,"Oklahoma","Ellis County",4,15,51,32,19
050,40,045,"Oklahoma","Ellis County",4,16,57,31,26
050,40,045,"Oklahoma","Ellis County",4,17,59,24,35
050,40,045,"Oklahoma","Ellis County",4,18,56,28,28
050,40,045,"Oklahoma","Ellis County",4,19,30,13,17
050,40,045,"Oklahoma","Ellis County",4,20,31,19,12
050,40,045,"Oklahoma","Ellis County",4,21,34,16,18
050,40,045,"Oklahoma","Ellis County",4,22,35,16,19
050,40,045,"Oklahoma","Ellis County",4,23,45,26,19
050,40,045,"Oklahoma","Ellis County",4,24,34,17,17
050,40,045,"Oklahoma","Ellis County",4,25,39,22,17
050,40,045,"Oklahoma","Ellis County",4,26,38,20,18
050,40,045,"Oklahoma","Ellis County",4,27,38,22,16
050,40,045,"Oklahoma","Ellis County",4,28,33,18,15
050,40,045,"Oklahoma","Ellis County",4,29,36,16,20
050,40,045,"Oklahoma","Ellis County",4,30,46,24,22
050,40,045,"Oklahoma","Ellis County",4,31,43,20,23
050,40,045,"Oklahoma","Ellis County",4,32,30,19,11
050,40,045,"Oklahoma","Ellis County",4,33,24,11,13
050,40,045,"Oklahoma","Ellis County",4,34,37,19,18
050,40,045,"Oklahoma","Ellis County",4,35,34,21,13
050,40,045,"Oklahoma","Ellis County",4,36,34,18,16
050,40,045,"Oklahoma","Ellis County",4,37,38,19,19
050,40,045,"Oklahoma","Ellis County",4,38,34,14,20
050,40,045,"Oklahoma","Ellis County",4,39,47,31,16
050,40,045,"Oklahoma","Ellis County",4,40,53,27,26
050,40,045,"Oklahoma","Ellis County",4,41,38,17,21
050,40,045,"Oklahoma","Ellis County",4,42,44,22,22
050,40,045,"Oklahoma","Ellis County",4,43,51,26,25
050,40,045,"Oklahoma","Ellis County",4,44,47,26,21
050,40,045,"Oklahoma","Ellis County",4,45,49,27,22
050,40,045,"Oklahoma","Ellis County",4,46,48,27,21
050,40,045,"Oklahoma","Ellis County",4,47,49,24,25
050,40,045,"Oklahoma","Ellis County",4,48,47,26,21
050,40,045,"Oklahoma","Ellis County",4,49,31,16,15
050,40,045,"Oklahoma","Ellis County",4,50,49,26,23
050,40,045,"Oklahoma","Ellis County",4,51,52,27,25
050,40,045,"Oklahoma","Ellis County",4,52,38,21,17
050,40,045,"Oklahoma","Ellis County",4,53,42,24,18
050,40,045,"Oklahoma","Ellis County",4,54,39,19,20
050,40,045,"Oklahoma","Ellis County",4,55,43,23,20
050,40,045,"Oklahoma","Ellis County",4,56,34,16,18
050,40,045,"Oklahoma","Ellis County",4,57,41,21,20
050,40,045,"Oklahoma","Ellis County",4,58,51,25,26
050,40,045,"Oklahoma","Ellis County",4,59,51,26,25
050,40,045,"Oklahoma","Ellis County",4,60,44,22,22
050,40,045,"Oklahoma","Ellis County",4,61,48,23,25
050,40,045,"Oklahoma","Ellis County",4,62,56,26,30
050,40,045,"Oklahoma","Ellis County",4,63,59,32,27
050,40,045,"Oklahoma","Ellis County",4,64,44,24,20
050,40,045,"Oklahoma","Ellis County",4,65,56,24,32
050,40,045,"Oklahoma","Ellis County",4,66,50,15,35
050,40,045,"Oklahoma","Ellis County",4,67,49,21,28
050,40,045,"Oklahoma","Ellis County",4,68,57,35,22
050,40,045,"Oklahoma","Ellis County",4,69,60,33,27
050,40,045,"Oklahoma","Ellis County",4,70,55,31,24
050,40,045,"Oklahoma","Ellis County",4,71,53,28,25
050,40,045,"Oklahoma","Ellis County",4,72,48,20,28
050,40,045,"Oklahoma","Ellis County",4,73,44,18,26
050,40,045,"Oklahoma","Ellis County",4,74,37,20,17
050,40,045,"Oklahoma","Ellis County",4,75,42,19,23
050,40,045,"Oklahoma","Ellis County",4,76,29,15,14
050,40,045,"Oklahoma","Ellis County",4,77,37,13,24
050,40,045,"Oklahoma","Ellis County",4,78,29,13,16
050,40,045,"Oklahoma","Ellis County",4,79,24,8,16
050,40,045,"Oklahoma","Ellis County",4,80,20,8,12
050,40,045,"Oklahoma","Ellis County",4,81,20,7,13
050,40,045,"Oklahoma","Ellis County",4,82,25,12,13
050,40,045,"Oklahoma","Ellis County",4,83,25,12,13
050,40,045,"Oklahoma","Ellis County",4,84,19,12,7
050,40,045,"Oklahoma","Ellis County",4,85,116,33,83
050,40,045,"Oklahoma","Ellis County",5,0,40,25,15
050,40,045,"Oklahoma","Ellis County",5,1,37,18,19
050,40,045,"Oklahoma","Ellis County",5,2,33,14,19
050,40,045,"Oklahoma","Ellis County",5,3,40,20,20
050,40,045,"Oklahoma","Ellis County",5,4,52,28,24
050,40,045,"Oklahoma","Ellis County",5,5,35,19,16
050,40,045,"Oklahoma","Ellis County",5,6,37,19,18
050,40,045,"Oklahoma","Ellis County",5,7,47,26,21
050,40,045,"Oklahoma","Ellis County",5,8,39,22,17
050,40,045,"Oklahoma","Ellis County",5,9,49,20,29
050,40,045,"Oklahoma","Ellis County",5,10,45,18,27
050,40,045,"Oklahoma","Ellis County",5,11,44,20,24
050,40,045,"Oklahoma","Ellis County",5,12,39,14,25
050,40,045,"Oklahoma","Ellis County",5,13,54,22,32
050,40,045,"Oklahoma","Ellis County",5,14,54,22,32
050,40,045,"Oklahoma","Ellis County",5,15,51,28,23
050,40,045,"Oklahoma","Ellis County",5,16,49,31,18
050,40,045,"Oklahoma","Ellis County",5,17,54,31,23
050,40,045,"Oklahoma","Ellis County",5,18,49,18,31
050,40,045,"Oklahoma","Ellis County",5,19,42,21,21
050,40,045,"Oklahoma","Ellis County",5,20,29,15,14
050,40,045,"Oklahoma","Ellis County",5,21,32,20,12
050,40,045,"Oklahoma","Ellis County",5,22,34,17,17
050,40,045,"Oklahoma","Ellis County",5,23,38,18,20
050,40,045,"Oklahoma","Ellis County",5,24,45,27,18
050,40,045,"Oklahoma","Ellis County",5,25,38,17,21
050,40,045,"Oklahoma","Ellis County",5,26,43,25,18
050,40,045,"Oklahoma","Ellis County",5,27,38,16,22
050,40,045,"Oklahoma","Ellis County",5,28,36,22,14
050,40,045,"Oklahoma","Ellis County",5,29,33,18,15
050,40,045,"Oklahoma","Ellis County",5,30,33,13,20
050,40,045,"Oklahoma","Ellis County",5,31,53,27,26
050,40,045,"Oklahoma","Ellis County",5,32,47,29,18
050,40,045,"Oklahoma","Ellis County",5,33,33,18,15
050,40,045,"Oklahoma","Ellis County",5,34,23,10,13
050,40,045,"Oklahoma","Ellis County",5,35,30,14,16
050,40,045,"Oklahoma","Ellis County",5,36,33,21,12
050,40,045,"Oklahoma","Ellis County",5,37,33,20,13
050,40,045,"Oklahoma","Ellis County",5,38,35,19,16
050,40,045,"Oklahoma","Ellis County",5,39,25,9,16
050,40,045,"Oklahoma","Ellis County",5,40,53,34,19
050,40,045,"Oklahoma","Ellis County",5,41,56,26,30
050,40,045,"Oklahoma","Ellis County",5,42,33,18,15
050,40,045,"Oklahoma","Ellis County",5,43,43,21,22
050,40,045,"Oklahoma","Ellis County",5,44,49,25,24
050,40,045,"Oklahoma","Ellis County",5,45,47,28,19
050,40,045,"Oklahoma","Ellis County",5,46,46,24,22
050,40,045,"Oklahoma","Ellis County",5,47,47,27,20
050,40,045,"Oklahoma","Ellis County",5,48,48,23,25
050,40,045,"Oklahoma","Ellis County",5,49,46,24,22
050,40,045,"Oklahoma","Ellis County",5,50,30,15,15
050,40,045,"Oklahoma","Ellis County",5,51,48,26,22
050,40,045,"Oklahoma","Ellis County",5,52,51,27,24
050,40,045,"Oklahoma","Ellis County",5,53,40,21,19
050,40,045,"Oklahoma","Ellis County",5,54,42,23,19
050,40,045,"Oklahoma","Ellis County",5,55,36,17,19
050,40,045,"Oklahoma","Ellis County",5,56,43,23,20
050,40,045,"Oklahoma","Ellis County",5,57,33,15,18
050,40,045,"Oklahoma","Ellis County",5,58,39,21,18
050,40,045,"Oklahoma","Ellis County",5,59,51,25,26
050,40,045,"Oklahoma","Ellis County",5,60,49,24,25
050,40,045,"Oklahoma","Ellis County",5,61,47,23,24
050,40,045,"Oklahoma","Ellis County",5,62,46,23,23
050,40,045,"Oklahoma","Ellis County",5,63,56,28,28
050,40,045,"Oklahoma","Ellis County",5,64,64,34,30
050,40,045,"Oklahoma","Ellis County",5,65,42,22,20
050,40,045,"Oklahoma","Ellis County",5,66,57,25,32
050,40,045,"Oklahoma","Ellis County",5,67,45,14,31
050,40,045,"Oklahoma","Ellis County",5,68,48,21,27
050,40,045,"Oklahoma","Ellis County",5,69,56,34,22
050,40,045,"Oklahoma","Ellis County",5,70,63,36,27
050,40,045,"Oklahoma","Ellis County",5,71,54,29,25
050,40,045,"Oklahoma","Ellis County",5,72,50,26,24
050,40,045,"Oklahoma","Ellis County",5,73,44,18,26
050,40,045,"Oklahoma","Ellis County",5,74,42,17,25
050,40,045,"Oklahoma","Ellis County",5,75,36,20,16
050,40,045,"Oklahoma","Ellis County",5,76,41,18,23
050,40,045,"Oklahoma","Ellis County",5,77,31,16,15
050,40,045,"Oklahoma","Ellis County",5,78,32,11,21
050,40,045,"Oklahoma","Ellis County",5,79,28,13,15
050,40,045,"Oklahoma","Ellis County",5,80,22,7,15
050,40,045,"Oklahoma","Ellis County",5,81,18,8,10
050,40,045,"Oklahoma","Ellis County",5,82,22,8,14
050,40,045,"Oklahoma","Ellis County",5,83,24,11,13
050,40,045,"Oklahoma","Ellis County",5,84,24,12,12
050,40,045,"Oklahoma","Ellis County",5,85,125,43,82
050,40,047,"Oklahoma","Garfield County",1,0,841,424,417
050,40,047,"Oklahoma","Garfield County",1,1,848,432,416
050,40,047,"Oklahoma","Garfield County",1,2,891,474,417
050,40,047,"Oklahoma","Garfield County",1,3,955,477,478
050,40,047,"Oklahoma","Garfield County",1,4,942,475,467
050,40,047,"Oklahoma","Garfield County",1,5,903,471,432
050,40,047,"Oklahoma","Garfield County",1,6,902,461,441
050,40,047,"Oklahoma","Garfield County",1,7,890,452,438
050,40,047,"Oklahoma","Garfield County",1,8,880,442,438
050,40,047,"Oklahoma","Garfield County",1,9,911,456,455
050,40,047,"Oklahoma","Garfield County",1,10,951,485,466
050,40,047,"Oklahoma","Garfield County",1,11,937,471,466
050,40,047,"Oklahoma","Garfield County",1,12,982,499,483
050,40,047,"Oklahoma","Garfield County",1,13,975,486,489
050,40,047,"Oklahoma","Garfield County",1,14,967,515,452
050,40,047,"Oklahoma","Garfield County",1,15,921,473,448
050,40,047,"Oklahoma","Garfield County",1,16,900,460,440
050,40,047,"Oklahoma","Garfield County",1,17,844,439,405
050,40,047,"Oklahoma","Garfield County",1,18,743,385,358
050,40,047,"Oklahoma","Garfield County",1,19,639,333,306
050,40,047,"Oklahoma","Garfield County",1,20,679,356,323
050,40,047,"Oklahoma","Garfield County",1,21,704,383,321
050,40,047,"Oklahoma","Garfield County",1,22,781,408,373
050,40,047,"Oklahoma","Garfield County",1,23,1009,592,417
050,40,047,"Oklahoma","Garfield County",1,24,998,600,398
050,40,047,"Oklahoma","Garfield County",1,25,893,531,362
050,40,047,"Oklahoma","Garfield County",1,26,851,463,388
050,40,047,"Oklahoma","Garfield County",1,27,879,461,418
050,40,047,"Oklahoma","Garfield County",1,28,834,407,427
050,40,047,"Oklahoma","Garfield County",1,29,857,446,411
050,40,047,"Oklahoma","Garfield County",1,30,844,455,389
050,40,047,"Oklahoma","Garfield County",1,31,830,433,397
050,40,047,"Oklahoma","Garfield County",1,32,839,427,412
050,40,047,"Oklahoma","Garfield County",1,33,817,417,400
050,40,047,"Oklahoma","Garfield County",1,34,830,447,383
050,40,047,"Oklahoma","Garfield County",1,35,869,457,412
050,40,047,"Oklahoma","Garfield County",1,36,846,429,417
050,40,047,"Oklahoma","Garfield County",1,37,876,440,436
050,40,047,"Oklahoma","Garfield County",1,38,878,443,435
050,40,047,"Oklahoma","Garfield County",1,39,861,450,411
050,40,047,"Oklahoma","Garfield County",1,40,811,403,408
050,40,047,"Oklahoma","Garfield County",1,41,783,380,403
050,40,047,"Oklahoma","Garfield County",1,42,708,351,357
050,40,047,"Oklahoma","Garfield County",1,43,691,355,336
050,40,047,"Oklahoma","Garfield County",1,44,636,325,311
050,40,047,"Oklahoma","Garfield County",1,45,638,327,311
050,40,047,"Oklahoma","Garfield County",1,46,598,314,284
050,40,047,"Oklahoma","Garfield County",1,47,588,324,264
050,40,047,"Oklahoma","Garfield County",1,48,626,314,312
050,40,047,"Oklahoma","Garfield County",1,49,690,369,321
050,40,047,"Oklahoma","Garfield County",1,50,664,334,330
050,40,047,"Oklahoma","Garfield County",1,51,637,307,330
050,40,047,"Oklahoma","Garfield County",1,52,661,340,321
050,40,047,"Oklahoma","Garfield County",1,53,688,339,349
050,40,047,"Oklahoma","Garfield County",1,54,713,364,349
050,40,047,"Oklahoma","Garfield County",1,55,740,398,342
050,40,047,"Oklahoma","Garfield County",1,56,770,395,375
050,40,047,"Oklahoma","Garfield County",1,57,782,402,380
050,40,047,"Oklahoma","Garfield County",1,58,839,430,409
050,40,047,"Oklahoma","Garfield County",1,59,792,402,390
050,40,047,"Oklahoma","Garfield County",1,60,799,406,393
050,40,047,"Oklahoma","Garfield County",1,61,774,368,406
050,40,047,"Oklahoma","Garfield County",1,62,777,374,403
050,40,047,"Oklahoma","Garfield County",1,63,755,379,376
050,40,047,"Oklahoma","Garfield County",1,64,714,359,355
050,40,047,"Oklahoma","Garfield County",1,65,698,348,350
050,40,047,"Oklahoma","Garfield County",1,66,646,312,334
050,40,047,"Oklahoma","Garfield County",1,67,666,313,353
050,40,047,"Oklahoma","Garfield County",1,68,680,322,358
050,40,047,"Oklahoma","Garfield County",1,69,617,282,335
050,40,047,"Oklahoma","Garfield County",1,70,548,268,280
050,40,047,"Oklahoma","Garfield County",1,71,517,250,267
050,40,047,"Oklahoma","Garfield County",1,72,525,249,276
050,40,047,"Oklahoma","Garfield County",1,73,524,233,291
050,40,047,"Oklahoma","Garfield County",1,74,354,155,199
050,40,047,"Oklahoma","Garfield County",1,75,375,172,203
050,40,047,"Oklahoma","Garfield County",1,76,401,180,221
050,40,047,"Oklahoma","Garfield County",1,77,414,181,233
050,40,047,"Oklahoma","Garfield County",1,78,324,134,190
050,40,047,"Oklahoma","Garfield County",1,79,292,131,161
050,40,047,"Oklahoma","Garfield County",1,80,291,125,166
050,40,047,"Oklahoma","Garfield County",1,81,290,115,175
050,40,047,"Oklahoma","Garfield County",1,82,277,104,173
050,40,047,"Oklahoma","Garfield County",1,83,222,79,143
050,40,047,"Oklahoma","Garfield County",1,84,200,90,110
050,40,047,"Oklahoma","Garfield County",1,85,1307,481,826
050,40,047,"Oklahoma","Garfield County",2,0,811,420,391
050,40,047,"Oklahoma","Garfield County",2,1,841,428,413
050,40,047,"Oklahoma","Garfield County",2,2,881,464,417
050,40,047,"Oklahoma","Garfield County",2,3,930,471,459
050,40,047,"Oklahoma","Garfield County",2,4,941,472,469
050,40,047,"Oklahoma","Garfield County",2,5,910,470,440
050,40,047,"Oklahoma","Garfield County",2,6,903,464,439
050,40,047,"Oklahoma","Garfield County",2,7,888,452,436
050,40,047,"Oklahoma","Garfield County",2,8,874,441,433
050,40,047,"Oklahoma","Garfield County",2,9,896,449,447
050,40,047,"Oklahoma","Garfield County",2,10,935,473,462
050,40,047,"Oklahoma","Garfield County",2,11,937,474,463
050,40,047,"Oklahoma","Garfield County",2,12,975,495,480
050,40,047,"Oklahoma","Garfield County",2,13,976,489,487
050,40,047,"Oklahoma","Garfield County",2,14,967,505,462
050,40,047,"Oklahoma","Garfield County",2,15,933,483,450
050,40,047,"Oklahoma","Garfield County",2,16,903,463,440
050,40,047,"Oklahoma","Garfield County",2,17,863,447,416
050,40,047,"Oklahoma","Garfield County",2,18,741,387,354
050,40,047,"Oklahoma","Garfield County",2,19,657,344,313
050,40,047,"Oklahoma","Garfield County",2,20,677,356,321
050,40,047,"Oklahoma","Garfield County",2,21,703,382,321
050,40,047,"Oklahoma","Garfield County",2,22,800,429,371
050,40,047,"Oklahoma","Garfield County",2,23,988,574,414
050,40,047,"Oklahoma","Garfield County",2,24,984,586,398
050,40,047,"Oklahoma","Garfield County",2,25,897,528,369
050,40,047,"Oklahoma","Garfield County",2,26,856,475,381
050,40,047,"Oklahoma","Garfield County",2,27,866,458,408
050,40,047,"Oklahoma","Garfield County",2,28,840,419,421
050,40,047,"Oklahoma","Garfield County",2,29,849,436,413
050,40,047,"Oklahoma","Garfield County",2,30,843,448,395
050,40,047,"Oklahoma","Garfield County",2,31,828,436,392
050,40,047,"Oklahoma","Garfield County",2,32,834,430,404
050,40,047,"Oklahoma","Garfield County",2,33,814,417,397
050,40,047,"Oklahoma","Garfield County",2,34,823,438,385
050,40,047,"Oklahoma","Garfield County",2,35,861,454,407
050,40,047,"Oklahoma","Garfield County",2,36,841,430,411
050,40,047,"Oklahoma","Garfield County",2,37,870,440,430
050,40,047,"Oklahoma","Garfield County",2,38,876,441,435
050,40,047,"Oklahoma","Garfield County",2,39,861,448,413
050,40,047,"Oklahoma","Garfield County",2,40,825,415,410
050,40,047,"Oklahoma","Garfield County",2,41,785,381,404
050,40,047,"Oklahoma","Garfield County",2,42,719,355,364
050,40,047,"Oklahoma","Garfield County",2,43,693,352,341
050,40,047,"Oklahoma","Garfield County",2,44,640,329,311
050,40,047,"Oklahoma","Garfield County",2,45,639,328,311
050,40,047,"Oklahoma","Garfield County",2,46,604,315,289
050,40,047,"Oklahoma","Garfield County",2,47,584,319,265
050,40,047,"Oklahoma","Garfield County",2,48,614,316,298
050,40,047,"Oklahoma","Garfield County",2,49,672,354,318
050,40,047,"Oklahoma","Garfield County",2,50,668,341,327
050,40,047,"Oklahoma","Garfield County",2,51,640,313,327
050,40,047,"Oklahoma","Garfield County",2,52,651,331,320
050,40,047,"Oklahoma","Garfield County",2,53,679,337,342
050,40,047,"Oklahoma","Garfield County",2,54,700,354,346
050,40,047,"Oklahoma","Garfield County",2,55,735,391,344
050,40,047,"Oklahoma","Garfield County",2,56,758,393,365
050,40,047,"Oklahoma","Garfield County",2,57,773,398,375
050,40,047,"Oklahoma","Garfield County",2,58,818,418,400
050,40,047,"Oklahoma","Garfield County",2,59,801,407,394
050,40,047,"Oklahoma","Garfield County",2,60,793,403,390
050,40,047,"Oklahoma","Garfield County",2,61,775,376,399
050,40,047,"Oklahoma","Garfield County",2,62,768,371,397
050,40,047,"Oklahoma","Garfield County",2,63,762,380,382
050,40,047,"Oklahoma","Garfield County",2,64,711,357,354
050,40,047,"Oklahoma","Garfield County",2,65,701,350,351
050,40,047,"Oklahoma","Garfield County",2,66,658,321,337
050,40,047,"Oklahoma","Garfield County",2,67,658,311,347
050,40,047,"Oklahoma","Garfield County",2,68,665,316,349
050,40,047,"Oklahoma","Garfield County",2,69,634,290,344
050,40,047,"Oklahoma","Garfield County",2,70,557,266,291
050,40,047,"Oklahoma","Garfield County",2,71,521,253,268
050,40,047,"Oklahoma","Garfield County",2,72,512,244,268
050,40,047,"Oklahoma","Garfield County",2,73,546,247,299
050,40,047,"Oklahoma","Garfield County",2,74,371,162,209
050,40,047,"Oklahoma","Garfield County",2,75,370,167,203
050,40,047,"Oklahoma","Garfield County",2,76,393,178,215
050,40,047,"Oklahoma","Garfield County",2,77,416,181,235
050,40,047,"Oklahoma","Garfield County",2,78,332,142,190
050,40,047,"Oklahoma","Garfield County",2,79,294,129,165
050,40,047,"Oklahoma","Garfield County",2,80,288,125,163
050,40,047,"Oklahoma","Garfield County",2,81,283,115,168
050,40,047,"Oklahoma","Garfield County",2,82,277,105,172
050,40,047,"Oklahoma","Garfield County",2,83,231,85,146
050,40,047,"Oklahoma","Garfield County",2,84,203,87,116
050,40,047,"Oklahoma","Garfield County",2,85,1301,482,819
050,40,047,"Oklahoma","Garfield County",3,0,820,415,405
050,40,047,"Oklahoma","Garfield County",3,1,812,413,399
050,40,047,"Oklahoma","Garfield County",3,2,793,415,378
050,40,047,"Oklahoma","Garfield County",3,3,880,463,417
050,40,047,"Oklahoma","Garfield County",3,4,892,451,441
050,40,047,"Oklahoma","Garfield County",3,5,942,472,470
050,40,047,"Oklahoma","Garfield County",3,6,890,461,429
050,40,047,"Oklahoma","Garfield County",3,7,923,481,442
050,40,047,"Oklahoma","Garfield County",3,8,883,448,435
050,40,047,"Oklahoma","Garfield County",3,9,879,428,451
050,40,047,"Oklahoma","Garfield County",3,10,901,438,463
050,40,047,"Oklahoma","Garfield County",3,11,919,455,464
050,40,047,"Oklahoma","Garfield County",3,12,931,464,467
050,40,047,"Oklahoma","Garfield County",3,13,965,487,478
050,40,047,"Oklahoma","Garfield County",3,14,978,493,485
050,40,047,"Oklahoma","Garfield County",3,15,950,495,455
050,40,047,"Oklahoma","Garfield County",3,16,932,481,451
050,40,047,"Oklahoma","Garfield County",3,17,896,454,442
050,40,047,"Oklahoma","Garfield County",3,18,775,409,366
050,40,047,"Oklahoma","Garfield County",3,19,669,347,322
050,40,047,"Oklahoma","Garfield County",3,20,653,343,310
050,40,047,"Oklahoma","Garfield County",3,21,665,351,314
050,40,047,"Oklahoma","Garfield County",3,22,726,396,330
050,40,047,"Oklahoma","Garfield County",3,23,954,545,409
050,40,047,"Oklahoma","Garfield County",3,24,994,584,410
050,40,047,"Oklahoma","Garfield County",3,25,857,476,381
050,40,047,"Oklahoma","Garfield County",3,26,816,466,350
050,40,047,"Oklahoma","Garfield County",3,27,824,454,370
050,40,047,"Oklahoma","Garfield County",3,28,809,407,402
050,40,047,"Oklahoma","Garfield County",3,29,807,394,413
050,40,047,"Oklahoma","Garfield County",3,30,814,421,393
050,40,047,"Oklahoma","Garfield County",3,31,831,441,390
050,40,047,"Oklahoma","Garfield County",3,32,823,432,391
050,40,047,"Oklahoma","Garfield County",3,33,807,401,406
050,40,047,"Oklahoma","Garfield County",3,34,798,403,395
050,40,047,"Oklahoma","Garfield County",3,35,833,444,389
050,40,047,"Oklahoma","Garfield County",3,36,831,434,397
050,40,047,"Oklahoma","Garfield County",3,37,858,436,422
050,40,047,"Oklahoma","Garfield County",3,38,852,437,415
050,40,047,"Oklahoma","Garfield County",3,39,870,430,440
050,40,047,"Oklahoma","Garfield County",3,40,868,447,421
050,40,047,"Oklahoma","Garfield County",3,41,815,413,402
050,40,047,"Oklahoma","Garfield County",3,42,778,378,400
050,40,047,"Oklahoma","Garfield County",3,43,710,353,357
050,40,047,"Oklahoma","Garfield County",3,44,692,358,334
050,40,047,"Oklahoma","Garfield County",3,45,631,330,301
050,40,047,"Oklahoma","Garfield County",3,46,631,321,310
050,40,047,"Oklahoma","Garfield County",3,47,587,300,287
050,40,047,"Oklahoma","Garfield County",3,48,567,317,250
050,40,047,"Oklahoma","Garfield County",3,49,609,310,299
050,40,047,"Oklahoma","Garfield County",3,50,657,349,308
050,40,047,"Oklahoma","Garfield County",3,51,669,346,323
050,40,047,"Oklahoma","Garfield County",3,52,622,305,317
050,40,047,"Oklahoma","Garfield County",3,53,639,320,319
050,40,047,"Oklahoma","Garfield County",3,54,662,322,340
050,40,047,"Oklahoma","Garfield County",3,55,703,353,350
050,40,047,"Oklahoma","Garfield County",3,56,738,392,346
050,40,047,"Oklahoma","Garfield County",3,57,739,385,354
050,40,047,"Oklahoma","Garfield County",3,58,765,385,380
050,40,047,"Oklahoma","Garfield County",3,59,803,414,389
050,40,047,"Oklahoma","Garfield County",3,60,780,392,388
050,40,047,"Oklahoma","Garfield County",3,61,785,401,384
050,40,047,"Oklahoma","Garfield County",3,62,764,367,397
050,40,047,"Oklahoma","Garfield County",3,63,746,359,387
050,40,047,"Oklahoma","Garfield County",3,64,738,363,375
050,40,047,"Oklahoma","Garfield County",3,65,700,352,348
050,40,047,"Oklahoma","Garfield County",3,66,677,339,338
050,40,047,"Oklahoma","Garfield County",3,67,622,301,321
050,40,047,"Oklahoma","Garfield County",3,68,630,299,331
050,40,047,"Oklahoma","Garfield County",3,69,663,314,349
050,40,047,"Oklahoma","Garfield County",3,70,611,281,330
050,40,047,"Oklahoma","Garfield County",3,71,547,265,282
050,40,047,"Oklahoma","Garfield County",3,72,486,231,255
050,40,047,"Oklahoma","Garfield County",3,73,494,237,257
050,40,047,"Oklahoma","Garfield County",3,74,518,232,286
050,40,047,"Oklahoma","Garfield County",3,75,358,151,207
050,40,047,"Oklahoma","Garfield County",3,76,354,156,198
050,40,047,"Oklahoma","Garfield County",3,77,375,166,209
050,40,047,"Oklahoma","Garfield County",3,78,376,165,211
050,40,047,"Oklahoma","Garfield County",3,79,312,133,179
050,40,047,"Oklahoma","Garfield County",3,80,275,117,158
050,40,047,"Oklahoma","Garfield County",3,81,280,119,161
050,40,047,"Oklahoma","Garfield County",3,82,257,104,153
050,40,047,"Oklahoma","Garfield County",3,83,251,98,153
050,40,047,"Oklahoma","Garfield County",3,84,205,70,135
050,40,047,"Oklahoma","Garfield County",3,85,1223,449,774
050,40,047,"Oklahoma","Garfield County",4,0,814,404,410
050,40,047,"Oklahoma","Garfield County",4,1,849,416,433
050,40,047,"Oklahoma","Garfield County",4,2,803,410,393
050,40,047,"Oklahoma","Garfield County",4,3,771,409,362
050,40,047,"Oklahoma","Garfield County",4,4,879,455,424
050,40,047,"Oklahoma","Garfield County",4,5,867,451,416
050,40,047,"Oklahoma","Garfield County",4,6,925,456,469
050,40,047,"Oklahoma","Garfield County",4,7,893,476,417
050,40,047,"Oklahoma","Garfield County",4,8,921,466,455
050,40,047,"Oklahoma","Garfield County",4,9,882,449,433
050,40,047,"Oklahoma","Garfield County",4,10,887,438,449
050,40,047,"Oklahoma","Garfield County",4,11,920,446,474
050,40,047,"Oklahoma","Garfield County",4,12,915,450,465
050,40,047,"Oklahoma","Garfield County",4,13,944,464,480
050,40,047,"Oklahoma","Garfield County",4,14,963,504,459
050,40,047,"Oklahoma","Garfield County",4,15,997,498,499
050,40,047,"Oklahoma","Garfield County",4,16,955,491,464
050,40,047,"Oklahoma","Garfield County",4,17,911,468,443
050,40,047,"Oklahoma","Garfield County",4,18,807,422,385
050,40,047,"Oklahoma","Garfield County",4,19,715,387,328
050,40,047,"Oklahoma","Garfield County",4,20,674,360,314
050,40,047,"Oklahoma","Garfield County",4,21,661,341,320
050,40,047,"Oklahoma","Garfield County",4,22,718,388,330
050,40,047,"Oklahoma","Garfield County",4,23,862,493,369
050,40,047,"Oklahoma","Garfield County",4,24,1010,589,421
050,40,047,"Oklahoma","Garfield County",4,25,912,524,388
050,40,047,"Oklahoma","Garfield County",4,26,825,448,377
050,40,047,"Oklahoma","Garfield County",4,27,797,448,349
050,40,047,"Oklahoma","Garfield County",4,28,783,419,364
050,40,047,"Oklahoma","Garfield County",4,29,803,396,407
050,40,047,"Oklahoma","Garfield County",4,30,796,387,409
050,40,047,"Oklahoma","Garfield County",4,31,832,430,402
050,40,047,"Oklahoma","Garfield County",4,32,832,434,398
050,40,047,"Oklahoma","Garfield County",4,33,804,421,383
050,40,047,"Oklahoma","Garfield County",4,34,808,407,401
050,40,047,"Oklahoma","Garfield County",4,35,811,399,412
050,40,047,"Oklahoma","Garfield County",4,36,831,442,389
050,40,047,"Oklahoma","Garfield County",4,37,830,446,384
050,40,047,"Oklahoma","Garfield County",4,38,870,452,418
050,40,047,"Oklahoma","Garfield County",4,39,842,425,417
050,40,047,"Oklahoma","Garfield County",4,40,854,409,445
050,40,047,"Oklahoma","Garfield County",4,41,871,447,424
050,40,047,"Oklahoma","Garfield County",4,42,806,407,399
050,40,047,"Oklahoma","Garfield County",4,43,764,372,392
050,40,047,"Oklahoma","Garfield County",4,44,709,353,356
050,40,047,"Oklahoma","Garfield County",4,45,708,365,343
050,40,047,"Oklahoma","Garfield County",4,46,614,319,295
050,40,047,"Oklahoma","Garfield County",4,47,610,307,303
050,40,047,"Oklahoma","Garfield County",4,48,595,316,279
050,40,047,"Oklahoma","Garfield County",4,49,570,313,257
050,40,047,"Oklahoma","Garfield County",4,50,599,307,292
050,40,047,"Oklahoma","Garfield County",4,51,675,350,325
050,40,047,"Oklahoma","Garfield County",4,52,656,341,315
050,40,047,"Oklahoma","Garfield County",4,53,627,308,319
050,40,047,"Oklahoma","Garfield County",4,54,638,321,317
050,40,047,"Oklahoma","Garfield County",4,55,655,330,325
050,40,047,"Oklahoma","Garfield County",4,56,690,345,345
050,40,047,"Oklahoma","Garfield County",4,57,714,378,336
050,40,047,"Oklahoma","Garfield County",4,58,736,380,356
050,40,047,"Oklahoma","Garfield County",4,59,748,366,382
050,40,047,"Oklahoma","Garfield County",4,60,786,404,382
050,40,047,"Oklahoma","Garfield County",4,61,765,386,379
050,40,047,"Oklahoma","Garfield County",4,62,770,385,385
050,40,047,"Oklahoma","Garfield County",4,63,748,346,402
050,40,047,"Oklahoma","Garfield County",4,64,721,345,376
050,40,047,"Oklahoma","Garfield County",4,65,725,360,365
050,40,047,"Oklahoma","Garfield County",4,66,679,339,340
050,40,047,"Oklahoma","Garfield County",4,67,674,332,342
050,40,047,"Oklahoma","Garfield County",4,68,619,293,326
050,40,047,"Oklahoma","Garfield County",4,69,629,291,338
050,40,047,"Oklahoma","Garfield County",4,70,647,305,342
050,40,047,"Oklahoma","Garfield County",4,71,608,285,323
050,40,047,"Oklahoma","Garfield County",4,72,519,256,263
050,40,047,"Oklahoma","Garfield County",4,73,472,219,253
050,40,047,"Oklahoma","Garfield County",4,74,481,232,249
050,40,047,"Oklahoma","Garfield County",4,75,494,218,276
050,40,047,"Oklahoma","Garfield County",4,76,343,143,200
050,40,047,"Oklahoma","Garfield County",4,77,332,139,193
050,40,047,"Oklahoma","Garfield County",4,78,351,155,196
050,40,047,"Oklahoma","Garfield County",4,79,350,157,193
050,40,047,"Oklahoma","Garfield County",4,80,299,122,177
050,40,047,"Oklahoma","Garfield County",4,81,257,106,151
050,40,047,"Oklahoma","Garfield County",4,82,267,110,157
050,40,047,"Oklahoma","Garfield County",4,83,243,102,141
050,40,047,"Oklahoma","Garfield County",4,84,219,82,137
050,40,047,"Oklahoma","Garfield County",4,85,1195,420,775
050,40,047,"Oklahoma","Garfield County",5,0,817,404,413
050,40,047,"Oklahoma","Garfield County",5,1,796,397,399
050,40,047,"Oklahoma","Garfield County",5,2,855,436,419
050,40,047,"Oklahoma","Garfield County",5,3,817,411,406
050,40,047,"Oklahoma","Garfield County",5,4,756,403,353
050,40,047,"Oklahoma","Garfield County",5,5,850,443,407
050,40,047,"Oklahoma","Garfield County",5,6,868,451,417
050,40,047,"Oklahoma","Garfield County",5,7,920,454,466
050,40,047,"Oklahoma","Garfield County",5,8,885,484,401
050,40,047,"Oklahoma","Garfield County",5,9,907,469,438
050,40,047,"Oklahoma","Garfield County",5,10,873,444,429
050,40,047,"Oklahoma","Garfield County",5,11,867,424,443
050,40,047,"Oklahoma","Garfield County",5,12,936,466,470
050,40,047,"Oklahoma","Garfield County",5,13,917,450,467
050,40,047,"Oklahoma","Garfield County",5,14,963,481,482
050,40,047,"Oklahoma","Garfield County",5,15,989,520,469
050,40,047,"Oklahoma","Garfield County",5,16,1007,498,509
050,40,047,"Oklahoma","Garfield County",5,17,973,511,462
050,40,047,"Oklahoma","Garfield County",5,18,819,438,381
050,40,047,"Oklahoma","Garfield County",5,19,741,383,358
050,40,047,"Oklahoma","Garfield County",5,20,727,400,327
050,40,047,"Oklahoma","Garfield County",5,21,680,359,321
050,40,047,"Oklahoma","Garfield County",5,22,718,360,358
050,40,047,"Oklahoma","Garfield County",5,23,877,493,384
050,40,047,"Oklahoma","Garfield County",5,24,938,555,383
050,40,047,"Oklahoma","Garfield County",5,25,914,527,387
050,40,047,"Oklahoma","Garfield County",5,26,868,485,383
050,40,047,"Oklahoma","Garfield County",5,27,813,439,374
050,40,047,"Oklahoma","Garfield County",5,28,775,429,346
050,40,047,"Oklahoma","Garfield County",5,29,799,423,376
050,40,047,"Oklahoma","Garfield County",5,30,808,397,411
050,40,047,"Oklahoma","Garfield County",5,31,806,400,406
050,40,047,"Oklahoma","Garfield County",5,32,854,446,408
050,40,047,"Oklahoma","Garfield County",5,33,801,426,375
050,40,047,"Oklahoma","Garfield County",5,34,795,398,397
050,40,047,"Oklahoma","Garfield County",5,35,822,403,419
050,40,047,"Oklahoma","Garfield County",5,36,799,391,408
050,40,047,"Oklahoma","Garfield County",5,37,825,434,391
050,40,047,"Oklahoma","Garfield County",5,38,835,449,386
050,40,047,"Oklahoma","Garfield County",5,39,866,453,413
050,40,047,"Oklahoma","Garfield County",5,40,845,417,428
050,40,047,"Oklahoma","Garfield County",5,41,862,422,440
050,40,047,"Oklahoma","Garfield County",5,42,868,434,434
050,40,047,"Oklahoma","Garfield County",5,43,790,394,396
050,40,047,"Oklahoma","Garfield County",5,44,792,389,403
050,40,047,"Oklahoma","Garfield County",5,45,703,361,342
050,40,047,"Oklahoma","Garfield County",5,46,698,358,340
050,40,047,"Oklahoma","Garfield County",5,47,612,319,293
050,40,047,"Oklahoma","Garfield County",5,48,629,321,308
050,40,047,"Oklahoma","Garfield County",5,49,596,307,289
050,40,047,"Oklahoma","Garfield County",5,50,575,313,262
050,40,047,"Oklahoma","Garfield County",5,51,602,311,291
050,40,047,"Oklahoma","Garfield County",5,52,650,336,314
050,40,047,"Oklahoma","Garfield County",5,53,651,336,315
050,40,047,"Oklahoma","Garfield County",5,54,611,305,306
050,40,047,"Oklahoma","Garfield County",5,55,634,322,312
050,40,047,"Oklahoma","Garfield County",5,56,665,333,332
050,40,047,"Oklahoma","Garfield County",5,57,669,332,337
050,40,047,"Oklahoma","Garfield County",5,58,711,381,330
050,40,047,"Oklahoma","Garfield County",5,59,724,356,368
050,40,047,"Oklahoma","Garfield County",5,60,739,364,375
050,40,047,"Oklahoma","Garfield County",5,61,763,390,373
050,40,047,"Oklahoma","Garfield County",5,62,737,371,366
050,40,047,"Oklahoma","Garfield County",5,63,751,367,384
050,40,047,"Oklahoma","Garfield County",5,64,733,337,396
050,40,047,"Oklahoma","Garfield County",5,65,708,338,370
050,40,047,"Oklahoma","Garfield County",5,66,709,348,361
050,40,047,"Oklahoma","Garfield County",5,67,657,324,333
050,40,047,"Oklahoma","Garfield County",5,68,661,326,335
050,40,047,"Oklahoma","Garfield County",5,69,631,296,335
050,40,047,"Oklahoma","Garfield County",5,70,610,282,328
050,40,047,"Oklahoma","Garfield County",5,71,631,304,327
050,40,047,"Oklahoma","Garfield County",5,72,583,271,312
050,40,047,"Oklahoma","Garfield County",5,73,499,246,253
050,40,047,"Oklahoma","Garfield County",5,74,451,207,244
050,40,047,"Oklahoma","Garfield County",5,75,462,223,239
050,40,047,"Oklahoma","Garfield County",5,76,473,206,267
050,40,047,"Oklahoma","Garfield County",5,77,309,122,187
050,40,047,"Oklahoma","Garfield County",5,78,303,126,177
050,40,047,"Oklahoma","Garfield County",5,79,324,144,180
050,40,047,"Oklahoma","Garfield County",5,80,332,147,185
050,40,047,"Oklahoma","Garfield County",5,81,281,112,169
050,40,047,"Oklahoma","Garfield County",5,82,244,98,146
050,40,047,"Oklahoma","Garfield County",5,83,256,108,148
050,40,047,"Oklahoma","Garfield County",5,84,222,93,129
050,40,047,"Oklahoma","Garfield County",5,85,1191,407,784
050,40,049,"Oklahoma","Garvin County",1,0,298,153,145
050,40,049,"Oklahoma","Garvin County",1,1,290,150,140
050,40,049,"Oklahoma","Garvin County",1,2,325,165,160
050,40,049,"Oklahoma","Garvin County",1,3,332,175,157
050,40,049,"Oklahoma","Garvin County",1,4,369,184,185
050,40,049,"Oklahoma","Garvin County",1,5,365,182,183
050,40,049,"Oklahoma","Garvin County",1,6,333,165,168
050,40,049,"Oklahoma","Garvin County",1,7,355,181,174
050,40,049,"Oklahoma","Garvin County",1,8,386,199,187
050,40,049,"Oklahoma","Garvin County",1,9,345,189,156
050,40,049,"Oklahoma","Garvin County",1,10,371,188,183
050,40,049,"Oklahoma","Garvin County",1,11,381,192,189
050,40,049,"Oklahoma","Garvin County",1,12,416,209,207
050,40,049,"Oklahoma","Garvin County",1,13,412,213,199
050,40,049,"Oklahoma","Garvin County",1,14,376,196,180
050,40,049,"Oklahoma","Garvin County",1,15,353,183,170
050,40,049,"Oklahoma","Garvin County",1,16,363,172,191
050,40,049,"Oklahoma","Garvin County",1,17,353,179,174
050,40,049,"Oklahoma","Garvin County",1,18,317,175,142
050,40,049,"Oklahoma","Garvin County",1,19,271,151,120
050,40,049,"Oklahoma","Garvin County",1,20,315,169,146
050,40,049,"Oklahoma","Garvin County",1,21,305,149,156
050,40,049,"Oklahoma","Garvin County",1,22,257,133,124
050,40,049,"Oklahoma","Garvin County",1,23,273,145,128
050,40,049,"Oklahoma","Garvin County",1,24,292,149,143
050,40,049,"Oklahoma","Garvin County",1,25,277,138,139
050,40,049,"Oklahoma","Garvin County",1,26,279,139,140
050,40,049,"Oklahoma","Garvin County",1,27,280,142,138
050,40,049,"Oklahoma","Garvin County",1,28,290,141,149
050,40,049,"Oklahoma","Garvin County",1,29,308,146,162
050,40,049,"Oklahoma","Garvin County",1,30,311,142,169
050,40,049,"Oklahoma","Garvin County",1,31,284,141,143
050,40,049,"Oklahoma","Garvin County",1,32,293,143,150
050,40,049,"Oklahoma","Garvin County",1,33,295,139,156
050,40,049,"Oklahoma","Garvin County",1,34,286,143,143
050,40,049,"Oklahoma","Garvin County",1,35,308,159,149
050,40,049,"Oklahoma","Garvin County",1,36,326,176,150
050,40,049,"Oklahoma","Garvin County",1,37,360,199,161
050,40,049,"Oklahoma","Garvin County",1,38,378,204,174
050,40,049,"Oklahoma","Garvin County",1,39,368,184,184
050,40,049,"Oklahoma","Garvin County",1,40,330,171,159
050,40,049,"Oklahoma","Garvin County",1,41,299,143,156
050,40,049,"Oklahoma","Garvin County",1,42,307,161,146
050,40,049,"Oklahoma","Garvin County",1,43,293,156,137
050,40,049,"Oklahoma","Garvin County",1,44,317,159,158
050,40,049,"Oklahoma","Garvin County",1,45,295,152,143
050,40,049,"Oklahoma","Garvin County",1,46,299,149,150
050,40,049,"Oklahoma","Garvin County",1,47,316,159,157
050,40,049,"Oklahoma","Garvin County",1,48,313,168,145
050,40,049,"Oklahoma","Garvin County",1,49,335,176,159
050,40,049,"Oklahoma","Garvin County",1,50,322,159,163
050,40,049,"Oklahoma","Garvin County",1,51,304,155,149
050,40,049,"Oklahoma","Garvin County",1,52,275,153,122
050,40,049,"Oklahoma","Garvin County",1,53,289,147,142
050,40,049,"Oklahoma","Garvin County",1,54,274,137,137
050,40,049,"Oklahoma","Garvin County",1,55,289,128,161
050,40,049,"Oklahoma","Garvin County",1,56,319,152,167
050,40,049,"Oklahoma","Garvin County",1,57,327,144,183
050,40,049,"Oklahoma","Garvin County",1,58,358,168,190
050,40,049,"Oklahoma","Garvin County",1,59,360,179,181
050,40,049,"Oklahoma","Garvin County",1,60,348,168,180
050,40,049,"Oklahoma","Garvin County",1,61,319,161,158
050,40,049,"Oklahoma","Garvin County",1,62,364,181,183
050,40,049,"Oklahoma","Garvin County",1,63,366,172,194
050,40,049,"Oklahoma","Garvin County",1,64,343,153,190
050,40,049,"Oklahoma","Garvin County",1,65,315,149,166
050,40,049,"Oklahoma","Garvin County",1,66,323,161,162
050,40,049,"Oklahoma","Garvin County",1,67,315,152,163
050,40,049,"Oklahoma","Garvin County",1,68,302,149,153
050,40,049,"Oklahoma","Garvin County",1,69,260,129,131
050,40,049,"Oklahoma","Garvin County",1,70,233,115,118
050,40,049,"Oklahoma","Garvin County",1,71,229,108,121
050,40,049,"Oklahoma","Garvin County",1,72,239,109,130
050,40,049,"Oklahoma","Garvin County",1,73,229,110,119
050,40,049,"Oklahoma","Garvin County",1,74,178,84,94
050,40,049,"Oklahoma","Garvin County",1,75,196,94,102
050,40,049,"Oklahoma","Garvin County",1,76,198,95,103
050,40,049,"Oklahoma","Garvin County",1,77,186,77,109
050,40,049,"Oklahoma","Garvin County",1,78,158,63,95
050,40,049,"Oklahoma","Garvin County",1,79,162,68,94
050,40,049,"Oklahoma","Garvin County",1,80,135,54,81
050,40,049,"Oklahoma","Garvin County",1,81,111,43,68
050,40,049,"Oklahoma","Garvin County",1,82,117,56,61
050,40,049,"Oklahoma","Garvin County",1,83,103,44,59
050,40,049,"Oklahoma","Garvin County",1,84,87,40,47
050,40,049,"Oklahoma","Garvin County",1,85,522,207,315
050,40,049,"Oklahoma","Garvin County",2,0,290,150,140
050,40,049,"Oklahoma","Garvin County",2,1,293,151,142
050,40,049,"Oklahoma","Garvin County",2,2,316,160,156
050,40,049,"Oklahoma","Garvin County",2,3,328,170,158
050,40,049,"Oklahoma","Garvin County",2,4,359,181,178
050,40,049,"Oklahoma","Garvin County",2,5,365,183,182
050,40,049,"Oklahoma","Garvin County",2,6,341,170,171
050,40,049,"Oklahoma","Garvin County",2,7,352,179,173
050,40,049,"Oklahoma","Garvin County",2,8,379,196,183
050,40,049,"Oklahoma","Garvin County",2,9,357,192,165
050,40,049,"Oklahoma","Garvin County",2,10,367,190,177
050,40,049,"Oklahoma","Garvin County",2,11,380,194,186
050,40,049,"Oklahoma","Garvin County",2,12,408,206,202
050,40,049,"Oklahoma","Garvin County",2,13,414,213,201
050,40,049,"Oklahoma","Garvin County",2,14,383,200,183
050,40,049,"Oklahoma","Garvin County",2,15,361,187,174
050,40,049,"Oklahoma","Garvin County",2,16,364,177,187
050,40,049,"Oklahoma","Garvin County",2,17,355,177,178
050,40,049,"Oklahoma","Garvin County",2,18,312,171,141
050,40,049,"Oklahoma","Garvin County",2,19,273,153,120
050,40,049,"Oklahoma","Garvin County",2,20,314,169,145
050,40,049,"Oklahoma","Garvin County",2,21,308,154,154
050,40,049,"Oklahoma","Garvin County",2,22,272,138,134
050,40,049,"Oklahoma","Garvin County",2,23,271,142,129
050,40,049,"Oklahoma","Garvin County",2,24,284,147,137
050,40,049,"Oklahoma","Garvin County",2,25,281,141,140
050,40,049,"Oklahoma","Garvin County",2,26,282,139,143
050,40,049,"Oklahoma","Garvin County",2,27,277,139,138
050,40,049,"Oklahoma","Garvin County",2,28,284,138,146
050,40,049,"Oklahoma","Garvin County",2,29,299,141,158
050,40,049,"Oklahoma","Garvin County",2,30,307,142,165
050,40,049,"Oklahoma","Garvin County",2,31,289,141,148
050,40,049,"Oklahoma","Garvin County",2,32,291,142,149
050,40,049,"Oklahoma","Garvin County",2,33,293,140,153
050,40,049,"Oklahoma","Garvin County",2,34,286,140,146
050,40,049,"Oklahoma","Garvin County",2,35,305,156,149
050,40,049,"Oklahoma","Garvin County",2,36,321,173,148
050,40,049,"Oklahoma","Garvin County",2,37,355,196,159
050,40,049,"Oklahoma","Garvin County",2,38,378,204,174
050,40,049,"Oklahoma","Garvin County",2,39,373,191,182
050,40,049,"Oklahoma","Garvin County",2,40,345,177,168
050,40,049,"Oklahoma","Garvin County",2,41,307,151,156
050,40,049,"Oklahoma","Garvin County",2,42,303,155,148
050,40,049,"Oklahoma","Garvin County",2,43,302,161,141
050,40,049,"Oklahoma","Garvin County",2,44,310,158,152
050,40,049,"Oklahoma","Garvin County",2,45,302,155,147
050,40,049,"Oklahoma","Garvin County",2,46,301,152,149
050,40,049,"Oklahoma","Garvin County",2,47,314,158,156
050,40,049,"Oklahoma","Garvin County",2,48,311,164,147
050,40,049,"Oklahoma","Garvin County",2,49,330,174,156
050,40,049,"Oklahoma","Garvin County",2,50,323,161,162
050,40,049,"Oklahoma","Garvin County",2,51,306,154,152
050,40,049,"Oklahoma","Garvin County",2,52,279,153,126
050,40,049,"Oklahoma","Garvin County",2,53,285,148,137
050,40,049,"Oklahoma","Garvin County",2,54,276,140,136
050,40,049,"Oklahoma","Garvin County",2,55,284,130,154
050,40,049,"Oklahoma","Garvin County",2,56,313,147,166
050,40,049,"Oklahoma","Garvin County",2,57,327,147,180
050,40,049,"Oklahoma","Garvin County",2,58,351,162,189
050,40,049,"Oklahoma","Garvin County",2,59,364,178,186
050,40,049,"Oklahoma","Garvin County",2,60,352,172,180
050,40,049,"Oklahoma","Garvin County",2,61,320,160,160
050,40,049,"Oklahoma","Garvin County",2,62,346,171,175
050,40,049,"Oklahoma","Garvin County",2,63,364,171,193
050,40,049,"Oklahoma","Garvin County",2,64,346,156,190
050,40,049,"Oklahoma","Garvin County",2,65,319,149,170
050,40,049,"Oklahoma","Garvin County",2,66,320,159,161
050,40,049,"Oklahoma","Garvin County",2,67,315,153,162
050,40,049,"Oklahoma","Garvin County",2,68,299,146,153
050,40,049,"Oklahoma","Garvin County",2,69,271,135,136
050,40,049,"Oklahoma","Garvin County",2,70,236,115,121
050,40,049,"Oklahoma","Garvin County",2,71,226,107,119
050,40,049,"Oklahoma","Garvin County",2,72,234,107,127
050,40,049,"Oklahoma","Garvin County",2,73,244,115,129
050,40,049,"Oklahoma","Garvin County",2,74,176,82,94
050,40,049,"Oklahoma","Garvin County",2,75,193,93,100
050,40,049,"Oklahoma","Garvin County",2,76,195,95,100
050,40,049,"Oklahoma","Garvin County",2,77,191,81,110
050,40,049,"Oklahoma","Garvin County",2,78,160,66,94
050,40,049,"Oklahoma","Garvin County",2,79,161,66,95
050,40,049,"Oklahoma","Garvin County",2,80,138,55,83
050,40,049,"Oklahoma","Garvin County",2,81,110,43,67
050,40,049,"Oklahoma","Garvin County",2,82,117,53,64
050,40,049,"Oklahoma","Garvin County",2,83,103,45,58
050,40,049,"Oklahoma","Garvin County",2,84,87,40,47
050,40,049,"Oklahoma","Garvin County",2,85,524,211,313
050,40,049,"Oklahoma","Garvin County",3,0,321,169,152
050,40,049,"Oklahoma","Garvin County",3,1,309,163,146
050,40,049,"Oklahoma","Garvin County",3,2,298,154,144
050,40,049,"Oklahoma","Garvin County",3,3,320,170,150
050,40,049,"Oklahoma","Garvin County",3,4,336,160,176
050,40,049,"Oklahoma","Garvin County",3,5,366,189,177
050,40,049,"Oklahoma","Garvin County",3,6,370,185,185
050,40,049,"Oklahoma","Garvin County",3,7,341,170,171
050,40,049,"Oklahoma","Garvin County",3,8,347,169,178
050,40,049,"Oklahoma","Garvin County",3,9,381,194,187
050,40,049,"Oklahoma","Garvin County",3,10,352,186,166
050,40,049,"Oklahoma","Garvin County",3,11,382,198,184
050,40,049,"Oklahoma","Garvin County",3,12,378,192,186
050,40,049,"Oklahoma","Garvin County",3,13,421,214,207
050,40,049,"Oklahoma","Garvin County",3,14,441,234,207
050,40,049,"Oklahoma","Garvin County",3,15,381,197,184
050,40,049,"Oklahoma","Garvin County",3,16,368,195,173
050,40,049,"Oklahoma","Garvin County",3,17,368,177,191
050,40,049,"Oklahoma","Garvin County",3,18,312,169,143
050,40,049,"Oklahoma","Garvin County",3,19,276,148,128
050,40,049,"Oklahoma","Garvin County",3,20,281,157,124
050,40,049,"Oklahoma","Garvin County",3,21,311,170,141
050,40,049,"Oklahoma","Garvin County",3,22,315,153,162
050,40,049,"Oklahoma","Garvin County",3,23,276,145,131
050,40,049,"Oklahoma","Garvin County",3,24,261,134,127
050,40,049,"Oklahoma","Garvin County",3,25,288,146,142
050,40,049,"Oklahoma","Garvin County",3,26,286,139,147
050,40,049,"Oklahoma","Garvin County",3,27,295,147,148
050,40,049,"Oklahoma","Garvin County",3,28,299,139,160
050,40,049,"Oklahoma","Garvin County",3,29,316,151,165
050,40,049,"Oklahoma","Garvin County",3,30,315,147,168
050,40,049,"Oklahoma","Garvin County",3,31,326,156,170
050,40,049,"Oklahoma","Garvin County",3,32,277,133,144
050,40,049,"Oklahoma","Garvin County",3,33,302,154,148
050,40,049,"Oklahoma","Garvin County",3,34,308,148,160
050,40,049,"Oklahoma","Garvin County",3,35,300,146,154
050,40,049,"Oklahoma","Garvin County",3,36,313,158,155
050,40,049,"Oklahoma","Garvin County",3,37,336,169,167
050,40,049,"Oklahoma","Garvin County",3,38,346,187,159
050,40,049,"Oklahoma","Garvin County",3,39,390,208,182
050,40,049,"Oklahoma","Garvin County",3,40,373,187,186
050,40,049,"Oklahoma","Garvin County",3,41,348,178,170
050,40,049,"Oklahoma","Garvin County",3,42,308,156,152
050,40,049,"Oklahoma","Garvin County",3,43,304,153,151
050,40,049,"Oklahoma","Garvin County",3,44,307,161,146
050,40,049,"Oklahoma","Garvin County",3,45,302,162,140
050,40,049,"Oklahoma","Garvin County",3,46,301,157,144
050,40,049,"Oklahoma","Garvin County",3,47,309,154,155
050,40,049,"Oklahoma","Garvin County",3,48,317,159,158
050,40,049,"Oklahoma","Garvin County",3,49,305,163,142
050,40,049,"Oklahoma","Garvin County",3,50,335,176,159
050,40,049,"Oklahoma","Garvin County",3,51,319,160,159
050,40,049,"Oklahoma","Garvin County",3,52,290,141,149
050,40,049,"Oklahoma","Garvin County",3,53,290,157,133
050,40,049,"Oklahoma","Garvin County",3,54,283,146,137
050,40,049,"Oklahoma","Garvin County",3,55,265,132,133
050,40,049,"Oklahoma","Garvin County",3,56,291,135,156
050,40,049,"Oklahoma","Garvin County",3,57,313,142,171
050,40,049,"Oklahoma","Garvin County",3,58,321,146,175
050,40,049,"Oklahoma","Garvin County",3,59,353,165,188
050,40,049,"Oklahoma","Garvin County",3,60,355,174,181
050,40,049,"Oklahoma","Garvin County",3,61,344,166,178
050,40,049,"Oklahoma","Garvin County",3,62,310,156,154
050,40,049,"Oklahoma","Garvin County",3,63,335,164,171
050,40,049,"Oklahoma","Garvin County",3,64,351,161,190
050,40,049,"Oklahoma","Garvin County",3,65,336,151,185
050,40,049,"Oklahoma","Garvin County",3,66,317,154,163
050,40,049,"Oklahoma","Garvin County",3,67,312,154,158
050,40,049,"Oklahoma","Garvin County",3,68,311,149,162
050,40,049,"Oklahoma","Garvin County",3,69,285,135,150
050,40,049,"Oklahoma","Garvin County",3,70,263,132,131
050,40,049,"Oklahoma","Garvin County",3,71,233,111,122
050,40,049,"Oklahoma","Garvin County",3,72,207,92,115
050,40,049,"Oklahoma","Garvin County",3,73,218,94,124
050,40,049,"Oklahoma","Garvin County",3,74,231,103,128
050,40,049,"Oklahoma","Garvin County",3,75,160,73,87
050,40,049,"Oklahoma","Garvin County",3,76,180,83,97
050,40,049,"Oklahoma","Garvin County",3,77,177,86,91
050,40,049,"Oklahoma","Garvin County",3,78,183,81,102
050,40,049,"Oklahoma","Garvin County",3,79,146,56,90
050,40,049,"Oklahoma","Garvin County",3,80,142,59,83
050,40,049,"Oklahoma","Garvin County",3,81,123,49,74
050,40,049,"Oklahoma","Garvin County",3,82,106,39,67
050,40,049,"Oklahoma","Garvin County",3,83,104,48,56
050,40,049,"Oklahoma","Garvin County",3,84,87,37,50
050,40,049,"Oklahoma","Garvin County",3,85,511,201,310
050,40,049,"Oklahoma","Garvin County",4,0,321,160,161
050,40,049,"Oklahoma","Garvin County",4,1,318,159,159
050,40,049,"Oklahoma","Garvin County",4,2,321,162,159
050,40,049,"Oklahoma","Garvin County",4,3,314,158,156
050,40,049,"Oklahoma","Garvin County",4,4,324,171,153
050,40,049,"Oklahoma","Garvin County",4,5,336,163,173
050,40,049,"Oklahoma","Garvin County",4,6,389,204,185
050,40,049,"Oklahoma","Garvin County",4,7,355,179,176
050,40,049,"Oklahoma","Garvin County",4,8,348,173,175
050,40,049,"Oklahoma","Garvin County",4,9,357,185,172
050,40,049,"Oklahoma","Garvin County",4,10,368,184,184
050,40,049,"Oklahoma","Garvin County",4,11,358,191,167
050,40,049,"Oklahoma","Garvin County",4,12,381,209,172
050,40,049,"Oklahoma","Garvin County",4,13,380,191,189
050,40,049,"Oklahoma","Garvin County",4,14,425,219,206
050,40,049,"Oklahoma","Garvin County",4,15,448,236,212
050,40,049,"Oklahoma","Garvin County",4,16,383,200,183
050,40,049,"Oklahoma","Garvin County",4,17,364,189,175
050,40,049,"Oklahoma","Garvin County",4,18,318,158,160
050,40,049,"Oklahoma","Garvin County",4,19,239,127,112
050,40,049,"Oklahoma","Garvin County",4,20,265,139,126
050,40,049,"Oklahoma","Garvin County",4,21,283,151,132
050,40,049,"Oklahoma","Garvin County",4,22,307,167,140
050,40,049,"Oklahoma","Garvin County",4,23,328,164,164
050,40,049,"Oklahoma","Garvin County",4,24,303,156,147
050,40,049,"Oklahoma","Garvin County",4,25,276,145,131
050,40,049,"Oklahoma","Garvin County",4,26,304,156,148
050,40,049,"Oklahoma","Garvin County",4,27,288,141,147
050,40,049,"Oklahoma","Garvin County",4,28,293,139,154
050,40,049,"Oklahoma","Garvin County",4,29,299,144,155
050,40,049,"Oklahoma","Garvin County",4,30,336,159,177
050,40,049,"Oklahoma","Garvin County",4,31,314,145,169
050,40,049,"Oklahoma","Garvin County",4,32,337,160,177
050,40,049,"Oklahoma","Garvin County",4,33,283,135,148
050,40,049,"Oklahoma","Garvin County",4,34,302,151,151
050,40,049,"Oklahoma","Garvin County",4,35,304,147,157
050,40,049,"Oklahoma","Garvin County",4,36,296,133,163
050,40,049,"Oklahoma","Garvin County",4,37,324,155,169
050,40,049,"Oklahoma","Garvin County",4,38,341,170,171
050,40,049,"Oklahoma","Garvin County",4,39,342,188,154
050,40,049,"Oklahoma","Garvin County",4,40,385,198,187
050,40,049,"Oklahoma","Garvin County",4,41,371,187,184
050,40,049,"Oklahoma","Garvin County",4,42,352,192,160
050,40,049,"Oklahoma","Garvin County",4,43,303,152,151
050,40,049,"Oklahoma","Garvin County",4,44,302,158,144
050,40,049,"Oklahoma","Garvin County",4,45,294,151,143
050,40,049,"Oklahoma","Garvin County",4,46,298,161,137
050,40,049,"Oklahoma","Garvin County",4,47,305,163,142
050,40,049,"Oklahoma","Garvin County",4,48,315,162,153
050,40,049,"Oklahoma","Garvin County",4,49,310,151,159
050,40,049,"Oklahoma","Garvin County",4,50,296,160,136
050,40,049,"Oklahoma","Garvin County",4,51,346,178,168
050,40,049,"Oklahoma","Garvin County",4,52,325,161,164
050,40,049,"Oklahoma","Garvin County",4,53,288,140,148
050,40,049,"Oklahoma","Garvin County",4,54,286,157,129
050,40,049,"Oklahoma","Garvin County",4,55,286,149,137
050,40,049,"Oklahoma","Garvin County",4,56,266,133,133
050,40,049,"Oklahoma","Garvin County",4,57,295,142,153
050,40,049,"Oklahoma","Garvin County",4,58,314,143,171
050,40,049,"Oklahoma","Garvin County",4,59,327,146,181
050,40,049,"Oklahoma","Garvin County",4,60,352,166,186
050,40,049,"Oklahoma","Garvin County",4,61,351,173,178
050,40,049,"Oklahoma","Garvin County",4,62,350,171,179
050,40,049,"Oklahoma","Garvin County",4,63,304,150,154
050,40,049,"Oklahoma","Garvin County",4,64,324,153,171
050,40,049,"Oklahoma","Garvin County",4,65,347,160,187
050,40,049,"Oklahoma","Garvin County",4,66,327,143,184
050,40,049,"Oklahoma","Garvin County",4,67,308,146,162
050,40,049,"Oklahoma","Garvin County",4,68,303,158,145
050,40,049,"Oklahoma","Garvin County",4,69,299,137,162
050,40,049,"Oklahoma","Garvin County",4,70,290,138,152
050,40,049,"Oklahoma","Garvin County",4,71,254,129,125
050,40,049,"Oklahoma","Garvin County",4,72,220,100,120
050,40,049,"Oklahoma","Garvin County",4,73,191,85,106
050,40,049,"Oklahoma","Garvin County",4,74,203,85,118
050,40,049,"Oklahoma","Garvin County",4,75,220,100,120
050,40,049,"Oklahoma","Garvin County",4,76,140,60,80
050,40,049,"Oklahoma","Garvin County",4,77,162,72,90
050,40,049,"Oklahoma","Garvin County",4,78,169,81,88
050,40,049,"Oklahoma","Garvin County",4,79,167,73,94
050,40,049,"Oklahoma","Garvin County",4,80,133,49,84
050,40,049,"Oklahoma","Garvin County",4,81,125,53,72
050,40,049,"Oklahoma","Garvin County",4,82,112,43,69
050,40,049,"Oklahoma","Garvin County",4,83,95,34,61
050,40,049,"Oklahoma","Garvin County",4,84,87,38,49
050,40,049,"Oklahoma","Garvin County",4,85,502,191,311
050,40,049,"Oklahoma","Garvin County",5,0,321,161,160
050,40,049,"Oklahoma","Garvin County",5,1,319,161,158
050,40,049,"Oklahoma","Garvin County",5,2,317,160,157
050,40,049,"Oklahoma","Garvin County",5,3,331,176,155
050,40,049,"Oklahoma","Garvin County",5,4,321,164,157
050,40,049,"Oklahoma","Garvin County",5,5,311,158,153
050,40,049,"Oklahoma","Garvin County",5,6,346,172,174
050,40,049,"Oklahoma","Garvin County",5,7,382,200,182
050,40,049,"Oklahoma","Garvin County",5,8,368,182,186
050,40,049,"Oklahoma","Garvin County",5,9,332,157,175
050,40,049,"Oklahoma","Garvin County",5,10,351,177,174
050,40,049,"Oklahoma","Garvin County",5,11,383,192,191
050,40,049,"Oklahoma","Garvin County",5,12,365,193,172
050,40,049,"Oklahoma","Garvin County",5,13,390,206,184
050,40,049,"Oklahoma","Garvin County",5,14,396,192,204
050,40,049,"Oklahoma","Garvin County",5,15,436,226,210
050,40,049,"Oklahoma","Garvin County",5,16,458,240,218
050,40,049,"Oklahoma","Garvin County",5,17,384,209,175
050,40,049,"Oklahoma","Garvin County",5,18,311,166,145
050,40,049,"Oklahoma","Garvin County",5,19,254,121,133
050,40,049,"Oklahoma","Garvin County",5,20,255,130,125
050,40,049,"Oklahoma","Garvin County",5,21,278,145,133
050,40,049,"Oklahoma","Garvin County",5,22,294,145,149
050,40,049,"Oklahoma","Garvin County",5,23,330,174,156
050,40,049,"Oklahoma","Garvin County",5,24,341,176,165
050,40,049,"Oklahoma","Garvin County",5,25,297,153,144
050,40,049,"Oklahoma","Garvin County",5,26,266,138,128
050,40,049,"Oklahoma","Garvin County",5,27,305,158,147
050,40,049,"Oklahoma","Garvin County",5,28,284,139,145
050,40,049,"Oklahoma","Garvin County",5,29,305,142,163
050,40,049,"Oklahoma","Garvin County",5,30,312,159,153
050,40,049,"Oklahoma","Garvin County",5,31,342,174,168
050,40,049,"Oklahoma","Garvin County",5,32,313,143,170
050,40,049,"Oklahoma","Garvin County",5,33,350,165,185
050,40,049,"Oklahoma","Garvin County",5,34,294,145,149
050,40,049,"Oklahoma","Garvin County",5,35,301,147,154
050,40,049,"Oklahoma","Garvin County",5,36,306,143,163
050,40,049,"Oklahoma","Garvin County",5,37,300,139,161
050,40,049,"Oklahoma","Garvin County",5,38,330,163,167
050,40,049,"Oklahoma","Garvin County",5,39,345,171,174
050,40,049,"Oklahoma","Garvin County",5,40,347,197,150
050,40,049,"Oklahoma","Garvin County",5,41,380,190,190
050,40,049,"Oklahoma","Garvin County",5,42,369,186,183
050,40,049,"Oklahoma","Garvin County",5,43,344,187,157
050,40,049,"Oklahoma","Garvin County",5,44,307,146,161
050,40,049,"Oklahoma","Garvin County",5,45,300,155,145
050,40,049,"Oklahoma","Garvin County",5,46,290,145,145
050,40,049,"Oklahoma","Garvin County",5,47,317,166,151
050,40,049,"Oklahoma","Garvin County",5,48,303,161,142
050,40,049,"Oklahoma","Garvin County",5,49,314,158,156
050,40,049,"Oklahoma","Garvin County",5,50,319,155,164
050,40,049,"Oklahoma","Garvin County",5,51,295,162,133
050,40,049,"Oklahoma","Garvin County",5,52,346,182,164
050,40,049,"Oklahoma","Garvin County",5,53,327,163,164
050,40,049,"Oklahoma","Garvin County",5,54,291,142,149
050,40,049,"Oklahoma","Garvin County",5,55,275,156,119
050,40,049,"Oklahoma","Garvin County",5,56,282,150,132
050,40,049,"Oklahoma","Garvin County",5,57,285,144,141
050,40,049,"Oklahoma","Garvin County",5,58,293,136,157
050,40,049,"Oklahoma","Garvin County",5,59,305,139,166
050,40,049,"Oklahoma","Garvin County",5,60,329,143,186
050,40,049,"Oklahoma","Garvin County",5,61,348,162,186
050,40,049,"Oklahoma","Garvin County",5,62,336,168,168
050,40,049,"Oklahoma","Garvin County",5,63,344,165,179
050,40,049,"Oklahoma","Garvin County",5,64,303,148,155
050,40,049,"Oklahoma","Garvin County",5,65,319,151,168
050,40,049,"Oklahoma","Garvin County",5,66,339,155,184
050,40,049,"Oklahoma","Garvin County",5,67,320,139,181
050,40,049,"Oklahoma","Garvin County",5,68,306,147,159
050,40,049,"Oklahoma","Garvin County",5,69,292,145,147
050,40,049,"Oklahoma","Garvin County",5,70,307,141,166
050,40,049,"Oklahoma","Garvin County",5,71,284,132,152
050,40,049,"Oklahoma","Garvin County",5,72,237,116,121
050,40,049,"Oklahoma","Garvin County",5,73,209,92,117
050,40,049,"Oklahoma","Garvin County",5,74,179,72,107
050,40,049,"Oklahoma","Garvin County",5,75,198,85,113
050,40,049,"Oklahoma","Garvin County",5,76,198,88,110
050,40,049,"Oklahoma","Garvin County",5,77,123,51,72
050,40,049,"Oklahoma","Garvin County",5,78,161,71,90
050,40,049,"Oklahoma","Garvin County",5,79,158,74,84
050,40,049,"Oklahoma","Garvin County",5,80,144,64,80
050,40,049,"Oklahoma","Garvin County",5,81,117,46,71
050,40,049,"Oklahoma","Garvin County",5,82,117,47,70
050,40,049,"Oklahoma","Garvin County",5,83,105,40,65
050,40,049,"Oklahoma","Garvin County",5,84,81,26,55
050,40,049,"Oklahoma","Garvin County",5,85,498,194,304
050,40,051,"Oklahoma","Grady County",1,0,535,274,261
050,40,051,"Oklahoma","Grady County",1,1,586,303,283
050,40,051,"Oklahoma","Grady County",1,2,597,296,301
050,40,051,"Oklahoma","Grady County",1,3,600,306,294
050,40,051,"Oklahoma","Grady County",1,4,615,319,296
050,40,051,"Oklahoma","Grady County",1,5,665,329,336
050,40,051,"Oklahoma","Grady County",1,6,684,354,330
050,40,051,"Oklahoma","Grady County",1,7,686,340,346
050,40,051,"Oklahoma","Grady County",1,8,701,350,351
050,40,051,"Oklahoma","Grady County",1,9,741,391,350
050,40,051,"Oklahoma","Grady County",1,10,771,414,357
050,40,051,"Oklahoma","Grady County",1,11,816,422,394
050,40,051,"Oklahoma","Grady County",1,12,864,443,421
050,40,051,"Oklahoma","Grady County",1,13,823,416,407
050,40,051,"Oklahoma","Grady County",1,14,796,431,365
050,40,051,"Oklahoma","Grady County",1,15,811,431,380
050,40,051,"Oklahoma","Grady County",1,16,821,430,391
050,40,051,"Oklahoma","Grady County",1,17,811,444,367
050,40,051,"Oklahoma","Grady County",1,18,743,394,349
050,40,051,"Oklahoma","Grady County",1,19,728,369,359
050,40,051,"Oklahoma","Grady County",1,20,743,370,373
050,40,051,"Oklahoma","Grady County",1,21,664,365,299
050,40,051,"Oklahoma","Grady County",1,22,708,369,339
050,40,051,"Oklahoma","Grady County",1,23,588,289,299
050,40,051,"Oklahoma","Grady County",1,24,597,317,280
050,40,051,"Oklahoma","Grady County",1,25,604,318,286
050,40,051,"Oklahoma","Grady County",1,26,553,286,267
050,40,051,"Oklahoma","Grady County",1,27,596,318,278
050,40,051,"Oklahoma","Grady County",1,28,675,340,335
050,40,051,"Oklahoma","Grady County",1,29,681,333,348
050,40,051,"Oklahoma","Grady County",1,30,661,310,351
050,40,051,"Oklahoma","Grady County",1,31,658,343,315
050,40,051,"Oklahoma","Grady County",1,32,631,306,325
050,40,051,"Oklahoma","Grady County",1,33,592,295,297
050,40,051,"Oklahoma","Grady County",1,34,719,355,364
050,40,051,"Oklahoma","Grady County",1,35,651,302,349
050,40,051,"Oklahoma","Grady County",1,36,697,333,364
050,40,051,"Oklahoma","Grady County",1,37,756,361,395
050,40,051,"Oklahoma","Grady County",1,38,787,412,375
050,40,051,"Oklahoma","Grady County",1,39,818,424,394
050,40,051,"Oklahoma","Grady County",1,40,787,415,372
050,40,051,"Oklahoma","Grady County",1,41,729,368,361
050,40,051,"Oklahoma","Grady County",1,42,651,341,310
050,40,051,"Oklahoma","Grady County",1,43,668,348,320
050,40,051,"Oklahoma","Grady County",1,44,659,333,326
050,40,051,"Oklahoma","Grady County",1,45,653,339,314
050,40,051,"Oklahoma","Grady County",1,46,669,364,305
050,40,051,"Oklahoma","Grady County",1,47,668,333,335
050,40,051,"Oklahoma","Grady County",1,48,700,347,353
050,40,051,"Oklahoma","Grady County",1,49,749,373,376
050,40,051,"Oklahoma","Grady County",1,50,703,359,344
050,40,051,"Oklahoma","Grady County",1,51,683,356,327
050,40,051,"Oklahoma","Grady County",1,52,640,343,297
050,40,051,"Oklahoma","Grady County",1,53,632,325,307
050,40,051,"Oklahoma","Grady County",1,54,649,314,335
050,40,051,"Oklahoma","Grady County",1,55,738,370,368
050,40,051,"Oklahoma","Grady County",1,56,796,407,389
050,40,051,"Oklahoma","Grady County",1,57,844,416,428
050,40,051,"Oklahoma","Grady County",1,58,824,410,414
050,40,051,"Oklahoma","Grady County",1,59,849,434,415
050,40,051,"Oklahoma","Grady County",1,60,793,404,389
050,40,051,"Oklahoma","Grady County",1,61,767,393,374
050,40,051,"Oklahoma","Grady County",1,62,726,377,349
050,40,051,"Oklahoma","Grady County",1,63,712,350,362
050,40,051,"Oklahoma","Grady County",1,64,739,372,367
050,40,051,"Oklahoma","Grady County",1,65,712,354,358
050,40,051,"Oklahoma","Grady County",1,66,685,346,339
050,40,051,"Oklahoma","Grady County",1,67,634,318,316
050,40,051,"Oklahoma","Grady County",1,68,600,286,314
050,40,051,"Oklahoma","Grady County",1,69,522,252,270
050,40,051,"Oklahoma","Grady County",1,70,491,233,258
050,40,051,"Oklahoma","Grady County",1,71,482,225,257
050,40,051,"Oklahoma","Grady County",1,72,504,259,245
050,40,051,"Oklahoma","Grady County",1,73,491,237,254
050,40,051,"Oklahoma","Grady County",1,74,347,154,193
050,40,051,"Oklahoma","Grady County",1,75,376,170,206
050,40,051,"Oklahoma","Grady County",1,76,388,178,210
050,40,051,"Oklahoma","Grady County",1,77,335,163,172
050,40,051,"Oklahoma","Grady County",1,78,288,134,154
050,40,051,"Oklahoma","Grady County",1,79,261,112,149
050,40,051,"Oklahoma","Grady County",1,80,251,108,143
050,40,051,"Oklahoma","Grady County",1,81,229,101,128
050,40,051,"Oklahoma","Grady County",1,82,208,96,112
050,40,051,"Oklahoma","Grady County",1,83,181,76,105
050,40,051,"Oklahoma","Grady County",1,84,169,71,98
050,40,051,"Oklahoma","Grady County",1,85,848,304,544
050,40,051,"Oklahoma","Grady County",2,0,563,294,269
050,40,051,"Oklahoma","Grady County",2,1,575,298,277
050,40,051,"Oklahoma","Grady County",2,2,592,297,295
050,40,051,"Oklahoma","Grady County",2,3,596,303,293
050,40,051,"Oklahoma","Grady County",2,4,617,317,300
050,40,051,"Oklahoma","Grady County",2,5,656,330,326
050,40,051,"Oklahoma","Grady County",2,6,681,350,331
050,40,051,"Oklahoma","Grady County",2,7,684,341,343
050,40,051,"Oklahoma","Grady County",2,8,697,347,350
050,40,051,"Oklahoma","Grady County",2,9,735,384,351
050,40,051,"Oklahoma","Grady County",2,10,765,408,357
050,40,051,"Oklahoma","Grady County",2,11,805,420,385
050,40,051,"Oklahoma","Grady County",2,12,855,438,417
050,40,051,"Oklahoma","Grady County",2,13,833,423,410
050,40,051,"Oklahoma","Grady County",2,14,811,432,379
050,40,051,"Oklahoma","Grady County",2,15,806,430,376
050,40,051,"Oklahoma","Grady County",2,16,816,428,388
050,40,051,"Oklahoma","Grady County",2,17,809,437,372
050,40,051,"Oklahoma","Grady County",2,18,750,397,353
050,40,051,"Oklahoma","Grady County",2,19,734,371,363
050,40,051,"Oklahoma","Grady County",2,20,747,375,372
050,40,051,"Oklahoma","Grady County",2,21,678,372,306
050,40,051,"Oklahoma","Grady County",2,22,700,364,336
050,40,051,"Oklahoma","Grady County",2,23,605,296,309
050,40,051,"Oklahoma","Grady County",2,24,597,317,280
050,40,051,"Oklahoma","Grady County",2,25,606,315,291
050,40,051,"Oklahoma","Grady County",2,26,566,300,266
050,40,051,"Oklahoma","Grady County",2,27,593,313,280
050,40,051,"Oklahoma","Grady County",2,28,673,342,331
050,40,051,"Oklahoma","Grady County",2,29,663,322,341
050,40,051,"Oklahoma","Grady County",2,30,672,319,353
050,40,051,"Oklahoma","Grady County",2,31,660,340,320
050,40,051,"Oklahoma","Grady County",2,32,634,311,323
050,40,051,"Oklahoma","Grady County",2,33,604,300,304
050,40,051,"Oklahoma","Grady County",2,34,694,340,354
050,40,051,"Oklahoma","Grady County",2,35,675,318,357
050,40,051,"Oklahoma","Grady County",2,36,683,324,359
050,40,051,"Oklahoma","Grady County",2,37,745,357,388
050,40,051,"Oklahoma","Grady County",2,38,786,405,381
050,40,051,"Oklahoma","Grady County",2,39,803,419,384
050,40,051,"Oklahoma","Grady County",2,40,803,423,380
050,40,051,"Oklahoma","Grady County",2,41,736,375,361
050,40,051,"Oklahoma","Grady County",2,42,665,342,323
050,40,051,"Oklahoma","Grady County",2,43,675,353,322
050,40,051,"Oklahoma","Grady County",2,44,658,336,322
050,40,051,"Oklahoma","Grady County",2,45,656,338,318
050,40,051,"Oklahoma","Grady County",2,46,671,367,304
050,40,051,"Oklahoma","Grady County",2,47,659,331,328
050,40,051,"Oklahoma","Grady County",2,48,697,347,350
050,40,051,"Oklahoma","Grady County",2,49,732,363,369
050,40,051,"Oklahoma","Grady County",2,50,715,363,352
050,40,051,"Oklahoma","Grady County",2,51,685,356,329
050,40,051,"Oklahoma","Grady County",2,52,649,344,305
050,40,051,"Oklahoma","Grady County",2,53,635,330,305
050,40,051,"Oklahoma","Grady County",2,54,630,309,321
050,40,051,"Oklahoma","Grady County",2,55,718,359,359
050,40,051,"Oklahoma","Grady County",2,56,779,393,386
050,40,051,"Oklahoma","Grady County",2,57,833,413,420
050,40,051,"Oklahoma","Grady County",2,58,825,411,414
050,40,051,"Oklahoma","Grady County",2,59,846,431,415
050,40,051,"Oklahoma","Grady County",2,60,804,408,396
050,40,051,"Oklahoma","Grady County",2,61,774,398,376
050,40,051,"Oklahoma","Grady County",2,62,732,378,354
050,40,051,"Oklahoma","Grady County",2,63,724,361,363
050,40,051,"Oklahoma","Grady County",2,64,725,363,362
050,40,051,"Oklahoma","Grady County",2,65,721,360,361
050,40,051,"Oklahoma","Grady County",2,66,685,344,341
050,40,051,"Oklahoma","Grady County",2,67,642,323,319
050,40,051,"Oklahoma","Grady County",2,68,604,292,312
050,40,051,"Oklahoma","Grady County",2,69,537,258,279
050,40,051,"Oklahoma","Grady County",2,70,499,238,261
050,40,051,"Oklahoma","Grady County",2,71,484,227,257
050,40,051,"Oklahoma","Grady County",2,72,485,243,242
050,40,051,"Oklahoma","Grady County",2,73,515,252,263
050,40,051,"Oklahoma","Grady County",2,74,353,161,192
050,40,051,"Oklahoma","Grady County",2,75,368,165,203
050,40,051,"Oklahoma","Grady County",2,76,378,173,205
050,40,051,"Oklahoma","Grady County",2,77,356,171,185
050,40,051,"Oklahoma","Grady County",2,78,296,139,157
050,40,051,"Oklahoma","Grady County",2,79,261,115,146
050,40,051,"Oklahoma","Grady County",2,80,251,109,142
050,40,051,"Oklahoma","Grady County",2,81,229,99,130
050,40,051,"Oklahoma","Grady County",2,82,213,97,116
050,40,051,"Oklahoma","Grady County",2,83,183,80,103
050,40,051,"Oklahoma","Grady County",2,84,170,72,98
050,40,051,"Oklahoma","Grady County",2,85,861,307,554
050,40,051,"Oklahoma","Grady County",3,0,558,274,284
050,40,051,"Oklahoma","Grady County",3,1,570,301,269
050,40,051,"Oklahoma","Grady County",3,2,599,308,291
050,40,051,"Oklahoma","Grady County",3,3,623,316,307
050,40,051,"Oklahoma","Grady County",3,4,614,313,301
050,40,051,"Oklahoma","Grady County",3,5,652,335,317
050,40,051,"Oklahoma","Grady County",3,6,655,343,312
050,40,051,"Oklahoma","Grady County",3,7,715,354,361
050,40,051,"Oklahoma","Grady County",3,8,696,346,350
050,40,051,"Oklahoma","Grady County",3,9,718,356,362
050,40,051,"Oklahoma","Grady County",3,10,786,421,365
050,40,051,"Oklahoma","Grady County",3,11,771,411,360
050,40,051,"Oklahoma","Grady County",3,12,830,432,398
050,40,051,"Oklahoma","Grady County",3,13,879,449,430
050,40,051,"Oklahoma","Grady County",3,14,872,439,433
050,40,051,"Oklahoma","Grady County",3,15,819,439,380
050,40,051,"Oklahoma","Grady County",3,16,818,431,387
050,40,051,"Oklahoma","Grady County",3,17,829,431,398
050,40,051,"Oklahoma","Grady County",3,18,778,406,372
050,40,051,"Oklahoma","Grady County",3,19,760,383,377
050,40,051,"Oklahoma","Grady County",3,20,763,393,370
050,40,051,"Oklahoma","Grady County",3,21,726,391,335
050,40,051,"Oklahoma","Grady County",3,22,693,365,328
050,40,051,"Oklahoma","Grady County",3,23,647,324,323
050,40,051,"Oklahoma","Grady County",3,24,596,314,282
050,40,051,"Oklahoma","Grady County",3,25,605,302,303
050,40,051,"Oklahoma","Grady County",3,26,584,323,261
050,40,051,"Oklahoma","Grady County",3,27,589,318,271
050,40,051,"Oklahoma","Grady County",3,28,648,341,307
050,40,051,"Oklahoma","Grady County",3,29,613,304,309
050,40,051,"Oklahoma","Grady County",3,30,711,349,362
050,40,051,"Oklahoma","Grady County",3,31,697,338,359
050,40,051,"Oklahoma","Grady County",3,32,677,350,327
050,40,051,"Oklahoma","Grady County",3,33,658,328,330
050,40,051,"Oklahoma","Grady County",3,34,642,319,323
050,40,051,"Oklahoma","Grady County",3,35,705,340,365
050,40,051,"Oklahoma","Grady County",3,36,665,319,346
050,40,051,"Oklahoma","Grady County",3,37,725,342,383
050,40,051,"Oklahoma","Grady County",3,38,785,390,395
050,40,051,"Oklahoma","Grady County",3,39,820,417,403
050,40,051,"Oklahoma","Grady County",3,40,822,424,398
050,40,051,"Oklahoma","Grady County",3,41,810,417,393
050,40,051,"Oklahoma","Grady County",3,42,739,366,373
050,40,051,"Oklahoma","Grady County",3,43,666,333,333
050,40,051,"Oklahoma","Grady County",3,44,699,362,337
050,40,051,"Oklahoma","Grady County",3,45,678,326,352
050,40,051,"Oklahoma","Grady County",3,46,685,373,312
050,40,051,"Oklahoma","Grady County",3,47,644,340,304
050,40,051,"Oklahoma","Grady County",3,48,692,354,338
050,40,051,"Oklahoma","Grady County",3,49,692,331,361
050,40,051,"Oklahoma","Grady County",3,50,719,369,350
050,40,051,"Oklahoma","Grady County",3,51,722,369,353
050,40,051,"Oklahoma","Grady County",3,52,686,367,319
050,40,051,"Oklahoma","Grady County",3,53,672,361,311
050,40,051,"Oklahoma","Grady County",3,54,628,316,312
050,40,051,"Oklahoma","Grady County",3,55,667,335,332
050,40,051,"Oklahoma","Grady County",3,56,714,340,374
050,40,051,"Oklahoma","Grady County",3,57,766,378,388
050,40,051,"Oklahoma","Grady County",3,58,814,395,419
050,40,051,"Oklahoma","Grady County",3,59,812,413,399
050,40,051,"Oklahoma","Grady County",3,60,854,431,423
050,40,051,"Oklahoma","Grady County",3,61,789,400,389
050,40,051,"Oklahoma","Grady County",3,62,747,382,365
050,40,051,"Oklahoma","Grady County",3,63,748,387,361
050,40,051,"Oklahoma","Grady County",3,64,714,352,362
050,40,051,"Oklahoma","Grady County",3,65,726,367,359
050,40,051,"Oklahoma","Grady County",3,66,693,346,347
050,40,051,"Oklahoma","Grady County",3,67,671,335,336
050,40,051,"Oklahoma","Grady County",3,68,630,317,313
050,40,051,"Oklahoma","Grady County",3,69,571,278,293
050,40,051,"Oklahoma","Grady County",3,70,534,257,277
050,40,051,"Oklahoma","Grady County",3,71,470,220,250
050,40,051,"Oklahoma","Grady County",3,72,466,215,251
050,40,051,"Oklahoma","Grady County",3,73,460,230,230
050,40,051,"Oklahoma","Grady County",3,74,492,235,257
050,40,051,"Oklahoma","Grady County",3,75,341,154,187
050,40,051,"Oklahoma","Grady County",3,76,356,159,197
050,40,051,"Oklahoma","Grady County",3,77,364,164,200
050,40,051,"Oklahoma","Grady County",3,78,335,160,175
050,40,051,"Oklahoma","Grady County",3,79,274,132,142
050,40,051,"Oklahoma","Grady County",3,80,254,110,144
050,40,051,"Oklahoma","Grady County",3,81,236,102,134
050,40,051,"Oklahoma","Grady County",3,82,217,95,122
050,40,051,"Oklahoma","Grady County",3,83,197,83,114
050,40,051,"Oklahoma","Grady County",3,84,153,62,91
050,40,051,"Oklahoma","Grady County",3,85,885,313,572
050,40,051,"Oklahoma","Grady County",4,0,568,285,283
050,40,051,"Oklahoma","Grady County",4,1,620,298,322
050,40,051,"Oklahoma","Grady County",4,2,615,321,294
050,40,051,"Oklahoma","Grady County",4,3,616,302,314
050,40,051,"Oklahoma","Grady County",4,4,675,336,339
050,40,051,"Oklahoma","Grady County",4,5,634,323,311
050,40,051,"Oklahoma","Grady County",4,6,671,341,330
050,40,051,"Oklahoma","Grady County",4,7,719,365,354
050,40,051,"Oklahoma","Grady County",4,8,739,359,380
050,40,051,"Oklahoma","Grady County",4,9,749,382,367
050,40,051,"Oklahoma","Grady County",4,10,734,363,371
050,40,051,"Oklahoma","Grady County",4,11,806,448,358
050,40,051,"Oklahoma","Grady County",4,12,805,431,374
050,40,051,"Oklahoma","Grady County",4,13,848,439,409
050,40,051,"Oklahoma","Grady County",4,14,901,462,439
050,40,051,"Oklahoma","Grady County",4,15,879,436,443
050,40,051,"Oklahoma","Grady County",4,16,846,455,391
050,40,051,"Oklahoma","Grady County",4,17,801,430,371
050,40,051,"Oklahoma","Grady County",4,18,800,401,399
050,40,051,"Oklahoma","Grady County",4,19,751,378,373
050,40,051,"Oklahoma","Grady County",4,20,764,403,361
050,40,051,"Oklahoma","Grady County",4,21,720,402,318
050,40,051,"Oklahoma","Grady County",4,22,751,377,374
050,40,051,"Oklahoma","Grady County",4,23,638,319,319
050,40,051,"Oklahoma","Grady County",4,24,647,348,299
050,40,051,"Oklahoma","Grady County",4,25,638,322,316
050,40,051,"Oklahoma","Grady County",4,26,592,308,284
050,40,051,"Oklahoma","Grady County",4,27,624,343,281
050,40,051,"Oklahoma","Grady County",4,28,663,359,304
050,40,051,"Oklahoma","Grady County",4,29,612,310,302
050,40,051,"Oklahoma","Grady County",4,30,635,303,332
050,40,051,"Oklahoma","Grady County",4,31,730,373,357
050,40,051,"Oklahoma","Grady County",4,32,740,357,383
050,40,051,"Oklahoma","Grady County",4,33,728,376,352
050,40,051,"Oklahoma","Grady County",4,34,711,348,363
050,40,051,"Oklahoma","Grady County",4,35,661,329,332
050,40,051,"Oklahoma","Grady County",4,36,736,366,370
050,40,051,"Oklahoma","Grady County",4,37,699,339,360
050,40,051,"Oklahoma","Grady County",4,38,787,387,400
050,40,051,"Oklahoma","Grady County",4,39,808,398,410
050,40,051,"Oklahoma","Grady County",4,40,832,422,410
050,40,051,"Oklahoma","Grady County",4,41,832,421,411
050,40,051,"Oklahoma","Grady County",4,42,829,428,401
050,40,051,"Oklahoma","Grady County",4,43,777,394,383
050,40,051,"Oklahoma","Grady County",4,44,689,348,341
050,40,051,"Oklahoma","Grady County",4,45,704,356,348
050,40,051,"Oklahoma","Grady County",4,46,718,376,342
050,40,051,"Oklahoma","Grady County",4,47,666,348,318
050,40,051,"Oklahoma","Grady County",4,48,678,360,318
050,40,051,"Oklahoma","Grady County",4,49,682,344,338
050,40,051,"Oklahoma","Grady County",4,50,690,327,363
050,40,051,"Oklahoma","Grady County",4,51,746,391,355
050,40,051,"Oklahoma","Grady County",4,52,702,359,343
050,40,051,"Oklahoma","Grady County",4,53,699,377,322
050,40,051,"Oklahoma","Grady County",4,54,667,353,314
050,40,051,"Oklahoma","Grady County",4,55,655,338,317
050,40,051,"Oklahoma","Grady County",4,56,661,326,335
050,40,051,"Oklahoma","Grady County",4,57,733,354,379
050,40,051,"Oklahoma","Grady County",4,58,766,378,388
050,40,051,"Oklahoma","Grady County",4,59,796,385,411
050,40,051,"Oklahoma","Grady County",4,60,815,415,400
050,40,051,"Oklahoma","Grady County",4,61,843,431,412
050,40,051,"Oklahoma","Grady County",4,62,774,389,385
050,40,051,"Oklahoma","Grady County",4,63,737,370,367
050,40,051,"Oklahoma","Grady County",4,64,733,379,354
050,40,051,"Oklahoma","Grady County",4,65,717,352,365
050,40,051,"Oklahoma","Grady County",4,66,709,354,355
050,40,051,"Oklahoma","Grady County",4,67,660,322,338
050,40,051,"Oklahoma","Grady County",4,68,652,317,335
050,40,051,"Oklahoma","Grady County",4,69,613,307,306
050,40,051,"Oklahoma","Grady County",4,70,555,264,291
050,40,051,"Oklahoma","Grady County",4,71,523,247,276
050,40,051,"Oklahoma","Grady County",4,72,448,212,236
050,40,051,"Oklahoma","Grady County",4,73,454,210,244
050,40,051,"Oklahoma","Grady County",4,74,440,217,223
050,40,051,"Oklahoma","Grady County",4,75,473,225,248
050,40,051,"Oklahoma","Grady County",4,76,328,145,183
050,40,051,"Oklahoma","Grady County",4,77,346,156,190
050,40,051,"Oklahoma","Grady County",4,78,341,151,190
050,40,051,"Oklahoma","Grady County",4,79,311,153,158
050,40,051,"Oklahoma","Grady County",4,80,263,128,135
050,40,051,"Oklahoma","Grady County",4,81,237,101,136
050,40,051,"Oklahoma","Grady County",4,82,223,97,126
050,40,051,"Oklahoma","Grady County",4,83,202,87,115
050,40,051,"Oklahoma","Grady County",4,84,167,67,100
050,40,051,"Oklahoma","Grady County",4,85,901,321,580
050,40,051,"Oklahoma","Grady County",5,0,568,285,283
050,40,051,"Oklahoma","Grady County",5,1,545,276,269
050,40,051,"Oklahoma","Grady County",5,2,618,295,323
050,40,051,"Oklahoma","Grady County",5,3,650,345,305
050,40,051,"Oklahoma","Grady County",5,4,667,329,338
050,40,051,"Oklahoma","Grady County",5,5,694,339,355
050,40,051,"Oklahoma","Grady County",5,6,670,346,324
050,40,051,"Oklahoma","Grady County",5,7,706,365,341
050,40,051,"Oklahoma","Grady County",5,8,731,385,346
050,40,051,"Oklahoma","Grady County",5,9,756,367,389
050,40,051,"Oklahoma","Grady County",5,10,755,385,370
050,40,051,"Oklahoma","Grady County",5,11,772,390,382
050,40,051,"Oklahoma","Grady County",5,12,824,446,378
050,40,051,"Oklahoma","Grady County",5,13,811,436,375
050,40,051,"Oklahoma","Grady County",5,14,889,452,437
050,40,051,"Oklahoma","Grady County",5,15,911,463,448
050,40,051,"Oklahoma","Grady County",5,16,895,432,463
050,40,051,"Oklahoma","Grady County",5,17,848,447,401
050,40,051,"Oklahoma","Grady County",5,18,769,401,368
050,40,051,"Oklahoma","Grady County",5,19,751,365,386
050,40,051,"Oklahoma","Grady County",5,20,778,401,377
050,40,051,"Oklahoma","Grady County",5,21,713,408,305
050,40,051,"Oklahoma","Grady County",5,22,704,384,320
050,40,051,"Oklahoma","Grady County",5,23,698,331,367
050,40,051,"Oklahoma","Grady County",5,24,658,359,299
050,40,051,"Oklahoma","Grady County",5,25,682,348,334
050,40,051,"Oklahoma","Grady County",5,26,612,322,290
050,40,051,"Oklahoma","Grady County",5,27,619,317,302
050,40,051,"Oklahoma","Grady County",5,28,695,377,318
050,40,051,"Oklahoma","Grady County",5,29,603,304,299
050,40,051,"Oklahoma","Grady County",5,30,628,309,319
050,40,051,"Oklahoma","Grady County",5,31,639,327,312
050,40,051,"Oklahoma","Grady County",5,32,747,367,380
050,40,051,"Oklahoma","Grady County",5,33,754,372,382
050,40,051,"Oklahoma","Grady County",5,34,764,380,384
050,40,051,"Oklahoma","Grady County",5,35,731,359,372
050,40,051,"Oklahoma","Grady County",5,36,698,355,343
050,40,051,"Oklahoma","Grady County",5,37,755,365,390
050,40,051,"Oklahoma","Grady County",5,38,741,372,369
050,40,051,"Oklahoma","Grady County",5,39,825,411,414
050,40,051,"Oklahoma","Grady County",5,40,823,401,422
050,40,051,"Oklahoma","Grady County",5,41,841,430,411
050,40,051,"Oklahoma","Grady County",5,42,815,415,400
050,40,051,"Oklahoma","Grady County",5,43,856,438,418
050,40,051,"Oklahoma","Grady County",5,44,786,396,390
050,40,051,"Oklahoma","Grady County",5,45,694,330,364
050,40,051,"Oklahoma","Grady County",5,46,751,413,338
050,40,051,"Oklahoma","Grady County",5,47,685,344,341
050,40,051,"Oklahoma","Grady County",5,48,702,371,331
050,40,051,"Oklahoma","Grady County",5,49,660,343,317
050,40,051,"Oklahoma","Grady County",5,50,704,355,349
050,40,051,"Oklahoma","Grady County",5,51,705,328,377
050,40,051,"Oklahoma","Grady County",5,52,757,394,363
050,40,051,"Oklahoma","Grady County",5,53,723,375,348
050,40,051,"Oklahoma","Grady County",5,54,696,370,326
050,40,051,"Oklahoma","Grady County",5,55,677,365,312
050,40,051,"Oklahoma","Grady County",5,56,649,327,322
050,40,051,"Oklahoma","Grady County",5,57,671,328,343
050,40,051,"Oklahoma","Grady County",5,58,727,356,371
050,40,051,"Oklahoma","Grady County",5,59,768,378,390
050,40,051,"Oklahoma","Grady County",5,60,793,390,403
050,40,051,"Oklahoma","Grady County",5,61,824,422,402
050,40,051,"Oklahoma","Grady County",5,62,833,424,409
050,40,051,"Oklahoma","Grady County",5,63,780,386,394
050,40,051,"Oklahoma","Grady County",5,64,738,365,373
050,40,051,"Oklahoma","Grady County",5,65,752,392,360
050,40,051,"Oklahoma","Grady County",5,66,703,336,367
050,40,051,"Oklahoma","Grady County",5,67,684,341,343
050,40,051,"Oklahoma","Grady County",5,68,649,311,338
050,40,051,"Oklahoma","Grady County",5,69,623,306,317
050,40,051,"Oklahoma","Grady County",5,70,599,299,300
050,40,051,"Oklahoma","Grady County",5,71,544,256,288
050,40,051,"Oklahoma","Grady County",5,72,502,242,260
050,40,051,"Oklahoma","Grady County",5,73,431,203,228
050,40,051,"Oklahoma","Grady County",5,74,428,194,234
050,40,051,"Oklahoma","Grady County",5,75,425,209,216
050,40,051,"Oklahoma","Grady County",5,76,453,212,241
050,40,051,"Oklahoma","Grady County",5,77,318,136,182
050,40,051,"Oklahoma","Grady County",5,78,330,147,183
050,40,051,"Oklahoma","Grady County",5,79,315,140,175
050,40,051,"Oklahoma","Grady County",5,80,300,146,154
050,40,051,"Oklahoma","Grady County",5,81,240,117,123
050,40,051,"Oklahoma","Grady County",5,82,223,98,125
050,40,051,"Oklahoma","Grady County",5,83,203,88,115
050,40,051,"Oklahoma","Grady County",5,84,175,72,103
050,40,051,"Oklahoma","Grady County",5,85,946,342,604
050,40,053,"Oklahoma","Grant County",1,0,49,24,25
050,40,053,"Oklahoma","Grant County",1,1,49,24,25
050,40,053,"Oklahoma","Grant County",1,2,49,26,23
050,40,053,"Oklahoma","Grant County",1,3,46,22,24
050,40,053,"Oklahoma","Grant County",1,4,58,27,31
050,40,053,"Oklahoma","Grant County",1,5,43,23,20
050,40,053,"Oklahoma","Grant County",1,6,44,26,18
050,40,053,"Oklahoma","Grant County",1,7,63,34,29
050,40,053,"Oklahoma","Grant County",1,8,53,25,28
050,40,053,"Oklahoma","Grant County",1,9,64,34,30
050,40,053,"Oklahoma","Grant County",1,10,59,27,32
050,40,053,"Oklahoma","Grant County",1,11,53,26,27
050,40,053,"Oklahoma","Grant County",1,12,74,33,41
050,40,053,"Oklahoma","Grant County",1,13,71,31,40
050,40,053,"Oklahoma","Grant County",1,14,65,30,35
050,40,053,"Oklahoma","Grant County",1,15,53,22,31
050,40,053,"Oklahoma","Grant County",1,16,58,25,33
050,40,053,"Oklahoma","Grant County",1,17,58,30,28
050,40,053,"Oklahoma","Grant County",1,18,45,26,19
050,40,053,"Oklahoma","Grant County",1,19,38,20,18
050,40,053,"Oklahoma","Grant County",1,20,39,21,18
050,40,053,"Oklahoma","Grant County",1,21,35,18,17
050,40,053,"Oklahoma","Grant County",1,22,33,21,12
050,40,053,"Oklahoma","Grant County",1,23,35,17,18
050,40,053,"Oklahoma","Grant County",1,24,33,17,16
050,40,053,"Oklahoma","Grant County",1,25,35,13,22
050,40,053,"Oklahoma","Grant County",1,26,40,20,20
050,40,053,"Oklahoma","Grant County",1,27,41,19,22
050,40,053,"Oklahoma","Grant County",1,28,39,19,20
050,40,053,"Oklahoma","Grant County",1,29,45,26,19
050,40,053,"Oklahoma","Grant County",1,30,51,28,23
050,40,053,"Oklahoma","Grant County",1,31,44,24,20
050,40,053,"Oklahoma","Grant County",1,32,35,19,16
050,40,053,"Oklahoma","Grant County",1,33,49,27,22
050,40,053,"Oklahoma","Grant County",1,34,50,28,22
050,40,053,"Oklahoma","Grant County",1,35,55,28,27
050,40,053,"Oklahoma","Grant County",1,36,45,20,25
050,40,053,"Oklahoma","Grant County",1,37,53,23,30
050,40,053,"Oklahoma","Grant County",1,38,58,29,29
050,40,053,"Oklahoma","Grant County",1,39,48,21,27
050,40,053,"Oklahoma","Grant County",1,40,41,16,25
050,40,053,"Oklahoma","Grant County",1,41,49,28,21
050,40,053,"Oklahoma","Grant County",1,42,45,28,17
050,40,053,"Oklahoma","Grant County",1,43,47,25,22
050,40,053,"Oklahoma","Grant County",1,44,42,23,19
050,40,053,"Oklahoma","Grant County",1,45,36,20,16
050,40,053,"Oklahoma","Grant County",1,46,36,20,16
050,40,053,"Oklahoma","Grant County",1,47,43,18,25
050,40,053,"Oklahoma","Grant County",1,48,52,33,19
050,40,053,"Oklahoma","Grant County",1,49,42,23,19
050,40,053,"Oklahoma","Grant County",1,50,48,20,28
050,40,053,"Oklahoma","Grant County",1,51,34,20,14
050,40,053,"Oklahoma","Grant County",1,52,46,22,24
050,40,053,"Oklahoma","Grant County",1,53,47,22,25
050,40,053,"Oklahoma","Grant County",1,54,50,21,29
050,40,053,"Oklahoma","Grant County",1,55,62,27,35
050,40,053,"Oklahoma","Grant County",1,56,57,33,24
050,40,053,"Oklahoma","Grant County",1,57,61,32,29
050,40,053,"Oklahoma","Grant County",1,58,69,35,34
050,40,053,"Oklahoma","Grant County",1,59,69,41,28
050,40,053,"Oklahoma","Grant County",1,60,70,40,30
050,40,053,"Oklahoma","Grant County",1,61,61,30,31
050,40,053,"Oklahoma","Grant County",1,62,50,22,28
050,40,053,"Oklahoma","Grant County",1,63,57,27,30
050,40,053,"Oklahoma","Grant County",1,64,59,32,27
050,40,053,"Oklahoma","Grant County",1,65,59,34,25
050,40,053,"Oklahoma","Grant County",1,66,61,36,25
050,40,053,"Oklahoma","Grant County",1,67,64,33,31
050,40,053,"Oklahoma","Grant County",1,68,68,34,34
050,40,053,"Oklahoma","Grant County",1,69,69,33,36
050,40,053,"Oklahoma","Grant County",1,70,47,23,24
050,40,053,"Oklahoma","Grant County",1,71,34,17,17
050,40,053,"Oklahoma","Grant County",1,72,41,21,20
050,40,053,"Oklahoma","Grant County",1,73,45,23,22
050,40,053,"Oklahoma","Grant County",1,74,34,19,15
050,40,053,"Oklahoma","Grant County",1,75,31,15,16
050,40,053,"Oklahoma","Grant County",1,76,30,12,18
050,40,053,"Oklahoma","Grant County",1,77,29,12,17
050,40,053,"Oklahoma","Grant County",1,78,28,10,18
050,40,053,"Oklahoma","Grant County",1,79,29,8,21
050,40,053,"Oklahoma","Grant County",1,80,27,8,19
050,40,053,"Oklahoma","Grant County",1,81,30,16,14
050,40,053,"Oklahoma","Grant County",1,82,32,18,14
050,40,053,"Oklahoma","Grant County",1,83,30,15,15
050,40,053,"Oklahoma","Grant County",1,84,21,11,10
050,40,053,"Oklahoma","Grant County",1,85,131,51,80
050,40,053,"Oklahoma","Grant County",2,0,54,26,28
050,40,053,"Oklahoma","Grant County",2,1,47,23,24
050,40,053,"Oklahoma","Grant County",2,2,49,25,24
050,40,053,"Oklahoma","Grant County",2,3,47,23,24
050,40,053,"Oklahoma","Grant County",2,4,55,26,29
050,40,053,"Oklahoma","Grant County",2,5,47,24,23
050,40,053,"Oklahoma","Grant County",2,6,44,26,18
050,40,053,"Oklahoma","Grant County",2,7,57,32,25
050,40,053,"Oklahoma","Grant County",2,8,55,27,28
050,40,053,"Oklahoma","Grant County",2,9,61,31,30
050,40,053,"Oklahoma","Grant County",2,10,61,29,32
050,40,053,"Oklahoma","Grant County",2,11,53,26,27
050,40,053,"Oklahoma","Grant County",2,12,70,32,38
050,40,053,"Oklahoma","Grant County",2,13,73,33,40
050,40,053,"Oklahoma","Grant County",2,14,68,31,37
050,40,053,"Oklahoma","Grant County",2,15,56,23,33
050,40,053,"Oklahoma","Grant County",2,16,58,25,33
050,40,053,"Oklahoma","Grant County",2,17,59,30,29
050,40,053,"Oklahoma","Grant County",2,18,46,26,20
050,40,053,"Oklahoma","Grant County",2,19,38,20,18
050,40,053,"Oklahoma","Grant County",2,20,38,20,18
050,40,053,"Oklahoma","Grant County",2,21,38,21,17
050,40,053,"Oklahoma","Grant County",2,22,33,20,13
050,40,053,"Oklahoma","Grant County",2,23,34,18,16
050,40,053,"Oklahoma","Grant County",2,24,32,16,16
050,40,053,"Oklahoma","Grant County",2,25,34,14,20
050,40,053,"Oklahoma","Grant County",2,26,39,19,20
050,40,053,"Oklahoma","Grant County",2,27,41,20,21
050,40,053,"Oklahoma","Grant County",2,28,39,19,20
050,40,053,"Oklahoma","Grant County",2,29,43,24,19
050,40,053,"Oklahoma","Grant County",2,30,51,28,23
050,40,053,"Oklahoma","Grant County",2,31,45,25,20
050,40,053,"Oklahoma","Grant County",2,32,38,21,17
050,40,053,"Oklahoma","Grant County",2,33,45,25,20
050,40,053,"Oklahoma","Grant County",2,34,52,29,23
050,40,053,"Oklahoma","Grant County",2,35,54,28,26
050,40,053,"Oklahoma","Grant County",2,36,48,22,26
050,40,053,"Oklahoma","Grant County",2,37,51,22,29
050,40,053,"Oklahoma","Grant County",2,38,58,28,30
050,40,053,"Oklahoma","Grant County",2,39,51,22,29
050,40,053,"Oklahoma","Grant County",2,40,44,18,26
050,40,053,"Oklahoma","Grant County",2,41,47,25,22
050,40,053,"Oklahoma","Grant County",2,42,46,28,18
050,40,053,"Oklahoma","Grant County",2,43,48,27,21
050,40,053,"Oklahoma","Grant County",2,44,42,22,20
050,40,053,"Oklahoma","Grant County",2,45,39,22,17
050,40,053,"Oklahoma","Grant County",2,46,37,21,16
050,40,053,"Oklahoma","Grant County",2,47,43,20,23
050,40,053,"Oklahoma","Grant County",2,48,50,30,20
050,40,053,"Oklahoma","Grant County",2,49,43,25,18
050,40,053,"Oklahoma","Grant County",2,50,47,21,26
050,40,053,"Oklahoma","Grant County",2,51,38,21,17
050,40,053,"Oklahoma","Grant County",2,52,43,21,22
050,40,053,"Oklahoma","Grant County",2,53,46,22,24
050,40,053,"Oklahoma","Grant County",2,54,50,22,28
050,40,053,"Oklahoma","Grant County",2,55,59,25,34
050,40,053,"Oklahoma","Grant County",2,56,58,32,26
050,40,053,"Oklahoma","Grant County",2,57,61,33,28
050,40,053,"Oklahoma","Grant County",2,58,66,33,33
050,40,053,"Oklahoma","Grant County",2,59,69,40,29
050,40,053,"Oklahoma","Grant County",2,60,68,39,29
050,40,053,"Oklahoma","Grant County",2,61,63,32,31
050,40,053,"Oklahoma","Grant County",2,62,53,24,29
050,40,053,"Oklahoma","Grant County",2,63,55,25,30
050,40,053,"Oklahoma","Grant County",2,64,58,30,28
050,40,053,"Oklahoma","Grant County",2,65,60,34,26
050,40,053,"Oklahoma","Grant County",2,66,60,35,25
050,40,053,"Oklahoma","Grant County",2,67,65,35,30
050,40,053,"Oklahoma","Grant County",2,68,66,33,33
050,40,053,"Oklahoma","Grant County",2,69,70,34,36
050,40,053,"Oklahoma","Grant County",2,70,52,26,26
050,40,053,"Oklahoma","Grant County",2,71,38,19,19
050,40,053,"Oklahoma","Grant County",2,72,38,19,19
050,40,053,"Oklahoma","Grant County",2,73,46,24,22
050,40,053,"Oklahoma","Grant County",2,74,34,19,15
050,40,053,"Oklahoma","Grant County",2,75,32,16,16
050,40,053,"Oklahoma","Grant County",2,76,28,12,16
050,40,053,"Oklahoma","Grant County",2,77,29,12,17
050,40,053,"Oklahoma","Grant County",2,78,28,11,17
050,40,053,"Oklahoma","Grant County",2,79,27,8,19
050,40,053,"Oklahoma","Grant County",2,80,27,7,20
050,40,053,"Oklahoma","Grant County",2,81,27,13,14
050,40,053,"Oklahoma","Grant County",2,82,32,16,16
050,40,053,"Oklahoma","Grant County",2,83,31,16,15
050,40,053,"Oklahoma","Grant County",2,84,22,12,10
050,40,053,"Oklahoma","Grant County",2,85,133,52,81
050,40,053,"Oklahoma","Grant County",3,0,37,25,12
050,40,053,"Oklahoma","Grant County",3,1,51,24,27
050,40,053,"Oklahoma","Grant County",3,2,49,24,25
050,40,053,"Oklahoma","Grant County",3,3,44,21,23
050,40,053,"Oklahoma","Grant County",3,4,49,24,25
050,40,053,"Oklahoma","Grant County",3,5,58,28,30
050,40,053,"Oklahoma","Grant County",3,6,47,24,23
050,40,053,"Oklahoma","Grant County",3,7,48,27,21
050,40,053,"Oklahoma","Grant County",3,8,51,29,22
050,40,053,"Oklahoma","Grant County",3,9,57,29,28
050,40,053,"Oklahoma","Grant County",3,10,62,35,27
050,40,053,"Oklahoma","Grant County",3,11,62,30,32
050,40,053,"Oklahoma","Grant County",3,12,61,28,33
050,40,053,"Oklahoma","Grant County",3,13,68,32,36
050,40,053,"Oklahoma","Grant County",3,14,76,35,41
050,40,053,"Oklahoma","Grant County",3,15,61,28,33
050,40,053,"Oklahoma","Grant County",3,16,54,22,32
050,40,053,"Oklahoma","Grant County",3,17,63,30,33
050,40,053,"Oklahoma","Grant County",3,18,49,26,23
050,40,053,"Oklahoma","Grant County",3,19,33,22,11
050,40,053,"Oklahoma","Grant County",3,20,42,23,19
050,40,053,"Oklahoma","Grant County",3,21,39,18,21
050,40,053,"Oklahoma","Grant County",3,22,39,21,18
050,40,053,"Oklahoma","Grant County",3,23,37,20,17
050,40,053,"Oklahoma","Grant County",3,24,33,17,16
050,40,053,"Oklahoma","Grant County",3,25,24,10,14
050,40,053,"Oklahoma","Grant County",3,26,41,18,23
050,40,053,"Oklahoma","Grant County",3,27,39,16,23
050,40,053,"Oklahoma","Grant County",3,28,42,23,19
050,40,053,"Oklahoma","Grant County",3,29,36,18,18
050,40,053,"Oklahoma","Grant County",3,30,44,23,21
050,40,053,"Oklahoma","Grant County",3,31,53,28,25
050,40,053,"Oklahoma","Grant County",3,32,49,29,20
050,40,053,"Oklahoma","Grant County",3,33,41,23,18
050,40,053,"Oklahoma","Grant County",3,34,44,24,20
050,40,053,"Oklahoma","Grant County",3,35,53,28,25
050,40,053,"Oklahoma","Grant County",3,36,53,30,23
050,40,053,"Oklahoma","Grant County",3,37,51,24,27
050,40,053,"Oklahoma","Grant County",3,38,51,22,29
050,40,053,"Oklahoma","Grant County",3,39,60,29,31
050,40,053,"Oklahoma","Grant County",3,40,50,20,30
050,40,053,"Oklahoma","Grant County",3,41,44,18,26
050,40,053,"Oklahoma","Grant County",3,42,49,26,23
050,40,053,"Oklahoma","Grant County",3,43,48,29,19
050,40,053,"Oklahoma","Grant County",3,44,48,26,22
050,40,053,"Oklahoma","Grant County",3,45,44,23,21
050,40,053,"Oklahoma","Grant County",3,46,42,22,20
050,40,053,"Oklahoma","Grant County",3,47,33,20,13
050,40,053,"Oklahoma","Grant County",3,48,49,22,27
050,40,053,"Oklahoma","Grant County",3,49,47,28,19
050,40,053,"Oklahoma","Grant County",3,50,46,28,18
050,40,053,"Oklahoma","Grant County",3,51,46,19,27
050,40,053,"Oklahoma","Grant County",3,52,37,21,16
050,40,053,"Oklahoma","Grant County",3,53,46,24,22
050,40,053,"Oklahoma","Grant County",3,54,44,21,23
050,40,053,"Oklahoma","Grant County",3,55,46,22,24
050,40,053,"Oklahoma","Grant County",3,56,57,24,33
050,40,053,"Oklahoma","Grant County",3,57,66,37,29
050,40,053,"Oklahoma","Grant County",3,58,58,32,26
050,40,053,"Oklahoma","Grant County",3,59,64,34,30
050,40,053,"Oklahoma","Grant County",3,60,69,40,29
050,40,053,"Oklahoma","Grant County",3,61,69,39,30
050,40,053,"Oklahoma","Grant County",3,62,60,31,29
050,40,053,"Oklahoma","Grant County",3,63,48,24,24
050,40,053,"Oklahoma","Grant County",3,64,53,22,31
050,40,053,"Oklahoma","Grant County",3,65,59,32,27
050,40,053,"Oklahoma","Grant County",3,66,56,31,25
050,40,053,"Oklahoma","Grant County",3,67,60,35,25
050,40,053,"Oklahoma","Grant County",3,68,57,29,28
050,40,053,"Oklahoma","Grant County",3,69,65,29,36
050,40,053,"Oklahoma","Grant County",3,70,60,29,31
050,40,053,"Oklahoma","Grant County",3,71,48,26,22
050,40,053,"Oklahoma","Grant County",3,72,40,19,21
050,40,053,"Oklahoma","Grant County",3,73,37,19,18
050,40,053,"Oklahoma","Grant County",3,74,40,22,18
050,40,053,"Oklahoma","Grant County",3,75,31,14,17
050,40,053,"Oklahoma","Grant County",3,76,30,16,14
050,40,053,"Oklahoma","Grant County",3,77,25,9,16
050,40,053,"Oklahoma","Grant County",3,78,27,12,15
050,40,053,"Oklahoma","Grant County",3,79,26,10,16
050,40,053,"Oklahoma","Grant County",3,80,29,7,22
050,40,053,"Oklahoma","Grant County",3,81,23,7,16
050,40,053,"Oklahoma","Grant County",3,82,28,11,17
050,40,053,"Oklahoma","Grant County",3,83,30,16,14
050,40,053,"Oklahoma","Grant County",3,84,25,13,12
050,40,053,"Oklahoma","Grant County",3,85,135,61,74
050,40,053,"Oklahoma","Grant County",4,0,45,26,19
050,40,053,"Oklahoma","Grant County",4,1,45,25,20
050,40,053,"Oklahoma","Grant County",4,2,51,27,24
050,40,053,"Oklahoma","Grant County",4,3,54,27,27
050,40,053,"Oklahoma","Grant County",4,4,46,22,24
050,40,053,"Oklahoma","Grant County",4,5,48,22,26
050,40,053,"Oklahoma","Grant County",4,6,54,27,27
050,40,053,"Oklahoma","Grant County",4,7,46,24,22
050,40,053,"Oklahoma","Grant County",4,8,52,29,23
050,40,053,"Oklahoma","Grant County",4,9,48,25,23
050,40,053,"Oklahoma","Grant County",4,10,53,26,27
050,40,053,"Oklahoma","Grant County",4,11,61,32,29
050,40,053,"Oklahoma","Grant County",4,12,62,32,30
050,40,053,"Oklahoma","Grant County",4,13,51,24,27
050,40,053,"Oklahoma","Grant County",4,14,71,36,35
050,40,053,"Oklahoma","Grant County",4,15,71,33,38
050,40,053,"Oklahoma","Grant County",4,16,62,27,35
050,40,053,"Oklahoma","Grant County",4,17,57,23,34
050,40,053,"Oklahoma","Grant County",4,18,51,25,26
050,40,053,"Oklahoma","Grant County",4,19,41,20,21
050,40,053,"Oklahoma","Grant County",4,20,31,20,11
050,40,053,"Oklahoma","Grant County",4,21,40,21,19
050,40,053,"Oklahoma","Grant County",4,22,35,14,21
050,40,053,"Oklahoma","Grant County",4,23,43,28,15
050,40,053,"Oklahoma","Grant County",4,24,45,23,22
050,40,053,"Oklahoma","Grant County",4,25,35,18,17
050,40,053,"Oklahoma","Grant County",4,26,24,10,14
050,40,053,"Oklahoma","Grant County",4,27,43,21,22
050,40,053,"Oklahoma","Grant County",4,28,33,17,16
050,40,053,"Oklahoma","Grant County",4,29,44,24,20
050,40,053,"Oklahoma","Grant County",4,30,38,20,18
050,40,053,"Oklahoma","Grant County",4,31,49,27,22
050,40,053,"Oklahoma","Grant County",4,32,53,27,26
050,40,053,"Oklahoma","Grant County",4,33,52,31,21
050,40,053,"Oklahoma","Grant County",4,34,45,27,18
050,40,053,"Oklahoma","Grant County",4,35,43,23,20
050,40,053,"Oklahoma","Grant County",4,36,52,25,27
050,40,053,"Oklahoma","Grant County",4,37,48,27,21
050,40,053,"Oklahoma","Grant County",4,38,47,23,24
050,40,053,"Oklahoma","Grant County",4,39,52,22,30
050,40,053,"Oklahoma","Grant County",4,40,58,28,30
050,40,053,"Oklahoma","Grant County",4,41,52,21,31
050,40,053,"Oklahoma","Grant County",4,42,44,18,26
050,40,053,"Oklahoma","Grant County",4,43,47,25,22
050,40,053,"Oklahoma","Grant County",4,44,50,28,22
050,40,053,"Oklahoma","Grant County",4,45,48,26,22
050,40,053,"Oklahoma","Grant County",4,46,47,24,23
050,40,053,"Oklahoma","Grant County",4,47,43,23,20
050,40,053,"Oklahoma","Grant County",4,48,33,19,14
050,40,053,"Oklahoma","Grant County",4,49,47,20,27
050,40,053,"Oklahoma","Grant County",4,50,51,30,21
050,40,053,"Oklahoma","Grant County",4,51,47,28,19
050,40,053,"Oklahoma","Grant County",4,52,45,18,27
050,40,053,"Oklahoma","Grant County",4,53,34,19,15
050,40,053,"Oklahoma","Grant County",4,54,44,22,22
050,40,053,"Oklahoma","Grant County",4,55,45,21,24
050,40,053,"Oklahoma","Grant County",4,56,47,24,23
050,40,053,"Oklahoma","Grant County",4,57,61,26,35
050,40,053,"Oklahoma","Grant County",4,58,64,35,29
050,40,053,"Oklahoma","Grant County",4,59,55,32,23
050,40,053,"Oklahoma","Grant County",4,60,67,34,33
050,40,053,"Oklahoma","Grant County",4,61,70,40,30
050,40,053,"Oklahoma","Grant County",4,62,67,40,27
050,40,053,"Oklahoma","Grant County",4,63,63,33,30
050,40,053,"Oklahoma","Grant County",4,64,45,22,23
050,40,053,"Oklahoma","Grant County",4,65,53,24,29
050,40,053,"Oklahoma","Grant County",4,66,57,30,27
050,40,053,"Oklahoma","Grant County",4,67,59,34,25
050,40,053,"Oklahoma","Grant County",4,68,57,30,27
050,40,053,"Oklahoma","Grant County",4,69,54,24,30
050,40,053,"Oklahoma","Grant County",4,70,63,30,33
050,40,053,"Oklahoma","Grant County",4,71,60,30,30
050,40,053,"Oklahoma","Grant County",4,72,49,25,24
050,40,053,"Oklahoma","Grant County",4,73,39,20,19
050,40,053,"Oklahoma","Grant County",4,74,34,15,19
050,40,053,"Oklahoma","Grant County",4,75,38,18,20
050,40,053,"Oklahoma","Grant County",4,76,28,11,17
050,40,053,"Oklahoma","Grant County",4,77,29,16,13
050,40,053,"Oklahoma","Grant County",4,78,21,8,13
050,40,053,"Oklahoma","Grant County",4,79,26,11,15
050,40,053,"Oklahoma","Grant County",4,80,25,8,17
050,40,053,"Oklahoma","Grant County",4,81,24,6,18
050,40,053,"Oklahoma","Grant County",4,82,22,6,16
050,40,053,"Oklahoma","Grant County",4,83,27,12,15
050,40,053,"Oklahoma","Grant County",4,84,23,14,9
050,40,053,"Oklahoma","Grant County",4,85,139,65,74
050,40,053,"Oklahoma","Grant County",5,0,45,26,19
050,40,053,"Oklahoma","Grant County",5,1,42,26,16
050,40,053,"Oklahoma","Grant County",5,2,43,26,17
050,40,053,"Oklahoma","Grant County",5,3,57,32,25
050,40,053,"Oklahoma","Grant County",5,4,56,26,30
050,40,053,"Oklahoma","Grant County",5,5,48,23,25
050,40,053,"Oklahoma","Grant County",5,6,50,23,27
050,40,053,"Oklahoma","Grant County",5,7,53,26,27
050,40,053,"Oklahoma","Grant County",5,8,50,25,25
050,40,053,"Oklahoma","Grant County",5,9,51,28,23
050,40,053,"Oklahoma","Grant County",5,10,50,24,26
050,40,053,"Oklahoma","Grant County",5,11,58,29,29
050,40,053,"Oklahoma","Grant County",5,12,61,34,27
050,40,053,"Oklahoma","Grant County",5,13,63,34,29
050,40,053,"Oklahoma","Grant County",5,14,54,24,30
050,40,053,"Oklahoma","Grant County",5,15,70,34,36
050,40,053,"Oklahoma","Grant County",5,16,76,36,40
050,40,053,"Oklahoma","Grant County",5,17,66,32,34
050,40,053,"Oklahoma","Grant County",5,18,47,19,28
050,40,053,"Oklahoma","Grant County",5,19,41,21,20
050,40,053,"Oklahoma","Grant County",5,20,42,20,22
050,40,053,"Oklahoma","Grant County",5,21,30,20,10
050,40,053,"Oklahoma","Grant County",5,22,40,22,18
050,40,053,"Oklahoma","Grant County",5,23,35,17,18
050,40,053,"Oklahoma","Grant County",5,24,43,24,19
050,40,053,"Oklahoma","Grant County",5,25,45,23,22
050,40,053,"Oklahoma","Grant County",5,26,33,16,17
050,40,053,"Oklahoma","Grant County",5,27,24,10,14
050,40,053,"Oklahoma","Grant County",5,28,41,19,22
050,40,053,"Oklahoma","Grant County",5,29,36,15,21
050,40,053,"Oklahoma","Grant County",5,30,42,26,16
050,40,053,"Oklahoma","Grant County",5,31,36,19,17
050,40,053,"Oklahoma","Grant County",5,32,46,24,22
050,40,053,"Oklahoma","Grant County",5,33,54,27,27
050,40,053,"Oklahoma","Grant County",5,34,54,31,23
050,40,053,"Oklahoma","Grant County",5,35,43,25,18
050,40,053,"Oklahoma","Grant County",5,36,46,27,19
050,40,053,"Oklahoma","Grant County",5,37,56,28,28
050,40,053,"Oklahoma","Grant County",5,38,49,24,25
050,40,053,"Oklahoma","Grant County",5,39,48,24,24
050,40,053,"Oklahoma","Grant County",5,40,54,24,30
050,40,053,"Oklahoma","Grant County",5,41,61,31,30
050,40,053,"Oklahoma","Grant County",5,42,52,20,32
050,40,053,"Oklahoma","Grant County",5,43,45,19,26
050,40,053,"Oklahoma","Grant County",5,44,48,27,21
050,40,053,"Oklahoma","Grant County",5,45,51,30,21
050,40,053,"Oklahoma","Grant County",5,46,50,23,27
050,40,053,"Oklahoma","Grant County",5,47,47,24,23
050,40,053,"Oklahoma","Grant County",5,48,44,23,21
050,40,053,"Oklahoma","Grant County",5,49,30,16,14
050,40,053,"Oklahoma","Grant County",5,50,50,20,30
050,40,053,"Oklahoma","Grant County",5,51,51,30,21
050,40,053,"Oklahoma","Grant County",5,52,42,28,14
050,40,053,"Oklahoma","Grant County",5,53,44,18,26
050,40,053,"Oklahoma","Grant County",5,54,33,18,15
050,40,053,"Oklahoma","Grant County",5,55,40,21,19
050,40,053,"Oklahoma","Grant County",5,56,42,21,21
050,40,053,"Oklahoma","Grant County",5,57,52,28,24
050,40,053,"Oklahoma","Grant County",5,58,56,22,34
050,40,053,"Oklahoma","Grant County",5,59,54,30,24
050,40,053,"Oklahoma","Grant County",5,60,55,32,23
050,40,053,"Oklahoma","Grant County",5,61,65,32,33
050,40,053,"Oklahoma","Grant County",5,62,70,42,28
050,40,053,"Oklahoma","Grant County",5,63,63,36,27
050,40,053,"Oklahoma","Grant County",5,64,57,27,30
050,40,053,"Oklahoma","Grant County",5,65,45,24,21
050,40,053,"Oklahoma","Grant County",5,66,46,20,26
050,40,053,"Oklahoma","Grant County",5,67,57,31,26
050,40,053,"Oklahoma","Grant County",5,68,56,31,25
050,40,053,"Oklahoma","Grant County",5,69,53,24,29
050,40,053,"Oklahoma","Grant County",5,70,49,24,25
050,40,053,"Oklahoma","Grant County",5,71,62,31,31
050,40,053,"Oklahoma","Grant County",5,72,60,29,31
050,40,053,"Oklahoma","Grant County",5,73,48,23,25
050,40,053,"Oklahoma","Grant County",5,74,34,17,17
050,40,053,"Oklahoma","Grant County",5,75,32,11,21
050,40,053,"Oklahoma","Grant County",5,76,33,15,18
050,40,053,"Oklahoma","Grant County",5,77,28,12,16
050,40,053,"Oklahoma","Grant County",5,78,24,15,9
050,40,053,"Oklahoma","Grant County",5,79,20,8,12
050,40,053,"Oklahoma","Grant County",5,80,27,9,18
050,40,053,"Oklahoma","Grant County",5,81,20,6,14
050,40,053,"Oklahoma","Grant County",5,82,25,5,20
050,40,053,"Oklahoma","Grant County",5,83,23,7,16
050,40,053,"Oklahoma","Grant County",5,84,21,10,11
050,40,053,"Oklahoma","Grant County",5,85,140,71,69
050,40,055,"Oklahoma","Greer County",1,0,49,24,25
050,40,055,"Oklahoma","Greer County",1,1,54,26,28
050,40,055,"Oklahoma","Greer County",1,2,48,25,23
050,40,055,"Oklahoma","Greer County",1,3,61,30,31
050,40,055,"Oklahoma","Greer County",1,4,66,37,29
050,40,055,"Oklahoma","Greer County",1,5,66,29,37
050,40,055,"Oklahoma","Greer County",1,6,68,29,39
050,40,055,"Oklahoma","Greer County",1,7,63,33,30
050,40,055,"Oklahoma","Greer County",1,8,62,30,32
050,40,055,"Oklahoma","Greer County",1,9,66,31,35
050,40,055,"Oklahoma","Greer County",1,10,71,36,35
050,40,055,"Oklahoma","Greer County",1,11,69,35,34
050,40,055,"Oklahoma","Greer County",1,12,62,37,25
050,40,055,"Oklahoma","Greer County",1,13,69,44,25
050,40,055,"Oklahoma","Greer County",1,14,65,31,34
050,40,055,"Oklahoma","Greer County",1,15,63,30,33
050,40,055,"Oklahoma","Greer County",1,16,65,33,32
050,40,055,"Oklahoma","Greer County",1,17,72,33,39
050,40,055,"Oklahoma","Greer County",1,18,70,34,36
050,40,055,"Oklahoma","Greer County",1,19,60,32,28
050,40,055,"Oklahoma","Greer County",1,20,54,34,20
050,40,055,"Oklahoma","Greer County",1,21,61,41,20
050,40,055,"Oklahoma","Greer County",1,22,64,43,21
050,40,055,"Oklahoma","Greer County",1,23,65,39,26
050,40,055,"Oklahoma","Greer County",1,24,77,52,25
050,40,055,"Oklahoma","Greer County",1,25,73,46,27
050,40,055,"Oklahoma","Greer County",1,26,71,49,22
050,40,055,"Oklahoma","Greer County",1,27,89,60,29
050,40,055,"Oklahoma","Greer County",1,28,82,60,22
050,40,055,"Oklahoma","Greer County",1,29,81,67,14
050,40,055,"Oklahoma","Greer County",1,30,73,49,24
050,40,055,"Oklahoma","Greer County",1,31,86,58,28
050,40,055,"Oklahoma","Greer County",1,32,88,55,33
050,40,055,"Oklahoma","Greer County",1,33,74,46,28
050,40,055,"Oklahoma","Greer County",1,34,79,54,25
050,40,055,"Oklahoma","Greer County",1,35,92,57,35
050,40,055,"Oklahoma","Greer County",1,36,89,49,40
050,40,055,"Oklahoma","Greer County",1,37,78,43,35
050,40,055,"Oklahoma","Greer County",1,38,71,48,23
050,40,055,"Oklahoma","Greer County",1,39,70,44,26
050,40,055,"Oklahoma","Greer County",1,40,79,50,29
050,40,055,"Oklahoma","Greer County",1,41,70,41,29
050,40,055,"Oklahoma","Greer County",1,42,74,46,28
050,40,055,"Oklahoma","Greer County",1,43,73,45,28
050,40,055,"Oklahoma","Greer County",1,44,63,43,20
050,40,055,"Oklahoma","Greer County",1,45,77,51,26
050,40,055,"Oklahoma","Greer County",1,46,78,48,30
050,40,055,"Oklahoma","Greer County",1,47,55,30,25
050,40,055,"Oklahoma","Greer County",1,48,72,49,23
050,40,055,"Oklahoma","Greer County",1,49,58,35,23
050,40,055,"Oklahoma","Greer County",1,50,71,46,25
050,40,055,"Oklahoma","Greer County",1,51,67,46,21
050,40,055,"Oklahoma","Greer County",1,52,69,43,26
050,40,055,"Oklahoma","Greer County",1,53,60,33,27
050,40,055,"Oklahoma","Greer County",1,54,71,40,31
050,40,055,"Oklahoma","Greer County",1,55,76,42,34
050,40,055,"Oklahoma","Greer County",1,56,77,42,35
050,40,055,"Oklahoma","Greer County",1,57,69,33,36
050,40,055,"Oklahoma","Greer County",1,58,68,36,32
050,40,055,"Oklahoma","Greer County",1,59,69,37,32
050,40,055,"Oklahoma","Greer County",1,60,79,41,38
050,40,055,"Oklahoma","Greer County",1,61,72,38,34
050,40,055,"Oklahoma","Greer County",1,62,57,29,28
050,40,055,"Oklahoma","Greer County",1,63,53,30,23
050,40,055,"Oklahoma","Greer County",1,64,59,30,29
050,40,055,"Oklahoma","Greer County",1,65,59,26,33
050,40,055,"Oklahoma","Greer County",1,66,52,24,28
050,40,055,"Oklahoma","Greer County",1,67,66,34,32
050,40,055,"Oklahoma","Greer County",1,68,52,22,30
050,40,055,"Oklahoma","Greer County",1,69,51,23,28
050,40,055,"Oklahoma","Greer County",1,70,49,23,26
050,40,055,"Oklahoma","Greer County",1,71,51,27,24
050,40,055,"Oklahoma","Greer County",1,72,47,21,26
050,40,055,"Oklahoma","Greer County",1,73,54,27,27
050,40,055,"Oklahoma","Greer County",1,74,44,22,22
050,40,055,"Oklahoma","Greer County",1,75,37,16,21
050,40,055,"Oklahoma","Greer County",1,76,39,12,27
050,40,055,"Oklahoma","Greer County",1,77,35,15,20
050,40,055,"Oklahoma","Greer County",1,78,35,15,20
050,40,055,"Oklahoma","Greer County",1,79,32,15,17
050,40,055,"Oklahoma","Greer County",1,80,32,11,21
050,40,055,"Oklahoma","Greer County",1,81,27,12,15
050,40,055,"Oklahoma","Greer County",1,82,19,12,7
050,40,055,"Oklahoma","Greer County",1,83,28,14,14
050,40,055,"Oklahoma","Greer County",1,84,32,14,18
050,40,055,"Oklahoma","Greer County",1,85,148,42,106
050,40,055,"Oklahoma","Greer County",2,0,58,29,29
050,40,055,"Oklahoma","Greer County",2,1,52,24,28
050,40,055,"Oklahoma","Greer County",2,2,51,25,26
050,40,055,"Oklahoma","Greer County",2,3,58,29,29
050,40,055,"Oklahoma","Greer County",2,4,65,35,30
050,40,055,"Oklahoma","Greer County",2,5,65,30,35
050,40,055,"Oklahoma","Greer County",2,6,65,28,37
050,40,055,"Oklahoma","Greer County",2,7,65,32,33
050,40,055,"Oklahoma","Greer County",2,8,61,30,31
050,40,055,"Oklahoma","Greer County",2,9,65,30,35
050,40,055,"Oklahoma","Greer County",2,10,70,36,34
050,40,055,"Oklahoma","Greer County",2,11,68,34,34
050,40,055,"Oklahoma","Greer County",2,12,65,37,28
050,40,055,"Oklahoma","Greer County",2,13,68,42,26
050,40,055,"Oklahoma","Greer County",2,14,67,34,33
050,40,055,"Oklahoma","Greer County",2,15,64,31,33
050,40,055,"Oklahoma","Greer County",2,16,65,33,32
050,40,055,"Oklahoma","Greer County",2,17,69,33,36
050,40,055,"Oklahoma","Greer County",2,18,68,33,35
050,40,055,"Oklahoma","Greer County",2,19,60,31,29
050,40,055,"Oklahoma","Greer County",2,20,57,35,22
050,40,055,"Oklahoma","Greer County",2,21,62,41,21
050,40,055,"Oklahoma","Greer County",2,22,63,42,21
050,40,055,"Oklahoma","Greer County",2,23,66,41,25
050,40,055,"Oklahoma","Greer County",2,24,75,49,26
050,40,055,"Oklahoma","Greer County",2,25,75,48,27
050,40,055,"Oklahoma","Greer County",2,26,72,48,24
050,40,055,"Oklahoma","Greer County",2,27,87,59,28
050,40,055,"Oklahoma","Greer County",2,28,83,59,24
050,40,055,"Oklahoma","Greer County",2,29,85,69,16
050,40,055,"Oklahoma","Greer County",2,30,70,48,22
050,40,055,"Oklahoma","Greer County",2,31,85,58,27
050,40,055,"Oklahoma","Greer County",2,32,88,56,32
050,40,055,"Oklahoma","Greer County",2,33,74,46,28
050,40,055,"Oklahoma","Greer County",2,34,79,52,27
050,40,055,"Oklahoma","Greer County",2,35,90,56,34
050,40,055,"Oklahoma","Greer County",2,36,91,53,38
050,40,055,"Oklahoma","Greer County",2,37,80,43,37
050,40,055,"Oklahoma","Greer County",2,38,73,47,26
050,40,055,"Oklahoma","Greer County",2,39,69,44,25
050,40,055,"Oklahoma","Greer County",2,40,79,51,28
050,40,055,"Oklahoma","Greer County",2,41,70,41,29
050,40,055,"Oklahoma","Greer County",2,42,74,46,28
050,40,055,"Oklahoma","Greer County",2,43,74,46,28
050,40,055,"Oklahoma","Greer County",2,44,65,42,23
050,40,055,"Oklahoma","Greer County",2,45,76,50,26
050,40,055,"Oklahoma","Greer County",2,46,76,48,28
050,40,055,"Oklahoma","Greer County",2,47,56,31,25
050,40,055,"Oklahoma","Greer County",2,48,71,47,24
050,40,055,"Oklahoma","Greer County",2,49,57,35,22
050,40,055,"Oklahoma","Greer County",2,50,67,44,23
050,40,055,"Oklahoma","Greer County",2,51,66,45,21
050,40,055,"Oklahoma","Greer County",2,52,70,45,25
050,40,055,"Oklahoma","Greer County",2,53,62,35,27
050,40,055,"Oklahoma","Greer County",2,54,68,38,30
050,40,055,"Oklahoma","Greer County",2,55,74,40,34
050,40,055,"Oklahoma","Greer County",2,56,79,43,36
050,40,055,"Oklahoma","Greer County",2,57,70,34,36
050,40,055,"Oklahoma","Greer County",2,58,69,36,33
050,40,055,"Oklahoma","Greer County",2,59,70,37,33
050,40,055,"Oklahoma","Greer County",2,60,75,39,36
050,40,055,"Oklahoma","Greer County",2,61,75,40,35
050,40,055,"Oklahoma","Greer County",2,62,58,29,29
050,40,055,"Oklahoma","Greer County",2,63,55,30,25
050,40,055,"Oklahoma","Greer County",2,64,58,30,28
050,40,055,"Oklahoma","Greer County",2,65,60,28,32
050,40,055,"Oklahoma","Greer County",2,66,52,24,28
050,40,055,"Oklahoma","Greer County",2,67,63,32,31
050,40,055,"Oklahoma","Greer County",2,68,56,25,31
050,40,055,"Oklahoma","Greer County",2,69,52,23,29
050,40,055,"Oklahoma","Greer County",2,70,51,24,27
050,40,055,"Oklahoma","Greer County",2,71,48,24,24
050,40,055,"Oklahoma","Greer County",2,72,46,22,24
050,40,055,"Oklahoma","Greer County",2,73,56,28,28
050,40,055,"Oklahoma","Greer County",2,74,43,22,21
050,40,055,"Oklahoma","Greer County",2,75,39,18,21
050,40,055,"Oklahoma","Greer County",2,76,39,14,25
050,40,055,"Oklahoma","Greer County",2,77,35,14,21
050,40,055,"Oklahoma","Greer County",2,78,33,13,20
050,40,055,"Oklahoma","Greer County",2,79,30,14,16
050,40,055,"Oklahoma","Greer County",2,80,31,12,19
050,40,055,"Oklahoma","Greer County",2,81,27,11,16
050,40,055,"Oklahoma","Greer County",2,82,21,12,9
050,40,055,"Oklahoma","Greer County",2,83,25,13,12
050,40,055,"Oklahoma","Greer County",2,84,30,13,17
050,40,055,"Oklahoma","Greer County",2,85,148,45,103
050,40,055,"Oklahoma","Greer County",3,0,49,25,24
050,40,055,"Oklahoma","Greer County",3,1,61,28,33
050,40,055,"Oklahoma","Greer County",3,2,53,24,29
050,40,055,"Oklahoma","Greer County",3,3,49,22,27
050,40,055,"Oklahoma","Greer County",3,4,63,33,30
050,40,055,"Oklahoma","Greer County",3,5,67,38,29
050,40,055,"Oklahoma","Greer County",3,6,68,33,35
050,40,055,"Oklahoma","Greer County",3,7,63,26,37
050,40,055,"Oklahoma","Greer County",3,8,61,34,27
050,40,055,"Oklahoma","Greer County",3,9,54,24,30
050,40,055,"Oklahoma","Greer County",3,10,61,26,35
050,40,055,"Oklahoma","Greer County",3,11,65,37,28
050,40,055,"Oklahoma","Greer County",3,12,72,38,34
050,40,055,"Oklahoma","Greer County",3,13,71,45,26
050,40,055,"Oklahoma","Greer County",3,14,62,44,18
050,40,055,"Oklahoma","Greer County",3,15,64,33,31
050,40,055,"Oklahoma","Greer County",3,16,63,33,30
050,40,055,"Oklahoma","Greer County",3,17,64,37,27
050,40,055,"Oklahoma","Greer County",3,18,64,33,31
050,40,055,"Oklahoma","Greer County",3,19,58,31,27
050,40,055,"Oklahoma","Greer County",3,20,67,39,28
050,40,055,"Oklahoma","Greer County",3,21,59,36,23
050,40,055,"Oklahoma","Greer County",3,22,68,45,23
050,40,055,"Oklahoma","Greer County",3,23,68,46,22
050,40,055,"Oklahoma","Greer County",3,24,67,44,23
050,40,055,"Oklahoma","Greer County",3,25,76,50,26
050,40,055,"Oklahoma","Greer County",3,26,66,45,21
050,40,055,"Oklahoma","Greer County",3,27,83,59,24
050,40,055,"Oklahoma","Greer County",3,28,88,65,23
050,40,055,"Oklahoma","Greer County",3,29,96,69,27
050,40,055,"Oklahoma","Greer County",3,30,64,50,14
050,40,055,"Oklahoma","Greer County",3,31,73,53,20
050,40,055,"Oklahoma","Greer County",3,32,96,69,27
050,40,055,"Oklahoma","Greer County",3,33,86,55,31
050,40,055,"Oklahoma","Greer County",3,34,69,42,27
050,40,055,"Oklahoma","Greer County",3,35,77,53,24
050,40,055,"Oklahoma","Greer County",3,36,93,63,30
050,40,055,"Oklahoma","Greer County",3,37,80,46,34
050,40,055,"Oklahoma","Greer County",3,38,79,43,36
050,40,055,"Oklahoma","Greer County",3,39,71,44,27
050,40,055,"Oklahoma","Greer County",3,40,78,53,25
050,40,055,"Oklahoma","Greer County",3,41,69,40,29
050,40,055,"Oklahoma","Greer County",3,42,72,42,30
050,40,055,"Oklahoma","Greer County",3,43,83,54,29
050,40,055,"Oklahoma","Greer County",3,44,72,43,29
050,40,055,"Oklahoma","Greer County",3,45,73,47,26
050,40,055,"Oklahoma","Greer County",3,46,76,51,25
050,40,055,"Oklahoma","Greer County",3,47,65,38,27
050,40,055,"Oklahoma","Greer County",3,48,69,43,26
050,40,055,"Oklahoma","Greer County",3,49,62,36,26
050,40,055,"Oklahoma","Greer County",3,50,62,41,21
050,40,055,"Oklahoma","Greer County",3,51,61,41,20
050,40,055,"Oklahoma","Greer County",3,52,70,48,22
050,40,055,"Oklahoma","Greer County",3,53,74,46,28
050,40,055,"Oklahoma","Greer County",3,54,68,40,28
050,40,055,"Oklahoma","Greer County",3,55,57,28,29
050,40,055,"Oklahoma","Greer County",3,56,77,42,35
050,40,055,"Oklahoma","Greer County",3,57,74,35,39
050,40,055,"Oklahoma","Greer County",3,58,76,37,39
050,40,055,"Oklahoma","Greer County",3,59,68,33,35
050,40,055,"Oklahoma","Greer County",3,60,76,40,36
050,40,055,"Oklahoma","Greer County",3,61,74,40,34
050,40,055,"Oklahoma","Greer County",3,62,75,38,37
050,40,055,"Oklahoma","Greer County",3,63,56,26,30
050,40,055,"Oklahoma","Greer County",3,64,56,32,24
050,40,055,"Oklahoma","Greer County",3,65,59,31,28
050,40,055,"Oklahoma","Greer County",3,66,59,27,32
050,40,055,"Oklahoma","Greer County",3,67,53,24,29
050,40,055,"Oklahoma","Greer County",3,68,64,33,31
050,40,055,"Oklahoma","Greer County",3,69,54,25,29
050,40,055,"Oklahoma","Greer County",3,70,49,23,26
050,40,055,"Oklahoma","Greer County",3,71,46,19,27
050,40,055,"Oklahoma","Greer County",3,72,45,23,22
050,40,055,"Oklahoma","Greer County",3,73,46,22,24
050,40,055,"Oklahoma","Greer County",3,74,52,24,28
050,40,055,"Oklahoma","Greer County",3,75,41,22,19
050,40,055,"Oklahoma","Greer County",3,76,37,17,20
050,40,055,"Oklahoma","Greer County",3,77,36,13,23
050,40,055,"Oklahoma","Greer County",3,78,34,12,22
050,40,055,"Oklahoma","Greer County",3,79,32,12,20
050,40,055,"Oklahoma","Greer County",3,80,25,13,12
050,40,055,"Oklahoma","Greer County",3,81,29,11,18
050,40,055,"Oklahoma","Greer County",3,82,27,10,17
050,40,055,"Oklahoma","Greer County",3,83,14,8,6
050,40,055,"Oklahoma","Greer County",3,84,24,12,12
050,40,055,"Oklahoma","Greer County",3,85,153,45,108
050,40,055,"Oklahoma","Greer County",4,0,54,24,30
050,40,055,"Oklahoma","Greer County",4,1,52,29,23
050,40,055,"Oklahoma","Greer County",4,2,58,22,36
050,40,055,"Oklahoma","Greer County",4,3,56,25,31
050,40,055,"Oklahoma","Greer County",4,4,48,26,22
050,40,055,"Oklahoma","Greer County",4,5,69,36,33
050,40,055,"Oklahoma","Greer County",4,6,72,41,31
050,40,055,"Oklahoma","Greer County",4,7,71,34,37
050,40,055,"Oklahoma","Greer County",4,8,66,30,36
050,40,055,"Oklahoma","Greer County",4,9,63,37,26
050,40,055,"Oklahoma","Greer County",4,10,61,30,31
050,40,055,"Oklahoma","Greer County",4,11,62,25,37
050,40,055,"Oklahoma","Greer County",4,12,72,39,33
050,40,055,"Oklahoma","Greer County",4,13,70,37,33
050,40,055,"Oklahoma","Greer County",4,14,70,46,24
050,40,055,"Oklahoma","Greer County",4,15,65,46,19
050,40,055,"Oklahoma","Greer County",4,16,56,32,24
050,40,055,"Oklahoma","Greer County",4,17,68,36,32
050,40,055,"Oklahoma","Greer County",4,18,61,32,29
050,40,055,"Oklahoma","Greer County",4,19,52,28,24
050,40,055,"Oklahoma","Greer County",4,20,59,38,21
050,40,055,"Oklahoma","Greer County",4,21,77,43,34
050,40,055,"Oklahoma","Greer County",4,22,67,40,27
050,40,055,"Oklahoma","Greer County",4,23,70,50,20
050,40,055,"Oklahoma","Greer County",4,24,70,51,19
050,40,055,"Oklahoma","Greer County",4,25,75,49,26
050,40,055,"Oklahoma","Greer County",4,26,69,41,28
050,40,055,"Oklahoma","Greer County",4,27,82,58,24
050,40,055,"Oklahoma","Greer County",4,28,82,58,24
050,40,055,"Oklahoma","Greer County",4,29,98,75,23
050,40,055,"Oklahoma","Greer County",4,30,80,49,31
050,40,055,"Oklahoma","Greer County",4,31,71,54,17
050,40,055,"Oklahoma","Greer County",4,32,78,57,21
050,40,055,"Oklahoma","Greer County",4,33,90,62,28
050,40,055,"Oklahoma","Greer County",4,34,86,54,32
050,40,055,"Oklahoma","Greer County",4,35,70,41,29
050,40,055,"Oklahoma","Greer County",4,36,94,62,32
050,40,055,"Oklahoma","Greer County",4,37,91,63,28
050,40,055,"Oklahoma","Greer County",4,38,79,48,31
050,40,055,"Oklahoma","Greer County",4,39,77,43,34
050,40,055,"Oklahoma","Greer County",4,40,82,57,25
050,40,055,"Oklahoma","Greer County",4,41,74,42,32
050,40,055,"Oklahoma","Greer County",4,42,75,49,26
050,40,055,"Oklahoma","Greer County",4,43,79,50,29
050,40,055,"Oklahoma","Greer County",4,44,75,46,29
050,40,055,"Oklahoma","Greer County",4,45,74,49,25
050,40,055,"Oklahoma","Greer County",4,46,76,50,26
050,40,055,"Oklahoma","Greer County",4,47,63,39,24
050,40,055,"Oklahoma","Greer County",4,48,75,47,28
050,40,055,"Oklahoma","Greer County",4,49,63,37,26
050,40,055,"Oklahoma","Greer County",4,50,68,45,23
050,40,055,"Oklahoma","Greer County",4,51,62,40,22
050,40,055,"Oklahoma","Greer County",4,52,68,50,18
050,40,055,"Oklahoma","Greer County",4,53,64,42,22
050,40,055,"Oklahoma","Greer County",4,54,80,53,27
050,40,055,"Oklahoma","Greer County",4,55,62,35,27
050,40,055,"Oklahoma","Greer County",4,56,62,31,31
050,40,055,"Oklahoma","Greer County",4,57,71,40,31
050,40,055,"Oklahoma","Greer County",4,58,80,39,41
050,40,055,"Oklahoma","Greer County",4,59,74,36,38
050,40,055,"Oklahoma","Greer County",4,60,68,33,35
050,40,055,"Oklahoma","Greer County",4,61,73,40,33
050,40,055,"Oklahoma","Greer County",4,62,73,37,36
050,40,055,"Oklahoma","Greer County",4,63,74,40,34
050,40,055,"Oklahoma","Greer County",4,64,56,23,33
050,40,055,"Oklahoma","Greer County",4,65,57,34,23
050,40,055,"Oklahoma","Greer County",4,66,61,31,30
050,40,055,"Oklahoma","Greer County",4,67,55,26,29
050,40,055,"Oklahoma","Greer County",4,68,56,24,32
050,40,055,"Oklahoma","Greer County",4,69,60,32,28
050,40,055,"Oklahoma","Greer County",4,70,56,28,28
050,40,055,"Oklahoma","Greer County",4,71,48,22,26
050,40,055,"Oklahoma","Greer County",4,72,43,16,27
050,40,055,"Oklahoma","Greer County",4,73,47,24,23
050,40,055,"Oklahoma","Greer County",4,74,41,17,24
050,40,055,"Oklahoma","Greer County",4,75,49,25,24
050,40,055,"Oklahoma","Greer County",4,76,37,19,18
050,40,055,"Oklahoma","Greer County",4,77,34,18,16
050,40,055,"Oklahoma","Greer County",4,78,33,11,22
050,40,055,"Oklahoma","Greer County",4,79,28,8,20
050,40,055,"Oklahoma","Greer County",4,80,26,8,18
050,40,055,"Oklahoma","Greer County",4,81,23,12,11
050,40,055,"Oklahoma","Greer County",4,82,30,11,19
050,40,055,"Oklahoma","Greer County",4,83,24,8,16
050,40,055,"Oklahoma","Greer County",4,84,15,8,7
050,40,055,"Oklahoma","Greer County",4,85,141,41,100
050,40,055,"Oklahoma","Greer County",5,0,53,23,30
050,40,055,"Oklahoma","Greer County",5,1,62,22,40
050,40,055,"Oklahoma","Greer County",5,2,60,33,27
050,40,055,"Oklahoma","Greer County",5,3,54,22,32
050,40,055,"Oklahoma","Greer County",5,4,55,29,26
050,40,055,"Oklahoma","Greer County",5,5,50,27,23
050,40,055,"Oklahoma","Greer County",5,6,65,34,31
050,40,055,"Oklahoma","Greer County",5,7,71,43,28
050,40,055,"Oklahoma","Greer County",5,8,67,32,35
050,40,055,"Oklahoma","Greer County",5,9,64,31,33
050,40,055,"Oklahoma","Greer County",5,10,56,28,28
050,40,055,"Oklahoma","Greer County",5,11,61,30,31
050,40,055,"Oklahoma","Greer County",5,12,52,22,30
050,40,055,"Oklahoma","Greer County",5,13,72,35,37
050,40,055,"Oklahoma","Greer County",5,14,70,36,34
050,40,055,"Oklahoma","Greer County",5,15,70,44,26
050,40,055,"Oklahoma","Greer County",5,16,65,45,20
050,40,055,"Oklahoma","Greer County",5,17,56,33,23
050,40,055,"Oklahoma","Greer County",5,18,58,33,25
050,40,055,"Oklahoma","Greer County",5,19,51,30,21
050,40,055,"Oklahoma","Greer County",5,20,61,36,25
050,40,055,"Oklahoma","Greer County",5,21,72,45,27
050,40,055,"Oklahoma","Greer County",5,22,72,46,26
050,40,055,"Oklahoma","Greer County",5,23,76,45,31
050,40,055,"Oklahoma","Greer County",5,24,74,53,21
050,40,055,"Oklahoma","Greer County",5,25,78,56,22
050,40,055,"Oklahoma","Greer County",5,26,76,48,28
050,40,055,"Oklahoma","Greer County",5,27,68,48,20
050,40,055,"Oklahoma","Greer County",5,28,76,54,22
050,40,055,"Oklahoma","Greer County",5,29,96,66,30
050,40,055,"Oklahoma","Greer County",5,30,74,51,23
050,40,055,"Oklahoma","Greer County",5,31,84,54,30
050,40,055,"Oklahoma","Greer County",5,32,69,54,15
050,40,055,"Oklahoma","Greer County",5,33,72,50,22
050,40,055,"Oklahoma","Greer County",5,34,93,64,29
050,40,055,"Oklahoma","Greer County",5,35,75,43,32
050,40,055,"Oklahoma","Greer County",5,36,80,47,33
050,40,055,"Oklahoma","Greer County",5,37,93,61,32
050,40,055,"Oklahoma","Greer County",5,38,80,54,26
050,40,055,"Oklahoma","Greer County",5,39,77,44,33
050,40,055,"Oklahoma","Greer County",5,40,83,51,32
050,40,055,"Oklahoma","Greer County",5,41,73,47,26
050,40,055,"Oklahoma","Greer County",5,42,73,46,27
050,40,055,"Oklahoma","Greer County",5,43,77,53,24
050,40,055,"Oklahoma","Greer County",5,44,74,45,29
050,40,055,"Oklahoma","Greer County",5,45,77,48,29
050,40,055,"Oklahoma","Greer County",5,46,69,45,24
050,40,055,"Oklahoma","Greer County",5,47,67,41,26
050,40,055,"Oklahoma","Greer County",5,48,72,47,25
050,40,055,"Oklahoma","Greer County",5,49,56,32,24
050,40,055,"Oklahoma","Greer County",5,50,67,42,25
050,40,055,"Oklahoma","Greer County",5,51,62,40,22
050,40,055,"Oklahoma","Greer County",5,52,65,45,20
050,40,055,"Oklahoma","Greer County",5,53,66,46,20
050,40,055,"Oklahoma","Greer County",5,54,66,45,21
050,40,055,"Oklahoma","Greer County",5,55,74,46,28
050,40,055,"Oklahoma","Greer County",5,56,65,38,27
050,40,055,"Oklahoma","Greer County",5,57,55,26,29
050,40,055,"Oklahoma","Greer County",5,58,70,41,29
050,40,055,"Oklahoma","Greer County",5,59,80,38,42
050,40,055,"Oklahoma","Greer County",5,60,74,36,38
050,40,055,"Oklahoma","Greer County",5,61,72,36,36
050,40,055,"Oklahoma","Greer County",5,62,68,35,33
050,40,055,"Oklahoma","Greer County",5,63,75,39,36
050,40,055,"Oklahoma","Greer County",5,64,70,37,33
050,40,055,"Oklahoma","Greer County",5,65,52,23,29
050,40,055,"Oklahoma","Greer County",5,66,55,32,23
050,40,055,"Oklahoma","Greer County",5,67,63,32,31
050,40,055,"Oklahoma","Greer County",5,68,55,24,31
050,40,055,"Oklahoma","Greer County",5,69,51,24,27
050,40,055,"Oklahoma","Greer County",5,70,59,31,28
050,40,055,"Oklahoma","Greer County",5,71,52,24,28
050,40,055,"Oklahoma","Greer County",5,72,45,20,25
050,40,055,"Oklahoma","Greer County",5,73,43,17,26
050,40,055,"Oklahoma","Greer County",5,74,43,20,23
050,40,055,"Oklahoma","Greer County",5,75,39,18,21
050,40,055,"Oklahoma","Greer County",5,76,49,23,26
050,40,055,"Oklahoma","Greer County",5,77,35,19,16
050,40,055,"Oklahoma","Greer County",5,78,34,18,16
050,40,055,"Oklahoma","Greer County",5,79,29,9,20
050,40,055,"Oklahoma","Greer County",5,80,22,5,17
050,40,055,"Oklahoma","Greer County",5,81,26,7,19
050,40,055,"Oklahoma","Greer County",5,82,24,11,13
050,40,055,"Oklahoma","Greer County",5,83,26,10,16
050,40,055,"Oklahoma","Greer County",5,84,28,10,18
050,40,055,"Oklahoma","Greer County",5,85,128,38,90
050,40,057,"Oklahoma","Harmon County",1,0,25,13,12
050,40,057,"Oklahoma","Harmon County",1,1,31,16,15
050,40,057,"Oklahoma","Harmon County",1,2,35,17,18
050,40,057,"Oklahoma","Harmon County",1,3,27,14,13
050,40,057,"Oklahoma","Harmon County",1,4,32,16,16
050,40,057,"Oklahoma","Harmon County",1,5,34,21,13
050,40,057,"Oklahoma","Harmon County",1,6,35,16,19
050,40,057,"Oklahoma","Harmon County",1,7,35,11,24
050,40,057,"Oklahoma","Harmon County",1,8,42,18,24
050,40,057,"Oklahoma","Harmon County",1,9,36,22,14
050,40,057,"Oklahoma","Harmon County",1,10,37,17,20
050,40,057,"Oklahoma","Harmon County",1,11,31,12,19
050,40,057,"Oklahoma","Harmon County",1,12,38,14,24
050,40,057,"Oklahoma","Harmon County",1,13,46,18,28
050,40,057,"Oklahoma","Harmon County",1,14,44,21,23
050,40,057,"Oklahoma","Harmon County",1,15,36,18,18
050,40,057,"Oklahoma","Harmon County",1,16,30,16,14
050,40,057,"Oklahoma","Harmon County",1,17,32,19,13
050,40,057,"Oklahoma","Harmon County",1,18,34,18,16
050,40,057,"Oklahoma","Harmon County",1,19,25,9,16
050,40,057,"Oklahoma","Harmon County",1,20,19,11,8
050,40,057,"Oklahoma","Harmon County",1,21,25,13,12
050,40,057,"Oklahoma","Harmon County",1,22,31,18,13
050,40,057,"Oklahoma","Harmon County",1,23,24,14,10
050,40,057,"Oklahoma","Harmon County",1,24,26,11,15
050,40,057,"Oklahoma","Harmon County",1,25,24,11,13
050,40,057,"Oklahoma","Harmon County",1,26,26,15,11
050,40,057,"Oklahoma","Harmon County",1,27,24,10,14
050,40,057,"Oklahoma","Harmon County",1,28,23,11,12
050,40,057,"Oklahoma","Harmon County",1,29,22,12,10
050,40,057,"Oklahoma","Harmon County",1,30,19,11,8
050,40,057,"Oklahoma","Harmon County",1,31,29,14,15
050,40,057,"Oklahoma","Harmon County",1,32,22,13,9
050,40,057,"Oklahoma","Harmon County",1,33,18,10,8
050,40,057,"Oklahoma","Harmon County",1,34,27,12,15
050,40,057,"Oklahoma","Harmon County",1,35,34,15,19
050,40,057,"Oklahoma","Harmon County",1,36,27,14,13
050,40,057,"Oklahoma","Harmon County",1,37,34,13,21
050,40,057,"Oklahoma","Harmon County",1,38,32,15,17
050,40,057,"Oklahoma","Harmon County",1,39,28,16,12
050,40,057,"Oklahoma","Harmon County",1,40,29,14,15
050,40,057,"Oklahoma","Harmon County",1,41,20,9,11
050,40,057,"Oklahoma","Harmon County",1,42,18,8,10
050,40,057,"Oklahoma","Harmon County",1,43,21,13,8
050,40,057,"Oklahoma","Harmon County",1,44,27,16,11
050,40,057,"Oklahoma","Harmon County",1,45,28,13,15
050,40,057,"Oklahoma","Harmon County",1,46,29,13,16
050,40,057,"Oklahoma","Harmon County",1,47,29,14,15
050,40,057,"Oklahoma","Harmon County",1,48,31,18,13
050,40,057,"Oklahoma","Harmon County",1,49,25,10,15
050,40,057,"Oklahoma","Harmon County",1,50,29,9,20
050,40,057,"Oklahoma","Harmon County",1,51,25,10,15
050,40,057,"Oklahoma","Harmon County",1,52,34,15,19
050,40,057,"Oklahoma","Harmon County",1,53,37,20,17
050,40,057,"Oklahoma","Harmon County",1,54,38,21,17
050,40,057,"Oklahoma","Harmon County",1,55,33,14,19
050,40,057,"Oklahoma","Harmon County",1,56,30,15,15
050,40,057,"Oklahoma","Harmon County",1,57,32,15,17
050,40,057,"Oklahoma","Harmon County",1,58,38,20,18
050,40,057,"Oklahoma","Harmon County",1,59,36,21,15
050,40,057,"Oklahoma","Harmon County",1,60,37,18,19
050,40,057,"Oklahoma","Harmon County",1,61,32,18,14
050,40,057,"Oklahoma","Harmon County",1,62,28,11,17
050,40,057,"Oklahoma","Harmon County",1,63,32,16,16
050,40,057,"Oklahoma","Harmon County",1,64,35,21,14
050,40,057,"Oklahoma","Harmon County",1,65,40,23,17
050,40,057,"Oklahoma","Harmon County",1,66,40,17,23
050,40,057,"Oklahoma","Harmon County",1,67,32,16,16
050,40,057,"Oklahoma","Harmon County",1,68,30,15,15
050,40,057,"Oklahoma","Harmon County",1,69,32,16,16
050,40,057,"Oklahoma","Harmon County",1,70,33,16,17
050,40,057,"Oklahoma","Harmon County",1,71,29,14,15
050,40,057,"Oklahoma","Harmon County",1,72,30,15,15
050,40,057,"Oklahoma","Harmon County",1,73,28,13,15
050,40,057,"Oklahoma","Harmon County",1,74,20,10,10
050,40,057,"Oklahoma","Harmon County",1,75,19,11,8
050,40,057,"Oklahoma","Harmon County",1,76,19,8,11
050,40,057,"Oklahoma","Harmon County",1,77,14,9,5
050,40,057,"Oklahoma","Harmon County",1,78,17,10,7
050,40,057,"Oklahoma","Harmon County",1,79,15,6,9
050,40,057,"Oklahoma","Harmon County",1,80,15,6,9
050,40,057,"Oklahoma","Harmon County",1,81,13,4,9
050,40,057,"Oklahoma","Harmon County",1,82,13,5,8
050,40,057,"Oklahoma","Harmon County",1,83,13,6,7
050,40,057,"Oklahoma","Harmon County",1,84,13,5,8
050,40,057,"Oklahoma","Harmon County",1,85,73,22,51
050,40,057,"Oklahoma","Harmon County",2,0,31,14,17
050,40,057,"Oklahoma","Harmon County",2,1,30,15,15
050,40,057,"Oklahoma","Harmon County",2,2,32,16,16
050,40,057,"Oklahoma","Harmon County",2,3,28,14,14
050,40,057,"Oklahoma","Harmon County",2,4,32,17,15
050,40,057,"Oklahoma","Harmon County",2,5,34,20,14
050,40,057,"Oklahoma","Harmon County",2,6,34,16,18
050,40,057,"Oklahoma","Harmon County",2,7,34,12,22
050,40,057,"Oklahoma","Harmon County",2,8,38,15,23
050,40,057,"Oklahoma","Harmon County",2,9,35,19,16
050,40,057,"Oklahoma","Harmon County",2,10,38,20,18
050,40,057,"Oklahoma","Harmon County",2,11,32,13,19
050,40,057,"Oklahoma","Harmon County",2,12,36,13,23
050,40,057,"Oklahoma","Harmon County",2,13,45,18,27
050,40,057,"Oklahoma","Harmon County",2,14,44,20,24
050,40,057,"Oklahoma","Harmon County",2,15,37,18,19
050,40,057,"Oklahoma","Harmon County",2,16,30,16,14
050,40,057,"Oklahoma","Harmon County",2,17,31,18,13
050,40,057,"Oklahoma","Harmon County",2,18,32,17,15
050,40,057,"Oklahoma","Harmon County",2,19,26,11,15
050,40,057,"Oklahoma","Harmon County",2,20,19,10,9
050,40,057,"Oklahoma","Harmon County",2,21,23,12,11
050,40,057,"Oklahoma","Harmon County",2,22,30,17,13
050,40,057,"Oklahoma","Harmon County",2,23,26,15,11
050,40,057,"Oklahoma","Harmon County",2,24,25,11,14
050,40,057,"Oklahoma","Harmon County",2,25,24,11,13
050,40,057,"Oklahoma","Harmon County",2,26,27,15,12
050,40,057,"Oklahoma","Harmon County",2,27,24,12,12
050,40,057,"Oklahoma","Harmon County",2,28,22,10,12
050,40,057,"Oklahoma","Harmon County",2,29,22,12,10
050,40,057,"Oklahoma","Harmon County",2,30,22,12,10
050,40,057,"Oklahoma","Harmon County",2,31,26,13,13
050,40,057,"Oklahoma","Harmon County",2,32,24,14,10
050,40,057,"Oklahoma","Harmon County",2,33,19,11,8
050,40,057,"Oklahoma","Harmon County",2,34,26,12,14
050,40,057,"Oklahoma","Harmon County",2,35,32,15,17
050,40,057,"Oklahoma","Harmon County",2,36,29,14,15
050,40,057,"Oklahoma","Harmon County",2,37,31,12,19
050,40,057,"Oklahoma","Harmon County",2,38,33,15,18
050,40,057,"Oklahoma","Harmon County",2,39,27,15,12
050,40,057,"Oklahoma","Harmon County",2,40,29,15,14
050,40,057,"Oklahoma","Harmon County",2,41,21,9,12
050,40,057,"Oklahoma","Harmon County",2,42,18,9,9
050,40,057,"Oklahoma","Harmon County",2,43,21,13,8
050,40,057,"Oklahoma","Harmon County",2,44,26,15,11
050,40,057,"Oklahoma","Harmon County",2,45,26,13,13
050,40,057,"Oklahoma","Harmon County",2,46,29,13,16
050,40,057,"Oklahoma","Harmon County",2,47,30,14,16
050,40,057,"Oklahoma","Harmon County",2,48,29,17,12
050,40,057,"Oklahoma","Harmon County",2,49,26,12,14
050,40,057,"Oklahoma","Harmon County",2,50,27,8,19
050,40,057,"Oklahoma","Harmon County",2,51,26,11,15
050,40,057,"Oklahoma","Harmon County",2,52,32,14,18
050,40,057,"Oklahoma","Harmon County",2,53,34,17,17
050,40,057,"Oklahoma","Harmon County",2,54,37,21,16
050,40,057,"Oklahoma","Harmon County",2,55,36,16,20
050,40,057,"Oklahoma","Harmon County",2,56,31,15,16
050,40,057,"Oklahoma","Harmon County",2,57,31,14,17
050,40,057,"Oklahoma","Harmon County",2,58,35,19,16
050,40,057,"Oklahoma","Harmon County",2,59,36,21,15
050,40,057,"Oklahoma","Harmon County",2,60,37,19,18
050,40,057,"Oklahoma","Harmon County",2,61,33,18,15
050,40,057,"Oklahoma","Harmon County",2,62,28,12,16
050,40,057,"Oklahoma","Harmon County",2,63,31,14,17
050,40,057,"Oklahoma","Harmon County",2,64,33,19,14
050,40,057,"Oklahoma","Harmon County",2,65,39,22,17
050,40,057,"Oklahoma","Harmon County",2,66,39,18,21
050,40,057,"Oklahoma","Harmon County",2,67,33,16,17
050,40,057,"Oklahoma","Harmon County",2,68,31,15,16
050,40,057,"Oklahoma","Harmon County",2,69,32,17,15
050,40,057,"Oklahoma","Harmon County",2,70,33,17,16
050,40,057,"Oklahoma","Harmon County",2,71,30,15,15
050,40,057,"Oklahoma","Harmon County",2,72,30,15,15
050,40,057,"Oklahoma","Harmon County",2,73,27,12,15
050,40,057,"Oklahoma","Harmon County",2,74,20,10,10
050,40,057,"Oklahoma","Harmon County",2,75,19,11,8
050,40,057,"Oklahoma","Harmon County",2,76,19,8,11
050,40,057,"Oklahoma","Harmon County",2,77,17,10,7
050,40,057,"Oklahoma","Harmon County",2,78,17,10,7
050,40,057,"Oklahoma","Harmon County",2,79,15,6,9
050,40,057,"Oklahoma","Harmon County",2,80,15,6,9
050,40,057,"Oklahoma","Harmon County",2,81,14,5,9
050,40,057,"Oklahoma","Harmon County",2,82,14,5,9
050,40,057,"Oklahoma","Harmon County",2,83,13,6,7
050,40,057,"Oklahoma","Harmon County",2,84,13,5,8
050,40,057,"Oklahoma","Harmon County",2,85,74,22,52
050,40,057,"Oklahoma","Harmon County",3,0,23,9,14
050,40,057,"Oklahoma","Harmon County",3,1,32,15,17
050,40,057,"Oklahoma","Harmon County",3,2,24,11,13
050,40,057,"Oklahoma","Harmon County",3,3,34,17,17
050,40,057,"Oklahoma","Harmon County",3,4,29,15,14
050,40,057,"Oklahoma","Harmon County",3,5,34,17,17
050,40,057,"Oklahoma","Harmon County",3,6,34,18,16
050,40,057,"Oklahoma","Harmon County",3,7,31,18,13
050,40,057,"Oklahoma","Harmon County",3,8,34,12,22
050,40,057,"Oklahoma","Harmon County",3,9,36,15,21
050,40,057,"Oklahoma","Harmon County",3,10,33,19,14
050,40,057,"Oklahoma","Harmon County",3,11,36,18,18
050,40,057,"Oklahoma","Harmon County",3,12,32,13,19
050,40,057,"Oklahoma","Harmon County",3,13,35,12,23
050,40,057,"Oklahoma","Harmon County",3,14,43,20,23
050,40,057,"Oklahoma","Harmon County",3,15,40,17,23
050,40,057,"Oklahoma","Harmon County",3,16,41,20,21
050,40,057,"Oklahoma","Harmon County",3,17,29,17,12
050,40,057,"Oklahoma","Harmon County",3,18,27,15,12
050,40,057,"Oklahoma","Harmon County",3,19,28,14,14
050,40,057,"Oklahoma","Harmon County",3,20,24,10,14
050,40,057,"Oklahoma","Harmon County",3,21,17,9,8
050,40,057,"Oklahoma","Harmon County",3,22,22,13,9
050,40,057,"Oklahoma","Harmon County",3,23,22,10,12
050,40,057,"Oklahoma","Harmon County",3,24,24,15,9
050,40,057,"Oklahoma","Harmon County",3,25,22,9,13
050,40,057,"Oklahoma","Harmon County",3,26,30,15,15
050,40,057,"Oklahoma","Harmon County",3,27,23,12,11
050,40,057,"Oklahoma","Harmon County",3,28,25,13,12
050,40,057,"Oklahoma","Harmon County",3,29,24,10,14
050,40,057,"Oklahoma","Harmon County",3,30,25,16,9
050,40,057,"Oklahoma","Harmon County",3,31,25,14,11
050,40,057,"Oklahoma","Harmon County",3,32,27,15,12
050,40,057,"Oklahoma","Harmon County",3,33,24,14,10
050,40,057,"Oklahoma","Harmon County",3,34,19,10,9
050,40,057,"Oklahoma","Harmon County",3,35,25,11,14
050,40,057,"Oklahoma","Harmon County",3,36,31,16,15
050,40,057,"Oklahoma","Harmon County",3,37,24,12,12
050,40,057,"Oklahoma","Harmon County",3,38,31,12,19
050,40,057,"Oklahoma","Harmon County",3,39,33,15,18
050,40,057,"Oklahoma","Harmon County",3,40,29,17,12
050,40,057,"Oklahoma","Harmon County",3,41,28,14,14
050,40,057,"Oklahoma","Harmon County",3,42,23,10,13
050,40,057,"Oklahoma","Harmon County",3,43,18,9,9
050,40,057,"Oklahoma","Harmon County",3,44,19,12,7
050,40,057,"Oklahoma","Harmon County",3,45,23,12,11
050,40,057,"Oklahoma","Harmon County",3,46,26,13,13
050,40,057,"Oklahoma","Harmon County",3,47,29,13,16
050,40,057,"Oklahoma","Harmon County",3,48,29,15,14
050,40,057,"Oklahoma","Harmon County",3,49,28,16,12
050,40,057,"Oklahoma","Harmon County",3,50,29,13,16
050,40,057,"Oklahoma","Harmon County",3,51,25,8,17
050,40,057,"Oklahoma","Harmon County",3,52,25,10,15
050,40,057,"Oklahoma","Harmon County",3,53,30,12,18
050,40,057,"Oklahoma","Harmon County",3,54,37,18,19
050,40,057,"Oklahoma","Harmon County",3,55,37,20,17
050,40,057,"Oklahoma","Harmon County",3,56,33,16,17
050,40,057,"Oklahoma","Harmon County",3,57,31,15,16
050,40,057,"Oklahoma","Harmon County",3,58,32,14,18
050,40,057,"Oklahoma","Harmon County",3,59,34,19,15
050,40,057,"Oklahoma","Harmon County",3,60,35,19,16
050,40,057,"Oklahoma","Harmon County",3,61,38,19,19
050,40,057,"Oklahoma","Harmon County",3,62,32,17,15
050,40,057,"Oklahoma","Harmon County",3,63,29,13,16
050,40,057,"Oklahoma","Harmon County",3,64,30,13,17
050,40,057,"Oklahoma","Harmon County",3,65,29,17,12
050,40,057,"Oklahoma","Harmon County",3,66,38,23,15
050,40,057,"Oklahoma","Harmon County",3,67,34,15,19
050,40,057,"Oklahoma","Harmon County",3,68,32,15,17
050,40,057,"Oklahoma","Harmon County",3,69,30,14,16
050,40,057,"Oklahoma","Harmon County",3,70,30,16,14
050,40,057,"Oklahoma","Harmon County",3,71,32,17,15
050,40,057,"Oklahoma","Harmon County",3,72,32,16,16
050,40,057,"Oklahoma","Harmon County",3,73,28,14,14
050,40,057,"Oklahoma","Harmon County",3,74,25,13,12
050,40,057,"Oklahoma","Harmon County",3,75,21,11,10
050,40,057,"Oklahoma","Harmon County",3,76,18,10,8
050,40,057,"Oklahoma","Harmon County",3,77,18,8,10
050,40,057,"Oklahoma","Harmon County",3,78,15,9,6
050,40,057,"Oklahoma","Harmon County",3,79,13,6,7
050,40,057,"Oklahoma","Harmon County",3,80,11,6,5
050,40,057,"Oklahoma","Harmon County",3,81,11,4,7
050,40,057,"Oklahoma","Harmon County",3,82,11,3,8
050,40,057,"Oklahoma","Harmon County",3,83,13,5,8
050,40,057,"Oklahoma","Harmon County",3,84,12,6,6
050,40,057,"Oklahoma","Harmon County",3,85,69,18,51
050,40,057,"Oklahoma","Harmon County",4,0,27,16,11
050,40,057,"Oklahoma","Harmon County",4,1,25,11,14
050,40,057,"Oklahoma","Harmon County",4,2,34,15,19
050,40,057,"Oklahoma","Harmon County",4,3,26,13,13
050,40,057,"Oklahoma","Harmon County",4,4,33,16,17
050,40,057,"Oklahoma","Harmon County",4,5,32,18,14
050,40,057,"Oklahoma","Harmon County",4,6,30,15,15
050,40,057,"Oklahoma","Harmon County",4,7,42,22,20
050,40,057,"Oklahoma","Harmon County",4,8,32,17,15
050,40,057,"Oklahoma","Harmon County",4,9,33,12,21
050,40,057,"Oklahoma","Harmon County",4,10,38,14,24
050,40,057,"Oklahoma","Harmon County",4,11,35,19,16
050,40,057,"Oklahoma","Harmon County",4,12,39,19,20
050,40,057,"Oklahoma","Harmon County",4,13,37,16,21
050,40,057,"Oklahoma","Harmon County",4,14,35,12,23
050,40,057,"Oklahoma","Harmon County",4,15,44,21,23
050,40,057,"Oklahoma","Harmon County",4,16,44,17,27
050,40,057,"Oklahoma","Harmon County",4,17,46,23,23
050,40,057,"Oklahoma","Harmon County",4,18,24,17,7
050,40,057,"Oklahoma","Harmon County",4,19,24,13,11
050,40,057,"Oklahoma","Harmon County",4,20,28,15,13
050,40,057,"Oklahoma","Harmon County",4,21,25,11,14
050,40,057,"Oklahoma","Harmon County",4,22,20,10,10
050,40,057,"Oklahoma","Harmon County",4,23,26,14,12
050,40,057,"Oklahoma","Harmon County",4,24,21,9,12
050,40,057,"Oklahoma","Harmon County",4,25,28,20,8
050,40,057,"Oklahoma","Harmon County",4,26,24,10,14
050,40,057,"Oklahoma","Harmon County",4,27,25,12,13
050,40,057,"Oklahoma","Harmon County",4,28,25,15,10
050,40,057,"Oklahoma","Harmon County",4,29,21,8,13
050,40,057,"Oklahoma","Harmon County",4,30,20,8,12
050,40,057,"Oklahoma","Harmon County",4,31,26,17,9
050,40,057,"Oklahoma","Harmon County",4,32,25,14,11
050,40,057,"Oklahoma","Harmon County",4,33,24,15,9
050,40,057,"Oklahoma","Harmon County",4,34,27,16,11
050,40,057,"Oklahoma","Harmon County",4,35,20,10,10
050,40,057,"Oklahoma","Harmon County",4,36,26,12,14
050,40,057,"Oklahoma","Harmon County",4,37,31,16,15
050,40,057,"Oklahoma","Harmon County",4,38,25,13,12
050,40,057,"Oklahoma","Harmon County",4,39,30,11,19
050,40,057,"Oklahoma","Harmon County",4,40,35,18,17
050,40,057,"Oklahoma","Harmon County",4,41,28,17,11
050,40,057,"Oklahoma","Harmon County",4,42,30,16,14
050,40,057,"Oklahoma","Harmon County",4,43,24,9,15
050,40,057,"Oklahoma","Harmon County",4,44,15,8,7
050,40,057,"Oklahoma","Harmon County",4,45,22,13,9
050,40,057,"Oklahoma","Harmon County",4,46,23,12,11
050,40,057,"Oklahoma","Harmon County",4,47,26,13,13
050,40,057,"Oklahoma","Harmon County",4,48,33,16,17
050,40,057,"Oklahoma","Harmon County",4,49,28,14,14
050,40,057,"Oklahoma","Harmon County",4,50,32,16,16
050,40,057,"Oklahoma","Harmon County",4,51,29,14,15
050,40,057,"Oklahoma","Harmon County",4,52,24,7,17
050,40,057,"Oklahoma","Harmon County",4,53,26,11,15
050,40,057,"Oklahoma","Harmon County",4,54,31,13,18
050,40,057,"Oklahoma","Harmon County",4,55,34,17,17
050,40,057,"Oklahoma","Harmon County",4,56,36,21,15
050,40,057,"Oklahoma","Harmon County",4,57,33,14,19
050,40,057,"Oklahoma","Harmon County",4,58,33,15,18
050,40,057,"Oklahoma","Harmon County",4,59,31,14,17
050,40,057,"Oklahoma","Harmon County",4,60,34,19,15
050,40,057,"Oklahoma","Harmon County",4,61,38,19,19
050,40,057,"Oklahoma","Harmon County",4,62,36,17,19
050,40,057,"Oklahoma","Harmon County",4,63,31,16,15
050,40,057,"Oklahoma","Harmon County",4,64,29,13,16
050,40,057,"Oklahoma","Harmon County",4,65,32,14,18
050,40,057,"Oklahoma","Harmon County",4,66,29,18,11
050,40,057,"Oklahoma","Harmon County",4,67,31,19,12
050,40,057,"Oklahoma","Harmon County",4,68,31,12,19
050,40,057,"Oklahoma","Harmon County",4,69,30,14,16
050,40,057,"Oklahoma","Harmon County",4,70,30,14,16
050,40,057,"Oklahoma","Harmon County",4,71,26,12,14
050,40,057,"Oklahoma","Harmon County",4,72,29,14,15
050,40,057,"Oklahoma","Harmon County",4,73,29,14,15
050,40,057,"Oklahoma","Harmon County",4,74,25,13,12
050,40,057,"Oklahoma","Harmon County",4,75,25,13,12
050,40,057,"Oklahoma","Harmon County",4,76,19,10,9
050,40,057,"Oklahoma","Harmon County",4,77,15,10,5
050,40,057,"Oklahoma","Harmon County",4,78,18,8,10
050,40,057,"Oklahoma","Harmon County",4,79,9,4,5
050,40,057,"Oklahoma","Harmon County",4,80,10,6,4
050,40,057,"Oklahoma","Harmon County",4,81,10,6,4
050,40,057,"Oklahoma","Harmon County",4,82,10,4,6
050,40,057,"Oklahoma","Harmon County",4,83,11,3,8
050,40,057,"Oklahoma","Harmon County",4,84,13,4,9
050,40,057,"Oklahoma","Harmon County",4,85,66,18,48
050,40,057,"Oklahoma","Harmon County",5,0,26,16,10
050,40,057,"Oklahoma","Harmon County",5,1,28,16,12
050,40,057,"Oklahoma","Harmon County",5,2,24,11,13
050,40,057,"Oklahoma","Harmon County",5,3,34,13,21
050,40,057,"Oklahoma","Harmon County",5,4,24,11,13
050,40,057,"Oklahoma","Harmon County",5,5,34,18,16
050,40,057,"Oklahoma","Harmon County",5,6,32,17,15
050,40,057,"Oklahoma","Harmon County",5,7,34,15,19
050,40,057,"Oklahoma","Harmon County",5,8,39,20,19
050,40,057,"Oklahoma","Harmon County",5,9,32,17,15
050,40,057,"Oklahoma","Harmon County",5,10,33,15,18
050,40,057,"Oklahoma","Harmon County",5,11,44,17,27
050,40,057,"Oklahoma","Harmon County",5,12,38,18,20
050,40,057,"Oklahoma","Harmon County",5,13,39,20,19
050,40,057,"Oklahoma","Harmon County",5,14,37,14,23
050,40,057,"Oklahoma","Harmon County",5,15,37,13,24
050,40,057,"Oklahoma","Harmon County",5,16,47,24,23
050,40,057,"Oklahoma","Harmon County",5,17,41,15,26
050,40,057,"Oklahoma","Harmon County",5,18,43,21,22
050,40,057,"Oklahoma","Harmon County",5,19,23,15,8
050,40,057,"Oklahoma","Harmon County",5,20,24,14,10
050,40,057,"Oklahoma","Harmon County",5,21,29,16,13
050,40,057,"Oklahoma","Harmon County",5,22,27,13,14
050,40,057,"Oklahoma","Harmon County",5,23,20,7,13
050,40,057,"Oklahoma","Harmon County",5,24,32,18,14
050,40,057,"Oklahoma","Harmon County",5,25,22,10,12
050,40,057,"Oklahoma","Harmon County",5,26,28,19,9
050,40,057,"Oklahoma","Harmon County",5,27,19,7,12
050,40,057,"Oklahoma","Harmon County",5,28,25,12,13
050,40,057,"Oklahoma","Harmon County",5,29,25,14,11
050,40,057,"Oklahoma","Harmon County",5,30,19,6,13
050,40,057,"Oklahoma","Harmon County",5,31,25,14,11
050,40,057,"Oklahoma","Harmon County",5,32,25,16,9
050,40,057,"Oklahoma","Harmon County",5,33,25,10,15
050,40,057,"Oklahoma","Harmon County",5,34,22,13,9
050,40,057,"Oklahoma","Harmon County",5,35,23,13,10
050,40,057,"Oklahoma","Harmon County",5,36,24,12,12
050,40,057,"Oklahoma","Harmon County",5,37,27,13,14
050,40,057,"Oklahoma","Harmon County",5,38,30,15,15
050,40,057,"Oklahoma","Harmon County",5,39,25,12,13
050,40,057,"Oklahoma","Harmon County",5,40,30,11,19
050,40,057,"Oklahoma","Harmon County",5,41,35,18,17
050,40,057,"Oklahoma","Harmon County",5,42,28,18,10
050,40,057,"Oklahoma","Harmon County",5,43,32,18,14
050,40,057,"Oklahoma","Harmon County",5,44,25,8,17
050,40,057,"Oklahoma","Harmon County",5,45,17,9,8
050,40,057,"Oklahoma","Harmon County",5,46,23,15,8
050,40,057,"Oklahoma","Harmon County",5,47,23,12,11
050,40,057,"Oklahoma","Harmon County",5,48,25,12,13
050,40,057,"Oklahoma","Harmon County",5,49,33,15,18
050,40,057,"Oklahoma","Harmon County",5,50,26,11,15
050,40,057,"Oklahoma","Harmon County",5,51,29,16,13
050,40,057,"Oklahoma","Harmon County",5,52,27,12,15
050,40,057,"Oklahoma","Harmon County",5,53,21,6,15
050,40,057,"Oklahoma","Harmon County",5,54,22,13,9
050,40,057,"Oklahoma","Harmon County",5,55,26,10,16
050,40,057,"Oklahoma","Harmon County",5,56,31,15,16
050,40,057,"Oklahoma","Harmon County",5,57,36,21,15
050,40,057,"Oklahoma","Harmon County",5,58,34,17,17
050,40,057,"Oklahoma","Harmon County",5,59,32,15,17
050,40,057,"Oklahoma","Harmon County",5,60,31,14,17
050,40,057,"Oklahoma","Harmon County",5,61,34,19,15
050,40,057,"Oklahoma","Harmon County",5,62,34,17,17
050,40,057,"Oklahoma","Harmon County",5,63,35,16,19
050,40,057,"Oklahoma","Harmon County",5,64,32,17,15
050,40,057,"Oklahoma","Harmon County",5,65,30,12,18
050,40,057,"Oklahoma","Harmon County",5,66,28,12,16
050,40,057,"Oklahoma","Harmon County",5,67,26,16,10
050,40,057,"Oklahoma","Harmon County",5,68,29,17,12
050,40,057,"Oklahoma","Harmon County",5,69,30,11,19
050,40,057,"Oklahoma","Harmon County",5,70,30,13,17
050,40,057,"Oklahoma","Harmon County",5,71,29,13,16
050,40,057,"Oklahoma","Harmon County",5,72,24,10,14
050,40,057,"Oklahoma","Harmon County",5,73,28,14,14
050,40,057,"Oklahoma","Harmon County",5,74,27,14,13
050,40,057,"Oklahoma","Harmon County",5,75,25,13,12
050,40,057,"Oklahoma","Harmon County",5,76,22,11,11
050,40,057,"Oklahoma","Harmon County",5,77,17,9,8
050,40,057,"Oklahoma","Harmon County",5,78,18,12,6
050,40,057,"Oklahoma","Harmon County",5,79,13,4,9
050,40,057,"Oklahoma","Harmon County",5,80,6,4,2
050,40,057,"Oklahoma","Harmon County",5,81,10,6,4
050,40,057,"Oklahoma","Harmon County",5,82,10,6,4
050,40,057,"Oklahoma","Harmon County",5,83,9,2,7
050,40,057,"Oklahoma","Harmon County",5,84,11,3,8
050,40,057,"Oklahoma","Harmon County",5,85,64,15,49
050,40,059,"Oklahoma","Harper County",1,0,32,17,15
050,40,059,"Oklahoma","Harper County",1,1,35,22,13
050,40,059,"Oklahoma","Harper County",1,2,33,18,15
050,40,059,"Oklahoma","Harper County",1,3,35,23,12
050,40,059,"Oklahoma","Harper County",1,4,41,22,19
050,40,059,"Oklahoma","Harper County",1,5,44,24,20
050,40,059,"Oklahoma","Harper County",1,6,48,24,24
050,40,059,"Oklahoma","Harper County",1,7,44,19,25
050,40,059,"Oklahoma","Harper County",1,8,46,24,22
050,40,059,"Oklahoma","Harper County",1,9,50,26,24
050,40,059,"Oklahoma","Harper County",1,10,53,29,24
050,40,059,"Oklahoma","Harper County",1,11,56,24,32
050,40,059,"Oklahoma","Harper County",1,12,60,25,35
050,40,059,"Oklahoma","Harper County",1,13,49,24,25
050,40,059,"Oklahoma","Harper County",1,14,57,22,35
050,40,059,"Oklahoma","Harper County",1,15,45,21,24
050,40,059,"Oklahoma","Harper County",1,16,42,22,20
050,40,059,"Oklahoma","Harper County",1,17,41,23,18
050,40,059,"Oklahoma","Harper County",1,18,40,19,21
050,40,059,"Oklahoma","Harper County",1,19,36,20,16
050,40,059,"Oklahoma","Harper County",1,20,28,20,8
050,40,059,"Oklahoma","Harper County",1,21,32,19,13
050,40,059,"Oklahoma","Harper County",1,22,32,20,12
050,40,059,"Oklahoma","Harper County",1,23,29,18,11
050,40,059,"Oklahoma","Harper County",1,24,20,12,8
050,40,059,"Oklahoma","Harper County",1,25,22,10,12
050,40,059,"Oklahoma","Harper County",1,26,21,7,14
050,40,059,"Oklahoma","Harper County",1,27,32,15,17
050,40,059,"Oklahoma","Harper County",1,28,36,18,18
050,40,059,"Oklahoma","Harper County",1,29,39,22,17
050,40,059,"Oklahoma","Harper County",1,30,36,18,18
050,40,059,"Oklahoma","Harper County",1,31,24,15,9
050,40,059,"Oklahoma","Harper County",1,32,30,16,14
050,40,059,"Oklahoma","Harper County",1,33,37,19,18
050,40,059,"Oklahoma","Harper County",1,34,46,24,22
050,40,059,"Oklahoma","Harper County",1,35,41,18,23
050,40,059,"Oklahoma","Harper County",1,36,51,23,28
050,40,059,"Oklahoma","Harper County",1,37,58,28,30
050,40,059,"Oklahoma","Harper County",1,38,50,21,29
050,40,059,"Oklahoma","Harper County",1,39,48,22,26
050,40,059,"Oklahoma","Harper County",1,40,50,26,24
050,40,059,"Oklahoma","Harper County",1,41,50,26,24
050,40,059,"Oklahoma","Harper County",1,42,48,32,16
050,40,059,"Oklahoma","Harper County",1,43,36,22,14
050,40,059,"Oklahoma","Harper County",1,44,39,27,12
050,40,059,"Oklahoma","Harper County",1,45,36,21,15
050,40,059,"Oklahoma","Harper County",1,46,32,17,15
050,40,059,"Oklahoma","Harper County",1,47,24,14,10
050,40,059,"Oklahoma","Harper County",1,48,19,10,9
050,40,059,"Oklahoma","Harper County",1,49,38,20,18
050,40,059,"Oklahoma","Harper County",1,50,32,21,11
050,40,059,"Oklahoma","Harper County",1,51,27,15,12
050,40,059,"Oklahoma","Harper County",1,52,34,17,17
050,40,059,"Oklahoma","Harper County",1,53,37,22,15
050,40,059,"Oklahoma","Harper County",1,54,43,18,25
050,40,059,"Oklahoma","Harper County",1,55,52,26,26
050,40,059,"Oklahoma","Harper County",1,56,41,21,20
050,40,059,"Oklahoma","Harper County",1,57,40,26,14
050,40,059,"Oklahoma","Harper County",1,58,56,31,25
050,40,059,"Oklahoma","Harper County",1,59,57,29,28
050,40,059,"Oklahoma","Harper County",1,60,63,30,33
050,40,059,"Oklahoma","Harper County",1,61,48,26,22
050,40,059,"Oklahoma","Harper County",1,62,41,22,19
050,40,059,"Oklahoma","Harper County",1,63,41,25,16
050,40,059,"Oklahoma","Harper County",1,64,43,23,20
050,40,059,"Oklahoma","Harper County",1,65,49,24,25
050,40,059,"Oklahoma","Harper County",1,66,46,24,22
050,40,059,"Oklahoma","Harper County",1,67,48,23,25
050,40,059,"Oklahoma","Harper County",1,68,49,27,22
050,40,059,"Oklahoma","Harper County",1,69,42,24,18
050,40,059,"Oklahoma","Harper County",1,70,30,18,12
050,40,059,"Oklahoma","Harper County",1,71,27,12,15
050,40,059,"Oklahoma","Harper County",1,72,25,11,14
050,40,059,"Oklahoma","Harper County",1,73,29,13,16
050,40,059,"Oklahoma","Harper County",1,74,19,7,12
050,40,059,"Oklahoma","Harper County",1,75,22,12,10
050,40,059,"Oklahoma","Harper County",1,76,24,13,11
050,40,059,"Oklahoma","Harper County",1,77,22,8,14
050,40,059,"Oklahoma","Harper County",1,78,17,9,8
050,40,059,"Oklahoma","Harper County",1,79,17,7,10
050,40,059,"Oklahoma","Harper County",1,80,17,6,11
050,40,059,"Oklahoma","Harper County",1,81,19,4,15
050,40,059,"Oklahoma","Harper County",1,82,16,5,11
050,40,059,"Oklahoma","Harper County",1,83,20,12,8
050,40,059,"Oklahoma","Harper County",1,84,19,9,10
050,40,059,"Oklahoma","Harper County",1,85,87,27,60
050,40,059,"Oklahoma","Harper County",2,0,29,17,12
050,40,059,"Oklahoma","Harper County",2,1,35,21,14
050,40,059,"Oklahoma","Harper County",2,2,34,19,15
050,40,059,"Oklahoma","Harper County",2,3,34,22,12
050,40,059,"Oklahoma","Harper County",2,4,40,22,18
050,40,059,"Oklahoma","Harper County",2,5,44,24,20
050,40,059,"Oklahoma","Harper County",2,6,48,24,24
050,40,059,"Oklahoma","Harper County",2,7,44,20,24
050,40,059,"Oklahoma","Harper County",2,8,46,24,22
050,40,059,"Oklahoma","Harper County",2,9,49,25,24
050,40,059,"Oklahoma","Harper County",2,10,54,29,25
050,40,059,"Oklahoma","Harper County",2,11,54,24,30
050,40,059,"Oklahoma","Harper County",2,12,58,24,34
050,40,059,"Oklahoma","Harper County",2,13,51,24,27
050,40,059,"Oklahoma","Harper County",2,14,52,21,31
050,40,059,"Oklahoma","Harper County",2,15,48,22,26
050,40,059,"Oklahoma","Harper County",2,16,42,21,21
050,40,059,"Oklahoma","Harper County",2,17,40,22,18
050,40,059,"Oklahoma","Harper County",2,18,38,19,19
050,40,059,"Oklahoma","Harper County",2,19,36,19,17
050,40,059,"Oklahoma","Harper County",2,20,31,21,10
050,40,059,"Oklahoma","Harper County",2,21,32,20,12
050,40,059,"Oklahoma","Harper County",2,22,31,19,12
050,40,059,"Oklahoma","Harper County",2,23,29,18,11
050,40,059,"Oklahoma","Harper County",2,24,22,13,9
050,40,059,"Oklahoma","Harper County",2,25,22,11,11
050,40,059,"Oklahoma","Harper County",2,26,21,8,13
050,40,059,"Oklahoma","Harper County",2,27,31,14,17
050,40,059,"Oklahoma","Harper County",2,28,36,17,19
050,40,059,"Oklahoma","Harper County",2,29,38,21,17
050,40,059,"Oklahoma","Harper County",2,30,37,19,18
050,40,059,"Oklahoma","Harper County",2,31,28,16,12
050,40,059,"Oklahoma","Harper County",2,32,29,16,13
050,40,059,"Oklahoma","Harper County",2,33,34,18,16
050,40,059,"Oklahoma","Harper County",2,34,44,22,22
050,40,059,"Oklahoma","Harper County",2,35,41,19,22
050,40,059,"Oklahoma","Harper County",2,36,49,22,27
050,40,059,"Oklahoma","Harper County",2,37,55,26,29
050,40,059,"Oklahoma","Harper County",2,38,53,23,30
050,40,059,"Oklahoma","Harper County",2,39,46,21,25
050,40,059,"Oklahoma","Harper County",2,40,49,25,24
050,40,059,"Oklahoma","Harper County",2,41,50,26,24
050,40,059,"Oklahoma","Harper County",2,42,48,31,17
050,40,059,"Oklahoma","Harper County",2,43,38,24,14
050,40,059,"Oklahoma","Harper County",2,44,37,25,12
050,40,059,"Oklahoma","Harper County",2,45,36,22,14
050,40,059,"Oklahoma","Harper County",2,46,32,18,14
050,40,059,"Oklahoma","Harper County",2,47,25,14,11
050,40,059,"Oklahoma","Harper County",2,48,20,11,9
050,40,059,"Oklahoma","Harper County",2,49,34,18,16
050,40,059,"Oklahoma","Harper County",2,50,33,21,12
050,40,059,"Oklahoma","Harper County",2,51,28,16,12
050,40,059,"Oklahoma","Harper County",2,52,33,17,16
050,40,059,"Oklahoma","Harper County",2,53,36,21,15
050,40,059,"Oklahoma","Harper County",2,54,42,20,22
050,40,059,"Oklahoma","Harper County",2,55,50,24,26
050,40,059,"Oklahoma","Harper County",2,56,44,23,21
050,40,059,"Oklahoma","Harper County",2,57,41,26,15
050,40,059,"Oklahoma","Harper County",2,58,52,30,22
050,40,059,"Oklahoma","Harper County",2,59,57,30,27
050,40,059,"Oklahoma","Harper County",2,60,62,30,32
050,40,059,"Oklahoma","Harper County",2,61,51,27,24
050,40,059,"Oklahoma","Harper County",2,62,42,23,19
050,40,059,"Oklahoma","Harper County",2,63,39,24,15
050,40,059,"Oklahoma","Harper County",2,64,41,23,18
050,40,059,"Oklahoma","Harper County",2,65,48,24,24
050,40,059,"Oklahoma","Harper County",2,66,47,24,23
050,40,059,"Oklahoma","Harper County",2,67,47,23,24
050,40,059,"Oklahoma","Harper County",2,68,48,26,22
050,40,059,"Oklahoma","Harper County",2,69,44,25,19
050,40,059,"Oklahoma","Harper County",2,70,32,19,13
050,40,059,"Oklahoma","Harper County",2,71,26,12,14
050,40,059,"Oklahoma","Harper County",2,72,26,12,14
050,40,059,"Oklahoma","Harper County",2,73,29,13,16
050,40,059,"Oklahoma","Harper County",2,74,19,7,12
050,40,059,"Oklahoma","Harper County",2,75,22,11,11
050,40,059,"Oklahoma","Harper County",2,76,23,12,11
050,40,059,"Oklahoma","Harper County",2,77,23,10,13
050,40,059,"Oklahoma","Harper County",2,78,18,9,9
050,40,059,"Oklahoma","Harper County",2,79,18,8,10
050,40,059,"Oklahoma","Harper County",2,80,17,6,11
050,40,059,"Oklahoma","Harper County",2,81,17,3,14
050,40,059,"Oklahoma","Harper County",2,82,17,5,12
050,40,059,"Oklahoma","Harper County",2,83,18,10,8
050,40,059,"Oklahoma","Harper County",2,84,19,9,10
050,40,059,"Oklahoma","Harper County",2,85,89,29,60
050,40,059,"Oklahoma","Harper County",3,0,29,17,12
050,40,059,"Oklahoma","Harper County",3,1,28,18,10
050,40,059,"Oklahoma","Harper County",3,2,31,20,11
050,40,059,"Oklahoma","Harper County",3,3,31,18,13
050,40,059,"Oklahoma","Harper County",3,4,35,23,12
050,40,059,"Oklahoma","Harper County",3,5,38,20,18
050,40,059,"Oklahoma","Harper County",3,6,42,23,19
050,40,059,"Oklahoma","Harper County",3,7,43,21,22
050,40,059,"Oklahoma","Harper County",3,8,43,20,23
050,40,059,"Oklahoma","Harper County",3,9,43,21,22
050,40,059,"Oklahoma","Harper County",3,10,48,24,24
050,40,059,"Oklahoma","Harper County",3,11,49,27,22
050,40,059,"Oklahoma","Harper County",3,12,51,22,29
050,40,059,"Oklahoma","Harper County",3,13,60,24,36
050,40,059,"Oklahoma","Harper County",3,14,53,26,27
050,40,059,"Oklahoma","Harper County",3,15,48,19,29
050,40,059,"Oklahoma","Harper County",3,16,45,21,24
050,40,059,"Oklahoma","Harper County",3,17,43,20,23
050,40,059,"Oklahoma","Harper County",3,18,35,18,17
050,40,059,"Oklahoma","Harper County",3,19,37,17,20
050,40,059,"Oklahoma","Harper County",3,20,35,18,17
050,40,059,"Oklahoma","Harper County",3,21,30,22,8
050,40,059,"Oklahoma","Harper County",3,22,28,17,11
050,40,059,"Oklahoma","Harper County",3,23,33,17,16
050,40,059,"Oklahoma","Harper County",3,24,27,17,10
050,40,059,"Oklahoma","Harper County",3,25,25,17,8
050,40,059,"Oklahoma","Harper County",3,26,20,12,8
050,40,059,"Oklahoma","Harper County",3,27,22,8,14
050,40,059,"Oklahoma","Harper County",3,28,28,12,16
050,40,059,"Oklahoma","Harper County",3,29,32,14,18
050,40,059,"Oklahoma","Harper County",3,30,34,20,14
050,40,059,"Oklahoma","Harper County",3,31,38,21,17
050,40,059,"Oklahoma","Harper County",3,32,26,15,11
050,40,059,"Oklahoma","Harper County",3,33,26,14,12
050,40,059,"Oklahoma","Harper County",3,34,36,18,18
050,40,059,"Oklahoma","Harper County",3,35,42,23,19
050,40,059,"Oklahoma","Harper County",3,36,41,21,20
050,40,059,"Oklahoma","Harper County",3,37,50,24,26
050,40,059,"Oklahoma","Harper County",3,38,56,26,30
050,40,059,"Oklahoma","Harper County",3,39,52,24,28
050,40,059,"Oklahoma","Harper County",3,40,44,19,25
050,40,059,"Oklahoma","Harper County",3,41,52,25,27
050,40,059,"Oklahoma","Harper County",3,42,47,22,25
050,40,059,"Oklahoma","Harper County",3,43,45,28,17
050,40,059,"Oklahoma","Harper County",3,44,44,26,18
050,40,059,"Oklahoma","Harper County",3,45,36,24,12
050,40,059,"Oklahoma","Harper County",3,46,40,23,17
050,40,059,"Oklahoma","Harper County",3,47,35,21,14
050,40,059,"Oklahoma","Harper County",3,48,25,14,11
050,40,059,"Oklahoma","Harper County",3,49,19,10,9
050,40,059,"Oklahoma","Harper County",3,50,36,21,15
050,40,059,"Oklahoma","Harper County",3,51,32,18,14
050,40,059,"Oklahoma","Harper County",3,52,28,16,12
050,40,059,"Oklahoma","Harper County",3,53,32,14,18
050,40,059,"Oklahoma","Harper County",3,54,32,21,11
050,40,059,"Oklahoma","Harper County",3,55,41,19,22
050,40,059,"Oklahoma","Harper County",3,56,52,23,29
050,40,059,"Oklahoma","Harper County",3,57,45,25,20
050,40,059,"Oklahoma","Harper County",3,58,40,25,15
050,40,059,"Oklahoma","Harper County",3,59,52,30,22
050,40,059,"Oklahoma","Harper County",3,60,59,29,30
050,40,059,"Oklahoma","Harper County",3,61,63,32,31
050,40,059,"Oklahoma","Harper County",3,62,50,26,24
050,40,059,"Oklahoma","Harper County",3,63,42,25,17
050,40,059,"Oklahoma","Harper County",3,64,41,24,17
050,40,059,"Oklahoma","Harper County",3,65,41,23,18
050,40,059,"Oklahoma","Harper County",3,66,45,22,23
050,40,059,"Oklahoma","Harper County",3,67,46,24,22
050,40,059,"Oklahoma","Harper County",3,68,46,21,25
050,40,059,"Oklahoma","Harper County",3,69,48,26,22
050,40,059,"Oklahoma","Harper County",3,70,42,23,19
050,40,059,"Oklahoma","Harper County",3,71,29,17,12
050,40,059,"Oklahoma","Harper County",3,72,25,10,15
050,40,059,"Oklahoma","Harper County",3,73,23,11,12
050,40,059,"Oklahoma","Harper County",3,74,27,13,14
050,40,059,"Oklahoma","Harper County",3,75,19,7,12
050,40,059,"Oklahoma","Harper County",3,76,22,10,12
050,40,059,"Oklahoma","Harper County",3,77,20,7,13
050,40,059,"Oklahoma","Harper County",3,78,20,10,10
050,40,059,"Oklahoma","Harper County",3,79,17,9,8
050,40,059,"Oklahoma","Harper County",3,80,16,8,8
050,40,059,"Oklahoma","Harper County",3,81,17,5,12
050,40,059,"Oklahoma","Harper County",3,82,15,2,13
050,40,059,"Oklahoma","Harper County",3,83,16,6,10
050,40,059,"Oklahoma","Harper County",3,84,20,11,9
050,40,059,"Oklahoma","Harper County",3,85,78,26,52
050,40,059,"Oklahoma","Harper County",4,0,27,15,12
050,40,059,"Oklahoma","Harper County",4,1,25,15,10
050,40,059,"Oklahoma","Harper County",4,2,28,17,11
050,40,059,"Oklahoma","Harper County",4,3,34,20,14
050,40,059,"Oklahoma","Harper County",4,4,36,21,15
050,40,059,"Oklahoma","Harper County",4,5,39,24,15
050,40,059,"Oklahoma","Harper County",4,6,36,18,18
050,40,059,"Oklahoma","Harper County",4,7,43,24,19
050,40,059,"Oklahoma","Harper County",4,8,46,23,23
050,40,059,"Oklahoma","Harper County",4,9,42,19,23
050,40,059,"Oklahoma","Harper County",4,10,41,22,19
050,40,059,"Oklahoma","Harper County",4,11,49,25,24
050,40,059,"Oklahoma","Harper County",4,12,52,27,25
050,40,059,"Oklahoma","Harper County",4,13,49,19,30
050,40,059,"Oklahoma","Harper County",4,14,58,24,34
050,40,059,"Oklahoma","Harper County",4,15,53,24,29
050,40,059,"Oklahoma","Harper County",4,16,47,19,28
050,40,059,"Oklahoma","Harper County",4,17,45,21,24
050,40,059,"Oklahoma","Harper County",4,18,40,18,22
050,40,059,"Oklahoma","Harper County",4,19,23,13,10
050,40,059,"Oklahoma","Harper County",4,20,36,17,19
050,40,059,"Oklahoma","Harper County",4,21,30,16,14
050,40,059,"Oklahoma","Harper County",4,22,30,22,8
050,40,059,"Oklahoma","Harper County",4,23,29,20,9
050,40,059,"Oklahoma","Harper County",4,24,30,16,14
050,40,059,"Oklahoma","Harper County",4,25,30,19,11
050,40,059,"Oklahoma","Harper County",4,26,25,14,11
050,40,059,"Oklahoma","Harper County",4,27,17,10,7
050,40,059,"Oklahoma","Harper County",4,28,24,8,16
050,40,059,"Oklahoma","Harper County",4,29,31,14,17
050,40,059,"Oklahoma","Harper County",4,30,38,20,18
050,40,059,"Oklahoma","Harper County",4,31,37,23,14
050,40,059,"Oklahoma","Harper County",4,32,38,21,17
050,40,059,"Oklahoma","Harper County",4,33,24,12,12
050,40,059,"Oklahoma","Harper County",4,34,30,16,14
050,40,059,"Oklahoma","Harper County",4,35,36,19,17
050,40,059,"Oklahoma","Harper County",4,36,41,22,19
050,40,059,"Oklahoma","Harper County",4,37,42,21,21
050,40,059,"Oklahoma","Harper County",4,38,51,24,27
050,40,059,"Oklahoma","Harper County",4,39,56,27,29
050,40,059,"Oklahoma","Harper County",4,40,55,26,29
050,40,059,"Oklahoma","Harper County",4,41,44,17,27
050,40,059,"Oklahoma","Harper County",4,42,52,25,27
050,40,059,"Oklahoma","Harper County",4,43,47,22,25
050,40,059,"Oklahoma","Harper County",4,44,41,25,16
050,40,059,"Oklahoma","Harper County",4,45,43,25,18
050,40,059,"Oklahoma","Harper County",4,46,35,23,12
050,40,059,"Oklahoma","Harper County",4,47,40,23,17
050,40,059,"Oklahoma","Harper County",4,48,36,21,15
050,40,059,"Oklahoma","Harper County",4,49,26,15,11
050,40,059,"Oklahoma","Harper County",4,50,20,11,9
050,40,059,"Oklahoma","Harper County",4,51,35,20,15
050,40,059,"Oklahoma","Harper County",4,52,30,16,14
050,40,059,"Oklahoma","Harper County",4,53,28,16,12
050,40,059,"Oklahoma","Harper County",4,54,33,15,18
050,40,059,"Oklahoma","Harper County",4,55,32,20,12
050,40,059,"Oklahoma","Harper County",4,56,39,18,21
050,40,059,"Oklahoma","Harper County",4,57,54,25,29
050,40,059,"Oklahoma","Harper County",4,58,44,24,20
050,40,059,"Oklahoma","Harper County",4,59,39,25,14
050,40,059,"Oklahoma","Harper County",4,60,54,31,23
050,40,059,"Oklahoma","Harper County",4,61,59,30,29
050,40,059,"Oklahoma","Harper County",4,62,61,30,31
050,40,059,"Oklahoma","Harper County",4,63,48,25,23
050,40,059,"Oklahoma","Harper County",4,64,42,25,17
050,40,059,"Oklahoma","Harper County",4,65,40,24,16
050,40,059,"Oklahoma","Harper County",4,66,41,22,19
050,40,059,"Oklahoma","Harper County",4,67,45,22,23
050,40,059,"Oklahoma","Harper County",4,68,43,22,21
050,40,059,"Oklahoma","Harper County",4,69,47,23,24
050,40,059,"Oklahoma","Harper County",4,70,44,23,21
050,40,059,"Oklahoma","Harper County",4,71,44,24,20
050,40,059,"Oklahoma","Harper County",4,72,29,17,12
050,40,059,"Oklahoma","Harper County",4,73,25,9,16
050,40,059,"Oklahoma","Harper County",4,74,20,10,10
050,40,059,"Oklahoma","Harper County",4,75,28,14,14
050,40,059,"Oklahoma","Harper County",4,76,18,7,11
050,40,059,"Oklahoma","Harper County",4,77,22,9,13
050,40,059,"Oklahoma","Harper County",4,78,16,7,9
050,40,059,"Oklahoma","Harper County",4,79,20,10,10
050,40,059,"Oklahoma","Harper County",4,80,15,9,6
050,40,059,"Oklahoma","Harper County",4,81,17,8,9
050,40,059,"Oklahoma","Harper County",4,82,14,4,10
050,40,059,"Oklahoma","Harper County",4,83,10,2,8
050,40,059,"Oklahoma","Harper County",4,84,15,5,10
050,40,059,"Oklahoma","Harper County",4,85,87,30,57
050,40,059,"Oklahoma","Harper County",5,0,27,15,12
050,40,059,"Oklahoma","Harper County",5,1,20,14,6
050,40,059,"Oklahoma","Harper County",5,2,23,14,9
050,40,059,"Oklahoma","Harper County",5,3,31,18,13
050,40,059,"Oklahoma","Harper County",5,4,36,20,16
050,40,059,"Oklahoma","Harper County",5,5,38,24,14
050,40,059,"Oklahoma","Harper County",5,6,39,25,14
050,40,059,"Oklahoma","Harper County",5,7,38,20,18
050,40,059,"Oklahoma","Harper County",5,8,48,27,21
050,40,059,"Oklahoma","Harper County",5,9,48,23,25
050,40,059,"Oklahoma","Harper County",5,10,40,18,22
050,40,059,"Oklahoma","Harper County",5,11,41,22,19
050,40,059,"Oklahoma","Harper County",5,12,52,22,30
050,40,059,"Oklahoma","Harper County",5,13,52,26,26
050,40,059,"Oklahoma","Harper County",5,14,49,20,29
050,40,059,"Oklahoma","Harper County",5,15,57,26,31
050,40,059,"Oklahoma","Harper County",5,16,54,25,29
050,40,059,"Oklahoma","Harper County",5,17,47,19,28
050,40,059,"Oklahoma","Harper County",5,18,34,16,18
050,40,059,"Oklahoma","Harper County",5,19,36,16,20
050,40,059,"Oklahoma","Harper County",5,20,24,14,10
050,40,059,"Oklahoma","Harper County",5,21,39,18,21
050,40,059,"Oklahoma","Harper County",5,22,26,15,11
050,40,059,"Oklahoma","Harper County",5,23,31,22,9
050,40,059,"Oklahoma","Harper County",5,24,26,20,6
050,40,059,"Oklahoma","Harper County",5,25,25,16,9
050,40,059,"Oklahoma","Harper County",5,26,20,13,7
050,40,059,"Oklahoma","Harper County",5,27,27,17,10
050,40,059,"Oklahoma","Harper County",5,28,24,14,10
050,40,059,"Oklahoma","Harper County",5,29,31,15,16
050,40,059,"Oklahoma","Harper County",5,30,34,16,18
050,40,059,"Oklahoma","Harper County",5,31,46,27,19
050,40,059,"Oklahoma","Harper County",5,32,42,25,17
050,40,059,"Oklahoma","Harper County",5,33,39,20,19
050,40,059,"Oklahoma","Harper County",5,34,29,14,15
050,40,059,"Oklahoma","Harper County",5,35,37,19,18
050,40,059,"Oklahoma","Harper County",5,36,42,23,19
050,40,059,"Oklahoma","Harper County",5,37,44,25,19
050,40,059,"Oklahoma","Harper County",5,38,43,21,22
050,40,059,"Oklahoma","Harper County",5,39,52,24,28
050,40,059,"Oklahoma","Harper County",5,40,55,26,29
050,40,059,"Oklahoma","Harper County",5,41,53,25,28
050,40,059,"Oklahoma","Harper County",5,42,44,17,27
050,40,059,"Oklahoma","Harper County",5,43,52,25,27
050,40,059,"Oklahoma","Harper County",5,44,41,19,22
050,40,059,"Oklahoma","Harper County",5,45,44,26,18
050,40,059,"Oklahoma","Harper County",5,46,44,25,19
050,40,059,"Oklahoma","Harper County",5,47,37,25,12
050,40,059,"Oklahoma","Harper County",5,48,39,22,17
050,40,059,"Oklahoma","Harper County",5,49,30,19,11
050,40,059,"Oklahoma","Harper County",5,50,27,16,11
050,40,059,"Oklahoma","Harper County",5,51,20,11,9
050,40,059,"Oklahoma","Harper County",5,52,33,18,15
050,40,059,"Oklahoma","Harper County",5,53,32,16,16
050,40,059,"Oklahoma","Harper County",5,54,29,17,12
050,40,059,"Oklahoma","Harper County",5,55,35,16,19
050,40,059,"Oklahoma","Harper County",5,56,34,19,15
050,40,059,"Oklahoma","Harper County",5,57,39,18,21
050,40,059,"Oklahoma","Harper County",5,58,49,20,29
050,40,059,"Oklahoma","Harper County",5,59,45,27,18
050,40,059,"Oklahoma","Harper County",5,60,41,25,16
050,40,059,"Oklahoma","Harper County",5,61,56,34,22
050,40,059,"Oklahoma","Harper County",5,62,56,29,27
050,40,059,"Oklahoma","Harper County",5,63,57,29,28
050,40,059,"Oklahoma","Harper County",5,64,55,27,28
050,40,059,"Oklahoma","Harper County",5,65,45,26,19
050,40,059,"Oklahoma","Harper County",5,66,39,23,16
050,40,059,"Oklahoma","Harper County",5,67,41,20,21
050,40,059,"Oklahoma","Harper County",5,68,42,20,22
050,40,059,"Oklahoma","Harper County",5,69,43,22,21
050,40,059,"Oklahoma","Harper County",5,70,43,20,23
050,40,059,"Oklahoma","Harper County",5,71,47,23,24
050,40,059,"Oklahoma","Harper County",5,72,42,23,19
050,40,059,"Oklahoma","Harper County",5,73,28,15,13
050,40,059,"Oklahoma","Harper County",5,74,22,8,14
050,40,059,"Oklahoma","Harper County",5,75,19,10,9
050,40,059,"Oklahoma","Harper County",5,76,27,14,13
050,40,059,"Oklahoma","Harper County",5,77,17,4,13
050,40,059,"Oklahoma","Harper County",5,78,20,9,11
050,40,059,"Oklahoma","Harper County",5,79,17,7,10
050,40,059,"Oklahoma","Harper County",5,80,19,10,9
050,40,059,"Oklahoma","Harper County",5,81,17,9,8
050,40,059,"Oklahoma","Harper County",5,82,14,7,7
050,40,059,"Oklahoma","Harper County",5,83,11,4,7
050,40,059,"Oklahoma","Harper County",5,84,10,2,8
050,40,059,"Oklahoma","Harper County",5,85,89,29,60
050,40,061,"Oklahoma","Haskell County",1,0,110,55,55
050,40,061,"Oklahoma","Haskell County",1,1,128,60,68
050,40,061,"Oklahoma","Haskell County",1,2,116,57,59
050,40,061,"Oklahoma","Haskell County",1,3,123,60,63
050,40,061,"Oklahoma","Haskell County",1,4,155,79,76
050,40,061,"Oklahoma","Haskell County",1,5,147,83,64
050,40,061,"Oklahoma","Haskell County",1,6,144,84,60
050,40,061,"Oklahoma","Haskell County",1,7,150,86,64
050,40,061,"Oklahoma","Haskell County",1,8,161,79,82
050,40,061,"Oklahoma","Haskell County",1,9,147,69,78
050,40,061,"Oklahoma","Haskell County",1,10,169,77,92
050,40,061,"Oklahoma","Haskell County",1,11,182,98,84
050,40,061,"Oklahoma","Haskell County",1,12,171,98,73
050,40,061,"Oklahoma","Haskell County",1,13,174,93,81
050,40,061,"Oklahoma","Haskell County",1,14,163,81,82
050,40,061,"Oklahoma","Haskell County",1,15,159,82,77
050,40,061,"Oklahoma","Haskell County",1,16,164,90,74
050,40,061,"Oklahoma","Haskell County",1,17,169,90,79
050,40,061,"Oklahoma","Haskell County",1,18,137,80,57
050,40,061,"Oklahoma","Haskell County",1,19,115,62,53
050,40,061,"Oklahoma","Haskell County",1,20,125,70,55
050,40,061,"Oklahoma","Haskell County",1,21,123,58,65
050,40,061,"Oklahoma","Haskell County",1,22,121,64,57
050,40,061,"Oklahoma","Haskell County",1,23,126,66,60
050,40,061,"Oklahoma","Haskell County",1,24,124,61,63
050,40,061,"Oklahoma","Haskell County",1,25,126,67,59
050,40,061,"Oklahoma","Haskell County",1,26,116,62,54
050,40,061,"Oklahoma","Haskell County",1,27,116,63,53
050,40,061,"Oklahoma","Haskell County",1,28,136,65,71
050,40,061,"Oklahoma","Haskell County",1,29,127,59,68
050,40,061,"Oklahoma","Haskell County",1,30,127,61,66
050,40,061,"Oklahoma","Haskell County",1,31,131,59,72
050,40,061,"Oklahoma","Haskell County",1,32,129,60,69
050,40,061,"Oklahoma","Haskell County",1,33,127,64,63
050,40,061,"Oklahoma","Haskell County",1,34,119,61,58
050,40,061,"Oklahoma","Haskell County",1,35,124,63,61
050,40,061,"Oklahoma","Haskell County",1,36,144,63,81
050,40,061,"Oklahoma","Haskell County",1,37,170,80,90
050,40,061,"Oklahoma","Haskell County",1,38,150,84,66
050,40,061,"Oklahoma","Haskell County",1,39,154,80,74
050,40,061,"Oklahoma","Haskell County",1,40,140,73,67
050,40,061,"Oklahoma","Haskell County",1,41,144,78,66
050,40,061,"Oklahoma","Haskell County",1,42,132,76,56
050,40,061,"Oklahoma","Haskell County",1,43,142,79,63
050,40,061,"Oklahoma","Haskell County",1,44,135,74,61
050,40,061,"Oklahoma","Haskell County",1,45,132,53,79
050,40,061,"Oklahoma","Haskell County",1,46,122,54,68
050,40,061,"Oklahoma","Haskell County",1,47,133,69,64
050,40,061,"Oklahoma","Haskell County",1,48,131,67,64
050,40,061,"Oklahoma","Haskell County",1,49,142,75,67
050,40,061,"Oklahoma","Haskell County",1,50,134,68,66
050,40,061,"Oklahoma","Haskell County",1,51,151,79,72
050,40,061,"Oklahoma","Haskell County",1,52,141,76,65
050,40,061,"Oklahoma","Haskell County",1,53,134,60,74
050,40,061,"Oklahoma","Haskell County",1,54,122,54,68
050,40,061,"Oklahoma","Haskell County",1,55,140,65,75
050,40,061,"Oklahoma","Haskell County",1,56,151,63,88
050,40,061,"Oklahoma","Haskell County",1,57,162,74,88
050,40,061,"Oklahoma","Haskell County",1,58,162,82,80
050,40,061,"Oklahoma","Haskell County",1,59,162,73,89
050,40,061,"Oklahoma","Haskell County",1,60,163,72,91
050,40,061,"Oklahoma","Haskell County",1,61,161,77,84
050,40,061,"Oklahoma","Haskell County",1,62,158,80,78
050,40,061,"Oklahoma","Haskell County",1,63,144,78,66
050,40,061,"Oklahoma","Haskell County",1,64,158,79,79
050,40,061,"Oklahoma","Haskell County",1,65,166,70,96
050,40,061,"Oklahoma","Haskell County",1,66,151,72,79
050,40,061,"Oklahoma","Haskell County",1,67,145,80,65
050,40,061,"Oklahoma","Haskell County",1,68,134,76,58
050,40,061,"Oklahoma","Haskell County",1,69,121,64,57
050,40,061,"Oklahoma","Haskell County",1,70,130,61,69
050,40,061,"Oklahoma","Haskell County",1,71,130,56,74
050,40,061,"Oklahoma","Haskell County",1,72,128,54,74
050,40,061,"Oklahoma","Haskell County",1,73,155,65,90
050,40,061,"Oklahoma","Haskell County",1,74,110,59,51
050,40,061,"Oklahoma","Haskell County",1,75,95,47,48
050,40,061,"Oklahoma","Haskell County",1,76,112,54,58
050,40,061,"Oklahoma","Haskell County",1,77,112,61,51
050,40,061,"Oklahoma","Haskell County",1,78,85,38,47
050,40,061,"Oklahoma","Haskell County",1,79,74,34,40
050,40,061,"Oklahoma","Haskell County",1,80,70,32,38
050,40,061,"Oklahoma","Haskell County",1,81,60,31,29
050,40,061,"Oklahoma","Haskell County",1,82,62,26,36
050,40,061,"Oklahoma","Haskell County",1,83,43,20,23
050,40,061,"Oklahoma","Haskell County",1,84,36,15,21
050,40,061,"Oklahoma","Haskell County",1,85,244,96,148
050,40,061,"Oklahoma","Haskell County",2,0,115,63,52
050,40,061,"Oklahoma","Haskell County",2,1,122,57,65
050,40,061,"Oklahoma","Haskell County",2,2,117,56,61
050,40,061,"Oklahoma","Haskell County",2,3,122,59,63
050,40,061,"Oklahoma","Haskell County",2,4,147,74,73
050,40,061,"Oklahoma","Haskell County",2,5,149,84,65
050,40,061,"Oklahoma","Haskell County",2,6,146,86,60
050,40,061,"Oklahoma","Haskell County",2,7,149,84,65
050,40,061,"Oklahoma","Haskell County",2,8,160,80,80
050,40,061,"Oklahoma","Haskell County",2,9,150,71,79
050,40,061,"Oklahoma","Haskell County",2,10,161,74,87
050,40,061,"Oklahoma","Haskell County",2,11,179,95,84
050,40,061,"Oklahoma","Haskell County",2,12,174,99,75
050,40,061,"Oklahoma","Haskell County",2,13,173,94,79
050,40,061,"Oklahoma","Haskell County",2,14,167,84,83
050,40,061,"Oklahoma","Haskell County",2,15,162,83,79
050,40,061,"Oklahoma","Haskell County",2,16,163,88,75
050,40,061,"Oklahoma","Haskell County",2,17,167,90,77
050,40,061,"Oklahoma","Haskell County",2,18,136,78,58
050,40,061,"Oklahoma","Haskell County",2,19,117,64,53
050,40,061,"Oklahoma","Haskell County",2,20,126,69,57
050,40,061,"Oklahoma","Haskell County",2,21,125,60,65
050,40,061,"Oklahoma","Haskell County",2,22,124,63,61
050,40,061,"Oklahoma","Haskell County",2,23,125,66,59
050,40,061,"Oklahoma","Haskell County",2,24,125,63,62
050,40,061,"Oklahoma","Haskell County",2,25,126,65,61
050,40,061,"Oklahoma","Haskell County",2,26,116,61,55
050,40,061,"Oklahoma","Haskell County",2,27,113,60,53
050,40,061,"Oklahoma","Haskell County",2,28,132,65,67
050,40,061,"Oklahoma","Haskell County",2,29,126,57,69
050,40,061,"Oklahoma","Haskell County",2,30,127,60,67
050,40,061,"Oklahoma","Haskell County",2,31,130,59,71
050,40,061,"Oklahoma","Haskell County",2,32,130,60,70
050,40,061,"Oklahoma","Haskell County",2,33,126,63,63
050,40,061,"Oklahoma","Haskell County",2,34,122,62,60
050,40,061,"Oklahoma","Haskell County",2,35,127,65,62
050,40,061,"Oklahoma","Haskell County",2,36,141,64,77
050,40,061,"Oklahoma","Haskell County",2,37,163,76,87
050,40,061,"Oklahoma","Haskell County",2,38,153,83,70
050,40,061,"Oklahoma","Haskell County",2,39,152,79,73
050,40,061,"Oklahoma","Haskell County",2,40,146,76,70
050,40,061,"Oklahoma","Haskell County",2,41,142,76,66
050,40,061,"Oklahoma","Haskell County",2,42,135,77,58
050,40,061,"Oklahoma","Haskell County",2,43,140,79,61
050,40,061,"Oklahoma","Haskell County",2,44,135,74,61
050,40,061,"Oklahoma","Haskell County",2,45,131,58,73
050,40,061,"Oklahoma","Haskell County",2,46,126,54,72
050,40,061,"Oklahoma","Haskell County",2,47,129,64,65
050,40,061,"Oklahoma","Haskell County",2,48,133,69,64
050,40,061,"Oklahoma","Haskell County",2,49,141,74,67
050,40,061,"Oklahoma","Haskell County",2,50,136,69,67
050,40,061,"Oklahoma","Haskell County",2,51,145,75,70
050,40,061,"Oklahoma","Haskell County",2,52,145,77,68
050,40,061,"Oklahoma","Haskell County",2,53,134,63,71
050,40,061,"Oklahoma","Haskell County",2,54,125,57,68
050,40,061,"Oklahoma","Haskell County",2,55,136,62,74
050,40,061,"Oklahoma","Haskell County",2,56,150,64,86
050,40,061,"Oklahoma","Haskell County",2,57,157,70,87
050,40,061,"Oklahoma","Haskell County",2,58,163,81,82
050,40,061,"Oklahoma","Haskell County",2,59,163,75,88
050,40,061,"Oklahoma","Haskell County",2,60,163,73,90
050,40,061,"Oklahoma","Haskell County",2,61,159,75,84
050,40,061,"Oklahoma","Haskell County",2,62,157,79,78
050,40,061,"Oklahoma","Haskell County",2,63,147,79,68
050,40,061,"Oklahoma","Haskell County",2,64,154,78,76
050,40,061,"Oklahoma","Haskell County",2,65,163,72,91
050,40,061,"Oklahoma","Haskell County",2,66,155,71,84
050,40,061,"Oklahoma","Haskell County",2,67,144,78,66
050,40,061,"Oklahoma","Haskell County",2,68,135,75,60
050,40,061,"Oklahoma","Haskell County",2,69,126,67,59
050,40,061,"Oklahoma","Haskell County",2,70,125,61,64
050,40,061,"Oklahoma","Haskell County",2,71,131,59,72
050,40,061,"Oklahoma","Haskell County",2,72,127,54,73
050,40,061,"Oklahoma","Haskell County",2,73,156,66,90
050,40,061,"Oklahoma","Haskell County",2,74,111,54,57
050,40,061,"Oklahoma","Haskell County",2,75,99,51,48
050,40,061,"Oklahoma","Haskell County",2,76,106,50,56
050,40,061,"Oklahoma","Haskell County",2,77,111,58,53
050,40,061,"Oklahoma","Haskell County",2,78,91,43,48
050,40,061,"Oklahoma","Haskell County",2,79,75,34,41
050,40,061,"Oklahoma","Haskell County",2,80,70,31,39
050,40,061,"Oklahoma","Haskell County",2,81,60,30,30
050,40,061,"Oklahoma","Haskell County",2,82,63,27,36
050,40,061,"Oklahoma","Haskell County",2,83,47,22,25
050,40,061,"Oklahoma","Haskell County",2,84,37,15,22
050,40,061,"Oklahoma","Haskell County",2,85,241,93,148
050,40,061,"Oklahoma","Haskell County",3,0,136,61,75
050,40,061,"Oklahoma","Haskell County",3,1,127,68,59
050,40,061,"Oklahoma","Haskell County",3,2,123,55,68
050,40,061,"Oklahoma","Haskell County",3,3,120,59,61
050,40,061,"Oklahoma","Haskell County",3,4,138,72,66
050,40,061,"Oklahoma","Haskell County",3,5,150,78,72
050,40,061,"Oklahoma","Haskell County",3,6,153,86,67
050,40,061,"Oklahoma","Haskell County",3,7,156,89,67
050,40,061,"Oklahoma","Haskell County",3,8,147,84,63
050,40,061,"Oklahoma","Haskell County",3,9,152,77,75
050,40,061,"Oklahoma","Haskell County",3,10,154,74,80
050,40,061,"Oklahoma","Haskell County",3,11,162,79,83
050,40,061,"Oklahoma","Haskell County",3,12,175,90,85
050,40,061,"Oklahoma","Haskell County",3,13,176,97,79
050,40,061,"Oklahoma","Haskell County",3,14,173,97,76
050,40,061,"Oklahoma","Haskell County",3,15,163,82,81
050,40,061,"Oklahoma","Haskell County",3,16,159,86,73
050,40,061,"Oklahoma","Haskell County",3,17,157,88,69
050,40,061,"Oklahoma","Haskell County",3,18,146,82,64
050,40,061,"Oklahoma","Haskell County",3,19,115,67,48
050,40,061,"Oklahoma","Haskell County",3,20,121,60,61
050,40,061,"Oklahoma","Haskell County",3,21,129,63,66
050,40,061,"Oklahoma","Haskell County",3,22,137,70,67
050,40,061,"Oklahoma","Haskell County",3,23,122,64,58
050,40,061,"Oklahoma","Haskell County",3,24,128,65,63
050,40,061,"Oklahoma","Haskell County",3,25,123,59,64
050,40,061,"Oklahoma","Haskell County",3,26,122,60,62
050,40,061,"Oklahoma","Haskell County",3,27,127,66,61
050,40,061,"Oklahoma","Haskell County",3,28,121,66,55
050,40,061,"Oklahoma","Haskell County",3,29,146,73,73
050,40,061,"Oklahoma","Haskell County",3,30,127,57,70
050,40,061,"Oklahoma","Haskell County",3,31,128,61,67
050,40,061,"Oklahoma","Haskell County",3,32,133,61,72
050,40,061,"Oklahoma","Haskell County",3,33,123,54,69
050,40,061,"Oklahoma","Haskell County",3,34,131,66,65
050,40,061,"Oklahoma","Haskell County",3,35,133,65,68
050,40,061,"Oklahoma","Haskell County",3,36,128,69,59
050,40,061,"Oklahoma","Haskell County",3,37,153,67,86
050,40,061,"Oklahoma","Haskell County",3,38,158,74,84
050,40,061,"Oklahoma","Haskell County",3,39,158,85,73
050,40,061,"Oklahoma","Haskell County",3,40,143,71,72
050,40,061,"Oklahoma","Haskell County",3,41,152,83,69
050,40,061,"Oklahoma","Haskell County",3,42,133,75,58
050,40,061,"Oklahoma","Haskell County",3,43,137,78,59
050,40,061,"Oklahoma","Haskell County",3,44,137,75,62
050,40,061,"Oklahoma","Haskell County",3,45,136,75,61
050,40,061,"Oklahoma","Haskell County",3,46,133,56,77
050,40,061,"Oklahoma","Haskell County",3,47,124,53,71
050,40,061,"Oklahoma","Haskell County",3,48,130,63,67
050,40,061,"Oklahoma","Haskell County",3,49,140,72,68
050,40,061,"Oklahoma","Haskell County",3,50,139,72,67
050,40,061,"Oklahoma","Haskell County",3,51,136,69,67
050,40,061,"Oklahoma","Haskell County",3,52,137,70,67
050,40,061,"Oklahoma","Haskell County",3,53,158,85,73
050,40,061,"Oklahoma","Haskell County",3,54,135,64,71
050,40,061,"Oklahoma","Haskell County",3,55,129,60,69
050,40,061,"Oklahoma","Haskell County",3,56,138,62,76
050,40,061,"Oklahoma","Haskell County",3,57,155,68,87
050,40,061,"Oklahoma","Haskell County",3,58,153,68,85
050,40,061,"Oklahoma","Haskell County",3,59,170,84,86
050,40,061,"Oklahoma","Haskell County",3,60,159,71,88
050,40,061,"Oklahoma","Haskell County",3,61,167,75,92
050,40,061,"Oklahoma","Haskell County",3,62,161,76,85
050,40,061,"Oklahoma","Haskell County",3,63,160,81,79
050,40,061,"Oklahoma","Haskell County",3,64,141,80,61
050,40,061,"Oklahoma","Haskell County",3,65,146,79,67
050,40,061,"Oklahoma","Haskell County",3,66,159,70,89
050,40,061,"Oklahoma","Haskell County",3,67,153,70,83
050,40,061,"Oklahoma","Haskell County",3,68,139,73,66
050,40,061,"Oklahoma","Haskell County",3,69,129,75,54
050,40,061,"Oklahoma","Haskell County",3,70,123,65,58
050,40,061,"Oklahoma","Haskell County",3,71,122,59,63
050,40,061,"Oklahoma","Haskell County",3,72,132,60,72
050,40,061,"Oklahoma","Haskell County",3,73,118,51,67
050,40,061,"Oklahoma","Haskell County",3,74,152,64,88
050,40,061,"Oklahoma","Haskell County",3,75,103,49,54
050,40,061,"Oklahoma","Haskell County",3,76,95,49,46
050,40,061,"Oklahoma","Haskell County",3,77,100,49,51
050,40,061,"Oklahoma","Haskell County",3,78,101,53,48
050,40,061,"Oklahoma","Haskell County",3,79,83,39,44
050,40,061,"Oklahoma","Haskell County",3,80,67,33,34
050,40,061,"Oklahoma","Haskell County",3,81,62,30,32
050,40,061,"Oklahoma","Haskell County",3,82,59,27,32
050,40,061,"Oklahoma","Haskell County",3,83,52,23,29
050,40,061,"Oklahoma","Haskell County",3,84,44,19,25
050,40,061,"Oklahoma","Haskell County",3,85,243,93,150
050,40,061,"Oklahoma","Haskell County",4,0,141,79,62
050,40,061,"Oklahoma","Haskell County",4,1,157,74,83
050,40,061,"Oklahoma","Haskell County",4,2,132,73,59
050,40,061,"Oklahoma","Haskell County",4,3,127,60,67
050,40,061,"Oklahoma","Haskell County",4,4,124,62,62
050,40,061,"Oklahoma","Haskell County",4,5,132,68,64
050,40,061,"Oklahoma","Haskell County",4,6,147,80,67
050,40,061,"Oklahoma","Haskell County",4,7,151,83,68
050,40,061,"Oklahoma","Haskell County",4,8,161,97,64
050,40,061,"Oklahoma","Haskell County",4,9,155,84,71
050,40,061,"Oklahoma","Haskell County",4,10,153,78,75
050,40,061,"Oklahoma","Haskell County",4,11,153,75,78
050,40,061,"Oklahoma","Haskell County",4,12,162,77,85
050,40,061,"Oklahoma","Haskell County",4,13,177,91,86
050,40,061,"Oklahoma","Haskell County",4,14,172,91,81
050,40,061,"Oklahoma","Haskell County",4,15,175,97,78
050,40,061,"Oklahoma","Haskell County",4,16,162,83,79
050,40,061,"Oklahoma","Haskell County",4,17,164,88,76
050,40,061,"Oklahoma","Haskell County",4,18,138,77,61
050,40,061,"Oklahoma","Haskell County",4,19,116,67,49
050,40,061,"Oklahoma","Haskell County",4,20,125,71,54
050,40,061,"Oklahoma","Haskell County",4,21,120,56,64
050,40,061,"Oklahoma","Haskell County",4,22,118,55,63
050,40,061,"Oklahoma","Haskell County",4,23,133,74,59
050,40,061,"Oklahoma","Haskell County",4,24,124,59,65
050,40,061,"Oklahoma","Haskell County",4,25,128,65,63
050,40,061,"Oklahoma","Haskell County",4,26,123,61,62
050,40,061,"Oklahoma","Haskell County",4,27,122,55,67
050,40,061,"Oklahoma","Haskell County",4,28,125,65,60
050,40,061,"Oklahoma","Haskell County",4,29,124,66,58
050,40,061,"Oklahoma","Haskell County",4,30,141,76,65
050,40,061,"Oklahoma","Haskell County",4,31,138,65,73
050,40,061,"Oklahoma","Haskell County",4,32,135,59,76
050,40,061,"Oklahoma","Haskell County",4,33,127,57,70
050,40,061,"Oklahoma","Haskell County",4,34,122,55,67
050,40,061,"Oklahoma","Haskell County",4,35,141,71,70
050,40,061,"Oklahoma","Haskell County",4,36,135,65,70
050,40,061,"Oklahoma","Haskell County",4,37,129,68,61
050,40,061,"Oklahoma","Haskell County",4,38,147,68,79
050,40,061,"Oklahoma","Haskell County",4,39,156,76,80
050,40,061,"Oklahoma","Haskell County",4,40,160,87,73
050,40,061,"Oklahoma","Haskell County",4,41,140,71,69
050,40,061,"Oklahoma","Haskell County",4,42,157,82,75
050,40,061,"Oklahoma","Haskell County",4,43,133,79,54
050,40,061,"Oklahoma","Haskell County",4,44,139,79,60
050,40,061,"Oklahoma","Haskell County",4,45,139,77,62
050,40,061,"Oklahoma","Haskell County",4,46,142,82,60
050,40,061,"Oklahoma","Haskell County",4,47,125,54,71
050,40,061,"Oklahoma","Haskell County",4,48,125,54,71
050,40,061,"Oklahoma","Haskell County",4,49,127,57,70
050,40,061,"Oklahoma","Haskell County",4,50,145,73,72
050,40,061,"Oklahoma","Haskell County",4,51,136,72,64
050,40,061,"Oklahoma","Haskell County",4,52,139,69,70
050,40,061,"Oklahoma","Haskell County",4,53,139,72,67
050,40,061,"Oklahoma","Haskell County",4,54,157,87,70
050,40,061,"Oklahoma","Haskell County",4,55,137,67,70
050,40,061,"Oklahoma","Haskell County",4,56,129,61,68
050,40,061,"Oklahoma","Haskell County",4,57,145,65,80
050,40,061,"Oklahoma","Haskell County",4,58,154,66,88
050,40,061,"Oklahoma","Haskell County",4,59,154,67,87
050,40,061,"Oklahoma","Haskell County",4,60,173,87,86
050,40,061,"Oklahoma","Haskell County",4,61,162,72,90
050,40,061,"Oklahoma","Haskell County",4,62,167,72,95
050,40,061,"Oklahoma","Haskell County",4,63,156,73,83
050,40,061,"Oklahoma","Haskell County",4,64,165,82,83
050,40,061,"Oklahoma","Haskell County",4,65,146,77,69
050,40,061,"Oklahoma","Haskell County",4,66,146,78,68
050,40,061,"Oklahoma","Haskell County",4,67,159,77,82
050,40,061,"Oklahoma","Haskell County",4,68,154,68,86
050,40,061,"Oklahoma","Haskell County",4,69,135,72,63
050,40,061,"Oklahoma","Haskell County",4,70,126,73,53
050,40,061,"Oklahoma","Haskell County",4,71,120,65,55
050,40,061,"Oklahoma","Haskell County",4,72,120,59,61
050,40,061,"Oklahoma","Haskell County",4,73,126,53,73
050,40,061,"Oklahoma","Haskell County",4,74,115,53,62
050,40,061,"Oklahoma","Haskell County",4,75,143,62,81
050,40,061,"Oklahoma","Haskell County",4,76,98,44,54
050,40,061,"Oklahoma","Haskell County",4,77,92,47,45
050,40,061,"Oklahoma","Haskell County",4,78,88,43,45
050,40,061,"Oklahoma","Haskell County",4,79,96,49,47
050,40,061,"Oklahoma","Haskell County",4,80,77,37,40
050,40,061,"Oklahoma","Haskell County",4,81,65,33,32
050,40,061,"Oklahoma","Haskell County",4,82,66,28,38
050,40,061,"Oklahoma","Haskell County",4,83,51,26,25
050,40,061,"Oklahoma","Haskell County",4,84,42,18,24
050,40,061,"Oklahoma","Haskell County",4,85,245,98,147
050,40,061,"Oklahoma","Haskell County",5,0,150,82,68
050,40,061,"Oklahoma","Haskell County",5,1,145,87,58
050,40,061,"Oklahoma","Haskell County",5,2,158,72,86
050,40,061,"Oklahoma","Haskell County",5,3,131,68,63
050,40,061,"Oklahoma","Haskell County",5,4,133,62,71
050,40,061,"Oklahoma","Haskell County",5,5,120,56,64
050,40,061,"Oklahoma","Haskell County",5,6,139,71,68
050,40,061,"Oklahoma","Haskell County",5,7,156,82,74
050,40,061,"Oklahoma","Haskell County",5,8,164,91,73
050,40,061,"Oklahoma","Haskell County",5,9,160,94,66
050,40,061,"Oklahoma","Haskell County",5,10,149,81,68
050,40,061,"Oklahoma","Haskell County",5,11,163,82,81
050,40,061,"Oklahoma","Haskell County",5,12,160,79,81
050,40,061,"Oklahoma","Haskell County",5,13,158,72,86
050,40,061,"Oklahoma","Haskell County",5,14,175,92,83
050,40,061,"Oklahoma","Haskell County",5,15,181,97,84
050,40,061,"Oklahoma","Haskell County",5,16,179,98,81
050,40,061,"Oklahoma","Haskell County",5,17,158,77,81
050,40,061,"Oklahoma","Haskell County",5,18,145,81,64
050,40,061,"Oklahoma","Haskell County",5,19,110,64,46
050,40,061,"Oklahoma","Haskell County",5,20,124,72,52
050,40,061,"Oklahoma","Haskell County",5,21,130,71,59
050,40,061,"Oklahoma","Haskell County",5,22,134,64,70
050,40,061,"Oklahoma","Haskell County",5,23,113,56,57
050,40,061,"Oklahoma","Haskell County",5,24,137,75,62
050,40,061,"Oklahoma","Haskell County",5,25,133,65,68
050,40,061,"Oklahoma","Haskell County",5,26,134,70,64
050,40,061,"Oklahoma","Haskell County",5,27,127,62,65
050,40,061,"Oklahoma","Haskell County",5,28,130,58,72
050,40,061,"Oklahoma","Haskell County",5,29,130,67,63
050,40,061,"Oklahoma","Haskell County",5,30,144,75,69
050,40,061,"Oklahoma","Haskell County",5,31,149,81,68
050,40,061,"Oklahoma","Haskell County",5,32,145,67,78
050,40,061,"Oklahoma","Haskell County",5,33,137,67,70
050,40,061,"Oklahoma","Haskell County",5,34,135,63,72
050,40,061,"Oklahoma","Haskell County",5,35,126,55,71
050,40,061,"Oklahoma","Haskell County",5,36,144,75,69
050,40,061,"Oklahoma","Haskell County",5,37,137,65,72
050,40,061,"Oklahoma","Haskell County",5,38,123,68,55
050,40,061,"Oklahoma","Haskell County",5,39,152,72,80
050,40,061,"Oklahoma","Haskell County",5,40,161,81,80
050,40,061,"Oklahoma","Haskell County",5,41,161,83,78
050,40,061,"Oklahoma","Haskell County",5,42,144,72,72
050,40,061,"Oklahoma","Haskell County",5,43,152,75,77
050,40,061,"Oklahoma","Haskell County",5,44,128,72,56
050,40,061,"Oklahoma","Haskell County",5,45,136,77,59
050,40,061,"Oklahoma","Haskell County",5,46,137,80,57
050,40,061,"Oklahoma","Haskell County",5,47,138,80,58
050,40,061,"Oklahoma","Haskell County",5,48,130,57,73
050,40,061,"Oklahoma","Haskell County",5,49,132,58,74
050,40,061,"Oklahoma","Haskell County",5,50,132,58,74
050,40,061,"Oklahoma","Haskell County",5,51,150,74,76
050,40,061,"Oklahoma","Haskell County",5,52,144,71,73
050,40,061,"Oklahoma","Haskell County",5,53,139,67,72
050,40,061,"Oklahoma","Haskell County",5,54,142,72,70
050,40,061,"Oklahoma","Haskell County",5,55,161,89,72
050,40,061,"Oklahoma","Haskell County",5,56,144,70,74
050,40,061,"Oklahoma","Haskell County",5,57,133,63,70
050,40,061,"Oklahoma","Haskell County",5,58,151,65,86
050,40,061,"Oklahoma","Haskell County",5,59,160,70,90
050,40,061,"Oklahoma","Haskell County",5,60,151,66,85
050,40,061,"Oklahoma","Haskell County",5,61,169,87,82
050,40,061,"Oklahoma","Haskell County",5,62,162,76,86
050,40,061,"Oklahoma","Haskell County",5,63,167,70,97
050,40,061,"Oklahoma","Haskell County",5,64,152,70,82
050,40,061,"Oklahoma","Haskell County",5,65,162,81,81
050,40,061,"Oklahoma","Haskell County",5,66,145,75,70
050,40,061,"Oklahoma","Haskell County",5,67,143,76,67
050,40,061,"Oklahoma","Haskell County",5,68,150,68,82
050,40,061,"Oklahoma","Haskell County",5,69,150,68,82
050,40,061,"Oklahoma","Haskell County",5,70,135,70,65
050,40,061,"Oklahoma","Haskell County",5,71,120,70,50
050,40,061,"Oklahoma","Haskell County",5,72,120,68,52
050,40,061,"Oklahoma","Haskell County",5,73,117,57,60
050,40,061,"Oklahoma","Haskell County",5,74,121,50,71
050,40,061,"Oklahoma","Haskell County",5,75,109,51,58
050,40,061,"Oklahoma","Haskell County",5,76,137,57,80
050,40,061,"Oklahoma","Haskell County",5,77,92,41,51
050,40,061,"Oklahoma","Haskell County",5,78,80,41,39
050,40,061,"Oklahoma","Haskell County",5,79,80,39,41
050,40,061,"Oklahoma","Haskell County",5,80,90,47,43
050,40,061,"Oklahoma","Haskell County",5,81,75,37,38
050,40,061,"Oklahoma","Haskell County",5,82,62,29,33
050,40,061,"Oklahoma","Haskell County",5,83,58,27,31
050,40,061,"Oklahoma","Haskell County",5,84,43,23,20
050,40,061,"Oklahoma","Haskell County",5,85,249,103,146
050,40,063,"Oklahoma","Hughes County",1,0,145,73,72
050,40,063,"Oklahoma","Hughes County",1,1,137,72,65
050,40,063,"Oklahoma","Hughes County",1,2,153,84,69
050,40,063,"Oklahoma","Hughes County",1,3,174,96,78
050,40,063,"Oklahoma","Hughes County",1,4,171,97,74
050,40,063,"Oklahoma","Hughes County",1,5,168,90,78
050,40,063,"Oklahoma","Hughes County",1,6,148,74,74
050,40,063,"Oklahoma","Hughes County",1,7,157,80,77
050,40,063,"Oklahoma","Hughes County",1,8,173,93,80
050,40,063,"Oklahoma","Hughes County",1,9,179,86,93
050,40,063,"Oklahoma","Hughes County",1,10,161,81,80
050,40,063,"Oklahoma","Hughes County",1,11,162,83,79
050,40,063,"Oklahoma","Hughes County",1,12,151,75,76
050,40,063,"Oklahoma","Hughes County",1,13,167,90,77
050,40,063,"Oklahoma","Hughes County",1,14,164,89,75
050,40,063,"Oklahoma","Hughes County",1,15,163,88,75
050,40,063,"Oklahoma","Hughes County",1,16,163,87,76
050,40,063,"Oklahoma","Hughes County",1,17,162,87,75
050,40,063,"Oklahoma","Hughes County",1,18,149,86,63
050,40,063,"Oklahoma","Hughes County",1,19,137,73,64
050,40,063,"Oklahoma","Hughes County",1,20,142,85,57
050,40,063,"Oklahoma","Hughes County",1,21,162,105,57
050,40,063,"Oklahoma","Hughes County",1,22,170,102,68
050,40,063,"Oklahoma","Hughes County",1,23,194,120,74
050,40,063,"Oklahoma","Hughes County",1,24,180,123,57
050,40,063,"Oklahoma","Hughes County",1,25,196,120,76
050,40,063,"Oklahoma","Hughes County",1,26,201,131,70
050,40,063,"Oklahoma","Hughes County",1,27,191,122,69
050,40,063,"Oklahoma","Hughes County",1,28,217,141,76
050,40,063,"Oklahoma","Hughes County",1,29,213,124,89
050,40,063,"Oklahoma","Hughes County",1,30,196,115,81
050,40,063,"Oklahoma","Hughes County",1,31,188,129,59
050,40,063,"Oklahoma","Hughes County",1,32,179,121,58
050,40,063,"Oklahoma","Hughes County",1,33,191,130,61
050,40,063,"Oklahoma","Hughes County",1,34,171,110,61
050,40,063,"Oklahoma","Hughes County",1,35,176,123,53
050,40,063,"Oklahoma","Hughes County",1,36,175,113,62
050,40,063,"Oklahoma","Hughes County",1,37,196,127,69
050,40,063,"Oklahoma","Hughes County",1,38,172,106,66
050,40,063,"Oklahoma","Hughes County",1,39,162,99,63
050,40,063,"Oklahoma","Hughes County",1,40,178,108,70
050,40,063,"Oklahoma","Hughes County",1,41,153,90,63
050,40,063,"Oklahoma","Hughes County",1,42,144,81,63
050,40,063,"Oklahoma","Hughes County",1,43,142,85,57
050,40,063,"Oklahoma","Hughes County",1,44,163,103,60
050,40,063,"Oklahoma","Hughes County",1,45,163,94,69
050,40,063,"Oklahoma","Hughes County",1,46,155,83,72
050,40,063,"Oklahoma","Hughes County",1,47,163,91,72
050,40,063,"Oklahoma","Hughes County",1,48,155,92,63
050,40,063,"Oklahoma","Hughes County",1,49,176,99,77
050,40,063,"Oklahoma","Hughes County",1,50,165,100,65
050,40,063,"Oklahoma","Hughes County",1,51,164,102,62
050,40,063,"Oklahoma","Hughes County",1,52,155,79,76
050,40,063,"Oklahoma","Hughes County",1,53,150,89,61
050,40,063,"Oklahoma","Hughes County",1,54,158,85,73
050,40,063,"Oklahoma","Hughes County",1,55,180,94,86
050,40,063,"Oklahoma","Hughes County",1,56,174,81,93
050,40,063,"Oklahoma","Hughes County",1,57,192,99,93
050,40,063,"Oklahoma","Hughes County",1,58,169,92,77
050,40,063,"Oklahoma","Hughes County",1,59,156,72,84
050,40,063,"Oklahoma","Hughes County",1,60,164,88,76
050,40,063,"Oklahoma","Hughes County",1,61,162,86,76
050,40,063,"Oklahoma","Hughes County",1,62,161,80,81
050,40,063,"Oklahoma","Hughes County",1,63,140,60,80
050,40,063,"Oklahoma","Hughes County",1,64,161,79,82
050,40,063,"Oklahoma","Hughes County",1,65,162,81,81
050,40,063,"Oklahoma","Hughes County",1,66,162,82,80
050,40,063,"Oklahoma","Hughes County",1,67,139,67,72
050,40,063,"Oklahoma","Hughes County",1,68,150,67,83
050,40,063,"Oklahoma","Hughes County",1,69,135,68,67
050,40,063,"Oklahoma","Hughes County",1,70,139,63,76
050,40,063,"Oklahoma","Hughes County",1,71,129,67,62
050,40,063,"Oklahoma","Hughes County",1,72,136,73,63
050,40,063,"Oklahoma","Hughes County",1,73,144,62,82
050,40,063,"Oklahoma","Hughes County",1,74,90,39,51
050,40,063,"Oklahoma","Hughes County",1,75,109,46,63
050,40,063,"Oklahoma","Hughes County",1,76,107,46,61
050,40,063,"Oklahoma","Hughes County",1,77,97,42,55
050,40,063,"Oklahoma","Hughes County",1,78,74,36,38
050,40,063,"Oklahoma","Hughes County",1,79,82,34,48
050,40,063,"Oklahoma","Hughes County",1,80,77,28,49
050,40,063,"Oklahoma","Hughes County",1,81,66,24,42
050,40,063,"Oklahoma","Hughes County",1,82,60,28,32
050,40,063,"Oklahoma","Hughes County",1,83,53,21,32
050,40,063,"Oklahoma","Hughes County",1,84,40,16,24
050,40,063,"Oklahoma","Hughes County",1,85,314,118,196
050,40,063,"Oklahoma","Hughes County",2,0,153,76,77
050,40,063,"Oklahoma","Hughes County",2,1,141,73,68
050,40,063,"Oklahoma","Hughes County",2,2,150,81,69
050,40,063,"Oklahoma","Hughes County",2,3,169,94,75
050,40,063,"Oklahoma","Hughes County",2,4,173,97,76
050,40,063,"Oklahoma","Hughes County",2,5,166,91,75
050,40,063,"Oklahoma","Hughes County",2,6,154,78,76
050,40,063,"Oklahoma","Hughes County",2,7,156,79,77
050,40,063,"Oklahoma","Hughes County",2,8,170,90,80
050,40,063,"Oklahoma","Hughes County",2,9,176,87,89
050,40,063,"Oklahoma","Hughes County",2,10,168,83,85
050,40,063,"Oklahoma","Hughes County",2,11,160,80,80
050,40,063,"Oklahoma","Hughes County",2,12,152,75,77
050,40,063,"Oklahoma","Hughes County",2,13,162,85,77
050,40,063,"Oklahoma","Hughes County",2,14,166,90,76
050,40,063,"Oklahoma","Hughes County",2,15,164,89,75
050,40,063,"Oklahoma","Hughes County",2,16,161,86,75
050,40,063,"Oklahoma","Hughes County",2,17,160,87,73
050,40,063,"Oklahoma","Hughes County",2,18,145,83,62
050,40,063,"Oklahoma","Hughes County",2,19,135,76,59
050,40,063,"Oklahoma","Hughes County",2,20,144,85,59
050,40,063,"Oklahoma","Hughes County",2,21,162,105,57
050,40,063,"Oklahoma","Hughes County",2,22,170,101,69
050,40,063,"Oklahoma","Hughes County",2,23,193,120,73
050,40,063,"Oklahoma","Hughes County",2,24,183,122,61
050,40,063,"Oklahoma","Hughes County",2,25,191,120,71
050,40,063,"Oklahoma","Hughes County",2,26,201,130,71
050,40,063,"Oklahoma","Hughes County",2,27,193,123,70
050,40,063,"Oklahoma","Hughes County",2,28,213,139,74
050,40,063,"Oklahoma","Hughes County",2,29,217,128,89
050,40,063,"Oklahoma","Hughes County",2,30,201,118,83
050,40,063,"Oklahoma","Hughes County",2,31,193,129,64
050,40,063,"Oklahoma","Hughes County",2,32,181,122,59
050,40,063,"Oklahoma","Hughes County",2,33,187,127,60
050,40,063,"Oklahoma","Hughes County",2,34,170,111,59
050,40,063,"Oklahoma","Hughes County",2,35,178,123,55
050,40,063,"Oklahoma","Hughes County",2,36,169,109,60
050,40,063,"Oklahoma","Hughes County",2,37,192,125,67
050,40,063,"Oklahoma","Hughes County",2,38,177,111,66
050,40,063,"Oklahoma","Hughes County",2,39,164,100,64
050,40,063,"Oklahoma","Hughes County",2,40,173,104,69
050,40,063,"Oklahoma","Hughes County",2,41,158,93,65
050,40,063,"Oklahoma","Hughes County",2,42,141,79,62
050,40,063,"Oklahoma","Hughes County",2,43,146,86,60
050,40,063,"Oklahoma","Hughes County",2,44,159,101,58
050,40,063,"Oklahoma","Hughes County",2,45,163,96,67
050,40,063,"Oklahoma","Hughes County",2,46,154,84,70
050,40,063,"Oklahoma","Hughes County",2,47,160,88,72
050,40,063,"Oklahoma","Hughes County",2,48,159,93,66
050,40,063,"Oklahoma","Hughes County",2,49,174,99,75
050,40,063,"Oklahoma","Hughes County",2,50,166,98,68
050,40,063,"Oklahoma","Hughes County",2,51,163,101,62
050,40,063,"Oklahoma","Hughes County",2,52,154,83,71
050,40,063,"Oklahoma","Hughes County",2,53,153,88,65
050,40,063,"Oklahoma","Hughes County",2,54,155,85,70
050,40,063,"Oklahoma","Hughes County",2,55,176,93,83
050,40,063,"Oklahoma","Hughes County",2,56,174,82,92
050,40,063,"Oklahoma","Hughes County",2,57,190,97,93
050,40,063,"Oklahoma","Hughes County",2,58,170,91,79
050,40,063,"Oklahoma","Hughes County",2,59,157,75,82
050,40,063,"Oklahoma","Hughes County",2,60,163,87,76
050,40,063,"Oklahoma","Hughes County",2,61,160,85,75
050,40,063,"Oklahoma","Hughes County",2,62,156,79,77
050,40,063,"Oklahoma","Hughes County",2,63,144,63,81
050,40,063,"Oklahoma","Hughes County",2,64,152,74,78
050,40,063,"Oklahoma","Hughes County",2,65,159,78,81
050,40,063,"Oklahoma","Hughes County",2,66,159,79,80
050,40,063,"Oklahoma","Hughes County",2,67,142,69,73
050,40,063,"Oklahoma","Hughes County",2,68,148,67,81
050,40,063,"Oklahoma","Hughes County",2,69,139,68,71
050,40,063,"Oklahoma","Hughes County",2,70,134,62,72
050,40,063,"Oklahoma","Hughes County",2,71,133,66,67
050,40,063,"Oklahoma","Hughes County",2,72,132,70,62
050,40,063,"Oklahoma","Hughes County",2,73,148,67,81
050,40,063,"Oklahoma","Hughes County",2,74,95,41,54
050,40,063,"Oklahoma","Hughes County",2,75,104,44,60
050,40,063,"Oklahoma","Hughes County",2,76,103,45,58
050,40,063,"Oklahoma","Hughes County",2,77,104,45,59
050,40,063,"Oklahoma","Hughes County",2,78,78,36,42
050,40,063,"Oklahoma","Hughes County",2,79,79,34,45
050,40,063,"Oklahoma","Hughes County",2,80,79,31,48
050,40,063,"Oklahoma","Hughes County",2,81,65,23,42
050,40,063,"Oklahoma","Hughes County",2,82,60,26,34
050,40,063,"Oklahoma","Hughes County",2,83,52,20,32
050,40,063,"Oklahoma","Hughes County",2,84,41,17,24
050,40,063,"Oklahoma","Hughes County",2,85,312,118,194
050,40,063,"Oklahoma","Hughes County",3,0,151,79,72
050,40,063,"Oklahoma","Hughes County",3,1,160,77,83
050,40,063,"Oklahoma","Hughes County",3,2,149,79,70
050,40,063,"Oklahoma","Hughes County",3,3,150,80,70
050,40,063,"Oklahoma","Hughes County",3,4,159,83,76
050,40,063,"Oklahoma","Hughes County",3,5,170,101,69
050,40,063,"Oklahoma","Hughes County",3,6,166,92,74
050,40,063,"Oklahoma","Hughes County",3,7,165,84,81
050,40,063,"Oklahoma","Hughes County",3,8,144,76,68
050,40,063,"Oklahoma","Hughes County",3,9,170,87,83
050,40,063,"Oklahoma","Hughes County",3,10,166,79,87
050,40,063,"Oklahoma","Hughes County",3,11,169,84,85
050,40,063,"Oklahoma","Hughes County",3,12,150,76,74
050,40,063,"Oklahoma","Hughes County",3,13,151,72,79
050,40,063,"Oklahoma","Hughes County",3,14,165,87,78
050,40,063,"Oklahoma","Hughes County",3,15,163,91,72
050,40,063,"Oklahoma","Hughes County",3,16,167,87,80
050,40,063,"Oklahoma","Hughes County",3,17,168,90,78
050,40,063,"Oklahoma","Hughes County",3,18,148,81,67
050,40,063,"Oklahoma","Hughes County",3,19,135,84,51
050,40,063,"Oklahoma","Hughes County",3,20,146,89,57
050,40,063,"Oklahoma","Hughes County",3,21,167,108,59
050,40,063,"Oklahoma","Hughes County",3,22,156,97,59
050,40,063,"Oklahoma","Hughes County",3,23,197,119,78
050,40,063,"Oklahoma","Hughes County",3,24,199,124,75
050,40,063,"Oklahoma","Hughes County",3,25,192,129,63
050,40,063,"Oklahoma","Hughes County",3,26,201,132,69
050,40,063,"Oklahoma","Hughes County",3,27,210,138,72
050,40,063,"Oklahoma","Hughes County",3,28,196,129,67
050,40,063,"Oklahoma","Hughes County",3,29,212,138,74
050,40,063,"Oklahoma","Hughes County",3,30,214,129,85
050,40,063,"Oklahoma","Hughes County",3,31,214,137,77
050,40,063,"Oklahoma","Hughes County",3,32,193,131,62
050,40,063,"Oklahoma","Hughes County",3,33,182,121,61
050,40,063,"Oklahoma","Hughes County",3,34,183,127,56
050,40,063,"Oklahoma","Hughes County",3,35,192,132,60
050,40,063,"Oklahoma","Hughes County",3,36,158,101,57
050,40,063,"Oklahoma","Hughes County",3,37,178,122,56
050,40,063,"Oklahoma","Hughes County",3,38,197,130,67
050,40,063,"Oklahoma","Hughes County",3,39,176,113,63
050,40,063,"Oklahoma","Hughes County",3,40,158,94,64
050,40,063,"Oklahoma","Hughes County",3,41,183,113,70
050,40,063,"Oklahoma","Hughes County",3,42,145,74,71
050,40,063,"Oklahoma","Hughes County",3,43,139,80,59
050,40,063,"Oklahoma","Hughes County",3,44,170,109,61
050,40,063,"Oklahoma","Hughes County",3,45,156,101,55
050,40,063,"Oklahoma","Hughes County",3,46,159,92,67
050,40,063,"Oklahoma","Hughes County",3,47,153,88,65
050,40,063,"Oklahoma","Hughes County",3,48,174,97,77
050,40,063,"Oklahoma","Hughes County",3,49,153,87,66
050,40,063,"Oklahoma","Hughes County",3,50,176,106,70
050,40,063,"Oklahoma","Hughes County",3,51,163,97,66
050,40,063,"Oklahoma","Hughes County",3,52,155,94,61
050,40,063,"Oklahoma","Hughes County",3,53,160,86,74
050,40,063,"Oklahoma","Hughes County",3,54,147,80,67
050,40,063,"Oklahoma","Hughes County",3,55,151,84,67
050,40,063,"Oklahoma","Hughes County",3,56,166,83,83
050,40,063,"Oklahoma","Hughes County",3,57,174,84,90
050,40,063,"Oklahoma","Hughes County",3,58,190,94,96
050,40,063,"Oklahoma","Hughes County",3,59,161,83,78
050,40,063,"Oklahoma","Hughes County",3,60,168,89,79
050,40,063,"Oklahoma","Hughes County",3,61,154,78,76
050,40,063,"Oklahoma","Hughes County",3,62,153,79,74
050,40,063,"Oklahoma","Hughes County",3,63,158,78,80
050,40,063,"Oklahoma","Hughes County",3,64,144,66,78
050,40,063,"Oklahoma","Hughes County",3,65,151,74,77
050,40,063,"Oklahoma","Hughes County",3,66,150,74,76
050,40,063,"Oklahoma","Hughes County",3,67,155,72,83
050,40,063,"Oklahoma","Hughes County",3,68,141,67,74
050,40,063,"Oklahoma","Hughes County",3,69,135,60,75
050,40,063,"Oklahoma","Hughes County",3,70,131,67,64
050,40,063,"Oklahoma","Hughes County",3,71,127,60,67
050,40,063,"Oklahoma","Hughes County",3,72,123,62,61
050,40,063,"Oklahoma","Hughes County",3,73,128,68,60
050,40,063,"Oklahoma","Hughes County",3,74,141,68,73
050,40,063,"Oklahoma","Hughes County",3,75,92,35,57
050,40,063,"Oklahoma","Hughes County",3,76,98,44,54
050,40,063,"Oklahoma","Hughes County",3,77,101,46,55
050,40,063,"Oklahoma","Hughes County",3,78,97,41,56
050,40,063,"Oklahoma","Hughes County",3,79,76,34,42
050,40,063,"Oklahoma","Hughes County",3,80,75,30,45
050,40,063,"Oklahoma","Hughes County",3,81,76,30,46
050,40,063,"Oklahoma","Hughes County",3,82,61,22,39
050,40,063,"Oklahoma","Hughes County",3,83,60,25,35
050,40,063,"Oklahoma","Hughes County",3,84,37,15,22
050,40,063,"Oklahoma","Hughes County",3,85,307,116,191
050,40,063,"Oklahoma","Hughes County",4,0,159,80,79
050,40,063,"Oklahoma","Hughes County",4,1,163,82,81
050,40,063,"Oklahoma","Hughes County",4,2,169,86,83
050,40,063,"Oklahoma","Hughes County",4,3,152,81,71
050,40,063,"Oklahoma","Hughes County",4,4,159,85,74
050,40,063,"Oklahoma","Hughes County",4,5,164,88,76
050,40,063,"Oklahoma","Hughes County",4,6,171,104,67
050,40,063,"Oklahoma","Hughes County",4,7,153,92,61
050,40,063,"Oklahoma","Hughes County",4,8,153,82,71
050,40,063,"Oklahoma","Hughes County",4,9,150,77,73
050,40,063,"Oklahoma","Hughes County",4,10,178,95,83
050,40,063,"Oklahoma","Hughes County",4,11,174,84,90
050,40,063,"Oklahoma","Hughes County",4,12,170,86,84
050,40,063,"Oklahoma","Hughes County",4,13,151,76,75
050,40,063,"Oklahoma","Hughes County",4,14,152,73,79
050,40,063,"Oklahoma","Hughes County",4,15,178,93,85
050,40,063,"Oklahoma","Hughes County",4,16,170,93,77
050,40,063,"Oklahoma","Hughes County",4,17,165,90,75
050,40,063,"Oklahoma","Hughes County",4,18,154,81,73
050,40,063,"Oklahoma","Hughes County",4,19,141,80,61
050,40,063,"Oklahoma","Hughes County",4,20,151,94,57
050,40,063,"Oklahoma","Hughes County",4,21,164,111,53
050,40,063,"Oklahoma","Hughes County",4,22,157,95,62
050,40,063,"Oklahoma","Hughes County",4,23,171,114,57
050,40,063,"Oklahoma","Hughes County",4,24,197,118,79
050,40,063,"Oklahoma","Hughes County",4,25,199,126,73
050,40,063,"Oklahoma","Hughes County",4,26,203,137,66
050,40,063,"Oklahoma","Hughes County",4,27,201,128,73
050,40,063,"Oklahoma","Hughes County",4,28,210,140,70
050,40,063,"Oklahoma","Hughes County",4,29,198,126,72
050,40,063,"Oklahoma","Hughes County",4,30,220,144,76
050,40,063,"Oklahoma","Hughes County",4,31,221,141,80
050,40,063,"Oklahoma","Hughes County",4,32,202,128,74
050,40,063,"Oklahoma","Hughes County",4,33,184,120,64
050,40,063,"Oklahoma","Hughes County",4,34,165,110,55
050,40,063,"Oklahoma","Hughes County",4,35,202,146,56
050,40,063,"Oklahoma","Hughes County",4,36,165,109,56
050,40,063,"Oklahoma","Hughes County",4,37,168,108,60
050,40,063,"Oklahoma","Hughes County",4,38,184,121,63
050,40,063,"Oklahoma","Hughes County",4,39,190,123,67
050,40,063,"Oklahoma","Hughes County",4,40,168,102,66
050,40,063,"Oklahoma","Hughes County",4,41,162,98,64
050,40,063,"Oklahoma","Hughes County",4,42,172,97,75
050,40,063,"Oklahoma","Hughes County",4,43,140,70,70
050,40,063,"Oklahoma","Hughes County",4,44,149,91,58
050,40,063,"Oklahoma","Hughes County",4,45,171,113,58
050,40,063,"Oklahoma","Hughes County",4,46,154,102,52
050,40,063,"Oklahoma","Hughes County",4,47,155,88,67
050,40,063,"Oklahoma","Hughes County",4,48,158,90,68
050,40,063,"Oklahoma","Hughes County",4,49,171,98,73
050,40,063,"Oklahoma","Hughes County",4,50,153,86,67
050,40,063,"Oklahoma","Hughes County",4,51,173,102,71
050,40,063,"Oklahoma","Hughes County",4,52,146,82,64
050,40,063,"Oklahoma","Hughes County",4,53,156,97,59
050,40,063,"Oklahoma","Hughes County",4,54,150,79,71
050,40,063,"Oklahoma","Hughes County",4,55,152,86,66
050,40,063,"Oklahoma","Hughes County",4,56,135,69,66
050,40,063,"Oklahoma","Hughes County",4,57,173,86,87
050,40,063,"Oklahoma","Hughes County",4,58,182,82,100
050,40,063,"Oklahoma","Hughes County",4,59,175,78,97
050,40,063,"Oklahoma","Hughes County",4,60,174,95,79
050,40,063,"Oklahoma","Hughes County",4,61,161,81,80
050,40,063,"Oklahoma","Hughes County",4,62,153,78,75
050,40,063,"Oklahoma","Hughes County",4,63,153,74,79
050,40,063,"Oklahoma","Hughes County",4,64,148,76,72
050,40,063,"Oklahoma","Hughes County",4,65,143,65,78
050,40,063,"Oklahoma","Hughes County",4,66,141,70,71
050,40,063,"Oklahoma","Hughes County",4,67,143,68,75
050,40,063,"Oklahoma","Hughes County",4,68,161,75,86
050,40,063,"Oklahoma","Hughes County",4,69,126,62,64
050,40,063,"Oklahoma","Hughes County",4,70,126,52,74
050,40,063,"Oklahoma","Hughes County",4,71,133,66,67
050,40,063,"Oklahoma","Hughes County",4,72,127,59,68
050,40,063,"Oklahoma","Hughes County",4,73,126,60,66
050,40,063,"Oklahoma","Hughes County",4,74,120,65,55
050,40,063,"Oklahoma","Hughes County",4,75,136,62,74
050,40,063,"Oklahoma","Hughes County",4,76,85,36,49
050,40,063,"Oklahoma","Hughes County",4,77,95,43,52
050,40,063,"Oklahoma","Hughes County",4,78,94,41,53
050,40,063,"Oklahoma","Hughes County",4,79,92,38,54
050,40,063,"Oklahoma","Hughes County",4,80,76,31,45
050,40,063,"Oklahoma","Hughes County",4,81,64,24,40
050,40,063,"Oklahoma","Hughes County",4,82,73,26,47
050,40,063,"Oklahoma","Hughes County",4,83,56,19,37
050,40,063,"Oklahoma","Hughes County",4,84,51,23,28
050,40,063,"Oklahoma","Hughes County",4,85,304,113,191
050,40,063,"Oklahoma","Hughes County",5,0,157,79,78
050,40,063,"Oklahoma","Hughes County",5,1,167,92,75
050,40,063,"Oklahoma","Hughes County",5,2,167,82,85
050,40,063,"Oklahoma","Hughes County",5,3,185,95,90
050,40,063,"Oklahoma","Hughes County",5,4,154,80,74
050,40,063,"Oklahoma","Hughes County",5,5,157,87,70
050,40,063,"Oklahoma","Hughes County",5,6,164,85,79
050,40,063,"Oklahoma","Hughes County",5,7,175,102,73
050,40,063,"Oklahoma","Hughes County",5,8,140,83,57
050,40,063,"Oklahoma","Hughes County",5,9,159,86,73
050,40,063,"Oklahoma","Hughes County",5,10,145,76,69
050,40,063,"Oklahoma","Hughes County",5,11,178,93,85
050,40,063,"Oklahoma","Hughes County",5,12,175,82,93
050,40,063,"Oklahoma","Hughes County",5,13,168,88,80
050,40,063,"Oklahoma","Hughes County",5,14,156,81,75
050,40,063,"Oklahoma","Hughes County",5,15,145,71,74
050,40,063,"Oklahoma","Hughes County",5,16,169,90,79
050,40,063,"Oklahoma","Hughes County",5,17,170,95,75
050,40,063,"Oklahoma","Hughes County",5,18,145,80,65
050,40,063,"Oklahoma","Hughes County",5,19,138,78,60
050,40,063,"Oklahoma","Hughes County",5,20,152,97,55
050,40,063,"Oklahoma","Hughes County",5,21,157,108,49
050,40,063,"Oklahoma","Hughes County",5,22,168,105,63
050,40,063,"Oklahoma","Hughes County",5,23,169,108,61
050,40,063,"Oklahoma","Hughes County",5,24,186,121,65
050,40,063,"Oklahoma","Hughes County",5,25,203,127,76
050,40,063,"Oklahoma","Hughes County",5,26,217,141,76
050,40,063,"Oklahoma","Hughes County",5,27,194,135,59
050,40,063,"Oklahoma","Hughes County",5,28,205,135,70
050,40,063,"Oklahoma","Hughes County",5,29,211,143,68
050,40,063,"Oklahoma","Hughes County",5,30,202,132,70
050,40,063,"Oklahoma","Hughes County",5,31,225,153,72
050,40,063,"Oklahoma","Hughes County",5,32,212,135,77
050,40,063,"Oklahoma","Hughes County",5,33,195,121,74
050,40,063,"Oklahoma","Hughes County",5,34,168,105,63
050,40,063,"Oklahoma","Hughes County",5,35,184,127,57
050,40,063,"Oklahoma","Hughes County",5,36,175,113,62
050,40,063,"Oklahoma","Hughes County",5,37,176,117,59
050,40,063,"Oklahoma","Hughes County",5,38,170,105,65
050,40,063,"Oklahoma","Hughes County",5,39,178,117,61
050,40,063,"Oklahoma","Hughes County",5,40,192,121,71
050,40,063,"Oklahoma","Hughes County",5,41,176,110,66
050,40,063,"Oklahoma","Hughes County",5,42,145,82,63
050,40,063,"Oklahoma","Hughes County",5,43,171,100,71
050,40,063,"Oklahoma","Hughes County",5,44,163,91,72
050,40,063,"Oklahoma","Hughes County",5,45,149,95,54
050,40,063,"Oklahoma","Hughes County",5,46,161,105,56
050,40,063,"Oklahoma","Hughes County",5,47,153,104,49
050,40,063,"Oklahoma","Hughes County",5,48,160,95,65
050,40,063,"Oklahoma","Hughes County",5,49,162,91,71
050,40,063,"Oklahoma","Hughes County",5,50,172,97,75
050,40,063,"Oklahoma","Hughes County",5,51,147,86,61
050,40,063,"Oklahoma","Hughes County",5,52,161,89,72
050,40,063,"Oklahoma","Hughes County",5,53,157,90,67
050,40,063,"Oklahoma","Hughes County",5,54,150,92,58
050,40,063,"Oklahoma","Hughes County",5,55,151,82,69
050,40,063,"Oklahoma","Hughes County",5,56,138,78,60
050,40,063,"Oklahoma","Hughes County",5,57,142,71,71
050,40,063,"Oklahoma","Hughes County",5,58,168,80,88
050,40,063,"Oklahoma","Hughes County",5,59,173,75,98
050,40,063,"Oklahoma","Hughes County",5,60,195,96,99
050,40,063,"Oklahoma","Hughes County",5,61,157,82,75
050,40,063,"Oklahoma","Hughes County",5,62,149,74,75
050,40,063,"Oklahoma","Hughes County",5,63,152,75,77
050,40,063,"Oklahoma","Hughes County",5,64,153,77,76
050,40,063,"Oklahoma","Hughes County",5,65,146,75,71
050,40,063,"Oklahoma","Hughes County",5,66,141,67,74
050,40,063,"Oklahoma","Hughes County",5,67,127,59,68
050,40,063,"Oklahoma","Hughes County",5,68,143,67,76
050,40,063,"Oklahoma","Hughes County",5,69,151,74,77
050,40,063,"Oklahoma","Hughes County",5,70,116,56,60
050,40,063,"Oklahoma","Hughes County",5,71,126,50,76
050,40,063,"Oklahoma","Hughes County",5,72,128,62,66
050,40,063,"Oklahoma","Hughes County",5,73,133,58,75
050,40,063,"Oklahoma","Hughes County",5,74,117,58,59
050,40,063,"Oklahoma","Hughes County",5,75,114,59,55
050,40,063,"Oklahoma","Hughes County",5,76,132,63,69
050,40,063,"Oklahoma","Hughes County",5,77,82,34,48
050,40,063,"Oklahoma","Hughes County",5,78,89,37,52
050,40,063,"Oklahoma","Hughes County",5,79,90,39,51
050,40,063,"Oklahoma","Hughes County",5,80,92,35,57
050,40,063,"Oklahoma","Hughes County",5,81,65,25,40
050,40,063,"Oklahoma","Hughes County",5,82,56,19,37
050,40,063,"Oklahoma","Hughes County",5,83,63,21,42
050,40,063,"Oklahoma","Hughes County",5,84,47,17,30
050,40,063,"Oklahoma","Hughes County",5,85,320,123,197
050,40,065,"Oklahoma","Jackson County",1,0,361,185,176
050,40,065,"Oklahoma","Jackson County",1,1,355,174,181
050,40,065,"Oklahoma","Jackson County",1,2,351,162,189
050,40,065,"Oklahoma","Jackson County",1,3,354,177,177
050,40,065,"Oklahoma","Jackson County",1,4,392,195,197
050,40,065,"Oklahoma","Jackson County",1,5,343,183,160
050,40,065,"Oklahoma","Jackson County",1,6,362,181,181
050,40,065,"Oklahoma","Jackson County",1,7,371,193,178
050,40,065,"Oklahoma","Jackson County",1,8,372,187,185
050,40,065,"Oklahoma","Jackson County",1,9,351,167,184
050,40,065,"Oklahoma","Jackson County",1,10,338,172,166
050,40,065,"Oklahoma","Jackson County",1,11,345,168,177
050,40,065,"Oklahoma","Jackson County",1,12,349,169,180
050,40,065,"Oklahoma","Jackson County",1,13,328,164,164
050,40,065,"Oklahoma","Jackson County",1,14,309,152,157
050,40,065,"Oklahoma","Jackson County",1,15,303,148,155
050,40,065,"Oklahoma","Jackson County",1,16,327,171,156
050,40,065,"Oklahoma","Jackson County",1,17,330,176,154
050,40,065,"Oklahoma","Jackson County",1,18,294,151,143
050,40,065,"Oklahoma","Jackson County",1,19,310,167,143
050,40,065,"Oklahoma","Jackson County",1,20,415,265,150
050,40,065,"Oklahoma","Jackson County",1,21,388,226,162
050,40,065,"Oklahoma","Jackson County",1,22,395,214,181
050,40,065,"Oklahoma","Jackson County",1,23,373,213,160
050,40,065,"Oklahoma","Jackson County",1,24,369,191,178
050,40,065,"Oklahoma","Jackson County",1,25,391,214,177
050,40,065,"Oklahoma","Jackson County",1,26,361,189,172
050,40,065,"Oklahoma","Jackson County",1,27,364,200,164
050,40,065,"Oklahoma","Jackson County",1,28,343,184,159
050,40,065,"Oklahoma","Jackson County",1,29,353,182,171
050,40,065,"Oklahoma","Jackson County",1,30,353,170,183
050,40,065,"Oklahoma","Jackson County",1,31,373,200,173
050,40,065,"Oklahoma","Jackson County",1,32,376,196,180
050,40,065,"Oklahoma","Jackson County",1,33,394,218,176
050,40,065,"Oklahoma","Jackson County",1,34,383,190,193
050,40,065,"Oklahoma","Jackson County",1,35,347,182,165
050,40,065,"Oklahoma","Jackson County",1,36,306,163,143
050,40,065,"Oklahoma","Jackson County",1,37,319,174,145
050,40,065,"Oklahoma","Jackson County",1,38,323,179,144
050,40,065,"Oklahoma","Jackson County",1,39,311,153,158
050,40,065,"Oklahoma","Jackson County",1,40,297,134,163
050,40,065,"Oklahoma","Jackson County",1,41,269,131,138
050,40,065,"Oklahoma","Jackson County",1,42,259,140,119
050,40,065,"Oklahoma","Jackson County",1,43,257,132,125
050,40,065,"Oklahoma","Jackson County",1,44,244,123,121
050,40,065,"Oklahoma","Jackson County",1,45,268,140,128
050,40,065,"Oklahoma","Jackson County",1,46,271,146,125
050,40,065,"Oklahoma","Jackson County",1,47,266,128,138
050,40,065,"Oklahoma","Jackson County",1,48,253,111,142
050,40,065,"Oklahoma","Jackson County",1,49,266,132,134
050,40,065,"Oklahoma","Jackson County",1,50,249,116,133
050,40,065,"Oklahoma","Jackson County",1,51,249,122,127
050,40,065,"Oklahoma","Jackson County",1,52,272,133,139
050,40,065,"Oklahoma","Jackson County",1,53,260,135,125
050,40,065,"Oklahoma","Jackson County",1,54,279,139,140
050,40,065,"Oklahoma","Jackson County",1,55,296,135,161
050,40,065,"Oklahoma","Jackson County",1,56,302,145,157
050,40,065,"Oklahoma","Jackson County",1,57,280,129,151
050,40,065,"Oklahoma","Jackson County",1,58,292,149,143
050,40,065,"Oklahoma","Jackson County",1,59,302,150,152
050,40,065,"Oklahoma","Jackson County",1,60,335,157,178
050,40,065,"Oklahoma","Jackson County",1,61,317,154,163
050,40,065,"Oklahoma","Jackson County",1,62,297,167,130
050,40,065,"Oklahoma","Jackson County",1,63,259,139,120
050,40,065,"Oklahoma","Jackson County",1,64,270,141,129
050,40,065,"Oklahoma","Jackson County",1,65,281,136,145
050,40,065,"Oklahoma","Jackson County",1,66,241,112,129
050,40,065,"Oklahoma","Jackson County",1,67,234,114,120
050,40,065,"Oklahoma","Jackson County",1,68,221,93,128
050,40,065,"Oklahoma","Jackson County",1,69,220,105,115
050,40,065,"Oklahoma","Jackson County",1,70,207,99,108
050,40,065,"Oklahoma","Jackson County",1,71,196,100,96
050,40,065,"Oklahoma","Jackson County",1,72,223,104,119
050,40,065,"Oklahoma","Jackson County",1,73,189,99,90
050,40,065,"Oklahoma","Jackson County",1,74,150,69,81
050,40,065,"Oklahoma","Jackson County",1,75,143,64,79
050,40,065,"Oklahoma","Jackson County",1,76,139,63,76
050,40,065,"Oklahoma","Jackson County",1,77,133,66,67
050,40,065,"Oklahoma","Jackson County",1,78,136,67,69
050,40,065,"Oklahoma","Jackson County",1,79,126,45,81
050,40,065,"Oklahoma","Jackson County",1,80,119,40,79
050,40,065,"Oklahoma","Jackson County",1,81,99,41,58
050,40,065,"Oklahoma","Jackson County",1,82,113,45,68
050,40,065,"Oklahoma","Jackson County",1,83,86,41,45
050,40,065,"Oklahoma","Jackson County",1,84,79,34,45
050,40,065,"Oklahoma","Jackson County",1,85,468,157,311
050,40,065,"Oklahoma","Jackson County",2,0,343,172,171
050,40,065,"Oklahoma","Jackson County",2,1,353,174,179
050,40,065,"Oklahoma","Jackson County",2,2,350,163,187
050,40,065,"Oklahoma","Jackson County",2,3,354,172,182
050,40,065,"Oklahoma","Jackson County",2,4,381,191,190
050,40,065,"Oklahoma","Jackson County",2,5,358,188,170
050,40,065,"Oklahoma","Jackson County",2,6,356,182,174
050,40,065,"Oklahoma","Jackson County",2,7,363,188,175
050,40,065,"Oklahoma","Jackson County",2,8,371,187,184
050,40,065,"Oklahoma","Jackson County",2,9,359,174,185
050,40,065,"Oklahoma","Jackson County",2,10,340,169,171
050,40,065,"Oklahoma","Jackson County",2,11,340,168,172
050,40,065,"Oklahoma","Jackson County",2,12,349,170,179
050,40,065,"Oklahoma","Jackson County",2,13,333,166,167
050,40,065,"Oklahoma","Jackson County",2,14,312,155,157
050,40,065,"Oklahoma","Jackson County",2,15,306,151,155
050,40,065,"Oklahoma","Jackson County",2,16,322,167,155
050,40,065,"Oklahoma","Jackson County",2,17,327,172,155
050,40,065,"Oklahoma","Jackson County",2,18,297,155,142
050,40,065,"Oklahoma","Jackson County",2,19,311,168,143
050,40,065,"Oklahoma","Jackson County",2,20,413,265,148
050,40,065,"Oklahoma","Jackson County",2,21,382,222,160
050,40,065,"Oklahoma","Jackson County",2,22,397,218,179
050,40,065,"Oklahoma","Jackson County",2,23,383,216,167
050,40,065,"Oklahoma","Jackson County",2,24,365,191,174
050,40,065,"Oklahoma","Jackson County",2,25,388,212,176
050,40,065,"Oklahoma","Jackson County",2,26,364,192,172
050,40,065,"Oklahoma","Jackson County",2,27,362,198,164
050,40,065,"Oklahoma","Jackson County",2,28,345,185,160
050,40,065,"Oklahoma","Jackson County",2,29,350,180,170
050,40,065,"Oklahoma","Jackson County",2,30,355,173,182
050,40,065,"Oklahoma","Jackson County",2,31,368,192,176
050,40,065,"Oklahoma","Jackson County",2,32,374,198,176
050,40,065,"Oklahoma","Jackson County",2,33,385,209,176
050,40,065,"Oklahoma","Jackson County",2,34,380,196,184
050,40,065,"Oklahoma","Jackson County",2,35,354,182,172
050,40,065,"Oklahoma","Jackson County",2,36,316,167,149
050,40,065,"Oklahoma","Jackson County",2,37,317,173,144
050,40,065,"Oklahoma","Jackson County",2,38,319,175,144
050,40,065,"Oklahoma","Jackson County",2,39,309,156,153
050,40,065,"Oklahoma","Jackson County",2,40,299,139,160
050,40,065,"Oklahoma","Jackson County",2,41,271,129,142
050,40,065,"Oklahoma","Jackson County",2,42,259,138,121
050,40,065,"Oklahoma","Jackson County",2,43,261,135,126
050,40,065,"Oklahoma","Jackson County",2,44,246,125,121
050,40,065,"Oklahoma","Jackson County",2,45,262,135,127
050,40,065,"Oklahoma","Jackson County",2,46,270,145,125
050,40,065,"Oklahoma","Jackson County",2,47,266,131,135
050,40,065,"Oklahoma","Jackson County",2,48,255,115,140
050,40,065,"Oklahoma","Jackson County",2,49,264,126,138
050,40,065,"Oklahoma","Jackson County",2,50,254,120,134
050,40,065,"Oklahoma","Jackson County",2,51,245,119,126
050,40,065,"Oklahoma","Jackson County",2,52,267,131,136
050,40,065,"Oklahoma","Jackson County",2,53,260,133,127
050,40,065,"Oklahoma","Jackson County",2,54,273,137,136
050,40,065,"Oklahoma","Jackson County",2,55,292,135,157
050,40,065,"Oklahoma","Jackson County",2,56,299,142,157
050,40,065,"Oklahoma","Jackson County",2,57,285,133,152
050,40,065,"Oklahoma","Jackson County",2,58,287,143,144
050,40,065,"Oklahoma","Jackson County",2,59,298,149,149
050,40,065,"Oklahoma","Jackson County",2,60,324,155,169
050,40,065,"Oklahoma","Jackson County",2,61,315,151,164
050,40,065,"Oklahoma","Jackson County",2,62,298,163,135
050,40,065,"Oklahoma","Jackson County",2,63,270,148,122
050,40,065,"Oklahoma","Jackson County",2,64,264,138,126
050,40,065,"Oklahoma","Jackson County",2,65,276,134,142
050,40,065,"Oklahoma","Jackson County",2,66,250,117,133
050,40,065,"Oklahoma","Jackson County",2,67,235,114,121
050,40,065,"Oklahoma","Jackson County",2,68,223,97,126
050,40,065,"Oklahoma","Jackson County",2,69,220,102,118
050,40,065,"Oklahoma","Jackson County",2,70,208,99,109
050,40,065,"Oklahoma","Jackson County",2,71,196,96,100
050,40,065,"Oklahoma","Jackson County",2,72,209,98,111
050,40,065,"Oklahoma","Jackson County",2,73,203,105,98
050,40,065,"Oklahoma","Jackson County",2,74,152,73,79
050,40,065,"Oklahoma","Jackson County",2,75,143,63,80
050,40,065,"Oklahoma","Jackson County",2,76,134,59,75
050,40,065,"Oklahoma","Jackson County",2,77,139,67,72
050,40,065,"Oklahoma","Jackson County",2,78,132,65,67
050,40,065,"Oklahoma","Jackson County",2,79,127,50,77
050,40,065,"Oklahoma","Jackson County",2,80,119,42,77
050,40,065,"Oklahoma","Jackson County",2,81,102,40,62
050,40,065,"Oklahoma","Jackson County",2,82,111,43,68
050,40,065,"Oklahoma","Jackson County",2,83,88,40,48
050,40,065,"Oklahoma","Jackson County",2,84,81,35,46
050,40,065,"Oklahoma","Jackson County",2,85,464,153,311
050,40,065,"Oklahoma","Jackson County",3,0,346,165,181
050,40,065,"Oklahoma","Jackson County",3,1,353,175,178
050,40,065,"Oklahoma","Jackson County",3,2,362,184,178
050,40,065,"Oklahoma","Jackson County",3,3,353,172,181
050,40,065,"Oklahoma","Jackson County",3,4,338,158,180
050,40,065,"Oklahoma","Jackson County",3,5,380,200,180
050,40,065,"Oklahoma","Jackson County",3,6,371,200,171
050,40,065,"Oklahoma","Jackson County",3,7,354,169,185
050,40,065,"Oklahoma","Jackson County",3,8,355,187,168
050,40,065,"Oklahoma","Jackson County",3,9,380,194,186
050,40,065,"Oklahoma","Jackson County",3,10,350,166,184
050,40,065,"Oklahoma","Jackson County",3,11,361,176,185
050,40,065,"Oklahoma","Jackson County",3,12,337,169,168
050,40,065,"Oklahoma","Jackson County",3,13,344,173,171
050,40,065,"Oklahoma","Jackson County",3,14,324,156,168
050,40,065,"Oklahoma","Jackson County",3,15,306,154,152
050,40,065,"Oklahoma","Jackson County",3,16,293,144,149
050,40,065,"Oklahoma","Jackson County",3,17,314,154,160
050,40,065,"Oklahoma","Jackson County",3,18,301,167,134
050,40,065,"Oklahoma","Jackson County",3,19,312,160,152
050,40,065,"Oklahoma","Jackson County",3,20,420,269,151
050,40,065,"Oklahoma","Jackson County",3,21,377,206,171
050,40,065,"Oklahoma","Jackson County",3,22,379,211,168
050,40,065,"Oklahoma","Jackson County",3,23,391,216,175
050,40,065,"Oklahoma","Jackson County",3,24,378,203,175
050,40,065,"Oklahoma","Jackson County",3,25,360,196,164
050,40,065,"Oklahoma","Jackson County",3,26,362,189,173
050,40,065,"Oklahoma","Jackson County",3,27,363,178,185
050,40,065,"Oklahoma","Jackson County",3,28,363,198,165
050,40,065,"Oklahoma","Jackson County",3,29,337,177,160
050,40,065,"Oklahoma","Jackson County",3,30,351,175,176
050,40,065,"Oklahoma","Jackson County",3,31,363,189,174
050,40,065,"Oklahoma","Jackson County",3,32,371,189,182
050,40,065,"Oklahoma","Jackson County",3,33,365,195,170
050,40,065,"Oklahoma","Jackson County",3,34,371,199,172
050,40,065,"Oklahoma","Jackson County",3,35,369,188,181
050,40,065,"Oklahoma","Jackson County",3,36,354,175,179
050,40,065,"Oklahoma","Jackson County",3,37,327,172,155
050,40,065,"Oklahoma","Jackson County",3,38,325,179,146
050,40,065,"Oklahoma","Jackson County",3,39,321,170,151
050,40,065,"Oklahoma","Jackson County",3,40,320,161,159
050,40,065,"Oklahoma","Jackson County",3,41,300,140,160
050,40,065,"Oklahoma","Jackson County",3,42,252,125,127
050,40,065,"Oklahoma","Jackson County",3,43,264,143,121
050,40,065,"Oklahoma","Jackson County",3,44,245,126,119
050,40,065,"Oklahoma","Jackson County",3,45,237,119,118
050,40,065,"Oklahoma","Jackson County",3,46,263,132,131
050,40,065,"Oklahoma","Jackson County",3,47,265,139,126
050,40,065,"Oklahoma","Jackson County",3,48,266,129,137
050,40,065,"Oklahoma","Jackson County",3,49,260,116,144
050,40,065,"Oklahoma","Jackson County",3,50,262,126,136
050,40,065,"Oklahoma","Jackson County",3,51,238,115,123
050,40,065,"Oklahoma","Jackson County",3,52,238,109,129
050,40,065,"Oklahoma","Jackson County",3,53,266,135,131
050,40,065,"Oklahoma","Jackson County",3,54,260,139,121
050,40,065,"Oklahoma","Jackson County",3,55,275,137,138
050,40,065,"Oklahoma","Jackson County",3,56,281,130,151
050,40,065,"Oklahoma","Jackson County",3,57,307,145,162
050,40,065,"Oklahoma","Jackson County",3,58,281,136,145
050,40,065,"Oklahoma","Jackson County",3,59,283,139,144
050,40,065,"Oklahoma","Jackson County",3,60,294,150,144
050,40,065,"Oklahoma","Jackson County",3,61,318,154,164
050,40,065,"Oklahoma","Jackson County",3,62,310,152,158
050,40,065,"Oklahoma","Jackson County",3,63,300,172,128
050,40,065,"Oklahoma","Jackson County",3,64,258,140,118
050,40,065,"Oklahoma","Jackson County",3,65,254,131,123
050,40,065,"Oklahoma","Jackson County",3,66,266,129,137
050,40,065,"Oklahoma","Jackson County",3,67,247,116,131
050,40,065,"Oklahoma","Jackson County",3,68,237,113,124
050,40,065,"Oklahoma","Jackson County",3,69,205,88,117
050,40,065,"Oklahoma","Jackson County",3,70,212,104,108
050,40,065,"Oklahoma","Jackson County",3,71,205,96,109
050,40,065,"Oklahoma","Jackson County",3,72,188,87,101
050,40,065,"Oklahoma","Jackson County",3,73,196,99,97
050,40,065,"Oklahoma","Jackson County",3,74,202,102,100
050,40,065,"Oklahoma","Jackson County",3,75,135,60,75
050,40,065,"Oklahoma","Jackson County",3,76,133,56,77
050,40,065,"Oklahoma","Jackson County",3,77,122,56,66
050,40,065,"Oklahoma","Jackson County",3,78,135,64,71
050,40,065,"Oklahoma","Jackson County",3,79,125,60,65
050,40,065,"Oklahoma","Jackson County",3,80,117,46,71
050,40,065,"Oklahoma","Jackson County",3,81,112,42,70
050,40,065,"Oklahoma","Jackson County",3,82,97,37,60
050,40,065,"Oklahoma","Jackson County",3,83,90,33,57
050,40,065,"Oklahoma","Jackson County",3,84,82,34,48
050,40,065,"Oklahoma","Jackson County",3,85,460,156,304
050,40,065,"Oklahoma","Jackson County",4,0,356,178,178
050,40,065,"Oklahoma","Jackson County",4,1,362,177,185
050,40,065,"Oklahoma","Jackson County",4,2,333,163,170
050,40,065,"Oklahoma","Jackson County",4,3,370,187,183
050,40,065,"Oklahoma","Jackson County",4,4,343,164,179
050,40,065,"Oklahoma","Jackson County",4,5,339,167,172
050,40,065,"Oklahoma","Jackson County",4,6,384,204,180
050,40,065,"Oklahoma","Jackson County",4,7,364,197,167
050,40,065,"Oklahoma","Jackson County",4,8,341,168,173
050,40,065,"Oklahoma","Jackson County",4,9,366,198,168
050,40,065,"Oklahoma","Jackson County",4,10,369,182,187
050,40,065,"Oklahoma","Jackson County",4,11,339,161,178
050,40,065,"Oklahoma","Jackson County",4,12,360,176,184
050,40,065,"Oklahoma","Jackson County",4,13,345,181,164
050,40,065,"Oklahoma","Jackson County",4,14,346,173,173
050,40,065,"Oklahoma","Jackson County",4,15,328,156,172
050,40,065,"Oklahoma","Jackson County",4,16,304,147,157
050,40,065,"Oklahoma","Jackson County",4,17,284,130,154
050,40,065,"Oklahoma","Jackson County",4,18,289,151,138
050,40,065,"Oklahoma","Jackson County",4,19,331,184,147
050,40,065,"Oklahoma","Jackson County",4,20,398,248,150
050,40,065,"Oklahoma","Jackson County",4,21,380,231,149
050,40,065,"Oklahoma","Jackson County",4,22,367,199,168
050,40,065,"Oklahoma","Jackson County",4,23,370,206,164
050,40,065,"Oklahoma","Jackson County",4,24,353,185,168
050,40,065,"Oklahoma","Jackson County",4,25,364,196,168
050,40,065,"Oklahoma","Jackson County",4,26,322,170,152
050,40,065,"Oklahoma","Jackson County",4,27,359,171,188
050,40,065,"Oklahoma","Jackson County",4,28,358,179,179
050,40,065,"Oklahoma","Jackson County",4,29,348,177,171
050,40,065,"Oklahoma","Jackson County",4,30,327,164,163
050,40,065,"Oklahoma","Jackson County",4,31,373,189,184
050,40,065,"Oklahoma","Jackson County",4,32,366,194,172
050,40,065,"Oklahoma","Jackson County",4,33,359,175,184
050,40,065,"Oklahoma","Jackson County",4,34,359,194,165
050,40,065,"Oklahoma","Jackson County",4,35,384,205,179
050,40,065,"Oklahoma","Jackson County",4,36,346,172,174
050,40,065,"Oklahoma","Jackson County",4,37,353,181,172
050,40,065,"Oklahoma","Jackson County",4,38,341,178,163
050,40,065,"Oklahoma","Jackson County",4,39,309,173,136
050,40,065,"Oklahoma","Jackson County",4,40,324,179,145
050,40,065,"Oklahoma","Jackson County",4,41,299,151,148
050,40,065,"Oklahoma","Jackson County",4,42,279,123,156
050,40,065,"Oklahoma","Jackson County",4,43,257,128,129
050,40,065,"Oklahoma","Jackson County",4,44,245,132,113
050,40,065,"Oklahoma","Jackson County",4,45,238,118,120
050,40,065,"Oklahoma","Jackson County",4,46,235,126,109
050,40,065,"Oklahoma","Jackson County",4,47,251,120,131
050,40,065,"Oklahoma","Jackson County",4,48,264,136,128
050,40,065,"Oklahoma","Jackson County",4,49,281,136,145
050,40,065,"Oklahoma","Jackson County",4,50,266,123,143
050,40,065,"Oklahoma","Jackson County",4,51,264,126,138
050,40,065,"Oklahoma","Jackson County",4,52,239,117,122
050,40,065,"Oklahoma","Jackson County",4,53,247,115,132
050,40,065,"Oklahoma","Jackson County",4,54,267,137,130
050,40,065,"Oklahoma","Jackson County",4,55,258,140,118
050,40,065,"Oklahoma","Jackson County",4,56,268,139,129
050,40,065,"Oklahoma","Jackson County",4,57,265,121,144
050,40,065,"Oklahoma","Jackson County",4,58,317,152,165
050,40,065,"Oklahoma","Jackson County",4,59,274,124,150
050,40,065,"Oklahoma","Jackson County",4,60,274,136,138
050,40,065,"Oklahoma","Jackson County",4,61,282,145,137
050,40,065,"Oklahoma","Jackson County",4,62,305,148,157
050,40,065,"Oklahoma","Jackson County",4,63,304,153,151
050,40,065,"Oklahoma","Jackson County",4,64,295,167,128
050,40,065,"Oklahoma","Jackson County",4,65,249,139,110
050,40,065,"Oklahoma","Jackson County",4,66,251,121,130
050,40,065,"Oklahoma","Jackson County",4,67,255,123,132
050,40,065,"Oklahoma","Jackson County",4,68,248,120,128
050,40,065,"Oklahoma","Jackson County",4,69,217,101,116
050,40,065,"Oklahoma","Jackson County",4,70,197,88,109
050,40,065,"Oklahoma","Jackson County",4,71,213,103,110
050,40,065,"Oklahoma","Jackson County",4,72,204,93,111
050,40,065,"Oklahoma","Jackson County",4,73,180,85,95
050,40,065,"Oklahoma","Jackson County",4,74,197,101,96
050,40,065,"Oklahoma","Jackson County",4,75,179,87,92
050,40,065,"Oklahoma","Jackson County",4,76,138,60,78
050,40,065,"Oklahoma","Jackson County",4,77,134,56,78
050,40,065,"Oklahoma","Jackson County",4,78,117,51,66
050,40,065,"Oklahoma","Jackson County",4,79,128,56,72
050,40,065,"Oklahoma","Jackson County",4,80,116,55,61
050,40,065,"Oklahoma","Jackson County",4,81,108,42,66
050,40,065,"Oklahoma","Jackson County",4,82,111,38,73
050,40,065,"Oklahoma","Jackson County",4,83,77,26,51
050,40,065,"Oklahoma","Jackson County",4,84,85,30,55
050,40,065,"Oklahoma","Jackson County",4,85,468,163,305
050,40,065,"Oklahoma","Jackson County",5,0,353,177,176
050,40,065,"Oklahoma","Jackson County",5,1,334,171,163
050,40,065,"Oklahoma","Jackson County",5,2,376,184,192
050,40,065,"Oklahoma","Jackson County",5,3,338,170,168
050,40,065,"Oklahoma","Jackson County",5,4,356,185,171
050,40,065,"Oklahoma","Jackson County",5,5,337,164,173
050,40,065,"Oklahoma","Jackson County",5,6,338,172,166
050,40,065,"Oklahoma","Jackson County",5,7,369,197,172
050,40,065,"Oklahoma","Jackson County",5,8,352,180,172
050,40,065,"Oklahoma","Jackson County",5,9,338,164,174
050,40,065,"Oklahoma","Jackson County",5,10,380,210,170
050,40,065,"Oklahoma","Jackson County",5,11,340,173,167
050,40,065,"Oklahoma","Jackson County",5,12,337,157,180
050,40,065,"Oklahoma","Jackson County",5,13,335,159,176
050,40,065,"Oklahoma","Jackson County",5,14,327,175,152
050,40,065,"Oklahoma","Jackson County",5,15,337,175,162
050,40,065,"Oklahoma","Jackson County",5,16,329,156,173
050,40,065,"Oklahoma","Jackson County",5,17,311,152,159
050,40,065,"Oklahoma","Jackson County",5,18,265,129,136
050,40,065,"Oklahoma","Jackson County",5,19,323,174,149
050,40,065,"Oklahoma","Jackson County",5,20,440,295,145
050,40,065,"Oklahoma","Jackson County",5,21,352,203,149
050,40,065,"Oklahoma","Jackson County",5,22,379,223,156
050,40,065,"Oklahoma","Jackson County",5,23,388,206,182
050,40,065,"Oklahoma","Jackson County",5,24,358,187,171
050,40,065,"Oklahoma","Jackson County",5,25,374,199,175
050,40,065,"Oklahoma","Jackson County",5,26,323,166,157
050,40,065,"Oklahoma","Jackson County",5,27,341,175,166
050,40,065,"Oklahoma","Jackson County",5,28,342,158,184
050,40,065,"Oklahoma","Jackson County",5,29,369,183,186
050,40,065,"Oklahoma","Jackson County",5,30,348,174,174
050,40,065,"Oklahoma","Jackson County",5,31,346,182,164
050,40,065,"Oklahoma","Jackson County",5,32,393,203,190
050,40,065,"Oklahoma","Jackson County",5,33,346,189,157
050,40,065,"Oklahoma","Jackson County",5,34,347,170,177
050,40,065,"Oklahoma","Jackson County",5,35,355,187,168
050,40,065,"Oklahoma","Jackson County",5,36,357,187,170
050,40,065,"Oklahoma","Jackson County",5,37,336,176,160
050,40,065,"Oklahoma","Jackson County",5,38,340,168,172
050,40,065,"Oklahoma","Jackson County",5,39,319,170,149
050,40,065,"Oklahoma","Jackson County",5,40,317,172,145
050,40,065,"Oklahoma","Jackson County",5,41,309,172,137
050,40,065,"Oklahoma","Jackson County",5,42,280,140,140
050,40,065,"Oklahoma","Jackson County",5,43,275,113,162
050,40,065,"Oklahoma","Jackson County",5,44,240,116,124
050,40,065,"Oklahoma","Jackson County",5,45,249,136,113
050,40,065,"Oklahoma","Jackson County",5,46,243,125,118
050,40,065,"Oklahoma","Jackson County",5,47,239,121,118
050,40,065,"Oklahoma","Jackson County",5,48,258,123,135
050,40,065,"Oklahoma","Jackson County",5,49,275,142,133
050,40,065,"Oklahoma","Jackson County",5,50,283,130,153
050,40,065,"Oklahoma","Jackson County",5,51,266,128,138
050,40,065,"Oklahoma","Jackson County",5,52,268,125,143
050,40,065,"Oklahoma","Jackson County",5,53,238,117,121
050,40,065,"Oklahoma","Jackson County",5,54,244,114,130
050,40,065,"Oklahoma","Jackson County",5,55,265,133,132
050,40,065,"Oklahoma","Jackson County",5,56,258,140,118
050,40,065,"Oklahoma","Jackson County",5,57,261,132,129
050,40,065,"Oklahoma","Jackson County",5,58,261,120,141
050,40,065,"Oklahoma","Jackson County",5,59,314,153,161
050,40,065,"Oklahoma","Jackson County",5,60,253,113,140
050,40,065,"Oklahoma","Jackson County",5,61,269,130,139
050,40,065,"Oklahoma","Jackson County",5,62,285,144,141
050,40,065,"Oklahoma","Jackson County",5,63,295,145,150
050,40,065,"Oklahoma","Jackson County",5,64,298,148,150
050,40,065,"Oklahoma","Jackson County",5,65,293,167,126
050,40,065,"Oklahoma","Jackson County",5,66,239,135,104
050,40,065,"Oklahoma","Jackson County",5,67,254,118,136
050,40,065,"Oklahoma","Jackson County",5,68,262,126,136
050,40,065,"Oklahoma","Jackson County",5,69,230,111,119
050,40,065,"Oklahoma","Jackson County",5,70,214,99,115
050,40,065,"Oklahoma","Jackson County",5,71,199,88,111
050,40,065,"Oklahoma","Jackson County",5,72,212,102,110
050,40,065,"Oklahoma","Jackson County",5,73,192,90,102
050,40,065,"Oklahoma","Jackson County",5,74,184,87,97
050,40,065,"Oklahoma","Jackson County",5,75,178,87,91
050,40,065,"Oklahoma","Jackson County",5,76,171,82,89
050,40,065,"Oklahoma","Jackson County",5,77,127,58,69
050,40,065,"Oklahoma","Jackson County",5,78,126,48,78
050,40,065,"Oklahoma","Jackson County",5,79,117,50,67
050,40,065,"Oklahoma","Jackson County",5,80,118,52,66
050,40,065,"Oklahoma","Jackson County",5,81,111,49,62
050,40,065,"Oklahoma","Jackson County",5,82,111,40,71
050,40,065,"Oklahoma","Jackson County",5,83,93,29,64
050,40,065,"Oklahoma","Jackson County",5,84,74,23,51
050,40,065,"Oklahoma","Jackson County",5,85,493,173,320
050,40,067,"Oklahoma","Jefferson County",1,0,53,27,26
050,40,067,"Oklahoma","Jefferson County",1,1,58,29,29
050,40,067,"Oklahoma","Jefferson County",1,2,53,24,29
050,40,067,"Oklahoma","Jefferson County",1,3,65,35,30
050,40,067,"Oklahoma","Jefferson County",1,4,76,45,31
050,40,067,"Oklahoma","Jefferson County",1,5,81,44,37
050,40,067,"Oklahoma","Jefferson County",1,6,83,43,40
050,40,067,"Oklahoma","Jefferson County",1,7,83,38,45
050,40,067,"Oklahoma","Jefferson County",1,8,89,52,37
050,40,067,"Oklahoma","Jefferson County",1,9,82,39,43
050,40,067,"Oklahoma","Jefferson County",1,10,79,37,42
050,40,067,"Oklahoma","Jefferson County",1,11,74,39,35
050,40,067,"Oklahoma","Jefferson County",1,12,82,39,43
050,40,067,"Oklahoma","Jefferson County",1,13,83,35,48
050,40,067,"Oklahoma","Jefferson County",1,14,76,40,36
050,40,067,"Oklahoma","Jefferson County",1,15,72,37,35
050,40,067,"Oklahoma","Jefferson County",1,16,65,29,36
050,40,067,"Oklahoma","Jefferson County",1,17,69,30,39
050,40,067,"Oklahoma","Jefferson County",1,18,67,35,32
050,40,067,"Oklahoma","Jefferson County",1,19,50,27,23
050,40,067,"Oklahoma","Jefferson County",1,20,54,29,25
050,40,067,"Oklahoma","Jefferson County",1,21,48,28,20
050,40,067,"Oklahoma","Jefferson County",1,22,57,31,26
050,40,067,"Oklahoma","Jefferson County",1,23,50,28,22
050,40,067,"Oklahoma","Jefferson County",1,24,40,25,15
050,40,067,"Oklahoma","Jefferson County",1,25,39,20,19
050,40,067,"Oklahoma","Jefferson County",1,26,46,20,26
050,40,067,"Oklahoma","Jefferson County",1,27,53,27,26
050,40,067,"Oklahoma","Jefferson County",1,28,51,25,26
050,40,067,"Oklahoma","Jefferson County",1,29,57,28,29
050,40,067,"Oklahoma","Jefferson County",1,30,76,34,42
050,40,067,"Oklahoma","Jefferson County",1,31,64,31,33
050,40,067,"Oklahoma","Jefferson County",1,32,62,31,31
050,40,067,"Oklahoma","Jefferson County",1,33,77,42,35
050,40,067,"Oklahoma","Jefferson County",1,34,64,31,33
050,40,067,"Oklahoma","Jefferson County",1,35,63,34,29
050,40,067,"Oklahoma","Jefferson County",1,36,57,28,29
050,40,067,"Oklahoma","Jefferson County",1,37,45,27,18
050,40,067,"Oklahoma","Jefferson County",1,38,62,35,27
050,40,067,"Oklahoma","Jefferson County",1,39,67,34,33
050,40,067,"Oklahoma","Jefferson County",1,40,62,31,31
050,40,067,"Oklahoma","Jefferson County",1,41,53,27,26
050,40,067,"Oklahoma","Jefferson County",1,42,50,26,24
050,40,067,"Oklahoma","Jefferson County",1,43,53,20,33
050,40,067,"Oklahoma","Jefferson County",1,44,57,25,32
050,40,067,"Oklahoma","Jefferson County",1,45,61,31,30
050,40,067,"Oklahoma","Jefferson County",1,46,65,34,31
050,40,067,"Oklahoma","Jefferson County",1,47,58,29,29
050,40,067,"Oklahoma","Jefferson County",1,48,57,35,22
050,40,067,"Oklahoma","Jefferson County",1,49,62,30,32
050,40,067,"Oklahoma","Jefferson County",1,50,57,29,28
050,40,067,"Oklahoma","Jefferson County",1,51,55,30,25
050,40,067,"Oklahoma","Jefferson County",1,52,59,27,32
050,40,067,"Oklahoma","Jefferson County",1,53,70,33,37
050,40,067,"Oklahoma","Jefferson County",1,54,64,31,33
050,40,067,"Oklahoma","Jefferson County",1,55,77,39,38
050,40,067,"Oklahoma","Jefferson County",1,56,67,33,34
050,40,067,"Oklahoma","Jefferson County",1,57,72,32,40
050,40,067,"Oklahoma","Jefferson County",1,58,89,46,43
050,40,067,"Oklahoma","Jefferson County",1,59,75,36,39
050,40,067,"Oklahoma","Jefferson County",1,60,77,46,31
050,40,067,"Oklahoma","Jefferson County",1,61,82,45,37
050,40,067,"Oklahoma","Jefferson County",1,62,79,42,37
050,40,067,"Oklahoma","Jefferson County",1,63,80,37,43
050,40,067,"Oklahoma","Jefferson County",1,64,81,35,46
050,40,067,"Oklahoma","Jefferson County",1,65,68,33,35
050,40,067,"Oklahoma","Jefferson County",1,66,65,32,33
050,40,067,"Oklahoma","Jefferson County",1,67,73,35,38
050,40,067,"Oklahoma","Jefferson County",1,68,73,34,39
050,40,067,"Oklahoma","Jefferson County",1,69,71,33,38
050,40,067,"Oklahoma","Jefferson County",1,70,63,32,31
050,40,067,"Oklahoma","Jefferson County",1,71,57,28,29
050,40,067,"Oklahoma","Jefferson County",1,72,53,23,30
050,40,067,"Oklahoma","Jefferson County",1,73,56,26,30
050,40,067,"Oklahoma","Jefferson County",1,74,48,19,29
050,40,067,"Oklahoma","Jefferson County",1,75,48,22,26
050,40,067,"Oklahoma","Jefferson County",1,76,47,28,19
050,40,067,"Oklahoma","Jefferson County",1,77,51,27,24
050,40,067,"Oklahoma","Jefferson County",1,78,43,19,24
050,40,067,"Oklahoma","Jefferson County",1,79,35,15,20
050,40,067,"Oklahoma","Jefferson County",1,80,42,20,22
050,40,067,"Oklahoma","Jefferson County",1,81,30,13,17
050,40,067,"Oklahoma","Jefferson County",1,82,28,17,11
050,40,067,"Oklahoma","Jefferson County",1,83,20,13,7
050,40,067,"Oklahoma","Jefferson County",1,84,19,6,13
050,40,067,"Oklahoma","Jefferson County",1,85,111,35,76
050,40,067,"Oklahoma","Jefferson County",2,0,50,26,24
050,40,067,"Oklahoma","Jefferson County",2,1,57,29,28
050,40,067,"Oklahoma","Jefferson County",2,2,56,27,29
050,40,067,"Oklahoma","Jefferson County",2,3,63,32,31
050,40,067,"Oklahoma","Jefferson County",2,4,76,43,33
050,40,067,"Oklahoma","Jefferson County",2,5,79,44,35
050,40,067,"Oklahoma","Jefferson County",2,6,85,44,41
050,40,067,"Oklahoma","Jefferson County",2,7,86,41,45
050,40,067,"Oklahoma","Jefferson County",2,8,88,49,39
050,40,067,"Oklahoma","Jefferson County",2,9,84,43,41
050,40,067,"Oklahoma","Jefferson County",2,10,79,36,43
050,40,067,"Oklahoma","Jefferson County",2,11,75,39,36
050,40,067,"Oklahoma","Jefferson County",2,12,80,39,41
050,40,067,"Oklahoma","Jefferson County",2,13,82,36,46
050,40,067,"Oklahoma","Jefferson County",2,14,77,39,38
050,40,067,"Oklahoma","Jefferson County",2,15,71,36,35
050,40,067,"Oklahoma","Jefferson County",2,16,65,31,34
050,40,067,"Oklahoma","Jefferson County",2,17,69,31,38
050,40,067,"Oklahoma","Jefferson County",2,18,64,33,31
050,40,067,"Oklahoma","Jefferson County",2,19,52,28,24
050,40,067,"Oklahoma","Jefferson County",2,20,55,30,25
050,40,067,"Oklahoma","Jefferson County",2,21,49,28,21
050,40,067,"Oklahoma","Jefferson County",2,22,55,30,25
050,40,067,"Oklahoma","Jefferson County",2,23,49,28,21
050,40,067,"Oklahoma","Jefferson County",2,24,44,27,17
050,40,067,"Oklahoma","Jefferson County",2,25,41,22,19
050,40,067,"Oklahoma","Jefferson County",2,26,45,21,24
050,40,067,"Oklahoma","Jefferson County",2,27,51,25,26
050,40,067,"Oklahoma","Jefferson County",2,28,52,25,27
050,40,067,"Oklahoma","Jefferson County",2,29,59,29,30
050,40,067,"Oklahoma","Jefferson County",2,30,71,31,40
050,40,067,"Oklahoma","Jefferson County",2,31,65,30,35
050,40,067,"Oklahoma","Jefferson County",2,32,63,31,32
050,40,067,"Oklahoma","Jefferson County",2,33,73,39,34
050,40,067,"Oklahoma","Jefferson County",2,34,64,31,33
050,40,067,"Oklahoma","Jefferson County",2,35,64,33,31
050,40,067,"Oklahoma","Jefferson County",2,36,57,29,28
050,40,067,"Oklahoma","Jefferson County",2,37,49,28,21
050,40,067,"Oklahoma","Jefferson County",2,38,59,34,25
050,40,067,"Oklahoma","Jefferson County",2,39,67,34,33
050,40,067,"Oklahoma","Jefferson County",2,40,65,33,32
050,40,067,"Oklahoma","Jefferson County",2,41,55,28,27
050,40,067,"Oklahoma","Jefferson County",2,42,48,25,23
050,40,067,"Oklahoma","Jefferson County",2,43,54,22,32
050,40,067,"Oklahoma","Jefferson County",2,44,54,23,31
050,40,067,"Oklahoma","Jefferson County",2,45,59,29,30
050,40,067,"Oklahoma","Jefferson County",2,46,63,33,30
050,40,067,"Oklahoma","Jefferson County",2,47,59,30,29
050,40,067,"Oklahoma","Jefferson County",2,48,57,33,24
050,40,067,"Oklahoma","Jefferson County",2,49,62,32,30
050,40,067,"Oklahoma","Jefferson County",2,50,58,30,28
050,40,067,"Oklahoma","Jefferson County",2,51,55,29,26
050,40,067,"Oklahoma","Jefferson County",2,52,59,28,31
050,40,067,"Oklahoma","Jefferson County",2,53,68,32,36
050,40,067,"Oklahoma","Jefferson County",2,54,66,32,34
050,40,067,"Oklahoma","Jefferson County",2,55,77,39,38
050,40,067,"Oklahoma","Jefferson County",2,56,72,36,36
050,40,067,"Oklahoma","Jefferson County",2,57,68,33,35
050,40,067,"Oklahoma","Jefferson County",2,58,85,42,43
050,40,067,"Oklahoma","Jefferson County",2,59,76,37,39
050,40,067,"Oklahoma","Jefferson County",2,60,77,45,32
050,40,067,"Oklahoma","Jefferson County",2,61,80,45,35
050,40,067,"Oklahoma","Jefferson County",2,62,79,43,36
050,40,067,"Oklahoma","Jefferson County",2,63,80,38,42
050,40,067,"Oklahoma","Jefferson County",2,64,77,34,43
050,40,067,"Oklahoma","Jefferson County",2,65,71,34,37
050,40,067,"Oklahoma","Jefferson County",2,66,66,32,34
050,40,067,"Oklahoma","Jefferson County",2,67,70,35,35
050,40,067,"Oklahoma","Jefferson County",2,68,72,34,38
050,40,067,"Oklahoma","Jefferson County",2,69,72,33,39
050,40,067,"Oklahoma","Jefferson County",2,70,63,31,32
050,40,067,"Oklahoma","Jefferson County",2,71,56,27,29
050,40,067,"Oklahoma","Jefferson County",2,72,53,24,29
050,40,067,"Oklahoma","Jefferson County",2,73,57,27,30
050,40,067,"Oklahoma","Jefferson County",2,74,46,19,27
050,40,067,"Oklahoma","Jefferson County",2,75,49,22,27
050,40,067,"Oklahoma","Jefferson County",2,76,46,26,20
050,40,067,"Oklahoma","Jefferson County",2,77,50,27,23
050,40,067,"Oklahoma","Jefferson County",2,78,44,21,23
050,40,067,"Oklahoma","Jefferson County",2,79,38,16,22
050,40,067,"Oklahoma","Jefferson County",2,80,38,18,20
050,40,067,"Oklahoma","Jefferson County",2,81,32,14,18
050,40,067,"Oklahoma","Jefferson County",2,82,27,16,11
050,40,067,"Oklahoma","Jefferson County",2,83,21,14,7
050,40,067,"Oklahoma","Jefferson County",2,84,19,7,12
050,40,067,"Oklahoma","Jefferson County",2,85,109,35,74
050,40,067,"Oklahoma","Jefferson County",3,0,52,29,23
050,40,067,"Oklahoma","Jefferson County",3,1,57,28,29
050,40,067,"Oklahoma","Jefferson County",3,2,63,36,27
050,40,067,"Oklahoma","Jefferson County",3,3,63,29,34
050,40,067,"Oklahoma","Jefferson County",3,4,66,33,33
050,40,067,"Oklahoma","Jefferson County",3,5,75,44,31
050,40,067,"Oklahoma","Jefferson County",3,6,77,45,32
050,40,067,"Oklahoma","Jefferson County",3,7,82,46,36
050,40,067,"Oklahoma","Jefferson County",3,8,87,42,45
050,40,067,"Oklahoma","Jefferson County",3,9,97,54,43
050,40,067,"Oklahoma","Jefferson County",3,10,84,42,42
050,40,067,"Oklahoma","Jefferson County",3,11,76,38,38
050,40,067,"Oklahoma","Jefferson County",3,12,81,42,39
050,40,067,"Oklahoma","Jefferson County",3,13,78,39,39
050,40,067,"Oklahoma","Jefferson County",3,14,86,42,44
050,40,067,"Oklahoma","Jefferson County",3,15,82,42,40
050,40,067,"Oklahoma","Jefferson County",3,16,74,42,32
050,40,067,"Oklahoma","Jefferson County",3,17,62,30,32
050,40,067,"Oklahoma","Jefferson County",3,18,61,29,32
050,40,067,"Oklahoma","Jefferson County",3,19,53,27,26
050,40,067,"Oklahoma","Jefferson County",3,20,47,24,23
050,40,067,"Oklahoma","Jefferson County",3,21,58,31,27
050,40,067,"Oklahoma","Jefferson County",3,22,48,22,26
050,40,067,"Oklahoma","Jefferson County",3,23,62,37,25
050,40,067,"Oklahoma","Jefferson County",3,24,58,32,26
050,40,067,"Oklahoma","Jefferson County",3,25,44,28,16
050,40,067,"Oklahoma","Jefferson County",3,26,47,27,20
050,40,067,"Oklahoma","Jefferson County",3,27,50,23,27
050,40,067,"Oklahoma","Jefferson County",3,28,59,27,32
050,40,067,"Oklahoma","Jefferson County",3,29,59,26,33
050,40,067,"Oklahoma","Jefferson County",3,30,61,31,30
050,40,067,"Oklahoma","Jefferson County",3,31,67,31,36
050,40,067,"Oklahoma","Jefferson County",3,32,71,34,37
050,40,067,"Oklahoma","Jefferson County",3,33,73,38,35
050,40,067,"Oklahoma","Jefferson County",3,34,68,34,34
050,40,067,"Oklahoma","Jefferson County",3,35,62,33,29
050,40,067,"Oklahoma","Jefferson County",3,36,74,36,38
050,40,067,"Oklahoma","Jefferson County",3,37,58,29,29
050,40,067,"Oklahoma","Jefferson County",3,38,43,25,18
050,40,067,"Oklahoma","Jefferson County",3,39,57,29,28
050,40,067,"Oklahoma","Jefferson County",3,40,69,37,32
050,40,067,"Oklahoma","Jefferson County",3,41,60,33,27
050,40,067,"Oklahoma","Jefferson County",3,42,59,28,31
050,40,067,"Oklahoma","Jefferson County",3,43,48,25,23
050,40,067,"Oklahoma","Jefferson County",3,44,60,24,36
050,40,067,"Oklahoma","Jefferson County",3,45,56,24,32
050,40,067,"Oklahoma","Jefferson County",3,46,60,30,30
050,40,067,"Oklahoma","Jefferson County",3,47,63,32,31
050,40,067,"Oklahoma","Jefferson County",3,48,65,36,29
050,40,067,"Oklahoma","Jefferson County",3,49,61,36,25
050,40,067,"Oklahoma","Jefferson County",3,50,61,30,31
050,40,067,"Oklahoma","Jefferson County",3,51,61,30,31
050,40,067,"Oklahoma","Jefferson County",3,52,61,32,29
050,40,067,"Oklahoma","Jefferson County",3,53,64,30,34
050,40,067,"Oklahoma","Jefferson County",3,54,61,28,33
050,40,067,"Oklahoma","Jefferson County",3,55,67,32,35
050,40,067,"Oklahoma","Jefferson County",3,56,76,38,38
050,40,067,"Oklahoma","Jefferson County",3,57,70,36,34
050,40,067,"Oklahoma","Jefferson County",3,58,65,33,32
050,40,067,"Oklahoma","Jefferson County",3,59,82,40,42
050,40,067,"Oklahoma","Jefferson County",3,60,75,36,39
050,40,067,"Oklahoma","Jefferson County",3,61,76,45,31
050,40,067,"Oklahoma","Jefferson County",3,62,79,45,34
050,40,067,"Oklahoma","Jefferson County",3,63,79,43,36
050,40,067,"Oklahoma","Jefferson County",3,64,78,36,42
050,40,067,"Oklahoma","Jefferson County",3,65,79,36,43
050,40,067,"Oklahoma","Jefferson County",3,66,76,36,40
050,40,067,"Oklahoma","Jefferson County",3,67,63,30,33
050,40,067,"Oklahoma","Jefferson County",3,68,69,35,34
050,40,067,"Oklahoma","Jefferson County",3,69,72,31,41
050,40,067,"Oklahoma","Jefferson County",3,70,66,30,36
050,40,067,"Oklahoma","Jefferson County",3,71,58,29,29
050,40,067,"Oklahoma","Jefferson County",3,72,56,26,30
050,40,067,"Oklahoma","Jefferson County",3,73,49,25,24
050,40,067,"Oklahoma","Jefferson County",3,74,58,27,31
050,40,067,"Oklahoma","Jefferson County",3,75,42,19,23
050,40,067,"Oklahoma","Jefferson County",3,76,47,20,27
050,40,067,"Oklahoma","Jefferson County",3,77,44,25,19
050,40,067,"Oklahoma","Jefferson County",3,78,49,28,21
050,40,067,"Oklahoma","Jefferson County",3,79,44,20,24
050,40,067,"Oklahoma","Jefferson County",3,80,36,16,20
050,40,067,"Oklahoma","Jefferson County",3,81,34,15,19
050,40,067,"Oklahoma","Jefferson County",3,82,28,12,16
050,40,067,"Oklahoma","Jefferson County",3,83,24,16,8
050,40,067,"Oklahoma","Jefferson County",3,84,18,13,5
050,40,067,"Oklahoma","Jefferson County",3,85,100,28,72
050,40,067,"Oklahoma","Jefferson County",4,0,57,31,26
050,40,067,"Oklahoma","Jefferson County",4,1,57,28,29
050,40,067,"Oklahoma","Jefferson County",4,2,59,28,31
050,40,067,"Oklahoma","Jefferson County",4,3,58,32,26
050,40,067,"Oklahoma","Jefferson County",4,4,67,35,32
050,40,067,"Oklahoma","Jefferson County",4,5,68,34,34
050,40,067,"Oklahoma","Jefferson County",4,6,79,44,35
050,40,067,"Oklahoma","Jefferson County",4,7,75,43,32
050,40,067,"Oklahoma","Jefferson County",4,8,84,51,33
050,40,067,"Oklahoma","Jefferson County",4,9,87,44,43
050,40,067,"Oklahoma","Jefferson County",4,10,93,48,45
050,40,067,"Oklahoma","Jefferson County",4,11,80,42,38
050,40,067,"Oklahoma","Jefferson County",4,12,73,36,37
050,40,067,"Oklahoma","Jefferson County",4,13,80,41,39
050,40,067,"Oklahoma","Jefferson County",4,14,79,39,40
050,40,067,"Oklahoma","Jefferson County",4,15,82,38,44
050,40,067,"Oklahoma","Jefferson County",4,16,86,44,42
050,40,067,"Oklahoma","Jefferson County",4,17,74,42,32
050,40,067,"Oklahoma","Jefferson County",4,18,53,25,28
050,40,067,"Oklahoma","Jefferson County",4,19,48,26,22
050,40,067,"Oklahoma","Jefferson County",4,20,57,31,26
050,40,067,"Oklahoma","Jefferson County",4,21,49,26,23
050,40,067,"Oklahoma","Jefferson County",4,22,66,33,33
050,40,067,"Oklahoma","Jefferson County",4,23,56,26,30
050,40,067,"Oklahoma","Jefferson County",4,24,62,40,22
050,40,067,"Oklahoma","Jefferson County",4,25,56,33,23
050,40,067,"Oklahoma","Jefferson County",4,26,45,27,18
050,40,067,"Oklahoma","Jefferson County",4,27,53,28,25
050,40,067,"Oklahoma","Jefferson County",4,28,50,23,27
050,40,067,"Oklahoma","Jefferson County",4,29,54,26,28
050,40,067,"Oklahoma","Jefferson County",4,30,57,24,33
050,40,067,"Oklahoma","Jefferson County",4,31,52,26,26
050,40,067,"Oklahoma","Jefferson County",4,32,70,34,36
050,40,067,"Oklahoma","Jefferson County",4,33,75,34,41
050,40,067,"Oklahoma","Jefferson County",4,34,72,34,38
050,40,067,"Oklahoma","Jefferson County",4,35,65,34,31
050,40,067,"Oklahoma","Jefferson County",4,36,70,37,33
050,40,067,"Oklahoma","Jefferson County",4,37,74,39,35
050,40,067,"Oklahoma","Jefferson County",4,38,59,31,28
050,40,067,"Oklahoma","Jefferson County",4,39,41,22,19
050,40,067,"Oklahoma","Jefferson County",4,40,59,32,27
050,40,067,"Oklahoma","Jefferson County",4,41,71,37,34
050,40,067,"Oklahoma","Jefferson County",4,42,53,30,23
050,40,067,"Oklahoma","Jefferson County",4,43,63,32,31
050,40,067,"Oklahoma","Jefferson County",4,44,53,29,24
050,40,067,"Oklahoma","Jefferson County",4,45,59,27,32
050,40,067,"Oklahoma","Jefferson County",4,46,59,24,35
050,40,067,"Oklahoma","Jefferson County",4,47,58,29,29
050,40,067,"Oklahoma","Jefferson County",4,48,63,32,31
050,40,067,"Oklahoma","Jefferson County",4,49,66,36,30
050,40,067,"Oklahoma","Jefferson County",4,50,57,34,23
050,40,067,"Oklahoma","Jefferson County",4,51,64,33,31
050,40,067,"Oklahoma","Jefferson County",4,52,62,29,33
050,40,067,"Oklahoma","Jefferson County",4,53,51,27,24
050,40,067,"Oklahoma","Jefferson County",4,54,61,28,33
050,40,067,"Oklahoma","Jefferson County",4,55,68,30,38
050,40,067,"Oklahoma","Jefferson County",4,56,68,31,37
050,40,067,"Oklahoma","Jefferson County",4,57,80,42,38
050,40,067,"Oklahoma","Jefferson County",4,58,71,37,34
050,40,067,"Oklahoma","Jefferson County",4,59,66,32,34
050,40,067,"Oklahoma","Jefferson County",4,60,91,48,43
050,40,067,"Oklahoma","Jefferson County",4,61,78,39,39
050,40,067,"Oklahoma","Jefferson County",4,62,80,49,31
050,40,067,"Oklahoma","Jefferson County",4,63,72,37,35
050,40,067,"Oklahoma","Jefferson County",4,64,82,44,38
050,40,067,"Oklahoma","Jefferson County",4,65,78,36,42
050,40,067,"Oklahoma","Jefferson County",4,66,80,34,46
050,40,067,"Oklahoma","Jefferson County",4,67,69,31,38
050,40,067,"Oklahoma","Jefferson County",4,68,65,31,34
050,40,067,"Oklahoma","Jefferson County",4,69,72,34,38
050,40,067,"Oklahoma","Jefferson County",4,70,74,33,41
050,40,067,"Oklahoma","Jefferson County",4,71,65,28,37
050,40,067,"Oklahoma","Jefferson County",4,72,60,31,29
050,40,067,"Oklahoma","Jefferson County",4,73,53,25,28
050,40,067,"Oklahoma","Jefferson County",4,74,47,25,22
050,40,067,"Oklahoma","Jefferson County",4,75,57,28,29
050,40,067,"Oklahoma","Jefferson County",4,76,40,16,24
050,40,067,"Oklahoma","Jefferson County",4,77,40,17,23
050,40,067,"Oklahoma","Jefferson County",4,78,42,22,20
050,40,067,"Oklahoma","Jefferson County",4,79,48,27,21
050,40,067,"Oklahoma","Jefferson County",4,80,39,19,20
050,40,067,"Oklahoma","Jefferson County",4,81,31,13,18
050,40,067,"Oklahoma","Jefferson County",4,82,33,15,18
050,40,067,"Oklahoma","Jefferson County",4,83,25,11,14
050,40,067,"Oklahoma","Jefferson County",4,84,21,12,9
050,40,067,"Oklahoma","Jefferson County",4,85,92,30,62
050,40,067,"Oklahoma","Jefferson County",5,0,57,31,26
050,40,067,"Oklahoma","Jefferson County",5,1,52,32,20
050,40,067,"Oklahoma","Jefferson County",5,2,53,27,26
050,40,067,"Oklahoma","Jefferson County",5,3,60,29,31
050,40,067,"Oklahoma","Jefferson County",5,4,61,35,26
050,40,067,"Oklahoma","Jefferson County",5,5,65,32,33
050,40,067,"Oklahoma","Jefferson County",5,6,66,34,32
050,40,067,"Oklahoma","Jefferson County",5,7,74,42,32
050,40,067,"Oklahoma","Jefferson County",5,8,73,37,36
050,40,067,"Oklahoma","Jefferson County",5,9,78,45,33
050,40,067,"Oklahoma","Jefferson County",5,10,88,41,47
050,40,067,"Oklahoma","Jefferson County",5,11,90,47,43
050,40,067,"Oklahoma","Jefferson County",5,12,75,37,38
050,40,067,"Oklahoma","Jefferson County",5,13,70,34,36
050,40,067,"Oklahoma","Jefferson County",5,14,86,46,40
050,40,067,"Oklahoma","Jefferson County",5,15,85,46,39
050,40,067,"Oklahoma","Jefferson County",5,16,89,39,50
050,40,067,"Oklahoma","Jefferson County",5,17,95,48,47
050,40,067,"Oklahoma","Jefferson County",5,18,68,37,31
050,40,067,"Oklahoma","Jefferson County",5,19,46,21,25
050,40,067,"Oklahoma","Jefferson County",5,20,53,29,24
050,40,067,"Oklahoma","Jefferson County",5,21,53,29,24
050,40,067,"Oklahoma","Jefferson County",5,22,45,28,17
050,40,067,"Oklahoma","Jefferson County",5,23,61,31,30
050,40,067,"Oklahoma","Jefferson County",5,24,57,24,33
050,40,067,"Oklahoma","Jefferson County",5,25,55,34,21
050,40,067,"Oklahoma","Jefferson County",5,26,53,33,20
050,40,067,"Oklahoma","Jefferson County",5,27,47,29,18
050,40,067,"Oklahoma","Jefferson County",5,28,50,26,24
050,40,067,"Oklahoma","Jefferson County",5,29,47,26,21
050,40,067,"Oklahoma","Jefferson County",5,30,55,25,30
050,40,067,"Oklahoma","Jefferson County",5,31,62,25,37
050,40,067,"Oklahoma","Jefferson County",5,32,49,24,25
050,40,067,"Oklahoma","Jefferson County",5,33,77,40,37
050,40,067,"Oklahoma","Jefferson County",5,34,73,30,43
050,40,067,"Oklahoma","Jefferson County",5,35,68,34,34
050,40,067,"Oklahoma","Jefferson County",5,36,66,32,34
050,40,067,"Oklahoma","Jefferson County",5,37,73,39,34
050,40,067,"Oklahoma","Jefferson County",5,38,72,36,36
050,40,067,"Oklahoma","Jefferson County",5,39,49,24,25
050,40,067,"Oklahoma","Jefferson County",5,40,36,18,18
050,40,067,"Oklahoma","Jefferson County",5,41,69,37,32
050,40,067,"Oklahoma","Jefferson County",5,42,67,36,31
050,40,067,"Oklahoma","Jefferson County",5,43,57,31,26
050,40,067,"Oklahoma","Jefferson County",5,44,65,36,29
050,40,067,"Oklahoma","Jefferson County",5,45,49,27,22
050,40,067,"Oklahoma","Jefferson County",5,46,61,28,33
050,40,067,"Oklahoma","Jefferson County",5,47,58,23,35
050,40,067,"Oklahoma","Jefferson County",5,48,60,29,31
050,40,067,"Oklahoma","Jefferson County",5,49,64,32,32
050,40,067,"Oklahoma","Jefferson County",5,50,66,35,31
050,40,067,"Oklahoma","Jefferson County",5,51,60,37,23
050,40,067,"Oklahoma","Jefferson County",5,52,63,33,30
050,40,067,"Oklahoma","Jefferson County",5,53,57,27,30
050,40,067,"Oklahoma","Jefferson County",5,54,53,29,24
050,40,067,"Oklahoma","Jefferson County",5,55,59,26,33
050,40,067,"Oklahoma","Jefferson County",5,56,67,31,36
050,40,067,"Oklahoma","Jefferson County",5,57,64,31,33
050,40,067,"Oklahoma","Jefferson County",5,58,78,41,37
050,40,067,"Oklahoma","Jefferson County",5,59,71,39,32
050,40,067,"Oklahoma","Jefferson County",5,60,65,31,34
050,40,067,"Oklahoma","Jefferson County",5,61,89,46,43
050,40,067,"Oklahoma","Jefferson County",5,62,79,40,39
050,40,067,"Oklahoma","Jefferson County",5,63,72,43,29
050,40,067,"Oklahoma","Jefferson County",5,64,71,36,35
050,40,067,"Oklahoma","Jefferson County",5,65,83,45,38
050,40,067,"Oklahoma","Jefferson County",5,66,77,35,42
050,40,067,"Oklahoma","Jefferson County",5,67,81,33,48
050,40,067,"Oklahoma","Jefferson County",5,68,70,31,39
050,40,067,"Oklahoma","Jefferson County",5,69,63,29,34
050,40,067,"Oklahoma","Jefferson County",5,70,74,36,38
050,40,067,"Oklahoma","Jefferson County",5,71,70,30,40
050,40,067,"Oklahoma","Jefferson County",5,72,62,27,35
050,40,067,"Oklahoma","Jefferson County",5,73,56,29,27
050,40,067,"Oklahoma","Jefferson County",5,74,51,26,25
050,40,067,"Oklahoma","Jefferson County",5,75,45,25,20
050,40,067,"Oklahoma","Jefferson County",5,76,58,28,30
050,40,067,"Oklahoma","Jefferson County",5,77,34,14,20
050,40,067,"Oklahoma","Jefferson County",5,78,36,16,20
050,40,067,"Oklahoma","Jefferson County",5,79,40,20,20
050,40,067,"Oklahoma","Jefferson County",5,80,45,28,17
050,40,067,"Oklahoma","Jefferson County",5,81,32,16,16
050,40,067,"Oklahoma","Jefferson County",5,82,30,13,17
050,40,067,"Oklahoma","Jefferson County",5,83,29,13,16
050,40,067,"Oklahoma","Jefferson County",5,84,24,10,14
050,40,067,"Oklahoma","Jefferson County",5,85,91,34,57
050,40,069,"Oklahoma","Johnston County",1,0,115,59,56
050,40,069,"Oklahoma","Johnston County",1,1,112,55,57
050,40,069,"Oklahoma","Johnston County",1,2,125,57,68
050,40,069,"Oklahoma","Johnston County",1,3,111,58,53
050,40,069,"Oklahoma","Johnston County",1,4,122,64,58
050,40,069,"Oklahoma","Johnston County",1,5,142,74,68
050,40,069,"Oklahoma","Johnston County",1,6,148,91,57
050,40,069,"Oklahoma","Johnston County",1,7,130,66,64
050,40,069,"Oklahoma","Johnston County",1,8,124,68,56
050,40,069,"Oklahoma","Johnston County",1,9,124,70,54
050,40,069,"Oklahoma","Johnston County",1,10,160,75,85
050,40,069,"Oklahoma","Johnston County",1,11,147,69,78
050,40,069,"Oklahoma","Johnston County",1,12,157,80,77
050,40,069,"Oklahoma","Johnston County",1,13,154,86,68
050,40,069,"Oklahoma","Johnston County",1,14,150,79,71
050,40,069,"Oklahoma","Johnston County",1,15,147,70,77
050,40,069,"Oklahoma","Johnston County",1,16,138,66,72
050,40,069,"Oklahoma","Johnston County",1,17,139,71,68
050,40,069,"Oklahoma","Johnston County",1,18,163,85,78
050,40,069,"Oklahoma","Johnston County",1,19,252,137,115
050,40,069,"Oklahoma","Johnston County",1,20,169,84,85
050,40,069,"Oklahoma","Johnston County",1,21,140,78,62
050,40,069,"Oklahoma","Johnston County",1,22,109,55,54
050,40,069,"Oklahoma","Johnston County",1,23,112,62,50
050,40,069,"Oklahoma","Johnston County",1,24,118,60,58
050,40,069,"Oklahoma","Johnston County",1,25,112,51,61
050,40,069,"Oklahoma","Johnston County",1,26,106,49,57
050,40,069,"Oklahoma","Johnston County",1,27,120,66,54
050,40,069,"Oklahoma","Johnston County",1,28,128,65,63
050,40,069,"Oklahoma","Johnston County",1,29,111,53,58
050,40,069,"Oklahoma","Johnston County",1,30,129,64,65
050,40,069,"Oklahoma","Johnston County",1,31,111,52,59
050,40,069,"Oklahoma","Johnston County",1,32,106,49,57
050,40,069,"Oklahoma","Johnston County",1,33,128,65,63
050,40,069,"Oklahoma","Johnston County",1,34,126,58,68
050,40,069,"Oklahoma","Johnston County",1,35,110,49,61
050,40,069,"Oklahoma","Johnston County",1,36,117,56,61
050,40,069,"Oklahoma","Johnston County",1,37,116,55,61
050,40,069,"Oklahoma","Johnston County",1,38,123,72,51
050,40,069,"Oklahoma","Johnston County",1,39,119,60,59
050,40,069,"Oklahoma","Johnston County",1,40,114,63,51
050,40,069,"Oklahoma","Johnston County",1,41,112,48,64
050,40,069,"Oklahoma","Johnston County",1,42,112,54,58
050,40,069,"Oklahoma","Johnston County",1,43,116,67,49
050,40,069,"Oklahoma","Johnston County",1,44,120,73,47
050,40,069,"Oklahoma","Johnston County",1,45,132,74,58
050,40,069,"Oklahoma","Johnston County",1,46,108,52,56
050,40,069,"Oklahoma","Johnston County",1,47,107,58,49
050,40,069,"Oklahoma","Johnston County",1,48,110,50,60
050,40,069,"Oklahoma","Johnston County",1,49,135,71,64
050,40,069,"Oklahoma","Johnston County",1,50,119,63,56
050,40,069,"Oklahoma","Johnston County",1,51,115,59,56
050,40,069,"Oklahoma","Johnston County",1,52,112,68,44
050,40,069,"Oklahoma","Johnston County",1,53,119,63,56
050,40,069,"Oklahoma","Johnston County",1,54,120,54,66
050,40,069,"Oklahoma","Johnston County",1,55,127,62,65
050,40,069,"Oklahoma","Johnston County",1,56,147,66,81
050,40,069,"Oklahoma","Johnston County",1,57,132,65,67
050,40,069,"Oklahoma","Johnston County",1,58,129,67,62
050,40,069,"Oklahoma","Johnston County",1,59,138,71,67
050,40,069,"Oklahoma","Johnston County",1,60,152,74,78
050,40,069,"Oklahoma","Johnston County",1,61,138,64,74
050,40,069,"Oklahoma","Johnston County",1,62,117,51,66
050,40,069,"Oklahoma","Johnston County",1,63,131,63,68
050,40,069,"Oklahoma","Johnston County",1,64,130,59,71
050,40,069,"Oklahoma","Johnston County",1,65,128,65,63
050,40,069,"Oklahoma","Johnston County",1,66,126,54,72
050,40,069,"Oklahoma","Johnston County",1,67,116,60,56
050,40,069,"Oklahoma","Johnston County",1,68,118,61,57
050,40,069,"Oklahoma","Johnston County",1,69,112,49,63
050,40,069,"Oklahoma","Johnston County",1,70,110,53,57
050,40,069,"Oklahoma","Johnston County",1,71,121,59,62
050,40,069,"Oklahoma","Johnston County",1,72,103,52,51
050,40,069,"Oklahoma","Johnston County",1,73,97,50,47
050,40,069,"Oklahoma","Johnston County",1,74,79,38,41
050,40,069,"Oklahoma","Johnston County",1,75,80,38,42
050,40,069,"Oklahoma","Johnston County",1,76,101,51,50
050,40,069,"Oklahoma","Johnston County",1,77,83,38,45
050,40,069,"Oklahoma","Johnston County",1,78,67,30,37
050,40,069,"Oklahoma","Johnston County",1,79,67,34,33
050,40,069,"Oklahoma","Johnston County",1,80,55,29,26
050,40,069,"Oklahoma","Johnston County",1,81,42,18,24
050,40,069,"Oklahoma","Johnston County",1,82,50,24,26
050,40,069,"Oklahoma","Johnston County",1,83,41,15,26
050,40,069,"Oklahoma","Johnston County",1,84,39,17,22
050,40,069,"Oklahoma","Johnston County",1,85,186,80,106
050,40,069,"Oklahoma","Johnston County",2,0,112,55,57
050,40,069,"Oklahoma","Johnston County",2,1,111,55,56
050,40,069,"Oklahoma","Johnston County",2,2,121,55,66
050,40,069,"Oklahoma","Johnston County",2,3,115,58,57
050,40,069,"Oklahoma","Johnston County",2,4,119,63,56
050,40,069,"Oklahoma","Johnston County",2,5,139,72,67
050,40,069,"Oklahoma","Johnston County",2,6,147,86,61
050,40,069,"Oklahoma","Johnston County",2,7,137,73,64
050,40,069,"Oklahoma","Johnston County",2,8,125,67,58
050,40,069,"Oklahoma","Johnston County",2,9,124,69,55
050,40,069,"Oklahoma","Johnston County",2,10,151,73,78
050,40,069,"Oklahoma","Johnston County",2,11,149,69,80
050,40,069,"Oklahoma","Johnston County",2,12,154,78,76
050,40,069,"Oklahoma","Johnston County",2,13,151,84,67
050,40,069,"Oklahoma","Johnston County",2,14,150,80,70
050,40,069,"Oklahoma","Johnston County",2,15,146,72,74
050,40,069,"Oklahoma","Johnston County",2,16,140,66,74
050,40,069,"Oklahoma","Johnston County",2,17,137,68,69
050,40,069,"Oklahoma","Johnston County",2,18,161,87,74
050,40,069,"Oklahoma","Johnston County",2,19,252,134,118
050,40,069,"Oklahoma","Johnston County",2,20,171,88,83
050,40,069,"Oklahoma","Johnston County",2,21,134,75,59
050,40,069,"Oklahoma","Johnston County",2,22,111,55,56
050,40,069,"Oklahoma","Johnston County",2,23,110,61,49
050,40,069,"Oklahoma","Johnston County",2,24,117,60,57
050,40,069,"Oklahoma","Johnston County",2,25,111,50,61
050,40,069,"Oklahoma","Johnston County",2,26,108,51,57
050,40,069,"Oklahoma","Johnston County",2,27,118,63,55
050,40,069,"Oklahoma","Johnston County",2,28,125,65,60
050,40,069,"Oklahoma","Johnston County",2,29,115,55,60
050,40,069,"Oklahoma","Johnston County",2,30,127,62,65
050,40,069,"Oklahoma","Johnston County",2,31,117,56,61
050,40,069,"Oklahoma","Johnston County",2,32,109,51,58
050,40,069,"Oklahoma","Johnston County",2,33,123,62,61
050,40,069,"Oklahoma","Johnston County",2,34,126,59,67
050,40,069,"Oklahoma","Johnston County",2,35,115,52,63
050,40,069,"Oklahoma","Johnston County",2,36,113,53,60
050,40,069,"Oklahoma","Johnston County",2,37,117,56,61
050,40,069,"Oklahoma","Johnston County",2,38,122,68,54
050,40,069,"Oklahoma","Johnston County",2,39,121,65,56
050,40,069,"Oklahoma","Johnston County",2,40,116,62,54
050,40,069,"Oklahoma","Johnston County",2,41,109,50,59
050,40,069,"Oklahoma","Johnston County",2,42,110,53,57
050,40,069,"Oklahoma","Johnston County",2,43,115,64,51
050,40,069,"Oklahoma","Johnston County",2,44,117,71,46
050,40,069,"Oklahoma","Johnston County",2,45,128,73,55
050,40,069,"Oklahoma","Johnston County",2,46,112,57,55
050,40,069,"Oklahoma","Johnston County",2,47,105,54,51
050,40,069,"Oklahoma","Johnston County",2,48,111,52,59
050,40,069,"Oklahoma","Johnston County",2,49,131,67,64
050,40,069,"Oklahoma","Johnston County",2,50,124,65,59
050,40,069,"Oklahoma","Johnston County",2,51,115,60,55
050,40,069,"Oklahoma","Johnston County",2,52,113,66,47
050,40,069,"Oklahoma","Johnston County",2,53,119,65,54
050,40,069,"Oklahoma","Johnston County",2,54,117,54,63
050,40,069,"Oklahoma","Johnston County",2,55,126,60,66
050,40,069,"Oklahoma","Johnston County",2,56,142,65,77
050,40,069,"Oklahoma","Johnston County",2,57,135,64,71
050,40,069,"Oklahoma","Johnston County",2,58,129,65,64
050,40,069,"Oklahoma","Johnston County",2,59,136,71,65
050,40,069,"Oklahoma","Johnston County",2,60,147,73,74
050,40,069,"Oklahoma","Johnston County",2,61,140,66,74
050,40,069,"Oklahoma","Johnston County",2,62,121,54,67
050,40,069,"Oklahoma","Johnston County",2,63,127,61,66
050,40,069,"Oklahoma","Johnston County",2,64,126,59,67
050,40,069,"Oklahoma","Johnston County",2,65,130,64,66
050,40,069,"Oklahoma","Johnston County",2,66,128,57,71
050,40,069,"Oklahoma","Johnston County",2,67,118,59,59
050,40,069,"Oklahoma","Johnston County",2,68,116,60,56
050,40,069,"Oklahoma","Johnston County",2,69,114,52,62
050,40,069,"Oklahoma","Johnston County",2,70,111,53,58
050,40,069,"Oklahoma","Johnston County",2,71,118,57,61
050,40,069,"Oklahoma","Johnston County",2,72,102,50,52
050,40,069,"Oklahoma","Johnston County",2,73,101,52,49
050,40,069,"Oklahoma","Johnston County",2,74,77,38,39
050,40,069,"Oklahoma","Johnston County",2,75,79,38,41
050,40,069,"Oklahoma","Johnston County",2,76,94,48,46
050,40,069,"Oklahoma","Johnston County",2,77,87,40,47
050,40,069,"Oklahoma","Johnston County",2,78,67,29,38
050,40,069,"Oklahoma","Johnston County",2,79,66,33,33
050,40,069,"Oklahoma","Johnston County",2,80,57,30,27
050,40,069,"Oklahoma","Johnston County",2,81,46,21,25
050,40,069,"Oklahoma","Johnston County",2,82,47,22,25
050,40,069,"Oklahoma","Johnston County",2,83,41,16,25
050,40,069,"Oklahoma","Johnston County",2,84,40,17,23
050,40,069,"Oklahoma","Johnston County",2,85,188,80,108
050,40,069,"Oklahoma","Johnston County",3,0,121,69,52
050,40,069,"Oklahoma","Johnston County",3,1,114,45,69
050,40,069,"Oklahoma","Johnston County",3,2,119,55,64
050,40,069,"Oklahoma","Johnston County",3,3,123,54,69
050,40,069,"Oklahoma","Johnston County",3,4,120,64,56
050,40,069,"Oklahoma","Johnston County",3,5,131,68,63
050,40,069,"Oklahoma","Johnston County",3,6,144,74,70
050,40,069,"Oklahoma","Johnston County",3,7,161,95,66
050,40,069,"Oklahoma","Johnston County",3,8,128,71,57
050,40,069,"Oklahoma","Johnston County",3,9,124,68,56
050,40,069,"Oklahoma","Johnston County",3,10,115,61,54
050,40,069,"Oklahoma","Johnston County",3,11,156,70,86
050,40,069,"Oklahoma","Johnston County",3,12,157,72,85
050,40,069,"Oklahoma","Johnston County",3,13,158,84,74
050,40,069,"Oklahoma","Johnston County",3,14,152,81,71
050,40,069,"Oklahoma","Johnston County",3,15,150,80,70
050,40,069,"Oklahoma","Johnston County",3,16,150,78,72
050,40,069,"Oklahoma","Johnston County",3,17,143,67,76
050,40,069,"Oklahoma","Johnston County",3,18,160,85,75
050,40,069,"Oklahoma","Johnston County",3,19,256,135,121
050,40,069,"Oklahoma","Johnston County",3,20,173,102,71
050,40,069,"Oklahoma","Johnston County",3,21,127,68,59
050,40,069,"Oklahoma","Johnston County",3,22,120,54,66
050,40,069,"Oklahoma","Johnston County",3,23,118,57,61
050,40,069,"Oklahoma","Johnston County",3,24,123,67,56
050,40,069,"Oklahoma","Johnston County",3,25,104,56,48
050,40,069,"Oklahoma","Johnston County",3,26,107,49,58
050,40,069,"Oklahoma","Johnston County",3,27,108,54,54
050,40,069,"Oklahoma","Johnston County",3,28,122,59,63
050,40,069,"Oklahoma","Johnston County",3,29,125,63,62
050,40,069,"Oklahoma","Johnston County",3,30,130,58,72
050,40,069,"Oklahoma","Johnston County",3,31,127,63,64
050,40,069,"Oklahoma","Johnston County",3,32,124,70,54
050,40,069,"Oklahoma","Johnston County",3,33,120,54,66
050,40,069,"Oklahoma","Johnston County",3,34,120,58,62
050,40,069,"Oklahoma","Johnston County",3,35,130,62,68
050,40,069,"Oklahoma","Johnston County",3,36,117,51,66
050,40,069,"Oklahoma","Johnston County",3,37,116,57,59
050,40,069,"Oklahoma","Johnston County",3,38,115,62,53
050,40,069,"Oklahoma","Johnston County",3,39,123,70,53
050,40,069,"Oklahoma","Johnston County",3,40,125,67,58
050,40,069,"Oklahoma","Johnston County",3,41,116,61,55
050,40,069,"Oklahoma","Johnston County",3,42,110,52,58
050,40,069,"Oklahoma","Johnston County",3,43,115,55,60
050,40,069,"Oklahoma","Johnston County",3,44,114,62,52
050,40,069,"Oklahoma","Johnston County",3,45,123,76,47
050,40,069,"Oklahoma","Johnston County",3,46,133,76,57
050,40,069,"Oklahoma","Johnston County",3,47,117,59,58
050,40,069,"Oklahoma","Johnston County",3,48,113,60,53
050,40,069,"Oklahoma","Johnston County",3,49,107,50,57
050,40,069,"Oklahoma","Johnston County",3,50,134,67,67
050,40,069,"Oklahoma","Johnston County",3,51,127,64,63
050,40,069,"Oklahoma","Johnston County",3,52,118,62,56
050,40,069,"Oklahoma","Johnston County",3,53,119,69,50
050,40,069,"Oklahoma","Johnston County",3,54,113,61,52
050,40,069,"Oklahoma","Johnston County",3,55,117,55,62
050,40,069,"Oklahoma","Johnston County",3,56,116,56,60
050,40,069,"Oklahoma","Johnston County",3,57,139,62,77
050,40,069,"Oklahoma","Johnston County",3,58,132,64,68
050,40,069,"Oklahoma","Johnston County",3,59,122,65,57
050,40,069,"Oklahoma","Johnston County",3,60,135,71,64
050,40,069,"Oklahoma","Johnston County",3,61,142,73,69
050,40,069,"Oklahoma","Johnston County",3,62,136,65,71
050,40,069,"Oklahoma","Johnston County",3,63,119,55,64
050,40,069,"Oklahoma","Johnston County",3,64,126,61,65
050,40,069,"Oklahoma","Johnston County",3,65,126,59,67
050,40,069,"Oklahoma","Johnston County",3,66,131,61,70
050,40,069,"Oklahoma","Johnston County",3,67,129,56,73
050,40,069,"Oklahoma","Johnston County",3,68,108,51,57
050,40,069,"Oklahoma","Johnston County",3,69,114,59,55
050,40,069,"Oklahoma","Johnston County",3,70,115,53,62
050,40,069,"Oklahoma","Johnston County",3,71,105,49,56
050,40,069,"Oklahoma","Johnston County",3,72,112,54,58
050,40,069,"Oklahoma","Johnston County",3,73,98,47,51
050,40,069,"Oklahoma","Johnston County",3,74,97,49,48
050,40,069,"Oklahoma","Johnston County",3,75,70,32,38
050,40,069,"Oklahoma","Johnston County",3,76,73,33,40
050,40,069,"Oklahoma","Johnston County",3,77,87,46,41
050,40,069,"Oklahoma","Johnston County",3,78,85,39,46
050,40,069,"Oklahoma","Johnston County",3,79,64,28,36
050,40,069,"Oklahoma","Johnston County",3,80,61,31,30
050,40,069,"Oklahoma","Johnston County",3,81,53,27,26
050,40,069,"Oklahoma","Johnston County",3,82,44,20,24
050,40,069,"Oklahoma","Johnston County",3,83,40,19,21
050,40,069,"Oklahoma","Johnston County",3,84,38,14,24
050,40,069,"Oklahoma","Johnston County",3,85,183,84,99
050,40,069,"Oklahoma","Johnston County",4,0,123,78,45
050,40,069,"Oklahoma","Johnston County",4,1,119,70,49
050,40,069,"Oklahoma","Johnston County",4,2,121,47,74
050,40,069,"Oklahoma","Johnston County",4,3,132,62,70
050,40,069,"Oklahoma","Johnston County",4,4,136,57,79
050,40,069,"Oklahoma","Johnston County",4,5,128,74,54
050,40,069,"Oklahoma","Johnston County",4,6,131,63,68
050,40,069,"Oklahoma","Johnston County",4,7,142,73,69
050,40,069,"Oklahoma","Johnston County",4,8,149,83,66
050,40,069,"Oklahoma","Johnston County",4,9,136,76,60
050,40,069,"Oklahoma","Johnston County",4,10,124,66,58
050,40,069,"Oklahoma","Johnston County",4,11,120,66,54
050,40,069,"Oklahoma","Johnston County",4,12,167,75,92
050,40,069,"Oklahoma","Johnston County",4,13,156,71,85
050,40,069,"Oklahoma","Johnston County",4,14,153,84,69
050,40,069,"Oklahoma","Johnston County",4,15,156,88,68
050,40,069,"Oklahoma","Johnston County",4,16,138,72,66
050,40,069,"Oklahoma","Johnston County",4,17,147,78,69
050,40,069,"Oklahoma","Johnston County",4,18,179,92,87
050,40,069,"Oklahoma","Johnston County",4,19,251,128,123
050,40,069,"Oklahoma","Johnston County",4,20,188,104,84
050,40,069,"Oklahoma","Johnston County",4,21,141,87,54
050,40,069,"Oklahoma","Johnston County",4,22,100,44,56
050,40,069,"Oklahoma","Johnston County",4,23,123,62,61
050,40,069,"Oklahoma","Johnston County",4,24,126,59,67
050,40,069,"Oklahoma","Johnston County",4,25,107,61,46
050,40,069,"Oklahoma","Johnston County",4,26,112,61,51
050,40,069,"Oklahoma","Johnston County",4,27,103,48,55
050,40,069,"Oklahoma","Johnston County",4,28,112,55,57
050,40,069,"Oklahoma","Johnston County",4,29,134,60,74
050,40,069,"Oklahoma","Johnston County",4,30,135,68,67
050,40,069,"Oklahoma","Johnston County",4,31,144,66,78
050,40,069,"Oklahoma","Johnston County",4,32,118,58,60
050,40,069,"Oklahoma","Johnston County",4,33,125,73,52
050,40,069,"Oklahoma","Johnston County",4,34,120,56,64
050,40,069,"Oklahoma","Johnston County",4,35,111,54,57
050,40,069,"Oklahoma","Johnston County",4,36,131,64,67
050,40,069,"Oklahoma","Johnston County",4,37,115,49,66
050,40,069,"Oklahoma","Johnston County",4,38,123,58,65
050,40,069,"Oklahoma","Johnston County",4,39,112,56,56
050,40,069,"Oklahoma","Johnston County",4,40,124,69,55
050,40,069,"Oklahoma","Johnston County",4,41,118,60,58
050,40,069,"Oklahoma","Johnston County",4,42,120,66,54
050,40,069,"Oklahoma","Johnston County",4,43,119,57,62
050,40,069,"Oklahoma","Johnston County",4,44,110,51,59
050,40,069,"Oklahoma","Johnston County",4,45,111,63,48
050,40,069,"Oklahoma","Johnston County",4,46,122,73,49
050,40,069,"Oklahoma","Johnston County",4,47,135,76,59
050,40,069,"Oklahoma","Johnston County",4,48,112,54,58
050,40,069,"Oklahoma","Johnston County",4,49,110,58,52
050,40,069,"Oklahoma","Johnston County",4,50,105,49,56
050,40,069,"Oklahoma","Johnston County",4,51,143,72,71
050,40,069,"Oklahoma","Johnston County",4,52,113,59,54
050,40,069,"Oklahoma","Johnston County",4,53,118,64,54
050,40,069,"Oklahoma","Johnston County",4,54,117,66,51
050,40,069,"Oklahoma","Johnston County",4,55,117,60,57
050,40,069,"Oklahoma","Johnston County",4,56,110,54,56
050,40,069,"Oklahoma","Johnston County",4,57,114,56,58
050,40,069,"Oklahoma","Johnston County",4,58,138,64,74
050,40,069,"Oklahoma","Johnston County",4,59,129,62,67
050,40,069,"Oklahoma","Johnston County",4,60,121,65,56
050,40,069,"Oklahoma","Johnston County",4,61,134,70,64
050,40,069,"Oklahoma","Johnston County",4,62,139,67,72
050,40,069,"Oklahoma","Johnston County",4,63,131,60,71
050,40,069,"Oklahoma","Johnston County",4,64,118,57,61
050,40,069,"Oklahoma","Johnston County",4,65,128,65,63
050,40,069,"Oklahoma","Johnston County",4,66,121,58,63
050,40,069,"Oklahoma","Johnston County",4,67,133,62,71
050,40,069,"Oklahoma","Johnston County",4,68,122,52,70
050,40,069,"Oklahoma","Johnston County",4,69,109,50,59
050,40,069,"Oklahoma","Johnston County",4,70,108,57,51
050,40,069,"Oklahoma","Johnston County",4,71,111,49,62
050,40,069,"Oklahoma","Johnston County",4,72,102,48,54
050,40,069,"Oklahoma","Johnston County",4,73,109,55,54
050,40,069,"Oklahoma","Johnston County",4,74,89,40,49
050,40,069,"Oklahoma","Johnston County",4,75,89,46,43
050,40,069,"Oklahoma","Johnston County",4,76,63,30,33
050,40,069,"Oklahoma","Johnston County",4,77,63,27,36
050,40,069,"Oklahoma","Johnston County",4,78,80,44,36
050,40,069,"Oklahoma","Johnston County",4,79,84,39,45
050,40,069,"Oklahoma","Johnston County",4,80,57,25,32
050,40,069,"Oklahoma","Johnston County",4,81,52,26,26
050,40,069,"Oklahoma","Johnston County",4,82,49,26,23
050,40,069,"Oklahoma","Johnston County",4,83,37,16,21
050,40,069,"Oklahoma","Johnston County",4,84,37,16,21
050,40,069,"Oklahoma","Johnston County",4,85,187,82,105
050,40,069,"Oklahoma","Johnston County",5,0,114,73,41
050,40,069,"Oklahoma","Johnston County",5,1,116,67,49
050,40,069,"Oklahoma","Johnston County",5,2,116,66,50
050,40,069,"Oklahoma","Johnston County",5,3,104,44,60
050,40,069,"Oklahoma","Johnston County",5,4,128,59,69
050,40,069,"Oklahoma","Johnston County",5,5,128,56,72
050,40,069,"Oklahoma","Johnston County",5,6,125,74,51
050,40,069,"Oklahoma","Johnston County",5,7,132,64,68
050,40,069,"Oklahoma","Johnston County",5,8,143,69,74
050,40,069,"Oklahoma","Johnston County",5,9,144,80,64
050,40,069,"Oklahoma","Johnston County",5,10,132,81,51
050,40,069,"Oklahoma","Johnston County",5,11,117,64,53
050,40,069,"Oklahoma","Johnston County",5,12,121,62,59
050,40,069,"Oklahoma","Johnston County",5,13,150,63,87
050,40,069,"Oklahoma","Johnston County",5,14,159,69,90
050,40,069,"Oklahoma","Johnston County",5,15,146,79,67
050,40,069,"Oklahoma","Johnston County",5,16,152,87,65
050,40,069,"Oklahoma","Johnston County",5,17,138,71,67
050,40,069,"Oklahoma","Johnston County",5,18,175,98,77
050,40,069,"Oklahoma","Johnston County",5,19,267,134,133
050,40,069,"Oklahoma","Johnston County",5,20,181,94,87
050,40,069,"Oklahoma","Johnston County",5,21,166,95,71
050,40,069,"Oklahoma","Johnston County",5,22,111,63,48
050,40,069,"Oklahoma","Johnston County",5,23,95,42,53
050,40,069,"Oklahoma","Johnston County",5,24,130,61,69
050,40,069,"Oklahoma","Johnston County",5,25,114,59,55
050,40,069,"Oklahoma","Johnston County",5,26,107,60,47
050,40,069,"Oklahoma","Johnston County",5,27,105,57,48
050,40,069,"Oklahoma","Johnston County",5,28,96,44,52
050,40,069,"Oklahoma","Johnston County",5,29,108,54,54
050,40,069,"Oklahoma","Johnston County",5,30,127,59,68
050,40,069,"Oklahoma","Johnston County",5,31,137,69,68
050,40,069,"Oklahoma","Johnston County",5,32,132,62,70
050,40,069,"Oklahoma","Johnston County",5,33,118,54,64
050,40,069,"Oklahoma","Johnston County",5,34,121,72,49
050,40,069,"Oklahoma","Johnston County",5,35,121,57,64
050,40,069,"Oklahoma","Johnston County",5,36,109,52,57
050,40,069,"Oklahoma","Johnston County",5,37,141,69,72
050,40,069,"Oklahoma","Johnston County",5,38,121,48,73
050,40,069,"Oklahoma","Johnston County",5,39,120,59,61
050,40,069,"Oklahoma","Johnston County",5,40,100,53,47
050,40,069,"Oklahoma","Johnston County",5,41,129,71,58
050,40,069,"Oklahoma","Johnston County",5,42,118,60,58
050,40,069,"Oklahoma","Johnston County",5,43,116,65,51
050,40,069,"Oklahoma","Johnston County",5,44,113,51,62
050,40,069,"Oklahoma","Johnston County",5,45,114,55,59
050,40,069,"Oklahoma","Johnston County",5,46,112,61,51
050,40,069,"Oklahoma","Johnston County",5,47,128,74,54
050,40,069,"Oklahoma","Johnston County",5,48,134,75,59
050,40,069,"Oklahoma","Johnston County",5,49,116,54,62
050,40,069,"Oklahoma","Johnston County",5,50,114,62,52
050,40,069,"Oklahoma","Johnston County",5,51,105,51,54
050,40,069,"Oklahoma","Johnston County",5,52,133,69,64
050,40,069,"Oklahoma","Johnston County",5,53,120,60,60
050,40,069,"Oklahoma","Johnston County",5,54,120,63,57
050,40,069,"Oklahoma","Johnston County",5,55,114,62,52
050,40,069,"Oklahoma","Johnston County",5,56,117,61,56
050,40,069,"Oklahoma","Johnston County",5,57,112,55,57
050,40,069,"Oklahoma","Johnston County",5,58,111,58,53
050,40,069,"Oklahoma","Johnston County",5,59,142,65,77
050,40,069,"Oklahoma","Johnston County",5,60,123,57,66
050,40,069,"Oklahoma","Johnston County",5,61,121,65,56
050,40,069,"Oklahoma","Johnston County",5,62,131,66,65
050,40,069,"Oklahoma","Johnston County",5,63,136,66,70
050,40,069,"Oklahoma","Johnston County",5,64,125,58,67
050,40,069,"Oklahoma","Johnston County",5,65,116,57,59
050,40,069,"Oklahoma","Johnston County",5,66,128,63,65
050,40,069,"Oklahoma","Johnston County",5,67,122,57,65
050,40,069,"Oklahoma","Johnston County",5,68,130,63,67
050,40,069,"Oklahoma","Johnston County",5,69,120,50,70
050,40,069,"Oklahoma","Johnston County",5,70,105,47,58
050,40,069,"Oklahoma","Johnston County",5,71,105,53,52
050,40,069,"Oklahoma","Johnston County",5,72,107,47,60
050,40,069,"Oklahoma","Johnston County",5,73,99,49,50
050,40,069,"Oklahoma","Johnston County",5,74,105,52,53
050,40,069,"Oklahoma","Johnston County",5,75,86,39,47
050,40,069,"Oklahoma","Johnston County",5,76,86,43,43
050,40,069,"Oklahoma","Johnston County",5,77,54,24,30
050,40,069,"Oklahoma","Johnston County",5,78,57,24,33
050,40,069,"Oklahoma","Johnston County",5,79,78,43,35
050,40,069,"Oklahoma","Johnston County",5,80,77,37,40
050,40,069,"Oklahoma","Johnston County",5,81,52,24,28
050,40,069,"Oklahoma","Johnston County",5,82,48,24,24
050,40,069,"Oklahoma","Johnston County",5,83,46,25,21
050,40,069,"Oklahoma","Johnston County",5,84,33,14,19
050,40,069,"Oklahoma","Johnston County",5,85,191,82,109
050,40,071,"Oklahoma","Kay County",1,0,513,262,251
050,40,071,"Oklahoma","Kay County",1,1,498,250,248
050,40,071,"Oklahoma","Kay County",1,2,549,280,269
050,40,071,"Oklahoma","Kay County",1,3,596,307,289
050,40,071,"Oklahoma","Kay County",1,4,582,292,290
050,40,071,"Oklahoma","Kay County",1,5,601,304,297
050,40,071,"Oklahoma","Kay County",1,6,638,315,323
050,40,071,"Oklahoma","Kay County",1,7,610,338,272
050,40,071,"Oklahoma","Kay County",1,8,588,310,278
050,40,071,"Oklahoma","Kay County",1,9,638,316,322
050,40,071,"Oklahoma","Kay County",1,10,633,317,316
050,40,071,"Oklahoma","Kay County",1,11,659,338,321
050,40,071,"Oklahoma","Kay County",1,12,672,349,323
050,40,071,"Oklahoma","Kay County",1,13,656,333,323
050,40,071,"Oklahoma","Kay County",1,14,618,319,299
050,40,071,"Oklahoma","Kay County",1,15,643,326,317
050,40,071,"Oklahoma","Kay County",1,16,626,320,306
050,40,071,"Oklahoma","Kay County",1,17,604,310,294
050,40,071,"Oklahoma","Kay County",1,18,569,293,276
050,40,071,"Oklahoma","Kay County",1,19,555,290,265
050,40,071,"Oklahoma","Kay County",1,20,552,295,257
050,40,071,"Oklahoma","Kay County",1,21,498,271,227
050,40,071,"Oklahoma","Kay County",1,22,488,259,229
050,40,071,"Oklahoma","Kay County",1,23,501,266,235
050,40,071,"Oklahoma","Kay County",1,24,484,245,239
050,40,071,"Oklahoma","Kay County",1,25,492,241,251
050,40,071,"Oklahoma","Kay County",1,26,543,291,252
050,40,071,"Oklahoma","Kay County",1,27,581,289,292
050,40,071,"Oklahoma","Kay County",1,28,578,282,296
050,40,071,"Oklahoma","Kay County",1,29,571,291,280
050,40,071,"Oklahoma","Kay County",1,30,558,289,269
050,40,071,"Oklahoma","Kay County",1,31,495,243,252
050,40,071,"Oklahoma","Kay County",1,32,467,239,228
050,40,071,"Oklahoma","Kay County",1,33,473,235,238
050,40,071,"Oklahoma","Kay County",1,34,502,256,246
050,40,071,"Oklahoma","Kay County",1,35,511,261,250
050,40,071,"Oklahoma","Kay County",1,36,538,302,236
050,40,071,"Oklahoma","Kay County",1,37,516,273,243
050,40,071,"Oklahoma","Kay County",1,38,551,285,266
050,40,071,"Oklahoma","Kay County",1,39,546,279,267
050,40,071,"Oklahoma","Kay County",1,40,503,254,249
050,40,071,"Oklahoma","Kay County",1,41,497,254,243
050,40,071,"Oklahoma","Kay County",1,42,524,276,248
050,40,071,"Oklahoma","Kay County",1,43,508,272,236
050,40,071,"Oklahoma","Kay County",1,44,498,263,235
050,40,071,"Oklahoma","Kay County",1,45,448,233,215
050,40,071,"Oklahoma","Kay County",1,46,430,215,215
050,40,071,"Oklahoma","Kay County",1,47,436,219,217
050,40,071,"Oklahoma","Kay County",1,48,453,219,234
050,40,071,"Oklahoma","Kay County",1,49,479,267,212
050,40,071,"Oklahoma","Kay County",1,50,475,256,219
050,40,071,"Oklahoma","Kay County",1,51,471,233,238
050,40,071,"Oklahoma","Kay County",1,52,455,234,221
050,40,071,"Oklahoma","Kay County",1,53,471,246,225
050,40,071,"Oklahoma","Kay County",1,54,528,298,230
050,40,071,"Oklahoma","Kay County",1,55,536,264,272
050,40,071,"Oklahoma","Kay County",1,56,537,272,265
050,40,071,"Oklahoma","Kay County",1,57,541,260,281
050,40,071,"Oklahoma","Kay County",1,58,580,283,297
050,40,071,"Oklahoma","Kay County",1,59,591,298,293
050,40,071,"Oklahoma","Kay County",1,60,582,303,279
050,40,071,"Oklahoma","Kay County",1,61,560,285,275
050,40,071,"Oklahoma","Kay County",1,62,597,310,287
050,40,071,"Oklahoma","Kay County",1,63,549,267,282
050,40,071,"Oklahoma","Kay County",1,64,568,281,287
050,40,071,"Oklahoma","Kay County",1,65,528,258,270
050,40,071,"Oklahoma","Kay County",1,66,515,241,274
050,40,071,"Oklahoma","Kay County",1,67,518,231,287
050,40,071,"Oklahoma","Kay County",1,68,478,221,257
050,40,071,"Oklahoma","Kay County",1,69,457,207,250
050,40,071,"Oklahoma","Kay County",1,70,488,223,265
050,40,071,"Oklahoma","Kay County",1,71,477,222,255
050,40,071,"Oklahoma","Kay County",1,72,485,232,253
050,40,071,"Oklahoma","Kay County",1,73,482,238,244
050,40,071,"Oklahoma","Kay County",1,74,333,156,177
050,40,071,"Oklahoma","Kay County",1,75,323,151,172
050,40,071,"Oklahoma","Kay County",1,76,330,152,178
050,40,071,"Oklahoma","Kay County",1,77,333,159,174
050,40,071,"Oklahoma","Kay County",1,78,304,135,169
050,40,071,"Oklahoma","Kay County",1,79,272,115,157
050,40,071,"Oklahoma","Kay County",1,80,250,102,148
050,40,071,"Oklahoma","Kay County",1,81,240,106,134
050,40,071,"Oklahoma","Kay County",1,82,223,96,127
050,40,071,"Oklahoma","Kay County",1,83,169,75,94
050,40,071,"Oklahoma","Kay County",1,84,175,70,105
050,40,071,"Oklahoma","Kay County",1,85,1000,364,636
050,40,071,"Oklahoma","Kay County",2,0,507,251,256
050,40,071,"Oklahoma","Kay County",2,1,501,253,248
050,40,071,"Oklahoma","Kay County",2,2,536,272,264
050,40,071,"Oklahoma","Kay County",2,3,581,300,281
050,40,071,"Oklahoma","Kay County",2,4,588,297,291
050,40,071,"Oklahoma","Kay County",2,5,594,299,295
050,40,071,"Oklahoma","Kay County",2,6,632,314,318
050,40,071,"Oklahoma","Kay County",2,7,616,332,284
050,40,071,"Oklahoma","Kay County",2,8,592,317,275
050,40,071,"Oklahoma","Kay County",2,9,619,311,308
050,40,071,"Oklahoma","Kay County",2,10,632,316,316
050,40,071,"Oklahoma","Kay County",2,11,650,332,318
050,40,071,"Oklahoma","Kay County",2,12,669,347,322
050,40,071,"Oklahoma","Kay County",2,13,656,336,320
050,40,071,"Oklahoma","Kay County",2,14,628,323,305
050,40,071,"Oklahoma","Kay County",2,15,639,323,316
050,40,071,"Oklahoma","Kay County",2,16,631,321,310
050,40,071,"Oklahoma","Kay County",2,17,606,311,295
050,40,071,"Oklahoma","Kay County",2,18,565,292,273
050,40,071,"Oklahoma","Kay County",2,19,557,289,268
050,40,071,"Oklahoma","Kay County",2,20,554,293,261
050,40,071,"Oklahoma","Kay County",2,21,495,267,228
050,40,071,"Oklahoma","Kay County",2,22,494,263,231
050,40,071,"Oklahoma","Kay County",2,23,504,269,235
050,40,071,"Oklahoma","Kay County",2,24,490,247,243
050,40,071,"Oklahoma","Kay County",2,25,493,242,251
050,40,071,"Oklahoma","Kay County",2,26,536,280,256
050,40,071,"Oklahoma","Kay County",2,27,571,290,281
050,40,071,"Oklahoma","Kay County",2,28,581,286,295
050,40,071,"Oklahoma","Kay County",2,29,571,289,282
050,40,071,"Oklahoma","Kay County",2,30,564,292,272
050,40,071,"Oklahoma","Kay County",2,31,509,255,254
050,40,071,"Oklahoma","Kay County",2,32,468,237,231
050,40,071,"Oklahoma","Kay County",2,33,466,233,233
050,40,071,"Oklahoma","Kay County",2,34,496,253,243
050,40,071,"Oklahoma","Kay County",2,35,507,259,248
050,40,071,"Oklahoma","Kay County",2,36,526,289,237
050,40,071,"Oklahoma","Kay County",2,37,522,279,243
050,40,071,"Oklahoma","Kay County",2,38,546,285,261
050,40,071,"Oklahoma","Kay County",2,39,546,279,267
050,40,071,"Oklahoma","Kay County",2,40,513,259,254
050,40,071,"Oklahoma","Kay County",2,41,498,256,242
050,40,071,"Oklahoma","Kay County",2,42,512,270,242
050,40,071,"Oklahoma","Kay County",2,43,516,276,240
050,40,071,"Oklahoma","Kay County",2,44,493,263,230
050,40,071,"Oklahoma","Kay County",2,45,459,239,220
050,40,071,"Oklahoma","Kay County",2,46,429,216,213
050,40,071,"Oklahoma","Kay County",2,47,434,216,218
050,40,071,"Oklahoma","Kay County",2,48,451,223,228
050,40,071,"Oklahoma","Kay County",2,49,477,259,218
050,40,071,"Oklahoma","Kay County",2,50,477,258,219
050,40,071,"Oklahoma","Kay County",2,51,471,238,233
050,40,071,"Oklahoma","Kay County",2,52,457,233,224
050,40,071,"Oklahoma","Kay County",2,53,465,242,223
050,40,071,"Oklahoma","Kay County",2,54,513,285,228
050,40,071,"Oklahoma","Kay County",2,55,528,266,262
050,40,071,"Oklahoma","Kay County",2,56,540,271,269
050,40,071,"Oklahoma","Kay County",2,57,542,265,277
050,40,071,"Oklahoma","Kay County",2,58,568,277,291
050,40,071,"Oklahoma","Kay County",2,59,584,293,291
050,40,071,"Oklahoma","Kay County",2,60,582,302,280
050,40,071,"Oklahoma","Kay County",2,61,560,286,274
050,40,071,"Oklahoma","Kay County",2,62,585,301,284
050,40,071,"Oklahoma","Kay County",2,63,564,278,286
050,40,071,"Oklahoma","Kay County",2,64,560,277,283
050,40,071,"Oklahoma","Kay County",2,65,535,263,272
050,40,071,"Oklahoma","Kay County",2,66,518,244,274
050,40,071,"Oklahoma","Kay County",2,67,513,231,282
050,40,071,"Oklahoma","Kay County",2,68,480,222,258
050,40,071,"Oklahoma","Kay County",2,69,459,210,249
050,40,071,"Oklahoma","Kay County",2,70,478,215,263
050,40,071,"Oklahoma","Kay County",2,71,476,219,257
050,40,071,"Oklahoma","Kay County",2,72,474,227,247
050,40,071,"Oklahoma","Kay County",2,73,502,244,258
050,40,071,"Oklahoma","Kay County",2,74,342,163,179
050,40,071,"Oklahoma","Kay County",2,75,325,153,172
050,40,071,"Oklahoma","Kay County",2,76,321,148,173
050,40,071,"Oklahoma","Kay County",2,77,333,157,176
050,40,071,"Oklahoma","Kay County",2,78,301,137,164
050,40,071,"Oklahoma","Kay County",2,79,278,119,159
050,40,071,"Oklahoma","Kay County",2,80,252,104,148
050,40,071,"Oklahoma","Kay County",2,81,236,102,134
050,40,071,"Oklahoma","Kay County",2,82,223,97,126
050,40,071,"Oklahoma","Kay County",2,83,172,76,96
050,40,071,"Oklahoma","Kay County",2,84,163,67,96
050,40,071,"Oklahoma","Kay County",2,85,1002,369,633
050,40,071,"Oklahoma","Kay County",3,0,517,258,259
050,40,071,"Oklahoma","Kay County",3,1,535,271,264
050,40,071,"Oklahoma","Kay County",3,2,514,257,257
050,40,071,"Oklahoma","Kay County",3,3,570,282,288
050,40,071,"Oklahoma","Kay County",3,4,604,310,294
050,40,071,"Oklahoma","Kay County",3,5,607,288,319
050,40,071,"Oklahoma","Kay County",3,6,596,297,299
050,40,071,"Oklahoma","Kay County",3,7,625,319,306
050,40,071,"Oklahoma","Kay County",3,8,630,345,285
050,40,071,"Oklahoma","Kay County",3,9,601,317,284
050,40,071,"Oklahoma","Kay County",3,10,629,311,318
050,40,071,"Oklahoma","Kay County",3,11,639,331,308
050,40,071,"Oklahoma","Kay County",3,12,636,319,317
050,40,071,"Oklahoma","Kay County",3,13,667,341,326
050,40,071,"Oklahoma","Kay County",3,14,655,330,325
050,40,071,"Oklahoma","Kay County",3,15,645,327,318
050,40,071,"Oklahoma","Kay County",3,16,631,320,311
050,40,071,"Oklahoma","Kay County",3,17,631,322,309
050,40,071,"Oklahoma","Kay County",3,18,588,314,274
050,40,071,"Oklahoma","Kay County",3,19,568,297,271
050,40,071,"Oklahoma","Kay County",3,20,562,291,271
050,40,071,"Oklahoma","Kay County",3,21,486,252,234
050,40,071,"Oklahoma","Kay County",3,22,503,268,235
050,40,071,"Oklahoma","Kay County",3,23,499,263,236
050,40,071,"Oklahoma","Kay County",3,24,518,271,247
050,40,071,"Oklahoma","Kay County",3,25,512,260,252
050,40,071,"Oklahoma","Kay County",3,26,536,273,263
050,40,071,"Oklahoma","Kay County",3,27,530,283,247
050,40,071,"Oklahoma","Kay County",3,28,553,284,269
050,40,071,"Oklahoma","Kay County",3,29,584,286,298
050,40,071,"Oklahoma","Kay County",3,30,568,287,281
050,40,071,"Oklahoma","Kay County",3,31,582,295,287
050,40,071,"Oklahoma","Kay County",3,32,528,275,253
050,40,071,"Oklahoma","Kay County",3,33,477,232,245
050,40,071,"Oklahoma","Kay County",3,34,469,237,232
050,40,071,"Oklahoma","Kay County",3,35,473,241,232
050,40,071,"Oklahoma","Kay County",3,36,536,275,261
050,40,071,"Oklahoma","Kay County",3,37,519,277,242
050,40,071,"Oklahoma","Kay County",3,38,531,285,246
050,40,071,"Oklahoma","Kay County",3,39,544,282,262
050,40,071,"Oklahoma","Kay County",3,40,554,288,266
050,40,071,"Oklahoma","Kay County",3,41,526,268,258
050,40,071,"Oklahoma","Kay County",3,42,501,258,243
050,40,071,"Oklahoma","Kay County",3,43,515,273,242
050,40,071,"Oklahoma","Kay County",3,44,524,279,245
050,40,071,"Oklahoma","Kay County",3,45,499,263,236
050,40,071,"Oklahoma","Kay County",3,46,472,244,228
050,40,071,"Oklahoma","Kay County",3,47,427,210,217
050,40,071,"Oklahoma","Kay County",3,48,430,213,217
050,40,071,"Oklahoma","Kay County",3,49,463,229,234
050,40,071,"Oklahoma","Kay County",3,50,468,249,219
050,40,071,"Oklahoma","Kay County",3,51,469,256,213
050,40,071,"Oklahoma","Kay County",3,52,485,252,233
050,40,071,"Oklahoma","Kay County",3,53,449,229,220
050,40,071,"Oklahoma","Kay County",3,54,470,248,222
050,40,071,"Oklahoma","Kay County",3,55,496,266,230
050,40,071,"Oklahoma","Kay County",3,56,517,258,259
050,40,071,"Oklahoma","Kay County",3,57,520,265,255
050,40,071,"Oklahoma","Kay County",3,58,538,265,273
050,40,071,"Oklahoma","Kay County",3,59,560,265,295
050,40,071,"Oklahoma","Kay County",3,60,594,305,289
050,40,071,"Oklahoma","Kay County",3,61,568,285,283
050,40,071,"Oklahoma","Kay County",3,62,551,278,273
050,40,071,"Oklahoma","Kay County",3,63,574,295,279
050,40,071,"Oklahoma","Kay County",3,64,560,273,287
050,40,071,"Oklahoma","Kay County",3,65,549,272,277
050,40,071,"Oklahoma","Kay County",3,66,510,252,258
050,40,071,"Oklahoma","Kay County",3,67,512,239,273
050,40,071,"Oklahoma","Kay County",3,68,502,227,275
050,40,071,"Oklahoma","Kay County",3,69,454,204,250
050,40,071,"Oklahoma","Kay County",3,70,463,213,250
050,40,071,"Oklahoma","Kay County",3,71,464,212,252
050,40,071,"Oklahoma","Kay County",3,72,465,214,251
050,40,071,"Oklahoma","Kay County",3,73,456,222,234
050,40,071,"Oklahoma","Kay County",3,74,484,235,249
050,40,071,"Oklahoma","Kay County",3,75,315,150,165
050,40,071,"Oklahoma","Kay County",3,76,305,143,162
050,40,071,"Oklahoma","Kay County",3,77,305,139,166
050,40,071,"Oklahoma","Kay County",3,78,309,144,165
050,40,071,"Oklahoma","Kay County",3,79,290,128,162
050,40,071,"Oklahoma","Kay County",3,80,258,111,147
050,40,071,"Oklahoma","Kay County",3,81,219,85,134
050,40,071,"Oklahoma","Kay County",3,82,207,90,117
050,40,071,"Oklahoma","Kay County",3,83,197,85,112
050,40,071,"Oklahoma","Kay County",3,84,156,66,90
050,40,071,"Oklahoma","Kay County",3,85,967,351,616
050,40,071,"Oklahoma","Kay County",4,0,548,293,255
050,40,071,"Oklahoma","Kay County",4,1,504,243,261
050,40,071,"Oklahoma","Kay County",4,2,542,275,267
050,40,071,"Oklahoma","Kay County",4,3,533,261,272
050,40,071,"Oklahoma","Kay County",4,4,571,279,292
050,40,071,"Oklahoma","Kay County",4,5,635,327,308
050,40,071,"Oklahoma","Kay County",4,6,602,297,305
050,40,071,"Oklahoma","Kay County",4,7,590,284,306
050,40,071,"Oklahoma","Kay County",4,8,631,328,303
050,40,071,"Oklahoma","Kay County",4,9,625,344,281
050,40,071,"Oklahoma","Kay County",4,10,595,315,280
050,40,071,"Oklahoma","Kay County",4,11,649,317,332
050,40,071,"Oklahoma","Kay County",4,12,654,331,323
050,40,071,"Oklahoma","Kay County",4,13,651,320,331
050,40,071,"Oklahoma","Kay County",4,14,658,338,320
050,40,071,"Oklahoma","Kay County",4,15,635,322,313
050,40,071,"Oklahoma","Kay County",4,16,654,326,328
050,40,071,"Oklahoma","Kay County",4,17,634,323,311
050,40,071,"Oklahoma","Kay County",4,18,604,321,283
050,40,071,"Oklahoma","Kay County",4,19,554,302,252
050,40,071,"Oklahoma","Kay County",4,20,554,295,259
050,40,071,"Oklahoma","Kay County",4,21,500,254,246
050,40,071,"Oklahoma","Kay County",4,22,516,261,255
050,40,071,"Oklahoma","Kay County",4,23,536,281,255
050,40,071,"Oklahoma","Kay County",4,24,498,242,256
050,40,071,"Oklahoma","Kay County",4,25,510,268,242
050,40,071,"Oklahoma","Kay County",4,26,513,272,241
050,40,071,"Oklahoma","Kay County",4,27,531,273,258
050,40,071,"Oklahoma","Kay County",4,28,523,282,241
050,40,071,"Oklahoma","Kay County",4,29,565,293,272
050,40,071,"Oklahoma","Kay County",4,30,583,287,296
050,40,071,"Oklahoma","Kay County",4,31,580,291,289
050,40,071,"Oklahoma","Kay County",4,32,592,302,290
050,40,071,"Oklahoma","Kay County",4,33,522,280,242
050,40,071,"Oklahoma","Kay County",4,34,486,235,251
050,40,071,"Oklahoma","Kay County",4,35,462,231,231
050,40,071,"Oklahoma","Kay County",4,36,486,251,235
050,40,071,"Oklahoma","Kay County",4,37,548,278,270
050,40,071,"Oklahoma","Kay County",4,38,548,288,260
050,40,071,"Oklahoma","Kay County",4,39,537,289,248
050,40,071,"Oklahoma","Kay County",4,40,546,288,258
050,40,071,"Oklahoma","Kay County",4,41,547,286,261
050,40,071,"Oklahoma","Kay County",4,42,525,263,262
050,40,071,"Oklahoma","Kay County",4,43,503,257,246
050,40,071,"Oklahoma","Kay County",4,44,526,282,244
050,40,071,"Oklahoma","Kay County",4,45,520,271,249
050,40,071,"Oklahoma","Kay County",4,46,488,250,238
050,40,071,"Oklahoma","Kay County",4,47,458,225,233
050,40,071,"Oklahoma","Kay County",4,48,430,221,209
050,40,071,"Oklahoma","Kay County",4,49,431,215,216
050,40,071,"Oklahoma","Kay County",4,50,454,221,233
050,40,071,"Oklahoma","Kay County",4,51,478,250,228
050,40,071,"Oklahoma","Kay County",4,52,469,259,210
050,40,071,"Oklahoma","Kay County",4,53,482,250,232
050,40,071,"Oklahoma","Kay County",4,54,463,240,223
050,40,071,"Oklahoma","Kay County",4,55,450,232,218
050,40,071,"Oklahoma","Kay County",4,56,491,262,229
050,40,071,"Oklahoma","Kay County",4,57,504,249,255
050,40,071,"Oklahoma","Kay County",4,58,517,260,257
050,40,071,"Oklahoma","Kay County",4,59,530,260,270
050,40,071,"Oklahoma","Kay County",4,60,574,283,291
050,40,071,"Oklahoma","Kay County",4,61,558,285,273
050,40,071,"Oklahoma","Kay County",4,62,558,278,280
050,40,071,"Oklahoma","Kay County",4,63,541,269,272
050,40,071,"Oklahoma","Kay County",4,64,566,289,277
050,40,071,"Oklahoma","Kay County",4,65,548,267,281
050,40,071,"Oklahoma","Kay County",4,66,545,273,272
050,40,071,"Oklahoma","Kay County",4,67,511,247,264
050,40,071,"Oklahoma","Kay County",4,68,493,231,262
050,40,071,"Oklahoma","Kay County",4,69,495,216,279
050,40,071,"Oklahoma","Kay County",4,70,456,207,249
050,40,071,"Oklahoma","Kay County",4,71,452,207,245
050,40,071,"Oklahoma","Kay County",4,72,447,204,243
050,40,071,"Oklahoma","Kay County",4,73,451,209,242
050,40,071,"Oklahoma","Kay County",4,74,439,210,229
050,40,071,"Oklahoma","Kay County",4,75,467,227,240
050,40,071,"Oklahoma","Kay County",4,76,304,146,158
050,40,071,"Oklahoma","Kay County",4,77,291,135,156
050,40,071,"Oklahoma","Kay County",4,78,281,125,156
050,40,071,"Oklahoma","Kay County",4,79,280,123,157
050,40,071,"Oklahoma","Kay County",4,80,280,125,155
050,40,071,"Oklahoma","Kay County",4,81,224,92,132
050,40,071,"Oklahoma","Kay County",4,82,206,79,127
050,40,071,"Oklahoma","Kay County",4,83,184,79,105
050,40,071,"Oklahoma","Kay County",4,84,178,76,102
050,40,071,"Oklahoma","Kay County",4,85,938,348,590
050,40,071,"Oklahoma","Kay County",5,0,549,296,253
050,40,071,"Oklahoma","Kay County",5,1,530,288,242
050,40,071,"Oklahoma","Kay County",5,2,502,238,264
050,40,071,"Oklahoma","Kay County",5,3,537,269,268
050,40,071,"Oklahoma","Kay County",5,4,523,257,266
050,40,071,"Oklahoma","Kay County",5,5,558,268,290
050,40,071,"Oklahoma","Kay County",5,6,631,322,309
050,40,071,"Oklahoma","Kay County",5,7,612,303,309
050,40,071,"Oklahoma","Kay County",5,8,580,285,295
050,40,071,"Oklahoma","Kay County",5,9,630,321,309
050,40,071,"Oklahoma","Kay County",5,10,646,355,291
050,40,071,"Oklahoma","Kay County",5,11,606,322,284
050,40,071,"Oklahoma","Kay County",5,12,652,316,336
050,40,071,"Oklahoma","Kay County",5,13,649,331,318
050,40,071,"Oklahoma","Kay County",5,14,630,311,319
050,40,071,"Oklahoma","Kay County",5,15,674,339,335
050,40,071,"Oklahoma","Kay County",5,16,639,319,320
050,40,071,"Oklahoma","Kay County",5,17,651,336,315
050,40,071,"Oklahoma","Kay County",5,18,614,320,294
050,40,071,"Oklahoma","Kay County",5,19,576,310,266
050,40,071,"Oklahoma","Kay County",5,20,563,296,267
050,40,071,"Oklahoma","Kay County",5,21,511,265,246
050,40,071,"Oklahoma","Kay County",5,22,533,271,262
050,40,071,"Oklahoma","Kay County",5,23,552,278,274
050,40,071,"Oklahoma","Kay County",5,24,539,278,261
050,40,071,"Oklahoma","Kay County",5,25,492,241,251
050,40,071,"Oklahoma","Kay County",5,26,518,278,240
050,40,071,"Oklahoma","Kay County",5,27,512,268,244
050,40,071,"Oklahoma","Kay County",5,28,506,255,251
050,40,071,"Oklahoma","Kay County",5,29,518,285,233
050,40,071,"Oklahoma","Kay County",5,30,568,292,276
050,40,071,"Oklahoma","Kay County",5,31,581,282,299
050,40,071,"Oklahoma","Kay County",5,32,582,295,287
050,40,071,"Oklahoma","Kay County",5,33,588,293,295
050,40,071,"Oklahoma","Kay County",5,34,516,278,238
050,40,071,"Oklahoma","Kay County",5,35,464,223,241
050,40,071,"Oklahoma","Kay County",5,36,456,223,233
050,40,071,"Oklahoma","Kay County",5,37,491,246,245
050,40,071,"Oklahoma","Kay County",5,38,533,269,264
050,40,071,"Oklahoma","Kay County",5,39,540,275,265
050,40,071,"Oklahoma","Kay County",5,40,539,287,252
050,40,071,"Oklahoma","Kay County",5,41,556,295,261
050,40,071,"Oklahoma","Kay County",5,42,534,280,254
050,40,071,"Oklahoma","Kay County",5,43,519,260,259
050,40,071,"Oklahoma","Kay County",5,44,507,268,239
050,40,071,"Oklahoma","Kay County",5,45,526,282,244
050,40,071,"Oklahoma","Kay County",5,46,515,267,248
050,40,071,"Oklahoma","Kay County",5,47,491,241,250
050,40,071,"Oklahoma","Kay County",5,48,452,229,223
050,40,071,"Oklahoma","Kay County",5,49,435,230,205
050,40,071,"Oklahoma","Kay County",5,50,423,208,215
050,40,071,"Oklahoma","Kay County",5,51,467,224,243
050,40,071,"Oklahoma","Kay County",5,52,477,261,216
050,40,071,"Oklahoma","Kay County",5,53,470,253,217
050,40,071,"Oklahoma","Kay County",5,54,495,259,236
050,40,071,"Oklahoma","Kay County",5,55,447,224,223
050,40,071,"Oklahoma","Kay County",5,56,451,231,220
050,40,071,"Oklahoma","Kay County",5,57,472,253,219
050,40,071,"Oklahoma","Kay County",5,58,501,253,248
050,40,071,"Oklahoma","Kay County",5,59,509,250,259
050,40,071,"Oklahoma","Kay County",5,60,536,269,267
050,40,071,"Oklahoma","Kay County",5,61,571,278,293
050,40,071,"Oklahoma","Kay County",5,62,552,280,272
050,40,071,"Oklahoma","Kay County",5,63,551,272,279
050,40,071,"Oklahoma","Kay County",5,64,536,265,271
050,40,071,"Oklahoma","Kay County",5,65,551,283,268
050,40,071,"Oklahoma","Kay County",5,66,535,262,273
050,40,071,"Oklahoma","Kay County",5,67,533,264,269
050,40,071,"Oklahoma","Kay County",5,68,492,242,250
050,40,071,"Oklahoma","Kay County",5,69,470,217,253
050,40,071,"Oklahoma","Kay County",5,70,501,218,283
050,40,071,"Oklahoma","Kay County",5,71,441,204,237
050,40,071,"Oklahoma","Kay County",5,72,443,204,239
050,40,071,"Oklahoma","Kay County",5,73,429,198,231
050,40,071,"Oklahoma","Kay County",5,74,434,196,238
050,40,071,"Oklahoma","Kay County",5,75,419,200,219
050,40,071,"Oklahoma","Kay County",5,76,452,218,234
050,40,071,"Oklahoma","Kay County",5,77,294,137,157
050,40,071,"Oklahoma","Kay County",5,78,260,116,144
050,40,071,"Oklahoma","Kay County",5,79,258,105,153
050,40,071,"Oklahoma","Kay County",5,80,277,125,152
050,40,071,"Oklahoma","Kay County",5,81,253,115,138
050,40,071,"Oklahoma","Kay County",5,82,208,86,122
050,40,071,"Oklahoma","Kay County",5,83,187,68,119
050,40,071,"Oklahoma","Kay County",5,84,170,70,100
050,40,071,"Oklahoma","Kay County",5,85,950,361,589
050,40,073,"Oklahoma","Kingfisher County",1,0,177,89,88
050,40,073,"Oklahoma","Kingfisher County",1,1,190,93,97
050,40,073,"Oklahoma","Kingfisher County",1,2,176,89,87
050,40,073,"Oklahoma","Kingfisher County",1,3,200,98,102
050,40,073,"Oklahoma","Kingfisher County",1,4,205,103,102
050,40,073,"Oklahoma","Kingfisher County",1,5,237,118,119
050,40,073,"Oklahoma","Kingfisher County",1,6,227,105,122
050,40,073,"Oklahoma","Kingfisher County",1,7,227,104,123
050,40,073,"Oklahoma","Kingfisher County",1,8,225,117,108
050,40,073,"Oklahoma","Kingfisher County",1,9,250,128,122
050,40,073,"Oklahoma","Kingfisher County",1,10,264,140,124
050,40,073,"Oklahoma","Kingfisher County",1,11,267,143,124
050,40,073,"Oklahoma","Kingfisher County",1,12,246,127,119
050,40,073,"Oklahoma","Kingfisher County",1,13,235,122,113
050,40,073,"Oklahoma","Kingfisher County",1,14,248,121,127
050,40,073,"Oklahoma","Kingfisher County",1,15,226,113,113
050,40,073,"Oklahoma","Kingfisher County",1,16,229,120,109
050,40,073,"Oklahoma","Kingfisher County",1,17,236,130,106
050,40,073,"Oklahoma","Kingfisher County",1,18,222,129,93
050,40,073,"Oklahoma","Kingfisher County",1,19,184,107,77
050,40,073,"Oklahoma","Kingfisher County",1,20,177,98,79
050,40,073,"Oklahoma","Kingfisher County",1,21,190,103,87
050,40,073,"Oklahoma","Kingfisher County",1,22,164,80,84
050,40,073,"Oklahoma","Kingfisher County",1,23,145,67,78
050,40,073,"Oklahoma","Kingfisher County",1,24,173,99,74
050,40,073,"Oklahoma","Kingfisher County",1,25,174,96,78
050,40,073,"Oklahoma","Kingfisher County",1,26,177,88,89
050,40,073,"Oklahoma","Kingfisher County",1,27,188,103,85
050,40,073,"Oklahoma","Kingfisher County",1,28,195,94,101
050,40,073,"Oklahoma","Kingfisher County",1,29,162,88,74
050,40,073,"Oklahoma","Kingfisher County",1,30,167,72,95
050,40,073,"Oklahoma","Kingfisher County",1,31,173,81,92
050,40,073,"Oklahoma","Kingfisher County",1,32,181,90,91
050,40,073,"Oklahoma","Kingfisher County",1,33,192,108,84
050,40,073,"Oklahoma","Kingfisher County",1,34,168,86,82
050,40,073,"Oklahoma","Kingfisher County",1,35,202,109,93
050,40,073,"Oklahoma","Kingfisher County",1,36,202,97,105
050,40,073,"Oklahoma","Kingfisher County",1,37,208,100,108
050,40,073,"Oklahoma","Kingfisher County",1,38,215,105,110
050,40,073,"Oklahoma","Kingfisher County",1,39,223,120,103
050,40,073,"Oklahoma","Kingfisher County",1,40,208,108,100
050,40,073,"Oklahoma","Kingfisher County",1,41,192,101,91
050,40,073,"Oklahoma","Kingfisher County",1,42,173,82,91
050,40,073,"Oklahoma","Kingfisher County",1,43,167,90,77
050,40,073,"Oklahoma","Kingfisher County",1,44,151,74,77
050,40,073,"Oklahoma","Kingfisher County",1,45,169,92,77
050,40,073,"Oklahoma","Kingfisher County",1,46,176,93,83
050,40,073,"Oklahoma","Kingfisher County",1,47,183,94,89
050,40,073,"Oklahoma","Kingfisher County",1,48,172,88,84
050,40,073,"Oklahoma","Kingfisher County",1,49,173,94,79
050,40,073,"Oklahoma","Kingfisher County",1,50,173,97,76
050,40,073,"Oklahoma","Kingfisher County",1,51,163,95,68
050,40,073,"Oklahoma","Kingfisher County",1,52,157,82,75
050,40,073,"Oklahoma","Kingfisher County",1,53,170,89,81
050,40,073,"Oklahoma","Kingfisher County",1,54,165,82,83
050,40,073,"Oklahoma","Kingfisher County",1,55,197,97,100
050,40,073,"Oklahoma","Kingfisher County",1,56,205,106,99
050,40,073,"Oklahoma","Kingfisher County",1,57,203,104,99
050,40,073,"Oklahoma","Kingfisher County",1,58,226,114,112
050,40,073,"Oklahoma","Kingfisher County",1,59,204,101,103
050,40,073,"Oklahoma","Kingfisher County",1,60,217,117,100
050,40,073,"Oklahoma","Kingfisher County",1,61,206,109,97
050,40,073,"Oklahoma","Kingfisher County",1,62,186,92,94
050,40,073,"Oklahoma","Kingfisher County",1,63,173,77,96
050,40,073,"Oklahoma","Kingfisher County",1,64,170,76,94
050,40,073,"Oklahoma","Kingfisher County",1,65,180,90,90
050,40,073,"Oklahoma","Kingfisher County",1,66,170,94,76
050,40,073,"Oklahoma","Kingfisher County",1,67,167,91,76
050,40,073,"Oklahoma","Kingfisher County",1,68,158,85,73
050,40,073,"Oklahoma","Kingfisher County",1,69,135,67,68
050,40,073,"Oklahoma","Kingfisher County",1,70,123,60,63
050,40,073,"Oklahoma","Kingfisher County",1,71,120,56,64
050,40,073,"Oklahoma","Kingfisher County",1,72,115,53,62
050,40,073,"Oklahoma","Kingfisher County",1,73,129,63,66
050,40,073,"Oklahoma","Kingfisher County",1,74,92,44,48
050,40,073,"Oklahoma","Kingfisher County",1,75,103,41,62
050,40,073,"Oklahoma","Kingfisher County",1,76,81,29,52
050,40,073,"Oklahoma","Kingfisher County",1,77,75,35,40
050,40,073,"Oklahoma","Kingfisher County",1,78,79,36,43
050,40,073,"Oklahoma","Kingfisher County",1,79,80,39,41
050,40,073,"Oklahoma","Kingfisher County",1,80,78,31,47
050,40,073,"Oklahoma","Kingfisher County",1,81,75,35,40
050,40,073,"Oklahoma","Kingfisher County",1,82,67,26,41
050,40,073,"Oklahoma","Kingfisher County",1,83,62,27,35
050,40,073,"Oklahoma","Kingfisher County",1,84,50,23,27
050,40,073,"Oklahoma","Kingfisher County",1,85,325,113,212
050,40,073,"Oklahoma","Kingfisher County",2,0,190,94,96
050,40,073,"Oklahoma","Kingfisher County",2,1,185,91,94
050,40,073,"Oklahoma","Kingfisher County",2,2,178,90,88
050,40,073,"Oklahoma","Kingfisher County",2,3,195,97,98
050,40,073,"Oklahoma","Kingfisher County",2,4,208,104,104
050,40,073,"Oklahoma","Kingfisher County",2,5,226,111,115
050,40,073,"Oklahoma","Kingfisher County",2,6,229,107,122
050,40,073,"Oklahoma","Kingfisher County",2,7,226,104,122
050,40,073,"Oklahoma","Kingfisher County",2,8,227,115,112
050,40,073,"Oklahoma","Kingfisher County",2,9,247,128,119
050,40,073,"Oklahoma","Kingfisher County",2,10,259,137,122
050,40,073,"Oklahoma","Kingfisher County",2,11,264,140,124
050,40,073,"Oklahoma","Kingfisher County",2,12,250,130,120
050,40,073,"Oklahoma","Kingfisher County",2,13,238,122,116
050,40,073,"Oklahoma","Kingfisher County",2,14,244,120,124
050,40,073,"Oklahoma","Kingfisher County",2,15,231,115,116
050,40,073,"Oklahoma","Kingfisher County",2,16,227,119,108
050,40,073,"Oklahoma","Kingfisher County",2,17,234,128,106
050,40,073,"Oklahoma","Kingfisher County",2,18,216,127,89
050,40,073,"Oklahoma","Kingfisher County",2,19,186,109,77
050,40,073,"Oklahoma","Kingfisher County",2,20,182,101,81
050,40,073,"Oklahoma","Kingfisher County",2,21,182,98,84
050,40,073,"Oklahoma","Kingfisher County",2,22,168,85,83
050,40,073,"Oklahoma","Kingfisher County",2,23,150,70,80
050,40,073,"Oklahoma","Kingfisher County",2,24,168,95,73
050,40,073,"Oklahoma","Kingfisher County",2,25,170,93,77
050,40,073,"Oklahoma","Kingfisher County",2,26,173,88,85
050,40,073,"Oklahoma","Kingfisher County",2,27,185,99,86
050,40,073,"Oklahoma","Kingfisher County",2,28,192,96,96
050,40,073,"Oklahoma","Kingfisher County",2,29,171,90,81
050,40,073,"Oklahoma","Kingfisher County",2,30,171,77,94
050,40,073,"Oklahoma","Kingfisher County",2,31,169,79,90
050,40,073,"Oklahoma","Kingfisher County",2,32,177,87,90
050,40,073,"Oklahoma","Kingfisher County",2,33,190,105,85
050,40,073,"Oklahoma","Kingfisher County",2,34,173,91,82
050,40,073,"Oklahoma","Kingfisher County",2,35,198,106,92
050,40,073,"Oklahoma","Kingfisher County",2,36,199,98,101
050,40,073,"Oklahoma","Kingfisher County",2,37,209,102,107
050,40,073,"Oklahoma","Kingfisher County",2,38,213,103,110
050,40,073,"Oklahoma","Kingfisher County",2,39,221,116,105
050,40,073,"Oklahoma","Kingfisher County",2,40,215,113,102
050,40,073,"Oklahoma","Kingfisher County",2,41,196,103,93
050,40,073,"Oklahoma","Kingfisher County",2,42,176,86,90
050,40,073,"Oklahoma","Kingfisher County",2,43,169,89,80
050,40,073,"Oklahoma","Kingfisher County",2,44,154,78,76
050,40,073,"Oklahoma","Kingfisher County",2,45,168,90,78
050,40,073,"Oklahoma","Kingfisher County",2,46,173,92,81
050,40,073,"Oklahoma","Kingfisher County",2,47,178,92,86
050,40,073,"Oklahoma","Kingfisher County",2,48,173,89,84
050,40,073,"Oklahoma","Kingfisher County",2,49,174,93,81
050,40,073,"Oklahoma","Kingfisher County",2,50,169,94,75
050,40,073,"Oklahoma","Kingfisher County",2,51,163,93,70
050,40,073,"Oklahoma","Kingfisher County",2,52,158,85,73
050,40,073,"Oklahoma","Kingfisher County",2,53,166,87,79
050,40,073,"Oklahoma","Kingfisher County",2,54,166,83,83
050,40,073,"Oklahoma","Kingfisher County",2,55,185,92,93
050,40,073,"Oklahoma","Kingfisher County",2,56,204,104,100
050,40,073,"Oklahoma","Kingfisher County",2,57,206,106,100
050,40,073,"Oklahoma","Kingfisher County",2,58,217,109,108
050,40,073,"Oklahoma","Kingfisher County",2,59,207,103,104
050,40,073,"Oklahoma","Kingfisher County",2,60,212,113,99
050,40,073,"Oklahoma","Kingfisher County",2,61,205,108,97
050,40,073,"Oklahoma","Kingfisher County",2,62,190,95,95
050,40,073,"Oklahoma","Kingfisher County",2,63,179,82,97
050,40,073,"Oklahoma","Kingfisher County",2,64,169,75,94
050,40,073,"Oklahoma","Kingfisher County",2,65,178,87,91
050,40,073,"Oklahoma","Kingfisher County",2,66,173,93,80
050,40,073,"Oklahoma","Kingfisher County",2,67,168,91,77
050,40,073,"Oklahoma","Kingfisher County",2,68,160,86,74
050,40,073,"Oklahoma","Kingfisher County",2,69,142,72,70
050,40,073,"Oklahoma","Kingfisher County",2,70,126,61,65
050,40,073,"Oklahoma","Kingfisher County",2,71,118,55,63
050,40,073,"Oklahoma","Kingfisher County",2,72,113,52,61
050,40,073,"Oklahoma","Kingfisher County",2,73,133,64,69
050,40,073,"Oklahoma","Kingfisher County",2,74,94,46,48
050,40,073,"Oklahoma","Kingfisher County",2,75,101,42,59
050,40,073,"Oklahoma","Kingfisher County",2,76,84,31,53
050,40,073,"Oklahoma","Kingfisher County",2,77,76,34,42
050,40,073,"Oklahoma","Kingfisher County",2,78,79,36,43
050,40,073,"Oklahoma","Kingfisher County",2,79,79,38,41
050,40,073,"Oklahoma","Kingfisher County",2,80,79,33,46
050,40,073,"Oklahoma","Kingfisher County",2,81,74,34,40
050,40,073,"Oklahoma","Kingfisher County",2,82,69,28,41
050,40,073,"Oklahoma","Kingfisher County",2,83,64,28,36
050,40,073,"Oklahoma","Kingfisher County",2,84,53,24,29
050,40,073,"Oklahoma","Kingfisher County",2,85,322,115,207
050,40,073,"Oklahoma","Kingfisher County",3,0,164,85,79
050,40,073,"Oklahoma","Kingfisher County",3,1,193,96,97
050,40,073,"Oklahoma","Kingfisher County",3,2,202,103,99
050,40,073,"Oklahoma","Kingfisher County",3,3,184,89,95
050,40,073,"Oklahoma","Kingfisher County",3,4,195,95,100
050,40,073,"Oklahoma","Kingfisher County",3,5,204,101,103
050,40,073,"Oklahoma","Kingfisher County",3,6,236,118,118
050,40,073,"Oklahoma","Kingfisher County",3,7,220,106,114
050,40,073,"Oklahoma","Kingfisher County",3,8,220,99,121
050,40,073,"Oklahoma","Kingfisher County",3,9,227,116,111
050,40,073,"Oklahoma","Kingfisher County",3,10,254,133,121
050,40,073,"Oklahoma","Kingfisher County",3,11,259,135,124
050,40,073,"Oklahoma","Kingfisher County",3,12,277,146,131
050,40,073,"Oklahoma","Kingfisher County",3,13,257,135,122
050,40,073,"Oklahoma","Kingfisher County",3,14,248,118,130
050,40,073,"Oklahoma","Kingfisher County",3,15,250,122,128
050,40,073,"Oklahoma","Kingfisher County",3,16,240,119,121
050,40,073,"Oklahoma","Kingfisher County",3,17,219,118,101
050,40,073,"Oklahoma","Kingfisher County",3,18,209,118,91
050,40,073,"Oklahoma","Kingfisher County",3,19,187,108,79
050,40,073,"Oklahoma","Kingfisher County",3,20,188,105,83
050,40,073,"Oklahoma","Kingfisher County",3,21,187,102,85
050,40,073,"Oklahoma","Kingfisher County",3,22,188,98,90
050,40,073,"Oklahoma","Kingfisher County",3,23,190,94,96
050,40,073,"Oklahoma","Kingfisher County",3,24,161,87,74
050,40,073,"Oklahoma","Kingfisher County",3,25,154,81,73
050,40,073,"Oklahoma","Kingfisher County",3,26,160,88,72
050,40,073,"Oklahoma","Kingfisher County",3,27,165,79,86
050,40,073,"Oklahoma","Kingfisher County",3,28,183,98,85
050,40,073,"Oklahoma","Kingfisher County",3,29,199,103,96
050,40,073,"Oklahoma","Kingfisher County",3,30,186,89,97
050,40,073,"Oklahoma","Kingfisher County",3,31,188,92,96
050,40,073,"Oklahoma","Kingfisher County",3,32,170,77,93
050,40,073,"Oklahoma","Kingfisher County",3,33,200,102,98
050,40,073,"Oklahoma","Kingfisher County",3,34,189,106,83
050,40,073,"Oklahoma","Kingfisher County",3,35,182,99,83
050,40,073,"Oklahoma","Kingfisher County",3,36,197,101,96
050,40,073,"Oklahoma","Kingfisher County",3,37,204,97,107
050,40,073,"Oklahoma","Kingfisher County",3,38,215,103,112
050,40,073,"Oklahoma","Kingfisher County",3,39,212,101,111
050,40,073,"Oklahoma","Kingfisher County",3,40,221,116,105
050,40,073,"Oklahoma","Kingfisher County",3,41,214,111,103
050,40,073,"Oklahoma","Kingfisher County",3,42,191,102,89
050,40,073,"Oklahoma","Kingfisher County",3,43,173,84,89
050,40,073,"Oklahoma","Kingfisher County",3,44,175,89,86
050,40,073,"Oklahoma","Kingfisher County",3,45,156,83,73
050,40,073,"Oklahoma","Kingfisher County",3,46,155,77,78
050,40,073,"Oklahoma","Kingfisher County",3,47,176,95,81
050,40,073,"Oklahoma","Kingfisher County",3,48,177,93,84
050,40,073,"Oklahoma","Kingfisher County",3,49,177,94,83
050,40,073,"Oklahoma","Kingfisher County",3,50,165,91,74
050,40,073,"Oklahoma","Kingfisher County",3,51,169,92,77
050,40,073,"Oklahoma","Kingfisher County",3,52,164,92,72
050,40,073,"Oklahoma","Kingfisher County",3,53,159,87,72
050,40,073,"Oklahoma","Kingfisher County",3,54,160,82,78
050,40,073,"Oklahoma","Kingfisher County",3,55,161,79,82
050,40,073,"Oklahoma","Kingfisher County",3,56,181,88,93
050,40,073,"Oklahoma","Kingfisher County",3,57,214,109,105
050,40,073,"Oklahoma","Kingfisher County",3,58,199,105,94
050,40,073,"Oklahoma","Kingfisher County",3,59,215,107,108
050,40,073,"Oklahoma","Kingfisher County",3,60,209,105,104
050,40,073,"Oklahoma","Kingfisher County",3,61,199,107,92
050,40,073,"Oklahoma","Kingfisher County",3,62,204,107,97
050,40,073,"Oklahoma","Kingfisher County",3,63,186,88,98
050,40,073,"Oklahoma","Kingfisher County",3,64,176,80,96
050,40,073,"Oklahoma","Kingfisher County",3,65,168,75,93
050,40,073,"Oklahoma","Kingfisher County",3,66,171,81,90
050,40,073,"Oklahoma","Kingfisher County",3,67,168,89,79
050,40,073,"Oklahoma","Kingfisher County",3,68,166,92,74
050,40,073,"Oklahoma","Kingfisher County",3,69,161,88,73
050,40,073,"Oklahoma","Kingfisher County",3,70,139,70,69
050,40,073,"Oklahoma","Kingfisher County",3,71,120,57,63
050,40,073,"Oklahoma","Kingfisher County",3,72,113,51,62
050,40,073,"Oklahoma","Kingfisher County",3,73,103,48,55
050,40,073,"Oklahoma","Kingfisher County",3,74,132,66,66
050,40,073,"Oklahoma","Kingfisher County",3,75,82,37,45
050,40,073,"Oklahoma","Kingfisher County",3,76,95,40,55
050,40,073,"Oklahoma","Kingfisher County",3,77,73,28,45
050,40,073,"Oklahoma","Kingfisher County",3,78,77,33,44
050,40,073,"Oklahoma","Kingfisher County",3,79,78,39,39
050,40,073,"Oklahoma","Kingfisher County",3,80,76,34,42
050,40,073,"Oklahoma","Kingfisher County",3,81,76,35,41
050,40,073,"Oklahoma","Kingfisher County",3,82,61,27,34
050,40,073,"Oklahoma","Kingfisher County",3,83,66,25,41
050,40,073,"Oklahoma","Kingfisher County",3,84,52,21,31
050,40,073,"Oklahoma","Kingfisher County",3,85,307,108,199
050,40,073,"Oklahoma","Kingfisher County",4,0,157,79,78
050,40,073,"Oklahoma","Kingfisher County",4,1,165,89,76
050,40,073,"Oklahoma","Kingfisher County",4,2,198,97,101
050,40,073,"Oklahoma","Kingfisher County",4,3,214,108,106
050,40,073,"Oklahoma","Kingfisher County",4,4,181,85,96
050,40,073,"Oklahoma","Kingfisher County",4,5,201,99,102
050,40,073,"Oklahoma","Kingfisher County",4,6,214,112,102
050,40,073,"Oklahoma","Kingfisher County",4,7,240,117,123
050,40,073,"Oklahoma","Kingfisher County",4,8,236,120,116
050,40,073,"Oklahoma","Kingfisher County",4,9,212,96,116
050,40,073,"Oklahoma","Kingfisher County",4,10,226,116,110
050,40,073,"Oklahoma","Kingfisher County",4,11,262,137,125
050,40,073,"Oklahoma","Kingfisher County",4,12,252,130,122
050,40,073,"Oklahoma","Kingfisher County",4,13,266,146,120
050,40,073,"Oklahoma","Kingfisher County",4,14,272,142,130
050,40,073,"Oklahoma","Kingfisher County",4,15,250,123,127
050,40,073,"Oklahoma","Kingfisher County",4,16,245,120,125
050,40,073,"Oklahoma","Kingfisher County",4,17,234,115,119
050,40,073,"Oklahoma","Kingfisher County",4,18,194,108,86
050,40,073,"Oklahoma","Kingfisher County",4,19,156,88,68
050,40,073,"Oklahoma","Kingfisher County",4,20,176,102,74
050,40,073,"Oklahoma","Kingfisher County",4,21,190,105,85
050,40,073,"Oklahoma","Kingfisher County",4,22,179,97,82
050,40,073,"Oklahoma","Kingfisher County",4,23,198,99,99
050,40,073,"Oklahoma","Kingfisher County",4,24,202,103,99
050,40,073,"Oklahoma","Kingfisher County",4,25,157,77,80
050,40,073,"Oklahoma","Kingfisher County",4,26,156,82,74
050,40,073,"Oklahoma","Kingfisher County",4,27,157,87,70
050,40,073,"Oklahoma","Kingfisher County",4,28,161,80,81
050,40,073,"Oklahoma","Kingfisher County",4,29,201,108,93
050,40,073,"Oklahoma","Kingfisher County",4,30,206,105,101
050,40,073,"Oklahoma","Kingfisher County",4,31,189,99,90
050,40,073,"Oklahoma","Kingfisher County",4,32,193,89,104
050,40,073,"Oklahoma","Kingfisher County",4,33,185,90,95
050,40,073,"Oklahoma","Kingfisher County",4,34,188,94,94
050,40,073,"Oklahoma","Kingfisher County",4,35,193,110,83
050,40,073,"Oklahoma","Kingfisher County",4,36,183,94,89
050,40,073,"Oklahoma","Kingfisher County",4,37,194,101,93
050,40,073,"Oklahoma","Kingfisher County",4,38,203,103,100
050,40,073,"Oklahoma","Kingfisher County",4,39,215,104,111
050,40,073,"Oklahoma","Kingfisher County",4,40,212,101,111
050,40,073,"Oklahoma","Kingfisher County",4,41,217,117,100
050,40,073,"Oklahoma","Kingfisher County",4,42,203,105,98
050,40,073,"Oklahoma","Kingfisher County",4,43,184,98,86
050,40,073,"Oklahoma","Kingfisher County",4,44,181,88,93
050,40,073,"Oklahoma","Kingfisher County",4,45,182,100,82
050,40,073,"Oklahoma","Kingfisher County",4,46,141,73,68
050,40,073,"Oklahoma","Kingfisher County",4,47,157,79,78
050,40,073,"Oklahoma","Kingfisher County",4,48,177,93,84
050,40,073,"Oklahoma","Kingfisher County",4,49,181,99,82
050,40,073,"Oklahoma","Kingfisher County",4,50,183,96,87
050,40,073,"Oklahoma","Kingfisher County",4,51,163,88,75
050,40,073,"Oklahoma","Kingfisher County",4,52,179,99,80
050,40,073,"Oklahoma","Kingfisher County",4,53,170,95,75
050,40,073,"Oklahoma","Kingfisher County",4,54,158,87,71
050,40,073,"Oklahoma","Kingfisher County",4,55,159,81,78
050,40,073,"Oklahoma","Kingfisher County",4,56,163,80,83
050,40,073,"Oklahoma","Kingfisher County",4,57,186,93,93
050,40,073,"Oklahoma","Kingfisher County",4,58,203,105,98
050,40,073,"Oklahoma","Kingfisher County",4,59,193,101,92
050,40,073,"Oklahoma","Kingfisher County",4,60,213,102,111
050,40,073,"Oklahoma","Kingfisher County",4,61,202,105,97
050,40,073,"Oklahoma","Kingfisher County",4,62,201,103,98
050,40,073,"Oklahoma","Kingfisher County",4,63,195,104,91
050,40,073,"Oklahoma","Kingfisher County",4,64,180,84,96
050,40,073,"Oklahoma","Kingfisher County",4,65,173,78,95
050,40,073,"Oklahoma","Kingfisher County",4,66,166,73,93
050,40,073,"Oklahoma","Kingfisher County",4,67,165,80,85
050,40,073,"Oklahoma","Kingfisher County",4,68,163,90,73
050,40,073,"Oklahoma","Kingfisher County",4,69,164,92,72
050,40,073,"Oklahoma","Kingfisher County",4,70,160,89,71
050,40,073,"Oklahoma","Kingfisher County",4,71,134,66,68
050,40,073,"Oklahoma","Kingfisher County",4,72,114,46,68
050,40,073,"Oklahoma","Kingfisher County",4,73,113,49,64
050,40,073,"Oklahoma","Kingfisher County",4,74,103,51,52
050,40,073,"Oklahoma","Kingfisher County",4,75,130,61,69
050,40,073,"Oklahoma","Kingfisher County",4,76,74,33,41
050,40,073,"Oklahoma","Kingfisher County",4,77,85,38,47
050,40,073,"Oklahoma","Kingfisher County",4,78,78,28,50
050,40,073,"Oklahoma","Kingfisher County",4,79,76,35,41
050,40,073,"Oklahoma","Kingfisher County",4,80,73,38,35
050,40,073,"Oklahoma","Kingfisher County",4,81,81,40,41
050,40,073,"Oklahoma","Kingfisher County",4,82,64,28,36
050,40,073,"Oklahoma","Kingfisher County",4,83,59,26,33
050,40,073,"Oklahoma","Kingfisher County",4,84,57,21,36
050,40,073,"Oklahoma","Kingfisher County",4,85,312,107,205
050,40,073,"Oklahoma","Kingfisher County",5,0,158,80,78
050,40,073,"Oklahoma","Kingfisher County",5,1,183,95,88
050,40,073,"Oklahoma","Kingfisher County",5,2,169,84,85
050,40,073,"Oklahoma","Kingfisher County",5,3,212,99,113
050,40,073,"Oklahoma","Kingfisher County",5,4,223,104,119
050,40,073,"Oklahoma","Kingfisher County",5,5,187,90,97
050,40,073,"Oklahoma","Kingfisher County",5,6,195,92,103
050,40,073,"Oklahoma","Kingfisher County",5,7,239,123,116
050,40,073,"Oklahoma","Kingfisher County",5,8,255,124,131
050,40,073,"Oklahoma","Kingfisher County",5,9,238,120,118
050,40,073,"Oklahoma","Kingfisher County",5,10,226,101,125
050,40,073,"Oklahoma","Kingfisher County",5,11,222,113,109
050,40,073,"Oklahoma","Kingfisher County",5,12,264,146,118
050,40,073,"Oklahoma","Kingfisher County",5,13,258,134,124
050,40,073,"Oklahoma","Kingfisher County",5,14,259,147,112
050,40,073,"Oklahoma","Kingfisher County",5,15,281,151,130
050,40,073,"Oklahoma","Kingfisher County",5,16,255,124,131
050,40,073,"Oklahoma","Kingfisher County",5,17,253,123,130
050,40,073,"Oklahoma","Kingfisher County",5,18,210,107,103
050,40,073,"Oklahoma","Kingfisher County",5,19,170,92,78
050,40,073,"Oklahoma","Kingfisher County",5,20,163,94,69
050,40,073,"Oklahoma","Kingfisher County",5,21,170,96,74
050,40,073,"Oklahoma","Kingfisher County",5,22,183,102,81
050,40,073,"Oklahoma","Kingfisher County",5,23,201,104,97
050,40,073,"Oklahoma","Kingfisher County",5,24,224,118,106
050,40,073,"Oklahoma","Kingfisher County",5,25,185,81,104
050,40,073,"Oklahoma","Kingfisher County",5,26,158,77,81
050,40,073,"Oklahoma","Kingfisher County",5,27,156,83,73
050,40,073,"Oklahoma","Kingfisher County",5,28,159,89,70
050,40,073,"Oklahoma","Kingfisher County",5,29,177,79,98
050,40,073,"Oklahoma","Kingfisher County",5,30,222,122,100
050,40,073,"Oklahoma","Kingfisher County",5,31,205,107,98
050,40,073,"Oklahoma","Kingfisher County",5,32,195,98,97
050,40,073,"Oklahoma","Kingfisher County",5,33,195,90,105
050,40,073,"Oklahoma","Kingfisher County",5,34,190,91,99
050,40,073,"Oklahoma","Kingfisher County",5,35,191,98,93
050,40,073,"Oklahoma","Kingfisher County",5,36,189,105,84
050,40,073,"Oklahoma","Kingfisher County",5,37,184,99,85
050,40,073,"Oklahoma","Kingfisher County",5,38,199,105,94
050,40,073,"Oklahoma","Kingfisher County",5,39,215,109,106
050,40,073,"Oklahoma","Kingfisher County",5,40,231,114,117
050,40,073,"Oklahoma","Kingfisher County",5,41,205,104,101
050,40,073,"Oklahoma","Kingfisher County",5,42,205,109,96
050,40,073,"Oklahoma","Kingfisher County",5,43,213,111,102
050,40,073,"Oklahoma","Kingfisher County",5,44,192,99,93
050,40,073,"Oklahoma","Kingfisher County",5,45,198,105,93
050,40,073,"Oklahoma","Kingfisher County",5,46,178,91,87
050,40,073,"Oklahoma","Kingfisher County",5,47,141,75,66
050,40,073,"Oklahoma","Kingfisher County",5,48,160,81,79
050,40,073,"Oklahoma","Kingfisher County",5,49,185,101,84
050,40,073,"Oklahoma","Kingfisher County",5,50,185,99,86
050,40,073,"Oklahoma","Kingfisher County",5,51,179,95,84
050,40,073,"Oklahoma","Kingfisher County",5,52,168,92,76
050,40,073,"Oklahoma","Kingfisher County",5,53,176,96,80
050,40,073,"Oklahoma","Kingfisher County",5,54,165,92,73
050,40,073,"Oklahoma","Kingfisher County",5,55,163,92,71
050,40,073,"Oklahoma","Kingfisher County",5,56,162,83,79
050,40,073,"Oklahoma","Kingfisher County",5,57,167,86,81
050,40,073,"Oklahoma","Kingfisher County",5,58,178,89,89
050,40,073,"Oklahoma","Kingfisher County",5,59,197,102,95
050,40,073,"Oklahoma","Kingfisher County",5,60,189,98,91
050,40,073,"Oklahoma","Kingfisher County",5,61,208,101,107
050,40,073,"Oklahoma","Kingfisher County",5,62,203,104,99
050,40,073,"Oklahoma","Kingfisher County",5,63,193,102,91
050,40,073,"Oklahoma","Kingfisher County",5,64,190,105,85
050,40,073,"Oklahoma","Kingfisher County",5,65,175,83,92
050,40,073,"Oklahoma","Kingfisher County",5,66,168,75,93
050,40,073,"Oklahoma","Kingfisher County",5,67,164,73,91
050,40,073,"Oklahoma","Kingfisher County",5,68,160,80,80
050,40,073,"Oklahoma","Kingfisher County",5,69,169,94,75
050,40,073,"Oklahoma","Kingfisher County",5,70,166,92,74
050,40,073,"Oklahoma","Kingfisher County",5,71,155,86,69
050,40,073,"Oklahoma","Kingfisher County",5,72,131,59,72
050,40,073,"Oklahoma","Kingfisher County",5,73,114,45,69
050,40,073,"Oklahoma","Kingfisher County",5,74,111,50,61
050,40,073,"Oklahoma","Kingfisher County",5,75,108,49,59
050,40,073,"Oklahoma","Kingfisher County",5,76,121,54,67
050,40,073,"Oklahoma","Kingfisher County",5,77,70,32,38
050,40,073,"Oklahoma","Kingfisher County",5,78,88,37,51
050,40,073,"Oklahoma","Kingfisher County",5,79,75,28,47
050,40,073,"Oklahoma","Kingfisher County",5,80,71,33,38
050,40,073,"Oklahoma","Kingfisher County",5,81,69,39,30
050,40,073,"Oklahoma","Kingfisher County",5,82,69,33,36
050,40,073,"Oklahoma","Kingfisher County",5,83,65,28,37
050,40,073,"Oklahoma","Kingfisher County",5,84,49,21,28
050,40,073,"Oklahoma","Kingfisher County",5,85,334,113,221
050,40,075,"Oklahoma","Kiowa County",1,0,109,54,55
050,40,075,"Oklahoma","Kiowa County",1,1,112,56,56
050,40,075,"Oklahoma","Kiowa County",1,2,115,58,57
050,40,075,"Oklahoma","Kiowa County",1,3,108,58,50
050,40,075,"Oklahoma","Kiowa County",1,4,133,70,63
050,40,075,"Oklahoma","Kiowa County",1,5,122,65,57
050,40,075,"Oklahoma","Kiowa County",1,6,99,44,55
050,40,075,"Oklahoma","Kiowa County",1,7,124,64,60
050,40,075,"Oklahoma","Kiowa County",1,8,120,56,64
050,40,075,"Oklahoma","Kiowa County",1,9,101,56,45
050,40,075,"Oklahoma","Kiowa County",1,10,110,65,45
050,40,075,"Oklahoma","Kiowa County",1,11,119,63,56
050,40,075,"Oklahoma","Kiowa County",1,12,117,59,58
050,40,075,"Oklahoma","Kiowa County",1,13,112,50,62
050,40,075,"Oklahoma","Kiowa County",1,14,110,54,56
050,40,075,"Oklahoma","Kiowa County",1,15,125,61,64
050,40,075,"Oklahoma","Kiowa County",1,16,127,60,67
050,40,075,"Oklahoma","Kiowa County",1,17,119,59,60
050,40,075,"Oklahoma","Kiowa County",1,18,98,54,44
050,40,075,"Oklahoma","Kiowa County",1,19,88,48,40
050,40,075,"Oklahoma","Kiowa County",1,20,84,43,41
050,40,075,"Oklahoma","Kiowa County",1,21,85,42,43
050,40,075,"Oklahoma","Kiowa County",1,22,87,48,39
050,40,075,"Oklahoma","Kiowa County",1,23,93,44,49
050,40,075,"Oklahoma","Kiowa County",1,24,80,39,41
050,40,075,"Oklahoma","Kiowa County",1,25,87,41,46
050,40,075,"Oklahoma","Kiowa County",1,26,97,51,46
050,40,075,"Oklahoma","Kiowa County",1,27,94,41,53
050,40,075,"Oklahoma","Kiowa County",1,28,92,46,46
050,40,075,"Oklahoma","Kiowa County",1,29,94,44,50
050,40,075,"Oklahoma","Kiowa County",1,30,86,44,42
050,40,075,"Oklahoma","Kiowa County",1,31,89,41,48
050,40,075,"Oklahoma","Kiowa County",1,32,90,46,44
050,40,075,"Oklahoma","Kiowa County",1,33,96,52,44
050,40,075,"Oklahoma","Kiowa County",1,34,82,40,42
050,40,075,"Oklahoma","Kiowa County",1,35,89,42,47
050,40,075,"Oklahoma","Kiowa County",1,36,89,45,44
050,40,075,"Oklahoma","Kiowa County",1,37,95,42,53
050,40,075,"Oklahoma","Kiowa County",1,38,104,46,58
050,40,075,"Oklahoma","Kiowa County",1,39,98,45,53
050,40,075,"Oklahoma","Kiowa County",1,40,105,52,53
050,40,075,"Oklahoma","Kiowa County",1,41,88,46,42
050,40,075,"Oklahoma","Kiowa County",1,42,86,42,44
050,40,075,"Oklahoma","Kiowa County",1,43,81,41,40
050,40,075,"Oklahoma","Kiowa County",1,44,76,41,35
050,40,075,"Oklahoma","Kiowa County",1,45,84,51,33
050,40,075,"Oklahoma","Kiowa County",1,46,93,46,47
050,40,075,"Oklahoma","Kiowa County",1,47,84,45,39
050,40,075,"Oklahoma","Kiowa County",1,48,95,42,53
050,40,075,"Oklahoma","Kiowa County",1,49,88,43,45
050,40,075,"Oklahoma","Kiowa County",1,50,79,40,39
050,40,075,"Oklahoma","Kiowa County",1,51,86,44,42
050,40,075,"Oklahoma","Kiowa County",1,52,97,48,49
050,40,075,"Oklahoma","Kiowa County",1,53,101,51,50
050,40,075,"Oklahoma","Kiowa County",1,54,128,70,58
050,40,075,"Oklahoma","Kiowa County",1,55,129,61,68
050,40,075,"Oklahoma","Kiowa County",1,56,140,67,73
050,40,075,"Oklahoma","Kiowa County",1,57,107,53,54
050,40,075,"Oklahoma","Kiowa County",1,58,129,67,62
050,40,075,"Oklahoma","Kiowa County",1,59,135,65,70
050,40,075,"Oklahoma","Kiowa County",1,60,147,70,77
050,40,075,"Oklahoma","Kiowa County",1,61,141,69,72
050,40,075,"Oklahoma","Kiowa County",1,62,142,66,76
050,40,075,"Oklahoma","Kiowa County",1,63,132,65,67
050,40,075,"Oklahoma","Kiowa County",1,64,128,65,63
050,40,075,"Oklahoma","Kiowa County",1,65,128,56,72
050,40,075,"Oklahoma","Kiowa County",1,66,128,69,59
050,40,075,"Oklahoma","Kiowa County",1,67,114,63,51
050,40,075,"Oklahoma","Kiowa County",1,68,94,47,47
050,40,075,"Oklahoma","Kiowa County",1,69,85,45,40
050,40,075,"Oklahoma","Kiowa County",1,70,108,51,57
050,40,075,"Oklahoma","Kiowa County",1,71,107,51,56
050,40,075,"Oklahoma","Kiowa County",1,72,91,34,57
050,40,075,"Oklahoma","Kiowa County",1,73,90,46,44
050,40,075,"Oklahoma","Kiowa County",1,74,69,37,32
050,40,075,"Oklahoma","Kiowa County",1,75,79,32,47
050,40,075,"Oklahoma","Kiowa County",1,76,73,40,33
050,40,075,"Oklahoma","Kiowa County",1,77,70,38,32
050,40,075,"Oklahoma","Kiowa County",1,78,52,27,25
050,40,075,"Oklahoma","Kiowa County",1,79,59,27,32
050,40,075,"Oklahoma","Kiowa County",1,80,56,25,31
050,40,075,"Oklahoma","Kiowa County",1,81,46,21,25
050,40,075,"Oklahoma","Kiowa County",1,82,36,21,15
050,40,075,"Oklahoma","Kiowa County",1,83,39,17,22
050,40,075,"Oklahoma","Kiowa County",1,84,40,14,26
050,40,075,"Oklahoma","Kiowa County",1,85,166,61,105
050,40,075,"Oklahoma","Kiowa County",2,0,108,50,58
050,40,075,"Oklahoma","Kiowa County",2,1,109,54,55
050,40,075,"Oklahoma","Kiowa County",2,2,112,56,56
050,40,075,"Oklahoma","Kiowa County",2,3,111,59,52
050,40,075,"Oklahoma","Kiowa County",2,4,128,69,59
050,40,075,"Oklahoma","Kiowa County",2,5,127,68,59
050,40,075,"Oklahoma","Kiowa County",2,6,105,49,56
050,40,075,"Oklahoma","Kiowa County",2,7,120,60,60
050,40,075,"Oklahoma","Kiowa County",2,8,119,58,61
050,40,075,"Oklahoma","Kiowa County",2,9,106,58,48
050,40,075,"Oklahoma","Kiowa County",2,10,108,64,44
050,40,075,"Oklahoma","Kiowa County",2,11,117,63,54
050,40,075,"Oklahoma","Kiowa County",2,12,116,58,58
050,40,075,"Oklahoma","Kiowa County",2,13,114,52,62
050,40,075,"Oklahoma","Kiowa County",2,14,111,52,59
050,40,075,"Oklahoma","Kiowa County",2,15,121,59,62
050,40,075,"Oklahoma","Kiowa County",2,16,128,60,68
050,40,075,"Oklahoma","Kiowa County",2,17,124,61,63
050,40,075,"Oklahoma","Kiowa County",2,18,98,53,45
050,40,075,"Oklahoma","Kiowa County",2,19,88,48,40
050,40,075,"Oklahoma","Kiowa County",2,20,87,45,42
050,40,075,"Oklahoma","Kiowa County",2,21,85,43,42
050,40,075,"Oklahoma","Kiowa County",2,22,91,49,42
050,40,075,"Oklahoma","Kiowa County",2,23,95,45,50
050,40,075,"Oklahoma","Kiowa County",2,24,81,38,43
050,40,075,"Oklahoma","Kiowa County",2,25,87,41,46
050,40,075,"Oklahoma","Kiowa County",2,26,94,49,45
050,40,075,"Oklahoma","Kiowa County",2,27,94,44,50
050,40,075,"Oklahoma","Kiowa County",2,28,92,43,49
050,40,075,"Oklahoma","Kiowa County",2,29,90,42,48
050,40,075,"Oklahoma","Kiowa County",2,30,86,43,43
050,40,075,"Oklahoma","Kiowa County",2,31,89,44,45
050,40,075,"Oklahoma","Kiowa County",2,32,87,43,44
050,40,075,"Oklahoma","Kiowa County",2,33,97,52,45
050,40,075,"Oklahoma","Kiowa County",2,34,84,42,42
050,40,075,"Oklahoma","Kiowa County",2,35,87,41,46
050,40,075,"Oklahoma","Kiowa County",2,36,90,45,45
050,40,075,"Oklahoma","Kiowa County",2,37,95,42,53
050,40,075,"Oklahoma","Kiowa County",2,38,105,46,59
050,40,075,"Oklahoma","Kiowa County",2,39,100,45,55
050,40,075,"Oklahoma","Kiowa County",2,40,105,51,54
050,40,075,"Oklahoma","Kiowa County",2,41,91,47,44
050,40,075,"Oklahoma","Kiowa County",2,42,84,43,41
050,40,075,"Oklahoma","Kiowa County",2,43,83,43,40
050,40,075,"Oklahoma","Kiowa County",2,44,76,41,35
050,40,075,"Oklahoma","Kiowa County",2,45,81,48,33
050,40,075,"Oklahoma","Kiowa County",2,46,90,47,43
050,40,075,"Oklahoma","Kiowa County",2,47,85,45,40
050,40,075,"Oklahoma","Kiowa County",2,48,94,44,50
050,40,075,"Oklahoma","Kiowa County",2,49,91,44,47
050,40,075,"Oklahoma","Kiowa County",2,50,80,40,40
050,40,075,"Oklahoma","Kiowa County",2,51,84,43,41
050,40,075,"Oklahoma","Kiowa County",2,52,95,47,48
050,40,075,"Oklahoma","Kiowa County",2,53,99,50,49
050,40,075,"Oklahoma","Kiowa County",2,54,124,67,57
050,40,075,"Oklahoma","Kiowa County",2,55,130,64,66
050,40,075,"Oklahoma","Kiowa County",2,56,137,65,72
050,40,075,"Oklahoma","Kiowa County",2,57,115,56,59
050,40,075,"Oklahoma","Kiowa County",2,58,123,62,61
050,40,075,"Oklahoma","Kiowa County",2,59,133,65,68
050,40,075,"Oklahoma","Kiowa County",2,60,145,68,77
050,40,075,"Oklahoma","Kiowa County",2,61,141,69,72
050,40,075,"Oklahoma","Kiowa County",2,62,136,63,73
050,40,075,"Oklahoma","Kiowa County",2,63,136,66,70
050,40,075,"Oklahoma","Kiowa County",2,64,128,65,63
050,40,075,"Oklahoma","Kiowa County",2,65,126,57,69
050,40,075,"Oklahoma","Kiowa County",2,66,129,67,62
050,40,075,"Oklahoma","Kiowa County",2,67,116,63,53
050,40,075,"Oklahoma","Kiowa County",2,68,96,50,46
050,40,075,"Oklahoma","Kiowa County",2,69,87,46,41
050,40,075,"Oklahoma","Kiowa County",2,70,103,50,53
050,40,075,"Oklahoma","Kiowa County",2,71,106,49,57
050,40,075,"Oklahoma","Kiowa County",2,72,90,34,56
050,40,075,"Oklahoma","Kiowa County",2,73,92,45,47
050,40,075,"Oklahoma","Kiowa County",2,74,70,36,34
050,40,075,"Oklahoma","Kiowa County",2,75,73,32,41
050,40,075,"Oklahoma","Kiowa County",2,76,70,37,33
050,40,075,"Oklahoma","Kiowa County",2,77,73,41,32
050,40,075,"Oklahoma","Kiowa County",2,78,55,29,26
050,40,075,"Oklahoma","Kiowa County",2,79,56,25,31
050,40,075,"Oklahoma","Kiowa County",2,80,58,27,31
050,40,075,"Oklahoma","Kiowa County",2,81,48,21,27
050,40,075,"Oklahoma","Kiowa County",2,82,38,21,17
050,40,075,"Oklahoma","Kiowa County",2,83,37,17,20
050,40,075,"Oklahoma","Kiowa County",2,84,37,13,24
050,40,075,"Oklahoma","Kiowa County",2,85,169,61,108
050,40,075,"Oklahoma","Kiowa County",3,0,92,49,43
050,40,075,"Oklahoma","Kiowa County",3,1,117,63,54
050,40,075,"Oklahoma","Kiowa County",3,2,102,52,50
050,40,075,"Oklahoma","Kiowa County",3,3,108,52,56
050,40,075,"Oklahoma","Kiowa County",3,4,108,62,46
050,40,075,"Oklahoma","Kiowa County",3,5,121,66,55
050,40,075,"Oklahoma","Kiowa County",3,6,129,73,56
050,40,075,"Oklahoma","Kiowa County",3,7,100,50,50
050,40,075,"Oklahoma","Kiowa County",3,8,112,50,62
050,40,075,"Oklahoma","Kiowa County",3,9,129,63,66
050,40,075,"Oklahoma","Kiowa County",3,10,99,53,46
050,40,075,"Oklahoma","Kiowa County",3,11,118,67,51
050,40,075,"Oklahoma","Kiowa County",3,12,117,60,57
050,40,075,"Oklahoma","Kiowa County",3,13,119,65,54
050,40,075,"Oklahoma","Kiowa County",3,14,113,50,63
050,40,075,"Oklahoma","Kiowa County",3,15,112,51,61
050,40,075,"Oklahoma","Kiowa County",3,16,118,64,54
050,40,075,"Oklahoma","Kiowa County",3,17,123,60,63
050,40,075,"Oklahoma","Kiowa County",3,18,107,57,50
050,40,075,"Oklahoma","Kiowa County",3,19,81,44,37
050,40,075,"Oklahoma","Kiowa County",3,20,90,48,42
050,40,075,"Oklahoma","Kiowa County",3,21,82,47,35
050,40,075,"Oklahoma","Kiowa County",3,22,89,42,47
050,40,075,"Oklahoma","Kiowa County",3,23,93,48,45
050,40,075,"Oklahoma","Kiowa County",3,24,89,46,43
050,40,075,"Oklahoma","Kiowa County",3,25,85,41,44
050,40,075,"Oklahoma","Kiowa County",3,26,80,35,45
050,40,075,"Oklahoma","Kiowa County",3,27,94,49,45
050,40,075,"Oklahoma","Kiowa County",3,28,95,42,53
050,40,075,"Oklahoma","Kiowa County",3,29,97,46,51
050,40,075,"Oklahoma","Kiowa County",3,30,86,44,42
050,40,075,"Oklahoma","Kiowa County",3,31,86,46,40
050,40,075,"Oklahoma","Kiowa County",3,32,83,38,45
050,40,075,"Oklahoma","Kiowa County",3,33,89,45,44
050,40,075,"Oklahoma","Kiowa County",3,34,100,55,45
050,40,075,"Oklahoma","Kiowa County",3,35,86,42,44
050,40,075,"Oklahoma","Kiowa County",3,36,86,42,44
050,40,075,"Oklahoma","Kiowa County",3,37,88,46,42
050,40,075,"Oklahoma","Kiowa County",3,38,94,40,54
050,40,075,"Oklahoma","Kiowa County",3,39,104,49,55
050,40,075,"Oklahoma","Kiowa County",3,40,98,46,52
050,40,075,"Oklahoma","Kiowa County",3,41,113,55,58
050,40,075,"Oklahoma","Kiowa County",3,42,93,48,45
050,40,075,"Oklahoma","Kiowa County",3,43,86,45,41
050,40,075,"Oklahoma","Kiowa County",3,44,80,40,40
050,40,075,"Oklahoma","Kiowa County",3,45,81,43,38
050,40,075,"Oklahoma","Kiowa County",3,46,79,44,35
050,40,075,"Oklahoma","Kiowa County",3,47,95,50,45
050,40,075,"Oklahoma","Kiowa County",3,48,84,43,41
050,40,075,"Oklahoma","Kiowa County",3,49,82,39,43
050,40,075,"Oklahoma","Kiowa County",3,50,93,43,50
050,40,075,"Oklahoma","Kiowa County",3,51,87,45,42
050,40,075,"Oklahoma","Kiowa County",3,52,78,40,38
050,40,075,"Oklahoma","Kiowa County",3,53,101,48,53
050,40,075,"Oklahoma","Kiowa County",3,54,101,52,49
050,40,075,"Oklahoma","Kiowa County",3,55,119,60,59
050,40,075,"Oklahoma","Kiowa County",3,56,133,64,69
050,40,075,"Oklahoma","Kiowa County",3,57,127,60,67
050,40,075,"Oklahoma","Kiowa County",3,58,117,61,56
050,40,075,"Oklahoma","Kiowa County",3,59,120,59,61
050,40,075,"Oklahoma","Kiowa County",3,60,136,65,71
050,40,075,"Oklahoma","Kiowa County",3,61,144,70,74
050,40,075,"Oklahoma","Kiowa County",3,62,138,66,72
050,40,075,"Oklahoma","Kiowa County",3,63,129,58,71
050,40,075,"Oklahoma","Kiowa County",3,64,136,67,69
050,40,075,"Oklahoma","Kiowa County",3,65,122,60,62
050,40,075,"Oklahoma","Kiowa County",3,66,126,60,66
050,40,075,"Oklahoma","Kiowa County",3,67,126,61,65
050,40,075,"Oklahoma","Kiowa County",3,68,118,61,57
050,40,075,"Oklahoma","Kiowa County",3,69,91,49,42
050,40,075,"Oklahoma","Kiowa County",3,70,90,47,43
050,40,075,"Oklahoma","Kiowa County",3,71,97,45,52
050,40,075,"Oklahoma","Kiowa County",3,72,106,46,60
050,40,075,"Oklahoma","Kiowa County",3,73,82,35,47
050,40,075,"Oklahoma","Kiowa County",3,74,90,44,46
050,40,075,"Oklahoma","Kiowa County",3,75,65,30,35
050,40,075,"Oklahoma","Kiowa County",3,76,62,33,29
050,40,075,"Oklahoma","Kiowa County",3,77,57,33,24
050,40,075,"Oklahoma","Kiowa County",3,78,70,40,30
050,40,075,"Oklahoma","Kiowa County",3,79,53,24,29
050,40,075,"Oklahoma","Kiowa County",3,80,45,21,24
050,40,075,"Oklahoma","Kiowa County",3,81,51,24,27
050,40,075,"Oklahoma","Kiowa County",3,82,43,22,21
050,40,075,"Oklahoma","Kiowa County",3,83,35,20,15
050,40,075,"Oklahoma","Kiowa County",3,84,34,13,21
050,40,075,"Oklahoma","Kiowa County",3,85,170,62,108
050,40,075,"Oklahoma","Kiowa County",4,0,107,57,50
050,40,075,"Oklahoma","Kiowa County",4,1,73,37,36
050,40,075,"Oklahoma","Kiowa County",4,2,119,62,57
050,40,075,"Oklahoma","Kiowa County",4,3,97,51,46
050,40,075,"Oklahoma","Kiowa County",4,4,111,55,56
050,40,075,"Oklahoma","Kiowa County",4,5,103,61,42
050,40,075,"Oklahoma","Kiowa County",4,6,124,65,59
050,40,075,"Oklahoma","Kiowa County",4,7,127,70,57
050,40,075,"Oklahoma","Kiowa County",4,8,113,54,59
050,40,075,"Oklahoma","Kiowa County",4,9,117,55,62
050,40,075,"Oklahoma","Kiowa County",4,10,138,67,71
050,40,075,"Oklahoma","Kiowa County",4,11,113,58,55
050,40,075,"Oklahoma","Kiowa County",4,12,123,71,52
050,40,075,"Oklahoma","Kiowa County",4,13,124,62,62
050,40,075,"Oklahoma","Kiowa County",4,14,121,65,56
050,40,075,"Oklahoma","Kiowa County",4,15,122,56,66
050,40,075,"Oklahoma","Kiowa County",4,16,116,53,63
050,40,075,"Oklahoma","Kiowa County",4,17,124,67,57
050,40,075,"Oklahoma","Kiowa County",4,18,104,52,52
050,40,075,"Oklahoma","Kiowa County",4,19,82,42,40
050,40,075,"Oklahoma","Kiowa County",4,20,82,45,37
050,40,075,"Oklahoma","Kiowa County",4,21,86,44,42
050,40,075,"Oklahoma","Kiowa County",4,22,80,44,36
050,40,075,"Oklahoma","Kiowa County",4,23,94,45,49
050,40,075,"Oklahoma","Kiowa County",4,24,89,44,45
050,40,075,"Oklahoma","Kiowa County",4,25,86,46,40
050,40,075,"Oklahoma","Kiowa County",4,26,76,37,39
050,40,075,"Oklahoma","Kiowa County",4,27,81,36,45
050,40,075,"Oklahoma","Kiowa County",4,28,95,46,49
050,40,075,"Oklahoma","Kiowa County",4,29,93,39,54
050,40,075,"Oklahoma","Kiowa County",4,30,103,55,48
050,40,075,"Oklahoma","Kiowa County",4,31,90,45,45
050,40,075,"Oklahoma","Kiowa County",4,32,95,52,43
050,40,075,"Oklahoma","Kiowa County",4,33,91,44,47
050,40,075,"Oklahoma","Kiowa County",4,34,97,52,45
050,40,075,"Oklahoma","Kiowa County",4,35,96,50,46
050,40,075,"Oklahoma","Kiowa County",4,36,88,43,45
050,40,075,"Oklahoma","Kiowa County",4,37,89,46,43
050,40,075,"Oklahoma","Kiowa County",4,38,87,44,43
050,40,075,"Oklahoma","Kiowa County",4,39,97,41,56
050,40,075,"Oklahoma","Kiowa County",4,40,113,52,61
050,40,075,"Oklahoma","Kiowa County",4,41,104,48,56
050,40,075,"Oklahoma","Kiowa County",4,42,112,56,56
050,40,075,"Oklahoma","Kiowa County",4,43,99,49,50
050,40,075,"Oklahoma","Kiowa County",4,44,88,47,41
050,40,075,"Oklahoma","Kiowa County",4,45,84,43,41
050,40,075,"Oklahoma","Kiowa County",4,46,83,49,34
050,40,075,"Oklahoma","Kiowa County",4,47,85,46,39
050,40,075,"Oklahoma","Kiowa County",4,48,96,47,49
050,40,075,"Oklahoma","Kiowa County",4,49,82,44,38
050,40,075,"Oklahoma","Kiowa County",4,50,89,45,44
050,40,075,"Oklahoma","Kiowa County",4,51,98,49,49
050,40,075,"Oklahoma","Kiowa County",4,52,81,40,41
050,40,075,"Oklahoma","Kiowa County",4,53,80,41,39
050,40,075,"Oklahoma","Kiowa County",4,54,106,50,56
050,40,075,"Oklahoma","Kiowa County",4,55,97,49,48
050,40,075,"Oklahoma","Kiowa County",4,56,123,63,60
050,40,075,"Oklahoma","Kiowa County",4,57,130,63,67
050,40,075,"Oklahoma","Kiowa County",4,58,126,58,68
050,40,075,"Oklahoma","Kiowa County",4,59,124,67,57
050,40,075,"Oklahoma","Kiowa County",4,60,117,57,60
050,40,075,"Oklahoma","Kiowa County",4,61,136,65,71
050,40,075,"Oklahoma","Kiowa County",4,62,137,66,71
050,40,075,"Oklahoma","Kiowa County",4,63,133,60,73
050,40,075,"Oklahoma","Kiowa County",4,64,128,60,68
050,40,075,"Oklahoma","Kiowa County",4,65,136,67,69
050,40,075,"Oklahoma","Kiowa County",4,66,122,61,61
050,40,075,"Oklahoma","Kiowa County",4,67,115,53,62
050,40,075,"Oklahoma","Kiowa County",4,68,119,53,66
050,40,075,"Oklahoma","Kiowa County",4,69,113,60,53
050,40,075,"Oklahoma","Kiowa County",4,70,94,52,42
050,40,075,"Oklahoma","Kiowa County",4,71,88,47,41
050,40,075,"Oklahoma","Kiowa County",4,72,95,42,53
050,40,075,"Oklahoma","Kiowa County",4,73,97,48,49
050,40,075,"Oklahoma","Kiowa County",4,74,81,34,47
050,40,075,"Oklahoma","Kiowa County",4,75,91,43,48
050,40,075,"Oklahoma","Kiowa County",4,76,59,31,28
050,40,075,"Oklahoma","Kiowa County",4,77,58,31,27
050,40,075,"Oklahoma","Kiowa County",4,78,56,32,24
050,40,075,"Oklahoma","Kiowa County",4,79,69,38,31
050,40,075,"Oklahoma","Kiowa County",4,80,50,25,25
050,40,075,"Oklahoma","Kiowa County",4,81,42,17,25
050,40,075,"Oklahoma","Kiowa County",4,82,41,23,18
050,40,075,"Oklahoma","Kiowa County",4,83,42,22,20
050,40,075,"Oklahoma","Kiowa County",4,84,31,17,14
050,40,075,"Oklahoma","Kiowa County",4,85,177,67,110
050,40,075,"Oklahoma","Kiowa County",5,0,106,56,50
050,40,075,"Oklahoma","Kiowa County",5,1,99,50,49
050,40,075,"Oklahoma","Kiowa County",5,2,80,36,44
050,40,075,"Oklahoma","Kiowa County",5,3,112,56,56
050,40,075,"Oklahoma","Kiowa County",5,4,95,45,50
050,40,075,"Oklahoma","Kiowa County",5,5,119,56,63
050,40,075,"Oklahoma","Kiowa County",5,6,104,63,41
050,40,075,"Oklahoma","Kiowa County",5,7,128,64,64
050,40,075,"Oklahoma","Kiowa County",5,8,122,69,53
050,40,075,"Oklahoma","Kiowa County",5,9,110,52,58
050,40,075,"Oklahoma","Kiowa County",5,10,109,54,55
050,40,075,"Oklahoma","Kiowa County",5,11,141,69,72
050,40,075,"Oklahoma","Kiowa County",5,12,107,58,49
050,40,075,"Oklahoma","Kiowa County",5,13,127,72,55
050,40,075,"Oklahoma","Kiowa County",5,14,121,59,62
050,40,075,"Oklahoma","Kiowa County",5,15,116,63,53
050,40,075,"Oklahoma","Kiowa County",5,16,122,56,66
050,40,075,"Oklahoma","Kiowa County",5,17,114,55,59
050,40,075,"Oklahoma","Kiowa County",5,18,107,56,51
050,40,075,"Oklahoma","Kiowa County",5,19,83,44,39
050,40,075,"Oklahoma","Kiowa County",5,20,91,48,43
050,40,075,"Oklahoma","Kiowa County",5,21,86,45,41
050,40,075,"Oklahoma","Kiowa County",5,22,87,46,41
050,40,075,"Oklahoma","Kiowa County",5,23,84,46,38
050,40,075,"Oklahoma","Kiowa County",5,24,95,49,46
050,40,075,"Oklahoma","Kiowa County",5,25,87,44,43
050,40,075,"Oklahoma","Kiowa County",5,26,92,52,40
050,40,075,"Oklahoma","Kiowa County",5,27,70,36,34
050,40,075,"Oklahoma","Kiowa County",5,28,84,38,46
050,40,075,"Oklahoma","Kiowa County",5,29,89,44,45
050,40,075,"Oklahoma","Kiowa County",5,30,90,36,54
050,40,075,"Oklahoma","Kiowa County",5,31,109,64,45
050,40,075,"Oklahoma","Kiowa County",5,32,87,43,44
050,40,075,"Oklahoma","Kiowa County",5,33,101,57,44
050,40,075,"Oklahoma","Kiowa County",5,34,89,42,47
050,40,075,"Oklahoma","Kiowa County",5,35,102,50,52
050,40,075,"Oklahoma","Kiowa County",5,36,89,45,44
050,40,075,"Oklahoma","Kiowa County",5,37,81,37,44
050,40,075,"Oklahoma","Kiowa County",5,38,88,46,42
050,40,075,"Oklahoma","Kiowa County",5,39,92,48,44
050,40,075,"Oklahoma","Kiowa County",5,40,94,42,52
050,40,075,"Oklahoma","Kiowa County",5,41,108,43,65
050,40,075,"Oklahoma","Kiowa County",5,42,96,45,51
050,40,075,"Oklahoma","Kiowa County",5,43,112,56,56
050,40,075,"Oklahoma","Kiowa County",5,44,102,47,55
050,40,075,"Oklahoma","Kiowa County",5,45,94,50,44
050,40,075,"Oklahoma","Kiowa County",5,46,85,42,43
050,40,075,"Oklahoma","Kiowa County",5,47,89,52,37
050,40,075,"Oklahoma","Kiowa County",5,48,85,48,37
050,40,075,"Oklahoma","Kiowa County",5,49,97,50,47
050,40,075,"Oklahoma","Kiowa County",5,50,80,45,35
050,40,075,"Oklahoma","Kiowa County",5,51,95,48,47
050,40,075,"Oklahoma","Kiowa County",5,52,91,42,49
050,40,075,"Oklahoma","Kiowa County",5,53,85,43,42
050,40,075,"Oklahoma","Kiowa County",5,54,82,41,41
050,40,075,"Oklahoma","Kiowa County",5,55,89,41,48
050,40,075,"Oklahoma","Kiowa County",5,56,94,50,44
050,40,075,"Oklahoma","Kiowa County",5,57,122,60,62
050,40,075,"Oklahoma","Kiowa County",5,58,133,67,66
050,40,075,"Oklahoma","Kiowa County",5,59,125,58,67
050,40,075,"Oklahoma","Kiowa County",5,60,127,74,53
050,40,075,"Oklahoma","Kiowa County",5,61,116,59,57
050,40,075,"Oklahoma","Kiowa County",5,62,132,62,70
050,40,075,"Oklahoma","Kiowa County",5,63,133,64,69
050,40,075,"Oklahoma","Kiowa County",5,64,132,64,68
050,40,075,"Oklahoma","Kiowa County",5,65,122,56,66
050,40,075,"Oklahoma","Kiowa County",5,66,132,67,65
050,40,075,"Oklahoma","Kiowa County",5,67,113,53,60
050,40,075,"Oklahoma","Kiowa County",5,68,115,51,64
050,40,075,"Oklahoma","Kiowa County",5,69,113,52,61
050,40,075,"Oklahoma","Kiowa County",5,70,112,61,51
050,40,075,"Oklahoma","Kiowa County",5,71,89,49,40
050,40,075,"Oklahoma","Kiowa County",5,72,86,46,40
050,40,075,"Oklahoma","Kiowa County",5,73,85,41,44
050,40,075,"Oklahoma","Kiowa County",5,74,97,48,49
050,40,075,"Oklahoma","Kiowa County",5,75,80,30,50
050,40,075,"Oklahoma","Kiowa County",5,76,82,41,41
050,40,075,"Oklahoma","Kiowa County",5,77,52,27,25
050,40,075,"Oklahoma","Kiowa County",5,78,55,30,25
050,40,075,"Oklahoma","Kiowa County",5,79,57,30,27
050,40,075,"Oklahoma","Kiowa County",5,80,61,37,24
050,40,075,"Oklahoma","Kiowa County",5,81,42,19,23
050,40,075,"Oklahoma","Kiowa County",5,82,34,17,17
050,40,075,"Oklahoma","Kiowa County",5,83,39,22,17
050,40,075,"Oklahoma","Kiowa County",5,84,38,19,19
050,40,075,"Oklahoma","Kiowa County",5,85,181,73,108
050,40,077,"Oklahoma","Latimer County",1,0,117,60,57
050,40,077,"Oklahoma","Latimer County",1,1,135,61,74
050,40,077,"Oklahoma","Latimer County",1,2,105,51,54
050,40,077,"Oklahoma","Latimer County",1,3,110,56,54
050,40,077,"Oklahoma","Latimer County",1,4,124,65,59
050,40,077,"Oklahoma","Latimer County",1,5,112,61,51
050,40,077,"Oklahoma","Latimer County",1,6,105,56,49
050,40,077,"Oklahoma","Latimer County",1,7,112,62,50
050,40,077,"Oklahoma","Latimer County",1,8,127,68,59
050,40,077,"Oklahoma","Latimer County",1,9,120,62,58
050,40,077,"Oklahoma","Latimer County",1,10,122,69,53
050,40,077,"Oklahoma","Latimer County",1,11,123,63,60
050,40,077,"Oklahoma","Latimer County",1,12,110,56,54
050,40,077,"Oklahoma","Latimer County",1,13,120,58,62
050,40,077,"Oklahoma","Latimer County",1,14,128,60,68
050,40,077,"Oklahoma","Latimer County",1,15,112,55,57
050,40,077,"Oklahoma","Latimer County",1,16,127,70,57
050,40,077,"Oklahoma","Latimer County",1,17,128,69,59
050,40,077,"Oklahoma","Latimer County",1,18,142,73,69
050,40,077,"Oklahoma","Latimer County",1,19,149,81,68
050,40,077,"Oklahoma","Latimer County",1,20,133,78,55
050,40,077,"Oklahoma","Latimer County",1,21,107,59,48
050,40,077,"Oklahoma","Latimer County",1,22,100,48,52
050,40,077,"Oklahoma","Latimer County",1,23,105,46,59
050,40,077,"Oklahoma","Latimer County",1,24,93,53,40
050,40,077,"Oklahoma","Latimer County",1,25,88,49,39
050,40,077,"Oklahoma","Latimer County",1,26,105,56,49
050,40,077,"Oklahoma","Latimer County",1,27,121,55,66
050,40,077,"Oklahoma","Latimer County",1,28,124,56,68
050,40,077,"Oklahoma","Latimer County",1,29,115,53,62
050,40,077,"Oklahoma","Latimer County",1,30,107,54,53
050,40,077,"Oklahoma","Latimer County",1,31,103,47,56
050,40,077,"Oklahoma","Latimer County",1,32,94,39,55
050,40,077,"Oklahoma","Latimer County",1,33,83,39,44
050,40,077,"Oklahoma","Latimer County",1,34,91,50,41
050,40,077,"Oklahoma","Latimer County",1,35,99,50,49
050,40,077,"Oklahoma","Latimer County",1,36,104,55,49
050,40,077,"Oklahoma","Latimer County",1,37,119,61,58
050,40,077,"Oklahoma","Latimer County",1,38,116,66,50
050,40,077,"Oklahoma","Latimer County",1,39,117,61,56
050,40,077,"Oklahoma","Latimer County",1,40,120,60,60
050,40,077,"Oklahoma","Latimer County",1,41,115,63,52
050,40,077,"Oklahoma","Latimer County",1,42,97,53,44
050,40,077,"Oklahoma","Latimer County",1,43,93,44,49
050,40,077,"Oklahoma","Latimer County",1,44,90,46,44
050,40,077,"Oklahoma","Latimer County",1,45,97,51,46
050,40,077,"Oklahoma","Latimer County",1,46,82,36,46
050,40,077,"Oklahoma","Latimer County",1,47,103,41,62
050,40,077,"Oklahoma","Latimer County",1,48,116,50,66
050,40,077,"Oklahoma","Latimer County",1,49,120,64,56
050,40,077,"Oklahoma","Latimer County",1,50,107,60,47
050,40,077,"Oklahoma","Latimer County",1,51,98,55,43
050,40,077,"Oklahoma","Latimer County",1,52,104,56,48
050,40,077,"Oklahoma","Latimer County",1,53,115,48,67
050,40,077,"Oklahoma","Latimer County",1,54,116,55,61
050,40,077,"Oklahoma","Latimer County",1,55,119,59,60
050,40,077,"Oklahoma","Latimer County",1,56,131,72,59
050,40,077,"Oklahoma","Latimer County",1,57,136,70,66
050,40,077,"Oklahoma","Latimer County",1,58,143,74,69
050,40,077,"Oklahoma","Latimer County",1,59,136,60,76
050,40,077,"Oklahoma","Latimer County",1,60,133,61,72
050,40,077,"Oklahoma","Latimer County",1,61,130,66,64
050,40,077,"Oklahoma","Latimer County",1,62,133,65,68
050,40,077,"Oklahoma","Latimer County",1,63,131,64,67
050,40,077,"Oklahoma","Latimer County",1,64,126,63,63
050,40,077,"Oklahoma","Latimer County",1,65,116,55,61
050,40,077,"Oklahoma","Latimer County",1,66,109,55,54
050,40,077,"Oklahoma","Latimer County",1,67,95,52,43
050,40,077,"Oklahoma","Latimer County",1,68,101,46,55
050,40,077,"Oklahoma","Latimer County",1,69,112,53,59
050,40,077,"Oklahoma","Latimer County",1,70,114,57,57
050,40,077,"Oklahoma","Latimer County",1,71,100,54,46
050,40,077,"Oklahoma","Latimer County",1,72,114,62,52
050,40,077,"Oklahoma","Latimer County",1,73,108,56,52
050,40,077,"Oklahoma","Latimer County",1,74,80,39,41
050,40,077,"Oklahoma","Latimer County",1,75,84,43,41
050,40,077,"Oklahoma","Latimer County",1,76,90,39,51
050,40,077,"Oklahoma","Latimer County",1,77,86,50,36
050,40,077,"Oklahoma","Latimer County",1,78,84,47,37
050,40,077,"Oklahoma","Latimer County",1,79,63,33,30
050,40,077,"Oklahoma","Latimer County",1,80,63,27,36
050,40,077,"Oklahoma","Latimer County",1,81,61,26,35
050,40,077,"Oklahoma","Latimer County",1,82,53,26,27
050,40,077,"Oklahoma","Latimer County",1,83,44,22,22
050,40,077,"Oklahoma","Latimer County",1,84,43,24,19
050,40,077,"Oklahoma","Latimer County",1,85,281,137,144
050,40,077,"Oklahoma","Latimer County",2,0,125,60,65
050,40,077,"Oklahoma","Latimer County",2,1,131,60,71
050,40,077,"Oklahoma","Latimer County",2,2,112,53,59
050,40,077,"Oklahoma","Latimer County",2,3,109,55,54
050,40,077,"Oklahoma","Latimer County",2,4,124,65,59
050,40,077,"Oklahoma","Latimer County",2,5,116,63,53
050,40,077,"Oklahoma","Latimer County",2,6,110,60,50
050,40,077,"Oklahoma","Latimer County",2,7,113,63,50
050,40,077,"Oklahoma","Latimer County",2,8,123,67,56
050,40,077,"Oklahoma","Latimer County",2,9,123,65,58
050,40,077,"Oklahoma","Latimer County",2,10,122,67,55
050,40,077,"Oklahoma","Latimer County",2,11,122,64,58
050,40,077,"Oklahoma","Latimer County",2,12,115,57,58
050,40,077,"Oklahoma","Latimer County",2,13,116,56,60
050,40,077,"Oklahoma","Latimer County",2,14,126,59,67
050,40,077,"Oklahoma","Latimer County",2,15,116,56,60
050,40,077,"Oklahoma","Latimer County",2,16,124,68,56
050,40,077,"Oklahoma","Latimer County",2,17,128,69,59
050,40,077,"Oklahoma","Latimer County",2,18,141,73,68
050,40,077,"Oklahoma","Latimer County",2,19,149,81,68
050,40,077,"Oklahoma","Latimer County",2,20,136,77,59
050,40,077,"Oklahoma","Latimer County",2,21,106,59,47
050,40,077,"Oklahoma","Latimer County",2,22,102,51,51
050,40,077,"Oklahoma","Latimer County",2,23,106,48,58
050,40,077,"Oklahoma","Latimer County",2,24,97,53,44
050,40,077,"Oklahoma","Latimer County",2,25,89,50,39
050,40,077,"Oklahoma","Latimer County",2,26,104,55,49
050,40,077,"Oklahoma","Latimer County",2,27,116,55,61
050,40,077,"Oklahoma","Latimer County",2,28,122,55,67
050,40,077,"Oklahoma","Latimer County",2,29,120,55,65
050,40,077,"Oklahoma","Latimer County",2,30,109,54,55
050,40,077,"Oklahoma","Latimer County",2,31,104,48,56
050,40,077,"Oklahoma","Latimer County",2,32,95,41,54
050,40,077,"Oklahoma","Latimer County",2,33,88,40,48
050,40,077,"Oklahoma","Latimer County",2,34,89,47,42
050,40,077,"Oklahoma","Latimer County",2,35,96,50,46
050,40,077,"Oklahoma","Latimer County",2,36,104,55,49
050,40,077,"Oklahoma","Latimer County",2,37,116,60,56
050,40,077,"Oklahoma","Latimer County",2,38,121,68,53
050,40,077,"Oklahoma","Latimer County",2,39,117,62,55
050,40,077,"Oklahoma","Latimer County",2,40,121,61,60
050,40,077,"Oklahoma","Latimer County",2,41,117,62,55
050,40,077,"Oklahoma","Latimer County",2,42,100,54,46
050,40,077,"Oklahoma","Latimer County",2,43,94,46,48
050,40,077,"Oklahoma","Latimer County",2,44,90,46,44
050,40,077,"Oklahoma","Latimer County",2,45,94,49,45
050,40,077,"Oklahoma","Latimer County",2,46,86,40,46
050,40,077,"Oklahoma","Latimer County",2,47,100,41,59
050,40,077,"Oklahoma","Latimer County",2,48,115,49,66
050,40,077,"Oklahoma","Latimer County",2,49,122,62,60
050,40,077,"Oklahoma","Latimer County",2,50,108,60,48
050,40,077,"Oklahoma","Latimer County",2,51,100,56,44
050,40,077,"Oklahoma","Latimer County",2,52,103,55,48
050,40,077,"Oklahoma","Latimer County",2,53,112,50,62
050,40,077,"Oklahoma","Latimer County",2,54,114,52,62
050,40,077,"Oklahoma","Latimer County",2,55,118,57,61
050,40,077,"Oklahoma","Latimer County",2,56,128,70,58
050,40,077,"Oklahoma","Latimer County",2,57,134,70,64
050,40,077,"Oklahoma","Latimer County",2,58,140,72,68
050,40,077,"Oklahoma","Latimer County",2,59,136,62,74
050,40,077,"Oklahoma","Latimer County",2,60,134,61,73
050,40,077,"Oklahoma","Latimer County",2,61,129,64,65
050,40,077,"Oklahoma","Latimer County",2,62,132,66,66
050,40,077,"Oklahoma","Latimer County",2,63,132,64,68
050,40,077,"Oklahoma","Latimer County",2,64,125,62,63
050,40,077,"Oklahoma","Latimer County",2,65,118,57,61
050,40,077,"Oklahoma","Latimer County",2,66,108,52,56
050,40,077,"Oklahoma","Latimer County",2,67,97,52,45
050,40,077,"Oklahoma","Latimer County",2,68,99,47,52
050,40,077,"Oklahoma","Latimer County",2,69,110,51,59
050,40,077,"Oklahoma","Latimer County",2,70,115,57,58
050,40,077,"Oklahoma","Latimer County",2,71,103,55,48
050,40,077,"Oklahoma","Latimer County",2,72,110,59,51
050,40,077,"Oklahoma","Latimer County",2,73,112,59,53
050,40,077,"Oklahoma","Latimer County",2,74,84,42,42
050,40,077,"Oklahoma","Latimer County",2,75,81,40,41
050,40,077,"Oklahoma","Latimer County",2,76,87,38,49
050,40,077,"Oklahoma","Latimer County",2,77,90,49,41
050,40,077,"Oklahoma","Latimer County",2,78,83,48,35
050,40,077,"Oklahoma","Latimer County",2,79,67,35,32
050,40,077,"Oklahoma","Latimer County",2,80,63,29,34
050,40,077,"Oklahoma","Latimer County",2,81,60,26,34
050,40,077,"Oklahoma","Latimer County",2,82,54,25,29
050,40,077,"Oklahoma","Latimer County",2,83,45,22,23
050,40,077,"Oklahoma","Latimer County",2,84,42,23,19
050,40,077,"Oklahoma","Latimer County",2,85,285,139,146
050,40,077,"Oklahoma","Latimer County",3,0,90,54,36
050,40,077,"Oklahoma","Latimer County",3,1,118,52,66
050,40,077,"Oklahoma","Latimer County",3,2,128,64,64
050,40,077,"Oklahoma","Latimer County",3,3,116,52,64
050,40,077,"Oklahoma","Latimer County",3,4,102,58,44
050,40,077,"Oklahoma","Latimer County",3,5,122,68,54
050,40,077,"Oklahoma","Latimer County",3,6,119,66,53
050,40,077,"Oklahoma","Latimer County",3,7,113,63,50
050,40,077,"Oklahoma","Latimer County",3,8,115,65,50
050,40,077,"Oklahoma","Latimer County",3,9,124,66,58
050,40,077,"Oklahoma","Latimer County",3,10,132,70,62
050,40,077,"Oklahoma","Latimer County",3,11,124,68,56
050,40,077,"Oklahoma","Latimer County",3,12,111,55,56
050,40,077,"Oklahoma","Latimer County",3,13,126,66,60
050,40,077,"Oklahoma","Latimer County",3,14,115,59,56
050,40,077,"Oklahoma","Latimer County",3,15,134,63,71
050,40,077,"Oklahoma","Latimer County",3,16,117,60,57
050,40,077,"Oklahoma","Latimer County",3,17,119,63,56
050,40,077,"Oklahoma","Latimer County",3,18,135,74,61
050,40,077,"Oklahoma","Latimer County",3,19,150,80,70
050,40,077,"Oklahoma","Latimer County",3,20,140,81,59
050,40,077,"Oklahoma","Latimer County",3,21,108,60,48
050,40,077,"Oklahoma","Latimer County",3,22,102,55,47
050,40,077,"Oklahoma","Latimer County",3,23,100,45,55
050,40,077,"Oklahoma","Latimer County",3,24,105,52,53
050,40,077,"Oklahoma","Latimer County",3,25,93,54,39
050,40,077,"Oklahoma","Latimer County",3,26,92,49,43
050,40,077,"Oklahoma","Latimer County",3,27,105,55,50
050,40,077,"Oklahoma","Latimer County",3,28,119,59,60
050,40,077,"Oklahoma","Latimer County",3,29,116,50,66
050,40,077,"Oklahoma","Latimer County",3,30,111,50,61
050,40,077,"Oklahoma","Latimer County",3,31,106,55,51
050,40,077,"Oklahoma","Latimer County",3,32,108,52,56
050,40,077,"Oklahoma","Latimer County",3,33,96,41,55
050,40,077,"Oklahoma","Latimer County",3,34,95,43,52
050,40,077,"Oklahoma","Latimer County",3,35,97,50,47
050,40,077,"Oklahoma","Latimer County",3,36,92,48,44
050,40,077,"Oklahoma","Latimer County",3,37,107,56,51
050,40,077,"Oklahoma","Latimer County",3,38,116,57,59
050,40,077,"Oklahoma","Latimer County",3,39,118,67,51
050,40,077,"Oklahoma","Latimer County",3,40,114,61,53
050,40,077,"Oklahoma","Latimer County",3,41,119,62,57
050,40,077,"Oklahoma","Latimer County",3,42,120,64,56
050,40,077,"Oklahoma","Latimer County",3,43,91,46,45
050,40,077,"Oklahoma","Latimer County",3,44,91,43,48
050,40,077,"Oklahoma","Latimer County",3,45,95,48,47
050,40,077,"Oklahoma","Latimer County",3,46,102,56,46
050,40,077,"Oklahoma","Latimer County",3,47,89,42,47
050,40,077,"Oklahoma","Latimer County",3,48,89,36,53
050,40,077,"Oklahoma","Latimer County",3,49,122,54,68
050,40,077,"Oklahoma","Latimer County",3,50,120,59,61
050,40,077,"Oklahoma","Latimer County",3,51,111,60,51
050,40,077,"Oklahoma","Latimer County",3,52,99,52,47
050,40,077,"Oklahoma","Latimer County",3,53,104,57,47
050,40,077,"Oklahoma","Latimer County",3,54,113,50,63
050,40,077,"Oklahoma","Latimer County",3,55,104,48,56
050,40,077,"Oklahoma","Latimer County",3,56,125,65,60
050,40,077,"Oklahoma","Latimer County",3,57,124,69,55
050,40,077,"Oklahoma","Latimer County",3,58,137,77,60
050,40,077,"Oklahoma","Latimer County",3,59,133,69,64
050,40,077,"Oklahoma","Latimer County",3,60,141,66,75
050,40,077,"Oklahoma","Latimer County",3,61,132,57,75
050,40,077,"Oklahoma","Latimer County",3,62,129,66,63
050,40,077,"Oklahoma","Latimer County",3,63,130,61,69
050,40,077,"Oklahoma","Latimer County",3,64,133,67,66
050,40,077,"Oklahoma","Latimer County",3,65,126,62,64
050,40,077,"Oklahoma","Latimer County",3,66,119,58,61
050,40,077,"Oklahoma","Latimer County",3,67,112,52,60
050,40,077,"Oklahoma","Latimer County",3,68,96,53,43
050,40,077,"Oklahoma","Latimer County",3,69,97,44,53
050,40,077,"Oklahoma","Latimer County",3,70,109,51,58
050,40,077,"Oklahoma","Latimer County",3,71,116,56,60
050,40,077,"Oklahoma","Latimer County",3,72,100,53,47
050,40,077,"Oklahoma","Latimer County",3,73,104,56,48
050,40,077,"Oklahoma","Latimer County",3,74,105,56,49
050,40,077,"Oklahoma","Latimer County",3,75,82,40,42
050,40,077,"Oklahoma","Latimer County",3,76,77,39,38
050,40,077,"Oklahoma","Latimer County",3,77,81,34,47
050,40,077,"Oklahoma","Latimer County",3,78,89,49,40
050,40,077,"Oklahoma","Latimer County",3,79,73,39,34
050,40,077,"Oklahoma","Latimer County",3,80,60,30,30
050,40,077,"Oklahoma","Latimer County",3,81,62,29,33
050,40,077,"Oklahoma","Latimer County",3,82,60,27,33
050,40,077,"Oklahoma","Latimer County",3,83,51,23,28
050,40,077,"Oklahoma","Latimer County",3,84,43,22,21
050,40,077,"Oklahoma","Latimer County",3,85,289,146,143
050,40,077,"Oklahoma","Latimer County",4,0,96,50,46
050,40,077,"Oklahoma","Latimer County",4,1,90,52,38
050,40,077,"Oklahoma","Latimer County",4,2,123,55,68
050,40,077,"Oklahoma","Latimer County",4,3,125,63,62
050,40,077,"Oklahoma","Latimer County",4,4,117,54,63
050,40,077,"Oklahoma","Latimer County",4,5,111,58,53
050,40,077,"Oklahoma","Latimer County",4,6,136,74,62
050,40,077,"Oklahoma","Latimer County",4,7,120,65,55
050,40,077,"Oklahoma","Latimer County",4,8,111,64,47
050,40,077,"Oklahoma","Latimer County",4,9,117,67,50
050,40,077,"Oklahoma","Latimer County",4,10,141,72,69
050,40,077,"Oklahoma","Latimer County",4,11,139,77,62
050,40,077,"Oklahoma","Latimer County",4,12,122,63,59
050,40,077,"Oklahoma","Latimer County",4,13,114,56,58
050,40,077,"Oklahoma","Latimer County",4,14,126,62,64
050,40,077,"Oklahoma","Latimer County",4,15,111,59,52
050,40,077,"Oklahoma","Latimer County",4,16,132,61,71
050,40,077,"Oklahoma","Latimer County",4,17,111,55,56
050,40,077,"Oklahoma","Latimer County",4,18,121,67,54
050,40,077,"Oklahoma","Latimer County",4,19,146,83,63
050,40,077,"Oklahoma","Latimer County",4,20,153,83,70
050,40,077,"Oklahoma","Latimer County",4,21,119,66,53
050,40,077,"Oklahoma","Latimer County",4,22,109,54,55
050,40,077,"Oklahoma","Latimer County",4,23,115,57,58
050,40,077,"Oklahoma","Latimer County",4,24,102,46,56
050,40,077,"Oklahoma","Latimer County",4,25,105,52,53
050,40,077,"Oklahoma","Latimer County",4,26,103,58,45
050,40,077,"Oklahoma","Latimer County",4,27,105,56,49
050,40,077,"Oklahoma","Latimer County",4,28,110,56,54
050,40,077,"Oklahoma","Latimer County",4,29,118,61,57
050,40,077,"Oklahoma","Latimer County",4,30,108,49,59
050,40,077,"Oklahoma","Latimer County",4,31,116,53,63
050,40,077,"Oklahoma","Latimer County",4,32,114,60,54
050,40,077,"Oklahoma","Latimer County",4,33,108,52,56
050,40,077,"Oklahoma","Latimer County",4,34,108,50,58
050,40,077,"Oklahoma","Latimer County",4,35,94,42,52
050,40,077,"Oklahoma","Latimer County",4,36,97,50,47
050,40,077,"Oklahoma","Latimer County",4,37,91,47,44
050,40,077,"Oklahoma","Latimer County",4,38,114,59,55
050,40,077,"Oklahoma","Latimer County",4,39,119,60,59
050,40,077,"Oklahoma","Latimer County",4,40,110,64,46
050,40,077,"Oklahoma","Latimer County",4,41,115,61,54
050,40,077,"Oklahoma","Latimer County",4,42,130,66,64
050,40,077,"Oklahoma","Latimer County",4,43,118,65,53
050,40,077,"Oklahoma","Latimer County",4,44,92,47,45
050,40,077,"Oklahoma","Latimer County",4,45,99,46,53
050,40,077,"Oklahoma","Latimer County",4,46,94,49,45
050,40,077,"Oklahoma","Latimer County",4,47,106,56,50
050,40,077,"Oklahoma","Latimer County",4,48,85,39,46
050,40,077,"Oklahoma","Latimer County",4,49,100,39,61
050,40,077,"Oklahoma","Latimer County",4,50,116,51,65
050,40,077,"Oklahoma","Latimer County",4,51,127,62,65
050,40,077,"Oklahoma","Latimer County",4,52,118,65,53
050,40,077,"Oklahoma","Latimer County",4,53,102,56,46
050,40,077,"Oklahoma","Latimer County",4,54,99,56,43
050,40,077,"Oklahoma","Latimer County",4,55,108,47,61
050,40,077,"Oklahoma","Latimer County",4,56,107,50,57
050,40,077,"Oklahoma","Latimer County",4,57,130,69,61
050,40,077,"Oklahoma","Latimer County",4,58,123,69,54
050,40,077,"Oklahoma","Latimer County",4,59,136,75,61
050,40,077,"Oklahoma","Latimer County",4,60,138,74,64
050,40,077,"Oklahoma","Latimer County",4,61,138,67,71
050,40,077,"Oklahoma","Latimer County",4,62,138,60,78
050,40,077,"Oklahoma","Latimer County",4,63,121,60,61
050,40,077,"Oklahoma","Latimer County",4,64,132,62,70
050,40,077,"Oklahoma","Latimer County",4,65,131,66,65
050,40,077,"Oklahoma","Latimer County",4,66,125,62,63
050,40,077,"Oklahoma","Latimer County",4,67,121,57,64
050,40,077,"Oklahoma","Latimer County",4,68,115,56,59
050,40,077,"Oklahoma","Latimer County",4,69,96,52,44
050,40,077,"Oklahoma","Latimer County",4,70,93,41,52
050,40,077,"Oklahoma","Latimer County",4,71,104,49,55
050,40,077,"Oklahoma","Latimer County",4,72,119,59,60
050,40,077,"Oklahoma","Latimer County",4,73,95,50,45
050,40,077,"Oklahoma","Latimer County",4,74,101,53,48
050,40,077,"Oklahoma","Latimer County",4,75,98,52,46
050,40,077,"Oklahoma","Latimer County",4,76,71,35,36
050,40,077,"Oklahoma","Latimer County",4,77,68,33,35
050,40,077,"Oklahoma","Latimer County",4,78,78,35,43
050,40,077,"Oklahoma","Latimer County",4,79,82,44,38
050,40,077,"Oklahoma","Latimer County",4,80,66,35,31
050,40,077,"Oklahoma","Latimer County",4,81,58,28,30
050,40,077,"Oklahoma","Latimer County",4,82,60,29,31
050,40,077,"Oklahoma","Latimer County",4,83,55,27,28
050,40,077,"Oklahoma","Latimer County",4,84,43,20,23
050,40,077,"Oklahoma","Latimer County",4,85,278,147,131
050,40,077,"Oklahoma","Latimer County",5,0,98,49,49
050,40,077,"Oklahoma","Latimer County",5,1,107,59,48
050,40,077,"Oklahoma","Latimer County",5,2,92,54,38
050,40,077,"Oklahoma","Latimer County",5,3,125,57,68
050,40,077,"Oklahoma","Latimer County",5,4,126,64,62
050,40,077,"Oklahoma","Latimer County",5,5,124,57,67
050,40,077,"Oklahoma","Latimer County",5,6,109,62,47
050,40,077,"Oklahoma","Latimer County",5,7,137,74,63
050,40,077,"Oklahoma","Latimer County",5,8,120,68,52
050,40,077,"Oklahoma","Latimer County",5,9,106,59,47
050,40,077,"Oklahoma","Latimer County",5,10,124,73,51
050,40,077,"Oklahoma","Latimer County",5,11,141,72,69
050,40,077,"Oklahoma","Latimer County",5,12,135,67,68
050,40,077,"Oklahoma","Latimer County",5,13,120,61,59
050,40,077,"Oklahoma","Latimer County",5,14,118,59,59
050,40,077,"Oklahoma","Latimer County",5,15,130,65,65
050,40,077,"Oklahoma","Latimer County",5,16,106,57,49
050,40,077,"Oklahoma","Latimer County",5,17,133,66,67
050,40,077,"Oklahoma","Latimer County",5,18,120,61,59
050,40,077,"Oklahoma","Latimer County",5,19,133,79,54
050,40,077,"Oklahoma","Latimer County",5,20,144,81,63
050,40,077,"Oklahoma","Latimer County",5,21,120,60,60
050,40,077,"Oklahoma","Latimer County",5,22,120,60,60
050,40,077,"Oklahoma","Latimer County",5,23,109,52,57
050,40,077,"Oklahoma","Latimer County",5,24,111,57,54
050,40,077,"Oklahoma","Latimer County",5,25,93,41,52
050,40,077,"Oklahoma","Latimer County",5,26,107,49,58
050,40,077,"Oklahoma","Latimer County",5,27,96,53,43
050,40,077,"Oklahoma","Latimer County",5,28,108,57,51
050,40,077,"Oklahoma","Latimer County",5,29,115,58,57
050,40,077,"Oklahoma","Latimer County",5,30,108,57,51
050,40,077,"Oklahoma","Latimer County",5,31,112,51,61
050,40,077,"Oklahoma","Latimer County",5,32,113,53,60
050,40,077,"Oklahoma","Latimer County",5,33,108,55,53
050,40,077,"Oklahoma","Latimer County",5,34,106,48,58
050,40,077,"Oklahoma","Latimer County",5,35,100,46,54
050,40,077,"Oklahoma","Latimer County",5,36,100,47,53
050,40,077,"Oklahoma","Latimer County",5,37,99,51,48
050,40,077,"Oklahoma","Latimer County",5,38,93,45,48
050,40,077,"Oklahoma","Latimer County",5,39,111,58,53
050,40,077,"Oklahoma","Latimer County",5,40,116,58,58
050,40,077,"Oklahoma","Latimer County",5,41,118,68,50
050,40,077,"Oklahoma","Latimer County",5,42,114,60,54
050,40,077,"Oklahoma","Latimer County",5,43,133,68,65
050,40,077,"Oklahoma","Latimer County",5,44,116,62,54
050,40,077,"Oklahoma","Latimer County",5,45,94,46,48
050,40,077,"Oklahoma","Latimer County",5,46,99,46,53
050,40,077,"Oklahoma","Latimer County",5,47,92,48,44
050,40,077,"Oklahoma","Latimer County",5,48,96,53,43
050,40,077,"Oklahoma","Latimer County",5,49,92,40,52
050,40,077,"Oklahoma","Latimer County",5,50,105,43,62
050,40,077,"Oklahoma","Latimer County",5,51,120,55,65
050,40,077,"Oklahoma","Latimer County",5,52,118,56,62
050,40,077,"Oklahoma","Latimer County",5,53,120,70,50
050,40,077,"Oklahoma","Latimer County",5,54,100,54,46
050,40,077,"Oklahoma","Latimer County",5,55,100,56,44
050,40,077,"Oklahoma","Latimer County",5,56,112,48,64
050,40,077,"Oklahoma","Latimer County",5,57,112,47,65
050,40,077,"Oklahoma","Latimer County",5,58,134,70,64
050,40,077,"Oklahoma","Latimer County",5,59,120,68,52
050,40,077,"Oklahoma","Latimer County",5,60,138,78,60
050,40,077,"Oklahoma","Latimer County",5,61,133,70,63
050,40,077,"Oklahoma","Latimer County",5,62,136,64,72
050,40,077,"Oklahoma","Latimer County",5,63,128,51,77
050,40,077,"Oklahoma","Latimer County",5,64,125,63,62
050,40,077,"Oklahoma","Latimer County",5,65,132,61,71
050,40,077,"Oklahoma","Latimer County",5,66,131,66,65
050,40,077,"Oklahoma","Latimer County",5,67,130,66,64
050,40,077,"Oklahoma","Latimer County",5,68,123,58,65
050,40,077,"Oklahoma","Latimer County",5,69,111,55,56
050,40,077,"Oklahoma","Latimer County",5,70,89,50,39
050,40,077,"Oklahoma","Latimer County",5,71,93,39,54
050,40,077,"Oklahoma","Latimer County",5,72,106,51,55
050,40,077,"Oklahoma","Latimer County",5,73,117,56,61
050,40,077,"Oklahoma","Latimer County",5,74,91,48,43
050,40,077,"Oklahoma","Latimer County",5,75,98,49,49
050,40,077,"Oklahoma","Latimer County",5,76,89,48,41
050,40,077,"Oklahoma","Latimer County",5,77,66,31,35
050,40,077,"Oklahoma","Latimer County",5,78,66,33,33
050,40,077,"Oklahoma","Latimer County",5,79,70,30,40
050,40,077,"Oklahoma","Latimer County",5,80,74,36,38
050,40,077,"Oklahoma","Latimer County",5,81,57,34,23
050,40,077,"Oklahoma","Latimer County",5,82,59,26,33
050,40,077,"Oklahoma","Latimer County",5,83,57,29,28
050,40,077,"Oklahoma","Latimer County",5,84,49,24,25
050,40,077,"Oklahoma","Latimer County",5,85,270,151,119
050,40,079,"Oklahoma","Le Flore County",1,0,569,292,277
050,40,079,"Oklahoma","Le Flore County",1,1,591,308,283
050,40,079,"Oklahoma","Le Flore County",1,2,569,285,284
050,40,079,"Oklahoma","Le Flore County",1,3,598,298,300
050,40,079,"Oklahoma","Le Flore County",1,4,611,317,294
050,40,079,"Oklahoma","Le Flore County",1,5,618,308,310
050,40,079,"Oklahoma","Le Flore County",1,6,651,339,312
050,40,079,"Oklahoma","Le Flore County",1,7,657,324,333
050,40,079,"Oklahoma","Le Flore County",1,8,649,318,331
050,40,079,"Oklahoma","Le Flore County",1,9,637,319,318
050,40,079,"Oklahoma","Le Flore County",1,10,651,348,303
050,40,079,"Oklahoma","Le Flore County",1,11,672,362,310
050,40,079,"Oklahoma","Le Flore County",1,12,720,355,365
050,40,079,"Oklahoma","Le Flore County",1,13,778,414,364
050,40,079,"Oklahoma","Le Flore County",1,14,702,367,335
050,40,079,"Oklahoma","Le Flore County",1,15,688,355,333
050,40,079,"Oklahoma","Le Flore County",1,16,662,338,324
050,40,079,"Oklahoma","Le Flore County",1,17,684,362,322
050,40,079,"Oklahoma","Le Flore County",1,18,640,346,294
050,40,079,"Oklahoma","Le Flore County",1,19,621,333,288
050,40,079,"Oklahoma","Le Flore County",1,20,573,297,276
050,40,079,"Oklahoma","Le Flore County",1,21,545,295,250
050,40,079,"Oklahoma","Le Flore County",1,22,545,284,261
050,40,079,"Oklahoma","Le Flore County",1,23,542,287,255
050,40,079,"Oklahoma","Le Flore County",1,24,551,297,254
050,40,079,"Oklahoma","Le Flore County",1,25,553,281,272
050,40,079,"Oklahoma","Le Flore County",1,26,616,336,280
050,40,079,"Oklahoma","Le Flore County",1,27,602,305,297
050,40,079,"Oklahoma","Le Flore County",1,28,604,319,285
050,40,079,"Oklahoma","Le Flore County",1,29,665,362,303
050,40,079,"Oklahoma","Le Flore County",1,30,596,313,283
050,40,079,"Oklahoma","Le Flore County",1,31,571,290,281
050,40,079,"Oklahoma","Le Flore County",1,32,546,290,256
050,40,079,"Oklahoma","Le Flore County",1,33,560,306,254
050,40,079,"Oklahoma","Le Flore County",1,34,561,292,269
050,40,079,"Oklahoma","Le Flore County",1,35,534,273,261
050,40,079,"Oklahoma","Le Flore County",1,36,599,308,291
050,40,079,"Oklahoma","Le Flore County",1,37,582,289,293
050,40,079,"Oklahoma","Le Flore County",1,38,622,309,313
050,40,079,"Oklahoma","Le Flore County",1,39,594,315,279
050,40,079,"Oklahoma","Le Flore County",1,40,620,333,287
050,40,079,"Oklahoma","Le Flore County",1,41,616,335,281
050,40,079,"Oklahoma","Le Flore County",1,42,604,331,273
050,40,079,"Oklahoma","Le Flore County",1,43,538,288,250
050,40,079,"Oklahoma","Le Flore County",1,44,527,279,248
050,40,079,"Oklahoma","Le Flore County",1,45,538,297,241
050,40,079,"Oklahoma","Le Flore County",1,46,541,294,247
050,40,079,"Oklahoma","Le Flore County",1,47,562,287,275
050,40,079,"Oklahoma","Le Flore County",1,48,613,331,282
050,40,079,"Oklahoma","Le Flore County",1,49,624,331,293
050,40,079,"Oklahoma","Le Flore County",1,50,586,303,283
050,40,079,"Oklahoma","Le Flore County",1,51,559,284,275
050,40,079,"Oklahoma","Le Flore County",1,52,563,289,274
050,40,079,"Oklahoma","Le Flore County",1,53,581,289,292
050,40,079,"Oklahoma","Le Flore County",1,54,616,326,290
050,40,079,"Oklahoma","Le Flore County",1,55,623,321,302
050,40,079,"Oklahoma","Le Flore County",1,56,641,304,337
050,40,079,"Oklahoma","Le Flore County",1,57,663,313,350
050,40,079,"Oklahoma","Le Flore County",1,58,687,348,339
050,40,079,"Oklahoma","Le Flore County",1,59,649,346,303
050,40,079,"Oklahoma","Le Flore County",1,60,634,303,331
050,40,079,"Oklahoma","Le Flore County",1,61,635,289,346
050,40,079,"Oklahoma","Le Flore County",1,62,603,298,305
050,40,079,"Oklahoma","Le Flore County",1,63,583,279,304
050,40,079,"Oklahoma","Le Flore County",1,64,594,286,308
050,40,079,"Oklahoma","Le Flore County",1,65,590,283,307
050,40,079,"Oklahoma","Le Flore County",1,66,578,277,301
050,40,079,"Oklahoma","Le Flore County",1,67,579,289,290
050,40,079,"Oklahoma","Le Flore County",1,68,546,262,284
050,40,079,"Oklahoma","Le Flore County",1,69,510,241,269
050,40,079,"Oklahoma","Le Flore County",1,70,504,233,271
050,40,079,"Oklahoma","Le Flore County",1,71,512,248,264
050,40,079,"Oklahoma","Le Flore County",1,72,499,242,257
050,40,079,"Oklahoma","Le Flore County",1,73,499,240,259
050,40,079,"Oklahoma","Le Flore County",1,74,362,179,183
050,40,079,"Oklahoma","Le Flore County",1,75,359,166,193
050,40,079,"Oklahoma","Le Flore County",1,76,348,155,193
050,40,079,"Oklahoma","Le Flore County",1,77,340,158,182
050,40,079,"Oklahoma","Le Flore County",1,78,281,135,146
050,40,079,"Oklahoma","Le Flore County",1,79,264,118,146
050,40,079,"Oklahoma","Le Flore County",1,80,240,104,136
050,40,079,"Oklahoma","Le Flore County",1,81,224,104,120
050,40,079,"Oklahoma","Le Flore County",1,82,202,93,109
050,40,079,"Oklahoma","Le Flore County",1,83,182,75,107
050,40,079,"Oklahoma","Le Flore County",1,84,165,69,96
050,40,079,"Oklahoma","Le Flore County",1,85,817,284,533
050,40,079,"Oklahoma","Le Flore County",2,0,570,301,269
050,40,079,"Oklahoma","Le Flore County",2,1,586,304,282
050,40,079,"Oklahoma","Le Flore County",2,2,576,289,287
050,40,079,"Oklahoma","Le Flore County",2,3,594,295,299
050,40,079,"Oklahoma","Le Flore County",2,4,611,313,298
050,40,079,"Oklahoma","Le Flore County",2,5,623,314,309
050,40,079,"Oklahoma","Le Flore County",2,6,649,336,313
050,40,079,"Oklahoma","Le Flore County",2,7,656,331,325
050,40,079,"Oklahoma","Le Flore County",2,8,649,320,329
050,40,079,"Oklahoma","Le Flore County",2,9,643,322,321
050,40,079,"Oklahoma","Le Flore County",2,10,650,341,309
050,40,079,"Oklahoma","Le Flore County",2,11,661,354,307
050,40,079,"Oklahoma","Le Flore County",2,12,709,360,349
050,40,079,"Oklahoma","Le Flore County",2,13,761,397,364
050,40,079,"Oklahoma","Le Flore County",2,14,719,376,343
050,40,079,"Oklahoma","Le Flore County",2,15,689,357,332
050,40,079,"Oklahoma","Le Flore County",2,16,668,343,325
050,40,079,"Oklahoma","Le Flore County",2,17,677,356,321
050,40,079,"Oklahoma","Le Flore County",2,18,635,341,294
050,40,079,"Oklahoma","Le Flore County",2,19,618,329,289
050,40,079,"Oklahoma","Le Flore County",2,20,590,308,282
050,40,079,"Oklahoma","Le Flore County",2,21,545,294,251
050,40,079,"Oklahoma","Le Flore County",2,22,555,291,264
050,40,079,"Oklahoma","Le Flore County",2,23,548,287,261
050,40,079,"Oklahoma","Le Flore County",2,24,554,297,257
050,40,079,"Oklahoma","Le Flore County",2,25,555,287,268
050,40,079,"Oklahoma","Le Flore County",2,26,614,333,281
050,40,079,"Oklahoma","Le Flore County",2,27,596,307,289
050,40,079,"Oklahoma","Le Flore County",2,28,604,314,290
050,40,079,"Oklahoma","Le Flore County",2,29,659,358,301
050,40,079,"Oklahoma","Le Flore County",2,30,610,320,290
050,40,079,"Oklahoma","Le Flore County",2,31,574,297,277
050,40,079,"Oklahoma","Le Flore County",2,32,557,293,264
050,40,079,"Oklahoma","Le Flore County",2,33,551,297,254
050,40,079,"Oklahoma","Le Flore County",2,34,558,294,264
050,40,079,"Oklahoma","Le Flore County",2,35,547,283,264
050,40,079,"Oklahoma","Le Flore County",2,36,582,301,281
050,40,079,"Oklahoma","Le Flore County",2,37,586,292,294
050,40,079,"Oklahoma","Le Flore County",2,38,620,312,308
050,40,079,"Oklahoma","Le Flore County",2,39,600,315,285
050,40,079,"Oklahoma","Le Flore County",2,40,617,330,287
050,40,079,"Oklahoma","Le Flore County",2,41,615,333,282
050,40,079,"Oklahoma","Le Flore County",2,42,600,327,273
050,40,079,"Oklahoma","Le Flore County",2,43,559,298,261
050,40,079,"Oklahoma","Le Flore County",2,44,526,280,246
050,40,079,"Oklahoma","Le Flore County",2,45,538,295,243
050,40,079,"Oklahoma","Le Flore County",2,46,537,293,244
050,40,079,"Oklahoma","Le Flore County",2,47,560,290,270
050,40,079,"Oklahoma","Le Flore County",2,48,599,319,280
050,40,079,"Oklahoma","Le Flore County",2,49,625,332,293
050,40,079,"Oklahoma","Le Flore County",2,50,591,305,286
050,40,079,"Oklahoma","Le Flore County",2,51,570,292,278
050,40,079,"Oklahoma","Le Flore County",2,52,561,288,273
050,40,079,"Oklahoma","Le Flore County",2,53,578,292,286
050,40,079,"Oklahoma","Le Flore County",2,54,602,311,291
050,40,079,"Oklahoma","Le Flore County",2,55,623,324,299
050,40,079,"Oklahoma","Le Flore County",2,56,638,308,330
050,40,079,"Oklahoma","Le Flore County",2,57,656,309,347
050,40,079,"Oklahoma","Le Flore County",2,58,679,337,342
050,40,079,"Oklahoma","Le Flore County",2,59,667,351,316
050,40,079,"Oklahoma","Le Flore County",2,60,635,312,323
050,40,079,"Oklahoma","Le Flore County",2,61,635,295,340
050,40,079,"Oklahoma","Le Flore County",2,62,607,295,312
050,40,079,"Oklahoma","Le Flore County",2,63,592,287,305
050,40,079,"Oklahoma","Le Flore County",2,64,585,280,305
050,40,079,"Oklahoma","Le Flore County",2,65,594,288,306
050,40,079,"Oklahoma","Le Flore County",2,66,581,277,304
050,40,079,"Oklahoma","Le Flore County",2,67,579,287,292
050,40,079,"Oklahoma","Le Flore County",2,68,546,264,282
050,40,079,"Oklahoma","Le Flore County",2,69,520,247,273
050,40,079,"Oklahoma","Le Flore County",2,70,502,233,269
050,40,079,"Oklahoma","Le Flore County",2,71,509,244,265
050,40,079,"Oklahoma","Le Flore County",2,72,494,239,255
050,40,079,"Oklahoma","Le Flore County",2,73,514,244,270
050,40,079,"Oklahoma","Le Flore County",2,74,371,182,189
050,40,079,"Oklahoma","Le Flore County",2,75,355,167,188
050,40,079,"Oklahoma","Le Flore County",2,76,344,156,188
050,40,079,"Oklahoma","Le Flore County",2,77,344,156,188
050,40,079,"Oklahoma","Le Flore County",2,78,286,136,150
050,40,079,"Oklahoma","Le Flore County",2,79,268,121,147
050,40,079,"Oklahoma","Le Flore County",2,80,242,106,136
050,40,079,"Oklahoma","Le Flore County",2,81,224,102,122
050,40,079,"Oklahoma","Le Flore County",2,82,208,96,112
050,40,079,"Oklahoma","Le Flore County",2,83,183,76,107
050,40,079,"Oklahoma","Le Flore County",2,84,162,67,95
050,40,079,"Oklahoma","Le Flore County",2,85,827,289,538
050,40,079,"Oklahoma","Le Flore County",3,0,580,338,242
050,40,079,"Oklahoma","Le Flore County",3,1,584,325,259
050,40,079,"Oklahoma","Le Flore County",3,2,593,308,285
050,40,079,"Oklahoma","Le Flore County",3,3,586,307,279
050,40,079,"Oklahoma","Le Flore County",3,4,597,299,298
050,40,079,"Oklahoma","Le Flore County",3,5,623,323,300
050,40,079,"Oklahoma","Le Flore County",3,6,637,320,317
050,40,079,"Oklahoma","Le Flore County",3,7,679,353,326
050,40,079,"Oklahoma","Le Flore County",3,8,682,343,339
050,40,079,"Oklahoma","Le Flore County",3,9,672,337,335
050,40,079,"Oklahoma","Le Flore County",3,10,646,330,316
050,40,079,"Oklahoma","Le Flore County",3,11,669,351,318
050,40,079,"Oklahoma","Le Flore County",3,12,665,352,313
050,40,079,"Oklahoma","Le Flore County",3,13,712,361,351
050,40,079,"Oklahoma","Le Flore County",3,14,778,398,380
050,40,079,"Oklahoma","Le Flore County",3,15,719,380,339
050,40,079,"Oklahoma","Le Flore County",3,16,713,365,348
050,40,079,"Oklahoma","Le Flore County",3,17,673,345,328
050,40,079,"Oklahoma","Le Flore County",3,18,633,336,297
050,40,079,"Oklahoma","Le Flore County",3,19,602,319,283
050,40,079,"Oklahoma","Le Flore County",3,20,615,323,292
050,40,079,"Oklahoma","Le Flore County",3,21,559,302,257
050,40,079,"Oklahoma","Le Flore County",3,22,595,313,282
050,40,079,"Oklahoma","Le Flore County",3,23,557,294,263
050,40,079,"Oklahoma","Le Flore County",3,24,575,306,269
050,40,079,"Oklahoma","Le Flore County",3,25,569,299,270
050,40,079,"Oklahoma","Le Flore County",3,26,592,320,272
050,40,079,"Oklahoma","Le Flore County",3,27,604,325,279
050,40,079,"Oklahoma","Le Flore County",3,28,606,315,291
050,40,079,"Oklahoma","Le Flore County",3,29,625,341,284
050,40,079,"Oklahoma","Le Flore County",3,30,638,342,296
050,40,079,"Oklahoma","Le Flore County",3,31,603,313,290
050,40,079,"Oklahoma","Le Flore County",3,32,606,308,298
050,40,079,"Oklahoma","Le Flore County",3,33,543,267,276
050,40,079,"Oklahoma","Le Flore County",3,34,558,304,254
050,40,079,"Oklahoma","Le Flore County",3,35,571,309,262
050,40,079,"Oklahoma","Le Flore County",3,36,587,311,276
050,40,079,"Oklahoma","Le Flore County",3,37,580,292,288
050,40,079,"Oklahoma","Le Flore County",3,38,619,318,301
050,40,079,"Oklahoma","Le Flore County",3,39,633,318,315
050,40,079,"Oklahoma","Le Flore County",3,40,612,332,280
050,40,079,"Oklahoma","Le Flore County",3,41,622,334,288
050,40,079,"Oklahoma","Le Flore County",3,42,619,333,286
050,40,079,"Oklahoma","Le Flore County",3,43,607,331,276
050,40,079,"Oklahoma","Le Flore County",3,44,562,300,262
050,40,079,"Oklahoma","Le Flore County",3,45,539,293,246
050,40,079,"Oklahoma","Le Flore County",3,46,550,304,246
050,40,079,"Oklahoma","Le Flore County",3,47,545,300,245
050,40,079,"Oklahoma","Le Flore County",3,48,567,290,277
050,40,079,"Oklahoma","Le Flore County",3,49,610,326,284
050,40,079,"Oklahoma","Le Flore County",3,50,599,311,288
050,40,079,"Oklahoma","Le Flore County",3,51,604,314,290
050,40,079,"Oklahoma","Le Flore County",3,52,566,295,271
050,40,079,"Oklahoma","Le Flore County",3,53,571,296,275
050,40,079,"Oklahoma","Le Flore County",3,54,576,285,291
050,40,079,"Oklahoma","Le Flore County",3,55,601,313,288
050,40,079,"Oklahoma","Le Flore County",3,56,624,326,298
050,40,079,"Oklahoma","Le Flore County",3,57,616,293,323
050,40,079,"Oklahoma","Le Flore County",3,58,647,301,346
050,40,079,"Oklahoma","Le Flore County",3,59,667,338,329
050,40,079,"Oklahoma","Le Flore County",3,60,667,354,313
050,40,079,"Oklahoma","Le Flore County",3,61,648,314,334
050,40,079,"Oklahoma","Le Flore County",3,62,616,279,337
050,40,079,"Oklahoma","Le Flore County",3,63,620,301,319
050,40,079,"Oklahoma","Le Flore County",3,64,579,280,299
050,40,079,"Oklahoma","Le Flore County",3,65,584,275,309
050,40,079,"Oklahoma","Le Flore County",3,66,568,267,301
050,40,079,"Oklahoma","Le Flore County",3,67,569,272,297
050,40,079,"Oklahoma","Le Flore County",3,68,567,278,289
050,40,079,"Oklahoma","Le Flore County",3,69,533,257,276
050,40,079,"Oklahoma","Le Flore County",3,70,489,226,263
050,40,079,"Oklahoma","Le Flore County",3,71,493,224,269
050,40,079,"Oklahoma","Le Flore County",3,72,491,234,257
050,40,079,"Oklahoma","Le Flore County",3,73,468,216,252
050,40,079,"Oklahoma","Le Flore County",3,74,494,236,258
050,40,079,"Oklahoma","Le Flore County",3,75,345,168,177
050,40,079,"Oklahoma","Le Flore County",3,76,348,159,189
050,40,079,"Oklahoma","Le Flore County",3,77,328,151,177
050,40,079,"Oklahoma","Le Flore County",3,78,314,137,177
050,40,079,"Oklahoma","Le Flore County",3,79,269,127,142
050,40,079,"Oklahoma","Le Flore County",3,80,246,112,134
050,40,079,"Oklahoma","Le Flore County",3,81,223,101,122
050,40,079,"Oklahoma","Le Flore County",3,82,201,88,113
050,40,079,"Oklahoma","Le Flore County",3,83,199,86,113
050,40,079,"Oklahoma","Le Flore County",3,84,152,63,89
050,40,079,"Oklahoma","Le Flore County",3,85,810,267,543
050,40,079,"Oklahoma","Le Flore County",4,0,671,350,321
050,40,079,"Oklahoma","Le Flore County",4,1,586,337,249
050,40,079,"Oklahoma","Le Flore County",4,2,612,332,280
050,40,079,"Oklahoma","Le Flore County",4,3,619,326,293
050,40,079,"Oklahoma","Le Flore County",4,4,613,333,280
050,40,079,"Oklahoma","Le Flore County",4,5,627,310,317
050,40,079,"Oklahoma","Le Flore County",4,6,630,310,320
050,40,079,"Oklahoma","Le Flore County",4,7,659,334,325
050,40,079,"Oklahoma","Le Flore County",4,8,676,354,322
050,40,079,"Oklahoma","Le Flore County",4,9,701,346,355
050,40,079,"Oklahoma","Le Flore County",4,10,680,339,341
050,40,079,"Oklahoma","Le Flore County",4,11,651,328,323
050,40,079,"Oklahoma","Le Flore County",4,12,678,360,318
050,40,079,"Oklahoma","Le Flore County",4,13,671,345,326
050,40,079,"Oklahoma","Le Flore County",4,14,724,373,351
050,40,079,"Oklahoma","Le Flore County",4,15,790,404,386
050,40,079,"Oklahoma","Le Flore County",4,16,731,377,354
050,40,079,"Oklahoma","Le Flore County",4,17,689,356,333
050,40,079,"Oklahoma","Le Flore County",4,18,626,320,306
050,40,079,"Oklahoma","Le Flore County",4,19,592,312,280
050,40,079,"Oklahoma","Le Flore County",4,20,593,309,284
050,40,079,"Oklahoma","Le Flore County",4,21,588,312,276
050,40,079,"Oklahoma","Le Flore County",4,22,575,312,263
050,40,079,"Oklahoma","Le Flore County",4,23,587,304,283
050,40,079,"Oklahoma","Le Flore County",4,24,572,301,271
050,40,079,"Oklahoma","Le Flore County",4,25,594,306,288
050,40,079,"Oklahoma","Le Flore County",4,26,598,326,272
050,40,079,"Oklahoma","Le Flore County",4,27,575,299,276
050,40,079,"Oklahoma","Le Flore County",4,28,612,324,288
050,40,079,"Oklahoma","Le Flore County",4,29,652,346,306
050,40,079,"Oklahoma","Le Flore County",4,30,601,314,287
050,40,079,"Oklahoma","Le Flore County",4,31,656,354,302
050,40,079,"Oklahoma","Le Flore County",4,32,619,325,294
050,40,079,"Oklahoma","Le Flore County",4,33,596,294,302
050,40,079,"Oklahoma","Le Flore County",4,34,560,273,287
050,40,079,"Oklahoma","Le Flore County",4,35,574,313,261
050,40,079,"Oklahoma","Le Flore County",4,36,607,329,278
050,40,079,"Oklahoma","Le Flore County",4,37,567,303,264
050,40,079,"Oklahoma","Le Flore County",4,38,619,319,300
050,40,079,"Oklahoma","Le Flore County",4,39,620,308,312
050,40,079,"Oklahoma","Le Flore County",4,40,631,317,314
050,40,079,"Oklahoma","Le Flore County",4,41,609,337,272
050,40,079,"Oklahoma","Le Flore County",4,42,627,330,297
050,40,079,"Oklahoma","Le Flore County",4,43,613,319,294
050,40,079,"Oklahoma","Le Flore County",4,44,625,347,278
050,40,079,"Oklahoma","Le Flore County",4,45,563,302,261
050,40,079,"Oklahoma","Le Flore County",4,46,526,282,244
050,40,079,"Oklahoma","Le Flore County",4,47,563,320,243
050,40,079,"Oklahoma","Le Flore County",4,48,535,287,248
050,40,079,"Oklahoma","Le Flore County",4,49,551,282,269
050,40,079,"Oklahoma","Le Flore County",4,50,600,314,286
050,40,079,"Oklahoma","Le Flore County",4,51,602,315,287
050,40,079,"Oklahoma","Le Flore County",4,52,596,299,297
050,40,079,"Oklahoma","Le Flore County",4,53,570,302,268
050,40,079,"Oklahoma","Le Flore County",4,54,563,285,278
050,40,079,"Oklahoma","Le Flore County",4,55,570,278,292
050,40,079,"Oklahoma","Le Flore County",4,56,616,313,303
050,40,079,"Oklahoma","Le Flore County",4,57,619,322,297
050,40,079,"Oklahoma","Le Flore County",4,58,612,295,317
050,40,079,"Oklahoma","Le Flore County",4,59,656,314,342
050,40,079,"Oklahoma","Le Flore County",4,60,662,337,325
050,40,079,"Oklahoma","Le Flore County",4,61,671,349,322
050,40,079,"Oklahoma","Le Flore County",4,62,634,307,327
050,40,079,"Oklahoma","Le Flore County",4,63,623,283,340
050,40,079,"Oklahoma","Le Flore County",4,64,621,294,327
050,40,079,"Oklahoma","Le Flore County",4,65,577,281,296
050,40,079,"Oklahoma","Le Flore County",4,66,581,270,311
050,40,079,"Oklahoma","Le Flore County",4,67,563,266,297
050,40,079,"Oklahoma","Le Flore County",4,68,542,251,291
050,40,079,"Oklahoma","Le Flore County",4,69,549,262,287
050,40,079,"Oklahoma","Le Flore County",4,70,514,244,270
050,40,079,"Oklahoma","Le Flore County",4,71,478,215,263
050,40,079,"Oklahoma","Le Flore County",4,72,479,215,264
050,40,079,"Oklahoma","Le Flore County",4,73,468,221,247
050,40,079,"Oklahoma","Le Flore County",4,74,450,212,238
050,40,079,"Oklahoma","Le Flore County",4,75,468,221,247
050,40,079,"Oklahoma","Le Flore County",4,76,328,160,168
050,40,079,"Oklahoma","Le Flore County",4,77,331,155,176
050,40,079,"Oklahoma","Le Flore County",4,78,294,132,162
050,40,079,"Oklahoma","Le Flore County",4,79,307,136,171
050,40,079,"Oklahoma","Le Flore County",4,80,247,116,131
050,40,079,"Oklahoma","Le Flore County",4,81,215,96,119
050,40,079,"Oklahoma","Le Flore County",4,82,198,88,110
050,40,079,"Oklahoma","Le Flore County",4,83,193,75,118
050,40,079,"Oklahoma","Le Flore County",4,84,173,76,97
050,40,079,"Oklahoma","Le Flore County",4,85,798,259,539
050,40,079,"Oklahoma","Le Flore County",5,0,768,400,368
050,40,079,"Oklahoma","Le Flore County",5,1,625,310,315
050,40,079,"Oklahoma","Le Flore County",5,2,576,325,251
050,40,079,"Oklahoma","Le Flore County",5,3,615,338,277
050,40,079,"Oklahoma","Le Flore County",5,4,604,321,283
050,40,079,"Oklahoma","Le Flore County",5,5,633,348,285
050,40,079,"Oklahoma","Le Flore County",5,6,654,330,324
050,40,079,"Oklahoma","Le Flore County",5,7,635,297,338
050,40,079,"Oklahoma","Le Flore County",5,8,671,337,334
050,40,079,"Oklahoma","Le Flore County",5,9,686,366,320
050,40,079,"Oklahoma","Le Flore County",5,10,722,366,356
050,40,079,"Oklahoma","Le Flore County",5,11,704,343,361
050,40,079,"Oklahoma","Le Flore County",5,12,670,346,324
050,40,079,"Oklahoma","Le Flore County",5,13,709,368,341
050,40,079,"Oklahoma","Le Flore County",5,14,692,359,333
050,40,079,"Oklahoma","Le Flore County",5,15,729,368,361
050,40,079,"Oklahoma","Le Flore County",5,16,804,418,386
050,40,079,"Oklahoma","Le Flore County",5,17,726,383,343
050,40,079,"Oklahoma","Le Flore County",5,18,634,331,303
050,40,079,"Oklahoma","Le Flore County",5,19,590,303,287
050,40,079,"Oklahoma","Le Flore County",5,20,606,320,286
050,40,079,"Oklahoma","Le Flore County",5,21,554,299,255
050,40,079,"Oklahoma","Le Flore County",5,22,600,315,285
050,40,079,"Oklahoma","Le Flore County",5,23,591,330,261
050,40,079,"Oklahoma","Le Flore County",5,24,613,325,288
050,40,079,"Oklahoma","Le Flore County",5,25,579,299,280
050,40,079,"Oklahoma","Le Flore County",5,26,626,346,280
050,40,079,"Oklahoma","Le Flore County",5,27,602,328,274
050,40,079,"Oklahoma","Le Flore County",5,28,566,298,268
050,40,079,"Oklahoma","Le Flore County",5,29,665,371,294
050,40,079,"Oklahoma","Le Flore County",5,30,638,327,311
050,40,079,"Oklahoma","Le Flore County",5,31,617,323,294
050,40,079,"Oklahoma","Le Flore County",5,32,658,363,295
050,40,079,"Oklahoma","Le Flore County",5,33,614,319,295
050,40,079,"Oklahoma","Le Flore County",5,34,620,310,310
050,40,079,"Oklahoma","Le Flore County",5,35,581,285,296
050,40,079,"Oklahoma","Le Flore County",5,36,601,326,275
050,40,079,"Oklahoma","Le Flore County",5,37,598,318,280
050,40,079,"Oklahoma","Le Flore County",5,38,603,335,268
050,40,079,"Oklahoma","Le Flore County",5,39,608,305,303
050,40,079,"Oklahoma","Le Flore County",5,40,622,318,304
050,40,079,"Oklahoma","Le Flore County",5,41,649,332,317
050,40,079,"Oklahoma","Le Flore County",5,42,622,335,287
050,40,079,"Oklahoma","Le Flore County",5,43,642,329,313
050,40,079,"Oklahoma","Le Flore County",5,44,625,334,291
050,40,079,"Oklahoma","Le Flore County",5,45,633,351,282
050,40,079,"Oklahoma","Le Flore County",5,46,567,293,274
050,40,079,"Oklahoma","Le Flore County",5,47,543,293,250
050,40,079,"Oklahoma","Le Flore County",5,48,552,315,237
050,40,079,"Oklahoma","Le Flore County",5,49,543,285,258
050,40,079,"Oklahoma","Le Flore County",5,50,535,264,271
050,40,079,"Oklahoma","Le Flore County",5,51,608,321,287
050,40,079,"Oklahoma","Le Flore County",5,52,593,309,284
050,40,079,"Oklahoma","Le Flore County",5,53,614,317,297
050,40,079,"Oklahoma","Le Flore County",5,54,569,295,274
050,40,079,"Oklahoma","Le Flore County",5,55,575,293,282
050,40,079,"Oklahoma","Le Flore County",5,56,559,269,290
050,40,079,"Oklahoma","Le Flore County",5,57,599,303,296
050,40,079,"Oklahoma","Le Flore County",5,58,631,318,313
050,40,079,"Oklahoma","Le Flore County",5,59,624,311,313
050,40,079,"Oklahoma","Le Flore County",5,60,652,311,341
050,40,079,"Oklahoma","Le Flore County",5,61,651,331,320
050,40,079,"Oklahoma","Le Flore County",5,62,658,333,325
050,40,079,"Oklahoma","Le Flore County",5,63,630,309,321
050,40,079,"Oklahoma","Le Flore County",5,64,616,269,347
050,40,079,"Oklahoma","Le Flore County",5,65,608,288,320
050,40,079,"Oklahoma","Le Flore County",5,66,568,268,300
050,40,079,"Oklahoma","Le Flore County",5,67,582,274,308
050,40,079,"Oklahoma","Le Flore County",5,68,551,257,294
050,40,079,"Oklahoma","Le Flore County",5,69,525,236,289
050,40,079,"Oklahoma","Le Flore County",5,70,528,248,280
050,40,079,"Oklahoma","Le Flore County",5,71,509,239,270
050,40,079,"Oklahoma","Le Flore County",5,72,466,210,256
050,40,079,"Oklahoma","Le Flore County",5,73,460,206,254
050,40,079,"Oklahoma","Le Flore County",5,74,447,218,229
050,40,079,"Oklahoma","Le Flore County",5,75,419,198,221
050,40,079,"Oklahoma","Le Flore County",5,76,451,209,242
050,40,079,"Oklahoma","Le Flore County",5,77,314,156,158
050,40,079,"Oklahoma","Le Flore County",5,78,306,139,167
050,40,079,"Oklahoma","Le Flore County",5,79,280,128,152
050,40,079,"Oklahoma","Le Flore County",5,80,280,121,159
050,40,079,"Oklahoma","Le Flore County",5,81,227,106,121
050,40,079,"Oklahoma","Le Flore County",5,82,193,85,108
050,40,079,"Oklahoma","Le Flore County",5,83,186,74,112
050,40,079,"Oklahoma","Le Flore County",5,84,167,66,101
050,40,079,"Oklahoma","Le Flore County",5,85,830,276,554
050,40,081,"Oklahoma","Lincoln County",1,0,339,172,167
050,40,081,"Oklahoma","Lincoln County",1,1,373,179,194
050,40,081,"Oklahoma","Lincoln County",1,2,359,190,169
050,40,081,"Oklahoma","Lincoln County",1,3,369,195,174
050,40,081,"Oklahoma","Lincoln County",1,4,411,207,204
050,40,081,"Oklahoma","Lincoln County",1,5,429,213,216
050,40,081,"Oklahoma","Lincoln County",1,6,450,233,217
050,40,081,"Oklahoma","Lincoln County",1,7,423,229,194
050,40,081,"Oklahoma","Lincoln County",1,8,432,231,201
050,40,081,"Oklahoma","Lincoln County",1,9,482,251,231
050,40,081,"Oklahoma","Lincoln County",1,10,464,235,229
050,40,081,"Oklahoma","Lincoln County",1,11,481,246,235
050,40,081,"Oklahoma","Lincoln County",1,12,477,236,241
050,40,081,"Oklahoma","Lincoln County",1,13,478,256,222
050,40,081,"Oklahoma","Lincoln County",1,14,483,271,212
050,40,081,"Oklahoma","Lincoln County",1,15,483,241,242
050,40,081,"Oklahoma","Lincoln County",1,16,496,244,252
050,40,081,"Oklahoma","Lincoln County",1,17,486,251,235
050,40,081,"Oklahoma","Lincoln County",1,18,421,225,196
050,40,081,"Oklahoma","Lincoln County",1,19,322,168,154
050,40,081,"Oklahoma","Lincoln County",1,20,339,169,170
050,40,081,"Oklahoma","Lincoln County",1,21,343,179,164
050,40,081,"Oklahoma","Lincoln County",1,22,358,187,171
050,40,081,"Oklahoma","Lincoln County",1,23,323,170,153
050,40,081,"Oklahoma","Lincoln County",1,24,358,188,170
050,40,081,"Oklahoma","Lincoln County",1,25,361,181,180
050,40,081,"Oklahoma","Lincoln County",1,26,369,187,182
050,40,081,"Oklahoma","Lincoln County",1,27,387,197,190
050,40,081,"Oklahoma","Lincoln County",1,28,412,209,203
050,40,081,"Oklahoma","Lincoln County",1,29,422,214,208
050,40,081,"Oklahoma","Lincoln County",1,30,412,200,212
050,40,081,"Oklahoma","Lincoln County",1,31,379,179,200
050,40,081,"Oklahoma","Lincoln County",1,32,346,168,178
050,40,081,"Oklahoma","Lincoln County",1,33,342,166,176
050,40,081,"Oklahoma","Lincoln County",1,34,360,172,188
050,40,081,"Oklahoma","Lincoln County",1,35,394,180,214
050,40,081,"Oklahoma","Lincoln County",1,36,404,197,207
050,40,081,"Oklahoma","Lincoln County",1,37,403,196,207
050,40,081,"Oklahoma","Lincoln County",1,38,442,233,209
050,40,081,"Oklahoma","Lincoln County",1,39,417,218,199
050,40,081,"Oklahoma","Lincoln County",1,40,394,201,193
050,40,081,"Oklahoma","Lincoln County",1,41,411,202,209
050,40,081,"Oklahoma","Lincoln County",1,42,401,213,188
050,40,081,"Oklahoma","Lincoln County",1,43,381,199,182
050,40,081,"Oklahoma","Lincoln County",1,44,381,196,185
050,40,081,"Oklahoma","Lincoln County",1,45,362,170,192
050,40,081,"Oklahoma","Lincoln County",1,46,373,179,194
050,40,081,"Oklahoma","Lincoln County",1,47,381,191,190
050,40,081,"Oklahoma","Lincoln County",1,48,420,216,204
050,40,081,"Oklahoma","Lincoln County",1,49,451,236,215
050,40,081,"Oklahoma","Lincoln County",1,50,428,222,206
050,40,081,"Oklahoma","Lincoln County",1,51,389,200,189
050,40,081,"Oklahoma","Lincoln County",1,52,386,195,191
050,40,081,"Oklahoma","Lincoln County",1,53,460,239,221
050,40,081,"Oklahoma","Lincoln County",1,54,435,223,212
050,40,081,"Oklahoma","Lincoln County",1,55,462,242,220
050,40,081,"Oklahoma","Lincoln County",1,56,510,263,247
050,40,081,"Oklahoma","Lincoln County",1,57,514,262,252
050,40,081,"Oklahoma","Lincoln County",1,58,546,266,280
050,40,081,"Oklahoma","Lincoln County",1,59,507,248,259
050,40,081,"Oklahoma","Lincoln County",1,60,460,234,226
050,40,081,"Oklahoma","Lincoln County",1,61,460,225,235
050,40,081,"Oklahoma","Lincoln County",1,62,503,248,255
050,40,081,"Oklahoma","Lincoln County",1,63,500,259,241
050,40,081,"Oklahoma","Lincoln County",1,64,463,242,221
050,40,081,"Oklahoma","Lincoln County",1,65,470,230,240
050,40,081,"Oklahoma","Lincoln County",1,66,436,230,206
050,40,081,"Oklahoma","Lincoln County",1,67,397,193,204
050,40,081,"Oklahoma","Lincoln County",1,68,388,187,201
050,40,081,"Oklahoma","Lincoln County",1,69,350,170,180
050,40,081,"Oklahoma","Lincoln County",1,70,364,188,176
050,40,081,"Oklahoma","Lincoln County",1,71,354,174,180
050,40,081,"Oklahoma","Lincoln County",1,72,343,158,185
050,40,081,"Oklahoma","Lincoln County",1,73,349,165,184
050,40,081,"Oklahoma","Lincoln County",1,74,258,120,138
050,40,081,"Oklahoma","Lincoln County",1,75,264,116,148
050,40,081,"Oklahoma","Lincoln County",1,76,255,114,141
050,40,081,"Oklahoma","Lincoln County",1,77,251,112,139
050,40,081,"Oklahoma","Lincoln County",1,78,232,102,130
050,40,081,"Oklahoma","Lincoln County",1,79,203,88,115
050,40,081,"Oklahoma","Lincoln County",1,80,170,77,93
050,40,081,"Oklahoma","Lincoln County",1,81,148,68,80
050,40,081,"Oklahoma","Lincoln County",1,82,149,68,81
050,40,081,"Oklahoma","Lincoln County",1,83,127,56,71
050,40,081,"Oklahoma","Lincoln County",1,84,130,66,64
050,40,081,"Oklahoma","Lincoln County",1,85,615,275,340
050,40,081,"Oklahoma","Lincoln County",2,0,356,178,178
050,40,081,"Oklahoma","Lincoln County",2,1,368,178,190
050,40,081,"Oklahoma","Lincoln County",2,2,361,187,174
050,40,081,"Oklahoma","Lincoln County",2,3,363,193,170
050,40,081,"Oklahoma","Lincoln County",2,4,400,204,196
050,40,081,"Oklahoma","Lincoln County",2,5,425,211,214
050,40,081,"Oklahoma","Lincoln County",2,6,446,229,217
050,40,081,"Oklahoma","Lincoln County",2,7,429,231,198
050,40,081,"Oklahoma","Lincoln County",2,8,433,232,201
050,40,081,"Oklahoma","Lincoln County",2,9,470,246,224
050,40,081,"Oklahoma","Lincoln County",2,10,467,238,229
050,40,081,"Oklahoma","Lincoln County",2,11,475,241,234
050,40,081,"Oklahoma","Lincoln County",2,12,479,239,240
050,40,081,"Oklahoma","Lincoln County",2,13,478,252,226
050,40,081,"Oklahoma","Lincoln County",2,14,478,266,212
050,40,081,"Oklahoma","Lincoln County",2,15,487,251,236
050,40,081,"Oklahoma","Lincoln County",2,16,495,247,248
050,40,081,"Oklahoma","Lincoln County",2,17,490,251,239
050,40,081,"Oklahoma","Lincoln County",2,18,412,220,192
050,40,081,"Oklahoma","Lincoln County",2,19,326,171,155
050,40,081,"Oklahoma","Lincoln County",2,20,341,171,170
050,40,081,"Oklahoma","Lincoln County",2,21,346,177,169
050,40,081,"Oklahoma","Lincoln County",2,22,357,187,170
050,40,081,"Oklahoma","Lincoln County",2,23,336,175,161
050,40,081,"Oklahoma","Lincoln County",2,24,352,186,166
050,40,081,"Oklahoma","Lincoln County",2,25,364,186,178
050,40,081,"Oklahoma","Lincoln County",2,26,374,192,182
050,40,081,"Oklahoma","Lincoln County",2,27,389,198,191
050,40,081,"Oklahoma","Lincoln County",2,28,413,208,205
050,40,081,"Oklahoma","Lincoln County",2,29,420,212,208
050,40,081,"Oklahoma","Lincoln County",2,30,413,202,211
050,40,081,"Oklahoma","Lincoln County",2,31,387,185,202
050,40,081,"Oklahoma","Lincoln County",2,32,353,172,181
050,40,081,"Oklahoma","Lincoln County",2,33,342,166,176
050,40,081,"Oklahoma","Lincoln County",2,34,358,172,186
050,40,081,"Oklahoma","Lincoln County",2,35,391,180,211
050,40,081,"Oklahoma","Lincoln County",2,36,399,192,207
050,40,081,"Oklahoma","Lincoln County",2,37,406,198,208
050,40,081,"Oklahoma","Lincoln County",2,38,437,229,208
050,40,081,"Oklahoma","Lincoln County",2,39,421,218,203
050,40,081,"Oklahoma","Lincoln County",2,40,405,208,197
050,40,081,"Oklahoma","Lincoln County",2,41,410,206,204
050,40,081,"Oklahoma","Lincoln County",2,42,405,211,194
050,40,081,"Oklahoma","Lincoln County",2,43,392,207,185
050,40,081,"Oklahoma","Lincoln County",2,44,376,196,180
050,40,081,"Oklahoma","Lincoln County",2,45,369,178,191
050,40,081,"Oklahoma","Lincoln County",2,46,369,177,192
050,40,081,"Oklahoma","Lincoln County",2,47,381,189,192
050,40,081,"Oklahoma","Lincoln County",2,48,408,208,200
050,40,081,"Oklahoma","Lincoln County",2,49,448,233,215
050,40,081,"Oklahoma","Lincoln County",2,50,435,227,208
050,40,081,"Oklahoma","Lincoln County",2,51,395,204,191
050,40,081,"Oklahoma","Lincoln County",2,52,388,199,189
050,40,081,"Oklahoma","Lincoln County",2,53,440,228,212
050,40,081,"Oklahoma","Lincoln County",2,54,439,227,212
050,40,081,"Oklahoma","Lincoln County",2,55,455,237,218
050,40,081,"Oklahoma","Lincoln County",2,56,499,259,240
050,40,081,"Oklahoma","Lincoln County",2,57,512,262,250
050,40,081,"Oklahoma","Lincoln County",2,58,534,262,272
050,40,081,"Oklahoma","Lincoln County",2,59,514,252,262
050,40,081,"Oklahoma","Lincoln County",2,60,469,234,235
050,40,081,"Oklahoma","Lincoln County",2,61,462,229,233
050,40,081,"Oklahoma","Lincoln County",2,62,494,242,252
050,40,081,"Oklahoma","Lincoln County",2,63,504,258,246
050,40,081,"Oklahoma","Lincoln County",2,64,465,243,222
050,40,081,"Oklahoma","Lincoln County",2,65,466,231,235
050,40,081,"Oklahoma","Lincoln County",2,66,449,232,217
050,40,081,"Oklahoma","Lincoln County",2,67,407,202,205
050,40,081,"Oklahoma","Lincoln County",2,68,383,185,198
050,40,081,"Oklahoma","Lincoln County",2,69,360,173,187
050,40,081,"Oklahoma","Lincoln County",2,70,360,184,176
050,40,081,"Oklahoma","Lincoln County",2,71,357,177,180
050,40,081,"Oklahoma","Lincoln County",2,72,334,158,176
050,40,081,"Oklahoma","Lincoln County",2,73,365,173,192
050,40,081,"Oklahoma","Lincoln County",2,74,260,122,138
050,40,081,"Oklahoma","Lincoln County",2,75,260,116,144
050,40,081,"Oklahoma","Lincoln County",2,76,249,115,134
050,40,081,"Oklahoma","Lincoln County",2,77,255,113,142
050,40,081,"Oklahoma","Lincoln County",2,78,225,98,127
050,40,081,"Oklahoma","Lincoln County",2,79,207,90,117
050,40,081,"Oklahoma","Lincoln County",2,80,177,80,97
050,40,081,"Oklahoma","Lincoln County",2,81,152,69,83
050,40,081,"Oklahoma","Lincoln County",2,82,147,68,79
050,40,081,"Oklahoma","Lincoln County",2,83,127,56,71
050,40,081,"Oklahoma","Lincoln County",2,84,129,62,67
050,40,081,"Oklahoma","Lincoln County",2,85,624,282,342
050,40,081,"Oklahoma","Lincoln County",3,0,337,176,161
050,40,081,"Oklahoma","Lincoln County",3,1,374,182,192
050,40,081,"Oklahoma","Lincoln County",3,2,377,188,189
050,40,081,"Oklahoma","Lincoln County",3,3,384,204,180
050,40,081,"Oklahoma","Lincoln County",3,4,386,202,184
050,40,081,"Oklahoma","Lincoln County",3,5,432,225,207
050,40,081,"Oklahoma","Lincoln County",3,6,454,227,227
050,40,081,"Oklahoma","Lincoln County",3,7,453,230,223
050,40,081,"Oklahoma","Lincoln County",3,8,430,237,193
050,40,081,"Oklahoma","Lincoln County",3,9,438,241,197
050,40,081,"Oklahoma","Lincoln County",3,10,474,241,233
050,40,081,"Oklahoma","Lincoln County",3,11,487,258,229
050,40,081,"Oklahoma","Lincoln County",3,12,489,252,237
050,40,081,"Oklahoma","Lincoln County",3,13,479,239,240
050,40,081,"Oklahoma","Lincoln County",3,14,483,251,232
050,40,081,"Oklahoma","Lincoln County",3,15,507,279,228
050,40,081,"Oklahoma","Lincoln County",3,16,490,248,242
050,40,081,"Oklahoma","Lincoln County",3,17,502,246,256
050,40,081,"Oklahoma","Lincoln County",3,18,430,224,206
050,40,081,"Oklahoma","Lincoln County",3,19,338,178,160
050,40,081,"Oklahoma","Lincoln County",3,20,347,176,171
050,40,081,"Oklahoma","Lincoln County",3,21,354,183,171
050,40,081,"Oklahoma","Lincoln County",3,22,379,193,186
050,40,081,"Oklahoma","Lincoln County",3,23,366,175,191
050,40,081,"Oklahoma","Lincoln County",3,24,340,185,155
050,40,081,"Oklahoma","Lincoln County",3,25,379,205,174
050,40,081,"Oklahoma","Lincoln County",3,26,367,175,192
050,40,081,"Oklahoma","Lincoln County",3,27,379,189,190
050,40,081,"Oklahoma","Lincoln County",3,28,386,205,181
050,40,081,"Oklahoma","Lincoln County",3,29,405,201,204
050,40,081,"Oklahoma","Lincoln County",3,30,425,217,208
050,40,081,"Oklahoma","Lincoln County",3,31,430,206,224
050,40,081,"Oklahoma","Lincoln County",3,32,382,184,198
050,40,081,"Oklahoma","Lincoln County",3,33,367,175,192
050,40,081,"Oklahoma","Lincoln County",3,34,360,176,184
050,40,081,"Oklahoma","Lincoln County",3,35,362,174,188
050,40,081,"Oklahoma","Lincoln County",3,36,418,188,230
050,40,081,"Oklahoma","Lincoln County",3,37,427,208,219
050,40,081,"Oklahoma","Lincoln County",3,38,420,197,223
050,40,081,"Oklahoma","Lincoln County",3,39,446,232,214
050,40,081,"Oklahoma","Lincoln County",3,40,444,228,216
050,40,081,"Oklahoma","Lincoln County",3,41,419,213,206
050,40,081,"Oklahoma","Lincoln County",3,42,406,201,205
050,40,081,"Oklahoma","Lincoln County",3,43,425,221,204
050,40,081,"Oklahoma","Lincoln County",3,44,394,213,181
050,40,081,"Oklahoma","Lincoln County",3,45,388,191,197
050,40,081,"Oklahoma","Lincoln County",3,46,373,179,194
050,40,081,"Oklahoma","Lincoln County",3,47,374,180,194
050,40,081,"Oklahoma","Lincoln County",3,48,383,189,194
050,40,081,"Oklahoma","Lincoln County",3,49,413,211,202
050,40,081,"Oklahoma","Lincoln County",3,50,445,230,215
050,40,081,"Oklahoma","Lincoln County",3,51,428,229,199
050,40,081,"Oklahoma","Lincoln County",3,52,394,201,193
050,40,081,"Oklahoma","Lincoln County",3,53,391,205,186
050,40,081,"Oklahoma","Lincoln County",3,54,432,225,207
050,40,081,"Oklahoma","Lincoln County",3,55,439,217,222
050,40,081,"Oklahoma","Lincoln County",3,56,445,231,214
050,40,081,"Oklahoma","Lincoln County",3,57,502,262,240
050,40,081,"Oklahoma","Lincoln County",3,58,526,265,261
050,40,081,"Oklahoma","Lincoln County",3,59,532,262,270
050,40,081,"Oklahoma","Lincoln County",3,60,509,248,261
050,40,081,"Oklahoma","Lincoln County",3,61,454,227,227
050,40,081,"Oklahoma","Lincoln County",3,62,454,229,225
050,40,081,"Oklahoma","Lincoln County",3,63,488,241,247
050,40,081,"Oklahoma","Lincoln County",3,64,488,242,246
050,40,081,"Oklahoma","Lincoln County",3,65,464,236,228
050,40,081,"Oklahoma","Lincoln County",3,66,453,223,230
050,40,081,"Oklahoma","Lincoln County",3,67,445,232,213
050,40,081,"Oklahoma","Lincoln County",3,68,404,202,202
050,40,081,"Oklahoma","Lincoln County",3,69,379,186,193
050,40,081,"Oklahoma","Lincoln County",3,70,350,164,186
050,40,081,"Oklahoma","Lincoln County",3,71,343,173,170
050,40,081,"Oklahoma","Lincoln County",3,72,348,172,176
050,40,081,"Oklahoma","Lincoln County",3,73,323,146,177
050,40,081,"Oklahoma","Lincoln County",3,74,352,170,182
050,40,081,"Oklahoma","Lincoln County",3,75,251,119,132
050,40,081,"Oklahoma","Lincoln County",3,76,237,106,131
050,40,081,"Oklahoma","Lincoln County",3,77,240,105,135
050,40,081,"Oklahoma","Lincoln County",3,78,233,104,129
050,40,081,"Oklahoma","Lincoln County",3,79,208,92,116
050,40,081,"Oklahoma","Lincoln County",3,80,193,85,108
050,40,081,"Oklahoma","Lincoln County",3,81,160,72,88
050,40,081,"Oklahoma","Lincoln County",3,82,145,69,76
050,40,081,"Oklahoma","Lincoln County",3,83,126,48,78
050,40,081,"Oklahoma","Lincoln County",3,84,117,52,65
050,40,081,"Oklahoma","Lincoln County",3,85,646,297,349
050,40,081,"Oklahoma","Lincoln County",4,0,325,175,150
050,40,081,"Oklahoma","Lincoln County",4,1,315,153,162
050,40,081,"Oklahoma","Lincoln County",4,2,380,186,194
050,40,081,"Oklahoma","Lincoln County",4,3,390,193,197
050,40,081,"Oklahoma","Lincoln County",4,4,400,218,182
050,40,081,"Oklahoma","Lincoln County",4,5,405,205,200
050,40,081,"Oklahoma","Lincoln County",4,6,450,229,221
050,40,081,"Oklahoma","Lincoln County",4,7,490,242,248
050,40,081,"Oklahoma","Lincoln County",4,8,469,235,234
050,40,081,"Oklahoma","Lincoln County",4,9,443,236,207
050,40,081,"Oklahoma","Lincoln County",4,10,457,250,207
050,40,081,"Oklahoma","Lincoln County",4,11,485,249,236
050,40,081,"Oklahoma","Lincoln County",4,12,489,242,247
050,40,081,"Oklahoma","Lincoln County",4,13,503,253,250
050,40,081,"Oklahoma","Lincoln County",4,14,492,247,245
050,40,081,"Oklahoma","Lincoln County",4,15,487,250,237
050,40,081,"Oklahoma","Lincoln County",4,16,499,279,220
050,40,081,"Oklahoma","Lincoln County",4,17,500,256,244
050,40,081,"Oklahoma","Lincoln County",4,18,425,219,206
050,40,081,"Oklahoma","Lincoln County",4,19,329,176,153
050,40,081,"Oklahoma","Lincoln County",4,20,339,174,165
050,40,081,"Oklahoma","Lincoln County",4,21,349,169,180
050,40,081,"Oklahoma","Lincoln County",4,22,386,201,185
050,40,081,"Oklahoma","Lincoln County",4,23,396,201,195
050,40,081,"Oklahoma","Lincoln County",4,24,360,180,180
050,40,081,"Oklahoma","Lincoln County",4,25,361,192,169
050,40,081,"Oklahoma","Lincoln County",4,26,377,201,176
050,40,081,"Oklahoma","Lincoln County",4,27,366,180,186
050,40,081,"Oklahoma","Lincoln County",4,28,378,206,172
050,40,081,"Oklahoma","Lincoln County",4,29,409,214,195
050,40,081,"Oklahoma","Lincoln County",4,30,430,204,226
050,40,081,"Oklahoma","Lincoln County",4,31,447,230,217
050,40,081,"Oklahoma","Lincoln County",4,32,420,204,216
050,40,081,"Oklahoma","Lincoln County",4,33,405,195,210
050,40,081,"Oklahoma","Lincoln County",4,34,370,176,194
050,40,081,"Oklahoma","Lincoln County",4,35,370,177,193
050,40,081,"Oklahoma","Lincoln County",4,36,368,176,192
050,40,081,"Oklahoma","Lincoln County",4,37,434,193,241
050,40,081,"Oklahoma","Lincoln County",4,38,438,217,221
050,40,081,"Oklahoma","Lincoln County",4,39,435,208,227
050,40,081,"Oklahoma","Lincoln County",4,40,443,231,212
050,40,081,"Oklahoma","Lincoln County",4,41,459,233,226
050,40,081,"Oklahoma","Lincoln County",4,42,411,202,209
050,40,081,"Oklahoma","Lincoln County",4,43,406,196,210
050,40,081,"Oklahoma","Lincoln County",4,44,425,224,201
050,40,081,"Oklahoma","Lincoln County",4,45,394,213,181
050,40,081,"Oklahoma","Lincoln County",4,46,393,194,199
050,40,081,"Oklahoma","Lincoln County",4,47,382,178,204
050,40,081,"Oklahoma","Lincoln County",4,48,375,179,196
050,40,081,"Oklahoma","Lincoln County",4,49,381,191,190
050,40,081,"Oklahoma","Lincoln County",4,50,424,214,210
050,40,081,"Oklahoma","Lincoln County",4,51,458,232,226
050,40,081,"Oklahoma","Lincoln County",4,52,442,236,206
050,40,081,"Oklahoma","Lincoln County",4,53,412,219,193
050,40,081,"Oklahoma","Lincoln County",4,54,391,205,186
050,40,081,"Oklahoma","Lincoln County",4,55,441,227,214
050,40,081,"Oklahoma","Lincoln County",4,56,438,215,223
050,40,081,"Oklahoma","Lincoln County",4,57,456,239,217
050,40,081,"Oklahoma","Lincoln County",4,58,487,256,231
050,40,081,"Oklahoma","Lincoln County",4,59,519,263,256
050,40,081,"Oklahoma","Lincoln County",4,60,529,262,267
050,40,081,"Oklahoma","Lincoln County",4,61,515,243,272
050,40,081,"Oklahoma","Lincoln County",4,62,450,221,229
050,40,081,"Oklahoma","Lincoln County",4,63,446,226,220
050,40,081,"Oklahoma","Lincoln County",4,64,486,237,249
050,40,081,"Oklahoma","Lincoln County",4,65,471,232,239
050,40,081,"Oklahoma","Lincoln County",4,66,455,227,228
050,40,081,"Oklahoma","Lincoln County",4,67,440,216,224
050,40,081,"Oklahoma","Lincoln County",4,68,444,232,212
050,40,081,"Oklahoma","Lincoln County",4,69,396,202,194
050,40,081,"Oklahoma","Lincoln County",4,70,364,175,189
050,40,081,"Oklahoma","Lincoln County",4,71,338,154,184
050,40,081,"Oklahoma","Lincoln County",4,72,335,167,168
050,40,081,"Oklahoma","Lincoln County",4,73,343,166,177
050,40,081,"Oklahoma","Lincoln County",4,74,321,144,177
050,40,081,"Oklahoma","Lincoln County",4,75,341,162,179
050,40,081,"Oklahoma","Lincoln County",4,76,238,110,128
050,40,081,"Oklahoma","Lincoln County",4,77,224,100,124
050,40,081,"Oklahoma","Lincoln County",4,78,223,100,123
050,40,081,"Oklahoma","Lincoln County",4,79,222,97,125
050,40,081,"Oklahoma","Lincoln County",4,80,199,88,111
050,40,081,"Oklahoma","Lincoln County",4,81,184,82,102
050,40,081,"Oklahoma","Lincoln County",4,82,161,75,86
050,40,081,"Oklahoma","Lincoln County",4,83,121,50,71
050,40,081,"Oklahoma","Lincoln County",4,84,120,43,77
050,40,081,"Oklahoma","Lincoln County",4,85,660,306,354
050,40,081,"Oklahoma","Lincoln County",5,0,315,170,145
050,40,081,"Oklahoma","Lincoln County",5,1,334,171,163
050,40,081,"Oklahoma","Lincoln County",5,2,347,178,169
050,40,081,"Oklahoma","Lincoln County",5,3,397,199,198
050,40,081,"Oklahoma","Lincoln County",5,4,421,203,218
050,40,081,"Oklahoma","Lincoln County",5,5,417,226,191
050,40,081,"Oklahoma","Lincoln County",5,6,427,220,207
050,40,081,"Oklahoma","Lincoln County",5,7,453,239,214
050,40,081,"Oklahoma","Lincoln County",5,8,511,252,259
050,40,081,"Oklahoma","Lincoln County",5,9,465,242,223
050,40,081,"Oklahoma","Lincoln County",5,10,450,238,212
050,40,081,"Oklahoma","Lincoln County",5,11,488,260,228
050,40,081,"Oklahoma","Lincoln County",5,12,514,261,253
050,40,081,"Oklahoma","Lincoln County",5,13,510,254,256
050,40,081,"Oklahoma","Lincoln County",5,14,492,254,238
050,40,081,"Oklahoma","Lincoln County",5,15,498,252,246
050,40,081,"Oklahoma","Lincoln County",5,16,489,256,233
050,40,081,"Oklahoma","Lincoln County",5,17,511,288,223
050,40,081,"Oklahoma","Lincoln County",5,18,408,218,190
050,40,081,"Oklahoma","Lincoln County",5,19,329,171,158
050,40,081,"Oklahoma","Lincoln County",5,20,346,188,158
050,40,081,"Oklahoma","Lincoln County",5,21,371,189,182
050,40,081,"Oklahoma","Lincoln County",5,22,358,171,187
050,40,081,"Oklahoma","Lincoln County",5,23,396,213,183
050,40,081,"Oklahoma","Lincoln County",5,24,408,207,201
050,40,081,"Oklahoma","Lincoln County",5,25,391,203,188
050,40,081,"Oklahoma","Lincoln County",5,26,355,182,173
050,40,081,"Oklahoma","Lincoln County",5,27,403,220,183
050,40,081,"Oklahoma","Lincoln County",5,28,356,183,173
050,40,081,"Oklahoma","Lincoln County",5,29,378,196,182
050,40,081,"Oklahoma","Lincoln County",5,30,411,210,201
050,40,081,"Oklahoma","Lincoln County",5,31,446,216,230
050,40,081,"Oklahoma","Lincoln County",5,32,438,230,208
050,40,081,"Oklahoma","Lincoln County",5,33,437,207,230
050,40,081,"Oklahoma","Lincoln County",5,34,424,199,225
050,40,081,"Oklahoma","Lincoln County",5,35,374,184,190
050,40,081,"Oklahoma","Lincoln County",5,36,373,183,190
050,40,081,"Oklahoma","Lincoln County",5,37,381,178,203
050,40,081,"Oklahoma","Lincoln County",5,38,446,203,243
050,40,081,"Oklahoma","Lincoln County",5,39,455,222,233
050,40,081,"Oklahoma","Lincoln County",5,40,452,222,230
050,40,081,"Oklahoma","Lincoln County",5,41,456,234,222
050,40,081,"Oklahoma","Lincoln County",5,42,458,237,221
050,40,081,"Oklahoma","Lincoln County",5,43,393,197,196
050,40,081,"Oklahoma","Lincoln County",5,44,418,209,209
050,40,081,"Oklahoma","Lincoln County",5,45,430,216,214
050,40,081,"Oklahoma","Lincoln County",5,46,412,225,187
050,40,081,"Oklahoma","Lincoln County",5,47,399,197,202
050,40,081,"Oklahoma","Lincoln County",5,48,399,189,210
050,40,081,"Oklahoma","Lincoln County",5,49,394,186,208
050,40,081,"Oklahoma","Lincoln County",5,50,388,196,192
050,40,081,"Oklahoma","Lincoln County",5,51,431,218,213
050,40,081,"Oklahoma","Lincoln County",5,52,463,237,226
050,40,081,"Oklahoma","Lincoln County",5,53,441,239,202
050,40,081,"Oklahoma","Lincoln County",5,54,414,214,200
050,40,081,"Oklahoma","Lincoln County",5,55,402,211,191
050,40,081,"Oklahoma","Lincoln County",5,56,439,229,210
050,40,081,"Oklahoma","Lincoln County",5,57,436,217,219
050,40,081,"Oklahoma","Lincoln County",5,58,454,238,216
050,40,081,"Oklahoma","Lincoln County",5,59,479,253,226
050,40,081,"Oklahoma","Lincoln County",5,60,518,261,257
050,40,081,"Oklahoma","Lincoln County",5,61,530,264,266
050,40,081,"Oklahoma","Lincoln County",5,62,500,235,265
050,40,081,"Oklahoma","Lincoln County",5,63,440,214,226
050,40,081,"Oklahoma","Lincoln County",5,64,439,219,220
050,40,081,"Oklahoma","Lincoln County",5,65,480,229,251
050,40,081,"Oklahoma","Lincoln County",5,66,468,231,237
050,40,081,"Oklahoma","Lincoln County",5,67,460,223,237
050,40,081,"Oklahoma","Lincoln County",5,68,436,209,227
050,40,081,"Oklahoma","Lincoln County",5,69,439,230,209
050,40,081,"Oklahoma","Lincoln County",5,70,391,203,188
050,40,081,"Oklahoma","Lincoln County",5,71,350,164,186
050,40,081,"Oklahoma","Lincoln County",5,72,334,149,185
050,40,081,"Oklahoma","Lincoln County",5,73,337,166,171
050,40,081,"Oklahoma","Lincoln County",5,74,324,159,165
050,40,081,"Oklahoma","Lincoln County",5,75,314,138,176
050,40,081,"Oklahoma","Lincoln County",5,76,333,155,178
050,40,081,"Oklahoma","Lincoln County",5,77,233,103,130
050,40,081,"Oklahoma","Lincoln County",5,78,208,96,112
050,40,081,"Oklahoma","Lincoln County",5,79,218,99,119
050,40,081,"Oklahoma","Lincoln County",5,80,207,90,117
050,40,081,"Oklahoma","Lincoln County",5,81,189,81,108
050,40,081,"Oklahoma","Lincoln County",5,82,181,84,97
050,40,081,"Oklahoma","Lincoln County",5,83,147,63,84
050,40,081,"Oklahoma","Lincoln County",5,84,108,43,65
050,40,081,"Oklahoma","Lincoln County",5,85,697,320,377
050,40,083,"Oklahoma","Logan County",1,0,495,252,243
050,40,083,"Oklahoma","Logan County",1,1,509,263,246
050,40,083,"Oklahoma","Logan County",1,2,546,285,261
050,40,083,"Oklahoma","Logan County",1,3,569,290,279
050,40,083,"Oklahoma","Logan County",1,4,595,318,277
050,40,083,"Oklahoma","Logan County",1,5,631,340,291
050,40,083,"Oklahoma","Logan County",1,6,600,317,283
050,40,083,"Oklahoma","Logan County",1,7,622,309,313
050,40,083,"Oklahoma","Logan County",1,8,597,290,307
050,40,083,"Oklahoma","Logan County",1,9,614,305,309
050,40,083,"Oklahoma","Logan County",1,10,635,332,303
050,40,083,"Oklahoma","Logan County",1,11,705,351,354
050,40,083,"Oklahoma","Logan County",1,12,678,334,344
050,40,083,"Oklahoma","Logan County",1,13,720,365,355
050,40,083,"Oklahoma","Logan County",1,14,700,367,333
050,40,083,"Oklahoma","Logan County",1,15,686,356,330
050,40,083,"Oklahoma","Logan County",1,16,687,362,325
050,40,083,"Oklahoma","Logan County",1,17,697,371,326
050,40,083,"Oklahoma","Logan County",1,18,886,468,418
050,40,083,"Oklahoma","Logan County",1,19,990,473,517
050,40,083,"Oklahoma","Logan County",1,20,848,425,423
050,40,083,"Oklahoma","Logan County",1,21,617,350,267
050,40,083,"Oklahoma","Logan County",1,22,553,277,276
050,40,083,"Oklahoma","Logan County",1,23,575,278,297
050,40,083,"Oklahoma","Logan County",1,24,531,264,267
050,40,083,"Oklahoma","Logan County",1,25,507,265,242
050,40,083,"Oklahoma","Logan County",1,26,519,258,261
050,40,083,"Oklahoma","Logan County",1,27,505,246,259
050,40,083,"Oklahoma","Logan County",1,28,516,262,254
050,40,083,"Oklahoma","Logan County",1,29,546,275,271
050,40,083,"Oklahoma","Logan County",1,30,557,280,277
050,40,083,"Oklahoma","Logan County",1,31,572,273,299
050,40,083,"Oklahoma","Logan County",1,32,581,302,279
050,40,083,"Oklahoma","Logan County",1,33,600,295,305
050,40,083,"Oklahoma","Logan County",1,34,602,299,303
050,40,083,"Oklahoma","Logan County",1,35,672,331,341
050,40,083,"Oklahoma","Logan County",1,36,692,351,341
050,40,083,"Oklahoma","Logan County",1,37,736,361,375
050,40,083,"Oklahoma","Logan County",1,38,702,347,355
050,40,083,"Oklahoma","Logan County",1,39,656,323,333
050,40,083,"Oklahoma","Logan County",1,40,680,343,337
050,40,083,"Oklahoma","Logan County",1,41,616,315,301
050,40,083,"Oklahoma","Logan County",1,42,601,307,294
050,40,083,"Oklahoma","Logan County",1,43,600,307,293
050,40,083,"Oklahoma","Logan County",1,44,612,319,293
050,40,083,"Oklahoma","Logan County",1,45,641,347,294
050,40,083,"Oklahoma","Logan County",1,46,617,321,296
050,40,083,"Oklahoma","Logan County",1,47,598,303,295
050,40,083,"Oklahoma","Logan County",1,48,644,325,319
050,40,083,"Oklahoma","Logan County",1,49,694,350,344
050,40,083,"Oklahoma","Logan County",1,50,633,295,338
050,40,083,"Oklahoma","Logan County",1,51,594,285,309
050,40,083,"Oklahoma","Logan County",1,52,560,285,275
050,40,083,"Oklahoma","Logan County",1,53,572,288,284
050,40,083,"Oklahoma","Logan County",1,54,572,288,284
050,40,083,"Oklahoma","Logan County",1,55,648,304,344
050,40,083,"Oklahoma","Logan County",1,56,716,345,371
050,40,083,"Oklahoma","Logan County",1,57,737,369,368
050,40,083,"Oklahoma","Logan County",1,58,739,352,387
050,40,083,"Oklahoma","Logan County",1,59,713,350,363
050,40,083,"Oklahoma","Logan County",1,60,700,344,356
050,40,083,"Oklahoma","Logan County",1,61,697,346,351
050,40,083,"Oklahoma","Logan County",1,62,695,325,370
050,40,083,"Oklahoma","Logan County",1,63,684,331,353
050,40,083,"Oklahoma","Logan County",1,64,659,310,349
050,40,083,"Oklahoma","Logan County",1,65,650,323,327
050,40,083,"Oklahoma","Logan County",1,66,630,316,314
050,40,083,"Oklahoma","Logan County",1,67,581,278,303
050,40,083,"Oklahoma","Logan County",1,68,546,267,279
050,40,083,"Oklahoma","Logan County",1,69,502,258,244
050,40,083,"Oklahoma","Logan County",1,70,482,236,246
050,40,083,"Oklahoma","Logan County",1,71,450,213,237
050,40,083,"Oklahoma","Logan County",1,72,437,218,219
050,40,083,"Oklahoma","Logan County",1,73,438,223,215
050,40,083,"Oklahoma","Logan County",1,74,317,152,165
050,40,083,"Oklahoma","Logan County",1,75,326,167,159
050,40,083,"Oklahoma","Logan County",1,76,308,161,147
050,40,083,"Oklahoma","Logan County",1,77,311,165,146
050,40,083,"Oklahoma","Logan County",1,78,235,110,125
050,40,083,"Oklahoma","Logan County",1,79,219,101,118
050,40,083,"Oklahoma","Logan County",1,80,198,89,109
050,40,083,"Oklahoma","Logan County",1,81,199,97,102
050,40,083,"Oklahoma","Logan County",1,82,166,73,93
050,40,083,"Oklahoma","Logan County",1,83,158,69,89
050,40,083,"Oklahoma","Logan County",1,84,149,72,77
050,40,083,"Oklahoma","Logan County",1,85,772,316,456
050,40,083,"Oklahoma","Logan County",2,0,486,253,233
050,40,083,"Oklahoma","Logan County",2,1,510,263,247
050,40,083,"Oklahoma","Logan County",2,2,543,283,260
050,40,083,"Oklahoma","Logan County",2,3,564,289,275
050,40,083,"Oklahoma","Logan County",2,4,598,317,281
050,40,083,"Oklahoma","Logan County",2,5,632,339,293
050,40,083,"Oklahoma","Logan County",2,6,613,326,287
050,40,083,"Oklahoma","Logan County",2,7,617,311,306
050,40,083,"Oklahoma","Logan County",2,8,604,295,309
050,40,083,"Oklahoma","Logan County",2,9,614,304,310
050,40,083,"Oklahoma","Logan County",2,10,635,326,309
050,40,083,"Oklahoma","Logan County",2,11,691,347,344
050,40,083,"Oklahoma","Logan County",2,12,694,343,351
050,40,083,"Oklahoma","Logan County",2,13,712,360,352
050,40,083,"Oklahoma","Logan County",2,14,706,369,337
050,40,083,"Oklahoma","Logan County",2,15,687,360,327
050,40,083,"Oklahoma","Logan County",2,16,694,366,328
050,40,083,"Oklahoma","Logan County",2,17,696,375,321
050,40,083,"Oklahoma","Logan County",2,18,871,458,413
050,40,083,"Oklahoma","Logan County",2,19,997,480,517
050,40,083,"Oklahoma","Logan County",2,20,849,429,420
050,40,083,"Oklahoma","Logan County",2,21,619,343,276
050,40,083,"Oklahoma","Logan County",2,22,560,288,272
050,40,083,"Oklahoma","Logan County",2,23,566,273,293
050,40,083,"Oklahoma","Logan County",2,24,540,267,273
050,40,083,"Oklahoma","Logan County",2,25,517,266,251
050,40,083,"Oklahoma","Logan County",2,26,515,257,258
050,40,083,"Oklahoma","Logan County",2,27,511,251,260
050,40,083,"Oklahoma","Logan County",2,28,517,258,259
050,40,083,"Oklahoma","Logan County",2,29,544,274,270
050,40,083,"Oklahoma","Logan County",2,30,561,280,281
050,40,083,"Oklahoma","Logan County",2,31,572,278,294
050,40,083,"Oklahoma","Logan County",2,32,586,299,287
050,40,083,"Oklahoma","Logan County",2,33,597,299,298
050,40,083,"Oklahoma","Logan County",2,34,612,305,307
050,40,083,"Oklahoma","Logan County",2,35,664,327,337
050,40,083,"Oklahoma","Logan County",2,36,687,347,340
050,40,083,"Oklahoma","Logan County",2,37,731,360,371
050,40,083,"Oklahoma","Logan County",2,38,718,354,364
050,40,083,"Oklahoma","Logan County",2,39,671,331,340
050,40,083,"Oklahoma","Logan County",2,40,682,343,339
050,40,083,"Oklahoma","Logan County",2,41,633,322,311
050,40,083,"Oklahoma","Logan County",2,42,603,308,295
050,40,083,"Oklahoma","Logan County",2,43,607,310,297
050,40,083,"Oklahoma","Logan County",2,44,606,315,291
050,40,083,"Oklahoma","Logan County",2,45,640,344,296
050,40,083,"Oklahoma","Logan County",2,46,616,325,291
050,40,083,"Oklahoma","Logan County",2,47,598,306,292
050,40,083,"Oklahoma","Logan County",2,48,634,321,313
050,40,083,"Oklahoma","Logan County",2,49,687,347,340
050,40,083,"Oklahoma","Logan County",2,50,648,308,340
050,40,083,"Oklahoma","Logan County",2,51,600,286,314
050,40,083,"Oklahoma","Logan County",2,52,568,287,281
050,40,083,"Oklahoma","Logan County",2,53,571,288,283
050,40,083,"Oklahoma","Logan County",2,54,573,289,284
050,40,083,"Oklahoma","Logan County",2,55,630,300,330
050,40,083,"Oklahoma","Logan County",2,56,705,338,367
050,40,083,"Oklahoma","Logan County",2,57,734,367,367
050,40,083,"Oklahoma","Logan County",2,58,736,355,381
050,40,083,"Oklahoma","Logan County",2,59,724,353,371
050,40,083,"Oklahoma","Logan County",2,60,700,343,357
050,40,083,"Oklahoma","Logan County",2,61,693,344,349
050,40,083,"Oklahoma","Logan County",2,62,691,328,363
050,40,083,"Oklahoma","Logan County",2,63,693,333,360
050,40,083,"Oklahoma","Logan County",2,64,663,314,349
050,40,083,"Oklahoma","Logan County",2,65,651,319,332
050,40,083,"Oklahoma","Logan County",2,66,641,321,320
050,40,083,"Oklahoma","Logan County",2,67,594,286,308
050,40,083,"Oklahoma","Logan County",2,68,552,269,283
050,40,083,"Oklahoma","Logan County",2,69,523,267,256
050,40,083,"Oklahoma","Logan County",2,70,485,240,245
050,40,083,"Oklahoma","Logan County",2,71,455,216,239
050,40,083,"Oklahoma","Logan County",2,72,436,215,221
050,40,083,"Oklahoma","Logan County",2,73,458,233,225
050,40,083,"Oklahoma","Logan County",2,74,326,159,167
050,40,083,"Oklahoma","Logan County",2,75,326,164,162
050,40,083,"Oklahoma","Logan County",2,76,309,160,149
050,40,083,"Oklahoma","Logan County",2,77,315,166,149
050,40,083,"Oklahoma","Logan County",2,78,249,121,128
050,40,083,"Oklahoma","Logan County",2,79,220,100,120
050,40,083,"Oklahoma","Logan County",2,80,202,92,110
050,40,083,"Oklahoma","Logan County",2,81,196,94,102
050,40,083,"Oklahoma","Logan County",2,82,172,77,95
050,40,083,"Oklahoma","Logan County",2,83,155,68,87
050,40,083,"Oklahoma","Logan County",2,84,148,71,77
050,40,083,"Oklahoma","Logan County",2,85,787,322,465
050,40,083,"Oklahoma","Logan County",3,0,475,219,256
050,40,083,"Oklahoma","Logan County",3,1,497,253,244
050,40,083,"Oklahoma","Logan County",3,2,545,274,271
050,40,083,"Oklahoma","Logan County",3,3,579,300,279
050,40,083,"Oklahoma","Logan County",3,4,583,294,289
050,40,083,"Oklahoma","Logan County",3,5,624,336,288
050,40,083,"Oklahoma","Logan County",3,6,640,349,291
050,40,083,"Oklahoma","Logan County",3,7,635,349,286
050,40,083,"Oklahoma","Logan County",3,8,624,310,314
050,40,083,"Oklahoma","Logan County",3,9,629,302,327
050,40,083,"Oklahoma","Logan County",3,10,624,308,316
050,40,083,"Oklahoma","Logan County",3,11,639,332,307
050,40,083,"Oklahoma","Logan County",3,12,714,377,337
050,40,083,"Oklahoma","Logan County",3,13,715,357,358
050,40,083,"Oklahoma","Logan County",3,14,730,381,349
050,40,083,"Oklahoma","Logan County",3,15,695,370,325
050,40,083,"Oklahoma","Logan County",3,16,707,358,349
050,40,083,"Oklahoma","Logan County",3,17,732,388,344
050,40,083,"Oklahoma","Logan County",3,18,859,445,414
050,40,083,"Oklahoma","Logan County",3,19,993,493,500
050,40,083,"Oklahoma","Logan County",3,20,856,447,409
050,40,083,"Oklahoma","Logan County",3,21,645,347,298
050,40,083,"Oklahoma","Logan County",3,22,576,313,263
050,40,083,"Oklahoma","Logan County",3,23,560,275,285
050,40,083,"Oklahoma","Logan County",3,24,556,281,275
050,40,083,"Oklahoma","Logan County",3,25,521,260,261
050,40,083,"Oklahoma","Logan County",3,26,551,269,282
050,40,083,"Oklahoma","Logan County",3,27,525,263,262
050,40,083,"Oklahoma","Logan County",3,28,538,270,268
050,40,083,"Oklahoma","Logan County",3,29,547,268,279
050,40,083,"Oklahoma","Logan County",3,30,573,289,284
050,40,083,"Oklahoma","Logan County",3,31,587,293,294
050,40,083,"Oklahoma","Logan County",3,32,599,295,304
050,40,083,"Oklahoma","Logan County",3,33,607,309,298
050,40,083,"Oklahoma","Logan County",3,34,640,315,325
050,40,083,"Oklahoma","Logan County",3,35,642,331,311
050,40,083,"Oklahoma","Logan County",3,36,701,359,342
050,40,083,"Oklahoma","Logan County",3,37,717,359,358
050,40,083,"Oklahoma","Logan County",3,38,769,376,393
050,40,083,"Oklahoma","Logan County",3,39,733,369,364
050,40,083,"Oklahoma","Logan County",3,40,714,356,358
050,40,083,"Oklahoma","Logan County",3,41,696,361,335
050,40,083,"Oklahoma","Logan County",3,42,652,338,314
050,40,083,"Oklahoma","Logan County",3,43,644,329,315
050,40,083,"Oklahoma","Logan County",3,44,641,330,311
050,40,083,"Oklahoma","Logan County",3,45,619,320,299
050,40,083,"Oklahoma","Logan County",3,46,651,349,302
050,40,083,"Oklahoma","Logan County",3,47,629,336,293
050,40,083,"Oklahoma","Logan County",3,48,633,315,318
050,40,083,"Oklahoma","Logan County",3,49,628,320,308
050,40,083,"Oklahoma","Logan County",3,50,699,356,343
050,40,083,"Oklahoma","Logan County",3,51,646,311,335
050,40,083,"Oklahoma","Logan County",3,52,610,288,322
050,40,083,"Oklahoma","Logan County",3,53,571,283,288
050,40,083,"Oklahoma","Logan County",3,54,565,282,283
050,40,083,"Oklahoma","Logan County",3,55,592,296,296
050,40,083,"Oklahoma","Logan County",3,56,652,310,342
050,40,083,"Oklahoma","Logan County",3,57,721,349,372
050,40,083,"Oklahoma","Logan County",3,58,739,363,376
050,40,083,"Oklahoma","Logan County",3,59,755,378,377
050,40,083,"Oklahoma","Logan County",3,60,722,348,374
050,40,083,"Oklahoma","Logan County",3,61,712,347,365
050,40,083,"Oklahoma","Logan County",3,62,702,352,350
050,40,083,"Oklahoma","Logan County",3,63,703,339,364
050,40,083,"Oklahoma","Logan County",3,64,711,343,368
050,40,083,"Oklahoma","Logan County",3,65,658,312,346
050,40,083,"Oklahoma","Logan County",3,66,659,326,333
050,40,083,"Oklahoma","Logan County",3,67,638,314,324
050,40,083,"Oklahoma","Logan County",3,68,601,287,314
050,40,083,"Oklahoma","Logan County",3,69,560,274,286
050,40,083,"Oklahoma","Logan County",3,70,526,269,257
050,40,083,"Oklahoma","Logan County",3,71,474,233,241
050,40,083,"Oklahoma","Logan County",3,72,458,220,238
050,40,083,"Oklahoma","Logan County",3,73,427,209,218
050,40,083,"Oklahoma","Logan County",3,74,447,229,218
050,40,083,"Oklahoma","Logan County",3,75,306,153,153
050,40,083,"Oklahoma","Logan County",3,76,319,159,160
050,40,083,"Oklahoma","Logan County",3,77,299,152,147
050,40,083,"Oklahoma","Logan County",3,78,298,160,138
050,40,083,"Oklahoma","Logan County",3,79,234,117,117
050,40,083,"Oklahoma","Logan County",3,80,208,96,112
050,40,083,"Oklahoma","Logan County",3,81,199,87,112
050,40,083,"Oklahoma","Logan County",3,82,189,88,101
050,40,083,"Oklahoma","Logan County",3,83,165,76,89
050,40,083,"Oklahoma","Logan County",3,84,135,63,72
050,40,083,"Oklahoma","Logan County",3,85,811,336,475
050,40,083,"Oklahoma","Logan County",4,0,532,266,266
050,40,083,"Oklahoma","Logan County",4,1,474,218,256
050,40,083,"Oklahoma","Logan County",4,2,506,265,241
050,40,083,"Oklahoma","Logan County",4,3,550,286,264
050,40,083,"Oklahoma","Logan County",4,4,588,310,278
050,40,083,"Oklahoma","Logan County",4,5,624,325,299
050,40,083,"Oklahoma","Logan County",4,6,631,331,300
050,40,083,"Oklahoma","Logan County",4,7,648,351,297
050,40,083,"Oklahoma","Logan County",4,8,651,360,291
050,40,083,"Oklahoma","Logan County",4,9,635,317,318
050,40,083,"Oklahoma","Logan County",4,10,635,305,330
050,40,083,"Oklahoma","Logan County",4,11,630,321,309
050,40,083,"Oklahoma","Logan County",4,12,660,340,320
050,40,083,"Oklahoma","Logan County",4,13,719,379,340
050,40,083,"Oklahoma","Logan County",4,14,731,370,361
050,40,083,"Oklahoma","Logan County",4,15,728,377,351
050,40,083,"Oklahoma","Logan County",4,16,768,402,366
050,40,083,"Oklahoma","Logan County",4,17,750,398,352
050,40,083,"Oklahoma","Logan County",4,18,893,466,427
050,40,083,"Oklahoma","Logan County",4,19,1013,494,519
050,40,083,"Oklahoma","Logan County",4,20,870,463,407
050,40,083,"Oklahoma","Logan County",4,21,643,351,292
050,40,083,"Oklahoma","Logan County",4,22,579,304,275
050,40,083,"Oklahoma","Logan County",4,23,584,298,286
050,40,083,"Oklahoma","Logan County",4,24,543,272,271
050,40,083,"Oklahoma","Logan County",4,25,541,285,256
050,40,083,"Oklahoma","Logan County",4,26,505,232,273
050,40,083,"Oklahoma","Logan County",4,27,560,274,286
050,40,083,"Oklahoma","Logan County",4,28,535,265,270
050,40,083,"Oklahoma","Logan County",4,29,536,261,275
050,40,083,"Oklahoma","Logan County",4,30,575,283,292
050,40,083,"Oklahoma","Logan County",4,31,586,287,299
050,40,083,"Oklahoma","Logan County",4,32,633,315,318
050,40,083,"Oklahoma","Logan County",4,33,611,308,303
050,40,083,"Oklahoma","Logan County",4,34,617,305,312
050,40,083,"Oklahoma","Logan County",4,35,678,343,335
050,40,083,"Oklahoma","Logan County",4,36,672,352,320
050,40,083,"Oklahoma","Logan County",4,37,735,379,356
050,40,083,"Oklahoma","Logan County",4,38,754,377,377
050,40,083,"Oklahoma","Logan County",4,39,795,381,414
050,40,083,"Oklahoma","Logan County",4,40,784,398,386
050,40,083,"Oklahoma","Logan County",4,41,717,361,356
050,40,083,"Oklahoma","Logan County",4,42,732,374,358
050,40,083,"Oklahoma","Logan County",4,43,666,350,316
050,40,083,"Oklahoma","Logan County",4,44,670,340,330
050,40,083,"Oklahoma","Logan County",4,45,666,339,327
050,40,083,"Oklahoma","Logan County",4,46,622,321,301
050,40,083,"Oklahoma","Logan County",4,47,677,356,321
050,40,083,"Oklahoma","Logan County",4,48,621,331,290
050,40,083,"Oklahoma","Logan County",4,49,641,315,326
050,40,083,"Oklahoma","Logan County",4,50,646,332,314
050,40,083,"Oklahoma","Logan County",4,51,710,362,348
050,40,083,"Oklahoma","Logan County",4,52,669,319,350
050,40,083,"Oklahoma","Logan County",4,53,619,297,322
050,40,083,"Oklahoma","Logan County",4,54,585,283,302
050,40,083,"Oklahoma","Logan County",4,55,583,291,292
050,40,083,"Oklahoma","Logan County",4,56,596,290,306
050,40,083,"Oklahoma","Logan County",4,57,656,322,334
050,40,083,"Oklahoma","Logan County",4,58,725,343,382
050,40,083,"Oklahoma","Logan County",4,59,743,367,376
050,40,083,"Oklahoma","Logan County",4,60,756,387,369
050,40,083,"Oklahoma","Logan County",4,61,733,357,376
050,40,083,"Oklahoma","Logan County",4,62,711,351,360
050,40,083,"Oklahoma","Logan County",4,63,705,358,347
050,40,083,"Oklahoma","Logan County",4,64,714,344,370
050,40,083,"Oklahoma","Logan County",4,65,706,337,369
050,40,083,"Oklahoma","Logan County",4,66,666,309,357
050,40,083,"Oklahoma","Logan County",4,67,675,328,347
050,40,083,"Oklahoma","Logan County",4,68,633,318,315
050,40,083,"Oklahoma","Logan County",4,69,620,300,320
050,40,083,"Oklahoma","Logan County",4,70,539,260,279
050,40,083,"Oklahoma","Logan County",4,71,527,267,260
050,40,083,"Oklahoma","Logan County",4,72,472,230,242
050,40,083,"Oklahoma","Logan County",4,73,457,217,240
050,40,083,"Oklahoma","Logan County",4,74,413,201,212
050,40,083,"Oklahoma","Logan County",4,75,432,223,209
050,40,083,"Oklahoma","Logan County",4,76,298,148,150
050,40,083,"Oklahoma","Logan County",4,77,312,151,161
050,40,083,"Oklahoma","Logan County",4,78,280,142,138
050,40,083,"Oklahoma","Logan County",4,79,290,158,132
050,40,083,"Oklahoma","Logan County",4,80,222,109,113
050,40,083,"Oklahoma","Logan County",4,81,189,85,104
050,40,083,"Oklahoma","Logan County",4,82,188,81,107
050,40,083,"Oklahoma","Logan County",4,83,178,82,96
050,40,083,"Oklahoma","Logan County",4,84,143,69,74
050,40,083,"Oklahoma","Logan County",4,85,819,342,477
050,40,083,"Oklahoma","Logan County",5,0,533,267,266
050,40,083,"Oklahoma","Logan County",5,1,552,284,268
050,40,083,"Oklahoma","Logan County",5,2,492,229,263
050,40,083,"Oklahoma","Logan County",5,3,518,262,256
050,40,083,"Oklahoma","Logan County",5,4,574,297,277
050,40,083,"Oklahoma","Logan County",5,5,601,315,286
050,40,083,"Oklahoma","Logan County",5,6,633,325,308
050,40,083,"Oklahoma","Logan County",5,7,640,339,301
050,40,083,"Oklahoma","Logan County",5,8,662,353,309
050,40,083,"Oklahoma","Logan County",5,9,653,356,297
050,40,083,"Oklahoma","Logan County",5,10,649,329,320
050,40,083,"Oklahoma","Logan County",5,11,659,313,346
050,40,083,"Oklahoma","Logan County",5,12,652,329,323
050,40,083,"Oklahoma","Logan County",5,13,674,353,321
050,40,083,"Oklahoma","Logan County",5,14,724,378,346
050,40,083,"Oklahoma","Logan County",5,15,740,376,364
050,40,083,"Oklahoma","Logan County",5,16,766,399,367
050,40,083,"Oklahoma","Logan County",5,17,784,418,366
050,40,083,"Oklahoma","Logan County",5,18,891,469,422
050,40,083,"Oklahoma","Logan County",5,19,1040,510,530
050,40,083,"Oklahoma","Logan County",5,20,898,464,434
050,40,083,"Oklahoma","Logan County",5,21,668,376,292
050,40,083,"Oklahoma","Logan County",5,22,580,304,276
050,40,083,"Oklahoma","Logan County",5,23,585,295,290
050,40,083,"Oklahoma","Logan County",5,24,587,312,275
050,40,083,"Oklahoma","Logan County",5,25,534,286,248
050,40,083,"Oklahoma","Logan County",5,26,553,275,278
050,40,083,"Oklahoma","Logan County",5,27,520,231,289
050,40,083,"Oklahoma","Logan County",5,28,559,296,263
050,40,083,"Oklahoma","Logan County",5,29,554,264,290
050,40,083,"Oklahoma","Logan County",5,30,576,285,291
050,40,083,"Oklahoma","Logan County",5,31,616,313,303
050,40,083,"Oklahoma","Logan County",5,32,639,315,324
050,40,083,"Oklahoma","Logan County",5,33,645,327,318
050,40,083,"Oklahoma","Logan County",5,34,634,313,321
050,40,083,"Oklahoma","Logan County",5,35,634,316,318
050,40,083,"Oklahoma","Logan County",5,36,705,349,356
050,40,083,"Oklahoma","Logan County",5,37,692,357,335
050,40,083,"Oklahoma","Logan County",5,38,766,390,376
050,40,083,"Oklahoma","Logan County",5,39,762,380,382
050,40,083,"Oklahoma","Logan County",5,40,829,401,428
050,40,083,"Oklahoma","Logan County",5,41,784,386,398
050,40,083,"Oklahoma","Logan County",5,42,728,369,359
050,40,083,"Oklahoma","Logan County",5,43,749,391,358
050,40,083,"Oklahoma","Logan County",5,44,680,356,324
050,40,083,"Oklahoma","Logan County",5,45,695,362,333
050,40,083,"Oklahoma","Logan County",5,46,666,332,334
050,40,083,"Oklahoma","Logan County",5,47,638,321,317
050,40,083,"Oklahoma","Logan County",5,48,689,360,329
050,40,083,"Oklahoma","Logan County",5,49,628,336,292
050,40,083,"Oklahoma","Logan County",5,50,662,325,337
050,40,083,"Oklahoma","Logan County",5,51,660,343,317
050,40,083,"Oklahoma","Logan County",5,52,720,360,360
050,40,083,"Oklahoma","Logan County",5,53,674,312,362
050,40,083,"Oklahoma","Logan County",5,54,629,305,324
050,40,083,"Oklahoma","Logan County",5,55,588,290,298
050,40,083,"Oklahoma","Logan County",5,56,602,294,308
050,40,083,"Oklahoma","Logan County",5,57,622,307,315
050,40,083,"Oklahoma","Logan County",5,58,659,319,340
050,40,083,"Oklahoma","Logan County",5,59,734,342,392
050,40,083,"Oklahoma","Logan County",5,60,769,383,386
050,40,083,"Oklahoma","Logan County",5,61,764,397,367
050,40,083,"Oklahoma","Logan County",5,62,746,354,392
050,40,083,"Oklahoma","Logan County",5,63,729,352,377
050,40,083,"Oklahoma","Logan County",5,64,706,353,353
050,40,083,"Oklahoma","Logan County",5,65,717,342,375
050,40,083,"Oklahoma","Logan County",5,66,709,343,366
050,40,083,"Oklahoma","Logan County",5,67,656,302,354
050,40,083,"Oklahoma","Logan County",5,68,677,334,343
050,40,083,"Oklahoma","Logan County",5,69,643,319,324
050,40,083,"Oklahoma","Logan County",5,70,611,299,312
050,40,083,"Oklahoma","Logan County",5,71,533,259,274
050,40,083,"Oklahoma","Logan County",5,72,524,271,253
050,40,083,"Oklahoma","Logan County",5,73,478,227,251
050,40,083,"Oklahoma","Logan County",5,74,442,213,229
050,40,083,"Oklahoma","Logan County",5,75,396,198,198
050,40,083,"Oklahoma","Logan County",5,76,426,224,202
050,40,083,"Oklahoma","Logan County",5,77,290,143,147
050,40,083,"Oklahoma","Logan County",5,78,298,146,152
050,40,083,"Oklahoma","Logan County",5,79,263,134,129
050,40,083,"Oklahoma","Logan County",5,80,285,155,130
050,40,083,"Oklahoma","Logan County",5,81,215,106,109
050,40,083,"Oklahoma","Logan County",5,82,179,80,99
050,40,083,"Oklahoma","Logan County",5,83,181,83,98
050,40,083,"Oklahoma","Logan County",5,84,154,72,82
050,40,083,"Oklahoma","Logan County",5,85,858,357,501
050,40,085,"Oklahoma","Love County",1,0,122,65,57
050,40,085,"Oklahoma","Love County",1,1,134,76,58
050,40,085,"Oklahoma","Love County",1,2,132,68,64
050,40,085,"Oklahoma","Love County",1,3,120,64,56
050,40,085,"Oklahoma","Love County",1,4,153,87,66
050,40,085,"Oklahoma","Love County",1,5,134,74,60
050,40,085,"Oklahoma","Love County",1,6,137,72,65
050,40,085,"Oklahoma","Love County",1,7,155,73,82
050,40,085,"Oklahoma","Love County",1,8,145,61,84
050,40,085,"Oklahoma","Love County",1,9,144,72,72
050,40,085,"Oklahoma","Love County",1,10,143,83,60
050,40,085,"Oklahoma","Love County",1,11,139,75,64
050,40,085,"Oklahoma","Love County",1,12,135,68,67
050,40,085,"Oklahoma","Love County",1,13,144,70,74
050,40,085,"Oklahoma","Love County",1,14,148,65,83
050,40,085,"Oklahoma","Love County",1,15,141,71,70
050,40,085,"Oklahoma","Love County",1,16,142,70,72
050,40,085,"Oklahoma","Love County",1,17,134,61,73
050,40,085,"Oklahoma","Love County",1,18,128,67,61
050,40,085,"Oklahoma","Love County",1,19,106,49,57
050,40,085,"Oklahoma","Love County",1,20,121,64,57
050,40,085,"Oklahoma","Love County",1,21,107,49,58
050,40,085,"Oklahoma","Love County",1,22,120,57,63
050,40,085,"Oklahoma","Love County",1,23,113,57,56
050,40,085,"Oklahoma","Love County",1,24,129,59,70
050,40,085,"Oklahoma","Love County",1,25,121,53,68
050,40,085,"Oklahoma","Love County",1,26,136,71,65
050,40,085,"Oklahoma","Love County",1,27,120,68,52
050,40,085,"Oklahoma","Love County",1,28,126,65,61
050,40,085,"Oklahoma","Love County",1,29,138,72,66
050,40,085,"Oklahoma","Love County",1,30,137,74,63
050,40,085,"Oklahoma","Love County",1,31,116,62,54
050,40,085,"Oklahoma","Love County",1,32,127,73,54
050,40,085,"Oklahoma","Love County",1,33,124,61,63
050,40,085,"Oklahoma","Love County",1,34,118,67,51
050,40,085,"Oklahoma","Love County",1,35,128,69,59
050,40,085,"Oklahoma","Love County",1,36,133,63,70
050,40,085,"Oklahoma","Love County",1,37,121,61,60
050,40,085,"Oklahoma","Love County",1,38,126,69,57
050,40,085,"Oklahoma","Love County",1,39,125,73,52
050,40,085,"Oklahoma","Love County",1,40,114,52,62
050,40,085,"Oklahoma","Love County",1,41,121,57,64
050,40,085,"Oklahoma","Love County",1,42,114,58,56
050,40,085,"Oklahoma","Love County",1,43,106,51,55
050,40,085,"Oklahoma","Love County",1,44,125,59,66
050,40,085,"Oklahoma","Love County",1,45,125,68,57
050,40,085,"Oklahoma","Love County",1,46,104,59,45
050,40,085,"Oklahoma","Love County",1,47,124,59,65
050,40,085,"Oklahoma","Love County",1,48,133,62,71
050,40,085,"Oklahoma","Love County",1,49,135,71,64
050,40,085,"Oklahoma","Love County",1,50,127,69,58
050,40,085,"Oklahoma","Love County",1,51,118,61,57
050,40,085,"Oklahoma","Love County",1,52,108,53,55
050,40,085,"Oklahoma","Love County",1,53,124,60,64
050,40,085,"Oklahoma","Love County",1,54,114,59,55
050,40,085,"Oklahoma","Love County",1,55,104,51,53
050,40,085,"Oklahoma","Love County",1,56,119,53,66
050,40,085,"Oklahoma","Love County",1,57,133,66,67
050,40,085,"Oklahoma","Love County",1,58,128,58,70
050,40,085,"Oklahoma","Love County",1,59,147,73,74
050,40,085,"Oklahoma","Love County",1,60,125,65,60
050,40,085,"Oklahoma","Love County",1,61,119,56,63
050,40,085,"Oklahoma","Love County",1,62,133,70,63
050,40,085,"Oklahoma","Love County",1,63,129,61,68
050,40,085,"Oklahoma","Love County",1,64,121,57,64
050,40,085,"Oklahoma","Love County",1,65,121,64,57
050,40,085,"Oklahoma","Love County",1,66,122,59,63
050,40,085,"Oklahoma","Love County",1,67,111,55,56
050,40,085,"Oklahoma","Love County",1,68,117,60,57
050,40,085,"Oklahoma","Love County",1,69,108,54,54
050,40,085,"Oklahoma","Love County",1,70,100,52,48
050,40,085,"Oklahoma","Love County",1,71,101,47,54
050,40,085,"Oklahoma","Love County",1,72,101,51,50
050,40,085,"Oklahoma","Love County",1,73,121,64,57
050,40,085,"Oklahoma","Love County",1,74,91,52,39
050,40,085,"Oklahoma","Love County",1,75,87,47,40
050,40,085,"Oklahoma","Love County",1,76,77,37,40
050,40,085,"Oklahoma","Love County",1,77,80,41,39
050,40,085,"Oklahoma","Love County",1,78,71,37,34
050,40,085,"Oklahoma","Love County",1,79,56,27,29
050,40,085,"Oklahoma","Love County",1,80,56,33,23
050,40,085,"Oklahoma","Love County",1,81,57,29,28
050,40,085,"Oklahoma","Love County",1,82,47,22,25
050,40,085,"Oklahoma","Love County",1,83,33,15,18
050,40,085,"Oklahoma","Love County",1,84,35,15,20
050,40,085,"Oklahoma","Love County",1,85,181,75,106
050,40,085,"Oklahoma","Love County",2,0,125,68,57
050,40,085,"Oklahoma","Love County",2,1,132,74,58
050,40,085,"Oklahoma","Love County",2,2,131,68,63
050,40,085,"Oklahoma","Love County",2,3,123,65,58
050,40,085,"Oklahoma","Love County",2,4,147,84,63
050,40,085,"Oklahoma","Love County",2,5,140,78,62
050,40,085,"Oklahoma","Love County",2,6,139,74,65
050,40,085,"Oklahoma","Love County",2,7,147,72,75
050,40,085,"Oklahoma","Love County",2,8,144,64,80
050,40,085,"Oklahoma","Love County",2,9,143,70,73
050,40,085,"Oklahoma","Love County",2,10,142,79,63
050,40,085,"Oklahoma","Love County",2,11,137,74,63
050,40,085,"Oklahoma","Love County",2,12,135,70,65
050,40,085,"Oklahoma","Love County",2,13,145,71,74
050,40,085,"Oklahoma","Love County",2,14,147,67,80
050,40,085,"Oklahoma","Love County",2,15,147,72,75
050,40,085,"Oklahoma","Love County",2,16,145,72,73
050,40,085,"Oklahoma","Love County",2,17,136,63,73
050,40,085,"Oklahoma","Love County",2,18,125,64,61
050,40,085,"Oklahoma","Love County",2,19,105,49,56
050,40,085,"Oklahoma","Love County",2,20,117,59,58
050,40,085,"Oklahoma","Love County",2,21,112,53,59
050,40,085,"Oklahoma","Love County",2,22,119,57,62
050,40,085,"Oklahoma","Love County",2,23,117,58,59
050,40,085,"Oklahoma","Love County",2,24,125,59,66
050,40,085,"Oklahoma","Love County",2,25,122,55,67
050,40,085,"Oklahoma","Love County",2,26,131,67,64
050,40,085,"Oklahoma","Love County",2,27,125,69,56
050,40,085,"Oklahoma","Love County",2,28,126,67,59
050,40,085,"Oklahoma","Love County",2,29,136,70,66
050,40,085,"Oklahoma","Love County",2,30,135,73,62
050,40,085,"Oklahoma","Love County",2,31,121,67,54
050,40,085,"Oklahoma","Love County",2,32,125,71,54
050,40,085,"Oklahoma","Love County",2,33,126,65,61
050,40,085,"Oklahoma","Love County",2,34,119,66,53
050,40,085,"Oklahoma","Love County",2,35,125,67,58
050,40,085,"Oklahoma","Love County",2,36,129,63,66
050,40,085,"Oklahoma","Love County",2,37,123,61,62
050,40,085,"Oklahoma","Love County",2,38,127,67,60
050,40,085,"Oklahoma","Love County",2,39,122,69,53
050,40,085,"Oklahoma","Love County",2,40,119,58,61
050,40,085,"Oklahoma","Love County",2,41,120,56,64
050,40,085,"Oklahoma","Love County",2,42,115,56,59
050,40,085,"Oklahoma","Love County",2,43,111,55,56
050,40,085,"Oklahoma","Love County",2,44,121,58,63
050,40,085,"Oklahoma","Love County",2,45,124,66,58
050,40,085,"Oklahoma","Love County",2,46,109,62,47
050,40,085,"Oklahoma","Love County",2,47,119,59,60
050,40,085,"Oklahoma","Love County",2,48,133,62,71
050,40,085,"Oklahoma","Love County",2,49,136,69,67
050,40,085,"Oklahoma","Love County",2,50,130,70,60
050,40,085,"Oklahoma","Love County",2,51,121,63,58
050,40,085,"Oklahoma","Love County",2,52,109,54,55
050,40,085,"Oklahoma","Love County",2,53,118,57,61
050,40,085,"Oklahoma","Love County",2,54,117,60,57
050,40,085,"Oklahoma","Love County",2,55,108,55,53
050,40,085,"Oklahoma","Love County",2,56,117,53,64
050,40,085,"Oklahoma","Love County",2,57,128,62,66
050,40,085,"Oklahoma","Love County",2,58,131,62,69
050,40,085,"Oklahoma","Love County",2,59,144,71,73
050,40,085,"Oklahoma","Love County",2,60,131,67,64
050,40,085,"Oklahoma","Love County",2,61,119,58,61
050,40,085,"Oklahoma","Love County",2,62,130,66,64
050,40,085,"Oklahoma","Love County",2,63,131,65,66
050,40,085,"Oklahoma","Love County",2,64,123,58,65
050,40,085,"Oklahoma","Love County",2,65,121,61,60
050,40,085,"Oklahoma","Love County",2,66,122,60,62
050,40,085,"Oklahoma","Love County",2,67,113,55,58
050,40,085,"Oklahoma","Love County",2,68,113,58,55
050,40,085,"Oklahoma","Love County",2,69,111,56,55
050,40,085,"Oklahoma","Love County",2,70,100,50,50
050,40,085,"Oklahoma","Love County",2,71,101,48,53
050,40,085,"Oklahoma","Love County",2,72,98,48,50
050,40,085,"Oklahoma","Love County",2,73,117,60,57
050,40,085,"Oklahoma","Love County",2,74,91,51,40
050,40,085,"Oklahoma","Love County",2,75,88,49,39
050,40,085,"Oklahoma","Love County",2,76,78,39,39
050,40,085,"Oklahoma","Love County",2,77,80,41,39
050,40,085,"Oklahoma","Love County",2,78,72,38,34
050,40,085,"Oklahoma","Love County",2,79,57,28,29
050,40,085,"Oklahoma","Love County",2,80,56,32,24
050,40,085,"Oklahoma","Love County",2,81,54,29,25
050,40,085,"Oklahoma","Love County",2,82,49,23,26
050,40,085,"Oklahoma","Love County",2,83,37,18,19
050,40,085,"Oklahoma","Love County",2,84,33,13,20
050,40,085,"Oklahoma","Love County",2,85,186,77,109
050,40,085,"Oklahoma","Love County",3,0,104,50,54
050,40,085,"Oklahoma","Love County",3,1,120,69,51
050,40,085,"Oklahoma","Love County",3,2,130,69,61
050,40,085,"Oklahoma","Love County",3,3,123,66,57
050,40,085,"Oklahoma","Love County",3,4,126,69,57
050,40,085,"Oklahoma","Love County",3,5,156,82,74
050,40,085,"Oklahoma","Love County",3,6,123,63,60
050,40,085,"Oklahoma","Love County",3,7,132,76,56
050,40,085,"Oklahoma","Love County",3,8,161,85,76
050,40,085,"Oklahoma","Love County",3,9,156,67,89
050,40,085,"Oklahoma","Love County",3,10,139,65,74
050,40,085,"Oklahoma","Love County",3,11,143,74,69
050,40,085,"Oklahoma","Love County",3,12,150,84,66
050,40,085,"Oklahoma","Love County",3,13,146,80,66
050,40,085,"Oklahoma","Love County",3,14,150,70,80
050,40,085,"Oklahoma","Love County",3,15,154,69,85
050,40,085,"Oklahoma","Love County",3,16,153,69,84
050,40,085,"Oklahoma","Love County",3,17,144,69,75
050,40,085,"Oklahoma","Love County",3,18,123,59,64
050,40,085,"Oklahoma","Love County",3,19,100,50,50
050,40,085,"Oklahoma","Love County",3,20,115,56,59
050,40,085,"Oklahoma","Love County",3,21,122,64,58
050,40,085,"Oklahoma","Love County",3,22,125,55,70
050,40,085,"Oklahoma","Love County",3,23,137,66,71
050,40,085,"Oklahoma","Love County",3,24,119,60,59
050,40,085,"Oklahoma","Love County",3,25,119,57,62
050,40,085,"Oklahoma","Love County",3,26,116,55,61
050,40,085,"Oklahoma","Love County",3,27,126,61,65
050,40,085,"Oklahoma","Love County",3,28,116,60,56
050,40,085,"Oklahoma","Love County",3,29,127,67,60
050,40,085,"Oklahoma","Love County",3,30,135,68,67
050,40,085,"Oklahoma","Love County",3,31,136,75,61
050,40,085,"Oklahoma","Love County",3,32,120,65,55
050,40,085,"Oklahoma","Love County",3,33,129,72,57
050,40,085,"Oklahoma","Love County",3,34,134,75,59
050,40,085,"Oklahoma","Love County",3,35,125,65,60
050,40,085,"Oklahoma","Love County",3,36,130,67,63
050,40,085,"Oklahoma","Love County",3,37,137,72,65
050,40,085,"Oklahoma","Love County",3,38,131,66,65
050,40,085,"Oklahoma","Love County",3,39,133,71,62
050,40,085,"Oklahoma","Love County",3,40,125,70,55
050,40,085,"Oklahoma","Love County",3,41,122,61,61
050,40,085,"Oklahoma","Love County",3,42,117,52,65
050,40,085,"Oklahoma","Love County",3,43,116,54,62
050,40,085,"Oklahoma","Love County",3,44,117,64,53
050,40,085,"Oklahoma","Love County",3,45,122,54,68
050,40,085,"Oklahoma","Love County",3,46,118,62,56
050,40,085,"Oklahoma","Love County",3,47,107,62,45
050,40,085,"Oklahoma","Love County",3,48,127,59,68
050,40,085,"Oklahoma","Love County",3,49,129,61,68
050,40,085,"Oklahoma","Love County",3,50,138,73,65
050,40,085,"Oklahoma","Love County",3,51,134,71,63
050,40,085,"Oklahoma","Love County",3,52,119,62,57
050,40,085,"Oklahoma","Love County",3,53,108,54,54
050,40,085,"Oklahoma","Love County",3,54,117,59,58
050,40,085,"Oklahoma","Love County",3,55,117,60,57
050,40,085,"Oklahoma","Love County",3,56,109,55,54
050,40,085,"Oklahoma","Love County",3,57,112,50,62
050,40,085,"Oklahoma","Love County",3,58,131,63,68
050,40,085,"Oklahoma","Love County",3,59,127,59,68
050,40,085,"Oklahoma","Love County",3,60,141,68,73
050,40,085,"Oklahoma","Love County",3,61,132,71,61
050,40,085,"Oklahoma","Love County",3,62,122,58,64
050,40,085,"Oklahoma","Love County",3,63,128,67,61
050,40,085,"Oklahoma","Love County",3,64,137,67,70
050,40,085,"Oklahoma","Love County",3,65,125,63,62
050,40,085,"Oklahoma","Love County",3,66,121,60,61
050,40,085,"Oklahoma","Love County",3,67,118,59,59
050,40,085,"Oklahoma","Love County",3,68,113,56,57
050,40,085,"Oklahoma","Love County",3,69,109,58,51
050,40,085,"Oklahoma","Love County",3,70,112,58,54
050,40,085,"Oklahoma","Love County",3,71,100,52,48
050,40,085,"Oklahoma","Love County",3,72,100,46,54
050,40,085,"Oklahoma","Love County",3,73,95,45,50
050,40,085,"Oklahoma","Love County",3,74,112,60,52
050,40,085,"Oklahoma","Love County",3,75,88,48,40
050,40,085,"Oklahoma","Love County",3,76,82,48,34
050,40,085,"Oklahoma","Love County",3,77,73,36,37
050,40,085,"Oklahoma","Love County",3,78,72,38,34
050,40,085,"Oklahoma","Love County",3,79,69,37,32
050,40,085,"Oklahoma","Love County",3,80,47,23,24
050,40,085,"Oklahoma","Love County",3,81,50,29,21
050,40,085,"Oklahoma","Love County",3,82,50,26,24
050,40,085,"Oklahoma","Love County",3,83,41,19,22
050,40,085,"Oklahoma","Love County",3,84,33,17,16
050,40,085,"Oklahoma","Love County",3,85,190,78,112
050,40,085,"Oklahoma","Love County",4,0,101,51,50
050,40,085,"Oklahoma","Love County",4,1,106,50,56
050,40,085,"Oklahoma","Love County",4,2,118,67,51
050,40,085,"Oklahoma","Love County",4,3,123,62,61
050,40,085,"Oklahoma","Love County",4,4,114,55,59
050,40,085,"Oklahoma","Love County",4,5,122,63,59
050,40,085,"Oklahoma","Love County",4,6,154,74,80
050,40,085,"Oklahoma","Love County",4,7,133,70,63
050,40,085,"Oklahoma","Love County",4,8,133,74,59
050,40,085,"Oklahoma","Love County",4,9,157,82,75
050,40,085,"Oklahoma","Love County",4,10,153,67,86
050,40,085,"Oklahoma","Love County",4,11,149,73,76
050,40,085,"Oklahoma","Love County",4,12,144,76,68
050,40,085,"Oklahoma","Love County",4,13,143,81,62
050,40,085,"Oklahoma","Love County",4,14,139,77,62
050,40,085,"Oklahoma","Love County",4,15,157,73,84
050,40,085,"Oklahoma","Love County",4,16,149,67,82
050,40,085,"Oklahoma","Love County",4,17,151,66,85
050,40,085,"Oklahoma","Love County",4,18,122,57,65
050,40,085,"Oklahoma","Love County",4,19,97,44,53
050,40,085,"Oklahoma","Love County",4,20,109,57,52
050,40,085,"Oklahoma","Love County",4,21,121,62,59
050,40,085,"Oklahoma","Love County",4,22,126,63,63
050,40,085,"Oklahoma","Love County",4,23,130,63,67
050,40,085,"Oklahoma","Love County",4,24,126,65,61
050,40,085,"Oklahoma","Love County",4,25,114,56,58
050,40,085,"Oklahoma","Love County",4,26,118,60,58
050,40,085,"Oklahoma","Love County",4,27,117,55,62
050,40,085,"Oklahoma","Love County",4,28,135,67,68
050,40,085,"Oklahoma","Love County",4,29,113,64,49
050,40,085,"Oklahoma","Love County",4,30,118,62,56
050,40,085,"Oklahoma","Love County",4,31,146,77,69
050,40,085,"Oklahoma","Love County",4,32,126,70,56
050,40,085,"Oklahoma","Love County",4,33,115,64,51
050,40,085,"Oklahoma","Love County",4,34,131,73,58
050,40,085,"Oklahoma","Love County",4,35,128,69,59
050,40,085,"Oklahoma","Love County",4,36,126,69,57
050,40,085,"Oklahoma","Love County",4,37,119,61,58
050,40,085,"Oklahoma","Love County",4,38,145,76,69
050,40,085,"Oklahoma","Love County",4,39,136,68,68
050,40,085,"Oklahoma","Love County",4,40,138,72,66
050,40,085,"Oklahoma","Love County",4,41,119,64,55
050,40,085,"Oklahoma","Love County",4,42,123,61,62
050,40,085,"Oklahoma","Love County",4,43,115,48,67
050,40,085,"Oklahoma","Love County",4,44,118,54,64
050,40,085,"Oklahoma","Love County",4,45,114,64,50
050,40,085,"Oklahoma","Love County",4,46,124,55,69
050,40,085,"Oklahoma","Love County",4,47,124,67,57
050,40,085,"Oklahoma","Love County",4,48,108,61,47
050,40,085,"Oklahoma","Love County",4,49,124,60,64
050,40,085,"Oklahoma","Love County",4,50,121,59,62
050,40,085,"Oklahoma","Love County",4,51,141,77,64
050,40,085,"Oklahoma","Love County",4,52,125,62,63
050,40,085,"Oklahoma","Love County",4,53,118,61,57
050,40,085,"Oklahoma","Love County",4,54,117,56,61
050,40,085,"Oklahoma","Love County",4,55,128,66,62
050,40,085,"Oklahoma","Love County",4,56,118,61,57
050,40,085,"Oklahoma","Love County",4,57,106,49,57
050,40,085,"Oklahoma","Love County",4,58,117,55,62
050,40,085,"Oklahoma","Love County",4,59,130,64,66
050,40,085,"Oklahoma","Love County",4,60,136,62,74
050,40,085,"Oklahoma","Love County",4,61,135,65,70
050,40,085,"Oklahoma","Love County",4,62,138,75,63
050,40,085,"Oklahoma","Love County",4,63,122,57,65
050,40,085,"Oklahoma","Love County",4,64,118,58,60
050,40,085,"Oklahoma","Love County",4,65,133,62,71
050,40,085,"Oklahoma","Love County",4,66,134,63,71
050,40,085,"Oklahoma","Love County",4,67,122,61,61
050,40,085,"Oklahoma","Love County",4,68,118,59,59
050,40,085,"Oklahoma","Love County",4,69,113,55,58
050,40,085,"Oklahoma","Love County",4,70,103,55,48
050,40,085,"Oklahoma","Love County",4,71,107,56,51
050,40,085,"Oklahoma","Love County",4,72,94,49,45
050,40,085,"Oklahoma","Love County",4,73,96,45,51
050,40,085,"Oklahoma","Love County",4,74,89,43,46
050,40,085,"Oklahoma","Love County",4,75,105,54,51
050,40,085,"Oklahoma","Love County",4,76,89,50,39
050,40,085,"Oklahoma","Love County",4,77,72,39,33
050,40,085,"Oklahoma","Love County",4,78,67,34,33
050,40,085,"Oklahoma","Love County",4,79,68,35,33
050,40,085,"Oklahoma","Love County",4,80,67,34,33
050,40,085,"Oklahoma","Love County",4,81,41,20,21
050,40,085,"Oklahoma","Love County",4,82,46,25,21
050,40,085,"Oklahoma","Love County",4,83,42,20,22
050,40,085,"Oklahoma","Love County",4,84,35,17,18
050,40,085,"Oklahoma","Love County",4,85,192,77,115
050,40,085,"Oklahoma","Love County",5,0,101,52,49
050,40,085,"Oklahoma","Love County",5,1,104,49,55
050,40,085,"Oklahoma","Love County",5,2,120,61,59
050,40,085,"Oklahoma","Love County",5,3,121,66,55
050,40,085,"Oklahoma","Love County",5,4,133,68,65
050,40,085,"Oklahoma","Love County",5,5,127,65,62
050,40,085,"Oklahoma","Love County",5,6,128,72,56
050,40,085,"Oklahoma","Love County",5,7,152,72,80
050,40,085,"Oklahoma","Love County",5,8,139,69,70
050,40,085,"Oklahoma","Love County",5,9,130,73,57
050,40,085,"Oklahoma","Love County",5,10,151,77,74
050,40,085,"Oklahoma","Love County",5,11,160,74,86
050,40,085,"Oklahoma","Love County",5,12,146,66,80
050,40,085,"Oklahoma","Love County",5,13,145,76,69
050,40,085,"Oklahoma","Love County",5,14,145,87,58
050,40,085,"Oklahoma","Love County",5,15,141,82,59
050,40,085,"Oklahoma","Love County",5,16,160,75,85
050,40,085,"Oklahoma","Love County",5,17,144,65,79
050,40,085,"Oklahoma","Love County",5,18,134,59,75
050,40,085,"Oklahoma","Love County",5,19,110,55,55
050,40,085,"Oklahoma","Love County",5,20,102,46,56
050,40,085,"Oklahoma","Love County",5,21,110,57,53
050,40,085,"Oklahoma","Love County",5,22,124,62,62
050,40,085,"Oklahoma","Love County",5,23,134,70,64
050,40,085,"Oklahoma","Love County",5,24,114,51,63
050,40,085,"Oklahoma","Love County",5,25,129,69,60
050,40,085,"Oklahoma","Love County",5,26,109,51,58
050,40,085,"Oklahoma","Love County",5,27,123,64,59
050,40,085,"Oklahoma","Love County",5,28,121,54,67
050,40,085,"Oklahoma","Love County",5,29,136,68,68
050,40,085,"Oklahoma","Love County",5,30,121,72,49
050,40,085,"Oklahoma","Love County",5,31,124,66,58
050,40,085,"Oklahoma","Love County",5,32,141,74,67
050,40,085,"Oklahoma","Love County",5,33,134,74,60
050,40,085,"Oklahoma","Love County",5,34,111,61,50
050,40,085,"Oklahoma","Love County",5,35,134,71,63
050,40,085,"Oklahoma","Love County",5,36,128,70,58
050,40,085,"Oklahoma","Love County",5,37,129,67,62
050,40,085,"Oklahoma","Love County",5,38,134,65,69
050,40,085,"Oklahoma","Love County",5,39,147,74,73
050,40,085,"Oklahoma","Love County",5,40,140,77,63
050,40,085,"Oklahoma","Love County",5,41,135,69,66
050,40,085,"Oklahoma","Love County",5,42,122,60,62
050,40,085,"Oklahoma","Love County",5,43,125,61,64
050,40,085,"Oklahoma","Love County",5,44,126,55,71
050,40,085,"Oklahoma","Love County",5,45,120,52,68
050,40,085,"Oklahoma","Love County",5,46,113,63,50
050,40,085,"Oklahoma","Love County",5,47,128,59,69
050,40,085,"Oklahoma","Love County",5,48,123,65,58
050,40,085,"Oklahoma","Love County",5,49,112,65,47
050,40,085,"Oklahoma","Love County",5,50,129,60,69
050,40,085,"Oklahoma","Love County",5,51,134,66,68
050,40,085,"Oklahoma","Love County",5,52,139,80,59
050,40,085,"Oklahoma","Love County",5,53,126,61,65
050,40,085,"Oklahoma","Love County",5,54,121,58,63
050,40,085,"Oklahoma","Love County",5,55,126,61,65
050,40,085,"Oklahoma","Love County",5,56,121,65,56
050,40,085,"Oklahoma","Love County",5,57,127,63,64
050,40,085,"Oklahoma","Love County",5,58,106,50,56
050,40,085,"Oklahoma","Love County",5,59,120,54,66
050,40,085,"Oklahoma","Love County",5,60,130,64,66
050,40,085,"Oklahoma","Love County",5,61,132,62,70
050,40,085,"Oklahoma","Love County",5,62,135,65,70
050,40,085,"Oklahoma","Love County",5,63,133,71,62
050,40,085,"Oklahoma","Love County",5,64,116,55,61
050,40,085,"Oklahoma","Love County",5,65,116,60,56
050,40,085,"Oklahoma","Love County",5,66,133,59,74
050,40,085,"Oklahoma","Love County",5,67,133,62,71
050,40,085,"Oklahoma","Love County",5,68,124,61,63
050,40,085,"Oklahoma","Love County",5,69,115,57,58
050,40,085,"Oklahoma","Love County",5,70,112,55,57
050,40,085,"Oklahoma","Love County",5,71,104,54,50
050,40,085,"Oklahoma","Love County",5,72,101,54,47
050,40,085,"Oklahoma","Love County",5,73,94,47,47
050,40,085,"Oklahoma","Love County",5,74,88,41,47
050,40,085,"Oklahoma","Love County",5,75,87,40,47
050,40,085,"Oklahoma","Love County",5,76,103,54,49
050,40,085,"Oklahoma","Love County",5,77,86,49,37
050,40,085,"Oklahoma","Love County",5,78,67,34,33
050,40,085,"Oklahoma","Love County",5,79,63,31,32
050,40,085,"Oklahoma","Love County",5,80,63,29,34
050,40,085,"Oklahoma","Love County",5,81,61,31,30
050,40,085,"Oklahoma","Love County",5,82,38,16,22
050,40,085,"Oklahoma","Love County",5,83,36,19,17
050,40,085,"Oklahoma","Love County",5,84,43,20,23
050,40,085,"Oklahoma","Love County",5,85,194,78,116
050,40,087,"Oklahoma","McClain County",1,0,412,211,201
050,40,087,"Oklahoma","McClain County",1,1,460,234,226
050,40,087,"Oklahoma","McClain County",1,2,477,234,243
050,40,087,"Oklahoma","McClain County",1,3,502,237,265
050,40,087,"Oklahoma","McClain County",1,4,538,255,283
050,40,087,"Oklahoma","McClain County",1,5,551,294,257
050,40,087,"Oklahoma","McClain County",1,6,577,312,265
050,40,087,"Oklahoma","McClain County",1,7,591,320,271
050,40,087,"Oklahoma","McClain County",1,8,605,310,295
050,40,087,"Oklahoma","McClain County",1,9,628,329,299
050,40,087,"Oklahoma","McClain County",1,10,626,332,294
050,40,087,"Oklahoma","McClain County",1,11,656,331,325
050,40,087,"Oklahoma","McClain County",1,12,690,352,338
050,40,087,"Oklahoma","McClain County",1,13,711,341,370
050,40,087,"Oklahoma","McClain County",1,14,694,338,356
050,40,087,"Oklahoma","McClain County",1,15,664,334,330
050,40,087,"Oklahoma","McClain County",1,16,674,336,338
050,40,087,"Oklahoma","McClain County",1,17,672,337,335
050,40,087,"Oklahoma","McClain County",1,18,546,287,259
050,40,087,"Oklahoma","McClain County",1,19,424,226,198
050,40,087,"Oklahoma","McClain County",1,20,398,207,191
050,40,087,"Oklahoma","McClain County",1,21,424,217,207
050,40,087,"Oklahoma","McClain County",1,22,449,228,221
050,40,087,"Oklahoma","McClain County",1,23,444,235,209
050,40,087,"Oklahoma","McClain County",1,24,473,238,235
050,40,087,"Oklahoma","McClain County",1,25,455,232,223
050,40,087,"Oklahoma","McClain County",1,26,443,212,231
050,40,087,"Oklahoma","McClain County",1,27,419,201,218
050,40,087,"Oklahoma","McClain County",1,28,472,231,241
050,40,087,"Oklahoma","McClain County",1,29,474,227,247
050,40,087,"Oklahoma","McClain County",1,30,470,221,249
050,40,087,"Oklahoma","McClain County",1,31,483,226,257
050,40,087,"Oklahoma","McClain County",1,32,504,262,242
050,40,087,"Oklahoma","McClain County",1,33,489,226,263
050,40,087,"Oklahoma","McClain County",1,34,568,276,292
050,40,087,"Oklahoma","McClain County",1,35,578,283,295
050,40,087,"Oklahoma","McClain County",1,36,596,295,301
050,40,087,"Oklahoma","McClain County",1,37,627,305,322
050,40,087,"Oklahoma","McClain County",1,38,626,328,298
050,40,087,"Oklahoma","McClain County",1,39,623,320,303
050,40,087,"Oklahoma","McClain County",1,40,580,291,289
050,40,087,"Oklahoma","McClain County",1,41,587,294,293
050,40,087,"Oklahoma","McClain County",1,42,574,295,279
050,40,087,"Oklahoma","McClain County",1,43,563,279,284
050,40,087,"Oklahoma","McClain County",1,44,547,277,270
050,40,087,"Oklahoma","McClain County",1,45,591,294,297
050,40,087,"Oklahoma","McClain County",1,46,530,264,266
050,40,087,"Oklahoma","McClain County",1,47,519,268,251
050,40,087,"Oklahoma","McClain County",1,48,533,266,267
050,40,087,"Oklahoma","McClain County",1,49,533,270,263
050,40,087,"Oklahoma","McClain County",1,50,524,267,257
050,40,087,"Oklahoma","McClain County",1,51,506,255,251
050,40,087,"Oklahoma","McClain County",1,52,493,248,245
050,40,087,"Oklahoma","McClain County",1,53,509,259,250
050,40,087,"Oklahoma","McClain County",1,54,494,249,245
050,40,087,"Oklahoma","McClain County",1,55,557,287,270
050,40,087,"Oklahoma","McClain County",1,56,551,276,275
050,40,087,"Oklahoma","McClain County",1,57,621,310,311
050,40,087,"Oklahoma","McClain County",1,58,564,270,294
050,40,087,"Oklahoma","McClain County",1,59,587,296,291
050,40,087,"Oklahoma","McClain County",1,60,563,290,273
050,40,087,"Oklahoma","McClain County",1,61,544,276,268
050,40,087,"Oklahoma","McClain County",1,62,516,236,280
050,40,087,"Oklahoma","McClain County",1,63,483,227,256
050,40,087,"Oklahoma","McClain County",1,64,511,254,257
050,40,087,"Oklahoma","McClain County",1,65,489,245,244
050,40,087,"Oklahoma","McClain County",1,66,448,227,221
050,40,087,"Oklahoma","McClain County",1,67,425,211,214
050,40,087,"Oklahoma","McClain County",1,68,422,214,208
050,40,087,"Oklahoma","McClain County",1,69,407,186,221
050,40,087,"Oklahoma","McClain County",1,70,389,189,200
050,40,087,"Oklahoma","McClain County",1,71,374,175,199
050,40,087,"Oklahoma","McClain County",1,72,363,174,189
050,40,087,"Oklahoma","McClain County",1,73,323,150,173
050,40,087,"Oklahoma","McClain County",1,74,250,115,135
050,40,087,"Oklahoma","McClain County",1,75,284,135,149
050,40,087,"Oklahoma","McClain County",1,76,280,139,141
050,40,087,"Oklahoma","McClain County",1,77,258,127,131
050,40,087,"Oklahoma","McClain County",1,78,211,94,117
050,40,087,"Oklahoma","McClain County",1,79,208,95,113
050,40,087,"Oklahoma","McClain County",1,80,174,87,87
050,40,087,"Oklahoma","McClain County",1,81,165,73,92
050,40,087,"Oklahoma","McClain County",1,82,141,63,78
050,40,087,"Oklahoma","McClain County",1,83,122,54,68
050,40,087,"Oklahoma","McClain County",1,84,106,50,56
050,40,087,"Oklahoma","McClain County",1,85,532,220,312
050,40,087,"Oklahoma","McClain County",2,0,415,205,210
050,40,087,"Oklahoma","McClain County",2,1,451,229,222
050,40,087,"Oklahoma","McClain County",2,2,477,234,243
050,40,087,"Oklahoma","McClain County",2,3,501,238,263
050,40,087,"Oklahoma","McClain County",2,4,543,256,287
050,40,087,"Oklahoma","McClain County",2,5,554,288,266
050,40,087,"Oklahoma","McClain County",2,6,578,310,268
050,40,087,"Oklahoma","McClain County",2,7,593,320,273
050,40,087,"Oklahoma","McClain County",2,8,607,316,291
050,40,087,"Oklahoma","McClain County",2,9,626,326,300
050,40,087,"Oklahoma","McClain County",2,10,630,334,296
050,40,087,"Oklahoma","McClain County",2,11,652,336,316
050,40,087,"Oklahoma","McClain County",2,12,690,351,339
050,40,087,"Oklahoma","McClain County",2,13,710,346,364
050,40,087,"Oklahoma","McClain County",2,14,700,340,360
050,40,087,"Oklahoma","McClain County",2,15,675,336,339
050,40,087,"Oklahoma","McClain County",2,16,673,335,338
050,40,087,"Oklahoma","McClain County",2,17,672,336,336
050,40,087,"Oklahoma","McClain County",2,18,554,287,267
050,40,087,"Oklahoma","McClain County",2,19,430,226,204
050,40,087,"Oklahoma","McClain County",2,20,414,215,199
050,40,087,"Oklahoma","McClain County",2,21,426,220,206
050,40,087,"Oklahoma","McClain County",2,22,449,229,220
050,40,087,"Oklahoma","McClain County",2,23,450,235,215
050,40,087,"Oklahoma","McClain County",2,24,464,235,229
050,40,087,"Oklahoma","McClain County",2,25,463,234,229
050,40,087,"Oklahoma","McClain County",2,26,448,218,230
050,40,087,"Oklahoma","McClain County",2,27,432,208,224
050,40,087,"Oklahoma","McClain County",2,28,468,229,239
050,40,087,"Oklahoma","McClain County",2,29,479,232,247
050,40,087,"Oklahoma","McClain County",2,30,479,225,254
050,40,087,"Oklahoma","McClain County",2,31,483,227,256
050,40,087,"Oklahoma","McClain County",2,32,505,257,248
050,40,087,"Oklahoma","McClain County",2,33,495,237,258
050,40,087,"Oklahoma","McClain County",2,34,556,268,288
050,40,087,"Oklahoma","McClain County",2,35,582,282,300
050,40,087,"Oklahoma","McClain County",2,36,596,294,302
050,40,087,"Oklahoma","McClain County",2,37,625,306,319
050,40,087,"Oklahoma","McClain County",2,38,637,329,308
050,40,087,"Oklahoma","McClain County",2,39,627,326,301
050,40,087,"Oklahoma","McClain County",2,40,600,302,298
050,40,087,"Oklahoma","McClain County",2,41,589,295,294
050,40,087,"Oklahoma","McClain County",2,42,580,296,284
050,40,087,"Oklahoma","McClain County",2,43,572,286,286
050,40,087,"Oklahoma","McClain County",2,44,549,276,273
050,40,087,"Oklahoma","McClain County",2,45,584,293,291
050,40,087,"Oklahoma","McClain County",2,46,549,274,275
050,40,087,"Oklahoma","McClain County",2,47,526,269,257
050,40,087,"Oklahoma","McClain County",2,48,531,267,264
050,40,087,"Oklahoma","McClain County",2,49,539,274,265
050,40,087,"Oklahoma","McClain County",2,50,530,270,260
050,40,087,"Oklahoma","McClain County",2,51,514,260,254
050,40,087,"Oklahoma","McClain County",2,52,500,252,248
050,40,087,"Oklahoma","McClain County",2,53,506,257,249
050,40,087,"Oklahoma","McClain County",2,54,500,252,248
050,40,087,"Oklahoma","McClain County",2,55,540,277,263
050,40,087,"Oklahoma","McClain County",2,56,556,280,276
050,40,087,"Oklahoma","McClain County",2,57,605,302,303
050,40,087,"Oklahoma","McClain County",2,58,578,280,298
050,40,087,"Oklahoma","McClain County",2,59,588,293,295
050,40,087,"Oklahoma","McClain County",2,60,569,292,277
050,40,087,"Oklahoma","McClain County",2,61,548,278,270
050,40,087,"Oklahoma","McClain County",2,62,525,247,278
050,40,087,"Oklahoma","McClain County",2,63,495,231,264
050,40,087,"Oklahoma","McClain County",2,64,504,246,258
050,40,087,"Oklahoma","McClain County",2,65,493,246,247
050,40,087,"Oklahoma","McClain County",2,66,460,232,228
050,40,087,"Oklahoma","McClain County",2,67,426,213,213
050,40,087,"Oklahoma","McClain County",2,68,421,212,209
050,40,087,"Oklahoma","McClain County",2,69,413,193,220
050,40,087,"Oklahoma","McClain County",2,70,386,185,201
050,40,087,"Oklahoma","McClain County",2,71,378,178,200
050,40,087,"Oklahoma","McClain County",2,72,359,172,187
050,40,087,"Oklahoma","McClain County",2,73,345,162,183
050,40,087,"Oklahoma","McClain County",2,74,252,116,136
050,40,087,"Oklahoma","McClain County",2,75,277,132,145
050,40,087,"Oklahoma","McClain County",2,76,279,137,142
050,40,087,"Oklahoma","McClain County",2,77,267,132,135
050,40,087,"Oklahoma","McClain County",2,78,216,101,115
050,40,087,"Oklahoma","McClain County",2,79,207,94,113
050,40,087,"Oklahoma","McClain County",2,80,179,88,91
050,40,087,"Oklahoma","McClain County",2,81,163,73,90
050,40,087,"Oklahoma","McClain County",2,82,146,66,80
050,40,087,"Oklahoma","McClain County",2,83,122,55,67
050,40,087,"Oklahoma","McClain County",2,84,106,48,58
050,40,087,"Oklahoma","McClain County",2,85,533,226,307
050,40,087,"Oklahoma","McClain County",3,0,420,217,203
050,40,087,"Oklahoma","McClain County",3,1,488,241,247
050,40,087,"Oklahoma","McClain County",3,2,481,252,229
050,40,087,"Oklahoma","McClain County",3,3,516,250,266
050,40,087,"Oklahoma","McClain County",3,4,529,256,273
050,40,087,"Oklahoma","McClain County",3,5,579,271,308
050,40,087,"Oklahoma","McClain County",3,6,598,319,279
050,40,087,"Oklahoma","McClain County",3,7,636,322,314
050,40,087,"Oklahoma","McClain County",3,8,659,355,304
050,40,087,"Oklahoma","McClain County",3,9,618,328,290
050,40,087,"Oklahoma","McClain County",3,10,656,336,320
050,40,087,"Oklahoma","McClain County",3,11,664,348,316
050,40,087,"Oklahoma","McClain County",3,12,675,350,325
050,40,087,"Oklahoma","McClain County",3,13,716,373,343
050,40,087,"Oklahoma","McClain County",3,14,722,357,365
050,40,087,"Oklahoma","McClain County",3,15,694,329,365
050,40,087,"Oklahoma","McClain County",3,16,694,343,351
050,40,087,"Oklahoma","McClain County",3,17,673,344,329
050,40,087,"Oklahoma","McClain County",3,18,585,309,276
050,40,087,"Oklahoma","McClain County",3,19,444,232,212
050,40,087,"Oklahoma","McClain County",3,20,450,237,213
050,40,087,"Oklahoma","McClain County",3,21,459,237,222
050,40,087,"Oklahoma","McClain County",3,22,462,227,235
050,40,087,"Oklahoma","McClain County",3,23,494,245,249
050,40,087,"Oklahoma","McClain County",3,24,517,277,240
050,40,087,"Oklahoma","McClain County",3,25,482,232,250
050,40,087,"Oklahoma","McClain County",3,26,509,270,239
050,40,087,"Oklahoma","McClain County",3,27,483,237,246
050,40,087,"Oklahoma","McClain County",3,28,453,225,228
050,40,087,"Oklahoma","McClain County",3,29,495,243,252
050,40,087,"Oklahoma","McClain County",3,30,522,261,261
050,40,087,"Oklahoma","McClain County",3,31,498,240,258
050,40,087,"Oklahoma","McClain County",3,32,523,253,270
050,40,087,"Oklahoma","McClain County",3,33,548,280,268
050,40,087,"Oklahoma","McClain County",3,34,559,277,282
050,40,087,"Oklahoma","McClain County",3,35,604,286,318
050,40,087,"Oklahoma","McClain County",3,36,618,311,307
050,40,087,"Oklahoma","McClain County",3,37,642,310,332
050,40,087,"Oklahoma","McClain County",3,38,657,324,333
050,40,087,"Oklahoma","McClain County",3,39,695,371,324
050,40,087,"Oklahoma","McClain County",3,40,642,342,300
050,40,087,"Oklahoma","McClain County",3,41,626,313,313
050,40,087,"Oklahoma","McClain County",3,42,611,312,299
050,40,087,"Oklahoma","McClain County",3,43,577,295,282
050,40,087,"Oklahoma","McClain County",3,44,572,280,292
050,40,087,"Oklahoma","McClain County",3,45,554,282,272
050,40,087,"Oklahoma","McClain County",3,46,609,306,303
050,40,087,"Oklahoma","McClain County",3,47,563,279,284
050,40,087,"Oklahoma","McClain County",3,48,526,271,255
050,40,087,"Oklahoma","McClain County",3,49,541,279,262
050,40,087,"Oklahoma","McClain County",3,50,578,292,286
050,40,087,"Oklahoma","McClain County",3,51,547,282,265
050,40,087,"Oklahoma","McClain County",3,52,537,271,266
050,40,087,"Oklahoma","McClain County",3,53,506,252,254
050,40,087,"Oklahoma","McClain County",3,54,518,269,249
050,40,087,"Oklahoma","McClain County",3,55,504,260,244
050,40,087,"Oklahoma","McClain County",3,56,562,287,275
050,40,087,"Oklahoma","McClain County",3,57,584,290,294
050,40,087,"Oklahoma","McClain County",3,58,628,310,318
050,40,087,"Oklahoma","McClain County",3,59,583,275,308
050,40,087,"Oklahoma","McClain County",3,60,596,290,306
050,40,087,"Oklahoma","McClain County",3,61,579,294,285
050,40,087,"Oklahoma","McClain County",3,62,546,271,275
050,40,087,"Oklahoma","McClain County",3,63,537,254,283
050,40,087,"Oklahoma","McClain County",3,64,487,234,253
050,40,087,"Oklahoma","McClain County",3,65,500,241,259
050,40,087,"Oklahoma","McClain County",3,66,483,237,246
050,40,087,"Oklahoma","McClain County",3,67,463,233,230
050,40,087,"Oklahoma","McClain County",3,68,426,212,214
050,40,087,"Oklahoma","McClain County",3,69,434,221,213
050,40,087,"Oklahoma","McClain County",3,70,405,188,217
050,40,087,"Oklahoma","McClain County",3,71,385,182,203
050,40,087,"Oklahoma","McClain County",3,72,369,166,203
050,40,087,"Oklahoma","McClain County",3,73,353,168,185
050,40,087,"Oklahoma","McClain County",3,74,337,159,178
050,40,087,"Oklahoma","McClain County",3,75,236,106,130
050,40,087,"Oklahoma","McClain County",3,76,262,123,139
050,40,087,"Oklahoma","McClain County",3,77,273,129,144
050,40,087,"Oklahoma","McClain County",3,78,259,130,129
050,40,087,"Oklahoma","McClain County",3,79,208,101,107
050,40,087,"Oklahoma","McClain County",3,80,196,87,109
050,40,087,"Oklahoma","McClain County",3,81,163,80,83
050,40,087,"Oklahoma","McClain County",3,82,154,68,86
050,40,087,"Oklahoma","McClain County",3,83,139,64,75
050,40,087,"Oklahoma","McClain County",3,84,117,51,66
050,40,087,"Oklahoma","McClain County",3,85,543,239,304
050,40,087,"Oklahoma","McClain County",4,0,451,246,205
050,40,087,"Oklahoma","McClain County",4,1,490,250,240
050,40,087,"Oklahoma","McClain County",4,2,527,262,265
050,40,087,"Oklahoma","McClain County",4,3,529,283,246
050,40,087,"Oklahoma","McClain County",4,4,552,273,279
050,40,087,"Oklahoma","McClain County",4,5,585,284,301
050,40,087,"Oklahoma","McClain County",4,6,635,313,322
050,40,087,"Oklahoma","McClain County",4,7,647,341,306
050,40,087,"Oklahoma","McClain County",4,8,651,325,326
050,40,087,"Oklahoma","McClain County",4,9,692,375,317
050,40,087,"Oklahoma","McClain County",4,10,664,362,302
050,40,087,"Oklahoma","McClain County",4,11,696,354,342
050,40,087,"Oklahoma","McClain County",4,12,693,359,334
050,40,087,"Oklahoma","McClain County",4,13,700,365,335
050,40,087,"Oklahoma","McClain County",4,14,753,382,371
050,40,087,"Oklahoma","McClain County",4,15,736,377,359
050,40,087,"Oklahoma","McClain County",4,16,730,361,369
050,40,087,"Oklahoma","McClain County",4,17,703,356,347
050,40,087,"Oklahoma","McClain County",4,18,590,313,277
050,40,087,"Oklahoma","McClain County",4,19,471,247,224
050,40,087,"Oklahoma","McClain County",4,20,471,239,232
050,40,087,"Oklahoma","McClain County",4,21,474,256,218
050,40,087,"Oklahoma","McClain County",4,22,500,265,235
050,40,087,"Oklahoma","McClain County",4,23,511,251,260
050,40,087,"Oklahoma","McClain County",4,24,515,256,259
050,40,087,"Oklahoma","McClain County",4,25,532,274,258
050,40,087,"Oklahoma","McClain County",4,26,504,245,259
050,40,087,"Oklahoma","McClain County",4,27,535,284,251
050,40,087,"Oklahoma","McClain County",4,28,525,257,268
050,40,087,"Oklahoma","McClain County",4,29,482,242,240
050,40,087,"Oklahoma","McClain County",4,30,548,273,275
050,40,087,"Oklahoma","McClain County",4,31,582,297,285
050,40,087,"Oklahoma","McClain County",4,32,551,260,291
050,40,087,"Oklahoma","McClain County",4,33,568,273,295
050,40,087,"Oklahoma","McClain County",4,34,603,307,296
050,40,087,"Oklahoma","McClain County",4,35,597,286,311
050,40,087,"Oklahoma","McClain County",4,36,647,310,337
050,40,087,"Oklahoma","McClain County",4,37,651,328,323
050,40,087,"Oklahoma","McClain County",4,38,668,327,341
050,40,087,"Oklahoma","McClain County",4,39,671,340,331
050,40,087,"Oklahoma","McClain County",4,40,720,382,338
050,40,087,"Oklahoma","McClain County",4,41,652,349,303
050,40,087,"Oklahoma","McClain County",4,42,661,335,326
050,40,087,"Oklahoma","McClain County",4,43,618,318,300
050,40,087,"Oklahoma","McClain County",4,44,588,299,289
050,40,087,"Oklahoma","McClain County",4,45,603,291,312
050,40,087,"Oklahoma","McClain County",4,46,560,288,272
050,40,087,"Oklahoma","McClain County",4,47,638,323,315
050,40,087,"Oklahoma","McClain County",4,48,560,273,287
050,40,087,"Oklahoma","McClain County",4,49,543,277,266
050,40,087,"Oklahoma","McClain County",4,50,583,303,280
050,40,087,"Oklahoma","McClain County",4,51,603,305,298
050,40,087,"Oklahoma","McClain County",4,52,565,296,269
050,40,087,"Oklahoma","McClain County",4,53,558,274,284
050,40,087,"Oklahoma","McClain County",4,54,510,250,260
050,40,087,"Oklahoma","McClain County",4,55,531,268,263
050,40,087,"Oklahoma","McClain County",4,56,517,269,248
050,40,087,"Oklahoma","McClain County",4,57,586,297,289
050,40,087,"Oklahoma","McClain County",4,58,602,302,300
050,40,087,"Oklahoma","McClain County",4,59,644,321,323
050,40,087,"Oklahoma","McClain County",4,60,582,275,307
050,40,087,"Oklahoma","McClain County",4,61,601,302,299
050,40,087,"Oklahoma","McClain County",4,62,590,293,297
050,40,087,"Oklahoma","McClain County",4,63,552,276,276
050,40,087,"Oklahoma","McClain County",4,64,540,257,283
050,40,087,"Oklahoma","McClain County",4,65,492,238,254
050,40,087,"Oklahoma","McClain County",4,66,487,233,254
050,40,087,"Oklahoma","McClain County",4,67,491,234,257
050,40,087,"Oklahoma","McClain County",4,68,466,230,236
050,40,087,"Oklahoma","McClain County",4,69,427,211,216
050,40,087,"Oklahoma","McClain County",4,70,429,220,209
050,40,087,"Oklahoma","McClain County",4,71,410,182,228
050,40,087,"Oklahoma","McClain County",4,72,384,177,207
050,40,087,"Oklahoma","McClain County",4,73,366,166,200
050,40,087,"Oklahoma","McClain County",4,74,358,167,191
050,40,087,"Oklahoma","McClain County",4,75,332,160,172
050,40,087,"Oklahoma","McClain County",4,76,238,101,137
050,40,087,"Oklahoma","McClain County",4,77,255,119,136
050,40,087,"Oklahoma","McClain County",4,78,271,128,143
050,40,087,"Oklahoma","McClain County",4,79,255,125,130
050,40,087,"Oklahoma","McClain County",4,80,196,95,101
050,40,087,"Oklahoma","McClain County",4,81,180,79,101
050,40,087,"Oklahoma","McClain County",4,82,160,77,83
050,40,087,"Oklahoma","McClain County",4,83,139,65,74
050,40,087,"Oklahoma","McClain County",4,84,144,64,80
050,40,087,"Oklahoma","McClain County",4,85,593,265,328
050,40,087,"Oklahoma","McClain County",5,0,451,247,204
050,40,087,"Oklahoma","McClain County",5,1,501,276,225
050,40,087,"Oklahoma","McClain County",5,2,514,261,253
050,40,087,"Oklahoma","McClain County",5,3,571,296,275
050,40,087,"Oklahoma","McClain County",5,4,557,306,251
050,40,087,"Oklahoma","McClain County",5,5,568,285,283
050,40,087,"Oklahoma","McClain County",5,6,634,310,324
050,40,087,"Oklahoma","McClain County",5,7,672,327,345
050,40,087,"Oklahoma","McClain County",5,8,673,348,325
050,40,087,"Oklahoma","McClain County",5,9,691,347,344
050,40,087,"Oklahoma","McClain County",5,10,704,385,319
050,40,087,"Oklahoma","McClain County",5,11,667,350,317
050,40,087,"Oklahoma","McClain County",5,12,714,361,353
050,40,087,"Oklahoma","McClain County",5,13,725,390,335
050,40,087,"Oklahoma","McClain County",5,14,747,380,367
050,40,087,"Oklahoma","McClain County",5,15,753,378,375
050,40,087,"Oklahoma","McClain County",5,16,754,382,372
050,40,087,"Oklahoma","McClain County",5,17,740,370,370
050,40,087,"Oklahoma","McClain County",5,18,600,316,284
050,40,087,"Oklahoma","McClain County",5,19,483,257,226
050,40,087,"Oklahoma","McClain County",5,20,521,268,253
050,40,087,"Oklahoma","McClain County",5,21,495,250,245
050,40,087,"Oklahoma","McClain County",5,22,501,267,234
050,40,087,"Oklahoma","McClain County",5,23,525,279,246
050,40,087,"Oklahoma","McClain County",5,24,532,266,266
050,40,087,"Oklahoma","McClain County",5,25,550,269,281
050,40,087,"Oklahoma","McClain County",5,26,561,295,266
050,40,087,"Oklahoma","McClain County",5,27,513,254,259
050,40,087,"Oklahoma","McClain County",5,28,544,273,271
050,40,087,"Oklahoma","McClain County",5,29,578,290,288
050,40,087,"Oklahoma","McClain County",5,30,532,255,277
050,40,087,"Oklahoma","McClain County",5,31,602,298,304
050,40,087,"Oklahoma","McClain County",5,32,620,311,309
050,40,087,"Oklahoma","McClain County",5,33,611,278,333
050,40,087,"Oklahoma","McClain County",5,34,619,304,315
050,40,087,"Oklahoma","McClain County",5,35,635,322,313
050,40,087,"Oklahoma","McClain County",5,36,612,300,312
050,40,087,"Oklahoma","McClain County",5,37,669,320,349
050,40,087,"Oklahoma","McClain County",5,38,688,341,347
050,40,087,"Oklahoma","McClain County",5,39,719,346,373
050,40,087,"Oklahoma","McClain County",5,40,713,364,349
050,40,087,"Oklahoma","McClain County",5,41,745,406,339
050,40,087,"Oklahoma","McClain County",5,42,672,362,310
050,40,087,"Oklahoma","McClain County",5,43,675,345,330
050,40,087,"Oklahoma","McClain County",5,44,652,330,322
050,40,087,"Oklahoma","McClain County",5,45,608,315,293
050,40,087,"Oklahoma","McClain County",5,46,609,287,322
050,40,087,"Oklahoma","McClain County",5,47,566,293,273
050,40,087,"Oklahoma","McClain County",5,48,650,317,333
050,40,087,"Oklahoma","McClain County",5,49,575,289,286
050,40,087,"Oklahoma","McClain County",5,50,574,286,288
050,40,087,"Oklahoma","McClain County",5,51,594,318,276
050,40,087,"Oklahoma","McClain County",5,52,616,308,308
050,40,087,"Oklahoma","McClain County",5,53,578,302,276
050,40,087,"Oklahoma","McClain County",5,54,588,287,301
050,40,087,"Oklahoma","McClain County",5,55,521,254,267
050,40,087,"Oklahoma","McClain County",5,56,546,269,277
050,40,087,"Oklahoma","McClain County",5,57,528,270,258
050,40,087,"Oklahoma","McClain County",5,58,604,307,297
050,40,087,"Oklahoma","McClain County",5,59,608,308,300
050,40,087,"Oklahoma","McClain County",5,60,655,327,328
050,40,087,"Oklahoma","McClain County",5,61,616,287,329
050,40,087,"Oklahoma","McClain County",5,62,624,306,318
050,40,087,"Oklahoma","McClain County",5,63,594,293,301
050,40,087,"Oklahoma","McClain County",5,64,557,277,280
050,40,087,"Oklahoma","McClain County",5,65,534,254,280
050,40,087,"Oklahoma","McClain County",5,66,504,244,260
050,40,087,"Oklahoma","McClain County",5,67,486,230,256
050,40,087,"Oklahoma","McClain County",5,68,490,240,250
050,40,087,"Oklahoma","McClain County",5,69,471,229,242
050,40,087,"Oklahoma","McClain County",5,70,433,212,221
050,40,087,"Oklahoma","McClain County",5,71,431,219,212
050,40,087,"Oklahoma","McClain County",5,72,406,176,230
050,40,087,"Oklahoma","McClain County",5,73,382,177,205
050,40,087,"Oklahoma","McClain County",5,74,372,167,205
050,40,087,"Oklahoma","McClain County",5,75,344,159,185
050,40,087,"Oklahoma","McClain County",5,76,321,156,165
050,40,087,"Oklahoma","McClain County",5,77,231,100,131
050,40,087,"Oklahoma","McClain County",5,78,246,115,131
050,40,087,"Oklahoma","McClain County",5,79,263,125,138
050,40,087,"Oklahoma","McClain County",5,80,242,117,125
050,40,087,"Oklahoma","McClain County",5,81,192,91,101
050,40,087,"Oklahoma","McClain County",5,82,175,72,103
050,40,087,"Oklahoma","McClain County",5,83,145,74,71
050,40,087,"Oklahoma","McClain County",5,84,138,63,75
050,40,087,"Oklahoma","McClain County",5,85,652,296,356
050,40,089,"Oklahoma","McCurtain County",1,0,399,206,193
050,40,089,"Oklahoma","McCurtain County",1,1,407,206,201
050,40,089,"Oklahoma","McCurtain County",1,2,431,201,230
050,40,089,"Oklahoma","McCurtain County",1,3,435,239,196
050,40,089,"Oklahoma","McCurtain County",1,4,430,225,205
050,40,089,"Oklahoma","McCurtain County",1,5,437,228,209
050,40,089,"Oklahoma","McCurtain County",1,6,459,254,205
050,40,089,"Oklahoma","McCurtain County",1,7,455,224,231
050,40,089,"Oklahoma","McCurtain County",1,8,448,215,233
050,40,089,"Oklahoma","McCurtain County",1,9,484,254,230
050,40,089,"Oklahoma","McCurtain County",1,10,479,239,240
050,40,089,"Oklahoma","McCurtain County",1,11,454,234,220
050,40,089,"Oklahoma","McCurtain County",1,12,471,257,214
050,40,089,"Oklahoma","McCurtain County",1,13,463,232,231
050,40,089,"Oklahoma","McCurtain County",1,14,430,218,212
050,40,089,"Oklahoma","McCurtain County",1,15,435,232,203
050,40,089,"Oklahoma","McCurtain County",1,16,431,225,206
050,40,089,"Oklahoma","McCurtain County",1,17,423,220,203
050,40,089,"Oklahoma","McCurtain County",1,18,373,200,173
050,40,089,"Oklahoma","McCurtain County",1,19,327,174,153
050,40,089,"Oklahoma","McCurtain County",1,20,354,175,179
050,40,089,"Oklahoma","McCurtain County",1,21,338,168,170
050,40,089,"Oklahoma","McCurtain County",1,22,379,193,186
050,40,089,"Oklahoma","McCurtain County",1,23,371,181,190
050,40,089,"Oklahoma","McCurtain County",1,24,358,191,167
050,40,089,"Oklahoma","McCurtain County",1,25,366,187,179
050,40,089,"Oklahoma","McCurtain County",1,26,375,195,180
050,40,089,"Oklahoma","McCurtain County",1,27,375,193,182
050,40,089,"Oklahoma","McCurtain County",1,28,381,191,190
050,40,089,"Oklahoma","McCurtain County",1,29,398,186,212
050,40,089,"Oklahoma","McCurtain County",1,30,419,205,214
050,40,089,"Oklahoma","McCurtain County",1,31,380,180,200
050,40,089,"Oklahoma","McCurtain County",1,32,332,168,164
050,40,089,"Oklahoma","McCurtain County",1,33,315,154,161
050,40,089,"Oklahoma","McCurtain County",1,34,364,184,180
050,40,089,"Oklahoma","McCurtain County",1,35,337,170,167
050,40,089,"Oklahoma","McCurtain County",1,36,339,157,182
050,40,089,"Oklahoma","McCurtain County",1,37,401,199,202
050,40,089,"Oklahoma","McCurtain County",1,38,375,182,193
050,40,089,"Oklahoma","McCurtain County",1,39,357,189,168
050,40,089,"Oklahoma","McCurtain County",1,40,340,162,178
050,40,089,"Oklahoma","McCurtain County",1,41,330,157,173
050,40,089,"Oklahoma","McCurtain County",1,42,321,145,176
050,40,089,"Oklahoma","McCurtain County",1,43,336,148,188
050,40,089,"Oklahoma","McCurtain County",1,44,366,186,180
050,40,089,"Oklahoma","McCurtain County",1,45,339,171,168
050,40,089,"Oklahoma","McCurtain County",1,46,339,169,170
050,40,089,"Oklahoma","McCurtain County",1,47,368,176,192
050,40,089,"Oklahoma","McCurtain County",1,48,371,182,189
050,40,089,"Oklahoma","McCurtain County",1,49,376,190,186
050,40,089,"Oklahoma","McCurtain County",1,50,364,177,187
050,40,089,"Oklahoma","McCurtain County",1,51,360,178,182
050,40,089,"Oklahoma","McCurtain County",1,52,344,177,167
050,40,089,"Oklahoma","McCurtain County",1,53,397,205,192
050,40,089,"Oklahoma","McCurtain County",1,54,386,190,196
050,40,089,"Oklahoma","McCurtain County",1,55,403,192,211
050,40,089,"Oklahoma","McCurtain County",1,56,421,203,218
050,40,089,"Oklahoma","McCurtain County",1,57,422,223,199
050,40,089,"Oklahoma","McCurtain County",1,58,379,182,197
050,40,089,"Oklahoma","McCurtain County",1,59,379,185,194
050,40,089,"Oklahoma","McCurtain County",1,60,402,204,198
050,40,089,"Oklahoma","McCurtain County",1,61,390,190,200
050,40,089,"Oklahoma","McCurtain County",1,62,391,181,210
050,40,089,"Oklahoma","McCurtain County",1,63,376,166,210
050,40,089,"Oklahoma","McCurtain County",1,64,385,178,207
050,40,089,"Oklahoma","McCurtain County",1,65,388,193,195
050,40,089,"Oklahoma","McCurtain County",1,66,383,176,207
050,40,089,"Oklahoma","McCurtain County",1,67,359,158,201
050,40,089,"Oklahoma","McCurtain County",1,68,333,156,177
050,40,089,"Oklahoma","McCurtain County",1,69,315,155,160
050,40,089,"Oklahoma","McCurtain County",1,70,305,144,161
050,40,089,"Oklahoma","McCurtain County",1,71,301,151,150
050,40,089,"Oklahoma","McCurtain County",1,72,305,138,167
050,40,089,"Oklahoma","McCurtain County",1,73,311,140,171
050,40,089,"Oklahoma","McCurtain County",1,74,233,103,130
050,40,089,"Oklahoma","McCurtain County",1,75,222,108,114
050,40,089,"Oklahoma","McCurtain County",1,76,259,122,137
050,40,089,"Oklahoma","McCurtain County",1,77,252,112,140
050,40,089,"Oklahoma","McCurtain County",1,78,200,92,108
050,40,089,"Oklahoma","McCurtain County",1,79,179,97,82
050,40,089,"Oklahoma","McCurtain County",1,80,157,92,65
050,40,089,"Oklahoma","McCurtain County",1,81,141,71,70
050,40,089,"Oklahoma","McCurtain County",1,82,127,58,69
050,40,089,"Oklahoma","McCurtain County",1,83,111,45,66
050,40,089,"Oklahoma","McCurtain County",1,84,103,43,60
050,40,089,"Oklahoma","McCurtain County",1,85,567,218,349
050,40,089,"Oklahoma","McCurtain County",2,0,421,223,198
050,40,089,"Oklahoma","McCurtain County",2,1,408,207,201
050,40,089,"Oklahoma","McCurtain County",2,2,431,206,225
050,40,089,"Oklahoma","McCurtain County",2,3,435,230,205
050,40,089,"Oklahoma","McCurtain County",2,4,435,232,203
050,40,089,"Oklahoma","McCurtain County",2,5,431,227,204
050,40,089,"Oklahoma","McCurtain County",2,6,455,249,206
050,40,089,"Oklahoma","McCurtain County",2,7,458,232,226
050,40,089,"Oklahoma","McCurtain County",2,8,448,217,231
050,40,089,"Oklahoma","McCurtain County",2,9,471,242,229
050,40,089,"Oklahoma","McCurtain County",2,10,479,242,237
050,40,089,"Oklahoma","McCurtain County",2,11,460,236,224
050,40,089,"Oklahoma","McCurtain County",2,12,470,253,217
050,40,089,"Oklahoma","McCurtain County",2,13,465,238,227
050,40,089,"Oklahoma","McCurtain County",2,14,437,223,214
050,40,089,"Oklahoma","McCurtain County",2,15,432,228,204
050,40,089,"Oklahoma","McCurtain County",2,16,431,227,204
050,40,089,"Oklahoma","McCurtain County",2,17,425,222,203
050,40,089,"Oklahoma","McCurtain County",2,18,372,200,172
050,40,089,"Oklahoma","McCurtain County",2,19,328,174,154
050,40,089,"Oklahoma","McCurtain County",2,20,352,177,175
050,40,089,"Oklahoma","McCurtain County",2,21,344,169,175
050,40,089,"Oklahoma","McCurtain County",2,22,376,189,187
050,40,089,"Oklahoma","McCurtain County",2,23,374,184,190
050,40,089,"Oklahoma","McCurtain County",2,24,359,188,171
050,40,089,"Oklahoma","McCurtain County",2,25,367,187,180
050,40,089,"Oklahoma","McCurtain County",2,26,371,191,180
050,40,089,"Oklahoma","McCurtain County",2,27,376,195,181
050,40,089,"Oklahoma","McCurtain County",2,28,380,189,191
050,40,089,"Oklahoma","McCurtain County",2,29,394,186,208
050,40,089,"Oklahoma","McCurtain County",2,30,414,200,214
050,40,089,"Oklahoma","McCurtain County",2,31,393,188,205
050,40,089,"Oklahoma","McCurtain County",2,32,340,170,170
050,40,089,"Oklahoma","McCurtain County",2,33,317,156,161
050,40,089,"Oklahoma","McCurtain County",2,34,351,177,174
050,40,089,"Oklahoma","McCurtain County",2,35,347,174,173
050,40,089,"Oklahoma","McCurtain County",2,36,337,161,176
050,40,089,"Oklahoma","McCurtain County",2,37,390,189,201
050,40,089,"Oklahoma","McCurtain County",2,38,385,187,198
050,40,089,"Oklahoma","McCurtain County",2,39,363,188,175
050,40,089,"Oklahoma","McCurtain County",2,40,346,170,176
050,40,089,"Oklahoma","McCurtain County",2,41,332,157,175
050,40,089,"Oklahoma","McCurtain County",2,42,321,146,175
050,40,089,"Oklahoma","McCurtain County",2,43,337,150,187
050,40,089,"Oklahoma","McCurtain County",2,44,354,175,179
050,40,089,"Oklahoma","McCurtain County",2,45,348,176,172
050,40,089,"Oklahoma","McCurtain County",2,46,337,168,169
050,40,089,"Oklahoma","McCurtain County",2,47,359,174,185
050,40,089,"Oklahoma","McCurtain County",2,48,367,179,188
050,40,089,"Oklahoma","McCurtain County",2,49,377,190,187
050,40,089,"Oklahoma","McCurtain County",2,50,365,180,185
050,40,089,"Oklahoma","McCurtain County",2,51,357,177,180
050,40,089,"Oklahoma","McCurtain County",2,52,348,178,170
050,40,089,"Oklahoma","McCurtain County",2,53,383,197,186
050,40,089,"Oklahoma","McCurtain County",2,54,387,193,194
050,40,089,"Oklahoma","McCurtain County",2,55,399,192,207
050,40,089,"Oklahoma","McCurtain County",2,56,417,200,217
050,40,089,"Oklahoma","McCurtain County",2,57,422,217,205
050,40,089,"Oklahoma","McCurtain County",2,58,390,191,199
050,40,089,"Oklahoma","McCurtain County",2,59,379,184,195
050,40,089,"Oklahoma","McCurtain County",2,60,395,198,197
050,40,089,"Oklahoma","McCurtain County",2,61,390,192,198
050,40,089,"Oklahoma","McCurtain County",2,62,391,186,205
050,40,089,"Oklahoma","McCurtain County",2,63,383,173,210
050,40,089,"Oklahoma","McCurtain County",2,64,378,173,205
050,40,089,"Oklahoma","McCurtain County",2,65,386,188,198
050,40,089,"Oklahoma","McCurtain County",2,66,379,178,201
050,40,089,"Oklahoma","McCurtain County",2,67,362,162,200
050,40,089,"Oklahoma","McCurtain County",2,68,335,156,179
050,40,089,"Oklahoma","McCurtain County",2,69,320,156,164
050,40,089,"Oklahoma","McCurtain County",2,70,307,148,159
050,40,089,"Oklahoma","McCurtain County",2,71,302,150,152
050,40,089,"Oklahoma","McCurtain County",2,72,295,139,156
050,40,089,"Oklahoma","McCurtain County",2,73,319,145,174
050,40,089,"Oklahoma","McCurtain County",2,74,237,104,133
050,40,089,"Oklahoma","McCurtain County",2,75,224,104,120
050,40,089,"Oklahoma","McCurtain County",2,76,248,119,129
050,40,089,"Oklahoma","McCurtain County",2,77,252,113,139
050,40,089,"Oklahoma","McCurtain County",2,78,207,94,113
050,40,089,"Oklahoma","McCurtain County",2,79,183,94,89
050,40,089,"Oklahoma","McCurtain County",2,80,159,91,68
050,40,089,"Oklahoma","McCurtain County",2,81,143,75,68
050,40,089,"Oklahoma","McCurtain County",2,82,127,58,69
050,40,089,"Oklahoma","McCurtain County",2,83,113,48,65
050,40,089,"Oklahoma","McCurtain County",2,84,101,43,58
050,40,089,"Oklahoma","McCurtain County",2,85,569,218,351
050,40,089,"Oklahoma","McCurtain County",3,0,427,237,190
050,40,089,"Oklahoma","McCurtain County",3,1,407,222,185
050,40,089,"Oklahoma","McCurtain County",3,2,428,217,211
050,40,089,"Oklahoma","McCurtain County",3,3,426,208,218
050,40,089,"Oklahoma","McCurtain County",3,4,424,218,206
050,40,089,"Oklahoma","McCurtain County",3,5,441,235,206
050,40,089,"Oklahoma","McCurtain County",3,6,434,225,209
050,40,089,"Oklahoma","McCurtain County",3,7,447,242,205
050,40,089,"Oklahoma","McCurtain County",3,8,475,236,239
050,40,089,"Oklahoma","McCurtain County",3,9,455,219,236
050,40,089,"Oklahoma","McCurtain County",3,10,477,236,241
050,40,089,"Oklahoma","McCurtain County",3,11,489,252,237
050,40,089,"Oklahoma","McCurtain County",3,12,459,241,218
050,40,089,"Oklahoma","McCurtain County",3,13,471,255,216
050,40,089,"Oklahoma","McCurtain County",3,14,470,241,229
050,40,089,"Oklahoma","McCurtain County",3,15,445,225,220
050,40,089,"Oklahoma","McCurtain County",3,16,440,232,208
050,40,089,"Oklahoma","McCurtain County",3,17,438,232,206
050,40,089,"Oklahoma","McCurtain County",3,18,373,201,172
050,40,089,"Oklahoma","McCurtain County",3,19,307,165,142
050,40,089,"Oklahoma","McCurtain County",3,20,328,173,155
050,40,089,"Oklahoma","McCurtain County",3,21,372,184,188
050,40,089,"Oklahoma","McCurtain County",3,22,363,174,189
050,40,089,"Oklahoma","McCurtain County",3,23,389,193,196
050,40,089,"Oklahoma","McCurtain County",3,24,360,176,184
050,40,089,"Oklahoma","McCurtain County",3,25,372,196,176
050,40,089,"Oklahoma","McCurtain County",3,26,370,193,177
050,40,089,"Oklahoma","McCurtain County",3,27,369,181,188
050,40,089,"Oklahoma","McCurtain County",3,28,381,192,189
050,40,089,"Oklahoma","McCurtain County",3,29,389,195,194
050,40,089,"Oklahoma","McCurtain County",3,30,410,193,217
050,40,089,"Oklahoma","McCurtain County",3,31,431,203,228
050,40,089,"Oklahoma","McCurtain County",3,32,380,186,194
050,40,089,"Oklahoma","McCurtain County",3,33,342,168,174
050,40,089,"Oklahoma","McCurtain County",3,34,325,164,161
050,40,089,"Oklahoma","McCurtain County",3,35,356,175,181
050,40,089,"Oklahoma","McCurtain County",3,36,359,179,180
050,40,089,"Oklahoma","McCurtain County",3,37,339,162,177
050,40,089,"Oklahoma","McCurtain County",3,38,378,185,193
050,40,089,"Oklahoma","McCurtain County",3,39,372,182,190
050,40,089,"Oklahoma","McCurtain County",3,40,366,193,173
050,40,089,"Oklahoma","McCurtain County",3,41,349,169,180
050,40,089,"Oklahoma","McCurtain County",3,42,329,157,172
050,40,089,"Oklahoma","McCurtain County",3,43,333,154,179
050,40,089,"Oklahoma","McCurtain County",3,44,351,159,192
050,40,089,"Oklahoma","McCurtain County",3,45,349,173,176
050,40,089,"Oklahoma","McCurtain County",3,46,337,171,166
050,40,089,"Oklahoma","McCurtain County",3,47,350,170,180
050,40,089,"Oklahoma","McCurtain County",3,48,353,169,184
050,40,089,"Oklahoma","McCurtain County",3,49,366,178,188
050,40,089,"Oklahoma","McCurtain County",3,50,383,190,193
050,40,089,"Oklahoma","McCurtain County",3,51,358,177,181
050,40,089,"Oklahoma","McCurtain County",3,52,360,178,182
050,40,089,"Oklahoma","McCurtain County",3,53,356,181,175
050,40,089,"Oklahoma","McCurtain County",3,54,395,203,192
050,40,089,"Oklahoma","McCurtain County",3,55,379,187,192
050,40,089,"Oklahoma","McCurtain County",3,56,394,187,207
050,40,089,"Oklahoma","McCurtain County",3,57,416,200,216
050,40,089,"Oklahoma","McCurtain County",3,58,422,211,211
050,40,089,"Oklahoma","McCurtain County",3,59,381,188,193
050,40,089,"Oklahoma","McCurtain County",3,60,372,179,193
050,40,089,"Oklahoma","McCurtain County",3,61,394,195,199
050,40,089,"Oklahoma","McCurtain County",3,62,385,191,194
050,40,089,"Oklahoma","McCurtain County",3,63,378,177,201
050,40,089,"Oklahoma","McCurtain County",3,64,371,170,201
050,40,089,"Oklahoma","McCurtain County",3,65,373,169,204
050,40,089,"Oklahoma","McCurtain County",3,66,366,177,189
050,40,089,"Oklahoma","McCurtain County",3,67,369,171,198
050,40,089,"Oklahoma","McCurtain County",3,68,350,155,195
050,40,089,"Oklahoma","McCurtain County",3,69,316,140,176
050,40,089,"Oklahoma","McCurtain County",3,70,302,148,154
050,40,089,"Oklahoma","McCurtain County",3,71,291,142,149
050,40,089,"Oklahoma","McCurtain County",3,72,285,142,143
050,40,089,"Oklahoma","McCurtain County",3,73,271,122,149
050,40,089,"Oklahoma","McCurtain County",3,74,302,139,163
050,40,089,"Oklahoma","McCurtain County",3,75,219,95,124
050,40,089,"Oklahoma","McCurtain County",3,76,210,98,112
050,40,089,"Oklahoma","McCurtain County",3,77,223,103,120
050,40,089,"Oklahoma","McCurtain County",3,78,229,104,125
050,40,089,"Oklahoma","McCurtain County",3,79,190,82,108
050,40,089,"Oklahoma","McCurtain County",3,80,163,85,78
050,40,089,"Oklahoma","McCurtain County",3,81,149,81,68
050,40,089,"Oklahoma","McCurtain County",3,82,120,64,56
050,40,089,"Oklahoma","McCurtain County",3,83,114,54,60
050,40,089,"Oklahoma","McCurtain County",3,84,96,39,57
050,40,089,"Oklahoma","McCurtain County",3,85,541,214,327
050,40,089,"Oklahoma","McCurtain County",4,0,392,205,187
050,40,089,"Oklahoma","McCurtain County",4,1,430,242,188
050,40,089,"Oklahoma","McCurtain County",4,2,411,219,192
050,40,089,"Oklahoma","McCurtain County",4,3,428,223,205
050,40,089,"Oklahoma","McCurtain County",4,4,451,222,229
050,40,089,"Oklahoma","McCurtain County",4,5,427,219,208
050,40,089,"Oklahoma","McCurtain County",4,6,451,242,209
050,40,089,"Oklahoma","McCurtain County",4,7,448,231,217
050,40,089,"Oklahoma","McCurtain County",4,8,460,249,211
050,40,089,"Oklahoma","McCurtain County",4,9,488,238,250
050,40,089,"Oklahoma","McCurtain County",4,10,463,227,236
050,40,089,"Oklahoma","McCurtain County",4,11,486,241,245
050,40,089,"Oklahoma","McCurtain County",4,12,490,253,237
050,40,089,"Oklahoma","McCurtain County",4,13,466,242,224
050,40,089,"Oklahoma","McCurtain County",4,14,479,255,224
050,40,089,"Oklahoma","McCurtain County",4,15,466,238,228
050,40,089,"Oklahoma","McCurtain County",4,16,451,230,221
050,40,089,"Oklahoma","McCurtain County",4,17,439,232,207
050,40,089,"Oklahoma","McCurtain County",4,18,393,212,181
050,40,089,"Oklahoma","McCurtain County",4,19,319,169,150
050,40,089,"Oklahoma","McCurtain County",4,20,325,170,155
050,40,089,"Oklahoma","McCurtain County",4,21,342,179,163
050,40,089,"Oklahoma","McCurtain County",4,22,372,180,192
050,40,089,"Oklahoma","McCurtain County",4,23,369,171,198
050,40,089,"Oklahoma","McCurtain County",4,24,385,192,193
050,40,089,"Oklahoma","McCurtain County",4,25,370,181,189
050,40,089,"Oklahoma","McCurtain County",4,26,349,177,172
050,40,089,"Oklahoma","McCurtain County",4,27,374,188,186
050,40,089,"Oklahoma","McCurtain County",4,28,363,178,185
050,40,089,"Oklahoma","McCurtain County",4,29,370,178,192
050,40,089,"Oklahoma","McCurtain County",4,30,395,197,198
050,40,089,"Oklahoma","McCurtain County",4,31,433,210,223
050,40,089,"Oklahoma","McCurtain County",4,32,417,200,217
050,40,089,"Oklahoma","McCurtain County",4,33,386,185,201
050,40,089,"Oklahoma","McCurtain County",4,34,345,165,180
050,40,089,"Oklahoma","McCurtain County",4,35,334,165,169
050,40,089,"Oklahoma","McCurtain County",4,36,368,181,187
050,40,089,"Oklahoma","McCurtain County",4,37,362,176,186
050,40,089,"Oklahoma","McCurtain County",4,38,334,161,173
050,40,089,"Oklahoma","McCurtain County",4,39,379,189,190
050,40,089,"Oklahoma","McCurtain County",4,40,367,182,185
050,40,089,"Oklahoma","McCurtain County",4,41,359,189,170
050,40,089,"Oklahoma","McCurtain County",4,42,354,181,173
050,40,089,"Oklahoma","McCurtain County",4,43,332,162,170
050,40,089,"Oklahoma","McCurtain County",4,44,345,156,189
050,40,089,"Oklahoma","McCurtain County",4,45,355,164,191
050,40,089,"Oklahoma","McCurtain County",4,46,345,171,174
050,40,089,"Oklahoma","McCurtain County",4,47,352,184,168
050,40,089,"Oklahoma","McCurtain County",4,48,344,168,176
050,40,089,"Oklahoma","McCurtain County",4,49,359,171,188
050,40,089,"Oklahoma","McCurtain County",4,50,372,185,187
050,40,089,"Oklahoma","McCurtain County",4,51,376,182,194
050,40,089,"Oklahoma","McCurtain County",4,52,345,170,175
050,40,089,"Oklahoma","McCurtain County",4,53,348,170,178
050,40,089,"Oklahoma","McCurtain County",4,54,361,185,176
050,40,089,"Oklahoma","McCurtain County",4,55,385,197,188
050,40,089,"Oklahoma","McCurtain County",4,56,358,180,178
050,40,089,"Oklahoma","McCurtain County",4,57,388,185,203
050,40,089,"Oklahoma","McCurtain County",4,58,408,192,216
050,40,089,"Oklahoma","McCurtain County",4,59,418,210,208
050,40,089,"Oklahoma","McCurtain County",4,60,384,186,198
050,40,089,"Oklahoma","McCurtain County",4,61,365,173,192
050,40,089,"Oklahoma","McCurtain County",4,62,394,200,194
050,40,089,"Oklahoma","McCurtain County",4,63,375,186,189
050,40,089,"Oklahoma","McCurtain County",4,64,367,174,193
050,40,089,"Oklahoma","McCurtain County",4,65,358,164,194
050,40,089,"Oklahoma","McCurtain County",4,66,362,164,198
050,40,089,"Oklahoma","McCurtain County",4,67,353,166,187
050,40,089,"Oklahoma","McCurtain County",4,68,354,167,187
050,40,089,"Oklahoma","McCurtain County",4,69,340,150,190
050,40,089,"Oklahoma","McCurtain County",4,70,299,133,166
050,40,089,"Oklahoma","McCurtain County",4,71,290,141,149
050,40,089,"Oklahoma","McCurtain County",4,72,272,137,135
050,40,089,"Oklahoma","McCurtain County",4,73,266,130,136
050,40,089,"Oklahoma","McCurtain County",4,74,255,114,141
050,40,089,"Oklahoma","McCurtain County",4,75,281,126,155
050,40,089,"Oklahoma","McCurtain County",4,76,208,88,120
050,40,089,"Oklahoma","McCurtain County",4,77,192,83,109
050,40,089,"Oklahoma","McCurtain County",4,78,207,96,111
050,40,089,"Oklahoma","McCurtain County",4,79,207,90,117
050,40,089,"Oklahoma","McCurtain County",4,80,168,73,95
050,40,089,"Oklahoma","McCurtain County",4,81,151,76,75
050,40,089,"Oklahoma","McCurtain County",4,82,128,73,55
050,40,089,"Oklahoma","McCurtain County",4,83,114,62,52
050,40,089,"Oklahoma","McCurtain County",4,84,94,45,49
050,40,089,"Oklahoma","McCurtain County",4,85,508,204,304
050,40,089,"Oklahoma","McCurtain County",5,0,353,180,173
050,40,089,"Oklahoma","McCurtain County",5,1,404,216,188
050,40,089,"Oklahoma","McCurtain County",5,2,430,242,188
050,40,089,"Oklahoma","McCurtain County",5,3,423,220,203
050,40,089,"Oklahoma","McCurtain County",5,4,422,227,195
050,40,089,"Oklahoma","McCurtain County",5,5,465,234,231
050,40,089,"Oklahoma","McCurtain County",5,6,437,221,216
050,40,089,"Oklahoma","McCurtain County",5,7,455,244,211
050,40,089,"Oklahoma","McCurtain County",5,8,443,233,210
050,40,089,"Oklahoma","McCurtain County",5,9,460,249,211
050,40,089,"Oklahoma","McCurtain County",5,10,481,230,251
050,40,089,"Oklahoma","McCurtain County",5,11,477,237,240
050,40,089,"Oklahoma","McCurtain County",5,12,478,234,244
050,40,089,"Oklahoma","McCurtain County",5,13,492,257,235
050,40,089,"Oklahoma","McCurtain County",5,14,466,240,226
050,40,089,"Oklahoma","McCurtain County",5,15,486,262,224
050,40,089,"Oklahoma","McCurtain County",5,16,463,240,223
050,40,089,"Oklahoma","McCurtain County",5,17,459,231,228
050,40,089,"Oklahoma","McCurtain County",5,18,377,200,177
050,40,089,"Oklahoma","McCurtain County",5,19,326,174,152
050,40,089,"Oklahoma","McCurtain County",5,20,334,170,164
050,40,089,"Oklahoma","McCurtain County",5,21,341,180,161
050,40,089,"Oklahoma","McCurtain County",5,22,363,185,178
050,40,089,"Oklahoma","McCurtain County",5,23,378,173,205
050,40,089,"Oklahoma","McCurtain County",5,24,375,171,204
050,40,089,"Oklahoma","McCurtain County",5,25,400,192,208
050,40,089,"Oklahoma","McCurtain County",5,26,347,169,178
050,40,089,"Oklahoma","McCurtain County",5,27,366,184,182
050,40,089,"Oklahoma","McCurtain County",5,28,379,193,186
050,40,089,"Oklahoma","McCurtain County",5,29,360,174,186
050,40,089,"Oklahoma","McCurtain County",5,30,383,183,200
050,40,089,"Oklahoma","McCurtain County",5,31,433,218,215
050,40,089,"Oklahoma","McCurtain County",5,32,431,218,213
050,40,089,"Oklahoma","McCurtain County",5,33,424,204,220
050,40,089,"Oklahoma","McCurtain County",5,34,393,189,204
050,40,089,"Oklahoma","McCurtain County",5,35,343,161,182
050,40,089,"Oklahoma","McCurtain County",5,36,335,169,166
050,40,089,"Oklahoma","McCurtain County",5,37,370,183,187
050,40,089,"Oklahoma","McCurtain County",5,38,367,179,188
050,40,089,"Oklahoma","McCurtain County",5,39,351,163,188
050,40,089,"Oklahoma","McCurtain County",5,40,372,186,186
050,40,089,"Oklahoma","McCurtain County",5,41,375,182,193
050,40,089,"Oklahoma","McCurtain County",5,42,366,194,172
050,40,089,"Oklahoma","McCurtain County",5,43,350,175,175
050,40,089,"Oklahoma","McCurtain County",5,44,340,166,174
050,40,089,"Oklahoma","McCurtain County",5,45,336,152,184
050,40,089,"Oklahoma","McCurtain County",5,46,347,162,185
050,40,089,"Oklahoma","McCurtain County",5,47,349,176,173
050,40,089,"Oklahoma","McCurtain County",5,48,337,176,161
050,40,089,"Oklahoma","McCurtain County",5,49,342,167,175
050,40,089,"Oklahoma","McCurtain County",5,50,352,169,183
050,40,089,"Oklahoma","McCurtain County",5,51,358,180,178
050,40,089,"Oklahoma","McCurtain County",5,52,366,183,183
050,40,089,"Oklahoma","McCurtain County",5,53,330,164,166
050,40,089,"Oklahoma","McCurtain County",5,54,340,164,176
050,40,089,"Oklahoma","McCurtain County",5,55,348,176,172
050,40,089,"Oklahoma","McCurtain County",5,56,376,190,186
050,40,089,"Oklahoma","McCurtain County",5,57,353,175,178
050,40,089,"Oklahoma","McCurtain County",5,58,378,171,207
050,40,089,"Oklahoma","McCurtain County",5,59,401,192,209
050,40,089,"Oklahoma","McCurtain County",5,60,406,207,199
050,40,089,"Oklahoma","McCurtain County",5,61,379,180,199
050,40,089,"Oklahoma","McCurtain County",5,62,357,168,189
050,40,089,"Oklahoma","McCurtain County",5,63,396,202,194
050,40,089,"Oklahoma","McCurtain County",5,64,372,190,182
050,40,089,"Oklahoma","McCurtain County",5,65,350,161,189
050,40,089,"Oklahoma","McCurtain County",5,66,356,166,190
050,40,089,"Oklahoma","McCurtain County",5,67,349,155,194
050,40,089,"Oklahoma","McCurtain County",5,68,337,160,177
050,40,089,"Oklahoma","McCurtain County",5,69,346,161,185
050,40,089,"Oklahoma","McCurtain County",5,70,321,139,182
050,40,089,"Oklahoma","McCurtain County",5,71,279,123,156
050,40,089,"Oklahoma","McCurtain County",5,72,268,132,136
050,40,089,"Oklahoma","McCurtain County",5,73,264,132,132
050,40,089,"Oklahoma","McCurtain County",5,74,253,119,134
050,40,089,"Oklahoma","McCurtain County",5,75,232,102,130
050,40,089,"Oklahoma","McCurtain County",5,76,269,120,149
050,40,089,"Oklahoma","McCurtain County",5,77,193,78,115
050,40,089,"Oklahoma","McCurtain County",5,78,176,76,100
050,40,089,"Oklahoma","McCurtain County",5,79,189,85,104
050,40,089,"Oklahoma","McCurtain County",5,80,188,79,109
050,40,089,"Oklahoma","McCurtain County",5,81,150,61,89
050,40,089,"Oklahoma","McCurtain County",5,82,131,68,63
050,40,089,"Oklahoma","McCurtain County",5,83,122,71,51
050,40,089,"Oklahoma","McCurtain County",5,84,97,55,42
050,40,089,"Oklahoma","McCurtain County",5,85,494,210,284
050,40,091,"Oklahoma","McIntosh County",1,0,167,86,81
050,40,091,"Oklahoma","McIntosh County",1,1,170,84,86
050,40,091,"Oklahoma","McIntosh County",1,2,179,102,77
050,40,091,"Oklahoma","McIntosh County",1,3,202,108,94
050,40,091,"Oklahoma","McIntosh County",1,4,203,101,102
050,40,091,"Oklahoma","McIntosh County",1,5,223,118,105
050,40,091,"Oklahoma","McIntosh County",1,6,214,106,108
050,40,091,"Oklahoma","McIntosh County",1,7,204,99,105
050,40,091,"Oklahoma","McIntosh County",1,8,195,101,94
050,40,091,"Oklahoma","McIntosh County",1,9,202,103,99
050,40,091,"Oklahoma","McIntosh County",1,10,214,107,107
050,40,091,"Oklahoma","McIntosh County",1,11,228,124,104
050,40,091,"Oklahoma","McIntosh County",1,12,217,116,101
050,40,091,"Oklahoma","McIntosh County",1,13,232,117,115
050,40,091,"Oklahoma","McIntosh County",1,14,221,117,104
050,40,091,"Oklahoma","McIntosh County",1,15,210,106,104
050,40,091,"Oklahoma","McIntosh County",1,16,225,122,103
050,40,091,"Oklahoma","McIntosh County",1,17,252,134,118
050,40,091,"Oklahoma","McIntosh County",1,18,221,125,96
050,40,091,"Oklahoma","McIntosh County",1,19,153,83,70
050,40,091,"Oklahoma","McIntosh County",1,20,161,88,73
050,40,091,"Oklahoma","McIntosh County",1,21,187,98,89
050,40,091,"Oklahoma","McIntosh County",1,22,179,99,80
050,40,091,"Oklahoma","McIntosh County",1,23,180,94,86
050,40,091,"Oklahoma","McIntosh County",1,24,214,113,101
050,40,091,"Oklahoma","McIntosh County",1,25,185,97,88
050,40,091,"Oklahoma","McIntosh County",1,26,182,82,100
050,40,091,"Oklahoma","McIntosh County",1,27,183,93,90
050,40,091,"Oklahoma","McIntosh County",1,28,182,87,95
050,40,091,"Oklahoma","McIntosh County",1,29,198,95,103
050,40,091,"Oklahoma","McIntosh County",1,30,199,98,101
050,40,091,"Oklahoma","McIntosh County",1,31,192,96,96
050,40,091,"Oklahoma","McIntosh County",1,32,165,77,88
050,40,091,"Oklahoma","McIntosh County",1,33,174,79,95
050,40,091,"Oklahoma","McIntosh County",1,34,184,88,96
050,40,091,"Oklahoma","McIntosh County",1,35,211,120,91
050,40,091,"Oklahoma","McIntosh County",1,36,220,116,104
050,40,091,"Oklahoma","McIntosh County",1,37,214,118,96
050,40,091,"Oklahoma","McIntosh County",1,38,217,122,95
050,40,091,"Oklahoma","McIntosh County",1,39,198,100,98
050,40,091,"Oklahoma","McIntosh County",1,40,182,82,100
050,40,091,"Oklahoma","McIntosh County",1,41,196,93,103
050,40,091,"Oklahoma","McIntosh County",1,42,196,95,101
050,40,091,"Oklahoma","McIntosh County",1,43,193,90,103
050,40,091,"Oklahoma","McIntosh County",1,44,187,85,102
050,40,091,"Oklahoma","McIntosh County",1,45,195,100,95
050,40,091,"Oklahoma","McIntosh County",1,46,195,97,98
050,40,091,"Oklahoma","McIntosh County",1,47,190,94,96
050,40,091,"Oklahoma","McIntosh County",1,48,237,110,127
050,40,091,"Oklahoma","McIntosh County",1,49,260,128,132
050,40,091,"Oklahoma","McIntosh County",1,50,230,112,118
050,40,091,"Oklahoma","McIntosh County",1,51,238,118,120
050,40,091,"Oklahoma","McIntosh County",1,52,196,97,99
050,40,091,"Oklahoma","McIntosh County",1,53,229,122,107
050,40,091,"Oklahoma","McIntosh County",1,54,213,109,104
050,40,091,"Oklahoma","McIntosh County",1,55,259,126,133
050,40,091,"Oklahoma","McIntosh County",1,56,301,146,155
050,40,091,"Oklahoma","McIntosh County",1,57,285,136,149
050,40,091,"Oklahoma","McIntosh County",1,58,314,161,153
050,40,091,"Oklahoma","McIntosh County",1,59,331,158,173
050,40,091,"Oklahoma","McIntosh County",1,60,318,151,167
050,40,091,"Oklahoma","McIntosh County",1,61,293,160,133
050,40,091,"Oklahoma","McIntosh County",1,62,301,155,146
050,40,091,"Oklahoma","McIntosh County",1,63,322,147,175
050,40,091,"Oklahoma","McIntosh County",1,64,325,157,168
050,40,091,"Oklahoma","McIntosh County",1,65,329,159,170
050,40,091,"Oklahoma","McIntosh County",1,66,288,139,149
050,40,091,"Oklahoma","McIntosh County",1,67,278,142,136
050,40,091,"Oklahoma","McIntosh County",1,68,291,130,161
050,40,091,"Oklahoma","McIntosh County",1,69,276,124,152
050,40,091,"Oklahoma","McIntosh County",1,70,279,131,148
050,40,091,"Oklahoma","McIntosh County",1,71,258,120,138
050,40,091,"Oklahoma","McIntosh County",1,72,265,134,131
050,40,091,"Oklahoma","McIntosh County",1,73,272,135,137
050,40,091,"Oklahoma","McIntosh County",1,74,202,105,97
050,40,091,"Oklahoma","McIntosh County",1,75,201,111,90
050,40,091,"Oklahoma","McIntosh County",1,76,207,108,99
050,40,091,"Oklahoma","McIntosh County",1,77,210,98,112
050,40,091,"Oklahoma","McIntosh County",1,78,198,90,108
050,40,091,"Oklahoma","McIntosh County",1,79,147,69,78
050,40,091,"Oklahoma","McIntosh County",1,80,157,84,73
050,40,091,"Oklahoma","McIntosh County",1,81,154,76,78
050,40,091,"Oklahoma","McIntosh County",1,82,105,54,51
050,40,091,"Oklahoma","McIntosh County",1,83,100,47,53
050,40,091,"Oklahoma","McIntosh County",1,84,99,49,50
050,40,091,"Oklahoma","McIntosh County",1,85,485,199,286
050,40,091,"Oklahoma","McIntosh County",2,0,170,82,88
050,40,091,"Oklahoma","McIntosh County",2,1,170,85,85
050,40,091,"Oklahoma","McIntosh County",2,2,179,99,80
050,40,091,"Oklahoma","McIntosh County",2,3,198,107,91
050,40,091,"Oklahoma","McIntosh County",2,4,204,105,99
050,40,091,"Oklahoma","McIntosh County",2,5,219,116,103
050,40,091,"Oklahoma","McIntosh County",2,6,216,107,109
050,40,091,"Oklahoma","McIntosh County",2,7,207,101,106
050,40,091,"Oklahoma","McIntosh County",2,8,199,102,97
050,40,091,"Oklahoma","McIntosh County",2,9,199,101,98
050,40,091,"Oklahoma","McIntosh County",2,10,215,108,107
050,40,091,"Oklahoma","McIntosh County",2,11,228,122,106
050,40,091,"Oklahoma","McIntosh County",2,12,221,117,104
050,40,091,"Oklahoma","McIntosh County",2,13,227,116,111
050,40,091,"Oklahoma","McIntosh County",2,14,223,114,109
050,40,091,"Oklahoma","McIntosh County",2,15,214,109,105
050,40,091,"Oklahoma","McIntosh County",2,16,227,120,107
050,40,091,"Oklahoma","McIntosh County",2,17,246,131,115
050,40,091,"Oklahoma","McIntosh County",2,18,218,121,97
050,40,091,"Oklahoma","McIntosh County",2,19,162,90,72
050,40,091,"Oklahoma","McIntosh County",2,20,161,89,72
050,40,091,"Oklahoma","McIntosh County",2,21,181,96,85
050,40,091,"Oklahoma","McIntosh County",2,22,183,101,82
050,40,091,"Oklahoma","McIntosh County",2,23,181,96,85
050,40,091,"Oklahoma","McIntosh County",2,24,208,109,99
050,40,091,"Oklahoma","McIntosh County",2,25,191,100,91
050,40,091,"Oklahoma","McIntosh County",2,26,184,85,99
050,40,091,"Oklahoma","McIntosh County",2,27,182,90,92
050,40,091,"Oklahoma","McIntosh County",2,28,183,89,94
050,40,091,"Oklahoma","McIntosh County",2,29,195,93,102
050,40,091,"Oklahoma","McIntosh County",2,30,204,100,104
050,40,091,"Oklahoma","McIntosh County",2,31,192,96,96
050,40,091,"Oklahoma","McIntosh County",2,32,173,81,92
050,40,091,"Oklahoma","McIntosh County",2,33,173,80,93
050,40,091,"Oklahoma","McIntosh County",2,34,186,87,99
050,40,091,"Oklahoma","McIntosh County",2,35,207,114,93
050,40,091,"Oklahoma","McIntosh County",2,36,215,115,100
050,40,091,"Oklahoma","McIntosh County",2,37,220,120,100
050,40,091,"Oklahoma","McIntosh County",2,38,218,121,97
050,40,091,"Oklahoma","McIntosh County",2,39,202,106,96
050,40,091,"Oklahoma","McIntosh County",2,40,184,85,99
050,40,091,"Oklahoma","McIntosh County",2,41,192,91,101
050,40,091,"Oklahoma","McIntosh County",2,42,196,95,101
050,40,091,"Oklahoma","McIntosh County",2,43,196,92,104
050,40,091,"Oklahoma","McIntosh County",2,44,188,87,101
050,40,091,"Oklahoma","McIntosh County",2,45,194,97,97
050,40,091,"Oklahoma","McIntosh County",2,46,193,96,97
050,40,091,"Oklahoma","McIntosh County",2,47,193,96,97
050,40,091,"Oklahoma","McIntosh County",2,48,227,109,118
050,40,091,"Oklahoma","McIntosh County",2,49,253,123,130
050,40,091,"Oklahoma","McIntosh County",2,50,239,118,121
050,40,091,"Oklahoma","McIntosh County",2,51,235,116,119
050,40,091,"Oklahoma","McIntosh County",2,52,206,102,104
050,40,091,"Oklahoma","McIntosh County",2,53,220,114,106
050,40,091,"Oklahoma","McIntosh County",2,54,217,111,106
050,40,091,"Oklahoma","McIntosh County",2,55,249,122,127
050,40,091,"Oklahoma","McIntosh County",2,56,290,141,149
050,40,091,"Oklahoma","McIntosh County",2,57,291,140,151
050,40,091,"Oklahoma","McIntosh County",2,58,308,156,152
050,40,091,"Oklahoma","McIntosh County",2,59,331,161,170
050,40,091,"Oklahoma","McIntosh County",2,60,319,151,168
050,40,091,"Oklahoma","McIntosh County",2,61,298,156,142
050,40,091,"Oklahoma","McIntosh County",2,62,302,157,145
050,40,091,"Oklahoma","McIntosh County",2,63,322,152,170
050,40,091,"Oklahoma","McIntosh County",2,64,325,154,171
050,40,091,"Oklahoma","McIntosh County",2,65,330,159,171
050,40,091,"Oklahoma","McIntosh County",2,66,300,145,155
050,40,091,"Oklahoma","McIntosh County",2,67,282,142,140
050,40,091,"Oklahoma","McIntosh County",2,68,283,132,151
050,40,091,"Oklahoma","McIntosh County",2,69,283,128,155
050,40,091,"Oklahoma","McIntosh County",2,70,275,127,148
050,40,091,"Oklahoma","McIntosh County",2,71,261,123,138
050,40,091,"Oklahoma","McIntosh County",2,72,255,127,128
050,40,091,"Oklahoma","McIntosh County",2,73,282,141,141
050,40,091,"Oklahoma","McIntosh County",2,74,200,101,99
050,40,091,"Oklahoma","McIntosh County",2,75,199,108,91
050,40,091,"Oklahoma","McIntosh County",2,76,199,108,91
050,40,091,"Oklahoma","McIntosh County",2,77,211,99,112
050,40,091,"Oklahoma","McIntosh County",2,78,192,88,104
050,40,091,"Oklahoma","McIntosh County",2,79,154,72,82
050,40,091,"Oklahoma","McIntosh County",2,80,153,79,74
050,40,091,"Oklahoma","McIntosh County",2,81,147,75,72
050,40,091,"Oklahoma","McIntosh County",2,82,115,59,56
050,40,091,"Oklahoma","McIntosh County",2,83,99,47,52
050,40,091,"Oklahoma","McIntosh County",2,84,98,48,50
050,40,091,"Oklahoma","McIntosh County",2,85,483,199,284
050,40,091,"Oklahoma","McIntosh County",3,0,201,103,98
050,40,091,"Oklahoma","McIntosh County",3,1,187,87,100
050,40,091,"Oklahoma","McIntosh County",3,2,184,90,94
050,40,091,"Oklahoma","McIntosh County",3,3,191,104,87
050,40,091,"Oklahoma","McIntosh County",3,4,204,109,95
050,40,091,"Oklahoma","McIntosh County",3,5,214,110,104
050,40,091,"Oklahoma","McIntosh County",3,6,214,110,104
050,40,091,"Oklahoma","McIntosh County",3,7,229,109,120
050,40,091,"Oklahoma","McIntosh County",3,8,211,114,97
050,40,091,"Oklahoma","McIntosh County",3,9,202,102,100
050,40,091,"Oklahoma","McIntosh County",3,10,214,104,110
050,40,091,"Oklahoma","McIntosh County",3,11,230,115,115
050,40,091,"Oklahoma","McIntosh County",3,12,229,121,108
050,40,091,"Oklahoma","McIntosh County",3,13,219,120,99
050,40,091,"Oklahoma","McIntosh County",3,14,236,117,119
050,40,091,"Oklahoma","McIntosh County",3,15,225,114,111
050,40,091,"Oklahoma","McIntosh County",3,16,230,120,110
050,40,091,"Oklahoma","McIntosh County",3,17,235,128,107
050,40,091,"Oklahoma","McIntosh County",3,18,230,129,101
050,40,091,"Oklahoma","McIntosh County",3,19,188,111,77
050,40,091,"Oklahoma","McIntosh County",3,20,174,99,75
050,40,091,"Oklahoma","McIntosh County",3,21,175,87,88
050,40,091,"Oklahoma","McIntosh County",3,22,193,102,91
050,40,091,"Oklahoma","McIntosh County",3,23,181,95,86
050,40,091,"Oklahoma","McIntosh County",3,24,179,89,90
050,40,091,"Oklahoma","McIntosh County",3,25,202,103,99
050,40,091,"Oklahoma","McIntosh County",3,26,199,95,104
050,40,091,"Oklahoma","McIntosh County",3,27,203,97,106
050,40,091,"Oklahoma","McIntosh County",3,28,192,96,96
050,40,091,"Oklahoma","McIntosh County",3,29,190,98,92
050,40,091,"Oklahoma","McIntosh County",3,30,208,104,104
050,40,091,"Oklahoma","McIntosh County",3,31,196,91,105
050,40,091,"Oklahoma","McIntosh County",3,32,193,94,99
050,40,091,"Oklahoma","McIntosh County",3,33,168,83,85
050,40,091,"Oklahoma","McIntosh County",3,34,170,74,96
050,40,091,"Oklahoma","McIntosh County",3,35,190,90,100
050,40,091,"Oklahoma","McIntosh County",3,36,214,119,95
050,40,091,"Oklahoma","McIntosh County",3,37,222,117,105
050,40,091,"Oklahoma","McIntosh County",3,38,216,112,104
050,40,091,"Oklahoma","McIntosh County",3,39,228,125,103
050,40,091,"Oklahoma","McIntosh County",3,40,209,103,106
050,40,091,"Oklahoma","McIntosh County",3,41,195,89,106
050,40,091,"Oklahoma","McIntosh County",3,42,199,97,102
050,40,091,"Oklahoma","McIntosh County",3,43,205,103,102
050,40,091,"Oklahoma","McIntosh County",3,44,200,91,109
050,40,091,"Oklahoma","McIntosh County",3,45,186,84,102
050,40,091,"Oklahoma","McIntosh County",3,46,203,96,107
050,40,091,"Oklahoma","McIntosh County",3,47,218,107,111
050,40,091,"Oklahoma","McIntosh County",3,48,217,112,105
050,40,091,"Oklahoma","McIntosh County",3,49,224,105,119
050,40,091,"Oklahoma","McIntosh County",3,50,269,130,139
050,40,091,"Oklahoma","McIntosh County",3,51,236,116,120
050,40,091,"Oklahoma","McIntosh County",3,52,233,117,116
050,40,091,"Oklahoma","McIntosh County",3,53,216,111,105
050,40,091,"Oklahoma","McIntosh County",3,54,223,115,108
050,40,091,"Oklahoma","McIntosh County",3,55,221,114,107
050,40,091,"Oklahoma","McIntosh County",3,56,269,125,144
050,40,091,"Oklahoma","McIntosh County",3,57,293,143,150
050,40,091,"Oklahoma","McIntosh County",3,58,295,139,156
050,40,091,"Oklahoma","McIntosh County",3,59,317,159,158
050,40,091,"Oklahoma","McIntosh County",3,60,337,161,176
050,40,091,"Oklahoma","McIntosh County",3,61,320,148,172
050,40,091,"Oklahoma","McIntosh County",3,62,307,162,145
050,40,091,"Oklahoma","McIntosh County",3,63,305,162,143
050,40,091,"Oklahoma","McIntosh County",3,64,329,157,172
050,40,091,"Oklahoma","McIntosh County",3,65,318,147,171
050,40,091,"Oklahoma","McIntosh County",3,66,324,153,171
050,40,091,"Oklahoma","McIntosh County",3,67,296,142,154
050,40,091,"Oklahoma","McIntosh County",3,68,281,141,140
050,40,091,"Oklahoma","McIntosh County",3,69,274,126,148
050,40,091,"Oklahoma","McIntosh County",3,70,283,125,158
050,40,091,"Oklahoma","McIntosh County",3,71,271,127,144
050,40,091,"Oklahoma","McIntosh County",3,72,257,121,136
050,40,091,"Oklahoma","McIntosh County",3,73,256,126,130
050,40,091,"Oklahoma","McIntosh County",3,74,269,133,136
050,40,091,"Oklahoma","McIntosh County",3,75,191,97,94
050,40,091,"Oklahoma","McIntosh County",3,76,184,101,83
050,40,091,"Oklahoma","McIntosh County",3,77,185,96,89
050,40,091,"Oklahoma","McIntosh County",3,78,193,93,100
050,40,091,"Oklahoma","McIntosh County",3,79,185,80,105
050,40,091,"Oklahoma","McIntosh County",3,80,144,67,77
050,40,091,"Oklahoma","McIntosh County",3,81,138,69,69
050,40,091,"Oklahoma","McIntosh County",3,82,128,67,61
050,40,091,"Oklahoma","McIntosh County",3,83,113,53,60
050,40,091,"Oklahoma","McIntosh County",3,84,93,44,49
050,40,091,"Oklahoma","McIntosh County",3,85,474,205,269
050,40,091,"Oklahoma","McIntosh County",4,0,191,99,92
050,40,091,"Oklahoma","McIntosh County",4,1,219,109,110
050,40,091,"Oklahoma","McIntosh County",4,2,198,86,112
050,40,091,"Oklahoma","McIntosh County",4,3,192,95,97
050,40,091,"Oklahoma","McIntosh County",4,4,214,112,102
050,40,091,"Oklahoma","McIntosh County",4,5,223,122,101
050,40,091,"Oklahoma","McIntosh County",4,6,216,111,105
050,40,091,"Oklahoma","McIntosh County",4,7,215,116,99
050,40,091,"Oklahoma","McIntosh County",4,8,222,110,112
050,40,091,"Oklahoma","McIntosh County",4,9,233,124,109
050,40,091,"Oklahoma","McIntosh County",4,10,202,100,102
050,40,091,"Oklahoma","McIntosh County",4,11,230,114,116
050,40,091,"Oklahoma","McIntosh County",4,12,236,115,121
050,40,091,"Oklahoma","McIntosh County",4,13,232,125,107
050,40,091,"Oklahoma","McIntosh County",4,14,228,127,101
050,40,091,"Oklahoma","McIntosh County",4,15,246,128,118
050,40,091,"Oklahoma","McIntosh County",4,16,232,112,120
050,40,091,"Oklahoma","McIntosh County",4,17,233,117,116
050,40,091,"Oklahoma","McIntosh County",4,18,214,119,95
050,40,091,"Oklahoma","McIntosh County",4,19,180,105,75
050,40,091,"Oklahoma","McIntosh County",4,20,186,99,87
050,40,091,"Oklahoma","McIntosh County",4,21,165,89,76
050,40,091,"Oklahoma","McIntosh County",4,22,184,94,90
050,40,091,"Oklahoma","McIntosh County",4,23,211,106,105
050,40,091,"Oklahoma","McIntosh County",4,24,178,96,82
050,40,091,"Oklahoma","McIntosh County",4,25,192,96,96
050,40,091,"Oklahoma","McIntosh County",4,26,185,91,94
050,40,091,"Oklahoma","McIntosh County",4,27,187,91,96
050,40,091,"Oklahoma","McIntosh County",4,28,209,103,106
050,40,091,"Oklahoma","McIntosh County",4,29,200,104,96
050,40,091,"Oklahoma","McIntosh County",4,30,185,93,92
050,40,091,"Oklahoma","McIntosh County",4,31,208,100,108
050,40,091,"Oklahoma","McIntosh County",4,32,202,92,110
050,40,091,"Oklahoma","McIntosh County",4,33,208,103,105
050,40,091,"Oklahoma","McIntosh County",4,34,182,89,93
050,40,091,"Oklahoma","McIntosh County",4,35,170,76,94
050,40,091,"Oklahoma","McIntosh County",4,36,186,88,98
050,40,091,"Oklahoma","McIntosh County",4,37,228,125,103
050,40,091,"Oklahoma","McIntosh County",4,38,221,110,111
050,40,091,"Oklahoma","McIntosh County",4,39,230,126,104
050,40,091,"Oklahoma","McIntosh County",4,40,241,127,114
050,40,091,"Oklahoma","McIntosh County",4,41,205,100,105
050,40,091,"Oklahoma","McIntosh County",4,42,194,86,108
050,40,091,"Oklahoma","McIntosh County",4,43,202,97,105
050,40,091,"Oklahoma","McIntosh County",4,44,202,100,102
050,40,091,"Oklahoma","McIntosh County",4,45,208,103,105
050,40,091,"Oklahoma","McIntosh County",4,46,203,88,115
050,40,091,"Oklahoma","McIntosh County",4,47,204,98,106
050,40,091,"Oklahoma","McIntosh County",4,48,218,107,111
050,40,091,"Oklahoma","McIntosh County",4,49,225,116,109
050,40,091,"Oklahoma","McIntosh County",4,50,241,115,126
050,40,091,"Oklahoma","McIntosh County",4,51,289,144,145
050,40,091,"Oklahoma","McIntosh County",4,52,252,119,133
050,40,091,"Oklahoma","McIntosh County",4,53,229,121,108
050,40,091,"Oklahoma","McIntosh County",4,54,222,110,112
050,40,091,"Oklahoma","McIntosh County",4,55,212,109,103
050,40,091,"Oklahoma","McIntosh County",4,56,230,118,112
050,40,091,"Oklahoma","McIntosh County",4,57,288,133,155
050,40,091,"Oklahoma","McIntosh County",4,58,303,145,158
050,40,091,"Oklahoma","McIntosh County",4,59,291,137,154
050,40,091,"Oklahoma","McIntosh County",4,60,333,169,164
050,40,091,"Oklahoma","McIntosh County",4,61,332,159,173
050,40,091,"Oklahoma","McIntosh County",4,62,330,158,172
050,40,091,"Oklahoma","McIntosh County",4,63,307,164,143
050,40,091,"Oklahoma","McIntosh County",4,64,308,160,148
050,40,091,"Oklahoma","McIntosh County",4,65,325,155,170
050,40,091,"Oklahoma","McIntosh County",4,66,313,141,172
050,40,091,"Oklahoma","McIntosh County",4,67,323,154,169
050,40,091,"Oklahoma","McIntosh County",4,68,296,137,159
050,40,091,"Oklahoma","McIntosh County",4,69,279,141,138
050,40,091,"Oklahoma","McIntosh County",4,70,263,121,142
050,40,091,"Oklahoma","McIntosh County",4,71,266,118,148
050,40,091,"Oklahoma","McIntosh County",4,72,262,123,139
050,40,091,"Oklahoma","McIntosh County",4,73,245,112,133
050,40,091,"Oklahoma","McIntosh County",4,74,247,123,124
050,40,091,"Oklahoma","McIntosh County",4,75,260,130,130
050,40,091,"Oklahoma","McIntosh County",4,76,175,86,89
050,40,091,"Oklahoma","McIntosh County",4,77,166,91,75
050,40,091,"Oklahoma","McIntosh County",4,78,163,84,79
050,40,091,"Oklahoma","McIntosh County",4,79,189,93,96
050,40,091,"Oklahoma","McIntosh County",4,80,175,75,100
050,40,091,"Oklahoma","McIntosh County",4,81,126,56,70
050,40,091,"Oklahoma","McIntosh County",4,82,110,60,50
050,40,091,"Oklahoma","McIntosh County",4,83,111,57,54
050,40,091,"Oklahoma","McIntosh County",4,84,109,49,60
050,40,091,"Oklahoma","McIntosh County",4,85,458,201,257
050,40,091,"Oklahoma","McIntosh County",5,0,189,98,91
050,40,091,"Oklahoma","McIntosh County",5,1,184,97,87
050,40,091,"Oklahoma","McIntosh County",5,2,227,114,113
050,40,091,"Oklahoma","McIntosh County",5,3,208,90,118
050,40,091,"Oklahoma","McIntosh County",5,4,195,95,100
050,40,091,"Oklahoma","McIntosh County",5,5,203,107,96
050,40,091,"Oklahoma","McIntosh County",5,6,228,125,103
050,40,091,"Oklahoma","McIntosh County",5,7,220,109,111
050,40,091,"Oklahoma","McIntosh County",5,8,231,124,107
050,40,091,"Oklahoma","McIntosh County",5,9,238,113,125
050,40,091,"Oklahoma","McIntosh County",5,10,231,127,104
050,40,091,"Oklahoma","McIntosh County",5,11,216,109,107
050,40,091,"Oklahoma","McIntosh County",5,12,226,118,108
050,40,091,"Oklahoma","McIntosh County",5,13,244,120,124
050,40,091,"Oklahoma","McIntosh County",5,14,250,120,130
050,40,091,"Oklahoma","McIntosh County",5,15,227,125,102
050,40,091,"Oklahoma","McIntosh County",5,16,259,133,126
050,40,091,"Oklahoma","McIntosh County",5,17,243,123,120
050,40,091,"Oklahoma","McIntosh County",5,18,219,112,107
050,40,091,"Oklahoma","McIntosh County",5,19,182,99,83
050,40,091,"Oklahoma","McIntosh County",5,20,199,114,85
050,40,091,"Oklahoma","McIntosh County",5,21,192,96,96
050,40,091,"Oklahoma","McIntosh County",5,22,179,96,83
050,40,091,"Oklahoma","McIntosh County",5,23,186,91,95
050,40,091,"Oklahoma","McIntosh County",5,24,209,109,100
050,40,091,"Oklahoma","McIntosh County",5,25,184,96,88
050,40,091,"Oklahoma","McIntosh County",5,26,189,91,98
050,40,091,"Oklahoma","McIntosh County",5,27,178,93,85
050,40,091,"Oklahoma","McIntosh County",5,28,207,98,109
050,40,091,"Oklahoma","McIntosh County",5,29,200,101,99
050,40,091,"Oklahoma","McIntosh County",5,30,209,104,105
050,40,091,"Oklahoma","McIntosh County",5,31,202,107,95
050,40,091,"Oklahoma","McIntosh County",5,32,203,96,107
050,40,091,"Oklahoma","McIntosh County",5,33,191,90,101
050,40,091,"Oklahoma","McIntosh County",5,34,210,100,110
050,40,091,"Oklahoma","McIntosh County",5,35,178,83,95
050,40,091,"Oklahoma","McIntosh County",5,36,180,83,97
050,40,091,"Oklahoma","McIntosh County",5,37,189,90,99
050,40,091,"Oklahoma","McIntosh County",5,38,237,127,110
050,40,091,"Oklahoma","McIntosh County",5,39,235,123,112
050,40,091,"Oklahoma","McIntosh County",5,40,229,127,102
050,40,091,"Oklahoma","McIntosh County",5,41,236,124,112
050,40,091,"Oklahoma","McIntosh County",5,42,205,101,104
050,40,091,"Oklahoma","McIntosh County",5,43,206,90,116
050,40,091,"Oklahoma","McIntosh County",5,44,207,103,104
050,40,091,"Oklahoma","McIntosh County",5,45,201,99,102
050,40,091,"Oklahoma","McIntosh County",5,46,229,108,121
050,40,091,"Oklahoma","McIntosh County",5,47,215,92,123
050,40,091,"Oklahoma","McIntosh County",5,48,207,100,107
050,40,091,"Oklahoma","McIntosh County",5,49,221,111,110
050,40,091,"Oklahoma","McIntosh County",5,50,235,120,115
050,40,091,"Oklahoma","McIntosh County",5,51,242,118,124
050,40,091,"Oklahoma","McIntosh County",5,52,285,131,154
050,40,091,"Oklahoma","McIntosh County",5,53,264,128,136
050,40,091,"Oklahoma","McIntosh County",5,54,236,121,115
050,40,091,"Oklahoma","McIntosh County",5,55,221,109,112
050,40,091,"Oklahoma","McIntosh County",5,56,231,116,115
050,40,091,"Oklahoma","McIntosh County",5,57,237,120,117
050,40,091,"Oklahoma","McIntosh County",5,58,291,137,154
050,40,091,"Oklahoma","McIntosh County",5,59,313,150,163
050,40,091,"Oklahoma","McIntosh County",5,60,297,142,155
050,40,091,"Oklahoma","McIntosh County",5,61,332,168,164
050,40,091,"Oklahoma","McIntosh County",5,62,354,165,189
050,40,091,"Oklahoma","McIntosh County",5,63,318,152,166
050,40,091,"Oklahoma","McIntosh County",5,64,315,171,144
050,40,091,"Oklahoma","McIntosh County",5,65,299,158,141
050,40,091,"Oklahoma","McIntosh County",5,66,322,151,171
050,40,091,"Oklahoma","McIntosh County",5,67,313,141,172
050,40,091,"Oklahoma","McIntosh County",5,68,315,154,161
050,40,091,"Oklahoma","McIntosh County",5,69,296,140,156
050,40,091,"Oklahoma","McIntosh County",5,70,270,133,137
050,40,091,"Oklahoma","McIntosh County",5,71,259,121,138
050,40,091,"Oklahoma","McIntosh County",5,72,263,115,148
050,40,091,"Oklahoma","McIntosh County",5,73,249,116,133
050,40,091,"Oklahoma","McIntosh County",5,74,232,102,130
050,40,091,"Oklahoma","McIntosh County",5,75,233,118,115
050,40,091,"Oklahoma","McIntosh County",5,76,246,121,125
050,40,091,"Oklahoma","McIntosh County",5,77,164,78,86
050,40,091,"Oklahoma","McIntosh County",5,78,152,82,70
050,40,091,"Oklahoma","McIntosh County",5,79,151,81,70
050,40,091,"Oklahoma","McIntosh County",5,80,175,88,87
050,40,091,"Oklahoma","McIntosh County",5,81,163,63,100
050,40,091,"Oklahoma","McIntosh County",5,82,103,51,52
050,40,091,"Oklahoma","McIntosh County",5,83,97,51,46
050,40,091,"Oklahoma","McIntosh County",5,84,106,54,52
050,40,091,"Oklahoma","McIntosh County",5,85,491,211,280
050,40,093,"Oklahoma","Major County",1,0,113,56,57
050,40,093,"Oklahoma","Major County",1,1,107,53,54
050,40,093,"Oklahoma","Major County",1,2,97,50,47
050,40,093,"Oklahoma","Major County",1,3,99,54,45
050,40,093,"Oklahoma","Major County",1,4,95,44,51
050,40,093,"Oklahoma","Major County",1,5,117,52,65
050,40,093,"Oklahoma","Major County",1,6,115,56,59
050,40,093,"Oklahoma","Major County",1,7,123,69,54
050,40,093,"Oklahoma","Major County",1,8,119,60,59
050,40,093,"Oklahoma","Major County",1,9,104,58,46
050,40,093,"Oklahoma","Major County",1,10,118,62,56
050,40,093,"Oklahoma","Major County",1,11,111,62,49
050,40,093,"Oklahoma","Major County",1,12,116,62,54
050,40,093,"Oklahoma","Major County",1,13,129,65,64
050,40,093,"Oklahoma","Major County",1,14,128,62,66
050,40,093,"Oklahoma","Major County",1,15,117,56,61
050,40,093,"Oklahoma","Major County",1,16,120,56,64
050,40,093,"Oklahoma","Major County",1,17,112,51,61
050,40,093,"Oklahoma","Major County",1,18,91,48,43
050,40,093,"Oklahoma","Major County",1,19,79,37,42
050,40,093,"Oklahoma","Major County",1,20,75,39,36
050,40,093,"Oklahoma","Major County",1,21,77,38,39
050,40,093,"Oklahoma","Major County",1,22,75,37,38
050,40,093,"Oklahoma","Major County",1,23,74,37,37
050,40,093,"Oklahoma","Major County",1,24,76,36,40
050,40,093,"Oklahoma","Major County",1,25,74,34,40
050,40,093,"Oklahoma","Major County",1,26,79,38,41
050,40,093,"Oklahoma","Major County",1,27,71,33,38
050,40,093,"Oklahoma","Major County",1,28,82,46,36
050,40,093,"Oklahoma","Major County",1,29,77,40,37
050,40,093,"Oklahoma","Major County",1,30,74,35,39
050,40,093,"Oklahoma","Major County",1,31,86,46,40
050,40,093,"Oklahoma","Major County",1,32,76,36,40
050,40,093,"Oklahoma","Major County",1,33,78,41,37
050,40,093,"Oklahoma","Major County",1,34,79,40,39
050,40,093,"Oklahoma","Major County",1,35,87,47,40
050,40,093,"Oklahoma","Major County",1,36,91,40,51
050,40,093,"Oklahoma","Major County",1,37,95,45,50
050,40,093,"Oklahoma","Major County",1,38,103,52,51
050,40,093,"Oklahoma","Major County",1,39,109,58,51
050,40,093,"Oklahoma","Major County",1,40,102,48,54
050,40,093,"Oklahoma","Major County",1,41,105,54,51
050,40,093,"Oklahoma","Major County",1,42,97,56,41
050,40,093,"Oklahoma","Major County",1,43,90,50,40
050,40,093,"Oklahoma","Major County",1,44,66,33,33
050,40,093,"Oklahoma","Major County",1,45,81,44,37
050,40,093,"Oklahoma","Major County",1,46,73,35,38
050,40,093,"Oklahoma","Major County",1,47,85,40,45
050,40,093,"Oklahoma","Major County",1,48,92,48,44
050,40,093,"Oklahoma","Major County",1,49,89,43,46
050,40,093,"Oklahoma","Major County",1,50,84,42,42
050,40,093,"Oklahoma","Major County",1,51,74,38,36
050,40,093,"Oklahoma","Major County",1,52,78,37,41
050,40,093,"Oklahoma","Major County",1,53,77,38,39
050,40,093,"Oklahoma","Major County",1,54,84,39,45
050,40,093,"Oklahoma","Major County",1,55,97,44,53
050,40,093,"Oklahoma","Major County",1,56,102,54,48
050,40,093,"Oklahoma","Major County",1,57,100,54,46
050,40,093,"Oklahoma","Major County",1,58,97,49,48
050,40,093,"Oklahoma","Major County",1,59,116,67,49
050,40,093,"Oklahoma","Major County",1,60,122,68,54
050,40,093,"Oklahoma","Major County",1,61,109,60,49
050,40,093,"Oklahoma","Major County",1,62,115,63,52
050,40,093,"Oklahoma","Major County",1,63,112,53,59
050,40,093,"Oklahoma","Major County",1,64,115,58,57
050,40,093,"Oklahoma","Major County",1,65,94,43,51
050,40,093,"Oklahoma","Major County",1,66,89,46,43
050,40,093,"Oklahoma","Major County",1,67,113,54,59
050,40,093,"Oklahoma","Major County",1,68,107,59,48
050,40,093,"Oklahoma","Major County",1,69,87,48,39
050,40,093,"Oklahoma","Major County",1,70,76,36,40
050,40,093,"Oklahoma","Major County",1,71,69,26,43
050,40,093,"Oklahoma","Major County",1,72,84,40,44
050,40,093,"Oklahoma","Major County",1,73,82,38,44
050,40,093,"Oklahoma","Major County",1,74,58,24,34
050,40,093,"Oklahoma","Major County",1,75,61,27,34
050,40,093,"Oklahoma","Major County",1,76,59,28,31
050,40,093,"Oklahoma","Major County",1,77,62,27,35
050,40,093,"Oklahoma","Major County",1,78,57,26,31
050,40,093,"Oklahoma","Major County",1,79,38,12,26
050,40,093,"Oklahoma","Major County",1,80,48,18,30
050,40,093,"Oklahoma","Major County",1,81,51,27,24
050,40,093,"Oklahoma","Major County",1,82,46,22,24
050,40,093,"Oklahoma","Major County",1,83,50,22,28
050,40,093,"Oklahoma","Major County",1,84,38,16,22
050,40,093,"Oklahoma","Major County",1,85,202,70,132
050,40,093,"Oklahoma","Major County",2,0,100,50,50
050,40,093,"Oklahoma","Major County",2,1,106,53,53
050,40,093,"Oklahoma","Major County",2,2,97,49,48
050,40,093,"Oklahoma","Major County",2,3,99,53,46
050,40,093,"Oklahoma","Major County",2,4,95,47,48
050,40,093,"Oklahoma","Major County",2,5,113,50,63
050,40,093,"Oklahoma","Major County",2,6,116,57,59
050,40,093,"Oklahoma","Major County",2,7,122,66,56
050,40,093,"Oklahoma","Major County",2,8,118,62,56
050,40,093,"Oklahoma","Major County",2,9,105,57,48
050,40,093,"Oklahoma","Major County",2,10,114,60,54
050,40,093,"Oklahoma","Major County",2,11,111,62,49
050,40,093,"Oklahoma","Major County",2,12,115,62,53
050,40,093,"Oklahoma","Major County",2,13,126,64,62
050,40,093,"Oklahoma","Major County",2,14,128,63,65
050,40,093,"Oklahoma","Major County",2,15,121,59,62
050,40,093,"Oklahoma","Major County",2,16,120,56,64
050,40,093,"Oklahoma","Major County",2,17,113,51,62
050,40,093,"Oklahoma","Major County",2,18,90,46,44
050,40,093,"Oklahoma","Major County",2,19,77,36,41
050,40,093,"Oklahoma","Major County",2,20,77,40,37
050,40,093,"Oklahoma","Major County",2,21,77,39,38
050,40,093,"Oklahoma","Major County",2,22,77,37,40
050,40,093,"Oklahoma","Major County",2,23,75,37,38
050,40,093,"Oklahoma","Major County",2,24,76,36,40
050,40,093,"Oklahoma","Major County",2,25,74,35,39
050,40,093,"Oklahoma","Major County",2,26,79,38,41
050,40,093,"Oklahoma","Major County",2,27,71,34,37
050,40,093,"Oklahoma","Major County",2,28,80,45,35
050,40,093,"Oklahoma","Major County",2,29,77,40,37
050,40,093,"Oklahoma","Major County",2,30,76,37,39
050,40,093,"Oklahoma","Major County",2,31,85,44,41
050,40,093,"Oklahoma","Major County",2,32,77,39,38
050,40,093,"Oklahoma","Major County",2,33,76,40,36
050,40,093,"Oklahoma","Major County",2,34,80,41,39
050,40,093,"Oklahoma","Major County",2,35,86,46,40
050,40,093,"Oklahoma","Major County",2,36,89,41,48
050,40,093,"Oklahoma","Major County",2,37,94,44,50
050,40,093,"Oklahoma","Major County",2,38,100,49,51
050,40,093,"Oklahoma","Major County",2,39,106,55,51
050,40,093,"Oklahoma","Major County",2,40,106,51,55
050,40,093,"Oklahoma","Major County",2,41,104,53,51
050,40,093,"Oklahoma","Major County",2,42,98,55,43
050,40,093,"Oklahoma","Major County",2,43,93,52,41
050,40,093,"Oklahoma","Major County",2,44,69,35,34
050,40,093,"Oklahoma","Major County",2,45,77,41,36
050,40,093,"Oklahoma","Major County",2,46,73,37,36
050,40,093,"Oklahoma","Major County",2,47,80,38,42
050,40,093,"Oklahoma","Major County",2,48,91,46,45
050,40,093,"Oklahoma","Major County",2,49,91,45,46
050,40,093,"Oklahoma","Major County",2,50,84,42,42
050,40,093,"Oklahoma","Major County",2,51,74,37,37
050,40,093,"Oklahoma","Major County",2,52,77,38,39
050,40,093,"Oklahoma","Major County",2,53,76,37,39
050,40,093,"Oklahoma","Major County",2,54,83,39,44
050,40,093,"Oklahoma","Major County",2,55,94,43,51
050,40,093,"Oklahoma","Major County",2,56,102,53,49
050,40,093,"Oklahoma","Major County",2,57,100,54,46
050,40,093,"Oklahoma","Major County",2,58,98,50,48
050,40,093,"Oklahoma","Major County",2,59,111,62,49
050,40,093,"Oklahoma","Major County",2,60,118,67,51
050,40,093,"Oklahoma","Major County",2,61,113,62,51
050,40,093,"Oklahoma","Major County",2,62,114,63,51
050,40,093,"Oklahoma","Major County",2,63,113,56,57
050,40,093,"Oklahoma","Major County",2,64,114,57,57
050,40,093,"Oklahoma","Major County",2,65,99,47,52
050,40,093,"Oklahoma","Major County",2,66,88,43,45
050,40,093,"Oklahoma","Major County",2,67,106,51,55
050,40,093,"Oklahoma","Major County",2,68,107,57,50
050,40,093,"Oklahoma","Major County",2,69,93,51,42
050,40,093,"Oklahoma","Major County",2,70,77,39,38
050,40,093,"Oklahoma","Major County",2,71,70,28,42
050,40,093,"Oklahoma","Major County",2,72,81,37,44
050,40,093,"Oklahoma","Major County",2,73,85,39,46
050,40,093,"Oklahoma","Major County",2,74,59,25,34
050,40,093,"Oklahoma","Major County",2,75,59,25,34
050,40,093,"Oklahoma","Major County",2,76,59,28,31
050,40,093,"Oklahoma","Major County",2,77,62,27,35
050,40,093,"Oklahoma","Major County",2,78,57,26,31
050,40,093,"Oklahoma","Major County",2,79,41,14,27
050,40,093,"Oklahoma","Major County",2,80,46,17,29
050,40,093,"Oklahoma","Major County",2,81,49,24,25
050,40,093,"Oklahoma","Major County",2,82,46,22,24
050,40,093,"Oklahoma","Major County",2,83,50,22,28
050,40,093,"Oklahoma","Major County",2,84,40,17,23
050,40,093,"Oklahoma","Major County",2,85,201,68,133
050,40,093,"Oklahoma","Major County",3,0,80,40,40
050,40,093,"Oklahoma","Major County",3,1,93,48,45
050,40,093,"Oklahoma","Major County",3,2,106,53,53
050,40,093,"Oklahoma","Major County",3,3,100,50,50
050,40,093,"Oklahoma","Major County",3,4,98,51,47
050,40,093,"Oklahoma","Major County",3,5,99,52,47
050,40,093,"Oklahoma","Major County",3,6,126,53,73
050,40,093,"Oklahoma","Major County",3,7,118,59,59
050,40,093,"Oklahoma","Major County",3,8,115,65,50
050,40,093,"Oklahoma","Major County",3,9,124,66,58
050,40,093,"Oklahoma","Major County",3,10,106,56,50
050,40,093,"Oklahoma","Major County",3,11,117,66,51
050,40,093,"Oklahoma","Major County",3,12,107,62,45
050,40,093,"Oklahoma","Major County",3,13,117,62,55
050,40,093,"Oklahoma","Major County",3,14,122,60,62
050,40,093,"Oklahoma","Major County",3,15,123,62,61
050,40,093,"Oklahoma","Major County",3,16,118,58,60
050,40,093,"Oklahoma","Major County",3,17,107,48,59
050,40,093,"Oklahoma","Major County",3,18,87,39,48
050,40,093,"Oklahoma","Major County",3,19,71,37,34
050,40,093,"Oklahoma","Major County",3,20,78,39,39
050,40,093,"Oklahoma","Major County",3,21,81,41,40
050,40,093,"Oklahoma","Major County",3,22,73,38,35
050,40,093,"Oklahoma","Major County",3,23,71,34,37
050,40,093,"Oklahoma","Major County",3,24,72,37,35
050,40,093,"Oklahoma","Major County",3,25,70,31,39
050,40,093,"Oklahoma","Major County",3,26,74,35,39
050,40,093,"Oklahoma","Major County",3,27,74,37,37
050,40,093,"Oklahoma","Major County",3,28,74,34,40
050,40,093,"Oklahoma","Major County",3,29,80,44,36
050,40,093,"Oklahoma","Major County",3,30,80,40,40
050,40,093,"Oklahoma","Major County",3,31,73,38,35
050,40,093,"Oklahoma","Major County",3,32,85,44,41
050,40,093,"Oklahoma","Major County",3,33,79,37,42
050,40,093,"Oklahoma","Major County",3,34,74,39,35
050,40,093,"Oklahoma","Major County",3,35,77,36,41
050,40,093,"Oklahoma","Major County",3,36,92,50,42
050,40,093,"Oklahoma","Major County",3,37,90,46,44
050,40,093,"Oklahoma","Major County",3,38,93,44,49
050,40,093,"Oklahoma","Major County",3,39,94,46,48
050,40,093,"Oklahoma","Major County",3,40,100,52,48
050,40,093,"Oklahoma","Major County",3,41,106,52,54
050,40,093,"Oklahoma","Major County",3,42,102,50,52
050,40,093,"Oklahoma","Major County",3,43,93,54,39
050,40,093,"Oklahoma","Major County",3,44,94,49,45
050,40,093,"Oklahoma","Major County",3,45,69,35,34
050,40,093,"Oklahoma","Major County",3,46,79,41,38
050,40,093,"Oklahoma","Major County",3,47,67,32,35
050,40,093,"Oklahoma","Major County",3,48,77,38,39
050,40,093,"Oklahoma","Major County",3,49,95,49,46
050,40,093,"Oklahoma","Major County",3,50,96,47,49
050,40,093,"Oklahoma","Major County",3,51,86,44,42
050,40,093,"Oklahoma","Major County",3,52,71,37,34
050,40,093,"Oklahoma","Major County",3,53,79,39,40
050,40,093,"Oklahoma","Major County",3,54,76,38,38
050,40,093,"Oklahoma","Major County",3,55,81,37,44
050,40,093,"Oklahoma","Major County",3,56,86,42,44
050,40,093,"Oklahoma","Major County",3,57,101,51,50
050,40,093,"Oklahoma","Major County",3,58,100,54,46
050,40,093,"Oklahoma","Major County",3,59,94,46,48
050,40,093,"Oklahoma","Major County",3,60,112,63,49
050,40,093,"Oklahoma","Major County",3,61,115,66,49
050,40,093,"Oklahoma","Major County",3,62,107,59,48
050,40,093,"Oklahoma","Major County",3,63,108,60,48
050,40,093,"Oklahoma","Major County",3,64,119,57,62
050,40,093,"Oklahoma","Major County",3,65,112,54,58
050,40,093,"Oklahoma","Major County",3,66,98,46,52
050,40,093,"Oklahoma","Major County",3,67,87,43,44
050,40,093,"Oklahoma","Major County",3,68,108,53,55
050,40,093,"Oklahoma","Major County",3,69,111,58,53
050,40,093,"Oklahoma","Major County",3,70,92,52,40
050,40,093,"Oklahoma","Major County",3,71,72,36,36
050,40,093,"Oklahoma","Major County",3,72,69,28,41
050,40,093,"Oklahoma","Major County",3,73,79,36,43
050,40,093,"Oklahoma","Major County",3,74,88,41,47
050,40,093,"Oklahoma","Major County",3,75,55,24,31
050,40,093,"Oklahoma","Major County",3,76,49,21,28
050,40,093,"Oklahoma","Major County",3,77,58,25,33
050,40,093,"Oklahoma","Major County",3,78,59,27,32
050,40,093,"Oklahoma","Major County",3,79,48,20,28
050,40,093,"Oklahoma","Major County",3,80,42,14,28
050,40,093,"Oklahoma","Major County",3,81,44,19,25
050,40,093,"Oklahoma","Major County",3,82,43,18,25
050,40,093,"Oklahoma","Major County",3,83,47,20,27
050,40,093,"Oklahoma","Major County",3,84,43,18,25
050,40,093,"Oklahoma","Major County",3,85,201,64,137
050,40,093,"Oklahoma","Major County",4,0,85,40,45
050,40,093,"Oklahoma","Major County",4,1,75,33,42
050,40,093,"Oklahoma","Major County",4,2,104,55,49
050,40,093,"Oklahoma","Major County",4,3,103,48,55
050,40,093,"Oklahoma","Major County",4,4,96,47,49
050,40,093,"Oklahoma","Major County",4,5,97,50,47
050,40,093,"Oklahoma","Major County",4,6,97,52,45
050,40,093,"Oklahoma","Major County",4,7,122,48,74
050,40,093,"Oklahoma","Major County",4,8,120,57,63
050,40,093,"Oklahoma","Major County",4,9,111,63,48
050,40,093,"Oklahoma","Major County",4,10,126,69,57
050,40,093,"Oklahoma","Major County",4,11,106,56,50
050,40,093,"Oklahoma","Major County",4,12,113,63,50
050,40,093,"Oklahoma","Major County",4,13,108,60,48
050,40,093,"Oklahoma","Major County",4,14,109,58,51
050,40,093,"Oklahoma","Major County",4,15,126,64,62
050,40,093,"Oklahoma","Major County",4,16,120,58,62
050,40,093,"Oklahoma","Major County",4,17,117,58,59
050,40,093,"Oklahoma","Major County",4,18,91,42,49
050,40,093,"Oklahoma","Major County",4,19,63,26,37
050,40,093,"Oklahoma","Major County",4,20,73,36,37
050,40,093,"Oklahoma","Major County",4,21,75,35,40
050,40,093,"Oklahoma","Major County",4,22,88,42,46
050,40,093,"Oklahoma","Major County",4,23,69,37,32
050,40,093,"Oklahoma","Major County",4,24,70,37,33
050,40,093,"Oklahoma","Major County",4,25,76,33,43
050,40,093,"Oklahoma","Major County",4,26,81,39,42
050,40,093,"Oklahoma","Major County",4,27,69,31,38
050,40,093,"Oklahoma","Major County",4,28,73,40,33
050,40,093,"Oklahoma","Major County",4,29,65,28,37
050,40,093,"Oklahoma","Major County",4,30,85,48,37
050,40,093,"Oklahoma","Major County",4,31,73,37,36
050,40,093,"Oklahoma","Major County",4,32,76,43,33
050,40,093,"Oklahoma","Major County",4,33,82,43,39
050,40,093,"Oklahoma","Major County",4,34,75,34,41
050,40,093,"Oklahoma","Major County",4,35,70,37,33
050,40,093,"Oklahoma","Major County",4,36,80,39,41
050,40,093,"Oklahoma","Major County",4,37,88,47,41
050,40,093,"Oklahoma","Major County",4,38,90,45,45
050,40,093,"Oklahoma","Major County",4,39,99,49,50
050,40,093,"Oklahoma","Major County",4,40,96,46,50
050,40,093,"Oklahoma","Major County",4,41,100,53,47
050,40,093,"Oklahoma","Major County",4,42,105,53,52
050,40,093,"Oklahoma","Major County",4,43,100,50,50
050,40,093,"Oklahoma","Major County",4,44,95,57,38
050,40,093,"Oklahoma","Major County",4,45,87,44,43
050,40,093,"Oklahoma","Major County",4,46,72,36,36
050,40,093,"Oklahoma","Major County",4,47,79,41,38
050,40,093,"Oklahoma","Major County",4,48,64,30,34
050,40,093,"Oklahoma","Major County",4,49,76,38,38
050,40,093,"Oklahoma","Major County",4,50,99,53,46
050,40,093,"Oklahoma","Major County",4,51,96,48,48
050,40,093,"Oklahoma","Major County",4,52,87,44,43
050,40,093,"Oklahoma","Major County",4,53,74,39,35
050,40,093,"Oklahoma","Major County",4,54,75,38,37
050,40,093,"Oklahoma","Major County",4,55,72,35,37
050,40,093,"Oklahoma","Major County",4,56,82,39,43
050,40,093,"Oklahoma","Major County",4,57,85,42,43
050,40,093,"Oklahoma","Major County",4,58,99,50,49
050,40,093,"Oklahoma","Major County",4,59,99,50,49
050,40,093,"Oklahoma","Major County",4,60,97,46,51
050,40,093,"Oklahoma","Major County",4,61,116,65,51
050,40,093,"Oklahoma","Major County",4,62,116,70,46
050,40,093,"Oklahoma","Major County",4,63,103,56,47
050,40,093,"Oklahoma","Major County",4,64,103,58,45
050,40,093,"Oklahoma","Major County",4,65,113,53,60
050,40,093,"Oklahoma","Major County",4,66,104,50,54
050,40,093,"Oklahoma","Major County",4,67,97,46,51
050,40,093,"Oklahoma","Major County",4,68,84,42,42
050,40,093,"Oklahoma","Major County",4,69,102,47,55
050,40,093,"Oklahoma","Major County",4,70,108,59,49
050,40,093,"Oklahoma","Major County",4,71,86,49,37
050,40,093,"Oklahoma","Major County",4,72,70,36,34
050,40,093,"Oklahoma","Major County",4,73,70,27,43
050,40,093,"Oklahoma","Major County",4,74,78,35,43
050,40,093,"Oklahoma","Major County",4,75,89,42,47
050,40,093,"Oklahoma","Major County",4,76,43,20,23
050,40,093,"Oklahoma","Major County",4,77,48,18,30
050,40,093,"Oklahoma","Major County",4,78,56,25,31
050,40,093,"Oklahoma","Major County",4,79,54,25,29
050,40,093,"Oklahoma","Major County",4,80,46,18,28
050,40,093,"Oklahoma","Major County",4,81,40,14,26
050,40,093,"Oklahoma","Major County",4,82,40,14,26
050,40,093,"Oklahoma","Major County",4,83,43,16,27
050,40,093,"Oklahoma","Major County",4,84,40,15,25
050,40,093,"Oklahoma","Major County",4,85,202,64,138
050,40,093,"Oklahoma","Major County",5,0,86,40,46
050,40,093,"Oklahoma","Major County",5,1,96,47,49
050,40,093,"Oklahoma","Major County",5,2,74,35,39
050,40,093,"Oklahoma","Major County",5,3,111,62,49
050,40,093,"Oklahoma","Major County",5,4,106,47,59
050,40,093,"Oklahoma","Major County",5,5,108,54,54
050,40,093,"Oklahoma","Major County",5,6,100,50,50
050,40,093,"Oklahoma","Major County",5,7,106,53,53
050,40,093,"Oklahoma","Major County",5,8,117,47,70
050,40,093,"Oklahoma","Major County",5,9,116,54,62
050,40,093,"Oklahoma","Major County",5,10,115,69,46
050,40,093,"Oklahoma","Major County",5,11,128,70,58
050,40,093,"Oklahoma","Major County",5,12,99,50,49
050,40,093,"Oklahoma","Major County",5,13,119,65,54
050,40,093,"Oklahoma","Major County",5,14,107,60,47
050,40,093,"Oklahoma","Major County",5,15,108,55,53
050,40,093,"Oklahoma","Major County",5,16,124,60,64
050,40,093,"Oklahoma","Major County",5,17,120,57,63
050,40,093,"Oklahoma","Major County",5,18,103,51,52
050,40,093,"Oklahoma","Major County",5,19,70,32,38
050,40,093,"Oklahoma","Major County",5,20,65,27,38
050,40,093,"Oklahoma","Major County",5,21,77,39,38
050,40,093,"Oklahoma","Major County",5,22,81,40,41
050,40,093,"Oklahoma","Major County",5,23,95,48,47
050,40,093,"Oklahoma","Major County",5,24,73,39,34
050,40,093,"Oklahoma","Major County",5,25,74,37,37
050,40,093,"Oklahoma","Major County",5,26,77,36,41
050,40,093,"Oklahoma","Major County",5,27,91,43,48
050,40,093,"Oklahoma","Major County",5,28,67,32,35
050,40,093,"Oklahoma","Major County",5,29,75,34,41
050,40,093,"Oklahoma","Major County",5,30,64,32,32
050,40,093,"Oklahoma","Major County",5,31,86,47,39
050,40,093,"Oklahoma","Major County",5,32,71,33,38
050,40,093,"Oklahoma","Major County",5,33,79,42,37
050,40,093,"Oklahoma","Major County",5,34,82,44,38
050,40,093,"Oklahoma","Major County",5,35,78,41,37
050,40,093,"Oklahoma","Major County",5,36,71,36,35
050,40,093,"Oklahoma","Major County",5,37,77,35,42
050,40,093,"Oklahoma","Major County",5,38,89,49,40
050,40,093,"Oklahoma","Major County",5,39,93,48,45
050,40,093,"Oklahoma","Major County",5,40,94,45,49
050,40,093,"Oklahoma","Major County",5,41,100,49,51
050,40,093,"Oklahoma","Major County",5,42,97,51,46
050,40,093,"Oklahoma","Major County",5,43,101,50,51
050,40,093,"Oklahoma","Major County",5,44,105,51,54
050,40,093,"Oklahoma","Major County",5,45,90,51,39
050,40,093,"Oklahoma","Major County",5,46,88,45,43
050,40,093,"Oklahoma","Major County",5,47,72,38,34
050,40,093,"Oklahoma","Major County",5,48,87,44,43
050,40,093,"Oklahoma","Major County",5,49,64,31,33
050,40,093,"Oklahoma","Major County",5,50,75,37,38
050,40,093,"Oklahoma","Major County",5,51,103,58,45
050,40,093,"Oklahoma","Major County",5,52,92,43,49
050,40,093,"Oklahoma","Major County",5,53,86,43,43
050,40,093,"Oklahoma","Major County",5,54,74,39,35
050,40,093,"Oklahoma","Major County",5,55,73,37,36
050,40,093,"Oklahoma","Major County",5,56,72,37,35
050,40,093,"Oklahoma","Major County",5,57,82,38,44
050,40,093,"Oklahoma","Major County",5,58,88,42,46
050,40,093,"Oklahoma","Major County",5,59,100,48,52
050,40,093,"Oklahoma","Major County",5,60,109,57,52
050,40,093,"Oklahoma","Major County",5,61,102,50,52
050,40,093,"Oklahoma","Major County",5,62,110,62,48
050,40,093,"Oklahoma","Major County",5,63,114,69,45
050,40,093,"Oklahoma","Major County",5,64,99,54,45
050,40,093,"Oklahoma","Major County",5,65,99,54,45
050,40,093,"Oklahoma","Major County",5,66,107,49,58
050,40,093,"Oklahoma","Major County",5,67,105,51,54
050,40,093,"Oklahoma","Major County",5,68,97,45,52
050,40,093,"Oklahoma","Major County",5,69,81,40,41
050,40,093,"Oklahoma","Major County",5,70,101,47,54
050,40,093,"Oklahoma","Major County",5,71,102,55,47
050,40,093,"Oklahoma","Major County",5,72,80,47,33
050,40,093,"Oklahoma","Major County",5,73,67,35,32
050,40,093,"Oklahoma","Major County",5,74,67,26,41
050,40,093,"Oklahoma","Major County",5,75,78,34,44
050,40,093,"Oklahoma","Major County",5,76,76,37,39
050,40,093,"Oklahoma","Major County",5,77,45,18,27
050,40,093,"Oklahoma","Major County",5,78,47,19,28
050,40,093,"Oklahoma","Major County",5,79,52,23,29
050,40,093,"Oklahoma","Major County",5,80,53,24,29
050,40,093,"Oklahoma","Major County",5,81,45,18,27
050,40,093,"Oklahoma","Major County",5,82,36,10,26
050,40,093,"Oklahoma","Major County",5,83,44,13,31
050,40,093,"Oklahoma","Major County",5,84,37,12,25
050,40,093,"Oklahoma","Major County",5,85,207,60,147
050,40,095,"Oklahoma","Marshall County",1,0,174,89,85
050,40,095,"Oklahoma","Marshall County",1,1,168,97,71
050,40,095,"Oklahoma","Marshall County",1,2,192,115,77
050,40,095,"Oklahoma","Marshall County",1,3,180,92,88
050,40,095,"Oklahoma","Marshall County",1,4,192,86,106
050,40,095,"Oklahoma","Marshall County",1,5,170,84,86
050,40,095,"Oklahoma","Marshall County",1,6,200,99,101
050,40,095,"Oklahoma","Marshall County",1,7,179,95,84
050,40,095,"Oklahoma","Marshall County",1,8,192,90,102
050,40,095,"Oklahoma","Marshall County",1,9,187,102,85
050,40,095,"Oklahoma","Marshall County",1,10,196,87,109
050,40,095,"Oklahoma","Marshall County",1,11,227,108,119
050,40,095,"Oklahoma","Marshall County",1,12,206,106,100
050,40,095,"Oklahoma","Marshall County",1,13,214,114,100
050,40,095,"Oklahoma","Marshall County",1,14,222,115,107
050,40,095,"Oklahoma","Marshall County",1,15,202,99,103
050,40,095,"Oklahoma","Marshall County",1,16,196,92,104
050,40,095,"Oklahoma","Marshall County",1,17,222,113,109
050,40,095,"Oklahoma","Marshall County",1,18,182,99,83
050,40,095,"Oklahoma","Marshall County",1,19,151,85,66
050,40,095,"Oklahoma","Marshall County",1,20,159,89,70
050,40,095,"Oklahoma","Marshall County",1,21,187,101,86
050,40,095,"Oklahoma","Marshall County",1,22,175,94,81
050,40,095,"Oklahoma","Marshall County",1,23,151,77,74
050,40,095,"Oklahoma","Marshall County",1,24,148,72,76
050,40,095,"Oklahoma","Marshall County",1,25,166,86,80
050,40,095,"Oklahoma","Marshall County",1,26,167,87,80
050,40,095,"Oklahoma","Marshall County",1,27,167,81,86
050,40,095,"Oklahoma","Marshall County",1,28,172,87,85
050,40,095,"Oklahoma","Marshall County",1,29,162,84,78
050,40,095,"Oklahoma","Marshall County",1,30,169,84,85
050,40,095,"Oklahoma","Marshall County",1,31,144,80,64
050,40,095,"Oklahoma","Marshall County",1,32,148,69,79
050,40,095,"Oklahoma","Marshall County",1,33,145,67,78
050,40,095,"Oklahoma","Marshall County",1,34,147,66,81
050,40,095,"Oklahoma","Marshall County",1,35,162,89,73
050,40,095,"Oklahoma","Marshall County",1,36,153,79,74
050,40,095,"Oklahoma","Marshall County",1,37,171,85,86
050,40,095,"Oklahoma","Marshall County",1,38,163,89,74
050,40,095,"Oklahoma","Marshall County",1,39,172,85,87
050,40,095,"Oklahoma","Marshall County",1,40,168,75,93
050,40,095,"Oklahoma","Marshall County",1,41,167,81,86
050,40,095,"Oklahoma","Marshall County",1,42,177,84,93
050,40,095,"Oklahoma","Marshall County",1,43,177,79,98
050,40,095,"Oklahoma","Marshall County",1,44,158,81,77
050,40,095,"Oklahoma","Marshall County",1,45,169,80,89
050,40,095,"Oklahoma","Marshall County",1,46,184,85,99
050,40,095,"Oklahoma","Marshall County",1,47,168,82,86
050,40,095,"Oklahoma","Marshall County",1,48,173,80,93
050,40,095,"Oklahoma","Marshall County",1,49,174,80,94
050,40,095,"Oklahoma","Marshall County",1,50,181,93,88
050,40,095,"Oklahoma","Marshall County",1,51,188,100,88
050,40,095,"Oklahoma","Marshall County",1,52,186,96,90
050,40,095,"Oklahoma","Marshall County",1,53,175,88,87
050,40,095,"Oklahoma","Marshall County",1,54,203,105,98
050,40,095,"Oklahoma","Marshall County",1,55,201,99,102
050,40,095,"Oklahoma","Marshall County",1,56,206,101,105
050,40,095,"Oklahoma","Marshall County",1,57,215,107,108
050,40,095,"Oklahoma","Marshall County",1,58,217,111,106
050,40,095,"Oklahoma","Marshall County",1,59,244,112,132
050,40,095,"Oklahoma","Marshall County",1,60,218,99,119
050,40,095,"Oklahoma","Marshall County",1,61,212,105,107
050,40,095,"Oklahoma","Marshall County",1,62,244,121,123
050,40,095,"Oklahoma","Marshall County",1,63,254,130,124
050,40,095,"Oklahoma","Marshall County",1,64,210,107,103
050,40,095,"Oklahoma","Marshall County",1,65,199,98,101
050,40,095,"Oklahoma","Marshall County",1,66,191,99,92
050,40,095,"Oklahoma","Marshall County",1,67,179,83,96
050,40,095,"Oklahoma","Marshall County",1,68,189,82,107
050,40,095,"Oklahoma","Marshall County",1,69,175,89,86
050,40,095,"Oklahoma","Marshall County",1,70,201,111,90
050,40,095,"Oklahoma","Marshall County",1,71,191,92,99
050,40,095,"Oklahoma","Marshall County",1,72,197,94,103
050,40,095,"Oklahoma","Marshall County",1,73,213,113,100
050,40,095,"Oklahoma","Marshall County",1,74,146,76,70
050,40,095,"Oklahoma","Marshall County",1,75,151,70,81
050,40,095,"Oklahoma","Marshall County",1,76,171,84,87
050,40,095,"Oklahoma","Marshall County",1,77,146,72,74
050,40,095,"Oklahoma","Marshall County",1,78,128,63,65
050,40,095,"Oklahoma","Marshall County",1,79,119,61,58
050,40,095,"Oklahoma","Marshall County",1,80,91,50,41
050,40,095,"Oklahoma","Marshall County",1,81,91,52,39
050,40,095,"Oklahoma","Marshall County",1,82,95,47,48
050,40,095,"Oklahoma","Marshall County",1,83,83,46,37
050,40,095,"Oklahoma","Marshall County",1,84,65,27,38
050,40,095,"Oklahoma","Marshall County",1,85,332,125,207
050,40,095,"Oklahoma","Marshall County",2,0,173,95,78
050,40,095,"Oklahoma","Marshall County",2,1,170,96,74
050,40,095,"Oklahoma","Marshall County",2,2,185,111,74
050,40,095,"Oklahoma","Marshall County",2,3,185,100,85
050,40,095,"Oklahoma","Marshall County",2,4,190,91,99
050,40,095,"Oklahoma","Marshall County",2,5,178,86,92
050,40,095,"Oklahoma","Marshall County",2,6,193,96,97
050,40,095,"Oklahoma","Marshall County",2,7,186,98,88
050,40,095,"Oklahoma","Marshall County",2,8,187,93,94
050,40,095,"Oklahoma","Marshall County",2,9,189,100,89
050,40,095,"Oklahoma","Marshall County",2,10,198,91,107
050,40,095,"Oklahoma","Marshall County",2,11,218,103,115
050,40,095,"Oklahoma","Marshall County",2,12,211,107,104
050,40,095,"Oklahoma","Marshall County",2,13,214,113,101
050,40,095,"Oklahoma","Marshall County",2,14,219,115,104
050,40,095,"Oklahoma","Marshall County",2,15,204,102,102
050,40,095,"Oklahoma","Marshall County",2,16,197,95,102
050,40,095,"Oklahoma","Marshall County",2,17,218,110,108
050,40,095,"Oklahoma","Marshall County",2,18,182,97,85
050,40,095,"Oklahoma","Marshall County",2,19,154,86,68
050,40,095,"Oklahoma","Marshall County",2,20,165,92,73
050,40,095,"Oklahoma","Marshall County",2,21,181,99,82
050,40,095,"Oklahoma","Marshall County",2,22,179,96,83
050,40,095,"Oklahoma","Marshall County",2,23,160,83,77
050,40,095,"Oklahoma","Marshall County",2,24,150,73,77
050,40,095,"Oklahoma","Marshall County",2,25,159,81,78
050,40,095,"Oklahoma","Marshall County",2,26,165,86,79
050,40,095,"Oklahoma","Marshall County",2,27,169,83,86
050,40,095,"Oklahoma","Marshall County",2,28,174,87,87
050,40,095,"Oklahoma","Marshall County",2,29,168,86,82
050,40,095,"Oklahoma","Marshall County",2,30,168,85,83
050,40,095,"Oklahoma","Marshall County",2,31,148,78,70
050,40,095,"Oklahoma","Marshall County",2,32,145,72,73
050,40,095,"Oklahoma","Marshall County",2,33,145,68,77
050,40,095,"Oklahoma","Marshall County",2,34,145,65,80
050,40,095,"Oklahoma","Marshall County",2,35,163,88,75
050,40,095,"Oklahoma","Marshall County",2,36,153,80,73
050,40,095,"Oklahoma","Marshall County",2,37,168,84,84
050,40,095,"Oklahoma","Marshall County",2,38,167,89,78
050,40,095,"Oklahoma","Marshall County",2,39,168,83,85
050,40,095,"Oklahoma","Marshall County",2,40,170,77,93
050,40,095,"Oklahoma","Marshall County",2,41,168,81,87
050,40,095,"Oklahoma","Marshall County",2,42,174,82,92
050,40,095,"Oklahoma","Marshall County",2,43,176,79,97
050,40,095,"Oklahoma","Marshall County",2,44,161,80,81
050,40,095,"Oklahoma","Marshall County",2,45,168,81,87
050,40,095,"Oklahoma","Marshall County",2,46,179,84,95
050,40,095,"Oklahoma","Marshall County",2,47,172,83,89
050,40,095,"Oklahoma","Marshall County",2,48,171,80,91
050,40,095,"Oklahoma","Marshall County",2,49,176,82,94
050,40,095,"Oklahoma","Marshall County",2,50,179,91,88
050,40,095,"Oklahoma","Marshall County",2,51,187,98,89
050,40,095,"Oklahoma","Marshall County",2,52,187,99,88
050,40,095,"Oklahoma","Marshall County",2,53,179,92,87
050,40,095,"Oklahoma","Marshall County",2,54,196,100,96
050,40,095,"Oklahoma","Marshall County",2,55,202,101,101
050,40,095,"Oklahoma","Marshall County",2,56,204,101,103
050,40,095,"Oklahoma","Marshall County",2,57,214,107,107
050,40,095,"Oklahoma","Marshall County",2,58,217,111,106
050,40,095,"Oklahoma","Marshall County",2,59,239,112,127
050,40,095,"Oklahoma","Marshall County",2,60,225,103,122
050,40,095,"Oklahoma","Marshall County",2,61,213,104,109
050,40,095,"Oklahoma","Marshall County",2,62,236,118,118
050,40,095,"Oklahoma","Marshall County",2,63,256,130,126
050,40,095,"Oklahoma","Marshall County",2,64,220,112,108
050,40,095,"Oklahoma","Marshall County",2,65,206,104,102
050,40,095,"Oklahoma","Marshall County",2,66,194,101,93
050,40,095,"Oklahoma","Marshall County",2,67,182,85,97
050,40,095,"Oklahoma","Marshall County",2,68,183,82,101
050,40,095,"Oklahoma","Marshall County",2,69,181,90,91
050,40,095,"Oklahoma","Marshall County",2,70,196,106,90
050,40,095,"Oklahoma","Marshall County",2,71,192,94,98
050,40,095,"Oklahoma","Marshall County",2,72,195,93,102
050,40,095,"Oklahoma","Marshall County",2,73,220,115,105
050,40,095,"Oklahoma","Marshall County",2,74,153,80,73
050,40,095,"Oklahoma","Marshall County",2,75,149,72,77
050,40,095,"Oklahoma","Marshall County",2,76,163,78,85
050,40,095,"Oklahoma","Marshall County",2,77,153,75,78
050,40,095,"Oklahoma","Marshall County",2,78,128,63,65
050,40,095,"Oklahoma","Marshall County",2,79,118,61,57
050,40,095,"Oklahoma","Marshall County",2,80,97,53,44
050,40,095,"Oklahoma","Marshall County",2,81,89,51,38
050,40,095,"Oklahoma","Marshall County",2,82,95,48,47
050,40,095,"Oklahoma","Marshall County",2,83,80,42,38
050,40,095,"Oklahoma","Marshall County",2,84,68,32,36
050,40,095,"Oklahoma","Marshall County",2,85,338,128,210
050,40,095,"Oklahoma","Marshall County",3,0,204,103,101
050,40,095,"Oklahoma","Marshall County",3,1,184,108,76
050,40,095,"Oklahoma","Marshall County",3,2,184,96,88
050,40,095,"Oklahoma","Marshall County",3,3,188,113,75
050,40,095,"Oklahoma","Marshall County",3,4,188,97,91
050,40,095,"Oklahoma","Marshall County",3,5,195,99,96
050,40,095,"Oklahoma","Marshall County",3,6,186,90,96
050,40,095,"Oklahoma","Marshall County",3,7,201,99,102
050,40,095,"Oklahoma","Marshall County",3,8,171,88,83
050,40,095,"Oklahoma","Marshall County",3,9,185,95,90
050,40,095,"Oklahoma","Marshall County",3,10,196,102,94
050,40,095,"Oklahoma","Marshall County",3,11,189,86,103
050,40,095,"Oklahoma","Marshall County",3,12,210,101,109
050,40,095,"Oklahoma","Marshall County",3,13,221,110,111
050,40,095,"Oklahoma","Marshall County",3,14,217,112,105
050,40,095,"Oklahoma","Marshall County",3,15,222,112,110
050,40,095,"Oklahoma","Marshall County",3,16,201,101,100
050,40,095,"Oklahoma","Marshall County",3,17,200,93,107
050,40,095,"Oklahoma","Marshall County",3,18,190,103,87
050,40,095,"Oklahoma","Marshall County",3,19,154,78,76
050,40,095,"Oklahoma","Marshall County",3,20,172,92,80
050,40,095,"Oklahoma","Marshall County",3,21,161,89,72
050,40,095,"Oklahoma","Marshall County",3,22,176,99,77
050,40,095,"Oklahoma","Marshall County",3,23,172,98,74
050,40,095,"Oklahoma","Marshall County",3,24,163,78,85
050,40,095,"Oklahoma","Marshall County",3,25,152,82,70
050,40,095,"Oklahoma","Marshall County",3,26,168,79,89
050,40,095,"Oklahoma","Marshall County",3,27,175,93,82
050,40,095,"Oklahoma","Marshall County",3,28,168,87,81
050,40,095,"Oklahoma","Marshall County",3,29,194,97,97
050,40,095,"Oklahoma","Marshall County",3,30,162,83,79
050,40,095,"Oklahoma","Marshall County",3,31,164,81,83
050,40,095,"Oklahoma","Marshall County",3,32,159,83,76
050,40,095,"Oklahoma","Marshall County",3,33,162,85,77
050,40,095,"Oklahoma","Marshall County",3,34,137,59,78
050,40,095,"Oklahoma","Marshall County",3,35,161,74,87
050,40,095,"Oklahoma","Marshall County",3,36,167,89,78
050,40,095,"Oklahoma","Marshall County",3,37,166,87,79
050,40,095,"Oklahoma","Marshall County",3,38,169,83,86
050,40,095,"Oklahoma","Marshall County",3,39,172,90,82
050,40,095,"Oklahoma","Marshall County",3,40,170,82,88
050,40,095,"Oklahoma","Marshall County",3,41,175,82,93
050,40,095,"Oklahoma","Marshall County",3,42,171,81,90
050,40,095,"Oklahoma","Marshall County",3,43,164,81,83
050,40,095,"Oklahoma","Marshall County",3,44,173,81,92
050,40,095,"Oklahoma","Marshall County",3,45,157,79,78
050,40,095,"Oklahoma","Marshall County",3,46,171,83,88
050,40,095,"Oklahoma","Marshall County",3,47,178,90,88
050,40,095,"Oklahoma","Marshall County",3,48,174,84,90
050,40,095,"Oklahoma","Marshall County",3,49,173,82,91
050,40,095,"Oklahoma","Marshall County",3,50,177,84,93
050,40,095,"Oklahoma","Marshall County",3,51,184,94,90
050,40,095,"Oklahoma","Marshall County",3,52,196,102,94
050,40,095,"Oklahoma","Marshall County",3,53,182,97,85
050,40,095,"Oklahoma","Marshall County",3,54,193,98,95
050,40,095,"Oklahoma","Marshall County",3,55,199,100,99
050,40,095,"Oklahoma","Marshall County",3,56,227,110,117
050,40,095,"Oklahoma","Marshall County",3,57,212,109,103
050,40,095,"Oklahoma","Marshall County",3,58,225,110,115
050,40,095,"Oklahoma","Marshall County",3,59,219,111,108
050,40,095,"Oklahoma","Marshall County",3,60,241,113,128
050,40,095,"Oklahoma","Marshall County",3,61,240,111,129
050,40,095,"Oklahoma","Marshall County",3,62,219,112,107
050,40,095,"Oklahoma","Marshall County",3,63,246,123,123
050,40,095,"Oklahoma","Marshall County",3,64,260,135,125
050,40,095,"Oklahoma","Marshall County",3,65,226,110,116
050,40,095,"Oklahoma","Marshall County",3,66,211,109,102
050,40,095,"Oklahoma","Marshall County",3,67,186,93,93
050,40,095,"Oklahoma","Marshall County",3,68,182,86,96
050,40,095,"Oklahoma","Marshall County",3,69,179,81,98
050,40,095,"Oklahoma","Marshall County",3,70,176,88,88
050,40,095,"Oklahoma","Marshall County",3,71,191,104,87
050,40,095,"Oklahoma","Marshall County",3,72,186,94,92
050,40,095,"Oklahoma","Marshall County",3,73,186,89,97
050,40,095,"Oklahoma","Marshall County",3,74,211,110,101
050,40,095,"Oklahoma","Marshall County",3,75,146,78,68
050,40,095,"Oklahoma","Marshall County",3,76,142,69,73
050,40,095,"Oklahoma","Marshall County",3,77,157,74,83
050,40,095,"Oklahoma","Marshall County",3,78,150,71,79
050,40,095,"Oklahoma","Marshall County",3,79,118,59,59
050,40,095,"Oklahoma","Marshall County",3,80,107,57,50
050,40,095,"Oklahoma","Marshall County",3,81,92,50,42
050,40,095,"Oklahoma","Marshall County",3,82,84,50,34
050,40,095,"Oklahoma","Marshall County",3,83,82,36,46
050,40,095,"Oklahoma","Marshall County",3,84,70,36,34
050,40,095,"Oklahoma","Marshall County",3,85,338,133,205
050,40,095,"Oklahoma","Marshall County",4,0,220,105,115
050,40,095,"Oklahoma","Marshall County",4,1,204,98,106
050,40,095,"Oklahoma","Marshall County",4,2,195,115,80
050,40,095,"Oklahoma","Marshall County",4,3,196,101,95
050,40,095,"Oklahoma","Marshall County",4,4,193,108,85
050,40,095,"Oklahoma","Marshall County",4,5,192,96,96
050,40,095,"Oklahoma","Marshall County",4,6,207,103,104
050,40,095,"Oklahoma","Marshall County",4,7,192,90,102
050,40,095,"Oklahoma","Marshall County",4,8,207,103,104
050,40,095,"Oklahoma","Marshall County",4,9,187,91,96
050,40,095,"Oklahoma","Marshall County",4,10,192,95,97
050,40,095,"Oklahoma","Marshall County",4,11,199,105,94
050,40,095,"Oklahoma","Marshall County",4,12,191,92,99
050,40,095,"Oklahoma","Marshall County",4,13,211,100,111
050,40,095,"Oklahoma","Marshall County",4,14,235,120,115
050,40,095,"Oklahoma","Marshall County",4,15,223,122,101
050,40,095,"Oklahoma","Marshall County",4,16,230,117,113
050,40,095,"Oklahoma","Marshall County",4,17,208,103,105
050,40,095,"Oklahoma","Marshall County",4,18,175,88,87
050,40,095,"Oklahoma","Marshall County",4,19,168,87,81
050,40,095,"Oklahoma","Marshall County",4,20,164,87,77
050,40,095,"Oklahoma","Marshall County",4,21,174,93,81
050,40,095,"Oklahoma","Marshall County",4,22,164,86,78
050,40,095,"Oklahoma","Marshall County",4,23,179,103,76
050,40,095,"Oklahoma","Marshall County",4,24,176,102,74
050,40,095,"Oklahoma","Marshall County",4,25,164,84,80
050,40,095,"Oklahoma","Marshall County",4,26,163,87,76
050,40,095,"Oklahoma","Marshall County",4,27,163,75,88
050,40,095,"Oklahoma","Marshall County",4,28,183,100,83
050,40,095,"Oklahoma","Marshall County",4,29,178,93,85
050,40,095,"Oklahoma","Marshall County",4,30,198,91,107
050,40,095,"Oklahoma","Marshall County",4,31,160,81,79
050,40,095,"Oklahoma","Marshall County",4,32,182,90,92
050,40,095,"Oklahoma","Marshall County",4,33,171,82,89
050,40,095,"Oklahoma","Marshall County",4,34,160,82,78
050,40,095,"Oklahoma","Marshall County",4,35,158,77,81
050,40,095,"Oklahoma","Marshall County",4,36,166,70,96
050,40,095,"Oklahoma","Marshall County",4,37,180,97,83
050,40,095,"Oklahoma","Marshall County",4,38,174,94,80
050,40,095,"Oklahoma","Marshall County",4,39,172,81,91
050,40,095,"Oklahoma","Marshall County",4,40,180,91,89
050,40,095,"Oklahoma","Marshall County",4,41,175,89,86
050,40,095,"Oklahoma","Marshall County",4,42,177,85,92
050,40,095,"Oklahoma","Marshall County",4,43,187,92,95
050,40,095,"Oklahoma","Marshall County",4,44,164,82,82
050,40,095,"Oklahoma","Marshall County",4,45,172,81,91
050,40,095,"Oklahoma","Marshall County",4,46,161,76,85
050,40,095,"Oklahoma","Marshall County",4,47,177,91,86
050,40,095,"Oklahoma","Marshall County",4,48,178,85,93
050,40,095,"Oklahoma","Marshall County",4,49,185,91,94
050,40,095,"Oklahoma","Marshall County",4,50,183,87,96
050,40,095,"Oklahoma","Marshall County",4,51,172,81,91
050,40,095,"Oklahoma","Marshall County",4,52,200,102,98
050,40,095,"Oklahoma","Marshall County",4,53,190,97,93
050,40,095,"Oklahoma","Marshall County",4,54,187,92,95
050,40,095,"Oklahoma","Marshall County",4,55,199,97,102
050,40,095,"Oklahoma","Marshall County",4,56,212,106,106
050,40,095,"Oklahoma","Marshall County",4,57,236,119,117
050,40,095,"Oklahoma","Marshall County",4,58,208,109,99
050,40,095,"Oklahoma","Marshall County",4,59,230,109,121
050,40,095,"Oklahoma","Marshall County",4,60,214,109,105
050,40,095,"Oklahoma","Marshall County",4,61,247,116,131
050,40,095,"Oklahoma","Marshall County",4,62,238,109,129
050,40,095,"Oklahoma","Marshall County",4,63,228,116,112
050,40,095,"Oklahoma","Marshall County",4,64,257,128,129
050,40,095,"Oklahoma","Marshall County",4,65,253,131,122
050,40,095,"Oklahoma","Marshall County",4,66,241,120,121
050,40,095,"Oklahoma","Marshall County",4,67,208,106,102
050,40,095,"Oklahoma","Marshall County",4,68,183,91,92
050,40,095,"Oklahoma","Marshall County",4,69,180,84,96
050,40,095,"Oklahoma","Marshall County",4,70,170,75,95
050,40,095,"Oklahoma","Marshall County",4,71,170,83,87
050,40,095,"Oklahoma","Marshall County",4,72,189,103,86
050,40,095,"Oklahoma","Marshall County",4,73,179,88,91
050,40,095,"Oklahoma","Marshall County",4,74,187,85,102
050,40,095,"Oklahoma","Marshall County",4,75,196,99,97
050,40,095,"Oklahoma","Marshall County",4,76,134,68,66
050,40,095,"Oklahoma","Marshall County",4,77,136,65,71
050,40,095,"Oklahoma","Marshall County",4,78,149,71,78
050,40,095,"Oklahoma","Marshall County",4,79,136,64,72
050,40,095,"Oklahoma","Marshall County",4,80,109,53,56
050,40,095,"Oklahoma","Marshall County",4,81,103,57,46
050,40,095,"Oklahoma","Marshall County",4,82,87,47,40
050,40,095,"Oklahoma","Marshall County",4,83,68,36,32
050,40,095,"Oklahoma","Marshall County",4,84,72,31,41
050,40,095,"Oklahoma","Marshall County",4,85,360,151,209
050,40,095,"Oklahoma","Marshall County",5,0,214,103,111
050,40,095,"Oklahoma","Marshall County",5,1,207,108,99
050,40,095,"Oklahoma","Marshall County",5,2,201,96,105
050,40,095,"Oklahoma","Marshall County",5,3,191,113,78
050,40,095,"Oklahoma","Marshall County",5,4,178,96,82
050,40,095,"Oklahoma","Marshall County",5,5,194,113,81
050,40,095,"Oklahoma","Marshall County",5,6,192,96,96
050,40,095,"Oklahoma","Marshall County",5,7,210,105,105
050,40,095,"Oklahoma","Marshall County",5,8,188,86,102
050,40,095,"Oklahoma","Marshall County",5,9,210,103,107
050,40,095,"Oklahoma","Marshall County",5,10,180,86,94
050,40,095,"Oklahoma","Marshall County",5,11,202,102,100
050,40,095,"Oklahoma","Marshall County",5,12,214,114,100
050,40,095,"Oklahoma","Marshall County",5,13,198,98,100
050,40,095,"Oklahoma","Marshall County",5,14,219,106,113
050,40,095,"Oklahoma","Marshall County",5,15,245,123,122
050,40,095,"Oklahoma","Marshall County",5,16,213,115,98
050,40,095,"Oklahoma","Marshall County",5,17,242,126,116
050,40,095,"Oklahoma","Marshall County",5,18,174,92,82
050,40,095,"Oklahoma","Marshall County",5,19,152,69,83
050,40,095,"Oklahoma","Marshall County",5,20,167,85,82
050,40,095,"Oklahoma","Marshall County",5,21,177,90,87
050,40,095,"Oklahoma","Marshall County",5,22,180,96,84
050,40,095,"Oklahoma","Marshall County",5,23,171,89,82
050,40,095,"Oklahoma","Marshall County",5,24,178,99,79
050,40,095,"Oklahoma","Marshall County",5,25,169,97,72
050,40,095,"Oklahoma","Marshall County",5,26,160,83,77
050,40,095,"Oklahoma","Marshall County",5,27,166,86,80
050,40,095,"Oklahoma","Marshall County",5,28,147,72,75
050,40,095,"Oklahoma","Marshall County",5,29,181,101,80
050,40,095,"Oklahoma","Marshall County",5,30,171,88,83
050,40,095,"Oklahoma","Marshall County",5,31,200,90,110
050,40,095,"Oklahoma","Marshall County",5,32,164,85,79
050,40,095,"Oklahoma","Marshall County",5,33,179,87,92
050,40,095,"Oklahoma","Marshall County",5,34,158,74,84
050,40,095,"Oklahoma","Marshall County",5,35,160,80,80
050,40,095,"Oklahoma","Marshall County",5,36,166,73,93
050,40,095,"Oklahoma","Marshall County",5,37,167,72,95
050,40,095,"Oklahoma","Marshall County",5,38,187,98,89
050,40,095,"Oklahoma","Marshall County",5,39,175,87,88
050,40,095,"Oklahoma","Marshall County",5,40,179,82,97
050,40,095,"Oklahoma","Marshall County",5,41,185,99,86
050,40,095,"Oklahoma","Marshall County",5,42,172,87,85
050,40,095,"Oklahoma","Marshall County",5,43,184,84,100
050,40,095,"Oklahoma","Marshall County",5,44,190,89,101
050,40,095,"Oklahoma","Marshall County",5,45,159,82,77
050,40,095,"Oklahoma","Marshall County",5,46,168,75,93
050,40,095,"Oklahoma","Marshall County",5,47,165,82,83
050,40,095,"Oklahoma","Marshall County",5,48,182,86,96
050,40,095,"Oklahoma","Marshall County",5,49,176,89,87
050,40,095,"Oklahoma","Marshall County",5,50,183,89,94
050,40,095,"Oklahoma","Marshall County",5,51,191,91,100
050,40,095,"Oklahoma","Marshall County",5,52,176,83,93
050,40,095,"Oklahoma","Marshall County",5,53,201,101,100
050,40,095,"Oklahoma","Marshall County",5,54,202,97,105
050,40,095,"Oklahoma","Marshall County",5,55,194,95,99
050,40,095,"Oklahoma","Marshall County",5,56,210,106,104
050,40,095,"Oklahoma","Marshall County",5,57,213,111,102
050,40,095,"Oklahoma","Marshall County",5,58,237,121,116
050,40,095,"Oklahoma","Marshall County",5,59,208,105,103
050,40,095,"Oklahoma","Marshall County",5,60,241,109,132
050,40,095,"Oklahoma","Marshall County",5,61,217,108,109
050,40,095,"Oklahoma","Marshall County",5,62,255,121,134
050,40,095,"Oklahoma","Marshall County",5,63,234,109,125
050,40,095,"Oklahoma","Marshall County",5,64,237,119,118
050,40,095,"Oklahoma","Marshall County",5,65,258,128,130
050,40,095,"Oklahoma","Marshall County",5,66,252,131,121
050,40,095,"Oklahoma","Marshall County",5,67,231,112,119
050,40,095,"Oklahoma","Marshall County",5,68,196,102,94
050,40,095,"Oklahoma","Marshall County",5,69,184,89,95
050,40,095,"Oklahoma","Marshall County",5,70,170,81,89
050,40,095,"Oklahoma","Marshall County",5,71,156,65,91
050,40,095,"Oklahoma","Marshall County",5,72,163,80,83
050,40,095,"Oklahoma","Marshall County",5,73,188,101,87
050,40,095,"Oklahoma","Marshall County",5,74,174,83,91
050,40,095,"Oklahoma","Marshall County",5,75,175,81,94
050,40,095,"Oklahoma","Marshall County",5,76,184,91,93
050,40,095,"Oklahoma","Marshall County",5,77,127,64,63
050,40,095,"Oklahoma","Marshall County",5,78,131,61,70
050,40,095,"Oklahoma","Marshall County",5,79,136,67,69
050,40,095,"Oklahoma","Marshall County",5,80,121,55,66
050,40,095,"Oklahoma","Marshall County",5,81,102,49,53
050,40,095,"Oklahoma","Marshall County",5,82,94,51,43
050,40,095,"Oklahoma","Marshall County",5,83,78,40,38
050,40,095,"Oklahoma","Marshall County",5,84,61,34,27
050,40,095,"Oklahoma","Marshall County",5,85,383,161,222
050,40,097,"Oklahoma","Mayes County",1,0,429,220,209
050,40,097,"Oklahoma","Mayes County",1,1,470,241,229
050,40,097,"Oklahoma","Mayes County",1,2,459,229,230
050,40,097,"Oklahoma","Mayes County",1,3,447,224,223
050,40,097,"Oklahoma","Mayes County",1,4,471,234,237
050,40,097,"Oklahoma","Mayes County",1,5,469,247,222
050,40,097,"Oklahoma","Mayes County",1,6,547,287,260
050,40,097,"Oklahoma","Mayes County",1,7,503,248,255
050,40,097,"Oklahoma","Mayes County",1,8,525,281,244
050,40,097,"Oklahoma","Mayes County",1,9,510,288,222
050,40,097,"Oklahoma","Mayes County",1,10,533,276,257
050,40,097,"Oklahoma","Mayes County",1,11,545,285,260
050,40,097,"Oklahoma","Mayes County",1,12,558,275,283
050,40,097,"Oklahoma","Mayes County",1,13,592,301,291
050,40,097,"Oklahoma","Mayes County",1,14,521,260,261
050,40,097,"Oklahoma","Mayes County",1,15,489,264,225
050,40,097,"Oklahoma","Mayes County",1,16,550,315,235
050,40,097,"Oklahoma","Mayes County",1,17,522,289,233
050,40,097,"Oklahoma","Mayes County",1,18,453,241,212
050,40,097,"Oklahoma","Mayes County",1,19,419,214,205
050,40,097,"Oklahoma","Mayes County",1,20,427,229,198
050,40,097,"Oklahoma","Mayes County",1,21,432,226,206
050,40,097,"Oklahoma","Mayes County",1,22,442,226,216
050,40,097,"Oklahoma","Mayes County",1,23,471,232,239
050,40,097,"Oklahoma","Mayes County",1,24,425,221,204
050,40,097,"Oklahoma","Mayes County",1,25,437,234,203
050,40,097,"Oklahoma","Mayes County",1,26,481,249,232
050,40,097,"Oklahoma","Mayes County",1,27,476,251,225
050,40,097,"Oklahoma","Mayes County",1,28,523,243,280
050,40,097,"Oklahoma","Mayes County",1,29,498,232,266
050,40,097,"Oklahoma","Mayes County",1,30,474,224,250
050,40,097,"Oklahoma","Mayes County",1,31,459,239,220
050,40,097,"Oklahoma","Mayes County",1,32,428,222,206
050,40,097,"Oklahoma","Mayes County",1,33,430,208,222
050,40,097,"Oklahoma","Mayes County",1,34,449,220,229
050,40,097,"Oklahoma","Mayes County",1,35,444,214,230
050,40,097,"Oklahoma","Mayes County",1,36,443,205,238
050,40,097,"Oklahoma","Mayes County",1,37,485,244,241
050,40,097,"Oklahoma","Mayes County",1,38,496,252,244
050,40,097,"Oklahoma","Mayes County",1,39,501,251,250
050,40,097,"Oklahoma","Mayes County",1,40,484,250,234
050,40,097,"Oklahoma","Mayes County",1,41,449,224,225
050,40,097,"Oklahoma","Mayes County",1,42,485,249,236
050,40,097,"Oklahoma","Mayes County",1,43,472,242,230
050,40,097,"Oklahoma","Mayes County",1,44,439,236,203
050,40,097,"Oklahoma","Mayes County",1,45,471,240,231
050,40,097,"Oklahoma","Mayes County",1,46,460,221,239
050,40,097,"Oklahoma","Mayes County",1,47,463,237,226
050,40,097,"Oklahoma","Mayes County",1,48,469,242,227
050,40,097,"Oklahoma","Mayes County",1,49,511,274,237
050,40,097,"Oklahoma","Mayes County",1,50,520,275,245
050,40,097,"Oklahoma","Mayes County",1,51,494,259,235
050,40,097,"Oklahoma","Mayes County",1,52,479,237,242
050,40,097,"Oklahoma","Mayes County",1,53,469,249,220
050,40,097,"Oklahoma","Mayes County",1,54,479,256,223
050,40,097,"Oklahoma","Mayes County",1,55,514,264,250
050,40,097,"Oklahoma","Mayes County",1,56,535,275,260
050,40,097,"Oklahoma","Mayes County",1,57,534,272,262
050,40,097,"Oklahoma","Mayes County",1,58,543,272,271
050,40,097,"Oklahoma","Mayes County",1,59,546,269,277
050,40,097,"Oklahoma","Mayes County",1,60,557,262,295
050,40,097,"Oklahoma","Mayes County",1,61,538,264,274
050,40,097,"Oklahoma","Mayes County",1,62,580,297,283
050,40,097,"Oklahoma","Mayes County",1,63,561,278,283
050,40,097,"Oklahoma","Mayes County",1,64,525,278,247
050,40,097,"Oklahoma","Mayes County",1,65,515,256,259
050,40,097,"Oklahoma","Mayes County",1,66,505,266,239
050,40,097,"Oklahoma","Mayes County",1,67,467,247,220
050,40,097,"Oklahoma","Mayes County",1,68,482,229,253
050,40,097,"Oklahoma","Mayes County",1,69,440,188,252
050,40,097,"Oklahoma","Mayes County",1,70,401,181,220
050,40,097,"Oklahoma","Mayes County",1,71,394,180,214
050,40,097,"Oklahoma","Mayes County",1,72,428,199,229
050,40,097,"Oklahoma","Mayes County",1,73,426,200,226
050,40,097,"Oklahoma","Mayes County",1,74,319,156,163
050,40,097,"Oklahoma","Mayes County",1,75,314,161,153
050,40,097,"Oklahoma","Mayes County",1,76,290,143,147
050,40,097,"Oklahoma","Mayes County",1,77,293,145,148
050,40,097,"Oklahoma","Mayes County",1,78,255,120,135
050,40,097,"Oklahoma","Mayes County",1,79,228,107,121
050,40,097,"Oklahoma","Mayes County",1,80,224,102,122
050,40,097,"Oklahoma","Mayes County",1,81,191,89,102
050,40,097,"Oklahoma","Mayes County",1,82,171,75,96
050,40,097,"Oklahoma","Mayes County",1,83,138,55,83
050,40,097,"Oklahoma","Mayes County",1,84,121,46,75
050,40,097,"Oklahoma","Mayes County",1,85,638,248,390
050,40,097,"Oklahoma","Mayes County",2,0,428,221,207
050,40,097,"Oklahoma","Mayes County",2,1,460,236,224
050,40,097,"Oklahoma","Mayes County",2,2,458,230,228
050,40,097,"Oklahoma","Mayes County",2,3,451,225,226
050,40,097,"Oklahoma","Mayes County",2,4,466,233,233
050,40,097,"Oklahoma","Mayes County",2,5,470,244,226
050,40,097,"Oklahoma","Mayes County",2,6,526,276,250
050,40,097,"Oklahoma","Mayes County",2,7,518,261,257
050,40,097,"Oklahoma","Mayes County",2,8,514,269,245
050,40,097,"Oklahoma","Mayes County",2,9,513,287,226
050,40,097,"Oklahoma","Mayes County",2,10,528,280,248
050,40,097,"Oklahoma","Mayes County",2,11,538,278,260
050,40,097,"Oklahoma","Mayes County",2,12,561,280,281
050,40,097,"Oklahoma","Mayes County",2,13,578,291,287
050,40,097,"Oklahoma","Mayes County",2,14,536,269,267
050,40,097,"Oklahoma","Mayes County",2,15,495,262,233
050,40,097,"Oklahoma","Mayes County",2,16,549,314,235
050,40,097,"Oklahoma","Mayes County",2,17,521,289,232
050,40,097,"Oklahoma","Mayes County",2,18,447,240,207
050,40,097,"Oklahoma","Mayes County",2,19,412,212,200
050,40,097,"Oklahoma","Mayes County",2,20,434,230,204
050,40,097,"Oklahoma","Mayes County",2,21,439,231,208
050,40,097,"Oklahoma","Mayes County",2,22,445,227,218
050,40,097,"Oklahoma","Mayes County",2,23,467,233,234
050,40,097,"Oklahoma","Mayes County",2,24,438,227,211
050,40,097,"Oklahoma","Mayes County",2,25,438,232,206
050,40,097,"Oklahoma","Mayes County",2,26,475,248,227
050,40,097,"Oklahoma","Mayes County",2,27,479,251,228
050,40,097,"Oklahoma","Mayes County",2,28,513,244,269
050,40,097,"Oklahoma","Mayes County",2,29,508,234,274
050,40,097,"Oklahoma","Mayes County",2,30,486,230,256
050,40,097,"Oklahoma","Mayes County",2,31,461,236,225
050,40,097,"Oklahoma","Mayes County",2,32,438,228,210
050,40,097,"Oklahoma","Mayes County",2,33,433,214,219
050,40,097,"Oklahoma","Mayes County",2,34,448,220,228
050,40,097,"Oklahoma","Mayes County",2,35,446,214,232
050,40,097,"Oklahoma","Mayes County",2,36,444,206,238
050,40,097,"Oklahoma","Mayes County",2,37,480,237,243
050,40,097,"Oklahoma","Mayes County",2,38,501,255,246
050,40,097,"Oklahoma","Mayes County",2,39,501,250,251
050,40,097,"Oklahoma","Mayes County",2,40,487,252,235
050,40,097,"Oklahoma","Mayes County",2,41,458,232,226
050,40,097,"Oklahoma","Mayes County",2,42,474,241,233
050,40,097,"Oklahoma","Mayes County",2,43,480,246,234
050,40,097,"Oklahoma","Mayes County",2,44,443,236,207
050,40,097,"Oklahoma","Mayes County",2,45,466,241,225
050,40,097,"Oklahoma","Mayes County",2,46,459,225,234
050,40,097,"Oklahoma","Mayes County",2,47,462,232,230
050,40,097,"Oklahoma","Mayes County",2,48,469,241,228
050,40,097,"Oklahoma","Mayes County",2,49,504,268,236
050,40,097,"Oklahoma","Mayes County",2,50,521,275,246
050,40,097,"Oklahoma","Mayes County",2,51,499,262,237
050,40,097,"Oklahoma","Mayes County",2,52,482,242,240
050,40,097,"Oklahoma","Mayes County",2,53,472,246,226
050,40,097,"Oklahoma","Mayes County",2,54,471,252,219
050,40,097,"Oklahoma","Mayes County",2,55,503,260,243
050,40,097,"Oklahoma","Mayes County",2,56,532,274,258
050,40,097,"Oklahoma","Mayes County",2,57,536,274,262
050,40,097,"Oklahoma","Mayes County",2,58,538,269,269
050,40,097,"Oklahoma","Mayes County",2,59,546,269,277
050,40,097,"Oklahoma","Mayes County",2,60,551,262,289
050,40,097,"Oklahoma","Mayes County",2,61,537,262,275
050,40,097,"Oklahoma","Mayes County",2,62,571,290,281
050,40,097,"Oklahoma","Mayes County",2,63,571,286,285
050,40,097,"Oklahoma","Mayes County",2,64,530,275,255
050,40,097,"Oklahoma","Mayes County",2,65,516,262,254
050,40,097,"Oklahoma","Mayes County",2,66,506,261,245
050,40,097,"Oklahoma","Mayes County",2,67,474,252,222
050,40,097,"Oklahoma","Mayes County",2,68,478,234,244
050,40,097,"Oklahoma","Mayes County",2,69,452,200,252
050,40,097,"Oklahoma","Mayes County",2,70,409,183,226
050,40,097,"Oklahoma","Mayes County",2,71,395,178,217
050,40,097,"Oklahoma","Mayes County",2,72,410,190,220
050,40,097,"Oklahoma","Mayes County",2,73,443,204,239
050,40,097,"Oklahoma","Mayes County",2,74,318,155,163
050,40,097,"Oklahoma","Mayes County",2,75,312,155,157
050,40,097,"Oklahoma","Mayes County",2,76,288,143,145
050,40,097,"Oklahoma","Mayes County",2,77,297,146,151
050,40,097,"Oklahoma","Mayes County",2,78,253,119,134
050,40,097,"Oklahoma","Mayes County",2,79,229,106,123
050,40,097,"Oklahoma","Mayes County",2,80,217,100,117
050,40,097,"Oklahoma","Mayes County",2,81,189,86,103
050,40,097,"Oklahoma","Mayes County",2,82,174,77,97
050,40,097,"Oklahoma","Mayes County",2,83,140,57,83
050,40,097,"Oklahoma","Mayes County",2,84,125,48,77
050,40,097,"Oklahoma","Mayes County",2,85,629,244,385
050,40,097,"Oklahoma","Mayes County",3,0,448,235,213
050,40,097,"Oklahoma","Mayes County",3,1,439,223,216
050,40,097,"Oklahoma","Mayes County",3,2,461,226,235
050,40,097,"Oklahoma","Mayes County",3,3,478,236,242
050,40,097,"Oklahoma","Mayes County",3,4,447,221,226
050,40,097,"Oklahoma","Mayes County",3,5,482,254,228
050,40,097,"Oklahoma","Mayes County",3,6,496,253,243
050,40,097,"Oklahoma","Mayes County",3,7,523,280,243
050,40,097,"Oklahoma","Mayes County",3,8,525,269,256
050,40,097,"Oklahoma","Mayes County",3,9,517,272,245
050,40,097,"Oklahoma","Mayes County",3,10,511,289,222
050,40,097,"Oklahoma","Mayes County",3,11,543,277,266
050,40,097,"Oklahoma","Mayes County",3,12,544,272,272
050,40,097,"Oklahoma","Mayes County",3,13,571,292,279
050,40,097,"Oklahoma","Mayes County",3,14,585,291,294
050,40,097,"Oklahoma","Mayes County",3,15,529,265,264
050,40,097,"Oklahoma","Mayes County",3,16,562,313,249
050,40,097,"Oklahoma","Mayes County",3,17,523,294,229
050,40,097,"Oklahoma","Mayes County",3,18,449,245,204
050,40,097,"Oklahoma","Mayes County",3,19,380,205,175
050,40,097,"Oklahoma","Mayes County",3,20,447,221,226
050,40,097,"Oklahoma","Mayes County",3,21,452,231,221
050,40,097,"Oklahoma","Mayes County",3,22,458,233,225
050,40,097,"Oklahoma","Mayes County",3,23,450,231,219
050,40,097,"Oklahoma","Mayes County",3,24,487,248,239
050,40,097,"Oklahoma","Mayes County",3,25,439,221,218
050,40,097,"Oklahoma","Mayes County",3,26,462,231,231
050,40,097,"Oklahoma","Mayes County",3,27,481,258,223
050,40,097,"Oklahoma","Mayes County",3,28,484,244,240
050,40,097,"Oklahoma","Mayes County",3,29,509,238,271
050,40,097,"Oklahoma","Mayes County",3,30,525,253,272
050,40,097,"Oklahoma","Mayes County",3,31,486,233,253
050,40,097,"Oklahoma","Mayes County",3,32,459,234,225
050,40,097,"Oklahoma","Mayes County",3,33,446,224,222
050,40,097,"Oklahoma","Mayes County",3,34,450,224,226
050,40,097,"Oklahoma","Mayes County",3,35,438,213,225
050,40,097,"Oklahoma","Mayes County",3,36,446,216,230
050,40,097,"Oklahoma","Mayes County",3,37,446,207,239
050,40,097,"Oklahoma","Mayes County",3,38,489,241,248
050,40,097,"Oklahoma","Mayes County",3,39,503,264,239
050,40,097,"Oklahoma","Mayes County",3,40,506,254,252
050,40,097,"Oklahoma","Mayes County",3,41,502,266,236
050,40,097,"Oklahoma","Mayes County",3,42,453,233,220
050,40,097,"Oklahoma","Mayes County",3,43,480,242,238
050,40,097,"Oklahoma","Mayes County",3,44,487,242,245
050,40,097,"Oklahoma","Mayes County",3,45,446,240,206
050,40,097,"Oklahoma","Mayes County",3,46,453,239,214
050,40,097,"Oklahoma","Mayes County",3,47,468,231,237
050,40,097,"Oklahoma","Mayes County",3,48,470,232,238
050,40,097,"Oklahoma","Mayes County",3,49,481,248,233
050,40,097,"Oklahoma","Mayes County",3,50,507,266,241
050,40,097,"Oklahoma","Mayes County",3,51,516,265,251
050,40,097,"Oklahoma","Mayes County",3,52,505,262,243
050,40,097,"Oklahoma","Mayes County",3,53,479,246,233
050,40,097,"Oklahoma","Mayes County",3,54,473,244,229
050,40,097,"Oklahoma","Mayes County",3,55,471,253,218
050,40,097,"Oklahoma","Mayes County",3,56,497,257,240
050,40,097,"Oklahoma","Mayes County",3,57,541,284,257
050,40,097,"Oklahoma","Mayes County",3,58,516,259,257
050,40,097,"Oklahoma","Mayes County",3,59,547,273,274
050,40,097,"Oklahoma","Mayes County",3,60,538,263,275
050,40,097,"Oklahoma","Mayes County",3,61,538,250,288
050,40,097,"Oklahoma","Mayes County",3,62,531,260,271
050,40,097,"Oklahoma","Mayes County",3,63,570,287,283
050,40,097,"Oklahoma","Mayes County",3,64,593,297,296
050,40,097,"Oklahoma","Mayes County",3,65,511,265,246
050,40,097,"Oklahoma","Mayes County",3,66,509,254,255
050,40,097,"Oklahoma","Mayes County",3,67,485,249,236
050,40,097,"Oklahoma","Mayes County",3,68,472,246,226
050,40,097,"Oklahoma","Mayes County",3,69,472,237,235
050,40,097,"Oklahoma","Mayes County",3,70,450,200,250
050,40,097,"Oklahoma","Mayes County",3,71,386,166,220
050,40,097,"Oklahoma","Mayes County",3,72,377,167,210
050,40,097,"Oklahoma","Mayes County",3,73,394,184,210
050,40,097,"Oklahoma","Mayes County",3,74,418,189,229
050,40,097,"Oklahoma","Mayes County",3,75,293,137,156
050,40,097,"Oklahoma","Mayes County",3,76,297,144,153
050,40,097,"Oklahoma","Mayes County",3,77,270,132,138
050,40,097,"Oklahoma","Mayes County",3,78,276,136,140
050,40,097,"Oklahoma","Mayes County",3,79,226,100,126
050,40,097,"Oklahoma","Mayes County",3,80,204,94,110
050,40,097,"Oklahoma","Mayes County",3,81,197,91,106
050,40,097,"Oklahoma","Mayes County",3,82,173,77,96
050,40,097,"Oklahoma","Mayes County",3,83,153,60,93
050,40,097,"Oklahoma","Mayes County",3,84,128,54,74
050,40,097,"Oklahoma","Mayes County",3,85,630,241,389
050,40,097,"Oklahoma","Mayes County",4,0,472,252,220
050,40,097,"Oklahoma","Mayes County",4,1,466,245,221
050,40,097,"Oklahoma","Mayes County",4,2,459,225,234
050,40,097,"Oklahoma","Mayes County",4,3,453,228,225
050,40,097,"Oklahoma","Mayes County",4,4,498,258,240
050,40,097,"Oklahoma","Mayes County",4,5,477,239,238
050,40,097,"Oklahoma","Mayes County",4,6,479,248,231
050,40,097,"Oklahoma","Mayes County",4,7,512,250,262
050,40,097,"Oklahoma","Mayes County",4,8,526,286,240
050,40,097,"Oklahoma","Mayes County",4,9,523,262,261
050,40,097,"Oklahoma","Mayes County",4,10,525,279,246
050,40,097,"Oklahoma","Mayes County",4,11,525,298,227
050,40,097,"Oklahoma","Mayes County",4,12,527,273,254
050,40,097,"Oklahoma","Mayes County",4,13,533,269,264
050,40,097,"Oklahoma","Mayes County",4,14,565,290,275
050,40,097,"Oklahoma","Mayes County",4,15,578,295,283
050,40,097,"Oklahoma","Mayes County",4,16,586,310,276
050,40,097,"Oklahoma","Mayes County",4,17,537,301,236
050,40,097,"Oklahoma","Mayes County",4,18,436,238,198
050,40,097,"Oklahoma","Mayes County",4,19,383,203,180
050,40,097,"Oklahoma","Mayes County",4,20,388,209,179
050,40,097,"Oklahoma","Mayes County",4,21,457,239,218
050,40,097,"Oklahoma","Mayes County",4,22,470,237,233
050,40,097,"Oklahoma","Mayes County",4,23,469,247,222
050,40,097,"Oklahoma","Mayes County",4,24,485,249,236
050,40,097,"Oklahoma","Mayes County",4,25,481,248,233
050,40,097,"Oklahoma","Mayes County",4,26,455,234,221
050,40,097,"Oklahoma","Mayes County",4,27,490,239,251
050,40,097,"Oklahoma","Mayes County",4,28,490,252,238
050,40,097,"Oklahoma","Mayes County",4,29,495,256,239
050,40,097,"Oklahoma","Mayes County",4,30,521,248,273
050,40,097,"Oklahoma","Mayes County",4,31,522,253,269
050,40,097,"Oklahoma","Mayes County",4,32,472,229,243
050,40,097,"Oklahoma","Mayes County",4,33,476,239,237
050,40,097,"Oklahoma","Mayes County",4,34,457,231,226
050,40,097,"Oklahoma","Mayes County",4,35,462,227,235
050,40,097,"Oklahoma","Mayes County",4,36,444,210,234
050,40,097,"Oklahoma","Mayes County",4,37,469,233,236
050,40,097,"Oklahoma","Mayes County",4,38,472,222,250
050,40,097,"Oklahoma","Mayes County",4,39,493,237,256
050,40,097,"Oklahoma","Mayes County",4,40,522,279,243
050,40,097,"Oklahoma","Mayes County",4,41,516,260,256
050,40,097,"Oklahoma","Mayes County",4,42,517,282,235
050,40,097,"Oklahoma","Mayes County",4,43,455,227,228
050,40,097,"Oklahoma","Mayes County",4,44,481,242,239
050,40,097,"Oklahoma","Mayes County",4,45,489,247,242
050,40,097,"Oklahoma","Mayes County",4,46,447,232,215
050,40,097,"Oklahoma","Mayes County",4,47,461,238,223
050,40,097,"Oklahoma","Mayes County",4,48,484,237,247
050,40,097,"Oklahoma","Mayes County",4,49,493,247,246
050,40,097,"Oklahoma","Mayes County",4,50,485,249,236
050,40,097,"Oklahoma","Mayes County",4,51,517,263,254
050,40,097,"Oklahoma","Mayes County",4,52,531,271,260
050,40,097,"Oklahoma","Mayes County",4,53,514,260,254
050,40,097,"Oklahoma","Mayes County",4,54,488,246,242
050,40,097,"Oklahoma","Mayes County",4,55,479,240,239
050,40,097,"Oklahoma","Mayes County",4,56,477,262,215
050,40,097,"Oklahoma","Mayes County",4,57,503,263,240
050,40,097,"Oklahoma","Mayes County",4,58,525,278,247
050,40,097,"Oklahoma","Mayes County",4,59,506,255,251
050,40,097,"Oklahoma","Mayes County",4,60,544,268,276
050,40,097,"Oklahoma","Mayes County",4,61,528,254,274
050,40,097,"Oklahoma","Mayes County",4,62,544,257,287
050,40,097,"Oklahoma","Mayes County",4,63,537,270,267
050,40,097,"Oklahoma","Mayes County",4,64,543,283,260
050,40,097,"Oklahoma","Mayes County",4,65,570,290,280
050,40,097,"Oklahoma","Mayes County",4,66,518,259,259
050,40,097,"Oklahoma","Mayes County",4,67,493,242,251
050,40,097,"Oklahoma","Mayes County",4,68,488,246,242
050,40,097,"Oklahoma","Mayes County",4,69,471,246,225
050,40,097,"Oklahoma","Mayes County",4,70,450,226,224
050,40,097,"Oklahoma","Mayes County",4,71,433,187,246
050,40,097,"Oklahoma","Mayes County",4,72,372,159,213
050,40,097,"Oklahoma","Mayes County",4,73,362,160,202
050,40,097,"Oklahoma","Mayes County",4,74,374,168,206
050,40,097,"Oklahoma","Mayes County",4,75,402,182,220
050,40,097,"Oklahoma","Mayes County",4,76,276,126,150
050,40,097,"Oklahoma","Mayes County",4,77,279,133,146
050,40,097,"Oklahoma","Mayes County",4,78,253,122,131
050,40,097,"Oklahoma","Mayes County",4,79,258,123,135
050,40,097,"Oklahoma","Mayes County",4,80,204,90,114
050,40,097,"Oklahoma","Mayes County",4,81,181,82,99
050,40,097,"Oklahoma","Mayes County",4,82,175,81,94
050,40,097,"Oklahoma","Mayes County",4,83,148,63,85
050,40,097,"Oklahoma","Mayes County",4,84,138,54,84
050,40,097,"Oklahoma","Mayes County",4,85,611,229,382
050,40,097,"Oklahoma","Mayes County",5,0,469,250,219
050,40,097,"Oklahoma","Mayes County",5,1,492,258,234
050,40,097,"Oklahoma","Mayes County",5,2,470,250,220
050,40,097,"Oklahoma","Mayes County",5,3,454,223,231
050,40,097,"Oklahoma","Mayes County",5,4,481,238,243
050,40,097,"Oklahoma","Mayes County",5,5,508,260,248
050,40,097,"Oklahoma","Mayes County",5,6,487,239,248
050,40,097,"Oklahoma","Mayes County",5,7,490,248,242
050,40,097,"Oklahoma","Mayes County",5,8,519,254,265
050,40,097,"Oklahoma","Mayes County",5,9,531,289,242
050,40,097,"Oklahoma","Mayes County",5,10,540,282,258
050,40,097,"Oklahoma","Mayes County",5,11,522,269,253
050,40,097,"Oklahoma","Mayes County",5,12,542,300,242
050,40,097,"Oklahoma","Mayes County",5,13,533,275,258
050,40,097,"Oklahoma","Mayes County",5,14,532,258,274
050,40,097,"Oklahoma","Mayes County",5,15,565,283,282
050,40,097,"Oklahoma","Mayes County",5,16,631,339,292
050,40,097,"Oklahoma","Mayes County",5,17,564,293,271
050,40,097,"Oklahoma","Mayes County",5,18,451,251,200
050,40,097,"Oklahoma","Mayes County",5,19,365,198,167
050,40,097,"Oklahoma","Mayes County",5,20,395,203,192
050,40,097,"Oklahoma","Mayes County",5,21,403,218,185
050,40,097,"Oklahoma","Mayes County",5,22,478,243,235
050,40,097,"Oklahoma","Mayes County",5,23,488,245,243
050,40,097,"Oklahoma","Mayes County",5,24,478,264,214
050,40,097,"Oklahoma","Mayes County",5,25,492,251,241
050,40,097,"Oklahoma","Mayes County",5,26,506,253,253
050,40,097,"Oklahoma","Mayes County",5,27,453,235,218
050,40,097,"Oklahoma","Mayes County",5,28,503,243,260
050,40,097,"Oklahoma","Mayes County",5,29,530,273,257
050,40,097,"Oklahoma","Mayes County",5,30,497,259,238
050,40,097,"Oklahoma","Mayes County",5,31,548,258,290
050,40,097,"Oklahoma","Mayes County",5,32,519,247,272
050,40,097,"Oklahoma","Mayes County",5,33,492,228,264
050,40,097,"Oklahoma","Mayes County",5,34,475,230,245
050,40,097,"Oklahoma","Mayes County",5,35,463,230,233
050,40,097,"Oklahoma","Mayes County",5,36,476,236,240
050,40,097,"Oklahoma","Mayes County",5,37,452,215,237
050,40,097,"Oklahoma","Mayes County",5,38,475,239,236
050,40,097,"Oklahoma","Mayes County",5,39,474,226,248
050,40,097,"Oklahoma","Mayes County",5,40,493,243,250
050,40,097,"Oklahoma","Mayes County",5,41,540,290,250
050,40,097,"Oklahoma","Mayes County",5,42,511,258,253
050,40,097,"Oklahoma","Mayes County",5,43,527,283,244
050,40,097,"Oklahoma","Mayes County",5,44,438,217,221
050,40,097,"Oklahoma","Mayes County",5,45,480,249,231
050,40,097,"Oklahoma","Mayes County",5,46,485,244,241
050,40,097,"Oklahoma","Mayes County",5,47,448,236,212
050,40,097,"Oklahoma","Mayes County",5,48,474,239,235
050,40,097,"Oklahoma","Mayes County",5,49,487,240,247
050,40,097,"Oklahoma","Mayes County",5,50,483,240,243
050,40,097,"Oklahoma","Mayes County",5,51,478,243,235
050,40,097,"Oklahoma","Mayes County",5,52,521,267,254
050,40,097,"Oklahoma","Mayes County",5,53,531,271,260
050,40,097,"Oklahoma","Mayes County",5,54,524,272,252
050,40,097,"Oklahoma","Mayes County",5,55,503,248,255
050,40,097,"Oklahoma","Mayes County",5,56,468,232,236
050,40,097,"Oklahoma","Mayes County",5,57,486,266,220
050,40,097,"Oklahoma","Mayes County",5,58,497,256,241
050,40,097,"Oklahoma","Mayes County",5,59,515,269,246
050,40,097,"Oklahoma","Mayes County",5,60,506,254,252
050,40,097,"Oklahoma","Mayes County",5,61,535,263,272
050,40,097,"Oklahoma","Mayes County",5,62,533,260,273
050,40,097,"Oklahoma","Mayes County",5,63,541,259,282
050,40,097,"Oklahoma","Mayes County",5,64,534,265,269
050,40,097,"Oklahoma","Mayes County",5,65,536,276,260
050,40,097,"Oklahoma","Mayes County",5,66,574,289,285
050,40,097,"Oklahoma","Mayes County",5,67,511,255,256
050,40,097,"Oklahoma","Mayes County",5,68,492,237,255
050,40,097,"Oklahoma","Mayes County",5,69,487,248,239
050,40,097,"Oklahoma","Mayes County",5,70,458,237,221
050,40,097,"Oklahoma","Mayes County",5,71,428,210,218
050,40,097,"Oklahoma","Mayes County",5,72,426,186,240
050,40,097,"Oklahoma","Mayes County",5,73,355,153,202
050,40,097,"Oklahoma","Mayes County",5,74,336,143,193
050,40,097,"Oklahoma","Mayes County",5,75,365,161,204
050,40,097,"Oklahoma","Mayes County",5,76,384,172,212
050,40,097,"Oklahoma","Mayes County",5,77,260,117,143
050,40,097,"Oklahoma","Mayes County",5,78,260,122,138
050,40,097,"Oklahoma","Mayes County",5,79,243,116,127
050,40,097,"Oklahoma","Mayes County",5,80,246,112,134
050,40,097,"Oklahoma","Mayes County",5,81,186,81,105
050,40,097,"Oklahoma","Mayes County",5,82,162,74,88
050,40,097,"Oklahoma","Mayes County",5,83,156,73,83
050,40,097,"Oklahoma","Mayes County",5,84,135,60,75
050,40,097,"Oklahoma","Mayes County",5,85,608,223,385
050,40,099,"Oklahoma","Murray County",1,0,156,80,76
050,40,099,"Oklahoma","Murray County",1,1,141,71,70
050,40,099,"Oklahoma","Murray County",1,2,166,89,77
050,40,099,"Oklahoma","Murray County",1,3,168,90,78
050,40,099,"Oklahoma","Murray County",1,4,172,93,79
050,40,099,"Oklahoma","Murray County",1,5,167,87,80
050,40,099,"Oklahoma","Murray County",1,6,166,95,71
050,40,099,"Oklahoma","Murray County",1,7,171,88,83
050,40,099,"Oklahoma","Murray County",1,8,179,92,87
050,40,099,"Oklahoma","Murray County",1,9,180,101,79
050,40,099,"Oklahoma","Murray County",1,10,196,103,93
050,40,099,"Oklahoma","Murray County",1,11,171,81,90
050,40,099,"Oklahoma","Murray County",1,12,207,111,96
050,40,099,"Oklahoma","Murray County",1,13,225,116,109
050,40,099,"Oklahoma","Murray County",1,14,210,105,105
050,40,099,"Oklahoma","Murray County",1,15,191,98,93
050,40,099,"Oklahoma","Murray County",1,16,189,100,89
050,40,099,"Oklahoma","Murray County",1,17,183,104,79
050,40,099,"Oklahoma","Murray County",1,18,176,99,77
050,40,099,"Oklahoma","Murray County",1,19,147,86,61
050,40,099,"Oklahoma","Murray County",1,20,144,79,65
050,40,099,"Oklahoma","Murray County",1,21,145,72,73
050,40,099,"Oklahoma","Murray County",1,22,142,70,72
050,40,099,"Oklahoma","Murray County",1,23,148,88,60
050,40,099,"Oklahoma","Murray County",1,24,157,79,78
050,40,099,"Oklahoma","Murray County",1,25,133,72,61
050,40,099,"Oklahoma","Murray County",1,26,138,68,70
050,40,099,"Oklahoma","Murray County",1,27,153,68,85
050,40,099,"Oklahoma","Murray County",1,28,160,70,90
050,40,099,"Oklahoma","Murray County",1,29,152,65,87
050,40,099,"Oklahoma","Murray County",1,30,150,70,80
050,40,099,"Oklahoma","Murray County",1,31,146,79,67
050,40,099,"Oklahoma","Murray County",1,32,143,80,63
050,40,099,"Oklahoma","Murray County",1,33,163,83,80
050,40,099,"Oklahoma","Murray County",1,34,147,76,71
050,40,099,"Oklahoma","Murray County",1,35,164,83,81
050,40,099,"Oklahoma","Murray County",1,36,170,85,85
050,40,099,"Oklahoma","Murray County",1,37,194,91,103
050,40,099,"Oklahoma","Murray County",1,38,179,85,94
050,40,099,"Oklahoma","Murray County",1,39,165,89,76
050,40,099,"Oklahoma","Murray County",1,40,168,86,82
050,40,099,"Oklahoma","Murray County",1,41,171,84,87
050,40,099,"Oklahoma","Murray County",1,42,143,67,76
050,40,099,"Oklahoma","Murray County",1,43,157,78,79
050,40,099,"Oklahoma","Murray County",1,44,153,78,75
050,40,099,"Oklahoma","Murray County",1,45,138,65,73
050,40,099,"Oklahoma","Murray County",1,46,167,90,77
050,40,099,"Oklahoma","Murray County",1,47,180,87,93
050,40,099,"Oklahoma","Murray County",1,48,191,92,99
050,40,099,"Oklahoma","Murray County",1,49,194,94,100
050,40,099,"Oklahoma","Murray County",1,50,167,86,81
050,40,099,"Oklahoma","Murray County",1,51,173,94,79
050,40,099,"Oklahoma","Murray County",1,52,152,66,86
050,40,099,"Oklahoma","Murray County",1,53,141,68,73
050,40,099,"Oklahoma","Murray County",1,54,160,78,82
050,40,099,"Oklahoma","Murray County",1,55,192,98,94
050,40,099,"Oklahoma","Murray County",1,56,194,97,97
050,40,099,"Oklahoma","Murray County",1,57,202,107,95
050,40,099,"Oklahoma","Murray County",1,58,201,107,94
050,40,099,"Oklahoma","Murray County",1,59,202,101,101
050,40,099,"Oklahoma","Murray County",1,60,209,103,106
050,40,099,"Oklahoma","Murray County",1,61,202,105,97
050,40,099,"Oklahoma","Murray County",1,62,209,113,96
050,40,099,"Oklahoma","Murray County",1,63,201,104,97
050,40,099,"Oklahoma","Murray County",1,64,184,97,87
050,40,099,"Oklahoma","Murray County",1,65,175,78,97
050,40,099,"Oklahoma","Murray County",1,66,194,99,95
050,40,099,"Oklahoma","Murray County",1,67,175,92,83
050,40,099,"Oklahoma","Murray County",1,68,164,87,77
050,40,099,"Oklahoma","Murray County",1,69,153,69,84
050,40,099,"Oklahoma","Murray County",1,70,135,57,78
050,40,099,"Oklahoma","Murray County",1,71,149,64,85
050,40,099,"Oklahoma","Murray County",1,72,167,84,83
050,40,099,"Oklahoma","Murray County",1,73,154,77,77
050,40,099,"Oklahoma","Murray County",1,74,113,55,58
050,40,099,"Oklahoma","Murray County",1,75,119,67,52
050,40,099,"Oklahoma","Murray County",1,76,133,68,65
050,40,099,"Oklahoma","Murray County",1,77,108,55,53
050,40,099,"Oklahoma","Murray County",1,78,105,49,56
050,40,099,"Oklahoma","Murray County",1,79,94,34,60
050,40,099,"Oklahoma","Murray County",1,80,80,36,44
050,40,099,"Oklahoma","Murray County",1,81,82,37,45
050,40,099,"Oklahoma","Murray County",1,82,67,29,38
050,40,099,"Oklahoma","Murray County",1,83,62,29,33
050,40,099,"Oklahoma","Murray County",1,84,63,34,29
050,40,099,"Oklahoma","Murray County",1,85,306,140,166
050,40,099,"Oklahoma","Murray County",2,0,149,80,69
050,40,099,"Oklahoma","Murray County",2,1,146,72,74
050,40,099,"Oklahoma","Murray County",2,2,160,86,74
050,40,099,"Oklahoma","Murray County",2,3,169,91,78
050,40,099,"Oklahoma","Murray County",2,4,173,93,80
050,40,099,"Oklahoma","Murray County",2,5,168,88,80
050,40,099,"Oklahoma","Murray County",2,6,168,93,75
050,40,099,"Oklahoma","Murray County",2,7,170,89,81
050,40,099,"Oklahoma","Murray County",2,8,174,90,84
050,40,099,"Oklahoma","Murray County",2,9,177,98,79
050,40,099,"Oklahoma","Murray County",2,10,188,100,88
050,40,099,"Oklahoma","Murray County",2,11,181,89,92
050,40,099,"Oklahoma","Murray County",2,12,200,104,96
050,40,099,"Oklahoma","Murray County",2,13,221,113,108
050,40,099,"Oklahoma","Murray County",2,14,215,107,108
050,40,099,"Oklahoma","Murray County",2,15,198,101,97
050,40,099,"Oklahoma","Murray County",2,16,190,100,90
050,40,099,"Oklahoma","Murray County",2,17,186,105,81
050,40,099,"Oklahoma","Murray County",2,18,172,98,74
050,40,099,"Oklahoma","Murray County",2,19,147,85,62
050,40,099,"Oklahoma","Murray County",2,20,145,81,64
050,40,099,"Oklahoma","Murray County",2,21,142,70,72
050,40,099,"Oklahoma","Murray County",2,22,143,70,73
050,40,099,"Oklahoma","Murray County",2,23,146,83,63
050,40,099,"Oklahoma","Murray County",2,24,155,83,72
050,40,099,"Oklahoma","Murray County",2,25,140,74,66
050,40,099,"Oklahoma","Murray County",2,26,137,68,69
050,40,099,"Oklahoma","Murray County",2,27,152,70,82
050,40,099,"Oklahoma","Murray County",2,28,158,70,88
050,40,099,"Oklahoma","Murray County",2,29,154,67,87
050,40,099,"Oklahoma","Murray County",2,30,153,71,82
050,40,099,"Oklahoma","Murray County",2,31,146,77,69
050,40,099,"Oklahoma","Murray County",2,32,143,80,63
050,40,099,"Oklahoma","Murray County",2,33,159,82,77
050,40,099,"Oklahoma","Murray County",2,34,153,78,75
050,40,099,"Oklahoma","Murray County",2,35,160,81,79
050,40,099,"Oklahoma","Murray County",2,36,170,86,84
050,40,099,"Oklahoma","Murray County",2,37,189,89,100
050,40,099,"Oklahoma","Murray County",2,38,185,88,97
050,40,099,"Oklahoma","Murray County",2,39,165,86,79
050,40,099,"Oklahoma","Murray County",2,40,169,88,81
050,40,099,"Oklahoma","Murray County",2,41,170,85,85
050,40,099,"Oklahoma","Murray County",2,42,149,70,79
050,40,099,"Oklahoma","Murray County",2,43,156,77,79
050,40,099,"Oklahoma","Murray County",2,44,154,78,76
050,40,099,"Oklahoma","Murray County",2,45,141,68,73
050,40,099,"Oklahoma","Murray County",2,46,158,83,75
050,40,099,"Oklahoma","Murray County",2,47,174,86,88
050,40,099,"Oklahoma","Murray County",2,48,188,91,97
050,40,099,"Oklahoma","Murray County",2,49,194,95,99
050,40,099,"Oklahoma","Murray County",2,50,174,88,86
050,40,099,"Oklahoma","Murray County",2,51,171,90,81
050,40,099,"Oklahoma","Murray County",2,52,156,74,82
050,40,099,"Oklahoma","Murray County",2,53,142,67,75
050,40,099,"Oklahoma","Murray County",2,54,156,76,80
050,40,099,"Oklahoma","Murray County",2,55,183,93,90
050,40,099,"Oklahoma","Murray County",2,56,192,96,96
050,40,099,"Oklahoma","Murray County",2,57,198,102,96
050,40,099,"Oklahoma","Murray County",2,58,200,107,93
050,40,099,"Oklahoma","Murray County",2,59,203,103,100
050,40,099,"Oklahoma","Murray County",2,60,206,103,103
050,40,099,"Oklahoma","Murray County",2,61,199,100,99
050,40,099,"Oklahoma","Murray County",2,62,204,111,93
050,40,099,"Oklahoma","Murray County",2,63,206,109,97
050,40,099,"Oklahoma","Murray County",2,64,187,98,89
050,40,099,"Oklahoma","Murray County",2,65,174,81,93
050,40,099,"Oklahoma","Murray County",2,66,190,96,94
050,40,099,"Oklahoma","Murray County",2,67,178,92,86
050,40,099,"Oklahoma","Murray County",2,68,166,89,77
050,40,099,"Oklahoma","Murray County",2,69,152,72,80
050,40,099,"Oklahoma","Murray County",2,70,138,59,79
050,40,099,"Oklahoma","Murray County",2,71,140,59,81
050,40,099,"Oklahoma","Murray County",2,72,157,78,79
050,40,099,"Oklahoma","Murray County",2,73,162,81,81
050,40,099,"Oklahoma","Murray County",2,74,114,57,57
050,40,099,"Oklahoma","Murray County",2,75,116,62,54
050,40,099,"Oklahoma","Murray County",2,76,130,68,62
050,40,099,"Oklahoma","Murray County",2,77,116,60,56
050,40,099,"Oklahoma","Murray County",2,78,105,50,55
050,40,099,"Oklahoma","Murray County",2,79,96,37,59
050,40,099,"Oklahoma","Murray County",2,80,84,36,48
050,40,099,"Oklahoma","Murray County",2,81,81,37,44
050,40,099,"Oklahoma","Murray County",2,82,68,28,40
050,40,099,"Oklahoma","Murray County",2,83,61,29,32
050,40,099,"Oklahoma","Murray County",2,84,62,33,29
050,40,099,"Oklahoma","Murray County",2,85,309,141,168
050,40,099,"Oklahoma","Murray County",3,0,156,75,81
050,40,099,"Oklahoma","Murray County",3,1,144,76,68
050,40,099,"Oklahoma","Murray County",3,2,150,79,71
050,40,099,"Oklahoma","Murray County",3,3,160,87,73
050,40,099,"Oklahoma","Murray County",3,4,155,84,71
050,40,099,"Oklahoma","Murray County",3,5,180,96,84
050,40,099,"Oklahoma","Murray County",3,6,171,90,81
050,40,099,"Oklahoma","Murray County",3,7,168,99,69
050,40,099,"Oklahoma","Murray County",3,8,175,95,80
050,40,099,"Oklahoma","Murray County",3,9,166,84,82
050,40,099,"Oklahoma","Murray County",3,10,173,101,72
050,40,099,"Oklahoma","Murray County",3,11,187,96,91
050,40,099,"Oklahoma","Murray County",3,12,188,97,91
050,40,099,"Oklahoma","Murray County",3,13,203,106,97
050,40,099,"Oklahoma","Murray County",3,14,215,114,101
050,40,099,"Oklahoma","Murray County",3,15,207,107,100
050,40,099,"Oklahoma","Murray County",3,16,190,102,88
050,40,099,"Oklahoma","Murray County",3,17,191,104,87
050,40,099,"Oklahoma","Murray County",3,18,150,90,60
050,40,099,"Oklahoma","Murray County",3,19,139,78,61
050,40,099,"Oklahoma","Murray County",3,20,154,86,68
050,40,099,"Oklahoma","Murray County",3,21,154,88,66
050,40,099,"Oklahoma","Murray County",3,22,144,69,75
050,40,099,"Oklahoma","Murray County",3,23,141,75,66
050,40,099,"Oklahoma","Murray County",3,24,136,73,63
050,40,099,"Oklahoma","Murray County",3,25,143,78,65
050,40,099,"Oklahoma","Murray County",3,26,137,73,64
050,40,099,"Oklahoma","Murray County",3,27,141,71,70
050,40,099,"Oklahoma","Murray County",3,28,145,64,81
050,40,099,"Oklahoma","Murray County",3,29,161,76,85
050,40,099,"Oklahoma","Murray County",3,30,133,54,79
050,40,099,"Oklahoma","Murray County",3,31,156,74,82
050,40,099,"Oklahoma","Murray County",3,32,140,72,68
050,40,099,"Oklahoma","Murray County",3,33,147,83,64
050,40,099,"Oklahoma","Murray County",3,34,154,78,76
050,40,099,"Oklahoma","Murray County",3,35,147,76,71
050,40,099,"Oklahoma","Murray County",3,36,153,82,71
050,40,099,"Oklahoma","Murray County",3,37,185,93,92
050,40,099,"Oklahoma","Murray County",3,38,186,88,98
050,40,099,"Oklahoma","Murray County",3,39,188,89,99
050,40,099,"Oklahoma","Murray County",3,40,177,85,92
050,40,099,"Oklahoma","Murray County",3,41,175,91,84
050,40,099,"Oklahoma","Murray County",3,42,167,80,87
050,40,099,"Oklahoma","Murray County",3,43,154,72,82
050,40,099,"Oklahoma","Murray County",3,44,165,84,81
050,40,099,"Oklahoma","Murray County",3,45,147,76,71
050,40,099,"Oklahoma","Murray County",3,46,139,70,69
050,40,099,"Oklahoma","Murray County",3,47,155,85,70
050,40,099,"Oklahoma","Murray County",3,48,171,87,84
050,40,099,"Oklahoma","Murray County",3,49,189,93,96
050,40,099,"Oklahoma","Murray County",3,50,190,91,99
050,40,099,"Oklahoma","Murray County",3,51,171,87,84
050,40,099,"Oklahoma","Murray County",3,52,172,88,84
050,40,099,"Oklahoma","Murray County",3,53,155,71,84
050,40,099,"Oklahoma","Murray County",3,54,142,68,74
050,40,099,"Oklahoma","Murray County",3,55,144,71,73
050,40,099,"Oklahoma","Murray County",3,56,177,89,88
050,40,099,"Oklahoma","Murray County",3,57,198,99,99
050,40,099,"Oklahoma","Murray County",3,58,208,112,96
050,40,099,"Oklahoma","Murray County",3,59,199,109,90
050,40,099,"Oklahoma","Murray County",3,60,202,102,100
050,40,099,"Oklahoma","Murray County",3,61,196,92,104
050,40,099,"Oklahoma","Murray County",3,62,192,96,96
050,40,099,"Oklahoma","Murray County",3,63,205,113,92
050,40,099,"Oklahoma","Murray County",3,64,203,100,103
050,40,099,"Oklahoma","Murray County",3,65,172,86,86
050,40,099,"Oklahoma","Murray County",3,66,187,93,94
050,40,099,"Oklahoma","Murray County",3,67,181,94,87
050,40,099,"Oklahoma","Murray County",3,68,179,92,87
050,40,099,"Oklahoma","Murray County",3,69,156,80,76
050,40,099,"Oklahoma","Murray County",3,70,139,63,76
050,40,099,"Oklahoma","Murray County",3,71,135,60,75
050,40,099,"Oklahoma","Murray County",3,72,144,61,83
050,40,099,"Oklahoma","Murray County",3,73,157,76,81
050,40,099,"Oklahoma","Murray County",3,74,157,76,81
050,40,099,"Oklahoma","Murray County",3,75,109,56,53
050,40,099,"Oklahoma","Murray County",3,76,114,59,55
050,40,099,"Oklahoma","Murray County",3,77,108,56,52
050,40,099,"Oklahoma","Murray County",3,78,106,58,48
050,40,099,"Oklahoma","Murray County",3,79,96,45,51
050,40,099,"Oklahoma","Murray County",3,80,93,32,61
050,40,099,"Oklahoma","Murray County",3,81,77,33,44
050,40,099,"Oklahoma","Murray County",3,82,81,38,43
050,40,099,"Oklahoma","Murray County",3,83,67,29,38
050,40,099,"Oklahoma","Murray County",3,84,53,25,28
050,40,099,"Oklahoma","Murray County",3,85,299,140,159
050,40,099,"Oklahoma","Murray County",4,0,154,88,66
050,40,099,"Oklahoma","Murray County",4,1,152,77,75
050,40,099,"Oklahoma","Murray County",4,2,156,85,71
050,40,099,"Oklahoma","Murray County",4,3,146,74,72
050,40,099,"Oklahoma","Murray County",4,4,164,87,77
050,40,099,"Oklahoma","Murray County",4,5,156,88,68
050,40,099,"Oklahoma","Murray County",4,6,165,85,80
050,40,099,"Oklahoma","Murray County",4,7,171,88,83
050,40,099,"Oklahoma","Murray County",4,8,163,94,69
050,40,099,"Oklahoma","Murray County",4,9,165,87,78
050,40,099,"Oklahoma","Murray County",4,10,158,77,81
050,40,099,"Oklahoma","Murray County",4,11,174,98,76
050,40,099,"Oklahoma","Murray County",4,12,185,97,88
050,40,099,"Oklahoma","Murray County",4,13,185,93,92
050,40,099,"Oklahoma","Murray County",4,14,199,103,96
050,40,099,"Oklahoma","Murray County",4,15,206,114,92
050,40,099,"Oklahoma","Murray County",4,16,210,116,94
050,40,099,"Oklahoma","Murray County",4,17,190,101,89
050,40,099,"Oklahoma","Murray County",4,18,161,86,75
050,40,099,"Oklahoma","Murray County",4,19,123,70,53
050,40,099,"Oklahoma","Murray County",4,20,150,78,72
050,40,099,"Oklahoma","Murray County",4,21,150,88,62
050,40,099,"Oklahoma","Murray County",4,22,162,87,75
050,40,099,"Oklahoma","Murray County",4,23,151,75,76
050,40,099,"Oklahoma","Murray County",4,24,150,76,74
050,40,099,"Oklahoma","Murray County",4,25,139,78,61
050,40,099,"Oklahoma","Murray County",4,26,134,74,60
050,40,099,"Oklahoma","Murray County",4,27,150,81,69
050,40,099,"Oklahoma","Murray County",4,28,130,63,67
050,40,099,"Oklahoma","Murray County",4,29,132,56,76
050,40,099,"Oklahoma","Murray County",4,30,164,76,88
050,40,099,"Oklahoma","Murray County",4,31,154,64,90
050,40,099,"Oklahoma","Murray County",4,32,153,72,81
050,40,099,"Oklahoma","Murray County",4,33,145,73,72
050,40,099,"Oklahoma","Murray County",4,34,146,83,63
050,40,099,"Oklahoma","Murray County",4,35,160,81,79
050,40,099,"Oklahoma","Murray County",4,36,153,83,70
050,40,099,"Oklahoma","Murray County",4,37,158,89,69
050,40,099,"Oklahoma","Murray County",4,38,169,81,88
050,40,099,"Oklahoma","Murray County",4,39,183,80,103
050,40,099,"Oklahoma","Murray County",4,40,194,97,97
050,40,099,"Oklahoma","Murray County",4,41,175,90,85
050,40,099,"Oklahoma","Murray County",4,42,181,93,88
050,40,099,"Oklahoma","Murray County",4,43,173,85,88
050,40,099,"Oklahoma","Murray County",4,44,162,73,89
050,40,099,"Oklahoma","Murray County",4,45,149,75,74
050,40,099,"Oklahoma","Murray County",4,46,151,80,71
050,40,099,"Oklahoma","Murray County",4,47,133,67,66
050,40,099,"Oklahoma","Murray County",4,48,159,85,74
050,40,099,"Oklahoma","Murray County",4,49,168,87,81
050,40,099,"Oklahoma","Murray County",4,50,192,93,99
050,40,099,"Oklahoma","Murray County",4,51,186,90,96
050,40,099,"Oklahoma","Murray County",4,52,173,86,87
050,40,099,"Oklahoma","Murray County",4,53,176,93,83
050,40,099,"Oklahoma","Murray County",4,54,150,67,83
050,40,099,"Oklahoma","Murray County",4,55,147,74,73
050,40,099,"Oklahoma","Murray County",4,56,143,70,73
050,40,099,"Oklahoma","Murray County",4,57,178,83,95
050,40,099,"Oklahoma","Murray County",4,58,195,97,98
050,40,099,"Oklahoma","Murray County",4,59,208,111,97
050,40,099,"Oklahoma","Murray County",4,60,204,113,91
050,40,099,"Oklahoma","Murray County",4,61,196,91,105
050,40,099,"Oklahoma","Murray County",4,62,185,89,96
050,40,099,"Oklahoma","Murray County",4,63,198,97,101
050,40,099,"Oklahoma","Murray County",4,64,214,113,101
050,40,099,"Oklahoma","Murray County",4,65,187,86,101
050,40,099,"Oklahoma","Murray County",4,66,184,94,90
050,40,099,"Oklahoma","Murray County",4,67,182,92,90
050,40,099,"Oklahoma","Murray County",4,68,193,96,97
050,40,099,"Oklahoma","Murray County",4,69,160,78,82
050,40,099,"Oklahoma","Murray County",4,70,149,73,76
050,40,099,"Oklahoma","Murray County",4,71,135,68,67
050,40,099,"Oklahoma","Murray County",4,72,138,65,73
050,40,099,"Oklahoma","Murray County",4,73,142,59,83
050,40,099,"Oklahoma","Murray County",4,74,148,73,75
050,40,099,"Oklahoma","Murray County",4,75,152,73,79
050,40,099,"Oklahoma","Murray County",4,76,117,60,57
050,40,099,"Oklahoma","Murray County",4,77,95,53,42
050,40,099,"Oklahoma","Murray County",4,78,106,56,50
050,40,099,"Oklahoma","Murray County",4,79,106,57,49
050,40,099,"Oklahoma","Murray County",4,80,91,35,56
050,40,099,"Oklahoma","Murray County",4,81,86,29,57
050,40,099,"Oklahoma","Murray County",4,82,75,32,43
050,40,099,"Oklahoma","Murray County",4,83,78,41,37
050,40,099,"Oklahoma","Murray County",4,84,65,27,38
050,40,099,"Oklahoma","Murray County",4,85,286,140,146
050,40,099,"Oklahoma","Murray County",5,0,149,85,64
050,40,099,"Oklahoma","Murray County",5,1,159,84,75
050,40,099,"Oklahoma","Murray County",5,2,145,72,73
050,40,099,"Oklahoma","Murray County",5,3,152,79,73
050,40,099,"Oklahoma","Murray County",5,4,153,74,79
050,40,099,"Oklahoma","Murray County",5,5,163,86,77
050,40,099,"Oklahoma","Murray County",5,6,152,87,65
050,40,099,"Oklahoma","Murray County",5,7,166,84,82
050,40,099,"Oklahoma","Murray County",5,8,173,86,87
050,40,099,"Oklahoma","Murray County",5,9,177,103,74
050,40,099,"Oklahoma","Murray County",5,10,170,94,76
050,40,099,"Oklahoma","Murray County",5,11,165,87,78
050,40,099,"Oklahoma","Murray County",5,12,163,93,70
050,40,099,"Oklahoma","Murray County",5,13,193,104,89
050,40,099,"Oklahoma","Murray County",5,14,184,97,87
050,40,099,"Oklahoma","Murray County",5,15,191,99,92
050,40,099,"Oklahoma","Murray County",5,16,215,117,98
050,40,099,"Oklahoma","Murray County",5,17,201,113,88
050,40,099,"Oklahoma","Murray County",5,18,162,89,73
050,40,099,"Oklahoma","Murray County",5,19,135,75,60
050,40,099,"Oklahoma","Murray County",5,20,124,72,52
050,40,099,"Oklahoma","Murray County",5,21,159,82,77
050,40,099,"Oklahoma","Murray County",5,22,165,92,73
050,40,099,"Oklahoma","Murray County",5,23,166,85,81
050,40,099,"Oklahoma","Murray County",5,24,157,82,75
050,40,099,"Oklahoma","Murray County",5,25,151,80,71
050,40,099,"Oklahoma","Murray County",5,26,149,82,67
050,40,099,"Oklahoma","Murray County",5,27,146,75,71
050,40,099,"Oklahoma","Murray County",5,28,148,75,73
050,40,099,"Oklahoma","Murray County",5,29,131,64,67
050,40,099,"Oklahoma","Murray County",5,30,132,59,73
050,40,099,"Oklahoma","Murray County",5,31,159,78,81
050,40,099,"Oklahoma","Murray County",5,32,149,57,92
050,40,099,"Oklahoma","Murray County",5,33,157,78,79
050,40,099,"Oklahoma","Murray County",5,34,141,75,66
050,40,099,"Oklahoma","Murray County",5,35,145,79,66
050,40,099,"Oklahoma","Murray County",5,36,173,90,83
050,40,099,"Oklahoma","Murray County",5,37,168,94,74
050,40,099,"Oklahoma","Murray County",5,38,152,82,70
050,40,099,"Oklahoma","Murray County",5,39,170,85,85
050,40,099,"Oklahoma","Murray County",5,40,182,78,104
050,40,099,"Oklahoma","Murray County",5,41,192,100,92
050,40,099,"Oklahoma","Murray County",5,42,174,87,87
050,40,099,"Oklahoma","Murray County",5,43,182,91,91
050,40,099,"Oklahoma","Murray County",5,44,171,78,93
050,40,099,"Oklahoma","Murray County",5,45,165,75,90
050,40,099,"Oklahoma","Murray County",5,46,155,82,73
050,40,099,"Oklahoma","Murray County",5,47,147,78,69
050,40,099,"Oklahoma","Murray County",5,48,130,68,62
050,40,099,"Oklahoma","Murray County",5,49,153,78,75
050,40,099,"Oklahoma","Murray County",5,50,172,88,84
050,40,099,"Oklahoma","Murray County",5,51,205,98,107
050,40,099,"Oklahoma","Murray County",5,52,197,92,105
050,40,099,"Oklahoma","Murray County",5,53,164,77,87
050,40,099,"Oklahoma","Murray County",5,54,184,98,86
050,40,099,"Oklahoma","Murray County",5,55,147,64,83
050,40,099,"Oklahoma","Murray County",5,56,157,77,80
050,40,099,"Oklahoma","Murray County",5,57,145,66,79
050,40,099,"Oklahoma","Murray County",5,58,174,84,90
050,40,099,"Oklahoma","Murray County",5,59,194,99,95
050,40,099,"Oklahoma","Murray County",5,60,216,117,99
050,40,099,"Oklahoma","Murray County",5,61,198,101,97
050,40,099,"Oklahoma","Murray County",5,62,188,90,98
050,40,099,"Oklahoma","Murray County",5,63,187,92,95
050,40,099,"Oklahoma","Murray County",5,64,205,100,105
050,40,099,"Oklahoma","Murray County",5,65,205,104,101
050,40,099,"Oklahoma","Murray County",5,66,197,96,101
050,40,099,"Oklahoma","Murray County",5,67,176,91,85
050,40,099,"Oklahoma","Murray County",5,68,188,96,92
050,40,099,"Oklahoma","Murray County",5,69,186,88,98
050,40,099,"Oklahoma","Murray County",5,70,152,73,79
050,40,099,"Oklahoma","Murray County",5,71,144,73,71
050,40,099,"Oklahoma","Murray County",5,72,136,70,66
050,40,099,"Oklahoma","Murray County",5,73,138,60,78
050,40,099,"Oklahoma","Murray County",5,74,139,59,80
050,40,099,"Oklahoma","Murray County",5,75,147,73,74
050,40,099,"Oklahoma","Murray County",5,76,150,69,81
050,40,099,"Oklahoma","Murray County",5,77,100,54,46
050,40,099,"Oklahoma","Murray County",5,78,93,52,41
050,40,099,"Oklahoma","Murray County",5,79,97,52,45
050,40,099,"Oklahoma","Murray County",5,80,101,48,53
050,40,099,"Oklahoma","Murray County",5,81,84,34,50
050,40,099,"Oklahoma","Murray County",5,82,81,27,54
050,40,099,"Oklahoma","Murray County",5,83,71,32,39
050,40,099,"Oklahoma","Murray County",5,84,74,39,35
050,40,099,"Oklahoma","Murray County",5,85,301,150,151
050,40,101,"Oklahoma","Muskogee County",1,0,764,386,378
050,40,101,"Oklahoma","Muskogee County",1,1,791,380,411
050,40,101,"Oklahoma","Muskogee County",1,2,895,437,458
050,40,101,"Oklahoma","Muskogee County",1,3,828,411,417
050,40,101,"Oklahoma","Muskogee County",1,4,875,442,433
050,40,101,"Oklahoma","Muskogee County",1,5,932,466,466
050,40,101,"Oklahoma","Muskogee County",1,6,911,500,411
050,40,101,"Oklahoma","Muskogee County",1,7,887,455,432
050,40,101,"Oklahoma","Muskogee County",1,8,911,464,447
050,40,101,"Oklahoma","Muskogee County",1,9,938,475,463
050,40,101,"Oklahoma","Muskogee County",1,10,920,469,451
050,40,101,"Oklahoma","Muskogee County",1,11,944,466,478
050,40,101,"Oklahoma","Muskogee County",1,12,984,519,465
050,40,101,"Oklahoma","Muskogee County",1,13,961,492,469
050,40,101,"Oklahoma","Muskogee County",1,14,935,458,477
050,40,101,"Oklahoma","Muskogee County",1,15,931,475,456
050,40,101,"Oklahoma","Muskogee County",1,16,916,479,437
050,40,101,"Oklahoma","Muskogee County",1,17,930,473,457
050,40,101,"Oklahoma","Muskogee County",1,18,855,456,399
050,40,101,"Oklahoma","Muskogee County",1,19,854,462,392
050,40,101,"Oklahoma","Muskogee County",1,20,803,435,368
050,40,101,"Oklahoma","Muskogee County",1,21,817,426,391
050,40,101,"Oklahoma","Muskogee County",1,22,840,436,404
050,40,101,"Oklahoma","Muskogee County",1,23,783,420,363
050,40,101,"Oklahoma","Muskogee County",1,24,818,410,408
050,40,101,"Oklahoma","Muskogee County",1,25,835,414,421
050,40,101,"Oklahoma","Muskogee County",1,26,795,402,393
050,40,101,"Oklahoma","Muskogee County",1,27,829,417,412
050,40,101,"Oklahoma","Muskogee County",1,28,842,407,435
050,40,101,"Oklahoma","Muskogee County",1,29,898,427,471
050,40,101,"Oklahoma","Muskogee County",1,30,871,437,434
050,40,101,"Oklahoma","Muskogee County",1,31,855,422,433
050,40,101,"Oklahoma","Muskogee County",1,32,831,381,450
050,40,101,"Oklahoma","Muskogee County",1,33,794,375,419
050,40,101,"Oklahoma","Muskogee County",1,34,839,405,434
050,40,101,"Oklahoma","Muskogee County",1,35,826,421,405
050,40,101,"Oklahoma","Muskogee County",1,36,847,424,423
050,40,101,"Oklahoma","Muskogee County",1,37,894,431,463
050,40,101,"Oklahoma","Muskogee County",1,38,852,401,451
050,40,101,"Oklahoma","Muskogee County",1,39,880,444,436
050,40,101,"Oklahoma","Muskogee County",1,40,864,434,430
050,40,101,"Oklahoma","Muskogee County",1,41,862,418,444
050,40,101,"Oklahoma","Muskogee County",1,42,801,396,405
050,40,101,"Oklahoma","Muskogee County",1,43,761,382,379
050,40,101,"Oklahoma","Muskogee County",1,44,800,395,405
050,40,101,"Oklahoma","Muskogee County",1,45,748,369,379
050,40,101,"Oklahoma","Muskogee County",1,46,754,368,386
050,40,101,"Oklahoma","Muskogee County",1,47,765,381,384
050,40,101,"Oklahoma","Muskogee County",1,48,801,394,407
050,40,101,"Oklahoma","Muskogee County",1,49,845,417,428
050,40,101,"Oklahoma","Muskogee County",1,50,798,398,400
050,40,101,"Oklahoma","Muskogee County",1,51,744,367,377
050,40,101,"Oklahoma","Muskogee County",1,52,733,370,363
050,40,101,"Oklahoma","Muskogee County",1,53,712,347,365
050,40,101,"Oklahoma","Muskogee County",1,54,778,398,380
050,40,101,"Oklahoma","Muskogee County",1,55,849,437,412
050,40,101,"Oklahoma","Muskogee County",1,56,833,409,424
050,40,101,"Oklahoma","Muskogee County",1,57,862,416,446
050,40,101,"Oklahoma","Muskogee County",1,58,872,420,452
050,40,101,"Oklahoma","Muskogee County",1,59,867,417,450
050,40,101,"Oklahoma","Muskogee County",1,60,895,456,439
050,40,101,"Oklahoma","Muskogee County",1,61,849,404,445
050,40,101,"Oklahoma","Muskogee County",1,62,856,403,453
050,40,101,"Oklahoma","Muskogee County",1,63,903,425,478
050,40,101,"Oklahoma","Muskogee County",1,64,821,383,438
050,40,101,"Oklahoma","Muskogee County",1,65,813,399,414
050,40,101,"Oklahoma","Muskogee County",1,66,790,366,424
050,40,101,"Oklahoma","Muskogee County",1,67,702,336,366
050,40,101,"Oklahoma","Muskogee County",1,68,705,335,370
050,40,101,"Oklahoma","Muskogee County",1,69,678,327,351
050,40,101,"Oklahoma","Muskogee County",1,70,653,295,358
050,40,101,"Oklahoma","Muskogee County",1,71,634,291,343
050,40,101,"Oklahoma","Muskogee County",1,72,598,294,304
050,40,101,"Oklahoma","Muskogee County",1,73,599,292,307
050,40,101,"Oklahoma","Muskogee County",1,74,464,215,249
050,40,101,"Oklahoma","Muskogee County",1,75,476,223,253
050,40,101,"Oklahoma","Muskogee County",1,76,438,201,237
050,40,101,"Oklahoma","Muskogee County",1,77,433,200,233
050,40,101,"Oklahoma","Muskogee County",1,78,362,149,213
050,40,101,"Oklahoma","Muskogee County",1,79,335,132,203
050,40,101,"Oklahoma","Muskogee County",1,80,317,133,184
050,40,101,"Oklahoma","Muskogee County",1,81,294,119,175
050,40,101,"Oklahoma","Muskogee County",1,82,256,98,158
050,40,101,"Oklahoma","Muskogee County",1,83,236,104,132
050,40,101,"Oklahoma","Muskogee County",1,84,220,79,141
050,40,101,"Oklahoma","Muskogee County",1,85,1261,431,830
050,40,101,"Oklahoma","Muskogee County",2,0,791,409,382
050,40,101,"Oklahoma","Muskogee County",2,1,784,383,401
050,40,101,"Oklahoma","Muskogee County",2,2,864,418,446
050,40,101,"Oklahoma","Muskogee County",2,3,841,417,424
050,40,101,"Oklahoma","Muskogee County",2,4,868,437,431
050,40,101,"Oklahoma","Muskogee County",2,5,916,464,452
050,40,101,"Oklahoma","Muskogee County",2,6,913,492,421
050,40,101,"Oklahoma","Muskogee County",2,7,892,467,425
050,40,101,"Oklahoma","Muskogee County",2,8,906,464,442
050,40,101,"Oklahoma","Muskogee County",2,9,929,471,458
050,40,101,"Oklahoma","Muskogee County",2,10,921,469,452
050,40,101,"Oklahoma","Muskogee County",2,11,932,465,467
050,40,101,"Oklahoma","Muskogee County",2,12,976,509,467
050,40,101,"Oklahoma","Muskogee County",2,13,959,492,467
050,40,101,"Oklahoma","Muskogee County",2,14,946,467,479
050,40,101,"Oklahoma","Muskogee County",2,15,930,469,461
050,40,101,"Oklahoma","Muskogee County",2,16,927,482,445
050,40,101,"Oklahoma","Muskogee County",2,17,926,472,454
050,40,101,"Oklahoma","Muskogee County",2,18,857,455,402
050,40,101,"Oklahoma","Muskogee County",2,19,855,463,392
050,40,101,"Oklahoma","Muskogee County",2,20,815,438,377
050,40,101,"Oklahoma","Muskogee County",2,21,812,426,386
050,40,101,"Oklahoma","Muskogee County",2,22,839,433,406
050,40,101,"Oklahoma","Muskogee County",2,23,794,424,370
050,40,101,"Oklahoma","Muskogee County",2,24,815,410,405
050,40,101,"Oklahoma","Muskogee County",2,25,830,409,421
050,40,101,"Oklahoma","Muskogee County",2,26,804,404,400
050,40,101,"Oklahoma","Muskogee County",2,27,821,414,407
050,40,101,"Oklahoma","Muskogee County",2,28,842,406,436
050,40,101,"Oklahoma","Muskogee County",2,29,885,425,460
050,40,101,"Oklahoma","Muskogee County",2,30,878,436,442
050,40,101,"Oklahoma","Muskogee County",2,31,853,421,432
050,40,101,"Oklahoma","Muskogee County",2,32,832,392,440
050,40,101,"Oklahoma","Muskogee County",2,33,796,374,422
050,40,101,"Oklahoma","Muskogee County",2,34,824,396,428
050,40,101,"Oklahoma","Muskogee County",2,35,830,417,413
050,40,101,"Oklahoma","Muskogee County",2,36,838,422,416
050,40,101,"Oklahoma","Muskogee County",2,37,884,426,458
050,40,101,"Oklahoma","Muskogee County",2,38,860,407,453
050,40,101,"Oklahoma","Muskogee County",2,39,879,445,434
050,40,101,"Oklahoma","Muskogee County",2,40,871,433,438
050,40,101,"Oklahoma","Muskogee County",2,41,866,427,439
050,40,101,"Oklahoma","Muskogee County",2,42,804,395,409
050,40,101,"Oklahoma","Muskogee County",2,43,779,388,391
050,40,101,"Oklahoma","Muskogee County",2,44,790,391,399
050,40,101,"Oklahoma","Muskogee County",2,45,757,374,383
050,40,101,"Oklahoma","Muskogee County",2,46,745,366,379
050,40,101,"Oklahoma","Muskogee County",2,47,761,378,383
050,40,101,"Oklahoma","Muskogee County",2,48,791,388,403
050,40,101,"Oklahoma","Muskogee County",2,49,838,411,427
050,40,101,"Oklahoma","Muskogee County",2,50,812,402,410
050,40,101,"Oklahoma","Muskogee County",2,51,751,371,380
050,40,101,"Oklahoma","Muskogee County",2,52,731,370,361
050,40,101,"Oklahoma","Muskogee County",2,53,714,350,364
050,40,101,"Oklahoma","Muskogee County",2,54,758,383,375
050,40,101,"Oklahoma","Muskogee County",2,55,830,424,406
050,40,101,"Oklahoma","Muskogee County",2,56,837,417,420
050,40,101,"Oklahoma","Muskogee County",2,57,853,411,442
050,40,101,"Oklahoma","Muskogee County",2,58,863,418,445
050,40,101,"Oklahoma","Muskogee County",2,59,861,415,446
050,40,101,"Oklahoma","Muskogee County",2,60,882,443,439
050,40,101,"Oklahoma","Muskogee County",2,61,852,411,441
050,40,101,"Oklahoma","Muskogee County",2,62,854,404,450
050,40,101,"Oklahoma","Muskogee County",2,63,891,421,470
050,40,101,"Oklahoma","Muskogee County",2,64,829,387,442
050,40,101,"Oklahoma","Muskogee County",2,65,810,390,420
050,40,101,"Oklahoma","Muskogee County",2,66,792,372,420
050,40,101,"Oklahoma","Muskogee County",2,67,719,344,375
050,40,101,"Oklahoma","Muskogee County",2,68,695,329,366
050,40,101,"Oklahoma","Muskogee County",2,69,676,325,351
050,40,101,"Oklahoma","Muskogee County",2,70,652,296,356
050,40,101,"Oklahoma","Muskogee County",2,71,633,288,345
050,40,101,"Oklahoma","Muskogee County",2,72,593,286,307
050,40,101,"Oklahoma","Muskogee County",2,73,619,305,314
050,40,101,"Oklahoma","Muskogee County",2,74,464,216,248
050,40,101,"Oklahoma","Muskogee County",2,75,471,219,252
050,40,101,"Oklahoma","Muskogee County",2,76,435,200,235
050,40,101,"Oklahoma","Muskogee County",2,77,426,196,230
050,40,101,"Oklahoma","Muskogee County",2,78,363,153,210
050,40,101,"Oklahoma","Muskogee County",2,79,341,136,205
050,40,101,"Oklahoma","Muskogee County",2,80,312,131,181
050,40,101,"Oklahoma","Muskogee County",2,81,290,116,174
050,40,101,"Oklahoma","Muskogee County",2,82,261,99,162
050,40,101,"Oklahoma","Muskogee County",2,83,233,101,132
050,40,101,"Oklahoma","Muskogee County",2,84,219,83,136
050,40,101,"Oklahoma","Muskogee County",2,85,1258,429,829
050,40,101,"Oklahoma","Muskogee County",3,0,812,435,377
050,40,101,"Oklahoma","Muskogee County",3,1,803,400,403
050,40,101,"Oklahoma","Muskogee County",3,2,792,388,404
050,40,101,"Oklahoma","Muskogee County",3,3,844,399,445
050,40,101,"Oklahoma","Muskogee County",3,4,850,418,432
050,40,101,"Oklahoma","Muskogee County",3,5,873,453,420
050,40,101,"Oklahoma","Muskogee County",3,6,898,447,451
050,40,101,"Oklahoma","Muskogee County",3,7,915,485,430
050,40,101,"Oklahoma","Muskogee County",3,8,894,469,425
050,40,101,"Oklahoma","Muskogee County",3,9,902,452,450
050,40,101,"Oklahoma","Muskogee County",3,10,943,487,456
050,40,101,"Oklahoma","Muskogee County",3,11,899,455,444
050,40,101,"Oklahoma","Muskogee County",3,12,954,482,472
050,40,101,"Oklahoma","Muskogee County",3,13,974,503,471
050,40,101,"Oklahoma","Muskogee County",3,14,987,502,485
050,40,101,"Oklahoma","Muskogee County",3,15,909,456,453
050,40,101,"Oklahoma","Muskogee County",3,16,969,491,478
050,40,101,"Oklahoma","Muskogee County",3,17,937,479,458
050,40,101,"Oklahoma","Muskogee County",3,18,868,460,408
050,40,101,"Oklahoma","Muskogee County",3,19,866,462,404
050,40,101,"Oklahoma","Muskogee County",3,20,838,447,391
050,40,101,"Oklahoma","Muskogee County",3,21,795,427,368
050,40,101,"Oklahoma","Muskogee County",3,22,889,438,451
050,40,101,"Oklahoma","Muskogee County",3,23,870,452,418
050,40,101,"Oklahoma","Muskogee County",3,24,840,430,410
050,40,101,"Oklahoma","Muskogee County",3,25,799,409,390
050,40,101,"Oklahoma","Muskogee County",3,26,827,411,416
050,40,101,"Oklahoma","Muskogee County",3,27,815,417,398
050,40,101,"Oklahoma","Muskogee County",3,28,800,410,390
050,40,101,"Oklahoma","Muskogee County",3,29,875,429,446
050,40,101,"Oklahoma","Muskogee County",3,30,869,418,451
050,40,101,"Oklahoma","Muskogee County",3,31,850,420,430
050,40,101,"Oklahoma","Muskogee County",3,32,847,413,434
050,40,101,"Oklahoma","Muskogee County",3,33,850,397,453
050,40,101,"Oklahoma","Muskogee County",3,34,828,383,445
050,40,101,"Oklahoma","Muskogee County",3,35,813,380,433
050,40,101,"Oklahoma","Muskogee County",3,36,816,406,410
050,40,101,"Oklahoma","Muskogee County",3,37,860,431,429
050,40,101,"Oklahoma","Muskogee County",3,38,873,413,460
050,40,101,"Oklahoma","Muskogee County",3,39,896,441,455
050,40,101,"Oklahoma","Muskogee County",3,40,857,421,436
050,40,101,"Oklahoma","Muskogee County",3,41,913,455,458
050,40,101,"Oklahoma","Muskogee County",3,42,845,406,439
050,40,101,"Oklahoma","Muskogee County",3,43,811,389,422
050,40,101,"Oklahoma","Muskogee County",3,44,799,399,400
050,40,101,"Oklahoma","Muskogee County",3,45,788,400,388
050,40,101,"Oklahoma","Muskogee County",3,46,748,367,381
050,40,101,"Oklahoma","Muskogee County",3,47,756,382,374
050,40,101,"Oklahoma","Muskogee County",3,48,778,382,396
050,40,101,"Oklahoma","Muskogee County",3,49,772,380,392
050,40,101,"Oklahoma","Muskogee County",3,50,828,395,433
050,40,101,"Oklahoma","Muskogee County",3,51,812,405,407
050,40,101,"Oklahoma","Muskogee County",3,52,748,371,377
050,40,101,"Oklahoma","Muskogee County",3,53,716,361,355
050,40,101,"Oklahoma","Muskogee County",3,54,712,355,357
050,40,101,"Oklahoma","Muskogee County",3,55,750,383,367
050,40,101,"Oklahoma","Muskogee County",3,56,805,412,393
050,40,101,"Oklahoma","Muskogee County",3,57,831,412,419
050,40,101,"Oklahoma","Muskogee County",3,58,853,428,425
050,40,101,"Oklahoma","Muskogee County",3,59,865,417,448
050,40,101,"Oklahoma","Muskogee County",3,60,831,400,431
050,40,101,"Oklahoma","Muskogee County",3,61,866,425,441
050,40,101,"Oklahoma","Muskogee County",3,62,838,406,432
050,40,101,"Oklahoma","Muskogee County",3,63,829,397,432
050,40,101,"Oklahoma","Muskogee County",3,64,856,398,458
050,40,101,"Oklahoma","Muskogee County",3,65,816,387,429
050,40,101,"Oklahoma","Muskogee County",3,66,799,378,421
050,40,101,"Oklahoma","Muskogee County",3,67,758,360,398
050,40,101,"Oklahoma","Muskogee County",3,68,705,332,373
050,40,101,"Oklahoma","Muskogee County",3,69,672,319,353
050,40,101,"Oklahoma","Muskogee County",3,70,656,307,349
050,40,101,"Oklahoma","Muskogee County",3,71,627,283,344
050,40,101,"Oklahoma","Muskogee County",3,72,595,261,334
050,40,101,"Oklahoma","Muskogee County",3,73,563,272,291
050,40,101,"Oklahoma","Muskogee County",3,74,578,274,304
050,40,101,"Oklahoma","Muskogee County",3,75,439,197,242
050,40,101,"Oklahoma","Muskogee County",3,76,450,206,244
050,40,101,"Oklahoma","Muskogee County",3,77,392,181,211
050,40,101,"Oklahoma","Muskogee County",3,78,386,171,215
050,40,101,"Oklahoma","Muskogee County",3,79,352,148,204
050,40,101,"Oklahoma","Muskogee County",3,80,323,136,187
050,40,101,"Oklahoma","Muskogee County",3,81,274,104,170
050,40,101,"Oklahoma","Muskogee County",3,82,267,96,171
050,40,101,"Oklahoma","Muskogee County",3,83,235,97,138
050,40,101,"Oklahoma","Muskogee County",3,84,200,79,121
050,40,101,"Oklahoma","Muskogee County",3,85,1234,432,802
050,40,101,"Oklahoma","Muskogee County",4,0,827,426,401
050,40,101,"Oklahoma","Muskogee County",4,1,836,449,387
050,40,101,"Oklahoma","Muskogee County",4,2,814,399,415
050,40,101,"Oklahoma","Muskogee County",4,3,800,387,413
050,40,101,"Oklahoma","Muskogee County",4,4,852,410,442
050,40,101,"Oklahoma","Muskogee County",4,5,870,436,434
050,40,101,"Oklahoma","Muskogee County",4,6,893,455,438
050,40,101,"Oklahoma","Muskogee County",4,7,911,444,467
050,40,101,"Oklahoma","Muskogee County",4,8,924,493,431
050,40,101,"Oklahoma","Muskogee County",4,9,895,466,429
050,40,101,"Oklahoma","Muskogee County",4,10,917,475,442
050,40,101,"Oklahoma","Muskogee County",4,11,938,479,459
050,40,101,"Oklahoma","Muskogee County",4,12,914,480,434
050,40,101,"Oklahoma","Muskogee County",4,13,970,490,480
050,40,101,"Oklahoma","Muskogee County",4,14,989,500,489
050,40,101,"Oklahoma","Muskogee County",4,15,996,515,481
050,40,101,"Oklahoma","Muskogee County",4,16,926,472,454
050,40,101,"Oklahoma","Muskogee County",4,17,1000,504,496
050,40,101,"Oklahoma","Muskogee County",4,18,888,474,414
050,40,101,"Oklahoma","Muskogee County",4,19,859,474,385
050,40,101,"Oklahoma","Muskogee County",4,20,823,440,383
050,40,101,"Oklahoma","Muskogee County",4,21,825,424,401
050,40,101,"Oklahoma","Muskogee County",4,22,829,434,395
050,40,101,"Oklahoma","Muskogee County",4,23,887,457,430
050,40,101,"Oklahoma","Muskogee County",4,24,880,459,421
050,40,101,"Oklahoma","Muskogee County",4,25,846,434,412
050,40,101,"Oklahoma","Muskogee County",4,26,821,418,403
050,40,101,"Oklahoma","Muskogee County",4,27,863,437,426
050,40,101,"Oklahoma","Muskogee County",4,28,815,426,389
050,40,101,"Oklahoma","Muskogee County",4,29,828,437,391
050,40,101,"Oklahoma","Muskogee County",4,30,860,423,437
050,40,101,"Oklahoma","Muskogee County",4,31,854,407,447
050,40,101,"Oklahoma","Muskogee County",4,32,851,433,418
050,40,101,"Oklahoma","Muskogee County",4,33,820,394,426
050,40,101,"Oklahoma","Muskogee County",4,34,865,398,467
050,40,101,"Oklahoma","Muskogee County",4,35,846,402,444
050,40,101,"Oklahoma","Muskogee County",4,36,832,390,442
050,40,101,"Oklahoma","Muskogee County",4,37,868,426,442
050,40,101,"Oklahoma","Muskogee County",4,38,827,402,425
050,40,101,"Oklahoma","Muskogee County",4,39,890,444,446
050,40,101,"Oklahoma","Muskogee County",4,40,875,401,474
050,40,101,"Oklahoma","Muskogee County",4,41,890,442,448
050,40,101,"Oklahoma","Muskogee County",4,42,876,437,439
050,40,101,"Oklahoma","Muskogee County",4,43,847,409,438
050,40,101,"Oklahoma","Muskogee County",4,44,836,400,436
050,40,101,"Oklahoma","Muskogee County",4,45,791,397,394
050,40,101,"Oklahoma","Muskogee County",4,46,781,385,396
050,40,101,"Oklahoma","Muskogee County",4,47,756,382,374
050,40,101,"Oklahoma","Muskogee County",4,48,767,391,376
050,40,101,"Oklahoma","Muskogee County",4,49,733,351,382
050,40,101,"Oklahoma","Muskogee County",4,50,774,381,393
050,40,101,"Oklahoma","Muskogee County",4,51,796,380,416
050,40,101,"Oklahoma","Muskogee County",4,52,792,393,399
050,40,101,"Oklahoma","Muskogee County",4,53,736,359,377
050,40,101,"Oklahoma","Muskogee County",4,54,726,370,356
050,40,101,"Oklahoma","Muskogee County",4,55,680,343,337
050,40,101,"Oklahoma","Muskogee County",4,56,751,378,373
050,40,101,"Oklahoma","Muskogee County",4,57,806,418,388
050,40,101,"Oklahoma","Muskogee County",4,58,831,427,404
050,40,101,"Oklahoma","Muskogee County",4,59,847,416,431
050,40,101,"Oklahoma","Muskogee County",4,60,829,389,440
050,40,101,"Oklahoma","Muskogee County",4,61,820,392,428
050,40,101,"Oklahoma","Muskogee County",4,62,845,411,434
050,40,101,"Oklahoma","Muskogee County",4,63,809,395,414
050,40,101,"Oklahoma","Muskogee County",4,64,796,372,424
050,40,101,"Oklahoma","Muskogee County",4,65,832,389,443
050,40,101,"Oklahoma","Muskogee County",4,66,805,383,422
050,40,101,"Oklahoma","Muskogee County",4,67,761,364,397
050,40,101,"Oklahoma","Muskogee County",4,68,740,354,386
050,40,101,"Oklahoma","Muskogee County",4,69,672,314,358
050,40,101,"Oklahoma","Muskogee County",4,70,647,299,348
050,40,101,"Oklahoma","Muskogee County",4,71,627,286,341
050,40,101,"Oklahoma","Muskogee County",4,72,591,265,326
050,40,101,"Oklahoma","Muskogee County",4,73,567,244,323
050,40,101,"Oklahoma","Muskogee County",4,74,524,244,280
050,40,101,"Oklahoma","Muskogee County",4,75,560,264,296
050,40,101,"Oklahoma","Muskogee County",4,76,418,183,235
050,40,101,"Oklahoma","Muskogee County",4,77,412,183,229
050,40,101,"Oklahoma","Muskogee County",4,78,369,173,196
050,40,101,"Oklahoma","Muskogee County",4,79,373,166,207
050,40,101,"Oklahoma","Muskogee County",4,80,326,142,184
050,40,101,"Oklahoma","Muskogee County",4,81,278,109,169
050,40,101,"Oklahoma","Muskogee County",4,82,251,85,166
050,40,101,"Oklahoma","Muskogee County",4,83,245,95,150
050,40,101,"Oklahoma","Muskogee County",4,84,197,79,118
050,40,101,"Oklahoma","Muskogee County",4,85,1173,429,744
050,40,101,"Oklahoma","Muskogee County",5,0,828,427,401
050,40,101,"Oklahoma","Muskogee County",5,1,852,456,396
050,40,101,"Oklahoma","Muskogee County",5,2,840,443,397
050,40,101,"Oklahoma","Muskogee County",5,3,814,399,415
050,40,101,"Oklahoma","Muskogee County",5,4,795,384,411
050,40,101,"Oklahoma","Muskogee County",5,5,877,423,454
050,40,101,"Oklahoma","Muskogee County",5,6,875,435,440
050,40,101,"Oklahoma","Muskogee County",5,7,889,457,432
050,40,101,"Oklahoma","Muskogee County",5,8,912,452,460
050,40,101,"Oklahoma","Muskogee County",5,9,926,491,435
050,40,101,"Oklahoma","Muskogee County",5,10,933,491,442
050,40,101,"Oklahoma","Muskogee County",5,11,908,467,441
050,40,101,"Oklahoma","Muskogee County",5,12,942,481,461
050,40,101,"Oklahoma","Muskogee County",5,13,914,477,437
050,40,101,"Oklahoma","Muskogee County",5,14,992,501,491
050,40,101,"Oklahoma","Muskogee County",5,15,966,492,474
050,40,101,"Oklahoma","Muskogee County",5,16,990,510,480
050,40,101,"Oklahoma","Muskogee County",5,17,931,463,468
050,40,101,"Oklahoma","Muskogee County",5,18,922,492,430
050,40,101,"Oklahoma","Muskogee County",5,19,892,485,407
050,40,101,"Oklahoma","Muskogee County",5,20,852,471,381
050,40,101,"Oklahoma","Muskogee County",5,21,822,441,381
050,40,101,"Oklahoma","Muskogee County",5,22,865,437,428
050,40,101,"Oklahoma","Muskogee County",5,23,852,463,389
050,40,101,"Oklahoma","Muskogee County",5,24,946,479,467
050,40,101,"Oklahoma","Muskogee County",5,25,873,457,416
050,40,101,"Oklahoma","Muskogee County",5,26,853,434,419
050,40,101,"Oklahoma","Muskogee County",5,27,848,452,396
050,40,101,"Oklahoma","Muskogee County",5,28,881,447,434
050,40,101,"Oklahoma","Muskogee County",5,29,860,453,407
050,40,101,"Oklahoma","Muskogee County",5,30,842,441,401
050,40,101,"Oklahoma","Muskogee County",5,31,851,407,444
050,40,101,"Oklahoma","Muskogee County",5,32,845,415,430
050,40,101,"Oklahoma","Muskogee County",5,33,862,433,429
050,40,101,"Oklahoma","Muskogee County",5,34,851,415,436
050,40,101,"Oklahoma","Muskogee County",5,35,857,399,458
050,40,101,"Oklahoma","Muskogee County",5,36,839,402,437
050,40,101,"Oklahoma","Muskogee County",5,37,858,400,458
050,40,101,"Oklahoma","Muskogee County",5,38,848,419,429
050,40,101,"Oklahoma","Muskogee County",5,39,878,441,437
050,40,101,"Oklahoma","Muskogee County",5,40,894,433,461
050,40,101,"Oklahoma","Muskogee County",5,41,895,428,467
050,40,101,"Oklahoma","Muskogee County",5,42,875,424,451
050,40,101,"Oklahoma","Muskogee County",5,43,886,440,446
050,40,101,"Oklahoma","Muskogee County",5,44,873,421,452
050,40,101,"Oklahoma","Muskogee County",5,45,843,408,435
050,40,101,"Oklahoma","Muskogee County",5,46,775,387,388
050,40,101,"Oklahoma","Muskogee County",5,47,829,418,411
050,40,101,"Oklahoma","Muskogee County",5,48,758,377,381
050,40,101,"Oklahoma","Muskogee County",5,49,764,383,381
050,40,101,"Oklahoma","Muskogee County",5,50,733,356,377
050,40,101,"Oklahoma","Muskogee County",5,51,760,368,392
050,40,101,"Oklahoma","Muskogee County",5,52,791,387,404
050,40,101,"Oklahoma","Muskogee County",5,53,780,390,390
050,40,101,"Oklahoma","Muskogee County",5,54,728,350,378
050,40,101,"Oklahoma","Muskogee County",5,55,714,361,353
050,40,101,"Oklahoma","Muskogee County",5,56,679,343,336
050,40,101,"Oklahoma","Muskogee County",5,57,748,374,374
050,40,101,"Oklahoma","Muskogee County",5,58,814,432,382
050,40,101,"Oklahoma","Muskogee County",5,59,808,400,408
050,40,101,"Oklahoma","Muskogee County",5,60,834,405,429
050,40,101,"Oklahoma","Muskogee County",5,61,840,392,448
050,40,101,"Oklahoma","Muskogee County",5,62,835,404,431
050,40,101,"Oklahoma","Muskogee County",5,63,836,412,424
050,40,101,"Oklahoma","Muskogee County",5,64,771,367,404
050,40,101,"Oklahoma","Muskogee County",5,65,791,373,418
050,40,101,"Oklahoma","Muskogee County",5,66,818,374,444
050,40,101,"Oklahoma","Muskogee County",5,67,777,371,406
050,40,101,"Oklahoma","Muskogee County",5,68,757,362,395
050,40,101,"Oklahoma","Muskogee County",5,69,724,343,381
050,40,101,"Oklahoma","Muskogee County",5,70,643,301,342
050,40,101,"Oklahoma","Muskogee County",5,71,613,282,331
050,40,101,"Oklahoma","Muskogee County",5,72,589,264,325
050,40,101,"Oklahoma","Muskogee County",5,73,562,250,312
050,40,101,"Oklahoma","Muskogee County",5,74,541,227,314
050,40,101,"Oklahoma","Muskogee County",5,75,504,236,268
050,40,101,"Oklahoma","Muskogee County",5,76,536,246,290
050,40,101,"Oklahoma","Muskogee County",5,77,382,164,218
050,40,101,"Oklahoma","Muskogee County",5,78,387,173,214
050,40,101,"Oklahoma","Muskogee County",5,79,345,165,180
050,40,101,"Oklahoma","Muskogee County",5,80,349,158,191
050,40,101,"Oklahoma","Muskogee County",5,81,285,121,164
050,40,101,"Oklahoma","Muskogee County",5,82,254,93,161
050,40,101,"Oklahoma","Muskogee County",5,83,232,84,148
050,40,101,"Oklahoma","Muskogee County",5,84,212,75,137
050,40,101,"Oklahoma","Muskogee County",5,85,1132,431,701
050,40,103,"Oklahoma","Noble County",1,0,108,56,52
050,40,103,"Oklahoma","Noble County",1,1,119,56,63
050,40,103,"Oklahoma","Noble County",1,2,130,67,63
050,40,103,"Oklahoma","Noble County",1,3,129,65,64
050,40,103,"Oklahoma","Noble County",1,4,127,54,73
050,40,103,"Oklahoma","Noble County",1,5,134,63,71
050,40,103,"Oklahoma","Noble County",1,6,138,71,67
050,40,103,"Oklahoma","Noble County",1,7,140,68,72
050,40,103,"Oklahoma","Noble County",1,8,132,65,67
050,40,103,"Oklahoma","Noble County",1,9,153,75,78
050,40,103,"Oklahoma","Noble County",1,10,162,85,77
050,40,103,"Oklahoma","Noble County",1,11,158,82,76
050,40,103,"Oklahoma","Noble County",1,12,152,77,75
050,40,103,"Oklahoma","Noble County",1,13,142,70,72
050,40,103,"Oklahoma","Noble County",1,14,158,76,82
050,40,103,"Oklahoma","Noble County",1,15,147,65,82
050,40,103,"Oklahoma","Noble County",1,16,145,73,72
050,40,103,"Oklahoma","Noble County",1,17,148,78,70
050,40,103,"Oklahoma","Noble County",1,18,141,77,64
050,40,103,"Oklahoma","Noble County",1,19,111,68,43
050,40,103,"Oklahoma","Noble County",1,20,103,55,48
050,40,103,"Oklahoma","Noble County",1,21,104,54,50
050,40,103,"Oklahoma","Noble County",1,22,115,56,59
050,40,103,"Oklahoma","Noble County",1,23,119,63,56
050,40,103,"Oklahoma","Noble County",1,24,102,48,54
050,40,103,"Oklahoma","Noble County",1,25,98,50,48
050,40,103,"Oklahoma","Noble County",1,26,114,60,54
050,40,103,"Oklahoma","Noble County",1,27,118,59,59
050,40,103,"Oklahoma","Noble County",1,28,125,58,67
050,40,103,"Oklahoma","Noble County",1,29,109,46,63
050,40,103,"Oklahoma","Noble County",1,30,118,57,61
050,40,103,"Oklahoma","Noble County",1,31,131,69,62
050,40,103,"Oklahoma","Noble County",1,32,125,62,63
050,40,103,"Oklahoma","Noble County",1,33,114,53,61
050,40,103,"Oklahoma","Noble County",1,34,125,59,66
050,40,103,"Oklahoma","Noble County",1,35,142,68,74
050,40,103,"Oklahoma","Noble County",1,36,131,60,71
050,40,103,"Oklahoma","Noble County",1,37,136,68,68
050,40,103,"Oklahoma","Noble County",1,38,140,77,63
050,40,103,"Oklahoma","Noble County",1,39,135,65,70
050,40,103,"Oklahoma","Noble County",1,40,127,65,62
050,40,103,"Oklahoma","Noble County",1,41,124,75,49
050,40,103,"Oklahoma","Noble County",1,42,119,61,58
050,40,103,"Oklahoma","Noble County",1,43,121,61,60
050,40,103,"Oklahoma","Noble County",1,44,114,54,60
050,40,103,"Oklahoma","Noble County",1,45,120,59,61
050,40,103,"Oklahoma","Noble County",1,46,126,61,65
050,40,103,"Oklahoma","Noble County",1,47,98,54,44
050,40,103,"Oklahoma","Noble County",1,48,125,59,66
050,40,103,"Oklahoma","Noble County",1,49,161,78,83
050,40,103,"Oklahoma","Noble County",1,50,150,71,79
050,40,103,"Oklahoma","Noble County",1,51,137,73,64
050,40,103,"Oklahoma","Noble County",1,52,136,76,60
050,40,103,"Oklahoma","Noble County",1,53,154,86,68
050,40,103,"Oklahoma","Noble County",1,54,133,66,67
050,40,103,"Oklahoma","Noble County",1,55,137,64,73
050,40,103,"Oklahoma","Noble County",1,56,145,68,77
050,40,103,"Oklahoma","Noble County",1,57,153,72,81
050,40,103,"Oklahoma","Noble County",1,58,148,76,72
050,40,103,"Oklahoma","Noble County",1,59,172,92,80
050,40,103,"Oklahoma","Noble County",1,60,156,89,67
050,40,103,"Oklahoma","Noble County",1,61,148,75,73
050,40,103,"Oklahoma","Noble County",1,62,164,74,90
050,40,103,"Oklahoma","Noble County",1,63,140,64,76
050,40,103,"Oklahoma","Noble County",1,64,134,71,63
050,40,103,"Oklahoma","Noble County",1,65,148,75,73
050,40,103,"Oklahoma","Noble County",1,66,146,73,73
050,40,103,"Oklahoma","Noble County",1,67,123,57,66
050,40,103,"Oklahoma","Noble County",1,68,148,76,72
050,40,103,"Oklahoma","Noble County",1,69,132,73,59
050,40,103,"Oklahoma","Noble County",1,70,131,67,64
050,40,103,"Oklahoma","Noble County",1,71,119,61,58
050,40,103,"Oklahoma","Noble County",1,72,109,48,61
050,40,103,"Oklahoma","Noble County",1,73,115,50,65
050,40,103,"Oklahoma","Noble County",1,74,84,37,47
050,40,103,"Oklahoma","Noble County",1,75,96,44,52
050,40,103,"Oklahoma","Noble County",1,76,85,32,53
050,40,103,"Oklahoma","Noble County",1,77,80,33,47
050,40,103,"Oklahoma","Noble County",1,78,73,32,41
050,40,103,"Oklahoma","Noble County",1,79,86,35,51
050,40,103,"Oklahoma","Noble County",1,80,69,29,40
050,40,103,"Oklahoma","Noble County",1,81,66,28,38
050,40,103,"Oklahoma","Noble County",1,82,75,31,44
050,40,103,"Oklahoma","Noble County",1,83,59,28,31
050,40,103,"Oklahoma","Noble County",1,84,51,16,35
050,40,103,"Oklahoma","Noble County",1,85,314,99,215
050,40,103,"Oklahoma","Noble County",2,0,121,61,60
050,40,103,"Oklahoma","Noble County",2,1,117,56,61
050,40,103,"Oklahoma","Noble County",2,2,127,63,64
050,40,103,"Oklahoma","Noble County",2,3,127,64,63
050,40,103,"Oklahoma","Noble County",2,4,129,57,72
050,40,103,"Oklahoma","Noble County",2,5,132,61,71
050,40,103,"Oklahoma","Noble County",2,6,137,69,68
050,40,103,"Oklahoma","Noble County",2,7,140,69,71
050,40,103,"Oklahoma","Noble County",2,8,134,65,69
050,40,103,"Oklahoma","Noble County",2,9,149,73,76
050,40,103,"Oklahoma","Noble County",2,10,160,83,77
050,40,103,"Oklahoma","Noble County",2,11,156,83,73
050,40,103,"Oklahoma","Noble County",2,12,153,78,75
050,40,103,"Oklahoma","Noble County",2,13,144,70,74
050,40,103,"Oklahoma","Noble County",2,14,152,73,79
050,40,103,"Oklahoma","Noble County",2,15,150,67,83
050,40,103,"Oklahoma","Noble County",2,16,144,70,74
050,40,103,"Oklahoma","Noble County",2,17,145,77,68
050,40,103,"Oklahoma","Noble County",2,18,136,74,62
050,40,103,"Oklahoma","Noble County",2,19,111,66,45
050,40,103,"Oklahoma","Noble County",2,20,105,57,48
050,40,103,"Oklahoma","Noble County",2,21,104,54,50
050,40,103,"Oklahoma","Noble County",2,22,117,58,59
050,40,103,"Oklahoma","Noble County",2,23,118,61,57
050,40,103,"Oklahoma","Noble County",2,24,105,51,54
050,40,103,"Oklahoma","Noble County",2,25,101,51,50
050,40,103,"Oklahoma","Noble County",2,26,112,60,52
050,40,103,"Oklahoma","Noble County",2,27,116,59,57
050,40,103,"Oklahoma","Noble County",2,28,122,58,64
050,40,103,"Oklahoma","Noble County",2,29,114,49,65
050,40,103,"Oklahoma","Noble County",2,30,119,55,64
050,40,103,"Oklahoma","Noble County",2,31,130,66,64
050,40,103,"Oklahoma","Noble County",2,32,126,64,62
050,40,103,"Oklahoma","Noble County",2,33,116,54,62
050,40,103,"Oklahoma","Noble County",2,34,123,57,66
050,40,103,"Oklahoma","Noble County",2,35,136,65,71
050,40,103,"Oklahoma","Noble County",2,36,132,62,70
050,40,103,"Oklahoma","Noble County",2,37,136,67,69
050,40,103,"Oklahoma","Noble County",2,38,142,76,66
050,40,103,"Oklahoma","Noble County",2,39,135,67,68
050,40,103,"Oklahoma","Noble County",2,40,130,66,64
050,40,103,"Oklahoma","Noble County",2,41,124,72,52
050,40,103,"Oklahoma","Noble County",2,42,120,65,55
050,40,103,"Oklahoma","Noble County",2,43,121,62,59
050,40,103,"Oklahoma","Noble County",2,44,114,54,60
050,40,103,"Oklahoma","Noble County",2,45,122,61,61
050,40,103,"Oklahoma","Noble County",2,46,124,60,64
050,40,103,"Oklahoma","Noble County",2,47,102,54,48
050,40,103,"Oklahoma","Noble County",2,48,122,59,63
050,40,103,"Oklahoma","Noble County",2,49,150,72,78
050,40,103,"Oklahoma","Noble County",2,50,152,73,79
050,40,103,"Oklahoma","Noble County",2,51,141,74,67
050,40,103,"Oklahoma","Noble County",2,52,134,74,60
050,40,103,"Oklahoma","Noble County",2,53,152,84,68
050,40,103,"Oklahoma","Noble County",2,54,134,68,66
050,40,103,"Oklahoma","Noble County",2,55,135,64,71
050,40,103,"Oklahoma","Noble County",2,56,145,67,78
050,40,103,"Oklahoma","Noble County",2,57,151,72,79
050,40,103,"Oklahoma","Noble County",2,58,148,75,73
050,40,103,"Oklahoma","Noble County",2,59,168,89,79
050,40,103,"Oklahoma","Noble County",2,60,159,89,70
050,40,103,"Oklahoma","Noble County",2,61,150,78,72
050,40,103,"Oklahoma","Noble County",2,62,159,73,86
050,40,103,"Oklahoma","Noble County",2,63,149,68,81
050,40,103,"Oklahoma","Noble County",2,64,135,69,66
050,40,103,"Oklahoma","Noble County",2,65,143,74,69
050,40,103,"Oklahoma","Noble County",2,66,147,72,75
050,40,103,"Oklahoma","Noble County",2,67,128,62,66
050,40,103,"Oklahoma","Noble County",2,68,137,69,68
050,40,103,"Oklahoma","Noble County",2,69,136,73,63
050,40,103,"Oklahoma","Noble County",2,70,130,67,63
050,40,103,"Oklahoma","Noble County",2,71,119,62,57
050,40,103,"Oklahoma","Noble County",2,72,108,49,59
050,40,103,"Oklahoma","Noble County",2,73,118,51,67
050,40,103,"Oklahoma","Noble County",2,74,86,37,49
050,40,103,"Oklahoma","Noble County",2,75,92,42,50
050,40,103,"Oklahoma","Noble County",2,76,84,33,51
050,40,103,"Oklahoma","Noble County",2,77,84,34,50
050,40,103,"Oklahoma","Noble County",2,78,74,32,42
050,40,103,"Oklahoma","Noble County",2,79,86,35,51
050,40,103,"Oklahoma","Noble County",2,80,69,28,41
050,40,103,"Oklahoma","Noble County",2,81,67,28,39
050,40,103,"Oklahoma","Noble County",2,82,76,32,44
050,40,103,"Oklahoma","Noble County",2,83,58,26,32
050,40,103,"Oklahoma","Noble County",2,84,52,17,35
050,40,103,"Oklahoma","Noble County",2,85,319,101,218
050,40,103,"Oklahoma","Noble County",3,0,112,67,45
050,40,103,"Oklahoma","Noble County",3,1,127,56,71
050,40,103,"Oklahoma","Noble County",3,2,121,58,63
050,40,103,"Oklahoma","Noble County",3,3,130,66,64
050,40,103,"Oklahoma","Noble County",3,4,132,67,65
050,40,103,"Oklahoma","Noble County",3,5,140,68,72
050,40,103,"Oklahoma","Noble County",3,6,139,63,76
050,40,103,"Oklahoma","Noble County",3,7,143,71,72
050,40,103,"Oklahoma","Noble County",3,8,135,63,72
050,40,103,"Oklahoma","Noble County",3,9,126,60,66
050,40,103,"Oklahoma","Noble County",3,10,148,72,76
050,40,103,"Oklahoma","Noble County",3,11,158,83,75
050,40,103,"Oklahoma","Noble County",3,12,159,82,77
050,40,103,"Oklahoma","Noble County",3,13,157,78,79
050,40,103,"Oklahoma","Noble County",3,14,146,73,73
050,40,103,"Oklahoma","Noble County",3,15,159,77,82
050,40,103,"Oklahoma","Noble County",3,16,157,76,81
050,40,103,"Oklahoma","Noble County",3,17,139,66,73
050,40,103,"Oklahoma","Noble County",3,18,123,67,56
050,40,103,"Oklahoma","Noble County",3,19,109,61,48
050,40,103,"Oklahoma","Noble County",3,20,114,62,52
050,40,103,"Oklahoma","Noble County",3,21,115,59,56
050,40,103,"Oklahoma","Noble County",3,22,109,57,52
050,40,103,"Oklahoma","Noble County",3,23,110,57,53
050,40,103,"Oklahoma","Noble County",3,24,121,58,63
050,40,103,"Oklahoma","Noble County",3,25,112,57,55
050,40,103,"Oklahoma","Noble County",3,26,100,53,47
050,40,103,"Oklahoma","Noble County",3,27,101,54,47
050,40,103,"Oklahoma","Noble County",3,28,122,65,57
050,40,103,"Oklahoma","Noble County",3,29,119,58,61
050,40,103,"Oklahoma","Noble County",3,30,137,61,76
050,40,103,"Oklahoma","Noble County",3,31,118,55,63
050,40,103,"Oklahoma","Noble County",3,32,119,59,60
050,40,103,"Oklahoma","Noble County",3,33,126,67,59
050,40,103,"Oklahoma","Noble County",3,34,114,50,64
050,40,103,"Oklahoma","Noble County",3,35,123,57,66
050,40,103,"Oklahoma","Noble County",3,36,139,69,70
050,40,103,"Oklahoma","Noble County",3,37,137,62,75
050,40,103,"Oklahoma","Noble County",3,38,144,72,72
050,40,103,"Oklahoma","Noble County",3,39,137,69,68
050,40,103,"Oklahoma","Noble County",3,40,137,73,64
050,40,103,"Oklahoma","Noble County",3,41,135,68,67
050,40,103,"Oklahoma","Noble County",3,42,127,74,53
050,40,103,"Oklahoma","Noble County",3,43,126,70,56
050,40,103,"Oklahoma","Noble County",3,44,116,58,58
050,40,103,"Oklahoma","Noble County",3,45,110,55,55
050,40,103,"Oklahoma","Noble County",3,46,129,68,61
050,40,103,"Oklahoma","Noble County",3,47,116,51,65
050,40,103,"Oklahoma","Noble County",3,48,108,58,50
050,40,103,"Oklahoma","Noble County",3,49,118,63,55
050,40,103,"Oklahoma","Noble County",3,50,156,73,83
050,40,103,"Oklahoma","Noble County",3,51,155,75,80
050,40,103,"Oklahoma","Noble County",3,52,135,68,67
050,40,103,"Oklahoma","Noble County",3,53,138,75,63
050,40,103,"Oklahoma","Noble County",3,54,138,74,64
050,40,103,"Oklahoma","Noble County",3,55,129,69,60
050,40,103,"Oklahoma","Noble County",3,56,138,66,72
050,40,103,"Oklahoma","Noble County",3,57,153,72,81
050,40,103,"Oklahoma","Noble County",3,58,153,71,82
050,40,103,"Oklahoma","Noble County",3,59,157,80,77
050,40,103,"Oklahoma","Noble County",3,60,170,90,80
050,40,103,"Oklahoma","Noble County",3,61,153,86,67
050,40,103,"Oklahoma","Noble County",3,62,149,79,70
050,40,103,"Oklahoma","Noble County",3,63,156,71,85
050,40,103,"Oklahoma","Noble County",3,64,142,65,77
050,40,103,"Oklahoma","Noble County",3,65,129,67,62
050,40,103,"Oklahoma","Noble County",3,66,147,73,74
050,40,103,"Oklahoma","Noble County",3,67,144,74,70
050,40,103,"Oklahoma","Noble County",3,68,124,63,61
050,40,103,"Oklahoma","Noble County",3,69,138,67,71
050,40,103,"Oklahoma","Noble County",3,70,128,67,61
050,40,103,"Oklahoma","Noble County",3,71,122,67,55
050,40,103,"Oklahoma","Noble County",3,72,117,57,60
050,40,103,"Oklahoma","Noble County",3,73,101,42,59
050,40,103,"Oklahoma","Noble County",3,74,119,50,69
050,40,103,"Oklahoma","Noble County",3,75,84,36,48
050,40,103,"Oklahoma","Noble County",3,76,81,38,43
050,40,103,"Oklahoma","Noble County",3,77,81,31,50
050,40,103,"Oklahoma","Noble County",3,78,75,30,45
050,40,103,"Oklahoma","Noble County",3,79,83,33,50
050,40,103,"Oklahoma","Noble County",3,80,79,33,46
050,40,103,"Oklahoma","Noble County",3,81,68,29,39
050,40,103,"Oklahoma","Noble County",3,82,75,30,45
050,40,103,"Oklahoma","Noble County",3,83,57,22,35
050,40,103,"Oklahoma","Noble County",3,84,64,24,40
050,40,103,"Oklahoma","Noble County",3,85,304,95,209
050,40,103,"Oklahoma","Noble County",4,0,87,49,38
050,40,103,"Oklahoma","Noble County",4,1,114,73,41
050,40,103,"Oklahoma","Noble County",4,2,133,64,69
050,40,103,"Oklahoma","Noble County",4,3,119,54,65
050,40,103,"Oklahoma","Noble County",4,4,129,67,62
050,40,103,"Oklahoma","Noble County",4,5,128,65,63
050,40,103,"Oklahoma","Noble County",4,6,127,59,68
050,40,103,"Oklahoma","Noble County",4,7,133,62,71
050,40,103,"Oklahoma","Noble County",4,8,137,72,65
050,40,103,"Oklahoma","Noble County",4,9,146,68,78
050,40,103,"Oklahoma","Noble County",4,10,135,70,65
050,40,103,"Oklahoma","Noble County",4,11,153,73,80
050,40,103,"Oklahoma","Noble County",4,12,150,79,71
050,40,103,"Oklahoma","Noble County",4,13,155,79,76
050,40,103,"Oklahoma","Noble County",4,14,155,80,75
050,40,103,"Oklahoma","Noble County",4,15,152,76,76
050,40,103,"Oklahoma","Noble County",4,16,155,75,80
050,40,103,"Oklahoma","Noble County",4,17,148,70,78
050,40,103,"Oklahoma","Noble County",4,18,121,57,64
050,40,103,"Oklahoma","Noble County",4,19,93,52,41
050,40,103,"Oklahoma","Noble County",4,20,108,60,48
050,40,103,"Oklahoma","Noble County",4,21,118,67,51
050,40,103,"Oklahoma","Noble County",4,22,113,62,51
050,40,103,"Oklahoma","Noble County",4,23,123,61,62
050,40,103,"Oklahoma","Noble County",4,24,117,59,58
050,40,103,"Oklahoma","Noble County",4,25,115,54,61
050,40,103,"Oklahoma","Noble County",4,26,125,68,57
050,40,103,"Oklahoma","Noble County",4,27,102,45,57
050,40,103,"Oklahoma","Noble County",4,28,103,52,51
050,40,103,"Oklahoma","Noble County",4,29,126,68,58
050,40,103,"Oklahoma","Noble County",4,30,125,61,64
050,40,103,"Oklahoma","Noble County",4,31,132,63,69
050,40,103,"Oklahoma","Noble County",4,32,117,52,65
050,40,103,"Oklahoma","Noble County",4,33,118,61,57
050,40,103,"Oklahoma","Noble County",4,34,134,72,62
050,40,103,"Oklahoma","Noble County",4,35,107,46,61
050,40,103,"Oklahoma","Noble County",4,36,132,61,71
050,40,103,"Oklahoma","Noble County",4,37,137,72,65
050,40,103,"Oklahoma","Noble County",4,38,136,63,73
050,40,103,"Oklahoma","Noble County",4,39,149,76,73
050,40,103,"Oklahoma","Noble County",4,40,135,71,64
050,40,103,"Oklahoma","Noble County",4,41,132,68,64
050,40,103,"Oklahoma","Noble County",4,42,136,67,69
050,40,103,"Oklahoma","Noble County",4,43,129,76,53
050,40,103,"Oklahoma","Noble County",4,44,123,65,58
050,40,103,"Oklahoma","Noble County",4,45,117,64,53
050,40,103,"Oklahoma","Noble County",4,46,115,57,58
050,40,103,"Oklahoma","Noble County",4,47,132,73,59
050,40,103,"Oklahoma","Noble County",4,48,125,55,70
050,40,103,"Oklahoma","Noble County",4,49,100,56,44
050,40,103,"Oklahoma","Noble County",4,50,119,62,57
050,40,103,"Oklahoma","Noble County",4,51,156,76,80
050,40,103,"Oklahoma","Noble County",4,52,153,72,81
050,40,103,"Oklahoma","Noble County",4,53,140,72,68
050,40,103,"Oklahoma","Noble County",4,54,132,71,61
050,40,103,"Oklahoma","Noble County",4,55,139,73,66
050,40,103,"Oklahoma","Noble County",4,56,133,70,63
050,40,103,"Oklahoma","Noble County",4,57,137,64,73
050,40,103,"Oklahoma","Noble County",4,58,147,72,75
050,40,103,"Oklahoma","Noble County",4,59,158,74,84
050,40,103,"Oklahoma","Noble County",4,60,161,81,80
050,40,103,"Oklahoma","Noble County",4,61,158,81,77
050,40,103,"Oklahoma","Noble County",4,62,146,84,62
050,40,103,"Oklahoma","Noble County",4,63,147,76,71
050,40,103,"Oklahoma","Noble County",4,64,163,76,87
050,40,103,"Oklahoma","Noble County",4,65,137,63,74
050,40,103,"Oklahoma","Noble County",4,66,128,61,67
050,40,103,"Oklahoma","Noble County",4,67,135,71,64
050,40,103,"Oklahoma","Noble County",4,68,145,74,71
050,40,103,"Oklahoma","Noble County",4,69,123,59,64
050,40,103,"Oklahoma","Noble County",4,70,132,63,69
050,40,103,"Oklahoma","Noble County",4,71,116,64,52
050,40,103,"Oklahoma","Noble County",4,72,116,62,54
050,40,103,"Oklahoma","Noble County",4,73,111,52,59
050,40,103,"Oklahoma","Noble County",4,74,100,43,57
050,40,103,"Oklahoma","Noble County",4,75,118,51,67
050,40,103,"Oklahoma","Noble County",4,76,67,28,39
050,40,103,"Oklahoma","Noble County",4,77,78,35,43
050,40,103,"Oklahoma","Noble County",4,78,71,27,44
050,40,103,"Oklahoma","Noble County",4,79,82,29,53
050,40,103,"Oklahoma","Noble County",4,80,72,29,43
050,40,103,"Oklahoma","Noble County",4,81,75,32,43
050,40,103,"Oklahoma","Noble County",4,82,76,32,44
050,40,103,"Oklahoma","Noble County",4,83,51,17,34
050,40,103,"Oklahoma","Noble County",4,84,60,18,42
050,40,103,"Oklahoma","Noble County",4,85,312,94,218
050,40,103,"Oklahoma","Noble County",5,0,89,50,39
050,40,103,"Oklahoma","Noble County",5,1,74,42,32
050,40,103,"Oklahoma","Noble County",5,2,124,76,48
050,40,103,"Oklahoma","Noble County",5,3,128,61,67
050,40,103,"Oklahoma","Noble County",5,4,126,60,66
050,40,103,"Oklahoma","Noble County",5,5,126,71,55
050,40,103,"Oklahoma","Noble County",5,6,128,69,59
050,40,103,"Oklahoma","Noble County",5,7,130,59,71
050,40,103,"Oklahoma","Noble County",5,8,149,73,76
050,40,103,"Oklahoma","Noble County",5,9,139,71,68
050,40,103,"Oklahoma","Noble County",5,10,145,70,75
050,40,103,"Oklahoma","Noble County",5,11,132,72,60
050,40,103,"Oklahoma","Noble County",5,12,163,77,86
050,40,103,"Oklahoma","Noble County",5,13,148,76,72
050,40,103,"Oklahoma","Noble County",5,14,166,84,82
050,40,103,"Oklahoma","Noble County",5,15,157,82,75
050,40,103,"Oklahoma","Noble County",5,16,142,72,70
050,40,103,"Oklahoma","Noble County",5,17,163,83,80
050,40,103,"Oklahoma","Noble County",5,18,126,65,61
050,40,103,"Oklahoma","Noble County",5,19,107,53,54
050,40,103,"Oklahoma","Noble County",5,20,101,53,48
050,40,103,"Oklahoma","Noble County",5,21,118,64,54
050,40,103,"Oklahoma","Noble County",5,22,126,68,58
050,40,103,"Oklahoma","Noble County",5,23,118,70,48
050,40,103,"Oklahoma","Noble County",5,24,114,55,59
050,40,103,"Oklahoma","Noble County",5,25,114,62,52
050,40,103,"Oklahoma","Noble County",5,26,103,47,56
050,40,103,"Oklahoma","Noble County",5,27,136,69,67
050,40,103,"Oklahoma","Noble County",5,28,111,49,62
050,40,103,"Oklahoma","Noble County",5,29,109,52,57
050,40,103,"Oklahoma","Noble County",5,30,125,62,63
050,40,103,"Oklahoma","Noble County",5,31,127,65,62
050,40,103,"Oklahoma","Noble County",5,32,128,58,70
050,40,103,"Oklahoma","Noble County",5,33,113,58,55
050,40,103,"Oklahoma","Noble County",5,34,119,62,57
050,40,103,"Oklahoma","Noble County",5,35,131,66,65
050,40,103,"Oklahoma","Noble County",5,36,105,49,56
050,40,103,"Oklahoma","Noble County",5,37,132,59,73
050,40,103,"Oklahoma","Noble County",5,38,141,70,71
050,40,103,"Oklahoma","Noble County",5,39,132,63,69
050,40,103,"Oklahoma","Noble County",5,40,152,73,79
050,40,103,"Oklahoma","Noble County",5,41,133,72,61
050,40,103,"Oklahoma","Noble County",5,42,142,74,68
050,40,103,"Oklahoma","Noble County",5,43,138,70,68
050,40,103,"Oklahoma","Noble County",5,44,128,70,58
050,40,103,"Oklahoma","Noble County",5,45,124,63,61
050,40,103,"Oklahoma","Noble County",5,46,118,67,51
050,40,103,"Oklahoma","Noble County",5,47,111,55,56
050,40,103,"Oklahoma","Noble County",5,48,144,82,62
050,40,103,"Oklahoma","Noble County",5,49,122,54,68
050,40,103,"Oklahoma","Noble County",5,50,105,56,49
050,40,103,"Oklahoma","Noble County",5,51,131,71,60
050,40,103,"Oklahoma","Noble County",5,52,153,73,80
050,40,103,"Oklahoma","Noble County",5,53,159,79,80
050,40,103,"Oklahoma","Noble County",5,54,134,64,70
050,40,103,"Oklahoma","Noble County",5,55,135,71,64
050,40,103,"Oklahoma","Noble County",5,56,139,73,66
050,40,103,"Oklahoma","Noble County",5,57,135,70,65
050,40,103,"Oklahoma","Noble County",5,58,130,63,67
050,40,103,"Oklahoma","Noble County",5,59,149,75,74
050,40,103,"Oklahoma","Noble County",5,60,161,73,88
050,40,103,"Oklahoma","Noble County",5,61,150,74,76
050,40,103,"Oklahoma","Noble County",5,62,154,81,73
050,40,103,"Oklahoma","Noble County",5,63,147,80,67
050,40,103,"Oklahoma","Noble County",5,64,151,78,73
050,40,103,"Oklahoma","Noble County",5,65,154,72,82
050,40,103,"Oklahoma","Noble County",5,66,139,57,82
050,40,103,"Oklahoma","Noble County",5,67,115,57,58
050,40,103,"Oklahoma","Noble County",5,68,136,74,62
050,40,103,"Oklahoma","Noble County",5,69,140,70,70
050,40,103,"Oklahoma","Noble County",5,70,118,53,65
050,40,103,"Oklahoma","Noble County",5,71,126,65,61
050,40,103,"Oklahoma","Noble County",5,72,111,57,54
050,40,103,"Oklahoma","Noble County",5,73,108,57,51
050,40,103,"Oklahoma","Noble County",5,74,111,52,59
050,40,103,"Oklahoma","Noble County",5,75,98,42,56
050,40,103,"Oklahoma","Noble County",5,76,102,45,57
050,40,103,"Oklahoma","Noble County",5,77,66,26,40
050,40,103,"Oklahoma","Noble County",5,78,71,32,39
050,40,103,"Oklahoma","Noble County",5,79,79,27,52
050,40,103,"Oklahoma","Noble County",5,80,71,26,45
050,40,103,"Oklahoma","Noble County",5,81,70,30,40
050,40,103,"Oklahoma","Noble County",5,82,84,36,48
050,40,103,"Oklahoma","Noble County",5,83,52,19,33
050,40,103,"Oklahoma","Noble County",5,84,55,15,40
050,40,103,"Oklahoma","Noble County",5,85,316,87,229
050,40,105,"Oklahoma","Nowata County",1,0,125,63,62
050,40,105,"Oklahoma","Nowata County",1,1,122,64,58
050,40,105,"Oklahoma","Nowata County",1,2,112,60,52
050,40,105,"Oklahoma","Nowata County",1,3,125,70,55
050,40,105,"Oklahoma","Nowata County",1,4,112,63,49
050,40,105,"Oklahoma","Nowata County",1,5,109,59,50
050,40,105,"Oklahoma","Nowata County",1,6,115,58,57
050,40,105,"Oklahoma","Nowata County",1,7,122,64,58
050,40,105,"Oklahoma","Nowata County",1,8,110,58,52
050,40,105,"Oklahoma","Nowata County",1,9,123,53,70
050,40,105,"Oklahoma","Nowata County",1,10,120,62,58
050,40,105,"Oklahoma","Nowata County",1,11,131,72,59
050,40,105,"Oklahoma","Nowata County",1,12,105,53,52
050,40,105,"Oklahoma","Nowata County",1,13,111,64,47
050,40,105,"Oklahoma","Nowata County",1,14,111,53,58
050,40,105,"Oklahoma","Nowata County",1,15,112,52,60
050,40,105,"Oklahoma","Nowata County",1,16,126,56,70
050,40,105,"Oklahoma","Nowata County",1,17,130,68,62
050,40,105,"Oklahoma","Nowata County",1,18,106,59,47
050,40,105,"Oklahoma","Nowata County",1,19,93,52,41
050,40,105,"Oklahoma","Nowata County",1,20,93,48,45
050,40,105,"Oklahoma","Nowata County",1,21,98,50,48
050,40,105,"Oklahoma","Nowata County",1,22,93,48,45
050,40,105,"Oklahoma","Nowata County",1,23,93,51,42
050,40,105,"Oklahoma","Nowata County",1,24,94,48,46
050,40,105,"Oklahoma","Nowata County",1,25,94,51,43
050,40,105,"Oklahoma","Nowata County",1,26,124,65,59
050,40,105,"Oklahoma","Nowata County",1,27,120,61,59
050,40,105,"Oklahoma","Nowata County",1,28,107,51,56
050,40,105,"Oklahoma","Nowata County",1,29,110,55,55
050,40,105,"Oklahoma","Nowata County",1,30,119,53,66
050,40,105,"Oklahoma","Nowata County",1,31,90,41,49
050,40,105,"Oklahoma","Nowata County",1,32,98,55,43
050,40,105,"Oklahoma","Nowata County",1,33,120,63,57
050,40,105,"Oklahoma","Nowata County",1,34,117,60,57
050,40,105,"Oklahoma","Nowata County",1,35,109,55,54
050,40,105,"Oklahoma","Nowata County",1,36,100,51,49
050,40,105,"Oklahoma","Nowata County",1,37,102,52,50
050,40,105,"Oklahoma","Nowata County",1,38,110,54,56
050,40,105,"Oklahoma","Nowata County",1,39,104,52,52
050,40,105,"Oklahoma","Nowata County",1,40,108,52,56
050,40,105,"Oklahoma","Nowata County",1,41,99,53,46
050,40,105,"Oklahoma","Nowata County",1,42,101,52,49
050,40,105,"Oklahoma","Nowata County",1,43,111,60,51
050,40,105,"Oklahoma","Nowata County",1,44,113,60,53
050,40,105,"Oklahoma","Nowata County",1,45,104,54,50
050,40,105,"Oklahoma","Nowata County",1,46,101,52,49
050,40,105,"Oklahoma","Nowata County",1,47,120,60,60
050,40,105,"Oklahoma","Nowata County",1,48,117,65,52
050,40,105,"Oklahoma","Nowata County",1,49,111,63,48
050,40,105,"Oklahoma","Nowata County",1,50,120,53,67
050,40,105,"Oklahoma","Nowata County",1,51,121,62,59
050,40,105,"Oklahoma","Nowata County",1,52,116,52,64
050,40,105,"Oklahoma","Nowata County",1,53,117,62,55
050,40,105,"Oklahoma","Nowata County",1,54,123,63,60
050,40,105,"Oklahoma","Nowata County",1,55,123,57,66
050,40,105,"Oklahoma","Nowata County",1,56,140,73,67
050,40,105,"Oklahoma","Nowata County",1,57,143,76,67
050,40,105,"Oklahoma","Nowata County",1,58,163,84,79
050,40,105,"Oklahoma","Nowata County",1,59,146,74,72
050,40,105,"Oklahoma","Nowata County",1,60,138,68,70
050,40,105,"Oklahoma","Nowata County",1,61,146,74,72
050,40,105,"Oklahoma","Nowata County",1,62,149,76,73
050,40,105,"Oklahoma","Nowata County",1,63,143,74,69
050,40,105,"Oklahoma","Nowata County",1,64,139,71,68
050,40,105,"Oklahoma","Nowata County",1,65,126,59,67
050,40,105,"Oklahoma","Nowata County",1,66,114,57,57
050,40,105,"Oklahoma","Nowata County",1,67,112,55,57
050,40,105,"Oklahoma","Nowata County",1,68,105,48,57
050,40,105,"Oklahoma","Nowata County",1,69,98,44,54
050,40,105,"Oklahoma","Nowata County",1,70,94,44,50
050,40,105,"Oklahoma","Nowata County",1,71,102,46,56
050,40,105,"Oklahoma","Nowata County",1,72,86,37,49
050,40,105,"Oklahoma","Nowata County",1,73,93,49,44
050,40,105,"Oklahoma","Nowata County",1,74,71,30,41
050,40,105,"Oklahoma","Nowata County",1,75,68,35,33
050,40,105,"Oklahoma","Nowata County",1,76,76,36,40
050,40,105,"Oklahoma","Nowata County",1,77,69,33,36
050,40,105,"Oklahoma","Nowata County",1,78,76,35,41
050,40,105,"Oklahoma","Nowata County",1,79,61,27,34
050,40,105,"Oklahoma","Nowata County",1,80,62,29,33
050,40,105,"Oklahoma","Nowata County",1,81,50,20,30
050,40,105,"Oklahoma","Nowata County",1,82,41,13,28
050,40,105,"Oklahoma","Nowata County",1,83,39,15,24
050,40,105,"Oklahoma","Nowata County",1,84,28,14,14
050,40,105,"Oklahoma","Nowata County",1,85,222,89,133
050,40,105,"Oklahoma","Nowata County",2,0,121,61,60
050,40,105,"Oklahoma","Nowata County",2,1,123,64,59
050,40,105,"Oklahoma","Nowata County",2,2,116,61,55
050,40,105,"Oklahoma","Nowata County",2,3,120,66,54
050,40,105,"Oklahoma","Nowata County",2,4,116,65,51
050,40,105,"Oklahoma","Nowata County",2,5,109,60,49
050,40,105,"Oklahoma","Nowata County",2,6,117,59,58
050,40,105,"Oklahoma","Nowata County",2,7,117,61,56
050,40,105,"Oklahoma","Nowata County",2,8,113,57,56
050,40,105,"Oklahoma","Nowata County",2,9,122,56,66
050,40,105,"Oklahoma","Nowata County",2,10,123,62,61
050,40,105,"Oklahoma","Nowata County",2,11,124,67,57
050,40,105,"Oklahoma","Nowata County",2,12,111,59,52
050,40,105,"Oklahoma","Nowata County",2,13,106,60,46
050,40,105,"Oklahoma","Nowata County",2,14,110,55,55
050,40,105,"Oklahoma","Nowata County",2,15,110,51,59
050,40,105,"Oklahoma","Nowata County",2,16,125,56,69
050,40,105,"Oklahoma","Nowata County",2,17,130,65,65
050,40,105,"Oklahoma","Nowata County",2,18,108,59,49
050,40,105,"Oklahoma","Nowata County",2,19,92,51,41
050,40,105,"Oklahoma","Nowata County",2,20,97,51,46
050,40,105,"Oklahoma","Nowata County",2,21,99,50,49
050,40,105,"Oklahoma","Nowata County",2,22,96,50,46
050,40,105,"Oklahoma","Nowata County",2,23,95,52,43
050,40,105,"Oklahoma","Nowata County",2,24,93,49,44
050,40,105,"Oklahoma","Nowata County",2,25,95,51,44
050,40,105,"Oklahoma","Nowata County",2,26,117,61,56
050,40,105,"Oklahoma","Nowata County",2,27,123,64,59
050,40,105,"Oklahoma","Nowata County",2,28,112,55,57
050,40,105,"Oklahoma","Nowata County",2,29,110,54,56
050,40,105,"Oklahoma","Nowata County",2,30,119,54,65
050,40,105,"Oklahoma","Nowata County",2,31,97,44,53
050,40,105,"Oklahoma","Nowata County",2,32,96,52,44
050,40,105,"Oklahoma","Nowata County",2,33,112,59,53
050,40,105,"Oklahoma","Nowata County",2,34,117,60,57
050,40,105,"Oklahoma","Nowata County",2,35,110,55,55
050,40,105,"Oklahoma","Nowata County",2,36,101,51,50
050,40,105,"Oklahoma","Nowata County",2,37,100,51,49
050,40,105,"Oklahoma","Nowata County",2,38,109,53,56
050,40,105,"Oklahoma","Nowata County",2,39,105,52,53
050,40,105,"Oklahoma","Nowata County",2,40,106,52,54
050,40,105,"Oklahoma","Nowata County",2,41,100,52,48
050,40,105,"Oklahoma","Nowata County",2,42,101,52,49
050,40,105,"Oklahoma","Nowata County",2,43,110,59,51
050,40,105,"Oklahoma","Nowata County",2,44,111,59,52
050,40,105,"Oklahoma","Nowata County",2,45,108,57,51
050,40,105,"Oklahoma","Nowata County",2,46,100,51,49
050,40,105,"Oklahoma","Nowata County",2,47,115,57,58
050,40,105,"Oklahoma","Nowata County",2,48,119,66,53
050,40,105,"Oklahoma","Nowata County",2,49,115,64,51
050,40,105,"Oklahoma","Nowata County",2,50,118,56,62
050,40,105,"Oklahoma","Nowata County",2,51,119,59,60
050,40,105,"Oklahoma","Nowata County",2,52,117,54,63
050,40,105,"Oklahoma","Nowata County",2,53,119,61,58
050,40,105,"Oklahoma","Nowata County",2,54,121,62,59
050,40,105,"Oklahoma","Nowata County",2,55,122,58,64
050,40,105,"Oklahoma","Nowata County",2,56,137,70,67
050,40,105,"Oklahoma","Nowata County",2,57,144,76,68
050,40,105,"Oklahoma","Nowata County",2,58,157,82,75
050,40,105,"Oklahoma","Nowata County",2,59,152,77,75
050,40,105,"Oklahoma","Nowata County",2,60,140,69,71
050,40,105,"Oklahoma","Nowata County",2,61,143,72,71
050,40,105,"Oklahoma","Nowata County",2,62,149,76,73
050,40,105,"Oklahoma","Nowata County",2,63,144,73,71
050,40,105,"Oklahoma","Nowata County",2,64,138,70,68
050,40,105,"Oklahoma","Nowata County",2,65,129,61,68
050,40,105,"Oklahoma","Nowata County",2,66,117,60,57
050,40,105,"Oklahoma","Nowata County",2,67,112,54,58
050,40,105,"Oklahoma","Nowata County",2,68,104,49,55
050,40,105,"Oklahoma","Nowata County",2,69,99,45,54
050,40,105,"Oklahoma","Nowata County",2,70,94,44,50
050,40,105,"Oklahoma","Nowata County",2,71,102,47,55
050,40,105,"Oklahoma","Nowata County",2,72,86,37,49
050,40,105,"Oklahoma","Nowata County",2,73,94,48,46
050,40,105,"Oklahoma","Nowata County",2,74,71,32,39
050,40,105,"Oklahoma","Nowata County",2,75,68,34,34
050,40,105,"Oklahoma","Nowata County",2,76,73,35,38
050,40,105,"Oklahoma","Nowata County",2,77,72,35,37
050,40,105,"Oklahoma","Nowata County",2,78,71,33,38
050,40,105,"Oklahoma","Nowata County",2,79,63,28,35
050,40,105,"Oklahoma","Nowata County",2,80,62,29,33
050,40,105,"Oklahoma","Nowata County",2,81,52,21,31
050,40,105,"Oklahoma","Nowata County",2,82,43,15,28
050,40,105,"Oklahoma","Nowata County",2,83,38,13,25
050,40,105,"Oklahoma","Nowata County",2,84,30,14,16
050,40,105,"Oklahoma","Nowata County",2,85,219,90,129
050,40,105,"Oklahoma","Nowata County",3,0,117,54,63
050,40,105,"Oklahoma","Nowata County",3,1,95,45,50
050,40,105,"Oklahoma","Nowata County",3,2,118,68,50
050,40,105,"Oklahoma","Nowata County",3,3,126,69,57
050,40,105,"Oklahoma","Nowata County",3,4,121,63,58
050,40,105,"Oklahoma","Nowata County",3,5,123,68,55
050,40,105,"Oklahoma","Nowata County",3,6,121,63,58
050,40,105,"Oklahoma","Nowata County",3,7,114,60,54
050,40,105,"Oklahoma","Nowata County",3,8,130,66,64
050,40,105,"Oklahoma","Nowata County",3,9,126,68,58
050,40,105,"Oklahoma","Nowata County",3,10,124,57,67
050,40,105,"Oklahoma","Nowata County",3,11,120,60,60
050,40,105,"Oklahoma","Nowata County",3,12,128,70,58
050,40,105,"Oklahoma","Nowata County",3,13,129,64,65
050,40,105,"Oklahoma","Nowata County",3,14,115,63,52
050,40,105,"Oklahoma","Nowata County",3,15,124,62,62
050,40,105,"Oklahoma","Nowata County",3,16,112,53,59
050,40,105,"Oklahoma","Nowata County",3,17,129,59,70
050,40,105,"Oklahoma","Nowata County",3,18,107,51,56
050,40,105,"Oklahoma","Nowata County",3,19,91,46,45
050,40,105,"Oklahoma","Nowata County",3,20,90,51,39
050,40,105,"Oklahoma","Nowata County",3,21,88,46,42
050,40,105,"Oklahoma","Nowata County",3,22,92,44,48
050,40,105,"Oklahoma","Nowata County",3,23,95,52,43
050,40,105,"Oklahoma","Nowata County",3,24,97,52,45
050,40,105,"Oklahoma","Nowata County",3,25,86,47,39
050,40,105,"Oklahoma","Nowata County",3,26,99,50,49
050,40,105,"Oklahoma","Nowata County",3,27,105,59,46
050,40,105,"Oklahoma","Nowata County",3,28,124,64,60
050,40,105,"Oklahoma","Nowata County",3,29,109,50,59
050,40,105,"Oklahoma","Nowata County",3,30,104,49,55
050,40,105,"Oklahoma","Nowata County",3,31,129,61,68
050,40,105,"Oklahoma","Nowata County",3,32,97,45,52
050,40,105,"Oklahoma","Nowata County",3,33,98,52,46
050,40,105,"Oklahoma","Nowata County",3,34,117,57,60
050,40,105,"Oklahoma","Nowata County",3,35,122,59,63
050,40,105,"Oklahoma","Nowata County",3,36,124,66,58
050,40,105,"Oklahoma","Nowata County",3,37,116,63,53
050,40,105,"Oklahoma","Nowata County",3,38,107,52,55
050,40,105,"Oklahoma","Nowata County",3,39,103,53,50
050,40,105,"Oklahoma","Nowata County",3,40,113,58,55
050,40,105,"Oklahoma","Nowata County",3,41,113,51,62
050,40,105,"Oklahoma","Nowata County",3,42,99,53,46
050,40,105,"Oklahoma","Nowata County",3,43,102,53,49
050,40,105,"Oklahoma","Nowata County",3,44,106,57,49
050,40,105,"Oklahoma","Nowata County",3,45,116,57,59
050,40,105,"Oklahoma","Nowata County",3,46,107,55,52
050,40,105,"Oklahoma","Nowata County",3,47,103,50,53
050,40,105,"Oklahoma","Nowata County",3,48,117,59,58
050,40,105,"Oklahoma","Nowata County",3,49,123,67,56
050,40,105,"Oklahoma","Nowata County",3,50,113,65,48
050,40,105,"Oklahoma","Nowata County",3,51,114,54,60
050,40,105,"Oklahoma","Nowata County",3,52,120,59,61
050,40,105,"Oklahoma","Nowata County",3,53,114,56,58
050,40,105,"Oklahoma","Nowata County",3,54,112,56,56
050,40,105,"Oklahoma","Nowata County",3,55,118,63,55
050,40,105,"Oklahoma","Nowata County",3,56,124,58,66
050,40,105,"Oklahoma","Nowata County",3,57,140,71,69
050,40,105,"Oklahoma","Nowata County",3,58,141,73,68
050,40,105,"Oklahoma","Nowata County",3,59,155,79,76
050,40,105,"Oklahoma","Nowata County",3,60,145,72,73
050,40,105,"Oklahoma","Nowata County",3,61,145,69,76
050,40,105,"Oklahoma","Nowata County",3,62,148,74,74
050,40,105,"Oklahoma","Nowata County",3,63,145,74,71
050,40,105,"Oklahoma","Nowata County",3,64,139,71,68
050,40,105,"Oklahoma","Nowata County",3,65,133,69,64
050,40,105,"Oklahoma","Nowata County",3,66,128,62,66
050,40,105,"Oklahoma","Nowata County",3,67,115,57,58
050,40,105,"Oklahoma","Nowata County",3,68,113,55,58
050,40,105,"Oklahoma","Nowata County",3,69,101,47,54
050,40,105,"Oklahoma","Nowata County",3,70,90,39,51
050,40,105,"Oklahoma","Nowata County",3,71,89,42,47
050,40,105,"Oklahoma","Nowata County",3,72,94,40,54
050,40,105,"Oklahoma","Nowata County",3,73,84,34,50
050,40,105,"Oklahoma","Nowata County",3,74,96,50,46
050,40,105,"Oklahoma","Nowata County",3,75,65,28,37
050,40,105,"Oklahoma","Nowata County",3,76,64,32,32
050,40,105,"Oklahoma","Nowata County",3,77,69,30,39
050,40,105,"Oklahoma","Nowata County",3,78,68,33,35
050,40,105,"Oklahoma","Nowata County",3,79,67,31,36
050,40,105,"Oklahoma","Nowata County",3,80,62,27,35
050,40,105,"Oklahoma","Nowata County",3,81,60,27,33
050,40,105,"Oklahoma","Nowata County",3,82,50,21,29
050,40,105,"Oklahoma","Nowata County",3,83,40,13,27
050,40,105,"Oklahoma","Nowata County",3,84,29,8,21
050,40,105,"Oklahoma","Nowata County",3,85,191,74,117
050,40,105,"Oklahoma","Nowata County",4,0,105,52,53
050,40,105,"Oklahoma","Nowata County",4,1,119,56,63
050,40,105,"Oklahoma","Nowata County",4,2,110,55,55
050,40,105,"Oklahoma","Nowata County",4,3,126,76,50
050,40,105,"Oklahoma","Nowata County",4,4,133,70,63
050,40,105,"Oklahoma","Nowata County",4,5,119,62,57
050,40,105,"Oklahoma","Nowata County",4,6,130,66,64
050,40,105,"Oklahoma","Nowata County",4,7,121,62,59
050,40,105,"Oklahoma","Nowata County",4,8,121,64,57
050,40,105,"Oklahoma","Nowata County",4,9,130,68,62
050,40,105,"Oklahoma","Nowata County",4,10,127,64,63
050,40,105,"Oklahoma","Nowata County",4,11,128,60,68
050,40,105,"Oklahoma","Nowata County",4,12,127,59,68
050,40,105,"Oklahoma","Nowata County",4,13,122,71,51
050,40,105,"Oklahoma","Nowata County",4,14,130,61,69
050,40,105,"Oklahoma","Nowata County",4,15,115,64,51
050,40,105,"Oklahoma","Nowata County",4,16,124,61,63
050,40,105,"Oklahoma","Nowata County",4,17,119,58,61
050,40,105,"Oklahoma","Nowata County",4,18,114,56,58
050,40,105,"Oklahoma","Nowata County",4,19,97,49,48
050,40,105,"Oklahoma","Nowata County",4,20,97,53,44
050,40,105,"Oklahoma","Nowata County",4,21,93,50,43
050,40,105,"Oklahoma","Nowata County",4,22,93,48,45
050,40,105,"Oklahoma","Nowata County",4,23,107,55,52
050,40,105,"Oklahoma","Nowata County",4,24,97,55,42
050,40,105,"Oklahoma","Nowata County",4,25,90,45,45
050,40,105,"Oklahoma","Nowata County",4,26,83,48,35
050,40,105,"Oklahoma","Nowata County",4,27,86,50,36
050,40,105,"Oklahoma","Nowata County",4,28,108,58,50
050,40,105,"Oklahoma","Nowata County",4,29,128,66,62
050,40,105,"Oklahoma","Nowata County",4,30,108,48,60
050,40,105,"Oklahoma","Nowata County",4,31,106,54,52
050,40,105,"Oklahoma","Nowata County",4,32,143,69,74
050,40,105,"Oklahoma","Nowata County",4,33,103,51,52
050,40,105,"Oklahoma","Nowata County",4,34,111,58,53
050,40,105,"Oklahoma","Nowata County",4,35,118,54,64
050,40,105,"Oklahoma","Nowata County",4,36,132,69,63
050,40,105,"Oklahoma","Nowata County",4,37,124,66,58
050,40,105,"Oklahoma","Nowata County",4,38,118,62,56
050,40,105,"Oklahoma","Nowata County",4,39,104,51,53
050,40,105,"Oklahoma","Nowata County",4,40,109,59,50
050,40,105,"Oklahoma","Nowata County",4,41,115,60,55
050,40,105,"Oklahoma","Nowata County",4,42,112,51,61
050,40,105,"Oklahoma","Nowata County",4,43,97,50,47
050,40,105,"Oklahoma","Nowata County",4,44,106,53,53
050,40,105,"Oklahoma","Nowata County",4,45,103,54,49
050,40,105,"Oklahoma","Nowata County",4,46,112,53,59
050,40,105,"Oklahoma","Nowata County",4,47,112,61,51
050,40,105,"Oklahoma","Nowata County",4,48,96,48,48
050,40,105,"Oklahoma","Nowata County",4,49,120,58,62
050,40,105,"Oklahoma","Nowata County",4,50,124,67,57
050,40,105,"Oklahoma","Nowata County",4,51,115,67,48
050,40,105,"Oklahoma","Nowata County",4,52,115,54,61
050,40,105,"Oklahoma","Nowata County",4,53,116,61,55
050,40,105,"Oklahoma","Nowata County",4,54,114,54,60
050,40,105,"Oklahoma","Nowata County",4,55,113,57,56
050,40,105,"Oklahoma","Nowata County",4,56,116,64,52
050,40,105,"Oklahoma","Nowata County",4,57,132,61,71
050,40,105,"Oklahoma","Nowata County",4,58,140,72,68
050,40,105,"Oklahoma","Nowata County",4,59,148,76,72
050,40,105,"Oklahoma","Nowata County",4,60,146,76,70
050,40,105,"Oklahoma","Nowata County",4,61,138,67,71
050,40,105,"Oklahoma","Nowata County",4,62,147,70,77
050,40,105,"Oklahoma","Nowata County",4,63,143,67,76
050,40,105,"Oklahoma","Nowata County",4,64,133,64,69
050,40,105,"Oklahoma","Nowata County",4,65,138,70,68
050,40,105,"Oklahoma","Nowata County",4,66,132,70,62
050,40,105,"Oklahoma","Nowata County",4,67,130,64,66
050,40,105,"Oklahoma","Nowata County",4,68,115,59,56
050,40,105,"Oklahoma","Nowata County",4,69,106,53,53
050,40,105,"Oklahoma","Nowata County",4,70,92,43,49
050,40,105,"Oklahoma","Nowata County",4,71,89,40,49
050,40,105,"Oklahoma","Nowata County",4,72,83,37,46
050,40,105,"Oklahoma","Nowata County",4,73,91,38,53
050,40,105,"Oklahoma","Nowata County",4,74,80,33,47
050,40,105,"Oklahoma","Nowata County",4,75,97,50,47
050,40,105,"Oklahoma","Nowata County",4,76,61,23,38
050,40,105,"Oklahoma","Nowata County",4,77,63,32,31
050,40,105,"Oklahoma","Nowata County",4,78,66,29,37
050,40,105,"Oklahoma","Nowata County",4,79,61,30,31
050,40,105,"Oklahoma","Nowata County",4,80,61,29,32
050,40,105,"Oklahoma","Nowata County",4,81,60,26,34
050,40,105,"Oklahoma","Nowata County",4,82,55,27,28
050,40,105,"Oklahoma","Nowata County",4,83,49,19,30
050,40,105,"Oklahoma","Nowata County",4,84,38,13,25
050,40,105,"Oklahoma","Nowata County",4,85,158,54,104
050,40,105,"Oklahoma","Nowata County",5,0,105,52,53
050,40,105,"Oklahoma","Nowata County",5,1,111,51,60
050,40,105,"Oklahoma","Nowata County",5,2,122,59,63
050,40,105,"Oklahoma","Nowata County",5,3,114,50,64
050,40,105,"Oklahoma","Nowata County",5,4,129,73,56
050,40,105,"Oklahoma","Nowata County",5,5,127,66,61
050,40,105,"Oklahoma","Nowata County",5,6,117,62,55
050,40,105,"Oklahoma","Nowata County",5,7,128,59,69
050,40,105,"Oklahoma","Nowata County",5,8,121,64,57
050,40,105,"Oklahoma","Nowata County",5,9,117,64,53
050,40,105,"Oklahoma","Nowata County",5,10,124,60,64
050,40,105,"Oklahoma","Nowata County",5,11,121,66,55
050,40,105,"Oklahoma","Nowata County",5,12,131,63,68
050,40,105,"Oklahoma","Nowata County",5,13,122,58,64
050,40,105,"Oklahoma","Nowata County",5,14,121,70,51
050,40,105,"Oklahoma","Nowata County",5,15,131,61,70
050,40,105,"Oklahoma","Nowata County",5,16,127,70,57
050,40,105,"Oklahoma","Nowata County",5,17,135,68,67
050,40,105,"Oklahoma","Nowata County",5,18,94,47,47
050,40,105,"Oklahoma","Nowata County",5,19,94,41,53
050,40,105,"Oklahoma","Nowata County",5,20,99,49,50
050,40,105,"Oklahoma","Nowata County",5,21,100,55,45
050,40,105,"Oklahoma","Nowata County",5,22,94,50,44
050,40,105,"Oklahoma","Nowata County",5,23,83,45,38
050,40,105,"Oklahoma","Nowata County",5,24,102,49,53
050,40,105,"Oklahoma","Nowata County",5,25,108,63,45
050,40,105,"Oklahoma","Nowata County",5,26,98,46,52
050,40,105,"Oklahoma","Nowata County",5,27,89,52,37
050,40,105,"Oklahoma","Nowata County",5,28,84,48,36
050,40,105,"Oklahoma","Nowata County",5,29,113,60,53
050,40,105,"Oklahoma","Nowata County",5,30,121,64,57
050,40,105,"Oklahoma","Nowata County",5,31,113,52,61
050,40,105,"Oklahoma","Nowata County",5,32,122,65,57
050,40,105,"Oklahoma","Nowata County",5,33,143,64,79
050,40,105,"Oklahoma","Nowata County",5,34,106,51,55
050,40,105,"Oklahoma","Nowata County",5,35,111,56,55
050,40,105,"Oklahoma","Nowata County",5,36,125,59,66
050,40,105,"Oklahoma","Nowata County",5,37,130,67,63
050,40,105,"Oklahoma","Nowata County",5,38,124,68,56
050,40,105,"Oklahoma","Nowata County",5,39,110,54,56
050,40,105,"Oklahoma","Nowata County",5,40,106,51,55
050,40,105,"Oklahoma","Nowata County",5,41,109,58,51
050,40,105,"Oklahoma","Nowata County",5,42,122,63,59
050,40,105,"Oklahoma","Nowata County",5,43,121,53,68
050,40,105,"Oklahoma","Nowata County",5,44,98,48,50
050,40,105,"Oklahoma","Nowata County",5,45,110,55,55
050,40,105,"Oklahoma","Nowata County",5,46,103,53,50
050,40,105,"Oklahoma","Nowata County",5,47,111,52,59
050,40,105,"Oklahoma","Nowata County",5,48,103,55,48
050,40,105,"Oklahoma","Nowata County",5,49,99,48,51
050,40,105,"Oklahoma","Nowata County",5,50,124,60,64
050,40,105,"Oklahoma","Nowata County",5,51,125,68,57
050,40,105,"Oklahoma","Nowata County",5,52,119,69,50
050,40,105,"Oklahoma","Nowata County",5,53,112,55,57
050,40,105,"Oklahoma","Nowata County",5,54,115,60,55
050,40,105,"Oklahoma","Nowata County",5,55,129,57,72
050,40,105,"Oklahoma","Nowata County",5,56,114,58,56
050,40,105,"Oklahoma","Nowata County",5,57,119,68,51
050,40,105,"Oklahoma","Nowata County",5,58,129,60,69
050,40,105,"Oklahoma","Nowata County",5,59,140,70,70
050,40,105,"Oklahoma","Nowata County",5,60,141,72,69
050,40,105,"Oklahoma","Nowata County",5,61,143,74,69
050,40,105,"Oklahoma","Nowata County",5,62,136,61,75
050,40,105,"Oklahoma","Nowata County",5,63,142,65,77
050,40,105,"Oklahoma","Nowata County",5,64,140,65,75
050,40,105,"Oklahoma","Nowata County",5,65,131,62,69
050,40,105,"Oklahoma","Nowata County",5,66,140,72,68
050,40,105,"Oklahoma","Nowata County",5,67,133,71,62
050,40,105,"Oklahoma","Nowata County",5,68,132,65,67
050,40,105,"Oklahoma","Nowata County",5,69,107,54,53
050,40,105,"Oklahoma","Nowata County",5,70,104,53,51
050,40,105,"Oklahoma","Nowata County",5,71,87,43,44
050,40,105,"Oklahoma","Nowata County",5,72,86,36,50
050,40,105,"Oklahoma","Nowata County",5,73,80,34,46
050,40,105,"Oklahoma","Nowata County",5,74,91,38,53
050,40,105,"Oklahoma","Nowata County",5,75,81,33,48
050,40,105,"Oklahoma","Nowata County",5,76,92,45,47
050,40,105,"Oklahoma","Nowata County",5,77,59,22,37
050,40,105,"Oklahoma","Nowata County",5,78,57,29,28
050,40,105,"Oklahoma","Nowata County",5,79,60,26,34
050,40,105,"Oklahoma","Nowata County",5,80,57,28,29
050,40,105,"Oklahoma","Nowata County",5,81,61,27,34
050,40,105,"Oklahoma","Nowata County",5,82,57,25,32
050,40,105,"Oklahoma","Nowata County",5,83,51,24,27
050,40,105,"Oklahoma","Nowata County",5,84,45,17,28
050,40,105,"Oklahoma","Nowata County",5,85,151,52,99
050,40,107,"Oklahoma","Okfuskee County",1,0,135,69,66
050,40,107,"Oklahoma","Okfuskee County",1,1,133,70,63
050,40,107,"Oklahoma","Okfuskee County",1,2,122,72,50
050,40,107,"Oklahoma","Okfuskee County",1,3,129,62,67
050,40,107,"Oklahoma","Okfuskee County",1,4,131,58,73
050,40,107,"Oklahoma","Okfuskee County",1,5,121,61,60
050,40,107,"Oklahoma","Okfuskee County",1,6,136,66,70
050,40,107,"Oklahoma","Okfuskee County",1,7,138,71,67
050,40,107,"Oklahoma","Okfuskee County",1,8,146,65,81
050,40,107,"Oklahoma","Okfuskee County",1,9,160,90,70
050,40,107,"Oklahoma","Okfuskee County",1,10,153,92,61
050,40,107,"Oklahoma","Okfuskee County",1,11,138,71,67
050,40,107,"Oklahoma","Okfuskee County",1,12,143,79,64
050,40,107,"Oklahoma","Okfuskee County",1,13,167,84,83
050,40,107,"Oklahoma","Okfuskee County",1,14,176,83,93
050,40,107,"Oklahoma","Okfuskee County",1,15,168,92,76
050,40,107,"Oklahoma","Okfuskee County",1,16,129,72,57
050,40,107,"Oklahoma","Okfuskee County",1,17,128,76,52
050,40,107,"Oklahoma","Okfuskee County",1,18,123,72,51
050,40,107,"Oklahoma","Okfuskee County",1,19,106,59,47
050,40,107,"Oklahoma","Okfuskee County",1,20,118,63,55
050,40,107,"Oklahoma","Okfuskee County",1,21,126,60,66
050,40,107,"Oklahoma","Okfuskee County",1,22,152,83,69
050,40,107,"Oklahoma","Okfuskee County",1,23,139,77,62
050,40,107,"Oklahoma","Okfuskee County",1,24,129,75,54
050,40,107,"Oklahoma","Okfuskee County",1,25,137,77,60
050,40,107,"Oklahoma","Okfuskee County",1,26,129,80,49
050,40,107,"Oklahoma","Okfuskee County",1,27,154,90,64
050,40,107,"Oklahoma","Okfuskee County",1,28,154,97,57
050,40,107,"Oklahoma","Okfuskee County",1,29,139,85,54
050,40,107,"Oklahoma","Okfuskee County",1,30,135,79,56
050,40,107,"Oklahoma","Okfuskee County",1,31,136,84,52
050,40,107,"Oklahoma","Okfuskee County",1,32,143,87,56
050,40,107,"Oklahoma","Okfuskee County",1,33,134,76,58
050,40,107,"Oklahoma","Okfuskee County",1,34,144,90,54
050,40,107,"Oklahoma","Okfuskee County",1,35,119,70,49
050,40,107,"Oklahoma","Okfuskee County",1,36,138,83,55
050,40,107,"Oklahoma","Okfuskee County",1,37,169,100,69
050,40,107,"Oklahoma","Okfuskee County",1,38,134,72,62
050,40,107,"Oklahoma","Okfuskee County",1,39,149,92,57
050,40,107,"Oklahoma","Okfuskee County",1,40,158,104,54
050,40,107,"Oklahoma","Okfuskee County",1,41,137,86,51
050,40,107,"Oklahoma","Okfuskee County",1,42,134,74,60
050,40,107,"Oklahoma","Okfuskee County",1,43,144,89,55
050,40,107,"Oklahoma","Okfuskee County",1,44,148,85,63
050,40,107,"Oklahoma","Okfuskee County",1,45,155,100,55
050,40,107,"Oklahoma","Okfuskee County",1,46,134,82,52
050,40,107,"Oklahoma","Okfuskee County",1,47,140,84,56
050,40,107,"Oklahoma","Okfuskee County",1,48,156,83,73
050,40,107,"Oklahoma","Okfuskee County",1,49,165,86,79
050,40,107,"Oklahoma","Okfuskee County",1,50,161,93,68
050,40,107,"Oklahoma","Okfuskee County",1,51,155,89,66
050,40,107,"Oklahoma","Okfuskee County",1,52,152,92,60
050,40,107,"Oklahoma","Okfuskee County",1,53,127,78,49
050,40,107,"Oklahoma","Okfuskee County",1,54,137,73,64
050,40,107,"Oklahoma","Okfuskee County",1,55,152,78,74
050,40,107,"Oklahoma","Okfuskee County",1,56,156,85,71
050,40,107,"Oklahoma","Okfuskee County",1,57,161,97,64
050,40,107,"Oklahoma","Okfuskee County",1,58,158,91,67
050,40,107,"Oklahoma","Okfuskee County",1,59,171,92,79
050,40,107,"Oklahoma","Okfuskee County",1,60,152,80,72
050,40,107,"Oklahoma","Okfuskee County",1,61,129,71,58
050,40,107,"Oklahoma","Okfuskee County",1,62,144,75,69
050,40,107,"Oklahoma","Okfuskee County",1,63,143,76,67
050,40,107,"Oklahoma","Okfuskee County",1,64,145,78,67
050,40,107,"Oklahoma","Okfuskee County",1,65,129,67,62
050,40,107,"Oklahoma","Okfuskee County",1,66,130,67,63
050,40,107,"Oklahoma","Okfuskee County",1,67,129,54,75
050,40,107,"Oklahoma","Okfuskee County",1,68,129,69,60
050,40,107,"Oklahoma","Okfuskee County",1,69,112,55,57
050,40,107,"Oklahoma","Okfuskee County",1,70,110,50,60
050,40,107,"Oklahoma","Okfuskee County",1,71,108,49,59
050,40,107,"Oklahoma","Okfuskee County",1,72,120,61,59
050,40,107,"Oklahoma","Okfuskee County",1,73,107,51,56
050,40,107,"Oklahoma","Okfuskee County",1,74,78,35,43
050,40,107,"Oklahoma","Okfuskee County",1,75,107,51,56
050,40,107,"Oklahoma","Okfuskee County",1,76,92,44,48
050,40,107,"Oklahoma","Okfuskee County",1,77,88,44,44
050,40,107,"Oklahoma","Okfuskee County",1,78,76,33,43
050,40,107,"Oklahoma","Okfuskee County",1,79,78,37,41
050,40,107,"Oklahoma","Okfuskee County",1,80,54,24,30
050,40,107,"Oklahoma","Okfuskee County",1,81,53,26,27
050,40,107,"Oklahoma","Okfuskee County",1,82,52,24,28
050,40,107,"Oklahoma","Okfuskee County",1,83,34,15,19
050,40,107,"Oklahoma","Okfuskee County",1,84,44,19,25
050,40,107,"Oklahoma","Okfuskee County",1,85,206,78,128
050,40,107,"Oklahoma","Okfuskee County",2,0,132,66,66
050,40,107,"Oklahoma","Okfuskee County",2,1,131,70,61
050,40,107,"Oklahoma","Okfuskee County",2,2,123,70,53
050,40,107,"Oklahoma","Okfuskee County",2,3,126,61,65
050,40,107,"Oklahoma","Okfuskee County",2,4,126,56,70
050,40,107,"Oklahoma","Okfuskee County",2,5,123,60,63
050,40,107,"Oklahoma","Okfuskee County",2,6,133,65,68
050,40,107,"Oklahoma","Okfuskee County",2,7,137,69,68
050,40,107,"Oklahoma","Okfuskee County",2,8,140,66,74
050,40,107,"Oklahoma","Okfuskee County",2,9,155,85,70
050,40,107,"Oklahoma","Okfuskee County",2,10,154,88,66
050,40,107,"Oklahoma","Okfuskee County",2,11,139,74,65
050,40,107,"Oklahoma","Okfuskee County",2,12,143,77,66
050,40,107,"Oklahoma","Okfuskee County",2,13,160,81,79
050,40,107,"Oklahoma","Okfuskee County",2,14,172,84,88
050,40,107,"Oklahoma","Okfuskee County",2,15,169,89,80
050,40,107,"Oklahoma","Okfuskee County",2,16,139,77,62
050,40,107,"Oklahoma","Okfuskee County",2,17,128,75,53
050,40,107,"Oklahoma","Okfuskee County",2,18,119,71,48
050,40,107,"Oklahoma","Okfuskee County",2,19,106,59,47
050,40,107,"Oklahoma","Okfuskee County",2,20,117,63,54
050,40,107,"Oklahoma","Okfuskee County",2,21,124,60,64
050,40,107,"Oklahoma","Okfuskee County",2,22,147,80,67
050,40,107,"Oklahoma","Okfuskee County",2,23,143,78,65
050,40,107,"Oklahoma","Okfuskee County",2,24,130,74,56
050,40,107,"Oklahoma","Okfuskee County",2,25,134,76,58
050,40,107,"Oklahoma","Okfuskee County",2,26,131,78,53
050,40,107,"Oklahoma","Okfuskee County",2,27,149,88,61
050,40,107,"Oklahoma","Okfuskee County",2,28,153,94,59
050,40,107,"Oklahoma","Okfuskee County",2,29,143,89,54
050,40,107,"Oklahoma","Okfuskee County",2,30,136,81,55
050,40,107,"Oklahoma","Okfuskee County",2,31,137,84,53
050,40,107,"Oklahoma","Okfuskee County",2,32,142,86,56
050,40,107,"Oklahoma","Okfuskee County",2,33,130,75,55
050,40,107,"Oklahoma","Okfuskee County",2,34,144,90,54
050,40,107,"Oklahoma","Okfuskee County",2,35,119,69,50
050,40,107,"Oklahoma","Okfuskee County",2,36,134,80,54
050,40,107,"Oklahoma","Okfuskee County",2,37,162,96,66
050,40,107,"Oklahoma","Okfuskee County",2,38,138,76,62
050,40,107,"Oklahoma","Okfuskee County",2,39,147,89,58
050,40,107,"Oklahoma","Okfuskee County",2,40,157,103,54
050,40,107,"Oklahoma","Okfuskee County",2,41,142,89,53
050,40,107,"Oklahoma","Okfuskee County",2,42,135,79,56
050,40,107,"Oklahoma","Okfuskee County",2,43,144,85,59
050,40,107,"Oklahoma","Okfuskee County",2,44,146,86,60
050,40,107,"Oklahoma","Okfuskee County",2,45,155,98,57
050,40,107,"Oklahoma","Okfuskee County",2,46,136,84,52
050,40,107,"Oklahoma","Okfuskee County",2,47,139,84,55
050,40,107,"Oklahoma","Okfuskee County",2,48,151,82,69
050,40,107,"Oklahoma","Okfuskee County",2,49,164,86,78
050,40,107,"Oklahoma","Okfuskee County",2,50,162,92,70
050,40,107,"Oklahoma","Okfuskee County",2,51,156,90,66
050,40,107,"Oklahoma","Okfuskee County",2,52,152,91,61
050,40,107,"Oklahoma","Okfuskee County",2,53,129,77,52
050,40,107,"Oklahoma","Okfuskee County",2,54,134,75,59
050,40,107,"Oklahoma","Okfuskee County",2,55,147,75,72
050,40,107,"Oklahoma","Okfuskee County",2,56,157,85,72
050,40,107,"Oklahoma","Okfuskee County",2,57,162,96,66
050,40,107,"Oklahoma","Okfuskee County",2,58,157,91,66
050,40,107,"Oklahoma","Okfuskee County",2,59,166,90,76
050,40,107,"Oklahoma","Okfuskee County",2,60,157,84,73
050,40,107,"Oklahoma","Okfuskee County",2,61,133,73,60
050,40,107,"Oklahoma","Okfuskee County",2,62,140,73,67
050,40,107,"Oklahoma","Okfuskee County",2,63,144,77,67
050,40,107,"Oklahoma","Okfuskee County",2,64,141,75,66
050,40,107,"Oklahoma","Okfuskee County",2,65,129,68,61
050,40,107,"Oklahoma","Okfuskee County",2,66,132,68,64
050,40,107,"Oklahoma","Okfuskee County",2,67,128,56,72
050,40,107,"Oklahoma","Okfuskee County",2,68,128,64,64
050,40,107,"Oklahoma","Okfuskee County",2,69,117,59,58
050,40,107,"Oklahoma","Okfuskee County",2,70,110,51,59
050,40,107,"Oklahoma","Okfuskee County",2,71,109,49,60
050,40,107,"Oklahoma","Okfuskee County",2,72,112,55,57
050,40,107,"Oklahoma","Okfuskee County",2,73,114,55,59
050,40,107,"Oklahoma","Okfuskee County",2,74,82,37,45
050,40,107,"Oklahoma","Okfuskee County",2,75,100,47,53
050,40,107,"Oklahoma","Okfuskee County",2,76,94,45,49
050,40,107,"Oklahoma","Okfuskee County",2,77,90,46,44
050,40,107,"Oklahoma","Okfuskee County",2,78,76,33,43
050,40,107,"Oklahoma","Okfuskee County",2,79,78,37,41
050,40,107,"Oklahoma","Okfuskee County",2,80,59,27,32
050,40,107,"Oklahoma","Okfuskee County",2,81,51,24,27
050,40,107,"Oklahoma","Okfuskee County",2,82,52,25,27
050,40,107,"Oklahoma","Okfuskee County",2,83,37,16,21
050,40,107,"Oklahoma","Okfuskee County",2,84,41,18,23
050,40,107,"Oklahoma","Okfuskee County",2,85,208,77,131
050,40,107,"Oklahoma","Okfuskee County",3,0,124,65,59
050,40,107,"Oklahoma","Okfuskee County",3,1,143,75,68
050,40,107,"Oklahoma","Okfuskee County",3,2,119,65,54
050,40,107,"Oklahoma","Okfuskee County",3,3,134,74,60
050,40,107,"Oklahoma","Okfuskee County",3,4,133,67,66
050,40,107,"Oklahoma","Okfuskee County",3,5,126,61,65
050,40,107,"Oklahoma","Okfuskee County",3,6,117,58,59
050,40,107,"Oklahoma","Okfuskee County",3,7,124,61,63
050,40,107,"Oklahoma","Okfuskee County",3,8,131,68,63
050,40,107,"Oklahoma","Okfuskee County",3,9,134,62,72
050,40,107,"Oklahoma","Okfuskee County",3,10,157,85,72
050,40,107,"Oklahoma","Okfuskee County",3,11,152,86,66
050,40,107,"Oklahoma","Okfuskee County",3,12,139,74,65
050,40,107,"Oklahoma","Okfuskee County",3,13,149,80,69
050,40,107,"Oklahoma","Okfuskee County",3,14,148,77,71
050,40,107,"Oklahoma","Okfuskee County",3,15,163,83,80
050,40,107,"Oklahoma","Okfuskee County",3,16,165,84,81
050,40,107,"Oklahoma","Okfuskee County",3,17,138,75,63
050,40,107,"Oklahoma","Okfuskee County",3,18,120,66,54
050,40,107,"Oklahoma","Okfuskee County",3,19,101,63,38
050,40,107,"Oklahoma","Okfuskee County",3,20,114,59,55
050,40,107,"Oklahoma","Okfuskee County",3,21,119,64,55
050,40,107,"Oklahoma","Okfuskee County",3,22,140,70,70
050,40,107,"Oklahoma","Okfuskee County",3,23,147,82,65
050,40,107,"Oklahoma","Okfuskee County",3,24,145,84,61
050,40,107,"Oklahoma","Okfuskee County",3,25,130,73,57
050,40,107,"Oklahoma","Okfuskee County",3,26,135,77,58
050,40,107,"Oklahoma","Okfuskee County",3,27,133,84,49
050,40,107,"Oklahoma","Okfuskee County",3,28,141,86,55
050,40,107,"Oklahoma","Okfuskee County",3,29,159,95,64
050,40,107,"Oklahoma","Okfuskee County",3,30,142,87,55
050,40,107,"Oklahoma","Okfuskee County",3,31,139,84,55
050,40,107,"Oklahoma","Okfuskee County",3,32,150,94,56
050,40,107,"Oklahoma","Okfuskee County",3,33,125,73,52
050,40,107,"Oklahoma","Okfuskee County",3,34,144,91,53
050,40,107,"Oklahoma","Okfuskee County",3,35,125,70,55
050,40,107,"Oklahoma","Okfuskee County",3,36,130,79,51
050,40,107,"Oklahoma","Okfuskee County",3,37,147,90,57
050,40,107,"Oklahoma","Okfuskee County",3,38,157,86,71
050,40,107,"Oklahoma","Okfuskee County",3,39,155,89,66
050,40,107,"Oklahoma","Okfuskee County",3,40,151,96,55
050,40,107,"Oklahoma","Okfuskee County",3,41,159,96,63
050,40,107,"Oklahoma","Okfuskee County",3,42,147,94,53
050,40,107,"Oklahoma","Okfuskee County",3,43,138,77,61
050,40,107,"Oklahoma","Okfuskee County",3,44,145,87,58
050,40,107,"Oklahoma","Okfuskee County",3,45,145,88,57
050,40,107,"Oklahoma","Okfuskee County",3,46,148,94,54
050,40,107,"Oklahoma","Okfuskee County",3,47,138,90,48
050,40,107,"Oklahoma","Okfuskee County",3,48,134,78,56
050,40,107,"Oklahoma","Okfuskee County",3,49,141,76,65
050,40,107,"Oklahoma","Okfuskee County",3,50,166,89,77
050,40,107,"Oklahoma","Okfuskee County",3,51,171,95,76
050,40,107,"Oklahoma","Okfuskee County",3,52,150,84,66
050,40,107,"Oklahoma","Okfuskee County",3,53,142,81,61
050,40,107,"Oklahoma","Okfuskee County",3,54,136,81,55
050,40,107,"Oklahoma","Okfuskee County",3,55,125,67,58
050,40,107,"Oklahoma","Okfuskee County",3,56,144,73,71
050,40,107,"Oklahoma","Okfuskee County",3,57,164,93,71
050,40,107,"Oklahoma","Okfuskee County",3,58,156,92,64
050,40,107,"Oklahoma","Okfuskee County",3,59,149,82,67
050,40,107,"Oklahoma","Okfuskee County",3,60,173,93,80
050,40,107,"Oklahoma","Okfuskee County",3,61,151,81,70
050,40,107,"Oklahoma","Okfuskee County",3,62,130,69,61
050,40,107,"Oklahoma","Okfuskee County",3,63,149,76,73
050,40,107,"Oklahoma","Okfuskee County",3,64,133,65,68
050,40,107,"Oklahoma","Okfuskee County",3,65,130,72,58
050,40,107,"Oklahoma","Okfuskee County",3,66,129,67,62
050,40,107,"Oklahoma","Okfuskee County",3,67,125,63,62
050,40,107,"Oklahoma","Okfuskee County",3,68,127,57,70
050,40,107,"Oklahoma","Okfuskee County",3,69,117,54,63
050,40,107,"Oklahoma","Okfuskee County",3,70,110,52,58
050,40,107,"Oklahoma","Okfuskee County",3,71,111,50,61
050,40,107,"Oklahoma","Okfuskee County",3,72,99,43,56
050,40,107,"Oklahoma","Okfuskee County",3,73,106,53,53
050,40,107,"Oklahoma","Okfuskee County",3,74,113,54,59
050,40,107,"Oklahoma","Okfuskee County",3,75,73,32,41
050,40,107,"Oklahoma","Okfuskee County",3,76,98,41,57
050,40,107,"Oklahoma","Okfuskee County",3,77,88,44,44
050,40,107,"Oklahoma","Okfuskee County",3,78,78,38,40
050,40,107,"Oklahoma","Okfuskee County",3,79,76,35,41
050,40,107,"Oklahoma","Okfuskee County",3,80,64,29,35
050,40,107,"Oklahoma","Okfuskee County",3,81,58,24,34
050,40,107,"Oklahoma","Okfuskee County",3,82,52,24,28
050,40,107,"Oklahoma","Okfuskee County",3,83,44,18,26
050,40,107,"Oklahoma","Okfuskee County",3,84,31,13,18
050,40,107,"Oklahoma","Okfuskee County",3,85,214,84,130
050,40,107,"Oklahoma","Okfuskee County",4,0,136,61,75
050,40,107,"Oklahoma","Okfuskee County",4,1,131,67,64
050,40,107,"Oklahoma","Okfuskee County",4,2,134,70,64
050,40,107,"Oklahoma","Okfuskee County",4,3,126,65,61
050,40,107,"Oklahoma","Okfuskee County",4,4,129,68,61
050,40,107,"Oklahoma","Okfuskee County",4,5,142,70,72
050,40,107,"Oklahoma","Okfuskee County",4,6,133,65,68
050,40,107,"Oklahoma","Okfuskee County",4,7,122,60,62
050,40,107,"Oklahoma","Okfuskee County",4,8,128,66,62
050,40,107,"Oklahoma","Okfuskee County",4,9,138,76,62
050,40,107,"Oklahoma","Okfuskee County",4,10,138,62,76
050,40,107,"Oklahoma","Okfuskee County",4,11,154,75,79
050,40,107,"Oklahoma","Okfuskee County",4,12,161,90,71
050,40,107,"Oklahoma","Okfuskee County",4,13,138,69,69
050,40,107,"Oklahoma","Okfuskee County",4,14,152,80,72
050,40,107,"Oklahoma","Okfuskee County",4,15,157,80,77
050,40,107,"Oklahoma","Okfuskee County",4,16,158,78,80
050,40,107,"Oklahoma","Okfuskee County",4,17,163,85,78
050,40,107,"Oklahoma","Okfuskee County",4,18,115,63,52
050,40,107,"Oklahoma","Okfuskee County",4,19,102,55,47
050,40,107,"Oklahoma","Okfuskee County",4,20,105,63,42
050,40,107,"Oklahoma","Okfuskee County",4,21,114,63,51
050,40,107,"Oklahoma","Okfuskee County",4,22,130,78,52
050,40,107,"Oklahoma","Okfuskee County",4,23,142,69,73
050,40,107,"Oklahoma","Okfuskee County",4,24,147,81,66
050,40,107,"Oklahoma","Okfuskee County",4,25,151,91,60
050,40,107,"Oklahoma","Okfuskee County",4,26,138,79,59
050,40,107,"Oklahoma","Okfuskee County",4,27,135,75,60
050,40,107,"Oklahoma","Okfuskee County",4,28,129,84,45
050,40,107,"Oklahoma","Okfuskee County",4,29,154,94,60
050,40,107,"Oklahoma","Okfuskee County",4,30,159,98,61
050,40,107,"Oklahoma","Okfuskee County",4,31,142,89,53
050,40,107,"Oklahoma","Okfuskee County",4,32,143,85,58
050,40,107,"Oklahoma","Okfuskee County",4,33,134,81,53
050,40,107,"Oklahoma","Okfuskee County",4,34,143,90,53
050,40,107,"Oklahoma","Okfuskee County",4,35,131,76,55
050,40,107,"Oklahoma","Okfuskee County",4,36,134,75,59
050,40,107,"Oklahoma","Okfuskee County",4,37,133,82,51
050,40,107,"Oklahoma","Okfuskee County",4,38,130,74,56
050,40,107,"Oklahoma","Okfuskee County",4,39,161,88,73
050,40,107,"Oklahoma","Okfuskee County",4,40,159,96,63
050,40,107,"Oklahoma","Okfuskee County",4,41,144,90,54
050,40,107,"Oklahoma","Okfuskee County",4,42,155,97,58
050,40,107,"Oklahoma","Okfuskee County",4,43,139,89,50
050,40,107,"Oklahoma","Okfuskee County",4,44,145,80,65
050,40,107,"Oklahoma","Okfuskee County",4,45,145,85,60
050,40,107,"Oklahoma","Okfuskee County",4,46,132,76,56
050,40,107,"Oklahoma","Okfuskee County",4,47,148,97,51
050,40,107,"Oklahoma","Okfuskee County",4,48,135,84,51
050,40,107,"Oklahoma","Okfuskee County",4,49,134,74,60
050,40,107,"Oklahoma","Okfuskee County",4,50,141,81,60
050,40,107,"Oklahoma","Okfuskee County",4,51,169,90,79
050,40,107,"Oklahoma","Okfuskee County",4,52,168,91,77
050,40,107,"Oklahoma","Okfuskee County",4,53,142,72,70
050,40,107,"Oklahoma","Okfuskee County",4,54,141,79,62
050,40,107,"Oklahoma","Okfuskee County",4,55,125,67,58
050,40,107,"Oklahoma","Okfuskee County",4,56,129,71,58
050,40,107,"Oklahoma","Okfuskee County",4,57,157,84,73
050,40,107,"Oklahoma","Okfuskee County",4,58,165,93,72
050,40,107,"Oklahoma","Okfuskee County",4,59,153,89,64
050,40,107,"Oklahoma","Okfuskee County",4,60,151,82,69
050,40,107,"Oklahoma","Okfuskee County",4,61,167,84,83
050,40,107,"Oklahoma","Okfuskee County",4,62,150,79,71
050,40,107,"Oklahoma","Okfuskee County",4,63,136,69,67
050,40,107,"Oklahoma","Okfuskee County",4,64,137,65,72
050,40,107,"Oklahoma","Okfuskee County",4,65,123,62,61
050,40,107,"Oklahoma","Okfuskee County",4,66,132,73,59
050,40,107,"Oklahoma","Okfuskee County",4,67,128,62,66
050,40,107,"Oklahoma","Okfuskee County",4,68,126,65,61
050,40,107,"Oklahoma","Okfuskee County",4,69,122,53,69
050,40,107,"Oklahoma","Okfuskee County",4,70,108,48,60
050,40,107,"Oklahoma","Okfuskee County",4,71,107,49,58
050,40,107,"Oklahoma","Okfuskee County",4,72,104,47,57
050,40,107,"Oklahoma","Okfuskee County",4,73,94,43,51
050,40,107,"Oklahoma","Okfuskee County",4,74,104,50,54
050,40,107,"Oklahoma","Okfuskee County",4,75,104,48,56
050,40,107,"Oklahoma","Okfuskee County",4,76,71,29,42
050,40,107,"Oklahoma","Okfuskee County",4,77,91,40,51
050,40,107,"Oklahoma","Okfuskee County",4,78,82,41,41
050,40,107,"Oklahoma","Okfuskee County",4,79,81,41,40
050,40,107,"Oklahoma","Okfuskee County",4,80,62,26,36
050,40,107,"Oklahoma","Okfuskee County",4,81,57,27,30
050,40,107,"Oklahoma","Okfuskee County",4,82,59,24,35
050,40,107,"Oklahoma","Okfuskee County",4,83,46,19,27
050,40,107,"Oklahoma","Okfuskee County",4,84,39,16,23
050,40,107,"Oklahoma","Okfuskee County",4,85,208,83,125
050,40,107,"Oklahoma","Okfuskee County",5,0,135,59,76
050,40,107,"Oklahoma","Okfuskee County",5,1,138,70,68
050,40,107,"Oklahoma","Okfuskee County",5,2,133,69,64
050,40,107,"Oklahoma","Okfuskee County",5,3,130,63,67
050,40,107,"Oklahoma","Okfuskee County",5,4,128,67,61
050,40,107,"Oklahoma","Okfuskee County",5,5,129,70,59
050,40,107,"Oklahoma","Okfuskee County",5,6,141,73,68
050,40,107,"Oklahoma","Okfuskee County",5,7,133,65,68
050,40,107,"Oklahoma","Okfuskee County",5,8,120,57,63
050,40,107,"Oklahoma","Okfuskee County",5,9,137,63,74
050,40,107,"Oklahoma","Okfuskee County",5,10,144,75,69
050,40,107,"Oklahoma","Okfuskee County",5,11,142,63,79
050,40,107,"Oklahoma","Okfuskee County",5,12,146,75,71
050,40,107,"Oklahoma","Okfuskee County",5,13,163,85,78
050,40,107,"Oklahoma","Okfuskee County",5,14,145,71,74
050,40,107,"Oklahoma","Okfuskee County",5,15,148,83,65
050,40,107,"Oklahoma","Okfuskee County",5,16,156,80,76
050,40,107,"Oklahoma","Okfuskee County",5,17,159,77,82
050,40,107,"Oklahoma","Okfuskee County",5,18,140,76,64
050,40,107,"Oklahoma","Okfuskee County",5,19,108,61,47
050,40,107,"Oklahoma","Okfuskee County",5,20,108,57,51
050,40,107,"Oklahoma","Okfuskee County",5,21,100,61,39
050,40,107,"Oklahoma","Okfuskee County",5,22,132,79,53
050,40,107,"Oklahoma","Okfuskee County",5,23,130,82,48
050,40,107,"Oklahoma","Okfuskee County",5,24,135,67,68
050,40,107,"Oklahoma","Okfuskee County",5,25,140,78,62
050,40,107,"Oklahoma","Okfuskee County",5,26,144,84,60
050,40,107,"Oklahoma","Okfuskee County",5,27,156,92,64
050,40,107,"Oklahoma","Okfuskee County",5,28,132,75,57
050,40,107,"Oklahoma","Okfuskee County",5,29,137,92,45
050,40,107,"Oklahoma","Okfuskee County",5,30,148,92,56
050,40,107,"Oklahoma","Okfuskee County",5,31,160,97,63
050,40,107,"Oklahoma","Okfuskee County",5,32,156,91,65
050,40,107,"Oklahoma","Okfuskee County",5,33,128,75,53
050,40,107,"Oklahoma","Okfuskee County",5,34,156,100,56
050,40,107,"Oklahoma","Okfuskee County",5,35,133,76,57
050,40,107,"Oklahoma","Okfuskee County",5,36,137,80,57
050,40,107,"Oklahoma","Okfuskee County",5,37,140,81,59
050,40,107,"Oklahoma","Okfuskee County",5,38,124,73,51
050,40,107,"Oklahoma","Okfuskee County",5,39,142,82,60
050,40,107,"Oklahoma","Okfuskee County",5,40,170,103,67
050,40,107,"Oklahoma","Okfuskee County",5,41,158,95,63
050,40,107,"Oklahoma","Okfuskee County",5,42,143,89,54
050,40,107,"Oklahoma","Okfuskee County",5,43,156,101,55
050,40,107,"Oklahoma","Okfuskee County",5,44,140,88,52
050,40,107,"Oklahoma","Okfuskee County",5,45,153,88,65
050,40,107,"Oklahoma","Okfuskee County",5,46,139,80,59
050,40,107,"Oklahoma","Okfuskee County",5,47,140,81,59
050,40,107,"Oklahoma","Okfuskee County",5,48,144,92,52
050,40,107,"Oklahoma","Okfuskee County",5,49,149,89,60
050,40,107,"Oklahoma","Okfuskee County",5,50,130,71,59
050,40,107,"Oklahoma","Okfuskee County",5,51,143,79,64
050,40,107,"Oklahoma","Okfuskee County",5,52,171,89,82
050,40,107,"Oklahoma","Okfuskee County",5,53,161,82,79
050,40,107,"Oklahoma","Okfuskee County",5,54,144,73,71
050,40,107,"Oklahoma","Okfuskee County",5,55,137,73,64
050,40,107,"Oklahoma","Okfuskee County",5,56,140,75,65
050,40,107,"Oklahoma","Okfuskee County",5,57,131,74,57
050,40,107,"Oklahoma","Okfuskee County",5,58,158,85,73
050,40,107,"Oklahoma","Okfuskee County",5,59,162,82,80
050,40,107,"Oklahoma","Okfuskee County",5,60,160,92,68
050,40,107,"Oklahoma","Okfuskee County",5,61,135,75,60
050,40,107,"Oklahoma","Okfuskee County",5,62,162,79,83
050,40,107,"Oklahoma","Okfuskee County",5,63,157,83,74
050,40,107,"Oklahoma","Okfuskee County",5,64,129,61,68
050,40,107,"Oklahoma","Okfuskee County",5,65,128,60,68
050,40,107,"Oklahoma","Okfuskee County",5,66,126,67,59
050,40,107,"Oklahoma","Okfuskee County",5,67,124,69,55
050,40,107,"Oklahoma","Okfuskee County",5,68,133,69,64
050,40,107,"Oklahoma","Okfuskee County",5,69,120,59,61
050,40,107,"Oklahoma","Okfuskee County",5,70,114,45,69
050,40,107,"Oklahoma","Okfuskee County",5,71,109,48,61
050,40,107,"Oklahoma","Okfuskee County",5,72,101,47,54
050,40,107,"Oklahoma","Okfuskee County",5,73,102,51,51
050,40,107,"Oklahoma","Okfuskee County",5,74,93,41,52
050,40,107,"Oklahoma","Okfuskee County",5,75,94,43,51
050,40,107,"Oklahoma","Okfuskee County",5,76,99,45,54
050,40,107,"Oklahoma","Okfuskee County",5,77,68,30,38
050,40,107,"Oklahoma","Okfuskee County",5,78,85,38,47
050,40,107,"Oklahoma","Okfuskee County",5,79,89,44,45
050,40,107,"Oklahoma","Okfuskee County",5,80,68,33,35
050,40,107,"Oklahoma","Okfuskee County",5,81,57,25,32
050,40,107,"Oklahoma","Okfuskee County",5,82,59,26,33
050,40,107,"Oklahoma","Okfuskee County",5,83,54,21,33
050,40,107,"Oklahoma","Okfuskee County",5,84,41,18,23
050,40,107,"Oklahoma","Okfuskee County",5,85,211,85,126
050,40,109,"Oklahoma","Oklahoma County",1,0,11026,5639,5387
050,40,109,"Oklahoma","Oklahoma County",1,1,11034,5729,5305
050,40,109,"Oklahoma","Oklahoma County",1,2,11220,5819,5401
050,40,109,"Oklahoma","Oklahoma County",1,3,11434,5836,5598
050,40,109,"Oklahoma","Oklahoma County",1,4,11938,6078,5860
050,40,109,"Oklahoma","Oklahoma County",1,5,11797,6003,5794
050,40,109,"Oklahoma","Oklahoma County",1,6,11683,5973,5710
050,40,109,"Oklahoma","Oklahoma County",1,7,11651,6003,5648
050,40,109,"Oklahoma","Oklahoma County",1,8,11432,5871,5561
050,40,109,"Oklahoma","Oklahoma County",1,9,11350,5827,5523
050,40,109,"Oklahoma","Oklahoma County",1,10,11445,5902,5543
050,40,109,"Oklahoma","Oklahoma County",1,11,11627,5937,5690
050,40,109,"Oklahoma","Oklahoma County",1,12,11885,6107,5778
050,40,109,"Oklahoma","Oklahoma County",1,13,11720,6000,5720
050,40,109,"Oklahoma","Oklahoma County",1,14,11163,5700,5463
050,40,109,"Oklahoma","Oklahoma County",1,15,11086,5719,5367
050,40,109,"Oklahoma","Oklahoma County",1,16,11038,5710,5328
050,40,109,"Oklahoma","Oklahoma County",1,17,10831,5519,5312
050,40,109,"Oklahoma","Oklahoma County",1,18,10092,5171,4921
050,40,109,"Oklahoma","Oklahoma County",1,19,9905,4991,4914
050,40,109,"Oklahoma","Oklahoma County",1,20,9943,5010,4933
050,40,109,"Oklahoma","Oklahoma County",1,21,10109,5098,5011
050,40,109,"Oklahoma","Oklahoma County",1,22,10411,5188,5223
050,40,109,"Oklahoma","Oklahoma County",1,23,10971,5503,5468
050,40,109,"Oklahoma","Oklahoma County",1,24,11405,5766,5639
050,40,109,"Oklahoma","Oklahoma County",1,25,11567,5764,5803
050,40,109,"Oklahoma","Oklahoma County",1,26,11966,5976,5990
050,40,109,"Oklahoma","Oklahoma County",1,27,11996,6009,5987
050,40,109,"Oklahoma","Oklahoma County",1,28,12654,6295,6359
050,40,109,"Oklahoma","Oklahoma County",1,29,12677,6180,6497
050,40,109,"Oklahoma","Oklahoma County",1,30,12180,5910,6270
050,40,109,"Oklahoma","Oklahoma County",1,31,11977,5854,6123
050,40,109,"Oklahoma","Oklahoma County",1,32,11655,5758,5897
050,40,109,"Oklahoma","Oklahoma County",1,33,11650,5849,5801
050,40,109,"Oklahoma","Oklahoma County",1,34,11902,5975,5927
050,40,109,"Oklahoma","Oklahoma County",1,35,11657,5872,5785
050,40,109,"Oklahoma","Oklahoma County",1,36,11591,5852,5739
050,40,109,"Oklahoma","Oklahoma County",1,37,11557,5749,5808
050,40,109,"Oklahoma","Oklahoma County",1,38,11294,5724,5570
050,40,109,"Oklahoma","Oklahoma County",1,39,11047,5498,5549
050,40,109,"Oklahoma","Oklahoma County",1,40,10764,5324,5440
050,40,109,"Oklahoma","Oklahoma County",1,41,10008,4970,5038
050,40,109,"Oklahoma","Oklahoma County",1,42,9713,4816,4897
050,40,109,"Oklahoma","Oklahoma County",1,43,9538,4639,4899
050,40,109,"Oklahoma","Oklahoma County",1,44,9206,4518,4688
050,40,109,"Oklahoma","Oklahoma County",1,45,9187,4495,4692
050,40,109,"Oklahoma","Oklahoma County",1,46,8775,4332,4443
050,40,109,"Oklahoma","Oklahoma County",1,47,8874,4414,4460
050,40,109,"Oklahoma","Oklahoma County",1,48,9181,4510,4671
050,40,109,"Oklahoma","Oklahoma County",1,49,9634,4853,4781
050,40,109,"Oklahoma","Oklahoma County",1,50,9042,4586,4456
050,40,109,"Oklahoma","Oklahoma County",1,51,8681,4357,4324
050,40,109,"Oklahoma","Oklahoma County",1,52,8438,4172,4266
050,40,109,"Oklahoma","Oklahoma County",1,53,8351,4113,4238
050,40,109,"Oklahoma","Oklahoma County",1,54,8673,4332,4341
050,40,109,"Oklahoma","Oklahoma County",1,55,9021,4374,4647
050,40,109,"Oklahoma","Oklahoma County",1,56,9407,4550,4857
050,40,109,"Oklahoma","Oklahoma County",1,57,9531,4632,4899
050,40,109,"Oklahoma","Oklahoma County",1,58,9750,4692,5058
050,40,109,"Oklahoma","Oklahoma County",1,59,9608,4667,4941
050,40,109,"Oklahoma","Oklahoma County",1,60,9440,4583,4857
050,40,109,"Oklahoma","Oklahoma County",1,61,9255,4420,4835
050,40,109,"Oklahoma","Oklahoma County",1,62,9214,4451,4763
050,40,109,"Oklahoma","Oklahoma County",1,63,8996,4307,4689
050,40,109,"Oklahoma","Oklahoma County",1,64,8692,4163,4529
050,40,109,"Oklahoma","Oklahoma County",1,65,8400,3972,4428
050,40,109,"Oklahoma","Oklahoma County",1,66,8102,3783,4319
050,40,109,"Oklahoma","Oklahoma County",1,67,7733,3612,4121
050,40,109,"Oklahoma","Oklahoma County",1,68,7277,3413,3864
050,40,109,"Oklahoma","Oklahoma County",1,69,6781,3159,3622
050,40,109,"Oklahoma","Oklahoma County",1,70,6503,2986,3517
050,40,109,"Oklahoma","Oklahoma County",1,71,6206,2901,3305
050,40,109,"Oklahoma","Oklahoma County",1,72,6161,2846,3315
050,40,109,"Oklahoma","Oklahoma County",1,73,6083,2811,3272
050,40,109,"Oklahoma","Oklahoma County",1,74,4314,1958,2356
050,40,109,"Oklahoma","Oklahoma County",1,75,4259,1940,2319
050,40,109,"Oklahoma","Oklahoma County",1,76,4087,1796,2291
050,40,109,"Oklahoma","Oklahoma County",1,77,3872,1659,2213
050,40,109,"Oklahoma","Oklahoma County",1,78,3263,1375,1888
050,40,109,"Oklahoma","Oklahoma County",1,79,3006,1260,1746
050,40,109,"Oklahoma","Oklahoma County",1,80,2873,1190,1683
050,40,109,"Oklahoma","Oklahoma County",1,81,2716,1132,1584
050,40,109,"Oklahoma","Oklahoma County",1,82,2388,947,1441
050,40,109,"Oklahoma","Oklahoma County",1,83,2101,829,1272
050,40,109,"Oklahoma","Oklahoma County",1,84,1984,772,1212
050,40,109,"Oklahoma","Oklahoma County",1,85,11901,4070,7831
050,40,109,"Oklahoma","Oklahoma County",2,0,10915,5570,5345
050,40,109,"Oklahoma","Oklahoma County",2,1,11010,5705,5305
050,40,109,"Oklahoma","Oklahoma County",2,2,11176,5802,5374
050,40,109,"Oklahoma","Oklahoma County",2,3,11344,5811,5533
050,40,109,"Oklahoma","Oklahoma County",2,4,11816,6014,5802
050,40,109,"Oklahoma","Oklahoma County",2,5,11841,6022,5819
050,40,109,"Oklahoma","Oklahoma County",2,6,11716,5987,5729
050,40,109,"Oklahoma","Oklahoma County",2,7,11619,5981,5638
050,40,109,"Oklahoma","Oklahoma County",2,8,11442,5878,5564
050,40,109,"Oklahoma","Oklahoma County",2,9,11370,5834,5536
050,40,109,"Oklahoma","Oklahoma County",2,10,11413,5874,5539
050,40,109,"Oklahoma","Oklahoma County",2,11,11534,5907,5627
050,40,109,"Oklahoma","Oklahoma County",2,12,11876,6099,5777
050,40,109,"Oklahoma","Oklahoma County",2,13,11740,6021,5719
050,40,109,"Oklahoma","Oklahoma County",2,14,11316,5782,5534
050,40,109,"Oklahoma","Oklahoma County",2,15,11119,5719,5400
050,40,109,"Oklahoma","Oklahoma County",2,16,11087,5721,5366
050,40,109,"Oklahoma","Oklahoma County",2,17,10908,5576,5332
050,40,109,"Oklahoma","Oklahoma County",2,18,10160,5212,4948
050,40,109,"Oklahoma","Oklahoma County",2,19,10018,5056,4962
050,40,109,"Oklahoma","Oklahoma County",2,20,10072,5072,5000
050,40,109,"Oklahoma","Oklahoma County",2,21,10160,5110,5050
050,40,109,"Oklahoma","Oklahoma County",2,22,10513,5237,5276
050,40,109,"Oklahoma","Oklahoma County",2,23,11015,5516,5499
050,40,109,"Oklahoma","Oklahoma County",2,24,11389,5741,5648
050,40,109,"Oklahoma","Oklahoma County",2,25,11584,5805,5779
050,40,109,"Oklahoma","Oklahoma County",2,26,11914,5957,5957
050,40,109,"Oklahoma","Oklahoma County",2,27,11991,6006,5985
050,40,109,"Oklahoma","Oklahoma County",2,28,12537,6251,6286
050,40,109,"Oklahoma","Oklahoma County",2,29,12655,6200,6455
050,40,109,"Oklahoma","Oklahoma County",2,30,12344,5993,6351
050,40,109,"Oklahoma","Oklahoma County",2,31,11954,5827,6127
050,40,109,"Oklahoma","Oklahoma County",2,32,11706,5766,5940
050,40,109,"Oklahoma","Oklahoma County",2,33,11617,5804,5813
050,40,109,"Oklahoma","Oklahoma County",2,34,11825,5948,5877
050,40,109,"Oklahoma","Oklahoma County",2,35,11756,5910,5846
050,40,109,"Oklahoma","Oklahoma County",2,36,11531,5819,5712
050,40,109,"Oklahoma","Oklahoma County",2,37,11577,5786,5791
050,40,109,"Oklahoma","Oklahoma County",2,38,11386,5749,5637
050,40,109,"Oklahoma","Oklahoma County",2,39,11056,5520,5536
050,40,109,"Oklahoma","Oklahoma County",2,40,10893,5386,5507
050,40,109,"Oklahoma","Oklahoma County",2,41,10153,5037,5116
050,40,109,"Oklahoma","Oklahoma County",2,42,9740,4834,4906
050,40,109,"Oklahoma","Oklahoma County",2,43,9637,4707,4930
050,40,109,"Oklahoma","Oklahoma County",2,44,9218,4518,4700
050,40,109,"Oklahoma","Oklahoma County",2,45,9236,4519,4717
050,40,109,"Oklahoma","Oklahoma County",2,46,8849,4362,4487
050,40,109,"Oklahoma","Oklahoma County",2,47,8835,4382,4453
050,40,109,"Oklahoma","Oklahoma County",2,48,9109,4481,4628
050,40,109,"Oklahoma","Oklahoma County",2,49,9577,4800,4777
050,40,109,"Oklahoma","Oklahoma County",2,50,9206,4660,4546
050,40,109,"Oklahoma","Oklahoma County",2,51,8741,4389,4352
050,40,109,"Oklahoma","Oklahoma County",2,52,8499,4218,4281
050,40,109,"Oklahoma","Oklahoma County",2,53,8396,4132,4264
050,40,109,"Oklahoma","Oklahoma County",2,54,8584,4279,4305
050,40,109,"Oklahoma","Oklahoma County",2,55,8934,4347,4587
050,40,109,"Oklahoma","Oklahoma County",2,56,9312,4497,4815
050,40,109,"Oklahoma","Oklahoma County",2,57,9508,4606,4902
050,40,109,"Oklahoma","Oklahoma County",2,58,9682,4671,5011
050,40,109,"Oklahoma","Oklahoma County",2,59,9647,4677,4970
050,40,109,"Oklahoma","Oklahoma County",2,60,9460,4593,4867
050,40,109,"Oklahoma","Oklahoma County",2,61,9254,4425,4829
050,40,109,"Oklahoma","Oklahoma County",2,62,9185,4418,4767
050,40,109,"Oklahoma","Oklahoma County",2,63,9089,4357,4732
050,40,109,"Oklahoma","Oklahoma County",2,64,8724,4176,4548
050,40,109,"Oklahoma","Oklahoma County",2,65,8445,4000,4445
050,40,109,"Oklahoma","Oklahoma County",2,66,8163,3817,4346
050,40,109,"Oklahoma","Oklahoma County",2,67,7768,3630,4138
050,40,109,"Oklahoma","Oklahoma County",2,68,7299,3410,3889
050,40,109,"Oklahoma","Oklahoma County",2,69,6904,3212,3692
050,40,109,"Oklahoma","Oklahoma County",2,70,6523,3016,3507
050,40,109,"Oklahoma","Oklahoma County",2,71,6239,2894,3345
050,40,109,"Oklahoma","Oklahoma County",2,72,6054,2803,3251
050,40,109,"Oklahoma","Oklahoma County",2,73,6329,2928,3401
050,40,109,"Oklahoma","Oklahoma County",2,74,4451,2023,2428
050,40,109,"Oklahoma","Oklahoma County",2,75,4250,1936,2314
050,40,109,"Oklahoma","Oklahoma County",2,76,4041,1780,2261
050,40,109,"Oklahoma","Oklahoma County",2,77,3961,1703,2258
050,40,109,"Oklahoma","Oklahoma County",2,78,3310,1399,1911
050,40,109,"Oklahoma","Oklahoma County",2,79,3034,1269,1765
050,40,109,"Oklahoma","Oklahoma County",2,80,2875,1191,1684
050,40,109,"Oklahoma","Oklahoma County",2,81,2686,1129,1557
050,40,109,"Oklahoma","Oklahoma County",2,82,2427,964,1463
050,40,109,"Oklahoma","Oklahoma County",2,83,2134,842,1292
050,40,109,"Oklahoma","Oklahoma County",2,84,1980,773,1207
050,40,109,"Oklahoma","Oklahoma County",2,85,11898,4059,7839
050,40,109,"Oklahoma","Oklahoma County",3,0,10849,5478,5371
050,40,109,"Oklahoma","Oklahoma County",3,1,10609,5373,5236
050,40,109,"Oklahoma","Oklahoma County",3,2,10879,5622,5257
050,40,109,"Oklahoma","Oklahoma County",3,3,11078,5733,5345
050,40,109,"Oklahoma","Oklahoma County",3,4,11299,5748,5551
050,40,109,"Oklahoma","Oklahoma County",3,5,11717,5999,5718
050,40,109,"Oklahoma","Oklahoma County",3,6,11734,5926,5808
050,40,109,"Oklahoma","Oklahoma County",3,7,11632,5999,5633
050,40,109,"Oklahoma","Oklahoma County",3,8,11517,5916,5601
050,40,109,"Oklahoma","Oklahoma County",3,9,11408,5889,5519
050,40,109,"Oklahoma","Oklahoma County",3,10,11368,5834,5534
050,40,109,"Oklahoma","Oklahoma County",3,11,11424,5880,5544
050,40,109,"Oklahoma","Oklahoma County",3,12,11497,5870,5627
050,40,109,"Oklahoma","Oklahoma County",3,13,11900,6118,5782
050,40,109,"Oklahoma","Oklahoma County",3,14,11676,5958,5718
050,40,109,"Oklahoma","Oklahoma County",3,15,11333,5775,5558
050,40,109,"Oklahoma","Oklahoma County",3,16,11086,5688,5398
050,40,109,"Oklahoma","Oklahoma County",3,17,11025,5678,5347
050,40,109,"Oklahoma","Oklahoma County",3,18,10343,5297,5046
050,40,109,"Oklahoma","Oklahoma County",3,19,10238,5183,5055
050,40,109,"Oklahoma","Oklahoma County",3,20,10181,5206,4975
050,40,109,"Oklahoma","Oklahoma County",3,21,10356,5191,5165
050,40,109,"Oklahoma","Oklahoma County",3,22,10658,5282,5376
050,40,109,"Oklahoma","Oklahoma County",3,23,11339,5633,5706
050,40,109,"Oklahoma","Oklahoma County",3,24,11586,5796,5790
050,40,109,"Oklahoma","Oklahoma County",3,25,11545,5781,5764
050,40,109,"Oklahoma","Oklahoma County",3,26,11798,5985,5813
050,40,109,"Oklahoma","Oklahoma County",3,27,11938,5948,5990
050,40,109,"Oklahoma","Oklahoma County",3,28,12026,6064,5962
050,40,109,"Oklahoma","Oklahoma County",3,29,12384,6146,6238
050,40,109,"Oklahoma","Oklahoma County",3,30,12389,6043,6346
050,40,109,"Oklahoma","Oklahoma County",3,31,12198,5921,6277
050,40,109,"Oklahoma","Oklahoma County",3,32,11920,5836,6084
050,40,109,"Oklahoma","Oklahoma County",3,33,11509,5633,5876
050,40,109,"Oklahoma","Oklahoma County",3,34,11438,5734,5704
050,40,109,"Oklahoma","Oklahoma County",3,35,11690,5805,5885
050,40,109,"Oklahoma","Oklahoma County",3,36,11664,5879,5785
050,40,109,"Oklahoma","Oklahoma County",3,37,11392,5728,5664
050,40,109,"Oklahoma","Oklahoma County",3,38,11451,5697,5754
050,40,109,"Oklahoma","Oklahoma County",3,39,11280,5628,5652
050,40,109,"Oklahoma","Oklahoma County",3,40,10935,5460,5475
050,40,109,"Oklahoma","Oklahoma County",3,41,10803,5316,5487
050,40,109,"Oklahoma","Oklahoma County",3,42,10089,4998,5091
050,40,109,"Oklahoma","Oklahoma County",3,43,9670,4793,4877
050,40,109,"Oklahoma","Oklahoma County",3,44,9574,4658,4916
050,40,109,"Oklahoma","Oklahoma County",3,45,9127,4434,4693
050,40,109,"Oklahoma","Oklahoma County",3,46,9147,4463,4684
050,40,109,"Oklahoma","Oklahoma County",3,47,8864,4358,4506
050,40,109,"Oklahoma","Oklahoma County",3,48,8728,4307,4421
050,40,109,"Oklahoma","Oklahoma County",3,49,9115,4479,4636
050,40,109,"Oklahoma","Oklahoma County",3,50,9460,4758,4702
050,40,109,"Oklahoma","Oklahoma County",3,51,9135,4609,4526
050,40,109,"Oklahoma","Oklahoma County",3,52,8698,4364,4334
050,40,109,"Oklahoma","Oklahoma County",3,53,8391,4156,4235
050,40,109,"Oklahoma","Oklahoma County",3,54,8345,4132,4213
050,40,109,"Oklahoma","Oklahoma County",3,55,8490,4202,4288
050,40,109,"Oklahoma","Oklahoma County",3,56,8811,4250,4561
050,40,109,"Oklahoma","Oklahoma County",3,57,9206,4429,4777
050,40,109,"Oklahoma","Oklahoma County",3,58,9464,4575,4889
050,40,109,"Oklahoma","Oklahoma County",3,59,9449,4531,4918
050,40,109,"Oklahoma","Oklahoma County",3,60,9554,4638,4916
050,40,109,"Oklahoma","Oklahoma County",3,61,9312,4473,4839
050,40,109,"Oklahoma","Oklahoma County",3,62,9077,4337,4740
050,40,109,"Oklahoma","Oklahoma County",3,63,8991,4298,4693
050,40,109,"Oklahoma","Oklahoma County",3,64,8957,4276,4681
050,40,109,"Oklahoma","Oklahoma County",3,65,8527,4046,4481
050,40,109,"Oklahoma","Oklahoma County",3,66,8271,3880,4391
050,40,109,"Oklahoma","Oklahoma County",3,67,7960,3717,4243
050,40,109,"Oklahoma","Oklahoma County",3,68,7577,3512,4065
050,40,109,"Oklahoma","Oklahoma County",3,69,7142,3317,3825
050,40,109,"Oklahoma","Oklahoma County",3,70,6712,3128,3584
050,40,109,"Oklahoma","Oklahoma County",3,71,6300,2864,3436
050,40,109,"Oklahoma","Oklahoma County",3,72,6014,2773,3241
050,40,109,"Oklahoma","Oklahoma County",3,73,5857,2680,3177
050,40,109,"Oklahoma","Oklahoma County",3,74,6116,2820,3296
050,40,109,"Oklahoma","Oklahoma County",3,75,4266,1930,2336
050,40,109,"Oklahoma","Oklahoma County",3,76,4056,1797,2259
050,40,109,"Oklahoma","Oklahoma County",3,77,3896,1708,2188
050,40,109,"Oklahoma","Oklahoma County",3,78,3713,1594,2119
050,40,109,"Oklahoma","Oklahoma County",3,79,3127,1300,1827
050,40,109,"Oklahoma","Oklahoma County",3,80,2830,1157,1673
050,40,109,"Oklahoma","Oklahoma County",3,81,2641,1098,1543
050,40,109,"Oklahoma","Oklahoma County",3,82,2458,1007,1451
050,40,109,"Oklahoma","Oklahoma County",3,83,2213,878,1335
050,40,109,"Oklahoma","Oklahoma County",3,84,1963,749,1214
050,40,109,"Oklahoma","Oklahoma County",3,85,11460,3876,7584
050,40,109,"Oklahoma","Oklahoma County",4,0,10934,5587,5347
050,40,109,"Oklahoma","Oklahoma County",4,1,10724,5453,5271
050,40,109,"Oklahoma","Oklahoma County",4,2,10568,5351,5217
050,40,109,"Oklahoma","Oklahoma County",4,3,10984,5674,5310
050,40,109,"Oklahoma","Oklahoma County",4,4,11049,5683,5366
050,40,109,"Oklahoma","Oklahoma County",4,5,11298,5757,5541
050,40,109,"Oklahoma","Oklahoma County",4,6,11643,5991,5652
050,40,109,"Oklahoma","Oklahoma County",4,7,11717,5952,5765
050,40,109,"Oklahoma","Oklahoma County",4,8,11587,6041,5546
050,40,109,"Oklahoma","Oklahoma County",4,9,11495,5905,5590
050,40,109,"Oklahoma","Oklahoma County",4,10,11326,5846,5480
050,40,109,"Oklahoma","Oklahoma County",4,11,11338,5766,5572
050,40,109,"Oklahoma","Oklahoma County",4,12,11429,5881,5548
050,40,109,"Oklahoma","Oklahoma County",4,13,11500,5910,5590
050,40,109,"Oklahoma","Oklahoma County",4,14,11880,6090,5790
050,40,109,"Oklahoma","Oklahoma County",4,15,11686,5937,5749
050,40,109,"Oklahoma","Oklahoma County",4,16,11370,5797,5573
050,40,109,"Oklahoma","Oklahoma County",4,17,11091,5683,5408
050,40,109,"Oklahoma","Oklahoma County",4,18,10444,5430,5014
050,40,109,"Oklahoma","Oklahoma County",4,19,10201,5176,5025
050,40,109,"Oklahoma","Oklahoma County",4,20,10279,5224,5055
050,40,109,"Oklahoma","Oklahoma County",4,21,10440,5300,5140
050,40,109,"Oklahoma","Oklahoma County",4,22,10868,5394,5474
050,40,109,"Oklahoma","Oklahoma County",4,23,11408,5611,5797
050,40,109,"Oklahoma","Oklahoma County",4,24,11978,5928,6050
050,40,109,"Oklahoma","Oklahoma County",4,25,11814,5944,5870
050,40,109,"Oklahoma","Oklahoma County",4,26,11667,5830,5837
050,40,109,"Oklahoma","Oklahoma County",4,27,11842,5957,5885
050,40,109,"Oklahoma","Oklahoma County",4,28,12065,6028,6037
050,40,109,"Oklahoma","Oklahoma County",4,29,11899,5982,5917
050,40,109,"Oklahoma","Oklahoma County",4,30,12321,6116,6205
050,40,109,"Oklahoma","Oklahoma County",4,31,12235,5977,6258
050,40,109,"Oklahoma","Oklahoma County",4,32,12100,5904,6196
050,40,109,"Oklahoma","Oklahoma County",4,33,11810,5738,6072
050,40,109,"Oklahoma","Oklahoma County",4,34,11476,5649,5827
050,40,109,"Oklahoma","Oklahoma County",4,35,11302,5635,5667
050,40,109,"Oklahoma","Oklahoma County",4,36,11588,5742,5846
050,40,109,"Oklahoma","Oklahoma County",4,37,11613,5844,5769
050,40,109,"Oklahoma","Oklahoma County",4,38,11357,5692,5665
050,40,109,"Oklahoma","Oklahoma County",4,39,11396,5635,5761
050,40,109,"Oklahoma","Oklahoma County",4,40,11247,5618,5629
050,40,109,"Oklahoma","Oklahoma County",4,41,10816,5378,5438
050,40,109,"Oklahoma","Oklahoma County",4,42,10661,5253,5408
050,40,109,"Oklahoma","Oklahoma County",4,43,9964,4905,5059
050,40,109,"Oklahoma","Oklahoma County",4,44,9641,4796,4845
050,40,109,"Oklahoma","Oklahoma County",4,45,9458,4552,4906
050,40,109,"Oklahoma","Oklahoma County",4,46,9117,4402,4715
050,40,109,"Oklahoma","Oklahoma County",4,47,9060,4429,4631
050,40,109,"Oklahoma","Oklahoma County",4,48,8777,4255,4522
050,40,109,"Oklahoma","Oklahoma County",4,49,8735,4327,4408
050,40,109,"Oklahoma","Oklahoma County",4,50,9052,4449,4603
050,40,109,"Oklahoma","Oklahoma County",4,51,9380,4708,4672
050,40,109,"Oklahoma","Oklahoma County",4,52,9113,4579,4534
050,40,109,"Oklahoma","Oklahoma County",4,53,8625,4297,4328
050,40,109,"Oklahoma","Oklahoma County",4,54,8294,4106,4188
050,40,109,"Oklahoma","Oklahoma County",4,55,8245,4032,4213
050,40,109,"Oklahoma","Oklahoma County",4,56,8409,4151,4258
050,40,109,"Oklahoma","Oklahoma County",4,57,8681,4158,4523
050,40,109,"Oklahoma","Oklahoma County",4,58,9113,4369,4744
050,40,109,"Oklahoma","Oklahoma County",4,59,9359,4515,4844
050,40,109,"Oklahoma","Oklahoma County",4,60,9327,4474,4853
050,40,109,"Oklahoma","Oklahoma County",4,61,9377,4515,4862
050,40,109,"Oklahoma","Oklahoma County",4,62,9142,4355,4787
050,40,109,"Oklahoma","Oklahoma County",4,63,8906,4232,4674
050,40,109,"Oklahoma","Oklahoma County",4,64,8904,4242,4662
050,40,109,"Oklahoma","Oklahoma County",4,65,8784,4167,4617
050,40,109,"Oklahoma","Oklahoma County",4,66,8351,3974,4377
050,40,109,"Oklahoma","Oklahoma County",4,67,8062,3793,4269
050,40,109,"Oklahoma","Oklahoma County",4,68,7766,3600,4166
050,40,109,"Oklahoma","Oklahoma County",4,69,7369,3404,3965
050,40,109,"Oklahoma","Oklahoma County",4,70,6969,3253,3716
050,40,109,"Oklahoma","Oklahoma County",4,71,6521,3007,3514
050,40,109,"Oklahoma","Oklahoma County",4,72,6121,2766,3355
050,40,109,"Oklahoma","Oklahoma County",4,73,5822,2636,3186
050,40,109,"Oklahoma","Oklahoma County",4,74,5656,2556,3100
050,40,109,"Oklahoma","Oklahoma County",4,75,5893,2709,3184
050,40,109,"Oklahoma","Oklahoma County",4,76,4057,1787,2270
050,40,109,"Oklahoma","Oklahoma County",4,77,3895,1727,2168
050,40,109,"Oklahoma","Oklahoma County",4,78,3699,1614,2085
050,40,109,"Oklahoma","Oklahoma County",4,79,3519,1488,2031
050,40,109,"Oklahoma","Oklahoma County",4,80,2946,1190,1756
050,40,109,"Oklahoma","Oklahoma County",4,81,2621,1073,1548
050,40,109,"Oklahoma","Oklahoma County",4,82,2414,979,1435
050,40,109,"Oklahoma","Oklahoma County",4,83,2248,905,1343
050,40,109,"Oklahoma","Oklahoma County",4,84,2029,802,1227
050,40,109,"Oklahoma","Oklahoma County",4,85,11236,3769,7467
050,40,109,"Oklahoma","Oklahoma County",5,0,10897,5570,5327
050,40,109,"Oklahoma","Oklahoma County",5,1,11000,5596,5404
050,40,109,"Oklahoma","Oklahoma County",5,2,10739,5455,5284
050,40,109,"Oklahoma","Oklahoma County",5,3,10609,5350,5259
050,40,109,"Oklahoma","Oklahoma County",5,4,10946,5653,5293
050,40,109,"Oklahoma","Oklahoma County",5,5,11104,5724,5380
050,40,109,"Oklahoma","Oklahoma County",5,6,11378,5790,5588
050,40,109,"Oklahoma","Oklahoma County",5,7,11617,6034,5583
050,40,109,"Oklahoma","Oklahoma County",5,8,11687,5937,5750
050,40,109,"Oklahoma","Oklahoma County",5,9,11590,6063,5527
050,40,109,"Oklahoma","Oklahoma County",5,10,11473,5905,5568
050,40,109,"Oklahoma","Oklahoma County",5,11,11340,5874,5466
050,40,109,"Oklahoma","Oklahoma County",5,12,11365,5821,5544
050,40,109,"Oklahoma","Oklahoma County",5,13,11439,5942,5497
050,40,109,"Oklahoma","Oklahoma County",5,14,11492,5876,5616
050,40,109,"Oklahoma","Oklahoma County",5,15,11965,6151,5814
050,40,109,"Oklahoma","Oklahoma County",5,16,11806,6005,5801
050,40,109,"Oklahoma","Oklahoma County",5,17,11405,5807,5598
050,40,109,"Oklahoma","Oklahoma County",5,18,10577,5476,5101
050,40,109,"Oklahoma","Oklahoma County",5,19,10314,5287,5027
050,40,109,"Oklahoma","Oklahoma County",5,20,10451,5290,5161
050,40,109,"Oklahoma","Oklahoma County",5,21,10648,5334,5314
050,40,109,"Oklahoma","Oklahoma County",5,22,10950,5433,5517
050,40,109,"Oklahoma","Oklahoma County",5,23,11609,5703,5906
050,40,109,"Oklahoma","Oklahoma County",5,24,11878,5882,5996
050,40,109,"Oklahoma","Oklahoma County",5,25,12131,5975,6156
050,40,109,"Oklahoma","Oklahoma County",5,26,11978,6006,5972
050,40,109,"Oklahoma","Oklahoma County",5,27,11709,5809,5900
050,40,109,"Oklahoma","Oklahoma County",5,28,11907,5965,5942
050,40,109,"Oklahoma","Oklahoma County",5,29,11864,5841,6023
050,40,109,"Oklahoma","Oklahoma County",5,30,11840,5894,5946
050,40,109,"Oklahoma","Oklahoma County",5,31,12170,6033,6137
050,40,109,"Oklahoma","Oklahoma County",5,32,12097,5916,6181
050,40,109,"Oklahoma","Oklahoma County",5,33,11980,5802,6178
050,40,109,"Oklahoma","Oklahoma County",5,34,11742,5766,5976
050,40,109,"Oklahoma","Oklahoma County",5,35,11419,5583,5836
050,40,109,"Oklahoma","Oklahoma County",5,36,11418,5666,5752
050,40,109,"Oklahoma","Oklahoma County",5,37,11564,5729,5835
050,40,109,"Oklahoma","Oklahoma County",5,38,11570,5794,5776
050,40,109,"Oklahoma","Oklahoma County",5,39,11231,5562,5669
050,40,109,"Oklahoma","Oklahoma County",5,40,11396,5619,5777
050,40,109,"Oklahoma","Oklahoma County",5,41,11220,5593,5627
050,40,109,"Oklahoma","Oklahoma County",5,42,10813,5326,5487
050,40,109,"Oklahoma","Oklahoma County",5,43,10558,5172,5386
050,40,109,"Oklahoma","Oklahoma County",5,44,9984,4928,5056
050,40,109,"Oklahoma","Oklahoma County",5,45,9505,4705,4800
050,40,109,"Oklahoma","Oklahoma County",5,46,9421,4534,4887
050,40,109,"Oklahoma","Oklahoma County",5,47,9062,4361,4701
050,40,109,"Oklahoma","Oklahoma County",5,48,9026,4370,4656
050,40,109,"Oklahoma","Oklahoma County",5,49,8723,4264,4459
050,40,109,"Oklahoma","Oklahoma County",5,50,8715,4327,4388
050,40,109,"Oklahoma","Oklahoma County",5,51,8961,4398,4563
050,40,109,"Oklahoma","Oklahoma County",5,52,9404,4726,4678
050,40,109,"Oklahoma","Oklahoma County",5,53,9063,4519,4544
050,40,109,"Oklahoma","Oklahoma County",5,54,8688,4342,4346
050,40,109,"Oklahoma","Oklahoma County",5,55,8188,4033,4155
050,40,109,"Oklahoma","Oklahoma County",5,56,8167,4013,4154
050,40,109,"Oklahoma","Oklahoma County",5,57,8293,4097,4196
050,40,109,"Oklahoma","Oklahoma County",5,58,8632,4134,4498
050,40,109,"Oklahoma","Oklahoma County",5,59,8997,4300,4697
050,40,109,"Oklahoma","Oklahoma County",5,60,9252,4442,4810
050,40,109,"Oklahoma","Oklahoma County",5,61,9239,4425,4814
050,40,109,"Oklahoma","Oklahoma County",5,62,9198,4415,4783
050,40,109,"Oklahoma","Oklahoma County",5,63,9010,4268,4742
050,40,109,"Oklahoma","Oklahoma County",5,64,8804,4195,4609
050,40,109,"Oklahoma","Oklahoma County",5,65,8725,4110,4615
050,40,109,"Oklahoma","Oklahoma County",5,66,8625,4078,4547
050,40,109,"Oklahoma","Oklahoma County",5,67,8188,3883,4305
050,40,109,"Oklahoma","Oklahoma County",5,68,7924,3690,4234
050,40,109,"Oklahoma","Oklahoma County",5,69,7623,3540,4083
050,40,109,"Oklahoma","Oklahoma County",5,70,7213,3336,3877
050,40,109,"Oklahoma","Oklahoma County",5,71,6812,3131,3681
050,40,109,"Oklahoma","Oklahoma County",5,72,6401,2940,3461
050,40,109,"Oklahoma","Oklahoma County",5,73,5967,2690,3277
050,40,109,"Oklahoma","Oklahoma County",5,74,5643,2533,3110
050,40,109,"Oklahoma","Oklahoma County",5,75,5477,2469,3008
050,40,109,"Oklahoma","Oklahoma County",5,76,5681,2567,3114
050,40,109,"Oklahoma","Oklahoma County",5,77,3893,1713,2180
050,40,109,"Oklahoma","Oklahoma County",5,78,3744,1665,2079
050,40,109,"Oklahoma","Oklahoma County",5,79,3559,1524,2035
050,40,109,"Oklahoma","Oklahoma County",5,80,3323,1372,1951
050,40,109,"Oklahoma","Oklahoma County",5,81,2744,1106,1638
050,40,109,"Oklahoma","Oklahoma County",5,82,2408,962,1446
050,40,109,"Oklahoma","Oklahoma County",5,83,2239,904,1335
050,40,109,"Oklahoma","Oklahoma County",5,84,2113,843,1270
050,40,109,"Oklahoma","Oklahoma County",5,85,11346,3823,7523
050,40,111,"Oklahoma","Okmulgee County",1,0,386,200,186
050,40,111,"Oklahoma","Okmulgee County",1,1,393,201,192
050,40,111,"Oklahoma","Okmulgee County",1,2,415,200,215
050,40,111,"Oklahoma","Okmulgee County",1,3,449,227,222
050,40,111,"Oklahoma","Okmulgee County",1,4,450,224,226
050,40,111,"Oklahoma","Okmulgee County",1,5,507,274,233
050,40,111,"Oklahoma","Okmulgee County",1,6,478,276,202
050,40,111,"Oklahoma","Okmulgee County",1,7,506,245,261
050,40,111,"Oklahoma","Okmulgee County",1,8,528,279,249
050,40,111,"Oklahoma","Okmulgee County",1,9,498,272,226
050,40,111,"Oklahoma","Okmulgee County",1,10,487,256,231
050,40,111,"Oklahoma","Okmulgee County",1,11,513,268,245
050,40,111,"Oklahoma","Okmulgee County",1,12,515,250,265
050,40,111,"Oklahoma","Okmulgee County",1,13,502,254,248
050,40,111,"Oklahoma","Okmulgee County",1,14,522,245,277
050,40,111,"Oklahoma","Okmulgee County",1,15,513,259,254
050,40,111,"Oklahoma","Okmulgee County",1,16,506,256,250
050,40,111,"Oklahoma","Okmulgee County",1,17,521,269,252
050,40,111,"Oklahoma","Okmulgee County",1,18,519,270,249
050,40,111,"Oklahoma","Okmulgee County",1,19,525,289,236
050,40,111,"Oklahoma","Okmulgee County",1,20,527,310,217
050,40,111,"Oklahoma","Okmulgee County",1,21,459,255,204
050,40,111,"Oklahoma","Okmulgee County",1,22,450,251,199
050,40,111,"Oklahoma","Okmulgee County",1,23,413,208,205
050,40,111,"Oklahoma","Okmulgee County",1,24,439,234,205
050,40,111,"Oklahoma","Okmulgee County",1,25,428,225,203
050,40,111,"Oklahoma","Okmulgee County",1,26,461,242,219
050,40,111,"Oklahoma","Okmulgee County",1,27,458,223,235
050,40,111,"Oklahoma","Okmulgee County",1,28,479,240,239
050,40,111,"Oklahoma","Okmulgee County",1,29,504,271,233
050,40,111,"Oklahoma","Okmulgee County",1,30,457,241,216
050,40,111,"Oklahoma","Okmulgee County",1,31,424,205,219
050,40,111,"Oklahoma","Okmulgee County",1,32,442,221,221
050,40,111,"Oklahoma","Okmulgee County",1,33,383,197,186
050,40,111,"Oklahoma","Okmulgee County",1,34,418,224,194
050,40,111,"Oklahoma","Okmulgee County",1,35,427,227,200
050,40,111,"Oklahoma","Okmulgee County",1,36,447,217,230
050,40,111,"Oklahoma","Okmulgee County",1,37,409,200,209
050,40,111,"Oklahoma","Okmulgee County",1,38,456,221,235
050,40,111,"Oklahoma","Okmulgee County",1,39,466,243,223
050,40,111,"Oklahoma","Okmulgee County",1,40,443,227,216
050,40,111,"Oklahoma","Okmulgee County",1,41,425,209,216
050,40,111,"Oklahoma","Okmulgee County",1,42,402,198,204
050,40,111,"Oklahoma","Okmulgee County",1,43,387,180,207
050,40,111,"Oklahoma","Okmulgee County",1,44,403,189,214
050,40,111,"Oklahoma","Okmulgee County",1,45,393,197,196
050,40,111,"Oklahoma","Okmulgee County",1,46,409,210,199
050,40,111,"Oklahoma","Okmulgee County",1,47,436,215,221
050,40,111,"Oklahoma","Okmulgee County",1,48,452,234,218
050,40,111,"Oklahoma","Okmulgee County",1,49,432,231,201
050,40,111,"Oklahoma","Okmulgee County",1,50,431,239,192
050,40,111,"Oklahoma","Okmulgee County",1,51,400,210,190
050,40,111,"Oklahoma","Okmulgee County",1,52,415,214,201
050,40,111,"Oklahoma","Okmulgee County",1,53,439,216,223
050,40,111,"Oklahoma","Okmulgee County",1,54,418,213,205
050,40,111,"Oklahoma","Okmulgee County",1,55,454,223,231
050,40,111,"Oklahoma","Okmulgee County",1,56,478,239,239
050,40,111,"Oklahoma","Okmulgee County",1,57,520,260,260
050,40,111,"Oklahoma","Okmulgee County",1,58,503,246,257
050,40,111,"Oklahoma","Okmulgee County",1,59,507,244,263
050,40,111,"Oklahoma","Okmulgee County",1,60,525,251,274
050,40,111,"Oklahoma","Okmulgee County",1,61,505,243,262
050,40,111,"Oklahoma","Okmulgee County",1,62,509,252,257
050,40,111,"Oklahoma","Okmulgee County",1,63,491,248,243
050,40,111,"Oklahoma","Okmulgee County",1,64,475,232,243
050,40,111,"Oklahoma","Okmulgee County",1,65,441,196,245
050,40,111,"Oklahoma","Okmulgee County",1,66,420,187,233
050,40,111,"Oklahoma","Okmulgee County",1,67,436,207,229
050,40,111,"Oklahoma","Okmulgee County",1,68,431,203,228
050,40,111,"Oklahoma","Okmulgee County",1,69,403,200,203
050,40,111,"Oklahoma","Okmulgee County",1,70,384,176,208
050,40,111,"Oklahoma","Okmulgee County",1,71,378,165,213
050,40,111,"Oklahoma","Okmulgee County",1,72,377,163,214
050,40,111,"Oklahoma","Okmulgee County",1,73,389,171,218
050,40,111,"Oklahoma","Okmulgee County",1,74,242,105,137
050,40,111,"Oklahoma","Okmulgee County",1,75,256,111,145
050,40,111,"Oklahoma","Okmulgee County",1,76,285,127,158
050,40,111,"Oklahoma","Okmulgee County",1,77,267,112,155
050,40,111,"Oklahoma","Okmulgee County",1,78,230,104,126
050,40,111,"Oklahoma","Okmulgee County",1,79,247,115,132
050,40,111,"Oklahoma","Okmulgee County",1,80,201,81,120
050,40,111,"Oklahoma","Okmulgee County",1,81,160,65,95
050,40,111,"Oklahoma","Okmulgee County",1,82,169,74,95
050,40,111,"Oklahoma","Okmulgee County",1,83,143,58,85
050,40,111,"Oklahoma","Okmulgee County",1,84,141,61,80
050,40,111,"Oklahoma","Okmulgee County",1,85,778,302,476
050,40,111,"Oklahoma","Okmulgee County",2,0,399,200,199
050,40,111,"Oklahoma","Okmulgee County",2,1,398,202,196
050,40,111,"Oklahoma","Okmulgee County",2,2,411,199,212
050,40,111,"Oklahoma","Okmulgee County",2,3,434,215,219
050,40,111,"Oklahoma","Okmulgee County",2,4,454,225,229
050,40,111,"Oklahoma","Okmulgee County",2,5,495,265,230
050,40,111,"Oklahoma","Okmulgee County",2,6,486,272,214
050,40,111,"Oklahoma","Okmulgee County",2,7,496,250,246
050,40,111,"Oklahoma","Okmulgee County",2,8,523,272,251
050,40,111,"Oklahoma","Okmulgee County",2,9,504,273,231
050,40,111,"Oklahoma","Okmulgee County",2,10,492,261,231
050,40,111,"Oklahoma","Okmulgee County",2,11,508,263,245
050,40,111,"Oklahoma","Okmulgee County",2,12,513,254,259
050,40,111,"Oklahoma","Okmulgee County",2,13,507,254,253
050,40,111,"Oklahoma","Okmulgee County",2,14,519,249,270
050,40,111,"Oklahoma","Okmulgee County",2,15,515,255,260
050,40,111,"Oklahoma","Okmulgee County",2,16,504,253,251
050,40,111,"Oklahoma","Okmulgee County",2,17,515,261,254
050,40,111,"Oklahoma","Okmulgee County",2,18,520,273,247
050,40,111,"Oklahoma","Okmulgee County",2,19,520,289,231
050,40,111,"Oklahoma","Okmulgee County",2,20,528,307,221
050,40,111,"Oklahoma","Okmulgee County",2,21,458,256,202
050,40,111,"Oklahoma","Okmulgee County",2,22,452,251,201
050,40,111,"Oklahoma","Okmulgee County",2,23,417,214,203
050,40,111,"Oklahoma","Okmulgee County",2,24,436,233,203
050,40,111,"Oklahoma","Okmulgee County",2,25,428,226,202
050,40,111,"Oklahoma","Okmulgee County",2,26,457,239,218
050,40,111,"Oklahoma","Okmulgee County",2,27,461,229,232
050,40,111,"Oklahoma","Okmulgee County",2,28,474,237,237
050,40,111,"Oklahoma","Okmulgee County",2,29,498,263,235
050,40,111,"Oklahoma","Okmulgee County",2,30,471,248,223
050,40,111,"Oklahoma","Okmulgee County",2,31,438,217,221
050,40,111,"Oklahoma","Okmulgee County",2,32,434,213,221
050,40,111,"Oklahoma","Okmulgee County",2,33,402,206,196
050,40,111,"Oklahoma","Okmulgee County",2,34,413,222,191
050,40,111,"Oklahoma","Okmulgee County",2,35,425,225,200
050,40,111,"Oklahoma","Okmulgee County",2,36,439,219,220
050,40,111,"Oklahoma","Okmulgee County",2,37,421,204,217
050,40,111,"Oklahoma","Okmulgee County",2,38,447,217,230
050,40,111,"Oklahoma","Okmulgee County",2,39,462,239,223
050,40,111,"Oklahoma","Okmulgee County",2,40,452,230,222
050,40,111,"Oklahoma","Okmulgee County",2,41,430,214,216
050,40,111,"Oklahoma","Okmulgee County",2,42,401,195,206
050,40,111,"Oklahoma","Okmulgee County",2,43,393,185,208
050,40,111,"Oklahoma","Okmulgee County",2,44,393,185,208
050,40,111,"Oklahoma","Okmulgee County",2,45,396,196,200
050,40,111,"Oklahoma","Okmulgee County",2,46,404,205,199
050,40,111,"Oklahoma","Okmulgee County",2,47,430,213,217
050,40,111,"Oklahoma","Okmulgee County",2,48,447,230,217
050,40,111,"Oklahoma","Okmulgee County",2,49,435,230,205
050,40,111,"Oklahoma","Okmulgee County",2,50,431,237,194
050,40,111,"Oklahoma","Okmulgee County",2,51,405,215,190
050,40,111,"Oklahoma","Okmulgee County",2,52,413,214,199
050,40,111,"Oklahoma","Okmulgee County",2,53,428,212,216
050,40,111,"Oklahoma","Okmulgee County",2,54,423,216,207
050,40,111,"Oklahoma","Okmulgee County",2,55,446,220,226
050,40,111,"Oklahoma","Okmulgee County",2,56,473,238,235
050,40,111,"Oklahoma","Okmulgee County",2,57,512,255,257
050,40,111,"Oklahoma","Okmulgee County",2,58,506,249,257
050,40,111,"Oklahoma","Okmulgee County",2,59,507,244,263
050,40,111,"Oklahoma","Okmulgee County",2,60,516,247,269
050,40,111,"Oklahoma","Okmulgee County",2,61,507,243,264
050,40,111,"Oklahoma","Okmulgee County",2,62,511,251,260
050,40,111,"Oklahoma","Okmulgee County",2,63,499,249,250
050,40,111,"Oklahoma","Okmulgee County",2,64,473,231,242
050,40,111,"Oklahoma","Okmulgee County",2,65,452,205,247
050,40,111,"Oklahoma","Okmulgee County",2,66,422,188,234
050,40,111,"Oklahoma","Okmulgee County",2,67,429,202,227
050,40,111,"Oklahoma","Okmulgee County",2,68,427,202,225
050,40,111,"Oklahoma","Okmulgee County",2,69,411,202,209
050,40,111,"Oklahoma","Okmulgee County",2,70,382,178,204
050,40,111,"Oklahoma","Okmulgee County",2,71,378,166,212
050,40,111,"Oklahoma","Okmulgee County",2,72,369,157,212
050,40,111,"Oklahoma","Okmulgee County",2,73,403,177,226
050,40,111,"Oklahoma","Okmulgee County",2,74,256,111,145
050,40,111,"Oklahoma","Okmulgee County",2,75,251,110,141
050,40,111,"Oklahoma","Okmulgee County",2,76,275,122,153
050,40,111,"Oklahoma","Okmulgee County",2,77,270,116,154
050,40,111,"Oklahoma","Okmulgee County",2,78,229,101,128
050,40,111,"Oklahoma","Okmulgee County",2,79,239,110,129
050,40,111,"Oklahoma","Okmulgee County",2,80,207,85,122
050,40,111,"Oklahoma","Okmulgee County",2,81,162,67,95
050,40,111,"Oklahoma","Okmulgee County",2,82,166,72,94
050,40,111,"Oklahoma","Okmulgee County",2,83,146,60,86
050,40,111,"Oklahoma","Okmulgee County",2,84,139,58,81
050,40,111,"Oklahoma","Okmulgee County",2,85,775,303,472
050,40,111,"Oklahoma","Okmulgee County",3,0,405,197,208
050,40,111,"Oklahoma","Okmulgee County",3,1,414,218,196
050,40,111,"Oklahoma","Okmulgee County",3,2,393,211,182
050,40,111,"Oklahoma","Okmulgee County",3,3,426,211,215
050,40,111,"Oklahoma","Okmulgee County",3,4,462,236,226
050,40,111,"Oklahoma","Okmulgee County",3,5,472,231,241
050,40,111,"Oklahoma","Okmulgee County",3,6,503,265,238
050,40,111,"Oklahoma","Okmulgee County",3,7,497,281,216
050,40,111,"Oklahoma","Okmulgee County",3,8,507,258,249
050,40,111,"Oklahoma","Okmulgee County",3,9,544,284,260
050,40,111,"Oklahoma","Okmulgee County",3,10,512,271,241
050,40,111,"Oklahoma","Okmulgee County",3,11,503,271,232
050,40,111,"Oklahoma","Okmulgee County",3,12,493,256,237
050,40,111,"Oklahoma","Okmulgee County",3,13,514,262,252
050,40,111,"Oklahoma","Okmulgee County",3,14,509,265,244
050,40,111,"Oklahoma","Okmulgee County",3,15,519,248,271
050,40,111,"Oklahoma","Okmulgee County",3,16,519,254,265
050,40,111,"Oklahoma","Okmulgee County",3,17,498,251,247
050,40,111,"Oklahoma","Okmulgee County",3,18,526,280,246
050,40,111,"Oklahoma","Okmulgee County",3,19,515,294,221
050,40,111,"Oklahoma","Okmulgee County",3,20,520,303,217
050,40,111,"Oklahoma","Okmulgee County",3,21,469,259,210
050,40,111,"Oklahoma","Okmulgee County",3,22,455,245,210
050,40,111,"Oklahoma","Okmulgee County",3,23,441,234,207
050,40,111,"Oklahoma","Okmulgee County",3,24,427,232,195
050,40,111,"Oklahoma","Okmulgee County",3,25,413,218,195
050,40,111,"Oklahoma","Okmulgee County",3,26,443,233,210
050,40,111,"Oklahoma","Okmulgee County",3,27,465,239,226
050,40,111,"Oklahoma","Okmulgee County",3,28,457,229,228
050,40,111,"Oklahoma","Okmulgee County",3,29,495,251,244
050,40,111,"Oklahoma","Okmulgee County",3,30,512,268,244
050,40,111,"Oklahoma","Okmulgee County",3,31,509,279,230
050,40,111,"Oklahoma","Okmulgee County",3,32,429,205,224
050,40,111,"Oklahoma","Okmulgee County",3,33,444,215,229
050,40,111,"Oklahoma","Okmulgee County",3,34,420,201,219
050,40,111,"Oklahoma","Okmulgee County",3,35,430,220,210
050,40,111,"Oklahoma","Okmulgee County",3,36,409,217,192
050,40,111,"Oklahoma","Okmulgee County",3,37,422,202,220
050,40,111,"Oklahoma","Okmulgee County",3,38,429,215,214
050,40,111,"Oklahoma","Okmulgee County",3,39,466,242,224
050,40,111,"Oklahoma","Okmulgee County",3,40,473,239,234
050,40,111,"Oklahoma","Okmulgee County",3,41,444,221,223
050,40,111,"Oklahoma","Okmulgee County",3,42,419,206,213
050,40,111,"Oklahoma","Okmulgee County",3,43,401,189,212
050,40,111,"Oklahoma","Okmulgee County",3,44,398,190,208
050,40,111,"Oklahoma","Okmulgee County",3,45,394,189,205
050,40,111,"Oklahoma","Okmulgee County",3,46,394,190,204
050,40,111,"Oklahoma","Okmulgee County",3,47,423,210,213
050,40,111,"Oklahoma","Okmulgee County",3,48,434,218,216
050,40,111,"Oklahoma","Okmulgee County",3,49,438,221,217
050,40,111,"Oklahoma","Okmulgee County",3,50,444,239,205
050,40,111,"Oklahoma","Okmulgee County",3,51,432,237,195
050,40,111,"Oklahoma","Okmulgee County",3,52,419,224,195
050,40,111,"Oklahoma","Okmulgee County",3,53,411,206,205
050,40,111,"Oklahoma","Okmulgee County",3,54,440,219,221
050,40,111,"Oklahoma","Okmulgee County",3,55,435,207,228
050,40,111,"Oklahoma","Okmulgee County",3,56,441,219,222
050,40,111,"Oklahoma","Okmulgee County",3,57,488,244,244
050,40,111,"Oklahoma","Okmulgee County",3,58,516,258,258
050,40,111,"Oklahoma","Okmulgee County",3,59,514,252,262
050,40,111,"Oklahoma","Okmulgee County",3,60,495,238,257
050,40,111,"Oklahoma","Okmulgee County",3,61,507,246,261
050,40,111,"Oklahoma","Okmulgee County",3,62,500,235,265
050,40,111,"Oklahoma","Okmulgee County",3,63,502,242,260
050,40,111,"Oklahoma","Okmulgee County",3,64,482,240,242
050,40,111,"Oklahoma","Okmulgee County",3,65,472,227,245
050,40,111,"Oklahoma","Okmulgee County",3,66,453,207,246
050,40,111,"Oklahoma","Okmulgee County",3,67,401,178,223
050,40,111,"Oklahoma","Okmulgee County",3,68,423,197,226
050,40,111,"Oklahoma","Okmulgee County",3,69,416,201,215
050,40,111,"Oklahoma","Okmulgee County",3,70,397,196,201
050,40,111,"Oklahoma","Okmulgee County",3,71,375,176,199
050,40,111,"Oklahoma","Okmulgee County",3,72,364,155,209
050,40,111,"Oklahoma","Okmulgee County",3,73,362,153,209
050,40,111,"Oklahoma","Okmulgee County",3,74,377,169,208
050,40,111,"Oklahoma","Okmulgee County",3,75,237,102,135
050,40,111,"Oklahoma","Okmulgee County",3,76,242,103,139
050,40,111,"Oklahoma","Okmulgee County",3,77,263,114,149
050,40,111,"Oklahoma","Okmulgee County",3,78,247,104,143
050,40,111,"Oklahoma","Okmulgee County",3,79,214,97,117
050,40,111,"Oklahoma","Okmulgee County",3,80,211,93,118
050,40,111,"Oklahoma","Okmulgee County",3,81,195,83,112
050,40,111,"Oklahoma","Okmulgee County",3,82,144,58,86
050,40,111,"Oklahoma","Okmulgee County",3,83,143,61,82
050,40,111,"Oklahoma","Okmulgee County",3,84,138,56,82
050,40,111,"Oklahoma","Okmulgee County",3,85,744,291,453
050,40,111,"Oklahoma","Okmulgee County",4,0,428,209,219
050,40,111,"Oklahoma","Okmulgee County",4,1,397,184,213
050,40,111,"Oklahoma","Okmulgee County",4,2,419,221,198
050,40,111,"Oklahoma","Okmulgee County",4,3,424,226,198
050,40,111,"Oklahoma","Okmulgee County",4,4,444,226,218
050,40,111,"Oklahoma","Okmulgee County",4,5,462,221,241
050,40,111,"Oklahoma","Okmulgee County",4,6,501,250,251
050,40,111,"Oklahoma","Okmulgee County",4,7,514,275,239
050,40,111,"Oklahoma","Okmulgee County",4,8,526,295,231
050,40,111,"Oklahoma","Okmulgee County",4,9,507,253,254
050,40,111,"Oklahoma","Okmulgee County",4,10,544,277,267
050,40,111,"Oklahoma","Okmulgee County",4,11,519,278,241
050,40,111,"Oklahoma","Okmulgee County",4,12,501,259,242
050,40,111,"Oklahoma","Okmulgee County",4,13,491,256,235
050,40,111,"Oklahoma","Okmulgee County",4,14,538,262,276
050,40,111,"Oklahoma","Okmulgee County",4,15,511,266,245
050,40,111,"Oklahoma","Okmulgee County",4,16,523,248,275
050,40,111,"Oklahoma","Okmulgee County",4,17,526,256,270
050,40,111,"Oklahoma","Okmulgee County",4,18,517,283,234
050,40,111,"Oklahoma","Okmulgee County",4,19,525,294,231
050,40,111,"Oklahoma","Okmulgee County",4,20,516,300,216
050,40,111,"Oklahoma","Okmulgee County",4,21,476,265,211
050,40,111,"Oklahoma","Okmulgee County",4,22,467,249,218
050,40,111,"Oklahoma","Okmulgee County",4,23,441,233,208
050,40,111,"Oklahoma","Okmulgee County",4,24,482,259,223
050,40,111,"Oklahoma","Okmulgee County",4,25,404,219,185
050,40,111,"Oklahoma","Okmulgee County",4,26,417,214,203
050,40,111,"Oklahoma","Okmulgee County",4,27,447,231,216
050,40,111,"Oklahoma","Okmulgee County",4,28,473,249,224
050,40,111,"Oklahoma","Okmulgee County",4,29,464,230,234
050,40,111,"Oklahoma","Okmulgee County",4,30,507,252,255
050,40,111,"Oklahoma","Okmulgee County",4,31,533,283,250
050,40,111,"Oklahoma","Okmulgee County",4,32,498,259,239
050,40,111,"Oklahoma","Okmulgee County",4,33,439,212,227
050,40,111,"Oklahoma","Okmulgee County",4,34,445,221,224
050,40,111,"Oklahoma","Okmulgee County",4,35,400,182,218
050,40,111,"Oklahoma","Okmulgee County",4,36,446,226,220
050,40,111,"Oklahoma","Okmulgee County",4,37,416,217,199
050,40,111,"Oklahoma","Okmulgee County",4,38,424,200,224
050,40,111,"Oklahoma","Okmulgee County",4,39,456,232,224
050,40,111,"Oklahoma","Okmulgee County",4,40,462,227,235
050,40,111,"Oklahoma","Okmulgee County",4,41,478,243,235
050,40,111,"Oklahoma","Okmulgee County",4,42,445,223,222
050,40,111,"Oklahoma","Okmulgee County",4,43,417,208,209
050,40,111,"Oklahoma","Okmulgee County",4,44,389,187,202
050,40,111,"Oklahoma","Okmulgee County",4,45,393,187,206
050,40,111,"Oklahoma","Okmulgee County",4,46,407,191,216
050,40,111,"Oklahoma","Okmulgee County",4,47,393,196,197
050,40,111,"Oklahoma","Okmulgee County",4,48,415,217,198
050,40,111,"Oklahoma","Okmulgee County",4,49,426,204,222
050,40,111,"Oklahoma","Okmulgee County",4,50,450,235,215
050,40,111,"Oklahoma","Okmulgee County",4,51,442,235,207
050,40,111,"Oklahoma","Okmulgee County",4,52,451,243,208
050,40,111,"Oklahoma","Okmulgee County",4,53,414,208,206
050,40,111,"Oklahoma","Okmulgee County",4,54,394,208,186
050,40,111,"Oklahoma","Okmulgee County",4,55,441,218,223
050,40,111,"Oklahoma","Okmulgee County",4,56,432,209,223
050,40,111,"Oklahoma","Okmulgee County",4,57,441,218,223
050,40,111,"Oklahoma","Okmulgee County",4,58,478,234,244
050,40,111,"Oklahoma","Okmulgee County",4,59,502,242,260
050,40,111,"Oklahoma","Okmulgee County",4,60,526,260,266
050,40,111,"Oklahoma","Okmulgee County",4,61,480,225,255
050,40,111,"Oklahoma","Okmulgee County",4,62,520,250,270
050,40,111,"Oklahoma","Okmulgee County",4,63,504,234,270
050,40,111,"Oklahoma","Okmulgee County",4,64,500,238,262
050,40,111,"Oklahoma","Okmulgee County",4,65,477,236,241
050,40,111,"Oklahoma","Okmulgee County",4,66,473,235,238
050,40,111,"Oklahoma","Okmulgee County",4,67,433,191,242
050,40,111,"Oklahoma","Okmulgee County",4,68,385,167,218
050,40,111,"Oklahoma","Okmulgee County",4,69,406,190,216
050,40,111,"Oklahoma","Okmulgee County",4,70,402,194,208
050,40,111,"Oklahoma","Okmulgee County",4,71,396,192,204
050,40,111,"Oklahoma","Okmulgee County",4,72,365,166,199
050,40,111,"Oklahoma","Okmulgee County",4,73,352,149,203
050,40,111,"Oklahoma","Okmulgee County",4,74,348,149,199
050,40,111,"Oklahoma","Okmulgee County",4,75,361,161,200
050,40,111,"Oklahoma","Okmulgee County",4,76,230,103,127
050,40,111,"Oklahoma","Okmulgee County",4,77,229,94,135
050,40,111,"Oklahoma","Okmulgee County",4,78,236,100,136
050,40,111,"Oklahoma","Okmulgee County",4,79,228,96,132
050,40,111,"Oklahoma","Okmulgee County",4,80,186,82,104
050,40,111,"Oklahoma","Okmulgee County",4,81,196,88,108
050,40,111,"Oklahoma","Okmulgee County",4,82,176,75,101
050,40,111,"Oklahoma","Okmulgee County",4,83,131,49,82
050,40,111,"Oklahoma","Okmulgee County",4,84,139,54,85
050,40,111,"Oklahoma","Okmulgee County",4,85,694,270,424
050,40,111,"Oklahoma","Okmulgee County",5,0,424,208,216
050,40,111,"Oklahoma","Okmulgee County",5,1,467,236,231
050,40,111,"Oklahoma","Okmulgee County",5,2,389,192,197
050,40,111,"Oklahoma","Okmulgee County",5,3,448,234,214
050,40,111,"Oklahoma","Okmulgee County",5,4,435,228,207
050,40,111,"Oklahoma","Okmulgee County",5,5,444,216,228
050,40,111,"Oklahoma","Okmulgee County",5,6,483,238,245
050,40,111,"Oklahoma","Okmulgee County",5,7,489,263,226
050,40,111,"Oklahoma","Okmulgee County",5,8,512,270,242
050,40,111,"Oklahoma","Okmulgee County",5,9,518,284,234
050,40,111,"Oklahoma","Okmulgee County",5,10,494,242,252
050,40,111,"Oklahoma","Okmulgee County",5,11,546,282,264
050,40,111,"Oklahoma","Okmulgee County",5,12,530,286,244
050,40,111,"Oklahoma","Okmulgee County",5,13,501,255,246
050,40,111,"Oklahoma","Okmulgee County",5,14,485,260,225
050,40,111,"Oklahoma","Okmulgee County",5,15,532,257,275
050,40,111,"Oklahoma","Okmulgee County",5,16,509,266,243
050,40,111,"Oklahoma","Okmulgee County",5,17,512,240,272
050,40,111,"Oklahoma","Okmulgee County",5,18,517,267,250
050,40,111,"Oklahoma","Okmulgee County",5,19,525,298,227
050,40,111,"Oklahoma","Okmulgee County",5,20,527,299,228
050,40,111,"Oklahoma","Okmulgee County",5,21,485,269,216
050,40,111,"Oklahoma","Okmulgee County",5,22,476,255,221
050,40,111,"Oklahoma","Okmulgee County",5,23,485,243,242
050,40,111,"Oklahoma","Okmulgee County",5,24,463,246,217
050,40,111,"Oklahoma","Okmulgee County",5,25,463,252,211
050,40,111,"Oklahoma","Okmulgee County",5,26,419,220,199
050,40,111,"Oklahoma","Okmulgee County",5,27,430,213,217
050,40,111,"Oklahoma","Okmulgee County",5,28,427,218,209
050,40,111,"Oklahoma","Okmulgee County",5,29,482,249,233
050,40,111,"Oklahoma","Okmulgee County",5,30,445,225,220
050,40,111,"Oklahoma","Okmulgee County",5,31,527,263,264
050,40,111,"Oklahoma","Okmulgee County",5,32,524,264,260
050,40,111,"Oklahoma","Okmulgee County",5,33,508,267,241
050,40,111,"Oklahoma","Okmulgee County",5,34,437,214,223
050,40,111,"Oklahoma","Okmulgee County",5,35,428,209,219
050,40,111,"Oklahoma","Okmulgee County",5,36,400,188,212
050,40,111,"Oklahoma","Okmulgee County",5,37,441,219,222
050,40,111,"Oklahoma","Okmulgee County",5,38,436,220,216
050,40,111,"Oklahoma","Okmulgee County",5,39,439,225,214
050,40,111,"Oklahoma","Okmulgee County",5,40,470,239,231
050,40,111,"Oklahoma","Okmulgee County",5,41,473,225,248
050,40,111,"Oklahoma","Okmulgee County",5,42,486,249,237
050,40,111,"Oklahoma","Okmulgee County",5,43,459,224,235
050,40,111,"Oklahoma","Okmulgee County",5,44,428,216,212
050,40,111,"Oklahoma","Okmulgee County",5,45,373,187,186
050,40,111,"Oklahoma","Okmulgee County",5,46,400,190,210
050,40,111,"Oklahoma","Okmulgee County",5,47,421,202,219
050,40,111,"Oklahoma","Okmulgee County",5,48,394,199,195
050,40,111,"Oklahoma","Okmulgee County",5,49,417,214,203
050,40,111,"Oklahoma","Okmulgee County",5,50,433,207,226
050,40,111,"Oklahoma","Okmulgee County",5,51,435,231,204
050,40,111,"Oklahoma","Okmulgee County",5,52,443,235,208
050,40,111,"Oklahoma","Okmulgee County",5,53,440,230,210
050,40,111,"Oklahoma","Okmulgee County",5,54,408,212,196
050,40,111,"Oklahoma","Okmulgee County",5,55,384,203,181
050,40,111,"Oklahoma","Okmulgee County",5,56,434,214,220
050,40,111,"Oklahoma","Okmulgee County",5,57,426,203,223
050,40,111,"Oklahoma","Okmulgee County",5,58,432,214,218
050,40,111,"Oklahoma","Okmulgee County",5,59,465,212,253
050,40,111,"Oklahoma","Okmulgee County",5,60,499,239,260
050,40,111,"Oklahoma","Okmulgee County",5,61,518,256,262
050,40,111,"Oklahoma","Okmulgee County",5,62,491,229,262
050,40,111,"Oklahoma","Okmulgee County",5,63,523,246,277
050,40,111,"Oklahoma","Okmulgee County",5,64,488,223,265
050,40,111,"Oklahoma","Okmulgee County",5,65,486,229,257
050,40,111,"Oklahoma","Okmulgee County",5,66,468,231,237
050,40,111,"Oklahoma","Okmulgee County",5,67,461,221,240
050,40,111,"Oklahoma","Okmulgee County",5,68,423,188,235
050,40,111,"Oklahoma","Okmulgee County",5,69,380,164,216
050,40,111,"Oklahoma","Okmulgee County",5,70,388,186,202
050,40,111,"Oklahoma","Okmulgee County",5,71,395,185,210
050,40,111,"Oklahoma","Okmulgee County",5,72,376,177,199
050,40,111,"Oklahoma","Okmulgee County",5,73,346,153,193
050,40,111,"Oklahoma","Okmulgee County",5,74,334,142,192
050,40,111,"Oklahoma","Okmulgee County",5,75,332,143,189
050,40,111,"Oklahoma","Okmulgee County",5,76,351,157,194
050,40,111,"Oklahoma","Okmulgee County",5,77,216,94,122
050,40,111,"Oklahoma","Okmulgee County",5,78,205,85,120
050,40,111,"Oklahoma","Okmulgee County",5,79,220,92,128
050,40,111,"Oklahoma","Okmulgee County",5,80,198,79,119
050,40,111,"Oklahoma","Okmulgee County",5,81,177,81,96
050,40,111,"Oklahoma","Okmulgee County",5,82,183,81,102
050,40,111,"Oklahoma","Okmulgee County",5,83,162,65,97
050,40,111,"Oklahoma","Okmulgee County",5,84,125,44,81
050,40,111,"Oklahoma","Okmulgee County",5,85,667,253,414
050,40,113,"Oklahoma","Osage County",1,0,420,215,205
050,40,113,"Oklahoma","Osage County",1,1,453,241,212
050,40,113,"Oklahoma","Osage County",1,2,437,215,222
050,40,113,"Oklahoma","Osage County",1,3,469,247,222
050,40,113,"Oklahoma","Osage County",1,4,495,269,226
050,40,113,"Oklahoma","Osage County",1,5,506,276,230
050,40,113,"Oklahoma","Osage County",1,6,521,259,262
050,40,113,"Oklahoma","Osage County",1,7,547,250,297
050,40,113,"Oklahoma","Osage County",1,8,573,301,272
050,40,113,"Oklahoma","Osage County",1,9,614,326,288
050,40,113,"Oklahoma","Osage County",1,10,606,320,286
050,40,113,"Oklahoma","Osage County",1,11,605,293,312
050,40,113,"Oklahoma","Osage County",1,12,612,324,288
050,40,113,"Oklahoma","Osage County",1,13,611,324,287
050,40,113,"Oklahoma","Osage County",1,14,645,325,320
050,40,113,"Oklahoma","Osage County",1,15,601,299,302
050,40,113,"Oklahoma","Osage County",1,16,636,333,303
050,40,113,"Oklahoma","Osage County",1,17,618,325,293
050,40,113,"Oklahoma","Osage County",1,18,556,314,242
050,40,113,"Oklahoma","Osage County",1,19,463,252,211
050,40,113,"Oklahoma","Osage County",1,20,457,248,209
050,40,113,"Oklahoma","Osage County",1,21,503,279,224
050,40,113,"Oklahoma","Osage County",1,22,513,269,244
050,40,113,"Oklahoma","Osage County",1,23,451,242,209
050,40,113,"Oklahoma","Osage County",1,24,477,254,223
050,40,113,"Oklahoma","Osage County",1,25,488,247,241
050,40,113,"Oklahoma","Osage County",1,26,502,291,211
050,40,113,"Oklahoma","Osage County",1,27,535,290,245
050,40,113,"Oklahoma","Osage County",1,28,536,285,251
050,40,113,"Oklahoma","Osage County",1,29,521,266,255
050,40,113,"Oklahoma","Osage County",1,30,539,278,261
050,40,113,"Oklahoma","Osage County",1,31,486,249,237
050,40,113,"Oklahoma","Osage County",1,32,534,288,246
050,40,113,"Oklahoma","Osage County",1,33,513,286,227
050,40,113,"Oklahoma","Osage County",1,34,543,287,256
050,40,113,"Oklahoma","Osage County",1,35,559,298,261
050,40,113,"Oklahoma","Osage County",1,36,515,261,254
050,40,113,"Oklahoma","Osage County",1,37,534,276,258
050,40,113,"Oklahoma","Osage County",1,38,558,284,274
050,40,113,"Oklahoma","Osage County",1,39,573,303,270
050,40,113,"Oklahoma","Osage County",1,40,582,314,268
050,40,113,"Oklahoma","Osage County",1,41,546,284,262
050,40,113,"Oklahoma","Osage County",1,42,537,272,265
050,40,113,"Oklahoma","Osage County",1,43,529,273,256
050,40,113,"Oklahoma","Osage County",1,44,519,258,261
050,40,113,"Oklahoma","Osage County",1,45,502,247,255
050,40,113,"Oklahoma","Osage County",1,46,487,259,228
050,40,113,"Oklahoma","Osage County",1,47,519,292,227
050,40,113,"Oklahoma","Osage County",1,48,573,294,279
050,40,113,"Oklahoma","Osage County",1,49,584,285,299
050,40,113,"Oklahoma","Osage County",1,50,539,256,283
050,40,113,"Oklahoma","Osage County",1,51,547,276,271
050,40,113,"Oklahoma","Osage County",1,52,558,281,277
050,40,113,"Oklahoma","Osage County",1,53,590,304,286
050,40,113,"Oklahoma","Osage County",1,54,622,318,304
050,40,113,"Oklahoma","Osage County",1,55,641,309,332
050,40,113,"Oklahoma","Osage County",1,56,687,323,364
050,40,113,"Oklahoma","Osage County",1,57,696,347,349
050,40,113,"Oklahoma","Osage County",1,58,736,378,358
050,40,113,"Oklahoma","Osage County",1,59,659,329,330
050,40,113,"Oklahoma","Osage County",1,60,698,346,352
050,40,113,"Oklahoma","Osage County",1,61,727,357,370
050,40,113,"Oklahoma","Osage County",1,62,718,347,371
050,40,113,"Oklahoma","Osage County",1,63,672,304,368
050,40,113,"Oklahoma","Osage County",1,64,696,346,350
050,40,113,"Oklahoma","Osage County",1,65,648,320,328
050,40,113,"Oklahoma","Osage County",1,66,595,302,293
050,40,113,"Oklahoma","Osage County",1,67,593,285,308
050,40,113,"Oklahoma","Osage County",1,68,588,267,321
050,40,113,"Oklahoma","Osage County",1,69,573,264,309
050,40,113,"Oklahoma","Osage County",1,70,541,264,277
050,40,113,"Oklahoma","Osage County",1,71,563,268,295
050,40,113,"Oklahoma","Osage County",1,72,508,235,273
050,40,113,"Oklahoma","Osage County",1,73,510,232,278
050,40,113,"Oklahoma","Osage County",1,74,389,168,221
050,40,113,"Oklahoma","Osage County",1,75,392,178,214
050,40,113,"Oklahoma","Osage County",1,76,429,199,230
050,40,113,"Oklahoma","Osage County",1,77,377,188,189
050,40,113,"Oklahoma","Osage County",1,78,322,165,157
050,40,113,"Oklahoma","Osage County",1,79,295,142,153
050,40,113,"Oklahoma","Osage County",1,80,256,117,139
050,40,113,"Oklahoma","Osage County",1,81,244,113,131
050,40,113,"Oklahoma","Osage County",1,82,227,114,113
050,40,113,"Oklahoma","Osage County",1,83,195,91,104
050,40,113,"Oklahoma","Osage County",1,84,178,78,100
050,40,113,"Oklahoma","Osage County",1,85,913,379,534
050,40,113,"Oklahoma","Osage County",2,0,423,217,206
050,40,113,"Oklahoma","Osage County",2,1,447,238,209
050,40,113,"Oklahoma","Osage County",2,2,441,226,215
050,40,113,"Oklahoma","Osage County",2,3,463,241,222
050,40,113,"Oklahoma","Osage County",2,4,491,265,226
050,40,113,"Oklahoma","Osage County",2,5,504,273,231
050,40,113,"Oklahoma","Osage County",2,6,519,264,255
050,40,113,"Oklahoma","Osage County",2,7,539,250,289
050,40,113,"Oklahoma","Osage County",2,8,562,286,276
050,40,113,"Oklahoma","Osage County",2,9,606,321,285
050,40,113,"Oklahoma","Osage County",2,10,609,321,288
050,40,113,"Oklahoma","Osage County",2,11,602,301,301
050,40,113,"Oklahoma","Osage County",2,12,615,321,294
050,40,113,"Oklahoma","Osage County",2,13,615,327,288
050,40,113,"Oklahoma","Osage County",2,14,631,319,312
050,40,113,"Oklahoma","Osage County",2,15,604,302,302
050,40,113,"Oklahoma","Osage County",2,16,627,325,302
050,40,113,"Oklahoma","Osage County",2,17,618,326,292
050,40,113,"Oklahoma","Osage County",2,18,546,306,240
050,40,113,"Oklahoma","Osage County",2,19,467,258,209
050,40,113,"Oklahoma","Osage County",2,20,472,258,214
050,40,113,"Oklahoma","Osage County",2,21,497,273,224
050,40,113,"Oklahoma","Osage County",2,22,509,270,239
050,40,113,"Oklahoma","Osage County",2,23,469,250,219
050,40,113,"Oklahoma","Osage County",2,24,473,252,221
050,40,113,"Oklahoma","Osage County",2,25,487,252,235
050,40,113,"Oklahoma","Osage County",2,26,497,281,216
050,40,113,"Oklahoma","Osage County",2,27,522,287,235
050,40,113,"Oklahoma","Osage County",2,28,533,283,250
050,40,113,"Oklahoma","Osage County",2,29,527,272,255
050,40,113,"Oklahoma","Osage County",2,30,536,277,259
050,40,113,"Oklahoma","Osage County",2,31,499,255,244
050,40,113,"Oklahoma","Osage County",2,32,526,280,246
050,40,113,"Oklahoma","Osage County",2,33,521,289,232
050,40,113,"Oklahoma","Osage County",2,34,538,289,249
050,40,113,"Oklahoma","Osage County",2,35,558,295,263
050,40,113,"Oklahoma","Osage County",2,36,517,263,254
050,40,113,"Oklahoma","Osage County",2,37,526,269,257
050,40,113,"Oklahoma","Osage County",2,38,560,288,272
050,40,113,"Oklahoma","Osage County",2,39,568,297,271
050,40,113,"Oklahoma","Osage County",2,40,585,316,269
050,40,113,"Oklahoma","Osage County",2,41,557,295,262
050,40,113,"Oklahoma","Osage County",2,42,541,276,265
050,40,113,"Oklahoma","Osage County",2,43,531,273,258
050,40,113,"Oklahoma","Osage County",2,44,511,256,255
050,40,113,"Oklahoma","Osage County",2,45,510,250,260
050,40,113,"Oklahoma","Osage County",2,46,486,254,232
050,40,113,"Oklahoma","Osage County",2,47,511,282,229
050,40,113,"Oklahoma","Osage County",2,48,565,298,267
050,40,113,"Oklahoma","Osage County",2,49,583,288,295
050,40,113,"Oklahoma","Osage County",2,50,545,259,286
050,40,113,"Oklahoma","Osage County",2,51,547,272,275
050,40,113,"Oklahoma","Osage County",2,52,552,275,277
050,40,113,"Oklahoma","Osage County",2,53,580,297,283
050,40,113,"Oklahoma","Osage County",2,54,612,312,300
050,40,113,"Oklahoma","Osage County",2,55,635,310,325
050,40,113,"Oklahoma","Osage County",2,56,674,320,354
050,40,113,"Oklahoma","Osage County",2,57,698,346,352
050,40,113,"Oklahoma","Osage County",2,58,725,370,355
050,40,113,"Oklahoma","Osage County",2,59,677,340,337
050,40,113,"Oklahoma","Osage County",2,60,687,340,347
050,40,113,"Oklahoma","Osage County",2,61,716,349,367
050,40,113,"Oklahoma","Osage County",2,62,719,349,370
050,40,113,"Oklahoma","Osage County",2,63,689,317,372
050,40,113,"Oklahoma","Osage County",2,64,680,330,350
050,40,113,"Oklahoma","Osage County",2,65,656,324,332
050,40,113,"Oklahoma","Osage County",2,66,607,304,303
050,40,113,"Oklahoma","Osage County",2,67,592,288,304
050,40,113,"Oklahoma","Osage County",2,68,583,268,315
050,40,113,"Oklahoma","Osage County",2,69,576,264,312
050,40,113,"Oklahoma","Osage County",2,70,542,263,279
050,40,113,"Oklahoma","Osage County",2,71,556,264,292
050,40,113,"Oklahoma","Osage County",2,72,509,235,274
050,40,113,"Oklahoma","Osage County",2,73,529,242,287
050,40,113,"Oklahoma","Osage County",2,74,389,171,218
050,40,113,"Oklahoma","Osage County",2,75,394,177,217
050,40,113,"Oklahoma","Osage County",2,76,416,193,223
050,40,113,"Oklahoma","Osage County",2,77,395,194,201
050,40,113,"Oklahoma","Osage County",2,78,329,167,162
050,40,113,"Oklahoma","Osage County",2,79,295,144,151
050,40,113,"Oklahoma","Osage County",2,80,262,120,142
050,40,113,"Oklahoma","Osage County",2,81,241,111,130
050,40,113,"Oklahoma","Osage County",2,82,231,115,116
050,40,113,"Oklahoma","Osage County",2,83,197,93,104
050,40,113,"Oklahoma","Osage County",2,84,180,83,97
050,40,113,"Oklahoma","Osage County",2,85,928,385,543
050,40,113,"Oklahoma","Osage County",3,0,352,188,164
050,40,113,"Oklahoma","Osage County",3,1,415,210,205
050,40,113,"Oklahoma","Osage County",3,2,460,236,224
050,40,113,"Oklahoma","Osage County",3,3,444,230,214
050,40,113,"Oklahoma","Osage County",3,4,495,259,236
050,40,113,"Oklahoma","Osage County",3,5,515,279,236
050,40,113,"Oklahoma","Osage County",3,6,541,290,251
050,40,113,"Oklahoma","Osage County",3,7,517,263,254
050,40,113,"Oklahoma","Osage County",3,8,552,251,301
050,40,113,"Oklahoma","Osage County",3,9,562,301,261
050,40,113,"Oklahoma","Osage County",3,10,603,318,285
050,40,113,"Oklahoma","Osage County",3,11,611,325,286
050,40,113,"Oklahoma","Osage County",3,12,623,311,312
050,40,113,"Oklahoma","Osage County",3,13,633,322,311
050,40,113,"Oklahoma","Osage County",3,14,622,323,299
050,40,113,"Oklahoma","Osage County",3,15,616,310,306
050,40,113,"Oklahoma","Osage County",3,16,599,295,304
050,40,113,"Oklahoma","Osage County",3,17,611,305,306
050,40,113,"Oklahoma","Osage County",3,18,536,289,247
050,40,113,"Oklahoma","Osage County",3,19,448,256,192
050,40,113,"Oklahoma","Osage County",3,20,501,275,226
050,40,113,"Oklahoma","Osage County",3,21,491,267,224
050,40,113,"Oklahoma","Osage County",3,22,523,294,229
050,40,113,"Oklahoma","Osage County",3,23,520,273,247
050,40,113,"Oklahoma","Osage County",3,24,484,277,207
050,40,113,"Oklahoma","Osage County",3,25,476,252,224
050,40,113,"Oklahoma","Osage County",3,26,508,271,237
050,40,113,"Oklahoma","Osage County",3,27,502,282,220
050,40,113,"Oklahoma","Osage County",3,28,539,305,234
050,40,113,"Oklahoma","Osage County",3,29,527,274,253
050,40,113,"Oklahoma","Osage County",3,30,560,285,275
050,40,113,"Oklahoma","Osage County",3,31,536,276,260
050,40,113,"Oklahoma","Osage County",3,32,535,267,268
050,40,113,"Oklahoma","Osage County",3,33,550,297,253
050,40,113,"Oklahoma","Osage County",3,34,515,286,229
050,40,113,"Oklahoma","Osage County",3,35,547,290,257
050,40,113,"Oklahoma","Osage County",3,36,568,297,271
050,40,113,"Oklahoma","Osage County",3,37,511,258,253
050,40,113,"Oklahoma","Osage County",3,38,523,276,247
050,40,113,"Oklahoma","Osage County",3,39,561,285,276
050,40,113,"Oklahoma","Osage County",3,40,551,288,263
050,40,113,"Oklahoma","Osage County",3,41,584,317,267
050,40,113,"Oklahoma","Osage County",3,42,579,312,267
050,40,113,"Oklahoma","Osage County",3,43,528,260,268
050,40,113,"Oklahoma","Osage County",3,44,528,274,254
050,40,113,"Oklahoma","Osage County",3,45,517,253,264
050,40,113,"Oklahoma","Osage County",3,46,535,269,266
050,40,113,"Oklahoma","Osage County",3,47,484,256,228
050,40,113,"Oklahoma","Osage County",3,48,515,291,224
050,40,113,"Oklahoma","Osage County",3,49,559,298,261
050,40,113,"Oklahoma","Osage County",3,50,586,294,292
050,40,113,"Oklahoma","Osage County",3,51,542,260,282
050,40,113,"Oklahoma","Osage County",3,52,539,259,280
050,40,113,"Oklahoma","Osage County",3,53,551,278,273
050,40,113,"Oklahoma","Osage County",3,54,590,302,288
050,40,113,"Oklahoma","Osage County",3,55,618,305,313
050,40,113,"Oklahoma","Osage County",3,56,633,309,324
050,40,113,"Oklahoma","Osage County",3,57,678,322,356
050,40,113,"Oklahoma","Osage County",3,58,701,346,355
050,40,113,"Oklahoma","Osage County",3,59,727,370,357
050,40,113,"Oklahoma","Osage County",3,60,675,341,334
050,40,113,"Oklahoma","Osage County",3,61,692,343,349
050,40,113,"Oklahoma","Osage County",3,62,723,347,376
050,40,113,"Oklahoma","Osage County",3,63,714,344,370
050,40,113,"Oklahoma","Osage County",3,64,679,315,364
050,40,113,"Oklahoma","Osage County",3,65,669,323,346
050,40,113,"Oklahoma","Osage County",3,66,647,318,329
050,40,113,"Oklahoma","Osage County",3,67,599,302,297
050,40,113,"Oklahoma","Osage County",3,68,581,285,296
050,40,113,"Oklahoma","Osage County",3,69,571,257,314
050,40,113,"Oklahoma","Osage County",3,70,555,261,294
050,40,113,"Oklahoma","Osage County",3,71,539,261,278
050,40,113,"Oklahoma","Osage County",3,72,529,242,287
050,40,113,"Oklahoma","Osage County",3,73,495,228,267
050,40,113,"Oklahoma","Osage County",3,74,502,232,270
050,40,113,"Oklahoma","Osage County",3,75,383,174,209
050,40,113,"Oklahoma","Osage County",3,76,383,172,211
050,40,113,"Oklahoma","Osage County",3,77,396,182,214
050,40,113,"Oklahoma","Osage County",3,78,372,180,192
050,40,113,"Oklahoma","Osage County",3,79,316,162,154
050,40,113,"Oklahoma","Osage County",3,80,283,143,140
050,40,113,"Oklahoma","Osage County",3,81,244,113,131
050,40,113,"Oklahoma","Osage County",3,82,228,104,124
050,40,113,"Oklahoma","Osage County",3,83,220,111,109
050,40,113,"Oklahoma","Osage County",3,84,168,75,93
050,40,113,"Oklahoma","Osage County",3,85,942,395,547
050,40,113,"Oklahoma","Osage County",4,0,414,216,198
050,40,113,"Oklahoma","Osage County",4,1,400,218,182
050,40,113,"Oklahoma","Osage County",4,2,424,213,211
050,40,113,"Oklahoma","Osage County",4,3,482,254,228
050,40,113,"Oklahoma","Osage County",4,4,460,239,221
050,40,113,"Oklahoma","Osage County",4,5,518,262,256
050,40,113,"Oklahoma","Osage County",4,6,528,281,247
050,40,113,"Oklahoma","Osage County",4,7,551,313,238
050,40,113,"Oklahoma","Osage County",4,8,529,262,267
050,40,113,"Oklahoma","Osage County",4,9,529,248,281
050,40,113,"Oklahoma","Osage County",4,10,569,298,271
050,40,113,"Oklahoma","Osage County",4,11,596,310,286
050,40,113,"Oklahoma","Osage County",4,12,601,317,284
050,40,113,"Oklahoma","Osage County",4,13,586,292,294
050,40,113,"Oklahoma","Osage County",4,14,620,315,305
050,40,113,"Oklahoma","Osage County",4,15,610,318,292
050,40,113,"Oklahoma","Osage County",4,16,627,307,320
050,40,113,"Oklahoma","Osage County",4,17,594,295,299
050,40,113,"Oklahoma","Osage County",4,18,532,277,255
050,40,113,"Oklahoma","Osage County",4,19,461,247,214
050,40,113,"Oklahoma","Osage County",4,20,454,258,196
050,40,113,"Oklahoma","Osage County",4,21,508,281,227
050,40,113,"Oklahoma","Osage County",4,22,503,271,232
050,40,113,"Oklahoma","Osage County",4,23,524,285,239
050,40,113,"Oklahoma","Osage County",4,24,511,264,247
050,40,113,"Oklahoma","Osage County",4,25,464,263,201
050,40,113,"Oklahoma","Osage County",4,26,484,257,227
050,40,113,"Oklahoma","Osage County",4,27,505,269,236
050,40,113,"Oklahoma","Osage County",4,28,503,282,221
050,40,113,"Oklahoma","Osage County",4,29,551,308,243
050,40,113,"Oklahoma","Osage County",4,30,547,285,262
050,40,113,"Oklahoma","Osage County",4,31,548,278,270
050,40,113,"Oklahoma","Osage County",4,32,569,298,271
050,40,113,"Oklahoma","Osage County",4,33,572,285,287
050,40,113,"Oklahoma","Osage County",4,34,542,296,246
050,40,113,"Oklahoma","Osage County",4,35,510,274,236
050,40,113,"Oklahoma","Osage County",4,36,549,286,263
050,40,113,"Oklahoma","Osage County",4,37,571,291,280
050,40,113,"Oklahoma","Osage County",4,38,513,276,237
050,40,113,"Oklahoma","Osage County",4,39,537,269,268
050,40,113,"Oklahoma","Osage County",4,40,567,288,279
050,40,113,"Oklahoma","Osage County",4,41,568,299,269
050,40,113,"Oklahoma","Osage County",4,42,589,323,266
050,40,113,"Oklahoma","Osage County",4,43,577,305,272
050,40,113,"Oklahoma","Osage County",4,44,541,269,272
050,40,113,"Oklahoma","Osage County",4,45,539,279,260
050,40,113,"Oklahoma","Osage County",4,46,529,266,263
050,40,113,"Oklahoma","Osage County",4,47,547,274,273
050,40,113,"Oklahoma","Osage County",4,48,491,263,228
050,40,113,"Oklahoma","Osage County",4,49,518,287,231
050,40,113,"Oklahoma","Osage County",4,50,548,292,256
050,40,113,"Oklahoma","Osage County",4,51,596,302,294
050,40,113,"Oklahoma","Osage County",4,52,541,252,289
050,40,113,"Oklahoma","Osage County",4,53,537,254,283
050,40,113,"Oklahoma","Osage County",4,54,542,277,265
050,40,113,"Oklahoma","Osage County",4,55,575,295,280
050,40,113,"Oklahoma","Osage County",4,56,627,310,317
050,40,113,"Oklahoma","Osage County",4,57,637,318,319
050,40,113,"Oklahoma","Osage County",4,58,683,320,363
050,40,113,"Oklahoma","Osage County",4,59,677,334,343
050,40,113,"Oklahoma","Osage County",4,60,726,372,354
050,40,113,"Oklahoma","Osage County",4,61,669,346,323
050,40,113,"Oklahoma","Osage County",4,62,689,336,353
050,40,113,"Oklahoma","Osage County",4,63,709,335,374
050,40,113,"Oklahoma","Osage County",4,64,701,329,372
050,40,113,"Oklahoma","Osage County",4,65,678,314,364
050,40,113,"Oklahoma","Osage County",4,66,668,320,348
050,40,113,"Oklahoma","Osage County",4,67,632,313,319
050,40,113,"Oklahoma","Osage County",4,68,587,294,293
050,40,113,"Oklahoma","Osage County",4,69,570,282,288
050,40,113,"Oklahoma","Osage County",4,70,573,261,312
050,40,113,"Oklahoma","Osage County",4,71,549,252,297
050,40,113,"Oklahoma","Osage County",4,72,524,256,268
050,40,113,"Oklahoma","Osage County",4,73,522,239,283
050,40,113,"Oklahoma","Osage County",4,74,477,221,256
050,40,113,"Oklahoma","Osage County",4,75,483,227,256
050,40,113,"Oklahoma","Osage County",4,76,350,160,190
050,40,113,"Oklahoma","Osage County",4,77,371,165,206
050,40,113,"Oklahoma","Osage County",4,78,371,165,206
050,40,113,"Oklahoma","Osage County",4,79,352,166,186
050,40,113,"Oklahoma","Osage County",4,80,295,153,142
050,40,113,"Oklahoma","Osage County",4,81,261,131,130
050,40,113,"Oklahoma","Osage County",4,82,230,109,121
050,40,113,"Oklahoma","Osage County",4,83,217,100,117
050,40,113,"Oklahoma","Osage County",4,84,203,98,105
050,40,113,"Oklahoma","Osage County",4,85,920,380,540
050,40,113,"Oklahoma","Osage County",5,0,415,217,198
050,40,113,"Oklahoma","Osage County",5,1,431,228,203
050,40,113,"Oklahoma","Osage County",5,2,411,224,187
050,40,113,"Oklahoma","Osage County",5,3,440,227,213
050,40,113,"Oklahoma","Osage County",5,4,472,250,222
050,40,113,"Oklahoma","Osage County",5,5,457,231,226
050,40,113,"Oklahoma","Osage County",5,6,523,274,249
050,40,113,"Oklahoma","Osage County",5,7,545,290,255
050,40,113,"Oklahoma","Osage County",5,8,556,314,242
050,40,113,"Oklahoma","Osage County",5,9,525,258,267
050,40,113,"Oklahoma","Osage County",5,10,544,263,281
050,40,113,"Oklahoma","Osage County",5,11,568,297,271
050,40,113,"Oklahoma","Osage County",5,12,619,326,293
050,40,113,"Oklahoma","Osage County",5,13,605,311,294
050,40,113,"Oklahoma","Osage County",5,14,601,305,296
050,40,113,"Oklahoma","Osage County",5,15,642,335,307
050,40,113,"Oklahoma","Osage County",5,16,615,323,292
050,40,113,"Oklahoma","Osage County",5,17,620,298,322
050,40,113,"Oklahoma","Osage County",5,18,506,262,244
050,40,113,"Oklahoma","Osage County",5,19,445,240,205
050,40,113,"Oklahoma","Osage County",5,20,477,251,226
050,40,113,"Oklahoma","Osage County",5,21,469,269,200
050,40,113,"Oklahoma","Osage County",5,22,548,314,234
050,40,113,"Oklahoma","Osage County",5,23,499,267,232
050,40,113,"Oklahoma","Osage County",5,24,526,287,239
050,40,113,"Oklahoma","Osage County",5,25,541,276,265
050,40,113,"Oklahoma","Osage County",5,26,493,284,209
050,40,113,"Oklahoma","Osage County",5,27,469,238,231
050,40,113,"Oklahoma","Osage County",5,28,506,265,241
050,40,113,"Oklahoma","Osage County",5,29,512,277,235
050,40,113,"Oklahoma","Osage County",5,30,573,312,261
050,40,113,"Oklahoma","Osage County",5,31,549,277,272
050,40,113,"Oklahoma","Osage County",5,32,570,292,278
050,40,113,"Oklahoma","Osage County",5,33,575,298,277
050,40,113,"Oklahoma","Osage County",5,34,570,285,285
050,40,113,"Oklahoma","Osage County",5,35,546,288,258
050,40,113,"Oklahoma","Osage County",5,36,510,264,246
050,40,113,"Oklahoma","Osage County",5,37,569,296,273
050,40,113,"Oklahoma","Osage County",5,38,574,290,284
050,40,113,"Oklahoma","Osage County",5,39,524,283,241
050,40,113,"Oklahoma","Osage County",5,40,562,289,273
050,40,113,"Oklahoma","Osage County",5,41,595,302,293
050,40,113,"Oklahoma","Osage County",5,42,600,323,277
050,40,113,"Oklahoma","Osage County",5,43,582,307,275
050,40,113,"Oklahoma","Osage County",5,44,573,296,277
050,40,113,"Oklahoma","Osage County",5,45,539,258,281
050,40,113,"Oklahoma","Osage County",5,46,554,283,271
050,40,113,"Oklahoma","Osage County",5,47,521,260,261
050,40,113,"Oklahoma","Osage County",5,48,553,280,273
050,40,113,"Oklahoma","Osage County",5,49,491,267,224
050,40,113,"Oklahoma","Osage County",5,50,513,275,238
050,40,113,"Oklahoma","Osage County",5,51,565,304,261
050,40,113,"Oklahoma","Osage County",5,52,607,305,302
050,40,113,"Oklahoma","Osage County",5,53,544,255,289
050,40,113,"Oklahoma","Osage County",5,54,546,263,283
050,40,113,"Oklahoma","Osage County",5,55,539,263,276
050,40,113,"Oklahoma","Osage County",5,56,587,293,294
050,40,113,"Oklahoma","Osage County",5,57,635,309,326
050,40,113,"Oklahoma","Osage County",5,58,641,319,322
050,40,113,"Oklahoma","Osage County",5,59,668,311,357
050,40,113,"Oklahoma","Osage County",5,60,682,339,343
050,40,113,"Oklahoma","Osage County",5,61,714,361,353
050,40,113,"Oklahoma","Osage County",5,62,666,343,323
050,40,113,"Oklahoma","Osage County",5,63,680,322,358
050,40,113,"Oklahoma","Osage County",5,64,701,335,366
050,40,113,"Oklahoma","Osage County",5,65,694,329,365
050,40,113,"Oklahoma","Osage County",5,66,677,316,361
050,40,113,"Oklahoma","Osage County",5,67,661,321,340
050,40,113,"Oklahoma","Osage County",5,68,621,306,315
050,40,113,"Oklahoma","Osage County",5,69,579,292,287
050,40,113,"Oklahoma","Osage County",5,70,555,279,276
050,40,113,"Oklahoma","Osage County",5,71,561,253,308
050,40,113,"Oklahoma","Osage County",5,72,528,242,286
050,40,113,"Oklahoma","Osage County",5,73,521,251,270
050,40,113,"Oklahoma","Osage County",5,74,513,236,277
050,40,113,"Oklahoma","Osage County",5,75,453,209,244
050,40,113,"Oklahoma","Osage County",5,76,459,218,241
050,40,113,"Oklahoma","Osage County",5,77,339,156,183
050,40,113,"Oklahoma","Osage County",5,78,352,152,200
050,40,113,"Oklahoma","Osage County",5,79,357,158,199
050,40,113,"Oklahoma","Osage County",5,80,342,166,176
050,40,113,"Oklahoma","Osage County",5,81,277,143,134
050,40,113,"Oklahoma","Osage County",5,82,251,129,122
050,40,113,"Oklahoma","Osage County",5,83,206,102,104
050,40,113,"Oklahoma","Osage County",5,84,204,90,114
050,40,113,"Oklahoma","Osage County",5,85,982,413,569
050,40,115,"Oklahoma","Ottawa County",1,0,378,192,186
050,40,115,"Oklahoma","Ottawa County",1,1,399,207,192
050,40,115,"Oklahoma","Ottawa County",1,2,371,194,177
050,40,115,"Oklahoma","Ottawa County",1,3,396,204,192
050,40,115,"Oklahoma","Ottawa County",1,4,409,209,200
050,40,115,"Oklahoma","Ottawa County",1,5,433,217,216
050,40,115,"Oklahoma","Ottawa County",1,6,420,215,205
050,40,115,"Oklahoma","Ottawa County",1,7,476,252,224
050,40,115,"Oklahoma","Ottawa County",1,8,429,223,206
050,40,115,"Oklahoma","Ottawa County",1,9,440,234,206
050,40,115,"Oklahoma","Ottawa County",1,10,435,237,198
050,40,115,"Oklahoma","Ottawa County",1,11,463,241,222
050,40,115,"Oklahoma","Ottawa County",1,12,467,228,239
050,40,115,"Oklahoma","Ottawa County",1,13,437,240,197
050,40,115,"Oklahoma","Ottawa County",1,14,431,221,210
050,40,115,"Oklahoma","Ottawa County",1,15,390,202,188
050,40,115,"Oklahoma","Ottawa County",1,16,396,211,185
050,40,115,"Oklahoma","Ottawa County",1,17,406,208,198
050,40,115,"Oklahoma","Ottawa County",1,18,472,245,227
050,40,115,"Oklahoma","Ottawa County",1,19,566,298,268
050,40,115,"Oklahoma","Ottawa County",1,20,488,269,219
050,40,115,"Oklahoma","Ottawa County",1,21,394,214,180
050,40,115,"Oklahoma","Ottawa County",1,22,376,209,167
050,40,115,"Oklahoma","Ottawa County",1,23,370,193,177
050,40,115,"Oklahoma","Ottawa County",1,24,350,174,176
050,40,115,"Oklahoma","Ottawa County",1,25,337,172,165
050,40,115,"Oklahoma","Ottawa County",1,26,332,171,161
050,40,115,"Oklahoma","Ottawa County",1,27,391,186,205
050,40,115,"Oklahoma","Ottawa County",1,28,398,189,209
050,40,115,"Oklahoma","Ottawa County",1,29,386,187,199
050,40,115,"Oklahoma","Ottawa County",1,30,384,189,195
050,40,115,"Oklahoma","Ottawa County",1,31,362,165,197
050,40,115,"Oklahoma","Ottawa County",1,32,347,156,191
050,40,115,"Oklahoma","Ottawa County",1,33,328,156,172
050,40,115,"Oklahoma","Ottawa County",1,34,317,153,164
050,40,115,"Oklahoma","Ottawa County",1,35,315,158,157
050,40,115,"Oklahoma","Ottawa County",1,36,329,168,161
050,40,115,"Oklahoma","Ottawa County",1,37,338,167,171
050,40,115,"Oklahoma","Ottawa County",1,38,353,171,182
050,40,115,"Oklahoma","Ottawa County",1,39,348,166,182
050,40,115,"Oklahoma","Ottawa County",1,40,339,158,181
050,40,115,"Oklahoma","Ottawa County",1,41,323,158,165
050,40,115,"Oklahoma","Ottawa County",1,42,302,158,144
050,40,115,"Oklahoma","Ottawa County",1,43,334,161,173
050,40,115,"Oklahoma","Ottawa County",1,44,333,163,170
050,40,115,"Oklahoma","Ottawa County",1,45,317,161,156
050,40,115,"Oklahoma","Ottawa County",1,46,328,165,163
050,40,115,"Oklahoma","Ottawa County",1,47,347,178,169
050,40,115,"Oklahoma","Ottawa County",1,48,338,175,163
050,40,115,"Oklahoma","Ottawa County",1,49,373,199,174
050,40,115,"Oklahoma","Ottawa County",1,50,365,174,191
050,40,115,"Oklahoma","Ottawa County",1,51,344,167,177
050,40,115,"Oklahoma","Ottawa County",1,52,343,178,165
050,40,115,"Oklahoma","Ottawa County",1,53,354,181,173
050,40,115,"Oklahoma","Ottawa County",1,54,347,161,186
050,40,115,"Oklahoma","Ottawa County",1,55,353,155,198
050,40,115,"Oklahoma","Ottawa County",1,56,386,186,200
050,40,115,"Oklahoma","Ottawa County",1,57,389,186,203
050,40,115,"Oklahoma","Ottawa County",1,58,413,203,210
050,40,115,"Oklahoma","Ottawa County",1,59,422,213,209
050,40,115,"Oklahoma","Ottawa County",1,60,369,179,190
050,40,115,"Oklahoma","Ottawa County",1,61,348,175,173
050,40,115,"Oklahoma","Ottawa County",1,62,387,175,212
050,40,115,"Oklahoma","Ottawa County",1,63,388,187,201
050,40,115,"Oklahoma","Ottawa County",1,64,373,190,183
050,40,115,"Oklahoma","Ottawa County",1,65,374,171,203
050,40,115,"Oklahoma","Ottawa County",1,66,369,165,204
050,40,115,"Oklahoma","Ottawa County",1,67,343,164,179
050,40,115,"Oklahoma","Ottawa County",1,68,352,163,189
050,40,115,"Oklahoma","Ottawa County",1,69,305,136,169
050,40,115,"Oklahoma","Ottawa County",1,70,293,146,147
050,40,115,"Oklahoma","Ottawa County",1,71,297,135,162
050,40,115,"Oklahoma","Ottawa County",1,72,322,140,182
050,40,115,"Oklahoma","Ottawa County",1,73,323,166,157
050,40,115,"Oklahoma","Ottawa County",1,74,216,104,112
050,40,115,"Oklahoma","Ottawa County",1,75,259,117,142
050,40,115,"Oklahoma","Ottawa County",1,76,228,104,124
050,40,115,"Oklahoma","Ottawa County",1,77,213,90,123
050,40,115,"Oklahoma","Ottawa County",1,78,181,83,98
050,40,115,"Oklahoma","Ottawa County",1,79,175,81,94
050,40,115,"Oklahoma","Ottawa County",1,80,160,71,89
050,40,115,"Oklahoma","Ottawa County",1,81,151,70,81
050,40,115,"Oklahoma","Ottawa County",1,82,127,51,76
050,40,115,"Oklahoma","Ottawa County",1,83,115,42,73
050,40,115,"Oklahoma","Ottawa County",1,84,110,42,68
050,40,115,"Oklahoma","Ottawa County",1,85,599,216,383
050,40,115,"Oklahoma","Ottawa County",2,0,369,187,182
050,40,115,"Oklahoma","Ottawa County",2,1,391,200,191
050,40,115,"Oklahoma","Ottawa County",2,2,376,195,181
050,40,115,"Oklahoma","Ottawa County",2,3,387,201,186
050,40,115,"Oklahoma","Ottawa County",2,4,405,208,197
050,40,115,"Oklahoma","Ottawa County",2,5,426,214,212
050,40,115,"Oklahoma","Ottawa County",2,6,429,218,211
050,40,115,"Oklahoma","Ottawa County",2,7,456,241,215
050,40,115,"Oklahoma","Ottawa County",2,8,437,229,208
050,40,115,"Oklahoma","Ottawa County",2,9,440,234,206
050,40,115,"Oklahoma","Ottawa County",2,10,433,236,197
050,40,115,"Oklahoma","Ottawa County",2,11,452,239,213
050,40,115,"Oklahoma","Ottawa County",2,12,469,233,236
050,40,115,"Oklahoma","Ottawa County",2,13,444,238,206
050,40,115,"Oklahoma","Ottawa County",2,14,432,225,207
050,40,115,"Oklahoma","Ottawa County",2,15,398,204,194
050,40,115,"Oklahoma","Ottawa County",2,16,397,210,187
050,40,115,"Oklahoma","Ottawa County",2,17,405,210,195
050,40,115,"Oklahoma","Ottawa County",2,18,460,236,224
050,40,115,"Oklahoma","Ottawa County",2,19,561,295,266
050,40,115,"Oklahoma","Ottawa County",2,20,495,273,222
050,40,115,"Oklahoma","Ottawa County",2,21,386,210,176
050,40,115,"Oklahoma","Ottawa County",2,22,378,209,169
050,40,115,"Oklahoma","Ottawa County",2,23,371,196,175
050,40,115,"Oklahoma","Ottawa County",2,24,352,177,175
050,40,115,"Oklahoma","Ottawa County",2,25,337,171,166
050,40,115,"Oklahoma","Ottawa County",2,26,333,170,163
050,40,115,"Oklahoma","Ottawa County",2,27,372,179,193
050,40,115,"Oklahoma","Ottawa County",2,28,396,188,208
050,40,115,"Oklahoma","Ottawa County",2,29,391,187,204
050,40,115,"Oklahoma","Ottawa County",2,30,390,193,197
050,40,115,"Oklahoma","Ottawa County",2,31,365,169,196
050,40,115,"Oklahoma","Ottawa County",2,32,354,160,194
050,40,115,"Oklahoma","Ottawa County",2,33,334,157,177
050,40,115,"Oklahoma","Ottawa County",2,34,319,154,165
050,40,115,"Oklahoma","Ottawa County",2,35,317,158,159
050,40,115,"Oklahoma","Ottawa County",2,36,326,165,161
050,40,115,"Oklahoma","Ottawa County",2,37,336,168,168
050,40,115,"Oklahoma","Ottawa County",2,38,350,173,177
050,40,115,"Oklahoma","Ottawa County",2,39,347,164,183
050,40,115,"Oklahoma","Ottawa County",2,40,343,162,181
050,40,115,"Oklahoma","Ottawa County",2,41,322,155,167
050,40,115,"Oklahoma","Ottawa County",2,42,306,157,149
050,40,115,"Oklahoma","Ottawa County",2,43,325,160,165
050,40,115,"Oklahoma","Ottawa County",2,44,327,159,168
050,40,115,"Oklahoma","Ottawa County",2,45,319,163,156
050,40,115,"Oklahoma","Ottawa County",2,46,321,161,160
050,40,115,"Oklahoma","Ottawa County",2,47,341,173,168
050,40,115,"Oklahoma","Ottawa County",2,48,337,174,163
050,40,115,"Oklahoma","Ottawa County",2,49,364,193,171
050,40,115,"Oklahoma","Ottawa County",2,50,368,180,188
050,40,115,"Oklahoma","Ottawa County",2,51,348,168,180
050,40,115,"Oklahoma","Ottawa County",2,52,342,175,167
050,40,115,"Oklahoma","Ottawa County",2,53,354,182,172
050,40,115,"Oklahoma","Ottawa County",2,54,344,163,181
050,40,115,"Oklahoma","Ottawa County",2,55,353,158,195
050,40,115,"Oklahoma","Ottawa County",2,56,376,177,199
050,40,115,"Oklahoma","Ottawa County",2,57,386,183,203
050,40,115,"Oklahoma","Ottawa County",2,58,410,200,210
050,40,115,"Oklahoma","Ottawa County",2,59,422,210,212
050,40,115,"Oklahoma","Ottawa County",2,60,383,188,195
050,40,115,"Oklahoma","Ottawa County",2,61,353,175,178
050,40,115,"Oklahoma","Ottawa County",2,62,378,175,203
050,40,115,"Oklahoma","Ottawa County",2,63,390,186,204
050,40,115,"Oklahoma","Ottawa County",2,64,370,183,187
050,40,115,"Oklahoma","Ottawa County",2,65,370,173,197
050,40,115,"Oklahoma","Ottawa County",2,66,373,168,205
050,40,115,"Oklahoma","Ottawa County",2,67,350,165,185
050,40,115,"Oklahoma","Ottawa County",2,68,344,161,183
050,40,115,"Oklahoma","Ottawa County",2,69,315,140,175
050,40,115,"Oklahoma","Ottawa County",2,70,296,144,152
050,40,115,"Oklahoma","Ottawa County",2,71,297,135,162
050,40,115,"Oklahoma","Ottawa County",2,72,308,134,174
050,40,115,"Oklahoma","Ottawa County",2,73,337,167,170
050,40,115,"Oklahoma","Ottawa County",2,74,222,109,113
050,40,115,"Oklahoma","Ottawa County",2,75,246,113,133
050,40,115,"Oklahoma","Ottawa County",2,76,231,104,127
050,40,115,"Oklahoma","Ottawa County",2,77,216,93,123
050,40,115,"Oklahoma","Ottawa County",2,78,182,82,100
050,40,115,"Oklahoma","Ottawa County",2,79,175,79,96
050,40,115,"Oklahoma","Ottawa County",2,80,160,72,88
050,40,115,"Oklahoma","Ottawa County",2,81,151,70,81
050,40,115,"Oklahoma","Ottawa County",2,82,131,54,77
050,40,115,"Oklahoma","Ottawa County",2,83,117,43,74
050,40,115,"Oklahoma","Ottawa County",2,84,106,39,67
050,40,115,"Oklahoma","Ottawa County",2,85,597,218,379
050,40,115,"Oklahoma","Ottawa County",3,0,401,214,187
050,40,115,"Oklahoma","Ottawa County",3,1,375,187,188
050,40,115,"Oklahoma","Ottawa County",3,2,397,202,195
050,40,115,"Oklahoma","Ottawa County",3,3,391,202,189
050,40,115,"Oklahoma","Ottawa County",3,4,419,217,202
050,40,115,"Oklahoma","Ottawa County",3,5,433,221,212
050,40,115,"Oklahoma","Ottawa County",3,6,443,222,221
050,40,115,"Oklahoma","Ottawa County",3,7,432,218,214
050,40,115,"Oklahoma","Ottawa County",3,8,461,240,221
050,40,115,"Oklahoma","Ottawa County",3,9,463,235,228
050,40,115,"Oklahoma","Ottawa County",3,10,421,216,205
050,40,115,"Oklahoma","Ottawa County",3,11,451,242,209
050,40,115,"Oklahoma","Ottawa County",3,12,459,243,216
050,40,115,"Oklahoma","Ottawa County",3,13,487,235,252
050,40,115,"Oklahoma","Ottawa County",3,14,438,233,205
050,40,115,"Oklahoma","Ottawa County",3,15,431,228,203
050,40,115,"Oklahoma","Ottawa County",3,16,387,194,193
050,40,115,"Oklahoma","Ottawa County",3,17,405,218,187
050,40,115,"Oklahoma","Ottawa County",3,18,450,229,221
050,40,115,"Oklahoma","Ottawa County",3,19,555,290,265
050,40,115,"Oklahoma","Ottawa County",3,20,508,285,223
050,40,115,"Oklahoma","Ottawa County",3,21,385,206,179
050,40,115,"Oklahoma","Ottawa County",3,22,374,191,183
050,40,115,"Oklahoma","Ottawa County",3,23,376,199,177
050,40,115,"Oklahoma","Ottawa County",3,24,365,189,176
050,40,115,"Oklahoma","Ottawa County",3,25,364,178,186
050,40,115,"Oklahoma","Ottawa County",3,26,358,182,176
050,40,115,"Oklahoma","Ottawa County",3,27,327,168,159
050,40,115,"Oklahoma","Ottawa County",3,28,386,190,196
050,40,115,"Oklahoma","Ottawa County",3,29,405,196,209
050,40,115,"Oklahoma","Ottawa County",3,30,415,213,202
050,40,115,"Oklahoma","Ottawa County",3,31,378,178,200
050,40,115,"Oklahoma","Ottawa County",3,32,376,169,207
050,40,115,"Oklahoma","Ottawa County",3,33,367,170,197
050,40,115,"Oklahoma","Ottawa County",3,34,338,160,178
050,40,115,"Oklahoma","Ottawa County",3,35,319,156,163
050,40,115,"Oklahoma","Ottawa County",3,36,327,163,164
050,40,115,"Oklahoma","Ottawa County",3,37,345,175,170
050,40,115,"Oklahoma","Ottawa County",3,38,339,173,166
050,40,115,"Oklahoma","Ottawa County",3,39,351,173,178
050,40,115,"Oklahoma","Ottawa County",3,40,365,175,190
050,40,115,"Oklahoma","Ottawa County",3,41,334,163,171
050,40,115,"Oklahoma","Ottawa County",3,42,314,151,163
050,40,115,"Oklahoma","Ottawa County",3,43,309,160,149
050,40,115,"Oklahoma","Ottawa County",3,44,321,159,162
050,40,115,"Oklahoma","Ottawa County",3,45,334,170,164
050,40,115,"Oklahoma","Ottawa County",3,46,311,160,151
050,40,115,"Oklahoma","Ottawa County",3,47,322,158,164
050,40,115,"Oklahoma","Ottawa County",3,48,349,171,178
050,40,115,"Oklahoma","Ottawa County",3,49,323,171,152
050,40,115,"Oklahoma","Ottawa County",3,50,364,187,177
050,40,115,"Oklahoma","Ottawa County",3,51,375,183,192
050,40,115,"Oklahoma","Ottawa County",3,52,354,172,182
050,40,115,"Oklahoma","Ottawa County",3,53,351,182,169
050,40,115,"Oklahoma","Ottawa County",3,54,340,178,162
050,40,115,"Oklahoma","Ottawa County",3,55,341,157,184
050,40,115,"Oklahoma","Ottawa County",3,56,351,164,187
050,40,115,"Oklahoma","Ottawa County",3,57,363,171,192
050,40,115,"Oklahoma","Ottawa County",3,58,402,192,210
050,40,115,"Oklahoma","Ottawa County",3,59,400,196,204
050,40,115,"Oklahoma","Ottawa County",3,60,419,202,217
050,40,115,"Oklahoma","Ottawa County",3,61,372,182,190
050,40,115,"Oklahoma","Ottawa County",3,62,352,173,179
050,40,115,"Oklahoma","Ottawa County",3,63,360,171,189
050,40,115,"Oklahoma","Ottawa County",3,64,389,194,195
050,40,115,"Oklahoma","Ottawa County",3,65,351,168,183
050,40,115,"Oklahoma","Ottawa County",3,66,350,165,185
050,40,115,"Oklahoma","Ottawa County",3,67,363,163,200
050,40,115,"Oklahoma","Ottawa County",3,68,333,155,178
050,40,115,"Oklahoma","Ottawa County",3,69,339,157,182
050,40,115,"Oklahoma","Ottawa County",3,70,303,138,165
050,40,115,"Oklahoma","Ottawa County",3,71,284,141,143
050,40,115,"Oklahoma","Ottawa County",3,72,283,127,156
050,40,115,"Oklahoma","Ottawa County",3,73,284,123,161
050,40,115,"Oklahoma","Ottawa County",3,74,315,156,159
050,40,115,"Oklahoma","Ottawa County",3,75,203,99,104
050,40,115,"Oklahoma","Ottawa County",3,76,237,110,127
050,40,115,"Oklahoma","Ottawa County",3,77,226,103,123
050,40,115,"Oklahoma","Ottawa County",3,78,202,85,117
050,40,115,"Oklahoma","Ottawa County",3,79,169,70,99
050,40,115,"Oklahoma","Ottawa County",3,80,157,70,87
050,40,115,"Oklahoma","Ottawa County",3,81,144,67,77
050,40,115,"Oklahoma","Ottawa County",3,82,139,63,76
050,40,115,"Oklahoma","Ottawa County",3,83,125,50,75
050,40,115,"Oklahoma","Ottawa County",3,84,105,39,66
050,40,115,"Oklahoma","Ottawa County",3,85,551,185,366
050,40,115,"Oklahoma","Ottawa County",4,0,416,210,206
050,40,115,"Oklahoma","Ottawa County",4,1,410,220,190
050,40,115,"Oklahoma","Ottawa County",4,2,392,195,197
050,40,115,"Oklahoma","Ottawa County",4,3,393,204,189
050,40,115,"Oklahoma","Ottawa County",4,4,388,200,188
050,40,115,"Oklahoma","Ottawa County",4,5,427,219,208
050,40,115,"Oklahoma","Ottawa County",4,6,422,213,209
050,40,115,"Oklahoma","Ottawa County",4,7,420,213,207
050,40,115,"Oklahoma","Ottawa County",4,8,448,238,210
050,40,115,"Oklahoma","Ottawa County",4,9,465,251,214
050,40,115,"Oklahoma","Ottawa County",4,10,455,231,224
050,40,115,"Oklahoma","Ottawa County",4,11,421,217,204
050,40,115,"Oklahoma","Ottawa County",4,12,454,252,202
050,40,115,"Oklahoma","Ottawa County",4,13,465,241,224
050,40,115,"Oklahoma","Ottawa County",4,14,487,243,244
050,40,115,"Oklahoma","Ottawa County",4,15,436,229,207
050,40,115,"Oklahoma","Ottawa County",4,16,437,228,209
050,40,115,"Oklahoma","Ottawa County",4,17,407,209,198
050,40,115,"Oklahoma","Ottawa County",4,18,442,228,214
050,40,115,"Oklahoma","Ottawa County",4,19,534,275,259
050,40,115,"Oklahoma","Ottawa County",4,20,503,281,222
050,40,115,"Oklahoma","Ottawa County",4,21,398,219,179
050,40,115,"Oklahoma","Ottawa County",4,22,362,183,179
050,40,115,"Oklahoma","Ottawa County",4,23,396,199,197
050,40,115,"Oklahoma","Ottawa County",4,24,371,198,173
050,40,115,"Oklahoma","Ottawa County",4,25,367,186,181
050,40,115,"Oklahoma","Ottawa County",4,26,349,175,174
050,40,115,"Oklahoma","Ottawa County",4,27,366,184,182
050,40,115,"Oklahoma","Ottawa County",4,28,339,178,161
050,40,115,"Oklahoma","Ottawa County",4,29,390,197,193
050,40,115,"Oklahoma","Ottawa County",4,30,411,199,212
050,40,115,"Oklahoma","Ottawa County",4,31,399,196,203
050,40,115,"Oklahoma","Ottawa County",4,32,402,188,214
050,40,115,"Oklahoma","Ottawa County",4,33,390,178,212
050,40,115,"Oklahoma","Ottawa County",4,34,364,168,196
050,40,115,"Oklahoma","Ottawa County",4,35,329,159,170
050,40,115,"Oklahoma","Ottawa County",4,36,319,150,169
050,40,115,"Oklahoma","Ottawa County",4,37,334,168,166
050,40,115,"Oklahoma","Ottawa County",4,38,335,170,165
050,40,115,"Oklahoma","Ottawa County",4,39,338,171,167
050,40,115,"Oklahoma","Ottawa County",4,40,352,177,175
050,40,115,"Oklahoma","Ottawa County",4,41,372,180,192
050,40,115,"Oklahoma","Ottawa County",4,42,323,154,169
050,40,115,"Oklahoma","Ottawa County",4,43,315,148,167
050,40,115,"Oklahoma","Ottawa County",4,44,306,155,151
050,40,115,"Oklahoma","Ottawa County",4,45,323,164,159
050,40,115,"Oklahoma","Ottawa County",4,46,317,156,161
050,40,115,"Oklahoma","Ottawa County",4,47,306,159,147
050,40,115,"Oklahoma","Ottawa County",4,48,317,158,159
050,40,115,"Oklahoma","Ottawa County",4,49,343,173,170
050,40,115,"Oklahoma","Ottawa County",4,50,331,169,162
050,40,115,"Oklahoma","Ottawa County",4,51,351,182,169
050,40,115,"Oklahoma","Ottawa County",4,52,363,175,188
050,40,115,"Oklahoma","Ottawa County",4,53,339,164,175
050,40,115,"Oklahoma","Ottawa County",4,54,349,173,176
050,40,115,"Oklahoma","Ottawa County",4,55,337,175,162
050,40,115,"Oklahoma","Ottawa County",4,56,342,161,181
050,40,115,"Oklahoma","Ottawa County",4,57,346,165,181
050,40,115,"Oklahoma","Ottawa County",4,58,361,174,187
050,40,115,"Oklahoma","Ottawa County",4,59,406,190,216
050,40,115,"Oklahoma","Ottawa County",4,60,410,202,208
050,40,115,"Oklahoma","Ottawa County",4,61,420,199,221
050,40,115,"Oklahoma","Ottawa County",4,62,363,169,194
050,40,115,"Oklahoma","Ottawa County",4,63,345,170,175
050,40,115,"Oklahoma","Ottawa County",4,64,358,174,184
050,40,115,"Oklahoma","Ottawa County",4,65,391,187,204
050,40,115,"Oklahoma","Ottawa County",4,66,336,163,173
050,40,115,"Oklahoma","Ottawa County",4,67,357,170,187
050,40,115,"Oklahoma","Ottawa County",4,68,351,161,190
050,40,115,"Oklahoma","Ottawa County",4,69,327,151,176
050,40,115,"Oklahoma","Ottawa County",4,70,334,158,176
050,40,115,"Oklahoma","Ottawa County",4,71,286,127,159
050,40,115,"Oklahoma","Ottawa County",4,72,271,137,134
050,40,115,"Oklahoma","Ottawa County",4,73,269,120,149
050,40,115,"Oklahoma","Ottawa County",4,74,263,115,148
050,40,115,"Oklahoma","Ottawa County",4,75,298,147,151
050,40,115,"Oklahoma","Ottawa County",4,76,190,90,100
050,40,115,"Oklahoma","Ottawa County",4,77,218,101,117
050,40,115,"Oklahoma","Ottawa County",4,78,209,97,112
050,40,115,"Oklahoma","Ottawa County",4,79,190,76,114
050,40,115,"Oklahoma","Ottawa County",4,80,141,54,87
050,40,115,"Oklahoma","Ottawa County",4,81,147,69,78
050,40,115,"Oklahoma","Ottawa County",4,82,134,61,73
050,40,115,"Oklahoma","Ottawa County",4,83,127,56,71
050,40,115,"Oklahoma","Ottawa County",4,84,103,41,62
050,40,115,"Oklahoma","Ottawa County",4,85,511,162,349
050,40,115,"Oklahoma","Ottawa County",5,0,425,214,211
050,40,115,"Oklahoma","Ottawa County",5,1,408,206,202
050,40,115,"Oklahoma","Ottawa County",5,2,410,214,196
050,40,115,"Oklahoma","Ottawa County",5,3,388,198,190
050,40,115,"Oklahoma","Ottawa County",5,4,402,209,193
050,40,115,"Oklahoma","Ottawa County",5,5,398,210,188
050,40,115,"Oklahoma","Ottawa County",5,6,428,222,206
050,40,115,"Oklahoma","Ottawa County",5,7,418,208,210
050,40,115,"Oklahoma","Ottawa County",5,8,428,214,214
050,40,115,"Oklahoma","Ottawa County",5,9,442,233,209
050,40,115,"Oklahoma","Ottawa County",5,10,449,246,203
050,40,115,"Oklahoma","Ottawa County",5,11,466,235,231
050,40,115,"Oklahoma","Ottawa County",5,12,428,223,205
050,40,115,"Oklahoma","Ottawa County",5,13,454,251,203
050,40,115,"Oklahoma","Ottawa County",5,14,458,237,221
050,40,115,"Oklahoma","Ottawa County",5,15,489,254,235
050,40,115,"Oklahoma","Ottawa County",5,16,430,233,197
050,40,115,"Oklahoma","Ottawa County",5,17,429,229,200
050,40,115,"Oklahoma","Ottawa County",5,18,455,228,227
050,40,115,"Oklahoma","Ottawa County",5,19,535,278,257
050,40,115,"Oklahoma","Ottawa County",5,20,475,268,207
050,40,115,"Oklahoma","Ottawa County",5,21,372,202,170
050,40,115,"Oklahoma","Ottawa County",5,22,399,203,196
050,40,115,"Oklahoma","Ottawa County",5,23,368,178,190
050,40,115,"Oklahoma","Ottawa County",5,24,410,215,195
050,40,115,"Oklahoma","Ottawa County",5,25,380,202,178
050,40,115,"Oklahoma","Ottawa County",5,26,362,182,180
050,40,115,"Oklahoma","Ottawa County",5,27,343,170,173
050,40,115,"Oklahoma","Ottawa County",5,28,358,181,177
050,40,115,"Oklahoma","Ottawa County",5,29,324,172,152
050,40,115,"Oklahoma","Ottawa County",5,30,377,193,184
050,40,115,"Oklahoma","Ottawa County",5,31,399,192,207
050,40,115,"Oklahoma","Ottawa County",5,32,411,195,216
050,40,115,"Oklahoma","Ottawa County",5,33,388,180,208
050,40,115,"Oklahoma","Ottawa County",5,34,387,176,211
050,40,115,"Oklahoma","Ottawa County",5,35,375,183,192
050,40,115,"Oklahoma","Ottawa County",5,36,328,154,174
050,40,115,"Oklahoma","Ottawa County",5,37,319,144,175
050,40,115,"Oklahoma","Ottawa County",5,38,340,173,167
050,40,115,"Oklahoma","Ottawa County",5,39,329,167,162
050,40,115,"Oklahoma","Ottawa County",5,40,368,197,171
050,40,115,"Oklahoma","Ottawa County",5,41,350,177,173
050,40,115,"Oklahoma","Ottawa County",5,42,362,175,187
050,40,115,"Oklahoma","Ottawa County",5,43,327,157,170
050,40,115,"Oklahoma","Ottawa County",5,44,314,150,164
050,40,115,"Oklahoma","Ottawa County",5,45,288,150,138
050,40,115,"Oklahoma","Ottawa County",5,46,313,159,154
050,40,115,"Oklahoma","Ottawa County",5,47,326,162,164
050,40,115,"Oklahoma","Ottawa County",5,48,316,163,153
050,40,115,"Oklahoma","Ottawa County",5,49,313,157,156
050,40,115,"Oklahoma","Ottawa County",5,50,342,169,173
050,40,115,"Oklahoma","Ottawa County",5,51,333,163,170
050,40,115,"Oklahoma","Ottawa County",5,52,346,183,163
050,40,115,"Oklahoma","Ottawa County",5,53,364,176,188
050,40,115,"Oklahoma","Ottawa County",5,54,338,162,176
050,40,115,"Oklahoma","Ottawa County",5,55,335,167,168
050,40,115,"Oklahoma","Ottawa County",5,56,339,174,165
050,40,115,"Oklahoma","Ottawa County",5,57,326,150,176
050,40,115,"Oklahoma","Ottawa County",5,58,344,167,177
050,40,115,"Oklahoma","Ottawa County",5,59,364,175,189
050,40,115,"Oklahoma","Ottawa County",5,60,418,192,226
050,40,115,"Oklahoma","Ottawa County",5,61,412,205,207
050,40,115,"Oklahoma","Ottawa County",5,62,414,193,221
050,40,115,"Oklahoma","Ottawa County",5,63,358,171,187
050,40,115,"Oklahoma","Ottawa County",5,64,336,169,167
050,40,115,"Oklahoma","Ottawa County",5,65,355,168,187
050,40,115,"Oklahoma","Ottawa County",5,66,379,180,199
050,40,115,"Oklahoma","Ottawa County",5,67,334,162,172
050,40,115,"Oklahoma","Ottawa County",5,68,337,162,175
050,40,115,"Oklahoma","Ottawa County",5,69,347,156,191
050,40,115,"Oklahoma","Ottawa County",5,70,321,145,176
050,40,115,"Oklahoma","Ottawa County",5,71,321,152,169
050,40,115,"Oklahoma","Ottawa County",5,72,279,126,153
050,40,115,"Oklahoma","Ottawa County",5,73,258,135,123
050,40,115,"Oklahoma","Ottawa County",5,74,256,116,140
050,40,115,"Oklahoma","Ottawa County",5,75,241,105,136
050,40,115,"Oklahoma","Ottawa County",5,76,279,141,138
050,40,115,"Oklahoma","Ottawa County",5,77,182,82,100
050,40,115,"Oklahoma","Ottawa County",5,78,199,96,103
050,40,115,"Oklahoma","Ottawa County",5,79,200,90,110
050,40,115,"Oklahoma","Ottawa County",5,80,168,64,104
050,40,115,"Oklahoma","Ottawa County",5,81,132,50,82
050,40,115,"Oklahoma","Ottawa County",5,82,136,60,76
050,40,115,"Oklahoma","Ottawa County",5,83,126,56,70
050,40,115,"Oklahoma","Ottawa County",5,84,110,49,61
050,40,115,"Oklahoma","Ottawa County",5,85,497,153,344
050,40,117,"Oklahoma","Pawnee County",1,0,174,89,85
050,40,117,"Oklahoma","Pawnee County",1,1,169,91,78
050,40,117,"Oklahoma","Pawnee County",1,2,190,108,82
050,40,117,"Oklahoma","Pawnee County",1,3,178,93,85
050,40,117,"Oklahoma","Pawnee County",1,4,185,80,105
050,40,117,"Oklahoma","Pawnee County",1,5,203,100,103
050,40,117,"Oklahoma","Pawnee County",1,6,201,95,106
050,40,117,"Oklahoma","Pawnee County",1,7,195,104,91
050,40,117,"Oklahoma","Pawnee County",1,8,186,101,85
050,40,117,"Oklahoma","Pawnee County",1,9,191,101,90
050,40,117,"Oklahoma","Pawnee County",1,10,220,119,101
050,40,117,"Oklahoma","Pawnee County",1,11,232,120,112
050,40,117,"Oklahoma","Pawnee County",1,12,223,112,111
050,40,117,"Oklahoma","Pawnee County",1,13,205,99,106
050,40,117,"Oklahoma","Pawnee County",1,14,229,123,106
050,40,117,"Oklahoma","Pawnee County",1,15,211,118,93
050,40,117,"Oklahoma","Pawnee County",1,16,228,119,109
050,40,117,"Oklahoma","Pawnee County",1,17,217,113,104
050,40,117,"Oklahoma","Pawnee County",1,18,179,90,89
050,40,117,"Oklahoma","Pawnee County",1,19,154,78,76
050,40,117,"Oklahoma","Pawnee County",1,20,161,79,82
050,40,117,"Oklahoma","Pawnee County",1,21,170,94,76
050,40,117,"Oklahoma","Pawnee County",1,22,172,84,88
050,40,117,"Oklahoma","Pawnee County",1,23,152,77,75
050,40,117,"Oklahoma","Pawnee County",1,24,152,78,74
050,40,117,"Oklahoma","Pawnee County",1,25,169,88,81
050,40,117,"Oklahoma","Pawnee County",1,26,189,103,86
050,40,117,"Oklahoma","Pawnee County",1,27,179,104,75
050,40,117,"Oklahoma","Pawnee County",1,28,171,84,87
050,40,117,"Oklahoma","Pawnee County",1,29,168,85,83
050,40,117,"Oklahoma","Pawnee County",1,30,178,89,89
050,40,117,"Oklahoma","Pawnee County",1,31,162,78,84
050,40,117,"Oklahoma","Pawnee County",1,32,180,92,88
050,40,117,"Oklahoma","Pawnee County",1,33,166,81,85
050,40,117,"Oklahoma","Pawnee County",1,34,164,74,90
050,40,117,"Oklahoma","Pawnee County",1,35,194,97,97
050,40,117,"Oklahoma","Pawnee County",1,36,161,87,74
050,40,117,"Oklahoma","Pawnee County",1,37,181,88,93
050,40,117,"Oklahoma","Pawnee County",1,38,182,94,88
050,40,117,"Oklahoma","Pawnee County",1,39,181,84,97
050,40,117,"Oklahoma","Pawnee County",1,40,175,87,88
050,40,117,"Oklahoma","Pawnee County",1,41,209,106,103
050,40,117,"Oklahoma","Pawnee County",1,42,193,100,93
050,40,117,"Oklahoma","Pawnee County",1,43,172,95,77
050,40,117,"Oklahoma","Pawnee County",1,44,181,97,84
050,40,117,"Oklahoma","Pawnee County",1,45,176,81,95
050,40,117,"Oklahoma","Pawnee County",1,46,165,84,81
050,40,117,"Oklahoma","Pawnee County",1,47,180,92,88
050,40,117,"Oklahoma","Pawnee County",1,48,210,101,109
050,40,117,"Oklahoma","Pawnee County",1,49,211,107,104
050,40,117,"Oklahoma","Pawnee County",1,50,193,97,96
050,40,117,"Oklahoma","Pawnee County",1,51,223,112,111
050,40,117,"Oklahoma","Pawnee County",1,52,197,97,100
050,40,117,"Oklahoma","Pawnee County",1,53,203,104,99
050,40,117,"Oklahoma","Pawnee County",1,54,229,123,106
050,40,117,"Oklahoma","Pawnee County",1,55,226,117,109
050,40,117,"Oklahoma","Pawnee County",1,56,215,102,113
050,40,117,"Oklahoma","Pawnee County",1,57,222,115,107
050,40,117,"Oklahoma","Pawnee County",1,58,226,118,108
050,40,117,"Oklahoma","Pawnee County",1,59,194,97,97
050,40,117,"Oklahoma","Pawnee County",1,60,200,100,100
050,40,117,"Oklahoma","Pawnee County",1,61,211,106,105
050,40,117,"Oklahoma","Pawnee County",1,62,230,118,112
050,40,117,"Oklahoma","Pawnee County",1,63,220,96,124
050,40,117,"Oklahoma","Pawnee County",1,64,242,118,124
050,40,117,"Oklahoma","Pawnee County",1,65,225,117,108
050,40,117,"Oklahoma","Pawnee County",1,66,198,103,95
050,40,117,"Oklahoma","Pawnee County",1,67,199,100,99
050,40,117,"Oklahoma","Pawnee County",1,68,185,81,104
050,40,117,"Oklahoma","Pawnee County",1,69,182,87,95
050,40,117,"Oklahoma","Pawnee County",1,70,167,82,85
050,40,117,"Oklahoma","Pawnee County",1,71,171,82,89
050,40,117,"Oklahoma","Pawnee County",1,72,175,83,92
050,40,117,"Oklahoma","Pawnee County",1,73,182,87,95
050,40,117,"Oklahoma","Pawnee County",1,74,130,62,68
050,40,117,"Oklahoma","Pawnee County",1,75,121,63,58
050,40,117,"Oklahoma","Pawnee County",1,76,103,48,55
050,40,117,"Oklahoma","Pawnee County",1,77,123,53,70
050,40,117,"Oklahoma","Pawnee County",1,78,125,52,73
050,40,117,"Oklahoma","Pawnee County",1,79,112,50,62
050,40,117,"Oklahoma","Pawnee County",1,80,102,52,50
050,40,117,"Oklahoma","Pawnee County",1,81,80,33,47
050,40,117,"Oklahoma","Pawnee County",1,82,67,33,34
050,40,117,"Oklahoma","Pawnee County",1,83,59,31,28
050,40,117,"Oklahoma","Pawnee County",1,84,64,31,33
050,40,117,"Oklahoma","Pawnee County",1,85,280,107,173
050,40,117,"Oklahoma","Pawnee County",2,0,174,88,86
050,40,117,"Oklahoma","Pawnee County",2,1,169,89,80
050,40,117,"Oklahoma","Pawnee County",2,2,185,102,83
050,40,117,"Oklahoma","Pawnee County",2,3,181,95,86
050,40,117,"Oklahoma","Pawnee County",2,4,183,84,99
050,40,117,"Oklahoma","Pawnee County",2,5,202,96,106
050,40,117,"Oklahoma","Pawnee County",2,6,201,96,105
050,40,117,"Oklahoma","Pawnee County",2,7,197,102,95
050,40,117,"Oklahoma","Pawnee County",2,8,188,101,87
050,40,117,"Oklahoma","Pawnee County",2,9,191,102,89
050,40,117,"Oklahoma","Pawnee County",2,10,212,114,98
050,40,117,"Oklahoma","Pawnee County",2,11,227,119,108
050,40,117,"Oklahoma","Pawnee County",2,12,224,114,110
050,40,117,"Oklahoma","Pawnee County",2,13,207,101,106
050,40,117,"Oklahoma","Pawnee County",2,14,222,118,104
050,40,117,"Oklahoma","Pawnee County",2,15,217,119,98
050,40,117,"Oklahoma","Pawnee County",2,16,222,118,104
050,40,117,"Oklahoma","Pawnee County",2,17,217,110,107
050,40,117,"Oklahoma","Pawnee County",2,18,178,90,88
050,40,117,"Oklahoma","Pawnee County",2,19,151,76,75
050,40,117,"Oklahoma","Pawnee County",2,20,159,79,80
050,40,117,"Oklahoma","Pawnee County",2,21,169,91,78
050,40,117,"Oklahoma","Pawnee County",2,22,170,85,85
050,40,117,"Oklahoma","Pawnee County",2,23,159,79,80
050,40,117,"Oklahoma","Pawnee County",2,24,155,80,75
050,40,117,"Oklahoma","Pawnee County",2,25,168,88,80
050,40,117,"Oklahoma","Pawnee County",2,26,185,99,86
050,40,117,"Oklahoma","Pawnee County",2,27,182,104,78
050,40,117,"Oklahoma","Pawnee County",2,28,176,91,85
050,40,117,"Oklahoma","Pawnee County",2,29,171,87,84
050,40,117,"Oklahoma","Pawnee County",2,30,175,87,88
050,40,117,"Oklahoma","Pawnee County",2,31,168,81,87
050,40,117,"Oklahoma","Pawnee County",2,32,178,88,90
050,40,117,"Oklahoma","Pawnee County",2,33,168,82,86
050,40,117,"Oklahoma","Pawnee County",2,34,169,78,91
050,40,117,"Oklahoma","Pawnee County",2,35,188,92,96
050,40,117,"Oklahoma","Pawnee County",2,36,168,89,79
050,40,117,"Oklahoma","Pawnee County",2,37,179,89,90
050,40,117,"Oklahoma","Pawnee County",2,38,183,93,90
050,40,117,"Oklahoma","Pawnee County",2,39,180,87,93
050,40,117,"Oklahoma","Pawnee County",2,40,178,88,90
050,40,117,"Oklahoma","Pawnee County",2,41,200,101,99
050,40,117,"Oklahoma","Pawnee County",2,42,194,101,93
050,40,117,"Oklahoma","Pawnee County",2,43,179,97,82
050,40,117,"Oklahoma","Pawnee County",2,44,177,95,82
050,40,117,"Oklahoma","Pawnee County",2,45,176,85,91
050,40,117,"Oklahoma","Pawnee County",2,46,170,85,85
050,40,117,"Oklahoma","Pawnee County",2,47,177,89,88
050,40,117,"Oklahoma","Pawnee County",2,48,207,101,106
050,40,117,"Oklahoma","Pawnee County",2,49,211,107,104
050,40,117,"Oklahoma","Pawnee County",2,50,199,100,99
050,40,117,"Oklahoma","Pawnee County",2,51,214,109,105
050,40,117,"Oklahoma","Pawnee County",2,52,201,99,102
050,40,117,"Oklahoma","Pawnee County",2,53,202,103,99
050,40,117,"Oklahoma","Pawnee County",2,54,222,117,105
050,40,117,"Oklahoma","Pawnee County",2,55,226,118,108
050,40,117,"Oklahoma","Pawnee County",2,56,220,107,113
050,40,117,"Oklahoma","Pawnee County",2,57,220,112,108
050,40,117,"Oklahoma","Pawnee County",2,58,225,116,109
050,40,117,"Oklahoma","Pawnee County",2,59,205,103,102
050,40,117,"Oklahoma","Pawnee County",2,60,197,98,99
050,40,117,"Oklahoma","Pawnee County",2,61,209,106,103
050,40,117,"Oklahoma","Pawnee County",2,62,222,114,108
050,40,117,"Oklahoma","Pawnee County",2,63,224,101,123
050,40,117,"Oklahoma","Pawnee County",2,64,236,111,125
050,40,117,"Oklahoma","Pawnee County",2,65,226,118,108
050,40,117,"Oklahoma","Pawnee County",2,66,205,106,99
050,40,117,"Oklahoma","Pawnee County",2,67,196,98,98
050,40,117,"Oklahoma","Pawnee County",2,68,189,86,103
050,40,117,"Oklahoma","Pawnee County",2,69,184,86,98
050,40,117,"Oklahoma","Pawnee County",2,70,171,84,87
050,40,117,"Oklahoma","Pawnee County",2,71,167,80,87
050,40,117,"Oklahoma","Pawnee County",2,72,166,79,87
050,40,117,"Oklahoma","Pawnee County",2,73,191,91,100
050,40,117,"Oklahoma","Pawnee County",2,74,133,62,71
050,40,117,"Oklahoma","Pawnee County",2,75,124,63,61
050,40,117,"Oklahoma","Pawnee County",2,76,104,50,54
050,40,117,"Oklahoma","Pawnee County",2,77,120,52,68
050,40,117,"Oklahoma","Pawnee County",2,78,122,52,70
050,40,117,"Oklahoma","Pawnee County",2,79,111,49,62
050,40,117,"Oklahoma","Pawnee County",2,80,103,52,51
050,40,117,"Oklahoma","Pawnee County",2,81,80,35,45
050,40,117,"Oklahoma","Pawnee County",2,82,70,33,37
050,40,117,"Oklahoma","Pawnee County",2,83,62,32,30
050,40,117,"Oklahoma","Pawnee County",2,84,64,31,33
050,40,117,"Oklahoma","Pawnee County",2,85,280,111,169
050,40,117,"Oklahoma","Pawnee County",3,0,149,72,77
050,40,117,"Oklahoma","Pawnee County",3,1,177,95,82
050,40,117,"Oklahoma","Pawnee County",3,2,157,83,74
050,40,117,"Oklahoma","Pawnee County",3,3,194,106,88
050,40,117,"Oklahoma","Pawnee County",3,4,187,97,90
050,40,117,"Oklahoma","Pawnee County",3,5,206,98,108
050,40,117,"Oklahoma","Pawnee County",3,6,210,105,105
050,40,117,"Oklahoma","Pawnee County",3,7,206,103,103
050,40,117,"Oklahoma","Pawnee County",3,8,203,100,103
050,40,117,"Oklahoma","Pawnee County",3,9,204,112,92
050,40,117,"Oklahoma","Pawnee County",3,10,199,113,86
050,40,117,"Oklahoma","Pawnee County",3,11,221,114,107
050,40,117,"Oklahoma","Pawnee County",3,12,248,132,116
050,40,117,"Oklahoma","Pawnee County",3,13,237,124,113
050,40,117,"Oklahoma","Pawnee County",3,14,215,106,109
050,40,117,"Oklahoma","Pawnee County",3,15,244,129,115
050,40,117,"Oklahoma","Pawnee County",3,16,226,118,108
050,40,117,"Oklahoma","Pawnee County",3,17,208,108,100
050,40,117,"Oklahoma","Pawnee County",3,18,201,103,98
050,40,117,"Oklahoma","Pawnee County",3,19,156,84,72
050,40,117,"Oklahoma","Pawnee County",3,20,152,74,78
050,40,117,"Oklahoma","Pawnee County",3,21,171,88,83
050,40,117,"Oklahoma","Pawnee County",3,22,171,92,79
050,40,117,"Oklahoma","Pawnee County",3,23,173,90,83
050,40,117,"Oklahoma","Pawnee County",3,24,155,82,73
050,40,117,"Oklahoma","Pawnee County",3,25,155,85,70
050,40,117,"Oklahoma","Pawnee County",3,26,165,88,77
050,40,117,"Oklahoma","Pawnee County",3,27,192,103,89
050,40,117,"Oklahoma","Pawnee County",3,28,183,107,76
050,40,117,"Oklahoma","Pawnee County",3,29,173,88,85
050,40,117,"Oklahoma","Pawnee County",3,30,179,87,92
050,40,117,"Oklahoma","Pawnee County",3,31,179,89,90
050,40,117,"Oklahoma","Pawnee County",3,32,178,88,90
050,40,117,"Oklahoma","Pawnee County",3,33,170,82,88
050,40,117,"Oklahoma","Pawnee County",3,34,178,88,90
050,40,117,"Oklahoma","Pawnee County",3,35,178,77,101
050,40,117,"Oklahoma","Pawnee County",3,36,182,85,97
050,40,117,"Oklahoma","Pawnee County",3,37,177,98,79
050,40,117,"Oklahoma","Pawnee County",3,38,189,96,93
050,40,117,"Oklahoma","Pawnee County",3,39,204,100,104
050,40,117,"Oklahoma","Pawnee County",3,40,176,88,88
050,40,117,"Oklahoma","Pawnee County",3,41,191,100,91
050,40,117,"Oklahoma","Pawnee County",3,42,192,100,92
050,40,117,"Oklahoma","Pawnee County",3,43,190,98,92
050,40,117,"Oklahoma","Pawnee County",3,44,185,100,85
050,40,117,"Oklahoma","Pawnee County",3,45,171,89,82
050,40,117,"Oklahoma","Pawnee County",3,46,189,96,93
050,40,117,"Oklahoma","Pawnee County",3,47,166,82,84
050,40,117,"Oklahoma","Pawnee County",3,48,192,99,93
050,40,117,"Oklahoma","Pawnee County",3,49,208,93,115
050,40,117,"Oklahoma","Pawnee County",3,50,209,108,101
050,40,117,"Oklahoma","Pawnee County",3,51,209,108,101
050,40,117,"Oklahoma","Pawnee County",3,52,210,105,105
050,40,117,"Oklahoma","Pawnee County",3,53,208,107,101
050,40,117,"Oklahoma","Pawnee County",3,54,204,109,95
050,40,117,"Oklahoma","Pawnee County",3,55,224,116,108
050,40,117,"Oklahoma","Pawnee County",3,56,225,117,108
050,40,117,"Oklahoma","Pawnee County",3,57,207,100,107
050,40,117,"Oklahoma","Pawnee County",3,58,224,113,111
050,40,117,"Oklahoma","Pawnee County",3,59,232,123,109
050,40,117,"Oklahoma","Pawnee County",3,60,193,100,93
050,40,117,"Oklahoma","Pawnee County",3,61,195,98,97
050,40,117,"Oklahoma","Pawnee County",3,62,204,101,103
050,40,117,"Oklahoma","Pawnee County",3,63,214,106,108
050,40,117,"Oklahoma","Pawnee County",3,64,226,100,126
050,40,117,"Oklahoma","Pawnee County",3,65,225,111,114
050,40,117,"Oklahoma","Pawnee County",3,66,222,116,106
050,40,117,"Oklahoma","Pawnee County",3,67,196,97,99
050,40,117,"Oklahoma","Pawnee County",3,68,190,94,96
050,40,117,"Oklahoma","Pawnee County",3,69,186,84,102
050,40,117,"Oklahoma","Pawnee County",3,70,177,84,93
050,40,117,"Oklahoma","Pawnee County",3,71,158,77,81
050,40,117,"Oklahoma","Pawnee County",3,72,167,81,86
050,40,117,"Oklahoma","Pawnee County",3,73,157,75,82
050,40,117,"Oklahoma","Pawnee County",3,74,183,80,103
050,40,117,"Oklahoma","Pawnee County",3,75,127,61,66
050,40,117,"Oklahoma","Pawnee County",3,76,122,62,60
050,40,117,"Oklahoma","Pawnee County",3,77,101,46,55
050,40,117,"Oklahoma","Pawnee County",3,78,107,48,59
050,40,117,"Oklahoma","Pawnee County",3,79,115,47,68
050,40,117,"Oklahoma","Pawnee County",3,80,104,46,58
050,40,117,"Oklahoma","Pawnee County",3,81,91,46,45
050,40,117,"Oklahoma","Pawnee County",3,82,78,35,43
050,40,117,"Oklahoma","Pawnee County",3,83,64,24,40
050,40,117,"Oklahoma","Pawnee County",3,84,65,30,35
050,40,117,"Oklahoma","Pawnee County",3,85,276,111,165
050,40,117,"Oklahoma","Pawnee County",4,0,160,74,86
050,40,117,"Oklahoma","Pawnee County",4,1,164,82,82
050,40,117,"Oklahoma","Pawnee County",4,2,184,94,90
050,40,117,"Oklahoma","Pawnee County",4,3,168,91,77
050,40,117,"Oklahoma","Pawnee County",4,4,183,100,83
050,40,117,"Oklahoma","Pawnee County",4,5,192,106,86
050,40,117,"Oklahoma","Pawnee County",4,6,216,108,108
050,40,117,"Oklahoma","Pawnee County",4,7,214,107,107
050,40,117,"Oklahoma","Pawnee County",4,8,220,108,112
050,40,117,"Oklahoma","Pawnee County",4,9,199,100,99
050,40,117,"Oklahoma","Pawnee County",4,10,204,116,88
050,40,117,"Oklahoma","Pawnee County",4,11,204,121,83
050,40,117,"Oklahoma","Pawnee County",4,12,211,112,99
050,40,117,"Oklahoma","Pawnee County",4,13,249,126,123
050,40,117,"Oklahoma","Pawnee County",4,14,242,125,117
050,40,117,"Oklahoma","Pawnee County",4,15,216,106,110
050,40,117,"Oklahoma","Pawnee County",4,16,241,130,111
050,40,117,"Oklahoma","Pawnee County",4,17,214,113,101
050,40,117,"Oklahoma","Pawnee County",4,18,180,94,86
050,40,117,"Oklahoma","Pawnee County",4,19,147,79,68
050,40,117,"Oklahoma","Pawnee County",4,20,151,83,68
050,40,117,"Oklahoma","Pawnee County",4,21,155,76,79
050,40,117,"Oklahoma","Pawnee County",4,22,171,91,80
050,40,117,"Oklahoma","Pawnee County",4,23,181,91,90
050,40,117,"Oklahoma","Pawnee County",4,24,178,96,82
050,40,117,"Oklahoma","Pawnee County",4,25,158,80,78
050,40,117,"Oklahoma","Pawnee County",4,26,182,93,89
050,40,117,"Oklahoma","Pawnee County",4,27,177,92,85
050,40,117,"Oklahoma","Pawnee County",4,28,183,105,78
050,40,117,"Oklahoma","Pawnee County",4,29,196,108,88
050,40,117,"Oklahoma","Pawnee County",4,30,172,92,80
050,40,117,"Oklahoma","Pawnee County",4,31,188,91,97
050,40,117,"Oklahoma","Pawnee County",4,32,182,90,92
050,40,117,"Oklahoma","Pawnee County",4,33,167,81,86
050,40,117,"Oklahoma","Pawnee County",4,34,171,86,85
050,40,117,"Oklahoma","Pawnee County",4,35,193,100,93
050,40,117,"Oklahoma","Pawnee County",4,36,175,74,101
050,40,117,"Oklahoma","Pawnee County",4,37,183,88,95
050,40,117,"Oklahoma","Pawnee County",4,38,171,91,80
050,40,117,"Oklahoma","Pawnee County",4,39,192,98,94
050,40,117,"Oklahoma","Pawnee County",4,40,208,100,108
050,40,117,"Oklahoma","Pawnee County",4,41,186,86,100
050,40,117,"Oklahoma","Pawnee County",4,42,187,96,91
050,40,117,"Oklahoma","Pawnee County",4,43,183,93,90
050,40,117,"Oklahoma","Pawnee County",4,44,193,100,93
050,40,117,"Oklahoma","Pawnee County",4,45,194,105,89
050,40,117,"Oklahoma","Pawnee County",4,46,178,95,83
050,40,117,"Oklahoma","Pawnee County",4,47,196,100,96
050,40,117,"Oklahoma","Pawnee County",4,48,164,83,81
050,40,117,"Oklahoma","Pawnee County",4,49,167,87,80
050,40,117,"Oklahoma","Pawnee County",4,50,211,95,116
050,40,117,"Oklahoma","Pawnee County",4,51,207,108,99
050,40,117,"Oklahoma","Pawnee County",4,52,207,101,106
050,40,117,"Oklahoma","Pawnee County",4,53,208,106,102
050,40,117,"Oklahoma","Pawnee County",4,54,204,104,100
050,40,117,"Oklahoma","Pawnee County",4,55,199,104,95
050,40,117,"Oklahoma","Pawnee County",4,56,231,122,109
050,40,117,"Oklahoma","Pawnee County",4,57,211,106,105
050,40,117,"Oklahoma","Pawnee County",4,58,211,107,104
050,40,117,"Oklahoma","Pawnee County",4,59,214,116,98
050,40,117,"Oklahoma","Pawnee County",4,60,218,114,104
050,40,117,"Oklahoma","Pawnee County",4,61,184,92,92
050,40,117,"Oklahoma","Pawnee County",4,62,185,91,94
050,40,117,"Oklahoma","Pawnee County",4,63,207,99,108
050,40,117,"Oklahoma","Pawnee County",4,64,216,101,115
050,40,117,"Oklahoma","Pawnee County",4,65,224,100,124
050,40,117,"Oklahoma","Pawnee County",4,66,218,107,111
050,40,117,"Oklahoma","Pawnee County",4,67,218,112,106
050,40,117,"Oklahoma","Pawnee County",4,68,199,101,98
050,40,117,"Oklahoma","Pawnee County",4,69,185,91,94
050,40,117,"Oklahoma","Pawnee County",4,70,185,83,102
050,40,117,"Oklahoma","Pawnee County",4,71,164,78,86
050,40,117,"Oklahoma","Pawnee County",4,72,161,79,82
050,40,117,"Oklahoma","Pawnee County",4,73,161,76,85
050,40,117,"Oklahoma","Pawnee County",4,74,143,64,79
050,40,117,"Oklahoma","Pawnee County",4,75,173,83,90
050,40,117,"Oklahoma","Pawnee County",4,76,117,56,61
050,40,117,"Oklahoma","Pawnee County",4,77,123,60,63
050,40,117,"Oklahoma","Pawnee County",4,78,91,44,47
050,40,117,"Oklahoma","Pawnee County",4,79,104,41,63
050,40,117,"Oklahoma","Pawnee County",4,80,112,46,66
050,40,117,"Oklahoma","Pawnee County",4,81,94,39,55
050,40,117,"Oklahoma","Pawnee County",4,82,85,45,40
050,40,117,"Oklahoma","Pawnee County",4,83,76,31,45
050,40,117,"Oklahoma","Pawnee County",4,84,64,20,44
050,40,117,"Oklahoma","Pawnee County",4,85,281,116,165
050,40,117,"Oklahoma","Pawnee County",5,0,161,74,87
050,40,117,"Oklahoma","Pawnee County",5,1,167,75,92
050,40,117,"Oklahoma","Pawnee County",5,2,154,73,81
050,40,117,"Oklahoma","Pawnee County",5,3,188,97,91
050,40,117,"Oklahoma","Pawnee County",5,4,183,96,87
050,40,117,"Oklahoma","Pawnee County",5,5,201,115,86
050,40,117,"Oklahoma","Pawnee County",5,6,193,106,87
050,40,117,"Oklahoma","Pawnee County",5,7,229,116,113
050,40,117,"Oklahoma","Pawnee County",5,8,228,123,105
050,40,117,"Oklahoma","Pawnee County",5,9,222,115,107
050,40,117,"Oklahoma","Pawnee County",5,10,205,102,103
050,40,117,"Oklahoma","Pawnee County",5,11,214,117,97
050,40,117,"Oklahoma","Pawnee County",5,12,217,122,95
050,40,117,"Oklahoma","Pawnee County",5,13,217,116,101
050,40,117,"Oklahoma","Pawnee County",5,14,241,125,116
050,40,117,"Oklahoma","Pawnee County",5,15,254,128,126
050,40,117,"Oklahoma","Pawnee County",5,16,218,115,103
050,40,117,"Oklahoma","Pawnee County",5,17,262,136,126
050,40,117,"Oklahoma","Pawnee County",5,18,190,97,93
050,40,117,"Oklahoma","Pawnee County",5,19,145,79,66
050,40,117,"Oklahoma","Pawnee County",5,20,157,84,73
050,40,117,"Oklahoma","Pawnee County",5,21,161,84,77
050,40,117,"Oklahoma","Pawnee County",5,22,159,75,84
050,40,117,"Oklahoma","Pawnee County",5,23,193,96,97
050,40,117,"Oklahoma","Pawnee County",5,24,179,91,88
050,40,117,"Oklahoma","Pawnee County",5,25,169,83,86
050,40,117,"Oklahoma","Pawnee County",5,26,154,73,81
050,40,117,"Oklahoma","Pawnee County",5,27,178,90,88
050,40,117,"Oklahoma","Pawnee County",5,28,173,91,82
050,40,117,"Oklahoma","Pawnee County",5,29,185,106,79
050,40,117,"Oklahoma","Pawnee County",5,30,193,105,88
050,40,117,"Oklahoma","Pawnee County",5,31,192,102,90
050,40,117,"Oklahoma","Pawnee County",5,32,195,97,98
050,40,117,"Oklahoma","Pawnee County",5,33,187,95,92
050,40,117,"Oklahoma","Pawnee County",5,34,178,93,85
050,40,117,"Oklahoma","Pawnee County",5,35,180,89,91
050,40,117,"Oklahoma","Pawnee County",5,36,199,103,96
050,40,117,"Oklahoma","Pawnee County",5,37,178,75,103
050,40,117,"Oklahoma","Pawnee County",5,38,191,92,99
050,40,117,"Oklahoma","Pawnee County",5,39,183,97,86
050,40,117,"Oklahoma","Pawnee County",5,40,202,98,104
050,40,117,"Oklahoma","Pawnee County",5,41,213,100,113
050,40,117,"Oklahoma","Pawnee County",5,42,191,90,101
050,40,117,"Oklahoma","Pawnee County",5,43,194,101,93
050,40,117,"Oklahoma","Pawnee County",5,44,185,100,85
050,40,117,"Oklahoma","Pawnee County",5,45,202,102,100
050,40,117,"Oklahoma","Pawnee County",5,46,188,99,89
050,40,117,"Oklahoma","Pawnee County",5,47,169,86,83
050,40,117,"Oklahoma","Pawnee County",5,48,200,101,99
050,40,117,"Oklahoma","Pawnee County",5,49,170,83,87
050,40,117,"Oklahoma","Pawnee County",5,50,170,90,80
050,40,117,"Oklahoma","Pawnee County",5,51,218,100,118
050,40,117,"Oklahoma","Pawnee County",5,52,209,106,103
050,40,117,"Oklahoma","Pawnee County",5,53,208,106,102
050,40,117,"Oklahoma","Pawnee County",5,54,219,112,107
050,40,117,"Oklahoma","Pawnee County",5,55,201,101,100
050,40,117,"Oklahoma","Pawnee County",5,56,197,105,92
050,40,117,"Oklahoma","Pawnee County",5,57,228,122,106
050,40,117,"Oklahoma","Pawnee County",5,58,215,110,105
050,40,117,"Oklahoma","Pawnee County",5,59,209,104,105
050,40,117,"Oklahoma","Pawnee County",5,60,201,111,90
050,40,117,"Oklahoma","Pawnee County",5,61,221,116,105
050,40,117,"Oklahoma","Pawnee County",5,62,177,85,92
050,40,117,"Oklahoma","Pawnee County",5,63,182,87,95
050,40,117,"Oklahoma","Pawnee County",5,64,207,97,110
050,40,117,"Oklahoma","Pawnee County",5,65,214,103,111
050,40,117,"Oklahoma","Pawnee County",5,66,220,97,123
050,40,117,"Oklahoma","Pawnee County",5,67,211,101,110
050,40,117,"Oklahoma","Pawnee County",5,68,208,106,102
050,40,117,"Oklahoma","Pawnee County",5,69,193,101,92
050,40,117,"Oklahoma","Pawnee County",5,70,176,87,89
050,40,117,"Oklahoma","Pawnee County",5,71,178,79,99
050,40,117,"Oklahoma","Pawnee County",5,72,168,80,88
050,40,117,"Oklahoma","Pawnee County",5,73,151,73,78
050,40,117,"Oklahoma","Pawnee County",5,74,155,70,85
050,40,117,"Oklahoma","Pawnee County",5,75,139,64,75
050,40,117,"Oklahoma","Pawnee County",5,76,165,80,85
050,40,117,"Oklahoma","Pawnee County",5,77,112,52,60
050,40,117,"Oklahoma","Pawnee County",5,78,114,56,58
050,40,117,"Oklahoma","Pawnee County",5,79,86,37,49
050,40,117,"Oklahoma","Pawnee County",5,80,93,36,57
050,40,117,"Oklahoma","Pawnee County",5,81,98,37,61
050,40,117,"Oklahoma","Pawnee County",5,82,88,39,49
050,40,117,"Oklahoma","Pawnee County",5,83,81,41,40
050,40,117,"Oklahoma","Pawnee County",5,84,73,24,49
050,40,117,"Oklahoma","Pawnee County",5,85,292,117,175
050,40,119,"Oklahoma","Payne County",1,0,805,412,393
050,40,119,"Oklahoma","Payne County",1,1,774,396,378
050,40,119,"Oklahoma","Payne County",1,2,749,382,367
050,40,119,"Oklahoma","Payne County",1,3,807,399,408
050,40,119,"Oklahoma","Payne County",1,4,838,435,403
050,40,119,"Oklahoma","Payne County",1,5,834,409,425
050,40,119,"Oklahoma","Payne County",1,6,854,420,434
050,40,119,"Oklahoma","Payne County",1,7,880,474,406
050,40,119,"Oklahoma","Payne County",1,8,865,434,431
050,40,119,"Oklahoma","Payne County",1,9,889,440,449
050,40,119,"Oklahoma","Payne County",1,10,886,432,454
050,40,119,"Oklahoma","Payne County",1,11,906,465,441
050,40,119,"Oklahoma","Payne County",1,12,906,487,419
050,40,119,"Oklahoma","Payne County",1,13,873,451,422
050,40,119,"Oklahoma","Payne County",1,14,901,473,428
050,40,119,"Oklahoma","Payne County",1,15,915,508,407
050,40,119,"Oklahoma","Payne County",1,16,918,473,445
050,40,119,"Oklahoma","Payne County",1,17,883,483,400
050,40,119,"Oklahoma","Payne County",1,18,1858,851,1007
050,40,119,"Oklahoma","Payne County",1,19,3823,1870,1953
050,40,119,"Oklahoma","Payne County",1,20,3741,1847,1894
050,40,119,"Oklahoma","Payne County",1,21,3901,2012,1889
050,40,119,"Oklahoma","Payne County",1,22,3678,2156,1522
050,40,119,"Oklahoma","Payne County",1,23,2978,1760,1218
050,40,119,"Oklahoma","Payne County",1,24,2145,1234,911
050,40,119,"Oklahoma","Payne County",1,25,1558,908,650
050,40,119,"Oklahoma","Payne County",1,26,1210,659,551
050,40,119,"Oklahoma","Payne County",1,27,1157,656,501
050,40,119,"Oklahoma","Payne County",1,28,1130,614,516
050,40,119,"Oklahoma","Payne County",1,29,1076,599,477
050,40,119,"Oklahoma","Payne County",1,30,996,550,446
050,40,119,"Oklahoma","Payne County",1,31,930,537,393
050,40,119,"Oklahoma","Payne County",1,32,870,483,387
050,40,119,"Oklahoma","Payne County",1,33,945,514,431
050,40,119,"Oklahoma","Payne County",1,34,945,484,461
050,40,119,"Oklahoma","Payne County",1,35,895,468,427
050,40,119,"Oklahoma","Payne County",1,36,926,488,438
050,40,119,"Oklahoma","Payne County",1,37,1002,491,511
050,40,119,"Oklahoma","Payne County",1,38,955,495,460
050,40,119,"Oklahoma","Payne County",1,39,917,489,428
050,40,119,"Oklahoma","Payne County",1,40,859,452,407
050,40,119,"Oklahoma","Payne County",1,41,805,417,388
050,40,119,"Oklahoma","Payne County",1,42,796,434,362
050,40,119,"Oklahoma","Payne County",1,43,777,432,345
050,40,119,"Oklahoma","Payne County",1,44,759,392,367
050,40,119,"Oklahoma","Payne County",1,45,790,421,369
050,40,119,"Oklahoma","Payne County",1,46,731,386,345
050,40,119,"Oklahoma","Payne County",1,47,671,342,329
050,40,119,"Oklahoma","Payne County",1,48,708,372,336
050,40,119,"Oklahoma","Payne County",1,49,737,378,359
050,40,119,"Oklahoma","Payne County",1,50,681,372,309
050,40,119,"Oklahoma","Payne County",1,51,639,334,305
050,40,119,"Oklahoma","Payne County",1,52,646,337,309
050,40,119,"Oklahoma","Payne County",1,53,605,317,288
050,40,119,"Oklahoma","Payne County",1,54,644,330,314
050,40,119,"Oklahoma","Payne County",1,55,712,345,367
050,40,119,"Oklahoma","Payne County",1,56,759,359,400
050,40,119,"Oklahoma","Payne County",1,57,760,363,397
050,40,119,"Oklahoma","Payne County",1,58,771,372,399
050,40,119,"Oklahoma","Payne County",1,59,792,396,396
050,40,119,"Oklahoma","Payne County",1,60,767,376,391
050,40,119,"Oklahoma","Payne County",1,61,740,363,377
050,40,119,"Oklahoma","Payne County",1,62,753,388,365
050,40,119,"Oklahoma","Payne County",1,63,716,374,342
050,40,119,"Oklahoma","Payne County",1,64,725,354,371
050,40,119,"Oklahoma","Payne County",1,65,696,314,382
050,40,119,"Oklahoma","Payne County",1,66,712,335,377
050,40,119,"Oklahoma","Payne County",1,67,702,335,367
050,40,119,"Oklahoma","Payne County",1,68,621,302,319
050,40,119,"Oklahoma","Payne County",1,69,564,261,303
050,40,119,"Oklahoma","Payne County",1,70,542,257,285
050,40,119,"Oklahoma","Payne County",1,71,535,251,284
050,40,119,"Oklahoma","Payne County",1,72,537,258,279
050,40,119,"Oklahoma","Payne County",1,73,561,264,297
050,40,119,"Oklahoma","Payne County",1,74,401,178,223
050,40,119,"Oklahoma","Payne County",1,75,441,207,234
050,40,119,"Oklahoma","Payne County",1,76,395,166,229
050,40,119,"Oklahoma","Payne County",1,77,370,169,201
050,40,119,"Oklahoma","Payne County",1,78,343,146,197
050,40,119,"Oklahoma","Payne County",1,79,309,129,180
050,40,119,"Oklahoma","Payne County",1,80,298,131,167
050,40,119,"Oklahoma","Payne County",1,81,281,124,157
050,40,119,"Oklahoma","Payne County",1,82,250,106,144
050,40,119,"Oklahoma","Payne County",1,83,206,79,127
050,40,119,"Oklahoma","Payne County",1,84,211,85,126
050,40,119,"Oklahoma","Payne County",1,85,1210,486,724
050,40,119,"Oklahoma","Payne County",2,0,783,399,384
050,40,119,"Oklahoma","Payne County",2,1,777,399,378
050,40,119,"Oklahoma","Payne County",2,2,750,383,367
050,40,119,"Oklahoma","Payne County",2,3,786,392,394
050,40,119,"Oklahoma","Payne County",2,4,835,427,408
050,40,119,"Oklahoma","Payne County",2,5,839,416,423
050,40,119,"Oklahoma","Payne County",2,6,852,420,432
050,40,119,"Oklahoma","Payne County",2,7,876,462,414
050,40,119,"Oklahoma","Payne County",2,8,869,443,426
050,40,119,"Oklahoma","Payne County",2,9,884,437,447
050,40,119,"Oklahoma","Payne County",2,10,880,429,451
050,40,119,"Oklahoma","Payne County",2,11,893,453,440
050,40,119,"Oklahoma","Payne County",2,12,909,482,427
050,40,119,"Oklahoma","Payne County",2,13,878,457,421
050,40,119,"Oklahoma","Payne County",2,14,900,472,428
050,40,119,"Oklahoma","Payne County",2,15,913,501,412
050,40,119,"Oklahoma","Payne County",2,16,918,483,435
050,40,119,"Oklahoma","Payne County",2,17,895,483,412
050,40,119,"Oklahoma","Payne County",2,18,1864,855,1009
050,40,119,"Oklahoma","Payne County",2,19,3823,1871,1952
050,40,119,"Oklahoma","Payne County",2,20,3758,1850,1908
050,40,119,"Oklahoma","Payne County",2,21,3909,2030,1879
050,40,119,"Oklahoma","Payne County",2,22,3654,2134,1520
050,40,119,"Oklahoma","Payne County",2,23,2964,1747,1217
050,40,119,"Oklahoma","Payne County",2,24,2138,1236,902
050,40,119,"Oklahoma","Payne County",2,25,1554,896,658
050,40,119,"Oklahoma","Payne County",2,26,1202,660,542
050,40,119,"Oklahoma","Payne County",2,27,1148,643,505
050,40,119,"Oklahoma","Payne County",2,28,1113,609,504
050,40,119,"Oklahoma","Payne County",2,29,1081,597,484
050,40,119,"Oklahoma","Payne County",2,30,1013,557,456
050,40,119,"Oklahoma","Payne County",2,31,931,535,396
050,40,119,"Oklahoma","Payne County",2,32,878,486,392
050,40,119,"Oklahoma","Payne County",2,33,927,506,421
050,40,119,"Oklahoma","Payne County",2,34,933,486,447
050,40,119,"Oklahoma","Payne County",2,35,906,473,433
050,40,119,"Oklahoma","Payne County",2,36,918,486,432
050,40,119,"Oklahoma","Payne County",2,37,983,488,495
050,40,119,"Oklahoma","Payne County",2,38,974,498,476
050,40,119,"Oklahoma","Payne County",2,39,921,487,434
050,40,119,"Oklahoma","Payne County",2,40,870,461,409
050,40,119,"Oklahoma","Payne County",2,41,818,424,394
050,40,119,"Oklahoma","Payne County",2,42,796,427,369
050,40,119,"Oklahoma","Payne County",2,43,784,433,351
050,40,119,"Oklahoma","Payne County",2,44,749,391,358
050,40,119,"Oklahoma","Payne County",2,45,788,419,369
050,40,119,"Oklahoma","Payne County",2,46,743,393,350
050,40,119,"Oklahoma","Payne County",2,47,679,346,333
050,40,119,"Oklahoma","Payne County",2,48,701,365,336
050,40,119,"Oklahoma","Payne County",2,49,731,377,354
050,40,119,"Oklahoma","Payne County",2,50,693,368,325
050,40,119,"Oklahoma","Payne County",2,51,643,342,301
050,40,119,"Oklahoma","Payne County",2,52,640,334,306
050,40,119,"Oklahoma","Payne County",2,53,614,321,293
050,40,119,"Oklahoma","Payne County",2,54,636,331,305
050,40,119,"Oklahoma","Payne County",2,55,691,339,352
050,40,119,"Oklahoma","Payne County",2,56,741,351,390
050,40,119,"Oklahoma","Payne County",2,57,762,364,398
050,40,119,"Oklahoma","Payne County",2,58,767,367,400
050,40,119,"Oklahoma","Payne County",2,59,792,395,397
050,40,119,"Oklahoma","Payne County",2,60,769,380,389
050,40,119,"Oklahoma","Payne County",2,61,741,363,378
050,40,119,"Oklahoma","Payne County",2,62,746,381,365
050,40,119,"Oklahoma","Payne County",2,63,728,379,349
050,40,119,"Oklahoma","Payne County",2,64,721,355,366
050,40,119,"Oklahoma","Payne County",2,65,705,324,381
050,40,119,"Oklahoma","Payne County",2,66,710,331,379
050,40,119,"Oklahoma","Payne County",2,67,701,333,368
050,40,119,"Oklahoma","Payne County",2,68,634,306,328
050,40,119,"Oklahoma","Payne County",2,69,580,272,308
050,40,119,"Oklahoma","Payne County",2,70,542,255,287
050,40,119,"Oklahoma","Payne County",2,71,538,254,284
050,40,119,"Oklahoma","Payne County",2,72,525,250,275
050,40,119,"Oklahoma","Payne County",2,73,583,277,306
050,40,119,"Oklahoma","Payne County",2,74,411,184,227
050,40,119,"Oklahoma","Payne County",2,75,428,198,230
050,40,119,"Oklahoma","Payne County",2,76,401,174,227
050,40,119,"Oklahoma","Payne County",2,77,384,173,211
050,40,119,"Oklahoma","Payne County",2,78,343,148,195
050,40,119,"Oklahoma","Payne County",2,79,312,130,182
050,40,119,"Oklahoma","Payne County",2,80,298,129,169
050,40,119,"Oklahoma","Payne County",2,81,283,125,158
050,40,119,"Oklahoma","Payne County",2,82,258,106,152
050,40,119,"Oklahoma","Payne County",2,83,211,82,129
050,40,119,"Oklahoma","Payne County",2,84,209,82,127
050,40,119,"Oklahoma","Payne County",2,85,1220,489,731
050,40,119,"Oklahoma","Payne County",3,0,723,361,362
050,40,119,"Oklahoma","Payne County",3,1,813,408,405
050,40,119,"Oklahoma","Payne County",3,2,796,404,392
050,40,119,"Oklahoma","Payne County",3,3,765,370,395
050,40,119,"Oklahoma","Payne County",3,4,781,397,384
050,40,119,"Oklahoma","Payne County",3,5,811,404,407
050,40,119,"Oklahoma","Payne County",3,6,850,437,413
050,40,119,"Oklahoma","Payne County",3,7,850,416,434
050,40,119,"Oklahoma","Payne County",3,8,889,455,434
050,40,119,"Oklahoma","Payne County",3,9,869,433,436
050,40,119,"Oklahoma","Payne County",3,10,859,413,446
050,40,119,"Oklahoma","Payne County",3,11,848,403,445
050,40,119,"Oklahoma","Payne County",3,12,883,452,431
050,40,119,"Oklahoma","Payne County",3,13,878,459,419
050,40,119,"Oklahoma","Payne County",3,14,888,473,415
050,40,119,"Oklahoma","Payne County",3,15,898,467,431
050,40,119,"Oklahoma","Payne County",3,16,916,508,408
050,40,119,"Oklahoma","Payne County",3,17,947,497,450
050,40,119,"Oklahoma","Payne County",3,18,1913,878,1035
050,40,119,"Oklahoma","Payne County",3,19,3874,1900,1974
050,40,119,"Oklahoma","Payne County",3,20,3797,1880,1917
050,40,119,"Oklahoma","Payne County",3,21,4034,2120,1914
050,40,119,"Oklahoma","Payne County",3,22,3687,2130,1557
050,40,119,"Oklahoma","Payne County",3,23,2962,1733,1229
050,40,119,"Oklahoma","Payne County",3,24,2173,1237,936
050,40,119,"Oklahoma","Payne County",3,25,1523,856,667
050,40,119,"Oklahoma","Payne County",3,26,1215,684,531
050,40,119,"Oklahoma","Payne County",3,27,1125,632,493
050,40,119,"Oklahoma","Payne County",3,28,1047,572,475
050,40,119,"Oklahoma","Payne County",3,29,1108,631,477
050,40,119,"Oklahoma","Payne County",3,30,1060,576,484
050,40,119,"Oklahoma","Payne County",3,31,984,544,440
050,40,119,"Oklahoma","Payne County",3,32,917,494,423
050,40,119,"Oklahoma","Payne County",3,33,896,506,390
050,40,119,"Oklahoma","Payne County",3,34,879,472,407
050,40,119,"Oklahoma","Payne County",3,35,910,463,447
050,40,119,"Oklahoma","Payne County",3,36,925,487,438
050,40,119,"Oklahoma","Payne County",3,37,907,478,429
050,40,119,"Oklahoma","Payne County",3,38,981,478,503
050,40,119,"Oklahoma","Payne County",3,39,960,497,463
050,40,119,"Oklahoma","Payne County",3,40,892,477,415
050,40,119,"Oklahoma","Payne County",3,41,857,442,415
050,40,119,"Oklahoma","Payne County",3,42,848,451,397
050,40,119,"Oklahoma","Payne County",3,43,823,444,379
050,40,119,"Oklahoma","Payne County",3,44,770,413,357
050,40,119,"Oklahoma","Payne County",3,45,755,404,351
050,40,119,"Oklahoma","Payne County",3,46,782,407,375
050,40,119,"Oklahoma","Payne County",3,47,713,371,342
050,40,119,"Oklahoma","Payne County",3,48,699,356,343
050,40,119,"Oklahoma","Payne County",3,49,691,357,334
050,40,119,"Oklahoma","Payne County",3,50,739,373,366
050,40,119,"Oklahoma","Payne County",3,51,687,362,325
050,40,119,"Oklahoma","Payne County",3,52,640,346,294
050,40,119,"Oklahoma","Payne County",3,53,632,322,310
050,40,119,"Oklahoma","Payne County",3,54,616,334,282
050,40,119,"Oklahoma","Payne County",3,55,641,330,311
050,40,119,"Oklahoma","Payne County",3,56,666,320,346
050,40,119,"Oklahoma","Payne County",3,57,732,354,378
050,40,119,"Oklahoma","Payne County",3,58,753,348,405
050,40,119,"Oklahoma","Payne County",3,59,756,359,397
050,40,119,"Oklahoma","Payne County",3,60,785,397,388
050,40,119,"Oklahoma","Payne County",3,61,751,365,386
050,40,119,"Oklahoma","Payne County",3,62,745,361,384
050,40,119,"Oklahoma","Payne County",3,63,760,392,368
050,40,119,"Oklahoma","Payne County",3,64,729,374,355
050,40,119,"Oklahoma","Payne County",3,65,717,354,363
050,40,119,"Oklahoma","Payne County",3,66,695,317,378
050,40,119,"Oklahoma","Payne County",3,67,682,312,370
050,40,119,"Oklahoma","Payne County",3,68,700,322,378
050,40,119,"Oklahoma","Payne County",3,69,624,298,326
050,40,119,"Oklahoma","Payne County",3,70,571,272,299
050,40,119,"Oklahoma","Payne County",3,71,538,261,277
050,40,119,"Oklahoma","Payne County",3,72,523,239,284
050,40,119,"Oklahoma","Payne County",3,73,521,249,272
050,40,119,"Oklahoma","Payne County",3,74,572,268,304
050,40,119,"Oklahoma","Payne County",3,75,393,175,218
050,40,119,"Oklahoma","Payne County",3,76,416,191,225
050,40,119,"Oklahoma","Payne County",3,77,393,175,218
050,40,119,"Oklahoma","Payne County",3,78,367,161,206
050,40,119,"Oklahoma","Payne County",3,79,325,135,190
050,40,119,"Oklahoma","Payne County",3,80,289,120,169
050,40,119,"Oklahoma","Payne County",3,81,291,131,160
050,40,119,"Oklahoma","Payne County",3,82,269,107,162
050,40,119,"Oklahoma","Payne County",3,83,239,106,133
050,40,119,"Oklahoma","Payne County",3,84,193,73,120
050,40,119,"Oklahoma","Payne County",3,85,1242,495,747
050,40,119,"Oklahoma","Payne County",4,0,754,385,369
050,40,119,"Oklahoma","Payne County",4,1,726,353,373
050,40,119,"Oklahoma","Payne County",4,2,841,421,420
050,40,119,"Oklahoma","Payne County",4,3,843,432,411
050,40,119,"Oklahoma","Payne County",4,4,785,370,415
050,40,119,"Oklahoma","Payne County",4,5,781,394,387
050,40,119,"Oklahoma","Payne County",4,6,819,406,413
050,40,119,"Oklahoma","Payne County",4,7,841,427,414
050,40,119,"Oklahoma","Payne County",4,8,856,420,436
050,40,119,"Oklahoma","Payne County",4,9,878,451,427
050,40,119,"Oklahoma","Payne County",4,10,870,430,440
050,40,119,"Oklahoma","Payne County",4,11,872,422,450
050,40,119,"Oklahoma","Payne County",4,12,879,420,459
050,40,119,"Oklahoma","Payne County",4,13,905,467,438
050,40,119,"Oklahoma","Payne County",4,14,863,449,414
050,40,119,"Oklahoma","Payne County",4,15,899,471,428
050,40,119,"Oklahoma","Payne County",4,16,891,471,420
050,40,119,"Oklahoma","Payne County",4,17,934,523,411
050,40,119,"Oklahoma","Payne County",4,18,1913,880,1033
050,40,119,"Oklahoma","Payne County",4,19,3848,1893,1955
050,40,119,"Oklahoma","Payne County",4,20,3812,1872,1940
050,40,119,"Oklahoma","Payne County",4,21,4055,2164,1891
050,40,119,"Oklahoma","Payne County",4,22,3790,2220,1570
050,40,119,"Oklahoma","Payne County",4,23,2970,1712,1258
050,40,119,"Oklahoma","Payne County",4,24,2120,1204,916
050,40,119,"Oklahoma","Payne County",4,25,1615,909,706
050,40,119,"Oklahoma","Payne County",4,26,1202,645,557
050,40,119,"Oklahoma","Payne County",4,27,1126,640,486
050,40,119,"Oklahoma","Payne County",4,28,1023,555,468
050,40,119,"Oklahoma","Payne County",4,29,1047,571,476
050,40,119,"Oklahoma","Payne County",4,30,1067,604,463
050,40,119,"Oklahoma","Payne County",4,31,1065,582,483
050,40,119,"Oklahoma","Payne County",4,32,927,505,422
050,40,119,"Oklahoma","Payne County",4,33,931,496,435
050,40,119,"Oklahoma","Payne County",4,34,864,492,372
050,40,119,"Oklahoma","Payne County",4,35,862,446,416
050,40,119,"Oklahoma","Payne County",4,36,912,467,445
050,40,119,"Oklahoma","Payne County",4,37,900,467,433
050,40,119,"Oklahoma","Payne County",4,38,920,474,446
050,40,119,"Oklahoma","Payne County",4,39,967,473,494
050,40,119,"Oklahoma","Payne County",4,40,944,501,443
050,40,119,"Oklahoma","Payne County",4,41,867,451,416
050,40,119,"Oklahoma","Payne County",4,42,859,452,407
050,40,119,"Oklahoma","Payne County",4,43,842,460,382
050,40,119,"Oklahoma","Payne County",4,44,802,418,384
050,40,119,"Oklahoma","Payne County",4,45,785,421,364
050,40,119,"Oklahoma","Payne County",4,46,757,395,362
050,40,119,"Oklahoma","Payne County",4,47,750,371,379
050,40,119,"Oklahoma","Payne County",4,48,712,373,339
050,40,119,"Oklahoma","Payne County",4,49,707,346,361
050,40,119,"Oklahoma","Payne County",4,50,687,346,341
050,40,119,"Oklahoma","Payne County",4,51,739,371,368
050,40,119,"Oklahoma","Payne County",4,52,697,374,323
050,40,119,"Oklahoma","Payne County",4,53,626,337,289
050,40,119,"Oklahoma","Payne County",4,54,657,337,320
050,40,119,"Oklahoma","Payne County",4,55,629,338,291
050,40,119,"Oklahoma","Payne County",4,56,624,319,305
050,40,119,"Oklahoma","Payne County",4,57,663,317,346
050,40,119,"Oklahoma","Payne County",4,58,730,342,388
050,40,119,"Oklahoma","Payne County",4,59,746,357,389
050,40,119,"Oklahoma","Payne County",4,60,781,373,408
050,40,119,"Oklahoma","Payne County",4,61,772,392,380
050,40,119,"Oklahoma","Payne County",4,62,747,355,392
050,40,119,"Oklahoma","Payne County",4,63,739,361,378
050,40,119,"Oklahoma","Payne County",4,64,749,375,374
050,40,119,"Oklahoma","Payne County",4,65,732,377,355
050,40,119,"Oklahoma","Payne County",4,66,712,355,357
050,40,119,"Oklahoma","Payne County",4,67,678,299,379
050,40,119,"Oklahoma","Payne County",4,68,690,312,378
050,40,119,"Oklahoma","Payne County",4,69,700,319,381
050,40,119,"Oklahoma","Payne County",4,70,614,293,321
050,40,119,"Oklahoma","Payne County",4,71,577,276,301
050,40,119,"Oklahoma","Payne County",4,72,528,256,272
050,40,119,"Oklahoma","Payne County",4,73,515,236,279
050,40,119,"Oklahoma","Payne County",4,74,513,237,276
050,40,119,"Oklahoma","Payne County",4,75,565,258,307
050,40,119,"Oklahoma","Payne County",4,76,385,165,220
050,40,119,"Oklahoma","Payne County",4,77,408,188,220
050,40,119,"Oklahoma","Payne County",4,78,373,158,215
050,40,119,"Oklahoma","Payne County",4,79,357,151,206
050,40,119,"Oklahoma","Payne County",4,80,321,136,185
050,40,119,"Oklahoma","Payne County",4,81,278,119,159
050,40,119,"Oklahoma","Payne County",4,82,262,115,147
050,40,119,"Oklahoma","Payne County",4,83,239,93,146
050,40,119,"Oklahoma","Payne County",4,84,227,100,127
050,40,119,"Oklahoma","Payne County",4,85,1243,478,765
050,40,119,"Oklahoma","Payne County",5,0,750,382,368
050,40,119,"Oklahoma","Payne County",5,1,768,398,370
050,40,119,"Oklahoma","Payne County",5,2,739,362,377
050,40,119,"Oklahoma","Payne County",5,3,847,410,437
050,40,119,"Oklahoma","Payne County",5,4,843,429,414
050,40,119,"Oklahoma","Payne County",5,5,777,385,392
050,40,119,"Oklahoma","Payne County",5,6,799,406,393
050,40,119,"Oklahoma","Payne County",5,7,847,426,421
050,40,119,"Oklahoma","Payne County",5,8,829,433,396
050,40,119,"Oklahoma","Payne County",5,9,884,433,451
050,40,119,"Oklahoma","Payne County",5,10,884,448,436
050,40,119,"Oklahoma","Payne County",5,11,860,424,436
050,40,119,"Oklahoma","Payne County",5,12,872,419,453
050,40,119,"Oklahoma","Payne County",5,13,889,429,460
050,40,119,"Oklahoma","Payne County",5,14,917,474,443
050,40,119,"Oklahoma","Payne County",5,15,894,461,433
050,40,119,"Oklahoma","Payne County",5,16,921,481,440
050,40,119,"Oklahoma","Payne County",5,17,904,473,431
050,40,119,"Oklahoma","Payne County",5,18,1915,898,1017
050,40,119,"Oklahoma","Payne County",5,19,3866,1907,1959
050,40,119,"Oklahoma","Payne County",5,20,3783,1861,1922
050,40,119,"Oklahoma","Payne County",5,21,4065,2162,1903
050,40,119,"Oklahoma","Payne County",5,22,3844,2262,1582
050,40,119,"Oklahoma","Payne County",5,23,3057,1809,1248
050,40,119,"Oklahoma","Payne County",5,24,2154,1228,926
050,40,119,"Oklahoma","Payne County",5,25,1567,868,699
050,40,119,"Oklahoma","Payne County",5,26,1269,698,571
050,40,119,"Oklahoma","Payne County",5,27,1185,649,536
050,40,119,"Oklahoma","Payne County",5,28,1000,551,449
050,40,119,"Oklahoma","Payne County",5,29,1028,588,440
050,40,119,"Oklahoma","Payne County",5,30,1035,558,477
050,40,119,"Oklahoma","Payne County",5,31,1054,600,454
050,40,119,"Oklahoma","Payne County",5,32,1039,547,492
050,40,119,"Oklahoma","Payne County",5,33,939,499,440
050,40,119,"Oklahoma","Payne County",5,34,885,479,406
050,40,119,"Oklahoma","Payne County",5,35,829,467,362
050,40,119,"Oklahoma","Payne County",5,36,881,458,423
050,40,119,"Oklahoma","Payne County",5,37,905,461,444
050,40,119,"Oklahoma","Payne County",5,38,905,469,436
050,40,119,"Oklahoma","Payne County",5,39,893,461,432
050,40,119,"Oklahoma","Payne County",5,40,944,472,472
050,40,119,"Oklahoma","Payne County",5,41,909,477,432
050,40,119,"Oklahoma","Payne County",5,42,901,475,426
050,40,119,"Oklahoma","Payne County",5,43,898,474,424
050,40,119,"Oklahoma","Payne County",5,44,824,438,386
050,40,119,"Oklahoma","Payne County",5,45,814,428,386
050,40,119,"Oklahoma","Payne County",5,46,782,419,363
050,40,119,"Oklahoma","Payne County",5,47,738,376,362
050,40,119,"Oklahoma","Payne County",5,48,753,371,382
050,40,119,"Oklahoma","Payne County",5,49,689,356,333
050,40,119,"Oklahoma","Payne County",5,50,681,323,358
050,40,119,"Oklahoma","Payne County",5,51,695,343,352
050,40,119,"Oklahoma","Payne County",5,52,760,379,381
050,40,119,"Oklahoma","Payne County",5,53,709,379,330
050,40,119,"Oklahoma","Payne County",5,54,642,357,285
050,40,119,"Oklahoma","Payne County",5,55,668,336,332
050,40,119,"Oklahoma","Payne County",5,56,624,334,290
050,40,119,"Oklahoma","Payne County",5,57,616,313,303
050,40,119,"Oklahoma","Payne County",5,58,656,309,347
050,40,119,"Oklahoma","Payne County",5,59,723,341,382
050,40,119,"Oklahoma","Payne County",5,60,748,361,387
050,40,119,"Oklahoma","Payne County",5,61,761,358,403
050,40,119,"Oklahoma","Payne County",5,62,754,381,373
050,40,119,"Oklahoma","Payne County",5,63,744,350,394
050,40,119,"Oklahoma","Payne County",5,64,736,353,383
050,40,119,"Oklahoma","Payne County",5,65,731,370,361
050,40,119,"Oklahoma","Payne County",5,66,723,372,351
050,40,119,"Oklahoma","Payne County",5,67,716,351,365
050,40,119,"Oklahoma","Payne County",5,68,683,307,376
050,40,119,"Oklahoma","Payne County",5,69,685,307,378
050,40,119,"Oklahoma","Payne County",5,70,685,315,370
050,40,119,"Oklahoma","Payne County",5,71,600,290,310
050,40,119,"Oklahoma","Payne County",5,72,567,277,290
050,40,119,"Oklahoma","Payne County",5,73,525,251,274
050,40,119,"Oklahoma","Payne County",5,74,497,226,271
050,40,119,"Oklahoma","Payne County",5,75,497,219,278
050,40,119,"Oklahoma","Payne County",5,76,550,246,304
050,40,119,"Oklahoma","Payne County",5,77,374,161,213
050,40,119,"Oklahoma","Payne County",5,78,389,173,216
050,40,119,"Oklahoma","Payne County",5,79,365,151,214
050,40,119,"Oklahoma","Payne County",5,80,346,145,201
050,40,119,"Oklahoma","Payne County",5,81,309,141,168
050,40,119,"Oklahoma","Payne County",5,82,255,101,154
050,40,119,"Oklahoma","Payne County",5,83,234,104,130
050,40,119,"Oklahoma","Payne County",5,84,228,88,140
050,40,119,"Oklahoma","Payne County",5,85,1302,502,800
050,40,121,"Oklahoma","Pittsburg County",1,0,518,262,256
050,40,121,"Oklahoma","Pittsburg County",1,1,514,258,256
050,40,121,"Oklahoma","Pittsburg County",1,2,491,232,259
050,40,121,"Oklahoma","Pittsburg County",1,3,508,251,257
050,40,121,"Oklahoma","Pittsburg County",1,4,561,308,253
050,40,121,"Oklahoma","Pittsburg County",1,5,537,271,266
050,40,121,"Oklahoma","Pittsburg County",1,6,565,283,282
050,40,121,"Oklahoma","Pittsburg County",1,7,550,292,258
050,40,121,"Oklahoma","Pittsburg County",1,8,567,300,267
050,40,121,"Oklahoma","Pittsburg County",1,9,544,270,274
050,40,121,"Oklahoma","Pittsburg County",1,10,560,285,275
050,40,121,"Oklahoma","Pittsburg County",1,11,618,312,306
050,40,121,"Oklahoma","Pittsburg County",1,12,615,313,302
050,40,121,"Oklahoma","Pittsburg County",1,13,594,312,282
050,40,121,"Oklahoma","Pittsburg County",1,14,598,304,294
050,40,121,"Oklahoma","Pittsburg County",1,15,571,288,283
050,40,121,"Oklahoma","Pittsburg County",1,16,573,303,270
050,40,121,"Oklahoma","Pittsburg County",1,17,559,287,272
050,40,121,"Oklahoma","Pittsburg County",1,18,498,265,233
050,40,121,"Oklahoma","Pittsburg County",1,19,457,249,208
050,40,121,"Oklahoma","Pittsburg County",1,20,443,248,195
050,40,121,"Oklahoma","Pittsburg County",1,21,463,251,212
050,40,121,"Oklahoma","Pittsburg County",1,22,449,221,228
050,40,121,"Oklahoma","Pittsburg County",1,23,513,272,241
050,40,121,"Oklahoma","Pittsburg County",1,24,495,280,215
050,40,121,"Oklahoma","Pittsburg County",1,25,524,285,239
050,40,121,"Oklahoma","Pittsburg County",1,26,538,302,236
050,40,121,"Oklahoma","Pittsburg County",1,27,564,304,260
050,40,121,"Oklahoma","Pittsburg County",1,28,602,324,278
050,40,121,"Oklahoma","Pittsburg County",1,29,583,306,277
050,40,121,"Oklahoma","Pittsburg County",1,30,562,303,259
050,40,121,"Oklahoma","Pittsburg County",1,31,548,302,246
050,40,121,"Oklahoma","Pittsburg County",1,32,540,299,241
050,40,121,"Oklahoma","Pittsburg County",1,33,573,333,240
050,40,121,"Oklahoma","Pittsburg County",1,34,516,285,231
050,40,121,"Oklahoma","Pittsburg County",1,35,522,288,234
050,40,121,"Oklahoma","Pittsburg County",1,36,541,274,267
050,40,121,"Oklahoma","Pittsburg County",1,37,585,308,277
050,40,121,"Oklahoma","Pittsburg County",1,38,561,294,267
050,40,121,"Oklahoma","Pittsburg County",1,39,559,310,249
050,40,121,"Oklahoma","Pittsburg County",1,40,525,257,268
050,40,121,"Oklahoma","Pittsburg County",1,41,498,260,238
050,40,121,"Oklahoma","Pittsburg County",1,42,522,281,241
050,40,121,"Oklahoma","Pittsburg County",1,43,491,267,224
050,40,121,"Oklahoma","Pittsburg County",1,44,484,263,221
050,40,121,"Oklahoma","Pittsburg County",1,45,465,247,218
050,40,121,"Oklahoma","Pittsburg County",1,46,485,250,235
050,40,121,"Oklahoma","Pittsburg County",1,47,478,257,221
050,40,121,"Oklahoma","Pittsburg County",1,48,492,244,248
050,40,121,"Oklahoma","Pittsburg County",1,49,519,273,246
050,40,121,"Oklahoma","Pittsburg County",1,50,487,252,235
050,40,121,"Oklahoma","Pittsburg County",1,51,512,269,243
050,40,121,"Oklahoma","Pittsburg County",1,52,516,270,246
050,40,121,"Oklahoma","Pittsburg County",1,53,506,266,240
050,40,121,"Oklahoma","Pittsburg County",1,54,538,282,256
050,40,121,"Oklahoma","Pittsburg County",1,55,575,287,288
050,40,121,"Oklahoma","Pittsburg County",1,56,571,284,287
050,40,121,"Oklahoma","Pittsburg County",1,57,611,303,308
050,40,121,"Oklahoma","Pittsburg County",1,58,584,283,301
050,40,121,"Oklahoma","Pittsburg County",1,59,583,272,311
050,40,121,"Oklahoma","Pittsburg County",1,60,617,305,312
050,40,121,"Oklahoma","Pittsburg County",1,61,595,291,304
050,40,121,"Oklahoma","Pittsburg County",1,62,570,276,294
050,40,121,"Oklahoma","Pittsburg County",1,63,548,264,284
050,40,121,"Oklahoma","Pittsburg County",1,64,521,237,284
050,40,121,"Oklahoma","Pittsburg County",1,65,552,252,300
050,40,121,"Oklahoma","Pittsburg County",1,66,568,283,285
050,40,121,"Oklahoma","Pittsburg County",1,67,552,277,275
050,40,121,"Oklahoma","Pittsburg County",1,68,539,264,275
050,40,121,"Oklahoma","Pittsburg County",1,69,487,234,253
050,40,121,"Oklahoma","Pittsburg County",1,70,473,228,245
050,40,121,"Oklahoma","Pittsburg County",1,71,458,218,240
050,40,121,"Oklahoma","Pittsburg County",1,72,462,219,243
050,40,121,"Oklahoma","Pittsburg County",1,73,481,218,263
050,40,121,"Oklahoma","Pittsburg County",1,74,384,181,203
050,40,121,"Oklahoma","Pittsburg County",1,75,386,186,200
050,40,121,"Oklahoma","Pittsburg County",1,76,406,185,221
050,40,121,"Oklahoma","Pittsburg County",1,77,357,166,191
050,40,121,"Oklahoma","Pittsburg County",1,78,353,170,183
050,40,121,"Oklahoma","Pittsburg County",1,79,288,123,165
050,40,121,"Oklahoma","Pittsburg County",1,80,240,98,142
050,40,121,"Oklahoma","Pittsburg County",1,81,246,102,144
050,40,121,"Oklahoma","Pittsburg County",1,82,224,95,129
050,40,121,"Oklahoma","Pittsburg County",1,83,176,79,97
050,40,121,"Oklahoma","Pittsburg County",1,84,163,63,100
050,40,121,"Oklahoma","Pittsburg County",1,85,1006,397,609
050,40,121,"Oklahoma","Pittsburg County",2,0,512,261,251
050,40,121,"Oklahoma","Pittsburg County",2,1,514,259,255
050,40,121,"Oklahoma","Pittsburg County",2,2,497,237,260
050,40,121,"Oklahoma","Pittsburg County",2,3,509,249,260
050,40,121,"Oklahoma","Pittsburg County",2,4,553,297,256
050,40,121,"Oklahoma","Pittsburg County",2,5,546,282,264
050,40,121,"Oklahoma","Pittsburg County",2,6,555,279,276
050,40,121,"Oklahoma","Pittsburg County",2,7,557,291,266
050,40,121,"Oklahoma","Pittsburg County",2,8,562,298,264
050,40,121,"Oklahoma","Pittsburg County",2,9,550,278,272
050,40,121,"Oklahoma","Pittsburg County",2,10,560,282,278
050,40,121,"Oklahoma","Pittsburg County",2,11,601,304,297
050,40,121,"Oklahoma","Pittsburg County",2,12,618,314,304
050,40,121,"Oklahoma","Pittsburg County",2,13,599,313,286
050,40,121,"Oklahoma","Pittsburg County",2,14,600,308,292
050,40,121,"Oklahoma","Pittsburg County",2,15,578,292,286
050,40,121,"Oklahoma","Pittsburg County",2,16,574,302,272
050,40,121,"Oklahoma","Pittsburg County",2,17,564,293,271
050,40,121,"Oklahoma","Pittsburg County",2,18,504,268,236
050,40,121,"Oklahoma","Pittsburg County",2,19,456,246,210
050,40,121,"Oklahoma","Pittsburg County",2,20,454,252,202
050,40,121,"Oklahoma","Pittsburg County",2,21,459,251,208
050,40,121,"Oklahoma","Pittsburg County",2,22,459,231,228
050,40,121,"Oklahoma","Pittsburg County",2,23,502,264,238
050,40,121,"Oklahoma","Pittsburg County",2,24,499,278,221
050,40,121,"Oklahoma","Pittsburg County",2,25,517,287,230
050,40,121,"Oklahoma","Pittsburg County",2,26,537,298,239
050,40,121,"Oklahoma","Pittsburg County",2,27,558,305,253
050,40,121,"Oklahoma","Pittsburg County",2,28,591,318,273
050,40,121,"Oklahoma","Pittsburg County",2,29,591,312,279
050,40,121,"Oklahoma","Pittsburg County",2,30,565,298,267
050,40,121,"Oklahoma","Pittsburg County",2,31,548,300,248
050,40,121,"Oklahoma","Pittsburg County",2,32,542,299,243
050,40,121,"Oklahoma","Pittsburg County",2,33,562,325,237
050,40,121,"Oklahoma","Pittsburg County",2,34,522,290,232
050,40,121,"Oklahoma","Pittsburg County",2,35,532,294,238
050,40,121,"Oklahoma","Pittsburg County",2,36,532,275,257
050,40,121,"Oklahoma","Pittsburg County",2,37,575,298,277
050,40,121,"Oklahoma","Pittsburg County",2,38,566,295,271
050,40,121,"Oklahoma","Pittsburg County",2,39,558,305,253
050,40,121,"Oklahoma","Pittsburg County",2,40,531,266,265
050,40,121,"Oklahoma","Pittsburg County",2,41,507,261,246
050,40,121,"Oklahoma","Pittsburg County",2,42,514,275,239
050,40,121,"Oklahoma","Pittsburg County",2,43,500,269,231
050,40,121,"Oklahoma","Pittsburg County",2,44,488,268,220
050,40,121,"Oklahoma","Pittsburg County",2,45,469,248,221
050,40,121,"Oklahoma","Pittsburg County",2,46,480,248,232
050,40,121,"Oklahoma","Pittsburg County",2,47,481,256,225
050,40,121,"Oklahoma","Pittsburg County",2,48,491,247,244
050,40,121,"Oklahoma","Pittsburg County",2,49,516,270,246
050,40,121,"Oklahoma","Pittsburg County",2,50,492,252,240
050,40,121,"Oklahoma","Pittsburg County",2,51,512,271,241
050,40,121,"Oklahoma","Pittsburg County",2,52,511,266,245
050,40,121,"Oklahoma","Pittsburg County",2,53,504,264,240
050,40,121,"Oklahoma","Pittsburg County",2,54,534,280,254
050,40,121,"Oklahoma","Pittsburg County",2,55,560,279,281
050,40,121,"Oklahoma","Pittsburg County",2,56,574,288,286
050,40,121,"Oklahoma","Pittsburg County",2,57,604,301,303
050,40,121,"Oklahoma","Pittsburg County",2,58,590,288,302
050,40,121,"Oklahoma","Pittsburg County",2,59,586,277,309
050,40,121,"Oklahoma","Pittsburg County",2,60,608,297,311
050,40,121,"Oklahoma","Pittsburg County",2,61,601,296,305
050,40,121,"Oklahoma","Pittsburg County",2,62,576,281,295
050,40,121,"Oklahoma","Pittsburg County",2,63,557,270,287
050,40,121,"Oklahoma","Pittsburg County",2,64,521,239,282
050,40,121,"Oklahoma","Pittsburg County",2,65,539,244,295
050,40,121,"Oklahoma","Pittsburg County",2,66,568,275,293
050,40,121,"Oklahoma","Pittsburg County",2,67,551,274,277
050,40,121,"Oklahoma","Pittsburg County",2,68,535,266,269
050,40,121,"Oklahoma","Pittsburg County",2,69,503,243,260
050,40,121,"Oklahoma","Pittsburg County",2,70,470,225,245
050,40,121,"Oklahoma","Pittsburg County",2,71,458,219,239
050,40,121,"Oklahoma","Pittsburg County",2,72,451,215,236
050,40,121,"Oklahoma","Pittsburg County",2,73,493,226,267
050,40,121,"Oklahoma","Pittsburg County",2,74,381,178,203
050,40,121,"Oklahoma","Pittsburg County",2,75,380,182,198
050,40,121,"Oklahoma","Pittsburg County",2,76,396,183,213
050,40,121,"Oklahoma","Pittsburg County",2,77,373,173,200
050,40,121,"Oklahoma","Pittsburg County",2,78,344,163,181
050,40,121,"Oklahoma","Pittsburg County",2,79,302,131,171
050,40,121,"Oklahoma","Pittsburg County",2,80,248,103,145
050,40,121,"Oklahoma","Pittsburg County",2,81,240,98,142
050,40,121,"Oklahoma","Pittsburg County",2,82,229,96,133
050,40,121,"Oklahoma","Pittsburg County",2,83,179,80,99
050,40,121,"Oklahoma","Pittsburg County",2,84,162,63,99
050,40,121,"Oklahoma","Pittsburg County",2,85,1001,393,608
050,40,121,"Oklahoma","Pittsburg County",3,0,474,253,221
050,40,121,"Oklahoma","Pittsburg County",3,1,504,251,253
050,40,121,"Oklahoma","Pittsburg County",3,2,510,253,257
050,40,121,"Oklahoma","Pittsburg County",3,3,507,243,264
050,40,121,"Oklahoma","Pittsburg County",3,4,515,248,267
050,40,121,"Oklahoma","Pittsburg County",3,5,541,280,261
050,40,121,"Oklahoma","Pittsburg County",3,6,553,285,268
050,40,121,"Oklahoma","Pittsburg County",3,7,557,286,271
050,40,121,"Oklahoma","Pittsburg County",3,8,559,304,255
050,40,121,"Oklahoma","Pittsburg County",3,9,567,299,268
050,40,121,"Oklahoma","Pittsburg County",3,10,546,275,271
050,40,121,"Oklahoma","Pittsburg County",3,11,568,292,276
050,40,121,"Oklahoma","Pittsburg County",3,12,596,305,291
050,40,121,"Oklahoma","Pittsburg County",3,13,603,314,289
050,40,121,"Oklahoma","Pittsburg County",3,14,618,316,302
050,40,121,"Oklahoma","Pittsburg County",3,15,596,310,286
050,40,121,"Oklahoma","Pittsburg County",3,16,589,298,291
050,40,121,"Oklahoma","Pittsburg County",3,17,570,304,266
050,40,121,"Oklahoma","Pittsburg County",3,18,525,280,245
050,40,121,"Oklahoma","Pittsburg County",3,19,449,242,207
050,40,121,"Oklahoma","Pittsburg County",3,20,428,233,195
050,40,121,"Oklahoma","Pittsburg County",3,21,467,272,195
050,40,121,"Oklahoma","Pittsburg County",3,22,476,254,222
050,40,121,"Oklahoma","Pittsburg County",3,23,483,261,222
050,40,121,"Oklahoma","Pittsburg County",3,24,498,275,223
050,40,121,"Oklahoma","Pittsburg County",3,25,525,293,232
050,40,121,"Oklahoma","Pittsburg County",3,26,507,281,226
050,40,121,"Oklahoma","Pittsburg County",3,27,544,306,238
050,40,121,"Oklahoma","Pittsburg County",3,28,575,321,254
050,40,121,"Oklahoma","Pittsburg County",3,29,620,336,284
050,40,121,"Oklahoma","Pittsburg County",3,30,579,297,282
050,40,121,"Oklahoma","Pittsburg County",3,31,573,309,264
050,40,121,"Oklahoma","Pittsburg County",3,32,538,298,240
050,40,121,"Oklahoma","Pittsburg County",3,33,538,306,232
050,40,121,"Oklahoma","Pittsburg County",3,34,535,304,231
050,40,121,"Oklahoma","Pittsburg County",3,35,553,319,234
050,40,121,"Oklahoma","Pittsburg County",3,36,521,289,232
050,40,121,"Oklahoma","Pittsburg County",3,37,538,282,256
050,40,121,"Oklahoma","Pittsburg County",3,38,589,305,284
050,40,121,"Oklahoma","Pittsburg County",3,39,583,306,277
050,40,121,"Oklahoma","Pittsburg County",3,40,536,282,254
050,40,121,"Oklahoma","Pittsburg County",3,41,537,277,260
050,40,121,"Oklahoma","Pittsburg County",3,42,517,268,249
050,40,121,"Oklahoma","Pittsburg County",3,43,507,266,241
050,40,121,"Oklahoma","Pittsburg County",3,44,501,284,217
050,40,121,"Oklahoma","Pittsburg County",3,45,479,250,229
050,40,121,"Oklahoma","Pittsburg County",3,46,467,251,216
050,40,121,"Oklahoma","Pittsburg County",3,47,496,261,235
050,40,121,"Oklahoma","Pittsburg County",3,48,495,265,230
050,40,121,"Oklahoma","Pittsburg County",3,49,500,249,251
050,40,121,"Oklahoma","Pittsburg County",3,50,492,247,245
050,40,121,"Oklahoma","Pittsburg County",3,51,503,262,241
050,40,121,"Oklahoma","Pittsburg County",3,52,495,258,237
050,40,121,"Oklahoma","Pittsburg County",3,53,507,269,238
050,40,121,"Oklahoma","Pittsburg County",3,54,522,269,253
050,40,121,"Oklahoma","Pittsburg County",3,55,519,267,252
050,40,121,"Oklahoma","Pittsburg County",3,56,576,294,282
050,40,121,"Oklahoma","Pittsburg County",3,57,573,294,279
050,40,121,"Oklahoma","Pittsburg County",3,58,589,287,302
050,40,121,"Oklahoma","Pittsburg County",3,59,582,286,296
050,40,121,"Oklahoma","Pittsburg County",3,60,597,289,308
050,40,121,"Oklahoma","Pittsburg County",3,61,595,289,306
050,40,121,"Oklahoma","Pittsburg County",3,62,603,301,302
050,40,121,"Oklahoma","Pittsburg County",3,63,555,265,290
050,40,121,"Oklahoma","Pittsburg County",3,64,550,267,283
050,40,121,"Oklahoma","Pittsburg County",3,65,508,228,280
050,40,121,"Oklahoma","Pittsburg County",3,66,521,237,284
050,40,121,"Oklahoma","Pittsburg County",3,67,538,257,281
050,40,121,"Oklahoma","Pittsburg County",3,68,535,263,272
050,40,121,"Oklahoma","Pittsburg County",3,69,531,260,271
050,40,121,"Oklahoma","Pittsburg County",3,70,487,234,253
050,40,121,"Oklahoma","Pittsburg County",3,71,461,219,242
050,40,121,"Oklahoma","Pittsburg County",3,72,439,202,237
050,40,121,"Oklahoma","Pittsburg County",3,73,439,210,229
050,40,121,"Oklahoma","Pittsburg County",3,74,460,204,256
050,40,121,"Oklahoma","Pittsburg County",3,75,349,162,187
050,40,121,"Oklahoma","Pittsburg County",3,76,366,178,188
050,40,121,"Oklahoma","Pittsburg County",3,77,370,166,204
050,40,121,"Oklahoma","Pittsburg County",3,78,350,158,192
050,40,121,"Oklahoma","Pittsburg County",3,79,321,146,175
050,40,121,"Oklahoma","Pittsburg County",3,80,267,119,148
050,40,121,"Oklahoma","Pittsburg County",3,81,222,88,134
050,40,121,"Oklahoma","Pittsburg County",3,82,218,87,131
050,40,121,"Oklahoma","Pittsburg County",3,83,203,82,121
050,40,121,"Oklahoma","Pittsburg County",3,84,159,69,90
050,40,121,"Oklahoma","Pittsburg County",3,85,976,387,589
050,40,121,"Oklahoma","Pittsburg County",4,0,484,256,228
050,40,121,"Oklahoma","Pittsburg County",4,1,487,264,223
050,40,121,"Oklahoma","Pittsburg County",4,2,505,263,242
050,40,121,"Oklahoma","Pittsburg County",4,3,515,260,255
050,40,121,"Oklahoma","Pittsburg County",4,4,505,231,274
050,40,121,"Oklahoma","Pittsburg County",4,5,526,251,275
050,40,121,"Oklahoma","Pittsburg County",4,6,543,277,266
050,40,121,"Oklahoma","Pittsburg County",4,7,560,282,278
050,40,121,"Oklahoma","Pittsburg County",4,8,561,279,282
050,40,121,"Oklahoma","Pittsburg County",4,9,579,314,265
050,40,121,"Oklahoma","Pittsburg County",4,10,554,297,257
050,40,121,"Oklahoma","Pittsburg County",4,11,549,273,276
050,40,121,"Oklahoma","Pittsburg County",4,12,555,287,268
050,40,121,"Oklahoma","Pittsburg County",4,13,590,302,288
050,40,121,"Oklahoma","Pittsburg County",4,14,637,332,305
050,40,121,"Oklahoma","Pittsburg County",4,15,615,311,304
050,40,121,"Oklahoma","Pittsburg County",4,16,599,314,285
050,40,121,"Oklahoma","Pittsburg County",4,17,589,300,289
050,40,121,"Oklahoma","Pittsburg County",4,18,526,278,248
050,40,121,"Oklahoma","Pittsburg County",4,19,464,250,214
050,40,121,"Oklahoma","Pittsburg County",4,20,431,236,195
050,40,121,"Oklahoma","Pittsburg County",4,21,430,250,180
050,40,121,"Oklahoma","Pittsburg County",4,22,468,269,199
050,40,121,"Oklahoma","Pittsburg County",4,23,480,260,220
050,40,121,"Oklahoma","Pittsburg County",4,24,479,260,219
050,40,121,"Oklahoma","Pittsburg County",4,25,503,279,224
050,40,121,"Oklahoma","Pittsburg County",4,26,508,271,237
050,40,121,"Oklahoma","Pittsburg County",4,27,530,308,222
050,40,121,"Oklahoma","Pittsburg County",4,28,545,309,236
050,40,121,"Oklahoma","Pittsburg County",4,29,565,313,252
050,40,121,"Oklahoma","Pittsburg County",4,30,602,316,286
050,40,121,"Oklahoma","Pittsburg County",4,31,563,297,266
050,40,121,"Oklahoma","Pittsburg County",4,32,548,297,251
050,40,121,"Oklahoma","Pittsburg County",4,33,551,311,240
050,40,121,"Oklahoma","Pittsburg County",4,34,531,292,239
050,40,121,"Oklahoma","Pittsburg County",4,35,566,324,242
050,40,121,"Oklahoma","Pittsburg County",4,36,548,311,237
050,40,121,"Oklahoma","Pittsburg County",4,37,526,289,237
050,40,121,"Oklahoma","Pittsburg County",4,38,530,280,250
050,40,121,"Oklahoma","Pittsburg County",4,39,612,312,300
050,40,121,"Oklahoma","Pittsburg County",4,40,564,290,274
050,40,121,"Oklahoma","Pittsburg County",4,41,553,294,259
050,40,121,"Oklahoma","Pittsburg County",4,42,553,290,263
050,40,121,"Oklahoma","Pittsburg County",4,43,501,256,245
050,40,121,"Oklahoma","Pittsburg County",4,44,529,285,244
050,40,121,"Oklahoma","Pittsburg County",4,45,487,272,215
050,40,121,"Oklahoma","Pittsburg County",4,46,476,248,228
050,40,121,"Oklahoma","Pittsburg County",4,47,474,252,222
050,40,121,"Oklahoma","Pittsburg County",4,48,486,253,233
050,40,121,"Oklahoma","Pittsburg County",4,49,504,272,232
050,40,121,"Oklahoma","Pittsburg County",4,50,466,227,239
050,40,121,"Oklahoma","Pittsburg County",4,51,519,267,252
050,40,121,"Oklahoma","Pittsburg County",4,52,501,255,246
050,40,121,"Oklahoma","Pittsburg County",4,53,490,249,241
050,40,121,"Oklahoma","Pittsburg County",4,54,509,273,236
050,40,121,"Oklahoma","Pittsburg County",4,55,502,257,245
050,40,121,"Oklahoma","Pittsburg County",4,56,529,278,251
050,40,121,"Oklahoma","Pittsburg County",4,57,576,300,276
050,40,121,"Oklahoma","Pittsburg County",4,58,550,271,279
050,40,121,"Oklahoma","Pittsburg County",4,59,600,290,310
050,40,121,"Oklahoma","Pittsburg County",4,60,583,285,298
050,40,121,"Oklahoma","Pittsburg County",4,61,600,286,314
050,40,121,"Oklahoma","Pittsburg County",4,62,592,289,303
050,40,121,"Oklahoma","Pittsburg County",4,63,583,289,294
050,40,121,"Oklahoma","Pittsburg County",4,64,564,274,290
050,40,121,"Oklahoma","Pittsburg County",4,65,540,254,286
050,40,121,"Oklahoma","Pittsburg County",4,66,514,233,281
050,40,121,"Oklahoma","Pittsburg County",4,67,501,227,274
050,40,121,"Oklahoma","Pittsburg County",4,68,521,253,268
050,40,121,"Oklahoma","Pittsburg County",4,69,511,250,261
050,40,121,"Oklahoma","Pittsburg County",4,70,517,255,262
050,40,121,"Oklahoma","Pittsburg County",4,71,483,233,250
050,40,121,"Oklahoma","Pittsburg County",4,72,427,201,226
050,40,121,"Oklahoma","Pittsburg County",4,73,429,207,222
050,40,121,"Oklahoma","Pittsburg County",4,74,413,195,218
050,40,121,"Oklahoma","Pittsburg County",4,75,427,184,243
050,40,121,"Oklahoma","Pittsburg County",4,76,330,154,176
050,40,121,"Oklahoma","Pittsburg County",4,77,353,169,184
050,40,121,"Oklahoma","Pittsburg County",4,78,348,154,194
050,40,121,"Oklahoma","Pittsburg County",4,79,336,145,191
050,40,121,"Oklahoma","Pittsburg County",4,80,297,137,160
050,40,121,"Oklahoma","Pittsburg County",4,81,243,105,138
050,40,121,"Oklahoma","Pittsburg County",4,82,196,75,121
050,40,121,"Oklahoma","Pittsburg County",4,83,187,73,114
050,40,121,"Oklahoma","Pittsburg County",4,84,185,72,113
050,40,121,"Oklahoma","Pittsburg County",4,85,968,389,579
050,40,121,"Oklahoma","Pittsburg County",5,0,485,258,227
050,40,121,"Oklahoma","Pittsburg County",5,1,490,263,227
050,40,121,"Oklahoma","Pittsburg County",5,2,491,258,233
050,40,121,"Oklahoma","Pittsburg County",5,3,507,258,249
050,40,121,"Oklahoma","Pittsburg County",5,4,533,265,268
050,40,121,"Oklahoma","Pittsburg County",5,5,507,232,275
050,40,121,"Oklahoma","Pittsburg County",5,6,516,245,271
050,40,121,"Oklahoma","Pittsburg County",5,7,542,276,266
050,40,121,"Oklahoma","Pittsburg County",5,8,553,278,275
050,40,121,"Oklahoma","Pittsburg County",5,9,589,298,291
050,40,121,"Oklahoma","Pittsburg County",5,10,553,306,247
050,40,121,"Oklahoma","Pittsburg County",5,11,552,305,247
050,40,121,"Oklahoma","Pittsburg County",5,12,574,289,285
050,40,121,"Oklahoma","Pittsburg County",5,13,582,302,280
050,40,121,"Oklahoma","Pittsburg County",5,14,595,306,289
050,40,121,"Oklahoma","Pittsburg County",5,15,638,337,301
050,40,121,"Oklahoma","Pittsburg County",5,16,629,319,310
050,40,121,"Oklahoma","Pittsburg County",5,17,587,301,286
050,40,121,"Oklahoma","Pittsburg County",5,18,536,280,256
050,40,121,"Oklahoma","Pittsburg County",5,19,488,260,228
050,40,121,"Oklahoma","Pittsburg County",5,20,476,245,231
050,40,121,"Oklahoma","Pittsburg County",5,21,433,244,189
050,40,121,"Oklahoma","Pittsburg County",5,22,436,248,188
050,40,121,"Oklahoma","Pittsburg County",5,23,508,295,213
050,40,121,"Oklahoma","Pittsburg County",5,24,476,259,217
050,40,121,"Oklahoma","Pittsburg County",5,25,504,281,223
050,40,121,"Oklahoma","Pittsburg County",5,26,507,272,235
050,40,121,"Oklahoma","Pittsburg County",5,27,531,295,236
050,40,121,"Oklahoma","Pittsburg County",5,28,537,313,224
050,40,121,"Oklahoma","Pittsburg County",5,29,547,311,236
050,40,121,"Oklahoma","Pittsburg County",5,30,547,303,244
050,40,121,"Oklahoma","Pittsburg County",5,31,612,327,285
050,40,121,"Oklahoma","Pittsburg County",5,32,547,282,265
050,40,121,"Oklahoma","Pittsburg County",5,33,567,309,258
050,40,121,"Oklahoma","Pittsburg County",5,34,519,283,236
050,40,121,"Oklahoma","Pittsburg County",5,35,555,302,253
050,40,121,"Oklahoma","Pittsburg County",5,36,544,299,245
050,40,121,"Oklahoma","Pittsburg County",5,37,541,306,235
050,40,121,"Oklahoma","Pittsburg County",5,38,525,294,231
050,40,121,"Oklahoma","Pittsburg County",5,39,538,281,257
050,40,121,"Oklahoma","Pittsburg County",5,40,588,285,303
050,40,121,"Oklahoma","Pittsburg County",5,41,589,312,277
050,40,121,"Oklahoma","Pittsburg County",5,42,562,298,264
050,40,121,"Oklahoma","Pittsburg County",5,43,541,273,268
050,40,121,"Oklahoma","Pittsburg County",5,44,515,270,245
050,40,121,"Oklahoma","Pittsburg County",5,45,505,265,240
050,40,121,"Oklahoma","Pittsburg County",5,46,499,287,212
050,40,121,"Oklahoma","Pittsburg County",5,47,483,252,231
050,40,121,"Oklahoma","Pittsburg County",5,48,474,248,226
050,40,121,"Oklahoma","Pittsburg County",5,49,487,256,231
050,40,121,"Oklahoma","Pittsburg County",5,50,471,238,233
050,40,121,"Oklahoma","Pittsburg County",5,51,498,254,244
050,40,121,"Oklahoma","Pittsburg County",5,52,508,262,246
050,40,121,"Oklahoma","Pittsburg County",5,53,498,248,250
050,40,121,"Oklahoma","Pittsburg County",5,54,505,253,252
050,40,121,"Oklahoma","Pittsburg County",5,55,502,262,240
050,40,121,"Oklahoma","Pittsburg County",5,56,498,264,234
050,40,121,"Oklahoma","Pittsburg County",5,57,524,278,246
050,40,121,"Oklahoma","Pittsburg County",5,58,557,281,276
050,40,121,"Oklahoma","Pittsburg County",5,59,556,271,285
050,40,121,"Oklahoma","Pittsburg County",5,60,591,287,304
050,40,121,"Oklahoma","Pittsburg County",5,61,582,283,299
050,40,121,"Oklahoma","Pittsburg County",5,62,594,283,311
050,40,121,"Oklahoma","Pittsburg County",5,63,588,289,299
050,40,121,"Oklahoma","Pittsburg County",5,64,575,281,294
050,40,121,"Oklahoma","Pittsburg County",5,65,558,264,294
050,40,121,"Oklahoma","Pittsburg County",5,66,537,255,282
050,40,121,"Oklahoma","Pittsburg County",5,67,492,222,270
050,40,121,"Oklahoma","Pittsburg County",5,68,489,230,259
050,40,121,"Oklahoma","Pittsburg County",5,69,496,234,262
050,40,121,"Oklahoma","Pittsburg County",5,70,490,242,248
050,40,121,"Oklahoma","Pittsburg County",5,71,512,251,261
050,40,121,"Oklahoma","Pittsburg County",5,72,458,216,242
050,40,121,"Oklahoma","Pittsburg County",5,73,415,196,219
050,40,121,"Oklahoma","Pittsburg County",5,74,419,201,218
050,40,121,"Oklahoma","Pittsburg County",5,75,380,178,202
050,40,121,"Oklahoma","Pittsburg County",5,76,411,176,235
050,40,121,"Oklahoma","Pittsburg County",5,77,321,150,171
050,40,121,"Oklahoma","Pittsburg County",5,78,341,158,183
050,40,121,"Oklahoma","Pittsburg County",5,79,331,140,191
050,40,121,"Oklahoma","Pittsburg County",5,80,307,138,169
050,40,121,"Oklahoma","Pittsburg County",5,81,271,123,148
050,40,121,"Oklahoma","Pittsburg County",5,82,224,95,129
050,40,121,"Oklahoma","Pittsburg County",5,83,171,67,104
050,40,121,"Oklahoma","Pittsburg County",5,84,173,67,106
050,40,121,"Oklahoma","Pittsburg County",5,85,996,399,597
050,40,123,"Oklahoma","Pontotoc County",1,0,491,251,240
050,40,123,"Oklahoma","Pontotoc County",1,1,505,255,250
050,40,123,"Oklahoma","Pontotoc County",1,2,528,277,251
050,40,123,"Oklahoma","Pontotoc County",1,3,511,274,237
050,40,123,"Oklahoma","Pontotoc County",1,4,514,274,240
050,40,123,"Oklahoma","Pontotoc County",1,5,556,284,272
050,40,123,"Oklahoma","Pontotoc County",1,6,565,302,263
050,40,123,"Oklahoma","Pontotoc County",1,7,529,266,263
050,40,123,"Oklahoma","Pontotoc County",1,8,557,269,288
050,40,123,"Oklahoma","Pontotoc County",1,9,555,285,270
050,40,123,"Oklahoma","Pontotoc County",1,10,525,271,254
050,40,123,"Oklahoma","Pontotoc County",1,11,548,281,267
050,40,123,"Oklahoma","Pontotoc County",1,12,545,291,254
050,40,123,"Oklahoma","Pontotoc County",1,13,544,284,260
050,40,123,"Oklahoma","Pontotoc County",1,14,495,259,236
050,40,123,"Oklahoma","Pontotoc County",1,15,473,231,242
050,40,123,"Oklahoma","Pontotoc County",1,16,493,228,265
050,40,123,"Oklahoma","Pontotoc County",1,17,516,269,247
050,40,123,"Oklahoma","Pontotoc County",1,18,495,265,230
050,40,123,"Oklahoma","Pontotoc County",1,19,450,228,222
050,40,123,"Oklahoma","Pontotoc County",1,20,463,245,218
050,40,123,"Oklahoma","Pontotoc County",1,21,494,244,250
050,40,123,"Oklahoma","Pontotoc County",1,22,492,244,248
050,40,123,"Oklahoma","Pontotoc County",1,23,490,237,253
050,40,123,"Oklahoma","Pontotoc County",1,24,493,233,260
050,40,123,"Oklahoma","Pontotoc County",1,25,496,238,258
050,40,123,"Oklahoma","Pontotoc County",1,26,528,252,276
050,40,123,"Oklahoma","Pontotoc County",1,27,515,240,275
050,40,123,"Oklahoma","Pontotoc County",1,28,540,256,284
050,40,123,"Oklahoma","Pontotoc County",1,29,569,267,302
050,40,123,"Oklahoma","Pontotoc County",1,30,548,266,282
050,40,123,"Oklahoma","Pontotoc County",1,31,540,271,269
050,40,123,"Oklahoma","Pontotoc County",1,32,540,279,261
050,40,123,"Oklahoma","Pontotoc County",1,33,499,255,244
050,40,123,"Oklahoma","Pontotoc County",1,34,504,259,245
050,40,123,"Oklahoma","Pontotoc County",1,35,512,267,245
050,40,123,"Oklahoma","Pontotoc County",1,36,511,266,245
050,40,123,"Oklahoma","Pontotoc County",1,37,508,261,247
050,40,123,"Oklahoma","Pontotoc County",1,38,451,231,220
050,40,123,"Oklahoma","Pontotoc County",1,39,461,227,234
050,40,123,"Oklahoma","Pontotoc County",1,40,483,238,245
050,40,123,"Oklahoma","Pontotoc County",1,41,461,228,233
050,40,123,"Oklahoma","Pontotoc County",1,42,470,251,219
050,40,123,"Oklahoma","Pontotoc County",1,43,420,200,220
050,40,123,"Oklahoma","Pontotoc County",1,44,398,191,207
050,40,123,"Oklahoma","Pontotoc County",1,45,421,198,223
050,40,123,"Oklahoma","Pontotoc County",1,46,402,198,204
050,40,123,"Oklahoma","Pontotoc County",1,47,403,199,204
050,40,123,"Oklahoma","Pontotoc County",1,48,418,212,206
050,40,123,"Oklahoma","Pontotoc County",1,49,423,211,212
050,40,123,"Oklahoma","Pontotoc County",1,50,429,216,213
050,40,123,"Oklahoma","Pontotoc County",1,51,418,214,204
050,40,123,"Oklahoma","Pontotoc County",1,52,391,194,197
050,40,123,"Oklahoma","Pontotoc County",1,53,409,195,214
050,40,123,"Oklahoma","Pontotoc County",1,54,420,206,214
050,40,123,"Oklahoma","Pontotoc County",1,55,436,216,220
050,40,123,"Oklahoma","Pontotoc County",1,56,476,231,245
050,40,123,"Oklahoma","Pontotoc County",1,57,509,233,276
050,40,123,"Oklahoma","Pontotoc County",1,58,497,244,253
050,40,123,"Oklahoma","Pontotoc County",1,59,484,233,251
050,40,123,"Oklahoma","Pontotoc County",1,60,503,248,255
050,40,123,"Oklahoma","Pontotoc County",1,61,486,238,248
050,40,123,"Oklahoma","Pontotoc County",1,62,439,210,229
050,40,123,"Oklahoma","Pontotoc County",1,63,430,200,230
050,40,123,"Oklahoma","Pontotoc County",1,64,426,203,223
050,40,123,"Oklahoma","Pontotoc County",1,65,416,195,221
050,40,123,"Oklahoma","Pontotoc County",1,66,377,169,208
050,40,123,"Oklahoma","Pontotoc County",1,67,406,188,218
050,40,123,"Oklahoma","Pontotoc County",1,68,402,182,220
050,40,123,"Oklahoma","Pontotoc County",1,69,365,177,188
050,40,123,"Oklahoma","Pontotoc County",1,70,337,151,186
050,40,123,"Oklahoma","Pontotoc County",1,71,332,151,181
050,40,123,"Oklahoma","Pontotoc County",1,72,377,174,203
050,40,123,"Oklahoma","Pontotoc County",1,73,372,179,193
050,40,123,"Oklahoma","Pontotoc County",1,74,271,119,152
050,40,123,"Oklahoma","Pontotoc County",1,75,269,124,145
050,40,123,"Oklahoma","Pontotoc County",1,76,267,119,148
050,40,123,"Oklahoma","Pontotoc County",1,77,241,99,142
050,40,123,"Oklahoma","Pontotoc County",1,78,218,97,121
050,40,123,"Oklahoma","Pontotoc County",1,79,204,91,113
050,40,123,"Oklahoma","Pontotoc County",1,80,201,89,112
050,40,123,"Oklahoma","Pontotoc County",1,81,198,82,116
050,40,123,"Oklahoma","Pontotoc County",1,82,163,71,92
050,40,123,"Oklahoma","Pontotoc County",1,83,143,55,88
050,40,123,"Oklahoma","Pontotoc County",1,84,129,49,80
050,40,123,"Oklahoma","Pontotoc County",1,85,782,272,510
050,40,123,"Oklahoma","Pontotoc County",2,0,481,245,236
050,40,123,"Oklahoma","Pontotoc County",2,1,501,252,249
050,40,123,"Oklahoma","Pontotoc County",2,2,522,268,254
050,40,123,"Oklahoma","Pontotoc County",2,3,513,274,239
050,40,123,"Oklahoma","Pontotoc County",2,4,515,274,241
050,40,123,"Oklahoma","Pontotoc County",2,5,548,282,266
050,40,123,"Oklahoma","Pontotoc County",2,6,565,298,267
050,40,123,"Oklahoma","Pontotoc County",2,7,538,276,262
050,40,123,"Oklahoma","Pontotoc County",2,8,552,267,285
050,40,123,"Oklahoma","Pontotoc County",2,9,555,281,274
050,40,123,"Oklahoma","Pontotoc County",2,10,532,273,259
050,40,123,"Oklahoma","Pontotoc County",2,11,540,279,261
050,40,123,"Oklahoma","Pontotoc County",2,12,555,296,259
050,40,123,"Oklahoma","Pontotoc County",2,13,544,286,258
050,40,123,"Oklahoma","Pontotoc County",2,14,505,264,241
050,40,123,"Oklahoma","Pontotoc County",2,15,479,237,242
050,40,123,"Oklahoma","Pontotoc County",2,16,488,229,259
050,40,123,"Oklahoma","Pontotoc County",2,17,512,260,252
050,40,123,"Oklahoma","Pontotoc County",2,18,490,261,229
050,40,123,"Oklahoma","Pontotoc County",2,19,456,235,221
050,40,123,"Oklahoma","Pontotoc County",2,20,470,247,223
050,40,123,"Oklahoma","Pontotoc County",2,21,489,244,245
050,40,123,"Oklahoma","Pontotoc County",2,22,497,245,252
050,40,123,"Oklahoma","Pontotoc County",2,23,490,239,251
050,40,123,"Oklahoma","Pontotoc County",2,24,494,236,258
050,40,123,"Oklahoma","Pontotoc County",2,25,492,234,258
050,40,123,"Oklahoma","Pontotoc County",2,26,520,248,272
050,40,123,"Oklahoma","Pontotoc County",2,27,513,241,272
050,40,123,"Oklahoma","Pontotoc County",2,28,535,254,281
050,40,123,"Oklahoma","Pontotoc County",2,29,559,263,296
050,40,123,"Oklahoma","Pontotoc County",2,30,555,267,288
050,40,123,"Oklahoma","Pontotoc County",2,31,537,266,271
050,40,123,"Oklahoma","Pontotoc County",2,32,538,275,263
050,40,123,"Oklahoma","Pontotoc County",2,33,505,259,246
050,40,123,"Oklahoma","Pontotoc County",2,34,502,258,244
050,40,123,"Oklahoma","Pontotoc County",2,35,513,267,246
050,40,123,"Oklahoma","Pontotoc County",2,36,512,265,247
050,40,123,"Oklahoma","Pontotoc County",2,37,508,263,245
050,40,123,"Oklahoma","Pontotoc County",2,38,467,240,227
050,40,123,"Oklahoma","Pontotoc County",2,39,457,225,232
050,40,123,"Oklahoma","Pontotoc County",2,40,486,238,248
050,40,123,"Oklahoma","Pontotoc County",2,41,468,233,235
050,40,123,"Oklahoma","Pontotoc County",2,42,462,242,220
050,40,123,"Oklahoma","Pontotoc County",2,43,437,216,221
050,40,123,"Oklahoma","Pontotoc County",2,44,399,191,208
050,40,123,"Oklahoma","Pontotoc County",2,45,420,199,221
050,40,123,"Oklahoma","Pontotoc County",2,46,405,196,209
050,40,123,"Oklahoma","Pontotoc County",2,47,403,197,206
050,40,123,"Oklahoma","Pontotoc County",2,48,415,210,205
050,40,123,"Oklahoma","Pontotoc County",2,49,424,213,211
050,40,123,"Oklahoma","Pontotoc County",2,50,428,214,214
050,40,123,"Oklahoma","Pontotoc County",2,51,422,215,207
050,40,123,"Oklahoma","Pontotoc County",2,52,397,197,200
050,40,123,"Oklahoma","Pontotoc County",2,53,404,195,209
050,40,123,"Oklahoma","Pontotoc County",2,54,411,200,211
050,40,123,"Oklahoma","Pontotoc County",2,55,432,212,220
050,40,123,"Oklahoma","Pontotoc County",2,56,467,228,239
050,40,123,"Oklahoma","Pontotoc County",2,57,507,235,272
050,40,123,"Oklahoma","Pontotoc County",2,58,500,242,258
050,40,123,"Oklahoma","Pontotoc County",2,59,487,236,251
050,40,123,"Oklahoma","Pontotoc County",2,60,497,244,253
050,40,123,"Oklahoma","Pontotoc County",2,61,489,241,248
050,40,123,"Oklahoma","Pontotoc County",2,62,447,216,231
050,40,123,"Oklahoma","Pontotoc County",2,63,435,203,232
050,40,123,"Oklahoma","Pontotoc County",2,64,428,204,224
050,40,123,"Oklahoma","Pontotoc County",2,65,416,195,221
050,40,123,"Oklahoma","Pontotoc County",2,66,384,173,211
050,40,123,"Oklahoma","Pontotoc County",2,67,394,180,214
050,40,123,"Oklahoma","Pontotoc County",2,68,398,182,216
050,40,123,"Oklahoma","Pontotoc County",2,69,375,178,197
050,40,123,"Oklahoma","Pontotoc County",2,70,341,154,187
050,40,123,"Oklahoma","Pontotoc County",2,71,332,150,182
050,40,123,"Oklahoma","Pontotoc County",2,72,360,166,194
050,40,123,"Oklahoma","Pontotoc County",2,73,387,189,198
050,40,123,"Oklahoma","Pontotoc County",2,74,279,123,156
050,40,123,"Oklahoma","Pontotoc County",2,75,264,119,145
050,40,123,"Oklahoma","Pontotoc County",2,76,264,119,145
050,40,123,"Oklahoma","Pontotoc County",2,77,250,105,145
050,40,123,"Oklahoma","Pontotoc County",2,78,216,91,125
050,40,123,"Oklahoma","Pontotoc County",2,79,203,90,113
050,40,123,"Oklahoma","Pontotoc County",2,80,199,88,111
050,40,123,"Oklahoma","Pontotoc County",2,81,191,78,113
050,40,123,"Oklahoma","Pontotoc County",2,82,172,73,99
050,40,123,"Oklahoma","Pontotoc County",2,83,146,59,87
050,40,123,"Oklahoma","Pontotoc County",2,84,126,47,79
050,40,123,"Oklahoma","Pontotoc County",2,85,784,275,509
050,40,123,"Oklahoma","Pontotoc County",3,0,496,265,231
050,40,123,"Oklahoma","Pontotoc County",3,1,472,244,228
050,40,123,"Oklahoma","Pontotoc County",3,2,512,260,252
050,40,123,"Oklahoma","Pontotoc County",3,3,540,274,266
050,40,123,"Oklahoma","Pontotoc County",3,4,515,276,239
050,40,123,"Oklahoma","Pontotoc County",3,5,532,276,256
050,40,123,"Oklahoma","Pontotoc County",3,6,547,274,273
050,40,123,"Oklahoma","Pontotoc County",3,7,563,303,260
050,40,123,"Oklahoma","Pontotoc County",3,8,540,268,272
050,40,123,"Oklahoma","Pontotoc County",3,9,545,261,284
050,40,123,"Oklahoma","Pontotoc County",3,10,564,292,272
050,40,123,"Oklahoma","Pontotoc County",3,11,531,275,256
050,40,123,"Oklahoma","Pontotoc County",3,12,539,286,253
050,40,123,"Oklahoma","Pontotoc County",3,13,542,284,258
050,40,123,"Oklahoma","Pontotoc County",3,14,549,284,265
050,40,123,"Oklahoma","Pontotoc County",3,15,517,267,250
050,40,123,"Oklahoma","Pontotoc County",3,16,482,238,244
050,40,123,"Oklahoma","Pontotoc County",3,17,504,232,272
050,40,123,"Oklahoma","Pontotoc County",3,18,492,245,247
050,40,123,"Oklahoma","Pontotoc County",3,19,486,254,232
050,40,123,"Oklahoma","Pontotoc County",3,20,501,251,250
050,40,123,"Oklahoma","Pontotoc County",3,21,485,237,248
050,40,123,"Oklahoma","Pontotoc County",3,22,507,265,242
050,40,123,"Oklahoma","Pontotoc County",3,23,507,245,262
050,40,123,"Oklahoma","Pontotoc County",3,24,495,235,260
050,40,123,"Oklahoma","Pontotoc County",3,25,462,211,251
050,40,123,"Oklahoma","Pontotoc County",3,26,507,234,273
050,40,123,"Oklahoma","Pontotoc County",3,27,492,237,255
050,40,123,"Oklahoma","Pontotoc County",3,28,511,243,268
050,40,123,"Oklahoma","Pontotoc County",3,29,535,259,276
050,40,123,"Oklahoma","Pontotoc County",3,30,544,262,282
050,40,123,"Oklahoma","Pontotoc County",3,31,556,258,298
050,40,123,"Oklahoma","Pontotoc County",3,32,532,255,277
050,40,123,"Oklahoma","Pontotoc County",3,33,531,269,262
050,40,123,"Oklahoma","Pontotoc County",3,34,489,249,240
050,40,123,"Oklahoma","Pontotoc County",3,35,513,267,246
050,40,123,"Oklahoma","Pontotoc County",3,36,507,255,252
050,40,123,"Oklahoma","Pontotoc County",3,37,510,274,236
050,40,123,"Oklahoma","Pontotoc County",3,38,509,260,249
050,40,123,"Oklahoma","Pontotoc County",3,39,461,242,219
050,40,123,"Oklahoma","Pontotoc County",3,40,480,231,249
050,40,123,"Oklahoma","Pontotoc County",3,41,490,242,248
050,40,123,"Oklahoma","Pontotoc County",3,42,474,235,239
050,40,123,"Oklahoma","Pontotoc County",3,43,454,238,216
050,40,123,"Oklahoma","Pontotoc County",3,44,422,213,209
050,40,123,"Oklahoma","Pontotoc County",3,45,395,189,206
050,40,123,"Oklahoma","Pontotoc County",3,46,432,198,234
050,40,123,"Oklahoma","Pontotoc County",3,47,395,184,211
050,40,123,"Oklahoma","Pontotoc County",3,48,392,196,196
050,40,123,"Oklahoma","Pontotoc County",3,49,398,199,199
050,40,123,"Oklahoma","Pontotoc County",3,50,420,211,209
050,40,123,"Oklahoma","Pontotoc County",3,51,430,215,215
050,40,123,"Oklahoma","Pontotoc County",3,52,429,222,207
050,40,123,"Oklahoma","Pontotoc County",3,53,398,200,198
050,40,123,"Oklahoma","Pontotoc County",3,54,398,189,209
050,40,123,"Oklahoma","Pontotoc County",3,55,404,197,207
050,40,123,"Oklahoma","Pontotoc County",3,56,436,208,228
050,40,123,"Oklahoma","Pontotoc County",3,57,462,221,241
050,40,123,"Oklahoma","Pontotoc County",3,58,503,239,264
050,40,123,"Oklahoma","Pontotoc County",3,59,495,236,259
050,40,123,"Oklahoma","Pontotoc County",3,60,470,229,241
050,40,123,"Oklahoma","Pontotoc County",3,61,496,243,253
050,40,123,"Oklahoma","Pontotoc County",3,62,496,246,250
050,40,123,"Oklahoma","Pontotoc County",3,63,443,214,229
050,40,123,"Oklahoma","Pontotoc County",3,64,433,204,229
050,40,123,"Oklahoma","Pontotoc County",3,65,420,200,220
050,40,123,"Oklahoma","Pontotoc County",3,66,402,181,221
050,40,123,"Oklahoma","Pontotoc County",3,67,366,169,197
050,40,123,"Oklahoma","Pontotoc County",3,68,377,167,210
050,40,123,"Oklahoma","Pontotoc County",3,69,393,182,211
050,40,123,"Oklahoma","Pontotoc County",3,70,365,169,196
050,40,123,"Oklahoma","Pontotoc County",3,71,327,147,180
050,40,123,"Oklahoma","Pontotoc County",3,72,333,149,184
050,40,123,"Oklahoma","Pontotoc County",3,73,349,164,185
050,40,123,"Oklahoma","Pontotoc County",3,74,385,190,195
050,40,123,"Oklahoma","Pontotoc County",3,75,257,110,147
050,40,123,"Oklahoma","Pontotoc County",3,76,250,110,140
050,40,123,"Oklahoma","Pontotoc County",3,77,256,117,139
050,40,123,"Oklahoma","Pontotoc County",3,78,240,93,147
050,40,123,"Oklahoma","Pontotoc County",3,79,194,76,118
050,40,123,"Oklahoma","Pontotoc County",3,80,190,85,105
050,40,123,"Oklahoma","Pontotoc County",3,81,179,78,101
050,40,123,"Oklahoma","Pontotoc County",3,82,183,75,108
050,40,123,"Oklahoma","Pontotoc County",3,83,158,66,92
050,40,123,"Oklahoma","Pontotoc County",3,84,128,47,81
050,40,123,"Oklahoma","Pontotoc County",3,85,765,265,500
050,40,123,"Oklahoma","Pontotoc County",4,0,460,251,209
050,40,123,"Oklahoma","Pontotoc County",4,1,499,259,240
050,40,123,"Oklahoma","Pontotoc County",4,2,493,255,238
050,40,123,"Oklahoma","Pontotoc County",4,3,511,255,256
050,40,123,"Oklahoma","Pontotoc County",4,4,554,271,283
050,40,123,"Oklahoma","Pontotoc County",4,5,525,287,238
050,40,123,"Oklahoma","Pontotoc County",4,6,530,270,260
050,40,123,"Oklahoma","Pontotoc County",4,7,540,272,268
050,40,123,"Oklahoma","Pontotoc County",4,8,572,314,258
050,40,123,"Oklahoma","Pontotoc County",4,9,545,269,276
050,40,123,"Oklahoma","Pontotoc County",4,10,567,276,291
050,40,123,"Oklahoma","Pontotoc County",4,11,557,290,267
050,40,123,"Oklahoma","Pontotoc County",4,12,537,277,260
050,40,123,"Oklahoma","Pontotoc County",4,13,547,290,257
050,40,123,"Oklahoma","Pontotoc County",4,14,545,284,261
050,40,123,"Oklahoma","Pontotoc County",4,15,541,289,252
050,40,123,"Oklahoma","Pontotoc County",4,16,524,262,262
050,40,123,"Oklahoma","Pontotoc County",4,17,491,246,245
050,40,123,"Oklahoma","Pontotoc County",4,18,457,215,242
050,40,123,"Oklahoma","Pontotoc County",4,19,452,228,224
050,40,123,"Oklahoma","Pontotoc County",4,20,481,256,225
050,40,123,"Oklahoma","Pontotoc County",4,21,512,257,255
050,40,123,"Oklahoma","Pontotoc County",4,22,506,245,261
050,40,123,"Oklahoma","Pontotoc County",4,23,507,257,250
050,40,123,"Oklahoma","Pontotoc County",4,24,501,239,262
050,40,123,"Oklahoma","Pontotoc County",4,25,454,218,236
050,40,123,"Oklahoma","Pontotoc County",4,26,458,210,248
050,40,123,"Oklahoma","Pontotoc County",4,27,490,230,260
050,40,123,"Oklahoma","Pontotoc County",4,28,504,241,263
050,40,123,"Oklahoma","Pontotoc County",4,29,500,239,261
050,40,123,"Oklahoma","Pontotoc County",4,30,514,249,265
050,40,123,"Oklahoma","Pontotoc County",4,31,553,274,279
050,40,123,"Oklahoma","Pontotoc County",4,32,542,257,285
050,40,123,"Oklahoma","Pontotoc County",4,33,523,248,275
050,40,123,"Oklahoma","Pontotoc County",4,34,522,261,261
050,40,123,"Oklahoma","Pontotoc County",4,35,480,244,236
050,40,123,"Oklahoma","Pontotoc County",4,36,519,275,244
050,40,123,"Oklahoma","Pontotoc County",4,37,487,247,240
050,40,123,"Oklahoma","Pontotoc County",4,38,504,274,230
050,40,123,"Oklahoma","Pontotoc County",4,39,503,259,244
050,40,123,"Oklahoma","Pontotoc County",4,40,474,241,233
050,40,123,"Oklahoma","Pontotoc County",4,41,467,233,234
050,40,123,"Oklahoma","Pontotoc County",4,42,481,237,244
050,40,123,"Oklahoma","Pontotoc County",4,43,474,235,239
050,40,123,"Oklahoma","Pontotoc County",4,44,446,232,214
050,40,123,"Oklahoma","Pontotoc County",4,45,414,206,208
050,40,123,"Oklahoma","Pontotoc County",4,46,392,187,205
050,40,123,"Oklahoma","Pontotoc County",4,47,427,191,236
050,40,123,"Oklahoma","Pontotoc County",4,48,392,183,209
050,40,123,"Oklahoma","Pontotoc County",4,49,387,194,193
050,40,123,"Oklahoma","Pontotoc County",4,50,393,200,193
050,40,123,"Oklahoma","Pontotoc County",4,51,433,226,207
050,40,123,"Oklahoma","Pontotoc County",4,52,423,203,220
050,40,123,"Oklahoma","Pontotoc County",4,53,433,224,209
050,40,123,"Oklahoma","Pontotoc County",4,54,387,191,196
050,40,123,"Oklahoma","Pontotoc County",4,55,391,182,209
050,40,123,"Oklahoma","Pontotoc County",4,56,395,190,205
050,40,123,"Oklahoma","Pontotoc County",4,57,440,216,224
050,40,123,"Oklahoma","Pontotoc County",4,58,457,221,236
050,40,123,"Oklahoma","Pontotoc County",4,59,512,243,269
050,40,123,"Oklahoma","Pontotoc County",4,60,476,230,246
050,40,123,"Oklahoma","Pontotoc County",4,61,461,226,235
050,40,123,"Oklahoma","Pontotoc County",4,62,498,246,252
050,40,123,"Oklahoma","Pontotoc County",4,63,496,245,251
050,40,123,"Oklahoma","Pontotoc County",4,64,427,202,225
050,40,123,"Oklahoma","Pontotoc County",4,65,428,195,233
050,40,123,"Oklahoma","Pontotoc County",4,66,413,192,221
050,40,123,"Oklahoma","Pontotoc County",4,67,395,182,213
050,40,123,"Oklahoma","Pontotoc County",4,68,343,154,189
050,40,123,"Oklahoma","Pontotoc County",4,69,376,170,206
050,40,123,"Oklahoma","Pontotoc County",4,70,386,175,211
050,40,123,"Oklahoma","Pontotoc County",4,71,352,160,192
050,40,123,"Oklahoma","Pontotoc County",4,72,310,143,167
050,40,123,"Oklahoma","Pontotoc County",4,73,330,155,175
050,40,123,"Oklahoma","Pontotoc County",4,74,342,159,183
050,40,123,"Oklahoma","Pontotoc County",4,75,360,179,181
050,40,123,"Oklahoma","Pontotoc County",4,76,240,100,140
050,40,123,"Oklahoma","Pontotoc County",4,77,242,113,129
050,40,123,"Oklahoma","Pontotoc County",4,78,243,110,133
050,40,123,"Oklahoma","Pontotoc County",4,79,216,80,136
050,40,123,"Oklahoma","Pontotoc County",4,80,181,75,106
050,40,123,"Oklahoma","Pontotoc County",4,81,183,81,102
050,40,123,"Oklahoma","Pontotoc County",4,82,169,74,95
050,40,123,"Oklahoma","Pontotoc County",4,83,157,62,95
050,40,123,"Oklahoma","Pontotoc County",4,84,141,55,86
050,40,123,"Oklahoma","Pontotoc County",4,85,742,254,488
050,40,123,"Oklahoma","Pontotoc County",5,0,458,249,209
050,40,123,"Oklahoma","Pontotoc County",5,1,485,270,215
050,40,123,"Oklahoma","Pontotoc County",5,2,504,267,237
050,40,123,"Oklahoma","Pontotoc County",5,3,485,238,247
050,40,123,"Oklahoma","Pontotoc County",5,4,532,263,269
050,40,123,"Oklahoma","Pontotoc County",5,5,567,283,284
050,40,123,"Oklahoma","Pontotoc County",5,6,550,294,256
050,40,123,"Oklahoma","Pontotoc County",5,7,541,274,267
050,40,123,"Oklahoma","Pontotoc County",5,8,548,269,279
050,40,123,"Oklahoma","Pontotoc County",5,9,591,318,273
050,40,123,"Oklahoma","Pontotoc County",5,10,553,279,274
050,40,123,"Oklahoma","Pontotoc County",5,11,573,278,295
050,40,123,"Oklahoma","Pontotoc County",5,12,577,295,282
050,40,123,"Oklahoma","Pontotoc County",5,13,518,265,253
050,40,123,"Oklahoma","Pontotoc County",5,14,563,295,268
050,40,123,"Oklahoma","Pontotoc County",5,15,553,287,266
050,40,123,"Oklahoma","Pontotoc County",5,16,564,307,257
050,40,123,"Oklahoma","Pontotoc County",5,17,514,252,262
050,40,123,"Oklahoma","Pontotoc County",5,18,458,226,232
050,40,123,"Oklahoma","Pontotoc County",5,19,434,214,220
050,40,123,"Oklahoma","Pontotoc County",5,20,464,238,226
050,40,123,"Oklahoma","Pontotoc County",5,21,493,268,225
050,40,123,"Oklahoma","Pontotoc County",5,22,539,271,268
050,40,123,"Oklahoma","Pontotoc County",5,23,525,261,264
050,40,123,"Oklahoma","Pontotoc County",5,24,529,273,256
050,40,123,"Oklahoma","Pontotoc County",5,25,480,221,259
050,40,123,"Oklahoma","Pontotoc County",5,26,448,218,230
050,40,123,"Oklahoma","Pontotoc County",5,27,438,200,238
050,40,123,"Oklahoma","Pontotoc County",5,28,500,231,269
050,40,123,"Oklahoma","Pontotoc County",5,29,500,240,260
050,40,123,"Oklahoma","Pontotoc County",5,30,504,235,269
050,40,123,"Oklahoma","Pontotoc County",5,31,518,242,276
050,40,123,"Oklahoma","Pontotoc County",5,32,576,279,297
050,40,123,"Oklahoma","Pontotoc County",5,33,555,257,298
050,40,123,"Oklahoma","Pontotoc County",5,34,523,248,275
050,40,123,"Oklahoma","Pontotoc County",5,35,530,269,261
050,40,123,"Oklahoma","Pontotoc County",5,36,490,250,240
050,40,123,"Oklahoma","Pontotoc County",5,37,525,284,241
050,40,123,"Oklahoma","Pontotoc County",5,38,491,251,240
050,40,123,"Oklahoma","Pontotoc County",5,39,512,271,241
050,40,123,"Oklahoma","Pontotoc County",5,40,511,262,249
050,40,123,"Oklahoma","Pontotoc County",5,41,471,246,225
050,40,123,"Oklahoma","Pontotoc County",5,42,468,233,235
050,40,123,"Oklahoma","Pontotoc County",5,43,479,237,242
050,40,123,"Oklahoma","Pontotoc County",5,44,480,238,242
050,40,123,"Oklahoma","Pontotoc County",5,45,444,228,216
050,40,123,"Oklahoma","Pontotoc County",5,46,418,209,209
050,40,123,"Oklahoma","Pontotoc County",5,47,403,189,214
050,40,123,"Oklahoma","Pontotoc County",5,48,431,191,240
050,40,123,"Oklahoma","Pontotoc County",5,49,401,190,211
050,40,123,"Oklahoma","Pontotoc County",5,50,382,189,193
050,40,123,"Oklahoma","Pontotoc County",5,51,396,208,188
050,40,123,"Oklahoma","Pontotoc County",5,52,432,217,215
050,40,123,"Oklahoma","Pontotoc County",5,53,422,207,215
050,40,123,"Oklahoma","Pontotoc County",5,54,422,219,203
050,40,123,"Oklahoma","Pontotoc County",5,55,385,188,197
050,40,123,"Oklahoma","Pontotoc County",5,56,391,181,210
050,40,123,"Oklahoma","Pontotoc County",5,57,404,194,210
050,40,123,"Oklahoma","Pontotoc County",5,58,440,219,221
050,40,123,"Oklahoma","Pontotoc County",5,59,449,222,227
050,40,123,"Oklahoma","Pontotoc County",5,60,500,236,264
050,40,123,"Oklahoma","Pontotoc County",5,61,476,233,243
050,40,123,"Oklahoma","Pontotoc County",5,62,462,229,233
050,40,123,"Oklahoma","Pontotoc County",5,63,490,242,248
050,40,123,"Oklahoma","Pontotoc County",5,64,490,244,246
050,40,123,"Oklahoma","Pontotoc County",5,65,429,202,227
050,40,123,"Oklahoma","Pontotoc County",5,66,417,188,229
050,40,123,"Oklahoma","Pontotoc County",5,67,409,192,217
050,40,123,"Oklahoma","Pontotoc County",5,68,386,170,216
050,40,123,"Oklahoma","Pontotoc County",5,69,346,162,184
050,40,123,"Oklahoma","Pontotoc County",5,70,365,164,201
050,40,123,"Oklahoma","Pontotoc County",5,71,372,162,210
050,40,123,"Oklahoma","Pontotoc County",5,72,352,168,184
050,40,123,"Oklahoma","Pontotoc County",5,73,311,149,162
050,40,123,"Oklahoma","Pontotoc County",5,74,326,152,174
050,40,123,"Oklahoma","Pontotoc County",5,75,322,152,170
050,40,123,"Oklahoma","Pontotoc County",5,76,341,166,175
050,40,123,"Oklahoma","Pontotoc County",5,77,229,99,130
050,40,123,"Oklahoma","Pontotoc County",5,78,232,103,129
050,40,123,"Oklahoma","Pontotoc County",5,79,230,98,132
050,40,123,"Oklahoma","Pontotoc County",5,80,206,80,126
050,40,123,"Oklahoma","Pontotoc County",5,81,167,66,101
050,40,123,"Oklahoma","Pontotoc County",5,82,172,78,94
050,40,123,"Oklahoma","Pontotoc County",5,83,151,66,85
050,40,123,"Oklahoma","Pontotoc County",5,84,139,52,87
050,40,123,"Oklahoma","Pontotoc County",5,85,739,256,483
050,40,125,"Oklahoma","Pottawatomie County",1,0,819,415,404
050,40,125,"Oklahoma","Pottawatomie County",1,1,802,386,416
050,40,125,"Oklahoma","Pottawatomie County",1,2,856,429,427
050,40,125,"Oklahoma","Pottawatomie County",1,3,879,447,432
050,40,125,"Oklahoma","Pottawatomie County",1,4,894,466,428
050,40,125,"Oklahoma","Pottawatomie County",1,5,924,496,428
050,40,125,"Oklahoma","Pottawatomie County",1,6,942,492,450
050,40,125,"Oklahoma","Pottawatomie County",1,7,935,488,447
050,40,125,"Oklahoma","Pottawatomie County",1,8,971,499,472
050,40,125,"Oklahoma","Pottawatomie County",1,9,981,494,487
050,40,125,"Oklahoma","Pottawatomie County",1,10,1025,521,504
050,40,125,"Oklahoma","Pottawatomie County",1,11,1052,521,531
050,40,125,"Oklahoma","Pottawatomie County",1,12,1025,542,483
050,40,125,"Oklahoma","Pottawatomie County",1,13,993,520,473
050,40,125,"Oklahoma","Pottawatomie County",1,14,961,503,458
050,40,125,"Oklahoma","Pottawatomie County",1,15,968,495,473
050,40,125,"Oklahoma","Pottawatomie County",1,16,974,500,474
050,40,125,"Oklahoma","Pottawatomie County",1,17,968,513,455
050,40,125,"Oklahoma","Pottawatomie County",1,18,1073,535,538
050,40,125,"Oklahoma","Pottawatomie County",1,19,1188,530,658
050,40,125,"Oklahoma","Pottawatomie County",1,20,1138,557,581
050,40,125,"Oklahoma","Pottawatomie County",1,21,1022,482,540
050,40,125,"Oklahoma","Pottawatomie County",1,22,974,467,507
050,40,125,"Oklahoma","Pottawatomie County",1,23,889,444,445
050,40,125,"Oklahoma","Pottawatomie County",1,24,837,413,424
050,40,125,"Oklahoma","Pottawatomie County",1,25,881,419,462
050,40,125,"Oklahoma","Pottawatomie County",1,26,899,420,479
050,40,125,"Oklahoma","Pottawatomie County",1,27,938,438,500
050,40,125,"Oklahoma","Pottawatomie County",1,28,952,425,527
050,40,125,"Oklahoma","Pottawatomie County",1,29,971,444,527
050,40,125,"Oklahoma","Pottawatomie County",1,30,941,441,500
050,40,125,"Oklahoma","Pottawatomie County",1,31,868,409,459
050,40,125,"Oklahoma","Pottawatomie County",1,32,887,417,470
050,40,125,"Oklahoma","Pottawatomie County",1,33,934,430,504
050,40,125,"Oklahoma","Pottawatomie County",1,34,876,430,446
050,40,125,"Oklahoma","Pottawatomie County",1,35,932,439,493
050,40,125,"Oklahoma","Pottawatomie County",1,36,913,426,487
050,40,125,"Oklahoma","Pottawatomie County",1,37,960,437,523
050,40,125,"Oklahoma","Pottawatomie County",1,38,960,429,531
050,40,125,"Oklahoma","Pottawatomie County",1,39,964,456,508
050,40,125,"Oklahoma","Pottawatomie County",1,40,955,455,500
050,40,125,"Oklahoma","Pottawatomie County",1,41,917,439,478
050,40,125,"Oklahoma","Pottawatomie County",1,42,864,430,434
050,40,125,"Oklahoma","Pottawatomie County",1,43,904,432,472
050,40,125,"Oklahoma","Pottawatomie County",1,44,883,420,463
050,40,125,"Oklahoma","Pottawatomie County",1,45,885,423,462
050,40,125,"Oklahoma","Pottawatomie County",1,46,878,431,447
050,40,125,"Oklahoma","Pottawatomie County",1,47,892,435,457
050,40,125,"Oklahoma","Pottawatomie County",1,48,885,413,472
050,40,125,"Oklahoma","Pottawatomie County",1,49,979,447,532
050,40,125,"Oklahoma","Pottawatomie County",1,50,910,429,481
050,40,125,"Oklahoma","Pottawatomie County",1,51,840,421,419
050,40,125,"Oklahoma","Pottawatomie County",1,52,847,410,437
050,40,125,"Oklahoma","Pottawatomie County",1,53,795,377,418
050,40,125,"Oklahoma","Pottawatomie County",1,54,837,425,412
050,40,125,"Oklahoma","Pottawatomie County",1,55,980,494,486
050,40,125,"Oklahoma","Pottawatomie County",1,56,997,489,508
050,40,125,"Oklahoma","Pottawatomie County",1,57,967,472,495
050,40,125,"Oklahoma","Pottawatomie County",1,58,950,441,509
050,40,125,"Oklahoma","Pottawatomie County",1,59,981,486,495
050,40,125,"Oklahoma","Pottawatomie County",1,60,967,461,506
050,40,125,"Oklahoma","Pottawatomie County",1,61,919,439,480
050,40,125,"Oklahoma","Pottawatomie County",1,62,897,426,471
050,40,125,"Oklahoma","Pottawatomie County",1,63,844,395,449
050,40,125,"Oklahoma","Pottawatomie County",1,64,852,424,428
050,40,125,"Oklahoma","Pottawatomie County",1,65,892,432,460
050,40,125,"Oklahoma","Pottawatomie County",1,66,830,386,444
050,40,125,"Oklahoma","Pottawatomie County",1,67,765,364,401
050,40,125,"Oklahoma","Pottawatomie County",1,68,730,338,392
050,40,125,"Oklahoma","Pottawatomie County",1,69,685,330,355
050,40,125,"Oklahoma","Pottawatomie County",1,70,693,324,369
050,40,125,"Oklahoma","Pottawatomie County",1,71,675,312,363
050,40,125,"Oklahoma","Pottawatomie County",1,72,645,295,350
050,40,125,"Oklahoma","Pottawatomie County",1,73,700,333,367
050,40,125,"Oklahoma","Pottawatomie County",1,74,484,214,270
050,40,125,"Oklahoma","Pottawatomie County",1,75,493,220,273
050,40,125,"Oklahoma","Pottawatomie County",1,76,511,243,268
050,40,125,"Oklahoma","Pottawatomie County",1,77,483,210,273
050,40,125,"Oklahoma","Pottawatomie County",1,78,428,196,232
050,40,125,"Oklahoma","Pottawatomie County",1,79,371,177,194
050,40,125,"Oklahoma","Pottawatomie County",1,80,331,146,185
050,40,125,"Oklahoma","Pottawatomie County",1,81,276,124,152
050,40,125,"Oklahoma","Pottawatomie County",1,82,260,108,152
050,40,125,"Oklahoma","Pottawatomie County",1,83,247,113,134
050,40,125,"Oklahoma","Pottawatomie County",1,84,205,87,118
050,40,125,"Oklahoma","Pottawatomie County",1,85,1163,423,740
050,40,125,"Oklahoma","Pottawatomie County",2,0,817,416,401
050,40,125,"Oklahoma","Pottawatomie County",2,1,806,391,415
050,40,125,"Oklahoma","Pottawatomie County",2,2,845,418,427
050,40,125,"Oklahoma","Pottawatomie County",2,3,871,443,428
050,40,125,"Oklahoma","Pottawatomie County",2,4,899,466,433
050,40,125,"Oklahoma","Pottawatomie County",2,5,925,491,434
050,40,125,"Oklahoma","Pottawatomie County",2,6,940,495,445
050,40,125,"Oklahoma","Pottawatomie County",2,7,941,492,449
050,40,125,"Oklahoma","Pottawatomie County",2,8,962,496,466
050,40,125,"Oklahoma","Pottawatomie County",2,9,974,495,479
050,40,125,"Oklahoma","Pottawatomie County",2,10,1014,512,502
050,40,125,"Oklahoma","Pottawatomie County",2,11,1040,520,520
050,40,125,"Oklahoma","Pottawatomie County",2,12,1034,540,494
050,40,125,"Oklahoma","Pottawatomie County",2,13,998,525,473
050,40,125,"Oklahoma","Pottawatomie County",2,14,968,507,461
050,40,125,"Oklahoma","Pottawatomie County",2,15,968,498,470
050,40,125,"Oklahoma","Pottawatomie County",2,16,978,504,474
050,40,125,"Oklahoma","Pottawatomie County",2,17,981,515,466
050,40,125,"Oklahoma","Pottawatomie County",2,18,1060,529,531
050,40,125,"Oklahoma","Pottawatomie County",2,19,1185,533,652
050,40,125,"Oklahoma","Pottawatomie County",2,20,1148,558,590
050,40,125,"Oklahoma","Pottawatomie County",2,21,1041,487,554
050,40,125,"Oklahoma","Pottawatomie County",2,22,972,465,507
050,40,125,"Oklahoma","Pottawatomie County",2,23,888,441,447
050,40,125,"Oklahoma","Pottawatomie County",2,24,843,415,428
050,40,125,"Oklahoma","Pottawatomie County",2,25,871,417,454
050,40,125,"Oklahoma","Pottawatomie County",2,26,899,422,477
050,40,125,"Oklahoma","Pottawatomie County",2,27,937,440,497
050,40,125,"Oklahoma","Pottawatomie County",2,28,946,427,519
050,40,125,"Oklahoma","Pottawatomie County",2,29,965,440,525
050,40,125,"Oklahoma","Pottawatomie County",2,30,953,443,510
050,40,125,"Oklahoma","Pottawatomie County",2,31,888,419,469
050,40,125,"Oklahoma","Pottawatomie County",2,32,884,417,467
050,40,125,"Oklahoma","Pottawatomie County",2,33,927,425,502
050,40,125,"Oklahoma","Pottawatomie County",2,34,884,432,452
050,40,125,"Oklahoma","Pottawatomie County",2,35,928,437,491
050,40,125,"Oklahoma","Pottawatomie County",2,36,911,430,481
050,40,125,"Oklahoma","Pottawatomie County",2,37,956,436,520
050,40,125,"Oklahoma","Pottawatomie County",2,38,962,435,527
050,40,125,"Oklahoma","Pottawatomie County",2,39,970,453,517
050,40,125,"Oklahoma","Pottawatomie County",2,40,971,464,507
050,40,125,"Oklahoma","Pottawatomie County",2,41,923,442,481
050,40,125,"Oklahoma","Pottawatomie County",2,42,871,431,440
050,40,125,"Oklahoma","Pottawatomie County",2,43,897,432,465
050,40,125,"Oklahoma","Pottawatomie County",2,44,879,422,457
050,40,125,"Oklahoma","Pottawatomie County",2,45,889,424,465
050,40,125,"Oklahoma","Pottawatomie County",2,46,881,434,447
050,40,125,"Oklahoma","Pottawatomie County",2,47,889,431,458
050,40,125,"Oklahoma","Pottawatomie County",2,48,880,416,464
050,40,125,"Oklahoma","Pottawatomie County",2,49,965,443,522
050,40,125,"Oklahoma","Pottawatomie County",2,50,924,430,494
050,40,125,"Oklahoma","Pottawatomie County",2,51,854,422,432
050,40,125,"Oklahoma","Pottawatomie County",2,52,843,411,432
050,40,125,"Oklahoma","Pottawatomie County",2,53,804,383,421
050,40,125,"Oklahoma","Pottawatomie County",2,54,823,413,410
050,40,125,"Oklahoma","Pottawatomie County",2,55,946,477,469
050,40,125,"Oklahoma","Pottawatomie County",2,56,992,492,500
050,40,125,"Oklahoma","Pottawatomie County",2,57,973,475,498
050,40,125,"Oklahoma","Pottawatomie County",2,58,955,449,506
050,40,125,"Oklahoma","Pottawatomie County",2,59,984,481,503
050,40,125,"Oklahoma","Pottawatomie County",2,60,973,469,504
050,40,125,"Oklahoma","Pottawatomie County",2,61,928,442,486
050,40,125,"Oklahoma","Pottawatomie County",2,62,901,427,474
050,40,125,"Oklahoma","Pottawatomie County",2,63,862,403,459
050,40,125,"Oklahoma","Pottawatomie County",2,64,845,413,432
050,40,125,"Oklahoma","Pottawatomie County",2,65,876,425,451
050,40,125,"Oklahoma","Pottawatomie County",2,66,840,392,448
050,40,125,"Oklahoma","Pottawatomie County",2,67,778,366,412
050,40,125,"Oklahoma","Pottawatomie County",2,68,728,339,389
050,40,125,"Oklahoma","Pottawatomie County",2,69,704,336,368
050,40,125,"Oklahoma","Pottawatomie County",2,70,681,320,361
050,40,125,"Oklahoma","Pottawatomie County",2,71,675,311,364
050,40,125,"Oklahoma","Pottawatomie County",2,72,640,293,347
050,40,125,"Oklahoma","Pottawatomie County",2,73,714,336,378
050,40,125,"Oklahoma","Pottawatomie County",2,74,500,227,273
050,40,125,"Oklahoma","Pottawatomie County",2,75,491,217,274
050,40,125,"Oklahoma","Pottawatomie County",2,76,499,231,268
050,40,125,"Oklahoma","Pottawatomie County",2,77,498,218,280
050,40,125,"Oklahoma","Pottawatomie County",2,78,425,191,234
050,40,125,"Oklahoma","Pottawatomie County",2,79,387,181,206
050,40,125,"Oklahoma","Pottawatomie County",2,80,329,151,178
050,40,125,"Oklahoma","Pottawatomie County",2,81,285,130,155
050,40,125,"Oklahoma","Pottawatomie County",2,82,256,108,148
050,40,125,"Oklahoma","Pottawatomie County",2,83,249,111,138
050,40,125,"Oklahoma","Pottawatomie County",2,84,208,89,119
050,40,125,"Oklahoma","Pottawatomie County",2,85,1165,422,743
050,40,125,"Oklahoma","Pottawatomie County",3,0,801,409,392
050,40,125,"Oklahoma","Pottawatomie County",3,1,892,468,424
050,40,125,"Oklahoma","Pottawatomie County",3,2,812,393,419
050,40,125,"Oklahoma","Pottawatomie County",3,3,865,449,416
050,40,125,"Oklahoma","Pottawatomie County",3,4,898,456,442
050,40,125,"Oklahoma","Pottawatomie County",3,5,899,462,437
050,40,125,"Oklahoma","Pottawatomie County",3,6,942,497,445
050,40,125,"Oklahoma","Pottawatomie County",3,7,932,494,438
050,40,125,"Oklahoma","Pottawatomie County",3,8,964,513,451
050,40,125,"Oklahoma","Pottawatomie County",3,9,971,497,474
050,40,125,"Oklahoma","Pottawatomie County",3,10,981,493,488
050,40,125,"Oklahoma","Pottawatomie County",3,11,1036,510,526
050,40,125,"Oklahoma","Pottawatomie County",3,12,1060,527,533
050,40,125,"Oklahoma","Pottawatomie County",3,13,1040,550,490
050,40,125,"Oklahoma","Pottawatomie County",3,14,1016,523,493
050,40,125,"Oklahoma","Pottawatomie County",3,15,957,496,461
050,40,125,"Oklahoma","Pottawatomie County",3,16,979,499,480
050,40,125,"Oklahoma","Pottawatomie County",3,17,986,513,473
050,40,125,"Oklahoma","Pottawatomie County",3,18,1049,534,515
050,40,125,"Oklahoma","Pottawatomie County",3,19,1136,524,612
050,40,125,"Oklahoma","Pottawatomie County",3,20,1160,556,604
050,40,125,"Oklahoma","Pottawatomie County",3,21,1080,497,583
050,40,125,"Oklahoma","Pottawatomie County",3,22,988,474,514
050,40,125,"Oklahoma","Pottawatomie County",3,23,925,487,438
050,40,125,"Oklahoma","Pottawatomie County",3,24,894,438,456
050,40,125,"Oklahoma","Pottawatomie County",3,25,851,422,429
050,40,125,"Oklahoma","Pottawatomie County",3,26,887,433,454
050,40,125,"Oklahoma","Pottawatomie County",3,27,911,422,489
050,40,125,"Oklahoma","Pottawatomie County",3,28,985,460,525
050,40,125,"Oklahoma","Pottawatomie County",3,29,938,416,522
050,40,125,"Oklahoma","Pottawatomie County",3,30,973,438,535
050,40,125,"Oklahoma","Pottawatomie County",3,31,989,454,535
050,40,125,"Oklahoma","Pottawatomie County",3,32,887,436,451
050,40,125,"Oklahoma","Pottawatomie County",3,33,952,441,511
050,40,125,"Oklahoma","Pottawatomie County",3,34,901,440,461
050,40,125,"Oklahoma","Pottawatomie County",3,35,923,436,487
050,40,125,"Oklahoma","Pottawatomie County",3,36,922,444,478
050,40,125,"Oklahoma","Pottawatomie County",3,37,928,432,496
050,40,125,"Oklahoma","Pottawatomie County",3,38,929,426,503
050,40,125,"Oklahoma","Pottawatomie County",3,39,951,430,521
050,40,125,"Oklahoma","Pottawatomie County",3,40,986,454,532
050,40,125,"Oklahoma","Pottawatomie County",3,41,978,462,516
050,40,125,"Oklahoma","Pottawatomie County",3,42,914,450,464
050,40,125,"Oklahoma","Pottawatomie County",3,43,853,418,435
050,40,125,"Oklahoma","Pottawatomie County",3,44,917,442,475
050,40,125,"Oklahoma","Pottawatomie County",3,45,872,410,462
050,40,125,"Oklahoma","Pottawatomie County",3,46,901,440,461
050,40,125,"Oklahoma","Pottawatomie County",3,47,878,408,470
050,40,125,"Oklahoma","Pottawatomie County",3,48,881,439,442
050,40,125,"Oklahoma","Pottawatomie County",3,49,893,434,459
050,40,125,"Oklahoma","Pottawatomie County",3,50,960,440,520
050,40,125,"Oklahoma","Pottawatomie County",3,51,941,446,495
050,40,125,"Oklahoma","Pottawatomie County",3,52,878,424,454
050,40,125,"Oklahoma","Pottawatomie County",3,53,830,404,426
050,40,125,"Oklahoma","Pottawatomie County",3,54,822,394,428
050,40,125,"Oklahoma","Pottawatomie County",3,55,830,417,413
050,40,125,"Oklahoma","Pottawatomie County",3,56,964,477,487
050,40,125,"Oklahoma","Pottawatomie County",3,57,984,483,501
050,40,125,"Oklahoma","Pottawatomie County",3,58,986,474,512
050,40,125,"Oklahoma","Pottawatomie County",3,59,966,461,505
050,40,125,"Oklahoma","Pottawatomie County",3,60,991,477,514
050,40,125,"Oklahoma","Pottawatomie County",3,61,940,453,487
050,40,125,"Oklahoma","Pottawatomie County",3,62,919,432,487
050,40,125,"Oklahoma","Pottawatomie County",3,63,899,415,484
050,40,125,"Oklahoma","Pottawatomie County",3,64,860,397,463
050,40,125,"Oklahoma","Pottawatomie County",3,65,852,411,441
050,40,125,"Oklahoma","Pottawatomie County",3,66,848,419,429
050,40,125,"Oklahoma","Pottawatomie County",3,67,826,393,433
050,40,125,"Oklahoma","Pottawatomie County",3,68,748,344,404
050,40,125,"Oklahoma","Pottawatomie County",3,69,717,338,379
050,40,125,"Oklahoma","Pottawatomie County",3,70,683,329,354
050,40,125,"Oklahoma","Pottawatomie County",3,71,659,319,340
050,40,125,"Oklahoma","Pottawatomie County",3,72,643,294,349
050,40,125,"Oklahoma","Pottawatomie County",3,73,645,304,341
050,40,125,"Oklahoma","Pottawatomie County",3,74,677,324,353
050,40,125,"Oklahoma","Pottawatomie County",3,75,462,200,262
050,40,125,"Oklahoma","Pottawatomie County",3,76,461,203,258
050,40,125,"Oklahoma","Pottawatomie County",3,77,456,203,253
050,40,125,"Oklahoma","Pottawatomie County",3,78,456,196,260
050,40,125,"Oklahoma","Pottawatomie County",3,79,399,173,226
050,40,125,"Oklahoma","Pottawatomie County",3,80,340,162,178
050,40,125,"Oklahoma","Pottawatomie County",3,81,310,135,175
050,40,125,"Oklahoma","Pottawatomie County",3,82,261,113,148
050,40,125,"Oklahoma","Pottawatomie County",3,83,242,101,141
050,40,125,"Oklahoma","Pottawatomie County",3,84,211,90,121
050,40,125,"Oklahoma","Pottawatomie County",3,85,1116,390,726
050,40,125,"Oklahoma","Pottawatomie County",4,0,831,441,390
050,40,125,"Oklahoma","Pottawatomie County",4,1,793,399,394
050,40,125,"Oklahoma","Pottawatomie County",4,2,908,456,452
050,40,125,"Oklahoma","Pottawatomie County",4,3,823,389,434
050,40,125,"Oklahoma","Pottawatomie County",4,4,865,444,421
050,40,125,"Oklahoma","Pottawatomie County",4,5,892,461,431
050,40,125,"Oklahoma","Pottawatomie County",4,6,905,452,453
050,40,125,"Oklahoma","Pottawatomie County",4,7,967,508,459
050,40,125,"Oklahoma","Pottawatomie County",4,8,948,492,456
050,40,125,"Oklahoma","Pottawatomie County",4,9,970,522,448
050,40,125,"Oklahoma","Pottawatomie County",4,10,988,503,485
050,40,125,"Oklahoma","Pottawatomie County",4,11,979,479,500
050,40,125,"Oklahoma","Pottawatomie County",4,12,1035,516,519
050,40,125,"Oklahoma","Pottawatomie County",4,13,1074,538,536
050,40,125,"Oklahoma","Pottawatomie County",4,14,1037,549,488
050,40,125,"Oklahoma","Pottawatomie County",4,15,1023,530,493
050,40,125,"Oklahoma","Pottawatomie County",4,16,991,515,476
050,40,125,"Oklahoma","Pottawatomie County",4,17,1003,487,516
050,40,125,"Oklahoma","Pottawatomie County",4,18,1053,523,530
050,40,125,"Oklahoma","Pottawatomie County",4,19,1123,524,599
050,40,125,"Oklahoma","Pottawatomie County",4,20,1120,559,561
050,40,125,"Oklahoma","Pottawatomie County",4,21,1077,481,596
050,40,125,"Oklahoma","Pottawatomie County",4,22,1048,496,552
050,40,125,"Oklahoma","Pottawatomie County",4,23,948,481,467
050,40,125,"Oklahoma","Pottawatomie County",4,24,911,475,436
050,40,125,"Oklahoma","Pottawatomie County",4,25,895,445,450
050,40,125,"Oklahoma","Pottawatomie County",4,26,868,435,433
050,40,125,"Oklahoma","Pottawatomie County",4,27,919,458,461
050,40,125,"Oklahoma","Pottawatomie County",4,28,924,409,515
050,40,125,"Oklahoma","Pottawatomie County",4,29,992,465,527
050,40,125,"Oklahoma","Pottawatomie County",4,30,953,423,530
050,40,125,"Oklahoma","Pottawatomie County",4,31,956,431,525
050,40,125,"Oklahoma","Pottawatomie County",4,32,983,464,519
050,40,125,"Oklahoma","Pottawatomie County",4,33,890,427,463
050,40,125,"Oklahoma","Pottawatomie County",4,34,921,443,478
050,40,125,"Oklahoma","Pottawatomie County",4,35,906,415,491
050,40,125,"Oklahoma","Pottawatomie County",4,36,913,443,470
050,40,125,"Oklahoma","Pottawatomie County",4,37,938,439,499
050,40,125,"Oklahoma","Pottawatomie County",4,38,928,442,486
050,40,125,"Oklahoma","Pottawatomie County",4,39,949,440,509
050,40,125,"Oklahoma","Pottawatomie County",4,40,955,431,524
050,40,125,"Oklahoma","Pottawatomie County",4,41,970,447,523
050,40,125,"Oklahoma","Pottawatomie County",4,42,960,462,498
050,40,125,"Oklahoma","Pottawatomie County",4,43,954,473,481
050,40,125,"Oklahoma","Pottawatomie County",4,44,866,428,438
050,40,125,"Oklahoma","Pottawatomie County",4,45,913,435,478
050,40,125,"Oklahoma","Pottawatomie County",4,46,906,428,478
050,40,125,"Oklahoma","Pottawatomie County",4,47,875,408,467
050,40,125,"Oklahoma","Pottawatomie County",4,48,839,396,443
050,40,125,"Oklahoma","Pottawatomie County",4,49,900,454,446
050,40,125,"Oklahoma","Pottawatomie County",4,50,897,443,454
050,40,125,"Oklahoma","Pottawatomie County",4,51,962,437,525
050,40,125,"Oklahoma","Pottawatomie County",4,52,960,447,513
050,40,125,"Oklahoma","Pottawatomie County",4,53,839,410,429
050,40,125,"Oklahoma","Pottawatomie County",4,54,840,409,431
050,40,125,"Oklahoma","Pottawatomie County",4,55,822,395,427
050,40,125,"Oklahoma","Pottawatomie County",4,56,833,417,416
050,40,125,"Oklahoma","Pottawatomie County",4,57,973,481,492
050,40,125,"Oklahoma","Pottawatomie County",4,58,993,485,508
050,40,125,"Oklahoma","Pottawatomie County",4,59,993,475,518
050,40,125,"Oklahoma","Pottawatomie County",4,60,960,449,511
050,40,125,"Oklahoma","Pottawatomie County",4,61,989,472,517
050,40,125,"Oklahoma","Pottawatomie County",4,62,927,444,483
050,40,125,"Oklahoma","Pottawatomie County",4,63,905,415,490
050,40,125,"Oklahoma","Pottawatomie County",4,64,882,408,474
050,40,125,"Oklahoma","Pottawatomie County",4,65,870,402,468
050,40,125,"Oklahoma","Pottawatomie County",4,66,829,399,430
050,40,125,"Oklahoma","Pottawatomie County",4,67,839,415,424
050,40,125,"Oklahoma","Pottawatomie County",4,68,809,384,425
050,40,125,"Oklahoma","Pottawatomie County",4,69,736,335,401
050,40,125,"Oklahoma","Pottawatomie County",4,70,713,332,381
050,40,125,"Oklahoma","Pottawatomie County",4,71,668,320,348
050,40,125,"Oklahoma","Pottawatomie County",4,72,628,302,326
050,40,125,"Oklahoma","Pottawatomie County",4,73,628,299,329
050,40,125,"Oklahoma","Pottawatomie County",4,74,620,288,332
050,40,125,"Oklahoma","Pottawatomie County",4,75,625,294,331
050,40,125,"Oklahoma","Pottawatomie County",4,76,431,188,243
050,40,125,"Oklahoma","Pottawatomie County",4,77,428,174,254
050,40,125,"Oklahoma","Pottawatomie County",4,78,432,193,239
050,40,125,"Oklahoma","Pottawatomie County",4,79,443,187,256
050,40,125,"Oklahoma","Pottawatomie County",4,80,356,153,203
050,40,125,"Oklahoma","Pottawatomie County",4,81,323,143,180
050,40,125,"Oklahoma","Pottawatomie County",4,82,277,119,158
050,40,125,"Oklahoma","Pottawatomie County",4,83,244,107,137
050,40,125,"Oklahoma","Pottawatomie County",4,84,197,79,118
050,40,125,"Oklahoma","Pottawatomie County",4,85,1095,392,703
050,40,125,"Oklahoma","Pottawatomie County",5,0,826,439,387
050,40,125,"Oklahoma","Pottawatomie County",5,1,822,425,397
050,40,125,"Oklahoma","Pottawatomie County",5,2,801,391,410
050,40,125,"Oklahoma","Pottawatomie County",5,3,897,449,448
050,40,125,"Oklahoma","Pottawatomie County",5,4,858,416,442
050,40,125,"Oklahoma","Pottawatomie County",5,5,894,460,434
050,40,125,"Oklahoma","Pottawatomie County",5,6,901,456,445
050,40,125,"Oklahoma","Pottawatomie County",5,7,905,452,453
050,40,125,"Oklahoma","Pottawatomie County",5,8,987,523,464
050,40,125,"Oklahoma","Pottawatomie County",5,9,946,490,456
050,40,125,"Oklahoma","Pottawatomie County",5,10,966,514,452
050,40,125,"Oklahoma","Pottawatomie County",5,11,964,491,473
050,40,125,"Oklahoma","Pottawatomie County",5,12,970,477,493
050,40,125,"Oklahoma","Pottawatomie County",5,13,1015,500,515
050,40,125,"Oklahoma","Pottawatomie County",5,14,1093,548,545
050,40,125,"Oklahoma","Pottawatomie County",5,15,1040,549,491
050,40,125,"Oklahoma","Pottawatomie County",5,16,1053,558,495
050,40,125,"Oklahoma","Pottawatomie County",5,17,1005,526,479
050,40,125,"Oklahoma","Pottawatomie County",5,18,1059,506,553
050,40,125,"Oklahoma","Pottawatomie County",5,19,1136,519,617
050,40,125,"Oklahoma","Pottawatomie County",5,20,1111,568,543
050,40,125,"Oklahoma","Pottawatomie County",5,21,1054,510,544
050,40,125,"Oklahoma","Pottawatomie County",5,22,1017,473,544
050,40,125,"Oklahoma","Pottawatomie County",5,23,985,489,496
050,40,125,"Oklahoma","Pottawatomie County",5,24,964,475,489
050,40,125,"Oklahoma","Pottawatomie County",5,25,913,472,441
050,40,125,"Oklahoma","Pottawatomie County",5,26,907,449,458
050,40,125,"Oklahoma","Pottawatomie County",5,27,905,437,468
050,40,125,"Oklahoma","Pottawatomie County",5,28,934,447,487
050,40,125,"Oklahoma","Pottawatomie County",5,29,937,431,506
050,40,125,"Oklahoma","Pottawatomie County",5,30,961,447,514
050,40,125,"Oklahoma","Pottawatomie County",5,31,946,422,524
050,40,125,"Oklahoma","Pottawatomie County",5,32,979,445,534
050,40,125,"Oklahoma","Pottawatomie County",5,33,998,447,551
050,40,125,"Oklahoma","Pottawatomie County",5,34,872,443,429
050,40,125,"Oklahoma","Pottawatomie County",5,35,932,440,492
050,40,125,"Oklahoma","Pottawatomie County",5,36,904,428,476
050,40,125,"Oklahoma","Pottawatomie County",5,37,935,443,492
050,40,125,"Oklahoma","Pottawatomie County",5,38,889,428,461
050,40,125,"Oklahoma","Pottawatomie County",5,39,957,449,508
050,40,125,"Oklahoma","Pottawatomie County",5,40,976,454,522
050,40,125,"Oklahoma","Pottawatomie County",5,41,971,435,536
050,40,125,"Oklahoma","Pottawatomie County",5,42,992,465,527
050,40,125,"Oklahoma","Pottawatomie County",5,43,984,466,518
050,40,125,"Oklahoma","Pottawatomie County",5,44,960,480,480
050,40,125,"Oklahoma","Pottawatomie County",5,45,872,429,443
050,40,125,"Oklahoma","Pottawatomie County",5,46,929,448,481
050,40,125,"Oklahoma","Pottawatomie County",5,47,923,434,489
050,40,125,"Oklahoma","Pottawatomie County",5,48,865,428,437
050,40,125,"Oklahoma","Pottawatomie County",5,49,840,396,444
050,40,125,"Oklahoma","Pottawatomie County",5,50,862,434,428
050,40,125,"Oklahoma","Pottawatomie County",5,51,902,442,460
050,40,125,"Oklahoma","Pottawatomie County",5,52,984,448,536
050,40,125,"Oklahoma","Pottawatomie County",5,53,974,444,530
050,40,125,"Oklahoma","Pottawatomie County",5,54,836,407,429
050,40,125,"Oklahoma","Pottawatomie County",5,55,850,421,429
050,40,125,"Oklahoma","Pottawatomie County",5,56,825,398,427
050,40,125,"Oklahoma","Pottawatomie County",5,57,833,414,419
050,40,125,"Oklahoma","Pottawatomie County",5,58,965,469,496
050,40,125,"Oklahoma","Pottawatomie County",5,59,987,491,496
050,40,125,"Oklahoma","Pottawatomie County",5,60,1001,477,524
050,40,125,"Oklahoma","Pottawatomie County",5,61,943,433,510
050,40,125,"Oklahoma","Pottawatomie County",5,62,993,482,511
050,40,125,"Oklahoma","Pottawatomie County",5,63,926,453,473
050,40,125,"Oklahoma","Pottawatomie County",5,64,885,399,486
050,40,125,"Oklahoma","Pottawatomie County",5,65,883,397,486
050,40,125,"Oklahoma","Pottawatomie County",5,66,857,395,462
050,40,125,"Oklahoma","Pottawatomie County",5,67,833,407,426
050,40,125,"Oklahoma","Pottawatomie County",5,68,822,407,415
050,40,125,"Oklahoma","Pottawatomie County",5,69,815,392,423
050,40,125,"Oklahoma","Pottawatomie County",5,70,721,331,390
050,40,125,"Oklahoma","Pottawatomie County",5,71,689,323,366
050,40,125,"Oklahoma","Pottawatomie County",5,72,648,308,340
050,40,125,"Oklahoma","Pottawatomie County",5,73,613,298,315
050,40,125,"Oklahoma","Pottawatomie County",5,74,602,285,317
050,40,125,"Oklahoma","Pottawatomie County",5,75,586,264,322
050,40,125,"Oklahoma","Pottawatomie County",5,76,611,286,325
050,40,125,"Oklahoma","Pottawatomie County",5,77,406,169,237
050,40,125,"Oklahoma","Pottawatomie County",5,78,404,167,237
050,40,125,"Oklahoma","Pottawatomie County",5,79,416,181,235
050,40,125,"Oklahoma","Pottawatomie County",5,80,399,169,230
050,40,125,"Oklahoma","Pottawatomie County",5,81,339,139,200
050,40,125,"Oklahoma","Pottawatomie County",5,82,296,129,167
050,40,125,"Oklahoma","Pottawatomie County",5,83,260,109,151
050,40,125,"Oklahoma","Pottawatomie County",5,84,208,86,122
050,40,125,"Oklahoma","Pottawatomie County",5,85,1067,396,671
050,40,127,"Oklahoma","Pushmataha County",1,0,103,54,49
050,40,127,"Oklahoma","Pushmataha County",1,1,116,61,55
050,40,127,"Oklahoma","Pushmataha County",1,2,107,51,56
050,40,127,"Oklahoma","Pushmataha County",1,3,131,67,64
050,40,127,"Oklahoma","Pushmataha County",1,4,134,63,71
050,40,127,"Oklahoma","Pushmataha County",1,5,140,69,71
050,40,127,"Oklahoma","Pushmataha County",1,6,135,69,66
050,40,127,"Oklahoma","Pushmataha County",1,7,129,67,62
050,40,127,"Oklahoma","Pushmataha County",1,8,137,62,75
050,40,127,"Oklahoma","Pushmataha County",1,9,115,53,62
050,40,127,"Oklahoma","Pushmataha County",1,10,135,67,68
050,40,127,"Oklahoma","Pushmataha County",1,11,140,76,64
050,40,127,"Oklahoma","Pushmataha County",1,12,145,73,72
050,40,127,"Oklahoma","Pushmataha County",1,13,154,70,84
050,40,127,"Oklahoma","Pushmataha County",1,14,144,85,59
050,40,127,"Oklahoma","Pushmataha County",1,15,129,68,61
050,40,127,"Oklahoma","Pushmataha County",1,16,142,76,66
050,40,127,"Oklahoma","Pushmataha County",1,17,138,68,70
050,40,127,"Oklahoma","Pushmataha County",1,18,114,65,49
050,40,127,"Oklahoma","Pushmataha County",1,19,99,52,47
050,40,127,"Oklahoma","Pushmataha County",1,20,107,55,52
050,40,127,"Oklahoma","Pushmataha County",1,21,110,59,51
050,40,127,"Oklahoma","Pushmataha County",1,22,102,54,48
050,40,127,"Oklahoma","Pushmataha County",1,23,93,50,43
050,40,127,"Oklahoma","Pushmataha County",1,24,116,61,55
050,40,127,"Oklahoma","Pushmataha County",1,25,103,48,55
050,40,127,"Oklahoma","Pushmataha County",1,26,107,54,53
050,40,127,"Oklahoma","Pushmataha County",1,27,129,59,70
050,40,127,"Oklahoma","Pushmataha County",1,28,116,58,58
050,40,127,"Oklahoma","Pushmataha County",1,29,116,51,65
050,40,127,"Oklahoma","Pushmataha County",1,30,128,59,69
050,40,127,"Oklahoma","Pushmataha County",1,31,118,58,60
050,40,127,"Oklahoma","Pushmataha County",1,32,118,63,55
050,40,127,"Oklahoma","Pushmataha County",1,33,131,59,72
050,40,127,"Oklahoma","Pushmataha County",1,34,125,65,60
050,40,127,"Oklahoma","Pushmataha County",1,35,123,66,57
050,40,127,"Oklahoma","Pushmataha County",1,36,108,50,58
050,40,127,"Oklahoma","Pushmataha County",1,37,124,66,58
050,40,127,"Oklahoma","Pushmataha County",1,38,121,69,52
050,40,127,"Oklahoma","Pushmataha County",1,39,133,73,60
050,40,127,"Oklahoma","Pushmataha County",1,40,130,71,59
050,40,127,"Oklahoma","Pushmataha County",1,41,122,65,57
050,40,127,"Oklahoma","Pushmataha County",1,42,112,57,55
050,40,127,"Oklahoma","Pushmataha County",1,43,117,65,52
050,40,127,"Oklahoma","Pushmataha County",1,44,110,54,56
050,40,127,"Oklahoma","Pushmataha County",1,45,97,46,51
050,40,127,"Oklahoma","Pushmataha County",1,46,112,56,56
050,40,127,"Oklahoma","Pushmataha County",1,47,99,52,47
050,40,127,"Oklahoma","Pushmataha County",1,48,106,54,52
050,40,127,"Oklahoma","Pushmataha County",1,49,132,65,67
050,40,127,"Oklahoma","Pushmataha County",1,50,139,65,74
050,40,127,"Oklahoma","Pushmataha County",1,51,136,59,77
050,40,127,"Oklahoma","Pushmataha County",1,52,131,62,69
050,40,127,"Oklahoma","Pushmataha County",1,53,136,64,72
050,40,127,"Oklahoma","Pushmataha County",1,54,157,71,86
050,40,127,"Oklahoma","Pushmataha County",1,55,167,79,88
050,40,127,"Oklahoma","Pushmataha County",1,56,161,84,77
050,40,127,"Oklahoma","Pushmataha County",1,57,162,86,76
050,40,127,"Oklahoma","Pushmataha County",1,58,166,76,90
050,40,127,"Oklahoma","Pushmataha County",1,59,169,75,94
050,40,127,"Oklahoma","Pushmataha County",1,60,168,94,74
050,40,127,"Oklahoma","Pushmataha County",1,61,173,86,87
050,40,127,"Oklahoma","Pushmataha County",1,62,145,66,79
050,40,127,"Oklahoma","Pushmataha County",1,63,150,81,69
050,40,127,"Oklahoma","Pushmataha County",1,64,134,68,66
050,40,127,"Oklahoma","Pushmataha County",1,65,135,73,62
050,40,127,"Oklahoma","Pushmataha County",1,66,160,79,81
050,40,127,"Oklahoma","Pushmataha County",1,67,161,79,82
050,40,127,"Oklahoma","Pushmataha County",1,68,150,69,81
050,40,127,"Oklahoma","Pushmataha County",1,69,137,59,78
050,40,127,"Oklahoma","Pushmataha County",1,70,137,63,74
050,40,127,"Oklahoma","Pushmataha County",1,71,135,65,70
050,40,127,"Oklahoma","Pushmataha County",1,72,138,66,72
050,40,127,"Oklahoma","Pushmataha County",1,73,126,60,66
050,40,127,"Oklahoma","Pushmataha County",1,74,108,45,63
050,40,127,"Oklahoma","Pushmataha County",1,75,110,49,61
050,40,127,"Oklahoma","Pushmataha County",1,76,112,50,62
050,40,127,"Oklahoma","Pushmataha County",1,77,106,46,60
050,40,127,"Oklahoma","Pushmataha County",1,78,85,45,40
050,40,127,"Oklahoma","Pushmataha County",1,79,76,36,40
050,40,127,"Oklahoma","Pushmataha County",1,80,79,38,41
050,40,127,"Oklahoma","Pushmataha County",1,81,73,34,39
050,40,127,"Oklahoma","Pushmataha County",1,82,57,25,32
050,40,127,"Oklahoma","Pushmataha County",1,83,59,30,29
050,40,127,"Oklahoma","Pushmataha County",1,84,52,25,27
050,40,127,"Oklahoma","Pushmataha County",1,85,269,119,150
050,40,127,"Oklahoma","Pushmataha County",2,0,101,53,48
050,40,127,"Oklahoma","Pushmataha County",2,1,115,61,54
050,40,127,"Oklahoma","Pushmataha County",2,2,111,55,56
050,40,127,"Oklahoma","Pushmataha County",2,3,125,63,62
050,40,127,"Oklahoma","Pushmataha County",2,4,132,64,68
050,40,127,"Oklahoma","Pushmataha County",2,5,138,67,71
050,40,127,"Oklahoma","Pushmataha County",2,6,138,70,68
050,40,127,"Oklahoma","Pushmataha County",2,7,130,67,63
050,40,127,"Oklahoma","Pushmataha County",2,8,131,60,71
050,40,127,"Oklahoma","Pushmataha County",2,9,119,55,64
050,40,127,"Oklahoma","Pushmataha County",2,10,129,62,67
050,40,127,"Oklahoma","Pushmataha County",2,11,139,73,66
050,40,127,"Oklahoma","Pushmataha County",2,12,144,72,72
050,40,127,"Oklahoma","Pushmataha County",2,13,151,71,80
050,40,127,"Oklahoma","Pushmataha County",2,14,145,80,65
050,40,127,"Oklahoma","Pushmataha County",2,15,132,72,60
050,40,127,"Oklahoma","Pushmataha County",2,16,138,74,64
050,40,127,"Oklahoma","Pushmataha County",2,17,135,68,67
050,40,127,"Oklahoma","Pushmataha County",2,18,113,63,50
050,40,127,"Oklahoma","Pushmataha County",2,19,98,53,45
050,40,127,"Oklahoma","Pushmataha County",2,20,108,56,52
050,40,127,"Oklahoma","Pushmataha County",2,21,111,59,52
050,40,127,"Oklahoma","Pushmataha County",2,22,104,55,49
050,40,127,"Oklahoma","Pushmataha County",2,23,95,52,43
050,40,127,"Oklahoma","Pushmataha County",2,24,110,59,51
050,40,127,"Oklahoma","Pushmataha County",2,25,107,52,55
050,40,127,"Oklahoma","Pushmataha County",2,26,108,53,55
050,40,127,"Oklahoma","Pushmataha County",2,27,126,59,67
050,40,127,"Oklahoma","Pushmataha County",2,28,121,59,62
050,40,127,"Oklahoma","Pushmataha County",2,29,117,52,65
050,40,127,"Oklahoma","Pushmataha County",2,30,128,59,69
050,40,127,"Oklahoma","Pushmataha County",2,31,118,58,60
050,40,127,"Oklahoma","Pushmataha County",2,32,116,60,56
050,40,127,"Oklahoma","Pushmataha County",2,33,127,61,66
050,40,127,"Oklahoma","Pushmataha County",2,34,127,64,63
050,40,127,"Oklahoma","Pushmataha County",2,35,123,66,57
050,40,127,"Oklahoma","Pushmataha County",2,36,111,53,58
050,40,127,"Oklahoma","Pushmataha County",2,37,122,63,59
050,40,127,"Oklahoma","Pushmataha County",2,38,124,70,54
050,40,127,"Oklahoma","Pushmataha County",2,39,130,72,58
050,40,127,"Oklahoma","Pushmataha County",2,40,135,73,62
050,40,127,"Oklahoma","Pushmataha County",2,41,123,66,57
050,40,127,"Oklahoma","Pushmataha County",2,42,113,58,55
050,40,127,"Oklahoma","Pushmataha County",2,43,116,63,53
050,40,127,"Oklahoma","Pushmataha County",2,44,110,56,54
050,40,127,"Oklahoma","Pushmataha County",2,45,102,47,55
050,40,127,"Oklahoma","Pushmataha County",2,46,106,53,53
050,40,127,"Oklahoma","Pushmataha County",2,47,101,52,49
050,40,127,"Oklahoma","Pushmataha County",2,48,104,55,49
050,40,127,"Oklahoma","Pushmataha County",2,49,127,63,64
050,40,127,"Oklahoma","Pushmataha County",2,50,137,63,74
050,40,127,"Oklahoma","Pushmataha County",2,51,137,61,76
050,40,127,"Oklahoma","Pushmataha County",2,52,132,61,71
050,40,127,"Oklahoma","Pushmataha County",2,53,132,62,70
050,40,127,"Oklahoma","Pushmataha County",2,54,150,68,82
050,40,127,"Oklahoma","Pushmataha County",2,55,166,78,88
050,40,127,"Oklahoma","Pushmataha County",2,56,164,83,81
050,40,127,"Oklahoma","Pushmataha County",2,57,162,85,77
050,40,127,"Oklahoma","Pushmataha County",2,58,167,79,88
050,40,127,"Oklahoma","Pushmataha County",2,59,169,76,93
050,40,127,"Oklahoma","Pushmataha County",2,60,171,90,81
050,40,127,"Oklahoma","Pushmataha County",2,61,170,86,84
050,40,127,"Oklahoma","Pushmataha County",2,62,150,71,79
050,40,127,"Oklahoma","Pushmataha County",2,63,150,78,72
050,40,127,"Oklahoma","Pushmataha County",2,64,137,71,66
050,40,127,"Oklahoma","Pushmataha County",2,65,134,72,62
050,40,127,"Oklahoma","Pushmataha County",2,66,152,77,75
050,40,127,"Oklahoma","Pushmataha County",2,67,160,79,81
050,40,127,"Oklahoma","Pushmataha County",2,68,151,70,81
050,40,127,"Oklahoma","Pushmataha County",2,69,140,61,79
050,40,127,"Oklahoma","Pushmataha County",2,70,139,63,76
050,40,127,"Oklahoma","Pushmataha County",2,71,135,64,71
050,40,127,"Oklahoma","Pushmataha County",2,72,135,64,71
050,40,127,"Oklahoma","Pushmataha County",2,73,132,63,69
050,40,127,"Oklahoma","Pushmataha County",2,74,105,46,59
050,40,127,"Oklahoma","Pushmataha County",2,75,110,48,62
050,40,127,"Oklahoma","Pushmataha County",2,76,112,50,62
050,40,127,"Oklahoma","Pushmataha County",2,77,107,46,61
050,40,127,"Oklahoma","Pushmataha County",2,78,88,44,44
050,40,127,"Oklahoma","Pushmataha County",2,79,76,37,39
050,40,127,"Oklahoma","Pushmataha County",2,80,77,38,39
050,40,127,"Oklahoma","Pushmataha County",2,81,74,35,39
050,40,127,"Oklahoma","Pushmataha County",2,82,59,26,33
050,40,127,"Oklahoma","Pushmataha County",2,83,58,29,29
050,40,127,"Oklahoma","Pushmataha County",2,84,52,26,26
050,40,127,"Oklahoma","Pushmataha County",2,85,268,120,148
050,40,127,"Oklahoma","Pushmataha County",3,0,114,64,50
050,40,127,"Oklahoma","Pushmataha County",3,1,102,50,52
050,40,127,"Oklahoma","Pushmataha County",3,2,112,61,51
050,40,127,"Oklahoma","Pushmataha County",3,3,107,53,54
050,40,127,"Oklahoma","Pushmataha County",3,4,119,54,65
050,40,127,"Oklahoma","Pushmataha County",3,5,123,64,59
050,40,127,"Oklahoma","Pushmataha County",3,6,133,65,68
050,40,127,"Oklahoma","Pushmataha County",3,7,136,67,69
050,40,127,"Oklahoma","Pushmataha County",3,8,131,71,60
050,40,127,"Oklahoma","Pushmataha County",3,9,128,60,68
050,40,127,"Oklahoma","Pushmataha County",3,10,125,59,66
050,40,127,"Oklahoma","Pushmataha County",3,11,132,65,67
050,40,127,"Oklahoma","Pushmataha County",3,12,134,71,63
050,40,127,"Oklahoma","Pushmataha County",3,13,140,71,69
050,40,127,"Oklahoma","Pushmataha County",3,14,146,70,76
050,40,127,"Oklahoma","Pushmataha County",3,15,148,87,61
050,40,127,"Oklahoma","Pushmataha County",3,16,135,71,64
050,40,127,"Oklahoma","Pushmataha County",3,17,143,77,66
050,40,127,"Oklahoma","Pushmataha County",3,18,114,57,57
050,40,127,"Oklahoma","Pushmataha County",3,19,95,50,45
050,40,127,"Oklahoma","Pushmataha County",3,20,100,54,46
050,40,127,"Oklahoma","Pushmataha County",3,21,107,56,51
050,40,127,"Oklahoma","Pushmataha County",3,22,112,61,51
050,40,127,"Oklahoma","Pushmataha County",3,23,111,57,54
050,40,127,"Oklahoma","Pushmataha County",3,24,101,56,45
050,40,127,"Oklahoma","Pushmataha County",3,25,114,60,54
050,40,127,"Oklahoma","Pushmataha County",3,26,109,52,57
050,40,127,"Oklahoma","Pushmataha County",3,27,105,54,51
050,40,127,"Oklahoma","Pushmataha County",3,28,125,55,70
050,40,127,"Oklahoma","Pushmataha County",3,29,124,59,65
050,40,127,"Oklahoma","Pushmataha County",3,30,120,54,66
050,40,127,"Oklahoma","Pushmataha County",3,31,121,54,67
050,40,127,"Oklahoma","Pushmataha County",3,32,116,57,59
050,40,127,"Oklahoma","Pushmataha County",3,33,122,60,62
050,40,127,"Oklahoma","Pushmataha County",3,34,126,61,65
050,40,127,"Oklahoma","Pushmataha County",3,35,131,67,64
050,40,127,"Oklahoma","Pushmataha County",3,36,127,67,60
050,40,127,"Oklahoma","Pushmataha County",3,37,113,52,61
050,40,127,"Oklahoma","Pushmataha County",3,38,123,63,60
050,40,127,"Oklahoma","Pushmataha County",3,39,128,77,51
050,40,127,"Oklahoma","Pushmataha County",3,40,131,73,58
050,40,127,"Oklahoma","Pushmataha County",3,41,133,70,63
050,40,127,"Oklahoma","Pushmataha County",3,42,124,66,58
050,40,127,"Oklahoma","Pushmataha County",3,43,113,60,53
050,40,127,"Oklahoma","Pushmataha County",3,44,112,60,52
050,40,127,"Oklahoma","Pushmataha County",3,45,110,55,55
050,40,127,"Oklahoma","Pushmataha County",3,46,110,53,57
050,40,127,"Oklahoma","Pushmataha County",3,47,112,57,55
050,40,127,"Oklahoma","Pushmataha County",3,48,105,52,53
050,40,127,"Oklahoma","Pushmataha County",3,49,109,58,51
050,40,127,"Oklahoma","Pushmataha County",3,50,134,69,65
050,40,127,"Oklahoma","Pushmataha County",3,51,136,61,75
050,40,127,"Oklahoma","Pushmataha County",3,52,134,60,74
050,40,127,"Oklahoma","Pushmataha County",3,53,132,60,72
050,40,127,"Oklahoma","Pushmataha County",3,54,128,59,69
050,40,127,"Oklahoma","Pushmataha County",3,55,153,70,83
050,40,127,"Oklahoma","Pushmataha County",3,56,171,81,90
050,40,127,"Oklahoma","Pushmataha County",3,57,167,88,79
050,40,127,"Oklahoma","Pushmataha County",3,58,161,88,73
050,40,127,"Oklahoma","Pushmataha County",3,59,162,77,85
050,40,127,"Oklahoma","Pushmataha County",3,60,176,80,96
050,40,127,"Oklahoma","Pushmataha County",3,61,171,92,79
050,40,127,"Oklahoma","Pushmataha County",3,62,169,88,81
050,40,127,"Oklahoma","Pushmataha County",3,63,154,74,80
050,40,127,"Oklahoma","Pushmataha County",3,64,158,79,79
050,40,127,"Oklahoma","Pushmataha County",3,65,135,69,66
050,40,127,"Oklahoma","Pushmataha County",3,66,130,67,63
050,40,127,"Oklahoma","Pushmataha County",3,67,151,77,74
050,40,127,"Oklahoma","Pushmataha County",3,68,168,86,82
050,40,127,"Oklahoma","Pushmataha County",3,69,148,70,78
050,40,127,"Oklahoma","Pushmataha County",3,70,137,60,77
050,40,127,"Oklahoma","Pushmataha County",3,71,133,59,74
050,40,127,"Oklahoma","Pushmataha County",3,72,130,59,71
050,40,127,"Oklahoma","Pushmataha County",3,73,130,60,70
050,40,127,"Oklahoma","Pushmataha County",3,74,130,63,67
050,40,127,"Oklahoma","Pushmataha County",3,75,100,45,55
050,40,127,"Oklahoma","Pushmataha County",3,76,101,45,56
050,40,127,"Oklahoma","Pushmataha County",3,77,105,50,55
050,40,127,"Oklahoma","Pushmataha County",3,78,102,39,63
050,40,127,"Oklahoma","Pushmataha County",3,79,87,43,44
050,40,127,"Oklahoma","Pushmataha County",3,80,69,37,32
050,40,127,"Oklahoma","Pushmataha County",3,81,61,28,33
050,40,127,"Oklahoma","Pushmataha County",3,82,68,29,39
050,40,127,"Oklahoma","Pushmataha County",3,83,58,23,35
050,40,127,"Oklahoma","Pushmataha County",3,84,45,18,27
050,40,127,"Oklahoma","Pushmataha County",3,85,262,120,142
050,40,127,"Oklahoma","Pushmataha County",4,0,111,55,56
050,40,127,"Oklahoma","Pushmataha County",4,1,113,65,48
050,40,127,"Oklahoma","Pushmataha County",4,2,115,60,55
050,40,127,"Oklahoma","Pushmataha County",4,3,108,64,44
050,40,127,"Oklahoma","Pushmataha County",4,4,105,52,53
050,40,127,"Oklahoma","Pushmataha County",4,5,120,56,64
050,40,127,"Oklahoma","Pushmataha County",4,6,130,65,65
050,40,127,"Oklahoma","Pushmataha County",4,7,142,64,78
050,40,127,"Oklahoma","Pushmataha County",4,8,136,63,73
050,40,127,"Oklahoma","Pushmataha County",4,9,120,62,58
050,40,127,"Oklahoma","Pushmataha County",4,10,134,61,73
050,40,127,"Oklahoma","Pushmataha County",4,11,119,54,65
050,40,127,"Oklahoma","Pushmataha County",4,12,136,68,68
050,40,127,"Oklahoma","Pushmataha County",4,13,136,72,64
050,40,127,"Oklahoma","Pushmataha County",4,14,145,72,73
050,40,127,"Oklahoma","Pushmataha County",4,15,144,71,73
050,40,127,"Oklahoma","Pushmataha County",4,16,145,82,63
050,40,127,"Oklahoma","Pushmataha County",4,17,137,73,64
050,40,127,"Oklahoma","Pushmataha County",4,18,125,71,54
050,40,127,"Oklahoma","Pushmataha County",4,19,92,47,45
050,40,127,"Oklahoma","Pushmataha County",4,20,85,49,36
050,40,127,"Oklahoma","Pushmataha County",4,21,102,55,47
050,40,127,"Oklahoma","Pushmataha County",4,22,104,52,52
050,40,127,"Oklahoma","Pushmataha County",4,23,118,63,55
050,40,127,"Oklahoma","Pushmataha County",4,24,117,59,58
050,40,127,"Oklahoma","Pushmataha County",4,25,102,57,45
050,40,127,"Oklahoma","Pushmataha County",4,26,105,57,48
050,40,127,"Oklahoma","Pushmataha County",4,27,113,57,56
050,40,127,"Oklahoma","Pushmataha County",4,28,110,56,54
050,40,127,"Oklahoma","Pushmataha County",4,29,130,58,72
050,40,127,"Oklahoma","Pushmataha County",4,30,120,59,61
050,40,127,"Oklahoma","Pushmataha County",4,31,121,53,68
050,40,127,"Oklahoma","Pushmataha County",4,32,122,50,72
050,40,127,"Oklahoma","Pushmataha County",4,33,114,58,56
050,40,127,"Oklahoma","Pushmataha County",4,34,123,59,64
050,40,127,"Oklahoma","Pushmataha County",4,35,125,58,67
050,40,127,"Oklahoma","Pushmataha County",4,36,126,61,65
050,40,127,"Oklahoma","Pushmataha County",4,37,123,68,55
050,40,127,"Oklahoma","Pushmataha County",4,38,115,51,64
050,40,127,"Oklahoma","Pushmataha County",4,39,121,64,57
050,40,127,"Oklahoma","Pushmataha County",4,40,126,77,49
050,40,127,"Oklahoma","Pushmataha County",4,41,131,73,58
050,40,127,"Oklahoma","Pushmataha County",4,42,137,72,65
050,40,127,"Oklahoma","Pushmataha County",4,43,122,65,57
050,40,127,"Oklahoma","Pushmataha County",4,44,107,55,52
050,40,127,"Oklahoma","Pushmataha County",4,45,117,62,55
050,40,127,"Oklahoma","Pushmataha County",4,46,108,53,55
050,40,127,"Oklahoma","Pushmataha County",4,47,109,53,56
050,40,127,"Oklahoma","Pushmataha County",4,48,112,56,56
050,40,127,"Oklahoma","Pushmataha County",4,49,106,53,53
050,40,127,"Oklahoma","Pushmataha County",4,50,119,61,58
050,40,127,"Oklahoma","Pushmataha County",4,51,127,65,62
050,40,127,"Oklahoma","Pushmataha County",4,52,136,63,73
050,40,127,"Oklahoma","Pushmataha County",4,53,137,60,77
050,40,127,"Oklahoma","Pushmataha County",4,54,131,58,73
050,40,127,"Oklahoma","Pushmataha County",4,55,129,56,73
050,40,127,"Oklahoma","Pushmataha County",4,56,149,66,83
050,40,127,"Oklahoma","Pushmataha County",4,57,175,83,92
050,40,127,"Oklahoma","Pushmataha County",4,58,173,90,83
050,40,127,"Oklahoma","Pushmataha County",4,59,161,93,68
050,40,127,"Oklahoma","Pushmataha County",4,60,161,73,88
050,40,127,"Oklahoma","Pushmataha County",4,61,172,80,92
050,40,127,"Oklahoma","Pushmataha County",4,62,172,94,78
050,40,127,"Oklahoma","Pushmataha County",4,63,176,90,86
050,40,127,"Oklahoma","Pushmataha County",4,64,154,74,80
050,40,127,"Oklahoma","Pushmataha County",4,65,155,79,76
050,40,127,"Oklahoma","Pushmataha County",4,66,126,63,63
050,40,127,"Oklahoma","Pushmataha County",4,67,132,68,64
050,40,127,"Oklahoma","Pushmataha County",4,68,155,84,71
050,40,127,"Oklahoma","Pushmataha County",4,69,163,81,82
050,40,127,"Oklahoma","Pushmataha County",4,70,145,67,78
050,40,127,"Oklahoma","Pushmataha County",4,71,131,55,76
050,40,127,"Oklahoma","Pushmataha County",4,72,127,57,70
050,40,127,"Oklahoma","Pushmataha County",4,73,130,59,71
050,40,127,"Oklahoma","Pushmataha County",4,74,127,57,70
050,40,127,"Oklahoma","Pushmataha County",4,75,122,58,64
050,40,127,"Oklahoma","Pushmataha County",4,76,90,41,49
050,40,127,"Oklahoma","Pushmataha County",4,77,97,45,52
050,40,127,"Oklahoma","Pushmataha County",4,78,98,43,55
050,40,127,"Oklahoma","Pushmataha County",4,79,89,33,56
050,40,127,"Oklahoma","Pushmataha County",4,80,81,42,39
050,40,127,"Oklahoma","Pushmataha County",4,81,59,32,27
050,40,127,"Oklahoma","Pushmataha County",4,82,58,24,34
050,40,127,"Oklahoma","Pushmataha County",4,83,64,25,39
050,40,127,"Oklahoma","Pushmataha County",4,84,52,19,33
050,40,127,"Oklahoma","Pushmataha County",4,85,252,119,133
050,40,127,"Oklahoma","Pushmataha County",5,0,103,54,49
050,40,127,"Oklahoma","Pushmataha County",5,1,103,51,52
050,40,127,"Oklahoma","Pushmataha County",5,2,124,74,50
050,40,127,"Oklahoma","Pushmataha County",5,3,113,63,50
050,40,127,"Oklahoma","Pushmataha County",5,4,116,59,57
050,40,127,"Oklahoma","Pushmataha County",5,5,102,52,50
050,40,127,"Oklahoma","Pushmataha County",5,6,126,60,66
050,40,127,"Oklahoma","Pushmataha County",5,7,134,65,69
050,40,127,"Oklahoma","Pushmataha County",5,8,153,66,87
050,40,127,"Oklahoma","Pushmataha County",5,9,134,67,67
050,40,127,"Oklahoma","Pushmataha County",5,10,131,69,62
050,40,127,"Oklahoma","Pushmataha County",5,11,141,64,77
050,40,127,"Oklahoma","Pushmataha County",5,12,128,65,63
050,40,127,"Oklahoma","Pushmataha County",5,13,144,72,72
050,40,127,"Oklahoma","Pushmataha County",5,14,145,74,71
050,40,127,"Oklahoma","Pushmataha County",5,15,157,77,80
050,40,127,"Oklahoma","Pushmataha County",5,16,154,72,82
050,40,127,"Oklahoma","Pushmataha County",5,17,146,83,63
050,40,127,"Oklahoma","Pushmataha County",5,18,128,70,58
050,40,127,"Oklahoma","Pushmataha County",5,19,111,61,50
050,40,127,"Oklahoma","Pushmataha County",5,20,95,48,47
050,40,127,"Oklahoma","Pushmataha County",5,21,90,50,40
050,40,127,"Oklahoma","Pushmataha County",5,22,112,54,58
050,40,127,"Oklahoma","Pushmataha County",5,23,114,56,58
050,40,127,"Oklahoma","Pushmataha County",5,24,111,58,53
050,40,127,"Oklahoma","Pushmataha County",5,25,120,57,63
050,40,127,"Oklahoma","Pushmataha County",5,26,106,60,46
050,40,127,"Oklahoma","Pushmataha County",5,27,113,65,48
050,40,127,"Oklahoma","Pushmataha County",5,28,117,61,56
050,40,127,"Oklahoma","Pushmataha County",5,29,110,57,53
050,40,127,"Oklahoma","Pushmataha County",5,30,124,51,73
050,40,127,"Oklahoma","Pushmataha County",5,31,126,64,62
050,40,127,"Oklahoma","Pushmataha County",5,32,122,52,70
050,40,127,"Oklahoma","Pushmataha County",5,33,122,51,71
050,40,127,"Oklahoma","Pushmataha County",5,34,116,59,57
050,40,127,"Oklahoma","Pushmataha County",5,35,127,57,70
050,40,127,"Oklahoma","Pushmataha County",5,36,125,62,63
050,40,127,"Oklahoma","Pushmataha County",5,37,124,60,64
050,40,127,"Oklahoma","Pushmataha County",5,38,123,65,58
050,40,127,"Oklahoma","Pushmataha County",5,39,115,55,60
050,40,127,"Oklahoma","Pushmataha County",5,40,121,62,59
050,40,127,"Oklahoma","Pushmataha County",5,41,137,84,53
050,40,127,"Oklahoma","Pushmataha County",5,42,142,79,63
050,40,127,"Oklahoma","Pushmataha County",5,43,139,75,64
050,40,127,"Oklahoma","Pushmataha County",5,44,111,57,54
050,40,127,"Oklahoma","Pushmataha County",5,45,108,56,52
050,40,127,"Oklahoma","Pushmataha County",5,46,116,61,55
050,40,127,"Oklahoma","Pushmataha County",5,47,111,55,56
050,40,127,"Oklahoma","Pushmataha County",5,48,102,49,53
050,40,127,"Oklahoma","Pushmataha County",5,49,111,57,54
050,40,127,"Oklahoma","Pushmataha County",5,50,107,55,52
050,40,127,"Oklahoma","Pushmataha County",5,51,122,62,60
050,40,127,"Oklahoma","Pushmataha County",5,52,136,63,73
050,40,127,"Oklahoma","Pushmataha County",5,53,142,67,75
050,40,127,"Oklahoma","Pushmataha County",5,54,134,58,76
050,40,127,"Oklahoma","Pushmataha County",5,55,130,57,73
050,40,127,"Oklahoma","Pushmataha County",5,56,132,59,73
050,40,127,"Oklahoma","Pushmataha County",5,57,152,69,83
050,40,127,"Oklahoma","Pushmataha County",5,58,174,84,90
050,40,127,"Oklahoma","Pushmataha County",5,59,176,90,86
050,40,127,"Oklahoma","Pushmataha County",5,60,169,97,72
050,40,127,"Oklahoma","Pushmataha County",5,61,164,77,87
050,40,127,"Oklahoma","Pushmataha County",5,62,166,79,87
050,40,127,"Oklahoma","Pushmataha County",5,63,174,96,78
050,40,127,"Oklahoma","Pushmataha County",5,64,175,93,82
050,40,127,"Oklahoma","Pushmataha County",5,65,148,71,77
050,40,127,"Oklahoma","Pushmataha County",5,66,149,75,74
050,40,127,"Oklahoma","Pushmataha County",5,67,126,63,63
050,40,127,"Oklahoma","Pushmataha County",5,68,133,72,61
050,40,127,"Oklahoma","Pushmataha County",5,69,153,84,69
050,40,127,"Oklahoma","Pushmataha County",5,70,166,81,85
050,40,127,"Oklahoma","Pushmataha County",5,71,138,59,79
050,40,127,"Oklahoma","Pushmataha County",5,72,130,54,76
050,40,127,"Oklahoma","Pushmataha County",5,73,116,53,63
050,40,127,"Oklahoma","Pushmataha County",5,74,127,61,66
050,40,127,"Oklahoma","Pushmataha County",5,75,115,51,64
050,40,127,"Oklahoma","Pushmataha County",5,76,111,55,56
050,40,127,"Oklahoma","Pushmataha County",5,77,88,41,47
050,40,127,"Oklahoma","Pushmataha County",5,78,90,39,51
050,40,127,"Oklahoma","Pushmataha County",5,79,89,39,50
050,40,127,"Oklahoma","Pushmataha County",5,80,88,34,54
050,40,127,"Oklahoma","Pushmataha County",5,81,71,36,35
050,40,127,"Oklahoma","Pushmataha County",5,82,52,26,26
050,40,127,"Oklahoma","Pushmataha County",5,83,51,18,33
050,40,127,"Oklahoma","Pushmataha County",5,84,54,19,35
050,40,127,"Oklahoma","Pushmataha County",5,85,249,116,133
050,40,129,"Oklahoma","Roger Mills County",1,0,32,16,16
050,40,129,"Oklahoma","Roger Mills County",1,1,33,18,15
050,40,129,"Oklahoma","Roger Mills County",1,2,36,21,15
050,40,129,"Oklahoma","Roger Mills County",1,3,45,22,23
050,40,129,"Oklahoma","Roger Mills County",1,4,50,26,24
050,40,129,"Oklahoma","Roger Mills County",1,5,51,28,23
050,40,129,"Oklahoma","Roger Mills County",1,6,44,22,22
050,40,129,"Oklahoma","Roger Mills County",1,7,35,17,18
050,40,129,"Oklahoma","Roger Mills County",1,8,38,18,20
050,40,129,"Oklahoma","Roger Mills County",1,9,47,23,24
050,40,129,"Oklahoma","Roger Mills County",1,10,49,26,23
050,40,129,"Oklahoma","Roger Mills County",1,11,52,28,24
050,40,129,"Oklahoma","Roger Mills County",1,12,56,31,25
050,40,129,"Oklahoma","Roger Mills County",1,13,63,30,33
050,40,129,"Oklahoma","Roger Mills County",1,14,61,28,33
050,40,129,"Oklahoma","Roger Mills County",1,15,56,25,31
050,40,129,"Oklahoma","Roger Mills County",1,16,56,28,28
050,40,129,"Oklahoma","Roger Mills County",1,17,52,26,26
050,40,129,"Oklahoma","Roger Mills County",1,18,39,14,25
050,40,129,"Oklahoma","Roger Mills County",1,19,32,16,16
050,40,129,"Oklahoma","Roger Mills County",1,20,33,19,14
050,40,129,"Oklahoma","Roger Mills County",1,21,30,16,14
050,40,129,"Oklahoma","Roger Mills County",1,22,25,11,14
050,40,129,"Oklahoma","Roger Mills County",1,23,38,18,20
050,40,129,"Oklahoma","Roger Mills County",1,24,39,22,17
050,40,129,"Oklahoma","Roger Mills County",1,25,33,22,11
050,40,129,"Oklahoma","Roger Mills County",1,26,31,21,10
050,40,129,"Oklahoma","Roger Mills County",1,27,32,17,15
050,40,129,"Oklahoma","Roger Mills County",1,28,33,15,18
050,40,129,"Oklahoma","Roger Mills County",1,29,29,12,17
050,40,129,"Oklahoma","Roger Mills County",1,30,31,13,18
050,40,129,"Oklahoma","Roger Mills County",1,31,35,19,16
050,40,129,"Oklahoma","Roger Mills County",1,32,34,20,14
050,40,129,"Oklahoma","Roger Mills County",1,33,31,16,15
050,40,129,"Oklahoma","Roger Mills County",1,34,30,14,16
050,40,129,"Oklahoma","Roger Mills County",1,35,31,13,18
050,40,129,"Oklahoma","Roger Mills County",1,36,51,25,26
050,40,129,"Oklahoma","Roger Mills County",1,37,53,23,30
050,40,129,"Oklahoma","Roger Mills County",1,38,42,20,22
050,40,129,"Oklahoma","Roger Mills County",1,39,46,23,23
050,40,129,"Oklahoma","Roger Mills County",1,40,51,27,24
050,40,129,"Oklahoma","Roger Mills County",1,41,39,20,19
050,40,129,"Oklahoma","Roger Mills County",1,42,35,19,16
050,40,129,"Oklahoma","Roger Mills County",1,43,44,23,21
050,40,129,"Oklahoma","Roger Mills County",1,44,28,17,11
050,40,129,"Oklahoma","Roger Mills County",1,45,41,24,17
050,40,129,"Oklahoma","Roger Mills County",1,46,37,22,15
050,40,129,"Oklahoma","Roger Mills County",1,47,26,14,12
050,40,129,"Oklahoma","Roger Mills County",1,48,47,28,19
050,40,129,"Oklahoma","Roger Mills County",1,49,39,22,17
050,40,129,"Oklahoma","Roger Mills County",1,50,31,15,16
050,40,129,"Oklahoma","Roger Mills County",1,51,47,22,25
050,40,129,"Oklahoma","Roger Mills County",1,52,37,22,15
050,40,129,"Oklahoma","Roger Mills County",1,53,31,15,16
050,40,129,"Oklahoma","Roger Mills County",1,54,39,21,18
050,40,129,"Oklahoma","Roger Mills County",1,55,56,29,27
050,40,129,"Oklahoma","Roger Mills County",1,56,46,24,22
050,40,129,"Oklahoma","Roger Mills County",1,57,51,23,28
050,40,129,"Oklahoma","Roger Mills County",1,58,47,24,23
050,40,129,"Oklahoma","Roger Mills County",1,59,40,19,21
050,40,129,"Oklahoma","Roger Mills County",1,60,47,25,22
050,40,129,"Oklahoma","Roger Mills County",1,61,57,30,27
050,40,129,"Oklahoma","Roger Mills County",1,62,50,27,23
050,40,129,"Oklahoma","Roger Mills County",1,63,48,28,20
050,40,129,"Oklahoma","Roger Mills County",1,64,46,26,20
050,40,129,"Oklahoma","Roger Mills County",1,65,49,18,31
050,40,129,"Oklahoma","Roger Mills County",1,66,49,22,27
050,40,129,"Oklahoma","Roger Mills County",1,67,42,23,19
050,40,129,"Oklahoma","Roger Mills County",1,68,44,24,20
050,40,129,"Oklahoma","Roger Mills County",1,69,38,19,19
050,40,129,"Oklahoma","Roger Mills County",1,70,47,22,25
050,40,129,"Oklahoma","Roger Mills County",1,71,43,21,22
050,40,129,"Oklahoma","Roger Mills County",1,72,37,15,22
050,40,129,"Oklahoma","Roger Mills County",1,73,42,23,19
050,40,129,"Oklahoma","Roger Mills County",1,74,26,10,16
050,40,129,"Oklahoma","Roger Mills County",1,75,31,14,17
050,40,129,"Oklahoma","Roger Mills County",1,76,29,16,13
050,40,129,"Oklahoma","Roger Mills County",1,77,27,12,15
050,40,129,"Oklahoma","Roger Mills County",1,78,26,11,15
050,40,129,"Oklahoma","Roger Mills County",1,79,22,9,13
050,40,129,"Oklahoma","Roger Mills County",1,80,22,8,14
050,40,129,"Oklahoma","Roger Mills County",1,81,22,7,15
050,40,129,"Oklahoma","Roger Mills County",1,82,26,11,15
050,40,129,"Oklahoma","Roger Mills County",1,83,22,7,15
050,40,129,"Oklahoma","Roger Mills County",1,84,17,7,10
050,40,129,"Oklahoma","Roger Mills County",1,85,85,34,51
050,40,129,"Oklahoma","Roger Mills County",2,0,35,16,19
050,40,129,"Oklahoma","Roger Mills County",2,1,33,18,15
050,40,129,"Oklahoma","Roger Mills County",2,2,35,20,15
050,40,129,"Oklahoma","Roger Mills County",2,3,44,22,22
050,40,129,"Oklahoma","Roger Mills County",2,4,50,26,24
050,40,129,"Oklahoma","Roger Mills County",2,5,49,26,23
050,40,129,"Oklahoma","Roger Mills County",2,6,47,24,23
050,40,129,"Oklahoma","Roger Mills County",2,7,39,20,19
050,40,129,"Oklahoma","Roger Mills County",2,8,36,17,19
050,40,129,"Oklahoma","Roger Mills County",2,9,45,22,23
050,40,129,"Oklahoma","Roger Mills County",2,10,48,25,23
050,40,129,"Oklahoma","Roger Mills County",2,11,50,27,23
050,40,129,"Oklahoma","Roger Mills County",2,12,56,30,26
050,40,129,"Oklahoma","Roger Mills County",2,13,61,30,31
050,40,129,"Oklahoma","Roger Mills County",2,14,62,30,32
050,40,129,"Oklahoma","Roger Mills County",2,15,56,25,31
050,40,129,"Oklahoma","Roger Mills County",2,16,55,28,27
050,40,129,"Oklahoma","Roger Mills County",2,17,52,26,26
050,40,129,"Oklahoma","Roger Mills County",2,18,40,16,24
050,40,129,"Oklahoma","Roger Mills County",2,19,31,15,16
050,40,129,"Oklahoma","Roger Mills County",2,20,33,18,15
050,40,129,"Oklahoma","Roger Mills County",2,21,30,16,14
050,40,129,"Oklahoma","Roger Mills County",2,22,26,12,14
050,40,129,"Oklahoma","Roger Mills County",2,23,37,18,19
050,40,129,"Oklahoma","Roger Mills County",2,24,37,20,17
050,40,129,"Oklahoma","Roger Mills County",2,25,35,23,12
050,40,129,"Oklahoma","Roger Mills County",2,26,33,22,11
050,40,129,"Oklahoma","Roger Mills County",2,27,31,18,13
050,40,129,"Oklahoma","Roger Mills County",2,28,33,15,18
050,40,129,"Oklahoma","Roger Mills County",2,29,31,13,18
050,40,129,"Oklahoma","Roger Mills County",2,30,32,13,19
050,40,129,"Oklahoma","Roger Mills County",2,31,35,18,17
050,40,129,"Oklahoma","Roger Mills County",2,32,34,20,14
050,40,129,"Oklahoma","Roger Mills County",2,33,31,16,15
050,40,129,"Oklahoma","Roger Mills County",2,34,30,15,15
050,40,129,"Oklahoma","Roger Mills County",2,35,30,13,17
050,40,129,"Oklahoma","Roger Mills County",2,36,46,22,24
050,40,129,"Oklahoma","Roger Mills County",2,37,53,24,29
050,40,129,"Oklahoma","Roger Mills County",2,38,45,20,25
050,40,129,"Oklahoma","Roger Mills County",2,39,45,22,23
050,40,129,"Oklahoma","Roger Mills County",2,40,49,26,23
050,40,129,"Oklahoma","Roger Mills County",2,41,40,21,19
050,40,129,"Oklahoma","Roger Mills County",2,42,36,19,17
050,40,129,"Oklahoma","Roger Mills County",2,43,41,22,19
050,40,129,"Oklahoma","Roger Mills County",2,44,33,19,14
050,40,129,"Oklahoma","Roger Mills County",2,45,38,22,16
050,40,129,"Oklahoma","Roger Mills County",2,46,36,21,15
050,40,129,"Oklahoma","Roger Mills County",2,47,29,16,13
050,40,129,"Oklahoma","Roger Mills County",2,48,44,26,18
050,40,129,"Oklahoma","Roger Mills County",2,49,40,23,17
050,40,129,"Oklahoma","Roger Mills County",2,50,33,17,16
050,40,129,"Oklahoma","Roger Mills County",2,51,43,20,23
050,40,129,"Oklahoma","Roger Mills County",2,52,39,21,18
050,40,129,"Oklahoma","Roger Mills County",2,53,32,17,15
050,40,129,"Oklahoma","Roger Mills County",2,54,37,19,18
050,40,129,"Oklahoma","Roger Mills County",2,55,52,28,24
050,40,129,"Oklahoma","Roger Mills County",2,56,47,24,23
050,40,129,"Oklahoma","Roger Mills County",2,57,49,22,27
050,40,129,"Oklahoma","Roger Mills County",2,58,49,24,25
050,40,129,"Oklahoma","Roger Mills County",2,59,42,20,22
050,40,129,"Oklahoma","Roger Mills County",2,60,45,24,21
050,40,129,"Oklahoma","Roger Mills County",2,61,55,29,26
050,40,129,"Oklahoma","Roger Mills County",2,62,52,27,25
050,40,129,"Oklahoma","Roger Mills County",2,63,48,28,20
050,40,129,"Oklahoma","Roger Mills County",2,64,45,26,19
050,40,129,"Oklahoma","Roger Mills County",2,65,49,20,29
050,40,129,"Oklahoma","Roger Mills County",2,66,49,21,28
050,40,129,"Oklahoma","Roger Mills County",2,67,43,22,21
050,40,129,"Oklahoma","Roger Mills County",2,68,43,23,20
050,40,129,"Oklahoma","Roger Mills County",2,69,40,20,20
050,40,129,"Oklahoma","Roger Mills County",2,70,46,22,24
050,40,129,"Oklahoma","Roger Mills County",2,71,42,20,22
050,40,129,"Oklahoma","Roger Mills County",2,72,36,16,20
050,40,129,"Oklahoma","Roger Mills County",2,73,42,22,20
050,40,129,"Oklahoma","Roger Mills County",2,74,28,12,16
050,40,129,"Oklahoma","Roger Mills County",2,75,29,13,16
050,40,129,"Oklahoma","Roger Mills County",2,76,28,15,13
050,40,129,"Oklahoma","Roger Mills County",2,77,28,13,15
050,40,129,"Oklahoma","Roger Mills County",2,78,25,11,14
050,40,129,"Oklahoma","Roger Mills County",2,79,22,9,13
050,40,129,"Oklahoma","Roger Mills County",2,80,22,8,14
050,40,129,"Oklahoma","Roger Mills County",2,81,22,7,15
050,40,129,"Oklahoma","Roger Mills County",2,82,25,10,15
050,40,129,"Oklahoma","Roger Mills County",2,83,22,8,14
050,40,129,"Oklahoma","Roger Mills County",2,84,17,6,11
050,40,129,"Oklahoma","Roger Mills County",2,85,86,35,51
050,40,129,"Oklahoma","Roger Mills County",3,0,35,16,19
050,40,129,"Oklahoma","Roger Mills County",3,1,31,18,13
050,40,129,"Oklahoma","Roger Mills County",3,2,37,21,16
050,40,129,"Oklahoma","Roger Mills County",3,3,32,19,13
050,40,129,"Oklahoma","Roger Mills County",3,4,43,22,21
050,40,129,"Oklahoma","Roger Mills County",3,5,50,27,23
050,40,129,"Oklahoma","Roger Mills County",3,6,43,17,26
050,40,129,"Oklahoma","Roger Mills County",3,7,45,21,24
050,40,129,"Oklahoma","Roger Mills County",3,8,41,20,21
050,40,129,"Oklahoma","Roger Mills County",3,9,37,18,19
050,40,129,"Oklahoma","Roger Mills County",3,10,45,22,23
050,40,129,"Oklahoma","Roger Mills County",3,11,47,25,22
050,40,129,"Oklahoma","Roger Mills County",3,12,48,26,22
050,40,129,"Oklahoma","Roger Mills County",3,13,54,26,28
050,40,129,"Oklahoma","Roger Mills County",3,14,60,31,29
050,40,129,"Oklahoma","Roger Mills County",3,15,65,30,35
050,40,129,"Oklahoma","Roger Mills County",3,16,55,24,31
050,40,129,"Oklahoma","Roger Mills County",3,17,52,27,25
050,40,129,"Oklahoma","Roger Mills County",3,18,45,23,22
050,40,129,"Oklahoma","Roger Mills County",3,19,31,13,18
050,40,129,"Oklahoma","Roger Mills County",3,20,36,16,20
050,40,129,"Oklahoma","Roger Mills County",3,21,33,18,15
050,40,129,"Oklahoma","Roger Mills County",3,22,28,18,10
050,40,129,"Oklahoma","Roger Mills County",3,23,24,12,12
050,40,129,"Oklahoma","Roger Mills County",3,24,31,13,18
050,40,129,"Oklahoma","Roger Mills County",3,25,35,18,17
050,40,129,"Oklahoma","Roger Mills County",3,26,37,22,15
050,40,129,"Oklahoma","Roger Mills County",3,27,32,19,13
050,40,129,"Oklahoma","Roger Mills County",3,28,33,20,13
050,40,129,"Oklahoma","Roger Mills County",3,29,34,15,19
050,40,129,"Oklahoma","Roger Mills County",3,30,31,14,17
050,40,129,"Oklahoma","Roger Mills County",3,31,32,14,18
050,40,129,"Oklahoma","Roger Mills County",3,32,36,18,18
050,40,129,"Oklahoma","Roger Mills County",3,33,31,17,14
050,40,129,"Oklahoma","Roger Mills County",3,34,36,17,19
050,40,129,"Oklahoma","Roger Mills County",3,35,30,14,16
050,40,129,"Oklahoma","Roger Mills County",3,36,30,13,17
050,40,129,"Oklahoma","Roger Mills County",3,37,47,22,25
050,40,129,"Oklahoma","Roger Mills County",3,38,51,25,26
050,40,129,"Oklahoma","Roger Mills County",3,39,47,21,26
050,40,129,"Oklahoma","Roger Mills County",3,40,45,21,24
050,40,129,"Oklahoma","Roger Mills County",3,41,48,26,22
050,40,129,"Oklahoma","Roger Mills County",3,42,38,20,18
050,40,129,"Oklahoma","Roger Mills County",3,43,34,18,16
050,40,129,"Oklahoma","Roger Mills County",3,44,42,22,20
050,40,129,"Oklahoma","Roger Mills County",3,45,31,17,14
050,40,129,"Oklahoma","Roger Mills County",3,46,37,22,15
050,40,129,"Oklahoma","Roger Mills County",3,47,35,20,15
050,40,129,"Oklahoma","Roger Mills County",3,48,29,15,14
050,40,129,"Oklahoma","Roger Mills County",3,49,43,25,18
050,40,129,"Oklahoma","Roger Mills County",3,50,40,23,17
050,40,129,"Oklahoma","Roger Mills County",3,51,33,17,16
050,40,129,"Oklahoma","Roger Mills County",3,52,43,20,23
050,40,129,"Oklahoma","Roger Mills County",3,53,39,21,18
050,40,129,"Oklahoma","Roger Mills County",3,54,29,15,14
050,40,129,"Oklahoma","Roger Mills County",3,55,33,15,18
050,40,129,"Oklahoma","Roger Mills County",3,56,52,28,24
050,40,129,"Oklahoma","Roger Mills County",3,57,47,25,22
050,40,129,"Oklahoma","Roger Mills County",3,58,50,22,28
050,40,129,"Oklahoma","Roger Mills County",3,59,47,24,23
050,40,129,"Oklahoma","Roger Mills County",3,60,39,17,22
050,40,129,"Oklahoma","Roger Mills County",3,61,46,26,20
050,40,129,"Oklahoma","Roger Mills County",3,62,55,28,27
050,40,129,"Oklahoma","Roger Mills County",3,63,49,25,24
050,40,129,"Oklahoma","Roger Mills County",3,64,50,30,20
050,40,129,"Oklahoma","Roger Mills County",3,65,41,24,17
050,40,129,"Oklahoma","Roger Mills County",3,66,47,18,29
050,40,129,"Oklahoma","Roger Mills County",3,67,48,20,28
050,40,129,"Oklahoma","Roger Mills County",3,68,44,23,21
050,40,129,"Oklahoma","Roger Mills County",3,69,40,21,19
050,40,129,"Oklahoma","Roger Mills County",3,70,40,20,20
050,40,129,"Oklahoma","Roger Mills County",3,71,46,22,24
050,40,129,"Oklahoma","Roger Mills County",3,72,41,19,22
050,40,129,"Oklahoma","Roger Mills County",3,73,35,15,20
050,40,129,"Oklahoma","Roger Mills County",3,74,40,21,19
050,40,129,"Oklahoma","Roger Mills County",3,75,28,13,15
050,40,129,"Oklahoma","Roger Mills County",3,76,29,13,16
050,40,129,"Oklahoma","Roger Mills County",3,77,25,12,13
050,40,129,"Oklahoma","Roger Mills County",3,78,26,12,14
050,40,129,"Oklahoma","Roger Mills County",3,79,25,11,14
050,40,129,"Oklahoma","Roger Mills County",3,80,20,8,12
050,40,129,"Oklahoma","Roger Mills County",3,81,20,6,14
050,40,129,"Oklahoma","Roger Mills County",3,82,20,5,15
050,40,129,"Oklahoma","Roger Mills County",3,83,19,8,11
050,40,129,"Oklahoma","Roger Mills County",3,84,20,6,14
050,40,129,"Oklahoma","Roger Mills County",3,85,87,32,55
050,40,129,"Oklahoma","Roger Mills County",4,0,35,18,17
050,40,129,"Oklahoma","Roger Mills County",4,1,36,16,20
050,40,129,"Oklahoma","Roger Mills County",4,2,27,16,11
050,40,129,"Oklahoma","Roger Mills County",4,3,38,19,19
050,40,129,"Oklahoma","Roger Mills County",4,4,34,20,14
050,40,129,"Oklahoma","Roger Mills County",4,5,43,22,21
050,40,129,"Oklahoma","Roger Mills County",4,6,50,27,23
050,40,129,"Oklahoma","Roger Mills County",4,7,44,18,26
050,40,129,"Oklahoma","Roger Mills County",4,8,43,23,20
050,40,129,"Oklahoma","Roger Mills County",4,9,41,19,22
050,40,129,"Oklahoma","Roger Mills County",4,10,43,23,20
050,40,129,"Oklahoma","Roger Mills County",4,11,48,24,24
050,40,129,"Oklahoma","Roger Mills County",4,12,51,27,24
050,40,129,"Oklahoma","Roger Mills County",4,13,49,25,24
050,40,129,"Oklahoma","Roger Mills County",4,14,57,28,29
050,40,129,"Oklahoma","Roger Mills County",4,15,57,28,29
050,40,129,"Oklahoma","Roger Mills County",4,16,57,28,29
050,40,129,"Oklahoma","Roger Mills County",4,17,55,27,28
050,40,129,"Oklahoma","Roger Mills County",4,18,41,24,17
050,40,129,"Oklahoma","Roger Mills County",4,19,37,19,18
050,40,129,"Oklahoma","Roger Mills County",4,20,35,14,21
050,40,129,"Oklahoma","Roger Mills County",4,21,38,17,21
050,40,129,"Oklahoma","Roger Mills County",4,22,31,13,18
050,40,129,"Oklahoma","Roger Mills County",4,23,29,14,15
050,40,129,"Oklahoma","Roger Mills County",4,24,26,12,14
050,40,129,"Oklahoma","Roger Mills County",4,25,30,14,16
050,40,129,"Oklahoma","Roger Mills County",4,26,34,20,14
050,40,129,"Oklahoma","Roger Mills County",4,27,33,20,13
050,40,129,"Oklahoma","Roger Mills County",4,28,33,18,15
050,40,129,"Oklahoma","Roger Mills County",4,29,30,18,12
050,40,129,"Oklahoma","Roger Mills County",4,30,39,19,20
050,40,129,"Oklahoma","Roger Mills County",4,31,30,14,16
050,40,129,"Oklahoma","Roger Mills County",4,32,33,15,18
050,40,129,"Oklahoma","Roger Mills County",4,33,38,16,22
050,40,129,"Oklahoma","Roger Mills County",4,34,26,15,11
050,40,129,"Oklahoma","Roger Mills County",4,35,35,16,19
050,40,129,"Oklahoma","Roger Mills County",4,36,30,14,16
050,40,129,"Oklahoma","Roger Mills County",4,37,31,16,15
050,40,129,"Oklahoma","Roger Mills County",4,38,46,21,25
050,40,129,"Oklahoma","Roger Mills County",4,39,49,25,24
050,40,129,"Oklahoma","Roger Mills County",4,40,50,23,27
050,40,129,"Oklahoma","Roger Mills County",4,41,49,21,28
050,40,129,"Oklahoma","Roger Mills County",4,42,49,26,23
050,40,129,"Oklahoma","Roger Mills County",4,43,38,21,17
050,40,129,"Oklahoma","Roger Mills County",4,44,33,17,16
050,40,129,"Oklahoma","Roger Mills County",4,45,42,21,21
050,40,129,"Oklahoma","Roger Mills County",4,46,31,17,14
050,40,129,"Oklahoma","Roger Mills County",4,47,36,21,15
050,40,129,"Oklahoma","Roger Mills County",4,48,31,20,11
050,40,129,"Oklahoma","Roger Mills County",4,49,26,12,14
050,40,129,"Oklahoma","Roger Mills County",4,50,42,25,17
050,40,129,"Oklahoma","Roger Mills County",4,51,37,22,15
050,40,129,"Oklahoma","Roger Mills County",4,52,34,17,17
050,40,129,"Oklahoma","Roger Mills County",4,53,44,22,22
050,40,129,"Oklahoma","Roger Mills County",4,54,36,20,16
050,40,129,"Oklahoma","Roger Mills County",4,55,27,15,12
050,40,129,"Oklahoma","Roger Mills County",4,56,34,17,17
050,40,129,"Oklahoma","Roger Mills County",4,57,53,27,26
050,40,129,"Oklahoma","Roger Mills County",4,58,47,25,22
050,40,129,"Oklahoma","Roger Mills County",4,59,49,22,27
050,40,129,"Oklahoma","Roger Mills County",4,60,49,24,25
050,40,129,"Oklahoma","Roger Mills County",4,61,37,16,21
050,40,129,"Oklahoma","Roger Mills County",4,62,49,29,20
050,40,129,"Oklahoma","Roger Mills County",4,63,53,26,27
050,40,129,"Oklahoma","Roger Mills County",4,64,49,25,24
050,40,129,"Oklahoma","Roger Mills County",4,65,47,28,19
050,40,129,"Oklahoma","Roger Mills County",4,66,40,25,15
050,40,129,"Oklahoma","Roger Mills County",4,67,43,15,28
050,40,129,"Oklahoma","Roger Mills County",4,68,50,20,30
050,40,129,"Oklahoma","Roger Mills County",4,69,47,22,25
050,40,129,"Oklahoma","Roger Mills County",4,70,40,21,19
050,40,129,"Oklahoma","Roger Mills County",4,71,41,20,21
050,40,129,"Oklahoma","Roger Mills County",4,72,48,24,24
050,40,129,"Oklahoma","Roger Mills County",4,73,41,18,23
050,40,129,"Oklahoma","Roger Mills County",4,74,36,16,20
050,40,129,"Oklahoma","Roger Mills County",4,75,38,21,17
050,40,129,"Oklahoma","Roger Mills County",4,76,28,13,15
050,40,129,"Oklahoma","Roger Mills County",4,77,25,11,14
050,40,129,"Oklahoma","Roger Mills County",4,78,24,11,13
050,40,129,"Oklahoma","Roger Mills County",4,79,25,11,14
050,40,129,"Oklahoma","Roger Mills County",4,80,23,10,13
050,40,129,"Oklahoma","Roger Mills County",4,81,18,7,11
050,40,129,"Oklahoma","Roger Mills County",4,82,18,4,14
050,40,129,"Oklahoma","Roger Mills County",4,83,13,3,10
050,40,129,"Oklahoma","Roger Mills County",4,84,17,6,11
050,40,129,"Oklahoma","Roger Mills County",4,85,88,32,56
050,40,129,"Oklahoma","Roger Mills County",5,0,35,18,17
050,40,129,"Oklahoma","Roger Mills County",5,1,32,18,14
050,40,129,"Oklahoma","Roger Mills County",5,2,36,16,20
050,40,129,"Oklahoma","Roger Mills County",5,3,21,13,8
050,40,129,"Oklahoma","Roger Mills County",5,4,42,22,20
050,40,129,"Oklahoma","Roger Mills County",5,5,32,16,16
050,40,129,"Oklahoma","Roger Mills County",5,6,39,19,20
050,40,129,"Oklahoma","Roger Mills County",5,7,52,26,26
050,40,129,"Oklahoma","Roger Mills County",5,8,46,20,26
050,40,129,"Oklahoma","Roger Mills County",5,9,50,27,23
050,40,129,"Oklahoma","Roger Mills County",5,10,44,22,22
050,40,129,"Oklahoma","Roger Mills County",5,11,40,21,19
050,40,129,"Oklahoma","Roger Mills County",5,12,45,23,22
050,40,129,"Oklahoma","Roger Mills County",5,13,57,30,27
050,40,129,"Oklahoma","Roger Mills County",5,14,53,30,23
050,40,129,"Oklahoma","Roger Mills County",5,15,56,28,28
050,40,129,"Oklahoma","Roger Mills County",5,16,54,26,28
050,40,129,"Oklahoma","Roger Mills County",5,17,59,27,32
050,40,129,"Oklahoma","Roger Mills County",5,18,45,23,22
050,40,129,"Oklahoma","Roger Mills County",5,19,36,22,14
050,40,129,"Oklahoma","Roger Mills County",5,20,40,19,21
050,40,129,"Oklahoma","Roger Mills County",5,21,33,14,19
050,40,129,"Oklahoma","Roger Mills County",5,22,39,17,22
050,40,129,"Oklahoma","Roger Mills County",5,23,30,12,18
050,40,129,"Oklahoma","Roger Mills County",5,24,28,14,14
050,40,129,"Oklahoma","Roger Mills County",5,25,26,15,11
050,40,129,"Oklahoma","Roger Mills County",5,26,28,12,16
050,40,129,"Oklahoma","Roger Mills County",5,27,27,16,11
050,40,129,"Oklahoma","Roger Mills County",5,28,37,24,13
050,40,129,"Oklahoma","Roger Mills County",5,29,36,19,17
050,40,129,"Oklahoma","Roger Mills County",5,30,30,18,12
050,40,129,"Oklahoma","Roger Mills County",5,31,36,19,17
050,40,129,"Oklahoma","Roger Mills County",5,32,31,11,20
050,40,129,"Oklahoma","Roger Mills County",5,33,28,14,14
050,40,129,"Oklahoma","Roger Mills County",5,34,42,19,23
050,40,129,"Oklahoma","Roger Mills County",5,35,25,10,15
050,40,129,"Oklahoma","Roger Mills County",5,36,39,16,23
050,40,129,"Oklahoma","Roger Mills County",5,37,36,16,20
050,40,129,"Oklahoma","Roger Mills County",5,38,31,18,13
050,40,129,"Oklahoma","Roger Mills County",5,39,49,24,25
050,40,129,"Oklahoma","Roger Mills County",5,40,53,26,27
050,40,129,"Oklahoma","Roger Mills County",5,41,45,20,25
050,40,129,"Oklahoma","Roger Mills County",5,42,51,24,27
050,40,129,"Oklahoma","Roger Mills County",5,43,48,26,22
050,40,129,"Oklahoma","Roger Mills County",5,44,34,19,15
050,40,129,"Oklahoma","Roger Mills County",5,45,36,20,16
050,40,129,"Oklahoma","Roger Mills County",5,46,41,23,18
050,40,129,"Oklahoma","Roger Mills County",5,47,30,17,13
050,40,129,"Oklahoma","Roger Mills County",5,48,31,21,10
050,40,129,"Oklahoma","Roger Mills County",5,49,26,15,11
050,40,129,"Oklahoma","Roger Mills County",5,50,25,10,15
050,40,129,"Oklahoma","Roger Mills County",5,51,44,25,19
050,40,129,"Oklahoma","Roger Mills County",5,52,39,22,17
050,40,129,"Oklahoma","Roger Mills County",5,53,32,17,15
050,40,129,"Oklahoma","Roger Mills County",5,54,35,17,18
050,40,129,"Oklahoma","Roger Mills County",5,55,36,20,16
050,40,129,"Oklahoma","Roger Mills County",5,56,27,14,13
050,40,129,"Oklahoma","Roger Mills County",5,57,32,17,15
050,40,129,"Oklahoma","Roger Mills County",5,58,52,26,26
050,40,129,"Oklahoma","Roger Mills County",5,59,46,24,22
050,40,129,"Oklahoma","Roger Mills County",5,60,47,20,27
050,40,129,"Oklahoma","Roger Mills County",5,61,45,23,22
050,40,129,"Oklahoma","Roger Mills County",5,62,37,16,21
050,40,129,"Oklahoma","Roger Mills County",5,63,46,27,19
050,40,129,"Oklahoma","Roger Mills County",5,64,55,28,27
050,40,129,"Oklahoma","Roger Mills County",5,65,43,22,21
050,40,129,"Oklahoma","Roger Mills County",5,66,44,28,16
050,40,129,"Oklahoma","Roger Mills County",5,67,41,25,16
050,40,129,"Oklahoma","Roger Mills County",5,68,44,15,29
050,40,129,"Oklahoma","Roger Mills County",5,69,50,20,30
050,40,129,"Oklahoma","Roger Mills County",5,70,46,22,24
050,40,129,"Oklahoma","Roger Mills County",5,71,39,21,18
050,40,129,"Oklahoma","Roger Mills County",5,72,42,19,23
050,40,129,"Oklahoma","Roger Mills County",5,73,48,24,24
050,40,129,"Oklahoma","Roger Mills County",5,74,38,18,20
050,40,129,"Oklahoma","Roger Mills County",5,75,32,15,17
050,40,129,"Oklahoma","Roger Mills County",5,76,38,21,17
050,40,129,"Oklahoma","Roger Mills County",5,77,24,10,14
050,40,129,"Oklahoma","Roger Mills County",5,78,24,11,13
050,40,129,"Oklahoma","Roger Mills County",5,79,24,10,14
050,40,129,"Oklahoma","Roger Mills County",5,80,24,10,14
050,40,129,"Oklahoma","Roger Mills County",5,81,22,9,13
050,40,129,"Oklahoma","Roger Mills County",5,82,16,5,11
050,40,129,"Oklahoma","Roger Mills County",5,83,14,2,12
050,40,129,"Oklahoma","Roger Mills County",5,84,13,3,10
050,40,129,"Oklahoma","Roger Mills County",5,85,91,33,58
050,40,131,"Oklahoma","Rogers County",1,0,1032,537,495
050,40,131,"Oklahoma","Rogers County",1,1,1044,545,499
050,40,131,"Oklahoma","Rogers County",1,2,1131,563,568
050,40,131,"Oklahoma","Rogers County",1,3,1117,579,538
050,40,131,"Oklahoma","Rogers County",1,4,1176,596,580
050,40,131,"Oklahoma","Rogers County",1,5,1215,665,550
050,40,131,"Oklahoma","Rogers County",1,6,1238,655,583
050,40,131,"Oklahoma","Rogers County",1,7,1192,617,575
050,40,131,"Oklahoma","Rogers County",1,8,1222,606,616
050,40,131,"Oklahoma","Rogers County",1,9,1202,617,585
050,40,131,"Oklahoma","Rogers County",1,10,1280,679,601
050,40,131,"Oklahoma","Rogers County",1,11,1289,674,615
050,40,131,"Oklahoma","Rogers County",1,12,1394,727,667
050,40,131,"Oklahoma","Rogers County",1,13,1365,708,657
050,40,131,"Oklahoma","Rogers County",1,14,1355,706,649
050,40,131,"Oklahoma","Rogers County",1,15,1271,660,611
050,40,131,"Oklahoma","Rogers County",1,16,1369,699,670
050,40,131,"Oklahoma","Rogers County",1,17,1319,672,647
050,40,131,"Oklahoma","Rogers County",1,18,1215,627,588
050,40,131,"Oklahoma","Rogers County",1,19,1145,590,555
050,40,131,"Oklahoma","Rogers County",1,20,1213,621,592
050,40,131,"Oklahoma","Rogers County",1,21,1203,589,614
050,40,131,"Oklahoma","Rogers County",1,22,1189,618,571
050,40,131,"Oklahoma","Rogers County",1,23,1162,565,597
050,40,131,"Oklahoma","Rogers County",1,24,1191,597,594
050,40,131,"Oklahoma","Rogers County",1,25,1158,596,562
050,40,131,"Oklahoma","Rogers County",1,26,1190,632,558
050,40,131,"Oklahoma","Rogers County",1,27,1188,600,588
050,40,131,"Oklahoma","Rogers County",1,28,1176,595,581
050,40,131,"Oklahoma","Rogers County",1,29,1241,635,606
050,40,131,"Oklahoma","Rogers County",1,30,1202,607,595
050,40,131,"Oklahoma","Rogers County",1,31,1162,575,587
050,40,131,"Oklahoma","Rogers County",1,32,1133,564,569
050,40,131,"Oklahoma","Rogers County",1,33,1168,604,564
050,40,131,"Oklahoma","Rogers County",1,34,1166,565,601
050,40,131,"Oklahoma","Rogers County",1,35,1193,569,624
050,40,131,"Oklahoma","Rogers County",1,36,1237,582,655
050,40,131,"Oklahoma","Rogers County",1,37,1274,623,651
050,40,131,"Oklahoma","Rogers County",1,38,1248,657,591
050,40,131,"Oklahoma","Rogers County",1,39,1237,643,594
050,40,131,"Oklahoma","Rogers County",1,40,1205,611,594
050,40,131,"Oklahoma","Rogers County",1,41,1096,546,550
050,40,131,"Oklahoma","Rogers County",1,42,1084,544,540
050,40,131,"Oklahoma","Rogers County",1,43,1054,539,515
050,40,131,"Oklahoma","Rogers County",1,44,1111,550,561
050,40,131,"Oklahoma","Rogers County",1,45,1135,565,570
050,40,131,"Oklahoma","Rogers County",1,46,1101,545,556
050,40,131,"Oklahoma","Rogers County",1,47,1152,569,583
050,40,131,"Oklahoma","Rogers County",1,48,1237,627,610
050,40,131,"Oklahoma","Rogers County",1,49,1344,691,653
050,40,131,"Oklahoma","Rogers County",1,50,1315,670,645
050,40,131,"Oklahoma","Rogers County",1,51,1304,651,653
050,40,131,"Oklahoma","Rogers County",1,52,1202,601,601
050,40,131,"Oklahoma","Rogers County",1,53,1174,585,589
050,40,131,"Oklahoma","Rogers County",1,54,1226,612,614
050,40,131,"Oklahoma","Rogers County",1,55,1316,652,664
050,40,131,"Oklahoma","Rogers County",1,56,1396,702,694
050,40,131,"Oklahoma","Rogers County",1,57,1354,679,675
050,40,131,"Oklahoma","Rogers County",1,58,1430,721,709
050,40,131,"Oklahoma","Rogers County",1,59,1385,686,699
050,40,131,"Oklahoma","Rogers County",1,60,1367,687,680
050,40,131,"Oklahoma","Rogers County",1,61,1335,669,666
050,40,131,"Oklahoma","Rogers County",1,62,1312,671,641
050,40,131,"Oklahoma","Rogers County",1,63,1227,640,587
050,40,131,"Oklahoma","Rogers County",1,64,1193,576,617
050,40,131,"Oklahoma","Rogers County",1,65,1103,553,550
050,40,131,"Oklahoma","Rogers County",1,66,1086,548,538
050,40,131,"Oklahoma","Rogers County",1,67,1059,518,541
050,40,131,"Oklahoma","Rogers County",1,68,957,451,506
050,40,131,"Oklahoma","Rogers County",1,69,900,427,473
050,40,131,"Oklahoma","Rogers County",1,70,921,444,477
050,40,131,"Oklahoma","Rogers County",1,71,890,413,477
050,40,131,"Oklahoma","Rogers County",1,72,859,405,454
050,40,131,"Oklahoma","Rogers County",1,73,905,431,474
050,40,131,"Oklahoma","Rogers County",1,74,621,286,335
050,40,131,"Oklahoma","Rogers County",1,75,664,314,350
050,40,131,"Oklahoma","Rogers County",1,76,669,309,360
050,40,131,"Oklahoma","Rogers County",1,77,654,311,343
050,40,131,"Oklahoma","Rogers County",1,78,513,246,267
050,40,131,"Oklahoma","Rogers County",1,79,463,208,255
050,40,131,"Oklahoma","Rogers County",1,80,462,201,261
050,40,131,"Oklahoma","Rogers County",1,81,422,194,228
050,40,131,"Oklahoma","Rogers County",1,82,380,179,201
050,40,131,"Oklahoma","Rogers County",1,83,327,160,167
050,40,131,"Oklahoma","Rogers County",1,84,297,132,165
050,40,131,"Oklahoma","Rogers County",1,85,1527,654,873
050,40,131,"Oklahoma","Rogers County",2,0,1033,533,500
050,40,131,"Oklahoma","Rogers County",2,1,1042,546,496
050,40,131,"Oklahoma","Rogers County",2,2,1112,559,553
050,40,131,"Oklahoma","Rogers County",2,3,1117,578,539
050,40,131,"Oklahoma","Rogers County",2,4,1177,597,580
050,40,131,"Oklahoma","Rogers County",2,5,1219,658,561
050,40,131,"Oklahoma","Rogers County",2,6,1241,661,580
050,40,131,"Oklahoma","Rogers County",2,7,1207,627,580
050,40,131,"Oklahoma","Rogers County",2,8,1215,605,610
050,40,131,"Oklahoma","Rogers County",2,9,1212,620,592
050,40,131,"Oklahoma","Rogers County",2,10,1265,664,601
050,40,131,"Oklahoma","Rogers County",2,11,1290,682,608
050,40,131,"Oklahoma","Rogers County",2,12,1380,723,657
050,40,131,"Oklahoma","Rogers County",2,13,1376,715,661
050,40,131,"Oklahoma","Rogers County",2,14,1353,708,645
050,40,131,"Oklahoma","Rogers County",2,15,1297,673,624
050,40,131,"Oklahoma","Rogers County",2,16,1345,691,654
050,40,131,"Oklahoma","Rogers County",2,17,1328,678,650
050,40,131,"Oklahoma","Rogers County",2,18,1196,622,574
050,40,131,"Oklahoma","Rogers County",2,19,1141,581,560
050,40,131,"Oklahoma","Rogers County",2,20,1209,622,587
050,40,131,"Oklahoma","Rogers County",2,21,1211,597,614
050,40,131,"Oklahoma","Rogers County",2,22,1191,612,579
050,40,131,"Oklahoma","Rogers County",2,23,1161,567,594
050,40,131,"Oklahoma","Rogers County",2,24,1182,590,592
050,40,131,"Oklahoma","Rogers County",2,25,1170,597,573
050,40,131,"Oklahoma","Rogers County",2,26,1184,626,558
050,40,131,"Oklahoma","Rogers County",2,27,1184,604,580
050,40,131,"Oklahoma","Rogers County",2,28,1188,602,586
050,40,131,"Oklahoma","Rogers County",2,29,1236,629,607
050,40,131,"Oklahoma","Rogers County",2,30,1212,613,599
050,40,131,"Oklahoma","Rogers County",2,31,1173,583,590
050,40,131,"Oklahoma","Rogers County",2,32,1141,569,572
050,40,131,"Oklahoma","Rogers County",2,33,1174,601,573
050,40,131,"Oklahoma","Rogers County",2,34,1169,576,593
050,40,131,"Oklahoma","Rogers County",2,35,1198,571,627
050,40,131,"Oklahoma","Rogers County",2,36,1226,578,648
050,40,131,"Oklahoma","Rogers County",2,37,1269,618,651
050,40,131,"Oklahoma","Rogers County",2,38,1253,649,604
050,40,131,"Oklahoma","Rogers County",2,39,1239,646,593
050,40,131,"Oklahoma","Rogers County",2,40,1214,620,594
050,40,131,"Oklahoma","Rogers County",2,41,1121,559,562
050,40,131,"Oklahoma","Rogers County",2,42,1086,546,540
050,40,131,"Oklahoma","Rogers County",2,43,1067,542,525
050,40,131,"Oklahoma","Rogers County",2,44,1083,540,543
050,40,131,"Oklahoma","Rogers County",2,45,1129,559,570
050,40,131,"Oklahoma","Rogers County",2,46,1106,549,557
050,40,131,"Oklahoma","Rogers County",2,47,1140,561,579
050,40,131,"Oklahoma","Rogers County",2,48,1217,616,601
050,40,131,"Oklahoma","Rogers County",2,49,1326,678,648
050,40,131,"Oklahoma","Rogers County",2,50,1323,678,645
050,40,131,"Oklahoma","Rogers County",2,51,1309,656,653
050,40,131,"Oklahoma","Rogers County",2,52,1220,613,607
050,40,131,"Oklahoma","Rogers County",2,53,1187,590,597
050,40,131,"Oklahoma","Rogers County",2,54,1215,606,609
050,40,131,"Oklahoma","Rogers County",2,55,1297,643,654
050,40,131,"Oklahoma","Rogers County",2,56,1375,690,685
050,40,131,"Oklahoma","Rogers County",2,57,1369,690,679
050,40,131,"Oklahoma","Rogers County",2,58,1403,704,699
050,40,131,"Oklahoma","Rogers County",2,59,1407,699,708
050,40,131,"Oklahoma","Rogers County",2,60,1368,684,684
050,40,131,"Oklahoma","Rogers County",2,61,1336,672,664
050,40,131,"Oklahoma","Rogers County",2,62,1315,668,647
050,40,131,"Oklahoma","Rogers County",2,63,1255,649,606
050,40,131,"Oklahoma","Rogers County",2,64,1197,589,608
050,40,131,"Oklahoma","Rogers County",2,65,1117,556,561
050,40,131,"Oklahoma","Rogers County",2,66,1087,545,542
050,40,131,"Oklahoma","Rogers County",2,67,1059,525,534
050,40,131,"Oklahoma","Rogers County",2,68,974,462,512
050,40,131,"Oklahoma","Rogers County",2,69,919,435,484
050,40,131,"Oklahoma","Rogers County",2,70,917,437,480
050,40,131,"Oklahoma","Rogers County",2,71,890,415,475
050,40,131,"Oklahoma","Rogers County",2,72,851,397,454
050,40,131,"Oklahoma","Rogers County",2,73,932,440,492
050,40,131,"Oklahoma","Rogers County",2,74,647,298,349
050,40,131,"Oklahoma","Rogers County",2,75,652,308,344
050,40,131,"Oklahoma","Rogers County",2,76,658,305,353
050,40,131,"Oklahoma","Rogers County",2,77,666,315,351
050,40,131,"Oklahoma","Rogers County",2,78,531,252,279
050,40,131,"Oklahoma","Rogers County",2,79,462,210,252
050,40,131,"Oklahoma","Rogers County",2,80,471,204,267
050,40,131,"Oklahoma","Rogers County",2,81,416,192,224
050,40,131,"Oklahoma","Rogers County",2,82,389,183,206
050,40,131,"Oklahoma","Rogers County",2,83,328,158,170
050,40,131,"Oklahoma","Rogers County",2,84,302,136,166
050,40,131,"Oklahoma","Rogers County",2,85,1537,653,884
050,40,131,"Oklahoma","Rogers County",3,0,1001,525,476
050,40,131,"Oklahoma","Rogers County",3,1,1079,579,500
050,40,131,"Oklahoma","Rogers County",3,2,1090,552,538
050,40,131,"Oklahoma","Rogers County",3,3,1150,578,572
050,40,131,"Oklahoma","Rogers County",3,4,1194,591,603
050,40,131,"Oklahoma","Rogers County",3,5,1224,624,600
050,40,131,"Oklahoma","Rogers County",3,6,1246,665,581
050,40,131,"Oklahoma","Rogers County",3,7,1267,659,608
050,40,131,"Oklahoma","Rogers County",3,8,1262,660,602
050,40,131,"Oklahoma","Rogers County",3,9,1226,606,620
050,40,131,"Oklahoma","Rogers County",3,10,1242,638,604
050,40,131,"Oklahoma","Rogers County",3,11,1297,676,621
050,40,131,"Oklahoma","Rogers County",3,12,1322,692,630
050,40,131,"Oklahoma","Rogers County",3,13,1399,740,659
050,40,131,"Oklahoma","Rogers County",3,14,1405,733,672
050,40,131,"Oklahoma","Rogers County",3,15,1395,740,655
050,40,131,"Oklahoma","Rogers County",3,16,1286,660,626
050,40,131,"Oklahoma","Rogers County",3,17,1369,716,653
050,40,131,"Oklahoma","Rogers County",3,18,1229,641,588
050,40,131,"Oklahoma","Rogers County",3,19,1131,558,573
050,40,131,"Oklahoma","Rogers County",3,20,1170,609,561
050,40,131,"Oklahoma","Rogers County",3,21,1252,643,609
050,40,131,"Oklahoma","Rogers County",3,22,1206,610,596
050,40,131,"Oklahoma","Rogers County",3,23,1199,620,579
050,40,131,"Oklahoma","Rogers County",3,24,1164,568,596
050,40,131,"Oklahoma","Rogers County",3,25,1189,594,595
050,40,131,"Oklahoma","Rogers County",3,26,1177,611,566
050,40,131,"Oklahoma","Rogers County",3,27,1217,655,562
050,40,131,"Oklahoma","Rogers County",3,28,1196,613,583
050,40,131,"Oklahoma","Rogers County",3,29,1266,660,606
050,40,131,"Oklahoma","Rogers County",3,30,1240,622,618
050,40,131,"Oklahoma","Rogers County",3,31,1291,650,641
050,40,131,"Oklahoma","Rogers County",3,32,1179,587,592
050,40,131,"Oklahoma","Rogers County",3,33,1203,609,594
050,40,131,"Oklahoma","Rogers County",3,34,1204,617,587
050,40,131,"Oklahoma","Rogers County",3,35,1213,590,623
050,40,131,"Oklahoma","Rogers County",3,36,1222,598,624
050,40,131,"Oklahoma","Rogers County",3,37,1264,592,672
050,40,131,"Oklahoma","Rogers County",3,38,1312,638,674
050,40,131,"Oklahoma","Rogers County",3,39,1307,669,638
050,40,131,"Oklahoma","Rogers County",3,40,1232,648,584
050,40,131,"Oklahoma","Rogers County",3,41,1219,615,604
050,40,131,"Oklahoma","Rogers County",3,42,1152,571,581
050,40,131,"Oklahoma","Rogers County",3,43,1119,562,557
050,40,131,"Oklahoma","Rogers County",3,44,1105,561,544
050,40,131,"Oklahoma","Rogers County",3,45,1144,577,567
050,40,131,"Oklahoma","Rogers County",3,46,1160,593,567
050,40,131,"Oklahoma","Rogers County",3,47,1109,537,572
050,40,131,"Oklahoma","Rogers County",3,48,1161,570,591
050,40,131,"Oklahoma","Rogers County",3,49,1229,617,612
050,40,131,"Oklahoma","Rogers County",3,50,1290,654,636
050,40,131,"Oklahoma","Rogers County",3,51,1322,688,634
050,40,131,"Oklahoma","Rogers County",3,52,1287,653,634
050,40,131,"Oklahoma","Rogers County",3,53,1236,616,620
050,40,131,"Oklahoma","Rogers County",3,54,1186,590,596
050,40,131,"Oklahoma","Rogers County",3,55,1213,602,611
050,40,131,"Oklahoma","Rogers County",3,56,1309,651,658
050,40,131,"Oklahoma","Rogers County",3,57,1365,686,679
050,40,131,"Oklahoma","Rogers County",3,58,1373,687,686
050,40,131,"Oklahoma","Rogers County",3,59,1403,697,706
050,40,131,"Oklahoma","Rogers County",3,60,1398,700,698
050,40,131,"Oklahoma","Rogers County",3,61,1377,692,685
050,40,131,"Oklahoma","Rogers County",3,62,1337,683,654
050,40,131,"Oklahoma","Rogers County",3,63,1306,661,645
050,40,131,"Oklahoma","Rogers County",3,64,1243,641,602
050,40,131,"Oklahoma","Rogers County",3,65,1186,588,598
050,40,131,"Oklahoma","Rogers County",3,66,1093,523,570
050,40,131,"Oklahoma","Rogers County",3,67,1077,535,542
050,40,131,"Oklahoma","Rogers County",3,68,1047,514,533
050,40,131,"Oklahoma","Rogers County",3,69,959,442,517
050,40,131,"Oklahoma","Rogers County",3,70,917,432,485
050,40,131,"Oklahoma","Rogers County",3,71,879,423,456
050,40,131,"Oklahoma","Rogers County",3,72,878,416,462
050,40,131,"Oklahoma","Rogers County",3,73,844,396,448
050,40,131,"Oklahoma","Rogers County",3,74,888,413,475
050,40,131,"Oklahoma","Rogers County",3,75,633,290,343
050,40,131,"Oklahoma","Rogers County",3,76,655,312,343
050,40,131,"Oklahoma","Rogers County",3,77,630,282,348
050,40,131,"Oklahoma","Rogers County",3,78,610,286,324
050,40,131,"Oklahoma","Rogers County",3,79,515,244,271
050,40,131,"Oklahoma","Rogers County",3,80,494,205,289
050,40,131,"Oklahoma","Rogers County",3,81,400,181,219
050,40,131,"Oklahoma","Rogers County",3,82,396,173,223
050,40,131,"Oklahoma","Rogers County",3,83,361,180,181
050,40,131,"Oklahoma","Rogers County",3,84,304,147,157
050,40,131,"Oklahoma","Rogers County",3,85,1545,658,887
050,40,131,"Oklahoma","Rogers County",4,0,1052,552,500
050,40,131,"Oklahoma","Rogers County",4,1,1064,525,539
050,40,131,"Oklahoma","Rogers County",4,2,1151,610,541
050,40,131,"Oklahoma","Rogers County",4,3,1143,590,553
050,40,131,"Oklahoma","Rogers County",4,4,1207,591,616
050,40,131,"Oklahoma","Rogers County",4,5,1257,635,622
050,40,131,"Oklahoma","Rogers County",4,6,1322,672,650
050,40,131,"Oklahoma","Rogers County",4,7,1296,679,617
050,40,131,"Oklahoma","Rogers County",4,8,1324,679,645
050,40,131,"Oklahoma","Rogers County",4,9,1300,694,606
050,40,131,"Oklahoma","Rogers County",4,10,1279,636,643
050,40,131,"Oklahoma","Rogers County",4,11,1316,686,630
050,40,131,"Oklahoma","Rogers County",4,12,1338,696,642
050,40,131,"Oklahoma","Rogers County",4,13,1371,708,663
050,40,131,"Oklahoma","Rogers County",4,14,1418,756,662
050,40,131,"Oklahoma","Rogers County",4,15,1438,774,664
050,40,131,"Oklahoma","Rogers County",4,16,1414,745,669
050,40,131,"Oklahoma","Rogers County",4,17,1284,664,620
050,40,131,"Oklahoma","Rogers County",4,18,1237,656,581
050,40,131,"Oklahoma","Rogers County",4,19,1129,567,562
050,40,131,"Oklahoma","Rogers County",4,20,1160,589,571
050,40,131,"Oklahoma","Rogers County",4,21,1217,605,612
050,40,131,"Oklahoma","Rogers County",4,22,1258,659,599
050,40,131,"Oklahoma","Rogers County",4,23,1236,622,614
050,40,131,"Oklahoma","Rogers County",4,24,1220,636,584
050,40,131,"Oklahoma","Rogers County",4,25,1204,593,611
050,40,131,"Oklahoma","Rogers County",4,26,1202,622,580
050,40,131,"Oklahoma","Rogers County",4,27,1162,585,577
050,40,131,"Oklahoma","Rogers County",4,28,1248,659,589
050,40,131,"Oklahoma","Rogers County",4,29,1265,643,622
050,40,131,"Oklahoma","Rogers County",4,30,1313,690,623
050,40,131,"Oklahoma","Rogers County",4,31,1324,659,665
050,40,131,"Oklahoma","Rogers County",4,32,1344,672,672
050,40,131,"Oklahoma","Rogers County",4,33,1251,630,621
050,40,131,"Oklahoma","Rogers County",4,34,1233,611,622
050,40,131,"Oklahoma","Rogers County",4,35,1245,638,607
050,40,131,"Oklahoma","Rogers County",4,36,1260,630,630
050,40,131,"Oklahoma","Rogers County",4,37,1225,608,617
050,40,131,"Oklahoma","Rogers County",4,38,1255,587,668
050,40,131,"Oklahoma","Rogers County",4,39,1347,658,689
050,40,131,"Oklahoma","Rogers County",4,40,1328,672,656
050,40,131,"Oklahoma","Rogers County",4,41,1250,652,598
050,40,131,"Oklahoma","Rogers County",4,42,1238,632,606
050,40,131,"Oklahoma","Rogers County",4,43,1202,605,597
050,40,131,"Oklahoma","Rogers County",4,44,1123,555,568
050,40,131,"Oklahoma","Rogers County",4,45,1118,571,547
050,40,131,"Oklahoma","Rogers County",4,46,1169,600,569
050,40,131,"Oklahoma","Rogers County",4,47,1193,597,596
050,40,131,"Oklahoma","Rogers County",4,48,1111,543,568
050,40,131,"Oklahoma","Rogers County",4,49,1209,585,624
050,40,131,"Oklahoma","Rogers County",4,50,1218,622,596
050,40,131,"Oklahoma","Rogers County",4,51,1335,678,657
050,40,131,"Oklahoma","Rogers County",4,52,1325,695,630
050,40,131,"Oklahoma","Rogers County",4,53,1297,660,637
050,40,131,"Oklahoma","Rogers County",4,54,1234,602,632
050,40,131,"Oklahoma","Rogers County",4,55,1209,606,603
050,40,131,"Oklahoma","Rogers County",4,56,1234,614,620
050,40,131,"Oklahoma","Rogers County",4,57,1355,667,688
050,40,131,"Oklahoma","Rogers County",4,58,1349,667,682
050,40,131,"Oklahoma","Rogers County",4,59,1363,669,694
050,40,131,"Oklahoma","Rogers County",4,60,1409,703,706
050,40,131,"Oklahoma","Rogers County",4,61,1398,702,696
050,40,131,"Oklahoma","Rogers County",4,62,1395,703,692
050,40,131,"Oklahoma","Rogers County",4,63,1318,674,644
050,40,131,"Oklahoma","Rogers County",4,64,1307,664,643
050,40,131,"Oklahoma","Rogers County",4,65,1247,650,597
050,40,131,"Oklahoma","Rogers County",4,66,1181,584,597
050,40,131,"Oklahoma","Rogers County",4,67,1103,519,584
050,40,131,"Oklahoma","Rogers County",4,68,1089,533,556
050,40,131,"Oklahoma","Rogers County",4,69,1051,501,550
050,40,131,"Oklahoma","Rogers County",4,70,981,447,534
050,40,131,"Oklahoma","Rogers County",4,71,886,419,467
050,40,131,"Oklahoma","Rogers County",4,72,869,424,445
050,40,131,"Oklahoma","Rogers County",4,73,867,408,459
050,40,131,"Oklahoma","Rogers County",4,74,811,369,442
050,40,131,"Oklahoma","Rogers County",4,75,879,407,472
050,40,131,"Oklahoma","Rogers County",4,76,642,294,348
050,40,131,"Oklahoma","Rogers County",4,77,645,305,340
050,40,131,"Oklahoma","Rogers County",4,78,583,260,323
050,40,131,"Oklahoma","Rogers County",4,79,599,286,313
050,40,131,"Oklahoma","Rogers County",4,80,541,232,309
050,40,131,"Oklahoma","Rogers County",4,81,443,188,255
050,40,131,"Oklahoma","Rogers County",4,82,381,162,219
050,40,131,"Oklahoma","Rogers County",4,83,373,177,196
050,40,131,"Oklahoma","Rogers County",4,84,345,173,172
050,40,131,"Oklahoma","Rogers County",4,85,1548,677,871
050,40,131,"Oklahoma","Rogers County",5,0,1049,552,497
050,40,131,"Oklahoma","Rogers County",5,1,1038,516,522
050,40,131,"Oklahoma","Rogers County",5,2,1083,541,542
050,40,131,"Oklahoma","Rogers County",5,3,1195,639,556
050,40,131,"Oklahoma","Rogers County",5,4,1158,595,563
050,40,131,"Oklahoma","Rogers County",5,5,1257,625,632
050,40,131,"Oklahoma","Rogers County",5,6,1290,650,640
050,40,131,"Oklahoma","Rogers County",5,7,1355,689,666
050,40,131,"Oklahoma","Rogers County",5,8,1335,707,628
050,40,131,"Oklahoma","Rogers County",5,9,1370,714,656
050,40,131,"Oklahoma","Rogers County",5,10,1337,697,640
050,40,131,"Oklahoma","Rogers County",5,11,1290,645,645
050,40,131,"Oklahoma","Rogers County",5,12,1341,694,647
050,40,131,"Oklahoma","Rogers County",5,13,1364,697,667
050,40,131,"Oklahoma","Rogers County",5,14,1376,718,658
050,40,131,"Oklahoma","Rogers County",5,15,1451,787,664
050,40,131,"Oklahoma","Rogers County",5,16,1463,798,665
050,40,131,"Oklahoma","Rogers County",5,17,1439,755,684
050,40,131,"Oklahoma","Rogers County",5,18,1165,620,545
050,40,131,"Oklahoma","Rogers County",5,19,1125,576,549
050,40,131,"Oklahoma","Rogers County",5,20,1142,598,544
050,40,131,"Oklahoma","Rogers County",5,21,1209,605,604
050,40,131,"Oklahoma","Rogers County",5,22,1228,631,597
050,40,131,"Oklahoma","Rogers County",5,23,1234,632,602
050,40,131,"Oklahoma","Rogers County",5,24,1246,634,612
050,40,131,"Oklahoma","Rogers County",5,25,1197,601,596
050,40,131,"Oklahoma","Rogers County",5,26,1204,604,600
050,40,131,"Oklahoma","Rogers County",5,27,1206,614,592
050,40,131,"Oklahoma","Rogers County",5,28,1231,626,605
050,40,131,"Oklahoma","Rogers County",5,29,1229,650,579
050,40,131,"Oklahoma","Rogers County",5,30,1251,625,626
050,40,131,"Oklahoma","Rogers County",5,31,1372,707,665
050,40,131,"Oklahoma","Rogers County",5,32,1344,669,675
050,40,131,"Oklahoma","Rogers County",5,33,1377,706,671
050,40,131,"Oklahoma","Rogers County",5,34,1273,643,630
050,40,131,"Oklahoma","Rogers County",5,35,1241,626,615
050,40,131,"Oklahoma","Rogers County",5,36,1282,657,625
050,40,131,"Oklahoma","Rogers County",5,37,1295,667,628
050,40,131,"Oklahoma","Rogers County",5,38,1273,629,644
050,40,131,"Oklahoma","Rogers County",5,39,1277,592,685
050,40,131,"Oklahoma","Rogers County",5,40,1359,667,692
050,40,131,"Oklahoma","Rogers County",5,41,1349,693,656
050,40,131,"Oklahoma","Rogers County",5,42,1252,658,594
050,40,131,"Oklahoma","Rogers County",5,43,1231,620,611
050,40,131,"Oklahoma","Rogers County",5,44,1218,610,608
050,40,131,"Oklahoma","Rogers County",5,45,1132,562,570
050,40,131,"Oklahoma","Rogers County",5,46,1153,598,555
050,40,131,"Oklahoma","Rogers County",5,47,1199,603,596
050,40,131,"Oklahoma","Rogers County",5,48,1208,608,600
050,40,131,"Oklahoma","Rogers County",5,49,1158,565,593
050,40,131,"Oklahoma","Rogers County",5,50,1197,582,615
050,40,131,"Oklahoma","Rogers County",5,51,1215,628,587
050,40,131,"Oklahoma","Rogers County",5,52,1325,687,638
050,40,131,"Oklahoma","Rogers County",5,53,1320,679,641
050,40,131,"Oklahoma","Rogers County",5,54,1313,657,656
050,40,131,"Oklahoma","Rogers County",5,55,1201,593,608
050,40,131,"Oklahoma","Rogers County",5,56,1221,612,609
050,40,131,"Oklahoma","Rogers County",5,57,1250,632,618
050,40,131,"Oklahoma","Rogers County",5,58,1353,659,694
050,40,131,"Oklahoma","Rogers County",5,59,1350,656,694
050,40,131,"Oklahoma","Rogers County",5,60,1352,658,694
050,40,131,"Oklahoma","Rogers County",5,61,1418,710,708
050,40,131,"Oklahoma","Rogers County",5,62,1423,717,706
050,40,131,"Oklahoma","Rogers County",5,63,1393,688,705
050,40,131,"Oklahoma","Rogers County",5,64,1313,665,648
050,40,131,"Oklahoma","Rogers County",5,65,1304,667,637
050,40,131,"Oklahoma","Rogers County",5,66,1231,642,589
050,40,131,"Oklahoma","Rogers County",5,67,1166,586,580
050,40,131,"Oklahoma","Rogers County",5,68,1070,499,571
050,40,131,"Oklahoma","Rogers County",5,69,1086,527,559
050,40,131,"Oklahoma","Rogers County",5,70,1060,496,564
050,40,131,"Oklahoma","Rogers County",5,71,944,438,506
050,40,131,"Oklahoma","Rogers County",5,72,875,413,462
050,40,131,"Oklahoma","Rogers County",5,73,852,413,439
050,40,131,"Oklahoma","Rogers County",5,74,839,382,457
050,40,131,"Oklahoma","Rogers County",5,75,791,368,423
050,40,131,"Oklahoma","Rogers County",5,76,876,404,472
050,40,131,"Oklahoma","Rogers County",5,77,630,282,348
050,40,131,"Oklahoma","Rogers County",5,78,612,290,322
050,40,131,"Oklahoma","Rogers County",5,79,559,250,309
050,40,131,"Oklahoma","Rogers County",5,80,609,274,335
050,40,131,"Oklahoma","Rogers County",5,81,470,204,266
050,40,131,"Oklahoma","Rogers County",5,82,413,167,246
050,40,131,"Oklahoma","Rogers County",5,83,359,158,201
050,40,131,"Oklahoma","Rogers County",5,84,342,161,181
050,40,131,"Oklahoma","Rogers County",5,85,1665,751,914
050,40,133,"Oklahoma","Seminole County",1,0,296,152,144
050,40,133,"Oklahoma","Seminole County",1,1,292,148,144
050,40,133,"Oklahoma","Seminole County",1,2,285,139,146
050,40,133,"Oklahoma","Seminole County",1,3,310,158,152
050,40,133,"Oklahoma","Seminole County",1,4,335,176,159
050,40,133,"Oklahoma","Seminole County",1,5,280,131,149
050,40,133,"Oklahoma","Seminole County",1,6,331,178,153
050,40,133,"Oklahoma","Seminole County",1,7,342,188,154
050,40,133,"Oklahoma","Seminole County",1,8,317,159,158
050,40,133,"Oklahoma","Seminole County",1,9,310,156,154
050,40,133,"Oklahoma","Seminole County",1,10,315,169,146
050,40,133,"Oklahoma","Seminole County",1,11,346,185,161
050,40,133,"Oklahoma","Seminole County",1,12,329,179,150
050,40,133,"Oklahoma","Seminole County",1,13,315,156,159
050,40,133,"Oklahoma","Seminole County",1,14,334,169,165
050,40,133,"Oklahoma","Seminole County",1,15,321,172,149
050,40,133,"Oklahoma","Seminole County",1,16,358,180,178
050,40,133,"Oklahoma","Seminole County",1,17,363,179,184
050,40,133,"Oklahoma","Seminole County",1,18,345,180,165
050,40,133,"Oklahoma","Seminole County",1,19,363,178,185
050,40,133,"Oklahoma","Seminole County",1,20,350,185,165
050,40,133,"Oklahoma","Seminole County",1,21,294,154,140
050,40,133,"Oklahoma","Seminole County",1,22,269,145,124
050,40,133,"Oklahoma","Seminole County",1,23,270,142,128
050,40,133,"Oklahoma","Seminole County",1,24,260,129,131
050,40,133,"Oklahoma","Seminole County",1,25,275,144,131
050,40,133,"Oklahoma","Seminole County",1,26,244,111,133
050,40,133,"Oklahoma","Seminole County",1,27,258,121,137
050,40,133,"Oklahoma","Seminole County",1,28,253,130,123
050,40,133,"Oklahoma","Seminole County",1,29,294,160,134
050,40,133,"Oklahoma","Seminole County",1,30,286,148,138
050,40,133,"Oklahoma","Seminole County",1,31,238,117,121
050,40,133,"Oklahoma","Seminole County",1,32,241,118,123
050,40,133,"Oklahoma","Seminole County",1,33,270,132,138
050,40,133,"Oklahoma","Seminole County",1,34,242,121,121
050,40,133,"Oklahoma","Seminole County",1,35,250,132,118
050,40,133,"Oklahoma","Seminole County",1,36,257,131,126
050,40,133,"Oklahoma","Seminole County",1,37,275,125,150
050,40,133,"Oklahoma","Seminole County",1,38,306,132,174
050,40,133,"Oklahoma","Seminole County",1,39,288,129,159
050,40,133,"Oklahoma","Seminole County",1,40,278,139,139
050,40,133,"Oklahoma","Seminole County",1,41,302,134,168
050,40,133,"Oklahoma","Seminole County",1,42,279,131,148
050,40,133,"Oklahoma","Seminole County",1,43,267,140,127
050,40,133,"Oklahoma","Seminole County",1,44,259,114,145
050,40,133,"Oklahoma","Seminole County",1,45,252,128,124
050,40,133,"Oklahoma","Seminole County",1,46,273,137,136
050,40,133,"Oklahoma","Seminole County",1,47,262,132,130
050,40,133,"Oklahoma","Seminole County",1,48,267,136,131
050,40,133,"Oklahoma","Seminole County",1,49,293,148,145
050,40,133,"Oklahoma","Seminole County",1,50,276,145,131
050,40,133,"Oklahoma","Seminole County",1,51,264,134,130
050,40,133,"Oklahoma","Seminole County",1,52,247,129,118
050,40,133,"Oklahoma","Seminole County",1,53,284,140,144
050,40,133,"Oklahoma","Seminole County",1,54,309,153,156
050,40,133,"Oklahoma","Seminole County",1,55,331,164,167
050,40,133,"Oklahoma","Seminole County",1,56,331,164,167
050,40,133,"Oklahoma","Seminole County",1,57,312,154,158
050,40,133,"Oklahoma","Seminole County",1,58,340,177,163
050,40,133,"Oklahoma","Seminole County",1,59,351,178,173
050,40,133,"Oklahoma","Seminole County",1,60,316,152,164
050,40,133,"Oklahoma","Seminole County",1,61,324,156,168
050,40,133,"Oklahoma","Seminole County",1,62,322,151,171
050,40,133,"Oklahoma","Seminole County",1,63,312,150,162
050,40,133,"Oklahoma","Seminole County",1,64,278,143,135
050,40,133,"Oklahoma","Seminole County",1,65,307,153,154
050,40,133,"Oklahoma","Seminole County",1,66,304,144,160
050,40,133,"Oklahoma","Seminole County",1,67,264,129,135
050,40,133,"Oklahoma","Seminole County",1,68,258,114,144
050,40,133,"Oklahoma","Seminole County",1,69,261,127,134
050,40,133,"Oklahoma","Seminole County",1,70,244,119,125
050,40,133,"Oklahoma","Seminole County",1,71,229,111,118
050,40,133,"Oklahoma","Seminole County",1,72,220,110,110
050,40,133,"Oklahoma","Seminole County",1,73,235,112,123
050,40,133,"Oklahoma","Seminole County",1,74,179,87,92
050,40,133,"Oklahoma","Seminole County",1,75,171,82,89
050,40,133,"Oklahoma","Seminole County",1,76,172,69,103
050,40,133,"Oklahoma","Seminole County",1,77,168,66,102
050,40,133,"Oklahoma","Seminole County",1,78,142,61,81
050,40,133,"Oklahoma","Seminole County",1,79,150,68,82
050,40,133,"Oklahoma","Seminole County",1,80,121,59,62
050,40,133,"Oklahoma","Seminole County",1,81,118,55,63
050,40,133,"Oklahoma","Seminole County",1,82,112,52,60
050,40,133,"Oklahoma","Seminole County",1,83,94,44,50
050,40,133,"Oklahoma","Seminole County",1,84,91,44,47
050,40,133,"Oklahoma","Seminole County",1,85,484,166,318
050,40,133,"Oklahoma","Seminole County",2,0,282,142,140
050,40,133,"Oklahoma","Seminole County",2,1,291,149,142
050,40,133,"Oklahoma","Seminole County",2,2,287,143,144
050,40,133,"Oklahoma","Seminole County",2,3,305,155,150
050,40,133,"Oklahoma","Seminole County",2,4,332,173,159
050,40,133,"Oklahoma","Seminole County",2,5,296,142,154
050,40,133,"Oklahoma","Seminole County",2,6,322,168,154
050,40,133,"Oklahoma","Seminole County",2,7,337,182,155
050,40,133,"Oklahoma","Seminole County",2,8,322,164,158
050,40,133,"Oklahoma","Seminole County",2,9,310,157,153
050,40,133,"Oklahoma","Seminole County",2,10,319,169,150
050,40,133,"Oklahoma","Seminole County",2,11,338,180,158
050,40,133,"Oklahoma","Seminole County",2,12,334,179,155
050,40,133,"Oklahoma","Seminole County",2,13,320,162,158
050,40,133,"Oklahoma","Seminole County",2,14,323,164,159
050,40,133,"Oklahoma","Seminole County",2,15,322,170,152
050,40,133,"Oklahoma","Seminole County",2,16,349,179,170
050,40,133,"Oklahoma","Seminole County",2,17,360,180,180
050,40,133,"Oklahoma","Seminole County",2,18,342,176,166
050,40,133,"Oklahoma","Seminole County",2,19,367,182,185
050,40,133,"Oklahoma","Seminole County",2,20,350,184,166
050,40,133,"Oklahoma","Seminole County",2,21,293,153,140
050,40,133,"Oklahoma","Seminole County",2,22,276,148,128
050,40,133,"Oklahoma","Seminole County",2,23,266,140,126
050,40,133,"Oklahoma","Seminole County",2,24,263,135,128
050,40,133,"Oklahoma","Seminole County",2,25,272,142,130
050,40,133,"Oklahoma","Seminole County",2,26,252,117,135
050,40,133,"Oklahoma","Seminole County",2,27,257,119,138
050,40,133,"Oklahoma","Seminole County",2,28,250,126,124
050,40,133,"Oklahoma","Seminole County",2,29,287,157,130
050,40,133,"Oklahoma","Seminole County",2,30,288,150,138
050,40,133,"Oklahoma","Seminole County",2,31,249,123,126
050,40,133,"Oklahoma","Seminole County",2,32,241,118,123
050,40,133,"Oklahoma","Seminole County",2,33,264,129,135
050,40,133,"Oklahoma","Seminole County",2,34,247,123,124
050,40,133,"Oklahoma","Seminole County",2,35,247,127,120
050,40,133,"Oklahoma","Seminole County",2,36,256,131,125
050,40,133,"Oklahoma","Seminole County",2,37,270,126,144
050,40,133,"Oklahoma","Seminole County",2,38,302,130,172
050,40,133,"Oklahoma","Seminole County",2,39,289,130,159
050,40,133,"Oklahoma","Seminole County",2,40,283,137,146
050,40,133,"Oklahoma","Seminole County",2,41,295,136,159
050,40,133,"Oklahoma","Seminole County",2,42,282,133,149
050,40,133,"Oklahoma","Seminole County",2,43,270,135,135
050,40,133,"Oklahoma","Seminole County",2,44,257,119,138
050,40,133,"Oklahoma","Seminole County",2,45,254,123,131
050,40,133,"Oklahoma","Seminole County",2,46,268,136,132
050,40,133,"Oklahoma","Seminole County",2,47,268,136,132
050,40,133,"Oklahoma","Seminole County",2,48,267,136,131
050,40,133,"Oklahoma","Seminole County",2,49,289,145,144
050,40,133,"Oklahoma","Seminole County",2,50,281,148,133
050,40,133,"Oklahoma","Seminole County",2,51,262,134,128
050,40,133,"Oklahoma","Seminole County",2,52,252,131,121
050,40,133,"Oklahoma","Seminole County",2,53,276,137,139
050,40,133,"Oklahoma","Seminole County",2,54,296,149,147
050,40,133,"Oklahoma","Seminole County",2,55,325,160,165
050,40,133,"Oklahoma","Seminole County",2,56,326,161,165
050,40,133,"Oklahoma","Seminole County",2,57,318,158,160
050,40,133,"Oklahoma","Seminole County",2,58,332,170,162
050,40,133,"Oklahoma","Seminole County",2,59,348,178,170
050,40,133,"Oklahoma","Seminole County",2,60,328,159,169
050,40,133,"Oklahoma","Seminole County",2,61,323,154,169
050,40,133,"Oklahoma","Seminole County",2,62,323,152,171
050,40,133,"Oklahoma","Seminole County",2,63,316,150,166
050,40,133,"Oklahoma","Seminole County",2,64,282,141,141
050,40,133,"Oklahoma","Seminole County",2,65,300,151,149
050,40,133,"Oklahoma","Seminole County",2,66,301,144,157
050,40,133,"Oklahoma","Seminole County",2,67,272,133,139
050,40,133,"Oklahoma","Seminole County",2,68,254,115,139
050,40,133,"Oklahoma","Seminole County",2,69,263,126,137
050,40,133,"Oklahoma","Seminole County",2,70,238,113,125
050,40,133,"Oklahoma","Seminole County",2,71,229,111,118
050,40,133,"Oklahoma","Seminole County",2,72,218,108,110
050,40,133,"Oklahoma","Seminole County",2,73,245,118,127
050,40,133,"Oklahoma","Seminole County",2,74,181,86,95
050,40,133,"Oklahoma","Seminole County",2,75,175,86,89
050,40,133,"Oklahoma","Seminole County",2,76,165,68,97
050,40,133,"Oklahoma","Seminole County",2,77,168,64,104
050,40,133,"Oklahoma","Seminole County",2,78,145,62,83
050,40,133,"Oklahoma","Seminole County",2,79,141,63,78
050,40,133,"Oklahoma","Seminole County",2,80,123,59,64
050,40,133,"Oklahoma","Seminole County",2,81,117,55,62
050,40,133,"Oklahoma","Seminole County",2,82,112,52,60
050,40,133,"Oklahoma","Seminole County",2,83,99,47,52
050,40,133,"Oklahoma","Seminole County",2,84,92,44,48
050,40,133,"Oklahoma","Seminole County",2,85,481,164,317
050,40,133,"Oklahoma","Seminole County",3,0,277,134,143
050,40,133,"Oklahoma","Seminole County",3,1,250,127,123
050,40,133,"Oklahoma","Seminole County",3,2,288,144,144
050,40,133,"Oklahoma","Seminole County",3,3,296,145,151
050,40,133,"Oklahoma","Seminole County",3,4,298,157,141
050,40,133,"Oklahoma","Seminole County",3,5,317,161,156
050,40,133,"Oklahoma","Seminole County",3,6,302,146,156
050,40,133,"Oklahoma","Seminole County",3,7,325,177,148
050,40,133,"Oklahoma","Seminole County",3,8,344,180,164
050,40,133,"Oklahoma","Seminole County",3,9,340,173,167
050,40,133,"Oklahoma","Seminole County",3,10,317,162,155
050,40,133,"Oklahoma","Seminole County",3,11,315,163,152
050,40,133,"Oklahoma","Seminole County",3,12,343,175,168
050,40,133,"Oklahoma","Seminole County",3,13,357,192,165
050,40,133,"Oklahoma","Seminole County",3,14,328,171,157
050,40,133,"Oklahoma","Seminole County",3,15,335,173,162
050,40,133,"Oklahoma","Seminole County",3,16,333,173,160
050,40,133,"Oklahoma","Seminole County",3,17,354,185,169
050,40,133,"Oklahoma","Seminole County",3,18,346,173,173
050,40,133,"Oklahoma","Seminole County",3,19,356,179,177
050,40,133,"Oklahoma","Seminole County",3,20,342,179,163
050,40,133,"Oklahoma","Seminole County",3,21,316,163,153
050,40,133,"Oklahoma","Seminole County",3,22,309,162,147
050,40,133,"Oklahoma","Seminole County",3,23,289,151,138
050,40,133,"Oklahoma","Seminole County",3,24,279,148,131
050,40,133,"Oklahoma","Seminole County",3,25,248,133,115
050,40,133,"Oklahoma","Seminole County",3,26,260,132,128
050,40,133,"Oklahoma","Seminole County",3,27,254,125,129
050,40,133,"Oklahoma","Seminole County",3,28,253,123,130
050,40,133,"Oklahoma","Seminole County",3,29,265,133,132
050,40,133,"Oklahoma","Seminole County",3,30,290,154,136
050,40,133,"Oklahoma","Seminole County",3,31,292,148,144
050,40,133,"Oklahoma","Seminole County",3,32,256,124,132
050,40,133,"Oklahoma","Seminole County",3,33,227,110,117
050,40,133,"Oklahoma","Seminole County",3,34,268,128,140
050,40,133,"Oklahoma","Seminole County",3,35,251,121,130
050,40,133,"Oklahoma","Seminole County",3,36,261,132,129
050,40,133,"Oklahoma","Seminole County",3,37,264,130,134
050,40,133,"Oklahoma","Seminole County",3,38,263,125,138
050,40,133,"Oklahoma","Seminole County",3,39,314,134,180
050,40,133,"Oklahoma","Seminole County",3,40,303,144,159
050,40,133,"Oklahoma","Seminole County",3,41,302,141,161
050,40,133,"Oklahoma","Seminole County",3,42,319,147,172
050,40,133,"Oklahoma","Seminole County",3,43,287,136,151
050,40,133,"Oklahoma","Seminole County",3,44,271,135,136
050,40,133,"Oklahoma","Seminole County",3,45,248,119,129
050,40,133,"Oklahoma","Seminole County",3,46,252,122,130
050,40,133,"Oklahoma","Seminole County",3,47,260,134,126
050,40,133,"Oklahoma","Seminole County",3,48,268,135,133
050,40,133,"Oklahoma","Seminole County",3,49,277,140,137
050,40,133,"Oklahoma","Seminole County",3,50,288,148,140
050,40,133,"Oklahoma","Seminole County",3,51,278,147,131
050,40,133,"Oklahoma","Seminole County",3,52,279,144,135
050,40,133,"Oklahoma","Seminole County",3,53,264,135,129
050,40,133,"Oklahoma","Seminole County",3,54,271,134,137
050,40,133,"Oklahoma","Seminole County",3,55,296,149,147
050,40,133,"Oklahoma","Seminole County",3,56,314,154,160
050,40,133,"Oklahoma","Seminole County",3,57,328,155,173
050,40,133,"Oklahoma","Seminole County",3,58,304,152,152
050,40,133,"Oklahoma","Seminole County",3,59,321,156,165
050,40,133,"Oklahoma","Seminole County",3,60,325,169,156
050,40,133,"Oklahoma","Seminole County",3,61,321,151,170
050,40,133,"Oklahoma","Seminole County",3,62,315,150,165
050,40,133,"Oklahoma","Seminole County",3,63,319,146,173
050,40,133,"Oklahoma","Seminole County",3,64,306,144,162
050,40,133,"Oklahoma","Seminole County",3,65,275,133,142
050,40,133,"Oklahoma","Seminole County",3,66,283,142,141
050,40,133,"Oklahoma","Seminole County",3,67,294,144,150
050,40,133,"Oklahoma","Seminole County",3,68,258,124,134
050,40,133,"Oklahoma","Seminole County",3,69,257,120,137
050,40,133,"Oklahoma","Seminole County",3,70,245,115,130
050,40,133,"Oklahoma","Seminole County",3,71,232,108,124
050,40,133,"Oklahoma","Seminole County",3,72,227,110,117
050,40,133,"Oklahoma","Seminole County",3,73,210,105,105
050,40,133,"Oklahoma","Seminole County",3,74,226,103,123
050,40,133,"Oklahoma","Seminole County",3,75,178,89,89
050,40,133,"Oklahoma","Seminole County",3,76,152,76,76
050,40,133,"Oklahoma","Seminole County",3,77,146,57,89
050,40,133,"Oklahoma","Seminole County",3,78,158,61,97
050,40,133,"Oklahoma","Seminole County",3,79,135,58,77
050,40,133,"Oklahoma","Seminole County",3,80,132,56,76
050,40,133,"Oklahoma","Seminole County",3,81,112,49,63
050,40,133,"Oklahoma","Seminole County",3,82,102,53,49
050,40,133,"Oklahoma","Seminole County",3,83,106,50,56
050,40,133,"Oklahoma","Seminole County",3,84,93,44,49
050,40,133,"Oklahoma","Seminole County",3,85,483,165,318
050,40,133,"Oklahoma","Seminole County",4,0,282,121,161
050,40,133,"Oklahoma","Seminole County",4,1,267,139,128
050,40,133,"Oklahoma","Seminole County",4,2,257,127,130
050,40,133,"Oklahoma","Seminole County",4,3,292,146,146
050,40,133,"Oklahoma","Seminole County",4,4,298,150,148
050,40,133,"Oklahoma","Seminole County",4,5,325,179,146
050,40,133,"Oklahoma","Seminole County",4,6,324,168,156
050,40,133,"Oklahoma","Seminole County",4,7,317,146,171
050,40,133,"Oklahoma","Seminole County",4,8,320,162,158
050,40,133,"Oklahoma","Seminole County",4,9,336,175,161
050,40,133,"Oklahoma","Seminole County",4,10,343,168,175
050,40,133,"Oklahoma","Seminole County",4,11,323,166,157
050,40,133,"Oklahoma","Seminole County",4,12,325,168,157
050,40,133,"Oklahoma","Seminole County",4,13,326,162,164
050,40,133,"Oklahoma","Seminole County",4,14,351,194,157
050,40,133,"Oklahoma","Seminole County",4,15,323,167,156
050,40,133,"Oklahoma","Seminole County",4,16,344,174,170
050,40,133,"Oklahoma","Seminole County",4,17,337,174,163
050,40,133,"Oklahoma","Seminole County",4,18,354,192,162
050,40,133,"Oklahoma","Seminole County",4,19,344,168,176
050,40,133,"Oklahoma","Seminole County",4,20,308,163,145
050,40,133,"Oklahoma","Seminole County",4,21,293,150,143
050,40,133,"Oklahoma","Seminole County",4,22,319,164,155
050,40,133,"Oklahoma","Seminole County",4,23,293,155,138
050,40,133,"Oklahoma","Seminole County",4,24,293,158,135
050,40,133,"Oklahoma","Seminole County",4,25,286,160,126
050,40,133,"Oklahoma","Seminole County",4,26,250,129,121
050,40,133,"Oklahoma","Seminole County",4,27,262,128,134
050,40,133,"Oklahoma","Seminole County",4,28,254,123,131
050,40,133,"Oklahoma","Seminole County",4,29,261,129,132
050,40,133,"Oklahoma","Seminole County",4,30,261,128,133
050,40,133,"Oklahoma","Seminole County",4,31,289,147,142
050,40,133,"Oklahoma","Seminole County",4,32,290,149,141
050,40,133,"Oklahoma","Seminole County",4,33,259,126,133
050,40,133,"Oklahoma","Seminole County",4,34,252,124,128
050,40,133,"Oklahoma","Seminole County",4,35,266,123,143
050,40,133,"Oklahoma","Seminole County",4,36,259,126,133
050,40,133,"Oklahoma","Seminole County",4,37,264,134,130
050,40,133,"Oklahoma","Seminole County",4,38,257,128,129
050,40,133,"Oklahoma","Seminole County",4,39,271,135,136
050,40,133,"Oklahoma","Seminole County",4,40,322,133,189
050,40,133,"Oklahoma","Seminole County",4,41,303,143,160
050,40,133,"Oklahoma","Seminole County",4,42,311,153,158
050,40,133,"Oklahoma","Seminole County",4,43,315,135,180
050,40,133,"Oklahoma","Seminole County",4,44,284,137,147
050,40,133,"Oklahoma","Seminole County",4,45,278,138,140
050,40,133,"Oklahoma","Seminole County",4,46,252,119,133
050,40,133,"Oklahoma","Seminole County",4,47,247,121,126
050,40,133,"Oklahoma","Seminole County",4,48,263,139,124
050,40,133,"Oklahoma","Seminole County",4,49,272,138,134
050,40,133,"Oklahoma","Seminole County",4,50,277,140,137
050,40,133,"Oklahoma","Seminole County",4,51,283,147,136
050,40,133,"Oklahoma","Seminole County",4,52,281,152,129
050,40,133,"Oklahoma","Seminole County",4,53,276,136,140
050,40,133,"Oklahoma","Seminole County",4,54,259,135,124
050,40,133,"Oklahoma","Seminole County",4,55,254,122,132
050,40,133,"Oklahoma","Seminole County",4,56,276,139,137
050,40,133,"Oklahoma","Seminole County",4,57,312,154,158
050,40,133,"Oklahoma","Seminole County",4,58,326,153,173
050,40,133,"Oklahoma","Seminole County",4,59,291,144,147
050,40,133,"Oklahoma","Seminole County",4,60,327,158,169
050,40,133,"Oklahoma","Seminole County",4,61,320,170,150
050,40,133,"Oklahoma","Seminole County",4,62,307,147,160
050,40,133,"Oklahoma","Seminole County",4,63,312,150,162
050,40,133,"Oklahoma","Seminole County",4,64,317,139,178
050,40,133,"Oklahoma","Seminole County",4,65,304,139,165
050,40,133,"Oklahoma","Seminole County",4,66,265,124,141
050,40,133,"Oklahoma","Seminole County",4,67,278,143,135
050,40,133,"Oklahoma","Seminole County",4,68,280,138,142
050,40,133,"Oklahoma","Seminole County",4,69,264,131,133
050,40,133,"Oklahoma","Seminole County",4,70,240,106,134
050,40,133,"Oklahoma","Seminole County",4,71,233,104,129
050,40,133,"Oklahoma","Seminole County",4,72,222,100,122
050,40,133,"Oklahoma","Seminole County",4,73,220,104,116
050,40,133,"Oklahoma","Seminole County",4,74,199,100,99
050,40,133,"Oklahoma","Seminole County",4,75,226,109,117
050,40,133,"Oklahoma","Seminole County",4,76,157,77,80
050,40,133,"Oklahoma","Seminole County",4,77,138,68,70
050,40,133,"Oklahoma","Seminole County",4,78,144,55,89
050,40,133,"Oklahoma","Seminole County",4,79,141,53,88
050,40,133,"Oklahoma","Seminole County",4,80,118,50,68
050,40,133,"Oklahoma","Seminole County",4,81,125,48,77
050,40,133,"Oklahoma","Seminole County",4,82,105,49,56
050,40,133,"Oklahoma","Seminole County",4,83,91,50,41
050,40,133,"Oklahoma","Seminole County",4,84,97,44,53
050,40,133,"Oklahoma","Seminole County",4,85,477,158,319
050,40,133,"Oklahoma","Seminole County",5,0,284,125,159
050,40,133,"Oklahoma","Seminole County",5,1,280,132,148
050,40,133,"Oklahoma","Seminole County",5,2,277,144,133
050,40,133,"Oklahoma","Seminole County",5,3,259,126,133
050,40,133,"Oklahoma","Seminole County",5,4,288,139,149
050,40,133,"Oklahoma","Seminole County",5,5,287,138,149
050,40,133,"Oklahoma","Seminole County",5,6,320,180,140
050,40,133,"Oklahoma","Seminole County",5,7,348,187,161
050,40,133,"Oklahoma","Seminole County",5,8,323,158,165
050,40,133,"Oklahoma","Seminole County",5,9,317,163,154
050,40,133,"Oklahoma","Seminole County",5,10,337,182,155
050,40,133,"Oklahoma","Seminole County",5,11,351,180,171
050,40,133,"Oklahoma","Seminole County",5,12,326,170,156
050,40,133,"Oklahoma","Seminole County",5,13,337,177,160
050,40,133,"Oklahoma","Seminole County",5,14,340,168,172
050,40,133,"Oklahoma","Seminole County",5,15,358,196,162
050,40,133,"Oklahoma","Seminole County",5,16,327,163,164
050,40,133,"Oklahoma","Seminole County",5,17,358,183,175
050,40,133,"Oklahoma","Seminole County",5,18,343,182,161
050,40,133,"Oklahoma","Seminole County",5,19,375,186,189
050,40,133,"Oklahoma","Seminole County",5,20,322,166,156
050,40,133,"Oklahoma","Seminole County",5,21,278,141,137
050,40,133,"Oklahoma","Seminole County",5,22,309,161,148
050,40,133,"Oklahoma","Seminole County",5,23,324,167,157
050,40,133,"Oklahoma","Seminole County",5,24,296,157,139
050,40,133,"Oklahoma","Seminole County",5,25,293,162,131
050,40,133,"Oklahoma","Seminole County",5,26,270,145,125
050,40,133,"Oklahoma","Seminole County",5,27,245,129,116
050,40,133,"Oklahoma","Seminole County",5,28,274,143,131
050,40,133,"Oklahoma","Seminole County",5,29,253,124,129
050,40,133,"Oklahoma","Seminole County",5,30,247,122,125
050,40,133,"Oklahoma","Seminole County",5,31,252,124,128
050,40,133,"Oklahoma","Seminole County",5,32,293,145,148
050,40,133,"Oklahoma","Seminole County",5,33,289,153,136
050,40,133,"Oklahoma","Seminole County",5,34,256,120,136
050,40,133,"Oklahoma","Seminole County",5,35,253,121,132
050,40,133,"Oklahoma","Seminole County",5,36,279,132,147
050,40,133,"Oklahoma","Seminole County",5,37,269,135,134
050,40,133,"Oklahoma","Seminole County",5,38,266,132,134
050,40,133,"Oklahoma","Seminole County",5,39,268,137,131
050,40,133,"Oklahoma","Seminole County",5,40,275,137,138
050,40,133,"Oklahoma","Seminole County",5,41,331,135,196
050,40,133,"Oklahoma","Seminole County",5,42,289,136,153
050,40,133,"Oklahoma","Seminole County",5,43,308,145,163
050,40,133,"Oklahoma","Seminole County",5,44,317,131,186
050,40,133,"Oklahoma","Seminole County",5,45,289,136,153
050,40,133,"Oklahoma","Seminole County",5,46,279,140,139
050,40,133,"Oklahoma","Seminole County",5,47,261,127,134
050,40,133,"Oklahoma","Seminole County",5,48,251,126,125
050,40,133,"Oklahoma","Seminole County",5,49,269,140,129
050,40,133,"Oklahoma","Seminole County",5,50,283,146,137
050,40,133,"Oklahoma","Seminole County",5,51,273,138,135
050,40,133,"Oklahoma","Seminole County",5,52,294,151,143
050,40,133,"Oklahoma","Seminole County",5,53,280,150,130
050,40,133,"Oklahoma","Seminole County",5,54,286,139,147
050,40,133,"Oklahoma","Seminole County",5,55,247,127,120
050,40,133,"Oklahoma","Seminole County",5,56,246,117,129
050,40,133,"Oklahoma","Seminole County",5,57,281,144,137
050,40,133,"Oklahoma","Seminole County",5,58,311,154,157
050,40,133,"Oklahoma","Seminole County",5,59,316,148,168
050,40,133,"Oklahoma","Seminole County",5,60,281,139,142
050,40,133,"Oklahoma","Seminole County",5,61,327,160,167
050,40,133,"Oklahoma","Seminole County",5,62,313,161,152
050,40,133,"Oklahoma","Seminole County",5,63,298,145,153
050,40,133,"Oklahoma","Seminole County",5,64,317,150,167
050,40,133,"Oklahoma","Seminole County",5,65,314,138,176
050,40,133,"Oklahoma","Seminole County",5,66,299,135,164
050,40,133,"Oklahoma","Seminole County",5,67,263,125,138
050,40,133,"Oklahoma","Seminole County",5,68,258,137,121
050,40,133,"Oklahoma","Seminole County",5,69,283,144,139
050,40,133,"Oklahoma","Seminole County",5,70,243,115,128
050,40,133,"Oklahoma","Seminole County",5,71,234,98,136
050,40,133,"Oklahoma","Seminole County",5,72,223,101,122
050,40,133,"Oklahoma","Seminole County",5,73,219,98,121
050,40,133,"Oklahoma","Seminole County",5,74,207,97,110
050,40,133,"Oklahoma","Seminole County",5,75,197,102,95
050,40,133,"Oklahoma","Seminole County",5,76,202,94,108
050,40,133,"Oklahoma","Seminole County",5,77,142,68,74
050,40,133,"Oklahoma","Seminole County",5,78,136,68,68
050,40,133,"Oklahoma","Seminole County",5,79,139,52,87
050,40,133,"Oklahoma","Seminole County",5,80,127,47,80
050,40,133,"Oklahoma","Seminole County",5,81,108,42,66
050,40,133,"Oklahoma","Seminole County",5,82,117,48,69
050,40,133,"Oklahoma","Seminole County",5,83,93,46,47
050,40,133,"Oklahoma","Seminole County",5,84,80,44,36
050,40,133,"Oklahoma","Seminole County",5,85,488,159,329
050,40,135,"Oklahoma","Sequoyah County",1,0,504,259,245
050,40,135,"Oklahoma","Sequoyah County",1,1,512,266,246
050,40,135,"Oklahoma","Sequoyah County",1,2,513,296,217
050,40,135,"Oklahoma","Sequoyah County",1,3,502,273,229
050,40,135,"Oklahoma","Sequoyah County",1,4,500,253,247
050,40,135,"Oklahoma","Sequoyah County",1,5,507,249,258
050,40,135,"Oklahoma","Sequoyah County",1,6,501,233,268
050,40,135,"Oklahoma","Sequoyah County",1,7,485,248,237
050,40,135,"Oklahoma","Sequoyah County",1,8,526,274,252
050,40,135,"Oklahoma","Sequoyah County",1,9,494,269,225
050,40,135,"Oklahoma","Sequoyah County",1,10,505,268,237
050,40,135,"Oklahoma","Sequoyah County",1,11,545,280,265
050,40,135,"Oklahoma","Sequoyah County",1,12,556,282,274
050,40,135,"Oklahoma","Sequoyah County",1,13,546,284,262
050,40,135,"Oklahoma","Sequoyah County",1,14,545,269,276
050,40,135,"Oklahoma","Sequoyah County",1,15,549,295,254
050,40,135,"Oklahoma","Sequoyah County",1,16,536,263,273
050,40,135,"Oklahoma","Sequoyah County",1,17,565,285,280
050,40,135,"Oklahoma","Sequoyah County",1,18,492,268,224
050,40,135,"Oklahoma","Sequoyah County",1,19,407,213,194
050,40,135,"Oklahoma","Sequoyah County",1,20,421,220,201
050,40,135,"Oklahoma","Sequoyah County",1,21,425,222,203
050,40,135,"Oklahoma","Sequoyah County",1,22,465,246,219
050,40,135,"Oklahoma","Sequoyah County",1,23,466,229,237
050,40,135,"Oklahoma","Sequoyah County",1,24,457,233,224
050,40,135,"Oklahoma","Sequoyah County",1,25,482,254,228
050,40,135,"Oklahoma","Sequoyah County",1,26,452,224,228
050,40,135,"Oklahoma","Sequoyah County",1,27,487,235,252
050,40,135,"Oklahoma","Sequoyah County",1,28,487,254,233
050,40,135,"Oklahoma","Sequoyah County",1,29,474,232,242
050,40,135,"Oklahoma","Sequoyah County",1,30,459,202,257
050,40,135,"Oklahoma","Sequoyah County",1,31,456,225,231
050,40,135,"Oklahoma","Sequoyah County",1,32,458,241,217
050,40,135,"Oklahoma","Sequoyah County",1,33,408,206,202
050,40,135,"Oklahoma","Sequoyah County",1,34,412,207,205
050,40,135,"Oklahoma","Sequoyah County",1,35,446,217,229
050,40,135,"Oklahoma","Sequoyah County",1,36,484,232,252
050,40,135,"Oklahoma","Sequoyah County",1,37,438,227,211
050,40,135,"Oklahoma","Sequoyah County",1,38,423,207,216
050,40,135,"Oklahoma","Sequoyah County",1,39,438,210,228
050,40,135,"Oklahoma","Sequoyah County",1,40,455,207,248
050,40,135,"Oklahoma","Sequoyah County",1,41,472,240,232
050,40,135,"Oklahoma","Sequoyah County",1,42,440,214,226
050,40,135,"Oklahoma","Sequoyah County",1,43,460,229,231
050,40,135,"Oklahoma","Sequoyah County",1,44,452,230,222
050,40,135,"Oklahoma","Sequoyah County",1,45,487,248,239
050,40,135,"Oklahoma","Sequoyah County",1,46,485,239,246
050,40,135,"Oklahoma","Sequoyah County",1,47,509,254,255
050,40,135,"Oklahoma","Sequoyah County",1,48,474,219,255
050,40,135,"Oklahoma","Sequoyah County",1,49,491,245,246
050,40,135,"Oklahoma","Sequoyah County",1,50,504,236,268
050,40,135,"Oklahoma","Sequoyah County",1,51,516,259,257
050,40,135,"Oklahoma","Sequoyah County",1,52,489,261,228
050,40,135,"Oklahoma","Sequoyah County",1,53,514,254,260
050,40,135,"Oklahoma","Sequoyah County",1,54,508,240,268
050,40,135,"Oklahoma","Sequoyah County",1,55,571,293,278
050,40,135,"Oklahoma","Sequoyah County",1,56,573,293,280
050,40,135,"Oklahoma","Sequoyah County",1,57,581,284,297
050,40,135,"Oklahoma","Sequoyah County",1,58,579,295,284
050,40,135,"Oklahoma","Sequoyah County",1,59,558,290,268
050,40,135,"Oklahoma","Sequoyah County",1,60,535,277,258
050,40,135,"Oklahoma","Sequoyah County",1,61,529,266,263
050,40,135,"Oklahoma","Sequoyah County",1,62,523,254,269
050,40,135,"Oklahoma","Sequoyah County",1,63,487,232,255
050,40,135,"Oklahoma","Sequoyah County",1,64,459,208,251
050,40,135,"Oklahoma","Sequoyah County",1,65,456,220,236
050,40,135,"Oklahoma","Sequoyah County",1,66,455,219,236
050,40,135,"Oklahoma","Sequoyah County",1,67,489,226,263
050,40,135,"Oklahoma","Sequoyah County",1,68,459,216,243
050,40,135,"Oklahoma","Sequoyah County",1,69,438,208,230
050,40,135,"Oklahoma","Sequoyah County",1,70,429,201,228
050,40,135,"Oklahoma","Sequoyah County",1,71,407,200,207
050,40,135,"Oklahoma","Sequoyah County",1,72,430,211,219
050,40,135,"Oklahoma","Sequoyah County",1,73,450,218,232
050,40,135,"Oklahoma","Sequoyah County",1,74,297,142,155
050,40,135,"Oklahoma","Sequoyah County",1,75,307,142,165
050,40,135,"Oklahoma","Sequoyah County",1,76,292,127,165
050,40,135,"Oklahoma","Sequoyah County",1,77,295,116,179
050,40,135,"Oklahoma","Sequoyah County",1,78,251,105,146
050,40,135,"Oklahoma","Sequoyah County",1,79,241,105,136
050,40,135,"Oklahoma","Sequoyah County",1,80,231,105,126
050,40,135,"Oklahoma","Sequoyah County",1,81,198,92,106
050,40,135,"Oklahoma","Sequoyah County",1,82,189,86,103
050,40,135,"Oklahoma","Sequoyah County",1,83,158,60,98
050,40,135,"Oklahoma","Sequoyah County",1,84,123,53,70
050,40,135,"Oklahoma","Sequoyah County",1,85,715,278,437
050,40,135,"Oklahoma","Sequoyah County",2,0,488,256,232
050,40,135,"Oklahoma","Sequoyah County",2,1,512,266,246
050,40,135,"Oklahoma","Sequoyah County",2,2,512,288,224
050,40,135,"Oklahoma","Sequoyah County",2,3,502,278,224
050,40,135,"Oklahoma","Sequoyah County",2,4,500,257,243
050,40,135,"Oklahoma","Sequoyah County",2,5,502,248,254
050,40,135,"Oklahoma","Sequoyah County",2,6,500,235,265
050,40,135,"Oklahoma","Sequoyah County",2,7,484,243,241
050,40,135,"Oklahoma","Sequoyah County",2,8,514,266,248
050,40,135,"Oklahoma","Sequoyah County",2,9,503,273,230
050,40,135,"Oklahoma","Sequoyah County",2,10,503,270,233
050,40,135,"Oklahoma","Sequoyah County",2,11,534,277,257
050,40,135,"Oklahoma","Sequoyah County",2,12,557,282,275
050,40,135,"Oklahoma","Sequoyah County",2,13,551,282,269
050,40,135,"Oklahoma","Sequoyah County",2,14,547,275,272
050,40,135,"Oklahoma","Sequoyah County",2,15,544,286,258
050,40,135,"Oklahoma","Sequoyah County",2,16,544,274,270
050,40,135,"Oklahoma","Sequoyah County",2,17,557,281,276
050,40,135,"Oklahoma","Sequoyah County",2,18,491,263,228
050,40,135,"Oklahoma","Sequoyah County",2,19,409,218,191
050,40,135,"Oklahoma","Sequoyah County",2,20,425,224,201
050,40,135,"Oklahoma","Sequoyah County",2,21,426,222,204
050,40,135,"Oklahoma","Sequoyah County",2,22,460,241,219
050,40,135,"Oklahoma","Sequoyah County",2,23,463,231,232
050,40,135,"Oklahoma","Sequoyah County",2,24,462,234,228
050,40,135,"Oklahoma","Sequoyah County",2,25,478,251,227
050,40,135,"Oklahoma","Sequoyah County",2,26,463,234,229
050,40,135,"Oklahoma","Sequoyah County",2,27,477,233,244
050,40,135,"Oklahoma","Sequoyah County",2,28,484,247,237
050,40,135,"Oklahoma","Sequoyah County",2,29,472,235,237
050,40,135,"Oklahoma","Sequoyah County",2,30,466,210,256
050,40,135,"Oklahoma","Sequoyah County",2,31,459,221,238
050,40,135,"Oklahoma","Sequoyah County",2,32,461,238,223
050,40,135,"Oklahoma","Sequoyah County",2,33,418,213,205
050,40,135,"Oklahoma","Sequoyah County",2,34,412,206,206
050,40,135,"Oklahoma","Sequoyah County",2,35,444,217,227
050,40,135,"Oklahoma","Sequoyah County",2,36,475,228,247
050,40,135,"Oklahoma","Sequoyah County",2,37,448,227,221
050,40,135,"Oklahoma","Sequoyah County",2,38,430,215,215
050,40,135,"Oklahoma","Sequoyah County",2,39,430,206,224
050,40,135,"Oklahoma","Sequoyah County",2,40,454,209,245
050,40,135,"Oklahoma","Sequoyah County",2,41,466,231,235
050,40,135,"Oklahoma","Sequoyah County",2,42,448,219,229
050,40,135,"Oklahoma","Sequoyah County",2,43,457,226,231
050,40,135,"Oklahoma","Sequoyah County",2,44,448,228,220
050,40,135,"Oklahoma","Sequoyah County",2,45,476,242,234
050,40,135,"Oklahoma","Sequoyah County",2,46,480,241,239
050,40,135,"Oklahoma","Sequoyah County",2,47,501,250,251
050,40,135,"Oklahoma","Sequoyah County",2,48,486,231,255
050,40,135,"Oklahoma","Sequoyah County",2,49,487,238,249
050,40,135,"Oklahoma","Sequoyah County",2,50,501,237,264
050,40,135,"Oklahoma","Sequoyah County",2,51,514,254,260
050,40,135,"Oklahoma","Sequoyah County",2,52,491,256,235
050,40,135,"Oklahoma","Sequoyah County",2,53,507,257,250
050,40,135,"Oklahoma","Sequoyah County",2,54,508,243,265
050,40,135,"Oklahoma","Sequoyah County",2,55,555,280,275
050,40,135,"Oklahoma","Sequoyah County",2,56,574,295,279
050,40,135,"Oklahoma","Sequoyah County",2,57,578,286,292
050,40,135,"Oklahoma","Sequoyah County",2,58,579,292,287
050,40,135,"Oklahoma","Sequoyah County",2,59,561,291,270
050,40,135,"Oklahoma","Sequoyah County",2,60,544,282,262
050,40,135,"Oklahoma","Sequoyah County",2,61,530,269,261
050,40,135,"Oklahoma","Sequoyah County",2,62,523,254,269
050,40,135,"Oklahoma","Sequoyah County",2,63,499,237,262
050,40,135,"Oklahoma","Sequoyah County",2,64,460,213,247
050,40,135,"Oklahoma","Sequoyah County",2,65,450,214,236
050,40,135,"Oklahoma","Sequoyah County",2,66,456,220,236
050,40,135,"Oklahoma","Sequoyah County",2,67,473,219,254
050,40,135,"Oklahoma","Sequoyah County",2,68,460,218,242
050,40,135,"Oklahoma","Sequoyah County",2,69,446,211,235
050,40,135,"Oklahoma","Sequoyah County",2,70,432,204,228
050,40,135,"Oklahoma","Sequoyah County",2,71,414,200,214
050,40,135,"Oklahoma","Sequoyah County",2,72,419,205,214
050,40,135,"Oklahoma","Sequoyah County",2,73,459,224,235
050,40,135,"Oklahoma","Sequoyah County",2,74,312,149,163
050,40,135,"Oklahoma","Sequoyah County",2,75,306,142,164
050,40,135,"Oklahoma","Sequoyah County",2,76,293,129,164
050,40,135,"Oklahoma","Sequoyah County",2,77,294,117,177
050,40,135,"Oklahoma","Sequoyah County",2,78,248,101,147
050,40,135,"Oklahoma","Sequoyah County",2,79,243,105,138
050,40,135,"Oklahoma","Sequoyah County",2,80,233,104,129
050,40,135,"Oklahoma","Sequoyah County",2,81,197,91,106
050,40,135,"Oklahoma","Sequoyah County",2,82,189,87,102
050,40,135,"Oklahoma","Sequoyah County",2,83,159,61,98
050,40,135,"Oklahoma","Sequoyah County",2,84,130,55,75
050,40,135,"Oklahoma","Sequoyah County",2,85,710,278,432
050,40,135,"Oklahoma","Sequoyah County",3,0,461,222,239
050,40,135,"Oklahoma","Sequoyah County",3,1,503,269,234
050,40,135,"Oklahoma","Sequoyah County",3,2,538,278,260
050,40,135,"Oklahoma","Sequoyah County",3,3,522,297,225
050,40,135,"Oklahoma","Sequoyah County",3,4,509,291,218
050,40,135,"Oklahoma","Sequoyah County",3,5,503,253,250
050,40,135,"Oklahoma","Sequoyah County",3,6,525,265,260
050,40,135,"Oklahoma","Sequoyah County",3,7,511,239,272
050,40,135,"Oklahoma","Sequoyah County",3,8,497,254,243
050,40,135,"Oklahoma","Sequoyah County",3,9,525,266,259
050,40,135,"Oklahoma","Sequoyah County",3,10,513,279,234
050,40,135,"Oklahoma","Sequoyah County",3,11,513,279,234
050,40,135,"Oklahoma","Sequoyah County",3,12,540,288,252
050,40,135,"Oklahoma","Sequoyah County",3,13,562,285,277
050,40,135,"Oklahoma","Sequoyah County",3,14,551,284,267
050,40,135,"Oklahoma","Sequoyah County",3,15,540,268,272
050,40,135,"Oklahoma","Sequoyah County",3,16,550,292,258
050,40,135,"Oklahoma","Sequoyah County",3,17,549,272,277
050,40,135,"Oklahoma","Sequoyah County",3,18,471,246,225
050,40,135,"Oklahoma","Sequoyah County",3,19,406,217,189
050,40,135,"Oklahoma","Sequoyah County",3,20,416,209,207
050,40,135,"Oklahoma","Sequoyah County",3,21,453,232,221
050,40,135,"Oklahoma","Sequoyah County",3,22,432,209,223
050,40,135,"Oklahoma","Sequoyah County",3,23,465,239,226
050,40,135,"Oklahoma","Sequoyah County",3,24,506,260,246
050,40,135,"Oklahoma","Sequoyah County",3,25,493,249,244
050,40,135,"Oklahoma","Sequoyah County",3,26,496,253,243
050,40,135,"Oklahoma","Sequoyah County",3,27,476,246,230
050,40,135,"Oklahoma","Sequoyah County",3,28,483,240,243
050,40,135,"Oklahoma","Sequoyah County",3,29,494,260,234
050,40,135,"Oklahoma","Sequoyah County",3,30,487,240,247
050,40,135,"Oklahoma","Sequoyah County",3,31,475,221,254
050,40,135,"Oklahoma","Sequoyah County",3,32,486,228,258
050,40,135,"Oklahoma","Sequoyah County",3,33,465,242,223
050,40,135,"Oklahoma","Sequoyah County",3,34,435,221,214
050,40,135,"Oklahoma","Sequoyah County",3,35,422,206,216
050,40,135,"Oklahoma","Sequoyah County",3,36,452,222,230
050,40,135,"Oklahoma","Sequoyah County",3,37,474,231,243
050,40,135,"Oklahoma","Sequoyah County",3,38,469,240,229
050,40,135,"Oklahoma","Sequoyah County",3,39,428,216,212
050,40,135,"Oklahoma","Sequoyah County",3,40,448,218,230
050,40,135,"Oklahoma","Sequoyah County",3,41,471,221,250
050,40,135,"Oklahoma","Sequoyah County",3,42,468,230,238
050,40,135,"Oklahoma","Sequoyah County",3,43,440,212,228
050,40,135,"Oklahoma","Sequoyah County",3,44,442,218,224
050,40,135,"Oklahoma","Sequoyah County",3,45,457,230,227
050,40,135,"Oklahoma","Sequoyah County",3,46,484,243,241
050,40,135,"Oklahoma","Sequoyah County",3,47,489,249,240
050,40,135,"Oklahoma","Sequoyah County",3,48,501,254,247
050,40,135,"Oklahoma","Sequoyah County",3,49,500,233,267
050,40,135,"Oklahoma","Sequoyah County",3,50,500,243,257
050,40,135,"Oklahoma","Sequoyah County",3,51,494,229,265
050,40,135,"Oklahoma","Sequoyah County",3,52,496,246,250
050,40,135,"Oklahoma","Sequoyah County",3,53,482,251,231
050,40,135,"Oklahoma","Sequoyah County",3,54,507,253,254
050,40,135,"Oklahoma","Sequoyah County",3,55,498,241,257
050,40,135,"Oklahoma","Sequoyah County",3,56,566,284,282
050,40,135,"Oklahoma","Sequoyah County",3,57,567,287,280
050,40,135,"Oklahoma","Sequoyah County",3,58,568,281,287
050,40,135,"Oklahoma","Sequoyah County",3,59,580,293,287
050,40,135,"Oklahoma","Sequoyah County",3,60,555,285,270
050,40,135,"Oklahoma","Sequoyah County",3,61,550,287,263
050,40,135,"Oklahoma","Sequoyah County",3,62,518,259,259
050,40,135,"Oklahoma","Sequoyah County",3,63,515,251,264
050,40,135,"Oklahoma","Sequoyah County",3,64,491,241,250
050,40,135,"Oklahoma","Sequoyah County",3,65,457,214,243
050,40,135,"Oklahoma","Sequoyah County",3,66,440,203,237
050,40,135,"Oklahoma","Sequoyah County",3,67,443,209,234
050,40,135,"Oklahoma","Sequoyah County",3,68,462,215,247
050,40,135,"Oklahoma","Sequoyah County",3,69,449,217,232
050,40,135,"Oklahoma","Sequoyah County",3,70,426,204,222
050,40,135,"Oklahoma","Sequoyah County",3,71,425,197,228
050,40,135,"Oklahoma","Sequoyah County",3,72,393,189,204
050,40,135,"Oklahoma","Sequoyah County",3,73,399,195,204
050,40,135,"Oklahoma","Sequoyah County",3,74,430,213,217
050,40,135,"Oklahoma","Sequoyah County",3,75,296,136,160
050,40,135,"Oklahoma","Sequoyah County",3,76,293,145,148
050,40,135,"Oklahoma","Sequoyah County",3,77,268,110,158
050,40,135,"Oklahoma","Sequoyah County",3,78,276,118,158
050,40,135,"Oklahoma","Sequoyah County",3,79,231,92,139
050,40,135,"Oklahoma","Sequoyah County",3,80,229,94,135
050,40,135,"Oklahoma","Sequoyah County",3,81,201,88,113
050,40,135,"Oklahoma","Sequoyah County",3,82,178,93,85
050,40,135,"Oklahoma","Sequoyah County",3,83,179,73,106
050,40,135,"Oklahoma","Sequoyah County",3,84,137,55,82
050,40,135,"Oklahoma","Sequoyah County",3,85,699,274,425
050,40,135,"Oklahoma","Sequoyah County",4,0,523,268,255
050,40,135,"Oklahoma","Sequoyah County",4,1,457,214,243
050,40,135,"Oklahoma","Sequoyah County",4,2,499,267,232
050,40,135,"Oklahoma","Sequoyah County",4,3,533,268,265
050,40,135,"Oklahoma","Sequoyah County",4,4,541,310,231
050,40,135,"Oklahoma","Sequoyah County",4,5,518,304,214
050,40,135,"Oklahoma","Sequoyah County",4,6,535,273,262
050,40,135,"Oklahoma","Sequoyah County",4,7,553,277,276
050,40,135,"Oklahoma","Sequoyah County",4,8,512,249,263
050,40,135,"Oklahoma","Sequoyah County",4,9,518,265,253
050,40,135,"Oklahoma","Sequoyah County",4,10,522,271,251
050,40,135,"Oklahoma","Sequoyah County",4,11,526,290,236
050,40,135,"Oklahoma","Sequoyah County",4,12,508,285,223
050,40,135,"Oklahoma","Sequoyah County",4,13,542,282,260
050,40,135,"Oklahoma","Sequoyah County",4,14,578,298,280
050,40,135,"Oklahoma","Sequoyah County",4,15,568,297,271
050,40,135,"Oklahoma","Sequoyah County",4,16,548,268,280
050,40,135,"Oklahoma","Sequoyah County",4,17,563,295,268
050,40,135,"Oklahoma","Sequoyah County",4,18,482,240,242
050,40,135,"Oklahoma","Sequoyah County",4,19,385,202,183
050,40,135,"Oklahoma","Sequoyah County",4,20,410,212,198
050,40,135,"Oklahoma","Sequoyah County",4,21,429,205,224
050,40,135,"Oklahoma","Sequoyah County",4,22,467,243,224
050,40,135,"Oklahoma","Sequoyah County",4,23,442,211,231
050,40,135,"Oklahoma","Sequoyah County",4,24,466,241,225
050,40,135,"Oklahoma","Sequoyah County",4,25,512,260,252
050,40,135,"Oklahoma","Sequoyah County",4,26,491,251,240
050,40,135,"Oklahoma","Sequoyah County",4,27,477,241,236
050,40,135,"Oklahoma","Sequoyah County",4,28,485,246,239
050,40,135,"Oklahoma","Sequoyah County",4,29,490,241,249
050,40,135,"Oklahoma","Sequoyah County",4,30,510,269,241
050,40,135,"Oklahoma","Sequoyah County",4,31,503,258,245
050,40,135,"Oklahoma","Sequoyah County",4,32,494,231,263
050,40,135,"Oklahoma","Sequoyah County",4,33,480,229,251
050,40,135,"Oklahoma","Sequoyah County",4,34,472,244,228
050,40,135,"Oklahoma","Sequoyah County",4,35,430,218,212
050,40,135,"Oklahoma","Sequoyah County",4,36,421,198,223
050,40,135,"Oklahoma","Sequoyah County",4,37,467,229,238
050,40,135,"Oklahoma","Sequoyah County",4,38,483,231,252
050,40,135,"Oklahoma","Sequoyah County",4,39,466,234,232
050,40,135,"Oklahoma","Sequoyah County",4,40,445,223,222
050,40,135,"Oklahoma","Sequoyah County",4,41,457,226,231
050,40,135,"Oklahoma","Sequoyah County",4,42,471,220,251
050,40,135,"Oklahoma","Sequoyah County",4,43,471,235,236
050,40,135,"Oklahoma","Sequoyah County",4,44,444,220,224
050,40,135,"Oklahoma","Sequoyah County",4,45,447,225,222
050,40,135,"Oklahoma","Sequoyah County",4,46,463,229,234
050,40,135,"Oklahoma","Sequoyah County",4,47,493,243,250
050,40,135,"Oklahoma","Sequoyah County",4,48,502,260,242
050,40,135,"Oklahoma","Sequoyah County",4,49,498,257,241
050,40,135,"Oklahoma","Sequoyah County",4,50,500,235,265
050,40,135,"Oklahoma","Sequoyah County",4,51,498,239,259
050,40,135,"Oklahoma","Sequoyah County",4,52,513,238,275
050,40,135,"Oklahoma","Sequoyah County",4,53,501,251,250
050,40,135,"Oklahoma","Sequoyah County",4,54,476,244,232
050,40,135,"Oklahoma","Sequoyah County",4,55,496,251,245
050,40,135,"Oklahoma","Sequoyah County",4,56,503,243,260
050,40,135,"Oklahoma","Sequoyah County",4,57,575,290,285
050,40,135,"Oklahoma","Sequoyah County",4,58,554,280,274
050,40,135,"Oklahoma","Sequoyah County",4,59,575,286,289
050,40,135,"Oklahoma","Sequoyah County",4,60,583,287,296
050,40,135,"Oklahoma","Sequoyah County",4,61,557,288,269
050,40,135,"Oklahoma","Sequoyah County",4,62,548,282,266
050,40,135,"Oklahoma","Sequoyah County",4,63,514,257,257
050,40,135,"Oklahoma","Sequoyah County",4,64,517,250,267
050,40,135,"Oklahoma","Sequoyah County",4,65,481,238,243
050,40,135,"Oklahoma","Sequoyah County",4,66,445,201,244
050,40,135,"Oklahoma","Sequoyah County",4,67,439,201,238
050,40,135,"Oklahoma","Sequoyah County",4,68,435,201,234
050,40,135,"Oklahoma","Sequoyah County",4,69,445,211,234
050,40,135,"Oklahoma","Sequoyah County",4,70,434,212,222
050,40,135,"Oklahoma","Sequoyah County",4,71,419,201,218
050,40,135,"Oklahoma","Sequoyah County",4,72,405,189,216
050,40,135,"Oklahoma","Sequoyah County",4,73,383,187,196
050,40,135,"Oklahoma","Sequoyah County",4,74,385,180,205
050,40,135,"Oklahoma","Sequoyah County",4,75,415,205,210
050,40,135,"Oklahoma","Sequoyah County",4,76,281,130,151
050,40,135,"Oklahoma","Sequoyah County",4,77,280,130,150
050,40,135,"Oklahoma","Sequoyah County",4,78,241,98,143
050,40,135,"Oklahoma","Sequoyah County",4,79,264,117,147
050,40,135,"Oklahoma","Sequoyah County",4,80,222,86,136
050,40,135,"Oklahoma","Sequoyah County",4,81,212,81,131
050,40,135,"Oklahoma","Sequoyah County",4,82,184,84,100
050,40,135,"Oklahoma","Sequoyah County",4,83,164,82,82
050,40,135,"Oklahoma","Sequoyah County",4,84,156,65,91
050,40,135,"Oklahoma","Sequoyah County",4,85,704,270,434
050,40,135,"Oklahoma","Sequoyah County",5,0,587,302,285
050,40,135,"Oklahoma","Sequoyah County",5,1,514,258,256
050,40,135,"Oklahoma","Sequoyah County",5,2,459,217,242
050,40,135,"Oklahoma","Sequoyah County",5,3,500,275,225
050,40,135,"Oklahoma","Sequoyah County",5,4,531,261,270
050,40,135,"Oklahoma","Sequoyah County",5,5,563,318,245
050,40,135,"Oklahoma","Sequoyah County",5,6,514,304,210
050,40,135,"Oklahoma","Sequoyah County",5,7,536,270,266
050,40,135,"Oklahoma","Sequoyah County",5,8,558,283,275
050,40,135,"Oklahoma","Sequoyah County",5,9,506,243,263
050,40,135,"Oklahoma","Sequoyah County",5,10,533,276,257
050,40,135,"Oklahoma","Sequoyah County",5,11,527,270,257
050,40,135,"Oklahoma","Sequoyah County",5,12,527,295,232
050,40,135,"Oklahoma","Sequoyah County",5,13,528,294,234
050,40,135,"Oklahoma","Sequoyah County",5,14,553,289,264
050,40,135,"Oklahoma","Sequoyah County",5,15,592,305,287
050,40,135,"Oklahoma","Sequoyah County",5,16,567,288,279
050,40,135,"Oklahoma","Sequoyah County",5,17,557,277,280
050,40,135,"Oklahoma","Sequoyah County",5,18,486,265,221
050,40,135,"Oklahoma","Sequoyah County",5,19,397,204,193
050,40,135,"Oklahoma","Sequoyah County",5,20,418,210,208
050,40,135,"Oklahoma","Sequoyah County",5,21,437,224,213
050,40,135,"Oklahoma","Sequoyah County",5,22,472,219,253
050,40,135,"Oklahoma","Sequoyah County",5,23,485,240,245
050,40,135,"Oklahoma","Sequoyah County",5,24,459,220,239
050,40,135,"Oklahoma","Sequoyah County",5,25,477,251,226
050,40,135,"Oklahoma","Sequoyah County",5,26,518,265,253
050,40,135,"Oklahoma","Sequoyah County",5,27,497,247,250
050,40,135,"Oklahoma","Sequoyah County",5,28,480,248,232
050,40,135,"Oklahoma","Sequoyah County",5,29,482,244,238
050,40,135,"Oklahoma","Sequoyah County",5,30,491,237,254
050,40,135,"Oklahoma","Sequoyah County",5,31,502,259,243
050,40,135,"Oklahoma","Sequoyah County",5,32,506,257,249
050,40,135,"Oklahoma","Sequoyah County",5,33,494,229,265
050,40,135,"Oklahoma","Sequoyah County",5,34,499,244,255
050,40,135,"Oklahoma","Sequoyah County",5,35,474,248,226
050,40,135,"Oklahoma","Sequoyah County",5,36,453,231,222
050,40,135,"Oklahoma","Sequoyah County",5,37,437,210,227
050,40,135,"Oklahoma","Sequoyah County",5,38,478,241,237
050,40,135,"Oklahoma","Sequoyah County",5,39,484,231,253
050,40,135,"Oklahoma","Sequoyah County",5,40,459,233,226
050,40,135,"Oklahoma","Sequoyah County",5,41,449,222,227
050,40,135,"Oklahoma","Sequoyah County",5,42,465,228,237
050,40,135,"Oklahoma","Sequoyah County",5,43,468,215,253
050,40,135,"Oklahoma","Sequoyah County",5,44,474,237,237
050,40,135,"Oklahoma","Sequoyah County",5,45,446,220,226
050,40,135,"Oklahoma","Sequoyah County",5,46,450,229,221
050,40,135,"Oklahoma","Sequoyah County",5,47,467,233,234
050,40,135,"Oklahoma","Sequoyah County",5,48,517,259,258
050,40,135,"Oklahoma","Sequoyah County",5,49,508,257,251
050,40,135,"Oklahoma","Sequoyah County",5,50,511,260,251
050,40,135,"Oklahoma","Sequoyah County",5,51,510,242,268
050,40,135,"Oklahoma","Sequoyah County",5,52,496,237,259
050,40,135,"Oklahoma","Sequoyah County",5,53,529,255,274
050,40,135,"Oklahoma","Sequoyah County",5,54,501,253,248
050,40,135,"Oklahoma","Sequoyah County",5,55,462,239,223
050,40,135,"Oklahoma","Sequoyah County",5,56,490,246,244
050,40,135,"Oklahoma","Sequoyah County",5,57,511,241,270
050,40,135,"Oklahoma","Sequoyah County",5,58,567,285,282
050,40,135,"Oklahoma","Sequoyah County",5,59,576,292,284
050,40,135,"Oklahoma","Sequoyah County",5,60,583,283,300
050,40,135,"Oklahoma","Sequoyah County",5,61,582,287,295
050,40,135,"Oklahoma","Sequoyah County",5,62,557,287,270
050,40,135,"Oklahoma","Sequoyah County",5,63,533,271,262
050,40,135,"Oklahoma","Sequoyah County",5,64,520,262,258
050,40,135,"Oklahoma","Sequoyah County",5,65,517,262,255
050,40,135,"Oklahoma","Sequoyah County",5,66,464,225,239
050,40,135,"Oklahoma","Sequoyah County",5,67,444,193,251
050,40,135,"Oklahoma","Sequoyah County",5,68,444,205,239
050,40,135,"Oklahoma","Sequoyah County",5,69,423,200,223
050,40,135,"Oklahoma","Sequoyah County",5,70,441,208,233
050,40,135,"Oklahoma","Sequoyah County",5,71,432,209,223
050,40,135,"Oklahoma","Sequoyah County",5,72,405,193,212
050,40,135,"Oklahoma","Sequoyah County",5,73,394,189,205
050,40,135,"Oklahoma","Sequoyah County",5,74,376,177,199
050,40,135,"Oklahoma","Sequoyah County",5,75,365,170,195
050,40,135,"Oklahoma","Sequoyah County",5,76,402,201,201
050,40,135,"Oklahoma","Sequoyah County",5,77,266,117,149
050,40,135,"Oklahoma","Sequoyah County",5,78,259,121,138
050,40,135,"Oklahoma","Sequoyah County",5,79,229,95,134
050,40,135,"Oklahoma","Sequoyah County",5,80,245,106,139
050,40,135,"Oklahoma","Sequoyah County",5,81,200,73,127
050,40,135,"Oklahoma","Sequoyah County",5,82,205,80,125
050,40,135,"Oklahoma","Sequoyah County",5,83,174,71,103
050,40,135,"Oklahoma","Sequoyah County",5,84,151,78,73
050,40,135,"Oklahoma","Sequoyah County",5,85,746,281,465
050,40,137,"Oklahoma","Stephens County",1,0,504,257,247
050,40,137,"Oklahoma","Stephens County",1,1,509,276,233
050,40,137,"Oklahoma","Stephens County",1,2,494,259,235
050,40,137,"Oklahoma","Stephens County",1,3,518,272,246
050,40,137,"Oklahoma","Stephens County",1,4,505,248,257
050,40,137,"Oklahoma","Stephens County",1,5,516,268,248
050,40,137,"Oklahoma","Stephens County",1,6,543,291,252
050,40,137,"Oklahoma","Stephens County",1,7,533,263,270
050,40,137,"Oklahoma","Stephens County",1,8,516,259,257
050,40,137,"Oklahoma","Stephens County",1,9,506,249,257
050,40,137,"Oklahoma","Stephens County",1,10,563,275,288
050,40,137,"Oklahoma","Stephens County",1,11,591,289,302
050,40,137,"Oklahoma","Stephens County",1,12,611,305,306
050,40,137,"Oklahoma","Stephens County",1,13,572,284,288
050,40,137,"Oklahoma","Stephens County",1,14,584,294,290
050,40,137,"Oklahoma","Stephens County",1,15,623,313,310
050,40,137,"Oklahoma","Stephens County",1,16,633,311,322
050,40,137,"Oklahoma","Stephens County",1,17,625,320,305
050,40,137,"Oklahoma","Stephens County",1,18,512,268,244
050,40,137,"Oklahoma","Stephens County",1,19,399,220,179
050,40,137,"Oklahoma","Stephens County",1,20,420,233,187
050,40,137,"Oklahoma","Stephens County",1,21,441,236,205
050,40,137,"Oklahoma","Stephens County",1,22,463,221,242
050,40,137,"Oklahoma","Stephens County",1,23,457,223,234
050,40,137,"Oklahoma","Stephens County",1,24,441,212,229
050,40,137,"Oklahoma","Stephens County",1,25,462,227,235
050,40,137,"Oklahoma","Stephens County",1,26,474,231,243
050,40,137,"Oklahoma","Stephens County",1,27,484,253,231
050,40,137,"Oklahoma","Stephens County",1,28,535,269,266
050,40,137,"Oklahoma","Stephens County",1,29,531,253,278
050,40,137,"Oklahoma","Stephens County",1,30,522,259,263
050,40,137,"Oklahoma","Stephens County",1,31,467,232,235
050,40,137,"Oklahoma","Stephens County",1,32,471,246,225
050,40,137,"Oklahoma","Stephens County",1,33,480,236,244
050,40,137,"Oklahoma","Stephens County",1,34,504,242,262
050,40,137,"Oklahoma","Stephens County",1,35,529,262,267
050,40,137,"Oklahoma","Stephens County",1,36,513,266,247
050,40,137,"Oklahoma","Stephens County",1,37,528,257,271
050,40,137,"Oklahoma","Stephens County",1,38,551,276,275
050,40,137,"Oklahoma","Stephens County",1,39,554,265,289
050,40,137,"Oklahoma","Stephens County",1,40,535,268,267
050,40,137,"Oklahoma","Stephens County",1,41,488,234,254
050,40,137,"Oklahoma","Stephens County",1,42,512,249,263
050,40,137,"Oklahoma","Stephens County",1,43,487,261,226
050,40,137,"Oklahoma","Stephens County",1,44,471,237,234
050,40,137,"Oklahoma","Stephens County",1,45,483,238,245
050,40,137,"Oklahoma","Stephens County",1,46,478,246,232
050,40,137,"Oklahoma","Stephens County",1,47,478,240,238
050,40,137,"Oklahoma","Stephens County",1,48,492,253,239
050,40,137,"Oklahoma","Stephens County",1,49,476,234,242
050,40,137,"Oklahoma","Stephens County",1,50,488,244,244
050,40,137,"Oklahoma","Stephens County",1,51,472,240,232
050,40,137,"Oklahoma","Stephens County",1,52,475,236,239
050,40,137,"Oklahoma","Stephens County",1,53,475,235,240
050,40,137,"Oklahoma","Stephens County",1,54,502,260,242
050,40,137,"Oklahoma","Stephens County",1,55,583,267,316
050,40,137,"Oklahoma","Stephens County",1,56,619,285,334
050,40,137,"Oklahoma","Stephens County",1,57,620,294,326
050,40,137,"Oklahoma","Stephens County",1,58,624,311,313
050,40,137,"Oklahoma","Stephens County",1,59,637,323,314
050,40,137,"Oklahoma","Stephens County",1,60,632,316,316
050,40,137,"Oklahoma","Stephens County",1,61,630,296,334
050,40,137,"Oklahoma","Stephens County",1,62,644,314,330
050,40,137,"Oklahoma","Stephens County",1,63,568,284,284
050,40,137,"Oklahoma","Stephens County",1,64,569,289,280
050,40,137,"Oklahoma","Stephens County",1,65,609,289,320
050,40,137,"Oklahoma","Stephens County",1,66,596,270,326
050,40,137,"Oklahoma","Stephens County",1,67,578,273,305
050,40,137,"Oklahoma","Stephens County",1,68,569,278,291
050,40,137,"Oklahoma","Stephens County",1,69,495,234,261
050,40,137,"Oklahoma","Stephens County",1,70,477,219,258
050,40,137,"Oklahoma","Stephens County",1,71,439,199,240
050,40,137,"Oklahoma","Stephens County",1,72,463,212,251
050,40,137,"Oklahoma","Stephens County",1,73,489,232,257
050,40,137,"Oklahoma","Stephens County",1,74,336,156,180
050,40,137,"Oklahoma","Stephens County",1,75,339,151,188
050,40,137,"Oklahoma","Stephens County",1,76,326,140,186
050,40,137,"Oklahoma","Stephens County",1,77,344,151,193
050,40,137,"Oklahoma","Stephens County",1,78,298,135,163
050,40,137,"Oklahoma","Stephens County",1,79,266,120,146
050,40,137,"Oklahoma","Stephens County",1,80,229,98,131
050,40,137,"Oklahoma","Stephens County",1,81,233,90,143
050,40,137,"Oklahoma","Stephens County",1,82,222,87,135
050,40,137,"Oklahoma","Stephens County",1,83,195,85,110
050,40,137,"Oklahoma","Stephens County",1,84,185,81,104
050,40,137,"Oklahoma","Stephens County",1,85,1037,359,678
050,40,137,"Oklahoma","Stephens County",2,0,494,269,225
050,40,137,"Oklahoma","Stephens County",2,1,512,273,239
050,40,137,"Oklahoma","Stephens County",2,2,502,264,238
050,40,137,"Oklahoma","Stephens County",2,3,511,268,243
050,40,137,"Oklahoma","Stephens County",2,4,509,256,253
050,40,137,"Oklahoma","Stephens County",2,5,515,267,248
050,40,137,"Oklahoma","Stephens County",2,6,538,286,252
050,40,137,"Oklahoma","Stephens County",2,7,535,269,266
050,40,137,"Oklahoma","Stephens County",2,8,517,258,259
050,40,137,"Oklahoma","Stephens County",2,9,508,252,256
050,40,137,"Oklahoma","Stephens County",2,10,548,269,279
050,40,137,"Oklahoma","Stephens County",2,11,577,282,295
050,40,137,"Oklahoma","Stephens County",2,12,605,301,304
050,40,137,"Oklahoma","Stephens County",2,13,579,290,289
050,40,137,"Oklahoma","Stephens County",2,14,580,291,289
050,40,137,"Oklahoma","Stephens County",2,15,615,308,307
050,40,137,"Oklahoma","Stephens County",2,16,630,310,320
050,40,137,"Oklahoma","Stephens County",2,17,624,317,307
050,40,137,"Oklahoma","Stephens County",2,18,513,269,244
050,40,137,"Oklahoma","Stephens County",2,19,408,222,186
050,40,137,"Oklahoma","Stephens County",2,20,423,234,189
050,40,137,"Oklahoma","Stephens County",2,21,438,237,201
050,40,137,"Oklahoma","Stephens County",2,22,462,225,237
050,40,137,"Oklahoma","Stephens County",2,23,458,222,236
050,40,137,"Oklahoma","Stephens County",2,24,443,218,225
050,40,137,"Oklahoma","Stephens County",2,25,456,222,234
050,40,137,"Oklahoma","Stephens County",2,26,471,229,242
050,40,137,"Oklahoma","Stephens County",2,27,484,251,233
050,40,137,"Oklahoma","Stephens County",2,28,525,265,260
050,40,137,"Oklahoma","Stephens County",2,29,530,255,275
050,40,137,"Oklahoma","Stephens County",2,30,524,256,268
050,40,137,"Oklahoma","Stephens County",2,31,481,239,242
050,40,137,"Oklahoma","Stephens County",2,32,471,242,229
050,40,137,"Oklahoma","Stephens County",2,33,480,239,241
050,40,137,"Oklahoma","Stephens County",2,34,497,239,258
050,40,137,"Oklahoma","Stephens County",2,35,528,260,268
050,40,137,"Oklahoma","Stephens County",2,36,511,260,251
050,40,137,"Oklahoma","Stephens County",2,37,523,259,264
050,40,137,"Oklahoma","Stephens County",2,38,549,273,276
050,40,137,"Oklahoma","Stephens County",2,39,548,264,284
050,40,137,"Oklahoma","Stephens County",2,40,543,269,274
050,40,137,"Oklahoma","Stephens County",2,41,501,245,256
050,40,137,"Oklahoma","Stephens County",2,42,502,242,260
050,40,137,"Oklahoma","Stephens County",2,43,497,260,237
050,40,137,"Oklahoma","Stephens County",2,44,472,243,229
050,40,137,"Oklahoma","Stephens County",2,45,481,238,243
050,40,137,"Oklahoma","Stephens County",2,46,476,244,232
050,40,137,"Oklahoma","Stephens County",2,47,476,240,236
050,40,137,"Oklahoma","Stephens County",2,48,489,251,238
050,40,137,"Oklahoma","Stephens County",2,49,484,241,243
050,40,137,"Oklahoma","Stephens County",2,50,491,245,246
050,40,137,"Oklahoma","Stephens County",2,51,476,241,235
050,40,137,"Oklahoma","Stephens County",2,52,473,236,237
050,40,137,"Oklahoma","Stephens County",2,53,476,236,240
050,40,137,"Oklahoma","Stephens County",2,54,493,253,240
050,40,137,"Oklahoma","Stephens County",2,55,559,264,295
050,40,137,"Oklahoma","Stephens County",2,56,614,283,331
050,40,137,"Oklahoma","Stephens County",2,57,619,290,329
050,40,137,"Oklahoma","Stephens County",2,58,626,309,317
050,40,137,"Oklahoma","Stephens County",2,59,636,320,316
050,40,137,"Oklahoma","Stephens County",2,60,637,319,318
050,40,137,"Oklahoma","Stephens County",2,61,630,300,330
050,40,137,"Oklahoma","Stephens County",2,62,640,310,330
050,40,137,"Oklahoma","Stephens County",2,63,588,292,296
050,40,137,"Oklahoma","Stephens County",2,64,563,285,278
050,40,137,"Oklahoma","Stephens County",2,65,601,290,311
050,40,137,"Oklahoma","Stephens County",2,66,599,275,324
050,40,137,"Oklahoma","Stephens County",2,67,581,271,310
050,40,137,"Oklahoma","Stephens County",2,68,567,273,294
050,40,137,"Oklahoma","Stephens County",2,69,516,246,270
050,40,137,"Oklahoma","Stephens County",2,70,474,219,255
050,40,137,"Oklahoma","Stephens County",2,71,447,203,244
050,40,137,"Oklahoma","Stephens County",2,72,448,205,243
050,40,137,"Oklahoma","Stephens County",2,73,504,237,267
050,40,137,"Oklahoma","Stephens County",2,74,349,164,185
050,40,137,"Oklahoma","Stephens County",2,75,336,152,184
050,40,137,"Oklahoma","Stephens County",2,76,322,137,185
050,40,137,"Oklahoma","Stephens County",2,77,347,153,194
050,40,137,"Oklahoma","Stephens County",2,78,297,133,164
050,40,137,"Oklahoma","Stephens County",2,79,267,119,148
050,40,137,"Oklahoma","Stephens County",2,80,234,103,131
050,40,137,"Oklahoma","Stephens County",2,81,228,90,138
050,40,137,"Oklahoma","Stephens County",2,82,224,87,137
050,40,137,"Oklahoma","Stephens County",2,83,193,81,112
050,40,137,"Oklahoma","Stephens County",2,84,180,79,101
050,40,137,"Oklahoma","Stephens County",2,85,1044,365,679
050,40,137,"Oklahoma","Stephens County",3,0,460,231,229
050,40,137,"Oklahoma","Stephens County",3,1,489,274,215
050,40,137,"Oklahoma","Stephens County",3,2,528,287,241
050,40,137,"Oklahoma","Stephens County",3,3,526,269,257
050,40,137,"Oklahoma","Stephens County",3,4,517,278,239
050,40,137,"Oklahoma","Stephens County",3,5,527,269,258
050,40,137,"Oklahoma","Stephens County",3,6,517,268,249
050,40,137,"Oklahoma","Stephens County",3,7,570,312,258
050,40,137,"Oklahoma","Stephens County",3,8,547,277,270
050,40,137,"Oklahoma","Stephens County",3,9,534,267,267
050,40,137,"Oklahoma","Stephens County",3,10,512,258,254
050,40,137,"Oklahoma","Stephens County",3,11,566,274,292
050,40,137,"Oklahoma","Stephens County",3,12,578,282,296
050,40,137,"Oklahoma","Stephens County",3,13,617,317,300
050,40,137,"Oklahoma","Stephens County",3,14,589,292,297
050,40,137,"Oklahoma","Stephens County",3,15,593,297,296
050,40,137,"Oklahoma","Stephens County",3,16,611,305,306
050,40,137,"Oklahoma","Stephens County",3,17,628,314,314
050,40,137,"Oklahoma","Stephens County",3,18,544,284,260
050,40,137,"Oklahoma","Stephens County",3,19,419,229,190
050,40,137,"Oklahoma","Stephens County",3,20,434,227,207
050,40,137,"Oklahoma","Stephens County",3,21,436,239,197
050,40,137,"Oklahoma","Stephens County",3,22,457,233,224
050,40,137,"Oklahoma","Stephens County",3,23,462,226,236
050,40,137,"Oklahoma","Stephens County",3,24,486,235,251
050,40,137,"Oklahoma","Stephens County",3,25,453,224,229
050,40,137,"Oklahoma","Stephens County",3,26,443,218,225
050,40,137,"Oklahoma","Stephens County",3,27,477,228,249
050,40,137,"Oklahoma","Stephens County",3,28,506,266,240
050,40,137,"Oklahoma","Stephens County",3,29,518,257,261
050,40,137,"Oklahoma","Stephens County",3,30,531,249,282
050,40,137,"Oklahoma","Stephens County",3,31,549,264,285
050,40,137,"Oklahoma","Stephens County",3,32,497,244,253
050,40,137,"Oklahoma","Stephens County",3,33,502,253,249
050,40,137,"Oklahoma","Stephens County",3,34,490,246,244
050,40,137,"Oklahoma","Stephens County",3,35,506,245,261
050,40,137,"Oklahoma","Stephens County",3,36,535,261,274
050,40,137,"Oklahoma","Stephens County",3,37,514,268,246
050,40,137,"Oklahoma","Stephens County",3,38,525,270,255
050,40,137,"Oklahoma","Stephens County",3,39,542,266,276
050,40,137,"Oklahoma","Stephens County",3,40,561,269,292
050,40,137,"Oklahoma","Stephens County",3,41,560,281,279
050,40,137,"Oklahoma","Stephens County",3,42,504,249,255
050,40,137,"Oklahoma","Stephens County",3,43,506,244,262
050,40,137,"Oklahoma","Stephens County",3,44,503,257,246
050,40,137,"Oklahoma","Stephens County",3,45,486,249,237
050,40,137,"Oklahoma","Stephens County",3,46,493,250,243
050,40,137,"Oklahoma","Stephens County",3,47,477,234,243
050,40,137,"Oklahoma","Stephens County",3,48,481,243,238
050,40,137,"Oklahoma","Stephens County",3,49,501,252,249
050,40,137,"Oklahoma","Stephens County",3,50,496,246,250
050,40,137,"Oklahoma","Stephens County",3,51,499,258,241
050,40,137,"Oklahoma","Stephens County",3,52,480,240,240
050,40,137,"Oklahoma","Stephens County",3,53,459,225,234
050,40,137,"Oklahoma","Stephens County",3,54,490,247,243
050,40,137,"Oklahoma","Stephens County",3,55,491,255,236
050,40,137,"Oklahoma","Stephens County",3,56,562,263,299
050,40,137,"Oklahoma","Stephens County",3,57,629,302,327
050,40,137,"Oklahoma","Stephens County",3,58,617,281,336
050,40,137,"Oklahoma","Stephens County",3,59,628,310,318
050,40,137,"Oklahoma","Stephens County",3,60,649,326,323
050,40,137,"Oklahoma","Stephens County",3,61,648,315,333
050,40,137,"Oklahoma","Stephens County",3,62,637,300,337
050,40,137,"Oklahoma","Stephens County",3,63,627,299,328
050,40,137,"Oklahoma","Stephens County",3,64,594,294,300
050,40,137,"Oklahoma","Stephens County",3,65,567,288,279
050,40,137,"Oklahoma","Stephens County",3,66,588,285,303
050,40,137,"Oklahoma","Stephens County",3,67,582,268,314
050,40,137,"Oklahoma","Stephens County",3,68,583,281,302
050,40,137,"Oklahoma","Stephens County",3,69,549,267,282
050,40,137,"Oklahoma","Stephens County",3,70,494,233,261
050,40,137,"Oklahoma","Stephens County",3,71,446,206,240
050,40,137,"Oklahoma","Stephens County",3,72,437,194,243
050,40,137,"Oklahoma","Stephens County",3,73,443,196,247
050,40,137,"Oklahoma","Stephens County",3,74,491,227,264
050,40,137,"Oklahoma","Stephens County",3,75,338,161,177
050,40,137,"Oklahoma","Stephens County",3,76,331,150,181
050,40,137,"Oklahoma","Stephens County",3,77,295,129,166
050,40,137,"Oklahoma","Stephens County",3,78,330,147,183
050,40,137,"Oklahoma","Stephens County",3,79,278,120,158
050,40,137,"Oklahoma","Stephens County",3,80,244,109,135
050,40,137,"Oklahoma","Stephens County",3,81,214,93,121
050,40,137,"Oklahoma","Stephens County",3,82,208,71,137
050,40,137,"Oklahoma","Stephens County",3,83,196,71,125
050,40,137,"Oklahoma","Stephens County",3,84,163,61,102
050,40,137,"Oklahoma","Stephens County",3,85,1020,363,657
050,40,137,"Oklahoma","Stephens County",4,0,483,246,237
050,40,137,"Oklahoma","Stephens County",4,1,454,229,225
050,40,137,"Oklahoma","Stephens County",4,2,496,282,214
050,40,137,"Oklahoma","Stephens County",4,3,537,285,252
050,40,137,"Oklahoma","Stephens County",4,4,542,289,253
050,40,137,"Oklahoma","Stephens County",4,5,521,280,241
050,40,137,"Oklahoma","Stephens County",4,6,534,277,257
050,40,137,"Oklahoma","Stephens County",4,7,531,285,246
050,40,137,"Oklahoma","Stephens County",4,8,584,318,266
050,40,137,"Oklahoma","Stephens County",4,9,565,275,290
050,40,137,"Oklahoma","Stephens County",4,10,559,275,284
050,40,137,"Oklahoma","Stephens County",4,11,537,269,268
050,40,137,"Oklahoma","Stephens County",4,12,569,265,304
050,40,137,"Oklahoma","Stephens County",4,13,598,291,307
050,40,137,"Oklahoma","Stephens County",4,14,640,335,305
050,40,137,"Oklahoma","Stephens County",4,15,597,293,304
050,40,137,"Oklahoma","Stephens County",4,16,617,305,312
050,40,137,"Oklahoma","Stephens County",4,17,623,311,312
050,40,137,"Oklahoma","Stephens County",4,18,545,277,268
050,40,137,"Oklahoma","Stephens County",4,19,435,238,197
050,40,137,"Oklahoma","Stephens County",4,20,422,225,197
050,40,137,"Oklahoma","Stephens County",4,21,445,227,218
050,40,137,"Oklahoma","Stephens County",4,22,443,236,207
050,40,137,"Oklahoma","Stephens County",4,23,486,255,231
050,40,137,"Oklahoma","Stephens County",4,24,472,236,236
050,40,137,"Oklahoma","Stephens County",4,25,484,238,246
050,40,137,"Oklahoma","Stephens County",4,26,449,219,230
050,40,137,"Oklahoma","Stephens County",4,27,456,225,231
050,40,137,"Oklahoma","Stephens County",4,28,481,239,242
050,40,137,"Oklahoma","Stephens County",4,29,526,277,249
050,40,137,"Oklahoma","Stephens County",4,30,507,248,259
050,40,137,"Oklahoma","Stephens County",4,31,566,272,294
050,40,137,"Oklahoma","Stephens County",4,32,553,262,291
050,40,137,"Oklahoma","Stephens County",4,33,519,251,268
050,40,137,"Oklahoma","Stephens County",4,34,508,250,258
050,40,137,"Oklahoma","Stephens County",4,35,515,258,257
050,40,137,"Oklahoma","Stephens County",4,36,521,248,273
050,40,137,"Oklahoma","Stephens County",4,37,536,264,272
050,40,137,"Oklahoma","Stephens County",4,38,536,285,251
050,40,137,"Oklahoma","Stephens County",4,39,545,275,270
050,40,137,"Oklahoma","Stephens County",4,40,554,272,282
050,40,137,"Oklahoma","Stephens County",4,41,572,279,293
050,40,137,"Oklahoma","Stephens County",4,42,567,277,290
050,40,137,"Oklahoma","Stephens County",4,43,493,238,255
050,40,137,"Oklahoma","Stephens County",4,44,525,253,272
050,40,137,"Oklahoma","Stephens County",4,45,512,255,257
050,40,137,"Oklahoma","Stephens County",4,46,494,254,240
050,40,137,"Oklahoma","Stephens County",4,47,494,249,245
050,40,137,"Oklahoma","Stephens County",4,48,487,244,243
050,40,137,"Oklahoma","Stephens County",4,49,487,241,246
050,40,137,"Oklahoma","Stephens County",4,50,511,258,253
050,40,137,"Oklahoma","Stephens County",4,51,506,246,260
050,40,137,"Oklahoma","Stephens County",4,52,507,260,247
050,40,137,"Oklahoma","Stephens County",4,53,489,242,247
050,40,137,"Oklahoma","Stephens County",4,54,466,236,230
050,40,137,"Oklahoma","Stephens County",4,55,499,253,246
050,40,137,"Oklahoma","Stephens County",4,56,496,251,245
050,40,137,"Oklahoma","Stephens County",4,57,566,267,299
050,40,137,"Oklahoma","Stephens County",4,58,641,306,335
050,40,137,"Oklahoma","Stephens County",4,59,624,288,336
050,40,137,"Oklahoma","Stephens County",4,60,643,312,331
050,40,137,"Oklahoma","Stephens County",4,61,662,330,332
050,40,137,"Oklahoma","Stephens County",4,62,658,315,343
050,40,137,"Oklahoma","Stephens County",4,63,641,303,338
050,40,137,"Oklahoma","Stephens County",4,64,635,300,335
050,40,137,"Oklahoma","Stephens County",4,65,606,299,307
050,40,137,"Oklahoma","Stephens County",4,66,568,286,282
050,40,137,"Oklahoma","Stephens County",4,67,579,287,292
050,40,137,"Oklahoma","Stephens County",4,68,564,259,305
050,40,137,"Oklahoma","Stephens County",4,69,580,285,295
050,40,137,"Oklahoma","Stephens County",4,70,532,253,279
050,40,137,"Oklahoma","Stephens County",4,71,471,221,250
050,40,137,"Oklahoma","Stephens County",4,72,456,205,251
050,40,137,"Oklahoma","Stephens County",4,73,428,189,239
050,40,137,"Oklahoma","Stephens County",4,74,428,192,236
050,40,137,"Oklahoma","Stephens County",4,75,478,224,254
050,40,137,"Oklahoma","Stephens County",4,76,326,152,174
050,40,137,"Oklahoma","Stephens County",4,77,310,144,166
050,40,137,"Oklahoma","Stephens County",4,78,278,115,163
050,40,137,"Oklahoma","Stephens County",4,79,308,131,177
050,40,137,"Oklahoma","Stephens County",4,80,251,110,141
050,40,137,"Oklahoma","Stephens County",4,81,233,103,130
050,40,137,"Oklahoma","Stephens County",4,82,205,82,123
050,40,137,"Oklahoma","Stephens County",4,83,181,59,122
050,40,137,"Oklahoma","Stephens County",4,84,179,63,116
050,40,137,"Oklahoma","Stephens County",4,85,989,337,652
050,40,137,"Oklahoma","Stephens County",5,0,474,240,234
050,40,137,"Oklahoma","Stephens County",5,1,496,247,249
050,40,137,"Oklahoma","Stephens County",5,2,465,241,224
050,40,137,"Oklahoma","Stephens County",5,3,511,292,219
050,40,137,"Oklahoma","Stephens County",5,4,528,278,250
050,40,137,"Oklahoma","Stephens County",5,5,538,291,247
050,40,137,"Oklahoma","Stephens County",5,6,542,283,259
050,40,137,"Oklahoma","Stephens County",5,7,557,290,267
050,40,137,"Oklahoma","Stephens County",5,8,540,284,256
050,40,137,"Oklahoma","Stephens County",5,9,611,333,278
050,40,137,"Oklahoma","Stephens County",5,10,579,284,295
050,40,137,"Oklahoma","Stephens County",5,11,562,278,284
050,40,137,"Oklahoma","Stephens County",5,12,550,277,273
050,40,137,"Oklahoma","Stephens County",5,13,590,272,318
050,40,137,"Oklahoma","Stephens County",5,14,608,289,319
050,40,137,"Oklahoma","Stephens County",5,15,639,327,312
050,40,137,"Oklahoma","Stephens County",5,16,608,296,312
050,40,137,"Oklahoma","Stephens County",5,17,622,317,305
050,40,137,"Oklahoma","Stephens County",5,18,524,270,254
050,40,137,"Oklahoma","Stephens County",5,19,458,228,230
050,40,137,"Oklahoma","Stephens County",5,20,465,238,227
050,40,137,"Oklahoma","Stephens County",5,21,452,250,202
050,40,137,"Oklahoma","Stephens County",5,22,471,238,233
050,40,137,"Oklahoma","Stephens County",5,23,465,260,205
050,40,137,"Oklahoma","Stephens County",5,24,498,257,241
050,40,137,"Oklahoma","Stephens County",5,25,484,234,250
050,40,137,"Oklahoma","Stephens County",5,26,461,232,229
050,40,137,"Oklahoma","Stephens County",5,27,462,238,224
050,40,137,"Oklahoma","Stephens County",5,28,482,227,255
050,40,137,"Oklahoma","Stephens County",5,29,475,239,236
050,40,137,"Oklahoma","Stephens County",5,30,534,282,252
050,40,137,"Oklahoma","Stephens County",5,31,538,277,261
050,40,137,"Oklahoma","Stephens County",5,32,572,268,304
050,40,137,"Oklahoma","Stephens County",5,33,563,268,295
050,40,137,"Oklahoma","Stephens County",5,34,536,262,274
050,40,137,"Oklahoma","Stephens County",5,35,533,260,273
050,40,137,"Oklahoma","Stephens County",5,36,534,269,265
050,40,137,"Oklahoma","Stephens County",5,37,516,246,270
050,40,137,"Oklahoma","Stephens County",5,38,541,265,276
050,40,137,"Oklahoma","Stephens County",5,39,552,295,257
050,40,137,"Oklahoma","Stephens County",5,40,557,277,280
050,40,137,"Oklahoma","Stephens County",5,41,565,278,287
050,40,137,"Oklahoma","Stephens County",5,42,597,286,311
050,40,137,"Oklahoma","Stephens County",5,43,566,278,288
050,40,137,"Oklahoma","Stephens County",5,44,499,249,250
050,40,137,"Oklahoma","Stephens County",5,45,542,258,284
050,40,137,"Oklahoma","Stephens County",5,46,513,262,251
050,40,137,"Oklahoma","Stephens County",5,47,497,248,249
050,40,137,"Oklahoma","Stephens County",5,48,501,249,252
050,40,137,"Oklahoma","Stephens County",5,49,473,230,243
050,40,137,"Oklahoma","Stephens County",5,50,491,250,241
050,40,137,"Oklahoma","Stephens County",5,51,518,263,255
050,40,137,"Oklahoma","Stephens County",5,52,508,249,259
050,40,137,"Oklahoma","Stephens County",5,53,511,263,248
050,40,137,"Oklahoma","Stephens County",5,54,486,247,239
050,40,137,"Oklahoma","Stephens County",5,55,476,239,237
050,40,137,"Oklahoma","Stephens County",5,56,498,248,250
050,40,137,"Oklahoma","Stephens County",5,57,501,251,250
050,40,137,"Oklahoma","Stephens County",5,58,563,268,295
050,40,137,"Oklahoma","Stephens County",5,59,637,295,342
050,40,137,"Oklahoma","Stephens County",5,60,628,292,336
050,40,137,"Oklahoma","Stephens County",5,61,639,306,333
050,40,137,"Oklahoma","Stephens County",5,62,657,328,329
050,40,137,"Oklahoma","Stephens County",5,63,656,306,350
050,40,137,"Oklahoma","Stephens County",5,64,657,314,343
050,40,137,"Oklahoma","Stephens County",5,65,630,300,330
050,40,137,"Oklahoma","Stephens County",5,66,594,292,302
050,40,137,"Oklahoma","Stephens County",5,67,563,286,277
050,40,137,"Oklahoma","Stephens County",5,68,570,276,294
050,40,137,"Oklahoma","Stephens County",5,69,548,251,297
050,40,137,"Oklahoma","Stephens County",5,70,557,272,285
050,40,137,"Oklahoma","Stephens County",5,71,506,240,266
050,40,137,"Oklahoma","Stephens County",5,72,472,223,249
050,40,137,"Oklahoma","Stephens County",5,73,445,201,244
050,40,137,"Oklahoma","Stephens County",5,74,414,186,228
050,40,137,"Oklahoma","Stephens County",5,75,427,190,237
050,40,137,"Oklahoma","Stephens County",5,76,462,212,250
050,40,137,"Oklahoma","Stephens County",5,77,308,147,161
050,40,137,"Oklahoma","Stephens County",5,78,293,130,163
050,40,137,"Oklahoma","Stephens County",5,79,263,106,157
050,40,137,"Oklahoma","Stephens County",5,80,289,126,163
050,40,137,"Oklahoma","Stephens County",5,81,241,104,137
050,40,137,"Oklahoma","Stephens County",5,82,226,96,130
050,40,137,"Oklahoma","Stephens County",5,83,173,70,103
050,40,137,"Oklahoma","Stephens County",5,84,159,48,111
050,40,137,"Oklahoma","Stephens County",5,85,1002,328,674
050,40,139,"Oklahoma","Texas County",1,0,361,184,177
050,40,139,"Oklahoma","Texas County",1,1,386,201,185
050,40,139,"Oklahoma","Texas County",1,2,374,195,179
050,40,139,"Oklahoma","Texas County",1,3,371,194,177
050,40,139,"Oklahoma","Texas County",1,4,349,181,168
050,40,139,"Oklahoma","Texas County",1,5,363,193,170
050,40,139,"Oklahoma","Texas County",1,6,330,148,182
050,40,139,"Oklahoma","Texas County",1,7,342,160,182
050,40,139,"Oklahoma","Texas County",1,8,348,171,177
050,40,139,"Oklahoma","Texas County",1,9,345,161,184
050,40,139,"Oklahoma","Texas County",1,10,347,168,179
050,40,139,"Oklahoma","Texas County",1,11,355,162,193
050,40,139,"Oklahoma","Texas County",1,12,354,167,187
050,40,139,"Oklahoma","Texas County",1,13,325,163,162
050,40,139,"Oklahoma","Texas County",1,14,331,179,152
050,40,139,"Oklahoma","Texas County",1,15,328,177,151
050,40,139,"Oklahoma","Texas County",1,16,325,172,153
050,40,139,"Oklahoma","Texas County",1,17,328,182,146
050,40,139,"Oklahoma","Texas County",1,18,307,163,144
050,40,139,"Oklahoma","Texas County",1,19,354,196,158
050,40,139,"Oklahoma","Texas County",1,20,340,194,146
050,40,139,"Oklahoma","Texas County",1,21,326,189,137
050,40,139,"Oklahoma","Texas County",1,22,301,158,143
050,40,139,"Oklahoma","Texas County",1,23,274,135,139
050,40,139,"Oklahoma","Texas County",1,24,285,168,117
050,40,139,"Oklahoma","Texas County",1,25,280,161,119
050,40,139,"Oklahoma","Texas County",1,26,275,142,133
050,40,139,"Oklahoma","Texas County",1,27,271,150,121
050,40,139,"Oklahoma","Texas County",1,28,278,149,129
050,40,139,"Oklahoma","Texas County",1,29,291,149,142
050,40,139,"Oklahoma","Texas County",1,30,308,189,119
050,40,139,"Oklahoma","Texas County",1,31,302,180,122
050,40,139,"Oklahoma","Texas County",1,32,322,165,157
050,40,139,"Oklahoma","Texas County",1,33,278,153,125
050,40,139,"Oklahoma","Texas County",1,34,282,168,114
050,40,139,"Oklahoma","Texas County",1,35,275,161,114
050,40,139,"Oklahoma","Texas County",1,36,264,149,115
050,40,139,"Oklahoma","Texas County",1,37,275,146,129
050,40,139,"Oklahoma","Texas County",1,38,290,162,128
050,40,139,"Oklahoma","Texas County",1,39,285,159,126
050,40,139,"Oklahoma","Texas County",1,40,289,172,117
050,40,139,"Oklahoma","Texas County",1,41,285,172,113
050,40,139,"Oklahoma","Texas County",1,42,279,163,116
050,40,139,"Oklahoma","Texas County",1,43,262,144,118
050,40,139,"Oklahoma","Texas County",1,44,243,127,116
050,40,139,"Oklahoma","Texas County",1,45,247,130,117
050,40,139,"Oklahoma","Texas County",1,46,219,105,114
050,40,139,"Oklahoma","Texas County",1,47,234,110,124
050,40,139,"Oklahoma","Texas County",1,48,245,135,110
050,40,139,"Oklahoma","Texas County",1,49,269,147,122
050,40,139,"Oklahoma","Texas County",1,50,260,141,119
050,40,139,"Oklahoma","Texas County",1,51,248,138,110
050,40,139,"Oklahoma","Texas County",1,52,234,134,100
050,40,139,"Oklahoma","Texas County",1,53,254,145,109
050,40,139,"Oklahoma","Texas County",1,54,243,137,106
050,40,139,"Oklahoma","Texas County",1,55,268,161,107
050,40,139,"Oklahoma","Texas County",1,56,274,152,122
050,40,139,"Oklahoma","Texas County",1,57,257,151,106
050,40,139,"Oklahoma","Texas County",1,58,237,129,108
050,40,139,"Oklahoma","Texas County",1,59,241,134,107
050,40,139,"Oklahoma","Texas County",1,60,225,127,98
050,40,139,"Oklahoma","Texas County",1,61,211,108,103
050,40,139,"Oklahoma","Texas County",1,62,212,110,102
050,40,139,"Oklahoma","Texas County",1,63,233,117,116
050,40,139,"Oklahoma","Texas County",1,64,223,113,110
050,40,139,"Oklahoma","Texas County",1,65,218,119,99
050,40,139,"Oklahoma","Texas County",1,66,194,94,100
050,40,139,"Oklahoma","Texas County",1,67,169,75,94
050,40,139,"Oklahoma","Texas County",1,68,158,77,81
050,40,139,"Oklahoma","Texas County",1,69,147,75,72
050,40,139,"Oklahoma","Texas County",1,70,139,66,73
050,40,139,"Oklahoma","Texas County",1,71,136,70,66
050,40,139,"Oklahoma","Texas County",1,72,135,66,69
050,40,139,"Oklahoma","Texas County",1,73,130,65,65
050,40,139,"Oklahoma","Texas County",1,74,88,46,42
050,40,139,"Oklahoma","Texas County",1,75,99,51,48
050,40,139,"Oklahoma","Texas County",1,76,97,50,47
050,40,139,"Oklahoma","Texas County",1,77,90,46,44
050,40,139,"Oklahoma","Texas County",1,78,68,38,30
050,40,139,"Oklahoma","Texas County",1,79,66,33,33
050,40,139,"Oklahoma","Texas County",1,80,62,33,29
050,40,139,"Oklahoma","Texas County",1,81,70,32,38
050,40,139,"Oklahoma","Texas County",1,82,72,40,32
050,40,139,"Oklahoma","Texas County",1,83,59,26,33
050,40,139,"Oklahoma","Texas County",1,84,50,25,25
050,40,139,"Oklahoma","Texas County",1,85,219,78,141
050,40,139,"Oklahoma","Texas County",2,0,346,179,167
050,40,139,"Oklahoma","Texas County",2,1,379,196,183
050,40,139,"Oklahoma","Texas County",2,2,372,193,179
050,40,139,"Oklahoma","Texas County",2,3,370,192,178
050,40,139,"Oklahoma","Texas County",2,4,353,183,170
050,40,139,"Oklahoma","Texas County",2,5,354,185,169
050,40,139,"Oklahoma","Texas County",2,6,335,158,177
050,40,139,"Oklahoma","Texas County",2,7,338,156,182
050,40,139,"Oklahoma","Texas County",2,8,348,169,179
050,40,139,"Oklahoma","Texas County",2,9,343,162,181
050,40,139,"Oklahoma","Texas County",2,10,344,164,180
050,40,139,"Oklahoma","Texas County",2,11,349,162,187
050,40,139,"Oklahoma","Texas County",2,12,353,166,187
050,40,139,"Oklahoma","Texas County",2,13,332,165,167
050,40,139,"Oklahoma","Texas County",2,14,327,175,152
050,40,139,"Oklahoma","Texas County",2,15,326,175,151
050,40,139,"Oklahoma","Texas County",2,16,327,173,154
050,40,139,"Oklahoma","Texas County",2,17,324,178,146
050,40,139,"Oklahoma","Texas County",2,18,307,166,141
050,40,139,"Oklahoma","Texas County",2,19,344,190,154
050,40,139,"Oklahoma","Texas County",2,20,345,197,148
050,40,139,"Oklahoma","Texas County",2,21,330,188,142
050,40,139,"Oklahoma","Texas County",2,22,299,159,140
050,40,139,"Oklahoma","Texas County",2,23,273,136,137
050,40,139,"Oklahoma","Texas County",2,24,278,158,120
050,40,139,"Oklahoma","Texas County",2,25,279,161,118
050,40,139,"Oklahoma","Texas County",2,26,274,145,129
050,40,139,"Oklahoma","Texas County",2,27,269,146,123
050,40,139,"Oklahoma","Texas County",2,28,269,143,126
050,40,139,"Oklahoma","Texas County",2,29,283,146,137
050,40,139,"Oklahoma","Texas County",2,30,304,180,124
050,40,139,"Oklahoma","Texas County",2,31,301,180,121
050,40,139,"Oklahoma","Texas County",2,32,315,167,148
050,40,139,"Oklahoma","Texas County",2,33,289,157,132
050,40,139,"Oklahoma","Texas County",2,34,281,165,116
050,40,139,"Oklahoma","Texas County",2,35,278,163,115
050,40,139,"Oklahoma","Texas County",2,36,261,149,112
050,40,139,"Oklahoma","Texas County",2,37,270,145,125
050,40,139,"Oklahoma","Texas County",2,38,284,155,129
050,40,139,"Oklahoma","Texas County",2,39,279,156,123
050,40,139,"Oklahoma","Texas County",2,40,289,170,119
050,40,139,"Oklahoma","Texas County",2,41,283,170,113
050,40,139,"Oklahoma","Texas County",2,42,274,161,113
050,40,139,"Oklahoma","Texas County",2,43,267,148,119
050,40,139,"Oklahoma","Texas County",2,44,246,130,116
050,40,139,"Oklahoma","Texas County",2,45,246,129,117
050,40,139,"Oklahoma","Texas County",2,46,225,110,115
050,40,139,"Oklahoma","Texas County",2,47,230,109,121
050,40,139,"Oklahoma","Texas County",2,48,245,130,115
050,40,139,"Oklahoma","Texas County",2,49,263,144,119
050,40,139,"Oklahoma","Texas County",2,50,261,143,118
050,40,139,"Oklahoma","Texas County",2,51,250,139,111
050,40,139,"Oklahoma","Texas County",2,52,235,133,102
050,40,139,"Oklahoma","Texas County",2,53,241,137,104
050,40,139,"Oklahoma","Texas County",2,54,244,136,108
050,40,139,"Oklahoma","Texas County",2,55,263,157,106
050,40,139,"Oklahoma","Texas County",2,56,272,154,118
050,40,139,"Oklahoma","Texas County",2,57,259,150,109
050,40,139,"Oklahoma","Texas County",2,58,244,136,108
050,40,139,"Oklahoma","Texas County",2,59,239,132,107
050,40,139,"Oklahoma","Texas County",2,60,226,128,98
050,40,139,"Oklahoma","Texas County",2,61,215,113,102
050,40,139,"Oklahoma","Texas County",2,62,207,106,101
050,40,139,"Oklahoma","Texas County",2,63,231,117,114
050,40,139,"Oklahoma","Texas County",2,64,223,111,112
050,40,139,"Oklahoma","Texas County",2,65,219,119,100
050,40,139,"Oklahoma","Texas County",2,66,198,98,100
050,40,139,"Oklahoma","Texas County",2,67,175,80,95
050,40,139,"Oklahoma","Texas County",2,68,158,75,83
050,40,139,"Oklahoma","Texas County",2,69,148,73,75
050,40,139,"Oklahoma","Texas County",2,70,140,67,73
050,40,139,"Oklahoma","Texas County",2,71,134,68,66
050,40,139,"Oklahoma","Texas County",2,72,132,65,67
050,40,139,"Oklahoma","Texas County",2,73,135,67,68
050,40,139,"Oklahoma","Texas County",2,74,93,49,44
050,40,139,"Oklahoma","Texas County",2,75,94,47,47
050,40,139,"Oklahoma","Texas County",2,76,94,48,46
050,40,139,"Oklahoma","Texas County",2,77,94,49,45
050,40,139,"Oklahoma","Texas County",2,78,72,39,33
050,40,139,"Oklahoma","Texas County",2,79,64,34,30
050,40,139,"Oklahoma","Texas County",2,80,60,32,28
050,40,139,"Oklahoma","Texas County",2,81,68,32,36
050,40,139,"Oklahoma","Texas County",2,82,70,38,32
050,40,139,"Oklahoma","Texas County",2,83,60,28,32
050,40,139,"Oklahoma","Texas County",2,84,49,23,26
050,40,139,"Oklahoma","Texas County",2,85,222,80,142
050,40,139,"Oklahoma","Texas County",3,0,284,162,122
050,40,139,"Oklahoma","Texas County",3,1,345,179,166
050,40,139,"Oklahoma","Texas County",3,2,361,181,180
050,40,139,"Oklahoma","Texas County",3,3,364,182,182
050,40,139,"Oklahoma","Texas County",3,4,355,180,175
050,40,139,"Oklahoma","Texas County",3,5,327,164,163
050,40,139,"Oklahoma","Texas County",3,6,335,178,157
050,40,139,"Oklahoma","Texas County",3,7,330,147,183
050,40,139,"Oklahoma","Texas County",3,8,338,151,187
050,40,139,"Oklahoma","Texas County",3,9,343,169,174
050,40,139,"Oklahoma","Texas County",3,10,333,156,177
050,40,139,"Oklahoma","Texas County",3,11,332,160,172
050,40,139,"Oklahoma","Texas County",3,12,347,164,183
050,40,139,"Oklahoma","Texas County",3,13,343,152,191
050,40,139,"Oklahoma","Texas County",3,14,331,167,164
050,40,139,"Oklahoma","Texas County",3,15,319,171,148
050,40,139,"Oklahoma","Texas County",3,16,314,171,143
050,40,139,"Oklahoma","Texas County",3,17,318,167,151
050,40,139,"Oklahoma","Texas County",3,18,320,180,140
050,40,139,"Oklahoma","Texas County",3,19,324,186,138
050,40,139,"Oklahoma","Texas County",3,20,326,184,142
050,40,139,"Oklahoma","Texas County",3,21,342,196,146
050,40,139,"Oklahoma","Texas County",3,22,310,177,133
050,40,139,"Oklahoma","Texas County",3,23,285,147,138
050,40,139,"Oklahoma","Texas County",3,24,251,141,110
050,40,139,"Oklahoma","Texas County",3,25,274,148,126
050,40,139,"Oklahoma","Texas County",3,26,272,156,116
050,40,139,"Oklahoma","Texas County",3,27,263,135,128
050,40,139,"Oklahoma","Texas County",3,28,261,142,119
050,40,139,"Oklahoma","Texas County",3,29,263,140,123
050,40,139,"Oklahoma","Texas County",3,30,270,146,124
050,40,139,"Oklahoma","Texas County",3,31,281,171,110
050,40,139,"Oklahoma","Texas County",3,32,298,176,122
050,40,139,"Oklahoma","Texas County",3,33,311,163,148
050,40,139,"Oklahoma","Texas County",3,34,277,153,124
050,40,139,"Oklahoma","Texas County",3,35,273,162,111
050,40,139,"Oklahoma","Texas County",3,36,280,167,113
050,40,139,"Oklahoma","Texas County",3,37,259,154,105
050,40,139,"Oklahoma","Texas County",3,38,259,138,121
050,40,139,"Oklahoma","Texas County",3,39,271,144,127
050,40,139,"Oklahoma","Texas County",3,40,265,146,119
050,40,139,"Oklahoma","Texas County",3,41,280,161,119
050,40,139,"Oklahoma","Texas County",3,42,274,169,105
050,40,139,"Oklahoma","Texas County",3,43,270,151,119
050,40,139,"Oklahoma","Texas County",3,44,262,138,124
050,40,139,"Oklahoma","Texas County",3,45,240,129,111
050,40,139,"Oklahoma","Texas County",3,46,255,133,122
050,40,139,"Oklahoma","Texas County",3,47,216,104,112
050,40,139,"Oklahoma","Texas County",3,48,220,108,112
050,40,139,"Oklahoma","Texas County",3,49,238,124,114
050,40,139,"Oklahoma","Texas County",3,50,260,145,115
050,40,139,"Oklahoma","Texas County",3,51,264,146,118
050,40,139,"Oklahoma","Texas County",3,52,250,141,109
050,40,139,"Oklahoma","Texas County",3,53,223,135,88
050,40,139,"Oklahoma","Texas County",3,54,229,132,97
050,40,139,"Oklahoma","Texas County",3,55,240,133,107
050,40,139,"Oklahoma","Texas County",3,56,250,147,103
050,40,139,"Oklahoma","Texas County",3,57,259,148,111
050,40,139,"Oklahoma","Texas County",3,58,245,144,101
050,40,139,"Oklahoma","Texas County",3,59,232,125,107
050,40,139,"Oklahoma","Texas County",3,60,222,115,107
050,40,139,"Oklahoma","Texas County",3,61,208,115,93
050,40,139,"Oklahoma","Texas County",3,62,203,109,94
050,40,139,"Oklahoma","Texas County",3,63,202,103,99
050,40,139,"Oklahoma","Texas County",3,64,207,107,100
050,40,139,"Oklahoma","Texas County",3,65,211,106,105
050,40,139,"Oklahoma","Texas County",3,66,214,119,95
050,40,139,"Oklahoma","Texas County",3,67,193,93,100
050,40,139,"Oklahoma","Texas County",3,68,165,76,89
050,40,139,"Oklahoma","Texas County",3,69,149,70,79
050,40,139,"Oklahoma","Texas County",3,70,148,71,77
050,40,139,"Oklahoma","Texas County",3,71,135,66,69
050,40,139,"Oklahoma","Texas County",3,72,121,62,59
050,40,139,"Oklahoma","Texas County",3,73,126,62,64
050,40,139,"Oklahoma","Texas County",3,74,136,69,67
050,40,139,"Oklahoma","Texas County",3,75,86,45,41
050,40,139,"Oklahoma","Texas County",3,76,93,44,49
050,40,139,"Oklahoma","Texas County",3,77,88,50,38
050,40,139,"Oklahoma","Texas County",3,78,89,45,44
050,40,139,"Oklahoma","Texas County",3,79,71,38,33
050,40,139,"Oklahoma","Texas County",3,80,56,31,25
050,40,139,"Oklahoma","Texas County",3,81,57,27,30
050,40,139,"Oklahoma","Texas County",3,82,60,26,34
050,40,139,"Oklahoma","Texas County",3,83,71,39,32
050,40,139,"Oklahoma","Texas County",3,84,50,20,30
050,40,139,"Oklahoma","Texas County",3,85,227,89,138
050,40,139,"Oklahoma","Texas County",4,0,298,145,153
050,40,139,"Oklahoma","Texas County",4,1,280,156,124
050,40,139,"Oklahoma","Texas County",4,2,340,176,164
050,40,139,"Oklahoma","Texas County",4,3,347,173,174
050,40,139,"Oklahoma","Texas County",4,4,359,174,185
050,40,139,"Oklahoma","Texas County",4,5,345,175,170
050,40,139,"Oklahoma","Texas County",4,6,307,153,154
050,40,139,"Oklahoma","Texas County",4,7,337,181,156
050,40,139,"Oklahoma","Texas County",4,8,348,156,192
050,40,139,"Oklahoma","Texas County",4,9,324,144,180
050,40,139,"Oklahoma","Texas County",4,10,315,154,161
050,40,139,"Oklahoma","Texas County",4,11,322,150,172
050,40,139,"Oklahoma","Texas County",4,12,321,155,166
050,40,139,"Oklahoma","Texas County",4,13,339,152,187
050,40,139,"Oklahoma","Texas County",4,14,350,157,193
050,40,139,"Oklahoma","Texas County",4,15,327,167,160
050,40,139,"Oklahoma","Texas County",4,16,303,157,146
050,40,139,"Oklahoma","Texas County",4,17,317,162,155
050,40,139,"Oklahoma","Texas County",4,18,313,165,148
050,40,139,"Oklahoma","Texas County",4,19,321,190,131
050,40,139,"Oklahoma","Texas County",4,20,315,189,126
050,40,139,"Oklahoma","Texas County",4,21,326,181,145
050,40,139,"Oklahoma","Texas County",4,22,313,180,133
050,40,139,"Oklahoma","Texas County",4,23,302,161,141
050,40,139,"Oklahoma","Texas County",4,24,281,158,123
050,40,139,"Oklahoma","Texas County",4,25,233,131,102
050,40,139,"Oklahoma","Texas County",4,26,268,140,128
050,40,139,"Oklahoma","Texas County",4,27,279,163,116
050,40,139,"Oklahoma","Texas County",4,28,238,120,118
050,40,139,"Oklahoma","Texas County",4,29,264,149,115
050,40,139,"Oklahoma","Texas County",4,30,274,156,118
050,40,139,"Oklahoma","Texas County",4,31,253,130,123
050,40,139,"Oklahoma","Texas County",4,32,272,159,113
050,40,139,"Oklahoma","Texas County",4,33,292,171,121
050,40,139,"Oklahoma","Texas County",4,34,292,151,141
050,40,139,"Oklahoma","Texas County",4,35,271,145,126
050,40,139,"Oklahoma","Texas County",4,36,252,146,106
050,40,139,"Oklahoma","Texas County",4,37,276,165,111
050,40,139,"Oklahoma","Texas County",4,38,250,141,109
050,40,139,"Oklahoma","Texas County",4,39,259,133,126
050,40,139,"Oklahoma","Texas County",4,40,273,145,128
050,40,139,"Oklahoma","Texas County",4,41,237,119,118
050,40,139,"Oklahoma","Texas County",4,42,280,160,120
050,40,139,"Oklahoma","Texas County",4,43,289,163,126
050,40,139,"Oklahoma","Texas County",4,44,265,144,121
050,40,139,"Oklahoma","Texas County",4,45,252,131,121
050,40,139,"Oklahoma","Texas County",4,46,247,131,116
050,40,139,"Oklahoma","Texas County",4,47,247,128,119
050,40,139,"Oklahoma","Texas County",4,48,201,95,106
050,40,139,"Oklahoma","Texas County",4,49,218,109,109
050,40,139,"Oklahoma","Texas County",4,50,229,116,113
050,40,139,"Oklahoma","Texas County",4,51,257,144,113
050,40,139,"Oklahoma","Texas County",4,52,259,142,117
050,40,139,"Oklahoma","Texas County",4,53,243,139,104
050,40,139,"Oklahoma","Texas County",4,54,207,129,78
050,40,139,"Oklahoma","Texas County",4,55,222,125,97
050,40,139,"Oklahoma","Texas County",4,56,233,129,104
050,40,139,"Oklahoma","Texas County",4,57,242,141,101
050,40,139,"Oklahoma","Texas County",4,58,263,151,112
050,40,139,"Oklahoma","Texas County",4,59,235,140,95
050,40,139,"Oklahoma","Texas County",4,60,223,117,106
050,40,139,"Oklahoma","Texas County",4,61,212,111,101
050,40,139,"Oklahoma","Texas County",4,62,189,106,83
050,40,139,"Oklahoma","Texas County",4,63,197,105,92
050,40,139,"Oklahoma","Texas County",4,64,188,89,99
050,40,139,"Oklahoma","Texas County",4,65,200,105,95
050,40,139,"Oklahoma","Texas County",4,66,205,104,101
050,40,139,"Oklahoma","Texas County",4,67,207,111,96
050,40,139,"Oklahoma","Texas County",4,68,178,84,94
050,40,139,"Oklahoma","Texas County",4,69,158,74,84
050,40,139,"Oklahoma","Texas County",4,70,146,67,79
050,40,139,"Oklahoma","Texas County",4,71,146,72,74
050,40,139,"Oklahoma","Texas County",4,72,124,58,66
050,40,139,"Oklahoma","Texas County",4,73,114,58,56
050,40,139,"Oklahoma","Texas County",4,74,118,60,58
050,40,139,"Oklahoma","Texas County",4,75,123,61,62
050,40,139,"Oklahoma","Texas County",4,76,81,40,41
050,40,139,"Oklahoma","Texas County",4,77,82,43,39
050,40,139,"Oklahoma","Texas County",4,78,82,42,40
050,40,139,"Oklahoma","Texas County",4,79,90,45,45
050,40,139,"Oklahoma","Texas County",4,80,62,33,29
050,40,139,"Oklahoma","Texas County",4,81,52,25,27
050,40,139,"Oklahoma","Texas County",4,82,55,25,30
050,40,139,"Oklahoma","Texas County",4,83,61,29,32
050,40,139,"Oklahoma","Texas County",4,84,61,33,28
050,40,139,"Oklahoma","Texas County",4,85,229,88,141
050,40,139,"Oklahoma","Texas County",5,0,335,169,166
050,40,139,"Oklahoma","Texas County",5,1,287,139,148
050,40,139,"Oklahoma","Texas County",5,2,256,140,116
050,40,139,"Oklahoma","Texas County",5,3,331,166,165
050,40,139,"Oklahoma","Texas County",5,4,351,170,181
050,40,139,"Oklahoma","Texas County",5,5,341,166,175
050,40,139,"Oklahoma","Texas County",5,6,340,171,169
050,40,139,"Oklahoma","Texas County",5,7,299,149,150
050,40,139,"Oklahoma","Texas County",5,8,338,172,166
050,40,139,"Oklahoma","Texas County",5,9,344,149,195
050,40,139,"Oklahoma","Texas County",5,10,323,144,179
050,40,139,"Oklahoma","Texas County",5,11,316,157,159
050,40,139,"Oklahoma","Texas County",5,12,309,147,162
050,40,139,"Oklahoma","Texas County",5,13,333,157,176
050,40,139,"Oklahoma","Texas County",5,14,340,149,191
050,40,139,"Oklahoma","Texas County",5,15,347,156,191
050,40,139,"Oklahoma","Texas County",5,16,332,165,167
050,40,139,"Oklahoma","Texas County",5,17,300,156,144
050,40,139,"Oklahoma","Texas County",5,18,320,167,153
050,40,139,"Oklahoma","Texas County",5,19,323,177,146
050,40,139,"Oklahoma","Texas County",5,20,310,189,121
050,40,139,"Oklahoma","Texas County",5,21,322,187,135
050,40,139,"Oklahoma","Texas County",5,22,297,162,135
050,40,139,"Oklahoma","Texas County",5,23,300,165,135
050,40,139,"Oklahoma","Texas County",5,24,287,161,126
050,40,139,"Oklahoma","Texas County",5,25,270,146,124
050,40,139,"Oklahoma","Texas County",5,26,225,133,92
050,40,139,"Oklahoma","Texas County",5,27,259,141,118
050,40,139,"Oklahoma","Texas County",5,28,260,149,111
050,40,139,"Oklahoma","Texas County",5,29,250,134,116
050,40,139,"Oklahoma","Texas County",5,30,255,148,107
050,40,139,"Oklahoma","Texas County",5,31,264,142,122
050,40,139,"Oklahoma","Texas County",5,32,267,146,121
050,40,139,"Oklahoma","Texas County",5,33,279,168,111
050,40,139,"Oklahoma","Texas County",5,34,290,167,123
050,40,139,"Oklahoma","Texas County",5,35,269,145,124
050,40,139,"Oklahoma","Texas County",5,36,264,142,122
050,40,139,"Oklahoma","Texas County",5,37,241,141,100
050,40,139,"Oklahoma","Texas County",5,38,261,151,110
050,40,139,"Oklahoma","Texas County",5,39,242,134,108
050,40,139,"Oklahoma","Texas County",5,40,259,137,122
050,40,139,"Oklahoma","Texas County",5,41,263,144,119
050,40,139,"Oklahoma","Texas County",5,42,235,116,119
050,40,139,"Oklahoma","Texas County",5,43,305,162,143
050,40,139,"Oklahoma","Texas County",5,44,280,157,123
050,40,139,"Oklahoma","Texas County",5,45,257,139,118
050,40,139,"Oklahoma","Texas County",5,46,252,125,127
050,40,139,"Oklahoma","Texas County",5,47,240,126,114
050,40,139,"Oklahoma","Texas County",5,48,243,130,113
050,40,139,"Oklahoma","Texas County",5,49,203,98,105
050,40,139,"Oklahoma","Texas County",5,50,209,102,107
050,40,139,"Oklahoma","Texas County",5,51,218,114,104
050,40,139,"Oklahoma","Texas County",5,52,250,134,116
050,40,139,"Oklahoma","Texas County",5,53,257,142,115
050,40,139,"Oklahoma","Texas County",5,54,235,132,103
050,40,139,"Oklahoma","Texas County",5,55,205,128,77
050,40,139,"Oklahoma","Texas County",5,56,218,124,94
050,40,139,"Oklahoma","Texas County",5,57,235,127,108
050,40,139,"Oklahoma","Texas County",5,58,243,138,105
050,40,139,"Oklahoma","Texas County",5,59,255,144,111
050,40,139,"Oklahoma","Texas County",5,60,221,129,92
050,40,139,"Oklahoma","Texas County",5,61,214,112,102
050,40,139,"Oklahoma","Texas County",5,62,200,106,94
050,40,139,"Oklahoma","Texas County",5,63,190,107,83
050,40,139,"Oklahoma","Texas County",5,64,187,97,90
050,40,139,"Oklahoma","Texas County",5,65,186,89,97
050,40,139,"Oklahoma","Texas County",5,66,194,104,90
050,40,139,"Oklahoma","Texas County",5,67,198,99,99
050,40,139,"Oklahoma","Texas County",5,68,191,103,88
050,40,139,"Oklahoma","Texas County",5,69,176,84,92
050,40,139,"Oklahoma","Texas County",5,70,158,72,86
050,40,139,"Oklahoma","Texas County",5,71,143,65,78
050,40,139,"Oklahoma","Texas County",5,72,140,66,74
050,40,139,"Oklahoma","Texas County",5,73,120,57,63
050,40,139,"Oklahoma","Texas County",5,74,115,59,56
050,40,139,"Oklahoma","Texas County",5,75,109,55,54
050,40,139,"Oklahoma","Texas County",5,76,118,57,61
050,40,139,"Oklahoma","Texas County",5,77,74,39,35
050,40,139,"Oklahoma","Texas County",5,78,75,36,39
050,40,139,"Oklahoma","Texas County",5,79,80,42,38
050,40,139,"Oklahoma","Texas County",5,80,74,38,36
050,40,139,"Oklahoma","Texas County",5,81,64,31,33
050,40,139,"Oklahoma","Texas County",5,82,48,23,25
050,40,139,"Oklahoma","Texas County",5,83,52,28,24
050,40,139,"Oklahoma","Texas County",5,84,54,24,30
050,40,139,"Oklahoma","Texas County",5,85,251,103,148
050,40,141,"Oklahoma","Tillman County",1,0,69,35,34
050,40,141,"Oklahoma","Tillman County",1,1,84,38,46
050,40,141,"Oklahoma","Tillman County",1,2,75,33,42
050,40,141,"Oklahoma","Tillman County",1,3,77,36,41
050,40,141,"Oklahoma","Tillman County",1,4,85,44,41
050,40,141,"Oklahoma","Tillman County",1,5,85,41,44
050,40,141,"Oklahoma","Tillman County",1,6,100,51,49
050,40,141,"Oklahoma","Tillman County",1,7,99,44,55
050,40,141,"Oklahoma","Tillman County",1,8,93,39,54
050,40,141,"Oklahoma","Tillman County",1,9,98,42,56
050,40,141,"Oklahoma","Tillman County",1,10,102,43,59
050,40,141,"Oklahoma","Tillman County",1,11,92,47,45
050,40,141,"Oklahoma","Tillman County",1,12,101,61,40
050,40,141,"Oklahoma","Tillman County",1,13,101,50,51
050,40,141,"Oklahoma","Tillman County",1,14,115,62,53
050,40,141,"Oklahoma","Tillman County",1,15,117,65,52
050,40,141,"Oklahoma","Tillman County",1,16,103,51,52
050,40,141,"Oklahoma","Tillman County",1,17,102,53,49
050,40,141,"Oklahoma","Tillman County",1,18,82,39,43
050,40,141,"Oklahoma","Tillman County",1,19,71,42,29
050,40,141,"Oklahoma","Tillman County",1,20,77,40,37
050,40,141,"Oklahoma","Tillman County",1,21,73,42,31
050,40,141,"Oklahoma","Tillman County",1,22,73,32,41
050,40,141,"Oklahoma","Tillman County",1,23,68,32,36
050,40,141,"Oklahoma","Tillman County",1,24,72,38,34
050,40,141,"Oklahoma","Tillman County",1,25,75,39,36
050,40,141,"Oklahoma","Tillman County",1,26,66,37,29
050,40,141,"Oklahoma","Tillman County",1,27,64,35,29
050,40,141,"Oklahoma","Tillman County",1,28,73,38,35
050,40,141,"Oklahoma","Tillman County",1,29,83,45,38
050,40,141,"Oklahoma","Tillman County",1,30,61,28,33
050,40,141,"Oklahoma","Tillman County",1,31,73,36,37
050,40,141,"Oklahoma","Tillman County",1,32,73,41,32
050,40,141,"Oklahoma","Tillman County",1,33,66,31,35
050,40,141,"Oklahoma","Tillman County",1,34,68,31,37
050,40,141,"Oklahoma","Tillman County",1,35,76,39,37
050,40,141,"Oklahoma","Tillman County",1,36,78,34,44
050,40,141,"Oklahoma","Tillman County",1,37,79,50,29
050,40,141,"Oklahoma","Tillman County",1,38,78,43,35
050,40,141,"Oklahoma","Tillman County",1,39,72,37,35
050,40,141,"Oklahoma","Tillman County",1,40,78,38,40
050,40,141,"Oklahoma","Tillman County",1,41,84,47,37
050,40,141,"Oklahoma","Tillman County",1,42,89,50,39
050,40,141,"Oklahoma","Tillman County",1,43,82,43,39
050,40,141,"Oklahoma","Tillman County",1,44,65,30,35
050,40,141,"Oklahoma","Tillman County",1,45,70,36,34
050,40,141,"Oklahoma","Tillman County",1,46,68,33,35
050,40,141,"Oklahoma","Tillman County",1,47,81,40,41
050,40,141,"Oklahoma","Tillman County",1,48,81,43,38
050,40,141,"Oklahoma","Tillman County",1,49,87,41,46
050,40,141,"Oklahoma","Tillman County",1,50,97,51,46
050,40,141,"Oklahoma","Tillman County",1,51,88,45,43
050,40,141,"Oklahoma","Tillman County",1,52,83,43,40
050,40,141,"Oklahoma","Tillman County",1,53,87,42,45
050,40,141,"Oklahoma","Tillman County",1,54,83,37,46
050,40,141,"Oklahoma","Tillman County",1,55,98,55,43
050,40,141,"Oklahoma","Tillman County",1,56,96,53,43
050,40,141,"Oklahoma","Tillman County",1,57,117,64,53
050,40,141,"Oklahoma","Tillman County",1,58,111,59,52
050,40,141,"Oklahoma","Tillman County",1,59,115,58,57
050,40,141,"Oklahoma","Tillman County",1,60,94,44,50
050,40,141,"Oklahoma","Tillman County",1,61,98,44,54
050,40,141,"Oklahoma","Tillman County",1,62,91,46,45
050,40,141,"Oklahoma","Tillman County",1,63,102,50,52
050,40,141,"Oklahoma","Tillman County",1,64,105,55,50
050,40,141,"Oklahoma","Tillman County",1,65,101,54,47
050,40,141,"Oklahoma","Tillman County",1,66,84,39,45
050,40,141,"Oklahoma","Tillman County",1,67,95,45,50
050,40,141,"Oklahoma","Tillman County",1,68,86,45,41
050,40,141,"Oklahoma","Tillman County",1,69,76,42,34
050,40,141,"Oklahoma","Tillman County",1,70,79,36,43
050,40,141,"Oklahoma","Tillman County",1,71,64,34,30
050,40,141,"Oklahoma","Tillman County",1,72,66,35,31
050,40,141,"Oklahoma","Tillman County",1,73,83,39,44
050,40,141,"Oklahoma","Tillman County",1,74,61,34,27
050,40,141,"Oklahoma","Tillman County",1,75,74,34,40
050,40,141,"Oklahoma","Tillman County",1,76,64,30,34
050,40,141,"Oklahoma","Tillman County",1,77,49,21,28
050,40,141,"Oklahoma","Tillman County",1,78,53,26,27
050,40,141,"Oklahoma","Tillman County",1,79,48,20,28
050,40,141,"Oklahoma","Tillman County",1,80,48,24,24
050,40,141,"Oklahoma","Tillman County",1,81,35,12,23
050,40,141,"Oklahoma","Tillman County",1,82,34,15,19
050,40,141,"Oklahoma","Tillman County",1,83,38,15,23
050,40,141,"Oklahoma","Tillman County",1,84,36,12,24
050,40,141,"Oklahoma","Tillman County",1,85,141,53,88
050,40,141,"Oklahoma","Tillman County",2,0,75,38,37
050,40,141,"Oklahoma","Tillman County",2,1,79,37,42
050,40,141,"Oklahoma","Tillman County",2,2,76,34,42
050,40,141,"Oklahoma","Tillman County",2,3,78,36,42
050,40,141,"Oklahoma","Tillman County",2,4,85,43,42
050,40,141,"Oklahoma","Tillman County",2,5,86,42,44
050,40,141,"Oklahoma","Tillman County",2,6,96,48,48
050,40,141,"Oklahoma","Tillman County",2,7,99,46,53
050,40,141,"Oklahoma","Tillman County",2,8,95,41,54
050,40,141,"Oklahoma","Tillman County",2,9,96,41,55
050,40,141,"Oklahoma","Tillman County",2,10,101,44,57
050,40,141,"Oklahoma","Tillman County",2,11,93,46,47
050,40,141,"Oklahoma","Tillman County",2,12,102,61,41
050,40,141,"Oklahoma","Tillman County",2,13,98,49,49
050,40,141,"Oklahoma","Tillman County",2,14,115,61,54
050,40,141,"Oklahoma","Tillman County",2,15,115,62,53
050,40,141,"Oklahoma","Tillman County",2,16,105,54,51
050,40,141,"Oklahoma","Tillman County",2,17,101,52,49
050,40,141,"Oklahoma","Tillman County",2,18,82,40,42
050,40,141,"Oklahoma","Tillman County",2,19,70,40,30
050,40,141,"Oklahoma","Tillman County",2,20,77,42,35
050,40,141,"Oklahoma","Tillman County",2,21,75,41,34
050,40,141,"Oklahoma","Tillman County",2,22,72,33,39
050,40,141,"Oklahoma","Tillman County",2,23,68,31,37
050,40,141,"Oklahoma","Tillman County",2,24,71,37,34
050,40,141,"Oklahoma","Tillman County",2,25,74,38,36
050,40,141,"Oklahoma","Tillman County",2,26,69,38,31
050,40,141,"Oklahoma","Tillman County",2,27,66,36,30
050,40,141,"Oklahoma","Tillman County",2,28,72,37,35
050,40,141,"Oklahoma","Tillman County",2,29,79,42,37
050,40,141,"Oklahoma","Tillman County",2,30,67,32,35
050,40,141,"Oklahoma","Tillman County",2,31,71,36,35
050,40,141,"Oklahoma","Tillman County",2,32,73,41,32
050,40,141,"Oklahoma","Tillman County",2,33,66,33,33
050,40,141,"Oklahoma","Tillman County",2,34,69,32,37
050,40,141,"Oklahoma","Tillman County",2,35,75,37,38
050,40,141,"Oklahoma","Tillman County",2,36,79,36,43
050,40,141,"Oklahoma","Tillman County",2,37,79,46,33
050,40,141,"Oklahoma","Tillman County",2,38,79,45,34
050,40,141,"Oklahoma","Tillman County",2,39,72,38,34
050,40,141,"Oklahoma","Tillman County",2,40,77,38,39
050,40,141,"Oklahoma","Tillman County",2,41,83,45,38
050,40,141,"Oklahoma","Tillman County",2,42,88,48,40
050,40,141,"Oklahoma","Tillman County",2,43,83,45,38
050,40,141,"Oklahoma","Tillman County",2,44,69,33,36
050,40,141,"Oklahoma","Tillman County",2,45,67,34,33
050,40,141,"Oklahoma","Tillman County",2,46,68,34,34
050,40,141,"Oklahoma","Tillman County",2,47,77,38,39
050,40,141,"Oklahoma","Tillman County",2,48,81,42,39
050,40,141,"Oklahoma","Tillman County",2,49,84,41,43
050,40,141,"Oklahoma","Tillman County",2,50,95,48,47
050,40,141,"Oklahoma","Tillman County",2,51,92,47,45
050,40,141,"Oklahoma","Tillman County",2,52,85,45,40
050,40,141,"Oklahoma","Tillman County",2,53,85,41,44
050,40,141,"Oklahoma","Tillman County",2,54,83,39,44
050,40,141,"Oklahoma","Tillman County",2,55,94,51,43
050,40,141,"Oklahoma","Tillman County",2,56,96,53,43
050,40,141,"Oklahoma","Tillman County",2,57,113,62,51
050,40,141,"Oklahoma","Tillman County",2,58,111,59,52
050,40,141,"Oklahoma","Tillman County",2,59,117,60,57
050,40,141,"Oklahoma","Tillman County",2,60,100,48,52
050,40,141,"Oklahoma","Tillman County",2,61,94,43,51
050,40,141,"Oklahoma","Tillman County",2,62,93,46,47
050,40,141,"Oklahoma","Tillman County",2,63,100,49,51
050,40,141,"Oklahoma","Tillman County",2,64,102,52,50
050,40,141,"Oklahoma","Tillman County",2,65,99,52,47
050,40,141,"Oklahoma","Tillman County",2,66,89,43,46
050,40,141,"Oklahoma","Tillman County",2,67,90,41,49
050,40,141,"Oklahoma","Tillman County",2,68,87,44,43
050,40,141,"Oklahoma","Tillman County",2,69,78,42,36
050,40,141,"Oklahoma","Tillman County",2,70,76,36,40
050,40,141,"Oklahoma","Tillman County",2,71,67,35,32
050,40,141,"Oklahoma","Tillman County",2,72,64,34,30
050,40,141,"Oklahoma","Tillman County",2,73,81,38,43
050,40,141,"Oklahoma","Tillman County",2,74,61,32,29
050,40,141,"Oklahoma","Tillman County",2,75,71,33,38
050,40,141,"Oklahoma","Tillman County",2,76,66,30,36
050,40,141,"Oklahoma","Tillman County",2,77,54,24,30
050,40,141,"Oklahoma","Tillman County",2,78,51,23,28
050,40,141,"Oklahoma","Tillman County",2,79,50,22,28
050,40,141,"Oklahoma","Tillman County",2,80,47,22,25
050,40,141,"Oklahoma","Tillman County",2,81,36,13,23
050,40,141,"Oklahoma","Tillman County",2,82,33,14,19
050,40,141,"Oklahoma","Tillman County",2,83,37,15,22
050,40,141,"Oklahoma","Tillman County",2,84,33,11,22
050,40,141,"Oklahoma","Tillman County",2,85,140,51,89
050,40,141,"Oklahoma","Tillman County",3,0,74,31,43
050,40,141,"Oklahoma","Tillman County",3,1,75,36,39
050,40,141,"Oklahoma","Tillman County",3,2,90,46,44
050,40,141,"Oklahoma","Tillman County",3,3,81,38,43
050,40,141,"Oklahoma","Tillman County",3,4,80,38,42
050,40,141,"Oklahoma","Tillman County",3,5,90,47,43
050,40,141,"Oklahoma","Tillman County",3,6,96,48,48
050,40,141,"Oklahoma","Tillman County",3,7,106,53,53
050,40,141,"Oklahoma","Tillman County",3,8,101,47,54
050,40,141,"Oklahoma","Tillman County",3,9,108,47,61
050,40,141,"Oklahoma","Tillman County",3,10,97,43,54
050,40,141,"Oklahoma","Tillman County",3,11,100,43,57
050,40,141,"Oklahoma","Tillman County",3,12,101,57,44
050,40,141,"Oklahoma","Tillman County",3,13,103,61,42
050,40,141,"Oklahoma","Tillman County",3,14,98,48,50
050,40,141,"Oklahoma","Tillman County",3,15,110,59,51
050,40,141,"Oklahoma","Tillman County",3,16,107,59,48
050,40,141,"Oklahoma","Tillman County",3,17,107,57,50
050,40,141,"Oklahoma","Tillman County",3,18,95,52,43
050,40,141,"Oklahoma","Tillman County",3,19,66,33,33
050,40,141,"Oklahoma","Tillman County",3,20,73,41,32
050,40,141,"Oklahoma","Tillman County",3,21,91,47,44
050,40,141,"Oklahoma","Tillman County",3,22,75,43,32
050,40,141,"Oklahoma","Tillman County",3,23,78,37,41
050,40,141,"Oklahoma","Tillman County",3,24,84,44,40
050,40,141,"Oklahoma","Tillman County",3,25,70,34,36
050,40,141,"Oklahoma","Tillman County",3,26,64,32,32
050,40,141,"Oklahoma","Tillman County",3,27,70,39,31
050,40,141,"Oklahoma","Tillman County",3,28,69,34,35
050,40,141,"Oklahoma","Tillman County",3,29,76,39,37
050,40,141,"Oklahoma","Tillman County",3,30,91,44,47
050,40,141,"Oklahoma","Tillman County",3,31,74,37,37
050,40,141,"Oklahoma","Tillman County",3,32,81,39,42
050,40,141,"Oklahoma","Tillman County",3,33,78,46,32
050,40,141,"Oklahoma","Tillman County",3,34,67,31,36
050,40,141,"Oklahoma","Tillman County",3,35,64,29,35
050,40,141,"Oklahoma","Tillman County",3,36,77,38,39
050,40,141,"Oklahoma","Tillman County",3,37,76,39,37
050,40,141,"Oklahoma","Tillman County",3,38,85,51,34
050,40,141,"Oklahoma","Tillman County",3,39,83,50,33
050,40,141,"Oklahoma","Tillman County",3,40,73,38,35
050,40,141,"Oklahoma","Tillman County",3,41,82,40,42
050,40,141,"Oklahoma","Tillman County",3,42,89,48,41
050,40,141,"Oklahoma","Tillman County",3,43,86,45,41
050,40,141,"Oklahoma","Tillman County",3,44,86,46,40
050,40,141,"Oklahoma","Tillman County",3,45,73,38,35
050,40,141,"Oklahoma","Tillman County",3,46,65,34,31
050,40,141,"Oklahoma","Tillman County",3,47,60,34,26
050,40,141,"Oklahoma","Tillman County",3,48,86,40,46
050,40,141,"Oklahoma","Tillman County",3,49,77,38,39
050,40,141,"Oklahoma","Tillman County",3,50,83,41,42
050,40,141,"Oklahoma","Tillman County",3,51,92,46,46
050,40,141,"Oklahoma","Tillman County",3,52,95,47,48
050,40,141,"Oklahoma","Tillman County",3,53,81,46,35
050,40,141,"Oklahoma","Tillman County",3,54,86,41,45
050,40,141,"Oklahoma","Tillman County",3,55,86,42,44
050,40,141,"Oklahoma","Tillman County",3,56,94,48,46
050,40,141,"Oklahoma","Tillman County",3,57,101,56,45
050,40,141,"Oklahoma","Tillman County",3,58,107,60,47
050,40,141,"Oklahoma","Tillman County",3,59,118,61,57
050,40,141,"Oklahoma","Tillman County",3,60,111,60,51
050,40,141,"Oklahoma","Tillman County",3,61,99,47,52
050,40,141,"Oklahoma","Tillman County",3,62,87,40,47
050,40,141,"Oklahoma","Tillman County",3,63,89,43,46
050,40,141,"Oklahoma","Tillman County",3,64,96,44,52
050,40,141,"Oklahoma","Tillman County",3,65,97,47,50
050,40,141,"Oklahoma","Tillman County",3,66,96,51,45
050,40,141,"Oklahoma","Tillman County",3,67,89,44,45
050,40,141,"Oklahoma","Tillman County",3,68,89,40,49
050,40,141,"Oklahoma","Tillman County",3,69,86,42,44
050,40,141,"Oklahoma","Tillman County",3,70,78,42,36
050,40,141,"Oklahoma","Tillman County",3,71,76,35,41
050,40,141,"Oklahoma","Tillman County",3,72,65,37,28
050,40,141,"Oklahoma","Tillman County",3,73,63,33,30
050,40,141,"Oklahoma","Tillman County",3,74,77,35,42
050,40,141,"Oklahoma","Tillman County",3,75,56,31,25
050,40,141,"Oklahoma","Tillman County",3,76,72,33,39
050,40,141,"Oklahoma","Tillman County",3,77,62,30,32
050,40,141,"Oklahoma","Tillman County",3,78,49,21,28
050,40,141,"Oklahoma","Tillman County",3,79,47,22,25
050,40,141,"Oklahoma","Tillman County",3,80,42,22,20
050,40,141,"Oklahoma","Tillman County",3,81,44,21,23
050,40,141,"Oklahoma","Tillman County",3,82,34,12,22
050,40,141,"Oklahoma","Tillman County",3,83,27,11,16
050,40,141,"Oklahoma","Tillman County",3,84,28,13,15
050,40,141,"Oklahoma","Tillman County",3,85,150,50,100
050,40,141,"Oklahoma","Tillman County",4,0,64,31,33
050,40,141,"Oklahoma","Tillman County",4,1,76,28,48
050,40,141,"Oklahoma","Tillman County",4,2,76,36,40
050,40,141,"Oklahoma","Tillman County",4,3,91,49,42
050,40,141,"Oklahoma","Tillman County",4,4,75,37,38
050,40,141,"Oklahoma","Tillman County",4,5,87,41,46
050,40,141,"Oklahoma","Tillman County",4,6,93,48,45
050,40,141,"Oklahoma","Tillman County",4,7,93,43,50
050,40,141,"Oklahoma","Tillman County",4,8,105,56,49
050,40,141,"Oklahoma","Tillman County",4,9,101,50,51
050,40,141,"Oklahoma","Tillman County",4,10,113,48,65
050,40,141,"Oklahoma","Tillman County",4,11,97,38,59
050,40,141,"Oklahoma","Tillman County",4,12,106,50,56
050,40,141,"Oklahoma","Tillman County",4,13,92,51,41
050,40,141,"Oklahoma","Tillman County",4,14,106,61,45
050,40,141,"Oklahoma","Tillman County",4,15,97,45,52
050,40,141,"Oklahoma","Tillman County",4,16,109,56,53
050,40,141,"Oklahoma","Tillman County",4,17,106,61,45
050,40,141,"Oklahoma","Tillman County",4,18,91,50,41
050,40,141,"Oklahoma","Tillman County",4,19,65,34,31
050,40,141,"Oklahoma","Tillman County",4,20,58,29,29
050,40,141,"Oklahoma","Tillman County",4,21,70,38,32
050,40,141,"Oklahoma","Tillman County",4,22,93,47,46
050,40,141,"Oklahoma","Tillman County",4,23,73,41,32
050,40,141,"Oklahoma","Tillman County",4,24,85,43,42
050,40,141,"Oklahoma","Tillman County",4,25,80,41,39
050,40,141,"Oklahoma","Tillman County",4,26,63,33,30
050,40,141,"Oklahoma","Tillman County",4,27,65,33,32
050,40,141,"Oklahoma","Tillman County",4,28,64,33,31
050,40,141,"Oklahoma","Tillman County",4,29,73,38,35
050,40,141,"Oklahoma","Tillman County",4,30,74,38,36
050,40,141,"Oklahoma","Tillman County",4,31,90,42,48
050,40,141,"Oklahoma","Tillman County",4,32,77,39,38
050,40,141,"Oklahoma","Tillman County",4,33,85,44,41
050,40,141,"Oklahoma","Tillman County",4,34,77,44,33
050,40,141,"Oklahoma","Tillman County",4,35,71,35,36
050,40,141,"Oklahoma","Tillman County",4,36,67,27,40
050,40,141,"Oklahoma","Tillman County",4,37,86,40,46
050,40,141,"Oklahoma","Tillman County",4,38,81,41,40
050,40,141,"Oklahoma","Tillman County",4,39,92,53,39
050,40,141,"Oklahoma","Tillman County",4,40,84,49,35
050,40,141,"Oklahoma","Tillman County",4,41,77,37,40
050,40,141,"Oklahoma","Tillman County",4,42,78,36,42
050,40,141,"Oklahoma","Tillman County",4,43,81,47,34
050,40,141,"Oklahoma","Tillman County",4,44,87,47,40
050,40,141,"Oklahoma","Tillman County",4,45,88,45,43
050,40,141,"Oklahoma","Tillman County",4,46,72,38,34
050,40,141,"Oklahoma","Tillman County",4,47,60,33,27
050,40,141,"Oklahoma","Tillman County",4,48,60,33,27
050,40,141,"Oklahoma","Tillman County",4,49,84,42,42
050,40,141,"Oklahoma","Tillman County",4,50,75,37,38
050,40,141,"Oklahoma","Tillman County",4,51,80,39,41
050,40,141,"Oklahoma","Tillman County",4,52,92,45,47
050,40,141,"Oklahoma","Tillman County",4,53,96,46,50
050,40,141,"Oklahoma","Tillman County",4,54,81,47,34
050,40,141,"Oklahoma","Tillman County",4,55,89,43,46
050,40,141,"Oklahoma","Tillman County",4,56,86,40,46
050,40,141,"Oklahoma","Tillman County",4,57,98,51,47
050,40,141,"Oklahoma","Tillman County",4,58,101,58,43
050,40,141,"Oklahoma","Tillman County",4,59,102,56,46
050,40,141,"Oklahoma","Tillman County",4,60,114,54,60
050,40,141,"Oklahoma","Tillman County",4,61,104,55,49
050,40,141,"Oklahoma","Tillman County",4,62,96,44,52
050,40,141,"Oklahoma","Tillman County",4,63,85,40,45
050,40,141,"Oklahoma","Tillman County",4,64,93,46,47
050,40,141,"Oklahoma","Tillman County",4,65,93,44,49
050,40,141,"Oklahoma","Tillman County",4,66,90,42,48
050,40,141,"Oklahoma","Tillman County",4,67,89,51,38
050,40,141,"Oklahoma","Tillman County",4,68,90,44,46
050,40,141,"Oklahoma","Tillman County",4,69,86,39,47
050,40,141,"Oklahoma","Tillman County",4,70,85,43,42
050,40,141,"Oklahoma","Tillman County",4,71,80,43,37
050,40,141,"Oklahoma","Tillman County",4,72,76,35,41
050,40,141,"Oklahoma","Tillman County",4,73,62,33,29
050,40,141,"Oklahoma","Tillman County",4,74,61,32,29
050,40,141,"Oklahoma","Tillman County",4,75,72,32,40
050,40,141,"Oklahoma","Tillman County",4,76,53,27,26
050,40,141,"Oklahoma","Tillman County",4,77,63,32,31
050,40,141,"Oklahoma","Tillman County",4,78,63,30,33
050,40,141,"Oklahoma","Tillman County",4,79,50,21,29
050,40,141,"Oklahoma","Tillman County",4,80,42,21,21
050,40,141,"Oklahoma","Tillman County",4,81,42,22,20
050,40,141,"Oklahoma","Tillman County",4,82,41,19,22
050,40,141,"Oklahoma","Tillman County",4,83,31,11,20
050,40,141,"Oklahoma","Tillman County",4,84,24,12,12
050,40,141,"Oklahoma","Tillman County",4,85,148,49,99
050,40,141,"Oklahoma","Tillman County",5,0,62,30,32
050,40,141,"Oklahoma","Tillman County",5,1,69,39,30
050,40,141,"Oklahoma","Tillman County",5,2,70,25,45
050,40,141,"Oklahoma","Tillman County",5,3,70,35,35
050,40,141,"Oklahoma","Tillman County",5,4,79,45,34
050,40,141,"Oklahoma","Tillman County",5,5,72,37,35
050,40,141,"Oklahoma","Tillman County",5,6,76,33,43
050,40,141,"Oklahoma","Tillman County",5,7,96,51,45
050,40,141,"Oklahoma","Tillman County",5,8,83,34,49
050,40,141,"Oklahoma","Tillman County",5,9,105,55,50
050,40,141,"Oklahoma","Tillman County",5,10,103,48,55
050,40,141,"Oklahoma","Tillman County",5,11,101,42,59
050,40,141,"Oklahoma","Tillman County",5,12,118,57,61
050,40,141,"Oklahoma","Tillman County",5,13,106,49,57
050,40,141,"Oklahoma","Tillman County",5,14,92,49,43
050,40,141,"Oklahoma","Tillman County",5,15,99,55,44
050,40,141,"Oklahoma","Tillman County",5,16,103,53,50
050,40,141,"Oklahoma","Tillman County",5,17,106,52,54
050,40,141,"Oklahoma","Tillman County",5,18,94,58,36
050,40,141,"Oklahoma","Tillman County",5,19,79,43,36
050,40,141,"Oklahoma","Tillman County",5,20,63,32,31
050,40,141,"Oklahoma","Tillman County",5,21,60,29,31
050,40,141,"Oklahoma","Tillman County",5,22,78,38,40
050,40,141,"Oklahoma","Tillman County",5,23,92,49,43
050,40,141,"Oklahoma","Tillman County",5,24,64,39,25
050,40,141,"Oklahoma","Tillman County",5,25,75,41,34
050,40,141,"Oklahoma","Tillman County",5,26,78,42,36
050,40,141,"Oklahoma","Tillman County",5,27,66,34,32
050,40,141,"Oklahoma","Tillman County",5,28,58,31,27
050,40,141,"Oklahoma","Tillman County",5,29,70,38,32
050,40,141,"Oklahoma","Tillman County",5,30,73,39,34
050,40,141,"Oklahoma","Tillman County",5,31,75,38,37
050,40,141,"Oklahoma","Tillman County",5,32,89,43,46
050,40,141,"Oklahoma","Tillman County",5,33,83,42,41
050,40,141,"Oklahoma","Tillman County",5,34,80,41,39
050,40,141,"Oklahoma","Tillman County",5,35,69,41,28
050,40,141,"Oklahoma","Tillman County",5,36,65,33,32
050,40,141,"Oklahoma","Tillman County",5,37,68,26,42
050,40,141,"Oklahoma","Tillman County",5,38,92,46,46
050,40,141,"Oklahoma","Tillman County",5,39,82,41,41
050,40,141,"Oklahoma","Tillman County",5,40,93,52,41
050,40,141,"Oklahoma","Tillman County",5,41,81,48,33
050,40,141,"Oklahoma","Tillman County",5,42,80,38,42
050,40,141,"Oklahoma","Tillman County",5,43,76,35,41
050,40,141,"Oklahoma","Tillman County",5,44,70,40,30
050,40,141,"Oklahoma","Tillman County",5,45,83,44,39
050,40,141,"Oklahoma","Tillman County",5,46,86,43,43
050,40,141,"Oklahoma","Tillman County",5,47,71,39,32
050,40,141,"Oklahoma","Tillman County",5,48,63,33,30
050,40,141,"Oklahoma","Tillman County",5,49,62,30,32
050,40,141,"Oklahoma","Tillman County",5,50,87,46,41
050,40,141,"Oklahoma","Tillman County",5,51,79,40,39
050,40,141,"Oklahoma","Tillman County",5,52,84,40,44
050,40,141,"Oklahoma","Tillman County",5,53,92,44,48
050,40,141,"Oklahoma","Tillman County",5,54,92,46,46
050,40,141,"Oklahoma","Tillman County",5,55,84,44,40
050,40,141,"Oklahoma","Tillman County",5,56,88,43,45
050,40,141,"Oklahoma","Tillman County",5,57,88,39,49
050,40,141,"Oklahoma","Tillman County",5,58,100,52,48
050,40,141,"Oklahoma","Tillman County",5,59,100,59,41
050,40,141,"Oklahoma","Tillman County",5,60,96,52,44
050,40,141,"Oklahoma","Tillman County",5,61,110,54,56
050,40,141,"Oklahoma","Tillman County",5,62,105,58,47
050,40,141,"Oklahoma","Tillman County",5,63,94,43,51
050,40,141,"Oklahoma","Tillman County",5,64,86,38,48
050,40,141,"Oklahoma","Tillman County",5,65,88,43,45
050,40,141,"Oklahoma","Tillman County",5,66,91,42,49
050,40,141,"Oklahoma","Tillman County",5,67,87,44,43
050,40,141,"Oklahoma","Tillman County",5,68,86,49,37
050,40,141,"Oklahoma","Tillman County",5,69,90,43,47
050,40,141,"Oklahoma","Tillman County",5,70,84,37,47
050,40,141,"Oklahoma","Tillman County",5,71,83,43,40
050,40,141,"Oklahoma","Tillman County",5,72,78,40,38
050,40,141,"Oklahoma","Tillman County",5,73,74,31,43
050,40,141,"Oklahoma","Tillman County",5,74,58,31,27
050,40,141,"Oklahoma","Tillman County",5,75,58,31,27
050,40,141,"Oklahoma","Tillman County",5,76,68,28,40
050,40,141,"Oklahoma","Tillman County",5,77,46,26,20
050,40,141,"Oklahoma","Tillman County",5,78,61,30,31
050,40,141,"Oklahoma","Tillman County",5,79,63,30,33
050,40,141,"Oklahoma","Tillman County",5,80,45,20,25
050,40,141,"Oklahoma","Tillman County",5,81,41,21,20
050,40,141,"Oklahoma","Tillman County",5,82,37,18,19
050,40,141,"Oklahoma","Tillman County",5,83,36,16,20
050,40,141,"Oklahoma","Tillman County",5,84,28,12,16
050,40,141,"Oklahoma","Tillman County",5,85,154,51,103
050,40,143,"Oklahoma","Tulsa County",1,0,8931,4569,4362
050,40,143,"Oklahoma","Tulsa County",1,1,9057,4634,4423
050,40,143,"Oklahoma","Tulsa County",1,2,9310,4818,4492
050,40,143,"Oklahoma","Tulsa County",1,3,9582,4971,4611
050,40,143,"Oklahoma","Tulsa County",1,4,9635,4960,4675
050,40,143,"Oklahoma","Tulsa County",1,5,9542,4894,4648
050,40,143,"Oklahoma","Tulsa County",1,6,9363,4828,4535
050,40,143,"Oklahoma","Tulsa County",1,7,9418,4788,4630
050,40,143,"Oklahoma","Tulsa County",1,8,9456,4892,4564
050,40,143,"Oklahoma","Tulsa County",1,9,9308,4761,4547
050,40,143,"Oklahoma","Tulsa County",1,10,9655,4857,4798
050,40,143,"Oklahoma","Tulsa County",1,11,9822,5023,4799
050,40,143,"Oklahoma","Tulsa County",1,12,9972,5088,4884
050,40,143,"Oklahoma","Tulsa County",1,13,9931,5122,4809
050,40,143,"Oklahoma","Tulsa County",1,14,9534,4862,4672
050,40,143,"Oklahoma","Tulsa County",1,15,9419,4836,4583
050,40,143,"Oklahoma","Tulsa County",1,16,9426,4800,4626
050,40,143,"Oklahoma","Tulsa County",1,17,9226,4678,4548
050,40,143,"Oklahoma","Tulsa County",1,18,8822,4517,4305
050,40,143,"Oklahoma","Tulsa County",1,19,8415,4308,4107
050,40,143,"Oklahoma","Tulsa County",1,20,8369,4213,4156
050,40,143,"Oklahoma","Tulsa County",1,21,8538,4255,4283
050,40,143,"Oklahoma","Tulsa County",1,22,8619,4260,4359
050,40,143,"Oklahoma","Tulsa County",1,23,8777,4343,4434
050,40,143,"Oklahoma","Tulsa County",1,24,8829,4445,4384
050,40,143,"Oklahoma","Tulsa County",1,25,9170,4578,4592
050,40,143,"Oklahoma","Tulsa County",1,26,9315,4629,4686
050,40,143,"Oklahoma","Tulsa County",1,27,9725,4887,4838
050,40,143,"Oklahoma","Tulsa County",1,28,9970,4906,5064
050,40,143,"Oklahoma","Tulsa County",1,29,10227,5077,5150
050,40,143,"Oklahoma","Tulsa County",1,30,9942,4826,5116
050,40,143,"Oklahoma","Tulsa County",1,31,9562,4752,4810
050,40,143,"Oklahoma","Tulsa County",1,32,9380,4598,4782
050,40,143,"Oklahoma","Tulsa County",1,33,9212,4538,4674
050,40,143,"Oklahoma","Tulsa County",1,34,9551,4756,4795
050,40,143,"Oklahoma","Tulsa County",1,35,9436,4658,4778
050,40,143,"Oklahoma","Tulsa County",1,36,9397,4717,4680
050,40,143,"Oklahoma","Tulsa County",1,37,9607,4820,4787
050,40,143,"Oklahoma","Tulsa County",1,38,9238,4678,4560
050,40,143,"Oklahoma","Tulsa County",1,39,8972,4502,4470
050,40,143,"Oklahoma","Tulsa County",1,40,9017,4510,4507
050,40,143,"Oklahoma","Tulsa County",1,41,8408,4239,4169
050,40,143,"Oklahoma","Tulsa County",1,42,8256,4104,4152
050,40,143,"Oklahoma","Tulsa County",1,43,8140,4021,4119
050,40,143,"Oklahoma","Tulsa County",1,44,8091,3974,4117
050,40,143,"Oklahoma","Tulsa County",1,45,8017,3942,4075
050,40,143,"Oklahoma","Tulsa County",1,46,7512,3687,3825
050,40,143,"Oklahoma","Tulsa County",1,47,7666,3768,3898
050,40,143,"Oklahoma","Tulsa County",1,48,8043,4042,4001
050,40,143,"Oklahoma","Tulsa County",1,49,8470,4300,4170
050,40,143,"Oklahoma","Tulsa County",1,50,8292,4169,4123
050,40,143,"Oklahoma","Tulsa County",1,51,7753,3854,3899
050,40,143,"Oklahoma","Tulsa County",1,52,7285,3634,3651
050,40,143,"Oklahoma","Tulsa County",1,53,7345,3641,3704
050,40,143,"Oklahoma","Tulsa County",1,54,7434,3684,3750
050,40,143,"Oklahoma","Tulsa County",1,55,7808,3840,3968
050,40,143,"Oklahoma","Tulsa County",1,56,7926,3903,4023
050,40,143,"Oklahoma","Tulsa County",1,57,8167,4066,4101
050,40,143,"Oklahoma","Tulsa County",1,58,8151,3989,4162
050,40,143,"Oklahoma","Tulsa County",1,59,8049,3944,4105
050,40,143,"Oklahoma","Tulsa County",1,60,7928,3814,4114
050,40,143,"Oklahoma","Tulsa County",1,61,7978,3763,4215
050,40,143,"Oklahoma","Tulsa County",1,62,7923,3763,4160
050,40,143,"Oklahoma","Tulsa County",1,63,7699,3686,4013
050,40,143,"Oklahoma","Tulsa County",1,64,7394,3538,3856
050,40,143,"Oklahoma","Tulsa County",1,65,7213,3388,3825
050,40,143,"Oklahoma","Tulsa County",1,66,7019,3299,3720
050,40,143,"Oklahoma","Tulsa County",1,67,6581,3034,3547
050,40,143,"Oklahoma","Tulsa County",1,68,6404,2990,3414
050,40,143,"Oklahoma","Tulsa County",1,69,5804,2718,3086
050,40,143,"Oklahoma","Tulsa County",1,70,5550,2565,2985
050,40,143,"Oklahoma","Tulsa County",1,71,5383,2426,2957
050,40,143,"Oklahoma","Tulsa County",1,72,5433,2390,3043
050,40,143,"Oklahoma","Tulsa County",1,73,5391,2443,2948
050,40,143,"Oklahoma","Tulsa County",1,74,3812,1698,2114
050,40,143,"Oklahoma","Tulsa County",1,75,3821,1672,2149
050,40,143,"Oklahoma","Tulsa County",1,76,3730,1606,2124
050,40,143,"Oklahoma","Tulsa County",1,77,3476,1503,1973
050,40,143,"Oklahoma","Tulsa County",1,78,3000,1303,1697
050,40,143,"Oklahoma","Tulsa County",1,79,2700,1137,1563
050,40,143,"Oklahoma","Tulsa County",1,80,2513,1038,1475
050,40,143,"Oklahoma","Tulsa County",1,81,2344,960,1384
050,40,143,"Oklahoma","Tulsa County",1,82,2112,849,1263
050,40,143,"Oklahoma","Tulsa County",1,83,1841,743,1098
050,40,143,"Oklahoma","Tulsa County",1,84,1827,727,1100
050,40,143,"Oklahoma","Tulsa County",1,85,10911,3682,7229
050,40,143,"Oklahoma","Tulsa County",2,0,8781,4511,4270
050,40,143,"Oklahoma","Tulsa County",2,1,9035,4611,4424
050,40,143,"Oklahoma","Tulsa County",2,2,9260,4776,4484
050,40,143,"Oklahoma","Tulsa County",2,3,9507,4928,4579
050,40,143,"Oklahoma","Tulsa County",2,4,9643,4965,4678
050,40,143,"Oklahoma","Tulsa County",2,5,9568,4910,4658
050,40,143,"Oklahoma","Tulsa County",2,6,9424,4856,4568
050,40,143,"Oklahoma","Tulsa County",2,7,9412,4807,4605
050,40,143,"Oklahoma","Tulsa County",2,8,9431,4858,4573
050,40,143,"Oklahoma","Tulsa County",2,9,9342,4793,4549
050,40,143,"Oklahoma","Tulsa County",2,10,9570,4839,4731
050,40,143,"Oklahoma","Tulsa County",2,11,9740,4963,4777
050,40,143,"Oklahoma","Tulsa County",2,12,10004,5112,4892
050,40,143,"Oklahoma","Tulsa County",2,13,9945,5115,4830
050,40,143,"Oklahoma","Tulsa County",2,14,9637,4932,4705
050,40,143,"Oklahoma","Tulsa County",2,15,9472,4849,4623
050,40,143,"Oklahoma","Tulsa County",2,16,9466,4826,4640
050,40,143,"Oklahoma","Tulsa County",2,17,9305,4718,4587
050,40,143,"Oklahoma","Tulsa County",2,18,8793,4488,4305
050,40,143,"Oklahoma","Tulsa County",2,19,8469,4322,4147
050,40,143,"Oklahoma","Tulsa County",2,20,8477,4275,4202
050,40,143,"Oklahoma","Tulsa County",2,21,8554,4267,4287
050,40,143,"Oklahoma","Tulsa County",2,22,8697,4299,4398
050,40,143,"Oklahoma","Tulsa County",2,23,8819,4375,4444
050,40,143,"Oklahoma","Tulsa County",2,24,8870,4456,4414
050,40,143,"Oklahoma","Tulsa County",2,25,9136,4571,4565
050,40,143,"Oklahoma","Tulsa County",2,26,9330,4657,4673
050,40,143,"Oklahoma","Tulsa County",2,27,9636,4833,4803
050,40,143,"Oklahoma","Tulsa County",2,28,9961,4928,5033
050,40,143,"Oklahoma","Tulsa County",2,29,10181,5045,5136
050,40,143,"Oklahoma","Tulsa County",2,30,10082,4925,5157
050,40,143,"Oklahoma","Tulsa County",2,31,9634,4766,4868
050,40,143,"Oklahoma","Tulsa County",2,32,9416,4641,4775
050,40,143,"Oklahoma","Tulsa County",2,33,9259,4553,4706
050,40,143,"Oklahoma","Tulsa County",2,34,9460,4695,4765
050,40,143,"Oklahoma","Tulsa County",2,35,9517,4709,4808
050,40,143,"Oklahoma","Tulsa County",2,36,9353,4677,4676
050,40,143,"Oklahoma","Tulsa County",2,37,9585,4810,4775
050,40,143,"Oklahoma","Tulsa County",2,38,9346,4714,4632
050,40,143,"Oklahoma","Tulsa County",2,39,9020,4532,4488
050,40,143,"Oklahoma","Tulsa County",2,40,9075,4543,4532
050,40,143,"Oklahoma","Tulsa County",2,41,8547,4298,4249
050,40,143,"Oklahoma","Tulsa County",2,42,8259,4124,4135
050,40,143,"Oklahoma","Tulsa County",2,43,8228,4077,4151
050,40,143,"Oklahoma","Tulsa County",2,44,8049,3968,4081
050,40,143,"Oklahoma","Tulsa County",2,45,8075,3966,4109
050,40,143,"Oklahoma","Tulsa County",2,46,7612,3728,3884
050,40,143,"Oklahoma","Tulsa County",2,47,7609,3732,3877
050,40,143,"Oklahoma","Tulsa County",2,48,7938,3968,3970
050,40,143,"Oklahoma","Tulsa County",2,49,8390,4256,4134
050,40,143,"Oklahoma","Tulsa County",2,50,8341,4197,4144
050,40,143,"Oklahoma","Tulsa County",2,51,7835,3904,3931
050,40,143,"Oklahoma","Tulsa County",2,52,7382,3674,3708
050,40,143,"Oklahoma","Tulsa County",2,53,7330,3641,3689
050,40,143,"Oklahoma","Tulsa County",2,54,7391,3664,3727
050,40,143,"Oklahoma","Tulsa County",2,55,7707,3799,3908
050,40,143,"Oklahoma","Tulsa County",2,56,7915,3887,4028
050,40,143,"Oklahoma","Tulsa County",2,57,8101,4022,4079
050,40,143,"Oklahoma","Tulsa County",2,58,8140,3996,4144
050,40,143,"Oklahoma","Tulsa County",2,59,8070,3946,4124
050,40,143,"Oklahoma","Tulsa County",2,60,7944,3844,4100
050,40,143,"Oklahoma","Tulsa County",2,61,7945,3756,4189
050,40,143,"Oklahoma","Tulsa County",2,62,7915,3749,4166
050,40,143,"Oklahoma","Tulsa County",2,63,7788,3723,4065
050,40,143,"Oklahoma","Tulsa County",2,64,7415,3535,3880
050,40,143,"Oklahoma","Tulsa County",2,65,7213,3398,3815
050,40,143,"Oklahoma","Tulsa County",2,66,7062,3310,3752
050,40,143,"Oklahoma","Tulsa County",2,67,6637,3070,3567
050,40,143,"Oklahoma","Tulsa County",2,68,6372,2967,3405
050,40,143,"Oklahoma","Tulsa County",2,69,5960,2782,3178
050,40,143,"Oklahoma","Tulsa County",2,70,5576,2585,2991
050,40,143,"Oklahoma","Tulsa County",2,71,5394,2441,2953
050,40,143,"Oklahoma","Tulsa County",2,72,5323,2357,2966
050,40,143,"Oklahoma","Tulsa County",2,73,5619,2539,3080
050,40,143,"Oklahoma","Tulsa County",2,74,3946,1761,2185
050,40,143,"Oklahoma","Tulsa County",2,75,3808,1668,2140
050,40,143,"Oklahoma","Tulsa County",2,76,3714,1604,2110
050,40,143,"Oklahoma","Tulsa County",2,77,3583,1545,2038
050,40,143,"Oklahoma","Tulsa County",2,78,3028,1313,1715
050,40,143,"Oklahoma","Tulsa County",2,79,2737,1159,1578
050,40,143,"Oklahoma","Tulsa County",2,80,2517,1049,1468
050,40,143,"Oklahoma","Tulsa County",2,81,2356,959,1397
050,40,143,"Oklahoma","Tulsa County",2,82,2142,857,1285
050,40,143,"Oklahoma","Tulsa County",2,83,1857,743,1114
050,40,143,"Oklahoma","Tulsa County",2,84,1818,718,1100
050,40,143,"Oklahoma","Tulsa County",2,85,10902,3685,7217
050,40,143,"Oklahoma","Tulsa County",3,0,8654,4404,4250
050,40,143,"Oklahoma","Tulsa County",3,1,8768,4499,4269
050,40,143,"Oklahoma","Tulsa County",3,2,9011,4624,4387
050,40,143,"Oklahoma","Tulsa County",3,3,9247,4770,4477
050,40,143,"Oklahoma","Tulsa County",3,4,9525,4942,4583
050,40,143,"Oklahoma","Tulsa County",3,5,9573,4942,4631
050,40,143,"Oklahoma","Tulsa County",3,6,9492,4886,4606
050,40,143,"Oklahoma","Tulsa County",3,7,9426,4823,4603
050,40,143,"Oklahoma","Tulsa County",3,8,9466,4837,4629
050,40,143,"Oklahoma","Tulsa County",3,9,9488,4878,4610
050,40,143,"Oklahoma","Tulsa County",3,10,9373,4793,4580
050,40,143,"Oklahoma","Tulsa County",3,11,9612,4862,4750
050,40,143,"Oklahoma","Tulsa County",3,12,9796,4968,4828
050,40,143,"Oklahoma","Tulsa County",3,13,10049,5122,4927
050,40,143,"Oklahoma","Tulsa County",3,14,9952,5113,4839
050,40,143,"Oklahoma","Tulsa County",3,15,9686,4957,4729
050,40,143,"Oklahoma","Tulsa County",3,16,9499,4855,4644
050,40,143,"Oklahoma","Tulsa County",3,17,9588,4901,4687
050,40,143,"Oklahoma","Tulsa County",3,18,8839,4530,4309
050,40,143,"Oklahoma","Tulsa County",3,19,8513,4304,4209
050,40,143,"Oklahoma","Tulsa County",3,20,8601,4330,4271
050,40,143,"Oklahoma","Tulsa County",3,21,8619,4326,4293
050,40,143,"Oklahoma","Tulsa County",3,22,8804,4349,4455
050,40,143,"Oklahoma","Tulsa County",3,23,9082,4520,4562
050,40,143,"Oklahoma","Tulsa County",3,24,9049,4514,4535
050,40,143,"Oklahoma","Tulsa County",3,25,9098,4570,4528
050,40,143,"Oklahoma","Tulsa County",3,26,9185,4573,4612
050,40,143,"Oklahoma","Tulsa County",3,27,9394,4662,4732
050,40,143,"Oklahoma","Tulsa County",3,28,9732,4847,4885
050,40,143,"Oklahoma","Tulsa County",3,29,9971,4966,5005
050,40,143,"Oklahoma","Tulsa County",3,30,10268,5080,5188
050,40,143,"Oklahoma","Tulsa County",3,31,9994,4931,5063
050,40,143,"Oklahoma","Tulsa County",3,32,9708,4845,4863
050,40,143,"Oklahoma","Tulsa County",3,33,9460,4675,4785
050,40,143,"Oklahoma","Tulsa County",3,34,9246,4558,4688
050,40,143,"Oklahoma","Tulsa County",3,35,9486,4677,4809
050,40,143,"Oklahoma","Tulsa County",3,36,9437,4645,4792
050,40,143,"Oklahoma","Tulsa County",3,37,9425,4715,4710
050,40,143,"Oklahoma","Tulsa County",3,38,9561,4807,4754
050,40,143,"Oklahoma","Tulsa County",3,39,9317,4706,4611
050,40,143,"Oklahoma","Tulsa County",3,40,9022,4521,4501
050,40,143,"Oklahoma","Tulsa County",3,41,9083,4565,4518
050,40,143,"Oklahoma","Tulsa County",3,42,8594,4329,4265
050,40,143,"Oklahoma","Tulsa County",3,43,8247,4060,4187
050,40,143,"Oklahoma","Tulsa County",3,44,8169,4065,4104
050,40,143,"Oklahoma","Tulsa County",3,45,7954,3919,4035
050,40,143,"Oklahoma","Tulsa County",3,46,8063,3965,4098
050,40,143,"Oklahoma","Tulsa County",3,47,7552,3711,3841
050,40,143,"Oklahoma","Tulsa County",3,48,7592,3735,3857
050,40,143,"Oklahoma","Tulsa County",3,49,7914,3989,3925
050,40,143,"Oklahoma","Tulsa County",3,50,8427,4238,4189
050,40,143,"Oklahoma","Tulsa County",3,51,8271,4126,4145
050,40,143,"Oklahoma","Tulsa County",3,52,7830,3912,3918
050,40,143,"Oklahoma","Tulsa County",3,53,7329,3660,3669
050,40,143,"Oklahoma","Tulsa County",3,54,7257,3567,3690
050,40,143,"Oklahoma","Tulsa County",3,55,7284,3622,3662
050,40,143,"Oklahoma","Tulsa County",3,56,7684,3793,3891
050,40,143,"Oklahoma","Tulsa County",3,57,7863,3853,4010
050,40,143,"Oklahoma","Tulsa County",3,58,7934,3913,4021
050,40,143,"Oklahoma","Tulsa County",3,59,7994,3906,4088
050,40,143,"Oklahoma","Tulsa County",3,60,7973,3877,4096
050,40,143,"Oklahoma","Tulsa County",3,61,7844,3789,4055
050,40,143,"Oklahoma","Tulsa County",3,62,7843,3672,4171
050,40,143,"Oklahoma","Tulsa County",3,63,7793,3668,4125
050,40,143,"Oklahoma","Tulsa County",3,64,7703,3680,4023
050,40,143,"Oklahoma","Tulsa County",3,65,7234,3436,3798
050,40,143,"Oklahoma","Tulsa County",3,66,7089,3298,3791
050,40,143,"Oklahoma","Tulsa County",3,67,6952,3228,3724
050,40,143,"Oklahoma","Tulsa County",3,68,6471,2993,3478
050,40,143,"Oklahoma","Tulsa County",3,69,6220,2852,3368
050,40,143,"Oklahoma","Tulsa County",3,70,5821,2694,3127
050,40,143,"Oklahoma","Tulsa County",3,71,5407,2471,2936
050,40,143,"Oklahoma","Tulsa County",3,72,5271,2386,2885
050,40,143,"Oklahoma","Tulsa County",3,73,5145,2265,2880
050,40,143,"Oklahoma","Tulsa County",3,74,5508,2448,3060
050,40,143,"Oklahoma","Tulsa County",3,75,3786,1676,2110
050,40,143,"Oklahoma","Tulsa County",3,76,3662,1590,2072
050,40,143,"Oklahoma","Tulsa County",3,77,3549,1520,2029
050,40,143,"Oklahoma","Tulsa County",3,78,3433,1467,1966
050,40,143,"Oklahoma","Tulsa County",3,79,2870,1205,1665
050,40,143,"Oklahoma","Tulsa County",3,80,2548,1087,1461
050,40,143,"Oklahoma","Tulsa County",3,81,2420,982,1438
050,40,143,"Oklahoma","Tulsa County",3,82,2176,873,1303
050,40,143,"Oklahoma","Tulsa County",3,83,1932,746,1186
050,40,143,"Oklahoma","Tulsa County",3,84,1766,681,1085
050,40,143,"Oklahoma","Tulsa County",3,85,10578,3605,6973
050,40,143,"Oklahoma","Tulsa County",4,0,8622,4312,4310
050,40,143,"Oklahoma","Tulsa County",4,1,8615,4421,4194
050,40,143,"Oklahoma","Tulsa County",4,2,8784,4517,4267
050,40,143,"Oklahoma","Tulsa County",4,3,9021,4617,4404
050,40,143,"Oklahoma","Tulsa County",4,4,9370,4842,4528
050,40,143,"Oklahoma","Tulsa County",4,5,9557,4968,4589
050,40,143,"Oklahoma","Tulsa County",4,6,9610,4959,4651
050,40,143,"Oklahoma","Tulsa County",4,7,9431,4845,4586
050,40,143,"Oklahoma","Tulsa County",4,8,9466,4859,4607
050,40,143,"Oklahoma","Tulsa County",4,9,9476,4834,4642
050,40,143,"Oklahoma","Tulsa County",4,10,9488,4871,4617
050,40,143,"Oklahoma","Tulsa County",4,11,9452,4836,4616
050,40,143,"Oklahoma","Tulsa County",4,12,9675,4902,4773
050,40,143,"Oklahoma","Tulsa County",4,13,9848,5037,4811
050,40,143,"Oklahoma","Tulsa County",4,14,10126,5160,4966
050,40,143,"Oklahoma","Tulsa County",4,15,10002,5117,4885
050,40,143,"Oklahoma","Tulsa County",4,16,9818,5033,4785
050,40,143,"Oklahoma","Tulsa County",4,17,9574,4875,4699
050,40,143,"Oklahoma","Tulsa County",4,18,9082,4677,4405
050,40,143,"Oklahoma","Tulsa County",4,19,8388,4244,4144
050,40,143,"Oklahoma","Tulsa County",4,20,8576,4310,4266
050,40,143,"Oklahoma","Tulsa County",4,21,8716,4403,4313
050,40,143,"Oklahoma","Tulsa County",4,22,8862,4426,4436
050,40,143,"Oklahoma","Tulsa County",4,23,9088,4486,4602
050,40,143,"Oklahoma","Tulsa County",4,24,9363,4706,4657
050,40,143,"Oklahoma","Tulsa County",4,25,9264,4667,4597
050,40,143,"Oklahoma","Tulsa County",4,26,9147,4552,4595
050,40,143,"Oklahoma","Tulsa County",4,27,9199,4544,4655
050,40,143,"Oklahoma","Tulsa County",4,28,9398,4660,4738
050,40,143,"Oklahoma","Tulsa County",4,29,9725,4893,4832
050,40,143,"Oklahoma","Tulsa County",4,30,9984,4917,5067
050,40,143,"Oklahoma","Tulsa County",4,31,10272,5097,5175
050,40,143,"Oklahoma","Tulsa County",4,32,9997,4918,5079
050,40,143,"Oklahoma","Tulsa County",4,33,9688,4824,4864
050,40,143,"Oklahoma","Tulsa County",4,34,9437,4663,4774
050,40,143,"Oklahoma","Tulsa County",4,35,9294,4566,4728
050,40,143,"Oklahoma","Tulsa County",4,36,9481,4676,4805
050,40,143,"Oklahoma","Tulsa County",4,37,9557,4731,4826
050,40,143,"Oklahoma","Tulsa County",4,38,9387,4672,4715
050,40,143,"Oklahoma","Tulsa County",4,39,9548,4758,4790
050,40,143,"Oklahoma","Tulsa County",4,40,9306,4731,4575
050,40,143,"Oklahoma","Tulsa County",4,41,9030,4524,4506
050,40,143,"Oklahoma","Tulsa County",4,42,9134,4581,4553
050,40,143,"Oklahoma","Tulsa County",4,43,8625,4326,4299
050,40,143,"Oklahoma","Tulsa County",4,44,8210,4032,4178
050,40,143,"Oklahoma","Tulsa County",4,45,8155,4036,4119
050,40,143,"Oklahoma","Tulsa County",4,46,7967,3922,4045
050,40,143,"Oklahoma","Tulsa County",4,47,8048,3961,4087
050,40,143,"Oklahoma","Tulsa County",4,48,7517,3691,3826
050,40,143,"Oklahoma","Tulsa County",4,49,7535,3743,3792
050,40,143,"Oklahoma","Tulsa County",4,50,7867,3948,3919
050,40,143,"Oklahoma","Tulsa County",4,51,8294,4173,4121
050,40,143,"Oklahoma","Tulsa County",4,52,8183,4111,4072
050,40,143,"Oklahoma","Tulsa County",4,53,7800,3899,3901
050,40,143,"Oklahoma","Tulsa County",4,54,7271,3576,3695
050,40,143,"Oklahoma","Tulsa County",4,55,7209,3523,3686
050,40,143,"Oklahoma","Tulsa County",4,56,7191,3528,3663
050,40,143,"Oklahoma","Tulsa County",4,57,7569,3712,3857
050,40,143,"Oklahoma","Tulsa County",4,58,7696,3734,3962
050,40,143,"Oklahoma","Tulsa County",4,59,7818,3825,3993
050,40,143,"Oklahoma","Tulsa County",4,60,7843,3816,4027
050,40,143,"Oklahoma","Tulsa County",4,61,7894,3804,4090
050,40,143,"Oklahoma","Tulsa County",4,62,7710,3680,4030
050,40,143,"Oklahoma","Tulsa County",4,63,7718,3612,4106
050,40,143,"Oklahoma","Tulsa County",4,64,7623,3556,4067
050,40,143,"Oklahoma","Tulsa County",4,65,7559,3617,3942
050,40,143,"Oklahoma","Tulsa County",4,66,7095,3308,3787
050,40,143,"Oklahoma","Tulsa County",4,67,6945,3223,3722
050,40,143,"Oklahoma","Tulsa County",4,68,6798,3162,3636
050,40,143,"Oklahoma","Tulsa County",4,69,6309,2879,3430
050,40,143,"Oklahoma","Tulsa County",4,70,6032,2730,3302
050,40,143,"Oklahoma","Tulsa County",4,71,5657,2586,3071
050,40,143,"Oklahoma","Tulsa County",4,72,5269,2405,2864
050,40,143,"Oklahoma","Tulsa County",4,73,5090,2287,2803
050,40,143,"Oklahoma","Tulsa County",4,74,5054,2198,2856
050,40,143,"Oklahoma","Tulsa County",4,75,5328,2340,2988
050,40,143,"Oklahoma","Tulsa County",4,76,3665,1605,2060
050,40,143,"Oklahoma","Tulsa County",4,77,3492,1493,1999
050,40,143,"Oklahoma","Tulsa County",4,78,3414,1440,1974
050,40,143,"Oklahoma","Tulsa County",4,79,3267,1362,1905
050,40,143,"Oklahoma","Tulsa County",4,80,2697,1152,1545
050,40,143,"Oklahoma","Tulsa County",4,81,2444,1009,1435
050,40,143,"Oklahoma","Tulsa County",4,82,2258,901,1357
050,40,143,"Oklahoma","Tulsa County",4,83,1966,775,1191
050,40,143,"Oklahoma","Tulsa County",4,84,1836,700,1136
050,40,143,"Oklahoma","Tulsa County",4,85,10285,3533,6752
050,40,143,"Oklahoma","Tulsa County",5,0,8621,4315,4306
050,40,143,"Oklahoma","Tulsa County",5,1,8602,4317,4285
050,40,143,"Oklahoma","Tulsa County",5,2,8702,4449,4253
050,40,143,"Oklahoma","Tulsa County",5,3,8870,4564,4306
050,40,143,"Oklahoma","Tulsa County",5,4,9071,4634,4437
050,40,143,"Oklahoma","Tulsa County",5,5,9433,4893,4540
050,40,143,"Oklahoma","Tulsa County",5,6,9665,5021,4644
050,40,143,"Oklahoma","Tulsa County",5,7,9554,4882,4672
050,40,143,"Oklahoma","Tulsa County",5,8,9522,4848,4674
050,40,143,"Oklahoma","Tulsa County",5,9,9501,4882,4619
050,40,143,"Oklahoma","Tulsa County",5,10,9435,4774,4661
050,40,143,"Oklahoma","Tulsa County",5,11,9507,4875,4632
050,40,143,"Oklahoma","Tulsa County",5,12,9463,4831,4632
050,40,143,"Oklahoma","Tulsa County",5,13,9749,4910,4839
050,40,143,"Oklahoma","Tulsa County",5,14,9891,5053,4838
050,40,143,"Oklahoma","Tulsa County",5,15,10206,5192,5014
050,40,143,"Oklahoma","Tulsa County",5,16,10095,5153,4942
050,40,143,"Oklahoma","Tulsa County",5,17,9857,5069,4788
050,40,143,"Oklahoma","Tulsa County",5,18,9036,4633,4403
050,40,143,"Oklahoma","Tulsa County",5,19,8667,4422,4245
050,40,143,"Oklahoma","Tulsa County",5,20,8631,4324,4307
050,40,143,"Oklahoma","Tulsa County",5,21,8859,4453,4406
050,40,143,"Oklahoma","Tulsa County",5,22,9068,4545,4523
050,40,143,"Oklahoma","Tulsa County",5,23,9236,4676,4560
050,40,143,"Oklahoma","Tulsa County",5,24,9275,4652,4623
050,40,143,"Oklahoma","Tulsa County",5,25,9595,4861,4734
050,40,143,"Oklahoma","Tulsa County",5,26,9455,4820,4635
050,40,143,"Oklahoma","Tulsa County",5,27,9308,4664,4644
050,40,143,"Oklahoma","Tulsa County",5,28,9314,4561,4753
050,40,143,"Oklahoma","Tulsa County",5,29,9381,4639,4742
050,40,143,"Oklahoma","Tulsa County",5,30,9895,4946,4949
050,40,143,"Oklahoma","Tulsa County",5,31,9901,4897,5004
050,40,143,"Oklahoma","Tulsa County",5,32,10291,5116,5175
050,40,143,"Oklahoma","Tulsa County",5,33,10092,4941,5151
050,40,143,"Oklahoma","Tulsa County",5,34,9782,4877,4905
050,40,143,"Oklahoma","Tulsa County",5,35,9478,4699,4779
050,40,143,"Oklahoma","Tulsa County",5,36,9272,4585,4687
050,40,143,"Oklahoma","Tulsa County",5,37,9648,4726,4922
050,40,143,"Oklahoma","Tulsa County",5,38,9552,4756,4796
050,40,143,"Oklahoma","Tulsa County",5,39,9434,4696,4738
050,40,143,"Oklahoma","Tulsa County",5,40,9553,4770,4783
050,40,143,"Oklahoma","Tulsa County",5,41,9335,4718,4617
050,40,143,"Oklahoma","Tulsa County",5,42,9057,4527,4530
050,40,143,"Oklahoma","Tulsa County",5,43,9170,4621,4549
050,40,143,"Oklahoma","Tulsa County",5,44,8632,4332,4300
050,40,143,"Oklahoma","Tulsa County",5,45,8230,4044,4186
050,40,143,"Oklahoma","Tulsa County",5,46,8170,4040,4130
050,40,143,"Oklahoma","Tulsa County",5,47,7907,3907,4000
050,40,143,"Oklahoma","Tulsa County",5,48,8047,3943,4104
050,40,143,"Oklahoma","Tulsa County",5,49,7420,3652,3768
050,40,143,"Oklahoma","Tulsa County",5,50,7552,3741,3811
050,40,143,"Oklahoma","Tulsa County",5,51,7767,3871,3896
050,40,143,"Oklahoma","Tulsa County",5,52,8293,4153,4140
050,40,143,"Oklahoma","Tulsa County",5,53,8134,4074,4060
050,40,143,"Oklahoma","Tulsa County",5,54,7667,3813,3854
050,40,143,"Oklahoma","Tulsa County",5,55,7223,3576,3647
050,40,143,"Oklahoma","Tulsa County",5,56,7153,3486,3667
050,40,143,"Oklahoma","Tulsa County",5,57,7200,3510,3690
050,40,143,"Oklahoma","Tulsa County",5,58,7479,3637,3842
050,40,143,"Oklahoma","Tulsa County",5,59,7637,3688,3949
050,40,143,"Oklahoma","Tulsa County",5,60,7780,3841,3939
050,40,143,"Oklahoma","Tulsa County",5,61,7826,3786,4040
050,40,143,"Oklahoma","Tulsa County",5,62,7764,3698,4066
050,40,143,"Oklahoma","Tulsa County",5,63,7665,3664,4001
050,40,143,"Oklahoma","Tulsa County",5,64,7602,3529,4073
050,40,143,"Oklahoma","Tulsa County",5,65,7532,3525,4007
050,40,143,"Oklahoma","Tulsa County",5,66,7455,3510,3945
050,40,143,"Oklahoma","Tulsa County",5,67,6978,3236,3742
050,40,143,"Oklahoma","Tulsa County",5,68,6813,3176,3637
050,40,143,"Oklahoma","Tulsa County",5,69,6695,3088,3607
050,40,143,"Oklahoma","Tulsa County",5,70,6221,2826,3395
050,40,143,"Oklahoma","Tulsa County",5,71,5883,2640,3243
050,40,143,"Oklahoma","Tulsa County",5,72,5529,2516,3013
050,40,143,"Oklahoma","Tulsa County",5,73,5080,2310,2770
050,40,143,"Oklahoma","Tulsa County",5,74,5035,2247,2788
050,40,143,"Oklahoma","Tulsa County",5,75,4890,2093,2797
050,40,143,"Oklahoma","Tulsa County",5,76,5149,2222,2927
050,40,143,"Oklahoma","Tulsa County",5,77,3516,1534,1982
050,40,143,"Oklahoma","Tulsa County",5,78,3343,1421,1922
050,40,143,"Oklahoma","Tulsa County",5,79,3259,1348,1911
050,40,143,"Oklahoma","Tulsa County",5,80,3106,1313,1793
050,40,143,"Oklahoma","Tulsa County",5,81,2624,1088,1536
050,40,143,"Oklahoma","Tulsa County",5,82,2314,948,1366
050,40,143,"Oklahoma","Tulsa County",5,83,2084,819,1265
050,40,143,"Oklahoma","Tulsa County",5,84,1899,738,1161
050,40,143,"Oklahoma","Tulsa County",5,85,10286,3571,6715
050,40,145,"Oklahoma","Wagoner County",1,0,852,437,415
050,40,145,"Oklahoma","Wagoner County",1,1,883,469,414
050,40,145,"Oklahoma","Wagoner County",1,2,947,488,459
050,40,145,"Oklahoma","Wagoner County",1,3,966,505,461
050,40,145,"Oklahoma","Wagoner County",1,4,1026,539,487
050,40,145,"Oklahoma","Wagoner County",1,5,1025,504,521
050,40,145,"Oklahoma","Wagoner County",1,6,1087,544,543
050,40,145,"Oklahoma","Wagoner County",1,7,1133,587,546
050,40,145,"Oklahoma","Wagoner County",1,8,1106,578,528
050,40,145,"Oklahoma","Wagoner County",1,9,1116,591,525
050,40,145,"Oklahoma","Wagoner County",1,10,1187,614,573
050,40,145,"Oklahoma","Wagoner County",1,11,1192,584,608
050,40,145,"Oklahoma","Wagoner County",1,12,1213,604,609
050,40,145,"Oklahoma","Wagoner County",1,13,1227,623,604
050,40,145,"Oklahoma","Wagoner County",1,14,1156,593,563
050,40,145,"Oklahoma","Wagoner County",1,15,1163,592,571
050,40,145,"Oklahoma","Wagoner County",1,16,1159,611,548
050,40,145,"Oklahoma","Wagoner County",1,17,1130,582,548
050,40,145,"Oklahoma","Wagoner County",1,18,958,516,442
050,40,145,"Oklahoma","Wagoner County",1,19,829,444,385
050,40,145,"Oklahoma","Wagoner County",1,20,815,424,391
050,40,145,"Oklahoma","Wagoner County",1,21,836,454,382
050,40,145,"Oklahoma","Wagoner County",1,22,837,419,418
050,40,145,"Oklahoma","Wagoner County",1,23,846,409,437
050,40,145,"Oklahoma","Wagoner County",1,24,891,442,449
050,40,145,"Oklahoma","Wagoner County",1,25,924,469,455
050,40,145,"Oklahoma","Wagoner County",1,26,953,479,474
050,40,145,"Oklahoma","Wagoner County",1,27,994,512,482
050,40,145,"Oklahoma","Wagoner County",1,28,1041,519,522
050,40,145,"Oklahoma","Wagoner County",1,29,1102,548,554
050,40,145,"Oklahoma","Wagoner County",1,30,1056,500,556
050,40,145,"Oklahoma","Wagoner County",1,31,1054,503,551
050,40,145,"Oklahoma","Wagoner County",1,32,1101,543,558
050,40,145,"Oklahoma","Wagoner County",1,33,1135,569,566
050,40,145,"Oklahoma","Wagoner County",1,34,1103,550,553
050,40,145,"Oklahoma","Wagoner County",1,35,1077,543,534
050,40,145,"Oklahoma","Wagoner County",1,36,1107,539,568
050,40,145,"Oklahoma","Wagoner County",1,37,1148,545,603
050,40,145,"Oklahoma","Wagoner County",1,38,1151,583,568
050,40,145,"Oklahoma","Wagoner County",1,39,1119,552,567
050,40,145,"Oklahoma","Wagoner County",1,40,1120,555,565
050,40,145,"Oklahoma","Wagoner County",1,41,1060,512,548
050,40,145,"Oklahoma","Wagoner County",1,42,1101,539,562
050,40,145,"Oklahoma","Wagoner County",1,43,1024,525,499
050,40,145,"Oklahoma","Wagoner County",1,44,962,492,470
050,40,145,"Oklahoma","Wagoner County",1,45,960,471,489
050,40,145,"Oklahoma","Wagoner County",1,46,1017,513,504
050,40,145,"Oklahoma","Wagoner County",1,47,1009,544,465
050,40,145,"Oklahoma","Wagoner County",1,48,1091,557,534
050,40,145,"Oklahoma","Wagoner County",1,49,1092,561,531
050,40,145,"Oklahoma","Wagoner County",1,50,1015,506,509
050,40,145,"Oklahoma","Wagoner County",1,51,950,475,475
050,40,145,"Oklahoma","Wagoner County",1,52,948,456,492
050,40,145,"Oklahoma","Wagoner County",1,53,999,498,501
050,40,145,"Oklahoma","Wagoner County",1,54,990,484,506
050,40,145,"Oklahoma","Wagoner County",1,55,1042,520,522
050,40,145,"Oklahoma","Wagoner County",1,56,1063,533,530
050,40,145,"Oklahoma","Wagoner County",1,57,1114,597,517
050,40,145,"Oklahoma","Wagoner County",1,58,1062,553,509
050,40,145,"Oklahoma","Wagoner County",1,59,1074,529,545
050,40,145,"Oklahoma","Wagoner County",1,60,1074,514,560
050,40,145,"Oklahoma","Wagoner County",1,61,1061,499,562
050,40,145,"Oklahoma","Wagoner County",1,62,1049,502,547
050,40,145,"Oklahoma","Wagoner County",1,63,1005,485,520
050,40,145,"Oklahoma","Wagoner County",1,64,980,486,494
050,40,145,"Oklahoma","Wagoner County",1,65,984,485,499
050,40,145,"Oklahoma","Wagoner County",1,66,927,421,506
050,40,145,"Oklahoma","Wagoner County",1,67,912,431,481
050,40,145,"Oklahoma","Wagoner County",1,68,858,400,458
050,40,145,"Oklahoma","Wagoner County",1,69,806,372,434
050,40,145,"Oklahoma","Wagoner County",1,70,793,386,407
050,40,145,"Oklahoma","Wagoner County",1,71,786,374,412
050,40,145,"Oklahoma","Wagoner County",1,72,805,388,417
050,40,145,"Oklahoma","Wagoner County",1,73,822,379,443
050,40,145,"Oklahoma","Wagoner County",1,74,610,298,312
050,40,145,"Oklahoma","Wagoner County",1,75,582,274,308
050,40,145,"Oklahoma","Wagoner County",1,76,587,274,313
050,40,145,"Oklahoma","Wagoner County",1,77,548,264,284
050,40,145,"Oklahoma","Wagoner County",1,78,449,198,251
050,40,145,"Oklahoma","Wagoner County",1,79,394,198,196
050,40,145,"Oklahoma","Wagoner County",1,80,355,171,184
050,40,145,"Oklahoma","Wagoner County",1,81,371,179,192
050,40,145,"Oklahoma","Wagoner County",1,82,293,150,143
050,40,145,"Oklahoma","Wagoner County",1,83,266,132,134
050,40,145,"Oklahoma","Wagoner County",1,84,217,104,113
050,40,145,"Oklahoma","Wagoner County",1,85,1111,448,663
050,40,145,"Oklahoma","Wagoner County",2,0,843,433,410
050,40,145,"Oklahoma","Wagoner County",2,1,888,466,422
050,40,145,"Oklahoma","Wagoner County",2,2,942,489,453
050,40,145,"Oklahoma","Wagoner County",2,3,968,507,461
050,40,145,"Oklahoma","Wagoner County",2,4,1020,534,486
050,40,145,"Oklahoma","Wagoner County",2,5,1034,515,519
050,40,145,"Oklahoma","Wagoner County",2,6,1081,539,542
050,40,145,"Oklahoma","Wagoner County",2,7,1124,575,549
050,40,145,"Oklahoma","Wagoner County",2,8,1121,581,540
050,40,145,"Oklahoma","Wagoner County",2,9,1117,589,528
050,40,145,"Oklahoma","Wagoner County",2,10,1170,608,562
050,40,145,"Oklahoma","Wagoner County",2,11,1193,590,603
050,40,145,"Oklahoma","Wagoner County",2,12,1219,606,613
050,40,145,"Oklahoma","Wagoner County",2,13,1216,617,599
050,40,145,"Oklahoma","Wagoner County",2,14,1173,600,573
050,40,145,"Oklahoma","Wagoner County",2,15,1163,591,572
050,40,145,"Oklahoma","Wagoner County",2,16,1157,606,551
050,40,145,"Oklahoma","Wagoner County",2,17,1136,592,544
050,40,145,"Oklahoma","Wagoner County",2,18,961,515,446
050,40,145,"Oklahoma","Wagoner County",2,19,823,439,384
050,40,145,"Oklahoma","Wagoner County",2,20,839,440,399
050,40,145,"Oklahoma","Wagoner County",2,21,838,449,389
050,40,145,"Oklahoma","Wagoner County",2,22,851,429,422
050,40,145,"Oklahoma","Wagoner County",2,23,863,421,442
050,40,145,"Oklahoma","Wagoner County",2,24,897,444,453
050,40,145,"Oklahoma","Wagoner County",2,25,931,470,461
050,40,145,"Oklahoma","Wagoner County",2,26,957,482,475
050,40,145,"Oklahoma","Wagoner County",2,27,999,512,487
050,40,145,"Oklahoma","Wagoner County",2,28,1052,535,517
050,40,145,"Oklahoma","Wagoner County",2,29,1104,548,556
050,40,145,"Oklahoma","Wagoner County",2,30,1079,517,562
050,40,145,"Oklahoma","Wagoner County",2,31,1065,507,558
050,40,145,"Oklahoma","Wagoner County",2,32,1101,536,565
050,40,145,"Oklahoma","Wagoner County",2,33,1133,567,566
050,40,145,"Oklahoma","Wagoner County",2,34,1122,562,560
050,40,145,"Oklahoma","Wagoner County",2,35,1096,552,544
050,40,145,"Oklahoma","Wagoner County",2,36,1098,541,557
050,40,145,"Oklahoma","Wagoner County",2,37,1147,549,598
050,40,145,"Oklahoma","Wagoner County",2,38,1158,581,577
050,40,145,"Oklahoma","Wagoner County",2,39,1127,560,567
050,40,145,"Oklahoma","Wagoner County",2,40,1125,559,566
050,40,145,"Oklahoma","Wagoner County",2,41,1079,525,554
050,40,145,"Oklahoma","Wagoner County",2,42,1090,532,558
050,40,145,"Oklahoma","Wagoner County",2,43,1051,530,521
050,40,145,"Oklahoma","Wagoner County",2,44,973,499,474
050,40,145,"Oklahoma","Wagoner County",2,45,975,485,490
050,40,145,"Oklahoma","Wagoner County",2,46,1009,506,503
050,40,145,"Oklahoma","Wagoner County",2,47,1013,536,477
050,40,145,"Oklahoma","Wagoner County",2,48,1071,552,519
050,40,145,"Oklahoma","Wagoner County",2,49,1099,564,535
050,40,145,"Oklahoma","Wagoner County",2,50,1039,527,512
050,40,145,"Oklahoma","Wagoner County",2,51,966,483,483
050,40,145,"Oklahoma","Wagoner County",2,52,949,458,491
050,40,145,"Oklahoma","Wagoner County",2,53,993,488,505
050,40,145,"Oklahoma","Wagoner County",2,54,991,487,504
050,40,145,"Oklahoma","Wagoner County",2,55,1034,513,521
050,40,145,"Oklahoma","Wagoner County",2,56,1062,533,529
050,40,145,"Oklahoma","Wagoner County",2,57,1112,588,524
050,40,145,"Oklahoma","Wagoner County",2,58,1072,562,510
050,40,145,"Oklahoma","Wagoner County",2,59,1077,537,540
050,40,145,"Oklahoma","Wagoner County",2,60,1070,514,556
050,40,145,"Oklahoma","Wagoner County",2,61,1060,499,561
050,40,145,"Oklahoma","Wagoner County",2,62,1054,502,552
050,40,145,"Oklahoma","Wagoner County",2,63,1023,493,530
050,40,145,"Oklahoma","Wagoner County",2,64,983,485,498
050,40,145,"Oklahoma","Wagoner County",2,65,979,480,499
050,40,145,"Oklahoma","Wagoner County",2,66,942,436,506
050,40,145,"Oklahoma","Wagoner County",2,67,914,428,486
050,40,145,"Oklahoma","Wagoner County",2,68,871,407,464
050,40,145,"Oklahoma","Wagoner County",2,69,823,384,439
050,40,145,"Oklahoma","Wagoner County",2,70,793,381,412
050,40,145,"Oklahoma","Wagoner County",2,71,794,380,414
050,40,145,"Oklahoma","Wagoner County",2,72,784,378,406
050,40,145,"Oklahoma","Wagoner County",2,73,859,403,456
050,40,145,"Oklahoma","Wagoner County",2,74,619,295,324
050,40,145,"Oklahoma","Wagoner County",2,75,582,276,306
050,40,145,"Oklahoma","Wagoner County",2,76,574,268,306
050,40,145,"Oklahoma","Wagoner County",2,77,568,273,295
050,40,145,"Oklahoma","Wagoner County",2,78,457,210,247
050,40,145,"Oklahoma","Wagoner County",2,79,404,199,205
050,40,145,"Oklahoma","Wagoner County",2,80,360,173,187
050,40,145,"Oklahoma","Wagoner County",2,81,365,176,189
050,40,145,"Oklahoma","Wagoner County",2,82,305,155,150
050,40,145,"Oklahoma","Wagoner County",2,83,267,132,135
050,40,145,"Oklahoma","Wagoner County",2,84,221,107,114
050,40,145,"Oklahoma","Wagoner County",2,85,1127,458,669
050,40,145,"Oklahoma","Wagoner County",3,0,863,457,406
050,40,145,"Oklahoma","Wagoner County",3,1,906,479,427
050,40,145,"Oklahoma","Wagoner County",3,2,967,492,475
050,40,145,"Oklahoma","Wagoner County",3,3,983,521,462
050,40,145,"Oklahoma","Wagoner County",3,4,1020,534,486
050,40,145,"Oklahoma","Wagoner County",3,5,1074,554,520
050,40,145,"Oklahoma","Wagoner County",3,6,1106,562,544
050,40,145,"Oklahoma","Wagoner County",3,7,1127,599,528
050,40,145,"Oklahoma","Wagoner County",3,8,1162,604,558
050,40,145,"Oklahoma","Wagoner County",3,9,1164,603,561
050,40,145,"Oklahoma","Wagoner County",3,10,1149,618,531
050,40,145,"Oklahoma","Wagoner County",3,11,1208,623,585
050,40,145,"Oklahoma","Wagoner County",3,12,1229,625,604
050,40,145,"Oklahoma","Wagoner County",3,13,1234,616,618
050,40,145,"Oklahoma","Wagoner County",3,14,1238,614,624
050,40,145,"Oklahoma","Wagoner County",3,15,1206,611,595
050,40,145,"Oklahoma","Wagoner County",3,16,1200,621,579
050,40,145,"Oklahoma","Wagoner County",3,17,1196,624,572
050,40,145,"Oklahoma","Wagoner County",3,18,1009,534,475
050,40,145,"Oklahoma","Wagoner County",3,19,828,441,387
050,40,145,"Oklahoma","Wagoner County",3,20,896,478,418
050,40,145,"Oklahoma","Wagoner County",3,21,911,465,446
050,40,145,"Oklahoma","Wagoner County",3,22,886,478,408
050,40,145,"Oklahoma","Wagoner County",3,23,941,459,482
050,40,145,"Oklahoma","Wagoner County",3,24,944,457,487
050,40,145,"Oklahoma","Wagoner County",3,25,957,482,475
050,40,145,"Oklahoma","Wagoner County",3,26,1053,539,514
050,40,145,"Oklahoma","Wagoner County",3,27,1078,536,542
050,40,145,"Oklahoma","Wagoner County",3,28,1068,542,526
050,40,145,"Oklahoma","Wagoner County",3,29,1149,576,573
050,40,145,"Oklahoma","Wagoner County",3,30,1185,591,594
050,40,145,"Oklahoma","Wagoner County",3,31,1138,532,606
050,40,145,"Oklahoma","Wagoner County",3,32,1124,539,585
050,40,145,"Oklahoma","Wagoner County",3,33,1164,585,579
050,40,145,"Oklahoma","Wagoner County",3,34,1192,597,595
050,40,145,"Oklahoma","Wagoner County",3,35,1157,577,580
050,40,145,"Oklahoma","Wagoner County",3,36,1165,591,574
050,40,145,"Oklahoma","Wagoner County",3,37,1145,561,584
050,40,145,"Oklahoma","Wagoner County",3,38,1188,570,618
050,40,145,"Oklahoma","Wagoner County",3,39,1199,581,618
050,40,145,"Oklahoma","Wagoner County",3,40,1186,599,587
050,40,145,"Oklahoma","Wagoner County",3,41,1160,563,597
050,40,145,"Oklahoma","Wagoner County",3,42,1079,526,553
050,40,145,"Oklahoma","Wagoner County",3,43,1116,556,560
050,40,145,"Oklahoma","Wagoner County",3,44,1102,558,544
050,40,145,"Oklahoma","Wagoner County",3,45,1001,515,486
050,40,145,"Oklahoma","Wagoner County",3,46,980,485,495
050,40,145,"Oklahoma","Wagoner County",3,47,1041,521,520
050,40,145,"Oklahoma","Wagoner County",3,48,1026,542,484
050,40,145,"Oklahoma","Wagoner County",3,49,1087,556,531
050,40,145,"Oklahoma","Wagoner County",3,50,1123,586,537
050,40,145,"Oklahoma","Wagoner County",3,51,1067,548,519
050,40,145,"Oklahoma","Wagoner County",3,52,999,491,508
050,40,145,"Oklahoma","Wagoner County",3,53,954,467,487
050,40,145,"Oklahoma","Wagoner County",3,54,1014,503,511
050,40,145,"Oklahoma","Wagoner County",3,55,996,482,514
050,40,145,"Oklahoma","Wagoner County",3,56,1023,514,509
050,40,145,"Oklahoma","Wagoner County",3,57,1069,536,533
050,40,145,"Oklahoma","Wagoner County",3,58,1156,598,558
050,40,145,"Oklahoma","Wagoner County",3,59,1077,560,517
050,40,145,"Oklahoma","Wagoner County",3,60,1110,569,541
050,40,145,"Oklahoma","Wagoner County",3,61,1094,514,580
050,40,145,"Oklahoma","Wagoner County",3,62,1084,518,566
050,40,145,"Oklahoma","Wagoner County",3,63,1066,503,563
050,40,145,"Oklahoma","Wagoner County",3,64,1042,491,551
050,40,145,"Oklahoma","Wagoner County",3,65,1010,489,521
050,40,145,"Oklahoma","Wagoner County",3,66,981,482,499
050,40,145,"Oklahoma","Wagoner County",3,67,933,435,498
050,40,145,"Oklahoma","Wagoner County",3,68,919,418,501
050,40,145,"Oklahoma","Wagoner County",3,69,859,397,462
050,40,145,"Oklahoma","Wagoner County",3,70,810,375,435
050,40,145,"Oklahoma","Wagoner County",3,71,782,375,407
050,40,145,"Oklahoma","Wagoner County",3,72,796,384,412
050,40,145,"Oklahoma","Wagoner County",3,73,761,364,397
050,40,145,"Oklahoma","Wagoner County",3,74,841,391,450
050,40,145,"Oklahoma","Wagoner County",3,75,578,282,296
050,40,145,"Oklahoma","Wagoner County",3,76,574,276,298
050,40,145,"Oklahoma","Wagoner County",3,77,552,252,300
050,40,145,"Oklahoma","Wagoner County",3,78,550,265,285
050,40,145,"Oklahoma","Wagoner County",3,79,452,210,242
050,40,145,"Oklahoma","Wagoner County",3,80,376,186,190
050,40,145,"Oklahoma","Wagoner County",3,81,350,170,180
050,40,145,"Oklahoma","Wagoner County",3,82,343,163,180
050,40,145,"Oklahoma","Wagoner County",3,83,294,143,151
050,40,145,"Oklahoma","Wagoner County",3,84,238,120,118
050,40,145,"Oklahoma","Wagoner County",3,85,1170,478,692
050,40,145,"Oklahoma","Wagoner County",4,0,898,489,409
050,40,145,"Oklahoma","Wagoner County",4,1,891,466,425
050,40,145,"Oklahoma","Wagoner County",4,2,987,524,463
050,40,145,"Oklahoma","Wagoner County",4,3,1061,547,514
050,40,145,"Oklahoma","Wagoner County",4,4,1027,539,488
050,40,145,"Oklahoma","Wagoner County",4,5,1063,552,511
050,40,145,"Oklahoma","Wagoner County",4,6,1090,586,504
050,40,145,"Oklahoma","Wagoner County",4,7,1187,611,576
050,40,145,"Oklahoma","Wagoner County",4,8,1176,622,554
050,40,145,"Oklahoma","Wagoner County",4,9,1225,647,578
050,40,145,"Oklahoma","Wagoner County",4,10,1211,636,575
050,40,145,"Oklahoma","Wagoner County",4,11,1152,622,530
050,40,145,"Oklahoma","Wagoner County",4,12,1244,634,610
050,40,145,"Oklahoma","Wagoner County",4,13,1291,654,637
050,40,145,"Oklahoma","Wagoner County",4,14,1274,644,630
050,40,145,"Oklahoma","Wagoner County",4,15,1263,624,639
050,40,145,"Oklahoma","Wagoner County",4,16,1253,622,631
050,40,145,"Oklahoma","Wagoner County",4,17,1218,631,587
050,40,145,"Oklahoma","Wagoner County",4,18,1041,551,490
050,40,145,"Oklahoma","Wagoner County",4,19,814,445,369
050,40,145,"Oklahoma","Wagoner County",4,20,849,454,395
050,40,145,"Oklahoma","Wagoner County",4,21,948,498,450
050,40,145,"Oklahoma","Wagoner County",4,22,944,465,479
050,40,145,"Oklahoma","Wagoner County",4,23,956,516,440
050,40,145,"Oklahoma","Wagoner County",4,24,990,499,491
050,40,145,"Oklahoma","Wagoner County",4,25,992,470,522
050,40,145,"Oklahoma","Wagoner County",4,26,1025,531,494
050,40,145,"Oklahoma","Wagoner County",4,27,1108,565,543
050,40,145,"Oklahoma","Wagoner County",4,28,1102,549,553
050,40,145,"Oklahoma","Wagoner County",4,29,1124,556,568
050,40,145,"Oklahoma","Wagoner County",4,30,1210,589,621
050,40,145,"Oklahoma","Wagoner County",4,31,1226,588,638
050,40,145,"Oklahoma","Wagoner County",4,32,1231,595,636
050,40,145,"Oklahoma","Wagoner County",4,33,1192,591,601
050,40,145,"Oklahoma","Wagoner County",4,34,1227,638,589
050,40,145,"Oklahoma","Wagoner County",4,35,1238,612,626
050,40,145,"Oklahoma","Wagoner County",4,36,1220,607,613
050,40,145,"Oklahoma","Wagoner County",4,37,1211,609,602
050,40,145,"Oklahoma","Wagoner County",4,38,1188,587,601
050,40,145,"Oklahoma","Wagoner County",4,39,1231,595,636
050,40,145,"Oklahoma","Wagoner County",4,40,1240,601,639
050,40,145,"Oklahoma","Wagoner County",4,41,1248,638,610
050,40,145,"Oklahoma","Wagoner County",4,42,1205,593,612
050,40,145,"Oklahoma","Wagoner County",4,43,1125,558,567
050,40,145,"Oklahoma","Wagoner County",4,44,1177,599,578
050,40,145,"Oklahoma","Wagoner County",4,45,1095,547,548
050,40,145,"Oklahoma","Wagoner County",4,46,1012,523,489
050,40,145,"Oklahoma","Wagoner County",4,47,1005,502,503
050,40,145,"Oklahoma","Wagoner County",4,48,1042,528,514
050,40,145,"Oklahoma","Wagoner County",4,49,1062,560,502
050,40,145,"Oklahoma","Wagoner County",4,50,1116,561,555
050,40,145,"Oklahoma","Wagoner County",4,51,1144,598,546
050,40,145,"Oklahoma","Wagoner County",4,52,1077,549,528
050,40,145,"Oklahoma","Wagoner County",4,53,994,499,495
050,40,145,"Oklahoma","Wagoner County",4,54,982,486,496
050,40,145,"Oklahoma","Wagoner County",4,55,1022,515,507
050,40,145,"Oklahoma","Wagoner County",4,56,1022,495,527
050,40,145,"Oklahoma","Wagoner County",4,57,1031,513,518
050,40,145,"Oklahoma","Wagoner County",4,58,1081,538,543
050,40,145,"Oklahoma","Wagoner County",4,59,1161,599,562
050,40,145,"Oklahoma","Wagoner County",4,60,1092,570,522
050,40,145,"Oklahoma","Wagoner County",4,61,1092,566,526
050,40,145,"Oklahoma","Wagoner County",4,62,1102,520,582
050,40,145,"Oklahoma","Wagoner County",4,63,1088,507,581
050,40,145,"Oklahoma","Wagoner County",4,64,1086,518,568
050,40,145,"Oklahoma","Wagoner County",4,65,1059,485,574
050,40,145,"Oklahoma","Wagoner County",4,66,1021,491,530
050,40,145,"Oklahoma","Wagoner County",4,67,964,461,503
050,40,145,"Oklahoma","Wagoner County",4,68,927,430,497
050,40,145,"Oklahoma","Wagoner County",4,69,901,421,480
050,40,145,"Oklahoma","Wagoner County",4,70,861,395,466
050,40,145,"Oklahoma","Wagoner County",4,71,818,375,443
050,40,145,"Oklahoma","Wagoner County",4,72,789,378,411
050,40,145,"Oklahoma","Wagoner County",4,73,780,384,396
050,40,145,"Oklahoma","Wagoner County",4,74,751,365,386
050,40,145,"Oklahoma","Wagoner County",4,75,819,383,436
050,40,145,"Oklahoma","Wagoner County",4,76,553,275,278
050,40,145,"Oklahoma","Wagoner County",4,77,557,263,294
050,40,145,"Oklahoma","Wagoner County",4,78,536,244,292
050,40,145,"Oklahoma","Wagoner County",4,79,526,257,269
050,40,145,"Oklahoma","Wagoner County",4,80,436,198,238
050,40,145,"Oklahoma","Wagoner County",4,81,349,165,184
050,40,145,"Oklahoma","Wagoner County",4,82,326,163,163
050,40,145,"Oklahoma","Wagoner County",4,83,326,155,171
050,40,145,"Oklahoma","Wagoner County",4,84,262,124,138
050,40,145,"Oklahoma","Wagoner County",4,85,1257,522,735
050,40,145,"Oklahoma","Wagoner County",5,0,896,489,407
050,40,145,"Oklahoma","Wagoner County",5,1,987,544,443
050,40,145,"Oklahoma","Wagoner County",5,2,978,495,483
050,40,145,"Oklahoma","Wagoner County",5,3,1031,536,495
050,40,145,"Oklahoma","Wagoner County",5,4,1125,582,543
050,40,145,"Oklahoma","Wagoner County",5,5,1073,566,507
050,40,145,"Oklahoma","Wagoner County",5,6,1094,562,532
050,40,145,"Oklahoma","Wagoner County",5,7,1164,628,536
050,40,145,"Oklahoma","Wagoner County",5,8,1222,633,589
050,40,145,"Oklahoma","Wagoner County",5,9,1234,647,587
050,40,145,"Oklahoma","Wagoner County",5,10,1234,652,582
050,40,145,"Oklahoma","Wagoner County",5,11,1216,634,582
050,40,145,"Oklahoma","Wagoner County",5,12,1194,636,558
050,40,145,"Oklahoma","Wagoner County",5,13,1295,672,623
050,40,145,"Oklahoma","Wagoner County",5,14,1336,675,661
050,40,145,"Oklahoma","Wagoner County",5,15,1298,649,649
050,40,145,"Oklahoma","Wagoner County",5,16,1311,641,670
050,40,145,"Oklahoma","Wagoner County",5,17,1254,624,630
050,40,145,"Oklahoma","Wagoner County",5,18,1058,558,500
050,40,145,"Oklahoma","Wagoner County",5,19,834,438,396
050,40,145,"Oklahoma","Wagoner County",5,20,875,481,394
050,40,145,"Oklahoma","Wagoner County",5,21,895,483,412
050,40,145,"Oklahoma","Wagoner County",5,22,1026,519,507
050,40,145,"Oklahoma","Wagoner County",5,23,1044,512,532
050,40,145,"Oklahoma","Wagoner County",5,24,1003,523,480
050,40,145,"Oklahoma","Wagoner County",5,25,1065,546,519
050,40,145,"Oklahoma","Wagoner County",5,26,1014,476,538
050,40,145,"Oklahoma","Wagoner County",5,27,1073,564,509
050,40,145,"Oklahoma","Wagoner County",5,28,1183,614,569
050,40,145,"Oklahoma","Wagoner County",5,29,1184,590,594
050,40,145,"Oklahoma","Wagoner County",5,30,1167,577,590
050,40,145,"Oklahoma","Wagoner County",5,31,1277,616,661
050,40,145,"Oklahoma","Wagoner County",5,32,1296,627,669
050,40,145,"Oklahoma","Wagoner County",5,33,1284,638,646
050,40,145,"Oklahoma","Wagoner County",5,34,1240,592,648
050,40,145,"Oklahoma","Wagoner County",5,35,1242,635,607
050,40,145,"Oklahoma","Wagoner County",5,36,1296,642,654
050,40,145,"Oklahoma","Wagoner County",5,37,1258,625,633
050,40,145,"Oklahoma","Wagoner County",5,38,1254,622,632
050,40,145,"Oklahoma","Wagoner County",5,39,1230,611,619
050,40,145,"Oklahoma","Wagoner County",5,40,1269,616,653
050,40,145,"Oklahoma","Wagoner County",5,41,1264,620,644
050,40,145,"Oklahoma","Wagoner County",5,42,1290,652,638
050,40,145,"Oklahoma","Wagoner County",5,43,1226,602,624
050,40,145,"Oklahoma","Wagoner County",5,44,1173,578,595
050,40,145,"Oklahoma","Wagoner County",5,45,1179,597,582
050,40,145,"Oklahoma","Wagoner County",5,46,1100,550,550
050,40,145,"Oklahoma","Wagoner County",5,47,1033,526,507
050,40,145,"Oklahoma","Wagoner County",5,48,1014,513,501
050,40,145,"Oklahoma","Wagoner County",5,49,1080,549,531
050,40,145,"Oklahoma","Wagoner County",5,50,1067,556,511
050,40,145,"Oklahoma","Wagoner County",5,51,1125,572,553
050,40,145,"Oklahoma","Wagoner County",5,52,1156,609,547
050,40,145,"Oklahoma","Wagoner County",5,53,1119,575,544
050,40,145,"Oklahoma","Wagoner County",5,54,1052,511,541
050,40,145,"Oklahoma","Wagoner County",5,55,1014,503,511
050,40,145,"Oklahoma","Wagoner County",5,56,1054,532,522
050,40,145,"Oklahoma","Wagoner County",5,57,1040,509,531
050,40,145,"Oklahoma","Wagoner County",5,58,1039,515,524
050,40,145,"Oklahoma","Wagoner County",5,59,1112,559,553
050,40,145,"Oklahoma","Wagoner County",5,60,1169,597,572
050,40,145,"Oklahoma","Wagoner County",5,61,1108,564,544
050,40,145,"Oklahoma","Wagoner County",5,62,1113,573,540
050,40,145,"Oklahoma","Wagoner County",5,63,1098,524,574
050,40,145,"Oklahoma","Wagoner County",5,64,1101,510,591
050,40,145,"Oklahoma","Wagoner County",5,65,1105,522,583
050,40,145,"Oklahoma","Wagoner County",5,66,1067,497,570
050,40,145,"Oklahoma","Wagoner County",5,67,1023,491,532
050,40,145,"Oklahoma","Wagoner County",5,68,970,461,509
050,40,145,"Oklahoma","Wagoner County",5,69,901,423,478
050,40,145,"Oklahoma","Wagoner County",5,70,917,429,488
050,40,145,"Oklahoma","Wagoner County",5,71,858,388,470
050,40,145,"Oklahoma","Wagoner County",5,72,824,377,447
050,40,145,"Oklahoma","Wagoner County",5,73,782,372,410
050,40,145,"Oklahoma","Wagoner County",5,74,759,374,385
050,40,145,"Oklahoma","Wagoner County",5,75,747,362,385
050,40,145,"Oklahoma","Wagoner County",5,76,806,376,430
050,40,145,"Oklahoma","Wagoner County",5,77,537,263,274
050,40,145,"Oklahoma","Wagoner County",5,78,542,253,289
050,40,145,"Oklahoma","Wagoner County",5,79,522,238,284
050,40,145,"Oklahoma","Wagoner County",5,80,510,248,262
050,40,145,"Oklahoma","Wagoner County",5,81,411,184,227
050,40,145,"Oklahoma","Wagoner County",5,82,326,159,167
050,40,145,"Oklahoma","Wagoner County",5,83,308,149,159
050,40,145,"Oklahoma","Wagoner County",5,84,304,147,157
050,40,145,"Oklahoma","Wagoner County",5,85,1326,559,767
050,40,147,"Oklahoma","Washington County",1,0,585,305,280
050,40,147,"Oklahoma","Washington County",1,1,633,331,302
050,40,147,"Oklahoma","Washington County",1,2,635,342,293
050,40,147,"Oklahoma","Washington County",1,3,684,351,333
050,40,147,"Oklahoma","Washington County",1,4,678,335,343
050,40,147,"Oklahoma","Washington County",1,5,721,352,369
050,40,147,"Oklahoma","Washington County",1,6,648,320,328
050,40,147,"Oklahoma","Washington County",1,7,701,356,345
050,40,147,"Oklahoma","Washington County",1,8,725,385,340
050,40,147,"Oklahoma","Washington County",1,9,742,385,357
050,40,147,"Oklahoma","Washington County",1,10,730,389,341
050,40,147,"Oklahoma","Washington County",1,11,754,390,364
050,40,147,"Oklahoma","Washington County",1,12,731,378,353
050,40,147,"Oklahoma","Washington County",1,13,754,403,351
050,40,147,"Oklahoma","Washington County",1,14,710,373,337
050,40,147,"Oklahoma","Washington County",1,15,695,362,333
050,40,147,"Oklahoma","Washington County",1,16,751,384,367
050,40,147,"Oklahoma","Washington County",1,17,707,368,339
050,40,147,"Oklahoma","Washington County",1,18,652,337,315
050,40,147,"Oklahoma","Washington County",1,19,589,322,267
050,40,147,"Oklahoma","Washington County",1,20,571,310,261
050,40,147,"Oklahoma","Washington County",1,21,577,290,287
050,40,147,"Oklahoma","Washington County",1,22,572,272,300
050,40,147,"Oklahoma","Washington County",1,23,592,297,295
050,40,147,"Oklahoma","Washington County",1,24,577,290,287
050,40,147,"Oklahoma","Washington County",1,25,564,298,266
050,40,147,"Oklahoma","Washington County",1,26,573,314,259
050,40,147,"Oklahoma","Washington County",1,27,631,303,328
050,40,147,"Oklahoma","Washington County",1,28,671,324,347
050,40,147,"Oklahoma","Washington County",1,29,648,327,321
050,40,147,"Oklahoma","Washington County",1,30,664,339,325
050,40,147,"Oklahoma","Washington County",1,31,656,335,321
050,40,147,"Oklahoma","Washington County",1,32,634,300,334
050,40,147,"Oklahoma","Washington County",1,33,698,353,345
050,40,147,"Oklahoma","Washington County",1,34,679,351,328
050,40,147,"Oklahoma","Washington County",1,35,664,338,326
050,40,147,"Oklahoma","Washington County",1,36,720,365,355
050,40,147,"Oklahoma","Washington County",1,37,737,378,359
050,40,147,"Oklahoma","Washington County",1,38,688,362,326
050,40,147,"Oklahoma","Washington County",1,39,662,342,320
050,40,147,"Oklahoma","Washington County",1,40,636,330,306
050,40,147,"Oklahoma","Washington County",1,41,589,292,297
050,40,147,"Oklahoma","Washington County",1,42,541,258,283
050,40,147,"Oklahoma","Washington County",1,43,562,275,287
050,40,147,"Oklahoma","Washington County",1,44,572,292,280
050,40,147,"Oklahoma","Washington County",1,45,563,272,291
050,40,147,"Oklahoma","Washington County",1,46,569,275,294
050,40,147,"Oklahoma","Washington County",1,47,565,262,303
050,40,147,"Oklahoma","Washington County",1,48,618,299,319
050,40,147,"Oklahoma","Washington County",1,49,651,337,314
050,40,147,"Oklahoma","Washington County",1,50,592,284,308
050,40,147,"Oklahoma","Washington County",1,51,573,259,314
050,40,147,"Oklahoma","Washington County",1,52,567,281,286
050,40,147,"Oklahoma","Washington County",1,53,559,276,283
050,40,147,"Oklahoma","Washington County",1,54,591,281,310
050,40,147,"Oklahoma","Washington County",1,55,583,268,315
050,40,147,"Oklahoma","Washington County",1,56,630,292,338
050,40,147,"Oklahoma","Washington County",1,57,674,322,352
050,40,147,"Oklahoma","Washington County",1,58,725,358,367
050,40,147,"Oklahoma","Washington County",1,59,710,310,400
050,40,147,"Oklahoma","Washington County",1,60,708,323,385
050,40,147,"Oklahoma","Washington County",1,61,692,340,352
050,40,147,"Oklahoma","Washington County",1,62,727,355,372
050,40,147,"Oklahoma","Washington County",1,63,714,334,380
050,40,147,"Oklahoma","Washington County",1,64,720,345,375
050,40,147,"Oklahoma","Washington County",1,65,661,313,348
050,40,147,"Oklahoma","Washington County",1,66,630,298,332
050,40,147,"Oklahoma","Washington County",1,67,598,288,310
050,40,147,"Oklahoma","Washington County",1,68,605,304,301
050,40,147,"Oklahoma","Washington County",1,69,518,259,259
050,40,147,"Oklahoma","Washington County",1,70,499,232,267
050,40,147,"Oklahoma","Washington County",1,71,502,230,272
050,40,147,"Oklahoma","Washington County",1,72,528,230,298
050,40,147,"Oklahoma","Washington County",1,73,551,233,318
050,40,147,"Oklahoma","Washington County",1,74,420,186,234
050,40,147,"Oklahoma","Washington County",1,75,401,168,233
050,40,147,"Oklahoma","Washington County",1,76,423,186,237
050,40,147,"Oklahoma","Washington County",1,77,400,177,223
050,40,147,"Oklahoma","Washington County",1,78,358,149,209
050,40,147,"Oklahoma","Washington County",1,79,309,128,181
050,40,147,"Oklahoma","Washington County",1,80,313,134,179
050,40,147,"Oklahoma","Washington County",1,81,311,129,182
050,40,147,"Oklahoma","Washington County",1,82,279,115,164
050,40,147,"Oklahoma","Washington County",1,83,281,114,167
050,40,147,"Oklahoma","Washington County",1,84,224,97,127
050,40,147,"Oklahoma","Washington County",1,85,1410,536,874
050,40,147,"Oklahoma","Washington County",2,0,591,307,284
050,40,147,"Oklahoma","Washington County",2,1,628,327,301
050,40,147,"Oklahoma","Washington County",2,2,641,342,299
050,40,147,"Oklahoma","Washington County",2,3,673,350,323
050,40,147,"Oklahoma","Washington County",2,4,689,343,346
050,40,147,"Oklahoma","Washington County",2,5,714,352,362
050,40,147,"Oklahoma","Washington County",2,6,673,331,342
050,40,147,"Oklahoma","Washington County",2,7,691,349,342
050,40,147,"Oklahoma","Washington County",2,8,719,377,342
050,40,147,"Oklahoma","Washington County",2,9,736,385,351
050,40,147,"Oklahoma","Washington County",2,10,739,389,350
050,40,147,"Oklahoma","Washington County",2,11,747,388,359
050,40,147,"Oklahoma","Washington County",2,12,743,386,357
050,40,147,"Oklahoma","Washington County",2,13,756,401,355
050,40,147,"Oklahoma","Washington County",2,14,726,384,342
050,40,147,"Oklahoma","Washington County",2,15,707,368,339
050,40,147,"Oklahoma","Washington County",2,16,738,377,361
050,40,147,"Oklahoma","Washington County",2,17,713,368,345
050,40,147,"Oklahoma","Washington County",2,18,658,342,316
050,40,147,"Oklahoma","Washington County",2,19,585,316,269
050,40,147,"Oklahoma","Washington County",2,20,586,315,271
050,40,147,"Oklahoma","Washington County",2,21,583,294,289
050,40,147,"Oklahoma","Washington County",2,22,576,277,299
050,40,147,"Oklahoma","Washington County",2,23,587,293,294
050,40,147,"Oklahoma","Washington County",2,24,585,293,292
050,40,147,"Oklahoma","Washington County",2,25,575,303,272
050,40,147,"Oklahoma","Washington County",2,26,576,311,265
050,40,147,"Oklahoma","Washington County",2,27,617,303,314
050,40,147,"Oklahoma","Washington County",2,28,668,320,348
050,40,147,"Oklahoma","Washington County",2,29,652,325,327
050,40,147,"Oklahoma","Washington County",2,30,670,339,331
050,40,147,"Oklahoma","Washington County",2,31,662,336,326
050,40,147,"Oklahoma","Washington County",2,32,645,311,334
050,40,147,"Oklahoma","Washington County",2,33,690,344,346
050,40,147,"Oklahoma","Washington County",2,34,683,352,331
050,40,147,"Oklahoma","Washington County",2,35,672,345,327
050,40,147,"Oklahoma","Washington County",2,36,702,357,345
050,40,147,"Oklahoma","Washington County",2,37,737,374,363
050,40,147,"Oklahoma","Washington County",2,38,703,368,335
050,40,147,"Oklahoma","Washington County",2,39,671,349,322
050,40,147,"Oklahoma","Washington County",2,40,652,338,314
050,40,147,"Oklahoma","Washington County",2,41,598,298,300
050,40,147,"Oklahoma","Washington County",2,42,552,268,284
050,40,147,"Oklahoma","Washington County",2,43,567,275,292
050,40,147,"Oklahoma","Washington County",2,44,566,286,280
050,40,147,"Oklahoma","Washington County",2,45,568,277,291
050,40,147,"Oklahoma","Washington County",2,46,568,273,295
050,40,147,"Oklahoma","Washington County",2,47,564,264,300
050,40,147,"Oklahoma","Washington County",2,48,604,288,316
050,40,147,"Oklahoma","Washington County",2,49,650,332,318
050,40,147,"Oklahoma","Washington County",2,50,606,297,309
050,40,147,"Oklahoma","Washington County",2,51,577,264,313
050,40,147,"Oklahoma","Washington County",2,52,565,274,291
050,40,147,"Oklahoma","Washington County",2,53,559,276,283
050,40,147,"Oklahoma","Washington County",2,54,580,278,302
050,40,147,"Oklahoma","Washington County",2,55,581,268,313
050,40,147,"Oklahoma","Washington County",2,56,619,287,332
050,40,147,"Oklahoma","Washington County",2,57,666,316,350
050,40,147,"Oklahoma","Washington County",2,58,710,347,363
050,40,147,"Oklahoma","Washington County",2,59,717,323,394
050,40,147,"Oklahoma","Washington County",2,60,708,322,386
050,40,147,"Oklahoma","Washington County",2,61,692,332,360
050,40,147,"Oklahoma","Washington County",2,62,720,353,367
050,40,147,"Oklahoma","Washington County",2,63,724,341,383
050,40,147,"Oklahoma","Washington County",2,64,712,338,374
050,40,147,"Oklahoma","Washington County",2,65,671,320,351
050,40,147,"Oklahoma","Washington County",2,66,639,303,336
050,40,147,"Oklahoma","Washington County",2,67,605,290,315
050,40,147,"Oklahoma","Washington County",2,68,598,298,300
050,40,147,"Oklahoma","Washington County",2,69,538,269,269
050,40,147,"Oklahoma","Washington County",2,70,500,238,262
050,40,147,"Oklahoma","Washington County",2,71,500,230,270
050,40,147,"Oklahoma","Washington County",2,72,512,224,288
050,40,147,"Oklahoma","Washington County",2,73,576,246,330
050,40,147,"Oklahoma","Washington County",2,74,424,185,239
050,40,147,"Oklahoma","Washington County",2,75,407,173,234
050,40,147,"Oklahoma","Washington County",2,76,412,178,234
050,40,147,"Oklahoma","Washington County",2,77,413,182,231
050,40,147,"Oklahoma","Washington County",2,78,357,150,207
050,40,147,"Oklahoma","Washington County",2,79,315,131,184
050,40,147,"Oklahoma","Washington County",2,80,306,129,177
050,40,147,"Oklahoma","Washington County",2,81,306,127,179
050,40,147,"Oklahoma","Washington County",2,82,288,119,169
050,40,147,"Oklahoma","Washington County",2,83,281,113,168
050,40,147,"Oklahoma","Washington County",2,84,226,95,131
050,40,147,"Oklahoma","Washington County",2,85,1409,540,869
050,40,147,"Oklahoma","Washington County",3,0,605,328,277
050,40,147,"Oklahoma","Washington County",3,1,638,338,300
050,40,147,"Oklahoma","Washington County",3,2,652,347,305
050,40,147,"Oklahoma","Washington County",3,3,646,347,299
050,40,147,"Oklahoma","Washington County",3,4,686,367,319
050,40,147,"Oklahoma","Washington County",3,5,721,364,357
050,40,147,"Oklahoma","Washington County",3,6,727,368,359
050,40,147,"Oklahoma","Washington County",3,7,698,337,361
050,40,147,"Oklahoma","Washington County",3,8,687,346,341
050,40,147,"Oklahoma","Washington County",3,9,723,373,350
050,40,147,"Oklahoma","Washington County",3,10,759,395,364
050,40,147,"Oklahoma","Washington County",3,11,734,383,351
050,40,147,"Oklahoma","Washington County",3,12,746,392,354
050,40,147,"Oklahoma","Washington County",3,13,751,384,367
050,40,147,"Oklahoma","Washington County",3,14,768,398,370
050,40,147,"Oklahoma","Washington County",3,15,728,387,341
050,40,147,"Oklahoma","Washington County",3,16,713,370,343
050,40,147,"Oklahoma","Washington County",3,17,742,374,368
050,40,147,"Oklahoma","Washington County",3,18,689,358,331
050,40,147,"Oklahoma","Washington County",3,19,588,316,272
050,40,147,"Oklahoma","Washington County",3,20,599,320,279
050,40,147,"Oklahoma","Washington County",3,21,607,315,292
050,40,147,"Oklahoma","Washington County",3,22,592,293,299
050,40,147,"Oklahoma","Washington County",3,23,564,272,292
050,40,147,"Oklahoma","Washington County",3,24,621,303,318
050,40,147,"Oklahoma","Washington County",3,25,579,292,287
050,40,147,"Oklahoma","Washington County",3,26,563,290,273
050,40,147,"Oklahoma","Washington County",3,27,600,312,288
050,40,147,"Oklahoma","Washington County",3,28,634,296,338
050,40,147,"Oklahoma","Washington County",3,29,697,337,360
050,40,147,"Oklahoma","Washington County",3,30,671,338,333
050,40,147,"Oklahoma","Washington County",3,31,678,341,337
050,40,147,"Oklahoma","Washington County",3,32,661,344,317
050,40,147,"Oklahoma","Washington County",3,33,656,316,340
050,40,147,"Oklahoma","Washington County",3,34,681,344,337
050,40,147,"Oklahoma","Washington County",3,35,690,358,332
050,40,147,"Oklahoma","Washington County",3,36,691,361,330
050,40,147,"Oklahoma","Washington County",3,37,709,347,362
050,40,147,"Oklahoma","Washington County",3,38,712,359,353
050,40,147,"Oklahoma","Washington County",3,39,706,376,330
050,40,147,"Oklahoma","Washington County",3,40,678,359,319
050,40,147,"Oklahoma","Washington County",3,41,652,331,321
050,40,147,"Oklahoma","Washington County",3,42,597,295,302
050,40,147,"Oklahoma","Washington County",3,43,575,287,288
050,40,147,"Oklahoma","Washington County",3,44,562,270,292
050,40,147,"Oklahoma","Washington County",3,45,561,275,286
050,40,147,"Oklahoma","Washington County",3,46,575,286,289
050,40,147,"Oklahoma","Washington County",3,47,571,273,298
050,40,147,"Oklahoma","Washington County",3,48,568,265,303
050,40,147,"Oklahoma","Washington County",3,49,609,287,322
050,40,147,"Oklahoma","Washington County",3,50,638,326,312
050,40,147,"Oklahoma","Washington County",3,51,595,301,294
050,40,147,"Oklahoma","Washington County",3,52,592,277,315
050,40,147,"Oklahoma","Washington County",3,53,555,261,294
050,40,147,"Oklahoma","Washington County",3,54,567,283,284
050,40,147,"Oklahoma","Washington County",3,55,582,275,307
050,40,147,"Oklahoma","Washington County",3,56,567,261,306
050,40,147,"Oklahoma","Washington County",3,57,613,285,328
050,40,147,"Oklahoma","Washington County",3,58,647,293,354
050,40,147,"Oklahoma","Washington County",3,59,699,341,358
050,40,147,"Oklahoma","Washington County",3,60,739,345,394
050,40,147,"Oklahoma","Washington County",3,61,689,313,376
050,40,147,"Oklahoma","Washington County",3,62,673,322,351
050,40,147,"Oklahoma","Washington County",3,63,727,350,377
050,40,147,"Oklahoma","Washington County",3,64,710,336,374
050,40,147,"Oklahoma","Washington County",3,65,712,340,372
050,40,147,"Oklahoma","Washington County",3,66,669,315,354
050,40,147,"Oklahoma","Washington County",3,67,626,291,335
050,40,147,"Oklahoma","Washington County",3,68,598,283,315
050,40,147,"Oklahoma","Washington County",3,69,574,282,292
050,40,147,"Oklahoma","Washington County",3,70,532,274,258
050,40,147,"Oklahoma","Washington County",3,71,487,233,254
050,40,147,"Oklahoma","Washington County",3,72,480,218,262
050,40,147,"Oklahoma","Washington County",3,73,505,219,286
050,40,147,"Oklahoma","Washington County",3,74,569,246,323
050,40,147,"Oklahoma","Washington County",3,75,402,173,229
050,40,147,"Oklahoma","Washington County",3,76,401,167,234
050,40,147,"Oklahoma","Washington County",3,77,396,170,226
050,40,147,"Oklahoma","Washington County",3,78,394,171,223
050,40,147,"Oklahoma","Washington County",3,79,323,133,190
050,40,147,"Oklahoma","Washington County",3,80,308,131,177
050,40,147,"Oklahoma","Washington County",3,81,290,119,171
050,40,147,"Oklahoma","Washington County",3,82,275,106,169
050,40,147,"Oklahoma","Washington County",3,83,274,110,164
050,40,147,"Oklahoma","Washington County",3,84,237,94,143
050,40,147,"Oklahoma","Washington County",3,85,1398,539,859
050,40,147,"Oklahoma","Washington County",4,0,580,302,278
050,40,147,"Oklahoma","Washington County",4,1,600,317,283
050,40,147,"Oklahoma","Washington County",4,2,655,334,321
050,40,147,"Oklahoma","Washington County",4,3,654,353,301
050,40,147,"Oklahoma","Washington County",4,4,668,361,307
050,40,147,"Oklahoma","Washington County",4,5,726,388,338
050,40,147,"Oklahoma","Washington County",4,6,728,372,356
050,40,147,"Oklahoma","Washington County",4,7,746,366,380
050,40,147,"Oklahoma","Washington County",4,8,708,333,375
050,40,147,"Oklahoma","Washington County",4,9,709,348,361
050,40,147,"Oklahoma","Washington County",4,10,750,382,368
050,40,147,"Oklahoma","Washington County",4,11,727,384,343
050,40,147,"Oklahoma","Washington County",4,12,747,386,361
050,40,147,"Oklahoma","Washington County",4,13,765,400,365
050,40,147,"Oklahoma","Washington County",4,14,782,406,376
050,40,147,"Oklahoma","Washington County",4,15,802,420,382
050,40,147,"Oklahoma","Washington County",4,16,748,393,355
050,40,147,"Oklahoma","Washington County",4,17,720,380,340
050,40,147,"Oklahoma","Washington County",4,18,706,358,348
050,40,147,"Oklahoma","Washington County",4,19,601,324,277
050,40,147,"Oklahoma","Washington County",4,20,593,312,281
050,40,147,"Oklahoma","Washington County",4,21,626,330,296
050,40,147,"Oklahoma","Washington County",4,22,592,297,295
050,40,147,"Oklahoma","Washington County",4,23,557,282,275
050,40,147,"Oklahoma","Washington County",4,24,553,266,287
050,40,147,"Oklahoma","Washington County",4,25,581,280,301
050,40,147,"Oklahoma","Washington County",4,26,596,301,295
050,40,147,"Oklahoma","Washington County",4,27,573,292,281
050,40,147,"Oklahoma","Washington County",4,28,618,313,305
050,40,147,"Oklahoma","Washington County",4,29,622,287,335
050,40,147,"Oklahoma","Washington County",4,30,713,356,357
050,40,147,"Oklahoma","Washington County",4,31,688,350,338
050,40,147,"Oklahoma","Washington County",4,32,685,340,345
050,40,147,"Oklahoma","Washington County",4,33,695,365,330
050,40,147,"Oklahoma","Washington County",4,34,645,314,331
050,40,147,"Oklahoma","Washington County",4,35,697,345,352
050,40,147,"Oklahoma","Washington County",4,36,687,347,340
050,40,147,"Oklahoma","Washington County",4,37,714,370,344
050,40,147,"Oklahoma","Washington County",4,38,702,347,355
050,40,147,"Oklahoma","Washington County",4,39,719,355,364
050,40,147,"Oklahoma","Washington County",4,40,739,393,346
050,40,147,"Oklahoma","Washington County",4,41,681,362,319
050,40,147,"Oklahoma","Washington County",4,42,657,329,328
050,40,147,"Oklahoma","Washington County",4,43,612,311,301
050,40,147,"Oklahoma","Washington County",4,44,571,288,283
050,40,147,"Oklahoma","Washington County",4,45,554,269,285
050,40,147,"Oklahoma","Washington County",4,46,565,281,284
050,40,147,"Oklahoma","Washington County",4,47,570,281,289
050,40,147,"Oklahoma","Washington County",4,48,564,271,293
050,40,147,"Oklahoma","Washington County",4,49,586,278,308
050,40,147,"Oklahoma","Washington County",4,50,614,293,321
050,40,147,"Oklahoma","Washington County",4,51,630,309,321
050,40,147,"Oklahoma","Washington County",4,52,594,299,295
050,40,147,"Oklahoma","Washington County",4,53,587,268,319
050,40,147,"Oklahoma","Washington County",4,54,566,276,290
050,40,147,"Oklahoma","Washington County",4,55,559,274,285
050,40,147,"Oklahoma","Washington County",4,56,580,276,304
050,40,147,"Oklahoma","Washington County",4,57,564,258,306
050,40,147,"Oklahoma","Washington County",4,58,598,272,326
050,40,147,"Oklahoma","Washington County",4,59,667,305,362
050,40,147,"Oklahoma","Washington County",4,60,710,343,367
050,40,147,"Oklahoma","Washington County",4,61,736,337,399
050,40,147,"Oklahoma","Washington County",4,62,687,313,374
050,40,147,"Oklahoma","Washington County",4,63,678,334,344
050,40,147,"Oklahoma","Washington County",4,64,720,347,373
050,40,147,"Oklahoma","Washington County",4,65,688,332,356
050,40,147,"Oklahoma","Washington County",4,66,710,344,366
050,40,147,"Oklahoma","Washington County",4,67,673,314,359
050,40,147,"Oklahoma","Washington County",4,68,626,294,332
050,40,147,"Oklahoma","Washington County",4,69,590,286,304
050,40,147,"Oklahoma","Washington County",4,70,569,284,285
050,40,147,"Oklahoma","Washington County",4,71,523,267,256
050,40,147,"Oklahoma","Washington County",4,72,478,222,256
050,40,147,"Oklahoma","Washington County",4,73,482,214,268
050,40,147,"Oklahoma","Washington County",4,74,490,219,271
050,40,147,"Oklahoma","Washington County",4,75,549,232,317
050,40,147,"Oklahoma","Washington County",4,76,389,165,224
050,40,147,"Oklahoma","Washington County",4,77,390,168,222
050,40,147,"Oklahoma","Washington County",4,78,372,153,219
050,40,147,"Oklahoma","Washington County",4,79,365,156,209
050,40,147,"Oklahoma","Washington County",4,80,308,129,179
050,40,147,"Oklahoma","Washington County",4,81,290,122,168
050,40,147,"Oklahoma","Washington County",4,82,266,104,162
050,40,147,"Oklahoma","Washington County",4,83,267,96,171
050,40,147,"Oklahoma","Washington County",4,84,223,85,138
050,40,147,"Oklahoma","Washington County",4,85,1423,550,873
050,40,147,"Oklahoma","Washington County",5,0,583,301,282
050,40,147,"Oklahoma","Washington County",5,1,601,320,281
050,40,147,"Oklahoma","Washington County",5,2,629,330,299
050,40,147,"Oklahoma","Washington County",5,3,663,352,311
050,40,147,"Oklahoma","Washington County",5,4,689,362,327
050,40,147,"Oklahoma","Washington County",5,5,697,369,328
050,40,147,"Oklahoma","Washington County",5,6,727,381,346
050,40,147,"Oklahoma","Washington County",5,7,748,377,371
050,40,147,"Oklahoma","Washington County",5,8,785,389,396
050,40,147,"Oklahoma","Washington County",5,9,734,355,379
050,40,147,"Oklahoma","Washington County",5,10,722,355,367
050,40,147,"Oklahoma","Washington County",5,11,754,388,366
050,40,147,"Oklahoma","Washington County",5,12,758,401,357
050,40,147,"Oklahoma","Washington County",5,13,750,394,356
050,40,147,"Oklahoma","Washington County",5,14,767,407,360
050,40,147,"Oklahoma","Washington County",5,15,792,410,382
050,40,147,"Oklahoma","Washington County",5,16,796,423,373
050,40,147,"Oklahoma","Washington County",5,17,750,397,353
050,40,147,"Oklahoma","Washington County",5,18,686,365,321
050,40,147,"Oklahoma","Washington County",5,19,625,329,296
050,40,147,"Oklahoma","Washington County",5,20,629,330,299
050,40,147,"Oklahoma","Washington County",5,21,603,314,289
050,40,147,"Oklahoma","Washington County",5,22,623,320,303
050,40,147,"Oklahoma","Washington County",5,23,602,319,283
050,40,147,"Oklahoma","Washington County",5,24,596,303,293
050,40,147,"Oklahoma","Washington County",5,25,562,270,292
050,40,147,"Oklahoma","Washington County",5,26,572,266,306
050,40,147,"Oklahoma","Washington County",5,27,601,306,295
050,40,147,"Oklahoma","Washington County",5,28,596,307,289
050,40,147,"Oklahoma","Washington County",5,29,599,311,288
050,40,147,"Oklahoma","Washington County",5,30,638,297,341
050,40,147,"Oklahoma","Washington County",5,31,733,361,372
050,40,147,"Oklahoma","Washington County",5,32,673,333,340
050,40,147,"Oklahoma","Washington County",5,33,718,358,360
050,40,147,"Oklahoma","Washington County",5,34,715,373,342
050,40,147,"Oklahoma","Washington County",5,35,665,330,335
050,40,147,"Oklahoma","Washington County",5,36,697,340,357
050,40,147,"Oklahoma","Washington County",5,37,714,367,347
050,40,147,"Oklahoma","Washington County",5,38,688,355,333
050,40,147,"Oklahoma","Washington County",5,39,698,347,351
050,40,147,"Oklahoma","Washington County",5,40,730,361,369
050,40,147,"Oklahoma","Washington County",5,41,732,385,347
050,40,147,"Oklahoma","Washington County",5,42,671,361,310
050,40,147,"Oklahoma","Washington County",5,43,678,340,338
050,40,147,"Oklahoma","Washington County",5,44,623,316,307
050,40,147,"Oklahoma","Washington County",5,45,578,289,289
050,40,147,"Oklahoma","Washington County",5,46,552,266,286
050,40,147,"Oklahoma","Washington County",5,47,569,276,293
050,40,147,"Oklahoma","Washington County",5,48,575,278,297
050,40,147,"Oklahoma","Washington County",5,49,568,275,293
050,40,147,"Oklahoma","Washington County",5,50,579,276,303
050,40,147,"Oklahoma","Washington County",5,51,619,292,327
050,40,147,"Oklahoma","Washington County",5,52,623,306,317
050,40,147,"Oklahoma","Washington County",5,53,601,296,305
050,40,147,"Oklahoma","Washington County",5,54,595,281,314
050,40,147,"Oklahoma","Washington County",5,55,552,261,291
050,40,147,"Oklahoma","Washington County",5,56,562,269,293
050,40,147,"Oklahoma","Washington County",5,57,572,280,292
050,40,147,"Oklahoma","Washington County",5,58,552,252,300
050,40,147,"Oklahoma","Washington County",5,59,602,274,328
050,40,147,"Oklahoma","Washington County",5,60,688,313,375
050,40,147,"Oklahoma","Washington County",5,61,699,330,369
050,40,147,"Oklahoma","Washington County",5,62,738,331,407
050,40,147,"Oklahoma","Washington County",5,63,693,315,378
050,40,147,"Oklahoma","Washington County",5,64,693,344,349
050,40,147,"Oklahoma","Washington County",5,65,710,345,365
050,40,147,"Oklahoma","Washington County",5,66,680,335,345
050,40,147,"Oklahoma","Washington County",5,67,701,339,362
050,40,147,"Oklahoma","Washington County",5,68,664,302,362
050,40,147,"Oklahoma","Washington County",5,69,606,283,323
050,40,147,"Oklahoma","Washington County",5,70,586,285,301
050,40,147,"Oklahoma","Washington County",5,71,566,287,279
050,40,147,"Oklahoma","Washington County",5,72,511,259,252
050,40,147,"Oklahoma","Washington County",5,73,466,214,252
050,40,147,"Oklahoma","Washington County",5,74,467,213,254
050,40,147,"Oklahoma","Washington County",5,75,471,207,264
050,40,147,"Oklahoma","Washington County",5,76,532,221,311
050,40,147,"Oklahoma","Washington County",5,77,380,165,215
050,40,147,"Oklahoma","Washington County",5,78,373,156,217
050,40,147,"Oklahoma","Washington County",5,79,347,143,204
050,40,147,"Oklahoma","Washington County",5,80,347,146,201
050,40,147,"Oklahoma","Washington County",5,81,283,118,165
050,40,147,"Oklahoma","Washington County",5,82,271,111,160
050,40,147,"Oklahoma","Washington County",5,83,259,94,165
050,40,147,"Oklahoma","Washington County",5,84,220,78,142
050,40,147,"Oklahoma","Washington County",5,85,1444,556,888
050,40,149,"Oklahoma","Washita County",1,0,119,60,59
050,40,149,"Oklahoma","Washita County",1,1,117,58,59
050,40,149,"Oklahoma","Washita County",1,2,133,67,66
050,40,149,"Oklahoma","Washita County",1,3,137,76,61
050,40,149,"Oklahoma","Washita County",1,4,133,77,56
050,40,149,"Oklahoma","Washita County",1,5,173,92,81
050,40,149,"Oklahoma","Washita County",1,6,167,90,77
050,40,149,"Oklahoma","Washita County",1,7,159,84,75
050,40,149,"Oklahoma","Washita County",1,8,150,78,72
050,40,149,"Oklahoma","Washita County",1,9,141,70,71
050,40,149,"Oklahoma","Washita County",1,10,163,81,82
050,40,149,"Oklahoma","Washita County",1,11,153,84,69
050,40,149,"Oklahoma","Washita County",1,12,152,72,80
050,40,149,"Oklahoma","Washita County",1,13,172,82,90
050,40,149,"Oklahoma","Washita County",1,14,142,72,70
050,40,149,"Oklahoma","Washita County",1,15,175,103,72
050,40,149,"Oklahoma","Washita County",1,16,170,91,79
050,40,149,"Oklahoma","Washita County",1,17,161,85,76
050,40,149,"Oklahoma","Washita County",1,18,133,61,72
050,40,149,"Oklahoma","Washita County",1,19,105,50,55
050,40,149,"Oklahoma","Washita County",1,20,101,54,47
050,40,149,"Oklahoma","Washita County",1,21,116,64,52
050,40,149,"Oklahoma","Washita County",1,22,101,49,52
050,40,149,"Oklahoma","Washita County",1,23,94,46,48
050,40,149,"Oklahoma","Washita County",1,24,93,41,52
050,40,149,"Oklahoma","Washita County",1,25,100,42,58
050,40,149,"Oklahoma","Washita County",1,26,120,59,61
050,40,149,"Oklahoma","Washita County",1,27,145,77,68
050,40,149,"Oklahoma","Washita County",1,28,136,70,66
050,40,149,"Oklahoma","Washita County",1,29,135,71,64
050,40,149,"Oklahoma","Washita County",1,30,117,58,59
050,40,149,"Oklahoma","Washita County",1,31,124,54,70
050,40,149,"Oklahoma","Washita County",1,32,132,66,66
050,40,149,"Oklahoma","Washita County",1,33,134,75,59
050,40,149,"Oklahoma","Washita County",1,34,139,66,73
050,40,149,"Oklahoma","Washita County",1,35,140,66,74
050,40,149,"Oklahoma","Washita County",1,36,143,75,68
050,40,149,"Oklahoma","Washita County",1,37,151,79,72
050,40,149,"Oklahoma","Washita County",1,38,136,70,66
050,40,149,"Oklahoma","Washita County",1,39,136,71,65
050,40,149,"Oklahoma","Washita County",1,40,148,78,70
050,40,149,"Oklahoma","Washita County",1,41,133,61,72
050,40,149,"Oklahoma","Washita County",1,42,128,62,66
050,40,149,"Oklahoma","Washita County",1,43,117,59,58
050,40,149,"Oklahoma","Washita County",1,44,106,54,52
050,40,149,"Oklahoma","Washita County",1,45,112,57,55
050,40,149,"Oklahoma","Washita County",1,46,101,54,47
050,40,149,"Oklahoma","Washita County",1,47,108,53,55
050,40,149,"Oklahoma","Washita County",1,48,122,59,63
050,40,149,"Oklahoma","Washita County",1,49,139,67,72
050,40,149,"Oklahoma","Washita County",1,50,124,62,62
050,40,149,"Oklahoma","Washita County",1,51,115,55,60
050,40,149,"Oklahoma","Washita County",1,52,120,65,55
050,40,149,"Oklahoma","Washita County",1,53,140,83,57
050,40,149,"Oklahoma","Washita County",1,54,133,73,60
050,40,149,"Oklahoma","Washita County",1,55,127,65,62
050,40,149,"Oklahoma","Washita County",1,56,146,65,81
050,40,149,"Oklahoma","Washita County",1,57,159,81,78
050,40,149,"Oklahoma","Washita County",1,58,181,88,93
050,40,149,"Oklahoma","Washita County",1,59,169,91,78
050,40,149,"Oklahoma","Washita County",1,60,156,88,68
050,40,149,"Oklahoma","Washita County",1,61,164,80,84
050,40,149,"Oklahoma","Washita County",1,62,160,81,79
050,40,149,"Oklahoma","Washita County",1,63,160,80,80
050,40,149,"Oklahoma","Washita County",1,64,175,100,75
050,40,149,"Oklahoma","Washita County",1,65,157,71,86
050,40,149,"Oklahoma","Washita County",1,66,146,65,81
050,40,149,"Oklahoma","Washita County",1,67,127,54,73
050,40,149,"Oklahoma","Washita County",1,68,133,70,63
050,40,149,"Oklahoma","Washita County",1,69,118,56,62
050,40,149,"Oklahoma","Washita County",1,70,111,50,61
050,40,149,"Oklahoma","Washita County",1,71,94,43,51
050,40,149,"Oklahoma","Washita County",1,72,107,51,56
050,40,149,"Oklahoma","Washita County",1,73,94,40,54
050,40,149,"Oklahoma","Washita County",1,74,73,33,40
050,40,149,"Oklahoma","Washita County",1,75,71,35,36
050,40,149,"Oklahoma","Washita County",1,76,77,34,43
050,40,149,"Oklahoma","Washita County",1,77,89,39,50
050,40,149,"Oklahoma","Washita County",1,78,77,37,40
050,40,149,"Oklahoma","Washita County",1,79,60,25,35
050,40,149,"Oklahoma","Washita County",1,80,49,22,27
050,40,149,"Oklahoma","Washita County",1,81,50,26,24
050,40,149,"Oklahoma","Washita County",1,82,50,27,23
050,40,149,"Oklahoma","Washita County",1,83,46,22,24
050,40,149,"Oklahoma","Washita County",1,84,46,15,31
050,40,149,"Oklahoma","Washita County",1,85,255,74,181
050,40,149,"Oklahoma","Washita County",2,0,128,67,61
050,40,149,"Oklahoma","Washita County",2,1,117,58,59
050,40,149,"Oklahoma","Washita County",2,2,131,67,64
050,40,149,"Oklahoma","Washita County",2,3,134,73,61
050,40,149,"Oklahoma","Washita County",2,4,134,76,58
050,40,149,"Oklahoma","Washita County",2,5,164,89,75
050,40,149,"Oklahoma","Washita County",2,6,169,91,78
050,40,149,"Oklahoma","Washita County",2,7,162,87,75
050,40,149,"Oklahoma","Washita County",2,8,151,78,73
050,40,149,"Oklahoma","Washita County",2,9,147,73,74
050,40,149,"Oklahoma","Washita County",2,10,159,79,80
050,40,149,"Oklahoma","Washita County",2,11,153,81,72
050,40,149,"Oklahoma","Washita County",2,12,157,78,79
050,40,149,"Oklahoma","Washita County",2,13,166,80,86
050,40,149,"Oklahoma","Washita County",2,14,148,75,73
050,40,149,"Oklahoma","Washita County",2,15,170,97,73
050,40,149,"Oklahoma","Washita County",2,16,172,95,77
050,40,149,"Oklahoma","Washita County",2,17,162,85,77
050,40,149,"Oklahoma","Washita County",2,18,130,62,68
050,40,149,"Oklahoma","Washita County",2,19,104,50,54
050,40,149,"Oklahoma","Washita County",2,20,101,52,49
050,40,149,"Oklahoma","Washita County",2,21,110,60,50
050,40,149,"Oklahoma","Washita County",2,22,103,52,51
050,40,149,"Oklahoma","Washita County",2,23,97,48,49
050,40,149,"Oklahoma","Washita County",2,24,93,42,51
050,40,149,"Oklahoma","Washita County",2,25,98,41,57
050,40,149,"Oklahoma","Washita County",2,26,119,57,62
050,40,149,"Oklahoma","Washita County",2,27,138,74,64
050,40,149,"Oklahoma","Washita County",2,28,139,72,67
050,40,149,"Oklahoma","Washita County",2,29,132,68,64
050,40,149,"Oklahoma","Washita County",2,30,123,61,62
050,40,149,"Oklahoma","Washita County",2,31,124,55,69
050,40,149,"Oklahoma","Washita County",2,32,129,62,67
050,40,149,"Oklahoma","Washita County",2,33,132,72,60
050,40,149,"Oklahoma","Washita County",2,34,137,67,70
050,40,149,"Oklahoma","Washita County",2,35,142,68,74
050,40,149,"Oklahoma","Washita County",2,36,143,73,70
050,40,149,"Oklahoma","Washita County",2,37,147,77,70
050,40,149,"Oklahoma","Washita County",2,38,139,72,67
050,40,149,"Oklahoma","Washita County",2,39,136,71,65
050,40,149,"Oklahoma","Washita County",2,40,145,76,69
050,40,149,"Oklahoma","Washita County",2,41,135,64,71
050,40,149,"Oklahoma","Washita County",2,42,128,61,67
050,40,149,"Oklahoma","Washita County",2,43,120,60,60
050,40,149,"Oklahoma","Washita County",2,44,106,54,52
050,40,149,"Oklahoma","Washita County",2,45,113,57,56
050,40,149,"Oklahoma","Washita County",2,46,102,53,49
050,40,149,"Oklahoma","Washita County",2,47,107,53,54
050,40,149,"Oklahoma","Washita County",2,48,121,59,62
050,40,149,"Oklahoma","Washita County",2,49,139,68,71
050,40,149,"Oklahoma","Washita County",2,50,128,64,64
050,40,149,"Oklahoma","Washita County",2,51,114,58,56
050,40,149,"Oklahoma","Washita County",2,52,118,62,56
050,40,149,"Oklahoma","Washita County",2,53,134,78,56
050,40,149,"Oklahoma","Washita County",2,54,133,76,57
050,40,149,"Oklahoma","Washita County",2,55,127,67,60
050,40,149,"Oklahoma","Washita County",2,56,142,66,76
050,40,149,"Oklahoma","Washita County",2,57,154,77,77
050,40,149,"Oklahoma","Washita County",2,58,175,85,90
050,40,149,"Oklahoma","Washita County",2,59,170,90,80
050,40,149,"Oklahoma","Washita County",2,60,158,88,70
050,40,149,"Oklahoma","Washita County",2,61,161,81,80
050,40,149,"Oklahoma","Washita County",2,62,159,80,79
050,40,149,"Oklahoma","Washita County",2,63,163,82,81
050,40,149,"Oklahoma","Washita County",2,64,170,94,76
050,40,149,"Oklahoma","Washita County",2,65,162,78,84
050,40,149,"Oklahoma","Washita County",2,66,146,65,81
050,40,149,"Oklahoma","Washita County",2,67,131,57,74
050,40,149,"Oklahoma","Washita County",2,68,130,66,64
050,40,149,"Oklahoma","Washita County",2,69,121,59,62
050,40,149,"Oklahoma","Washita County",2,70,109,50,59
050,40,149,"Oklahoma","Washita County",2,71,99,45,54
050,40,149,"Oklahoma","Washita County",2,72,104,50,54
050,40,149,"Oklahoma","Washita County",2,73,100,43,57
050,40,149,"Oklahoma","Washita County",2,74,73,32,41
050,40,149,"Oklahoma","Washita County",2,75,72,35,37
050,40,149,"Oklahoma","Washita County",2,76,74,33,41
050,40,149,"Oklahoma","Washita County",2,77,86,37,49
050,40,149,"Oklahoma","Washita County",2,78,79,37,42
050,40,149,"Oklahoma","Washita County",2,79,64,28,36
050,40,149,"Oklahoma","Washita County",2,80,46,21,25
050,40,149,"Oklahoma","Washita County",2,81,49,25,24
050,40,149,"Oklahoma","Washita County",2,82,50,27,23
050,40,149,"Oklahoma","Washita County",2,83,46,23,23
050,40,149,"Oklahoma","Washita County",2,84,46,16,30
050,40,149,"Oklahoma","Washita County",2,85,254,74,180
050,40,149,"Oklahoma","Washita County",3,0,133,72,61
050,40,149,"Oklahoma","Washita County",3,1,137,71,66
050,40,149,"Oklahoma","Washita County",3,2,127,62,65
050,40,149,"Oklahoma","Washita County",3,3,133,74,59
050,40,149,"Oklahoma","Washita County",3,4,123,66,57
050,40,149,"Oklahoma","Washita County",3,5,144,84,60
050,40,149,"Oklahoma","Washita County",3,6,164,89,75
050,40,149,"Oklahoma","Washita County",3,7,172,86,86
050,40,149,"Oklahoma","Washita County",3,8,164,87,77
050,40,149,"Oklahoma","Washita County",3,9,168,78,90
050,40,149,"Oklahoma","Washita County",3,10,145,65,80
050,40,149,"Oklahoma","Washita County",3,11,157,82,75
050,40,149,"Oklahoma","Washita County",3,12,152,84,68
050,40,149,"Oklahoma","Washita County",3,13,160,84,76
050,40,149,"Oklahoma","Washita County",3,14,172,89,83
050,40,149,"Oklahoma","Washita County",3,15,138,70,68
050,40,149,"Oklahoma","Washita County",3,16,170,97,73
050,40,149,"Oklahoma","Washita County",3,17,168,93,75
050,40,149,"Oklahoma","Washita County",3,18,138,77,61
050,40,149,"Oklahoma","Washita County",3,19,91,46,45
050,40,149,"Oklahoma","Washita County",3,20,91,43,48
050,40,149,"Oklahoma","Washita County",3,21,109,53,56
050,40,149,"Oklahoma","Washita County",3,22,117,61,56
050,40,149,"Oklahoma","Washita County",3,23,110,55,55
050,40,149,"Oklahoma","Washita County",3,24,99,47,52
050,40,149,"Oklahoma","Washita County",3,25,104,46,58
050,40,149,"Oklahoma","Washita County",3,26,113,51,62
050,40,149,"Oklahoma","Washita County",3,27,114,53,61
050,40,149,"Oklahoma","Washita County",3,28,140,80,60
050,40,149,"Oklahoma","Washita County",3,29,144,77,67
050,40,149,"Oklahoma","Washita County",3,30,134,72,62
050,40,149,"Oklahoma","Washita County",3,31,125,62,63
050,40,149,"Oklahoma","Washita County",3,32,125,58,67
050,40,149,"Oklahoma","Washita County",3,33,128,60,68
050,40,149,"Oklahoma","Washita County",3,34,126,67,59
050,40,149,"Oklahoma","Washita County",3,35,138,72,66
050,40,149,"Oklahoma","Washita County",3,36,144,71,73
050,40,149,"Oklahoma","Washita County",3,37,148,76,72
050,40,149,"Oklahoma","Washita County",3,38,145,70,75
050,40,149,"Oklahoma","Washita County",3,39,138,70,68
050,40,149,"Oklahoma","Washita County",3,40,136,70,66
050,40,149,"Oklahoma","Washita County",3,41,147,76,71
050,40,149,"Oklahoma","Washita County",3,42,131,64,67
050,40,149,"Oklahoma","Washita County",3,43,124,58,66
050,40,149,"Oklahoma","Washita County",3,44,121,59,62
050,40,149,"Oklahoma","Washita County",3,45,109,52,57
050,40,149,"Oklahoma","Washita County",3,46,112,57,55
050,40,149,"Oklahoma","Washita County",3,47,108,56,52
050,40,149,"Oklahoma","Washita County",3,48,103,49,54
050,40,149,"Oklahoma","Washita County",3,49,121,59,62
050,40,149,"Oklahoma","Washita County",3,50,134,63,71
050,40,149,"Oklahoma","Washita County",3,51,122,59,63
050,40,149,"Oklahoma","Washita County",3,52,116,57,59
050,40,149,"Oklahoma","Washita County",3,53,123,66,57
050,40,149,"Oklahoma","Washita County",3,54,128,74,54
050,40,149,"Oklahoma","Washita County",3,55,122,73,49
050,40,149,"Oklahoma","Washita County",3,56,131,70,61
050,40,149,"Oklahoma","Washita County",3,57,138,65,73
050,40,149,"Oklahoma","Washita County",3,58,153,75,78
050,40,149,"Oklahoma","Washita County",3,59,168,79,89
050,40,149,"Oklahoma","Washita County",3,60,179,94,85
050,40,149,"Oklahoma","Washita County",3,61,166,91,75
050,40,149,"Oklahoma","Washita County",3,62,164,86,78
050,40,149,"Oklahoma","Washita County",3,63,157,74,83
050,40,149,"Oklahoma","Washita County",3,64,157,78,79
050,40,149,"Oklahoma","Washita County",3,65,170,93,77
050,40,149,"Oklahoma","Washita County",3,66,157,78,79
050,40,149,"Oklahoma","Washita County",3,67,141,63,78
050,40,149,"Oklahoma","Washita County",3,68,125,55,70
050,40,149,"Oklahoma","Washita County",3,69,127,64,63
050,40,149,"Oklahoma","Washita County",3,70,113,56,57
050,40,149,"Oklahoma","Washita County",3,71,102,46,56
050,40,149,"Oklahoma","Washita County",3,72,93,41,52
050,40,149,"Oklahoma","Washita County",3,73,104,50,54
050,40,149,"Oklahoma","Washita County",3,74,93,41,52
050,40,149,"Oklahoma","Washita County",3,75,74,34,40
050,40,149,"Oklahoma","Washita County",3,76,70,34,36
050,40,149,"Oklahoma","Washita County",3,77,68,29,39
050,40,149,"Oklahoma","Washita County",3,78,78,32,46
050,40,149,"Oklahoma","Washita County",3,79,75,33,42
050,40,149,"Oklahoma","Washita County",3,80,58,27,31
050,40,149,"Oklahoma","Washita County",3,81,44,19,25
050,40,149,"Oklahoma","Washita County",3,82,46,24,22
050,40,149,"Oklahoma","Washita County",3,83,43,22,21
050,40,149,"Oklahoma","Washita County",3,84,46,23,23
050,40,149,"Oklahoma","Washita County",3,85,254,76,178
050,40,149,"Oklahoma","Washita County",4,0,115,65,50
050,40,149,"Oklahoma","Washita County",4,1,107,63,44
050,40,149,"Oklahoma","Washita County",4,2,145,74,71
050,40,149,"Oklahoma","Washita County",4,3,122,65,57
050,40,149,"Oklahoma","Washita County",4,4,132,73,59
050,40,149,"Oklahoma","Washita County",4,5,123,69,54
050,40,149,"Oklahoma","Washita County",4,6,140,81,59
050,40,149,"Oklahoma","Washita County",4,7,168,86,82
050,40,149,"Oklahoma","Washita County",4,8,163,85,78
050,40,149,"Oklahoma","Washita County",4,9,156,82,74
050,40,149,"Oklahoma","Washita County",4,10,170,80,90
050,40,149,"Oklahoma","Washita County",4,11,138,63,75
050,40,149,"Oklahoma","Washita County",4,12,144,73,71
050,40,149,"Oklahoma","Washita County",4,13,154,82,72
050,40,149,"Oklahoma","Washita County",4,14,163,90,73
050,40,149,"Oklahoma","Washita County",4,15,168,92,76
050,40,149,"Oklahoma","Washita County",4,16,148,74,74
050,40,149,"Oklahoma","Washita County",4,17,164,97,67
050,40,149,"Oklahoma","Washita County",4,18,140,83,57
050,40,149,"Oklahoma","Washita County",4,19,97,54,43
050,40,149,"Oklahoma","Washita County",4,20,89,43,46
050,40,149,"Oklahoma","Washita County",4,21,91,39,52
050,40,149,"Oklahoma","Washita County",4,22,113,57,56
050,40,149,"Oklahoma","Washita County",4,23,121,64,57
050,40,149,"Oklahoma","Washita County",4,24,103,48,55
050,40,149,"Oklahoma","Washita County",4,25,106,47,59
050,40,149,"Oklahoma","Washita County",4,26,104,46,58
050,40,149,"Oklahoma","Washita County",4,27,107,47,60
050,40,149,"Oklahoma","Washita County",4,28,113,57,56
050,40,149,"Oklahoma","Washita County",4,29,126,73,53
050,40,149,"Oklahoma","Washita County",4,30,129,66,63
050,40,149,"Oklahoma","Washita County",4,31,131,67,64
050,40,149,"Oklahoma","Washita County",4,32,117,56,61
050,40,149,"Oklahoma","Washita County",4,33,134,67,67
050,40,149,"Oklahoma","Washita County",4,34,129,56,73
050,40,149,"Oklahoma","Washita County",4,35,130,72,58
050,40,149,"Oklahoma","Washita County",4,36,136,71,65
050,40,149,"Oklahoma","Washita County",4,37,148,74,74
050,40,149,"Oklahoma","Washita County",4,38,147,79,68
050,40,149,"Oklahoma","Washita County",4,39,146,69,77
050,40,149,"Oklahoma","Washita County",4,40,140,71,69
050,40,149,"Oklahoma","Washita County",4,41,138,74,64
050,40,149,"Oklahoma","Washita County",4,42,149,77,72
050,40,149,"Oklahoma","Washita County",4,43,126,56,70
050,40,149,"Oklahoma","Washita County",4,44,133,68,65
050,40,149,"Oklahoma","Washita County",4,45,118,60,58
050,40,149,"Oklahoma","Washita County",4,46,113,52,61
050,40,149,"Oklahoma","Washita County",4,47,107,56,51
050,40,149,"Oklahoma","Washita County",4,48,119,60,59
050,40,149,"Oklahoma","Washita County",4,49,110,52,58
050,40,149,"Oklahoma","Washita County",4,50,118,55,63
050,40,149,"Oklahoma","Washita County",4,51,133,67,66
050,40,149,"Oklahoma","Washita County",4,52,116,55,61
050,40,149,"Oklahoma","Washita County",4,53,114,55,59
050,40,149,"Oklahoma","Washita County",4,54,118,62,56
050,40,149,"Oklahoma","Washita County",4,55,125,73,52
050,40,149,"Oklahoma","Washita County",4,56,118,71,47
050,40,149,"Oklahoma","Washita County",4,57,128,69,59
050,40,149,"Oklahoma","Washita County",4,58,133,65,68
050,40,149,"Oklahoma","Washita County",4,59,151,74,77
050,40,149,"Oklahoma","Washita County",4,60,163,75,88
050,40,149,"Oklahoma","Washita County",4,61,179,92,87
050,40,149,"Oklahoma","Washita County",4,62,169,91,78
050,40,149,"Oklahoma","Washita County",4,63,153,80,73
050,40,149,"Oklahoma","Washita County",4,64,158,75,83
050,40,149,"Oklahoma","Washita County",4,65,150,76,74
050,40,149,"Oklahoma","Washita County",4,66,171,98,73
050,40,149,"Oklahoma","Washita County",4,67,152,73,79
050,40,149,"Oklahoma","Washita County",4,68,138,63,75
050,40,149,"Oklahoma","Washita County",4,69,131,59,72
050,40,149,"Oklahoma","Washita County",4,70,123,62,61
050,40,149,"Oklahoma","Washita County",4,71,110,55,55
050,40,149,"Oklahoma","Washita County",4,72,92,40,52
050,40,149,"Oklahoma","Washita County",4,73,92,40,52
050,40,149,"Oklahoma","Washita County",4,74,101,48,53
050,40,149,"Oklahoma","Washita County",4,75,89,42,47
050,40,149,"Oklahoma","Washita County",4,76,64,28,36
050,40,149,"Oklahoma","Washita County",4,77,70,29,41
050,40,149,"Oklahoma","Washita County",4,78,64,27,37
050,40,149,"Oklahoma","Washita County",4,79,80,31,49
050,40,149,"Oklahoma","Washita County",4,80,63,29,34
050,40,149,"Oklahoma","Washita County",4,81,52,25,27
050,40,149,"Oklahoma","Washita County",4,82,44,20,24
050,40,149,"Oklahoma","Washita County",4,83,37,18,19
050,40,149,"Oklahoma","Washita County",4,84,42,22,20
050,40,149,"Oklahoma","Washita County",4,85,265,85,180
050,40,149,"Oklahoma","Washita County",5,0,116,65,51
050,40,149,"Oklahoma","Washita County",5,1,105,59,46
050,40,149,"Oklahoma","Washita County",5,2,111,64,47
050,40,149,"Oklahoma","Washita County",5,3,138,74,64
050,40,149,"Oklahoma","Washita County",5,4,133,67,66
050,40,149,"Oklahoma","Washita County",5,5,137,68,69
050,40,149,"Oklahoma","Washita County",5,6,124,70,54
050,40,149,"Oklahoma","Washita County",5,7,135,73,62
050,40,149,"Oklahoma","Washita County",5,8,175,87,88
050,40,149,"Oklahoma","Washita County",5,9,168,89,79
050,40,149,"Oklahoma","Washita County",5,10,170,96,74
050,40,149,"Oklahoma","Washita County",5,11,161,79,82
050,40,149,"Oklahoma","Washita County",5,12,143,70,73
050,40,149,"Oklahoma","Washita County",5,13,141,71,70
050,40,149,"Oklahoma","Washita County",5,14,152,79,73
050,40,149,"Oklahoma","Washita County",5,15,157,83,74
050,40,149,"Oklahoma","Washita County",5,16,165,89,76
050,40,149,"Oklahoma","Washita County",5,17,146,74,72
050,40,149,"Oklahoma","Washita County",5,18,137,81,56
050,40,149,"Oklahoma","Washita County",5,19,113,67,46
050,40,149,"Oklahoma","Washita County",5,20,94,51,43
050,40,149,"Oklahoma","Washita County",5,21,88,43,45
050,40,149,"Oklahoma","Washita County",5,22,93,39,54
050,40,149,"Oklahoma","Washita County",5,23,127,66,61
050,40,149,"Oklahoma","Washita County",5,24,120,58,62
050,40,149,"Oklahoma","Washita County",5,25,107,55,52
050,40,149,"Oklahoma","Washita County",5,26,110,51,59
050,40,149,"Oklahoma","Washita County",5,27,102,44,58
050,40,149,"Oklahoma","Washita County",5,28,107,47,60
050,40,149,"Oklahoma","Washita County",5,29,112,49,63
050,40,149,"Oklahoma","Washita County",5,30,128,70,58
050,40,149,"Oklahoma","Washita County",5,31,136,74,62
050,40,149,"Oklahoma","Washita County",5,32,136,73,63
050,40,149,"Oklahoma","Washita County",5,33,127,61,66
050,40,149,"Oklahoma","Washita County",5,34,136,65,71
050,40,149,"Oklahoma","Washita County",5,35,135,60,75
050,40,149,"Oklahoma","Washita County",5,36,131,69,62
050,40,149,"Oklahoma","Washita County",5,37,136,73,63
050,40,149,"Oklahoma","Washita County",5,38,145,73,72
050,40,149,"Oklahoma","Washita County",5,39,151,86,65
050,40,149,"Oklahoma","Washita County",5,40,153,69,84
050,40,149,"Oklahoma","Washita County",5,41,149,77,72
050,40,149,"Oklahoma","Washita County",5,42,144,82,62
050,40,149,"Oklahoma","Washita County",5,43,153,77,76
050,40,149,"Oklahoma","Washita County",5,44,129,56,73
050,40,149,"Oklahoma","Washita County",5,45,127,65,62
050,40,149,"Oklahoma","Washita County",5,46,121,62,59
050,40,149,"Oklahoma","Washita County",5,47,104,48,56
050,40,149,"Oklahoma","Washita County",5,48,112,58,54
050,40,149,"Oklahoma","Washita County",5,49,111,56,55
050,40,149,"Oklahoma","Washita County",5,50,99,48,51
050,40,149,"Oklahoma","Washita County",5,51,118,57,61
050,40,149,"Oklahoma","Washita County",5,52,135,65,70
050,40,149,"Oklahoma","Washita County",5,53,114,50,64
050,40,149,"Oklahoma","Washita County",5,54,111,52,59
050,40,149,"Oklahoma","Washita County",5,55,117,60,57
050,40,149,"Oklahoma","Washita County",5,56,123,69,54
050,40,149,"Oklahoma","Washita County",5,57,112,71,41
050,40,149,"Oklahoma","Washita County",5,58,135,70,65
050,40,149,"Oklahoma","Washita County",5,59,131,64,67
050,40,149,"Oklahoma","Washita County",5,60,149,71,78
050,40,149,"Oklahoma","Washita County",5,61,166,80,86
050,40,149,"Oklahoma","Washita County",5,62,176,97,79
050,40,149,"Oklahoma","Washita County",5,63,172,93,79
050,40,149,"Oklahoma","Washita County",5,64,150,76,74
050,40,149,"Oklahoma","Washita County",5,65,160,74,86
050,40,149,"Oklahoma","Washita County",5,66,144,78,66
050,40,149,"Oklahoma","Washita County",5,67,165,90,75
050,40,149,"Oklahoma","Washita County",5,68,146,70,76
050,40,149,"Oklahoma","Washita County",5,69,138,63,75
050,40,149,"Oklahoma","Washita County",5,70,129,56,73
050,40,149,"Oklahoma","Washita County",5,71,117,60,57
050,40,149,"Oklahoma","Washita County",5,72,109,53,56
050,40,149,"Oklahoma","Washita County",5,73,89,41,48
050,40,149,"Oklahoma","Washita County",5,74,87,36,51
050,40,149,"Oklahoma","Washita County",5,75,92,47,45
050,40,149,"Oklahoma","Washita County",5,76,79,35,44
050,40,149,"Oklahoma","Washita County",5,77,61,24,37
050,40,149,"Oklahoma","Washita County",5,78,69,29,40
050,40,149,"Oklahoma","Washita County",5,79,67,26,41
050,40,149,"Oklahoma","Washita County",5,80,71,27,44
050,40,149,"Oklahoma","Washita County",5,81,60,28,32
050,40,149,"Oklahoma","Washita County",5,82,52,26,26
050,40,149,"Oklahoma","Washita County",5,83,32,13,19
050,40,149,"Oklahoma","Washita County",5,84,35,16,19
050,40,149,"Oklahoma","Washita County",5,85,275,94,181
050,40,151,"Oklahoma","Woods County",1,0,96,52,44
050,40,151,"Oklahoma","Woods County",1,1,100,62,38
050,40,151,"Oklahoma","Woods County",1,2,87,46,41
050,40,151,"Oklahoma","Woods County",1,3,91,47,44
050,40,151,"Oklahoma","Woods County",1,4,96,50,46
050,40,151,"Oklahoma","Woods County",1,5,119,56,63
050,40,151,"Oklahoma","Woods County",1,6,111,56,55
050,40,151,"Oklahoma","Woods County",1,7,106,53,53
050,40,151,"Oklahoma","Woods County",1,8,99,58,41
050,40,151,"Oklahoma","Woods County",1,9,100,53,47
050,40,151,"Oklahoma","Woods County",1,10,99,55,44
050,40,151,"Oklahoma","Woods County",1,11,111,59,52
050,40,151,"Oklahoma","Woods County",1,12,107,50,57
050,40,151,"Oklahoma","Woods County",1,13,105,55,50
050,40,151,"Oklahoma","Woods County",1,14,92,49,43
050,40,151,"Oklahoma","Woods County",1,15,88,50,38
050,40,151,"Oklahoma","Woods County",1,16,90,48,42
050,40,151,"Oklahoma","Woods County",1,17,91,47,44
050,40,151,"Oklahoma","Woods County",1,18,150,88,62
050,40,151,"Oklahoma","Woods County",1,19,350,212,138
050,40,151,"Oklahoma","Woods County",1,20,289,174,115
050,40,151,"Oklahoma","Woods County",1,21,254,161,93
050,40,151,"Oklahoma","Woods County",1,22,198,111,87
050,40,151,"Oklahoma","Woods County",1,23,146,95,51
050,40,151,"Oklahoma","Woods County",1,24,109,66,43
050,40,151,"Oklahoma","Woods County",1,25,106,63,43
050,40,151,"Oklahoma","Woods County",1,26,120,68,52
050,40,151,"Oklahoma","Woods County",1,27,116,60,56
050,40,151,"Oklahoma","Woods County",1,28,119,67,52
050,40,151,"Oklahoma","Woods County",1,29,128,82,46
050,40,151,"Oklahoma","Woods County",1,30,141,88,53
050,40,151,"Oklahoma","Woods County",1,31,111,63,48
050,40,151,"Oklahoma","Woods County",1,32,99,56,43
050,40,151,"Oklahoma","Woods County",1,33,108,60,48
050,40,151,"Oklahoma","Woods County",1,34,112,57,55
050,40,151,"Oklahoma","Woods County",1,35,114,65,49
050,40,151,"Oklahoma","Woods County",1,36,113,70,43
050,40,151,"Oklahoma","Woods County",1,37,93,52,41
050,40,151,"Oklahoma","Woods County",1,38,95,48,47
050,40,151,"Oklahoma","Woods County",1,39,103,55,48
050,40,151,"Oklahoma","Woods County",1,40,101,53,48
050,40,151,"Oklahoma","Woods County",1,41,98,48,50
050,40,151,"Oklahoma","Woods County",1,42,88,44,44
050,40,151,"Oklahoma","Woods County",1,43,68,33,35
050,40,151,"Oklahoma","Woods County",1,44,80,41,39
050,40,151,"Oklahoma","Woods County",1,45,78,45,33
050,40,151,"Oklahoma","Woods County",1,46,69,35,34
050,40,151,"Oklahoma","Woods County",1,47,64,35,29
050,40,151,"Oklahoma","Woods County",1,48,64,34,30
050,40,151,"Oklahoma","Woods County",1,49,74,40,34
050,40,151,"Oklahoma","Woods County",1,50,85,36,49
050,40,151,"Oklahoma","Woods County",1,51,78,45,33
050,40,151,"Oklahoma","Woods County",1,52,87,51,36
050,40,151,"Oklahoma","Woods County",1,53,81,35,46
050,40,151,"Oklahoma","Woods County",1,54,97,49,48
050,40,151,"Oklahoma","Woods County",1,55,97,50,47
050,40,151,"Oklahoma","Woods County",1,56,82,41,41
050,40,151,"Oklahoma","Woods County",1,57,96,51,45
050,40,151,"Oklahoma","Woods County",1,58,108,61,47
050,40,151,"Oklahoma","Woods County",1,59,114,55,59
050,40,151,"Oklahoma","Woods County",1,60,103,46,57
050,40,151,"Oklahoma","Woods County",1,61,88,46,42
050,40,151,"Oklahoma","Woods County",1,62,85,48,37
050,40,151,"Oklahoma","Woods County",1,63,92,46,46
050,40,151,"Oklahoma","Woods County",1,64,104,43,61
050,40,151,"Oklahoma","Woods County",1,65,95,46,49
050,40,151,"Oklahoma","Woods County",1,66,84,43,41
050,40,151,"Oklahoma","Woods County",1,67,87,46,41
050,40,151,"Oklahoma","Woods County",1,68,90,51,39
050,40,151,"Oklahoma","Woods County",1,69,83,44,39
050,40,151,"Oklahoma","Woods County",1,70,85,41,44
050,40,151,"Oklahoma","Woods County",1,71,67,36,31
050,40,151,"Oklahoma","Woods County",1,72,70,31,39
050,40,151,"Oklahoma","Woods County",1,73,70,36,34
050,40,151,"Oklahoma","Woods County",1,74,55,26,29
050,40,151,"Oklahoma","Woods County",1,75,58,28,30
050,40,151,"Oklahoma","Woods County",1,76,62,36,26
050,40,151,"Oklahoma","Woods County",1,77,52,28,24
050,40,151,"Oklahoma","Woods County",1,78,49,26,23
050,40,151,"Oklahoma","Woods County",1,79,48,22,26
050,40,151,"Oklahoma","Woods County",1,80,42,20,22
050,40,151,"Oklahoma","Woods County",1,81,41,22,19
050,40,151,"Oklahoma","Woods County",1,82,43,22,21
050,40,151,"Oklahoma","Woods County",1,83,39,19,20
050,40,151,"Oklahoma","Woods County",1,84,32,11,21
050,40,151,"Oklahoma","Woods County",1,85,227,86,141
050,40,151,"Oklahoma","Woods County",2,0,99,50,49
050,40,151,"Oklahoma","Woods County",2,1,99,60,39
050,40,151,"Oklahoma","Woods County",2,2,89,49,40
050,40,151,"Oklahoma","Woods County",2,3,89,45,44
050,40,151,"Oklahoma","Woods County",2,4,96,50,46
050,40,151,"Oklahoma","Woods County",2,5,112,54,58
050,40,151,"Oklahoma","Woods County",2,6,113,55,58
050,40,151,"Oklahoma","Woods County",2,7,106,55,51
050,40,151,"Oklahoma","Woods County",2,8,101,57,44
050,40,151,"Oklahoma","Woods County",2,9,101,55,46
050,40,151,"Oklahoma","Woods County",2,10,98,54,44
050,40,151,"Oklahoma","Woods County",2,11,105,55,50
050,40,151,"Oklahoma","Woods County",2,12,108,52,56
050,40,151,"Oklahoma","Woods County",2,13,107,54,53
050,40,151,"Oklahoma","Woods County",2,14,94,50,44
050,40,151,"Oklahoma","Woods County",2,15,89,50,39
050,40,151,"Oklahoma","Woods County",2,16,92,50,42
050,40,151,"Oklahoma","Woods County",2,17,93,50,43
050,40,151,"Oklahoma","Woods County",2,18,150,87,63
050,40,151,"Oklahoma","Woods County",2,19,346,210,136
050,40,151,"Oklahoma","Woods County",2,20,292,176,116
050,40,151,"Oklahoma","Woods County",2,21,256,162,94
050,40,151,"Oklahoma","Woods County",2,22,196,110,86
050,40,151,"Oklahoma","Woods County",2,23,145,94,51
050,40,151,"Oklahoma","Woods County",2,24,111,67,44
050,40,151,"Oklahoma","Woods County",2,25,100,59,41
050,40,151,"Oklahoma","Woods County",2,26,119,69,50
050,40,151,"Oklahoma","Woods County",2,27,112,57,55
050,40,151,"Oklahoma","Woods County",2,28,119,66,53
050,40,151,"Oklahoma","Woods County",2,29,126,79,47
050,40,151,"Oklahoma","Woods County",2,30,135,84,51
050,40,151,"Oklahoma","Woods County",2,31,116,67,49
050,40,151,"Oklahoma","Woods County",2,32,101,59,42
050,40,151,"Oklahoma","Woods County",2,33,105,58,47
050,40,151,"Oklahoma","Woods County",2,34,111,58,53
050,40,151,"Oklahoma","Woods County",2,35,113,63,50
050,40,151,"Oklahoma","Woods County",2,36,114,71,43
050,40,151,"Oklahoma","Woods County",2,37,96,54,42
050,40,151,"Oklahoma","Woods County",2,38,95,49,46
050,40,151,"Oklahoma","Woods County",2,39,100,52,48
050,40,151,"Oklahoma","Woods County",2,40,101,53,48
050,40,151,"Oklahoma","Woods County",2,41,99,50,49
050,40,151,"Oklahoma","Woods County",2,42,91,46,45
050,40,151,"Oklahoma","Woods County",2,43,70,34,36
050,40,151,"Oklahoma","Woods County",2,44,76,40,36
050,40,151,"Oklahoma","Woods County",2,45,77,42,35
050,40,151,"Oklahoma","Woods County",2,46,68,35,33
050,40,151,"Oklahoma","Woods County",2,47,65,35,30
050,40,151,"Oklahoma","Woods County",2,48,64,35,29
050,40,151,"Oklahoma","Woods County",2,49,72,39,33
050,40,151,"Oklahoma","Woods County",2,50,81,36,45
050,40,151,"Oklahoma","Woods County",2,51,80,43,37
050,40,151,"Oklahoma","Woods County",2,52,86,49,37
050,40,151,"Oklahoma","Woods County",2,53,81,38,43
050,40,151,"Oklahoma","Woods County",2,54,94,46,48
050,40,151,"Oklahoma","Woods County",2,55,97,49,48
050,40,151,"Oklahoma","Woods County",2,56,86,44,42
050,40,151,"Oklahoma","Woods County",2,57,92,48,44
050,40,151,"Oklahoma","Woods County",2,58,107,60,47
050,40,151,"Oklahoma","Woods County",2,59,110,56,54
050,40,151,"Oklahoma","Woods County",2,60,105,50,55
050,40,151,"Oklahoma","Woods County",2,61,90,44,46
050,40,151,"Oklahoma","Woods County",2,62,85,47,38
050,40,151,"Oklahoma","Woods County",2,63,91,46,45
050,40,151,"Oklahoma","Woods County",2,64,100,44,56
050,40,151,"Oklahoma","Woods County",2,65,97,45,52
050,40,151,"Oklahoma","Woods County",2,66,85,43,42
050,40,151,"Oklahoma","Woods County",2,67,86,44,42
050,40,151,"Oklahoma","Woods County",2,68,88,50,38
050,40,151,"Oklahoma","Woods County",2,69,84,45,39
050,40,151,"Oklahoma","Woods County",2,70,83,42,41
050,40,151,"Oklahoma","Woods County",2,71,71,37,34
050,40,151,"Oklahoma","Woods County",2,72,68,32,36
050,40,151,"Oklahoma","Woods County",2,73,72,36,36
050,40,151,"Oklahoma","Woods County",2,74,56,27,29
050,40,151,"Oklahoma","Woods County",2,75,56,28,28
050,40,151,"Oklahoma","Woods County",2,76,60,33,27
050,40,151,"Oklahoma","Woods County",2,77,55,31,24
050,40,151,"Oklahoma","Woods County",2,78,48,26,22
050,40,151,"Oklahoma","Woods County",2,79,46,21,25
050,40,151,"Oklahoma","Woods County",2,80,42,20,22
050,40,151,"Oklahoma","Woods County",2,81,41,21,20
050,40,151,"Oklahoma","Woods County",2,82,43,22,21
050,40,151,"Oklahoma","Woods County",2,83,38,18,20
050,40,151,"Oklahoma","Woods County",2,84,34,13,21
050,40,151,"Oklahoma","Woods County",2,85,228,85,143
050,40,151,"Oklahoma","Woods County",3,0,88,44,44
050,40,151,"Oklahoma","Woods County",3,1,111,59,52
050,40,151,"Oklahoma","Woods County",3,2,102,58,44
050,40,151,"Oklahoma","Woods County",3,3,81,48,33
050,40,151,"Oklahoma","Woods County",3,4,97,52,45
050,40,151,"Oklahoma","Woods County",3,5,97,51,46
050,40,151,"Oklahoma","Woods County",3,6,119,59,60
050,40,151,"Oklahoma","Woods County",3,7,106,57,49
050,40,151,"Oklahoma","Woods County",3,8,99,51,48
050,40,151,"Oklahoma","Woods County",3,9,94,52,42
050,40,151,"Oklahoma","Woods County",3,10,102,51,51
050,40,151,"Oklahoma","Woods County",3,11,89,50,39
050,40,151,"Oklahoma","Woods County",3,12,108,55,53
050,40,151,"Oklahoma","Woods County",3,13,108,49,59
050,40,151,"Oklahoma","Woods County",3,14,107,54,53
050,40,151,"Oklahoma","Woods County",3,15,90,47,43
050,40,151,"Oklahoma","Woods County",3,16,92,52,40
050,40,151,"Oklahoma","Woods County",3,17,96,58,38
050,40,151,"Oklahoma","Woods County",3,18,159,91,68
050,40,151,"Oklahoma","Woods County",3,19,338,203,135
050,40,151,"Oklahoma","Woods County",3,20,290,178,112
050,40,151,"Oklahoma","Woods County",3,21,253,162,91
050,40,151,"Oklahoma","Woods County",3,22,195,114,81
050,40,151,"Oklahoma","Woods County",3,23,150,100,50
050,40,151,"Oklahoma","Woods County",3,24,135,79,56
050,40,151,"Oklahoma","Woods County",3,25,94,51,43
050,40,151,"Oklahoma","Woods County",3,26,107,59,48
050,40,151,"Oklahoma","Woods County",3,27,97,55,42
050,40,151,"Oklahoma","Woods County",3,28,116,63,53
050,40,151,"Oklahoma","Woods County",3,29,126,72,54
050,40,151,"Oklahoma","Woods County",3,30,118,71,47
050,40,151,"Oklahoma","Woods County",3,31,126,74,52
050,40,151,"Oklahoma","Woods County",3,32,117,67,50
050,40,151,"Oklahoma","Woods County",3,33,96,54,42
050,40,151,"Oklahoma","Woods County",3,34,111,63,48
050,40,151,"Oklahoma","Woods County",3,35,102,51,51
050,40,151,"Oklahoma","Woods County",3,36,126,70,56
050,40,151,"Oklahoma","Woods County",3,37,105,65,40
050,40,151,"Oklahoma","Woods County",3,38,107,60,47
050,40,151,"Oklahoma","Woods County",3,39,94,46,48
050,40,151,"Oklahoma","Woods County",3,40,99,50,49
050,40,151,"Oklahoma","Woods County",3,41,99,57,42
050,40,151,"Oklahoma","Woods County",3,42,104,58,46
050,40,151,"Oklahoma","Woods County",3,43,86,43,43
050,40,151,"Oklahoma","Woods County",3,44,69,34,35
050,40,151,"Oklahoma","Woods County",3,45,81,39,42
050,40,151,"Oklahoma","Woods County",3,46,72,36,36
050,40,151,"Oklahoma","Woods County",3,47,69,37,32
050,40,151,"Oklahoma","Woods County",3,48,66,33,33
050,40,151,"Oklahoma","Woods County",3,49,63,34,29
050,40,151,"Oklahoma","Woods County",3,50,74,38,36
050,40,151,"Oklahoma","Woods County",3,51,80,36,44
050,40,151,"Oklahoma","Woods County",3,52,84,46,38
050,40,151,"Oklahoma","Woods County",3,53,81,46,35
050,40,151,"Oklahoma","Woods County",3,54,79,42,37
050,40,151,"Oklahoma","Woods County",3,55,93,47,46
050,40,151,"Oklahoma","Woods County",3,56,89,45,44
050,40,151,"Oklahoma","Woods County",3,57,85,47,38
050,40,151,"Oklahoma","Woods County",3,58,92,50,42
050,40,151,"Oklahoma","Woods County",3,59,101,57,44
050,40,151,"Oklahoma","Woods County",3,60,111,54,57
050,40,151,"Oklahoma","Woods County",3,61,107,48,59
050,40,151,"Oklahoma","Woods County",3,62,92,45,47
050,40,151,"Oklahoma","Woods County",3,63,87,46,41
050,40,151,"Oklahoma","Woods County",3,64,89,47,42
050,40,151,"Oklahoma","Woods County",3,65,99,43,56
050,40,151,"Oklahoma","Woods County",3,66,90,41,49
050,40,151,"Oklahoma","Woods County",3,67,83,41,42
050,40,151,"Oklahoma","Woods County",3,68,93,50,43
050,40,151,"Oklahoma","Woods County",3,69,82,46,36
050,40,151,"Oklahoma","Woods County",3,70,81,43,38
050,40,151,"Oklahoma","Woods County",3,71,85,42,43
050,40,151,"Oklahoma","Woods County",3,72,76,42,34
050,40,151,"Oklahoma","Woods County",3,73,64,31,33
050,40,151,"Oklahoma","Woods County",3,74,72,36,36
050,40,151,"Oklahoma","Woods County",3,75,56,25,31
050,40,151,"Oklahoma","Woods County",3,76,50,23,27
050,40,151,"Oklahoma","Woods County",3,77,58,32,26
050,40,151,"Oklahoma","Woods County",3,78,55,30,25
050,40,151,"Oklahoma","Woods County",3,79,43,24,19
050,40,151,"Oklahoma","Woods County",3,80,44,21,23
050,40,151,"Oklahoma","Woods County",3,81,41,18,23
050,40,151,"Oklahoma","Woods County",3,82,43,22,21
050,40,151,"Oklahoma","Woods County",3,83,42,19,23
050,40,151,"Oklahoma","Woods County",3,84,35,18,17
050,40,151,"Oklahoma","Woods County",3,85,231,88,143
050,40,151,"Oklahoma","Woods County",4,0,87,46,41
050,40,151,"Oklahoma","Woods County",4,1,76,39,37
050,40,151,"Oklahoma","Woods County",4,2,106,57,49
050,40,151,"Oklahoma","Woods County",4,3,94,50,44
050,40,151,"Oklahoma","Woods County",4,4,82,47,35
050,40,151,"Oklahoma","Woods County",4,5,97,53,44
050,40,151,"Oklahoma","Woods County",4,6,96,52,44
050,40,151,"Oklahoma","Woods County",4,7,126,64,62
050,40,151,"Oklahoma","Woods County",4,8,107,55,52
050,40,151,"Oklahoma","Woods County",4,9,104,54,50
050,40,151,"Oklahoma","Woods County",4,10,101,56,45
050,40,151,"Oklahoma","Woods County",4,11,112,52,60
050,40,151,"Oklahoma","Woods County",4,12,93,50,43
050,40,151,"Oklahoma","Woods County",4,13,113,59,54
050,40,151,"Oklahoma","Woods County",4,14,110,49,61
050,40,151,"Oklahoma","Woods County",4,15,107,55,52
050,40,151,"Oklahoma","Woods County",4,16,89,47,42
050,40,151,"Oklahoma","Woods County",4,17,99,55,44
050,40,151,"Oklahoma","Woods County",4,18,155,94,61
050,40,151,"Oklahoma","Woods County",4,19,333,199,134
050,40,151,"Oklahoma","Woods County",4,20,285,175,110
050,40,151,"Oklahoma","Woods County",4,21,270,173,97
050,40,151,"Oklahoma","Woods County",4,22,188,111,77
050,40,151,"Oklahoma","Woods County",4,23,139,100,39
050,40,151,"Oklahoma","Woods County",4,24,117,71,46
050,40,151,"Oklahoma","Woods County",4,25,109,60,49
050,40,151,"Oklahoma","Woods County",4,26,101,55,46
050,40,151,"Oklahoma","Woods County",4,27,89,44,45
050,40,151,"Oklahoma","Woods County",4,28,108,65,43
050,40,151,"Oklahoma","Woods County",4,29,121,68,53
050,40,151,"Oklahoma","Woods County",4,30,123,66,57
050,40,151,"Oklahoma","Woods County",4,31,115,73,42
050,40,151,"Oklahoma","Woods County",4,32,130,76,54
050,40,151,"Oklahoma","Woods County",4,33,113,64,49
050,40,151,"Oklahoma","Woods County",4,34,97,51,46
050,40,151,"Oklahoma","Woods County",4,35,116,62,54
050,40,151,"Oklahoma","Woods County",4,36,99,52,47
050,40,151,"Oklahoma","Woods County",4,37,120,64,56
050,40,151,"Oklahoma","Woods County",4,38,106,67,39
050,40,151,"Oklahoma","Woods County",4,39,100,57,43
050,40,151,"Oklahoma","Woods County",4,40,95,49,46
050,40,151,"Oklahoma","Woods County",4,41,100,55,45
050,40,151,"Oklahoma","Woods County",4,42,94,54,40
050,40,151,"Oklahoma","Woods County",4,43,97,51,46
050,40,151,"Oklahoma","Woods County",4,44,85,46,39
050,40,151,"Oklahoma","Woods County",4,45,71,33,38
050,40,151,"Oklahoma","Woods County",4,46,87,41,46
050,40,151,"Oklahoma","Woods County",4,47,75,36,39
050,40,151,"Oklahoma","Woods County",4,48,69,35,34
050,40,151,"Oklahoma","Woods County",4,49,64,34,30
050,40,151,"Oklahoma","Woods County",4,50,63,34,29
050,40,151,"Oklahoma","Woods County",4,51,72,36,36
050,40,151,"Oklahoma","Woods County",4,52,81,37,44
050,40,151,"Oklahoma","Woods County",4,53,80,45,35
050,40,151,"Oklahoma","Woods County",4,54,80,45,35
050,40,151,"Oklahoma","Woods County",4,55,82,41,41
050,40,151,"Oklahoma","Woods County",4,56,88,45,43
050,40,151,"Oklahoma","Woods County",4,57,89,44,45
050,40,151,"Oklahoma","Woods County",4,58,85,46,39
050,40,151,"Oklahoma","Woods County",4,59,90,53,37
050,40,151,"Oklahoma","Woods County",4,60,103,58,45
050,40,151,"Oklahoma","Woods County",4,61,105,49,56
050,40,151,"Oklahoma","Woods County",4,62,108,49,59
050,40,151,"Oklahoma","Woods County",4,63,91,45,46
050,40,151,"Oklahoma","Woods County",4,64,89,48,41
050,40,151,"Oklahoma","Woods County",4,65,89,46,43
050,40,151,"Oklahoma","Woods County",4,66,89,40,49
050,40,151,"Oklahoma","Woods County",4,67,87,38,49
050,40,151,"Oklahoma","Woods County",4,68,77,40,37
050,40,151,"Oklahoma","Woods County",4,69,94,51,43
050,40,151,"Oklahoma","Woods County",4,70,80,44,36
050,40,151,"Oklahoma","Woods County",4,71,78,42,36
050,40,151,"Oklahoma","Woods County",4,72,84,39,45
050,40,151,"Oklahoma","Woods County",4,73,70,38,32
050,40,151,"Oklahoma","Woods County",4,74,64,29,35
050,40,151,"Oklahoma","Woods County",4,75,74,36,38
050,40,151,"Oklahoma","Woods County",4,76,51,22,29
050,40,151,"Oklahoma","Woods County",4,77,46,21,25
050,40,151,"Oklahoma","Woods County",4,78,60,31,29
050,40,151,"Oklahoma","Woods County",4,79,51,29,22
050,40,151,"Oklahoma","Woods County",4,80,39,22,17
050,40,151,"Oklahoma","Woods County",4,81,42,20,22
050,40,151,"Oklahoma","Woods County",4,82,37,16,21
050,40,151,"Oklahoma","Woods County",4,83,39,18,21
050,40,151,"Oklahoma","Woods County",4,84,38,19,19
050,40,151,"Oklahoma","Woods County",4,85,237,95,142
050,40,151,"Oklahoma","Woods County",5,0,87,46,41
050,40,151,"Oklahoma","Woods County",5,1,88,41,47
050,40,151,"Oklahoma","Woods County",5,2,77,38,39
050,40,151,"Oklahoma","Woods County",5,3,104,60,44
050,40,151,"Oklahoma","Woods County",5,4,92,51,41
050,40,151,"Oklahoma","Woods County",5,5,80,48,32
050,40,151,"Oklahoma","Woods County",5,6,99,55,44
050,40,151,"Oklahoma","Woods County",5,7,94,47,47
050,40,151,"Oklahoma","Woods County",5,8,125,67,58
050,40,151,"Oklahoma","Woods County",5,9,109,56,53
050,40,151,"Oklahoma","Woods County",5,10,107,50,57
050,40,151,"Oklahoma","Woods County",5,11,106,59,47
050,40,151,"Oklahoma","Woods County",5,12,113,56,57
050,40,151,"Oklahoma","Woods County",5,13,92,48,44
050,40,151,"Oklahoma","Woods County",5,14,109,60,49
050,40,151,"Oklahoma","Woods County",5,15,112,50,62
050,40,151,"Oklahoma","Woods County",5,16,105,53,52
050,40,151,"Oklahoma","Woods County",5,17,88,49,39
050,40,151,"Oklahoma","Woods County",5,18,154,92,62
050,40,151,"Oklahoma","Woods County",5,19,334,201,133
050,40,151,"Oklahoma","Woods County",5,20,296,180,116
050,40,151,"Oklahoma","Woods County",5,21,259,163,96
050,40,151,"Oklahoma","Woods County",5,22,213,130,83
050,40,151,"Oklahoma","Woods County",5,23,141,101,40
050,40,151,"Oklahoma","Woods County",5,24,111,71,40
050,40,151,"Oklahoma","Woods County",5,25,96,55,41
050,40,151,"Oklahoma","Woods County",5,26,113,62,51
050,40,151,"Oklahoma","Woods County",5,27,78,37,41
050,40,151,"Oklahoma","Woods County",5,28,87,50,37
050,40,151,"Oklahoma","Woods County",5,29,114,72,42
050,40,151,"Oklahoma","Woods County",5,30,110,60,50
050,40,151,"Oklahoma","Woods County",5,31,118,62,56
050,40,151,"Oklahoma","Woods County",5,32,111,68,43
050,40,151,"Oklahoma","Woods County",5,33,114,62,52
050,40,151,"Oklahoma","Woods County",5,34,112,67,45
050,40,151,"Oklahoma","Woods County",5,35,99,55,44
050,40,151,"Oklahoma","Woods County",5,36,114,61,53
050,40,151,"Oklahoma","Woods County",5,37,92,44,48
050,40,151,"Oklahoma","Woods County",5,38,130,72,58
050,40,151,"Oklahoma","Woods County",5,39,96,58,38
050,40,151,"Oklahoma","Woods County",5,40,101,54,47
050,40,151,"Oklahoma","Woods County",5,41,96,50,46
050,40,151,"Oklahoma","Woods County",5,42,98,51,47
050,40,151,"Oklahoma","Woods County",5,43,88,50,38
050,40,151,"Oklahoma","Woods County",5,44,97,54,43
050,40,151,"Oklahoma","Woods County",5,45,88,50,38
050,40,151,"Oklahoma","Woods County",5,46,67,36,31
050,40,151,"Oklahoma","Woods County",5,47,86,39,47
050,40,151,"Oklahoma","Woods County",5,48,72,32,40
050,40,151,"Oklahoma","Woods County",5,49,66,32,34
050,40,151,"Oklahoma","Woods County",5,50,63,33,30
050,40,151,"Oklahoma","Woods County",5,51,64,36,28
050,40,151,"Oklahoma","Woods County",5,52,74,37,37
050,40,151,"Oklahoma","Woods County",5,53,81,35,46
050,40,151,"Oklahoma","Woods County",5,54,78,41,37
050,40,151,"Oklahoma","Woods County",5,55,82,43,39
050,40,151,"Oklahoma","Woods County",5,56,78,40,38
050,40,151,"Oklahoma","Woods County",5,57,89,45,44
050,40,151,"Oklahoma","Woods County",5,58,87,43,44
050,40,151,"Oklahoma","Woods County",5,59,82,46,36
050,40,151,"Oklahoma","Woods County",5,60,91,54,37
050,40,151,"Oklahoma","Woods County",5,61,107,58,49
050,40,151,"Oklahoma","Woods County",5,62,107,52,55
050,40,151,"Oklahoma","Woods County",5,63,110,53,57
050,40,151,"Oklahoma","Woods County",5,64,91,45,46
050,40,151,"Oklahoma","Woods County",5,65,95,52,43
050,40,151,"Oklahoma","Woods County",5,66,82,42,40
050,40,151,"Oklahoma","Woods County",5,67,85,37,48
050,40,151,"Oklahoma","Woods County",5,68,87,41,46
050,40,151,"Oklahoma","Woods County",5,69,76,38,38
050,40,151,"Oklahoma","Woods County",5,70,89,48,41
050,40,151,"Oklahoma","Woods County",5,71,74,42,32
050,40,151,"Oklahoma","Woods County",5,72,75,38,37
050,40,151,"Oklahoma","Woods County",5,73,77,37,40
050,40,151,"Oklahoma","Woods County",5,74,65,35,30
050,40,151,"Oklahoma","Woods County",5,75,67,29,38
050,40,151,"Oklahoma","Woods County",5,76,72,34,38
050,40,151,"Oklahoma","Woods County",5,77,50,20,30
050,40,151,"Oklahoma","Woods County",5,78,47,21,26
050,40,151,"Oklahoma","Woods County",5,79,58,30,28
050,40,151,"Oklahoma","Woods County",5,80,45,25,20
050,40,151,"Oklahoma","Woods County",5,81,38,21,17
050,40,151,"Oklahoma","Woods County",5,82,40,19,21
050,40,151,"Oklahoma","Woods County",5,83,34,13,21
050,40,151,"Oklahoma","Woods County",5,84,35,17,18
050,40,151,"Oklahoma","Woods County",5,85,251,106,145
050,40,153,"Oklahoma","Woodward County",1,0,259,131,128
050,40,153,"Oklahoma","Woodward County",1,1,253,130,123
050,40,153,"Oklahoma","Woodward County",1,2,253,128,125
050,40,153,"Oklahoma","Woodward County",1,3,284,137,147
050,40,153,"Oklahoma","Woodward County",1,4,292,145,147
050,40,153,"Oklahoma","Woodward County",1,5,272,139,133
050,40,153,"Oklahoma","Woodward County",1,6,277,139,138
050,40,153,"Oklahoma","Woodward County",1,7,296,148,148
050,40,153,"Oklahoma","Woodward County",1,8,289,153,136
050,40,153,"Oklahoma","Woodward County",1,9,285,153,132
050,40,153,"Oklahoma","Woodward County",1,10,289,142,147
050,40,153,"Oklahoma","Woodward County",1,11,300,168,132
050,40,153,"Oklahoma","Woodward County",1,12,300,160,140
050,40,153,"Oklahoma","Woodward County",1,13,299,156,143
050,40,153,"Oklahoma","Woodward County",1,14,293,143,150
050,40,153,"Oklahoma","Woodward County",1,15,279,149,130
050,40,153,"Oklahoma","Woodward County",1,16,287,144,143
050,40,153,"Oklahoma","Woodward County",1,17,283,144,139
050,40,153,"Oklahoma","Woodward County",1,18,259,137,122
050,40,153,"Oklahoma","Woodward County",1,19,222,116,106
050,40,153,"Oklahoma","Woodward County",1,20,222,119,103
050,40,153,"Oklahoma","Woodward County",1,21,242,137,105
050,40,153,"Oklahoma","Woodward County",1,22,254,144,110
050,40,153,"Oklahoma","Woodward County",1,23,224,123,101
050,40,153,"Oklahoma","Woodward County",1,24,250,140,110
050,40,153,"Oklahoma","Woodward County",1,25,284,164,120
050,40,153,"Oklahoma","Woodward County",1,26,284,167,117
050,40,153,"Oklahoma","Woodward County",1,27,295,176,119
050,40,153,"Oklahoma","Woodward County",1,28,294,181,113
050,40,153,"Oklahoma","Woodward County",1,29,282,167,115
050,40,153,"Oklahoma","Woodward County",1,30,281,161,120
050,40,153,"Oklahoma","Woodward County",1,31,281,156,125
050,40,153,"Oklahoma","Woodward County",1,32,273,174,99
050,40,153,"Oklahoma","Woodward County",1,33,273,158,115
050,40,153,"Oklahoma","Woodward County",1,34,238,133,105
050,40,153,"Oklahoma","Woodward County",1,35,261,140,121
050,40,153,"Oklahoma","Woodward County",1,36,276,152,124
050,40,153,"Oklahoma","Woodward County",1,37,299,166,133
050,40,153,"Oklahoma","Woodward County",1,38,301,165,136
050,40,153,"Oklahoma","Woodward County",1,39,309,171,138
050,40,153,"Oklahoma","Woodward County",1,40,325,188,137
050,40,153,"Oklahoma","Woodward County",1,41,272,160,112
050,40,153,"Oklahoma","Woodward County",1,42,239,130,109
050,40,153,"Oklahoma","Woodward County",1,43,256,141,115
050,40,153,"Oklahoma","Woodward County",1,44,274,141,133
050,40,153,"Oklahoma","Woodward County",1,45,253,144,109
050,40,153,"Oklahoma","Woodward County",1,46,242,132,110
050,40,153,"Oklahoma","Woodward County",1,47,246,147,99
050,40,153,"Oklahoma","Woodward County",1,48,243,146,97
050,40,153,"Oklahoma","Woodward County",1,49,245,140,105
050,40,153,"Oklahoma","Woodward County",1,50,222,106,116
050,40,153,"Oklahoma","Woodward County",1,51,242,134,108
050,40,153,"Oklahoma","Woodward County",1,52,228,124,104
050,40,153,"Oklahoma","Woodward County",1,53,214,117,97
050,40,153,"Oklahoma","Woodward County",1,54,229,126,103
050,40,153,"Oklahoma","Woodward County",1,55,198,105,93
050,40,153,"Oklahoma","Woodward County",1,56,235,113,122
050,40,153,"Oklahoma","Woodward County",1,57,255,130,125
050,40,153,"Oklahoma","Woodward County",1,58,274,135,139
050,40,153,"Oklahoma","Woodward County",1,59,258,125,133
050,40,153,"Oklahoma","Woodward County",1,60,263,132,131
050,40,153,"Oklahoma","Woodward County",1,61,252,135,117
050,40,153,"Oklahoma","Woodward County",1,62,271,144,127
050,40,153,"Oklahoma","Woodward County",1,63,246,118,128
050,40,153,"Oklahoma","Woodward County",1,64,232,114,118
050,40,153,"Oklahoma","Woodward County",1,65,214,122,92
050,40,153,"Oklahoma","Woodward County",1,66,215,119,96
050,40,153,"Oklahoma","Woodward County",1,67,211,103,108
050,40,153,"Oklahoma","Woodward County",1,68,200,93,107
050,40,153,"Oklahoma","Woodward County",1,69,178,88,90
050,40,153,"Oklahoma","Woodward County",1,70,180,81,99
050,40,153,"Oklahoma","Woodward County",1,71,164,75,89
050,40,153,"Oklahoma","Woodward County",1,72,159,77,82
050,40,153,"Oklahoma","Woodward County",1,73,153,68,85
050,40,153,"Oklahoma","Woodward County",1,74,118,52,66
050,40,153,"Oklahoma","Woodward County",1,75,132,64,68
050,40,153,"Oklahoma","Woodward County",1,76,143,71,72
050,40,153,"Oklahoma","Woodward County",1,77,141,74,67
050,40,153,"Oklahoma","Woodward County",1,78,120,56,64
050,40,153,"Oklahoma","Woodward County",1,79,111,50,61
050,40,153,"Oklahoma","Woodward County",1,80,127,56,71
050,40,153,"Oklahoma","Woodward County",1,81,105,49,56
050,40,153,"Oklahoma","Woodward County",1,82,98,44,54
050,40,153,"Oklahoma","Woodward County",1,83,82,30,52
050,40,153,"Oklahoma","Woodward County",1,84,64,28,36
050,40,153,"Oklahoma","Woodward County",1,85,354,128,226
050,40,153,"Oklahoma","Woodward County",2,0,257,129,128
050,40,153,"Oklahoma","Woodward County",2,1,248,126,122
050,40,153,"Oklahoma","Woodward County",2,2,253,128,125
050,40,153,"Oklahoma","Woodward County",2,3,275,133,142
050,40,153,"Oklahoma","Woodward County",2,4,291,144,147
050,40,153,"Oklahoma","Woodward County",2,5,274,139,135
050,40,153,"Oklahoma","Woodward County",2,6,277,141,136
050,40,153,"Oklahoma","Woodward County",2,7,288,142,146
050,40,153,"Oklahoma","Woodward County",2,8,288,150,138
050,40,153,"Oklahoma","Woodward County",2,9,283,152,131
050,40,153,"Oklahoma","Woodward County",2,10,288,147,141
050,40,153,"Oklahoma","Woodward County",2,11,295,160,135
050,40,153,"Oklahoma","Woodward County",2,12,300,161,139
050,40,153,"Oklahoma","Woodward County",2,13,299,156,143
050,40,153,"Oklahoma","Woodward County",2,14,298,149,149
050,40,153,"Oklahoma","Woodward County",2,15,280,145,135
050,40,153,"Oklahoma","Woodward County",2,16,286,145,141
050,40,153,"Oklahoma","Woodward County",2,17,283,143,140
050,40,153,"Oklahoma","Woodward County",2,18,252,134,118
050,40,153,"Oklahoma","Woodward County",2,19,220,118,102
050,40,153,"Oklahoma","Woodward County",2,20,225,119,106
050,40,153,"Oklahoma","Woodward County",2,21,241,136,105
050,40,153,"Oklahoma","Woodward County",2,22,255,146,109
050,40,153,"Oklahoma","Woodward County",2,23,230,127,103
050,40,153,"Oklahoma","Woodward County",2,24,245,136,109
050,40,153,"Oklahoma","Woodward County",2,25,277,160,117
050,40,153,"Oklahoma","Woodward County",2,26,280,164,116
050,40,153,"Oklahoma","Woodward County",2,27,292,175,117
050,40,153,"Oklahoma","Woodward County",2,28,292,180,112
050,40,153,"Oklahoma","Woodward County",2,29,284,170,114
050,40,153,"Oklahoma","Woodward County",2,30,281,160,121
050,40,153,"Oklahoma","Woodward County",2,31,277,154,123
050,40,153,"Oklahoma","Woodward County",2,32,273,168,105
050,40,153,"Oklahoma","Woodward County",2,33,272,161,111
050,40,153,"Oklahoma","Woodward County",2,34,244,136,108
050,40,153,"Oklahoma","Woodward County",2,35,259,141,118
050,40,153,"Oklahoma","Woodward County",2,36,269,148,121
050,40,153,"Oklahoma","Woodward County",2,37,293,162,131
050,40,153,"Oklahoma","Woodward County",2,38,301,165,136
050,40,153,"Oklahoma","Woodward County",2,39,303,168,135
050,40,153,"Oklahoma","Woodward County",2,40,324,187,137
050,40,153,"Oklahoma","Woodward County",2,41,282,165,117
050,40,153,"Oklahoma","Woodward County",2,42,239,131,108
050,40,153,"Oklahoma","Woodward County",2,43,256,142,114
050,40,153,"Oklahoma","Woodward County",2,44,269,141,128
050,40,153,"Oklahoma","Woodward County",2,45,258,144,114
050,40,153,"Oklahoma","Woodward County",2,46,243,134,109
050,40,153,"Oklahoma","Woodward County",2,47,246,144,102
050,40,153,"Oklahoma","Woodward County",2,48,246,146,100
050,40,153,"Oklahoma","Woodward County",2,49,244,141,103
050,40,153,"Oklahoma","Woodward County",2,50,228,114,114
050,40,153,"Oklahoma","Woodward County",2,51,233,125,108
050,40,153,"Oklahoma","Woodward County",2,52,230,124,106
050,40,153,"Oklahoma","Woodward County",2,53,214,118,96
050,40,153,"Oklahoma","Woodward County",2,54,225,126,99
050,40,153,"Oklahoma","Woodward County",2,55,200,106,94
050,40,153,"Oklahoma","Woodward County",2,56,223,109,114
050,40,153,"Oklahoma","Woodward County",2,57,253,127,126
050,40,153,"Oklahoma","Woodward County",2,58,263,128,135
050,40,153,"Oklahoma","Woodward County",2,59,261,126,135
050,40,153,"Oklahoma","Woodward County",2,60,263,130,133
050,40,153,"Oklahoma","Woodward County",2,61,252,133,119
050,40,153,"Oklahoma","Woodward County",2,62,268,141,127
050,40,153,"Oklahoma","Woodward County",2,63,252,125,127
050,40,153,"Oklahoma","Woodward County",2,64,234,114,120
050,40,153,"Oklahoma","Woodward County",2,65,218,119,99
050,40,153,"Oklahoma","Woodward County",2,66,214,120,94
050,40,153,"Oklahoma","Woodward County",2,67,210,105,105
050,40,153,"Oklahoma","Woodward County",2,68,201,94,107
050,40,153,"Oklahoma","Woodward County",2,69,186,92,94
050,40,153,"Oklahoma","Woodward County",2,70,177,81,96
050,40,153,"Oklahoma","Woodward County",2,71,165,76,89
050,40,153,"Oklahoma","Woodward County",2,72,157,74,83
050,40,153,"Oklahoma","Woodward County",2,73,160,72,88
050,40,153,"Oklahoma","Woodward County",2,74,117,52,65
050,40,153,"Oklahoma","Woodward County",2,75,127,59,68
050,40,153,"Oklahoma","Woodward County",2,76,137,69,68
050,40,153,"Oklahoma","Woodward County",2,77,144,74,70
050,40,153,"Oklahoma","Woodward County",2,78,124,60,64
050,40,153,"Oklahoma","Woodward County",2,79,108,49,59
050,40,153,"Oklahoma","Woodward County",2,80,126,56,70
050,40,153,"Oklahoma","Woodward County",2,81,105,50,55
050,40,153,"Oklahoma","Woodward County",2,82,100,44,56
050,40,153,"Oklahoma","Woodward County",2,83,82,31,51
050,40,153,"Oklahoma","Woodward County",2,84,66,29,37
050,40,153,"Oklahoma","Woodward County",2,85,354,130,224
050,40,153,"Oklahoma","Woodward County",3,0,224,106,118
050,40,153,"Oklahoma","Woodward County",3,1,248,127,121
050,40,153,"Oklahoma","Woodward County",3,2,242,118,124
050,40,153,"Oklahoma","Woodward County",3,3,258,133,125
050,40,153,"Oklahoma","Woodward County",3,4,283,137,146
050,40,153,"Oklahoma","Woodward County",3,5,272,135,137
050,40,153,"Oklahoma","Woodward County",3,6,279,140,139
050,40,153,"Oklahoma","Woodward County",3,7,280,139,141
050,40,153,"Oklahoma","Woodward County",3,8,296,144,152
050,40,153,"Oklahoma","Woodward County",3,9,292,156,136
050,40,153,"Oklahoma","Woodward County",3,10,288,157,131
050,40,153,"Oklahoma","Woodward County",3,11,287,142,145
050,40,153,"Oklahoma","Woodward County",3,12,294,159,135
050,40,153,"Oklahoma","Woodward County",3,13,290,148,142
050,40,153,"Oklahoma","Woodward County",3,14,295,156,139
050,40,153,"Oklahoma","Woodward County",3,15,301,149,152
050,40,153,"Oklahoma","Woodward County",3,16,287,145,142
050,40,153,"Oklahoma","Woodward County",3,17,276,139,137
050,40,153,"Oklahoma","Woodward County",3,18,241,126,115
050,40,153,"Oklahoma","Woodward County",3,19,209,116,93
050,40,153,"Oklahoma","Woodward County",3,20,224,122,102
050,40,153,"Oklahoma","Woodward County",3,21,242,136,106
050,40,153,"Oklahoma","Woodward County",3,22,259,149,110
050,40,153,"Oklahoma","Woodward County",3,23,255,141,114
050,40,153,"Oklahoma","Woodward County",3,24,241,132,109
050,40,153,"Oklahoma","Woodward County",3,25,262,147,115
050,40,153,"Oklahoma","Woodward County",3,26,260,147,113
050,40,153,"Oklahoma","Woodward County",3,27,278,161,117
050,40,153,"Oklahoma","Woodward County",3,28,293,172,121
050,40,153,"Oklahoma","Woodward County",3,29,288,177,111
050,40,153,"Oklahoma","Woodward County",3,30,282,167,115
050,40,153,"Oklahoma","Woodward County",3,31,268,152,116
050,40,153,"Oklahoma","Woodward County",3,32,287,164,123
050,40,153,"Oklahoma","Woodward County",3,33,274,169,105
050,40,153,"Oklahoma","Woodward County",3,34,244,138,106
050,40,153,"Oklahoma","Woodward County",3,35,245,136,109
050,40,153,"Oklahoma","Woodward County",3,36,255,138,117
050,40,153,"Oklahoma","Woodward County",3,37,270,150,120
050,40,153,"Oklahoma","Woodward County",3,38,298,172,126
050,40,153,"Oklahoma","Woodward County",3,39,299,161,138
050,40,153,"Oklahoma","Woodward County",3,40,302,173,129
050,40,153,"Oklahoma","Woodward County",3,41,315,183,132
050,40,153,"Oklahoma","Woodward County",3,42,259,146,113
050,40,153,"Oklahoma","Woodward County",3,43,258,149,109
050,40,153,"Oklahoma","Woodward County",3,44,256,147,109
050,40,153,"Oklahoma","Woodward County",3,45,256,132,124
050,40,153,"Oklahoma","Woodward County",3,46,259,141,118
050,40,153,"Oklahoma","Woodward County",3,47,241,139,102
050,40,153,"Oklahoma","Woodward County",3,48,238,135,103
050,40,153,"Oklahoma","Woodward County",3,49,247,146,101
050,40,153,"Oklahoma","Woodward County",3,50,236,138,98
050,40,153,"Oklahoma","Woodward County",3,51,215,113,102
050,40,153,"Oklahoma","Woodward County",3,52,232,119,113
050,40,153,"Oklahoma","Woodward County",3,53,217,116,101
050,40,153,"Oklahoma","Woodward County",3,54,213,117,96
050,40,153,"Oklahoma","Woodward County",3,55,211,116,95
050,40,153,"Oklahoma","Woodward County",3,56,212,113,99
050,40,153,"Oklahoma","Woodward County",3,57,224,110,114
050,40,153,"Oklahoma","Woodward County",3,58,233,113,120
050,40,153,"Oklahoma","Woodward County",3,59,259,127,132
050,40,153,"Oklahoma","Woodward County",3,60,251,120,131
050,40,153,"Oklahoma","Woodward County",3,61,254,127,127
050,40,153,"Oklahoma","Woodward County",3,62,255,132,123
050,40,153,"Oklahoma","Woodward County",3,63,263,136,127
050,40,153,"Oklahoma","Woodward County",3,64,250,124,126
050,40,153,"Oklahoma","Woodward County",3,65,225,110,115
050,40,153,"Oklahoma","Woodward County",3,66,209,114,95
050,40,153,"Oklahoma","Woodward County",3,67,207,115,92
050,40,153,"Oklahoma","Woodward County",3,68,201,97,104
050,40,153,"Oklahoma","Woodward County",3,69,199,96,103
050,40,153,"Oklahoma","Woodward County",3,70,188,89,99
050,40,153,"Oklahoma","Woodward County",3,71,158,71,87
050,40,153,"Oklahoma","Woodward County",3,72,157,72,85
050,40,153,"Oklahoma","Woodward County",3,73,154,75,79
050,40,153,"Oklahoma","Woodward County",3,74,157,68,89
050,40,153,"Oklahoma","Woodward County",3,75,113,46,67
050,40,153,"Oklahoma","Woodward County",3,76,125,60,65
050,40,153,"Oklahoma","Woodward County",3,77,129,67,62
050,40,153,"Oklahoma","Woodward County",3,78,143,68,75
050,40,153,"Oklahoma","Woodward County",3,79,117,55,62
050,40,153,"Oklahoma","Woodward County",3,80,108,47,61
050,40,153,"Oklahoma","Woodward County",3,81,107,51,56
050,40,153,"Oklahoma","Woodward County",3,82,109,51,58
050,40,153,"Oklahoma","Woodward County",3,83,92,40,52
050,40,153,"Oklahoma","Woodward County",3,84,66,25,41
050,40,153,"Oklahoma","Woodward County",3,85,355,138,217
050,40,153,"Oklahoma","Woodward County",4,0,213,101,112
050,40,153,"Oklahoma","Woodward County",4,1,222,109,113
050,40,153,"Oklahoma","Woodward County",4,2,253,130,123
050,40,153,"Oklahoma","Woodward County",4,3,242,122,120
050,40,153,"Oklahoma","Woodward County",4,4,251,133,118
050,40,153,"Oklahoma","Woodward County",4,5,269,128,141
050,40,153,"Oklahoma","Woodward County",4,6,277,137,140
050,40,153,"Oklahoma","Woodward County",4,7,265,130,135
050,40,153,"Oklahoma","Woodward County",4,8,282,145,137
050,40,153,"Oklahoma","Woodward County",4,9,287,147,140
050,40,153,"Oklahoma","Woodward County",4,10,289,150,139
050,40,153,"Oklahoma","Woodward County",4,11,288,156,132
050,40,153,"Oklahoma","Woodward County",4,12,286,143,143
050,40,153,"Oklahoma","Woodward County",4,13,284,151,133
050,40,153,"Oklahoma","Woodward County",4,14,281,150,131
050,40,153,"Oklahoma","Woodward County",4,15,289,158,131
050,40,153,"Oklahoma","Woodward County",4,16,304,156,148
050,40,153,"Oklahoma","Woodward County",4,17,275,139,136
050,40,153,"Oklahoma","Woodward County",4,18,231,118,113
050,40,153,"Oklahoma","Woodward County",4,19,209,116,93
050,40,153,"Oklahoma","Woodward County",4,20,207,112,95
050,40,153,"Oklahoma","Woodward County",4,21,232,126,106
050,40,153,"Oklahoma","Woodward County",4,22,252,139,113
050,40,153,"Oklahoma","Woodward County",4,23,253,140,113
050,40,153,"Oklahoma","Woodward County",4,24,256,152,104
050,40,153,"Oklahoma","Woodward County",4,25,254,146,108
050,40,153,"Oklahoma","Woodward County",4,26,235,135,100
050,40,153,"Oklahoma","Woodward County",4,27,272,148,124
050,40,153,"Oklahoma","Woodward County",4,28,270,159,111
050,40,153,"Oklahoma","Woodward County",4,29,291,170,121
050,40,153,"Oklahoma","Woodward County",4,30,292,184,108
050,40,153,"Oklahoma","Woodward County",4,31,266,153,113
050,40,153,"Oklahoma","Woodward County",4,32,268,157,111
050,40,153,"Oklahoma","Woodward County",4,33,286,162,124
050,40,153,"Oklahoma","Woodward County",4,34,253,147,106
050,40,153,"Oklahoma","Woodward County",4,35,236,132,104
050,40,153,"Oklahoma","Woodward County",4,36,248,135,113
050,40,153,"Oklahoma","Woodward County",4,37,269,151,118
050,40,153,"Oklahoma","Woodward County",4,38,275,158,117
050,40,153,"Oklahoma","Woodward County",4,39,290,160,130
050,40,153,"Oklahoma","Woodward County",4,40,292,168,124
050,40,153,"Oklahoma","Woodward County",4,41,292,170,122
050,40,153,"Oklahoma","Woodward County",4,42,292,160,132
050,40,153,"Oklahoma","Woodward County",4,43,273,160,113
050,40,153,"Oklahoma","Woodward County",4,44,268,162,106
050,40,153,"Oklahoma","Woodward County",4,45,250,146,104
050,40,153,"Oklahoma","Woodward County",4,46,250,129,121
050,40,153,"Oklahoma","Woodward County",4,47,268,152,116
050,40,153,"Oklahoma","Woodward County",4,48,237,133,104
050,40,153,"Oklahoma","Woodward County",4,49,239,132,107
050,40,153,"Oklahoma","Woodward County",4,50,240,131,109
050,40,153,"Oklahoma","Woodward County",4,51,238,142,96
050,40,153,"Oklahoma","Woodward County",4,52,213,112,101
050,40,153,"Oklahoma","Woodward County",4,53,214,109,105
050,40,153,"Oklahoma","Woodward County",4,54,223,125,98
050,40,153,"Oklahoma","Woodward County",4,55,193,101,92
050,40,153,"Oklahoma","Woodward County",4,56,208,114,94
050,40,153,"Oklahoma","Woodward County",4,57,224,122,102
050,40,153,"Oklahoma","Woodward County",4,58,202,93,109
050,40,153,"Oklahoma","Woodward County",4,59,239,114,125
050,40,153,"Oklahoma","Woodward County",4,60,253,122,131
050,40,153,"Oklahoma","Woodward County",4,61,241,113,128
050,40,153,"Oklahoma","Woodward County",4,62,256,126,130
050,40,153,"Oklahoma","Woodward County",4,63,248,128,120
050,40,153,"Oklahoma","Woodward County",4,64,257,135,122
050,40,153,"Oklahoma","Woodward County",4,65,246,118,128
050,40,153,"Oklahoma","Woodward County",4,66,219,106,113
050,40,153,"Oklahoma","Woodward County",4,67,208,109,99
050,40,153,"Oklahoma","Woodward County",4,68,199,111,88
050,40,153,"Oklahoma","Woodward County",4,69,200,96,104
050,40,153,"Oklahoma","Woodward County",4,70,202,94,108
050,40,153,"Oklahoma","Woodward County",4,71,172,79,93
050,40,153,"Oklahoma","Woodward County",4,72,154,70,84
050,40,153,"Oklahoma","Woodward County",4,73,159,76,83
050,40,153,"Oklahoma","Woodward County",4,74,156,72,84
050,40,153,"Oklahoma","Woodward County",4,75,152,60,92
050,40,153,"Oklahoma","Woodward County",4,76,110,48,62
050,40,153,"Oklahoma","Woodward County",4,77,120,58,62
050,40,153,"Oklahoma","Woodward County",4,78,128,62,66
050,40,153,"Oklahoma","Woodward County",4,79,133,62,71
050,40,153,"Oklahoma","Woodward County",4,80,115,52,63
050,40,153,"Oklahoma","Woodward County",4,81,87,42,45
050,40,153,"Oklahoma","Woodward County",4,82,114,53,61
050,40,153,"Oklahoma","Woodward County",4,83,100,45,55
050,40,153,"Oklahoma","Woodward County",4,84,77,35,42
050,40,153,"Oklahoma","Woodward County",4,85,352,135,217
050,40,153,"Oklahoma","Woodward County",5,0,209,100,109
050,40,153,"Oklahoma","Woodward County",5,1,224,109,115
050,40,153,"Oklahoma","Woodward County",5,2,225,109,116
050,40,153,"Oklahoma","Woodward County",5,3,248,127,121
050,40,153,"Oklahoma","Woodward County",5,4,234,124,110
050,40,153,"Oklahoma","Woodward County",5,5,263,136,127
050,40,153,"Oklahoma","Woodward County",5,6,257,129,128
050,40,153,"Oklahoma","Woodward County",5,7,278,132,146
050,40,153,"Oklahoma","Woodward County",5,8,275,138,137
050,40,153,"Oklahoma","Woodward County",5,9,266,132,134
050,40,153,"Oklahoma","Woodward County",5,10,302,160,142
050,40,153,"Oklahoma","Woodward County",5,11,280,146,134
050,40,153,"Oklahoma","Woodward County",5,12,281,156,125
050,40,153,"Oklahoma","Woodward County",5,13,290,138,152
050,40,153,"Oklahoma","Woodward County",5,14,289,152,137
050,40,153,"Oklahoma","Woodward County",5,15,274,144,130
050,40,153,"Oklahoma","Woodward County",5,16,296,160,136
050,40,153,"Oklahoma","Woodward County",5,17,306,154,152
050,40,153,"Oklahoma","Woodward County",5,18,228,122,106
050,40,153,"Oklahoma","Woodward County",5,19,204,110,94
050,40,153,"Oklahoma","Woodward County",5,20,217,121,96
050,40,153,"Oklahoma","Woodward County",5,21,229,120,109
050,40,153,"Oklahoma","Woodward County",5,22,256,137,119
050,40,153,"Oklahoma","Woodward County",5,23,253,142,111
050,40,153,"Oklahoma","Woodward County",5,24,262,154,108
050,40,153,"Oklahoma","Woodward County",5,25,265,160,105
050,40,153,"Oklahoma","Woodward County",5,26,237,133,104
050,40,153,"Oklahoma","Woodward County",5,27,237,140,97
050,40,153,"Oklahoma","Woodward County",5,28,263,144,119
050,40,153,"Oklahoma","Woodward County",5,29,272,159,113
050,40,153,"Oklahoma","Woodward County",5,30,288,164,124
050,40,153,"Oklahoma","Woodward County",5,31,267,162,105
050,40,153,"Oklahoma","Woodward County",5,32,255,143,112
050,40,153,"Oklahoma","Woodward County",5,33,284,168,116
050,40,153,"Oklahoma","Woodward County",5,34,265,140,125
050,40,153,"Oklahoma","Woodward County",5,35,260,150,110
050,40,153,"Oklahoma","Woodward County",5,36,246,132,114
050,40,153,"Oklahoma","Woodward County",5,37,255,144,111
050,40,153,"Oklahoma","Woodward County",5,38,279,161,118
050,40,153,"Oklahoma","Woodward County",5,39,280,154,126
050,40,153,"Oklahoma","Woodward County",5,40,293,165,128
050,40,153,"Oklahoma","Woodward County",5,41,287,162,125
050,40,153,"Oklahoma","Woodward County",5,42,265,151,114
050,40,153,"Oklahoma","Woodward County",5,43,301,163,138
050,40,153,"Oklahoma","Woodward County",5,44,277,164,113
050,40,153,"Oklahoma","Woodward County",5,45,273,163,110
050,40,153,"Oklahoma","Woodward County",5,46,244,142,102
050,40,153,"Oklahoma","Woodward County",5,47,264,141,123
050,40,153,"Oklahoma","Woodward County",5,48,253,140,113
050,40,153,"Oklahoma","Woodward County",5,49,232,129,103
050,40,153,"Oklahoma","Woodward County",5,50,239,131,108
050,40,153,"Oklahoma","Woodward County",5,51,239,135,104
050,40,153,"Oklahoma","Woodward County",5,52,238,142,96
050,40,153,"Oklahoma","Woodward County",5,53,204,111,93
050,40,153,"Oklahoma","Woodward County",5,54,221,115,106
050,40,153,"Oklahoma","Woodward County",5,55,210,115,95
050,40,153,"Oklahoma","Woodward County",5,56,195,98,97
050,40,153,"Oklahoma","Woodward County",5,57,215,121,94
050,40,153,"Oklahoma","Woodward County",5,58,206,108,98
050,40,153,"Oklahoma","Woodward County",5,59,202,94,108
050,40,153,"Oklahoma","Woodward County",5,60,235,110,125
050,40,153,"Oklahoma","Woodward County",5,61,245,120,125
050,40,153,"Oklahoma","Woodward County",5,62,245,111,134
050,40,153,"Oklahoma","Woodward County",5,63,251,121,130
050,40,153,"Oklahoma","Woodward County",5,64,236,115,121
050,40,153,"Oklahoma","Woodward County",5,65,247,131,116
050,40,153,"Oklahoma","Woodward County",5,66,240,118,122
050,40,153,"Oklahoma","Woodward County",5,67,213,100,113
050,40,153,"Oklahoma","Woodward County",5,68,206,109,97
050,40,153,"Oklahoma","Woodward County",5,69,194,108,86
050,40,153,"Oklahoma","Woodward County",5,70,201,93,108
050,40,153,"Oklahoma","Woodward County",5,71,179,84,95
050,40,153,"Oklahoma","Woodward County",5,72,173,78,95
050,40,153,"Oklahoma","Woodward County",5,73,154,72,82
050,40,153,"Oklahoma","Woodward County",5,74,153,71,82
050,40,153,"Oklahoma","Woodward County",5,75,147,64,83
050,40,153,"Oklahoma","Woodward County",5,76,144,62,82
050,40,153,"Oklahoma","Woodward County",5,77,105,48,57
050,40,153,"Oklahoma","Woodward County",5,78,123,53,70
050,40,153,"Oklahoma","Woodward County",5,79,119,57,62
050,40,153,"Oklahoma","Woodward County",5,80,133,61,72
050,40,153,"Oklahoma","Woodward County",5,81,99,48,51
050,40,153,"Oklahoma","Woodward County",5,82,93,45,48
050,40,153,"Oklahoma","Woodward County",5,83,102,45,57
050,40,153,"Oklahoma","Woodward County",5,84,83,40,43
050,40,153,"Oklahoma","Woodward County",5,85,370,144,226

