"SUMLEV","STATE","COUNTY","STNAME","CTYNAME","YEAR","AGE","TOT_POP","TOT_MALE","TOT_FEMALE"
050,50,001,"Vermont","Addison County",1,0,290,147,143
050,50,001,"Vermont","Addison County",1,1,293,136,157
050,50,001,"Vermont","Addison County",1,2,321,155,166
050,50,001,"Vermont","Addison County",1,3,310,165,145
050,50,001,"Vermont","Addison County",1,4,315,153,162
050,50,001,"Vermont","Addison County",1,5,335,165,170
050,50,001,"Vermont","Addison County",1,6,323,169,154
050,50,001,"Vermont","Addison County",1,7,339,177,162
050,50,001,"Vermont","Addison County",1,8,326,171,155
050,50,001,"Vermont","Addison County",1,9,326,168,158
050,50,001,"Vermont","Addison County",1,10,363,191,172
050,50,001,"Vermont","Addison County",1,11,349,184,165
050,50,001,"Vermont","Addison County",1,12,358,183,175
050,50,001,"Vermont","Addison County",1,13,372,207,165
050,50,001,"Vermont","Addison County",1,14,366,206,160
050,50,001,"Vermont","Addison County",1,15,378,197,181
050,50,001,"Vermont","Addison County",1,16,380,200,180
050,50,001,"Vermont","Addison County",1,17,399,219,180
050,50,001,"Vermont","Addison County",1,18,669,306,363
050,50,001,"Vermont","Addison County",1,19,1072,524,548
050,50,001,"Vermont","Addison County",1,20,937,502,435
050,50,001,"Vermont","Addison County",1,21,885,434,451
050,50,001,"Vermont","Addison County",1,22,700,366,334
050,50,001,"Vermont","Addison County",1,23,407,226,181
050,50,001,"Vermont","Addison County",1,24,381,198,183
050,50,001,"Vermont","Addison County",1,25,331,168,163
050,50,001,"Vermont","Addison County",1,26,375,186,189
050,50,001,"Vermont","Addison County",1,27,368,188,180
050,50,001,"Vermont","Addison County",1,28,358,189,169
050,50,001,"Vermont","Addison County",1,29,414,216,198
050,50,001,"Vermont","Addison County",1,30,382,194,188
050,50,001,"Vermont","Addison County",1,31,392,193,199
050,50,001,"Vermont","Addison County",1,32,398,210,188
050,50,001,"Vermont","Addison County",1,33,392,198,194
050,50,001,"Vermont","Addison County",1,34,407,206,201
050,50,001,"Vermont","Addison County",1,35,429,211,218
050,50,001,"Vermont","Addison County",1,36,437,222,215
050,50,001,"Vermont","Addison County",1,37,442,203,239
050,50,001,"Vermont","Addison County",1,38,414,211,203
050,50,001,"Vermont","Addison County",1,39,417,221,196
050,50,001,"Vermont","Addison County",1,40,430,229,201
050,50,001,"Vermont","Addison County",1,41,381,184,197
050,50,001,"Vermont","Addison County",1,42,382,191,191
050,50,001,"Vermont","Addison County",1,43,400,206,194
050,50,001,"Vermont","Addison County",1,44,411,206,205
050,50,001,"Vermont","Addison County",1,45,401,203,198
050,50,001,"Vermont","Addison County",1,46,396,201,195
050,50,001,"Vermont","Addison County",1,47,403,199,204
050,50,001,"Vermont","Addison County",1,48,443,216,227
050,50,001,"Vermont","Addison County",1,49,496,256,240
050,50,001,"Vermont","Addison County",1,50,482,240,242
050,50,001,"Vermont","Addison County",1,51,487,237,250
050,50,001,"Vermont","Addison County",1,52,483,233,250
050,50,001,"Vermont","Addison County",1,53,500,237,263
050,50,001,"Vermont","Addison County",1,54,497,253,244
050,50,001,"Vermont","Addison County",1,55,547,282,265
050,50,001,"Vermont","Addison County",1,56,568,293,275
050,50,001,"Vermont","Addison County",1,57,545,275,270
050,50,001,"Vermont","Addison County",1,58,571,287,284
050,50,001,"Vermont","Addison County",1,59,576,298,278
050,50,001,"Vermont","Addison County",1,60,579,299,280
050,50,001,"Vermont","Addison County",1,61,599,283,316
050,50,001,"Vermont","Addison County",1,62,594,291,303
050,50,001,"Vermont","Addison County",1,63,590,288,302
050,50,001,"Vermont","Addison County",1,64,553,277,276
050,50,001,"Vermont","Addison County",1,65,570,279,291
050,50,001,"Vermont","Addison County",1,66,579,277,302
050,50,001,"Vermont","Addison County",1,67,537,261,276
050,50,001,"Vermont","Addison County",1,68,508,254,254
050,50,001,"Vermont","Addison County",1,69,493,253,240
050,50,001,"Vermont","Addison County",1,70,495,247,248
050,50,001,"Vermont","Addison County",1,71,503,262,241
050,50,001,"Vermont","Addison County",1,72,472,249,223
050,50,001,"Vermont","Addison County",1,73,447,220,227
050,50,001,"Vermont","Addison County",1,74,331,151,180
050,50,001,"Vermont","Addison County",1,75,318,162,156
050,50,001,"Vermont","Addison County",1,76,306,163,143
050,50,001,"Vermont","Addison County",1,77,302,146,156
050,50,001,"Vermont","Addison County",1,78,246,111,135
050,50,001,"Vermont","Addison County",1,79,214,95,119
050,50,001,"Vermont","Addison County",1,80,167,78,89
050,50,001,"Vermont","Addison County",1,81,171,75,96
050,50,001,"Vermont","Addison County",1,82,174,82,92
050,50,001,"Vermont","Addison County",1,83,151,71,80
050,50,001,"Vermont","Addison County",1,84,139,52,87
050,50,001,"Vermont","Addison County",1,85,778,299,479
050,50,001,"Vermont","Addison County",2,0,295,147,148
050,50,001,"Vermont","Addison County",2,1,292,139,153
050,50,001,"Vermont","Addison County",2,2,315,152,163
050,50,001,"Vermont","Addison County",2,3,309,161,148
050,50,001,"Vermont","Addison County",2,4,316,157,159
050,50,001,"Vermont","Addison County",2,5,331,163,168
050,50,001,"Vermont","Addison County",2,6,325,169,156
050,50,001,"Vermont","Addison County",2,7,334,175,159
050,50,001,"Vermont","Addison County",2,8,329,173,156
050,50,001,"Vermont","Addison County",2,9,327,168,159
050,50,001,"Vermont","Addison County",2,10,355,185,170
050,50,001,"Vermont","Addison County",2,11,352,185,167
050,50,001,"Vermont","Addison County",2,12,357,184,173
050,50,001,"Vermont","Addison County",2,13,366,200,166
050,50,001,"Vermont","Addison County",2,14,367,205,162
050,50,001,"Vermont","Addison County",2,15,376,200,176
050,50,001,"Vermont","Addison County",2,16,383,202,181
050,50,001,"Vermont","Addison County",2,17,398,217,181
050,50,001,"Vermont","Addison County",2,18,670,309,361
050,50,001,"Vermont","Addison County",2,19,1061,519,542
050,50,001,"Vermont","Addison County",2,20,940,506,434
050,50,001,"Vermont","Addison County",2,21,894,436,458
050,50,001,"Vermont","Addison County",2,22,694,362,332
050,50,001,"Vermont","Addison County",2,23,406,220,186
050,50,001,"Vermont","Addison County",2,24,371,192,179
050,50,001,"Vermont","Addison County",2,25,343,173,170
050,50,001,"Vermont","Addison County",2,26,367,184,183
050,50,001,"Vermont","Addison County",2,27,368,186,182
050,50,001,"Vermont","Addison County",2,28,363,190,173
050,50,001,"Vermont","Addison County",2,29,403,211,192
050,50,001,"Vermont","Addison County",2,30,396,203,193
050,50,001,"Vermont","Addison County",2,31,391,195,196
050,50,001,"Vermont","Addison County",2,32,396,206,190
050,50,001,"Vermont","Addison County",2,33,398,202,196
050,50,001,"Vermont","Addison County",2,34,406,204,202
050,50,001,"Vermont","Addison County",2,35,422,208,214
050,50,001,"Vermont","Addison County",2,36,432,218,214
050,50,001,"Vermont","Addison County",2,37,442,210,232
050,50,001,"Vermont","Addison County",2,38,418,208,210
050,50,001,"Vermont","Addison County",2,39,414,218,196
050,50,001,"Vermont","Addison County",2,40,432,229,203
050,50,001,"Vermont","Addison County",2,41,392,195,197
050,50,001,"Vermont","Addison County",2,42,381,191,190
050,50,001,"Vermont","Addison County",2,43,399,204,195
050,50,001,"Vermont","Addison County",2,44,405,205,200
050,50,001,"Vermont","Addison County",2,45,403,203,200
050,50,001,"Vermont","Addison County",2,46,396,200,196
050,50,001,"Vermont","Addison County",2,47,399,198,201
050,50,001,"Vermont","Addison County",2,48,433,212,221
050,50,001,"Vermont","Addison County",2,49,484,246,238
050,50,001,"Vermont","Addison County",2,50,484,242,242
050,50,001,"Vermont","Addison County",2,51,482,235,247
050,50,001,"Vermont","Addison County",2,52,479,232,247
050,50,001,"Vermont","Addison County",2,53,493,236,257
050,50,001,"Vermont","Addison County",2,54,493,247,246
050,50,001,"Vermont","Addison County",2,55,534,273,261
050,50,001,"Vermont","Addison County",2,56,563,290,273
050,50,001,"Vermont","Addison County",2,57,554,282,272
050,50,001,"Vermont","Addison County",2,58,565,285,280
050,50,001,"Vermont","Addison County",2,59,578,297,281
050,50,001,"Vermont","Addison County",2,60,578,298,280
050,50,001,"Vermont","Addison County",2,61,590,287,303
050,50,001,"Vermont","Addison County",2,62,596,291,305
050,50,001,"Vermont","Addison County",2,63,593,289,304
050,50,001,"Vermont","Addison County",2,64,555,275,280
050,50,001,"Vermont","Addison County",2,65,563,277,286
050,50,001,"Vermont","Addison County",2,66,576,276,300
050,50,001,"Vermont","Addison County",2,67,545,264,281
050,50,001,"Vermont","Addison County",2,68,509,252,257
050,50,001,"Vermont","Addison County",2,69,497,254,243
050,50,001,"Vermont","Addison County",2,70,493,246,247
050,50,001,"Vermont","Addison County",2,71,499,258,241
050,50,001,"Vermont","Addison County",2,72,473,248,225
050,50,001,"Vermont","Addison County",2,73,477,239,238
050,50,001,"Vermont","Addison County",2,74,336,157,179
050,50,001,"Vermont","Addison County",2,75,319,159,160
050,50,001,"Vermont","Addison County",2,76,304,161,143
050,50,001,"Vermont","Addison County",2,77,312,155,157
050,50,001,"Vermont","Addison County",2,78,256,118,138
050,50,001,"Vermont","Addison County",2,79,219,98,121
050,50,001,"Vermont","Addison County",2,80,173,81,92
050,50,001,"Vermont","Addison County",2,81,169,73,96
050,50,001,"Vermont","Addison County",2,82,172,79,93
050,50,001,"Vermont","Addison County",2,83,154,73,81
050,50,001,"Vermont","Addison County",2,84,143,56,87
050,50,001,"Vermont","Addison County",2,85,783,300,483
050,50,001,"Vermont","Addison County",3,0,269,137,132
050,50,001,"Vermont","Addison County",3,1,292,145,147
050,50,001,"Vermont","Addison County",3,2,307,143,164
050,50,001,"Vermont","Addison County",3,3,315,146,169
050,50,001,"Vermont","Addison County",3,4,318,170,148
050,50,001,"Vermont","Addison County",3,5,316,159,157
050,50,001,"Vermont","Addison County",3,6,327,164,163
050,50,001,"Vermont","Addison County",3,7,328,169,159
050,50,001,"Vermont","Addison County",3,8,334,176,158
050,50,001,"Vermont","Addison County",3,9,324,163,161
050,50,001,"Vermont","Addison County",3,10,321,165,156
050,50,001,"Vermont","Addison County",3,11,345,182,163
050,50,001,"Vermont","Addison County",3,12,349,182,167
050,50,001,"Vermont","Addison County",3,13,357,182,175
050,50,001,"Vermont","Addison County",3,14,372,198,174
050,50,001,"Vermont","Addison County",3,15,363,202,161
050,50,001,"Vermont","Addison County",3,16,377,201,176
050,50,001,"Vermont","Addison County",3,17,395,208,187
050,50,001,"Vermont","Addison County",3,18,679,312,367
050,50,001,"Vermont","Addison County",3,19,1048,521,527
050,50,001,"Vermont","Addison County",3,20,928,506,422
050,50,001,"Vermont","Addison County",3,21,900,437,463
050,50,001,"Vermont","Addison County",3,22,690,359,331
050,50,001,"Vermont","Addison County",3,23,365,193,172
050,50,001,"Vermont","Addison County",3,24,365,200,165
050,50,001,"Vermont","Addison County",3,25,357,180,177
050,50,001,"Vermont","Addison County",3,26,339,167,172
050,50,001,"Vermont","Addison County",3,27,384,186,198
050,50,001,"Vermont","Addison County",3,28,373,177,196
050,50,001,"Vermont","Addison County",3,29,392,199,193
050,50,001,"Vermont","Addison County",3,30,409,216,193
050,50,001,"Vermont","Addison County",3,31,421,212,209
050,50,001,"Vermont","Addison County",3,32,401,194,207
050,50,001,"Vermont","Addison County",3,33,415,215,200
050,50,001,"Vermont","Addison County",3,34,427,217,210
050,50,001,"Vermont","Addison County",3,35,399,202,197
050,50,001,"Vermont","Addison County",3,36,430,213,217
050,50,001,"Vermont","Addison County",3,37,444,224,220
050,50,001,"Vermont","Addison County",3,38,438,209,229
050,50,001,"Vermont","Addison County",3,39,424,213,211
050,50,001,"Vermont","Addison County",3,40,410,215,195
050,50,001,"Vermont","Addison County",3,41,422,223,199
050,50,001,"Vermont","Addison County",3,42,390,198,192
050,50,001,"Vermont","Addison County",3,43,377,184,193
050,50,001,"Vermont","Addison County",3,44,398,205,193
050,50,001,"Vermont","Addison County",3,45,409,209,200
050,50,001,"Vermont","Addison County",3,46,399,199,200
050,50,001,"Vermont","Addison County",3,47,404,204,200
050,50,001,"Vermont","Addison County",3,48,402,199,203
050,50,001,"Vermont","Addison County",3,49,427,209,218
050,50,001,"Vermont","Addison County",3,50,492,250,242
050,50,001,"Vermont","Addison County",3,51,485,243,242
050,50,001,"Vermont","Addison County",3,52,495,245,250
050,50,001,"Vermont","Addison County",3,53,464,226,238
050,50,001,"Vermont","Addison County",3,54,493,236,257
050,50,001,"Vermont","Addison County",3,55,502,252,250
050,50,001,"Vermont","Addison County",3,56,537,268,269
050,50,001,"Vermont","Addison County",3,57,550,281,269
050,50,001,"Vermont","Addison County",3,58,551,284,267
050,50,001,"Vermont","Addison County",3,59,560,284,276
050,50,001,"Vermont","Addison County",3,60,571,295,276
050,50,001,"Vermont","Addison County",3,61,576,292,284
050,50,001,"Vermont","Addison County",3,62,602,301,301
050,50,001,"Vermont","Addison County",3,63,586,283,303
050,50,001,"Vermont","Addison County",3,64,574,276,298
050,50,001,"Vermont","Addison County",3,65,555,274,281
050,50,001,"Vermont","Addison County",3,66,555,267,288
050,50,001,"Vermont","Addison County",3,67,587,284,303
050,50,001,"Vermont","Addison County",3,68,554,264,290
050,50,001,"Vermont","Addison County",3,69,511,258,253
050,50,001,"Vermont","Addison County",3,70,495,246,249
050,50,001,"Vermont","Addison County",3,71,481,242,239
050,50,001,"Vermont","Addison County",3,72,490,258,232
050,50,001,"Vermont","Addison County",3,73,465,236,229
050,50,001,"Vermont","Addison County",3,74,473,236,237
050,50,001,"Vermont","Addison County",3,75,328,155,173
050,50,001,"Vermont","Addison County",3,76,311,155,156
050,50,001,"Vermont","Addison County",3,77,311,161,150
050,50,001,"Vermont","Addison County",3,78,308,151,157
050,50,001,"Vermont","Addison County",3,79,247,112,135
050,50,001,"Vermont","Addison County",3,80,203,95,108
050,50,001,"Vermont","Addison County",3,81,169,74,95
050,50,001,"Vermont","Addison County",3,82,166,70,96
050,50,001,"Vermont","Addison County",3,83,158,74,84
050,50,001,"Vermont","Addison County",3,84,150,67,83
050,50,001,"Vermont","Addison County",3,85,778,296,482
050,50,001,"Vermont","Addison County",4,0,307,154,153
050,50,001,"Vermont","Addison County",4,1,290,160,130
050,50,001,"Vermont","Addison County",4,2,293,153,140
050,50,001,"Vermont","Addison County",4,3,307,138,169
050,50,001,"Vermont","Addison County",4,4,305,149,156
050,50,001,"Vermont","Addison County",4,5,324,172,152
050,50,001,"Vermont","Addison County",4,6,320,158,162
050,50,001,"Vermont","Addison County",4,7,336,171,165
050,50,001,"Vermont","Addison County",4,8,341,173,168
050,50,001,"Vermont","Addison County",4,9,344,186,158
050,50,001,"Vermont","Addison County",4,10,332,168,164
050,50,001,"Vermont","Addison County",4,11,325,169,156
050,50,001,"Vermont","Addison County",4,12,357,186,171
050,50,001,"Vermont","Addison County",4,13,355,188,167
050,50,001,"Vermont","Addison County",4,14,362,180,182
050,50,001,"Vermont","Addison County",4,15,378,200,178
050,50,001,"Vermont","Addison County",4,16,367,197,170
050,50,001,"Vermont","Addison County",4,17,393,217,176
050,50,001,"Vermont","Addison County",4,18,669,303,366
050,50,001,"Vermont","Addison County",4,19,1043,520,523
050,50,001,"Vermont","Addison County",4,20,897,504,393
050,50,001,"Vermont","Addison County",4,21,906,442,464
050,50,001,"Vermont","Addison County",4,22,699,366,333
050,50,001,"Vermont","Addison County",4,23,381,211,170
050,50,001,"Vermont","Addison County",4,24,320,155,165
050,50,001,"Vermont","Addison County",4,25,333,179,154
050,50,001,"Vermont","Addison County",4,26,344,170,174
050,50,001,"Vermont","Addison County",4,27,318,156,162
050,50,001,"Vermont","Addison County",4,28,384,185,199
050,50,001,"Vermont","Addison County",4,29,361,170,191
050,50,001,"Vermont","Addison County",4,30,386,196,190
050,50,001,"Vermont","Addison County",4,31,413,214,199
050,50,001,"Vermont","Addison County",4,32,440,225,215
050,50,001,"Vermont","Addison County",4,33,409,208,201
050,50,001,"Vermont","Addison County",4,34,420,210,210
050,50,001,"Vermont","Addison County",4,35,445,224,221
050,50,001,"Vermont","Addison County",4,36,415,211,204
050,50,001,"Vermont","Addison County",4,37,461,232,229
050,50,001,"Vermont","Addison County",4,38,462,230,232
050,50,001,"Vermont","Addison County",4,39,444,211,233
050,50,001,"Vermont","Addison County",4,40,428,217,211
050,50,001,"Vermont","Addison County",4,41,429,228,201
050,50,001,"Vermont","Addison County",4,42,446,239,207
050,50,001,"Vermont","Addison County",4,43,394,192,202
050,50,001,"Vermont","Addison County",4,44,387,192,195
050,50,001,"Vermont","Addison County",4,45,398,206,192
050,50,001,"Vermont","Addison County",4,46,422,217,205
050,50,001,"Vermont","Addison County",4,47,408,200,208
050,50,001,"Vermont","Addison County",4,48,400,207,193
050,50,001,"Vermont","Addison County",4,49,398,195,203
050,50,001,"Vermont","Addison County",4,50,428,214,214
050,50,001,"Vermont","Addison County",4,51,491,243,248
050,50,001,"Vermont","Addison County",4,52,480,235,245
050,50,001,"Vermont","Addison County",4,53,505,248,257
050,50,001,"Vermont","Addison County",4,54,472,232,240
050,50,001,"Vermont","Addison County",4,55,491,238,253
050,50,001,"Vermont","Addison County",4,56,495,249,246
050,50,001,"Vermont","Addison County",4,57,533,262,271
050,50,001,"Vermont","Addison County",4,58,565,288,277
050,50,001,"Vermont","Addison County",4,59,547,281,266
050,50,001,"Vermont","Addison County",4,60,560,284,276
050,50,001,"Vermont","Addison County",4,61,570,294,276
050,50,001,"Vermont","Addison County",4,62,574,291,283
050,50,001,"Vermont","Addison County",4,63,600,296,304
050,50,001,"Vermont","Addison County",4,64,581,282,299
050,50,001,"Vermont","Addison County",4,65,572,272,300
050,50,001,"Vermont","Addison County",4,66,548,267,281
050,50,001,"Vermont","Addison County",4,67,552,269,283
050,50,001,"Vermont","Addison County",4,68,588,283,305
050,50,001,"Vermont","Addison County",4,69,553,267,286
050,50,001,"Vermont","Addison County",4,70,505,254,251
050,50,001,"Vermont","Addison County",4,71,478,239,239
050,50,001,"Vermont","Addison County",4,72,466,235,231
050,50,001,"Vermont","Addison County",4,73,476,244,232
050,50,001,"Vermont","Addison County",4,74,458,229,229
050,50,001,"Vermont","Addison County",4,75,455,224,231
050,50,001,"Vermont","Addison County",4,76,311,150,161
050,50,001,"Vermont","Addison County",4,77,316,152,164
050,50,001,"Vermont","Addison County",4,78,309,160,149
050,50,001,"Vermont","Addison County",4,79,306,147,159
050,50,001,"Vermont","Addison County",4,80,223,104,119
050,50,001,"Vermont","Addison County",4,81,199,86,113
050,50,001,"Vermont","Addison County",4,82,170,74,96
050,50,001,"Vermont","Addison County",4,83,152,67,85
050,50,001,"Vermont","Addison County",4,84,152,70,82
050,50,001,"Vermont","Addison County",4,85,778,294,484
050,50,001,"Vermont","Addison County",5,0,287,141,146
050,50,001,"Vermont","Addison County",5,1,306,157,149
050,50,001,"Vermont","Addison County",5,2,291,166,125
050,50,001,"Vermont","Addison County",5,3,292,152,140
050,50,001,"Vermont","Addison County",5,4,308,136,172
050,50,001,"Vermont","Addison County",5,5,322,158,164
050,50,001,"Vermont","Addison County",5,6,325,175,150
050,50,001,"Vermont","Addison County",5,7,319,162,157
050,50,001,"Vermont","Addison County",5,8,335,170,165
050,50,001,"Vermont","Addison County",5,9,340,177,163
050,50,001,"Vermont","Addison County",5,10,351,194,157
050,50,001,"Vermont","Addison County",5,11,325,170,155
050,50,001,"Vermont","Addison County",5,12,335,171,164
050,50,001,"Vermont","Addison County",5,13,360,185,175
050,50,001,"Vermont","Addison County",5,14,354,188,166
050,50,001,"Vermont","Addison County",5,15,370,188,182
050,50,001,"Vermont","Addison County",5,16,380,201,179
050,50,001,"Vermont","Addison County",5,17,397,217,180
050,50,001,"Vermont","Addison County",5,18,677,313,364
050,50,001,"Vermont","Addison County",5,19,1048,523,525
050,50,001,"Vermont","Addison County",5,20,919,509,410
050,50,001,"Vermont","Addison County",5,21,868,427,441
050,50,001,"Vermont","Addison County",5,22,697,368,329
050,50,001,"Vermont","Addison County",5,23,395,222,173
050,50,001,"Vermont","Addison County",5,24,311,168,143
050,50,001,"Vermont","Addison County",5,25,296,145,151
050,50,001,"Vermont","Addison County",5,26,321,172,149
050,50,001,"Vermont","Addison County",5,27,336,163,173
050,50,001,"Vermont","Addison County",5,28,331,168,163
050,50,001,"Vermont","Addison County",5,29,387,191,196
050,50,001,"Vermont","Addison County",5,30,369,177,192
050,50,001,"Vermont","Addison County",5,31,396,207,189
050,50,001,"Vermont","Addison County",5,32,442,226,216
050,50,001,"Vermont","Addison County",5,33,457,234,223
050,50,001,"Vermont","Addison County",5,34,410,206,204
050,50,001,"Vermont","Addison County",5,35,424,211,213
050,50,001,"Vermont","Addison County",5,36,452,225,227
050,50,001,"Vermont","Addison County",5,37,441,222,219
050,50,001,"Vermont","Addison County",5,38,479,239,240
050,50,001,"Vermont","Addison County",5,39,462,239,223
050,50,001,"Vermont","Addison County",5,40,443,212,231
050,50,001,"Vermont","Addison County",5,41,428,215,213
050,50,001,"Vermont","Addison County",5,42,436,229,207
050,50,001,"Vermont","Addison County",5,43,457,248,209
050,50,001,"Vermont","Addison County",5,44,405,198,207
050,50,001,"Vermont","Addison County",5,45,398,201,197
050,50,001,"Vermont","Addison County",5,46,399,205,194
050,50,001,"Vermont","Addison County",5,47,424,214,210
050,50,001,"Vermont","Addison County",5,48,418,212,206
050,50,001,"Vermont","Addison County",5,49,411,207,204
050,50,001,"Vermont","Addison County",5,50,400,192,208
050,50,001,"Vermont","Addison County",5,51,440,221,219
050,50,001,"Vermont","Addison County",5,52,482,241,241
050,50,001,"Vermont","Addison County",5,53,492,241,251
050,50,001,"Vermont","Addison County",5,54,496,247,249
050,50,001,"Vermont","Addison County",5,55,484,233,251
050,50,001,"Vermont","Addison County",5,56,498,242,256
050,50,001,"Vermont","Addison County",5,57,502,254,248
050,50,001,"Vermont","Addison County",5,58,534,264,270
050,50,001,"Vermont","Addison County",5,59,561,292,269
050,50,001,"Vermont","Addison County",5,60,562,290,272
050,50,001,"Vermont","Addison County",5,61,566,284,282
050,50,001,"Vermont","Addison County",5,62,566,298,268
050,50,001,"Vermont","Addison County",5,63,555,278,277
050,50,001,"Vermont","Addison County",5,64,580,287,293
050,50,001,"Vermont","Addison County",5,65,584,285,299
050,50,001,"Vermont","Addison County",5,66,564,265,299
050,50,001,"Vermont","Addison County",5,67,554,270,284
050,50,001,"Vermont","Addison County",5,68,560,270,290
050,50,001,"Vermont","Addison County",5,69,586,286,300
050,50,001,"Vermont","Addison County",5,70,539,256,283
050,50,001,"Vermont","Addison County",5,71,496,250,246
050,50,001,"Vermont","Addison County",5,72,469,235,234
050,50,001,"Vermont","Addison County",5,73,460,226,234
050,50,001,"Vermont","Addison County",5,74,471,239,232
050,50,001,"Vermont","Addison County",5,75,444,220,224
050,50,001,"Vermont","Addison County",5,76,442,220,222
050,50,001,"Vermont","Addison County",5,77,313,146,167
050,50,001,"Vermont","Addison County",5,78,309,149,160
050,50,001,"Vermont","Addison County",5,79,289,153,136
050,50,001,"Vermont","Addison County",5,80,278,134,144
050,50,001,"Vermont","Addison County",5,81,218,94,124
050,50,001,"Vermont","Addison County",5,82,200,87,113
050,50,001,"Vermont","Addison County",5,83,157,70,87
050,50,001,"Vermont","Addison County",5,84,150,67,83
050,50,001,"Vermont","Addison County",5,85,785,298,487
050,50,003,"Vermont","Bennington County",1,0,324,166,158
050,50,003,"Vermont","Bennington County",1,1,343,181,162
050,50,003,"Vermont","Bennington County",1,2,319,169,150
050,50,003,"Vermont","Bennington County",1,3,355,190,165
050,50,003,"Vermont","Bennington County",1,4,349,170,179
050,50,003,"Vermont","Bennington County",1,5,374,187,187
050,50,003,"Vermont","Bennington County",1,6,380,212,168
050,50,003,"Vermont","Bennington County",1,7,383,202,181
050,50,003,"Vermont","Bennington County",1,8,372,178,194
050,50,003,"Vermont","Bennington County",1,9,364,193,171
050,50,003,"Vermont","Bennington County",1,10,398,223,175
050,50,003,"Vermont","Bennington County",1,11,456,246,210
050,50,003,"Vermont","Bennington County",1,12,450,236,214
050,50,003,"Vermont","Bennington County",1,13,453,234,219
050,50,003,"Vermont","Bennington County",1,14,458,253,205
050,50,003,"Vermont","Bennington County",1,15,464,249,215
050,50,003,"Vermont","Bennington County",1,16,476,261,215
050,50,003,"Vermont","Bennington County",1,17,459,227,232
050,50,003,"Vermont","Bennington County",1,18,494,251,243
050,50,003,"Vermont","Bennington County",1,19,502,242,260
050,50,003,"Vermont","Bennington County",1,20,505,220,285
050,50,003,"Vermont","Bennington County",1,21,498,226,272
050,50,003,"Vermont","Bennington County",1,22,449,209,240
050,50,003,"Vermont","Bennington County",1,23,388,197,191
050,50,003,"Vermont","Bennington County",1,24,379,187,192
050,50,003,"Vermont","Bennington County",1,25,373,191,182
050,50,003,"Vermont","Bennington County",1,26,378,193,185
050,50,003,"Vermont","Bennington County",1,27,395,207,188
050,50,003,"Vermont","Bennington County",1,28,370,188,182
050,50,003,"Vermont","Bennington County",1,29,358,176,182
050,50,003,"Vermont","Bennington County",1,30,335,172,163
050,50,003,"Vermont","Bennington County",1,31,355,181,174
050,50,003,"Vermont","Bennington County",1,32,340,178,162
050,50,003,"Vermont","Bennington County",1,33,370,186,184
050,50,003,"Vermont","Bennington County",1,34,384,168,216
050,50,003,"Vermont","Bennington County",1,35,373,187,186
050,50,003,"Vermont","Bennington County",1,36,409,211,198
050,50,003,"Vermont","Bennington County",1,37,410,198,212
050,50,003,"Vermont","Bennington County",1,38,384,184,200
050,50,003,"Vermont","Bennington County",1,39,395,184,211
050,50,003,"Vermont","Bennington County",1,40,406,204,202
050,50,003,"Vermont","Bennington County",1,41,382,194,188
050,50,003,"Vermont","Bennington County",1,42,386,194,192
050,50,003,"Vermont","Bennington County",1,43,364,179,185
050,50,003,"Vermont","Bennington County",1,44,345,178,167
050,50,003,"Vermont","Bennington County",1,45,344,171,173
050,50,003,"Vermont","Bennington County",1,46,365,188,177
050,50,003,"Vermont","Bennington County",1,47,416,217,199
050,50,003,"Vermont","Bennington County",1,48,420,210,210
050,50,003,"Vermont","Bennington County",1,49,520,222,298
050,50,003,"Vermont","Bennington County",1,50,514,238,276
050,50,003,"Vermont","Bennington County",1,51,484,229,255
050,50,003,"Vermont","Bennington County",1,52,501,248,253
050,50,003,"Vermont","Bennington County",1,53,529,261,268
050,50,003,"Vermont","Bennington County",1,54,542,269,273
050,50,003,"Vermont","Bennington County",1,55,559,270,289
050,50,003,"Vermont","Bennington County",1,56,577,291,286
050,50,003,"Vermont","Bennington County",1,57,596,298,298
050,50,003,"Vermont","Bennington County",1,58,641,298,343
050,50,003,"Vermont","Bennington County",1,59,641,313,328
050,50,003,"Vermont","Bennington County",1,60,636,320,316
050,50,003,"Vermont","Bennington County",1,61,627,310,317
050,50,003,"Vermont","Bennington County",1,62,625,316,309
050,50,003,"Vermont","Bennington County",1,63,633,320,313
050,50,003,"Vermont","Bennington County",1,64,606,295,311
050,50,003,"Vermont","Bennington County",1,65,585,265,320
050,50,003,"Vermont","Bennington County",1,66,574,268,306
050,50,003,"Vermont","Bennington County",1,67,592,292,300
050,50,003,"Vermont","Bennington County",1,68,524,244,280
050,50,003,"Vermont","Bennington County",1,69,475,244,231
050,50,003,"Vermont","Bennington County",1,70,491,248,243
050,50,003,"Vermont","Bennington County",1,71,499,244,255
050,50,003,"Vermont","Bennington County",1,72,508,257,251
050,50,003,"Vermont","Bennington County",1,73,476,236,240
050,50,003,"Vermont","Bennington County",1,74,337,162,175
050,50,003,"Vermont","Bennington County",1,75,340,147,193
050,50,003,"Vermont","Bennington County",1,76,342,153,189
050,50,003,"Vermont","Bennington County",1,77,359,164,195
050,50,003,"Vermont","Bennington County",1,78,269,124,145
050,50,003,"Vermont","Bennington County",1,79,246,113,133
050,50,003,"Vermont","Bennington County",1,80,250,102,148
050,50,003,"Vermont","Bennington County",1,81,211,86,125
050,50,003,"Vermont","Bennington County",1,82,173,81,92
050,50,003,"Vermont","Bennington County",1,83,174,78,96
050,50,003,"Vermont","Bennington County",1,84,170,78,92
050,50,003,"Vermont","Bennington County",1,85,1067,409,658
050,50,003,"Vermont","Bennington County",2,0,326,171,155
050,50,003,"Vermont","Bennington County",2,1,334,173,161
050,50,003,"Vermont","Bennington County",2,2,321,169,152
050,50,003,"Vermont","Bennington County",2,3,343,182,161
050,50,003,"Vermont","Bennington County",2,4,352,176,176
050,50,003,"Vermont","Bennington County",2,5,369,184,185
050,50,003,"Vermont","Bennington County",2,6,377,206,171
050,50,003,"Vermont","Bennington County",2,7,383,205,178
050,50,003,"Vermont","Bennington County",2,8,375,184,191
050,50,003,"Vermont","Bennington County",2,9,369,193,176
050,50,003,"Vermont","Bennington County",2,10,392,218,174
050,50,003,"Vermont","Bennington County",2,11,439,239,200
050,50,003,"Vermont","Bennington County",2,12,456,241,215
050,50,003,"Vermont","Bennington County",2,13,454,235,219
050,50,003,"Vermont","Bennington County",2,14,457,248,209
050,50,003,"Vermont","Bennington County",2,15,465,251,214
050,50,003,"Vermont","Bennington County",2,16,477,260,217
050,50,003,"Vermont","Bennington County",2,17,465,238,227
050,50,003,"Vermont","Bennington County",2,18,488,245,243
050,50,003,"Vermont","Bennington County",2,19,502,243,259
050,50,003,"Vermont","Bennington County",2,20,515,227,288
050,50,003,"Vermont","Bennington County",2,21,486,221,265
050,50,003,"Vermont","Bennington County",2,22,437,206,231
050,50,003,"Vermont","Bennington County",2,23,394,199,195
050,50,003,"Vermont","Bennington County",2,24,375,188,187
050,50,003,"Vermont","Bennington County",2,25,377,192,185
050,50,003,"Vermont","Bennington County",2,26,371,191,180
050,50,003,"Vermont","Bennington County",2,27,391,202,189
050,50,003,"Vermont","Bennington County",2,28,373,191,182
050,50,003,"Vermont","Bennington County",2,29,360,177,183
050,50,003,"Vermont","Bennington County",2,30,341,172,169
050,50,003,"Vermont","Bennington County",2,31,349,176,173
050,50,003,"Vermont","Bennington County",2,32,344,179,165
050,50,003,"Vermont","Bennington County",2,33,363,182,181
050,50,003,"Vermont","Bennington County",2,34,381,172,209
050,50,003,"Vermont","Bennington County",2,35,381,185,196
050,50,003,"Vermont","Bennington County",2,36,400,207,193
050,50,003,"Vermont","Bennington County",2,37,412,204,208
050,50,003,"Vermont","Bennington County",2,38,392,189,203
050,50,003,"Vermont","Bennington County",2,39,396,186,210
050,50,003,"Vermont","Bennington County",2,40,405,200,205
050,50,003,"Vermont","Bennington County",2,41,389,198,191
050,50,003,"Vermont","Bennington County",2,42,381,193,188
050,50,003,"Vermont","Bennington County",2,43,373,186,187
050,50,003,"Vermont","Bennington County",2,44,343,174,169
050,50,003,"Vermont","Bennington County",2,45,348,173,175
050,50,003,"Vermont","Bennington County",2,46,359,182,177
050,50,003,"Vermont","Bennington County",2,47,404,211,193
050,50,003,"Vermont","Bennington County",2,48,422,214,208
050,50,003,"Vermont","Bennington County",2,49,497,221,276
050,50,003,"Vermont","Bennington County",2,50,511,231,280
050,50,003,"Vermont","Bennington County",2,51,489,230,259
050,50,003,"Vermont","Bennington County",2,52,495,243,252
050,50,003,"Vermont","Bennington County",2,53,522,256,266
050,50,003,"Vermont","Bennington County",2,54,536,267,269
050,50,003,"Vermont","Bennington County",2,55,557,272,285
050,50,003,"Vermont","Bennington County",2,56,576,288,288
050,50,003,"Vermont","Bennington County",2,57,591,296,295
050,50,003,"Vermont","Bennington County",2,58,631,299,332
050,50,003,"Vermont","Bennington County",2,59,644,311,333
050,50,003,"Vermont","Bennington County",2,60,636,318,318
050,50,003,"Vermont","Bennington County",2,61,626,312,314
050,50,003,"Vermont","Bennington County",2,62,624,313,311
050,50,003,"Vermont","Bennington County",2,63,635,321,314
050,50,003,"Vermont","Bennington County",2,64,608,299,309
050,50,003,"Vermont","Bennington County",2,65,590,274,316
050,50,003,"Vermont","Bennington County",2,66,576,268,308
050,50,003,"Vermont","Bennington County",2,67,585,283,302
050,50,003,"Vermont","Bennington County",2,68,535,255,280
050,50,003,"Vermont","Bennington County",2,69,487,244,243
050,50,003,"Vermont","Bennington County",2,70,485,244,241
050,50,003,"Vermont","Bennington County",2,71,493,244,249
050,50,003,"Vermont","Bennington County",2,72,493,249,244
050,50,003,"Vermont","Bennington County",2,73,501,248,253
050,50,003,"Vermont","Bennington County",2,74,345,167,178
050,50,003,"Vermont","Bennington County",2,75,340,154,186
050,50,003,"Vermont","Bennington County",2,76,334,148,186
050,50,003,"Vermont","Bennington County",2,77,360,164,196
050,50,003,"Vermont","Bennington County",2,78,287,133,154
050,50,003,"Vermont","Bennington County",2,79,248,113,135
050,50,003,"Vermont","Bennington County",2,80,247,101,146
050,50,003,"Vermont","Bennington County",2,81,214,89,125
050,50,003,"Vermont","Bennington County",2,82,183,84,99
050,50,003,"Vermont","Bennington County",2,83,172,78,94
050,50,003,"Vermont","Bennington County",2,84,171,76,95
050,50,003,"Vermont","Bennington County",2,85,1071,413,658
050,50,003,"Vermont","Bennington County",3,0,279,148,131
050,50,003,"Vermont","Bennington County",3,1,351,172,179
050,50,003,"Vermont","Bennington County",3,2,337,171,166
050,50,003,"Vermont","Bennington County",3,3,329,175,154
050,50,003,"Vermont","Bennington County",3,4,354,187,167
050,50,003,"Vermont","Bennington County",3,5,363,181,182
050,50,003,"Vermont","Bennington County",3,6,360,180,180
050,50,003,"Vermont","Bennington County",3,7,398,219,179
050,50,003,"Vermont","Bennington County",3,8,385,204,181
050,50,003,"Vermont","Bennington County",3,9,392,193,199
050,50,003,"Vermont","Bennington County",3,10,380,196,184
050,50,003,"Vermont","Bennington County",3,11,380,213,167
050,50,003,"Vermont","Bennington County",3,12,441,239,202
050,50,003,"Vermont","Bennington County",3,13,458,239,219
050,50,003,"Vermont","Bennington County",3,14,448,232,216
050,50,003,"Vermont","Bennington County",3,15,465,246,219
050,50,003,"Vermont","Bennington County",3,16,481,265,216
050,50,003,"Vermont","Bennington County",3,17,490,264,226
050,50,003,"Vermont","Bennington County",3,18,504,251,253
050,50,003,"Vermont","Bennington County",3,19,484,234,250
050,50,003,"Vermont","Bennington County",3,20,530,242,288
050,50,003,"Vermont","Bennington County",3,21,467,214,253
050,50,003,"Vermont","Bennington County",3,22,424,203,221
050,50,003,"Vermont","Bennington County",3,23,400,197,203
050,50,003,"Vermont","Bennington County",3,24,365,185,180
050,50,003,"Vermont","Bennington County",3,25,381,202,179
050,50,003,"Vermont","Bennington County",3,26,332,165,167
050,50,003,"Vermont","Bennington County",3,27,348,176,172
050,50,003,"Vermont","Bennington County",3,28,385,203,182
050,50,003,"Vermont","Bennington County",3,29,371,198,173
050,50,003,"Vermont","Bennington County",3,30,364,178,186
050,50,003,"Vermont","Bennington County",3,31,358,176,182
050,50,003,"Vermont","Bennington County",3,32,357,184,173
050,50,003,"Vermont","Bennington County",3,33,359,189,170
050,50,003,"Vermont","Bennington County",3,34,375,193,182
050,50,003,"Vermont","Bennington County",3,35,399,183,216
050,50,003,"Vermont","Bennington County",3,36,404,196,208
050,50,003,"Vermont","Bennington County",3,37,408,214,194
050,50,003,"Vermont","Bennington County",3,38,403,200,203
050,50,003,"Vermont","Bennington County",3,39,401,188,213
050,50,003,"Vermont","Bennington County",3,40,404,192,212
050,50,003,"Vermont","Bennington County",3,41,417,203,214
050,50,003,"Vermont","Bennington County",3,42,388,198,190
050,50,003,"Vermont","Bennington County",3,43,396,204,192
050,50,003,"Vermont","Bennington County",3,44,381,185,196
050,50,003,"Vermont","Bennington County",3,45,357,180,177
050,50,003,"Vermont","Bennington County",3,46,358,172,186
050,50,003,"Vermont","Bennington County",3,47,370,190,180
050,50,003,"Vermont","Bennington County",3,48,406,215,191
050,50,003,"Vermont","Bennington County",3,49,447,223,224
050,50,003,"Vermont","Bennington County",3,50,516,234,282
050,50,003,"Vermont","Bennington County",3,51,526,241,285
050,50,003,"Vermont","Bennington County",3,52,488,235,253
050,50,003,"Vermont","Bennington County",3,53,509,245,264
050,50,003,"Vermont","Bennington County",3,54,525,259,266
050,50,003,"Vermont","Bennington County",3,55,532,271,261
050,50,003,"Vermont","Bennington County",3,56,570,280,290
050,50,003,"Vermont","Bennington County",3,57,565,278,287
050,50,003,"Vermont","Bennington County",3,58,593,298,295
050,50,003,"Vermont","Bennington County",3,59,623,293,330
050,50,003,"Vermont","Bennington County",3,60,647,310,337
050,50,003,"Vermont","Bennington County",3,61,633,320,313
050,50,003,"Vermont","Bennington County",3,62,629,313,316
050,50,003,"Vermont","Bennington County",3,63,619,305,314
050,50,003,"Vermont","Bennington County",3,64,641,326,315
050,50,003,"Vermont","Bennington County",3,65,607,295,312
050,50,003,"Vermont","Bennington County",3,66,586,266,320
050,50,003,"Vermont","Bennington County",3,67,577,268,309
050,50,003,"Vermont","Bennington County",3,68,581,283,298
050,50,003,"Vermont","Bennington County",3,69,525,248,277
050,50,003,"Vermont","Bennington County",3,70,490,236,254
050,50,003,"Vermont","Bennington County",3,71,481,245,236
050,50,003,"Vermont","Bennington County",3,72,478,237,241
050,50,003,"Vermont","Bennington County",3,73,486,242,244
050,50,003,"Vermont","Bennington County",3,74,487,241,246
050,50,003,"Vermont","Bennington County",3,75,342,170,172
050,50,003,"Vermont","Bennington County",3,76,326,145,181
050,50,003,"Vermont","Bennington County",3,77,307,129,178
050,50,003,"Vermont","Bennington County",3,78,362,164,198
050,50,003,"Vermont","Bennington County",3,79,272,126,146
050,50,003,"Vermont","Bennington County",3,80,242,104,138
050,50,003,"Vermont","Bennington County",3,81,227,94,133
050,50,003,"Vermont","Bennington County",3,82,188,82,106
050,50,003,"Vermont","Bennington County",3,83,183,79,104
050,50,003,"Vermont","Bennington County",3,84,165,72,93
050,50,003,"Vermont","Bennington County",3,85,1069,420,649
050,50,003,"Vermont","Bennington County",4,0,280,146,134
050,50,003,"Vermont","Bennington County",4,1,291,157,134
050,50,003,"Vermont","Bennington County",4,2,346,169,177
050,50,003,"Vermont","Bennington County",4,3,332,164,168
050,50,003,"Vermont","Bennington County",4,4,350,186,164
050,50,003,"Vermont","Bennington County",4,5,349,180,169
050,50,003,"Vermont","Bennington County",4,6,373,189,184
050,50,003,"Vermont","Bennington County",4,7,368,182,186
050,50,003,"Vermont","Bennington County",4,8,398,214,184
050,50,003,"Vermont","Bennington County",4,9,387,205,182
050,50,003,"Vermont","Bennington County",4,10,409,208,201
050,50,003,"Vermont","Bennington County",4,11,378,192,186
050,50,003,"Vermont","Bennington County",4,12,390,217,173
050,50,003,"Vermont","Bennington County",4,13,452,245,207
050,50,003,"Vermont","Bennington County",4,14,468,243,225
050,50,003,"Vermont","Bennington County",4,15,440,225,215
050,50,003,"Vermont","Bennington County",4,16,473,253,220
050,50,003,"Vermont","Bennington County",4,17,490,256,234
050,50,003,"Vermont","Bennington County",4,18,510,264,246
050,50,003,"Vermont","Bennington County",4,19,497,242,255
050,50,003,"Vermont","Bennington County",4,20,509,234,275
050,50,003,"Vermont","Bennington County",4,21,497,235,262
050,50,003,"Vermont","Bennington County",4,22,413,199,214
050,50,003,"Vermont","Bennington County",4,23,376,191,185
050,50,003,"Vermont","Bennington County",4,24,380,192,188
050,50,003,"Vermont","Bennington County",4,25,355,180,175
050,50,003,"Vermont","Bennington County",4,26,350,180,170
050,50,003,"Vermont","Bennington County",4,27,337,166,171
050,50,003,"Vermont","Bennington County",4,28,341,169,172
050,50,003,"Vermont","Bennington County",4,29,392,209,183
050,50,003,"Vermont","Bennington County",4,30,355,188,167
050,50,003,"Vermont","Bennington County",4,31,358,173,185
050,50,003,"Vermont","Bennington County",4,32,345,178,167
050,50,003,"Vermont","Bennington County",4,33,378,191,187
050,50,003,"Vermont","Bennington County",4,34,364,187,177
050,50,003,"Vermont","Bennington County",4,35,384,199,185
050,50,003,"Vermont","Bennington County",4,36,388,177,211
050,50,003,"Vermont","Bennington County",4,37,425,205,220
050,50,003,"Vermont","Bennington County",4,38,415,212,203
050,50,003,"Vermont","Bennington County",4,39,420,206,214
050,50,003,"Vermont","Bennington County",4,40,413,188,225
050,50,003,"Vermont","Bennington County",4,41,428,200,228
050,50,003,"Vermont","Bennington County",4,42,403,196,207
050,50,003,"Vermont","Bennington County",4,43,388,196,192
050,50,003,"Vermont","Bennington County",4,44,410,214,196
050,50,003,"Vermont","Bennington County",4,45,395,194,201
050,50,003,"Vermont","Bennington County",4,46,356,173,183
050,50,003,"Vermont","Bennington County",4,47,367,173,194
050,50,003,"Vermont","Bennington County",4,48,379,199,180
050,50,003,"Vermont","Bennington County",4,49,419,225,194
050,50,003,"Vermont","Bennington County",4,50,473,233,240
050,50,003,"Vermont","Bennington County",4,51,512,238,274
050,50,003,"Vermont","Bennington County",4,52,524,238,286
050,50,003,"Vermont","Bennington County",4,53,496,239,257
050,50,003,"Vermont","Bennington County",4,54,519,264,255
050,50,003,"Vermont","Bennington County",4,55,538,269,269
050,50,003,"Vermont","Bennington County",4,56,532,268,264
050,50,003,"Vermont","Bennington County",4,57,560,274,286
050,50,003,"Vermont","Bennington County",4,58,565,281,284
050,50,003,"Vermont","Bennington County",4,59,588,291,297
050,50,003,"Vermont","Bennington County",4,60,611,289,322
050,50,003,"Vermont","Bennington County",4,61,651,318,333
050,50,003,"Vermont","Bennington County",4,62,636,308,328
050,50,003,"Vermont","Bennington County",4,63,600,291,309
050,50,003,"Vermont","Bennington County",4,64,624,307,317
050,50,003,"Vermont","Bennington County",4,65,647,336,311
050,50,003,"Vermont","Bennington County",4,66,593,289,304
050,50,003,"Vermont","Bennington County",4,67,581,270,311
050,50,003,"Vermont","Bennington County",4,68,580,267,313
050,50,003,"Vermont","Bennington County",4,69,568,278,290
050,50,003,"Vermont","Bennington County",4,70,532,249,283
050,50,003,"Vermont","Bennington County",4,71,482,243,239
050,50,003,"Vermont","Bennington County",4,72,470,240,230
050,50,003,"Vermont","Bennington County",4,73,450,220,230
050,50,003,"Vermont","Bennington County",4,74,465,230,235
050,50,003,"Vermont","Bennington County",4,75,481,236,245
050,50,003,"Vermont","Bennington County",4,76,318,158,160
050,50,003,"Vermont","Bennington County",4,77,303,127,176
050,50,003,"Vermont","Bennington County",4,78,310,128,182
050,50,003,"Vermont","Bennington County",4,79,352,156,196
050,50,003,"Vermont","Bennington County",4,80,266,119,147
050,50,003,"Vermont","Bennington County",4,81,218,101,117
050,50,003,"Vermont","Bennington County",4,82,196,83,113
050,50,003,"Vermont","Bennington County",4,83,187,76,111
050,50,003,"Vermont","Bennington County",4,84,159,63,96
050,50,003,"Vermont","Bennington County",4,85,1035,413,622
050,50,003,"Vermont","Bennington County",5,0,270,140,130
050,50,003,"Vermont","Bennington County",5,1,293,161,132
050,50,003,"Vermont","Bennington County",5,2,291,151,140
050,50,003,"Vermont","Bennington County",5,3,346,174,172
050,50,003,"Vermont","Bennington County",5,4,341,167,174
050,50,003,"Vermont","Bennington County",5,5,357,184,173
050,50,003,"Vermont","Bennington County",5,6,341,175,166
050,50,003,"Vermont","Bennington County",5,7,367,189,178
050,50,003,"Vermont","Bennington County",5,8,366,182,184
050,50,003,"Vermont","Bennington County",5,9,417,225,192
050,50,003,"Vermont","Bennington County",5,10,400,221,179
050,50,003,"Vermont","Bennington County",5,11,418,209,209
050,50,003,"Vermont","Bennington County",5,12,362,188,174
050,50,003,"Vermont","Bennington County",5,13,390,221,169
050,50,003,"Vermont","Bennington County",5,14,447,238,209
050,50,003,"Vermont","Bennington County",5,15,476,247,229
050,50,003,"Vermont","Bennington County",5,16,451,230,221
050,50,003,"Vermont","Bennington County",5,17,488,254,234
050,50,003,"Vermont","Bennington County",5,18,527,274,253
050,50,003,"Vermont","Bennington County",5,19,506,249,257
050,50,003,"Vermont","Bennington County",5,20,532,242,290
050,50,003,"Vermont","Bennington County",5,21,468,224,244
050,50,003,"Vermont","Bennington County",5,22,426,211,215
050,50,003,"Vermont","Bennington County",5,23,361,185,176
050,50,003,"Vermont","Bennington County",5,24,354,170,184
050,50,003,"Vermont","Bennington County",5,25,381,199,182
050,50,003,"Vermont","Bennington County",5,26,339,176,163
050,50,003,"Vermont","Bennington County",5,27,337,174,163
050,50,003,"Vermont","Bennington County",5,28,331,164,167
050,50,003,"Vermont","Bennington County",5,29,359,182,177
050,50,003,"Vermont","Bennington County",5,30,383,203,180
050,50,003,"Vermont","Bennington County",5,31,368,188,180
050,50,003,"Vermont","Bennington County",5,32,355,172,183
050,50,003,"Vermont","Bennington County",5,33,341,180,161
050,50,003,"Vermont","Bennington County",5,34,388,193,195
050,50,003,"Vermont","Bennington County",5,35,375,194,181
050,50,003,"Vermont","Bennington County",5,36,374,191,183
050,50,003,"Vermont","Bennington County",5,37,405,183,222
050,50,003,"Vermont","Bennington County",5,38,427,210,217
050,50,003,"Vermont","Bennington County",5,39,415,213,202
050,50,003,"Vermont","Bennington County",5,40,423,205,218
050,50,003,"Vermont","Bennington County",5,41,427,197,230
050,50,003,"Vermont","Bennington County",5,42,429,204,225
050,50,003,"Vermont","Bennington County",5,43,392,185,207
050,50,003,"Vermont","Bennington County",5,44,390,193,197
050,50,003,"Vermont","Bennington County",5,45,422,227,195
050,50,003,"Vermont","Bennington County",5,46,408,196,212
050,50,003,"Vermont","Bennington County",5,47,357,173,184
050,50,003,"Vermont","Bennington County",5,48,371,177,194
050,50,003,"Vermont","Bennington County",5,49,390,203,187
050,50,003,"Vermont","Bennington County",5,50,417,221,196
050,50,003,"Vermont","Bennington County",5,51,471,238,233
050,50,003,"Vermont","Bennington County",5,52,508,232,276
050,50,003,"Vermont","Bennington County",5,53,521,238,283
050,50,003,"Vermont","Bennington County",5,54,486,245,241
050,50,003,"Vermont","Bennington County",5,55,520,267,253
050,50,003,"Vermont","Bennington County",5,56,540,270,270
050,50,003,"Vermont","Bennington County",5,57,527,262,265
050,50,003,"Vermont","Bennington County",5,58,559,275,284
050,50,003,"Vermont","Bennington County",5,59,563,270,293
050,50,003,"Vermont","Bennington County",5,60,589,292,297
050,50,003,"Vermont","Bennington County",5,61,613,294,319
050,50,003,"Vermont","Bennington County",5,62,651,309,342
050,50,003,"Vermont","Bennington County",5,63,632,299,333
050,50,003,"Vermont","Bennington County",5,64,602,293,309
050,50,003,"Vermont","Bennington County",5,65,623,309,314
050,50,003,"Vermont","Bennington County",5,66,629,331,298
050,50,003,"Vermont","Bennington County",5,67,590,293,297
050,50,003,"Vermont","Bennington County",5,68,590,277,313
050,50,003,"Vermont","Bennington County",5,69,554,254,300
050,50,003,"Vermont","Bennington County",5,70,573,278,295
050,50,003,"Vermont","Bennington County",5,71,517,250,267
050,50,003,"Vermont","Bennington County",5,72,473,236,237
050,50,003,"Vermont","Bennington County",5,73,449,231,218
050,50,003,"Vermont","Bennington County",5,74,436,216,220
050,50,003,"Vermont","Bennington County",5,75,451,224,227
050,50,003,"Vermont","Bennington County",5,76,468,227,241
050,50,003,"Vermont","Bennington County",5,77,300,143,157
050,50,003,"Vermont","Bennington County",5,78,307,133,174
050,50,003,"Vermont","Bennington County",5,79,305,127,178
050,50,003,"Vermont","Bennington County",5,80,340,146,194
050,50,003,"Vermont","Bennington County",5,81,244,117,127
050,50,003,"Vermont","Bennington County",5,82,190,90,100
050,50,003,"Vermont","Bennington County",5,83,195,80,115
050,50,003,"Vermont","Bennington County",5,84,171,67,104
050,50,003,"Vermont","Bennington County",5,85,997,400,597
050,50,005,"Vermont","Caledonia County",1,0,260,130,130
050,50,005,"Vermont","Caledonia County",1,1,267,128,139
050,50,005,"Vermont","Caledonia County",1,2,278,142,136
050,50,005,"Vermont","Caledonia County",1,3,296,143,153
050,50,005,"Vermont","Caledonia County",1,4,295,152,143
050,50,005,"Vermont","Caledonia County",1,5,303,162,141
050,50,005,"Vermont","Caledonia County",1,6,302,158,144
050,50,005,"Vermont","Caledonia County",1,7,281,136,145
050,50,005,"Vermont","Caledonia County",1,8,308,173,135
050,50,005,"Vermont","Caledonia County",1,9,330,176,154
050,50,005,"Vermont","Caledonia County",1,10,320,165,155
050,50,005,"Vermont","Caledonia County",1,11,332,177,155
050,50,005,"Vermont","Caledonia County",1,12,351,181,170
050,50,005,"Vermont","Caledonia County",1,13,352,184,168
050,50,005,"Vermont","Caledonia County",1,14,375,203,172
050,50,005,"Vermont","Caledonia County",1,15,394,212,182
050,50,005,"Vermont","Caledonia County",1,16,420,214,206
050,50,005,"Vermont","Caledonia County",1,17,426,221,205
050,50,005,"Vermont","Caledonia County",1,18,441,247,194
050,50,005,"Vermont","Caledonia County",1,19,413,230,183
050,50,005,"Vermont","Caledonia County",1,20,361,200,161
050,50,005,"Vermont","Caledonia County",1,21,352,187,165
050,50,005,"Vermont","Caledonia County",1,22,332,166,166
050,50,005,"Vermont","Caledonia County",1,23,293,159,134
050,50,005,"Vermont","Caledonia County",1,24,296,152,144
050,50,005,"Vermont","Caledonia County",1,25,296,151,145
050,50,005,"Vermont","Caledonia County",1,26,318,161,157
050,50,005,"Vermont","Caledonia County",1,27,331,171,160
050,50,005,"Vermont","Caledonia County",1,28,341,170,171
050,50,005,"Vermont","Caledonia County",1,29,323,166,157
050,50,005,"Vermont","Caledonia County",1,30,326,160,166
050,50,005,"Vermont","Caledonia County",1,31,323,169,154
050,50,005,"Vermont","Caledonia County",1,32,332,176,156
050,50,005,"Vermont","Caledonia County",1,33,316,159,157
050,50,005,"Vermont","Caledonia County",1,34,306,150,156
050,50,005,"Vermont","Caledonia County",1,35,318,166,152
050,50,005,"Vermont","Caledonia County",1,36,312,158,154
050,50,005,"Vermont","Caledonia County",1,37,334,165,169
050,50,005,"Vermont","Caledonia County",1,38,360,186,174
050,50,005,"Vermont","Caledonia County",1,39,387,173,214
050,50,005,"Vermont","Caledonia County",1,40,345,162,183
050,50,005,"Vermont","Caledonia County",1,41,338,169,169
050,50,005,"Vermont","Caledonia County",1,42,348,164,184
050,50,005,"Vermont","Caledonia County",1,43,346,164,182
050,50,005,"Vermont","Caledonia County",1,44,333,178,155
050,50,005,"Vermont","Caledonia County",1,45,348,177,171
050,50,005,"Vermont","Caledonia County",1,46,351,181,170
050,50,005,"Vermont","Caledonia County",1,47,376,185,191
050,50,005,"Vermont","Caledonia County",1,48,428,219,209
050,50,005,"Vermont","Caledonia County",1,49,448,222,226
050,50,005,"Vermont","Caledonia County",1,50,411,213,198
050,50,005,"Vermont","Caledonia County",1,51,374,197,177
050,50,005,"Vermont","Caledonia County",1,52,370,192,178
050,50,005,"Vermont","Caledonia County",1,53,401,212,189
050,50,005,"Vermont","Caledonia County",1,54,413,200,213
050,50,005,"Vermont","Caledonia County",1,55,446,210,236
050,50,005,"Vermont","Caledonia County",1,56,423,211,212
050,50,005,"Vermont","Caledonia County",1,57,434,212,222
050,50,005,"Vermont","Caledonia County",1,58,489,227,262
050,50,005,"Vermont","Caledonia County",1,59,528,246,282
050,50,005,"Vermont","Caledonia County",1,60,465,234,231
050,50,005,"Vermont","Caledonia County",1,61,495,244,251
050,50,005,"Vermont","Caledonia County",1,62,512,250,262
050,50,005,"Vermont","Caledonia County",1,63,478,227,251
050,50,005,"Vermont","Caledonia County",1,64,466,228,238
050,50,005,"Vermont","Caledonia County",1,65,519,264,255
050,50,005,"Vermont","Caledonia County",1,66,491,241,250
050,50,005,"Vermont","Caledonia County",1,67,483,244,239
050,50,005,"Vermont","Caledonia County",1,68,456,236,220
050,50,005,"Vermont","Caledonia County",1,69,460,212,248
050,50,005,"Vermont","Caledonia County",1,70,392,188,204
050,50,005,"Vermont","Caledonia County",1,71,377,187,190
050,50,005,"Vermont","Caledonia County",1,72,374,187,187
050,50,005,"Vermont","Caledonia County",1,73,383,197,186
050,50,005,"Vermont","Caledonia County",1,74,267,141,126
050,50,005,"Vermont","Caledonia County",1,75,254,125,129
050,50,005,"Vermont","Caledonia County",1,76,243,127,116
050,50,005,"Vermont","Caledonia County",1,77,240,117,123
050,50,005,"Vermont","Caledonia County",1,78,206,101,105
050,50,005,"Vermont","Caledonia County",1,79,174,86,88
050,50,005,"Vermont","Caledonia County",1,80,150,73,77
050,50,005,"Vermont","Caledonia County",1,81,128,53,75
050,50,005,"Vermont","Caledonia County",1,82,133,63,70
050,50,005,"Vermont","Caledonia County",1,83,111,52,59
050,50,005,"Vermont","Caledonia County",1,84,109,49,60
050,50,005,"Vermont","Caledonia County",1,85,615,222,393
050,50,005,"Vermont","Caledonia County",2,0,244,123,121
050,50,005,"Vermont","Caledonia County",2,1,260,125,135
050,50,005,"Vermont","Caledonia County",2,2,273,136,137
050,50,005,"Vermont","Caledonia County",2,3,290,141,149
050,50,005,"Vermont","Caledonia County",2,4,297,151,146
050,50,005,"Vermont","Caledonia County",2,5,301,160,141
050,50,005,"Vermont","Caledonia County",2,6,303,159,144
050,50,005,"Vermont","Caledonia County",2,7,288,143,145
050,50,005,"Vermont","Caledonia County",2,8,305,167,138
050,50,005,"Vermont","Caledonia County",2,9,323,175,148
050,50,005,"Vermont","Caledonia County",2,10,323,168,155
050,50,005,"Vermont","Caledonia County",2,11,325,172,153
050,50,005,"Vermont","Caledonia County",2,12,346,179,167
050,50,005,"Vermont","Caledonia County",2,13,351,184,167
050,50,005,"Vermont","Caledonia County",2,14,369,199,170
050,50,005,"Vermont","Caledonia County",2,15,393,212,181
050,50,005,"Vermont","Caledonia County",2,16,415,215,200
050,50,005,"Vermont","Caledonia County",2,17,433,225,208
050,50,005,"Vermont","Caledonia County",2,18,440,244,196
050,50,005,"Vermont","Caledonia County",2,19,416,234,182
050,50,005,"Vermont","Caledonia County",2,20,365,202,163
050,50,005,"Vermont","Caledonia County",2,21,352,188,164
050,50,005,"Vermont","Caledonia County",2,22,328,166,162
050,50,005,"Vermont","Caledonia County",2,23,298,159,139
050,50,005,"Vermont","Caledonia County",2,24,294,153,141
050,50,005,"Vermont","Caledonia County",2,25,293,152,141
050,50,005,"Vermont","Caledonia County",2,26,312,156,156
050,50,005,"Vermont","Caledonia County",2,27,329,169,160
050,50,005,"Vermont","Caledonia County",2,28,343,173,170
050,50,005,"Vermont","Caledonia County",2,29,324,164,160
050,50,005,"Vermont","Caledonia County",2,30,327,160,167
050,50,005,"Vermont","Caledonia County",2,31,325,169,156
050,50,005,"Vermont","Caledonia County",2,32,334,177,157
050,50,005,"Vermont","Caledonia County",2,33,319,162,157
050,50,005,"Vermont","Caledonia County",2,34,309,151,158
050,50,005,"Vermont","Caledonia County",2,35,316,163,153
050,50,005,"Vermont","Caledonia County",2,36,312,157,155
050,50,005,"Vermont","Caledonia County",2,37,331,164,167
050,50,005,"Vermont","Caledonia County",2,38,358,183,175
050,50,005,"Vermont","Caledonia County",2,39,378,175,203
050,50,005,"Vermont","Caledonia County",2,40,360,167,193
050,50,005,"Vermont","Caledonia County",2,41,341,169,172
050,50,005,"Vermont","Caledonia County",2,42,344,163,181
050,50,005,"Vermont","Caledonia County",2,43,349,166,183
050,50,005,"Vermont","Caledonia County",2,44,331,171,160
050,50,005,"Vermont","Caledonia County",2,45,345,177,168
050,50,005,"Vermont","Caledonia County",2,46,351,179,172
050,50,005,"Vermont","Caledonia County",2,47,367,183,184
050,50,005,"Vermont","Caledonia County",2,48,416,212,204
050,50,005,"Vermont","Caledonia County",2,49,444,221,223
050,50,005,"Vermont","Caledonia County",2,50,421,215,206
050,50,005,"Vermont","Caledonia County",2,51,381,201,180
050,50,005,"Vermont","Caledonia County",2,52,368,192,176
050,50,005,"Vermont","Caledonia County",2,53,392,206,186
050,50,005,"Vermont","Caledonia County",2,54,407,203,204
050,50,005,"Vermont","Caledonia County",2,55,439,208,231
050,50,005,"Vermont","Caledonia County",2,56,430,211,219
050,50,005,"Vermont","Caledonia County",2,57,430,210,220
050,50,005,"Vermont","Caledonia County",2,58,476,223,253
050,50,005,"Vermont","Caledonia County",2,59,523,243,280
050,50,005,"Vermont","Caledonia County",2,60,479,237,242
050,50,005,"Vermont","Caledonia County",2,61,485,238,247
050,50,005,"Vermont","Caledonia County",2,62,506,248,258
050,50,005,"Vermont","Caledonia County",2,63,492,236,256
050,50,005,"Vermont","Caledonia County",2,64,465,227,238
050,50,005,"Vermont","Caledonia County",2,65,505,255,250
050,50,005,"Vermont","Caledonia County",2,66,500,248,252
050,50,005,"Vermont","Caledonia County",2,67,480,240,240
050,50,005,"Vermont","Caledonia County",2,68,457,236,221
050,50,005,"Vermont","Caledonia County",2,69,460,218,242
050,50,005,"Vermont","Caledonia County",2,70,406,193,213
050,50,005,"Vermont","Caledonia County",2,71,378,185,193
050,50,005,"Vermont","Caledonia County",2,72,366,181,185
050,50,005,"Vermont","Caledonia County",2,73,399,203,196
050,50,005,"Vermont","Caledonia County",2,74,271,144,127
050,50,005,"Vermont","Caledonia County",2,75,253,127,126
050,50,005,"Vermont","Caledonia County",2,76,241,125,116
050,50,005,"Vermont","Caledonia County",2,77,242,120,122
050,50,005,"Vermont","Caledonia County",2,78,209,103,106
050,50,005,"Vermont","Caledonia County",2,79,178,87,91
050,50,005,"Vermont","Caledonia County",2,80,153,73,80
050,50,005,"Vermont","Caledonia County",2,81,129,57,72
050,50,005,"Vermont","Caledonia County",2,82,132,60,72
050,50,005,"Vermont","Caledonia County",2,83,115,54,61
050,50,005,"Vermont","Caledonia County",2,84,110,51,59
050,50,005,"Vermont","Caledonia County",2,85,614,221,393
050,50,005,"Vermont","Caledonia County",3,0,249,126,123
050,50,005,"Vermont","Caledonia County",3,1,243,125,118
050,50,005,"Vermont","Caledonia County",3,2,267,126,141
050,50,005,"Vermont","Caledonia County",3,3,275,136,139
050,50,005,"Vermont","Caledonia County",3,4,293,137,156
050,50,005,"Vermont","Caledonia County",3,5,304,145,159
050,50,005,"Vermont","Caledonia County",3,6,295,156,139
050,50,005,"Vermont","Caledonia County",3,7,312,167,145
050,50,005,"Vermont","Caledonia County",3,8,294,142,152
050,50,005,"Vermont","Caledonia County",3,9,305,168,137
050,50,005,"Vermont","Caledonia County",3,10,329,177,152
050,50,005,"Vermont","Caledonia County",3,11,349,184,165
050,50,005,"Vermont","Caledonia County",3,12,338,182,156
050,50,005,"Vermont","Caledonia County",3,13,349,184,165
050,50,005,"Vermont","Caledonia County",3,14,365,188,177
050,50,005,"Vermont","Caledonia County",3,15,379,206,173
050,50,005,"Vermont","Caledonia County",3,16,404,213,191
050,50,005,"Vermont","Caledonia County",3,17,439,231,208
050,50,005,"Vermont","Caledonia County",3,18,447,248,199
050,50,005,"Vermont","Caledonia County",3,19,413,233,180
050,50,005,"Vermont","Caledonia County",3,20,373,203,170
050,50,005,"Vermont","Caledonia County",3,21,355,195,160
050,50,005,"Vermont","Caledonia County",3,22,325,158,167
050,50,005,"Vermont","Caledonia County",3,23,322,164,158
050,50,005,"Vermont","Caledonia County",3,24,316,169,147
050,50,005,"Vermont","Caledonia County",3,25,305,162,143
050,50,005,"Vermont","Caledonia County",3,26,295,152,143
050,50,005,"Vermont","Caledonia County",3,27,317,162,155
050,50,005,"Vermont","Caledonia County",3,28,348,176,172
050,50,005,"Vermont","Caledonia County",3,29,356,184,172
050,50,005,"Vermont","Caledonia County",3,30,343,166,177
050,50,005,"Vermont","Caledonia County",3,31,354,175,179
050,50,005,"Vermont","Caledonia County",3,32,342,177,165
050,50,005,"Vermont","Caledonia County",3,33,336,170,166
050,50,005,"Vermont","Caledonia County",3,34,331,155,176
050,50,005,"Vermont","Caledonia County",3,35,317,162,155
050,50,005,"Vermont","Caledonia County",3,36,328,165,163
050,50,005,"Vermont","Caledonia County",3,37,323,162,161
050,50,005,"Vermont","Caledonia County",3,38,336,179,157
050,50,005,"Vermont","Caledonia County",3,39,366,189,177
050,50,005,"Vermont","Caledonia County",3,40,378,176,202
050,50,005,"Vermont","Caledonia County",3,41,380,180,200
050,50,005,"Vermont","Caledonia County",3,42,344,166,178
050,50,005,"Vermont","Caledonia County",3,43,355,166,189
050,50,005,"Vermont","Caledonia County",3,44,356,166,190
050,50,005,"Vermont","Caledonia County",3,45,335,179,156
050,50,005,"Vermont","Caledonia County",3,46,366,188,178
050,50,005,"Vermont","Caledonia County",3,47,349,178,171
050,50,005,"Vermont","Caledonia County",3,48,370,188,182
050,50,005,"Vermont","Caledonia County",3,49,418,208,210
050,50,005,"Vermont","Caledonia County",3,50,454,222,232
050,50,005,"Vermont","Caledonia County",3,51,417,216,201
050,50,005,"Vermont","Caledonia County",3,52,382,203,179
050,50,005,"Vermont","Caledonia County",3,53,371,191,180
050,50,005,"Vermont","Caledonia County",3,54,384,203,181
050,50,005,"Vermont","Caledonia County",3,55,413,203,210
050,50,005,"Vermont","Caledonia County",3,56,442,218,224
050,50,005,"Vermont","Caledonia County",3,57,421,204,217
050,50,005,"Vermont","Caledonia County",3,58,445,215,230
050,50,005,"Vermont","Caledonia County",3,59,490,230,260
050,50,005,"Vermont","Caledonia County",3,60,514,241,273
050,50,005,"Vermont","Caledonia County",3,61,467,228,239
050,50,005,"Vermont","Caledonia County",3,62,486,239,247
050,50,005,"Vermont","Caledonia County",3,63,498,247,251
050,50,005,"Vermont","Caledonia County",3,64,485,238,247
050,50,005,"Vermont","Caledonia County",3,65,456,224,232
050,50,005,"Vermont","Caledonia County",3,66,501,250,251
050,50,005,"Vermont","Caledonia County",3,67,499,248,251
050,50,005,"Vermont","Caledonia County",3,68,474,243,231
050,50,005,"Vermont","Caledonia County",3,69,447,229,218
050,50,005,"Vermont","Caledonia County",3,70,446,211,235
050,50,005,"Vermont","Caledonia County",3,71,397,187,210
050,50,005,"Vermont","Caledonia County",3,72,380,181,199
050,50,005,"Vermont","Caledonia County",3,73,353,177,176
050,50,005,"Vermont","Caledonia County",3,74,385,197,188
050,50,005,"Vermont","Caledonia County",3,75,263,140,123
050,50,005,"Vermont","Caledonia County",3,76,251,126,125
050,50,005,"Vermont","Caledonia County",3,77,231,115,116
050,50,005,"Vermont","Caledonia County",3,78,239,115,124
050,50,005,"Vermont","Caledonia County",3,79,198,96,102
050,50,005,"Vermont","Caledonia County",3,80,171,81,90
050,50,005,"Vermont","Caledonia County",3,81,141,68,73
050,50,005,"Vermont","Caledonia County",3,82,122,52,70
050,50,005,"Vermont","Caledonia County",3,83,124,54,70
050,50,005,"Vermont","Caledonia County",3,84,107,50,57
050,50,005,"Vermont","Caledonia County",3,85,615,232,383
050,50,005,"Vermont","Caledonia County",4,0,258,117,141
050,50,005,"Vermont","Caledonia County",4,1,252,130,122
050,50,005,"Vermont","Caledonia County",4,2,256,135,121
050,50,005,"Vermont","Caledonia County",4,3,273,130,143
050,50,005,"Vermont","Caledonia County",4,4,270,138,132
050,50,005,"Vermont","Caledonia County",4,5,294,141,153
050,50,005,"Vermont","Caledonia County",4,6,306,147,159
050,50,005,"Vermont","Caledonia County",4,7,288,144,144
050,50,005,"Vermont","Caledonia County",4,8,314,166,148
050,50,005,"Vermont","Caledonia County",4,9,300,151,149
050,50,005,"Vermont","Caledonia County",4,10,315,175,140
050,50,005,"Vermont","Caledonia County",4,11,337,180,157
050,50,005,"Vermont","Caledonia County",4,12,340,173,167
050,50,005,"Vermont","Caledonia County",4,13,343,189,154
050,50,005,"Vermont","Caledonia County",4,14,356,192,164
050,50,005,"Vermont","Caledonia County",4,15,377,189,188
050,50,005,"Vermont","Caledonia County",4,16,384,202,182
050,50,005,"Vermont","Caledonia County",4,17,436,230,206
050,50,005,"Vermont","Caledonia County",4,18,446,252,194
050,50,005,"Vermont","Caledonia County",4,19,412,234,178
050,50,005,"Vermont","Caledonia County",4,20,358,200,158
050,50,005,"Vermont","Caledonia County",4,21,353,195,158
050,50,005,"Vermont","Caledonia County",4,22,332,171,161
050,50,005,"Vermont","Caledonia County",4,23,302,146,156
050,50,005,"Vermont","Caledonia County",4,24,312,161,151
050,50,005,"Vermont","Caledonia County",4,25,308,172,136
050,50,005,"Vermont","Caledonia County",4,26,313,163,150
050,50,005,"Vermont","Caledonia County",4,27,295,153,142
050,50,005,"Vermont","Caledonia County",4,28,339,164,175
050,50,005,"Vermont","Caledonia County",4,29,371,196,175
050,50,005,"Vermont","Caledonia County",4,30,366,190,176
050,50,005,"Vermont","Caledonia County",4,31,353,174,179
050,50,005,"Vermont","Caledonia County",4,32,363,184,179
050,50,005,"Vermont","Caledonia County",4,33,352,174,178
050,50,005,"Vermont","Caledonia County",4,34,357,175,182
050,50,005,"Vermont","Caledonia County",4,35,332,159,173
050,50,005,"Vermont","Caledonia County",4,36,321,160,161
050,50,005,"Vermont","Caledonia County",4,37,340,171,169
050,50,005,"Vermont","Caledonia County",4,38,327,166,161
050,50,005,"Vermont","Caledonia County",4,39,341,169,172
050,50,005,"Vermont","Caledonia County",4,40,385,200,185
050,50,005,"Vermont","Caledonia County",4,41,404,189,215
050,50,005,"Vermont","Caledonia County",4,42,381,180,201
050,50,005,"Vermont","Caledonia County",4,43,359,178,181
050,50,005,"Vermont","Caledonia County",4,44,363,177,186
050,50,005,"Vermont","Caledonia County",4,45,354,168,186
050,50,005,"Vermont","Caledonia County",4,46,349,187,162
050,50,005,"Vermont","Caledonia County",4,47,360,178,182
050,50,005,"Vermont","Caledonia County",4,48,355,182,173
050,50,005,"Vermont","Caledonia County",4,49,361,181,180
050,50,005,"Vermont","Caledonia County",4,50,427,212,215
050,50,005,"Vermont","Caledonia County",4,51,459,226,233
050,50,005,"Vermont","Caledonia County",4,52,414,215,199
050,50,005,"Vermont","Caledonia County",4,53,381,199,182
050,50,005,"Vermont","Caledonia County",4,54,365,189,176
050,50,005,"Vermont","Caledonia County",4,55,379,199,180
050,50,005,"Vermont","Caledonia County",4,56,414,203,211
050,50,005,"Vermont","Caledonia County",4,57,441,208,233
050,50,005,"Vermont","Caledonia County",4,58,434,210,224
050,50,005,"Vermont","Caledonia County",4,59,458,224,234
050,50,005,"Vermont","Caledonia County",4,60,483,225,258
050,50,005,"Vermont","Caledonia County",4,61,512,232,280
050,50,005,"Vermont","Caledonia County",4,62,461,226,235
050,50,005,"Vermont","Caledonia County",4,63,484,233,251
050,50,005,"Vermont","Caledonia County",4,64,494,250,244
050,50,005,"Vermont","Caledonia County",4,65,483,237,246
050,50,005,"Vermont","Caledonia County",4,66,457,223,234
050,50,005,"Vermont","Caledonia County",4,67,505,251,254
050,50,005,"Vermont","Caledonia County",4,68,497,248,249
050,50,005,"Vermont","Caledonia County",4,69,475,241,234
050,50,005,"Vermont","Caledonia County",4,70,449,229,220
050,50,005,"Vermont","Caledonia County",4,71,439,208,231
050,50,005,"Vermont","Caledonia County",4,72,395,186,209
050,50,005,"Vermont","Caledonia County",4,73,377,180,197
050,50,005,"Vermont","Caledonia County",4,74,336,174,162
050,50,005,"Vermont","Caledonia County",4,75,372,184,188
050,50,005,"Vermont","Caledonia County",4,76,260,138,122
050,50,005,"Vermont","Caledonia County",4,77,238,115,123
050,50,005,"Vermont","Caledonia County",4,78,220,103,117
050,50,005,"Vermont","Caledonia County",4,79,229,106,123
050,50,005,"Vermont","Caledonia County",4,80,185,88,97
050,50,005,"Vermont","Caledonia County",4,81,155,70,85
050,50,005,"Vermont","Caledonia County",4,82,142,68,74
050,50,005,"Vermont","Caledonia County",4,83,118,46,72
050,50,005,"Vermont","Caledonia County",4,84,113,52,61
050,50,005,"Vermont","Caledonia County",4,85,573,234,339
050,50,005,"Vermont","Caledonia County",5,0,238,107,131
050,50,005,"Vermont","Caledonia County",5,1,259,126,133
050,50,005,"Vermont","Caledonia County",5,2,247,127,120
050,50,005,"Vermont","Caledonia County",5,3,266,142,124
050,50,005,"Vermont","Caledonia County",5,4,263,128,135
050,50,005,"Vermont","Caledonia County",5,5,259,132,127
050,50,005,"Vermont","Caledonia County",5,6,303,142,161
050,50,005,"Vermont","Caledonia County",5,7,304,147,157
050,50,005,"Vermont","Caledonia County",5,8,290,145,145
050,50,005,"Vermont","Caledonia County",5,9,315,168,147
050,50,005,"Vermont","Caledonia County",5,10,294,148,146
050,50,005,"Vermont","Caledonia County",5,11,312,170,142
050,50,005,"Vermont","Caledonia County",5,12,339,179,160
050,50,005,"Vermont","Caledonia County",5,13,336,170,166
050,50,005,"Vermont","Caledonia County",5,14,361,203,158
050,50,005,"Vermont","Caledonia County",5,15,374,205,169
050,50,005,"Vermont","Caledonia County",5,16,371,190,181
050,50,005,"Vermont","Caledonia County",5,17,412,221,191
050,50,005,"Vermont","Caledonia County",5,18,443,249,194
050,50,005,"Vermont","Caledonia County",5,19,419,244,175
050,50,005,"Vermont","Caledonia County",5,20,378,212,166
050,50,005,"Vermont","Caledonia County",5,21,353,197,156
050,50,005,"Vermont","Caledonia County",5,22,334,172,162
050,50,005,"Vermont","Caledonia County",5,23,320,171,149
050,50,005,"Vermont","Caledonia County",5,24,289,137,152
050,50,005,"Vermont","Caledonia County",5,25,298,158,140
050,50,005,"Vermont","Caledonia County",5,26,301,158,143
050,50,005,"Vermont","Caledonia County",5,27,320,168,152
050,50,005,"Vermont","Caledonia County",5,28,318,158,160
050,50,005,"Vermont","Caledonia County",5,29,351,184,167
050,50,005,"Vermont","Caledonia County",5,30,378,199,179
050,50,005,"Vermont","Caledonia County",5,31,360,182,178
050,50,005,"Vermont","Caledonia County",5,32,360,180,180
050,50,005,"Vermont","Caledonia County",5,33,360,172,188
050,50,005,"Vermont","Caledonia County",5,34,372,182,190
050,50,005,"Vermont","Caledonia County",5,35,359,178,181
050,50,005,"Vermont","Caledonia County",5,36,331,163,168
050,50,005,"Vermont","Caledonia County",5,37,325,161,164
050,50,005,"Vermont","Caledonia County",5,38,350,180,170
050,50,005,"Vermont","Caledonia County",5,39,336,169,167
050,50,005,"Vermont","Caledonia County",5,40,342,168,174
050,50,005,"Vermont","Caledonia County",5,41,402,207,195
050,50,005,"Vermont","Caledonia County",5,42,420,196,224
050,50,005,"Vermont","Caledonia County",5,43,375,180,195
050,50,005,"Vermont","Caledonia County",5,44,375,182,193
050,50,005,"Vermont","Caledonia County",5,45,373,187,186
050,50,005,"Vermont","Caledonia County",5,46,363,170,193
050,50,005,"Vermont","Caledonia County",5,47,351,185,166
050,50,005,"Vermont","Caledonia County",5,48,375,196,179
050,50,005,"Vermont","Caledonia County",5,49,348,173,175
050,50,005,"Vermont","Caledonia County",5,50,372,180,192
050,50,005,"Vermont","Caledonia County",5,51,439,219,220
050,50,005,"Vermont","Caledonia County",5,52,460,228,232
050,50,005,"Vermont","Caledonia County",5,53,422,219,203
050,50,005,"Vermont","Caledonia County",5,54,391,200,191
050,50,005,"Vermont","Caledonia County",5,55,372,193,179
050,50,005,"Vermont","Caledonia County",5,56,384,208,176
050,50,005,"Vermont","Caledonia County",5,57,413,195,218
050,50,005,"Vermont","Caledonia County",5,58,442,213,229
050,50,005,"Vermont","Caledonia County",5,59,454,221,233
050,50,005,"Vermont","Caledonia County",5,60,449,219,230
050,50,005,"Vermont","Caledonia County",5,61,476,215,261
050,50,005,"Vermont","Caledonia County",5,62,504,229,275
050,50,005,"Vermont","Caledonia County",5,63,464,216,248
050,50,005,"Vermont","Caledonia County",5,64,488,237,251
050,50,005,"Vermont","Caledonia County",5,65,495,255,240
050,50,005,"Vermont","Caledonia County",5,66,480,238,242
050,50,005,"Vermont","Caledonia County",5,67,450,218,232
050,50,005,"Vermont","Caledonia County",5,68,493,247,246
050,50,005,"Vermont","Caledonia County",5,69,488,244,244
050,50,005,"Vermont","Caledonia County",5,70,470,238,232
050,50,005,"Vermont","Caledonia County",5,71,430,219,211
050,50,005,"Vermont","Caledonia County",5,72,431,207,224
050,50,005,"Vermont","Caledonia County",5,73,388,181,207
050,50,005,"Vermont","Caledonia County",5,74,348,163,185
050,50,005,"Vermont","Caledonia County",5,75,322,163,159
050,50,005,"Vermont","Caledonia County",5,76,365,181,184
050,50,005,"Vermont","Caledonia County",5,77,242,128,114
050,50,005,"Vermont","Caledonia County",5,78,231,107,124
050,50,005,"Vermont","Caledonia County",5,79,209,95,114
050,50,005,"Vermont","Caledonia County",5,80,217,96,121
050,50,005,"Vermont","Caledonia County",5,81,163,74,89
050,50,005,"Vermont","Caledonia County",5,82,148,67,81
050,50,005,"Vermont","Caledonia County",5,83,129,59,70
050,50,005,"Vermont","Caledonia County",5,84,108,44,64
050,50,005,"Vermont","Caledonia County",5,85,551,244,307
050,50,007,"Vermont","Chittenden County",1,0,1440,744,696
050,50,007,"Vermont","Chittenden County",1,1,1468,761,707
050,50,007,"Vermont","Chittenden County",1,2,1389,705,684
050,50,007,"Vermont","Chittenden County",1,3,1562,798,764
050,50,007,"Vermont","Chittenden County",1,4,1641,868,773
050,50,007,"Vermont","Chittenden County",1,5,1599,857,742
050,50,007,"Vermont","Chittenden County",1,6,1635,851,784
050,50,007,"Vermont","Chittenden County",1,7,1598,816,782
050,50,007,"Vermont","Chittenden County",1,8,1617,828,789
050,50,007,"Vermont","Chittenden County",1,9,1604,840,764
050,50,007,"Vermont","Chittenden County",1,10,1631,865,766
050,50,007,"Vermont","Chittenden County",1,11,1720,881,839
050,50,007,"Vermont","Chittenden County",1,12,1800,931,869
050,50,007,"Vermont","Chittenden County",1,13,1871,981,890
050,50,007,"Vermont","Chittenden County",1,14,1839,980,859
050,50,007,"Vermont","Chittenden County",1,15,1845,994,851
050,50,007,"Vermont","Chittenden County",1,16,1894,1020,874
050,50,007,"Vermont","Chittenden County",1,17,1827,943,884
050,50,007,"Vermont","Chittenden County",1,18,3357,1543,1814
050,50,007,"Vermont","Chittenden County",1,19,4639,2223,2416
050,50,007,"Vermont","Chittenden County",1,20,4402,2150,2252
050,50,007,"Vermont","Chittenden County",1,21,4115,1959,2156
050,50,007,"Vermont","Chittenden County",1,22,3512,1713,1799
050,50,007,"Vermont","Chittenden County",1,23,3083,1581,1502
050,50,007,"Vermont","Chittenden County",1,24,2798,1413,1385
050,50,007,"Vermont","Chittenden County",1,25,2799,1453,1346
050,50,007,"Vermont","Chittenden County",1,26,2688,1395,1293
050,50,007,"Vermont","Chittenden County",1,27,2560,1361,1199
050,50,007,"Vermont","Chittenden County",1,28,2517,1280,1237
050,50,007,"Vermont","Chittenden County",1,29,2426,1220,1206
050,50,007,"Vermont","Chittenden County",1,30,2297,1169,1128
050,50,007,"Vermont","Chittenden County",1,31,2187,1112,1075
050,50,007,"Vermont","Chittenden County",1,32,2297,1178,1119
050,50,007,"Vermont","Chittenden County",1,33,2224,1107,1117
050,50,007,"Vermont","Chittenden County",1,34,2164,1145,1019
050,50,007,"Vermont","Chittenden County",1,35,2187,1117,1070
050,50,007,"Vermont","Chittenden County",1,36,2204,1097,1107
050,50,007,"Vermont","Chittenden County",1,37,2239,1139,1100
050,50,007,"Vermont","Chittenden County",1,38,2193,1106,1087
050,50,007,"Vermont","Chittenden County",1,39,2110,1077,1033
050,50,007,"Vermont","Chittenden County",1,40,2041,1004,1037
050,50,007,"Vermont","Chittenden County",1,41,1984,987,997
050,50,007,"Vermont","Chittenden County",1,42,1990,998,992
050,50,007,"Vermont","Chittenden County",1,43,1856,916,940
050,50,007,"Vermont","Chittenden County",1,44,1811,890,921
050,50,007,"Vermont","Chittenden County",1,45,1837,937,900
050,50,007,"Vermont","Chittenden County",1,46,1813,908,905
050,50,007,"Vermont","Chittenden County",1,47,1815,887,928
050,50,007,"Vermont","Chittenden County",1,48,1935,970,965
050,50,007,"Vermont","Chittenden County",1,49,2126,1047,1079
050,50,007,"Vermont","Chittenden County",1,50,2108,1062,1046
050,50,007,"Vermont","Chittenden County",1,51,2088,1026,1062
050,50,007,"Vermont","Chittenden County",1,52,1999,970,1029
050,50,007,"Vermont","Chittenden County",1,53,2028,1007,1021
050,50,007,"Vermont","Chittenden County",1,54,2018,1019,999
050,50,007,"Vermont","Chittenden County",1,55,2080,1041,1039
050,50,007,"Vermont","Chittenden County",1,56,2176,1075,1101
050,50,007,"Vermont","Chittenden County",1,57,2204,1070,1134
050,50,007,"Vermont","Chittenden County",1,58,2273,1111,1162
050,50,007,"Vermont","Chittenden County",1,59,2282,1100,1182
050,50,007,"Vermont","Chittenden County",1,60,2216,1083,1133
050,50,007,"Vermont","Chittenden County",1,61,2255,1140,1115
050,50,007,"Vermont","Chittenden County",1,62,2189,1077,1112
050,50,007,"Vermont","Chittenden County",1,63,2117,1023,1094
050,50,007,"Vermont","Chittenden County",1,64,2047,1010,1037
050,50,007,"Vermont","Chittenden County",1,65,1968,1013,955
050,50,007,"Vermont","Chittenden County",1,66,1844,913,931
050,50,007,"Vermont","Chittenden County",1,67,1787,863,924
050,50,007,"Vermont","Chittenden County",1,68,1741,821,920
050,50,007,"Vermont","Chittenden County",1,69,1559,696,863
050,50,007,"Vermont","Chittenden County",1,70,1493,679,814
050,50,007,"Vermont","Chittenden County",1,71,1423,648,775
050,50,007,"Vermont","Chittenden County",1,72,1404,666,738
050,50,007,"Vermont","Chittenden County",1,73,1442,677,765
050,50,007,"Vermont","Chittenden County",1,74,992,427,565
050,50,007,"Vermont","Chittenden County",1,75,1025,448,577
050,50,007,"Vermont","Chittenden County",1,76,1003,443,560
050,50,007,"Vermont","Chittenden County",1,77,945,404,541
050,50,007,"Vermont","Chittenden County",1,78,808,354,454
050,50,007,"Vermont","Chittenden County",1,79,735,329,406
050,50,007,"Vermont","Chittenden County",1,80,650,281,369
050,50,007,"Vermont","Chittenden County",1,81,621,256,365
050,50,007,"Vermont","Chittenden County",1,82,564,223,341
050,50,007,"Vermont","Chittenden County",1,83,492,202,290
050,50,007,"Vermont","Chittenden County",1,84,459,187,272
050,50,007,"Vermont","Chittenden County",1,85,3100,1011,2089
050,50,007,"Vermont","Chittenden County",2,0,1442,730,712
050,50,007,"Vermont","Chittenden County",2,1,1458,752,706
050,50,007,"Vermont","Chittenden County",2,2,1413,720,693
050,50,007,"Vermont","Chittenden County",2,3,1523,780,743
050,50,007,"Vermont","Chittenden County",2,4,1628,851,777
050,50,007,"Vermont","Chittenden County",2,5,1613,862,751
050,50,007,"Vermont","Chittenden County",2,6,1629,854,775
050,50,007,"Vermont","Chittenden County",2,7,1606,822,784
050,50,007,"Vermont","Chittenden County",2,8,1604,825,779
050,50,007,"Vermont","Chittenden County",2,9,1604,839,765
050,50,007,"Vermont","Chittenden County",2,10,1623,855,768
050,50,007,"Vermont","Chittenden County",2,11,1693,875,818
050,50,007,"Vermont","Chittenden County",2,12,1786,923,863
050,50,007,"Vermont","Chittenden County",2,13,1843,966,877
050,50,007,"Vermont","Chittenden County",2,14,1846,978,868
050,50,007,"Vermont","Chittenden County",2,15,1843,988,855
050,50,007,"Vermont","Chittenden County",2,16,1881,1016,865
050,50,007,"Vermont","Chittenden County",2,17,1849,962,887
050,50,007,"Vermont","Chittenden County",2,18,3336,1538,1798
050,50,007,"Vermont","Chittenden County",2,19,4631,2209,2422
050,50,007,"Vermont","Chittenden County",2,20,4438,2166,2272
050,50,007,"Vermont","Chittenden County",2,21,4091,1955,2136
050,50,007,"Vermont","Chittenden County",2,22,3506,1704,1802
050,50,007,"Vermont","Chittenden County",2,23,3072,1585,1487
050,50,007,"Vermont","Chittenden County",2,24,2780,1390,1390
050,50,007,"Vermont","Chittenden County",2,25,2765,1426,1339
050,50,007,"Vermont","Chittenden County",2,26,2683,1397,1286
050,50,007,"Vermont","Chittenden County",2,27,2566,1349,1217
050,50,007,"Vermont","Chittenden County",2,28,2534,1300,1234
050,50,007,"Vermont","Chittenden County",2,29,2444,1231,1213
050,50,007,"Vermont","Chittenden County",2,30,2333,1181,1152
050,50,007,"Vermont","Chittenden County",2,31,2203,1122,1081
050,50,007,"Vermont","Chittenden County",2,32,2267,1158,1109
050,50,007,"Vermont","Chittenden County",2,33,2234,1120,1114
050,50,007,"Vermont","Chittenden County",2,34,2185,1141,1044
050,50,007,"Vermont","Chittenden County",2,35,2207,1137,1070
050,50,007,"Vermont","Chittenden County",2,36,2188,1101,1087
050,50,007,"Vermont","Chittenden County",2,37,2235,1131,1104
050,50,007,"Vermont","Chittenden County",2,38,2218,1118,1100
050,50,007,"Vermont","Chittenden County",2,39,2130,1082,1048
050,50,007,"Vermont","Chittenden County",2,40,2063,1026,1037
050,50,007,"Vermont","Chittenden County",2,41,1988,983,1005
050,50,007,"Vermont","Chittenden County",2,42,1983,987,996
050,50,007,"Vermont","Chittenden County",2,43,1906,943,963
050,50,007,"Vermont","Chittenden County",2,44,1813,895,918
050,50,007,"Vermont","Chittenden County",2,45,1839,933,906
050,50,007,"Vermont","Chittenden County",2,46,1813,911,902
050,50,007,"Vermont","Chittenden County",2,47,1802,884,918
050,50,007,"Vermont","Chittenden County",2,48,1903,949,954
050,50,007,"Vermont","Chittenden County",2,49,2075,1030,1045
050,50,007,"Vermont","Chittenden County",2,50,2117,1064,1053
050,50,007,"Vermont","Chittenden County",2,51,2081,1028,1053
050,50,007,"Vermont","Chittenden County",2,52,2006,975,1031
050,50,007,"Vermont","Chittenden County",2,53,2019,998,1021
050,50,007,"Vermont","Chittenden County",2,54,2008,1011,997
050,50,007,"Vermont","Chittenden County",2,55,2062,1036,1026
050,50,007,"Vermont","Chittenden County",2,56,2150,1066,1084
050,50,007,"Vermont","Chittenden County",2,57,2193,1067,1126
050,50,007,"Vermont","Chittenden County",2,58,2244,1091,1153
050,50,007,"Vermont","Chittenden County",2,59,2287,1106,1181
050,50,007,"Vermont","Chittenden County",2,60,2220,1078,1142
050,50,007,"Vermont","Chittenden County",2,61,2232,1118,1114
050,50,007,"Vermont","Chittenden County",2,62,2204,1093,1111
050,50,007,"Vermont","Chittenden County",2,63,2143,1041,1102
050,50,007,"Vermont","Chittenden County",2,64,2043,1001,1042
050,50,007,"Vermont","Chittenden County",2,65,1976,1006,970
050,50,007,"Vermont","Chittenden County",2,66,1872,940,932
050,50,007,"Vermont","Chittenden County",2,67,1787,867,920
050,50,007,"Vermont","Chittenden County",2,68,1731,819,912
050,50,007,"Vermont","Chittenden County",2,69,1612,734,878
050,50,007,"Vermont","Chittenden County",2,70,1501,681,820
050,50,007,"Vermont","Chittenden County",2,71,1441,654,787
050,50,007,"Vermont","Chittenden County",2,72,1380,648,732
050,50,007,"Vermont","Chittenden County",2,73,1488,702,786
050,50,007,"Vermont","Chittenden County",2,74,1032,457,575
050,50,007,"Vermont","Chittenden County",2,75,1017,443,574
050,50,007,"Vermont","Chittenden County",2,76,985,430,555
050,50,007,"Vermont","Chittenden County",2,77,971,418,553
050,50,007,"Vermont","Chittenden County",2,78,817,357,460
050,50,007,"Vermont","Chittenden County",2,79,743,330,413
050,50,007,"Vermont","Chittenden County",2,80,669,291,378
050,50,007,"Vermont","Chittenden County",2,81,619,255,364
050,50,007,"Vermont","Chittenden County",2,82,573,231,342
050,50,007,"Vermont","Chittenden County",2,83,501,202,299
050,50,007,"Vermont","Chittenden County",2,84,458,190,268
050,50,007,"Vermont","Chittenden County",2,85,3098,1013,2085
050,50,007,"Vermont","Chittenden County",3,0,1409,682,727
050,50,007,"Vermont","Chittenden County",3,1,1463,764,699
050,50,007,"Vermont","Chittenden County",3,2,1466,754,712
050,50,007,"Vermont","Chittenden County",3,3,1445,747,698
050,50,007,"Vermont","Chittenden County",3,4,1526,785,741
050,50,007,"Vermont","Chittenden County",3,5,1637,852,785
050,50,007,"Vermont","Chittenden County",3,6,1639,867,772
050,50,007,"Vermont","Chittenden County",3,7,1623,858,765
050,50,007,"Vermont","Chittenden County",3,8,1625,829,796
050,50,007,"Vermont","Chittenden County",3,9,1605,825,780
050,50,007,"Vermont","Chittenden County",3,10,1610,836,774
050,50,007,"Vermont","Chittenden County",3,11,1620,853,767
050,50,007,"Vermont","Chittenden County",3,12,1694,867,827
050,50,007,"Vermont","Chittenden County",3,13,1790,927,863
050,50,007,"Vermont","Chittenden County",3,14,1835,960,875
050,50,007,"Vermont","Chittenden County",3,15,1851,980,871
050,50,007,"Vermont","Chittenden County",3,16,1855,990,865
050,50,007,"Vermont","Chittenden County",3,17,1893,1011,882
050,50,007,"Vermont","Chittenden County",3,18,3366,1576,1790
050,50,007,"Vermont","Chittenden County",3,19,4607,2189,2418
050,50,007,"Vermont","Chittenden County",3,20,4356,2130,2226
050,50,007,"Vermont","Chittenden County",3,21,4069,1956,2113
050,50,007,"Vermont","Chittenden County",3,22,3499,1678,1821
050,50,007,"Vermont","Chittenden County",3,23,3097,1590,1507
050,50,007,"Vermont","Chittenden County",3,24,2729,1301,1428
050,50,007,"Vermont","Chittenden County",3,25,2687,1362,1325
050,50,007,"Vermont","Chittenden County",3,26,2681,1390,1291
050,50,007,"Vermont","Chittenden County",3,27,2545,1330,1215
050,50,007,"Vermont","Chittenden County",3,28,2606,1375,1231
050,50,007,"Vermont","Chittenden County",3,29,2519,1269,1250
050,50,007,"Vermont","Chittenden County",3,30,2491,1254,1237
050,50,007,"Vermont","Chittenden County",3,31,2351,1181,1170
050,50,007,"Vermont","Chittenden County",3,32,2216,1136,1080
050,50,007,"Vermont","Chittenden County",3,33,2263,1169,1094
050,50,007,"Vermont","Chittenden County",3,34,2256,1136,1120
050,50,007,"Vermont","Chittenden County",3,35,2251,1161,1090
050,50,007,"Vermont","Chittenden County",3,36,2220,1158,1062
050,50,007,"Vermont","Chittenden County",3,37,2216,1116,1100
050,50,007,"Vermont","Chittenden County",3,38,2238,1132,1106
050,50,007,"Vermont","Chittenden County",3,39,2211,1118,1093
050,50,007,"Vermont","Chittenden County",3,40,2106,1072,1034
050,50,007,"Vermont","Chittenden County",3,41,2055,1022,1033
050,50,007,"Vermont","Chittenden County",3,42,2011,972,1039
050,50,007,"Vermont","Chittenden County",3,43,1996,994,1002
050,50,007,"Vermont","Chittenden County",3,44,1930,962,968
050,50,007,"Vermont","Chittenden County",3,45,1830,906,924
050,50,007,"Vermont","Chittenden County",3,46,1843,933,910
050,50,007,"Vermont","Chittenden County",3,47,1779,889,890
050,50,007,"Vermont","Chittenden County",3,48,1769,868,901
050,50,007,"Vermont","Chittenden County",3,49,1918,945,973
050,50,007,"Vermont","Chittenden County",3,50,2029,1016,1013
050,50,007,"Vermont","Chittenden County",3,51,2078,1045,1033
050,50,007,"Vermont","Chittenden County",3,52,2061,1019,1042
050,50,007,"Vermont","Chittenden County",3,53,2006,977,1029
050,50,007,"Vermont","Chittenden County",3,54,2020,988,1032
050,50,007,"Vermont","Chittenden County",3,55,2003,999,1004
050,50,007,"Vermont","Chittenden County",3,56,2051,1016,1035
050,50,007,"Vermont","Chittenden County",3,57,2109,1044,1065
050,50,007,"Vermont","Chittenden County",3,58,2175,1058,1117
050,50,007,"Vermont","Chittenden County",3,59,2224,1080,1144
050,50,007,"Vermont","Chittenden County",3,60,2238,1076,1162
050,50,007,"Vermont","Chittenden County",3,61,2200,1076,1124
050,50,007,"Vermont","Chittenden County",3,62,2185,1079,1106
050,50,007,"Vermont","Chittenden County",3,63,2147,1064,1083
050,50,007,"Vermont","Chittenden County",3,64,2086,1012,1074
050,50,007,"Vermont","Chittenden County",3,65,1998,958,1040
050,50,007,"Vermont","Chittenden County",3,66,1934,979,955
050,50,007,"Vermont","Chittenden County",3,67,1850,924,926
050,50,007,"Vermont","Chittenden County",3,68,1766,852,914
050,50,007,"Vermont","Chittenden County",3,69,1725,811,914
050,50,007,"Vermont","Chittenden County",3,70,1589,718,871
050,50,007,"Vermont","Chittenden County",3,71,1484,668,816
050,50,007,"Vermont","Chittenden County",3,72,1412,644,768
050,50,007,"Vermont","Chittenden County",3,73,1351,620,731
050,50,007,"Vermont","Chittenden County",3,74,1477,699,778
050,50,007,"Vermont","Chittenden County",3,75,1003,431,572
050,50,007,"Vermont","Chittenden County",3,76,998,430,568
050,50,007,"Vermont","Chittenden County",3,77,982,421,561
050,50,007,"Vermont","Chittenden County",3,78,956,415,541
050,50,007,"Vermont","Chittenden County",3,79,794,339,455
050,50,007,"Vermont","Chittenden County",3,80,721,315,406
050,50,007,"Vermont","Chittenden County",3,81,637,275,362
050,50,007,"Vermont","Chittenden County",3,82,591,241,350
050,50,007,"Vermont","Chittenden County",3,83,545,213,332
050,50,007,"Vermont","Chittenden County",3,84,475,194,281
050,50,007,"Vermont","Chittenden County",3,85,3141,1047,2094
050,50,007,"Vermont","Chittenden County",4,0,1436,743,693
050,50,007,"Vermont","Chittenden County",4,1,1391,666,725
050,50,007,"Vermont","Chittenden County",4,2,1440,757,683
050,50,007,"Vermont","Chittenden County",4,3,1469,766,703
050,50,007,"Vermont","Chittenden County",4,4,1455,736,719
050,50,007,"Vermont","Chittenden County",4,5,1518,790,728
050,50,007,"Vermont","Chittenden County",4,6,1630,840,790
050,50,007,"Vermont","Chittenden County",4,7,1650,884,766
050,50,007,"Vermont","Chittenden County",4,8,1603,846,757
050,50,007,"Vermont","Chittenden County",4,9,1622,826,796
050,50,007,"Vermont","Chittenden County",4,10,1598,818,780
050,50,007,"Vermont","Chittenden County",4,11,1622,848,774
050,50,007,"Vermont","Chittenden County",4,12,1607,855,752
050,50,007,"Vermont","Chittenden County",4,13,1685,876,809
050,50,007,"Vermont","Chittenden County",4,14,1781,922,859
050,50,007,"Vermont","Chittenden County",4,15,1850,959,891
050,50,007,"Vermont","Chittenden County",4,16,1848,978,870
050,50,007,"Vermont","Chittenden County",4,17,1861,988,873
050,50,007,"Vermont","Chittenden County",4,18,3328,1584,1744
050,50,007,"Vermont","Chittenden County",4,19,4572,2184,2388
050,50,007,"Vermont","Chittenden County",4,20,4323,2071,2252
050,50,007,"Vermont","Chittenden County",4,21,4049,1940,2109
050,50,007,"Vermont","Chittenden County",4,22,3495,1706,1789
050,50,007,"Vermont","Chittenden County",4,23,3086,1551,1535
050,50,007,"Vermont","Chittenden County",4,24,2722,1301,1421
050,50,007,"Vermont","Chittenden County",4,25,2549,1239,1310
050,50,007,"Vermont","Chittenden County",4,26,2468,1271,1197
050,50,007,"Vermont","Chittenden County",4,27,2539,1324,1215
050,50,007,"Vermont","Chittenden County",4,28,2522,1304,1218
050,50,007,"Vermont","Chittenden County",4,29,2513,1307,1206
050,50,007,"Vermont","Chittenden County",4,30,2497,1258,1239
050,50,007,"Vermont","Chittenden County",4,31,2515,1269,1246
050,50,007,"Vermont","Chittenden County",4,32,2363,1211,1152
050,50,007,"Vermont","Chittenden County",4,33,2287,1178,1109
050,50,007,"Vermont","Chittenden County",4,34,2279,1181,1098
050,50,007,"Vermont","Chittenden County",4,35,2288,1141,1147
050,50,007,"Vermont","Chittenden County",4,36,2246,1163,1083
050,50,007,"Vermont","Chittenden County",4,37,2228,1162,1066
050,50,007,"Vermont","Chittenden County",4,38,2225,1100,1125
050,50,007,"Vermont","Chittenden County",4,39,2223,1108,1115
050,50,007,"Vermont","Chittenden County",4,40,2192,1096,1096
050,50,007,"Vermont","Chittenden County",4,41,2096,1061,1035
050,50,007,"Vermont","Chittenden County",4,42,2029,990,1039
050,50,007,"Vermont","Chittenden County",4,43,2052,994,1058
050,50,007,"Vermont","Chittenden County",4,44,1996,997,999
050,50,007,"Vermont","Chittenden County",4,45,1879,934,945
050,50,007,"Vermont","Chittenden County",4,46,1828,915,913
050,50,007,"Vermont","Chittenden County",4,47,1811,922,889
050,50,007,"Vermont","Chittenden County",4,48,1768,877,891
050,50,007,"Vermont","Chittenden County",4,49,1763,870,893
050,50,007,"Vermont","Chittenden County",4,50,1904,947,957
050,50,007,"Vermont","Chittenden County",4,51,2009,999,1010
050,50,007,"Vermont","Chittenden County",4,52,2044,1035,1009
050,50,007,"Vermont","Chittenden County",4,53,2029,1013,1016
050,50,007,"Vermont","Chittenden County",4,54,1986,963,1023
050,50,007,"Vermont","Chittenden County",4,55,2008,987,1021
050,50,007,"Vermont","Chittenden County",4,56,1967,967,1000
050,50,007,"Vermont","Chittenden County",4,57,2004,987,1017
050,50,007,"Vermont","Chittenden County",4,58,2055,1019,1036
050,50,007,"Vermont","Chittenden County",4,59,2124,1029,1095
050,50,007,"Vermont","Chittenden County",4,60,2160,1037,1123
050,50,007,"Vermont","Chittenden County",4,61,2210,1048,1162
050,50,007,"Vermont","Chittenden County",4,62,2170,1046,1124
050,50,007,"Vermont","Chittenden County",4,63,2146,1050,1096
050,50,007,"Vermont","Chittenden County",4,64,2117,1034,1083
050,50,007,"Vermont","Chittenden County",4,65,2061,1001,1060
050,50,007,"Vermont","Chittenden County",4,66,1967,931,1036
050,50,007,"Vermont","Chittenden County",4,67,1899,949,950
050,50,007,"Vermont","Chittenden County",4,68,1813,902,911
050,50,007,"Vermont","Chittenden County",4,69,1755,840,915
050,50,007,"Vermont","Chittenden County",4,70,1705,791,914
050,50,007,"Vermont","Chittenden County",4,71,1569,700,869
050,50,007,"Vermont","Chittenden County",4,72,1464,663,801
050,50,007,"Vermont","Chittenden County",4,73,1397,623,774
050,50,007,"Vermont","Chittenden County",4,74,1349,623,726
050,50,007,"Vermont","Chittenden County",4,75,1441,668,773
050,50,007,"Vermont","Chittenden County",4,76,991,422,569
050,50,007,"Vermont","Chittenden County",4,77,992,415,577
050,50,007,"Vermont","Chittenden County",4,78,968,413,555
050,50,007,"Vermont","Chittenden County",4,79,926,389,537
050,50,007,"Vermont","Chittenden County",4,80,766,318,448
050,50,007,"Vermont","Chittenden County",4,81,690,301,389
050,50,007,"Vermont","Chittenden County",4,82,605,252,353
050,50,007,"Vermont","Chittenden County",4,83,557,217,340
050,50,007,"Vermont","Chittenden County",4,84,515,213,302
050,50,007,"Vermont","Chittenden County",4,85,3197,1066,2131
050,50,007,"Vermont","Chittenden County",5,0,1361,700,661
050,50,007,"Vermont","Chittenden County",5,1,1454,755,699
050,50,007,"Vermont","Chittenden County",5,2,1379,665,714
050,50,007,"Vermont","Chittenden County",5,3,1421,746,675
050,50,007,"Vermont","Chittenden County",5,4,1496,767,729
050,50,007,"Vermont","Chittenden County",5,5,1449,738,711
050,50,007,"Vermont","Chittenden County",5,6,1516,789,727
050,50,007,"Vermont","Chittenden County",5,7,1621,842,779
050,50,007,"Vermont","Chittenden County",5,8,1630,863,767
050,50,007,"Vermont","Chittenden County",5,9,1649,866,783
050,50,007,"Vermont","Chittenden County",5,10,1611,805,806
050,50,007,"Vermont","Chittenden County",5,11,1567,803,764
050,50,007,"Vermont","Chittenden County",5,12,1601,831,770
050,50,007,"Vermont","Chittenden County",5,13,1611,859,752
050,50,007,"Vermont","Chittenden County",5,14,1708,881,827
050,50,007,"Vermont","Chittenden County",5,15,1786,911,875
050,50,007,"Vermont","Chittenden County",5,16,1863,951,912
050,50,007,"Vermont","Chittenden County",5,17,1864,987,877
050,50,007,"Vermont","Chittenden County",5,18,3334,1589,1745
050,50,007,"Vermont","Chittenden County",5,19,4588,2214,2374
050,50,007,"Vermont","Chittenden County",5,20,4313,2095,2218
050,50,007,"Vermont","Chittenden County",5,21,3990,1865,2125
050,50,007,"Vermont","Chittenden County",5,22,3444,1664,1780
050,50,007,"Vermont","Chittenden County",5,23,3037,1548,1489
050,50,007,"Vermont","Chittenden County",5,24,2708,1271,1437
050,50,007,"Vermont","Chittenden County",5,25,2577,1250,1327
050,50,007,"Vermont","Chittenden County",5,26,2393,1179,1214
050,50,007,"Vermont","Chittenden County",5,27,2323,1185,1138
050,50,007,"Vermont","Chittenden County",5,28,2519,1330,1189
050,50,007,"Vermont","Chittenden County",5,29,2441,1270,1171
050,50,007,"Vermont","Chittenden County",5,30,2489,1281,1208
050,50,007,"Vermont","Chittenden County",5,31,2488,1262,1226
050,50,007,"Vermont","Chittenden County",5,32,2512,1277,1235
050,50,007,"Vermont","Chittenden County",5,33,2370,1230,1140
050,50,007,"Vermont","Chittenden County",5,34,2281,1177,1104
050,50,007,"Vermont","Chittenden County",5,35,2328,1167,1161
050,50,007,"Vermont","Chittenden County",5,36,2290,1161,1129
050,50,007,"Vermont","Chittenden County",5,37,2241,1138,1103
050,50,007,"Vermont","Chittenden County",5,38,2250,1162,1088
050,50,007,"Vermont","Chittenden County",5,39,2217,1097,1120
050,50,007,"Vermont","Chittenden County",5,40,2238,1112,1126
050,50,007,"Vermont","Chittenden County",5,41,2188,1090,1098
050,50,007,"Vermont","Chittenden County",5,42,2118,1074,1044
050,50,007,"Vermont","Chittenden County",5,43,2043,987,1056
050,50,007,"Vermont","Chittenden County",5,44,2049,1001,1048
050,50,007,"Vermont","Chittenden County",5,45,1965,983,982
050,50,007,"Vermont","Chittenden County",5,46,1883,945,938
050,50,007,"Vermont","Chittenden County",5,47,1813,898,915
050,50,007,"Vermont","Chittenden County",5,48,1790,904,886
050,50,007,"Vermont","Chittenden County",5,49,1752,875,877
050,50,007,"Vermont","Chittenden County",5,50,1760,868,892
050,50,007,"Vermont","Chittenden County",5,51,1872,923,949
050,50,007,"Vermont","Chittenden County",5,52,1987,1004,983
050,50,007,"Vermont","Chittenden County",5,53,2040,1028,1012
050,50,007,"Vermont","Chittenden County",5,54,2011,998,1013
050,50,007,"Vermont","Chittenden County",5,55,1986,969,1017
050,50,007,"Vermont","Chittenden County",5,56,1968,966,1002
050,50,007,"Vermont","Chittenden County",5,57,1939,947,992
050,50,007,"Vermont","Chittenden County",5,58,1990,972,1018
050,50,007,"Vermont","Chittenden County",5,59,2029,999,1030
050,50,007,"Vermont","Chittenden County",5,60,2078,1003,1075
050,50,007,"Vermont","Chittenden County",5,61,2109,1010,1099
050,50,007,"Vermont","Chittenden County",5,62,2159,1014,1145
050,50,007,"Vermont","Chittenden County",5,63,2147,1035,1112
050,50,007,"Vermont","Chittenden County",5,64,2103,1008,1095
050,50,007,"Vermont","Chittenden County",5,65,2056,1001,1055
050,50,007,"Vermont","Chittenden County",5,66,2019,988,1031
050,50,007,"Vermont","Chittenden County",5,67,1937,916,1021
050,50,007,"Vermont","Chittenden County",5,68,1867,929,938
050,50,007,"Vermont","Chittenden County",5,69,1806,903,903
050,50,007,"Vermont","Chittenden County",5,70,1741,830,911
050,50,007,"Vermont","Chittenden County",5,71,1685,769,916
050,50,007,"Vermont","Chittenden County",5,72,1534,681,853
050,50,007,"Vermont","Chittenden County",5,73,1430,634,796
050,50,007,"Vermont","Chittenden County",5,74,1378,620,758
050,50,007,"Vermont","Chittenden County",5,75,1327,600,727
050,50,007,"Vermont","Chittenden County",5,76,1413,645,768
050,50,007,"Vermont","Chittenden County",5,77,1000,409,591
050,50,007,"Vermont","Chittenden County",5,78,980,408,572
050,50,007,"Vermont","Chittenden County",5,79,939,394,545
050,50,007,"Vermont","Chittenden County",5,80,908,380,528
050,50,007,"Vermont","Chittenden County",5,81,728,306,422
050,50,007,"Vermont","Chittenden County",5,82,651,279,372
050,50,007,"Vermont","Chittenden County",5,83,564,225,339
050,50,007,"Vermont","Chittenden County",5,84,522,213,309
050,50,007,"Vermont","Chittenden County",5,85,3259,1103,2156
050,50,009,"Vermont","Essex County",1,0,43,22,21
050,50,009,"Vermont","Essex County",1,1,52,29,23
050,50,009,"Vermont","Essex County",1,2,45,25,20
050,50,009,"Vermont","Essex County",1,3,49,21,28
050,50,009,"Vermont","Essex County",1,4,56,32,24
050,50,009,"Vermont","Essex County",1,5,67,38,29
050,50,009,"Vermont","Essex County",1,6,52,27,25
050,50,009,"Vermont","Essex County",1,7,59,30,29
050,50,009,"Vermont","Essex County",1,8,62,30,32
050,50,009,"Vermont","Essex County",1,9,54,25,29
050,50,009,"Vermont","Essex County",1,10,52,28,24
050,50,009,"Vermont","Essex County",1,11,58,32,26
050,50,009,"Vermont","Essex County",1,12,58,31,27
050,50,009,"Vermont","Essex County",1,13,60,31,29
050,50,009,"Vermont","Essex County",1,14,61,29,32
050,50,009,"Vermont","Essex County",1,15,53,24,29
050,50,009,"Vermont","Essex County",1,16,58,27,31
050,50,009,"Vermont","Essex County",1,17,65,35,30
050,50,009,"Vermont","Essex County",1,18,48,28,20
050,50,009,"Vermont","Essex County",1,19,41,24,17
050,50,009,"Vermont","Essex County",1,20,49,27,22
050,50,009,"Vermont","Essex County",1,21,52,28,24
050,50,009,"Vermont","Essex County",1,22,53,30,23
050,50,009,"Vermont","Essex County",1,23,50,24,26
050,50,009,"Vermont","Essex County",1,24,50,29,21
050,50,009,"Vermont","Essex County",1,25,56,22,34
050,50,009,"Vermont","Essex County",1,26,45,22,23
050,50,009,"Vermont","Essex County",1,27,48,26,22
050,50,009,"Vermont","Essex County",1,28,51,23,28
050,50,009,"Vermont","Essex County",1,29,59,26,33
050,50,009,"Vermont","Essex County",1,30,55,30,25
050,50,009,"Vermont","Essex County",1,31,49,26,23
050,50,009,"Vermont","Essex County",1,32,60,26,34
050,50,009,"Vermont","Essex County",1,33,56,24,32
050,50,009,"Vermont","Essex County",1,34,58,26,32
050,50,009,"Vermont","Essex County",1,35,57,22,35
050,50,009,"Vermont","Essex County",1,36,60,36,24
050,50,009,"Vermont","Essex County",1,37,55,32,23
050,50,009,"Vermont","Essex County",1,38,51,24,27
050,50,009,"Vermont","Essex County",1,39,55,27,28
050,50,009,"Vermont","Essex County",1,40,69,30,39
050,50,009,"Vermont","Essex County",1,41,58,28,30
050,50,009,"Vermont","Essex County",1,42,46,27,19
050,50,009,"Vermont","Essex County",1,43,52,29,23
050,50,009,"Vermont","Essex County",1,44,58,33,25
050,50,009,"Vermont","Essex County",1,45,64,32,32
050,50,009,"Vermont","Essex County",1,46,67,33,34
050,50,009,"Vermont","Essex County",1,47,64,35,29
050,50,009,"Vermont","Essex County",1,48,78,45,33
050,50,009,"Vermont","Essex County",1,49,94,48,46
050,50,009,"Vermont","Essex County",1,50,91,42,49
050,50,009,"Vermont","Essex County",1,51,92,46,46
050,50,009,"Vermont","Essex County",1,52,78,40,38
050,50,009,"Vermont","Essex County",1,53,84,45,39
050,50,009,"Vermont","Essex County",1,54,98,49,49
050,50,009,"Vermont","Essex County",1,55,103,54,49
050,50,009,"Vermont","Essex County",1,56,110,56,54
050,50,009,"Vermont","Essex County",1,57,92,46,46
050,50,009,"Vermont","Essex County",1,58,113,55,58
050,50,009,"Vermont","Essex County",1,59,109,56,53
050,50,009,"Vermont","Essex County",1,60,108,51,57
050,50,009,"Vermont","Essex County",1,61,112,53,59
050,50,009,"Vermont","Essex County",1,62,114,60,54
050,50,009,"Vermont","Essex County",1,63,120,58,62
050,50,009,"Vermont","Essex County",1,64,106,52,54
050,50,009,"Vermont","Essex County",1,65,118,60,58
050,50,009,"Vermont","Essex County",1,66,106,51,55
050,50,009,"Vermont","Essex County",1,67,92,51,41
050,50,009,"Vermont","Essex County",1,68,94,55,39
050,50,009,"Vermont","Essex County",1,69,90,54,36
050,50,009,"Vermont","Essex County",1,70,85,41,44
050,50,009,"Vermont","Essex County",1,71,96,45,51
050,50,009,"Vermont","Essex County",1,72,100,49,51
050,50,009,"Vermont","Essex County",1,73,104,51,53
050,50,009,"Vermont","Essex County",1,74,69,32,37
050,50,009,"Vermont","Essex County",1,75,70,39,31
050,50,009,"Vermont","Essex County",1,76,67,36,31
050,50,009,"Vermont","Essex County",1,77,66,35,31
050,50,009,"Vermont","Essex County",1,78,54,29,25
050,50,009,"Vermont","Essex County",1,79,42,20,22
050,50,009,"Vermont","Essex County",1,80,41,19,22
050,50,009,"Vermont","Essex County",1,81,37,21,16
050,50,009,"Vermont","Essex County",1,82,36,19,17
050,50,009,"Vermont","Essex County",1,83,26,12,14
050,50,009,"Vermont","Essex County",1,84,21,10,11
050,50,009,"Vermont","Essex County",1,85,164,62,102
050,50,009,"Vermont","Essex County",2,0,50,29,21
050,50,009,"Vermont","Essex County",2,1,50,28,22
050,50,009,"Vermont","Essex County",2,2,47,26,21
050,50,009,"Vermont","Essex County",2,3,48,22,26
050,50,009,"Vermont","Essex County",2,4,55,30,25
050,50,009,"Vermont","Essex County",2,5,63,36,27
050,50,009,"Vermont","Essex County",2,6,57,30,27
050,50,009,"Vermont","Essex County",2,7,56,28,28
050,50,009,"Vermont","Essex County",2,8,61,30,31
050,50,009,"Vermont","Essex County",2,9,57,27,30
050,50,009,"Vermont","Essex County",2,10,52,26,26
050,50,009,"Vermont","Essex County",2,11,56,31,25
050,50,009,"Vermont","Essex County",2,12,58,31,27
050,50,009,"Vermont","Essex County",2,13,59,30,29
050,50,009,"Vermont","Essex County",2,14,60,29,31
050,50,009,"Vermont","Essex County",2,15,55,25,30
050,50,009,"Vermont","Essex County",2,16,57,26,31
050,50,009,"Vermont","Essex County",2,17,63,33,30
050,50,009,"Vermont","Essex County",2,18,49,29,20
050,50,009,"Vermont","Essex County",2,19,41,24,17
050,50,009,"Vermont","Essex County",2,20,48,26,22
050,50,009,"Vermont","Essex County",2,21,52,28,24
050,50,009,"Vermont","Essex County",2,22,52,28,24
050,50,009,"Vermont","Essex County",2,23,52,26,26
050,50,009,"Vermont","Essex County",2,24,50,27,23
050,50,009,"Vermont","Essex County",2,25,56,24,32
050,50,009,"Vermont","Essex County",2,26,46,22,24
050,50,009,"Vermont","Essex County",2,27,49,25,24
050,50,009,"Vermont","Essex County",2,28,53,24,29
050,50,009,"Vermont","Essex County",2,29,56,25,31
050,50,009,"Vermont","Essex County",2,30,54,29,25
050,50,009,"Vermont","Essex County",2,31,52,28,24
050,50,009,"Vermont","Essex County",2,32,58,26,32
050,50,009,"Vermont","Essex County",2,33,57,24,33
050,50,009,"Vermont","Essex County",2,34,57,25,32
050,50,009,"Vermont","Essex County",2,35,59,24,35
050,50,009,"Vermont","Essex County",2,36,59,33,26
050,50,009,"Vermont","Essex County",2,37,56,33,23
050,50,009,"Vermont","Essex County",2,38,52,26,26
050,50,009,"Vermont","Essex County",2,39,54,26,28
050,50,009,"Vermont","Essex County",2,40,67,30,37
050,50,009,"Vermont","Essex County",2,41,60,28,32
050,50,009,"Vermont","Essex County",2,42,47,26,21
050,50,009,"Vermont","Essex County",2,43,51,28,23
050,50,009,"Vermont","Essex County",2,44,57,33,24
050,50,009,"Vermont","Essex County",2,45,63,33,30
050,50,009,"Vermont","Essex County",2,46,67,33,34
050,50,009,"Vermont","Essex County",2,47,65,34,31
050,50,009,"Vermont","Essex County",2,48,75,43,32
050,50,009,"Vermont","Essex County",2,49,89,47,42
050,50,009,"Vermont","Essex County",2,50,91,43,48
050,50,009,"Vermont","Essex County",2,51,92,45,47
050,50,009,"Vermont","Essex County",2,52,82,42,40
050,50,009,"Vermont","Essex County",2,53,85,45,40
050,50,009,"Vermont","Essex County",2,54,95,49,46
050,50,009,"Vermont","Essex County",2,55,101,53,48
050,50,009,"Vermont","Essex County",2,56,107,55,52
050,50,009,"Vermont","Essex County",2,57,94,46,48
050,50,009,"Vermont","Essex County",2,58,108,53,55
050,50,009,"Vermont","Essex County",2,59,110,56,54
050,50,009,"Vermont","Essex County",2,60,108,52,56
050,50,009,"Vermont","Essex County",2,61,110,53,57
050,50,009,"Vermont","Essex County",2,62,112,58,54
050,50,009,"Vermont","Essex County",2,63,119,59,60
050,50,009,"Vermont","Essex County",2,64,107,53,54
050,50,009,"Vermont","Essex County",2,65,115,57,58
050,50,009,"Vermont","Essex County",2,66,110,54,56
050,50,009,"Vermont","Essex County",2,67,93,49,44
050,50,009,"Vermont","Essex County",2,68,90,51,39
050,50,009,"Vermont","Essex County",2,69,91,55,36
050,50,009,"Vermont","Essex County",2,70,85,43,42
050,50,009,"Vermont","Essex County",2,71,95,45,50
050,50,009,"Vermont","Essex County",2,72,99,47,52
050,50,009,"Vermont","Essex County",2,73,110,54,56
050,50,009,"Vermont","Essex County",2,74,72,34,38
050,50,009,"Vermont","Essex County",2,75,70,37,33
050,50,009,"Vermont","Essex County",2,76,66,36,30
050,50,009,"Vermont","Essex County",2,77,68,36,32
050,50,009,"Vermont","Essex County",2,78,56,30,26
050,50,009,"Vermont","Essex County",2,79,44,22,22
050,50,009,"Vermont","Essex County",2,80,41,19,22
050,50,009,"Vermont","Essex County",2,81,38,21,17
050,50,009,"Vermont","Essex County",2,82,36,19,17
050,50,009,"Vermont","Essex County",2,83,29,14,15
050,50,009,"Vermont","Essex County",2,84,21,11,10
050,50,009,"Vermont","Essex County",2,85,163,61,102
050,50,009,"Vermont","Essex County",3,0,55,28,27
050,50,009,"Vermont","Essex County",3,1,46,26,20
050,50,009,"Vermont","Essex County",3,2,51,28,23
050,50,009,"Vermont","Essex County",3,3,50,26,24
050,50,009,"Vermont","Essex County",3,4,51,23,28
050,50,009,"Vermont","Essex County",3,5,54,34,20
050,50,009,"Vermont","Essex County",3,6,65,38,27
050,50,009,"Vermont","Essex County",3,7,58,30,28
050,50,009,"Vermont","Essex County",3,8,50,24,26
050,50,009,"Vermont","Essex County",3,9,60,33,27
050,50,009,"Vermont","Essex County",3,10,58,27,31
050,50,009,"Vermont","Essex County",3,11,55,29,26
050,50,009,"Vermont","Essex County",3,12,66,38,28
050,50,009,"Vermont","Essex County",3,13,58,32,26
050,50,009,"Vermont","Essex County",3,14,58,33,25
050,50,009,"Vermont","Essex County",3,15,69,37,32
050,50,009,"Vermont","Essex County",3,16,63,29,34
050,50,009,"Vermont","Essex County",3,17,68,28,40
050,50,009,"Vermont","Essex County",3,18,58,31,27
050,50,009,"Vermont","Essex County",3,19,43,27,16
050,50,009,"Vermont","Essex County",3,20,43,26,17
050,50,009,"Vermont","Essex County",3,21,45,20,25
050,50,009,"Vermont","Essex County",3,22,60,34,26
050,50,009,"Vermont","Essex County",3,23,47,20,27
050,50,009,"Vermont","Essex County",3,24,46,26,20
050,50,009,"Vermont","Essex County",3,25,56,30,26
050,50,009,"Vermont","Essex County",3,26,44,18,26
050,50,009,"Vermont","Essex County",3,27,54,24,30
050,50,009,"Vermont","Essex County",3,28,53,30,23
050,50,009,"Vermont","Essex County",3,29,51,24,27
050,50,009,"Vermont","Essex County",3,30,53,23,30
050,50,009,"Vermont","Essex County",3,31,52,27,25
050,50,009,"Vermont","Essex County",3,32,52,28,24
050,50,009,"Vermont","Essex County",3,33,55,27,28
050,50,009,"Vermont","Essex County",3,34,58,24,34
050,50,009,"Vermont","Essex County",3,35,55,27,28
050,50,009,"Vermont","Essex County",3,36,60,21,39
050,50,009,"Vermont","Essex County",3,37,61,34,27
050,50,009,"Vermont","Essex County",3,38,65,34,31
050,50,009,"Vermont","Essex County",3,39,58,31,27
050,50,009,"Vermont","Essex County",3,40,54,27,27
050,50,009,"Vermont","Essex County",3,41,73,35,38
050,50,009,"Vermont","Essex County",3,42,65,31,34
050,50,009,"Vermont","Essex County",3,43,48,27,21
050,50,009,"Vermont","Essex County",3,44,56,33,23
050,50,009,"Vermont","Essex County",3,45,66,41,25
050,50,009,"Vermont","Essex County",3,46,67,35,32
050,50,009,"Vermont","Essex County",3,47,71,34,37
050,50,009,"Vermont","Essex County",3,48,68,38,30
050,50,009,"Vermont","Essex County",3,49,73,39,34
050,50,009,"Vermont","Essex County",3,50,95,50,45
050,50,009,"Vermont","Essex County",3,51,84,38,46
050,50,009,"Vermont","Essex County",3,52,92,43,49
050,50,009,"Vermont","Essex County",3,53,85,45,40
050,50,009,"Vermont","Essex County",3,54,89,48,41
050,50,009,"Vermont","Essex County",3,55,93,50,43
050,50,009,"Vermont","Essex County",3,56,103,55,48
050,50,009,"Vermont","Essex County",3,57,112,56,56
050,50,009,"Vermont","Essex County",3,58,96,48,48
050,50,009,"Vermont","Essex County",3,59,101,49,52
050,50,009,"Vermont","Essex County",3,60,113,56,57
050,50,009,"Vermont","Essex County",3,61,99,50,49
050,50,009,"Vermont","Essex County",3,62,111,53,58
050,50,009,"Vermont","Essex County",3,63,110,55,55
050,50,009,"Vermont","Essex County",3,64,121,61,60
050,50,009,"Vermont","Essex County",3,65,108,54,54
050,50,009,"Vermont","Essex County",3,66,117,59,58
050,50,009,"Vermont","Essex County",3,67,102,50,52
050,50,009,"Vermont","Essex County",3,68,95,49,46
050,50,009,"Vermont","Essex County",3,69,86,50,36
050,50,009,"Vermont","Essex County",3,70,96,58,38
050,50,009,"Vermont","Essex County",3,71,80,41,39
050,50,009,"Vermont","Essex County",3,72,91,45,46
050,50,009,"Vermont","Essex County",3,73,93,42,51
050,50,009,"Vermont","Essex County",3,74,110,53,57
050,50,009,"Vermont","Essex County",3,75,63,34,29
050,50,009,"Vermont","Essex County",3,76,70,36,34
050,50,009,"Vermont","Essex County",3,77,63,34,29
050,50,009,"Vermont","Essex County",3,78,64,34,30
050,50,009,"Vermont","Essex County",3,79,52,29,23
050,50,009,"Vermont","Essex County",3,80,41,20,21
050,50,009,"Vermont","Essex County",3,81,38,17,21
050,50,009,"Vermont","Essex County",3,82,36,20,16
050,50,009,"Vermont","Essex County",3,83,33,18,15
050,50,009,"Vermont","Essex County",3,84,27,13,14
050,50,009,"Vermont","Essex County",3,85,156,62,94
050,50,009,"Vermont","Essex County",4,0,58,30,28
050,50,009,"Vermont","Essex County",4,1,61,32,29
050,50,009,"Vermont","Essex County",4,2,46,23,23
050,50,009,"Vermont","Essex County",4,3,55,28,27
050,50,009,"Vermont","Essex County",4,4,57,30,27
050,50,009,"Vermont","Essex County",4,5,65,25,40
050,50,009,"Vermont","Essex County",4,6,53,31,22
050,50,009,"Vermont","Essex County",4,7,68,41,27
050,50,009,"Vermont","Essex County",4,8,58,30,28
050,50,009,"Vermont","Essex County",4,9,48,20,28
050,50,009,"Vermont","Essex County",4,10,61,34,27
050,50,009,"Vermont","Essex County",4,11,55,26,29
050,50,009,"Vermont","Essex County",4,12,57,29,28
050,50,009,"Vermont","Essex County",4,13,68,39,29
050,50,009,"Vermont","Essex County",4,14,61,31,30
050,50,009,"Vermont","Essex County",4,15,61,34,27
050,50,009,"Vermont","Essex County",4,16,63,30,33
050,50,009,"Vermont","Essex County",4,17,61,27,34
050,50,009,"Vermont","Essex County",4,18,54,24,30
050,50,009,"Vermont","Essex County",4,19,48,25,23
050,50,009,"Vermont","Essex County",4,20,44,30,14
050,50,009,"Vermont","Essex County",4,21,46,25,21
050,50,009,"Vermont","Essex County",4,22,51,25,26
050,50,009,"Vermont","Essex County",4,23,68,35,33
050,50,009,"Vermont","Essex County",4,24,49,20,29
050,50,009,"Vermont","Essex County",4,25,44,23,21
050,50,009,"Vermont","Essex County",4,26,57,31,26
050,50,009,"Vermont","Essex County",4,27,49,27,22
050,50,009,"Vermont","Essex County",4,28,54,27,27
050,50,009,"Vermont","Essex County",4,29,56,29,27
050,50,009,"Vermont","Essex County",4,30,64,33,31
050,50,009,"Vermont","Essex County",4,31,59,27,32
050,50,009,"Vermont","Essex County",4,32,51,27,24
050,50,009,"Vermont","Essex County",4,33,51,25,26
050,50,009,"Vermont","Essex County",4,34,58,28,30
050,50,009,"Vermont","Essex County",4,35,58,23,35
050,50,009,"Vermont","Essex County",4,36,58,27,31
050,50,009,"Vermont","Essex County",4,37,59,21,38
050,50,009,"Vermont","Essex County",4,38,59,31,28
050,50,009,"Vermont","Essex County",4,39,60,34,26
050,50,009,"Vermont","Essex County",4,40,67,34,33
050,50,009,"Vermont","Essex County",4,41,51,24,27
050,50,009,"Vermont","Essex County",4,42,74,34,40
050,50,009,"Vermont","Essex County",4,43,63,31,32
050,50,009,"Vermont","Essex County",4,44,52,28,24
050,50,009,"Vermont","Essex County",4,45,59,32,27
050,50,009,"Vermont","Essex County",4,46,63,40,23
050,50,009,"Vermont","Essex County",4,47,64,34,30
050,50,009,"Vermont","Essex County",4,48,74,37,37
050,50,009,"Vermont","Essex County",4,49,71,38,33
050,50,009,"Vermont","Essex County",4,50,83,44,39
050,50,009,"Vermont","Essex County",4,51,93,50,43
050,50,009,"Vermont","Essex County",4,52,87,41,46
050,50,009,"Vermont","Essex County",4,53,93,44,49
050,50,009,"Vermont","Essex County",4,54,86,46,40
050,50,009,"Vermont","Essex County",4,55,84,46,38
050,50,009,"Vermont","Essex County",4,56,86,46,40
050,50,009,"Vermont","Essex County",4,57,97,51,46
050,50,009,"Vermont","Essex County",4,58,112,56,56
050,50,009,"Vermont","Essex County",4,59,100,51,49
050,50,009,"Vermont","Essex County",4,60,103,49,54
050,50,009,"Vermont","Essex County",4,61,103,50,53
050,50,009,"Vermont","Essex County",4,62,104,54,50
050,50,009,"Vermont","Essex County",4,63,113,52,61
050,50,009,"Vermont","Essex County",4,64,106,50,56
050,50,009,"Vermont","Essex County",4,65,117,58,59
050,50,009,"Vermont","Essex County",4,66,108,55,53
050,50,009,"Vermont","Essex County",4,67,121,62,59
050,50,009,"Vermont","Essex County",4,68,97,51,46
050,50,009,"Vermont","Essex County",4,69,93,47,46
050,50,009,"Vermont","Essex County",4,70,86,50,36
050,50,009,"Vermont","Essex County",4,71,91,56,35
050,50,009,"Vermont","Essex County",4,72,77,41,36
050,50,009,"Vermont","Essex County",4,73,92,46,46
050,50,009,"Vermont","Essex County",4,74,89,38,51
050,50,009,"Vermont","Essex County",4,75,102,46,56
050,50,009,"Vermont","Essex County",4,76,57,29,28
050,50,009,"Vermont","Essex County",4,77,68,35,33
050,50,009,"Vermont","Essex County",4,78,58,31,27
050,50,009,"Vermont","Essex County",4,79,58,30,28
050,50,009,"Vermont","Essex County",4,80,50,28,22
050,50,009,"Vermont","Essex County",4,81,35,17,18
050,50,009,"Vermont","Essex County",4,82,39,19,20
050,50,009,"Vermont","Essex County",4,83,36,19,17
050,50,009,"Vermont","Essex County",4,84,32,17,15
050,50,009,"Vermont","Essex County",4,85,150,62,88
050,50,009,"Vermont","Essex County",5,0,56,29,27
050,50,009,"Vermont","Essex County",5,1,53,27,26
050,50,009,"Vermont","Essex County",5,2,64,34,30
050,50,009,"Vermont","Essex County",5,3,44,25,19
050,50,009,"Vermont","Essex County",5,4,61,32,29
050,50,009,"Vermont","Essex County",5,5,60,30,30
050,50,009,"Vermont","Essex County",5,6,59,24,35
050,50,009,"Vermont","Essex County",5,7,51,30,21
050,50,009,"Vermont","Essex County",5,8,67,41,26
050,50,009,"Vermont","Essex County",5,9,61,31,30
050,50,009,"Vermont","Essex County",5,10,54,22,32
050,50,009,"Vermont","Essex County",5,11,61,35,26
050,50,009,"Vermont","Essex County",5,12,60,31,29
050,50,009,"Vermont","Essex County",5,13,61,31,30
050,50,009,"Vermont","Essex County",5,14,72,43,29
050,50,009,"Vermont","Essex County",5,15,62,29,33
050,50,009,"Vermont","Essex County",5,16,56,35,21
050,50,009,"Vermont","Essex County",5,17,71,36,35
050,50,009,"Vermont","Essex County",5,18,56,25,31
050,50,009,"Vermont","Essex County",5,19,45,19,26
050,50,009,"Vermont","Essex County",5,20,48,25,23
050,50,009,"Vermont","Essex County",5,21,46,28,18
050,50,009,"Vermont","Essex County",5,22,46,28,18
050,50,009,"Vermont","Essex County",5,23,51,27,24
050,50,009,"Vermont","Essex County",5,24,69,38,31
050,50,009,"Vermont","Essex County",5,25,54,23,31
050,50,009,"Vermont","Essex County",5,26,40,21,19
050,50,009,"Vermont","Essex County",5,27,53,28,25
050,50,009,"Vermont","Essex County",5,28,49,29,20
050,50,009,"Vermont","Essex County",5,29,59,30,29
050,50,009,"Vermont","Essex County",5,30,57,33,24
050,50,009,"Vermont","Essex County",5,31,57,29,28
050,50,009,"Vermont","Essex County",5,32,57,26,31
050,50,009,"Vermont","Essex County",5,33,59,32,27
050,50,009,"Vermont","Essex County",5,34,55,27,28
050,50,009,"Vermont","Essex County",5,35,63,31,32
050,50,009,"Vermont","Essex County",5,36,57,22,35
050,50,009,"Vermont","Essex County",5,37,52,24,28
050,50,009,"Vermont","Essex County",5,38,62,21,41
050,50,009,"Vermont","Essex County",5,39,58,31,27
050,50,009,"Vermont","Essex County",5,40,64,35,29
050,50,009,"Vermont","Essex County",5,41,67,31,36
050,50,009,"Vermont","Essex County",5,42,54,25,29
050,50,009,"Vermont","Essex County",5,43,75,35,40
050,50,009,"Vermont","Essex County",5,44,62,30,32
050,50,009,"Vermont","Essex County",5,45,53,28,25
050,50,009,"Vermont","Essex County",5,46,53,30,23
050,50,009,"Vermont","Essex County",5,47,68,41,27
050,50,009,"Vermont","Essex County",5,48,64,32,32
050,50,009,"Vermont","Essex County",5,49,77,36,41
050,50,009,"Vermont","Essex County",5,50,73,39,34
050,50,009,"Vermont","Essex County",5,51,81,43,38
050,50,009,"Vermont","Essex County",5,52,93,50,43
050,50,009,"Vermont","Essex County",5,53,89,44,45
050,50,009,"Vermont","Essex County",5,54,92,45,47
050,50,009,"Vermont","Essex County",5,55,83,45,38
050,50,009,"Vermont","Essex County",5,56,80,41,39
050,50,009,"Vermont","Essex County",5,57,90,47,43
050,50,009,"Vermont","Essex County",5,58,98,52,46
050,50,009,"Vermont","Essex County",5,59,114,57,57
050,50,009,"Vermont","Essex County",5,60,100,51,49
050,50,009,"Vermont","Essex County",5,61,98,45,53
050,50,009,"Vermont","Essex County",5,62,101,48,53
050,50,009,"Vermont","Essex County",5,63,98,50,48
050,50,009,"Vermont","Essex County",5,64,104,48,56
050,50,009,"Vermont","Essex County",5,65,110,50,60
050,50,009,"Vermont","Essex County",5,66,119,60,59
050,50,009,"Vermont","Essex County",5,67,110,53,57
050,50,009,"Vermont","Essex County",5,68,119,65,54
050,50,009,"Vermont","Essex County",5,69,98,52,46
050,50,009,"Vermont","Essex County",5,70,96,51,45
050,50,009,"Vermont","Essex County",5,71,88,52,36
050,50,009,"Vermont","Essex County",5,72,88,55,33
050,50,009,"Vermont","Essex County",5,73,77,39,38
050,50,009,"Vermont","Essex County",5,74,87,40,47
050,50,009,"Vermont","Essex County",5,75,83,33,50
050,50,009,"Vermont","Essex County",5,76,96,41,55
050,50,009,"Vermont","Essex County",5,77,56,28,28
050,50,009,"Vermont","Essex County",5,78,65,34,31
050,50,009,"Vermont","Essex County",5,79,55,28,27
050,50,009,"Vermont","Essex County",5,80,57,30,27
050,50,009,"Vermont","Essex County",5,81,46,26,20
050,50,009,"Vermont","Essex County",5,82,33,17,16
050,50,009,"Vermont","Essex County",5,83,37,17,20
050,50,009,"Vermont","Essex County",5,84,35,17,18
050,50,009,"Vermont","Essex County",5,85,158,69,89
050,50,011,"Vermont","Franklin County",1,0,537,272,265
050,50,011,"Vermont","Franklin County",1,1,576,289,287
050,50,011,"Vermont","Franklin County",1,2,548,277,271
050,50,011,"Vermont","Franklin County",1,3,602,309,293
050,50,011,"Vermont","Franklin County",1,4,607,302,305
050,50,011,"Vermont","Franklin County",1,5,607,296,311
050,50,011,"Vermont","Franklin County",1,6,614,303,311
050,50,011,"Vermont","Franklin County",1,7,630,326,304
050,50,011,"Vermont","Franklin County",1,8,638,327,311
050,50,011,"Vermont","Franklin County",1,9,605,315,290
050,50,011,"Vermont","Franklin County",1,10,626,332,294
050,50,011,"Vermont","Franklin County",1,11,622,328,294
050,50,011,"Vermont","Franklin County",1,12,650,333,317
050,50,011,"Vermont","Franklin County",1,13,629,324,305
050,50,011,"Vermont","Franklin County",1,14,655,338,317
050,50,011,"Vermont","Franklin County",1,15,633,327,306
050,50,011,"Vermont","Franklin County",1,16,649,339,310
050,50,011,"Vermont","Franklin County",1,17,634,332,302
050,50,011,"Vermont","Franklin County",1,18,527,270,257
050,50,011,"Vermont","Franklin County",1,19,427,219,208
050,50,011,"Vermont","Franklin County",1,20,493,262,231
050,50,011,"Vermont","Franklin County",1,21,496,252,244
050,50,011,"Vermont","Franklin County",1,22,535,253,282
050,50,011,"Vermont","Franklin County",1,23,558,274,284
050,50,011,"Vermont","Franklin County",1,24,561,285,276
050,50,011,"Vermont","Franklin County",1,25,578,299,279
050,50,011,"Vermont","Franklin County",1,26,621,328,293
050,50,011,"Vermont","Franklin County",1,27,639,330,309
050,50,011,"Vermont","Franklin County",1,28,642,321,321
050,50,011,"Vermont","Franklin County",1,29,645,330,315
050,50,011,"Vermont","Franklin County",1,30,642,342,300
050,50,011,"Vermont","Franklin County",1,31,691,337,354
050,50,011,"Vermont","Franklin County",1,32,633,315,318
050,50,011,"Vermont","Franklin County",1,33,641,326,315
050,50,011,"Vermont","Franklin County",1,34,649,314,335
050,50,011,"Vermont","Franklin County",1,35,651,314,337
050,50,011,"Vermont","Franklin County",1,36,653,319,334
050,50,011,"Vermont","Franklin County",1,37,669,321,348
050,50,011,"Vermont","Franklin County",1,38,619,292,327
050,50,011,"Vermont","Franklin County",1,39,658,340,318
050,50,011,"Vermont","Franklin County",1,40,659,322,337
050,50,011,"Vermont","Franklin County",1,41,637,309,328
050,50,011,"Vermont","Franklin County",1,42,618,307,311
050,50,011,"Vermont","Franklin County",1,43,585,306,279
050,50,011,"Vermont","Franklin County",1,44,606,318,288
050,50,011,"Vermont","Franklin County",1,45,613,298,315
050,50,011,"Vermont","Franklin County",1,46,611,315,296
050,50,011,"Vermont","Franklin County",1,47,614,317,297
050,50,011,"Vermont","Franklin County",1,48,694,366,328
050,50,011,"Vermont","Franklin County",1,49,723,366,357
050,50,011,"Vermont","Franklin County",1,50,683,343,340
050,50,011,"Vermont","Franklin County",1,51,673,318,355
050,50,011,"Vermont","Franklin County",1,52,663,308,355
050,50,011,"Vermont","Franklin County",1,53,688,346,342
050,50,011,"Vermont","Franklin County",1,54,721,368,353
050,50,011,"Vermont","Franklin County",1,55,739,360,379
050,50,011,"Vermont","Franklin County",1,56,759,387,372
050,50,011,"Vermont","Franklin County",1,57,780,392,388
050,50,011,"Vermont","Franklin County",1,58,802,406,396
050,50,011,"Vermont","Franklin County",1,59,805,418,387
050,50,011,"Vermont","Franklin County",1,60,732,385,347
050,50,011,"Vermont","Franklin County",1,61,739,388,351
050,50,011,"Vermont","Franklin County",1,62,767,372,395
050,50,011,"Vermont","Franklin County",1,63,719,354,365
050,50,011,"Vermont","Franklin County",1,64,697,352,345
050,50,011,"Vermont","Franklin County",1,65,639,328,311
050,50,011,"Vermont","Franklin County",1,66,615,304,311
050,50,011,"Vermont","Franklin County",1,67,608,280,328
050,50,011,"Vermont","Franklin County",1,68,577,270,307
050,50,011,"Vermont","Franklin County",1,69,523,258,265
050,50,011,"Vermont","Franklin County",1,70,489,246,243
050,50,011,"Vermont","Franklin County",1,71,477,243,234
050,50,011,"Vermont","Franklin County",1,72,492,254,238
050,50,011,"Vermont","Franklin County",1,73,476,246,230
050,50,011,"Vermont","Franklin County",1,74,325,173,152
050,50,011,"Vermont","Franklin County",1,75,323,156,167
050,50,011,"Vermont","Franklin County",1,76,321,160,161
050,50,011,"Vermont","Franklin County",1,77,305,147,158
050,50,011,"Vermont","Franklin County",1,78,257,124,133
050,50,011,"Vermont","Franklin County",1,79,220,103,117
050,50,011,"Vermont","Franklin County",1,80,187,90,97
050,50,011,"Vermont","Franklin County",1,81,207,96,111
050,50,011,"Vermont","Franklin County",1,82,172,76,96
050,50,011,"Vermont","Franklin County",1,83,150,63,87
050,50,011,"Vermont","Franklin County",1,84,140,59,81
050,50,011,"Vermont","Franklin County",1,85,831,263,568
050,50,011,"Vermont","Franklin County",2,0,553,281,272
050,50,011,"Vermont","Franklin County",2,1,568,286,282
050,50,011,"Vermont","Franklin County",2,2,554,280,274
050,50,011,"Vermont","Franklin County",2,3,589,302,287
050,50,011,"Vermont","Franklin County",2,4,612,307,305
050,50,011,"Vermont","Franklin County",2,5,610,298,312
050,50,011,"Vermont","Franklin County",2,6,615,301,314
050,50,011,"Vermont","Franklin County",2,7,632,323,309
050,50,011,"Vermont","Franklin County",2,8,638,327,311
050,50,011,"Vermont","Franklin County",2,9,615,319,296
050,50,011,"Vermont","Franklin County",2,10,620,327,293
050,50,011,"Vermont","Franklin County",2,11,622,328,294
050,50,011,"Vermont","Franklin County",2,12,643,329,314
050,50,011,"Vermont","Franklin County",2,13,634,325,309
050,50,011,"Vermont","Franklin County",2,14,647,335,312
050,50,011,"Vermont","Franklin County",2,15,639,332,307
050,50,011,"Vermont","Franklin County",2,16,643,335,308
050,50,011,"Vermont","Franklin County",2,17,636,333,303
050,50,011,"Vermont","Franklin County",2,18,522,272,250
050,50,011,"Vermont","Franklin County",2,19,429,219,210
050,50,011,"Vermont","Franklin County",2,20,492,260,232
050,50,011,"Vermont","Franklin County",2,21,499,256,243
050,50,011,"Vermont","Franklin County",2,22,528,254,274
050,50,011,"Vermont","Franklin County",2,23,559,270,289
050,50,011,"Vermont","Franklin County",2,24,561,285,276
050,50,011,"Vermont","Franklin County",2,25,582,299,283
050,50,011,"Vermont","Franklin County",2,26,621,325,296
050,50,011,"Vermont","Franklin County",2,27,638,333,305
050,50,011,"Vermont","Franklin County",2,28,653,331,322
050,50,011,"Vermont","Franklin County",2,29,647,332,315
050,50,011,"Vermont","Franklin County",2,30,653,343,310
050,50,011,"Vermont","Franklin County",2,31,685,342,343
050,50,011,"Vermont","Franklin County",2,32,647,321,326
050,50,011,"Vermont","Franklin County",2,33,638,323,315
050,50,011,"Vermont","Franklin County",2,34,653,318,335
050,50,011,"Vermont","Franklin County",2,35,656,318,338
050,50,011,"Vermont","Franklin County",2,36,648,315,333
050,50,011,"Vermont","Franklin County",2,37,666,318,348
050,50,011,"Vermont","Franklin County",2,38,633,301,332
050,50,011,"Vermont","Franklin County",2,39,649,330,319
050,50,011,"Vermont","Franklin County",2,40,666,329,337
050,50,011,"Vermont","Franklin County",2,41,649,316,333
050,50,011,"Vermont","Franklin County",2,42,620,309,311
050,50,011,"Vermont","Franklin County",2,43,596,309,287
050,50,011,"Vermont","Franklin County",2,44,593,310,283
050,50,011,"Vermont","Franklin County",2,45,613,305,308
050,50,011,"Vermont","Franklin County",2,46,609,310,299
050,50,011,"Vermont","Franklin County",2,47,613,319,294
050,50,011,"Vermont","Franklin County",2,48,673,355,318
050,50,011,"Vermont","Franklin County",2,49,716,366,350
050,50,011,"Vermont","Franklin County",2,50,693,348,345
050,50,011,"Vermont","Franklin County",2,51,673,322,351
050,50,011,"Vermont","Franklin County",2,52,662,310,352
050,50,011,"Vermont","Franklin County",2,53,684,337,347
050,50,011,"Vermont","Franklin County",2,54,711,362,349
050,50,011,"Vermont","Franklin County",2,55,730,358,372
050,50,011,"Vermont","Franklin County",2,56,754,381,373
050,50,011,"Vermont","Franklin County",2,57,773,390,383
050,50,011,"Vermont","Franklin County",2,58,792,400,392
050,50,011,"Vermont","Franklin County",2,59,810,417,393
050,50,011,"Vermont","Franklin County",2,60,745,390,355
050,50,011,"Vermont","Franklin County",2,61,733,383,350
050,50,011,"Vermont","Franklin County",2,62,757,376,381
050,50,011,"Vermont","Franklin County",2,63,737,361,376
050,50,011,"Vermont","Franklin County",2,64,696,350,346
050,50,011,"Vermont","Franklin County",2,65,648,332,316
050,50,011,"Vermont","Franklin County",2,66,621,308,313
050,50,011,"Vermont","Franklin County",2,67,603,281,322
050,50,011,"Vermont","Franklin County",2,68,577,270,307
050,50,011,"Vermont","Franklin County",2,69,535,259,276
050,50,011,"Vermont","Franklin County",2,70,492,247,245
050,50,011,"Vermont","Franklin County",2,71,483,246,237
050,50,011,"Vermont","Franklin County",2,72,483,248,235
050,50,011,"Vermont","Franklin County",2,73,503,261,242
050,50,011,"Vermont","Franklin County",2,74,332,175,157
050,50,011,"Vermont","Franklin County",2,75,323,160,163
050,50,011,"Vermont","Franklin County",2,76,313,153,160
050,50,011,"Vermont","Franklin County",2,77,317,154,163
050,50,011,"Vermont","Franklin County",2,78,260,125,135
050,50,011,"Vermont","Franklin County",2,79,223,103,120
050,50,011,"Vermont","Franklin County",2,80,192,92,100
050,50,011,"Vermont","Franklin County",2,81,206,96,110
050,50,011,"Vermont","Franklin County",2,82,176,78,98
050,50,011,"Vermont","Franklin County",2,83,156,66,90
050,50,011,"Vermont","Franklin County",2,84,141,60,81
050,50,011,"Vermont","Franklin County",2,85,835,267,568
050,50,011,"Vermont","Franklin County",3,0,507,275,232
050,50,011,"Vermont","Franklin County",3,1,558,295,263
050,50,011,"Vermont","Franklin County",3,2,566,291,275
050,50,011,"Vermont","Franklin County",3,3,573,287,286
050,50,011,"Vermont","Franklin County",3,4,585,297,288
050,50,011,"Vermont","Franklin County",3,5,610,308,302
050,50,011,"Vermont","Franklin County",3,6,607,292,315
050,50,011,"Vermont","Franklin County",3,7,614,305,309
050,50,011,"Vermont","Franklin County",3,8,632,327,305
050,50,011,"Vermont","Franklin County",3,9,642,329,313
050,50,011,"Vermont","Franklin County",3,10,619,324,295
050,50,011,"Vermont","Franklin County",3,11,636,337,299
050,50,011,"Vermont","Franklin County",3,12,631,337,294
050,50,011,"Vermont","Franklin County",3,13,636,326,310
050,50,011,"Vermont","Franklin County",3,14,634,336,298
050,50,011,"Vermont","Franklin County",3,15,631,325,306
050,50,011,"Vermont","Franklin County",3,16,650,339,311
050,50,011,"Vermont","Franklin County",3,17,642,333,309
050,50,011,"Vermont","Franklin County",3,18,539,293,246
050,50,011,"Vermont","Franklin County",3,19,411,210,201
050,50,011,"Vermont","Franklin County",3,20,492,245,247
050,50,011,"Vermont","Franklin County",3,21,509,262,247
050,50,011,"Vermont","Franklin County",3,22,525,262,263
050,50,011,"Vermont","Franklin County",3,23,555,272,283
050,50,011,"Vermont","Franklin County",3,24,581,284,297
050,50,011,"Vermont","Franklin County",3,25,559,277,282
050,50,011,"Vermont","Franklin County",3,26,622,313,309
050,50,011,"Vermont","Franklin County",3,27,640,326,314
050,50,011,"Vermont","Franklin County",3,28,679,348,331
050,50,011,"Vermont","Franklin County",3,29,672,346,326
050,50,011,"Vermont","Franklin County",3,30,692,346,346
050,50,011,"Vermont","Franklin County",3,31,689,369,320
050,50,011,"Vermont","Franklin County",3,32,715,365,350
050,50,011,"Vermont","Franklin County",3,33,666,341,325
050,50,011,"Vermont","Franklin County",3,34,675,335,340
050,50,011,"Vermont","Franklin County",3,35,663,326,337
050,50,011,"Vermont","Franklin County",3,36,671,328,343
050,50,011,"Vermont","Franklin County",3,37,670,333,337
050,50,011,"Vermont","Franklin County",3,38,668,317,351
050,50,011,"Vermont","Franklin County",3,39,650,308,342
050,50,011,"Vermont","Franklin County",3,40,659,339,320
050,50,011,"Vermont","Franklin County",3,41,676,334,342
050,50,011,"Vermont","Franklin County",3,42,654,316,338
050,50,011,"Vermont","Franklin County",3,43,619,311,308
050,50,011,"Vermont","Franklin County",3,44,597,310,287
050,50,011,"Vermont","Franklin County",3,45,594,312,282
050,50,011,"Vermont","Franklin County",3,46,605,305,300
050,50,011,"Vermont","Franklin County",3,47,607,304,303
050,50,011,"Vermont","Franklin County",3,48,612,315,297
050,50,011,"Vermont","Franklin County",3,49,667,349,318
050,50,011,"Vermont","Franklin County",3,50,713,366,347
050,50,011,"Vermont","Franklin County",3,51,699,348,351
050,50,011,"Vermont","Franklin County",3,52,671,325,346
050,50,011,"Vermont","Franklin County",3,53,665,315,350
050,50,011,"Vermont","Franklin County",3,54,689,346,343
050,50,011,"Vermont","Franklin County",3,55,697,354,343
050,50,011,"Vermont","Franklin County",3,56,716,349,367
050,50,011,"Vermont","Franklin County",3,57,755,383,372
050,50,011,"Vermont","Franklin County",3,58,765,382,383
050,50,011,"Vermont","Franklin County",3,59,796,400,396
050,50,011,"Vermont","Franklin County",3,60,788,407,381
050,50,011,"Vermont","Franklin County",3,61,738,387,351
050,50,011,"Vermont","Franklin County",3,62,726,379,347
050,50,011,"Vermont","Franklin County",3,63,745,367,378
050,50,011,"Vermont","Franklin County",3,64,735,355,380
050,50,011,"Vermont","Franklin County",3,65,673,339,334
050,50,011,"Vermont","Franklin County",3,66,641,332,309
050,50,011,"Vermont","Franklin County",3,67,607,294,313
050,50,011,"Vermont","Franklin County",3,68,591,275,316
050,50,011,"Vermont","Franklin County",3,69,572,268,304
050,50,011,"Vermont","Franklin County",3,70,524,255,269
050,50,011,"Vermont","Franklin County",3,71,495,250,245
050,50,011,"Vermont","Franklin County",3,72,472,236,236
050,50,011,"Vermont","Franklin County",3,73,467,236,231
050,50,011,"Vermont","Franklin County",3,74,475,251,224
050,50,011,"Vermont","Franklin County",3,75,312,159,153
050,50,011,"Vermont","Franklin County",3,76,306,148,158
050,50,011,"Vermont","Franklin County",3,77,321,158,163
050,50,011,"Vermont","Franklin County",3,78,304,148,156
050,50,011,"Vermont","Franklin County",3,79,244,111,133
050,50,011,"Vermont","Franklin County",3,80,199,93,106
050,50,011,"Vermont","Franklin County",3,81,191,90,101
050,50,011,"Vermont","Franklin County",3,82,178,82,96
050,50,011,"Vermont","Franklin County",3,83,171,69,102
050,50,011,"Vermont","Franklin County",3,84,144,61,83
050,50,011,"Vermont","Franklin County",3,85,839,274,565
050,50,011,"Vermont","Franklin County",4,0,556,304,252
050,50,011,"Vermont","Franklin County",4,1,512,269,243
050,50,011,"Vermont","Franklin County",4,2,572,311,261
050,50,011,"Vermont","Franklin County",4,3,576,287,289
050,50,011,"Vermont","Franklin County",4,4,582,295,287
050,50,011,"Vermont","Franklin County",4,5,592,299,293
050,50,011,"Vermont","Franklin County",4,6,620,311,309
050,50,011,"Vermont","Franklin County",4,7,615,303,312
050,50,011,"Vermont","Franklin County",4,8,624,307,317
050,50,011,"Vermont","Franklin County",4,9,633,326,307
050,50,011,"Vermont","Franklin County",4,10,640,330,310
050,50,011,"Vermont","Franklin County",4,11,625,320,305
050,50,011,"Vermont","Franklin County",4,12,645,337,308
050,50,011,"Vermont","Franklin County",4,13,627,340,287
050,50,011,"Vermont","Franklin County",4,14,649,335,314
050,50,011,"Vermont","Franklin County",4,15,620,321,299
050,50,011,"Vermont","Franklin County",4,16,633,321,312
050,50,011,"Vermont","Franklin County",4,17,652,341,311
050,50,011,"Vermont","Franklin County",4,18,533,289,244
050,50,011,"Vermont","Franklin County",4,19,406,212,194
050,50,011,"Vermont","Franklin County",4,20,436,220,216
050,50,011,"Vermont","Franklin County",4,21,513,251,262
050,50,011,"Vermont","Franklin County",4,22,536,268,268
050,50,011,"Vermont","Franklin County",4,23,527,273,254
050,50,011,"Vermont","Franklin County",4,24,543,283,260
050,50,011,"Vermont","Franklin County",4,25,584,269,315
050,50,011,"Vermont","Franklin County",4,26,600,300,300
050,50,011,"Vermont","Franklin County",4,27,627,317,310
050,50,011,"Vermont","Franklin County",4,28,637,316,321
050,50,011,"Vermont","Franklin County",4,29,697,353,344
050,50,011,"Vermont","Franklin County",4,30,684,357,327
050,50,011,"Vermont","Franklin County",4,31,705,348,357
050,50,011,"Vermont","Franklin County",4,32,713,382,331
050,50,011,"Vermont","Franklin County",4,33,718,373,345
050,50,011,"Vermont","Franklin County",4,34,700,358,342
050,50,011,"Vermont","Franklin County",4,35,685,344,341
050,50,011,"Vermont","Franklin County",4,36,670,326,344
050,50,011,"Vermont","Franklin County",4,37,693,343,350
050,50,011,"Vermont","Franklin County",4,38,695,345,350
050,50,011,"Vermont","Franklin County",4,39,696,334,362
050,50,011,"Vermont","Franklin County",4,40,661,307,354
050,50,011,"Vermont","Franklin County",4,41,664,334,330
050,50,011,"Vermont","Franklin County",4,42,671,337,334
050,50,011,"Vermont","Franklin County",4,43,655,315,340
050,50,011,"Vermont","Franklin County",4,44,622,311,311
050,50,011,"Vermont","Franklin County",4,45,611,321,290
050,50,011,"Vermont","Franklin County",4,46,588,321,267
050,50,011,"Vermont","Franklin County",4,47,615,310,305
050,50,011,"Vermont","Franklin County",4,48,601,306,295
050,50,011,"Vermont","Franklin County",4,49,604,307,297
050,50,011,"Vermont","Franklin County",4,50,670,347,323
050,50,011,"Vermont","Franklin County",4,51,699,358,341
050,50,011,"Vermont","Franklin County",4,52,699,350,349
050,50,011,"Vermont","Franklin County",4,53,659,313,346
050,50,011,"Vermont","Franklin County",4,54,648,306,342
050,50,011,"Vermont","Franklin County",4,55,671,332,339
050,50,011,"Vermont","Franklin County",4,56,698,350,348
050,50,011,"Vermont","Franklin County",4,57,720,346,374
050,50,011,"Vermont","Franklin County",4,58,752,382,370
050,50,011,"Vermont","Franklin County",4,59,776,384,392
050,50,011,"Vermont","Franklin County",4,60,794,403,391
050,50,011,"Vermont","Franklin County",4,61,777,406,371
050,50,011,"Vermont","Franklin County",4,62,722,380,342
050,50,011,"Vermont","Franklin County",4,63,722,378,344
050,50,011,"Vermont","Franklin County",4,64,735,354,381
050,50,011,"Vermont","Franklin County",4,65,717,345,372
050,50,011,"Vermont","Franklin County",4,66,679,337,342
050,50,011,"Vermont","Franklin County",4,67,628,324,304
050,50,011,"Vermont","Franklin County",4,68,596,295,301
050,50,011,"Vermont","Franklin County",4,69,586,270,316
050,50,011,"Vermont","Franklin County",4,70,563,260,303
050,50,011,"Vermont","Franklin County",4,71,517,248,269
050,50,011,"Vermont","Franklin County",4,72,488,240,248
050,50,011,"Vermont","Franklin County",4,73,457,230,227
050,50,011,"Vermont","Franklin County",4,74,451,233,218
050,50,011,"Vermont","Franklin County",4,75,459,237,222
050,50,011,"Vermont","Franklin County",4,76,304,154,150
050,50,011,"Vermont","Franklin County",4,77,305,148,157
050,50,011,"Vermont","Franklin County",4,78,301,145,156
050,50,011,"Vermont","Franklin County",4,79,289,140,149
050,50,011,"Vermont","Franklin County",4,80,224,99,125
050,50,011,"Vermont","Franklin County",4,81,206,95,111
050,50,011,"Vermont","Franklin County",4,82,162,78,84
050,50,011,"Vermont","Franklin County",4,83,175,75,100
050,50,011,"Vermont","Franklin County",4,84,153,57,96
050,50,011,"Vermont","Franklin County",4,85,854,287,567
050,50,011,"Vermont","Franklin County",5,0,533,293,240
050,50,011,"Vermont","Franklin County",5,1,574,314,260
050,50,011,"Vermont","Franklin County",5,2,515,269,246
050,50,011,"Vermont","Franklin County",5,3,587,322,265
050,50,011,"Vermont","Franklin County",5,4,579,289,290
050,50,011,"Vermont","Franklin County",5,5,583,286,297
050,50,011,"Vermont","Franklin County",5,6,602,299,303
050,50,011,"Vermont","Franklin County",5,7,620,309,311
050,50,011,"Vermont","Franklin County",5,8,604,298,306
050,50,011,"Vermont","Franklin County",5,9,622,311,311
050,50,011,"Vermont","Franklin County",5,10,632,332,300
050,50,011,"Vermont","Franklin County",5,11,654,343,311
050,50,011,"Vermont","Franklin County",5,12,626,323,303
050,50,011,"Vermont","Franklin County",5,13,647,338,309
050,50,011,"Vermont","Franklin County",5,14,628,336,292
050,50,011,"Vermont","Franklin County",5,15,639,334,305
050,50,011,"Vermont","Franklin County",5,16,628,330,298
050,50,011,"Vermont","Franklin County",5,17,622,312,310
050,50,011,"Vermont","Franklin County",5,18,538,288,250
050,50,011,"Vermont","Franklin County",5,19,409,214,195
050,50,011,"Vermont","Franklin County",5,20,437,225,212
050,50,011,"Vermont","Franklin County",5,21,462,235,227
050,50,011,"Vermont","Franklin County",5,22,522,254,268
050,50,011,"Vermont","Franklin County",5,23,527,266,261
050,50,011,"Vermont","Franklin County",5,24,526,269,257
050,50,011,"Vermont","Franklin County",5,25,574,291,283
050,50,011,"Vermont","Franklin County",5,26,614,276,338
050,50,011,"Vermont","Franklin County",5,27,617,302,315
050,50,011,"Vermont","Franklin County",5,28,645,317,328
050,50,011,"Vermont","Franklin County",5,29,649,321,328
050,50,011,"Vermont","Franklin County",5,30,735,371,364
050,50,011,"Vermont","Franklin County",5,31,709,366,343
050,50,011,"Vermont","Franklin County",5,32,722,354,368
050,50,011,"Vermont","Franklin County",5,33,725,389,336
050,50,011,"Vermont","Franklin County",5,34,736,381,355
050,50,011,"Vermont","Franklin County",5,35,720,370,350
050,50,011,"Vermont","Franklin County",5,36,690,349,341
050,50,011,"Vermont","Franklin County",5,37,682,338,344
050,50,011,"Vermont","Franklin County",5,38,698,348,350
050,50,011,"Vermont","Franklin County",5,39,706,359,347
050,50,011,"Vermont","Franklin County",5,40,697,332,365
050,50,011,"Vermont","Franklin County",5,41,669,312,357
050,50,011,"Vermont","Franklin County",5,42,668,337,331
050,50,011,"Vermont","Franklin County",5,43,681,345,336
050,50,011,"Vermont","Franklin County",5,44,658,315,343
050,50,011,"Vermont","Franklin County",5,45,628,318,310
050,50,011,"Vermont","Franklin County",5,46,614,329,285
050,50,011,"Vermont","Franklin County",5,47,587,323,264
050,50,011,"Vermont","Franklin County",5,48,608,302,306
050,50,011,"Vermont","Franklin County",5,49,589,301,288
050,50,011,"Vermont","Franklin County",5,50,593,303,290
050,50,011,"Vermont","Franklin County",5,51,683,355,328
050,50,011,"Vermont","Franklin County",5,52,680,350,330
050,50,011,"Vermont","Franklin County",5,53,689,352,337
050,50,011,"Vermont","Franklin County",5,54,653,310,343
050,50,011,"Vermont","Franklin County",5,55,655,308,347
050,50,011,"Vermont","Franklin County",5,56,656,327,329
050,50,011,"Vermont","Franklin County",5,57,692,345,347
050,50,011,"Vermont","Franklin County",5,58,722,345,377
050,50,011,"Vermont","Franklin County",5,59,765,384,381
050,50,011,"Vermont","Franklin County",5,60,761,383,378
050,50,011,"Vermont","Franklin County",5,61,783,398,385
050,50,011,"Vermont","Franklin County",5,62,765,393,372
050,50,011,"Vermont","Franklin County",5,63,719,379,340
050,50,011,"Vermont","Franklin County",5,64,727,378,349
050,50,011,"Vermont","Franklin County",5,65,713,342,371
050,50,011,"Vermont","Franklin County",5,66,718,345,373
050,50,011,"Vermont","Franklin County",5,67,664,326,338
050,50,011,"Vermont","Franklin County",5,68,619,316,303
050,50,011,"Vermont","Franklin County",5,69,592,286,306
050,50,011,"Vermont","Franklin County",5,70,569,267,302
050,50,011,"Vermont","Franklin County",5,71,570,264,306
050,50,011,"Vermont","Franklin County",5,72,512,243,269
050,50,011,"Vermont","Franklin County",5,73,473,236,237
050,50,011,"Vermont","Franklin County",5,74,444,226,218
050,50,011,"Vermont","Franklin County",5,75,440,220,220
050,50,011,"Vermont","Franklin County",5,76,444,226,218
050,50,011,"Vermont","Franklin County",5,77,304,153,151
050,50,011,"Vermont","Franklin County",5,78,293,138,155
050,50,011,"Vermont","Franklin County",5,79,286,133,153
050,50,011,"Vermont","Franklin County",5,80,269,128,141
050,50,011,"Vermont","Franklin County",5,81,229,102,127
050,50,011,"Vermont","Franklin County",5,82,174,80,94
050,50,011,"Vermont","Franklin County",5,83,162,71,91
050,50,011,"Vermont","Franklin County",5,84,162,66,96
050,50,011,"Vermont","Franklin County",5,85,877,293,584
050,50,013,"Vermont","Grand Isle County",1,0,64,34,30
050,50,013,"Vermont","Grand Isle County",1,1,65,35,30
050,50,013,"Vermont","Grand Isle County",1,2,61,27,34
050,50,013,"Vermont","Grand Isle County",1,3,59,27,32
050,50,013,"Vermont","Grand Isle County",1,4,68,37,31
050,50,013,"Vermont","Grand Isle County",1,5,63,32,31
050,50,013,"Vermont","Grand Isle County",1,6,63,29,34
050,50,013,"Vermont","Grand Isle County",1,7,66,34,32
050,50,013,"Vermont","Grand Isle County",1,8,73,36,37
050,50,013,"Vermont","Grand Isle County",1,9,69,35,34
050,50,013,"Vermont","Grand Isle County",1,10,86,50,36
050,50,013,"Vermont","Grand Isle County",1,11,87,48,39
050,50,013,"Vermont","Grand Isle County",1,12,74,35,39
050,50,013,"Vermont","Grand Isle County",1,13,69,38,31
050,50,013,"Vermont","Grand Isle County",1,14,73,36,37
050,50,013,"Vermont","Grand Isle County",1,15,86,47,39
050,50,013,"Vermont","Grand Isle County",1,16,80,38,42
050,50,013,"Vermont","Grand Isle County",1,17,88,46,42
050,50,013,"Vermont","Grand Isle County",1,18,70,39,31
050,50,013,"Vermont","Grand Isle County",1,19,57,31,26
050,50,013,"Vermont","Grand Isle County",1,20,65,36,29
050,50,013,"Vermont","Grand Isle County",1,21,65,38,27
050,50,013,"Vermont","Grand Isle County",1,22,59,35,24
050,50,013,"Vermont","Grand Isle County",1,23,69,37,32
050,50,013,"Vermont","Grand Isle County",1,24,79,42,37
050,50,013,"Vermont","Grand Isle County",1,25,68,37,31
050,50,013,"Vermont","Grand Isle County",1,26,64,32,32
050,50,013,"Vermont","Grand Isle County",1,27,69,30,39
050,50,013,"Vermont","Grand Isle County",1,28,73,36,37
050,50,013,"Vermont","Grand Isle County",1,29,82,42,40
050,50,013,"Vermont","Grand Isle County",1,30,95,55,40
050,50,013,"Vermont","Grand Isle County",1,31,72,40,32
050,50,013,"Vermont","Grand Isle County",1,32,102,51,51
050,50,013,"Vermont","Grand Isle County",1,33,92,54,38
050,50,013,"Vermont","Grand Isle County",1,34,88,42,46
050,50,013,"Vermont","Grand Isle County",1,35,76,38,38
050,50,013,"Vermont","Grand Isle County",1,36,81,38,43
050,50,013,"Vermont","Grand Isle County",1,37,79,35,44
050,50,013,"Vermont","Grand Isle County",1,38,79,41,38
050,50,013,"Vermont","Grand Isle County",1,39,81,40,41
050,50,013,"Vermont","Grand Isle County",1,40,88,38,50
050,50,013,"Vermont","Grand Isle County",1,41,76,38,38
050,50,013,"Vermont","Grand Isle County",1,42,77,41,36
050,50,013,"Vermont","Grand Isle County",1,43,80,44,36
050,50,013,"Vermont","Grand Isle County",1,44,78,38,40
050,50,013,"Vermont","Grand Isle County",1,45,80,38,42
050,50,013,"Vermont","Grand Isle County",1,46,70,36,34
050,50,013,"Vermont","Grand Isle County",1,47,70,32,38
050,50,013,"Vermont","Grand Isle County",1,48,90,41,49
050,50,013,"Vermont","Grand Isle County",1,49,99,46,53
050,50,013,"Vermont","Grand Isle County",1,50,98,52,46
050,50,013,"Vermont","Grand Isle County",1,51,103,56,47
050,50,013,"Vermont","Grand Isle County",1,52,115,61,54
050,50,013,"Vermont","Grand Isle County",1,53,110,56,54
050,50,013,"Vermont","Grand Isle County",1,54,127,64,63
050,50,013,"Vermont","Grand Isle County",1,55,131,63,68
050,50,013,"Vermont","Grand Isle County",1,56,130,62,68
050,50,013,"Vermont","Grand Isle County",1,57,139,67,72
050,50,013,"Vermont","Grand Isle County",1,58,133,67,66
050,50,013,"Vermont","Grand Isle County",1,59,137,67,70
050,50,013,"Vermont","Grand Isle County",1,60,145,78,67
050,50,013,"Vermont","Grand Isle County",1,61,163,87,76
050,50,013,"Vermont","Grand Isle County",1,62,147,80,67
050,50,013,"Vermont","Grand Isle County",1,63,142,75,67
050,50,013,"Vermont","Grand Isle County",1,64,132,70,62
050,50,013,"Vermont","Grand Isle County",1,65,137,66,71
050,50,013,"Vermont","Grand Isle County",1,66,138,74,64
050,50,013,"Vermont","Grand Isle County",1,67,122,61,61
050,50,013,"Vermont","Grand Isle County",1,68,127,64,63
050,50,013,"Vermont","Grand Isle County",1,69,108,59,49
050,50,013,"Vermont","Grand Isle County",1,70,108,61,47
050,50,013,"Vermont","Grand Isle County",1,71,98,49,49
050,50,013,"Vermont","Grand Isle County",1,72,95,47,48
050,50,013,"Vermont","Grand Isle County",1,73,95,52,43
050,50,013,"Vermont","Grand Isle County",1,74,65,35,30
050,50,013,"Vermont","Grand Isle County",1,75,58,32,26
050,50,013,"Vermont","Grand Isle County",1,76,52,27,25
050,50,013,"Vermont","Grand Isle County",1,77,58,33,25
050,50,013,"Vermont","Grand Isle County",1,78,46,25,21
050,50,013,"Vermont","Grand Isle County",1,79,36,18,18
050,50,013,"Vermont","Grand Isle County",1,80,29,13,16
050,50,013,"Vermont","Grand Isle County",1,81,37,12,25
050,50,013,"Vermont","Grand Isle County",1,82,29,14,15
050,50,013,"Vermont","Grand Isle County",1,83,20,9,11
050,50,013,"Vermont","Grand Isle County",1,84,19,11,8
050,50,013,"Vermont","Grand Isle County",1,85,95,46,49
050,50,013,"Vermont","Grand Isle County",2,0,63,33,30
050,50,013,"Vermont","Grand Isle County",2,1,62,33,29
050,50,013,"Vermont","Grand Isle County",2,2,61,29,32
050,50,013,"Vermont","Grand Isle County",2,3,59,27,32
050,50,013,"Vermont","Grand Isle County",2,4,65,35,30
050,50,013,"Vermont","Grand Isle County",2,5,64,33,31
050,50,013,"Vermont","Grand Isle County",2,6,63,30,33
050,50,013,"Vermont","Grand Isle County",2,7,64,32,32
050,50,013,"Vermont","Grand Isle County",2,8,70,35,35
050,50,013,"Vermont","Grand Isle County",2,9,70,35,35
050,50,013,"Vermont","Grand Isle County",2,10,83,47,36
050,50,013,"Vermont","Grand Isle County",2,11,86,48,38
050,50,013,"Vermont","Grand Isle County",2,12,77,39,38
050,50,013,"Vermont","Grand Isle County",2,13,71,38,33
050,50,013,"Vermont","Grand Isle County",2,14,73,38,35
050,50,013,"Vermont","Grand Isle County",2,15,81,44,37
050,50,013,"Vermont","Grand Isle County",2,16,82,40,42
050,50,013,"Vermont","Grand Isle County",2,17,85,44,41
050,50,013,"Vermont","Grand Isle County",2,18,70,38,32
050,50,013,"Vermont","Grand Isle County",2,19,57,32,25
050,50,013,"Vermont","Grand Isle County",2,20,64,35,29
050,50,013,"Vermont","Grand Isle County",2,21,65,37,28
050,50,013,"Vermont","Grand Isle County",2,22,61,37,24
050,50,013,"Vermont","Grand Isle County",2,23,68,36,32
050,50,013,"Vermont","Grand Isle County",2,24,75,40,35
050,50,013,"Vermont","Grand Isle County",2,25,72,40,32
050,50,013,"Vermont","Grand Isle County",2,26,66,33,33
050,50,013,"Vermont","Grand Isle County",2,27,68,31,37
050,50,013,"Vermont","Grand Isle County",2,28,75,35,40
050,50,013,"Vermont","Grand Isle County",2,29,81,41,40
050,50,013,"Vermont","Grand Isle County",2,30,92,53,39
050,50,013,"Vermont","Grand Isle County",2,31,79,44,35
050,50,013,"Vermont","Grand Isle County",2,32,94,48,46
050,50,013,"Vermont","Grand Isle County",2,33,93,52,41
050,50,013,"Vermont","Grand Isle County",2,34,88,45,43
050,50,013,"Vermont","Grand Isle County",2,35,78,38,40
050,50,013,"Vermont","Grand Isle County",2,36,79,37,42
050,50,013,"Vermont","Grand Isle County",2,37,81,36,45
050,50,013,"Vermont","Grand Isle County",2,38,76,38,38
050,50,013,"Vermont","Grand Isle County",2,39,80,40,40
050,50,013,"Vermont","Grand Isle County",2,40,86,38,48
050,50,013,"Vermont","Grand Isle County",2,41,79,38,41
050,50,013,"Vermont","Grand Isle County",2,42,76,39,37
050,50,013,"Vermont","Grand Isle County",2,43,79,43,36
050,50,013,"Vermont","Grand Isle County",2,44,77,38,39
050,50,013,"Vermont","Grand Isle County",2,45,81,38,43
050,50,013,"Vermont","Grand Isle County",2,46,71,35,36
050,50,013,"Vermont","Grand Isle County",2,47,68,31,37
050,50,013,"Vermont","Grand Isle County",2,48,86,39,47
050,50,013,"Vermont","Grand Isle County",2,49,99,45,54
050,50,013,"Vermont","Grand Isle County",2,50,99,51,48
050,50,013,"Vermont","Grand Isle County",2,51,102,55,47
050,50,013,"Vermont","Grand Isle County",2,52,113,60,53
050,50,013,"Vermont","Grand Isle County",2,53,112,58,54
050,50,013,"Vermont","Grand Isle County",2,54,125,63,62
050,50,013,"Vermont","Grand Isle County",2,55,131,63,68
050,50,013,"Vermont","Grand Isle County",2,56,131,62,69
050,50,013,"Vermont","Grand Isle County",2,57,136,66,70
050,50,013,"Vermont","Grand Isle County",2,58,135,67,68
050,50,013,"Vermont","Grand Isle County",2,59,137,68,69
050,50,013,"Vermont","Grand Isle County",2,60,143,75,68
050,50,013,"Vermont","Grand Isle County",2,61,159,84,75
050,50,013,"Vermont","Grand Isle County",2,62,149,80,69
050,50,013,"Vermont","Grand Isle County",2,63,144,76,68
050,50,013,"Vermont","Grand Isle County",2,64,135,71,64
050,50,013,"Vermont","Grand Isle County",2,65,137,68,69
050,50,013,"Vermont","Grand Isle County",2,66,137,72,65
050,50,013,"Vermont","Grand Isle County",2,67,126,64,62
050,50,013,"Vermont","Grand Isle County",2,68,123,63,60
050,50,013,"Vermont","Grand Isle County",2,69,112,59,53
050,50,013,"Vermont","Grand Isle County",2,70,104,60,44
050,50,013,"Vermont","Grand Isle County",2,71,100,52,48
050,50,013,"Vermont","Grand Isle County",2,72,91,45,46
050,50,013,"Vermont","Grand Isle County",2,73,100,53,47
050,50,013,"Vermont","Grand Isle County",2,74,68,37,31
050,50,013,"Vermont","Grand Isle County",2,75,59,32,27
050,50,013,"Vermont","Grand Isle County",2,76,52,28,24
050,50,013,"Vermont","Grand Isle County",2,77,58,33,25
050,50,013,"Vermont","Grand Isle County",2,78,49,27,22
050,50,013,"Vermont","Grand Isle County",2,79,37,19,18
050,50,013,"Vermont","Grand Isle County",2,80,31,14,17
050,50,013,"Vermont","Grand Isle County",2,81,34,12,22
050,50,013,"Vermont","Grand Isle County",2,82,28,13,15
050,50,013,"Vermont","Grand Isle County",2,83,22,10,12
050,50,013,"Vermont","Grand Isle County",2,84,19,10,9
050,50,013,"Vermont","Grand Isle County",2,85,95,49,46
050,50,013,"Vermont","Grand Isle County",3,0,68,38,30
050,50,013,"Vermont","Grand Isle County",3,1,61,30,31
050,50,013,"Vermont","Grand Isle County",3,2,63,34,29
050,50,013,"Vermont","Grand Isle County",3,3,69,33,36
050,50,013,"Vermont","Grand Isle County",3,4,64,29,35
050,50,013,"Vermont","Grand Isle County",3,5,68,37,31
050,50,013,"Vermont","Grand Isle County",3,6,65,34,31
050,50,013,"Vermont","Grand Isle County",3,7,65,30,35
050,50,013,"Vermont","Grand Isle County",3,8,62,34,28
050,50,013,"Vermont","Grand Isle County",3,9,71,35,36
050,50,013,"Vermont","Grand Isle County",3,10,75,37,38
050,50,013,"Vermont","Grand Isle County",3,11,85,47,38
050,50,013,"Vermont","Grand Isle County",3,12,84,48,36
050,50,013,"Vermont","Grand Isle County",3,13,81,42,39
050,50,013,"Vermont","Grand Isle County",3,14,68,36,32
050,50,013,"Vermont","Grand Isle County",3,15,76,40,36
050,50,013,"Vermont","Grand Isle County",3,16,83,48,35
050,50,013,"Vermont","Grand Isle County",3,17,85,45,40
050,50,013,"Vermont","Grand Isle County",3,18,75,37,38
050,50,013,"Vermont","Grand Isle County",3,19,55,30,25
050,50,013,"Vermont","Grand Isle County",3,20,69,38,31
050,50,013,"Vermont","Grand Isle County",3,21,67,37,30
050,50,013,"Vermont","Grand Isle County",3,22,68,36,32
050,50,013,"Vermont","Grand Isle County",3,23,69,37,32
050,50,013,"Vermont","Grand Isle County",3,24,61,32,29
050,50,013,"Vermont","Grand Isle County",3,25,88,54,34
050,50,013,"Vermont","Grand Isle County",3,26,71,43,28
050,50,013,"Vermont","Grand Isle County",3,27,61,29,32
050,50,013,"Vermont","Grand Isle County",3,28,74,32,42
050,50,013,"Vermont","Grand Isle County",3,29,81,34,47
050,50,013,"Vermont","Grand Isle County",3,30,84,41,43
050,50,013,"Vermont","Grand Isle County",3,31,106,59,47
050,50,013,"Vermont","Grand Isle County",3,32,75,43,32
050,50,013,"Vermont","Grand Isle County",3,33,102,53,49
050,50,013,"Vermont","Grand Isle County",3,34,100,54,46
050,50,013,"Vermont","Grand Isle County",3,35,86,46,40
050,50,013,"Vermont","Grand Isle County",3,36,83,42,41
050,50,013,"Vermont","Grand Isle County",3,37,84,41,43
050,50,013,"Vermont","Grand Isle County",3,38,82,36,46
050,50,013,"Vermont","Grand Isle County",3,39,81,43,38
050,50,013,"Vermont","Grand Isle County",3,40,81,42,39
050,50,013,"Vermont","Grand Isle County",3,41,87,37,50
050,50,013,"Vermont","Grand Isle County",3,42,81,41,40
050,50,013,"Vermont","Grand Isle County",3,43,77,39,38
050,50,013,"Vermont","Grand Isle County",3,44,88,48,40
050,50,013,"Vermont","Grand Isle County",3,45,85,43,42
050,50,013,"Vermont","Grand Isle County",3,46,87,40,47
050,50,013,"Vermont","Grand Isle County",3,47,81,42,39
050,50,013,"Vermont","Grand Isle County",3,48,71,30,41
050,50,013,"Vermont","Grand Isle County",3,49,85,40,45
050,50,013,"Vermont","Grand Isle County",3,50,108,52,56
050,50,013,"Vermont","Grand Isle County",3,51,97,47,50
050,50,013,"Vermont","Grand Isle County",3,52,109,55,54
050,50,013,"Vermont","Grand Isle County",3,53,113,58,55
050,50,013,"Vermont","Grand Isle County",3,54,103,55,48
050,50,013,"Vermont","Grand Isle County",3,55,126,60,66
050,50,013,"Vermont","Grand Isle County",3,56,138,69,69
050,50,013,"Vermont","Grand Isle County",3,57,130,63,67
050,50,013,"Vermont","Grand Isle County",3,58,145,70,75
050,50,013,"Vermont","Grand Isle County",3,59,134,70,64
050,50,013,"Vermont","Grand Isle County",3,60,137,65,72
050,50,013,"Vermont","Grand Isle County",3,61,141,74,67
050,50,013,"Vermont","Grand Isle County",3,62,160,84,76
050,50,013,"Vermont","Grand Isle County",3,63,152,82,70
050,50,013,"Vermont","Grand Isle County",3,64,142,75,67
050,50,013,"Vermont","Grand Isle County",3,65,133,65,68
050,50,013,"Vermont","Grand Isle County",3,66,138,71,67
050,50,013,"Vermont","Grand Isle County",3,67,136,72,64
050,50,013,"Vermont","Grand Isle County",3,68,120,60,60
050,50,013,"Vermont","Grand Isle County",3,69,124,62,62
050,50,013,"Vermont","Grand Isle County",3,70,111,60,51
050,50,013,"Vermont","Grand Isle County",3,71,102,57,45
050,50,013,"Vermont","Grand Isle County",3,72,94,48,46
050,50,013,"Vermont","Grand Isle County",3,73,91,43,48
050,50,013,"Vermont","Grand Isle County",3,74,95,49,46
050,50,013,"Vermont","Grand Isle County",3,75,66,35,31
050,50,013,"Vermont","Grand Isle County",3,76,55,29,26
050,50,013,"Vermont","Grand Isle County",3,77,51,25,26
050,50,013,"Vermont","Grand Isle County",3,78,63,36,27
050,50,013,"Vermont","Grand Isle County",3,79,47,27,20
050,50,013,"Vermont","Grand Isle County",3,80,33,14,19
050,50,013,"Vermont","Grand Isle County",3,81,29,15,14
050,50,013,"Vermont","Grand Isle County",3,82,28,10,18
050,50,013,"Vermont","Grand Isle County",3,83,26,12,14
050,50,013,"Vermont","Grand Isle County",3,84,21,10,11
050,50,013,"Vermont","Grand Isle County",3,85,92,47,45
050,50,013,"Vermont","Grand Isle County",4,0,64,38,26
050,50,013,"Vermont","Grand Isle County",4,1,76,40,36
050,50,013,"Vermont","Grand Isle County",4,2,64,32,32
050,50,013,"Vermont","Grand Isle County",4,3,62,36,26
050,50,013,"Vermont","Grand Isle County",4,4,70,33,37
050,50,013,"Vermont","Grand Isle County",4,5,66,30,36
050,50,013,"Vermont","Grand Isle County",4,6,77,41,36
050,50,013,"Vermont","Grand Isle County",4,7,70,36,34
050,50,013,"Vermont","Grand Isle County",4,8,64,29,35
050,50,013,"Vermont","Grand Isle County",4,9,67,37,30
050,50,013,"Vermont","Grand Isle County",4,10,69,36,33
050,50,013,"Vermont","Grand Isle County",4,11,74,38,36
050,50,013,"Vermont","Grand Isle County",4,12,81,46,35
050,50,013,"Vermont","Grand Isle County",4,13,85,42,43
050,50,013,"Vermont","Grand Isle County",4,14,75,39,36
050,50,013,"Vermont","Grand Isle County",4,15,73,41,32
050,50,013,"Vermont","Grand Isle County",4,16,74,41,33
050,50,013,"Vermont","Grand Isle County",4,17,87,52,35
050,50,013,"Vermont","Grand Isle County",4,18,69,35,34
050,50,013,"Vermont","Grand Isle County",4,19,55,31,24
050,50,013,"Vermont","Grand Isle County",4,20,51,24,27
050,50,013,"Vermont","Grand Isle County",4,21,70,40,30
050,50,013,"Vermont","Grand Isle County",4,22,67,34,33
050,50,013,"Vermont","Grand Isle County",4,23,67,33,34
050,50,013,"Vermont","Grand Isle County",4,24,72,42,30
050,50,013,"Vermont","Grand Isle County",4,25,75,39,36
050,50,013,"Vermont","Grand Isle County",4,26,74,46,28
050,50,013,"Vermont","Grand Isle County",4,27,66,44,22
050,50,013,"Vermont","Grand Isle County",4,28,62,27,35
050,50,013,"Vermont","Grand Isle County",4,29,70,29,41
050,50,013,"Vermont","Grand Isle County",4,30,80,34,46
050,50,013,"Vermont","Grand Isle County",4,31,96,44,52
050,50,013,"Vermont","Grand Isle County",4,32,102,57,45
050,50,013,"Vermont","Grand Isle County",4,33,75,46,29
050,50,013,"Vermont","Grand Isle County",4,34,103,54,49
050,50,013,"Vermont","Grand Isle County",4,35,104,54,50
050,50,013,"Vermont","Grand Isle County",4,36,96,51,45
050,50,013,"Vermont","Grand Isle County",4,37,84,42,42
050,50,013,"Vermont","Grand Isle County",4,38,87,41,46
050,50,013,"Vermont","Grand Isle County",4,39,90,41,49
050,50,013,"Vermont","Grand Isle County",4,40,85,44,41
050,50,013,"Vermont","Grand Isle County",4,41,72,38,34
050,50,013,"Vermont","Grand Isle County",4,42,90,44,46
050,50,013,"Vermont","Grand Isle County",4,43,81,41,40
050,50,013,"Vermont","Grand Isle County",4,44,76,37,39
050,50,013,"Vermont","Grand Isle County",4,45,95,53,42
050,50,013,"Vermont","Grand Isle County",4,46,94,48,46
050,50,013,"Vermont","Grand Isle County",4,47,91,40,51
050,50,013,"Vermont","Grand Isle County",4,48,76,37,39
050,50,013,"Vermont","Grand Isle County",4,49,72,35,37
050,50,013,"Vermont","Grand Isle County",4,50,81,39,42
050,50,013,"Vermont","Grand Isle County",4,51,108,54,54
050,50,013,"Vermont","Grand Isle County",4,52,100,51,49
050,50,013,"Vermont","Grand Isle County",4,53,107,57,50
050,50,013,"Vermont","Grand Isle County",4,54,116,60,56
050,50,013,"Vermont","Grand Isle County",4,55,103,51,52
050,50,013,"Vermont","Grand Isle County",4,56,125,62,63
050,50,013,"Vermont","Grand Isle County",4,57,135,73,62
050,50,013,"Vermont","Grand Isle County",4,58,134,63,71
050,50,013,"Vermont","Grand Isle County",4,59,151,72,79
050,50,013,"Vermont","Grand Isle County",4,60,141,73,68
050,50,013,"Vermont","Grand Isle County",4,61,137,64,73
050,50,013,"Vermont","Grand Isle County",4,62,139,74,65
050,50,013,"Vermont","Grand Isle County",4,63,172,90,82
050,50,013,"Vermont","Grand Isle County",4,64,157,80,77
050,50,013,"Vermont","Grand Isle County",4,65,143,71,72
050,50,013,"Vermont","Grand Isle County",4,66,130,65,65
050,50,013,"Vermont","Grand Isle County",4,67,135,69,66
050,50,013,"Vermont","Grand Isle County",4,68,134,73,61
050,50,013,"Vermont","Grand Isle County",4,69,126,63,63
050,50,013,"Vermont","Grand Isle County",4,70,122,59,63
050,50,013,"Vermont","Grand Isle County",4,71,110,59,51
050,50,013,"Vermont","Grand Isle County",4,72,101,56,45
050,50,013,"Vermont","Grand Isle County",4,73,98,47,51
050,50,013,"Vermont","Grand Isle County",4,74,91,44,47
050,50,013,"Vermont","Grand Isle County",4,75,97,48,49
050,50,013,"Vermont","Grand Isle County",4,76,64,36,28
050,50,013,"Vermont","Grand Isle County",4,77,54,27,27
050,50,013,"Vermont","Grand Isle County",4,78,47,26,21
050,50,013,"Vermont","Grand Isle County",4,79,57,34,23
050,50,013,"Vermont","Grand Isle County",4,80,41,25,16
050,50,013,"Vermont","Grand Isle County",4,81,31,13,18
050,50,013,"Vermont","Grand Isle County",4,82,28,13,15
050,50,013,"Vermont","Grand Isle County",4,83,21,9,12
050,50,013,"Vermont","Grand Isle County",4,84,25,12,13
050,50,013,"Vermont","Grand Isle County",4,85,84,36,48
050,50,013,"Vermont","Grand Isle County",5,0,61,37,24
050,50,013,"Vermont","Grand Isle County",5,1,64,39,25
050,50,013,"Vermont","Grand Isle County",5,2,68,38,30
050,50,013,"Vermont","Grand Isle County",5,3,72,34,38
050,50,013,"Vermont","Grand Isle County",5,4,63,34,29
050,50,013,"Vermont","Grand Isle County",5,5,73,35,38
050,50,013,"Vermont","Grand Isle County",5,6,63,30,33
050,50,013,"Vermont","Grand Isle County",5,7,83,50,33
050,50,013,"Vermont","Grand Isle County",5,8,67,33,34
050,50,013,"Vermont","Grand Isle County",5,9,62,29,33
050,50,013,"Vermont","Grand Isle County",5,10,64,36,28
050,50,013,"Vermont","Grand Isle County",5,11,72,35,37
050,50,013,"Vermont","Grand Isle County",5,12,76,39,37
050,50,013,"Vermont","Grand Isle County",5,13,76,43,33
050,50,013,"Vermont","Grand Isle County",5,14,84,41,43
050,50,013,"Vermont","Grand Isle County",5,15,80,38,42
050,50,013,"Vermont","Grand Isle County",5,16,71,40,31
050,50,013,"Vermont","Grand Isle County",5,17,74,42,32
050,50,013,"Vermont","Grand Isle County",5,18,68,41,27
050,50,013,"Vermont","Grand Isle County",5,19,56,31,25
050,50,013,"Vermont","Grand Isle County",5,20,74,37,37
050,50,013,"Vermont","Grand Isle County",5,21,56,32,24
050,50,013,"Vermont","Grand Isle County",5,22,73,42,31
050,50,013,"Vermont","Grand Isle County",5,23,61,33,28
050,50,013,"Vermont","Grand Isle County",5,24,77,40,37
050,50,013,"Vermont","Grand Isle County",5,25,60,32,28
050,50,013,"Vermont","Grand Isle County",5,26,69,37,32
050,50,013,"Vermont","Grand Isle County",5,27,80,45,35
050,50,013,"Vermont","Grand Isle County",5,28,65,44,21
050,50,013,"Vermont","Grand Isle County",5,29,69,32,37
050,50,013,"Vermont","Grand Isle County",5,30,62,25,37
050,50,013,"Vermont","Grand Isle County",5,31,83,38,45
050,50,013,"Vermont","Grand Isle County",5,32,87,41,46
050,50,013,"Vermont","Grand Isle County",5,33,99,54,45
050,50,013,"Vermont","Grand Isle County",5,34,83,52,31
050,50,013,"Vermont","Grand Isle County",5,35,96,50,46
050,50,013,"Vermont","Grand Isle County",5,36,102,54,48
050,50,013,"Vermont","Grand Isle County",5,37,83,43,40
050,50,013,"Vermont","Grand Isle County",5,38,80,39,41
050,50,013,"Vermont","Grand Isle County",5,39,87,40,47
050,50,013,"Vermont","Grand Isle County",5,40,83,39,44
050,50,013,"Vermont","Grand Isle County",5,41,80,39,41
050,50,013,"Vermont","Grand Isle County",5,42,74,37,37
050,50,013,"Vermont","Grand Isle County",5,43,87,40,47
050,50,013,"Vermont","Grand Isle County",5,44,84,41,43
050,50,013,"Vermont","Grand Isle County",5,45,81,41,40
050,50,013,"Vermont","Grand Isle County",5,46,98,56,42
050,50,013,"Vermont","Grand Isle County",5,47,91,48,43
050,50,013,"Vermont","Grand Isle County",5,48,89,40,49
050,50,013,"Vermont","Grand Isle County",5,49,79,38,41
050,50,013,"Vermont","Grand Isle County",5,50,75,38,37
050,50,013,"Vermont","Grand Isle County",5,51,79,38,41
050,50,013,"Vermont","Grand Isle County",5,52,118,58,60
050,50,013,"Vermont","Grand Isle County",5,53,98,50,48
050,50,013,"Vermont","Grand Isle County",5,54,103,55,48
050,50,013,"Vermont","Grand Isle County",5,55,112,57,55
050,50,013,"Vermont","Grand Isle County",5,56,111,50,61
050,50,013,"Vermont","Grand Isle County",5,57,126,64,62
050,50,013,"Vermont","Grand Isle County",5,58,138,76,62
050,50,013,"Vermont","Grand Isle County",5,59,136,67,69
050,50,013,"Vermont","Grand Isle County",5,60,155,72,83
050,50,013,"Vermont","Grand Isle County",5,61,144,73,71
050,50,013,"Vermont","Grand Isle County",5,62,143,63,80
050,50,013,"Vermont","Grand Isle County",5,63,145,75,70
050,50,013,"Vermont","Grand Isle County",5,64,159,82,77
050,50,013,"Vermont","Grand Isle County",5,65,161,80,81
050,50,013,"Vermont","Grand Isle County",5,66,148,77,71
050,50,013,"Vermont","Grand Isle County",5,67,125,66,59
050,50,013,"Vermont","Grand Isle County",5,68,135,69,66
050,50,013,"Vermont","Grand Isle County",5,69,137,76,61
050,50,013,"Vermont","Grand Isle County",5,70,122,58,64
050,50,013,"Vermont","Grand Isle County",5,71,123,62,61
050,50,013,"Vermont","Grand Isle County",5,72,110,57,53
050,50,013,"Vermont","Grand Isle County",5,73,94,52,42
050,50,013,"Vermont","Grand Isle County",5,74,96,46,50
050,50,013,"Vermont","Grand Isle County",5,75,86,41,45
050,50,013,"Vermont","Grand Isle County",5,76,95,46,49
050,50,013,"Vermont","Grand Isle County",5,77,57,32,25
050,50,013,"Vermont","Grand Isle County",5,78,55,29,26
050,50,013,"Vermont","Grand Isle County",5,79,48,26,22
050,50,013,"Vermont","Grand Isle County",5,80,50,33,17
050,50,013,"Vermont","Grand Isle County",5,81,39,26,13
050,50,013,"Vermont","Grand Isle County",5,82,30,11,19
050,50,013,"Vermont","Grand Isle County",5,83,20,13,7
050,50,013,"Vermont","Grand Isle County",5,84,25,9,16
050,50,013,"Vermont","Grand Isle County",5,85,80,31,49
050,50,015,"Vermont","Lamoille County",1,0,244,124,120
050,50,015,"Vermont","Lamoille County",1,1,245,118,127
050,50,015,"Vermont","Lamoille County",1,2,244,114,130
050,50,015,"Vermont","Lamoille County",1,3,257,123,134
050,50,015,"Vermont","Lamoille County",1,4,281,140,141
050,50,015,"Vermont","Lamoille County",1,5,299,156,143
050,50,015,"Vermont","Lamoille County",1,6,296,159,137
050,50,015,"Vermont","Lamoille County",1,7,301,150,151
050,50,015,"Vermont","Lamoille County",1,8,275,152,123
050,50,015,"Vermont","Lamoille County",1,9,300,153,147
050,50,015,"Vermont","Lamoille County",1,10,329,156,173
050,50,015,"Vermont","Lamoille County",1,11,345,163,182
050,50,015,"Vermont","Lamoille County",1,12,341,171,170
050,50,015,"Vermont","Lamoille County",1,13,318,163,155
050,50,015,"Vermont","Lamoille County",1,14,324,157,167
050,50,015,"Vermont","Lamoille County",1,15,296,142,154
050,50,015,"Vermont","Lamoille County",1,16,307,163,144
050,50,015,"Vermont","Lamoille County",1,17,302,164,138
050,50,015,"Vermont","Lamoille County",1,18,325,163,162
050,50,015,"Vermont","Lamoille County",1,19,357,184,173
050,50,015,"Vermont","Lamoille County",1,20,301,152,149
050,50,015,"Vermont","Lamoille County",1,21,289,159,130
050,50,015,"Vermont","Lamoille County",1,22,294,151,143
050,50,015,"Vermont","Lamoille County",1,23,265,130,135
050,50,015,"Vermont","Lamoille County",1,24,288,155,133
050,50,015,"Vermont","Lamoille County",1,25,309,166,143
050,50,015,"Vermont","Lamoille County",1,26,335,181,154
050,50,015,"Vermont","Lamoille County",1,27,332,182,150
050,50,015,"Vermont","Lamoille County",1,28,323,169,154
050,50,015,"Vermont","Lamoille County",1,29,318,159,159
050,50,015,"Vermont","Lamoille County",1,30,335,168,167
050,50,015,"Vermont","Lamoille County",1,31,359,187,172
050,50,015,"Vermont","Lamoille County",1,32,379,193,186
050,50,015,"Vermont","Lamoille County",1,33,328,160,168
050,50,015,"Vermont","Lamoille County",1,34,323,167,156
050,50,015,"Vermont","Lamoille County",1,35,336,169,167
050,50,015,"Vermont","Lamoille County",1,36,329,174,155
050,50,015,"Vermont","Lamoille County",1,37,318,159,159
050,50,015,"Vermont","Lamoille County",1,38,315,154,161
050,50,015,"Vermont","Lamoille County",1,39,352,180,172
050,50,015,"Vermont","Lamoille County",1,40,329,166,163
050,50,015,"Vermont","Lamoille County",1,41,349,179,170
050,50,015,"Vermont","Lamoille County",1,42,371,192,179
050,50,015,"Vermont","Lamoille County",1,43,336,159,177
050,50,015,"Vermont","Lamoille County",1,44,348,169,179
050,50,015,"Vermont","Lamoille County",1,45,320,166,154
050,50,015,"Vermont","Lamoille County",1,46,332,173,159
050,50,015,"Vermont","Lamoille County",1,47,325,170,155
050,50,015,"Vermont","Lamoille County",1,48,354,186,168
050,50,015,"Vermont","Lamoille County",1,49,372,205,167
050,50,015,"Vermont","Lamoille County",1,50,368,196,172
050,50,015,"Vermont","Lamoille County",1,51,336,171,165
050,50,015,"Vermont","Lamoille County",1,52,333,171,162
050,50,015,"Vermont","Lamoille County",1,53,325,167,158
050,50,015,"Vermont","Lamoille County",1,54,343,179,164
050,50,015,"Vermont","Lamoille County",1,55,373,193,180
050,50,015,"Vermont","Lamoille County",1,56,386,182,204
050,50,015,"Vermont","Lamoille County",1,57,372,179,193
050,50,015,"Vermont","Lamoille County",1,58,384,197,187
050,50,015,"Vermont","Lamoille County",1,59,393,197,196
050,50,015,"Vermont","Lamoille County",1,60,380,183,197
050,50,015,"Vermont","Lamoille County",1,61,403,195,208
050,50,015,"Vermont","Lamoille County",1,62,389,187,202
050,50,015,"Vermont","Lamoille County",1,63,379,190,189
050,50,015,"Vermont","Lamoille County",1,64,346,171,175
050,50,015,"Vermont","Lamoille County",1,65,323,155,168
050,50,015,"Vermont","Lamoille County",1,66,331,168,163
050,50,015,"Vermont","Lamoille County",1,67,338,168,170
050,50,015,"Vermont","Lamoille County",1,68,305,154,151
050,50,015,"Vermont","Lamoille County",1,69,272,136,136
050,50,015,"Vermont","Lamoille County",1,70,281,138,143
050,50,015,"Vermont","Lamoille County",1,71,263,131,132
050,50,015,"Vermont","Lamoille County",1,72,258,139,119
050,50,015,"Vermont","Lamoille County",1,73,248,130,118
050,50,015,"Vermont","Lamoille County",1,74,179,92,87
050,50,015,"Vermont","Lamoille County",1,75,186,96,90
050,50,015,"Vermont","Lamoille County",1,76,195,99,96
050,50,015,"Vermont","Lamoille County",1,77,169,87,82
050,50,015,"Vermont","Lamoille County",1,78,157,75,82
050,50,015,"Vermont","Lamoille County",1,79,154,78,76
050,50,015,"Vermont","Lamoille County",1,80,121,57,64
050,50,015,"Vermont","Lamoille County",1,81,100,47,53
050,50,015,"Vermont","Lamoille County",1,82,106,52,54
050,50,015,"Vermont","Lamoille County",1,83,83,37,46
050,50,015,"Vermont","Lamoille County",1,84,66,32,34
050,50,015,"Vermont","Lamoille County",1,85,450,172,278
050,50,015,"Vermont","Lamoille County",2,0,241,124,117
050,50,015,"Vermont","Lamoille County",2,1,244,118,126
050,50,015,"Vermont","Lamoille County",2,2,242,112,130
050,50,015,"Vermont","Lamoille County",2,3,250,119,131
050,50,015,"Vermont","Lamoille County",2,4,274,134,140
050,50,015,"Vermont","Lamoille County",2,5,292,150,142
050,50,015,"Vermont","Lamoille County",2,6,299,158,141
050,50,015,"Vermont","Lamoille County",2,7,298,151,147
050,50,015,"Vermont","Lamoille County",2,8,279,149,130
050,50,015,"Vermont","Lamoille County",2,9,293,152,141
050,50,015,"Vermont","Lamoille County",2,10,321,155,166
050,50,015,"Vermont","Lamoille County",2,11,337,160,177
050,50,015,"Vermont","Lamoille County",2,12,340,169,171
050,50,015,"Vermont","Lamoille County",2,13,327,167,160
050,50,015,"Vermont","Lamoille County",2,14,321,158,163
050,50,015,"Vermont","Lamoille County",2,15,302,145,157
050,50,015,"Vermont","Lamoille County",2,16,306,159,147
050,50,015,"Vermont","Lamoille County",2,17,305,166,139
050,50,015,"Vermont","Lamoille County",2,18,324,165,159
050,50,015,"Vermont","Lamoille County",2,19,353,182,171
050,50,015,"Vermont","Lamoille County",2,20,311,157,154
050,50,015,"Vermont","Lamoille County",2,21,281,153,128
050,50,015,"Vermont","Lamoille County",2,22,290,150,140
050,50,015,"Vermont","Lamoille County",2,23,273,136,137
050,50,015,"Vermont","Lamoille County",2,24,285,153,132
050,50,015,"Vermont","Lamoille County",2,25,307,165,142
050,50,015,"Vermont","Lamoille County",2,26,330,178,152
050,50,015,"Vermont","Lamoille County",2,27,332,181,151
050,50,015,"Vermont","Lamoille County",2,28,323,168,155
050,50,015,"Vermont","Lamoille County",2,29,320,160,160
050,50,015,"Vermont","Lamoille County",2,30,335,166,169
050,50,015,"Vermont","Lamoille County",2,31,353,182,171
050,50,015,"Vermont","Lamoille County",2,32,371,190,181
050,50,015,"Vermont","Lamoille County",2,33,340,168,172
050,50,015,"Vermont","Lamoille County",2,34,325,166,159
050,50,015,"Vermont","Lamoille County",2,35,334,169,165
050,50,015,"Vermont","Lamoille County",2,36,333,175,158
050,50,015,"Vermont","Lamoille County",2,37,320,161,159
050,50,015,"Vermont","Lamoille County",2,38,320,156,164
050,50,015,"Vermont","Lamoille County",2,39,342,173,169
050,50,015,"Vermont","Lamoille County",2,40,337,169,168
050,50,015,"Vermont","Lamoille County",2,41,344,176,168
050,50,015,"Vermont","Lamoille County",2,42,364,189,175
050,50,015,"Vermont","Lamoille County",2,43,350,169,181
050,50,015,"Vermont","Lamoille County",2,44,341,165,176
050,50,015,"Vermont","Lamoille County",2,45,327,166,161
050,50,015,"Vermont","Lamoille County",2,46,326,170,156
050,50,015,"Vermont","Lamoille County",2,47,326,171,155
050,50,015,"Vermont","Lamoille County",2,48,346,181,165
050,50,015,"Vermont","Lamoille County",2,49,373,204,169
050,50,015,"Vermont","Lamoille County",2,50,370,197,173
050,50,015,"Vermont","Lamoille County",2,51,341,176,165
050,50,015,"Vermont","Lamoille County",2,52,334,173,161
050,50,015,"Vermont","Lamoille County",2,53,323,166,157
050,50,015,"Vermont","Lamoille County",2,54,335,175,160
050,50,015,"Vermont","Lamoille County",2,55,364,189,175
050,50,015,"Vermont","Lamoille County",2,56,385,186,199
050,50,015,"Vermont","Lamoille County",2,57,378,181,197
050,50,015,"Vermont","Lamoille County",2,58,381,192,189
050,50,015,"Vermont","Lamoille County",2,59,393,198,195
050,50,015,"Vermont","Lamoille County",2,60,384,188,196
050,50,015,"Vermont","Lamoille County",2,61,395,191,204
050,50,015,"Vermont","Lamoille County",2,62,389,186,203
050,50,015,"Vermont","Lamoille County",2,63,385,192,193
050,50,015,"Vermont","Lamoille County",2,64,347,172,175
050,50,015,"Vermont","Lamoille County",2,65,329,159,170
050,50,015,"Vermont","Lamoille County",2,66,327,164,163
050,50,015,"Vermont","Lamoille County",2,67,338,170,168
050,50,015,"Vermont","Lamoille County",2,68,306,153,153
050,50,015,"Vermont","Lamoille County",2,69,281,141,140
050,50,015,"Vermont","Lamoille County",2,70,278,136,142
050,50,015,"Vermont","Lamoille County",2,71,263,129,134
050,50,015,"Vermont","Lamoille County",2,72,254,134,120
050,50,015,"Vermont","Lamoille County",2,73,262,136,126
050,50,015,"Vermont","Lamoille County",2,74,181,94,87
050,50,015,"Vermont","Lamoille County",2,75,181,93,88
050,50,015,"Vermont","Lamoille County",2,76,186,94,92
050,50,015,"Vermont","Lamoille County",2,77,179,92,87
050,50,015,"Vermont","Lamoille County",2,78,158,78,80
050,50,015,"Vermont","Lamoille County",2,79,152,75,77
050,50,015,"Vermont","Lamoille County",2,80,126,59,67
050,50,015,"Vermont","Lamoille County",2,81,105,51,54
050,50,015,"Vermont","Lamoille County",2,82,101,48,53
050,50,015,"Vermont","Lamoille County",2,83,87,40,47
050,50,015,"Vermont","Lamoille County",2,84,69,32,37
050,50,015,"Vermont","Lamoille County",2,85,450,173,277
050,50,015,"Vermont","Lamoille County",3,0,226,113,113
050,50,015,"Vermont","Lamoille County",3,1,246,121,125
050,50,015,"Vermont","Lamoille County",3,2,245,108,137
050,50,015,"Vermont","Lamoille County",3,3,246,110,136
050,50,015,"Vermont","Lamoille County",3,4,258,126,132
050,50,015,"Vermont","Lamoille County",3,5,283,147,136
050,50,015,"Vermont","Lamoille County",3,6,292,157,135
050,50,015,"Vermont","Lamoille County",3,7,299,159,140
050,50,015,"Vermont","Lamoille County",3,8,301,158,143
050,50,015,"Vermont","Lamoille County",3,9,276,153,123
050,50,015,"Vermont","Lamoille County",3,10,307,154,153
050,50,015,"Vermont","Lamoille County",3,11,310,151,159
050,50,015,"Vermont","Lamoille County",3,12,336,162,174
050,50,015,"Vermont","Lamoille County",3,13,350,172,178
050,50,015,"Vermont","Lamoille County",3,14,329,169,160
050,50,015,"Vermont","Lamoille County",3,15,331,163,168
050,50,015,"Vermont","Lamoille County",3,16,301,144,157
050,50,015,"Vermont","Lamoille County",3,17,295,150,145
050,50,015,"Vermont","Lamoille County",3,18,338,180,158
050,50,015,"Vermont","Lamoille County",3,19,345,183,162
050,50,015,"Vermont","Lamoille County",3,20,331,163,168
050,50,015,"Vermont","Lamoille County",3,21,261,135,126
050,50,015,"Vermont","Lamoille County",3,22,269,147,122
050,50,015,"Vermont","Lamoille County",3,23,300,154,146
050,50,015,"Vermont","Lamoille County",3,24,264,138,126
050,50,015,"Vermont","Lamoille County",3,25,287,147,140
050,50,015,"Vermont","Lamoille County",3,26,309,162,147
050,50,015,"Vermont","Lamoille County",3,27,331,169,162
050,50,015,"Vermont","Lamoille County",3,28,322,165,157
050,50,015,"Vermont","Lamoille County",3,29,347,172,175
050,50,015,"Vermont","Lamoille County",3,30,317,158,159
050,50,015,"Vermont","Lamoille County",3,31,371,189,182
050,50,015,"Vermont","Lamoille County",3,32,358,194,164
050,50,015,"Vermont","Lamoille County",3,33,386,193,193
050,50,015,"Vermont","Lamoille County",3,34,358,183,175
050,50,015,"Vermont","Lamoille County",3,35,333,167,166
050,50,015,"Vermont","Lamoille County",3,36,357,179,178
050,50,015,"Vermont","Lamoille County",3,37,355,186,169
050,50,015,"Vermont","Lamoille County",3,38,325,162,163
050,50,015,"Vermont","Lamoille County",3,39,342,171,171
050,50,015,"Vermont","Lamoille County",3,40,354,182,172
050,50,015,"Vermont","Lamoille County",3,41,349,173,176
050,50,015,"Vermont","Lamoille County",3,42,355,185,170
050,50,015,"Vermont","Lamoille County",3,43,361,186,175
050,50,015,"Vermont","Lamoille County",3,44,355,173,182
050,50,015,"Vermont","Lamoille County",3,45,332,163,169
050,50,015,"Vermont","Lamoille County",3,46,331,170,161
050,50,015,"Vermont","Lamoille County",3,47,320,162,158
050,50,015,"Vermont","Lamoille County",3,48,329,178,151
050,50,015,"Vermont","Lamoille County",3,49,347,182,165
050,50,015,"Vermont","Lamoille County",3,50,375,197,178
050,50,015,"Vermont","Lamoille County",3,51,356,193,163
050,50,015,"Vermont","Lamoille County",3,52,342,185,157
050,50,015,"Vermont","Lamoille County",3,53,332,161,171
050,50,015,"Vermont","Lamoille County",3,54,328,173,155
050,50,015,"Vermont","Lamoille County",3,55,340,176,164
050,50,015,"Vermont","Lamoille County",3,56,370,194,176
050,50,015,"Vermont","Lamoille County",3,57,389,187,202
050,50,015,"Vermont","Lamoille County",3,58,373,175,198
050,50,015,"Vermont","Lamoille County",3,59,380,191,189
050,50,015,"Vermont","Lamoille County",3,60,399,204,195
050,50,015,"Vermont","Lamoille County",3,61,383,189,194
050,50,015,"Vermont","Lamoille County",3,62,387,183,204
050,50,015,"Vermont","Lamoille County",3,63,372,179,193
050,50,015,"Vermont","Lamoille County",3,64,380,179,201
050,50,015,"Vermont","Lamoille County",3,65,356,181,175
050,50,015,"Vermont","Lamoille County",3,66,316,152,164
050,50,015,"Vermont","Lamoille County",3,67,318,154,164
050,50,015,"Vermont","Lamoille County",3,68,337,168,169
050,50,015,"Vermont","Lamoille County",3,69,304,153,151
050,50,015,"Vermont","Lamoille County",3,70,272,137,135
050,50,015,"Vermont","Lamoille County",3,71,268,134,134
050,50,015,"Vermont","Lamoille County",3,72,252,122,130
050,50,015,"Vermont","Lamoille County",3,73,258,133,125
050,50,015,"Vermont","Lamoille County",3,74,255,133,122
050,50,015,"Vermont","Lamoille County",3,75,186,95,91
050,50,015,"Vermont","Lamoille County",3,76,163,83,80
050,50,015,"Vermont","Lamoille County",3,77,172,88,84
050,50,015,"Vermont","Lamoille County",3,78,174,88,86
050,50,015,"Vermont","Lamoille County",3,79,148,74,74
050,50,015,"Vermont","Lamoille County",3,80,142,66,76
050,50,015,"Vermont","Lamoille County",3,81,127,61,66
050,50,015,"Vermont","Lamoille County",3,82,95,46,49
050,50,015,"Vermont","Lamoille County",3,83,96,45,51
050,50,015,"Vermont","Lamoille County",3,84,75,33,42
050,50,015,"Vermont","Lamoille County",3,85,459,182,277
050,50,015,"Vermont","Lamoille County",4,0,217,114,103
050,50,015,"Vermont","Lamoille County",4,1,243,119,124
050,50,015,"Vermont","Lamoille County",4,2,259,128,131
050,50,015,"Vermont","Lamoille County",4,3,250,114,136
050,50,015,"Vermont","Lamoille County",4,4,241,103,138
050,50,015,"Vermont","Lamoille County",4,5,264,129,135
050,50,015,"Vermont","Lamoille County",4,6,271,143,128
050,50,015,"Vermont","Lamoille County",4,7,311,174,137
050,50,015,"Vermont","Lamoille County",4,8,302,164,138
050,50,015,"Vermont","Lamoille County",4,9,291,154,137
050,50,015,"Vermont","Lamoille County",4,10,290,164,126
050,50,015,"Vermont","Lamoille County",4,11,310,161,149
050,50,015,"Vermont","Lamoille County",4,12,320,161,159
050,50,015,"Vermont","Lamoille County",4,13,330,156,174
050,50,015,"Vermont","Lamoille County",4,14,352,167,185
050,50,015,"Vermont","Lamoille County",4,15,324,167,157
050,50,015,"Vermont","Lamoille County",4,16,333,163,170
050,50,015,"Vermont","Lamoille County",4,17,296,141,155
050,50,015,"Vermont","Lamoille County",4,18,329,162,167
050,50,015,"Vermont","Lamoille County",4,19,350,189,161
050,50,015,"Vermont","Lamoille County",4,20,314,166,148
050,50,015,"Vermont","Lamoille County",4,21,260,139,121
050,50,015,"Vermont","Lamoille County",4,22,238,121,117
050,50,015,"Vermont","Lamoille County",4,23,267,145,122
050,50,015,"Vermont","Lamoille County",4,24,299,159,140
050,50,015,"Vermont","Lamoille County",4,25,241,123,118
050,50,015,"Vermont","Lamoille County",4,26,278,142,136
050,50,015,"Vermont","Lamoille County",4,27,295,145,150
050,50,015,"Vermont","Lamoille County",4,28,332,168,164
050,50,015,"Vermont","Lamoille County",4,29,333,172,161
050,50,015,"Vermont","Lamoille County",4,30,341,170,171
050,50,015,"Vermont","Lamoille County",4,31,319,166,153
050,50,015,"Vermont","Lamoille County",4,32,368,189,179
050,50,015,"Vermont","Lamoille County",4,33,366,196,170
050,50,015,"Vermont","Lamoille County",4,34,399,195,204
050,50,015,"Vermont","Lamoille County",4,35,370,188,182
050,50,015,"Vermont","Lamoille County",4,36,357,177,180
050,50,015,"Vermont","Lamoille County",4,37,354,173,181
050,50,015,"Vermont","Lamoille County",4,38,352,182,170
050,50,015,"Vermont","Lamoille County",4,39,339,172,167
050,50,015,"Vermont","Lamoille County",4,40,338,162,176
050,50,015,"Vermont","Lamoille County",4,41,364,193,171
050,50,015,"Vermont","Lamoille County",4,42,363,181,182
050,50,015,"Vermont","Lamoille County",4,43,347,173,174
050,50,015,"Vermont","Lamoille County",4,44,357,176,181
050,50,015,"Vermont","Lamoille County",4,45,339,165,174
050,50,015,"Vermont","Lamoille County",4,46,339,168,171
050,50,015,"Vermont","Lamoille County",4,47,333,166,167
050,50,015,"Vermont","Lamoille County",4,48,311,153,158
050,50,015,"Vermont","Lamoille County",4,49,324,175,149
050,50,015,"Vermont","Lamoille County",4,50,347,178,169
050,50,015,"Vermont","Lamoille County",4,51,385,205,180
050,50,015,"Vermont","Lamoille County",4,52,371,209,162
050,50,015,"Vermont","Lamoille County",4,53,334,171,163
050,50,015,"Vermont","Lamoille County",4,54,340,169,171
050,50,015,"Vermont","Lamoille County",4,55,317,170,147
050,50,015,"Vermont","Lamoille County",4,56,325,170,155
050,50,015,"Vermont","Lamoille County",4,57,371,200,171
050,50,015,"Vermont","Lamoille County",4,58,386,184,202
050,50,015,"Vermont","Lamoille County",4,59,368,173,195
050,50,015,"Vermont","Lamoille County",4,60,381,197,184
050,50,015,"Vermont","Lamoille County",4,61,400,203,197
050,50,015,"Vermont","Lamoille County",4,62,385,181,204
050,50,015,"Vermont","Lamoille County",4,63,391,190,201
050,50,015,"Vermont","Lamoille County",4,64,364,178,186
050,50,015,"Vermont","Lamoille County",4,65,378,176,202
050,50,015,"Vermont","Lamoille County",4,66,356,180,176
050,50,015,"Vermont","Lamoille County",4,67,310,147,163
050,50,015,"Vermont","Lamoille County",4,68,309,149,160
050,50,015,"Vermont","Lamoille County",4,69,333,169,164
050,50,015,"Vermont","Lamoille County",4,70,291,150,141
050,50,015,"Vermont","Lamoille County",4,71,260,131,129
050,50,015,"Vermont","Lamoille County",4,72,260,130,130
050,50,015,"Vermont","Lamoille County",4,73,243,116,127
050,50,015,"Vermont","Lamoille County",4,74,253,129,124
050,50,015,"Vermont","Lamoille County",4,75,252,131,121
050,50,015,"Vermont","Lamoille County",4,76,175,92,83
050,50,015,"Vermont","Lamoille County",4,77,153,81,72
050,50,015,"Vermont","Lamoille County",4,78,161,83,78
050,50,015,"Vermont","Lamoille County",4,79,171,88,83
050,50,015,"Vermont","Lamoille County",4,80,135,64,71
050,50,015,"Vermont","Lamoille County",4,81,131,64,67
050,50,015,"Vermont","Lamoille County",4,82,119,53,66
050,50,015,"Vermont","Lamoille County",4,83,91,46,45
050,50,015,"Vermont","Lamoille County",4,84,84,40,44
050,50,015,"Vermont","Lamoille County",4,85,453,183,270
050,50,015,"Vermont","Lamoille County",5,0,208,110,98
050,50,015,"Vermont","Lamoille County",5,1,206,114,92
050,50,015,"Vermont","Lamoille County",5,2,239,114,125
050,50,015,"Vermont","Lamoille County",5,3,255,130,125
050,50,015,"Vermont","Lamoille County",5,4,248,111,137
050,50,015,"Vermont","Lamoille County",5,5,251,107,144
050,50,015,"Vermont","Lamoille County",5,6,264,131,133
050,50,015,"Vermont","Lamoille County",5,7,289,151,138
050,50,015,"Vermont","Lamoille County",5,8,312,175,137
050,50,015,"Vermont","Lamoille County",5,9,306,168,138
050,50,015,"Vermont","Lamoille County",5,10,310,168,142
050,50,015,"Vermont","Lamoille County",5,11,291,157,134
050,50,015,"Vermont","Lamoille County",5,12,307,153,154
050,50,015,"Vermont","Lamoille County",5,13,314,159,155
050,50,015,"Vermont","Lamoille County",5,14,330,157,173
050,50,015,"Vermont","Lamoille County",5,15,360,172,188
050,50,015,"Vermont","Lamoille County",5,16,310,156,154
050,50,015,"Vermont","Lamoille County",5,17,341,174,167
050,50,015,"Vermont","Lamoille County",5,18,322,154,168
050,50,015,"Vermont","Lamoille County",5,19,342,179,163
050,50,015,"Vermont","Lamoille County",5,20,329,173,156
050,50,015,"Vermont","Lamoille County",5,21,257,142,115
050,50,015,"Vermont","Lamoille County",5,22,246,128,118
050,50,015,"Vermont","Lamoille County",5,23,226,110,116
050,50,015,"Vermont","Lamoille County",5,24,274,152,122
050,50,015,"Vermont","Lamoille County",5,25,286,137,149
050,50,015,"Vermont","Lamoille County",5,26,250,127,123
050,50,015,"Vermont","Lamoille County",5,27,267,135,132
050,50,015,"Vermont","Lamoille County",5,28,301,158,143
050,50,015,"Vermont","Lamoille County",5,29,318,151,167
050,50,015,"Vermont","Lamoille County",5,30,339,168,171
050,50,015,"Vermont","Lamoille County",5,31,349,176,173
050,50,015,"Vermont","Lamoille County",5,32,333,182,151
050,50,015,"Vermont","Lamoille County",5,33,347,178,169
050,50,015,"Vermont","Lamoille County",5,34,361,194,167
050,50,015,"Vermont","Lamoille County",5,35,396,194,202
050,50,015,"Vermont","Lamoille County",5,36,381,198,183
050,50,015,"Vermont","Lamoille County",5,37,346,175,171
050,50,015,"Vermont","Lamoille County",5,38,362,174,188
050,50,015,"Vermont","Lamoille County",5,39,365,181,184
050,50,015,"Vermont","Lamoille County",5,40,331,164,167
050,50,015,"Vermont","Lamoille County",5,41,357,171,186
050,50,015,"Vermont","Lamoille County",5,42,369,199,170
050,50,015,"Vermont","Lamoille County",5,43,360,185,175
050,50,015,"Vermont","Lamoille County",5,44,346,169,177
050,50,015,"Vermont","Lamoille County",5,45,365,180,185
050,50,015,"Vermont","Lamoille County",5,46,352,164,188
050,50,015,"Vermont","Lamoille County",5,47,340,167,173
050,50,015,"Vermont","Lamoille County",5,48,332,163,169
050,50,015,"Vermont","Lamoille County",5,49,315,159,156
050,50,015,"Vermont","Lamoille County",5,50,322,171,151
050,50,015,"Vermont","Lamoille County",5,51,338,181,157
050,50,015,"Vermont","Lamoille County",5,52,392,214,178
050,50,015,"Vermont","Lamoille County",5,53,371,205,166
050,50,015,"Vermont","Lamoille County",5,54,340,175,165
050,50,015,"Vermont","Lamoille County",5,55,335,165,170
050,50,015,"Vermont","Lamoille County",5,56,309,165,144
050,50,015,"Vermont","Lamoille County",5,57,326,166,160
050,50,015,"Vermont","Lamoille County",5,58,371,199,172
050,50,015,"Vermont","Lamoille County",5,59,374,176,198
050,50,015,"Vermont","Lamoille County",5,60,371,173,198
050,50,015,"Vermont","Lamoille County",5,61,369,191,178
050,50,015,"Vermont","Lamoille County",5,62,391,196,195
050,50,015,"Vermont","Lamoille County",5,63,395,187,208
050,50,015,"Vermont","Lamoille County",5,64,381,181,200
050,50,015,"Vermont","Lamoille County",5,65,361,179,182
050,50,015,"Vermont","Lamoille County",5,66,372,173,199
050,50,015,"Vermont","Lamoille County",5,67,349,175,174
050,50,015,"Vermont","Lamoille County",5,68,305,148,157
050,50,015,"Vermont","Lamoille County",5,69,308,146,162
050,50,015,"Vermont","Lamoille County",5,70,333,168,165
050,50,015,"Vermont","Lamoille County",5,71,288,150,138
050,50,015,"Vermont","Lamoille County",5,72,249,124,125
050,50,015,"Vermont","Lamoille County",5,73,256,126,130
050,50,015,"Vermont","Lamoille County",5,74,230,106,124
050,50,015,"Vermont","Lamoille County",5,75,250,128,122
050,50,015,"Vermont","Lamoille County",5,76,238,125,113
050,50,015,"Vermont","Lamoille County",5,77,166,89,77
050,50,015,"Vermont","Lamoille County",5,78,148,76,72
050,50,015,"Vermont","Lamoille County",5,79,156,80,76
050,50,015,"Vermont","Lamoille County",5,80,159,78,81
050,50,015,"Vermont","Lamoille County",5,81,131,65,66
050,50,015,"Vermont","Lamoille County",5,82,125,59,66
050,50,015,"Vermont","Lamoille County",5,83,112,50,62
050,50,015,"Vermont","Lamoille County",5,84,80,40,40
050,50,015,"Vermont","Lamoille County",5,85,454,192,262
050,50,017,"Vermont","Orange County",1,0,243,122,121
050,50,017,"Vermont","Orange County",1,1,249,123,126
050,50,017,"Vermont","Orange County",1,2,258,138,120
050,50,017,"Vermont","Orange County",1,3,298,155,143
050,50,017,"Vermont","Orange County",1,4,290,148,142
050,50,017,"Vermont","Orange County",1,5,286,145,141
050,50,017,"Vermont","Orange County",1,6,296,153,143
050,50,017,"Vermont","Orange County",1,7,285,152,133
050,50,017,"Vermont","Orange County",1,8,302,163,139
050,50,017,"Vermont","Orange County",1,9,306,168,138
050,50,017,"Vermont","Orange County",1,10,316,182,134
050,50,017,"Vermont","Orange County",1,11,314,169,145
050,50,017,"Vermont","Orange County",1,12,334,169,165
050,50,017,"Vermont","Orange County",1,13,337,173,164
050,50,017,"Vermont","Orange County",1,14,296,150,146
050,50,017,"Vermont","Orange County",1,15,306,162,144
050,50,017,"Vermont","Orange County",1,16,323,174,149
050,50,017,"Vermont","Orange County",1,17,314,176,138
050,50,017,"Vermont","Orange County",1,18,338,190,148
050,50,017,"Vermont","Orange County",1,19,336,212,124
050,50,017,"Vermont","Orange County",1,20,339,208,131
050,50,017,"Vermont","Orange County",1,21,282,160,122
050,50,017,"Vermont","Orange County",1,22,291,150,141
050,50,017,"Vermont","Orange County",1,23,278,134,144
050,50,017,"Vermont","Orange County",1,24,285,151,134
050,50,017,"Vermont","Orange County",1,25,301,150,151
050,50,017,"Vermont","Orange County",1,26,307,149,158
050,50,017,"Vermont","Orange County",1,27,299,140,159
050,50,017,"Vermont","Orange County",1,28,298,151,147
050,50,017,"Vermont","Orange County",1,29,306,158,148
050,50,017,"Vermont","Orange County",1,30,326,170,156
050,50,017,"Vermont","Orange County",1,31,305,158,147
050,50,017,"Vermont","Orange County",1,32,327,169,158
050,50,017,"Vermont","Orange County",1,33,332,165,167
050,50,017,"Vermont","Orange County",1,34,377,181,196
050,50,017,"Vermont","Orange County",1,35,357,187,170
050,50,017,"Vermont","Orange County",1,36,362,184,178
050,50,017,"Vermont","Orange County",1,37,370,171,199
050,50,017,"Vermont","Orange County",1,38,366,189,177
050,50,017,"Vermont","Orange County",1,39,364,189,175
050,50,017,"Vermont","Orange County",1,40,357,179,178
050,50,017,"Vermont","Orange County",1,41,332,170,162
050,50,017,"Vermont","Orange County",1,42,335,159,176
050,50,017,"Vermont","Orange County",1,43,337,178,159
050,50,017,"Vermont","Orange County",1,44,312,165,147
050,50,017,"Vermont","Orange County",1,45,325,159,166
050,50,017,"Vermont","Orange County",1,46,344,179,165
050,50,017,"Vermont","Orange County",1,47,340,170,170
050,50,017,"Vermont","Orange County",1,48,360,172,188
050,50,017,"Vermont","Orange County",1,49,400,191,209
050,50,017,"Vermont","Orange County",1,50,369,176,193
050,50,017,"Vermont","Orange County",1,51,395,209,186
050,50,017,"Vermont","Orange County",1,52,387,206,181
050,50,017,"Vermont","Orange County",1,53,383,191,192
050,50,017,"Vermont","Orange County",1,54,434,215,219
050,50,017,"Vermont","Orange County",1,55,470,241,229
050,50,017,"Vermont","Orange County",1,56,458,226,232
050,50,017,"Vermont","Orange County",1,57,456,221,235
050,50,017,"Vermont","Orange County",1,58,490,237,253
050,50,017,"Vermont","Orange County",1,59,528,255,273
050,50,017,"Vermont","Orange County",1,60,536,256,280
050,50,017,"Vermont","Orange County",1,61,521,256,265
050,50,017,"Vermont","Orange County",1,62,509,265,244
050,50,017,"Vermont","Orange County",1,63,499,254,245
050,50,017,"Vermont","Orange County",1,64,482,244,238
050,50,017,"Vermont","Orange County",1,65,508,244,264
050,50,017,"Vermont","Orange County",1,66,471,227,244
050,50,017,"Vermont","Orange County",1,67,455,232,223
050,50,017,"Vermont","Orange County",1,68,434,230,204
050,50,017,"Vermont","Orange County",1,69,428,205,223
050,50,017,"Vermont","Orange County",1,70,416,193,223
050,50,017,"Vermont","Orange County",1,71,408,201,207
050,50,017,"Vermont","Orange County",1,72,392,186,206
050,50,017,"Vermont","Orange County",1,73,370,186,184
050,50,017,"Vermont","Orange County",1,74,256,120,136
050,50,017,"Vermont","Orange County",1,75,250,118,132
050,50,017,"Vermont","Orange County",1,76,230,108,122
050,50,017,"Vermont","Orange County",1,77,239,119,120
050,50,017,"Vermont","Orange County",1,78,199,91,108
050,50,017,"Vermont","Orange County",1,79,170,85,85
050,50,017,"Vermont","Orange County",1,80,161,77,84
050,50,017,"Vermont","Orange County",1,81,129,57,72
050,50,017,"Vermont","Orange County",1,82,122,54,68
050,50,017,"Vermont","Orange County",1,83,114,55,59
050,50,017,"Vermont","Orange County",1,84,101,39,62
050,50,017,"Vermont","Orange County",1,85,572,201,371
050,50,017,"Vermont","Orange County",2,0,236,119,117
050,50,017,"Vermont","Orange County",2,1,248,124,124
050,50,017,"Vermont","Orange County",2,2,257,135,122
050,50,017,"Vermont","Orange County",2,3,286,149,137
050,50,017,"Vermont","Orange County",2,4,292,149,143
050,50,017,"Vermont","Orange County",2,5,286,144,142
050,50,017,"Vermont","Orange County",2,6,297,153,144
050,50,017,"Vermont","Orange County",2,7,288,153,135
050,50,017,"Vermont","Orange County",2,8,299,162,137
050,50,017,"Vermont","Orange County",2,9,307,168,139
050,50,017,"Vermont","Orange County",2,10,314,180,134
050,50,017,"Vermont","Orange County",2,11,315,172,143
050,50,017,"Vermont","Orange County",2,12,333,171,162
050,50,017,"Vermont","Orange County",2,13,337,173,164
050,50,017,"Vermont","Orange County",2,14,306,155,151
050,50,017,"Vermont","Orange County",2,15,303,158,145
050,50,017,"Vermont","Orange County",2,16,318,171,147
050,50,017,"Vermont","Orange County",2,17,316,175,141
050,50,017,"Vermont","Orange County",2,18,333,189,144
050,50,017,"Vermont","Orange County",2,19,336,209,127
050,50,017,"Vermont","Orange County",2,20,340,208,132
050,50,017,"Vermont","Orange County",2,21,284,161,123
050,50,017,"Vermont","Orange County",2,22,287,148,139
050,50,017,"Vermont","Orange County",2,23,278,137,141
050,50,017,"Vermont","Orange County",2,24,282,145,137
050,50,017,"Vermont","Orange County",2,25,295,148,147
050,50,017,"Vermont","Orange County",2,26,306,149,157
050,50,017,"Vermont","Orange County",2,27,305,144,161
050,50,017,"Vermont","Orange County",2,28,301,153,148
050,50,017,"Vermont","Orange County",2,29,306,157,149
050,50,017,"Vermont","Orange County",2,30,322,168,154
050,50,017,"Vermont","Orange County",2,31,309,159,150
050,50,017,"Vermont","Orange County",2,32,324,167,157
050,50,017,"Vermont","Orange County",2,33,334,168,166
050,50,017,"Vermont","Orange County",2,34,367,178,189
050,50,017,"Vermont","Orange County",2,35,368,187,181
050,50,017,"Vermont","Orange County",2,36,361,183,178
050,50,017,"Vermont","Orange County",2,37,373,179,194
050,50,017,"Vermont","Orange County",2,38,373,189,184
050,50,017,"Vermont","Orange County",2,39,366,190,176
050,50,017,"Vermont","Orange County",2,40,362,184,178
050,50,017,"Vermont","Orange County",2,41,337,171,166
050,50,017,"Vermont","Orange County",2,42,332,161,171
050,50,017,"Vermont","Orange County",2,43,338,175,163
050,50,017,"Vermont","Orange County",2,44,314,166,148
050,50,017,"Vermont","Orange County",2,45,326,164,162
050,50,017,"Vermont","Orange County",2,46,340,174,166
050,50,017,"Vermont","Orange County",2,47,340,171,169
050,50,017,"Vermont","Orange County",2,48,358,174,184
050,50,017,"Vermont","Orange County",2,49,391,186,205
050,50,017,"Vermont","Orange County",2,50,377,179,198
050,50,017,"Vermont","Orange County",2,51,389,201,188
050,50,017,"Vermont","Orange County",2,52,389,208,181
050,50,017,"Vermont","Orange County",2,53,385,196,189
050,50,017,"Vermont","Orange County",2,54,423,210,213
050,50,017,"Vermont","Orange County",2,55,457,232,225
050,50,017,"Vermont","Orange County",2,56,459,228,231
050,50,017,"Vermont","Orange County",2,57,458,223,235
050,50,017,"Vermont","Orange County",2,58,481,233,248
050,50,017,"Vermont","Orange County",2,59,518,251,267
050,50,017,"Vermont","Orange County",2,60,529,254,275
050,50,017,"Vermont","Orange County",2,61,522,254,268
050,50,017,"Vermont","Orange County",2,62,509,261,248
050,50,017,"Vermont","Orange County",2,63,504,257,247
050,50,017,"Vermont","Orange County",2,64,483,245,238
050,50,017,"Vermont","Orange County",2,65,501,243,258
050,50,017,"Vermont","Orange County",2,66,480,231,249
050,50,017,"Vermont","Orange County",2,67,457,230,227
050,50,017,"Vermont","Orange County",2,68,431,227,204
050,50,017,"Vermont","Orange County",2,69,430,210,220
050,50,017,"Vermont","Orange County",2,70,416,194,222
050,50,017,"Vermont","Orange County",2,71,408,198,210
050,50,017,"Vermont","Orange County",2,72,387,185,202
050,50,017,"Vermont","Orange County",2,73,395,197,198
050,50,017,"Vermont","Orange County",2,74,263,126,137
050,50,017,"Vermont","Orange County",2,75,250,119,131
050,50,017,"Vermont","Orange County",2,76,230,108,122
050,50,017,"Vermont","Orange County",2,77,243,120,123
050,50,017,"Vermont","Orange County",2,78,202,93,109
050,50,017,"Vermont","Orange County",2,79,176,86,90
050,50,017,"Vermont","Orange County",2,80,158,74,84
050,50,017,"Vermont","Orange County",2,81,133,60,73
050,50,017,"Vermont","Orange County",2,82,123,55,68
050,50,017,"Vermont","Orange County",2,83,112,52,60
050,50,017,"Vermont","Orange County",2,84,105,43,62
050,50,017,"Vermont","Orange County",2,85,586,205,381
050,50,017,"Vermont","Orange County",3,0,236,113,123
050,50,017,"Vermont","Orange County",3,1,240,115,125
050,50,017,"Vermont","Orange County",3,2,260,126,134
050,50,017,"Vermont","Orange County",3,3,261,133,128
050,50,017,"Vermont","Orange County",3,4,285,146,139
050,50,017,"Vermont","Orange County",3,5,283,150,133
050,50,017,"Vermont","Orange County",3,6,300,153,147
050,50,017,"Vermont","Orange County",3,7,304,156,148
050,50,017,"Vermont","Orange County",3,8,277,142,135
050,50,017,"Vermont","Orange County",3,9,308,163,145
050,50,017,"Vermont","Orange County",3,10,311,162,149
050,50,017,"Vermont","Orange County",3,11,309,186,123
050,50,017,"Vermont","Orange County",3,12,327,172,155
050,50,017,"Vermont","Orange County",3,13,343,177,166
050,50,017,"Vermont","Orange County",3,14,343,175,168
050,50,017,"Vermont","Orange County",3,15,301,154,147
050,50,017,"Vermont","Orange County",3,16,299,161,138
050,50,017,"Vermont","Orange County",3,17,328,181,147
050,50,017,"Vermont","Orange County",3,18,320,189,131
050,50,017,"Vermont","Orange County",3,19,334,204,130
050,50,017,"Vermont","Orange County",3,20,343,206,137
050,50,017,"Vermont","Orange County",3,21,294,162,132
050,50,017,"Vermont","Orange County",3,22,271,140,131
050,50,017,"Vermont","Orange County",3,23,299,156,143
050,50,017,"Vermont","Orange County",3,24,268,128,140
050,50,017,"Vermont","Orange County",3,25,269,133,136
050,50,017,"Vermont","Orange County",3,26,300,152,148
050,50,017,"Vermont","Orange County",3,27,322,151,171
050,50,017,"Vermont","Orange County",3,28,320,154,166
050,50,017,"Vermont","Orange County",3,29,319,164,155
050,50,017,"Vermont","Orange County",3,30,317,172,145
050,50,017,"Vermont","Orange County",3,31,341,172,169
050,50,017,"Vermont","Orange County",3,32,345,175,170
050,50,017,"Vermont","Orange County",3,33,336,171,165
050,50,017,"Vermont","Orange County",3,34,354,176,178
050,50,017,"Vermont","Orange County",3,35,393,194,199
050,50,017,"Vermont","Orange County",3,36,362,180,182
050,50,017,"Vermont","Orange County",3,37,371,189,182
050,50,017,"Vermont","Orange County",3,38,385,181,204
050,50,017,"Vermont","Orange County",3,39,386,199,187
050,50,017,"Vermont","Orange County",3,40,377,196,181
050,50,017,"Vermont","Orange County",3,41,379,190,189
050,50,017,"Vermont","Orange County",3,42,358,193,165
050,50,017,"Vermont","Orange County",3,43,342,173,169
050,50,017,"Vermont","Orange County",3,44,339,172,167
050,50,017,"Vermont","Orange County",3,45,323,170,153
050,50,017,"Vermont","Orange County",3,46,339,168,171
050,50,017,"Vermont","Orange County",3,47,332,170,162
050,50,017,"Vermont","Orange County",3,48,348,172,176
050,50,017,"Vermont","Orange County",3,49,350,161,189
050,50,017,"Vermont","Orange County",3,50,389,186,203
050,50,017,"Vermont","Orange County",3,51,387,181,206
050,50,017,"Vermont","Orange County",3,52,391,204,187
050,50,017,"Vermont","Orange County",3,53,388,199,189
050,50,017,"Vermont","Orange County",3,54,401,210,191
050,50,017,"Vermont","Orange County",3,55,416,206,210
050,50,017,"Vermont","Orange County",3,56,465,236,229
050,50,017,"Vermont","Orange County",3,57,472,232,240
050,50,017,"Vermont","Orange County",3,58,467,229,238
050,50,017,"Vermont","Orange County",3,59,480,225,255
050,50,017,"Vermont","Orange County",3,60,521,254,267
050,50,017,"Vermont","Orange County",3,61,538,259,279
050,50,017,"Vermont","Orange County",3,62,519,248,271
050,50,017,"Vermont","Orange County",3,63,506,258,248
050,50,017,"Vermont","Orange County",3,64,511,266,245
050,50,017,"Vermont","Orange County",3,65,481,242,239
050,50,017,"Vermont","Orange County",3,66,500,239,261
050,50,017,"Vermont","Orange County",3,67,480,234,246
050,50,017,"Vermont","Orange County",3,68,446,229,217
050,50,017,"Vermont","Orange County",3,69,429,225,204
050,50,017,"Vermont","Orange County",3,70,422,206,216
050,50,017,"Vermont","Orange County",3,71,407,195,212
050,50,017,"Vermont","Orange County",3,72,396,191,205
050,50,017,"Vermont","Orange County",3,73,385,189,196
050,50,017,"Vermont","Orange County",3,74,386,191,195
050,50,017,"Vermont","Orange County",3,75,252,118,134
050,50,017,"Vermont","Orange County",3,76,243,113,130
050,50,017,"Vermont","Orange County",3,77,223,105,118
050,50,017,"Vermont","Orange County",3,78,232,118,114
050,50,017,"Vermont","Orange County",3,79,194,92,102
050,50,017,"Vermont","Orange County",3,80,162,78,84
050,50,017,"Vermont","Orange County",3,81,153,72,81
050,50,017,"Vermont","Orange County",3,82,122,54,68
050,50,017,"Vermont","Orange County",3,83,117,54,63
050,50,017,"Vermont","Orange County",3,84,101,46,55
050,50,017,"Vermont","Orange County",3,85,597,207,390
050,50,017,"Vermont","Orange County",4,0,272,132,140
050,50,017,"Vermont","Orange County",4,1,227,115,112
050,50,017,"Vermont","Orange County",4,2,266,128,138
050,50,017,"Vermont","Orange County",4,3,254,123,131
050,50,017,"Vermont","Orange County",4,4,274,138,136
050,50,017,"Vermont","Orange County",4,5,279,143,136
050,50,017,"Vermont","Orange County",4,6,288,149,139
050,50,017,"Vermont","Orange County",4,7,303,152,151
050,50,017,"Vermont","Orange County",4,8,295,149,146
050,50,017,"Vermont","Orange County",4,9,286,153,133
050,50,017,"Vermont","Orange County",4,10,313,164,149
050,50,017,"Vermont","Orange County",4,11,311,165,146
050,50,017,"Vermont","Orange County",4,12,317,184,133
050,50,017,"Vermont","Orange County",4,13,324,168,156
050,50,017,"Vermont","Orange County",4,14,351,182,169
050,50,017,"Vermont","Orange County",4,15,348,183,165
050,50,017,"Vermont","Orange County",4,16,308,162,146
050,50,017,"Vermont","Orange County",4,17,316,167,149
050,50,017,"Vermont","Orange County",4,18,334,200,134
050,50,017,"Vermont","Orange County",4,19,308,196,112
050,50,017,"Vermont","Orange County",4,20,332,195,137
050,50,017,"Vermont","Orange County",4,21,293,170,123
050,50,017,"Vermont","Orange County",4,22,291,147,144
050,50,017,"Vermont","Orange County",4,23,266,133,133
050,50,017,"Vermont","Orange County",4,24,296,155,141
050,50,017,"Vermont","Orange County",4,25,264,119,145
050,50,017,"Vermont","Orange County",4,26,277,145,132
050,50,017,"Vermont","Orange County",4,27,311,149,162
050,50,017,"Vermont","Orange County",4,28,329,155,174
050,50,017,"Vermont","Orange County",4,29,329,164,165
050,50,017,"Vermont","Orange County",4,30,330,164,166
050,50,017,"Vermont","Orange County",4,31,321,167,154
050,50,017,"Vermont","Orange County",4,32,357,184,173
050,50,017,"Vermont","Orange County",4,33,343,170,173
050,50,017,"Vermont","Orange County",4,34,323,168,155
050,50,017,"Vermont","Orange County",4,35,362,187,175
050,50,017,"Vermont","Orange County",4,36,411,201,210
050,50,017,"Vermont","Orange County",4,37,376,186,190
050,50,017,"Vermont","Orange County",4,38,385,200,185
050,50,017,"Vermont","Orange County",4,39,388,181,207
050,50,017,"Vermont","Orange County",4,40,394,202,192
050,50,017,"Vermont","Orange County",4,41,380,198,182
050,50,017,"Vermont","Orange County",4,42,390,198,192
050,50,017,"Vermont","Orange County",4,43,364,195,169
050,50,017,"Vermont","Orange County",4,44,347,173,174
050,50,017,"Vermont","Orange County",4,45,352,178,174
050,50,017,"Vermont","Orange County",4,46,325,166,159
050,50,017,"Vermont","Orange County",4,47,346,174,172
050,50,017,"Vermont","Orange County",4,48,351,186,165
050,50,017,"Vermont","Orange County",4,49,351,171,180
050,50,017,"Vermont","Orange County",4,50,344,157,187
050,50,017,"Vermont","Orange County",4,51,393,184,209
050,50,017,"Vermont","Orange County",4,52,395,187,208
050,50,017,"Vermont","Orange County",4,53,399,202,197
050,50,017,"Vermont","Orange County",4,54,409,214,195
050,50,017,"Vermont","Orange County",4,55,393,206,187
050,50,017,"Vermont","Orange County",4,56,426,213,213
050,50,017,"Vermont","Orange County",4,57,459,233,226
050,50,017,"Vermont","Orange County",4,58,471,234,237
050,50,017,"Vermont","Orange County",4,59,454,224,230
050,50,017,"Vermont","Orange County",4,60,473,221,252
050,50,017,"Vermont","Orange County",4,61,523,254,269
050,50,017,"Vermont","Orange County",4,62,540,262,278
050,50,017,"Vermont","Orange County",4,63,503,247,256
050,50,017,"Vermont","Orange County",4,64,504,263,241
050,50,017,"Vermont","Orange County",4,65,509,260,249
050,50,017,"Vermont","Orange County",4,66,469,236,233
050,50,017,"Vermont","Orange County",4,67,496,239,257
050,50,017,"Vermont","Orange County",4,68,481,229,252
050,50,017,"Vermont","Orange County",4,69,439,227,212
050,50,017,"Vermont","Orange County",4,70,431,227,204
050,50,017,"Vermont","Orange County",4,71,426,212,214
050,50,017,"Vermont","Orange County",4,72,401,192,209
050,50,017,"Vermont","Orange County",4,73,391,191,200
050,50,017,"Vermont","Orange County",4,74,382,188,194
050,50,017,"Vermont","Orange County",4,75,377,185,192
050,50,017,"Vermont","Orange County",4,76,241,110,131
050,50,017,"Vermont","Orange County",4,77,238,107,131
050,50,017,"Vermont","Orange County",4,78,223,107,116
050,50,017,"Vermont","Orange County",4,79,233,122,111
050,50,017,"Vermont","Orange County",4,80,185,84,101
050,50,017,"Vermont","Orange County",4,81,152,68,84
050,50,017,"Vermont","Orange County",4,82,144,66,78
050,50,017,"Vermont","Orange County",4,83,115,56,59
050,50,017,"Vermont","Orange County",4,84,96,39,57
050,50,017,"Vermont","Orange County",4,85,607,214,393
050,50,017,"Vermont","Orange County",5,0,246,121,125
050,50,017,"Vermont","Orange County",5,1,264,119,145
050,50,017,"Vermont","Orange County",5,2,238,119,119
050,50,017,"Vermont","Orange County",5,3,269,131,138
050,50,017,"Vermont","Orange County",5,4,247,115,132
050,50,017,"Vermont","Orange County",5,5,277,141,136
050,50,017,"Vermont","Orange County",5,6,279,142,137
050,50,017,"Vermont","Orange County",5,7,287,145,142
050,50,017,"Vermont","Orange County",5,8,308,152,156
050,50,017,"Vermont","Orange County",5,9,297,153,144
050,50,017,"Vermont","Orange County",5,10,292,154,138
050,50,017,"Vermont","Orange County",5,11,305,160,145
050,50,017,"Vermont","Orange County",5,12,307,159,148
050,50,017,"Vermont","Orange County",5,13,316,184,132
050,50,017,"Vermont","Orange County",5,14,323,169,154
050,50,017,"Vermont","Orange County",5,15,351,179,172
050,50,017,"Vermont","Orange County",5,16,357,184,173
050,50,017,"Vermont","Orange County",5,17,308,164,144
050,50,017,"Vermont","Orange County",5,18,315,182,133
050,50,017,"Vermont","Orange County",5,19,336,213,123
050,50,017,"Vermont","Orange County",5,20,312,194,118
050,50,017,"Vermont","Orange County",5,21,281,152,129
050,50,017,"Vermont","Orange County",5,22,279,150,129
050,50,017,"Vermont","Orange County",5,23,279,141,138
050,50,017,"Vermont","Orange County",5,24,262,125,137
050,50,017,"Vermont","Orange County",5,25,272,145,127
050,50,017,"Vermont","Orange County",5,26,271,129,142
050,50,017,"Vermont","Orange County",5,27,273,135,138
050,50,017,"Vermont","Orange County",5,28,302,137,165
050,50,017,"Vermont","Orange County",5,29,316,147,169
050,50,017,"Vermont","Orange County",5,30,350,172,178
050,50,017,"Vermont","Orange County",5,31,336,168,168
050,50,017,"Vermont","Orange County",5,32,336,171,165
050,50,017,"Vermont","Orange County",5,33,372,198,174
050,50,017,"Vermont","Orange County",5,34,354,176,178
050,50,017,"Vermont","Orange County",5,35,351,191,160
050,50,017,"Vermont","Orange County",5,36,372,187,185
050,50,017,"Vermont","Orange County",5,37,404,194,210
050,50,017,"Vermont","Orange County",5,38,383,192,191
050,50,017,"Vermont","Orange County",5,39,382,192,190
050,50,017,"Vermont","Orange County",5,40,395,187,208
050,50,017,"Vermont","Orange County",5,41,415,218,197
050,50,017,"Vermont","Orange County",5,42,382,197,185
050,50,017,"Vermont","Orange County",5,43,392,196,196
050,50,017,"Vermont","Orange County",5,44,363,189,174
050,50,017,"Vermont","Orange County",5,45,338,169,169
050,50,017,"Vermont","Orange County",5,46,370,184,186
050,50,017,"Vermont","Orange County",5,47,325,167,158
050,50,017,"Vermont","Orange County",5,48,360,185,175
050,50,017,"Vermont","Orange County",5,49,356,181,175
050,50,017,"Vermont","Orange County",5,50,356,177,179
050,50,017,"Vermont","Orange County",5,51,354,162,192
050,50,017,"Vermont","Orange County",5,52,395,185,210
050,50,017,"Vermont","Orange County",5,53,389,184,205
050,50,017,"Vermont","Orange County",5,54,399,210,189
050,50,017,"Vermont","Orange County",5,55,402,211,191
050,50,017,"Vermont","Orange County",5,56,399,205,194
050,50,017,"Vermont","Orange County",5,57,418,211,207
050,50,017,"Vermont","Orange County",5,58,461,239,222
050,50,017,"Vermont","Orange County",5,59,470,234,236
050,50,017,"Vermont","Orange County",5,60,453,226,227
050,50,017,"Vermont","Orange County",5,61,474,224,250
050,50,017,"Vermont","Orange County",5,62,507,238,269
050,50,017,"Vermont","Orange County",5,63,537,257,280
050,50,017,"Vermont","Orange County",5,64,502,249,253
050,50,017,"Vermont","Orange County",5,65,511,263,248
050,50,017,"Vermont","Orange County",5,66,502,253,249
050,50,017,"Vermont","Orange County",5,67,472,232,240
050,50,017,"Vermont","Orange County",5,68,483,232,251
050,50,017,"Vermont","Orange County",5,69,475,230,245
050,50,017,"Vermont","Orange County",5,70,448,235,213
050,50,017,"Vermont","Orange County",5,71,423,223,200
050,50,017,"Vermont","Orange County",5,72,420,206,214
050,50,017,"Vermont","Orange County",5,73,391,190,201
050,50,017,"Vermont","Orange County",5,74,387,191,196
050,50,017,"Vermont","Orange County",5,75,368,182,186
050,50,017,"Vermont","Orange County",5,76,358,174,184
050,50,017,"Vermont","Orange County",5,77,234,104,130
050,50,017,"Vermont","Orange County",5,78,236,105,131
050,50,017,"Vermont","Orange County",5,79,218,108,110
050,50,017,"Vermont","Orange County",5,80,227,115,112
050,50,017,"Vermont","Orange County",5,81,174,77,97
050,50,017,"Vermont","Orange County",5,82,145,64,81
050,50,017,"Vermont","Orange County",5,83,130,64,66
050,50,017,"Vermont","Orange County",5,84,104,46,58
050,50,017,"Vermont","Orange County",5,85,616,212,404
050,50,019,"Vermont","Orleans County",1,0,263,134,129
050,50,019,"Vermont","Orleans County",1,1,259,123,136
050,50,019,"Vermont","Orleans County",1,2,264,124,140
050,50,019,"Vermont","Orleans County",1,3,281,147,134
050,50,019,"Vermont","Orleans County",1,4,265,125,140
050,50,019,"Vermont","Orleans County",1,5,272,147,125
050,50,019,"Vermont","Orleans County",1,6,295,161,134
050,50,019,"Vermont","Orleans County",1,7,285,149,136
050,50,019,"Vermont","Orleans County",1,8,322,149,173
050,50,019,"Vermont","Orleans County",1,9,305,158,147
050,50,019,"Vermont","Orleans County",1,10,315,157,158
050,50,019,"Vermont","Orleans County",1,11,316,153,163
050,50,019,"Vermont","Orleans County",1,12,323,162,161
050,50,019,"Vermont","Orleans County",1,13,339,184,155
050,50,019,"Vermont","Orleans County",1,14,330,174,156
050,50,019,"Vermont","Orleans County",1,15,313,151,162
050,50,019,"Vermont","Orleans County",1,16,323,157,166
050,50,019,"Vermont","Orleans County",1,17,341,172,169
050,50,019,"Vermont","Orleans County",1,18,292,158,134
050,50,019,"Vermont","Orleans County",1,19,241,131,110
050,50,019,"Vermont","Orleans County",1,20,268,153,115
050,50,019,"Vermont","Orleans County",1,21,293,155,138
050,50,019,"Vermont","Orleans County",1,22,310,161,149
050,50,019,"Vermont","Orleans County",1,23,311,157,154
050,50,019,"Vermont","Orleans County",1,24,299,146,153
050,50,019,"Vermont","Orleans County",1,25,303,161,142
050,50,019,"Vermont","Orleans County",1,26,299,163,136
050,50,019,"Vermont","Orleans County",1,27,297,161,136
050,50,019,"Vermont","Orleans County",1,28,286,151,135
050,50,019,"Vermont","Orleans County",1,29,314,163,151
050,50,019,"Vermont","Orleans County",1,30,309,154,155
050,50,019,"Vermont","Orleans County",1,31,295,153,142
050,50,019,"Vermont","Orleans County",1,32,298,159,139
050,50,019,"Vermont","Orleans County",1,33,322,180,142
050,50,019,"Vermont","Orleans County",1,34,312,172,140
050,50,019,"Vermont","Orleans County",1,35,304,163,141
050,50,019,"Vermont","Orleans County",1,36,290,155,135
050,50,019,"Vermont","Orleans County",1,37,321,167,154
050,50,019,"Vermont","Orleans County",1,38,320,167,153
050,50,019,"Vermont","Orleans County",1,39,335,168,167
050,50,019,"Vermont","Orleans County",1,40,335,166,169
050,50,019,"Vermont","Orleans County",1,41,291,137,154
050,50,019,"Vermont","Orleans County",1,42,318,151,167
050,50,019,"Vermont","Orleans County",1,43,307,152,155
050,50,019,"Vermont","Orleans County",1,44,296,144,152
050,50,019,"Vermont","Orleans County",1,45,293,163,130
050,50,019,"Vermont","Orleans County",1,46,314,170,144
050,50,019,"Vermont","Orleans County",1,47,320,169,151
050,50,019,"Vermont","Orleans County",1,48,336,177,159
050,50,019,"Vermont","Orleans County",1,49,365,192,173
050,50,019,"Vermont","Orleans County",1,50,358,192,166
050,50,019,"Vermont","Orleans County",1,51,368,181,187
050,50,019,"Vermont","Orleans County",1,52,350,180,170
050,50,019,"Vermont","Orleans County",1,53,365,189,176
050,50,019,"Vermont","Orleans County",1,54,349,178,171
050,50,019,"Vermont","Orleans County",1,55,384,192,192
050,50,019,"Vermont","Orleans County",1,56,404,192,212
050,50,019,"Vermont","Orleans County",1,57,398,195,203
050,50,019,"Vermont","Orleans County",1,58,415,214,201
050,50,019,"Vermont","Orleans County",1,59,417,207,210
050,50,019,"Vermont","Orleans County",1,60,393,195,198
050,50,019,"Vermont","Orleans County",1,61,425,213,212
050,50,019,"Vermont","Orleans County",1,62,434,222,212
050,50,019,"Vermont","Orleans County",1,63,449,230,219
050,50,019,"Vermont","Orleans County",1,64,459,227,232
050,50,019,"Vermont","Orleans County",1,65,442,231,211
050,50,019,"Vermont","Orleans County",1,66,413,198,215
050,50,019,"Vermont","Orleans County",1,67,444,211,233
050,50,019,"Vermont","Orleans County",1,68,424,203,221
050,50,019,"Vermont","Orleans County",1,69,377,184,193
050,50,019,"Vermont","Orleans County",1,70,361,164,197
050,50,019,"Vermont","Orleans County",1,71,358,170,188
050,50,019,"Vermont","Orleans County",1,72,370,194,176
050,50,019,"Vermont","Orleans County",1,73,361,180,181
050,50,019,"Vermont","Orleans County",1,74,263,136,127
050,50,019,"Vermont","Orleans County",1,75,256,117,139
050,50,019,"Vermont","Orleans County",1,76,252,129,123
050,50,019,"Vermont","Orleans County",1,77,263,139,124
050,50,019,"Vermont","Orleans County",1,78,202,101,101
050,50,019,"Vermont","Orleans County",1,79,180,85,95
050,50,019,"Vermont","Orleans County",1,80,156,76,80
050,50,019,"Vermont","Orleans County",1,81,142,73,69
050,50,019,"Vermont","Orleans County",1,82,122,55,67
050,50,019,"Vermont","Orleans County",1,83,117,52,65
050,50,019,"Vermont","Orleans County",1,84,108,45,63
050,50,019,"Vermont","Orleans County",1,85,617,201,416
050,50,019,"Vermont","Orleans County",2,0,267,140,127
050,50,019,"Vermont","Orleans County",2,1,259,124,135
050,50,019,"Vermont","Orleans County",2,2,262,123,139
050,50,019,"Vermont","Orleans County",2,3,275,140,135
050,50,019,"Vermont","Orleans County",2,4,269,131,138
050,50,019,"Vermont","Orleans County",2,5,271,141,130
050,50,019,"Vermont","Orleans County",2,6,288,157,131
050,50,019,"Vermont","Orleans County",2,7,286,152,134
050,50,019,"Vermont","Orleans County",2,8,313,148,165
050,50,019,"Vermont","Orleans County",2,9,310,156,154
050,50,019,"Vermont","Orleans County",2,10,316,159,157
050,50,019,"Vermont","Orleans County",2,11,315,154,161
050,50,019,"Vermont","Orleans County",2,12,321,160,161
050,50,019,"Vermont","Orleans County",2,13,337,180,157
050,50,019,"Vermont","Orleans County",2,14,334,177,157
050,50,019,"Vermont","Orleans County",2,15,320,157,163
050,50,019,"Vermont","Orleans County",2,16,321,155,166
050,50,019,"Vermont","Orleans County",2,17,335,167,168
050,50,019,"Vermont","Orleans County",2,18,289,156,133
050,50,019,"Vermont","Orleans County",2,19,247,135,112
050,50,019,"Vermont","Orleans County",2,20,270,151,119
050,50,019,"Vermont","Orleans County",2,21,294,159,135
050,50,019,"Vermont","Orleans County",2,22,304,158,146
050,50,019,"Vermont","Orleans County",2,23,309,157,152
050,50,019,"Vermont","Orleans County",2,24,301,148,153
050,50,019,"Vermont","Orleans County",2,25,302,158,144
050,50,019,"Vermont","Orleans County",2,26,304,164,140
050,50,019,"Vermont","Orleans County",2,27,294,160,134
050,50,019,"Vermont","Orleans County",2,28,290,155,135
050,50,019,"Vermont","Orleans County",2,29,306,160,146
050,50,019,"Vermont","Orleans County",2,30,309,156,153
050,50,019,"Vermont","Orleans County",2,31,298,152,146
050,50,019,"Vermont","Orleans County",2,32,302,161,141
050,50,019,"Vermont","Orleans County",2,33,315,173,142
050,50,019,"Vermont","Orleans County",2,34,313,173,140
050,50,019,"Vermont","Orleans County",2,35,310,167,143
050,50,019,"Vermont","Orleans County",2,36,293,156,137
050,50,019,"Vermont","Orleans County",2,37,315,165,150
050,50,019,"Vermont","Orleans County",2,38,321,167,154
050,50,019,"Vermont","Orleans County",2,39,331,166,165
050,50,019,"Vermont","Orleans County",2,40,339,169,170
050,50,019,"Vermont","Orleans County",2,41,299,143,156
050,50,019,"Vermont","Orleans County",2,42,315,151,164
050,50,019,"Vermont","Orleans County",2,43,309,150,159
050,50,019,"Vermont","Orleans County",2,44,295,144,151
050,50,019,"Vermont","Orleans County",2,45,296,158,138
050,50,019,"Vermont","Orleans County",2,46,310,167,143
050,50,019,"Vermont","Orleans County",2,47,316,167,149
050,50,019,"Vermont","Orleans County",2,48,335,177,158
050,50,019,"Vermont","Orleans County",2,49,359,190,169
050,50,019,"Vermont","Orleans County",2,50,364,193,171
050,50,019,"Vermont","Orleans County",2,51,363,181,182
050,50,019,"Vermont","Orleans County",2,52,351,179,172
050,50,019,"Vermont","Orleans County",2,53,361,186,175
050,50,019,"Vermont","Orleans County",2,54,352,180,172
050,50,019,"Vermont","Orleans County",2,55,375,187,188
050,50,019,"Vermont","Orleans County",2,56,399,190,209
050,50,019,"Vermont","Orleans County",2,57,400,195,205
050,50,019,"Vermont","Orleans County",2,58,410,209,201
050,50,019,"Vermont","Orleans County",2,59,417,209,208
050,50,019,"Vermont","Orleans County",2,60,400,199,201
050,50,019,"Vermont","Orleans County",2,61,417,209,208
050,50,019,"Vermont","Orleans County",2,62,432,220,212
050,50,019,"Vermont","Orleans County",2,63,449,227,222
050,50,019,"Vermont","Orleans County",2,64,452,226,226
050,50,019,"Vermont","Orleans County",2,65,444,230,214
050,50,019,"Vermont","Orleans County",2,66,414,201,213
050,50,019,"Vermont","Orleans County",2,67,435,208,227
050,50,019,"Vermont","Orleans County",2,68,425,204,221
050,50,019,"Vermont","Orleans County",2,69,390,190,200
050,50,019,"Vermont","Orleans County",2,70,359,169,190
050,50,019,"Vermont","Orleans County",2,71,355,167,188
050,50,019,"Vermont","Orleans County",2,72,360,184,176
050,50,019,"Vermont","Orleans County",2,73,380,192,188
050,50,019,"Vermont","Orleans County",2,74,268,136,132
050,50,019,"Vermont","Orleans County",2,75,256,122,134
050,50,019,"Vermont","Orleans County",2,76,248,124,124
050,50,019,"Vermont","Orleans County",2,77,263,139,124
050,50,019,"Vermont","Orleans County",2,78,211,106,105
050,50,019,"Vermont","Orleans County",2,79,180,87,93
050,50,019,"Vermont","Orleans County",2,80,162,79,83
050,50,019,"Vermont","Orleans County",2,81,144,74,70
050,50,019,"Vermont","Orleans County",2,82,124,58,66
050,50,019,"Vermont","Orleans County",2,83,118,53,65
050,50,019,"Vermont","Orleans County",2,84,110,46,64
050,50,019,"Vermont","Orleans County",2,85,626,207,419
050,50,019,"Vermont","Orleans County",3,0,234,112,122
050,50,019,"Vermont","Orleans County",3,1,275,144,131
050,50,019,"Vermont","Orleans County",3,2,261,129,132
050,50,019,"Vermont","Orleans County",3,3,265,129,136
050,50,019,"Vermont","Orleans County",3,4,279,145,134
050,50,019,"Vermont","Orleans County",3,5,279,135,144
050,50,019,"Vermont","Orleans County",3,6,279,146,133
050,50,019,"Vermont","Orleans County",3,7,304,167,137
050,50,019,"Vermont","Orleans County",3,8,290,149,141
050,50,019,"Vermont","Orleans County",3,9,334,158,176
050,50,019,"Vermont","Orleans County",3,10,307,154,153
050,50,019,"Vermont","Orleans County",3,11,315,159,156
050,50,019,"Vermont","Orleans County",3,12,302,149,153
050,50,019,"Vermont","Orleans County",3,13,320,161,159
050,50,019,"Vermont","Orleans County",3,14,333,176,157
050,50,019,"Vermont","Orleans County",3,15,329,171,158
050,50,019,"Vermont","Orleans County",3,16,325,160,165
050,50,019,"Vermont","Orleans County",3,17,316,153,163
050,50,019,"Vermont","Orleans County",3,18,285,149,136
050,50,019,"Vermont","Orleans County",3,19,247,138,109
050,50,019,"Vermont","Orleans County",3,20,265,146,119
050,50,019,"Vermont","Orleans County",3,21,291,157,134
050,50,019,"Vermont","Orleans County",3,22,305,158,147
050,50,019,"Vermont","Orleans County",3,23,330,167,163
050,50,019,"Vermont","Orleans County",3,24,319,159,160
050,50,019,"Vermont","Orleans County",3,25,311,155,156
050,50,019,"Vermont","Orleans County",3,26,330,188,142
050,50,019,"Vermont","Orleans County",3,27,301,161,140
050,50,019,"Vermont","Orleans County",3,28,290,162,128
050,50,019,"Vermont","Orleans County",3,29,303,162,141
050,50,019,"Vermont","Orleans County",3,30,318,166,152
050,50,019,"Vermont","Orleans County",3,31,304,160,144
050,50,019,"Vermont","Orleans County",3,32,306,154,152
050,50,019,"Vermont","Orleans County",3,33,309,161,148
050,50,019,"Vermont","Orleans County",3,34,309,171,138
050,50,019,"Vermont","Orleans County",3,35,319,172,147
050,50,019,"Vermont","Orleans County",3,36,315,172,143
050,50,019,"Vermont","Orleans County",3,37,303,162,141
050,50,019,"Vermont","Orleans County",3,38,326,165,161
050,50,019,"Vermont","Orleans County",3,39,323,156,167
050,50,019,"Vermont","Orleans County",3,40,347,185,162
050,50,019,"Vermont","Orleans County",3,41,337,172,165
050,50,019,"Vermont","Orleans County",3,42,319,155,164
050,50,019,"Vermont","Orleans County",3,43,320,152,168
050,50,019,"Vermont","Orleans County",3,44,309,150,159
050,50,019,"Vermont","Orleans County",3,45,299,143,156
050,50,019,"Vermont","Orleans County",3,46,301,159,142
050,50,019,"Vermont","Orleans County",3,47,304,162,142
050,50,019,"Vermont","Orleans County",3,48,321,169,152
050,50,019,"Vermont","Orleans County",3,49,328,171,157
050,50,019,"Vermont","Orleans County",3,50,364,195,169
050,50,019,"Vermont","Orleans County",3,51,358,190,168
050,50,019,"Vermont","Orleans County",3,52,369,180,189
050,50,019,"Vermont","Orleans County",3,53,353,183,170
050,50,019,"Vermont","Orleans County",3,54,357,176,181
050,50,019,"Vermont","Orleans County",3,55,355,178,177
050,50,019,"Vermont","Orleans County",3,56,389,191,198
050,50,019,"Vermont","Orleans County",3,57,389,189,200
050,50,019,"Vermont","Orleans County",3,58,402,198,204
050,50,019,"Vermont","Orleans County",3,59,426,218,208
050,50,019,"Vermont","Orleans County",3,60,412,213,199
050,50,019,"Vermont","Orleans County",3,61,408,207,201
050,50,019,"Vermont","Orleans County",3,62,422,210,212
050,50,019,"Vermont","Orleans County",3,63,431,214,217
050,50,019,"Vermont","Orleans County",3,64,457,226,231
050,50,019,"Vermont","Orleans County",3,65,462,233,229
050,50,019,"Vermont","Orleans County",3,66,436,223,213
050,50,019,"Vermont","Orleans County",3,67,409,197,212
050,50,019,"Vermont","Orleans County",3,68,436,210,226
050,50,019,"Vermont","Orleans County",3,69,411,194,217
050,50,019,"Vermont","Orleans County",3,70,395,193,202
050,50,019,"Vermont","Orleans County",3,71,347,166,181
050,50,019,"Vermont","Orleans County",3,72,348,164,184
050,50,019,"Vermont","Orleans County",3,73,361,184,177
050,50,019,"Vermont","Orleans County",3,74,369,188,181
050,50,019,"Vermont","Orleans County",3,75,250,122,128
050,50,019,"Vermont","Orleans County",3,76,247,117,130
050,50,019,"Vermont","Orleans County",3,77,251,121,130
050,50,019,"Vermont","Orleans County",3,78,243,129,114
050,50,019,"Vermont","Orleans County",3,79,191,103,88
050,50,019,"Vermont","Orleans County",3,80,176,84,92
050,50,019,"Vermont","Orleans County",3,81,153,79,74
050,50,019,"Vermont","Orleans County",3,82,128,68,60
050,50,019,"Vermont","Orleans County",3,83,121,54,67
050,50,019,"Vermont","Orleans County",3,84,100,42,58
050,50,019,"Vermont","Orleans County",3,85,624,208,416
050,50,019,"Vermont","Orleans County",4,0,213,109,104
050,50,019,"Vermont","Orleans County",4,1,254,119,135
050,50,019,"Vermont","Orleans County",4,2,267,143,124
050,50,019,"Vermont","Orleans County",4,3,277,140,137
050,50,019,"Vermont","Orleans County",4,4,263,123,140
050,50,019,"Vermont","Orleans County",4,5,279,148,131
050,50,019,"Vermont","Orleans County",4,6,290,142,148
050,50,019,"Vermont","Orleans County",4,7,286,150,136
050,50,019,"Vermont","Orleans County",4,8,312,166,146
050,50,019,"Vermont","Orleans County",4,9,295,156,139
050,50,019,"Vermont","Orleans County",4,10,345,161,184
050,50,019,"Vermont","Orleans County",4,11,306,155,151
050,50,019,"Vermont","Orleans County",4,12,318,160,158
050,50,019,"Vermont","Orleans County",4,13,308,148,160
050,50,019,"Vermont","Orleans County",4,14,330,163,167
050,50,019,"Vermont","Orleans County",4,15,333,177,156
050,50,019,"Vermont","Orleans County",4,16,338,175,163
050,50,019,"Vermont","Orleans County",4,17,328,161,167
050,50,019,"Vermont","Orleans County",4,18,274,141,133
050,50,019,"Vermont","Orleans County",4,19,234,130,104
050,50,019,"Vermont","Orleans County",4,20,266,152,114
050,50,019,"Vermont","Orleans County",4,21,284,151,133
050,50,019,"Vermont","Orleans County",4,22,289,163,126
050,50,019,"Vermont","Orleans County",4,23,298,161,137
050,50,019,"Vermont","Orleans County",4,24,311,153,158
050,50,019,"Vermont","Orleans County",4,25,301,150,151
050,50,019,"Vermont","Orleans County",4,26,320,170,150
050,50,019,"Vermont","Orleans County",4,27,329,186,143
050,50,019,"Vermont","Orleans County",4,28,302,155,147
050,50,019,"Vermont","Orleans County",4,29,297,163,134
050,50,019,"Vermont","Orleans County",4,30,304,158,146
050,50,019,"Vermont","Orleans County",4,31,329,165,164
050,50,019,"Vermont","Orleans County",4,32,315,163,152
050,50,019,"Vermont","Orleans County",4,33,315,158,157
050,50,019,"Vermont","Orleans County",4,34,308,159,149
050,50,019,"Vermont","Orleans County",4,35,307,173,134
050,50,019,"Vermont","Orleans County",4,36,341,186,155
050,50,019,"Vermont","Orleans County",4,37,320,176,144
050,50,019,"Vermont","Orleans County",4,38,319,164,155
050,50,019,"Vermont","Orleans County",4,39,321,157,164
050,50,019,"Vermont","Orleans County",4,40,337,172,165
050,50,019,"Vermont","Orleans County",4,41,338,181,157
050,50,019,"Vermont","Orleans County",4,42,345,182,163
050,50,019,"Vermont","Orleans County",4,43,318,155,163
050,50,019,"Vermont","Orleans County",4,44,326,153,173
050,50,019,"Vermont","Orleans County",4,45,318,155,163
050,50,019,"Vermont","Orleans County",4,46,303,148,155
050,50,019,"Vermont","Orleans County",4,47,309,162,147
050,50,019,"Vermont","Orleans County",4,48,310,165,145
050,50,019,"Vermont","Orleans County",4,49,309,163,146
050,50,019,"Vermont","Orleans County",4,50,334,176,158
050,50,019,"Vermont","Orleans County",4,51,368,196,172
050,50,019,"Vermont","Orleans County",4,52,364,198,166
050,50,019,"Vermont","Orleans County",4,53,374,183,191
050,50,019,"Vermont","Orleans County",4,54,357,185,172
050,50,019,"Vermont","Orleans County",4,55,356,175,181
050,50,019,"Vermont","Orleans County",4,56,370,186,184
050,50,019,"Vermont","Orleans County",4,57,392,193,199
050,50,019,"Vermont","Orleans County",4,58,393,196,197
050,50,019,"Vermont","Orleans County",4,59,409,205,204
050,50,019,"Vermont","Orleans County",4,60,431,220,211
050,50,019,"Vermont","Orleans County",4,61,406,209,197
050,50,019,"Vermont","Orleans County",4,62,408,204,204
050,50,019,"Vermont","Orleans County",4,63,416,213,203
050,50,019,"Vermont","Orleans County",4,64,426,214,212
050,50,019,"Vermont","Orleans County",4,65,451,223,228
050,50,019,"Vermont","Orleans County",4,66,454,221,233
050,50,019,"Vermont","Orleans County",4,67,428,212,216
050,50,019,"Vermont","Orleans County",4,68,402,198,204
050,50,019,"Vermont","Orleans County",4,69,422,204,218
050,50,019,"Vermont","Orleans County",4,70,402,192,210
050,50,019,"Vermont","Orleans County",4,71,390,196,194
050,50,019,"Vermont","Orleans County",4,72,336,159,177
050,50,019,"Vermont","Orleans County",4,73,347,160,187
050,50,019,"Vermont","Orleans County",4,74,340,175,165
050,50,019,"Vermont","Orleans County",4,75,351,179,172
050,50,019,"Vermont","Orleans County",4,76,237,114,123
050,50,019,"Vermont","Orleans County",4,77,247,117,130
050,50,019,"Vermont","Orleans County",4,78,227,108,119
050,50,019,"Vermont","Orleans County",4,79,217,121,96
050,50,019,"Vermont","Orleans County",4,80,177,95,82
050,50,019,"Vermont","Orleans County",4,81,155,79,76
050,50,019,"Vermont","Orleans County",4,82,133,69,64
050,50,019,"Vermont","Orleans County",4,83,118,59,59
050,50,019,"Vermont","Orleans County",4,84,104,44,60
050,50,019,"Vermont","Orleans County",4,85,581,178,403
050,50,019,"Vermont","Orleans County",5,0,208,106,102
050,50,019,"Vermont","Orleans County",5,1,228,119,109
050,50,019,"Vermont","Orleans County",5,2,265,126,139
050,50,019,"Vermont","Orleans County",5,3,283,148,135
050,50,019,"Vermont","Orleans County",5,4,280,142,138
050,50,019,"Vermont","Orleans County",5,5,269,129,140
050,50,019,"Vermont","Orleans County",5,6,284,150,134
050,50,019,"Vermont","Orleans County",5,7,297,149,148
050,50,019,"Vermont","Orleans County",5,8,285,152,133
050,50,019,"Vermont","Orleans County",5,9,310,169,141
050,50,019,"Vermont","Orleans County",5,10,289,156,133
050,50,019,"Vermont","Orleans County",5,11,354,166,188
050,50,019,"Vermont","Orleans County",5,12,310,157,153
050,50,019,"Vermont","Orleans County",5,13,319,160,159
050,50,019,"Vermont","Orleans County",5,14,303,146,157
050,50,019,"Vermont","Orleans County",5,15,325,161,164
050,50,019,"Vermont","Orleans County",5,16,333,172,161
050,50,019,"Vermont","Orleans County",5,17,328,165,163
050,50,019,"Vermont","Orleans County",5,18,277,142,135
050,50,019,"Vermont","Orleans County",5,19,223,116,107
050,50,019,"Vermont","Orleans County",5,20,260,142,118
050,50,019,"Vermont","Orleans County",5,21,286,160,126
050,50,019,"Vermont","Orleans County",5,22,300,157,143
050,50,019,"Vermont","Orleans County",5,23,295,169,126
050,50,019,"Vermont","Orleans County",5,24,288,151,137
050,50,019,"Vermont","Orleans County",5,25,312,160,152
050,50,019,"Vermont","Orleans County",5,26,312,164,148
050,50,019,"Vermont","Orleans County",5,27,319,165,154
050,50,019,"Vermont","Orleans County",5,28,332,185,147
050,50,019,"Vermont","Orleans County",5,29,309,162,147
050,50,019,"Vermont","Orleans County",5,30,299,161,138
050,50,019,"Vermont","Orleans County",5,31,325,171,154
050,50,019,"Vermont","Orleans County",5,32,333,165,168
050,50,019,"Vermont","Orleans County",5,33,329,162,167
050,50,019,"Vermont","Orleans County",5,34,323,165,158
050,50,019,"Vermont","Orleans County",5,35,308,161,147
050,50,019,"Vermont","Orleans County",5,36,313,179,134
050,50,019,"Vermont","Orleans County",5,37,351,187,164
050,50,019,"Vermont","Orleans County",5,38,325,177,148
050,50,019,"Vermont","Orleans County",5,39,309,162,147
050,50,019,"Vermont","Orleans County",5,40,324,163,161
050,50,019,"Vermont","Orleans County",5,41,346,172,174
050,50,019,"Vermont","Orleans County",5,42,341,186,155
050,50,019,"Vermont","Orleans County",5,43,332,171,161
050,50,019,"Vermont","Orleans County",5,44,324,164,160
050,50,019,"Vermont","Orleans County",5,45,327,154,173
050,50,019,"Vermont","Orleans County",5,46,323,162,161
050,50,019,"Vermont","Orleans County",5,47,294,139,155
050,50,019,"Vermont","Orleans County",5,48,317,168,149
050,50,019,"Vermont","Orleans County",5,49,304,166,138
050,50,019,"Vermont","Orleans County",5,50,312,168,144
050,50,019,"Vermont","Orleans County",5,51,326,173,153
050,50,019,"Vermont","Orleans County",5,52,372,195,177
050,50,019,"Vermont","Orleans County",5,53,364,196,168
050,50,019,"Vermont","Orleans County",5,54,367,185,182
050,50,019,"Vermont","Orleans County",5,55,355,182,173
050,50,019,"Vermont","Orleans County",5,56,362,179,183
050,50,019,"Vermont","Orleans County",5,57,376,192,184
050,50,019,"Vermont","Orleans County",5,58,395,190,205
050,50,019,"Vermont","Orleans County",5,59,402,195,207
050,50,019,"Vermont","Orleans County",5,60,417,211,206
050,50,019,"Vermont","Orleans County",5,61,432,224,208
050,50,019,"Vermont","Orleans County",5,62,396,196,200
050,50,019,"Vermont","Orleans County",5,63,416,209,207
050,50,019,"Vermont","Orleans County",5,64,407,208,199
050,50,019,"Vermont","Orleans County",5,65,425,217,208
050,50,019,"Vermont","Orleans County",5,66,435,212,223
050,50,019,"Vermont","Orleans County",5,67,452,221,231
050,50,019,"Vermont","Orleans County",5,68,422,213,209
050,50,019,"Vermont","Orleans County",5,69,387,187,200
050,50,019,"Vermont","Orleans County",5,70,419,202,217
050,50,019,"Vermont","Orleans County",5,71,404,197,207
050,50,019,"Vermont","Orleans County",5,72,370,188,182
050,50,019,"Vermont","Orleans County",5,73,327,151,176
050,50,019,"Vermont","Orleans County",5,74,333,157,176
050,50,019,"Vermont","Orleans County",5,75,328,164,164
050,50,019,"Vermont","Orleans County",5,76,338,171,167
050,50,019,"Vermont","Orleans County",5,77,235,112,123
050,50,019,"Vermont","Orleans County",5,78,220,104,116
050,50,019,"Vermont","Orleans County",5,79,209,104,105
050,50,019,"Vermont","Orleans County",5,80,202,113,89
050,50,019,"Vermont","Orleans County",5,81,163,92,71
050,50,019,"Vermont","Orleans County",5,82,140,74,66
050,50,019,"Vermont","Orleans County",5,83,120,59,61
050,50,019,"Vermont","Orleans County",5,84,100,50,50
050,50,019,"Vermont","Orleans County",5,85,558,160,398
050,50,021,"Vermont","Rutland County",1,0,472,242,230
050,50,021,"Vermont","Rutland County",1,1,500,255,245
050,50,021,"Vermont","Rutland County",1,2,517,257,260
050,50,021,"Vermont","Rutland County",1,3,540,279,261
050,50,021,"Vermont","Rutland County",1,4,573,279,294
050,50,021,"Vermont","Rutland County",1,5,588,307,281
050,50,021,"Vermont","Rutland County",1,6,604,327,277
050,50,021,"Vermont","Rutland County",1,7,580,298,282
050,50,021,"Vermont","Rutland County",1,8,630,328,302
050,50,021,"Vermont","Rutland County",1,9,593,309,284
050,50,021,"Vermont","Rutland County",1,10,610,307,303
050,50,021,"Vermont","Rutland County",1,11,606,319,287
050,50,021,"Vermont","Rutland County",1,12,643,342,301
050,50,021,"Vermont","Rutland County",1,13,669,360,309
050,50,021,"Vermont","Rutland County",1,14,666,335,331
050,50,021,"Vermont","Rutland County",1,15,643,337,306
050,50,021,"Vermont","Rutland County",1,16,668,353,315
050,50,021,"Vermont","Rutland County",1,17,694,362,332
050,50,021,"Vermont","Rutland County",1,18,734,373,361
050,50,021,"Vermont","Rutland County",1,19,771,393,378
050,50,021,"Vermont","Rutland County",1,20,724,385,339
050,50,021,"Vermont","Rutland County",1,21,702,364,338
050,50,021,"Vermont","Rutland County",1,22,649,329,320
050,50,021,"Vermont","Rutland County",1,23,652,325,327
050,50,021,"Vermont","Rutland County",1,24,613,323,290
050,50,021,"Vermont","Rutland County",1,25,637,338,299
050,50,021,"Vermont","Rutland County",1,26,637,331,306
050,50,021,"Vermont","Rutland County",1,27,652,334,318
050,50,021,"Vermont","Rutland County",1,28,654,358,296
050,50,021,"Vermont","Rutland County",1,29,667,356,311
050,50,021,"Vermont","Rutland County",1,30,676,342,334
050,50,021,"Vermont","Rutland County",1,31,648,337,311
050,50,021,"Vermont","Rutland County",1,32,681,367,314
050,50,021,"Vermont","Rutland County",1,33,657,335,322
050,50,021,"Vermont","Rutland County",1,34,680,314,366
050,50,021,"Vermont","Rutland County",1,35,670,332,338
050,50,021,"Vermont","Rutland County",1,36,680,345,335
050,50,021,"Vermont","Rutland County",1,37,686,371,315
050,50,021,"Vermont","Rutland County",1,38,688,347,341
050,50,021,"Vermont","Rutland County",1,39,666,333,333
050,50,021,"Vermont","Rutland County",1,40,649,322,327
050,50,021,"Vermont","Rutland County",1,41,603,303,300
050,50,021,"Vermont","Rutland County",1,42,634,319,315
050,50,021,"Vermont","Rutland County",1,43,605,307,298
050,50,021,"Vermont","Rutland County",1,44,603,315,288
050,50,021,"Vermont","Rutland County",1,45,638,323,315
050,50,021,"Vermont","Rutland County",1,46,643,315,328
050,50,021,"Vermont","Rutland County",1,47,652,331,321
050,50,021,"Vermont","Rutland County",1,48,735,373,362
050,50,021,"Vermont","Rutland County",1,49,832,428,404
050,50,021,"Vermont","Rutland County",1,50,821,418,403
050,50,021,"Vermont","Rutland County",1,51,813,411,402
050,50,021,"Vermont","Rutland County",1,52,793,397,396
050,50,021,"Vermont","Rutland County",1,53,846,415,431
050,50,021,"Vermont","Rutland County",1,54,859,436,423
050,50,021,"Vermont","Rutland County",1,55,917,465,452
050,50,021,"Vermont","Rutland County",1,56,1004,504,500
050,50,021,"Vermont","Rutland County",1,57,1051,524,527
050,50,021,"Vermont","Rutland County",1,58,1044,501,543
050,50,021,"Vermont","Rutland County",1,59,1062,514,548
050,50,021,"Vermont","Rutland County",1,60,1058,526,532
050,50,021,"Vermont","Rutland County",1,61,1020,484,536
050,50,021,"Vermont","Rutland County",1,62,1035,508,527
050,50,021,"Vermont","Rutland County",1,63,1032,505,527
050,50,021,"Vermont","Rutland County",1,64,1022,504,518
050,50,021,"Vermont","Rutland County",1,65,1013,509,504
050,50,021,"Vermont","Rutland County",1,66,964,493,471
050,50,021,"Vermont","Rutland County",1,67,939,445,494
050,50,021,"Vermont","Rutland County",1,68,950,449,501
050,50,021,"Vermont","Rutland County",1,69,891,432,459
050,50,021,"Vermont","Rutland County",1,70,829,411,418
050,50,021,"Vermont","Rutland County",1,71,826,416,410
050,50,021,"Vermont","Rutland County",1,72,850,413,437
050,50,021,"Vermont","Rutland County",1,73,836,410,426
050,50,021,"Vermont","Rutland County",1,74,552,275,277
050,50,021,"Vermont","Rutland County",1,75,551,261,290
050,50,021,"Vermont","Rutland County",1,76,564,267,297
050,50,021,"Vermont","Rutland County",1,77,536,248,288
050,50,021,"Vermont","Rutland County",1,78,428,198,230
050,50,021,"Vermont","Rutland County",1,79,397,185,212
050,50,021,"Vermont","Rutland County",1,80,337,147,190
050,50,021,"Vermont","Rutland County",1,81,359,165,194
050,50,021,"Vermont","Rutland County",1,82,334,160,174
050,50,021,"Vermont","Rutland County",1,83,263,109,154
050,50,021,"Vermont","Rutland County",1,84,212,95,117
050,50,021,"Vermont","Rutland County",1,85,1352,476,876
050,50,021,"Vermont","Rutland County",2,0,470,243,227
050,50,021,"Vermont","Rutland County",2,1,493,251,242
050,50,021,"Vermont","Rutland County",2,2,512,257,255
050,50,021,"Vermont","Rutland County",2,3,535,274,261
050,50,021,"Vermont","Rutland County",2,4,564,279,285
050,50,021,"Vermont","Rutland County",2,5,582,300,282
050,50,021,"Vermont","Rutland County",2,6,603,324,279
050,50,021,"Vermont","Rutland County",2,7,588,306,282
050,50,021,"Vermont","Rutland County",2,8,614,319,295
050,50,021,"Vermont","Rutland County",2,9,602,315,287
050,50,021,"Vermont","Rutland County",2,10,604,306,298
050,50,021,"Vermont","Rutland County",2,11,605,316,289
050,50,021,"Vermont","Rutland County",2,12,636,338,298
050,50,021,"Vermont","Rutland County",2,13,662,356,306
050,50,021,"Vermont","Rutland County",2,14,666,341,325
050,50,021,"Vermont","Rutland County",2,15,649,335,314
050,50,021,"Vermont","Rutland County",2,16,663,350,313
050,50,021,"Vermont","Rutland County",2,17,689,360,329
050,50,021,"Vermont","Rutland County",2,18,736,374,362
050,50,021,"Vermont","Rutland County",2,19,766,387,379
050,50,021,"Vermont","Rutland County",2,20,727,384,343
050,50,021,"Vermont","Rutland County",2,21,699,367,332
050,50,021,"Vermont","Rutland County",2,22,649,330,319
050,50,021,"Vermont","Rutland County",2,23,644,323,321
050,50,021,"Vermont","Rutland County",2,24,620,324,296
050,50,021,"Vermont","Rutland County",2,25,632,335,297
050,50,021,"Vermont","Rutland County",2,26,637,332,305
050,50,021,"Vermont","Rutland County",2,27,646,333,313
050,50,021,"Vermont","Rutland County",2,28,652,351,301
050,50,021,"Vermont","Rutland County",2,29,667,360,307
050,50,021,"Vermont","Rutland County",2,30,679,348,331
050,50,021,"Vermont","Rutland County",2,31,657,340,317
050,50,021,"Vermont","Rutland County",2,32,668,355,313
050,50,021,"Vermont","Rutland County",2,33,661,341,320
050,50,021,"Vermont","Rutland County",2,34,676,320,356
050,50,021,"Vermont","Rutland County",2,35,679,334,345
050,50,021,"Vermont","Rutland County",2,36,673,338,335
050,50,021,"Vermont","Rutland County",2,37,685,364,321
050,50,021,"Vermont","Rutland County",2,38,691,355,336
050,50,021,"Vermont","Rutland County",2,39,676,340,336
050,50,021,"Vermont","Rutland County",2,40,652,323,329
050,50,021,"Vermont","Rutland County",2,41,614,307,307
050,50,021,"Vermont","Rutland County",2,42,626,314,312
050,50,021,"Vermont","Rutland County",2,43,617,314,303
050,50,021,"Vermont","Rutland County",2,44,597,310,287
050,50,021,"Vermont","Rutland County",2,45,631,323,308
050,50,021,"Vermont","Rutland County",2,46,632,312,320
050,50,021,"Vermont","Rutland County",2,47,646,324,322
050,50,021,"Vermont","Rutland County",2,48,714,364,350
050,50,021,"Vermont","Rutland County",2,49,812,416,396
050,50,021,"Vermont","Rutland County",2,50,826,422,404
050,50,021,"Vermont","Rutland County",2,51,810,409,401
050,50,021,"Vermont","Rutland County",2,52,793,396,397
050,50,021,"Vermont","Rutland County",2,53,830,409,421
050,50,021,"Vermont","Rutland County",2,54,853,429,424
050,50,021,"Vermont","Rutland County",2,55,904,458,446
050,50,021,"Vermont","Rutland County",2,56,988,497,491
050,50,021,"Vermont","Rutland County",2,57,1041,518,523
050,50,021,"Vermont","Rutland County",2,58,1044,505,539
050,50,021,"Vermont","Rutland County",2,59,1064,514,550
050,50,021,"Vermont","Rutland County",2,60,1045,514,531
050,50,021,"Vermont","Rutland County",2,61,1019,489,530
050,50,021,"Vermont","Rutland County",2,62,1031,501,530
050,50,021,"Vermont","Rutland County",2,63,1037,505,532
050,50,021,"Vermont","Rutland County",2,64,1020,501,519
050,50,021,"Vermont","Rutland County",2,65,1013,508,505
050,50,021,"Vermont","Rutland County",2,66,976,498,478
050,50,021,"Vermont","Rutland County",2,67,942,455,487
050,50,021,"Vermont","Rutland County",2,68,937,443,494
050,50,021,"Vermont","Rutland County",2,69,906,435,471
050,50,021,"Vermont","Rutland County",2,70,832,411,421
050,50,021,"Vermont","Rutland County",2,71,828,415,413
050,50,021,"Vermont","Rutland County",2,72,824,402,422
050,50,021,"Vermont","Rutland County",2,73,873,425,448
050,50,021,"Vermont","Rutland County",2,74,580,288,292
050,50,021,"Vermont","Rutland County",2,75,547,261,286
050,50,021,"Vermont","Rutland County",2,76,557,267,290
050,50,021,"Vermont","Rutland County",2,77,552,254,298
050,50,021,"Vermont","Rutland County",2,78,442,203,239
050,50,021,"Vermont","Rutland County",2,79,396,183,213
050,50,021,"Vermont","Rutland County",2,80,348,154,194
050,50,021,"Vermont","Rutland County",2,81,350,159,191
050,50,021,"Vermont","Rutland County",2,82,337,162,175
050,50,021,"Vermont","Rutland County",2,83,275,117,158
050,50,021,"Vermont","Rutland County",2,84,219,97,122
050,50,021,"Vermont","Rutland County",2,85,1347,480,867
050,50,021,"Vermont","Rutland County",3,0,475,240,235
050,50,021,"Vermont","Rutland County",3,1,477,240,237
050,50,021,"Vermont","Rutland County",3,2,508,261,247
050,50,021,"Vermont","Rutland County",3,3,528,270,258
050,50,021,"Vermont","Rutland County",3,4,552,289,263
050,50,021,"Vermont","Rutland County",3,5,585,287,298
050,50,021,"Vermont","Rutland County",3,6,602,312,290
050,50,021,"Vermont","Rutland County",3,7,611,326,285
050,50,021,"Vermont","Rutland County",3,8,595,314,281
050,50,021,"Vermont","Rutland County",3,9,619,320,299
050,50,021,"Vermont","Rutland County",3,10,609,314,295
050,50,021,"Vermont","Rutland County",3,11,611,303,308
050,50,021,"Vermont","Rutland County",3,12,598,309,289
050,50,021,"Vermont","Rutland County",3,13,644,344,300
050,50,021,"Vermont","Rutland County",3,14,660,356,304
050,50,021,"Vermont","Rutland County",3,15,674,340,334
050,50,021,"Vermont","Rutland County",3,16,646,335,311
050,50,021,"Vermont","Rutland County",3,17,669,353,316
050,50,021,"Vermont","Rutland County",3,18,755,389,366
050,50,021,"Vermont","Rutland County",3,19,743,370,373
050,50,021,"Vermont","Rutland County",3,20,729,369,360
050,50,021,"Vermont","Rutland County",3,21,701,366,335
050,50,021,"Vermont","Rutland County",3,22,664,350,314
050,50,021,"Vermont","Rutland County",3,23,648,338,310
050,50,021,"Vermont","Rutland County",3,24,618,321,297
050,50,021,"Vermont","Rutland County",3,25,638,335,303
050,50,021,"Vermont","Rutland County",3,26,645,339,306
050,50,021,"Vermont","Rutland County",3,27,649,338,311
050,50,021,"Vermont","Rutland County",3,28,653,343,310
050,50,021,"Vermont","Rutland County",3,29,669,360,309
050,50,021,"Vermont","Rutland County",3,30,675,367,308
050,50,021,"Vermont","Rutland County",3,31,698,357,341
050,50,021,"Vermont","Rutland County",3,32,691,357,334
050,50,021,"Vermont","Rutland County",3,33,697,378,319
050,50,021,"Vermont","Rutland County",3,34,653,328,325
050,50,021,"Vermont","Rutland County",3,35,692,333,359
050,50,021,"Vermont","Rutland County",3,36,688,329,359
050,50,021,"Vermont","Rutland County",3,37,695,349,346
050,50,021,"Vermont","Rutland County",3,38,674,363,311
050,50,021,"Vermont","Rutland County",3,39,700,355,345
050,50,021,"Vermont","Rutland County",3,40,673,332,341
050,50,021,"Vermont","Rutland County",3,41,660,326,334
050,50,021,"Vermont","Rutland County",3,42,629,315,314
050,50,021,"Vermont","Rutland County",3,43,648,331,317
050,50,021,"Vermont","Rutland County",3,44,609,309,300
050,50,021,"Vermont","Rutland County",3,45,613,324,289
050,50,021,"Vermont","Rutland County",3,46,619,310,309
050,50,021,"Vermont","Rutland County",3,47,636,316,320
050,50,021,"Vermont","Rutland County",3,48,664,330,334
050,50,021,"Vermont","Rutland County",3,49,716,366,350
050,50,021,"Vermont","Rutland County",3,50,813,415,398
050,50,021,"Vermont","Rutland County",3,51,832,421,411
050,50,021,"Vermont","Rutland County",3,52,809,409,400
050,50,021,"Vermont","Rutland County",3,53,797,394,403
050,50,021,"Vermont","Rutland County",3,54,829,405,424
050,50,021,"Vermont","Rutland County",3,55,855,436,419
050,50,021,"Vermont","Rutland County",3,56,902,460,442
050,50,021,"Vermont","Rutland County",3,57,975,484,491
050,50,021,"Vermont","Rutland County",3,58,1065,523,542
050,50,021,"Vermont","Rutland County",3,59,1040,501,539
050,50,021,"Vermont","Rutland County",3,60,1054,504,550
050,50,021,"Vermont","Rutland County",3,61,1042,511,531
050,50,021,"Vermont","Rutland County",3,62,1018,482,536
050,50,021,"Vermont","Rutland County",3,63,1027,495,532
050,50,021,"Vermont","Rutland County",3,64,1033,510,523
050,50,021,"Vermont","Rutland County",3,65,1004,488,516
050,50,021,"Vermont","Rutland County",3,66,994,497,497
050,50,021,"Vermont","Rutland County",3,67,957,480,477
050,50,021,"Vermont","Rutland County",3,68,931,446,485
050,50,021,"Vermont","Rutland County",3,69,940,445,495
050,50,021,"Vermont","Rutland County",3,70,880,428,452
050,50,021,"Vermont","Rutland County",3,71,816,402,414
050,50,021,"Vermont","Rutland County",3,72,793,395,398
050,50,021,"Vermont","Rutland County",3,73,814,395,419
050,50,021,"Vermont","Rutland County",3,74,870,426,444
050,50,021,"Vermont","Rutland County",3,75,553,272,281
050,50,021,"Vermont","Rutland County",3,76,537,255,282
050,50,021,"Vermont","Rutland County",3,77,553,259,294
050,50,021,"Vermont","Rutland County",3,78,543,245,298
050,50,021,"Vermont","Rutland County",3,79,428,196,232
050,50,021,"Vermont","Rutland County",3,80,372,167,205
050,50,021,"Vermont","Rutland County",3,81,334,151,183
050,50,021,"Vermont","Rutland County",3,82,326,150,176
050,50,021,"Vermont","Rutland County",3,83,304,140,164
050,50,021,"Vermont","Rutland County",3,84,251,110,141
050,50,021,"Vermont","Rutland County",3,85,1332,482,850
050,50,021,"Vermont","Rutland County",4,0,465,224,241
050,50,021,"Vermont","Rutland County",4,1,480,236,244
050,50,021,"Vermont","Rutland County",4,2,470,240,230
050,50,021,"Vermont","Rutland County",4,3,503,261,242
050,50,021,"Vermont","Rutland County",4,4,530,273,257
050,50,021,"Vermont","Rutland County",4,5,551,292,259
050,50,021,"Vermont","Rutland County",4,6,585,291,294
050,50,021,"Vermont","Rutland County",4,7,609,313,296
050,50,021,"Vermont","Rutland County",4,8,600,329,271
050,50,021,"Vermont","Rutland County",4,9,607,316,291
050,50,021,"Vermont","Rutland County",4,10,614,314,300
050,50,021,"Vermont","Rutland County",4,11,607,312,295
050,50,021,"Vermont","Rutland County",4,12,612,308,304
050,50,021,"Vermont","Rutland County",4,13,604,314,290
050,50,021,"Vermont","Rutland County",4,14,654,350,304
050,50,021,"Vermont","Rutland County",4,15,656,359,297
050,50,021,"Vermont","Rutland County",4,16,666,334,332
050,50,021,"Vermont","Rutland County",4,17,650,335,315
050,50,021,"Vermont","Rutland County",4,18,715,382,333
050,50,021,"Vermont","Rutland County",4,19,731,368,363
050,50,021,"Vermont","Rutland County",4,20,675,348,327
050,50,021,"Vermont","Rutland County",4,21,696,361,335
050,50,021,"Vermont","Rutland County",4,22,642,334,308
050,50,021,"Vermont","Rutland County",4,23,624,341,283
050,50,021,"Vermont","Rutland County",4,24,631,337,294
050,50,021,"Vermont","Rutland County",4,25,625,328,297
050,50,021,"Vermont","Rutland County",4,26,648,339,309
050,50,021,"Vermont","Rutland County",4,27,638,341,297
050,50,021,"Vermont","Rutland County",4,28,627,323,304
050,50,021,"Vermont","Rutland County",4,29,664,339,325
050,50,021,"Vermont","Rutland County",4,30,702,376,326
050,50,021,"Vermont","Rutland County",4,31,692,380,312
050,50,021,"Vermont","Rutland County",4,32,696,346,350
050,50,021,"Vermont","Rutland County",4,33,695,365,330
050,50,021,"Vermont","Rutland County",4,34,713,378,335
050,50,021,"Vermont","Rutland County",4,35,665,343,322
050,50,021,"Vermont","Rutland County",4,36,681,318,363
050,50,021,"Vermont","Rutland County",4,37,693,342,351
050,50,021,"Vermont","Rutland County",4,38,683,334,349
050,50,021,"Vermont","Rutland County",4,39,703,381,322
050,50,021,"Vermont","Rutland County",4,40,697,353,344
050,50,021,"Vermont","Rutland County",4,41,673,338,335
050,50,021,"Vermont","Rutland County",4,42,668,329,339
050,50,021,"Vermont","Rutland County",4,43,628,313,315
050,50,021,"Vermont","Rutland County",4,44,642,329,313
050,50,021,"Vermont","Rutland County",4,45,631,330,301
050,50,021,"Vermont","Rutland County",4,46,598,314,284
050,50,021,"Vermont","Rutland County",4,47,619,314,305
050,50,021,"Vermont","Rutland County",4,48,642,319,323
050,50,021,"Vermont","Rutland County",4,49,673,336,337
050,50,021,"Vermont","Rutland County",4,50,710,357,353
050,50,021,"Vermont","Rutland County",4,51,819,425,394
050,50,021,"Vermont","Rutland County",4,52,829,418,411
050,50,021,"Vermont","Rutland County",4,53,811,409,402
050,50,021,"Vermont","Rutland County",4,54,788,389,399
050,50,021,"Vermont","Rutland County",4,55,836,410,426
050,50,021,"Vermont","Rutland County",4,56,831,421,410
050,50,021,"Vermont","Rutland County",4,57,901,460,441
050,50,021,"Vermont","Rutland County",4,58,978,486,492
050,50,021,"Vermont","Rutland County",4,59,1066,522,544
050,50,021,"Vermont","Rutland County",4,60,1015,482,533
050,50,021,"Vermont","Rutland County",4,61,1035,500,535
050,50,021,"Vermont","Rutland County",4,62,1033,504,529
050,50,021,"Vermont","Rutland County",4,63,1019,482,537
050,50,021,"Vermont","Rutland County",4,64,1025,491,534
050,50,021,"Vermont","Rutland County",4,65,1010,490,520
050,50,021,"Vermont","Rutland County",4,66,978,478,500
050,50,021,"Vermont","Rutland County",4,67,982,488,494
050,50,021,"Vermont","Rutland County",4,68,947,473,474
050,50,021,"Vermont","Rutland County",4,69,928,446,482
050,50,021,"Vermont","Rutland County",4,70,915,434,481
050,50,021,"Vermont","Rutland County",4,71,846,405,441
050,50,021,"Vermont","Rutland County",4,72,792,390,402
050,50,021,"Vermont","Rutland County",4,73,779,383,396
050,50,021,"Vermont","Rutland County",4,74,802,394,408
050,50,021,"Vermont","Rutland County",4,75,829,403,426
050,50,021,"Vermont","Rutland County",4,76,544,267,277
050,50,021,"Vermont","Rutland County",4,77,530,246,284
050,50,021,"Vermont","Rutland County",4,78,540,255,285
050,50,021,"Vermont","Rutland County",4,79,515,231,284
050,50,021,"Vermont","Rutland County",4,80,409,181,228
050,50,021,"Vermont","Rutland County",4,81,359,161,198
050,50,021,"Vermont","Rutland County",4,82,304,140,164
050,50,021,"Vermont","Rutland County",4,83,285,132,153
050,50,021,"Vermont","Rutland County",4,84,274,130,144
050,50,021,"Vermont","Rutland County",4,85,1316,482,834
050,50,021,"Vermont","Rutland County",5,0,441,212,229
050,50,021,"Vermont","Rutland County",5,1,484,236,248
050,50,021,"Vermont","Rutland County",5,2,473,239,234
050,50,021,"Vermont","Rutland County",5,3,484,243,241
050,50,021,"Vermont","Rutland County",5,4,509,264,245
050,50,021,"Vermont","Rutland County",5,5,528,268,260
050,50,021,"Vermont","Rutland County",5,6,573,305,268
050,50,021,"Vermont","Rutland County",5,7,592,288,304
050,50,021,"Vermont","Rutland County",5,8,601,318,283
050,50,021,"Vermont","Rutland County",5,9,604,327,277
050,50,021,"Vermont","Rutland County",5,10,613,319,294
050,50,021,"Vermont","Rutland County",5,11,606,303,303
050,50,021,"Vermont","Rutland County",5,12,613,311,302
050,50,021,"Vermont","Rutland County",5,13,616,307,309
050,50,021,"Vermont","Rutland County",5,14,605,319,286
050,50,021,"Vermont","Rutland County",5,15,647,344,303
050,50,021,"Vermont","Rutland County",5,16,676,366,310
050,50,021,"Vermont","Rutland County",5,17,672,333,339
050,50,021,"Vermont","Rutland County",5,18,706,363,343
050,50,021,"Vermont","Rutland County",5,19,719,375,344
050,50,021,"Vermont","Rutland County",5,20,687,351,336
050,50,021,"Vermont","Rutland County",5,21,656,341,315
050,50,021,"Vermont","Rutland County",5,22,652,336,316
050,50,021,"Vermont","Rutland County",5,23,659,339,320
050,50,021,"Vermont","Rutland County",5,24,637,368,269
050,50,021,"Vermont","Rutland County",5,25,626,328,298
050,50,021,"Vermont","Rutland County",5,26,642,345,297
050,50,021,"Vermont","Rutland County",5,27,648,355,293
050,50,021,"Vermont","Rutland County",5,28,636,347,289
050,50,021,"Vermont","Rutland County",5,29,628,318,310
050,50,021,"Vermont","Rutland County",5,30,672,354,318
050,50,021,"Vermont","Rutland County",5,31,697,363,334
050,50,021,"Vermont","Rutland County",5,32,715,390,325
050,50,021,"Vermont","Rutland County",5,33,714,355,359
050,50,021,"Vermont","Rutland County",5,34,707,375,332
050,50,021,"Vermont","Rutland County",5,35,727,387,340
050,50,021,"Vermont","Rutland County",5,36,665,336,329
050,50,021,"Vermont","Rutland County",5,37,688,321,367
050,50,021,"Vermont","Rutland County",5,38,689,330,359
050,50,021,"Vermont","Rutland County",5,39,693,345,348
050,50,021,"Vermont","Rutland County",5,40,719,386,333
050,50,021,"Vermont","Rutland County",5,41,699,346,353
050,50,021,"Vermont","Rutland County",5,42,686,349,337
050,50,021,"Vermont","Rutland County",5,43,669,329,340
050,50,021,"Vermont","Rutland County",5,44,620,306,314
050,50,021,"Vermont","Rutland County",5,45,649,337,312
050,50,021,"Vermont","Rutland County",5,46,615,314,301
050,50,021,"Vermont","Rutland County",5,47,613,329,284
050,50,021,"Vermont","Rutland County",5,48,625,322,303
050,50,021,"Vermont","Rutland County",5,49,639,314,325
050,50,021,"Vermont","Rutland County",5,50,670,336,334
050,50,021,"Vermont","Rutland County",5,51,705,359,346
050,50,021,"Vermont","Rutland County",5,52,819,418,401
050,50,021,"Vermont","Rutland County",5,53,822,414,408
050,50,021,"Vermont","Rutland County",5,54,809,396,413
050,50,021,"Vermont","Rutland County",5,55,777,375,402
050,50,021,"Vermont","Rutland County",5,56,813,393,420
050,50,021,"Vermont","Rutland County",5,57,830,416,414
050,50,021,"Vermont","Rutland County",5,58,909,459,450
050,50,021,"Vermont","Rutland County",5,59,980,489,491
050,50,021,"Vermont","Rutland County",5,60,1052,514,538
050,50,021,"Vermont","Rutland County",5,61,1016,473,543
050,50,021,"Vermont","Rutland County",5,62,1032,495,537
050,50,021,"Vermont","Rutland County",5,63,1021,502,519
050,50,021,"Vermont","Rutland County",5,64,1011,484,527
050,50,021,"Vermont","Rutland County",5,65,1002,472,530
050,50,021,"Vermont","Rutland County",5,66,989,481,508
050,50,021,"Vermont","Rutland County",5,67,965,472,493
050,50,021,"Vermont","Rutland County",5,68,965,475,490
050,50,021,"Vermont","Rutland County",5,69,940,466,474
050,50,021,"Vermont","Rutland County",5,70,904,435,469
050,50,021,"Vermont","Rutland County",5,71,893,420,473
050,50,021,"Vermont","Rutland County",5,72,821,392,429
050,50,021,"Vermont","Rutland County",5,73,772,382,390
050,50,021,"Vermont","Rutland County",5,74,765,378,387
050,50,021,"Vermont","Rutland County",5,75,779,382,397
050,50,021,"Vermont","Rutland County",5,76,808,390,418
050,50,021,"Vermont","Rutland County",5,77,540,258,282
050,50,021,"Vermont","Rutland County",5,78,526,242,284
050,50,021,"Vermont","Rutland County",5,79,508,238,270
050,50,021,"Vermont","Rutland County",5,80,496,218,278
050,50,021,"Vermont","Rutland County",5,81,386,172,214
050,50,021,"Vermont","Rutland County",5,82,337,155,182
050,50,021,"Vermont","Rutland County",5,83,272,124,148
050,50,021,"Vermont","Rutland County",5,84,258,122,136
050,50,021,"Vermont","Rutland County",5,85,1345,506,839
050,50,023,"Vermont","Washington County",1,0,499,255,244
050,50,023,"Vermont","Washington County",1,1,521,270,251
050,50,023,"Vermont","Washington County",1,2,573,286,287
050,50,023,"Vermont","Washington County",1,3,557,278,279
050,50,023,"Vermont","Washington County",1,4,571,271,300
050,50,023,"Vermont","Washington County",1,5,588,314,274
050,50,023,"Vermont","Washington County",1,6,578,311,267
050,50,023,"Vermont","Washington County",1,7,562,302,260
050,50,023,"Vermont","Washington County",1,8,614,333,281
050,50,023,"Vermont","Washington County",1,9,657,356,301
050,50,023,"Vermont","Washington County",1,10,645,327,318
050,50,023,"Vermont","Washington County",1,11,661,338,323
050,50,023,"Vermont","Washington County",1,12,695,341,354
050,50,023,"Vermont","Washington County",1,13,684,324,360
050,50,023,"Vermont","Washington County",1,14,656,317,339
050,50,023,"Vermont","Washington County",1,15,689,353,336
050,50,023,"Vermont","Washington County",1,16,712,370,342
050,50,023,"Vermont","Washington County",1,17,760,367,393
050,50,023,"Vermont","Washington County",1,18,796,460,336
050,50,023,"Vermont","Washington County",1,19,895,581,314
050,50,023,"Vermont","Washington County",1,20,869,509,360
050,50,023,"Vermont","Washington County",1,21,798,468,330
050,50,023,"Vermont","Washington County",1,22,681,376,305
050,50,023,"Vermont","Washington County",1,23,574,284,290
050,50,023,"Vermont","Washington County",1,24,583,292,291
050,50,023,"Vermont","Washington County",1,25,609,302,307
050,50,023,"Vermont","Washington County",1,26,609,317,292
050,50,023,"Vermont","Washington County",1,27,640,317,323
050,50,023,"Vermont","Washington County",1,28,682,357,325
050,50,023,"Vermont","Washington County",1,29,708,351,357
050,50,023,"Vermont","Washington County",1,30,684,345,339
050,50,023,"Vermont","Washington County",1,31,686,341,345
050,50,023,"Vermont","Washington County",1,32,706,366,340
050,50,023,"Vermont","Washington County",1,33,753,362,391
050,50,023,"Vermont","Washington County",1,34,711,340,371
050,50,023,"Vermont","Washington County",1,35,729,364,365
050,50,023,"Vermont","Washington County",1,36,746,360,386
050,50,023,"Vermont","Washington County",1,37,732,356,376
050,50,023,"Vermont","Washington County",1,38,744,368,376
050,50,023,"Vermont","Washington County",1,39,745,366,379
050,50,023,"Vermont","Washington County",1,40,791,399,392
050,50,023,"Vermont","Washington County",1,41,755,363,392
050,50,023,"Vermont","Washington County",1,42,752,369,383
050,50,023,"Vermont","Washington County",1,43,719,335,384
050,50,023,"Vermont","Washington County",1,44,693,343,350
050,50,023,"Vermont","Washington County",1,45,723,365,358
050,50,023,"Vermont","Washington County",1,46,731,380,351
050,50,023,"Vermont","Washington County",1,47,731,377,354
050,50,023,"Vermont","Washington County",1,48,768,389,379
050,50,023,"Vermont","Washington County",1,49,847,414,433
050,50,023,"Vermont","Washington County",1,50,826,401,425
050,50,023,"Vermont","Washington County",1,51,784,388,396
050,50,023,"Vermont","Washington County",1,52,776,377,399
050,50,023,"Vermont","Washington County",1,53,844,410,434
050,50,023,"Vermont","Washington County",1,54,867,433,434
050,50,023,"Vermont","Washington County",1,55,862,442,420
050,50,023,"Vermont","Washington County",1,56,893,431,462
050,50,023,"Vermont","Washington County",1,57,962,472,490
050,50,023,"Vermont","Washington County",1,58,947,462,485
050,50,023,"Vermont","Washington County",1,59,906,442,464
050,50,023,"Vermont","Washington County",1,60,848,419,429
050,50,023,"Vermont","Washington County",1,61,934,442,492
050,50,023,"Vermont","Washington County",1,62,913,426,487
050,50,023,"Vermont","Washington County",1,63,903,447,456
050,50,023,"Vermont","Washington County",1,64,909,458,451
050,50,023,"Vermont","Washington County",1,65,878,436,442
050,50,023,"Vermont","Washington County",1,66,856,416,440
050,50,023,"Vermont","Washington County",1,67,805,382,423
050,50,023,"Vermont","Washington County",1,68,832,390,442
050,50,023,"Vermont","Washington County",1,69,781,367,414
050,50,023,"Vermont","Washington County",1,70,773,386,387
050,50,023,"Vermont","Washington County",1,71,771,407,364
050,50,023,"Vermont","Washington County",1,72,739,361,378
050,50,023,"Vermont","Washington County",1,73,678,325,353
050,50,023,"Vermont","Washington County",1,74,472,211,261
050,50,023,"Vermont","Washington County",1,75,458,213,245
050,50,023,"Vermont","Washington County",1,76,464,221,243
050,50,023,"Vermont","Washington County",1,77,448,208,240
050,50,023,"Vermont","Washington County",1,78,369,163,206
050,50,023,"Vermont","Washington County",1,79,350,152,198
050,50,023,"Vermont","Washington County",1,80,286,122,164
050,50,023,"Vermont","Washington County",1,81,257,121,136
050,50,023,"Vermont","Washington County",1,82,253,128,125
050,50,023,"Vermont","Washington County",1,83,208,84,124
050,50,023,"Vermont","Washington County",1,84,204,82,122
050,50,023,"Vermont","Washington County",1,85,1332,459,873
050,50,023,"Vermont","Washington County",2,0,483,244,239
050,50,023,"Vermont","Washington County",2,1,517,267,250
050,50,023,"Vermont","Washington County",2,2,561,283,278
050,50,023,"Vermont","Washington County",2,3,561,276,285
050,50,023,"Vermont","Washington County",2,4,570,274,296
050,50,023,"Vermont","Washington County",2,5,583,303,280
050,50,023,"Vermont","Washington County",2,6,582,313,269
050,50,023,"Vermont","Washington County",2,7,563,303,260
050,50,023,"Vermont","Washington County",2,8,597,323,274
050,50,023,"Vermont","Washington County",2,9,643,349,294
050,50,023,"Vermont","Washington County",2,10,644,333,311
050,50,023,"Vermont","Washington County",2,11,654,333,321
050,50,023,"Vermont","Washington County",2,12,691,340,351
050,50,023,"Vermont","Washington County",2,13,685,327,358
050,50,023,"Vermont","Washington County",2,14,665,320,345
050,50,023,"Vermont","Washington County",2,15,680,345,335
050,50,023,"Vermont","Washington County",2,16,711,366,345
050,50,023,"Vermont","Washington County",2,17,750,369,381
050,50,023,"Vermont","Washington County",2,18,807,465,342
050,50,023,"Vermont","Washington County",2,19,903,586,317
050,50,023,"Vermont","Washington County",2,20,865,504,361
050,50,023,"Vermont","Washington County",2,21,793,466,327
050,50,023,"Vermont","Washington County",2,22,689,379,310
050,50,023,"Vermont","Washington County",2,23,576,288,288
050,50,023,"Vermont","Washington County",2,24,581,292,289
050,50,023,"Vermont","Washington County",2,25,602,300,302
050,50,023,"Vermont","Washington County",2,26,606,310,296
050,50,023,"Vermont","Washington County",2,27,639,324,315
050,50,023,"Vermont","Washington County",2,28,686,355,331
050,50,023,"Vermont","Washington County",2,29,708,354,354
050,50,023,"Vermont","Washington County",2,30,705,352,353
050,50,023,"Vermont","Washington County",2,31,682,341,341
050,50,023,"Vermont","Washington County",2,32,708,360,348
050,50,023,"Vermont","Washington County",2,33,741,364,377
050,50,023,"Vermont","Washington County",2,34,719,348,371
050,50,023,"Vermont","Washington County",2,35,729,361,368
050,50,023,"Vermont","Washington County",2,36,739,358,381
050,50,023,"Vermont","Washington County",2,37,741,360,381
050,50,023,"Vermont","Washington County",2,38,749,370,379
050,50,023,"Vermont","Washington County",2,39,749,370,379
050,50,023,"Vermont","Washington County",2,40,787,397,390
050,50,023,"Vermont","Washington County",2,41,759,366,393
050,50,023,"Vermont","Washington County",2,42,749,365,384
050,50,023,"Vermont","Washington County",2,43,730,345,385
050,50,023,"Vermont","Washington County",2,44,696,338,358
050,50,023,"Vermont","Washington County",2,45,718,363,355
050,50,023,"Vermont","Washington County",2,46,725,376,349
050,50,023,"Vermont","Washington County",2,47,729,377,352
050,50,023,"Vermont","Washington County",2,48,758,385,373
050,50,023,"Vermont","Washington County",2,49,833,409,424
050,50,023,"Vermont","Washington County",2,50,835,408,427
050,50,023,"Vermont","Washington County",2,51,789,389,400
050,50,023,"Vermont","Washington County",2,52,774,377,397
050,50,023,"Vermont","Washington County",2,53,828,402,426
050,50,023,"Vermont","Washington County",2,54,858,424,434
050,50,023,"Vermont","Washington County",2,55,857,436,421
050,50,023,"Vermont","Washington County",2,56,881,432,449
050,50,023,"Vermont","Washington County",2,57,947,464,483
050,50,023,"Vermont","Washington County",2,58,945,462,483
050,50,023,"Vermont","Washington County",2,59,915,447,468
050,50,023,"Vermont","Washington County",2,60,860,423,437
050,50,023,"Vermont","Washington County",2,61,907,431,476
050,50,023,"Vermont","Washington County",2,62,913,428,485
050,50,023,"Vermont","Washington County",2,63,909,445,464
050,50,023,"Vermont","Washington County",2,64,898,447,451
050,50,023,"Vermont","Washington County",2,65,878,436,442
050,50,023,"Vermont","Washington County",2,66,862,422,440
050,50,023,"Vermont","Washington County",2,67,813,387,426
050,50,023,"Vermont","Washington County",2,68,813,383,430
050,50,023,"Vermont","Washington County",2,69,798,371,427
050,50,023,"Vermont","Washington County",2,70,770,379,391
050,50,023,"Vermont","Washington County",2,71,772,403,369
050,50,023,"Vermont","Washington County",2,72,732,363,369
050,50,023,"Vermont","Washington County",2,73,729,349,380
050,50,023,"Vermont","Washington County",2,74,487,222,265
050,50,023,"Vermont","Washington County",2,75,461,212,249
050,50,023,"Vermont","Washington County",2,76,456,217,239
050,50,023,"Vermont","Washington County",2,77,459,212,247
050,50,023,"Vermont","Washington County",2,78,375,166,209
050,50,023,"Vermont","Washington County",2,79,350,150,200
050,50,023,"Vermont","Washington County",2,80,296,127,169
050,50,023,"Vermont","Washington County",2,81,256,118,138
050,50,023,"Vermont","Washington County",2,82,255,126,129
050,50,023,"Vermont","Washington County",2,83,212,89,123
050,50,023,"Vermont","Washington County",2,84,195,78,117
050,50,023,"Vermont","Washington County",2,85,1331,460,871
050,50,023,"Vermont","Washington County",3,0,445,226,219
050,50,023,"Vermont","Washington County",3,1,504,258,246
050,50,023,"Vermont","Washington County",3,2,513,271,242
050,50,023,"Vermont","Washington County",3,3,548,280,268
050,50,023,"Vermont","Washington County",3,4,593,299,294
050,50,023,"Vermont","Washington County",3,5,566,276,290
050,50,023,"Vermont","Washington County",3,6,593,307,286
050,50,023,"Vermont","Washington County",3,7,589,319,270
050,50,023,"Vermont","Washington County",3,8,569,310,259
050,50,023,"Vermont","Washington County",3,9,601,325,276
050,50,023,"Vermont","Washington County",3,10,645,355,290
050,50,023,"Vermont","Washington County",3,11,643,328,315
050,50,023,"Vermont","Washington County",3,12,640,327,313
050,50,023,"Vermont","Washington County",3,13,681,334,347
050,50,023,"Vermont","Washington County",3,14,684,326,358
050,50,023,"Vermont","Washington County",3,15,664,318,346
050,50,023,"Vermont","Washington County",3,16,684,347,337
050,50,023,"Vermont","Washington County",3,17,711,368,343
050,50,023,"Vermont","Washington County",3,18,847,480,367
050,50,023,"Vermont","Washington County",3,19,922,593,329
050,50,023,"Vermont","Washington County",3,20,837,486,351
050,50,023,"Vermont","Washington County",3,21,811,475,336
050,50,023,"Vermont","Washington County",3,22,719,394,325
050,50,023,"Vermont","Washington County",3,23,597,303,294
050,50,023,"Vermont","Washington County",3,24,570,284,286
050,50,023,"Vermont","Washington County",3,25,579,290,289
050,50,023,"Vermont","Washington County",3,26,617,295,322
050,50,023,"Vermont","Washington County",3,27,594,306,288
050,50,023,"Vermont","Washington County",3,28,702,352,350
050,50,023,"Vermont","Washington County",3,29,708,366,342
050,50,023,"Vermont","Washington County",3,30,745,361,384
050,50,023,"Vermont","Washington County",3,31,736,373,363
050,50,023,"Vermont","Washington County",3,32,719,348,371
050,50,023,"Vermont","Washington County",3,33,757,379,378
050,50,023,"Vermont","Washington County",3,34,771,385,386
050,50,023,"Vermont","Washington County",3,35,734,362,372
050,50,023,"Vermont","Washington County",3,36,748,380,368
050,50,023,"Vermont","Washington County",3,37,764,373,391
050,50,023,"Vermont","Washington County",3,38,754,364,390
050,50,023,"Vermont","Washington County",3,39,780,393,387
050,50,023,"Vermont","Washington County",3,40,778,380,398
050,50,023,"Vermont","Washington County",3,41,757,367,390
050,50,023,"Vermont","Washington County",3,42,782,381,401
050,50,023,"Vermont","Washington County",3,43,755,366,389
050,50,023,"Vermont","Washington County",3,44,750,352,398
050,50,023,"Vermont","Washington County",3,45,707,346,361
050,50,023,"Vermont","Washington County",3,46,707,351,356
050,50,023,"Vermont","Washington County",3,47,729,380,349
050,50,023,"Vermont","Washington County",3,48,750,383,367
050,50,023,"Vermont","Washington County",3,49,760,389,371
050,50,023,"Vermont","Washington County",3,50,854,419,435
050,50,023,"Vermont","Washington County",3,51,836,413,423
050,50,023,"Vermont","Washington County",3,52,801,392,409
050,50,023,"Vermont","Washington County",3,53,777,393,384
050,50,023,"Vermont","Washington County",3,54,830,399,431
050,50,023,"Vermont","Washington County",3,55,849,424,425
050,50,023,"Vermont","Washington County",3,56,826,418,408
050,50,023,"Vermont","Washington County",3,57,879,432,447
050,50,023,"Vermont","Washington County",3,58,917,438,479
050,50,023,"Vermont","Washington County",3,59,951,468,483
050,50,023,"Vermont","Washington County",3,60,907,451,456
050,50,023,"Vermont","Washington County",3,61,836,405,431
050,50,023,"Vermont","Washington County",3,62,898,430,468
050,50,023,"Vermont","Washington County",3,63,924,435,489
050,50,023,"Vermont","Washington County",3,64,899,429,470
050,50,023,"Vermont","Washington County",3,65,888,441,447
050,50,023,"Vermont","Washington County",3,66,875,436,439
050,50,023,"Vermont","Washington County",3,67,824,396,428
050,50,023,"Vermont","Washington County",3,68,797,375,422
050,50,023,"Vermont","Washington County",3,69,801,379,422
050,50,023,"Vermont","Washington County",3,70,786,363,423
050,50,023,"Vermont","Washington County",3,71,758,368,390
050,50,023,"Vermont","Washington County",3,72,750,386,364
050,50,023,"Vermont","Washington County",3,73,718,357,361
050,50,023,"Vermont","Washington County",3,74,701,340,361
050,50,023,"Vermont","Washington County",3,75,486,220,266
050,50,023,"Vermont","Washington County",3,76,452,210,242
050,50,023,"Vermont","Washington County",3,77,439,207,232
050,50,023,"Vermont","Washington County",3,78,433,201,232
050,50,023,"Vermont","Washington County",3,79,378,164,214
050,50,023,"Vermont","Washington County",3,80,324,146,178
050,50,023,"Vermont","Washington County",3,81,271,118,153
050,50,023,"Vermont","Washington County",3,82,252,119,133
050,50,023,"Vermont","Washington County",3,83,239,116,123
050,50,023,"Vermont","Washington County",3,84,191,82,109
050,50,023,"Vermont","Washington County",3,85,1327,455,872
050,50,023,"Vermont","Washington County",4,0,470,238,232
050,50,023,"Vermont","Washington County",4,1,468,225,243
050,50,023,"Vermont","Washington County",4,2,514,254,260
050,50,023,"Vermont","Washington County",4,3,521,275,246
050,50,023,"Vermont","Washington County",4,4,567,286,281
050,50,023,"Vermont","Washington County",4,5,604,307,297
050,50,023,"Vermont","Washington County",4,6,566,277,289
050,50,023,"Vermont","Washington County",4,7,600,316,284
050,50,023,"Vermont","Washington County",4,8,608,329,279
050,50,023,"Vermont","Washington County",4,9,585,308,277
050,50,023,"Vermont","Washington County",4,10,619,330,289
050,50,023,"Vermont","Washington County",4,11,647,353,294
050,50,023,"Vermont","Washington County",4,12,647,328,319
050,50,023,"Vermont","Washington County",4,13,654,336,318
050,50,023,"Vermont","Washington County",4,14,687,342,345
050,50,023,"Vermont","Washington County",4,15,690,323,367
050,50,023,"Vermont","Washington County",4,16,661,313,348
050,50,023,"Vermont","Washington County",4,17,685,347,338
050,50,023,"Vermont","Washington County",4,18,827,484,343
050,50,023,"Vermont","Washington County",4,19,935,598,337
050,50,023,"Vermont","Washington County",4,20,842,489,353
050,50,023,"Vermont","Washington County",4,21,752,443,309
050,50,023,"Vermont","Washington County",4,22,707,399,308
050,50,023,"Vermont","Washington County",4,23,591,310,281
050,50,023,"Vermont","Washington County",4,24,587,283,304
050,50,023,"Vermont","Washington County",4,25,552,283,269
050,50,023,"Vermont","Washington County",4,26,581,295,286
050,50,023,"Vermont","Washington County",4,27,646,312,334
050,50,023,"Vermont","Washington County",4,28,640,324,316
050,50,023,"Vermont","Washington County",4,29,707,349,358
050,50,023,"Vermont","Washington County",4,30,756,397,359
050,50,023,"Vermont","Washington County",4,31,769,378,391
050,50,023,"Vermont","Washington County",4,32,775,370,405
050,50,023,"Vermont","Washington County",4,33,751,358,393
050,50,023,"Vermont","Washington County",4,34,805,394,411
050,50,023,"Vermont","Washington County",4,35,809,407,402
050,50,023,"Vermont","Washington County",4,36,770,384,386
050,50,023,"Vermont","Washington County",4,37,764,377,387
050,50,023,"Vermont","Washington County",4,38,746,358,388
050,50,023,"Vermont","Washington County",4,39,781,381,400
050,50,023,"Vermont","Washington County",4,40,812,419,393
050,50,023,"Vermont","Washington County",4,41,766,365,401
050,50,023,"Vermont","Washington County",4,42,779,383,396
050,50,023,"Vermont","Washington County",4,43,791,393,398
050,50,023,"Vermont","Washington County",4,44,781,373,408
050,50,023,"Vermont","Washington County",4,45,759,365,394
050,50,023,"Vermont","Washington County",4,46,715,341,374
050,50,023,"Vermont","Washington County",4,47,691,346,345
050,50,023,"Vermont","Washington County",4,48,730,387,343
050,50,023,"Vermont","Washington County",4,49,727,372,355
050,50,023,"Vermont","Washington County",4,50,752,380,372
050,50,023,"Vermont","Washington County",4,51,841,423,418
050,50,023,"Vermont","Washington County",4,52,834,402,432
050,50,023,"Vermont","Washington County",4,53,786,394,392
050,50,023,"Vermont","Washington County",4,54,765,377,388
050,50,023,"Vermont","Washington County",4,55,802,382,420
050,50,023,"Vermont","Washington County",4,56,820,409,411
050,50,023,"Vermont","Washington County",4,57,819,418,401
050,50,023,"Vermont","Washington County",4,58,880,433,447
050,50,023,"Vermont","Washington County",4,59,908,431,477
050,50,023,"Vermont","Washington County",4,60,928,464,464
050,50,023,"Vermont","Washington County",4,61,902,438,464
050,50,023,"Vermont","Washington County",4,62,816,398,418
050,50,023,"Vermont","Washington County",4,63,885,426,459
050,50,023,"Vermont","Washington County",4,64,910,424,486
050,50,023,"Vermont","Washington County",4,65,878,424,454
050,50,023,"Vermont","Washington County",4,66,866,434,432
050,50,023,"Vermont","Washington County",4,67,852,423,429
050,50,023,"Vermont","Washington County",4,68,801,383,418
050,50,023,"Vermont","Washington County",4,69,785,367,418
050,50,023,"Vermont","Washington County",4,70,789,368,421
050,50,023,"Vermont","Washington County",4,71,771,365,406
050,50,023,"Vermont","Washington County",4,72,740,352,388
050,50,023,"Vermont","Washington County",4,73,739,379,360
050,50,023,"Vermont","Washington County",4,74,696,344,352
050,50,023,"Vermont","Washington County",4,75,681,332,349
050,50,023,"Vermont","Washington County",4,76,473,213,260
050,50,023,"Vermont","Washington County",4,77,438,201,237
050,50,023,"Vermont","Washington County",4,78,403,186,217
050,50,023,"Vermont","Washington County",4,79,430,197,233
050,50,023,"Vermont","Washington County",4,80,361,163,198
050,50,023,"Vermont","Washington County",4,81,304,138,166
050,50,023,"Vermont","Washington County",4,82,263,113,150
050,50,023,"Vermont","Washington County",4,83,228,109,119
050,50,023,"Vermont","Washington County",4,84,221,114,107
050,50,023,"Vermont","Washington County",4,85,1311,449,862
050,50,023,"Vermont","Washington County",5,0,442,227,215
050,50,023,"Vermont","Washington County",5,1,494,254,240
050,50,023,"Vermont","Washington County",5,2,479,230,249
050,50,023,"Vermont","Washington County",5,3,523,263,260
050,50,023,"Vermont","Washington County",5,4,537,280,257
050,50,023,"Vermont","Washington County",5,5,583,295,288
050,50,023,"Vermont","Washington County",5,6,598,307,291
050,50,023,"Vermont","Washington County",5,7,580,286,294
050,50,023,"Vermont","Washington County",5,8,612,323,289
050,50,023,"Vermont","Washington County",5,9,626,333,293
050,50,023,"Vermont","Washington County",5,10,587,310,277
050,50,023,"Vermont","Washington County",5,11,623,329,294
050,50,023,"Vermont","Washington County",5,12,658,360,298
050,50,023,"Vermont","Washington County",5,13,648,329,319
050,50,023,"Vermont","Washington County",5,14,667,342,325
050,50,023,"Vermont","Washington County",5,15,690,340,350
050,50,023,"Vermont","Washington County",5,16,688,324,364
050,50,023,"Vermont","Washington County",5,17,665,314,351
050,50,023,"Vermont","Washington County",5,18,789,459,330
050,50,023,"Vermont","Washington County",5,19,940,603,337
050,50,023,"Vermont","Washington County",5,20,885,507,378
050,50,023,"Vermont","Washington County",5,21,770,458,312
050,50,023,"Vermont","Washington County",5,22,673,383,290
050,50,023,"Vermont","Washington County",5,23,580,304,276
050,50,023,"Vermont","Washington County",5,24,569,293,276
050,50,023,"Vermont","Washington County",5,25,566,267,299
050,50,023,"Vermont","Washington County",5,26,540,279,261
050,50,023,"Vermont","Washington County",5,27,592,289,303
050,50,023,"Vermont","Washington County",5,28,666,313,353
050,50,023,"Vermont","Washington County",5,29,704,366,338
050,50,023,"Vermont","Washington County",5,30,728,355,373
050,50,023,"Vermont","Washington County",5,31,767,392,375
050,50,023,"Vermont","Washington County",5,32,779,385,394
050,50,023,"Vermont","Washington County",5,33,782,374,408
050,50,023,"Vermont","Washington County",5,34,778,386,392
050,50,023,"Vermont","Washington County",5,35,811,416,395
050,50,023,"Vermont","Washington County",5,36,811,391,420
050,50,023,"Vermont","Washington County",5,37,784,407,377
050,50,023,"Vermont","Washington County",5,38,783,383,400
050,50,023,"Vermont","Washington County",5,39,765,366,399
050,50,023,"Vermont","Washington County",5,40,822,394,428
050,50,023,"Vermont","Washington County",5,41,799,398,401
050,50,023,"Vermont","Washington County",5,42,782,374,408
050,50,023,"Vermont","Washington County",5,43,785,392,393
050,50,023,"Vermont","Washington County",5,44,810,403,407
050,50,023,"Vermont","Washington County",5,45,776,373,403
050,50,023,"Vermont","Washington County",5,46,736,350,386
050,50,023,"Vermont","Washington County",5,47,716,345,371
050,50,023,"Vermont","Washington County",5,48,695,352,343
050,50,023,"Vermont","Washington County",5,49,723,373,350
050,50,023,"Vermont","Washington County",5,50,732,377,355
050,50,023,"Vermont","Washington County",5,51,733,373,360
050,50,023,"Vermont","Washington County",5,52,860,430,430
050,50,023,"Vermont","Washington County",5,53,825,403,422
050,50,023,"Vermont","Washington County",5,54,794,389,405
050,50,023,"Vermont","Washington County",5,55,745,366,379
050,50,023,"Vermont","Washington County",5,56,781,372,409
050,50,023,"Vermont","Washington County",5,57,826,406,420
050,50,023,"Vermont","Washington County",5,58,811,415,396
050,50,023,"Vermont","Washington County",5,59,867,425,442
050,50,023,"Vermont","Washington County",5,60,883,415,468
050,50,023,"Vermont","Washington County",5,61,923,457,466
050,50,023,"Vermont","Washington County",5,62,904,442,462
050,50,023,"Vermont","Washington County",5,63,817,403,414
050,50,023,"Vermont","Washington County",5,64,872,415,457
050,50,023,"Vermont","Washington County",5,65,906,424,482
050,50,023,"Vermont","Washington County",5,66,860,419,441
050,50,023,"Vermont","Washington County",5,67,838,419,419
050,50,023,"Vermont","Washington County",5,68,831,411,420
050,50,023,"Vermont","Washington County",5,69,777,369,408
050,50,023,"Vermont","Washington County",5,70,772,360,412
050,50,023,"Vermont","Washington County",5,71,768,363,405
050,50,023,"Vermont","Washington County",5,72,748,356,392
050,50,023,"Vermont","Washington County",5,73,724,344,380
050,50,023,"Vermont","Washington County",5,74,722,368,354
050,50,023,"Vermont","Washington County",5,75,674,332,342
050,50,023,"Vermont","Washington County",5,76,654,323,331
050,50,023,"Vermont","Washington County",5,77,454,204,250
050,50,023,"Vermont","Washington County",5,78,417,184,233
050,50,023,"Vermont","Washington County",5,79,398,185,213
050,50,023,"Vermont","Washington County",5,80,400,188,212
050,50,023,"Vermont","Washington County",5,81,334,152,182
050,50,023,"Vermont","Washington County",5,82,290,133,157
050,50,023,"Vermont","Washington County",5,83,242,103,139
050,50,023,"Vermont","Washington County",5,84,209,107,102
050,50,023,"Vermont","Washington County",5,85,1345,477,868
050,50,025,"Vermont","Windham County",1,0,360,183,177
050,50,025,"Vermont","Windham County",1,1,364,197,167
050,50,025,"Vermont","Windham County",1,2,399,217,182
050,50,025,"Vermont","Windham County",1,3,434,228,206
050,50,025,"Vermont","Windham County",1,4,403,206,197
050,50,025,"Vermont","Windham County",1,5,409,209,200
050,50,025,"Vermont","Windham County",1,6,455,221,234
050,50,025,"Vermont","Windham County",1,7,458,230,228
050,50,025,"Vermont","Windham County",1,8,442,219,223
050,50,025,"Vermont","Windham County",1,9,447,235,212
050,50,025,"Vermont","Windham County",1,10,446,240,206
050,50,025,"Vermont","Windham County",1,11,469,255,214
050,50,025,"Vermont","Windham County",1,12,509,269,240
050,50,025,"Vermont","Windham County",1,13,504,247,257
050,50,025,"Vermont","Windham County",1,14,469,243,226
050,50,025,"Vermont","Windham County",1,15,443,231,212
050,50,025,"Vermont","Windham County",1,16,506,256,250
050,50,025,"Vermont","Windham County",1,17,482,244,238
050,50,025,"Vermont","Windham County",1,18,517,285,232
050,50,025,"Vermont","Windham County",1,19,587,330,257
050,50,025,"Vermont","Windham County",1,20,643,363,280
050,50,025,"Vermont","Windham County",1,21,608,346,262
050,50,025,"Vermont","Windham County",1,22,524,273,251
050,50,025,"Vermont","Windham County",1,23,453,259,194
050,50,025,"Vermont","Windham County",1,24,439,236,203
050,50,025,"Vermont","Windham County",1,25,454,229,225
050,50,025,"Vermont","Windham County",1,26,494,258,236
050,50,025,"Vermont","Windham County",1,27,503,245,258
050,50,025,"Vermont","Windham County",1,28,503,242,261
050,50,025,"Vermont","Windham County",1,29,513,246,267
050,50,025,"Vermont","Windham County",1,30,483,252,231
050,50,025,"Vermont","Windham County",1,31,482,248,234
050,50,025,"Vermont","Windham County",1,32,499,242,257
050,50,025,"Vermont","Windham County",1,33,520,251,269
050,50,025,"Vermont","Windham County",1,34,498,238,260
050,50,025,"Vermont","Windham County",1,35,497,242,255
050,50,025,"Vermont","Windham County",1,36,556,266,290
050,50,025,"Vermont","Windham County",1,37,533,267,266
050,50,025,"Vermont","Windham County",1,38,526,265,261
050,50,025,"Vermont","Windham County",1,39,547,267,280
050,50,025,"Vermont","Windham County",1,40,523,243,280
050,50,025,"Vermont","Windham County",1,41,517,228,289
050,50,025,"Vermont","Windham County",1,42,492,232,260
050,50,025,"Vermont","Windham County",1,43,500,247,253
050,50,025,"Vermont","Windham County",1,44,457,226,231
050,50,025,"Vermont","Windham County",1,45,486,229,257
050,50,025,"Vermont","Windham County",1,46,477,231,246
050,50,025,"Vermont","Windham County",1,47,470,230,240
050,50,025,"Vermont","Windham County",1,48,532,267,265
050,50,025,"Vermont","Windham County",1,49,595,305,290
050,50,025,"Vermont","Windham County",1,50,566,272,294
050,50,025,"Vermont","Windham County",1,51,542,248,294
050,50,025,"Vermont","Windham County",1,52,554,264,290
050,50,025,"Vermont","Windham County",1,53,570,269,301
050,50,025,"Vermont","Windham County",1,54,623,305,318
050,50,025,"Vermont","Windham County",1,55,692,327,365
050,50,025,"Vermont","Windham County",1,56,699,338,361
050,50,025,"Vermont","Windham County",1,57,751,351,400
050,50,025,"Vermont","Windham County",1,58,823,406,417
050,50,025,"Vermont","Windham County",1,59,832,422,410
050,50,025,"Vermont","Windham County",1,60,830,408,422
050,50,025,"Vermont","Windham County",1,61,792,402,390
050,50,025,"Vermont","Windham County",1,62,845,426,419
050,50,025,"Vermont","Windham County",1,63,767,383,384
050,50,025,"Vermont","Windham County",1,64,784,393,391
050,50,025,"Vermont","Windham County",1,65,776,361,415
050,50,025,"Vermont","Windham County",1,66,797,394,403
050,50,025,"Vermont","Windham County",1,67,757,364,393
050,50,025,"Vermont","Windham County",1,68,775,393,382
050,50,025,"Vermont","Windham County",1,69,708,361,347
050,50,025,"Vermont","Windham County",1,70,693,359,334
050,50,025,"Vermont","Windham County",1,71,680,336,344
050,50,025,"Vermont","Windham County",1,72,619,287,332
050,50,025,"Vermont","Windham County",1,73,616,294,322
050,50,025,"Vermont","Windham County",1,74,432,202,230
050,50,025,"Vermont","Windham County",1,75,434,194,240
050,50,025,"Vermont","Windham County",1,76,418,207,211
050,50,025,"Vermont","Windham County",1,77,408,200,208
050,50,025,"Vermont","Windham County",1,78,331,157,174
050,50,025,"Vermont","Windham County",1,79,297,128,169
050,50,025,"Vermont","Windham County",1,80,240,110,130
050,50,025,"Vermont","Windham County",1,81,221,101,120
050,50,025,"Vermont","Windham County",1,82,208,100,108
050,50,025,"Vermont","Windham County",1,83,181,84,97
050,50,025,"Vermont","Windham County",1,84,179,88,91
050,50,025,"Vermont","Windham County",1,85,1048,392,656
050,50,025,"Vermont","Windham County",2,0,340,178,162
050,50,025,"Vermont","Windham County",2,1,359,193,166
050,50,025,"Vermont","Windham County",2,2,394,216,178
050,50,025,"Vermont","Windham County",2,3,423,225,198
050,50,025,"Vermont","Windham County",2,4,411,213,198
050,50,025,"Vermont","Windham County",2,5,408,209,199
050,50,025,"Vermont","Windham County",2,6,449,220,229
050,50,025,"Vermont","Windham County",2,7,457,228,229
050,50,025,"Vermont","Windham County",2,8,446,222,224
050,50,025,"Vermont","Windham County",2,9,443,229,214
050,50,025,"Vermont","Windham County",2,10,445,237,208
050,50,025,"Vermont","Windham County",2,11,463,251,212
050,50,025,"Vermont","Windham County",2,12,502,267,235
050,50,025,"Vermont","Windham County",2,13,504,253,251
050,50,025,"Vermont","Windham County",2,14,479,245,234
050,50,025,"Vermont","Windham County",2,15,449,233,216
050,50,025,"Vermont","Windham County",2,16,491,249,242
050,50,025,"Vermont","Windham County",2,17,490,248,242
050,50,025,"Vermont","Windham County",2,18,511,278,233
050,50,025,"Vermont","Windham County",2,19,588,334,254
050,50,025,"Vermont","Windham County",2,20,646,362,284
050,50,025,"Vermont","Windham County",2,21,601,342,259
050,50,025,"Vermont","Windham County",2,22,527,280,247
050,50,025,"Vermont","Windham County",2,23,463,256,207
050,50,025,"Vermont","Windham County",2,24,438,237,201
050,50,025,"Vermont","Windham County",2,25,445,226,219
050,50,025,"Vermont","Windham County",2,26,483,249,234
050,50,025,"Vermont","Windham County",2,27,504,250,254
050,50,025,"Vermont","Windham County",2,28,502,244,258
050,50,025,"Vermont","Windham County",2,29,507,244,263
050,50,025,"Vermont","Windham County",2,30,491,252,239
050,50,025,"Vermont","Windham County",2,31,479,247,232
050,50,025,"Vermont","Windham County",2,32,491,242,249
050,50,025,"Vermont","Windham County",2,33,515,248,267
050,50,025,"Vermont","Windham County",2,34,502,241,261
050,50,025,"Vermont","Windham County",2,35,501,242,259
050,50,025,"Vermont","Windham County",2,36,538,260,278
050,50,025,"Vermont","Windham County",2,37,540,268,272
050,50,025,"Vermont","Windham County",2,38,528,266,262
050,50,025,"Vermont","Windham County",2,39,537,264,273
050,50,025,"Vermont","Windham County",2,40,532,249,283
050,50,025,"Vermont","Windham County",2,41,519,230,289
050,50,025,"Vermont","Windham County",2,42,496,233,263
050,50,025,"Vermont","Windham County",2,43,501,246,255
050,50,025,"Vermont","Windham County",2,44,466,230,236
050,50,025,"Vermont","Windham County",2,45,487,232,255
050,50,025,"Vermont","Windham County",2,46,475,229,246
050,50,025,"Vermont","Windham County",2,47,469,227,242
050,50,025,"Vermont","Windham County",2,48,519,258,261
050,50,025,"Vermont","Windham County",2,49,583,296,287
050,50,025,"Vermont","Windham County",2,50,572,278,294
050,50,025,"Vermont","Windham County",2,51,547,253,294
050,50,025,"Vermont","Windham County",2,52,545,259,286
050,50,025,"Vermont","Windham County",2,53,564,266,298
050,50,025,"Vermont","Windham County",2,54,612,298,314
050,50,025,"Vermont","Windham County",2,55,676,323,353
050,50,025,"Vermont","Windham County",2,56,701,337,364
050,50,025,"Vermont","Windham County",2,57,740,350,390
050,50,025,"Vermont","Windham County",2,58,807,393,414
050,50,025,"Vermont","Windham County",2,59,831,417,414
050,50,025,"Vermont","Windham County",2,60,828,410,418
050,50,025,"Vermont","Windham County",2,61,794,399,395
050,50,025,"Vermont","Windham County",2,62,830,420,410
050,50,025,"Vermont","Windham County",2,63,791,395,396
050,50,025,"Vermont","Windham County",2,64,773,386,387
050,50,025,"Vermont","Windham County",2,65,774,368,406
050,50,025,"Vermont","Windham County",2,66,793,389,404
050,50,025,"Vermont","Windham County",2,67,767,371,396
050,50,025,"Vermont","Windham County",2,68,765,384,381
050,50,025,"Vermont","Windham County",2,69,729,373,356
050,50,025,"Vermont","Windham County",2,70,691,358,333
050,50,025,"Vermont","Windham County",2,71,683,340,343
050,50,025,"Vermont","Windham County",2,72,622,295,327
050,50,025,"Vermont","Windham County",2,73,643,304,339
050,50,025,"Vermont","Windham County",2,74,444,207,237
050,50,025,"Vermont","Windham County",2,75,434,197,237
050,50,025,"Vermont","Windham County",2,76,417,203,214
050,50,025,"Vermont","Windham County",2,77,415,206,209
050,50,025,"Vermont","Windham County",2,78,342,164,178
050,50,025,"Vermont","Windham County",2,79,299,130,169
050,50,025,"Vermont","Windham County",2,80,253,115,138
050,50,025,"Vermont","Windham County",2,81,226,105,121
050,50,025,"Vermont","Windham County",2,82,207,99,108
050,50,025,"Vermont","Windham County",2,83,182,84,98
050,50,025,"Vermont","Windham County",2,84,176,85,91
050,50,025,"Vermont","Windham County",2,85,1050,391,659
050,50,025,"Vermont","Windham County",3,0,299,162,137
050,50,025,"Vermont","Windham County",3,1,343,185,158
050,50,025,"Vermont","Windham County",3,2,365,195,170
050,50,025,"Vermont","Windham County",3,3,391,214,177
050,50,025,"Vermont","Windham County",3,4,438,233,205
050,50,025,"Vermont","Windham County",3,5,433,227,206
050,50,025,"Vermont","Windham County",3,6,408,204,204
050,50,025,"Vermont","Windham County",3,7,460,222,238
050,50,025,"Vermont","Windham County",3,8,456,221,235
050,50,025,"Vermont","Windham County",3,9,453,223,230
050,50,025,"Vermont","Windham County",3,10,456,237,219
050,50,025,"Vermont","Windham County",3,11,445,238,207
050,50,025,"Vermont","Windham County",3,12,466,253,213
050,50,025,"Vermont","Windham County",3,13,511,269,242
050,50,025,"Vermont","Windham County",3,14,511,255,256
050,50,025,"Vermont","Windham County",3,15,480,241,239
050,50,025,"Vermont","Windham County",3,16,452,234,218
050,50,025,"Vermont","Windham County",3,17,489,254,235
050,50,025,"Vermont","Windham County",3,18,537,291,246
050,50,025,"Vermont","Windham County",3,19,585,340,245
050,50,025,"Vermont","Windham County",3,20,624,346,278
050,50,025,"Vermont","Windham County",3,21,591,333,258
050,50,025,"Vermont","Windham County",3,22,542,299,243
050,50,025,"Vermont","Windham County",3,23,481,248,233
050,50,025,"Vermont","Windham County",3,24,435,232,203
050,50,025,"Vermont","Windham County",3,25,410,226,184
050,50,025,"Vermont","Windham County",3,26,478,226,252
050,50,025,"Vermont","Windham County",3,27,482,245,237
050,50,025,"Vermont","Windham County",3,28,499,250,249
050,50,025,"Vermont","Windham County",3,29,501,242,259
050,50,025,"Vermont","Windham County",3,30,522,255,267
050,50,025,"Vermont","Windham County",3,31,481,248,233
050,50,025,"Vermont","Windham County",3,32,503,263,240
050,50,025,"Vermont","Windham County",3,33,516,252,264
050,50,025,"Vermont","Windham County",3,34,534,250,284
050,50,025,"Vermont","Windham County",3,35,507,250,257
050,50,025,"Vermont","Windham County",3,36,529,255,274
050,50,025,"Vermont","Windham County",3,37,555,265,290
050,50,025,"Vermont","Windham County",3,38,575,291,284
050,50,025,"Vermont","Windham County",3,39,557,285,272
050,50,025,"Vermont","Windham County",3,40,563,271,292
050,50,025,"Vermont","Windham County",3,41,553,259,294
050,50,025,"Vermont","Windham County",3,42,520,239,281
050,50,025,"Vermont","Windham County",3,43,500,236,264
050,50,025,"Vermont","Windham County",3,44,511,250,261
050,50,025,"Vermont","Windham County",3,45,492,251,241
050,50,025,"Vermont","Windham County",3,46,461,227,234
050,50,025,"Vermont","Windham County",3,47,480,230,250
050,50,025,"Vermont","Windham County",3,48,492,237,255
050,50,025,"Vermont","Windham County",3,49,506,247,259
050,50,025,"Vermont","Windham County",3,50,588,295,293
050,50,025,"Vermont","Windham County",3,51,566,274,292
050,50,025,"Vermont","Windham County",3,52,537,263,274
050,50,025,"Vermont","Windham County",3,53,553,258,295
050,50,025,"Vermont","Windham County",3,54,581,272,309
050,50,025,"Vermont","Windham County",3,55,612,301,311
050,50,025,"Vermont","Windham County",3,56,692,328,364
050,50,025,"Vermont","Windham County",3,57,703,334,369
050,50,025,"Vermont","Windham County",3,58,749,356,393
050,50,025,"Vermont","Windham County",3,59,788,380,408
050,50,025,"Vermont","Windham County",3,60,837,419,418
050,50,025,"Vermont","Windham County",3,61,820,410,410
050,50,025,"Vermont","Windham County",3,62,816,409,407
050,50,025,"Vermont","Windham County",3,63,832,421,411
050,50,025,"Vermont","Windham County",3,64,799,401,398
050,50,025,"Vermont","Windham County",3,65,746,373,373
050,50,025,"Vermont","Windham County",3,66,762,366,396
050,50,025,"Vermont","Windham County",3,67,794,382,412
050,50,025,"Vermont","Windham County",3,68,765,370,395
050,50,025,"Vermont","Windham County",3,69,760,384,376
050,50,025,"Vermont","Windham County",3,70,729,375,354
050,50,025,"Vermont","Windham County",3,71,689,351,338
050,50,025,"Vermont","Windham County",3,72,671,339,332
050,50,025,"Vermont","Windham County",3,73,607,284,323
050,50,025,"Vermont","Windham County",3,74,627,295,332
050,50,025,"Vermont","Windham County",3,75,444,206,238
050,50,025,"Vermont","Windham County",3,76,414,188,226
050,50,025,"Vermont","Windham County",3,77,397,200,197
050,50,025,"Vermont","Windham County",3,78,406,201,205
050,50,025,"Vermont","Windham County",3,79,334,161,173
050,50,025,"Vermont","Windham County",3,80,283,121,162
050,50,025,"Vermont","Windham County",3,81,241,113,128
050,50,025,"Vermont","Windham County",3,82,215,101,114
050,50,025,"Vermont","Windham County",3,83,191,83,108
050,50,025,"Vermont","Windham County",3,84,169,84,85
050,50,025,"Vermont","Windham County",3,85,1055,406,649
050,50,025,"Vermont","Windham County",4,0,356,187,169
050,50,025,"Vermont","Windham County",4,1,287,161,126
050,50,025,"Vermont","Windham County",4,2,344,185,159
050,50,025,"Vermont","Windham County",4,3,376,199,177
050,50,025,"Vermont","Windham County",4,4,397,215,182
050,50,025,"Vermont","Windham County",4,5,430,229,201
050,50,025,"Vermont","Windham County",4,6,436,222,214
050,50,025,"Vermont","Windham County",4,7,403,200,203
050,50,025,"Vermont","Windham County",4,8,460,222,238
050,50,025,"Vermont","Windham County",4,9,459,228,231
050,50,025,"Vermont","Windham County",4,10,443,213,230
050,50,025,"Vermont","Windham County",4,11,460,245,215
050,50,025,"Vermont","Windham County",4,12,451,243,208
050,50,025,"Vermont","Windham County",4,13,467,255,212
050,50,025,"Vermont","Windham County",4,14,498,264,234
050,50,025,"Vermont","Windham County",4,15,515,261,254
050,50,025,"Vermont","Windham County",4,16,484,251,233
050,50,025,"Vermont","Windham County",4,17,446,235,211
050,50,025,"Vermont","Windham County",4,18,521,279,242
050,50,025,"Vermont","Windham County",4,19,585,342,243
050,50,025,"Vermont","Windham County",4,20,619,356,263
050,50,025,"Vermont","Windham County",4,21,571,316,255
050,50,025,"Vermont","Windham County",4,22,528,283,245
050,50,025,"Vermont","Windham County",4,23,483,266,217
050,50,025,"Vermont","Windham County",4,24,428,219,209
050,50,025,"Vermont","Windham County",4,25,407,208,199
050,50,025,"Vermont","Windham County",4,26,418,230,188
050,50,025,"Vermont","Windham County",4,27,471,218,253
050,50,025,"Vermont","Windham County",4,28,468,227,241
050,50,025,"Vermont","Windham County",4,29,477,240,237
050,50,025,"Vermont","Windham County",4,30,486,237,249
050,50,025,"Vermont","Windham County",4,31,512,250,262
050,50,025,"Vermont","Windham County",4,32,508,252,256
050,50,025,"Vermont","Windham County",4,33,501,252,249
050,50,025,"Vermont","Windham County",4,34,518,252,266
050,50,025,"Vermont","Windham County",4,35,551,252,299
050,50,025,"Vermont","Windham County",4,36,521,261,260
050,50,025,"Vermont","Windham County",4,37,538,260,278
050,50,025,"Vermont","Windham County",4,38,557,267,290
050,50,025,"Vermont","Windham County",4,39,557,277,280
050,50,025,"Vermont","Windham County",4,40,572,294,278
050,50,025,"Vermont","Windham County",4,41,573,275,298
050,50,025,"Vermont","Windham County",4,42,554,267,287
050,50,025,"Vermont","Windham County",4,43,536,249,287
050,50,025,"Vermont","Windham County",4,44,518,242,276
050,50,025,"Vermont","Windham County",4,45,527,264,263
050,50,025,"Vermont","Windham County",4,46,468,244,224
050,50,025,"Vermont","Windham County",4,47,466,226,240
050,50,025,"Vermont","Windham County",4,48,493,234,259
050,50,025,"Vermont","Windham County",4,49,472,228,244
050,50,025,"Vermont","Windham County",4,50,512,252,260
050,50,025,"Vermont","Windham County",4,51,606,294,312
050,50,025,"Vermont","Windham County",4,52,555,279,276
050,50,025,"Vermont","Windham County",4,53,543,263,280
050,50,025,"Vermont","Windham County",4,54,544,260,284
050,50,025,"Vermont","Windham County",4,55,584,275,309
050,50,025,"Vermont","Windham County",4,56,620,299,321
050,50,025,"Vermont","Windham County",4,57,683,326,357
050,50,025,"Vermont","Windham County",4,58,711,336,375
050,50,025,"Vermont","Windham County",4,59,737,350,387
050,50,025,"Vermont","Windham County",4,60,796,376,420
050,50,025,"Vermont","Windham County",4,61,815,403,412
050,50,025,"Vermont","Windham County",4,62,840,422,418
050,50,025,"Vermont","Windham County",4,63,793,399,394
050,50,025,"Vermont","Windham County",4,64,841,421,420
050,50,025,"Vermont","Windham County",4,65,790,402,388
050,50,025,"Vermont","Windham County",4,66,728,365,363
050,50,025,"Vermont","Windham County",4,67,739,351,388
050,50,025,"Vermont","Windham County",4,68,791,383,408
050,50,025,"Vermont","Windham County",4,69,752,363,389
050,50,025,"Vermont","Windham County",4,70,753,382,371
050,50,025,"Vermont","Windham County",4,71,719,365,354
050,50,025,"Vermont","Windham County",4,72,658,341,317
050,50,025,"Vermont","Windham County",4,73,653,326,327
050,50,025,"Vermont","Windham County",4,74,588,269,319
050,50,025,"Vermont","Windham County",4,75,614,291,323
050,50,025,"Vermont","Windham County",4,76,428,200,228
050,50,025,"Vermont","Windham County",4,77,399,181,218
050,50,025,"Vermont","Windham County",4,78,390,197,193
050,50,025,"Vermont","Windham County",4,79,389,190,199
050,50,025,"Vermont","Windham County",4,80,318,153,165
050,50,025,"Vermont","Windham County",4,81,268,113,155
050,50,025,"Vermont","Windham County",4,82,224,104,120
050,50,025,"Vermont","Windham County",4,83,199,89,110
050,50,025,"Vermont","Windham County",4,84,175,85,90
050,50,025,"Vermont","Windham County",4,85,1028,411,617
050,50,025,"Vermont","Windham County",5,0,340,185,155
050,50,025,"Vermont","Windham County",5,1,353,201,152
050,50,025,"Vermont","Windham County",5,2,292,164,128
050,50,025,"Vermont","Windham County",5,3,372,199,173
050,50,025,"Vermont","Windham County",5,4,380,200,180
050,50,025,"Vermont","Windham County",5,5,390,210,180
050,50,025,"Vermont","Windham County",5,6,442,243,199
050,50,025,"Vermont","Windham County",5,7,445,230,215
050,50,025,"Vermont","Windham County",5,8,399,201,198
050,50,025,"Vermont","Windham County",5,9,469,233,236
050,50,025,"Vermont","Windham County",5,10,455,230,225
050,50,025,"Vermont","Windham County",5,11,446,217,229
050,50,025,"Vermont","Windham County",5,12,459,242,217
050,50,025,"Vermont","Windham County",5,13,436,233,203
050,50,025,"Vermont","Windham County",5,14,480,252,228
050,50,025,"Vermont","Windham County",5,15,503,268,235
050,50,025,"Vermont","Windham County",5,16,523,268,255
050,50,025,"Vermont","Windham County",5,17,487,252,235
050,50,025,"Vermont","Windham County",5,18,485,267,218
050,50,025,"Vermont","Windham County",5,19,583,339,244
050,50,025,"Vermont","Windham County",5,20,625,348,277
050,50,025,"Vermont","Windham County",5,21,569,328,241
050,50,025,"Vermont","Windham County",5,22,534,278,256
050,50,025,"Vermont","Windham County",5,23,486,257,229
050,50,025,"Vermont","Windham County",5,24,439,236,203
050,50,025,"Vermont","Windham County",5,25,408,201,207
050,50,025,"Vermont","Windham County",5,26,406,204,202
050,50,025,"Vermont","Windham County",5,27,420,229,191
050,50,025,"Vermont","Windham County",5,28,466,224,242
050,50,025,"Vermont","Windham County",5,29,483,230,253
050,50,025,"Vermont","Windham County",5,30,469,226,243
050,50,025,"Vermont","Windham County",5,31,507,253,254
050,50,025,"Vermont","Windham County",5,32,524,257,267
050,50,025,"Vermont","Windham County",5,33,515,253,262
050,50,025,"Vermont","Windham County",5,34,490,248,242
050,50,025,"Vermont","Windham County",5,35,523,254,269
050,50,025,"Vermont","Windham County",5,36,559,260,299
050,50,025,"Vermont","Windham County",5,37,528,266,262
050,50,025,"Vermont","Windham County",5,38,538,261,277
050,50,025,"Vermont","Windham County",5,39,570,277,293
050,50,025,"Vermont","Windham County",5,40,562,277,285
050,50,025,"Vermont","Windham County",5,41,581,298,283
050,50,025,"Vermont","Windham County",5,42,568,281,287
050,50,025,"Vermont","Windham County",5,43,568,270,298
050,50,025,"Vermont","Windham County",5,44,547,253,294
050,50,025,"Vermont","Windham County",5,45,529,248,281
050,50,025,"Vermont","Windham County",5,46,524,266,258
050,50,025,"Vermont","Windham County",5,47,479,241,238
050,50,025,"Vermont","Windham County",5,48,488,240,248
050,50,025,"Vermont","Windham County",5,49,475,228,247
050,50,025,"Vermont","Windham County",5,50,482,234,248
050,50,025,"Vermont","Windham County",5,51,514,249,265
050,50,025,"Vermont","Windham County",5,52,608,310,298
050,50,025,"Vermont","Windham County",5,53,551,276,275
050,50,025,"Vermont","Windham County",5,54,558,275,283
050,50,025,"Vermont","Windham County",5,55,540,265,275
050,50,025,"Vermont","Windham County",5,56,603,283,320
050,50,025,"Vermont","Windham County",5,57,622,296,326
050,50,025,"Vermont","Windham County",5,58,699,334,365
050,50,025,"Vermont","Windham County",5,59,697,332,365
050,50,025,"Vermont","Windham County",5,60,739,349,390
050,50,025,"Vermont","Windham County",5,61,779,370,409
050,50,025,"Vermont","Windham County",5,62,828,410,418
050,50,025,"Vermont","Windham County",5,63,823,413,410
050,50,025,"Vermont","Windham County",5,64,801,408,393
050,50,025,"Vermont","Windham County",5,65,823,411,412
050,50,025,"Vermont","Windham County",5,66,789,406,383
050,50,025,"Vermont","Windham County",5,67,723,355,368
050,50,025,"Vermont","Windham County",5,68,746,360,386
050,50,025,"Vermont","Windham County",5,69,789,383,406
050,50,025,"Vermont","Windham County",5,70,741,365,376
050,50,025,"Vermont","Windham County",5,71,730,361,369
050,50,025,"Vermont","Windham County",5,72,706,362,344
050,50,025,"Vermont","Windham County",5,73,643,334,309
050,50,025,"Vermont","Windham County",5,74,629,312,317
050,50,025,"Vermont","Windham County",5,75,574,266,308
050,50,025,"Vermont","Windham County",5,76,594,276,318
050,50,025,"Vermont","Windham County",5,77,410,195,215
050,50,025,"Vermont","Windham County",5,78,396,182,214
050,50,025,"Vermont","Windham County",5,79,371,180,191
050,50,025,"Vermont","Windham County",5,80,368,180,188
050,50,025,"Vermont","Windham County",5,81,307,151,156
050,50,025,"Vermont","Windham County",5,82,251,106,145
050,50,025,"Vermont","Windham County",5,83,207,91,116
050,50,025,"Vermont","Windham County",5,84,188,89,99
050,50,025,"Vermont","Windham County",5,85,1018,416,602
050,50,027,"Vermont","Windsor County",1,0,447,228,219
050,50,027,"Vermont","Windsor County",1,1,480,253,227
050,50,027,"Vermont","Windsor County",1,2,515,285,230
050,50,027,"Vermont","Windsor County",1,3,496,266,230
050,50,027,"Vermont","Windsor County",1,4,522,268,254
050,50,027,"Vermont","Windsor County",1,5,549,284,265
050,50,027,"Vermont","Windsor County",1,6,559,282,277
050,50,027,"Vermont","Windsor County",1,7,572,308,264
050,50,027,"Vermont","Windsor County",1,8,561,286,275
050,50,027,"Vermont","Windsor County",1,9,596,305,291
050,50,027,"Vermont","Windsor County",1,10,600,319,281
050,50,027,"Vermont","Windsor County",1,11,600,309,291
050,50,027,"Vermont","Windsor County",1,12,666,344,322
050,50,027,"Vermont","Windsor County",1,13,692,343,349
050,50,027,"Vermont","Windsor County",1,14,647,328,319
050,50,027,"Vermont","Windsor County",1,15,634,322,312
050,50,027,"Vermont","Windsor County",1,16,672,348,324
050,50,027,"Vermont","Windsor County",1,17,660,328,332
050,50,027,"Vermont","Windsor County",1,18,524,270,254
050,50,027,"Vermont","Windsor County",1,19,418,223,195
050,50,027,"Vermont","Windsor County",1,20,466,252,214
050,50,027,"Vermont","Windsor County",1,21,538,282,256
050,50,027,"Vermont","Windsor County",1,22,553,267,286
050,50,027,"Vermont","Windsor County",1,23,550,279,271
050,50,027,"Vermont","Windsor County",1,24,552,275,277
050,50,027,"Vermont","Windsor County",1,25,601,301,300
050,50,027,"Vermont","Windsor County",1,26,585,293,292
050,50,027,"Vermont","Windsor County",1,27,630,320,310
050,50,027,"Vermont","Windsor County",1,28,629,308,321
050,50,027,"Vermont","Windsor County",1,29,587,301,286
050,50,027,"Vermont","Windsor County",1,30,614,308,306
050,50,027,"Vermont","Windsor County",1,31,620,305,315
050,50,027,"Vermont","Windsor County",1,32,644,305,339
050,50,027,"Vermont","Windsor County",1,33,706,346,360
050,50,027,"Vermont","Windsor County",1,34,703,347,356
050,50,027,"Vermont","Windsor County",1,35,699,341,358
050,50,027,"Vermont","Windsor County",1,36,685,337,348
050,50,027,"Vermont","Windsor County",1,37,719,347,372
050,50,027,"Vermont","Windsor County",1,38,737,361,376
050,50,027,"Vermont","Windsor County",1,39,663,346,317
050,50,027,"Vermont","Windsor County",1,40,677,342,335
050,50,027,"Vermont","Windsor County",1,41,686,324,362
050,50,027,"Vermont","Windsor County",1,42,618,319,299
050,50,027,"Vermont","Windsor County",1,43,611,305,306
050,50,027,"Vermont","Windsor County",1,44,622,312,310
050,50,027,"Vermont","Windsor County",1,45,628,316,312
050,50,027,"Vermont","Windsor County",1,46,612,309,303
050,50,027,"Vermont","Windsor County",1,47,628,323,305
050,50,027,"Vermont","Windsor County",1,48,678,351,327
050,50,027,"Vermont","Windsor County",1,49,731,371,360
050,50,027,"Vermont","Windsor County",1,50,755,386,369
050,50,027,"Vermont","Windsor County",1,51,717,361,356
050,50,027,"Vermont","Windsor County",1,52,728,365,363
050,50,027,"Vermont","Windsor County",1,53,769,386,383
050,50,027,"Vermont","Windsor County",1,54,798,389,409
050,50,027,"Vermont","Windsor County",1,55,880,412,468
050,50,027,"Vermont","Windsor County",1,56,900,421,479
050,50,027,"Vermont","Windsor County",1,57,911,437,474
050,50,027,"Vermont","Windsor County",1,58,979,461,518
050,50,027,"Vermont","Windsor County",1,59,1024,495,529
050,50,027,"Vermont","Windsor County",1,60,982,471,511
050,50,027,"Vermont","Windsor County",1,61,1021,498,523
050,50,027,"Vermont","Windsor County",1,62,1041,503,538
050,50,027,"Vermont","Windsor County",1,63,1009,476,533
050,50,027,"Vermont","Windsor County",1,64,1001,471,530
050,50,027,"Vermont","Windsor County",1,65,1017,500,517
050,50,027,"Vermont","Windsor County",1,66,966,473,493
050,50,027,"Vermont","Windsor County",1,67,941,462,479
050,50,027,"Vermont","Windsor County",1,68,886,444,442
050,50,027,"Vermont","Windsor County",1,69,850,430,420
050,50,027,"Vermont","Windsor County",1,70,793,390,403
050,50,027,"Vermont","Windsor County",1,71,782,377,405
050,50,027,"Vermont","Windsor County",1,72,780,366,414
050,50,027,"Vermont","Windsor County",1,73,804,375,429
050,50,027,"Vermont","Windsor County",1,74,572,267,305
050,50,027,"Vermont","Windsor County",1,75,582,276,306
050,50,027,"Vermont","Windsor County",1,76,571,276,295
050,50,027,"Vermont","Windsor County",1,77,544,267,277
050,50,027,"Vermont","Windsor County",1,78,430,220,210
050,50,027,"Vermont","Windsor County",1,79,403,198,205
050,50,027,"Vermont","Windsor County",1,80,358,163,195
050,50,027,"Vermont","Windsor County",1,81,337,157,180
050,50,027,"Vermont","Windsor County",1,82,293,123,170
050,50,027,"Vermont","Windsor County",1,83,264,111,153
050,50,027,"Vermont","Windsor County",1,84,262,122,140
050,50,027,"Vermont","Windsor County",1,85,1405,542,863
050,50,027,"Vermont","Windsor County",2,0,457,240,217
050,50,027,"Vermont","Windsor County",2,1,475,249,226
050,50,027,"Vermont","Windsor County",2,2,509,277,232
050,50,027,"Vermont","Windsor County",2,3,499,271,228
050,50,027,"Vermont","Windsor County",2,4,518,268,250
050,50,027,"Vermont","Windsor County",2,5,547,282,265
050,50,027,"Vermont","Windsor County",2,6,562,287,275
050,50,027,"Vermont","Windsor County",2,7,571,302,269
050,50,027,"Vermont","Windsor County",2,8,566,292,274
050,50,027,"Vermont","Windsor County",2,9,588,300,288
050,50,027,"Vermont","Windsor County",2,10,600,316,284
050,50,027,"Vermont","Windsor County",2,11,600,313,287
050,50,027,"Vermont","Windsor County",2,12,654,338,316
050,50,027,"Vermont","Windsor County",2,13,685,342,343
050,50,027,"Vermont","Windsor County",2,14,654,331,323
050,50,027,"Vermont","Windsor County",2,15,637,323,314
050,50,027,"Vermont","Windsor County",2,16,668,344,324
050,50,027,"Vermont","Windsor County",2,17,661,331,330
050,50,027,"Vermont","Windsor County",2,18,527,271,256
050,50,027,"Vermont","Windsor County",2,19,419,222,197
050,50,027,"Vermont","Windsor County",2,20,468,252,216
050,50,027,"Vermont","Windsor County",2,21,531,278,253
050,50,027,"Vermont","Windsor County",2,22,557,273,284
050,50,027,"Vermont","Windsor County",2,23,551,276,275
050,50,027,"Vermont","Windsor County",2,24,551,279,272
050,50,027,"Vermont","Windsor County",2,25,589,298,291
050,50,027,"Vermont","Windsor County",2,26,593,301,292
050,50,027,"Vermont","Windsor County",2,27,623,315,308
050,50,027,"Vermont","Windsor County",2,28,626,311,315
050,50,027,"Vermont","Windsor County",2,29,603,304,299
050,50,027,"Vermont","Windsor County",2,30,615,311,304
050,50,027,"Vermont","Windsor County",2,31,620,306,314
050,50,027,"Vermont","Windsor County",2,32,643,306,337
050,50,027,"Vermont","Windsor County",2,33,696,340,356
050,50,027,"Vermont","Windsor County",2,34,705,347,358
050,50,027,"Vermont","Windsor County",2,35,702,345,357
050,50,027,"Vermont","Windsor County",2,36,685,335,350
050,50,027,"Vermont","Windsor County",2,37,719,347,372
050,50,027,"Vermont","Windsor County",2,38,733,357,376
050,50,027,"Vermont","Windsor County",2,39,679,349,330
050,50,027,"Vermont","Windsor County",2,40,679,345,334
050,50,027,"Vermont","Windsor County",2,41,683,329,354
050,50,027,"Vermont","Windsor County",2,42,630,319,311
050,50,027,"Vermont","Windsor County",2,43,618,312,306
050,50,027,"Vermont","Windsor County",2,44,613,308,305
050,50,027,"Vermont","Windsor County",2,45,628,314,314
050,50,027,"Vermont","Windsor County",2,46,617,312,305
050,50,027,"Vermont","Windsor County",2,47,620,319,301
050,50,027,"Vermont","Windsor County",2,48,666,346,320
050,50,027,"Vermont","Windsor County",2,49,725,369,356
050,50,027,"Vermont","Windsor County",2,50,754,386,368
050,50,027,"Vermont","Windsor County",2,51,728,371,357
050,50,027,"Vermont","Windsor County",2,52,729,368,361
050,50,027,"Vermont","Windsor County",2,53,759,381,378
050,50,027,"Vermont","Windsor County",2,54,785,385,400
050,50,027,"Vermont","Windsor County",2,55,857,404,453
050,50,027,"Vermont","Windsor County",2,56,894,419,475
050,50,027,"Vermont","Windsor County",2,57,913,436,477
050,50,027,"Vermont","Windsor County",2,58,963,456,507
050,50,027,"Vermont","Windsor County",2,59,1016,487,529
050,50,027,"Vermont","Windsor County",2,60,991,476,515
050,50,027,"Vermont","Windsor County",2,61,1009,490,519
050,50,027,"Vermont","Windsor County",2,62,1036,503,533
050,50,027,"Vermont","Windsor County",2,63,1025,487,538
050,50,027,"Vermont","Windsor County",2,64,995,466,529
050,50,027,"Vermont","Windsor County",2,65,1005,487,518
050,50,027,"Vermont","Windsor County",2,66,976,478,498
050,50,027,"Vermont","Windsor County",2,67,943,462,481
050,50,027,"Vermont","Windsor County",2,68,887,442,445
050,50,027,"Vermont","Windsor County",2,69,859,434,425
050,50,027,"Vermont","Windsor County",2,70,802,397,405
050,50,027,"Vermont","Windsor County",2,71,785,378,407
050,50,027,"Vermont","Windsor County",2,72,760,359,401
050,50,027,"Vermont","Windsor County",2,73,833,387,446
050,50,027,"Vermont","Windsor County",2,74,584,273,311
050,50,027,"Vermont","Windsor County",2,75,578,273,305
050,50,027,"Vermont","Windsor County",2,76,560,270,290
050,50,027,"Vermont","Windsor County",2,77,562,275,287
050,50,027,"Vermont","Windsor County",2,78,444,224,220
050,50,027,"Vermont","Windsor County",2,79,403,199,204
050,50,027,"Vermont","Windsor County",2,80,362,169,193
050,50,027,"Vermont","Windsor County",2,81,337,155,182
050,50,027,"Vermont","Windsor County",2,82,301,129,172
050,50,027,"Vermont","Windsor County",2,83,259,108,151
050,50,027,"Vermont","Windsor County",2,84,263,119,144
050,50,027,"Vermont","Windsor County",2,85,1416,546,870
050,50,027,"Vermont","Windsor County",3,0,422,207,215
050,50,027,"Vermont","Windsor County",3,1,459,243,216
050,50,027,"Vermont","Windsor County",3,2,487,252,235
050,50,027,"Vermont","Windsor County",3,3,542,288,254
050,50,027,"Vermont","Windsor County",3,4,505,271,234
050,50,027,"Vermont","Windsor County",3,5,533,259,274
050,50,027,"Vermont","Windsor County",3,6,567,295,272
050,50,027,"Vermont","Windsor County",3,7,569,293,276
050,50,027,"Vermont","Windsor County",3,8,583,299,284
050,50,027,"Vermont","Windsor County",3,9,560,303,257
050,50,027,"Vermont","Windsor County",3,10,593,310,283
050,50,027,"Vermont","Windsor County",3,11,623,321,302
050,50,027,"Vermont","Windsor County",3,12,616,333,283
050,50,027,"Vermont","Windsor County",3,13,670,346,324
050,50,027,"Vermont","Windsor County",3,14,683,343,340
050,50,027,"Vermont","Windsor County",3,15,657,334,323
050,50,027,"Vermont","Windsor County",3,16,636,324,312
050,50,027,"Vermont","Windsor County",3,17,662,339,323
050,50,027,"Vermont","Windsor County",3,18,565,297,268
050,50,027,"Vermont","Windsor County",3,19,420,217,203
050,50,027,"Vermont","Windsor County",3,20,445,237,208
050,50,027,"Vermont","Windsor County",3,21,506,268,238
050,50,027,"Vermont","Windsor County",3,22,554,283,271
050,50,027,"Vermont","Windsor County",3,23,570,289,281
050,50,027,"Vermont","Windsor County",3,24,554,278,276
050,50,027,"Vermont","Windsor County",3,25,568,301,267
050,50,027,"Vermont","Windsor County",3,26,623,316,307
050,50,027,"Vermont","Windsor County",3,27,613,306,307
050,50,027,"Vermont","Windsor County",3,28,612,292,320
050,50,027,"Vermont","Windsor County",3,29,680,326,354
050,50,027,"Vermont","Windsor County",3,30,624,314,310
050,50,027,"Vermont","Windsor County",3,31,655,329,326
050,50,027,"Vermont","Windsor County",3,32,648,319,329
050,50,027,"Vermont","Windsor County",3,33,664,330,334
050,50,027,"Vermont","Windsor County",3,34,699,339,360
050,50,027,"Vermont","Windsor County",3,35,740,367,373
050,50,027,"Vermont","Windsor County",3,36,736,361,375
050,50,027,"Vermont","Windsor County",3,37,710,342,368
050,50,027,"Vermont","Windsor County",3,38,753,364,389
050,50,027,"Vermont","Windsor County",3,39,735,357,378
050,50,027,"Vermont","Windsor County",3,40,696,356,340
050,50,027,"Vermont","Windsor County",3,41,732,377,355
050,50,027,"Vermont","Windsor County",3,42,683,326,357
050,50,027,"Vermont","Windsor County",3,43,650,321,329
050,50,027,"Vermont","Windsor County",3,44,648,333,315
050,50,027,"Vermont","Windsor County",3,45,606,311,295
050,50,027,"Vermont","Windsor County",3,46,645,332,313
050,50,027,"Vermont","Windsor County",3,47,622,307,315
050,50,027,"Vermont","Windsor County",3,48,634,320,314
050,50,027,"Vermont","Windsor County",3,49,662,340,322
050,50,027,"Vermont","Windsor County",3,50,734,387,347
050,50,027,"Vermont","Windsor County",3,51,750,378,372
050,50,027,"Vermont","Windsor County",3,52,734,382,352
050,50,027,"Vermont","Windsor County",3,53,722,359,363
050,50,027,"Vermont","Windsor County",3,54,760,377,383
050,50,027,"Vermont","Windsor County",3,55,792,393,399
050,50,027,"Vermont","Windsor County",3,56,874,411,463
050,50,027,"Vermont","Windsor County",3,57,909,420,489
050,50,027,"Vermont","Windsor County",3,58,913,444,469
050,50,027,"Vermont","Windsor County",3,59,977,463,514
050,50,027,"Vermont","Windsor County",3,60,1022,492,530
050,50,027,"Vermont","Windsor County",3,61,1002,480,522
050,50,027,"Vermont","Windsor County",3,62,1021,494,527
050,50,027,"Vermont","Windsor County",3,63,1044,509,535
050,50,027,"Vermont","Windsor County",3,64,1031,479,552
050,50,027,"Vermont","Windsor County",3,65,995,464,531
050,50,027,"Vermont","Windsor County",3,66,983,477,506
050,50,027,"Vermont","Windsor County",3,67,984,477,507
050,50,027,"Vermont","Windsor County",3,68,917,449,468
050,50,027,"Vermont","Windsor County",3,69,876,439,437
050,50,027,"Vermont","Windsor County",3,70,852,426,426
050,50,027,"Vermont","Windsor County",3,71,803,395,408
050,50,027,"Vermont","Windsor County",3,72,786,375,411
050,50,027,"Vermont","Windsor County",3,73,755,354,401
050,50,027,"Vermont","Windsor County",3,74,820,374,446
050,50,027,"Vermont","Windsor County",3,75,582,271,311
050,50,027,"Vermont","Windsor County",3,76,555,257,298
050,50,027,"Vermont","Windsor County",3,77,543,263,280
050,50,027,"Vermont","Windsor County",3,78,541,265,276
050,50,027,"Vermont","Windsor County",3,79,434,218,216
050,50,027,"Vermont","Windsor County",3,80,381,188,193
050,50,027,"Vermont","Windsor County",3,81,353,158,195
050,50,027,"Vermont","Windsor County",3,82,319,147,172
050,50,027,"Vermont","Windsor County",3,83,280,118,162
050,50,027,"Vermont","Windsor County",3,84,255,103,152
050,50,027,"Vermont","Windsor County",3,85,1432,559,873
050,50,027,"Vermont","Windsor County",4,0,458,228,230
050,50,027,"Vermont","Windsor County",4,1,447,217,230
050,50,027,"Vermont","Windsor County",4,2,450,228,222
050,50,027,"Vermont","Windsor County",4,3,483,253,230
050,50,027,"Vermont","Windsor County",4,4,550,292,258
050,50,027,"Vermont","Windsor County",4,5,513,271,242
050,50,027,"Vermont","Windsor County",4,6,544,273,271
050,50,027,"Vermont","Windsor County",4,7,570,300,270
050,50,027,"Vermont","Windsor County",4,8,568,291,277
050,50,027,"Vermont","Windsor County",4,9,580,301,279
050,50,027,"Vermont","Windsor County",4,10,561,303,258
050,50,027,"Vermont","Windsor County",4,11,618,320,298
050,50,027,"Vermont","Windsor County",4,12,621,319,302
050,50,027,"Vermont","Windsor County",4,13,610,316,294
050,50,027,"Vermont","Windsor County",4,14,669,342,327
050,50,027,"Vermont","Windsor County",4,15,685,352,333
050,50,027,"Vermont","Windsor County",4,16,663,339,324
050,50,027,"Vermont","Windsor County",4,17,661,347,314
050,50,027,"Vermont","Windsor County",4,18,550,294,256
050,50,027,"Vermont","Windsor County",4,19,440,234,206
050,50,027,"Vermont","Windsor County",4,20,430,228,202
050,50,027,"Vermont","Windsor County",4,21,453,239,214
050,50,027,"Vermont","Windsor County",4,22,509,256,253
050,50,027,"Vermont","Windsor County",4,23,583,292,291
050,50,027,"Vermont","Windsor County",4,24,542,273,269
050,50,027,"Vermont","Windsor County",4,25,575,290,285
050,50,027,"Vermont","Windsor County",4,26,577,309,268
050,50,027,"Vermont","Windsor County",4,27,617,321,296
050,50,027,"Vermont","Windsor County",4,28,586,289,297
050,50,027,"Vermont","Windsor County",4,29,627,289,338
050,50,027,"Vermont","Windsor County",4,30,673,323,350
050,50,027,"Vermont","Windsor County",4,31,635,323,312
050,50,027,"Vermont","Windsor County",4,32,681,338,343
050,50,027,"Vermont","Windsor County",4,33,656,337,319
050,50,027,"Vermont","Windsor County",4,34,677,337,340
050,50,027,"Vermont","Windsor County",4,35,723,343,380
050,50,027,"Vermont","Windsor County",4,36,745,367,378
050,50,027,"Vermont","Windsor County",4,37,729,367,362
050,50,027,"Vermont","Windsor County",4,38,734,355,379
050,50,027,"Vermont","Windsor County",4,39,776,382,394
050,50,027,"Vermont","Windsor County",4,40,759,363,396
050,50,027,"Vermont","Windsor County",4,41,700,354,346
050,50,027,"Vermont","Windsor County",4,42,731,370,361
050,50,027,"Vermont","Windsor County",4,43,677,330,347
050,50,027,"Vermont","Windsor County",4,44,652,329,323
050,50,027,"Vermont","Windsor County",4,45,642,326,316
050,50,027,"Vermont","Windsor County",4,46,615,313,302
050,50,027,"Vermont","Windsor County",4,47,644,330,314
050,50,027,"Vermont","Windsor County",4,48,625,304,321
050,50,027,"Vermont","Windsor County",4,49,646,310,336
050,50,027,"Vermont","Windsor County",4,50,662,346,316
050,50,027,"Vermont","Windsor County",4,51,728,372,356
050,50,027,"Vermont","Windsor County",4,52,749,380,369
050,50,027,"Vermont","Windsor County",4,53,755,392,363
050,50,027,"Vermont","Windsor County",4,54,735,370,365
050,50,027,"Vermont","Windsor County",4,55,770,374,396
050,50,027,"Vermont","Windsor County",4,56,774,378,396
050,50,027,"Vermont","Windsor County",4,57,869,408,461
050,50,027,"Vermont","Windsor County",4,58,915,430,485
050,50,027,"Vermont","Windsor County",4,59,919,443,476
050,50,027,"Vermont","Windsor County",4,60,968,459,509
050,50,027,"Vermont","Windsor County",4,61,998,480,518
050,50,027,"Vermont","Windsor County",4,62,984,473,511
050,50,027,"Vermont","Windsor County",4,63,979,468,511
050,50,027,"Vermont","Windsor County",4,64,1024,494,530
050,50,027,"Vermont","Windsor County",4,65,1011,472,539
050,50,027,"Vermont","Windsor County",4,66,992,458,534
050,50,027,"Vermont","Windsor County",4,67,966,469,497
050,50,027,"Vermont","Windsor County",4,68,963,463,500
050,50,027,"Vermont","Windsor County",4,69,900,435,465
050,50,027,"Vermont","Windsor County",4,70,870,435,435
050,50,027,"Vermont","Windsor County",4,71,831,409,422
050,50,027,"Vermont","Windsor County",4,72,790,384,406
050,50,027,"Vermont","Windsor County",4,73,768,376,392
050,50,027,"Vermont","Windsor County",4,74,716,331,385
050,50,027,"Vermont","Windsor County",4,75,793,363,430
050,50,027,"Vermont","Windsor County",4,76,560,259,301
050,50,027,"Vermont","Windsor County",4,77,556,261,295
050,50,027,"Vermont","Windsor County",4,78,519,256,263
050,50,027,"Vermont","Windsor County",4,79,533,250,283
050,50,027,"Vermont","Windsor County",4,80,417,207,210
050,50,027,"Vermont","Windsor County",4,81,356,169,187
050,50,027,"Vermont","Windsor County",4,82,336,151,185
050,50,027,"Vermont","Windsor County",4,83,290,133,157
050,50,027,"Vermont","Windsor County",4,84,267,112,155
050,50,027,"Vermont","Windsor County",4,85,1427,554,873
050,50,027,"Vermont","Windsor County",5,0,421,215,206
050,50,027,"Vermont","Windsor County",5,1,462,237,225
050,50,027,"Vermont","Windsor County",5,2,444,216,228
050,50,027,"Vermont","Windsor County",5,3,440,219,221
050,50,027,"Vermont","Windsor County",5,4,491,258,233
050,50,027,"Vermont","Windsor County",5,5,558,306,252
050,50,027,"Vermont","Windsor County",5,6,521,273,248
050,50,027,"Vermont","Windsor County",5,7,547,274,273
050,50,027,"Vermont","Windsor County",5,8,588,312,276
050,50,027,"Vermont","Windsor County",5,9,575,295,280
050,50,027,"Vermont","Windsor County",5,10,578,311,267
050,50,027,"Vermont","Windsor County",5,11,579,315,264
050,50,027,"Vermont","Windsor County",5,12,628,334,294
050,50,027,"Vermont","Windsor County",5,13,625,325,300
050,50,027,"Vermont","Windsor County",5,14,611,324,287
050,50,027,"Vermont","Windsor County",5,15,675,343,332
050,50,027,"Vermont","Windsor County",5,16,672,348,324
050,50,027,"Vermont","Windsor County",5,17,642,331,311
050,50,027,"Vermont","Windsor County",5,18,550,296,254
050,50,027,"Vermont","Windsor County",5,19,439,237,202
050,50,027,"Vermont","Windsor County",5,20,492,257,235
050,50,027,"Vermont","Windsor County",5,21,473,249,224
050,50,027,"Vermont","Windsor County",5,22,498,250,248
050,50,027,"Vermont","Windsor County",5,23,541,268,273
050,50,027,"Vermont","Windsor County",5,24,604,303,301
050,50,027,"Vermont","Windsor County",5,25,519,242,277
050,50,027,"Vermont","Windsor County",5,26,603,305,298
050,50,027,"Vermont","Windsor County",5,27,600,331,269
050,50,027,"Vermont","Windsor County",5,28,608,315,293
050,50,027,"Vermont","Windsor County",5,29,576,275,301
050,50,027,"Vermont","Windsor County",5,30,608,288,320
050,50,027,"Vermont","Windsor County",5,31,691,335,356
050,50,027,"Vermont","Windsor County",5,32,649,338,311
050,50,027,"Vermont","Windsor County",5,33,710,357,353
050,50,027,"Vermont","Windsor County",5,34,666,338,328
050,50,027,"Vermont","Windsor County",5,35,688,335,353
050,50,027,"Vermont","Windsor County",5,36,709,336,373
050,50,027,"Vermont","Windsor County",5,37,742,362,380
050,50,027,"Vermont","Windsor County",5,38,732,371,361
050,50,027,"Vermont","Windsor County",5,39,762,374,388
050,50,027,"Vermont","Windsor County",5,40,800,391,409
050,50,027,"Vermont","Windsor County",5,41,763,368,395
050,50,027,"Vermont","Windsor County",5,42,701,356,345
050,50,027,"Vermont","Windsor County",5,43,740,366,374
050,50,027,"Vermont","Windsor County",5,44,704,343,361
050,50,027,"Vermont","Windsor County",5,45,657,329,328
050,50,027,"Vermont","Windsor County",5,46,652,335,317
050,50,027,"Vermont","Windsor County",5,47,635,327,308
050,50,027,"Vermont","Windsor County",5,48,642,327,315
050,50,027,"Vermont","Windsor County",5,49,614,295,319
050,50,027,"Vermont","Windsor County",5,50,651,315,336
050,50,027,"Vermont","Windsor County",5,51,639,333,306
050,50,027,"Vermont","Windsor County",5,52,742,377,365
050,50,027,"Vermont","Windsor County",5,53,754,380,374
050,50,027,"Vermont","Windsor County",5,54,746,380,366
050,50,027,"Vermont","Windsor County",5,55,746,375,371
050,50,027,"Vermont","Windsor County",5,56,762,372,390
050,50,027,"Vermont","Windsor County",5,57,780,380,400
050,50,027,"Vermont","Windsor County",5,58,887,413,474
050,50,027,"Vermont","Windsor County",5,59,901,424,477
050,50,027,"Vermont","Windsor County",5,60,912,434,478
050,50,027,"Vermont","Windsor County",5,61,955,457,498
050,50,027,"Vermont","Windsor County",5,62,987,478,509
050,50,027,"Vermont","Windsor County",5,63,967,463,504
050,50,027,"Vermont","Windsor County",5,64,975,466,509
050,50,027,"Vermont","Windsor County",5,65,1001,485,516
050,50,027,"Vermont","Windsor County",5,66,992,458,534
050,50,027,"Vermont","Windsor County",5,67,991,459,532
050,50,027,"Vermont","Windsor County",5,68,948,458,490
050,50,027,"Vermont","Windsor County",5,69,940,449,491
050,50,027,"Vermont","Windsor County",5,70,883,428,455
050,50,027,"Vermont","Windsor County",5,71,854,432,422
050,50,027,"Vermont","Windsor County",5,72,828,411,417
050,50,027,"Vermont","Windsor County",5,73,777,375,402
050,50,027,"Vermont","Windsor County",5,74,749,359,390
050,50,027,"Vermont","Windsor County",5,75,705,326,379
050,50,027,"Vermont","Windsor County",5,76,772,350,422
050,50,027,"Vermont","Windsor County",5,77,550,251,299
050,50,027,"Vermont","Windsor County",5,78,523,249,274
050,50,027,"Vermont","Windsor County",5,79,509,250,259
050,50,027,"Vermont","Windsor County",5,80,508,236,272
050,50,027,"Vermont","Windsor County",5,81,394,188,206
050,50,027,"Vermont","Windsor County",5,82,328,153,175
050,50,027,"Vermont","Windsor County",5,83,312,136,176
050,50,027,"Vermont","Windsor County",5,84,274,129,145
050,50,027,"Vermont","Windsor County",5,85,1434,551,883

