"SUMLEV","STATE","COUNTY","STNAME","CTYNAME","YEAR","AGE","TOT_POP","TOT_MALE","TOT_FEMALE"
050,05,001,"Arkansas","Arkansas County",1,0,203,105,98
050,05,001,"Arkansas","Arkansas County",1,1,224,117,107
050,05,001,"Arkansas","Arkansas County",1,2,210,108,102
050,05,001,"Arkansas","Arkansas County",1,3,227,119,108
050,05,001,"Arkansas","Arkansas County",1,4,228,118,110
050,05,001,"Arkansas","Arkansas County",1,5,232,113,119
050,05,001,"Arkansas","Arkansas County",1,6,213,116,97
050,05,001,"Arkansas","Arkansas County",1,7,232,109,123
050,05,001,"Arkansas","Arkansas County",1,8,242,124,118
050,05,001,"Arkansas","Arkansas County",1,9,219,118,101
050,05,001,"Arkansas","Arkansas County",1,10,228,109,119
050,05,001,"Arkansas","Arkansas County",1,11,219,115,104
050,05,001,"Arkansas","Arkansas County",1,12,214,109,105
050,05,001,"Arkansas","Arkansas County",1,13,229,109,120
050,05,001,"Arkansas","Arkansas County",1,14,216,109,107
050,05,001,"Arkansas","Arkansas County",1,15,216,111,105
050,05,001,"Arkansas","Arkansas County",1,16,224,116,108
050,05,001,"Arkansas","Arkansas County",1,17,200,101,99
050,05,001,"Arkansas","Arkansas County",1,18,185,95,90
050,05,001,"Arkansas","Arkansas County",1,19,150,76,74
050,05,001,"Arkansas","Arkansas County",1,20,160,84,76
050,05,001,"Arkansas","Arkansas County",1,21,170,90,80
050,05,001,"Arkansas","Arkansas County",1,22,157,79,78
050,05,001,"Arkansas","Arkansas County",1,23,169,81,88
050,05,001,"Arkansas","Arkansas County",1,24,184,88,96
050,05,001,"Arkansas","Arkansas County",1,25,196,88,108
050,05,001,"Arkansas","Arkansas County",1,26,210,94,116
050,05,001,"Arkansas","Arkansas County",1,27,213,96,117
050,05,001,"Arkansas","Arkansas County",1,28,222,108,114
050,05,001,"Arkansas","Arkansas County",1,29,215,98,117
050,05,001,"Arkansas","Arkansas County",1,30,197,90,107
050,05,001,"Arkansas","Arkansas County",1,31,207,105,102
050,05,001,"Arkansas","Arkansas County",1,32,187,100,87
050,05,001,"Arkansas","Arkansas County",1,33,188,95,93
050,05,001,"Arkansas","Arkansas County",1,34,186,78,108
050,05,001,"Arkansas","Arkansas County",1,35,174,76,98
050,05,001,"Arkansas","Arkansas County",1,36,177,80,97
050,05,001,"Arkansas","Arkansas County",1,37,179,88,91
050,05,001,"Arkansas","Arkansas County",1,38,199,92,107
050,05,001,"Arkansas","Arkansas County",1,39,201,100,101
050,05,001,"Arkansas","Arkansas County",1,40,216,108,108
050,05,001,"Arkansas","Arkansas County",1,41,229,102,127
050,05,001,"Arkansas","Arkansas County",1,42,233,126,107
050,05,001,"Arkansas","Arkansas County",1,43,228,114,114
050,05,001,"Arkansas","Arkansas County",1,44,207,100,107
050,05,001,"Arkansas","Arkansas County",1,45,198,103,95
050,05,001,"Arkansas","Arkansas County",1,46,190,96,94
050,05,001,"Arkansas","Arkansas County",1,47,204,92,112
050,05,001,"Arkansas","Arkansas County",1,48,222,111,111
050,05,001,"Arkansas","Arkansas County",1,49,230,132,98
050,05,001,"Arkansas","Arkansas County",1,50,219,119,100
050,05,001,"Arkansas","Arkansas County",1,51,206,105,101
050,05,001,"Arkansas","Arkansas County",1,52,204,90,114
050,05,001,"Arkansas","Arkansas County",1,53,217,98,119
050,05,001,"Arkansas","Arkansas County",1,54,214,96,118
050,05,001,"Arkansas","Arkansas County",1,55,226,114,112
050,05,001,"Arkansas","Arkansas County",1,56,249,123,126
050,05,001,"Arkansas","Arkansas County",1,57,219,108,111
050,05,001,"Arkansas","Arkansas County",1,58,252,124,128
050,05,001,"Arkansas","Arkansas County",1,59,260,122,138
050,05,001,"Arkansas","Arkansas County",1,60,273,135,138
050,05,001,"Arkansas","Arkansas County",1,61,239,124,115
050,05,001,"Arkansas","Arkansas County",1,62,246,118,128
050,05,001,"Arkansas","Arkansas County",1,63,243,115,128
050,05,001,"Arkansas","Arkansas County",1,64,224,110,114
050,05,001,"Arkansas","Arkansas County",1,65,228,111,117
050,05,001,"Arkansas","Arkansas County",1,66,239,121,118
050,05,001,"Arkansas","Arkansas County",1,67,236,112,124
050,05,001,"Arkansas","Arkansas County",1,68,229,114,115
050,05,001,"Arkansas","Arkansas County",1,69,200,100,100
050,05,001,"Arkansas","Arkansas County",1,70,182,94,88
050,05,001,"Arkansas","Arkansas County",1,71,183,88,95
050,05,001,"Arkansas","Arkansas County",1,72,203,97,106
050,05,001,"Arkansas","Arkansas County",1,73,192,103,89
050,05,001,"Arkansas","Arkansas County",1,74,132,71,61
050,05,001,"Arkansas","Arkansas County",1,75,128,63,65
050,05,001,"Arkansas","Arkansas County",1,76,126,57,69
050,05,001,"Arkansas","Arkansas County",1,77,115,49,66
050,05,001,"Arkansas","Arkansas County",1,78,87,34,53
050,05,001,"Arkansas","Arkansas County",1,79,97,39,58
050,05,001,"Arkansas","Arkansas County",1,80,95,49,46
050,05,001,"Arkansas","Arkansas County",1,81,95,45,50
050,05,001,"Arkansas","Arkansas County",1,82,83,32,51
050,05,001,"Arkansas","Arkansas County",1,83,78,28,50
050,05,001,"Arkansas","Arkansas County",1,84,74,28,46
050,05,001,"Arkansas","Arkansas County",1,85,396,123,273
050,05,001,"Arkansas","Arkansas County",2,0,206,104,102
050,05,001,"Arkansas","Arkansas County",2,1,218,114,104
050,05,001,"Arkansas","Arkansas County",2,2,216,111,105
050,05,001,"Arkansas","Arkansas County",2,3,221,116,105
050,05,001,"Arkansas","Arkansas County",2,4,228,118,110
050,05,001,"Arkansas","Arkansas County",2,5,231,117,114
050,05,001,"Arkansas","Arkansas County",2,6,220,117,103
050,05,001,"Arkansas","Arkansas County",2,7,226,110,116
050,05,001,"Arkansas","Arkansas County",2,8,239,121,118
050,05,001,"Arkansas","Arkansas County",2,9,225,120,105
050,05,001,"Arkansas","Arkansas County",2,10,225,111,114
050,05,001,"Arkansas","Arkansas County",2,11,219,112,107
050,05,001,"Arkansas","Arkansas County",2,12,218,112,106
050,05,001,"Arkansas","Arkansas County",2,13,225,108,117
050,05,001,"Arkansas","Arkansas County",2,14,219,109,110
050,05,001,"Arkansas","Arkansas County",2,15,215,110,105
050,05,001,"Arkansas","Arkansas County",2,16,222,114,108
050,05,001,"Arkansas","Arkansas County",2,17,203,103,100
050,05,001,"Arkansas","Arkansas County",2,18,178,90,88
050,05,001,"Arkansas","Arkansas County",2,19,147,74,73
050,05,001,"Arkansas","Arkansas County",2,20,160,84,76
050,05,001,"Arkansas","Arkansas County",2,21,165,86,79
050,05,001,"Arkansas","Arkansas County",2,22,161,81,80
050,05,001,"Arkansas","Arkansas County",2,23,167,81,86
050,05,001,"Arkansas","Arkansas County",2,24,182,87,95
050,05,001,"Arkansas","Arkansas County",2,25,195,90,105
050,05,001,"Arkansas","Arkansas County",2,26,210,94,116
050,05,001,"Arkansas","Arkansas County",2,27,211,96,115
050,05,001,"Arkansas","Arkansas County",2,28,223,106,117
050,05,001,"Arkansas","Arkansas County",2,29,214,99,115
050,05,001,"Arkansas","Arkansas County",2,30,203,92,111
050,05,001,"Arkansas","Arkansas County",2,31,204,101,103
050,05,001,"Arkansas","Arkansas County",2,32,192,101,91
050,05,001,"Arkansas","Arkansas County",2,33,185,95,90
050,05,001,"Arkansas","Arkansas County",2,34,186,83,103
050,05,001,"Arkansas","Arkansas County",2,35,179,77,102
050,05,001,"Arkansas","Arkansas County",2,36,173,78,95
050,05,001,"Arkansas","Arkansas County",2,37,176,83,93
050,05,001,"Arkansas","Arkansas County",2,38,196,92,104
050,05,001,"Arkansas","Arkansas County",2,39,202,100,102
050,05,001,"Arkansas","Arkansas County",2,40,213,105,108
050,05,001,"Arkansas","Arkansas County",2,41,224,102,122
050,05,001,"Arkansas","Arkansas County",2,42,232,121,111
050,05,001,"Arkansas","Arkansas County",2,43,231,117,114
050,05,001,"Arkansas","Arkansas County",2,44,210,102,108
050,05,001,"Arkansas","Arkansas County",2,45,203,104,99
050,05,001,"Arkansas","Arkansas County",2,46,192,97,95
050,05,001,"Arkansas","Arkansas County",2,47,203,95,108
050,05,001,"Arkansas","Arkansas County",2,48,215,107,108
050,05,001,"Arkansas","Arkansas County",2,49,229,127,102
050,05,001,"Arkansas","Arkansas County",2,50,220,120,100
050,05,001,"Arkansas","Arkansas County",2,51,207,108,99
050,05,001,"Arkansas","Arkansas County",2,52,202,92,110
050,05,001,"Arkansas","Arkansas County",2,53,213,95,118
050,05,001,"Arkansas","Arkansas County",2,54,215,97,118
050,05,001,"Arkansas","Arkansas County",2,55,224,109,115
050,05,001,"Arkansas","Arkansas County",2,56,242,121,121
050,05,001,"Arkansas","Arkansas County",2,57,225,112,113
050,05,001,"Arkansas","Arkansas County",2,58,244,120,124
050,05,001,"Arkansas","Arkansas County",2,59,260,123,137
050,05,001,"Arkansas","Arkansas County",2,60,270,133,137
050,05,001,"Arkansas","Arkansas County",2,61,243,125,118
050,05,001,"Arkansas","Arkansas County",2,62,242,119,123
050,05,001,"Arkansas","Arkansas County",2,63,245,116,129
050,05,001,"Arkansas","Arkansas County",2,64,223,110,113
050,05,001,"Arkansas","Arkansas County",2,65,224,108,116
050,05,001,"Arkansas","Arkansas County",2,66,235,118,117
050,05,001,"Arkansas","Arkansas County",2,67,237,115,122
050,05,001,"Arkansas","Arkansas County",2,68,226,109,117
050,05,001,"Arkansas","Arkansas County",2,69,205,103,102
050,05,001,"Arkansas","Arkansas County",2,70,186,95,91
050,05,001,"Arkansas","Arkansas County",2,71,179,88,91
050,05,001,"Arkansas","Arkansas County",2,72,196,94,102
050,05,001,"Arkansas","Arkansas County",2,73,201,104,97
050,05,001,"Arkansas","Arkansas County",2,74,134,72,62
050,05,001,"Arkansas","Arkansas County",2,75,130,66,64
050,05,001,"Arkansas","Arkansas County",2,76,124,58,66
050,05,001,"Arkansas","Arkansas County",2,77,119,51,68
050,05,001,"Arkansas","Arkansas County",2,78,87,35,52
050,05,001,"Arkansas","Arkansas County",2,79,95,37,58
050,05,001,"Arkansas","Arkansas County",2,80,93,47,46
050,05,001,"Arkansas","Arkansas County",2,81,92,44,48
050,05,001,"Arkansas","Arkansas County",2,82,86,34,52
050,05,001,"Arkansas","Arkansas County",2,83,76,29,47
050,05,001,"Arkansas","Arkansas County",2,84,76,28,48
050,05,001,"Arkansas","Arkansas County",2,85,394,122,272
050,05,001,"Arkansas","Arkansas County",3,0,192,99,93
050,05,001,"Arkansas","Arkansas County",3,1,193,106,87
050,05,001,"Arkansas","Arkansas County",3,2,214,110,104
050,05,001,"Arkansas","Arkansas County",3,3,212,113,99
050,05,001,"Arkansas","Arkansas County",3,4,217,115,102
050,05,001,"Arkansas","Arkansas County",3,5,219,113,106
050,05,001,"Arkansas","Arkansas County",3,6,225,117,108
050,05,001,"Arkansas","Arkansas County",3,7,205,102,103
050,05,001,"Arkansas","Arkansas County",3,8,224,107,117
050,05,001,"Arkansas","Arkansas County",3,9,232,115,117
050,05,001,"Arkansas","Arkansas County",3,10,204,110,94
050,05,001,"Arkansas","Arkansas County",3,11,217,107,110
050,05,001,"Arkansas","Arkansas County",3,12,217,113,104
050,05,001,"Arkansas","Arkansas County",3,13,216,111,105
050,05,001,"Arkansas","Arkansas County",3,14,217,107,110
050,05,001,"Arkansas","Arkansas County",3,15,220,107,113
050,05,001,"Arkansas","Arkansas County",3,16,210,107,103
050,05,001,"Arkansas","Arkansas County",3,17,229,121,108
050,05,001,"Arkansas","Arkansas County",3,18,172,90,82
050,05,001,"Arkansas","Arkansas County",3,19,155,77,78
050,05,001,"Arkansas","Arkansas County",3,20,157,82,75
050,05,001,"Arkansas","Arkansas County",3,21,161,85,76
050,05,001,"Arkansas","Arkansas County",3,22,159,80,79
050,05,001,"Arkansas","Arkansas County",3,23,171,87,84
050,05,001,"Arkansas","Arkansas County",3,24,169,82,87
050,05,001,"Arkansas","Arkansas County",3,25,184,91,93
050,05,001,"Arkansas","Arkansas County",3,26,201,91,110
050,05,001,"Arkansas","Arkansas County",3,27,209,92,117
050,05,001,"Arkansas","Arkansas County",3,28,192,80,112
050,05,001,"Arkansas","Arkansas County",3,29,204,102,102
050,05,001,"Arkansas","Arkansas County",3,30,199,88,111
050,05,001,"Arkansas","Arkansas County",3,31,189,86,103
050,05,001,"Arkansas","Arkansas County",3,32,192,93,99
050,05,001,"Arkansas","Arkansas County",3,33,181,92,89
050,05,001,"Arkansas","Arkansas County",3,34,183,95,88
050,05,001,"Arkansas","Arkansas County",3,35,179,81,98
050,05,001,"Arkansas","Arkansas County",3,36,180,80,100
050,05,001,"Arkansas","Arkansas County",3,37,164,67,97
050,05,001,"Arkansas","Arkansas County",3,38,184,87,97
050,05,001,"Arkansas","Arkansas County",3,39,198,92,106
050,05,001,"Arkansas","Arkansas County",3,40,191,94,97
050,05,001,"Arkansas","Arkansas County",3,41,208,99,109
050,05,001,"Arkansas","Arkansas County",3,42,217,95,122
050,05,001,"Arkansas","Arkansas County",3,43,222,106,116
050,05,001,"Arkansas","Arkansas County",3,44,231,118,113
050,05,001,"Arkansas","Arkansas County",3,45,204,100,104
050,05,001,"Arkansas","Arkansas County",3,46,205,105,100
050,05,001,"Arkansas","Arkansas County",3,47,204,101,103
050,05,001,"Arkansas","Arkansas County",3,48,189,94,95
050,05,001,"Arkansas","Arkansas County",3,49,213,104,109
050,05,001,"Arkansas","Arkansas County",3,50,219,120,99
050,05,001,"Arkansas","Arkansas County",3,51,217,121,96
050,05,001,"Arkansas","Arkansas County",3,52,201,106,95
050,05,001,"Arkansas","Arkansas County",3,53,202,93,109
050,05,001,"Arkansas","Arkansas County",3,54,205,93,112
050,05,001,"Arkansas","Arkansas County",3,55,203,87,116
050,05,001,"Arkansas","Arkansas County",3,56,222,108,114
050,05,001,"Arkansas","Arkansas County",3,57,234,117,117
050,05,001,"Arkansas","Arkansas County",3,58,232,114,118
050,05,001,"Arkansas","Arkansas County",3,59,243,121,122
050,05,001,"Arkansas","Arkansas County",3,60,249,113,136
050,05,001,"Arkansas","Arkansas County",3,61,254,129,125
050,05,001,"Arkansas","Arkansas County",3,62,235,121,114
050,05,001,"Arkansas","Arkansas County",3,63,247,122,125
050,05,001,"Arkansas","Arkansas County",3,64,234,110,124
050,05,001,"Arkansas","Arkansas County",3,65,219,104,115
050,05,001,"Arkansas","Arkansas County",3,66,215,106,109
050,05,001,"Arkansas","Arkansas County",3,67,227,114,113
050,05,001,"Arkansas","Arkansas County",3,68,229,109,120
050,05,001,"Arkansas","Arkansas County",3,69,209,103,106
050,05,001,"Arkansas","Arkansas County",3,70,201,101,100
050,05,001,"Arkansas","Arkansas County",3,71,174,87,87
050,05,001,"Arkansas","Arkansas County",3,72,166,79,87
050,05,001,"Arkansas","Arkansas County",3,73,185,88,97
050,05,001,"Arkansas","Arkansas County",3,74,182,95,87
050,05,001,"Arkansas","Arkansas County",3,75,122,65,57
050,05,001,"Arkansas","Arkansas County",3,76,128,70,58
050,05,001,"Arkansas","Arkansas County",3,77,124,55,69
050,05,001,"Arkansas","Arkansas County",3,78,101,41,60
050,05,001,"Arkansas","Arkansas County",3,79,83,34,49
050,05,001,"Arkansas","Arkansas County",3,80,87,37,50
050,05,001,"Arkansas","Arkansas County",3,81,89,46,43
050,05,001,"Arkansas","Arkansas County",3,82,88,38,50
050,05,001,"Arkansas","Arkansas County",3,83,71,32,39
050,05,001,"Arkansas","Arkansas County",3,84,66,19,47
050,05,001,"Arkansas","Arkansas County",3,85,394,115,279
050,05,001,"Arkansas","Arkansas County",4,0,179,87,92
050,05,001,"Arkansas","Arkansas County",4,1,198,92,106
050,05,001,"Arkansas","Arkansas County",4,2,204,113,91
050,05,001,"Arkansas","Arkansas County",4,3,216,116,100
050,05,001,"Arkansas","Arkansas County",4,4,197,106,91
050,05,001,"Arkansas","Arkansas County",4,5,210,118,92
050,05,001,"Arkansas","Arkansas County",4,6,222,118,104
050,05,001,"Arkansas","Arkansas County",4,7,211,111,100
050,05,001,"Arkansas","Arkansas County",4,8,204,99,105
050,05,001,"Arkansas","Arkansas County",4,9,237,113,124
050,05,001,"Arkansas","Arkansas County",4,10,234,114,120
050,05,001,"Arkansas","Arkansas County",4,11,209,108,101
050,05,001,"Arkansas","Arkansas County",4,12,212,107,105
050,05,001,"Arkansas","Arkansas County",4,13,220,117,103
050,05,001,"Arkansas","Arkansas County",4,14,214,111,103
050,05,001,"Arkansas","Arkansas County",4,15,217,109,108
050,05,001,"Arkansas","Arkansas County",4,16,215,107,108
050,05,001,"Arkansas","Arkansas County",4,17,217,111,106
050,05,001,"Arkansas","Arkansas County",4,18,190,102,88
050,05,001,"Arkansas","Arkansas County",4,19,142,71,71
050,05,001,"Arkansas","Arkansas County",4,20,148,75,73
050,05,001,"Arkansas","Arkansas County",4,21,146,77,69
050,05,001,"Arkansas","Arkansas County",4,22,185,97,88
050,05,001,"Arkansas","Arkansas County",4,23,174,88,86
050,05,001,"Arkansas","Arkansas County",4,24,181,93,88
050,05,001,"Arkansas","Arkansas County",4,25,174,86,88
050,05,001,"Arkansas","Arkansas County",4,26,174,83,91
050,05,001,"Arkansas","Arkansas County",4,27,191,86,105
050,05,001,"Arkansas","Arkansas County",4,28,195,87,108
050,05,001,"Arkansas","Arkansas County",4,29,197,88,109
050,05,001,"Arkansas","Arkansas County",4,30,197,98,99
050,05,001,"Arkansas","Arkansas County",4,31,203,94,109
050,05,001,"Arkansas","Arkansas County",4,32,184,86,98
050,05,001,"Arkansas","Arkansas County",4,33,182,89,93
050,05,001,"Arkansas","Arkansas County",4,34,184,94,90
050,05,001,"Arkansas","Arkansas County",4,35,193,102,91
050,05,001,"Arkansas","Arkansas County",4,36,181,83,98
050,05,001,"Arkansas","Arkansas County",4,37,177,76,101
050,05,001,"Arkansas","Arkansas County",4,38,171,68,103
050,05,001,"Arkansas","Arkansas County",4,39,186,88,98
050,05,001,"Arkansas","Arkansas County",4,40,191,94,97
050,05,001,"Arkansas","Arkansas County",4,41,186,88,98
050,05,001,"Arkansas","Arkansas County",4,42,210,100,110
050,05,001,"Arkansas","Arkansas County",4,43,214,92,122
050,05,001,"Arkansas","Arkansas County",4,44,211,101,110
050,05,001,"Arkansas","Arkansas County",4,45,226,119,107
050,05,001,"Arkansas","Arkansas County",4,46,203,102,101
050,05,001,"Arkansas","Arkansas County",4,47,209,106,103
050,05,001,"Arkansas","Arkansas County",4,48,190,96,94
050,05,001,"Arkansas","Arkansas County",4,49,188,92,96
050,05,001,"Arkansas","Arkansas County",4,50,208,101,107
050,05,001,"Arkansas","Arkansas County",4,51,219,119,100
050,05,001,"Arkansas","Arkansas County",4,52,213,117,96
050,05,001,"Arkansas","Arkansas County",4,53,208,110,98
050,05,001,"Arkansas","Arkansas County",4,54,199,90,109
050,05,001,"Arkansas","Arkansas County",4,55,194,91,103
050,05,001,"Arkansas","Arkansas County",4,56,201,86,115
050,05,001,"Arkansas","Arkansas County",4,57,222,108,114
050,05,001,"Arkansas","Arkansas County",4,58,236,120,116
050,05,001,"Arkansas","Arkansas County",4,59,234,111,123
050,05,001,"Arkansas","Arkansas County",4,60,243,116,127
050,05,001,"Arkansas","Arkansas County",4,61,252,111,141
050,05,001,"Arkansas","Arkansas County",4,62,245,126,119
050,05,001,"Arkansas","Arkansas County",4,63,228,118,110
050,05,001,"Arkansas","Arkansas County",4,64,234,117,117
050,05,001,"Arkansas","Arkansas County",4,65,220,101,119
050,05,001,"Arkansas","Arkansas County",4,66,214,103,111
050,05,001,"Arkansas","Arkansas County",4,67,214,110,104
050,05,001,"Arkansas","Arkansas County",4,68,223,111,112
050,05,001,"Arkansas","Arkansas County",4,69,216,102,114
050,05,001,"Arkansas","Arkansas County",4,70,206,104,102
050,05,001,"Arkansas","Arkansas County",4,71,182,89,93
050,05,001,"Arkansas","Arkansas County",4,72,167,80,87
050,05,001,"Arkansas","Arkansas County",4,73,156,76,80
050,05,001,"Arkansas","Arkansas County",4,74,169,79,90
050,05,001,"Arkansas","Arkansas County",4,75,178,93,85
050,05,001,"Arkansas","Arkansas County",4,76,121,62,59
050,05,001,"Arkansas","Arkansas County",4,77,124,67,57
050,05,001,"Arkansas","Arkansas County",4,78,106,47,59
050,05,001,"Arkansas","Arkansas County",4,79,95,38,57
050,05,001,"Arkansas","Arkansas County",4,80,75,33,42
050,05,001,"Arkansas","Arkansas County",4,81,79,34,45
050,05,001,"Arkansas","Arkansas County",4,82,89,42,47
050,05,001,"Arkansas","Arkansas County",4,83,69,31,38
050,05,001,"Arkansas","Arkansas County",4,84,64,22,42
050,05,001,"Arkansas","Arkansas County",4,85,396,108,288
050,05,001,"Arkansas","Arkansas County",5,0,185,90,95
050,05,001,"Arkansas","Arkansas County",5,1,197,100,97
050,05,001,"Arkansas","Arkansas County",5,2,199,98,101
050,05,001,"Arkansas","Arkansas County",5,3,206,108,98
050,05,001,"Arkansas","Arkansas County",5,4,205,102,103
050,05,001,"Arkansas","Arkansas County",5,5,195,103,92
050,05,001,"Arkansas","Arkansas County",5,6,210,114,96
050,05,001,"Arkansas","Arkansas County",5,7,219,113,106
050,05,001,"Arkansas","Arkansas County",5,8,203,112,91
050,05,001,"Arkansas","Arkansas County",5,9,203,95,108
050,05,001,"Arkansas","Arkansas County",5,10,234,114,120
050,05,001,"Arkansas","Arkansas County",5,11,239,115,124
050,05,001,"Arkansas","Arkansas County",5,12,199,110,89
050,05,001,"Arkansas","Arkansas County",5,13,213,108,105
050,05,001,"Arkansas","Arkansas County",5,14,213,115,98
050,05,001,"Arkansas","Arkansas County",5,15,213,111,102
050,05,001,"Arkansas","Arkansas County",5,16,202,103,99
050,05,001,"Arkansas","Arkansas County",5,17,223,109,114
050,05,001,"Arkansas","Arkansas County",5,18,171,94,77
050,05,001,"Arkansas","Arkansas County",5,19,158,84,74
050,05,001,"Arkansas","Arkansas County",5,20,152,79,73
050,05,001,"Arkansas","Arkansas County",5,21,156,78,78
050,05,001,"Arkansas","Arkansas County",5,22,167,82,85
050,05,001,"Arkansas","Arkansas County",5,23,195,97,98
050,05,001,"Arkansas","Arkansas County",5,24,186,95,91
050,05,001,"Arkansas","Arkansas County",5,25,182,91,91
050,05,001,"Arkansas","Arkansas County",5,26,171,82,89
050,05,001,"Arkansas","Arkansas County",5,27,167,83,84
050,05,001,"Arkansas","Arkansas County",5,28,198,86,112
050,05,001,"Arkansas","Arkansas County",5,29,203,90,113
050,05,001,"Arkansas","Arkansas County",5,30,193,86,107
050,05,001,"Arkansas","Arkansas County",5,31,207,103,104
050,05,001,"Arkansas","Arkansas County",5,32,209,100,109
050,05,001,"Arkansas","Arkansas County",5,33,179,84,95
050,05,001,"Arkansas","Arkansas County",5,34,176,86,90
050,05,001,"Arkansas","Arkansas County",5,35,179,90,89
050,05,001,"Arkansas","Arkansas County",5,36,184,104,80
050,05,001,"Arkansas","Arkansas County",5,37,172,73,99
050,05,001,"Arkansas","Arkansas County",5,38,172,72,100
050,05,001,"Arkansas","Arkansas County",5,39,182,80,102
050,05,001,"Arkansas","Arkansas County",5,40,184,83,101
050,05,001,"Arkansas","Arkansas County",5,41,181,85,96
050,05,001,"Arkansas","Arkansas County",5,42,186,89,97
050,05,001,"Arkansas","Arkansas County",5,43,207,98,109
050,05,001,"Arkansas","Arkansas County",5,44,207,89,118
050,05,001,"Arkansas","Arkansas County",5,45,207,96,111
050,05,001,"Arkansas","Arkansas County",5,46,225,119,106
050,05,001,"Arkansas","Arkansas County",5,47,218,111,107
050,05,001,"Arkansas","Arkansas County",5,48,198,102,96
050,05,001,"Arkansas","Arkansas County",5,49,188,93,95
050,05,001,"Arkansas","Arkansas County",5,50,182,85,97
050,05,001,"Arkansas","Arkansas County",5,51,199,97,102
050,05,001,"Arkansas","Arkansas County",5,52,217,115,102
050,05,001,"Arkansas","Arkansas County",5,53,212,113,99
050,05,001,"Arkansas","Arkansas County",5,54,209,110,99
050,05,001,"Arkansas","Arkansas County",5,55,195,88,107
050,05,001,"Arkansas","Arkansas County",5,56,200,96,104
050,05,001,"Arkansas","Arkansas County",5,57,203,87,116
050,05,001,"Arkansas","Arkansas County",5,58,218,108,110
050,05,001,"Arkansas","Arkansas County",5,59,236,119,117
050,05,001,"Arkansas","Arkansas County",5,60,223,105,118
050,05,001,"Arkansas","Arkansas County",5,61,248,119,129
050,05,001,"Arkansas","Arkansas County",5,62,242,106,136
050,05,001,"Arkansas","Arkansas County",5,63,239,123,116
050,05,001,"Arkansas","Arkansas County",5,64,224,116,108
050,05,001,"Arkansas","Arkansas County",5,65,227,111,116
050,05,001,"Arkansas","Arkansas County",5,66,202,91,111
050,05,001,"Arkansas","Arkansas County",5,67,208,100,108
050,05,001,"Arkansas","Arkansas County",5,68,208,102,106
050,05,001,"Arkansas","Arkansas County",5,69,214,103,111
050,05,001,"Arkansas","Arkansas County",5,70,214,101,113
050,05,001,"Arkansas","Arkansas County",5,71,187,93,94
050,05,001,"Arkansas","Arkansas County",5,72,170,80,90
050,05,001,"Arkansas","Arkansas County",5,73,149,73,76
050,05,001,"Arkansas","Arkansas County",5,74,137,67,70
050,05,001,"Arkansas","Arkansas County",5,75,159,73,86
050,05,001,"Arkansas","Arkansas County",5,76,174,89,85
050,05,001,"Arkansas","Arkansas County",5,77,120,61,59
050,05,001,"Arkansas","Arkansas County",5,78,104,58,46
050,05,001,"Arkansas","Arkansas County",5,79,102,45,57
050,05,001,"Arkansas","Arkansas County",5,80,86,37,49
050,05,001,"Arkansas","Arkansas County",5,81,70,31,39
050,05,001,"Arkansas","Arkansas County",5,82,78,30,48
050,05,001,"Arkansas","Arkansas County",5,83,73,38,35
050,05,001,"Arkansas","Arkansas County",5,84,62,21,41
050,05,001,"Arkansas","Arkansas County",5,85,398,107,291
050,05,003,"Arkansas","Ashley County",1,0,216,111,105
050,05,003,"Arkansas","Ashley County",1,1,226,113,113
050,05,003,"Arkansas","Ashley County",1,2,207,98,109
050,05,003,"Arkansas","Ashley County",1,3,220,111,109
050,05,003,"Arkansas","Ashley County",1,4,221,123,98
050,05,003,"Arkansas","Ashley County",1,5,233,122,111
050,05,003,"Arkansas","Ashley County",1,6,236,119,117
050,05,003,"Arkansas","Ashley County",1,7,222,121,101
050,05,003,"Arkansas","Ashley County",1,8,243,141,102
050,05,003,"Arkansas","Ashley County",1,9,267,138,129
050,05,003,"Arkansas","Ashley County",1,10,257,123,134
050,05,003,"Arkansas","Ashley County",1,11,270,143,127
050,05,003,"Arkansas","Ashley County",1,12,259,140,119
050,05,003,"Arkansas","Ashley County",1,13,259,121,138
050,05,003,"Arkansas","Ashley County",1,14,252,121,131
050,05,003,"Arkansas","Ashley County",1,15,238,111,127
050,05,003,"Arkansas","Ashley County",1,16,255,124,131
050,05,003,"Arkansas","Ashley County",1,17,280,145,135
050,05,003,"Arkansas","Ashley County",1,18,223,121,102
050,05,003,"Arkansas","Ashley County",1,19,163,87,76
050,05,003,"Arkansas","Ashley County",1,20,178,95,83
050,05,003,"Arkansas","Ashley County",1,21,213,102,111
050,05,003,"Arkansas","Ashley County",1,22,213,112,101
050,05,003,"Arkansas","Ashley County",1,23,218,118,100
050,05,003,"Arkansas","Ashley County",1,24,189,92,97
050,05,003,"Arkansas","Ashley County",1,25,184,95,89
050,05,003,"Arkansas","Ashley County",1,26,193,102,91
050,05,003,"Arkansas","Ashley County",1,27,226,107,119
050,05,003,"Arkansas","Ashley County",1,28,223,101,122
050,05,003,"Arkansas","Ashley County",1,29,226,92,134
050,05,003,"Arkansas","Ashley County",1,30,211,107,104
050,05,003,"Arkansas","Ashley County",1,31,228,119,109
050,05,003,"Arkansas","Ashley County",1,32,195,99,96
050,05,003,"Arkansas","Ashley County",1,33,164,83,81
050,05,003,"Arkansas","Ashley County",1,34,192,82,110
050,05,003,"Arkansas","Ashley County",1,35,191,86,105
050,05,003,"Arkansas","Ashley County",1,36,186,85,101
050,05,003,"Arkansas","Ashley County",1,37,187,98,89
050,05,003,"Arkansas","Ashley County",1,38,198,91,107
050,05,003,"Arkansas","Ashley County",1,39,216,103,113
050,05,003,"Arkansas","Ashley County",1,40,220,99,121
050,05,003,"Arkansas","Ashley County",1,41,222,98,124
050,05,003,"Arkansas","Ashley County",1,42,213,96,117
050,05,003,"Arkansas","Ashley County",1,43,216,111,105
050,05,003,"Arkansas","Ashley County",1,44,222,107,115
050,05,003,"Arkansas","Ashley County",1,45,221,104,117
050,05,003,"Arkansas","Ashley County",1,46,233,105,128
050,05,003,"Arkansas","Ashley County",1,47,237,100,137
050,05,003,"Arkansas","Ashley County",1,48,264,126,138
050,05,003,"Arkansas","Ashley County",1,49,256,118,138
050,05,003,"Arkansas","Ashley County",1,50,256,123,133
050,05,003,"Arkansas","Ashley County",1,51,265,125,140
050,05,003,"Arkansas","Ashley County",1,52,219,106,113
050,05,003,"Arkansas","Ashley County",1,53,239,120,119
050,05,003,"Arkansas","Ashley County",1,54,251,125,126
050,05,003,"Arkansas","Ashley County",1,55,274,134,140
050,05,003,"Arkansas","Ashley County",1,56,292,151,141
050,05,003,"Arkansas","Ashley County",1,57,293,140,153
050,05,003,"Arkansas","Ashley County",1,58,276,131,145
050,05,003,"Arkansas","Ashley County",1,59,286,137,149
050,05,003,"Arkansas","Ashley County",1,60,273,139,134
050,05,003,"Arkansas","Ashley County",1,61,276,144,132
050,05,003,"Arkansas","Ashley County",1,62,264,134,130
050,05,003,"Arkansas","Ashley County",1,63,246,124,122
050,05,003,"Arkansas","Ashley County",1,64,234,118,116
050,05,003,"Arkansas","Ashley County",1,65,232,113,119
050,05,003,"Arkansas","Ashley County",1,66,236,117,119
050,05,003,"Arkansas","Ashley County",1,67,257,129,128
050,05,003,"Arkansas","Ashley County",1,68,253,122,131
050,05,003,"Arkansas","Ashley County",1,69,226,104,122
050,05,003,"Arkansas","Ashley County",1,70,231,104,127
050,05,003,"Arkansas","Ashley County",1,71,234,115,119
050,05,003,"Arkansas","Ashley County",1,72,221,107,114
050,05,003,"Arkansas","Ashley County",1,73,223,87,136
050,05,003,"Arkansas","Ashley County",1,74,163,79,84
050,05,003,"Arkansas","Ashley County",1,75,188,86,102
050,05,003,"Arkansas","Ashley County",1,76,178,87,91
050,05,003,"Arkansas","Ashley County",1,77,178,83,95
050,05,003,"Arkansas","Ashley County",1,78,163,78,85
050,05,003,"Arkansas","Ashley County",1,79,130,54,76
050,05,003,"Arkansas","Ashley County",1,80,114,48,66
050,05,003,"Arkansas","Ashley County",1,81,118,44,74
050,05,003,"Arkansas","Ashley County",1,82,111,54,57
050,05,003,"Arkansas","Ashley County",1,83,97,43,54
050,05,003,"Arkansas","Ashley County",1,84,83,37,46
050,05,003,"Arkansas","Ashley County",1,85,396,134,262
050,05,003,"Arkansas","Ashley County",2,0,204,102,102
050,05,003,"Arkansas","Ashley County",2,1,221,112,109
050,05,003,"Arkansas","Ashley County",2,2,210,102,108
050,05,003,"Arkansas","Ashley County",2,3,216,107,109
050,05,003,"Arkansas","Ashley County",2,4,221,121,100
050,05,003,"Arkansas","Ashley County",2,5,229,122,107
050,05,003,"Arkansas","Ashley County",2,6,234,119,115
050,05,003,"Arkansas","Ashley County",2,7,223,119,104
050,05,003,"Arkansas","Ashley County",2,8,238,136,102
050,05,003,"Arkansas","Ashley County",2,9,262,141,121
050,05,003,"Arkansas","Ashley County",2,10,261,129,132
050,05,003,"Arkansas","Ashley County",2,11,263,136,127
050,05,003,"Arkansas","Ashley County",2,12,262,141,121
050,05,003,"Arkansas","Ashley County",2,13,261,126,135
050,05,003,"Arkansas","Ashley County",2,14,254,121,133
050,05,003,"Arkansas","Ashley County",2,15,241,113,128
050,05,003,"Arkansas","Ashley County",2,16,252,121,131
050,05,003,"Arkansas","Ashley County",2,17,271,138,133
050,05,003,"Arkansas","Ashley County",2,18,224,123,101
050,05,003,"Arkansas","Ashley County",2,19,166,88,78
050,05,003,"Arkansas","Ashley County",2,20,178,94,84
050,05,003,"Arkansas","Ashley County",2,21,204,100,104
050,05,003,"Arkansas","Ashley County",2,22,214,110,104
050,05,003,"Arkansas","Ashley County",2,23,216,116,100
050,05,003,"Arkansas","Ashley County",2,24,190,96,94
050,05,003,"Arkansas","Ashley County",2,25,181,93,88
050,05,003,"Arkansas","Ashley County",2,26,192,100,92
050,05,003,"Arkansas","Ashley County",2,27,217,105,112
050,05,003,"Arkansas","Ashley County",2,28,220,100,120
050,05,003,"Arkansas","Ashley County",2,29,224,94,130
050,05,003,"Arkansas","Ashley County",2,30,215,104,111
050,05,003,"Arkansas","Ashley County",2,31,220,115,105
050,05,003,"Arkansas","Ashley County",2,32,199,101,98
050,05,003,"Arkansas","Ashley County",2,33,173,87,86
050,05,003,"Arkansas","Ashley County",2,34,183,81,102
050,05,003,"Arkansas","Ashley County",2,35,190,83,107
050,05,003,"Arkansas","Ashley County",2,36,184,83,101
050,05,003,"Arkansas","Ashley County",2,37,185,94,91
050,05,003,"Arkansas","Ashley County",2,38,198,94,104
050,05,003,"Arkansas","Ashley County",2,39,210,99,111
050,05,003,"Arkansas","Ashley County",2,40,220,101,119
050,05,003,"Arkansas","Ashley County",2,41,219,98,121
050,05,003,"Arkansas","Ashley County",2,42,213,96,117
050,05,003,"Arkansas","Ashley County",2,43,219,110,109
050,05,003,"Arkansas","Ashley County",2,44,214,106,108
050,05,003,"Arkansas","Ashley County",2,45,220,103,117
050,05,003,"Arkansas","Ashley County",2,46,228,103,125
050,05,003,"Arkansas","Ashley County",2,47,235,100,135
050,05,003,"Arkansas","Ashley County",2,48,255,119,136
050,05,003,"Arkansas","Ashley County",2,49,259,120,139
050,05,003,"Arkansas","Ashley County",2,50,256,120,136
050,05,003,"Arkansas","Ashley County",2,51,260,122,138
050,05,003,"Arkansas","Ashley County",2,52,228,110,118
050,05,003,"Arkansas","Ashley County",2,53,235,117,118
050,05,003,"Arkansas","Ashley County",2,54,248,124,124
050,05,003,"Arkansas","Ashley County",2,55,268,132,136
050,05,003,"Arkansas","Ashley County",2,56,287,146,141
050,05,003,"Arkansas","Ashley County",2,57,292,142,150
050,05,003,"Arkansas","Ashley County",2,58,279,133,146
050,05,003,"Arkansas","Ashley County",2,59,283,136,147
050,05,003,"Arkansas","Ashley County",2,60,272,136,136
050,05,003,"Arkansas","Ashley County",2,61,276,144,132
050,05,003,"Arkansas","Ashley County",2,62,262,132,130
050,05,003,"Arkansas","Ashley County",2,63,249,127,122
050,05,003,"Arkansas","Ashley County",2,64,232,117,115
050,05,003,"Arkansas","Ashley County",2,65,232,114,118
050,05,003,"Arkansas","Ashley County",2,66,235,115,120
050,05,003,"Arkansas","Ashley County",2,67,251,126,125
050,05,003,"Arkansas","Ashley County",2,68,250,123,127
050,05,003,"Arkansas","Ashley County",2,69,233,109,124
050,05,003,"Arkansas","Ashley County",2,70,227,103,124
050,05,003,"Arkansas","Ashley County",2,71,233,113,120
050,05,003,"Arkansas","Ashley County",2,72,219,106,113
050,05,003,"Arkansas","Ashley County",2,73,232,96,136
050,05,003,"Arkansas","Ashley County",2,74,164,74,90
050,05,003,"Arkansas","Ashley County",2,75,181,84,97
050,05,003,"Arkansas","Ashley County",2,76,177,85,92
050,05,003,"Arkansas","Ashley County",2,77,183,86,97
050,05,003,"Arkansas","Ashley County",2,78,162,79,83
050,05,003,"Arkansas","Ashley County",2,79,131,56,75
050,05,003,"Arkansas","Ashley County",2,80,118,49,69
050,05,003,"Arkansas","Ashley County",2,81,115,44,71
050,05,003,"Arkansas","Ashley County",2,82,111,52,59
050,05,003,"Arkansas","Ashley County",2,83,96,41,55
050,05,003,"Arkansas","Ashley County",2,84,85,39,46
050,05,003,"Arkansas","Ashley County",2,85,407,141,266
050,05,003,"Arkansas","Ashley County",3,0,214,109,105
050,05,003,"Arkansas","Ashley County",3,1,191,103,88
050,05,003,"Arkansas","Ashley County",3,2,218,113,105
050,05,003,"Arkansas","Ashley County",3,3,202,95,107
050,05,003,"Arkansas","Ashley County",3,4,222,107,115
050,05,003,"Arkansas","Ashley County",3,5,218,122,96
050,05,003,"Arkansas","Ashley County",3,6,222,117,105
050,05,003,"Arkansas","Ashley County",3,7,233,117,116
050,05,003,"Arkansas","Ashley County",3,8,228,119,109
050,05,003,"Arkansas","Ashley County",3,9,238,137,101
050,05,003,"Arkansas","Ashley County",3,10,261,142,119
050,05,003,"Arkansas","Ashley County",3,11,254,129,125
050,05,003,"Arkansas","Ashley County",3,12,254,137,117
050,05,003,"Arkansas","Ashley County",3,13,265,146,119
050,05,003,"Arkansas","Ashley County",3,14,261,127,134
050,05,003,"Arkansas","Ashley County",3,15,252,119,133
050,05,003,"Arkansas","Ashley County",3,16,249,118,131
050,05,003,"Arkansas","Ashley County",3,17,248,123,125
050,05,003,"Arkansas","Ashley County",3,18,222,119,103
050,05,003,"Arkansas","Ashley County",3,19,180,99,81
050,05,003,"Arkansas","Ashley County",3,20,174,86,88
050,05,003,"Arkansas","Ashley County",3,21,183,99,84
050,05,003,"Arkansas","Ashley County",3,22,202,96,106
050,05,003,"Arkansas","Ashley County",3,23,215,113,102
050,05,003,"Arkansas","Ashley County",3,24,216,117,99
050,05,003,"Arkansas","Ashley County",3,25,200,96,104
050,05,003,"Arkansas","Ashley County",3,26,172,80,92
050,05,003,"Arkansas","Ashley County",3,27,193,94,99
050,05,003,"Arkansas","Ashley County",3,28,220,111,109
050,05,003,"Arkansas","Ashley County",3,29,214,97,117
050,05,003,"Arkansas","Ashley County",3,30,217,95,122
050,05,003,"Arkansas","Ashley County",3,31,224,110,114
050,05,003,"Arkansas","Ashley County",3,32,211,112,99
050,05,003,"Arkansas","Ashley County",3,33,192,100,92
050,05,003,"Arkansas","Ashley County",3,34,180,89,91
050,05,003,"Arkansas","Ashley County",3,35,185,83,102
050,05,003,"Arkansas","Ashley County",3,36,188,83,105
050,05,003,"Arkansas","Ashley County",3,37,176,79,97
050,05,003,"Arkansas","Ashley County",3,38,179,92,87
050,05,003,"Arkansas","Ashley County",3,39,192,90,102
050,05,003,"Arkansas","Ashley County",3,40,205,95,110
050,05,003,"Arkansas","Ashley County",3,41,216,99,117
050,05,003,"Arkansas","Ashley County",3,42,225,99,126
050,05,003,"Arkansas","Ashley County",3,43,216,99,117
050,05,003,"Arkansas","Ashley County",3,44,214,106,108
050,05,003,"Arkansas","Ashley County",3,45,212,106,106
050,05,003,"Arkansas","Ashley County",3,46,219,107,112
050,05,003,"Arkansas","Ashley County",3,47,219,97,122
050,05,003,"Arkansas","Ashley County",3,48,226,94,132
050,05,003,"Arkansas","Ashley County",3,49,245,112,133
050,05,003,"Arkansas","Ashley County",3,50,252,116,136
050,05,003,"Arkansas","Ashley County",3,51,255,115,140
050,05,003,"Arkansas","Ashley County",3,52,244,117,127
050,05,003,"Arkansas","Ashley County",3,53,219,107,112
050,05,003,"Arkansas","Ashley County",3,54,233,110,123
050,05,003,"Arkansas","Ashley County",3,55,239,120,119
050,05,003,"Arkansas","Ashley County",3,56,269,133,136
050,05,003,"Arkansas","Ashley County",3,57,284,138,146
050,05,003,"Arkansas","Ashley County",3,58,282,139,143
050,05,003,"Arkansas","Ashley County",3,59,281,139,142
050,05,003,"Arkansas","Ashley County",3,60,271,128,143
050,05,003,"Arkansas","Ashley County",3,61,269,137,132
050,05,003,"Arkansas","Ashley County",3,62,263,136,127
050,05,003,"Arkansas","Ashley County",3,63,263,135,128
050,05,003,"Arkansas","Ashley County",3,64,247,123,124
050,05,003,"Arkansas","Ashley County",3,65,223,114,109
050,05,003,"Arkansas","Ashley County",3,66,224,107,117
050,05,003,"Arkansas","Ashley County",3,67,226,111,115
050,05,003,"Arkansas","Ashley County",3,68,244,125,119
050,05,003,"Arkansas","Ashley County",3,69,241,117,124
050,05,003,"Arkansas","Ashley County",3,70,227,106,121
050,05,003,"Arkansas","Ashley County",3,71,216,99,117
050,05,003,"Arkansas","Ashley County",3,72,226,107,119
050,05,003,"Arkansas","Ashley County",3,73,214,102,112
050,05,003,"Arkansas","Ashley County",3,74,215,95,120
050,05,003,"Arkansas","Ashley County",3,75,157,72,85
050,05,003,"Arkansas","Ashley County",3,76,170,76,94
050,05,003,"Arkansas","Ashley County",3,77,163,79,84
050,05,003,"Arkansas","Ashley County",3,78,173,80,93
050,05,003,"Arkansas","Ashley County",3,79,149,70,79
050,05,003,"Arkansas","Ashley County",3,80,122,49,73
050,05,003,"Arkansas","Ashley County",3,81,115,48,67
050,05,003,"Arkansas","Ashley County",3,82,99,41,58
050,05,003,"Arkansas","Ashley County",3,83,107,47,60
050,05,003,"Arkansas","Ashley County",3,84,86,38,48
050,05,003,"Arkansas","Ashley County",3,85,424,154,270
050,05,003,"Arkansas","Ashley County",4,0,201,100,101
050,05,003,"Arkansas","Ashley County",4,1,215,106,109
050,05,003,"Arkansas","Ashley County",4,2,191,101,90
050,05,003,"Arkansas","Ashley County",4,3,212,108,104
050,05,003,"Arkansas","Ashley County",4,4,198,92,106
050,05,003,"Arkansas","Ashley County",4,5,216,103,113
050,05,003,"Arkansas","Ashley County",4,6,218,118,100
050,05,003,"Arkansas","Ashley County",4,7,209,107,102
050,05,003,"Arkansas","Ashley County",4,8,230,116,114
050,05,003,"Arkansas","Ashley County",4,9,215,110,105
050,05,003,"Arkansas","Ashley County",4,10,234,134,100
050,05,003,"Arkansas","Ashley County",4,11,253,135,118
050,05,003,"Arkansas","Ashley County",4,12,252,126,126
050,05,003,"Arkansas","Ashley County",4,13,263,144,119
050,05,003,"Arkansas","Ashley County",4,14,261,140,121
050,05,003,"Arkansas","Ashley County",4,15,247,126,121
050,05,003,"Arkansas","Ashley County",4,16,260,123,137
050,05,003,"Arkansas","Ashley County",4,17,245,120,125
050,05,003,"Arkansas","Ashley County",4,18,219,113,106
050,05,003,"Arkansas","Ashley County",4,19,176,96,80
050,05,003,"Arkansas","Ashley County",4,20,190,108,82
050,05,003,"Arkansas","Ashley County",4,21,179,87,92
050,05,003,"Arkansas","Ashley County",4,22,187,101,86
050,05,003,"Arkansas","Ashley County",4,23,212,101,111
050,05,003,"Arkansas","Ashley County",4,24,210,110,100
050,05,003,"Arkansas","Ashley County",4,25,198,105,93
050,05,003,"Arkansas","Ashley County",4,26,187,86,101
050,05,003,"Arkansas","Ashley County",4,27,174,84,90
050,05,003,"Arkansas","Ashley County",4,28,201,101,100
050,05,003,"Arkansas","Ashley County",4,29,220,111,109
050,05,003,"Arkansas","Ashley County",4,30,197,92,105
050,05,003,"Arkansas","Ashley County",4,31,222,98,124
050,05,003,"Arkansas","Ashley County",4,32,212,103,109
050,05,003,"Arkansas","Ashley County",4,33,214,119,95
050,05,003,"Arkansas","Ashley County",4,34,199,106,93
050,05,003,"Arkansas","Ashley County",4,35,182,91,91
050,05,003,"Arkansas","Ashley County",4,36,180,80,100
050,05,003,"Arkansas","Ashley County",4,37,175,71,104
050,05,003,"Arkansas","Ashley County",4,38,169,78,91
050,05,003,"Arkansas","Ashley County",4,39,174,91,83
050,05,003,"Arkansas","Ashley County",4,40,191,85,106
050,05,003,"Arkansas","Ashley County",4,41,200,93,107
050,05,003,"Arkansas","Ashley County",4,42,210,93,117
050,05,003,"Arkansas","Ashley County",4,43,217,97,120
050,05,003,"Arkansas","Ashley County",4,44,208,92,116
050,05,003,"Arkansas","Ashley County",4,45,219,112,107
050,05,003,"Arkansas","Ashley County",4,46,215,107,108
050,05,003,"Arkansas","Ashley County",4,47,218,103,115
050,05,003,"Arkansas","Ashley County",4,48,220,100,120
050,05,003,"Arkansas","Ashley County",4,49,215,87,128
050,05,003,"Arkansas","Ashley County",4,50,246,109,137
050,05,003,"Arkansas","Ashley County",4,51,248,116,132
050,05,003,"Arkansas","Ashley County",4,52,250,114,136
050,05,003,"Arkansas","Ashley County",4,53,246,120,126
050,05,003,"Arkansas","Ashley County",4,54,216,102,114
050,05,003,"Arkansas","Ashley County",4,55,232,115,117
050,05,003,"Arkansas","Ashley County",4,56,239,120,119
050,05,003,"Arkansas","Ashley County",4,57,266,133,133
050,05,003,"Arkansas","Ashley County",4,58,271,135,136
050,05,003,"Arkansas","Ashley County",4,59,280,138,142
050,05,003,"Arkansas","Ashley County",4,60,276,136,140
050,05,003,"Arkansas","Ashley County",4,61,270,130,140
050,05,003,"Arkansas","Ashley County",4,62,255,124,131
050,05,003,"Arkansas","Ashley County",4,63,261,137,124
050,05,003,"Arkansas","Ashley County",4,64,270,138,132
050,05,003,"Arkansas","Ashley County",4,65,248,124,124
050,05,003,"Arkansas","Ashley County",4,66,212,107,105
050,05,003,"Arkansas","Ashley County",4,67,216,100,116
050,05,003,"Arkansas","Ashley County",4,68,222,110,112
050,05,003,"Arkansas","Ashley County",4,69,233,120,113
050,05,003,"Arkansas","Ashley County",4,70,232,110,122
050,05,003,"Arkansas","Ashley County",4,71,207,96,111
050,05,003,"Arkansas","Ashley County",4,72,208,91,117
050,05,003,"Arkansas","Ashley County",4,73,223,102,121
050,05,003,"Arkansas","Ashley County",4,74,199,96,103
050,05,003,"Arkansas","Ashley County",4,75,210,94,116
050,05,003,"Arkansas","Ashley County",4,76,146,65,81
050,05,003,"Arkansas","Ashley County",4,77,160,70,90
050,05,003,"Arkansas","Ashley County",4,78,154,71,83
050,05,003,"Arkansas","Ashley County",4,79,158,70,88
050,05,003,"Arkansas","Ashley County",4,80,142,65,77
050,05,003,"Arkansas","Ashley County",4,81,119,47,72
050,05,003,"Arkansas","Ashley County",4,82,100,46,54
050,05,003,"Arkansas","Ashley County",4,83,92,36,56
050,05,003,"Arkansas","Ashley County",4,84,96,46,50
050,05,003,"Arkansas","Ashley County",4,85,435,159,276
050,05,003,"Arkansas","Ashley County",5,0,195,94,101
050,05,003,"Arkansas","Ashley County",5,1,197,95,102
050,05,003,"Arkansas","Ashley County",5,2,217,102,115
050,05,003,"Arkansas","Ashley County",5,3,202,107,95
050,05,003,"Arkansas","Ashley County",5,4,220,111,109
050,05,003,"Arkansas","Ashley County",5,5,211,95,116
050,05,003,"Arkansas","Ashley County",5,6,225,111,114
050,05,003,"Arkansas","Ashley County",5,7,229,121,108
050,05,003,"Arkansas","Ashley County",5,8,203,105,98
050,05,003,"Arkansas","Ashley County",5,9,237,120,117
050,05,003,"Arkansas","Ashley County",5,10,219,110,109
050,05,003,"Arkansas","Ashley County",5,11,240,138,102
050,05,003,"Arkansas","Ashley County",5,12,261,147,114
050,05,003,"Arkansas","Ashley County",5,13,251,121,130
050,05,003,"Arkansas","Ashley County",5,14,272,146,126
050,05,003,"Arkansas","Ashley County",5,15,258,141,117
050,05,003,"Arkansas","Ashley County",5,16,259,134,125
050,05,003,"Arkansas","Ashley County",5,17,261,124,137
050,05,003,"Arkansas","Ashley County",5,18,216,109,107
050,05,003,"Arkansas","Ashley County",5,19,172,88,84
050,05,003,"Arkansas","Ashley County",5,20,185,96,89
050,05,003,"Arkansas","Ashley County",5,21,191,110,81
050,05,003,"Arkansas","Ashley County",5,22,176,77,99
050,05,003,"Arkansas","Ashley County",5,23,181,97,84
050,05,003,"Arkansas","Ashley County",5,24,198,94,104
050,05,003,"Arkansas","Ashley County",5,25,208,113,95
050,05,003,"Arkansas","Ashley County",5,26,184,96,88
050,05,003,"Arkansas","Ashley County",5,27,198,93,105
050,05,003,"Arkansas","Ashley County",5,28,169,78,91
050,05,003,"Arkansas","Ashley County",5,29,202,98,104
050,05,003,"Arkansas","Ashley County",5,30,225,113,112
050,05,003,"Arkansas","Ashley County",5,31,187,88,99
050,05,003,"Arkansas","Ashley County",5,32,217,98,119
050,05,003,"Arkansas","Ashley County",5,33,211,102,109
050,05,003,"Arkansas","Ashley County",5,34,218,117,101
050,05,003,"Arkansas","Ashley County",5,35,214,116,98
050,05,003,"Arkansas","Ashley County",5,36,189,96,93
050,05,003,"Arkansas","Ashley County",5,37,174,76,98
050,05,003,"Arkansas","Ashley County",5,38,179,77,102
050,05,003,"Arkansas","Ashley County",5,39,168,74,94
050,05,003,"Arkansas","Ashley County",5,40,184,95,89
050,05,003,"Arkansas","Ashley County",5,41,195,85,110
050,05,003,"Arkansas","Ashley County",5,42,201,95,106
050,05,003,"Arkansas","Ashley County",5,43,209,96,113
050,05,003,"Arkansas","Ashley County",5,44,211,94,117
050,05,003,"Arkansas","Ashley County",5,45,211,93,118
050,05,003,"Arkansas","Ashley County",5,46,218,112,106
050,05,003,"Arkansas","Ashley County",5,47,213,102,111
050,05,003,"Arkansas","Ashley County",5,48,223,106,117
050,05,003,"Arkansas","Ashley County",5,49,213,95,118
050,05,003,"Arkansas","Ashley County",5,50,221,88,133
050,05,003,"Arkansas","Ashley County",5,51,244,111,133
050,05,003,"Arkansas","Ashley County",5,52,251,118,133
050,05,003,"Arkansas","Ashley County",5,53,254,118,136
050,05,003,"Arkansas","Ashley County",5,54,243,120,123
050,05,003,"Arkansas","Ashley County",5,55,212,100,112
050,05,003,"Arkansas","Ashley County",5,56,235,119,116
050,05,003,"Arkansas","Ashley County",5,57,241,117,124
050,05,003,"Arkansas","Ashley County",5,58,259,132,127
050,05,003,"Arkansas","Ashley County",5,59,273,134,139
050,05,003,"Arkansas","Ashley County",5,60,264,130,134
050,05,003,"Arkansas","Ashley County",5,61,268,133,135
050,05,003,"Arkansas","Ashley County",5,62,263,126,137
050,05,003,"Arkansas","Ashley County",5,63,246,116,130
050,05,003,"Arkansas","Ashley County",5,64,256,135,121
050,05,003,"Arkansas","Ashley County",5,65,266,135,131
050,05,003,"Arkansas","Ashley County",5,66,242,116,126
050,05,003,"Arkansas","Ashley County",5,67,203,102,101
050,05,003,"Arkansas","Ashley County",5,68,212,98,114
050,05,003,"Arkansas","Ashley County",5,69,215,108,107
050,05,003,"Arkansas","Ashley County",5,70,225,112,113
050,05,003,"Arkansas","Ashley County",5,71,223,105,118
050,05,003,"Arkansas","Ashley County",5,72,200,90,110
050,05,003,"Arkansas","Ashley County",5,73,202,83,119
050,05,003,"Arkansas","Ashley County",5,74,210,97,113
050,05,003,"Arkansas","Ashley County",5,75,189,91,98
050,05,003,"Arkansas","Ashley County",5,76,193,85,108
050,05,003,"Arkansas","Ashley County",5,77,137,58,79
050,05,003,"Arkansas","Ashley County",5,78,150,65,85
050,05,003,"Arkansas","Ashley County",5,79,136,61,75
050,05,003,"Arkansas","Ashley County",5,80,155,67,88
050,05,003,"Arkansas","Ashley County",5,81,135,57,78
050,05,003,"Arkansas","Ashley County",5,82,104,46,58
050,05,003,"Arkansas","Ashley County",5,83,91,39,52
050,05,003,"Arkansas","Ashley County",5,84,82,34,48
050,05,003,"Arkansas","Ashley County",5,85,465,179,286
050,05,005,"Arkansas","Baxter County",1,0,341,175,166
050,05,005,"Arkansas","Baxter County",1,1,353,185,168
050,05,005,"Arkansas","Baxter County",1,2,357,192,165
050,05,005,"Arkansas","Baxter County",1,3,387,209,178
050,05,005,"Arkansas","Baxter County",1,4,401,216,185
050,05,005,"Arkansas","Baxter County",1,5,409,211,198
050,05,005,"Arkansas","Baxter County",1,6,382,200,182
050,05,005,"Arkansas","Baxter County",1,7,355,182,173
050,05,005,"Arkansas","Baxter County",1,8,374,184,190
050,05,005,"Arkansas","Baxter County",1,9,406,207,199
050,05,005,"Arkansas","Baxter County",1,10,424,228,196
050,05,005,"Arkansas","Baxter County",1,11,440,237,203
050,05,005,"Arkansas","Baxter County",1,12,495,271,224
050,05,005,"Arkansas","Baxter County",1,13,486,257,229
050,05,005,"Arkansas","Baxter County",1,14,482,240,242
050,05,005,"Arkansas","Baxter County",1,15,473,228,245
050,05,005,"Arkansas","Baxter County",1,16,468,232,236
050,05,005,"Arkansas","Baxter County",1,17,466,242,224
050,05,005,"Arkansas","Baxter County",1,18,376,198,178
050,05,005,"Arkansas","Baxter County",1,19,302,168,134
050,05,005,"Arkansas","Baxter County",1,20,317,164,153
050,05,005,"Arkansas","Baxter County",1,21,329,173,156
050,05,005,"Arkansas","Baxter County",1,22,349,178,171
050,05,005,"Arkansas","Baxter County",1,23,358,185,173
050,05,005,"Arkansas","Baxter County",1,24,373,178,195
050,05,005,"Arkansas","Baxter County",1,25,376,179,197
050,05,005,"Arkansas","Baxter County",1,26,376,202,174
050,05,005,"Arkansas","Baxter County",1,27,368,194,174
050,05,005,"Arkansas","Baxter County",1,28,393,198,195
050,05,005,"Arkansas","Baxter County",1,29,420,215,205
050,05,005,"Arkansas","Baxter County",1,30,409,205,204
050,05,005,"Arkansas","Baxter County",1,31,415,217,198
050,05,005,"Arkansas","Baxter County",1,32,399,203,196
050,05,005,"Arkansas","Baxter County",1,33,346,177,169
050,05,005,"Arkansas","Baxter County",1,34,396,205,191
050,05,005,"Arkansas","Baxter County",1,35,417,205,212
050,05,005,"Arkansas","Baxter County",1,36,403,188,215
050,05,005,"Arkansas","Baxter County",1,37,436,207,229
050,05,005,"Arkansas","Baxter County",1,38,415,185,230
050,05,005,"Arkansas","Baxter County",1,39,417,206,211
050,05,005,"Arkansas","Baxter County",1,40,416,204,212
050,05,005,"Arkansas","Baxter County",1,41,386,187,199
050,05,005,"Arkansas","Baxter County",1,42,390,208,182
050,05,005,"Arkansas","Baxter County",1,43,393,198,195
050,05,005,"Arkansas","Baxter County",1,44,378,193,185
050,05,005,"Arkansas","Baxter County",1,45,391,198,193
050,05,005,"Arkansas","Baxter County",1,46,364,177,187
050,05,005,"Arkansas","Baxter County",1,47,386,191,195
050,05,005,"Arkansas","Baxter County",1,48,454,224,230
050,05,005,"Arkansas","Baxter County",1,49,499,237,262
050,05,005,"Arkansas","Baxter County",1,50,492,245,247
050,05,005,"Arkansas","Baxter County",1,51,502,243,259
050,05,005,"Arkansas","Baxter County",1,52,457,220,237
050,05,005,"Arkansas","Baxter County",1,53,489,254,235
050,05,005,"Arkansas","Baxter County",1,54,491,223,268
050,05,005,"Arkansas","Baxter County",1,55,534,243,291
050,05,005,"Arkansas","Baxter County",1,56,570,261,309
050,05,005,"Arkansas","Baxter County",1,57,639,283,356
050,05,005,"Arkansas","Baxter County",1,58,671,306,365
050,05,005,"Arkansas","Baxter County",1,59,665,318,347
050,05,005,"Arkansas","Baxter County",1,60,633,300,333
050,05,005,"Arkansas","Baxter County",1,61,648,312,336
050,05,005,"Arkansas","Baxter County",1,62,693,309,384
050,05,005,"Arkansas","Baxter County",1,63,684,302,382
050,05,005,"Arkansas","Baxter County",1,64,730,349,381
050,05,005,"Arkansas","Baxter County",1,65,705,346,359
050,05,005,"Arkansas","Baxter County",1,66,689,327,362
050,05,005,"Arkansas","Baxter County",1,67,691,335,356
050,05,005,"Arkansas","Baxter County",1,68,689,333,356
050,05,005,"Arkansas","Baxter County",1,69,672,313,359
050,05,005,"Arkansas","Baxter County",1,70,682,314,368
050,05,005,"Arkansas","Baxter County",1,71,704,327,377
050,05,005,"Arkansas","Baxter County",1,72,726,347,379
050,05,005,"Arkansas","Baxter County",1,73,735,339,396
050,05,005,"Arkansas","Baxter County",1,74,530,244,286
050,05,005,"Arkansas","Baxter County",1,75,565,269,296
050,05,005,"Arkansas","Baxter County",1,76,604,292,312
050,05,005,"Arkansas","Baxter County",1,77,587,264,323
050,05,005,"Arkansas","Baxter County",1,78,500,238,262
050,05,005,"Arkansas","Baxter County",1,79,445,212,233
050,05,005,"Arkansas","Baxter County",1,80,427,191,236
050,05,005,"Arkansas","Baxter County",1,81,382,179,203
050,05,005,"Arkansas","Baxter County",1,82,363,178,185
050,05,005,"Arkansas","Baxter County",1,83,315,153,162
050,05,005,"Arkansas","Baxter County",1,84,256,127,129
050,05,005,"Arkansas","Baxter County",1,85,1517,666,851
050,05,005,"Arkansas","Baxter County",2,0,337,170,167
050,05,005,"Arkansas","Baxter County",2,1,349,182,167
050,05,005,"Arkansas","Baxter County",2,2,356,189,167
050,05,005,"Arkansas","Baxter County",2,3,378,206,172
050,05,005,"Arkansas","Baxter County",2,4,401,216,185
050,05,005,"Arkansas","Baxter County",2,5,407,213,194
050,05,005,"Arkansas","Baxter County",2,6,387,203,184
050,05,005,"Arkansas","Baxter County",2,7,363,186,177
050,05,005,"Arkansas","Baxter County",2,8,371,184,187
050,05,005,"Arkansas","Baxter County",2,9,402,204,198
050,05,005,"Arkansas","Baxter County",2,10,424,224,200
050,05,005,"Arkansas","Baxter County",2,11,437,235,202
050,05,005,"Arkansas","Baxter County",2,12,486,264,222
050,05,005,"Arkansas","Baxter County",2,13,488,259,229
050,05,005,"Arkansas","Baxter County",2,14,483,243,240
050,05,005,"Arkansas","Baxter County",2,15,478,231,247
050,05,005,"Arkansas","Baxter County",2,16,470,233,237
050,05,005,"Arkansas","Baxter County",2,17,465,238,227
050,05,005,"Arkansas","Baxter County",2,18,381,200,181
050,05,005,"Arkansas","Baxter County",2,19,303,165,138
050,05,005,"Arkansas","Baxter County",2,20,326,171,155
050,05,005,"Arkansas","Baxter County",2,21,331,175,156
050,05,005,"Arkansas","Baxter County",2,22,351,182,169
050,05,005,"Arkansas","Baxter County",2,23,361,187,174
050,05,005,"Arkansas","Baxter County",2,24,374,181,193
050,05,005,"Arkansas","Baxter County",2,25,380,181,199
050,05,005,"Arkansas","Baxter County",2,26,378,197,181
050,05,005,"Arkansas","Baxter County",2,27,371,198,173
050,05,005,"Arkansas","Baxter County",2,28,384,197,187
050,05,005,"Arkansas","Baxter County",2,29,419,213,206
050,05,005,"Arkansas","Baxter County",2,30,416,211,205
050,05,005,"Arkansas","Baxter County",2,31,414,216,198
050,05,005,"Arkansas","Baxter County",2,32,401,203,198
050,05,005,"Arkansas","Baxter County",2,33,360,182,178
050,05,005,"Arkansas","Baxter County",2,34,387,200,187
050,05,005,"Arkansas","Baxter County",2,35,415,206,209
050,05,005,"Arkansas","Baxter County",2,36,407,192,215
050,05,005,"Arkansas","Baxter County",2,37,431,204,227
050,05,005,"Arkansas","Baxter County",2,38,421,188,233
050,05,005,"Arkansas","Baxter County",2,39,417,203,214
050,05,005,"Arkansas","Baxter County",2,40,422,208,214
050,05,005,"Arkansas","Baxter County",2,41,392,191,201
050,05,005,"Arkansas","Baxter County",2,42,386,202,184
050,05,005,"Arkansas","Baxter County",2,43,398,203,195
050,05,005,"Arkansas","Baxter County",2,44,383,195,188
050,05,005,"Arkansas","Baxter County",2,45,394,201,193
050,05,005,"Arkansas","Baxter County",2,46,371,183,188
050,05,005,"Arkansas","Baxter County",2,47,384,189,195
050,05,005,"Arkansas","Baxter County",2,48,439,217,222
050,05,005,"Arkansas","Baxter County",2,49,494,236,258
050,05,005,"Arkansas","Baxter County",2,50,492,240,252
050,05,005,"Arkansas","Baxter County",2,51,500,243,257
050,05,005,"Arkansas","Baxter County",2,52,466,224,242
050,05,005,"Arkansas","Baxter County",2,53,484,244,240
050,05,005,"Arkansas","Baxter County",2,54,491,229,262
050,05,005,"Arkansas","Baxter County",2,55,526,240,286
050,05,005,"Arkansas","Baxter County",2,56,566,260,306
050,05,005,"Arkansas","Baxter County",2,57,628,279,349
050,05,005,"Arkansas","Baxter County",2,58,665,301,364
050,05,005,"Arkansas","Baxter County",2,59,672,319,353
050,05,005,"Arkansas","Baxter County",2,60,645,306,339
050,05,005,"Arkansas","Baxter County",2,61,646,311,335
050,05,005,"Arkansas","Baxter County",2,62,685,310,375
050,05,005,"Arkansas","Baxter County",2,63,702,311,391
050,05,005,"Arkansas","Baxter County",2,64,718,339,379
050,05,005,"Arkansas","Baxter County",2,65,713,350,363
050,05,005,"Arkansas","Baxter County",2,66,702,337,365
050,05,005,"Arkansas","Baxter County",2,67,687,330,357
050,05,005,"Arkansas","Baxter County",2,68,687,334,353
050,05,005,"Arkansas","Baxter County",2,69,680,320,360
050,05,005,"Arkansas","Baxter County",2,70,675,313,362
050,05,005,"Arkansas","Baxter County",2,71,697,321,376
050,05,005,"Arkansas","Baxter County",2,72,714,340,374
050,05,005,"Arkansas","Baxter County",2,73,767,355,412
050,05,005,"Arkansas","Baxter County",2,74,537,245,292
050,05,005,"Arkansas","Baxter County",2,75,554,259,295
050,05,005,"Arkansas","Baxter County",2,76,582,281,301
050,05,005,"Arkansas","Baxter County",2,77,602,274,328
050,05,005,"Arkansas","Baxter County",2,78,503,235,268
050,05,005,"Arkansas","Baxter County",2,79,452,215,237
050,05,005,"Arkansas","Baxter County",2,80,430,197,233
050,05,005,"Arkansas","Baxter County",2,81,385,179,206
050,05,005,"Arkansas","Baxter County",2,82,362,174,188
050,05,005,"Arkansas","Baxter County",2,83,316,154,162
050,05,005,"Arkansas","Baxter County",2,84,264,129,135
050,05,005,"Arkansas","Baxter County",2,85,1518,669,849
050,05,005,"Arkansas","Baxter County",3,0,343,179,164
050,05,005,"Arkansas","Baxter County",3,1,340,163,177
050,05,005,"Arkansas","Baxter County",3,2,357,189,168
050,05,005,"Arkansas","Baxter County",3,3,381,207,174
050,05,005,"Arkansas","Baxter County",3,4,403,210,193
050,05,005,"Arkansas","Baxter County",3,5,408,216,192
050,05,005,"Arkansas","Baxter County",3,6,425,223,202
050,05,005,"Arkansas","Baxter County",3,7,407,217,190
050,05,005,"Arkansas","Baxter County",3,8,367,193,174
050,05,005,"Arkansas","Baxter County",3,9,407,200,207
050,05,005,"Arkansas","Baxter County",3,10,404,202,202
050,05,005,"Arkansas","Baxter County",3,11,431,236,195
050,05,005,"Arkansas","Baxter County",3,12,460,249,211
050,05,005,"Arkansas","Baxter County",3,13,498,269,229
050,05,005,"Arkansas","Baxter County",3,14,497,267,230
050,05,005,"Arkansas","Baxter County",3,15,494,246,248
050,05,005,"Arkansas","Baxter County",3,16,497,250,247
050,05,005,"Arkansas","Baxter County",3,17,481,236,245
050,05,005,"Arkansas","Baxter County",3,18,406,216,190
050,05,005,"Arkansas","Baxter County",3,19,317,175,142
050,05,005,"Arkansas","Baxter County",3,20,325,172,153
050,05,005,"Arkansas","Baxter County",3,21,335,180,155
050,05,005,"Arkansas","Baxter County",3,22,351,179,172
050,05,005,"Arkansas","Baxter County",3,23,366,192,174
050,05,005,"Arkansas","Baxter County",3,24,384,201,183
050,05,005,"Arkansas","Baxter County",3,25,397,199,198
050,05,005,"Arkansas","Baxter County",3,26,394,194,200
050,05,005,"Arkansas","Baxter County",3,27,410,210,200
050,05,005,"Arkansas","Baxter County",3,28,371,197,174
050,05,005,"Arkansas","Baxter County",3,29,387,203,184
050,05,005,"Arkansas","Baxter County",3,30,423,211,212
050,05,005,"Arkansas","Baxter County",3,31,415,211,204
050,05,005,"Arkansas","Baxter County",3,32,433,224,209
050,05,005,"Arkansas","Baxter County",3,33,408,203,205
050,05,005,"Arkansas","Baxter County",3,34,385,194,191
050,05,005,"Arkansas","Baxter County",3,35,402,210,192
050,05,005,"Arkansas","Baxter County",3,36,434,215,219
050,05,005,"Arkansas","Baxter County",3,37,431,203,228
050,05,005,"Arkansas","Baxter County",3,38,444,208,236
050,05,005,"Arkansas","Baxter County",3,39,423,198,225
050,05,005,"Arkansas","Baxter County",3,40,427,204,223
050,05,005,"Arkansas","Baxter County",3,41,407,199,208
050,05,005,"Arkansas","Baxter County",3,42,404,202,202
050,05,005,"Arkansas","Baxter County",3,43,397,204,193
050,05,005,"Arkansas","Baxter County",3,44,406,199,207
050,05,005,"Arkansas","Baxter County",3,45,409,209,200
050,05,005,"Arkansas","Baxter County",3,46,389,194,195
050,05,005,"Arkansas","Baxter County",3,47,377,180,197
050,05,005,"Arkansas","Baxter County",3,48,394,192,202
050,05,005,"Arkansas","Baxter County",3,49,454,216,238
050,05,005,"Arkansas","Baxter County",3,50,496,232,264
050,05,005,"Arkansas","Baxter County",3,51,535,270,265
050,05,005,"Arkansas","Baxter County",3,52,519,251,268
050,05,005,"Arkansas","Baxter County",3,53,487,232,255
050,05,005,"Arkansas","Baxter County",3,54,508,255,253
050,05,005,"Arkansas","Baxter County",3,55,501,231,270
050,05,005,"Arkansas","Baxter County",3,56,543,251,292
050,05,005,"Arkansas","Baxter County",3,57,569,253,316
050,05,005,"Arkansas","Baxter County",3,58,656,288,368
050,05,005,"Arkansas","Baxter County",3,59,690,321,369
050,05,005,"Arkansas","Baxter County",3,60,686,316,370
050,05,005,"Arkansas","Baxter County",3,61,659,306,353
050,05,005,"Arkansas","Baxter County",3,62,667,316,351
050,05,005,"Arkansas","Baxter County",3,63,729,337,392
050,05,005,"Arkansas","Baxter County",3,64,725,334,391
050,05,005,"Arkansas","Baxter County",3,65,719,341,378
050,05,005,"Arkansas","Baxter County",3,66,707,354,353
050,05,005,"Arkansas","Baxter County",3,67,704,335,369
050,05,005,"Arkansas","Baxter County",3,68,695,338,357
050,05,005,"Arkansas","Baxter County",3,69,702,346,356
050,05,005,"Arkansas","Baxter County",3,70,669,306,363
050,05,005,"Arkansas","Baxter County",3,71,657,305,352
050,05,005,"Arkansas","Baxter County",3,72,688,315,373
050,05,005,"Arkansas","Baxter County",3,73,704,331,373
050,05,005,"Arkansas","Baxter County",3,74,734,333,401
050,05,005,"Arkansas","Baxter County",3,75,533,247,286
050,05,005,"Arkansas","Baxter County",3,76,532,253,279
050,05,005,"Arkansas","Baxter County",3,77,569,276,293
050,05,005,"Arkansas","Baxter County",3,78,567,257,310
050,05,005,"Arkansas","Baxter County",3,79,475,220,255
050,05,005,"Arkansas","Baxter County",3,80,434,203,231
050,05,005,"Arkansas","Baxter County",3,81,393,171,222
050,05,005,"Arkansas","Baxter County",3,82,365,164,201
050,05,005,"Arkansas","Baxter County",3,83,318,163,155
050,05,005,"Arkansas","Baxter County",3,84,282,140,142
050,05,005,"Arkansas","Baxter County",3,85,1502,661,841
050,05,005,"Arkansas","Baxter County",4,0,345,180,165
050,05,005,"Arkansas","Baxter County",4,1,364,187,177
050,05,005,"Arkansas","Baxter County",4,2,338,159,179
050,05,005,"Arkansas","Baxter County",4,3,376,203,173
050,05,005,"Arkansas","Baxter County",4,4,386,213,173
050,05,005,"Arkansas","Baxter County",4,5,417,216,201
050,05,005,"Arkansas","Baxter County",4,6,419,224,195
050,05,005,"Arkansas","Baxter County",4,7,432,224,208
050,05,005,"Arkansas","Baxter County",4,8,423,220,203
050,05,005,"Arkansas","Baxter County",4,9,369,193,176
050,05,005,"Arkansas","Baxter County",4,10,411,198,213
050,05,005,"Arkansas","Baxter County",4,11,434,221,213
050,05,005,"Arkansas","Baxter County",4,12,430,236,194
050,05,005,"Arkansas","Baxter County",4,13,470,249,221
050,05,005,"Arkansas","Baxter County",4,14,515,281,234
050,05,005,"Arkansas","Baxter County",4,15,505,268,237
050,05,005,"Arkansas","Baxter County",4,16,490,244,246
050,05,005,"Arkansas","Baxter County",4,17,501,249,252
050,05,005,"Arkansas","Baxter County",4,18,415,221,194
050,05,005,"Arkansas","Baxter County",4,19,324,177,147
050,05,005,"Arkansas","Baxter County",4,20,321,170,151
050,05,005,"Arkansas","Baxter County",4,21,335,175,160
050,05,005,"Arkansas","Baxter County",4,22,358,185,173
050,05,005,"Arkansas","Baxter County",4,23,356,189,167
050,05,005,"Arkansas","Baxter County",4,24,391,195,196
050,05,005,"Arkansas","Baxter County",4,25,417,213,204
050,05,005,"Arkansas","Baxter County",4,26,399,208,191
050,05,005,"Arkansas","Baxter County",4,27,409,201,208
050,05,005,"Arkansas","Baxter County",4,28,408,208,200
050,05,005,"Arkansas","Baxter County",4,29,401,213,188
050,05,005,"Arkansas","Baxter County",4,30,393,205,188
050,05,005,"Arkansas","Baxter County",4,31,415,208,207
050,05,005,"Arkansas","Baxter County",4,32,431,214,217
050,05,005,"Arkansas","Baxter County",4,33,442,229,213
050,05,005,"Arkansas","Baxter County",4,34,421,212,209
050,05,005,"Arkansas","Baxter County",4,35,398,206,192
050,05,005,"Arkansas","Baxter County",4,36,407,215,192
050,05,005,"Arkansas","Baxter County",4,37,437,226,211
050,05,005,"Arkansas","Baxter County",4,38,442,196,246
050,05,005,"Arkansas","Baxter County",4,39,450,214,236
050,05,005,"Arkansas","Baxter County",4,40,448,208,240
050,05,005,"Arkansas","Baxter County",4,41,437,206,231
050,05,005,"Arkansas","Baxter County",4,42,427,210,217
050,05,005,"Arkansas","Baxter County",4,43,419,208,211
050,05,005,"Arkansas","Baxter County",4,44,407,208,199
050,05,005,"Arkansas","Baxter County",4,45,403,201,202
050,05,005,"Arkansas","Baxter County",4,46,422,214,208
050,05,005,"Arkansas","Baxter County",4,47,409,204,205
050,05,005,"Arkansas","Baxter County",4,48,386,189,197
050,05,005,"Arkansas","Baxter County",4,49,394,189,205
050,05,005,"Arkansas","Baxter County",4,50,460,216,244
050,05,005,"Arkansas","Baxter County",4,51,518,239,279
050,05,005,"Arkansas","Baxter County",4,52,533,270,263
050,05,005,"Arkansas","Baxter County",4,53,511,251,260
050,05,005,"Arkansas","Baxter County",4,54,511,252,259
050,05,005,"Arkansas","Baxter County",4,55,529,261,268
050,05,005,"Arkansas","Baxter County",4,56,546,264,282
050,05,005,"Arkansas","Baxter County",4,57,549,249,300
050,05,005,"Arkansas","Baxter County",4,58,589,265,324
050,05,005,"Arkansas","Baxter County",4,59,663,292,371
050,05,005,"Arkansas","Baxter County",4,60,697,316,381
050,05,005,"Arkansas","Baxter County",4,61,684,328,356
050,05,005,"Arkansas","Baxter County",4,62,665,305,360
050,05,005,"Arkansas","Baxter County",4,63,683,328,355
050,05,005,"Arkansas","Baxter County",4,64,750,352,398
050,05,005,"Arkansas","Baxter County",4,65,727,340,387
050,05,005,"Arkansas","Baxter County",4,66,745,354,391
050,05,005,"Arkansas","Baxter County",4,67,713,357,356
050,05,005,"Arkansas","Baxter County",4,68,698,336,362
050,05,005,"Arkansas","Baxter County",4,69,700,350,350
050,05,005,"Arkansas","Baxter County",4,70,683,339,344
050,05,005,"Arkansas","Baxter County",4,71,661,308,353
050,05,005,"Arkansas","Baxter County",4,72,663,305,358
050,05,005,"Arkansas","Baxter County",4,73,665,306,359
050,05,005,"Arkansas","Baxter County",4,74,671,306,365
050,05,005,"Arkansas","Baxter County",4,75,724,334,390
050,05,005,"Arkansas","Baxter County",4,76,504,232,272
050,05,005,"Arkansas","Baxter County",4,77,522,248,274
050,05,005,"Arkansas","Baxter County",4,78,536,260,276
050,05,005,"Arkansas","Baxter County",4,79,535,240,295
050,05,005,"Arkansas","Baxter County",4,80,456,209,247
050,05,005,"Arkansas","Baxter County",4,81,405,187,218
050,05,005,"Arkansas","Baxter County",4,82,357,149,208
050,05,005,"Arkansas","Baxter County",4,83,319,143,176
050,05,005,"Arkansas","Baxter County",4,84,291,145,146
050,05,005,"Arkansas","Baxter County",4,85,1475,651,824
050,05,005,"Arkansas","Baxter County",5,0,346,180,166
050,05,005,"Arkansas","Baxter County",5,1,378,201,177
050,05,005,"Arkansas","Baxter County",5,2,357,188,169
050,05,005,"Arkansas","Baxter County",5,3,357,165,192
050,05,005,"Arkansas","Baxter County",5,4,374,193,181
050,05,005,"Arkansas","Baxter County",5,5,387,211,176
050,05,005,"Arkansas","Baxter County",5,6,421,223,198
050,05,005,"Arkansas","Baxter County",5,7,425,229,196
050,05,005,"Arkansas","Baxter County",5,8,443,234,209
050,05,005,"Arkansas","Baxter County",5,9,422,225,197
050,05,005,"Arkansas","Baxter County",5,10,385,201,184
050,05,005,"Arkansas","Baxter County",5,11,413,204,209
050,05,005,"Arkansas","Baxter County",5,12,443,223,220
050,05,005,"Arkansas","Baxter County",5,13,421,237,184
050,05,005,"Arkansas","Baxter County",5,14,466,245,221
050,05,005,"Arkansas","Baxter County",5,15,505,281,224
050,05,005,"Arkansas","Baxter County",5,16,503,272,231
050,05,005,"Arkansas","Baxter County",5,17,491,237,254
050,05,005,"Arkansas","Baxter County",5,18,421,222,199
050,05,005,"Arkansas","Baxter County",5,19,339,185,154
050,05,005,"Arkansas","Baxter County",5,20,363,190,173
050,05,005,"Arkansas","Baxter County",5,21,341,169,172
050,05,005,"Arkansas","Baxter County",5,22,384,197,187
050,05,005,"Arkansas","Baxter County",5,23,393,203,190
050,05,005,"Arkansas","Baxter County",5,24,376,201,175
050,05,005,"Arkansas","Baxter County",5,25,404,207,197
050,05,005,"Arkansas","Baxter County",5,26,428,219,209
050,05,005,"Arkansas","Baxter County",5,27,402,216,186
050,05,005,"Arkansas","Baxter County",5,28,420,195,225
050,05,005,"Arkansas","Baxter County",5,29,415,205,210
050,05,005,"Arkansas","Baxter County",5,30,405,211,194
050,05,005,"Arkansas","Baxter County",5,31,413,222,191
050,05,005,"Arkansas","Baxter County",5,32,429,215,214
050,05,005,"Arkansas","Baxter County",5,33,434,216,218
050,05,005,"Arkansas","Baxter County",5,34,459,229,230
050,05,005,"Arkansas","Baxter County",5,35,420,208,212
050,05,005,"Arkansas","Baxter County",5,36,419,211,208
050,05,005,"Arkansas","Baxter County",5,37,411,212,199
050,05,005,"Arkansas","Baxter County",5,38,433,218,215
050,05,005,"Arkansas","Baxter County",5,39,440,198,242
050,05,005,"Arkansas","Baxter County",5,40,453,218,235
050,05,005,"Arkansas","Baxter County",5,41,455,211,244
050,05,005,"Arkansas","Baxter County",5,42,454,215,239
050,05,005,"Arkansas","Baxter County",5,43,446,211,235
050,05,005,"Arkansas","Baxter County",5,44,458,227,231
050,05,005,"Arkansas","Baxter County",5,45,406,205,201
050,05,005,"Arkansas","Baxter County",5,46,402,205,197
050,05,005,"Arkansas","Baxter County",5,47,434,219,215
050,05,005,"Arkansas","Baxter County",5,48,427,210,217
050,05,005,"Arkansas","Baxter County",5,49,393,195,198
050,05,005,"Arkansas","Baxter County",5,50,397,186,211
050,05,005,"Arkansas","Baxter County",5,51,480,229,251
050,05,005,"Arkansas","Baxter County",5,52,530,250,280
050,05,005,"Arkansas","Baxter County",5,53,550,278,272
050,05,005,"Arkansas","Baxter County",5,54,524,254,270
050,05,005,"Arkansas","Baxter County",5,55,526,251,275
050,05,005,"Arkansas","Baxter County",5,56,541,263,278
050,05,005,"Arkansas","Baxter County",5,57,566,263,303
050,05,005,"Arkansas","Baxter County",5,58,570,258,312
050,05,005,"Arkansas","Baxter County",5,59,605,278,327
050,05,005,"Arkansas","Baxter County",5,60,695,303,392
050,05,005,"Arkansas","Baxter County",5,61,717,339,378
050,05,005,"Arkansas","Baxter County",5,62,702,338,364
050,05,005,"Arkansas","Baxter County",5,63,715,335,380
050,05,005,"Arkansas","Baxter County",5,64,719,342,377
050,05,005,"Arkansas","Baxter County",5,65,773,353,420
050,05,005,"Arkansas","Baxter County",5,66,738,344,394
050,05,005,"Arkansas","Baxter County",5,67,749,358,391
050,05,005,"Arkansas","Baxter County",5,68,705,362,343
050,05,005,"Arkansas","Baxter County",5,69,700,345,355
050,05,005,"Arkansas","Baxter County",5,70,671,335,336
050,05,005,"Arkansas","Baxter County",5,71,692,341,351
050,05,005,"Arkansas","Baxter County",5,72,658,306,352
050,05,005,"Arkansas","Baxter County",5,73,650,288,362
050,05,005,"Arkansas","Baxter County",5,74,642,288,354
050,05,005,"Arkansas","Baxter County",5,75,666,308,358
050,05,005,"Arkansas","Baxter County",5,76,689,318,371
050,05,005,"Arkansas","Baxter County",5,77,496,230,266
050,05,005,"Arkansas","Baxter County",5,78,487,238,249
050,05,005,"Arkansas","Baxter County",5,79,497,246,251
050,05,005,"Arkansas","Baxter County",5,80,515,232,283
050,05,005,"Arkansas","Baxter County",5,81,412,185,227
050,05,005,"Arkansas","Baxter County",5,82,385,171,214
050,05,005,"Arkansas","Baxter County",5,83,321,133,188
050,05,005,"Arkansas","Baxter County",5,84,291,131,160
050,05,005,"Arkansas","Baxter County",5,85,1487,648,839
050,05,007,"Arkansas","Benton County",1,0,3745,1926,1819
050,05,007,"Arkansas","Benton County",1,1,3764,1971,1793
050,05,007,"Arkansas","Benton County",1,2,3872,2016,1856
050,05,007,"Arkansas","Benton County",1,3,3971,2097,1874
050,05,007,"Arkansas","Benton County",1,4,4104,2099,2005
050,05,007,"Arkansas","Benton County",1,5,4055,2116,1939
050,05,007,"Arkansas","Benton County",1,6,3956,2022,1934
050,05,007,"Arkansas","Benton County",1,7,3981,2009,1972
050,05,007,"Arkansas","Benton County",1,8,4174,2144,2030
050,05,007,"Arkansas","Benton County",1,9,4100,2122,1978
050,05,007,"Arkansas","Benton County",1,10,4280,2198,2082
050,05,007,"Arkansas","Benton County",1,11,4429,2269,2160
050,05,007,"Arkansas","Benton County",1,12,4503,2304,2199
050,05,007,"Arkansas","Benton County",1,13,4532,2327,2205
050,05,007,"Arkansas","Benton County",1,14,4319,2211,2108
050,05,007,"Arkansas","Benton County",1,15,4251,2183,2068
050,05,007,"Arkansas","Benton County",1,16,4207,2157,2050
050,05,007,"Arkansas","Benton County",1,17,4148,2111,2037
050,05,007,"Arkansas","Benton County",1,18,3601,1850,1751
050,05,007,"Arkansas","Benton County",1,19,3074,1603,1471
050,05,007,"Arkansas","Benton County",1,20,3147,1637,1510
050,05,007,"Arkansas","Benton County",1,21,3169,1583,1586
050,05,007,"Arkansas","Benton County",1,22,3153,1540,1613
050,05,007,"Arkansas","Benton County",1,23,3377,1658,1719
050,05,007,"Arkansas","Benton County",1,24,3494,1776,1718
050,05,007,"Arkansas","Benton County",1,25,3765,1910,1855
050,05,007,"Arkansas","Benton County",1,26,3879,1989,1890
050,05,007,"Arkansas","Benton County",1,27,4142,2077,2065
050,05,007,"Arkansas","Benton County",1,28,4302,2138,2164
050,05,007,"Arkansas","Benton County",1,29,4408,2223,2185
050,05,007,"Arkansas","Benton County",1,30,4357,2248,2109
050,05,007,"Arkansas","Benton County",1,31,4234,2171,2063
050,05,007,"Arkansas","Benton County",1,32,4281,2176,2105
050,05,007,"Arkansas","Benton County",1,33,4282,2184,2098
050,05,007,"Arkansas","Benton County",1,34,4368,2275,2093
050,05,007,"Arkansas","Benton County",1,35,4304,2258,2046
050,05,007,"Arkansas","Benton County",1,36,4481,2387,2094
050,05,007,"Arkansas","Benton County",1,37,4416,2291,2125
050,05,007,"Arkansas","Benton County",1,38,4392,2237,2155
050,05,007,"Arkansas","Benton County",1,39,4469,2300,2169
050,05,007,"Arkansas","Benton County",1,40,4208,2162,2046
050,05,007,"Arkansas","Benton County",1,41,4120,2126,1994
050,05,007,"Arkansas","Benton County",1,42,3931,2008,1923
050,05,007,"Arkansas","Benton County",1,43,3715,1895,1820
050,05,007,"Arkansas","Benton County",1,44,3566,1893,1673
050,05,007,"Arkansas","Benton County",1,45,3548,1838,1710
050,05,007,"Arkansas","Benton County",1,46,3482,1743,1739
050,05,007,"Arkansas","Benton County",1,47,3446,1697,1749
050,05,007,"Arkansas","Benton County",1,48,3716,1886,1830
050,05,007,"Arkansas","Benton County",1,49,3819,1928,1891
050,05,007,"Arkansas","Benton County",1,50,3622,1844,1778
050,05,007,"Arkansas","Benton County",1,51,3386,1720,1666
050,05,007,"Arkansas","Benton County",1,52,3257,1676,1581
050,05,007,"Arkansas","Benton County",1,53,3173,1592,1581
050,05,007,"Arkansas","Benton County",1,54,3159,1630,1529
050,05,007,"Arkansas","Benton County",1,55,3303,1664,1639
050,05,007,"Arkansas","Benton County",1,56,3283,1635,1648
050,05,007,"Arkansas","Benton County",1,57,3235,1591,1644
050,05,007,"Arkansas","Benton County",1,58,3219,1613,1606
050,05,007,"Arkansas","Benton County",1,59,3114,1514,1600
050,05,007,"Arkansas","Benton County",1,60,3072,1529,1543
050,05,007,"Arkansas","Benton County",1,61,2974,1474,1500
050,05,007,"Arkansas","Benton County",1,62,2943,1416,1527
050,05,007,"Arkansas","Benton County",1,63,2832,1362,1470
050,05,007,"Arkansas","Benton County",1,64,2770,1324,1446
050,05,007,"Arkansas","Benton County",1,65,2649,1287,1362
050,05,007,"Arkansas","Benton County",1,66,2536,1205,1331
050,05,007,"Arkansas","Benton County",1,67,2501,1202,1299
050,05,007,"Arkansas","Benton County",1,68,2402,1103,1299
050,05,007,"Arkansas","Benton County",1,69,2232,1004,1228
050,05,007,"Arkansas","Benton County",1,70,2155,987,1168
050,05,007,"Arkansas","Benton County",1,71,2167,986,1181
050,05,007,"Arkansas","Benton County",1,72,2173,1014,1159
050,05,007,"Arkansas","Benton County",1,73,2218,1058,1160
050,05,007,"Arkansas","Benton County",1,74,1583,706,877
050,05,007,"Arkansas","Benton County",1,75,1526,693,833
050,05,007,"Arkansas","Benton County",1,76,1544,720,824
050,05,007,"Arkansas","Benton County",1,77,1460,650,810
050,05,007,"Arkansas","Benton County",1,78,1242,546,696
050,05,007,"Arkansas","Benton County",1,79,1106,505,601
050,05,007,"Arkansas","Benton County",1,80,999,451,548
050,05,007,"Arkansas","Benton County",1,81,983,418,565
050,05,007,"Arkansas","Benton County",1,82,836,367,469
050,05,007,"Arkansas","Benton County",1,83,740,336,404
050,05,007,"Arkansas","Benton County",1,84,725,321,404
050,05,007,"Arkansas","Benton County",1,85,4184,1582,2602
050,05,007,"Arkansas","Benton County",2,0,3735,1936,1799
050,05,007,"Arkansas","Benton County",2,1,3798,1976,1822
050,05,007,"Arkansas","Benton County",2,2,3877,2023,1854
050,05,007,"Arkansas","Benton County",2,3,3972,2082,1890
050,05,007,"Arkansas","Benton County",2,4,4114,2120,1994
050,05,007,"Arkansas","Benton County",2,5,4099,2130,1969
050,05,007,"Arkansas","Benton County",2,6,4020,2062,1958
050,05,007,"Arkansas","Benton County",2,7,3998,2023,1975
050,05,007,"Arkansas","Benton County",2,8,4138,2117,2021
050,05,007,"Arkansas","Benton County",2,9,4137,2142,1995
050,05,007,"Arkansas","Benton County",2,10,4251,2188,2063
050,05,007,"Arkansas","Benton County",2,11,4402,2258,2144
050,05,007,"Arkansas","Benton County",2,12,4526,2320,2206
050,05,007,"Arkansas","Benton County",2,13,4535,2324,2211
050,05,007,"Arkansas","Benton County",2,14,4393,2247,2146
050,05,007,"Arkansas","Benton County",2,15,4293,2203,2090
050,05,007,"Arkansas","Benton County",2,16,4238,2171,2067
050,05,007,"Arkansas","Benton County",2,17,4177,2131,2046
050,05,007,"Arkansas","Benton County",2,18,3609,1856,1753
050,05,007,"Arkansas","Benton County",2,19,3141,1634,1507
050,05,007,"Arkansas","Benton County",2,20,3205,1664,1541
050,05,007,"Arkansas","Benton County",2,21,3184,1599,1585
050,05,007,"Arkansas","Benton County",2,22,3208,1576,1632
050,05,007,"Arkansas","Benton County",2,23,3406,1673,1733
050,05,007,"Arkansas","Benton County",2,24,3539,1780,1759
050,05,007,"Arkansas","Benton County",2,25,3790,1930,1860
050,05,007,"Arkansas","Benton County",2,26,3942,2026,1916
050,05,007,"Arkansas","Benton County",2,27,4132,2082,2050
050,05,007,"Arkansas","Benton County",2,28,4343,2172,2171
050,05,007,"Arkansas","Benton County",2,29,4427,2224,2203
050,05,007,"Arkansas","Benton County",2,30,4433,2272,2161
050,05,007,"Arkansas","Benton County",2,31,4310,2211,2099
050,05,007,"Arkansas","Benton County",2,32,4319,2206,2113
050,05,007,"Arkansas","Benton County",2,33,4313,2199,2114
050,05,007,"Arkansas","Benton County",2,34,4379,2273,2106
050,05,007,"Arkansas","Benton County",2,35,4367,2286,2081
050,05,007,"Arkansas","Benton County",2,36,4455,2371,2084
050,05,007,"Arkansas","Benton County",2,37,4455,2327,2128
050,05,007,"Arkansas","Benton County",2,38,4439,2270,2169
050,05,007,"Arkansas","Benton County",2,39,4471,2297,2174
050,05,007,"Arkansas","Benton County",2,40,4324,2226,2098
050,05,007,"Arkansas","Benton County",2,41,4160,2143,2017
050,05,007,"Arkansas","Benton County",2,42,3977,2036,1941
050,05,007,"Arkansas","Benton County",2,43,3808,1944,1864
050,05,007,"Arkansas","Benton County",2,44,3597,1896,1701
050,05,007,"Arkansas","Benton County",2,45,3585,1868,1717
050,05,007,"Arkansas","Benton County",2,46,3496,1767,1729
050,05,007,"Arkansas","Benton County",2,47,3453,1703,1750
050,05,007,"Arkansas","Benton County",2,48,3662,1846,1816
050,05,007,"Arkansas","Benton County",2,49,3817,1930,1887
050,05,007,"Arkansas","Benton County",2,50,3688,1874,1814
050,05,007,"Arkansas","Benton County",2,51,3444,1749,1695
050,05,007,"Arkansas","Benton County",2,52,3293,1689,1604
050,05,007,"Arkansas","Benton County",2,53,3201,1614,1587
050,05,007,"Arkansas","Benton County",2,54,3172,1624,1548
050,05,007,"Arkansas","Benton County",2,55,3278,1656,1622
050,05,007,"Arkansas","Benton County",2,56,3301,1647,1654
050,05,007,"Arkansas","Benton County",2,57,3262,1613,1649
050,05,007,"Arkansas","Benton County",2,58,3232,1609,1623
050,05,007,"Arkansas","Benton County",2,59,3166,1549,1617
050,05,007,"Arkansas","Benton County",2,60,3086,1523,1563
050,05,007,"Arkansas","Benton County",2,61,3007,1490,1517
050,05,007,"Arkansas","Benton County",2,62,2964,1439,1525
050,05,007,"Arkansas","Benton County",2,63,2898,1399,1499
050,05,007,"Arkansas","Benton County",2,64,2787,1333,1454
050,05,007,"Arkansas","Benton County",2,65,2682,1296,1386
050,05,007,"Arkansas","Benton County",2,66,2576,1235,1341
050,05,007,"Arkansas","Benton County",2,67,2506,1202,1304
050,05,007,"Arkansas","Benton County",2,68,2412,1115,1297
050,05,007,"Arkansas","Benton County",2,69,2293,1032,1261
050,05,007,"Arkansas","Benton County",2,70,2164,980,1184
050,05,007,"Arkansas","Benton County",2,71,2161,981,1180
050,05,007,"Arkansas","Benton County",2,72,2123,984,1139
050,05,007,"Arkansas","Benton County",2,73,2320,1100,1220
050,05,007,"Arkansas","Benton County",2,74,1623,735,888
050,05,007,"Arkansas","Benton County",2,75,1540,696,844
050,05,007,"Arkansas","Benton County",2,76,1524,701,823
050,05,007,"Arkansas","Benton County",2,77,1514,678,836
050,05,007,"Arkansas","Benton County",2,78,1264,553,711
050,05,007,"Arkansas","Benton County",2,79,1122,508,614
050,05,007,"Arkansas","Benton County",2,80,1027,463,564
050,05,007,"Arkansas","Benton County",2,81,973,418,555
050,05,007,"Arkansas","Benton County",2,82,865,378,487
050,05,007,"Arkansas","Benton County",2,83,754,341,413
050,05,007,"Arkansas","Benton County",2,84,715,313,402
050,05,007,"Arkansas","Benton County",2,85,4232,1601,2631
050,05,007,"Arkansas","Benton County",3,0,3549,1834,1715
050,05,007,"Arkansas","Benton County",3,1,3921,2028,1893
050,05,007,"Arkansas","Benton County",3,2,3925,2045,1880
050,05,007,"Arkansas","Benton County",3,3,4010,2087,1923
050,05,007,"Arkansas","Benton County",3,4,4123,2143,1980
050,05,007,"Arkansas","Benton County",3,5,4254,2207,2047
050,05,007,"Arkansas","Benton County",3,6,4197,2163,2034
050,05,007,"Arkansas","Benton County",3,7,4116,2152,1964
050,05,007,"Arkansas","Benton County",3,8,4080,2071,2009
050,05,007,"Arkansas","Benton County",3,9,4259,2189,2070
050,05,007,"Arkansas","Benton County",3,10,4233,2179,2054
050,05,007,"Arkansas","Benton County",3,11,4389,2253,2136
050,05,007,"Arkansas","Benton County",3,12,4445,2280,2165
050,05,007,"Arkansas","Benton County",3,13,4620,2353,2267
050,05,007,"Arkansas","Benton County",3,14,4554,2342,2212
050,05,007,"Arkansas","Benton County",3,15,4466,2295,2171
050,05,007,"Arkansas","Benton County",3,16,4354,2252,2102
050,05,007,"Arkansas","Benton County",3,17,4250,2164,2086
050,05,007,"Arkansas","Benton County",3,18,3762,1944,1818
050,05,007,"Arkansas","Benton County",3,19,3262,1689,1573
050,05,007,"Arkansas","Benton County",3,20,3324,1726,1598
050,05,007,"Arkansas","Benton County",3,21,3317,1715,1602
050,05,007,"Arkansas","Benton County",3,22,3338,1659,1679
050,05,007,"Arkansas","Benton County",3,23,3485,1698,1787
050,05,007,"Arkansas","Benton County",3,24,3597,1748,1849
050,05,007,"Arkansas","Benton County",3,25,3856,1972,1884
050,05,007,"Arkansas","Benton County",3,26,4078,2082,1996
050,05,007,"Arkansas","Benton County",3,27,4130,2109,2021
050,05,007,"Arkansas","Benton County",3,28,4342,2202,2140
050,05,007,"Arkansas","Benton County",3,29,4517,2262,2255
050,05,007,"Arkansas","Benton County",3,30,4667,2346,2321
050,05,007,"Arkansas","Benton County",3,31,4630,2331,2299
050,05,007,"Arkansas","Benton County",3,32,4486,2314,2172
050,05,007,"Arkansas","Benton County",3,33,4432,2271,2161
050,05,007,"Arkansas","Benton County",3,34,4464,2294,2170
050,05,007,"Arkansas","Benton County",3,35,4509,2329,2180
050,05,007,"Arkansas","Benton County",3,36,4562,2421,2141
050,05,007,"Arkansas","Benton County",3,37,4579,2407,2172
050,05,007,"Arkansas","Benton County",3,38,4487,2333,2154
050,05,007,"Arkansas","Benton County",3,39,4573,2353,2220
050,05,007,"Arkansas","Benton County",3,40,4527,2319,2208
050,05,007,"Arkansas","Benton County",3,41,4389,2256,2133
050,05,007,"Arkansas","Benton County",3,42,4233,2192,2041
050,05,007,"Arkansas","Benton County",3,43,4067,2101,1966
050,05,007,"Arkansas","Benton County",3,44,3875,1981,1894
050,05,007,"Arkansas","Benton County",3,45,3619,1918,1701
050,05,007,"Arkansas","Benton County",3,46,3623,1862,1761
050,05,007,"Arkansas","Benton County",3,47,3557,1786,1771
050,05,007,"Arkansas","Benton County",3,48,3466,1705,1761
050,05,007,"Arkansas","Benton County",3,49,3722,1862,1860
050,05,007,"Arkansas","Benton County",3,50,3868,1979,1889
050,05,007,"Arkansas","Benton County",3,51,3667,1840,1827
050,05,007,"Arkansas","Benton County",3,52,3495,1775,1720
050,05,007,"Arkansas","Benton County",3,53,3294,1677,1617
050,05,007,"Arkansas","Benton County",3,54,3222,1617,1605
050,05,007,"Arkansas","Benton County",3,55,3191,1641,1550
050,05,007,"Arkansas","Benton County",3,56,3316,1656,1660
050,05,007,"Arkansas","Benton County",3,57,3349,1654,1695
050,05,007,"Arkansas","Benton County",3,58,3298,1634,1664
050,05,007,"Arkansas","Benton County",3,59,3257,1627,1630
050,05,007,"Arkansas","Benton County",3,60,3194,1549,1645
050,05,007,"Arkansas","Benton County",3,61,3110,1529,1581
050,05,007,"Arkansas","Benton County",3,62,3024,1494,1530
050,05,007,"Arkansas","Benton County",3,63,2982,1456,1526
050,05,007,"Arkansas","Benton County",3,64,2941,1407,1534
050,05,007,"Arkansas","Benton County",3,65,2832,1348,1484
050,05,007,"Arkansas","Benton County",3,66,2718,1331,1387
050,05,007,"Arkansas","Benton County",3,67,2579,1238,1341
050,05,007,"Arkansas","Benton County",3,68,2519,1209,1310
050,05,007,"Arkansas","Benton County",3,69,2415,1128,1287
050,05,007,"Arkansas","Benton County",3,70,2273,1004,1269
050,05,007,"Arkansas","Benton County",3,71,2155,959,1196
050,05,007,"Arkansas","Benton County",3,72,2117,962,1155
050,05,007,"Arkansas","Benton County",3,73,2077,961,1116
050,05,007,"Arkansas","Benton County",3,74,2266,1064,1202
050,05,007,"Arkansas","Benton County",3,75,1600,724,876
050,05,007,"Arkansas","Benton County",3,76,1540,696,844
050,05,007,"Arkansas","Benton County",3,77,1458,667,791
050,05,007,"Arkansas","Benton County",3,78,1464,652,812
050,05,007,"Arkansas","Benton County",3,79,1201,514,687
050,05,007,"Arkansas","Benton County",3,80,1086,485,601
050,05,007,"Arkansas","Benton County",3,81,965,428,537
050,05,007,"Arkansas","Benton County",3,82,879,388,491
050,05,007,"Arkansas","Benton County",3,83,814,333,481
050,05,007,"Arkansas","Benton County",3,84,690,298,392
050,05,007,"Arkansas","Benton County",3,85,4221,1623,2598
050,05,007,"Arkansas","Benton County",4,0,3887,1979,1908
050,05,007,"Arkansas","Benton County",4,1,3755,1928,1827
050,05,007,"Arkansas","Benton County",4,2,4022,2091,1931
050,05,007,"Arkansas","Benton County",4,3,4094,2155,1939
050,05,007,"Arkansas","Benton County",4,4,4183,2179,2004
050,05,007,"Arkansas","Benton County",4,5,4247,2213,2034
050,05,007,"Arkansas","Benton County",4,6,4404,2283,2121
050,05,007,"Arkansas","Benton County",4,7,4277,2206,2071
050,05,007,"Arkansas","Benton County",4,8,4247,2213,2034
050,05,007,"Arkansas","Benton County",4,9,4221,2140,2081
050,05,007,"Arkansas","Benton County",4,10,4338,2217,2121
050,05,007,"Arkansas","Benton County",4,11,4283,2206,2077
050,05,007,"Arkansas","Benton County",4,12,4476,2300,2176
050,05,007,"Arkansas","Benton County",4,13,4526,2312,2214
050,05,007,"Arkansas","Benton County",4,14,4721,2403,2318
050,05,007,"Arkansas","Benton County",4,15,4639,2386,2253
050,05,007,"Arkansas","Benton County",4,16,4486,2309,2177
050,05,007,"Arkansas","Benton County",4,17,4422,2266,2156
050,05,007,"Arkansas","Benton County",4,18,3791,1966,1825
050,05,007,"Arkansas","Benton County",4,19,3275,1706,1569
050,05,007,"Arkansas","Benton County",4,20,3430,1788,1642
050,05,007,"Arkansas","Benton County",4,21,3354,1725,1629
050,05,007,"Arkansas","Benton County",4,22,3507,1780,1727
050,05,007,"Arkansas","Benton County",4,23,3669,1832,1837
050,05,007,"Arkansas","Benton County",4,24,3765,1828,1937
050,05,007,"Arkansas","Benton County",4,25,3903,1952,1951
050,05,007,"Arkansas","Benton County",4,26,4216,2179,2037
050,05,007,"Arkansas","Benton County",4,27,4254,2146,2108
050,05,007,"Arkansas","Benton County",4,28,4382,2243,2139
050,05,007,"Arkansas","Benton County",4,29,4492,2291,2201
050,05,007,"Arkansas","Benton County",4,30,4722,2387,2335
050,05,007,"Arkansas","Benton County",4,31,4853,2389,2464
050,05,007,"Arkansas","Benton County",4,32,4770,2378,2392
050,05,007,"Arkansas","Benton County",4,33,4604,2368,2236
050,05,007,"Arkansas","Benton County",4,34,4589,2364,2225
050,05,007,"Arkansas","Benton County",4,35,4559,2329,2230
050,05,007,"Arkansas","Benton County",4,36,4639,2437,2202
050,05,007,"Arkansas","Benton County",4,37,4658,2459,2199
050,05,007,"Arkansas","Benton County",4,38,4743,2458,2285
050,05,007,"Arkansas","Benton County",4,39,4589,2382,2207
050,05,007,"Arkansas","Benton County",4,40,4702,2404,2298
050,05,007,"Arkansas","Benton County",4,41,4651,2387,2264
050,05,007,"Arkansas","Benton County",4,42,4482,2306,2176
050,05,007,"Arkansas","Benton County",4,43,4324,2233,2091
050,05,007,"Arkansas","Benton County",4,44,4106,2118,1988
050,05,007,"Arkansas","Benton County",4,45,3946,2040,1906
050,05,007,"Arkansas","Benton County",4,46,3707,1958,1749
050,05,007,"Arkansas","Benton County",4,47,3692,1902,1790
050,05,007,"Arkansas","Benton County",4,48,3567,1792,1775
050,05,007,"Arkansas","Benton County",4,49,3505,1717,1788
050,05,007,"Arkansas","Benton County",4,50,3779,1880,1899
050,05,007,"Arkansas","Benton County",4,51,3916,1992,1924
050,05,007,"Arkansas","Benton County",4,52,3749,1897,1852
050,05,007,"Arkansas","Benton County",4,53,3458,1736,1722
050,05,007,"Arkansas","Benton County",4,54,3329,1699,1630
050,05,007,"Arkansas","Benton County",4,55,3274,1634,1640
050,05,007,"Arkansas","Benton County",4,56,3216,1649,1567
050,05,007,"Arkansas","Benton County",4,57,3319,1642,1677
050,05,007,"Arkansas","Benton County",4,58,3337,1648,1689
050,05,007,"Arkansas","Benton County",4,59,3329,1635,1694
050,05,007,"Arkansas","Benton County",4,60,3313,1625,1688
050,05,007,"Arkansas","Benton County",4,61,3232,1570,1662
050,05,007,"Arkansas","Benton County",4,62,3165,1563,1602
050,05,007,"Arkansas","Benton County",4,63,3051,1495,1556
050,05,007,"Arkansas","Benton County",4,64,2984,1461,1523
050,05,007,"Arkansas","Benton County",4,65,2992,1430,1562
050,05,007,"Arkansas","Benton County",4,66,2797,1334,1463
050,05,007,"Arkansas","Benton County",4,67,2714,1335,1379
050,05,007,"Arkansas","Benton County",4,68,2597,1240,1357
050,05,007,"Arkansas","Benton County",4,69,2547,1234,1313
050,05,007,"Arkansas","Benton County",4,70,2405,1114,1291
050,05,007,"Arkansas","Benton County",4,71,2263,998,1265
050,05,007,"Arkansas","Benton County",4,72,2141,960,1181
050,05,007,"Arkansas","Benton County",4,73,2104,941,1163
050,05,007,"Arkansas","Benton County",4,74,2087,946,1141
050,05,007,"Arkansas","Benton County",4,75,2197,1026,1171
050,05,007,"Arkansas","Benton County",4,76,1599,710,889
050,05,007,"Arkansas","Benton County",4,77,1507,663,844
050,05,007,"Arkansas","Benton County",4,78,1409,630,779
050,05,007,"Arkansas","Benton County",4,79,1383,610,773
050,05,007,"Arkansas","Benton County",4,80,1170,489,681
050,05,007,"Arkansas","Benton County",4,81,1041,465,576
050,05,007,"Arkansas","Benton County",4,82,880,387,493
050,05,007,"Arkansas","Benton County",4,83,847,358,489
050,05,007,"Arkansas","Benton County",4,84,729,281,448
050,05,007,"Arkansas","Benton County",4,85,4288,1644,2644
050,05,007,"Arkansas","Benton County",5,0,3922,1991,1931
050,05,007,"Arkansas","Benton County",5,1,4127,2050,2077
050,05,007,"Arkansas","Benton County",5,2,3921,2028,1893
050,05,007,"Arkansas","Benton County",5,3,4127,2191,1936
050,05,007,"Arkansas","Benton County",5,4,4196,2208,1988
050,05,007,"Arkansas","Benton County",5,5,4310,2229,2081
050,05,007,"Arkansas","Benton County",5,6,4351,2247,2104
050,05,007,"Arkansas","Benton County",5,7,4512,2347,2165
050,05,007,"Arkansas","Benton County",5,8,4356,2249,2107
050,05,007,"Arkansas","Benton County",5,9,4352,2261,2091
050,05,007,"Arkansas","Benton County",5,10,4232,2156,2076
050,05,007,"Arkansas","Benton County",5,11,4399,2253,2146
050,05,007,"Arkansas","Benton County",5,12,4321,2228,2093
050,05,007,"Arkansas","Benton County",5,13,4444,2288,2156
050,05,007,"Arkansas","Benton County",5,14,4602,2336,2266
050,05,007,"Arkansas","Benton County",5,15,4790,2443,2347
050,05,007,"Arkansas","Benton County",5,16,4679,2406,2273
050,05,007,"Arkansas","Benton County",5,17,4531,2330,2201
050,05,007,"Arkansas","Benton County",5,18,3885,2041,1844
050,05,007,"Arkansas","Benton County",5,19,3349,1751,1598
050,05,007,"Arkansas","Benton County",5,20,3533,1827,1706
050,05,007,"Arkansas","Benton County",5,21,3546,1819,1727
050,05,007,"Arkansas","Benton County",5,22,3592,1819,1773
050,05,007,"Arkansas","Benton County",5,23,3843,1931,1912
050,05,007,"Arkansas","Benton County",5,24,4048,2013,2035
050,05,007,"Arkansas","Benton County",5,25,4096,2023,2073
050,05,007,"Arkansas","Benton County",5,26,4240,2099,2141
050,05,007,"Arkansas","Benton County",5,27,4449,2276,2173
050,05,007,"Arkansas","Benton County",5,28,4441,2236,2205
050,05,007,"Arkansas","Benton County",5,29,4498,2312,2186
050,05,007,"Arkansas","Benton County",5,30,4683,2370,2313
050,05,007,"Arkansas","Benton County",5,31,4845,2434,2411
050,05,007,"Arkansas","Benton County",5,32,4983,2476,2507
050,05,007,"Arkansas","Benton County",5,33,4897,2432,2465
050,05,007,"Arkansas","Benton County",5,34,4802,2493,2309
050,05,007,"Arkansas","Benton County",5,35,4704,2423,2281
050,05,007,"Arkansas","Benton County",5,36,4764,2438,2326
050,05,007,"Arkansas","Benton County",5,37,4795,2508,2287
050,05,007,"Arkansas","Benton County",5,38,4703,2446,2257
050,05,007,"Arkansas","Benton County",5,39,4788,2479,2309
050,05,007,"Arkansas","Benton County",5,40,4602,2391,2211
050,05,007,"Arkansas","Benton County",5,41,4781,2454,2327
050,05,007,"Arkansas","Benton County",5,42,4749,2453,2296
050,05,007,"Arkansas","Benton County",5,43,4532,2319,2213
050,05,007,"Arkansas","Benton County",5,44,4364,2266,2098
050,05,007,"Arkansas","Benton County",5,45,4179,2159,2020
050,05,007,"Arkansas","Benton County",5,46,4012,2073,1939
050,05,007,"Arkansas","Benton County",5,47,3746,1961,1785
050,05,007,"Arkansas","Benton County",5,48,3768,1947,1821
050,05,007,"Arkansas","Benton County",5,49,3601,1809,1792
050,05,007,"Arkansas","Benton County",5,50,3543,1726,1817
050,05,007,"Arkansas","Benton County",5,51,3806,1900,1906
050,05,007,"Arkansas","Benton County",5,52,3977,2015,1962
050,05,007,"Arkansas","Benton County",5,53,3736,1878,1858
050,05,007,"Arkansas","Benton County",5,54,3497,1741,1756
050,05,007,"Arkansas","Benton County",5,55,3398,1733,1665
050,05,007,"Arkansas","Benton County",5,56,3323,1665,1658
050,05,007,"Arkansas","Benton County",5,57,3243,1656,1587
050,05,007,"Arkansas","Benton County",5,58,3345,1661,1684
050,05,007,"Arkansas","Benton County",5,59,3341,1656,1685
050,05,007,"Arkansas","Benton County",5,60,3369,1649,1720
050,05,007,"Arkansas","Benton County",5,61,3340,1628,1712
050,05,007,"Arkansas","Benton County",5,62,3286,1588,1698
050,05,007,"Arkansas","Benton County",5,63,3173,1570,1603
050,05,007,"Arkansas","Benton County",5,64,3077,1514,1563
050,05,007,"Arkansas","Benton County",5,65,3067,1489,1578
050,05,007,"Arkansas","Benton County",5,66,3020,1430,1590
050,05,007,"Arkansas","Benton County",5,67,2782,1332,1450
050,05,007,"Arkansas","Benton County",5,68,2738,1338,1400
050,05,007,"Arkansas","Benton County",5,69,2606,1254,1352
050,05,007,"Arkansas","Benton County",5,70,2546,1219,1327
050,05,007,"Arkansas","Benton County",5,71,2403,1110,1293
050,05,007,"Arkansas","Benton County",5,72,2212,978,1234
050,05,007,"Arkansas","Benton County",5,73,2131,952,1179
050,05,007,"Arkansas","Benton County",5,74,2098,930,1168
050,05,007,"Arkansas","Benton County",5,75,2034,924,1110
050,05,007,"Arkansas","Benton County",5,76,2157,996,1161
050,05,007,"Arkansas","Benton County",5,77,1537,672,865
050,05,007,"Arkansas","Benton County",5,78,1442,637,805
050,05,007,"Arkansas","Benton County",5,79,1350,601,749
050,05,007,"Arkansas","Benton County",5,80,1334,572,762
050,05,007,"Arkansas","Benton County",5,81,1086,441,645
050,05,007,"Arkansas","Benton County",5,82,950,430,520
050,05,007,"Arkansas","Benton County",5,83,862,366,496
050,05,007,"Arkansas","Benton County",5,84,767,308,459
050,05,007,"Arkansas","Benton County",5,85,4447,1653,2794
050,05,009,"Arkansas","Boone County",1,0,370,187,183
050,05,009,"Arkansas","Boone County",1,1,384,192,192
050,05,009,"Arkansas","Boone County",1,2,420,203,217
050,05,009,"Arkansas","Boone County",1,3,481,238,243
050,05,009,"Arkansas","Boone County",1,4,459,248,211
050,05,009,"Arkansas","Boone County",1,5,495,259,236
050,05,009,"Arkansas","Boone County",1,6,463,247,216
050,05,009,"Arkansas","Boone County",1,7,518,291,227
050,05,009,"Arkansas","Boone County",1,8,486,256,230
050,05,009,"Arkansas","Boone County",1,9,440,220,220
050,05,009,"Arkansas","Boone County",1,10,444,231,213
050,05,009,"Arkansas","Boone County",1,11,482,251,231
050,05,009,"Arkansas","Boone County",1,12,540,269,271
050,05,009,"Arkansas","Boone County",1,13,510,256,254
050,05,009,"Arkansas","Boone County",1,14,515,271,244
050,05,009,"Arkansas","Boone County",1,15,531,270,261
050,05,009,"Arkansas","Boone County",1,16,524,274,250
050,05,009,"Arkansas","Boone County",1,17,472,246,226
050,05,009,"Arkansas","Boone County",1,18,423,243,180
050,05,009,"Arkansas","Boone County",1,19,331,178,153
050,05,009,"Arkansas","Boone County",1,20,362,188,174
050,05,009,"Arkansas","Boone County",1,21,388,208,180
050,05,009,"Arkansas","Boone County",1,22,404,217,187
050,05,009,"Arkansas","Boone County",1,23,391,212,179
050,05,009,"Arkansas","Boone County",1,24,406,201,205
050,05,009,"Arkansas","Boone County",1,25,414,195,219
050,05,009,"Arkansas","Boone County",1,26,440,218,222
050,05,009,"Arkansas","Boone County",1,27,453,248,205
050,05,009,"Arkansas","Boone County",1,28,459,241,218
050,05,009,"Arkansas","Boone County",1,29,472,237,235
050,05,009,"Arkansas","Boone County",1,30,446,219,227
050,05,009,"Arkansas","Boone County",1,31,394,202,192
050,05,009,"Arkansas","Boone County",1,32,381,186,195
050,05,009,"Arkansas","Boone County",1,33,410,212,198
050,05,009,"Arkansas","Boone County",1,34,405,207,198
050,05,009,"Arkansas","Boone County",1,35,439,214,225
050,05,009,"Arkansas","Boone County",1,36,427,207,220
050,05,009,"Arkansas","Boone County",1,37,450,230,220
050,05,009,"Arkansas","Boone County",1,38,464,244,220
050,05,009,"Arkansas","Boone County",1,39,448,232,216
050,05,009,"Arkansas","Boone County",1,40,435,226,209
050,05,009,"Arkansas","Boone County",1,41,421,214,207
050,05,009,"Arkansas","Boone County",1,42,453,236,217
050,05,009,"Arkansas","Boone County",1,43,404,185,219
050,05,009,"Arkansas","Boone County",1,44,400,188,212
050,05,009,"Arkansas","Boone County",1,45,403,193,210
050,05,009,"Arkansas","Boone County",1,46,430,231,199
050,05,009,"Arkansas","Boone County",1,47,477,233,244
050,05,009,"Arkansas","Boone County",1,48,460,235,225
050,05,009,"Arkansas","Boone County",1,49,507,258,249
050,05,009,"Arkansas","Boone County",1,50,466,233,233
050,05,009,"Arkansas","Boone County",1,51,460,220,240
050,05,009,"Arkansas","Boone County",1,52,453,228,225
050,05,009,"Arkansas","Boone County",1,53,470,240,230
050,05,009,"Arkansas","Boone County",1,54,472,233,239
050,05,009,"Arkansas","Boone County",1,55,501,239,262
050,05,009,"Arkansas","Boone County",1,56,518,261,257
050,05,009,"Arkansas","Boone County",1,57,535,259,276
050,05,009,"Arkansas","Boone County",1,58,552,286,266
050,05,009,"Arkansas","Boone County",1,59,549,267,282
050,05,009,"Arkansas","Boone County",1,60,534,281,253
050,05,009,"Arkansas","Boone County",1,61,529,239,290
050,05,009,"Arkansas","Boone County",1,62,493,236,257
050,05,009,"Arkansas","Boone County",1,63,514,245,269
050,05,009,"Arkansas","Boone County",1,64,456,212,244
050,05,009,"Arkansas","Boone County",1,65,448,207,241
050,05,009,"Arkansas","Boone County",1,66,460,217,243
050,05,009,"Arkansas","Boone County",1,67,456,218,238
050,05,009,"Arkansas","Boone County",1,68,483,231,252
050,05,009,"Arkansas","Boone County",1,69,424,192,232
050,05,009,"Arkansas","Boone County",1,70,442,210,232
050,05,009,"Arkansas","Boone County",1,71,446,225,221
050,05,009,"Arkansas","Boone County",1,72,449,218,231
050,05,009,"Arkansas","Boone County",1,73,437,212,225
050,05,009,"Arkansas","Boone County",1,74,346,159,187
050,05,009,"Arkansas","Boone County",1,75,327,148,179
050,05,009,"Arkansas","Boone County",1,76,354,171,183
050,05,009,"Arkansas","Boone County",1,77,347,160,187
050,05,009,"Arkansas","Boone County",1,78,257,118,139
050,05,009,"Arkansas","Boone County",1,79,253,103,150
050,05,009,"Arkansas","Boone County",1,80,231,103,128
050,05,009,"Arkansas","Boone County",1,81,202,88,114
050,05,009,"Arkansas","Boone County",1,82,189,86,103
050,05,009,"Arkansas","Boone County",1,83,176,74,102
050,05,009,"Arkansas","Boone County",1,84,141,60,81
050,05,009,"Arkansas","Boone County",1,85,866,329,537
050,05,009,"Arkansas","Boone County",2,0,373,179,194
050,05,009,"Arkansas","Boone County",2,1,380,189,191
050,05,009,"Arkansas","Boone County",2,2,414,202,212
050,05,009,"Arkansas","Boone County",2,3,464,231,233
050,05,009,"Arkansas","Boone County",2,4,468,247,221
050,05,009,"Arkansas","Boone County",2,5,484,256,228
050,05,009,"Arkansas","Boone County",2,6,474,253,221
050,05,009,"Arkansas","Boone County",2,7,501,278,223
050,05,009,"Arkansas","Boone County",2,8,490,263,227
050,05,009,"Arkansas","Boone County",2,9,451,231,220
050,05,009,"Arkansas","Boone County",2,10,441,228,213
050,05,009,"Arkansas","Boone County",2,11,473,247,226
050,05,009,"Arkansas","Boone County",2,12,529,267,262
050,05,009,"Arkansas","Boone County",2,13,522,263,259
050,05,009,"Arkansas","Boone County",2,14,518,268,250
050,05,009,"Arkansas","Boone County",2,15,528,269,259
050,05,009,"Arkansas","Boone County",2,16,527,273,254
050,05,009,"Arkansas","Boone County",2,17,483,251,232
050,05,009,"Arkansas","Boone County",2,18,415,234,181
050,05,009,"Arkansas","Boone County",2,19,337,183,154
050,05,009,"Arkansas","Boone County",2,20,365,189,176
050,05,009,"Arkansas","Boone County",2,21,387,206,181
050,05,009,"Arkansas","Boone County",2,22,404,218,186
050,05,009,"Arkansas","Boone County",2,23,397,213,184
050,05,009,"Arkansas","Boone County",2,24,409,206,203
050,05,009,"Arkansas","Boone County",2,25,415,198,217
050,05,009,"Arkansas","Boone County",2,26,433,212,221
050,05,009,"Arkansas","Boone County",2,27,450,242,208
050,05,009,"Arkansas","Boone County",2,28,456,242,214
050,05,009,"Arkansas","Boone County",2,29,469,239,230
050,05,009,"Arkansas","Boone County",2,30,453,223,230
050,05,009,"Arkansas","Boone County",2,31,404,205,199
050,05,009,"Arkansas","Boone County",2,32,385,190,195
050,05,009,"Arkansas","Boone County",2,33,404,206,198
050,05,009,"Arkansas","Boone County",2,34,405,209,196
050,05,009,"Arkansas","Boone County",2,35,431,213,218
050,05,009,"Arkansas","Boone County",2,36,425,207,218
050,05,009,"Arkansas","Boone County",2,37,447,226,221
050,05,009,"Arkansas","Boone County",2,38,465,243,222
050,05,009,"Arkansas","Boone County",2,39,449,234,215
050,05,009,"Arkansas","Boone County",2,40,441,229,212
050,05,009,"Arkansas","Boone County",2,41,423,217,206
050,05,009,"Arkansas","Boone County",2,42,440,228,212
050,05,009,"Arkansas","Boone County",2,43,420,199,221
050,05,009,"Arkansas","Boone County",2,44,399,186,213
050,05,009,"Arkansas","Boone County",2,45,406,194,212
050,05,009,"Arkansas","Boone County",2,46,421,219,202
050,05,009,"Arkansas","Boone County",2,47,465,232,233
050,05,009,"Arkansas","Boone County",2,48,463,234,229
050,05,009,"Arkansas","Boone County",2,49,497,255,242
050,05,009,"Arkansas","Boone County",2,50,475,240,235
050,05,009,"Arkansas","Boone County",2,51,455,221,234
050,05,009,"Arkansas","Boone County",2,52,451,225,226
050,05,009,"Arkansas","Boone County",2,53,470,238,232
050,05,009,"Arkansas","Boone County",2,54,469,234,235
050,05,009,"Arkansas","Boone County",2,55,495,239,256
050,05,009,"Arkansas","Boone County",2,56,518,256,262
050,05,009,"Arkansas","Boone County",2,57,534,261,273
050,05,009,"Arkansas","Boone County",2,58,550,282,268
050,05,009,"Arkansas","Boone County",2,59,553,274,279
050,05,009,"Arkansas","Boone County",2,60,538,277,261
050,05,009,"Arkansas","Boone County",2,61,527,247,280
050,05,009,"Arkansas","Boone County",2,62,502,235,267
050,05,009,"Arkansas","Boone County",2,63,513,244,269
050,05,009,"Arkansas","Boone County",2,64,466,215,251
050,05,009,"Arkansas","Boone County",2,65,453,209,244
050,05,009,"Arkansas","Boone County",2,66,464,217,247
050,05,009,"Arkansas","Boone County",2,67,459,219,240
050,05,009,"Arkansas","Boone County",2,68,472,225,247
050,05,009,"Arkansas","Boone County",2,69,443,202,241
050,05,009,"Arkansas","Boone County",2,70,435,207,228
050,05,009,"Arkansas","Boone County",2,71,442,221,221
050,05,009,"Arkansas","Boone County",2,72,439,216,223
050,05,009,"Arkansas","Boone County",2,73,457,221,236
050,05,009,"Arkansas","Boone County",2,74,341,162,179
050,05,009,"Arkansas","Boone County",2,75,333,151,182
050,05,009,"Arkansas","Boone County",2,76,347,166,181
050,05,009,"Arkansas","Boone County",2,77,352,164,188
050,05,009,"Arkansas","Boone County",2,78,271,124,147
050,05,009,"Arkansas","Boone County",2,79,245,102,143
050,05,009,"Arkansas","Boone County",2,80,231,101,130
050,05,009,"Arkansas","Boone County",2,81,203,89,114
050,05,009,"Arkansas","Boone County",2,82,193,86,107
050,05,009,"Arkansas","Boone County",2,83,177,76,101
050,05,009,"Arkansas","Boone County",2,84,144,61,83
050,05,009,"Arkansas","Boone County",2,85,864,324,540
050,05,009,"Arkansas","Boone County",3,0,378,202,176
050,05,009,"Arkansas","Boone County",3,1,412,206,206
050,05,009,"Arkansas","Boone County",3,2,396,196,200
050,05,009,"Arkansas","Boone County",3,3,436,214,222
050,05,009,"Arkansas","Boone County",3,4,470,225,245
050,05,009,"Arkansas","Boone County",3,5,494,257,237
050,05,009,"Arkansas","Boone County",3,6,493,259,234
050,05,009,"Arkansas","Boone County",3,7,476,245,231
050,05,009,"Arkansas","Boone County",3,8,509,283,226
050,05,009,"Arkansas","Boone County",3,9,501,276,225
050,05,009,"Arkansas","Boone County",3,10,463,240,223
050,05,009,"Arkansas","Boone County",3,11,445,232,213
050,05,009,"Arkansas","Boone County",3,12,484,255,229
050,05,009,"Arkansas","Boone County",3,13,536,265,271
050,05,009,"Arkansas","Boone County",3,14,534,262,272
050,05,009,"Arkansas","Boone County",3,15,514,256,258
050,05,009,"Arkansas","Boone County",3,16,542,280,262
050,05,009,"Arkansas","Boone County",3,17,540,271,269
050,05,009,"Arkansas","Boone County",3,18,418,217,201
050,05,009,"Arkansas","Boone County",3,19,341,194,147
050,05,009,"Arkansas","Boone County",3,20,387,200,187
050,05,009,"Arkansas","Boone County",3,21,399,204,195
050,05,009,"Arkansas","Boone County",3,22,411,217,194
050,05,009,"Arkansas","Boone County",3,23,423,219,204
050,05,009,"Arkansas","Boone County",3,24,415,222,193
050,05,009,"Arkansas","Boone County",3,25,430,224,206
050,05,009,"Arkansas","Boone County",3,26,418,191,227
050,05,009,"Arkansas","Boone County",3,27,449,224,225
050,05,009,"Arkansas","Boone County",3,28,454,242,212
050,05,009,"Arkansas","Boone County",3,29,469,252,217
050,05,009,"Arkansas","Boone County",3,30,494,246,248
050,05,009,"Arkansas","Boone County",3,31,467,225,242
050,05,009,"Arkansas","Boone County",3,32,429,227,202
050,05,009,"Arkansas","Boone County",3,33,411,203,208
050,05,009,"Arkansas","Boone County",3,34,401,203,198
050,05,009,"Arkansas","Boone County",3,35,410,209,201
050,05,009,"Arkansas","Boone County",3,36,436,216,220
050,05,009,"Arkansas","Boone County",3,37,424,204,220
050,05,009,"Arkansas","Boone County",3,38,444,222,222
050,05,009,"Arkansas","Boone County",3,39,479,256,223
050,05,009,"Arkansas","Boone County",3,40,451,233,218
050,05,009,"Arkansas","Boone County",3,41,450,223,227
050,05,009,"Arkansas","Boone County",3,42,430,223,207
050,05,009,"Arkansas","Boone County",3,43,452,226,226
050,05,009,"Arkansas","Boone County",3,44,441,208,233
050,05,009,"Arkansas","Boone County",3,45,404,185,219
050,05,009,"Arkansas","Boone County",3,46,423,204,219
050,05,009,"Arkansas","Boone County",3,47,426,220,206
050,05,009,"Arkansas","Boone County",3,48,468,234,234
050,05,009,"Arkansas","Boone County",3,49,464,237,227
050,05,009,"Arkansas","Boone County",3,50,492,257,235
050,05,009,"Arkansas","Boone County",3,51,472,242,230
050,05,009,"Arkansas","Boone County",3,52,456,224,232
050,05,009,"Arkansas","Boone County",3,53,456,230,226
050,05,009,"Arkansas","Boone County",3,54,474,236,238
050,05,009,"Arkansas","Boone County",3,55,467,232,235
050,05,009,"Arkansas","Boone County",3,56,501,243,258
050,05,009,"Arkansas","Boone County",3,57,520,257,263
050,05,009,"Arkansas","Boone County",3,58,546,268,278
050,05,009,"Arkansas","Boone County",3,59,545,279,266
050,05,009,"Arkansas","Boone County",3,60,552,269,283
050,05,009,"Arkansas","Boone County",3,61,539,276,263
050,05,009,"Arkansas","Boone County",3,62,537,251,286
050,05,009,"Arkansas","Boone County",3,63,514,242,272
050,05,009,"Arkansas","Boone County",3,64,529,249,280
050,05,009,"Arkansas","Boone County",3,65,475,222,253
050,05,009,"Arkansas","Boone County",3,66,461,209,252
050,05,009,"Arkansas","Boone County",3,67,460,217,243
050,05,009,"Arkansas","Boone County",3,68,456,222,234
050,05,009,"Arkansas","Boone County",3,69,476,224,252
050,05,009,"Arkansas","Boone County",3,70,438,200,238
050,05,009,"Arkansas","Boone County",3,71,411,188,223
050,05,009,"Arkansas","Boone County",3,72,430,217,213
050,05,009,"Arkansas","Boone County",3,73,423,208,215
050,05,009,"Arkansas","Boone County",3,74,463,223,240
050,05,009,"Arkansas","Boone County",3,75,323,148,175
050,05,009,"Arkansas","Boone County",3,76,332,154,178
050,05,009,"Arkansas","Boone County",3,77,323,150,173
050,05,009,"Arkansas","Boone County",3,78,329,150,179
050,05,009,"Arkansas","Boone County",3,79,249,111,138
050,05,009,"Arkansas","Boone County",3,80,228,93,135
050,05,009,"Arkansas","Boone County",3,81,210,93,117
050,05,009,"Arkansas","Boone County",3,82,194,81,113
050,05,009,"Arkansas","Boone County",3,83,186,79,107
050,05,009,"Arkansas","Boone County",3,84,151,64,87
050,05,009,"Arkansas","Boone County",3,85,835,313,522
050,05,009,"Arkansas","Boone County",4,0,403,210,193
050,05,009,"Arkansas","Boone County",4,1,409,215,194
050,05,009,"Arkansas","Boone County",4,2,420,202,218
050,05,009,"Arkansas","Boone County",4,3,402,201,201
050,05,009,"Arkansas","Boone County",4,4,464,232,232
050,05,009,"Arkansas","Boone County",4,5,490,238,252
050,05,009,"Arkansas","Boone County",4,6,484,253,231
050,05,009,"Arkansas","Boone County",4,7,499,268,231
050,05,009,"Arkansas","Boone County",4,8,498,261,237
050,05,009,"Arkansas","Boone County",4,9,524,287,237
050,05,009,"Arkansas","Boone County",4,10,522,292,230
050,05,009,"Arkansas","Boone County",4,11,475,246,229
050,05,009,"Arkansas","Boone County",4,12,472,244,228
050,05,009,"Arkansas","Boone County",4,13,496,261,235
050,05,009,"Arkansas","Boone County",4,14,560,287,273
050,05,009,"Arkansas","Boone County",4,15,535,256,279
050,05,009,"Arkansas","Boone County",4,16,537,267,270
050,05,009,"Arkansas","Boone County",4,17,535,271,264
050,05,009,"Arkansas","Boone County",4,18,468,246,222
050,05,009,"Arkansas","Boone County",4,19,327,175,152
050,05,009,"Arkansas","Boone County",4,20,370,202,168
050,05,009,"Arkansas","Boone County",4,21,401,209,192
050,05,009,"Arkansas","Boone County",4,22,414,210,204
050,05,009,"Arkansas","Boone County",4,23,432,219,213
050,05,009,"Arkansas","Boone County",4,24,437,230,207
050,05,009,"Arkansas","Boone County",4,25,427,228,199
050,05,009,"Arkansas","Boone County",4,26,445,225,220
050,05,009,"Arkansas","Boone County",4,27,438,216,222
050,05,009,"Arkansas","Boone County",4,28,452,229,223
050,05,009,"Arkansas","Boone County",4,29,456,246,210
050,05,009,"Arkansas","Boone County",4,30,456,233,223
050,05,009,"Arkansas","Boone County",4,31,505,252,253
050,05,009,"Arkansas","Boone County",4,32,488,230,258
050,05,009,"Arkansas","Boone County",4,33,430,228,202
050,05,009,"Arkansas","Boone County",4,34,420,208,212
050,05,009,"Arkansas","Boone County",4,35,408,203,205
050,05,009,"Arkansas","Boone County",4,36,414,211,203
050,05,009,"Arkansas","Boone County",4,37,455,224,231
050,05,009,"Arkansas","Boone County",4,38,427,205,222
050,05,009,"Arkansas","Boone County",4,39,455,224,231
050,05,009,"Arkansas","Boone County",4,40,481,252,229
050,05,009,"Arkansas","Boone County",4,41,457,235,222
050,05,009,"Arkansas","Boone County",4,42,477,241,236
050,05,009,"Arkansas","Boone County",4,43,427,220,207
050,05,009,"Arkansas","Boone County",4,44,445,217,228
050,05,009,"Arkansas","Boone County",4,45,451,210,241
050,05,009,"Arkansas","Boone County",4,46,402,179,223
050,05,009,"Arkansas","Boone County",4,47,423,201,222
050,05,009,"Arkansas","Boone County",4,48,425,228,197
050,05,009,"Arkansas","Boone County",4,49,485,241,244
050,05,009,"Arkansas","Boone County",4,50,457,234,223
050,05,009,"Arkansas","Boone County",4,51,490,258,232
050,05,009,"Arkansas","Boone County",4,52,458,233,225
050,05,009,"Arkansas","Boone County",4,53,466,228,238
050,05,009,"Arkansas","Boone County",4,54,445,216,229
050,05,009,"Arkansas","Boone County",4,55,468,232,236
050,05,009,"Arkansas","Boone County",4,56,461,228,233
050,05,009,"Arkansas","Boone County",4,57,520,248,272
050,05,009,"Arkansas","Boone County",4,58,544,274,270
050,05,009,"Arkansas","Boone County",4,59,530,254,276
050,05,009,"Arkansas","Boone County",4,60,547,277,270
050,05,009,"Arkansas","Boone County",4,61,555,270,285
050,05,009,"Arkansas","Boone County",4,62,534,274,260
050,05,009,"Arkansas","Boone County",4,63,539,252,287
050,05,009,"Arkansas","Boone County",4,64,518,245,273
050,05,009,"Arkansas","Boone County",4,65,517,245,272
050,05,009,"Arkansas","Boone County",4,66,500,231,269
050,05,009,"Arkansas","Boone County",4,67,459,205,254
050,05,009,"Arkansas","Boone County",4,68,451,211,240
050,05,009,"Arkansas","Boone County",4,69,456,223,233
050,05,009,"Arkansas","Boone County",4,70,474,224,250
050,05,009,"Arkansas","Boone County",4,71,425,196,229
050,05,009,"Arkansas","Boone County",4,72,403,182,221
050,05,009,"Arkansas","Boone County",4,73,430,210,220
050,05,009,"Arkansas","Boone County",4,74,415,206,209
050,05,009,"Arkansas","Boone County",4,75,439,210,229
050,05,009,"Arkansas","Boone County",4,76,317,140,177
050,05,009,"Arkansas","Boone County",4,77,312,139,173
050,05,009,"Arkansas","Boone County",4,78,306,143,163
050,05,009,"Arkansas","Boone County",4,79,310,143,167
050,05,009,"Arkansas","Boone County",4,80,238,108,130
050,05,009,"Arkansas","Boone County",4,81,209,88,121
050,05,009,"Arkansas","Boone County",4,82,191,83,108
050,05,009,"Arkansas","Boone County",4,83,178,72,106
050,05,009,"Arkansas","Boone County",4,84,165,72,93
050,05,009,"Arkansas","Boone County",4,85,830,318,512
050,05,009,"Arkansas","Boone County",5,0,402,209,193
050,05,009,"Arkansas","Boone County",5,1,414,216,198
050,05,009,"Arkansas","Boone County",5,2,400,205,195
050,05,009,"Arkansas","Boone County",5,3,431,221,210
050,05,009,"Arkansas","Boone County",5,4,419,203,216
050,05,009,"Arkansas","Boone County",5,5,467,236,231
050,05,009,"Arkansas","Boone County",5,6,511,252,259
050,05,009,"Arkansas","Boone County",5,7,507,268,239
050,05,009,"Arkansas","Boone County",5,8,509,276,233
050,05,009,"Arkansas","Boone County",5,9,496,263,233
050,05,009,"Arkansas","Boone County",5,10,530,290,240
050,05,009,"Arkansas","Boone County",5,11,525,288,237
050,05,009,"Arkansas","Boone County",5,12,482,253,229
050,05,009,"Arkansas","Boone County",5,13,478,244,234
050,05,009,"Arkansas","Boone County",5,14,511,268,243
050,05,009,"Arkansas","Boone County",5,15,559,280,279
050,05,009,"Arkansas","Boone County",5,16,552,273,279
050,05,009,"Arkansas","Boone County",5,17,535,266,269
050,05,009,"Arkansas","Boone County",5,18,463,248,215
050,05,009,"Arkansas","Boone County",5,19,360,192,168
050,05,009,"Arkansas","Boone County",5,20,374,190,184
050,05,009,"Arkansas","Boone County",5,21,398,221,177
050,05,009,"Arkansas","Boone County",5,22,429,217,212
050,05,009,"Arkansas","Boone County",5,23,420,204,216
050,05,009,"Arkansas","Boone County",5,24,458,234,224
050,05,009,"Arkansas","Boone County",5,25,435,226,209
050,05,009,"Arkansas","Boone County",5,26,433,240,193
050,05,009,"Arkansas","Boone County",5,27,445,228,217
050,05,009,"Arkansas","Boone County",5,28,450,222,228
050,05,009,"Arkansas","Boone County",5,29,429,224,205
050,05,009,"Arkansas","Boone County",5,30,444,242,202
050,05,009,"Arkansas","Boone County",5,31,454,232,222
050,05,009,"Arkansas","Boone County",5,32,504,251,253
050,05,009,"Arkansas","Boone County",5,33,487,234,253
050,05,009,"Arkansas","Boone County",5,34,443,236,207
050,05,009,"Arkansas","Boone County",5,35,422,208,214
050,05,009,"Arkansas","Boone County",5,36,419,205,214
050,05,009,"Arkansas","Boone County",5,37,412,214,198
050,05,009,"Arkansas","Boone County",5,38,473,224,249
050,05,009,"Arkansas","Boone County",5,39,444,213,231
050,05,009,"Arkansas","Boone County",5,40,467,235,232
050,05,009,"Arkansas","Boone County",5,41,480,247,233
050,05,009,"Arkansas","Boone County",5,42,465,236,229
050,05,009,"Arkansas","Boone County",5,43,465,233,232
050,05,009,"Arkansas","Boone County",5,44,435,223,212
050,05,009,"Arkansas","Boone County",5,45,464,224,240
050,05,009,"Arkansas","Boone County",5,46,455,219,236
050,05,009,"Arkansas","Boone County",5,47,405,183,222
050,05,009,"Arkansas","Boone County",5,48,422,194,228
050,05,009,"Arkansas","Boone County",5,49,423,219,204
050,05,009,"Arkansas","Boone County",5,50,470,234,236
050,05,009,"Arkansas","Boone County",5,51,457,232,225
050,05,009,"Arkansas","Boone County",5,52,496,263,233
050,05,009,"Arkansas","Boone County",5,53,470,242,228
050,05,009,"Arkansas","Boone County",5,54,467,224,243
050,05,009,"Arkansas","Boone County",5,55,437,217,220
050,05,009,"Arkansas","Boone County",5,56,471,235,236
050,05,009,"Arkansas","Boone County",5,57,468,238,230
050,05,009,"Arkansas","Boone County",5,58,529,263,266
050,05,009,"Arkansas","Boone County",5,59,527,263,264
050,05,009,"Arkansas","Boone County",5,60,531,252,279
050,05,009,"Arkansas","Boone County",5,61,549,275,274
050,05,009,"Arkansas","Boone County",5,62,554,270,284
050,05,009,"Arkansas","Boone County",5,63,534,274,260
050,05,009,"Arkansas","Boone County",5,64,550,254,296
050,05,009,"Arkansas","Boone County",5,65,516,243,273
050,05,009,"Arkansas","Boone County",5,66,525,247,278
050,05,009,"Arkansas","Boone County",5,67,497,233,264
050,05,009,"Arkansas","Boone County",5,68,444,199,245
050,05,009,"Arkansas","Boone County",5,69,446,205,241
050,05,009,"Arkansas","Boone County",5,70,456,218,238
050,05,009,"Arkansas","Boone County",5,71,463,220,243
050,05,009,"Arkansas","Boone County",5,72,418,188,230
050,05,009,"Arkansas","Boone County",5,73,391,178,213
050,05,009,"Arkansas","Boone County",5,74,430,205,225
050,05,009,"Arkansas","Boone County",5,75,398,197,201
050,05,009,"Arkansas","Boone County",5,76,419,198,221
050,05,009,"Arkansas","Boone County",5,77,307,131,176
050,05,009,"Arkansas","Boone County",5,78,298,133,165
050,05,009,"Arkansas","Boone County",5,79,291,135,156
050,05,009,"Arkansas","Boone County",5,80,292,137,155
050,05,009,"Arkansas","Boone County",5,81,220,99,121
050,05,009,"Arkansas","Boone County",5,82,198,79,119
050,05,009,"Arkansas","Boone County",5,83,181,78,103
050,05,009,"Arkansas","Boone County",5,84,151,65,86
050,05,009,"Arkansas","Boone County",5,85,874,334,540
050,05,011,"Arkansas","Bradley County",1,0,133,68,65
050,05,011,"Arkansas","Bradley County",1,1,139,71,68
050,05,011,"Arkansas","Bradley County",1,2,133,67,66
050,05,011,"Arkansas","Bradley County",1,3,128,54,74
050,05,011,"Arkansas","Bradley County",1,4,134,69,65
050,05,011,"Arkansas","Bradley County",1,5,135,75,60
050,05,011,"Arkansas","Bradley County",1,6,133,70,63
050,05,011,"Arkansas","Bradley County",1,7,131,71,60
050,05,011,"Arkansas","Bradley County",1,8,145,66,79
050,05,011,"Arkansas","Bradley County",1,9,155,79,76
050,05,011,"Arkansas","Bradley County",1,10,167,89,78
050,05,011,"Arkansas","Bradley County",1,11,160,81,79
050,05,011,"Arkansas","Bradley County",1,12,170,91,79
050,05,011,"Arkansas","Bradley County",1,13,171,94,77
050,05,011,"Arkansas","Bradley County",1,14,157,84,73
050,05,011,"Arkansas","Bradley County",1,15,145,82,63
050,05,011,"Arkansas","Bradley County",1,16,146,76,70
050,05,011,"Arkansas","Bradley County",1,17,151,75,76
050,05,011,"Arkansas","Bradley County",1,18,124,63,61
050,05,011,"Arkansas","Bradley County",1,19,111,57,54
050,05,011,"Arkansas","Bradley County",1,20,117,55,62
050,05,011,"Arkansas","Bradley County",1,21,98,40,58
050,05,011,"Arkansas","Bradley County",1,22,96,43,53
050,05,011,"Arkansas","Bradley County",1,23,107,46,61
050,05,011,"Arkansas","Bradley County",1,24,117,56,61
050,05,011,"Arkansas","Bradley County",1,25,105,51,54
050,05,011,"Arkansas","Bradley County",1,26,106,52,54
050,05,011,"Arkansas","Bradley County",1,27,123,61,62
050,05,011,"Arkansas","Bradley County",1,28,131,60,71
050,05,011,"Arkansas","Bradley County",1,29,124,62,62
050,05,011,"Arkansas","Bradley County",1,30,116,54,62
050,05,011,"Arkansas","Bradley County",1,31,134,72,62
050,05,011,"Arkansas","Bradley County",1,32,134,73,61
050,05,011,"Arkansas","Bradley County",1,33,123,64,59
050,05,011,"Arkansas","Bradley County",1,34,123,61,62
050,05,011,"Arkansas","Bradley County",1,35,121,58,63
050,05,011,"Arkansas","Bradley County",1,36,103,52,51
050,05,011,"Arkansas","Bradley County",1,37,114,63,51
050,05,011,"Arkansas","Bradley County",1,38,127,66,61
050,05,011,"Arkansas","Bradley County",1,39,134,66,68
050,05,011,"Arkansas","Bradley County",1,40,131,66,65
050,05,011,"Arkansas","Bradley County",1,41,128,70,58
050,05,011,"Arkansas","Bradley County",1,42,128,63,65
050,05,011,"Arkansas","Bradley County",1,43,129,63,66
050,05,011,"Arkansas","Bradley County",1,44,111,51,60
050,05,011,"Arkansas","Bradley County",1,45,130,66,64
050,05,011,"Arkansas","Bradley County",1,46,121,62,59
050,05,011,"Arkansas","Bradley County",1,47,116,55,61
050,05,011,"Arkansas","Bradley County",1,48,131,66,65
050,05,011,"Arkansas","Bradley County",1,49,138,64,74
050,05,011,"Arkansas","Bradley County",1,50,139,71,68
050,05,011,"Arkansas","Bradley County",1,51,130,77,53
050,05,011,"Arkansas","Bradley County",1,52,137,68,69
050,05,011,"Arkansas","Bradley County",1,53,128,57,71
050,05,011,"Arkansas","Bradley County",1,54,133,61,72
050,05,011,"Arkansas","Bradley County",1,55,144,67,77
050,05,011,"Arkansas","Bradley County",1,56,145,66,79
050,05,011,"Arkansas","Bradley County",1,57,143,59,84
050,05,011,"Arkansas","Bradley County",1,58,149,64,85
050,05,011,"Arkansas","Bradley County",1,59,136,70,66
050,05,011,"Arkansas","Bradley County",1,60,138,65,73
050,05,011,"Arkansas","Bradley County",1,61,126,60,66
050,05,011,"Arkansas","Bradley County",1,62,148,75,73
050,05,011,"Arkansas","Bradley County",1,63,139,70,69
050,05,011,"Arkansas","Bradley County",1,64,136,65,71
050,05,011,"Arkansas","Bradley County",1,65,149,71,78
050,05,011,"Arkansas","Bradley County",1,66,136,64,72
050,05,011,"Arkansas","Bradley County",1,67,120,56,64
050,05,011,"Arkansas","Bradley County",1,68,125,56,69
050,05,011,"Arkansas","Bradley County",1,69,102,55,47
050,05,011,"Arkansas","Bradley County",1,70,103,53,50
050,05,011,"Arkansas","Bradley County",1,71,104,46,58
050,05,011,"Arkansas","Bradley County",1,72,116,57,59
050,05,011,"Arkansas","Bradley County",1,73,110,53,57
050,05,011,"Arkansas","Bradley County",1,74,70,31,39
050,05,011,"Arkansas","Bradley County",1,75,84,42,42
050,05,011,"Arkansas","Bradley County",1,76,80,36,44
050,05,011,"Arkansas","Bradley County",1,77,74,33,41
050,05,011,"Arkansas","Bradley County",1,78,65,26,39
050,05,011,"Arkansas","Bradley County",1,79,76,24,52
050,05,011,"Arkansas","Bradley County",1,80,60,24,36
050,05,011,"Arkansas","Bradley County",1,81,53,17,36
050,05,011,"Arkansas","Bradley County",1,82,55,27,28
050,05,011,"Arkansas","Bradley County",1,83,31,16,15
050,05,011,"Arkansas","Bradley County",1,84,42,26,16
050,05,011,"Arkansas","Bradley County",1,85,235,73,162
050,05,011,"Arkansas","Bradley County",2,0,130,69,61
050,05,011,"Arkansas","Bradley County",2,1,137,69,68
050,05,011,"Arkansas","Bradley County",2,2,134,67,67
050,05,011,"Arkansas","Bradley County",2,3,128,56,72
050,05,011,"Arkansas","Bradley County",2,4,132,65,67
050,05,011,"Arkansas","Bradley County",2,5,133,73,60
050,05,011,"Arkansas","Bradley County",2,6,132,71,61
050,05,011,"Arkansas","Bradley County",2,7,133,71,62
050,05,011,"Arkansas","Bradley County",2,8,141,66,75
050,05,011,"Arkansas","Bradley County",2,9,150,75,75
050,05,011,"Arkansas","Bradley County",2,10,164,86,78
050,05,011,"Arkansas","Bradley County",2,11,160,81,79
050,05,011,"Arkansas","Bradley County",2,12,171,90,81
050,05,011,"Arkansas","Bradley County",2,13,173,94,79
050,05,011,"Arkansas","Bradley County",2,14,156,84,72
050,05,011,"Arkansas","Bradley County",2,15,146,82,64
050,05,011,"Arkansas","Bradley County",2,16,147,78,69
050,05,011,"Arkansas","Bradley County",2,17,147,74,73
050,05,011,"Arkansas","Bradley County",2,18,124,62,62
050,05,011,"Arkansas","Bradley County",2,19,110,57,53
050,05,011,"Arkansas","Bradley County",2,20,120,56,64
050,05,011,"Arkansas","Bradley County",2,21,101,43,58
050,05,011,"Arkansas","Bradley County",2,22,96,42,54
050,05,011,"Arkansas","Bradley County",2,23,106,47,59
050,05,011,"Arkansas","Bradley County",2,24,114,54,60
050,05,011,"Arkansas","Bradley County",2,25,110,53,57
050,05,011,"Arkansas","Bradley County",2,26,106,51,55
050,05,011,"Arkansas","Bradley County",2,27,118,58,60
050,05,011,"Arkansas","Bradley County",2,28,128,60,68
050,05,011,"Arkansas","Bradley County",2,29,124,62,62
050,05,011,"Arkansas","Bradley County",2,30,117,55,62
050,05,011,"Arkansas","Bradley County",2,31,130,68,62
050,05,011,"Arkansas","Bradley County",2,32,135,73,62
050,05,011,"Arkansas","Bradley County",2,33,122,63,59
050,05,011,"Arkansas","Bradley County",2,34,123,62,61
050,05,011,"Arkansas","Bradley County",2,35,121,57,64
050,05,011,"Arkansas","Bradley County",2,36,107,53,54
050,05,011,"Arkansas","Bradley County",2,37,110,59,51
050,05,011,"Arkansas","Bradley County",2,38,127,68,59
050,05,011,"Arkansas","Bradley County",2,39,129,65,64
050,05,011,"Arkansas","Bradley County",2,40,132,66,66
050,05,011,"Arkansas","Bradley County",2,41,126,68,58
050,05,011,"Arkansas","Bradley County",2,42,124,63,61
050,05,011,"Arkansas","Bradley County",2,43,131,65,66
050,05,011,"Arkansas","Bradley County",2,44,114,53,61
050,05,011,"Arkansas","Bradley County",2,45,125,62,63
050,05,011,"Arkansas","Bradley County",2,46,123,64,59
050,05,011,"Arkansas","Bradley County",2,47,116,55,61
050,05,011,"Arkansas","Bradley County",2,48,124,61,63
050,05,011,"Arkansas","Bradley County",2,49,136,64,72
050,05,011,"Arkansas","Bradley County",2,50,138,69,69
050,05,011,"Arkansas","Bradley County",2,51,130,74,56
050,05,011,"Arkansas","Bradley County",2,52,135,70,65
050,05,011,"Arkansas","Bradley County",2,53,130,60,70
050,05,011,"Arkansas","Bradley County",2,54,130,60,70
050,05,011,"Arkansas","Bradley County",2,55,142,66,76
050,05,011,"Arkansas","Bradley County",2,56,145,66,79
050,05,011,"Arkansas","Bradley County",2,57,140,60,80
050,05,011,"Arkansas","Bradley County",2,58,147,62,85
050,05,011,"Arkansas","Bradley County",2,59,138,69,69
050,05,011,"Arkansas","Bradley County",2,60,136,65,71
050,05,011,"Arkansas","Bradley County",2,61,129,61,68
050,05,011,"Arkansas","Bradley County",2,62,143,72,71
050,05,011,"Arkansas","Bradley County",2,63,142,73,69
050,05,011,"Arkansas","Bradley County",2,64,134,65,69
050,05,011,"Arkansas","Bradley County",2,65,146,70,76
050,05,011,"Arkansas","Bradley County",2,66,138,65,73
050,05,011,"Arkansas","Bradley County",2,67,123,59,64
050,05,011,"Arkansas","Bradley County",2,68,120,54,66
050,05,011,"Arkansas","Bradley County",2,69,107,56,51
050,05,011,"Arkansas","Bradley County",2,70,101,52,49
050,05,011,"Arkansas","Bradley County",2,71,104,48,56
050,05,011,"Arkansas","Bradley County",2,72,111,53,58
050,05,011,"Arkansas","Bradley County",2,73,115,56,59
050,05,011,"Arkansas","Bradley County",2,74,73,33,40
050,05,011,"Arkansas","Bradley County",2,75,82,40,42
050,05,011,"Arkansas","Bradley County",2,76,80,37,43
050,05,011,"Arkansas","Bradley County",2,77,76,34,42
050,05,011,"Arkansas","Bradley County",2,78,63,26,37
050,05,011,"Arkansas","Bradley County",2,79,73,24,49
050,05,011,"Arkansas","Bradley County",2,80,62,24,38
050,05,011,"Arkansas","Bradley County",2,81,54,18,36
050,05,011,"Arkansas","Bradley County",2,82,53,23,30
050,05,011,"Arkansas","Bradley County",2,83,36,19,17
050,05,011,"Arkansas","Bradley County",2,84,39,24,15
050,05,011,"Arkansas","Bradley County",2,85,237,75,162
050,05,011,"Arkansas","Bradley County",3,0,109,57,52
050,05,011,"Arkansas","Bradley County",3,1,130,63,67
050,05,011,"Arkansas","Bradley County",3,2,123,59,64
050,05,011,"Arkansas","Bradley County",3,3,143,73,70
050,05,011,"Arkansas","Bradley County",3,4,122,54,68
050,05,011,"Arkansas","Bradley County",3,5,132,63,69
050,05,011,"Arkansas","Bradley County",3,6,137,77,60
050,05,011,"Arkansas","Bradley County",3,7,122,66,56
050,05,011,"Arkansas","Bradley County",3,8,138,70,68
050,05,011,"Arkansas","Bradley County",3,9,135,65,70
050,05,011,"Arkansas","Bradley County",3,10,143,67,76
050,05,011,"Arkansas","Bradley County",3,11,164,89,75
050,05,011,"Arkansas","Bradley County",3,12,158,77,81
050,05,011,"Arkansas","Bradley County",3,13,165,84,81
050,05,011,"Arkansas","Bradley County",3,14,180,96,84
050,05,011,"Arkansas","Bradley County",3,15,156,89,67
050,05,011,"Arkansas","Bradley County",3,16,147,79,68
050,05,011,"Arkansas","Bradley County",3,17,139,72,67
050,05,011,"Arkansas","Bradley County",3,18,126,62,64
050,05,011,"Arkansas","Bradley County",3,19,105,55,50
050,05,011,"Arkansas","Bradley County",3,20,116,63,53
050,05,011,"Arkansas","Bradley County",3,21,120,54,66
050,05,011,"Arkansas","Bradley County",3,22,107,44,63
050,05,011,"Arkansas","Bradley County",3,23,106,49,57
050,05,011,"Arkansas","Bradley County",3,24,113,52,61
050,05,011,"Arkansas","Bradley County",3,25,103,47,56
050,05,011,"Arkansas","Bradley County",3,26,105,51,54
050,05,011,"Arkansas","Bradley County",3,27,107,56,51
050,05,011,"Arkansas","Bradley County",3,28,116,59,57
050,05,011,"Arkansas","Bradley County",3,29,132,65,67
050,05,011,"Arkansas","Bradley County",3,30,122,62,60
050,05,011,"Arkansas","Bradley County",3,31,121,54,67
050,05,011,"Arkansas","Bradley County",3,32,130,68,62
050,05,011,"Arkansas","Bradley County",3,33,125,62,63
050,05,011,"Arkansas","Bradley County",3,34,118,60,58
050,05,011,"Arkansas","Bradley County",3,35,131,67,64
050,05,011,"Arkansas","Bradley County",3,36,119,54,65
050,05,011,"Arkansas","Bradley County",3,37,106,51,55
050,05,011,"Arkansas","Bradley County",3,38,107,58,49
050,05,011,"Arkansas","Bradley County",3,39,126,68,58
050,05,011,"Arkansas","Bradley County",3,40,129,65,64
050,05,011,"Arkansas","Bradley County",3,41,121,58,63
050,05,011,"Arkansas","Bradley County",3,42,125,65,60
050,05,011,"Arkansas","Bradley County",3,43,128,67,61
050,05,011,"Arkansas","Bradley County",3,44,117,56,61
050,05,011,"Arkansas","Bradley County",3,45,109,51,58
050,05,011,"Arkansas","Bradley County",3,46,121,63,58
050,05,011,"Arkansas","Bradley County",3,47,118,60,58
050,05,011,"Arkansas","Bradley County",3,48,118,58,60
050,05,011,"Arkansas","Bradley County",3,49,126,61,65
050,05,011,"Arkansas","Bradley County",3,50,139,68,71
050,05,011,"Arkansas","Bradley County",3,51,138,65,73
050,05,011,"Arkansas","Bradley County",3,52,130,74,56
050,05,011,"Arkansas","Bradley County",3,53,129,66,63
050,05,011,"Arkansas","Bradley County",3,54,127,58,69
050,05,011,"Arkansas","Bradley County",3,55,134,66,68
050,05,011,"Arkansas","Bradley County",3,56,143,64,79
050,05,011,"Arkansas","Bradley County",3,57,138,62,76
050,05,011,"Arkansas","Bradley County",3,58,140,60,80
050,05,011,"Arkansas","Bradley County",3,59,144,59,85
050,05,011,"Arkansas","Bradley County",3,60,140,69,71
050,05,011,"Arkansas","Bradley County",3,61,135,64,71
050,05,011,"Arkansas","Bradley County",3,62,126,58,68
050,05,011,"Arkansas","Bradley County",3,63,138,66,72
050,05,011,"Arkansas","Bradley County",3,64,139,70,69
050,05,011,"Arkansas","Bradley County",3,65,134,64,70
050,05,011,"Arkansas","Bradley County",3,66,137,63,74
050,05,011,"Arkansas","Bradley County",3,67,135,63,72
050,05,011,"Arkansas","Bradley County",3,68,130,61,69
050,05,011,"Arkansas","Bradley County",3,69,115,51,64
050,05,011,"Arkansas","Bradley County",3,70,106,56,50
050,05,011,"Arkansas","Bradley County",3,71,97,51,46
050,05,011,"Arkansas","Bradley County",3,72,98,45,53
050,05,011,"Arkansas","Bradley County",3,73,107,51,56
050,05,011,"Arkansas","Bradley County",3,74,110,54,56
050,05,011,"Arkansas","Bradley County",3,75,73,30,43
050,05,011,"Arkansas","Bradley County",3,76,73,36,37
050,05,011,"Arkansas","Bradley County",3,77,73,33,40
050,05,011,"Arkansas","Bradley County",3,78,78,34,44
050,05,011,"Arkansas","Bradley County",3,79,55,23,32
050,05,011,"Arkansas","Bradley County",3,80,66,23,43
050,05,011,"Arkansas","Bradley County",3,81,59,20,39
050,05,011,"Arkansas","Bradley County",3,82,43,13,30
050,05,011,"Arkansas","Bradley County",3,83,47,22,25
050,05,011,"Arkansas","Bradley County",3,84,31,18,13
050,05,011,"Arkansas","Bradley County",3,85,220,75,145
050,05,011,"Arkansas","Bradley County",4,0,117,59,58
050,05,011,"Arkansas","Bradley County",4,1,107,61,46
050,05,011,"Arkansas","Bradley County",4,2,124,64,60
050,05,011,"Arkansas","Bradley County",4,3,121,56,65
050,05,011,"Arkansas","Bradley County",4,4,132,65,67
050,05,011,"Arkansas","Bradley County",4,5,114,54,60
050,05,011,"Arkansas","Bradley County",4,6,127,60,67
050,05,011,"Arkansas","Bradley County",4,7,129,74,55
050,05,011,"Arkansas","Bradley County",4,8,130,72,58
050,05,011,"Arkansas","Bradley County",4,9,138,74,64
050,05,011,"Arkansas","Bradley County",4,10,134,65,69
050,05,011,"Arkansas","Bradley County",4,11,146,71,75
050,05,011,"Arkansas","Bradley County",4,12,167,92,75
050,05,011,"Arkansas","Bradley County",4,13,165,81,84
050,05,011,"Arkansas","Bradley County",4,14,167,82,85
050,05,011,"Arkansas","Bradley County",4,15,179,96,83
050,05,011,"Arkansas","Bradley County",4,16,161,87,74
050,05,011,"Arkansas","Bradley County",4,17,141,75,66
050,05,011,"Arkansas","Bradley County",4,18,122,63,59
050,05,011,"Arkansas","Bradley County",4,19,101,51,50
050,05,011,"Arkansas","Bradley County",4,20,112,54,58
050,05,011,"Arkansas","Bradley County",4,21,111,61,50
050,05,011,"Arkansas","Bradley County",4,22,125,55,70
050,05,011,"Arkansas","Bradley County",4,23,110,49,61
050,05,011,"Arkansas","Bradley County",4,24,107,53,54
050,05,011,"Arkansas","Bradley County",4,25,110,49,61
050,05,011,"Arkansas","Bradley County",4,26,98,44,54
050,05,011,"Arkansas","Bradley County",4,27,110,57,53
050,05,011,"Arkansas","Bradley County",4,28,102,49,53
050,05,011,"Arkansas","Bradley County",4,29,111,54,57
050,05,011,"Arkansas","Bradley County",4,30,117,60,57
050,05,011,"Arkansas","Bradley County",4,31,124,63,61
050,05,011,"Arkansas","Bradley County",4,32,117,52,65
050,05,011,"Arkansas","Bradley County",4,33,125,63,62
050,05,011,"Arkansas","Bradley County",4,34,132,66,66
050,05,011,"Arkansas","Bradley County",4,35,118,59,59
050,05,011,"Arkansas","Bradley County",4,36,124,61,63
050,05,011,"Arkansas","Bradley County",4,37,119,57,62
050,05,011,"Arkansas","Bradley County",4,38,111,56,55
050,05,011,"Arkansas","Bradley County",4,39,106,57,49
050,05,011,"Arkansas","Bradley County",4,40,125,68,57
050,05,011,"Arkansas","Bradley County",4,41,123,62,61
050,05,011,"Arkansas","Bradley County",4,42,119,55,64
050,05,011,"Arkansas","Bradley County",4,43,129,69,60
050,05,011,"Arkansas","Bradley County",4,44,117,57,60
050,05,011,"Arkansas","Bradley County",4,45,116,56,60
050,05,011,"Arkansas","Bradley County",4,46,110,49,61
050,05,011,"Arkansas","Bradley County",4,47,116,59,57
050,05,011,"Arkansas","Bradley County",4,48,113,58,55
050,05,011,"Arkansas","Bradley County",4,49,121,57,64
050,05,011,"Arkansas","Bradley County",4,50,128,60,68
050,05,011,"Arkansas","Bradley County",4,51,141,67,74
050,05,011,"Arkansas","Bradley County",4,52,132,61,71
050,05,011,"Arkansas","Bradley County",4,53,124,70,54
050,05,011,"Arkansas","Bradley County",4,54,122,66,56
050,05,011,"Arkansas","Bradley County",4,55,129,57,72
050,05,011,"Arkansas","Bradley County",4,56,135,65,70
050,05,011,"Arkansas","Bradley County",4,57,136,60,76
050,05,011,"Arkansas","Bradley County",4,58,134,59,75
050,05,011,"Arkansas","Bradley County",4,59,138,61,77
050,05,011,"Arkansas","Bradley County",4,60,145,60,85
050,05,011,"Arkansas","Bradley County",4,61,136,67,69
050,05,011,"Arkansas","Bradley County",4,62,131,62,69
050,05,011,"Arkansas","Bradley County",4,63,124,57,67
050,05,011,"Arkansas","Bradley County",4,64,140,66,74
050,05,011,"Arkansas","Bradley County",4,65,135,67,68
050,05,011,"Arkansas","Bradley County",4,66,130,63,67
050,05,011,"Arkansas","Bradley County",4,67,127,60,67
050,05,011,"Arkansas","Bradley County",4,68,129,59,70
050,05,011,"Arkansas","Bradley County",4,69,122,58,64
050,05,011,"Arkansas","Bradley County",4,70,112,48,64
050,05,011,"Arkansas","Bradley County",4,71,100,50,50
050,05,011,"Arkansas","Bradley County",4,72,91,47,44
050,05,011,"Arkansas","Bradley County",4,73,97,45,52
050,05,011,"Arkansas","Bradley County",4,74,102,50,52
050,05,011,"Arkansas","Bradley County",4,75,108,50,58
050,05,011,"Arkansas","Bradley County",4,76,66,29,37
050,05,011,"Arkansas","Bradley County",4,77,65,32,33
050,05,011,"Arkansas","Bradley County",4,78,70,32,38
050,05,011,"Arkansas","Bradley County",4,79,76,31,45
050,05,011,"Arkansas","Bradley County",4,80,46,23,23
050,05,011,"Arkansas","Bradley County",4,81,62,21,41
050,05,011,"Arkansas","Bradley County",4,82,49,16,33
050,05,011,"Arkansas","Bradley County",4,83,38,14,24
050,05,011,"Arkansas","Bradley County",4,84,40,21,19
050,05,011,"Arkansas","Bradley County",4,85,208,76,132
050,05,011,"Arkansas","Bradley County",5,0,117,59,58
050,05,011,"Arkansas","Bradley County",5,1,120,60,60
050,05,011,"Arkansas","Bradley County",5,2,116,65,51
050,05,011,"Arkansas","Bradley County",5,3,129,65,64
050,05,011,"Arkansas","Bradley County",5,4,126,60,66
050,05,011,"Arkansas","Bradley County",5,5,128,58,70
050,05,011,"Arkansas","Bradley County",5,6,120,56,64
050,05,011,"Arkansas","Bradley County",5,7,122,57,65
050,05,011,"Arkansas","Bradley County",5,8,134,76,58
050,05,011,"Arkansas","Bradley County",5,9,128,68,60
050,05,011,"Arkansas","Bradley County",5,10,145,76,69
050,05,011,"Arkansas","Bradley County",5,11,136,65,71
050,05,011,"Arkansas","Bradley County",5,12,147,73,74
050,05,011,"Arkansas","Bradley County",5,13,164,89,75
050,05,011,"Arkansas","Bradley County",5,14,160,78,82
050,05,011,"Arkansas","Bradley County",5,15,168,88,80
050,05,011,"Arkansas","Bradley County",5,16,175,93,82
050,05,011,"Arkansas","Bradley County",5,17,157,80,77
050,05,011,"Arkansas","Bradley County",5,18,118,67,51
050,05,011,"Arkansas","Bradley County",5,19,104,54,50
050,05,011,"Arkansas","Bradley County",5,20,108,52,56
050,05,011,"Arkansas","Bradley County",5,21,108,53,55
050,05,011,"Arkansas","Bradley County",5,22,105,57,48
050,05,011,"Arkansas","Bradley County",5,23,132,57,75
050,05,011,"Arkansas","Bradley County",5,24,113,50,63
050,05,011,"Arkansas","Bradley County",5,25,105,53,52
050,05,011,"Arkansas","Bradley County",5,26,108,48,60
050,05,011,"Arkansas","Bradley County",5,27,94,41,53
050,05,011,"Arkansas","Bradley County",5,28,108,52,56
050,05,011,"Arkansas","Bradley County",5,29,108,55,53
050,05,011,"Arkansas","Bradley County",5,30,105,53,52
050,05,011,"Arkansas","Bradley County",5,31,125,66,59
050,05,011,"Arkansas","Bradley County",5,32,131,67,64
050,05,011,"Arkansas","Bradley County",5,33,104,48,56
050,05,011,"Arkansas","Bradley County",5,34,130,69,61
050,05,011,"Arkansas","Bradley County",5,35,122,60,62
050,05,011,"Arkansas","Bradley County",5,36,111,54,57
050,05,011,"Arkansas","Bradley County",5,37,133,67,66
050,05,011,"Arkansas","Bradley County",5,38,120,59,61
050,05,011,"Arkansas","Bradley County",5,39,105,51,54
050,05,011,"Arkansas","Bradley County",5,40,110,65,45
050,05,011,"Arkansas","Bradley County",5,41,131,72,59
050,05,011,"Arkansas","Bradley County",5,42,127,62,65
050,05,011,"Arkansas","Bradley County",5,43,119,56,63
050,05,011,"Arkansas","Bradley County",5,44,126,66,60
050,05,011,"Arkansas","Bradley County",5,45,118,55,63
050,05,011,"Arkansas","Bradley County",5,46,112,54,58
050,05,011,"Arkansas","Bradley County",5,47,110,48,62
050,05,011,"Arkansas","Bradley County",5,48,114,58,56
050,05,011,"Arkansas","Bradley County",5,49,115,58,57
050,05,011,"Arkansas","Bradley County",5,50,118,57,61
050,05,011,"Arkansas","Bradley County",5,51,128,62,66
050,05,011,"Arkansas","Bradley County",5,52,134,64,70
050,05,011,"Arkansas","Bradley County",5,53,123,58,65
050,05,011,"Arkansas","Bradley County",5,54,118,70,48
050,05,011,"Arkansas","Bradley County",5,55,124,67,57
050,05,011,"Arkansas","Bradley County",5,56,129,54,75
050,05,011,"Arkansas","Bradley County",5,57,128,60,68
050,05,011,"Arkansas","Bradley County",5,58,132,60,72
050,05,011,"Arkansas","Bradley County",5,59,129,60,69
050,05,011,"Arkansas","Bradley County",5,60,139,61,78
050,05,011,"Arkansas","Bradley County",5,61,141,58,83
050,05,011,"Arkansas","Bradley County",5,62,134,67,67
050,05,011,"Arkansas","Bradley County",5,63,131,61,70
050,05,011,"Arkansas","Bradley County",5,64,124,60,64
050,05,011,"Arkansas","Bradley County",5,65,128,59,69
050,05,011,"Arkansas","Bradley County",5,66,133,68,65
050,05,011,"Arkansas","Bradley County",5,67,125,58,67
050,05,011,"Arkansas","Bradley County",5,68,129,60,69
050,05,011,"Arkansas","Bradley County",5,69,123,57,66
050,05,011,"Arkansas","Bradley County",5,70,116,55,61
050,05,011,"Arkansas","Bradley County",5,71,109,46,63
050,05,011,"Arkansas","Bradley County",5,72,93,47,46
050,05,011,"Arkansas","Bradley County",5,73,93,48,45
050,05,011,"Arkansas","Bradley County",5,74,97,46,51
050,05,011,"Arkansas","Bradley County",5,75,101,48,53
050,05,011,"Arkansas","Bradley County",5,76,103,48,55
050,05,011,"Arkansas","Bradley County",5,77,60,26,34
050,05,011,"Arkansas","Bradley County",5,78,64,32,32
050,05,011,"Arkansas","Bradley County",5,79,66,30,36
050,05,011,"Arkansas","Bradley County",5,80,70,31,39
050,05,011,"Arkansas","Bradley County",5,81,46,21,25
050,05,011,"Arkansas","Bradley County",5,82,54,17,37
050,05,011,"Arkansas","Bradley County",5,83,46,18,28
050,05,011,"Arkansas","Bradley County",5,84,33,13,20
050,05,011,"Arkansas","Bradley County",5,85,212,80,132
050,05,013,"Arkansas","Calhoun County",1,0,27,14,13
050,05,013,"Arkansas","Calhoun County",1,1,34,18,16
050,05,013,"Arkansas","Calhoun County",1,2,41,19,22
050,05,013,"Arkansas","Calhoun County",1,3,42,21,21
050,05,013,"Arkansas","Calhoun County",1,4,45,24,21
050,05,013,"Arkansas","Calhoun County",1,5,36,21,15
050,05,013,"Arkansas","Calhoun County",1,6,55,33,22
050,05,013,"Arkansas","Calhoun County",1,7,60,29,31
050,05,013,"Arkansas","Calhoun County",1,8,53,24,29
050,05,013,"Arkansas","Calhoun County",1,9,57,30,27
050,05,013,"Arkansas","Calhoun County",1,10,49,23,26
050,05,013,"Arkansas","Calhoun County",1,11,51,24,27
050,05,013,"Arkansas","Calhoun County",1,12,58,27,31
050,05,013,"Arkansas","Calhoun County",1,13,66,35,31
050,05,013,"Arkansas","Calhoun County",1,14,55,26,29
050,05,013,"Arkansas","Calhoun County",1,15,47,23,24
050,05,013,"Arkansas","Calhoun County",1,16,56,32,24
050,05,013,"Arkansas","Calhoun County",1,17,49,28,21
050,05,013,"Arkansas","Calhoun County",1,18,49,28,21
050,05,013,"Arkansas","Calhoun County",1,19,55,31,24
050,05,013,"Arkansas","Calhoun County",1,20,43,17,26
050,05,013,"Arkansas","Calhoun County",1,21,53,31,22
050,05,013,"Arkansas","Calhoun County",1,22,49,30,19
050,05,013,"Arkansas","Calhoun County",1,23,50,30,20
050,05,013,"Arkansas","Calhoun County",1,24,49,33,16
050,05,013,"Arkansas","Calhoun County",1,25,65,37,28
050,05,013,"Arkansas","Calhoun County",1,26,59,31,28
050,05,013,"Arkansas","Calhoun County",1,27,50,26,24
050,05,013,"Arkansas","Calhoun County",1,28,60,28,32
050,05,013,"Arkansas","Calhoun County",1,29,66,34,32
050,05,013,"Arkansas","Calhoun County",1,30,48,23,25
050,05,013,"Arkansas","Calhoun County",1,31,47,27,20
050,05,013,"Arkansas","Calhoun County",1,32,50,24,26
050,05,013,"Arkansas","Calhoun County",1,33,55,28,27
050,05,013,"Arkansas","Calhoun County",1,34,53,28,25
050,05,013,"Arkansas","Calhoun County",1,35,53,30,23
050,05,013,"Arkansas","Calhoun County",1,36,54,28,26
050,05,013,"Arkansas","Calhoun County",1,37,55,31,24
050,05,013,"Arkansas","Calhoun County",1,38,53,28,25
050,05,013,"Arkansas","Calhoun County",1,39,58,33,25
050,05,013,"Arkansas","Calhoun County",1,40,44,24,20
050,05,013,"Arkansas","Calhoun County",1,41,49,26,23
050,05,013,"Arkansas","Calhoun County",1,42,42,23,19
050,05,013,"Arkansas","Calhoun County",1,43,52,26,26
050,05,013,"Arkansas","Calhoun County",1,44,64,30,34
050,05,013,"Arkansas","Calhoun County",1,45,57,28,29
050,05,013,"Arkansas","Calhoun County",1,46,55,23,32
050,05,013,"Arkansas","Calhoun County",1,47,55,24,31
050,05,013,"Arkansas","Calhoun County",1,48,54,27,27
050,05,013,"Arkansas","Calhoun County",1,49,60,39,21
050,05,013,"Arkansas","Calhoun County",1,50,79,43,36
050,05,013,"Arkansas","Calhoun County",1,51,78,38,40
050,05,013,"Arkansas","Calhoun County",1,52,66,30,36
050,05,013,"Arkansas","Calhoun County",1,53,65,32,33
050,05,013,"Arkansas","Calhoun County",1,54,60,30,30
050,05,013,"Arkansas","Calhoun County",1,55,75,43,32
050,05,013,"Arkansas","Calhoun County",1,56,80,45,35
050,05,013,"Arkansas","Calhoun County",1,57,81,45,36
050,05,013,"Arkansas","Calhoun County",1,58,84,45,39
050,05,013,"Arkansas","Calhoun County",1,59,73,42,31
050,05,013,"Arkansas","Calhoun County",1,60,83,43,40
050,05,013,"Arkansas","Calhoun County",1,61,70,35,35
050,05,013,"Arkansas","Calhoun County",1,62,79,38,41
050,05,013,"Arkansas","Calhoun County",1,63,79,46,33
050,05,013,"Arkansas","Calhoun County",1,64,69,36,33
050,05,013,"Arkansas","Calhoun County",1,65,62,34,28
050,05,013,"Arkansas","Calhoun County",1,66,70,34,36
050,05,013,"Arkansas","Calhoun County",1,67,64,32,32
050,05,013,"Arkansas","Calhoun County",1,68,60,31,29
050,05,013,"Arkansas","Calhoun County",1,69,68,35,33
050,05,013,"Arkansas","Calhoun County",1,70,63,26,37
050,05,013,"Arkansas","Calhoun County",1,71,58,25,33
050,05,013,"Arkansas","Calhoun County",1,72,68,32,36
050,05,013,"Arkansas","Calhoun County",1,73,56,33,23
050,05,013,"Arkansas","Calhoun County",1,74,34,18,16
050,05,013,"Arkansas","Calhoun County",1,75,36,17,19
050,05,013,"Arkansas","Calhoun County",1,76,38,16,22
050,05,013,"Arkansas","Calhoun County",1,77,38,16,22
050,05,013,"Arkansas","Calhoun County",1,78,29,11,18
050,05,013,"Arkansas","Calhoun County",1,79,27,12,15
050,05,013,"Arkansas","Calhoun County",1,80,32,16,16
050,05,013,"Arkansas","Calhoun County",1,81,29,12,17
050,05,013,"Arkansas","Calhoun County",1,82,35,15,20
050,05,013,"Arkansas","Calhoun County",1,83,25,8,17
050,05,013,"Arkansas","Calhoun County",1,84,24,7,17
050,05,013,"Arkansas","Calhoun County",1,85,116,46,70
050,05,013,"Arkansas","Calhoun County",2,0,38,20,18
050,05,013,"Arkansas","Calhoun County",2,1,33,17,16
050,05,013,"Arkansas","Calhoun County",2,2,37,16,21
050,05,013,"Arkansas","Calhoun County",2,3,39,19,20
050,05,013,"Arkansas","Calhoun County",2,4,43,22,21
050,05,013,"Arkansas","Calhoun County",2,5,39,22,17
050,05,013,"Arkansas","Calhoun County",2,6,52,31,21
050,05,013,"Arkansas","Calhoun County",2,7,60,30,30
050,05,013,"Arkansas","Calhoun County",2,8,54,25,29
050,05,013,"Arkansas","Calhoun County",2,9,57,29,28
050,05,013,"Arkansas","Calhoun County",2,10,51,25,26
050,05,013,"Arkansas","Calhoun County",2,11,49,22,27
050,05,013,"Arkansas","Calhoun County",2,12,56,26,30
050,05,013,"Arkansas","Calhoun County",2,13,66,33,33
050,05,013,"Arkansas","Calhoun County",2,14,56,27,29
050,05,013,"Arkansas","Calhoun County",2,15,49,24,25
050,05,013,"Arkansas","Calhoun County",2,16,54,30,24
050,05,013,"Arkansas","Calhoun County",2,17,49,28,21
050,05,013,"Arkansas","Calhoun County",2,18,49,28,21
050,05,013,"Arkansas","Calhoun County",2,19,57,33,24
050,05,013,"Arkansas","Calhoun County",2,20,46,19,27
050,05,013,"Arkansas","Calhoun County",2,21,52,30,22
050,05,013,"Arkansas","Calhoun County",2,22,49,29,20
050,05,013,"Arkansas","Calhoun County",2,23,49,30,19
050,05,013,"Arkansas","Calhoun County",2,24,52,34,18
050,05,013,"Arkansas","Calhoun County",2,25,61,35,26
050,05,013,"Arkansas","Calhoun County",2,26,61,33,28
050,05,013,"Arkansas","Calhoun County",2,27,52,27,25
050,05,013,"Arkansas","Calhoun County",2,28,58,28,30
050,05,013,"Arkansas","Calhoun County",2,29,63,33,30
050,05,013,"Arkansas","Calhoun County",2,30,51,24,27
050,05,013,"Arkansas","Calhoun County",2,31,48,27,21
050,05,013,"Arkansas","Calhoun County",2,32,49,24,25
050,05,013,"Arkansas","Calhoun County",2,33,53,27,26
050,05,013,"Arkansas","Calhoun County",2,34,53,29,24
050,05,013,"Arkansas","Calhoun County",2,35,55,31,24
050,05,013,"Arkansas","Calhoun County",2,36,55,30,25
050,05,013,"Arkansas","Calhoun County",2,37,55,30,25
050,05,013,"Arkansas","Calhoun County",2,38,54,29,25
050,05,013,"Arkansas","Calhoun County",2,39,55,31,24
050,05,013,"Arkansas","Calhoun County",2,40,48,26,22
050,05,013,"Arkansas","Calhoun County",2,41,47,25,22
050,05,013,"Arkansas","Calhoun County",2,42,44,24,20
050,05,013,"Arkansas","Calhoun County",2,43,51,26,25
050,05,013,"Arkansas","Calhoun County",2,44,60,28,32
050,05,013,"Arkansas","Calhoun County",2,45,59,29,30
050,05,013,"Arkansas","Calhoun County",2,46,55,24,31
050,05,013,"Arkansas","Calhoun County",2,47,55,24,31
050,05,013,"Arkansas","Calhoun County",2,48,54,26,28
050,05,013,"Arkansas","Calhoun County",2,49,59,36,23
050,05,013,"Arkansas","Calhoun County",2,50,76,43,33
050,05,013,"Arkansas","Calhoun County",2,51,77,38,39
050,05,013,"Arkansas","Calhoun County",2,52,69,32,37
050,05,013,"Arkansas","Calhoun County",2,53,63,31,32
050,05,013,"Arkansas","Calhoun County",2,54,60,30,30
050,05,013,"Arkansas","Calhoun County",2,55,69,40,29
050,05,013,"Arkansas","Calhoun County",2,56,78,43,35
050,05,013,"Arkansas","Calhoun County",2,57,82,45,37
050,05,013,"Arkansas","Calhoun County",2,58,81,44,37
050,05,013,"Arkansas","Calhoun County",2,59,74,42,32
050,05,013,"Arkansas","Calhoun County",2,60,79,43,36
050,05,013,"Arkansas","Calhoun County",2,61,73,37,36
050,05,013,"Arkansas","Calhoun County",2,62,76,37,39
050,05,013,"Arkansas","Calhoun County",2,63,80,45,35
050,05,013,"Arkansas","Calhoun County",2,64,70,37,33
050,05,013,"Arkansas","Calhoun County",2,65,66,35,31
050,05,013,"Arkansas","Calhoun County",2,66,68,34,34
050,05,013,"Arkansas","Calhoun County",2,67,67,33,34
050,05,013,"Arkansas","Calhoun County",2,68,61,31,30
050,05,013,"Arkansas","Calhoun County",2,69,67,35,32
050,05,013,"Arkansas","Calhoun County",2,70,64,28,36
050,05,013,"Arkansas","Calhoun County",2,71,60,26,34
050,05,013,"Arkansas","Calhoun County",2,72,64,30,34
050,05,013,"Arkansas","Calhoun County",2,73,61,34,27
050,05,013,"Arkansas","Calhoun County",2,74,38,21,17
050,05,013,"Arkansas","Calhoun County",2,75,34,16,18
050,05,013,"Arkansas","Calhoun County",2,76,36,16,20
050,05,013,"Arkansas","Calhoun County",2,77,38,15,23
050,05,013,"Arkansas","Calhoun County",2,78,29,12,17
050,05,013,"Arkansas","Calhoun County",2,79,26,11,15
050,05,013,"Arkansas","Calhoun County",2,80,31,15,16
050,05,013,"Arkansas","Calhoun County",2,81,30,13,17
050,05,013,"Arkansas","Calhoun County",2,82,30,13,17
050,05,013,"Arkansas","Calhoun County",2,83,27,10,17
050,05,013,"Arkansas","Calhoun County",2,84,24,7,17
050,05,013,"Arkansas","Calhoun County",2,85,117,47,70
050,05,013,"Arkansas","Calhoun County",3,0,41,16,25
050,05,013,"Arkansas","Calhoun County",3,1,41,20,21
050,05,013,"Arkansas","Calhoun County",3,2,34,19,15
050,05,013,"Arkansas","Calhoun County",3,3,41,17,24
050,05,013,"Arkansas","Calhoun County",3,4,42,19,23
050,05,013,"Arkansas","Calhoun County",3,5,45,23,22
050,05,013,"Arkansas","Calhoun County",3,6,39,22,17
050,05,013,"Arkansas","Calhoun County",3,7,53,33,20
050,05,013,"Arkansas","Calhoun County",3,8,55,28,27
050,05,013,"Arkansas","Calhoun County",3,9,53,23,30
050,05,013,"Arkansas","Calhoun County",3,10,54,27,27
050,05,013,"Arkansas","Calhoun County",3,11,45,24,21
050,05,013,"Arkansas","Calhoun County",3,12,50,22,28
050,05,013,"Arkansas","Calhoun County",3,13,57,29,28
050,05,013,"Arkansas","Calhoun County",3,14,60,32,28
050,05,013,"Arkansas","Calhoun County",3,15,51,24,27
050,05,013,"Arkansas","Calhoun County",3,16,47,22,25
050,05,013,"Arkansas","Calhoun County",3,17,56,29,27
050,05,013,"Arkansas","Calhoun County",3,18,49,30,19
050,05,013,"Arkansas","Calhoun County",3,19,57,31,26
050,05,013,"Arkansas","Calhoun County",3,20,50,29,21
050,05,013,"Arkansas","Calhoun County",3,21,43,19,24
050,05,013,"Arkansas","Calhoun County",3,22,53,32,21
050,05,013,"Arkansas","Calhoun County",3,23,54,34,20
050,05,013,"Arkansas","Calhoun County",3,24,54,33,21
050,05,013,"Arkansas","Calhoun County",3,25,53,34,19
050,05,013,"Arkansas","Calhoun County",3,26,58,32,26
050,05,013,"Arkansas","Calhoun County",3,27,60,31,29
050,05,013,"Arkansas","Calhoun County",3,28,56,30,26
050,05,013,"Arkansas","Calhoun County",3,29,59,29,30
050,05,013,"Arkansas","Calhoun County",3,30,65,35,30
050,05,013,"Arkansas","Calhoun County",3,31,57,28,29
050,05,013,"Arkansas","Calhoun County",3,32,43,20,23
050,05,013,"Arkansas","Calhoun County",3,33,50,26,24
050,05,013,"Arkansas","Calhoun County",3,34,54,28,26
050,05,013,"Arkansas","Calhoun County",3,35,55,29,26
050,05,013,"Arkansas","Calhoun County",3,36,58,29,29
050,05,013,"Arkansas","Calhoun County",3,37,55,30,25
050,05,013,"Arkansas","Calhoun County",3,38,58,32,26
050,05,013,"Arkansas","Calhoun County",3,39,60,33,27
050,05,013,"Arkansas","Calhoun County",3,40,52,27,25
050,05,013,"Arkansas","Calhoun County",3,41,50,25,25
050,05,013,"Arkansas","Calhoun County",3,42,48,26,22
050,05,013,"Arkansas","Calhoun County",3,43,48,28,20
050,05,013,"Arkansas","Calhoun County",3,44,51,25,26
050,05,013,"Arkansas","Calhoun County",3,45,57,27,30
050,05,013,"Arkansas","Calhoun County",3,46,60,26,34
050,05,013,"Arkansas","Calhoun County",3,47,57,25,32
050,05,013,"Arkansas","Calhoun County",3,48,57,26,31
050,05,013,"Arkansas","Calhoun County",3,49,55,27,28
050,05,013,"Arkansas","Calhoun County",3,50,56,36,20
050,05,013,"Arkansas","Calhoun County",3,51,74,44,30
050,05,013,"Arkansas","Calhoun County",3,52,78,40,38
050,05,013,"Arkansas","Calhoun County",3,53,66,32,34
050,05,013,"Arkansas","Calhoun County",3,54,61,29,32
050,05,013,"Arkansas","Calhoun County",3,55,60,30,30
050,05,013,"Arkansas","Calhoun County",3,56,67,37,30
050,05,013,"Arkansas","Calhoun County",3,57,81,46,35
050,05,013,"Arkansas","Calhoun County",3,58,79,44,35
050,05,013,"Arkansas","Calhoun County",3,59,79,41,38
050,05,013,"Arkansas","Calhoun County",3,60,74,43,31
050,05,013,"Arkansas","Calhoun County",3,61,81,42,39
050,05,013,"Arkansas","Calhoun County",3,62,70,36,34
050,05,013,"Arkansas","Calhoun County",3,63,72,35,37
050,05,013,"Arkansas","Calhoun County",3,64,77,43,34
050,05,013,"Arkansas","Calhoun County",3,65,63,31,32
050,05,013,"Arkansas","Calhoun County",3,66,64,32,32
050,05,013,"Arkansas","Calhoun County",3,67,67,34,33
050,05,013,"Arkansas","Calhoun County",3,68,68,32,36
050,05,013,"Arkansas","Calhoun County",3,69,59,29,30
050,05,013,"Arkansas","Calhoun County",3,70,66,34,32
050,05,013,"Arkansas","Calhoun County",3,71,61,27,34
050,05,013,"Arkansas","Calhoun County",3,72,57,23,34
050,05,013,"Arkansas","Calhoun County",3,73,64,31,33
050,05,013,"Arkansas","Calhoun County",3,74,60,33,27
050,05,013,"Arkansas","Calhoun County",3,75,36,22,14
050,05,013,"Arkansas","Calhoun County",3,76,33,15,18
050,05,013,"Arkansas","Calhoun County",3,77,33,14,19
050,05,013,"Arkansas","Calhoun County",3,78,36,13,23
050,05,013,"Arkansas","Calhoun County",3,79,30,12,18
050,05,013,"Arkansas","Calhoun County",3,80,26,11,15
050,05,013,"Arkansas","Calhoun County",3,81,26,13,13
050,05,013,"Arkansas","Calhoun County",3,82,29,13,16
050,05,013,"Arkansas","Calhoun County",3,83,28,12,16
050,05,013,"Arkansas","Calhoun County",3,84,25,9,16
050,05,013,"Arkansas","Calhoun County",3,85,122,43,79
050,05,013,"Arkansas","Calhoun County",4,0,52,24,28
050,05,013,"Arkansas","Calhoun County",4,1,43,14,29
050,05,013,"Arkansas","Calhoun County",4,2,39,18,21
050,05,013,"Arkansas","Calhoun County",4,3,31,17,14
050,05,013,"Arkansas","Calhoun County",4,4,39,14,25
050,05,013,"Arkansas","Calhoun County",4,5,35,16,19
050,05,013,"Arkansas","Calhoun County",4,6,45,25,20
050,05,013,"Arkansas","Calhoun County",4,7,40,21,19
050,05,013,"Arkansas","Calhoun County",4,8,51,31,20
050,05,013,"Arkansas","Calhoun County",4,9,59,31,28
050,05,013,"Arkansas","Calhoun County",4,10,56,28,28
050,05,013,"Arkansas","Calhoun County",4,11,53,26,27
050,05,013,"Arkansas","Calhoun County",4,12,47,25,22
050,05,013,"Arkansas","Calhoun County",4,13,52,23,29
050,05,013,"Arkansas","Calhoun County",4,14,54,27,27
050,05,013,"Arkansas","Calhoun County",4,15,65,34,31
050,05,013,"Arkansas","Calhoun County",4,16,49,26,23
050,05,013,"Arkansas","Calhoun County",4,17,44,22,22
050,05,013,"Arkansas","Calhoun County",4,18,51,31,20
050,05,013,"Arkansas","Calhoun County",4,19,54,31,23
050,05,013,"Arkansas","Calhoun County",4,20,55,30,25
050,05,013,"Arkansas","Calhoun County",4,21,44,26,18
050,05,013,"Arkansas","Calhoun County",4,22,44,19,25
050,05,013,"Arkansas","Calhoun County",4,23,58,33,25
050,05,013,"Arkansas","Calhoun County",4,24,52,34,18
050,05,013,"Arkansas","Calhoun County",4,25,51,26,25
050,05,013,"Arkansas","Calhoun County",4,26,45,31,14
050,05,013,"Arkansas","Calhoun County",4,27,48,31,17
050,05,013,"Arkansas","Calhoun County",4,28,63,34,29
050,05,013,"Arkansas","Calhoun County",4,29,52,27,25
050,05,013,"Arkansas","Calhoun County",4,30,54,26,28
050,05,013,"Arkansas","Calhoun County",4,31,75,38,37
050,05,013,"Arkansas","Calhoun County",4,32,54,26,28
050,05,013,"Arkansas","Calhoun County",4,33,44,21,23
050,05,013,"Arkansas","Calhoun County",4,34,49,26,23
050,05,013,"Arkansas","Calhoun County",4,35,64,29,35
050,05,013,"Arkansas","Calhoun County",4,36,52,27,25
050,05,013,"Arkansas","Calhoun County",4,37,61,33,28
050,05,013,"Arkansas","Calhoun County",4,38,53,31,22
050,05,013,"Arkansas","Calhoun County",4,39,58,33,25
050,05,013,"Arkansas","Calhoun County",4,40,53,28,25
050,05,013,"Arkansas","Calhoun County",4,41,53,31,22
050,05,013,"Arkansas","Calhoun County",4,42,57,29,28
050,05,013,"Arkansas","Calhoun County",4,43,51,29,22
050,05,013,"Arkansas","Calhoun County",4,44,49,25,24
050,05,013,"Arkansas","Calhoun County",4,45,48,24,24
050,05,013,"Arkansas","Calhoun County",4,46,55,25,30
050,05,013,"Arkansas","Calhoun County",4,47,63,32,31
050,05,013,"Arkansas","Calhoun County",4,48,59,27,32
050,05,013,"Arkansas","Calhoun County",4,49,58,26,32
050,05,013,"Arkansas","Calhoun County",4,50,55,28,27
050,05,013,"Arkansas","Calhoun County",4,51,57,35,22
050,05,013,"Arkansas","Calhoun County",4,52,75,44,31
050,05,013,"Arkansas","Calhoun County",4,53,78,42,36
050,05,013,"Arkansas","Calhoun County",4,54,65,34,31
050,05,013,"Arkansas","Calhoun County",4,55,62,28,34
050,05,013,"Arkansas","Calhoun County",4,56,58,28,30
050,05,013,"Arkansas","Calhoun County",4,57,66,39,27
050,05,013,"Arkansas","Calhoun County",4,58,76,42,34
050,05,013,"Arkansas","Calhoun County",4,59,76,42,34
050,05,013,"Arkansas","Calhoun County",4,60,78,40,38
050,05,013,"Arkansas","Calhoun County",4,61,74,43,31
050,05,013,"Arkansas","Calhoun County",4,62,79,41,38
050,05,013,"Arkansas","Calhoun County",4,63,70,36,34
050,05,013,"Arkansas","Calhoun County",4,64,68,33,35
050,05,013,"Arkansas","Calhoun County",4,65,73,40,33
050,05,013,"Arkansas","Calhoun County",4,66,57,25,32
050,05,013,"Arkansas","Calhoun County",4,67,67,36,31
050,05,013,"Arkansas","Calhoun County",4,68,67,34,33
050,05,013,"Arkansas","Calhoun County",4,69,68,32,36
050,05,013,"Arkansas","Calhoun County",4,70,57,28,29
050,05,013,"Arkansas","Calhoun County",4,71,62,31,31
050,05,013,"Arkansas","Calhoun County",4,72,56,25,31
050,05,013,"Arkansas","Calhoun County",4,73,52,20,32
050,05,013,"Arkansas","Calhoun County",4,74,60,27,33
050,05,013,"Arkansas","Calhoun County",4,75,55,32,23
050,05,013,"Arkansas","Calhoun County",4,76,35,21,14
050,05,013,"Arkansas","Calhoun County",4,77,32,14,18
050,05,013,"Arkansas","Calhoun County",4,78,31,14,17
050,05,013,"Arkansas","Calhoun County",4,79,37,13,24
050,05,013,"Arkansas","Calhoun County",4,80,30,12,18
050,05,013,"Arkansas","Calhoun County",4,81,23,9,14
050,05,013,"Arkansas","Calhoun County",4,82,23,10,13
050,05,013,"Arkansas","Calhoun County",4,83,26,13,13
050,05,013,"Arkansas","Calhoun County",4,84,27,12,15
050,05,013,"Arkansas","Calhoun County",4,85,131,43,88
050,05,013,"Arkansas","Calhoun County",5,0,51,24,27
050,05,013,"Arkansas","Calhoun County",5,1,52,25,27
050,05,013,"Arkansas","Calhoun County",5,2,43,16,27
050,05,013,"Arkansas","Calhoun County",5,3,35,15,20
050,05,013,"Arkansas","Calhoun County",5,4,31,15,16
050,05,013,"Arkansas","Calhoun County",5,5,40,14,26
050,05,013,"Arkansas","Calhoun County",5,6,33,15,18
050,05,013,"Arkansas","Calhoun County",5,7,47,27,20
050,05,013,"Arkansas","Calhoun County",5,8,37,21,16
050,05,013,"Arkansas","Calhoun County",5,9,50,32,18
050,05,013,"Arkansas","Calhoun County",5,10,56,28,28
050,05,013,"Arkansas","Calhoun County",5,11,52,25,27
050,05,013,"Arkansas","Calhoun County",5,12,49,24,25
050,05,013,"Arkansas","Calhoun County",5,13,51,26,25
050,05,013,"Arkansas","Calhoun County",5,14,57,27,30
050,05,013,"Arkansas","Calhoun County",5,15,50,24,26
050,05,013,"Arkansas","Calhoun County",5,16,69,36,33
050,05,013,"Arkansas","Calhoun County",5,17,46,21,25
050,05,013,"Arkansas","Calhoun County",5,18,48,23,25
050,05,013,"Arkansas","Calhoun County",5,19,61,36,25
050,05,013,"Arkansas","Calhoun County",5,20,41,21,20
050,05,013,"Arkansas","Calhoun County",5,21,57,31,26
050,05,013,"Arkansas","Calhoun County",5,22,46,28,18
050,05,013,"Arkansas","Calhoun County",5,23,48,21,27
050,05,013,"Arkansas","Calhoun County",5,24,60,36,24
050,05,013,"Arkansas","Calhoun County",5,25,46,29,17
050,05,013,"Arkansas","Calhoun County",5,26,50,27,23
050,05,013,"Arkansas","Calhoun County",5,27,43,31,12
050,05,013,"Arkansas","Calhoun County",5,28,47,29,18
050,05,013,"Arkansas","Calhoun County",5,29,67,32,35
050,05,013,"Arkansas","Calhoun County",5,30,49,25,24
050,05,013,"Arkansas","Calhoun County",5,31,55,28,27
050,05,013,"Arkansas","Calhoun County",5,32,70,35,35
050,05,013,"Arkansas","Calhoun County",5,33,51,25,26
050,05,013,"Arkansas","Calhoun County",5,34,39,20,19
050,05,013,"Arkansas","Calhoun County",5,35,56,29,27
050,05,013,"Arkansas","Calhoun County",5,36,59,27,32
050,05,013,"Arkansas","Calhoun County",5,37,49,25,24
050,05,013,"Arkansas","Calhoun County",5,38,61,34,27
050,05,013,"Arkansas","Calhoun County",5,39,56,32,24
050,05,013,"Arkansas","Calhoun County",5,40,52,28,24
050,05,013,"Arkansas","Calhoun County",5,41,51,28,23
050,05,013,"Arkansas","Calhoun County",5,42,56,34,22
050,05,013,"Arkansas","Calhoun County",5,43,54,30,24
050,05,013,"Arkansas","Calhoun County",5,44,53,31,22
050,05,013,"Arkansas","Calhoun County",5,45,48,25,23
050,05,013,"Arkansas","Calhoun County",5,46,57,27,30
050,05,013,"Arkansas","Calhoun County",5,47,56,26,30
050,05,013,"Arkansas","Calhoun County",5,48,64,32,32
050,05,013,"Arkansas","Calhoun County",5,49,61,28,33
050,05,013,"Arkansas","Calhoun County",5,50,56,24,32
050,05,013,"Arkansas","Calhoun County",5,51,56,24,32
050,05,013,"Arkansas","Calhoun County",5,52,56,35,21
050,05,013,"Arkansas","Calhoun County",5,53,74,44,30
050,05,013,"Arkansas","Calhoun County",5,54,76,41,35
050,05,013,"Arkansas","Calhoun County",5,55,64,33,31
050,05,013,"Arkansas","Calhoun County",5,56,61,27,34
050,05,013,"Arkansas","Calhoun County",5,57,60,29,31
050,05,013,"Arkansas","Calhoun County",5,58,61,33,28
050,05,013,"Arkansas","Calhoun County",5,59,74,40,34
050,05,013,"Arkansas","Calhoun County",5,60,78,43,35
050,05,013,"Arkansas","Calhoun County",5,61,79,40,39
050,05,013,"Arkansas","Calhoun County",5,62,70,45,25
050,05,013,"Arkansas","Calhoun County",5,63,79,41,38
050,05,013,"Arkansas","Calhoun County",5,64,68,35,33
050,05,013,"Arkansas","Calhoun County",5,65,69,34,35
050,05,013,"Arkansas","Calhoun County",5,66,71,38,33
050,05,013,"Arkansas","Calhoun County",5,67,55,26,29
050,05,013,"Arkansas","Calhoun County",5,68,64,34,30
050,05,013,"Arkansas","Calhoun County",5,69,65,33,32
050,05,013,"Arkansas","Calhoun County",5,70,66,30,36
050,05,013,"Arkansas","Calhoun County",5,71,54,26,28
050,05,013,"Arkansas","Calhoun County",5,72,59,28,31
050,05,013,"Arkansas","Calhoun County",5,73,53,23,30
050,05,013,"Arkansas","Calhoun County",5,74,51,19,32
050,05,013,"Arkansas","Calhoun County",5,75,56,26,30
050,05,013,"Arkansas","Calhoun County",5,76,49,27,22
050,05,013,"Arkansas","Calhoun County",5,77,34,21,13
050,05,013,"Arkansas","Calhoun County",5,78,30,14,16
050,05,013,"Arkansas","Calhoun County",5,79,31,14,17
050,05,013,"Arkansas","Calhoun County",5,80,34,11,23
050,05,013,"Arkansas","Calhoun County",5,81,25,11,14
050,05,013,"Arkansas","Calhoun County",5,82,22,8,14
050,05,013,"Arkansas","Calhoun County",5,83,20,10,10
050,05,013,"Arkansas","Calhoun County",5,84,24,13,11
050,05,013,"Arkansas","Calhoun County",5,85,137,45,92
050,05,015,"Arkansas","Carroll County",1,0,316,163,153
050,05,015,"Arkansas","Carroll County",1,1,294,162,132
050,05,015,"Arkansas","Carroll County",1,2,307,145,162
050,05,015,"Arkansas","Carroll County",1,3,342,175,167
050,05,015,"Arkansas","Carroll County",1,4,337,174,163
050,05,015,"Arkansas","Carroll County",1,5,342,181,161
050,05,015,"Arkansas","Carroll County",1,6,323,159,164
050,05,015,"Arkansas","Carroll County",1,7,320,165,155
050,05,015,"Arkansas","Carroll County",1,8,332,167,165
050,05,015,"Arkansas","Carroll County",1,9,336,158,178
050,05,015,"Arkansas","Carroll County",1,10,340,178,162
050,05,015,"Arkansas","Carroll County",1,11,374,196,178
050,05,015,"Arkansas","Carroll County",1,12,393,188,205
050,05,015,"Arkansas","Carroll County",1,13,371,184,187
050,05,015,"Arkansas","Carroll County",1,14,381,202,179
050,05,015,"Arkansas","Carroll County",1,15,377,191,186
050,05,015,"Arkansas","Carroll County",1,16,353,175,178
050,05,015,"Arkansas","Carroll County",1,17,358,184,174
050,05,015,"Arkansas","Carroll County",1,18,320,162,158
050,05,015,"Arkansas","Carroll County",1,19,283,149,134
050,05,015,"Arkansas","Carroll County",1,20,298,165,133
050,05,015,"Arkansas","Carroll County",1,21,284,146,138
050,05,015,"Arkansas","Carroll County",1,22,286,139,147
050,05,015,"Arkansas","Carroll County",1,23,289,143,146
050,05,015,"Arkansas","Carroll County",1,24,269,152,117
050,05,015,"Arkansas","Carroll County",1,25,252,143,109
050,05,015,"Arkansas","Carroll County",1,26,305,164,141
050,05,015,"Arkansas","Carroll County",1,27,306,168,138
050,05,015,"Arkansas","Carroll County",1,28,297,150,147
050,05,015,"Arkansas","Carroll County",1,29,305,152,153
050,05,015,"Arkansas","Carroll County",1,30,285,154,131
050,05,015,"Arkansas","Carroll County",1,31,299,148,151
050,05,015,"Arkansas","Carroll County",1,32,295,147,148
050,05,015,"Arkansas","Carroll County",1,33,290,143,147
050,05,015,"Arkansas","Carroll County",1,34,292,149,143
050,05,015,"Arkansas","Carroll County",1,35,299,151,148
050,05,015,"Arkansas","Carroll County",1,36,290,142,148
050,05,015,"Arkansas","Carroll County",1,37,316,154,162
050,05,015,"Arkansas","Carroll County",1,38,322,157,165
050,05,015,"Arkansas","Carroll County",1,39,310,168,142
050,05,015,"Arkansas","Carroll County",1,40,297,149,148
050,05,015,"Arkansas","Carroll County",1,41,292,143,149
050,05,015,"Arkansas","Carroll County",1,42,296,136,160
050,05,015,"Arkansas","Carroll County",1,43,306,140,166
050,05,015,"Arkansas","Carroll County",1,44,309,148,161
050,05,015,"Arkansas","Carroll County",1,45,301,160,141
050,05,015,"Arkansas","Carroll County",1,46,308,151,157
050,05,015,"Arkansas","Carroll County",1,47,317,160,157
050,05,015,"Arkansas","Carroll County",1,48,331,168,163
050,05,015,"Arkansas","Carroll County",1,49,338,168,170
050,05,015,"Arkansas","Carroll County",1,50,337,179,158
050,05,015,"Arkansas","Carroll County",1,51,303,165,138
050,05,015,"Arkansas","Carroll County",1,52,302,163,139
050,05,015,"Arkansas","Carroll County",1,53,349,184,165
050,05,015,"Arkansas","Carroll County",1,54,370,188,182
050,05,015,"Arkansas","Carroll County",1,55,383,190,193
050,05,015,"Arkansas","Carroll County",1,56,391,184,207
050,05,015,"Arkansas","Carroll County",1,57,401,213,188
050,05,015,"Arkansas","Carroll County",1,58,438,227,211
050,05,015,"Arkansas","Carroll County",1,59,433,224,209
050,05,015,"Arkansas","Carroll County",1,60,413,210,203
050,05,015,"Arkansas","Carroll County",1,61,417,200,217
050,05,015,"Arkansas","Carroll County",1,62,424,197,227
050,05,015,"Arkansas","Carroll County",1,63,426,212,214
050,05,015,"Arkansas","Carroll County",1,64,423,194,229
050,05,015,"Arkansas","Carroll County",1,65,436,208,228
050,05,015,"Arkansas","Carroll County",1,66,440,218,222
050,05,015,"Arkansas","Carroll County",1,67,451,224,227
050,05,015,"Arkansas","Carroll County",1,68,461,223,238
050,05,015,"Arkansas","Carroll County",1,69,411,204,207
050,05,015,"Arkansas","Carroll County",1,70,418,214,204
050,05,015,"Arkansas","Carroll County",1,71,405,195,210
050,05,015,"Arkansas","Carroll County",1,72,403,203,200
050,05,015,"Arkansas","Carroll County",1,73,399,193,206
050,05,015,"Arkansas","Carroll County",1,74,265,129,136
050,05,015,"Arkansas","Carroll County",1,75,285,135,150
050,05,015,"Arkansas","Carroll County",1,76,286,144,142
050,05,015,"Arkansas","Carroll County",1,77,253,124,129
050,05,015,"Arkansas","Carroll County",1,78,215,108,107
050,05,015,"Arkansas","Carroll County",1,79,202,96,106
050,05,015,"Arkansas","Carroll County",1,80,175,88,87
050,05,015,"Arkansas","Carroll County",1,81,152,77,75
050,05,015,"Arkansas","Carroll County",1,82,138,62,76
050,05,015,"Arkansas","Carroll County",1,83,132,53,79
050,05,015,"Arkansas","Carroll County",1,84,113,47,66
050,05,015,"Arkansas","Carroll County",1,85,624,242,382
050,05,015,"Arkansas","Carroll County",2,0,318,170,148
050,05,015,"Arkansas","Carroll County",2,1,302,163,139
050,05,015,"Arkansas","Carroll County",2,2,304,148,156
050,05,015,"Arkansas","Carroll County",2,3,332,166,166
050,05,015,"Arkansas","Carroll County",2,4,340,175,165
050,05,015,"Arkansas","Carroll County",2,5,339,178,161
050,05,015,"Arkansas","Carroll County",2,6,328,164,164
050,05,015,"Arkansas","Carroll County",2,7,317,163,154
050,05,015,"Arkansas","Carroll County",2,8,326,164,162
050,05,015,"Arkansas","Carroll County",2,9,333,159,174
050,05,015,"Arkansas","Carroll County",2,10,343,175,168
050,05,015,"Arkansas","Carroll County",2,11,365,190,175
050,05,015,"Arkansas","Carroll County",2,12,387,189,198
050,05,015,"Arkansas","Carroll County",2,13,375,186,189
050,05,015,"Arkansas","Carroll County",2,14,379,197,182
050,05,015,"Arkansas","Carroll County",2,15,377,194,183
050,05,015,"Arkansas","Carroll County",2,16,359,181,178
050,05,015,"Arkansas","Carroll County",2,17,358,181,177
050,05,015,"Arkansas","Carroll County",2,18,312,159,153
050,05,015,"Arkansas","Carroll County",2,19,279,146,133
050,05,015,"Arkansas","Carroll County",2,20,298,163,135
050,05,015,"Arkansas","Carroll County",2,21,289,151,138
050,05,015,"Arkansas","Carroll County",2,22,286,140,146
050,05,015,"Arkansas","Carroll County",2,23,292,145,147
050,05,015,"Arkansas","Carroll County",2,24,269,149,120
050,05,015,"Arkansas","Carroll County",2,25,257,145,112
050,05,015,"Arkansas","Carroll County",2,26,293,159,134
050,05,015,"Arkansas","Carroll County",2,27,303,166,137
050,05,015,"Arkansas","Carroll County",2,28,299,154,145
050,05,015,"Arkansas","Carroll County",2,29,306,152,154
050,05,015,"Arkansas","Carroll County",2,30,292,154,138
050,05,015,"Arkansas","Carroll County",2,31,293,148,145
050,05,015,"Arkansas","Carroll County",2,32,298,149,149
050,05,015,"Arkansas","Carroll County",2,33,292,144,148
050,05,015,"Arkansas","Carroll County",2,34,291,147,144
050,05,015,"Arkansas","Carroll County",2,35,297,151,146
050,05,015,"Arkansas","Carroll County",2,36,291,144,147
050,05,015,"Arkansas","Carroll County",2,37,310,152,158
050,05,015,"Arkansas","Carroll County",2,38,322,157,165
050,05,015,"Arkansas","Carroll County",2,39,313,165,148
050,05,015,"Arkansas","Carroll County",2,40,305,156,149
050,05,015,"Arkansas","Carroll County",2,41,295,143,152
050,05,015,"Arkansas","Carroll County",2,42,292,135,157
050,05,015,"Arkansas","Carroll County",2,43,305,142,163
050,05,015,"Arkansas","Carroll County",2,44,302,145,157
050,05,015,"Arkansas","Carroll County",2,45,305,158,147
050,05,015,"Arkansas","Carroll County",2,46,307,154,153
050,05,015,"Arkansas","Carroll County",2,47,315,158,157
050,05,015,"Arkansas","Carroll County",2,48,327,166,161
050,05,015,"Arkansas","Carroll County",2,49,336,167,169
050,05,015,"Arkansas","Carroll County",2,50,338,176,162
050,05,015,"Arkansas","Carroll County",2,51,310,168,142
050,05,015,"Arkansas","Carroll County",2,52,304,165,139
050,05,015,"Arkansas","Carroll County",2,53,336,178,158
050,05,015,"Arkansas","Carroll County",2,54,362,186,176
050,05,015,"Arkansas","Carroll County",2,55,379,189,190
050,05,015,"Arkansas","Carroll County",2,56,388,185,203
050,05,015,"Arkansas","Carroll County",2,57,402,208,194
050,05,015,"Arkansas","Carroll County",2,58,430,224,206
050,05,015,"Arkansas","Carroll County",2,59,439,229,210
050,05,015,"Arkansas","Carroll County",2,60,419,212,207
050,05,015,"Arkansas","Carroll County",2,61,412,201,211
050,05,015,"Arkansas","Carroll County",2,62,420,197,223
050,05,015,"Arkansas","Carroll County",2,63,427,209,218
050,05,015,"Arkansas","Carroll County",2,64,419,195,224
050,05,015,"Arkansas","Carroll County",2,65,438,206,232
050,05,015,"Arkansas","Carroll County",2,66,439,214,225
050,05,015,"Arkansas","Carroll County",2,67,446,223,223
050,05,015,"Arkansas","Carroll County",2,68,453,223,230
050,05,015,"Arkansas","Carroll County",2,69,423,209,214
050,05,015,"Arkansas","Carroll County",2,70,406,205,201
050,05,015,"Arkansas","Carroll County",2,71,408,200,208
050,05,015,"Arkansas","Carroll County",2,72,394,196,198
050,05,015,"Arkansas","Carroll County",2,73,416,202,214
050,05,015,"Arkansas","Carroll County",2,74,277,134,143
050,05,015,"Arkansas","Carroll County",2,75,281,133,148
050,05,015,"Arkansas","Carroll County",2,76,282,140,142
050,05,015,"Arkansas","Carroll County",2,77,265,132,133
050,05,015,"Arkansas","Carroll County",2,78,217,109,108
050,05,015,"Arkansas","Carroll County",2,79,202,98,104
050,05,015,"Arkansas","Carroll County",2,80,178,89,89
050,05,015,"Arkansas","Carroll County",2,81,152,77,75
050,05,015,"Arkansas","Carroll County",2,82,142,65,77
050,05,015,"Arkansas","Carroll County",2,83,132,55,77
050,05,015,"Arkansas","Carroll County",2,84,116,47,69
050,05,015,"Arkansas","Carroll County",2,85,635,247,388
050,05,015,"Arkansas","Carroll County",3,0,346,194,152
050,05,015,"Arkansas","Carroll County",3,1,292,156,136
050,05,015,"Arkansas","Carroll County",3,2,313,170,143
050,05,015,"Arkansas","Carroll County",3,3,304,146,158
050,05,015,"Arkansas","Carroll County",3,4,344,176,168
050,05,015,"Arkansas","Carroll County",3,5,343,178,165
050,05,015,"Arkansas","Carroll County",3,6,339,173,166
050,05,015,"Arkansas","Carroll County",3,7,332,168,164
050,05,015,"Arkansas","Carroll County",3,8,332,170,162
050,05,015,"Arkansas","Carroll County",3,9,338,175,163
050,05,015,"Arkansas","Carroll County",3,10,348,168,180
050,05,015,"Arkansas","Carroll County",3,11,345,177,168
050,05,015,"Arkansas","Carroll County",3,12,366,189,177
050,05,015,"Arkansas","Carroll County",3,13,387,193,194
050,05,015,"Arkansas","Carroll County",3,14,389,192,197
050,05,015,"Arkansas","Carroll County",3,15,386,205,181
050,05,015,"Arkansas","Carroll County",3,16,381,202,179
050,05,015,"Arkansas","Carroll County",3,17,366,186,180
050,05,015,"Arkansas","Carroll County",3,18,316,172,144
050,05,015,"Arkansas","Carroll County",3,19,266,141,125
050,05,015,"Arkansas","Carroll County",3,20,293,153,140
050,05,015,"Arkansas","Carroll County",3,21,308,162,146
050,05,015,"Arkansas","Carroll County",3,22,296,149,147
050,05,015,"Arkansas","Carroll County",3,23,289,151,138
050,05,015,"Arkansas","Carroll County",3,24,299,158,141
050,05,015,"Arkansas","Carroll County",3,25,273,144,129
050,05,015,"Arkansas","Carroll County",3,26,269,137,132
050,05,015,"Arkansas","Carroll County",3,27,310,168,142
050,05,015,"Arkansas","Carroll County",3,28,319,180,139
050,05,015,"Arkansas","Carroll County",3,29,302,155,147
050,05,015,"Arkansas","Carroll County",3,30,315,158,157
050,05,015,"Arkansas","Carroll County",3,31,279,147,132
050,05,015,"Arkansas","Carroll County",3,32,308,158,150
050,05,015,"Arkansas","Carroll County",3,33,302,149,153
050,05,015,"Arkansas","Carroll County",3,34,291,133,158
050,05,015,"Arkansas","Carroll County",3,35,306,157,149
050,05,015,"Arkansas","Carroll County",3,36,316,170,146
050,05,015,"Arkansas","Carroll County",3,37,286,135,151
050,05,015,"Arkansas","Carroll County",3,38,311,158,153
050,05,015,"Arkansas","Carroll County",3,39,322,161,161
050,05,015,"Arkansas","Carroll County",3,40,316,163,153
050,05,015,"Arkansas","Carroll County",3,41,318,167,151
050,05,015,"Arkansas","Carroll County",3,42,304,145,159
050,05,015,"Arkansas","Carroll County",3,43,315,148,167
050,05,015,"Arkansas","Carroll County",3,44,308,145,163
050,05,015,"Arkansas","Carroll County",3,45,316,158,158
050,05,015,"Arkansas","Carroll County",3,46,294,152,142
050,05,015,"Arkansas","Carroll County",3,47,306,151,155
050,05,015,"Arkansas","Carroll County",3,48,302,145,157
050,05,015,"Arkansas","Carroll County",3,49,326,166,160
050,05,015,"Arkansas","Carroll County",3,50,347,167,180
050,05,015,"Arkansas","Carroll County",3,51,336,173,163
050,05,015,"Arkansas","Carroll County",3,52,320,171,149
050,05,015,"Arkansas","Carroll County",3,53,315,175,140
050,05,015,"Arkansas","Carroll County",3,54,342,177,165
050,05,015,"Arkansas","Carroll County",3,55,369,184,185
050,05,015,"Arkansas","Carroll County",3,56,383,195,188
050,05,015,"Arkansas","Carroll County",3,57,394,195,199
050,05,015,"Arkansas","Carroll County",3,58,402,196,206
050,05,015,"Arkansas","Carroll County",3,59,421,227,194
050,05,015,"Arkansas","Carroll County",3,60,452,231,221
050,05,015,"Arkansas","Carroll County",3,61,426,213,213
050,05,015,"Arkansas","Carroll County",3,62,429,214,215
050,05,015,"Arkansas","Carroll County",3,63,418,201,217
050,05,015,"Arkansas","Carroll County",3,64,429,209,220
050,05,015,"Arkansas","Carroll County",3,65,423,195,228
050,05,015,"Arkansas","Carroll County",3,66,444,207,237
050,05,015,"Arkansas","Carroll County",3,67,436,217,219
050,05,015,"Arkansas","Carroll County",3,68,430,218,212
050,05,015,"Arkansas","Carroll County",3,69,426,208,218
050,05,015,"Arkansas","Carroll County",3,70,409,201,208
050,05,015,"Arkansas","Carroll County",3,71,391,200,191
050,05,015,"Arkansas","Carroll County",3,72,401,194,207
050,05,015,"Arkansas","Carroll County",3,73,380,184,196
050,05,015,"Arkansas","Carroll County",3,74,410,196,214
050,05,015,"Arkansas","Carroll County",3,75,275,132,143
050,05,015,"Arkansas","Carroll County",3,76,279,133,146
050,05,015,"Arkansas","Carroll County",3,77,253,119,134
050,05,015,"Arkansas","Carroll County",3,78,250,124,126
050,05,015,"Arkansas","Carroll County",3,79,209,99,110
050,05,015,"Arkansas","Carroll County",3,80,193,95,98
050,05,015,"Arkansas","Carroll County",3,81,166,85,81
050,05,015,"Arkansas","Carroll County",3,82,145,70,75
050,05,015,"Arkansas","Carroll County",3,83,140,66,74
050,05,015,"Arkansas","Carroll County",3,84,115,44,71
050,05,015,"Arkansas","Carroll County",3,85,649,245,404
050,05,015,"Arkansas","Carroll County",4,0,325,186,139
050,05,015,"Arkansas","Carroll County",4,1,330,174,156
050,05,015,"Arkansas","Carroll County",4,2,292,152,140
050,05,015,"Arkansas","Carroll County",4,3,311,168,143
050,05,015,"Arkansas","Carroll County",4,4,303,150,153
050,05,015,"Arkansas","Carroll County",4,5,350,182,168
050,05,015,"Arkansas","Carroll County",4,6,343,181,162
050,05,015,"Arkansas","Carroll County",4,7,342,167,175
050,05,015,"Arkansas","Carroll County",4,8,348,179,169
050,05,015,"Arkansas","Carroll County",4,9,330,164,166
050,05,015,"Arkansas","Carroll County",4,10,341,175,166
050,05,015,"Arkansas","Carroll County",4,11,346,164,182
050,05,015,"Arkansas","Carroll County",4,12,343,179,164
050,05,015,"Arkansas","Carroll County",4,13,375,193,182
050,05,015,"Arkansas","Carroll County",4,14,378,190,188
050,05,015,"Arkansas","Carroll County",4,15,381,187,194
050,05,015,"Arkansas","Carroll County",4,16,401,204,197
050,05,015,"Arkansas","Carroll County",4,17,411,219,192
050,05,015,"Arkansas","Carroll County",4,18,327,175,152
050,05,015,"Arkansas","Carroll County",4,19,262,148,114
050,05,015,"Arkansas","Carroll County",4,20,275,144,131
050,05,015,"Arkansas","Carroll County",4,21,298,163,135
050,05,015,"Arkansas","Carroll County",4,22,319,166,153
050,05,015,"Arkansas","Carroll County",4,23,304,154,150
050,05,015,"Arkansas","Carroll County",4,24,287,153,134
050,05,015,"Arkansas","Carroll County",4,25,297,157,140
050,05,015,"Arkansas","Carroll County",4,26,262,144,118
050,05,015,"Arkansas","Carroll County",4,27,262,142,120
050,05,015,"Arkansas","Carroll County",4,28,301,156,145
050,05,015,"Arkansas","Carroll County",4,29,327,181,146
050,05,015,"Arkansas","Carroll County",4,30,321,168,153
050,05,015,"Arkansas","Carroll County",4,31,296,142,154
050,05,015,"Arkansas","Carroll County",4,32,279,148,131
050,05,015,"Arkansas","Carroll County",4,33,315,158,157
050,05,015,"Arkansas","Carroll County",4,34,302,150,152
050,05,015,"Arkansas","Carroll County",4,35,303,150,153
050,05,015,"Arkansas","Carroll County",4,36,314,164,150
050,05,015,"Arkansas","Carroll County",4,37,310,166,144
050,05,015,"Arkansas","Carroll County",4,38,304,145,159
050,05,015,"Arkansas","Carroll County",4,39,313,155,158
050,05,015,"Arkansas","Carroll County",4,40,341,174,167
050,05,015,"Arkansas","Carroll County",4,41,326,169,157
050,05,015,"Arkansas","Carroll County",4,42,334,178,156
050,05,015,"Arkansas","Carroll County",4,43,327,166,161
050,05,015,"Arkansas","Carroll County",4,44,310,148,162
050,05,015,"Arkansas","Carroll County",4,45,310,148,162
050,05,015,"Arkansas","Carroll County",4,46,325,159,166
050,05,015,"Arkansas","Carroll County",4,47,298,152,146
050,05,015,"Arkansas","Carroll County",4,48,308,158,150
050,05,015,"Arkansas","Carroll County",4,49,312,155,157
050,05,015,"Arkansas","Carroll County",4,50,348,176,172
050,05,015,"Arkansas","Carroll County",4,51,363,174,189
050,05,015,"Arkansas","Carroll County",4,52,349,185,164
050,05,015,"Arkansas","Carroll County",4,53,321,173,148
050,05,015,"Arkansas","Carroll County",4,54,344,186,158
050,05,015,"Arkansas","Carroll County",4,55,363,187,176
050,05,015,"Arkansas","Carroll County",4,56,368,173,195
050,05,015,"Arkansas","Carroll County",4,57,388,193,195
050,05,015,"Arkansas","Carroll County",4,58,395,192,203
050,05,015,"Arkansas","Carroll County",4,59,418,206,212
050,05,015,"Arkansas","Carroll County",4,60,433,228,205
050,05,015,"Arkansas","Carroll County",4,61,456,234,222
050,05,015,"Arkansas","Carroll County",4,62,419,212,207
050,05,015,"Arkansas","Carroll County",4,63,417,208,209
050,05,015,"Arkansas","Carroll County",4,64,435,209,226
050,05,015,"Arkansas","Carroll County",4,65,447,209,238
050,05,015,"Arkansas","Carroll County",4,66,412,184,228
050,05,015,"Arkansas","Carroll County",4,67,446,212,234
050,05,015,"Arkansas","Carroll County",4,68,447,220,227
050,05,015,"Arkansas","Carroll County",4,69,403,200,203
050,05,015,"Arkansas","Carroll County",4,70,412,202,210
050,05,015,"Arkansas","Carroll County",4,71,387,191,196
050,05,015,"Arkansas","Carroll County",4,72,389,199,190
050,05,015,"Arkansas","Carroll County",4,73,391,189,202
050,05,015,"Arkansas","Carroll County",4,74,358,178,180
050,05,015,"Arkansas","Carroll County",4,75,386,184,202
050,05,015,"Arkansas","Carroll County",4,76,256,127,129
050,05,015,"Arkansas","Carroll County",4,77,261,118,143
050,05,015,"Arkansas","Carroll County",4,78,231,107,124
050,05,015,"Arkansas","Carroll County",4,79,242,119,123
050,05,015,"Arkansas","Carroll County",4,80,192,89,103
050,05,015,"Arkansas","Carroll County",4,81,168,83,85
050,05,015,"Arkansas","Carroll County",4,82,152,81,71
050,05,015,"Arkansas","Carroll County",4,83,134,69,65
050,05,015,"Arkansas","Carroll County",4,84,123,51,72
050,05,015,"Arkansas","Carroll County",4,85,644,225,419
050,05,015,"Arkansas","Carroll County",5,0,322,183,139
050,05,015,"Arkansas","Carroll County",5,1,318,185,133
050,05,015,"Arkansas","Carroll County",5,2,318,165,153
050,05,015,"Arkansas","Carroll County",5,3,290,149,141
050,05,015,"Arkansas","Carroll County",5,4,319,172,147
050,05,015,"Arkansas","Carroll County",5,5,300,153,147
050,05,015,"Arkansas","Carroll County",5,6,350,185,165
050,05,015,"Arkansas","Carroll County",5,7,346,177,169
050,05,015,"Arkansas","Carroll County",5,8,345,177,168
050,05,015,"Arkansas","Carroll County",5,9,351,175,176
050,05,015,"Arkansas","Carroll County",5,10,331,160,171
050,05,015,"Arkansas","Carroll County",5,11,357,179,178
050,05,015,"Arkansas","Carroll County",5,12,352,168,184
050,05,015,"Arkansas","Carroll County",5,13,343,181,162
050,05,015,"Arkansas","Carroll County",5,14,366,184,182
050,05,015,"Arkansas","Carroll County",5,15,383,183,200
050,05,015,"Arkansas","Carroll County",5,16,387,184,203
050,05,015,"Arkansas","Carroll County",5,17,396,205,191
050,05,015,"Arkansas","Carroll County",5,18,350,193,157
050,05,015,"Arkansas","Carroll County",5,19,271,149,122
050,05,015,"Arkansas","Carroll County",5,20,273,162,111
050,05,015,"Arkansas","Carroll County",5,21,260,138,122
050,05,015,"Arkansas","Carroll County",5,22,288,157,131
050,05,015,"Arkansas","Carroll County",5,23,325,172,153
050,05,015,"Arkansas","Carroll County",5,24,303,157,146
050,05,015,"Arkansas","Carroll County",5,25,304,169,135
050,05,015,"Arkansas","Carroll County",5,26,289,152,137
050,05,015,"Arkansas","Carroll County",5,27,274,149,125
050,05,015,"Arkansas","Carroll County",5,28,256,129,127
050,05,015,"Arkansas","Carroll County",5,29,310,158,152
050,05,015,"Arkansas","Carroll County",5,30,343,196,147
050,05,015,"Arkansas","Carroll County",5,31,338,170,168
050,05,015,"Arkansas","Carroll County",5,32,298,149,149
050,05,015,"Arkansas","Carroll County",5,33,286,150,136
050,05,015,"Arkansas","Carroll County",5,34,304,147,157
050,05,015,"Arkansas","Carroll County",5,35,309,156,153
050,05,015,"Arkansas","Carroll County",5,36,303,149,154
050,05,015,"Arkansas","Carroll County",5,37,321,169,152
050,05,015,"Arkansas","Carroll County",5,38,309,164,145
050,05,015,"Arkansas","Carroll County",5,39,297,149,148
050,05,015,"Arkansas","Carroll County",5,40,309,152,157
050,05,015,"Arkansas","Carroll County",5,41,338,173,165
050,05,015,"Arkansas","Carroll County",5,42,343,184,159
050,05,015,"Arkansas","Carroll County",5,43,360,202,158
050,05,015,"Arkansas","Carroll County",5,44,326,173,153
050,05,015,"Arkansas","Carroll County",5,45,318,153,165
050,05,015,"Arkansas","Carroll County",5,46,304,133,171
050,05,015,"Arkansas","Carroll County",5,47,336,165,171
050,05,015,"Arkansas","Carroll County",5,48,309,155,154
050,05,015,"Arkansas","Carroll County",5,49,327,165,162
050,05,015,"Arkansas","Carroll County",5,50,325,165,160
050,05,015,"Arkansas","Carroll County",5,51,355,178,177
050,05,015,"Arkansas","Carroll County",5,52,370,173,197
050,05,015,"Arkansas","Carroll County",5,53,352,184,168
050,05,015,"Arkansas","Carroll County",5,54,330,172,158
050,05,015,"Arkansas","Carroll County",5,55,348,181,167
050,05,015,"Arkansas","Carroll County",5,56,355,183,172
050,05,015,"Arkansas","Carroll County",5,57,377,183,194
050,05,015,"Arkansas","Carroll County",5,58,373,189,184
050,05,015,"Arkansas","Carroll County",5,59,404,194,210
050,05,015,"Arkansas","Carroll County",5,60,435,214,221
050,05,015,"Arkansas","Carroll County",5,61,440,229,211
050,05,015,"Arkansas","Carroll County",5,62,445,227,218
050,05,015,"Arkansas","Carroll County",5,63,422,216,206
050,05,015,"Arkansas","Carroll County",5,64,420,209,211
050,05,015,"Arkansas","Carroll County",5,65,431,198,233
050,05,015,"Arkansas","Carroll County",5,66,435,205,230
050,05,015,"Arkansas","Carroll County",5,67,411,189,222
050,05,015,"Arkansas","Carroll County",5,68,449,212,237
050,05,015,"Arkansas","Carroll County",5,69,434,214,220
050,05,015,"Arkansas","Carroll County",5,70,404,202,202
050,05,015,"Arkansas","Carroll County",5,71,400,199,201
050,05,015,"Arkansas","Carroll County",5,72,379,191,188
050,05,015,"Arkansas","Carroll County",5,73,379,193,186
050,05,015,"Arkansas","Carroll County",5,74,383,182,201
050,05,015,"Arkansas","Carroll County",5,75,348,174,174
050,05,015,"Arkansas","Carroll County",5,76,371,181,190
050,05,015,"Arkansas","Carroll County",5,77,234,112,122
050,05,015,"Arkansas","Carroll County",5,78,239,109,130
050,05,015,"Arkansas","Carroll County",5,79,223,102,121
050,05,015,"Arkansas","Carroll County",5,80,229,110,119
050,05,015,"Arkansas","Carroll County",5,81,174,80,94
050,05,015,"Arkansas","Carroll County",5,82,158,78,80
050,05,015,"Arkansas","Carroll County",5,83,143,77,66
050,05,015,"Arkansas","Carroll County",5,84,115,58,57
050,05,015,"Arkansas","Carroll County",5,85,669,233,436
050,05,017,"Arkansas","Chicot County",1,0,118,61,57
050,05,017,"Arkansas","Chicot County",1,1,117,58,59
050,05,017,"Arkansas","Chicot County",1,2,110,55,55
050,05,017,"Arkansas","Chicot County",1,3,104,56,48
050,05,017,"Arkansas","Chicot County",1,4,126,73,53
050,05,017,"Arkansas","Chicot County",1,5,110,56,54
050,05,017,"Arkansas","Chicot County",1,6,103,56,47
050,05,017,"Arkansas","Chicot County",1,7,105,52,53
050,05,017,"Arkansas","Chicot County",1,8,129,69,60
050,05,017,"Arkansas","Chicot County",1,9,135,72,63
050,05,017,"Arkansas","Chicot County",1,10,137,67,70
050,05,017,"Arkansas","Chicot County",1,11,136,69,67
050,05,017,"Arkansas","Chicot County",1,12,163,82,81
050,05,017,"Arkansas","Chicot County",1,13,148,79,69
050,05,017,"Arkansas","Chicot County",1,14,138,72,66
050,05,017,"Arkansas","Chicot County",1,15,146,83,63
050,05,017,"Arkansas","Chicot County",1,16,126,67,59
050,05,017,"Arkansas","Chicot County",1,17,120,60,60
050,05,017,"Arkansas","Chicot County",1,18,124,67,57
050,05,017,"Arkansas","Chicot County",1,19,92,48,44
050,05,017,"Arkansas","Chicot County",1,20,119,68,51
050,05,017,"Arkansas","Chicot County",1,21,138,84,54
050,05,017,"Arkansas","Chicot County",1,22,124,74,50
050,05,017,"Arkansas","Chicot County",1,23,118,71,47
050,05,017,"Arkansas","Chicot County",1,24,121,73,48
050,05,017,"Arkansas","Chicot County",1,25,107,68,39
050,05,017,"Arkansas","Chicot County",1,26,101,66,35
050,05,017,"Arkansas","Chicot County",1,27,114,67,47
050,05,017,"Arkansas","Chicot County",1,28,132,85,47
050,05,017,"Arkansas","Chicot County",1,29,103,55,48
050,05,017,"Arkansas","Chicot County",1,30,107,67,40
050,05,017,"Arkansas","Chicot County",1,31,95,59,36
050,05,017,"Arkansas","Chicot County",1,32,104,67,37
050,05,017,"Arkansas","Chicot County",1,33,110,67,43
050,05,017,"Arkansas","Chicot County",1,34,91,38,53
050,05,017,"Arkansas","Chicot County",1,35,99,46,53
050,05,017,"Arkansas","Chicot County",1,36,117,68,49
050,05,017,"Arkansas","Chicot County",1,37,118,71,47
050,05,017,"Arkansas","Chicot County",1,38,121,63,58
050,05,017,"Arkansas","Chicot County",1,39,121,66,55
050,05,017,"Arkansas","Chicot County",1,40,94,47,47
050,05,017,"Arkansas","Chicot County",1,41,117,63,54
050,05,017,"Arkansas","Chicot County",1,42,96,46,50
050,05,017,"Arkansas","Chicot County",1,43,91,50,41
050,05,017,"Arkansas","Chicot County",1,44,98,51,47
050,05,017,"Arkansas","Chicot County",1,45,114,59,55
050,05,017,"Arkansas","Chicot County",1,46,126,77,49
050,05,017,"Arkansas","Chicot County",1,47,131,74,57
050,05,017,"Arkansas","Chicot County",1,48,131,53,78
050,05,017,"Arkansas","Chicot County",1,49,135,69,66
050,05,017,"Arkansas","Chicot County",1,50,131,63,68
050,05,017,"Arkansas","Chicot County",1,51,121,65,56
050,05,017,"Arkansas","Chicot County",1,52,108,59,49
050,05,017,"Arkansas","Chicot County",1,53,120,57,63
050,05,017,"Arkansas","Chicot County",1,54,136,63,73
050,05,017,"Arkansas","Chicot County",1,55,137,63,74
050,05,017,"Arkansas","Chicot County",1,56,137,73,64
050,05,017,"Arkansas","Chicot County",1,57,157,76,81
050,05,017,"Arkansas","Chicot County",1,58,161,81,80
050,05,017,"Arkansas","Chicot County",1,59,159,69,90
050,05,017,"Arkansas","Chicot County",1,60,166,75,91
050,05,017,"Arkansas","Chicot County",1,61,162,84,78
050,05,017,"Arkansas","Chicot County",1,62,181,86,95
050,05,017,"Arkansas","Chicot County",1,63,154,70,84
050,05,017,"Arkansas","Chicot County",1,64,155,81,74
050,05,017,"Arkansas","Chicot County",1,65,150,81,69
050,05,017,"Arkansas","Chicot County",1,66,151,75,76
050,05,017,"Arkansas","Chicot County",1,67,160,78,82
050,05,017,"Arkansas","Chicot County",1,68,139,70,69
050,05,017,"Arkansas","Chicot County",1,69,123,52,71
050,05,017,"Arkansas","Chicot County",1,70,109,46,63
050,05,017,"Arkansas","Chicot County",1,71,104,38,66
050,05,017,"Arkansas","Chicot County",1,72,107,38,69
050,05,017,"Arkansas","Chicot County",1,73,100,49,51
050,05,017,"Arkansas","Chicot County",1,74,78,31,47
050,05,017,"Arkansas","Chicot County",1,75,82,38,44
050,05,017,"Arkansas","Chicot County",1,76,80,33,47
050,05,017,"Arkansas","Chicot County",1,77,80,34,46
050,05,017,"Arkansas","Chicot County",1,78,84,42,42
050,05,017,"Arkansas","Chicot County",1,79,77,40,37
050,05,017,"Arkansas","Chicot County",1,80,57,27,30
050,05,017,"Arkansas","Chicot County",1,81,57,24,33
050,05,017,"Arkansas","Chicot County",1,82,54,18,36
050,05,017,"Arkansas","Chicot County",1,83,45,10,35
050,05,017,"Arkansas","Chicot County",1,84,37,10,27
050,05,017,"Arkansas","Chicot County",1,85,272,91,181
050,05,017,"Arkansas","Chicot County",2,0,115,59,56
050,05,017,"Arkansas","Chicot County",2,1,116,58,58
050,05,017,"Arkansas","Chicot County",2,2,109,54,55
050,05,017,"Arkansas","Chicot County",2,3,104,56,48
050,05,017,"Arkansas","Chicot County",2,4,122,70,52
050,05,017,"Arkansas","Chicot County",2,5,111,58,53
050,05,017,"Arkansas","Chicot County",2,6,103,55,48
050,05,017,"Arkansas","Chicot County",2,7,103,52,51
050,05,017,"Arkansas","Chicot County",2,8,123,65,58
050,05,017,"Arkansas","Chicot County",2,9,134,71,63
050,05,017,"Arkansas","Chicot County",2,10,137,68,69
050,05,017,"Arkansas","Chicot County",2,11,137,69,68
050,05,017,"Arkansas","Chicot County",2,12,159,81,78
050,05,017,"Arkansas","Chicot County",2,13,149,79,70
050,05,017,"Arkansas","Chicot County",2,14,141,74,67
050,05,017,"Arkansas","Chicot County",2,15,143,79,64
050,05,017,"Arkansas","Chicot County",2,16,128,70,58
050,05,017,"Arkansas","Chicot County",2,17,123,63,60
050,05,017,"Arkansas","Chicot County",2,18,118,63,55
050,05,017,"Arkansas","Chicot County",2,19,94,49,45
050,05,017,"Arkansas","Chicot County",2,20,117,66,51
050,05,017,"Arkansas","Chicot County",2,21,135,83,52
050,05,017,"Arkansas","Chicot County",2,22,126,75,51
050,05,017,"Arkansas","Chicot County",2,23,122,73,49
050,05,017,"Arkansas","Chicot County",2,24,117,72,45
050,05,017,"Arkansas","Chicot County",2,25,106,67,39
050,05,017,"Arkansas","Chicot County",2,26,102,67,35
050,05,017,"Arkansas","Chicot County",2,27,111,68,43
050,05,017,"Arkansas","Chicot County",2,28,131,83,48
050,05,017,"Arkansas","Chicot County",2,29,105,57,48
050,05,017,"Arkansas","Chicot County",2,30,107,65,42
050,05,017,"Arkansas","Chicot County",2,31,96,59,37
050,05,017,"Arkansas","Chicot County",2,32,101,65,36
050,05,017,"Arkansas","Chicot County",2,33,108,67,41
050,05,017,"Arkansas","Chicot County",2,34,91,40,51
050,05,017,"Arkansas","Chicot County",2,35,97,45,52
050,05,017,"Arkansas","Chicot County",2,36,115,65,50
050,05,017,"Arkansas","Chicot County",2,37,115,69,46
050,05,017,"Arkansas","Chicot County",2,38,117,63,54
050,05,017,"Arkansas","Chicot County",2,39,118,63,55
050,05,017,"Arkansas","Chicot County",2,40,97,48,49
050,05,017,"Arkansas","Chicot County",2,41,114,60,54
050,05,017,"Arkansas","Chicot County",2,42,97,48,49
050,05,017,"Arkansas","Chicot County",2,43,95,52,43
050,05,017,"Arkansas","Chicot County",2,44,94,49,45
050,05,017,"Arkansas","Chicot County",2,45,108,56,52
050,05,017,"Arkansas","Chicot County",2,46,124,74,50
050,05,017,"Arkansas","Chicot County",2,47,130,75,55
050,05,017,"Arkansas","Chicot County",2,48,127,56,71
050,05,017,"Arkansas","Chicot County",2,49,135,67,68
050,05,017,"Arkansas","Chicot County",2,50,130,62,68
050,05,017,"Arkansas","Chicot County",2,51,124,65,59
050,05,017,"Arkansas","Chicot County",2,52,111,60,51
050,05,017,"Arkansas","Chicot County",2,53,117,57,60
050,05,017,"Arkansas","Chicot County",2,54,136,64,72
050,05,017,"Arkansas","Chicot County",2,55,135,61,74
050,05,017,"Arkansas","Chicot County",2,56,135,69,66
050,05,017,"Arkansas","Chicot County",2,57,152,75,77
050,05,017,"Arkansas","Chicot County",2,58,158,78,80
050,05,017,"Arkansas","Chicot County",2,59,159,70,89
050,05,017,"Arkansas","Chicot County",2,60,166,75,91
050,05,017,"Arkansas","Chicot County",2,61,162,80,82
050,05,017,"Arkansas","Chicot County",2,62,173,84,89
050,05,017,"Arkansas","Chicot County",2,63,158,72,86
050,05,017,"Arkansas","Chicot County",2,64,152,77,75
050,05,017,"Arkansas","Chicot County",2,65,151,81,70
050,05,017,"Arkansas","Chicot County",2,66,154,78,76
050,05,017,"Arkansas","Chicot County",2,67,157,78,79
050,05,017,"Arkansas","Chicot County",2,68,142,70,72
050,05,017,"Arkansas","Chicot County",2,69,130,58,72
050,05,017,"Arkansas","Chicot County",2,70,112,46,66
050,05,017,"Arkansas","Chicot County",2,71,105,40,65
050,05,017,"Arkansas","Chicot County",2,72,105,38,67
050,05,017,"Arkansas","Chicot County",2,73,104,48,56
050,05,017,"Arkansas","Chicot County",2,74,77,32,45
050,05,017,"Arkansas","Chicot County",2,75,82,37,45
050,05,017,"Arkansas","Chicot County",2,76,79,34,45
050,05,017,"Arkansas","Chicot County",2,77,79,33,46
050,05,017,"Arkansas","Chicot County",2,78,82,40,42
050,05,017,"Arkansas","Chicot County",2,79,78,40,38
050,05,017,"Arkansas","Chicot County",2,80,62,31,31
050,05,017,"Arkansas","Chicot County",2,81,56,24,32
050,05,017,"Arkansas","Chicot County",2,82,54,19,35
050,05,017,"Arkansas","Chicot County",2,83,45,11,34
050,05,017,"Arkansas","Chicot County",2,84,38,10,28
050,05,017,"Arkansas","Chicot County",2,85,269,87,182
050,05,017,"Arkansas","Chicot County",3,0,97,47,50
050,05,017,"Arkansas","Chicot County",3,1,116,57,59
050,05,017,"Arkansas","Chicot County",3,2,118,58,60
050,05,017,"Arkansas","Chicot County",3,3,116,57,59
050,05,017,"Arkansas","Chicot County",3,4,112,62,50
050,05,017,"Arkansas","Chicot County",3,5,117,63,54
050,05,017,"Arkansas","Chicot County",3,6,112,60,52
050,05,017,"Arkansas","Chicot County",3,7,105,56,49
050,05,017,"Arkansas","Chicot County",3,8,106,56,50
050,05,017,"Arkansas","Chicot County",3,9,121,67,54
050,05,017,"Arkansas","Chicot County",3,10,136,74,62
050,05,017,"Arkansas","Chicot County",3,11,129,62,67
050,05,017,"Arkansas","Chicot County",3,12,138,70,68
050,05,017,"Arkansas","Chicot County",3,13,147,76,71
050,05,017,"Arkansas","Chicot County",3,14,146,75,71
050,05,017,"Arkansas","Chicot County",3,15,134,73,61
050,05,017,"Arkansas","Chicot County",3,16,130,73,57
050,05,017,"Arkansas","Chicot County",3,17,126,66,60
050,05,017,"Arkansas","Chicot County",3,18,106,57,49
050,05,017,"Arkansas","Chicot County",3,19,96,53,43
050,05,017,"Arkansas","Chicot County",3,20,95,56,39
050,05,017,"Arkansas","Chicot County",3,21,129,79,50
050,05,017,"Arkansas","Chicot County",3,22,140,86,54
050,05,017,"Arkansas","Chicot County",3,23,133,86,47
050,05,017,"Arkansas","Chicot County",3,24,116,72,44
050,05,017,"Arkansas","Chicot County",3,25,97,56,41
050,05,017,"Arkansas","Chicot County",3,26,108,68,40
050,05,017,"Arkansas","Chicot County",3,27,106,69,37
050,05,017,"Arkansas","Chicot County",3,28,130,86,44
050,05,017,"Arkansas","Chicot County",3,29,113,66,47
050,05,017,"Arkansas","Chicot County",3,30,125,75,50
050,05,017,"Arkansas","Chicot County",3,31,105,62,43
050,05,017,"Arkansas","Chicot County",3,32,95,62,33
050,05,017,"Arkansas","Chicot County",3,33,115,75,40
050,05,017,"Arkansas","Chicot County",3,34,104,62,42
050,05,017,"Arkansas","Chicot County",3,35,96,46,50
050,05,017,"Arkansas","Chicot County",3,36,117,61,56
050,05,017,"Arkansas","Chicot County",3,37,110,61,49
050,05,017,"Arkansas","Chicot County",3,38,112,68,44
050,05,017,"Arkansas","Chicot County",3,39,129,75,54
050,05,017,"Arkansas","Chicot County",3,40,96,46,50
050,05,017,"Arkansas","Chicot County",3,41,116,64,52
050,05,017,"Arkansas","Chicot County",3,42,111,55,56
050,05,017,"Arkansas","Chicot County",3,43,105,58,47
050,05,017,"Arkansas","Chicot County",3,44,85,43,42
050,05,017,"Arkansas","Chicot County",3,45,85,42,43
050,05,017,"Arkansas","Chicot County",3,46,114,62,52
050,05,017,"Arkansas","Chicot County",3,47,130,78,52
050,05,017,"Arkansas","Chicot County",3,48,127,72,55
050,05,017,"Arkansas","Chicot County",3,49,128,58,70
050,05,017,"Arkansas","Chicot County",3,50,122,59,63
050,05,017,"Arkansas","Chicot County",3,51,135,68,67
050,05,017,"Arkansas","Chicot County",3,52,132,65,67
050,05,017,"Arkansas","Chicot County",3,53,104,57,47
050,05,017,"Arkansas","Chicot County",3,54,115,58,57
050,05,017,"Arkansas","Chicot County",3,55,128,56,72
050,05,017,"Arkansas","Chicot County",3,56,133,59,74
050,05,017,"Arkansas","Chicot County",3,57,138,70,68
050,05,017,"Arkansas","Chicot County",3,58,154,78,76
050,05,017,"Arkansas","Chicot County",3,59,139,67,72
050,05,017,"Arkansas","Chicot County",3,60,163,77,86
050,05,017,"Arkansas","Chicot County",3,61,163,71,92
050,05,017,"Arkansas","Chicot County",3,62,163,81,82
050,05,017,"Arkansas","Chicot County",3,63,164,79,85
050,05,017,"Arkansas","Chicot County",3,64,152,67,85
050,05,017,"Arkansas","Chicot County",3,65,149,70,79
050,05,017,"Arkansas","Chicot County",3,66,152,86,66
050,05,017,"Arkansas","Chicot County",3,67,146,74,72
050,05,017,"Arkansas","Chicot County",3,68,150,73,77
050,05,017,"Arkansas","Chicot County",3,69,143,71,72
050,05,017,"Arkansas","Chicot County",3,70,124,52,72
050,05,017,"Arkansas","Chicot County",3,71,109,45,64
050,05,017,"Arkansas","Chicot County",3,72,103,36,67
050,05,017,"Arkansas","Chicot County",3,73,98,37,61
050,05,017,"Arkansas","Chicot County",3,74,98,46,52
050,05,017,"Arkansas","Chicot County",3,75,72,27,45
050,05,017,"Arkansas","Chicot County",3,76,77,37,40
050,05,017,"Arkansas","Chicot County",3,77,77,32,45
050,05,017,"Arkansas","Chicot County",3,78,75,29,46
050,05,017,"Arkansas","Chicot County",3,79,75,35,40
050,05,017,"Arkansas","Chicot County",3,80,77,40,37
050,05,017,"Arkansas","Chicot County",3,81,60,28,32
050,05,017,"Arkansas","Chicot County",3,82,49,20,29
050,05,017,"Arkansas","Chicot County",3,83,46,18,28
050,05,017,"Arkansas","Chicot County",3,84,43,11,32
050,05,017,"Arkansas","Chicot County",3,85,244,79,165
050,05,017,"Arkansas","Chicot County",4,0,90,45,45
050,05,017,"Arkansas","Chicot County",4,1,80,35,45
050,05,017,"Arkansas","Chicot County",4,2,114,53,61
050,05,017,"Arkansas","Chicot County",4,3,117,62,55
050,05,017,"Arkansas","Chicot County",4,4,108,53,55
050,05,017,"Arkansas","Chicot County",4,5,107,52,55
050,05,017,"Arkansas","Chicot County",4,6,113,64,49
050,05,017,"Arkansas","Chicot County",4,7,108,60,48
050,05,017,"Arkansas","Chicot County",4,8,102,56,46
050,05,017,"Arkansas","Chicot County",4,9,103,56,47
050,05,017,"Arkansas","Chicot County",4,10,123,66,57
050,05,017,"Arkansas","Chicot County",4,11,136,72,64
050,05,017,"Arkansas","Chicot County",4,12,136,66,70
050,05,017,"Arkansas","Chicot County",4,13,143,77,66
050,05,017,"Arkansas","Chicot County",4,14,151,72,79
050,05,017,"Arkansas","Chicot County",4,15,152,81,71
050,05,017,"Arkansas","Chicot County",4,16,130,70,60
050,05,017,"Arkansas","Chicot County",4,17,130,76,54
050,05,017,"Arkansas","Chicot County",4,18,109,60,49
050,05,017,"Arkansas","Chicot County",4,19,91,50,41
050,05,017,"Arkansas","Chicot County",4,20,102,60,42
050,05,017,"Arkansas","Chicot County",4,21,109,74,35
050,05,017,"Arkansas","Chicot County",4,22,123,70,53
050,05,017,"Arkansas","Chicot County",4,23,147,92,55
050,05,017,"Arkansas","Chicot County",4,24,124,82,42
050,05,017,"Arkansas","Chicot County",4,25,93,55,38
050,05,017,"Arkansas","Chicot County",4,26,89,51,38
050,05,017,"Arkansas","Chicot County",4,27,110,70,40
050,05,017,"Arkansas","Chicot County",4,28,113,73,40
050,05,017,"Arkansas","Chicot County",4,29,107,64,43
050,05,017,"Arkansas","Chicot County",4,30,125,79,46
050,05,017,"Arkansas","Chicot County",4,31,115,66,49
050,05,017,"Arkansas","Chicot County",4,32,110,63,47
050,05,017,"Arkansas","Chicot County",4,33,94,60,34
050,05,017,"Arkansas","Chicot County",4,34,95,57,38
050,05,017,"Arkansas","Chicot County",4,35,104,62,42
050,05,017,"Arkansas","Chicot County",4,36,100,51,49
050,05,017,"Arkansas","Chicot County",4,37,111,57,54
050,05,017,"Arkansas","Chicot County",4,38,104,55,49
050,05,017,"Arkansas","Chicot County",4,39,113,72,41
050,05,017,"Arkansas","Chicot County",4,40,110,52,58
050,05,017,"Arkansas","Chicot County",4,41,100,50,50
050,05,017,"Arkansas","Chicot County",4,42,117,61,56
050,05,017,"Arkansas","Chicot County",4,43,124,67,57
050,05,017,"Arkansas","Chicot County",4,44,93,47,46
050,05,017,"Arkansas","Chicot County",4,45,86,41,45
050,05,017,"Arkansas","Chicot County",4,46,90,45,45
050,05,017,"Arkansas","Chicot County",4,47,109,59,50
050,05,017,"Arkansas","Chicot County",4,48,115,65,50
050,05,017,"Arkansas","Chicot County",4,49,141,83,58
050,05,017,"Arkansas","Chicot County",4,50,115,48,67
050,05,017,"Arkansas","Chicot County",4,51,128,65,63
050,05,017,"Arkansas","Chicot County",4,52,136,66,70
050,05,017,"Arkansas","Chicot County",4,53,130,65,65
050,05,017,"Arkansas","Chicot County",4,54,113,67,46
050,05,017,"Arkansas","Chicot County",4,55,108,51,57
050,05,017,"Arkansas","Chicot County",4,56,134,59,75
050,05,017,"Arkansas","Chicot County",4,57,129,55,74
050,05,017,"Arkansas","Chicot County",4,58,129,66,63
050,05,017,"Arkansas","Chicot County",4,59,143,70,73
050,05,017,"Arkansas","Chicot County",4,60,145,71,74
050,05,017,"Arkansas","Chicot County",4,61,159,76,83
050,05,017,"Arkansas","Chicot County",4,62,153,66,87
050,05,017,"Arkansas","Chicot County",4,63,156,73,83
050,05,017,"Arkansas","Chicot County",4,64,161,74,87
050,05,017,"Arkansas","Chicot County",4,65,148,61,87
050,05,017,"Arkansas","Chicot County",4,66,145,74,71
050,05,017,"Arkansas","Chicot County",4,67,147,84,63
050,05,017,"Arkansas","Chicot County",4,68,140,72,68
050,05,017,"Arkansas","Chicot County",4,69,150,76,74
050,05,017,"Arkansas","Chicot County",4,70,130,64,66
050,05,017,"Arkansas","Chicot County",4,71,118,51,67
050,05,017,"Arkansas","Chicot County",4,72,110,45,65
050,05,017,"Arkansas","Chicot County",4,73,101,37,64
050,05,017,"Arkansas","Chicot County",4,74,85,30,55
050,05,017,"Arkansas","Chicot County",4,75,98,45,53
050,05,017,"Arkansas","Chicot County",4,76,68,27,41
050,05,017,"Arkansas","Chicot County",4,77,74,36,38
050,05,017,"Arkansas","Chicot County",4,78,70,29,41
050,05,017,"Arkansas","Chicot County",4,79,69,27,42
050,05,017,"Arkansas","Chicot County",4,80,79,39,40
050,05,017,"Arkansas","Chicot County",4,81,68,33,35
050,05,017,"Arkansas","Chicot County",4,82,54,25,29
050,05,017,"Arkansas","Chicot County",4,83,46,21,25
050,05,017,"Arkansas","Chicot County",4,84,45,18,27
050,05,017,"Arkansas","Chicot County",4,85,234,71,163
050,05,017,"Arkansas","Chicot County",5,0,87,45,42
050,05,017,"Arkansas","Chicot County",5,1,78,33,45
050,05,017,"Arkansas","Chicot County",5,2,82,33,49
050,05,017,"Arkansas","Chicot County",5,3,105,48,57
050,05,017,"Arkansas","Chicot County",5,4,109,61,48
050,05,017,"Arkansas","Chicot County",5,5,96,49,47
050,05,017,"Arkansas","Chicot County",5,6,106,50,56
050,05,017,"Arkansas","Chicot County",5,7,113,60,53
050,05,017,"Arkansas","Chicot County",5,8,104,54,50
050,05,017,"Arkansas","Chicot County",5,9,102,53,49
050,05,017,"Arkansas","Chicot County",5,10,104,58,46
050,05,017,"Arkansas","Chicot County",5,11,117,64,53
050,05,017,"Arkansas","Chicot County",5,12,132,72,60
050,05,017,"Arkansas","Chicot County",5,13,130,61,69
050,05,017,"Arkansas","Chicot County",5,14,139,75,64
050,05,017,"Arkansas","Chicot County",5,15,147,71,76
050,05,017,"Arkansas","Chicot County",5,16,152,82,70
050,05,017,"Arkansas","Chicot County",5,17,124,66,58
050,05,017,"Arkansas","Chicot County",5,18,115,71,44
050,05,017,"Arkansas","Chicot County",5,19,94,54,40
050,05,017,"Arkansas","Chicot County",5,20,96,55,41
050,05,017,"Arkansas","Chicot County",5,21,119,75,44
050,05,017,"Arkansas","Chicot County",5,22,102,66,36
050,05,017,"Arkansas","Chicot County",5,23,119,74,45
050,05,017,"Arkansas","Chicot County",5,24,133,85,48
050,05,017,"Arkansas","Chicot County",5,25,97,60,37
050,05,017,"Arkansas","Chicot County",5,26,101,60,41
050,05,017,"Arkansas","Chicot County",5,27,83,53,30
050,05,017,"Arkansas","Chicot County",5,28,115,77,38
050,05,017,"Arkansas","Chicot County",5,29,95,55,40
050,05,017,"Arkansas","Chicot County",5,30,115,75,40
050,05,017,"Arkansas","Chicot County",5,31,109,66,43
050,05,017,"Arkansas","Chicot County",5,32,119,70,49
050,05,017,"Arkansas","Chicot County",5,33,112,66,46
050,05,017,"Arkansas","Chicot County",5,34,76,45,31
050,05,017,"Arkansas","Chicot County",5,35,93,57,36
050,05,017,"Arkansas","Chicot County",5,36,117,71,46
050,05,017,"Arkansas","Chicot County",5,37,95,47,48
050,05,017,"Arkansas","Chicot County",5,38,106,51,55
050,05,017,"Arkansas","Chicot County",5,39,114,65,49
050,05,017,"Arkansas","Chicot County",5,40,96,59,37
050,05,017,"Arkansas","Chicot County",5,41,117,61,56
050,05,017,"Arkansas","Chicot County",5,42,96,45,51
050,05,017,"Arkansas","Chicot County",5,43,126,71,55
050,05,017,"Arkansas","Chicot County",5,44,111,59,52
050,05,017,"Arkansas","Chicot County",5,45,82,41,41
050,05,017,"Arkansas","Chicot County",5,46,82,42,40
050,05,017,"Arkansas","Chicot County",5,47,90,44,46
050,05,017,"Arkansas","Chicot County",5,48,104,54,50
050,05,017,"Arkansas","Chicot County",5,49,123,71,52
050,05,017,"Arkansas","Chicot County",5,50,130,75,55
050,05,017,"Arkansas","Chicot County",5,51,115,51,64
050,05,017,"Arkansas","Chicot County",5,52,124,62,62
050,05,017,"Arkansas","Chicot County",5,53,122,57,65
050,05,017,"Arkansas","Chicot County",5,54,132,68,64
050,05,017,"Arkansas","Chicot County",5,55,105,58,47
050,05,017,"Arkansas","Chicot County",5,56,106,52,54
050,05,017,"Arkansas","Chicot County",5,57,135,58,77
050,05,017,"Arkansas","Chicot County",5,58,127,58,69
050,05,017,"Arkansas","Chicot County",5,59,116,56,60
050,05,017,"Arkansas","Chicot County",5,60,147,73,74
050,05,017,"Arkansas","Chicot County",5,61,143,69,74
050,05,017,"Arkansas","Chicot County",5,62,151,72,79
050,05,017,"Arkansas","Chicot County",5,63,146,63,83
050,05,017,"Arkansas","Chicot County",5,64,151,69,82
050,05,017,"Arkansas","Chicot County",5,65,155,69,86
050,05,017,"Arkansas","Chicot County",5,66,144,60,84
050,05,017,"Arkansas","Chicot County",5,67,147,75,72
050,05,017,"Arkansas","Chicot County",5,68,141,81,60
050,05,017,"Arkansas","Chicot County",5,69,140,71,69
050,05,017,"Arkansas","Chicot County",5,70,137,69,68
050,05,017,"Arkansas","Chicot County",5,71,127,65,62
050,05,017,"Arkansas","Chicot County",5,72,118,51,67
050,05,017,"Arkansas","Chicot County",5,73,107,46,61
050,05,017,"Arkansas","Chicot County",5,74,91,31,60
050,05,017,"Arkansas","Chicot County",5,75,85,30,55
050,05,017,"Arkansas","Chicot County",5,76,94,46,48
050,05,017,"Arkansas","Chicot County",5,77,65,24,41
050,05,017,"Arkansas","Chicot County",5,78,71,33,38
050,05,017,"Arkansas","Chicot County",5,79,64,27,37
050,05,017,"Arkansas","Chicot County",5,80,69,29,40
050,05,017,"Arkansas","Chicot County",5,81,75,35,40
050,05,017,"Arkansas","Chicot County",5,82,67,32,35
050,05,017,"Arkansas","Chicot County",5,83,47,24,23
050,05,017,"Arkansas","Chicot County",5,84,45,20,25
050,05,017,"Arkansas","Chicot County",5,85,220,70,150
050,05,019,"Arkansas","Clark County",1,0,208,108,100
050,05,019,"Arkansas","Clark County",1,1,201,109,92
050,05,019,"Arkansas","Clark County",1,2,233,115,118
050,05,019,"Arkansas","Clark County",1,3,226,113,113
050,05,019,"Arkansas","Clark County",1,4,238,113,125
050,05,019,"Arkansas","Clark County",1,5,239,129,110
050,05,019,"Arkansas","Clark County",1,6,219,113,106
050,05,019,"Arkansas","Clark County",1,7,214,104,110
050,05,019,"Arkansas","Clark County",1,8,237,122,115
050,05,019,"Arkansas","Clark County",1,9,241,133,108
050,05,019,"Arkansas","Clark County",1,10,218,116,102
050,05,019,"Arkansas","Clark County",1,11,237,127,110
050,05,019,"Arkansas","Clark County",1,12,265,127,138
050,05,019,"Arkansas","Clark County",1,13,238,123,115
050,05,019,"Arkansas","Clark County",1,14,231,119,112
050,05,019,"Arkansas","Clark County",1,15,236,110,126
050,05,019,"Arkansas","Clark County",1,16,235,124,111
050,05,019,"Arkansas","Clark County",1,17,222,108,114
050,05,019,"Arkansas","Clark County",1,18,578,274,304
050,05,019,"Arkansas","Clark County",1,19,1026,456,570
050,05,019,"Arkansas","Clark County",1,20,961,450,511
050,05,019,"Arkansas","Clark County",1,21,878,377,501
050,05,019,"Arkansas","Clark County",1,22,640,315,325
050,05,019,"Arkansas","Clark County",1,23,369,183,186
050,05,019,"Arkansas","Clark County",1,24,326,174,152
050,05,019,"Arkansas","Clark County",1,25,258,145,113
050,05,019,"Arkansas","Clark County",1,26,254,123,131
050,05,019,"Arkansas","Clark County",1,27,245,114,131
050,05,019,"Arkansas","Clark County",1,28,259,122,137
050,05,019,"Arkansas","Clark County",1,29,242,125,117
050,05,019,"Arkansas","Clark County",1,30,232,107,125
050,05,019,"Arkansas","Clark County",1,31,208,100,108
050,05,019,"Arkansas","Clark County",1,32,204,112,92
050,05,019,"Arkansas","Clark County",1,33,209,98,111
050,05,019,"Arkansas","Clark County",1,34,214,109,105
050,05,019,"Arkansas","Clark County",1,35,206,103,103
050,05,019,"Arkansas","Clark County",1,36,207,103,104
050,05,019,"Arkansas","Clark County",1,37,207,101,106
050,05,019,"Arkansas","Clark County",1,38,192,95,97
050,05,019,"Arkansas","Clark County",1,39,195,100,95
050,05,019,"Arkansas","Clark County",1,40,225,114,111
050,05,019,"Arkansas","Clark County",1,41,202,101,101
050,05,019,"Arkansas","Clark County",1,42,212,98,114
050,05,019,"Arkansas","Clark County",1,43,216,93,123
050,05,019,"Arkansas","Clark County",1,44,196,94,102
050,05,019,"Arkansas","Clark County",1,45,211,109,102
050,05,019,"Arkansas","Clark County",1,46,231,117,114
050,05,019,"Arkansas","Clark County",1,47,226,115,111
050,05,019,"Arkansas","Clark County",1,48,241,112,129
050,05,019,"Arkansas","Clark County",1,49,235,110,125
050,05,019,"Arkansas","Clark County",1,50,219,106,113
050,05,019,"Arkansas","Clark County",1,51,196,98,98
050,05,019,"Arkansas","Clark County",1,52,185,81,104
050,05,019,"Arkansas","Clark County",1,53,202,104,98
050,05,019,"Arkansas","Clark County",1,54,236,116,120
050,05,019,"Arkansas","Clark County",1,55,256,125,131
050,05,019,"Arkansas","Clark County",1,56,251,119,132
050,05,019,"Arkansas","Clark County",1,57,247,113,134
050,05,019,"Arkansas","Clark County",1,58,251,115,136
050,05,019,"Arkansas","Clark County",1,59,256,109,147
050,05,019,"Arkansas","Clark County",1,60,241,114,127
050,05,019,"Arkansas","Clark County",1,61,248,120,128
050,05,019,"Arkansas","Clark County",1,62,246,126,120
050,05,019,"Arkansas","Clark County",1,63,255,126,129
050,05,019,"Arkansas","Clark County",1,64,251,120,131
050,05,019,"Arkansas","Clark County",1,65,223,102,121
050,05,019,"Arkansas","Clark County",1,66,221,104,117
050,05,019,"Arkansas","Clark County",1,67,234,123,111
050,05,019,"Arkansas","Clark County",1,68,207,103,104
050,05,019,"Arkansas","Clark County",1,69,199,86,113
050,05,019,"Arkansas","Clark County",1,70,185,70,115
050,05,019,"Arkansas","Clark County",1,71,183,87,96
050,05,019,"Arkansas","Clark County",1,72,190,95,95
050,05,019,"Arkansas","Clark County",1,73,198,100,98
050,05,019,"Arkansas","Clark County",1,74,148,72,76
050,05,019,"Arkansas","Clark County",1,75,154,65,89
050,05,019,"Arkansas","Clark County",1,76,142,63,79
050,05,019,"Arkansas","Clark County",1,77,127,58,69
050,05,019,"Arkansas","Clark County",1,78,122,56,66
050,05,019,"Arkansas","Clark County",1,79,120,51,69
050,05,019,"Arkansas","Clark County",1,80,114,53,61
050,05,019,"Arkansas","Clark County",1,81,102,43,59
050,05,019,"Arkansas","Clark County",1,82,100,49,51
050,05,019,"Arkansas","Clark County",1,83,80,37,43
050,05,019,"Arkansas","Clark County",1,84,61,23,38
050,05,019,"Arkansas","Clark County",1,85,352,121,231
050,05,019,"Arkansas","Clark County",2,0,213,112,101
050,05,019,"Arkansas","Clark County",2,1,199,106,93
050,05,019,"Arkansas","Clark County",2,2,223,114,109
050,05,019,"Arkansas","Clark County",2,3,227,113,114
050,05,019,"Arkansas","Clark County",2,4,237,115,122
050,05,019,"Arkansas","Clark County",2,5,237,126,111
050,05,019,"Arkansas","Clark County",2,6,222,115,107
050,05,019,"Arkansas","Clark County",2,7,213,105,108
050,05,019,"Arkansas","Clark County",2,8,230,117,113
050,05,019,"Arkansas","Clark County",2,9,242,131,111
050,05,019,"Arkansas","Clark County",2,10,224,122,102
050,05,019,"Arkansas","Clark County",2,11,229,124,105
050,05,019,"Arkansas","Clark County",2,12,258,127,131
050,05,019,"Arkansas","Clark County",2,13,245,125,120
050,05,019,"Arkansas","Clark County",2,14,232,120,112
050,05,019,"Arkansas","Clark County",2,15,235,113,122
050,05,019,"Arkansas","Clark County",2,16,237,122,115
050,05,019,"Arkansas","Clark County",2,17,224,111,113
050,05,019,"Arkansas","Clark County",2,18,575,273,302
050,05,019,"Arkansas","Clark County",2,19,1027,456,571
050,05,019,"Arkansas","Clark County",2,20,965,451,514
050,05,019,"Arkansas","Clark County",2,21,873,376,497
050,05,019,"Arkansas","Clark County",2,22,643,317,326
050,05,019,"Arkansas","Clark County",2,23,360,181,179
050,05,019,"Arkansas","Clark County",2,24,316,167,149
050,05,019,"Arkansas","Clark County",2,25,262,144,118
050,05,019,"Arkansas","Clark County",2,26,246,122,124
050,05,019,"Arkansas","Clark County",2,27,244,115,129
050,05,019,"Arkansas","Clark County",2,28,254,121,133
050,05,019,"Arkansas","Clark County",2,29,244,123,121
050,05,019,"Arkansas","Clark County",2,30,236,112,124
050,05,019,"Arkansas","Clark County",2,31,212,100,112
050,05,019,"Arkansas","Clark County",2,32,201,106,95
050,05,019,"Arkansas","Clark County",2,33,206,100,106
050,05,019,"Arkansas","Clark County",2,34,210,105,105
050,05,019,"Arkansas","Clark County",2,35,209,106,103
050,05,019,"Arkansas","Clark County",2,36,203,101,102
050,05,019,"Arkansas","Clark County",2,37,208,104,104
050,05,019,"Arkansas","Clark County",2,38,195,97,98
050,05,019,"Arkansas","Clark County",2,39,192,97,95
050,05,019,"Arkansas","Clark County",2,40,221,112,109
050,05,019,"Arkansas","Clark County",2,41,208,105,103
050,05,019,"Arkansas","Clark County",2,42,209,99,110
050,05,019,"Arkansas","Clark County",2,43,219,96,123
050,05,019,"Arkansas","Clark County",2,44,199,92,107
050,05,019,"Arkansas","Clark County",2,45,207,105,102
050,05,019,"Arkansas","Clark County",2,46,222,112,110
050,05,019,"Arkansas","Clark County",2,47,227,116,111
050,05,019,"Arkansas","Clark County",2,48,237,114,123
050,05,019,"Arkansas","Clark County",2,49,236,111,125
050,05,019,"Arkansas","Clark County",2,50,225,108,117
050,05,019,"Arkansas","Clark County",2,51,197,99,98
050,05,019,"Arkansas","Clark County",2,52,184,83,101
050,05,019,"Arkansas","Clark County",2,53,197,99,98
050,05,019,"Arkansas","Clark County",2,54,227,114,113
050,05,019,"Arkansas","Clark County",2,55,251,122,129
050,05,019,"Arkansas","Clark County",2,56,250,121,129
050,05,019,"Arkansas","Clark County",2,57,249,115,134
050,05,019,"Arkansas","Clark County",2,58,248,112,136
050,05,019,"Arkansas","Clark County",2,59,257,111,146
050,05,019,"Arkansas","Clark County",2,60,244,112,132
050,05,019,"Arkansas","Clark County",2,61,246,118,128
050,05,019,"Arkansas","Clark County",2,62,246,124,122
050,05,019,"Arkansas","Clark County",2,63,253,126,127
050,05,019,"Arkansas","Clark County",2,64,247,118,129
050,05,019,"Arkansas","Clark County",2,65,228,106,122
050,05,019,"Arkansas","Clark County",2,66,221,103,118
050,05,019,"Arkansas","Clark County",2,67,229,118,111
050,05,019,"Arkansas","Clark County",2,68,209,104,105
050,05,019,"Arkansas","Clark County",2,69,203,91,112
050,05,019,"Arkansas","Clark County",2,70,185,72,113
050,05,019,"Arkansas","Clark County",2,71,181,82,99
050,05,019,"Arkansas","Clark County",2,72,183,91,92
050,05,019,"Arkansas","Clark County",2,73,206,103,103
050,05,019,"Arkansas","Clark County",2,74,147,70,77
050,05,019,"Arkansas","Clark County",2,75,151,67,84
050,05,019,"Arkansas","Clark County",2,76,143,63,80
050,05,019,"Arkansas","Clark County",2,77,132,59,73
050,05,019,"Arkansas","Clark County",2,78,121,56,65
050,05,019,"Arkansas","Clark County",2,79,119,51,68
050,05,019,"Arkansas","Clark County",2,80,115,52,63
050,05,019,"Arkansas","Clark County",2,81,99,43,56
050,05,019,"Arkansas","Clark County",2,82,99,47,52
050,05,019,"Arkansas","Clark County",2,83,83,39,44
050,05,019,"Arkansas","Clark County",2,84,66,26,40
050,05,019,"Arkansas","Clark County",2,85,351,125,226
050,05,019,"Arkansas","Clark County",3,0,235,120,115
050,05,019,"Arkansas","Clark County",3,1,211,105,106
050,05,019,"Arkansas","Clark County",3,2,207,110,97
050,05,019,"Arkansas","Clark County",3,3,212,115,97
050,05,019,"Arkansas","Clark County",3,4,242,121,121
050,05,019,"Arkansas","Clark County",3,5,230,111,119
050,05,019,"Arkansas","Clark County",3,6,244,130,114
050,05,019,"Arkansas","Clark County",3,7,225,112,113
050,05,019,"Arkansas","Clark County",3,8,230,108,122
050,05,019,"Arkansas","Clark County",3,9,240,125,115
050,05,019,"Arkansas","Clark County",3,10,252,136,116
050,05,019,"Arkansas","Clark County",3,11,220,117,103
050,05,019,"Arkansas","Clark County",3,12,230,127,103
050,05,019,"Arkansas","Clark County",3,13,260,133,127
050,05,019,"Arkansas","Clark County",3,14,248,119,129
050,05,019,"Arkansas","Clark County",3,15,237,122,115
050,05,019,"Arkansas","Clark County",3,16,245,123,122
050,05,019,"Arkansas","Clark County",3,17,230,120,110
050,05,019,"Arkansas","Clark County",3,18,565,271,294
050,05,019,"Arkansas","Clark County",3,19,997,444,553
050,05,019,"Arkansas","Clark County",3,20,923,438,485
050,05,019,"Arkansas","Clark County",3,21,833,364,469
050,05,019,"Arkansas","Clark County",3,22,637,317,320
050,05,019,"Arkansas","Clark County",3,23,341,166,175
050,05,019,"Arkansas","Clark County",3,24,322,177,145
050,05,019,"Arkansas","Clark County",3,25,272,150,122
050,05,019,"Arkansas","Clark County",3,26,237,134,103
050,05,019,"Arkansas","Clark County",3,27,214,104,110
050,05,019,"Arkansas","Clark County",3,28,246,117,129
050,05,019,"Arkansas","Clark County",3,29,250,109,141
050,05,019,"Arkansas","Clark County",3,30,243,125,118
050,05,019,"Arkansas","Clark County",3,31,224,106,118
050,05,019,"Arkansas","Clark County",3,32,220,102,118
050,05,019,"Arkansas","Clark County",3,33,201,102,99
050,05,019,"Arkansas","Clark County",3,34,204,97,107
050,05,019,"Arkansas","Clark County",3,35,210,104,106
050,05,019,"Arkansas","Clark County",3,36,203,103,100
050,05,019,"Arkansas","Clark County",3,37,204,98,106
050,05,019,"Arkansas","Clark County",3,38,199,98,101
050,05,019,"Arkansas","Clark County",3,39,202,104,98
050,05,019,"Arkansas","Clark County",3,40,197,101,96
050,05,019,"Arkansas","Clark County",3,41,224,114,110
050,05,019,"Arkansas","Clark County",3,42,205,101,104
050,05,019,"Arkansas","Clark County",3,43,209,103,106
050,05,019,"Arkansas","Clark County",3,44,208,88,120
050,05,019,"Arkansas","Clark County",3,45,195,95,100
050,05,019,"Arkansas","Clark County",3,46,210,102,108
050,05,019,"Arkansas","Clark County",3,47,213,112,101
050,05,019,"Arkansas","Clark County",3,48,226,113,113
050,05,019,"Arkansas","Clark County",3,49,234,111,123
050,05,019,"Arkansas","Clark County",3,50,231,112,119
050,05,019,"Arkansas","Clark County",3,51,224,108,116
050,05,019,"Arkansas","Clark County",3,52,198,101,97
050,05,019,"Arkansas","Clark County",3,53,181,85,96
050,05,019,"Arkansas","Clark County",3,54,197,95,102
050,05,019,"Arkansas","Clark County",3,55,221,112,109
050,05,019,"Arkansas","Clark County",3,56,252,126,126
050,05,019,"Arkansas","Clark County",3,57,246,120,126
050,05,019,"Arkansas","Clark County",3,58,246,110,136
050,05,019,"Arkansas","Clark County",3,59,243,110,133
050,05,019,"Arkansas","Clark County",3,60,257,109,148
050,05,019,"Arkansas","Clark County",3,61,239,110,129
050,05,019,"Arkansas","Clark County",3,62,236,109,127
050,05,019,"Arkansas","Clark County",3,63,253,134,119
050,05,019,"Arkansas","Clark County",3,64,248,121,127
050,05,019,"Arkansas","Clark County",3,65,235,110,125
050,05,019,"Arkansas","Clark County",3,66,236,112,124
050,05,019,"Arkansas","Clark County",3,67,211,98,113
050,05,019,"Arkansas","Clark County",3,68,228,120,108
050,05,019,"Arkansas","Clark County",3,69,207,101,106
050,05,019,"Arkansas","Clark County",3,70,201,88,113
050,05,019,"Arkansas","Clark County",3,71,175,69,106
050,05,019,"Arkansas","Clark County",3,72,173,73,100
050,05,019,"Arkansas","Clark County",3,73,173,88,85
050,05,019,"Arkansas","Clark County",3,74,185,90,95
050,05,019,"Arkansas","Clark County",3,75,141,68,73
050,05,019,"Arkansas","Clark County",3,76,138,59,79
050,05,019,"Arkansas","Clark County",3,77,142,61,81
050,05,019,"Arkansas","Clark County",3,78,128,57,71
050,05,019,"Arkansas","Clark County",3,79,115,52,63
050,05,019,"Arkansas","Clark County",3,80,118,51,67
050,05,019,"Arkansas","Clark County",3,81,100,47,53
050,05,019,"Arkansas","Clark County",3,82,95,41,54
050,05,019,"Arkansas","Clark County",3,83,88,41,47
050,05,019,"Arkansas","Clark County",3,84,75,36,39
050,05,019,"Arkansas","Clark County",3,85,342,120,222
050,05,019,"Arkansas","Clark County",4,0,237,104,133
050,05,019,"Arkansas","Clark County",4,1,237,120,117
050,05,019,"Arkansas","Clark County",4,2,226,124,102
050,05,019,"Arkansas","Clark County",4,3,204,104,100
050,05,019,"Arkansas","Clark County",4,4,225,118,107
050,05,019,"Arkansas","Clark County",4,5,243,123,120
050,05,019,"Arkansas","Clark County",4,6,233,110,123
050,05,019,"Arkansas","Clark County",4,7,243,128,115
050,05,019,"Arkansas","Clark County",4,8,238,116,122
050,05,019,"Arkansas","Clark County",4,9,230,110,120
050,05,019,"Arkansas","Clark County",4,10,237,124,113
050,05,019,"Arkansas","Clark County",4,11,252,136,116
050,05,019,"Arkansas","Clark County",4,12,211,113,98
050,05,019,"Arkansas","Clark County",4,13,229,124,105
050,05,019,"Arkansas","Clark County",4,14,276,141,135
050,05,019,"Arkansas","Clark County",4,15,255,125,130
050,05,019,"Arkansas","Clark County",4,16,249,133,116
050,05,019,"Arkansas","Clark County",4,17,243,124,119
050,05,019,"Arkansas","Clark County",4,18,574,284,290
050,05,019,"Arkansas","Clark County",4,19,995,448,547
050,05,019,"Arkansas","Clark County",4,20,921,426,495
050,05,019,"Arkansas","Clark County",4,21,851,378,473
050,05,019,"Arkansas","Clark County",4,22,626,304,322
050,05,019,"Arkansas","Clark County",4,23,345,165,180
050,05,019,"Arkansas","Clark County",4,24,302,154,148
050,05,019,"Arkansas","Clark County",4,25,292,155,137
050,05,019,"Arkansas","Clark County",4,26,248,129,119
050,05,019,"Arkansas","Clark County",4,27,223,121,102
050,05,019,"Arkansas","Clark County",4,28,206,101,105
050,05,019,"Arkansas","Clark County",4,29,237,111,126
050,05,019,"Arkansas","Clark County",4,30,242,99,143
050,05,019,"Arkansas","Clark County",4,31,241,125,116
050,05,019,"Arkansas","Clark County",4,32,221,104,117
050,05,019,"Arkansas","Clark County",4,33,214,99,115
050,05,019,"Arkansas","Clark County",4,34,202,104,98
050,05,019,"Arkansas","Clark County",4,35,209,98,111
050,05,019,"Arkansas","Clark County",4,36,213,108,105
050,05,019,"Arkansas","Clark County",4,37,211,109,102
050,05,019,"Arkansas","Clark County",4,38,204,97,107
050,05,019,"Arkansas","Clark County",4,39,200,99,101
050,05,019,"Arkansas","Clark County",4,40,191,96,95
050,05,019,"Arkansas","Clark County",4,41,192,100,92
050,05,019,"Arkansas","Clark County",4,42,226,115,111
050,05,019,"Arkansas","Clark County",4,43,218,111,107
050,05,019,"Arkansas","Clark County",4,44,207,99,108
050,05,019,"Arkansas","Clark County",4,45,202,90,112
050,05,019,"Arkansas","Clark County",4,46,193,90,103
050,05,019,"Arkansas","Clark County",4,47,206,99,107
050,05,019,"Arkansas","Clark County",4,48,215,107,108
050,05,019,"Arkansas","Clark County",4,49,232,113,119
050,05,019,"Arkansas","Clark County",4,50,240,116,124
050,05,019,"Arkansas","Clark County",4,51,223,106,117
050,05,019,"Arkansas","Clark County",4,52,221,101,120
050,05,019,"Arkansas","Clark County",4,53,213,108,105
050,05,019,"Arkansas","Clark County",4,54,173,83,90
050,05,019,"Arkansas","Clark County",4,55,191,99,92
050,05,019,"Arkansas","Clark County",4,56,211,106,105
050,05,019,"Arkansas","Clark County",4,57,247,127,120
050,05,019,"Arkansas","Clark County",4,58,242,117,125
050,05,019,"Arkansas","Clark County",4,59,247,110,137
050,05,019,"Arkansas","Clark County",4,60,242,110,132
050,05,019,"Arkansas","Clark County",4,61,249,108,141
050,05,019,"Arkansas","Clark County",4,62,242,112,130
050,05,019,"Arkansas","Clark County",4,63,234,108,126
050,05,019,"Arkansas","Clark County",4,64,245,126,119
050,05,019,"Arkansas","Clark County",4,65,246,119,127
050,05,019,"Arkansas","Clark County",4,66,228,104,124
050,05,019,"Arkansas","Clark County",4,67,233,110,123
050,05,019,"Arkansas","Clark County",4,68,210,95,115
050,05,019,"Arkansas","Clark County",4,69,217,115,102
050,05,019,"Arkansas","Clark County",4,70,204,98,106
050,05,019,"Arkansas","Clark County",4,71,196,89,107
050,05,019,"Arkansas","Clark County",4,72,166,63,103
050,05,019,"Arkansas","Clark County",4,73,167,68,99
050,05,019,"Arkansas","Clark County",4,74,161,85,76
050,05,019,"Arkansas","Clark County",4,75,175,84,91
050,05,019,"Arkansas","Clark County",4,76,132,66,66
050,05,019,"Arkansas","Clark County",4,77,130,57,73
050,05,019,"Arkansas","Clark County",4,78,126,56,70
050,05,019,"Arkansas","Clark County",4,79,121,51,70
050,05,019,"Arkansas","Clark County",4,80,113,51,62
050,05,019,"Arkansas","Clark County",4,81,109,45,64
050,05,019,"Arkansas","Clark County",4,82,96,47,49
050,05,019,"Arkansas","Clark County",4,83,80,34,46
050,05,019,"Arkansas","Clark County",4,84,76,34,42
050,05,019,"Arkansas","Clark County",4,85,343,135,208
050,05,019,"Arkansas","Clark County",5,0,237,103,134
050,05,019,"Arkansas","Clark County",5,1,239,110,129
050,05,019,"Arkansas","Clark County",5,2,240,117,123
050,05,019,"Arkansas","Clark County",5,3,240,134,106
050,05,019,"Arkansas","Clark County",5,4,218,110,108
050,05,019,"Arkansas","Clark County",5,5,215,106,109
050,05,019,"Arkansas","Clark County",5,6,243,120,123
050,05,019,"Arkansas","Clark County",5,7,249,114,135
050,05,019,"Arkansas","Clark County",5,8,237,122,115
050,05,019,"Arkansas","Clark County",5,9,249,127,122
050,05,019,"Arkansas","Clark County",5,10,225,113,112
050,05,019,"Arkansas","Clark County",5,11,247,133,114
050,05,019,"Arkansas","Clark County",5,12,251,138,113
050,05,019,"Arkansas","Clark County",5,13,221,121,100
050,05,019,"Arkansas","Clark County",5,14,233,125,108
050,05,019,"Arkansas","Clark County",5,15,272,142,130
050,05,019,"Arkansas","Clark County",5,16,249,124,125
050,05,019,"Arkansas","Clark County",5,17,244,128,116
050,05,019,"Arkansas","Clark County",5,18,576,275,301
050,05,019,"Arkansas","Clark County",5,19,997,454,543
050,05,019,"Arkansas","Clark County",5,20,924,439,485
050,05,019,"Arkansas","Clark County",5,21,841,363,478
050,05,019,"Arkansas","Clark County",5,22,648,327,321
050,05,019,"Arkansas","Clark County",5,23,350,175,175
050,05,019,"Arkansas","Clark County",5,24,316,158,158
050,05,019,"Arkansas","Clark County",5,25,264,133,131
050,05,019,"Arkansas","Clark County",5,26,259,130,129
050,05,019,"Arkansas","Clark County",5,27,223,107,116
050,05,019,"Arkansas","Clark County",5,28,211,108,103
050,05,019,"Arkansas","Clark County",5,29,208,99,109
050,05,019,"Arkansas","Clark County",5,30,238,112,126
050,05,019,"Arkansas","Clark County",5,31,238,99,139
050,05,019,"Arkansas","Clark County",5,32,230,118,112
050,05,019,"Arkansas","Clark County",5,33,233,105,128
050,05,019,"Arkansas","Clark County",5,34,202,94,108
050,05,019,"Arkansas","Clark County",5,35,206,107,99
050,05,019,"Arkansas","Clark County",5,36,213,100,113
050,05,019,"Arkansas","Clark County",5,37,211,102,109
050,05,019,"Arkansas","Clark County",5,38,210,104,106
050,05,019,"Arkansas","Clark County",5,39,190,90,100
050,05,019,"Arkansas","Clark County",5,40,208,106,102
050,05,019,"Arkansas","Clark County",5,41,186,91,95
050,05,019,"Arkansas","Clark County",5,42,204,107,97
050,05,019,"Arkansas","Clark County",5,43,230,119,111
050,05,019,"Arkansas","Clark County",5,44,214,107,107
050,05,019,"Arkansas","Clark County",5,45,200,100,100
050,05,019,"Arkansas","Clark County",5,46,198,85,113
050,05,019,"Arkansas","Clark County",5,47,192,90,102
050,05,019,"Arkansas","Clark County",5,48,202,95,107
050,05,019,"Arkansas","Clark County",5,49,211,106,105
050,05,019,"Arkansas","Clark County",5,50,230,111,119
050,05,019,"Arkansas","Clark County",5,51,224,108,116
050,05,019,"Arkansas","Clark County",5,52,223,105,118
050,05,019,"Arkansas","Clark County",5,53,226,106,120
050,05,019,"Arkansas","Clark County",5,54,208,108,100
050,05,019,"Arkansas","Clark County",5,55,162,75,87
050,05,019,"Arkansas","Clark County",5,56,190,101,89
050,05,019,"Arkansas","Clark County",5,57,214,113,101
050,05,019,"Arkansas","Clark County",5,58,239,121,118
050,05,019,"Arkansas","Clark County",5,59,235,109,126
050,05,019,"Arkansas","Clark County",5,60,251,114,137
050,05,019,"Arkansas","Clark County",5,61,242,105,137
050,05,019,"Arkansas","Clark County",5,62,247,105,142
050,05,019,"Arkansas","Clark County",5,63,233,108,125
050,05,019,"Arkansas","Clark County",5,64,229,101,128
050,05,019,"Arkansas","Clark County",5,65,240,124,116
050,05,019,"Arkansas","Clark County",5,66,246,120,126
050,05,019,"Arkansas","Clark County",5,67,221,97,124
050,05,019,"Arkansas","Clark County",5,68,227,108,119
050,05,019,"Arkansas","Clark County",5,69,208,96,112
050,05,019,"Arkansas","Clark County",5,70,219,117,102
050,05,019,"Arkansas","Clark County",5,71,202,100,102
050,05,019,"Arkansas","Clark County",5,72,185,85,100
050,05,019,"Arkansas","Clark County",5,73,161,59,102
050,05,019,"Arkansas","Clark County",5,74,160,62,98
050,05,019,"Arkansas","Clark County",5,75,148,75,73
050,05,019,"Arkansas","Clark County",5,76,160,77,83
050,05,019,"Arkansas","Clark County",5,77,128,64,64
050,05,019,"Arkansas","Clark County",5,78,125,56,69
050,05,019,"Arkansas","Clark County",5,79,121,52,69
050,05,019,"Arkansas","Clark County",5,80,114,51,63
050,05,019,"Arkansas","Clark County",5,81,102,43,59
050,05,019,"Arkansas","Clark County",5,82,105,44,61
050,05,019,"Arkansas","Clark County",5,83,86,41,45
050,05,019,"Arkansas","Clark County",5,84,68,25,43
050,05,019,"Arkansas","Clark County",5,85,353,150,203
050,05,021,"Arkansas","Clay County",1,0,149,76,73
050,05,021,"Arkansas","Clay County",1,1,146,77,69
050,05,021,"Arkansas","Clay County",1,2,172,94,78
050,05,021,"Arkansas","Clay County",1,3,161,85,76
050,05,021,"Arkansas","Clay County",1,4,182,77,105
050,05,021,"Arkansas","Clay County",1,5,190,93,97
050,05,021,"Arkansas","Clay County",1,6,175,86,89
050,05,021,"Arkansas","Clay County",1,7,154,85,69
050,05,021,"Arkansas","Clay County",1,8,165,82,83
050,05,021,"Arkansas","Clay County",1,9,162,75,87
050,05,021,"Arkansas","Clay County",1,10,187,95,92
050,05,021,"Arkansas","Clay County",1,11,169,80,89
050,05,021,"Arkansas","Clay County",1,12,172,86,86
050,05,021,"Arkansas","Clay County",1,13,162,75,87
050,05,021,"Arkansas","Clay County",1,14,206,101,105
050,05,021,"Arkansas","Clay County",1,15,201,105,96
050,05,021,"Arkansas","Clay County",1,16,196,110,86
050,05,021,"Arkansas","Clay County",1,17,180,94,86
050,05,021,"Arkansas","Clay County",1,18,146,74,72
050,05,021,"Arkansas","Clay County",1,19,139,72,67
050,05,021,"Arkansas","Clay County",1,20,140,73,67
050,05,021,"Arkansas","Clay County",1,21,133,74,59
050,05,021,"Arkansas","Clay County",1,22,148,75,73
050,05,021,"Arkansas","Clay County",1,23,184,91,93
050,05,021,"Arkansas","Clay County",1,24,169,86,83
050,05,021,"Arkansas","Clay County",1,25,173,80,93
050,05,021,"Arkansas","Clay County",1,26,183,95,88
050,05,021,"Arkansas","Clay County",1,27,177,95,82
050,05,021,"Arkansas","Clay County",1,28,198,113,85
050,05,021,"Arkansas","Clay County",1,29,199,100,99
050,05,021,"Arkansas","Clay County",1,30,165,81,84
050,05,021,"Arkansas","Clay County",1,31,165,82,83
050,05,021,"Arkansas","Clay County",1,32,159,85,74
050,05,021,"Arkansas","Clay County",1,33,142,77,65
050,05,021,"Arkansas","Clay County",1,34,144,63,81
050,05,021,"Arkansas","Clay County",1,35,141,65,76
050,05,021,"Arkansas","Clay County",1,36,141,74,67
050,05,021,"Arkansas","Clay County",1,37,145,70,75
050,05,021,"Arkansas","Clay County",1,38,160,80,80
050,05,021,"Arkansas","Clay County",1,39,174,91,83
050,05,021,"Arkansas","Clay County",1,40,175,100,75
050,05,021,"Arkansas","Clay County",1,41,187,91,96
050,05,021,"Arkansas","Clay County",1,42,149,76,73
050,05,021,"Arkansas","Clay County",1,43,162,90,72
050,05,021,"Arkansas","Clay County",1,44,158,72,86
050,05,021,"Arkansas","Clay County",1,45,161,79,82
050,05,021,"Arkansas","Clay County",1,46,159,78,81
050,05,021,"Arkansas","Clay County",1,47,160,83,77
050,05,021,"Arkansas","Clay County",1,48,182,85,97
050,05,021,"Arkansas","Clay County",1,49,188,94,94
050,05,021,"Arkansas","Clay County",1,50,203,98,105
050,05,021,"Arkansas","Clay County",1,51,184,96,88
050,05,021,"Arkansas","Clay County",1,52,203,104,99
050,05,021,"Arkansas","Clay County",1,53,218,113,105
050,05,021,"Arkansas","Clay County",1,54,189,105,84
050,05,021,"Arkansas","Clay County",1,55,203,104,99
050,05,021,"Arkansas","Clay County",1,56,212,112,100
050,05,021,"Arkansas","Clay County",1,57,220,112,108
050,05,021,"Arkansas","Clay County",1,58,207,100,107
050,05,021,"Arkansas","Clay County",1,59,200,95,105
050,05,021,"Arkansas","Clay County",1,60,200,97,103
050,05,021,"Arkansas","Clay County",1,61,218,109,109
050,05,021,"Arkansas","Clay County",1,62,209,99,110
050,05,021,"Arkansas","Clay County",1,63,201,102,99
050,05,021,"Arkansas","Clay County",1,64,190,95,95
050,05,021,"Arkansas","Clay County",1,65,171,81,90
050,05,021,"Arkansas","Clay County",1,66,184,84,100
050,05,021,"Arkansas","Clay County",1,67,168,77,91
050,05,021,"Arkansas","Clay County",1,68,173,81,92
050,05,021,"Arkansas","Clay County",1,69,178,81,97
050,05,021,"Arkansas","Clay County",1,70,189,84,105
050,05,021,"Arkansas","Clay County",1,71,157,63,94
050,05,021,"Arkansas","Clay County",1,72,166,77,89
050,05,021,"Arkansas","Clay County",1,73,196,98,98
050,05,021,"Arkansas","Clay County",1,74,135,63,72
050,05,021,"Arkansas","Clay County",1,75,141,63,78
050,05,021,"Arkansas","Clay County",1,76,133,62,71
050,05,021,"Arkansas","Clay County",1,77,137,56,81
050,05,021,"Arkansas","Clay County",1,78,135,55,80
050,05,021,"Arkansas","Clay County",1,79,108,45,63
050,05,021,"Arkansas","Clay County",1,80,87,32,55
050,05,021,"Arkansas","Clay County",1,81,91,41,50
050,05,021,"Arkansas","Clay County",1,82,77,31,46
050,05,021,"Arkansas","Clay County",1,83,76,37,39
050,05,021,"Arkansas","Clay County",1,84,71,30,41
050,05,021,"Arkansas","Clay County",1,85,383,136,247
050,05,021,"Arkansas","Clay County",2,0,151,76,75
050,05,021,"Arkansas","Clay County",2,1,146,76,70
050,05,021,"Arkansas","Clay County",2,2,167,90,77
050,05,021,"Arkansas","Clay County",2,3,164,86,78
050,05,021,"Arkansas","Clay County",2,4,182,81,101
050,05,021,"Arkansas","Clay County",2,5,191,91,100
050,05,021,"Arkansas","Clay County",2,6,178,88,90
050,05,021,"Arkansas","Clay County",2,7,159,85,74
050,05,021,"Arkansas","Clay County",2,8,160,80,80
050,05,021,"Arkansas","Clay County",2,9,162,76,86
050,05,021,"Arkansas","Clay County",2,10,178,89,89
050,05,021,"Arkansas","Clay County",2,11,172,83,89
050,05,021,"Arkansas","Clay County",2,12,171,85,86
050,05,021,"Arkansas","Clay County",2,13,165,78,87
050,05,021,"Arkansas","Clay County",2,14,196,95,101
050,05,021,"Arkansas","Clay County",2,15,201,104,97
050,05,021,"Arkansas","Clay County",2,16,196,108,88
050,05,021,"Arkansas","Clay County",2,17,183,97,86
050,05,021,"Arkansas","Clay County",2,18,146,76,70
050,05,021,"Arkansas","Clay County",2,19,132,68,64
050,05,021,"Arkansas","Clay County",2,20,144,75,69
050,05,021,"Arkansas","Clay County",2,21,136,75,61
050,05,021,"Arkansas","Clay County",2,22,149,77,72
050,05,021,"Arkansas","Clay County",2,23,175,88,87
050,05,021,"Arkansas","Clay County",2,24,174,88,86
050,05,021,"Arkansas","Clay County",2,25,173,83,90
050,05,021,"Arkansas","Clay County",2,26,182,93,89
050,05,021,"Arkansas","Clay County",2,27,178,95,83
050,05,021,"Arkansas","Clay County",2,28,194,109,85
050,05,021,"Arkansas","Clay County",2,29,196,102,94
050,05,021,"Arkansas","Clay County",2,30,177,88,89
050,05,021,"Arkansas","Clay County",2,31,166,83,83
050,05,021,"Arkansas","Clay County",2,32,158,84,74
050,05,021,"Arkansas","Clay County",2,33,144,78,66
050,05,021,"Arkansas","Clay County",2,34,145,68,77
050,05,021,"Arkansas","Clay County",2,35,143,65,78
050,05,021,"Arkansas","Clay County",2,36,138,70,68
050,05,021,"Arkansas","Clay County",2,37,144,71,73
050,05,021,"Arkansas","Clay County",2,38,159,79,80
050,05,021,"Arkansas","Clay County",2,39,166,87,79
050,05,021,"Arkansas","Clay County",2,40,176,97,79
050,05,021,"Arkansas","Clay County",2,41,182,92,90
050,05,021,"Arkansas","Clay County",2,42,157,78,79
050,05,021,"Arkansas","Clay County",2,43,161,88,73
050,05,021,"Arkansas","Clay County",2,44,156,74,82
050,05,021,"Arkansas","Clay County",2,45,160,77,83
050,05,021,"Arkansas","Clay County",2,46,159,77,82
050,05,021,"Arkansas","Clay County",2,47,161,82,79
050,05,021,"Arkansas","Clay County",2,48,178,85,93
050,05,021,"Arkansas","Clay County",2,49,188,93,95
050,05,021,"Arkansas","Clay County",2,50,201,99,102
050,05,021,"Arkansas","Clay County",2,51,187,95,92
050,05,021,"Arkansas","Clay County",2,52,201,104,97
050,05,021,"Arkansas","Clay County",2,53,213,111,102
050,05,021,"Arkansas","Clay County",2,54,196,107,89
050,05,021,"Arkansas","Clay County",2,55,200,105,95
050,05,021,"Arkansas","Clay County",2,56,207,109,98
050,05,021,"Arkansas","Clay County",2,57,218,113,105
050,05,021,"Arkansas","Clay County",2,58,208,101,107
050,05,021,"Arkansas","Clay County",2,59,202,96,106
050,05,021,"Arkansas","Clay County",2,60,199,96,103
050,05,021,"Arkansas","Clay County",2,61,210,105,105
050,05,021,"Arkansas","Clay County",2,62,210,101,109
050,05,021,"Arkansas","Clay County",2,63,205,102,103
050,05,021,"Arkansas","Clay County",2,64,191,95,96
050,05,021,"Arkansas","Clay County",2,65,175,83,92
050,05,021,"Arkansas","Clay County",2,66,182,84,98
050,05,021,"Arkansas","Clay County",2,67,169,77,92
050,05,021,"Arkansas","Clay County",2,68,172,80,92
050,05,021,"Arkansas","Clay County",2,69,177,82,95
050,05,021,"Arkansas","Clay County",2,70,184,82,102
050,05,021,"Arkansas","Clay County",2,71,161,64,97
050,05,021,"Arkansas","Clay County",2,72,162,73,89
050,05,021,"Arkansas","Clay County",2,73,197,96,101
050,05,021,"Arkansas","Clay County",2,74,139,66,73
050,05,021,"Arkansas","Clay County",2,75,138,63,75
050,05,021,"Arkansas","Clay County",2,76,130,60,70
050,05,021,"Arkansas","Clay County",2,77,139,59,80
050,05,021,"Arkansas","Clay County",2,78,129,53,76
050,05,021,"Arkansas","Clay County",2,79,113,47,66
050,05,021,"Arkansas","Clay County",2,80,93,35,58
050,05,021,"Arkansas","Clay County",2,81,89,37,52
050,05,021,"Arkansas","Clay County",2,82,81,34,47
050,05,021,"Arkansas","Clay County",2,83,76,36,40
050,05,021,"Arkansas","Clay County",2,84,72,31,41
050,05,021,"Arkansas","Clay County",2,85,384,140,244
050,05,021,"Arkansas","Clay County",3,0,169,87,82
050,05,021,"Arkansas","Clay County",3,1,152,79,73
050,05,021,"Arkansas","Clay County",3,2,148,82,66
050,05,021,"Arkansas","Clay County",3,3,164,95,69
050,05,021,"Arkansas","Clay County",3,4,164,91,73
050,05,021,"Arkansas","Clay County",3,5,185,88,97
050,05,021,"Arkansas","Clay County",3,6,183,91,92
050,05,021,"Arkansas","Clay County",3,7,184,87,97
050,05,021,"Arkansas","Clay County",3,8,159,83,76
050,05,021,"Arkansas","Clay County",3,9,159,78,81
050,05,021,"Arkansas","Clay County",3,10,169,79,90
050,05,021,"Arkansas","Clay County",3,11,182,93,89
050,05,021,"Arkansas","Clay County",3,12,180,89,91
050,05,021,"Arkansas","Clay County",3,13,168,86,82
050,05,021,"Arkansas","Clay County",3,14,168,82,86
050,05,021,"Arkansas","Clay County",3,15,201,103,98
050,05,021,"Arkansas","Clay County",3,16,199,100,99
050,05,021,"Arkansas","Clay County",3,17,206,115,91
050,05,021,"Arkansas","Clay County",3,18,145,76,69
050,05,021,"Arkansas","Clay County",3,19,115,65,50
050,05,021,"Arkansas","Clay County",3,20,141,72,69
050,05,021,"Arkansas","Clay County",3,21,151,82,69
050,05,021,"Arkansas","Clay County",3,22,137,77,60
050,05,021,"Arkansas","Clay County",3,23,151,78,73
050,05,021,"Arkansas","Clay County",3,24,176,90,86
050,05,021,"Arkansas","Clay County",3,25,179,85,94
050,05,021,"Arkansas","Clay County",3,26,168,81,87
050,05,021,"Arkansas","Clay County",3,27,164,93,71
050,05,021,"Arkansas","Clay County",3,28,164,80,84
050,05,021,"Arkansas","Clay County",3,29,185,102,83
050,05,021,"Arkansas","Clay County",3,30,199,102,97
050,05,021,"Arkansas","Clay County",3,31,181,86,95
050,05,021,"Arkansas","Clay County",3,32,173,93,80
050,05,021,"Arkansas","Clay County",3,33,161,88,73
050,05,021,"Arkansas","Clay County",3,34,139,75,64
050,05,021,"Arkansas","Clay County",3,35,147,67,80
050,05,021,"Arkansas","Clay County",3,36,143,63,80
050,05,021,"Arkansas","Clay County",3,37,136,69,67
050,05,021,"Arkansas","Clay County",3,38,149,71,78
050,05,021,"Arkansas","Clay County",3,39,157,82,75
050,05,021,"Arkansas","Clay County",3,40,170,90,80
050,05,021,"Arkansas","Clay County",3,41,176,98,78
050,05,021,"Arkansas","Clay County",3,42,183,97,86
050,05,021,"Arkansas","Clay County",3,43,163,84,79
050,05,021,"Arkansas","Clay County",3,44,163,89,74
050,05,021,"Arkansas","Clay County",3,45,159,76,83
050,05,021,"Arkansas","Clay County",3,46,158,76,82
050,05,021,"Arkansas","Clay County",3,47,153,71,82
050,05,021,"Arkansas","Clay County",3,48,157,78,79
050,05,021,"Arkansas","Clay County",3,49,175,84,91
050,05,021,"Arkansas","Clay County",3,50,192,91,101
050,05,021,"Arkansas","Clay County",3,51,189,88,101
050,05,021,"Arkansas","Clay County",3,52,187,95,92
050,05,021,"Arkansas","Clay County",3,53,200,104,96
050,05,021,"Arkansas","Clay County",3,54,212,108,104
050,05,021,"Arkansas","Clay County",3,55,194,105,89
050,05,021,"Arkansas","Clay County",3,56,198,105,93
050,05,021,"Arkansas","Clay County",3,57,213,115,98
050,05,021,"Arkansas","Clay County",3,58,217,113,104
050,05,021,"Arkansas","Clay County",3,59,206,97,109
050,05,021,"Arkansas","Clay County",3,60,206,98,108
050,05,021,"Arkansas","Clay County",3,61,188,90,98
050,05,021,"Arkansas","Clay County",3,62,210,106,104
050,05,021,"Arkansas","Clay County",3,63,207,103,104
050,05,021,"Arkansas","Clay County",3,64,199,101,98
050,05,021,"Arkansas","Clay County",3,65,194,94,100
050,05,021,"Arkansas","Clay County",3,66,170,82,88
050,05,021,"Arkansas","Clay County",3,67,168,75,93
050,05,021,"Arkansas","Clay County",3,68,167,78,89
050,05,021,"Arkansas","Clay County",3,69,171,75,96
050,05,021,"Arkansas","Clay County",3,70,171,81,90
050,05,021,"Arkansas","Clay County",3,71,175,76,99
050,05,021,"Arkansas","Clay County",3,72,159,63,96
050,05,021,"Arkansas","Clay County",3,73,142,57,85
050,05,021,"Arkansas","Clay County",3,74,179,85,94
050,05,021,"Arkansas","Clay County",3,75,127,64,63
050,05,021,"Arkansas","Clay County",3,76,136,62,74
050,05,021,"Arkansas","Clay County",3,77,123,57,66
050,05,021,"Arkansas","Clay County",3,78,120,46,74
050,05,021,"Arkansas","Clay County",3,79,121,49,72
050,05,021,"Arkansas","Clay County",3,80,101,44,57
050,05,021,"Arkansas","Clay County",3,81,86,32,54
050,05,021,"Arkansas","Clay County",3,82,72,33,39
050,05,021,"Arkansas","Clay County",3,83,71,31,40
050,05,021,"Arkansas","Clay County",3,84,68,30,38
050,05,021,"Arkansas","Clay County",3,85,365,133,232
050,05,021,"Arkansas","Clay County",4,0,164,77,87
050,05,021,"Arkansas","Clay County",4,1,170,89,81
050,05,021,"Arkansas","Clay County",4,2,166,89,77
050,05,021,"Arkansas","Clay County",4,3,159,87,72
050,05,021,"Arkansas","Clay County",4,4,167,97,70
050,05,021,"Arkansas","Clay County",4,5,171,93,78
050,05,021,"Arkansas","Clay County",4,6,183,87,96
050,05,021,"Arkansas","Clay County",4,7,180,93,87
050,05,021,"Arkansas","Clay County",4,8,184,85,99
050,05,021,"Arkansas","Clay County",4,9,161,85,76
050,05,021,"Arkansas","Clay County",4,10,154,75,79
050,05,021,"Arkansas","Clay County",4,11,155,72,83
050,05,021,"Arkansas","Clay County",4,12,180,89,91
050,05,021,"Arkansas","Clay County",4,13,182,91,91
050,05,021,"Arkansas","Clay County",4,14,169,88,81
050,05,021,"Arkansas","Clay County",4,15,165,80,85
050,05,021,"Arkansas","Clay County",4,16,201,103,98
050,05,021,"Arkansas","Clay County",4,17,199,99,100
050,05,021,"Arkansas","Clay County",4,18,173,96,77
050,05,021,"Arkansas","Clay County",4,19,113,62,51
050,05,021,"Arkansas","Clay County",4,20,127,68,59
050,05,021,"Arkansas","Clay County",4,21,145,75,70
050,05,021,"Arkansas","Clay County",4,22,154,83,71
050,05,021,"Arkansas","Clay County",4,23,140,74,66
050,05,021,"Arkansas","Clay County",4,24,156,79,77
050,05,021,"Arkansas","Clay County",4,25,169,86,83
050,05,021,"Arkansas","Clay County",4,26,185,91,94
050,05,021,"Arkansas","Clay County",4,27,172,85,87
050,05,021,"Arkansas","Clay County",4,28,168,88,80
050,05,021,"Arkansas","Clay County",4,29,179,92,87
050,05,021,"Arkansas","Clay County",4,30,185,107,78
050,05,021,"Arkansas","Clay County",4,31,200,106,94
050,05,021,"Arkansas","Clay County",4,32,189,90,99
050,05,021,"Arkansas","Clay County",4,33,167,90,77
050,05,021,"Arkansas","Clay County",4,34,166,91,75
050,05,021,"Arkansas","Clay County",4,35,140,72,68
050,05,021,"Arkansas","Clay County",4,36,152,67,85
050,05,021,"Arkansas","Clay County",4,37,136,54,82
050,05,021,"Arkansas","Clay County",4,38,141,74,67
050,05,021,"Arkansas","Clay County",4,39,148,77,71
050,05,021,"Arkansas","Clay County",4,40,168,91,77
050,05,021,"Arkansas","Clay County",4,41,172,89,83
050,05,021,"Arkansas","Clay County",4,42,165,96,69
050,05,021,"Arkansas","Clay County",4,43,177,92,85
050,05,021,"Arkansas","Clay County",4,44,159,82,77
050,05,021,"Arkansas","Clay County",4,45,163,93,70
050,05,021,"Arkansas","Clay County",4,46,156,75,81
050,05,021,"Arkansas","Clay County",4,47,166,82,84
050,05,021,"Arkansas","Clay County",4,48,155,72,83
050,05,021,"Arkansas","Clay County",4,49,154,76,78
050,05,021,"Arkansas","Clay County",4,50,181,87,94
050,05,021,"Arkansas","Clay County",4,51,190,89,101
050,05,021,"Arkansas","Clay County",4,52,192,91,101
050,05,021,"Arkansas","Clay County",4,53,184,90,94
050,05,021,"Arkansas","Clay County",4,54,202,102,100
050,05,021,"Arkansas","Clay County",4,55,214,106,108
050,05,021,"Arkansas","Clay County",4,56,192,104,88
050,05,021,"Arkansas","Clay County",4,57,198,106,92
050,05,021,"Arkansas","Clay County",4,58,204,110,94
050,05,021,"Arkansas","Clay County",4,59,210,110,100
050,05,021,"Arkansas","Clay County",4,60,202,93,109
050,05,021,"Arkansas","Clay County",4,61,203,94,109
050,05,021,"Arkansas","Clay County",4,62,187,90,97
050,05,021,"Arkansas","Clay County",4,63,204,105,99
050,05,021,"Arkansas","Clay County",4,64,204,102,102
050,05,021,"Arkansas","Clay County",4,65,199,98,101
050,05,021,"Arkansas","Clay County",4,66,192,94,98
050,05,021,"Arkansas","Clay County",4,67,165,77,88
050,05,021,"Arkansas","Clay County",4,68,157,69,88
050,05,021,"Arkansas","Clay County",4,69,158,76,82
050,05,021,"Arkansas","Clay County",4,70,160,73,87
050,05,021,"Arkansas","Clay County",4,71,158,73,85
050,05,021,"Arkansas","Clay County",4,72,169,75,94
050,05,021,"Arkansas","Clay County",4,73,152,56,96
050,05,021,"Arkansas","Clay County",4,74,132,50,82
050,05,021,"Arkansas","Clay County",4,75,163,79,84
050,05,021,"Arkansas","Clay County",4,76,125,62,63
050,05,021,"Arkansas","Clay County",4,77,127,56,71
050,05,021,"Arkansas","Clay County",4,78,116,50,66
050,05,021,"Arkansas","Clay County",4,79,112,45,67
050,05,021,"Arkansas","Clay County",4,80,114,46,68
050,05,021,"Arkansas","Clay County",4,81,96,41,55
050,05,021,"Arkansas","Clay County",4,82,74,28,46
050,05,021,"Arkansas","Clay County",4,83,57,28,29
050,05,021,"Arkansas","Clay County",4,84,69,28,41
050,05,021,"Arkansas","Clay County",4,85,359,135,224
050,05,021,"Arkansas","Clay County",5,0,157,72,85
050,05,021,"Arkansas","Clay County",5,1,156,74,82
050,05,021,"Arkansas","Clay County",5,2,165,85,80
050,05,021,"Arkansas","Clay County",5,3,158,84,74
050,05,021,"Arkansas","Clay County",5,4,154,82,72
050,05,021,"Arkansas","Clay County",5,5,168,95,73
050,05,021,"Arkansas","Clay County",5,6,166,95,71
050,05,021,"Arkansas","Clay County",5,7,180,82,98
050,05,021,"Arkansas","Clay County",5,8,184,94,90
050,05,021,"Arkansas","Clay County",5,9,180,82,98
050,05,021,"Arkansas","Clay County",5,10,167,87,80
050,05,021,"Arkansas","Clay County",5,11,156,77,79
050,05,021,"Arkansas","Clay County",5,12,155,74,81
050,05,021,"Arkansas","Clay County",5,13,190,97,93
050,05,021,"Arkansas","Clay County",5,14,185,89,96
050,05,021,"Arkansas","Clay County",5,15,157,87,70
050,05,021,"Arkansas","Clay County",5,16,163,75,88
050,05,021,"Arkansas","Clay County",5,17,206,107,99
050,05,021,"Arkansas","Clay County",5,18,161,86,75
050,05,021,"Arkansas","Clay County",5,19,126,69,57
050,05,021,"Arkansas","Clay County",5,20,105,61,44
050,05,021,"Arkansas","Clay County",5,21,128,68,60
050,05,021,"Arkansas","Clay County",5,22,160,85,75
050,05,021,"Arkansas","Clay County",5,23,165,91,74
050,05,021,"Arkansas","Clay County",5,24,146,71,75
050,05,021,"Arkansas","Clay County",5,25,163,83,80
050,05,021,"Arkansas","Clay County",5,26,173,86,87
050,05,021,"Arkansas","Clay County",5,27,188,92,96
050,05,021,"Arkansas","Clay County",5,28,168,84,84
050,05,021,"Arkansas","Clay County",5,29,173,84,89
050,05,021,"Arkansas","Clay County",5,30,169,89,80
050,05,021,"Arkansas","Clay County",5,31,191,114,77
050,05,021,"Arkansas","Clay County",5,32,188,97,91
050,05,021,"Arkansas","Clay County",5,33,191,91,100
050,05,021,"Arkansas","Clay County",5,34,168,95,73
050,05,021,"Arkansas","Clay County",5,35,167,92,75
050,05,021,"Arkansas","Clay County",5,36,131,69,62
050,05,021,"Arkansas","Clay County",5,37,156,68,88
050,05,021,"Arkansas","Clay County",5,38,145,64,81
050,05,021,"Arkansas","Clay County",5,39,138,74,64
050,05,021,"Arkansas","Clay County",5,40,155,79,76
050,05,021,"Arkansas","Clay County",5,41,161,81,80
050,05,021,"Arkansas","Clay County",5,42,167,86,81
050,05,021,"Arkansas","Clay County",5,43,163,93,70
050,05,021,"Arkansas","Clay County",5,44,181,96,85
050,05,021,"Arkansas","Clay County",5,45,162,85,77
050,05,021,"Arkansas","Clay County",5,46,157,90,67
050,05,021,"Arkansas","Clay County",5,47,154,73,81
050,05,021,"Arkansas","Clay County",5,48,176,89,87
050,05,021,"Arkansas","Clay County",5,49,155,74,81
050,05,021,"Arkansas","Clay County",5,50,154,74,80
050,05,021,"Arkansas","Clay County",5,51,186,89,97
050,05,021,"Arkansas","Clay County",5,52,195,91,104
050,05,021,"Arkansas","Clay County",5,53,197,93,104
050,05,021,"Arkansas","Clay County",5,54,185,87,98
050,05,021,"Arkansas","Clay County",5,55,200,101,99
050,05,021,"Arkansas","Clay County",5,56,209,105,104
050,05,021,"Arkansas","Clay County",5,57,198,108,90
050,05,021,"Arkansas","Clay County",5,58,193,103,90
050,05,021,"Arkansas","Clay County",5,59,209,112,97
050,05,021,"Arkansas","Clay County",5,60,209,106,103
050,05,021,"Arkansas","Clay County",5,61,202,88,114
050,05,021,"Arkansas","Clay County",5,62,204,96,108
050,05,021,"Arkansas","Clay County",5,63,193,94,99
050,05,021,"Arkansas","Clay County",5,64,203,108,95
050,05,021,"Arkansas","Clay County",5,65,206,103,103
050,05,021,"Arkansas","Clay County",5,66,194,94,100
050,05,021,"Arkansas","Clay County",5,67,186,90,96
050,05,021,"Arkansas","Clay County",5,68,161,74,87
050,05,021,"Arkansas","Clay County",5,69,160,69,91
050,05,021,"Arkansas","Clay County",5,70,154,72,82
050,05,021,"Arkansas","Clay County",5,71,151,66,85
050,05,021,"Arkansas","Clay County",5,72,159,76,83
050,05,021,"Arkansas","Clay County",5,73,165,69,96
050,05,021,"Arkansas","Clay County",5,74,136,46,90
050,05,021,"Arkansas","Clay County",5,75,117,45,72
050,05,021,"Arkansas","Clay County",5,76,154,72,82
050,05,021,"Arkansas","Clay County",5,77,121,57,64
050,05,021,"Arkansas","Clay County",5,78,124,52,72
050,05,021,"Arkansas","Clay County",5,79,112,47,65
050,05,021,"Arkansas","Clay County",5,80,105,42,63
050,05,021,"Arkansas","Clay County",5,81,108,44,64
050,05,021,"Arkansas","Clay County",5,82,89,40,49
050,05,021,"Arkansas","Clay County",5,83,64,25,39
050,05,021,"Arkansas","Clay County",5,84,58,27,31
050,05,021,"Arkansas","Clay County",5,85,362,137,225
050,05,023,"Arkansas","Cleburne County",1,0,211,109,102
050,05,023,"Arkansas","Cleburne County",1,1,215,116,99
050,05,023,"Arkansas","Cleburne County",1,2,224,117,107
050,05,023,"Arkansas","Cleburne County",1,3,241,125,116
050,05,023,"Arkansas","Cleburne County",1,4,212,104,108
050,05,023,"Arkansas","Cleburne County",1,5,234,120,114
050,05,023,"Arkansas","Cleburne County",1,6,235,103,132
050,05,023,"Arkansas","Cleburne County",1,7,255,125,130
050,05,023,"Arkansas","Cleburne County",1,8,245,118,127
050,05,023,"Arkansas","Cleburne County",1,9,271,143,128
050,05,023,"Arkansas","Cleburne County",1,10,283,161,122
050,05,023,"Arkansas","Cleburne County",1,11,294,150,144
050,05,023,"Arkansas","Cleburne County",1,12,307,158,149
050,05,023,"Arkansas","Cleburne County",1,13,311,151,160
050,05,023,"Arkansas","Cleburne County",1,14,283,139,144
050,05,023,"Arkansas","Cleburne County",1,15,289,143,146
050,05,023,"Arkansas","Cleburne County",1,16,300,148,152
050,05,023,"Arkansas","Cleburne County",1,17,292,145,147
050,05,023,"Arkansas","Cleburne County",1,18,271,148,123
050,05,023,"Arkansas","Cleburne County",1,19,197,106,91
050,05,023,"Arkansas","Cleburne County",1,20,194,110,84
050,05,023,"Arkansas","Cleburne County",1,21,209,111,98
050,05,023,"Arkansas","Cleburne County",1,22,235,117,118
050,05,023,"Arkansas","Cleburne County",1,23,208,100,108
050,05,023,"Arkansas","Cleburne County",1,24,208,119,89
050,05,023,"Arkansas","Cleburne County",1,25,214,123,91
050,05,023,"Arkansas","Cleburne County",1,26,229,116,113
050,05,023,"Arkansas","Cleburne County",1,27,231,117,114
050,05,023,"Arkansas","Cleburne County",1,28,223,109,114
050,05,023,"Arkansas","Cleburne County",1,29,268,136,132
050,05,023,"Arkansas","Cleburne County",1,30,233,114,119
050,05,023,"Arkansas","Cleburne County",1,31,231,115,116
050,05,023,"Arkansas","Cleburne County",1,32,251,141,110
050,05,023,"Arkansas","Cleburne County",1,33,234,126,108
050,05,023,"Arkansas","Cleburne County",1,34,240,117,123
050,05,023,"Arkansas","Cleburne County",1,35,237,107,130
050,05,023,"Arkansas","Cleburne County",1,36,229,106,123
050,05,023,"Arkansas","Cleburne County",1,37,281,136,145
050,05,023,"Arkansas","Cleburne County",1,38,291,142,149
050,05,023,"Arkansas","Cleburne County",1,39,280,155,125
050,05,023,"Arkansas","Cleburne County",1,40,270,141,129
050,05,023,"Arkansas","Cleburne County",1,41,245,117,128
050,05,023,"Arkansas","Cleburne County",1,42,270,126,144
050,05,023,"Arkansas","Cleburne County",1,43,246,126,120
050,05,023,"Arkansas","Cleburne County",1,44,249,130,119
050,05,023,"Arkansas","Cleburne County",1,45,278,134,144
050,05,023,"Arkansas","Cleburne County",1,46,275,136,139
050,05,023,"Arkansas","Cleburne County",1,47,259,142,117
050,05,023,"Arkansas","Cleburne County",1,48,282,135,147
050,05,023,"Arkansas","Cleburne County",1,49,296,154,142
050,05,023,"Arkansas","Cleburne County",1,50,277,152,125
050,05,023,"Arkansas","Cleburne County",1,51,287,151,136
050,05,023,"Arkansas","Cleburne County",1,52,297,153,144
050,05,023,"Arkansas","Cleburne County",1,53,317,158,159
050,05,023,"Arkansas","Cleburne County",1,54,339,167,172
050,05,023,"Arkansas","Cleburne County",1,55,382,179,203
050,05,023,"Arkansas","Cleburne County",1,56,396,190,206
050,05,023,"Arkansas","Cleburne County",1,57,429,214,215
050,05,023,"Arkansas","Cleburne County",1,58,390,201,189
050,05,023,"Arkansas","Cleburne County",1,59,362,185,177
050,05,023,"Arkansas","Cleburne County",1,60,404,223,181
050,05,023,"Arkansas","Cleburne County",1,61,409,208,201
050,05,023,"Arkansas","Cleburne County",1,62,392,174,218
050,05,023,"Arkansas","Cleburne County",1,63,397,199,198
050,05,023,"Arkansas","Cleburne County",1,64,411,191,220
050,05,023,"Arkansas","Cleburne County",1,65,392,177,215
050,05,023,"Arkansas","Cleburne County",1,66,402,184,218
050,05,023,"Arkansas","Cleburne County",1,67,374,177,197
050,05,023,"Arkansas","Cleburne County",1,68,370,179,191
050,05,023,"Arkansas","Cleburne County",1,69,335,168,167
050,05,023,"Arkansas","Cleburne County",1,70,339,160,179
050,05,023,"Arkansas","Cleburne County",1,71,366,178,188
050,05,023,"Arkansas","Cleburne County",1,72,377,193,184
050,05,023,"Arkansas","Cleburne County",1,73,384,193,191
050,05,023,"Arkansas","Cleburne County",1,74,281,131,150
050,05,023,"Arkansas","Cleburne County",1,75,280,131,149
050,05,023,"Arkansas","Cleburne County",1,76,276,131,145
050,05,023,"Arkansas","Cleburne County",1,77,282,136,146
050,05,023,"Arkansas","Cleburne County",1,78,270,123,147
050,05,023,"Arkansas","Cleburne County",1,79,254,116,138
050,05,023,"Arkansas","Cleburne County",1,80,221,113,108
050,05,023,"Arkansas","Cleburne County",1,81,201,85,116
050,05,023,"Arkansas","Cleburne County",1,82,160,67,93
050,05,023,"Arkansas","Cleburne County",1,83,130,61,69
050,05,023,"Arkansas","Cleburne County",1,84,158,70,88
050,05,023,"Arkansas","Cleburne County",1,85,803,345,458
050,05,023,"Arkansas","Cleburne County",2,0,212,107,105
050,05,023,"Arkansas","Cleburne County",2,1,215,116,99
050,05,023,"Arkansas","Cleburne County",2,2,223,117,106
050,05,023,"Arkansas","Cleburne County",2,3,235,122,113
050,05,023,"Arkansas","Cleburne County",2,4,220,110,110
050,05,023,"Arkansas","Cleburne County",2,5,228,114,114
050,05,023,"Arkansas","Cleburne County",2,6,233,106,127
050,05,023,"Arkansas","Cleburne County",2,7,249,118,131
050,05,023,"Arkansas","Cleburne County",2,8,245,119,126
050,05,023,"Arkansas","Cleburne County",2,9,264,137,127
050,05,023,"Arkansas","Cleburne County",2,10,282,158,124
050,05,023,"Arkansas","Cleburne County",2,11,288,151,137
050,05,023,"Arkansas","Cleburne County",2,12,304,156,148
050,05,023,"Arkansas","Cleburne County",2,13,310,154,156
050,05,023,"Arkansas","Cleburne County",2,14,291,143,148
050,05,023,"Arkansas","Cleburne County",2,15,287,142,145
050,05,023,"Arkansas","Cleburne County",2,16,301,148,153
050,05,023,"Arkansas","Cleburne County",2,17,297,147,150
050,05,023,"Arkansas","Cleburne County",2,18,261,139,122
050,05,023,"Arkansas","Cleburne County",2,19,203,110,93
050,05,023,"Arkansas","Cleburne County",2,20,197,109,88
050,05,023,"Arkansas","Cleburne County",2,21,208,110,98
050,05,023,"Arkansas","Cleburne County",2,22,228,114,114
050,05,023,"Arkansas","Cleburne County",2,23,213,104,109
050,05,023,"Arkansas","Cleburne County",2,24,207,114,93
050,05,023,"Arkansas","Cleburne County",2,25,217,124,93
050,05,023,"Arkansas","Cleburne County",2,26,229,120,109
050,05,023,"Arkansas","Cleburne County",2,27,229,117,112
050,05,023,"Arkansas","Cleburne County",2,28,225,113,112
050,05,023,"Arkansas","Cleburne County",2,29,259,130,129
050,05,023,"Arkansas","Cleburne County",2,30,244,120,124
050,05,023,"Arkansas","Cleburne County",2,31,232,116,116
050,05,023,"Arkansas","Cleburne County",2,32,245,134,111
050,05,023,"Arkansas","Cleburne County",2,33,236,127,109
050,05,023,"Arkansas","Cleburne County",2,34,239,119,120
050,05,023,"Arkansas","Cleburne County",2,35,240,112,128
050,05,023,"Arkansas","Cleburne County",2,36,229,107,122
050,05,023,"Arkansas","Cleburne County",2,37,270,129,141
050,05,023,"Arkansas","Cleburne County",2,38,290,142,148
050,05,023,"Arkansas","Cleburne County",2,39,281,153,128
050,05,023,"Arkansas","Cleburne County",2,40,276,146,130
050,05,023,"Arkansas","Cleburne County",2,41,254,124,130
050,05,023,"Arkansas","Cleburne County",2,42,261,123,138
050,05,023,"Arkansas","Cleburne County",2,43,252,127,125
050,05,023,"Arkansas","Cleburne County",2,44,248,129,119
050,05,023,"Arkansas","Cleburne County",2,45,273,133,140
050,05,023,"Arkansas","Cleburne County",2,46,275,136,139
050,05,023,"Arkansas","Cleburne County",2,47,260,138,122
050,05,023,"Arkansas","Cleburne County",2,48,276,137,139
050,05,023,"Arkansas","Cleburne County",2,49,297,152,145
050,05,023,"Arkansas","Cleburne County",2,50,279,152,127
050,05,023,"Arkansas","Cleburne County",2,51,285,152,133
050,05,023,"Arkansas","Cleburne County",2,52,294,152,142
050,05,023,"Arkansas","Cleburne County",2,53,313,158,155
050,05,023,"Arkansas","Cleburne County",2,54,333,163,170
050,05,023,"Arkansas","Cleburne County",2,55,372,176,196
050,05,023,"Arkansas","Cleburne County",2,56,395,187,208
050,05,023,"Arkansas","Cleburne County",2,57,424,211,213
050,05,023,"Arkansas","Cleburne County",2,58,401,206,195
050,05,023,"Arkansas","Cleburne County",2,59,376,192,184
050,05,023,"Arkansas","Cleburne County",2,60,390,211,179
050,05,023,"Arkansas","Cleburne County",2,61,406,211,195
050,05,023,"Arkansas","Cleburne County",2,62,402,185,217
050,05,023,"Arkansas","Cleburne County",2,63,405,199,206
050,05,023,"Arkansas","Cleburne County",2,64,408,194,214
050,05,023,"Arkansas","Cleburne County",2,65,398,181,217
050,05,023,"Arkansas","Cleburne County",2,66,401,182,219
050,05,023,"Arkansas","Cleburne County",2,67,378,178,200
050,05,023,"Arkansas","Cleburne County",2,68,371,179,192
050,05,023,"Arkansas","Cleburne County",2,69,346,173,173
050,05,023,"Arkansas","Cleburne County",2,70,339,164,175
050,05,023,"Arkansas","Cleburne County",2,71,360,175,185
050,05,023,"Arkansas","Cleburne County",2,72,366,183,183
050,05,023,"Arkansas","Cleburne County",2,73,400,201,199
050,05,023,"Arkansas","Cleburne County",2,74,283,137,146
050,05,023,"Arkansas","Cleburne County",2,75,278,131,147
050,05,023,"Arkansas","Cleburne County",2,76,273,127,146
050,05,023,"Arkansas","Cleburne County",2,77,288,138,150
050,05,023,"Arkansas","Cleburne County",2,78,266,122,144
050,05,023,"Arkansas","Cleburne County",2,79,251,115,136
050,05,023,"Arkansas","Cleburne County",2,80,227,114,113
050,05,023,"Arkansas","Cleburne County",2,81,204,91,113
050,05,023,"Arkansas","Cleburne County",2,82,165,70,95
050,05,023,"Arkansas","Cleburne County",2,83,135,61,74
050,05,023,"Arkansas","Cleburne County",2,84,151,68,83
050,05,023,"Arkansas","Cleburne County",2,85,803,351,452
050,05,023,"Arkansas","Cleburne County",3,0,211,119,92
050,05,023,"Arkansas","Cleburne County",3,1,209,113,96
050,05,023,"Arkansas","Cleburne County",3,2,225,122,103
050,05,023,"Arkansas","Cleburne County",3,3,238,125,113
050,05,023,"Arkansas","Cleburne County",3,4,238,125,113
050,05,023,"Arkansas","Cleburne County",3,5,224,102,122
050,05,023,"Arkansas","Cleburne County",3,6,248,123,125
050,05,023,"Arkansas","Cleburne County",3,7,255,120,135
050,05,023,"Arkansas","Cleburne County",3,8,273,133,140
050,05,023,"Arkansas","Cleburne County",3,9,265,128,137
050,05,023,"Arkansas","Cleburne County",3,10,268,141,127
050,05,023,"Arkansas","Cleburne County",3,11,296,161,135
050,05,023,"Arkansas","Cleburne County",3,12,296,156,140
050,05,023,"Arkansas","Cleburne County",3,13,324,165,159
050,05,023,"Arkansas","Cleburne County",3,14,310,150,160
050,05,023,"Arkansas","Cleburne County",3,15,299,145,154
050,05,023,"Arkansas","Cleburne County",3,16,289,150,139
050,05,023,"Arkansas","Cleburne County",3,17,304,151,153
050,05,023,"Arkansas","Cleburne County",3,18,248,126,122
050,05,023,"Arkansas","Cleburne County",3,19,207,110,97
050,05,023,"Arkansas","Cleburne County",3,20,221,118,103
050,05,023,"Arkansas","Cleburne County",3,21,216,118,98
050,05,023,"Arkansas","Cleburne County",3,22,223,120,103
050,05,023,"Arkansas","Cleburne County",3,23,232,119,113
050,05,023,"Arkansas","Cleburne County",3,24,221,109,112
050,05,023,"Arkansas","Cleburne County",3,25,206,112,94
050,05,023,"Arkansas","Cleburne County",3,26,219,123,96
050,05,023,"Arkansas","Cleburne County",3,27,217,125,92
050,05,023,"Arkansas","Cleburne County",3,28,245,118,127
050,05,023,"Arkansas","Cleburne County",3,29,239,120,119
050,05,023,"Arkansas","Cleburne County",3,30,277,136,141
050,05,023,"Arkansas","Cleburne County",3,31,250,127,123
050,05,023,"Arkansas","Cleburne County",3,32,244,127,117
050,05,023,"Arkansas","Cleburne County",3,33,244,134,110
050,05,023,"Arkansas","Cleburne County",3,34,244,129,115
050,05,023,"Arkansas","Cleburne County",3,35,246,122,124
050,05,023,"Arkansas","Cleburne County",3,36,246,122,124
050,05,023,"Arkansas","Cleburne County",3,37,243,115,128
050,05,023,"Arkansas","Cleburne County",3,38,276,133,143
050,05,023,"Arkansas","Cleburne County",3,39,306,153,153
050,05,023,"Arkansas","Cleburne County",3,40,288,155,133
050,05,023,"Arkansas","Cleburne County",3,41,279,141,138
050,05,023,"Arkansas","Cleburne County",3,42,265,130,135
050,05,023,"Arkansas","Cleburne County",3,43,250,119,131
050,05,023,"Arkansas","Cleburne County",3,44,256,128,128
050,05,023,"Arkansas","Cleburne County",3,45,258,130,128
050,05,023,"Arkansas","Cleburne County",3,46,279,137,142
050,05,023,"Arkansas","Cleburne County",3,47,284,138,146
050,05,023,"Arkansas","Cleburne County",3,48,266,138,128
050,05,023,"Arkansas","Cleburne County",3,49,289,142,147
050,05,023,"Arkansas","Cleburne County",3,50,303,154,149
050,05,023,"Arkansas","Cleburne County",3,51,280,151,129
050,05,023,"Arkansas","Cleburne County",3,52,306,161,145
050,05,023,"Arkansas","Cleburne County",3,53,296,158,138
050,05,023,"Arkansas","Cleburne County",3,54,320,155,165
050,05,023,"Arkansas","Cleburne County",3,55,333,167,166
050,05,023,"Arkansas","Cleburne County",3,56,378,179,199
050,05,023,"Arkansas","Cleburne County",3,57,416,190,226
050,05,023,"Arkansas","Cleburne County",3,58,441,220,221
050,05,023,"Arkansas","Cleburne County",3,59,412,213,199
050,05,023,"Arkansas","Cleburne County",3,60,386,191,195
050,05,023,"Arkansas","Cleburne County",3,61,399,218,181
050,05,023,"Arkansas","Cleburne County",3,62,411,218,193
050,05,023,"Arkansas","Cleburne County",3,63,405,181,224
050,05,023,"Arkansas","Cleburne County",3,64,413,201,212
050,05,023,"Arkansas","Cleburne County",3,65,430,204,226
050,05,023,"Arkansas","Cleburne County",3,66,409,187,222
050,05,023,"Arkansas","Cleburne County",3,67,407,193,214
050,05,023,"Arkansas","Cleburne County",3,68,376,176,200
050,05,023,"Arkansas","Cleburne County",3,69,369,173,196
050,05,023,"Arkansas","Cleburne County",3,70,343,172,171
050,05,023,"Arkansas","Cleburne County",3,71,336,169,167
050,05,023,"Arkansas","Cleburne County",3,72,353,172,181
050,05,023,"Arkansas","Cleburne County",3,73,344,168,176
050,05,023,"Arkansas","Cleburne County",3,74,380,194,186
050,05,023,"Arkansas","Cleburne County",3,75,270,134,136
050,05,023,"Arkansas","Cleburne County",3,76,270,130,140
050,05,023,"Arkansas","Cleburne County",3,77,256,118,138
050,05,023,"Arkansas","Cleburne County",3,78,276,132,144
050,05,023,"Arkansas","Cleburne County",3,79,247,113,134
050,05,023,"Arkansas","Cleburne County",3,80,241,106,135
050,05,023,"Arkansas","Cleburne County",3,81,200,99,101
050,05,023,"Arkansas","Cleburne County",3,82,187,81,106
050,05,023,"Arkansas","Cleburne County",3,83,155,63,92
050,05,023,"Arkansas","Cleburne County",3,84,135,60,75
050,05,023,"Arkansas","Cleburne County",3,85,789,351,438
050,05,023,"Arkansas","Cleburne County",4,0,219,108,111
050,05,023,"Arkansas","Cleburne County",4,1,206,114,92
050,05,023,"Arkansas","Cleburne County",4,2,220,123,97
050,05,023,"Arkansas","Cleburne County",4,3,226,120,106
050,05,023,"Arkansas","Cleburne County",4,4,239,129,110
050,05,023,"Arkansas","Cleburne County",4,5,250,126,124
050,05,023,"Arkansas","Cleburne County",4,6,239,115,124
050,05,023,"Arkansas","Cleburne County",4,7,259,133,126
050,05,023,"Arkansas","Cleburne County",4,8,243,120,123
050,05,023,"Arkansas","Cleburne County",4,9,275,134,141
050,05,023,"Arkansas","Cleburne County",4,10,269,131,138
050,05,023,"Arkansas","Cleburne County",4,11,272,138,134
050,05,023,"Arkansas","Cleburne County",4,12,297,162,135
050,05,023,"Arkansas","Cleburne County",4,13,297,161,136
050,05,023,"Arkansas","Cleburne County",4,14,333,167,166
050,05,023,"Arkansas","Cleburne County",4,15,311,155,156
050,05,023,"Arkansas","Cleburne County",4,16,290,142,148
050,05,023,"Arkansas","Cleburne County",4,17,282,144,138
050,05,023,"Arkansas","Cleburne County",4,18,253,134,119
050,05,023,"Arkansas","Cleburne County",4,19,181,92,89
050,05,023,"Arkansas","Cleburne County",4,20,212,115,97
050,05,023,"Arkansas","Cleburne County",4,21,219,116,103
050,05,023,"Arkansas","Cleburne County",4,22,226,123,103
050,05,023,"Arkansas","Cleburne County",4,23,243,123,120
050,05,023,"Arkansas","Cleburne County",4,24,246,131,115
050,05,023,"Arkansas","Cleburne County",4,25,234,118,116
050,05,023,"Arkansas","Cleburne County",4,26,218,119,99
050,05,023,"Arkansas","Cleburne County",4,27,228,127,101
050,05,023,"Arkansas","Cleburne County",4,28,236,134,102
050,05,023,"Arkansas","Cleburne County",4,29,243,114,129
050,05,023,"Arkansas","Cleburne County",4,30,258,127,131
050,05,023,"Arkansas","Cleburne County",4,31,280,134,146
050,05,023,"Arkansas","Cleburne County",4,32,257,130,127
050,05,023,"Arkansas","Cleburne County",4,33,261,134,127
050,05,023,"Arkansas","Cleburne County",4,34,237,131,106
050,05,023,"Arkansas","Cleburne County",4,35,246,131,115
050,05,023,"Arkansas","Cleburne County",4,36,247,126,121
050,05,023,"Arkansas","Cleburne County",4,37,251,126,125
050,05,023,"Arkansas","Cleburne County",4,38,247,120,127
050,05,023,"Arkansas","Cleburne County",4,39,276,131,145
050,05,023,"Arkansas","Cleburne County",4,40,304,147,157
050,05,023,"Arkansas","Cleburne County",4,41,298,159,139
050,05,023,"Arkansas","Cleburne County",4,42,268,134,134
050,05,023,"Arkansas","Cleburne County",4,43,269,129,140
050,05,023,"Arkansas","Cleburne County",4,44,259,124,135
050,05,023,"Arkansas","Cleburne County",4,45,261,126,135
050,05,023,"Arkansas","Cleburne County",4,46,270,134,136
050,05,023,"Arkansas","Cleburne County",4,47,270,130,140
050,05,023,"Arkansas","Cleburne County",4,48,291,148,143
050,05,023,"Arkansas","Cleburne County",4,49,266,144,122
050,05,023,"Arkansas","Cleburne County",4,50,315,159,156
050,05,023,"Arkansas","Cleburne County",4,51,323,165,158
050,05,023,"Arkansas","Cleburne County",4,52,292,156,136
050,05,023,"Arkansas","Cleburne County",4,53,323,172,151
050,05,023,"Arkansas","Cleburne County",4,54,296,150,146
050,05,023,"Arkansas","Cleburne County",4,55,333,160,173
050,05,023,"Arkansas","Cleburne County",4,56,351,173,178
050,05,023,"Arkansas","Cleburne County",4,57,389,187,202
050,05,023,"Arkansas","Cleburne County",4,58,444,206,238
050,05,023,"Arkansas","Cleburne County",4,59,450,230,220
050,05,023,"Arkansas","Cleburne County",4,60,438,224,214
050,05,023,"Arkansas","Cleburne County",4,61,398,200,198
050,05,023,"Arkansas","Cleburne County",4,62,396,216,180
050,05,023,"Arkansas","Cleburne County",4,63,420,216,204
050,05,023,"Arkansas","Cleburne County",4,64,397,179,218
050,05,023,"Arkansas","Cleburne County",4,65,425,200,225
050,05,023,"Arkansas","Cleburne County",4,66,446,213,233
050,05,023,"Arkansas","Cleburne County",4,67,417,195,222
050,05,023,"Arkansas","Cleburne County",4,68,412,203,209
050,05,023,"Arkansas","Cleburne County",4,69,375,173,202
050,05,023,"Arkansas","Cleburne County",4,70,374,182,192
050,05,023,"Arkansas","Cleburne County",4,71,337,173,164
050,05,023,"Arkansas","Cleburne County",4,72,327,163,164
050,05,023,"Arkansas","Cleburne County",4,73,335,159,176
050,05,023,"Arkansas","Cleburne County",4,74,329,160,169
050,05,023,"Arkansas","Cleburne County",4,75,369,183,186
050,05,023,"Arkansas","Cleburne County",4,76,268,135,133
050,05,023,"Arkansas","Cleburne County",4,77,258,128,130
050,05,023,"Arkansas","Cleburne County",4,78,242,110,132
050,05,023,"Arkansas","Cleburne County",4,79,273,126,147
050,05,023,"Arkansas","Cleburne County",4,80,227,104,123
050,05,023,"Arkansas","Cleburne County",4,81,210,88,122
050,05,023,"Arkansas","Cleburne County",4,82,194,94,100
050,05,023,"Arkansas","Cleburne County",4,83,176,79,97
050,05,023,"Arkansas","Cleburne County",4,84,147,54,93
050,05,023,"Arkansas","Cleburne County",4,85,765,340,425
050,05,023,"Arkansas","Cleburne County",5,0,223,110,113
050,05,023,"Arkansas","Cleburne County",5,1,229,111,118
050,05,023,"Arkansas","Cleburne County",5,2,216,117,99
050,05,023,"Arkansas","Cleburne County",5,3,227,123,104
050,05,023,"Arkansas","Cleburne County",5,4,237,134,103
050,05,023,"Arkansas","Cleburne County",5,5,251,133,118
050,05,023,"Arkansas","Cleburne County",5,6,254,137,117
050,05,023,"Arkansas","Cleburne County",5,7,245,114,131
050,05,023,"Arkansas","Cleburne County",5,8,261,131,130
050,05,023,"Arkansas","Cleburne County",5,9,252,121,131
050,05,023,"Arkansas","Cleburne County",5,10,278,137,141
050,05,023,"Arkansas","Cleburne County",5,11,269,125,144
050,05,023,"Arkansas","Cleburne County",5,12,283,146,137
050,05,023,"Arkansas","Cleburne County",5,13,293,159,134
050,05,023,"Arkansas","Cleburne County",5,14,286,150,136
050,05,023,"Arkansas","Cleburne County",5,15,341,168,173
050,05,023,"Arkansas","Cleburne County",5,16,317,162,155
050,05,023,"Arkansas","Cleburne County",5,17,290,139,151
050,05,023,"Arkansas","Cleburne County",5,18,233,125,108
050,05,023,"Arkansas","Cleburne County",5,19,193,101,92
050,05,023,"Arkansas","Cleburne County",5,20,202,102,100
050,05,023,"Arkansas","Cleburne County",5,21,228,125,103
050,05,023,"Arkansas","Cleburne County",5,22,230,114,116
050,05,023,"Arkansas","Cleburne County",5,23,244,133,111
050,05,023,"Arkansas","Cleburne County",5,24,247,120,127
050,05,023,"Arkansas","Cleburne County",5,25,250,137,113
050,05,023,"Arkansas","Cleburne County",5,26,218,121,97
050,05,023,"Arkansas","Cleburne County",5,27,225,125,100
050,05,023,"Arkansas","Cleburne County",5,28,230,130,100
050,05,023,"Arkansas","Cleburne County",5,29,217,124,93
050,05,023,"Arkansas","Cleburne County",5,30,244,115,129
050,05,023,"Arkansas","Cleburne County",5,31,247,117,130
050,05,023,"Arkansas","Cleburne County",5,32,277,130,147
050,05,023,"Arkansas","Cleburne County",5,33,260,128,132
050,05,023,"Arkansas","Cleburne County",5,34,256,130,126
050,05,023,"Arkansas","Cleburne County",5,35,251,139,112
050,05,023,"Arkansas","Cleburne County",5,36,255,135,120
050,05,023,"Arkansas","Cleburne County",5,37,252,128,124
050,05,023,"Arkansas","Cleburne County",5,38,259,130,129
050,05,023,"Arkansas","Cleburne County",5,39,264,123,141
050,05,023,"Arkansas","Cleburne County",5,40,276,133,143
050,05,023,"Arkansas","Cleburne County",5,41,317,152,165
050,05,023,"Arkansas","Cleburne County",5,42,311,161,150
050,05,023,"Arkansas","Cleburne County",5,43,287,149,138
050,05,023,"Arkansas","Cleburne County",5,44,288,147,141
050,05,023,"Arkansas","Cleburne County",5,45,269,131,138
050,05,023,"Arkansas","Cleburne County",5,46,265,129,136
050,05,023,"Arkansas","Cleburne County",5,47,275,137,138
050,05,023,"Arkansas","Cleburne County",5,48,272,131,141
050,05,023,"Arkansas","Cleburne County",5,49,301,151,150
050,05,023,"Arkansas","Cleburne County",5,50,266,151,115
050,05,023,"Arkansas","Cleburne County",5,51,311,159,152
050,05,023,"Arkansas","Cleburne County",5,52,331,172,159
050,05,023,"Arkansas","Cleburne County",5,53,298,157,141
050,05,023,"Arkansas","Cleburne County",5,54,326,168,158
050,05,023,"Arkansas","Cleburne County",5,55,303,147,156
050,05,023,"Arkansas","Cleburne County",5,56,353,173,180
050,05,023,"Arkansas","Cleburne County",5,57,366,176,190
050,05,023,"Arkansas","Cleburne County",5,58,398,192,206
050,05,023,"Arkansas","Cleburne County",5,59,447,212,235
050,05,023,"Arkansas","Cleburne County",5,60,481,251,230
050,05,023,"Arkansas","Cleburne County",5,61,438,219,219
050,05,023,"Arkansas","Cleburne County",5,62,403,198,205
050,05,023,"Arkansas","Cleburne County",5,63,402,220,182
050,05,023,"Arkansas","Cleburne County",5,64,428,217,211
050,05,023,"Arkansas","Cleburne County",5,65,402,181,221
050,05,023,"Arkansas","Cleburne County",5,66,448,212,236
050,05,023,"Arkansas","Cleburne County",5,67,448,217,231
050,05,023,"Arkansas","Cleburne County",5,68,416,198,218
050,05,023,"Arkansas","Cleburne County",5,69,409,199,210
050,05,023,"Arkansas","Cleburne County",5,70,367,175,192
050,05,023,"Arkansas","Cleburne County",5,71,370,180,190
050,05,023,"Arkansas","Cleburne County",5,72,338,170,168
050,05,023,"Arkansas","Cleburne County",5,73,311,152,159
050,05,023,"Arkansas","Cleburne County",5,74,323,152,171
050,05,023,"Arkansas","Cleburne County",5,75,312,153,159
050,05,023,"Arkansas","Cleburne County",5,76,348,172,176
050,05,023,"Arkansas","Cleburne County",5,77,250,127,123
050,05,023,"Arkansas","Cleburne County",5,78,250,125,125
050,05,023,"Arkansas","Cleburne County",5,79,230,104,126
050,05,023,"Arkansas","Cleburne County",5,80,254,118,136
050,05,023,"Arkansas","Cleburne County",5,81,204,92,112
050,05,023,"Arkansas","Cleburne County",5,82,193,78,115
050,05,023,"Arkansas","Cleburne County",5,83,177,86,91
050,05,023,"Arkansas","Cleburne County",5,84,176,79,97
050,05,023,"Arkansas","Cleburne County",5,85,773,338,435
050,05,025,"Arkansas","Cleveland County",1,0,59,31,28
050,05,025,"Arkansas","Cleveland County",1,1,64,31,33
050,05,025,"Arkansas","Cleveland County",1,2,81,32,49
050,05,025,"Arkansas","Cleveland County",1,3,78,36,42
050,05,025,"Arkansas","Cleveland County",1,4,89,49,40
050,05,025,"Arkansas","Cleveland County",1,5,76,44,32
050,05,025,"Arkansas","Cleveland County",1,6,72,34,38
050,05,025,"Arkansas","Cleveland County",1,7,87,45,42
050,05,025,"Arkansas","Cleveland County",1,8,88,42,46
050,05,025,"Arkansas","Cleveland County",1,9,79,43,36
050,05,025,"Arkansas","Cleveland County",1,10,91,47,44
050,05,025,"Arkansas","Cleveland County",1,11,97,48,49
050,05,025,"Arkansas","Cleveland County",1,12,112,60,52
050,05,025,"Arkansas","Cleveland County",1,13,126,65,61
050,05,025,"Arkansas","Cleveland County",1,14,120,56,64
050,05,025,"Arkansas","Cleveland County",1,15,103,47,56
050,05,025,"Arkansas","Cleveland County",1,16,109,56,53
050,05,025,"Arkansas","Cleveland County",1,17,104,60,44
050,05,025,"Arkansas","Cleveland County",1,18,94,50,44
050,05,025,"Arkansas","Cleveland County",1,19,74,36,38
050,05,025,"Arkansas","Cleveland County",1,20,74,35,39
050,05,025,"Arkansas","Cleveland County",1,21,83,39,44
050,05,025,"Arkansas","Cleveland County",1,22,71,33,38
050,05,025,"Arkansas","Cleveland County",1,23,68,33,35
050,05,025,"Arkansas","Cleveland County",1,24,68,37,31
050,05,025,"Arkansas","Cleveland County",1,25,74,41,33
050,05,025,"Arkansas","Cleveland County",1,26,79,40,39
050,05,025,"Arkansas","Cleveland County",1,27,86,44,42
050,05,025,"Arkansas","Cleveland County",1,28,73,41,32
050,05,025,"Arkansas","Cleveland County",1,29,67,34,33
050,05,025,"Arkansas","Cleveland County",1,30,86,37,49
050,05,025,"Arkansas","Cleveland County",1,31,82,31,51
050,05,025,"Arkansas","Cleveland County",1,32,86,50,36
050,05,025,"Arkansas","Cleveland County",1,33,75,46,29
050,05,025,"Arkansas","Cleveland County",1,34,78,42,36
050,05,025,"Arkansas","Cleveland County",1,35,88,41,47
050,05,025,"Arkansas","Cleveland County",1,36,89,42,47
050,05,025,"Arkansas","Cleveland County",1,37,95,47,48
050,05,025,"Arkansas","Cleveland County",1,38,84,47,37
050,05,025,"Arkansas","Cleveland County",1,39,100,49,51
050,05,025,"Arkansas","Cleveland County",1,40,95,41,54
050,05,025,"Arkansas","Cleveland County",1,41,78,32,46
050,05,025,"Arkansas","Cleveland County",1,42,92,38,54
050,05,025,"Arkansas","Cleveland County",1,43,83,41,42
050,05,025,"Arkansas","Cleveland County",1,44,82,34,48
050,05,025,"Arkansas","Cleveland County",1,45,95,46,49
050,05,025,"Arkansas","Cleveland County",1,46,97,56,41
050,05,025,"Arkansas","Cleveland County",1,47,95,46,49
050,05,025,"Arkansas","Cleveland County",1,48,106,53,53
050,05,025,"Arkansas","Cleveland County",1,49,103,49,54
050,05,025,"Arkansas","Cleveland County",1,50,97,46,51
050,05,025,"Arkansas","Cleveland County",1,51,94,48,46
050,05,025,"Arkansas","Cleveland County",1,52,98,51,47
050,05,025,"Arkansas","Cleveland County",1,53,96,56,40
050,05,025,"Arkansas","Cleveland County",1,54,97,61,36
050,05,025,"Arkansas","Cleveland County",1,55,111,64,47
050,05,025,"Arkansas","Cleveland County",1,56,120,53,67
050,05,025,"Arkansas","Cleveland County",1,57,120,52,68
050,05,025,"Arkansas","Cleveland County",1,58,129,66,63
050,05,025,"Arkansas","Cleveland County",1,59,118,57,61
050,05,025,"Arkansas","Cleveland County",1,60,119,64,55
050,05,025,"Arkansas","Cleveland County",1,61,112,66,46
050,05,025,"Arkansas","Cleveland County",1,62,100,54,46
050,05,025,"Arkansas","Cleveland County",1,63,103,53,50
050,05,025,"Arkansas","Cleveland County",1,64,103,53,50
050,05,025,"Arkansas","Cleveland County",1,65,107,49,58
050,05,025,"Arkansas","Cleveland County",1,66,99,46,53
050,05,025,"Arkansas","Cleveland County",1,67,89,36,53
050,05,025,"Arkansas","Cleveland County",1,68,99,46,53
050,05,025,"Arkansas","Cleveland County",1,69,88,46,42
050,05,025,"Arkansas","Cleveland County",1,70,93,39,54
050,05,025,"Arkansas","Cleveland County",1,71,100,49,51
050,05,025,"Arkansas","Cleveland County",1,72,107,54,53
050,05,025,"Arkansas","Cleveland County",1,73,99,49,50
050,05,025,"Arkansas","Cleveland County",1,74,64,30,34
050,05,025,"Arkansas","Cleveland County",1,75,69,33,36
050,05,025,"Arkansas","Cleveland County",1,76,58,27,31
050,05,025,"Arkansas","Cleveland County",1,77,54,28,26
050,05,025,"Arkansas","Cleveland County",1,78,45,23,22
050,05,025,"Arkansas","Cleveland County",1,79,41,19,22
050,05,025,"Arkansas","Cleveland County",1,80,45,16,29
050,05,025,"Arkansas","Cleveland County",1,81,52,26,26
050,05,025,"Arkansas","Cleveland County",1,82,41,15,26
050,05,025,"Arkansas","Cleveland County",1,83,39,18,21
050,05,025,"Arkansas","Cleveland County",1,84,36,14,22
050,05,025,"Arkansas","Cleveland County",1,85,173,63,110
050,05,025,"Arkansas","Cleveland County",2,0,62,27,35
050,05,025,"Arkansas","Cleveland County",2,1,64,31,33
050,05,025,"Arkansas","Cleveland County",2,2,75,31,44
050,05,025,"Arkansas","Cleveland County",2,3,79,35,44
050,05,025,"Arkansas","Cleveland County",2,4,85,44,41
050,05,025,"Arkansas","Cleveland County",2,5,79,45,34
050,05,025,"Arkansas","Cleveland County",2,6,72,36,36
050,05,025,"Arkansas","Cleveland County",2,7,84,42,42
050,05,025,"Arkansas","Cleveland County",2,8,88,42,46
050,05,025,"Arkansas","Cleveland County",2,9,84,45,39
050,05,025,"Arkansas","Cleveland County",2,10,93,48,45
050,05,025,"Arkansas","Cleveland County",2,11,97,48,49
050,05,025,"Arkansas","Cleveland County",2,12,111,58,53
050,05,025,"Arkansas","Cleveland County",2,13,123,64,59
050,05,025,"Arkansas","Cleveland County",2,14,119,57,62
050,05,025,"Arkansas","Cleveland County",2,15,108,50,58
050,05,025,"Arkansas","Cleveland County",2,16,107,54,53
050,05,025,"Arkansas","Cleveland County",2,17,106,60,46
050,05,025,"Arkansas","Cleveland County",2,18,91,50,41
050,05,025,"Arkansas","Cleveland County",2,19,74,37,37
050,05,025,"Arkansas","Cleveland County",2,20,76,36,40
050,05,025,"Arkansas","Cleveland County",2,21,82,38,44
050,05,025,"Arkansas","Cleveland County",2,22,74,34,40
050,05,025,"Arkansas","Cleveland County",2,23,69,33,36
050,05,025,"Arkansas","Cleveland County",2,24,68,37,31
050,05,025,"Arkansas","Cleveland County",2,25,72,40,32
050,05,025,"Arkansas","Cleveland County",2,26,82,42,40
050,05,025,"Arkansas","Cleveland County",2,27,85,44,41
050,05,025,"Arkansas","Cleveland County",2,28,75,42,33
050,05,025,"Arkansas","Cleveland County",2,29,69,36,33
050,05,025,"Arkansas","Cleveland County",2,30,81,35,46
050,05,025,"Arkansas","Cleveland County",2,31,83,32,51
050,05,025,"Arkansas","Cleveland County",2,32,85,46,39
050,05,025,"Arkansas","Cleveland County",2,33,78,48,30
050,05,025,"Arkansas","Cleveland County",2,34,77,42,35
050,05,025,"Arkansas","Cleveland County",2,35,88,42,46
050,05,025,"Arkansas","Cleveland County",2,36,89,42,47
050,05,025,"Arkansas","Cleveland County",2,37,95,47,48
050,05,025,"Arkansas","Cleveland County",2,38,89,48,41
050,05,025,"Arkansas","Cleveland County",2,39,97,49,48
050,05,025,"Arkansas","Cleveland County",2,40,96,43,53
050,05,025,"Arkansas","Cleveland County",2,41,82,33,49
050,05,025,"Arkansas","Cleveland County",2,42,88,36,52
050,05,025,"Arkansas","Cleveland County",2,43,86,41,45
050,05,025,"Arkansas","Cleveland County",2,44,80,35,45
050,05,025,"Arkansas","Cleveland County",2,45,92,44,48
050,05,025,"Arkansas","Cleveland County",2,46,94,52,42
050,05,025,"Arkansas","Cleveland County",2,47,96,49,47
050,05,025,"Arkansas","Cleveland County",2,48,104,51,53
050,05,025,"Arkansas","Cleveland County",2,49,104,51,53
050,05,025,"Arkansas","Cleveland County",2,50,98,47,51
050,05,025,"Arkansas","Cleveland County",2,51,94,46,48
050,05,025,"Arkansas","Cleveland County",2,52,97,51,46
050,05,025,"Arkansas","Cleveland County",2,53,96,55,41
050,05,025,"Arkansas","Cleveland County",2,54,96,59,37
050,05,025,"Arkansas","Cleveland County",2,55,106,62,44
050,05,025,"Arkansas","Cleveland County",2,56,117,56,61
050,05,025,"Arkansas","Cleveland County",2,57,120,52,68
050,05,025,"Arkansas","Cleveland County",2,58,130,64,66
050,05,025,"Arkansas","Cleveland County",2,59,121,59,62
050,05,025,"Arkansas","Cleveland County",2,60,120,63,57
050,05,025,"Arkansas","Cleveland County",2,61,114,66,48
050,05,025,"Arkansas","Cleveland County",2,62,103,57,46
050,05,025,"Arkansas","Cleveland County",2,63,105,55,50
050,05,025,"Arkansas","Cleveland County",2,64,100,51,49
050,05,025,"Arkansas","Cleveland County",2,65,106,50,56
050,05,025,"Arkansas","Cleveland County",2,66,100,47,53
050,05,025,"Arkansas","Cleveland County",2,67,90,37,53
050,05,025,"Arkansas","Cleveland County",2,68,94,42,52
050,05,025,"Arkansas","Cleveland County",2,69,90,46,44
050,05,025,"Arkansas","Cleveland County",2,70,91,40,51
050,05,025,"Arkansas","Cleveland County",2,71,97,46,51
050,05,025,"Arkansas","Cleveland County",2,72,103,51,52
050,05,025,"Arkansas","Cleveland County",2,73,104,51,53
050,05,025,"Arkansas","Cleveland County",2,74,69,33,36
050,05,025,"Arkansas","Cleveland County",2,75,68,31,37
050,05,025,"Arkansas","Cleveland County",2,76,59,28,31
050,05,025,"Arkansas","Cleveland County",2,77,56,28,28
050,05,025,"Arkansas","Cleveland County",2,78,47,24,23
050,05,025,"Arkansas","Cleveland County",2,79,41,19,22
050,05,025,"Arkansas","Cleveland County",2,80,42,16,26
050,05,025,"Arkansas","Cleveland County",2,81,49,23,26
050,05,025,"Arkansas","Cleveland County",2,82,44,17,27
050,05,025,"Arkansas","Cleveland County",2,83,39,17,22
050,05,025,"Arkansas","Cleveland County",2,84,35,14,21
050,05,025,"Arkansas","Cleveland County",2,85,174,63,111
050,05,025,"Arkansas","Cleveland County",3,0,73,45,28
050,05,025,"Arkansas","Cleveland County",3,1,65,28,37
050,05,025,"Arkansas","Cleveland County",3,2,71,34,37
050,05,025,"Arkansas","Cleveland County",3,3,79,32,47
050,05,025,"Arkansas","Cleveland County",3,4,90,43,47
050,05,025,"Arkansas","Cleveland County",3,5,85,39,46
050,05,025,"Arkansas","Cleveland County",3,6,82,50,32
050,05,025,"Arkansas","Cleveland County",3,7,68,35,33
050,05,025,"Arkansas","Cleveland County",3,8,81,40,41
050,05,025,"Arkansas","Cleveland County",3,9,86,42,44
050,05,025,"Arkansas","Cleveland County",3,10,85,45,40
050,05,025,"Arkansas","Cleveland County",3,11,96,49,47
050,05,025,"Arkansas","Cleveland County",3,12,95,46,49
050,05,025,"Arkansas","Cleveland County",3,13,114,63,51
050,05,025,"Arkansas","Cleveland County",3,14,115,62,53
050,05,025,"Arkansas","Cleveland County",3,15,115,54,61
050,05,025,"Arkansas","Cleveland County",3,16,102,49,53
050,05,025,"Arkansas","Cleveland County",3,17,103,51,52
050,05,025,"Arkansas","Cleveland County",3,18,91,54,37
050,05,025,"Arkansas","Cleveland County",3,19,73,41,32
050,05,025,"Arkansas","Cleveland County",3,20,78,37,41
050,05,025,"Arkansas","Cleveland County",3,21,77,40,37
050,05,025,"Arkansas","Cleveland County",3,22,80,39,41
050,05,025,"Arkansas","Cleveland County",3,23,76,38,38
050,05,025,"Arkansas","Cleveland County",3,24,70,31,39
050,05,025,"Arkansas","Cleveland County",3,25,78,43,35
050,05,025,"Arkansas","Cleveland County",3,26,78,39,39
050,05,025,"Arkansas","Cleveland County",3,27,80,42,38
050,05,025,"Arkansas","Cleveland County",3,28,82,40,42
050,05,025,"Arkansas","Cleveland County",3,29,83,44,39
050,05,025,"Arkansas","Cleveland County",3,30,67,33,34
050,05,025,"Arkansas","Cleveland County",3,31,85,40,45
050,05,025,"Arkansas","Cleveland County",3,32,79,32,47
050,05,025,"Arkansas","Cleveland County",3,33,84,45,39
050,05,025,"Arkansas","Cleveland County",3,34,72,42,30
050,05,025,"Arkansas","Cleveland County",3,35,77,41,36
050,05,025,"Arkansas","Cleveland County",3,36,86,42,44
050,05,025,"Arkansas","Cleveland County",3,37,92,46,46
050,05,025,"Arkansas","Cleveland County",3,38,91,47,44
050,05,025,"Arkansas","Cleveland County",3,39,83,43,40
050,05,025,"Arkansas","Cleveland County",3,40,92,44,48
050,05,025,"Arkansas","Cleveland County",3,41,101,48,53
050,05,025,"Arkansas","Cleveland County",3,42,79,36,43
050,05,025,"Arkansas","Cleveland County",3,43,89,37,52
050,05,025,"Arkansas","Cleveland County",3,44,89,43,46
050,05,025,"Arkansas","Cleveland County",3,45,80,35,45
050,05,025,"Arkansas","Cleveland County",3,46,93,44,49
050,05,025,"Arkansas","Cleveland County",3,47,93,53,40
050,05,025,"Arkansas","Cleveland County",3,48,93,46,47
050,05,025,"Arkansas","Cleveland County",3,49,96,52,44
050,05,025,"Arkansas","Cleveland County",3,50,104,51,53
050,05,025,"Arkansas","Cleveland County",3,51,105,44,61
050,05,025,"Arkansas","Cleveland County",3,52,96,49,47
050,05,025,"Arkansas","Cleveland County",3,53,104,53,51
050,05,025,"Arkansas","Cleveland County",3,54,89,50,39
050,05,025,"Arkansas","Cleveland County",3,55,92,57,35
050,05,025,"Arkansas","Cleveland County",3,56,106,59,47
050,05,025,"Arkansas","Cleveland County",3,57,116,53,63
050,05,025,"Arkansas","Cleveland County",3,58,116,49,67
050,05,025,"Arkansas","Cleveland County",3,59,127,65,62
050,05,025,"Arkansas","Cleveland County",3,60,119,60,59
050,05,025,"Arkansas","Cleveland County",3,61,117,60,57
050,05,025,"Arkansas","Cleveland County",3,62,118,68,50
050,05,025,"Arkansas","Cleveland County",3,63,104,58,46
050,05,025,"Arkansas","Cleveland County",3,64,100,51,49
050,05,025,"Arkansas","Cleveland County",3,65,103,53,50
050,05,025,"Arkansas","Cleveland County",3,66,101,46,55
050,05,025,"Arkansas","Cleveland County",3,67,97,45,52
050,05,025,"Arkansas","Cleveland County",3,68,93,38,55
050,05,025,"Arkansas","Cleveland County",3,69,87,38,49
050,05,025,"Arkansas","Cleveland County",3,70,88,43,45
050,05,025,"Arkansas","Cleveland County",3,71,88,40,48
050,05,025,"Arkansas","Cleveland County",3,72,96,46,50
050,05,025,"Arkansas","Cleveland County",3,73,98,49,49
050,05,025,"Arkansas","Cleveland County",3,74,95,47,48
050,05,025,"Arkansas","Cleveland County",3,75,68,31,37
050,05,025,"Arkansas","Cleveland County",3,76,62,29,33
050,05,025,"Arkansas","Cleveland County",3,77,53,26,27
050,05,025,"Arkansas","Cleveland County",3,78,56,27,29
050,05,025,"Arkansas","Cleveland County",3,79,47,25,22
050,05,025,"Arkansas","Cleveland County",3,80,35,14,21
050,05,025,"Arkansas","Cleveland County",3,81,34,16,18
050,05,025,"Arkansas","Cleveland County",3,82,46,20,26
050,05,025,"Arkansas","Cleveland County",3,83,41,15,26
050,05,025,"Arkansas","Cleveland County",3,84,37,16,21
050,05,025,"Arkansas","Cleveland County",3,85,176,64,112
050,05,025,"Arkansas","Cleveland County",4,0,80,42,38
050,05,025,"Arkansas","Cleveland County",4,1,78,40,38
050,05,025,"Arkansas","Cleveland County",4,2,64,27,37
050,05,025,"Arkansas","Cleveland County",4,3,83,41,42
050,05,025,"Arkansas","Cleveland County",4,4,82,35,47
050,05,025,"Arkansas","Cleveland County",4,5,97,47,50
050,05,025,"Arkansas","Cleveland County",4,6,85,40,45
050,05,025,"Arkansas","Cleveland County",4,7,91,52,39
050,05,025,"Arkansas","Cleveland County",4,8,71,37,34
050,05,025,"Arkansas","Cleveland County",4,9,90,45,45
050,05,025,"Arkansas","Cleveland County",4,10,88,46,42
050,05,025,"Arkansas","Cleveland County",4,11,87,47,40
050,05,025,"Arkansas","Cleveland County",4,12,99,48,51
050,05,025,"Arkansas","Cleveland County",4,13,95,45,50
050,05,025,"Arkansas","Cleveland County",4,14,105,53,52
050,05,025,"Arkansas","Cleveland County",4,15,111,59,52
050,05,025,"Arkansas","Cleveland County",4,16,125,60,65
050,05,025,"Arkansas","Cleveland County",4,17,109,54,55
050,05,025,"Arkansas","Cleveland County",4,18,79,39,40
050,05,025,"Arkansas","Cleveland County",4,19,72,43,29
050,05,025,"Arkansas","Cleveland County",4,20,77,43,34
050,05,025,"Arkansas","Cleveland County",4,21,75,37,38
050,05,025,"Arkansas","Cleveland County",4,22,73,34,39
050,05,025,"Arkansas","Cleveland County",4,23,79,33,46
050,05,025,"Arkansas","Cleveland County",4,24,74,37,37
050,05,025,"Arkansas","Cleveland County",4,25,62,25,37
050,05,025,"Arkansas","Cleveland County",4,26,79,42,37
050,05,025,"Arkansas","Cleveland County",4,27,80,43,37
050,05,025,"Arkansas","Cleveland County",4,28,74,38,36
050,05,025,"Arkansas","Cleveland County",4,29,89,44,45
050,05,025,"Arkansas","Cleveland County",4,30,87,48,39
050,05,025,"Arkansas","Cleveland County",4,31,72,39,33
050,05,025,"Arkansas","Cleveland County",4,32,84,38,46
050,05,025,"Arkansas","Cleveland County",4,33,80,33,47
050,05,025,"Arkansas","Cleveland County",4,34,89,48,41
050,05,025,"Arkansas","Cleveland County",4,35,73,41,32
050,05,025,"Arkansas","Cleveland County",4,36,76,38,38
050,05,025,"Arkansas","Cleveland County",4,37,88,44,44
050,05,025,"Arkansas","Cleveland County",4,38,88,44,44
050,05,025,"Arkansas","Cleveland County",4,39,97,47,50
050,05,025,"Arkansas","Cleveland County",4,40,79,40,39
050,05,025,"Arkansas","Cleveland County",4,41,89,48,41
050,05,025,"Arkansas","Cleveland County",4,42,106,52,54
050,05,025,"Arkansas","Cleveland County",4,43,74,34,40
050,05,025,"Arkansas","Cleveland County",4,44,88,37,51
050,05,025,"Arkansas","Cleveland County",4,45,88,39,49
050,05,025,"Arkansas","Cleveland County",4,46,81,35,46
050,05,025,"Arkansas","Cleveland County",4,47,91,43,48
050,05,025,"Arkansas","Cleveland County",4,48,93,52,41
050,05,025,"Arkansas","Cleveland County",4,49,93,48,45
050,05,025,"Arkansas","Cleveland County",4,50,92,48,44
050,05,025,"Arkansas","Cleveland County",4,51,102,50,52
050,05,025,"Arkansas","Cleveland County",4,52,105,47,58
050,05,025,"Arkansas","Cleveland County",4,53,98,51,47
050,05,025,"Arkansas","Cleveland County",4,54,105,53,52
050,05,025,"Arkansas","Cleveland County",4,55,90,50,40
050,05,025,"Arkansas","Cleveland County",4,56,86,55,31
050,05,025,"Arkansas","Cleveland County",4,57,105,57,48
050,05,025,"Arkansas","Cleveland County",4,58,118,55,63
050,05,025,"Arkansas","Cleveland County",4,59,109,45,64
050,05,025,"Arkansas","Cleveland County",4,60,125,63,62
050,05,025,"Arkansas","Cleveland County",4,61,115,60,55
050,05,025,"Arkansas","Cleveland County",4,62,115,58,57
050,05,025,"Arkansas","Cleveland County",4,63,118,66,52
050,05,025,"Arkansas","Cleveland County",4,64,100,53,47
050,05,025,"Arkansas","Cleveland County",4,65,99,49,50
050,05,025,"Arkansas","Cleveland County",4,66,96,46,50
050,05,025,"Arkansas","Cleveland County",4,67,97,46,51
050,05,025,"Arkansas","Cleveland County",4,68,100,45,55
050,05,025,"Arkansas","Cleveland County",4,69,88,35,53
050,05,025,"Arkansas","Cleveland County",4,70,86,38,48
050,05,025,"Arkansas","Cleveland County",4,71,86,43,43
050,05,025,"Arkansas","Cleveland County",4,72,88,41,47
050,05,025,"Arkansas","Cleveland County",4,73,98,46,52
050,05,025,"Arkansas","Cleveland County",4,74,92,46,46
050,05,025,"Arkansas","Cleveland County",4,75,95,47,48
050,05,025,"Arkansas","Cleveland County",4,76,63,28,35
050,05,025,"Arkansas","Cleveland County",4,77,57,26,31
050,05,025,"Arkansas","Cleveland County",4,78,58,26,32
050,05,025,"Arkansas","Cleveland County",4,79,54,29,25
050,05,025,"Arkansas","Cleveland County",4,80,39,19,20
050,05,025,"Arkansas","Cleveland County",4,81,29,14,15
050,05,025,"Arkansas","Cleveland County",4,82,32,13,19
050,05,025,"Arkansas","Cleveland County",4,83,45,19,26
050,05,025,"Arkansas","Cleveland County",4,84,39,14,25
050,05,025,"Arkansas","Cleveland County",4,85,174,65,109
050,05,025,"Arkansas","Cleveland County",5,0,81,42,39
050,05,025,"Arkansas","Cleveland County",5,1,90,57,33
050,05,025,"Arkansas","Cleveland County",5,2,76,36,40
050,05,025,"Arkansas","Cleveland County",5,3,65,29,36
050,05,025,"Arkansas","Cleveland County",5,4,64,29,35
050,05,025,"Arkansas","Cleveland County",5,5,77,32,45
050,05,025,"Arkansas","Cleveland County",5,6,97,53,44
050,05,025,"Arkansas","Cleveland County",5,7,77,37,40
050,05,025,"Arkansas","Cleveland County",5,8,87,50,37
050,05,025,"Arkansas","Cleveland County",5,9,77,40,37
050,05,025,"Arkansas","Cleveland County",5,10,90,46,44
050,05,025,"Arkansas","Cleveland County",5,11,86,46,40
050,05,025,"Arkansas","Cleveland County",5,12,87,44,43
050,05,025,"Arkansas","Cleveland County",5,13,94,43,51
050,05,025,"Arkansas","Cleveland County",5,14,91,41,50
050,05,025,"Arkansas","Cleveland County",5,15,104,54,50
050,05,025,"Arkansas","Cleveland County",5,16,114,62,52
050,05,025,"Arkansas","Cleveland County",5,17,123,61,62
050,05,025,"Arkansas","Cleveland County",5,18,85,47,38
050,05,025,"Arkansas","Cleveland County",5,19,61,30,31
050,05,025,"Arkansas","Cleveland County",5,20,79,48,31
050,05,025,"Arkansas","Cleveland County",5,21,78,46,32
050,05,025,"Arkansas","Cleveland County",5,22,86,43,43
050,05,025,"Arkansas","Cleveland County",5,23,66,32,34
050,05,025,"Arkansas","Cleveland County",5,24,92,42,50
050,05,025,"Arkansas","Cleveland County",5,25,70,34,36
050,05,025,"Arkansas","Cleveland County",5,26,66,28,38
050,05,025,"Arkansas","Cleveland County",5,27,73,40,33
050,05,025,"Arkansas","Cleveland County",5,28,76,41,35
050,05,025,"Arkansas","Cleveland County",5,29,72,36,36
050,05,025,"Arkansas","Cleveland County",5,30,80,40,40
050,05,025,"Arkansas","Cleveland County",5,31,86,49,37
050,05,025,"Arkansas","Cleveland County",5,32,79,39,40
050,05,025,"Arkansas","Cleveland County",5,33,85,39,46
050,05,025,"Arkansas","Cleveland County",5,34,84,36,48
050,05,025,"Arkansas","Cleveland County",5,35,85,49,36
050,05,025,"Arkansas","Cleveland County",5,36,71,41,30
050,05,025,"Arkansas","Cleveland County",5,37,75,37,38
050,05,025,"Arkansas","Cleveland County",5,38,95,47,48
050,05,025,"Arkansas","Cleveland County",5,39,92,43,49
050,05,025,"Arkansas","Cleveland County",5,40,102,55,47
050,05,025,"Arkansas","Cleveland County",5,41,82,39,43
050,05,025,"Arkansas","Cleveland County",5,42,90,48,42
050,05,025,"Arkansas","Cleveland County",5,43,100,49,51
050,05,025,"Arkansas","Cleveland County",5,44,74,38,36
050,05,025,"Arkansas","Cleveland County",5,45,86,37,49
050,05,025,"Arkansas","Cleveland County",5,46,86,40,46
050,05,025,"Arkansas","Cleveland County",5,47,81,34,47
050,05,025,"Arkansas","Cleveland County",5,48,89,42,47
050,05,025,"Arkansas","Cleveland County",5,49,87,49,38
050,05,025,"Arkansas","Cleveland County",5,50,89,46,43
050,05,025,"Arkansas","Cleveland County",5,51,94,48,46
050,05,025,"Arkansas","Cleveland County",5,52,103,52,51
050,05,025,"Arkansas","Cleveland County",5,53,109,49,60
050,05,025,"Arkansas","Cleveland County",5,54,96,50,46
050,05,025,"Arkansas","Cleveland County",5,55,94,46,48
050,05,025,"Arkansas","Cleveland County",5,56,91,49,42
050,05,025,"Arkansas","Cleveland County",5,57,86,56,30
050,05,025,"Arkansas","Cleveland County",5,58,105,59,46
050,05,025,"Arkansas","Cleveland County",5,59,113,53,60
050,05,025,"Arkansas","Cleveland County",5,60,108,47,61
050,05,025,"Arkansas","Cleveland County",5,61,124,62,62
050,05,025,"Arkansas","Cleveland County",5,62,117,62,55
050,05,025,"Arkansas","Cleveland County",5,63,114,61,53
050,05,025,"Arkansas","Cleveland County",5,64,118,65,53
050,05,025,"Arkansas","Cleveland County",5,65,99,51,48
050,05,025,"Arkansas","Cleveland County",5,66,98,47,51
050,05,025,"Arkansas","Cleveland County",5,67,92,44,48
050,05,025,"Arkansas","Cleveland County",5,68,100,48,52
050,05,025,"Arkansas","Cleveland County",5,69,92,39,53
050,05,025,"Arkansas","Cleveland County",5,70,86,35,51
050,05,025,"Arkansas","Cleveland County",5,71,84,37,47
050,05,025,"Arkansas","Cleveland County",5,72,82,41,41
050,05,025,"Arkansas","Cleveland County",5,73,86,39,47
050,05,025,"Arkansas","Cleveland County",5,74,91,43,48
050,05,025,"Arkansas","Cleveland County",5,75,94,46,48
050,05,025,"Arkansas","Cleveland County",5,76,88,43,45
050,05,025,"Arkansas","Cleveland County",5,77,56,26,30
050,05,025,"Arkansas","Cleveland County",5,78,58,25,33
050,05,025,"Arkansas","Cleveland County",5,79,56,26,30
050,05,025,"Arkansas","Cleveland County",5,80,47,23,24
050,05,025,"Arkansas","Cleveland County",5,81,34,20,14
050,05,025,"Arkansas","Cleveland County",5,82,29,11,18
050,05,025,"Arkansas","Cleveland County",5,83,29,10,19
050,05,025,"Arkansas","Cleveland County",5,84,43,17,26
050,05,025,"Arkansas","Cleveland County",5,85,180,64,116
050,05,027,"Arkansas","Columbia County",1,0,268,137,131
050,05,027,"Arkansas","Columbia County",1,1,256,126,130
050,05,027,"Arkansas","Columbia County",1,2,275,129,146
050,05,027,"Arkansas","Columbia County",1,3,262,136,126
050,05,027,"Arkansas","Columbia County",1,4,286,151,135
050,05,027,"Arkansas","Columbia County",1,5,277,152,125
050,05,027,"Arkansas","Columbia County",1,6,278,151,127
050,05,027,"Arkansas","Columbia County",1,7,266,144,122
050,05,027,"Arkansas","Columbia County",1,8,257,124,133
050,05,027,"Arkansas","Columbia County",1,9,243,131,112
050,05,027,"Arkansas","Columbia County",1,10,269,139,130
050,05,027,"Arkansas","Columbia County",1,11,303,155,148
050,05,027,"Arkansas","Columbia County",1,12,273,135,138
050,05,027,"Arkansas","Columbia County",1,13,252,126,126
050,05,027,"Arkansas","Columbia County",1,14,262,127,135
050,05,027,"Arkansas","Columbia County",1,15,259,135,124
050,05,027,"Arkansas","Columbia County",1,16,252,128,124
050,05,027,"Arkansas","Columbia County",1,17,245,127,118
050,05,027,"Arkansas","Columbia County",1,18,559,258,301
050,05,027,"Arkansas","Columbia County",1,19,902,446,456
050,05,027,"Arkansas","Columbia County",1,20,745,392,353
050,05,027,"Arkansas","Columbia County",1,21,572,346,226
050,05,027,"Arkansas","Columbia County",1,22,492,269,223
050,05,027,"Arkansas","Columbia County",1,23,414,167,247
050,05,027,"Arkansas","Columbia County",1,24,304,148,156
050,05,027,"Arkansas","Columbia County",1,25,284,143,141
050,05,027,"Arkansas","Columbia County",1,26,275,131,144
050,05,027,"Arkansas","Columbia County",1,27,282,131,151
050,05,027,"Arkansas","Columbia County",1,28,260,129,131
050,05,027,"Arkansas","Columbia County",1,29,249,117,132
050,05,027,"Arkansas","Columbia County",1,30,243,107,136
050,05,027,"Arkansas","Columbia County",1,31,217,108,109
050,05,027,"Arkansas","Columbia County",1,32,227,104,123
050,05,027,"Arkansas","Columbia County",1,33,246,128,118
050,05,027,"Arkansas","Columbia County",1,34,246,128,118
050,05,027,"Arkansas","Columbia County",1,35,213,101,112
050,05,027,"Arkansas","Columbia County",1,36,244,119,125
050,05,027,"Arkansas","Columbia County",1,37,230,101,129
050,05,027,"Arkansas","Columbia County",1,38,259,124,135
050,05,027,"Arkansas","Columbia County",1,39,275,139,136
050,05,027,"Arkansas","Columbia County",1,40,255,133,122
050,05,027,"Arkansas","Columbia County",1,41,227,118,109
050,05,027,"Arkansas","Columbia County",1,42,215,105,110
050,05,027,"Arkansas","Columbia County",1,43,209,92,117
050,05,027,"Arkansas","Columbia County",1,44,224,100,124
050,05,027,"Arkansas","Columbia County",1,45,229,103,126
050,05,027,"Arkansas","Columbia County",1,46,219,103,116
050,05,027,"Arkansas","Columbia County",1,47,225,109,116
050,05,027,"Arkansas","Columbia County",1,48,241,117,124
050,05,027,"Arkansas","Columbia County",1,49,264,113,151
050,05,027,"Arkansas","Columbia County",1,50,260,109,151
050,05,027,"Arkansas","Columbia County",1,51,236,114,122
050,05,027,"Arkansas","Columbia County",1,52,230,114,116
050,05,027,"Arkansas","Columbia County",1,53,262,127,135
050,05,027,"Arkansas","Columbia County",1,54,282,145,137
050,05,027,"Arkansas","Columbia County",1,55,266,136,130
050,05,027,"Arkansas","Columbia County",1,56,269,131,138
050,05,027,"Arkansas","Columbia County",1,57,286,140,146
050,05,027,"Arkansas","Columbia County",1,58,313,154,159
050,05,027,"Arkansas","Columbia County",1,59,288,143,145
050,05,027,"Arkansas","Columbia County",1,60,287,127,160
050,05,027,"Arkansas","Columbia County",1,61,264,132,132
050,05,027,"Arkansas","Columbia County",1,62,283,137,146
050,05,027,"Arkansas","Columbia County",1,63,263,127,136
050,05,027,"Arkansas","Columbia County",1,64,271,138,133
050,05,027,"Arkansas","Columbia County",1,65,260,132,128
050,05,027,"Arkansas","Columbia County",1,66,266,133,133
050,05,027,"Arkansas","Columbia County",1,67,232,115,117
050,05,027,"Arkansas","Columbia County",1,68,235,107,128
050,05,027,"Arkansas","Columbia County",1,69,238,113,125
050,05,027,"Arkansas","Columbia County",1,70,205,100,105
050,05,027,"Arkansas","Columbia County",1,71,204,90,114
050,05,027,"Arkansas","Columbia County",1,72,215,97,118
050,05,027,"Arkansas","Columbia County",1,73,197,89,108
050,05,027,"Arkansas","Columbia County",1,74,150,71,79
050,05,027,"Arkansas","Columbia County",1,75,166,72,94
050,05,027,"Arkansas","Columbia County",1,76,131,52,79
050,05,027,"Arkansas","Columbia County",1,77,143,66,77
050,05,027,"Arkansas","Columbia County",1,78,124,43,81
050,05,027,"Arkansas","Columbia County",1,79,119,42,77
050,05,027,"Arkansas","Columbia County",1,80,123,57,66
050,05,027,"Arkansas","Columbia County",1,81,103,43,60
050,05,027,"Arkansas","Columbia County",1,82,111,42,69
050,05,027,"Arkansas","Columbia County",1,83,98,33,65
050,05,027,"Arkansas","Columbia County",1,84,93,30,63
050,05,027,"Arkansas","Columbia County",1,85,498,181,317
050,05,027,"Arkansas","Columbia County",2,0,255,134,121
050,05,027,"Arkansas","Columbia County",2,1,259,128,131
050,05,027,"Arkansas","Columbia County",2,2,274,130,144
050,05,027,"Arkansas","Columbia County",2,3,266,135,131
050,05,027,"Arkansas","Columbia County",2,4,282,149,133
050,05,027,"Arkansas","Columbia County",2,5,279,151,128
050,05,027,"Arkansas","Columbia County",2,6,277,150,127
050,05,027,"Arkansas","Columbia County",2,7,268,145,123
050,05,027,"Arkansas","Columbia County",2,8,257,129,128
050,05,027,"Arkansas","Columbia County",2,9,244,129,115
050,05,027,"Arkansas","Columbia County",2,10,263,137,126
050,05,027,"Arkansas","Columbia County",2,11,296,151,145
050,05,027,"Arkansas","Columbia County",2,12,278,138,140
050,05,027,"Arkansas","Columbia County",2,13,259,130,129
050,05,027,"Arkansas","Columbia County",2,14,258,126,132
050,05,027,"Arkansas","Columbia County",2,15,259,132,127
050,05,027,"Arkansas","Columbia County",2,16,253,130,123
050,05,027,"Arkansas","Columbia County",2,17,247,126,121
050,05,027,"Arkansas","Columbia County",2,18,551,254,297
050,05,027,"Arkansas","Columbia County",2,19,895,440,455
050,05,027,"Arkansas","Columbia County",2,20,746,392,354
050,05,027,"Arkansas","Columbia County",2,21,564,340,224
050,05,027,"Arkansas","Columbia County",2,22,490,272,218
050,05,027,"Arkansas","Columbia County",2,23,414,165,249
050,05,027,"Arkansas","Columbia County",2,24,306,150,156
050,05,027,"Arkansas","Columbia County",2,25,283,141,142
050,05,027,"Arkansas","Columbia County",2,26,271,130,141
050,05,027,"Arkansas","Columbia County",2,27,276,130,146
050,05,027,"Arkansas","Columbia County",2,28,264,129,135
050,05,027,"Arkansas","Columbia County",2,29,251,118,133
050,05,027,"Arkansas","Columbia County",2,30,246,111,135
050,05,027,"Arkansas","Columbia County",2,31,223,109,114
050,05,027,"Arkansas","Columbia County",2,32,225,105,120
050,05,027,"Arkansas","Columbia County",2,33,241,121,120
050,05,027,"Arkansas","Columbia County",2,34,242,125,117
050,05,027,"Arkansas","Columbia County",2,35,223,109,114
050,05,027,"Arkansas","Columbia County",2,36,230,111,119
050,05,027,"Arkansas","Columbia County",2,37,233,105,128
050,05,027,"Arkansas","Columbia County",2,38,253,120,133
050,05,027,"Arkansas","Columbia County",2,39,271,136,135
050,05,027,"Arkansas","Columbia County",2,40,260,134,126
050,05,027,"Arkansas","Columbia County",2,41,233,121,112
050,05,027,"Arkansas","Columbia County",2,42,216,108,108
050,05,027,"Arkansas","Columbia County",2,43,215,96,119
050,05,027,"Arkansas","Columbia County",2,44,217,97,120
050,05,027,"Arkansas","Columbia County",2,45,230,104,126
050,05,027,"Arkansas","Columbia County",2,46,221,104,117
050,05,027,"Arkansas","Columbia County",2,47,220,106,114
050,05,027,"Arkansas","Columbia County",2,48,240,117,123
050,05,027,"Arkansas","Columbia County",2,49,260,114,146
050,05,027,"Arkansas","Columbia County",2,50,261,110,151
050,05,027,"Arkansas","Columbia County",2,51,242,113,129
050,05,027,"Arkansas","Columbia County",2,52,231,114,117
050,05,027,"Arkansas","Columbia County",2,53,253,123,130
050,05,027,"Arkansas","Columbia County",2,54,277,141,136
050,05,027,"Arkansas","Columbia County",2,55,270,139,131
050,05,027,"Arkansas","Columbia County",2,56,269,134,135
050,05,027,"Arkansas","Columbia County",2,57,281,137,144
050,05,027,"Arkansas","Columbia County",2,58,307,151,156
050,05,027,"Arkansas","Columbia County",2,59,295,145,150
050,05,027,"Arkansas","Columbia County",2,60,286,132,154
050,05,027,"Arkansas","Columbia County",2,61,267,129,138
050,05,027,"Arkansas","Columbia County",2,62,278,136,142
050,05,027,"Arkansas","Columbia County",2,63,267,130,137
050,05,027,"Arkansas","Columbia County",2,64,267,135,132
050,05,027,"Arkansas","Columbia County",2,65,259,131,128
050,05,027,"Arkansas","Columbia County",2,66,263,132,131
050,05,027,"Arkansas","Columbia County",2,67,234,115,119
050,05,027,"Arkansas","Columbia County",2,68,232,107,125
050,05,027,"Arkansas","Columbia County",2,69,236,111,125
050,05,027,"Arkansas","Columbia County",2,70,210,100,110
050,05,027,"Arkansas","Columbia County",2,71,203,92,111
050,05,027,"Arkansas","Columbia County",2,72,208,95,113
050,05,027,"Arkansas","Columbia County",2,73,211,96,115
050,05,027,"Arkansas","Columbia County",2,74,150,70,80
050,05,027,"Arkansas","Columbia County",2,75,161,71,90
050,05,027,"Arkansas","Columbia County",2,76,138,55,83
050,05,027,"Arkansas","Columbia County",2,77,141,63,78
050,05,027,"Arkansas","Columbia County",2,78,123,47,76
050,05,027,"Arkansas","Columbia County",2,79,119,42,77
050,05,027,"Arkansas","Columbia County",2,80,120,54,66
050,05,027,"Arkansas","Columbia County",2,81,105,46,59
050,05,027,"Arkansas","Columbia County",2,82,107,40,67
050,05,027,"Arkansas","Columbia County",2,83,99,34,65
050,05,027,"Arkansas","Columbia County",2,84,89,29,60
050,05,027,"Arkansas","Columbia County",2,85,501,183,318
050,05,027,"Arkansas","Columbia County",3,0,265,146,119
050,05,027,"Arkansas","Columbia County",3,1,258,136,122
050,05,027,"Arkansas","Columbia County",3,2,265,132,133
050,05,027,"Arkansas","Columbia County",3,3,275,132,143
050,05,027,"Arkansas","Columbia County",3,4,262,134,128
050,05,027,"Arkansas","Columbia County",3,5,299,153,146
050,05,027,"Arkansas","Columbia County",3,6,280,151,129
050,05,027,"Arkansas","Columbia County",3,7,279,154,125
050,05,027,"Arkansas","Columbia County",3,8,281,151,130
050,05,027,"Arkansas","Columbia County",3,9,262,125,137
050,05,027,"Arkansas","Columbia County",3,10,241,129,112
050,05,027,"Arkansas","Columbia County",3,11,267,137,130
050,05,027,"Arkansas","Columbia County",3,12,291,142,149
050,05,027,"Arkansas","Columbia County",3,13,273,137,136
050,05,027,"Arkansas","Columbia County",3,14,270,136,134
050,05,027,"Arkansas","Columbia County",3,15,255,125,130
050,05,027,"Arkansas","Columbia County",3,16,258,128,130
050,05,027,"Arkansas","Columbia County",3,17,256,127,129
050,05,027,"Arkansas","Columbia County",3,18,522,245,277
050,05,027,"Arkansas","Columbia County",3,19,822,407,415
050,05,027,"Arkansas","Columbia County",3,20,712,373,339
050,05,027,"Arkansas","Columbia County",3,21,535,322,213
050,05,027,"Arkansas","Columbia County",3,22,474,280,194
050,05,027,"Arkansas","Columbia County",3,23,414,171,243
050,05,027,"Arkansas","Columbia County",3,24,325,165,160
050,05,027,"Arkansas","Columbia County",3,25,288,143,145
050,05,027,"Arkansas","Columbia County",3,26,265,127,138
050,05,027,"Arkansas","Columbia County",3,27,259,129,130
050,05,027,"Arkansas","Columbia County",3,28,257,111,146
050,05,027,"Arkansas","Columbia County",3,29,260,126,134
050,05,027,"Arkansas","Columbia County",3,30,253,118,135
050,05,027,"Arkansas","Columbia County",3,31,251,117,134
050,05,027,"Arkansas","Columbia County",3,32,236,110,126
050,05,027,"Arkansas","Columbia County",3,33,221,101,120
050,05,027,"Arkansas","Columbia County",3,34,221,112,109
050,05,027,"Arkansas","Columbia County",3,35,235,116,119
050,05,027,"Arkansas","Columbia County",3,36,225,110,115
050,05,027,"Arkansas","Columbia County",3,37,237,112,125
050,05,027,"Arkansas","Columbia County",3,38,231,108,123
050,05,027,"Arkansas","Columbia County",3,39,246,116,130
050,05,027,"Arkansas","Columbia County",3,40,265,132,133
050,05,027,"Arkansas","Columbia County",3,41,249,126,123
050,05,027,"Arkansas","Columbia County",3,42,238,121,117
050,05,027,"Arkansas","Columbia County",3,43,225,109,116
050,05,027,"Arkansas","Columbia County",3,44,208,93,115
050,05,027,"Arkansas","Columbia County",3,45,219,101,118
050,05,027,"Arkansas","Columbia County",3,46,220,97,123
050,05,027,"Arkansas","Columbia County",3,47,222,102,120
050,05,027,"Arkansas","Columbia County",3,48,222,110,112
050,05,027,"Arkansas","Columbia County",3,49,241,118,123
050,05,027,"Arkansas","Columbia County",3,50,259,114,145
050,05,027,"Arkansas","Columbia County",3,51,257,109,148
050,05,027,"Arkansas","Columbia County",3,52,242,115,127
050,05,027,"Arkansas","Columbia County",3,53,225,109,116
050,05,027,"Arkansas","Columbia County",3,54,249,123,126
050,05,027,"Arkansas","Columbia County",3,55,270,137,133
050,05,027,"Arkansas","Columbia County",3,56,260,131,129
050,05,027,"Arkansas","Columbia County",3,57,272,133,139
050,05,027,"Arkansas","Columbia County",3,58,264,126,138
050,05,027,"Arkansas","Columbia County",3,59,301,149,152
050,05,027,"Arkansas","Columbia County",3,60,288,144,144
050,05,027,"Arkansas","Columbia County",3,61,271,126,145
050,05,027,"Arkansas","Columbia County",3,62,266,129,137
050,05,027,"Arkansas","Columbia County",3,63,267,132,135
050,05,027,"Arkansas","Columbia County",3,64,269,132,137
050,05,027,"Arkansas","Columbia County",3,65,248,120,128
050,05,027,"Arkansas","Columbia County",3,66,256,126,130
050,05,027,"Arkansas","Columbia County",3,67,257,125,132
050,05,027,"Arkansas","Columbia County",3,68,233,115,118
050,05,027,"Arkansas","Columbia County",3,69,223,104,119
050,05,027,"Arkansas","Columbia County",3,70,227,104,123
050,05,027,"Arkansas","Columbia County",3,71,193,90,103
050,05,027,"Arkansas","Columbia County",3,72,194,88,106
050,05,027,"Arkansas","Columbia County",3,73,199,90,109
050,05,027,"Arkansas","Columbia County",3,74,203,91,112
050,05,027,"Arkansas","Columbia County",3,75,137,65,72
050,05,027,"Arkansas","Columbia County",3,76,153,65,88
050,05,027,"Arkansas","Columbia County",3,77,136,55,81
050,05,027,"Arkansas","Columbia County",3,78,130,55,75
050,05,027,"Arkansas","Columbia County",3,79,122,48,74
050,05,027,"Arkansas","Columbia County",3,80,110,43,67
050,05,027,"Arkansas","Columbia County",3,81,101,42,59
050,05,027,"Arkansas","Columbia County",3,82,105,45,60
050,05,027,"Arkansas","Columbia County",3,83,96,37,59
050,05,027,"Arkansas","Columbia County",3,84,85,26,59
050,05,027,"Arkansas","Columbia County",3,85,487,182,305
050,05,027,"Arkansas","Columbia County",4,0,276,151,125
050,05,027,"Arkansas","Columbia County",4,1,264,143,121
050,05,027,"Arkansas","Columbia County",4,2,247,131,116
050,05,027,"Arkansas","Columbia County",4,3,248,122,126
050,05,027,"Arkansas","Columbia County",4,4,279,134,145
050,05,027,"Arkansas","Columbia County",4,5,256,126,130
050,05,027,"Arkansas","Columbia County",4,6,294,148,146
050,05,027,"Arkansas","Columbia County",4,7,274,150,124
050,05,027,"Arkansas","Columbia County",4,8,275,157,118
050,05,027,"Arkansas","Columbia County",4,9,270,141,129
050,05,027,"Arkansas","Columbia County",4,10,255,119,136
050,05,027,"Arkansas","Columbia County",4,11,244,129,115
050,05,027,"Arkansas","Columbia County",4,12,261,130,131
050,05,027,"Arkansas","Columbia County",4,13,290,140,150
050,05,027,"Arkansas","Columbia County",4,14,268,136,132
050,05,027,"Arkansas","Columbia County",4,15,273,136,137
050,05,027,"Arkansas","Columbia County",4,16,252,117,135
050,05,027,"Arkansas","Columbia County",4,17,262,130,132
050,05,027,"Arkansas","Columbia County",4,18,540,253,287
050,05,027,"Arkansas","Columbia County",4,19,853,429,424
050,05,027,"Arkansas","Columbia County",4,20,700,368,332
050,05,027,"Arkansas","Columbia County",4,21,532,311,221
050,05,027,"Arkansas","Columbia County",4,22,461,265,196
050,05,027,"Arkansas","Columbia County",4,23,402,170,232
050,05,027,"Arkansas","Columbia County",4,24,329,166,163
050,05,027,"Arkansas","Columbia County",4,25,296,150,146
050,05,027,"Arkansas","Columbia County",4,26,252,127,125
050,05,027,"Arkansas","Columbia County",4,27,245,121,124
050,05,027,"Arkansas","Columbia County",4,28,255,122,133
050,05,027,"Arkansas","Columbia County",4,29,252,108,144
050,05,027,"Arkansas","Columbia County",4,30,259,124,135
050,05,027,"Arkansas","Columbia County",4,31,253,119,134
050,05,027,"Arkansas","Columbia County",4,32,247,115,132
050,05,027,"Arkansas","Columbia County",4,33,233,109,124
050,05,027,"Arkansas","Columbia County",4,34,217,101,116
050,05,027,"Arkansas","Columbia County",4,35,224,113,111
050,05,027,"Arkansas","Columbia County",4,36,218,107,111
050,05,027,"Arkansas","Columbia County",4,37,218,101,117
050,05,027,"Arkansas","Columbia County",4,38,241,112,129
050,05,027,"Arkansas","Columbia County",4,39,227,107,120
050,05,027,"Arkansas","Columbia County",4,40,248,122,126
050,05,027,"Arkansas","Columbia County",4,41,251,124,127
050,05,027,"Arkansas","Columbia County",4,42,252,130,122
050,05,027,"Arkansas","Columbia County",4,43,238,119,119
050,05,027,"Arkansas","Columbia County",4,44,220,109,111
050,05,027,"Arkansas","Columbia County",4,45,202,92,110
050,05,027,"Arkansas","Columbia County",4,46,219,98,121
050,05,027,"Arkansas","Columbia County",4,47,207,91,116
050,05,027,"Arkansas","Columbia County",4,48,219,104,115
050,05,027,"Arkansas","Columbia County",4,49,210,103,107
050,05,027,"Arkansas","Columbia County",4,50,229,111,118
050,05,027,"Arkansas","Columbia County",4,51,252,114,138
050,05,027,"Arkansas","Columbia County",4,52,256,109,147
050,05,027,"Arkansas","Columbia County",4,53,238,108,130
050,05,027,"Arkansas","Columbia County",4,54,224,110,114
050,05,027,"Arkansas","Columbia County",4,55,249,127,122
050,05,027,"Arkansas","Columbia County",4,56,263,130,133
050,05,027,"Arkansas","Columbia County",4,57,250,128,122
050,05,027,"Arkansas","Columbia County",4,58,264,127,137
050,05,027,"Arkansas","Columbia County",4,59,254,120,134
050,05,027,"Arkansas","Columbia County",4,60,299,150,149
050,05,027,"Arkansas","Columbia County",4,61,278,143,135
050,05,027,"Arkansas","Columbia County",4,62,269,124,145
050,05,027,"Arkansas","Columbia County",4,63,255,120,135
050,05,027,"Arkansas","Columbia County",4,64,265,131,134
050,05,027,"Arkansas","Columbia County",4,65,254,121,133
050,05,027,"Arkansas","Columbia County",4,66,243,114,129
050,05,027,"Arkansas","Columbia County",4,67,251,122,129
050,05,027,"Arkansas","Columbia County",4,68,258,127,131
050,05,027,"Arkansas","Columbia County",4,69,233,116,117
050,05,027,"Arkansas","Columbia County",4,70,216,97,119
050,05,027,"Arkansas","Columbia County",4,71,215,97,118
050,05,027,"Arkansas","Columbia County",4,72,188,87,101
050,05,027,"Arkansas","Columbia County",4,73,188,83,105
050,05,027,"Arkansas","Columbia County",4,74,199,89,110
050,05,027,"Arkansas","Columbia County",4,75,188,83,105
050,05,027,"Arkansas","Columbia County",4,76,131,63,68
050,05,027,"Arkansas","Columbia County",4,77,150,61,89
050,05,027,"Arkansas","Columbia County",4,78,120,46,74
050,05,027,"Arkansas","Columbia County",4,79,130,53,77
050,05,027,"Arkansas","Columbia County",4,80,113,49,64
050,05,027,"Arkansas","Columbia County",4,81,95,34,61
050,05,027,"Arkansas","Columbia County",4,82,103,40,63
050,05,027,"Arkansas","Columbia County",4,83,95,43,52
050,05,027,"Arkansas","Columbia County",4,84,88,32,56
050,05,027,"Arkansas","Columbia County",4,85,475,178,297
050,05,027,"Arkansas","Columbia County",5,0,263,144,119
050,05,027,"Arkansas","Columbia County",5,1,272,138,134
050,05,027,"Arkansas","Columbia County",5,2,255,136,119
050,05,027,"Arkansas","Columbia County",5,3,249,135,114
050,05,027,"Arkansas","Columbia County",5,4,245,118,127
050,05,027,"Arkansas","Columbia County",5,5,268,123,145
050,05,027,"Arkansas","Columbia County",5,6,241,118,123
050,05,027,"Arkansas","Columbia County",5,7,286,140,146
050,05,027,"Arkansas","Columbia County",5,8,276,151,125
050,05,027,"Arkansas","Columbia County",5,9,267,150,117
050,05,027,"Arkansas","Columbia County",5,10,257,140,117
050,05,027,"Arkansas","Columbia County",5,11,253,118,135
050,05,027,"Arkansas","Columbia County",5,12,250,135,115
050,05,027,"Arkansas","Columbia County",5,13,257,128,129
050,05,027,"Arkansas","Columbia County",5,14,287,136,151
050,05,027,"Arkansas","Columbia County",5,15,275,137,138
050,05,027,"Arkansas","Columbia County",5,16,270,134,136
050,05,027,"Arkansas","Columbia County",5,17,254,118,136
050,05,027,"Arkansas","Columbia County",5,18,541,254,287
050,05,027,"Arkansas","Columbia County",5,19,853,424,429
050,05,027,"Arkansas","Columbia County",5,20,732,390,342
050,05,027,"Arkansas","Columbia County",5,21,542,322,220
050,05,027,"Arkansas","Columbia County",5,22,459,264,195
050,05,027,"Arkansas","Columbia County",5,23,394,156,238
050,05,027,"Arkansas","Columbia County",5,24,297,160,137
050,05,027,"Arkansas","Columbia County",5,25,283,148,135
050,05,027,"Arkansas","Columbia County",5,26,257,121,136
050,05,027,"Arkansas","Columbia County",5,27,241,116,125
050,05,027,"Arkansas","Columbia County",5,28,231,120,111
050,05,027,"Arkansas","Columbia County",5,29,256,119,137
050,05,027,"Arkansas","Columbia County",5,30,239,106,133
050,05,027,"Arkansas","Columbia County",5,31,246,115,131
050,05,027,"Arkansas","Columbia County",5,32,258,116,142
050,05,027,"Arkansas","Columbia County",5,33,250,116,134
050,05,027,"Arkansas","Columbia County",5,34,217,99,118
050,05,027,"Arkansas","Columbia County",5,35,219,102,117
050,05,027,"Arkansas","Columbia County",5,36,208,103,105
050,05,027,"Arkansas","Columbia County",5,37,220,107,113
050,05,027,"Arkansas","Columbia County",5,38,221,109,112
050,05,027,"Arkansas","Columbia County",5,39,232,102,130
050,05,027,"Arkansas","Columbia County",5,40,225,104,121
050,05,027,"Arkansas","Columbia County",5,41,241,117,124
050,05,027,"Arkansas","Columbia County",5,42,263,134,129
050,05,027,"Arkansas","Columbia County",5,43,249,124,125
050,05,027,"Arkansas","Columbia County",5,44,224,111,113
050,05,027,"Arkansas","Columbia County",5,45,229,114,115
050,05,027,"Arkansas","Columbia County",5,46,208,95,113
050,05,027,"Arkansas","Columbia County",5,47,215,95,120
050,05,027,"Arkansas","Columbia County",5,48,206,93,113
050,05,027,"Arkansas","Columbia County",5,49,218,106,112
050,05,027,"Arkansas","Columbia County",5,50,217,103,114
050,05,027,"Arkansas","Columbia County",5,51,218,108,110
050,05,027,"Arkansas","Columbia County",5,52,245,108,137
050,05,027,"Arkansas","Columbia County",5,53,242,101,141
050,05,027,"Arkansas","Columbia County",5,54,235,110,125
050,05,027,"Arkansas","Columbia County",5,55,226,111,115
050,05,027,"Arkansas","Columbia County",5,56,241,119,122
050,05,027,"Arkansas","Columbia County",5,57,265,130,135
050,05,027,"Arkansas","Columbia County",5,58,239,123,116
050,05,027,"Arkansas","Columbia County",5,59,259,127,132
050,05,027,"Arkansas","Columbia County",5,60,257,124,133
050,05,027,"Arkansas","Columbia County",5,61,289,146,143
050,05,027,"Arkansas","Columbia County",5,62,283,143,140
050,05,027,"Arkansas","Columbia County",5,63,267,124,143
050,05,027,"Arkansas","Columbia County",5,64,253,121,132
050,05,027,"Arkansas","Columbia County",5,65,254,118,136
050,05,027,"Arkansas","Columbia County",5,66,254,120,134
050,05,027,"Arkansas","Columbia County",5,67,248,115,133
050,05,027,"Arkansas","Columbia County",5,68,255,123,132
050,05,027,"Arkansas","Columbia County",5,69,257,127,130
050,05,027,"Arkansas","Columbia County",5,70,226,112,114
050,05,027,"Arkansas","Columbia County",5,71,207,91,116
050,05,027,"Arkansas","Columbia County",5,72,208,92,116
050,05,027,"Arkansas","Columbia County",5,73,181,83,98
050,05,027,"Arkansas","Columbia County",5,74,186,81,105
050,05,027,"Arkansas","Columbia County",5,75,187,83,104
050,05,027,"Arkansas","Columbia County",5,76,180,79,101
050,05,027,"Arkansas","Columbia County",5,77,131,60,71
050,05,027,"Arkansas","Columbia County",5,78,134,54,80
050,05,027,"Arkansas","Columbia County",5,79,119,43,76
050,05,027,"Arkansas","Columbia County",5,80,125,58,67
050,05,027,"Arkansas","Columbia County",5,81,99,40,59
050,05,027,"Arkansas","Columbia County",5,82,93,30,63
050,05,027,"Arkansas","Columbia County",5,83,98,40,58
050,05,027,"Arkansas","Columbia County",5,84,88,39,49
050,05,027,"Arkansas","Columbia County",5,85,485,181,304
050,05,029,"Arkansas","Conway County",1,0,232,118,114
050,05,029,"Arkansas","Conway County",1,1,226,120,106
050,05,029,"Arkansas","Conway County",1,2,254,132,122
050,05,029,"Arkansas","Conway County",1,3,258,136,122
050,05,029,"Arkansas","Conway County",1,4,249,131,118
050,05,029,"Arkansas","Conway County",1,5,273,145,128
050,05,029,"Arkansas","Conway County",1,6,268,142,126
050,05,029,"Arkansas","Conway County",1,7,270,134,136
050,05,029,"Arkansas","Conway County",1,8,279,135,144
050,05,029,"Arkansas","Conway County",1,9,284,135,149
050,05,029,"Arkansas","Conway County",1,10,259,136,123
050,05,029,"Arkansas","Conway County",1,11,274,141,133
050,05,029,"Arkansas","Conway County",1,12,272,135,137
050,05,029,"Arkansas","Conway County",1,13,271,141,130
050,05,029,"Arkansas","Conway County",1,14,262,131,131
050,05,029,"Arkansas","Conway County",1,15,258,121,137
050,05,029,"Arkansas","Conway County",1,16,253,123,130
050,05,029,"Arkansas","Conway County",1,17,284,139,145
050,05,029,"Arkansas","Conway County",1,18,227,117,110
050,05,029,"Arkansas","Conway County",1,19,200,112,88
050,05,029,"Arkansas","Conway County",1,20,192,108,84
050,05,029,"Arkansas","Conway County",1,21,194,99,95
050,05,029,"Arkansas","Conway County",1,22,205,93,112
050,05,029,"Arkansas","Conway County",1,23,232,122,110
050,05,029,"Arkansas","Conway County",1,24,199,103,96
050,05,029,"Arkansas","Conway County",1,25,224,103,121
050,05,029,"Arkansas","Conway County",1,26,234,127,107
050,05,029,"Arkansas","Conway County",1,27,259,145,114
050,05,029,"Arkansas","Conway County",1,28,252,130,122
050,05,029,"Arkansas","Conway County",1,29,257,115,142
050,05,029,"Arkansas","Conway County",1,30,243,123,120
050,05,029,"Arkansas","Conway County",1,31,240,132,108
050,05,029,"Arkansas","Conway County",1,32,252,128,124
050,05,029,"Arkansas","Conway County",1,33,233,115,118
050,05,029,"Arkansas","Conway County",1,34,230,107,123
050,05,029,"Arkansas","Conway County",1,35,233,109,124
050,05,029,"Arkansas","Conway County",1,36,249,125,124
050,05,029,"Arkansas","Conway County",1,37,258,136,122
050,05,029,"Arkansas","Conway County",1,38,251,123,128
050,05,029,"Arkansas","Conway County",1,39,257,128,129
050,05,029,"Arkansas","Conway County",1,40,243,112,131
050,05,029,"Arkansas","Conway County",1,41,224,113,111
050,05,029,"Arkansas","Conway County",1,42,222,104,118
050,05,029,"Arkansas","Conway County",1,43,236,128,108
050,05,029,"Arkansas","Conway County",1,44,225,111,114
050,05,029,"Arkansas","Conway County",1,45,247,126,121
050,05,029,"Arkansas","Conway County",1,46,243,129,114
050,05,029,"Arkansas","Conway County",1,47,246,133,113
050,05,029,"Arkansas","Conway County",1,48,265,129,136
050,05,029,"Arkansas","Conway County",1,49,269,122,147
050,05,029,"Arkansas","Conway County",1,50,246,118,128
050,05,029,"Arkansas","Conway County",1,51,233,109,124
050,05,029,"Arkansas","Conway County",1,52,260,126,134
050,05,029,"Arkansas","Conway County",1,53,274,134,140
050,05,029,"Arkansas","Conway County",1,54,299,145,154
050,05,029,"Arkansas","Conway County",1,55,320,161,159
050,05,029,"Arkansas","Conway County",1,56,334,163,171
050,05,029,"Arkansas","Conway County",1,57,320,159,161
050,05,029,"Arkansas","Conway County",1,58,309,160,149
050,05,029,"Arkansas","Conway County",1,59,303,153,150
050,05,029,"Arkansas","Conway County",1,60,299,145,154
050,05,029,"Arkansas","Conway County",1,61,311,160,151
050,05,029,"Arkansas","Conway County",1,62,312,160,152
050,05,029,"Arkansas","Conway County",1,63,317,155,162
050,05,029,"Arkansas","Conway County",1,64,304,133,171
050,05,029,"Arkansas","Conway County",1,65,287,141,146
050,05,029,"Arkansas","Conway County",1,66,249,129,120
050,05,029,"Arkansas","Conway County",1,67,246,131,115
050,05,029,"Arkansas","Conway County",1,68,265,135,130
050,05,029,"Arkansas","Conway County",1,69,237,116,121
050,05,029,"Arkansas","Conway County",1,70,214,100,114
050,05,029,"Arkansas","Conway County",1,71,200,93,107
050,05,029,"Arkansas","Conway County",1,72,219,104,115
050,05,029,"Arkansas","Conway County",1,73,228,111,117
050,05,029,"Arkansas","Conway County",1,74,157,72,85
050,05,029,"Arkansas","Conway County",1,75,181,76,105
050,05,029,"Arkansas","Conway County",1,76,162,74,88
050,05,029,"Arkansas","Conway County",1,77,151,75,76
050,05,029,"Arkansas","Conway County",1,78,138,67,71
050,05,029,"Arkansas","Conway County",1,79,125,55,70
050,05,029,"Arkansas","Conway County",1,80,111,53,58
050,05,029,"Arkansas","Conway County",1,81,110,48,62
050,05,029,"Arkansas","Conway County",1,82,107,43,64
050,05,029,"Arkansas","Conway County",1,83,92,44,48
050,05,029,"Arkansas","Conway County",1,84,71,31,40
050,05,029,"Arkansas","Conway County",1,85,452,183,269
050,05,029,"Arkansas","Conway County",2,0,221,119,102
050,05,029,"Arkansas","Conway County",2,1,227,119,108
050,05,029,"Arkansas","Conway County",2,2,247,129,118
050,05,029,"Arkansas","Conway County",2,3,254,134,120
050,05,029,"Arkansas","Conway County",2,4,254,133,121
050,05,029,"Arkansas","Conway County",2,5,269,144,125
050,05,029,"Arkansas","Conway County",2,6,269,143,126
050,05,029,"Arkansas","Conway County",2,7,270,136,134
050,05,029,"Arkansas","Conway County",2,8,277,136,141
050,05,029,"Arkansas","Conway County",2,9,282,136,146
050,05,029,"Arkansas","Conway County",2,10,265,136,129
050,05,029,"Arkansas","Conway County",2,11,270,138,132
050,05,029,"Arkansas","Conway County",2,12,274,138,136
050,05,029,"Arkansas","Conway County",2,13,272,140,132
050,05,029,"Arkansas","Conway County",2,14,268,135,133
050,05,029,"Arkansas","Conway County",2,15,257,123,134
050,05,029,"Arkansas","Conway County",2,16,255,123,132
050,05,029,"Arkansas","Conway County",2,17,277,134,143
050,05,029,"Arkansas","Conway County",2,18,227,117,110
050,05,029,"Arkansas","Conway County",2,19,196,107,89
050,05,029,"Arkansas","Conway County",2,20,200,112,88
050,05,029,"Arkansas","Conway County",2,21,198,102,96
050,05,029,"Arkansas","Conway County",2,22,207,98,109
050,05,029,"Arkansas","Conway County",2,23,228,117,111
050,05,029,"Arkansas","Conway County",2,24,211,109,102
050,05,029,"Arkansas","Conway County",2,25,218,102,116
050,05,029,"Arkansas","Conway County",2,26,232,122,110
050,05,029,"Arkansas","Conway County",2,27,250,139,111
050,05,029,"Arkansas","Conway County",2,28,256,133,123
050,05,029,"Arkansas","Conway County",2,29,255,118,137
050,05,029,"Arkansas","Conway County",2,30,246,122,124
050,05,029,"Arkansas","Conway County",2,31,239,129,110
050,05,029,"Arkansas","Conway County",2,32,248,128,120
050,05,029,"Arkansas","Conway County",2,33,236,116,120
050,05,029,"Arkansas","Conway County",2,34,229,108,121
050,05,029,"Arkansas","Conway County",2,35,237,112,125
050,05,029,"Arkansas","Conway County",2,36,244,121,123
050,05,029,"Arkansas","Conway County",2,37,257,134,123
050,05,029,"Arkansas","Conway County",2,38,257,129,128
050,05,029,"Arkansas","Conway County",2,39,256,127,129
050,05,029,"Arkansas","Conway County",2,40,245,115,130
050,05,029,"Arkansas","Conway County",2,41,225,111,114
050,05,029,"Arkansas","Conway County",2,42,224,107,117
050,05,029,"Arkansas","Conway County",2,43,238,124,114
050,05,029,"Arkansas","Conway County",2,44,228,115,113
050,05,029,"Arkansas","Conway County",2,45,243,123,120
050,05,029,"Arkansas","Conway County",2,46,246,128,118
050,05,029,"Arkansas","Conway County",2,47,247,132,115
050,05,029,"Arkansas","Conway County",2,48,262,130,132
050,05,029,"Arkansas","Conway County",2,49,271,125,146
050,05,029,"Arkansas","Conway County",2,50,253,120,133
050,05,029,"Arkansas","Conway County",2,51,239,113,126
050,05,029,"Arkansas","Conway County",2,52,253,122,131
050,05,029,"Arkansas","Conway County",2,53,273,133,140
050,05,029,"Arkansas","Conway County",2,54,293,144,149
050,05,029,"Arkansas","Conway County",2,55,316,157,159
050,05,029,"Arkansas","Conway County",2,56,331,164,167
050,05,029,"Arkansas","Conway County",2,57,325,161,164
050,05,029,"Arkansas","Conway County",2,58,310,159,151
050,05,029,"Arkansas","Conway County",2,59,305,154,151
050,05,029,"Arkansas","Conway County",2,60,299,147,152
050,05,029,"Arkansas","Conway County",2,61,307,155,152
050,05,029,"Arkansas","Conway County",2,62,312,159,153
050,05,029,"Arkansas","Conway County",2,63,321,159,162
050,05,029,"Arkansas","Conway County",2,64,306,138,168
050,05,029,"Arkansas","Conway County",2,65,293,140,153
050,05,029,"Arkansas","Conway County",2,66,258,132,126
050,05,029,"Arkansas","Conway County",2,67,244,128,116
050,05,029,"Arkansas","Conway County",2,68,256,132,124
050,05,029,"Arkansas","Conway County",2,69,248,123,125
050,05,029,"Arkansas","Conway County",2,70,215,103,112
050,05,029,"Arkansas","Conway County",2,71,201,94,107
050,05,029,"Arkansas","Conway County",2,72,211,99,112
050,05,029,"Arkansas","Conway County",2,73,235,114,121
050,05,029,"Arkansas","Conway County",2,74,164,76,88
050,05,029,"Arkansas","Conway County",2,75,176,76,100
050,05,029,"Arkansas","Conway County",2,76,160,74,86
050,05,029,"Arkansas","Conway County",2,77,154,74,80
050,05,029,"Arkansas","Conway County",2,78,140,68,72
050,05,029,"Arkansas","Conway County",2,79,125,56,69
050,05,029,"Arkansas","Conway County",2,80,112,52,60
050,05,029,"Arkansas","Conway County",2,81,111,50,61
050,05,029,"Arkansas","Conway County",2,82,106,43,63
050,05,029,"Arkansas","Conway County",2,83,94,44,50
050,05,029,"Arkansas","Conway County",2,84,75,34,41
050,05,029,"Arkansas","Conway County",2,85,445,183,262
050,05,029,"Arkansas","Conway County",3,0,207,108,99
050,05,029,"Arkansas","Conway County",3,1,227,114,113
050,05,029,"Arkansas","Conway County",3,2,249,118,131
050,05,029,"Arkansas","Conway County",3,3,244,130,114
050,05,029,"Arkansas","Conway County",3,4,276,142,134
050,05,029,"Arkansas","Conway County",3,5,255,136,119
050,05,029,"Arkansas","Conway County",3,6,280,151,129
050,05,029,"Arkansas","Conway County",3,7,259,139,120
050,05,029,"Arkansas","Conway County",3,8,278,140,138
050,05,029,"Arkansas","Conway County",3,9,270,132,138
050,05,029,"Arkansas","Conway County",3,10,288,139,149
050,05,029,"Arkansas","Conway County",3,11,276,140,136
050,05,029,"Arkansas","Conway County",3,12,282,143,139
050,05,029,"Arkansas","Conway County",3,13,281,146,135
050,05,029,"Arkansas","Conway County",3,14,268,138,130
050,05,029,"Arkansas","Conway County",3,15,268,133,135
050,05,029,"Arkansas","Conway County",3,16,252,123,129
050,05,029,"Arkansas","Conway County",3,17,261,124,137
050,05,029,"Arkansas","Conway County",3,18,242,123,119
050,05,029,"Arkansas","Conway County",3,19,187,97,90
050,05,029,"Arkansas","Conway County",3,20,209,112,97
050,05,029,"Arkansas","Conway County",3,21,222,123,99
050,05,029,"Arkansas","Conway County",3,22,202,106,96
050,05,029,"Arkansas","Conway County",3,23,214,102,112
050,05,029,"Arkansas","Conway County",3,24,233,114,119
050,05,029,"Arkansas","Conway County",3,25,213,114,99
050,05,029,"Arkansas","Conway County",3,26,219,106,113
050,05,029,"Arkansas","Conway County",3,27,230,119,111
050,05,029,"Arkansas","Conway County",3,28,260,141,119
050,05,029,"Arkansas","Conway County",3,29,261,133,128
050,05,029,"Arkansas","Conway County",3,30,267,123,144
050,05,029,"Arkansas","Conway County",3,31,258,128,130
050,05,029,"Arkansas","Conway County",3,32,231,120,111
050,05,029,"Arkansas","Conway County",3,33,237,119,118
050,05,029,"Arkansas","Conway County",3,34,234,118,116
050,05,029,"Arkansas","Conway County",3,35,233,106,127
050,05,029,"Arkansas","Conway County",3,36,237,113,124
050,05,029,"Arkansas","Conway County",3,37,245,120,125
050,05,029,"Arkansas","Conway County",3,38,275,145,130
050,05,029,"Arkansas","Conway County",3,39,263,133,130
050,05,029,"Arkansas","Conway County",3,40,266,130,136
050,05,029,"Arkansas","Conway County",3,41,248,113,135
050,05,029,"Arkansas","Conway County",3,42,234,114,120
050,05,029,"Arkansas","Conway County",3,43,228,109,119
050,05,029,"Arkansas","Conway County",3,44,240,118,122
050,05,029,"Arkansas","Conway County",3,45,237,122,115
050,05,029,"Arkansas","Conway County",3,46,239,118,121
050,05,029,"Arkansas","Conway County",3,47,260,134,126
050,05,029,"Arkansas","Conway County",3,48,252,138,114
050,05,029,"Arkansas","Conway County",3,49,271,134,137
050,05,029,"Arkansas","Conway County",3,50,270,124,146
050,05,029,"Arkansas","Conway County",3,51,260,125,135
050,05,029,"Arkansas","Conway County",3,52,250,119,131
050,05,029,"Arkansas","Conway County",3,53,259,127,132
050,05,029,"Arkansas","Conway County",3,54,272,136,136
050,05,029,"Arkansas","Conway County",3,55,298,144,154
050,05,029,"Arkansas","Conway County",3,56,315,156,159
050,05,029,"Arkansas","Conway County",3,57,332,167,165
050,05,029,"Arkansas","Conway County",3,58,327,162,165
050,05,029,"Arkansas","Conway County",3,59,312,158,154
050,05,029,"Arkansas","Conway County",3,60,298,153,145
050,05,029,"Arkansas","Conway County",3,61,301,150,151
050,05,029,"Arkansas","Conway County",3,62,295,145,150
050,05,029,"Arkansas","Conway County",3,63,303,153,150
050,05,029,"Arkansas","Conway County",3,64,332,162,170
050,05,029,"Arkansas","Conway County",3,65,308,142,166
050,05,029,"Arkansas","Conway County",3,66,290,139,151
050,05,029,"Arkansas","Conway County",3,67,254,131,123
050,05,029,"Arkansas","Conway County",3,68,237,122,115
050,05,029,"Arkansas","Conway County",3,69,254,127,127
050,05,029,"Arkansas","Conway County",3,70,243,117,126
050,05,029,"Arkansas","Conway County",3,71,202,99,103
050,05,029,"Arkansas","Conway County",3,72,193,91,102
050,05,029,"Arkansas","Conway County",3,73,201,96,105
050,05,029,"Arkansas","Conway County",3,74,236,107,129
050,05,029,"Arkansas","Conway County",3,75,160,77,83
050,05,029,"Arkansas","Conway County",3,76,173,77,96
050,05,029,"Arkansas","Conway County",3,77,162,75,87
050,05,029,"Arkansas","Conway County",3,78,148,71,77
050,05,029,"Arkansas","Conway County",3,79,123,60,63
050,05,029,"Arkansas","Conway County",3,80,117,49,68
050,05,029,"Arkansas","Conway County",3,81,107,48,59
050,05,029,"Arkansas","Conway County",3,82,98,45,53
050,05,029,"Arkansas","Conway County",3,83,97,42,55
050,05,029,"Arkansas","Conway County",3,84,78,37,41
050,05,029,"Arkansas","Conway County",3,85,429,183,246
050,05,029,"Arkansas","Conway County",4,0,227,120,107
050,05,029,"Arkansas","Conway County",4,1,243,134,109
050,05,029,"Arkansas","Conway County",4,2,219,102,117
050,05,029,"Arkansas","Conway County",4,3,251,118,133
050,05,029,"Arkansas","Conway County",4,4,244,123,121
050,05,029,"Arkansas","Conway County",4,5,271,134,137
050,05,029,"Arkansas","Conway County",4,6,261,134,127
050,05,029,"Arkansas","Conway County",4,7,271,141,130
050,05,029,"Arkansas","Conway County",4,8,268,145,123
050,05,029,"Arkansas","Conway County",4,9,292,147,145
050,05,029,"Arkansas","Conway County",4,10,272,136,136
050,05,029,"Arkansas","Conway County",4,11,292,142,150
050,05,029,"Arkansas","Conway County",4,12,271,134,137
050,05,029,"Arkansas","Conway County",4,13,291,146,145
050,05,029,"Arkansas","Conway County",4,14,264,136,128
050,05,029,"Arkansas","Conway County",4,15,277,143,134
050,05,029,"Arkansas","Conway County",4,16,281,148,133
050,05,029,"Arkansas","Conway County",4,17,260,124,136
050,05,029,"Arkansas","Conway County",4,18,220,112,108
050,05,029,"Arkansas","Conway County",4,19,178,92,86
050,05,029,"Arkansas","Conway County",4,20,197,101,96
050,05,029,"Arkansas","Conway County",4,21,220,115,105
050,05,029,"Arkansas","Conway County",4,22,234,121,113
050,05,029,"Arkansas","Conway County",4,23,227,121,106
050,05,029,"Arkansas","Conway County",4,24,206,106,100
050,05,029,"Arkansas","Conway County",4,25,223,111,112
050,05,029,"Arkansas","Conway County",4,26,206,105,101
050,05,029,"Arkansas","Conway County",4,27,229,112,117
050,05,029,"Arkansas","Conway County",4,28,240,123,117
050,05,029,"Arkansas","Conway County",4,29,250,141,109
050,05,029,"Arkansas","Conway County",4,30,277,139,138
050,05,029,"Arkansas","Conway County",4,31,281,134,147
050,05,029,"Arkansas","Conway County",4,32,249,116,133
050,05,029,"Arkansas","Conway County",4,33,235,125,110
050,05,029,"Arkansas","Conway County",4,34,259,137,122
050,05,029,"Arkansas","Conway County",4,35,236,115,121
050,05,029,"Arkansas","Conway County",4,36,226,98,128
050,05,029,"Arkansas","Conway County",4,37,242,121,121
050,05,029,"Arkansas","Conway County",4,38,249,120,129
050,05,029,"Arkansas","Conway County",4,39,278,149,129
050,05,029,"Arkansas","Conway County",4,40,260,128,132
050,05,029,"Arkansas","Conway County",4,41,278,134,144
050,05,029,"Arkansas","Conway County",4,42,263,117,146
050,05,029,"Arkansas","Conway County",4,43,228,109,119
050,05,029,"Arkansas","Conway County",4,44,234,111,123
050,05,029,"Arkansas","Conway County",4,45,245,121,124
050,05,029,"Arkansas","Conway County",4,46,236,119,117
050,05,029,"Arkansas","Conway County",4,47,240,121,119
050,05,029,"Arkansas","Conway County",4,48,270,139,131
050,05,029,"Arkansas","Conway County",4,49,255,143,112
050,05,029,"Arkansas","Conway County",4,50,278,136,142
050,05,029,"Arkansas","Conway County",4,51,278,127,151
050,05,029,"Arkansas","Conway County",4,52,261,123,138
050,05,029,"Arkansas","Conway County",4,53,254,125,129
050,05,029,"Arkansas","Conway County",4,54,263,128,135
050,05,029,"Arkansas","Conway County",4,55,275,136,139
050,05,029,"Arkansas","Conway County",4,56,292,143,149
050,05,029,"Arkansas","Conway County",4,57,322,160,162
050,05,029,"Arkansas","Conway County",4,58,337,171,166
050,05,029,"Arkansas","Conway County",4,59,328,162,166
050,05,029,"Arkansas","Conway County",4,60,310,154,156
050,05,029,"Arkansas","Conway County",4,61,298,149,149
050,05,029,"Arkansas","Conway County",4,62,300,144,156
050,05,029,"Arkansas","Conway County",4,63,288,138,150
050,05,029,"Arkansas","Conway County",4,64,302,153,149
050,05,029,"Arkansas","Conway County",4,65,325,159,166
050,05,029,"Arkansas","Conway County",4,66,307,140,167
050,05,029,"Arkansas","Conway County",4,67,280,128,152
050,05,029,"Arkansas","Conway County",4,68,250,130,120
050,05,029,"Arkansas","Conway County",4,69,237,120,117
050,05,029,"Arkansas","Conway County",4,70,252,126,126
050,05,029,"Arkansas","Conway County",4,71,233,113,120
050,05,029,"Arkansas","Conway County",4,72,196,96,100
050,05,029,"Arkansas","Conway County",4,73,182,87,95
050,05,029,"Arkansas","Conway County",4,74,197,93,104
050,05,029,"Arkansas","Conway County",4,75,226,105,121
050,05,029,"Arkansas","Conway County",4,76,152,75,77
050,05,029,"Arkansas","Conway County",4,77,162,70,92
050,05,029,"Arkansas","Conway County",4,78,151,72,79
050,05,029,"Arkansas","Conway County",4,79,132,67,65
050,05,029,"Arkansas","Conway County",4,80,116,55,61
050,05,029,"Arkansas","Conway County",4,81,103,40,63
050,05,029,"Arkansas","Conway County",4,82,101,44,57
050,05,029,"Arkansas","Conway County",4,83,89,42,47
050,05,029,"Arkansas","Conway County",4,84,85,35,50
050,05,029,"Arkansas","Conway County",4,85,433,184,249
050,05,029,"Arkansas","Conway County",5,0,224,118,106
050,05,029,"Arkansas","Conway County",5,1,247,134,113
050,05,029,"Arkansas","Conway County",5,2,242,132,110
050,05,029,"Arkansas","Conway County",5,3,222,108,114
050,05,029,"Arkansas","Conway County",5,4,230,102,128
050,05,029,"Arkansas","Conway County",5,5,234,115,119
050,05,029,"Arkansas","Conway County",5,6,279,137,142
050,05,029,"Arkansas","Conway County",5,7,265,131,134
050,05,029,"Arkansas","Conway County",5,8,285,149,136
050,05,029,"Arkansas","Conway County",5,9,268,146,122
050,05,029,"Arkansas","Conway County",5,10,292,148,144
050,05,029,"Arkansas","Conway County",5,11,275,138,137
050,05,029,"Arkansas","Conway County",5,12,286,137,149
050,05,029,"Arkansas","Conway County",5,13,274,139,135
050,05,029,"Arkansas","Conway County",5,14,286,140,146
050,05,029,"Arkansas","Conway County",5,15,276,144,132
050,05,029,"Arkansas","Conway County",5,16,276,141,135
050,05,029,"Arkansas","Conway County",5,17,279,137,142
050,05,029,"Arkansas","Conway County",5,18,216,105,111
050,05,029,"Arkansas","Conway County",5,19,173,87,86
050,05,029,"Arkansas","Conway County",5,20,214,112,102
050,05,029,"Arkansas","Conway County",5,21,206,101,105
050,05,029,"Arkansas","Conway County",5,22,235,121,114
050,05,029,"Arkansas","Conway County",5,23,252,127,125
050,05,029,"Arkansas","Conway County",5,24,221,122,99
050,05,029,"Arkansas","Conway County",5,25,208,103,105
050,05,029,"Arkansas","Conway County",5,26,205,102,103
050,05,029,"Arkansas","Conway County",5,27,212,109,103
050,05,029,"Arkansas","Conway County",5,28,245,121,124
050,05,029,"Arkansas","Conway County",5,29,234,115,119
050,05,029,"Arkansas","Conway County",5,30,241,136,105
050,05,029,"Arkansas","Conway County",5,31,266,135,131
050,05,029,"Arkansas","Conway County",5,32,282,135,147
050,05,029,"Arkansas","Conway County",5,33,248,118,130
050,05,029,"Arkansas","Conway County",5,34,248,128,120
050,05,029,"Arkansas","Conway County",5,35,260,137,123
050,05,029,"Arkansas","Conway County",5,36,244,117,127
050,05,029,"Arkansas","Conway County",5,37,242,103,139
050,05,029,"Arkansas","Conway County",5,38,251,127,124
050,05,029,"Arkansas","Conway County",5,39,247,120,127
050,05,029,"Arkansas","Conway County",5,40,276,144,132
050,05,029,"Arkansas","Conway County",5,41,259,127,132
050,05,029,"Arkansas","Conway County",5,42,275,128,147
050,05,029,"Arkansas","Conway County",5,43,260,113,147
050,05,029,"Arkansas","Conway County",5,44,241,119,122
050,05,029,"Arkansas","Conway County",5,45,243,120,123
050,05,029,"Arkansas","Conway County",5,46,252,123,129
050,05,029,"Arkansas","Conway County",5,47,237,122,115
050,05,029,"Arkansas","Conway County",5,48,249,124,125
050,05,029,"Arkansas","Conway County",5,49,275,138,137
050,05,029,"Arkansas","Conway County",5,50,258,136,122
050,05,029,"Arkansas","Conway County",5,51,281,139,142
050,05,029,"Arkansas","Conway County",5,52,269,116,153
050,05,029,"Arkansas","Conway County",5,53,257,127,130
050,05,029,"Arkansas","Conway County",5,54,264,128,136
050,05,029,"Arkansas","Conway County",5,55,261,129,132
050,05,029,"Arkansas","Conway County",5,56,278,140,138
050,05,029,"Arkansas","Conway County",5,57,299,147,152
050,05,029,"Arkansas","Conway County",5,58,313,157,156
050,05,029,"Arkansas","Conway County",5,59,331,168,163
050,05,029,"Arkansas","Conway County",5,60,323,165,158
050,05,029,"Arkansas","Conway County",5,61,308,149,159
050,05,029,"Arkansas","Conway County",5,62,306,153,153
050,05,029,"Arkansas","Conway County",5,63,287,138,149
050,05,029,"Arkansas","Conway County",5,64,288,140,148
050,05,029,"Arkansas","Conway County",5,65,292,151,141
050,05,029,"Arkansas","Conway County",5,66,322,160,162
050,05,029,"Arkansas","Conway County",5,67,295,133,162
050,05,029,"Arkansas","Conway County",5,68,282,131,151
050,05,029,"Arkansas","Conway County",5,69,249,130,119
050,05,029,"Arkansas","Conway County",5,70,228,114,114
050,05,029,"Arkansas","Conway County",5,71,239,120,119
050,05,029,"Arkansas","Conway County",5,72,226,106,120
050,05,029,"Arkansas","Conway County",5,73,183,90,93
050,05,029,"Arkansas","Conway County",5,74,175,81,94
050,05,029,"Arkansas","Conway County",5,75,189,94,95
050,05,029,"Arkansas","Conway County",5,76,222,102,120
050,05,029,"Arkansas","Conway County",5,77,147,69,78
050,05,029,"Arkansas","Conway County",5,78,156,67,89
050,05,029,"Arkansas","Conway County",5,79,140,67,73
050,05,029,"Arkansas","Conway County",5,80,123,62,61
050,05,029,"Arkansas","Conway County",5,81,108,48,60
050,05,029,"Arkansas","Conway County",5,82,99,36,63
050,05,029,"Arkansas","Conway County",5,83,95,42,53
050,05,029,"Arkansas","Conway County",5,84,76,34,42
050,05,029,"Arkansas","Conway County",5,85,451,191,260
050,05,031,"Arkansas","Craighead County",1,0,1505,769,736
050,05,031,"Arkansas","Craighead County",1,1,1480,760,720
050,05,031,"Arkansas","Craighead County",1,2,1514,777,737
050,05,031,"Arkansas","Craighead County",1,3,1517,798,719
050,05,031,"Arkansas","Craighead County",1,4,1614,853,761
050,05,031,"Arkansas","Craighead County",1,5,1628,867,761
050,05,031,"Arkansas","Craighead County",1,6,1523,749,774
050,05,031,"Arkansas","Craighead County",1,7,1540,790,750
050,05,031,"Arkansas","Craighead County",1,8,1533,799,734
050,05,031,"Arkansas","Craighead County",1,9,1532,786,746
050,05,031,"Arkansas","Craighead County",1,10,1546,793,753
050,05,031,"Arkansas","Craighead County",1,11,1648,874,774
050,05,031,"Arkansas","Craighead County",1,12,1707,894,813
050,05,031,"Arkansas","Craighead County",1,13,1595,804,791
050,05,031,"Arkansas","Craighead County",1,14,1582,788,794
050,05,031,"Arkansas","Craighead County",1,15,1556,821,735
050,05,031,"Arkansas","Craighead County",1,16,1588,818,770
050,05,031,"Arkansas","Craighead County",1,17,1597,819,778
050,05,031,"Arkansas","Craighead County",1,18,1760,882,878
050,05,031,"Arkansas","Craighead County",1,19,2191,1094,1097
050,05,031,"Arkansas","Craighead County",1,20,1843,963,880
050,05,031,"Arkansas","Craighead County",1,21,1537,825,712
050,05,031,"Arkansas","Craighead County",1,22,1569,799,770
050,05,031,"Arkansas","Craighead County",1,23,1635,784,851
050,05,031,"Arkansas","Craighead County",1,24,1629,793,836
050,05,031,"Arkansas","Craighead County",1,25,1618,785,833
050,05,031,"Arkansas","Craighead County",1,26,1652,790,862
050,05,031,"Arkansas","Craighead County",1,27,1639,796,843
050,05,031,"Arkansas","Craighead County",1,28,1728,843,885
050,05,031,"Arkansas","Craighead County",1,29,1794,827,967
050,05,031,"Arkansas","Craighead County",1,30,1769,849,920
050,05,031,"Arkansas","Craighead County",1,31,1690,803,887
050,05,031,"Arkansas","Craighead County",1,32,1677,813,864
050,05,031,"Arkansas","Craighead County",1,33,1579,743,836
050,05,031,"Arkansas","Craighead County",1,34,1536,726,810
050,05,031,"Arkansas","Craighead County",1,35,1498,733,765
050,05,031,"Arkansas","Craighead County",1,36,1511,748,763
050,05,031,"Arkansas","Craighead County",1,37,1445,700,745
050,05,031,"Arkansas","Craighead County",1,38,1479,733,746
050,05,031,"Arkansas","Craighead County",1,39,1500,735,765
050,05,031,"Arkansas","Craighead County",1,40,1472,723,749
050,05,031,"Arkansas","Craighead County",1,41,1457,719,738
050,05,031,"Arkansas","Craighead County",1,42,1432,680,752
050,05,031,"Arkansas","Craighead County",1,43,1398,664,734
050,05,031,"Arkansas","Craighead County",1,44,1270,656,614
050,05,031,"Arkansas","Craighead County",1,45,1236,603,633
050,05,031,"Arkansas","Craighead County",1,46,1221,609,612
050,05,031,"Arkansas","Craighead County",1,47,1250,621,629
050,05,031,"Arkansas","Craighead County",1,48,1317,667,650
050,05,031,"Arkansas","Craighead County",1,49,1360,685,675
050,05,031,"Arkansas","Craighead County",1,50,1268,635,633
050,05,031,"Arkansas","Craighead County",1,51,1218,590,628
050,05,031,"Arkansas","Craighead County",1,52,1154,555,599
050,05,031,"Arkansas","Craighead County",1,53,1174,533,641
050,05,031,"Arkansas","Craighead County",1,54,1227,587,640
050,05,031,"Arkansas","Craighead County",1,55,1280,629,651
050,05,031,"Arkansas","Craighead County",1,56,1288,657,631
050,05,031,"Arkansas","Craighead County",1,57,1295,631,664
050,05,031,"Arkansas","Craighead County",1,58,1258,594,664
050,05,031,"Arkansas","Craighead County",1,59,1216,591,625
050,05,031,"Arkansas","Craighead County",1,60,1216,567,649
050,05,031,"Arkansas","Craighead County",1,61,1176,559,617
050,05,031,"Arkansas","Craighead County",1,62,1176,552,624
050,05,031,"Arkansas","Craighead County",1,63,1181,517,664
050,05,031,"Arkansas","Craighead County",1,64,1131,511,620
050,05,031,"Arkansas","Craighead County",1,65,1069,511,558
050,05,031,"Arkansas","Craighead County",1,66,1036,486,550
050,05,031,"Arkansas","Craighead County",1,67,1016,475,541
050,05,031,"Arkansas","Craighead County",1,68,957,454,503
050,05,031,"Arkansas","Craighead County",1,69,886,387,499
050,05,031,"Arkansas","Craighead County",1,70,849,391,458
050,05,031,"Arkansas","Craighead County",1,71,873,374,499
050,05,031,"Arkansas","Craighead County",1,72,839,366,473
050,05,031,"Arkansas","Craighead County",1,73,868,398,470
050,05,031,"Arkansas","Craighead County",1,74,586,272,314
050,05,031,"Arkansas","Craighead County",1,75,570,243,327
050,05,031,"Arkansas","Craighead County",1,76,602,258,344
050,05,031,"Arkansas","Craighead County",1,77,593,244,349
050,05,031,"Arkansas","Craighead County",1,78,516,199,317
050,05,031,"Arkansas","Craighead County",1,79,444,187,257
050,05,031,"Arkansas","Craighead County",1,80,429,175,254
050,05,031,"Arkansas","Craighead County",1,81,389,154,235
050,05,031,"Arkansas","Craighead County",1,82,334,135,199
050,05,031,"Arkansas","Craighead County",1,83,283,118,165
050,05,031,"Arkansas","Craighead County",1,84,285,113,172
050,05,031,"Arkansas","Craighead County",1,85,1663,585,1078
050,05,031,"Arkansas","Craighead County",2,0,1476,764,712
050,05,031,"Arkansas","Craighead County",2,1,1481,761,720
050,05,031,"Arkansas","Craighead County",2,2,1508,775,733
050,05,031,"Arkansas","Craighead County",2,3,1510,789,721
050,05,031,"Arkansas","Craighead County",2,4,1592,840,752
050,05,031,"Arkansas","Craighead County",2,5,1627,863,764
050,05,031,"Arkansas","Craighead County",2,6,1551,781,770
050,05,031,"Arkansas","Craighead County",2,7,1539,781,758
050,05,031,"Arkansas","Craighead County",2,8,1534,796,738
050,05,031,"Arkansas","Craighead County",2,9,1533,788,745
050,05,031,"Arkansas","Craighead County",2,10,1541,789,752
050,05,031,"Arkansas","Craighead County",2,11,1624,855,769
050,05,031,"Arkansas","Craighead County",2,12,1703,891,812
050,05,031,"Arkansas","Craighead County",2,13,1627,828,799
050,05,031,"Arkansas","Craighead County",2,14,1592,796,796
050,05,031,"Arkansas","Craighead County",2,15,1573,819,754
050,05,031,"Arkansas","Craighead County",2,16,1588,826,762
050,05,031,"Arkansas","Craighead County",2,17,1605,822,783
050,05,031,"Arkansas","Craighead County",2,18,1770,886,884
050,05,031,"Arkansas","Craighead County",2,19,2201,1094,1107
050,05,031,"Arkansas","Craighead County",2,20,1879,978,901
050,05,031,"Arkansas","Craighead County",2,21,1555,832,723
050,05,031,"Arkansas","Craighead County",2,22,1570,797,773
050,05,031,"Arkansas","Craighead County",2,23,1643,799,844
050,05,031,"Arkansas","Craighead County",2,24,1631,787,844
050,05,031,"Arkansas","Craighead County",2,25,1632,791,841
050,05,031,"Arkansas","Craighead County",2,26,1651,788,863
050,05,031,"Arkansas","Craighead County",2,27,1640,791,849
050,05,031,"Arkansas","Craighead County",2,28,1703,828,875
050,05,031,"Arkansas","Craighead County",2,29,1782,830,952
050,05,031,"Arkansas","Craighead County",2,30,1780,846,934
050,05,031,"Arkansas","Craighead County",2,31,1706,815,891
050,05,031,"Arkansas","Craighead County",2,32,1688,813,875
050,05,031,"Arkansas","Craighead County",2,33,1604,761,843
050,05,031,"Arkansas","Craighead County",2,34,1551,728,823
050,05,031,"Arkansas","Craighead County",2,35,1524,739,785
050,05,031,"Arkansas","Craighead County",2,36,1495,737,758
050,05,031,"Arkansas","Craighead County",2,37,1465,715,750
050,05,031,"Arkansas","Craighead County",2,38,1478,729,749
050,05,031,"Arkansas","Craighead County",2,39,1492,732,760
050,05,031,"Arkansas","Craighead County",2,40,1499,734,765
050,05,031,"Arkansas","Craighead County",2,41,1460,717,743
050,05,031,"Arkansas","Craighead County",2,42,1435,686,749
050,05,031,"Arkansas","Craighead County",2,43,1417,672,745
050,05,031,"Arkansas","Craighead County",2,44,1286,650,636
050,05,031,"Arkansas","Craighead County",2,45,1249,618,631
050,05,031,"Arkansas","Craighead County",2,46,1227,610,617
050,05,031,"Arkansas","Craighead County",2,47,1246,622,624
050,05,031,"Arkansas","Craighead County",2,48,1303,658,645
050,05,031,"Arkansas","Craighead County",2,49,1356,688,668
050,05,031,"Arkansas","Craighead County",2,50,1296,649,647
050,05,031,"Arkansas","Craighead County",2,51,1225,600,625
050,05,031,"Arkansas","Craighead County",2,52,1168,561,607
050,05,031,"Arkansas","Craighead County",2,53,1176,542,634
050,05,031,"Arkansas","Craighead County",2,54,1210,572,638
050,05,031,"Arkansas","Craighead County",2,55,1266,621,645
050,05,031,"Arkansas","Craighead County",2,56,1288,651,637
050,05,031,"Arkansas","Craighead County",2,57,1295,638,657
050,05,031,"Arkansas","Craighead County",2,58,1263,602,661
050,05,031,"Arkansas","Craighead County",2,59,1227,593,634
050,05,031,"Arkansas","Craighead County",2,60,1207,568,639
050,05,031,"Arkansas","Craighead County",2,61,1176,553,623
050,05,031,"Arkansas","Craighead County",2,62,1173,551,622
050,05,031,"Arkansas","Craighead County",2,63,1184,528,656
050,05,031,"Arkansas","Craighead County",2,64,1136,509,627
050,05,031,"Arkansas","Craighead County",2,65,1085,511,574
050,05,031,"Arkansas","Craighead County",2,66,1041,491,550
050,05,031,"Arkansas","Craighead County",2,67,1011,469,542
050,05,031,"Arkansas","Craighead County",2,68,958,453,505
050,05,031,"Arkansas","Craighead County",2,69,904,402,502
050,05,031,"Arkansas","Craighead County",2,70,852,385,467
050,05,031,"Arkansas","Craighead County",2,71,864,378,486
050,05,031,"Arkansas","Craighead County",2,72,831,361,470
050,05,031,"Arkansas","Craighead County",2,73,901,406,495
050,05,031,"Arkansas","Craighead County",2,74,615,285,330
050,05,031,"Arkansas","Craighead County",2,75,573,249,324
050,05,031,"Arkansas","Craighead County",2,76,583,251,332
050,05,031,"Arkansas","Craighead County",2,77,606,253,353
050,05,031,"Arkansas","Craighead County",2,78,521,202,319
050,05,031,"Arkansas","Craighead County",2,79,454,187,267
050,05,031,"Arkansas","Craighead County",2,80,426,172,254
050,05,031,"Arkansas","Craighead County",2,81,394,158,236
050,05,031,"Arkansas","Craighead County",2,82,347,140,207
050,05,031,"Arkansas","Craighead County",2,83,287,118,169
050,05,031,"Arkansas","Craighead County",2,84,281,111,170
050,05,031,"Arkansas","Craighead County",2,85,1673,591,1082
050,05,031,"Arkansas","Craighead County",3,0,1496,765,731
050,05,031,"Arkansas","Craighead County",3,1,1445,734,711
050,05,031,"Arkansas","Craighead County",3,2,1505,765,740
050,05,031,"Arkansas","Craighead County",3,3,1524,789,735
050,05,031,"Arkansas","Craighead County",3,4,1542,809,733
050,05,031,"Arkansas","Craighead County",3,5,1630,852,778
050,05,031,"Arkansas","Craighead County",3,6,1638,866,772
050,05,031,"Arkansas","Craighead County",3,7,1568,782,786
050,05,031,"Arkansas","Craighead County",3,8,1529,779,750
050,05,031,"Arkansas","Craighead County",3,9,1558,830,728
050,05,031,"Arkansas","Craighead County",3,10,1558,793,765
050,05,031,"Arkansas","Craighead County",3,11,1565,807,758
050,05,031,"Arkansas","Craighead County",3,12,1631,854,777
050,05,031,"Arkansas","Craighead County",3,13,1719,901,818
050,05,031,"Arkansas","Craighead County",3,14,1661,852,809
050,05,031,"Arkansas","Craighead County",3,15,1627,822,805
050,05,031,"Arkansas","Craighead County",3,16,1586,830,756
050,05,031,"Arkansas","Craighead County",3,17,1602,840,762
050,05,031,"Arkansas","Craighead County",3,18,1686,850,836
050,05,031,"Arkansas","Craighead County",3,19,1881,939,942
050,05,031,"Arkansas","Craighead County",3,20,1727,889,838
050,05,031,"Arkansas","Craighead County",3,21,1565,816,749
050,05,031,"Arkansas","Craighead County",3,22,1555,788,767
050,05,031,"Arkansas","Craighead County",3,23,1635,851,784
050,05,031,"Arkansas","Craighead County",3,24,1703,825,878
050,05,031,"Arkansas","Craighead County",3,25,1631,788,843
050,05,031,"Arkansas","Craighead County",3,26,1628,786,842
050,05,031,"Arkansas","Craighead County",3,27,1644,786,858
050,05,031,"Arkansas","Craighead County",3,28,1631,792,839
050,05,031,"Arkansas","Craighead County",3,29,1704,825,879
050,05,031,"Arkansas","Craighead County",3,30,1779,855,924
050,05,031,"Arkansas","Craighead County",3,31,1819,867,952
050,05,031,"Arkansas","Craighead County",3,32,1700,804,896
050,05,031,"Arkansas","Craighead County",3,33,1681,793,888
050,05,031,"Arkansas","Craighead County",3,34,1593,769,824
050,05,031,"Arkansas","Craighead County",3,35,1572,746,826
050,05,031,"Arkansas","Craighead County",3,36,1512,730,782
050,05,031,"Arkansas","Craighead County",3,37,1474,718,756
050,05,031,"Arkansas","Craighead County",3,38,1469,737,732
050,05,031,"Arkansas","Craighead County",3,39,1473,721,752
050,05,031,"Arkansas","Craighead County",3,40,1506,739,767
050,05,031,"Arkansas","Craighead County",3,41,1487,722,765
050,05,031,"Arkansas","Craighead County",3,42,1466,713,753
050,05,031,"Arkansas","Craighead County",3,43,1417,672,745
050,05,031,"Arkansas","Craighead County",3,44,1434,687,747
050,05,031,"Arkansas","Craighead County",3,45,1280,652,628
050,05,031,"Arkansas","Craighead County",3,46,1273,628,645
050,05,031,"Arkansas","Craighead County",3,47,1208,606,602
050,05,031,"Arkansas","Craighead County",3,48,1238,608,630
050,05,031,"Arkansas","Craighead County",3,49,1269,644,625
050,05,031,"Arkansas","Craighead County",3,50,1364,693,671
050,05,031,"Arkansas","Craighead County",3,51,1314,655,659
050,05,031,"Arkansas","Craighead County",3,52,1205,593,612
050,05,031,"Arkansas","Craighead County",3,53,1168,569,599
050,05,031,"Arkansas","Craighead County",3,54,1163,536,627
050,05,031,"Arkansas","Craighead County",3,55,1188,552,636
050,05,031,"Arkansas","Craighead County",3,56,1233,606,627
050,05,031,"Arkansas","Craighead County",3,57,1262,633,629
050,05,031,"Arkansas","Craighead County",3,58,1282,635,647
050,05,031,"Arkansas","Craighead County",3,59,1223,586,637
050,05,031,"Arkansas","Craighead County",3,60,1201,573,628
050,05,031,"Arkansas","Craighead County",3,61,1197,569,628
050,05,031,"Arkansas","Craighead County",3,62,1158,556,602
050,05,031,"Arkansas","Craighead County",3,63,1155,532,623
050,05,031,"Arkansas","Craighead County",3,64,1156,496,660
050,05,031,"Arkansas","Craighead County",3,65,1120,500,620
050,05,031,"Arkansas","Craighead County",3,66,1062,495,567
050,05,031,"Arkansas","Craighead County",3,67,1019,474,545
050,05,031,"Arkansas","Craighead County",3,68,990,460,530
050,05,031,"Arkansas","Craighead County",3,69,917,432,485
050,05,031,"Arkansas","Craighead County",3,70,864,380,484
050,05,031,"Arkansas","Craighead County",3,71,842,382,460
050,05,031,"Arkansas","Craighead County",3,72,838,367,471
050,05,031,"Arkansas","Craighead County",3,73,820,347,473
050,05,031,"Arkansas","Craighead County",3,74,864,395,469
050,05,031,"Arkansas","Craighead County",3,75,582,267,315
050,05,031,"Arkansas","Craighead County",3,76,542,230,312
050,05,031,"Arkansas","Craighead County",3,77,565,248,317
050,05,031,"Arkansas","Craighead County",3,78,575,234,341
050,05,031,"Arkansas","Craighead County",3,79,503,201,302
050,05,031,"Arkansas","Craighead County",3,80,415,164,251
050,05,031,"Arkansas","Craighead County",3,81,399,155,244
050,05,031,"Arkansas","Craighead County",3,82,361,143,218
050,05,031,"Arkansas","Craighead County",3,83,316,131,185
050,05,031,"Arkansas","Craighead County",3,84,270,111,159
050,05,031,"Arkansas","Craighead County",3,85,1637,591,1046
050,05,031,"Arkansas","Craighead County",4,0,1535,764,771
050,05,031,"Arkansas","Craighead County",4,1,1511,748,763
050,05,031,"Arkansas","Craighead County",4,2,1463,731,732
050,05,031,"Arkansas","Craighead County",4,3,1558,800,758
050,05,031,"Arkansas","Craighead County",4,4,1560,783,777
050,05,031,"Arkansas","Craighead County",4,5,1554,808,746
050,05,031,"Arkansas","Craighead County",4,6,1653,853,800
050,05,031,"Arkansas","Craighead County",4,7,1636,857,779
050,05,031,"Arkansas","Craighead County",4,8,1591,805,786
050,05,031,"Arkansas","Craighead County",4,9,1546,795,751
050,05,031,"Arkansas","Craighead County",4,10,1579,816,763
050,05,031,"Arkansas","Craighead County",4,11,1560,781,779
050,05,031,"Arkansas","Craighead County",4,12,1570,820,750
050,05,031,"Arkansas","Craighead County",4,13,1641,862,779
050,05,031,"Arkansas","Craighead County",4,14,1729,905,824
050,05,031,"Arkansas","Craighead County",4,15,1666,859,807
050,05,031,"Arkansas","Craighead County",4,16,1645,828,817
050,05,031,"Arkansas","Craighead County",4,17,1597,842,755
050,05,031,"Arkansas","Craighead County",4,18,1659,854,805
050,05,031,"Arkansas","Craighead County",4,19,1876,929,947
050,05,031,"Arkansas","Craighead County",4,20,1701,862,839
050,05,031,"Arkansas","Craighead County",4,21,1564,793,771
050,05,031,"Arkansas","Craighead County",4,22,1589,784,805
050,05,031,"Arkansas","Craighead County",4,23,1682,869,813
050,05,031,"Arkansas","Craighead County",4,24,1660,843,817
050,05,031,"Arkansas","Craighead County",4,25,1710,819,891
050,05,031,"Arkansas","Craighead County",4,26,1643,821,822
050,05,031,"Arkansas","Craighead County",4,27,1617,783,834
050,05,031,"Arkansas","Craighead County",4,28,1588,765,823
050,05,031,"Arkansas","Craighead County",4,29,1666,797,869
050,05,031,"Arkansas","Craighead County",4,30,1680,822,858
050,05,031,"Arkansas","Craighead County",4,31,1768,826,942
050,05,031,"Arkansas","Craighead County",4,32,1803,858,945
050,05,031,"Arkansas","Craighead County",4,33,1701,811,890
050,05,031,"Arkansas","Craighead County",4,34,1693,806,887
050,05,031,"Arkansas","Craighead County",4,35,1603,772,831
050,05,031,"Arkansas","Craighead County",4,36,1613,773,840
050,05,031,"Arkansas","Craighead County",4,37,1503,733,770
050,05,031,"Arkansas","Craighead County",4,38,1456,707,749
050,05,031,"Arkansas","Craighead County",4,39,1461,737,724
050,05,031,"Arkansas","Craighead County",4,40,1475,710,765
050,05,031,"Arkansas","Craighead County",4,41,1497,720,777
050,05,031,"Arkansas","Craighead County",4,42,1466,697,769
050,05,031,"Arkansas","Craighead County",4,43,1465,715,750
050,05,031,"Arkansas","Craighead County",4,44,1413,677,736
050,05,031,"Arkansas","Craighead County",4,45,1429,680,749
050,05,031,"Arkansas","Craighead County",4,46,1295,655,640
050,05,031,"Arkansas","Craighead County",4,47,1265,629,636
050,05,031,"Arkansas","Craighead County",4,48,1217,605,612
050,05,031,"Arkansas","Craighead County",4,49,1245,619,626
050,05,031,"Arkansas","Craighead County",4,50,1265,637,628
050,05,031,"Arkansas","Craighead County",4,51,1375,694,681
050,05,031,"Arkansas","Craighead County",4,52,1311,658,653
050,05,031,"Arkansas","Craighead County",4,53,1228,600,628
050,05,031,"Arkansas","Craighead County",4,54,1177,566,611
050,05,031,"Arkansas","Craighead County",4,55,1149,525,624
050,05,031,"Arkansas","Craighead County",4,56,1170,550,620
050,05,031,"Arkansas","Craighead County",4,57,1226,597,629
050,05,031,"Arkansas","Craighead County",4,58,1261,619,642
050,05,031,"Arkansas","Craighead County",4,59,1295,645,650
050,05,031,"Arkansas","Craighead County",4,60,1230,586,644
050,05,031,"Arkansas","Craighead County",4,61,1183,564,619
050,05,031,"Arkansas","Craighead County",4,62,1185,567,618
050,05,031,"Arkansas","Craighead County",4,63,1148,548,600
050,05,031,"Arkansas","Craighead County",4,64,1129,506,623
050,05,031,"Arkansas","Craighead County",4,65,1136,489,647
050,05,031,"Arkansas","Craighead County",4,66,1089,485,604
050,05,031,"Arkansas","Craighead County",4,67,1059,490,569
050,05,031,"Arkansas","Craighead County",4,68,989,459,530
050,05,031,"Arkansas","Craighead County",4,69,961,445,516
050,05,031,"Arkansas","Craighead County",4,70,895,413,482
050,05,031,"Arkansas","Craighead County",4,71,860,374,486
050,05,031,"Arkansas","Craighead County",4,72,821,374,447
050,05,031,"Arkansas","Craighead County",4,73,816,351,465
050,05,031,"Arkansas","Craighead County",4,74,810,338,472
050,05,031,"Arkansas","Craighead County",4,75,837,377,460
050,05,031,"Arkansas","Craighead County",4,76,562,256,306
050,05,031,"Arkansas","Craighead County",4,77,530,225,305
050,05,031,"Arkansas","Craighead County",4,78,532,227,305
050,05,031,"Arkansas","Craighead County",4,79,551,225,326
050,05,031,"Arkansas","Craighead County",4,80,478,183,295
050,05,031,"Arkansas","Craighead County",4,81,379,147,232
050,05,031,"Arkansas","Craighead County",4,82,372,137,235
050,05,031,"Arkansas","Craighead County",4,83,326,132,194
050,05,031,"Arkansas","Craighead County",4,84,297,125,172
050,05,031,"Arkansas","Craighead County",4,85,1634,596,1038
050,05,031,"Arkansas","Craighead County",5,0,1522,758,764
050,05,031,"Arkansas","Craighead County",5,1,1559,791,768
050,05,031,"Arkansas","Craighead County",5,2,1480,721,759
050,05,031,"Arkansas","Craighead County",5,3,1445,746,699
050,05,031,"Arkansas","Craighead County",5,4,1565,806,759
050,05,031,"Arkansas","Craighead County",5,5,1562,785,777
050,05,031,"Arkansas","Craighead County",5,6,1564,804,760
050,05,031,"Arkansas","Craighead County",5,7,1665,869,796
050,05,031,"Arkansas","Craighead County",5,8,1638,865,773
050,05,031,"Arkansas","Craighead County",5,9,1595,801,794
050,05,031,"Arkansas","Craighead County",5,10,1544,795,749
050,05,031,"Arkansas","Craighead County",5,11,1587,819,768
050,05,031,"Arkansas","Craighead County",5,12,1583,787,796
050,05,031,"Arkansas","Craighead County",5,13,1600,839,761
050,05,031,"Arkansas","Craighead County",5,14,1679,890,789
050,05,031,"Arkansas","Craighead County",5,15,1744,913,831
050,05,031,"Arkansas","Craighead County",5,16,1679,872,807
050,05,031,"Arkansas","Craighead County",5,17,1723,865,858
050,05,031,"Arkansas","Craighead County",5,18,1681,879,802
050,05,031,"Arkansas","Craighead County",5,19,1888,955,933
050,05,031,"Arkansas","Craighead County",5,20,1715,866,849
050,05,031,"Arkansas","Craighead County",5,21,1544,792,752
050,05,031,"Arkansas","Craighead County",5,22,1606,775,831
050,05,031,"Arkansas","Craighead County",5,23,1751,869,882
050,05,031,"Arkansas","Craighead County",5,24,1702,861,841
050,05,031,"Arkansas","Craighead County",5,25,1691,866,825
050,05,031,"Arkansas","Craighead County",5,26,1703,794,909
050,05,031,"Arkansas","Craighead County",5,27,1614,789,825
050,05,031,"Arkansas","Craighead County",5,28,1565,754,811
050,05,031,"Arkansas","Craighead County",5,29,1587,771,816
050,05,031,"Arkansas","Craighead County",5,30,1616,775,841
050,05,031,"Arkansas","Craighead County",5,31,1662,794,868
050,05,031,"Arkansas","Craighead County",5,32,1757,811,946
050,05,031,"Arkansas","Craighead County",5,33,1822,863,959
050,05,031,"Arkansas","Craighead County",5,34,1691,819,872
050,05,031,"Arkansas","Craighead County",5,35,1719,815,904
050,05,031,"Arkansas","Craighead County",5,36,1585,759,826
050,05,031,"Arkansas","Craighead County",5,37,1617,773,844
050,05,031,"Arkansas","Craighead County",5,38,1508,727,781
050,05,031,"Arkansas","Craighead County",5,39,1460,717,743
050,05,031,"Arkansas","Craighead County",5,40,1463,720,743
050,05,031,"Arkansas","Craighead County",5,41,1440,694,746
050,05,031,"Arkansas","Craighead County",5,42,1499,724,775
050,05,031,"Arkansas","Craighead County",5,43,1477,700,777
050,05,031,"Arkansas","Craighead County",5,44,1469,715,754
050,05,031,"Arkansas","Craighead County",5,45,1405,674,731
050,05,031,"Arkansas","Craighead County",5,46,1447,694,753
050,05,031,"Arkansas","Craighead County",5,47,1279,638,641
050,05,031,"Arkansas","Craighead County",5,48,1264,621,643
050,05,031,"Arkansas","Craighead County",5,49,1192,595,597
050,05,031,"Arkansas","Craighead County",5,50,1254,615,639
050,05,031,"Arkansas","Craighead County",5,51,1262,633,629
050,05,031,"Arkansas","Craighead County",5,52,1379,688,691
050,05,031,"Arkansas","Craighead County",5,53,1308,652,656
050,05,031,"Arkansas","Craighead County",5,54,1243,625,618
050,05,031,"Arkansas","Craighead County",5,55,1196,567,629
050,05,031,"Arkansas","Craighead County",5,56,1133,511,622
050,05,031,"Arkansas","Craighead County",5,57,1167,548,619
050,05,031,"Arkansas","Craighead County",5,58,1250,608,642
050,05,031,"Arkansas","Craighead County",5,59,1243,617,626
050,05,031,"Arkansas","Craighead County",5,60,1288,637,651
050,05,031,"Arkansas","Craighead County",5,61,1233,585,648
050,05,031,"Arkansas","Craighead County",5,62,1170,557,613
050,05,031,"Arkansas","Craighead County",5,63,1156,549,607
050,05,031,"Arkansas","Craighead County",5,64,1143,551,592
050,05,031,"Arkansas","Craighead County",5,65,1123,508,615
050,05,031,"Arkansas","Craighead County",5,66,1118,477,641
050,05,031,"Arkansas","Craighead County",5,67,1080,471,609
050,05,031,"Arkansas","Craighead County",5,68,1050,487,563
050,05,031,"Arkansas","Craighead County",5,69,957,444,513
050,05,031,"Arkansas","Craighead County",5,70,934,431,503
050,05,031,"Arkansas","Craighead County",5,71,885,405,480
050,05,031,"Arkansas","Craighead County",5,72,843,368,475
050,05,031,"Arkansas","Craighead County",5,73,805,371,434
050,05,031,"Arkansas","Craighead County",5,74,820,348,472
050,05,031,"Arkansas","Craighead County",5,75,776,317,459
050,05,031,"Arkansas","Craighead County",5,76,795,353,442
050,05,031,"Arkansas","Craighead County",5,77,553,254,299
050,05,031,"Arkansas","Craighead County",5,78,499,200,299
050,05,031,"Arkansas","Craighead County",5,79,521,229,292
050,05,031,"Arkansas","Craighead County",5,80,534,214,320
050,05,031,"Arkansas","Craighead County",5,81,444,165,279
050,05,031,"Arkansas","Craighead County",5,82,355,133,222
050,05,031,"Arkansas","Craighead County",5,83,345,129,216
050,05,031,"Arkansas","Craighead County",5,84,312,125,187
050,05,031,"Arkansas","Craighead County",5,85,1666,623,1043
050,05,033,"Arkansas","Crawford County",1,0,676,345,331
050,05,033,"Arkansas","Crawford County",1,1,679,326,353
050,05,033,"Arkansas","Crawford County",1,2,752,392,360
050,05,033,"Arkansas","Crawford County",1,3,734,366,368
050,05,033,"Arkansas","Crawford County",1,4,774,392,382
050,05,033,"Arkansas","Crawford County",1,5,794,405,389
050,05,033,"Arkansas","Crawford County",1,6,814,426,388
050,05,033,"Arkansas","Crawford County",1,7,779,396,383
050,05,033,"Arkansas","Crawford County",1,8,761,378,383
050,05,033,"Arkansas","Crawford County",1,9,772,380,392
050,05,033,"Arkansas","Crawford County",1,10,852,415,437
050,05,033,"Arkansas","Crawford County",1,11,868,440,428
050,05,033,"Arkansas","Crawford County",1,12,885,455,430
050,05,033,"Arkansas","Crawford County",1,13,924,457,467
050,05,033,"Arkansas","Crawford County",1,14,891,443,448
050,05,033,"Arkansas","Crawford County",1,15,895,478,417
050,05,033,"Arkansas","Crawford County",1,16,872,463,409
050,05,033,"Arkansas","Crawford County",1,17,872,450,422
050,05,033,"Arkansas","Crawford County",1,18,735,382,353
050,05,033,"Arkansas","Crawford County",1,19,596,315,281
050,05,033,"Arkansas","Crawford County",1,20,622,321,301
050,05,033,"Arkansas","Crawford County",1,21,652,342,310
050,05,033,"Arkansas","Crawford County",1,22,653,340,313
050,05,033,"Arkansas","Crawford County",1,23,639,319,320
050,05,033,"Arkansas","Crawford County",1,24,652,313,339
050,05,033,"Arkansas","Crawford County",1,25,669,316,353
050,05,033,"Arkansas","Crawford County",1,26,675,333,342
050,05,033,"Arkansas","Crawford County",1,27,731,365,366
050,05,033,"Arkansas","Crawford County",1,28,755,371,384
050,05,033,"Arkansas","Crawford County",1,29,782,392,390
050,05,033,"Arkansas","Crawford County",1,30,795,411,384
050,05,033,"Arkansas","Crawford County",1,31,743,364,379
050,05,033,"Arkansas","Crawford County",1,32,733,391,342
050,05,033,"Arkansas","Crawford County",1,33,748,376,372
050,05,033,"Arkansas","Crawford County",1,34,753,371,382
050,05,033,"Arkansas","Crawford County",1,35,762,373,389
050,05,033,"Arkansas","Crawford County",1,36,712,364,348
050,05,033,"Arkansas","Crawford County",1,37,732,358,374
050,05,033,"Arkansas","Crawford County",1,38,736,355,381
050,05,033,"Arkansas","Crawford County",1,39,736,379,357
050,05,033,"Arkansas","Crawford County",1,40,720,361,359
050,05,033,"Arkansas","Crawford County",1,41,701,335,366
050,05,033,"Arkansas","Crawford County",1,42,755,361,394
050,05,033,"Arkansas","Crawford County",1,43,726,362,364
050,05,033,"Arkansas","Crawford County",1,44,723,358,365
050,05,033,"Arkansas","Crawford County",1,45,749,377,372
050,05,033,"Arkansas","Crawford County",1,46,724,368,356
050,05,033,"Arkansas","Crawford County",1,47,741,377,364
050,05,033,"Arkansas","Crawford County",1,48,790,405,385
050,05,033,"Arkansas","Crawford County",1,49,822,399,423
050,05,033,"Arkansas","Crawford County",1,50,773,380,393
050,05,033,"Arkansas","Crawford County",1,51,773,380,393
050,05,033,"Arkansas","Crawford County",1,52,735,374,361
050,05,033,"Arkansas","Crawford County",1,53,767,381,386
050,05,033,"Arkansas","Crawford County",1,54,774,395,379
050,05,033,"Arkansas","Crawford County",1,55,838,424,414
050,05,033,"Arkansas","Crawford County",1,56,840,423,417
050,05,033,"Arkansas","Crawford County",1,57,845,428,417
050,05,033,"Arkansas","Crawford County",1,58,853,427,426
050,05,033,"Arkansas","Crawford County",1,59,833,432,401
050,05,033,"Arkansas","Crawford County",1,60,824,425,399
050,05,033,"Arkansas","Crawford County",1,61,844,428,416
050,05,033,"Arkansas","Crawford County",1,62,810,396,414
050,05,033,"Arkansas","Crawford County",1,63,778,383,395
050,05,033,"Arkansas","Crawford County",1,64,773,381,392
050,05,033,"Arkansas","Crawford County",1,65,728,340,388
050,05,033,"Arkansas","Crawford County",1,66,717,351,366
050,05,033,"Arkansas","Crawford County",1,67,692,327,365
050,05,033,"Arkansas","Crawford County",1,68,655,315,340
050,05,033,"Arkansas","Crawford County",1,69,581,288,293
050,05,033,"Arkansas","Crawford County",1,70,578,289,289
050,05,033,"Arkansas","Crawford County",1,71,620,297,323
050,05,033,"Arkansas","Crawford County",1,72,586,266,320
050,05,033,"Arkansas","Crawford County",1,73,589,270,319
050,05,033,"Arkansas","Crawford County",1,74,393,183,210
050,05,033,"Arkansas","Crawford County",1,75,418,192,226
050,05,033,"Arkansas","Crawford County",1,76,440,197,243
050,05,033,"Arkansas","Crawford County",1,77,433,195,238
050,05,033,"Arkansas","Crawford County",1,78,363,171,192
050,05,033,"Arkansas","Crawford County",1,79,328,166,162
050,05,033,"Arkansas","Crawford County",1,80,302,142,160
050,05,033,"Arkansas","Crawford County",1,81,292,130,162
050,05,033,"Arkansas","Crawford County",1,82,249,107,142
050,05,033,"Arkansas","Crawford County",1,83,214,89,125
050,05,033,"Arkansas","Crawford County",1,84,181,74,107
050,05,033,"Arkansas","Crawford County",1,85,1044,360,684
050,05,033,"Arkansas","Crawford County",2,0,674,340,334
050,05,033,"Arkansas","Crawford County",2,1,681,329,352
050,05,033,"Arkansas","Crawford County",2,2,736,379,357
050,05,033,"Arkansas","Crawford County",2,3,736,373,363
050,05,033,"Arkansas","Crawford County",2,4,761,385,376
050,05,033,"Arkansas","Crawford County",2,5,790,401,389
050,05,033,"Arkansas","Crawford County",2,6,813,423,390
050,05,033,"Arkansas","Crawford County",2,7,789,405,384
050,05,033,"Arkansas","Crawford County",2,8,764,382,382
050,05,033,"Arkansas","Crawford County",2,9,773,382,391
050,05,033,"Arkansas","Crawford County",2,10,834,406,428
050,05,033,"Arkansas","Crawford County",2,11,862,432,430
050,05,033,"Arkansas","Crawford County",2,12,887,453,434
050,05,033,"Arkansas","Crawford County",2,13,915,458,457
050,05,033,"Arkansas","Crawford County",2,14,899,445,454
050,05,033,"Arkansas","Crawford County",2,15,894,469,425
050,05,033,"Arkansas","Crawford County",2,16,882,468,414
050,05,033,"Arkansas","Crawford County",2,17,865,449,416
050,05,033,"Arkansas","Crawford County",2,18,729,382,347
050,05,033,"Arkansas","Crawford County",2,19,595,313,282
050,05,033,"Arkansas","Crawford County",2,20,631,328,303
050,05,033,"Arkansas","Crawford County",2,21,646,336,310
050,05,033,"Arkansas","Crawford County",2,22,657,337,320
050,05,033,"Arkansas","Crawford County",2,23,652,326,326
050,05,033,"Arkansas","Crawford County",2,24,653,315,338
050,05,033,"Arkansas","Crawford County",2,25,665,317,348
050,05,033,"Arkansas","Crawford County",2,26,674,327,347
050,05,033,"Arkansas","Crawford County",2,27,721,359,362
050,05,033,"Arkansas","Crawford County",2,28,744,365,379
050,05,033,"Arkansas","Crawford County",2,29,772,386,386
050,05,033,"Arkansas","Crawford County",2,30,796,410,386
050,05,033,"Arkansas","Crawford County",2,31,752,376,376
050,05,033,"Arkansas","Crawford County",2,32,742,388,354
050,05,033,"Arkansas","Crawford County",2,33,740,376,364
050,05,033,"Arkansas","Crawford County",2,34,751,371,380
050,05,033,"Arkansas","Crawford County",2,35,765,375,390
050,05,033,"Arkansas","Crawford County",2,36,719,364,355
050,05,033,"Arkansas","Crawford County",2,37,727,359,368
050,05,033,"Arkansas","Crawford County",2,38,732,355,377
050,05,033,"Arkansas","Crawford County",2,39,733,372,361
050,05,033,"Arkansas","Crawford County",2,40,730,369,361
050,05,033,"Arkansas","Crawford County",2,41,705,340,365
050,05,033,"Arkansas","Crawford County",2,42,734,351,383
050,05,033,"Arkansas","Crawford County",2,43,734,362,372
050,05,033,"Arkansas","Crawford County",2,44,723,358,365
050,05,033,"Arkansas","Crawford County",2,45,748,375,373
050,05,033,"Arkansas","Crawford County",2,46,728,368,360
050,05,033,"Arkansas","Crawford County",2,47,734,374,360
050,05,033,"Arkansas","Crawford County",2,48,776,398,378
050,05,033,"Arkansas","Crawford County",2,49,814,402,412
050,05,033,"Arkansas","Crawford County",2,50,790,387,403
050,05,033,"Arkansas","Crawford County",2,51,769,380,389
050,05,033,"Arkansas","Crawford County",2,52,741,372,369
050,05,033,"Arkansas","Crawford County",2,53,759,383,376
050,05,033,"Arkansas","Crawford County",2,54,772,393,379
050,05,033,"Arkansas","Crawford County",2,55,822,417,405
050,05,033,"Arkansas","Crawford County",2,56,845,426,419
050,05,033,"Arkansas","Crawford County",2,57,846,427,419
050,05,033,"Arkansas","Crawford County",2,58,851,426,425
050,05,033,"Arkansas","Crawford County",2,59,840,430,410
050,05,033,"Arkansas","Crawford County",2,60,824,426,398
050,05,033,"Arkansas","Crawford County",2,61,837,424,413
050,05,033,"Arkansas","Crawford County",2,62,815,402,413
050,05,033,"Arkansas","Crawford County",2,63,790,387,403
050,05,033,"Arkansas","Crawford County",2,64,768,376,392
050,05,033,"Arkansas","Crawford County",2,65,742,351,391
050,05,033,"Arkansas","Crawford County",2,66,723,348,375
050,05,033,"Arkansas","Crawford County",2,67,700,335,365
050,05,033,"Arkansas","Crawford County",2,68,654,313,341
050,05,033,"Arkansas","Crawford County",2,69,600,296,304
050,05,033,"Arkansas","Crawford County",2,70,577,288,289
050,05,033,"Arkansas","Crawford County",2,71,603,291,312
050,05,033,"Arkansas","Crawford County",2,72,582,267,315
050,05,033,"Arkansas","Crawford County",2,73,612,277,335
050,05,033,"Arkansas","Crawford County",2,74,412,191,221
050,05,033,"Arkansas","Crawford County",2,75,413,189,224
050,05,033,"Arkansas","Crawford County",2,76,428,192,236
050,05,033,"Arkansas","Crawford County",2,77,447,201,246
050,05,033,"Arkansas","Crawford County",2,78,364,167,197
050,05,033,"Arkansas","Crawford County",2,79,329,163,166
050,05,033,"Arkansas","Crawford County",2,80,303,144,159
050,05,033,"Arkansas","Crawford County",2,81,292,130,162
050,05,033,"Arkansas","Crawford County",2,82,258,112,146
050,05,033,"Arkansas","Crawford County",2,83,214,91,123
050,05,033,"Arkansas","Crawford County",2,84,186,76,110
050,05,033,"Arkansas","Crawford County",2,85,1057,365,692
050,05,033,"Arkansas","Crawford County",3,0,718,348,370
050,05,033,"Arkansas","Crawford County",3,1,681,323,358
050,05,033,"Arkansas","Crawford County",3,2,707,341,366
050,05,033,"Arkansas","Crawford County",3,3,743,373,370
050,05,033,"Arkansas","Crawford County",3,4,743,373,370
050,05,033,"Arkansas","Crawford County",3,5,759,368,391
050,05,033,"Arkansas","Crawford County",3,6,801,424,377
050,05,033,"Arkansas","Crawford County",3,7,847,435,412
050,05,033,"Arkansas","Crawford County",3,8,785,415,370
050,05,033,"Arkansas","Crawford County",3,9,766,380,386
050,05,033,"Arkansas","Crawford County",3,10,769,385,384
050,05,033,"Arkansas","Crawford County",3,11,833,406,427
050,05,033,"Arkansas","Crawford County",3,12,840,427,413
050,05,033,"Arkansas","Crawford County",3,13,883,455,428
050,05,033,"Arkansas","Crawford County",3,14,922,466,456
050,05,033,"Arkansas","Crawford County",3,15,926,452,474
050,05,033,"Arkansas","Crawford County",3,16,896,468,428
050,05,033,"Arkansas","Crawford County",3,17,878,464,414
050,05,033,"Arkansas","Crawford County",3,18,751,390,361
050,05,033,"Arkansas","Crawford County",3,19,594,320,274
050,05,033,"Arkansas","Crawford County",3,20,656,341,315
050,05,033,"Arkansas","Crawford County",3,21,657,333,324
050,05,033,"Arkansas","Crawford County",3,22,686,338,348
050,05,033,"Arkansas","Crawford County",3,23,700,378,322
050,05,033,"Arkansas","Crawford County",3,24,669,355,314
050,05,033,"Arkansas","Crawford County",3,25,663,328,335
050,05,033,"Arkansas","Crawford County",3,26,675,326,349
050,05,033,"Arkansas","Crawford County",3,27,699,343,356
050,05,033,"Arkansas","Crawford County",3,28,722,369,353
050,05,033,"Arkansas","Crawford County",3,29,746,370,376
050,05,033,"Arkansas","Crawford County",3,30,771,378,393
050,05,033,"Arkansas","Crawford County",3,31,799,397,402
050,05,033,"Arkansas","Crawford County",3,32,755,393,362
050,05,033,"Arkansas","Crawford County",3,33,759,395,364
050,05,033,"Arkansas","Crawford County",3,34,736,368,368
050,05,033,"Arkansas","Crawford County",3,35,768,386,382
050,05,033,"Arkansas","Crawford County",3,36,783,396,387
050,05,033,"Arkansas","Crawford County",3,37,699,342,357
050,05,033,"Arkansas","Crawford County",3,38,747,360,387
050,05,033,"Arkansas","Crawford County",3,39,748,363,385
050,05,033,"Arkansas","Crawford County",3,40,731,372,359
050,05,033,"Arkansas","Crawford County",3,41,748,386,362
050,05,033,"Arkansas","Crawford County",3,42,709,340,369
050,05,033,"Arkansas","Crawford County",3,43,726,347,379
050,05,033,"Arkansas","Crawford County",3,44,753,368,385
050,05,033,"Arkansas","Crawford County",3,45,736,375,361
050,05,033,"Arkansas","Crawford County",3,46,748,376,372
050,05,033,"Arkansas","Crawford County",3,47,726,369,357
050,05,033,"Arkansas","Crawford County",3,48,744,369,375
050,05,033,"Arkansas","Crawford County",3,49,774,395,379
050,05,033,"Arkansas","Crawford County",3,50,823,412,411
050,05,033,"Arkansas","Crawford County",3,51,782,380,402
050,05,033,"Arkansas","Crawford County",3,52,762,376,386
050,05,033,"Arkansas","Crawford County",3,53,733,378,355
050,05,033,"Arkansas","Crawford County",3,54,748,370,378
050,05,033,"Arkansas","Crawford County",3,55,767,378,389
050,05,033,"Arkansas","Crawford County",3,56,820,419,401
050,05,033,"Arkansas","Crawford County",3,57,836,422,414
050,05,033,"Arkansas","Crawford County",3,58,832,418,414
050,05,033,"Arkansas","Crawford County",3,59,835,410,425
050,05,033,"Arkansas","Crawford County",3,60,835,440,395
050,05,033,"Arkansas","Crawford County",3,61,822,426,396
050,05,033,"Arkansas","Crawford County",3,62,836,422,414
050,05,033,"Arkansas","Crawford County",3,63,815,401,414
050,05,033,"Arkansas","Crawford County",3,64,771,375,396
050,05,033,"Arkansas","Crawford County",3,65,763,360,403
050,05,033,"Arkansas","Crawford County",3,66,732,354,378
050,05,033,"Arkansas","Crawford County",3,67,729,350,379
050,05,033,"Arkansas","Crawford County",3,68,693,330,363
050,05,033,"Arkansas","Crawford County",3,69,636,309,327
050,05,033,"Arkansas","Crawford County",3,70,590,288,302
050,05,033,"Arkansas","Crawford County",3,71,550,275,275
050,05,033,"Arkansas","Crawford County",3,72,577,273,304
050,05,033,"Arkansas","Crawford County",3,73,558,253,305
050,05,033,"Arkansas","Crawford County",3,74,589,270,319
050,05,033,"Arkansas","Crawford County",3,75,396,181,215
050,05,033,"Arkansas","Crawford County",3,76,399,167,232
050,05,033,"Arkansas","Crawford County",3,77,408,176,232
050,05,033,"Arkansas","Crawford County",3,78,428,193,235
050,05,033,"Arkansas","Crawford County",3,79,328,152,176
050,05,033,"Arkansas","Crawford County",3,80,307,153,154
050,05,033,"Arkansas","Crawford County",3,81,299,130,169
050,05,033,"Arkansas","Crawford County",3,82,279,125,154
050,05,033,"Arkansas","Crawford County",3,83,231,104,127
050,05,033,"Arkansas","Crawford County",3,84,186,76,110
050,05,033,"Arkansas","Crawford County",3,85,1060,365,695
050,05,033,"Arkansas","Crawford County",4,0,720,397,323
050,05,033,"Arkansas","Crawford County",4,1,721,364,357
050,05,033,"Arkansas","Crawford County",4,2,714,330,384
050,05,033,"Arkansas","Crawford County",4,3,748,366,382
050,05,033,"Arkansas","Crawford County",4,4,768,394,374
050,05,033,"Arkansas","Crawford County",4,5,790,394,396
050,05,033,"Arkansas","Crawford County",4,6,786,388,398
050,05,033,"Arkansas","Crawford County",4,7,821,432,389
050,05,033,"Arkansas","Crawford County",4,8,862,448,414
050,05,033,"Arkansas","Crawford County",4,9,787,410,377
050,05,033,"Arkansas","Crawford County",4,10,785,387,398
050,05,033,"Arkansas","Crawford County",4,11,783,399,384
050,05,033,"Arkansas","Crawford County",4,12,857,419,438
050,05,033,"Arkansas","Crawford County",4,13,847,422,425
050,05,033,"Arkansas","Crawford County",4,14,911,459,452
050,05,033,"Arkansas","Crawford County",4,15,935,467,468
050,05,033,"Arkansas","Crawford County",4,16,969,455,514
050,05,033,"Arkansas","Crawford County",4,17,901,469,432
050,05,033,"Arkansas","Crawford County",4,18,763,403,360
050,05,033,"Arkansas","Crawford County",4,19,587,316,271
050,05,033,"Arkansas","Crawford County",4,20,606,322,284
050,05,033,"Arkansas","Crawford County",4,21,685,349,336
050,05,033,"Arkansas","Crawford County",4,22,688,335,353
050,05,033,"Arkansas","Crawford County",4,23,714,344,370
050,05,033,"Arkansas","Crawford County",4,24,751,399,352
050,05,033,"Arkansas","Crawford County",4,25,659,341,318
050,05,033,"Arkansas","Crawford County",4,26,709,338,371
050,05,033,"Arkansas","Crawford County",4,27,728,363,365
050,05,033,"Arkansas","Crawford County",4,28,728,344,384
050,05,033,"Arkansas","Crawford County",4,29,715,362,353
050,05,033,"Arkansas","Crawford County",4,30,762,387,375
050,05,033,"Arkansas","Crawford County",4,31,781,385,396
050,05,033,"Arkansas","Crawford County",4,32,811,410,401
050,05,033,"Arkansas","Crawford County",4,33,783,406,377
050,05,033,"Arkansas","Crawford County",4,34,774,399,375
050,05,033,"Arkansas","Crawford County",4,35,771,389,382
050,05,033,"Arkansas","Crawford County",4,36,768,384,384
050,05,033,"Arkansas","Crawford County",4,37,787,388,399
050,05,033,"Arkansas","Crawford County",4,38,717,350,367
050,05,033,"Arkansas","Crawford County",4,39,767,379,388
050,05,033,"Arkansas","Crawford County",4,40,760,359,401
050,05,033,"Arkansas","Crawford County",4,41,755,398,357
050,05,033,"Arkansas","Crawford County",4,42,741,390,351
050,05,033,"Arkansas","Crawford County",4,43,698,326,372
050,05,033,"Arkansas","Crawford County",4,44,725,346,379
050,05,033,"Arkansas","Crawford County",4,45,776,391,385
050,05,033,"Arkansas","Crawford County",4,46,729,368,361
050,05,033,"Arkansas","Crawford County",4,47,753,381,372
050,05,033,"Arkansas","Crawford County",4,48,716,366,350
050,05,033,"Arkansas","Crawford County",4,49,752,370,382
050,05,033,"Arkansas","Crawford County",4,50,778,401,377
050,05,033,"Arkansas","Crawford County",4,51,812,408,404
050,05,033,"Arkansas","Crawford County",4,52,786,376,410
050,05,033,"Arkansas","Crawford County",4,53,767,392,375
050,05,033,"Arkansas","Crawford County",4,54,724,368,356
050,05,033,"Arkansas","Crawford County",4,55,741,358,383
050,05,033,"Arkansas","Crawford County",4,56,760,373,387
050,05,033,"Arkansas","Crawford County",4,57,818,410,408
050,05,033,"Arkansas","Crawford County",4,58,841,424,417
050,05,033,"Arkansas","Crawford County",4,59,813,404,409
050,05,033,"Arkansas","Crawford County",4,60,841,412,429
050,05,033,"Arkansas","Crawford County",4,61,826,422,404
050,05,033,"Arkansas","Crawford County",4,62,813,412,401
050,05,033,"Arkansas","Crawford County",4,63,823,417,406
050,05,033,"Arkansas","Crawford County",4,64,797,390,407
050,05,033,"Arkansas","Crawford County",4,65,776,368,408
050,05,033,"Arkansas","Crawford County",4,66,741,350,391
050,05,033,"Arkansas","Crawford County",4,67,724,357,367
050,05,033,"Arkansas","Crawford County",4,68,715,343,372
050,05,033,"Arkansas","Crawford County",4,69,675,323,352
050,05,033,"Arkansas","Crawford County",4,70,624,298,326
050,05,033,"Arkansas","Crawford County",4,71,575,281,294
050,05,033,"Arkansas","Crawford County",4,72,527,260,267
050,05,033,"Arkansas","Crawford County",4,73,554,260,294
050,05,033,"Arkansas","Crawford County",4,74,534,242,292
050,05,033,"Arkansas","Crawford County",4,75,571,261,310
050,05,033,"Arkansas","Crawford County",4,76,370,166,204
050,05,033,"Arkansas","Crawford County",4,77,383,158,225
050,05,033,"Arkansas","Crawford County",4,78,374,161,213
050,05,033,"Arkansas","Crawford County",4,79,396,179,217
050,05,033,"Arkansas","Crawford County",4,80,292,137,155
050,05,033,"Arkansas","Crawford County",4,81,300,136,164
050,05,033,"Arkansas","Crawford County",4,82,277,118,159
050,05,033,"Arkansas","Crawford County",4,83,260,120,140
050,05,033,"Arkansas","Crawford County",4,84,198,85,113
050,05,033,"Arkansas","Crawford County",4,85,1071,364,707
050,05,033,"Arkansas","Crawford County",5,0,722,396,326
050,05,033,"Arkansas","Crawford County",5,1,783,430,353
050,05,033,"Arkansas","Crawford County",5,2,762,384,378
050,05,033,"Arkansas","Crawford County",5,3,735,333,402
050,05,033,"Arkansas","Crawford County",5,4,748,371,377
050,05,033,"Arkansas","Crawford County",5,5,778,398,380
050,05,033,"Arkansas","Crawford County",5,6,799,389,410
050,05,033,"Arkansas","Crawford County",5,7,802,390,412
050,05,033,"Arkansas","Crawford County",5,8,840,445,395
050,05,033,"Arkansas","Crawford County",5,9,872,465,407
050,05,033,"Arkansas","Crawford County",5,10,802,420,382
050,05,033,"Arkansas","Crawford County",5,11,784,386,398
050,05,033,"Arkansas","Crawford County",5,12,793,393,400
050,05,033,"Arkansas","Crawford County",5,13,858,413,445
050,05,033,"Arkansas","Crawford County",5,14,874,437,437
050,05,033,"Arkansas","Crawford County",5,15,937,458,479
050,05,033,"Arkansas","Crawford County",5,16,974,469,505
050,05,033,"Arkansas","Crawford County",5,17,970,457,513
050,05,033,"Arkansas","Crawford County",5,18,788,401,387
050,05,033,"Arkansas","Crawford County",5,19,621,326,295
050,05,033,"Arkansas","Crawford County",5,20,624,332,292
050,05,033,"Arkansas","Crawford County",5,21,666,345,321
050,05,033,"Arkansas","Crawford County",5,22,735,364,371
050,05,033,"Arkansas","Crawford County",5,23,730,353,377
050,05,033,"Arkansas","Crawford County",5,24,719,358,361
050,05,033,"Arkansas","Crawford County",5,25,766,405,361
050,05,033,"Arkansas","Crawford County",5,26,698,352,346
050,05,033,"Arkansas","Crawford County",5,27,732,359,373
050,05,033,"Arkansas","Crawford County",5,28,731,374,357
050,05,033,"Arkansas","Crawford County",5,29,745,350,395
050,05,033,"Arkansas","Crawford County",5,30,737,369,368
050,05,033,"Arkansas","Crawford County",5,31,782,400,382
050,05,033,"Arkansas","Crawford County",5,32,822,405,417
050,05,033,"Arkansas","Crawford County",5,33,838,435,403
050,05,033,"Arkansas","Crawford County",5,34,793,399,394
050,05,033,"Arkansas","Crawford County",5,35,766,404,362
050,05,033,"Arkansas","Crawford County",5,36,777,393,384
050,05,033,"Arkansas","Crawford County",5,37,795,389,406
050,05,033,"Arkansas","Crawford County",5,38,790,388,402
050,05,033,"Arkansas","Crawford County",5,39,749,366,383
050,05,033,"Arkansas","Crawford County",5,40,793,402,391
050,05,033,"Arkansas","Crawford County",5,41,782,362,420
050,05,033,"Arkansas","Crawford County",5,42,759,395,364
050,05,033,"Arkansas","Crawford County",5,43,745,387,358
050,05,033,"Arkansas","Crawford County",5,44,724,345,379
050,05,033,"Arkansas","Crawford County",5,45,743,365,378
050,05,033,"Arkansas","Crawford County",5,46,757,363,394
050,05,033,"Arkansas","Crawford County",5,47,729,364,365
050,05,033,"Arkansas","Crawford County",5,48,746,382,364
050,05,033,"Arkansas","Crawford County",5,49,728,384,344
050,05,033,"Arkansas","Crawford County",5,50,765,377,388
050,05,033,"Arkansas","Crawford County",5,51,764,390,374
050,05,033,"Arkansas","Crawford County",5,52,816,398,418
050,05,033,"Arkansas","Crawford County",5,53,790,389,401
050,05,033,"Arkansas","Crawford County",5,54,773,387,386
050,05,033,"Arkansas","Crawford County",5,55,715,369,346
050,05,033,"Arkansas","Crawford County",5,56,757,359,398
050,05,033,"Arkansas","Crawford County",5,57,746,362,384
050,05,033,"Arkansas","Crawford County",5,58,837,416,421
050,05,033,"Arkansas","Crawford County",5,59,843,418,425
050,05,033,"Arkansas","Crawford County",5,60,831,409,422
050,05,033,"Arkansas","Crawford County",5,61,853,419,434
050,05,033,"Arkansas","Crawford County",5,62,837,428,409
050,05,033,"Arkansas","Crawford County",5,63,809,415,394
050,05,033,"Arkansas","Crawford County",5,64,817,408,409
050,05,033,"Arkansas","Crawford County",5,65,795,392,403
050,05,033,"Arkansas","Crawford County",5,66,761,358,403
050,05,033,"Arkansas","Crawford County",5,67,743,351,392
050,05,033,"Arkansas","Crawford County",5,68,700,340,360
050,05,033,"Arkansas","Crawford County",5,69,697,343,354
050,05,033,"Arkansas","Crawford County",5,70,660,310,350
050,05,033,"Arkansas","Crawford County",5,71,608,287,321
050,05,033,"Arkansas","Crawford County",5,72,555,264,291
050,05,033,"Arkansas","Crawford County",5,73,509,247,262
050,05,033,"Arkansas","Crawford County",5,74,533,251,282
050,05,033,"Arkansas","Crawford County",5,75,519,243,276
050,05,033,"Arkansas","Crawford County",5,76,552,245,307
050,05,033,"Arkansas","Crawford County",5,77,356,155,201
050,05,033,"Arkansas","Crawford County",5,78,361,147,214
050,05,033,"Arkansas","Crawford County",5,79,350,150,200
050,05,033,"Arkansas","Crawford County",5,80,369,170,199
050,05,033,"Arkansas","Crawford County",5,81,281,123,158
050,05,033,"Arkansas","Crawford County",5,82,279,127,152
050,05,033,"Arkansas","Crawford County",5,83,253,113,140
050,05,033,"Arkansas","Crawford County",5,84,225,100,125
050,05,033,"Arkansas","Crawford County",5,85,1089,375,714
050,05,035,"Arkansas","Crittenden County",1,0,688,347,341
050,05,035,"Arkansas","Crittenden County",1,1,703,362,341
050,05,035,"Arkansas","Crittenden County",1,2,720,368,352
050,05,035,"Arkansas","Crittenden County",1,3,736,383,353
050,05,035,"Arkansas","Crittenden County",1,4,796,401,395
050,05,035,"Arkansas","Crittenden County",1,5,795,409,386
050,05,035,"Arkansas","Crittenden County",1,6,724,363,361
050,05,035,"Arkansas","Crittenden County",1,7,694,353,341
050,05,035,"Arkansas","Crittenden County",1,8,703,356,347
050,05,035,"Arkansas","Crittenden County",1,9,675,359,316
050,05,035,"Arkansas","Crittenden County",1,10,745,390,355
050,05,035,"Arkansas","Crittenden County",1,11,785,380,405
050,05,035,"Arkansas","Crittenden County",1,12,781,390,391
050,05,035,"Arkansas","Crittenden County",1,13,771,403,368
050,05,035,"Arkansas","Crittenden County",1,14,721,367,354
050,05,035,"Arkansas","Crittenden County",1,15,740,369,371
050,05,035,"Arkansas","Crittenden County",1,16,750,378,372
050,05,035,"Arkansas","Crittenden County",1,17,765,390,375
050,05,035,"Arkansas","Crittenden County",1,18,652,333,319
050,05,035,"Arkansas","Crittenden County",1,19,560,293,267
050,05,035,"Arkansas","Crittenden County",1,20,579,299,280
050,05,035,"Arkansas","Crittenden County",1,21,588,294,294
050,05,035,"Arkansas","Crittenden County",1,22,574,270,304
050,05,035,"Arkansas","Crittenden County",1,23,585,269,316
050,05,035,"Arkansas","Crittenden County",1,24,658,308,350
050,05,035,"Arkansas","Crittenden County",1,25,621,297,324
050,05,035,"Arkansas","Crittenden County",1,26,624,294,330
050,05,035,"Arkansas","Crittenden County",1,27,635,286,349
050,05,035,"Arkansas","Crittenden County",1,28,630,287,343
050,05,035,"Arkansas","Crittenden County",1,29,676,330,346
050,05,035,"Arkansas","Crittenden County",1,30,658,287,371
050,05,035,"Arkansas","Crittenden County",1,31,588,279,309
050,05,035,"Arkansas","Crittenden County",1,32,574,237,337
050,05,035,"Arkansas","Crittenden County",1,33,576,247,329
050,05,035,"Arkansas","Crittenden County",1,34,600,278,322
050,05,035,"Arkansas","Crittenden County",1,35,596,278,318
050,05,035,"Arkansas","Crittenden County",1,36,604,273,331
050,05,035,"Arkansas","Crittenden County",1,37,585,258,327
050,05,035,"Arkansas","Crittenden County",1,38,565,268,297
050,05,035,"Arkansas","Crittenden County",1,39,560,247,313
050,05,035,"Arkansas","Crittenden County",1,40,603,259,344
050,05,035,"Arkansas","Crittenden County",1,41,587,276,311
050,05,035,"Arkansas","Crittenden County",1,42,557,264,293
050,05,035,"Arkansas","Crittenden County",1,43,563,253,310
050,05,035,"Arkansas","Crittenden County",1,44,558,264,294
050,05,035,"Arkansas","Crittenden County",1,45,554,246,308
050,05,035,"Arkansas","Crittenden County",1,46,520,228,292
050,05,035,"Arkansas","Crittenden County",1,47,520,221,299
050,05,035,"Arkansas","Crittenden County",1,48,574,268,306
050,05,035,"Arkansas","Crittenden County",1,49,608,279,329
050,05,035,"Arkansas","Crittenden County",1,50,568,272,296
050,05,035,"Arkansas","Crittenden County",1,51,561,259,302
050,05,035,"Arkansas","Crittenden County",1,52,576,251,325
050,05,035,"Arkansas","Crittenden County",1,53,588,250,338
050,05,035,"Arkansas","Crittenden County",1,54,588,274,314
050,05,035,"Arkansas","Crittenden County",1,55,617,272,345
050,05,035,"Arkansas","Crittenden County",1,56,619,287,332
050,05,035,"Arkansas","Crittenden County",1,57,667,339,328
050,05,035,"Arkansas","Crittenden County",1,58,650,334,316
050,05,035,"Arkansas","Crittenden County",1,59,630,322,308
050,05,035,"Arkansas","Crittenden County",1,60,609,276,333
050,05,035,"Arkansas","Crittenden County",1,61,635,308,327
050,05,035,"Arkansas","Crittenden County",1,62,597,295,302
050,05,035,"Arkansas","Crittenden County",1,63,583,264,319
050,05,035,"Arkansas","Crittenden County",1,64,558,255,303
050,05,035,"Arkansas","Crittenden County",1,65,496,211,285
050,05,035,"Arkansas","Crittenden County",1,66,487,199,288
050,05,035,"Arkansas","Crittenden County",1,67,500,231,269
050,05,035,"Arkansas","Crittenden County",1,68,469,235,234
050,05,035,"Arkansas","Crittenden County",1,69,439,207,232
050,05,035,"Arkansas","Crittenden County",1,70,387,183,204
050,05,035,"Arkansas","Crittenden County",1,71,371,176,195
050,05,035,"Arkansas","Crittenden County",1,72,373,169,204
050,05,035,"Arkansas","Crittenden County",1,73,387,174,213
050,05,035,"Arkansas","Crittenden County",1,74,289,123,166
050,05,035,"Arkansas","Crittenden County",1,75,281,125,156
050,05,035,"Arkansas","Crittenden County",1,76,262,107,155
050,05,035,"Arkansas","Crittenden County",1,77,265,113,152
050,05,035,"Arkansas","Crittenden County",1,78,233,101,132
050,05,035,"Arkansas","Crittenden County",1,79,240,105,135
050,05,035,"Arkansas","Crittenden County",1,80,204,95,109
050,05,035,"Arkansas","Crittenden County",1,81,160,73,87
050,05,035,"Arkansas","Crittenden County",1,82,139,51,88
050,05,035,"Arkansas","Crittenden County",1,83,140,46,94
050,05,035,"Arkansas","Crittenden County",1,84,113,45,68
050,05,035,"Arkansas","Crittenden County",1,85,651,207,444
050,05,035,"Arkansas","Crittenden County",2,0,674,343,331
050,05,035,"Arkansas","Crittenden County",2,1,699,359,340
050,05,035,"Arkansas","Crittenden County",2,2,722,369,353
050,05,035,"Arkansas","Crittenden County",2,3,731,379,352
050,05,035,"Arkansas","Crittenden County",2,4,779,394,385
050,05,035,"Arkansas","Crittenden County",2,5,794,404,390
050,05,035,"Arkansas","Crittenden County",2,6,738,372,366
050,05,035,"Arkansas","Crittenden County",2,7,702,355,347
050,05,035,"Arkansas","Crittenden County",2,8,701,355,346
050,05,035,"Arkansas","Crittenden County",2,9,683,359,324
050,05,035,"Arkansas","Crittenden County",2,10,726,381,345
050,05,035,"Arkansas","Crittenden County",2,11,766,378,388
050,05,035,"Arkansas","Crittenden County",2,12,784,388,396
050,05,035,"Arkansas","Crittenden County",2,13,770,401,369
050,05,035,"Arkansas","Crittenden County",2,14,728,374,354
050,05,035,"Arkansas","Crittenden County",2,15,734,369,365
050,05,035,"Arkansas","Crittenden County",2,16,748,377,371
050,05,035,"Arkansas","Crittenden County",2,17,755,383,372
050,05,035,"Arkansas","Crittenden County",2,18,649,330,319
050,05,035,"Arkansas","Crittenden County",2,19,563,293,270
050,05,035,"Arkansas","Crittenden County",2,20,585,303,282
050,05,035,"Arkansas","Crittenden County",2,21,587,293,294
050,05,035,"Arkansas","Crittenden County",2,22,583,276,307
050,05,035,"Arkansas","Crittenden County",2,23,591,272,319
050,05,035,"Arkansas","Crittenden County",2,24,641,299,342
050,05,035,"Arkansas","Crittenden County",2,25,629,300,329
050,05,035,"Arkansas","Crittenden County",2,26,621,294,327
050,05,035,"Arkansas","Crittenden County",2,27,632,288,344
050,05,035,"Arkansas","Crittenden County",2,28,634,290,344
050,05,035,"Arkansas","Crittenden County",2,29,666,320,346
050,05,035,"Arkansas","Crittenden County",2,30,662,296,366
050,05,035,"Arkansas","Crittenden County",2,31,598,276,322
050,05,035,"Arkansas","Crittenden County",2,32,572,244,328
050,05,035,"Arkansas","Crittenden County",2,33,574,244,330
050,05,035,"Arkansas","Crittenden County",2,34,594,272,322
050,05,035,"Arkansas","Crittenden County",2,35,598,278,320
050,05,035,"Arkansas","Crittenden County",2,36,590,269,321
050,05,035,"Arkansas","Crittenden County",2,37,588,262,326
050,05,035,"Arkansas","Crittenden County",2,38,570,265,305
050,05,035,"Arkansas","Crittenden County",2,39,556,249,307
050,05,035,"Arkansas","Crittenden County",2,40,599,259,340
050,05,035,"Arkansas","Crittenden County",2,41,582,267,315
050,05,035,"Arkansas","Crittenden County",2,42,556,263,293
050,05,035,"Arkansas","Crittenden County",2,43,568,260,308
050,05,035,"Arkansas","Crittenden County",2,44,550,256,294
050,05,035,"Arkansas","Crittenden County",2,45,560,251,309
050,05,035,"Arkansas","Crittenden County",2,46,525,229,296
050,05,035,"Arkansas","Crittenden County",2,47,517,223,294
050,05,035,"Arkansas","Crittenden County",2,48,561,256,305
050,05,035,"Arkansas","Crittenden County",2,49,602,278,324
050,05,035,"Arkansas","Crittenden County",2,50,581,274,307
050,05,035,"Arkansas","Crittenden County",2,51,560,261,299
050,05,035,"Arkansas","Crittenden County",2,52,576,254,322
050,05,035,"Arkansas","Crittenden County",2,53,581,248,333
050,05,035,"Arkansas","Crittenden County",2,54,588,269,319
050,05,035,"Arkansas","Crittenden County",2,55,606,272,334
050,05,035,"Arkansas","Crittenden County",2,56,620,284,336
050,05,035,"Arkansas","Crittenden County",2,57,656,326,330
050,05,035,"Arkansas","Crittenden County",2,58,655,336,319
050,05,035,"Arkansas","Crittenden County",2,59,630,321,309
050,05,035,"Arkansas","Crittenden County",2,60,612,286,326
050,05,035,"Arkansas","Crittenden County",2,61,625,296,329
050,05,035,"Arkansas","Crittenden County",2,62,596,293,303
050,05,035,"Arkansas","Crittenden County",2,63,588,271,317
050,05,035,"Arkansas","Crittenden County",2,64,556,253,303
050,05,035,"Arkansas","Crittenden County",2,65,505,219,286
050,05,035,"Arkansas","Crittenden County",2,66,489,202,287
050,05,035,"Arkansas","Crittenden County",2,67,492,221,271
050,05,035,"Arkansas","Crittenden County",2,68,470,232,238
050,05,035,"Arkansas","Crittenden County",2,69,443,213,230
050,05,035,"Arkansas","Crittenden County",2,70,396,186,210
050,05,035,"Arkansas","Crittenden County",2,71,375,177,198
050,05,035,"Arkansas","Crittenden County",2,72,363,168,195
050,05,035,"Arkansas","Crittenden County",2,73,393,177,216
050,05,035,"Arkansas","Crittenden County",2,74,290,126,164
050,05,035,"Arkansas","Crittenden County",2,75,284,124,160
050,05,035,"Arkansas","Crittenden County",2,76,262,107,155
050,05,035,"Arkansas","Crittenden County",2,77,266,112,154
050,05,035,"Arkansas","Crittenden County",2,78,232,100,132
050,05,035,"Arkansas","Crittenden County",2,79,231,101,130
050,05,035,"Arkansas","Crittenden County",2,80,212,98,114
050,05,035,"Arkansas","Crittenden County",2,81,165,75,90
050,05,035,"Arkansas","Crittenden County",2,82,144,58,86
050,05,035,"Arkansas","Crittenden County",2,83,137,45,92
050,05,035,"Arkansas","Crittenden County",2,84,116,44,72
050,05,035,"Arkansas","Crittenden County",2,85,644,208,436
050,05,035,"Arkansas","Crittenden County",3,0,666,327,339
050,05,035,"Arkansas","Crittenden County",3,1,665,358,307
050,05,035,"Arkansas","Crittenden County",3,2,703,358,345
050,05,035,"Arkansas","Crittenden County",3,3,715,362,353
050,05,035,"Arkansas","Crittenden County",3,4,732,384,348
050,05,035,"Arkansas","Crittenden County",3,5,761,386,375
050,05,035,"Arkansas","Crittenden County",3,6,793,406,387
050,05,035,"Arkansas","Crittenden County",3,7,738,369,369
050,05,035,"Arkansas","Crittenden County",3,8,711,363,348
050,05,035,"Arkansas","Crittenden County",3,9,707,355,352
050,05,035,"Arkansas","Crittenden County",3,10,685,370,315
050,05,035,"Arkansas","Crittenden County",3,11,729,378,351
050,05,035,"Arkansas","Crittenden County",3,12,749,378,371
050,05,035,"Arkansas","Crittenden County",3,13,774,383,391
050,05,035,"Arkansas","Crittenden County",3,14,741,382,359
050,05,035,"Arkansas","Crittenden County",3,15,725,370,355
050,05,035,"Arkansas","Crittenden County",3,16,727,360,367
050,05,035,"Arkansas","Crittenden County",3,17,725,362,363
050,05,035,"Arkansas","Crittenden County",3,18,649,333,316
050,05,035,"Arkansas","Crittenden County",3,19,538,276,262
050,05,035,"Arkansas","Crittenden County",3,20,584,292,292
050,05,035,"Arkansas","Crittenden County",3,21,608,310,298
050,05,035,"Arkansas","Crittenden County",3,22,576,276,300
050,05,035,"Arkansas","Crittenden County",3,23,574,267,307
050,05,035,"Arkansas","Crittenden County",3,24,593,275,318
050,05,035,"Arkansas","Crittenden County",3,25,620,290,330
050,05,035,"Arkansas","Crittenden County",3,26,595,281,314
050,05,035,"Arkansas","Crittenden County",3,27,625,295,330
050,05,035,"Arkansas","Crittenden County",3,28,612,269,343
050,05,035,"Arkansas","Crittenden County",3,29,619,280,339
050,05,035,"Arkansas","Crittenden County",3,30,660,307,353
050,05,035,"Arkansas","Crittenden County",3,31,632,278,354
050,05,035,"Arkansas","Crittenden County",3,32,602,287,315
050,05,035,"Arkansas","Crittenden County",3,33,570,242,328
050,05,035,"Arkansas","Crittenden County",3,34,571,243,328
050,05,035,"Arkansas","Crittenden County",3,35,557,243,314
050,05,035,"Arkansas","Crittenden County",3,36,586,266,320
050,05,035,"Arkansas","Crittenden County",3,37,569,258,311
050,05,035,"Arkansas","Crittenden County",3,38,584,257,327
050,05,035,"Arkansas","Crittenden County",3,39,558,260,298
050,05,035,"Arkansas","Crittenden County",3,40,545,241,304
050,05,035,"Arkansas","Crittenden County",3,41,568,246,322
050,05,035,"Arkansas","Crittenden County",3,42,575,258,317
050,05,035,"Arkansas","Crittenden County",3,43,558,263,295
050,05,035,"Arkansas","Crittenden County",3,44,555,257,298
050,05,035,"Arkansas","Crittenden County",3,45,534,243,291
050,05,035,"Arkansas","Crittenden County",3,46,552,247,305
050,05,035,"Arkansas","Crittenden County",3,47,513,225,288
050,05,035,"Arkansas","Crittenden County",3,48,507,213,294
050,05,035,"Arkansas","Crittenden County",3,49,565,258,307
050,05,035,"Arkansas","Crittenden County",3,50,596,274,322
050,05,035,"Arkansas","Crittenden County",3,51,578,262,316
050,05,035,"Arkansas","Crittenden County",3,52,543,251,292
050,05,035,"Arkansas","Crittenden County",3,53,542,235,307
050,05,035,"Arkansas","Crittenden County",3,54,563,238,325
050,05,035,"Arkansas","Crittenden County",3,55,567,259,308
050,05,035,"Arkansas","Crittenden County",3,56,588,267,321
050,05,035,"Arkansas","Crittenden County",3,57,619,282,337
050,05,035,"Arkansas","Crittenden County",3,58,636,319,317
050,05,035,"Arkansas","Crittenden County",3,59,641,334,307
050,05,035,"Arkansas","Crittenden County",3,60,607,305,302
050,05,035,"Arkansas","Crittenden County",3,61,612,280,332
050,05,035,"Arkansas","Crittenden County",3,62,591,280,311
050,05,035,"Arkansas","Crittenden County",3,63,587,283,304
050,05,035,"Arkansas","Crittenden County",3,64,582,272,310
050,05,035,"Arkansas","Crittenden County",3,65,525,238,287
050,05,035,"Arkansas","Crittenden County",3,66,493,214,279
050,05,035,"Arkansas","Crittenden County",3,67,472,188,284
050,05,035,"Arkansas","Crittenden County",3,68,462,209,253
050,05,035,"Arkansas","Crittenden County",3,69,455,221,234
050,05,035,"Arkansas","Crittenden County",3,70,437,209,228
050,05,035,"Arkansas","Crittenden County",3,71,392,179,213
050,05,035,"Arkansas","Crittenden County",3,72,354,166,188
050,05,035,"Arkansas","Crittenden County",3,73,345,160,185
050,05,035,"Arkansas","Crittenden County",3,74,375,173,202
050,05,035,"Arkansas","Crittenden County",3,75,276,117,159
050,05,035,"Arkansas","Crittenden County",3,76,270,115,155
050,05,035,"Arkansas","Crittenden County",3,77,236,94,142
050,05,035,"Arkansas","Crittenden County",3,78,230,90,140
050,05,035,"Arkansas","Crittenden County",3,79,221,94,127
050,05,035,"Arkansas","Crittenden County",3,80,213,87,126
050,05,035,"Arkansas","Crittenden County",3,81,194,86,108
050,05,035,"Arkansas","Crittenden County",3,82,151,65,86
050,05,035,"Arkansas","Crittenden County",3,83,132,50,82
050,05,035,"Arkansas","Crittenden County",3,84,118,36,82
050,05,035,"Arkansas","Crittenden County",3,85,635,214,421
050,05,035,"Arkansas","Crittenden County",4,0,690,364,326
050,05,035,"Arkansas","Crittenden County",4,1,682,338,344
050,05,035,"Arkansas","Crittenden County",4,2,647,343,304
050,05,035,"Arkansas","Crittenden County",4,3,666,341,325
050,05,035,"Arkansas","Crittenden County",4,4,705,347,358
050,05,035,"Arkansas","Crittenden County",4,5,698,373,325
050,05,035,"Arkansas","Crittenden County",4,6,750,382,368
050,05,035,"Arkansas","Crittenden County",4,7,781,398,383
050,05,035,"Arkansas","Crittenden County",4,8,745,366,379
050,05,035,"Arkansas","Crittenden County",4,9,719,371,348
050,05,035,"Arkansas","Crittenden County",4,10,696,350,346
050,05,035,"Arkansas","Crittenden County",4,11,656,366,290
050,05,035,"Arkansas","Crittenden County",4,12,716,373,343
050,05,035,"Arkansas","Crittenden County",4,13,753,374,379
050,05,035,"Arkansas","Crittenden County",4,14,752,391,361
050,05,035,"Arkansas","Crittenden County",4,15,736,378,358
050,05,035,"Arkansas","Crittenden County",4,16,724,370,354
050,05,035,"Arkansas","Crittenden County",4,17,713,358,355
050,05,035,"Arkansas","Crittenden County",4,18,627,319,308
050,05,035,"Arkansas","Crittenden County",4,19,537,275,262
050,05,035,"Arkansas","Crittenden County",4,20,570,280,290
050,05,035,"Arkansas","Crittenden County",4,21,594,296,298
050,05,035,"Arkansas","Crittenden County",4,22,632,317,315
050,05,035,"Arkansas","Crittenden County",4,23,578,275,303
050,05,035,"Arkansas","Crittenden County",4,24,586,280,306
050,05,035,"Arkansas","Crittenden County",4,25,583,275,308
050,05,035,"Arkansas","Crittenden County",4,26,614,287,327
050,05,035,"Arkansas","Crittenden County",4,27,591,275,316
050,05,035,"Arkansas","Crittenden County",4,28,611,293,318
050,05,035,"Arkansas","Crittenden County",4,29,622,272,350
050,05,035,"Arkansas","Crittenden County",4,30,618,270,348
050,05,035,"Arkansas","Crittenden County",4,31,635,289,346
050,05,035,"Arkansas","Crittenden County",4,32,621,286,335
050,05,035,"Arkansas","Crittenden County",4,33,617,298,319
050,05,035,"Arkansas","Crittenden County",4,34,561,245,316
050,05,035,"Arkansas","Crittenden County",4,35,543,231,312
050,05,035,"Arkansas","Crittenden County",4,36,552,242,310
050,05,035,"Arkansas","Crittenden County",4,37,569,252,317
050,05,035,"Arkansas","Crittenden County",4,38,578,267,311
050,05,035,"Arkansas","Crittenden County",4,39,594,261,333
050,05,035,"Arkansas","Crittenden County",4,40,567,272,295
050,05,035,"Arkansas","Crittenden County",4,41,547,245,302
050,05,035,"Arkansas","Crittenden County",4,42,563,245,318
050,05,035,"Arkansas","Crittenden County",4,43,557,247,310
050,05,035,"Arkansas","Crittenden County",4,44,552,260,292
050,05,035,"Arkansas","Crittenden County",4,45,542,251,291
050,05,035,"Arkansas","Crittenden County",4,46,528,246,282
050,05,035,"Arkansas","Crittenden County",4,47,549,244,305
050,05,035,"Arkansas","Crittenden County",4,48,503,217,286
050,05,035,"Arkansas","Crittenden County",4,49,495,210,285
050,05,035,"Arkansas","Crittenden County",4,50,574,268,306
050,05,035,"Arkansas","Crittenden County",4,51,596,276,320
050,05,035,"Arkansas","Crittenden County",4,52,571,267,304
050,05,035,"Arkansas","Crittenden County",4,53,531,245,286
050,05,035,"Arkansas","Crittenden County",4,54,530,223,307
050,05,035,"Arkansas","Crittenden County",4,55,560,233,327
050,05,035,"Arkansas","Crittenden County",4,56,555,255,300
050,05,035,"Arkansas","Crittenden County",4,57,577,264,313
050,05,035,"Arkansas","Crittenden County",4,58,606,283,323
050,05,035,"Arkansas","Crittenden County",4,59,636,314,322
050,05,035,"Arkansas","Crittenden County",4,60,623,325,298
050,05,035,"Arkansas","Crittenden County",4,61,593,295,298
050,05,035,"Arkansas","Crittenden County",4,62,571,257,314
050,05,035,"Arkansas","Crittenden County",4,63,578,274,304
050,05,035,"Arkansas","Crittenden County",4,64,579,282,297
050,05,035,"Arkansas","Crittenden County",4,65,567,263,304
050,05,035,"Arkansas","Crittenden County",4,66,508,231,277
050,05,035,"Arkansas","Crittenden County",4,67,475,202,273
050,05,035,"Arkansas","Crittenden County",4,68,451,180,271
050,05,035,"Arkansas","Crittenden County",4,69,442,195,247
050,05,035,"Arkansas","Crittenden County",4,70,427,202,225
050,05,035,"Arkansas","Crittenden County",4,71,432,205,227
050,05,035,"Arkansas","Crittenden County",4,72,377,176,201
050,05,035,"Arkansas","Crittenden County",4,73,335,152,183
050,05,035,"Arkansas","Crittenden County",4,74,325,151,174
050,05,035,"Arkansas","Crittenden County",4,75,362,168,194
050,05,035,"Arkansas","Crittenden County",4,76,263,109,154
050,05,035,"Arkansas","Crittenden County",4,77,250,102,148
050,05,035,"Arkansas","Crittenden County",4,78,210,79,131
050,05,035,"Arkansas","Crittenden County",4,79,219,85,134
050,05,035,"Arkansas","Crittenden County",4,80,204,90,114
050,05,035,"Arkansas","Crittenden County",4,81,195,78,117
050,05,035,"Arkansas","Crittenden County",4,82,188,82,106
050,05,035,"Arkansas","Crittenden County",4,83,141,59,82
050,05,035,"Arkansas","Crittenden County",4,84,111,45,66
050,05,035,"Arkansas","Crittenden County",4,85,624,210,414
050,05,035,"Arkansas","Crittenden County",5,0,559,300,259
050,05,035,"Arkansas","Crittenden County",5,1,714,378,336
050,05,035,"Arkansas","Crittenden County",5,2,698,350,348
050,05,035,"Arkansas","Crittenden County",5,3,633,338,295
050,05,035,"Arkansas","Crittenden County",5,4,663,333,330
050,05,035,"Arkansas","Crittenden County",5,5,695,352,343
050,05,035,"Arkansas","Crittenden County",5,6,719,384,335
050,05,035,"Arkansas","Crittenden County",5,7,758,373,385
050,05,035,"Arkansas","Crittenden County",5,8,760,393,367
050,05,035,"Arkansas","Crittenden County",5,9,758,372,386
050,05,035,"Arkansas","Crittenden County",5,10,722,362,360
050,05,035,"Arkansas","Crittenden County",5,11,667,334,333
050,05,035,"Arkansas","Crittenden County",5,12,665,376,289
050,05,035,"Arkansas","Crittenden County",5,13,730,376,354
050,05,035,"Arkansas","Crittenden County",5,14,762,385,377
050,05,035,"Arkansas","Crittenden County",5,15,759,387,372
050,05,035,"Arkansas","Crittenden County",5,16,738,373,365
050,05,035,"Arkansas","Crittenden County",5,17,725,369,356
050,05,035,"Arkansas","Crittenden County",5,18,627,319,308
050,05,035,"Arkansas","Crittenden County",5,19,530,263,267
050,05,035,"Arkansas","Crittenden County",5,20,557,283,274
050,05,035,"Arkansas","Crittenden County",5,21,582,288,294
050,05,035,"Arkansas","Crittenden County",5,22,626,300,326
050,05,035,"Arkansas","Crittenden County",5,23,645,323,322
050,05,035,"Arkansas","Crittenden County",5,24,595,283,312
050,05,035,"Arkansas","Crittenden County",5,25,577,273,304
050,05,035,"Arkansas","Crittenden County",5,26,595,288,307
050,05,035,"Arkansas","Crittenden County",5,27,613,301,312
050,05,035,"Arkansas","Crittenden County",5,28,595,267,328
050,05,035,"Arkansas","Crittenden County",5,29,594,277,317
050,05,035,"Arkansas","Crittenden County",5,30,647,281,366
050,05,035,"Arkansas","Crittenden County",5,31,609,256,353
050,05,035,"Arkansas","Crittenden County",5,32,649,297,352
050,05,035,"Arkansas","Crittenden County",5,33,625,286,339
050,05,035,"Arkansas","Crittenden County",5,34,628,309,319
050,05,035,"Arkansas","Crittenden County",5,35,568,249,319
050,05,035,"Arkansas","Crittenden County",5,36,550,247,303
050,05,035,"Arkansas","Crittenden County",5,37,542,249,293
050,05,035,"Arkansas","Crittenden County",5,38,566,251,315
050,05,035,"Arkansas","Crittenden County",5,39,590,270,320
050,05,035,"Arkansas","Crittenden County",5,40,570,248,322
050,05,035,"Arkansas","Crittenden County",5,41,580,280,300
050,05,035,"Arkansas","Crittenden County",5,42,541,241,300
050,05,035,"Arkansas","Crittenden County",5,43,565,240,325
050,05,035,"Arkansas","Crittenden County",5,44,546,249,297
050,05,035,"Arkansas","Crittenden County",5,45,555,261,294
050,05,035,"Arkansas","Crittenden County",5,46,548,253,295
050,05,035,"Arkansas","Crittenden County",5,47,536,245,291
050,05,035,"Arkansas","Crittenden County",5,48,547,243,304
050,05,035,"Arkansas","Crittenden County",5,49,498,206,292
050,05,035,"Arkansas","Crittenden County",5,50,494,214,280
050,05,035,"Arkansas","Crittenden County",5,51,583,275,308
050,05,035,"Arkansas","Crittenden County",5,52,606,284,322
050,05,035,"Arkansas","Crittenden County",5,53,564,254,310
050,05,035,"Arkansas","Crittenden County",5,54,534,251,283
050,05,035,"Arkansas","Crittenden County",5,55,519,216,303
050,05,035,"Arkansas","Crittenden County",5,56,551,232,319
050,05,035,"Arkansas","Crittenden County",5,57,548,252,296
050,05,035,"Arkansas","Crittenden County",5,58,570,266,304
050,05,035,"Arkansas","Crittenden County",5,59,600,278,322
050,05,035,"Arkansas","Crittenden County",5,60,623,313,310
050,05,035,"Arkansas","Crittenden County",5,61,631,333,298
050,05,035,"Arkansas","Crittenden County",5,62,574,287,287
050,05,035,"Arkansas","Crittenden County",5,63,554,241,313
050,05,035,"Arkansas","Crittenden County",5,64,564,271,293
050,05,035,"Arkansas","Crittenden County",5,65,556,273,283
050,05,035,"Arkansas","Crittenden County",5,66,554,259,295
050,05,035,"Arkansas","Crittenden County",5,67,502,218,284
050,05,035,"Arkansas","Crittenden County",5,68,464,204,260
050,05,035,"Arkansas","Crittenden County",5,69,439,169,270
050,05,035,"Arkansas","Crittenden County",5,70,424,185,239
050,05,035,"Arkansas","Crittenden County",5,71,421,200,221
050,05,035,"Arkansas","Crittenden County",5,72,410,199,211
050,05,035,"Arkansas","Crittenden County",5,73,363,164,199
050,05,035,"Arkansas","Crittenden County",5,74,321,146,175
050,05,035,"Arkansas","Crittenden County",5,75,309,145,164
050,05,035,"Arkansas","Crittenden County",5,76,344,157,187
050,05,035,"Arkansas","Crittenden County",5,77,244,97,147
050,05,035,"Arkansas","Crittenden County",5,78,230,88,142
050,05,035,"Arkansas","Crittenden County",5,79,201,73,128
050,05,035,"Arkansas","Crittenden County",5,80,203,81,122
050,05,035,"Arkansas","Crittenden County",5,81,185,82,103
050,05,035,"Arkansas","Crittenden County",5,82,189,75,114
050,05,035,"Arkansas","Crittenden County",5,83,182,76,106
050,05,035,"Arkansas","Crittenden County",5,84,122,53,69
050,05,035,"Arkansas","Crittenden County",5,85,640,225,415
050,05,037,"Arkansas","Cross County",1,0,204,104,100
050,05,037,"Arkansas","Cross County",1,1,197,96,101
050,05,037,"Arkansas","Cross County",1,2,218,111,107
050,05,037,"Arkansas","Cross County",1,3,200,94,106
050,05,037,"Arkansas","Cross County",1,4,214,98,116
050,05,037,"Arkansas","Cross County",1,5,217,112,105
050,05,037,"Arkansas","Cross County",1,6,238,120,118
050,05,037,"Arkansas","Cross County",1,7,238,125,113
050,05,037,"Arkansas","Cross County",1,8,217,110,107
050,05,037,"Arkansas","Cross County",1,9,210,112,98
050,05,037,"Arkansas","Cross County",1,10,208,112,96
050,05,037,"Arkansas","Cross County",1,11,233,118,115
050,05,037,"Arkansas","Cross County",1,12,258,125,133
050,05,037,"Arkansas","Cross County",1,13,244,133,111
050,05,037,"Arkansas","Cross County",1,14,235,125,110
050,05,037,"Arkansas","Cross County",1,15,231,118,113
050,05,037,"Arkansas","Cross County",1,16,215,118,97
050,05,037,"Arkansas","Cross County",1,17,218,119,99
050,05,037,"Arkansas","Cross County",1,18,189,98,91
050,05,037,"Arkansas","Cross County",1,19,166,90,76
050,05,037,"Arkansas","Cross County",1,20,173,87,86
050,05,037,"Arkansas","Cross County",1,21,185,97,88
050,05,037,"Arkansas","Cross County",1,22,173,90,83
050,05,037,"Arkansas","Cross County",1,23,157,82,75
050,05,037,"Arkansas","Cross County",1,24,190,100,90
050,05,037,"Arkansas","Cross County",1,25,212,105,107
050,05,037,"Arkansas","Cross County",1,26,216,106,110
050,05,037,"Arkansas","Cross County",1,27,213,87,126
050,05,037,"Arkansas","Cross County",1,28,211,93,118
050,05,037,"Arkansas","Cross County",1,29,208,104,104
050,05,037,"Arkansas","Cross County",1,30,194,96,98
050,05,037,"Arkansas","Cross County",1,31,203,104,99
050,05,037,"Arkansas","Cross County",1,32,177,93,84
050,05,037,"Arkansas","Cross County",1,33,181,83,98
050,05,037,"Arkansas","Cross County",1,34,174,71,103
050,05,037,"Arkansas","Cross County",1,35,184,92,92
050,05,037,"Arkansas","Cross County",1,36,208,101,107
050,05,037,"Arkansas","Cross County",1,37,203,98,105
050,05,037,"Arkansas","Cross County",1,38,222,105,117
050,05,037,"Arkansas","Cross County",1,39,227,107,120
050,05,037,"Arkansas","Cross County",1,40,213,106,107
050,05,037,"Arkansas","Cross County",1,41,195,101,94
050,05,037,"Arkansas","Cross County",1,42,203,102,101
050,05,037,"Arkansas","Cross County",1,43,201,101,100
050,05,037,"Arkansas","Cross County",1,44,227,104,123
050,05,037,"Arkansas","Cross County",1,45,230,109,121
050,05,037,"Arkansas","Cross County",1,46,197,100,97
050,05,037,"Arkansas","Cross County",1,47,214,106,108
050,05,037,"Arkansas","Cross County",1,48,218,110,108
050,05,037,"Arkansas","Cross County",1,49,226,113,113
050,05,037,"Arkansas","Cross County",1,50,206,111,95
050,05,037,"Arkansas","Cross County",1,51,212,109,103
050,05,037,"Arkansas","Cross County",1,52,196,93,103
050,05,037,"Arkansas","Cross County",1,53,208,101,107
050,05,037,"Arkansas","Cross County",1,54,229,106,123
050,05,037,"Arkansas","Cross County",1,55,215,110,105
050,05,037,"Arkansas","Cross County",1,56,227,117,110
050,05,037,"Arkansas","Cross County",1,57,253,124,129
050,05,037,"Arkansas","Cross County",1,58,256,124,132
050,05,037,"Arkansas","Cross County",1,59,233,115,118
050,05,037,"Arkansas","Cross County",1,60,231,103,128
050,05,037,"Arkansas","Cross County",1,61,234,114,120
050,05,037,"Arkansas","Cross County",1,62,246,125,121
050,05,037,"Arkansas","Cross County",1,63,215,100,115
050,05,037,"Arkansas","Cross County",1,64,202,104,98
050,05,037,"Arkansas","Cross County",1,65,188,91,97
050,05,037,"Arkansas","Cross County",1,66,205,97,108
050,05,037,"Arkansas","Cross County",1,67,184,94,90
050,05,037,"Arkansas","Cross County",1,68,173,86,87
050,05,037,"Arkansas","Cross County",1,69,172,81,91
050,05,037,"Arkansas","Cross County",1,70,189,88,101
050,05,037,"Arkansas","Cross County",1,71,181,83,98
050,05,037,"Arkansas","Cross County",1,72,180,74,106
050,05,037,"Arkansas","Cross County",1,73,190,96,94
050,05,037,"Arkansas","Cross County",1,74,147,69,78
050,05,037,"Arkansas","Cross County",1,75,128,54,74
050,05,037,"Arkansas","Cross County",1,76,144,65,79
050,05,037,"Arkansas","Cross County",1,77,140,66,74
050,05,037,"Arkansas","Cross County",1,78,108,43,65
050,05,037,"Arkansas","Cross County",1,79,86,37,49
050,05,037,"Arkansas","Cross County",1,80,100,44,56
050,05,037,"Arkansas","Cross County",1,81,80,37,43
050,05,037,"Arkansas","Cross County",1,82,76,32,44
050,05,037,"Arkansas","Cross County",1,83,53,26,27
050,05,037,"Arkansas","Cross County",1,84,60,23,37
050,05,037,"Arkansas","Cross County",1,85,296,112,184
050,05,037,"Arkansas","Cross County",2,0,202,97,105
050,05,037,"Arkansas","Cross County",2,1,199,100,99
050,05,037,"Arkansas","Cross County",2,2,212,106,106
050,05,037,"Arkansas","Cross County",2,3,201,95,106
050,05,037,"Arkansas","Cross County",2,4,213,98,115
050,05,037,"Arkansas","Cross County",2,5,220,110,110
050,05,037,"Arkansas","Cross County",2,6,234,118,116
050,05,037,"Arkansas","Cross County",2,7,235,123,112
050,05,037,"Arkansas","Cross County",2,8,218,113,105
050,05,037,"Arkansas","Cross County",2,9,212,111,101
050,05,037,"Arkansas","Cross County",2,10,208,111,97
050,05,037,"Arkansas","Cross County",2,11,227,117,110
050,05,037,"Arkansas","Cross County",2,12,252,125,127
050,05,037,"Arkansas","Cross County",2,13,247,131,116
050,05,037,"Arkansas","Cross County",2,14,235,125,110
050,05,037,"Arkansas","Cross County",2,15,230,118,112
050,05,037,"Arkansas","Cross County",2,16,217,117,100
050,05,037,"Arkansas","Cross County",2,17,217,117,100
050,05,037,"Arkansas","Cross County",2,18,189,99,90
050,05,037,"Arkansas","Cross County",2,19,161,86,75
050,05,037,"Arkansas","Cross County",2,20,175,89,86
050,05,037,"Arkansas","Cross County",2,21,181,94,87
050,05,037,"Arkansas","Cross County",2,22,173,90,83
050,05,037,"Arkansas","Cross County",2,23,165,86,79
050,05,037,"Arkansas","Cross County",2,24,186,98,88
050,05,037,"Arkansas","Cross County",2,25,205,102,103
050,05,037,"Arkansas","Cross County",2,26,215,104,111
050,05,037,"Arkansas","Cross County",2,27,213,93,120
050,05,037,"Arkansas","Cross County",2,28,209,92,117
050,05,037,"Arkansas","Cross County",2,29,206,101,105
050,05,037,"Arkansas","Cross County",2,30,199,97,102
050,05,037,"Arkansas","Cross County",2,31,197,100,97
050,05,037,"Arkansas","Cross County",2,32,183,95,88
050,05,037,"Arkansas","Cross County",2,33,179,85,94
050,05,037,"Arkansas","Cross County",2,34,173,73,100
050,05,037,"Arkansas","Cross County",2,35,182,87,95
050,05,037,"Arkansas","Cross County",2,36,199,97,102
050,05,037,"Arkansas","Cross County",2,37,205,99,106
050,05,037,"Arkansas","Cross County",2,38,218,105,113
050,05,037,"Arkansas","Cross County",2,39,227,108,119
050,05,037,"Arkansas","Cross County",2,40,215,107,108
050,05,037,"Arkansas","Cross County",2,41,200,102,98
050,05,037,"Arkansas","Cross County",2,42,198,100,98
050,05,037,"Arkansas","Cross County",2,43,203,102,101
050,05,037,"Arkansas","Cross County",2,44,221,104,117
050,05,037,"Arkansas","Cross County",2,45,228,108,120
050,05,037,"Arkansas","Cross County",2,46,203,102,101
050,05,037,"Arkansas","Cross County",2,47,208,104,104
050,05,037,"Arkansas","Cross County",2,48,218,109,109
050,05,037,"Arkansas","Cross County",2,49,225,112,113
050,05,037,"Arkansas","Cross County",2,50,213,113,100
050,05,037,"Arkansas","Cross County",2,51,208,107,101
050,05,037,"Arkansas","Cross County",2,52,198,95,103
050,05,037,"Arkansas","Cross County",2,53,203,97,106
050,05,037,"Arkansas","Cross County",2,54,223,104,119
050,05,037,"Arkansas","Cross County",2,55,219,110,109
050,05,037,"Arkansas","Cross County",2,56,226,117,109
050,05,037,"Arkansas","Cross County",2,57,245,121,124
050,05,037,"Arkansas","Cross County",2,58,253,124,129
050,05,037,"Arkansas","Cross County",2,59,241,118,123
050,05,037,"Arkansas","Cross County",2,60,231,107,124
050,05,037,"Arkansas","Cross County",2,61,235,112,123
050,05,037,"Arkansas","Cross County",2,62,239,121,118
050,05,037,"Arkansas","Cross County",2,63,223,108,115
050,05,037,"Arkansas","Cross County",2,64,202,100,102
050,05,037,"Arkansas","Cross County",2,65,191,94,97
050,05,037,"Arkansas","Cross County",2,66,201,96,105
050,05,037,"Arkansas","Cross County",2,67,187,93,94
050,05,037,"Arkansas","Cross County",2,68,174,87,87
050,05,037,"Arkansas","Cross County",2,69,172,81,91
050,05,037,"Arkansas","Cross County",2,70,185,86,99
050,05,037,"Arkansas","Cross County",2,71,181,83,98
050,05,037,"Arkansas","Cross County",2,72,176,74,102
050,05,037,"Arkansas","Cross County",2,73,195,94,101
050,05,037,"Arkansas","Cross County",2,74,146,69,77
050,05,037,"Arkansas","Cross County",2,75,131,56,75
050,05,037,"Arkansas","Cross County",2,76,140,62,78
050,05,037,"Arkansas","Cross County",2,77,143,68,75
050,05,037,"Arkansas","Cross County",2,78,112,47,65
050,05,037,"Arkansas","Cross County",2,79,91,39,52
050,05,037,"Arkansas","Cross County",2,80,96,41,55
050,05,037,"Arkansas","Cross County",2,81,84,38,46
050,05,037,"Arkansas","Cross County",2,82,74,31,43
050,05,037,"Arkansas","Cross County",2,83,58,26,32
050,05,037,"Arkansas","Cross County",2,84,59,25,34
050,05,037,"Arkansas","Cross County",2,85,302,115,187
050,05,037,"Arkansas","Cross County",3,0,184,109,75
050,05,037,"Arkansas","Cross County",3,1,219,113,106
050,05,037,"Arkansas","Cross County",3,2,190,95,95
050,05,037,"Arkansas","Cross County",3,3,215,109,106
050,05,037,"Arkansas","Cross County",3,4,203,93,110
050,05,037,"Arkansas","Cross County",3,5,214,106,108
050,05,037,"Arkansas","Cross County",3,6,219,110,109
050,05,037,"Arkansas","Cross County",3,7,222,110,112
050,05,037,"Arkansas","Cross County",3,8,221,111,110
050,05,037,"Arkansas","Cross County",3,9,218,108,110
050,05,037,"Arkansas","Cross County",3,10,222,113,109
050,05,037,"Arkansas","Cross County",3,11,212,114,98
050,05,037,"Arkansas","Cross County",3,12,231,123,108
050,05,037,"Arkansas","Cross County",3,13,257,128,129
050,05,037,"Arkansas","Cross County",3,14,244,122,122
050,05,037,"Arkansas","Cross County",3,15,242,127,115
050,05,037,"Arkansas","Cross County",3,16,231,123,108
050,05,037,"Arkansas","Cross County",3,17,224,121,103
050,05,037,"Arkansas","Cross County",3,18,189,102,87
050,05,037,"Arkansas","Cross County",3,19,160,81,79
050,05,037,"Arkansas","Cross County",3,20,176,89,87
050,05,037,"Arkansas","Cross County",3,21,175,84,91
050,05,037,"Arkansas","Cross County",3,22,193,91,102
050,05,037,"Arkansas","Cross County",3,23,178,93,85
050,05,037,"Arkansas","Cross County",3,24,156,87,69
050,05,037,"Arkansas","Cross County",3,25,179,89,90
050,05,037,"Arkansas","Cross County",3,26,192,91,101
050,05,037,"Arkansas","Cross County",3,27,223,111,112
050,05,037,"Arkansas","Cross County",3,28,211,89,122
050,05,037,"Arkansas","Cross County",3,29,211,95,116
050,05,037,"Arkansas","Cross County",3,30,205,104,101
050,05,037,"Arkansas","Cross County",3,31,196,93,103
050,05,037,"Arkansas","Cross County",3,32,201,98,103
050,05,037,"Arkansas","Cross County",3,33,181,94,87
050,05,037,"Arkansas","Cross County",3,34,184,87,97
050,05,037,"Arkansas","Cross County",3,35,174,77,97
050,05,037,"Arkansas","Cross County",3,36,195,96,99
050,05,037,"Arkansas","Cross County",3,37,198,90,108
050,05,037,"Arkansas","Cross County",3,38,208,95,113
050,05,037,"Arkansas","Cross County",3,39,215,100,115
050,05,037,"Arkansas","Cross County",3,40,238,111,127
050,05,037,"Arkansas","Cross County",3,41,213,103,110
050,05,037,"Arkansas","Cross County",3,42,200,106,94
050,05,037,"Arkansas","Cross County",3,43,197,96,101
050,05,037,"Arkansas","Cross County",3,44,207,98,109
050,05,037,"Arkansas","Cross County",3,45,223,104,119
050,05,037,"Arkansas","Cross County",3,46,229,107,122
050,05,037,"Arkansas","Cross County",3,47,203,97,106
050,05,037,"Arkansas","Cross County",3,48,197,100,97
050,05,037,"Arkansas","Cross County",3,49,211,104,107
050,05,037,"Arkansas","Cross County",3,50,233,114,119
050,05,037,"Arkansas","Cross County",3,51,209,111,98
050,05,037,"Arkansas","Cross County",3,52,204,106,98
050,05,037,"Arkansas","Cross County",3,53,202,92,110
050,05,037,"Arkansas","Cross County",3,54,199,95,104
050,05,037,"Arkansas","Cross County",3,55,223,105,118
050,05,037,"Arkansas","Cross County",3,56,214,107,107
050,05,037,"Arkansas","Cross County",3,57,219,107,112
050,05,037,"Arkansas","Cross County",3,58,247,119,128
050,05,037,"Arkansas","Cross County",3,59,247,116,131
050,05,037,"Arkansas","Cross County",3,60,235,121,114
050,05,037,"Arkansas","Cross County",3,61,212,95,117
050,05,037,"Arkansas","Cross County",3,62,222,108,114
050,05,037,"Arkansas","Cross County",3,63,233,120,113
050,05,037,"Arkansas","Cross County",3,64,219,108,111
050,05,037,"Arkansas","Cross County",3,65,202,100,102
050,05,037,"Arkansas","Cross County",3,66,188,92,96
050,05,037,"Arkansas","Cross County",3,67,193,94,99
050,05,037,"Arkansas","Cross County",3,68,182,91,91
050,05,037,"Arkansas","Cross County",3,69,161,81,80
050,05,037,"Arkansas","Cross County",3,70,158,72,86
050,05,037,"Arkansas","Cross County",3,71,172,78,94
050,05,037,"Arkansas","Cross County",3,72,175,78,97
050,05,037,"Arkansas","Cross County",3,73,172,71,101
050,05,037,"Arkansas","Cross County",3,74,181,86,95
050,05,037,"Arkansas","Cross County",3,75,134,63,71
050,05,037,"Arkansas","Cross County",3,76,126,52,74
050,05,037,"Arkansas","Cross County",3,77,131,59,72
050,05,037,"Arkansas","Cross County",3,78,130,60,70
050,05,037,"Arkansas","Cross County",3,79,98,41,57
050,05,037,"Arkansas","Cross County",3,80,89,40,49
050,05,037,"Arkansas","Cross County",3,81,89,41,48
050,05,037,"Arkansas","Cross County",3,82,77,35,42
050,05,037,"Arkansas","Cross County",3,83,63,30,33
050,05,037,"Arkansas","Cross County",3,84,54,26,28
050,05,037,"Arkansas","Cross County",3,85,293,114,179
050,05,037,"Arkansas","Cross County",4,0,186,88,98
050,05,037,"Arkansas","Cross County",4,1,187,105,82
050,05,037,"Arkansas","Cross County",4,2,217,102,115
050,05,037,"Arkansas","Cross County",4,3,198,102,96
050,05,037,"Arkansas","Cross County",4,4,218,108,110
050,05,037,"Arkansas","Cross County",4,5,216,99,117
050,05,037,"Arkansas","Cross County",4,6,223,100,123
050,05,037,"Arkansas","Cross County",4,7,209,101,108
050,05,037,"Arkansas","Cross County",4,8,217,108,109
050,05,037,"Arkansas","Cross County",4,9,214,112,102
050,05,037,"Arkansas","Cross County",4,10,219,111,108
050,05,037,"Arkansas","Cross County",4,11,220,108,112
050,05,037,"Arkansas","Cross County",4,12,199,109,90
050,05,037,"Arkansas","Cross County",4,13,235,124,111
050,05,037,"Arkansas","Cross County",4,14,260,129,131
050,05,037,"Arkansas","Cross County",4,15,250,125,125
050,05,037,"Arkansas","Cross County",4,16,232,121,111
050,05,037,"Arkansas","Cross County",4,17,240,124,116
050,05,037,"Arkansas","Cross County",4,18,196,115,81
050,05,037,"Arkansas","Cross County",4,19,144,79,65
050,05,037,"Arkansas","Cross County",4,20,161,84,77
050,05,037,"Arkansas","Cross County",4,21,177,94,83
050,05,037,"Arkansas","Cross County",4,22,193,95,98
050,05,037,"Arkansas","Cross County",4,23,207,102,105
050,05,037,"Arkansas","Cross County",4,24,185,97,88
050,05,037,"Arkansas","Cross County",4,25,155,86,69
050,05,037,"Arkansas","Cross County",4,26,181,95,86
050,05,037,"Arkansas","Cross County",4,27,184,87,97
050,05,037,"Arkansas","Cross County",4,28,204,100,104
050,05,037,"Arkansas","Cross County",4,29,224,100,124
050,05,037,"Arkansas","Cross County",4,30,211,95,116
050,05,037,"Arkansas","Cross County",4,31,213,105,108
050,05,037,"Arkansas","Cross County",4,32,194,96,98
050,05,037,"Arkansas","Cross County",4,33,202,101,101
050,05,037,"Arkansas","Cross County",4,34,194,101,93
050,05,037,"Arkansas","Cross County",4,35,186,93,93
050,05,037,"Arkansas","Cross County",4,36,173,79,94
050,05,037,"Arkansas","Cross County",4,37,193,91,102
050,05,037,"Arkansas","Cross County",4,38,198,91,107
050,05,037,"Arkansas","Cross County",4,39,214,100,114
050,05,037,"Arkansas","Cross County",4,40,208,99,109
050,05,037,"Arkansas","Cross County",4,41,242,114,128
050,05,037,"Arkansas","Cross County",4,42,215,104,111
050,05,037,"Arkansas","Cross County",4,43,198,106,92
050,05,037,"Arkansas","Cross County",4,44,199,100,99
050,05,037,"Arkansas","Cross County",4,45,203,96,107
050,05,037,"Arkansas","Cross County",4,46,215,97,118
050,05,037,"Arkansas","Cross County",4,47,226,105,121
050,05,037,"Arkansas","Cross County",4,48,192,94,98
050,05,037,"Arkansas","Cross County",4,49,205,106,99
050,05,037,"Arkansas","Cross County",4,50,209,98,111
050,05,037,"Arkansas","Cross County",4,51,232,118,114
050,05,037,"Arkansas","Cross County",4,52,209,105,104
050,05,037,"Arkansas","Cross County",4,53,216,111,105
050,05,037,"Arkansas","Cross County",4,54,194,91,103
050,05,037,"Arkansas","Cross County",4,55,198,96,102
050,05,037,"Arkansas","Cross County",4,56,211,101,110
050,05,037,"Arkansas","Cross County",4,57,214,108,106
050,05,037,"Arkansas","Cross County",4,58,218,108,110
050,05,037,"Arkansas","Cross County",4,59,243,111,132
050,05,037,"Arkansas","Cross County",4,60,239,116,123
050,05,037,"Arkansas","Cross County",4,61,238,122,116
050,05,037,"Arkansas","Cross County",4,62,203,93,110
050,05,037,"Arkansas","Cross County",4,63,218,104,114
050,05,037,"Arkansas","Cross County",4,64,230,116,114
050,05,037,"Arkansas","Cross County",4,65,216,110,106
050,05,037,"Arkansas","Cross County",4,66,195,95,100
050,05,037,"Arkansas","Cross County",4,67,188,91,97
050,05,037,"Arkansas","Cross County",4,68,186,87,99
050,05,037,"Arkansas","Cross County",4,69,177,88,89
050,05,037,"Arkansas","Cross County",4,70,155,75,80
050,05,037,"Arkansas","Cross County",4,71,150,69,81
050,05,037,"Arkansas","Cross County",4,72,160,71,89
050,05,037,"Arkansas","Cross County",4,73,168,75,93
050,05,037,"Arkansas","Cross County",4,74,164,64,100
050,05,037,"Arkansas","Cross County",4,75,166,78,88
050,05,037,"Arkansas","Cross County",4,76,133,59,74
050,05,037,"Arkansas","Cross County",4,77,118,50,68
050,05,037,"Arkansas","Cross County",4,78,126,58,68
050,05,037,"Arkansas","Cross County",4,79,119,58,61
050,05,037,"Arkansas","Cross County",4,80,98,43,55
050,05,037,"Arkansas","Cross County",4,81,82,36,46
050,05,037,"Arkansas","Cross County",4,82,81,38,43
050,05,037,"Arkansas","Cross County",4,83,63,25,38
050,05,037,"Arkansas","Cross County",4,84,54,26,28
050,05,037,"Arkansas","Cross County",4,85,287,117,170
050,05,037,"Arkansas","Cross County",5,0,180,86,94
050,05,037,"Arkansas","Cross County",5,1,191,85,106
050,05,037,"Arkansas","Cross County",5,2,202,108,94
050,05,037,"Arkansas","Cross County",5,3,221,105,116
050,05,037,"Arkansas","Cross County",5,4,199,96,103
050,05,037,"Arkansas","Cross County",5,5,229,112,117
050,05,037,"Arkansas","Cross County",5,6,213,98,115
050,05,037,"Arkansas","Cross County",5,7,210,99,111
050,05,037,"Arkansas","Cross County",5,8,216,107,109
050,05,037,"Arkansas","Cross County",5,9,212,109,103
050,05,037,"Arkansas","Cross County",5,10,220,116,104
050,05,037,"Arkansas","Cross County",5,11,224,118,106
050,05,037,"Arkansas","Cross County",5,12,224,113,111
050,05,037,"Arkansas","Cross County",5,13,196,105,91
050,05,037,"Arkansas","Cross County",5,14,221,114,107
050,05,037,"Arkansas","Cross County",5,15,267,139,128
050,05,037,"Arkansas","Cross County",5,16,241,119,122
050,05,037,"Arkansas","Cross County",5,17,227,116,111
050,05,037,"Arkansas","Cross County",5,18,196,103,93
050,05,037,"Arkansas","Cross County",5,19,156,89,67
050,05,037,"Arkansas","Cross County",5,20,156,85,71
050,05,037,"Arkansas","Cross County",5,21,166,87,79
050,05,037,"Arkansas","Cross County",5,22,184,94,90
050,05,037,"Arkansas","Cross County",5,23,183,91,92
050,05,037,"Arkansas","Cross County",5,24,198,99,99
050,05,037,"Arkansas","Cross County",5,25,183,91,92
050,05,037,"Arkansas","Cross County",5,26,160,88,72
050,05,037,"Arkansas","Cross County",5,27,180,95,85
050,05,037,"Arkansas","Cross County",5,28,197,93,104
050,05,037,"Arkansas","Cross County",5,29,209,105,104
050,05,037,"Arkansas","Cross County",5,30,225,103,122
050,05,037,"Arkansas","Cross County",5,31,211,91,120
050,05,037,"Arkansas","Cross County",5,32,205,102,103
050,05,037,"Arkansas","Cross County",5,33,194,97,97
050,05,037,"Arkansas","Cross County",5,34,214,104,110
050,05,037,"Arkansas","Cross County",5,35,199,110,89
050,05,037,"Arkansas","Cross County",5,36,183,91,92
050,05,037,"Arkansas","Cross County",5,37,172,74,98
050,05,037,"Arkansas","Cross County",5,38,201,97,104
050,05,037,"Arkansas","Cross County",5,39,197,95,102
050,05,037,"Arkansas","Cross County",5,40,218,98,120
050,05,037,"Arkansas","Cross County",5,41,209,103,106
050,05,037,"Arkansas","Cross County",5,42,238,114,124
050,05,037,"Arkansas","Cross County",5,43,214,103,111
050,05,037,"Arkansas","Cross County",5,44,195,103,92
050,05,037,"Arkansas","Cross County",5,45,192,93,99
050,05,037,"Arkansas","Cross County",5,46,200,102,98
050,05,037,"Arkansas","Cross County",5,47,216,97,119
050,05,037,"Arkansas","Cross County",5,48,217,98,119
050,05,037,"Arkansas","Cross County",5,49,180,92,88
050,05,037,"Arkansas","Cross County",5,50,208,109,99
050,05,037,"Arkansas","Cross County",5,51,207,96,111
050,05,037,"Arkansas","Cross County",5,52,230,112,118
050,05,037,"Arkansas","Cross County",5,53,208,106,102
050,05,037,"Arkansas","Cross County",5,54,211,108,103
050,05,037,"Arkansas","Cross County",5,55,188,87,101
050,05,037,"Arkansas","Cross County",5,56,200,93,107
050,05,037,"Arkansas","Cross County",5,57,200,96,104
050,05,037,"Arkansas","Cross County",5,58,215,112,103
050,05,037,"Arkansas","Cross County",5,59,219,107,112
050,05,037,"Arkansas","Cross County",5,60,232,104,128
050,05,037,"Arkansas","Cross County",5,61,234,113,121
050,05,037,"Arkansas","Cross County",5,62,227,115,112
050,05,037,"Arkansas","Cross County",5,63,210,98,112
050,05,037,"Arkansas","Cross County",5,64,208,99,109
050,05,037,"Arkansas","Cross County",5,65,223,115,108
050,05,037,"Arkansas","Cross County",5,66,218,109,109
050,05,037,"Arkansas","Cross County",5,67,188,94,94
050,05,037,"Arkansas","Cross County",5,68,182,86,96
050,05,037,"Arkansas","Cross County",5,69,186,87,99
050,05,037,"Arkansas","Cross County",5,70,168,82,86
050,05,037,"Arkansas","Cross County",5,71,146,71,75
050,05,037,"Arkansas","Cross County",5,72,140,64,76
050,05,037,"Arkansas","Cross County",5,73,157,69,88
050,05,037,"Arkansas","Cross County",5,74,159,69,90
050,05,037,"Arkansas","Cross County",5,75,141,56,85
050,05,037,"Arkansas","Cross County",5,76,159,72,87
050,05,037,"Arkansas","Cross County",5,77,123,55,68
050,05,037,"Arkansas","Cross County",5,78,108,48,60
050,05,037,"Arkansas","Cross County",5,79,113,55,58
050,05,037,"Arkansas","Cross County",5,80,110,54,56
050,05,037,"Arkansas","Cross County",5,81,89,41,48
050,05,037,"Arkansas","Cross County",5,82,72,33,39
050,05,037,"Arkansas","Cross County",5,83,68,31,37
050,05,037,"Arkansas","Cross County",5,84,51,17,34
050,05,037,"Arkansas","Cross County",5,85,281,119,162
050,05,039,"Arkansas","Dallas County",1,0,54,28,26
050,05,039,"Arkansas","Dallas County",1,1,63,29,34
050,05,039,"Arkansas","Dallas County",1,2,75,31,44
050,05,039,"Arkansas","Dallas County",1,3,59,33,26
050,05,039,"Arkansas","Dallas County",1,4,76,44,32
050,05,039,"Arkansas","Dallas County",1,5,75,42,33
050,05,039,"Arkansas","Dallas County",1,6,61,30,31
050,05,039,"Arkansas","Dallas County",1,7,67,33,34
050,05,039,"Arkansas","Dallas County",1,8,72,44,28
050,05,039,"Arkansas","Dallas County",1,9,78,54,24
050,05,039,"Arkansas","Dallas County",1,10,83,48,35
050,05,039,"Arkansas","Dallas County",1,11,88,48,40
050,05,039,"Arkansas","Dallas County",1,12,90,47,43
050,05,039,"Arkansas","Dallas County",1,13,77,40,37
050,05,039,"Arkansas","Dallas County",1,14,74,38,36
050,05,039,"Arkansas","Dallas County",1,15,79,37,42
050,05,039,"Arkansas","Dallas County",1,16,78,39,39
050,05,039,"Arkansas","Dallas County",1,17,72,38,34
050,05,039,"Arkansas","Dallas County",1,18,73,43,30
050,05,039,"Arkansas","Dallas County",1,19,54,29,25
050,05,039,"Arkansas","Dallas County",1,20,61,34,27
050,05,039,"Arkansas","Dallas County",1,21,61,27,34
050,05,039,"Arkansas","Dallas County",1,22,76,38,38
050,05,039,"Arkansas","Dallas County",1,23,79,41,38
050,05,039,"Arkansas","Dallas County",1,24,50,30,20
050,05,039,"Arkansas","Dallas County",1,25,51,25,26
050,05,039,"Arkansas","Dallas County",1,26,60,27,33
050,05,039,"Arkansas","Dallas County",1,27,67,30,37
050,05,039,"Arkansas","Dallas County",1,28,61,29,32
050,05,039,"Arkansas","Dallas County",1,29,71,41,30
050,05,039,"Arkansas","Dallas County",1,30,72,38,34
050,05,039,"Arkansas","Dallas County",1,31,74,39,35
050,05,039,"Arkansas","Dallas County",1,32,57,30,27
050,05,039,"Arkansas","Dallas County",1,33,74,36,38
050,05,039,"Arkansas","Dallas County",1,34,80,37,43
050,05,039,"Arkansas","Dallas County",1,35,65,31,34
050,05,039,"Arkansas","Dallas County",1,36,71,36,35
050,05,039,"Arkansas","Dallas County",1,37,74,39,35
050,05,039,"Arkansas","Dallas County",1,38,72,37,35
050,05,039,"Arkansas","Dallas County",1,39,76,34,42
050,05,039,"Arkansas","Dallas County",1,40,83,39,44
050,05,039,"Arkansas","Dallas County",1,41,82,34,48
050,05,039,"Arkansas","Dallas County",1,42,59,28,31
050,05,039,"Arkansas","Dallas County",1,43,54,27,27
050,05,039,"Arkansas","Dallas County",1,44,66,31,35
050,05,039,"Arkansas","Dallas County",1,45,65,31,34
050,05,039,"Arkansas","Dallas County",1,46,66,31,35
050,05,039,"Arkansas","Dallas County",1,47,83,49,34
050,05,039,"Arkansas","Dallas County",1,48,74,44,30
050,05,039,"Arkansas","Dallas County",1,49,87,47,40
050,05,039,"Arkansas","Dallas County",1,50,86,43,43
050,05,039,"Arkansas","Dallas County",1,51,75,37,38
050,05,039,"Arkansas","Dallas County",1,52,77,41,36
050,05,039,"Arkansas","Dallas County",1,53,61,26,35
050,05,039,"Arkansas","Dallas County",1,54,81,36,45
050,05,039,"Arkansas","Dallas County",1,55,101,45,56
050,05,039,"Arkansas","Dallas County",1,56,99,44,55
050,05,039,"Arkansas","Dallas County",1,57,97,45,52
050,05,039,"Arkansas","Dallas County",1,58,95,48,47
050,05,039,"Arkansas","Dallas County",1,59,103,52,51
050,05,039,"Arkansas","Dallas County",1,60,102,48,54
050,05,039,"Arkansas","Dallas County",1,61,108,60,48
050,05,039,"Arkansas","Dallas County",1,62,96,53,43
050,05,039,"Arkansas","Dallas County",1,63,91,44,47
050,05,039,"Arkansas","Dallas County",1,64,109,57,52
050,05,039,"Arkansas","Dallas County",1,65,111,63,48
050,05,039,"Arkansas","Dallas County",1,66,124,62,62
050,05,039,"Arkansas","Dallas County",1,67,114,52,62
050,05,039,"Arkansas","Dallas County",1,68,96,51,45
050,05,039,"Arkansas","Dallas County",1,69,83,43,40
050,05,039,"Arkansas","Dallas County",1,70,74,32,42
050,05,039,"Arkansas","Dallas County",1,71,82,34,48
050,05,039,"Arkansas","Dallas County",1,72,81,36,45
050,05,039,"Arkansas","Dallas County",1,73,85,33,52
050,05,039,"Arkansas","Dallas County",1,74,57,26,31
050,05,039,"Arkansas","Dallas County",1,75,71,28,43
050,05,039,"Arkansas","Dallas County",1,76,72,35,37
050,05,039,"Arkansas","Dallas County",1,77,54,22,32
050,05,039,"Arkansas","Dallas County",1,78,60,22,38
050,05,039,"Arkansas","Dallas County",1,79,54,22,32
050,05,039,"Arkansas","Dallas County",1,80,44,22,22
050,05,039,"Arkansas","Dallas County",1,81,36,19,17
050,05,039,"Arkansas","Dallas County",1,82,37,17,20
050,05,039,"Arkansas","Dallas County",1,83,29,6,23
050,05,039,"Arkansas","Dallas County",1,84,25,8,17
050,05,039,"Arkansas","Dallas County",1,85,192,58,134
050,05,039,"Arkansas","Dallas County",2,0,57,30,27
050,05,039,"Arkansas","Dallas County",2,1,62,29,33
050,05,039,"Arkansas","Dallas County",2,2,72,31,41
050,05,039,"Arkansas","Dallas County",2,3,62,33,29
050,05,039,"Arkansas","Dallas County",2,4,71,41,30
050,05,039,"Arkansas","Dallas County",2,5,73,41,32
050,05,039,"Arkansas","Dallas County",2,6,67,35,32
050,05,039,"Arkansas","Dallas County",2,7,66,34,32
050,05,039,"Arkansas","Dallas County",2,8,71,42,29
050,05,039,"Arkansas","Dallas County",2,9,75,51,24
050,05,039,"Arkansas","Dallas County",2,10,81,48,33
050,05,039,"Arkansas","Dallas County",2,11,86,47,39
050,05,039,"Arkansas","Dallas County",2,12,90,47,43
050,05,039,"Arkansas","Dallas County",2,13,80,41,39
050,05,039,"Arkansas","Dallas County",2,14,74,38,36
050,05,039,"Arkansas","Dallas County",2,15,77,36,41
050,05,039,"Arkansas","Dallas County",2,16,80,39,41
050,05,039,"Arkansas","Dallas County",2,17,73,38,35
050,05,039,"Arkansas","Dallas County",2,18,70,41,29
050,05,039,"Arkansas","Dallas County",2,19,56,31,25
050,05,039,"Arkansas","Dallas County",2,20,60,33,27
050,05,039,"Arkansas","Dallas County",2,21,60,28,32
050,05,039,"Arkansas","Dallas County",2,22,75,37,38
050,05,039,"Arkansas","Dallas County",2,23,76,39,37
050,05,039,"Arkansas","Dallas County",2,24,53,30,23
050,05,039,"Arkansas","Dallas County",2,25,49,24,25
050,05,039,"Arkansas","Dallas County",2,26,57,26,31
050,05,039,"Arkansas","Dallas County",2,27,63,29,34
050,05,039,"Arkansas","Dallas County",2,28,62,29,33
050,05,039,"Arkansas","Dallas County",2,29,68,37,31
050,05,039,"Arkansas","Dallas County",2,30,71,38,33
050,05,039,"Arkansas","Dallas County",2,31,73,39,34
050,05,039,"Arkansas","Dallas County",2,32,62,33,29
050,05,039,"Arkansas","Dallas County",2,33,71,35,36
050,05,039,"Arkansas","Dallas County",2,34,78,36,42
050,05,039,"Arkansas","Dallas County",2,35,69,33,36
050,05,039,"Arkansas","Dallas County",2,36,67,34,33
050,05,039,"Arkansas","Dallas County",2,37,72,37,35
050,05,039,"Arkansas","Dallas County",2,38,72,37,35
050,05,039,"Arkansas","Dallas County",2,39,74,34,40
050,05,039,"Arkansas","Dallas County",2,40,84,39,45
050,05,039,"Arkansas","Dallas County",2,41,82,35,47
050,05,039,"Arkansas","Dallas County",2,42,63,29,34
050,05,039,"Arkansas","Dallas County",2,43,55,27,28
050,05,039,"Arkansas","Dallas County",2,44,62,30,32
050,05,039,"Arkansas","Dallas County",2,45,65,30,35
050,05,039,"Arkansas","Dallas County",2,46,64,30,34
050,05,039,"Arkansas","Dallas County",2,47,80,46,34
050,05,039,"Arkansas","Dallas County",2,48,76,46,30
050,05,039,"Arkansas","Dallas County",2,49,85,47,38
050,05,039,"Arkansas","Dallas County",2,50,87,45,42
050,05,039,"Arkansas","Dallas County",2,51,77,38,39
050,05,039,"Arkansas","Dallas County",2,52,76,40,36
050,05,039,"Arkansas","Dallas County",2,53,65,30,35
050,05,039,"Arkansas","Dallas County",2,54,76,33,43
050,05,039,"Arkansas","Dallas County",2,55,97,44,53
050,05,039,"Arkansas","Dallas County",2,56,100,45,55
050,05,039,"Arkansas","Dallas County",2,57,97,44,53
050,05,039,"Arkansas","Dallas County",2,58,96,48,48
050,05,039,"Arkansas","Dallas County",2,59,101,52,49
050,05,039,"Arkansas","Dallas County",2,60,102,49,53
050,05,039,"Arkansas","Dallas County",2,61,107,57,50
050,05,039,"Arkansas","Dallas County",2,62,96,52,44
050,05,039,"Arkansas","Dallas County",2,63,93,47,46
050,05,039,"Arkansas","Dallas County",2,64,103,52,51
050,05,039,"Arkansas","Dallas County",2,65,110,62,48
050,05,039,"Arkansas","Dallas County",2,66,120,62,58
050,05,039,"Arkansas","Dallas County",2,67,113,53,60
050,05,039,"Arkansas","Dallas County",2,68,99,51,48
050,05,039,"Arkansas","Dallas County",2,69,87,45,42
050,05,039,"Arkansas","Dallas County",2,70,76,34,42
050,05,039,"Arkansas","Dallas County",2,71,79,34,45
050,05,039,"Arkansas","Dallas County",2,72,80,35,45
050,05,039,"Arkansas","Dallas County",2,73,85,34,51
050,05,039,"Arkansas","Dallas County",2,74,60,26,34
050,05,039,"Arkansas","Dallas County",2,75,67,26,41
050,05,039,"Arkansas","Dallas County",2,76,70,33,37
050,05,039,"Arkansas","Dallas County",2,77,61,26,35
050,05,039,"Arkansas","Dallas County",2,78,57,20,37
050,05,039,"Arkansas","Dallas County",2,79,54,22,32
050,05,039,"Arkansas","Dallas County",2,80,44,20,24
050,05,039,"Arkansas","Dallas County",2,81,38,20,18
050,05,039,"Arkansas","Dallas County",2,82,34,16,18
050,05,039,"Arkansas","Dallas County",2,83,28,8,20
050,05,039,"Arkansas","Dallas County",2,84,25,7,18
050,05,039,"Arkansas","Dallas County",2,85,193,58,135
050,05,039,"Arkansas","Dallas County",3,0,68,35,33
050,05,039,"Arkansas","Dallas County",3,1,63,32,31
050,05,039,"Arkansas","Dallas County",3,2,60,30,30
050,05,039,"Arkansas","Dallas County",3,3,66,31,35
050,05,039,"Arkansas","Dallas County",3,4,66,39,27
050,05,039,"Arkansas","Dallas County",3,5,64,40,24
050,05,039,"Arkansas","Dallas County",3,6,69,39,30
050,05,039,"Arkansas","Dallas County",3,7,71,36,35
050,05,039,"Arkansas","Dallas County",3,8,63,35,28
050,05,039,"Arkansas","Dallas County",3,9,71,42,29
050,05,039,"Arkansas","Dallas County",3,10,79,51,28
050,05,039,"Arkansas","Dallas County",3,11,78,44,34
050,05,039,"Arkansas","Dallas County",3,12,86,44,42
050,05,039,"Arkansas","Dallas County",3,13,93,45,48
050,05,039,"Arkansas","Dallas County",3,14,69,35,34
050,05,039,"Arkansas","Dallas County",3,15,74,39,35
050,05,039,"Arkansas","Dallas County",3,16,77,37,40
050,05,039,"Arkansas","Dallas County",3,17,72,35,37
050,05,039,"Arkansas","Dallas County",3,18,67,35,32
050,05,039,"Arkansas","Dallas County",3,19,55,34,21
050,05,039,"Arkansas","Dallas County",3,20,59,30,29
050,05,039,"Arkansas","Dallas County",3,21,60,27,33
050,05,039,"Arkansas","Dallas County",3,22,74,32,42
050,05,039,"Arkansas","Dallas County",3,23,69,34,35
050,05,039,"Arkansas","Dallas County",3,24,70,36,34
050,05,039,"Arkansas","Dallas County",3,25,47,25,22
050,05,039,"Arkansas","Dallas County",3,26,48,22,26
050,05,039,"Arkansas","Dallas County",3,27,55,24,31
050,05,039,"Arkansas","Dallas County",3,28,62,31,31
050,05,039,"Arkansas","Dallas County",3,29,62,27,35
050,05,039,"Arkansas","Dallas County",3,30,76,39,37
050,05,039,"Arkansas","Dallas County",3,31,66,37,29
050,05,039,"Arkansas","Dallas County",3,32,69,36,33
050,05,039,"Arkansas","Dallas County",3,33,62,36,26
050,05,039,"Arkansas","Dallas County",3,34,63,30,33
050,05,039,"Arkansas","Dallas County",3,35,78,35,43
050,05,039,"Arkansas","Dallas County",3,36,69,34,35
050,05,039,"Arkansas","Dallas County",3,37,61,31,30
050,05,039,"Arkansas","Dallas County",3,38,68,36,32
050,05,039,"Arkansas","Dallas County",3,39,74,39,35
050,05,039,"Arkansas","Dallas County",3,40,68,32,36
050,05,039,"Arkansas","Dallas County",3,41,84,40,44
050,05,039,"Arkansas","Dallas County",3,42,84,37,47
050,05,039,"Arkansas","Dallas County",3,43,65,33,32
050,05,039,"Arkansas","Dallas County",3,44,60,32,28
050,05,039,"Arkansas","Dallas County",3,45,54,23,31
050,05,039,"Arkansas","Dallas County",3,46,72,34,38
050,05,039,"Arkansas","Dallas County",3,47,66,33,33
050,05,039,"Arkansas","Dallas County",3,48,74,45,29
050,05,039,"Arkansas","Dallas County",3,49,75,46,29
050,05,039,"Arkansas","Dallas County",3,50,84,48,36
050,05,039,"Arkansas","Dallas County",3,51,76,38,38
050,05,039,"Arkansas","Dallas County",3,52,84,46,38
050,05,039,"Arkansas","Dallas County",3,53,75,38,37
050,05,039,"Arkansas","Dallas County",3,54,62,30,32
050,05,039,"Arkansas","Dallas County",3,55,80,36,44
050,05,039,"Arkansas","Dallas County",3,56,103,49,54
050,05,039,"Arkansas","Dallas County",3,57,94,39,55
050,05,039,"Arkansas","Dallas County",3,58,93,42,51
050,05,039,"Arkansas","Dallas County",3,59,92,47,45
050,05,039,"Arkansas","Dallas County",3,60,98,49,49
050,05,039,"Arkansas","Dallas County",3,61,104,50,54
050,05,039,"Arkansas","Dallas County",3,62,103,56,47
050,05,039,"Arkansas","Dallas County",3,63,85,47,38
050,05,039,"Arkansas","Dallas County",3,64,91,45,46
050,05,039,"Arkansas","Dallas County",3,65,96,48,48
050,05,039,"Arkansas","Dallas County",3,66,103,55,48
050,05,039,"Arkansas","Dallas County",3,67,119,62,57
050,05,039,"Arkansas","Dallas County",3,68,109,49,60
050,05,039,"Arkansas","Dallas County",3,69,97,52,45
050,05,039,"Arkansas","Dallas County",3,70,83,42,41
050,05,039,"Arkansas","Dallas County",3,71,76,34,42
050,05,039,"Arkansas","Dallas County",3,72,77,35,42
050,05,039,"Arkansas","Dallas County",3,73,77,30,47
050,05,039,"Arkansas","Dallas County",3,74,79,34,45
050,05,039,"Arkansas","Dallas County",3,75,55,22,33
050,05,039,"Arkansas","Dallas County",3,76,63,24,39
050,05,039,"Arkansas","Dallas County",3,77,66,32,34
050,05,039,"Arkansas","Dallas County",3,78,57,22,35
050,05,039,"Arkansas","Dallas County",3,79,52,18,34
050,05,039,"Arkansas","Dallas County",3,80,48,18,30
050,05,039,"Arkansas","Dallas County",3,81,41,20,21
050,05,039,"Arkansas","Dallas County",3,82,36,18,18
050,05,039,"Arkansas","Dallas County",3,83,27,12,15
050,05,039,"Arkansas","Dallas County",3,84,29,8,21
050,05,039,"Arkansas","Dallas County",3,85,190,58,132
050,05,039,"Arkansas","Dallas County",4,0,55,23,32
050,05,039,"Arkansas","Dallas County",4,1,65,33,32
050,05,039,"Arkansas","Dallas County",4,2,63,29,34
050,05,039,"Arkansas","Dallas County",4,3,50,25,25
050,05,039,"Arkansas","Dallas County",4,4,66,30,36
050,05,039,"Arkansas","Dallas County",4,5,65,34,31
050,05,039,"Arkansas","Dallas County",4,6,66,42,24
050,05,039,"Arkansas","Dallas County",4,7,71,40,31
050,05,039,"Arkansas","Dallas County",4,8,65,34,31
050,05,039,"Arkansas","Dallas County",4,9,70,40,30
050,05,039,"Arkansas","Dallas County",4,10,68,43,25
050,05,039,"Arkansas","Dallas County",4,11,74,51,23
050,05,039,"Arkansas","Dallas County",4,12,74,40,34
050,05,039,"Arkansas","Dallas County",4,13,85,42,43
050,05,039,"Arkansas","Dallas County",4,14,93,47,46
050,05,039,"Arkansas","Dallas County",4,15,68,33,35
050,05,039,"Arkansas","Dallas County",4,16,79,39,40
050,05,039,"Arkansas","Dallas County",4,17,71,34,37
050,05,039,"Arkansas","Dallas County",4,18,68,36,32
050,05,039,"Arkansas","Dallas County",4,19,50,24,26
050,05,039,"Arkansas","Dallas County",4,20,56,34,22
050,05,039,"Arkansas","Dallas County",4,21,60,30,30
050,05,039,"Arkansas","Dallas County",4,22,65,32,33
050,05,039,"Arkansas","Dallas County",4,23,63,27,36
050,05,039,"Arkansas","Dallas County",4,24,61,31,30
050,05,039,"Arkansas","Dallas County",4,25,65,34,31
050,05,039,"Arkansas","Dallas County",4,26,44,24,20
050,05,039,"Arkansas","Dallas County",4,27,50,22,28
050,05,039,"Arkansas","Dallas County",4,28,58,29,29
050,05,039,"Arkansas","Dallas County",4,29,55,29,26
050,05,039,"Arkansas","Dallas County",4,30,64,26,38
050,05,039,"Arkansas","Dallas County",4,31,88,40,48
050,05,039,"Arkansas","Dallas County",4,32,61,33,28
050,05,039,"Arkansas","Dallas County",4,33,72,41,31
050,05,039,"Arkansas","Dallas County",4,34,64,38,26
050,05,039,"Arkansas","Dallas County",4,35,68,32,36
050,05,039,"Arkansas","Dallas County",4,36,83,43,40
050,05,039,"Arkansas","Dallas County",4,37,64,29,35
050,05,039,"Arkansas","Dallas County",4,38,60,31,29
050,05,039,"Arkansas","Dallas County",4,39,68,35,33
050,05,039,"Arkansas","Dallas County",4,40,73,36,37
050,05,039,"Arkansas","Dallas County",4,41,72,33,39
050,05,039,"Arkansas","Dallas County",4,42,83,41,42
050,05,039,"Arkansas","Dallas County",4,43,82,35,47
050,05,039,"Arkansas","Dallas County",4,44,67,35,32
050,05,039,"Arkansas","Dallas County",4,45,57,26,31
050,05,039,"Arkansas","Dallas County",4,46,55,25,30
050,05,039,"Arkansas","Dallas County",4,47,72,33,39
050,05,039,"Arkansas","Dallas County",4,48,64,31,33
050,05,039,"Arkansas","Dallas County",4,49,71,45,26
050,05,039,"Arkansas","Dallas County",4,50,72,48,24
050,05,039,"Arkansas","Dallas County",4,51,77,41,36
050,05,039,"Arkansas","Dallas County",4,52,79,41,38
050,05,039,"Arkansas","Dallas County",4,53,78,42,36
050,05,039,"Arkansas","Dallas County",4,54,70,33,37
050,05,039,"Arkansas","Dallas County",4,55,60,29,31
050,05,039,"Arkansas","Dallas County",4,56,85,40,45
050,05,039,"Arkansas","Dallas County",4,57,100,45,55
050,05,039,"Arkansas","Dallas County",4,58,91,41,50
050,05,039,"Arkansas","Dallas County",4,59,95,42,53
050,05,039,"Arkansas","Dallas County",4,60,85,44,41
050,05,039,"Arkansas","Dallas County",4,61,99,48,51
050,05,039,"Arkansas","Dallas County",4,62,101,47,54
050,05,039,"Arkansas","Dallas County",4,63,93,52,41
050,05,039,"Arkansas","Dallas County",4,64,81,45,36
050,05,039,"Arkansas","Dallas County",4,65,86,42,44
050,05,039,"Arkansas","Dallas County",4,66,96,45,51
050,05,039,"Arkansas","Dallas County",4,67,100,54,46
050,05,039,"Arkansas","Dallas County",4,68,118,61,57
050,05,039,"Arkansas","Dallas County",4,69,107,49,58
050,05,039,"Arkansas","Dallas County",4,70,95,51,44
050,05,039,"Arkansas","Dallas County",4,71,87,42,45
050,05,039,"Arkansas","Dallas County",4,72,71,33,38
050,05,039,"Arkansas","Dallas County",4,73,78,33,45
050,05,039,"Arkansas","Dallas County",4,74,74,29,45
050,05,039,"Arkansas","Dallas County",4,75,72,31,41
050,05,039,"Arkansas","Dallas County",4,76,56,23,33
050,05,039,"Arkansas","Dallas County",4,77,64,24,40
050,05,039,"Arkansas","Dallas County",4,78,58,25,33
050,05,039,"Arkansas","Dallas County",4,79,53,20,33
050,05,039,"Arkansas","Dallas County",4,80,48,14,34
050,05,039,"Arkansas","Dallas County",4,81,48,19,29
050,05,039,"Arkansas","Dallas County",4,82,35,16,19
050,05,039,"Arkansas","Dallas County",4,83,27,15,12
050,05,039,"Arkansas","Dallas County",4,84,27,11,16
050,05,039,"Arkansas","Dallas County",4,85,199,65,134
050,05,039,"Arkansas","Dallas County",5,0,53,23,30
050,05,039,"Arkansas","Dallas County",5,1,49,23,26
050,05,039,"Arkansas","Dallas County",5,2,65,35,30
050,05,039,"Arkansas","Dallas County",5,3,66,26,40
050,05,039,"Arkansas","Dallas County",5,4,52,23,29
050,05,039,"Arkansas","Dallas County",5,5,69,32,37
050,05,039,"Arkansas","Dallas County",5,6,75,39,36
050,05,039,"Arkansas","Dallas County",5,7,68,39,29
050,05,039,"Arkansas","Dallas County",5,8,74,39,35
050,05,039,"Arkansas","Dallas County",5,9,64,30,34
050,05,039,"Arkansas","Dallas County",5,10,72,37,35
050,05,039,"Arkansas","Dallas County",5,11,76,48,28
050,05,039,"Arkansas","Dallas County",5,12,79,51,28
050,05,039,"Arkansas","Dallas County",5,13,74,40,34
050,05,039,"Arkansas","Dallas County",5,14,83,44,39
050,05,039,"Arkansas","Dallas County",5,15,89,47,42
050,05,039,"Arkansas","Dallas County",5,16,69,34,35
050,05,039,"Arkansas","Dallas County",5,17,74,38,36
050,05,039,"Arkansas","Dallas County",5,18,63,32,31
050,05,039,"Arkansas","Dallas County",5,19,63,33,30
050,05,039,"Arkansas","Dallas County",5,20,52,26,26
050,05,039,"Arkansas","Dallas County",5,21,61,40,21
050,05,039,"Arkansas","Dallas County",5,22,60,30,30
050,05,039,"Arkansas","Dallas County",5,23,71,33,38
050,05,039,"Arkansas","Dallas County",5,24,56,26,30
050,05,039,"Arkansas","Dallas County",5,25,62,29,33
050,05,039,"Arkansas","Dallas County",5,26,69,32,37
050,05,039,"Arkansas","Dallas County",5,27,44,24,20
050,05,039,"Arkansas","Dallas County",5,28,46,23,23
050,05,039,"Arkansas","Dallas County",5,29,60,28,32
050,05,039,"Arkansas","Dallas County",5,30,54,27,27
050,05,039,"Arkansas","Dallas County",5,31,71,29,42
050,05,039,"Arkansas","Dallas County",5,32,85,41,44
050,05,039,"Arkansas","Dallas County",5,33,69,39,30
050,05,039,"Arkansas","Dallas County",5,34,73,42,31
050,05,039,"Arkansas","Dallas County",5,35,60,36,24
050,05,039,"Arkansas","Dallas County",5,36,72,34,38
050,05,039,"Arkansas","Dallas County",5,37,74,37,37
050,05,039,"Arkansas","Dallas County",5,38,70,31,39
050,05,039,"Arkansas","Dallas County",5,39,65,32,33
050,05,039,"Arkansas","Dallas County",5,40,69,38,31
050,05,039,"Arkansas","Dallas County",5,41,71,38,33
050,05,039,"Arkansas","Dallas County",5,42,69,34,35
050,05,039,"Arkansas","Dallas County",5,43,79,38,41
050,05,039,"Arkansas","Dallas County",5,44,82,36,46
050,05,039,"Arkansas","Dallas County",5,45,67,33,34
050,05,039,"Arkansas","Dallas County",5,46,54,25,29
050,05,039,"Arkansas","Dallas County",5,47,63,29,34
050,05,039,"Arkansas","Dallas County",5,48,74,36,38
050,05,039,"Arkansas","Dallas County",5,49,63,31,32
050,05,039,"Arkansas","Dallas County",5,50,70,46,24
050,05,039,"Arkansas","Dallas County",5,51,69,43,26
050,05,039,"Arkansas","Dallas County",5,52,79,43,36
050,05,039,"Arkansas","Dallas County",5,53,75,35,40
050,05,039,"Arkansas","Dallas County",5,54,78,42,36
050,05,039,"Arkansas","Dallas County",5,55,74,36,38
050,05,039,"Arkansas","Dallas County",5,56,57,31,26
050,05,039,"Arkansas","Dallas County",5,57,89,41,48
050,05,039,"Arkansas","Dallas County",5,58,99,43,56
050,05,039,"Arkansas","Dallas County",5,59,95,42,53
050,05,039,"Arkansas","Dallas County",5,60,93,41,52
050,05,039,"Arkansas","Dallas County",5,61,87,47,40
050,05,039,"Arkansas","Dallas County",5,62,92,43,49
050,05,039,"Arkansas","Dallas County",5,63,97,46,51
050,05,039,"Arkansas","Dallas County",5,64,92,49,43
050,05,039,"Arkansas","Dallas County",5,65,82,44,38
050,05,039,"Arkansas","Dallas County",5,66,81,40,41
050,05,039,"Arkansas","Dallas County",5,67,96,47,49
050,05,039,"Arkansas","Dallas County",5,68,97,52,45
050,05,039,"Arkansas","Dallas County",5,69,120,63,57
050,05,039,"Arkansas","Dallas County",5,70,103,45,58
050,05,039,"Arkansas","Dallas County",5,71,98,50,48
050,05,039,"Arkansas","Dallas County",5,72,83,43,40
050,05,039,"Arkansas","Dallas County",5,73,70,30,40
050,05,039,"Arkansas","Dallas County",5,74,74,34,40
050,05,039,"Arkansas","Dallas County",5,75,66,23,43
050,05,039,"Arkansas","Dallas County",5,76,70,30,40
050,05,039,"Arkansas","Dallas County",5,77,57,23,34
050,05,039,"Arkansas","Dallas County",5,78,57,17,40
050,05,039,"Arkansas","Dallas County",5,79,55,24,31
050,05,039,"Arkansas","Dallas County",5,80,48,16,32
050,05,039,"Arkansas","Dallas County",5,81,46,14,32
050,05,039,"Arkansas","Dallas County",5,82,47,16,31
050,05,039,"Arkansas","Dallas County",5,83,26,11,15
050,05,039,"Arkansas","Dallas County",5,84,24,14,10
050,05,039,"Arkansas","Dallas County",5,85,197,74,123
050,05,041,"Arkansas","Desha County",1,0,141,72,69
050,05,041,"Arkansas","Desha County",1,1,150,76,74
050,05,041,"Arkansas","Desha County",1,2,151,77,74
050,05,041,"Arkansas","Desha County",1,3,151,81,70
050,05,041,"Arkansas","Desha County",1,4,152,91,61
050,05,041,"Arkansas","Desha County",1,5,147,82,65
050,05,041,"Arkansas","Desha County",1,6,151,85,66
050,05,041,"Arkansas","Desha County",1,7,164,86,78
050,05,041,"Arkansas","Desha County",1,8,170,90,80
050,05,041,"Arkansas","Desha County",1,9,166,73,93
050,05,041,"Arkansas","Desha County",1,10,160,71,89
050,05,041,"Arkansas","Desha County",1,11,169,78,91
050,05,041,"Arkansas","Desha County",1,12,182,85,97
050,05,041,"Arkansas","Desha County",1,13,183,91,92
050,05,041,"Arkansas","Desha County",1,14,177,93,84
050,05,041,"Arkansas","Desha County",1,15,167,78,89
050,05,041,"Arkansas","Desha County",1,16,174,79,95
050,05,041,"Arkansas","Desha County",1,17,185,77,108
050,05,041,"Arkansas","Desha County",1,18,159,76,83
050,05,041,"Arkansas","Desha County",1,19,126,61,65
050,05,041,"Arkansas","Desha County",1,20,113,54,59
050,05,041,"Arkansas","Desha County",1,21,120,59,61
050,05,041,"Arkansas","Desha County",1,22,119,58,61
050,05,041,"Arkansas","Desha County",1,23,122,54,68
050,05,041,"Arkansas","Desha County",1,24,116,56,60
050,05,041,"Arkansas","Desha County",1,25,131,56,75
050,05,041,"Arkansas","Desha County",1,26,139,57,82
050,05,041,"Arkansas","Desha County",1,27,125,56,69
050,05,041,"Arkansas","Desha County",1,28,121,57,64
050,05,041,"Arkansas","Desha County",1,29,132,50,82
050,05,041,"Arkansas","Desha County",1,30,127,50,77
050,05,041,"Arkansas","Desha County",1,31,111,55,56
050,05,041,"Arkansas","Desha County",1,32,123,62,61
050,05,041,"Arkansas","Desha County",1,33,134,64,70
050,05,041,"Arkansas","Desha County",1,34,122,58,64
050,05,041,"Arkansas","Desha County",1,35,128,56,72
050,05,041,"Arkansas","Desha County",1,36,136,65,71
050,05,041,"Arkansas","Desha County",1,37,130,57,73
050,05,041,"Arkansas","Desha County",1,38,132,58,74
050,05,041,"Arkansas","Desha County",1,39,128,51,77
050,05,041,"Arkansas","Desha County",1,40,144,64,80
050,05,041,"Arkansas","Desha County",1,41,120,52,68
050,05,041,"Arkansas","Desha County",1,42,117,63,54
050,05,041,"Arkansas","Desha County",1,43,121,53,68
050,05,041,"Arkansas","Desha County",1,44,110,57,53
050,05,041,"Arkansas","Desha County",1,45,121,64,57
050,05,041,"Arkansas","Desha County",1,46,130,63,67
050,05,041,"Arkansas","Desha County",1,47,121,67,54
050,05,041,"Arkansas","Desha County",1,48,120,59,61
050,05,041,"Arkansas","Desha County",1,49,132,52,80
050,05,041,"Arkansas","Desha County",1,50,126,59,67
050,05,041,"Arkansas","Desha County",1,51,117,55,62
050,05,041,"Arkansas","Desha County",1,52,119,53,66
050,05,041,"Arkansas","Desha County",1,53,116,56,60
050,05,041,"Arkansas","Desha County",1,54,131,56,75
050,05,041,"Arkansas","Desha County",1,55,156,66,90
050,05,041,"Arkansas","Desha County",1,56,145,65,80
050,05,041,"Arkansas","Desha County",1,57,143,68,75
050,05,041,"Arkansas","Desha County",1,58,173,75,98
050,05,041,"Arkansas","Desha County",1,59,165,72,93
050,05,041,"Arkansas","Desha County",1,60,175,84,91
050,05,041,"Arkansas","Desha County",1,61,185,92,93
050,05,041,"Arkansas","Desha County",1,62,185,91,94
050,05,041,"Arkansas","Desha County",1,63,174,87,87
050,05,041,"Arkansas","Desha County",1,64,160,74,86
050,05,041,"Arkansas","Desha County",1,65,158,81,77
050,05,041,"Arkansas","Desha County",1,66,152,76,76
050,05,041,"Arkansas","Desha County",1,67,146,75,71
050,05,041,"Arkansas","Desha County",1,68,147,74,73
050,05,041,"Arkansas","Desha County",1,69,129,52,77
050,05,041,"Arkansas","Desha County",1,70,134,53,81
050,05,041,"Arkansas","Desha County",1,71,119,50,69
050,05,041,"Arkansas","Desha County",1,72,113,48,65
050,05,041,"Arkansas","Desha County",1,73,120,55,65
050,05,041,"Arkansas","Desha County",1,74,91,47,44
050,05,041,"Arkansas","Desha County",1,75,85,46,39
050,05,041,"Arkansas","Desha County",1,76,90,39,51
050,05,041,"Arkansas","Desha County",1,77,92,44,48
050,05,041,"Arkansas","Desha County",1,78,73,30,43
050,05,041,"Arkansas","Desha County",1,79,63,23,40
050,05,041,"Arkansas","Desha County",1,80,68,29,39
050,05,041,"Arkansas","Desha County",1,81,57,24,33
050,05,041,"Arkansas","Desha County",1,82,52,22,30
050,05,041,"Arkansas","Desha County",1,83,46,23,23
050,05,041,"Arkansas","Desha County",1,84,37,20,17
050,05,041,"Arkansas","Desha County",1,85,186,53,133
050,05,041,"Arkansas","Desha County",2,0,134,68,66
050,05,041,"Arkansas","Desha County",2,1,149,75,74
050,05,041,"Arkansas","Desha County",2,2,148,75,73
050,05,041,"Arkansas","Desha County",2,3,148,79,69
050,05,041,"Arkansas","Desha County",2,4,152,89,63
050,05,041,"Arkansas","Desha County",2,5,150,83,67
050,05,041,"Arkansas","Desha County",2,6,149,84,65
050,05,041,"Arkansas","Desha County",2,7,160,85,75
050,05,041,"Arkansas","Desha County",2,8,168,89,79
050,05,041,"Arkansas","Desha County",2,9,164,75,89
050,05,041,"Arkansas","Desha County",2,10,162,72,90
050,05,041,"Arkansas","Desha County",2,11,168,78,90
050,05,041,"Arkansas","Desha County",2,12,179,84,95
050,05,041,"Arkansas","Desha County",2,13,180,89,91
050,05,041,"Arkansas","Desha County",2,14,175,91,84
050,05,041,"Arkansas","Desha County",2,15,168,81,87
050,05,041,"Arkansas","Desha County",2,16,173,79,94
050,05,041,"Arkansas","Desha County",2,17,181,76,105
050,05,041,"Arkansas","Desha County",2,18,156,72,84
050,05,041,"Arkansas","Desha County",2,19,125,59,66
050,05,041,"Arkansas","Desha County",2,20,117,55,62
050,05,041,"Arkansas","Desha County",2,21,117,58,59
050,05,041,"Arkansas","Desha County",2,22,119,58,61
050,05,041,"Arkansas","Desha County",2,23,121,55,66
050,05,041,"Arkansas","Desha County",2,24,116,55,61
050,05,041,"Arkansas","Desha County",2,25,129,57,72
050,05,041,"Arkansas","Desha County",2,26,138,57,81
050,05,041,"Arkansas","Desha County",2,27,126,55,71
050,05,041,"Arkansas","Desha County",2,28,121,55,66
050,05,041,"Arkansas","Desha County",2,29,129,51,78
050,05,041,"Arkansas","Desha County",2,30,127,49,78
050,05,041,"Arkansas","Desha County",2,31,113,53,60
050,05,041,"Arkansas","Desha County",2,32,118,60,58
050,05,041,"Arkansas","Desha County",2,33,129,62,67
050,05,041,"Arkansas","Desha County",2,34,123,58,65
050,05,041,"Arkansas","Desha County",2,35,130,58,72
050,05,041,"Arkansas","Desha County",2,36,131,61,70
050,05,041,"Arkansas","Desha County",2,37,133,60,73
050,05,041,"Arkansas","Desha County",2,38,132,57,75
050,05,041,"Arkansas","Desha County",2,39,129,52,77
050,05,041,"Arkansas","Desha County",2,40,140,60,80
050,05,041,"Arkansas","Desha County",2,41,125,54,71
050,05,041,"Arkansas","Desha County",2,42,116,59,57
050,05,041,"Arkansas","Desha County",2,43,120,55,65
050,05,041,"Arkansas","Desha County",2,44,110,55,55
050,05,041,"Arkansas","Desha County",2,45,120,63,57
050,05,041,"Arkansas","Desha County",2,46,126,63,63
050,05,041,"Arkansas","Desha County",2,47,124,66,58
050,05,041,"Arkansas","Desha County",2,48,119,60,59
050,05,041,"Arkansas","Desha County",2,49,128,54,74
050,05,041,"Arkansas","Desha County",2,50,128,57,71
050,05,041,"Arkansas","Desha County",2,51,119,55,64
050,05,041,"Arkansas","Desha County",2,52,117,53,64
050,05,041,"Arkansas","Desha County",2,53,115,54,61
050,05,041,"Arkansas","Desha County",2,54,123,53,70
050,05,041,"Arkansas","Desha County",2,55,149,64,85
050,05,041,"Arkansas","Desha County",2,56,145,63,82
050,05,041,"Arkansas","Desha County",2,57,144,66,78
050,05,041,"Arkansas","Desha County",2,58,165,74,91
050,05,041,"Arkansas","Desha County",2,59,166,73,93
050,05,041,"Arkansas","Desha County",2,60,175,83,92
050,05,041,"Arkansas","Desha County",2,61,182,90,92
050,05,041,"Arkansas","Desha County",2,62,184,91,93
050,05,041,"Arkansas","Desha County",2,63,177,87,90
050,05,041,"Arkansas","Desha County",2,64,162,76,86
050,05,041,"Arkansas","Desha County",2,65,157,78,79
050,05,041,"Arkansas","Desha County",2,66,151,77,74
050,05,041,"Arkansas","Desha County",2,67,145,74,71
050,05,041,"Arkansas","Desha County",2,68,145,74,71
050,05,041,"Arkansas","Desha County",2,69,134,58,76
050,05,041,"Arkansas","Desha County",2,70,130,51,79
050,05,041,"Arkansas","Desha County",2,71,122,50,72
050,05,041,"Arkansas","Desha County",2,72,113,48,65
050,05,041,"Arkansas","Desha County",2,73,120,53,67
050,05,041,"Arkansas","Desha County",2,74,93,46,47
050,05,041,"Arkansas","Desha County",2,75,85,45,40
050,05,041,"Arkansas","Desha County",2,76,88,41,47
050,05,041,"Arkansas","Desha County",2,77,91,42,49
050,05,041,"Arkansas","Desha County",2,78,74,31,43
050,05,041,"Arkansas","Desha County",2,79,64,24,40
050,05,041,"Arkansas","Desha County",2,80,66,27,39
050,05,041,"Arkansas","Desha County",2,81,55,25,30
050,05,041,"Arkansas","Desha County",2,82,53,22,31
050,05,041,"Arkansas","Desha County",2,83,46,22,24
050,05,041,"Arkansas","Desha County",2,84,39,21,18
050,05,041,"Arkansas","Desha County",2,85,187,56,131
050,05,041,"Arkansas","Desha County",3,0,115,57,58
050,05,041,"Arkansas","Desha County",3,1,122,67,55
050,05,041,"Arkansas","Desha County",3,2,140,73,67
050,05,041,"Arkansas","Desha County",3,3,144,71,73
050,05,041,"Arkansas","Desha County",3,4,137,71,66
050,05,041,"Arkansas","Desha County",3,5,153,88,65
050,05,041,"Arkansas","Desha County",3,6,145,82,63
050,05,041,"Arkansas","Desha County",3,7,147,79,68
050,05,041,"Arkansas","Desha County",3,8,151,77,74
050,05,041,"Arkansas","Desha County",3,9,167,91,76
050,05,041,"Arkansas","Desha County",3,10,154,76,78
050,05,041,"Arkansas","Desha County",3,11,165,72,93
050,05,041,"Arkansas","Desha County",3,12,175,84,91
050,05,041,"Arkansas","Desha County",3,13,181,82,99
050,05,041,"Arkansas","Desha County",3,14,189,90,99
050,05,041,"Arkansas","Desha County",3,15,168,84,84
050,05,041,"Arkansas","Desha County",3,16,167,82,85
050,05,041,"Arkansas","Desha County",3,17,167,79,88
050,05,041,"Arkansas","Desha County",3,18,149,68,81
050,05,041,"Arkansas","Desha County",3,19,127,61,66
050,05,041,"Arkansas","Desha County",3,20,123,57,66
050,05,041,"Arkansas","Desha County",3,21,122,57,65
050,05,041,"Arkansas","Desha County",3,22,111,56,55
050,05,041,"Arkansas","Desha County",3,23,119,56,63
050,05,041,"Arkansas","Desha County",3,24,112,51,61
050,05,041,"Arkansas","Desha County",3,25,103,43,60
050,05,041,"Arkansas","Desha County",3,26,116,52,64
050,05,041,"Arkansas","Desha County",3,27,133,52,81
050,05,041,"Arkansas","Desha County",3,28,129,52,77
050,05,041,"Arkansas","Desha County",3,29,120,52,68
050,05,041,"Arkansas","Desha County",3,30,119,41,78
050,05,041,"Arkansas","Desha County",3,31,128,50,78
050,05,041,"Arkansas","Desha County",3,32,118,55,63
050,05,041,"Arkansas","Desha County",3,33,119,58,61
050,05,041,"Arkansas","Desha County",3,34,124,54,70
050,05,041,"Arkansas","Desha County",3,35,120,59,61
050,05,041,"Arkansas","Desha County",3,36,128,56,72
050,05,041,"Arkansas","Desha County",3,37,128,60,68
050,05,041,"Arkansas","Desha County",3,38,126,56,70
050,05,041,"Arkansas","Desha County",3,39,123,54,69
050,05,041,"Arkansas","Desha County",3,40,121,48,73
050,05,041,"Arkansas","Desha County",3,41,137,60,77
050,05,041,"Arkansas","Desha County",3,42,132,56,76
050,05,041,"Arkansas","Desha County",3,43,107,54,53
050,05,041,"Arkansas","Desha County",3,44,121,55,66
050,05,041,"Arkansas","Desha County",3,45,113,58,55
050,05,041,"Arkansas","Desha County",3,46,115,60,55
050,05,041,"Arkansas","Desha County",3,47,122,63,59
050,05,041,"Arkansas","Desha County",3,48,120,65,55
050,05,041,"Arkansas","Desha County",3,49,119,58,61
050,05,041,"Arkansas","Desha County",3,50,122,51,71
050,05,041,"Arkansas","Desha County",3,51,125,53,72
050,05,041,"Arkansas","Desha County",3,52,112,50,62
050,05,041,"Arkansas","Desha County",3,53,118,56,62
050,05,041,"Arkansas","Desha County",3,54,115,56,59
050,05,041,"Arkansas","Desha County",3,55,132,58,74
050,05,041,"Arkansas","Desha County",3,56,153,69,84
050,05,041,"Arkansas","Desha County",3,57,139,59,80
050,05,041,"Arkansas","Desha County",3,58,142,68,74
050,05,041,"Arkansas","Desha County",3,59,166,75,91
050,05,041,"Arkansas","Desha County",3,60,158,70,88
050,05,041,"Arkansas","Desha County",3,61,174,79,95
050,05,041,"Arkansas","Desha County",3,62,175,85,90
050,05,041,"Arkansas","Desha County",3,63,181,88,93
050,05,041,"Arkansas","Desha County",3,64,170,82,88
050,05,041,"Arkansas","Desha County",3,65,151,71,80
050,05,041,"Arkansas","Desha County",3,66,160,80,80
050,05,041,"Arkansas","Desha County",3,67,146,75,71
050,05,041,"Arkansas","Desha County",3,68,142,70,72
050,05,041,"Arkansas","Desha County",3,69,140,70,70
050,05,041,"Arkansas","Desha County",3,70,128,56,72
050,05,041,"Arkansas","Desha County",3,71,125,50,75
050,05,041,"Arkansas","Desha County",3,72,113,45,68
050,05,041,"Arkansas","Desha County",3,73,109,46,63
050,05,041,"Arkansas","Desha County",3,74,117,49,68
050,05,041,"Arkansas","Desha County",3,75,89,45,44
050,05,041,"Arkansas","Desha County",3,76,79,43,36
050,05,041,"Arkansas","Desha County",3,77,81,36,45
050,05,041,"Arkansas","Desha County",3,78,91,42,49
050,05,041,"Arkansas","Desha County",3,79,67,27,40
050,05,041,"Arkansas","Desha County",3,80,57,21,36
050,05,041,"Arkansas","Desha County",3,81,60,26,34
050,05,041,"Arkansas","Desha County",3,82,49,23,26
050,05,041,"Arkansas","Desha County",3,83,48,19,29
050,05,041,"Arkansas","Desha County",3,84,42,17,25
050,05,041,"Arkansas","Desha County",3,85,181,63,118
050,05,041,"Arkansas","Desha County",4,0,111,60,51
050,05,041,"Arkansas","Desha County",4,1,127,67,60
050,05,041,"Arkansas","Desha County",4,2,121,66,55
050,05,041,"Arkansas","Desha County",4,3,136,71,65
050,05,041,"Arkansas","Desha County",4,4,147,78,69
050,05,041,"Arkansas","Desha County",4,5,132,61,71
050,05,041,"Arkansas","Desha County",4,6,153,92,61
050,05,041,"Arkansas","Desha County",4,7,142,80,62
050,05,041,"Arkansas","Desha County",4,8,152,79,73
050,05,041,"Arkansas","Desha County",4,9,145,74,71
050,05,041,"Arkansas","Desha County",4,10,160,80,80
050,05,041,"Arkansas","Desha County",4,11,163,82,81
050,05,041,"Arkansas","Desha County",4,12,158,70,88
050,05,041,"Arkansas","Desha County",4,13,162,80,82
050,05,041,"Arkansas","Desha County",4,14,177,82,95
050,05,041,"Arkansas","Desha County",4,15,190,89,101
050,05,041,"Arkansas","Desha County",4,16,166,82,84
050,05,041,"Arkansas","Desha County",4,17,158,78,80
050,05,041,"Arkansas","Desha County",4,18,135,68,67
050,05,041,"Arkansas","Desha County",4,19,113,53,60
050,05,041,"Arkansas","Desha County",4,20,117,58,59
050,05,041,"Arkansas","Desha County",4,21,126,56,70
050,05,041,"Arkansas","Desha County",4,22,123,56,67
050,05,041,"Arkansas","Desha County",4,23,119,61,58
050,05,041,"Arkansas","Desha County",4,24,114,60,54
050,05,041,"Arkansas","Desha County",4,25,118,57,61
050,05,041,"Arkansas","Desha County",4,26,109,48,61
050,05,041,"Arkansas","Desha County",4,27,112,52,60
050,05,041,"Arkansas","Desha County",4,28,130,52,78
050,05,041,"Arkansas","Desha County",4,29,127,51,76
050,05,041,"Arkansas","Desha County",4,30,122,53,69
050,05,041,"Arkansas","Desha County",4,31,115,40,75
050,05,041,"Arkansas","Desha County",4,32,118,47,71
050,05,041,"Arkansas","Desha County",4,33,115,54,61
050,05,041,"Arkansas","Desha County",4,34,114,57,57
050,05,041,"Arkansas","Desha County",4,35,116,48,68
050,05,041,"Arkansas","Desha County",4,36,110,61,49
050,05,041,"Arkansas","Desha County",4,37,124,59,65
050,05,041,"Arkansas","Desha County",4,38,130,64,66
050,05,041,"Arkansas","Desha County",4,39,119,51,68
050,05,041,"Arkansas","Desha County",4,40,115,50,65
050,05,041,"Arkansas","Desha County",4,41,122,49,73
050,05,041,"Arkansas","Desha County",4,42,133,59,74
050,05,041,"Arkansas","Desha County",4,43,129,59,70
050,05,041,"Arkansas","Desha County",4,44,108,53,55
050,05,041,"Arkansas","Desha County",4,45,126,59,67
050,05,041,"Arkansas","Desha County",4,46,111,57,54
050,05,041,"Arkansas","Desha County",4,47,117,58,59
050,05,041,"Arkansas","Desha County",4,48,115,62,53
050,05,041,"Arkansas","Desha County",4,49,118,65,53
050,05,041,"Arkansas","Desha County",4,50,115,57,58
050,05,041,"Arkansas","Desha County",4,51,119,49,70
050,05,041,"Arkansas","Desha County",4,52,118,50,68
050,05,041,"Arkansas","Desha County",4,53,110,47,63
050,05,041,"Arkansas","Desha County",4,54,113,54,59
050,05,041,"Arkansas","Desha County",4,55,108,49,59
050,05,041,"Arkansas","Desha County",4,56,126,55,71
050,05,041,"Arkansas","Desha County",4,57,145,64,81
050,05,041,"Arkansas","Desha County",4,58,142,57,85
050,05,041,"Arkansas","Desha County",4,59,139,70,69
050,05,041,"Arkansas","Desha County",4,60,157,71,86
050,05,041,"Arkansas","Desha County",4,61,156,71,85
050,05,041,"Arkansas","Desha County",4,62,163,75,88
050,05,041,"Arkansas","Desha County",4,63,175,85,90
050,05,041,"Arkansas","Desha County",4,64,176,85,91
050,05,041,"Arkansas","Desha County",4,65,165,79,86
050,05,041,"Arkansas","Desha County",4,66,147,69,78
050,05,041,"Arkansas","Desha County",4,67,151,76,75
050,05,041,"Arkansas","Desha County",4,68,141,71,70
050,05,041,"Arkansas","Desha County",4,69,131,61,70
050,05,041,"Arkansas","Desha County",4,70,131,69,62
050,05,041,"Arkansas","Desha County",4,71,124,56,68
050,05,041,"Arkansas","Desha County",4,72,122,49,73
050,05,041,"Arkansas","Desha County",4,73,109,43,66
050,05,041,"Arkansas","Desha County",4,74,103,44,59
050,05,041,"Arkansas","Desha County",4,75,111,48,63
050,05,041,"Arkansas","Desha County",4,76,81,41,40
050,05,041,"Arkansas","Desha County",4,77,75,40,35
050,05,041,"Arkansas","Desha County",4,78,82,37,45
050,05,041,"Arkansas","Desha County",4,79,82,37,45
050,05,041,"Arkansas","Desha County",4,80,57,20,37
050,05,041,"Arkansas","Desha County",4,81,52,20,32
050,05,041,"Arkansas","Desha County",4,82,54,24,30
050,05,041,"Arkansas","Desha County",4,83,36,12,24
050,05,041,"Arkansas","Desha County",4,84,43,17,26
050,05,041,"Arkansas","Desha County",4,85,179,69,110
050,05,041,"Arkansas","Desha County",5,0,113,61,52
050,05,041,"Arkansas","Desha County",5,1,110,65,45
050,05,041,"Arkansas","Desha County",5,2,127,66,61
050,05,041,"Arkansas","Desha County",5,3,118,63,55
050,05,041,"Arkansas","Desha County",5,4,133,62,71
050,05,041,"Arkansas","Desha County",5,5,144,70,74
050,05,041,"Arkansas","Desha County",5,6,116,57,59
050,05,041,"Arkansas","Desha County",5,7,147,88,59
050,05,041,"Arkansas","Desha County",5,8,134,76,58
050,05,041,"Arkansas","Desha County",5,9,143,77,66
050,05,041,"Arkansas","Desha County",5,10,140,70,70
050,05,041,"Arkansas","Desha County",5,11,157,82,75
050,05,041,"Arkansas","Desha County",5,12,164,82,82
050,05,041,"Arkansas","Desha County",5,13,151,68,83
050,05,041,"Arkansas","Desha County",5,14,158,73,85
050,05,041,"Arkansas","Desha County",5,15,180,84,96
050,05,041,"Arkansas","Desha County",5,16,180,85,95
050,05,041,"Arkansas","Desha County",5,17,155,76,79
050,05,041,"Arkansas","Desha County",5,18,127,63,64
050,05,041,"Arkansas","Desha County",5,19,113,54,59
050,05,041,"Arkansas","Desha County",5,20,123,59,64
050,05,041,"Arkansas","Desha County",5,21,120,58,62
050,05,041,"Arkansas","Desha County",5,22,128,57,71
050,05,041,"Arkansas","Desha County",5,23,112,51,61
050,05,041,"Arkansas","Desha County",5,24,115,56,59
050,05,041,"Arkansas","Desha County",5,25,102,49,53
050,05,041,"Arkansas","Desha County",5,26,121,56,65
050,05,041,"Arkansas","Desha County",5,27,106,47,59
050,05,041,"Arkansas","Desha County",5,28,117,57,60
050,05,041,"Arkansas","Desha County",5,29,121,51,70
050,05,041,"Arkansas","Desha County",5,30,120,46,74
050,05,041,"Arkansas","Desha County",5,31,125,60,65
050,05,041,"Arkansas","Desha County",5,32,119,48,71
050,05,041,"Arkansas","Desha County",5,33,114,49,65
050,05,041,"Arkansas","Desha County",5,34,119,54,65
050,05,041,"Arkansas","Desha County",5,35,113,55,58
050,05,041,"Arkansas","Desha County",5,36,116,50,66
050,05,041,"Arkansas","Desha County",5,37,116,62,54
050,05,041,"Arkansas","Desha County",5,38,114,52,62
050,05,041,"Arkansas","Desha County",5,39,122,61,61
050,05,041,"Arkansas","Desha County",5,40,109,46,63
050,05,041,"Arkansas","Desha County",5,41,111,49,62
050,05,041,"Arkansas","Desha County",5,42,120,47,73
050,05,041,"Arkansas","Desha County",5,43,130,57,73
050,05,041,"Arkansas","Desha County",5,44,119,58,61
050,05,041,"Arkansas","Desha County",5,45,109,55,54
050,05,041,"Arkansas","Desha County",5,46,125,61,64
050,05,041,"Arkansas","Desha County",5,47,114,62,52
050,05,041,"Arkansas","Desha County",5,48,116,60,56
050,05,041,"Arkansas","Desha County",5,49,116,63,53
050,05,041,"Arkansas","Desha County",5,50,108,61,47
050,05,041,"Arkansas","Desha County",5,51,119,58,61
050,05,041,"Arkansas","Desha County",5,52,114,43,71
050,05,041,"Arkansas","Desha County",5,53,118,51,67
050,05,041,"Arkansas","Desha County",5,54,102,41,61
050,05,041,"Arkansas","Desha County",5,55,107,47,60
050,05,041,"Arkansas","Desha County",5,56,109,49,60
050,05,041,"Arkansas","Desha County",5,57,122,50,72
050,05,041,"Arkansas","Desha County",5,58,140,59,81
050,05,041,"Arkansas","Desha County",5,59,138,55,83
050,05,041,"Arkansas","Desha County",5,60,130,67,63
050,05,041,"Arkansas","Desha County",5,61,155,69,86
050,05,041,"Arkansas","Desha County",5,62,150,67,83
050,05,041,"Arkansas","Desha County",5,63,160,73,87
050,05,041,"Arkansas","Desha County",5,64,170,82,88
050,05,041,"Arkansas","Desha County",5,65,165,80,85
050,05,041,"Arkansas","Desha County",5,66,163,76,87
050,05,041,"Arkansas","Desha County",5,67,139,64,75
050,05,041,"Arkansas","Desha County",5,68,150,75,75
050,05,041,"Arkansas","Desha County",5,69,133,63,70
050,05,041,"Arkansas","Desha County",5,70,129,62,67
050,05,041,"Arkansas","Desha County",5,71,126,68,58
050,05,041,"Arkansas","Desha County",5,72,119,52,67
050,05,041,"Arkansas","Desha County",5,73,119,46,73
050,05,041,"Arkansas","Desha County",5,74,106,41,65
050,05,041,"Arkansas","Desha County",5,75,99,43,56
050,05,041,"Arkansas","Desha County",5,76,103,44,59
050,05,041,"Arkansas","Desha County",5,77,77,39,38
050,05,041,"Arkansas","Desha County",5,78,75,40,35
050,05,041,"Arkansas","Desha County",5,79,77,36,41
050,05,041,"Arkansas","Desha County",5,80,73,31,42
050,05,041,"Arkansas","Desha County",5,81,51,18,33
050,05,041,"Arkansas","Desha County",5,82,47,19,28
050,05,041,"Arkansas","Desha County",5,83,47,18,29
050,05,041,"Arkansas","Desha County",5,84,32,10,22
050,05,041,"Arkansas","Desha County",5,85,185,74,111
050,05,043,"Arkansas","Drew County",1,0,235,123,112
050,05,043,"Arkansas","Drew County",1,1,215,121,94
050,05,043,"Arkansas","Drew County",1,2,214,115,99
050,05,043,"Arkansas","Drew County",1,3,225,123,102
050,05,043,"Arkansas","Drew County",1,4,218,122,96
050,05,043,"Arkansas","Drew County",1,5,210,122,88
050,05,043,"Arkansas","Drew County",1,6,203,118,85
050,05,043,"Arkansas","Drew County",1,7,205,116,89
050,05,043,"Arkansas","Drew County",1,8,214,109,105
050,05,043,"Arkansas","Drew County",1,9,192,93,99
050,05,043,"Arkansas","Drew County",1,10,202,101,101
050,05,043,"Arkansas","Drew County",1,11,218,105,113
050,05,043,"Arkansas","Drew County",1,12,230,114,116
050,05,043,"Arkansas","Drew County",1,13,230,120,110
050,05,043,"Arkansas","Drew County",1,14,202,99,103
050,05,043,"Arkansas","Drew County",1,15,210,98,112
050,05,043,"Arkansas","Drew County",1,16,224,118,106
050,05,043,"Arkansas","Drew County",1,17,219,120,99
050,05,043,"Arkansas","Drew County",1,18,274,130,144
050,05,043,"Arkansas","Drew County",1,19,317,168,149
050,05,043,"Arkansas","Drew County",1,20,328,181,147
050,05,043,"Arkansas","Drew County",1,21,372,190,182
050,05,043,"Arkansas","Drew County",1,22,370,208,162
050,05,043,"Arkansas","Drew County",1,23,306,134,172
050,05,043,"Arkansas","Drew County",1,24,231,109,122
050,05,043,"Arkansas","Drew County",1,25,243,130,113
050,05,043,"Arkansas","Drew County",1,26,233,117,116
050,05,043,"Arkansas","Drew County",1,27,217,106,111
050,05,043,"Arkansas","Drew County",1,28,219,102,117
050,05,043,"Arkansas","Drew County",1,29,231,105,126
050,05,043,"Arkansas","Drew County",1,30,201,97,104
050,05,043,"Arkansas","Drew County",1,31,199,93,106
050,05,043,"Arkansas","Drew County",1,32,173,81,92
050,05,043,"Arkansas","Drew County",1,33,191,94,97
050,05,043,"Arkansas","Drew County",1,34,199,104,95
050,05,043,"Arkansas","Drew County",1,35,198,93,105
050,05,043,"Arkansas","Drew County",1,36,193,102,91
050,05,043,"Arkansas","Drew County",1,37,209,109,100
050,05,043,"Arkansas","Drew County",1,38,208,106,102
050,05,043,"Arkansas","Drew County",1,39,207,97,110
050,05,043,"Arkansas","Drew County",1,40,196,93,103
050,05,043,"Arkansas","Drew County",1,41,181,94,87
050,05,043,"Arkansas","Drew County",1,42,192,101,91
050,05,043,"Arkansas","Drew County",1,43,202,93,109
050,05,043,"Arkansas","Drew County",1,44,181,82,99
050,05,043,"Arkansas","Drew County",1,45,173,81,92
050,05,043,"Arkansas","Drew County",1,46,169,78,91
050,05,043,"Arkansas","Drew County",1,47,185,87,98
050,05,043,"Arkansas","Drew County",1,48,178,82,96
050,05,043,"Arkansas","Drew County",1,49,224,105,119
050,05,043,"Arkansas","Drew County",1,50,196,88,108
050,05,043,"Arkansas","Drew County",1,51,192,86,106
050,05,043,"Arkansas","Drew County",1,52,191,93,98
050,05,043,"Arkansas","Drew County",1,53,184,86,98
050,05,043,"Arkansas","Drew County",1,54,207,103,104
050,05,043,"Arkansas","Drew County",1,55,219,104,115
050,05,043,"Arkansas","Drew County",1,56,241,115,126
050,05,043,"Arkansas","Drew County",1,57,241,109,132
050,05,043,"Arkansas","Drew County",1,58,249,117,132
050,05,043,"Arkansas","Drew County",1,59,244,120,124
050,05,043,"Arkansas","Drew County",1,60,225,106,119
050,05,043,"Arkansas","Drew County",1,61,221,112,109
050,05,043,"Arkansas","Drew County",1,62,216,114,102
050,05,043,"Arkansas","Drew County",1,63,199,111,88
050,05,043,"Arkansas","Drew County",1,64,203,105,98
050,05,043,"Arkansas","Drew County",1,65,193,103,90
050,05,043,"Arkansas","Drew County",1,66,218,111,107
050,05,043,"Arkansas","Drew County",1,67,195,90,105
050,05,043,"Arkansas","Drew County",1,68,195,78,117
050,05,043,"Arkansas","Drew County",1,69,167,78,89
050,05,043,"Arkansas","Drew County",1,70,160,76,84
050,05,043,"Arkansas","Drew County",1,71,163,75,88
050,05,043,"Arkansas","Drew County",1,72,151,69,82
050,05,043,"Arkansas","Drew County",1,73,155,78,77
050,05,043,"Arkansas","Drew County",1,74,119,54,65
050,05,043,"Arkansas","Drew County",1,75,121,56,65
050,05,043,"Arkansas","Drew County",1,76,127,57,70
050,05,043,"Arkansas","Drew County",1,77,125,51,74
050,05,043,"Arkansas","Drew County",1,78,106,47,59
050,05,043,"Arkansas","Drew County",1,79,89,33,56
050,05,043,"Arkansas","Drew County",1,80,82,34,48
050,05,043,"Arkansas","Drew County",1,81,88,33,55
050,05,043,"Arkansas","Drew County",1,82,72,26,46
050,05,043,"Arkansas","Drew County",1,83,78,31,47
050,05,043,"Arkansas","Drew County",1,84,78,32,46
050,05,043,"Arkansas","Drew County",1,85,369,133,236
050,05,043,"Arkansas","Drew County",2,0,238,124,114
050,05,043,"Arkansas","Drew County",2,1,213,118,95
050,05,043,"Arkansas","Drew County",2,2,215,118,97
050,05,043,"Arkansas","Drew County",2,3,222,120,102
050,05,043,"Arkansas","Drew County",2,4,223,124,99
050,05,043,"Arkansas","Drew County",2,5,210,121,89
050,05,043,"Arkansas","Drew County",2,6,202,118,84
050,05,043,"Arkansas","Drew County",2,7,204,115,89
050,05,043,"Arkansas","Drew County",2,8,210,109,101
050,05,043,"Arkansas","Drew County",2,9,194,96,98
050,05,043,"Arkansas","Drew County",2,10,201,99,102
050,05,043,"Arkansas","Drew County",2,11,213,103,110
050,05,043,"Arkansas","Drew County",2,12,227,113,114
050,05,043,"Arkansas","Drew County",2,13,226,116,110
050,05,043,"Arkansas","Drew County",2,14,207,102,105
050,05,043,"Arkansas","Drew County",2,15,208,97,111
050,05,043,"Arkansas","Drew County",2,16,221,114,107
050,05,043,"Arkansas","Drew County",2,17,220,120,100
050,05,043,"Arkansas","Drew County",2,18,275,133,142
050,05,043,"Arkansas","Drew County",2,19,313,164,149
050,05,043,"Arkansas","Drew County",2,20,332,182,150
050,05,043,"Arkansas","Drew County",2,21,375,196,179
050,05,043,"Arkansas","Drew County",2,22,363,203,160
050,05,043,"Arkansas","Drew County",2,23,300,133,167
050,05,043,"Arkansas","Drew County",2,24,240,111,129
050,05,043,"Arkansas","Drew County",2,25,240,127,113
050,05,043,"Arkansas","Drew County",2,26,226,113,113
050,05,043,"Arkansas","Drew County",2,27,215,105,110
050,05,043,"Arkansas","Drew County",2,28,217,101,116
050,05,043,"Arkansas","Drew County",2,29,229,104,125
050,05,043,"Arkansas","Drew County",2,30,210,100,110
050,05,043,"Arkansas","Drew County",2,31,197,94,103
050,05,043,"Arkansas","Drew County",2,32,178,84,94
050,05,043,"Arkansas","Drew County",2,33,188,92,96
050,05,043,"Arkansas","Drew County",2,34,196,100,96
050,05,043,"Arkansas","Drew County",2,35,197,96,101
050,05,043,"Arkansas","Drew County",2,36,193,99,94
050,05,043,"Arkansas","Drew County",2,37,205,108,97
050,05,043,"Arkansas","Drew County",2,38,208,107,101
050,05,043,"Arkansas","Drew County",2,39,206,98,108
050,05,043,"Arkansas","Drew County",2,40,199,94,105
050,05,043,"Arkansas","Drew County",2,41,184,93,91
050,05,043,"Arkansas","Drew County",2,42,189,100,89
050,05,043,"Arkansas","Drew County",2,43,201,95,106
050,05,043,"Arkansas","Drew County",2,44,182,82,100
050,05,043,"Arkansas","Drew County",2,45,173,79,94
050,05,043,"Arkansas","Drew County",2,46,170,78,92
050,05,043,"Arkansas","Drew County",2,47,182,85,97
050,05,043,"Arkansas","Drew County",2,48,181,84,97
050,05,043,"Arkansas","Drew County",2,49,213,100,113
050,05,043,"Arkansas","Drew County",2,50,201,92,109
050,05,043,"Arkansas","Drew County",2,51,191,86,105
050,05,043,"Arkansas","Drew County",2,52,186,89,97
050,05,043,"Arkansas","Drew County",2,53,185,87,98
050,05,043,"Arkansas","Drew County",2,54,203,100,103
050,05,043,"Arkansas","Drew County",2,55,217,104,113
050,05,043,"Arkansas","Drew County",2,56,239,114,125
050,05,043,"Arkansas","Drew County",2,57,241,110,131
050,05,043,"Arkansas","Drew County",2,58,248,116,132
050,05,043,"Arkansas","Drew County",2,59,247,120,127
050,05,043,"Arkansas","Drew County",2,60,230,111,119
050,05,043,"Arkansas","Drew County",2,61,223,111,112
050,05,043,"Arkansas","Drew County",2,62,216,114,102
050,05,043,"Arkansas","Drew County",2,63,204,111,93
050,05,043,"Arkansas","Drew County",2,64,200,107,93
050,05,043,"Arkansas","Drew County",2,65,194,103,91
050,05,043,"Arkansas","Drew County",2,66,206,106,100
050,05,043,"Arkansas","Drew County",2,67,199,94,105
050,05,043,"Arkansas","Drew County",2,68,191,79,112
050,05,043,"Arkansas","Drew County",2,69,171,78,93
050,05,043,"Arkansas","Drew County",2,70,161,76,85
050,05,043,"Arkansas","Drew County",2,71,163,76,87
050,05,043,"Arkansas","Drew County",2,72,153,70,83
050,05,043,"Arkansas","Drew County",2,73,162,79,83
050,05,043,"Arkansas","Drew County",2,74,119,55,64
050,05,043,"Arkansas","Drew County",2,75,118,53,65
050,05,043,"Arkansas","Drew County",2,76,121,54,67
050,05,043,"Arkansas","Drew County",2,77,129,55,74
050,05,043,"Arkansas","Drew County",2,78,104,44,60
050,05,043,"Arkansas","Drew County",2,79,91,36,55
050,05,043,"Arkansas","Drew County",2,80,85,35,50
050,05,043,"Arkansas","Drew County",2,81,88,33,55
050,05,043,"Arkansas","Drew County",2,82,74,26,48
050,05,043,"Arkansas","Drew County",2,83,72,27,45
050,05,043,"Arkansas","Drew County",2,84,78,32,46
050,05,043,"Arkansas","Drew County",2,85,372,140,232
050,05,043,"Arkansas","Drew County",3,0,196,110,86
050,05,043,"Arkansas","Drew County",3,1,233,128,105
050,05,043,"Arkansas","Drew County",3,2,223,120,103
050,05,043,"Arkansas","Drew County",3,3,194,108,86
050,05,043,"Arkansas","Drew County",3,4,210,113,97
050,05,043,"Arkansas","Drew County",3,5,228,130,98
050,05,043,"Arkansas","Drew County",3,6,211,120,91
050,05,043,"Arkansas","Drew County",3,7,197,115,82
050,05,043,"Arkansas","Drew County",3,8,200,113,87
050,05,043,"Arkansas","Drew County",3,9,200,99,101
050,05,043,"Arkansas","Drew County",3,10,202,95,107
050,05,043,"Arkansas","Drew County",3,11,192,94,98
050,05,043,"Arkansas","Drew County",3,12,213,110,103
050,05,043,"Arkansas","Drew County",3,13,228,116,112
050,05,043,"Arkansas","Drew County",3,14,224,111,113
050,05,043,"Arkansas","Drew County",3,15,212,104,108
050,05,043,"Arkansas","Drew County",3,16,207,101,106
050,05,043,"Arkansas","Drew County",3,17,220,118,102
050,05,043,"Arkansas","Drew County",3,18,268,139,129
050,05,043,"Arkansas","Drew County",3,19,294,155,139
050,05,043,"Arkansas","Drew County",3,20,319,170,149
050,05,043,"Arkansas","Drew County",3,21,373,199,174
050,05,043,"Arkansas","Drew County",3,22,351,194,157
050,05,043,"Arkansas","Drew County",3,23,280,125,155
050,05,043,"Arkansas","Drew County",3,24,258,117,141
050,05,043,"Arkansas","Drew County",3,25,216,110,106
050,05,043,"Arkansas","Drew County",3,26,226,108,118
050,05,043,"Arkansas","Drew County",3,27,198,99,99
050,05,043,"Arkansas","Drew County",3,28,203,100,103
050,05,043,"Arkansas","Drew County",3,29,210,99,111
050,05,043,"Arkansas","Drew County",3,30,224,103,121
050,05,043,"Arkansas","Drew County",3,31,212,101,111
050,05,043,"Arkansas","Drew County",3,32,193,90,103
050,05,043,"Arkansas","Drew County",3,33,188,87,101
050,05,043,"Arkansas","Drew County",3,34,186,92,94
050,05,043,"Arkansas","Drew County",3,35,199,101,98
050,05,043,"Arkansas","Drew County",3,36,205,106,99
050,05,043,"Arkansas","Drew County",3,37,195,98,97
050,05,043,"Arkansas","Drew County",3,38,205,104,101
050,05,043,"Arkansas","Drew County",3,39,198,102,96
050,05,043,"Arkansas","Drew County",3,40,201,96,105
050,05,043,"Arkansas","Drew County",3,41,197,92,105
050,05,043,"Arkansas","Drew County",3,42,179,95,84
050,05,043,"Arkansas","Drew County",3,43,180,96,84
050,05,043,"Arkansas","Drew County",3,44,201,95,106
050,05,043,"Arkansas","Drew County",3,45,178,78,100
050,05,043,"Arkansas","Drew County",3,46,171,78,93
050,05,043,"Arkansas","Drew County",3,47,168,79,89
050,05,043,"Arkansas","Drew County",3,48,169,79,90
050,05,043,"Arkansas","Drew County",3,49,183,84,99
050,05,043,"Arkansas","Drew County",3,50,212,99,113
050,05,043,"Arkansas","Drew County",3,51,200,92,108
050,05,043,"Arkansas","Drew County",3,52,180,88,92
050,05,043,"Arkansas","Drew County",3,53,186,84,102
050,05,043,"Arkansas","Drew County",3,54,186,88,98
050,05,043,"Arkansas","Drew County",3,55,205,97,108
050,05,043,"Arkansas","Drew County",3,56,210,100,110
050,05,043,"Arkansas","Drew County",3,57,227,109,118
050,05,043,"Arkansas","Drew County",3,58,242,111,131
050,05,043,"Arkansas","Drew County",3,59,238,111,127
050,05,043,"Arkansas","Drew County",3,60,237,117,120
050,05,043,"Arkansas","Drew County",3,61,227,107,120
050,05,043,"Arkansas","Drew County",3,62,218,111,107
050,05,043,"Arkansas","Drew County",3,63,212,110,102
050,05,043,"Arkansas","Drew County",3,64,198,108,90
050,05,043,"Arkansas","Drew County",3,65,191,96,95
050,05,043,"Arkansas","Drew County",3,66,193,103,90
050,05,043,"Arkansas","Drew County",3,67,195,100,95
050,05,043,"Arkansas","Drew County",3,68,193,89,104
050,05,043,"Arkansas","Drew County",3,69,184,77,107
050,05,043,"Arkansas","Drew County",3,70,167,70,97
050,05,043,"Arkansas","Drew County",3,71,153,73,80
050,05,043,"Arkansas","Drew County",3,72,158,75,83
050,05,043,"Arkansas","Drew County",3,73,145,69,76
050,05,043,"Arkansas","Drew County",3,74,158,75,83
050,05,043,"Arkansas","Drew County",3,75,111,53,58
050,05,043,"Arkansas","Drew County",3,76,115,49,66
050,05,043,"Arkansas","Drew County",3,77,115,51,64
050,05,043,"Arkansas","Drew County",3,78,119,51,68
050,05,043,"Arkansas","Drew County",3,79,100,40,60
050,05,043,"Arkansas","Drew County",3,80,84,33,51
050,05,043,"Arkansas","Drew County",3,81,91,35,56
050,05,043,"Arkansas","Drew County",3,82,75,27,48
050,05,043,"Arkansas","Drew County",3,83,67,19,48
050,05,043,"Arkansas","Drew County",3,84,63,22,41
050,05,043,"Arkansas","Drew County",3,85,384,152,232
050,05,043,"Arkansas","Drew County",4,0,191,111,80
050,05,043,"Arkansas","Drew County",4,1,183,102,81
050,05,043,"Arkansas","Drew County",4,2,230,127,103
050,05,043,"Arkansas","Drew County",4,3,214,115,99
050,05,043,"Arkansas","Drew County",4,4,189,100,89
050,05,043,"Arkansas","Drew County",4,5,203,109,94
050,05,043,"Arkansas","Drew County",4,6,229,132,97
050,05,043,"Arkansas","Drew County",4,7,210,119,91
050,05,043,"Arkansas","Drew County",4,8,189,111,78
050,05,043,"Arkansas","Drew County",4,9,192,107,85
050,05,043,"Arkansas","Drew County",4,10,210,103,107
050,05,043,"Arkansas","Drew County",4,11,193,89,104
050,05,043,"Arkansas","Drew County",4,12,197,104,93
050,05,043,"Arkansas","Drew County",4,13,214,107,107
050,05,043,"Arkansas","Drew County",4,14,238,116,122
050,05,043,"Arkansas","Drew County",4,15,242,118,124
050,05,043,"Arkansas","Drew County",4,16,212,109,103
050,05,043,"Arkansas","Drew County",4,17,211,104,107
050,05,043,"Arkansas","Drew County",4,18,261,130,131
050,05,043,"Arkansas","Drew County",4,19,292,157,135
050,05,043,"Arkansas","Drew County",4,20,307,166,141
050,05,043,"Arkansas","Drew County",4,21,365,192,173
050,05,043,"Arkansas","Drew County",4,22,365,211,154
050,05,043,"Arkansas","Drew County",4,23,278,121,157
050,05,043,"Arkansas","Drew County",4,24,237,112,125
050,05,043,"Arkansas","Drew County",4,25,230,116,114
050,05,043,"Arkansas","Drew County",4,26,175,79,96
050,05,043,"Arkansas","Drew County",4,27,181,81,100
050,05,043,"Arkansas","Drew County",4,28,195,94,101
050,05,043,"Arkansas","Drew County",4,29,203,97,106
050,05,043,"Arkansas","Drew County",4,30,209,98,111
050,05,043,"Arkansas","Drew County",4,31,212,96,116
050,05,043,"Arkansas","Drew County",4,32,227,111,116
050,05,043,"Arkansas","Drew County",4,33,197,92,105
050,05,043,"Arkansas","Drew County",4,34,190,87,103
050,05,043,"Arkansas","Drew County",4,35,186,94,92
050,05,043,"Arkansas","Drew County",4,36,195,100,95
050,05,043,"Arkansas","Drew County",4,37,201,101,100
050,05,043,"Arkansas","Drew County",4,38,194,100,94
050,05,043,"Arkansas","Drew County",4,39,210,108,102
050,05,043,"Arkansas","Drew County",4,40,206,106,100
050,05,043,"Arkansas","Drew County",4,41,199,94,105
050,05,043,"Arkansas","Drew County",4,42,206,101,105
050,05,043,"Arkansas","Drew County",4,43,187,97,90
050,05,043,"Arkansas","Drew County",4,44,181,95,86
050,05,043,"Arkansas","Drew County",4,45,195,92,103
050,05,043,"Arkansas","Drew County",4,46,173,73,100
050,05,043,"Arkansas","Drew County",4,47,172,83,89
050,05,043,"Arkansas","Drew County",4,48,161,76,85
050,05,043,"Arkansas","Drew County",4,49,165,78,87
050,05,043,"Arkansas","Drew County",4,50,178,82,96
050,05,043,"Arkansas","Drew County",4,51,208,99,109
050,05,043,"Arkansas","Drew County",4,52,204,97,107
050,05,043,"Arkansas","Drew County",4,53,177,87,90
050,05,043,"Arkansas","Drew County",4,54,186,88,98
050,05,043,"Arkansas","Drew County",4,55,183,88,95
050,05,043,"Arkansas","Drew County",4,56,204,93,111
050,05,043,"Arkansas","Drew County",4,57,199,93,106
050,05,043,"Arkansas","Drew County",4,58,227,117,110
050,05,043,"Arkansas","Drew County",4,59,232,106,126
050,05,043,"Arkansas","Drew County",4,60,237,114,123
050,05,043,"Arkansas","Drew County",4,61,234,116,118
050,05,043,"Arkansas","Drew County",4,62,228,108,120
050,05,043,"Arkansas","Drew County",4,63,208,105,103
050,05,043,"Arkansas","Drew County",4,64,205,107,98
050,05,043,"Arkansas","Drew County",4,65,190,99,91
050,05,043,"Arkansas","Drew County",4,66,191,96,95
050,05,043,"Arkansas","Drew County",4,67,193,102,91
050,05,043,"Arkansas","Drew County",4,68,195,97,98
050,05,043,"Arkansas","Drew County",4,69,185,83,102
050,05,043,"Arkansas","Drew County",4,70,176,69,107
050,05,043,"Arkansas","Drew County",4,71,157,68,89
050,05,043,"Arkansas","Drew County",4,72,146,69,77
050,05,043,"Arkansas","Drew County",4,73,154,74,80
050,05,043,"Arkansas","Drew County",4,74,144,67,77
050,05,043,"Arkansas","Drew County",4,75,149,70,79
050,05,043,"Arkansas","Drew County",4,76,107,47,60
050,05,043,"Arkansas","Drew County",4,77,107,44,63
050,05,043,"Arkansas","Drew County",4,78,109,50,59
050,05,043,"Arkansas","Drew County",4,79,117,49,68
050,05,043,"Arkansas","Drew County",4,80,95,37,58
050,05,043,"Arkansas","Drew County",4,81,83,29,54
050,05,043,"Arkansas","Drew County",4,82,85,33,52
050,05,043,"Arkansas","Drew County",4,83,75,25,50
050,05,043,"Arkansas","Drew County",4,84,61,18,43
050,05,043,"Arkansas","Drew County",4,85,381,156,225
050,05,043,"Arkansas","Drew County",5,0,190,110,80
050,05,043,"Arkansas","Drew County",5,1,202,112,90
050,05,043,"Arkansas","Drew County",5,2,186,106,80
050,05,043,"Arkansas","Drew County",5,3,227,123,104
050,05,043,"Arkansas","Drew County",5,4,221,121,100
050,05,043,"Arkansas","Drew County",5,5,195,101,94
050,05,043,"Arkansas","Drew County",5,6,210,110,100
050,05,043,"Arkansas","Drew County",5,7,220,126,94
050,05,043,"Arkansas","Drew County",5,8,206,117,89
050,05,043,"Arkansas","Drew County",5,9,184,108,76
050,05,043,"Arkansas","Drew County",5,10,200,116,84
050,05,043,"Arkansas","Drew County",5,11,204,94,110
050,05,043,"Arkansas","Drew County",5,12,187,90,97
050,05,043,"Arkansas","Drew County",5,13,187,95,92
050,05,043,"Arkansas","Drew County",5,14,226,109,117
050,05,043,"Arkansas","Drew County",5,15,227,108,119
050,05,043,"Arkansas","Drew County",5,16,234,119,115
050,05,043,"Arkansas","Drew County",5,17,209,115,94
050,05,043,"Arkansas","Drew County",5,18,258,123,135
050,05,043,"Arkansas","Drew County",5,19,289,152,137
050,05,043,"Arkansas","Drew County",5,20,315,172,143
050,05,043,"Arkansas","Drew County",5,21,364,191,173
050,05,043,"Arkansas","Drew County",5,22,345,196,149
050,05,043,"Arkansas","Drew County",5,23,290,142,148
050,05,043,"Arkansas","Drew County",5,24,261,114,147
050,05,043,"Arkansas","Drew County",5,25,222,125,97
050,05,043,"Arkansas","Drew County",5,26,200,101,99
050,05,043,"Arkansas","Drew County",5,27,175,87,88
050,05,043,"Arkansas","Drew County",5,28,186,84,102
050,05,043,"Arkansas","Drew County",5,29,200,101,99
050,05,043,"Arkansas","Drew County",5,30,211,109,102
050,05,043,"Arkansas","Drew County",5,31,212,102,110
050,05,043,"Arkansas","Drew County",5,32,218,99,119
050,05,043,"Arkansas","Drew County",5,33,230,113,117
050,05,043,"Arkansas","Drew County",5,34,201,92,109
050,05,043,"Arkansas","Drew County",5,35,187,85,102
050,05,043,"Arkansas","Drew County",5,36,186,91,95
050,05,043,"Arkansas","Drew County",5,37,206,114,92
050,05,043,"Arkansas","Drew County",5,38,207,107,100
050,05,043,"Arkansas","Drew County",5,39,195,105,90
050,05,043,"Arkansas","Drew County",5,40,203,105,98
050,05,043,"Arkansas","Drew County",5,41,203,102,101
050,05,043,"Arkansas","Drew County",5,42,207,102,105
050,05,043,"Arkansas","Drew County",5,43,207,100,107
050,05,043,"Arkansas","Drew County",5,44,189,97,92
050,05,043,"Arkansas","Drew County",5,45,177,92,85
050,05,043,"Arkansas","Drew County",5,46,200,98,102
050,05,043,"Arkansas","Drew County",5,47,174,76,98
050,05,043,"Arkansas","Drew County",5,48,161,80,81
050,05,043,"Arkansas","Drew County",5,49,175,80,95
050,05,043,"Arkansas","Drew County",5,50,159,75,84
050,05,043,"Arkansas","Drew County",5,51,187,89,98
050,05,043,"Arkansas","Drew County",5,52,198,95,103
050,05,043,"Arkansas","Drew County",5,53,202,93,109
050,05,043,"Arkansas","Drew County",5,54,178,90,88
050,05,043,"Arkansas","Drew County",5,55,183,86,97
050,05,043,"Arkansas","Drew County",5,56,180,85,95
050,05,043,"Arkansas","Drew County",5,57,188,86,102
050,05,043,"Arkansas","Drew County",5,58,196,91,105
050,05,043,"Arkansas","Drew County",5,59,224,112,112
050,05,043,"Arkansas","Drew County",5,60,228,105,123
050,05,043,"Arkansas","Drew County",5,61,232,111,121
050,05,043,"Arkansas","Drew County",5,62,232,110,122
050,05,043,"Arkansas","Drew County",5,63,223,102,121
050,05,043,"Arkansas","Drew County",5,64,206,107,99
050,05,043,"Arkansas","Drew County",5,65,202,102,100
050,05,043,"Arkansas","Drew County",5,66,193,100,93
050,05,043,"Arkansas","Drew County",5,67,192,92,100
050,05,043,"Arkansas","Drew County",5,68,185,94,91
050,05,043,"Arkansas","Drew County",5,69,187,98,89
050,05,043,"Arkansas","Drew County",5,70,178,75,103
050,05,043,"Arkansas","Drew County",5,71,169,67,102
050,05,043,"Arkansas","Drew County",5,72,156,68,88
050,05,043,"Arkansas","Drew County",5,73,145,71,74
050,05,043,"Arkansas","Drew County",5,74,148,68,80
050,05,043,"Arkansas","Drew County",5,75,140,64,76
050,05,043,"Arkansas","Drew County",5,76,146,65,81
050,05,043,"Arkansas","Drew County",5,77,98,44,54
050,05,043,"Arkansas","Drew County",5,78,100,41,59
050,05,043,"Arkansas","Drew County",5,79,102,47,55
050,05,043,"Arkansas","Drew County",5,80,110,46,64
050,05,043,"Arkansas","Drew County",5,81,95,33,62
050,05,043,"Arkansas","Drew County",5,82,75,26,49
050,05,043,"Arkansas","Drew County",5,83,80,30,50
050,05,043,"Arkansas","Drew County",5,84,68,24,44
050,05,043,"Arkansas","Drew County",5,85,391,163,228
050,05,045,"Arkansas","Faulkner County",1,0,1385,714,671
050,05,045,"Arkansas","Faulkner County",1,1,1395,719,676
050,05,045,"Arkansas","Faulkner County",1,2,1481,747,734
050,05,045,"Arkansas","Faulkner County",1,3,1470,770,700
050,05,045,"Arkansas","Faulkner County",1,4,1516,781,735
050,05,045,"Arkansas","Faulkner County",1,5,1542,781,761
050,05,045,"Arkansas","Faulkner County",1,6,1495,779,716
050,05,045,"Arkansas","Faulkner County",1,7,1506,780,726
050,05,045,"Arkansas","Faulkner County",1,8,1579,826,753
050,05,045,"Arkansas","Faulkner County",1,9,1609,826,783
050,05,045,"Arkansas","Faulkner County",1,10,1638,818,820
050,05,045,"Arkansas","Faulkner County",1,11,1644,851,793
050,05,045,"Arkansas","Faulkner County",1,12,1762,924,838
050,05,045,"Arkansas","Faulkner County",1,13,1756,944,812
050,05,045,"Arkansas","Faulkner County",1,14,1677,852,825
050,05,045,"Arkansas","Faulkner County",1,15,1678,815,863
050,05,045,"Arkansas","Faulkner County",1,16,1688,833,855
050,05,045,"Arkansas","Faulkner County",1,17,1665,856,809
050,05,045,"Arkansas","Faulkner County",1,18,1826,842,984
050,05,045,"Arkansas","Faulkner County",1,19,2425,1157,1268
050,05,045,"Arkansas","Faulkner County",1,20,3113,1429,1684
050,05,045,"Arkansas","Faulkner County",1,21,3356,1576,1780
050,05,045,"Arkansas","Faulkner County",1,22,3155,1506,1649
050,05,045,"Arkansas","Faulkner County",1,23,2429,1147,1282
050,05,045,"Arkansas","Faulkner County",1,24,2114,1098,1016
050,05,045,"Arkansas","Faulkner County",1,25,1888,962,926
050,05,045,"Arkansas","Faulkner County",1,26,1782,899,883
050,05,045,"Arkansas","Faulkner County",1,27,1737,851,886
050,05,045,"Arkansas","Faulkner County",1,28,1710,802,908
050,05,045,"Arkansas","Faulkner County",1,29,1695,849,846
050,05,045,"Arkansas","Faulkner County",1,30,1682,834,848
050,05,045,"Arkansas","Faulkner County",1,31,1639,780,859
050,05,045,"Arkansas","Faulkner County",1,32,1571,748,823
050,05,045,"Arkansas","Faulkner County",1,33,1639,827,812
050,05,045,"Arkansas","Faulkner County",1,34,1694,818,876
050,05,045,"Arkansas","Faulkner County",1,35,1624,836,788
050,05,045,"Arkansas","Faulkner County",1,36,1622,831,791
050,05,045,"Arkansas","Faulkner County",1,37,1693,808,885
050,05,045,"Arkansas","Faulkner County",1,38,1588,792,796
050,05,045,"Arkansas","Faulkner County",1,39,1573,798,775
050,05,045,"Arkansas","Faulkner County",1,40,1593,808,785
050,05,045,"Arkansas","Faulkner County",1,41,1477,753,724
050,05,045,"Arkansas","Faulkner County",1,42,1505,743,762
050,05,045,"Arkansas","Faulkner County",1,43,1459,721,738
050,05,045,"Arkansas","Faulkner County",1,44,1406,696,710
050,05,045,"Arkansas","Faulkner County",1,45,1417,692,725
050,05,045,"Arkansas","Faulkner County",1,46,1401,676,725
050,05,045,"Arkansas","Faulkner County",1,47,1416,711,705
050,05,045,"Arkansas","Faulkner County",1,48,1490,731,759
050,05,045,"Arkansas","Faulkner County",1,49,1508,766,742
050,05,045,"Arkansas","Faulkner County",1,50,1422,718,704
050,05,045,"Arkansas","Faulkner County",1,51,1403,688,715
050,05,045,"Arkansas","Faulkner County",1,52,1321,658,663
050,05,045,"Arkansas","Faulkner County",1,53,1282,642,640
050,05,045,"Arkansas","Faulkner County",1,54,1322,660,662
050,05,045,"Arkansas","Faulkner County",1,55,1416,651,765
050,05,045,"Arkansas","Faulkner County",1,56,1490,693,797
050,05,045,"Arkansas","Faulkner County",1,57,1442,721,721
050,05,045,"Arkansas","Faulkner County",1,58,1424,690,734
050,05,045,"Arkansas","Faulkner County",1,59,1432,717,715
050,05,045,"Arkansas","Faulkner County",1,60,1374,685,689
050,05,045,"Arkansas","Faulkner County",1,61,1325,652,673
050,05,045,"Arkansas","Faulkner County",1,62,1313,634,679
050,05,045,"Arkansas","Faulkner County",1,63,1291,623,668
050,05,045,"Arkansas","Faulkner County",1,64,1234,608,626
050,05,045,"Arkansas","Faulkner County",1,65,1199,559,640
050,05,045,"Arkansas","Faulkner County",1,66,1068,473,595
050,05,045,"Arkansas","Faulkner County",1,67,1040,475,565
050,05,045,"Arkansas","Faulkner County",1,68,1010,488,522
050,05,045,"Arkansas","Faulkner County",1,69,968,455,513
050,05,045,"Arkansas","Faulkner County",1,70,970,438,532
050,05,045,"Arkansas","Faulkner County",1,71,934,413,521
050,05,045,"Arkansas","Faulkner County",1,72,963,463,500
050,05,045,"Arkansas","Faulkner County",1,73,958,465,493
050,05,045,"Arkansas","Faulkner County",1,74,662,298,364
050,05,045,"Arkansas","Faulkner County",1,75,656,284,372
050,05,045,"Arkansas","Faulkner County",1,76,610,277,333
050,05,045,"Arkansas","Faulkner County",1,77,623,256,367
050,05,045,"Arkansas","Faulkner County",1,78,538,224,314
050,05,045,"Arkansas","Faulkner County",1,79,461,205,256
050,05,045,"Arkansas","Faulkner County",1,80,418,184,234
050,05,045,"Arkansas","Faulkner County",1,81,390,161,229
050,05,045,"Arkansas","Faulkner County",1,82,395,152,243
050,05,045,"Arkansas","Faulkner County",1,83,348,153,195
050,05,045,"Arkansas","Faulkner County",1,84,302,124,178
050,05,045,"Arkansas","Faulkner County",1,85,1776,593,1183
050,05,045,"Arkansas","Faulkner County",2,0,1410,736,674
050,05,045,"Arkansas","Faulkner County",2,1,1391,715,676
050,05,045,"Arkansas","Faulkner County",2,2,1467,744,723
050,05,045,"Arkansas","Faulkner County",2,3,1478,765,713
050,05,045,"Arkansas","Faulkner County",2,4,1513,779,734
050,05,045,"Arkansas","Faulkner County",2,5,1542,781,761
050,05,045,"Arkansas","Faulkner County",2,6,1514,786,728
050,05,045,"Arkansas","Faulkner County",2,7,1511,780,731
050,05,045,"Arkansas","Faulkner County",2,8,1560,810,750
050,05,045,"Arkansas","Faulkner County",2,9,1602,824,778
050,05,045,"Arkansas","Faulkner County",2,10,1630,818,812
050,05,045,"Arkansas","Faulkner County",2,11,1640,839,801
050,05,045,"Arkansas","Faulkner County",2,12,1741,907,834
050,05,045,"Arkansas","Faulkner County",2,13,1762,942,820
050,05,045,"Arkansas","Faulkner County",2,14,1699,876,823
050,05,045,"Arkansas","Faulkner County",2,15,1682,825,857
050,05,045,"Arkansas","Faulkner County",2,16,1690,831,859
050,05,045,"Arkansas","Faulkner County",2,17,1670,849,821
050,05,045,"Arkansas","Faulkner County",2,18,1844,860,984
050,05,045,"Arkansas","Faulkner County",2,19,2440,1159,1281
050,05,045,"Arkansas","Faulkner County",2,20,3151,1442,1709
050,05,045,"Arkansas","Faulkner County",2,21,3358,1579,1779
050,05,045,"Arkansas","Faulkner County",2,22,3160,1514,1646
050,05,045,"Arkansas","Faulkner County",2,23,2414,1134,1280
050,05,045,"Arkansas","Faulkner County",2,24,2091,1082,1009
050,05,045,"Arkansas","Faulkner County",2,25,1906,970,936
050,05,045,"Arkansas","Faulkner County",2,26,1780,897,883
050,05,045,"Arkansas","Faulkner County",2,27,1726,854,872
050,05,045,"Arkansas","Faulkner County",2,28,1716,819,897
050,05,045,"Arkansas","Faulkner County",2,29,1695,839,856
050,05,045,"Arkansas","Faulkner County",2,30,1694,841,853
050,05,045,"Arkansas","Faulkner County",2,31,1646,785,861
050,05,045,"Arkansas","Faulkner County",2,32,1586,754,832
050,05,045,"Arkansas","Faulkner County",2,33,1624,807,817
050,05,045,"Arkansas","Faulkner County",2,34,1675,818,857
050,05,045,"Arkansas","Faulkner County",2,35,1644,834,810
050,05,045,"Arkansas","Faulkner County",2,36,1613,823,790
050,05,045,"Arkansas","Faulkner County",2,37,1681,817,864
050,05,045,"Arkansas","Faulkner County",2,38,1617,797,820
050,05,045,"Arkansas","Faulkner County",2,39,1575,795,780
050,05,045,"Arkansas","Faulkner County",2,40,1599,811,788
050,05,045,"Arkansas","Faulkner County",2,41,1508,767,741
050,05,045,"Arkansas","Faulkner County",2,42,1491,746,745
050,05,045,"Arkansas","Faulkner County",2,43,1476,728,748
050,05,045,"Arkansas","Faulkner County",2,44,1403,695,708
050,05,045,"Arkansas","Faulkner County",2,45,1420,696,724
050,05,045,"Arkansas","Faulkner County",2,46,1398,677,721
050,05,045,"Arkansas","Faulkner County",2,47,1407,699,708
050,05,045,"Arkansas","Faulkner County",2,48,1463,717,746
050,05,045,"Arkansas","Faulkner County",2,49,1508,760,748
050,05,045,"Arkansas","Faulkner County",2,50,1443,728,715
050,05,045,"Arkansas","Faulkner County",2,51,1402,692,710
050,05,045,"Arkansas","Faulkner County",2,52,1338,666,672
050,05,045,"Arkansas","Faulkner County",2,53,1290,645,645
050,05,045,"Arkansas","Faulkner County",2,54,1304,651,653
050,05,045,"Arkansas","Faulkner County",2,55,1391,651,740
050,05,045,"Arkansas","Faulkner County",2,56,1474,683,791
050,05,045,"Arkansas","Faulkner County",2,57,1459,713,746
050,05,045,"Arkansas","Faulkner County",2,58,1435,698,737
050,05,045,"Arkansas","Faulkner County",2,59,1439,717,722
050,05,045,"Arkansas","Faulkner County",2,60,1384,689,695
050,05,045,"Arkansas","Faulkner County",2,61,1332,654,678
050,05,045,"Arkansas","Faulkner County",2,62,1314,640,674
050,05,045,"Arkansas","Faulkner County",2,63,1302,630,672
050,05,045,"Arkansas","Faulkner County",2,64,1237,606,631
050,05,045,"Arkansas","Faulkner County",2,65,1198,561,637
050,05,045,"Arkansas","Faulkner County",2,66,1097,489,608
050,05,045,"Arkansas","Faulkner County",2,67,1042,472,570
050,05,045,"Arkansas","Faulkner County",2,68,1019,484,535
050,05,045,"Arkansas","Faulkner County",2,69,976,458,518
050,05,045,"Arkansas","Faulkner County",2,70,958,435,523
050,05,045,"Arkansas","Faulkner County",2,71,942,418,524
050,05,045,"Arkansas","Faulkner County",2,72,944,446,498
050,05,045,"Arkansas","Faulkner County",2,73,992,483,509
050,05,045,"Arkansas","Faulkner County",2,74,689,313,376
050,05,045,"Arkansas","Faulkner County",2,75,657,287,370
050,05,045,"Arkansas","Faulkner County",2,76,611,275,336
050,05,045,"Arkansas","Faulkner County",2,77,641,266,375
050,05,045,"Arkansas","Faulkner County",2,78,542,226,316
050,05,045,"Arkansas","Faulkner County",2,79,470,206,264
050,05,045,"Arkansas","Faulkner County",2,80,432,188,244
050,05,045,"Arkansas","Faulkner County",2,81,395,166,229
050,05,045,"Arkansas","Faulkner County",2,82,401,155,246
050,05,045,"Arkansas","Faulkner County",2,83,350,151,199
050,05,045,"Arkansas","Faulkner County",2,84,311,130,181
050,05,045,"Arkansas","Faulkner County",2,85,1798,606,1192
050,05,045,"Arkansas","Faulkner County",3,0,1423,685,738
050,05,045,"Arkansas","Faulkner County",3,1,1432,741,691
050,05,045,"Arkansas","Faulkner County",3,2,1435,739,696
050,05,045,"Arkansas","Faulkner County",3,3,1486,763,723
050,05,045,"Arkansas","Faulkner County",3,4,1486,760,726
050,05,045,"Arkansas","Faulkner County",3,5,1578,825,753
050,05,045,"Arkansas","Faulkner County",3,6,1559,784,775
050,05,045,"Arkansas","Faulkner County",3,7,1517,801,716
050,05,045,"Arkansas","Faulkner County",3,8,1511,774,737
050,05,045,"Arkansas","Faulkner County",3,9,1587,821,766
050,05,045,"Arkansas","Faulkner County",3,10,1600,820,780
050,05,045,"Arkansas","Faulkner County",3,11,1644,832,812
050,05,045,"Arkansas","Faulkner County",3,12,1676,860,816
050,05,045,"Arkansas","Faulkner County",3,13,1759,927,832
050,05,045,"Arkansas","Faulkner County",3,14,1802,956,846
050,05,045,"Arkansas","Faulkner County",3,15,1699,878,821
050,05,045,"Arkansas","Faulkner County",3,16,1700,830,870
050,05,045,"Arkansas","Faulkner County",3,17,1681,810,871
050,05,045,"Arkansas","Faulkner County",3,18,1932,922,1010
050,05,045,"Arkansas","Faulkner County",3,19,2513,1184,1329
050,05,045,"Arkansas","Faulkner County",3,20,3268,1463,1805
050,05,045,"Arkansas","Faulkner County",3,21,3474,1616,1858
050,05,045,"Arkansas","Faulkner County",3,22,3213,1551,1662
050,05,045,"Arkansas","Faulkner County",3,23,2470,1127,1343
050,05,045,"Arkansas","Faulkner County",3,24,2121,1050,1071
050,05,045,"Arkansas","Faulkner County",3,25,1960,1003,957
050,05,045,"Arkansas","Faulkner County",3,26,1807,905,902
050,05,045,"Arkansas","Faulkner County",3,27,1690,845,845
050,05,045,"Arkansas","Faulkner County",3,28,1711,866,845
050,05,045,"Arkansas","Faulkner County",3,29,1690,805,885
050,05,045,"Arkansas","Faulkner County",3,30,1738,859,879
050,05,045,"Arkansas","Faulkner County",3,31,1683,814,869
050,05,045,"Arkansas","Faulkner County",3,32,1687,818,869
050,05,045,"Arkansas","Faulkner County",3,33,1644,777,867
050,05,045,"Arkansas","Faulkner County",3,34,1626,804,822
050,05,045,"Arkansas","Faulkner County",3,35,1661,811,850
050,05,045,"Arkansas","Faulkner County",3,36,1668,843,825
050,05,045,"Arkansas","Faulkner County",3,37,1653,836,817
050,05,045,"Arkansas","Faulkner County",3,38,1670,802,868
050,05,045,"Arkansas","Faulkner County",3,39,1612,801,811
050,05,045,"Arkansas","Faulkner County",3,40,1578,793,785
050,05,045,"Arkansas","Faulkner County",3,41,1637,844,793
050,05,045,"Arkansas","Faulkner County",3,42,1559,795,764
050,05,045,"Arkansas","Faulkner County",3,43,1474,725,749
050,05,045,"Arkansas","Faulkner County",3,44,1458,711,747
050,05,045,"Arkansas","Faulkner County",3,45,1417,697,720
050,05,045,"Arkansas","Faulkner County",3,46,1407,678,729
050,05,045,"Arkansas","Faulkner County",3,47,1409,689,720
050,05,045,"Arkansas","Faulkner County",3,48,1382,687,695
050,05,045,"Arkansas","Faulkner County",3,49,1461,726,735
050,05,045,"Arkansas","Faulkner County",3,50,1488,753,735
050,05,045,"Arkansas","Faulkner County",3,51,1454,732,722
050,05,045,"Arkansas","Faulkner County",3,52,1400,706,694
050,05,045,"Arkansas","Faulkner County",3,53,1323,655,668
050,05,045,"Arkansas","Faulkner County",3,54,1285,645,640
050,05,045,"Arkansas","Faulkner County",3,55,1308,645,663
050,05,045,"Arkansas","Faulkner County",3,56,1382,646,736
050,05,045,"Arkansas","Faulkner County",3,57,1491,687,804
050,05,045,"Arkansas","Faulkner County",3,58,1462,697,765
050,05,045,"Arkansas","Faulkner County",3,59,1434,713,721
050,05,045,"Arkansas","Faulkner County",3,60,1447,706,741
050,05,045,"Arkansas","Faulkner County",3,61,1388,673,715
050,05,045,"Arkansas","Faulkner County",3,62,1327,663,664
050,05,045,"Arkansas","Faulkner County",3,63,1292,633,659
050,05,045,"Arkansas","Faulkner County",3,64,1294,626,668
050,05,045,"Arkansas","Faulkner County",3,65,1229,592,637
050,05,045,"Arkansas","Faulkner County",3,66,1185,551,634
050,05,045,"Arkansas","Faulkner County",3,67,1086,486,600
050,05,045,"Arkansas","Faulkner County",3,68,1048,477,571
050,05,045,"Arkansas","Faulkner County",3,69,989,460,529
050,05,045,"Arkansas","Faulkner County",3,70,963,444,519
050,05,045,"Arkansas","Faulkner County",3,71,921,415,506
050,05,045,"Arkansas","Faulkner County",3,72,921,413,508
050,05,045,"Arkansas","Faulkner County",3,73,912,430,482
050,05,045,"Arkansas","Faulkner County",3,74,950,451,499
050,05,045,"Arkansas","Faulkner County",3,75,669,302,367
050,05,045,"Arkansas","Faulkner County",3,76,638,285,353
050,05,045,"Arkansas","Faulkner County",3,77,611,261,350
050,05,045,"Arkansas","Faulkner County",3,78,585,245,340
050,05,045,"Arkansas","Faulkner County",3,79,503,218,285
050,05,045,"Arkansas","Faulkner County",3,80,450,192,258
050,05,045,"Arkansas","Faulkner County",3,81,407,175,232
050,05,045,"Arkansas","Faulkner County",3,82,391,151,240
050,05,045,"Arkansas","Faulkner County",3,83,366,142,224
050,05,045,"Arkansas","Faulkner County",3,84,326,135,191
050,05,045,"Arkansas","Faulkner County",3,85,1835,634,1201
050,05,045,"Arkansas","Faulkner County",4,0,1451,677,774
050,05,045,"Arkansas","Faulkner County",4,1,1476,717,759
050,05,045,"Arkansas","Faulkner County",4,2,1427,727,700
050,05,045,"Arkansas","Faulkner County",4,3,1469,762,707
050,05,045,"Arkansas","Faulkner County",4,4,1513,771,742
050,05,045,"Arkansas","Faulkner County",4,5,1559,789,770
050,05,045,"Arkansas","Faulkner County",4,6,1621,835,786
050,05,045,"Arkansas","Faulkner County",4,7,1586,800,786
050,05,045,"Arkansas","Faulkner County",4,8,1566,818,748
050,05,045,"Arkansas","Faulkner County",4,9,1543,797,746
050,05,045,"Arkansas","Faulkner County",4,10,1628,852,776
050,05,045,"Arkansas","Faulkner County",4,11,1636,843,793
050,05,045,"Arkansas","Faulkner County",4,12,1679,833,846
050,05,045,"Arkansas","Faulkner County",4,13,1683,863,820
050,05,045,"Arkansas","Faulkner County",4,14,1790,944,846
050,05,045,"Arkansas","Faulkner County",4,15,1820,954,866
050,05,045,"Arkansas","Faulkner County",4,16,1702,870,832
050,05,045,"Arkansas","Faulkner County",4,17,1703,813,890
050,05,045,"Arkansas","Faulkner County",4,18,1903,865,1038
050,05,045,"Arkansas","Faulkner County",4,19,2534,1214,1320
050,05,045,"Arkansas","Faulkner County",4,20,3285,1473,1812
050,05,045,"Arkansas","Faulkner County",4,21,3536,1646,1890
050,05,045,"Arkansas","Faulkner County",4,22,3287,1583,1704
050,05,045,"Arkansas","Faulkner County",4,23,2482,1155,1327
050,05,045,"Arkansas","Faulkner County",4,24,2112,1042,1070
050,05,045,"Arkansas","Faulkner County",4,25,1979,972,1007
050,05,045,"Arkansas","Faulkner County",4,26,1812,925,887
050,05,045,"Arkansas","Faulkner County",4,27,1704,840,864
050,05,045,"Arkansas","Faulkner County",4,28,1683,848,835
050,05,045,"Arkansas","Faulkner County",4,29,1686,835,851
050,05,045,"Arkansas","Faulkner County",4,30,1743,803,940
050,05,045,"Arkansas","Faulkner County",4,31,1744,846,898
050,05,045,"Arkansas","Faulkner County",4,32,1691,820,871
050,05,045,"Arkansas","Faulkner County",4,33,1741,843,898
050,05,045,"Arkansas","Faulkner County",4,34,1642,785,857
050,05,045,"Arkansas","Faulkner County",4,35,1652,827,825
050,05,045,"Arkansas","Faulkner County",4,36,1684,827,857
050,05,045,"Arkansas","Faulkner County",4,37,1716,862,854
050,05,045,"Arkansas","Faulkner County",4,38,1681,840,841
050,05,045,"Arkansas","Faulkner County",4,39,1680,810,870
050,05,045,"Arkansas","Faulkner County",4,40,1596,799,797
050,05,045,"Arkansas","Faulkner County",4,41,1615,803,812
050,05,045,"Arkansas","Faulkner County",4,42,1637,836,801
050,05,045,"Arkansas","Faulkner County",4,43,1573,798,775
050,05,045,"Arkansas","Faulkner County",4,44,1462,724,738
050,05,045,"Arkansas","Faulkner County",4,45,1475,716,759
050,05,045,"Arkansas","Faulkner County",4,46,1434,694,740
050,05,045,"Arkansas","Faulkner County",4,47,1419,697,722
050,05,045,"Arkansas","Faulkner County",4,48,1414,673,741
050,05,045,"Arkansas","Faulkner County",4,49,1393,690,703
050,05,045,"Arkansas","Faulkner County",4,50,1481,745,736
050,05,045,"Arkansas","Faulkner County",4,51,1501,756,745
050,05,045,"Arkansas","Faulkner County",4,52,1457,738,719
050,05,045,"Arkansas","Faulkner County",4,53,1382,689,693
050,05,045,"Arkansas","Faulkner County",4,54,1313,643,670
050,05,045,"Arkansas","Faulkner County",4,55,1286,644,642
050,05,045,"Arkansas","Faulkner County",4,56,1302,632,670
050,05,045,"Arkansas","Faulkner County",4,57,1394,645,749
050,05,045,"Arkansas","Faulkner County",4,58,1504,694,810
050,05,045,"Arkansas","Faulkner County",4,59,1447,694,753
050,05,045,"Arkansas","Faulkner County",4,60,1436,702,734
050,05,045,"Arkansas","Faulkner County",4,61,1449,696,753
050,05,045,"Arkansas","Faulkner County",4,62,1378,670,708
050,05,045,"Arkansas","Faulkner County",4,63,1320,656,664
050,05,045,"Arkansas","Faulkner County",4,64,1295,634,661
050,05,045,"Arkansas","Faulkner County",4,65,1281,603,678
050,05,045,"Arkansas","Faulkner County",4,66,1226,582,644
050,05,045,"Arkansas","Faulkner County",4,67,1200,564,636
050,05,045,"Arkansas","Faulkner County",4,68,1100,490,610
050,05,045,"Arkansas","Faulkner County",4,69,1023,463,560
050,05,045,"Arkansas","Faulkner County",4,70,992,464,528
050,05,045,"Arkansas","Faulkner County",4,71,958,430,528
050,05,045,"Arkansas","Faulkner County",4,72,923,419,504
050,05,045,"Arkansas","Faulkner County",4,73,904,404,500
050,05,045,"Arkansas","Faulkner County",4,74,869,393,476
050,05,045,"Arkansas","Faulkner County",4,75,937,447,490
050,05,045,"Arkansas","Faulkner County",4,76,645,291,354
050,05,045,"Arkansas","Faulkner County",4,77,654,278,376
050,05,045,"Arkansas","Faulkner County",4,78,565,247,318
050,05,045,"Arkansas","Faulkner County",4,79,546,234,312
050,05,045,"Arkansas","Faulkner County",4,80,500,200,300
050,05,045,"Arkansas","Faulkner County",4,81,425,177,248
050,05,045,"Arkansas","Faulkner County",4,82,414,164,250
050,05,045,"Arkansas","Faulkner County",4,83,349,147,202
050,05,045,"Arkansas","Faulkner County",4,84,344,134,210
050,05,045,"Arkansas","Faulkner County",4,85,1918,688,1230
050,05,045,"Arkansas","Faulkner County",5,0,1452,677,775
050,05,045,"Arkansas","Faulkner County",5,1,1490,702,788
050,05,045,"Arkansas","Faulkner County",5,2,1476,719,757
050,05,045,"Arkansas","Faulkner County",5,3,1492,762,730
050,05,045,"Arkansas","Faulkner County",5,4,1519,790,729
050,05,045,"Arkansas","Faulkner County",5,5,1588,816,772
050,05,045,"Arkansas","Faulkner County",5,6,1592,801,791
050,05,045,"Arkansas","Faulkner County",5,7,1661,867,794
050,05,045,"Arkansas","Faulkner County",5,8,1625,814,811
050,05,045,"Arkansas","Faulkner County",5,9,1611,855,756
050,05,045,"Arkansas","Faulkner County",5,10,1593,831,762
050,05,045,"Arkansas","Faulkner County",5,11,1644,837,807
050,05,045,"Arkansas","Faulkner County",5,12,1652,851,801
050,05,045,"Arkansas","Faulkner County",5,13,1726,866,860
050,05,045,"Arkansas","Faulkner County",5,14,1712,893,819
050,05,045,"Arkansas","Faulkner County",5,15,1850,974,876
050,05,045,"Arkansas","Faulkner County",5,16,1824,956,868
050,05,045,"Arkansas","Faulkner County",5,17,1705,881,824
050,05,045,"Arkansas","Faulkner County",5,18,1946,880,1066
050,05,045,"Arkansas","Faulkner County",5,19,2567,1192,1375
050,05,045,"Arkansas","Faulkner County",5,20,3240,1465,1775
050,05,045,"Arkansas","Faulkner County",5,21,3545,1641,1904
050,05,045,"Arkansas","Faulkner County",5,22,3324,1594,1730
050,05,045,"Arkansas","Faulkner County",5,23,2506,1170,1336
050,05,045,"Arkansas","Faulkner County",5,24,2198,1095,1103
050,05,045,"Arkansas","Faulkner County",5,25,2004,970,1034
050,05,045,"Arkansas","Faulkner County",5,26,1854,895,959
050,05,045,"Arkansas","Faulkner County",5,27,1795,928,867
050,05,045,"Arkansas","Faulkner County",5,28,1724,855,869
050,05,045,"Arkansas","Faulkner County",5,29,1679,844,835
050,05,045,"Arkansas","Faulkner County",5,30,1751,861,890
050,05,045,"Arkansas","Faulkner County",5,31,1781,804,977
050,05,045,"Arkansas","Faulkner County",5,32,1773,867,906
050,05,045,"Arkansas","Faulkner County",5,33,1750,836,914
050,05,045,"Arkansas","Faulkner County",5,34,1792,871,921
050,05,045,"Arkansas","Faulkner County",5,35,1660,794,866
050,05,045,"Arkansas","Faulkner County",5,36,1688,841,847
050,05,045,"Arkansas","Faulkner County",5,37,1702,840,862
050,05,045,"Arkansas","Faulkner County",5,38,1722,854,868
050,05,045,"Arkansas","Faulkner County",5,39,1697,849,848
050,05,045,"Arkansas","Faulkner County",5,40,1720,828,892
050,05,045,"Arkansas","Faulkner County",5,41,1649,827,822
050,05,045,"Arkansas","Faulkner County",5,42,1623,800,823
050,05,045,"Arkansas","Faulkner County",5,43,1646,842,804
050,05,045,"Arkansas","Faulkner County",5,44,1569,791,778
050,05,045,"Arkansas","Faulkner County",5,45,1450,726,724
050,05,045,"Arkansas","Faulkner County",5,46,1461,705,756
050,05,045,"Arkansas","Faulkner County",5,47,1437,703,734
050,05,045,"Arkansas","Faulkner County",5,48,1430,691,739
050,05,045,"Arkansas","Faulkner County",5,49,1441,687,754
050,05,045,"Arkansas","Faulkner County",5,50,1393,681,712
050,05,045,"Arkansas","Faulkner County",5,51,1485,735,750
050,05,045,"Arkansas","Faulkner County",5,52,1513,761,752
050,05,045,"Arkansas","Faulkner County",5,53,1457,738,719
050,05,045,"Arkansas","Faulkner County",5,54,1392,694,698
050,05,045,"Arkansas","Faulkner County",5,55,1345,656,689
050,05,045,"Arkansas","Faulkner County",5,56,1293,646,647
050,05,045,"Arkansas","Faulkner County",5,57,1338,651,687
050,05,045,"Arkansas","Faulkner County",5,58,1412,644,768
050,05,045,"Arkansas","Faulkner County",5,59,1514,722,792
050,05,045,"Arkansas","Faulkner County",5,60,1454,690,764
050,05,045,"Arkansas","Faulkner County",5,61,1412,676,736
050,05,045,"Arkansas","Faulkner County",5,62,1442,695,747
050,05,045,"Arkansas","Faulkner County",5,63,1351,654,697
050,05,045,"Arkansas","Faulkner County",5,64,1322,652,670
050,05,045,"Arkansas","Faulkner County",5,65,1310,628,682
050,05,045,"Arkansas","Faulkner County",5,66,1267,588,679
050,05,045,"Arkansas","Faulkner County",5,67,1226,582,644
050,05,045,"Arkansas","Faulkner County",5,68,1213,575,638
050,05,045,"Arkansas","Faulkner County",5,69,1071,461,610
050,05,045,"Arkansas","Faulkner County",5,70,1020,460,560
050,05,045,"Arkansas","Faulkner County",5,71,953,445,508
050,05,045,"Arkansas","Faulkner County",5,72,951,433,518
050,05,045,"Arkansas","Faulkner County",5,73,898,395,503
050,05,045,"Arkansas","Faulkner County",5,74,881,379,502
050,05,045,"Arkansas","Faulkner County",5,75,841,385,456
050,05,045,"Arkansas","Faulkner County",5,76,903,437,466
050,05,045,"Arkansas","Faulkner County",5,77,664,281,383
050,05,045,"Arkansas","Faulkner County",5,78,596,256,340
050,05,045,"Arkansas","Faulkner County",5,79,532,237,295
050,05,045,"Arkansas","Faulkner County",5,80,538,219,319
050,05,045,"Arkansas","Faulkner County",5,81,474,191,283
050,05,045,"Arkansas","Faulkner County",5,82,419,156,263
050,05,045,"Arkansas","Faulkner County",5,83,377,163,214
050,05,045,"Arkansas","Faulkner County",5,84,330,142,188
050,05,045,"Arkansas","Faulkner County",5,85,2028,746,1282
050,05,047,"Arkansas","Franklin County",1,0,162,84,78
050,05,047,"Arkansas","Franklin County",1,1,177,92,85
050,05,047,"Arkansas","Franklin County",1,2,182,94,88
050,05,047,"Arkansas","Franklin County",1,3,190,96,94
050,05,047,"Arkansas","Franklin County",1,4,220,117,103
050,05,047,"Arkansas","Franklin County",1,5,225,122,103
050,05,047,"Arkansas","Franklin County",1,6,201,102,99
050,05,047,"Arkansas","Franklin County",1,7,204,107,97
050,05,047,"Arkansas","Franklin County",1,8,211,116,95
050,05,047,"Arkansas","Franklin County",1,9,196,107,89
050,05,047,"Arkansas","Franklin County",1,10,232,124,108
050,05,047,"Arkansas","Franklin County",1,11,241,130,111
050,05,047,"Arkansas","Franklin County",1,12,250,126,124
050,05,047,"Arkansas","Franklin County",1,13,234,123,111
050,05,047,"Arkansas","Franklin County",1,14,238,120,118
050,05,047,"Arkansas","Franklin County",1,15,231,126,105
050,05,047,"Arkansas","Franklin County",1,16,240,129,111
050,05,047,"Arkansas","Franklin County",1,17,237,129,108
050,05,047,"Arkansas","Franklin County",1,18,216,115,101
050,05,047,"Arkansas","Franklin County",1,19,169,89,80
050,05,047,"Arkansas","Franklin County",1,20,174,100,74
050,05,047,"Arkansas","Franklin County",1,21,177,105,72
050,05,047,"Arkansas","Franklin County",1,22,175,104,71
050,05,047,"Arkansas","Franklin County",1,23,183,97,86
050,05,047,"Arkansas","Franklin County",1,24,192,102,90
050,05,047,"Arkansas","Franklin County",1,25,171,94,77
050,05,047,"Arkansas","Franklin County",1,26,193,96,97
050,05,047,"Arkansas","Franklin County",1,27,199,98,101
050,05,047,"Arkansas","Franklin County",1,28,201,108,93
050,05,047,"Arkansas","Franklin County",1,29,196,96,100
050,05,047,"Arkansas","Franklin County",1,30,214,102,112
050,05,047,"Arkansas","Franklin County",1,31,194,100,94
050,05,047,"Arkansas","Franklin County",1,32,177,89,88
050,05,047,"Arkansas","Franklin County",1,33,166,82,84
050,05,047,"Arkansas","Franklin County",1,34,198,94,104
050,05,047,"Arkansas","Franklin County",1,35,196,93,103
050,05,047,"Arkansas","Franklin County",1,36,202,99,103
050,05,047,"Arkansas","Franklin County",1,37,205,105,100
050,05,047,"Arkansas","Franklin County",1,38,222,116,106
050,05,047,"Arkansas","Franklin County",1,39,204,96,108
050,05,047,"Arkansas","Franklin County",1,40,208,104,104
050,05,047,"Arkansas","Franklin County",1,41,215,104,111
050,05,047,"Arkansas","Franklin County",1,42,196,92,104
050,05,047,"Arkansas","Franklin County",1,43,197,103,94
050,05,047,"Arkansas","Franklin County",1,44,212,111,101
050,05,047,"Arkansas","Franklin County",1,45,205,103,102
050,05,047,"Arkansas","Franklin County",1,46,221,119,102
050,05,047,"Arkansas","Franklin County",1,47,224,113,111
050,05,047,"Arkansas","Franklin County",1,48,221,110,111
050,05,047,"Arkansas","Franklin County",1,49,197,99,98
050,05,047,"Arkansas","Franklin County",1,50,215,111,104
050,05,047,"Arkansas","Franklin County",1,51,202,100,102
050,05,047,"Arkansas","Franklin County",1,52,214,100,114
050,05,047,"Arkansas","Franklin County",1,53,227,107,120
050,05,047,"Arkansas","Franklin County",1,54,208,105,103
050,05,047,"Arkansas","Franklin County",1,55,237,127,110
050,05,047,"Arkansas","Franklin County",1,56,238,113,125
050,05,047,"Arkansas","Franklin County",1,57,248,115,133
050,05,047,"Arkansas","Franklin County",1,58,266,130,136
050,05,047,"Arkansas","Franklin County",1,59,262,127,135
050,05,047,"Arkansas","Franklin County",1,60,251,122,129
050,05,047,"Arkansas","Franklin County",1,61,245,122,123
050,05,047,"Arkansas","Franklin County",1,62,238,115,123
050,05,047,"Arkansas","Franklin County",1,63,230,115,115
050,05,047,"Arkansas","Franklin County",1,64,227,108,119
050,05,047,"Arkansas","Franklin County",1,65,226,102,124
050,05,047,"Arkansas","Franklin County",1,66,219,104,115
050,05,047,"Arkansas","Franklin County",1,67,223,115,108
050,05,047,"Arkansas","Franklin County",1,68,203,106,97
050,05,047,"Arkansas","Franklin County",1,69,196,100,96
050,05,047,"Arkansas","Franklin County",1,70,196,95,101
050,05,047,"Arkansas","Franklin County",1,71,186,86,100
050,05,047,"Arkansas","Franklin County",1,72,185,88,97
050,05,047,"Arkansas","Franklin County",1,73,153,76,77
050,05,047,"Arkansas","Franklin County",1,74,139,65,74
050,05,047,"Arkansas","Franklin County",1,75,135,59,76
050,05,047,"Arkansas","Franklin County",1,76,132,56,76
050,05,047,"Arkansas","Franklin County",1,77,132,59,73
050,05,047,"Arkansas","Franklin County",1,78,125,51,74
050,05,047,"Arkansas","Franklin County",1,79,105,47,58
050,05,047,"Arkansas","Franklin County",1,80,105,51,54
050,05,047,"Arkansas","Franklin County",1,81,105,46,59
050,05,047,"Arkansas","Franklin County",1,82,84,36,48
050,05,047,"Arkansas","Franklin County",1,83,79,35,44
050,05,047,"Arkansas","Franklin County",1,84,78,37,41
050,05,047,"Arkansas","Franklin County",1,85,398,154,244
050,05,047,"Arkansas","Franklin County",2,0,172,92,80
050,05,047,"Arkansas","Franklin County",2,1,174,90,84
050,05,047,"Arkansas","Franklin County",2,2,182,94,88
050,05,047,"Arkansas","Franklin County",2,3,189,95,94
050,05,047,"Arkansas","Franklin County",2,4,217,113,104
050,05,047,"Arkansas","Franklin County",2,5,226,122,104
050,05,047,"Arkansas","Franklin County",2,6,209,108,101
050,05,047,"Arkansas","Franklin County",2,7,204,105,99
050,05,047,"Arkansas","Franklin County",2,8,208,112,96
050,05,047,"Arkansas","Franklin County",2,9,203,110,93
050,05,047,"Arkansas","Franklin County",2,10,221,118,103
050,05,047,"Arkansas","Franklin County",2,11,237,127,110
050,05,047,"Arkansas","Franklin County",2,12,248,128,120
050,05,047,"Arkansas","Franklin County",2,13,238,123,115
050,05,047,"Arkansas","Franklin County",2,14,237,122,115
050,05,047,"Arkansas","Franklin County",2,15,234,125,109
050,05,047,"Arkansas","Franklin County",2,16,241,129,112
050,05,047,"Arkansas","Franklin County",2,17,241,132,109
050,05,047,"Arkansas","Franklin County",2,18,211,115,96
050,05,047,"Arkansas","Franklin County",2,19,171,91,80
050,05,047,"Arkansas","Franklin County",2,20,178,100,78
050,05,047,"Arkansas","Franklin County",2,21,176,104,72
050,05,047,"Arkansas","Franklin County",2,22,181,105,76
050,05,047,"Arkansas","Franklin County",2,23,183,99,84
050,05,047,"Arkansas","Franklin County",2,24,189,101,88
050,05,047,"Arkansas","Franklin County",2,25,178,96,82
050,05,047,"Arkansas","Franklin County",2,26,190,97,93
050,05,047,"Arkansas","Franklin County",2,27,199,97,102
050,05,047,"Arkansas","Franklin County",2,28,199,105,94
050,05,047,"Arkansas","Franklin County",2,29,201,101,100
050,05,047,"Arkansas","Franklin County",2,30,209,101,108
050,05,047,"Arkansas","Franklin County",2,31,198,99,99
050,05,047,"Arkansas","Franklin County",2,32,182,91,91
050,05,047,"Arkansas","Franklin County",2,33,172,86,86
050,05,047,"Arkansas","Franklin County",2,34,193,93,100
050,05,047,"Arkansas","Franklin County",2,35,200,96,104
050,05,047,"Arkansas","Franklin County",2,36,199,96,103
050,05,047,"Arkansas","Franklin County",2,37,204,104,100
050,05,047,"Arkansas","Franklin County",2,38,217,113,104
050,05,047,"Arkansas","Franklin County",2,39,210,102,108
050,05,047,"Arkansas","Franklin County",2,40,211,104,107
050,05,047,"Arkansas","Franklin County",2,41,214,103,111
050,05,047,"Arkansas","Franklin County",2,42,198,93,105
050,05,047,"Arkansas","Franklin County",2,43,197,101,96
050,05,047,"Arkansas","Franklin County",2,44,206,109,97
050,05,047,"Arkansas","Franklin County",2,45,209,106,103
050,05,047,"Arkansas","Franklin County",2,46,215,114,101
050,05,047,"Arkansas","Franklin County",2,47,225,115,110
050,05,047,"Arkansas","Franklin County",2,48,221,111,110
050,05,047,"Arkansas","Franklin County",2,49,203,103,100
050,05,047,"Arkansas","Franklin County",2,50,213,109,104
050,05,047,"Arkansas","Franklin County",2,51,205,102,103
050,05,047,"Arkansas","Franklin County",2,52,211,99,112
050,05,047,"Arkansas","Franklin County",2,53,224,106,118
050,05,047,"Arkansas","Franklin County",2,54,211,105,106
050,05,047,"Arkansas","Franklin County",2,55,228,121,107
050,05,047,"Arkansas","Franklin County",2,56,238,116,122
050,05,047,"Arkansas","Franklin County",2,57,248,116,132
050,05,047,"Arkansas","Franklin County",2,58,263,127,136
050,05,047,"Arkansas","Franklin County",2,59,265,129,136
050,05,047,"Arkansas","Franklin County",2,60,252,123,129
050,05,047,"Arkansas","Franklin County",2,61,247,122,125
050,05,047,"Arkansas","Franklin County",2,62,242,118,124
050,05,047,"Arkansas","Franklin County",2,63,233,116,117
050,05,047,"Arkansas","Franklin County",2,64,226,108,118
050,05,047,"Arkansas","Franklin County",2,65,225,102,123
050,05,047,"Arkansas","Franklin County",2,66,220,102,118
050,05,047,"Arkansas","Franklin County",2,67,223,113,110
050,05,047,"Arkansas","Franklin County",2,68,203,105,98
050,05,047,"Arkansas","Franklin County",2,69,199,103,96
050,05,047,"Arkansas","Franklin County",2,70,197,96,101
050,05,047,"Arkansas","Franklin County",2,71,187,88,99
050,05,047,"Arkansas","Franklin County",2,72,183,85,98
050,05,047,"Arkansas","Franklin County",2,73,165,80,85
050,05,047,"Arkansas","Franklin County",2,74,134,62,72
050,05,047,"Arkansas","Franklin County",2,75,134,59,75
050,05,047,"Arkansas","Franklin County",2,76,130,55,75
050,05,047,"Arkansas","Franklin County",2,77,133,58,75
050,05,047,"Arkansas","Franklin County",2,78,122,49,73
050,05,047,"Arkansas","Franklin County",2,79,108,47,61
050,05,047,"Arkansas","Franklin County",2,80,102,49,53
050,05,047,"Arkansas","Franklin County",2,81,103,47,56
050,05,047,"Arkansas","Franklin County",2,82,87,38,49
050,05,047,"Arkansas","Franklin County",2,83,80,34,46
050,05,047,"Arkansas","Franklin County",2,84,75,36,39
050,05,047,"Arkansas","Franklin County",2,85,403,159,244
050,05,047,"Arkansas","Franklin County",3,0,181,90,91
050,05,047,"Arkansas","Franklin County",3,1,174,94,80
050,05,047,"Arkansas","Franklin County",3,2,176,94,82
050,05,047,"Arkansas","Franklin County",3,3,177,88,89
050,05,047,"Arkansas","Franklin County",3,4,182,91,91
050,05,047,"Arkansas","Franklin County",3,5,212,114,98
050,05,047,"Arkansas","Franklin County",3,6,234,124,110
050,05,047,"Arkansas","Franklin County",3,7,210,112,98
050,05,047,"Arkansas","Franklin County",3,8,203,99,104
050,05,047,"Arkansas","Franklin County",3,9,206,109,97
050,05,047,"Arkansas","Franklin County",3,10,213,114,99
050,05,047,"Arkansas","Franklin County",3,11,214,113,101
050,05,047,"Arkansas","Franklin County",3,12,243,127,116
050,05,047,"Arkansas","Franklin County",3,13,269,138,131
050,05,047,"Arkansas","Franklin County",3,14,253,125,128
050,05,047,"Arkansas","Franklin County",3,15,244,127,117
050,05,047,"Arkansas","Franklin County",3,16,241,124,117
050,05,047,"Arkansas","Franklin County",3,17,241,128,113
050,05,047,"Arkansas","Franklin County",3,18,211,122,89
050,05,047,"Arkansas","Franklin County",3,19,170,85,85
050,05,047,"Arkansas","Franklin County",3,20,185,102,83
050,05,047,"Arkansas","Franklin County",3,21,175,101,74
050,05,047,"Arkansas","Franklin County",3,22,177,100,77
050,05,047,"Arkansas","Franklin County",3,23,188,100,88
050,05,047,"Arkansas","Franklin County",3,24,181,105,76
050,05,047,"Arkansas","Franklin County",3,25,195,102,93
050,05,047,"Arkansas","Franklin County",3,26,179,99,80
050,05,047,"Arkansas","Franklin County",3,27,194,98,96
050,05,047,"Arkansas","Franklin County",3,28,184,90,94
050,05,047,"Arkansas","Franklin County",3,29,202,104,98
050,05,047,"Arkansas","Franklin County",3,30,205,106,99
050,05,047,"Arkansas","Franklin County",3,31,209,99,110
050,05,047,"Arkansas","Franklin County",3,32,215,102,113
050,05,047,"Arkansas","Franklin County",3,33,174,92,82
050,05,047,"Arkansas","Franklin County",3,34,180,90,90
050,05,047,"Arkansas","Franklin County",3,35,197,95,102
050,05,047,"Arkansas","Franklin County",3,36,209,100,109
050,05,047,"Arkansas","Franklin County",3,37,212,107,105
050,05,047,"Arkansas","Franklin County",3,38,210,106,104
050,05,047,"Arkansas","Franklin County",3,39,214,109,105
050,05,047,"Arkansas","Franklin County",3,40,211,108,103
050,05,047,"Arkansas","Franklin County",3,41,225,111,114
050,05,047,"Arkansas","Franklin County",3,42,211,103,108
050,05,047,"Arkansas","Franklin County",3,43,197,96,101
050,05,047,"Arkansas","Franklin County",3,44,192,97,95
050,05,047,"Arkansas","Franklin County",3,45,206,107,99
050,05,047,"Arkansas","Franklin County",3,46,203,102,101
050,05,047,"Arkansas","Franklin County",3,47,217,111,106
050,05,047,"Arkansas","Franklin County",3,48,225,120,105
050,05,047,"Arkansas","Franklin County",3,49,215,106,109
050,05,047,"Arkansas","Franklin County",3,50,201,99,102
050,05,047,"Arkansas","Franklin County",3,51,210,106,104
050,05,047,"Arkansas","Franklin County",3,52,210,105,105
050,05,047,"Arkansas","Franklin County",3,53,211,95,116
050,05,047,"Arkansas","Franklin County",3,54,227,104,123
050,05,047,"Arkansas","Franklin County",3,55,206,106,100
050,05,047,"Arkansas","Franklin County",3,56,228,122,106
050,05,047,"Arkansas","Franklin County",3,57,236,111,125
050,05,047,"Arkansas","Franklin County",3,58,246,115,131
050,05,047,"Arkansas","Franklin County",3,59,263,124,139
050,05,047,"Arkansas","Franklin County",3,60,262,131,131
050,05,047,"Arkansas","Franklin County",3,61,249,123,126
050,05,047,"Arkansas","Franklin County",3,62,254,129,125
050,05,047,"Arkansas","Franklin County",3,63,243,117,126
050,05,047,"Arkansas","Franklin County",3,64,221,109,112
050,05,047,"Arkansas","Franklin County",3,65,217,100,117
050,05,047,"Arkansas","Franklin County",3,66,233,107,126
050,05,047,"Arkansas","Franklin County",3,67,227,104,123
050,05,047,"Arkansas","Franklin County",3,68,206,104,102
050,05,047,"Arkansas","Franklin County",3,69,204,108,96
050,05,047,"Arkansas","Franklin County",3,70,202,103,99
050,05,047,"Arkansas","Franklin County",3,71,188,93,95
050,05,047,"Arkansas","Franklin County",3,72,185,87,98
050,05,047,"Arkansas","Franklin County",3,73,174,79,95
050,05,047,"Arkansas","Franklin County",3,74,170,83,87
050,05,047,"Arkansas","Franklin County",3,75,121,57,64
050,05,047,"Arkansas","Franklin County",3,76,132,56,76
050,05,047,"Arkansas","Franklin County",3,77,121,49,72
050,05,047,"Arkansas","Franklin County",3,78,124,50,74
050,05,047,"Arkansas","Franklin County",3,79,110,47,63
050,05,047,"Arkansas","Franklin County",3,80,109,45,64
050,05,047,"Arkansas","Franklin County",3,81,89,40,49
050,05,047,"Arkansas","Franklin County",3,82,79,42,37
050,05,047,"Arkansas","Franklin County",3,83,89,35,54
050,05,047,"Arkansas","Franklin County",3,84,69,30,39
050,05,047,"Arkansas","Franklin County",3,85,409,157,252
050,05,047,"Arkansas","Franklin County",4,0,184,86,98
050,05,047,"Arkansas","Franklin County",4,1,197,104,93
050,05,047,"Arkansas","Franklin County",4,2,170,88,82
050,05,047,"Arkansas","Franklin County",4,3,186,96,90
050,05,047,"Arkansas","Franklin County",4,4,171,86,85
050,05,047,"Arkansas","Franklin County",4,5,173,87,86
050,05,047,"Arkansas","Franklin County",4,6,220,120,100
050,05,047,"Arkansas","Franklin County",4,7,236,128,108
050,05,047,"Arkansas","Franklin County",4,8,206,106,100
050,05,047,"Arkansas","Franklin County",4,9,191,96,95
050,05,047,"Arkansas","Franklin County",4,10,210,111,99
050,05,047,"Arkansas","Franklin County",4,11,220,119,101
050,05,047,"Arkansas","Franklin County",4,12,229,122,107
050,05,047,"Arkansas","Franklin County",4,13,255,130,125
050,05,047,"Arkansas","Franklin County",4,14,276,148,128
050,05,047,"Arkansas","Franklin County",4,15,251,126,125
050,05,047,"Arkansas","Franklin County",4,16,260,132,128
050,05,047,"Arkansas","Franklin County",4,17,255,128,127
050,05,047,"Arkansas","Franklin County",4,18,207,117,90
050,05,047,"Arkansas","Franklin County",4,19,168,97,71
050,05,047,"Arkansas","Franklin County",4,20,171,87,84
050,05,047,"Arkansas","Franklin County",4,21,178,104,74
050,05,047,"Arkansas","Franklin County",4,22,178,97,81
050,05,047,"Arkansas","Franklin County",4,23,203,111,92
050,05,047,"Arkansas","Franklin County",4,24,171,93,78
050,05,047,"Arkansas","Franklin County",4,25,191,104,87
050,05,047,"Arkansas","Franklin County",4,26,198,106,92
050,05,047,"Arkansas","Franklin County",4,27,178,106,72
050,05,047,"Arkansas","Franklin County",4,28,198,107,91
050,05,047,"Arkansas","Franklin County",4,29,191,92,99
050,05,047,"Arkansas","Franklin County",4,30,201,105,96
050,05,047,"Arkansas","Franklin County",4,31,196,106,90
050,05,047,"Arkansas","Franklin County",4,32,209,94,115
050,05,047,"Arkansas","Franklin County",4,33,216,101,115
050,05,047,"Arkansas","Franklin County",4,34,165,83,82
050,05,047,"Arkansas","Franklin County",4,35,172,86,86
050,05,047,"Arkansas","Franklin County",4,36,201,96,105
050,05,047,"Arkansas","Franklin County",4,37,210,97,113
050,05,047,"Arkansas","Franklin County",4,38,224,118,106
050,05,047,"Arkansas","Franklin County",4,39,216,110,106
050,05,047,"Arkansas","Franklin County",4,40,217,112,105
050,05,047,"Arkansas","Franklin County",4,41,217,111,106
050,05,047,"Arkansas","Franklin County",4,42,230,114,116
050,05,047,"Arkansas","Franklin County",4,43,213,104,109
050,05,047,"Arkansas","Franklin County",4,44,196,96,100
050,05,047,"Arkansas","Franklin County",4,45,193,92,101
050,05,047,"Arkansas","Franklin County",4,46,203,104,99
050,05,047,"Arkansas","Franklin County",4,47,205,105,100
050,05,047,"Arkansas","Franklin County",4,48,214,110,104
050,05,047,"Arkansas","Franklin County",4,49,224,119,105
050,05,047,"Arkansas","Franklin County",4,50,218,102,116
050,05,047,"Arkansas","Franklin County",4,51,205,104,101
050,05,047,"Arkansas","Franklin County",4,52,213,110,103
050,05,047,"Arkansas","Franklin County",4,53,208,101,107
050,05,047,"Arkansas","Franklin County",4,54,202,90,112
050,05,047,"Arkansas","Franklin County",4,55,228,105,123
050,05,047,"Arkansas","Franklin County",4,56,215,109,106
050,05,047,"Arkansas","Franklin County",4,57,234,129,105
050,05,047,"Arkansas","Franklin County",4,58,236,114,122
050,05,047,"Arkansas","Franklin County",4,59,251,114,137
050,05,047,"Arkansas","Franklin County",4,60,268,127,141
050,05,047,"Arkansas","Franklin County",4,61,268,135,133
050,05,047,"Arkansas","Franklin County",4,62,260,134,126
050,05,047,"Arkansas","Franklin County",4,63,257,131,126
050,05,047,"Arkansas","Franklin County",4,64,244,116,128
050,05,047,"Arkansas","Franklin County",4,65,220,107,113
050,05,047,"Arkansas","Franklin County",4,66,222,101,121
050,05,047,"Arkansas","Franklin County",4,67,234,108,126
050,05,047,"Arkansas","Franklin County",4,68,219,99,120
050,05,047,"Arkansas","Franklin County",4,69,204,95,109
050,05,047,"Arkansas","Franklin County",4,70,212,109,103
050,05,047,"Arkansas","Franklin County",4,71,193,104,89
050,05,047,"Arkansas","Franklin County",4,72,186,91,95
050,05,047,"Arkansas","Franklin County",4,73,179,87,92
050,05,047,"Arkansas","Franklin County",4,74,173,77,96
050,05,047,"Arkansas","Franklin County",4,75,153,73,80
050,05,047,"Arkansas","Franklin County",4,76,119,55,64
050,05,047,"Arkansas","Franklin County",4,77,118,51,67
050,05,047,"Arkansas","Franklin County",4,78,119,49,70
050,05,047,"Arkansas","Franklin County",4,79,111,48,63
050,05,047,"Arkansas","Franklin County",4,80,114,47,67
050,05,047,"Arkansas","Franklin County",4,81,99,38,61
050,05,047,"Arkansas","Franklin County",4,82,78,38,40
050,05,047,"Arkansas","Franklin County",4,83,82,40,42
050,05,047,"Arkansas","Franklin County",4,84,78,34,44
050,05,047,"Arkansas","Franklin County",4,85,406,156,250
050,05,047,"Arkansas","Franklin County",5,0,184,85,99
050,05,047,"Arkansas","Franklin County",5,1,179,87,92
050,05,047,"Arkansas","Franklin County",5,2,189,98,91
050,05,047,"Arkansas","Franklin County",5,3,191,100,91
050,05,047,"Arkansas","Franklin County",5,4,194,108,86
050,05,047,"Arkansas","Franklin County",5,5,188,95,93
050,05,047,"Arkansas","Franklin County",5,6,189,98,91
050,05,047,"Arkansas","Franklin County",5,7,227,119,108
050,05,047,"Arkansas","Franklin County",5,8,240,123,117
050,05,047,"Arkansas","Franklin County",5,9,210,109,101
050,05,047,"Arkansas","Franklin County",5,10,211,101,110
050,05,047,"Arkansas","Franklin County",5,11,229,130,99
050,05,047,"Arkansas","Franklin County",5,12,217,122,95
050,05,047,"Arkansas","Franklin County",5,13,223,117,106
050,05,047,"Arkansas","Franklin County",5,14,248,125,123
050,05,047,"Arkansas","Franklin County",5,15,274,146,128
050,05,047,"Arkansas","Franklin County",5,16,270,139,131
050,05,047,"Arkansas","Franklin County",5,17,260,138,122
050,05,047,"Arkansas","Franklin County",5,18,220,119,101
050,05,047,"Arkansas","Franklin County",5,19,169,96,73
050,05,047,"Arkansas","Franklin County",5,20,194,108,86
050,05,047,"Arkansas","Franklin County",5,21,172,91,81
050,05,047,"Arkansas","Franklin County",5,22,196,104,92
050,05,047,"Arkansas","Franklin County",5,23,185,103,82
050,05,047,"Arkansas","Franklin County",5,24,221,115,106
050,05,047,"Arkansas","Franklin County",5,25,180,97,83
050,05,047,"Arkansas","Franklin County",5,26,181,99,82
050,05,047,"Arkansas","Franklin County",5,27,187,88,99
050,05,047,"Arkansas","Franklin County",5,28,184,111,73
050,05,047,"Arkansas","Franklin County",5,29,201,102,99
050,05,047,"Arkansas","Franklin County",5,30,204,103,101
050,05,047,"Arkansas","Franklin County",5,31,216,108,108
050,05,047,"Arkansas","Franklin County",5,32,212,112,100
050,05,047,"Arkansas","Franklin County",5,33,225,100,125
050,05,047,"Arkansas","Franklin County",5,34,204,100,104
050,05,047,"Arkansas","Franklin County",5,35,175,83,92
050,05,047,"Arkansas","Franklin County",5,36,193,97,96
050,05,047,"Arkansas","Franklin County",5,37,200,100,100
050,05,047,"Arkansas","Franklin County",5,38,211,97,114
050,05,047,"Arkansas","Franklin County",5,39,213,114,99
050,05,047,"Arkansas","Franklin County",5,40,224,115,109
050,05,047,"Arkansas","Franklin County",5,41,225,117,108
050,05,047,"Arkansas","Franklin County",5,42,210,101,109
050,05,047,"Arkansas","Franklin County",5,43,216,110,106
050,05,047,"Arkansas","Franklin County",5,44,208,101,107
050,05,047,"Arkansas","Franklin County",5,45,190,96,94
050,05,047,"Arkansas","Franklin County",5,46,186,84,102
050,05,047,"Arkansas","Franklin County",5,47,207,109,98
050,05,047,"Arkansas","Franklin County",5,48,209,110,99
050,05,047,"Arkansas","Franklin County",5,49,218,105,113
050,05,047,"Arkansas","Franklin County",5,50,226,120,106
050,05,047,"Arkansas","Franklin County",5,51,231,104,127
050,05,047,"Arkansas","Franklin County",5,52,208,107,101
050,05,047,"Arkansas","Franklin County",5,53,217,113,104
050,05,047,"Arkansas","Franklin County",5,54,208,97,111
050,05,047,"Arkansas","Franklin County",5,55,201,89,112
050,05,047,"Arkansas","Franklin County",5,56,226,105,121
050,05,047,"Arkansas","Franklin County",5,57,226,112,114
050,05,047,"Arkansas","Franklin County",5,58,231,132,99
050,05,047,"Arkansas","Franklin County",5,59,233,113,120
050,05,047,"Arkansas","Franklin County",5,60,256,114,142
050,05,047,"Arkansas","Franklin County",5,61,268,127,141
050,05,047,"Arkansas","Franklin County",5,62,269,137,132
050,05,047,"Arkansas","Franklin County",5,63,252,130,122
050,05,047,"Arkansas","Franklin County",5,64,251,128,123
050,05,047,"Arkansas","Franklin County",5,65,232,108,124
050,05,047,"Arkansas","Franklin County",5,66,227,111,116
050,05,047,"Arkansas","Franklin County",5,67,222,100,122
050,05,047,"Arkansas","Franklin County",5,68,223,100,123
050,05,047,"Arkansas","Franklin County",5,69,201,91,110
050,05,047,"Arkansas","Franklin County",5,70,206,95,111
050,05,047,"Arkansas","Franklin County",5,71,206,108,98
050,05,047,"Arkansas","Franklin County",5,72,192,103,89
050,05,047,"Arkansas","Franklin County",5,73,173,89,84
050,05,047,"Arkansas","Franklin County",5,74,182,88,94
050,05,047,"Arkansas","Franklin County",5,75,155,68,87
050,05,047,"Arkansas","Franklin County",5,76,153,72,81
050,05,047,"Arkansas","Franklin County",5,77,113,49,64
050,05,047,"Arkansas","Franklin County",5,78,123,54,69
050,05,047,"Arkansas","Franklin County",5,79,110,51,59
050,05,047,"Arkansas","Franklin County",5,80,113,48,65
050,05,047,"Arkansas","Franklin County",5,81,105,39,66
050,05,047,"Arkansas","Franklin County",5,82,88,36,52
050,05,047,"Arkansas","Franklin County",5,83,78,36,42
050,05,047,"Arkansas","Franklin County",5,84,72,36,36
050,05,047,"Arkansas","Franklin County",5,85,432,168,264
050,05,049,"Arkansas","Fulton County",1,0,116,60,56
050,05,049,"Arkansas","Fulton County",1,1,108,55,53
050,05,049,"Arkansas","Fulton County",1,2,127,64,63
050,05,049,"Arkansas","Fulton County",1,3,133,66,67
050,05,049,"Arkansas","Fulton County",1,4,127,67,60
050,05,049,"Arkansas","Fulton County",1,5,133,64,69
050,05,049,"Arkansas","Fulton County",1,6,135,64,71
050,05,049,"Arkansas","Fulton County",1,7,134,68,66
050,05,049,"Arkansas","Fulton County",1,8,138,75,63
050,05,049,"Arkansas","Fulton County",1,9,132,66,66
050,05,049,"Arkansas","Fulton County",1,10,155,80,75
050,05,049,"Arkansas","Fulton County",1,11,144,81,63
050,05,049,"Arkansas","Fulton County",1,12,168,87,81
050,05,049,"Arkansas","Fulton County",1,13,163,84,79
050,05,049,"Arkansas","Fulton County",1,14,158,81,77
050,05,049,"Arkansas","Fulton County",1,15,157,77,80
050,05,049,"Arkansas","Fulton County",1,16,172,94,78
050,05,049,"Arkansas","Fulton County",1,17,158,88,70
050,05,049,"Arkansas","Fulton County",1,18,128,76,52
050,05,049,"Arkansas","Fulton County",1,19,95,51,44
050,05,049,"Arkansas","Fulton County",1,20,101,52,49
050,05,049,"Arkansas","Fulton County",1,21,103,57,46
050,05,049,"Arkansas","Fulton County",1,22,95,48,47
050,05,049,"Arkansas","Fulton County",1,23,113,54,59
050,05,049,"Arkansas","Fulton County",1,24,121,64,57
050,05,049,"Arkansas","Fulton County",1,25,131,68,63
050,05,049,"Arkansas","Fulton County",1,26,101,54,47
050,05,049,"Arkansas","Fulton County",1,27,99,53,46
050,05,049,"Arkansas","Fulton County",1,28,111,58,53
050,05,049,"Arkansas","Fulton County",1,29,125,62,63
050,05,049,"Arkansas","Fulton County",1,30,113,49,64
050,05,049,"Arkansas","Fulton County",1,31,111,49,62
050,05,049,"Arkansas","Fulton County",1,32,98,54,44
050,05,049,"Arkansas","Fulton County",1,33,106,58,48
050,05,049,"Arkansas","Fulton County",1,34,122,57,65
050,05,049,"Arkansas","Fulton County",1,35,119,60,59
050,05,049,"Arkansas","Fulton County",1,36,127,61,66
050,05,049,"Arkansas","Fulton County",1,37,130,66,64
050,05,049,"Arkansas","Fulton County",1,38,132,60,72
050,05,049,"Arkansas","Fulton County",1,39,114,52,62
050,05,049,"Arkansas","Fulton County",1,40,111,53,58
050,05,049,"Arkansas","Fulton County",1,41,124,60,64
050,05,049,"Arkansas","Fulton County",1,42,112,56,56
050,05,049,"Arkansas","Fulton County",1,43,118,63,55
050,05,049,"Arkansas","Fulton County",1,44,124,72,52
050,05,049,"Arkansas","Fulton County",1,45,114,56,58
050,05,049,"Arkansas","Fulton County",1,46,120,52,68
050,05,049,"Arkansas","Fulton County",1,47,125,60,65
050,05,049,"Arkansas","Fulton County",1,48,141,68,73
050,05,049,"Arkansas","Fulton County",1,49,153,85,68
050,05,049,"Arkansas","Fulton County",1,50,172,88,84
050,05,049,"Arkansas","Fulton County",1,51,152,74,78
050,05,049,"Arkansas","Fulton County",1,52,139,60,79
050,05,049,"Arkansas","Fulton County",1,53,158,71,87
050,05,049,"Arkansas","Fulton County",1,54,162,88,74
050,05,049,"Arkansas","Fulton County",1,55,166,92,74
050,05,049,"Arkansas","Fulton County",1,56,185,89,96
050,05,049,"Arkansas","Fulton County",1,57,175,76,99
050,05,049,"Arkansas","Fulton County",1,58,178,84,94
050,05,049,"Arkansas","Fulton County",1,59,176,84,92
050,05,049,"Arkansas","Fulton County",1,60,197,98,99
050,05,049,"Arkansas","Fulton County",1,61,204,98,106
050,05,049,"Arkansas","Fulton County",1,62,190,88,102
050,05,049,"Arkansas","Fulton County",1,63,191,92,99
050,05,049,"Arkansas","Fulton County",1,64,188,86,102
050,05,049,"Arkansas","Fulton County",1,65,187,95,92
050,05,049,"Arkansas","Fulton County",1,66,174,92,82
050,05,049,"Arkansas","Fulton County",1,67,172,89,83
050,05,049,"Arkansas","Fulton County",1,68,190,93,97
050,05,049,"Arkansas","Fulton County",1,69,197,94,103
050,05,049,"Arkansas","Fulton County",1,70,181,84,97
050,05,049,"Arkansas","Fulton County",1,71,180,85,95
050,05,049,"Arkansas","Fulton County",1,72,171,83,88
050,05,049,"Arkansas","Fulton County",1,73,187,88,99
050,05,049,"Arkansas","Fulton County",1,74,124,63,61
050,05,049,"Arkansas","Fulton County",1,75,129,58,71
050,05,049,"Arkansas","Fulton County",1,76,127,52,75
050,05,049,"Arkansas","Fulton County",1,77,151,64,87
050,05,049,"Arkansas","Fulton County",1,78,121,48,73
050,05,049,"Arkansas","Fulton County",1,79,112,60,52
050,05,049,"Arkansas","Fulton County",1,80,98,54,44
050,05,049,"Arkansas","Fulton County",1,81,82,45,37
050,05,049,"Arkansas","Fulton County",1,82,78,36,42
050,05,049,"Arkansas","Fulton County",1,83,77,38,39
050,05,049,"Arkansas","Fulton County",1,84,52,20,32
050,05,049,"Arkansas","Fulton County",1,85,356,149,207
050,05,049,"Arkansas","Fulton County",2,0,112,54,58
050,05,049,"Arkansas","Fulton County",2,1,109,55,54
050,05,049,"Arkansas","Fulton County",2,2,122,62,60
050,05,049,"Arkansas","Fulton County",2,3,131,66,65
050,05,049,"Arkansas","Fulton County",2,4,127,66,61
050,05,049,"Arkansas","Fulton County",2,5,131,64,67
050,05,049,"Arkansas","Fulton County",2,6,133,64,69
050,05,049,"Arkansas","Fulton County",2,7,136,68,68
050,05,049,"Arkansas","Fulton County",2,8,137,73,64
050,05,049,"Arkansas","Fulton County",2,9,134,68,66
050,05,049,"Arkansas","Fulton County",2,10,149,76,73
050,05,049,"Arkansas","Fulton County",2,11,147,81,66
050,05,049,"Arkansas","Fulton County",2,12,164,86,78
050,05,049,"Arkansas","Fulton County",2,13,165,84,81
050,05,049,"Arkansas","Fulton County",2,14,157,80,77
050,05,049,"Arkansas","Fulton County",2,15,154,76,78
050,05,049,"Arkansas","Fulton County",2,16,169,91,78
050,05,049,"Arkansas","Fulton County",2,17,161,89,72
050,05,049,"Arkansas","Fulton County",2,18,128,75,53
050,05,049,"Arkansas","Fulton County",2,19,95,52,43
050,05,049,"Arkansas","Fulton County",2,20,101,53,48
050,05,049,"Arkansas","Fulton County",2,21,100,54,46
050,05,049,"Arkansas","Fulton County",2,22,97,50,47
050,05,049,"Arkansas","Fulton County",2,23,110,54,56
050,05,049,"Arkansas","Fulton County",2,24,120,62,58
050,05,049,"Arkansas","Fulton County",2,25,125,64,61
050,05,049,"Arkansas","Fulton County",2,26,107,56,51
050,05,049,"Arkansas","Fulton County",2,27,103,56,47
050,05,049,"Arkansas","Fulton County",2,28,108,57,51
050,05,049,"Arkansas","Fulton County",2,29,122,61,61
050,05,049,"Arkansas","Fulton County",2,30,118,53,65
050,05,049,"Arkansas","Fulton County",2,31,112,49,63
050,05,049,"Arkansas","Fulton County",2,32,100,52,48
050,05,049,"Arkansas","Fulton County",2,33,104,57,47
050,05,049,"Arkansas","Fulton County",2,34,120,58,62
050,05,049,"Arkansas","Fulton County",2,35,120,59,61
050,05,049,"Arkansas","Fulton County",2,36,124,60,64
050,05,049,"Arkansas","Fulton County",2,37,129,65,64
050,05,049,"Arkansas","Fulton County",2,38,130,60,70
050,05,049,"Arkansas","Fulton County",2,39,119,54,65
050,05,049,"Arkansas","Fulton County",2,40,114,54,60
050,05,049,"Arkansas","Fulton County",2,41,121,59,62
050,05,049,"Arkansas","Fulton County",2,42,114,56,58
050,05,049,"Arkansas","Fulton County",2,43,117,62,55
050,05,049,"Arkansas","Fulton County",2,44,121,69,52
050,05,049,"Arkansas","Fulton County",2,45,116,59,57
050,05,049,"Arkansas","Fulton County",2,46,118,52,66
050,05,049,"Arkansas","Fulton County",2,47,123,59,64
050,05,049,"Arkansas","Fulton County",2,48,136,65,71
050,05,049,"Arkansas","Fulton County",2,49,153,83,70
050,05,049,"Arkansas","Fulton County",2,50,168,88,80
050,05,049,"Arkansas","Fulton County",2,51,155,76,79
050,05,049,"Arkansas","Fulton County",2,52,143,63,80
050,05,049,"Arkansas","Fulton County",2,53,154,70,84
050,05,049,"Arkansas","Fulton County",2,54,159,83,76
050,05,049,"Arkansas","Fulton County",2,55,167,91,76
050,05,049,"Arkansas","Fulton County",2,56,181,91,90
050,05,049,"Arkansas","Fulton County",2,57,176,80,96
050,05,049,"Arkansas","Fulton County",2,58,178,82,96
050,05,049,"Arkansas","Fulton County",2,59,179,85,94
050,05,049,"Arkansas","Fulton County",2,60,191,93,98
050,05,049,"Arkansas","Fulton County",2,61,201,98,103
050,05,049,"Arkansas","Fulton County",2,62,196,92,104
050,05,049,"Arkansas","Fulton County",2,63,193,92,101
050,05,049,"Arkansas","Fulton County",2,64,188,87,101
050,05,049,"Arkansas","Fulton County",2,65,185,92,93
050,05,049,"Arkansas","Fulton County",2,66,176,92,84
050,05,049,"Arkansas","Fulton County",2,67,174,91,83
050,05,049,"Arkansas","Fulton County",2,68,185,92,93
050,05,049,"Arkansas","Fulton County",2,69,197,95,102
050,05,049,"Arkansas","Fulton County",2,70,185,86,99
050,05,049,"Arkansas","Fulton County",2,71,179,85,94
050,05,049,"Arkansas","Fulton County",2,72,171,83,88
050,05,049,"Arkansas","Fulton County",2,73,194,92,102
050,05,049,"Arkansas","Fulton County",2,74,129,65,64
050,05,049,"Arkansas","Fulton County",2,75,126,58,68
050,05,049,"Arkansas","Fulton County",2,76,125,51,74
050,05,049,"Arkansas","Fulton County",2,77,149,62,87
050,05,049,"Arkansas","Fulton County",2,78,126,51,75
050,05,049,"Arkansas","Fulton County",2,79,109,56,53
050,05,049,"Arkansas","Fulton County",2,80,101,57,44
050,05,049,"Arkansas","Fulton County",2,81,83,46,37
050,05,049,"Arkansas","Fulton County",2,82,78,37,41
050,05,049,"Arkansas","Fulton County",2,83,78,38,40
050,05,049,"Arkansas","Fulton County",2,84,56,23,33
050,05,049,"Arkansas","Fulton County",2,85,356,149,207
050,05,049,"Arkansas","Fulton County",3,0,116,63,53
050,05,049,"Arkansas","Fulton County",3,1,115,56,59
050,05,049,"Arkansas","Fulton County",3,2,105,57,48
050,05,049,"Arkansas","Fulton County",3,3,117,57,60
050,05,049,"Arkansas","Fulton County",3,4,129,70,59
050,05,049,"Arkansas","Fulton County",3,5,133,67,66
050,05,049,"Arkansas","Fulton County",3,6,142,72,70
050,05,049,"Arkansas","Fulton County",3,7,140,71,69
050,05,049,"Arkansas","Fulton County",3,8,154,76,78
050,05,049,"Arkansas","Fulton County",3,9,134,71,63
050,05,049,"Arkansas","Fulton County",3,10,133,71,62
050,05,049,"Arkansas","Fulton County",3,11,161,79,82
050,05,049,"Arkansas","Fulton County",3,12,157,85,72
050,05,049,"Arkansas","Fulton County",3,13,186,96,90
050,05,049,"Arkansas","Fulton County",3,14,170,83,87
050,05,049,"Arkansas","Fulton County",3,15,163,83,80
050,05,049,"Arkansas","Fulton County",3,16,156,83,73
050,05,049,"Arkansas","Fulton County",3,17,171,92,79
050,05,049,"Arkansas","Fulton County",3,18,139,80,59
050,05,049,"Arkansas","Fulton County",3,19,98,58,40
050,05,049,"Arkansas","Fulton County",3,20,101,58,43
050,05,049,"Arkansas","Fulton County",3,21,104,54,50
050,05,049,"Arkansas","Fulton County",3,22,102,51,51
050,05,049,"Arkansas","Fulton County",3,23,100,52,48
050,05,049,"Arkansas","Fulton County",3,24,115,55,60
050,05,049,"Arkansas","Fulton County",3,25,131,62,69
050,05,049,"Arkansas","Fulton County",3,26,131,73,58
050,05,049,"Arkansas","Fulton County",3,27,112,56,56
050,05,049,"Arkansas","Fulton County",3,28,99,56,43
050,05,049,"Arkansas","Fulton County",3,29,108,50,58
050,05,049,"Arkansas","Fulton County",3,30,117,60,57
050,05,049,"Arkansas","Fulton County",3,31,125,57,68
050,05,049,"Arkansas","Fulton County",3,32,115,46,69
050,05,049,"Arkansas","Fulton County",3,33,102,50,52
050,05,049,"Arkansas","Fulton County",3,34,104,57,47
050,05,049,"Arkansas","Fulton County",3,35,121,57,64
050,05,049,"Arkansas","Fulton County",3,36,119,61,58
050,05,049,"Arkansas","Fulton County",3,37,127,62,65
050,05,049,"Arkansas","Fulton County",3,38,131,66,65
050,05,049,"Arkansas","Fulton County",3,39,138,66,72
050,05,049,"Arkansas","Fulton County",3,40,125,60,65
050,05,049,"Arkansas","Fulton County",3,41,123,54,69
050,05,049,"Arkansas","Fulton County",3,42,120,58,62
050,05,049,"Arkansas","Fulton County",3,43,125,62,63
050,05,049,"Arkansas","Fulton County",3,44,121,62,59
050,05,049,"Arkansas","Fulton County",3,45,119,70,49
050,05,049,"Arkansas","Fulton County",3,46,127,65,62
050,05,049,"Arkansas","Fulton County",3,47,117,51,66
050,05,049,"Arkansas","Fulton County",3,48,128,63,65
050,05,049,"Arkansas","Fulton County",3,49,132,65,67
050,05,049,"Arkansas","Fulton County",3,50,157,84,73
050,05,049,"Arkansas","Fulton County",3,51,164,86,78
050,05,049,"Arkansas","Fulton County",3,52,152,72,80
050,05,049,"Arkansas","Fulton County",3,53,146,61,85
050,05,049,"Arkansas","Fulton County",3,54,165,74,91
050,05,049,"Arkansas","Fulton County",3,55,160,83,77
050,05,049,"Arkansas","Fulton County",3,56,168,93,75
050,05,049,"Arkansas","Fulton County",3,57,179,89,90
050,05,049,"Arkansas","Fulton County",3,58,166,77,89
050,05,049,"Arkansas","Fulton County",3,59,182,88,94
050,05,049,"Arkansas","Fulton County",3,60,180,87,93
050,05,049,"Arkansas","Fulton County",3,61,198,96,102
050,05,049,"Arkansas","Fulton County",3,62,210,103,107
050,05,049,"Arkansas","Fulton County",3,63,181,84,97
050,05,049,"Arkansas","Fulton County",3,64,202,94,108
050,05,049,"Arkansas","Fulton County",3,65,191,93,98
050,05,049,"Arkansas","Fulton County",3,66,181,93,88
050,05,049,"Arkansas","Fulton County",3,67,177,95,82
050,05,049,"Arkansas","Fulton County",3,68,178,96,82
050,05,049,"Arkansas","Fulton County",3,69,177,86,91
050,05,049,"Arkansas","Fulton County",3,70,193,88,105
050,05,049,"Arkansas","Fulton County",3,71,177,82,95
050,05,049,"Arkansas","Fulton County",3,72,172,84,88
050,05,049,"Arkansas","Fulton County",3,73,176,89,87
050,05,049,"Arkansas","Fulton County",3,74,181,83,98
050,05,049,"Arkansas","Fulton County",3,75,121,62,59
050,05,049,"Arkansas","Fulton County",3,76,118,56,62
050,05,049,"Arkansas","Fulton County",3,77,118,48,70
050,05,049,"Arkansas","Fulton County",3,78,140,59,81
050,05,049,"Arkansas","Fulton County",3,79,114,47,67
050,05,049,"Arkansas","Fulton County",3,80,100,48,52
050,05,049,"Arkansas","Fulton County",3,81,89,48,41
050,05,049,"Arkansas","Fulton County",3,82,70,39,31
050,05,049,"Arkansas","Fulton County",3,83,77,31,46
050,05,049,"Arkansas","Fulton County",3,84,65,32,33
050,05,049,"Arkansas","Fulton County",3,85,364,151,213
050,05,049,"Arkansas","Fulton County",4,0,116,45,71
050,05,049,"Arkansas","Fulton County",4,1,143,81,62
050,05,049,"Arkansas","Fulton County",4,2,125,61,64
050,05,049,"Arkansas","Fulton County",4,3,116,59,57
050,05,049,"Arkansas","Fulton County",4,4,132,64,68
050,05,049,"Arkansas","Fulton County",4,5,130,71,59
050,05,049,"Arkansas","Fulton County",4,6,131,66,65
050,05,049,"Arkansas","Fulton County",4,7,145,74,71
050,05,049,"Arkansas","Fulton County",4,8,142,74,68
050,05,049,"Arkansas","Fulton County",4,9,155,79,76
050,05,049,"Arkansas","Fulton County",4,10,143,78,65
050,05,049,"Arkansas","Fulton County",4,11,144,76,68
050,05,049,"Arkansas","Fulton County",4,12,184,96,88
050,05,049,"Arkansas","Fulton County",4,13,164,92,72
050,05,049,"Arkansas","Fulton County",4,14,185,89,96
050,05,049,"Arkansas","Fulton County",4,15,174,89,85
050,05,049,"Arkansas","Fulton County",4,16,166,85,81
050,05,049,"Arkansas","Fulton County",4,17,151,78,73
050,05,049,"Arkansas","Fulton County",4,18,154,86,68
050,05,049,"Arkansas","Fulton County",4,19,93,51,42
050,05,049,"Arkansas","Fulton County",4,20,97,59,38
050,05,049,"Arkansas","Fulton County",4,21,111,57,54
050,05,049,"Arkansas","Fulton County",4,22,105,54,51
050,05,049,"Arkansas","Fulton County",4,23,111,55,56
050,05,049,"Arkansas","Fulton County",4,24,99,51,48
050,05,049,"Arkansas","Fulton County",4,25,106,45,61
050,05,049,"Arkansas","Fulton County",4,26,138,65,73
050,05,049,"Arkansas","Fulton County",4,27,133,77,56
050,05,049,"Arkansas","Fulton County",4,28,118,61,57
050,05,049,"Arkansas","Fulton County",4,29,108,62,46
050,05,049,"Arkansas","Fulton County",4,30,107,48,59
050,05,049,"Arkansas","Fulton County",4,31,107,55,52
050,05,049,"Arkansas","Fulton County",4,32,148,70,78
050,05,049,"Arkansas","Fulton County",4,33,122,50,72
050,05,049,"Arkansas","Fulton County",4,34,111,52,59
050,05,049,"Arkansas","Fulton County",4,35,112,61,51
050,05,049,"Arkansas","Fulton County",4,36,134,61,73
050,05,049,"Arkansas","Fulton County",4,37,117,60,57
050,05,049,"Arkansas","Fulton County",4,38,127,59,68
050,05,049,"Arkansas","Fulton County",4,39,135,68,67
050,05,049,"Arkansas","Fulton County",4,40,145,69,76
050,05,049,"Arkansas","Fulton County",4,41,136,65,71
050,05,049,"Arkansas","Fulton County",4,42,116,50,66
050,05,049,"Arkansas","Fulton County",4,43,128,62,66
050,05,049,"Arkansas","Fulton County",4,44,125,63,62
050,05,049,"Arkansas","Fulton County",4,45,123,65,58
050,05,049,"Arkansas","Fulton County",4,46,128,73,55
050,05,049,"Arkansas","Fulton County",4,47,129,64,65
050,05,049,"Arkansas","Fulton County",4,48,124,57,67
050,05,049,"Arkansas","Fulton County",4,49,134,67,67
050,05,049,"Arkansas","Fulton County",4,50,137,68,69
050,05,049,"Arkansas","Fulton County",4,51,164,84,80
050,05,049,"Arkansas","Fulton County",4,52,169,88,81
050,05,049,"Arkansas","Fulton County",4,53,151,77,74
050,05,049,"Arkansas","Fulton County",4,54,150,66,84
050,05,049,"Arkansas","Fulton County",4,55,177,79,98
050,05,049,"Arkansas","Fulton County",4,56,164,85,79
050,05,049,"Arkansas","Fulton County",4,57,181,96,85
050,05,049,"Arkansas","Fulton County",4,58,189,96,93
050,05,049,"Arkansas","Fulton County",4,59,181,84,97
050,05,049,"Arkansas","Fulton County",4,60,200,97,103
050,05,049,"Arkansas","Fulton County",4,61,170,84,86
050,05,049,"Arkansas","Fulton County",4,62,202,95,107
050,05,049,"Arkansas","Fulton County",4,63,221,112,109
050,05,049,"Arkansas","Fulton County",4,64,188,88,100
050,05,049,"Arkansas","Fulton County",4,65,210,98,112
050,05,049,"Arkansas","Fulton County",4,66,184,94,90
050,05,049,"Arkansas","Fulton County",4,67,179,94,85
050,05,049,"Arkansas","Fulton County",4,68,183,97,86
050,05,049,"Arkansas","Fulton County",4,69,172,94,78
050,05,049,"Arkansas","Fulton County",4,70,167,77,90
050,05,049,"Arkansas","Fulton County",4,71,179,79,100
050,05,049,"Arkansas","Fulton County",4,72,178,84,94
050,05,049,"Arkansas","Fulton County",4,73,170,87,83
050,05,049,"Arkansas","Fulton County",4,74,155,80,75
050,05,049,"Arkansas","Fulton County",4,75,170,77,93
050,05,049,"Arkansas","Fulton County",4,76,109,59,50
050,05,049,"Arkansas","Fulton County",4,77,114,55,59
050,05,049,"Arkansas","Fulton County",4,78,113,46,67
050,05,049,"Arkansas","Fulton County",4,79,128,56,72
050,05,049,"Arkansas","Fulton County",4,80,107,42,65
050,05,049,"Arkansas","Fulton County",4,81,91,42,49
050,05,049,"Arkansas","Fulton County",4,82,76,40,36
050,05,049,"Arkansas","Fulton County",4,83,66,31,35
050,05,049,"Arkansas","Fulton County",4,84,61,24,37
050,05,049,"Arkansas","Fulton County",4,85,372,157,215
050,05,049,"Arkansas","Fulton County",5,0,115,45,70
050,05,049,"Arkansas","Fulton County",5,1,113,46,67
050,05,049,"Arkansas","Fulton County",5,2,135,71,64
050,05,049,"Arkansas","Fulton County",5,3,120,54,66
050,05,049,"Arkansas","Fulton County",5,4,118,58,60
050,05,049,"Arkansas","Fulton County",5,5,134,64,70
050,05,049,"Arkansas","Fulton County",5,6,138,77,61
050,05,049,"Arkansas","Fulton County",5,7,132,69,63
050,05,049,"Arkansas","Fulton County",5,8,147,75,72
050,05,049,"Arkansas","Fulton County",5,9,136,68,68
050,05,049,"Arkansas","Fulton County",5,10,165,81,84
050,05,049,"Arkansas","Fulton County",5,11,143,80,63
050,05,049,"Arkansas","Fulton County",5,12,149,76,73
050,05,049,"Arkansas","Fulton County",5,13,183,95,88
050,05,049,"Arkansas","Fulton County",5,14,169,92,77
050,05,049,"Arkansas","Fulton County",5,15,191,95,96
050,05,049,"Arkansas","Fulton County",5,16,167,84,83
050,05,049,"Arkansas","Fulton County",5,17,171,84,87
050,05,049,"Arkansas","Fulton County",5,18,127,68,59
050,05,049,"Arkansas","Fulton County",5,19,114,64,50
050,05,049,"Arkansas","Fulton County",5,20,100,55,45
050,05,049,"Arkansas","Fulton County",5,21,109,68,41
050,05,049,"Arkansas","Fulton County",5,22,111,59,52
050,05,049,"Arkansas","Fulton County",5,23,102,49,53
050,05,049,"Arkansas","Fulton County",5,24,118,63,55
050,05,049,"Arkansas","Fulton County",5,25,100,50,50
050,05,049,"Arkansas","Fulton County",5,26,116,54,62
050,05,049,"Arkansas","Fulton County",5,27,141,68,73
050,05,049,"Arkansas","Fulton County",5,28,125,66,59
050,05,049,"Arkansas","Fulton County",5,29,128,68,60
050,05,049,"Arkansas","Fulton County",5,30,110,61,49
050,05,049,"Arkansas","Fulton County",5,31,108,49,59
050,05,049,"Arkansas","Fulton County",5,32,119,58,61
050,05,049,"Arkansas","Fulton County",5,33,144,65,79
050,05,049,"Arkansas","Fulton County",5,34,125,52,73
050,05,049,"Arkansas","Fulton County",5,35,119,54,65
050,05,049,"Arkansas","Fulton County",5,36,111,61,50
050,05,049,"Arkansas","Fulton County",5,37,138,68,70
050,05,049,"Arkansas","Fulton County",5,38,109,57,52
050,05,049,"Arkansas","Fulton County",5,39,131,62,69
050,05,049,"Arkansas","Fulton County",5,40,140,71,69
050,05,049,"Arkansas","Fulton County",5,41,143,69,74
050,05,049,"Arkansas","Fulton County",5,42,139,68,71
050,05,049,"Arkansas","Fulton County",5,43,134,63,71
050,05,049,"Arkansas","Fulton County",5,44,130,64,66
050,05,049,"Arkansas","Fulton County",5,45,123,58,65
050,05,049,"Arkansas","Fulton County",5,46,126,65,61
050,05,049,"Arkansas","Fulton County",5,47,127,75,52
050,05,049,"Arkansas","Fulton County",5,48,132,67,65
050,05,049,"Arkansas","Fulton County",5,49,128,60,68
050,05,049,"Arkansas","Fulton County",5,50,139,70,69
050,05,049,"Arkansas","Fulton County",5,51,143,68,75
050,05,049,"Arkansas","Fulton County",5,52,165,84,81
050,05,049,"Arkansas","Fulton County",5,53,177,90,87
050,05,049,"Arkansas","Fulton County",5,54,158,78,80
050,05,049,"Arkansas","Fulton County",5,55,157,71,86
050,05,049,"Arkansas","Fulton County",5,56,185,87,98
050,05,049,"Arkansas","Fulton County",5,57,166,86,80
050,05,049,"Arkansas","Fulton County",5,58,182,97,85
050,05,049,"Arkansas","Fulton County",5,59,206,107,99
050,05,049,"Arkansas","Fulton County",5,60,178,83,95
050,05,049,"Arkansas","Fulton County",5,61,201,99,102
050,05,049,"Arkansas","Fulton County",5,62,172,86,86
050,05,049,"Arkansas","Fulton County",5,63,206,100,106
050,05,049,"Arkansas","Fulton County",5,64,231,119,112
050,05,049,"Arkansas","Fulton County",5,65,188,90,98
050,05,049,"Arkansas","Fulton County",5,66,205,100,105
050,05,049,"Arkansas","Fulton County",5,67,187,95,92
050,05,049,"Arkansas","Fulton County",5,68,175,92,83
050,05,049,"Arkansas","Fulton County",5,69,179,95,84
050,05,049,"Arkansas","Fulton County",5,70,171,92,79
050,05,049,"Arkansas","Fulton County",5,71,161,75,86
050,05,049,"Arkansas","Fulton County",5,72,178,82,96
050,05,049,"Arkansas","Fulton County",5,73,178,90,88
050,05,049,"Arkansas","Fulton County",5,74,158,79,79
050,05,049,"Arkansas","Fulton County",5,75,149,73,76
050,05,049,"Arkansas","Fulton County",5,76,158,74,84
050,05,049,"Arkansas","Fulton County",5,77,107,60,47
050,05,049,"Arkansas","Fulton County",5,78,107,53,54
050,05,049,"Arkansas","Fulton County",5,79,102,43,59
050,05,049,"Arkansas","Fulton County",5,80,120,53,67
050,05,049,"Arkansas","Fulton County",5,81,98,37,61
050,05,049,"Arkansas","Fulton County",5,82,76,33,43
050,05,049,"Arkansas","Fulton County",5,83,71,33,38
050,05,049,"Arkansas","Fulton County",5,84,51,24,27
050,05,049,"Arkansas","Fulton County",5,85,383,155,228
050,05,051,"Arkansas","Garland County",1,0,1036,525,511
050,05,051,"Arkansas","Garland County",1,1,1071,557,514
050,05,051,"Arkansas","Garland County",1,2,1098,567,531
050,05,051,"Arkansas","Garland County",1,3,1073,544,529
050,05,051,"Arkansas","Garland County",1,4,1077,545,532
050,05,051,"Arkansas","Garland County",1,5,1075,556,519
050,05,051,"Arkansas","Garland County",1,6,1037,569,468
050,05,051,"Arkansas","Garland County",1,7,1102,595,507
050,05,051,"Arkansas","Garland County",1,8,1125,581,544
050,05,051,"Arkansas","Garland County",1,9,1124,579,545
050,05,051,"Arkansas","Garland County",1,10,1128,580,548
050,05,051,"Arkansas","Garland County",1,11,1153,592,561
050,05,051,"Arkansas","Garland County",1,12,1212,606,606
050,05,051,"Arkansas","Garland County",1,13,1192,602,590
050,05,051,"Arkansas","Garland County",1,14,1169,600,569
050,05,051,"Arkansas","Garland County",1,15,1164,602,562
050,05,051,"Arkansas","Garland County",1,16,1194,593,601
050,05,051,"Arkansas","Garland County",1,17,1223,641,582
050,05,051,"Arkansas","Garland County",1,18,1068,563,505
050,05,051,"Arkansas","Garland County",1,19,929,492,437
050,05,051,"Arkansas","Garland County",1,20,962,511,451
050,05,051,"Arkansas","Garland County",1,21,984,503,481
050,05,051,"Arkansas","Garland County",1,22,1018,495,523
050,05,051,"Arkansas","Garland County",1,23,1009,522,487
050,05,051,"Arkansas","Garland County",1,24,1001,501,500
050,05,051,"Arkansas","Garland County",1,25,1079,514,565
050,05,051,"Arkansas","Garland County",1,26,1067,528,539
050,05,051,"Arkansas","Garland County",1,27,1137,551,586
050,05,051,"Arkansas","Garland County",1,28,1222,596,626
050,05,051,"Arkansas","Garland County",1,29,1203,599,604
050,05,051,"Arkansas","Garland County",1,30,1223,609,614
050,05,051,"Arkansas","Garland County",1,31,1170,565,605
050,05,051,"Arkansas","Garland County",1,32,1090,541,549
050,05,051,"Arkansas","Garland County",1,33,1076,539,537
050,05,051,"Arkansas","Garland County",1,34,1036,477,559
050,05,051,"Arkansas","Garland County",1,35,1094,482,612
050,05,051,"Arkansas","Garland County",1,36,1104,520,584
050,05,051,"Arkansas","Garland County",1,37,1156,584,572
050,05,051,"Arkansas","Garland County",1,38,1196,584,612
050,05,051,"Arkansas","Garland County",1,39,1182,586,596
050,05,051,"Arkansas","Garland County",1,40,1154,580,574
050,05,051,"Arkansas","Garland County",1,41,1158,585,573
050,05,051,"Arkansas","Garland County",1,42,1167,580,587
050,05,051,"Arkansas","Garland County",1,43,1098,541,557
050,05,051,"Arkansas","Garland County",1,44,1074,511,563
050,05,051,"Arkansas","Garland County",1,45,1112,541,571
050,05,051,"Arkansas","Garland County",1,46,1116,535,581
050,05,051,"Arkansas","Garland County",1,47,1168,557,611
050,05,051,"Arkansas","Garland County",1,48,1239,595,644
050,05,051,"Arkansas","Garland County",1,49,1260,592,668
050,05,051,"Arkansas","Garland County",1,50,1201,579,622
050,05,051,"Arkansas","Garland County",1,51,1195,606,589
050,05,051,"Arkansas","Garland County",1,52,1194,578,616
050,05,051,"Arkansas","Garland County",1,53,1210,590,620
050,05,051,"Arkansas","Garland County",1,54,1217,587,630
050,05,051,"Arkansas","Garland County",1,55,1311,612,699
050,05,051,"Arkansas","Garland County",1,56,1367,642,725
050,05,051,"Arkansas","Garland County",1,57,1448,701,747
050,05,051,"Arkansas","Garland County",1,58,1459,703,756
050,05,051,"Arkansas","Garland County",1,59,1457,681,776
050,05,051,"Arkansas","Garland County",1,60,1475,694,781
050,05,051,"Arkansas","Garland County",1,61,1456,691,765
050,05,051,"Arkansas","Garland County",1,62,1474,681,793
050,05,051,"Arkansas","Garland County",1,63,1463,694,769
050,05,051,"Arkansas","Garland County",1,64,1518,692,826
050,05,051,"Arkansas","Garland County",1,65,1524,699,825
050,05,051,"Arkansas","Garland County",1,66,1526,721,805
050,05,051,"Arkansas","Garland County",1,67,1511,692,819
050,05,051,"Arkansas","Garland County",1,68,1462,681,781
050,05,051,"Arkansas","Garland County",1,69,1418,663,755
050,05,051,"Arkansas","Garland County",1,70,1377,642,735
050,05,051,"Arkansas","Garland County",1,71,1338,620,718
050,05,051,"Arkansas","Garland County",1,72,1387,632,755
050,05,051,"Arkansas","Garland County",1,73,1386,640,746
050,05,051,"Arkansas","Garland County",1,74,974,451,523
050,05,051,"Arkansas","Garland County",1,75,982,448,534
050,05,051,"Arkansas","Garland County",1,76,988,460,528
050,05,051,"Arkansas","Garland County",1,77,953,444,509
050,05,051,"Arkansas","Garland County",1,78,864,378,486
050,05,051,"Arkansas","Garland County",1,79,769,369,400
050,05,051,"Arkansas","Garland County",1,80,724,329,395
050,05,051,"Arkansas","Garland County",1,81,643,308,335
050,05,051,"Arkansas","Garland County",1,82,602,284,318
050,05,051,"Arkansas","Garland County",1,83,489,216,273
050,05,051,"Arkansas","Garland County",1,84,474,208,266
050,05,051,"Arkansas","Garland County",1,85,2532,966,1566
050,05,051,"Arkansas","Garland County",2,0,1013,524,489
050,05,051,"Arkansas","Garland County",2,1,1058,552,506
050,05,051,"Arkansas","Garland County",2,2,1085,559,526
050,05,051,"Arkansas","Garland County",2,3,1080,550,530
050,05,051,"Arkansas","Garland County",2,4,1079,545,534
050,05,051,"Arkansas","Garland County",2,5,1070,548,522
050,05,051,"Arkansas","Garland County",2,6,1052,569,483
050,05,051,"Arkansas","Garland County",2,7,1084,586,498
050,05,051,"Arkansas","Garland County",2,8,1114,581,533
050,05,051,"Arkansas","Garland County",2,9,1125,582,543
050,05,051,"Arkansas","Garland County",2,10,1131,579,552
050,05,051,"Arkansas","Garland County",2,11,1143,585,558
050,05,051,"Arkansas","Garland County",2,12,1206,606,600
050,05,051,"Arkansas","Garland County",2,13,1199,603,596
050,05,051,"Arkansas","Garland County",2,14,1177,603,574
050,05,051,"Arkansas","Garland County",2,15,1176,609,567
050,05,051,"Arkansas","Garland County",2,16,1197,600,597
050,05,051,"Arkansas","Garland County",2,17,1230,637,593
050,05,051,"Arkansas","Garland County",2,18,1068,564,504
050,05,051,"Arkansas","Garland County",2,19,933,496,437
050,05,051,"Arkansas","Garland County",2,20,967,517,450
050,05,051,"Arkansas","Garland County",2,21,986,505,481
050,05,051,"Arkansas","Garland County",2,22,1014,502,512
050,05,051,"Arkansas","Garland County",2,23,1011,515,496
050,05,051,"Arkansas","Garland County",2,24,1010,510,500
050,05,051,"Arkansas","Garland County",2,25,1066,516,550
050,05,051,"Arkansas","Garland County",2,26,1075,527,548
050,05,051,"Arkansas","Garland County",2,27,1116,543,573
050,05,051,"Arkansas","Garland County",2,28,1195,583,612
050,05,051,"Arkansas","Garland County",2,29,1208,600,608
050,05,051,"Arkansas","Garland County",2,30,1231,611,620
050,05,051,"Arkansas","Garland County",2,31,1181,574,607
050,05,051,"Arkansas","Garland County",2,32,1106,544,562
050,05,051,"Arkansas","Garland County",2,33,1076,537,539
050,05,051,"Arkansas","Garland County",2,34,1049,491,558
050,05,051,"Arkansas","Garland County",2,35,1088,486,602
050,05,051,"Arkansas","Garland County",2,36,1098,510,588
050,05,051,"Arkansas","Garland County",2,37,1152,574,578
050,05,051,"Arkansas","Garland County",2,38,1188,586,602
050,05,051,"Arkansas","Garland County",2,39,1187,587,600
050,05,051,"Arkansas","Garland County",2,40,1173,588,585
050,05,051,"Arkansas","Garland County",2,41,1158,584,574
050,05,051,"Arkansas","Garland County",2,42,1165,581,584
050,05,051,"Arkansas","Garland County",2,43,1126,556,570
050,05,051,"Arkansas","Garland County",2,44,1075,515,560
050,05,051,"Arkansas","Garland County",2,45,1116,543,573
050,05,051,"Arkansas","Garland County",2,46,1118,540,578
050,05,051,"Arkansas","Garland County",2,47,1153,551,602
050,05,051,"Arkansas","Garland County",2,48,1225,587,638
050,05,051,"Arkansas","Garland County",2,49,1258,595,663
050,05,051,"Arkansas","Garland County",2,50,1216,582,634
050,05,051,"Arkansas","Garland County",2,51,1191,597,594
050,05,051,"Arkansas","Garland County",2,52,1191,581,610
050,05,051,"Arkansas","Garland County",2,53,1208,592,616
050,05,051,"Arkansas","Garland County",2,54,1212,585,627
050,05,051,"Arkansas","Garland County",2,55,1289,605,684
050,05,051,"Arkansas","Garland County",2,56,1359,640,719
050,05,051,"Arkansas","Garland County",2,57,1433,688,745
050,05,051,"Arkansas","Garland County",2,58,1457,702,755
050,05,051,"Arkansas","Garland County",2,59,1470,692,778
050,05,051,"Arkansas","Garland County",2,60,1468,691,777
050,05,051,"Arkansas","Garland County",2,61,1458,691,767
050,05,051,"Arkansas","Garland County",2,62,1471,686,785
050,05,051,"Arkansas","Garland County",2,63,1481,699,782
050,05,051,"Arkansas","Garland County",2,64,1501,686,815
050,05,051,"Arkansas","Garland County",2,65,1523,697,826
050,05,051,"Arkansas","Garland County",2,66,1531,716,815
050,05,051,"Arkansas","Garland County",2,67,1510,692,818
050,05,051,"Arkansas","Garland County",2,68,1467,681,786
050,05,051,"Arkansas","Garland County",2,69,1440,671,769
050,05,051,"Arkansas","Garland County",2,70,1382,647,735
050,05,051,"Arkansas","Garland County",2,71,1346,628,718
050,05,051,"Arkansas","Garland County",2,72,1352,618,734
050,05,051,"Arkansas","Garland County",2,73,1441,658,783
050,05,051,"Arkansas","Garland County",2,74,1004,464,540
050,05,051,"Arkansas","Garland County",2,75,975,447,528
050,05,051,"Arkansas","Garland County",2,76,970,450,520
050,05,051,"Arkansas","Garland County",2,77,972,448,524
050,05,051,"Arkansas","Garland County",2,78,865,391,474
050,05,051,"Arkansas","Garland County",2,79,780,366,414
050,05,051,"Arkansas","Garland County",2,80,724,330,394
050,05,051,"Arkansas","Garland County",2,81,650,310,340
050,05,051,"Arkansas","Garland County",2,82,602,284,318
050,05,051,"Arkansas","Garland County",2,83,505,223,282
050,05,051,"Arkansas","Garland County",2,84,469,200,269
050,05,051,"Arkansas","Garland County",2,85,2554,978,1576
050,05,051,"Arkansas","Garland County",3,0,944,475,469
050,05,051,"Arkansas","Garland County",3,1,1016,527,489
050,05,051,"Arkansas","Garland County",3,2,1058,550,508
050,05,051,"Arkansas","Garland County",3,3,1084,546,538
050,05,051,"Arkansas","Garland County",3,4,1051,545,506
050,05,051,"Arkansas","Garland County",3,5,1055,528,527
050,05,051,"Arkansas","Garland County",3,6,1079,547,532
050,05,051,"Arkansas","Garland County",3,7,1063,576,487
050,05,051,"Arkansas","Garland County",3,8,1072,586,486
050,05,051,"Arkansas","Garland County",3,9,1129,588,541
050,05,051,"Arkansas","Garland County",3,10,1137,584,553
050,05,051,"Arkansas","Garland County",3,11,1144,606,538
050,05,051,"Arkansas","Garland County",3,12,1169,594,575
050,05,051,"Arkansas","Garland County",3,13,1238,617,621
050,05,051,"Arkansas","Garland County",3,14,1174,583,591
050,05,051,"Arkansas","Garland County",3,15,1206,627,579
050,05,051,"Arkansas","Garland County",3,16,1215,628,587
050,05,051,"Arkansas","Garland County",3,17,1233,613,620
050,05,051,"Arkansas","Garland County",3,18,1094,565,529
050,05,051,"Arkansas","Garland County",3,19,933,505,428
050,05,051,"Arkansas","Garland County",3,20,961,506,455
050,05,051,"Arkansas","Garland County",3,21,1002,524,478
050,05,051,"Arkansas","Garland County",3,22,1032,527,505
050,05,051,"Arkansas","Garland County",3,23,1024,490,534
050,05,051,"Arkansas","Garland County",3,24,1010,522,488
050,05,051,"Arkansas","Garland County",3,25,998,502,496
050,05,051,"Arkansas","Garland County",3,26,1078,537,541
050,05,051,"Arkansas","Garland County",3,27,1083,541,542
050,05,051,"Arkansas","Garland County",3,28,1089,528,561
050,05,051,"Arkansas","Garland County",3,29,1212,592,620
050,05,051,"Arkansas","Garland County",3,30,1226,606,620
050,05,051,"Arkansas","Garland County",3,31,1229,605,624
050,05,051,"Arkansas","Garland County",3,32,1175,568,607
050,05,051,"Arkansas","Garland County",3,33,1107,533,574
050,05,051,"Arkansas","Garland County",3,34,1104,554,550
050,05,051,"Arkansas","Garland County",3,35,1069,496,573
050,05,051,"Arkansas","Garland County",3,36,1092,491,601
050,05,051,"Arkansas","Garland County",3,37,1117,531,586
050,05,051,"Arkansas","Garland County",3,38,1124,560,564
050,05,051,"Arkansas","Garland County",3,39,1212,600,612
050,05,051,"Arkansas","Garland County",3,40,1171,588,583
050,05,051,"Arkansas","Garland County",3,41,1173,580,593
050,05,051,"Arkansas","Garland County",3,42,1177,587,590
050,05,051,"Arkansas","Garland County",3,43,1171,579,592
050,05,051,"Arkansas","Garland County",3,44,1120,544,576
050,05,051,"Arkansas","Garland County",3,45,1072,506,566
050,05,051,"Arkansas","Garland County",3,46,1140,553,587
050,05,051,"Arkansas","Garland County",3,47,1089,521,568
050,05,051,"Arkansas","Garland County",3,48,1169,565,604
050,05,051,"Arkansas","Garland County",3,49,1213,591,622
050,05,051,"Arkansas","Garland County",3,50,1257,593,664
050,05,051,"Arkansas","Garland County",3,51,1262,608,654
050,05,051,"Arkansas","Garland County",3,52,1205,589,616
050,05,051,"Arkansas","Garland County",3,53,1194,588,606
050,05,051,"Arkansas","Garland County",3,54,1229,599,630
050,05,051,"Arkansas","Garland County",3,55,1215,585,630
050,05,051,"Arkansas","Garland County",3,56,1292,613,679
050,05,051,"Arkansas","Garland County",3,57,1380,668,712
050,05,051,"Arkansas","Garland County",3,58,1445,681,764
050,05,051,"Arkansas","Garland County",3,59,1461,694,767
050,05,051,"Arkansas","Garland County",3,60,1484,702,782
050,05,051,"Arkansas","Garland County",3,61,1494,703,791
050,05,051,"Arkansas","Garland County",3,62,1475,697,778
050,05,051,"Arkansas","Garland County",3,63,1499,698,801
050,05,051,"Arkansas","Garland County",3,64,1497,704,793
050,05,051,"Arkansas","Garland County",3,65,1514,688,826
050,05,051,"Arkansas","Garland County",3,66,1513,681,832
050,05,051,"Arkansas","Garland County",3,67,1522,709,813
050,05,051,"Arkansas","Garland County",3,68,1491,683,808
050,05,051,"Arkansas","Garland County",3,69,1466,682,784
050,05,051,"Arkansas","Garland County",3,70,1408,658,750
050,05,051,"Arkansas","Garland County",3,71,1369,647,722
050,05,051,"Arkansas","Garland County",3,72,1329,622,707
050,05,051,"Arkansas","Garland County",3,73,1296,601,695
050,05,051,"Arkansas","Garland County",3,74,1400,635,765
050,05,051,"Arkansas","Garland County",3,75,989,457,532
050,05,051,"Arkansas","Garland County",3,76,934,435,499
050,05,051,"Arkansas","Garland County",3,77,930,426,504
050,05,051,"Arkansas","Garland County",3,78,940,435,505
050,05,051,"Arkansas","Garland County",3,79,816,367,449
050,05,051,"Arkansas","Garland County",3,80,741,338,403
050,05,051,"Arkansas","Garland County",3,81,668,313,355
050,05,051,"Arkansas","Garland County",3,82,586,277,309
050,05,051,"Arkansas","Garland County",3,83,554,253,301
050,05,051,"Arkansas","Garland County",3,84,467,197,270
050,05,051,"Arkansas","Garland County",3,85,2538,982,1556
050,05,051,"Arkansas","Garland County",4,0,957,478,479
050,05,051,"Arkansas","Garland County",4,1,922,460,462
050,05,051,"Arkansas","Garland County",4,2,1020,528,492
050,05,051,"Arkansas","Garland County",4,3,1064,552,512
050,05,051,"Arkansas","Garland County",4,4,1101,551,550
050,05,051,"Arkansas","Garland County",4,5,1039,533,506
050,05,051,"Arkansas","Garland County",4,6,1041,528,513
050,05,051,"Arkansas","Garland County",4,7,1087,547,540
050,05,051,"Arkansas","Garland County",4,8,1039,561,478
050,05,051,"Arkansas","Garland County",4,9,1107,603,504
050,05,051,"Arkansas","Garland County",4,10,1122,585,537
050,05,051,"Arkansas","Garland County",4,11,1128,585,543
050,05,051,"Arkansas","Garland County",4,12,1161,616,545
050,05,051,"Arkansas","Garland County",4,13,1172,584,588
050,05,051,"Arkansas","Garland County",4,14,1244,625,619
050,05,051,"Arkansas","Garland County",4,15,1205,599,606
050,05,051,"Arkansas","Garland County",4,16,1229,648,581
050,05,051,"Arkansas","Garland County",4,17,1264,645,619
050,05,051,"Arkansas","Garland County",4,18,1075,539,536
050,05,051,"Arkansas","Garland County",4,19,897,471,426
050,05,051,"Arkansas","Garland County",4,20,962,518,444
050,05,051,"Arkansas","Garland County",4,21,997,525,472
050,05,051,"Arkansas","Garland County",4,22,994,519,475
050,05,051,"Arkansas","Garland County",4,23,1042,534,508
050,05,051,"Arkansas","Garland County",4,24,1013,475,538
050,05,051,"Arkansas","Garland County",4,25,977,505,472
050,05,051,"Arkansas","Garland County",4,26,967,492,475
050,05,051,"Arkansas","Garland County",4,27,1071,534,537
050,05,051,"Arkansas","Garland County",4,28,1057,539,518
050,05,051,"Arkansas","Garland County",4,29,1090,529,561
050,05,051,"Arkansas","Garland County",4,30,1179,576,603
050,05,051,"Arkansas","Garland County",4,31,1224,601,623
050,05,051,"Arkansas","Garland County",4,32,1198,571,627
050,05,051,"Arkansas","Garland County",4,33,1177,560,617
050,05,051,"Arkansas","Garland County",4,34,1130,550,580
050,05,051,"Arkansas","Garland County",4,35,1106,553,553
050,05,051,"Arkansas","Garland County",4,36,1062,488,574
050,05,051,"Arkansas","Garland County",4,37,1116,509,607
050,05,051,"Arkansas","Garland County",4,38,1126,542,584
050,05,051,"Arkansas","Garland County",4,39,1129,561,568
050,05,051,"Arkansas","Garland County",4,40,1206,583,623
050,05,051,"Arkansas","Garland County",4,41,1173,575,598
050,05,051,"Arkansas","Garland County",4,42,1201,600,601
050,05,051,"Arkansas","Garland County",4,43,1191,591,600
050,05,051,"Arkansas","Garland County",4,44,1172,584,588
050,05,051,"Arkansas","Garland County",4,45,1137,553,584
050,05,051,"Arkansas","Garland County",4,46,1073,510,563
050,05,051,"Arkansas","Garland County",4,47,1123,546,577
050,05,051,"Arkansas","Garland County",4,48,1068,511,557
050,05,051,"Arkansas","Garland County",4,49,1140,546,594
050,05,051,"Arkansas","Garland County",4,50,1202,576,626
050,05,051,"Arkansas","Garland County",4,51,1243,594,649
050,05,051,"Arkansas","Garland County",4,52,1286,599,687
050,05,051,"Arkansas","Garland County",4,53,1213,595,618
050,05,051,"Arkansas","Garland County",4,54,1189,580,609
050,05,051,"Arkansas","Garland County",4,55,1236,606,630
050,05,051,"Arkansas","Garland County",4,56,1235,597,638
050,05,051,"Arkansas","Garland County",4,57,1291,611,680
050,05,051,"Arkansas","Garland County",4,58,1382,676,706
050,05,051,"Arkansas","Garland County",4,59,1455,689,766
050,05,051,"Arkansas","Garland County",4,60,1450,688,762
050,05,051,"Arkansas","Garland County",4,61,1507,711,796
050,05,051,"Arkansas","Garland County",4,62,1512,710,802
050,05,051,"Arkansas","Garland County",4,63,1504,717,787
050,05,051,"Arkansas","Garland County",4,64,1510,695,815
050,05,051,"Arkansas","Garland County",4,65,1506,715,791
050,05,051,"Arkansas","Garland County",4,66,1522,682,840
050,05,051,"Arkansas","Garland County",4,67,1475,652,823
050,05,051,"Arkansas","Garland County",4,68,1486,693,793
050,05,051,"Arkansas","Garland County",4,69,1486,682,804
050,05,051,"Arkansas","Garland County",4,70,1453,684,769
050,05,051,"Arkansas","Garland County",4,71,1375,646,729
050,05,051,"Arkansas","Garland County",4,72,1340,633,707
050,05,051,"Arkansas","Garland County",4,73,1307,617,690
050,05,051,"Arkansas","Garland County",4,74,1258,589,669
050,05,051,"Arkansas","Garland County",4,75,1373,627,746
050,05,051,"Arkansas","Garland County",4,76,936,428,508
050,05,051,"Arkansas","Garland County",4,77,897,416,481
050,05,051,"Arkansas","Garland County",4,78,902,400,502
050,05,051,"Arkansas","Garland County",4,79,893,415,478
050,05,051,"Arkansas","Garland County",4,80,768,346,422
050,05,051,"Arkansas","Garland County",4,81,677,314,363
050,05,051,"Arkansas","Garland County",4,82,603,278,325
050,05,051,"Arkansas","Garland County",4,83,537,243,294
050,05,051,"Arkansas","Garland County",4,84,528,227,301
050,05,051,"Arkansas","Garland County",4,85,2470,981,1489
050,05,051,"Arkansas","Garland County",5,0,954,476,478
050,05,051,"Arkansas","Garland County",5,1,914,474,440
050,05,051,"Arkansas","Garland County",5,2,925,469,456
050,05,051,"Arkansas","Garland County",5,3,1010,514,496
050,05,051,"Arkansas","Garland County",5,4,1042,535,507
050,05,051,"Arkansas","Garland County",5,5,1105,565,540
050,05,051,"Arkansas","Garland County",5,6,1035,537,498
050,05,051,"Arkansas","Garland County",5,7,1033,522,511
050,05,051,"Arkansas","Garland County",5,8,1077,559,518
050,05,051,"Arkansas","Garland County",5,9,1044,551,493
050,05,051,"Arkansas","Garland County",5,10,1106,593,513
050,05,051,"Arkansas","Garland County",5,11,1111,578,533
050,05,051,"Arkansas","Garland County",5,12,1131,588,543
050,05,051,"Arkansas","Garland County",5,13,1165,611,554
050,05,051,"Arkansas","Garland County",5,14,1175,589,586
050,05,051,"Arkansas","Garland County",5,15,1257,620,637
050,05,051,"Arkansas","Garland County",5,16,1235,619,616
050,05,051,"Arkansas","Garland County",5,17,1276,671,605
050,05,051,"Arkansas","Garland County",5,18,1111,561,550
050,05,051,"Arkansas","Garland County",5,19,884,462,422
050,05,051,"Arkansas","Garland County",5,20,926,487,439
050,05,051,"Arkansas","Garland County",5,21,997,522,475
050,05,051,"Arkansas","Garland County",5,22,1024,546,478
050,05,051,"Arkansas","Garland County",5,23,992,517,475
050,05,051,"Arkansas","Garland County",5,24,1045,547,498
050,05,051,"Arkansas","Garland County",5,25,1011,481,530
050,05,051,"Arkansas","Garland County",5,26,955,481,474
050,05,051,"Arkansas","Garland County",5,27,967,479,488
050,05,051,"Arkansas","Garland County",5,28,1068,521,547
050,05,051,"Arkansas","Garland County",5,29,1078,542,536
050,05,051,"Arkansas","Garland County",5,30,1086,522,564
050,05,051,"Arkansas","Garland County",5,31,1189,567,622
050,05,051,"Arkansas","Garland County",5,32,1221,595,626
050,05,051,"Arkansas","Garland County",5,33,1182,585,597
050,05,051,"Arkansas","Garland County",5,34,1181,577,604
050,05,051,"Arkansas","Garland County",5,35,1107,540,567
050,05,051,"Arkansas","Garland County",5,36,1118,560,558
050,05,051,"Arkansas","Garland County",5,37,1062,485,577
050,05,051,"Arkansas","Garland County",5,38,1119,503,616
050,05,051,"Arkansas","Garland County",5,39,1117,527,590
050,05,051,"Arkansas","Garland County",5,40,1121,563,558
050,05,051,"Arkansas","Garland County",5,41,1204,579,625
050,05,051,"Arkansas","Garland County",5,42,1190,583,607
050,05,051,"Arkansas","Garland County",5,43,1176,582,594
050,05,051,"Arkansas","Garland County",5,44,1187,574,613
050,05,051,"Arkansas","Garland County",5,45,1140,576,564
050,05,051,"Arkansas","Garland County",5,46,1159,562,597
050,05,051,"Arkansas","Garland County",5,47,1071,517,554
050,05,051,"Arkansas","Garland County",5,48,1122,544,578
050,05,051,"Arkansas","Garland County",5,49,1052,496,556
050,05,051,"Arkansas","Garland County",5,50,1157,545,612
050,05,051,"Arkansas","Garland County",5,51,1231,593,638
050,05,051,"Arkansas","Garland County",5,52,1240,587,653
050,05,051,"Arkansas","Garland County",5,53,1294,602,692
050,05,051,"Arkansas","Garland County",5,54,1217,590,627
050,05,051,"Arkansas","Garland County",5,55,1216,590,626
050,05,051,"Arkansas","Garland County",5,56,1232,603,629
050,05,051,"Arkansas","Garland County",5,57,1243,599,644
050,05,051,"Arkansas","Garland County",5,58,1307,621,686
050,05,051,"Arkansas","Garland County",5,59,1385,671,714
050,05,051,"Arkansas","Garland County",5,60,1455,691,764
050,05,051,"Arkansas","Garland County",5,61,1450,680,770
050,05,051,"Arkansas","Garland County",5,62,1521,717,804
050,05,051,"Arkansas","Garland County",5,63,1517,716,801
050,05,051,"Arkansas","Garland County",5,64,1527,726,801
050,05,051,"Arkansas","Garland County",5,65,1512,688,824
050,05,051,"Arkansas","Garland County",5,66,1510,708,802
050,05,051,"Arkansas","Garland County",5,67,1507,672,835
050,05,051,"Arkansas","Garland County",5,68,1463,664,799
050,05,051,"Arkansas","Garland County",5,69,1489,698,791
050,05,051,"Arkansas","Garland County",5,70,1470,675,795
050,05,051,"Arkansas","Garland County",5,71,1427,663,764
050,05,051,"Arkansas","Garland County",5,72,1338,623,715
050,05,051,"Arkansas","Garland County",5,73,1323,624,699
050,05,051,"Arkansas","Garland County",5,74,1269,594,675
050,05,051,"Arkansas","Garland County",5,75,1226,580,646
050,05,051,"Arkansas","Garland County",5,76,1299,602,697
050,05,051,"Arkansas","Garland County",5,77,891,402,489
050,05,051,"Arkansas","Garland County",5,78,865,400,465
050,05,051,"Arkansas","Garland County",5,79,863,382,481
050,05,051,"Arkansas","Garland County",5,80,846,387,459
050,05,051,"Arkansas","Garland County",5,81,727,333,394
050,05,051,"Arkansas","Garland County",5,82,628,291,337
050,05,051,"Arkansas","Garland County",5,83,568,251,317
050,05,051,"Arkansas","Garland County",5,84,511,222,289
050,05,051,"Arkansas","Garland County",5,85,2603,1043,1560
050,05,053,"Arkansas","Grant County",1,0,176,90,86
050,05,053,"Arkansas","Grant County",1,1,167,86,81
050,05,053,"Arkansas","Grant County",1,2,199,106,93
050,05,053,"Arkansas","Grant County",1,3,199,95,104
050,05,053,"Arkansas","Grant County",1,4,210,99,111
050,05,053,"Arkansas","Grant County",1,5,184,87,97
050,05,053,"Arkansas","Grant County",1,6,197,104,93
050,05,053,"Arkansas","Grant County",1,7,229,114,115
050,05,053,"Arkansas","Grant County",1,8,235,114,121
050,05,053,"Arkansas","Grant County",1,9,229,121,108
050,05,053,"Arkansas","Grant County",1,10,222,113,109
050,05,053,"Arkansas","Grant County",1,11,230,124,106
050,05,053,"Arkansas","Grant County",1,12,249,133,116
050,05,053,"Arkansas","Grant County",1,13,253,134,119
050,05,053,"Arkansas","Grant County",1,14,265,145,120
050,05,053,"Arkansas","Grant County",1,15,252,134,118
050,05,053,"Arkansas","Grant County",1,16,232,116,116
050,05,053,"Arkansas","Grant County",1,17,250,120,130
050,05,053,"Arkansas","Grant County",1,18,209,104,105
050,05,053,"Arkansas","Grant County",1,19,179,91,88
050,05,053,"Arkansas","Grant County",1,20,182,91,91
050,05,053,"Arkansas","Grant County",1,21,186,101,85
050,05,053,"Arkansas","Grant County",1,22,171,83,88
050,05,053,"Arkansas","Grant County",1,23,184,89,95
050,05,053,"Arkansas","Grant County",1,24,214,106,108
050,05,053,"Arkansas","Grant County",1,25,215,109,106
050,05,053,"Arkansas","Grant County",1,26,199,99,100
050,05,053,"Arkansas","Grant County",1,27,206,100,106
050,05,053,"Arkansas","Grant County",1,28,208,111,97
050,05,053,"Arkansas","Grant County",1,29,223,111,112
050,05,053,"Arkansas","Grant County",1,30,241,113,128
050,05,053,"Arkansas","Grant County",1,31,241,119,122
050,05,053,"Arkansas","Grant County",1,32,208,110,98
050,05,053,"Arkansas","Grant County",1,33,214,117,97
050,05,053,"Arkansas","Grant County",1,34,236,126,110
050,05,053,"Arkansas","Grant County",1,35,245,116,129
050,05,053,"Arkansas","Grant County",1,36,237,109,128
050,05,053,"Arkansas","Grant County",1,37,219,97,122
050,05,053,"Arkansas","Grant County",1,38,222,113,109
050,05,053,"Arkansas","Grant County",1,39,232,132,100
050,05,053,"Arkansas","Grant County",1,40,251,136,115
050,05,053,"Arkansas","Grant County",1,41,224,114,110
050,05,053,"Arkansas","Grant County",1,42,225,107,118
050,05,053,"Arkansas","Grant County",1,43,235,121,114
050,05,053,"Arkansas","Grant County",1,44,224,111,113
050,05,053,"Arkansas","Grant County",1,45,227,114,113
050,05,053,"Arkansas","Grant County",1,46,235,114,121
050,05,053,"Arkansas","Grant County",1,47,225,110,115
050,05,053,"Arkansas","Grant County",1,48,238,125,113
050,05,053,"Arkansas","Grant County",1,49,240,140,100
050,05,053,"Arkansas","Grant County",1,50,238,122,116
050,05,053,"Arkansas","Grant County",1,51,241,113,128
050,05,053,"Arkansas","Grant County",1,52,223,103,120
050,05,053,"Arkansas","Grant County",1,53,227,112,115
050,05,053,"Arkansas","Grant County",1,54,239,120,119
050,05,053,"Arkansas","Grant County",1,55,272,134,138
050,05,053,"Arkansas","Grant County",1,56,271,129,142
050,05,053,"Arkansas","Grant County",1,57,268,137,131
050,05,053,"Arkansas","Grant County",1,58,261,139,122
050,05,053,"Arkansas","Grant County",1,59,267,143,124
050,05,053,"Arkansas","Grant County",1,60,259,131,128
050,05,053,"Arkansas","Grant County",1,61,263,127,136
050,05,053,"Arkansas","Grant County",1,62,231,116,115
050,05,053,"Arkansas","Grant County",1,63,230,110,120
050,05,053,"Arkansas","Grant County",1,64,227,110,117
050,05,053,"Arkansas","Grant County",1,65,216,105,111
050,05,053,"Arkansas","Grant County",1,66,216,110,106
050,05,053,"Arkansas","Grant County",1,67,222,117,105
050,05,053,"Arkansas","Grant County",1,68,194,90,104
050,05,053,"Arkansas","Grant County",1,69,176,81,95
050,05,053,"Arkansas","Grant County",1,70,167,79,88
050,05,053,"Arkansas","Grant County",1,71,185,86,99
050,05,053,"Arkansas","Grant County",1,72,189,94,95
050,05,053,"Arkansas","Grant County",1,73,202,96,106
050,05,053,"Arkansas","Grant County",1,74,133,64,69
050,05,053,"Arkansas","Grant County",1,75,124,59,65
050,05,053,"Arkansas","Grant County",1,76,151,66,85
050,05,053,"Arkansas","Grant County",1,77,144,58,86
050,05,053,"Arkansas","Grant County",1,78,131,58,73
050,05,053,"Arkansas","Grant County",1,79,101,43,58
050,05,053,"Arkansas","Grant County",1,80,86,38,48
050,05,053,"Arkansas","Grant County",1,81,92,39,53
050,05,053,"Arkansas","Grant County",1,82,83,40,43
050,05,053,"Arkansas","Grant County",1,83,56,23,33
050,05,053,"Arkansas","Grant County",1,84,67,30,37
050,05,053,"Arkansas","Grant County",1,85,335,134,201
050,05,053,"Arkansas","Grant County",2,0,174,86,88
050,05,053,"Arkansas","Grant County",2,1,172,88,84
050,05,053,"Arkansas","Grant County",2,2,195,105,90
050,05,053,"Arkansas","Grant County",2,3,201,100,101
050,05,053,"Arkansas","Grant County",2,4,206,97,109
050,05,053,"Arkansas","Grant County",2,5,192,92,100
050,05,053,"Arkansas","Grant County",2,6,199,103,96
050,05,053,"Arkansas","Grant County",2,7,225,114,111
050,05,053,"Arkansas","Grant County",2,8,235,115,120
050,05,053,"Arkansas","Grant County",2,9,229,118,111
050,05,053,"Arkansas","Grant County",2,10,224,116,108
050,05,053,"Arkansas","Grant County",2,11,228,122,106
050,05,053,"Arkansas","Grant County",2,12,247,133,114
050,05,053,"Arkansas","Grant County",2,13,252,134,118
050,05,053,"Arkansas","Grant County",2,14,263,143,120
050,05,053,"Arkansas","Grant County",2,15,256,137,119
050,05,053,"Arkansas","Grant County",2,16,236,120,116
050,05,053,"Arkansas","Grant County",2,17,245,120,125
050,05,053,"Arkansas","Grant County",2,18,208,104,104
050,05,053,"Arkansas","Grant County",2,19,178,89,89
050,05,053,"Arkansas","Grant County",2,20,185,93,92
050,05,053,"Arkansas","Grant County",2,21,186,99,87
050,05,053,"Arkansas","Grant County",2,22,175,87,88
050,05,053,"Arkansas","Grant County",2,23,182,88,94
050,05,053,"Arkansas","Grant County",2,24,209,104,105
050,05,053,"Arkansas","Grant County",2,25,215,109,106
050,05,053,"Arkansas","Grant County",2,26,205,101,104
050,05,053,"Arkansas","Grant County",2,27,205,100,105
050,05,053,"Arkansas","Grant County",2,28,207,108,99
050,05,053,"Arkansas","Grant County",2,29,223,112,111
050,05,053,"Arkansas","Grant County",2,30,240,113,127
050,05,053,"Arkansas","Grant County",2,31,241,118,123
050,05,053,"Arkansas","Grant County",2,32,218,113,105
050,05,053,"Arkansas","Grant County",2,33,215,116,99
050,05,053,"Arkansas","Grant County",2,34,234,125,109
050,05,053,"Arkansas","Grant County",2,35,245,119,126
050,05,053,"Arkansas","Grant County",2,36,240,112,128
050,05,053,"Arkansas","Grant County",2,37,226,103,123
050,05,053,"Arkansas","Grant County",2,38,227,112,115
050,05,053,"Arkansas","Grant County",2,39,231,128,103
050,05,053,"Arkansas","Grant County",2,40,250,137,113
050,05,053,"Arkansas","Grant County",2,41,229,118,111
050,05,053,"Arkansas","Grant County",2,42,225,109,116
050,05,053,"Arkansas","Grant County",2,43,232,117,115
050,05,053,"Arkansas","Grant County",2,44,225,113,112
050,05,053,"Arkansas","Grant County",2,45,226,114,112
050,05,053,"Arkansas","Grant County",2,46,232,113,119
050,05,053,"Arkansas","Grant County",2,47,226,112,114
050,05,053,"Arkansas","Grant County",2,48,235,122,113
050,05,053,"Arkansas","Grant County",2,49,237,133,104
050,05,053,"Arkansas","Grant County",2,50,241,128,113
050,05,053,"Arkansas","Grant County",2,51,239,114,125
050,05,053,"Arkansas","Grant County",2,52,226,105,121
050,05,053,"Arkansas","Grant County",2,53,226,109,117
050,05,053,"Arkansas","Grant County",2,54,235,117,118
050,05,053,"Arkansas","Grant County",2,55,266,132,134
050,05,053,"Arkansas","Grant County",2,56,275,131,144
050,05,053,"Arkansas","Grant County",2,57,270,136,134
050,05,053,"Arkansas","Grant County",2,58,263,138,125
050,05,053,"Arkansas","Grant County",2,59,266,143,123
050,05,053,"Arkansas","Grant County",2,60,258,133,125
050,05,053,"Arkansas","Grant County",2,61,261,128,133
050,05,053,"Arkansas","Grant County",2,62,239,119,120
050,05,053,"Arkansas","Grant County",2,63,234,113,121
050,05,053,"Arkansas","Grant County",2,64,225,109,116
050,05,053,"Arkansas","Grant County",2,65,218,106,112
050,05,053,"Arkansas","Grant County",2,66,216,107,109
050,05,053,"Arkansas","Grant County",2,67,221,115,106
050,05,053,"Arkansas","Grant County",2,68,199,95,104
050,05,053,"Arkansas","Grant County",2,69,183,84,99
050,05,053,"Arkansas","Grant County",2,70,169,80,89
050,05,053,"Arkansas","Grant County",2,71,181,84,97
050,05,053,"Arkansas","Grant County",2,72,186,90,96
050,05,053,"Arkansas","Grant County",2,73,206,100,106
050,05,053,"Arkansas","Grant County",2,74,138,66,72
050,05,053,"Arkansas","Grant County",2,75,127,60,67
050,05,053,"Arkansas","Grant County",2,76,144,64,80
050,05,053,"Arkansas","Grant County",2,77,148,62,86
050,05,053,"Arkansas","Grant County",2,78,129,56,73
050,05,053,"Arkansas","Grant County",2,79,107,46,61
050,05,053,"Arkansas","Grant County",2,80,90,40,50
050,05,053,"Arkansas","Grant County",2,81,88,38,50
050,05,053,"Arkansas","Grant County",2,82,85,40,45
050,05,053,"Arkansas","Grant County",2,83,61,27,34
050,05,053,"Arkansas","Grant County",2,84,66,29,37
050,05,053,"Arkansas","Grant County",2,85,341,138,203
050,05,053,"Arkansas","Grant County",3,0,202,117,85
050,05,053,"Arkansas","Grant County",3,1,180,85,95
050,05,053,"Arkansas","Grant County",3,2,193,98,95
050,05,053,"Arkansas","Grant County",3,3,185,94,91
050,05,053,"Arkansas","Grant County",3,4,206,101,105
050,05,053,"Arkansas","Grant County",3,5,223,108,115
050,05,053,"Arkansas","Grant County",3,6,216,104,112
050,05,053,"Arkansas","Grant County",3,7,196,98,98
050,05,053,"Arkansas","Grant County",3,8,217,113,104
050,05,053,"Arkansas","Grant County",3,9,246,113,133
050,05,053,"Arkansas","Grant County",3,10,231,124,107
050,05,053,"Arkansas","Grant County",3,11,223,114,109
050,05,053,"Arkansas","Grant County",3,12,234,124,110
050,05,053,"Arkansas","Grant County",3,13,256,136,120
050,05,053,"Arkansas","Grant County",3,14,250,131,119
050,05,053,"Arkansas","Grant County",3,15,262,140,122
050,05,053,"Arkansas","Grant County",3,16,245,127,118
050,05,053,"Arkansas","Grant County",3,17,247,126,121
050,05,053,"Arkansas","Grant County",3,18,210,105,105
050,05,053,"Arkansas","Grant County",3,19,183,93,90
050,05,053,"Arkansas","Grant County",3,20,176,87,89
050,05,053,"Arkansas","Grant County",3,21,188,96,92
050,05,053,"Arkansas","Grant County",3,22,206,105,101
050,05,053,"Arkansas","Grant County",3,23,195,97,98
050,05,053,"Arkansas","Grant County",3,24,204,101,103
050,05,053,"Arkansas","Grant County",3,25,220,111,109
050,05,053,"Arkansas","Grant County",3,26,216,110,106
050,05,053,"Arkansas","Grant County",3,27,209,110,99
050,05,053,"Arkansas","Grant County",3,28,213,103,110
050,05,053,"Arkansas","Grant County",3,29,223,126,97
050,05,053,"Arkansas","Grant County",3,30,212,103,109
050,05,053,"Arkansas","Grant County",3,31,241,111,130
050,05,053,"Arkansas","Grant County",3,32,249,118,131
050,05,053,"Arkansas","Grant County",3,33,215,115,100
050,05,053,"Arkansas","Grant County",3,34,222,121,101
050,05,053,"Arkansas","Grant County",3,35,238,128,110
050,05,053,"Arkansas","Grant County",3,36,251,121,130
050,05,053,"Arkansas","Grant County",3,37,234,110,124
050,05,053,"Arkansas","Grant County",3,38,223,104,119
050,05,053,"Arkansas","Grant County",3,39,233,116,117
050,05,053,"Arkansas","Grant County",3,40,238,136,102
050,05,053,"Arkansas","Grant County",3,41,246,138,108
050,05,053,"Arkansas","Grant County",3,42,245,123,122
050,05,053,"Arkansas","Grant County",3,43,213,107,106
050,05,053,"Arkansas","Grant County",3,44,226,117,109
050,05,053,"Arkansas","Grant County",3,45,223,115,108
050,05,053,"Arkansas","Grant County",3,46,224,111,113
050,05,053,"Arkansas","Grant County",3,47,227,112,115
050,05,053,"Arkansas","Grant County",3,48,226,109,117
050,05,053,"Arkansas","Grant County",3,49,227,115,112
050,05,053,"Arkansas","Grant County",3,50,245,136,109
050,05,053,"Arkansas","Grant County",3,51,242,132,110
050,05,053,"Arkansas","Grant County",3,52,243,118,125
050,05,053,"Arkansas","Grant County",3,53,224,107,117
050,05,053,"Arkansas","Grant County",3,54,226,110,116
050,05,053,"Arkansas","Grant County",3,55,234,112,122
050,05,053,"Arkansas","Grant County",3,56,263,131,132
050,05,053,"Arkansas","Grant County",3,57,274,132,142
050,05,053,"Arkansas","Grant County",3,58,266,134,132
050,05,053,"Arkansas","Grant County",3,59,267,133,134
050,05,053,"Arkansas","Grant County",3,60,270,140,130
050,05,053,"Arkansas","Grant County",3,61,257,127,130
050,05,053,"Arkansas","Grant County",3,62,260,130,130
050,05,053,"Arkansas","Grant County",3,63,237,119,118
050,05,053,"Arkansas","Grant County",3,64,232,118,114
050,05,053,"Arkansas","Grant County",3,65,231,113,118
050,05,053,"Arkansas","Grant County",3,66,207,98,109
050,05,053,"Arkansas","Grant County",3,67,209,104,105
050,05,053,"Arkansas","Grant County",3,68,213,109,104
050,05,053,"Arkansas","Grant County",3,69,200,96,104
050,05,053,"Arkansas","Grant County",3,70,176,81,95
050,05,053,"Arkansas","Grant County",3,71,167,76,91
050,05,053,"Arkansas","Grant County",3,72,181,82,99
050,05,053,"Arkansas","Grant County",3,73,178,89,89
050,05,053,"Arkansas","Grant County",3,74,189,93,96
050,05,053,"Arkansas","Grant County",3,75,125,59,66
050,05,053,"Arkansas","Grant County",3,76,120,52,68
050,05,053,"Arkansas","Grant County",3,77,135,62,73
050,05,053,"Arkansas","Grant County",3,78,141,55,86
050,05,053,"Arkansas","Grant County",3,79,116,49,67
050,05,053,"Arkansas","Grant County",3,80,95,41,54
050,05,053,"Arkansas","Grant County",3,81,81,35,46
050,05,053,"Arkansas","Grant County",3,82,81,37,44
050,05,053,"Arkansas","Grant County",3,83,73,31,42
050,05,053,"Arkansas","Grant County",3,84,55,21,34
050,05,053,"Arkansas","Grant County",3,85,342,137,205
050,05,053,"Arkansas","Grant County",4,0,181,94,87
050,05,053,"Arkansas","Grant County",4,1,216,127,89
050,05,053,"Arkansas","Grant County",4,2,168,76,92
050,05,053,"Arkansas","Grant County",4,3,194,99,95
050,05,053,"Arkansas","Grant County",4,4,185,88,97
050,05,053,"Arkansas","Grant County",4,5,207,99,108
050,05,053,"Arkansas","Grant County",4,6,228,113,115
050,05,053,"Arkansas","Grant County",4,7,221,108,113
050,05,053,"Arkansas","Grant County",4,8,195,96,99
050,05,053,"Arkansas","Grant County",4,9,221,114,107
050,05,053,"Arkansas","Grant County",4,10,243,118,125
050,05,053,"Arkansas","Grant County",4,11,239,129,110
050,05,053,"Arkansas","Grant County",4,12,222,118,104
050,05,053,"Arkansas","Grant County",4,13,240,127,113
050,05,053,"Arkansas","Grant County",4,14,266,141,125
050,05,053,"Arkansas","Grant County",4,15,253,132,121
050,05,053,"Arkansas","Grant County",4,16,250,134,116
050,05,053,"Arkansas","Grant County",4,17,243,129,114
050,05,053,"Arkansas","Grant County",4,18,205,109,96
050,05,053,"Arkansas","Grant County",4,19,165,83,82
050,05,053,"Arkansas","Grant County",4,20,178,92,86
050,05,053,"Arkansas","Grant County",4,21,182,88,94
050,05,053,"Arkansas","Grant County",4,22,192,94,98
050,05,053,"Arkansas","Grant County",4,23,208,107,101
050,05,053,"Arkansas","Grant County",4,24,209,108,101
050,05,053,"Arkansas","Grant County",4,25,201,97,104
050,05,053,"Arkansas","Grant County",4,26,215,104,111
050,05,053,"Arkansas","Grant County",4,27,218,115,103
050,05,053,"Arkansas","Grant County",4,28,208,111,97
050,05,053,"Arkansas","Grant County",4,29,214,111,103
050,05,053,"Arkansas","Grant County",4,30,213,115,98
050,05,053,"Arkansas","Grant County",4,31,212,105,107
050,05,053,"Arkansas","Grant County",4,32,249,117,132
050,05,053,"Arkansas","Grant County",4,33,251,116,135
050,05,053,"Arkansas","Grant County",4,34,235,121,114
050,05,053,"Arkansas","Grant County",4,35,220,118,102
050,05,053,"Arkansas","Grant County",4,36,242,131,111
050,05,053,"Arkansas","Grant County",4,37,248,124,124
050,05,053,"Arkansas","Grant County",4,38,231,106,125
050,05,053,"Arkansas","Grant County",4,39,227,107,120
050,05,053,"Arkansas","Grant County",4,40,228,115,113
050,05,053,"Arkansas","Grant County",4,41,242,138,104
050,05,053,"Arkansas","Grant County",4,42,266,152,114
050,05,053,"Arkansas","Grant County",4,43,255,130,125
050,05,053,"Arkansas","Grant County",4,44,208,99,109
050,05,053,"Arkansas","Grant County",4,45,221,113,108
050,05,053,"Arkansas","Grant County",4,46,213,111,102
050,05,053,"Arkansas","Grant County",4,47,225,112,113
050,05,053,"Arkansas","Grant County",4,48,221,108,113
050,05,053,"Arkansas","Grant County",4,49,220,106,114
050,05,053,"Arkansas","Grant County",4,50,229,115,114
050,05,053,"Arkansas","Grant County",4,51,247,137,110
050,05,053,"Arkansas","Grant County",4,52,242,129,113
050,05,053,"Arkansas","Grant County",4,53,240,119,121
050,05,053,"Arkansas","Grant County",4,54,224,112,112
050,05,053,"Arkansas","Grant County",4,55,228,106,122
050,05,053,"Arkansas","Grant County",4,56,236,115,121
050,05,053,"Arkansas","Grant County",4,57,260,129,131
050,05,053,"Arkansas","Grant County",4,58,279,136,143
050,05,053,"Arkansas","Grant County",4,59,259,127,132
050,05,053,"Arkansas","Grant County",4,60,273,139,134
050,05,053,"Arkansas","Grant County",4,61,270,138,132
050,05,053,"Arkansas","Grant County",4,62,255,132,123
050,05,053,"Arkansas","Grant County",4,63,260,126,134
050,05,053,"Arkansas","Grant County",4,64,241,123,118
050,05,053,"Arkansas","Grant County",4,65,233,120,113
050,05,053,"Arkansas","Grant County",4,66,224,111,113
050,05,053,"Arkansas","Grant County",4,67,210,102,108
050,05,053,"Arkansas","Grant County",4,68,209,98,111
050,05,053,"Arkansas","Grant County",4,69,205,105,100
050,05,053,"Arkansas","Grant County",4,70,197,95,102
050,05,053,"Arkansas","Grant County",4,71,171,75,96
050,05,053,"Arkansas","Grant County",4,72,162,73,89
050,05,053,"Arkansas","Grant County",4,73,176,84,92
050,05,053,"Arkansas","Grant County",4,74,170,86,84
050,05,053,"Arkansas","Grant County",4,75,194,96,98
050,05,053,"Arkansas","Grant County",4,76,125,58,67
050,05,053,"Arkansas","Grant County",4,77,117,50,67
050,05,053,"Arkansas","Grant County",4,78,125,57,68
050,05,053,"Arkansas","Grant County",4,79,133,49,84
050,05,053,"Arkansas","Grant County",4,80,103,47,56
050,05,053,"Arkansas","Grant County",4,81,89,41,48
050,05,053,"Arkansas","Grant County",4,82,76,35,41
050,05,053,"Arkansas","Grant County",4,83,72,32,40
050,05,053,"Arkansas","Grant County",4,84,67,27,40
050,05,053,"Arkansas","Grant County",4,85,334,127,207
050,05,053,"Arkansas","Grant County",5,0,182,94,88
050,05,053,"Arkansas","Grant County",5,1,181,90,91
050,05,053,"Arkansas","Grant County",5,2,224,131,93
050,05,053,"Arkansas","Grant County",5,3,179,86,93
050,05,053,"Arkansas","Grant County",5,4,195,100,95
050,05,053,"Arkansas","Grant County",5,5,202,105,97
050,05,053,"Arkansas","Grant County",5,6,209,103,106
050,05,053,"Arkansas","Grant County",5,7,241,124,117
050,05,053,"Arkansas","Grant County",5,8,224,116,108
050,05,053,"Arkansas","Grant County",5,9,233,117,116
050,05,053,"Arkansas","Grant County",5,10,229,116,113
050,05,053,"Arkansas","Grant County",5,11,255,126,129
050,05,053,"Arkansas","Grant County",5,12,249,136,113
050,05,053,"Arkansas","Grant County",5,13,231,122,109
050,05,053,"Arkansas","Grant County",5,14,232,130,102
050,05,053,"Arkansas","Grant County",5,15,271,144,127
050,05,053,"Arkansas","Grant County",5,16,264,143,121
050,05,053,"Arkansas","Grant County",5,17,263,144,119
050,05,053,"Arkansas","Grant County",5,18,203,112,91
050,05,053,"Arkansas","Grant County",5,19,161,88,73
050,05,053,"Arkansas","Grant County",5,20,174,87,87
050,05,053,"Arkansas","Grant County",5,21,187,97,90
050,05,053,"Arkansas","Grant County",5,22,206,102,104
050,05,053,"Arkansas","Grant County",5,23,196,95,101
050,05,053,"Arkansas","Grant County",5,24,221,117,104
050,05,053,"Arkansas","Grant County",5,25,194,99,95
050,05,053,"Arkansas","Grant County",5,26,187,87,100
050,05,053,"Arkansas","Grant County",5,27,220,109,111
050,05,053,"Arkansas","Grant County",5,28,229,116,113
050,05,053,"Arkansas","Grant County",5,29,221,117,104
050,05,053,"Arkansas","Grant County",5,30,219,112,107
050,05,053,"Arkansas","Grant County",5,31,232,125,107
050,05,053,"Arkansas","Grant County",5,32,213,105,108
050,05,053,"Arkansas","Grant County",5,33,255,122,133
050,05,053,"Arkansas","Grant County",5,34,263,118,145
050,05,053,"Arkansas","Grant County",5,35,235,124,111
050,05,053,"Arkansas","Grant County",5,36,218,113,105
050,05,053,"Arkansas","Grant County",5,37,241,128,113
050,05,053,"Arkansas","Grant County",5,38,266,133,133
050,05,053,"Arkansas","Grant County",5,39,243,115,128
050,05,053,"Arkansas","Grant County",5,40,242,113,129
050,05,053,"Arkansas","Grant County",5,41,245,124,121
050,05,053,"Arkansas","Grant County",5,42,245,139,106
050,05,053,"Arkansas","Grant County",5,43,266,147,119
050,05,053,"Arkansas","Grant County",5,44,253,131,122
050,05,053,"Arkansas","Grant County",5,45,202,100,102
050,05,053,"Arkansas","Grant County",5,46,230,123,107
050,05,053,"Arkansas","Grant County",5,47,219,108,111
050,05,053,"Arkansas","Grant County",5,48,216,112,104
050,05,053,"Arkansas","Grant County",5,49,228,113,115
050,05,053,"Arkansas","Grant County",5,50,225,113,112
050,05,053,"Arkansas","Grant County",5,51,235,122,113
050,05,053,"Arkansas","Grant County",5,52,246,134,112
050,05,053,"Arkansas","Grant County",5,53,237,126,111
050,05,053,"Arkansas","Grant County",5,54,237,120,117
050,05,053,"Arkansas","Grant County",5,55,224,109,115
050,05,053,"Arkansas","Grant County",5,56,225,104,121
050,05,053,"Arkansas","Grant County",5,57,227,112,115
050,05,053,"Arkansas","Grant County",5,58,262,134,128
050,05,053,"Arkansas","Grant County",5,59,279,134,145
050,05,053,"Arkansas","Grant County",5,60,254,122,132
050,05,053,"Arkansas","Grant County",5,61,276,139,137
050,05,053,"Arkansas","Grant County",5,62,271,139,132
050,05,053,"Arkansas","Grant County",5,63,252,130,122
050,05,053,"Arkansas","Grant County",5,64,252,121,131
050,05,053,"Arkansas","Grant County",5,65,245,121,124
050,05,053,"Arkansas","Grant County",5,66,224,117,107
050,05,053,"Arkansas","Grant County",5,67,224,109,115
050,05,053,"Arkansas","Grant County",5,68,210,101,109
050,05,053,"Arkansas","Grant County",5,69,211,96,115
050,05,053,"Arkansas","Grant County",5,70,198,104,94
050,05,053,"Arkansas","Grant County",5,71,187,87,100
050,05,053,"Arkansas","Grant County",5,72,176,77,99
050,05,053,"Arkansas","Grant County",5,73,155,72,83
050,05,053,"Arkansas","Grant County",5,74,172,84,88
050,05,053,"Arkansas","Grant County",5,75,168,86,82
050,05,053,"Arkansas","Grant County",5,76,185,89,96
050,05,053,"Arkansas","Grant County",5,77,116,54,62
050,05,053,"Arkansas","Grant County",5,78,113,48,65
050,05,053,"Arkansas","Grant County",5,79,116,51,65
050,05,053,"Arkansas","Grant County",5,80,121,48,73
050,05,053,"Arkansas","Grant County",5,81,103,44,59
050,05,053,"Arkansas","Grant County",5,82,81,37,44
050,05,053,"Arkansas","Grant County",5,83,70,32,38
050,05,053,"Arkansas","Grant County",5,84,67,27,40
050,05,053,"Arkansas","Grant County",5,85,345,128,217
050,05,055,"Arkansas","Greene County",1,0,523,266,257
050,05,055,"Arkansas","Greene County",1,1,558,305,253
050,05,055,"Arkansas","Greene County",1,2,578,307,271
050,05,055,"Arkansas","Greene County",1,3,596,304,292
050,05,055,"Arkansas","Greene County",1,4,618,322,296
050,05,055,"Arkansas","Greene County",1,5,602,312,290
050,05,055,"Arkansas","Greene County",1,6,591,305,286
050,05,055,"Arkansas","Greene County",1,7,605,308,297
050,05,055,"Arkansas","Greene County",1,8,611,307,304
050,05,055,"Arkansas","Greene County",1,9,623,304,319
050,05,055,"Arkansas","Greene County",1,10,639,314,325
050,05,055,"Arkansas","Greene County",1,11,664,338,326
050,05,055,"Arkansas","Greene County",1,12,632,311,321
050,05,055,"Arkansas","Greene County",1,13,647,321,326
050,05,055,"Arkansas","Greene County",1,14,646,340,306
050,05,055,"Arkansas","Greene County",1,15,674,366,308
050,05,055,"Arkansas","Greene County",1,16,669,347,322
050,05,055,"Arkansas","Greene County",1,17,644,308,336
050,05,055,"Arkansas","Greene County",1,18,559,310,249
050,05,055,"Arkansas","Greene County",1,19,480,252,228
050,05,055,"Arkansas","Greene County",1,20,555,305,250
050,05,055,"Arkansas","Greene County",1,21,508,263,245
050,05,055,"Arkansas","Greene County",1,22,521,265,256
050,05,055,"Arkansas","Greene County",1,23,570,288,282
050,05,055,"Arkansas","Greene County",1,24,617,306,311
050,05,055,"Arkansas","Greene County",1,25,564,285,279
050,05,055,"Arkansas","Greene County",1,26,541,286,255
050,05,055,"Arkansas","Greene County",1,27,606,314,292
050,05,055,"Arkansas","Greene County",1,28,628,309,319
050,05,055,"Arkansas","Greene County",1,29,675,323,352
050,05,055,"Arkansas","Greene County",1,30,633,313,320
050,05,055,"Arkansas","Greene County",1,31,599,301,298
050,05,055,"Arkansas","Greene County",1,32,604,313,291
050,05,055,"Arkansas","Greene County",1,33,590,293,297
050,05,055,"Arkansas","Greene County",1,34,593,307,286
050,05,055,"Arkansas","Greene County",1,35,539,273,266
050,05,055,"Arkansas","Greene County",1,36,566,271,295
050,05,055,"Arkansas","Greene County",1,37,580,293,287
050,05,055,"Arkansas","Greene County",1,38,605,303,302
050,05,055,"Arkansas","Greene County",1,39,599,302,297
050,05,055,"Arkansas","Greene County",1,40,602,308,294
050,05,055,"Arkansas","Greene County",1,41,595,318,277
050,05,055,"Arkansas","Greene County",1,42,589,310,279
050,05,055,"Arkansas","Greene County",1,43,578,291,287
050,05,055,"Arkansas","Greene County",1,44,531,257,274
050,05,055,"Arkansas","Greene County",1,45,594,292,302
050,05,055,"Arkansas","Greene County",1,46,579,291,288
050,05,055,"Arkansas","Greene County",1,47,586,296,290
050,05,055,"Arkansas","Greene County",1,48,614,310,304
050,05,055,"Arkansas","Greene County",1,49,680,360,320
050,05,055,"Arkansas","Greene County",1,50,630,316,314
050,05,055,"Arkansas","Greene County",1,51,586,276,310
050,05,055,"Arkansas","Greene County",1,52,522,265,257
050,05,055,"Arkansas","Greene County",1,53,558,289,269
050,05,055,"Arkansas","Greene County",1,54,584,292,292
050,05,055,"Arkansas","Greene County",1,55,616,308,308
050,05,055,"Arkansas","Greene County",1,56,624,319,305
050,05,055,"Arkansas","Greene County",1,57,570,275,295
050,05,055,"Arkansas","Greene County",1,58,597,297,300
050,05,055,"Arkansas","Greene County",1,59,590,287,303
050,05,055,"Arkansas","Greene County",1,60,542,268,274
050,05,055,"Arkansas","Greene County",1,61,564,277,287
050,05,055,"Arkansas","Greene County",1,62,514,253,261
050,05,055,"Arkansas","Greene County",1,63,508,251,257
050,05,055,"Arkansas","Greene County",1,64,488,243,245
050,05,055,"Arkansas","Greene County",1,65,491,236,255
050,05,055,"Arkansas","Greene County",1,66,473,220,253
050,05,055,"Arkansas","Greene County",1,67,466,211,255
050,05,055,"Arkansas","Greene County",1,68,474,210,264
050,05,055,"Arkansas","Greene County",1,69,431,208,223
050,05,055,"Arkansas","Greene County",1,70,431,207,224
050,05,055,"Arkansas","Greene County",1,71,411,200,211
050,05,055,"Arkansas","Greene County",1,72,420,191,229
050,05,055,"Arkansas","Greene County",1,73,435,197,238
050,05,055,"Arkansas","Greene County",1,74,283,125,158
050,05,055,"Arkansas","Greene County",1,75,304,140,164
050,05,055,"Arkansas","Greene County",1,76,320,134,186
050,05,055,"Arkansas","Greene County",1,77,294,117,177
050,05,055,"Arkansas","Greene County",1,78,269,119,150
050,05,055,"Arkansas","Greene County",1,79,239,98,141
050,05,055,"Arkansas","Greene County",1,80,204,86,118
050,05,055,"Arkansas","Greene County",1,81,210,86,124
050,05,055,"Arkansas","Greene County",1,82,183,72,111
050,05,055,"Arkansas","Greene County",1,83,168,60,108
050,05,055,"Arkansas","Greene County",1,84,142,54,88
050,05,055,"Arkansas","Greene County",1,85,797,279,518
050,05,055,"Arkansas","Greene County",2,0,550,283,267
050,05,055,"Arkansas","Greene County",2,1,548,293,255
050,05,055,"Arkansas","Greene County",2,2,573,306,267
050,05,055,"Arkansas","Greene County",2,3,592,307,285
050,05,055,"Arkansas","Greene County",2,4,615,318,297
050,05,055,"Arkansas","Greene County",2,5,607,315,292
050,05,055,"Arkansas","Greene County",2,6,599,311,288
050,05,055,"Arkansas","Greene County",2,7,603,309,294
050,05,055,"Arkansas","Greene County",2,8,613,309,304
050,05,055,"Arkansas","Greene County",2,9,621,305,316
050,05,055,"Arkansas","Greene County",2,10,636,314,322
050,05,055,"Arkansas","Greene County",2,11,657,332,325
050,05,055,"Arkansas","Greene County",2,12,643,320,323
050,05,055,"Arkansas","Greene County",2,13,642,317,325
050,05,055,"Arkansas","Greene County",2,14,647,335,312
050,05,055,"Arkansas","Greene County",2,15,672,361,311
050,05,055,"Arkansas","Greene County",2,16,672,353,319
050,05,055,"Arkansas","Greene County",2,17,648,318,330
050,05,055,"Arkansas","Greene County",2,18,558,303,255
050,05,055,"Arkansas","Greene County",2,19,485,257,228
050,05,055,"Arkansas","Greene County",2,20,554,303,251
050,05,055,"Arkansas","Greene County",2,21,521,270,251
050,05,055,"Arkansas","Greene County",2,22,524,265,259
050,05,055,"Arkansas","Greene County",2,23,571,289,282
050,05,055,"Arkansas","Greene County",2,24,614,308,306
050,05,055,"Arkansas","Greene County",2,25,576,290,286
050,05,055,"Arkansas","Greene County",2,26,552,291,261
050,05,055,"Arkansas","Greene County",2,27,590,309,281
050,05,055,"Arkansas","Greene County",2,28,626,312,314
050,05,055,"Arkansas","Greene County",2,29,671,323,348
050,05,055,"Arkansas","Greene County",2,30,648,320,328
050,05,055,"Arkansas","Greene County",2,31,606,302,304
050,05,055,"Arkansas","Greene County",2,32,601,311,290
050,05,055,"Arkansas","Greene County",2,33,595,300,295
050,05,055,"Arkansas","Greene County",2,34,595,305,290
050,05,055,"Arkansas","Greene County",2,35,555,280,275
050,05,055,"Arkansas","Greene County",2,36,558,270,288
050,05,055,"Arkansas","Greene County",2,37,576,287,289
050,05,055,"Arkansas","Greene County",2,38,604,304,300
050,05,055,"Arkansas","Greene County",2,39,600,304,296
050,05,055,"Arkansas","Greene County",2,40,609,311,298
050,05,055,"Arkansas","Greene County",2,41,597,317,280
050,05,055,"Arkansas","Greene County",2,42,585,308,277
050,05,055,"Arkansas","Greene County",2,43,586,298,288
050,05,055,"Arkansas","Greene County",2,44,537,262,275
050,05,055,"Arkansas","Greene County",2,45,584,286,298
050,05,055,"Arkansas","Greene County",2,46,577,288,289
050,05,055,"Arkansas","Greene County",2,47,583,295,288
050,05,055,"Arkansas","Greene County",2,48,608,307,301
050,05,055,"Arkansas","Greene County",2,49,671,352,319
050,05,055,"Arkansas","Greene County",2,50,641,325,316
050,05,055,"Arkansas","Greene County",2,51,590,284,306
050,05,055,"Arkansas","Greene County",2,52,536,267,269
050,05,055,"Arkansas","Greene County",2,53,547,281,266
050,05,055,"Arkansas","Greene County",2,54,578,291,287
050,05,055,"Arkansas","Greene County",2,55,605,303,302
050,05,055,"Arkansas","Greene County",2,56,621,316,305
050,05,055,"Arkansas","Greene County",2,57,583,285,298
050,05,055,"Arkansas","Greene County",2,58,588,289,299
050,05,055,"Arkansas","Greene County",2,59,597,293,304
050,05,055,"Arkansas","Greene County",2,60,551,271,280
050,05,055,"Arkansas","Greene County",2,61,560,276,284
050,05,055,"Arkansas","Greene County",2,62,526,259,267
050,05,055,"Arkansas","Greene County",2,63,514,253,261
050,05,055,"Arkansas","Greene County",2,64,490,243,247
050,05,055,"Arkansas","Greene County",2,65,489,237,252
050,05,055,"Arkansas","Greene County",2,66,474,221,253
050,05,055,"Arkansas","Greene County",2,67,466,214,252
050,05,055,"Arkansas","Greene County",2,68,463,207,256
050,05,055,"Arkansas","Greene County",2,69,437,206,231
050,05,055,"Arkansas","Greene County",2,70,428,206,222
050,05,055,"Arkansas","Greene County",2,71,416,200,216
050,05,055,"Arkansas","Greene County",2,72,414,191,223
050,05,055,"Arkansas","Greene County",2,73,452,204,248
050,05,055,"Arkansas","Greene County",2,74,298,131,167
050,05,055,"Arkansas","Greene County",2,75,298,137,161
050,05,055,"Arkansas","Greene County",2,76,318,135,183
050,05,055,"Arkansas","Greene County",2,77,307,124,183
050,05,055,"Arkansas","Greene County",2,78,267,115,152
050,05,055,"Arkansas","Greene County",2,79,241,99,142
050,05,055,"Arkansas","Greene County",2,80,207,84,123
050,05,055,"Arkansas","Greene County",2,81,206,86,120
050,05,055,"Arkansas","Greene County",2,82,188,75,113
050,05,055,"Arkansas","Greene County",2,83,168,61,107
050,05,055,"Arkansas","Greene County",2,84,144,54,90
050,05,055,"Arkansas","Greene County",2,85,801,281,520
050,05,055,"Arkansas","Greene County",3,0,518,240,278
050,05,055,"Arkansas","Greene County",3,1,551,267,284
050,05,055,"Arkansas","Greene County",3,2,550,286,264
050,05,055,"Arkansas","Greene County",3,3,593,303,290
050,05,055,"Arkansas","Greene County",3,4,611,311,300
050,05,055,"Arkansas","Greene County",3,5,620,324,296
050,05,055,"Arkansas","Greene County",3,6,612,311,301
050,05,055,"Arkansas","Greene County",3,7,609,319,290
050,05,055,"Arkansas","Greene County",3,8,614,316,298
050,05,055,"Arkansas","Greene County",3,9,620,314,306
050,05,055,"Arkansas","Greene County",3,10,623,308,315
050,05,055,"Arkansas","Greene County",3,11,660,332,328
050,05,055,"Arkansas","Greene County",3,12,679,333,346
050,05,055,"Arkansas","Greene County",3,13,662,332,330
050,05,055,"Arkansas","Greene County",3,14,658,318,340
050,05,055,"Arkansas","Greene County",3,15,678,345,333
050,05,055,"Arkansas","Greene County",3,16,676,370,306
050,05,055,"Arkansas","Greene County",3,17,689,365,324
050,05,055,"Arkansas","Greene County",3,18,585,307,278
050,05,055,"Arkansas","Greene County",3,19,494,258,236
050,05,055,"Arkansas","Greene County",3,20,528,290,238
050,05,055,"Arkansas","Greene County",3,21,555,286,269
050,05,055,"Arkansas","Greene County",3,22,530,261,269
050,05,055,"Arkansas","Greene County",3,23,573,294,279
050,05,055,"Arkansas","Greene County",3,24,591,300,291
050,05,055,"Arkansas","Greene County",3,25,618,305,313
050,05,055,"Arkansas","Greene County",3,26,596,307,289
050,05,055,"Arkansas","Greene County",3,27,561,285,276
050,05,055,"Arkansas","Greene County",3,28,605,309,296
050,05,055,"Arkansas","Greene County",3,29,648,326,322
050,05,055,"Arkansas","Greene County",3,30,680,322,358
050,05,055,"Arkansas","Greene County",3,31,648,317,331
050,05,055,"Arkansas","Greene County",3,32,614,314,300
050,05,055,"Arkansas","Greene County",3,33,593,306,287
050,05,055,"Arkansas","Greene County",3,34,600,290,310
050,05,055,"Arkansas","Greene County",3,35,596,306,290
050,05,055,"Arkansas","Greene County",3,36,585,305,280
050,05,055,"Arkansas","Greene County",3,37,551,270,281
050,05,055,"Arkansas","Greene County",3,38,593,296,297
050,05,055,"Arkansas","Greene County",3,39,623,315,308
050,05,055,"Arkansas","Greene County",3,40,617,313,304
050,05,055,"Arkansas","Greene County",3,41,618,317,301
050,05,055,"Arkansas","Greene County",3,42,598,316,282
050,05,055,"Arkansas","Greene County",3,43,598,311,287
050,05,055,"Arkansas","Greene County",3,44,580,290,290
050,05,055,"Arkansas","Greene County",3,45,553,266,287
050,05,055,"Arkansas","Greene County",3,46,588,287,301
050,05,055,"Arkansas","Greene County",3,47,572,296,276
050,05,055,"Arkansas","Greene County",3,48,577,300,277
050,05,055,"Arkansas","Greene County",3,49,621,313,308
050,05,055,"Arkansas","Greene County",3,50,679,355,324
050,05,055,"Arkansas","Greene County",3,51,633,316,317
050,05,055,"Arkansas","Greene County",3,52,601,299,302
050,05,055,"Arkansas","Greene County",3,53,536,265,271
050,05,055,"Arkansas","Greene County",3,54,532,278,254
050,05,055,"Arkansas","Greene County",3,55,580,285,295
050,05,055,"Arkansas","Greene County",3,56,604,300,304
050,05,055,"Arkansas","Greene County",3,57,606,313,293
050,05,055,"Arkansas","Greene County",3,58,576,283,293
050,05,055,"Arkansas","Greene County",3,59,585,283,302
050,05,055,"Arkansas","Greene County",3,60,579,284,295
050,05,055,"Arkansas","Greene County",3,61,558,265,293
050,05,055,"Arkansas","Greene County",3,62,551,270,281
050,05,055,"Arkansas","Greene County",3,63,522,256,266
050,05,055,"Arkansas","Greene County",3,64,516,258,258
050,05,055,"Arkansas","Greene County",3,65,485,238,247
050,05,055,"Arkansas","Greene County",3,66,476,227,249
050,05,055,"Arkansas","Greene County",3,67,475,224,251
050,05,055,"Arkansas","Greene County",3,68,449,202,247
050,05,055,"Arkansas","Greene County",3,69,437,198,239
050,05,055,"Arkansas","Greene County",3,70,426,201,225
050,05,055,"Arkansas","Greene County",3,71,411,198,213
050,05,055,"Arkansas","Greene County",3,72,396,190,206
050,05,055,"Arkansas","Greene County",3,73,396,178,218
050,05,055,"Arkansas","Greene County",3,74,440,194,246
050,05,055,"Arkansas","Greene County",3,75,287,127,160
050,05,055,"Arkansas","Greene County",3,76,294,129,165
050,05,055,"Arkansas","Greene County",3,77,306,134,172
050,05,055,"Arkansas","Greene County",3,78,307,122,185
050,05,055,"Arkansas","Greene County",3,79,250,101,149
050,05,055,"Arkansas","Greene County",3,80,235,100,135
050,05,055,"Arkansas","Greene County",3,81,196,76,120
050,05,055,"Arkansas","Greene County",3,82,193,83,110
050,05,055,"Arkansas","Greene County",3,83,172,69,103
050,05,055,"Arkansas","Greene County",3,84,148,54,94
050,05,055,"Arkansas","Greene County",3,85,792,273,519
050,05,055,"Arkansas","Greene County",4,0,517,265,252
050,05,055,"Arkansas","Greene County",4,1,530,247,283
050,05,055,"Arkansas","Greene County",4,2,559,273,286
050,05,055,"Arkansas","Greene County",4,3,557,283,274
050,05,055,"Arkansas","Greene County",4,4,594,302,292
050,05,055,"Arkansas","Greene County",4,5,610,312,298
050,05,055,"Arkansas","Greene County",4,6,637,333,304
050,05,055,"Arkansas","Greene County",4,7,619,307,312
050,05,055,"Arkansas","Greene County",4,8,606,316,290
050,05,055,"Arkansas","Greene County",4,9,627,321,306
050,05,055,"Arkansas","Greene County",4,10,622,318,304
050,05,055,"Arkansas","Greene County",4,11,633,318,315
050,05,055,"Arkansas","Greene County",4,12,661,323,338
050,05,055,"Arkansas","Greene County",4,13,687,339,348
050,05,055,"Arkansas","Greene County",4,14,672,331,341
050,05,055,"Arkansas","Greene County",4,15,663,319,344
050,05,055,"Arkansas","Greene County",4,16,659,336,323
050,05,055,"Arkansas","Greene County",4,17,669,365,304
050,05,055,"Arkansas","Greene County",4,18,609,346,263
050,05,055,"Arkansas","Greene County",4,19,480,246,234
050,05,055,"Arkansas","Greene County",4,20,515,281,234
050,05,055,"Arkansas","Greene County",4,21,519,273,246
050,05,055,"Arkansas","Greene County",4,22,578,287,291
050,05,055,"Arkansas","Greene County",4,23,566,285,281
050,05,055,"Arkansas","Greene County",4,24,595,308,287
050,05,055,"Arkansas","Greene County",4,25,593,293,300
050,05,055,"Arkansas","Greene County",4,26,622,315,307
050,05,055,"Arkansas","Greene County",4,27,618,318,300
050,05,055,"Arkansas","Greene County",4,28,560,283,277
050,05,055,"Arkansas","Greene County",4,29,589,297,292
050,05,055,"Arkansas","Greene County",4,30,644,339,305
050,05,055,"Arkansas","Greene County",4,31,670,320,350
050,05,055,"Arkansas","Greene County",4,32,649,324,325
050,05,055,"Arkansas","Greene County",4,33,634,313,321
050,05,055,"Arkansas","Greene County",4,34,587,294,293
050,05,055,"Arkansas","Greene County",4,35,624,303,321
050,05,055,"Arkansas","Greene County",4,36,588,298,290
050,05,055,"Arkansas","Greene County",4,37,593,316,277
050,05,055,"Arkansas","Greene County",4,38,557,272,285
050,05,055,"Arkansas","Greene County",4,39,588,290,298
050,05,055,"Arkansas","Greene County",4,40,633,321,312
050,05,055,"Arkansas","Greene County",4,41,611,309,302
050,05,055,"Arkansas","Greene County",4,42,611,301,310
050,05,055,"Arkansas","Greene County",4,43,607,318,289
050,05,055,"Arkansas","Greene County",4,44,593,313,280
050,05,055,"Arkansas","Greene County",4,45,595,303,292
050,05,055,"Arkansas","Greene County",4,46,537,259,278
050,05,055,"Arkansas","Greene County",4,47,578,289,289
050,05,055,"Arkansas","Greene County",4,48,578,295,283
050,05,055,"Arkansas","Greene County",4,49,576,301,275
050,05,055,"Arkansas","Greene County",4,50,608,298,310
050,05,055,"Arkansas","Greene County",4,51,669,349,320
050,05,055,"Arkansas","Greene County",4,52,630,324,306
050,05,055,"Arkansas","Greene County",4,53,601,302,299
050,05,055,"Arkansas","Greene County",4,54,520,259,261
050,05,055,"Arkansas","Greene County",4,55,539,278,261
050,05,055,"Arkansas","Greene County",4,56,581,284,297
050,05,055,"Arkansas","Greene County",4,57,599,290,309
050,05,055,"Arkansas","Greene County",4,58,608,311,297
050,05,055,"Arkansas","Greene County",4,59,573,281,292
050,05,055,"Arkansas","Greene County",4,60,575,283,292
050,05,055,"Arkansas","Greene County",4,61,567,276,291
050,05,055,"Arkansas","Greene County",4,62,552,264,288
050,05,055,"Arkansas","Greene County",4,63,548,267,281
050,05,055,"Arkansas","Greene County",4,64,514,249,265
050,05,055,"Arkansas","Greene County",4,65,506,252,254
050,05,055,"Arkansas","Greene County",4,66,467,224,243
050,05,055,"Arkansas","Greene County",4,67,469,218,251
050,05,055,"Arkansas","Greene County",4,68,470,219,251
050,05,055,"Arkansas","Greene County",4,69,444,197,247
050,05,055,"Arkansas","Greene County",4,70,432,193,239
050,05,055,"Arkansas","Greene County",4,71,417,193,224
050,05,055,"Arkansas","Greene County",4,72,392,184,208
050,05,055,"Arkansas","Greene County",4,73,389,179,210
050,05,055,"Arkansas","Greene County",4,74,385,167,218
050,05,055,"Arkansas","Greene County",4,75,416,186,230
050,05,055,"Arkansas","Greene County",4,76,293,124,169
050,05,055,"Arkansas","Greene County",4,77,283,126,157
050,05,055,"Arkansas","Greene County",4,78,296,128,168
050,05,055,"Arkansas","Greene County",4,79,278,105,173
050,05,055,"Arkansas","Greene County",4,80,226,92,134
050,05,055,"Arkansas","Greene County",4,81,216,88,128
050,05,055,"Arkansas","Greene County",4,82,194,79,115
050,05,055,"Arkansas","Greene County",4,83,178,70,108
050,05,055,"Arkansas","Greene County",4,84,150,63,87
050,05,055,"Arkansas","Greene County",4,85,804,280,524
050,05,055,"Arkansas","Greene County",5,0,521,266,255
050,05,055,"Arkansas","Greene County",5,1,521,267,254
050,05,055,"Arkansas","Greene County",5,2,546,265,281
050,05,055,"Arkansas","Greene County",5,3,586,282,304
050,05,055,"Arkansas","Greene County",5,4,583,306,277
050,05,055,"Arkansas","Greene County",5,5,599,311,288
050,05,055,"Arkansas","Greene County",5,6,604,301,303
050,05,055,"Arkansas","Greene County",5,7,626,324,302
050,05,055,"Arkansas","Greene County",5,8,619,305,314
050,05,055,"Arkansas","Greene County",5,9,611,311,300
050,05,055,"Arkansas","Greene County",5,10,626,323,303
050,05,055,"Arkansas","Greene County",5,11,629,314,315
050,05,055,"Arkansas","Greene County",5,12,623,310,313
050,05,055,"Arkansas","Greene County",5,13,659,331,328
050,05,055,"Arkansas","Greene County",5,14,686,341,345
050,05,055,"Arkansas","Greene County",5,15,693,342,351
050,05,055,"Arkansas","Greene County",5,16,678,330,348
050,05,055,"Arkansas","Greene County",5,17,653,330,323
050,05,055,"Arkansas","Greene County",5,18,586,347,239
050,05,055,"Arkansas","Greene County",5,19,494,268,226
050,05,055,"Arkansas","Greene County",5,20,540,285,255
050,05,055,"Arkansas","Greene County",5,21,548,287,261
050,05,055,"Arkansas","Greene County",5,22,550,279,271
050,05,055,"Arkansas","Greene County",5,23,607,307,300
050,05,055,"Arkansas","Greene County",5,24,614,311,303
050,05,055,"Arkansas","Greene County",5,25,593,304,289
050,05,055,"Arkansas","Greene County",5,26,602,302,300
050,05,055,"Arkansas","Greene County",5,27,642,331,311
050,05,055,"Arkansas","Greene County",5,28,635,314,321
050,05,055,"Arkansas","Greene County",5,29,580,287,293
050,05,055,"Arkansas","Greene County",5,30,606,316,290
050,05,055,"Arkansas","Greene County",5,31,662,347,315
050,05,055,"Arkansas","Greene County",5,32,687,336,351
050,05,055,"Arkansas","Greene County",5,33,655,325,330
050,05,055,"Arkansas","Greene County",5,34,617,304,313
050,05,055,"Arkansas","Greene County",5,35,586,294,292
050,05,055,"Arkansas","Greene County",5,36,637,315,322
050,05,055,"Arkansas","Greene County",5,37,589,298,291
050,05,055,"Arkansas","Greene County",5,38,607,322,285
050,05,055,"Arkansas","Greene County",5,39,547,267,280
050,05,055,"Arkansas","Greene County",5,40,593,286,307
050,05,055,"Arkansas","Greene County",5,41,638,323,315
050,05,055,"Arkansas","Greene County",5,42,594,290,304
050,05,055,"Arkansas","Greene County",5,43,626,309,317
050,05,055,"Arkansas","Greene County",5,44,605,321,284
050,05,055,"Arkansas","Greene County",5,45,595,314,281
050,05,055,"Arkansas","Greene County",5,46,597,302,295
050,05,055,"Arkansas","Greene County",5,47,533,259,274
050,05,055,"Arkansas","Greene County",5,48,584,290,294
050,05,055,"Arkansas","Greene County",5,49,579,299,280
050,05,055,"Arkansas","Greene County",5,50,573,301,272
050,05,055,"Arkansas","Greene County",5,51,595,290,305
050,05,055,"Arkansas","Greene County",5,52,678,355,323
050,05,055,"Arkansas","Greene County",5,53,640,323,317
050,05,055,"Arkansas","Greene County",5,54,590,296,294
050,05,055,"Arkansas","Greene County",5,55,516,262,254
050,05,055,"Arkansas","Greene County",5,56,539,280,259
050,05,055,"Arkansas","Greene County",5,57,582,280,302
050,05,055,"Arkansas","Greene County",5,58,598,290,308
050,05,055,"Arkansas","Greene County",5,59,602,299,303
050,05,055,"Arkansas","Greene County",5,60,574,283,291
050,05,055,"Arkansas","Greene County",5,61,584,288,296
050,05,055,"Arkansas","Greene County",5,62,561,274,287
050,05,055,"Arkansas","Greene County",5,63,556,266,290
050,05,055,"Arkansas","Greene County",5,64,537,262,275
050,05,055,"Arkansas","Greene County",5,65,513,260,253
050,05,055,"Arkansas","Greene County",5,66,484,236,248
050,05,055,"Arkansas","Greene County",5,67,466,223,243
050,05,055,"Arkansas","Greene County",5,68,466,212,254
050,05,055,"Arkansas","Greene County",5,69,447,207,240
050,05,055,"Arkansas","Greene County",5,70,432,193,239
050,05,055,"Arkansas","Greene County",5,71,415,184,231
050,05,055,"Arkansas","Greene County",5,72,394,184,210
050,05,055,"Arkansas","Greene County",5,73,382,172,210
050,05,055,"Arkansas","Greene County",5,74,378,174,204
050,05,055,"Arkansas","Greene County",5,75,371,160,211
050,05,055,"Arkansas","Greene County",5,76,414,176,238
050,05,055,"Arkansas","Greene County",5,77,279,122,157
050,05,055,"Arkansas","Greene County",5,78,278,121,157
050,05,055,"Arkansas","Greene County",5,79,275,110,165
050,05,055,"Arkansas","Greene County",5,80,256,98,158
050,05,055,"Arkansas","Greene County",5,81,209,82,127
050,05,055,"Arkansas","Greene County",5,82,203,86,117
050,05,055,"Arkansas","Greene County",5,83,179,67,112
050,05,055,"Arkansas","Greene County",5,84,155,61,94
050,05,055,"Arkansas","Greene County",5,85,831,301,530
050,05,057,"Arkansas","Hempstead County",1,0,258,133,125
050,05,057,"Arkansas","Hempstead County",1,1,264,142,122
050,05,057,"Arkansas","Hempstead County",1,2,257,143,114
050,05,057,"Arkansas","Hempstead County",1,3,291,161,130
050,05,057,"Arkansas","Hempstead County",1,4,286,156,130
050,05,057,"Arkansas","Hempstead County",1,5,281,140,141
050,05,057,"Arkansas","Hempstead County",1,6,301,147,154
050,05,057,"Arkansas","Hempstead County",1,7,295,158,137
050,05,057,"Arkansas","Hempstead County",1,8,305,150,155
050,05,057,"Arkansas","Hempstead County",1,9,300,160,140
050,05,057,"Arkansas","Hempstead County",1,10,323,159,164
050,05,057,"Arkansas","Hempstead County",1,11,286,135,151
050,05,057,"Arkansas","Hempstead County",1,12,306,145,161
050,05,057,"Arkansas","Hempstead County",1,13,326,168,158
050,05,057,"Arkansas","Hempstead County",1,14,309,156,153
050,05,057,"Arkansas","Hempstead County",1,15,274,128,146
050,05,057,"Arkansas","Hempstead County",1,16,277,132,145
050,05,057,"Arkansas","Hempstead County",1,17,277,145,132
050,05,057,"Arkansas","Hempstead County",1,18,222,120,102
050,05,057,"Arkansas","Hempstead County",1,19,209,117,92
050,05,057,"Arkansas","Hempstead County",1,20,221,117,104
050,05,057,"Arkansas","Hempstead County",1,21,226,117,109
050,05,057,"Arkansas","Hempstead County",1,22,226,121,105
050,05,057,"Arkansas","Hempstead County",1,23,249,132,117
050,05,057,"Arkansas","Hempstead County",1,24,223,108,115
050,05,057,"Arkansas","Hempstead County",1,25,225,103,122
050,05,057,"Arkansas","Hempstead County",1,26,222,107,115
050,05,057,"Arkansas","Hempstead County",1,27,215,100,115
050,05,057,"Arkansas","Hempstead County",1,28,243,122,121
050,05,057,"Arkansas","Hempstead County",1,29,256,124,132
050,05,057,"Arkansas","Hempstead County",1,30,251,110,141
050,05,057,"Arkansas","Hempstead County",1,31,225,94,131
050,05,057,"Arkansas","Hempstead County",1,32,216,106,110
050,05,057,"Arkansas","Hempstead County",1,33,217,110,107
050,05,057,"Arkansas","Hempstead County",1,34,203,90,113
050,05,057,"Arkansas","Hempstead County",1,35,213,103,110
050,05,057,"Arkansas","Hempstead County",1,36,198,87,111
050,05,057,"Arkansas","Hempstead County",1,37,219,93,126
050,05,057,"Arkansas","Hempstead County",1,38,240,114,126
050,05,057,"Arkansas","Hempstead County",1,39,226,108,118
050,05,057,"Arkansas","Hempstead County",1,40,249,125,124
050,05,057,"Arkansas","Hempstead County",1,41,226,115,111
050,05,057,"Arkansas","Hempstead County",1,42,227,106,121
050,05,057,"Arkansas","Hempstead County",1,43,225,88,137
050,05,057,"Arkansas","Hempstead County",1,44,217,91,126
050,05,057,"Arkansas","Hempstead County",1,45,210,98,112
050,05,057,"Arkansas","Hempstead County",1,46,229,113,116
050,05,057,"Arkansas","Hempstead County",1,47,255,135,120
050,05,057,"Arkansas","Hempstead County",1,48,221,110,111
050,05,057,"Arkansas","Hempstead County",1,49,222,115,107
050,05,057,"Arkansas","Hempstead County",1,50,228,106,122
050,05,057,"Arkansas","Hempstead County",1,51,222,114,108
050,05,057,"Arkansas","Hempstead County",1,52,251,116,135
050,05,057,"Arkansas","Hempstead County",1,53,244,126,118
050,05,057,"Arkansas","Hempstead County",1,54,246,125,121
050,05,057,"Arkansas","Hempstead County",1,55,286,142,144
050,05,057,"Arkansas","Hempstead County",1,56,293,138,155
050,05,057,"Arkansas","Hempstead County",1,57,297,149,148
050,05,057,"Arkansas","Hempstead County",1,58,284,147,137
050,05,057,"Arkansas","Hempstead County",1,59,274,134,140
050,05,057,"Arkansas","Hempstead County",1,60,272,138,134
050,05,057,"Arkansas","Hempstead County",1,61,290,145,145
050,05,057,"Arkansas","Hempstead County",1,62,279,129,150
050,05,057,"Arkansas","Hempstead County",1,63,273,134,139
050,05,057,"Arkansas","Hempstead County",1,64,252,125,127
050,05,057,"Arkansas","Hempstead County",1,65,249,131,118
050,05,057,"Arkansas","Hempstead County",1,66,247,125,122
050,05,057,"Arkansas","Hempstead County",1,67,233,104,129
050,05,057,"Arkansas","Hempstead County",1,68,221,104,117
050,05,057,"Arkansas","Hempstead County",1,69,198,101,97
050,05,057,"Arkansas","Hempstead County",1,70,185,89,96
050,05,057,"Arkansas","Hempstead County",1,71,208,93,115
050,05,057,"Arkansas","Hempstead County",1,72,213,94,119
050,05,057,"Arkansas","Hempstead County",1,73,202,85,117
050,05,057,"Arkansas","Hempstead County",1,74,131,57,74
050,05,057,"Arkansas","Hempstead County",1,75,148,61,87
050,05,057,"Arkansas","Hempstead County",1,76,156,72,84
050,05,057,"Arkansas","Hempstead County",1,77,151,78,73
050,05,057,"Arkansas","Hempstead County",1,78,134,68,66
050,05,057,"Arkansas","Hempstead County",1,79,120,58,62
050,05,057,"Arkansas","Hempstead County",1,80,112,55,57
050,05,057,"Arkansas","Hempstead County",1,81,90,39,51
050,05,057,"Arkansas","Hempstead County",1,82,91,42,49
050,05,057,"Arkansas","Hempstead County",1,83,82,33,49
050,05,057,"Arkansas","Hempstead County",1,84,74,33,41
050,05,057,"Arkansas","Hempstead County",1,85,391,136,255
050,05,057,"Arkansas","Hempstead County",2,0,248,130,118
050,05,057,"Arkansas","Hempstead County",2,1,262,140,122
050,05,057,"Arkansas","Hempstead County",2,2,259,143,116
050,05,057,"Arkansas","Hempstead County",2,3,281,155,126
050,05,057,"Arkansas","Hempstead County",2,4,285,155,130
050,05,057,"Arkansas","Hempstead County",2,5,283,143,140
050,05,057,"Arkansas","Hempstead County",2,6,298,147,151
050,05,057,"Arkansas","Hempstead County",2,7,297,156,141
050,05,057,"Arkansas","Hempstead County",2,8,299,151,148
050,05,057,"Arkansas","Hempstead County",2,9,298,157,141
050,05,057,"Arkansas","Hempstead County",2,10,314,156,158
050,05,057,"Arkansas","Hempstead County",2,11,290,139,151
050,05,057,"Arkansas","Hempstead County",2,12,301,144,157
050,05,057,"Arkansas","Hempstead County",2,13,318,161,157
050,05,057,"Arkansas","Hempstead County",2,14,308,155,153
050,05,057,"Arkansas","Hempstead County",2,15,278,131,147
050,05,057,"Arkansas","Hempstead County",2,16,272,129,143
050,05,057,"Arkansas","Hempstead County",2,17,273,140,133
050,05,057,"Arkansas","Hempstead County",2,18,227,123,104
050,05,057,"Arkansas","Hempstead County",2,19,203,112,91
050,05,057,"Arkansas","Hempstead County",2,20,222,118,104
050,05,057,"Arkansas","Hempstead County",2,21,227,119,108
050,05,057,"Arkansas","Hempstead County",2,22,231,123,108
050,05,057,"Arkansas","Hempstead County",2,23,248,132,116
050,05,057,"Arkansas","Hempstead County",2,24,230,113,117
050,05,057,"Arkansas","Hempstead County",2,25,220,101,119
050,05,057,"Arkansas","Hempstead County",2,26,223,107,116
050,05,057,"Arkansas","Hempstead County",2,27,219,104,115
050,05,057,"Arkansas","Hempstead County",2,28,238,118,120
050,05,057,"Arkansas","Hempstead County",2,29,253,122,131
050,05,057,"Arkansas","Hempstead County",2,30,254,115,139
050,05,057,"Arkansas","Hempstead County",2,31,228,96,132
050,05,057,"Arkansas","Hempstead County",2,32,218,104,114
050,05,057,"Arkansas","Hempstead County",2,33,215,108,107
050,05,057,"Arkansas","Hempstead County",2,34,209,96,113
050,05,057,"Arkansas","Hempstead County",2,35,210,101,109
050,05,057,"Arkansas","Hempstead County",2,36,200,91,109
050,05,057,"Arkansas","Hempstead County",2,37,214,93,121
050,05,057,"Arkansas","Hempstead County",2,38,234,108,126
050,05,057,"Arkansas","Hempstead County",2,39,228,108,120
050,05,057,"Arkansas","Hempstead County",2,40,247,125,122
050,05,057,"Arkansas","Hempstead County",2,41,229,117,112
050,05,057,"Arkansas","Hempstead County",2,42,221,104,117
050,05,057,"Arkansas","Hempstead County",2,43,225,92,133
050,05,057,"Arkansas","Hempstead County",2,44,215,88,127
050,05,057,"Arkansas","Hempstead County",2,45,209,96,113
050,05,057,"Arkansas","Hempstead County",2,46,224,109,115
050,05,057,"Arkansas","Hempstead County",2,47,250,131,119
050,05,057,"Arkansas","Hempstead County",2,48,227,114,113
050,05,057,"Arkansas","Hempstead County",2,49,220,114,106
050,05,057,"Arkansas","Hempstead County",2,50,224,105,119
050,05,057,"Arkansas","Hempstead County",2,51,221,111,110
050,05,057,"Arkansas","Hempstead County",2,52,244,115,129
050,05,057,"Arkansas","Hempstead County",2,53,245,123,122
050,05,057,"Arkansas","Hempstead County",2,54,246,125,121
050,05,057,"Arkansas","Hempstead County",2,55,276,139,137
050,05,057,"Arkansas","Hempstead County",2,56,293,138,155
050,05,057,"Arkansas","Hempstead County",2,57,295,146,149
050,05,057,"Arkansas","Hempstead County",2,58,280,145,135
050,05,057,"Arkansas","Hempstead County",2,59,277,138,139
050,05,057,"Arkansas","Hempstead County",2,60,272,136,136
050,05,057,"Arkansas","Hempstead County",2,61,284,143,141
050,05,057,"Arkansas","Hempstead County",2,62,275,131,144
050,05,057,"Arkansas","Hempstead County",2,63,278,135,143
050,05,057,"Arkansas","Hempstead County",2,64,256,126,130
050,05,057,"Arkansas","Hempstead County",2,65,249,130,119
050,05,057,"Arkansas","Hempstead County",2,66,244,126,118
050,05,057,"Arkansas","Hempstead County",2,67,236,110,126
050,05,057,"Arkansas","Hempstead County",2,68,220,103,117
050,05,057,"Arkansas","Hempstead County",2,69,205,103,102
050,05,057,"Arkansas","Hempstead County",2,70,188,91,97
050,05,057,"Arkansas","Hempstead County",2,71,202,92,110
050,05,057,"Arkansas","Hempstead County",2,72,210,94,116
050,05,057,"Arkansas","Hempstead County",2,73,212,91,121
050,05,057,"Arkansas","Hempstead County",2,74,137,59,78
050,05,057,"Arkansas","Hempstead County",2,75,145,59,86
050,05,057,"Arkansas","Hempstead County",2,76,150,69,81
050,05,057,"Arkansas","Hempstead County",2,77,151,76,75
050,05,057,"Arkansas","Hempstead County",2,78,130,65,65
050,05,057,"Arkansas","Hempstead County",2,79,120,60,60
050,05,057,"Arkansas","Hempstead County",2,80,113,56,57
050,05,057,"Arkansas","Hempstead County",2,81,92,40,52
050,05,057,"Arkansas","Hempstead County",2,82,89,39,50
050,05,057,"Arkansas","Hempstead County",2,83,83,34,49
050,05,057,"Arkansas","Hempstead County",2,84,75,32,43
050,05,057,"Arkansas","Hempstead County",2,85,390,137,253
050,05,057,"Arkansas","Hempstead County",3,0,243,116,127
050,05,057,"Arkansas","Hempstead County",3,1,243,138,105
050,05,057,"Arkansas","Hempstead County",3,2,260,136,124
050,05,057,"Arkansas","Hempstead County",3,3,266,139,127
050,05,057,"Arkansas","Hempstead County",3,4,279,158,121
050,05,057,"Arkansas","Hempstead County",3,5,286,157,129
050,05,057,"Arkansas","Hempstead County",3,6,271,144,127
050,05,057,"Arkansas","Hempstead County",3,7,301,145,156
050,05,057,"Arkansas","Hempstead County",3,8,292,154,138
050,05,057,"Arkansas","Hempstead County",3,9,290,151,139
050,05,057,"Arkansas","Hempstead County",3,10,288,149,139
050,05,057,"Arkansas","Hempstead County",3,11,304,152,152
050,05,057,"Arkansas","Hempstead County",3,12,271,128,143
050,05,057,"Arkansas","Hempstead County",3,13,288,140,148
050,05,057,"Arkansas","Hempstead County",3,14,306,155,151
050,05,057,"Arkansas","Hempstead County",3,15,293,148,145
050,05,057,"Arkansas","Hempstead County",3,16,256,120,136
050,05,057,"Arkansas","Hempstead County",3,17,274,132,142
050,05,057,"Arkansas","Hempstead County",3,18,237,124,113
050,05,057,"Arkansas","Hempstead County",3,19,195,104,91
050,05,057,"Arkansas","Hempstead County",3,20,209,113,96
050,05,057,"Arkansas","Hempstead County",3,21,230,121,109
050,05,057,"Arkansas","Hempstead County",3,22,242,122,120
050,05,057,"Arkansas","Hempstead County",3,23,221,121,100
050,05,057,"Arkansas","Hempstead County",3,24,242,126,116
050,05,057,"Arkansas","Hempstead County",3,25,222,109,113
050,05,057,"Arkansas","Hempstead County",3,26,222,110,112
050,05,057,"Arkansas","Hempstead County",3,27,227,112,115
050,05,057,"Arkansas","Hempstead County",3,28,223,107,116
050,05,057,"Arkansas","Hempstead County",3,29,243,115,128
050,05,057,"Arkansas","Hempstead County",3,30,259,126,133
050,05,057,"Arkansas","Hempstead County",3,31,235,108,127
050,05,057,"Arkansas","Hempstead County",3,32,227,97,130
050,05,057,"Arkansas","Hempstead County",3,33,205,99,106
050,05,057,"Arkansas","Hempstead County",3,34,207,97,110
050,05,057,"Arkansas","Hempstead County",3,35,213,105,108
050,05,057,"Arkansas","Hempstead County",3,36,206,103,103
050,05,057,"Arkansas","Hempstead County",3,37,195,90,105
050,05,057,"Arkansas","Hempstead County",3,38,217,91,126
050,05,057,"Arkansas","Hempstead County",3,39,228,106,122
050,05,057,"Arkansas","Hempstead County",3,40,221,109,112
050,05,057,"Arkansas","Hempstead County",3,41,238,123,115
050,05,057,"Arkansas","Hempstead County",3,42,221,113,108
050,05,057,"Arkansas","Hempstead County",3,43,224,104,120
050,05,057,"Arkansas","Hempstead County",3,44,227,97,130
050,05,057,"Arkansas","Hempstead County",3,45,206,84,122
050,05,057,"Arkansas","Hempstead County",3,46,206,98,108
050,05,057,"Arkansas","Hempstead County",3,47,229,110,119
050,05,057,"Arkansas","Hempstead County",3,48,241,119,122
050,05,057,"Arkansas","Hempstead County",3,49,230,118,112
050,05,057,"Arkansas","Hempstead County",3,50,210,101,109
050,05,057,"Arkansas","Hempstead County",3,51,224,115,109
050,05,057,"Arkansas","Hempstead County",3,52,205,101,104
050,05,057,"Arkansas","Hempstead County",3,53,246,112,134
050,05,057,"Arkansas","Hempstead County",3,54,249,127,122
050,05,057,"Arkansas","Hempstead County",3,55,241,120,121
050,05,057,"Arkansas","Hempstead County",3,56,265,133,132
050,05,057,"Arkansas","Hempstead County",3,57,282,136,146
050,05,057,"Arkansas","Hempstead County",3,58,279,140,139
050,05,057,"Arkansas","Hempstead County",3,59,288,150,138
050,05,057,"Arkansas","Hempstead County",3,60,263,130,133
050,05,057,"Arkansas","Hempstead County",3,61,271,135,136
050,05,057,"Arkansas","Hempstead County",3,62,268,139,129
050,05,057,"Arkansas","Hempstead County",3,63,271,128,143
050,05,057,"Arkansas","Hempstead County",3,64,277,131,146
050,05,057,"Arkansas","Hempstead County",3,65,249,127,122
050,05,057,"Arkansas","Hempstead County",3,66,240,124,116
050,05,057,"Arkansas","Hempstead County",3,67,243,123,120
050,05,057,"Arkansas","Hempstead County",3,68,231,105,126
050,05,057,"Arkansas","Hempstead County",3,69,212,100,112
050,05,057,"Arkansas","Hempstead County",3,70,198,97,101
050,05,057,"Arkansas","Hempstead County",3,71,187,89,98
050,05,057,"Arkansas","Hempstead County",3,72,197,87,110
050,05,057,"Arkansas","Hempstead County",3,73,197,90,107
050,05,057,"Arkansas","Hempstead County",3,74,207,91,116
050,05,057,"Arkansas","Hempstead County",3,75,126,51,75
050,05,057,"Arkansas","Hempstead County",3,76,134,55,79
050,05,057,"Arkansas","Hempstead County",3,77,135,60,75
050,05,057,"Arkansas","Hempstead County",3,78,154,76,78
050,05,057,"Arkansas","Hempstead County",3,79,120,59,61
050,05,057,"Arkansas","Hempstead County",3,80,110,54,56
050,05,057,"Arkansas","Hempstead County",3,81,108,51,57
050,05,057,"Arkansas","Hempstead County",3,82,84,34,50
050,05,057,"Arkansas","Hempstead County",3,83,79,38,41
050,05,057,"Arkansas","Hempstead County",3,84,72,31,41
050,05,057,"Arkansas","Hempstead County",3,85,386,146,240
050,05,057,"Arkansas","Hempstead County",4,0,306,137,169
050,05,057,"Arkansas","Hempstead County",4,1,231,118,113
050,05,057,"Arkansas","Hempstead County",4,2,244,136,108
050,05,057,"Arkansas","Hempstead County",4,3,281,149,132
050,05,057,"Arkansas","Hempstead County",4,4,264,138,126
050,05,057,"Arkansas","Hempstead County",4,5,273,153,120
050,05,057,"Arkansas","Hempstead County",4,6,276,152,124
050,05,057,"Arkansas","Hempstead County",4,7,270,139,131
050,05,057,"Arkansas","Hempstead County",4,8,285,142,143
050,05,057,"Arkansas","Hempstead County",4,9,287,155,132
050,05,057,"Arkansas","Hempstead County",4,10,275,145,130
050,05,057,"Arkansas","Hempstead County",4,11,287,146,141
050,05,057,"Arkansas","Hempstead County",4,12,292,152,140
050,05,057,"Arkansas","Hempstead County",4,13,271,130,141
050,05,057,"Arkansas","Hempstead County",4,14,288,134,154
050,05,057,"Arkansas","Hempstead County",4,15,293,150,143
050,05,057,"Arkansas","Hempstead County",4,16,281,144,137
050,05,057,"Arkansas","Hempstead County",4,17,259,123,136
050,05,057,"Arkansas","Hempstead County",4,18,239,117,122
050,05,057,"Arkansas","Hempstead County",4,19,192,100,92
050,05,057,"Arkansas","Hempstead County",4,20,201,112,89
050,05,057,"Arkansas","Hempstead County",4,21,208,106,102
050,05,057,"Arkansas","Hempstead County",4,22,237,120,117
050,05,057,"Arkansas","Hempstead County",4,23,243,119,124
050,05,057,"Arkansas","Hempstead County",4,24,212,108,104
050,05,057,"Arkansas","Hempstead County",4,25,241,131,110
050,05,057,"Arkansas","Hempstead County",4,26,208,104,104
050,05,057,"Arkansas","Hempstead County",4,27,229,106,123
050,05,057,"Arkansas","Hempstead County",4,28,213,103,110
050,05,057,"Arkansas","Hempstead County",4,29,217,95,122
050,05,057,"Arkansas","Hempstead County",4,30,242,120,122
050,05,057,"Arkansas","Hempstead County",4,31,253,120,133
050,05,057,"Arkansas","Hempstead County",4,32,247,116,131
050,05,057,"Arkansas","Hempstead County",4,33,217,90,127
050,05,057,"Arkansas","Hempstead County",4,34,211,97,114
050,05,057,"Arkansas","Hempstead County",4,35,195,97,98
050,05,057,"Arkansas","Hempstead County",4,36,222,112,110
050,05,057,"Arkansas","Hempstead County",4,37,203,104,99
050,05,057,"Arkansas","Hempstead County",4,38,202,96,106
050,05,057,"Arkansas","Hempstead County",4,39,209,88,121
050,05,057,"Arkansas","Hempstead County",4,40,232,108,124
050,05,057,"Arkansas","Hempstead County",4,41,212,106,106
050,05,057,"Arkansas","Hempstead County",4,42,233,118,115
050,05,057,"Arkansas","Hempstead County",4,43,220,114,106
050,05,057,"Arkansas","Hempstead County",4,44,225,105,120
050,05,057,"Arkansas","Hempstead County",4,45,216,92,124
050,05,057,"Arkansas","Hempstead County",4,46,203,84,119
050,05,057,"Arkansas","Hempstead County",4,47,211,103,108
050,05,057,"Arkansas","Hempstead County",4,48,223,106,117
050,05,057,"Arkansas","Hempstead County",4,49,239,120,119
050,05,057,"Arkansas","Hempstead County",4,50,215,106,109
050,05,057,"Arkansas","Hempstead County",4,51,215,106,109
050,05,057,"Arkansas","Hempstead County",4,52,215,107,108
050,05,057,"Arkansas","Hempstead County",4,53,202,96,106
050,05,057,"Arkansas","Hempstead County",4,54,235,112,123
050,05,057,"Arkansas","Hempstead County",4,55,242,123,119
050,05,057,"Arkansas","Hempstead County",4,56,240,119,121
050,05,057,"Arkansas","Hempstead County",4,57,265,134,131
050,05,057,"Arkansas","Hempstead County",4,58,270,133,137
050,05,057,"Arkansas","Hempstead County",4,59,282,143,139
050,05,057,"Arkansas","Hempstead County",4,60,279,145,134
050,05,057,"Arkansas","Hempstead County",4,61,264,130,134
050,05,057,"Arkansas","Hempstead County",4,62,270,139,131
050,05,057,"Arkansas","Hempstead County",4,63,271,138,133
050,05,057,"Arkansas","Hempstead County",4,64,275,131,144
050,05,057,"Arkansas","Hempstead County",4,65,264,125,139
050,05,057,"Arkansas","Hempstead County",4,66,240,120,120
050,05,057,"Arkansas","Hempstead County",4,67,242,123,119
050,05,057,"Arkansas","Hempstead County",4,68,236,120,116
050,05,057,"Arkansas","Hempstead County",4,69,226,104,122
050,05,057,"Arkansas","Hempstead County",4,70,200,95,105
050,05,057,"Arkansas","Hempstead County",4,71,189,90,99
050,05,057,"Arkansas","Hempstead County",4,72,180,84,96
050,05,057,"Arkansas","Hempstead County",4,73,186,80,106
050,05,057,"Arkansas","Hempstead County",4,74,190,88,102
050,05,057,"Arkansas","Hempstead County",4,75,201,86,115
050,05,057,"Arkansas","Hempstead County",4,76,123,51,72
050,05,057,"Arkansas","Hempstead County",4,77,120,45,75
050,05,057,"Arkansas","Hempstead County",4,78,133,59,74
050,05,057,"Arkansas","Hempstead County",4,79,142,70,72
050,05,057,"Arkansas","Hempstead County",4,80,110,52,58
050,05,057,"Arkansas","Hempstead County",4,81,104,50,54
050,05,057,"Arkansas","Hempstead County",4,82,100,46,54
050,05,057,"Arkansas","Hempstead County",4,83,80,33,47
050,05,057,"Arkansas","Hempstead County",4,84,70,31,39
050,05,057,"Arkansas","Hempstead County",4,85,387,151,236
050,05,057,"Arkansas","Hempstead County",5,0,211,91,120
050,05,057,"Arkansas","Hempstead County",5,1,297,126,171
050,05,057,"Arkansas","Hempstead County",5,2,225,119,106
050,05,057,"Arkansas","Hempstead County",5,3,251,140,111
050,05,057,"Arkansas","Hempstead County",5,4,284,150,134
050,05,057,"Arkansas","Hempstead County",5,5,260,136,124
050,05,057,"Arkansas","Hempstead County",5,6,266,151,115
050,05,057,"Arkansas","Hempstead County",5,7,284,157,127
050,05,057,"Arkansas","Hempstead County",5,8,273,140,133
050,05,057,"Arkansas","Hempstead County",5,9,283,137,146
050,05,057,"Arkansas","Hempstead County",5,10,284,148,136
050,05,057,"Arkansas","Hempstead County",5,11,271,151,120
050,05,057,"Arkansas","Hempstead County",5,12,292,151,141
050,05,057,"Arkansas","Hempstead County",5,13,296,152,144
050,05,057,"Arkansas","Hempstead County",5,14,273,133,140
050,05,057,"Arkansas","Hempstead County",5,15,285,142,143
050,05,057,"Arkansas","Hempstead County",5,16,299,148,151
050,05,057,"Arkansas","Hempstead County",5,17,280,140,140
050,05,057,"Arkansas","Hempstead County",5,18,231,114,117
050,05,057,"Arkansas","Hempstead County",5,19,204,104,100
050,05,057,"Arkansas","Hempstead County",5,20,202,96,106
050,05,057,"Arkansas","Hempstead County",5,21,194,106,88
050,05,057,"Arkansas","Hempstead County",5,22,205,106,99
050,05,057,"Arkansas","Hempstead County",5,23,221,111,110
050,05,057,"Arkansas","Hempstead County",5,24,234,118,116
050,05,057,"Arkansas","Hempstead County",5,25,216,103,113
050,05,057,"Arkansas","Hempstead County",5,26,230,130,100
050,05,057,"Arkansas","Hempstead County",5,27,213,103,110
050,05,057,"Arkansas","Hempstead County",5,28,229,101,128
050,05,057,"Arkansas","Hempstead County",5,29,215,111,104
050,05,057,"Arkansas","Hempstead County",5,30,216,101,115
050,05,057,"Arkansas","Hempstead County",5,31,225,107,118
050,05,057,"Arkansas","Hempstead County",5,32,247,117,130
050,05,057,"Arkansas","Hempstead County",5,33,256,126,130
050,05,057,"Arkansas","Hempstead County",5,34,226,89,137
050,05,057,"Arkansas","Hempstead County",5,35,201,98,103
050,05,057,"Arkansas","Hempstead County",5,36,200,92,108
050,05,057,"Arkansas","Hempstead County",5,37,213,106,107
050,05,057,"Arkansas","Hempstead County",5,38,200,104,96
050,05,057,"Arkansas","Hempstead County",5,39,217,101,116
050,05,057,"Arkansas","Hempstead County",5,40,217,95,122
050,05,057,"Arkansas","Hempstead County",5,41,213,106,107
050,05,057,"Arkansas","Hempstead County",5,42,199,97,102
050,05,057,"Arkansas","Hempstead County",5,43,242,125,117
050,05,057,"Arkansas","Hempstead County",5,44,225,118,107
050,05,057,"Arkansas","Hempstead County",5,45,219,106,113
050,05,057,"Arkansas","Hempstead County",5,46,218,93,125
050,05,057,"Arkansas","Hempstead County",5,47,207,88,119
050,05,057,"Arkansas","Hempstead County",5,48,214,104,110
050,05,057,"Arkansas","Hempstead County",5,49,221,112,109
050,05,057,"Arkansas","Hempstead County",5,50,231,105,126
050,05,057,"Arkansas","Hempstead County",5,51,211,110,101
050,05,057,"Arkansas","Hempstead County",5,52,203,98,105
050,05,057,"Arkansas","Hempstead County",5,53,210,102,108
050,05,057,"Arkansas","Hempstead County",5,54,199,96,103
050,05,057,"Arkansas","Hempstead County",5,55,229,107,122
050,05,057,"Arkansas","Hempstead County",5,56,240,124,116
050,05,057,"Arkansas","Hempstead County",5,57,229,117,112
050,05,057,"Arkansas","Hempstead County",5,58,261,132,129
050,05,057,"Arkansas","Hempstead County",5,59,276,136,140
050,05,057,"Arkansas","Hempstead County",5,60,281,137,144
050,05,057,"Arkansas","Hempstead County",5,61,286,145,141
050,05,057,"Arkansas","Hempstead County",5,62,275,141,134
050,05,057,"Arkansas","Hempstead County",5,63,269,142,127
050,05,057,"Arkansas","Hempstead County",5,64,268,138,130
050,05,057,"Arkansas","Hempstead County",5,65,270,127,143
050,05,057,"Arkansas","Hempstead County",5,66,253,117,136
050,05,057,"Arkansas","Hempstead County",5,67,239,121,118
050,05,057,"Arkansas","Hempstead County",5,68,230,118,112
050,05,057,"Arkansas","Hempstead County",5,69,233,119,114
050,05,057,"Arkansas","Hempstead County",5,70,224,99,125
050,05,057,"Arkansas","Hempstead County",5,71,196,90,106
050,05,057,"Arkansas","Hempstead County",5,72,187,86,101
050,05,057,"Arkansas","Hempstead County",5,73,170,82,88
050,05,057,"Arkansas","Hempstead County",5,74,177,79,98
050,05,057,"Arkansas","Hempstead County",5,75,184,85,99
050,05,057,"Arkansas","Hempstead County",5,76,192,83,109
050,05,057,"Arkansas","Hempstead County",5,77,109,44,65
050,05,057,"Arkansas","Hempstead County",5,78,119,44,75
050,05,057,"Arkansas","Hempstead County",5,79,119,53,66
050,05,057,"Arkansas","Hempstead County",5,80,130,60,70
050,05,057,"Arkansas","Hempstead County",5,81,105,50,55
050,05,057,"Arkansas","Hempstead County",5,82,95,44,51
050,05,057,"Arkansas","Hempstead County",5,83,98,47,51
050,05,057,"Arkansas","Hempstead County",5,84,67,25,42
050,05,057,"Arkansas","Hempstead County",5,85,394,159,235
050,05,059,"Arkansas","Hot Spring County",1,0,344,176,168
050,05,059,"Arkansas","Hot Spring County",1,1,349,182,167
050,05,059,"Arkansas","Hot Spring County",1,2,317,176,141
050,05,059,"Arkansas","Hot Spring County",1,3,340,189,151
050,05,059,"Arkansas","Hot Spring County",1,4,317,169,148
050,05,059,"Arkansas","Hot Spring County",1,5,332,169,163
050,05,059,"Arkansas","Hot Spring County",1,6,334,173,161
050,05,059,"Arkansas","Hot Spring County",1,7,349,185,164
050,05,059,"Arkansas","Hot Spring County",1,8,343,169,174
050,05,059,"Arkansas","Hot Spring County",1,9,365,194,171
050,05,059,"Arkansas","Hot Spring County",1,10,376,201,175
050,05,059,"Arkansas","Hot Spring County",1,11,407,219,188
050,05,059,"Arkansas","Hot Spring County",1,12,423,213,210
050,05,059,"Arkansas","Hot Spring County",1,13,406,199,207
050,05,059,"Arkansas","Hot Spring County",1,14,416,215,201
050,05,059,"Arkansas","Hot Spring County",1,15,401,203,198
050,05,059,"Arkansas","Hot Spring County",1,16,405,203,202
050,05,059,"Arkansas","Hot Spring County",1,17,375,187,188
050,05,059,"Arkansas","Hot Spring County",1,18,356,204,152
050,05,059,"Arkansas","Hot Spring County",1,19,318,201,117
050,05,059,"Arkansas","Hot Spring County",1,20,383,245,138
050,05,059,"Arkansas","Hot Spring County",1,21,313,156,157
050,05,059,"Arkansas","Hot Spring County",1,22,464,296,168
050,05,059,"Arkansas","Hot Spring County",1,23,396,227,169
050,05,059,"Arkansas","Hot Spring County",1,24,371,202,169
050,05,059,"Arkansas","Hot Spring County",1,25,416,251,165
050,05,059,"Arkansas","Hot Spring County",1,26,441,265,176
050,05,059,"Arkansas","Hot Spring County",1,27,432,248,184
050,05,059,"Arkansas","Hot Spring County",1,28,461,258,203
050,05,059,"Arkansas","Hot Spring County",1,29,452,259,193
050,05,059,"Arkansas","Hot Spring County",1,30,476,296,180
050,05,059,"Arkansas","Hot Spring County",1,31,436,248,188
050,05,059,"Arkansas","Hot Spring County",1,32,429,256,173
050,05,059,"Arkansas","Hot Spring County",1,33,368,196,172
050,05,059,"Arkansas","Hot Spring County",1,34,390,195,195
050,05,059,"Arkansas","Hot Spring County",1,35,398,216,182
050,05,059,"Arkansas","Hot Spring County",1,36,390,206,184
050,05,059,"Arkansas","Hot Spring County",1,37,424,236,188
050,05,059,"Arkansas","Hot Spring County",1,38,422,221,201
050,05,059,"Arkansas","Hot Spring County",1,39,430,227,203
050,05,059,"Arkansas","Hot Spring County",1,40,422,225,197
050,05,059,"Arkansas","Hot Spring County",1,41,447,248,199
050,05,059,"Arkansas","Hot Spring County",1,42,390,193,197
050,05,059,"Arkansas","Hot Spring County",1,43,471,286,185
050,05,059,"Arkansas","Hot Spring County",1,44,428,237,191
050,05,059,"Arkansas","Hot Spring County",1,45,423,228,195
050,05,059,"Arkansas","Hot Spring County",1,46,439,248,191
050,05,059,"Arkansas","Hot Spring County",1,47,483,282,201
050,05,059,"Arkansas","Hot Spring County",1,48,452,229,223
050,05,059,"Arkansas","Hot Spring County",1,49,478,258,220
050,05,059,"Arkansas","Hot Spring County",1,50,386,194,192
050,05,059,"Arkansas","Hot Spring County",1,51,380,183,197
050,05,059,"Arkansas","Hot Spring County",1,52,374,205,169
050,05,059,"Arkansas","Hot Spring County",1,53,521,341,180
050,05,059,"Arkansas","Hot Spring County",1,54,416,217,199
050,05,059,"Arkansas","Hot Spring County",1,55,482,247,235
050,05,059,"Arkansas","Hot Spring County",1,56,585,359,226
050,05,059,"Arkansas","Hot Spring County",1,57,468,230,238
050,05,059,"Arkansas","Hot Spring County",1,58,454,228,226
050,05,059,"Arkansas","Hot Spring County",1,59,422,208,214
050,05,059,"Arkansas","Hot Spring County",1,60,488,261,227
050,05,059,"Arkansas","Hot Spring County",1,61,444,236,208
050,05,059,"Arkansas","Hot Spring County",1,62,428,211,217
050,05,059,"Arkansas","Hot Spring County",1,63,454,226,228
050,05,059,"Arkansas","Hot Spring County",1,64,443,208,235
050,05,059,"Arkansas","Hot Spring County",1,65,441,204,237
050,05,059,"Arkansas","Hot Spring County",1,66,448,207,241
050,05,059,"Arkansas","Hot Spring County",1,67,418,196,222
050,05,059,"Arkansas","Hot Spring County",1,68,413,178,235
050,05,059,"Arkansas","Hot Spring County",1,69,392,175,217
050,05,059,"Arkansas","Hot Spring County",1,70,369,186,183
050,05,059,"Arkansas","Hot Spring County",1,71,365,170,195
050,05,059,"Arkansas","Hot Spring County",1,72,367,173,194
050,05,059,"Arkansas","Hot Spring County",1,73,393,202,191
050,05,059,"Arkansas","Hot Spring County",1,74,253,131,122
050,05,059,"Arkansas","Hot Spring County",1,75,245,122,123
050,05,059,"Arkansas","Hot Spring County",1,76,259,114,145
050,05,059,"Arkansas","Hot Spring County",1,77,257,117,140
050,05,059,"Arkansas","Hot Spring County",1,78,211,96,115
050,05,059,"Arkansas","Hot Spring County",1,79,186,89,97
050,05,059,"Arkansas","Hot Spring County",1,80,167,76,91
050,05,059,"Arkansas","Hot Spring County",1,81,150,65,85
050,05,059,"Arkansas","Hot Spring County",1,82,135,62,73
050,05,059,"Arkansas","Hot Spring County",1,83,111,51,60
050,05,059,"Arkansas","Hot Spring County",1,84,99,39,60
050,05,059,"Arkansas","Hot Spring County",1,85,622,250,372
050,05,059,"Arkansas","Hot Spring County",2,0,336,176,160
050,05,059,"Arkansas","Hot Spring County",2,1,347,178,169
050,05,059,"Arkansas","Hot Spring County",2,2,327,178,149
050,05,059,"Arkansas","Hot Spring County",2,3,331,183,148
050,05,059,"Arkansas","Hot Spring County",2,4,323,173,150
050,05,059,"Arkansas","Hot Spring County",2,5,329,168,161
050,05,059,"Arkansas","Hot Spring County",2,6,333,172,161
050,05,059,"Arkansas","Hot Spring County",2,7,343,180,163
050,05,059,"Arkansas","Hot Spring County",2,8,344,175,169
050,05,059,"Arkansas","Hot Spring County",2,9,361,189,172
050,05,059,"Arkansas","Hot Spring County",2,10,375,202,173
050,05,059,"Arkansas","Hot Spring County",2,11,399,214,185
050,05,059,"Arkansas","Hot Spring County",2,12,419,214,205
050,05,059,"Arkansas","Hot Spring County",2,13,412,204,208
050,05,059,"Arkansas","Hot Spring County",2,14,412,211,201
050,05,059,"Arkansas","Hot Spring County",2,15,406,208,198
050,05,059,"Arkansas","Hot Spring County",2,16,405,203,202
050,05,059,"Arkansas","Hot Spring County",2,17,385,193,192
050,05,059,"Arkansas","Hot Spring County",2,18,358,203,155
050,05,059,"Arkansas","Hot Spring County",2,19,321,202,119
050,05,059,"Arkansas","Hot Spring County",2,20,385,247,138
050,05,059,"Arkansas","Hot Spring County",2,21,313,157,156
050,05,059,"Arkansas","Hot Spring County",2,22,463,294,169
050,05,059,"Arkansas","Hot Spring County",2,23,397,226,171
050,05,059,"Arkansas","Hot Spring County",2,24,370,202,168
050,05,059,"Arkansas","Hot Spring County",2,25,419,253,166
050,05,059,"Arkansas","Hot Spring County",2,26,435,263,172
050,05,059,"Arkansas","Hot Spring County",2,27,428,247,181
050,05,059,"Arkansas","Hot Spring County",2,28,455,256,199
050,05,059,"Arkansas","Hot Spring County",2,29,453,259,194
050,05,059,"Arkansas","Hot Spring County",2,30,480,295,185
050,05,059,"Arkansas","Hot Spring County",2,31,435,250,185
050,05,059,"Arkansas","Hot Spring County",2,32,438,262,176
050,05,059,"Arkansas","Hot Spring County",2,33,370,196,174
050,05,059,"Arkansas","Hot Spring County",2,34,384,195,189
050,05,059,"Arkansas","Hot Spring County",2,35,397,213,184
050,05,059,"Arkansas","Hot Spring County",2,36,390,207,183
050,05,059,"Arkansas","Hot Spring County",2,37,429,238,191
050,05,059,"Arkansas","Hot Spring County",2,38,419,218,201
050,05,059,"Arkansas","Hot Spring County",2,39,423,222,201
050,05,059,"Arkansas","Hot Spring County",2,40,427,226,201
050,05,059,"Arkansas","Hot Spring County",2,41,448,252,196
050,05,059,"Arkansas","Hot Spring County",2,42,385,188,197
050,05,059,"Arkansas","Hot Spring County",2,43,483,293,190
050,05,059,"Arkansas","Hot Spring County",2,44,419,230,189
050,05,059,"Arkansas","Hot Spring County",2,45,427,231,196
050,05,059,"Arkansas","Hot Spring County",2,46,441,250,191
050,05,059,"Arkansas","Hot Spring County",2,47,481,282,199
050,05,059,"Arkansas","Hot Spring County",2,48,446,226,220
050,05,059,"Arkansas","Hot Spring County",2,49,476,252,224
050,05,059,"Arkansas","Hot Spring County",2,50,402,201,201
050,05,059,"Arkansas","Hot Spring County",2,51,382,187,195
050,05,059,"Arkansas","Hot Spring County",2,52,375,199,176
050,05,059,"Arkansas","Hot Spring County",2,53,520,344,176
050,05,059,"Arkansas","Hot Spring County",2,54,408,213,195
050,05,059,"Arkansas","Hot Spring County",2,55,466,239,227
050,05,059,"Arkansas","Hot Spring County",2,56,587,358,229
050,05,059,"Arkansas","Hot Spring County",2,57,470,234,236
050,05,059,"Arkansas","Hot Spring County",2,58,459,228,231
050,05,059,"Arkansas","Hot Spring County",2,59,432,215,217
050,05,059,"Arkansas","Hot Spring County",2,60,478,257,221
050,05,059,"Arkansas","Hot Spring County",2,61,444,232,212
050,05,059,"Arkansas","Hot Spring County",2,62,432,216,216
050,05,059,"Arkansas","Hot Spring County",2,63,452,226,226
050,05,059,"Arkansas","Hot Spring County",2,64,439,208,231
050,05,059,"Arkansas","Hot Spring County",2,65,439,203,236
050,05,059,"Arkansas","Hot Spring County",2,66,449,206,243
050,05,059,"Arkansas","Hot Spring County",2,67,422,196,226
050,05,059,"Arkansas","Hot Spring County",2,68,410,181,229
050,05,059,"Arkansas","Hot Spring County",2,69,403,178,225
050,05,059,"Arkansas","Hot Spring County",2,70,376,183,193
050,05,059,"Arkansas","Hot Spring County",2,71,366,172,194
050,05,059,"Arkansas","Hot Spring County",2,72,358,168,190
050,05,059,"Arkansas","Hot Spring County",2,73,395,198,197
050,05,059,"Arkansas","Hot Spring County",2,74,268,138,130
050,05,059,"Arkansas","Hot Spring County",2,75,245,122,123
050,05,059,"Arkansas","Hot Spring County",2,76,250,113,137
050,05,059,"Arkansas","Hot Spring County",2,77,262,118,144
050,05,059,"Arkansas","Hot Spring County",2,78,216,98,118
050,05,059,"Arkansas","Hot Spring County",2,79,191,91,100
050,05,059,"Arkansas","Hot Spring County",2,80,168,77,91
050,05,059,"Arkansas","Hot Spring County",2,81,151,66,85
050,05,059,"Arkansas","Hot Spring County",2,82,137,62,75
050,05,059,"Arkansas","Hot Spring County",2,83,114,53,61
050,05,059,"Arkansas","Hot Spring County",2,84,99,41,58
050,05,059,"Arkansas","Hot Spring County",2,85,628,251,377
050,05,059,"Arkansas","Hot Spring County",3,0,293,143,150
050,05,059,"Arkansas","Hot Spring County",3,1,326,167,159
050,05,059,"Arkansas","Hot Spring County",3,2,343,179,164
050,05,059,"Arkansas","Hot Spring County",3,3,324,191,133
050,05,059,"Arkansas","Hot Spring County",3,4,319,168,151
050,05,059,"Arkansas","Hot Spring County",3,5,329,177,152
050,05,059,"Arkansas","Hot Spring County",3,6,331,171,160
050,05,059,"Arkansas","Hot Spring County",3,7,341,177,164
050,05,059,"Arkansas","Hot Spring County",3,8,356,190,166
050,05,059,"Arkansas","Hot Spring County",3,9,337,171,166
050,05,059,"Arkansas","Hot Spring County",3,10,355,183,172
050,05,059,"Arkansas","Hot Spring County",3,11,386,210,176
050,05,059,"Arkansas","Hot Spring County",3,12,387,207,180
050,05,059,"Arkansas","Hot Spring County",3,13,410,210,200
050,05,059,"Arkansas","Hot Spring County",3,14,423,219,204
050,05,059,"Arkansas","Hot Spring County",3,15,417,217,200
050,05,059,"Arkansas","Hot Spring County",3,16,412,212,200
050,05,059,"Arkansas","Hot Spring County",3,17,416,217,199
050,05,059,"Arkansas","Hot Spring County",3,18,363,209,154
050,05,059,"Arkansas","Hot Spring County",3,19,329,199,130
050,05,059,"Arkansas","Hot Spring County",3,20,369,245,124
050,05,059,"Arkansas","Hot Spring County",3,21,296,148,148
050,05,059,"Arkansas","Hot Spring County",3,22,451,296,155
050,05,059,"Arkansas","Hot Spring County",3,23,414,226,188
050,05,059,"Arkansas","Hot Spring County",3,24,377,201,176
050,05,059,"Arkansas","Hot Spring County",3,25,443,276,167
050,05,059,"Arkansas","Hot Spring County",3,26,413,239,174
050,05,059,"Arkansas","Hot Spring County",3,27,393,225,168
050,05,059,"Arkansas","Hot Spring County",3,28,433,258,175
050,05,059,"Arkansas","Hot Spring County",3,29,464,269,195
050,05,059,"Arkansas","Hot Spring County",3,30,503,299,204
050,05,059,"Arkansas","Hot Spring County",3,31,453,262,191
050,05,059,"Arkansas","Hot Spring County",3,32,469,288,181
050,05,059,"Arkansas","Hot Spring County",3,33,363,190,173
050,05,059,"Arkansas","Hot Spring County",3,34,361,185,176
050,05,059,"Arkansas","Hot Spring County",3,35,367,184,183
050,05,059,"Arkansas","Hot Spring County",3,36,406,218,188
050,05,059,"Arkansas","Hot Spring County",3,37,438,251,187
050,05,059,"Arkansas","Hot Spring County",3,38,417,218,199
050,05,059,"Arkansas","Hot Spring County",3,39,414,214,200
050,05,059,"Arkansas","Hot Spring County",3,40,426,222,204
050,05,059,"Arkansas","Hot Spring County",3,41,468,269,199
050,05,059,"Arkansas","Hot Spring County",3,42,384,184,200
050,05,059,"Arkansas","Hot Spring County",3,43,496,299,197
050,05,059,"Arkansas","Hot Spring County",3,44,413,225,188
050,05,059,"Arkansas","Hot Spring County",3,45,423,231,192
050,05,059,"Arkansas","Hot Spring County",3,46,461,263,198
050,05,059,"Arkansas","Hot Spring County",3,47,492,298,194
050,05,059,"Arkansas","Hot Spring County",3,48,412,215,197
050,05,059,"Arkansas","Hot Spring County",3,49,460,231,229
050,05,059,"Arkansas","Hot Spring County",3,50,451,227,224
050,05,059,"Arkansas","Hot Spring County",3,51,405,203,202
050,05,059,"Arkansas","Hot Spring County",3,52,390,193,197
050,05,059,"Arkansas","Hot Spring County",3,53,528,348,180
050,05,059,"Arkansas","Hot Spring County",3,54,377,201,176
050,05,059,"Arkansas","Hot Spring County",3,55,412,208,204
050,05,059,"Arkansas","Hot Spring County",3,56,572,344,228
050,05,059,"Arkansas","Hot Spring County",3,57,481,249,232
050,05,059,"Arkansas","Hot Spring County",3,58,474,239,235
050,05,059,"Arkansas","Hot Spring County",3,59,453,222,231
050,05,059,"Arkansas","Hot Spring County",3,60,465,243,222
050,05,059,"Arkansas","Hot Spring County",3,61,453,232,221
050,05,059,"Arkansas","Hot Spring County",3,62,440,230,210
050,05,059,"Arkansas","Hot Spring County",3,63,430,222,208
050,05,059,"Arkansas","Hot Spring County",3,64,436,216,220
050,05,059,"Arkansas","Hot Spring County",3,65,423,201,222
050,05,059,"Arkansas","Hot Spring County",3,66,438,200,238
050,05,059,"Arkansas","Hot Spring County",3,67,440,199,241
050,05,059,"Arkansas","Hot Spring County",3,68,420,192,228
050,05,059,"Arkansas","Hot Spring County",3,69,389,170,219
050,05,059,"Arkansas","Hot Spring County",3,70,391,179,212
050,05,059,"Arkansas","Hot Spring County",3,71,352,164,188
050,05,059,"Arkansas","Hot Spring County",3,72,353,167,186
050,05,059,"Arkansas","Hot Spring County",3,73,339,158,181
050,05,059,"Arkansas","Hot Spring County",3,74,382,192,190
050,05,059,"Arkansas","Hot Spring County",3,75,255,124,131
050,05,059,"Arkansas","Hot Spring County",3,76,234,112,122
050,05,059,"Arkansas","Hot Spring County",3,77,240,110,130
050,05,059,"Arkansas","Hot Spring County",3,78,248,111,137
050,05,059,"Arkansas","Hot Spring County",3,79,212,96,116
050,05,059,"Arkansas","Hot Spring County",3,80,185,88,97
050,05,059,"Arkansas","Hot Spring County",3,81,152,68,84
050,05,059,"Arkansas","Hot Spring County",3,82,134,58,76
050,05,059,"Arkansas","Hot Spring County",3,83,119,49,70
050,05,059,"Arkansas","Hot Spring County",3,84,109,49,60
050,05,059,"Arkansas","Hot Spring County",3,85,621,247,374
050,05,059,"Arkansas","Hot Spring County",4,0,303,159,144
050,05,059,"Arkansas","Hot Spring County",4,1,309,159,150
050,05,059,"Arkansas","Hot Spring County",4,2,329,170,159
050,05,059,"Arkansas","Hot Spring County",4,3,331,178,153
050,05,059,"Arkansas","Hot Spring County",4,4,314,189,125
050,05,059,"Arkansas","Hot Spring County",4,5,320,163,157
050,05,059,"Arkansas","Hot Spring County",4,6,330,176,154
050,05,059,"Arkansas","Hot Spring County",4,7,335,173,162
050,05,059,"Arkansas","Hot Spring County",4,8,349,175,174
050,05,059,"Arkansas","Hot Spring County",4,9,364,195,169
050,05,059,"Arkansas","Hot Spring County",4,10,339,171,168
050,05,059,"Arkansas","Hot Spring County",4,11,376,186,190
050,05,059,"Arkansas","Hot Spring County",4,12,376,203,173
050,05,059,"Arkansas","Hot Spring County",4,13,395,210,185
050,05,059,"Arkansas","Hot Spring County",4,14,414,220,194
050,05,059,"Arkansas","Hot Spring County",4,15,433,219,214
050,05,059,"Arkansas","Hot Spring County",4,16,408,219,189
050,05,059,"Arkansas","Hot Spring County",4,17,428,221,207
050,05,059,"Arkansas","Hot Spring County",4,18,377,224,153
050,05,059,"Arkansas","Hot Spring County",4,19,337,212,125
050,05,059,"Arkansas","Hot Spring County",4,20,378,241,137
050,05,059,"Arkansas","Hot Spring County",4,21,274,150,124
050,05,059,"Arkansas","Hot Spring County",4,22,453,299,154
050,05,059,"Arkansas","Hot Spring County",4,23,411,238,173
050,05,059,"Arkansas","Hot Spring County",4,24,382,198,184
050,05,059,"Arkansas","Hot Spring County",4,25,447,269,178
050,05,059,"Arkansas","Hot Spring County",4,26,463,282,181
050,05,059,"Arkansas","Hot Spring County",4,27,386,211,175
050,05,059,"Arkansas","Hot Spring County",4,28,398,232,166
050,05,059,"Arkansas","Hot Spring County",4,29,421,246,175
050,05,059,"Arkansas","Hot Spring County",4,30,488,301,187
050,05,059,"Arkansas","Hot Spring County",4,31,472,262,210
050,05,059,"Arkansas","Hot Spring County",4,32,490,305,185
050,05,059,"Arkansas","Hot Spring County",4,33,424,237,187
050,05,059,"Arkansas","Hot Spring County",4,34,343,178,165
050,05,059,"Arkansas","Hot Spring County",4,35,374,195,179
050,05,059,"Arkansas","Hot Spring County",4,36,384,193,191
050,05,059,"Arkansas","Hot Spring County",4,37,440,256,184
050,05,059,"Arkansas","Hot Spring County",4,38,409,220,189
050,05,059,"Arkansas","Hot Spring County",4,39,416,207,209
050,05,059,"Arkansas","Hot Spring County",4,40,427,212,215
050,05,059,"Arkansas","Hot Spring County",4,41,457,260,197
050,05,059,"Arkansas","Hot Spring County",4,42,401,197,204
050,05,059,"Arkansas","Hot Spring County",4,43,488,294,194
050,05,059,"Arkansas","Hot Spring County",4,44,425,226,199
050,05,059,"Arkansas","Hot Spring County",4,45,419,226,193
050,05,059,"Arkansas","Hot Spring County",4,46,460,264,196
050,05,059,"Arkansas","Hot Spring County",4,47,517,320,197
050,05,059,"Arkansas","Hot Spring County",4,48,407,217,190
050,05,059,"Arkansas","Hot Spring County",4,49,421,210,211
050,05,059,"Arkansas","Hot Spring County",4,50,434,203,231
050,05,059,"Arkansas","Hot Spring County",4,51,463,236,227
050,05,059,"Arkansas","Hot Spring County",4,52,400,202,198
050,05,059,"Arkansas","Hot Spring County",4,53,544,341,203
050,05,059,"Arkansas","Hot Spring County",4,54,386,206,180
050,05,059,"Arkansas","Hot Spring County",4,55,370,189,181
050,05,059,"Arkansas","Hot Spring County",4,56,526,316,210
050,05,059,"Arkansas","Hot Spring County",4,57,469,238,231
050,05,059,"Arkansas","Hot Spring County",4,58,479,246,233
050,05,059,"Arkansas","Hot Spring County",4,59,490,246,244
050,05,059,"Arkansas","Hot Spring County",4,60,481,249,232
050,05,059,"Arkansas","Hot Spring County",4,61,427,212,215
050,05,059,"Arkansas","Hot Spring County",4,62,442,217,225
050,05,059,"Arkansas","Hot Spring County",4,63,441,231,210
050,05,059,"Arkansas","Hot Spring County",4,64,405,209,196
050,05,059,"Arkansas","Hot Spring County",4,65,447,219,228
050,05,059,"Arkansas","Hot Spring County",4,66,423,197,226
050,05,059,"Arkansas","Hot Spring County",4,67,428,196,232
050,05,059,"Arkansas","Hot Spring County",4,68,411,183,228
050,05,059,"Arkansas","Hot Spring County",4,69,423,188,235
050,05,059,"Arkansas","Hot Spring County",4,70,380,170,210
050,05,059,"Arkansas","Hot Spring County",4,71,383,171,212
050,05,059,"Arkansas","Hot Spring County",4,72,342,159,183
050,05,059,"Arkansas","Hot Spring County",4,73,335,155,180
050,05,059,"Arkansas","Hot Spring County",4,74,330,155,175
050,05,059,"Arkansas","Hot Spring County",4,75,360,175,185
050,05,059,"Arkansas","Hot Spring County",4,76,243,118,125
050,05,059,"Arkansas","Hot Spring County",4,77,228,107,121
050,05,059,"Arkansas","Hot Spring County",4,78,223,107,116
050,05,059,"Arkansas","Hot Spring County",4,79,231,102,129
050,05,059,"Arkansas","Hot Spring County",4,80,197,88,109
050,05,059,"Arkansas","Hot Spring County",4,81,181,84,97
050,05,059,"Arkansas","Hot Spring County",4,82,137,65,72
050,05,059,"Arkansas","Hot Spring County",4,83,117,49,68
050,05,059,"Arkansas","Hot Spring County",4,84,108,40,68
050,05,059,"Arkansas","Hot Spring County",4,85,623,244,379
050,05,059,"Arkansas","Hot Spring County",5,0,300,157,143
050,05,059,"Arkansas","Hot Spring County",5,1,299,159,140
050,05,059,"Arkansas","Hot Spring County",5,2,323,158,165
050,05,059,"Arkansas","Hot Spring County",5,3,334,177,157
050,05,059,"Arkansas","Hot Spring County",5,4,326,166,160
050,05,059,"Arkansas","Hot Spring County",5,5,312,190,122
050,05,059,"Arkansas","Hot Spring County",5,6,325,167,158
050,05,059,"Arkansas","Hot Spring County",5,7,317,165,152
050,05,059,"Arkansas","Hot Spring County",5,8,336,168,168
050,05,059,"Arkansas","Hot Spring County",5,9,349,177,172
050,05,059,"Arkansas","Hot Spring County",5,10,367,202,165
050,05,059,"Arkansas","Hot Spring County",5,11,341,174,167
050,05,059,"Arkansas","Hot Spring County",5,12,374,189,185
050,05,059,"Arkansas","Hot Spring County",5,13,386,203,183
050,05,059,"Arkansas","Hot Spring County",5,14,395,204,191
050,05,059,"Arkansas","Hot Spring County",5,15,426,227,199
050,05,059,"Arkansas","Hot Spring County",5,16,425,210,215
050,05,059,"Arkansas","Hot Spring County",5,17,395,214,181
050,05,059,"Arkansas","Hot Spring County",5,18,386,228,158
050,05,059,"Arkansas","Hot Spring County",5,19,361,233,128
050,05,059,"Arkansas","Hot Spring County",5,20,404,262,142
050,05,059,"Arkansas","Hot Spring County",5,21,300,144,156
050,05,059,"Arkansas","Hot Spring County",5,22,422,299,123
050,05,059,"Arkansas","Hot Spring County",5,23,422,247,175
050,05,059,"Arkansas","Hot Spring County",5,24,379,201,178
050,05,059,"Arkansas","Hot Spring County",5,25,446,277,169
050,05,059,"Arkansas","Hot Spring County",5,26,454,271,183
050,05,059,"Arkansas","Hot Spring County",5,27,437,253,184
050,05,059,"Arkansas","Hot Spring County",5,28,396,222,174
050,05,059,"Arkansas","Hot Spring County",5,29,417,243,174
050,05,059,"Arkansas","Hot Spring County",5,30,456,282,174
050,05,059,"Arkansas","Hot Spring County",5,31,459,278,181
050,05,059,"Arkansas","Hot Spring County",5,32,507,304,203
050,05,059,"Arkansas","Hot Spring County",5,33,434,244,190
050,05,059,"Arkansas","Hot Spring County",5,34,408,226,182
050,05,059,"Arkansas","Hot Spring County",5,35,356,190,166
050,05,059,"Arkansas","Hot Spring County",5,36,381,197,184
050,05,059,"Arkansas","Hot Spring County",5,37,433,241,192
050,05,059,"Arkansas","Hot Spring County",5,38,419,229,190
050,05,059,"Arkansas","Hot Spring County",5,39,422,232,190
050,05,059,"Arkansas","Hot Spring County",5,40,419,210,209
050,05,059,"Arkansas","Hot Spring County",5,41,457,256,201
050,05,059,"Arkansas","Hot Spring County",5,42,392,191,201
050,05,059,"Arkansas","Hot Spring County",5,43,529,324,205
050,05,059,"Arkansas","Hot Spring County",5,44,420,231,189
050,05,059,"Arkansas","Hot Spring County",5,45,437,227,210
050,05,059,"Arkansas","Hot Spring County",5,46,471,275,196
050,05,059,"Arkansas","Hot Spring County",5,47,498,310,188
050,05,059,"Arkansas","Hot Spring County",5,48,444,243,201
050,05,059,"Arkansas","Hot Spring County",5,49,413,221,192
050,05,059,"Arkansas","Hot Spring County",5,50,392,176,216
050,05,059,"Arkansas","Hot Spring County",5,51,430,203,227
050,05,059,"Arkansas","Hot Spring County",5,52,460,229,231
050,05,059,"Arkansas","Hot Spring County",5,53,558,358,200
050,05,059,"Arkansas","Hot Spring County",5,54,394,187,207
050,05,059,"Arkansas","Hot Spring County",5,55,384,205,179
050,05,059,"Arkansas","Hot Spring County",5,56,487,304,183
050,05,059,"Arkansas","Hot Spring County",5,57,409,204,205
050,05,059,"Arkansas","Hot Spring County",5,58,472,237,235
050,05,059,"Arkansas","Hot Spring County",5,59,481,246,235
050,05,059,"Arkansas","Hot Spring County",5,60,515,273,242
050,05,059,"Arkansas","Hot Spring County",5,61,451,210,241
050,05,059,"Arkansas","Hot Spring County",5,62,423,215,208
050,05,059,"Arkansas","Hot Spring County",5,63,454,232,222
050,05,059,"Arkansas","Hot Spring County",5,64,429,227,202
050,05,059,"Arkansas","Hot Spring County",5,65,408,210,198
050,05,059,"Arkansas","Hot Spring County",5,66,445,220,225
050,05,059,"Arkansas","Hot Spring County",5,67,412,187,225
050,05,059,"Arkansas","Hot Spring County",5,68,410,185,225
050,05,059,"Arkansas","Hot Spring County",5,69,403,177,226
050,05,059,"Arkansas","Hot Spring County",5,70,409,188,221
050,05,059,"Arkansas","Hot Spring County",5,71,370,160,210
050,05,059,"Arkansas","Hot Spring County",5,72,369,159,210
050,05,059,"Arkansas","Hot Spring County",5,73,327,150,177
050,05,059,"Arkansas","Hot Spring County",5,74,329,150,179
050,05,059,"Arkansas","Hot Spring County",5,75,312,140,172
050,05,059,"Arkansas","Hot Spring County",5,76,343,165,178
050,05,059,"Arkansas","Hot Spring County",5,77,235,112,123
050,05,059,"Arkansas","Hot Spring County",5,78,212,102,110
050,05,059,"Arkansas","Hot Spring County",5,79,211,99,112
050,05,059,"Arkansas","Hot Spring County",5,80,213,97,116
050,05,059,"Arkansas","Hot Spring County",5,81,185,82,103
050,05,059,"Arkansas","Hot Spring County",5,82,169,83,86
050,05,059,"Arkansas","Hot Spring County",5,83,116,52,64
050,05,059,"Arkansas","Hot Spring County",5,84,106,42,64
050,05,059,"Arkansas","Hot Spring County",5,85,626,239,387
050,05,061,"Arkansas","Howard County",1,0,159,81,78
050,05,061,"Arkansas","Howard County",1,1,172,81,91
050,05,061,"Arkansas","Howard County",1,2,184,92,92
050,05,061,"Arkansas","Howard County",1,3,183,103,80
050,05,061,"Arkansas","Howard County",1,4,189,101,88
050,05,061,"Arkansas","Howard County",1,5,181,101,80
050,05,061,"Arkansas","Howard County",1,6,191,95,96
050,05,061,"Arkansas","Howard County",1,7,170,87,83
050,05,061,"Arkansas","Howard County",1,8,174,94,80
050,05,061,"Arkansas","Howard County",1,9,193,109,84
050,05,061,"Arkansas","Howard County",1,10,198,110,88
050,05,061,"Arkansas","Howard County",1,11,184,106,78
050,05,061,"Arkansas","Howard County",1,12,210,113,97
050,05,061,"Arkansas","Howard County",1,13,198,96,102
050,05,061,"Arkansas","Howard County",1,14,198,97,101
050,05,061,"Arkansas","Howard County",1,15,180,89,91
050,05,061,"Arkansas","Howard County",1,16,190,91,99
050,05,061,"Arkansas","Howard County",1,17,190,100,90
050,05,061,"Arkansas","Howard County",1,18,151,78,73
050,05,061,"Arkansas","Howard County",1,19,136,70,66
050,05,061,"Arkansas","Howard County",1,20,129,68,61
050,05,061,"Arkansas","Howard County",1,21,142,58,84
050,05,061,"Arkansas","Howard County",1,22,143,65,78
050,05,061,"Arkansas","Howard County",1,23,142,77,65
050,05,061,"Arkansas","Howard County",1,24,147,76,71
050,05,061,"Arkansas","Howard County",1,25,139,67,72
050,05,061,"Arkansas","Howard County",1,26,133,61,72
050,05,061,"Arkansas","Howard County",1,27,144,63,81
050,05,061,"Arkansas","Howard County",1,28,149,62,87
050,05,061,"Arkansas","Howard County",1,29,130,68,62
050,05,061,"Arkansas","Howard County",1,30,164,77,87
050,05,061,"Arkansas","Howard County",1,31,165,74,91
050,05,061,"Arkansas","Howard County",1,32,149,69,80
050,05,061,"Arkansas","Howard County",1,33,133,60,73
050,05,061,"Arkansas","Howard County",1,34,155,74,81
050,05,061,"Arkansas","Howard County",1,35,144,64,80
050,05,061,"Arkansas","Howard County",1,36,165,74,91
050,05,061,"Arkansas","Howard County",1,37,178,91,87
050,05,061,"Arkansas","Howard County",1,38,159,75,84
050,05,061,"Arkansas","Howard County",1,39,136,64,72
050,05,061,"Arkansas","Howard County",1,40,147,75,72
050,05,061,"Arkansas","Howard County",1,41,153,67,86
050,05,061,"Arkansas","Howard County",1,42,130,54,76
050,05,061,"Arkansas","Howard County",1,43,128,62,66
050,05,061,"Arkansas","Howard County",1,44,138,65,73
050,05,061,"Arkansas","Howard County",1,45,137,70,67
050,05,061,"Arkansas","Howard County",1,46,145,71,74
050,05,061,"Arkansas","Howard County",1,47,145,64,81
050,05,061,"Arkansas","Howard County",1,48,128,62,66
050,05,061,"Arkansas","Howard County",1,49,154,70,84
050,05,061,"Arkansas","Howard County",1,50,149,68,81
050,05,061,"Arkansas","Howard County",1,51,148,70,78
050,05,061,"Arkansas","Howard County",1,52,160,84,76
050,05,061,"Arkansas","Howard County",1,53,153,78,75
050,05,061,"Arkansas","Howard County",1,54,154,75,79
050,05,061,"Arkansas","Howard County",1,55,186,95,91
050,05,061,"Arkansas","Howard County",1,56,196,98,98
050,05,061,"Arkansas","Howard County",1,57,179,84,95
050,05,061,"Arkansas","Howard County",1,58,177,79,98
050,05,061,"Arkansas","Howard County",1,59,170,83,87
050,05,061,"Arkansas","Howard County",1,60,174,86,88
050,05,061,"Arkansas","Howard County",1,61,159,85,74
050,05,061,"Arkansas","Howard County",1,62,163,84,79
050,05,061,"Arkansas","Howard County",1,63,166,85,81
050,05,061,"Arkansas","Howard County",1,64,156,72,84
050,05,061,"Arkansas","Howard County",1,65,142,69,73
050,05,061,"Arkansas","Howard County",1,66,153,80,73
050,05,061,"Arkansas","Howard County",1,67,157,75,82
050,05,061,"Arkansas","Howard County",1,68,132,62,70
050,05,061,"Arkansas","Howard County",1,69,116,54,62
050,05,061,"Arkansas","Howard County",1,70,117,63,54
050,05,061,"Arkansas","Howard County",1,71,139,65,74
050,05,061,"Arkansas","Howard County",1,72,140,68,72
050,05,061,"Arkansas","Howard County",1,73,130,58,72
050,05,061,"Arkansas","Howard County",1,74,92,43,49
050,05,061,"Arkansas","Howard County",1,75,93,43,50
050,05,061,"Arkansas","Howard County",1,76,92,37,55
050,05,061,"Arkansas","Howard County",1,77,76,25,51
050,05,061,"Arkansas","Howard County",1,78,69,32,37
050,05,061,"Arkansas","Howard County",1,79,84,39,45
050,05,061,"Arkansas","Howard County",1,80,73,32,41
050,05,061,"Arkansas","Howard County",1,81,67,25,42
050,05,061,"Arkansas","Howard County",1,82,66,26,40
050,05,061,"Arkansas","Howard County",1,83,63,28,35
050,05,061,"Arkansas","Howard County",1,84,45,19,26
050,05,061,"Arkansas","Howard County",1,85,268,106,162
050,05,061,"Arkansas","Howard County",2,0,155,74,81
050,05,061,"Arkansas","Howard County",2,1,170,82,88
050,05,061,"Arkansas","Howard County",2,2,181,91,90
050,05,061,"Arkansas","Howard County",2,3,182,98,84
050,05,061,"Arkansas","Howard County",2,4,188,102,86
050,05,061,"Arkansas","Howard County",2,5,185,103,82
050,05,061,"Arkansas","Howard County",2,6,188,95,93
050,05,061,"Arkansas","Howard County",2,7,171,87,84
050,05,061,"Arkansas","Howard County",2,8,172,91,81
050,05,061,"Arkansas","Howard County",2,9,184,101,83
050,05,061,"Arkansas","Howard County",2,10,193,108,85
050,05,061,"Arkansas","Howard County",2,11,185,105,80
050,05,061,"Arkansas","Howard County",2,12,206,111,95
050,05,061,"Arkansas","Howard County",2,13,199,99,100
050,05,061,"Arkansas","Howard County",2,14,197,95,102
050,05,061,"Arkansas","Howard County",2,15,184,88,96
050,05,061,"Arkansas","Howard County",2,16,187,91,96
050,05,061,"Arkansas","Howard County",2,17,190,98,92
050,05,061,"Arkansas","Howard County",2,18,156,82,74
050,05,061,"Arkansas","Howard County",2,19,135,70,65
050,05,061,"Arkansas","Howard County",2,20,134,68,66
050,05,061,"Arkansas","Howard County",2,21,138,61,77
050,05,061,"Arkansas","Howard County",2,22,142,64,78
050,05,061,"Arkansas","Howard County",2,23,143,75,68
050,05,061,"Arkansas","Howard County",2,24,145,77,68
050,05,061,"Arkansas","Howard County",2,25,142,71,71
050,05,061,"Arkansas","Howard County",2,26,136,63,73
050,05,061,"Arkansas","Howard County",2,27,142,63,79
050,05,061,"Arkansas","Howard County",2,28,146,63,83
050,05,061,"Arkansas","Howard County",2,29,134,67,67
050,05,061,"Arkansas","Howard County",2,30,157,75,82
050,05,061,"Arkansas","Howard County",2,31,164,74,90
050,05,061,"Arkansas","Howard County",2,32,149,68,81
050,05,061,"Arkansas","Howard County",2,33,136,62,74
050,05,061,"Arkansas","Howard County",2,34,147,69,78
050,05,061,"Arkansas","Howard County",2,35,148,67,81
050,05,061,"Arkansas","Howard County",2,36,160,71,89
050,05,061,"Arkansas","Howard County",2,37,174,87,87
050,05,061,"Arkansas","Howard County",2,38,165,80,85
050,05,061,"Arkansas","Howard County",2,39,141,67,74
050,05,061,"Arkansas","Howard County",2,40,149,75,74
050,05,061,"Arkansas","Howard County",2,41,154,70,84
050,05,061,"Arkansas","Howard County",2,42,133,56,77
050,05,061,"Arkansas","Howard County",2,43,129,61,68
050,05,061,"Arkansas","Howard County",2,44,132,62,70
050,05,061,"Arkansas","Howard County",2,45,137,69,68
050,05,061,"Arkansas","Howard County",2,46,142,70,72
050,05,061,"Arkansas","Howard County",2,47,145,66,79
050,05,061,"Arkansas","Howard County",2,48,131,62,69
050,05,061,"Arkansas","Howard County",2,49,149,68,81
050,05,061,"Arkansas","Howard County",2,50,150,69,81
050,05,061,"Arkansas","Howard County",2,51,150,70,80
050,05,061,"Arkansas","Howard County",2,52,156,80,76
050,05,061,"Arkansas","Howard County",2,53,151,77,74
050,05,061,"Arkansas","Howard County",2,54,152,76,76
050,05,061,"Arkansas","Howard County",2,55,177,89,88
050,05,061,"Arkansas","Howard County",2,56,196,99,97
050,05,061,"Arkansas","Howard County",2,57,183,88,95
050,05,061,"Arkansas","Howard County",2,58,176,78,98
050,05,061,"Arkansas","Howard County",2,59,171,81,90
050,05,061,"Arkansas","Howard County",2,60,172,84,88
050,05,061,"Arkansas","Howard County",2,61,159,83,76
050,05,061,"Arkansas","Howard County",2,62,162,83,79
050,05,061,"Arkansas","Howard County",2,63,166,86,80
050,05,061,"Arkansas","Howard County",2,64,158,75,83
050,05,061,"Arkansas","Howard County",2,65,143,69,74
050,05,061,"Arkansas","Howard County",2,66,150,77,73
050,05,061,"Arkansas","Howard County",2,67,156,76,80
050,05,061,"Arkansas","Howard County",2,68,138,65,73
050,05,061,"Arkansas","Howard County",2,69,120,56,64
050,05,061,"Arkansas","Howard County",2,70,117,61,56
050,05,061,"Arkansas","Howard County",2,71,132,62,70
050,05,061,"Arkansas","Howard County",2,72,136,66,70
050,05,061,"Arkansas","Howard County",2,73,137,62,75
050,05,061,"Arkansas","Howard County",2,74,97,45,52
050,05,061,"Arkansas","Howard County",2,75,92,43,49
050,05,061,"Arkansas","Howard County",2,76,89,35,54
050,05,061,"Arkansas","Howard County",2,77,80,28,52
050,05,061,"Arkansas","Howard County",2,78,67,28,39
050,05,061,"Arkansas","Howard County",2,79,81,38,43
050,05,061,"Arkansas","Howard County",2,80,75,32,43
050,05,061,"Arkansas","Howard County",2,81,69,28,41
050,05,061,"Arkansas","Howard County",2,82,65,25,40
050,05,061,"Arkansas","Howard County",2,83,65,28,37
050,05,061,"Arkansas","Howard County",2,84,48,22,26
050,05,061,"Arkansas","Howard County",2,85,269,105,164
050,05,061,"Arkansas","Howard County",3,0,157,79,78
050,05,061,"Arkansas","Howard County",3,1,152,77,75
050,05,061,"Arkansas","Howard County",3,2,172,79,93
050,05,061,"Arkansas","Howard County",3,3,175,92,83
050,05,061,"Arkansas","Howard County",3,4,188,104,84
050,05,061,"Arkansas","Howard County",3,5,185,106,79
050,05,061,"Arkansas","Howard County",3,6,182,109,73
050,05,061,"Arkansas","Howard County",3,7,192,98,94
050,05,061,"Arkansas","Howard County",3,8,173,86,87
050,05,061,"Arkansas","Howard County",3,9,171,86,85
050,05,061,"Arkansas","Howard County",3,10,183,101,82
050,05,061,"Arkansas","Howard County",3,11,193,107,86
050,05,061,"Arkansas","Howard County",3,12,191,109,82
050,05,061,"Arkansas","Howard County",3,13,210,115,95
050,05,061,"Arkansas","Howard County",3,14,202,107,95
050,05,061,"Arkansas","Howard County",3,15,195,94,101
050,05,061,"Arkansas","Howard County",3,16,183,85,98
050,05,061,"Arkansas","Howard County",3,17,181,88,93
050,05,061,"Arkansas","Howard County",3,18,176,94,82
050,05,061,"Arkansas","Howard County",3,19,145,75,70
050,05,061,"Arkansas","Howard County",3,20,141,69,72
050,05,061,"Arkansas","Howard County",3,21,147,77,70
050,05,061,"Arkansas","Howard County",3,22,149,68,81
050,05,061,"Arkansas","Howard County",3,23,137,61,76
050,05,061,"Arkansas","Howard County",3,24,137,71,66
050,05,061,"Arkansas","Howard County",3,25,136,71,65
050,05,061,"Arkansas","Howard County",3,26,138,66,72
050,05,061,"Arkansas","Howard County",3,27,135,66,69
050,05,061,"Arkansas","Howard County",3,28,146,65,81
050,05,061,"Arkansas","Howard County",3,29,143,59,84
050,05,061,"Arkansas","Howard County",3,30,128,71,57
050,05,061,"Arkansas","Howard County",3,31,164,77,87
050,05,061,"Arkansas","Howard County",3,32,171,79,92
050,05,061,"Arkansas","Howard County",3,33,153,72,81
050,05,061,"Arkansas","Howard County",3,34,135,62,73
050,05,061,"Arkansas","Howard County",3,35,146,65,81
050,05,061,"Arkansas","Howard County",3,36,145,66,79
050,05,061,"Arkansas","Howard County",3,37,155,66,89
050,05,061,"Arkansas","Howard County",3,38,176,88,88
050,05,061,"Arkansas","Howard County",3,39,157,69,88
050,05,061,"Arkansas","Howard County",3,40,141,66,75
050,05,061,"Arkansas","Howard County",3,41,149,71,78
050,05,061,"Arkansas","Howard County",3,42,146,68,78
050,05,061,"Arkansas","Howard County",3,43,144,59,85
050,05,061,"Arkansas","Howard County",3,44,124,59,65
050,05,061,"Arkansas","Howard County",3,45,128,59,69
050,05,061,"Arkansas","Howard County",3,46,144,73,71
050,05,061,"Arkansas","Howard County",3,47,140,68,72
050,05,061,"Arkansas","Howard County",3,48,135,62,73
050,05,061,"Arkansas","Howard County",3,49,136,67,69
050,05,061,"Arkansas","Howard County",3,50,147,67,80
050,05,061,"Arkansas","Howard County",3,51,156,77,79
050,05,061,"Arkansas","Howard County",3,52,147,69,78
050,05,061,"Arkansas","Howard County",3,53,148,73,75
050,05,061,"Arkansas","Howard County",3,54,151,76,75
050,05,061,"Arkansas","Howard County",3,55,150,76,74
050,05,061,"Arkansas","Howard County",3,56,169,83,86
050,05,061,"Arkansas","Howard County",3,57,193,95,98
050,05,061,"Arkansas","Howard County",3,58,176,87,89
050,05,061,"Arkansas","Howard County",3,59,172,73,99
050,05,061,"Arkansas","Howard County",3,60,174,84,90
050,05,061,"Arkansas","Howard County",3,61,166,80,86
050,05,061,"Arkansas","Howard County",3,62,165,82,83
050,05,061,"Arkansas","Howard County",3,63,147,77,70
050,05,061,"Arkansas","Howard County",3,64,167,86,81
050,05,061,"Arkansas","Howard County",3,65,152,71,81
050,05,061,"Arkansas","Howard County",3,66,140,66,74
050,05,061,"Arkansas","Howard County",3,67,151,77,74
050,05,061,"Arkansas","Howard County",3,68,149,72,77
050,05,061,"Arkansas","Howard County",3,69,134,61,73
050,05,061,"Arkansas","Howard County",3,70,116,55,61
050,05,061,"Arkansas","Howard County",3,71,111,54,57
050,05,061,"Arkansas","Howard County",3,72,128,61,67
050,05,061,"Arkansas","Howard County",3,73,126,60,66
050,05,061,"Arkansas","Howard County",3,74,139,63,76
050,05,061,"Arkansas","Howard County",3,75,86,38,48
050,05,061,"Arkansas","Howard County",3,76,93,43,50
050,05,061,"Arkansas","Howard County",3,77,82,33,49
050,05,061,"Arkansas","Howard County",3,78,74,26,48
050,05,061,"Arkansas","Howard County",3,79,65,31,34
050,05,061,"Arkansas","Howard County",3,80,70,33,37
050,05,061,"Arkansas","Howard County",3,81,72,33,39
050,05,061,"Arkansas","Howard County",3,82,62,26,36
050,05,061,"Arkansas","Howard County",3,83,64,24,40
050,05,061,"Arkansas","Howard County",3,84,56,26,30
050,05,061,"Arkansas","Howard County",3,85,265,109,156
050,05,061,"Arkansas","Howard County",4,0,197,98,99
050,05,061,"Arkansas","Howard County",4,1,173,92,81
050,05,061,"Arkansas","Howard County",4,2,153,80,73
050,05,061,"Arkansas","Howard County",4,3,162,82,80
050,05,061,"Arkansas","Howard County",4,4,179,92,87
050,05,061,"Arkansas","Howard County",4,5,189,106,83
050,05,061,"Arkansas","Howard County",4,6,187,105,82
050,05,061,"Arkansas","Howard County",4,7,179,106,73
050,05,061,"Arkansas","Howard County",4,8,187,90,97
050,05,061,"Arkansas","Howard County",4,9,159,82,77
050,05,061,"Arkansas","Howard County",4,10,173,87,86
050,05,061,"Arkansas","Howard County",4,11,180,103,77
050,05,061,"Arkansas","Howard County",4,12,186,103,83
050,05,061,"Arkansas","Howard County",4,13,193,113,80
050,05,061,"Arkansas","Howard County",4,14,203,110,93
050,05,061,"Arkansas","Howard County",4,15,200,104,96
050,05,061,"Arkansas","Howard County",4,16,190,92,98
050,05,061,"Arkansas","Howard County",4,17,181,82,99
050,05,061,"Arkansas","Howard County",4,18,155,76,79
050,05,061,"Arkansas","Howard County",4,19,140,70,70
050,05,061,"Arkansas","Howard County",4,20,157,76,81
050,05,061,"Arkansas","Howard County",4,21,130,64,66
050,05,061,"Arkansas","Howard County",4,22,144,79,65
050,05,061,"Arkansas","Howard County",4,23,161,75,86
050,05,061,"Arkansas","Howard County",4,24,144,67,77
050,05,061,"Arkansas","Howard County",4,25,134,64,70
050,05,061,"Arkansas","Howard County",4,26,137,67,70
050,05,061,"Arkansas","Howard County",4,27,134,65,69
050,05,061,"Arkansas","Howard County",4,28,129,66,63
050,05,061,"Arkansas","Howard County",4,29,142,64,78
050,05,061,"Arkansas","Howard County",4,30,148,62,86
050,05,061,"Arkansas","Howard County",4,31,132,73,59
050,05,061,"Arkansas","Howard County",4,32,154,71,83
050,05,061,"Arkansas","Howard County",4,33,168,79,89
050,05,061,"Arkansas","Howard County",4,34,150,69,81
050,05,061,"Arkansas","Howard County",4,35,138,64,74
050,05,061,"Arkansas","Howard County",4,36,137,61,76
050,05,061,"Arkansas","Howard County",4,37,143,65,78
050,05,061,"Arkansas","Howard County",4,38,154,66,88
050,05,061,"Arkansas","Howard County",4,39,168,82,86
050,05,061,"Arkansas","Howard County",4,40,148,65,83
050,05,061,"Arkansas","Howard County",4,41,141,60,81
050,05,061,"Arkansas","Howard County",4,42,148,71,77
050,05,061,"Arkansas","Howard County",4,43,152,72,80
050,05,061,"Arkansas","Howard County",4,44,140,59,81
050,05,061,"Arkansas","Howard County",4,45,116,52,64
050,05,061,"Arkansas","Howard County",4,46,124,57,67
050,05,061,"Arkansas","Howard County",4,47,151,76,75
050,05,061,"Arkansas","Howard County",4,48,136,65,71
050,05,061,"Arkansas","Howard County",4,49,133,61,72
050,05,061,"Arkansas","Howard County",4,50,137,68,69
050,05,061,"Arkansas","Howard County",4,51,150,67,83
050,05,061,"Arkansas","Howard County",4,52,158,79,79
050,05,061,"Arkansas","Howard County",4,53,142,61,81
050,05,061,"Arkansas","Howard County",4,54,147,71,76
050,05,061,"Arkansas","Howard County",4,55,146,75,71
050,05,061,"Arkansas","Howard County",4,56,145,76,69
050,05,061,"Arkansas","Howard County",4,57,168,82,86
050,05,061,"Arkansas","Howard County",4,58,193,96,97
050,05,061,"Arkansas","Howard County",4,59,169,84,85
050,05,061,"Arkansas","Howard County",4,60,172,72,100
050,05,061,"Arkansas","Howard County",4,61,173,81,92
050,05,061,"Arkansas","Howard County",4,62,163,81,82
050,05,061,"Arkansas","Howard County",4,63,157,81,76
050,05,061,"Arkansas","Howard County",4,64,154,80,74
050,05,061,"Arkansas","Howard County",4,65,160,83,77
050,05,061,"Arkansas","Howard County",4,66,153,73,80
050,05,061,"Arkansas","Howard County",4,67,147,71,76
050,05,061,"Arkansas","Howard County",4,68,138,71,67
050,05,061,"Arkansas","Howard County",4,69,148,70,78
050,05,061,"Arkansas","Howard County",4,70,132,61,71
050,05,061,"Arkansas","Howard County",4,71,111,52,59
050,05,061,"Arkansas","Howard County",4,72,115,59,56
050,05,061,"Arkansas","Howard County",4,73,116,54,62
050,05,061,"Arkansas","Howard County",4,74,130,60,70
050,05,061,"Arkansas","Howard County",4,75,127,53,74
050,05,061,"Arkansas","Howard County",4,76,87,38,49
050,05,061,"Arkansas","Howard County",4,77,87,39,48
050,05,061,"Arkansas","Howard County",4,78,71,30,41
050,05,061,"Arkansas","Howard County",4,79,79,30,49
050,05,061,"Arkansas","Howard County",4,80,55,25,30
050,05,061,"Arkansas","Howard County",4,81,72,34,38
050,05,061,"Arkansas","Howard County",4,82,63,29,34
050,05,061,"Arkansas","Howard County",4,83,68,27,41
050,05,061,"Arkansas","Howard County",4,84,57,22,35
050,05,061,"Arkansas","Howard County",4,85,273,113,160
050,05,061,"Arkansas","Howard County",5,0,138,64,74
050,05,061,"Arkansas","Howard County",5,1,217,116,101
050,05,061,"Arkansas","Howard County",5,2,173,92,81
050,05,061,"Arkansas","Howard County",5,3,143,70,73
050,05,061,"Arkansas","Howard County",5,4,157,83,74
050,05,061,"Arkansas","Howard County",5,5,183,87,96
050,05,061,"Arkansas","Howard County",5,6,187,103,84
050,05,061,"Arkansas","Howard County",5,7,189,111,78
050,05,061,"Arkansas","Howard County",5,8,179,97,82
050,05,061,"Arkansas","Howard County",5,9,188,88,100
050,05,061,"Arkansas","Howard County",5,10,161,84,77
050,05,061,"Arkansas","Howard County",5,11,171,84,87
050,05,061,"Arkansas","Howard County",5,12,181,98,83
050,05,061,"Arkansas","Howard County",5,13,187,104,83
050,05,061,"Arkansas","Howard County",5,14,184,103,81
050,05,061,"Arkansas","Howard County",5,15,201,108,93
050,05,061,"Arkansas","Howard County",5,16,194,102,92
050,05,061,"Arkansas","Howard County",5,17,189,88,101
050,05,061,"Arkansas","Howard County",5,18,163,73,90
050,05,061,"Arkansas","Howard County",5,19,128,64,64
050,05,061,"Arkansas","Howard County",5,20,151,78,73
050,05,061,"Arkansas","Howard County",5,21,154,76,78
050,05,061,"Arkansas","Howard County",5,22,138,70,68
050,05,061,"Arkansas","Howard County",5,23,147,79,68
050,05,061,"Arkansas","Howard County",5,24,145,69,76
050,05,061,"Arkansas","Howard County",5,25,138,62,76
050,05,061,"Arkansas","Howard County",5,26,138,63,75
050,05,061,"Arkansas","Howard County",5,27,133,64,69
050,05,061,"Arkansas","Howard County",5,28,138,66,72
050,05,061,"Arkansas","Howard County",5,29,130,66,64
050,05,061,"Arkansas","Howard County",5,30,148,69,79
050,05,061,"Arkansas","Howard County",5,31,143,64,79
050,05,061,"Arkansas","Howard County",5,32,130,78,52
050,05,061,"Arkansas","Howard County",5,33,147,69,78
050,05,061,"Arkansas","Howard County",5,34,160,74,86
050,05,061,"Arkansas","Howard County",5,35,145,66,79
050,05,061,"Arkansas","Howard County",5,36,149,69,80
050,05,061,"Arkansas","Howard County",5,37,130,60,70
050,05,061,"Arkansas","Howard County",5,38,142,65,77
050,05,061,"Arkansas","Howard County",5,39,155,62,93
050,05,061,"Arkansas","Howard County",5,40,164,79,85
050,05,061,"Arkansas","Howard County",5,41,139,60,79
050,05,061,"Arkansas","Howard County",5,42,129,59,70
050,05,061,"Arkansas","Howard County",5,43,143,71,72
050,05,061,"Arkansas","Howard County",5,44,157,72,85
050,05,061,"Arkansas","Howard County",5,45,143,63,80
050,05,061,"Arkansas","Howard County",5,46,126,59,67
050,05,061,"Arkansas","Howard County",5,47,125,59,66
050,05,061,"Arkansas","Howard County",5,48,151,77,74
050,05,061,"Arkansas","Howard County",5,49,142,68,74
050,05,061,"Arkansas","Howard County",5,50,135,63,72
050,05,061,"Arkansas","Howard County",5,51,138,67,71
050,05,061,"Arkansas","Howard County",5,52,154,72,82
050,05,061,"Arkansas","Howard County",5,53,152,77,75
050,05,061,"Arkansas","Howard County",5,54,143,60,83
050,05,061,"Arkansas","Howard County",5,55,146,70,76
050,05,061,"Arkansas","Howard County",5,56,138,72,66
050,05,061,"Arkansas","Howard County",5,57,145,77,68
050,05,061,"Arkansas","Howard County",5,58,165,85,80
050,05,061,"Arkansas","Howard County",5,59,188,90,98
050,05,061,"Arkansas","Howard County",5,60,168,84,84
050,05,061,"Arkansas","Howard County",5,61,173,74,99
050,05,061,"Arkansas","Howard County",5,62,179,85,94
050,05,061,"Arkansas","Howard County",5,63,151,72,79
050,05,061,"Arkansas","Howard County",5,64,158,82,76
050,05,061,"Arkansas","Howard County",5,65,147,74,73
050,05,061,"Arkansas","Howard County",5,66,160,83,77
050,05,061,"Arkansas","Howard County",5,67,155,74,81
050,05,061,"Arkansas","Howard County",5,68,134,63,71
050,05,061,"Arkansas","Howard County",5,69,135,70,65
050,05,061,"Arkansas","Howard County",5,70,147,70,77
050,05,061,"Arkansas","Howard County",5,71,123,56,67
050,05,061,"Arkansas","Howard County",5,72,112,57,55
050,05,061,"Arkansas","Howard County",5,73,102,50,52
050,05,061,"Arkansas","Howard County",5,74,119,54,65
050,05,061,"Arkansas","Howard County",5,75,121,52,69
050,05,061,"Arkansas","Howard County",5,76,131,53,78
050,05,061,"Arkansas","Howard County",5,77,82,35,47
050,05,061,"Arkansas","Howard County",5,78,74,34,40
050,05,061,"Arkansas","Howard County",5,79,77,34,43
050,05,061,"Arkansas","Howard County",5,80,69,23,46
050,05,061,"Arkansas","Howard County",5,81,54,24,30
050,05,061,"Arkansas","Howard County",5,82,63,32,31
050,05,061,"Arkansas","Howard County",5,83,69,29,40
050,05,061,"Arkansas","Howard County",5,84,58,24,34
050,05,061,"Arkansas","Howard County",5,85,275,104,171
050,05,063,"Arkansas","Independence County",1,0,431,221,210
050,05,063,"Arkansas","Independence County",1,1,461,238,223
050,05,063,"Arkansas","Independence County",1,2,509,269,240
050,05,063,"Arkansas","Independence County",1,3,479,238,241
050,05,063,"Arkansas","Independence County",1,4,504,250,254
050,05,063,"Arkansas","Independence County",1,5,518,272,246
050,05,063,"Arkansas","Independence County",1,6,505,247,258
050,05,063,"Arkansas","Independence County",1,7,513,244,269
050,05,063,"Arkansas","Independence County",1,8,518,265,253
050,05,063,"Arkansas","Independence County",1,9,524,259,265
050,05,063,"Arkansas","Independence County",1,10,551,282,269
050,05,063,"Arkansas","Independence County",1,11,585,296,289
050,05,063,"Arkansas","Independence County",1,12,564,278,286
050,05,063,"Arkansas","Independence County",1,13,567,288,279
050,05,063,"Arkansas","Independence County",1,14,572,310,262
050,05,063,"Arkansas","Independence County",1,15,581,302,279
050,05,063,"Arkansas","Independence County",1,16,542,285,257
050,05,063,"Arkansas","Independence County",1,17,559,286,273
050,05,063,"Arkansas","Independence County",1,18,539,265,274
050,05,063,"Arkansas","Independence County",1,19,469,250,219
050,05,063,"Arkansas","Independence County",1,20,455,224,231
050,05,063,"Arkansas","Independence County",1,21,460,235,225
050,05,063,"Arkansas","Independence County",1,22,439,215,224
050,05,063,"Arkansas","Independence County",1,23,445,227,218
050,05,063,"Arkansas","Independence County",1,24,452,230,222
050,05,063,"Arkansas","Independence County",1,25,466,237,229
050,05,063,"Arkansas","Independence County",1,26,458,225,233
050,05,063,"Arkansas","Independence County",1,27,411,219,192
050,05,063,"Arkansas","Independence County",1,28,440,211,229
050,05,063,"Arkansas","Independence County",1,29,433,218,215
050,05,063,"Arkansas","Independence County",1,30,464,240,224
050,05,063,"Arkansas","Independence County",1,31,479,243,236
050,05,063,"Arkansas","Independence County",1,32,457,211,246
050,05,063,"Arkansas","Independence County",1,33,426,212,214
050,05,063,"Arkansas","Independence County",1,34,426,218,208
050,05,063,"Arkansas","Independence County",1,35,450,227,223
050,05,063,"Arkansas","Independence County",1,36,481,247,234
050,05,063,"Arkansas","Independence County",1,37,477,232,245
050,05,063,"Arkansas","Independence County",1,38,496,248,248
050,05,063,"Arkansas","Independence County",1,39,449,224,225
050,05,063,"Arkansas","Independence County",1,40,442,223,219
050,05,063,"Arkansas","Independence County",1,41,453,238,215
050,05,063,"Arkansas","Independence County",1,42,455,214,241
050,05,063,"Arkansas","Independence County",1,43,439,216,223
050,05,063,"Arkansas","Independence County",1,44,445,229,216
050,05,063,"Arkansas","Independence County",1,45,456,219,237
050,05,063,"Arkansas","Independence County",1,46,468,237,231
050,05,063,"Arkansas","Independence County",1,47,476,241,235
050,05,063,"Arkansas","Independence County",1,48,453,218,235
050,05,063,"Arkansas","Independence County",1,49,517,252,265
050,05,063,"Arkansas","Independence County",1,50,472,240,232
050,05,063,"Arkansas","Independence County",1,51,431,220,211
050,05,063,"Arkansas","Independence County",1,52,453,217,236
050,05,063,"Arkansas","Independence County",1,53,470,215,255
050,05,063,"Arkansas","Independence County",1,54,438,221,217
050,05,063,"Arkansas","Independence County",1,55,474,237,237
050,05,063,"Arkansas","Independence County",1,56,489,236,253
050,05,063,"Arkansas","Independence County",1,57,477,230,247
050,05,063,"Arkansas","Independence County",1,58,485,232,253
050,05,063,"Arkansas","Independence County",1,59,514,247,267
050,05,063,"Arkansas","Independence County",1,60,483,226,257
050,05,063,"Arkansas","Independence County",1,61,485,242,243
050,05,063,"Arkansas","Independence County",1,62,510,274,236
050,05,063,"Arkansas","Independence County",1,63,481,262,219
050,05,063,"Arkansas","Independence County",1,64,459,231,228
050,05,063,"Arkansas","Independence County",1,65,475,239,236
050,05,063,"Arkansas","Independence County",1,66,460,223,237
050,05,063,"Arkansas","Independence County",1,67,410,199,211
050,05,063,"Arkansas","Independence County",1,68,396,186,210
050,05,063,"Arkansas","Independence County",1,69,364,167,197
050,05,063,"Arkansas","Independence County",1,70,353,172,181
050,05,063,"Arkansas","Independence County",1,71,382,179,203
050,05,063,"Arkansas","Independence County",1,72,388,192,196
050,05,063,"Arkansas","Independence County",1,73,379,186,193
050,05,063,"Arkansas","Independence County",1,74,259,113,146
050,05,063,"Arkansas","Independence County",1,75,267,127,140
050,05,063,"Arkansas","Independence County",1,76,261,118,143
050,05,063,"Arkansas","Independence County",1,77,252,115,137
050,05,063,"Arkansas","Independence County",1,78,210,98,112
050,05,063,"Arkansas","Independence County",1,79,201,89,112
050,05,063,"Arkansas","Independence County",1,80,214,90,124
050,05,063,"Arkansas","Independence County",1,81,187,73,114
050,05,063,"Arkansas","Independence County",1,82,158,59,99
050,05,063,"Arkansas","Independence County",1,83,139,62,77
050,05,063,"Arkansas","Independence County",1,84,149,58,91
050,05,063,"Arkansas","Independence County",1,85,747,258,489
050,05,063,"Arkansas","Independence County",2,0,436,228,208
050,05,063,"Arkansas","Independence County",2,1,453,234,219
050,05,063,"Arkansas","Independence County",2,2,494,260,234
050,05,063,"Arkansas","Independence County",2,3,482,245,237
050,05,063,"Arkansas","Independence County",2,4,500,249,251
050,05,063,"Arkansas","Independence County",2,5,517,268,249
050,05,063,"Arkansas","Independence County",2,6,507,252,255
050,05,063,"Arkansas","Independence County",2,7,510,246,264
050,05,063,"Arkansas","Independence County",2,8,516,259,257
050,05,063,"Arkansas","Independence County",2,9,524,261,263
050,05,063,"Arkansas","Independence County",2,10,542,276,266
050,05,063,"Arkansas","Independence County",2,11,573,291,282
050,05,063,"Arkansas","Independence County",2,12,575,286,289
050,05,063,"Arkansas","Independence County",2,13,564,285,279
050,05,063,"Arkansas","Independence County",2,14,571,304,267
050,05,063,"Arkansas","Independence County",2,15,578,305,273
050,05,063,"Arkansas","Independence County",2,16,554,290,264
050,05,063,"Arkansas","Independence County",2,17,560,286,274
050,05,063,"Arkansas","Independence County",2,18,541,268,273
050,05,063,"Arkansas","Independence County",2,19,476,253,223
050,05,063,"Arkansas","Independence County",2,20,457,228,229
050,05,063,"Arkansas","Independence County",2,21,465,237,228
050,05,063,"Arkansas","Independence County",2,22,441,218,223
050,05,063,"Arkansas","Independence County",2,23,441,221,220
050,05,063,"Arkansas","Independence County",2,24,451,232,219
050,05,063,"Arkansas","Independence County",2,25,464,235,229
050,05,063,"Arkansas","Independence County",2,26,461,229,232
050,05,063,"Arkansas","Independence County",2,27,424,220,204
050,05,063,"Arkansas","Independence County",2,28,436,216,220
050,05,063,"Arkansas","Independence County",2,29,439,221,218
050,05,063,"Arkansas","Independence County",2,30,461,238,223
050,05,063,"Arkansas","Independence County",2,31,471,240,231
050,05,063,"Arkansas","Independence County",2,32,461,220,241
050,05,063,"Arkansas","Independence County",2,33,432,211,221
050,05,063,"Arkansas","Independence County",2,34,423,213,210
050,05,063,"Arkansas","Independence County",2,35,450,227,223
050,05,063,"Arkansas","Independence County",2,36,470,239,231
050,05,063,"Arkansas","Independence County",2,37,483,237,246
050,05,063,"Arkansas","Independence County",2,38,496,246,250
050,05,063,"Arkansas","Independence County",2,39,458,229,229
050,05,063,"Arkansas","Independence County",2,40,446,224,222
050,05,063,"Arkansas","Independence County",2,41,450,233,217
050,05,063,"Arkansas","Independence County",2,42,453,218,235
050,05,063,"Arkansas","Independence County",2,43,447,217,230
050,05,063,"Arkansas","Independence County",2,44,439,223,216
050,05,063,"Arkansas","Independence County",2,45,453,222,231
050,05,063,"Arkansas","Independence County",2,46,462,232,230
050,05,063,"Arkansas","Independence County",2,47,471,239,232
050,05,063,"Arkansas","Independence County",2,48,461,224,237
050,05,063,"Arkansas","Independence County",2,49,502,243,259
050,05,063,"Arkansas","Independence County",2,50,484,244,240
050,05,063,"Arkansas","Independence County",2,51,438,224,214
050,05,063,"Arkansas","Independence County",2,52,444,215,229
050,05,063,"Arkansas","Independence County",2,53,466,217,249
050,05,063,"Arkansas","Independence County",2,54,445,218,227
050,05,063,"Arkansas","Independence County",2,55,464,230,234
050,05,063,"Arkansas","Independence County",2,56,483,236,247
050,05,063,"Arkansas","Independence County",2,57,477,229,248
050,05,063,"Arkansas","Independence County",2,58,484,233,251
050,05,063,"Arkansas","Independence County",2,59,509,243,266
050,05,063,"Arkansas","Independence County",2,60,485,227,258
050,05,063,"Arkansas","Independence County",2,61,482,236,246
050,05,063,"Arkansas","Independence County",2,62,500,265,235
050,05,063,"Arkansas","Independence County",2,63,490,268,222
050,05,063,"Arkansas","Independence County",2,64,462,238,224
050,05,063,"Arkansas","Independence County",2,65,469,237,232
050,05,063,"Arkansas","Independence County",2,66,464,228,236
050,05,063,"Arkansas","Independence County",2,67,421,204,217
050,05,063,"Arkansas","Independence County",2,68,397,190,207
050,05,063,"Arkansas","Independence County",2,69,371,172,199
050,05,063,"Arkansas","Independence County",2,70,353,171,182
050,05,063,"Arkansas","Independence County",2,71,371,175,196
050,05,063,"Arkansas","Independence County",2,72,380,186,194
050,05,063,"Arkansas","Independence County",2,73,400,195,205
050,05,063,"Arkansas","Independence County",2,74,268,120,148
050,05,063,"Arkansas","Independence County",2,75,262,122,140
050,05,063,"Arkansas","Independence County",2,76,254,116,138
050,05,063,"Arkansas","Independence County",2,77,260,119,141
050,05,063,"Arkansas","Independence County",2,78,212,99,113
050,05,063,"Arkansas","Independence County",2,79,201,91,110
050,05,063,"Arkansas","Independence County",2,80,207,87,120
050,05,063,"Arkansas","Independence County",2,81,191,76,115
050,05,063,"Arkansas","Independence County",2,82,163,60,103
050,05,063,"Arkansas","Independence County",2,83,142,62,80
050,05,063,"Arkansas","Independence County",2,84,147,58,89
050,05,063,"Arkansas","Independence County",2,85,753,263,490
050,05,063,"Arkansas","Independence County",3,0,437,227,210
050,05,063,"Arkansas","Independence County",3,1,429,225,204
050,05,063,"Arkansas","Independence County",3,2,463,237,226
050,05,063,"Arkansas","Independence County",3,3,482,260,222
050,05,063,"Arkansas","Independence County",3,4,493,252,241
050,05,063,"Arkansas","Independence County",3,5,489,249,240
050,05,063,"Arkansas","Independence County",3,6,504,263,241
050,05,063,"Arkansas","Independence County",3,7,506,258,248
050,05,063,"Arkansas","Independence County",3,8,505,240,265
050,05,063,"Arkansas","Independence County",3,9,511,256,255
050,05,063,"Arkansas","Independence County",3,10,512,251,261
050,05,063,"Arkansas","Independence County",3,11,549,281,268
050,05,063,"Arkansas","Independence County",3,12,566,286,280
050,05,063,"Arkansas","Independence County",3,13,569,286,283
050,05,063,"Arkansas","Independence County",3,14,567,286,281
050,05,063,"Arkansas","Independence County",3,15,574,309,265
050,05,063,"Arkansas","Independence County",3,16,565,305,260
050,05,063,"Arkansas","Independence County",3,17,555,292,263
050,05,063,"Arkansas","Independence County",3,18,631,303,328
050,05,063,"Arkansas","Independence County",3,19,623,332,291
050,05,063,"Arkansas","Independence County",3,20,524,251,273
050,05,063,"Arkansas","Independence County",3,21,557,276,281
050,05,063,"Arkansas","Independence County",3,22,468,237,231
050,05,063,"Arkansas","Independence County",3,23,430,207,223
050,05,063,"Arkansas","Independence County",3,24,432,221,211
050,05,063,"Arkansas","Independence County",3,25,457,237,220
050,05,063,"Arkansas","Independence County",3,26,450,228,222
050,05,063,"Arkansas","Independence County",3,27,448,230,218
050,05,063,"Arkansas","Independence County",3,28,428,216,212
050,05,063,"Arkansas","Independence County",3,29,420,204,216
050,05,063,"Arkansas","Independence County",3,30,451,228,223
050,05,063,"Arkansas","Independence County",3,31,438,222,216
050,05,063,"Arkansas","Independence County",3,32,466,242,224
050,05,063,"Arkansas","Independence County",3,33,457,211,246
050,05,063,"Arkansas","Independence County",3,34,429,207,222
050,05,063,"Arkansas","Independence County",3,35,430,224,206
050,05,063,"Arkansas","Independence County",3,36,448,222,226
050,05,063,"Arkansas","Independence County",3,37,460,240,220
050,05,063,"Arkansas","Independence County",3,38,484,241,243
050,05,063,"Arkansas","Independence County",3,39,494,245,249
050,05,063,"Arkansas","Independence County",3,40,452,226,226
050,05,063,"Arkansas","Independence County",3,41,434,213,221
050,05,063,"Arkansas","Independence County",3,42,453,233,220
050,05,063,"Arkansas","Independence County",3,43,457,226,231
050,05,063,"Arkansas","Independence County",3,44,451,227,224
050,05,063,"Arkansas","Independence County",3,45,440,223,217
050,05,063,"Arkansas","Independence County",3,46,455,228,227
050,05,063,"Arkansas","Independence County",3,47,474,244,230
050,05,063,"Arkansas","Independence County",3,48,452,231,221
050,05,063,"Arkansas","Independence County",3,49,465,231,234
050,05,063,"Arkansas","Independence County",3,50,517,254,263
050,05,063,"Arkansas","Independence County",3,51,487,245,242
050,05,063,"Arkansas","Independence County",3,52,425,211,214
050,05,063,"Arkansas","Independence County",3,53,432,207,225
050,05,063,"Arkansas","Independence County",3,54,464,211,253
050,05,063,"Arkansas","Independence County",3,55,446,221,225
050,05,063,"Arkansas","Independence County",3,56,450,216,234
050,05,063,"Arkansas","Independence County",3,57,481,232,249
050,05,063,"Arkansas","Independence County",3,58,478,230,248
050,05,063,"Arkansas","Independence County",3,59,481,232,249
050,05,063,"Arkansas","Independence County",3,60,501,229,272
050,05,063,"Arkansas","Independence County",3,61,477,229,248
050,05,063,"Arkansas","Independence County",3,62,482,238,244
050,05,063,"Arkansas","Independence County",3,63,491,260,231
050,05,063,"Arkansas","Independence County",3,64,480,267,213
050,05,063,"Arkansas","Independence County",3,65,458,232,226
050,05,063,"Arkansas","Independence County",3,66,454,230,224
050,05,063,"Arkansas","Independence County",3,67,452,224,228
050,05,063,"Arkansas","Independence County",3,68,416,196,220
050,05,063,"Arkansas","Independence County",3,69,377,177,200
050,05,063,"Arkansas","Independence County",3,70,363,168,195
050,05,063,"Arkansas","Independence County",3,71,356,172,184
050,05,063,"Arkansas","Independence County",3,72,361,176,185
050,05,063,"Arkansas","Independence County",3,73,362,175,187
050,05,063,"Arkansas","Independence County",3,74,398,191,207
050,05,063,"Arkansas","Independence County",3,75,261,115,146
050,05,063,"Arkansas","Independence County",3,76,258,121,137
050,05,063,"Arkansas","Independence County",3,77,252,111,141
050,05,063,"Arkansas","Independence County",3,78,236,112,124
050,05,063,"Arkansas","Independence County",3,79,207,92,115
050,05,063,"Arkansas","Independence County",3,80,195,85,110
050,05,063,"Arkansas","Independence County",3,81,182,77,105
050,05,063,"Arkansas","Independence County",3,82,179,69,110
050,05,063,"Arkansas","Independence County",3,83,128,51,77
050,05,063,"Arkansas","Independence County",3,84,145,58,87
050,05,063,"Arkansas","Independence County",3,85,734,261,473
050,05,063,"Arkansas","Independence County",4,0,467,230,237
050,05,063,"Arkansas","Independence County",4,1,439,234,205
050,05,063,"Arkansas","Independence County",4,2,453,236,217
050,05,063,"Arkansas","Independence County",4,3,473,242,231
050,05,063,"Arkansas","Independence County",4,4,511,269,242
050,05,063,"Arkansas","Independence County",4,5,502,260,242
050,05,063,"Arkansas","Independence County",4,6,494,249,245
050,05,063,"Arkansas","Independence County",4,7,513,268,245
050,05,063,"Arkansas","Independence County",4,8,504,257,247
050,05,063,"Arkansas","Independence County",4,9,507,233,274
050,05,063,"Arkansas","Independence County",4,10,515,257,258
050,05,063,"Arkansas","Independence County",4,11,526,262,264
050,05,063,"Arkansas","Independence County",4,12,541,279,262
050,05,063,"Arkansas","Independence County",4,13,570,283,287
050,05,063,"Arkansas","Independence County",4,14,575,295,280
050,05,063,"Arkansas","Independence County",4,15,569,293,276
050,05,063,"Arkansas","Independence County",4,16,590,319,271
050,05,063,"Arkansas","Independence County",4,17,578,309,269
050,05,063,"Arkansas","Independence County",4,18,608,304,304
050,05,063,"Arkansas","Independence County",4,19,613,330,283
050,05,063,"Arkansas","Independence County",4,20,546,271,275
050,05,063,"Arkansas","Independence County",4,21,547,266,281
050,05,063,"Arkansas","Independence County",4,22,477,234,243
050,05,063,"Arkansas","Independence County",4,23,429,209,220
050,05,063,"Arkansas","Independence County",4,24,435,218,217
050,05,063,"Arkansas","Independence County",4,25,405,205,200
050,05,063,"Arkansas","Independence County",4,26,471,240,231
050,05,063,"Arkansas","Independence County",4,27,450,223,227
050,05,063,"Arkansas","Independence County",4,28,441,220,221
050,05,063,"Arkansas","Independence County",4,29,440,209,231
050,05,063,"Arkansas","Independence County",4,30,417,201,216
050,05,063,"Arkansas","Independence County",4,31,463,236,227
050,05,063,"Arkansas","Independence County",4,32,440,225,215
050,05,063,"Arkansas","Independence County",4,33,478,247,231
050,05,063,"Arkansas","Independence County",4,34,461,215,246
050,05,063,"Arkansas","Independence County",4,35,445,216,229
050,05,063,"Arkansas","Independence County",4,36,433,228,205
050,05,063,"Arkansas","Independence County",4,37,444,217,227
050,05,063,"Arkansas","Independence County",4,38,451,239,212
050,05,063,"Arkansas","Independence County",4,39,487,249,238
050,05,063,"Arkansas","Independence County",4,40,483,226,257
050,05,063,"Arkansas","Independence County",4,41,458,236,222
050,05,063,"Arkansas","Independence County",4,42,437,219,218
050,05,063,"Arkansas","Independence County",4,43,460,231,229
050,05,063,"Arkansas","Independence County",4,44,453,219,234
050,05,063,"Arkansas","Independence County",4,45,446,222,224
050,05,063,"Arkansas","Independence County",4,46,450,226,224
050,05,063,"Arkansas","Independence County",4,47,449,221,228
050,05,063,"Arkansas","Independence County",4,48,467,239,228
050,05,063,"Arkansas","Independence County",4,49,460,240,220
050,05,063,"Arkansas","Independence County",4,50,483,238,245
050,05,063,"Arkansas","Independence County",4,51,512,261,251
050,05,063,"Arkansas","Independence County",4,52,488,240,248
050,05,063,"Arkansas","Independence County",4,53,422,213,209
050,05,063,"Arkansas","Independence County",4,54,441,215,226
050,05,063,"Arkansas","Independence County",4,55,475,218,257
050,05,063,"Arkansas","Independence County",4,56,431,210,221
050,05,063,"Arkansas","Independence County",4,57,450,218,232
050,05,063,"Arkansas","Independence County",4,58,484,230,254
050,05,063,"Arkansas","Independence County",4,59,459,221,238
050,05,063,"Arkansas","Independence County",4,60,469,219,250
050,05,063,"Arkansas","Independence County",4,61,497,233,264
050,05,063,"Arkansas","Independence County",4,62,471,227,244
050,05,063,"Arkansas","Independence County",4,63,475,224,251
050,05,063,"Arkansas","Independence County",4,64,495,265,230
050,05,063,"Arkansas","Independence County",4,65,469,252,217
050,05,063,"Arkansas","Independence County",4,66,449,228,221
050,05,063,"Arkansas","Independence County",4,67,458,228,230
050,05,063,"Arkansas","Independence County",4,68,445,215,230
050,05,063,"Arkansas","Independence County",4,69,404,194,210
050,05,063,"Arkansas","Independence County",4,70,378,174,204
050,05,063,"Arkansas","Independence County",4,71,356,163,193
050,05,063,"Arkansas","Independence County",4,72,339,163,176
050,05,063,"Arkansas","Independence County",4,73,355,172,183
050,05,063,"Arkansas","Independence County",4,74,348,160,188
050,05,063,"Arkansas","Independence County",4,75,388,183,205
050,05,063,"Arkansas","Independence County",4,76,243,107,136
050,05,063,"Arkansas","Independence County",4,77,252,119,133
050,05,063,"Arkansas","Independence County",4,78,239,108,131
050,05,063,"Arkansas","Independence County",4,79,228,105,123
050,05,063,"Arkansas","Independence County",4,80,198,88,110
050,05,063,"Arkansas","Independence County",4,81,175,78,97
050,05,063,"Arkansas","Independence County",4,82,167,69,98
050,05,063,"Arkansas","Independence County",4,83,154,61,93
050,05,063,"Arkansas","Independence County",4,84,133,51,82
050,05,063,"Arkansas","Independence County",4,85,753,280,473
050,05,063,"Arkansas","Independence County",5,0,471,233,238
050,05,063,"Arkansas","Independence County",5,1,437,218,219
050,05,063,"Arkansas","Independence County",5,2,447,243,204
050,05,063,"Arkansas","Independence County",5,3,450,234,216
050,05,063,"Arkansas","Independence County",5,4,475,232,243
050,05,063,"Arkansas","Independence County",5,5,519,269,250
050,05,063,"Arkansas","Independence County",5,6,502,260,242
050,05,063,"Arkansas","Independence County",5,7,484,250,234
050,05,063,"Arkansas","Independence County",5,8,521,284,237
050,05,063,"Arkansas","Independence County",5,9,538,275,263
050,05,063,"Arkansas","Independence County",5,10,522,241,281
050,05,063,"Arkansas","Independence County",5,11,517,263,254
050,05,063,"Arkansas","Independence County",5,12,538,265,273
050,05,063,"Arkansas","Independence County",5,13,540,279,261
050,05,063,"Arkansas","Independence County",5,14,582,289,293
050,05,063,"Arkansas","Independence County",5,15,573,292,281
050,05,063,"Arkansas","Independence County",5,16,550,277,273
050,05,063,"Arkansas","Independence County",5,17,600,327,273
050,05,063,"Arkansas","Independence County",5,18,627,314,313
050,05,063,"Arkansas","Independence County",5,19,602,325,277
050,05,063,"Arkansas","Independence County",5,20,533,265,268
050,05,063,"Arkansas","Independence County",5,21,594,297,297
050,05,063,"Arkansas","Independence County",5,22,490,244,246
050,05,063,"Arkansas","Independence County",5,23,438,212,226
050,05,063,"Arkansas","Independence County",5,24,408,210,198
050,05,063,"Arkansas","Independence County",5,25,435,230,205
050,05,063,"Arkansas","Independence County",5,26,412,203,209
050,05,063,"Arkansas","Independence County",5,27,454,225,229
050,05,063,"Arkansas","Independence County",5,28,439,214,225
050,05,063,"Arkansas","Independence County",5,29,451,227,224
050,05,063,"Arkansas","Independence County",5,30,443,204,239
050,05,063,"Arkansas","Independence County",5,31,418,202,216
050,05,063,"Arkansas","Independence County",5,32,469,236,233
050,05,063,"Arkansas","Independence County",5,33,445,230,215
050,05,063,"Arkansas","Independence County",5,34,495,254,241
050,05,063,"Arkansas","Independence County",5,35,468,219,249
050,05,063,"Arkansas","Independence County",5,36,444,223,221
050,05,063,"Arkansas","Independence County",5,37,432,226,206
050,05,063,"Arkansas","Independence County",5,38,446,221,225
050,05,063,"Arkansas","Independence County",5,39,456,246,210
050,05,063,"Arkansas","Independence County",5,40,490,247,243
050,05,063,"Arkansas","Independence County",5,41,469,219,250
050,05,063,"Arkansas","Independence County",5,42,461,241,220
050,05,063,"Arkansas","Independence County",5,43,446,221,225
050,05,063,"Arkansas","Independence County",5,44,463,240,223
050,05,063,"Arkansas","Independence County",5,45,458,217,241
050,05,063,"Arkansas","Independence County",5,46,452,218,234
050,05,063,"Arkansas","Independence County",5,47,450,225,225
050,05,063,"Arkansas","Independence County",5,48,452,223,229
050,05,063,"Arkansas","Independence County",5,49,459,233,226
050,05,063,"Arkansas","Independence County",5,50,466,240,226
050,05,063,"Arkansas","Independence County",5,51,471,234,237
050,05,063,"Arkansas","Independence County",5,52,500,247,253
050,05,063,"Arkansas","Independence County",5,53,485,242,243
050,05,063,"Arkansas","Independence County",5,54,425,218,207
050,05,063,"Arkansas","Independence County",5,55,430,212,218
050,05,063,"Arkansas","Independence County",5,56,477,221,256
050,05,063,"Arkansas","Independence County",5,57,421,209,212
050,05,063,"Arkansas","Independence County",5,58,451,215,236
050,05,063,"Arkansas","Independence County",5,59,473,222,251
050,05,063,"Arkansas","Independence County",5,60,463,216,247
050,05,063,"Arkansas","Independence County",5,61,460,215,245
050,05,063,"Arkansas","Independence County",5,62,492,235,257
050,05,063,"Arkansas","Independence County",5,63,457,220,237
050,05,063,"Arkansas","Independence County",5,64,470,218,252
050,05,063,"Arkansas","Independence County",5,65,483,250,233
050,05,063,"Arkansas","Independence County",5,66,455,241,214
050,05,063,"Arkansas","Independence County",5,67,442,225,217
050,05,063,"Arkansas","Independence County",5,68,450,220,230
050,05,063,"Arkansas","Independence County",5,69,432,210,222
050,05,063,"Arkansas","Independence County",5,70,398,191,207
050,05,063,"Arkansas","Independence County",5,71,371,170,201
050,05,063,"Arkansas","Independence County",5,72,345,162,183
050,05,063,"Arkansas","Independence County",5,73,315,148,167
050,05,063,"Arkansas","Independence County",5,74,349,165,184
050,05,063,"Arkansas","Independence County",5,75,343,158,185
050,05,063,"Arkansas","Independence County",5,76,374,172,202
050,05,063,"Arkansas","Independence County",5,77,245,108,137
050,05,063,"Arkansas","Independence County",5,78,238,116,122
050,05,063,"Arkansas","Independence County",5,79,234,106,128
050,05,063,"Arkansas","Independence County",5,80,225,103,122
050,05,063,"Arkansas","Independence County",5,81,182,82,100
050,05,063,"Arkansas","Independence County",5,82,157,67,90
050,05,063,"Arkansas","Independence County",5,83,145,65,80
050,05,063,"Arkansas","Independence County",5,84,158,59,99
050,05,063,"Arkansas","Independence County",5,85,773,295,478
050,05,065,"Arkansas","Izard County",1,0,124,63,61
050,05,065,"Arkansas","Izard County",1,1,118,60,58
050,05,065,"Arkansas","Izard County",1,2,108,42,66
050,05,065,"Arkansas","Izard County",1,3,112,61,51
050,05,065,"Arkansas","Izard County",1,4,117,58,59
050,05,065,"Arkansas","Izard County",1,5,113,52,61
050,05,065,"Arkansas","Izard County",1,6,137,63,74
050,05,065,"Arkansas","Izard County",1,7,129,60,69
050,05,065,"Arkansas","Izard County",1,8,140,63,77
050,05,065,"Arkansas","Izard County",1,9,121,55,66
050,05,065,"Arkansas","Izard County",1,10,152,73,79
050,05,065,"Arkansas","Izard County",1,11,144,83,61
050,05,065,"Arkansas","Izard County",1,12,162,90,72
050,05,065,"Arkansas","Izard County",1,13,163,78,85
050,05,065,"Arkansas","Izard County",1,14,167,91,76
050,05,065,"Arkansas","Izard County",1,15,153,82,71
050,05,065,"Arkansas","Izard County",1,16,157,82,75
050,05,065,"Arkansas","Izard County",1,17,143,73,70
050,05,065,"Arkansas","Izard County",1,18,120,70,50
050,05,065,"Arkansas","Izard County",1,19,107,60,47
050,05,065,"Arkansas","Izard County",1,20,122,70,52
050,05,065,"Arkansas","Izard County",1,21,132,68,64
050,05,065,"Arkansas","Izard County",1,22,127,68,59
050,05,065,"Arkansas","Izard County",1,23,134,75,59
050,05,065,"Arkansas","Izard County",1,24,173,105,68
050,05,065,"Arkansas","Izard County",1,25,139,82,57
050,05,065,"Arkansas","Izard County",1,26,134,77,57
050,05,065,"Arkansas","Izard County",1,27,131,88,43
050,05,065,"Arkansas","Izard County",1,28,124,76,48
050,05,065,"Arkansas","Izard County",1,29,152,94,58
050,05,065,"Arkansas","Izard County",1,30,178,102,76
050,05,065,"Arkansas","Izard County",1,31,154,88,66
050,05,065,"Arkansas","Izard County",1,32,126,74,52
050,05,065,"Arkansas","Izard County",1,33,150,84,66
050,05,065,"Arkansas","Izard County",1,34,144,79,65
050,05,065,"Arkansas","Izard County",1,35,138,75,63
050,05,065,"Arkansas","Izard County",1,36,144,83,61
050,05,065,"Arkansas","Izard County",1,37,141,76,65
050,05,065,"Arkansas","Izard County",1,38,138,79,59
050,05,065,"Arkansas","Izard County",1,39,163,95,68
050,05,065,"Arkansas","Izard County",1,40,163,86,77
050,05,065,"Arkansas","Izard County",1,41,176,106,70
050,05,065,"Arkansas","Izard County",1,42,158,85,73
050,05,065,"Arkansas","Izard County",1,43,143,77,66
050,05,065,"Arkansas","Izard County",1,44,139,73,66
050,05,065,"Arkansas","Izard County",1,45,149,89,60
050,05,065,"Arkansas","Izard County",1,46,167,92,75
050,05,065,"Arkansas","Izard County",1,47,165,95,70
050,05,065,"Arkansas","Izard County",1,48,169,97,72
050,05,065,"Arkansas","Izard County",1,49,196,110,86
050,05,065,"Arkansas","Izard County",1,50,178,105,73
050,05,065,"Arkansas","Izard County",1,51,169,102,67
050,05,065,"Arkansas","Izard County",1,52,162,96,66
050,05,065,"Arkansas","Izard County",1,53,178,101,77
050,05,065,"Arkansas","Izard County",1,54,183,104,79
050,05,065,"Arkansas","Izard County",1,55,203,108,95
050,05,065,"Arkansas","Izard County",1,56,220,120,100
050,05,065,"Arkansas","Izard County",1,57,200,108,92
050,05,065,"Arkansas","Izard County",1,58,203,112,91
050,05,065,"Arkansas","Izard County",1,59,207,98,109
050,05,065,"Arkansas","Izard County",1,60,212,103,109
050,05,065,"Arkansas","Izard County",1,61,233,113,120
050,05,065,"Arkansas","Izard County",1,62,195,97,98
050,05,065,"Arkansas","Izard County",1,63,213,105,108
050,05,065,"Arkansas","Izard County",1,64,175,84,91
050,05,065,"Arkansas","Izard County",1,65,206,106,100
050,05,065,"Arkansas","Izard County",1,66,211,99,112
050,05,065,"Arkansas","Izard County",1,67,195,106,89
050,05,065,"Arkansas","Izard County",1,68,213,109,104
050,05,065,"Arkansas","Izard County",1,69,169,87,82
050,05,065,"Arkansas","Izard County",1,70,181,88,93
050,05,065,"Arkansas","Izard County",1,71,216,107,109
050,05,065,"Arkansas","Izard County",1,72,198,94,104
050,05,065,"Arkansas","Izard County",1,73,180,86,94
050,05,065,"Arkansas","Izard County",1,74,124,65,59
050,05,065,"Arkansas","Izard County",1,75,129,59,70
050,05,065,"Arkansas","Izard County",1,76,151,73,78
050,05,065,"Arkansas","Izard County",1,77,154,73,81
050,05,065,"Arkansas","Izard County",1,78,116,59,57
050,05,065,"Arkansas","Izard County",1,79,99,44,55
050,05,065,"Arkansas","Izard County",1,80,112,51,61
050,05,065,"Arkansas","Izard County",1,81,110,57,53
050,05,065,"Arkansas","Izard County",1,82,96,47,49
050,05,065,"Arkansas","Izard County",1,83,87,39,48
050,05,065,"Arkansas","Izard County",1,84,82,34,48
050,05,065,"Arkansas","Izard County",1,85,462,180,282
050,05,065,"Arkansas","Izard County",2,0,125,63,62
050,05,065,"Arkansas","Izard County",2,1,119,59,60
050,05,065,"Arkansas","Izard County",2,2,112,48,64
050,05,065,"Arkansas","Izard County",2,3,113,57,56
050,05,065,"Arkansas","Izard County",2,4,115,56,59
050,05,065,"Arkansas","Izard County",2,5,115,53,62
050,05,065,"Arkansas","Izard County",2,6,133,61,72
050,05,065,"Arkansas","Izard County",2,7,131,61,70
050,05,065,"Arkansas","Izard County",2,8,134,60,74
050,05,065,"Arkansas","Izard County",2,9,125,57,68
050,05,065,"Arkansas","Izard County",2,10,145,70,75
050,05,065,"Arkansas","Izard County",2,11,144,79,65
050,05,065,"Arkansas","Izard County",2,12,157,87,70
050,05,065,"Arkansas","Izard County",2,13,162,80,82
050,05,065,"Arkansas","Izard County",2,14,165,87,78
050,05,065,"Arkansas","Izard County",2,15,158,85,73
050,05,065,"Arkansas","Izard County",2,16,158,82,76
050,05,065,"Arkansas","Izard County",2,17,146,76,70
050,05,065,"Arkansas","Izard County",2,18,122,70,52
050,05,065,"Arkansas","Izard County",2,19,106,60,46
050,05,065,"Arkansas","Izard County",2,20,124,70,54
050,05,065,"Arkansas","Izard County",2,21,129,68,61
050,05,065,"Arkansas","Izard County",2,22,129,69,60
050,05,065,"Arkansas","Izard County",2,23,133,74,59
050,05,065,"Arkansas","Izard County",2,24,170,104,66
050,05,065,"Arkansas","Izard County",2,25,142,82,60
050,05,065,"Arkansas","Izard County",2,26,137,80,57
050,05,065,"Arkansas","Izard County",2,27,132,87,45
050,05,065,"Arkansas","Izard County",2,28,125,77,48
050,05,065,"Arkansas","Izard County",2,29,151,92,59
050,05,065,"Arkansas","Izard County",2,30,175,101,74
050,05,065,"Arkansas","Izard County",2,31,155,89,66
050,05,065,"Arkansas","Izard County",2,32,132,76,56
050,05,065,"Arkansas","Izard County",2,33,146,86,60
050,05,065,"Arkansas","Izard County",2,34,144,78,66
050,05,065,"Arkansas","Izard County",2,35,140,76,64
050,05,065,"Arkansas","Izard County",2,36,145,82,63
050,05,065,"Arkansas","Izard County",2,37,142,77,65
050,05,065,"Arkansas","Izard County",2,38,139,80,59
050,05,065,"Arkansas","Izard County",2,39,161,94,67
050,05,065,"Arkansas","Izard County",2,40,159,84,75
050,05,065,"Arkansas","Izard County",2,41,180,108,72
050,05,065,"Arkansas","Izard County",2,42,160,88,72
050,05,065,"Arkansas","Izard County",2,43,149,80,69
050,05,065,"Arkansas","Izard County",2,44,140,75,65
050,05,065,"Arkansas","Izard County",2,45,152,90,62
050,05,065,"Arkansas","Izard County",2,46,164,93,71
050,05,065,"Arkansas","Izard County",2,47,165,93,72
050,05,065,"Arkansas","Izard County",2,48,166,94,72
050,05,065,"Arkansas","Izard County",2,49,193,111,82
050,05,065,"Arkansas","Izard County",2,50,181,106,75
050,05,065,"Arkansas","Izard County",2,51,172,104,68
050,05,065,"Arkansas","Izard County",2,52,163,96,67
050,05,065,"Arkansas","Izard County",2,53,176,100,76
050,05,065,"Arkansas","Izard County",2,54,183,105,78
050,05,065,"Arkansas","Izard County",2,55,195,104,91
050,05,065,"Arkansas","Izard County",2,56,220,121,99
050,05,065,"Arkansas","Izard County",2,57,205,113,92
050,05,065,"Arkansas","Izard County",2,58,203,113,90
050,05,065,"Arkansas","Izard County",2,59,207,99,108
050,05,065,"Arkansas","Izard County",2,60,209,104,105
050,05,065,"Arkansas","Izard County",2,61,231,112,119
050,05,065,"Arkansas","Izard County",2,62,203,99,104
050,05,065,"Arkansas","Izard County",2,63,211,104,107
050,05,065,"Arkansas","Izard County",2,64,183,87,96
050,05,065,"Arkansas","Izard County",2,65,201,103,98
050,05,065,"Arkansas","Izard County",2,66,209,99,110
050,05,065,"Arkansas","Izard County",2,67,198,103,95
050,05,065,"Arkansas","Izard County",2,68,206,107,99
050,05,065,"Arkansas","Izard County",2,69,178,93,85
050,05,065,"Arkansas","Izard County",2,70,179,88,91
050,05,065,"Arkansas","Izard County",2,71,206,100,106
050,05,065,"Arkansas","Izard County",2,72,198,95,103
050,05,065,"Arkansas","Izard County",2,73,194,94,100
050,05,065,"Arkansas","Izard County",2,74,128,65,63
050,05,065,"Arkansas","Izard County",2,75,126,59,67
050,05,065,"Arkansas","Izard County",2,76,145,70,75
050,05,065,"Arkansas","Izard County",2,77,157,74,83
050,05,065,"Arkansas","Izard County",2,78,120,61,59
050,05,065,"Arkansas","Izard County",2,79,100,48,52
050,05,065,"Arkansas","Izard County",2,80,110,49,61
050,05,065,"Arkansas","Izard County",2,81,106,53,53
050,05,065,"Arkansas","Izard County",2,82,98,49,49
050,05,065,"Arkansas","Izard County",2,83,89,40,49
050,05,065,"Arkansas","Izard County",2,84,81,34,47
050,05,065,"Arkansas","Izard County",2,85,467,183,284
050,05,065,"Arkansas","Izard County",3,0,103,56,47
050,05,065,"Arkansas","Izard County",3,1,140,77,63
050,05,065,"Arkansas","Izard County",3,2,133,65,68
050,05,065,"Arkansas","Izard County",3,3,117,49,68
050,05,065,"Arkansas","Izard County",3,4,114,59,55
050,05,065,"Arkansas","Izard County",3,5,121,66,55
050,05,065,"Arkansas","Izard County",3,6,130,57,73
050,05,065,"Arkansas","Izard County",3,7,139,70,69
050,05,065,"Arkansas","Izard County",3,8,128,59,69
050,05,065,"Arkansas","Izard County",3,9,128,51,77
050,05,065,"Arkansas","Izard County",3,10,129,63,66
050,05,065,"Arkansas","Izard County",3,11,146,67,79
050,05,065,"Arkansas","Izard County",3,12,138,77,61
050,05,065,"Arkansas","Izard County",3,13,161,87,74
050,05,065,"Arkansas","Izard County",3,14,175,88,87
050,05,065,"Arkansas","Izard County",3,15,164,86,78
050,05,065,"Arkansas","Izard County",3,16,167,88,79
050,05,065,"Arkansas","Izard County",3,17,172,90,82
050,05,065,"Arkansas","Izard County",3,18,130,72,58
050,05,065,"Arkansas","Izard County",3,19,105,59,46
050,05,065,"Arkansas","Izard County",3,20,119,71,48
050,05,065,"Arkansas","Izard County",3,21,126,76,50
050,05,065,"Arkansas","Izard County",3,22,147,82,65
050,05,065,"Arkansas","Izard County",3,23,148,78,70
050,05,065,"Arkansas","Izard County",3,24,169,106,63
050,05,065,"Arkansas","Izard County",3,25,148,83,65
050,05,065,"Arkansas","Izard County",3,26,154,97,57
050,05,065,"Arkansas","Izard County",3,27,160,96,64
050,05,065,"Arkansas","Izard County",3,28,131,83,48
050,05,065,"Arkansas","Izard County",3,29,152,98,54
050,05,065,"Arkansas","Izard County",3,30,158,101,57
050,05,065,"Arkansas","Izard County",3,31,167,92,75
050,05,065,"Arkansas","Izard County",3,32,150,86,64
050,05,065,"Arkansas","Izard County",3,33,152,90,62
050,05,065,"Arkansas","Izard County",3,34,140,78,62
050,05,065,"Arkansas","Izard County",3,35,159,89,70
050,05,065,"Arkansas","Izard County",3,36,173,103,70
050,05,065,"Arkansas","Izard County",3,37,151,80,71
050,05,065,"Arkansas","Izard County",3,38,154,89,65
050,05,065,"Arkansas","Izard County",3,39,151,95,56
050,05,065,"Arkansas","Izard County",3,40,157,84,73
050,05,065,"Arkansas","Izard County",3,41,190,112,78
050,05,065,"Arkansas","Izard County",3,42,183,103,80
050,05,065,"Arkansas","Izard County",3,43,156,86,70
050,05,065,"Arkansas","Izard County",3,44,160,85,75
050,05,065,"Arkansas","Izard County",3,45,163,97,66
050,05,065,"Arkansas","Izard County",3,46,159,99,60
050,05,065,"Arkansas","Izard County",3,47,172,94,78
050,05,065,"Arkansas","Izard County",3,48,157,86,71
050,05,065,"Arkansas","Izard County",3,49,180,107,73
050,05,065,"Arkansas","Izard County",3,50,191,110,81
050,05,065,"Arkansas","Izard County",3,51,192,119,73
050,05,065,"Arkansas","Izard County",3,52,172,103,69
050,05,065,"Arkansas","Izard County",3,53,165,96,69
050,05,065,"Arkansas","Izard County",3,54,191,111,80
050,05,065,"Arkansas","Izard County",3,55,171,91,80
050,05,065,"Arkansas","Izard County",3,56,205,114,91
050,05,065,"Arkansas","Izard County",3,57,217,116,101
050,05,065,"Arkansas","Izard County",3,58,226,125,101
050,05,065,"Arkansas","Izard County",3,59,204,107,97
050,05,065,"Arkansas","Izard County",3,60,206,102,104
050,05,065,"Arkansas","Izard County",3,61,213,108,105
050,05,065,"Arkansas","Izard County",3,62,223,108,115
050,05,065,"Arkansas","Izard County",3,63,214,105,109
050,05,065,"Arkansas","Izard County",3,64,208,103,105
050,05,065,"Arkansas","Izard County",3,65,190,94,96
050,05,065,"Arkansas","Izard County",3,66,200,99,101
050,05,065,"Arkansas","Izard County",3,67,198,87,111
050,05,065,"Arkansas","Izard County",3,68,198,101,97
050,05,065,"Arkansas","Izard County",3,69,213,119,94
050,05,065,"Arkansas","Izard County",3,70,169,85,84
050,05,065,"Arkansas","Izard County",3,71,172,82,90
050,05,065,"Arkansas","Izard County",3,72,198,96,102
050,05,065,"Arkansas","Izard County",3,73,192,101,91
050,05,065,"Arkansas","Izard County",3,74,184,89,95
050,05,065,"Arkansas","Izard County",3,75,126,60,66
050,05,065,"Arkansas","Izard County",3,76,117,57,60
050,05,065,"Arkansas","Izard County",3,77,146,65,81
050,05,065,"Arkansas","Izard County",3,78,146,71,75
050,05,065,"Arkansas","Izard County",3,79,109,60,49
050,05,065,"Arkansas","Izard County",3,80,97,43,54
050,05,065,"Arkansas","Izard County",3,81,90,41,49
050,05,065,"Arkansas","Izard County",3,82,98,48,50
050,05,065,"Arkansas","Izard County",3,83,94,43,51
050,05,065,"Arkansas","Izard County",3,84,82,36,46
050,05,065,"Arkansas","Izard County",3,85,478,186,292
050,05,065,"Arkansas","Izard County",4,0,114,58,56
050,05,065,"Arkansas","Izard County",4,1,113,62,51
050,05,065,"Arkansas","Izard County",4,2,130,67,63
050,05,065,"Arkansas","Izard County",4,3,138,72,66
050,05,065,"Arkansas","Izard County",4,4,120,53,67
050,05,065,"Arkansas","Izard County",4,5,118,57,61
050,05,065,"Arkansas","Izard County",4,6,137,76,61
050,05,065,"Arkansas","Izard County",4,7,125,58,67
050,05,065,"Arkansas","Izard County",4,8,142,73,69
050,05,065,"Arkansas","Izard County",4,9,135,62,73
050,05,065,"Arkansas","Izard County",4,10,140,60,80
050,05,065,"Arkansas","Izard County",4,11,139,64,75
050,05,065,"Arkansas","Izard County",4,12,153,77,76
050,05,065,"Arkansas","Izard County",4,13,153,83,70
050,05,065,"Arkansas","Izard County",4,14,172,90,82
050,05,065,"Arkansas","Izard County",4,15,173,85,88
050,05,065,"Arkansas","Izard County",4,16,173,93,80
050,05,065,"Arkansas","Izard County",4,17,171,94,77
050,05,065,"Arkansas","Izard County",4,18,139,77,62
050,05,065,"Arkansas","Izard County",4,19,105,56,49
050,05,065,"Arkansas","Izard County",4,20,118,70,48
050,05,065,"Arkansas","Izard County",4,21,121,68,53
050,05,065,"Arkansas","Izard County",4,22,144,92,52
050,05,065,"Arkansas","Izard County",4,23,148,86,62
050,05,065,"Arkansas","Izard County",4,24,182,104,78
050,05,065,"Arkansas","Izard County",4,25,144,82,62
050,05,065,"Arkansas","Izard County",4,26,153,88,65
050,05,065,"Arkansas","Izard County",4,27,173,110,63
050,05,065,"Arkansas","Izard County",4,28,146,78,68
050,05,065,"Arkansas","Izard County",4,29,141,91,50
050,05,065,"Arkansas","Izard County",4,30,164,108,56
050,05,065,"Arkansas","Izard County",4,31,161,96,65
050,05,065,"Arkansas","Izard County",4,32,162,87,75
050,05,065,"Arkansas","Izard County",4,33,156,97,59
050,05,065,"Arkansas","Izard County",4,34,135,74,61
050,05,065,"Arkansas","Izard County",4,35,143,76,67
050,05,065,"Arkansas","Izard County",4,36,164,92,72
050,05,065,"Arkansas","Izard County",4,37,172,90,82
050,05,065,"Arkansas","Izard County",4,38,149,81,68
050,05,065,"Arkansas","Izard County",4,39,165,97,68
050,05,065,"Arkansas","Izard County",4,40,136,79,57
050,05,065,"Arkansas","Izard County",4,41,176,105,71
050,05,065,"Arkansas","Izard County",4,42,192,107,85
050,05,065,"Arkansas","Izard County",4,43,179,97,82
050,05,065,"Arkansas","Izard County",4,44,154,78,76
050,05,065,"Arkansas","Izard County",4,45,178,99,79
050,05,065,"Arkansas","Izard County",4,46,168,102,66
050,05,065,"Arkansas","Izard County",4,47,159,96,63
050,05,065,"Arkansas","Izard County",4,48,162,82,80
050,05,065,"Arkansas","Izard County",4,49,167,96,71
050,05,065,"Arkansas","Izard County",4,50,174,101,73
050,05,065,"Arkansas","Izard County",4,51,197,113,84
050,05,065,"Arkansas","Izard County",4,52,186,112,74
050,05,065,"Arkansas","Izard County",4,53,171,107,64
050,05,065,"Arkansas","Izard County",4,54,172,95,77
050,05,065,"Arkansas","Izard County",4,55,173,92,81
050,05,065,"Arkansas","Izard County",4,56,191,104,87
050,05,065,"Arkansas","Izard County",4,57,207,109,98
050,05,065,"Arkansas","Izard County",4,58,231,131,100
050,05,065,"Arkansas","Izard County",4,59,237,122,115
050,05,065,"Arkansas","Izard County",4,60,224,127,97
050,05,065,"Arkansas","Izard County",4,61,215,108,107
050,05,065,"Arkansas","Izard County",4,62,197,103,94
050,05,065,"Arkansas","Izard County",4,63,229,113,116
050,05,065,"Arkansas","Izard County",4,64,216,104,112
050,05,065,"Arkansas","Izard County",4,65,226,112,114
050,05,065,"Arkansas","Izard County",4,66,208,101,107
050,05,065,"Arkansas","Izard County",4,67,184,88,96
050,05,065,"Arkansas","Izard County",4,68,193,89,104
050,05,065,"Arkansas","Izard County",4,69,209,106,103
050,05,065,"Arkansas","Izard County",4,70,209,112,97
050,05,065,"Arkansas","Izard County",4,71,160,77,83
050,05,065,"Arkansas","Izard County",4,72,166,82,84
050,05,065,"Arkansas","Izard County",4,73,188,96,92
050,05,065,"Arkansas","Izard County",4,74,171,87,84
050,05,065,"Arkansas","Izard County",4,75,190,91,99
050,05,065,"Arkansas","Izard County",4,76,118,55,63
050,05,065,"Arkansas","Izard County",4,77,111,49,62
050,05,065,"Arkansas","Izard County",4,78,129,61,68
050,05,065,"Arkansas","Izard County",4,79,126,65,61
050,05,065,"Arkansas","Izard County",4,80,107,57,50
050,05,065,"Arkansas","Izard County",4,81,79,36,43
050,05,065,"Arkansas","Izard County",4,82,78,33,45
050,05,065,"Arkansas","Izard County",4,83,96,48,48
050,05,065,"Arkansas","Izard County",4,84,80,34,46
050,05,065,"Arkansas","Izard County",4,85,479,188,291
050,05,065,"Arkansas","Izard County",5,0,111,57,54
050,05,065,"Arkansas","Izard County",5,1,125,56,69
050,05,065,"Arkansas","Izard County",5,2,111,60,51
050,05,065,"Arkansas","Izard County",5,3,126,64,62
050,05,065,"Arkansas","Izard County",5,4,142,73,69
050,05,065,"Arkansas","Izard County",5,5,126,54,72
050,05,065,"Arkansas","Izard County",5,6,123,59,64
050,05,065,"Arkansas","Izard County",5,7,133,69,64
050,05,065,"Arkansas","Izard County",5,8,134,64,70
050,05,065,"Arkansas","Izard County",5,9,148,77,71
050,05,065,"Arkansas","Izard County",5,10,146,64,82
050,05,065,"Arkansas","Izard County",5,11,143,60,83
050,05,065,"Arkansas","Izard County",5,12,143,66,77
050,05,065,"Arkansas","Izard County",5,13,153,80,73
050,05,065,"Arkansas","Izard County",5,14,158,83,75
050,05,065,"Arkansas","Izard County",5,15,178,96,82
050,05,065,"Arkansas","Izard County",5,16,165,80,85
050,05,065,"Arkansas","Izard County",5,17,175,95,80
050,05,065,"Arkansas","Izard County",5,18,136,75,61
050,05,065,"Arkansas","Izard County",5,19,108,62,46
050,05,065,"Arkansas","Izard County",5,20,125,66,59
050,05,065,"Arkansas","Izard County",5,21,124,70,54
050,05,065,"Arkansas","Izard County",5,22,137,78,59
050,05,065,"Arkansas","Izard County",5,23,135,87,48
050,05,065,"Arkansas","Izard County",5,24,170,110,60
050,05,065,"Arkansas","Izard County",5,25,145,76,69
050,05,065,"Arkansas","Izard County",5,26,162,94,68
050,05,065,"Arkansas","Izard County",5,27,160,101,59
050,05,065,"Arkansas","Izard County",5,28,182,110,72
050,05,065,"Arkansas","Izard County",5,29,163,97,66
050,05,065,"Arkansas","Izard County",5,30,146,94,52
050,05,065,"Arkansas","Izard County",5,31,148,94,54
050,05,065,"Arkansas","Izard County",5,32,158,90,68
050,05,065,"Arkansas","Izard County",5,33,172,96,76
050,05,065,"Arkansas","Izard County",5,34,144,86,58
050,05,065,"Arkansas","Izard County",5,35,138,74,64
050,05,065,"Arkansas","Izard County",5,36,161,85,76
050,05,065,"Arkansas","Izard County",5,37,167,84,83
050,05,065,"Arkansas","Izard County",5,38,168,93,75
050,05,065,"Arkansas","Izard County",5,39,174,97,77
050,05,065,"Arkansas","Izard County",5,40,150,83,67
050,05,065,"Arkansas","Izard County",5,41,165,106,59
050,05,065,"Arkansas","Izard County",5,42,166,99,67
050,05,065,"Arkansas","Izard County",5,43,190,104,86
050,05,065,"Arkansas","Izard County",5,44,185,100,85
050,05,065,"Arkansas","Izard County",5,45,173,97,76
050,05,065,"Arkansas","Izard County",5,46,200,118,82
050,05,065,"Arkansas","Izard County",5,47,172,104,68
050,05,065,"Arkansas","Izard County",5,48,155,92,63
050,05,065,"Arkansas","Izard County",5,49,183,97,86
050,05,065,"Arkansas","Izard County",5,50,173,99,74
050,05,065,"Arkansas","Izard County",5,51,178,108,70
050,05,065,"Arkansas","Izard County",5,52,197,111,86
050,05,065,"Arkansas","Izard County",5,53,188,114,74
050,05,065,"Arkansas","Izard County",5,54,175,108,67
050,05,065,"Arkansas","Izard County",5,55,158,80,78
050,05,065,"Arkansas","Izard County",5,56,187,106,81
050,05,065,"Arkansas","Izard County",5,57,191,98,93
050,05,065,"Arkansas","Izard County",5,58,214,116,98
050,05,065,"Arkansas","Izard County",5,59,227,121,106
050,05,065,"Arkansas","Izard County",5,60,233,125,108
050,05,065,"Arkansas","Izard County",5,61,237,135,102
050,05,065,"Arkansas","Izard County",5,62,210,108,102
050,05,065,"Arkansas","Izard County",5,63,191,98,93
050,05,065,"Arkansas","Izard County",5,64,228,111,117
050,05,065,"Arkansas","Izard County",5,65,226,113,113
050,05,065,"Arkansas","Izard County",5,66,225,111,114
050,05,065,"Arkansas","Izard County",5,67,207,98,109
050,05,065,"Arkansas","Izard County",5,68,185,87,98
050,05,065,"Arkansas","Izard County",5,69,201,96,105
050,05,065,"Arkansas","Izard County",5,70,203,102,101
050,05,065,"Arkansas","Izard County",5,71,201,107,94
050,05,065,"Arkansas","Izard County",5,72,155,76,79
050,05,065,"Arkansas","Izard County",5,73,169,90,79
050,05,065,"Arkansas","Izard County",5,74,170,85,85
050,05,065,"Arkansas","Izard County",5,75,178,86,92
050,05,065,"Arkansas","Izard County",5,76,183,88,95
050,05,065,"Arkansas","Izard County",5,77,113,48,65
050,05,065,"Arkansas","Izard County",5,78,104,47,57
050,05,065,"Arkansas","Izard County",5,79,113,55,58
050,05,065,"Arkansas","Izard County",5,80,130,62,68
050,05,065,"Arkansas","Izard County",5,81,94,51,43
050,05,065,"Arkansas","Izard County",5,82,72,34,38
050,05,065,"Arkansas","Izard County",5,83,74,32,42
050,05,065,"Arkansas","Izard County",5,84,82,38,44
050,05,065,"Arkansas","Izard County",5,85,495,194,301
050,05,067,"Arkansas","Jackson County",1,0,182,92,90
050,05,067,"Arkansas","Jackson County",1,1,176,83,93
050,05,067,"Arkansas","Jackson County",1,2,194,102,92
050,05,067,"Arkansas","Jackson County",1,3,194,103,91
050,05,067,"Arkansas","Jackson County",1,4,199,91,108
050,05,067,"Arkansas","Jackson County",1,5,168,80,88
050,05,067,"Arkansas","Jackson County",1,6,183,92,91
050,05,067,"Arkansas","Jackson County",1,7,173,88,85
050,05,067,"Arkansas","Jackson County",1,8,183,88,95
050,05,067,"Arkansas","Jackson County",1,9,174,79,95
050,05,067,"Arkansas","Jackson County",1,10,183,80,103
050,05,067,"Arkansas","Jackson County",1,11,185,107,78
050,05,067,"Arkansas","Jackson County",1,12,198,112,86
050,05,067,"Arkansas","Jackson County",1,13,188,92,96
050,05,067,"Arkansas","Jackson County",1,14,189,92,97
050,05,067,"Arkansas","Jackson County",1,15,216,109,107
050,05,067,"Arkansas","Jackson County",1,16,205,113,92
050,05,067,"Arkansas","Jackson County",1,17,184,96,88
050,05,067,"Arkansas","Jackson County",1,18,162,93,69
050,05,067,"Arkansas","Jackson County",1,19,146,74,72
050,05,067,"Arkansas","Jackson County",1,20,167,77,90
050,05,067,"Arkansas","Jackson County",1,21,145,67,78
050,05,067,"Arkansas","Jackson County",1,22,202,98,104
050,05,067,"Arkansas","Jackson County",1,23,271,145,126
050,05,067,"Arkansas","Jackson County",1,24,217,124,93
050,05,067,"Arkansas","Jackson County",1,25,236,140,96
050,05,067,"Arkansas","Jackson County",1,26,262,149,113
050,05,067,"Arkansas","Jackson County",1,27,252,136,116
050,05,067,"Arkansas","Jackson County",1,28,237,128,109
050,05,067,"Arkansas","Jackson County",1,29,294,159,135
050,05,067,"Arkansas","Jackson County",1,30,266,128,138
050,05,067,"Arkansas","Jackson County",1,31,239,115,124
050,05,067,"Arkansas","Jackson County",1,32,239,136,103
050,05,067,"Arkansas","Jackson County",1,33,248,144,104
050,05,067,"Arkansas","Jackson County",1,34,227,125,102
050,05,067,"Arkansas","Jackson County",1,35,216,121,95
050,05,067,"Arkansas","Jackson County",1,36,228,115,113
050,05,067,"Arkansas","Jackson County",1,37,226,111,115
050,05,067,"Arkansas","Jackson County",1,38,230,127,103
050,05,067,"Arkansas","Jackson County",1,39,233,115,118
050,05,067,"Arkansas","Jackson County",1,40,254,127,127
050,05,067,"Arkansas","Jackson County",1,41,207,112,95
050,05,067,"Arkansas","Jackson County",1,42,214,121,93
050,05,067,"Arkansas","Jackson County",1,43,213,118,95
050,05,067,"Arkansas","Jackson County",1,44,219,108,111
050,05,067,"Arkansas","Jackson County",1,45,209,112,97
050,05,067,"Arkansas","Jackson County",1,46,213,110,103
050,05,067,"Arkansas","Jackson County",1,47,188,86,102
050,05,067,"Arkansas","Jackson County",1,48,220,109,111
050,05,067,"Arkansas","Jackson County",1,49,212,105,107
050,05,067,"Arkansas","Jackson County",1,50,214,106,108
050,05,067,"Arkansas","Jackson County",1,51,203,101,102
050,05,067,"Arkansas","Jackson County",1,52,208,114,94
050,05,067,"Arkansas","Jackson County",1,53,209,117,92
050,05,067,"Arkansas","Jackson County",1,54,200,97,103
050,05,067,"Arkansas","Jackson County",1,55,223,113,110
050,05,067,"Arkansas","Jackson County",1,56,241,115,126
050,05,067,"Arkansas","Jackson County",1,57,241,118,123
050,05,067,"Arkansas","Jackson County",1,58,230,105,125
050,05,067,"Arkansas","Jackson County",1,59,221,108,113
050,05,067,"Arkansas","Jackson County",1,60,217,112,105
050,05,067,"Arkansas","Jackson County",1,61,224,117,107
050,05,067,"Arkansas","Jackson County",1,62,226,101,125
050,05,067,"Arkansas","Jackson County",1,63,220,104,116
050,05,067,"Arkansas","Jackson County",1,64,217,105,112
050,05,067,"Arkansas","Jackson County",1,65,194,93,101
050,05,067,"Arkansas","Jackson County",1,66,213,103,110
050,05,067,"Arkansas","Jackson County",1,67,197,101,96
050,05,067,"Arkansas","Jackson County",1,68,172,84,88
050,05,067,"Arkansas","Jackson County",1,69,176,83,93
050,05,067,"Arkansas","Jackson County",1,70,178,79,99
050,05,067,"Arkansas","Jackson County",1,71,176,85,91
050,05,067,"Arkansas","Jackson County",1,72,159,67,92
050,05,067,"Arkansas","Jackson County",1,73,173,71,102
050,05,067,"Arkansas","Jackson County",1,74,135,63,72
050,05,067,"Arkansas","Jackson County",1,75,134,60,74
050,05,067,"Arkansas","Jackson County",1,76,131,59,72
050,05,067,"Arkansas","Jackson County",1,77,129,66,63
050,05,067,"Arkansas","Jackson County",1,78,103,46,57
050,05,067,"Arkansas","Jackson County",1,79,98,41,57
050,05,067,"Arkansas","Jackson County",1,80,80,35,45
050,05,067,"Arkansas","Jackson County",1,81,85,34,51
050,05,067,"Arkansas","Jackson County",1,82,64,32,32
050,05,067,"Arkansas","Jackson County",1,83,52,22,30
050,05,067,"Arkansas","Jackson County",1,84,61,26,35
050,05,067,"Arkansas","Jackson County",1,85,295,105,190
050,05,067,"Arkansas","Jackson County",2,0,181,91,90
050,05,067,"Arkansas","Jackson County",2,1,177,84,93
050,05,067,"Arkansas","Jackson County",2,2,189,97,92
050,05,067,"Arkansas","Jackson County",2,3,192,101,91
050,05,067,"Arkansas","Jackson County",2,4,201,95,106
050,05,067,"Arkansas","Jackson County",2,5,174,82,92
050,05,067,"Arkansas","Jackson County",2,6,182,90,92
050,05,067,"Arkansas","Jackson County",2,7,175,88,87
050,05,067,"Arkansas","Jackson County",2,8,178,87,91
050,05,067,"Arkansas","Jackson County",2,9,176,81,95
050,05,067,"Arkansas","Jackson County",2,10,183,82,101
050,05,067,"Arkansas","Jackson County",2,11,184,100,84
050,05,067,"Arkansas","Jackson County",2,12,194,110,84
050,05,067,"Arkansas","Jackson County",2,13,187,95,92
050,05,067,"Arkansas","Jackson County",2,14,189,93,96
050,05,067,"Arkansas","Jackson County",2,15,209,104,105
050,05,067,"Arkansas","Jackson County",2,16,209,113,96
050,05,067,"Arkansas","Jackson County",2,17,191,100,91
050,05,067,"Arkansas","Jackson County",2,18,160,91,69
050,05,067,"Arkansas","Jackson County",2,19,146,76,70
050,05,067,"Arkansas","Jackson County",2,20,167,76,91
050,05,067,"Arkansas","Jackson County",2,21,151,69,82
050,05,067,"Arkansas","Jackson County",2,22,206,101,105
050,05,067,"Arkansas","Jackson County",2,23,267,142,125
050,05,067,"Arkansas","Jackson County",2,24,222,124,98
050,05,067,"Arkansas","Jackson County",2,25,235,142,93
050,05,067,"Arkansas","Jackson County",2,26,261,147,114
050,05,067,"Arkansas","Jackson County",2,27,250,136,114
050,05,067,"Arkansas","Jackson County",2,28,237,130,107
050,05,067,"Arkansas","Jackson County",2,29,283,154,129
050,05,067,"Arkansas","Jackson County",2,30,270,132,138
050,05,067,"Arkansas","Jackson County",2,31,245,119,126
050,05,067,"Arkansas","Jackson County",2,32,239,131,108
050,05,067,"Arkansas","Jackson County",2,33,248,145,103
050,05,067,"Arkansas","Jackson County",2,34,231,128,103
050,05,067,"Arkansas","Jackson County",2,35,218,123,95
050,05,067,"Arkansas","Jackson County",2,36,225,115,110
050,05,067,"Arkansas","Jackson County",2,37,227,112,115
050,05,067,"Arkansas","Jackson County",2,38,229,126,103
050,05,067,"Arkansas","Jackson County",2,39,234,118,116
050,05,067,"Arkansas","Jackson County",2,40,248,123,125
050,05,067,"Arkansas","Jackson County",2,41,212,114,98
050,05,067,"Arkansas","Jackson County",2,42,215,122,93
050,05,067,"Arkansas","Jackson County",2,43,217,120,97
050,05,067,"Arkansas","Jackson County",2,44,214,109,105
050,05,067,"Arkansas","Jackson County",2,45,209,109,100
050,05,067,"Arkansas","Jackson County",2,46,216,114,102
050,05,067,"Arkansas","Jackson County",2,47,188,88,100
050,05,067,"Arkansas","Jackson County",2,48,215,104,111
050,05,067,"Arkansas","Jackson County",2,49,209,103,106
050,05,067,"Arkansas","Jackson County",2,50,212,104,108
050,05,067,"Arkansas","Jackson County",2,51,205,101,104
050,05,067,"Arkansas","Jackson County",2,52,208,114,94
050,05,067,"Arkansas","Jackson County",2,53,207,115,92
050,05,067,"Arkansas","Jackson County",2,54,197,97,100
050,05,067,"Arkansas","Jackson County",2,55,213,107,106
050,05,067,"Arkansas","Jackson County",2,56,240,115,125
050,05,067,"Arkansas","Jackson County",2,57,244,119,125
050,05,067,"Arkansas","Jackson County",2,58,232,108,124
050,05,067,"Arkansas","Jackson County",2,59,221,105,116
050,05,067,"Arkansas","Jackson County",2,60,218,111,107
050,05,067,"Arkansas","Jackson County",2,61,221,114,107
050,05,067,"Arkansas","Jackson County",2,62,225,104,121
050,05,067,"Arkansas","Jackson County",2,63,220,101,119
050,05,067,"Arkansas","Jackson County",2,64,213,102,111
050,05,067,"Arkansas","Jackson County",2,65,200,97,103
050,05,067,"Arkansas","Jackson County",2,66,209,100,109
050,05,067,"Arkansas","Jackson County",2,67,198,100,98
050,05,067,"Arkansas","Jackson County",2,68,178,89,89
050,05,067,"Arkansas","Jackson County",2,69,177,85,92
050,05,067,"Arkansas","Jackson County",2,70,176,79,97
050,05,067,"Arkansas","Jackson County",2,71,176,85,91
050,05,067,"Arkansas","Jackson County",2,72,158,70,88
050,05,067,"Arkansas","Jackson County",2,73,177,73,104
050,05,067,"Arkansas","Jackson County",2,74,134,60,74
050,05,067,"Arkansas","Jackson County",2,75,133,60,73
050,05,067,"Arkansas","Jackson County",2,76,129,59,70
050,05,067,"Arkansas","Jackson County",2,77,133,66,67
050,05,067,"Arkansas","Jackson County",2,78,104,48,56
050,05,067,"Arkansas","Jackson County",2,79,95,41,54
050,05,067,"Arkansas","Jackson County",2,80,84,36,48
050,05,067,"Arkansas","Jackson County",2,81,84,34,50
050,05,067,"Arkansas","Jackson County",2,82,69,33,36
050,05,067,"Arkansas","Jackson County",2,83,54,23,31
050,05,067,"Arkansas","Jackson County",2,84,58,25,33
050,05,067,"Arkansas","Jackson County",2,85,294,102,192
050,05,067,"Arkansas","Jackson County",3,0,149,62,87
050,05,067,"Arkansas","Jackson County",3,1,187,91,96
050,05,067,"Arkansas","Jackson County",3,2,173,84,89
050,05,067,"Arkansas","Jackson County",3,3,195,100,95
050,05,067,"Arkansas","Jackson County",3,4,194,106,88
050,05,067,"Arkansas","Jackson County",3,5,208,102,106
050,05,067,"Arkansas","Jackson County",3,6,182,89,93
050,05,067,"Arkansas","Jackson County",3,7,176,90,86
050,05,067,"Arkansas","Jackson County",3,8,177,86,91
050,05,067,"Arkansas","Jackson County",3,9,179,85,94
050,05,067,"Arkansas","Jackson County",3,10,177,75,102
050,05,067,"Arkansas","Jackson County",3,11,192,93,99
050,05,067,"Arkansas","Jackson County",3,12,188,103,85
050,05,067,"Arkansas","Jackson County",3,13,192,113,79
050,05,067,"Arkansas","Jackson County",3,14,187,97,90
050,05,067,"Arkansas","Jackson County",3,15,189,94,95
050,05,067,"Arkansas","Jackson County",3,16,199,96,103
050,05,067,"Arkansas","Jackson County",3,17,213,118,95
050,05,067,"Arkansas","Jackson County",3,18,165,90,75
050,05,067,"Arkansas","Jackson County",3,19,138,79,59
050,05,067,"Arkansas","Jackson County",3,20,164,78,86
050,05,067,"Arkansas","Jackson County",3,21,169,81,88
050,05,067,"Arkansas","Jackson County",3,22,210,113,97
050,05,067,"Arkansas","Jackson County",3,23,232,110,122
050,05,067,"Arkansas","Jackson County",3,24,238,119,119
050,05,067,"Arkansas","Jackson County",3,25,254,151,103
050,05,067,"Arkansas","Jackson County",3,26,259,145,114
050,05,067,"Arkansas","Jackson County",3,27,255,135,120
050,05,067,"Arkansas","Jackson County",3,28,242,139,103
050,05,067,"Arkansas","Jackson County",3,29,254,146,108
050,05,067,"Arkansas","Jackson County",3,30,272,138,134
050,05,067,"Arkansas","Jackson County",3,31,265,132,133
050,05,067,"Arkansas","Jackson County",3,32,259,121,138
050,05,067,"Arkansas","Jackson County",3,33,253,142,111
050,05,067,"Arkansas","Jackson County",3,34,234,130,104
050,05,067,"Arkansas","Jackson County",3,35,222,125,97
050,05,067,"Arkansas","Jackson County",3,36,237,125,112
050,05,067,"Arkansas","Jackson County",3,37,225,110,115
050,05,067,"Arkansas","Jackson County",3,38,243,130,113
050,05,067,"Arkansas","Jackson County",3,39,256,133,123
050,05,067,"Arkansas","Jackson County",3,40,233,122,111
050,05,067,"Arkansas","Jackson County",3,41,228,118,110
050,05,067,"Arkansas","Jackson County",3,42,225,122,103
050,05,067,"Arkansas","Jackson County",3,43,215,119,96
050,05,067,"Arkansas","Jackson County",3,44,202,112,90
050,05,067,"Arkansas","Jackson County",3,45,195,93,102
050,05,067,"Arkansas","Jackson County",3,46,226,126,100
050,05,067,"Arkansas","Jackson County",3,47,192,94,98
050,05,067,"Arkansas","Jackson County",3,48,198,94,104
050,05,067,"Arkansas","Jackson County",3,49,201,105,96
050,05,067,"Arkansas","Jackson County",3,50,215,107,108
050,05,067,"Arkansas","Jackson County",3,51,215,102,113
050,05,067,"Arkansas","Jackson County",3,52,211,117,94
050,05,067,"Arkansas","Jackson County",3,53,197,106,91
050,05,067,"Arkansas","Jackson County",3,54,198,105,93
050,05,067,"Arkansas","Jackson County",3,55,200,102,98
050,05,067,"Arkansas","Jackson County",3,56,223,110,113
050,05,067,"Arkansas","Jackson County",3,57,241,115,126
050,05,067,"Arkansas","Jackson County",3,58,236,114,122
050,05,067,"Arkansas","Jackson County",3,59,227,102,125
050,05,067,"Arkansas","Jackson County",3,60,210,105,105
050,05,067,"Arkansas","Jackson County",3,61,216,113,103
050,05,067,"Arkansas","Jackson County",3,62,220,116,104
050,05,067,"Arkansas","Jackson County",3,63,218,100,118
050,05,067,"Arkansas","Jackson County",3,64,214,101,113
050,05,067,"Arkansas","Jackson County",3,65,210,103,107
050,05,067,"Arkansas","Jackson County",3,66,203,95,108
050,05,067,"Arkansas","Jackson County",3,67,194,93,101
050,05,067,"Arkansas","Jackson County",3,68,196,103,93
050,05,067,"Arkansas","Jackson County",3,69,181,90,91
050,05,067,"Arkansas","Jackson County",3,70,157,69,88
050,05,067,"Arkansas","Jackson County",3,71,166,72,94
050,05,067,"Arkansas","Jackson County",3,72,173,85,88
050,05,067,"Arkansas","Jackson County",3,73,147,61,86
050,05,067,"Arkansas","Jackson County",3,74,164,67,97
050,05,067,"Arkansas","Jackson County",3,75,127,57,70
050,05,067,"Arkansas","Jackson County",3,76,126,55,71
050,05,067,"Arkansas","Jackson County",3,77,125,56,69
050,05,067,"Arkansas","Jackson County",3,78,123,63,60
050,05,067,"Arkansas","Jackson County",3,79,99,46,53
050,05,067,"Arkansas","Jackson County",3,80,86,36,50
050,05,067,"Arkansas","Jackson County",3,81,75,32,43
050,05,067,"Arkansas","Jackson County",3,82,70,29,41
050,05,067,"Arkansas","Jackson County",3,83,51,20,31
050,05,067,"Arkansas","Jackson County",3,84,54,24,30
050,05,067,"Arkansas","Jackson County",3,85,295,107,188
050,05,067,"Arkansas","Jackson County",4,0,153,74,79
050,05,067,"Arkansas","Jackson County",4,1,151,62,89
050,05,067,"Arkansas","Jackson County",4,2,194,96,98
050,05,067,"Arkansas","Jackson County",4,3,178,85,93
050,05,067,"Arkansas","Jackson County",4,4,196,103,93
050,05,067,"Arkansas","Jackson County",4,5,201,107,94
050,05,067,"Arkansas","Jackson County",4,6,208,98,110
050,05,067,"Arkansas","Jackson County",4,7,176,82,94
050,05,067,"Arkansas","Jackson County",4,8,179,91,88
050,05,067,"Arkansas","Jackson County",4,9,184,93,91
050,05,067,"Arkansas","Jackson County",4,10,177,84,93
050,05,067,"Arkansas","Jackson County",4,11,174,73,101
050,05,067,"Arkansas","Jackson County",4,12,194,89,105
050,05,067,"Arkansas","Jackson County",4,13,187,104,83
050,05,067,"Arkansas","Jackson County",4,14,200,114,86
050,05,067,"Arkansas","Jackson County",4,15,189,94,95
050,05,067,"Arkansas","Jackson County",4,16,190,92,98
050,05,067,"Arkansas","Jackson County",4,17,194,93,101
050,05,067,"Arkansas","Jackson County",4,18,173,95,78
050,05,067,"Arkansas","Jackson County",4,19,137,73,64
050,05,067,"Arkansas","Jackson County",4,20,151,80,71
050,05,067,"Arkansas","Jackson County",4,21,160,82,78
050,05,067,"Arkansas","Jackson County",4,22,224,120,104
050,05,067,"Arkansas","Jackson County",4,23,233,125,108
050,05,067,"Arkansas","Jackson County",4,24,210,95,115
050,05,067,"Arkansas","Jackson County",4,25,270,151,119
050,05,067,"Arkansas","Jackson County",4,26,279,156,123
050,05,067,"Arkansas","Jackson County",4,27,255,141,114
050,05,067,"Arkansas","Jackson County",4,28,247,134,113
050,05,067,"Arkansas","Jackson County",4,29,253,149,104
050,05,067,"Arkansas","Jackson County",4,30,246,134,112
050,05,067,"Arkansas","Jackson County",4,31,271,141,130
050,05,067,"Arkansas","Jackson County",4,32,270,134,136
050,05,067,"Arkansas","Jackson County",4,33,265,129,136
050,05,067,"Arkansas","Jackson County",4,34,244,129,115
050,05,067,"Arkansas","Jackson County",4,35,222,131,91
050,05,067,"Arkansas","Jackson County",4,36,239,129,110
050,05,067,"Arkansas","Jackson County",4,37,226,115,111
050,05,067,"Arkansas","Jackson County",4,38,227,117,110
050,05,067,"Arkansas","Jackson County",4,39,262,134,128
050,05,067,"Arkansas","Jackson County",4,40,253,131,122
050,05,067,"Arkansas","Jackson County",4,41,203,112,91
050,05,067,"Arkansas","Jackson County",4,42,235,132,103
050,05,067,"Arkansas","Jackson County",4,43,213,115,98
050,05,067,"Arkansas","Jackson County",4,44,204,113,91
050,05,067,"Arkansas","Jackson County",4,45,191,102,89
050,05,067,"Arkansas","Jackson County",4,46,216,109,107
050,05,067,"Arkansas","Jackson County",4,47,215,121,94
050,05,067,"Arkansas","Jackson County",4,48,215,102,113
050,05,067,"Arkansas","Jackson County",4,49,183,93,90
050,05,067,"Arkansas","Jackson County",4,50,201,102,99
050,05,067,"Arkansas","Jackson County",4,51,200,90,110
050,05,067,"Arkansas","Jackson County",4,52,202,109,93
050,05,067,"Arkansas","Jackson County",4,53,199,109,90
050,05,067,"Arkansas","Jackson County",4,54,185,98,87
050,05,067,"Arkansas","Jackson County",4,55,192,101,91
050,05,067,"Arkansas","Jackson County",4,56,203,107,96
050,05,067,"Arkansas","Jackson County",4,57,217,107,110
050,05,067,"Arkansas","Jackson County",4,58,233,111,122
050,05,067,"Arkansas","Jackson County",4,59,220,104,116
050,05,067,"Arkansas","Jackson County",4,60,215,92,123
050,05,067,"Arkansas","Jackson County",4,61,199,97,102
050,05,067,"Arkansas","Jackson County",4,62,207,107,100
050,05,067,"Arkansas","Jackson County",4,63,211,110,101
050,05,067,"Arkansas","Jackson County",4,64,219,101,118
050,05,067,"Arkansas","Jackson County",4,65,203,100,103
050,05,067,"Arkansas","Jackson County",4,66,202,95,107
050,05,067,"Arkansas","Jackson County",4,67,193,90,103
050,05,067,"Arkansas","Jackson County",4,68,192,92,100
050,05,067,"Arkansas","Jackson County",4,69,193,103,90
050,05,067,"Arkansas","Jackson County",4,70,153,71,82
050,05,067,"Arkansas","Jackson County",4,71,148,68,80
050,05,067,"Arkansas","Jackson County",4,72,161,71,90
050,05,067,"Arkansas","Jackson County",4,73,162,80,82
050,05,067,"Arkansas","Jackson County",4,74,136,55,81
050,05,067,"Arkansas","Jackson County",4,75,155,65,90
050,05,067,"Arkansas","Jackson County",4,76,123,55,68
050,05,067,"Arkansas","Jackson County",4,77,127,53,74
050,05,067,"Arkansas","Jackson County",4,78,113,51,62
050,05,067,"Arkansas","Jackson County",4,79,124,64,60
050,05,067,"Arkansas","Jackson County",4,80,89,40,49
050,05,067,"Arkansas","Jackson County",4,81,83,35,48
050,05,067,"Arkansas","Jackson County",4,82,66,28,38
050,05,067,"Arkansas","Jackson County",4,83,57,22,35
050,05,067,"Arkansas","Jackson County",4,84,54,22,32
050,05,067,"Arkansas","Jackson County",4,85,300,115,185
050,05,067,"Arkansas","Jackson County",5,0,156,77,79
050,05,067,"Arkansas","Jackson County",5,1,158,78,80
050,05,067,"Arkansas","Jackson County",5,2,158,68,90
050,05,067,"Arkansas","Jackson County",5,3,204,99,105
050,05,067,"Arkansas","Jackson County",5,4,189,91,98
050,05,067,"Arkansas","Jackson County",5,5,187,101,86
050,05,067,"Arkansas","Jackson County",5,6,206,106,100
050,05,067,"Arkansas","Jackson County",5,7,209,96,113
050,05,067,"Arkansas","Jackson County",5,8,162,75,87
050,05,067,"Arkansas","Jackson County",5,9,184,92,92
050,05,067,"Arkansas","Jackson County",5,10,187,89,98
050,05,067,"Arkansas","Jackson County",5,11,185,93,92
050,05,067,"Arkansas","Jackson County",5,12,172,71,101
050,05,067,"Arkansas","Jackson County",5,13,198,88,110
050,05,067,"Arkansas","Jackson County",5,14,191,107,84
050,05,067,"Arkansas","Jackson County",5,15,193,108,85
050,05,067,"Arkansas","Jackson County",5,16,187,97,90
050,05,067,"Arkansas","Jackson County",5,17,192,89,103
050,05,067,"Arkansas","Jackson County",5,18,168,85,83
050,05,067,"Arkansas","Jackson County",5,19,145,79,66
050,05,067,"Arkansas","Jackson County",5,20,158,73,85
050,05,067,"Arkansas","Jackson County",5,21,160,85,75
050,05,067,"Arkansas","Jackson County",5,22,226,120,106
050,05,067,"Arkansas","Jackson County",5,23,251,136,115
050,05,067,"Arkansas","Jackson County",5,24,220,115,105
050,05,067,"Arkansas","Jackson County",5,25,245,129,116
050,05,067,"Arkansas","Jackson County",5,26,300,161,139
050,05,067,"Arkansas","Jackson County",5,27,277,145,132
050,05,067,"Arkansas","Jackson County",5,28,252,146,106
050,05,067,"Arkansas","Jackson County",5,29,277,150,127
050,05,067,"Arkansas","Jackson County",5,30,254,137,117
050,05,067,"Arkansas","Jackson County",5,31,251,136,115
050,05,067,"Arkansas","Jackson County",5,32,272,141,131
050,05,067,"Arkansas","Jackson County",5,33,289,153,136
050,05,067,"Arkansas","Jackson County",5,34,268,130,138
050,05,067,"Arkansas","Jackson County",5,35,232,130,102
050,05,067,"Arkansas","Jackson County",5,36,229,126,103
050,05,067,"Arkansas","Jackson County",5,37,240,123,117
050,05,067,"Arkansas","Jackson County",5,38,233,127,106
050,05,067,"Arkansas","Jackson County",5,39,241,115,126
050,05,067,"Arkansas","Jackson County",5,40,258,138,120
050,05,067,"Arkansas","Jackson County",5,41,234,128,106
050,05,067,"Arkansas","Jackson County",5,42,214,126,88
050,05,067,"Arkansas","Jackson County",5,43,235,128,107
050,05,067,"Arkansas","Jackson County",5,44,201,106,95
050,05,067,"Arkansas","Jackson County",5,45,195,104,91
050,05,067,"Arkansas","Jackson County",5,46,216,122,94
050,05,067,"Arkansas","Jackson County",5,47,208,103,105
050,05,067,"Arkansas","Jackson County",5,48,229,136,93
050,05,067,"Arkansas","Jackson County",5,49,200,99,101
050,05,067,"Arkansas","Jackson County",5,50,184,95,89
050,05,067,"Arkansas","Jackson County",5,51,208,100,108
050,05,067,"Arkansas","Jackson County",5,52,206,108,98
050,05,067,"Arkansas","Jackson County",5,53,195,104,91
050,05,067,"Arkansas","Jackson County",5,54,190,98,92
050,05,067,"Arkansas","Jackson County",5,55,178,94,84
050,05,067,"Arkansas","Jackson County",5,56,195,101,94
050,05,067,"Arkansas","Jackson County",5,57,193,101,92
050,05,067,"Arkansas","Jackson County",5,58,218,103,115
050,05,067,"Arkansas","Jackson County",5,59,222,105,117
050,05,067,"Arkansas","Jackson County",5,60,208,101,107
050,05,067,"Arkansas","Jackson County",5,61,208,89,119
050,05,067,"Arkansas","Jackson County",5,62,200,94,106
050,05,067,"Arkansas","Jackson County",5,63,200,101,99
050,05,067,"Arkansas","Jackson County",5,64,212,111,101
050,05,067,"Arkansas","Jackson County",5,65,215,102,113
050,05,067,"Arkansas","Jackson County",5,66,202,96,106
050,05,067,"Arkansas","Jackson County",5,67,194,93,101
050,05,067,"Arkansas","Jackson County",5,68,191,90,101
050,05,067,"Arkansas","Jackson County",5,69,184,88,96
050,05,067,"Arkansas","Jackson County",5,70,177,90,87
050,05,067,"Arkansas","Jackson County",5,71,150,68,82
050,05,067,"Arkansas","Jackson County",5,72,140,69,71
050,05,067,"Arkansas","Jackson County",5,73,152,66,86
050,05,067,"Arkansas","Jackson County",5,74,154,73,81
050,05,067,"Arkansas","Jackson County",5,75,125,50,75
050,05,067,"Arkansas","Jackson County",5,76,149,63,86
050,05,067,"Arkansas","Jackson County",5,77,126,56,70
050,05,067,"Arkansas","Jackson County",5,78,118,52,66
050,05,067,"Arkansas","Jackson County",5,79,114,51,63
050,05,067,"Arkansas","Jackson County",5,80,111,58,53
050,05,067,"Arkansas","Jackson County",5,81,83,39,44
050,05,067,"Arkansas","Jackson County",5,82,75,32,43
050,05,067,"Arkansas","Jackson County",5,83,52,22,30
050,05,067,"Arkansas","Jackson County",5,84,59,23,36
050,05,067,"Arkansas","Jackson County",5,85,300,119,181
050,05,069,"Arkansas","Jefferson County",1,0,788,404,384
050,05,069,"Arkansas","Jefferson County",1,1,774,395,379
050,05,069,"Arkansas","Jefferson County",1,2,798,397,401
050,05,069,"Arkansas","Jefferson County",1,3,771,388,383
050,05,069,"Arkansas","Jefferson County",1,4,794,404,390
050,05,069,"Arkansas","Jefferson County",1,5,811,419,392
050,05,069,"Arkansas","Jefferson County",1,6,792,406,386
050,05,069,"Arkansas","Jefferson County",1,7,809,425,384
050,05,069,"Arkansas","Jefferson County",1,8,785,428,357
050,05,069,"Arkansas","Jefferson County",1,9,783,404,379
050,05,069,"Arkansas","Jefferson County",1,10,772,401,371
050,05,069,"Arkansas","Jefferson County",1,11,828,422,406
050,05,069,"Arkansas","Jefferson County",1,12,866,441,425
050,05,069,"Arkansas","Jefferson County",1,13,860,438,422
050,05,069,"Arkansas","Jefferson County",1,14,866,445,421
050,05,069,"Arkansas","Jefferson County",1,15,834,427,407
050,05,069,"Arkansas","Jefferson County",1,16,844,439,405
050,05,069,"Arkansas","Jefferson County",1,17,852,451,401
050,05,069,"Arkansas","Jefferson County",1,18,999,520,479
050,05,069,"Arkansas","Jefferson County",1,19,1066,521,545
050,05,069,"Arkansas","Jefferson County",1,20,1011,526,485
050,05,069,"Arkansas","Jefferson County",1,21,998,497,501
050,05,069,"Arkansas","Jefferson County",1,22,890,451,439
050,05,069,"Arkansas","Jefferson County",1,23,869,457,412
050,05,069,"Arkansas","Jefferson County",1,24,897,465,432
050,05,069,"Arkansas","Jefferson County",1,25,861,446,415
050,05,069,"Arkansas","Jefferson County",1,26,871,461,410
050,05,069,"Arkansas","Jefferson County",1,27,912,485,427
050,05,069,"Arkansas","Jefferson County",1,28,894,480,414
050,05,069,"Arkansas","Jefferson County",1,29,917,476,441
050,05,069,"Arkansas","Jefferson County",1,30,864,459,405
050,05,069,"Arkansas","Jefferson County",1,31,879,494,385
050,05,069,"Arkansas","Jefferson County",1,32,818,425,393
050,05,069,"Arkansas","Jefferson County",1,33,827,439,388
050,05,069,"Arkansas","Jefferson County",1,34,793,429,364
050,05,069,"Arkansas","Jefferson County",1,35,822,441,381
050,05,069,"Arkansas","Jefferson County",1,36,821,443,378
050,05,069,"Arkansas","Jefferson County",1,37,807,438,369
050,05,069,"Arkansas","Jefferson County",1,38,812,444,368
050,05,069,"Arkansas","Jefferson County",1,39,868,447,421
050,05,069,"Arkansas","Jefferson County",1,40,844,420,424
050,05,069,"Arkansas","Jefferson County",1,41,797,403,394
050,05,069,"Arkansas","Jefferson County",1,42,773,409,364
050,05,069,"Arkansas","Jefferson County",1,43,779,399,380
050,05,069,"Arkansas","Jefferson County",1,44,710,371,339
050,05,069,"Arkansas","Jefferson County",1,45,773,402,371
050,05,069,"Arkansas","Jefferson County",1,46,761,372,389
050,05,069,"Arkansas","Jefferson County",1,47,778,400,378
050,05,069,"Arkansas","Jefferson County",1,48,788,391,397
050,05,069,"Arkansas","Jefferson County",1,49,870,434,436
050,05,069,"Arkansas","Jefferson County",1,50,821,437,384
050,05,069,"Arkansas","Jefferson County",1,51,807,416,391
050,05,069,"Arkansas","Jefferson County",1,52,795,389,406
050,05,069,"Arkansas","Jefferson County",1,53,805,393,412
050,05,069,"Arkansas","Jefferson County",1,54,875,413,462
050,05,069,"Arkansas","Jefferson County",1,55,912,450,462
050,05,069,"Arkansas","Jefferson County",1,56,907,448,459
050,05,069,"Arkansas","Jefferson County",1,57,915,434,481
050,05,069,"Arkansas","Jefferson County",1,58,884,434,450
050,05,069,"Arkansas","Jefferson County",1,59,926,454,472
050,05,069,"Arkansas","Jefferson County",1,60,950,456,494
050,05,069,"Arkansas","Jefferson County",1,61,970,451,519
050,05,069,"Arkansas","Jefferson County",1,62,962,463,499
050,05,069,"Arkansas","Jefferson County",1,63,927,427,500
050,05,069,"Arkansas","Jefferson County",1,64,899,421,478
050,05,069,"Arkansas","Jefferson County",1,65,838,390,448
050,05,069,"Arkansas","Jefferson County",1,66,885,414,471
050,05,069,"Arkansas","Jefferson County",1,67,836,399,437
050,05,069,"Arkansas","Jefferson County",1,68,778,354,424
050,05,069,"Arkansas","Jefferson County",1,69,743,322,421
050,05,069,"Arkansas","Jefferson County",1,70,719,334,385
050,05,069,"Arkansas","Jefferson County",1,71,671,320,351
050,05,069,"Arkansas","Jefferson County",1,72,704,346,358
050,05,069,"Arkansas","Jefferson County",1,73,672,326,346
050,05,069,"Arkansas","Jefferson County",1,74,493,241,252
050,05,069,"Arkansas","Jefferson County",1,75,483,218,265
050,05,069,"Arkansas","Jefferson County",1,76,462,211,251
050,05,069,"Arkansas","Jefferson County",1,77,431,197,234
050,05,069,"Arkansas","Jefferson County",1,78,362,164,198
050,05,069,"Arkansas","Jefferson County",1,79,333,131,202
050,05,069,"Arkansas","Jefferson County",1,80,309,136,173
050,05,069,"Arkansas","Jefferson County",1,81,298,124,174
050,05,069,"Arkansas","Jefferson County",1,82,263,112,151
050,05,069,"Arkansas","Jefferson County",1,83,236,99,137
050,05,069,"Arkansas","Jefferson County",1,84,209,79,130
050,05,069,"Arkansas","Jefferson County",1,85,1182,375,807
050,05,069,"Arkansas","Jefferson County",2,0,781,392,389
050,05,069,"Arkansas","Jefferson County",2,1,769,393,376
050,05,069,"Arkansas","Jefferson County",2,2,780,388,392
050,05,069,"Arkansas","Jefferson County",2,3,769,384,385
050,05,069,"Arkansas","Jefferson County",2,4,786,399,387
050,05,069,"Arkansas","Jefferson County",2,5,800,413,387
050,05,069,"Arkansas","Jefferson County",2,6,789,405,384
050,05,069,"Arkansas","Jefferson County",2,7,797,417,380
050,05,069,"Arkansas","Jefferson County",2,8,787,427,360
050,05,069,"Arkansas","Jefferson County",2,9,777,407,370
050,05,069,"Arkansas","Jefferson County",2,10,772,398,374
050,05,069,"Arkansas","Jefferson County",2,11,808,413,395
050,05,069,"Arkansas","Jefferson County",2,12,857,438,419
050,05,069,"Arkansas","Jefferson County",2,13,854,434,420
050,05,069,"Arkansas","Jefferson County",2,14,855,437,418
050,05,069,"Arkansas","Jefferson County",2,15,838,430,408
050,05,069,"Arkansas","Jefferson County",2,16,840,436,404
050,05,069,"Arkansas","Jefferson County",2,17,844,448,396
050,05,069,"Arkansas","Jefferson County",2,18,989,510,479
050,05,069,"Arkansas","Jefferson County",2,19,1057,519,538
050,05,069,"Arkansas","Jefferson County",2,20,1010,523,487
050,05,069,"Arkansas","Jefferson County",2,21,988,494,494
050,05,069,"Arkansas","Jefferson County",2,22,885,451,434
050,05,069,"Arkansas","Jefferson County",2,23,861,449,412
050,05,069,"Arkansas","Jefferson County",2,24,879,460,419
050,05,069,"Arkansas","Jefferson County",2,25,858,445,413
050,05,069,"Arkansas","Jefferson County",2,26,864,457,407
050,05,069,"Arkansas","Jefferson County",2,27,896,480,416
050,05,069,"Arkansas","Jefferson County",2,28,892,475,417
050,05,069,"Arkansas","Jefferson County",2,29,898,470,428
050,05,069,"Arkansas","Jefferson County",2,30,869,455,414
050,05,069,"Arkansas","Jefferson County",2,31,871,484,387
050,05,069,"Arkansas","Jefferson County",2,32,818,434,384
050,05,069,"Arkansas","Jefferson County",2,33,825,438,387
050,05,069,"Arkansas","Jefferson County",2,34,793,425,368
050,05,069,"Arkansas","Jefferson County",2,35,808,435,373
050,05,069,"Arkansas","Jefferson County",2,36,811,437,374
050,05,069,"Arkansas","Jefferson County",2,37,808,437,371
050,05,069,"Arkansas","Jefferson County",2,38,811,438,373
050,05,069,"Arkansas","Jefferson County",2,39,849,443,406
050,05,069,"Arkansas","Jefferson County",2,40,846,427,419
050,05,069,"Arkansas","Jefferson County",2,41,804,402,402
050,05,069,"Arkansas","Jefferson County",2,42,775,408,367
050,05,069,"Arkansas","Jefferson County",2,43,772,396,376
050,05,069,"Arkansas","Jefferson County",2,44,711,366,345
050,05,069,"Arkansas","Jefferson County",2,45,769,400,369
050,05,069,"Arkansas","Jefferson County",2,46,753,373,380
050,05,069,"Arkansas","Jefferson County",2,47,764,391,373
050,05,069,"Arkansas","Jefferson County",2,48,779,385,394
050,05,069,"Arkansas","Jefferson County",2,49,852,425,427
050,05,069,"Arkansas","Jefferson County",2,50,827,434,393
050,05,069,"Arkansas","Jefferson County",2,51,802,415,387
050,05,069,"Arkansas","Jefferson County",2,52,788,386,402
050,05,069,"Arkansas","Jefferson County",2,53,799,389,410
050,05,069,"Arkansas","Jefferson County",2,54,848,401,447
050,05,069,"Arkansas","Jefferson County",2,55,902,442,460
050,05,069,"Arkansas","Jefferson County",2,56,910,449,461
050,05,069,"Arkansas","Jefferson County",2,57,903,431,472
050,05,069,"Arkansas","Jefferson County",2,58,888,433,455
050,05,069,"Arkansas","Jefferson County",2,59,914,450,464
050,05,069,"Arkansas","Jefferson County",2,60,940,452,488
050,05,069,"Arkansas","Jefferson County",2,61,956,447,509
050,05,069,"Arkansas","Jefferson County",2,62,951,452,499
050,05,069,"Arkansas","Jefferson County",2,63,938,435,503
050,05,069,"Arkansas","Jefferson County",2,64,892,413,479
050,05,069,"Arkansas","Jefferson County",2,65,845,393,452
050,05,069,"Arkansas","Jefferson County",2,66,871,408,463
050,05,069,"Arkansas","Jefferson County",2,67,841,400,441
050,05,069,"Arkansas","Jefferson County",2,68,779,360,419
050,05,069,"Arkansas","Jefferson County",2,69,753,332,421
050,05,069,"Arkansas","Jefferson County",2,70,719,329,390
050,05,069,"Arkansas","Jefferson County",2,71,677,321,356
050,05,069,"Arkansas","Jefferson County",2,72,682,333,349
050,05,069,"Arkansas","Jefferson County",2,73,694,336,358
050,05,069,"Arkansas","Jefferson County",2,74,505,245,260
050,05,069,"Arkansas","Jefferson County",2,75,479,217,262
050,05,069,"Arkansas","Jefferson County",2,76,457,207,250
050,05,069,"Arkansas","Jefferson County",2,77,437,198,239
050,05,069,"Arkansas","Jefferson County",2,78,365,166,199
050,05,069,"Arkansas","Jefferson County",2,79,334,137,197
050,05,069,"Arkansas","Jefferson County",2,80,309,132,177
050,05,069,"Arkansas","Jefferson County",2,81,291,125,166
050,05,069,"Arkansas","Jefferson County",2,82,260,110,150
050,05,069,"Arkansas","Jefferson County",2,83,239,99,140
050,05,069,"Arkansas","Jefferson County",2,84,208,83,125
050,05,069,"Arkansas","Jefferson County",2,85,1159,372,787
050,05,069,"Arkansas","Jefferson County",3,0,742,399,343
050,05,069,"Arkansas","Jefferson County",3,1,790,400,390
050,05,069,"Arkansas","Jefferson County",3,2,744,381,363
050,05,069,"Arkansas","Jefferson County",3,3,764,379,385
050,05,069,"Arkansas","Jefferson County",3,4,769,379,390
050,05,069,"Arkansas","Jefferson County",3,5,759,390,369
050,05,069,"Arkansas","Jefferson County",3,6,796,409,387
050,05,069,"Arkansas","Jefferson County",3,7,787,407,380
050,05,069,"Arkansas","Jefferson County",3,8,785,403,382
050,05,069,"Arkansas","Jefferson County",3,9,751,411,340
050,05,069,"Arkansas","Jefferson County",3,10,762,399,363
050,05,069,"Arkansas","Jefferson County",3,11,764,397,367
050,05,069,"Arkansas","Jefferson County",3,12,803,416,387
050,05,069,"Arkansas","Jefferson County",3,13,841,431,410
050,05,069,"Arkansas","Jefferson County",3,14,855,435,420
050,05,069,"Arkansas","Jefferson County",3,15,842,423,419
050,05,069,"Arkansas","Jefferson County",3,16,823,430,393
050,05,069,"Arkansas","Jefferson County",3,17,836,430,406
050,05,069,"Arkansas","Jefferson County",3,18,977,504,473
050,05,069,"Arkansas","Jefferson County",3,19,1036,500,536
050,05,069,"Arkansas","Jefferson County",3,20,1003,518,485
050,05,069,"Arkansas","Jefferson County",3,21,969,499,470
050,05,069,"Arkansas","Jefferson County",3,22,889,457,432
050,05,069,"Arkansas","Jefferson County",3,23,856,451,405
050,05,069,"Arkansas","Jefferson County",3,24,854,461,393
050,05,069,"Arkansas","Jefferson County",3,25,804,421,383
050,05,069,"Arkansas","Jefferson County",3,26,831,439,392
050,05,069,"Arkansas","Jefferson County",3,27,838,435,403
050,05,069,"Arkansas","Jefferson County",3,28,859,456,403
050,05,069,"Arkansas","Jefferson County",3,29,885,485,400
050,05,069,"Arkansas","Jefferson County",3,30,852,428,424
050,05,069,"Arkansas","Jefferson County",3,31,854,468,386
050,05,069,"Arkansas","Jefferson County",3,32,833,457,376
050,05,069,"Arkansas","Jefferson County",3,33,839,463,376
050,05,069,"Arkansas","Jefferson County",3,34,791,398,393
050,05,069,"Arkansas","Jefferson County",3,35,749,392,357
050,05,069,"Arkansas","Jefferson County",3,36,805,437,368
050,05,069,"Arkansas","Jefferson County",3,37,820,436,384
050,05,069,"Arkansas","Jefferson County",3,38,773,413,360
050,05,069,"Arkansas","Jefferson County",3,39,800,451,349
050,05,069,"Arkansas","Jefferson County",3,40,821,424,397
050,05,069,"Arkansas","Jefferson County",3,41,846,412,434
050,05,069,"Arkansas","Jefferson County",3,42,797,414,383
050,05,069,"Arkansas","Jefferson County",3,43,775,405,370
050,05,069,"Arkansas","Jefferson County",3,44,754,385,369
050,05,069,"Arkansas","Jefferson County",3,45,714,381,333
050,05,069,"Arkansas","Jefferson County",3,46,746,382,364
050,05,069,"Arkansas","Jefferson County",3,47,748,381,367
050,05,069,"Arkansas","Jefferson County",3,48,731,350,381
050,05,069,"Arkansas","Jefferson County",3,49,773,393,380
050,05,069,"Arkansas","Jefferson County",3,50,835,419,416
050,05,069,"Arkansas","Jefferson County",3,51,831,430,401
050,05,069,"Arkansas","Jefferson County",3,52,764,393,371
050,05,069,"Arkansas","Jefferson County",3,53,782,384,398
050,05,069,"Arkansas","Jefferson County",3,54,771,377,394
050,05,069,"Arkansas","Jefferson County",3,55,824,389,435
050,05,069,"Arkansas","Jefferson County",3,56,869,421,448
050,05,069,"Arkansas","Jefferson County",3,57,873,419,454
050,05,069,"Arkansas","Jefferson County",3,58,868,413,455
050,05,069,"Arkansas","Jefferson County",3,59,884,435,449
050,05,069,"Arkansas","Jefferson County",3,60,882,436,446
050,05,069,"Arkansas","Jefferson County",3,61,903,425,478
050,05,069,"Arkansas","Jefferson County",3,62,919,419,500
050,05,069,"Arkansas","Jefferson County",3,63,906,430,476
050,05,069,"Arkansas","Jefferson County",3,64,903,423,480
050,05,069,"Arkansas","Jefferson County",3,65,851,399,452
050,05,069,"Arkansas","Jefferson County",3,66,829,382,447
050,05,069,"Arkansas","Jefferson County",3,67,833,381,452
050,05,069,"Arkansas","Jefferson County",3,68,807,377,430
050,05,069,"Arkansas","Jefferson County",3,69,766,351,415
050,05,069,"Arkansas","Jefferson County",3,70,723,316,407
050,05,069,"Arkansas","Jefferson County",3,71,689,309,380
050,05,069,"Arkansas","Jefferson County",3,72,643,306,337
050,05,069,"Arkansas","Jefferson County",3,73,650,314,336
050,05,069,"Arkansas","Jefferson County",3,74,670,325,345
050,05,069,"Arkansas","Jefferson County",3,75,468,223,245
050,05,069,"Arkansas","Jefferson County",3,76,444,202,242
050,05,069,"Arkansas","Jefferson County",3,77,436,189,247
050,05,069,"Arkansas","Jefferson County",3,78,419,188,231
050,05,069,"Arkansas","Jefferson County",3,79,336,147,189
050,05,069,"Arkansas","Jefferson County",3,80,313,126,187
050,05,069,"Arkansas","Jefferson County",3,81,295,128,167
050,05,069,"Arkansas","Jefferson County",3,82,248,108,140
050,05,069,"Arkansas","Jefferson County",3,83,242,96,146
050,05,069,"Arkansas","Jefferson County",3,84,212,90,122
050,05,069,"Arkansas","Jefferson County",3,85,1114,370,744
050,05,069,"Arkansas","Jefferson County",4,0,693,369,324
050,05,069,"Arkansas","Jefferson County",4,1,731,390,341
050,05,069,"Arkansas","Jefferson County",4,2,765,381,384
050,05,069,"Arkansas","Jefferson County",4,3,742,385,357
050,05,069,"Arkansas","Jefferson County",4,4,748,369,379
050,05,069,"Arkansas","Jefferson County",4,5,769,389,380
050,05,069,"Arkansas","Jefferson County",4,6,759,397,362
050,05,069,"Arkansas","Jefferson County",4,7,802,416,386
050,05,069,"Arkansas","Jefferson County",4,8,773,410,363
050,05,069,"Arkansas","Jefferson County",4,9,768,398,370
050,05,069,"Arkansas","Jefferson County",4,10,743,402,341
050,05,069,"Arkansas","Jefferson County",4,11,745,390,355
050,05,069,"Arkansas","Jefferson County",4,12,746,385,361
050,05,069,"Arkansas","Jefferson County",4,13,765,399,366
050,05,069,"Arkansas","Jefferson County",4,14,819,418,401
050,05,069,"Arkansas","Jefferson County",4,15,834,422,412
050,05,069,"Arkansas","Jefferson County",4,16,822,412,410
050,05,069,"Arkansas","Jefferson County",4,17,814,417,397
050,05,069,"Arkansas","Jefferson County",4,18,980,489,491
050,05,069,"Arkansas","Jefferson County",4,19,1052,520,532
050,05,069,"Arkansas","Jefferson County",4,20,977,500,477
050,05,069,"Arkansas","Jefferson County",4,21,1003,507,496
050,05,069,"Arkansas","Jefferson County",4,22,871,462,409
050,05,069,"Arkansas","Jefferson County",4,23,836,427,409
050,05,069,"Arkansas","Jefferson County",4,24,825,441,384
050,05,069,"Arkansas","Jefferson County",4,25,818,447,371
050,05,069,"Arkansas","Jefferson County",4,26,816,433,383
050,05,069,"Arkansas","Jefferson County",4,27,802,430,372
050,05,069,"Arkansas","Jefferson County",4,28,797,411,386
050,05,069,"Arkansas","Jefferson County",4,29,842,457,385
050,05,069,"Arkansas","Jefferson County",4,30,827,440,387
050,05,069,"Arkansas","Jefferson County",4,31,832,428,404
050,05,069,"Arkansas","Jefferson County",4,32,813,428,385
050,05,069,"Arkansas","Jefferson County",4,33,839,469,370
050,05,069,"Arkansas","Jefferson County",4,34,784,421,363
050,05,069,"Arkansas","Jefferson County",4,35,747,368,379
050,05,069,"Arkansas","Jefferson County",4,36,755,400,355
050,05,069,"Arkansas","Jefferson County",4,37,796,426,370
050,05,069,"Arkansas","Jefferson County",4,38,767,392,375
050,05,069,"Arkansas","Jefferson County",4,39,750,404,346
050,05,069,"Arkansas","Jefferson County",4,40,760,425,335
050,05,069,"Arkansas","Jefferson County",4,41,790,397,393
050,05,069,"Arkansas","Jefferson County",4,42,834,415,419
050,05,069,"Arkansas","Jefferson County",4,43,772,385,387
050,05,069,"Arkansas","Jefferson County",4,44,732,368,364
050,05,069,"Arkansas","Jefferson County",4,45,758,390,368
050,05,069,"Arkansas","Jefferson County",4,46,672,347,325
050,05,069,"Arkansas","Jefferson County",4,47,715,367,348
050,05,069,"Arkansas","Jefferson County",4,48,709,346,363
050,05,069,"Arkansas","Jefferson County",4,49,709,349,360
050,05,069,"Arkansas","Jefferson County",4,50,741,374,367
050,05,069,"Arkansas","Jefferson County",4,51,826,413,413
050,05,069,"Arkansas","Jefferson County",4,52,784,397,387
050,05,069,"Arkansas","Jefferson County",4,53,757,393,364
050,05,069,"Arkansas","Jefferson County",4,54,752,353,399
050,05,069,"Arkansas","Jefferson County",4,55,750,359,391
050,05,069,"Arkansas","Jefferson County",4,56,792,378,414
050,05,069,"Arkansas","Jefferson County",4,57,853,405,448
050,05,069,"Arkansas","Jefferson County",4,58,859,407,452
050,05,069,"Arkansas","Jefferson County",4,59,847,401,446
050,05,069,"Arkansas","Jefferson County",4,60,863,414,449
050,05,069,"Arkansas","Jefferson County",4,61,856,417,439
050,05,069,"Arkansas","Jefferson County",4,62,871,410,461
050,05,069,"Arkansas","Jefferson County",4,63,888,405,483
050,05,069,"Arkansas","Jefferson County",4,64,862,404,458
050,05,069,"Arkansas","Jefferson County",4,65,863,403,460
050,05,069,"Arkansas","Jefferson County",4,66,832,393,439
050,05,069,"Arkansas","Jefferson County",4,67,809,371,438
050,05,069,"Arkansas","Jefferson County",4,68,811,366,445
050,05,069,"Arkansas","Jefferson County",4,69,785,362,423
050,05,069,"Arkansas","Jefferson County",4,70,730,333,397
050,05,069,"Arkansas","Jefferson County",4,71,706,296,410
050,05,069,"Arkansas","Jefferson County",4,72,662,305,357
050,05,069,"Arkansas","Jefferson County",4,73,625,291,334
050,05,069,"Arkansas","Jefferson County",4,74,622,301,321
050,05,069,"Arkansas","Jefferson County",4,75,628,301,327
050,05,069,"Arkansas","Jefferson County",4,76,439,208,231
050,05,069,"Arkansas","Jefferson County",4,77,426,189,237
050,05,069,"Arkansas","Jefferson County",4,78,407,171,236
050,05,069,"Arkansas","Jefferson County",4,79,387,176,211
050,05,069,"Arkansas","Jefferson County",4,80,310,142,168
050,05,069,"Arkansas","Jefferson County",4,81,297,118,179
050,05,069,"Arkansas","Jefferson County",4,82,279,115,164
050,05,069,"Arkansas","Jefferson County",4,83,235,97,138
050,05,069,"Arkansas","Jefferson County",4,84,213,86,127
050,05,069,"Arkansas","Jefferson County",4,85,1110,384,726
050,05,069,"Arkansas","Jefferson County",5,0,714,380,334
050,05,069,"Arkansas","Jefferson County",5,1,674,354,320
050,05,069,"Arkansas","Jefferson County",5,2,739,402,337
050,05,069,"Arkansas","Jefferson County",5,3,757,377,380
050,05,069,"Arkansas","Jefferson County",5,4,728,380,348
050,05,069,"Arkansas","Jefferson County",5,5,767,378,389
050,05,069,"Arkansas","Jefferson County",5,6,788,398,390
050,05,069,"Arkansas","Jefferson County",5,7,754,399,355
050,05,069,"Arkansas","Jefferson County",5,8,798,411,387
050,05,069,"Arkansas","Jefferson County",5,9,747,397,350
050,05,069,"Arkansas","Jefferson County",5,10,748,388,360
050,05,069,"Arkansas","Jefferson County",5,11,734,393,341
050,05,069,"Arkansas","Jefferson County",5,12,737,392,345
050,05,069,"Arkansas","Jefferson County",5,13,733,373,360
050,05,069,"Arkansas","Jefferson County",5,14,761,387,374
050,05,069,"Arkansas","Jefferson County",5,15,827,408,419
050,05,069,"Arkansas","Jefferson County",5,16,827,412,415
050,05,069,"Arkansas","Jefferson County",5,17,828,412,416
050,05,069,"Arkansas","Jefferson County",5,18,986,483,503
050,05,069,"Arkansas","Jefferson County",5,19,1053,508,545
050,05,069,"Arkansas","Jefferson County",5,20,941,505,436
050,05,069,"Arkansas","Jefferson County",5,21,931,470,461
050,05,069,"Arkansas","Jefferson County",5,22,861,451,410
050,05,069,"Arkansas","Jefferson County",5,23,824,459,365
050,05,069,"Arkansas","Jefferson County",5,24,837,430,407
050,05,069,"Arkansas","Jefferson County",5,25,801,432,369
050,05,069,"Arkansas","Jefferson County",5,26,813,436,377
050,05,069,"Arkansas","Jefferson County",5,27,803,429,374
050,05,069,"Arkansas","Jefferson County",5,28,800,421,379
050,05,069,"Arkansas","Jefferson County",5,29,798,429,369
050,05,069,"Arkansas","Jefferson County",5,30,842,446,396
050,05,069,"Arkansas","Jefferson County",5,31,837,458,379
050,05,069,"Arkansas","Jefferson County",5,32,799,408,391
050,05,069,"Arkansas","Jefferson County",5,33,840,457,383
050,05,069,"Arkansas","Jefferson County",5,34,804,436,368
050,05,069,"Arkansas","Jefferson County",5,35,756,392,364
050,05,069,"Arkansas","Jefferson County",5,36,756,385,371
050,05,069,"Arkansas","Jefferson County",5,37,750,398,352
050,05,069,"Arkansas","Jefferson County",5,38,754,399,355
050,05,069,"Arkansas","Jefferson County",5,39,782,407,375
050,05,069,"Arkansas","Jefferson County",5,40,712,377,335
050,05,069,"Arkansas","Jefferson County",5,41,773,423,350
050,05,069,"Arkansas","Jefferson County",5,42,811,416,395
050,05,069,"Arkansas","Jefferson County",5,43,832,417,415
050,05,069,"Arkansas","Jefferson County",5,44,737,354,383
050,05,069,"Arkansas","Jefferson County",5,45,738,365,373
050,05,069,"Arkansas","Jefferson County",5,46,737,371,366
050,05,069,"Arkansas","Jefferson County",5,47,671,356,315
050,05,069,"Arkansas","Jefferson County",5,48,690,348,342
050,05,069,"Arkansas","Jefferson County",5,49,711,356,355
050,05,069,"Arkansas","Jefferson County",5,50,702,345,357
050,05,069,"Arkansas","Jefferson County",5,51,747,380,367
050,05,069,"Arkansas","Jefferson County",5,52,801,406,395
050,05,069,"Arkansas","Jefferson County",5,53,773,402,371
050,05,069,"Arkansas","Jefferson County",5,54,753,389,364
050,05,069,"Arkansas","Jefferson County",5,55,733,347,386
050,05,069,"Arkansas","Jefferson County",5,56,713,344,369
050,05,069,"Arkansas","Jefferson County",5,57,758,352,406
050,05,069,"Arkansas","Jefferson County",5,58,826,395,431
050,05,069,"Arkansas","Jefferson County",5,59,846,395,451
050,05,069,"Arkansas","Jefferson County",5,60,844,387,457
050,05,069,"Arkansas","Jefferson County",5,61,842,401,441
050,05,069,"Arkansas","Jefferson County",5,62,830,395,435
050,05,069,"Arkansas","Jefferson County",5,63,848,403,445
050,05,069,"Arkansas","Jefferson County",5,64,849,387,462
050,05,069,"Arkansas","Jefferson County",5,65,837,390,447
050,05,069,"Arkansas","Jefferson County",5,66,837,388,449
050,05,069,"Arkansas","Jefferson County",5,67,810,376,434
050,05,069,"Arkansas","Jefferson County",5,68,781,354,427
050,05,069,"Arkansas","Jefferson County",5,69,801,357,444
050,05,069,"Arkansas","Jefferson County",5,70,746,341,405
050,05,069,"Arkansas","Jefferson County",5,71,705,322,383
050,05,069,"Arkansas","Jefferson County",5,72,681,291,390
050,05,069,"Arkansas","Jefferson County",5,73,650,296,354
050,05,069,"Arkansas","Jefferson County",5,74,609,287,322
050,05,069,"Arkansas","Jefferson County",5,75,589,283,306
050,05,069,"Arkansas","Jefferson County",5,76,594,288,306
050,05,069,"Arkansas","Jefferson County",5,77,423,194,229
050,05,069,"Arkansas","Jefferson County",5,78,395,169,226
050,05,069,"Arkansas","Jefferson County",5,79,373,149,224
050,05,069,"Arkansas","Jefferson County",5,80,357,163,194
050,05,069,"Arkansas","Jefferson County",5,81,296,131,165
050,05,069,"Arkansas","Jefferson County",5,82,277,107,170
050,05,069,"Arkansas","Jefferson County",5,83,271,107,164
050,05,069,"Arkansas","Jefferson County",5,84,204,86,118
050,05,069,"Arkansas","Jefferson County",5,85,1119,398,721
050,05,071,"Arkansas","Johnson County",1,0,320,164,156
050,05,071,"Arkansas","Johnson County",1,1,343,169,174
050,05,071,"Arkansas","Johnson County",1,2,341,176,165
050,05,071,"Arkansas","Johnson County",1,3,328,158,170
050,05,071,"Arkansas","Johnson County",1,4,343,177,166
050,05,071,"Arkansas","Johnson County",1,5,342,161,181
050,05,071,"Arkansas","Johnson County",1,6,336,164,172
050,05,071,"Arkansas","Johnson County",1,7,341,172,169
050,05,071,"Arkansas","Johnson County",1,8,337,179,158
050,05,071,"Arkansas","Johnson County",1,9,330,174,156
050,05,071,"Arkansas","Johnson County",1,10,378,198,180
050,05,071,"Arkansas","Johnson County",1,11,398,193,205
050,05,071,"Arkansas","Johnson County",1,12,370,189,181
050,05,071,"Arkansas","Johnson County",1,13,389,198,191
050,05,071,"Arkansas","Johnson County",1,14,368,170,198
050,05,071,"Arkansas","Johnson County",1,15,358,174,184
050,05,071,"Arkansas","Johnson County",1,16,370,191,179
050,05,071,"Arkansas","Johnson County",1,17,387,206,181
050,05,071,"Arkansas","Johnson County",1,18,362,186,176
050,05,071,"Arkansas","Johnson County",1,19,348,173,175
050,05,071,"Arkansas","Johnson County",1,20,329,153,176
050,05,071,"Arkansas","Johnson County",1,21,309,149,160
050,05,071,"Arkansas","Johnson County",1,22,301,144,157
050,05,071,"Arkansas","Johnson County",1,23,277,141,136
050,05,071,"Arkansas","Johnson County",1,24,280,144,136
050,05,071,"Arkansas","Johnson County",1,25,279,133,146
050,05,071,"Arkansas","Johnson County",1,26,296,153,143
050,05,071,"Arkansas","Johnson County",1,27,286,152,134
050,05,071,"Arkansas","Johnson County",1,28,314,161,153
050,05,071,"Arkansas","Johnson County",1,29,333,160,173
050,05,071,"Arkansas","Johnson County",1,30,347,166,181
050,05,071,"Arkansas","Johnson County",1,31,314,154,160
050,05,071,"Arkansas","Johnson County",1,32,308,153,155
050,05,071,"Arkansas","Johnson County",1,33,295,154,141
050,05,071,"Arkansas","Johnson County",1,34,316,163,153
050,05,071,"Arkansas","Johnson County",1,35,347,180,167
050,05,071,"Arkansas","Johnson County",1,36,326,164,162
050,05,071,"Arkansas","Johnson County",1,37,350,174,176
050,05,071,"Arkansas","Johnson County",1,38,336,175,161
050,05,071,"Arkansas","Johnson County",1,39,304,147,157
050,05,071,"Arkansas","Johnson County",1,40,306,155,151
050,05,071,"Arkansas","Johnson County",1,41,321,165,156
050,05,071,"Arkansas","Johnson County",1,42,311,151,160
050,05,071,"Arkansas","Johnson County",1,43,288,155,133
050,05,071,"Arkansas","Johnson County",1,44,283,144,139
050,05,071,"Arkansas","Johnson County",1,45,304,154,150
050,05,071,"Arkansas","Johnson County",1,46,291,145,146
050,05,071,"Arkansas","Johnson County",1,47,290,147,143
050,05,071,"Arkansas","Johnson County",1,48,305,155,150
050,05,071,"Arkansas","Johnson County",1,49,322,159,163
050,05,071,"Arkansas","Johnson County",1,50,304,150,154
050,05,071,"Arkansas","Johnson County",1,51,310,165,145
050,05,071,"Arkansas","Johnson County",1,52,322,166,156
050,05,071,"Arkansas","Johnson County",1,53,301,162,139
050,05,071,"Arkansas","Johnson County",1,54,342,175,167
050,05,071,"Arkansas","Johnson County",1,55,361,181,180
050,05,071,"Arkansas","Johnson County",1,56,358,187,171
050,05,071,"Arkansas","Johnson County",1,57,361,184,177
050,05,071,"Arkansas","Johnson County",1,58,347,169,178
050,05,071,"Arkansas","Johnson County",1,59,360,179,181
050,05,071,"Arkansas","Johnson County",1,60,349,174,175
050,05,071,"Arkansas","Johnson County",1,61,359,176,183
050,05,071,"Arkansas","Johnson County",1,62,332,160,172
050,05,071,"Arkansas","Johnson County",1,63,326,167,159
050,05,071,"Arkansas","Johnson County",1,64,321,173,148
050,05,071,"Arkansas","Johnson County",1,65,285,140,145
050,05,071,"Arkansas","Johnson County",1,66,286,144,142
050,05,071,"Arkansas","Johnson County",1,67,272,127,145
050,05,071,"Arkansas","Johnson County",1,68,275,133,142
050,05,071,"Arkansas","Johnson County",1,69,246,119,127
050,05,071,"Arkansas","Johnson County",1,70,247,121,126
050,05,071,"Arkansas","Johnson County",1,71,252,128,124
050,05,071,"Arkansas","Johnson County",1,72,264,136,128
050,05,071,"Arkansas","Johnson County",1,73,267,135,132
050,05,071,"Arkansas","Johnson County",1,74,187,88,99
050,05,071,"Arkansas","Johnson County",1,75,190,83,107
050,05,071,"Arkansas","Johnson County",1,76,175,87,88
050,05,071,"Arkansas","Johnson County",1,77,177,86,91
050,05,071,"Arkansas","Johnson County",1,78,148,71,77
050,05,071,"Arkansas","Johnson County",1,79,134,57,77
050,05,071,"Arkansas","Johnson County",1,80,114,52,62
050,05,071,"Arkansas","Johnson County",1,81,103,50,53
050,05,071,"Arkansas","Johnson County",1,82,107,58,49
050,05,071,"Arkansas","Johnson County",1,83,88,37,51
050,05,071,"Arkansas","Johnson County",1,84,69,22,47
050,05,071,"Arkansas","Johnson County",1,85,453,169,284
050,05,071,"Arkansas","Johnson County",2,0,318,156,162
050,05,071,"Arkansas","Johnson County",2,1,334,166,168
050,05,071,"Arkansas","Johnson County",2,2,340,174,166
050,05,071,"Arkansas","Johnson County",2,3,329,162,167
050,05,071,"Arkansas","Johnson County",2,4,342,173,169
050,05,071,"Arkansas","Johnson County",2,5,340,163,177
050,05,071,"Arkansas","Johnson County",2,6,335,162,173
050,05,071,"Arkansas","Johnson County",2,7,338,168,170
050,05,071,"Arkansas","Johnson County",2,8,335,175,160
050,05,071,"Arkansas","Johnson County",2,9,332,178,154
050,05,071,"Arkansas","Johnson County",2,10,366,192,174
050,05,071,"Arkansas","Johnson County",2,11,389,192,197
050,05,071,"Arkansas","Johnson County",2,12,381,193,188
050,05,071,"Arkansas","Johnson County",2,13,385,198,187
050,05,071,"Arkansas","Johnson County",2,14,373,175,198
050,05,071,"Arkansas","Johnson County",2,15,362,174,188
050,05,071,"Arkansas","Johnson County",2,16,368,189,179
050,05,071,"Arkansas","Johnson County",2,17,384,201,183
050,05,071,"Arkansas","Johnson County",2,18,357,188,169
050,05,071,"Arkansas","Johnson County",2,19,356,175,181
050,05,071,"Arkansas","Johnson County",2,20,324,153,171
050,05,071,"Arkansas","Johnson County",2,21,310,147,163
050,05,071,"Arkansas","Johnson County",2,22,300,144,156
050,05,071,"Arkansas","Johnson County",2,23,280,141,139
050,05,071,"Arkansas","Johnson County",2,24,278,142,136
050,05,071,"Arkansas","Johnson County",2,25,275,134,141
050,05,071,"Arkansas","Johnson County",2,26,295,149,146
050,05,071,"Arkansas","Johnson County",2,27,289,153,136
050,05,071,"Arkansas","Johnson County",2,28,309,159,150
050,05,071,"Arkansas","Johnson County",2,29,329,160,169
050,05,071,"Arkansas","Johnson County",2,30,342,166,176
050,05,071,"Arkansas","Johnson County",2,31,322,158,164
050,05,071,"Arkansas","Johnson County",2,32,309,153,156
050,05,071,"Arkansas","Johnson County",2,33,296,153,143
050,05,071,"Arkansas","Johnson County",2,34,310,160,150
050,05,071,"Arkansas","Johnson County",2,35,343,177,166
050,05,071,"Arkansas","Johnson County",2,36,328,166,162
050,05,071,"Arkansas","Johnson County",2,37,345,172,173
050,05,071,"Arkansas","Johnson County",2,38,342,176,166
050,05,071,"Arkansas","Johnson County",2,39,308,152,156
050,05,071,"Arkansas","Johnson County",2,40,304,151,153
050,05,071,"Arkansas","Johnson County",2,41,318,164,154
050,05,071,"Arkansas","Johnson County",2,42,312,155,157
050,05,071,"Arkansas","Johnson County",2,43,295,154,141
050,05,071,"Arkansas","Johnson County",2,44,280,144,136
050,05,071,"Arkansas","Johnson County",2,45,300,153,147
050,05,071,"Arkansas","Johnson County",2,46,293,146,147
050,05,071,"Arkansas","Johnson County",2,47,286,145,141
050,05,071,"Arkansas","Johnson County",2,48,300,153,147
050,05,071,"Arkansas","Johnson County",2,49,320,159,161
050,05,071,"Arkansas","Johnson County",2,50,310,153,157
050,05,071,"Arkansas","Johnson County",2,51,308,161,147
050,05,071,"Arkansas","Johnson County",2,52,317,165,152
050,05,071,"Arkansas","Johnson County",2,53,307,163,144
050,05,071,"Arkansas","Johnson County",2,54,331,173,158
050,05,071,"Arkansas","Johnson County",2,55,354,178,176
050,05,071,"Arkansas","Johnson County",2,56,361,188,173
050,05,071,"Arkansas","Johnson County",2,57,362,184,178
050,05,071,"Arkansas","Johnson County",2,58,350,172,178
050,05,071,"Arkansas","Johnson County",2,59,356,176,180
050,05,071,"Arkansas","Johnson County",2,60,351,175,176
050,05,071,"Arkansas","Johnson County",2,61,354,173,181
050,05,071,"Arkansas","Johnson County",2,62,338,162,176
050,05,071,"Arkansas","Johnson County",2,63,332,168,164
050,05,071,"Arkansas","Johnson County",2,64,322,172,150
050,05,071,"Arkansas","Johnson County",2,65,294,149,145
050,05,071,"Arkansas","Johnson County",2,66,288,146,142
050,05,071,"Arkansas","Johnson County",2,67,276,131,145
050,05,071,"Arkansas","Johnson County",2,68,270,130,140
050,05,071,"Arkansas","Johnson County",2,69,254,122,132
050,05,071,"Arkansas","Johnson County",2,70,247,121,126
050,05,071,"Arkansas","Johnson County",2,71,249,124,125
050,05,071,"Arkansas","Johnson County",2,72,253,128,125
050,05,071,"Arkansas","Johnson County",2,73,278,141,137
050,05,071,"Arkansas","Johnson County",2,74,191,91,100
050,05,071,"Arkansas","Johnson County",2,75,187,84,103
050,05,071,"Arkansas","Johnson County",2,76,176,86,90
050,05,071,"Arkansas","Johnson County",2,77,177,89,88
050,05,071,"Arkansas","Johnson County",2,78,148,72,76
050,05,071,"Arkansas","Johnson County",2,79,137,61,76
050,05,071,"Arkansas","Johnson County",2,80,116,52,64
050,05,071,"Arkansas","Johnson County",2,81,102,47,55
050,05,071,"Arkansas","Johnson County",2,82,104,55,49
050,05,071,"Arkansas","Johnson County",2,83,91,41,50
050,05,071,"Arkansas","Johnson County",2,84,74,26,48
050,05,071,"Arkansas","Johnson County",2,85,453,167,286
050,05,071,"Arkansas","Johnson County",3,0,292,158,134
050,05,071,"Arkansas","Johnson County",3,1,346,188,158
050,05,071,"Arkansas","Johnson County",3,2,355,175,180
050,05,071,"Arkansas","Johnson County",3,3,351,182,169
050,05,071,"Arkansas","Johnson County",3,4,335,169,166
050,05,071,"Arkansas","Johnson County",3,5,347,177,170
050,05,071,"Arkansas","Johnson County",3,6,341,165,176
050,05,071,"Arkansas","Johnson County",3,7,348,167,181
050,05,071,"Arkansas","Johnson County",3,8,334,172,162
050,05,071,"Arkansas","Johnson County",3,9,351,181,170
050,05,071,"Arkansas","Johnson County",3,10,339,181,158
050,05,071,"Arkansas","Johnson County",3,11,363,190,173
050,05,071,"Arkansas","Johnson County",3,12,379,193,186
050,05,071,"Arkansas","Johnson County",3,13,383,202,181
050,05,071,"Arkansas","Johnson County",3,14,377,200,177
050,05,071,"Arkansas","Johnson County",3,15,367,172,195
050,05,071,"Arkansas","Johnson County",3,16,359,171,188
050,05,071,"Arkansas","Johnson County",3,17,372,184,188
050,05,071,"Arkansas","Johnson County",3,18,382,211,171
050,05,071,"Arkansas","Johnson County",3,19,383,191,192
050,05,071,"Arkansas","Johnson County",3,20,343,163,180
050,05,071,"Arkansas","Johnson County",3,21,333,161,172
050,05,071,"Arkansas","Johnson County",3,22,309,154,155
050,05,071,"Arkansas","Johnson County",3,23,314,151,163
050,05,071,"Arkansas","Johnson County",3,24,279,141,138
050,05,071,"Arkansas","Johnson County",3,25,268,131,137
050,05,071,"Arkansas","Johnson County",3,26,277,140,137
050,05,071,"Arkansas","Johnson County",3,27,292,153,139
050,05,071,"Arkansas","Johnson County",3,28,290,152,138
050,05,071,"Arkansas","Johnson County",3,29,309,156,153
050,05,071,"Arkansas","Johnson County",3,30,341,167,174
050,05,071,"Arkansas","Johnson County",3,31,347,176,171
050,05,071,"Arkansas","Johnson County",3,32,333,173,160
050,05,071,"Arkansas","Johnson County",3,33,319,159,160
050,05,071,"Arkansas","Johnson County",3,34,304,151,153
050,05,071,"Arkansas","Johnson County",3,35,315,163,152
050,05,071,"Arkansas","Johnson County",3,36,350,175,175
050,05,071,"Arkansas","Johnson County",3,37,324,162,162
050,05,071,"Arkansas","Johnson County",3,38,351,174,177
050,05,071,"Arkansas","Johnson County",3,39,344,178,166
050,05,071,"Arkansas","Johnson County",3,40,316,155,161
050,05,071,"Arkansas","Johnson County",3,41,302,154,148
050,05,071,"Arkansas","Johnson County",3,42,323,165,158
050,05,071,"Arkansas","Johnson County",3,43,312,151,161
050,05,071,"Arkansas","Johnson County",3,44,288,156,132
050,05,071,"Arkansas","Johnson County",3,45,281,138,143
050,05,071,"Arkansas","Johnson County",3,46,290,148,142
050,05,071,"Arkansas","Johnson County",3,47,288,142,146
050,05,071,"Arkansas","Johnson County",3,48,280,147,133
050,05,071,"Arkansas","Johnson County",3,49,295,150,145
050,05,071,"Arkansas","Johnson County",3,50,319,161,158
050,05,071,"Arkansas","Johnson County",3,51,305,155,150
050,05,071,"Arkansas","Johnson County",3,52,313,158,155
050,05,071,"Arkansas","Johnson County",3,53,309,158,151
050,05,071,"Arkansas","Johnson County",3,54,309,163,146
050,05,071,"Arkansas","Johnson County",3,55,331,171,160
050,05,071,"Arkansas","Johnson County",3,56,359,182,177
050,05,071,"Arkansas","Johnson County",3,57,356,188,168
050,05,071,"Arkansas","Johnson County",3,58,362,178,184
050,05,071,"Arkansas","Johnson County",3,59,352,174,178
050,05,071,"Arkansas","Johnson County",3,60,349,174,175
050,05,071,"Arkansas","Johnson County",3,61,355,176,179
050,05,071,"Arkansas","Johnson County",3,62,360,182,178
050,05,071,"Arkansas","Johnson County",3,63,334,162,172
050,05,071,"Arkansas","Johnson County",3,64,324,166,158
050,05,071,"Arkansas","Johnson County",3,65,309,159,150
050,05,071,"Arkansas","Johnson County",3,66,291,151,140
050,05,071,"Arkansas","Johnson County",3,67,283,145,138
050,05,071,"Arkansas","Johnson County",3,68,275,125,150
050,05,071,"Arkansas","Johnson County",3,69,264,130,134
050,05,071,"Arkansas","Johnson County",3,70,254,119,135
050,05,071,"Arkansas","Johnson County",3,71,245,120,125
050,05,071,"Arkansas","Johnson County",3,72,255,126,129
050,05,071,"Arkansas","Johnson County",3,73,246,126,120
050,05,071,"Arkansas","Johnson County",3,74,269,138,131
050,05,071,"Arkansas","Johnson County",3,75,186,88,98
050,05,071,"Arkansas","Johnson County",3,76,172,76,96
050,05,071,"Arkansas","Johnson County",3,77,163,79,84
050,05,071,"Arkansas","Johnson County",3,78,166,86,80
050,05,071,"Arkansas","Johnson County",3,79,142,70,72
050,05,071,"Arkansas","Johnson County",3,80,131,60,71
050,05,071,"Arkansas","Johnson County",3,81,114,50,64
050,05,071,"Arkansas","Johnson County",3,82,96,45,51
050,05,071,"Arkansas","Johnson County",3,83,98,48,50
050,05,071,"Arkansas","Johnson County",3,84,88,39,49
050,05,071,"Arkansas","Johnson County",3,85,452,168,284
050,05,071,"Arkansas","Johnson County",4,0,296,159,137
050,05,071,"Arkansas","Johnson County",4,1,282,149,133
050,05,071,"Arkansas","Johnson County",4,2,357,183,174
050,05,071,"Arkansas","Johnson County",4,3,331,162,169
050,05,071,"Arkansas","Johnson County",4,4,360,190,170
050,05,071,"Arkansas","Johnson County",4,5,333,168,165
050,05,071,"Arkansas","Johnson County",4,6,344,172,172
050,05,071,"Arkansas","Johnson County",4,7,345,170,175
050,05,071,"Arkansas","Johnson County",4,8,342,161,181
050,05,071,"Arkansas","Johnson County",4,9,346,178,168
050,05,071,"Arkansas","Johnson County",4,10,350,180,170
050,05,071,"Arkansas","Johnson County",4,11,355,188,167
050,05,071,"Arkansas","Johnson County",4,12,366,187,179
050,05,071,"Arkansas","Johnson County",4,13,386,196,190
050,05,071,"Arkansas","Johnson County",4,14,383,205,178
050,05,071,"Arkansas","Johnson County",4,15,384,203,181
050,05,071,"Arkansas","Johnson County",4,16,370,170,200
050,05,071,"Arkansas","Johnson County",4,17,373,171,202
050,05,071,"Arkansas","Johnson County",4,18,365,193,172
050,05,071,"Arkansas","Johnson County",4,19,408,211,197
050,05,071,"Arkansas","Johnson County",4,20,341,173,168
050,05,071,"Arkansas","Johnson County",4,21,328,157,171
050,05,071,"Arkansas","Johnson County",4,22,319,158,161
050,05,071,"Arkansas","Johnson County",4,23,299,147,152
050,05,071,"Arkansas","Johnson County",4,24,309,142,167
050,05,071,"Arkansas","Johnson County",4,25,265,138,127
050,05,071,"Arkansas","Johnson County",4,26,272,133,139
050,05,071,"Arkansas","Johnson County",4,27,274,142,132
050,05,071,"Arkansas","Johnson County",4,28,282,138,144
050,05,071,"Arkansas","Johnson County",4,29,291,156,135
050,05,071,"Arkansas","Johnson County",4,30,311,156,155
050,05,071,"Arkansas","Johnson County",4,31,336,165,171
050,05,071,"Arkansas","Johnson County",4,32,353,180,173
050,05,071,"Arkansas","Johnson County",4,33,343,178,165
050,05,071,"Arkansas","Johnson County",4,34,323,163,160
050,05,071,"Arkansas","Johnson County",4,35,300,150,150
050,05,071,"Arkansas","Johnson County",4,36,312,158,154
050,05,071,"Arkansas","Johnson County",4,37,342,170,172
050,05,071,"Arkansas","Johnson County",4,38,328,159,169
050,05,071,"Arkansas","Johnson County",4,39,350,172,178
050,05,071,"Arkansas","Johnson County",4,40,334,174,160
050,05,071,"Arkansas","Johnson County",4,41,324,160,164
050,05,071,"Arkansas","Johnson County",4,42,305,154,151
050,05,071,"Arkansas","Johnson County",4,43,343,172,171
050,05,071,"Arkansas","Johnson County",4,44,317,158,159
050,05,071,"Arkansas","Johnson County",4,45,296,160,136
050,05,071,"Arkansas","Johnson County",4,46,288,145,143
050,05,071,"Arkansas","Johnson County",4,47,284,141,143
050,05,071,"Arkansas","Johnson County",4,48,288,145,143
050,05,071,"Arkansas","Johnson County",4,49,278,147,131
050,05,071,"Arkansas","Johnson County",4,50,296,147,149
050,05,071,"Arkansas","Johnson County",4,51,319,157,162
050,05,071,"Arkansas","Johnson County",4,52,305,155,150
050,05,071,"Arkansas","Johnson County",4,53,311,158,153
050,05,071,"Arkansas","Johnson County",4,54,314,164,150
050,05,071,"Arkansas","Johnson County",4,55,308,163,145
050,05,071,"Arkansas","Johnson County",4,56,324,169,155
050,05,071,"Arkansas","Johnson County",4,57,358,184,174
050,05,071,"Arkansas","Johnson County",4,58,346,183,163
050,05,071,"Arkansas","Johnson County",4,59,364,178,186
050,05,071,"Arkansas","Johnson County",4,60,348,171,177
050,05,071,"Arkansas","Johnson County",4,61,342,172,170
050,05,071,"Arkansas","Johnson County",4,62,350,176,174
050,05,071,"Arkansas","Johnson County",4,63,356,182,174
050,05,071,"Arkansas","Johnson County",4,64,331,161,170
050,05,071,"Arkansas","Johnson County",4,65,319,158,161
050,05,071,"Arkansas","Johnson County",4,66,305,155,150
050,05,071,"Arkansas","Johnson County",4,67,285,147,138
050,05,071,"Arkansas","Johnson County",4,68,276,141,135
050,05,071,"Arkansas","Johnson County",4,69,261,119,142
050,05,071,"Arkansas","Johnson County",4,70,254,121,133
050,05,071,"Arkansas","Johnson County",4,71,254,115,139
050,05,071,"Arkansas","Johnson County",4,72,244,115,129
050,05,071,"Arkansas","Johnson County",4,73,249,123,126
050,05,071,"Arkansas","Johnson County",4,74,233,119,114
050,05,071,"Arkansas","Johnson County",4,75,270,137,133
050,05,071,"Arkansas","Johnson County",4,76,170,81,89
050,05,071,"Arkansas","Johnson County",4,77,161,72,89
050,05,071,"Arkansas","Johnson County",4,78,157,72,85
050,05,071,"Arkansas","Johnson County",4,79,158,79,79
050,05,071,"Arkansas","Johnson County",4,80,130,65,65
050,05,071,"Arkansas","Johnson County",4,81,122,57,65
050,05,071,"Arkansas","Johnson County",4,82,97,41,56
050,05,071,"Arkansas","Johnson County",4,83,90,42,48
050,05,071,"Arkansas","Johnson County",4,84,89,42,47
050,05,071,"Arkansas","Johnson County",4,85,463,177,286
050,05,071,"Arkansas","Johnson County",5,0,294,158,136
050,05,071,"Arkansas","Johnson County",5,1,288,157,131
050,05,071,"Arkansas","Johnson County",5,2,296,145,151
050,05,071,"Arkansas","Johnson County",5,3,341,180,161
050,05,071,"Arkansas","Johnson County",5,4,343,164,179
050,05,071,"Arkansas","Johnson County",5,5,364,191,173
050,05,071,"Arkansas","Johnson County",5,6,326,163,163
050,05,071,"Arkansas","Johnson County",5,7,354,184,170
050,05,071,"Arkansas","Johnson County",5,8,359,170,189
050,05,071,"Arkansas","Johnson County",5,9,344,166,178
050,05,071,"Arkansas","Johnson County",5,10,351,187,164
050,05,071,"Arkansas","Johnson County",5,11,355,184,171
050,05,071,"Arkansas","Johnson County",5,12,354,186,168
050,05,071,"Arkansas","Johnson County",5,13,373,189,184
050,05,071,"Arkansas","Johnson County",5,14,382,195,187
050,05,071,"Arkansas","Johnson County",5,15,393,209,184
050,05,071,"Arkansas","Johnson County",5,16,398,208,190
050,05,071,"Arkansas","Johnson County",5,17,379,163,216
050,05,071,"Arkansas","Johnson County",5,18,358,178,180
050,05,071,"Arkansas","Johnson County",5,19,402,204,198
050,05,071,"Arkansas","Johnson County",5,20,357,187,170
050,05,071,"Arkansas","Johnson County",5,21,338,176,162
050,05,071,"Arkansas","Johnson County",5,22,334,156,178
050,05,071,"Arkansas","Johnson County",5,23,308,158,150
050,05,071,"Arkansas","Johnson County",5,24,307,166,141
050,05,071,"Arkansas","Johnson County",5,25,275,123,152
050,05,071,"Arkansas","Johnson County",5,26,263,134,129
050,05,071,"Arkansas","Johnson County",5,27,286,143,143
050,05,071,"Arkansas","Johnson County",5,28,263,133,130
050,05,071,"Arkansas","Johnson County",5,29,269,131,138
050,05,071,"Arkansas","Johnson County",5,30,296,152,144
050,05,071,"Arkansas","Johnson County",5,31,313,154,159
050,05,071,"Arkansas","Johnson County",5,32,337,172,165
050,05,071,"Arkansas","Johnson County",5,33,366,187,179
050,05,071,"Arkansas","Johnson County",5,34,338,171,167
050,05,071,"Arkansas","Johnson County",5,35,336,170,166
050,05,071,"Arkansas","Johnson County",5,36,306,157,149
050,05,071,"Arkansas","Johnson County",5,37,298,150,148
050,05,071,"Arkansas","Johnson County",5,38,344,169,175
050,05,071,"Arkansas","Johnson County",5,39,333,163,170
050,05,071,"Arkansas","Johnson County",5,40,351,170,181
050,05,071,"Arkansas","Johnson County",5,41,345,182,163
050,05,071,"Arkansas","Johnson County",5,42,327,160,167
050,05,071,"Arkansas","Johnson County",5,43,312,153,159
050,05,071,"Arkansas","Johnson County",5,44,333,172,161
050,05,071,"Arkansas","Johnson County",5,45,319,157,162
050,05,071,"Arkansas","Johnson County",5,46,311,167,144
050,05,071,"Arkansas","Johnson County",5,47,300,151,149
050,05,071,"Arkansas","Johnson County",5,48,280,135,145
050,05,071,"Arkansas","Johnson County",5,49,280,141,139
050,05,071,"Arkansas","Johnson County",5,50,282,151,131
050,05,071,"Arkansas","Johnson County",5,51,301,154,147
050,05,071,"Arkansas","Johnson County",5,52,327,166,161
050,05,071,"Arkansas","Johnson County",5,53,303,153,150
050,05,071,"Arkansas","Johnson County",5,54,318,164,154
050,05,071,"Arkansas","Johnson County",5,55,312,166,146
050,05,071,"Arkansas","Johnson County",5,56,322,171,151
050,05,071,"Arkansas","Johnson County",5,57,325,170,155
050,05,071,"Arkansas","Johnson County",5,58,352,177,175
050,05,071,"Arkansas","Johnson County",5,59,347,181,166
050,05,071,"Arkansas","Johnson County",5,60,369,179,190
050,05,071,"Arkansas","Johnson County",5,61,349,174,175
050,05,071,"Arkansas","Johnson County",5,62,341,172,169
050,05,071,"Arkansas","Johnson County",5,63,346,173,173
050,05,071,"Arkansas","Johnson County",5,64,351,179,172
050,05,071,"Arkansas","Johnson County",5,65,330,158,172
050,05,071,"Arkansas","Johnson County",5,66,313,157,156
050,05,071,"Arkansas","Johnson County",5,67,302,154,148
050,05,071,"Arkansas","Johnson County",5,68,278,143,135
050,05,071,"Arkansas","Johnson County",5,69,269,137,132
050,05,071,"Arkansas","Johnson County",5,70,253,112,141
050,05,071,"Arkansas","Johnson County",5,71,247,115,132
050,05,071,"Arkansas","Johnson County",5,72,247,106,141
050,05,071,"Arkansas","Johnson County",5,73,236,111,125
050,05,071,"Arkansas","Johnson County",5,74,237,117,120
050,05,071,"Arkansas","Johnson County",5,75,229,118,111
050,05,071,"Arkansas","Johnson County",5,76,256,131,125
050,05,071,"Arkansas","Johnson County",5,77,163,78,85
050,05,071,"Arkansas","Johnson County",5,78,154,67,87
050,05,071,"Arkansas","Johnson County",5,79,150,70,80
050,05,071,"Arkansas","Johnson County",5,80,154,80,74
050,05,071,"Arkansas","Johnson County",5,81,120,62,58
050,05,071,"Arkansas","Johnson County",5,82,108,51,57
050,05,071,"Arkansas","Johnson County",5,83,89,38,51
050,05,071,"Arkansas","Johnson County",5,84,84,37,47
050,05,071,"Arkansas","Johnson County",5,85,486,196,290
050,05,073,"Arkansas","Lafayette County",1,0,61,31,30
050,05,073,"Arkansas","Lafayette County",1,1,59,33,26
050,05,073,"Arkansas","Lafayette County",1,2,62,31,31
050,05,073,"Arkansas","Lafayette County",1,3,62,28,34
050,05,073,"Arkansas","Lafayette County",1,4,68,39,29
050,05,073,"Arkansas","Lafayette County",1,5,56,32,24
050,05,073,"Arkansas","Lafayette County",1,6,61,34,27
050,05,073,"Arkansas","Lafayette County",1,7,48,28,20
050,05,073,"Arkansas","Lafayette County",1,8,56,30,26
050,05,073,"Arkansas","Lafayette County",1,9,68,35,33
050,05,073,"Arkansas","Lafayette County",1,10,69,32,37
050,05,073,"Arkansas","Lafayette County",1,11,72,38,34
050,05,073,"Arkansas","Lafayette County",1,12,67,33,34
050,05,073,"Arkansas","Lafayette County",1,13,70,40,30
050,05,073,"Arkansas","Lafayette County",1,14,77,41,36
050,05,073,"Arkansas","Lafayette County",1,15,74,27,47
050,05,073,"Arkansas","Lafayette County",1,16,74,38,36
050,05,073,"Arkansas","Lafayette County",1,17,63,34,29
050,05,073,"Arkansas","Lafayette County",1,18,69,36,33
050,05,073,"Arkansas","Lafayette County",1,19,51,26,25
050,05,073,"Arkansas","Lafayette County",1,20,55,31,24
050,05,073,"Arkansas","Lafayette County",1,21,61,30,31
050,05,073,"Arkansas","Lafayette County",1,22,62,28,34
050,05,073,"Arkansas","Lafayette County",1,23,69,37,32
050,05,073,"Arkansas","Lafayette County",1,24,64,31,33
050,05,073,"Arkansas","Lafayette County",1,25,67,35,32
050,05,073,"Arkansas","Lafayette County",1,26,77,37,40
050,05,073,"Arkansas","Lafayette County",1,27,89,51,38
050,05,073,"Arkansas","Lafayette County",1,28,79,44,35
050,05,073,"Arkansas","Lafayette County",1,29,74,38,36
050,05,073,"Arkansas","Lafayette County",1,30,68,35,33
050,05,073,"Arkansas","Lafayette County",1,31,69,29,40
050,05,073,"Arkansas","Lafayette County",1,32,61,31,30
050,05,073,"Arkansas","Lafayette County",1,33,50,28,22
050,05,073,"Arkansas","Lafayette County",1,34,47,26,21
050,05,073,"Arkansas","Lafayette County",1,35,55,27,28
050,05,073,"Arkansas","Lafayette County",1,36,59,28,31
050,05,073,"Arkansas","Lafayette County",1,37,65,25,40
050,05,073,"Arkansas","Lafayette County",1,38,64,27,37
050,05,073,"Arkansas","Lafayette County",1,39,69,36,33
050,05,073,"Arkansas","Lafayette County",1,40,61,32,29
050,05,073,"Arkansas","Lafayette County",1,41,58,29,29
050,05,073,"Arkansas","Lafayette County",1,42,71,34,37
050,05,073,"Arkansas","Lafayette County",1,43,78,42,36
050,05,073,"Arkansas","Lafayette County",1,44,70,34,36
050,05,073,"Arkansas","Lafayette County",1,45,76,31,45
050,05,073,"Arkansas","Lafayette County",1,46,53,20,33
050,05,073,"Arkansas","Lafayette County",1,47,65,33,32
050,05,073,"Arkansas","Lafayette County",1,48,78,42,36
050,05,073,"Arkansas","Lafayette County",1,49,82,40,42
050,05,073,"Arkansas","Lafayette County",1,50,65,28,37
050,05,073,"Arkansas","Lafayette County",1,51,88,38,50
050,05,073,"Arkansas","Lafayette County",1,52,86,41,45
050,05,073,"Arkansas","Lafayette County",1,53,85,37,48
050,05,073,"Arkansas","Lafayette County",1,54,85,40,45
050,05,073,"Arkansas","Lafayette County",1,55,112,55,57
050,05,073,"Arkansas","Lafayette County",1,56,110,62,48
050,05,073,"Arkansas","Lafayette County",1,57,93,51,42
050,05,073,"Arkansas","Lafayette County",1,58,100,47,53
050,05,073,"Arkansas","Lafayette County",1,59,115,57,58
050,05,073,"Arkansas","Lafayette County",1,60,116,55,61
050,05,073,"Arkansas","Lafayette County",1,61,98,44,54
050,05,073,"Arkansas","Lafayette County",1,62,104,53,51
050,05,073,"Arkansas","Lafayette County",1,63,109,57,52
050,05,073,"Arkansas","Lafayette County",1,64,112,53,59
050,05,073,"Arkansas","Lafayette County",1,65,106,47,59
050,05,073,"Arkansas","Lafayette County",1,66,99,44,55
050,05,073,"Arkansas","Lafayette County",1,67,89,48,41
050,05,073,"Arkansas","Lafayette County",1,68,77,41,36
050,05,073,"Arkansas","Lafayette County",1,69,76,39,37
050,05,073,"Arkansas","Lafayette County",1,70,73,33,40
050,05,073,"Arkansas","Lafayette County",1,71,84,43,41
050,05,073,"Arkansas","Lafayette County",1,72,89,39,50
050,05,073,"Arkansas","Lafayette County",1,73,94,42,52
050,05,073,"Arkansas","Lafayette County",1,74,73,34,39
050,05,073,"Arkansas","Lafayette County",1,75,73,28,45
050,05,073,"Arkansas","Lafayette County",1,76,59,24,35
050,05,073,"Arkansas","Lafayette County",1,77,63,29,34
050,05,073,"Arkansas","Lafayette County",1,78,69,40,29
050,05,073,"Arkansas","Lafayette County",1,79,56,29,27
050,05,073,"Arkansas","Lafayette County",1,80,49,21,28
050,05,073,"Arkansas","Lafayette County",1,81,38,13,25
050,05,073,"Arkansas","Lafayette County",1,82,33,10,23
050,05,073,"Arkansas","Lafayette County",1,83,43,20,23
050,05,073,"Arkansas","Lafayette County",1,84,37,21,16
050,05,073,"Arkansas","Lafayette County",1,85,164,72,92
050,05,073,"Arkansas","Lafayette County",2,0,60,34,26
050,05,073,"Arkansas","Lafayette County",2,1,62,34,28
050,05,073,"Arkansas","Lafayette County",2,2,62,32,30
050,05,073,"Arkansas","Lafayette County",2,3,61,28,33
050,05,073,"Arkansas","Lafayette County",2,4,62,33,29
050,05,073,"Arkansas","Lafayette County",2,5,60,35,25
050,05,073,"Arkansas","Lafayette County",2,6,61,34,27
050,05,073,"Arkansas","Lafayette County",2,7,50,29,21
050,05,073,"Arkansas","Lafayette County",2,8,56,30,26
050,05,073,"Arkansas","Lafayette County",2,9,66,34,32
050,05,073,"Arkansas","Lafayette County",2,10,67,32,35
050,05,073,"Arkansas","Lafayette County",2,11,71,37,34
050,05,073,"Arkansas","Lafayette County",2,12,68,34,34
050,05,073,"Arkansas","Lafayette County",2,13,69,38,31
050,05,073,"Arkansas","Lafayette County",2,14,76,40,36
050,05,073,"Arkansas","Lafayette County",2,15,74,29,45
050,05,073,"Arkansas","Lafayette County",2,16,73,35,38
050,05,073,"Arkansas","Lafayette County",2,17,65,35,30
050,05,073,"Arkansas","Lafayette County",2,18,65,35,30
050,05,073,"Arkansas","Lafayette County",2,19,53,27,26
050,05,073,"Arkansas","Lafayette County",2,20,56,31,25
050,05,073,"Arkansas","Lafayette County",2,21,61,31,30
050,05,073,"Arkansas","Lafayette County",2,22,62,28,34
050,05,073,"Arkansas","Lafayette County",2,23,68,36,32
050,05,073,"Arkansas","Lafayette County",2,24,65,33,32
050,05,073,"Arkansas","Lafayette County",2,25,66,34,32
050,05,073,"Arkansas","Lafayette County",2,26,77,37,40
050,05,073,"Arkansas","Lafayette County",2,27,86,48,38
050,05,073,"Arkansas","Lafayette County",2,28,81,45,36
050,05,073,"Arkansas","Lafayette County",2,29,74,40,34
050,05,073,"Arkansas","Lafayette County",2,30,69,35,34
050,05,073,"Arkansas","Lafayette County",2,31,70,32,38
050,05,073,"Arkansas","Lafayette County",2,32,60,29,31
050,05,073,"Arkansas","Lafayette County",2,33,52,28,24
050,05,073,"Arkansas","Lafayette County",2,34,49,27,22
050,05,073,"Arkansas","Lafayette County",2,35,55,28,27
050,05,073,"Arkansas","Lafayette County",2,36,57,27,30
050,05,073,"Arkansas","Lafayette County",2,37,64,26,38
050,05,073,"Arkansas","Lafayette County",2,38,66,28,38
050,05,073,"Arkansas","Lafayette County",2,39,67,33,34
050,05,073,"Arkansas","Lafayette County",2,40,62,32,30
050,05,073,"Arkansas","Lafayette County",2,41,57,29,28
050,05,073,"Arkansas","Lafayette County",2,42,67,32,35
050,05,073,"Arkansas","Lafayette County",2,43,77,41,36
050,05,073,"Arkansas","Lafayette County",2,44,72,36,36
050,05,073,"Arkansas","Lafayette County",2,45,75,32,43
050,05,073,"Arkansas","Lafayette County",2,46,57,22,35
050,05,073,"Arkansas","Lafayette County",2,47,63,31,32
050,05,073,"Arkansas","Lafayette County",2,48,76,42,34
050,05,073,"Arkansas","Lafayette County",2,49,83,41,42
050,05,073,"Arkansas","Lafayette County",2,50,68,30,38
050,05,073,"Arkansas","Lafayette County",2,51,82,36,46
050,05,073,"Arkansas","Lafayette County",2,52,86,40,46
050,05,073,"Arkansas","Lafayette County",2,53,84,37,47
050,05,073,"Arkansas","Lafayette County",2,54,84,39,45
050,05,073,"Arkansas","Lafayette County",2,55,108,53,55
050,05,073,"Arkansas","Lafayette County",2,56,111,60,51
050,05,073,"Arkansas","Lafayette County",2,57,99,54,45
050,05,073,"Arkansas","Lafayette County",2,58,99,48,51
050,05,073,"Arkansas","Lafayette County",2,59,111,54,57
050,05,073,"Arkansas","Lafayette County",2,60,115,55,60
050,05,073,"Arkansas","Lafayette County",2,61,102,47,55
050,05,073,"Arkansas","Lafayette County",2,62,103,51,52
050,05,073,"Arkansas","Lafayette County",2,63,108,56,52
050,05,073,"Arkansas","Lafayette County",2,64,109,53,56
050,05,073,"Arkansas","Lafayette County",2,65,106,47,59
050,05,073,"Arkansas","Lafayette County",2,66,101,44,57
050,05,073,"Arkansas","Lafayette County",2,67,91,47,44
050,05,073,"Arkansas","Lafayette County",2,68,81,43,38
050,05,073,"Arkansas","Lafayette County",2,69,77,40,37
050,05,073,"Arkansas","Lafayette County",2,70,75,35,40
050,05,073,"Arkansas","Lafayette County",2,71,79,40,39
050,05,073,"Arkansas","Lafayette County",2,72,86,39,47
050,05,073,"Arkansas","Lafayette County",2,73,97,44,53
050,05,073,"Arkansas","Lafayette County",2,74,71,32,39
050,05,073,"Arkansas","Lafayette County",2,75,73,29,44
050,05,073,"Arkansas","Lafayette County",2,76,61,24,37
050,05,073,"Arkansas","Lafayette County",2,77,63,29,34
050,05,073,"Arkansas","Lafayette County",2,78,64,35,29
050,05,073,"Arkansas","Lafayette County",2,79,58,31,27
050,05,073,"Arkansas","Lafayette County",2,80,50,22,28
050,05,073,"Arkansas","Lafayette County",2,81,40,15,25
050,05,073,"Arkansas","Lafayette County",2,82,33,10,23
050,05,073,"Arkansas","Lafayette County",2,83,40,17,23
050,05,073,"Arkansas","Lafayette County",2,84,38,20,18
050,05,073,"Arkansas","Lafayette County",2,85,165,76,89
050,05,073,"Arkansas","Lafayette County",3,0,65,30,35
050,05,073,"Arkansas","Lafayette County",3,1,56,25,31
050,05,073,"Arkansas","Lafayette County",3,2,63,32,31
050,05,073,"Arkansas","Lafayette County",3,3,61,34,27
050,05,073,"Arkansas","Lafayette County",3,4,56,29,27
050,05,073,"Arkansas","Lafayette County",3,5,54,27,27
050,05,073,"Arkansas","Lafayette County",3,6,57,30,27
050,05,073,"Arkansas","Lafayette County",3,7,56,29,27
050,05,073,"Arkansas","Lafayette County",3,8,52,31,21
050,05,073,"Arkansas","Lafayette County",3,9,61,31,30
050,05,073,"Arkansas","Lafayette County",3,10,65,35,30
050,05,073,"Arkansas","Lafayette County",3,11,64,32,32
050,05,073,"Arkansas","Lafayette County",3,12,70,39,31
050,05,073,"Arkansas","Lafayette County",3,13,64,35,29
050,05,073,"Arkansas","Lafayette County",3,14,65,34,31
050,05,073,"Arkansas","Lafayette County",3,15,74,38,36
050,05,073,"Arkansas","Lafayette County",3,16,71,29,42
050,05,073,"Arkansas","Lafayette County",3,17,64,34,30
050,05,073,"Arkansas","Lafayette County",3,18,54,29,25
050,05,073,"Arkansas","Lafayette County",3,19,54,30,24
050,05,073,"Arkansas","Lafayette County",3,20,48,24,24
050,05,073,"Arkansas","Lafayette County",3,21,59,34,25
050,05,073,"Arkansas","Lafayette County",3,22,58,30,28
050,05,073,"Arkansas","Lafayette County",3,23,63,28,35
050,05,073,"Arkansas","Lafayette County",3,24,63,33,30
050,05,073,"Arkansas","Lafayette County",3,25,68,30,38
050,05,073,"Arkansas","Lafayette County",3,26,73,32,41
050,05,073,"Arkansas","Lafayette County",3,27,81,36,45
050,05,073,"Arkansas","Lafayette County",3,28,79,41,38
050,05,073,"Arkansas","Lafayette County",3,29,79,45,34
050,05,073,"Arkansas","Lafayette County",3,30,69,38,31
050,05,073,"Arkansas","Lafayette County",3,31,66,34,32
050,05,073,"Arkansas","Lafayette County",3,32,65,33,32
050,05,073,"Arkansas","Lafayette County",3,33,55,24,31
050,05,073,"Arkansas","Lafayette County",3,34,59,34,25
050,05,073,"Arkansas","Lafayette County",3,35,47,26,21
050,05,073,"Arkansas","Lafayette County",3,36,59,27,32
050,05,073,"Arkansas","Lafayette County",3,37,57,26,31
050,05,073,"Arkansas","Lafayette County",3,38,63,28,35
050,05,073,"Arkansas","Lafayette County",3,39,69,28,41
050,05,073,"Arkansas","Lafayette County",3,40,68,34,34
050,05,073,"Arkansas","Lafayette County",3,41,60,32,28
050,05,073,"Arkansas","Lafayette County",3,42,56,27,29
050,05,073,"Arkansas","Lafayette County",3,43,61,30,31
050,05,073,"Arkansas","Lafayette County",3,44,69,39,30
050,05,073,"Arkansas","Lafayette County",3,45,76,36,40
050,05,073,"Arkansas","Lafayette County",3,46,73,32,41
050,05,073,"Arkansas","Lafayette County",3,47,57,24,33
050,05,073,"Arkansas","Lafayette County",3,48,70,36,34
050,05,073,"Arkansas","Lafayette County",3,49,71,36,35
050,05,073,"Arkansas","Lafayette County",3,50,82,41,41
050,05,073,"Arkansas","Lafayette County",3,51,70,28,42
050,05,073,"Arkansas","Lafayette County",3,52,80,35,45
050,05,073,"Arkansas","Lafayette County",3,53,86,40,46
050,05,073,"Arkansas","Lafayette County",3,54,80,36,44
050,05,073,"Arkansas","Lafayette County",3,55,84,40,44
050,05,073,"Arkansas","Lafayette County",3,56,111,53,58
050,05,073,"Arkansas","Lafayette County",3,57,113,60,53
050,05,073,"Arkansas","Lafayette County",3,58,103,54,49
050,05,073,"Arkansas","Lafayette County",3,59,95,46,49
050,05,073,"Arkansas","Lafayette County",3,60,109,52,57
050,05,073,"Arkansas","Lafayette County",3,61,108,51,57
050,05,073,"Arkansas","Lafayette County",3,62,95,42,53
050,05,073,"Arkansas","Lafayette County",3,63,110,53,57
050,05,073,"Arkansas","Lafayette County",3,64,103,55,48
050,05,073,"Arkansas","Lafayette County",3,65,110,56,54
050,05,073,"Arkansas","Lafayette County",3,66,102,45,57
050,05,073,"Arkansas","Lafayette County",3,67,99,44,55
050,05,073,"Arkansas","Lafayette County",3,68,86,45,41
050,05,073,"Arkansas","Lafayette County",3,69,82,42,40
050,05,073,"Arkansas","Lafayette County",3,70,74,40,34
050,05,073,"Arkansas","Lafayette County",3,71,76,36,40
050,05,073,"Arkansas","Lafayette County",3,72,75,38,37
050,05,073,"Arkansas","Lafayette County",3,73,87,39,48
050,05,073,"Arkansas","Lafayette County",3,74,87,36,51
050,05,073,"Arkansas","Lafayette County",3,75,71,33,38
050,05,073,"Arkansas","Lafayette County",3,76,71,27,44
050,05,073,"Arkansas","Lafayette County",3,77,55,19,36
050,05,073,"Arkansas","Lafayette County",3,78,55,26,29
050,05,073,"Arkansas","Lafayette County",3,79,57,34,23
050,05,073,"Arkansas","Lafayette County",3,80,57,30,27
050,05,073,"Arkansas","Lafayette County",3,81,45,21,24
050,05,073,"Arkansas","Lafayette County",3,82,37,12,25
050,05,073,"Arkansas","Lafayette County",3,83,32,10,22
050,05,073,"Arkansas","Lafayette County",3,84,38,15,23
050,05,073,"Arkansas","Lafayette County",3,85,167,80,87
050,05,073,"Arkansas","Lafayette County",4,0,68,36,32
050,05,073,"Arkansas","Lafayette County",4,1,67,29,38
050,05,073,"Arkansas","Lafayette County",4,2,55,25,30
050,05,073,"Arkansas","Lafayette County",4,3,67,33,34
050,05,073,"Arkansas","Lafayette County",4,4,68,38,30
050,05,073,"Arkansas","Lafayette County",4,5,62,30,32
050,05,073,"Arkansas","Lafayette County",4,6,53,26,27
050,05,073,"Arkansas","Lafayette County",4,7,54,26,28
050,05,073,"Arkansas","Lafayette County",4,8,60,31,29
050,05,073,"Arkansas","Lafayette County",4,9,49,27,22
050,05,073,"Arkansas","Lafayette County",4,10,56,25,31
050,05,073,"Arkansas","Lafayette County",4,11,60,34,26
050,05,073,"Arkansas","Lafayette County",4,12,63,33,30
050,05,073,"Arkansas","Lafayette County",4,13,71,38,33
050,05,073,"Arkansas","Lafayette County",4,14,66,35,31
050,05,073,"Arkansas","Lafayette County",4,15,71,38,33
050,05,073,"Arkansas","Lafayette County",4,16,76,39,37
050,05,073,"Arkansas","Lafayette County",4,17,73,32,41
050,05,073,"Arkansas","Lafayette County",4,18,59,32,27
050,05,073,"Arkansas","Lafayette County",4,19,40,19,21
050,05,073,"Arkansas","Lafayette County",4,20,62,36,26
050,05,073,"Arkansas","Lafayette County",4,21,56,28,28
050,05,073,"Arkansas","Lafayette County",4,22,61,35,26
050,05,073,"Arkansas","Lafayette County",4,23,69,37,32
050,05,073,"Arkansas","Lafayette County",4,24,69,39,30
050,05,073,"Arkansas","Lafayette County",4,25,69,33,36
050,05,073,"Arkansas","Lafayette County",4,26,63,25,38
050,05,073,"Arkansas","Lafayette County",4,27,70,34,36
050,05,073,"Arkansas","Lafayette County",4,28,76,34,42
050,05,073,"Arkansas","Lafayette County",4,29,75,36,39
050,05,073,"Arkansas","Lafayette County",4,30,78,44,34
050,05,073,"Arkansas","Lafayette County",4,31,67,36,31
050,05,073,"Arkansas","Lafayette County",4,32,66,35,31
050,05,073,"Arkansas","Lafayette County",4,33,66,33,33
050,05,073,"Arkansas","Lafayette County",4,34,55,24,31
050,05,073,"Arkansas","Lafayette County",4,35,59,33,26
050,05,073,"Arkansas","Lafayette County",4,36,45,23,22
050,05,073,"Arkansas","Lafayette County",4,37,54,23,31
050,05,073,"Arkansas","Lafayette County",4,38,59,27,32
050,05,073,"Arkansas","Lafayette County",4,39,65,30,35
050,05,073,"Arkansas","Lafayette County",4,40,69,28,41
050,05,073,"Arkansas","Lafayette County",4,41,72,38,34
050,05,073,"Arkansas","Lafayette County",4,42,60,26,34
050,05,073,"Arkansas","Lafayette County",4,43,58,30,28
050,05,073,"Arkansas","Lafayette County",4,44,57,29,28
050,05,073,"Arkansas","Lafayette County",4,45,70,36,34
050,05,073,"Arkansas","Lafayette County",4,46,74,35,39
050,05,073,"Arkansas","Lafayette County",4,47,71,31,40
050,05,073,"Arkansas","Lafayette County",4,48,64,30,34
050,05,073,"Arkansas","Lafayette County",4,49,71,36,35
050,05,073,"Arkansas","Lafayette County",4,50,71,35,36
050,05,073,"Arkansas","Lafayette County",4,51,81,34,47
050,05,073,"Arkansas","Lafayette County",4,52,69,25,44
050,05,073,"Arkansas","Lafayette County",4,53,81,36,45
050,05,073,"Arkansas","Lafayette County",4,54,82,40,42
050,05,073,"Arkansas","Lafayette County",4,55,81,37,44
050,05,073,"Arkansas","Lafayette County",4,56,82,40,42
050,05,073,"Arkansas","Lafayette County",4,57,108,51,57
050,05,073,"Arkansas","Lafayette County",4,58,107,56,51
050,05,073,"Arkansas","Lafayette County",4,59,97,49,48
050,05,073,"Arkansas","Lafayette County",4,60,91,48,43
050,05,073,"Arkansas","Lafayette County",4,61,105,49,56
050,05,073,"Arkansas","Lafayette County",4,62,104,50,54
050,05,073,"Arkansas","Lafayette County",4,63,99,41,58
050,05,073,"Arkansas","Lafayette County",4,64,104,54,50
050,05,073,"Arkansas","Lafayette County",4,65,100,52,48
050,05,073,"Arkansas","Lafayette County",4,66,106,55,51
050,05,073,"Arkansas","Lafayette County",4,67,104,47,57
050,05,073,"Arkansas","Lafayette County",4,68,92,41,51
050,05,073,"Arkansas","Lafayette County",4,69,83,43,40
050,05,073,"Arkansas","Lafayette County",4,70,79,41,38
050,05,073,"Arkansas","Lafayette County",4,71,71,36,35
050,05,073,"Arkansas","Lafayette County",4,72,68,31,37
050,05,073,"Arkansas","Lafayette County",4,73,74,39,35
050,05,073,"Arkansas","Lafayette County",4,74,78,32,46
050,05,073,"Arkansas","Lafayette County",4,75,87,38,49
050,05,073,"Arkansas","Lafayette County",4,76,70,32,38
050,05,073,"Arkansas","Lafayette County",4,77,66,23,43
050,05,073,"Arkansas","Lafayette County",4,78,50,19,31
050,05,073,"Arkansas","Lafayette County",4,79,49,23,26
050,05,073,"Arkansas","Lafayette County",4,80,56,33,23
050,05,073,"Arkansas","Lafayette County",4,81,54,30,24
050,05,073,"Arkansas","Lafayette County",4,82,44,20,24
050,05,073,"Arkansas","Lafayette County",4,83,37,11,26
050,05,073,"Arkansas","Lafayette County",4,84,29,7,22
050,05,073,"Arkansas","Lafayette County",4,85,182,88,94
050,05,073,"Arkansas","Lafayette County",5,0,42,22,20
050,05,073,"Arkansas","Lafayette County",5,1,65,38,27
050,05,073,"Arkansas","Lafayette County",5,2,63,25,38
050,05,073,"Arkansas","Lafayette County",5,3,59,28,31
050,05,073,"Arkansas","Lafayette County",5,4,69,36,33
050,05,073,"Arkansas","Lafayette County",5,5,74,45,29
050,05,073,"Arkansas","Lafayette County",5,6,64,33,31
050,05,073,"Arkansas","Lafayette County",5,7,54,27,27
050,05,073,"Arkansas","Lafayette County",5,8,63,32,31
050,05,073,"Arkansas","Lafayette County",5,9,59,31,28
050,05,073,"Arkansas","Lafayette County",5,10,53,31,22
050,05,073,"Arkansas","Lafayette County",5,11,58,26,32
050,05,073,"Arkansas","Lafayette County",5,12,67,35,32
050,05,073,"Arkansas","Lafayette County",5,13,61,29,32
050,05,073,"Arkansas","Lafayette County",5,14,74,41,33
050,05,073,"Arkansas","Lafayette County",5,15,69,38,31
050,05,073,"Arkansas","Lafayette County",5,16,66,33,33
050,05,073,"Arkansas","Lafayette County",5,17,74,39,35
050,05,073,"Arkansas","Lafayette County",5,18,58,28,30
050,05,073,"Arkansas","Lafayette County",5,19,43,23,20
050,05,073,"Arkansas","Lafayette County",5,20,36,17,19
050,05,073,"Arkansas","Lafayette County",5,21,65,38,27
050,05,073,"Arkansas","Lafayette County",5,22,56,28,28
050,05,073,"Arkansas","Lafayette County",5,23,72,45,27
050,05,073,"Arkansas","Lafayette County",5,24,84,55,29
050,05,073,"Arkansas","Lafayette County",5,25,75,41,34
050,05,073,"Arkansas","Lafayette County",5,26,67,32,35
050,05,073,"Arkansas","Lafayette County",5,27,64,25,39
050,05,073,"Arkansas","Lafayette County",5,28,75,34,41
050,05,073,"Arkansas","Lafayette County",5,29,80,38,42
050,05,073,"Arkansas","Lafayette County",5,30,78,40,38
050,05,073,"Arkansas","Lafayette County",5,31,76,43,33
050,05,073,"Arkansas","Lafayette County",5,32,64,32,32
050,05,073,"Arkansas","Lafayette County",5,33,69,35,34
050,05,073,"Arkansas","Lafayette County",5,34,61,26,35
050,05,073,"Arkansas","Lafayette County",5,35,60,27,33
050,05,073,"Arkansas","Lafayette County",5,36,59,36,23
050,05,073,"Arkansas","Lafayette County",5,37,43,23,20
050,05,073,"Arkansas","Lafayette County",5,38,56,23,33
050,05,073,"Arkansas","Lafayette County",5,39,51,20,31
050,05,073,"Arkansas","Lafayette County",5,40,68,32,36
050,05,073,"Arkansas","Lafayette County",5,41,73,33,40
050,05,073,"Arkansas","Lafayette County",5,42,74,36,38
050,05,073,"Arkansas","Lafayette County",5,43,58,31,27
050,05,073,"Arkansas","Lafayette County",5,44,55,27,28
050,05,073,"Arkansas","Lafayette County",5,45,58,29,29
050,05,073,"Arkansas","Lafayette County",5,46,68,35,33
050,05,073,"Arkansas","Lafayette County",5,47,77,38,39
050,05,073,"Arkansas","Lafayette County",5,48,73,31,42
050,05,073,"Arkansas","Lafayette County",5,49,53,19,34
050,05,073,"Arkansas","Lafayette County",5,50,64,32,32
050,05,073,"Arkansas","Lafayette County",5,51,74,37,37
050,05,073,"Arkansas","Lafayette County",5,52,86,39,47
050,05,073,"Arkansas","Lafayette County",5,53,71,26,45
050,05,073,"Arkansas","Lafayette County",5,54,76,35,41
050,05,073,"Arkansas","Lafayette County",5,55,78,38,40
050,05,073,"Arkansas","Lafayette County",5,56,84,40,44
050,05,073,"Arkansas","Lafayette County",5,57,77,36,41
050,05,073,"Arkansas","Lafayette County",5,58,103,49,54
050,05,073,"Arkansas","Lafayette County",5,59,105,55,50
050,05,073,"Arkansas","Lafayette County",5,60,99,54,45
050,05,073,"Arkansas","Lafayette County",5,61,90,45,45
050,05,073,"Arkansas","Lafayette County",5,62,109,51,58
050,05,073,"Arkansas","Lafayette County",5,63,106,49,57
050,05,073,"Arkansas","Lafayette County",5,64,95,40,55
050,05,073,"Arkansas","Lafayette County",5,65,102,53,49
050,05,073,"Arkansas","Lafayette County",5,66,94,49,45
050,05,073,"Arkansas","Lafayette County",5,67,105,54,51
050,05,073,"Arkansas","Lafayette County",5,68,102,45,57
050,05,073,"Arkansas","Lafayette County",5,69,91,40,51
050,05,073,"Arkansas","Lafayette County",5,70,81,41,40
050,05,073,"Arkansas","Lafayette County",5,71,77,40,37
050,05,073,"Arkansas","Lafayette County",5,72,67,33,34
050,05,073,"Arkansas","Lafayette County",5,73,68,33,35
050,05,073,"Arkansas","Lafayette County",5,74,66,33,33
050,05,073,"Arkansas","Lafayette County",5,75,74,31,43
050,05,073,"Arkansas","Lafayette County",5,76,85,37,48
050,05,073,"Arkansas","Lafayette County",5,77,63,28,35
050,05,073,"Arkansas","Lafayette County",5,78,61,22,39
050,05,073,"Arkansas","Lafayette County",5,79,43,17,26
050,05,073,"Arkansas","Lafayette County",5,80,46,21,25
050,05,073,"Arkansas","Lafayette County",5,81,53,33,20
050,05,073,"Arkansas","Lafayette County",5,82,51,29,22
050,05,073,"Arkansas","Lafayette County",5,83,42,19,23
050,05,073,"Arkansas","Lafayette County",5,84,34,8,26
050,05,073,"Arkansas","Lafayette County",5,85,190,90,100
050,05,075,"Arkansas","Lawrence County",1,0,179,91,88
050,05,075,"Arkansas","Lawrence County",1,1,200,96,104
050,05,075,"Arkansas","Lawrence County",1,2,214,102,112
050,05,075,"Arkansas","Lawrence County",1,3,200,111,89
050,05,075,"Arkansas","Lawrence County",1,4,196,98,98
050,05,075,"Arkansas","Lawrence County",1,5,196,97,99
050,05,075,"Arkansas","Lawrence County",1,6,183,99,84
050,05,075,"Arkansas","Lawrence County",1,7,196,107,89
050,05,075,"Arkansas","Lawrence County",1,8,207,111,96
050,05,075,"Arkansas","Lawrence County",1,9,174,96,78
050,05,075,"Arkansas","Lawrence County",1,10,197,100,97
050,05,075,"Arkansas","Lawrence County",1,11,219,118,101
050,05,075,"Arkansas","Lawrence County",1,12,210,111,99
050,05,075,"Arkansas","Lawrence County",1,13,218,111,107
050,05,075,"Arkansas","Lawrence County",1,14,221,112,109
050,05,075,"Arkansas","Lawrence County",1,15,228,123,105
050,05,075,"Arkansas","Lawrence County",1,16,218,123,95
050,05,075,"Arkansas","Lawrence County",1,17,204,98,106
050,05,075,"Arkansas","Lawrence County",1,18,242,124,118
050,05,075,"Arkansas","Lawrence County",1,19,242,118,124
050,05,075,"Arkansas","Lawrence County",1,20,249,128,121
050,05,075,"Arkansas","Lawrence County",1,21,222,121,101
050,05,075,"Arkansas","Lawrence County",1,22,199,104,95
050,05,075,"Arkansas","Lawrence County",1,23,182,97,85
050,05,075,"Arkansas","Lawrence County",1,24,195,89,106
050,05,075,"Arkansas","Lawrence County",1,25,169,76,93
050,05,075,"Arkansas","Lawrence County",1,26,168,79,89
050,05,075,"Arkansas","Lawrence County",1,27,201,97,104
050,05,075,"Arkansas","Lawrence County",1,28,207,118,89
050,05,075,"Arkansas","Lawrence County",1,29,218,109,109
050,05,075,"Arkansas","Lawrence County",1,30,215,113,102
050,05,075,"Arkansas","Lawrence County",1,31,175,90,85
050,05,075,"Arkansas","Lawrence County",1,32,179,84,95
050,05,075,"Arkansas","Lawrence County",1,33,181,87,94
050,05,075,"Arkansas","Lawrence County",1,34,184,93,91
050,05,075,"Arkansas","Lawrence County",1,35,191,105,86
050,05,075,"Arkansas","Lawrence County",1,36,178,95,83
050,05,075,"Arkansas","Lawrence County",1,37,211,110,101
050,05,075,"Arkansas","Lawrence County",1,38,193,95,98
050,05,075,"Arkansas","Lawrence County",1,39,200,111,89
050,05,075,"Arkansas","Lawrence County",1,40,182,90,92
050,05,075,"Arkansas","Lawrence County",1,41,172,82,90
050,05,075,"Arkansas","Lawrence County",1,42,185,94,91
050,05,075,"Arkansas","Lawrence County",1,43,188,89,99
050,05,075,"Arkansas","Lawrence County",1,44,178,83,95
050,05,075,"Arkansas","Lawrence County",1,45,179,88,91
050,05,075,"Arkansas","Lawrence County",1,46,179,83,96
050,05,075,"Arkansas","Lawrence County",1,47,196,98,98
050,05,075,"Arkansas","Lawrence County",1,48,211,106,105
050,05,075,"Arkansas","Lawrence County",1,49,208,113,95
050,05,075,"Arkansas","Lawrence County",1,50,193,89,104
050,05,075,"Arkansas","Lawrence County",1,51,181,96,85
050,05,075,"Arkansas","Lawrence County",1,52,188,96,92
050,05,075,"Arkansas","Lawrence County",1,53,213,96,117
050,05,075,"Arkansas","Lawrence County",1,54,208,101,107
050,05,075,"Arkansas","Lawrence County",1,55,251,130,121
050,05,075,"Arkansas","Lawrence County",1,56,240,133,107
050,05,075,"Arkansas","Lawrence County",1,57,212,107,105
050,05,075,"Arkansas","Lawrence County",1,58,222,109,113
050,05,075,"Arkansas","Lawrence County",1,59,229,110,119
050,05,075,"Arkansas","Lawrence County",1,60,228,108,120
050,05,075,"Arkansas","Lawrence County",1,61,223,105,118
050,05,075,"Arkansas","Lawrence County",1,62,222,104,118
050,05,075,"Arkansas","Lawrence County",1,63,205,97,108
050,05,075,"Arkansas","Lawrence County",1,64,214,103,111
050,05,075,"Arkansas","Lawrence County",1,65,204,107,97
050,05,075,"Arkansas","Lawrence County",1,66,185,98,87
050,05,075,"Arkansas","Lawrence County",1,67,170,90,80
050,05,075,"Arkansas","Lawrence County",1,68,164,79,85
050,05,075,"Arkansas","Lawrence County",1,69,164,81,83
050,05,075,"Arkansas","Lawrence County",1,70,158,74,84
050,05,075,"Arkansas","Lawrence County",1,71,164,78,86
050,05,075,"Arkansas","Lawrence County",1,72,174,84,90
050,05,075,"Arkansas","Lawrence County",1,73,178,80,98
050,05,075,"Arkansas","Lawrence County",1,74,145,67,78
050,05,075,"Arkansas","Lawrence County",1,75,131,63,68
050,05,075,"Arkansas","Lawrence County",1,76,137,66,71
050,05,075,"Arkansas","Lawrence County",1,77,125,59,66
050,05,075,"Arkansas","Lawrence County",1,78,100,41,59
050,05,075,"Arkansas","Lawrence County",1,79,96,39,57
050,05,075,"Arkansas","Lawrence County",1,80,95,38,57
050,05,075,"Arkansas","Lawrence County",1,81,82,32,50
050,05,075,"Arkansas","Lawrence County",1,82,78,37,41
050,05,075,"Arkansas","Lawrence County",1,83,86,37,49
050,05,075,"Arkansas","Lawrence County",1,84,69,29,40
050,05,075,"Arkansas","Lawrence County",1,85,348,121,227
050,05,075,"Arkansas","Lawrence County",2,0,176,84,92
050,05,075,"Arkansas","Lawrence County",2,1,196,96,100
050,05,075,"Arkansas","Lawrence County",2,2,211,102,109
050,05,075,"Arkansas","Lawrence County",2,3,201,107,94
050,05,075,"Arkansas","Lawrence County",2,4,197,100,97
050,05,075,"Arkansas","Lawrence County",2,5,194,96,98
050,05,075,"Arkansas","Lawrence County",2,6,189,100,89
050,05,075,"Arkansas","Lawrence County",2,7,192,105,87
050,05,075,"Arkansas","Lawrence County",2,8,203,111,92
050,05,075,"Arkansas","Lawrence County",2,9,183,101,82
050,05,075,"Arkansas","Lawrence County",2,10,194,100,94
050,05,075,"Arkansas","Lawrence County",2,11,213,114,99
050,05,075,"Arkansas","Lawrence County",2,12,214,113,101
050,05,075,"Arkansas","Lawrence County",2,13,214,111,103
050,05,075,"Arkansas","Lawrence County",2,14,220,112,108
050,05,075,"Arkansas","Lawrence County",2,15,227,121,106
050,05,075,"Arkansas","Lawrence County",2,16,220,122,98
050,05,075,"Arkansas","Lawrence County",2,17,210,107,103
050,05,075,"Arkansas","Lawrence County",2,18,234,117,117
050,05,075,"Arkansas","Lawrence County",2,19,241,116,125
050,05,075,"Arkansas","Lawrence County",2,20,254,133,121
050,05,075,"Arkansas","Lawrence County",2,21,224,122,102
050,05,075,"Arkansas","Lawrence County",2,22,204,106,98
050,05,075,"Arkansas","Lawrence County",2,23,183,98,85
050,05,075,"Arkansas","Lawrence County",2,24,191,90,101
050,05,075,"Arkansas","Lawrence County",2,25,174,79,95
050,05,075,"Arkansas","Lawrence County",2,26,172,80,92
050,05,075,"Arkansas","Lawrence County",2,27,193,93,100
050,05,075,"Arkansas","Lawrence County",2,28,205,112,93
050,05,075,"Arkansas","Lawrence County",2,29,217,113,104
050,05,075,"Arkansas","Lawrence County",2,30,214,111,103
050,05,075,"Arkansas","Lawrence County",2,31,184,95,89
050,05,075,"Arkansas","Lawrence County",2,32,179,85,94
050,05,075,"Arkansas","Lawrence County",2,33,180,86,94
050,05,075,"Arkansas","Lawrence County",2,34,184,93,91
050,05,075,"Arkansas","Lawrence County",2,35,188,101,87
050,05,075,"Arkansas","Lawrence County",2,36,181,97,84
050,05,075,"Arkansas","Lawrence County",2,37,204,106,98
050,05,075,"Arkansas","Lawrence County",2,38,200,99,101
050,05,075,"Arkansas","Lawrence County",2,39,197,106,91
050,05,075,"Arkansas","Lawrence County",2,40,186,95,91
050,05,075,"Arkansas","Lawrence County",2,41,171,83,88
050,05,075,"Arkansas","Lawrence County",2,42,183,92,91
050,05,075,"Arkansas","Lawrence County",2,43,190,91,99
050,05,075,"Arkansas","Lawrence County",2,44,180,84,96
050,05,075,"Arkansas","Lawrence County",2,45,179,87,92
050,05,075,"Arkansas","Lawrence County",2,46,177,82,95
050,05,075,"Arkansas","Lawrence County",2,47,194,96,98
050,05,075,"Arkansas","Lawrence County",2,48,209,105,104
050,05,075,"Arkansas","Lawrence County",2,49,210,111,99
050,05,075,"Arkansas","Lawrence County",2,50,200,96,104
050,05,075,"Arkansas","Lawrence County",2,51,183,94,89
050,05,075,"Arkansas","Lawrence County",2,52,186,96,90
050,05,075,"Arkansas","Lawrence County",2,53,207,96,111
050,05,075,"Arkansas","Lawrence County",2,54,210,101,109
050,05,075,"Arkansas","Lawrence County",2,55,243,124,119
050,05,075,"Arkansas","Lawrence County",2,56,241,132,109
050,05,075,"Arkansas","Lawrence County",2,57,219,114,105
050,05,075,"Arkansas","Lawrence County",2,58,221,109,112
050,05,075,"Arkansas","Lawrence County",2,59,226,110,116
050,05,075,"Arkansas","Lawrence County",2,60,229,109,120
050,05,075,"Arkansas","Lawrence County",2,61,221,104,117
050,05,075,"Arkansas","Lawrence County",2,62,222,105,117
050,05,075,"Arkansas","Lawrence County",2,63,210,98,112
050,05,075,"Arkansas","Lawrence County",2,64,207,99,108
050,05,075,"Arkansas","Lawrence County",2,65,205,106,99
050,05,075,"Arkansas","Lawrence County",2,66,188,99,89
050,05,075,"Arkansas","Lawrence County",2,67,172,91,81
050,05,075,"Arkansas","Lawrence County",2,68,165,81,84
050,05,075,"Arkansas","Lawrence County",2,69,164,79,85
050,05,075,"Arkansas","Lawrence County",2,70,160,76,84
050,05,075,"Arkansas","Lawrence County",2,71,161,77,84
050,05,075,"Arkansas","Lawrence County",2,72,170,82,88
050,05,075,"Arkansas","Lawrence County",2,73,184,85,99
050,05,075,"Arkansas","Lawrence County",2,74,139,62,77
050,05,075,"Arkansas","Lawrence County",2,75,130,61,69
050,05,075,"Arkansas","Lawrence County",2,76,133,63,70
050,05,075,"Arkansas","Lawrence County",2,77,129,60,69
050,05,075,"Arkansas","Lawrence County",2,78,102,43,59
050,05,075,"Arkansas","Lawrence County",2,79,94,37,57
050,05,075,"Arkansas","Lawrence County",2,80,94,38,56
050,05,075,"Arkansas","Lawrence County",2,81,83,32,51
050,05,075,"Arkansas","Lawrence County",2,82,79,37,42
050,05,075,"Arkansas","Lawrence County",2,83,79,31,48
050,05,075,"Arkansas","Lawrence County",2,84,72,30,42
050,05,075,"Arkansas","Lawrence County",2,85,354,125,229
050,05,075,"Arkansas","Lawrence County",3,0,171,101,70
050,05,075,"Arkansas","Lawrence County",3,1,171,78,93
050,05,075,"Arkansas","Lawrence County",3,2,188,101,87
050,05,075,"Arkansas","Lawrence County",3,3,214,104,110
050,05,075,"Arkansas","Lawrence County",3,4,203,105,98
050,05,075,"Arkansas","Lawrence County",3,5,202,103,99
050,05,075,"Arkansas","Lawrence County",3,6,203,101,102
050,05,075,"Arkansas","Lawrence County",3,7,198,103,95
050,05,075,"Arkansas","Lawrence County",3,8,207,110,97
050,05,075,"Arkansas","Lawrence County",3,9,209,111,98
050,05,075,"Arkansas","Lawrence County",3,10,189,104,85
050,05,075,"Arkansas","Lawrence County",3,11,198,103,95
050,05,075,"Arkansas","Lawrence County",3,12,214,112,102
050,05,075,"Arkansas","Lawrence County",3,13,207,105,102
050,05,075,"Arkansas","Lawrence County",3,14,211,110,101
050,05,075,"Arkansas","Lawrence County",3,15,222,119,103
050,05,075,"Arkansas","Lawrence County",3,16,236,127,109
050,05,075,"Arkansas","Lawrence County",3,17,215,118,97
050,05,075,"Arkansas","Lawrence County",3,18,232,112,120
050,05,075,"Arkansas","Lawrence County",3,19,230,105,125
050,05,075,"Arkansas","Lawrence County",3,20,272,149,123
050,05,075,"Arkansas","Lawrence County",3,21,244,131,113
050,05,075,"Arkansas","Lawrence County",3,22,206,107,99
050,05,075,"Arkansas","Lawrence County",3,23,176,104,72
050,05,075,"Arkansas","Lawrence County",3,24,198,96,102
050,05,075,"Arkansas","Lawrence County",3,25,190,94,96
050,05,075,"Arkansas","Lawrence County",3,26,174,80,94
050,05,075,"Arkansas","Lawrence County",3,27,197,96,101
050,05,075,"Arkansas","Lawrence County",3,28,198,95,103
050,05,075,"Arkansas","Lawrence County",3,29,213,113,100
050,05,075,"Arkansas","Lawrence County",3,30,215,111,104
050,05,075,"Arkansas","Lawrence County",3,31,227,120,107
050,05,075,"Arkansas","Lawrence County",3,32,190,93,97
050,05,075,"Arkansas","Lawrence County",3,33,173,89,84
050,05,075,"Arkansas","Lawrence County",3,34,191,98,93
050,05,075,"Arkansas","Lawrence County",3,35,180,89,91
050,05,075,"Arkansas","Lawrence County",3,36,191,94,97
050,05,075,"Arkansas","Lawrence County",3,37,195,101,94
050,05,075,"Arkansas","Lawrence County",3,38,199,104,95
050,05,075,"Arkansas","Lawrence County",3,39,196,96,100
050,05,075,"Arkansas","Lawrence County",3,40,191,105,86
050,05,075,"Arkansas","Lawrence County",3,41,185,100,85
050,05,075,"Arkansas","Lawrence County",3,42,181,89,92
050,05,075,"Arkansas","Lawrence County",3,43,175,89,86
050,05,075,"Arkansas","Lawrence County",3,44,193,89,104
050,05,075,"Arkansas","Lawrence County",3,45,177,83,94
050,05,075,"Arkansas","Lawrence County",3,46,179,88,91
050,05,075,"Arkansas","Lawrence County",3,47,166,81,85
050,05,075,"Arkansas","Lawrence County",3,48,208,107,101
050,05,075,"Arkansas","Lawrence County",3,49,208,106,102
050,05,075,"Arkansas","Lawrence County",3,50,218,116,102
050,05,075,"Arkansas","Lawrence County",3,51,200,95,105
050,05,075,"Arkansas","Lawrence County",3,52,184,94,90
050,05,075,"Arkansas","Lawrence County",3,53,189,97,92
050,05,075,"Arkansas","Lawrence County",3,54,205,95,110
050,05,075,"Arkansas","Lawrence County",3,55,216,100,116
050,05,075,"Arkansas","Lawrence County",3,56,245,131,114
050,05,075,"Arkansas","Lawrence County",3,57,237,130,107
050,05,075,"Arkansas","Lawrence County",3,58,218,117,101
050,05,075,"Arkansas","Lawrence County",3,59,218,107,111
050,05,075,"Arkansas","Lawrence County",3,60,228,112,116
050,05,075,"Arkansas","Lawrence County",3,61,236,110,126
050,05,075,"Arkansas","Lawrence County",3,62,207,97,110
050,05,075,"Arkansas","Lawrence County",3,63,226,109,117
050,05,075,"Arkansas","Lawrence County",3,64,214,98,116
050,05,075,"Arkansas","Lawrence County",3,65,212,100,112
050,05,075,"Arkansas","Lawrence County",3,66,193,100,93
050,05,075,"Arkansas","Lawrence County",3,67,183,95,88
050,05,075,"Arkansas","Lawrence County",3,68,166,87,79
050,05,075,"Arkansas","Lawrence County",3,69,156,76,80
050,05,075,"Arkansas","Lawrence County",3,70,163,79,84
050,05,075,"Arkansas","Lawrence County",3,71,151,68,83
050,05,075,"Arkansas","Lawrence County",3,72,155,73,82
050,05,075,"Arkansas","Lawrence County",3,73,170,81,89
050,05,075,"Arkansas","Lawrence County",3,74,173,77,96
050,05,075,"Arkansas","Lawrence County",3,75,128,55,73
050,05,075,"Arkansas","Lawrence County",3,76,128,61,67
050,05,075,"Arkansas","Lawrence County",3,77,125,58,67
050,05,075,"Arkansas","Lawrence County",3,78,118,53,65
050,05,075,"Arkansas","Lawrence County",3,79,97,42,55
050,05,075,"Arkansas","Lawrence County",3,80,85,33,52
050,05,075,"Arkansas","Lawrence County",3,81,80,30,50
050,05,075,"Arkansas","Lawrence County",3,82,74,29,45
050,05,075,"Arkansas","Lawrence County",3,83,82,36,46
050,05,075,"Arkansas","Lawrence County",3,84,73,27,46
050,05,075,"Arkansas","Lawrence County",3,85,368,129,239
050,05,075,"Arkansas","Lawrence County",4,0,196,108,88
050,05,075,"Arkansas","Lawrence County",4,1,164,94,70
050,05,075,"Arkansas","Lawrence County",4,2,162,78,84
050,05,075,"Arkansas","Lawrence County",4,3,185,92,93
050,05,075,"Arkansas","Lawrence County",4,4,205,104,101
050,05,075,"Arkansas","Lawrence County",4,5,197,96,101
050,05,075,"Arkansas","Lawrence County",4,6,209,106,103
050,05,075,"Arkansas","Lawrence County",4,7,206,101,105
050,05,075,"Arkansas","Lawrence County",4,8,201,105,96
050,05,075,"Arkansas","Lawrence County",4,9,204,106,98
050,05,075,"Arkansas","Lawrence County",4,10,207,115,92
050,05,075,"Arkansas","Lawrence County",4,11,186,108,78
050,05,075,"Arkansas","Lawrence County",4,12,193,99,94
050,05,075,"Arkansas","Lawrence County",4,13,198,104,94
050,05,075,"Arkansas","Lawrence County",4,14,215,109,106
050,05,075,"Arkansas","Lawrence County",4,15,206,108,98
050,05,075,"Arkansas","Lawrence County",4,16,217,118,99
050,05,075,"Arkansas","Lawrence County",4,17,233,121,112
050,05,075,"Arkansas","Lawrence County",4,18,221,116,105
050,05,075,"Arkansas","Lawrence County",4,19,222,105,117
050,05,075,"Arkansas","Lawrence County",4,20,237,121,116
050,05,075,"Arkansas","Lawrence County",4,21,228,130,98
050,05,075,"Arkansas","Lawrence County",4,22,225,110,115
050,05,075,"Arkansas","Lawrence County",4,23,193,108,85
050,05,075,"Arkansas","Lawrence County",4,24,180,100,80
050,05,075,"Arkansas","Lawrence County",4,25,195,98,97
050,05,075,"Arkansas","Lawrence County",4,26,194,101,93
050,05,075,"Arkansas","Lawrence County",4,27,181,85,96
050,05,075,"Arkansas","Lawrence County",4,28,189,93,96
050,05,075,"Arkansas","Lawrence County",4,29,205,97,108
050,05,075,"Arkansas","Lawrence County",4,30,219,116,103
050,05,075,"Arkansas","Lawrence County",4,31,215,116,99
050,05,075,"Arkansas","Lawrence County",4,32,224,114,110
050,05,075,"Arkansas","Lawrence County",4,33,180,92,88
050,05,075,"Arkansas","Lawrence County",4,34,175,89,86
050,05,075,"Arkansas","Lawrence County",4,35,178,93,85
050,05,075,"Arkansas","Lawrence County",4,36,177,90,87
050,05,075,"Arkansas","Lawrence County",4,37,176,83,93
050,05,075,"Arkansas","Lawrence County",4,38,203,107,96
050,05,075,"Arkansas","Lawrence County",4,39,195,102,93
050,05,075,"Arkansas","Lawrence County",4,40,197,97,100
050,05,075,"Arkansas","Lawrence County",4,41,182,100,82
050,05,075,"Arkansas","Lawrence County",4,42,185,102,83
050,05,075,"Arkansas","Lawrence County",4,43,178,88,90
050,05,075,"Arkansas","Lawrence County",4,44,178,90,88
050,05,075,"Arkansas","Lawrence County",4,45,202,99,103
050,05,075,"Arkansas","Lawrence County",4,46,168,77,91
050,05,075,"Arkansas","Lawrence County",4,47,182,86,96
050,05,075,"Arkansas","Lawrence County",4,48,160,75,85
050,05,075,"Arkansas","Lawrence County",4,49,208,103,105
050,05,075,"Arkansas","Lawrence County",4,50,216,106,110
050,05,075,"Arkansas","Lawrence County",4,51,225,122,103
050,05,075,"Arkansas","Lawrence County",4,52,212,98,114
050,05,075,"Arkansas","Lawrence County",4,53,192,99,93
050,05,075,"Arkansas","Lawrence County",4,54,187,94,93
050,05,075,"Arkansas","Lawrence County",4,55,207,99,108
050,05,075,"Arkansas","Lawrence County",4,56,211,100,111
050,05,075,"Arkansas","Lawrence County",4,57,252,132,120
050,05,075,"Arkansas","Lawrence County",4,58,238,130,108
050,05,075,"Arkansas","Lawrence County",4,59,211,112,99
050,05,075,"Arkansas","Lawrence County",4,60,222,110,112
050,05,075,"Arkansas","Lawrence County",4,61,222,111,111
050,05,075,"Arkansas","Lawrence County",4,62,227,107,120
050,05,075,"Arkansas","Lawrence County",4,63,207,96,111
050,05,075,"Arkansas","Lawrence County",4,64,216,105,111
050,05,075,"Arkansas","Lawrence County",4,65,214,95,119
050,05,075,"Arkansas","Lawrence County",4,66,200,92,108
050,05,075,"Arkansas","Lawrence County",4,67,192,99,93
050,05,075,"Arkansas","Lawrence County",4,68,180,93,87
050,05,075,"Arkansas","Lawrence County",4,69,159,81,78
050,05,075,"Arkansas","Lawrence County",4,70,152,73,79
050,05,075,"Arkansas","Lawrence County",4,71,159,76,83
050,05,075,"Arkansas","Lawrence County",4,72,148,67,81
050,05,075,"Arkansas","Lawrence County",4,73,147,69,78
050,05,075,"Arkansas","Lawrence County",4,74,162,76,86
050,05,075,"Arkansas","Lawrence County",4,75,167,71,96
050,05,075,"Arkansas","Lawrence County",4,76,122,52,70
050,05,075,"Arkansas","Lawrence County",4,77,120,56,64
050,05,075,"Arkansas","Lawrence County",4,78,116,54,62
050,05,075,"Arkansas","Lawrence County",4,79,107,51,56
050,05,075,"Arkansas","Lawrence County",4,80,85,36,49
050,05,075,"Arkansas","Lawrence County",4,81,79,29,50
050,05,075,"Arkansas","Lawrence County",4,82,71,28,43
050,05,075,"Arkansas","Lawrence County",4,83,73,28,45
050,05,075,"Arkansas","Lawrence County",4,84,74,30,44
050,05,075,"Arkansas","Lawrence County",4,85,386,132,254
050,05,075,"Arkansas","Lawrence County",5,0,188,104,84
050,05,075,"Arkansas","Lawrence County",5,1,199,105,94
050,05,075,"Arkansas","Lawrence County",5,2,178,98,80
050,05,075,"Arkansas","Lawrence County",5,3,169,84,85
050,05,075,"Arkansas","Lawrence County",5,4,189,96,93
050,05,075,"Arkansas","Lawrence County",5,5,211,104,107
050,05,075,"Arkansas","Lawrence County",5,6,222,114,108
050,05,075,"Arkansas","Lawrence County",5,7,218,112,106
050,05,075,"Arkansas","Lawrence County",5,8,212,97,115
050,05,075,"Arkansas","Lawrence County",5,9,199,101,98
050,05,075,"Arkansas","Lawrence County",5,10,213,106,107
050,05,075,"Arkansas","Lawrence County",5,11,216,114,102
050,05,075,"Arkansas","Lawrence County",5,12,180,106,74
050,05,075,"Arkansas","Lawrence County",5,13,200,98,102
050,05,075,"Arkansas","Lawrence County",5,14,199,107,92
050,05,075,"Arkansas","Lawrence County",5,15,208,110,98
050,05,075,"Arkansas","Lawrence County",5,16,203,107,96
050,05,075,"Arkansas","Lawrence County",5,17,211,117,94
050,05,075,"Arkansas","Lawrence County",5,18,226,111,115
050,05,075,"Arkansas","Lawrence County",5,19,216,110,106
050,05,075,"Arkansas","Lawrence County",5,20,248,136,112
050,05,075,"Arkansas","Lawrence County",5,21,215,108,107
050,05,075,"Arkansas","Lawrence County",5,22,217,118,99
050,05,075,"Arkansas","Lawrence County",5,23,216,113,103
050,05,075,"Arkansas","Lawrence County",5,24,200,106,94
050,05,075,"Arkansas","Lawrence County",5,25,180,100,80
050,05,075,"Arkansas","Lawrence County",5,26,184,95,89
050,05,075,"Arkansas","Lawrence County",5,27,195,100,95
050,05,075,"Arkansas","Lawrence County",5,28,184,90,94
050,05,075,"Arkansas","Lawrence County",5,29,204,93,111
050,05,075,"Arkansas","Lawrence County",5,30,198,95,103
050,05,075,"Arkansas","Lawrence County",5,31,233,121,112
050,05,075,"Arkansas","Lawrence County",5,32,217,113,104
050,05,075,"Arkansas","Lawrence County",5,33,219,112,107
050,05,075,"Arkansas","Lawrence County",5,34,186,93,93
050,05,075,"Arkansas","Lawrence County",5,35,175,92,83
050,05,075,"Arkansas","Lawrence County",5,36,177,95,82
050,05,075,"Arkansas","Lawrence County",5,37,194,98,96
050,05,075,"Arkansas","Lawrence County",5,38,169,76,93
050,05,075,"Arkansas","Lawrence County",5,39,197,105,92
050,05,075,"Arkansas","Lawrence County",5,40,208,108,100
050,05,075,"Arkansas","Lawrence County",5,41,206,98,108
050,05,075,"Arkansas","Lawrence County",5,42,195,109,86
050,05,075,"Arkansas","Lawrence County",5,43,190,103,87
050,05,075,"Arkansas","Lawrence County",5,44,168,80,88
050,05,075,"Arkansas","Lawrence County",5,45,180,93,87
050,05,075,"Arkansas","Lawrence County",5,46,193,94,99
050,05,075,"Arkansas","Lawrence County",5,47,173,82,91
050,05,075,"Arkansas","Lawrence County",5,48,188,90,98
050,05,075,"Arkansas","Lawrence County",5,49,162,72,90
050,05,075,"Arkansas","Lawrence County",5,50,204,101,103
050,05,075,"Arkansas","Lawrence County",5,51,211,105,106
050,05,075,"Arkansas","Lawrence County",5,52,226,124,102
050,05,075,"Arkansas","Lawrence County",5,53,216,99,117
050,05,075,"Arkansas","Lawrence County",5,54,190,94,96
050,05,075,"Arkansas","Lawrence County",5,55,189,94,95
050,05,075,"Arkansas","Lawrence County",5,56,204,98,106
050,05,075,"Arkansas","Lawrence County",5,57,207,101,106
050,05,075,"Arkansas","Lawrence County",5,58,251,135,116
050,05,075,"Arkansas","Lawrence County",5,59,231,127,104
050,05,075,"Arkansas","Lawrence County",5,60,211,109,102
050,05,075,"Arkansas","Lawrence County",5,61,223,109,114
050,05,075,"Arkansas","Lawrence County",5,62,213,103,110
050,05,075,"Arkansas","Lawrence County",5,63,225,106,119
050,05,075,"Arkansas","Lawrence County",5,64,206,95,111
050,05,075,"Arkansas","Lawrence County",5,65,215,102,113
050,05,075,"Arkansas","Lawrence County",5,66,208,90,118
050,05,075,"Arkansas","Lawrence County",5,67,199,92,107
050,05,075,"Arkansas","Lawrence County",5,68,192,98,94
050,05,075,"Arkansas","Lawrence County",5,69,175,88,87
050,05,075,"Arkansas","Lawrence County",5,70,155,78,77
050,05,075,"Arkansas","Lawrence County",5,71,150,70,80
050,05,075,"Arkansas","Lawrence County",5,72,156,76,80
050,05,075,"Arkansas","Lawrence County",5,73,145,63,82
050,05,075,"Arkansas","Lawrence County",5,74,137,64,73
050,05,075,"Arkansas","Lawrence County",5,75,153,69,84
050,05,075,"Arkansas","Lawrence County",5,76,159,68,91
050,05,075,"Arkansas","Lawrence County",5,77,113,44,69
050,05,075,"Arkansas","Lawrence County",5,78,112,52,60
050,05,075,"Arkansas","Lawrence County",5,79,106,50,56
050,05,075,"Arkansas","Lawrence County",5,80,97,45,52
050,05,075,"Arkansas","Lawrence County",5,81,86,32,54
050,05,075,"Arkansas","Lawrence County",5,82,71,28,43
050,05,075,"Arkansas","Lawrence County",5,83,72,27,45
050,05,075,"Arkansas","Lawrence County",5,84,64,24,40
050,05,075,"Arkansas","Lawrence County",5,85,418,141,277
050,05,077,"Arkansas","Lee County",1,0,80,40,40
050,05,077,"Arkansas","Lee County",1,1,88,46,42
050,05,077,"Arkansas","Lee County",1,2,94,44,50
050,05,077,"Arkansas","Lee County",1,3,82,39,43
050,05,077,"Arkansas","Lee County",1,4,96,48,48
050,05,077,"Arkansas","Lee County",1,5,94,47,47
050,05,077,"Arkansas","Lee County",1,6,90,49,41
050,05,077,"Arkansas","Lee County",1,7,79,45,34
050,05,077,"Arkansas","Lee County",1,8,82,40,42
050,05,077,"Arkansas","Lee County",1,9,78,39,39
050,05,077,"Arkansas","Lee County",1,10,74,36,38
050,05,077,"Arkansas","Lee County",1,11,84,46,38
050,05,077,"Arkansas","Lee County",1,12,89,36,53
050,05,077,"Arkansas","Lee County",1,13,92,43,49
050,05,077,"Arkansas","Lee County",1,14,83,46,37
050,05,077,"Arkansas","Lee County",1,15,88,50,38
050,05,077,"Arkansas","Lee County",1,16,92,46,46
050,05,077,"Arkansas","Lee County",1,17,99,47,52
050,05,077,"Arkansas","Lee County",1,18,83,41,42
050,05,077,"Arkansas","Lee County",1,19,68,33,35
050,05,077,"Arkansas","Lee County",1,20,90,48,42
050,05,077,"Arkansas","Lee County",1,21,90,45,45
050,05,077,"Arkansas","Lee County",1,22,103,64,39
050,05,077,"Arkansas","Lee County",1,23,112,72,40
050,05,077,"Arkansas","Lee County",1,24,127,91,36
050,05,077,"Arkansas","Lee County",1,25,115,80,35
050,05,077,"Arkansas","Lee County",1,26,151,101,50
050,05,077,"Arkansas","Lee County",1,27,136,94,42
050,05,077,"Arkansas","Lee County",1,28,130,94,36
050,05,077,"Arkansas","Lee County",1,29,161,110,51
050,05,077,"Arkansas","Lee County",1,30,140,103,37
050,05,077,"Arkansas","Lee County",1,31,120,88,32
050,05,077,"Arkansas","Lee County",1,32,121,86,35
050,05,077,"Arkansas","Lee County",1,33,116,87,29
050,05,077,"Arkansas","Lee County",1,34,129,97,32
050,05,077,"Arkansas","Lee County",1,35,118,82,36
050,05,077,"Arkansas","Lee County",1,36,111,91,20
050,05,077,"Arkansas","Lee County",1,37,93,62,31
050,05,077,"Arkansas","Lee County",1,38,94,60,34
050,05,077,"Arkansas","Lee County",1,39,122,88,34
050,05,077,"Arkansas","Lee County",1,40,110,74,36
050,05,077,"Arkansas","Lee County",1,41,89,55,34
050,05,077,"Arkansas","Lee County",1,42,99,64,35
050,05,077,"Arkansas","Lee County",1,43,105,70,35
050,05,077,"Arkansas","Lee County",1,44,102,66,36
050,05,077,"Arkansas","Lee County",1,45,105,72,33
050,05,077,"Arkansas","Lee County",1,46,118,83,35
050,05,077,"Arkansas","Lee County",1,47,123,80,43
050,05,077,"Arkansas","Lee County",1,48,112,72,40
050,05,077,"Arkansas","Lee County",1,49,118,71,47
050,05,077,"Arkansas","Lee County",1,50,125,74,51
050,05,077,"Arkansas","Lee County",1,51,110,56,54
050,05,077,"Arkansas","Lee County",1,52,109,56,53
050,05,077,"Arkansas","Lee County",1,53,96,46,50
050,05,077,"Arkansas","Lee County",1,54,121,66,55
050,05,077,"Arkansas","Lee County",1,55,121,71,50
050,05,077,"Arkansas","Lee County",1,56,103,51,52
050,05,077,"Arkansas","Lee County",1,57,94,54,40
050,05,077,"Arkansas","Lee County",1,58,114,66,48
050,05,077,"Arkansas","Lee County",1,59,138,69,69
050,05,077,"Arkansas","Lee County",1,60,113,56,57
050,05,077,"Arkansas","Lee County",1,61,111,55,56
050,05,077,"Arkansas","Lee County",1,62,109,49,60
050,05,077,"Arkansas","Lee County",1,63,106,54,52
050,05,077,"Arkansas","Lee County",1,64,113,50,63
050,05,077,"Arkansas","Lee County",1,65,98,42,56
050,05,077,"Arkansas","Lee County",1,66,105,47,58
050,05,077,"Arkansas","Lee County",1,67,94,47,47
050,05,077,"Arkansas","Lee County",1,68,109,51,58
050,05,077,"Arkansas","Lee County",1,69,90,39,51
050,05,077,"Arkansas","Lee County",1,70,94,36,58
050,05,077,"Arkansas","Lee County",1,71,106,42,64
050,05,077,"Arkansas","Lee County",1,72,104,50,54
050,05,077,"Arkansas","Lee County",1,73,105,47,58
050,05,077,"Arkansas","Lee County",1,74,70,32,38
050,05,077,"Arkansas","Lee County",1,75,78,32,46
050,05,077,"Arkansas","Lee County",1,76,70,26,44
050,05,077,"Arkansas","Lee County",1,77,74,36,38
050,05,077,"Arkansas","Lee County",1,78,58,31,27
050,05,077,"Arkansas","Lee County",1,79,59,27,32
050,05,077,"Arkansas","Lee County",1,80,49,21,28
050,05,077,"Arkansas","Lee County",1,81,36,13,23
050,05,077,"Arkansas","Lee County",1,82,38,13,25
050,05,077,"Arkansas","Lee County",1,83,38,17,21
050,05,077,"Arkansas","Lee County",1,84,32,13,19
050,05,077,"Arkansas","Lee County",1,85,228,96,132
050,05,077,"Arkansas","Lee County",2,0,83,42,41
050,05,077,"Arkansas","Lee County",2,1,84,43,41
050,05,077,"Arkansas","Lee County",2,2,90,41,49
050,05,077,"Arkansas","Lee County",2,3,86,40,46
050,05,077,"Arkansas","Lee County",2,4,91,45,46
050,05,077,"Arkansas","Lee County",2,5,92,46,46
050,05,077,"Arkansas","Lee County",2,6,90,48,42
050,05,077,"Arkansas","Lee County",2,7,80,45,35
050,05,077,"Arkansas","Lee County",2,8,79,39,40
050,05,077,"Arkansas","Lee County",2,9,76,37,39
050,05,077,"Arkansas","Lee County",2,10,72,36,36
050,05,077,"Arkansas","Lee County",2,11,79,42,37
050,05,077,"Arkansas","Lee County",2,12,88,37,51
050,05,077,"Arkansas","Lee County",2,13,90,41,49
050,05,077,"Arkansas","Lee County",2,14,85,45,40
050,05,077,"Arkansas","Lee County",2,15,87,48,39
050,05,077,"Arkansas","Lee County",2,16,91,46,45
050,05,077,"Arkansas","Lee County",2,17,95,46,49
050,05,077,"Arkansas","Lee County",2,18,80,39,41
050,05,077,"Arkansas","Lee County",2,19,69,34,35
050,05,077,"Arkansas","Lee County",2,20,90,47,43
050,05,077,"Arkansas","Lee County",2,21,91,46,45
050,05,077,"Arkansas","Lee County",2,22,105,65,40
050,05,077,"Arkansas","Lee County",2,23,109,70,39
050,05,077,"Arkansas","Lee County",2,24,127,91,36
050,05,077,"Arkansas","Lee County",2,25,116,82,34
050,05,077,"Arkansas","Lee County",2,26,143,97,46
050,05,077,"Arkansas","Lee County",2,27,138,96,42
050,05,077,"Arkansas","Lee County",2,28,132,95,37
050,05,077,"Arkansas","Lee County",2,29,153,108,45
050,05,077,"Arkansas","Lee County",2,30,142,103,39
050,05,077,"Arkansas","Lee County",2,31,123,90,33
050,05,077,"Arkansas","Lee County",2,32,120,87,33
050,05,077,"Arkansas","Lee County",2,33,113,82,31
050,05,077,"Arkansas","Lee County",2,34,127,95,32
050,05,077,"Arkansas","Lee County",2,35,117,84,33
050,05,077,"Arkansas","Lee County",2,36,116,92,24
050,05,077,"Arkansas","Lee County",2,37,92,63,29
050,05,077,"Arkansas","Lee County",2,38,93,60,33
050,05,077,"Arkansas","Lee County",2,39,120,86,34
050,05,077,"Arkansas","Lee County",2,40,111,76,35
050,05,077,"Arkansas","Lee County",2,41,88,54,34
050,05,077,"Arkansas","Lee County",2,42,97,63,34
050,05,077,"Arkansas","Lee County",2,43,103,71,32
050,05,077,"Arkansas","Lee County",2,44,99,64,35
050,05,077,"Arkansas","Lee County",2,45,106,72,34
050,05,077,"Arkansas","Lee County",2,46,113,80,33
050,05,077,"Arkansas","Lee County",2,47,121,80,41
050,05,077,"Arkansas","Lee County",2,48,112,72,40
050,05,077,"Arkansas","Lee County",2,49,117,72,45
050,05,077,"Arkansas","Lee County",2,50,122,71,51
050,05,077,"Arkansas","Lee County",2,51,111,59,52
050,05,077,"Arkansas","Lee County",2,52,109,56,53
050,05,077,"Arkansas","Lee County",2,53,97,47,50
050,05,077,"Arkansas","Lee County",2,54,116,63,53
050,05,077,"Arkansas","Lee County",2,55,121,71,50
050,05,077,"Arkansas","Lee County",2,56,102,50,52
050,05,077,"Arkansas","Lee County",2,57,97,54,43
050,05,077,"Arkansas","Lee County",2,58,111,65,46
050,05,077,"Arkansas","Lee County",2,59,134,69,65
050,05,077,"Arkansas","Lee County",2,60,117,58,59
050,05,077,"Arkansas","Lee County",2,61,110,54,56
050,05,077,"Arkansas","Lee County",2,62,106,49,57
050,05,077,"Arkansas","Lee County",2,63,107,53,54
050,05,077,"Arkansas","Lee County",2,64,109,50,59
050,05,077,"Arkansas","Lee County",2,65,98,42,56
050,05,077,"Arkansas","Lee County",2,66,104,47,57
050,05,077,"Arkansas","Lee County",2,67,94,45,49
050,05,077,"Arkansas","Lee County",2,68,104,49,55
050,05,077,"Arkansas","Lee County",2,69,94,41,53
050,05,077,"Arkansas","Lee County",2,70,94,37,57
050,05,077,"Arkansas","Lee County",2,71,102,40,62
050,05,077,"Arkansas","Lee County",2,72,104,47,57
050,05,077,"Arkansas","Lee County",2,73,106,48,58
050,05,077,"Arkansas","Lee County",2,74,73,32,41
050,05,077,"Arkansas","Lee County",2,75,76,32,44
050,05,077,"Arkansas","Lee County",2,76,71,27,44
050,05,077,"Arkansas","Lee County",2,77,74,35,39
050,05,077,"Arkansas","Lee County",2,78,59,30,29
050,05,077,"Arkansas","Lee County",2,79,59,28,31
050,05,077,"Arkansas","Lee County",2,80,50,22,28
050,05,077,"Arkansas","Lee County",2,81,37,14,23
050,05,077,"Arkansas","Lee County",2,82,40,14,26
050,05,077,"Arkansas","Lee County",2,83,38,16,22
050,05,077,"Arkansas","Lee County",2,84,32,14,18
050,05,077,"Arkansas","Lee County",2,85,227,94,133
050,05,077,"Arkansas","Lee County",3,0,79,36,43
050,05,077,"Arkansas","Lee County",3,1,97,51,46
050,05,077,"Arkansas","Lee County",3,2,78,36,42
050,05,077,"Arkansas","Lee County",3,3,84,41,43
050,05,077,"Arkansas","Lee County",3,4,94,43,51
050,05,077,"Arkansas","Lee County",3,5,84,43,41
050,05,077,"Arkansas","Lee County",3,6,89,41,48
050,05,077,"Arkansas","Lee County",3,7,88,46,42
050,05,077,"Arkansas","Lee County",3,8,80,39,41
050,05,077,"Arkansas","Lee County",3,9,85,42,43
050,05,077,"Arkansas","Lee County",3,10,77,36,41
050,05,077,"Arkansas","Lee County",3,11,75,35,40
050,05,077,"Arkansas","Lee County",3,12,77,43,34
050,05,077,"Arkansas","Lee County",3,13,85,36,49
050,05,077,"Arkansas","Lee County",3,14,90,45,45
050,05,077,"Arkansas","Lee County",3,15,91,50,41
050,05,077,"Arkansas","Lee County",3,16,86,46,40
050,05,077,"Arkansas","Lee County",3,17,92,48,44
050,05,077,"Arkansas","Lee County",3,18,83,44,39
050,05,077,"Arkansas","Lee County",3,19,68,34,34
050,05,077,"Arkansas","Lee County",3,20,85,46,39
050,05,077,"Arkansas","Lee County",3,21,96,51,45
050,05,077,"Arkansas","Lee County",3,22,110,71,39
050,05,077,"Arkansas","Lee County",3,23,107,70,37
050,05,077,"Arkansas","Lee County",3,24,131,99,32
050,05,077,"Arkansas","Lee County",3,25,121,88,33
050,05,077,"Arkansas","Lee County",3,26,118,87,31
050,05,077,"Arkansas","Lee County",3,27,147,101,46
050,05,077,"Arkansas","Lee County",3,28,151,108,43
050,05,077,"Arkansas","Lee County",3,29,152,112,40
050,05,077,"Arkansas","Lee County",3,30,151,103,48
050,05,077,"Arkansas","Lee County",3,31,144,108,36
050,05,077,"Arkansas","Lee County",3,32,115,83,32
050,05,077,"Arkansas","Lee County",3,33,115,80,35
050,05,077,"Arkansas","Lee County",3,34,128,95,33
050,05,077,"Arkansas","Lee County",3,35,121,89,32
050,05,077,"Arkansas","Lee County",3,36,128,95,33
050,05,077,"Arkansas","Lee County",3,37,100,75,25
050,05,077,"Arkansas","Lee County",3,38,95,62,33
050,05,077,"Arkansas","Lee County",3,39,120,87,33
050,05,077,"Arkansas","Lee County",3,40,117,80,37
050,05,077,"Arkansas","Lee County",3,41,102,66,36
050,05,077,"Arkansas","Lee County",3,42,93,61,32
050,05,077,"Arkansas","Lee County",3,43,108,75,33
050,05,077,"Arkansas","Lee County",3,44,98,67,31
050,05,077,"Arkansas","Lee County",3,45,100,66,34
050,05,077,"Arkansas","Lee County",3,46,111,77,34
050,05,077,"Arkansas","Lee County",3,47,112,79,33
050,05,077,"Arkansas","Lee County",3,48,110,69,41
050,05,077,"Arkansas","Lee County",3,49,123,81,42
050,05,077,"Arkansas","Lee County",3,50,111,68,43
050,05,077,"Arkansas","Lee County",3,51,110,58,52
050,05,077,"Arkansas","Lee County",3,52,113,61,52
050,05,077,"Arkansas","Lee County",3,53,98,44,54
050,05,077,"Arkansas","Lee County",3,54,110,59,51
050,05,077,"Arkansas","Lee County",3,55,129,75,54
050,05,077,"Arkansas","Lee County",3,56,105,53,52
050,05,077,"Arkansas","Lee County",3,57,102,50,52
050,05,077,"Arkansas","Lee County",3,58,108,61,47
050,05,077,"Arkansas","Lee County",3,59,109,59,50
050,05,077,"Arkansas","Lee County",3,60,116,59,57
050,05,077,"Arkansas","Lee County",3,61,111,56,55
050,05,077,"Arkansas","Lee County",3,62,111,53,58
050,05,077,"Arkansas","Lee County",3,63,113,53,60
050,05,077,"Arkansas","Lee County",3,64,104,52,52
050,05,077,"Arkansas","Lee County",3,65,101,43,58
050,05,077,"Arkansas","Lee County",3,66,102,46,56
050,05,077,"Arkansas","Lee County",3,67,102,46,56
050,05,077,"Arkansas","Lee County",3,68,95,45,50
050,05,077,"Arkansas","Lee County",3,69,99,47,52
050,05,077,"Arkansas","Lee County",3,70,93,42,51
050,05,077,"Arkansas","Lee County",3,71,91,33,58
050,05,077,"Arkansas","Lee County",3,72,96,39,57
050,05,077,"Arkansas","Lee County",3,73,100,43,57
050,05,077,"Arkansas","Lee County",3,74,100,48,52
050,05,077,"Arkansas","Lee County",3,75,65,26,39
050,05,077,"Arkansas","Lee County",3,76,73,32,41
050,05,077,"Arkansas","Lee County",3,77,65,25,40
050,05,077,"Arkansas","Lee County",3,78,64,27,37
050,05,077,"Arkansas","Lee County",3,79,57,30,27
050,05,077,"Arkansas","Lee County",3,80,52,24,28
050,05,077,"Arkansas","Lee County",3,81,41,18,23
050,05,077,"Arkansas","Lee County",3,82,36,15,21
050,05,077,"Arkansas","Lee County",3,83,38,14,24
050,05,077,"Arkansas","Lee County",3,84,31,12,19
050,05,077,"Arkansas","Lee County",3,85,218,97,121
050,05,077,"Arkansas","Lee County",4,0,77,32,45
050,05,077,"Arkansas","Lee County",4,1,96,46,50
050,05,077,"Arkansas","Lee County",4,2,93,48,45
050,05,077,"Arkansas","Lee County",4,3,81,40,41
050,05,077,"Arkansas","Lee County",4,4,88,46,42
050,05,077,"Arkansas","Lee County",4,5,97,43,54
050,05,077,"Arkansas","Lee County",4,6,87,47,40
050,05,077,"Arkansas","Lee County",4,7,83,38,45
050,05,077,"Arkansas","Lee County",4,8,85,48,37
050,05,077,"Arkansas","Lee County",4,9,75,39,36
050,05,077,"Arkansas","Lee County",4,10,81,38,43
050,05,077,"Arkansas","Lee County",4,11,81,36,45
050,05,077,"Arkansas","Lee County",4,12,76,37,39
050,05,077,"Arkansas","Lee County",4,13,72,36,36
050,05,077,"Arkansas","Lee County",4,14,81,35,46
050,05,077,"Arkansas","Lee County",4,15,89,44,45
050,05,077,"Arkansas","Lee County",4,16,91,52,39
050,05,077,"Arkansas","Lee County",4,17,85,43,42
050,05,077,"Arkansas","Lee County",4,18,78,41,37
050,05,077,"Arkansas","Lee County",4,19,72,38,34
050,05,077,"Arkansas","Lee County",4,20,74,38,36
050,05,077,"Arkansas","Lee County",4,21,89,50,39
050,05,077,"Arkansas","Lee County",4,22,112,68,44
050,05,077,"Arkansas","Lee County",4,23,117,74,43
050,05,077,"Arkansas","Lee County",4,24,137,94,43
050,05,077,"Arkansas","Lee County",4,25,116,79,37
050,05,077,"Arkansas","Lee County",4,26,130,95,35
050,05,077,"Arkansas","Lee County",4,27,117,88,29
050,05,077,"Arkansas","Lee County",4,28,150,105,45
050,05,077,"Arkansas","Lee County",4,29,143,103,40
050,05,077,"Arkansas","Lee County",4,30,145,101,44
050,05,077,"Arkansas","Lee County",4,31,146,103,43
050,05,077,"Arkansas","Lee County",4,32,129,98,31
050,05,077,"Arkansas","Lee County",4,33,105,68,37
050,05,077,"Arkansas","Lee County",4,34,121,85,36
050,05,077,"Arkansas","Lee County",4,35,114,81,33
050,05,077,"Arkansas","Lee County",4,36,131,99,32
050,05,077,"Arkansas","Lee County",4,37,106,73,33
050,05,077,"Arkansas","Lee County",4,38,94,68,26
050,05,077,"Arkansas","Lee County",4,39,116,82,34
050,05,077,"Arkansas","Lee County",4,40,116,83,33
050,05,077,"Arkansas","Lee County",4,41,93,58,35
050,05,077,"Arkansas","Lee County",4,42,96,60,36
050,05,077,"Arkansas","Lee County",4,43,101,68,33
050,05,077,"Arkansas","Lee County",4,44,94,65,29
050,05,077,"Arkansas","Lee County",4,45,96,66,30
050,05,077,"Arkansas","Lee County",4,46,97,67,30
050,05,077,"Arkansas","Lee County",4,47,107,72,35
050,05,077,"Arkansas","Lee County",4,48,101,69,32
050,05,077,"Arkansas","Lee County",4,49,115,69,46
050,05,077,"Arkansas","Lee County",4,50,109,74,35
050,05,077,"Arkansas","Lee County",4,51,111,66,45
050,05,077,"Arkansas","Lee County",4,52,107,58,49
050,05,077,"Arkansas","Lee County",4,53,94,46,48
050,05,077,"Arkansas","Lee County",4,54,105,53,52
050,05,077,"Arkansas","Lee County",4,55,114,64,50
050,05,077,"Arkansas","Lee County",4,56,116,56,60
050,05,077,"Arkansas","Lee County",4,57,103,50,53
050,05,077,"Arkansas","Lee County",4,58,110,57,53
050,05,077,"Arkansas","Lee County",4,59,102,55,47
050,05,077,"Arkansas","Lee County",4,60,102,54,48
050,05,077,"Arkansas","Lee County",4,61,117,56,61
050,05,077,"Arkansas","Lee County",4,62,105,51,54
050,05,077,"Arkansas","Lee County",4,63,99,43,56
050,05,077,"Arkansas","Lee County",4,64,105,47,58
050,05,077,"Arkansas","Lee County",4,65,94,43,51
050,05,077,"Arkansas","Lee County",4,66,96,41,55
050,05,077,"Arkansas","Lee County",4,67,93,40,53
050,05,077,"Arkansas","Lee County",4,68,101,45,56
050,05,077,"Arkansas","Lee County",4,69,88,41,47
050,05,077,"Arkansas","Lee County",4,70,98,49,49
050,05,077,"Arkansas","Lee County",4,71,89,37,52
050,05,077,"Arkansas","Lee County",4,72,89,33,56
050,05,077,"Arkansas","Lee County",4,73,93,38,55
050,05,077,"Arkansas","Lee County",4,74,93,41,52
050,05,077,"Arkansas","Lee County",4,75,95,46,49
050,05,077,"Arkansas","Lee County",4,76,65,27,38
050,05,077,"Arkansas","Lee County",4,77,66,30,36
050,05,077,"Arkansas","Lee County",4,78,56,19,37
050,05,077,"Arkansas","Lee County",4,79,62,26,36
050,05,077,"Arkansas","Lee County",4,80,56,28,28
050,05,077,"Arkansas","Lee County",4,81,41,17,24
050,05,077,"Arkansas","Lee County",4,82,44,20,24
050,05,077,"Arkansas","Lee County",4,83,34,15,19
050,05,077,"Arkansas","Lee County",4,84,36,13,23
050,05,077,"Arkansas","Lee County",4,85,203,93,110
050,05,077,"Arkansas","Lee County",5,0,79,31,48
050,05,077,"Arkansas","Lee County",5,1,71,21,50
050,05,077,"Arkansas","Lee County",5,2,83,39,44
050,05,077,"Arkansas","Lee County",5,3,88,45,43
050,05,077,"Arkansas","Lee County",5,4,75,38,37
050,05,077,"Arkansas","Lee County",5,5,78,41,37
050,05,077,"Arkansas","Lee County",5,6,91,45,46
050,05,077,"Arkansas","Lee County",5,7,85,50,35
050,05,077,"Arkansas","Lee County",5,8,79,37,42
050,05,077,"Arkansas","Lee County",5,9,84,47,37
050,05,077,"Arkansas","Lee County",5,10,72,38,34
050,05,077,"Arkansas","Lee County",5,11,83,40,43
050,05,077,"Arkansas","Lee County",5,12,75,35,40
050,05,077,"Arkansas","Lee County",5,13,69,35,34
050,05,077,"Arkansas","Lee County",5,14,75,37,38
050,05,077,"Arkansas","Lee County",5,15,78,34,44
050,05,077,"Arkansas","Lee County",5,16,82,42,40
050,05,077,"Arkansas","Lee County",5,17,93,54,39
050,05,077,"Arkansas","Lee County",5,18,68,38,30
050,05,077,"Arkansas","Lee County",5,19,64,36,28
050,05,077,"Arkansas","Lee County",5,20,80,48,32
050,05,077,"Arkansas","Lee County",5,21,78,40,38
050,05,077,"Arkansas","Lee County",5,22,115,74,41
050,05,077,"Arkansas","Lee County",5,23,107,73,34
050,05,077,"Arkansas","Lee County",5,24,152,108,44
050,05,077,"Arkansas","Lee County",5,25,131,84,47
050,05,077,"Arkansas","Lee County",5,26,123,88,35
050,05,077,"Arkansas","Lee County",5,27,122,92,30
050,05,077,"Arkansas","Lee County",5,28,129,97,32
050,05,077,"Arkansas","Lee County",5,29,148,106,42
050,05,077,"Arkansas","Lee County",5,30,128,97,31
050,05,077,"Arkansas","Lee County",5,31,140,101,39
050,05,077,"Arkansas","Lee County",5,32,139,98,41
050,05,077,"Arkansas","Lee County",5,33,114,83,31
050,05,077,"Arkansas","Lee County",5,34,116,84,32
050,05,077,"Arkansas","Lee County",5,35,110,76,34
050,05,077,"Arkansas","Lee County",5,36,129,95,34
050,05,077,"Arkansas","Lee County",5,37,108,78,30
050,05,077,"Arkansas","Lee County",5,38,100,70,30
050,05,077,"Arkansas","Lee County",5,39,121,92,29
050,05,077,"Arkansas","Lee County",5,40,108,74,34
050,05,077,"Arkansas","Lee County",5,41,86,56,30
050,05,077,"Arkansas","Lee County",5,42,97,63,34
050,05,077,"Arkansas","Lee County",5,43,107,72,35
050,05,077,"Arkansas","Lee County",5,44,98,62,36
050,05,077,"Arkansas","Lee County",5,45,93,65,28
050,05,077,"Arkansas","Lee County",5,46,106,73,33
050,05,077,"Arkansas","Lee County",5,47,98,68,30
050,05,077,"Arkansas","Lee County",5,48,101,66,35
050,05,077,"Arkansas","Lee County",5,49,108,74,34
050,05,077,"Arkansas","Lee County",5,50,108,63,45
050,05,077,"Arkansas","Lee County",5,51,106,70,36
050,05,077,"Arkansas","Lee County",5,52,108,64,44
050,05,077,"Arkansas","Lee County",5,53,96,50,46
050,05,077,"Arkansas","Lee County",5,54,100,55,45
050,05,077,"Arkansas","Lee County",5,55,111,61,50
050,05,077,"Arkansas","Lee County",5,56,99,47,52
050,05,077,"Arkansas","Lee County",5,57,110,54,56
050,05,077,"Arkansas","Lee County",5,58,110,55,55
050,05,077,"Arkansas","Lee County",5,59,112,57,55
050,05,077,"Arkansas","Lee County",5,60,95,48,47
050,05,077,"Arkansas","Lee County",5,61,96,51,45
050,05,077,"Arkansas","Lee County",5,62,112,56,56
050,05,077,"Arkansas","Lee County",5,63,100,52,48
050,05,077,"Arkansas","Lee County",5,64,89,37,52
050,05,077,"Arkansas","Lee County",5,65,92,40,52
050,05,077,"Arkansas","Lee County",5,66,93,41,52
050,05,077,"Arkansas","Lee County",5,67,89,36,53
050,05,077,"Arkansas","Lee County",5,68,93,40,53
050,05,077,"Arkansas","Lee County",5,69,94,41,53
050,05,077,"Arkansas","Lee County",5,70,91,45,46
050,05,077,"Arkansas","Lee County",5,71,93,45,48
050,05,077,"Arkansas","Lee County",5,72,86,37,49
050,05,077,"Arkansas","Lee County",5,73,85,31,54
050,05,077,"Arkansas","Lee County",5,74,88,36,52
050,05,077,"Arkansas","Lee County",5,75,86,39,47
050,05,077,"Arkansas","Lee County",5,76,95,46,49
050,05,077,"Arkansas","Lee County",5,77,59,25,34
050,05,077,"Arkansas","Lee County",5,78,60,24,36
050,05,077,"Arkansas","Lee County",5,79,54,19,35
050,05,077,"Arkansas","Lee County",5,80,60,23,37
050,05,077,"Arkansas","Lee County",5,81,51,25,26
050,05,077,"Arkansas","Lee County",5,82,41,17,24
050,05,077,"Arkansas","Lee County",5,83,41,20,21
050,05,077,"Arkansas","Lee County",5,84,32,13,19
050,05,077,"Arkansas","Lee County",5,85,202,95,107
050,05,079,"Arkansas","Lincoln County",1,0,120,62,58
050,05,079,"Arkansas","Lincoln County",1,1,115,58,57
050,05,079,"Arkansas","Lincoln County",1,2,114,53,61
050,05,079,"Arkansas","Lincoln County",1,3,104,55,49
050,05,079,"Arkansas","Lincoln County",1,4,120,59,61
050,05,079,"Arkansas","Lincoln County",1,5,97,45,52
050,05,079,"Arkansas","Lincoln County",1,6,98,49,49
050,05,079,"Arkansas","Lincoln County",1,7,89,39,50
050,05,079,"Arkansas","Lincoln County",1,8,106,47,59
050,05,079,"Arkansas","Lincoln County",1,9,121,62,59
050,05,079,"Arkansas","Lincoln County",1,10,131,65,66
050,05,079,"Arkansas","Lincoln County",1,11,120,58,62
050,05,079,"Arkansas","Lincoln County",1,12,129,66,63
050,05,079,"Arkansas","Lincoln County",1,13,135,69,66
050,05,079,"Arkansas","Lincoln County",1,14,120,54,66
050,05,079,"Arkansas","Lincoln County",1,15,133,69,64
050,05,079,"Arkansas","Lincoln County",1,16,130,57,73
050,05,079,"Arkansas","Lincoln County",1,17,133,76,57
050,05,079,"Arkansas","Lincoln County",1,18,131,83,48
050,05,079,"Arkansas","Lincoln County",1,19,170,128,42
050,05,079,"Arkansas","Lincoln County",1,20,193,144,49
050,05,079,"Arkansas","Lincoln County",1,21,256,197,59
050,05,079,"Arkansas","Lincoln County",1,22,220,170,50
050,05,079,"Arkansas","Lincoln County",1,23,191,148,43
050,05,079,"Arkansas","Lincoln County",1,24,200,152,48
050,05,079,"Arkansas","Lincoln County",1,25,180,134,46
050,05,079,"Arkansas","Lincoln County",1,26,187,140,47
050,05,079,"Arkansas","Lincoln County",1,27,229,178,51
050,05,079,"Arkansas","Lincoln County",1,28,257,197,60
050,05,079,"Arkansas","Lincoln County",1,29,248,185,63
050,05,079,"Arkansas","Lincoln County",1,30,247,191,56
050,05,079,"Arkansas","Lincoln County",1,31,250,195,55
050,05,079,"Arkansas","Lincoln County",1,32,226,167,59
050,05,079,"Arkansas","Lincoln County",1,33,204,148,56
050,05,079,"Arkansas","Lincoln County",1,34,233,174,59
050,05,079,"Arkansas","Lincoln County",1,35,189,135,54
050,05,079,"Arkansas","Lincoln County",1,36,174,132,42
050,05,079,"Arkansas","Lincoln County",1,37,192,135,57
050,05,079,"Arkansas","Lincoln County",1,38,204,149,55
050,05,079,"Arkansas","Lincoln County",1,39,223,165,58
050,05,079,"Arkansas","Lincoln County",1,40,194,135,59
050,05,079,"Arkansas","Lincoln County",1,41,199,140,59
050,05,079,"Arkansas","Lincoln County",1,42,179,128,51
050,05,079,"Arkansas","Lincoln County",1,43,182,130,52
050,05,079,"Arkansas","Lincoln County",1,44,179,128,51
050,05,079,"Arkansas","Lincoln County",1,45,176,125,51
050,05,079,"Arkansas","Lincoln County",1,46,166,119,47
050,05,079,"Arkansas","Lincoln County",1,47,170,120,50
050,05,079,"Arkansas","Lincoln County",1,48,181,128,53
050,05,079,"Arkansas","Lincoln County",1,49,186,129,57
050,05,079,"Arkansas","Lincoln County",1,50,169,112,57
050,05,079,"Arkansas","Lincoln County",1,51,180,121,59
050,05,079,"Arkansas","Lincoln County",1,52,179,110,69
050,05,079,"Arkansas","Lincoln County",1,53,182,112,70
050,05,079,"Arkansas","Lincoln County",1,54,194,126,68
050,05,079,"Arkansas","Lincoln County",1,55,171,93,78
050,05,079,"Arkansas","Lincoln County",1,56,173,96,77
050,05,079,"Arkansas","Lincoln County",1,57,177,105,72
050,05,079,"Arkansas","Lincoln County",1,58,151,93,58
050,05,079,"Arkansas","Lincoln County",1,59,160,98,62
050,05,079,"Arkansas","Lincoln County",1,60,166,97,69
050,05,079,"Arkansas","Lincoln County",1,61,143,84,59
050,05,079,"Arkansas","Lincoln County",1,62,133,76,57
050,05,079,"Arkansas","Lincoln County",1,63,145,71,74
050,05,079,"Arkansas","Lincoln County",1,64,127,60,67
050,05,079,"Arkansas","Lincoln County",1,65,129,61,68
050,05,079,"Arkansas","Lincoln County",1,66,126,62,64
050,05,079,"Arkansas","Lincoln County",1,67,108,52,56
050,05,079,"Arkansas","Lincoln County",1,68,100,50,50
050,05,079,"Arkansas","Lincoln County",1,69,105,49,56
050,05,079,"Arkansas","Lincoln County",1,70,123,62,61
050,05,079,"Arkansas","Lincoln County",1,71,135,78,57
050,05,079,"Arkansas","Lincoln County",1,72,119,58,61
050,05,079,"Arkansas","Lincoln County",1,73,124,62,62
050,05,079,"Arkansas","Lincoln County",1,74,78,40,38
050,05,079,"Arkansas","Lincoln County",1,75,59,33,26
050,05,079,"Arkansas","Lincoln County",1,76,71,36,35
050,05,079,"Arkansas","Lincoln County",1,77,66,29,37
050,05,079,"Arkansas","Lincoln County",1,78,60,22,38
050,05,079,"Arkansas","Lincoln County",1,79,61,27,34
050,05,079,"Arkansas","Lincoln County",1,80,60,26,34
050,05,079,"Arkansas","Lincoln County",1,81,53,22,31
050,05,079,"Arkansas","Lincoln County",1,82,53,19,34
050,05,079,"Arkansas","Lincoln County",1,83,53,22,31
050,05,079,"Arkansas","Lincoln County",1,84,44,16,28
050,05,079,"Arkansas","Lincoln County",1,85,228,72,156
050,05,079,"Arkansas","Lincoln County",2,0,116,56,60
050,05,079,"Arkansas","Lincoln County",2,1,116,58,58
050,05,079,"Arkansas","Lincoln County",2,2,114,54,60
050,05,079,"Arkansas","Lincoln County",2,3,108,56,52
050,05,079,"Arkansas","Lincoln County",2,4,119,60,59
050,05,079,"Arkansas","Lincoln County",2,5,103,48,55
050,05,079,"Arkansas","Lincoln County",2,6,99,48,51
050,05,079,"Arkansas","Lincoln County",2,7,88,40,48
050,05,079,"Arkansas","Lincoln County",2,8,99,44,55
050,05,079,"Arkansas","Lincoln County",2,9,118,59,59
050,05,079,"Arkansas","Lincoln County",2,10,126,63,63
050,05,079,"Arkansas","Lincoln County",2,11,121,58,63
050,05,079,"Arkansas","Lincoln County",2,12,127,64,63
050,05,079,"Arkansas","Lincoln County",2,13,133,69,64
050,05,079,"Arkansas","Lincoln County",2,14,124,59,65
050,05,079,"Arkansas","Lincoln County",2,15,129,65,64
050,05,079,"Arkansas","Lincoln County",2,16,130,58,72
050,05,079,"Arkansas","Lincoln County",2,17,133,72,61
050,05,079,"Arkansas","Lincoln County",2,18,130,82,48
050,05,079,"Arkansas","Lincoln County",2,19,170,129,41
050,05,079,"Arkansas","Lincoln County",2,20,195,146,49
050,05,079,"Arkansas","Lincoln County",2,21,252,196,56
050,05,079,"Arkansas","Lincoln County",2,22,223,171,52
050,05,079,"Arkansas","Lincoln County",2,23,196,149,47
050,05,079,"Arkansas","Lincoln County",2,24,198,152,46
050,05,079,"Arkansas","Lincoln County",2,25,182,137,45
050,05,079,"Arkansas","Lincoln County",2,26,187,140,47
050,05,079,"Arkansas","Lincoln County",2,27,222,173,49
050,05,079,"Arkansas","Lincoln County",2,28,254,196,58
050,05,079,"Arkansas","Lincoln County",2,29,249,187,62
050,05,079,"Arkansas","Lincoln County",2,30,251,195,56
050,05,079,"Arkansas","Lincoln County",2,31,250,195,55
050,05,079,"Arkansas","Lincoln County",2,32,226,168,58
050,05,079,"Arkansas","Lincoln County",2,33,203,147,56
050,05,079,"Arkansas","Lincoln County",2,34,229,171,58
050,05,079,"Arkansas","Lincoln County",2,35,196,141,55
050,05,079,"Arkansas","Lincoln County",2,36,176,131,45
050,05,079,"Arkansas","Lincoln County",2,37,189,135,54
050,05,079,"Arkansas","Lincoln County",2,38,204,149,55
050,05,079,"Arkansas","Lincoln County",2,39,219,163,56
050,05,079,"Arkansas","Lincoln County",2,40,193,133,60
050,05,079,"Arkansas","Lincoln County",2,41,201,143,58
050,05,079,"Arkansas","Lincoln County",2,42,181,129,52
050,05,079,"Arkansas","Lincoln County",2,43,179,127,52
050,05,079,"Arkansas","Lincoln County",2,44,180,129,51
050,05,079,"Arkansas","Lincoln County",2,45,177,127,50
050,05,079,"Arkansas","Lincoln County",2,46,165,117,48
050,05,079,"Arkansas","Lincoln County",2,47,168,120,48
050,05,079,"Arkansas","Lincoln County",2,48,177,126,51
050,05,079,"Arkansas","Lincoln County",2,49,185,129,56
050,05,079,"Arkansas","Lincoln County",2,50,169,113,56
050,05,079,"Arkansas","Lincoln County",2,51,178,120,58
050,05,079,"Arkansas","Lincoln County",2,52,176,110,66
050,05,079,"Arkansas","Lincoln County",2,53,180,111,69
050,05,079,"Arkansas","Lincoln County",2,54,196,127,69
050,05,079,"Arkansas","Lincoln County",2,55,169,93,76
050,05,079,"Arkansas","Lincoln County",2,56,171,95,76
050,05,079,"Arkansas","Lincoln County",2,57,173,101,72
050,05,079,"Arkansas","Lincoln County",2,58,155,94,61
050,05,079,"Arkansas","Lincoln County",2,59,155,95,60
050,05,079,"Arkansas","Lincoln County",2,60,165,99,66
050,05,079,"Arkansas","Lincoln County",2,61,143,83,60
050,05,079,"Arkansas","Lincoln County",2,62,134,77,57
050,05,079,"Arkansas","Lincoln County",2,63,140,72,68
050,05,079,"Arkansas","Lincoln County",2,64,129,61,68
050,05,079,"Arkansas","Lincoln County",2,65,128,60,68
050,05,079,"Arkansas","Lincoln County",2,66,126,61,65
050,05,079,"Arkansas","Lincoln County",2,67,112,55,57
050,05,079,"Arkansas","Lincoln County",2,68,100,49,51
050,05,079,"Arkansas","Lincoln County",2,69,102,48,54
050,05,079,"Arkansas","Lincoln County",2,70,114,57,57
050,05,079,"Arkansas","Lincoln County",2,71,130,73,57
050,05,079,"Arkansas","Lincoln County",2,72,121,61,60
050,05,079,"Arkansas","Lincoln County",2,73,127,63,64
050,05,079,"Arkansas","Lincoln County",2,74,83,43,40
050,05,079,"Arkansas","Lincoln County",2,75,64,34,30
050,05,079,"Arkansas","Lincoln County",2,76,68,35,33
050,05,079,"Arkansas","Lincoln County",2,77,67,30,37
050,05,079,"Arkansas","Lincoln County",2,78,59,24,35
050,05,079,"Arkansas","Lincoln County",2,79,61,26,35
050,05,079,"Arkansas","Lincoln County",2,80,58,25,33
050,05,079,"Arkansas","Lincoln County",2,81,54,23,31
050,05,079,"Arkansas","Lincoln County",2,82,52,18,34
050,05,079,"Arkansas","Lincoln County",2,83,50,23,27
050,05,079,"Arkansas","Lincoln County",2,84,44,17,27
050,05,079,"Arkansas","Lincoln County",2,85,227,69,158
050,05,079,"Arkansas","Lincoln County",3,0,109,58,51
050,05,079,"Arkansas","Lincoln County",3,1,104,55,49
050,05,079,"Arkansas","Lincoln County",3,2,116,59,57
050,05,079,"Arkansas","Lincoln County",3,3,116,54,62
050,05,079,"Arkansas","Lincoln County",3,4,106,55,51
050,05,079,"Arkansas","Lincoln County",3,5,122,65,57
050,05,079,"Arkansas","Lincoln County",3,6,98,43,55
050,05,079,"Arkansas","Lincoln County",3,7,99,49,50
050,05,079,"Arkansas","Lincoln County",3,8,93,41,52
050,05,079,"Arkansas","Lincoln County",3,9,96,45,51
050,05,079,"Arkansas","Lincoln County",3,10,120,57,63
050,05,079,"Arkansas","Lincoln County",3,11,126,64,62
050,05,079,"Arkansas","Lincoln County",3,12,124,54,70
050,05,079,"Arkansas","Lincoln County",3,13,135,66,69
050,05,079,"Arkansas","Lincoln County",3,14,125,66,59
050,05,079,"Arkansas","Lincoln County",3,15,122,59,63
050,05,079,"Arkansas","Lincoln County",3,16,135,70,65
050,05,079,"Arkansas","Lincoln County",3,17,139,66,73
050,05,079,"Arkansas","Lincoln County",3,18,122,73,49
050,05,079,"Arkansas","Lincoln County",3,19,164,128,36
050,05,079,"Arkansas","Lincoln County",3,20,191,148,43
050,05,079,"Arkansas","Lincoln County",3,21,257,208,49
050,05,079,"Arkansas","Lincoln County",3,22,238,177,61
050,05,079,"Arkansas","Lincoln County",3,23,219,158,61
050,05,079,"Arkansas","Lincoln County",3,24,207,160,47
050,05,079,"Arkansas","Lincoln County",3,25,203,158,45
050,05,079,"Arkansas","Lincoln County",3,26,193,154,39
050,05,079,"Arkansas","Lincoln County",3,27,223,178,45
050,05,079,"Arkansas","Lincoln County",3,28,238,190,48
050,05,079,"Arkansas","Lincoln County",3,29,247,190,57
050,05,079,"Arkansas","Lincoln County",3,30,278,209,69
050,05,079,"Arkansas","Lincoln County",3,31,263,212,51
050,05,079,"Arkansas","Lincoln County",3,32,236,184,52
050,05,079,"Arkansas","Lincoln County",3,33,215,159,56
050,05,079,"Arkansas","Lincoln County",3,34,221,168,53
050,05,079,"Arkansas","Lincoln County",3,35,218,160,58
050,05,079,"Arkansas","Lincoln County",3,36,203,151,52
050,05,079,"Arkansas","Lincoln County",3,37,188,140,48
050,05,079,"Arkansas","Lincoln County",3,38,216,165,51
050,05,079,"Arkansas","Lincoln County",3,39,219,162,57
050,05,079,"Arkansas","Lincoln County",3,40,191,137,54
050,05,079,"Arkansas","Lincoln County",3,41,222,165,57
050,05,079,"Arkansas","Lincoln County",3,42,201,140,61
050,05,079,"Arkansas","Lincoln County",3,43,183,128,55
050,05,079,"Arkansas","Lincoln County",3,44,193,141,52
050,05,079,"Arkansas","Lincoln County",3,45,193,141,52
050,05,079,"Arkansas","Lincoln County",3,46,178,126,52
050,05,079,"Arkansas","Lincoln County",3,47,178,125,53
050,05,079,"Arkansas","Lincoln County",3,48,174,127,47
050,05,079,"Arkansas","Lincoln County",3,49,188,133,55
050,05,079,"Arkansas","Lincoln County",3,50,178,122,56
050,05,079,"Arkansas","Lincoln County",3,51,186,130,56
050,05,079,"Arkansas","Lincoln County",3,52,174,117,57
050,05,079,"Arkansas","Lincoln County",3,53,178,114,64
050,05,079,"Arkansas","Lincoln County",3,54,199,134,65
050,05,079,"Arkansas","Lincoln County",3,55,170,107,63
050,05,079,"Arkansas","Lincoln County",3,56,160,86,74
050,05,079,"Arkansas","Lincoln County",3,57,174,100,74
050,05,079,"Arkansas","Lincoln County",3,58,176,98,78
050,05,079,"Arkansas","Lincoln County",3,59,150,90,60
050,05,079,"Arkansas","Lincoln County",3,60,158,101,57
050,05,079,"Arkansas","Lincoln County",3,61,156,92,64
050,05,079,"Arkansas","Lincoln County",3,62,145,86,59
050,05,079,"Arkansas","Lincoln County",3,63,138,80,58
050,05,079,"Arkansas","Lincoln County",3,64,132,65,67
050,05,079,"Arkansas","Lincoln County",3,65,121,56,65
050,05,079,"Arkansas","Lincoln County",3,66,120,58,62
050,05,079,"Arkansas","Lincoln County",3,67,127,64,63
050,05,079,"Arkansas","Lincoln County",3,68,109,51,58
050,05,079,"Arkansas","Lincoln County",3,69,90,39,51
050,05,079,"Arkansas","Lincoln County",3,70,98,48,50
050,05,079,"Arkansas","Lincoln County",3,71,114,57,57
050,05,079,"Arkansas","Lincoln County",3,72,123,67,56
050,05,079,"Arkansas","Lincoln County",3,73,116,58,58
050,05,079,"Arkansas","Lincoln County",3,74,125,63,62
050,05,079,"Arkansas","Lincoln County",3,75,81,43,38
050,05,079,"Arkansas","Lincoln County",3,76,60,31,29
050,05,079,"Arkansas","Lincoln County",3,77,64,33,31
050,05,079,"Arkansas","Lincoln County",3,78,64,31,33
050,05,079,"Arkansas","Lincoln County",3,79,57,26,31
050,05,079,"Arkansas","Lincoln County",3,80,56,21,35
050,05,079,"Arkansas","Lincoln County",3,81,53,23,30
050,05,079,"Arkansas","Lincoln County",3,82,55,21,34
050,05,079,"Arkansas","Lincoln County",3,83,42,17,25
050,05,079,"Arkansas","Lincoln County",3,84,44,18,26
050,05,079,"Arkansas","Lincoln County",3,85,230,72,158
050,05,079,"Arkansas","Lincoln County",4,0,101,48,53
050,05,079,"Arkansas","Lincoln County",4,1,115,60,55
050,05,079,"Arkansas","Lincoln County",4,2,101,52,49
050,05,079,"Arkansas","Lincoln County",4,3,114,53,61
050,05,079,"Arkansas","Lincoln County",4,4,114,55,59
050,05,079,"Arkansas","Lincoln County",4,5,108,52,56
050,05,079,"Arkansas","Lincoln County",4,6,117,62,55
050,05,079,"Arkansas","Lincoln County",4,7,93,41,52
050,05,079,"Arkansas","Lincoln County",4,8,98,49,49
050,05,079,"Arkansas","Lincoln County",4,9,98,41,57
050,05,079,"Arkansas","Lincoln County",4,10,102,46,56
050,05,079,"Arkansas","Lincoln County",4,11,115,57,58
050,05,079,"Arkansas","Lincoln County",4,12,136,69,67
050,05,079,"Arkansas","Lincoln County",4,13,124,54,70
050,05,079,"Arkansas","Lincoln County",4,14,126,60,66
050,05,079,"Arkansas","Lincoln County",4,15,123,60,63
050,05,079,"Arkansas","Lincoln County",4,16,119,58,61
050,05,079,"Arkansas","Lincoln County",4,17,130,69,61
050,05,079,"Arkansas","Lincoln County",4,18,133,70,63
050,05,079,"Arkansas","Lincoln County",4,19,155,122,33
050,05,079,"Arkansas","Lincoln County",4,20,181,144,37
050,05,079,"Arkansas","Lincoln County",4,21,250,206,44
050,05,079,"Arkansas","Lincoln County",4,22,238,185,53
050,05,079,"Arkansas","Lincoln County",4,23,206,146,60
050,05,079,"Arkansas","Lincoln County",4,24,215,154,61
050,05,079,"Arkansas","Lincoln County",4,25,199,151,48
050,05,079,"Arkansas","Lincoln County",4,26,196,161,35
050,05,079,"Arkansas","Lincoln County",4,27,217,174,43
050,05,079,"Arkansas","Lincoln County",4,28,236,189,47
050,05,079,"Arkansas","Lincoln County",4,29,214,171,43
050,05,079,"Arkansas","Lincoln County",4,30,272,211,61
050,05,079,"Arkansas","Lincoln County",4,31,285,214,71
050,05,079,"Arkansas","Lincoln County",4,32,232,177,55
050,05,079,"Arkansas","Lincoln County",4,33,204,153,51
050,05,079,"Arkansas","Lincoln County",4,34,226,173,53
050,05,079,"Arkansas","Lincoln County",4,35,196,144,52
050,05,079,"Arkansas","Lincoln County",4,36,204,147,57
050,05,079,"Arkansas","Lincoln County",4,37,198,148,50
050,05,079,"Arkansas","Lincoln County",4,38,200,153,47
050,05,079,"Arkansas","Lincoln County",4,39,222,169,53
050,05,079,"Arkansas","Lincoln County",4,40,171,117,54
050,05,079,"Arkansas","Lincoln County",4,41,216,161,55
050,05,079,"Arkansas","Lincoln County",4,42,202,149,53
050,05,079,"Arkansas","Lincoln County",4,43,190,128,62
050,05,079,"Arkansas","Lincoln County",4,44,184,130,54
050,05,079,"Arkansas","Lincoln County",4,45,193,141,52
050,05,079,"Arkansas","Lincoln County",4,46,170,121,49
050,05,079,"Arkansas","Lincoln County",4,47,178,129,49
050,05,079,"Arkansas","Lincoln County",4,48,170,119,51
050,05,079,"Arkansas","Lincoln County",4,49,173,123,50
050,05,079,"Arkansas","Lincoln County",4,50,166,114,52
050,05,079,"Arkansas","Lincoln County",4,51,185,133,52
050,05,079,"Arkansas","Lincoln County",4,52,175,119,56
050,05,079,"Arkansas","Lincoln County",4,53,156,102,54
050,05,079,"Arkansas","Lincoln County",4,54,183,129,54
050,05,079,"Arkansas","Lincoln County",4,55,160,101,59
050,05,079,"Arkansas","Lincoln County",4,56,150,94,56
050,05,079,"Arkansas","Lincoln County",4,57,160,85,75
050,05,079,"Arkansas","Lincoln County",4,58,162,91,71
050,05,079,"Arkansas","Lincoln County",4,59,168,91,77
050,05,079,"Arkansas","Lincoln County",4,60,157,96,61
050,05,079,"Arkansas","Lincoln County",4,61,143,86,57
050,05,079,"Arkansas","Lincoln County",4,62,164,98,66
050,05,079,"Arkansas","Lincoln County",4,63,145,83,62
050,05,079,"Arkansas","Lincoln County",4,64,124,72,52
050,05,079,"Arkansas","Lincoln County",4,65,123,57,66
050,05,079,"Arkansas","Lincoln County",4,66,114,55,59
050,05,079,"Arkansas","Lincoln County",4,67,123,62,61
050,05,079,"Arkansas","Lincoln County",4,68,125,61,64
050,05,079,"Arkansas","Lincoln County",4,69,99,42,57
050,05,079,"Arkansas","Lincoln County",4,70,87,37,50
050,05,079,"Arkansas","Lincoln County",4,71,99,49,50
050,05,079,"Arkansas","Lincoln County",4,72,111,53,58
050,05,079,"Arkansas","Lincoln County",4,73,119,64,55
050,05,079,"Arkansas","Lincoln County",4,74,111,55,56
050,05,079,"Arkansas","Lincoln County",4,75,123,59,64
050,05,079,"Arkansas","Lincoln County",4,76,76,42,34
050,05,079,"Arkansas","Lincoln County",4,77,58,33,25
050,05,079,"Arkansas","Lincoln County",4,78,58,32,26
050,05,079,"Arkansas","Lincoln County",4,79,62,35,27
050,05,079,"Arkansas","Lincoln County",4,80,52,22,30
050,05,079,"Arkansas","Lincoln County",4,81,52,20,32
050,05,079,"Arkansas","Lincoln County",4,82,53,21,32
050,05,079,"Arkansas","Lincoln County",4,83,43,20,23
050,05,079,"Arkansas","Lincoln County",4,84,38,13,25
050,05,079,"Arkansas","Lincoln County",4,85,226,72,154
050,05,079,"Arkansas","Lincoln County",5,0,100,47,53
050,05,079,"Arkansas","Lincoln County",5,1,97,45,52
050,05,079,"Arkansas","Lincoln County",5,2,111,57,54
050,05,079,"Arkansas","Lincoln County",5,3,96,53,43
050,05,079,"Arkansas","Lincoln County",5,4,118,60,58
050,05,079,"Arkansas","Lincoln County",5,5,109,53,56
050,05,079,"Arkansas","Lincoln County",5,6,106,50,56
050,05,079,"Arkansas","Lincoln County",5,7,122,64,58
050,05,079,"Arkansas","Lincoln County",5,8,93,41,52
050,05,079,"Arkansas","Lincoln County",5,9,101,50,51
050,05,079,"Arkansas","Lincoln County",5,10,96,45,51
050,05,079,"Arkansas","Lincoln County",5,11,98,43,55
050,05,079,"Arkansas","Lincoln County",5,12,112,52,60
050,05,079,"Arkansas","Lincoln County",5,13,140,74,66
050,05,079,"Arkansas","Lincoln County",5,14,124,52,72
050,05,079,"Arkansas","Lincoln County",5,15,134,66,68
050,05,079,"Arkansas","Lincoln County",5,16,120,59,61
050,05,079,"Arkansas","Lincoln County",5,17,117,60,57
050,05,079,"Arkansas","Lincoln County",5,18,128,76,52
050,05,079,"Arkansas","Lincoln County",5,19,162,116,46
050,05,079,"Arkansas","Lincoln County",5,20,185,146,39
050,05,079,"Arkansas","Lincoln County",5,21,248,207,41
050,05,079,"Arkansas","Lincoln County",5,22,224,184,40
050,05,079,"Arkansas","Lincoln County",5,23,223,168,55
050,05,079,"Arkansas","Lincoln County",5,24,206,154,52
050,05,079,"Arkansas","Lincoln County",5,25,206,148,58
050,05,079,"Arkansas","Lincoln County",5,26,193,161,32
050,05,079,"Arkansas","Lincoln County",5,27,223,187,36
050,05,079,"Arkansas","Lincoln County",5,28,240,195,45
050,05,079,"Arkansas","Lincoln County",5,29,227,176,51
050,05,079,"Arkansas","Lincoln County",5,30,233,192,41
050,05,079,"Arkansas","Lincoln County",5,31,284,223,61
050,05,079,"Arkansas","Lincoln County",5,32,253,187,66
050,05,079,"Arkansas","Lincoln County",5,33,216,161,55
050,05,079,"Arkansas","Lincoln County",5,34,218,164,54
050,05,079,"Arkansas","Lincoln County",5,35,208,153,55
050,05,079,"Arkansas","Lincoln County",5,36,205,146,59
050,05,079,"Arkansas","Lincoln County",5,37,210,158,52
050,05,079,"Arkansas","Lincoln County",5,38,215,167,48
050,05,079,"Arkansas","Lincoln County",5,39,208,165,43
050,05,079,"Arkansas","Lincoln County",5,40,176,125,51
050,05,079,"Arkansas","Lincoln County",5,41,188,135,53
050,05,079,"Arkansas","Lincoln County",5,42,214,163,51
050,05,079,"Arkansas","Lincoln County",5,43,204,143,61
050,05,079,"Arkansas","Lincoln County",5,44,193,131,62
050,05,079,"Arkansas","Lincoln County",5,45,187,131,56
050,05,079,"Arkansas","Lincoln County",5,46,184,132,52
050,05,079,"Arkansas","Lincoln County",5,47,177,124,53
050,05,079,"Arkansas","Lincoln County",5,48,177,127,50
050,05,079,"Arkansas","Lincoln County",5,49,166,117,49
050,05,079,"Arkansas","Lincoln County",5,50,156,107,49
050,05,079,"Arkansas","Lincoln County",5,51,179,131,48
050,05,079,"Arkansas","Lincoln County",5,52,172,123,49
050,05,079,"Arkansas","Lincoln County",5,53,172,115,57
050,05,079,"Arkansas","Lincoln County",5,54,176,121,55
050,05,079,"Arkansas","Lincoln County",5,55,153,102,51
050,05,079,"Arkansas","Lincoln County",5,56,150,93,57
050,05,079,"Arkansas","Lincoln County",5,57,152,91,61
050,05,079,"Arkansas","Lincoln County",5,58,152,80,72
050,05,079,"Arkansas","Lincoln County",5,59,151,82,69
050,05,079,"Arkansas","Lincoln County",5,60,176,96,80
050,05,079,"Arkansas","Lincoln County",5,61,144,84,60
050,05,079,"Arkansas","Lincoln County",5,62,145,91,54
050,05,079,"Arkansas","Lincoln County",5,63,157,95,62
050,05,079,"Arkansas","Lincoln County",5,64,133,75,58
050,05,079,"Arkansas","Lincoln County",5,65,119,64,55
050,05,079,"Arkansas","Lincoln County",5,66,116,55,61
050,05,079,"Arkansas","Lincoln County",5,67,115,56,59
050,05,079,"Arkansas","Lincoln County",5,68,119,58,61
050,05,079,"Arkansas","Lincoln County",5,69,114,53,61
050,05,079,"Arkansas","Lincoln County",5,70,94,40,54
050,05,079,"Arkansas","Lincoln County",5,71,89,38,51
050,05,079,"Arkansas","Lincoln County",5,72,95,45,50
050,05,079,"Arkansas","Lincoln County",5,73,107,50,57
050,05,079,"Arkansas","Lincoln County",5,74,114,61,53
050,05,079,"Arkansas","Lincoln County",5,75,103,48,55
050,05,079,"Arkansas","Lincoln County",5,76,123,58,65
050,05,079,"Arkansas","Lincoln County",5,77,71,41,30
050,05,079,"Arkansas","Lincoln County",5,78,55,33,22
050,05,079,"Arkansas","Lincoln County",5,79,55,35,20
050,05,079,"Arkansas","Lincoln County",5,80,59,31,28
050,05,079,"Arkansas","Lincoln County",5,81,48,21,27
050,05,079,"Arkansas","Lincoln County",5,82,51,17,34
050,05,079,"Arkansas","Lincoln County",5,83,41,20,21
050,05,079,"Arkansas","Lincoln County",5,84,41,18,23
050,05,079,"Arkansas","Lincoln County",5,85,226,71,155
050,05,081,"Arkansas","Little River County",1,0,149,76,73
050,05,081,"Arkansas","Little River County",1,1,129,66,63
050,05,081,"Arkansas","Little River County",1,2,146,67,79
050,05,081,"Arkansas","Little River County",1,3,152,60,92
050,05,081,"Arkansas","Little River County",1,4,145,69,76
050,05,081,"Arkansas","Little River County",1,5,142,73,69
050,05,081,"Arkansas","Little River County",1,6,157,76,81
050,05,081,"Arkansas","Little River County",1,7,138,68,70
050,05,081,"Arkansas","Little River County",1,8,135,76,59
050,05,081,"Arkansas","Little River County",1,9,141,79,62
050,05,081,"Arkansas","Little River County",1,10,151,80,71
050,05,081,"Arkansas","Little River County",1,11,140,75,65
050,05,081,"Arkansas","Little River County",1,12,157,87,70
050,05,081,"Arkansas","Little River County",1,13,171,94,77
050,05,081,"Arkansas","Little River County",1,14,164,81,83
050,05,081,"Arkansas","Little River County",1,15,163,92,71
050,05,081,"Arkansas","Little River County",1,16,151,74,77
050,05,081,"Arkansas","Little River County",1,17,170,91,79
050,05,081,"Arkansas","Little River County",1,18,133,79,54
050,05,081,"Arkansas","Little River County",1,19,108,63,45
050,05,081,"Arkansas","Little River County",1,20,115,63,52
050,05,081,"Arkansas","Little River County",1,21,117,54,63
050,05,081,"Arkansas","Little River County",1,22,129,62,67
050,05,081,"Arkansas","Little River County",1,23,128,57,71
050,05,081,"Arkansas","Little River County",1,24,125,58,67
050,05,081,"Arkansas","Little River County",1,25,122,58,64
050,05,081,"Arkansas","Little River County",1,26,139,73,66
050,05,081,"Arkansas","Little River County",1,27,136,67,69
050,05,081,"Arkansas","Little River County",1,28,148,78,70
050,05,081,"Arkansas","Little River County",1,29,147,77,70
050,05,081,"Arkansas","Little River County",1,30,136,67,69
050,05,081,"Arkansas","Little River County",1,31,136,65,71
050,05,081,"Arkansas","Little River County",1,32,134,69,65
050,05,081,"Arkansas","Little River County",1,33,135,70,65
050,05,081,"Arkansas","Little River County",1,34,137,70,67
050,05,081,"Arkansas","Little River County",1,35,133,66,67
050,05,081,"Arkansas","Little River County",1,36,119,61,58
050,05,081,"Arkansas","Little River County",1,37,119,61,58
050,05,081,"Arkansas","Little River County",1,38,135,76,59
050,05,081,"Arkansas","Little River County",1,39,141,71,70
050,05,081,"Arkansas","Little River County",1,40,135,52,83
050,05,081,"Arkansas","Little River County",1,41,134,63,71
050,05,081,"Arkansas","Little River County",1,42,147,74,73
050,05,081,"Arkansas","Little River County",1,43,142,65,77
050,05,081,"Arkansas","Little River County",1,44,144,68,76
050,05,081,"Arkansas","Little River County",1,45,146,72,74
050,05,081,"Arkansas","Little River County",1,46,151,66,85
050,05,081,"Arkansas","Little River County",1,47,149,67,82
050,05,081,"Arkansas","Little River County",1,48,163,81,82
050,05,081,"Arkansas","Little River County",1,49,160,81,79
050,05,081,"Arkansas","Little River County",1,50,145,66,79
050,05,081,"Arkansas","Little River County",1,51,151,71,80
050,05,081,"Arkansas","Little River County",1,52,157,71,86
050,05,081,"Arkansas","Little River County",1,53,150,76,74
050,05,081,"Arkansas","Little River County",1,54,145,75,70
050,05,081,"Arkansas","Little River County",1,55,171,84,87
050,05,081,"Arkansas","Little River County",1,56,173,76,97
050,05,081,"Arkansas","Little River County",1,57,169,81,88
050,05,081,"Arkansas","Little River County",1,58,157,77,80
050,05,081,"Arkansas","Little River County",1,59,162,80,82
050,05,081,"Arkansas","Little River County",1,60,158,71,87
050,05,081,"Arkansas","Little River County",1,61,179,80,99
050,05,081,"Arkansas","Little River County",1,62,172,80,92
050,05,081,"Arkansas","Little River County",1,63,185,87,98
050,05,081,"Arkansas","Little River County",1,64,169,80,89
050,05,081,"Arkansas","Little River County",1,65,157,75,82
050,05,081,"Arkansas","Little River County",1,66,142,66,76
050,05,081,"Arkansas","Little River County",1,67,160,70,90
050,05,081,"Arkansas","Little River County",1,68,158,65,93
050,05,081,"Arkansas","Little River County",1,69,148,74,74
050,05,081,"Arkansas","Little River County",1,70,139,55,84
050,05,081,"Arkansas","Little River County",1,71,144,62,82
050,05,081,"Arkansas","Little River County",1,72,140,71,69
050,05,081,"Arkansas","Little River County",1,73,137,62,75
050,05,081,"Arkansas","Little River County",1,74,125,56,69
050,05,081,"Arkansas","Little River County",1,75,142,73,69
050,05,081,"Arkansas","Little River County",1,76,113,57,56
050,05,081,"Arkansas","Little River County",1,77,90,40,50
050,05,081,"Arkansas","Little River County",1,78,102,52,50
050,05,081,"Arkansas","Little River County",1,79,95,46,49
050,05,081,"Arkansas","Little River County",1,80,69,39,30
050,05,081,"Arkansas","Little River County",1,81,62,25,37
050,05,081,"Arkansas","Little River County",1,82,54,22,32
050,05,081,"Arkansas","Little River County",1,83,58,25,33
050,05,081,"Arkansas","Little River County",1,84,43,17,26
050,05,081,"Arkansas","Little River County",1,85,261,91,170
050,05,081,"Arkansas","Little River County",2,0,140,74,66
050,05,081,"Arkansas","Little River County",2,1,133,68,65
050,05,081,"Arkansas","Little River County",2,2,145,68,77
050,05,081,"Arkansas","Little River County",2,3,150,62,88
050,05,081,"Arkansas","Little River County",2,4,150,68,82
050,05,081,"Arkansas","Little River County",2,5,142,71,71
050,05,081,"Arkansas","Little River County",2,6,150,73,77
050,05,081,"Arkansas","Little River County",2,7,139,68,71
050,05,081,"Arkansas","Little River County",2,8,131,71,60
050,05,081,"Arkansas","Little River County",2,9,141,77,64
050,05,081,"Arkansas","Little River County",2,10,147,78,69
050,05,081,"Arkansas","Little River County",2,11,141,75,66
050,05,081,"Arkansas","Little River County",2,12,154,84,70
050,05,081,"Arkansas","Little River County",2,13,166,92,74
050,05,081,"Arkansas","Little River County",2,14,166,86,80
050,05,081,"Arkansas","Little River County",2,15,160,88,72
050,05,081,"Arkansas","Little River County",2,16,154,78,76
050,05,081,"Arkansas","Little River County",2,17,163,86,77
050,05,081,"Arkansas","Little River County",2,18,135,78,57
050,05,081,"Arkansas","Little River County",2,19,109,64,45
050,05,081,"Arkansas","Little River County",2,20,115,62,53
050,05,081,"Arkansas","Little River County",2,21,118,57,61
050,05,081,"Arkansas","Little River County",2,22,126,59,67
050,05,081,"Arkansas","Little River County",2,23,127,58,69
050,05,081,"Arkansas","Little River County",2,24,125,57,68
050,05,081,"Arkansas","Little River County",2,25,126,60,66
050,05,081,"Arkansas","Little River County",2,26,136,71,65
050,05,081,"Arkansas","Little River County",2,27,135,68,67
050,05,081,"Arkansas","Little River County",2,28,145,75,70
050,05,081,"Arkansas","Little River County",2,29,146,77,69
050,05,081,"Arkansas","Little River County",2,30,140,71,69
050,05,081,"Arkansas","Little River County",2,31,133,64,69
050,05,081,"Arkansas","Little River County",2,32,133,67,66
050,05,081,"Arkansas","Little River County",2,33,134,69,65
050,05,081,"Arkansas","Little River County",2,34,137,70,67
050,05,081,"Arkansas","Little River County",2,35,133,66,67
050,05,081,"Arkansas","Little River County",2,36,122,62,60
050,05,081,"Arkansas","Little River County",2,37,122,63,59
050,05,081,"Arkansas","Little River County",2,38,133,74,59
050,05,081,"Arkansas","Little River County",2,39,137,71,66
050,05,081,"Arkansas","Little River County",2,40,136,56,80
050,05,081,"Arkansas","Little River County",2,41,131,59,72
050,05,081,"Arkansas","Little River County",2,42,141,70,71
050,05,081,"Arkansas","Little River County",2,43,142,66,76
050,05,081,"Arkansas","Little River County",2,44,141,66,75
050,05,081,"Arkansas","Little River County",2,45,145,71,74
050,05,081,"Arkansas","Little River County",2,46,149,66,83
050,05,081,"Arkansas","Little River County",2,47,149,67,82
050,05,081,"Arkansas","Little River County",2,48,161,79,82
050,05,081,"Arkansas","Little River County",2,49,159,81,78
050,05,081,"Arkansas","Little River County",2,50,150,70,80
050,05,081,"Arkansas","Little River County",2,51,149,70,79
050,05,081,"Arkansas","Little River County",2,52,156,70,86
050,05,081,"Arkansas","Little River County",2,53,151,74,77
050,05,081,"Arkansas","Little River County",2,54,147,76,71
050,05,081,"Arkansas","Little River County",2,55,165,82,83
050,05,081,"Arkansas","Little River County",2,56,174,79,95
050,05,081,"Arkansas","Little River County",2,57,170,80,90
050,05,081,"Arkansas","Little River County",2,58,159,78,81
050,05,081,"Arkansas","Little River County",2,59,161,80,81
050,05,081,"Arkansas","Little River County",2,60,160,72,88
050,05,081,"Arkansas","Little River County",2,61,174,78,96
050,05,081,"Arkansas","Little River County",2,62,174,80,94
050,05,081,"Arkansas","Little River County",2,63,184,85,99
050,05,081,"Arkansas","Little River County",2,64,171,80,91
050,05,081,"Arkansas","Little River County",2,65,160,76,84
050,05,081,"Arkansas","Little River County",2,66,147,69,78
050,05,081,"Arkansas","Little River County",2,67,154,69,85
050,05,081,"Arkansas","Little River County",2,68,156,65,91
050,05,081,"Arkansas","Little River County",2,69,149,71,78
050,05,081,"Arkansas","Little River County",2,70,141,60,81
050,05,081,"Arkansas","Little River County",2,71,140,59,81
050,05,081,"Arkansas","Little River County",2,72,140,69,71
050,05,081,"Arkansas","Little River County",2,73,143,66,77
050,05,081,"Arkansas","Little River County",2,74,119,53,66
050,05,081,"Arkansas","Little River County",2,75,136,68,68
050,05,081,"Arkansas","Little River County",2,76,115,58,57
050,05,081,"Arkansas","Little River County",2,77,98,46,52
050,05,081,"Arkansas","Little River County",2,78,95,47,48
050,05,081,"Arkansas","Little River County",2,79,97,47,50
050,05,081,"Arkansas","Little River County",2,80,71,40,31
050,05,081,"Arkansas","Little River County",2,81,63,29,34
050,05,081,"Arkansas","Little River County",2,82,56,23,33
050,05,081,"Arkansas","Little River County",2,83,55,22,33
050,05,081,"Arkansas","Little River County",2,84,44,16,28
050,05,081,"Arkansas","Little River County",2,85,257,92,165
050,05,081,"Arkansas","Little River County",3,0,159,73,86
050,05,081,"Arkansas","Little River County",3,1,138,72,66
050,05,081,"Arkansas","Little River County",3,2,126,65,61
050,05,081,"Arkansas","Little River County",3,3,150,66,84
050,05,081,"Arkansas","Little River County",3,4,153,71,82
050,05,081,"Arkansas","Little River County",3,5,155,72,83
050,05,081,"Arkansas","Little River County",3,6,142,73,69
050,05,081,"Arkansas","Little River County",3,7,154,78,76
050,05,081,"Arkansas","Little River County",3,8,145,74,71
050,05,081,"Arkansas","Little River County",3,9,133,76,57
050,05,081,"Arkansas","Little River County",3,10,128,73,55
050,05,081,"Arkansas","Little River County",3,11,142,74,68
050,05,081,"Arkansas","Little River County",3,12,142,80,62
050,05,081,"Arkansas","Little River County",3,13,152,86,66
050,05,081,"Arkansas","Little River County",3,14,163,89,74
050,05,081,"Arkansas","Little River County",3,15,175,85,90
050,05,081,"Arkansas","Little River County",3,16,159,86,73
050,05,081,"Arkansas","Little River County",3,17,163,85,78
050,05,081,"Arkansas","Little River County",3,18,135,74,61
050,05,081,"Arkansas","Little River County",3,19,110,59,51
050,05,081,"Arkansas","Little River County",3,20,123,70,53
050,05,081,"Arkansas","Little River County",3,21,120,63,57
050,05,081,"Arkansas","Little River County",3,22,132,70,62
050,05,081,"Arkansas","Little River County",3,23,142,64,78
050,05,081,"Arkansas","Little River County",3,24,130,66,64
050,05,081,"Arkansas","Little River County",3,25,133,63,70
050,05,081,"Arkansas","Little River County",3,26,125,64,61
050,05,081,"Arkansas","Little River County",3,27,148,74,74
050,05,081,"Arkansas","Little River County",3,28,140,66,74
050,05,081,"Arkansas","Little River County",3,29,147,78,69
050,05,081,"Arkansas","Little River County",3,30,151,80,71
050,05,081,"Arkansas","Little River County",3,31,143,76,67
050,05,081,"Arkansas","Little River County",3,32,126,58,68
050,05,081,"Arkansas","Little River County",3,33,137,70,67
050,05,081,"Arkansas","Little River County",3,34,130,67,63
050,05,081,"Arkansas","Little River County",3,35,138,72,66
050,05,081,"Arkansas","Little River County",3,36,133,67,66
050,05,081,"Arkansas","Little River County",3,37,123,61,62
050,05,081,"Arkansas","Little River County",3,38,121,60,61
050,05,081,"Arkansas","Little River County",3,39,137,76,61
050,05,081,"Arkansas","Little River County",3,40,136,68,68
050,05,081,"Arkansas","Little River County",3,41,133,55,78
050,05,081,"Arkansas","Little River County",3,42,128,58,70
050,05,081,"Arkansas","Little River County",3,43,140,70,70
050,05,081,"Arkansas","Little River County",3,44,135,55,80
050,05,081,"Arkansas","Little River County",3,45,142,67,75
050,05,081,"Arkansas","Little River County",3,46,144,71,73
050,05,081,"Arkansas","Little River County",3,47,150,69,81
050,05,081,"Arkansas","Little River County",3,48,153,68,85
050,05,081,"Arkansas","Little River County",3,49,164,79,85
050,05,081,"Arkansas","Little River County",3,50,159,78,81
050,05,081,"Arkansas","Little River County",3,51,157,71,86
050,05,081,"Arkansas","Little River County",3,52,158,71,87
050,05,081,"Arkansas","Little River County",3,53,152,70,82
050,05,081,"Arkansas","Little River County",3,54,147,71,76
050,05,081,"Arkansas","Little River County",3,55,143,74,69
050,05,081,"Arkansas","Little River County",3,56,165,83,82
050,05,081,"Arkansas","Little River County",3,57,165,78,87
050,05,081,"Arkansas","Little River County",3,58,167,78,89
050,05,081,"Arkansas","Little River County",3,59,165,78,87
050,05,081,"Arkansas","Little River County",3,60,160,79,81
050,05,081,"Arkansas","Little River County",3,61,154,70,84
050,05,081,"Arkansas","Little River County",3,62,174,77,97
050,05,081,"Arkansas","Little River County",3,63,167,79,88
050,05,081,"Arkansas","Little River County",3,64,179,82,97
050,05,081,"Arkansas","Little River County",3,65,159,76,83
050,05,081,"Arkansas","Little River County",3,66,159,74,85
050,05,081,"Arkansas","Little River County",3,67,141,65,76
050,05,081,"Arkansas","Little River County",3,68,148,66,82
050,05,081,"Arkansas","Little River County",3,69,146,64,82
050,05,081,"Arkansas","Little River County",3,70,145,68,77
050,05,081,"Arkansas","Little River County",3,71,128,54,74
050,05,081,"Arkansas","Little River County",3,72,140,61,79
050,05,081,"Arkansas","Little River County",3,73,133,65,68
050,05,081,"Arkansas","Little River County",3,74,133,61,72
050,05,081,"Arkansas","Little River County",3,75,117,54,63
050,05,081,"Arkansas","Little River County",3,76,127,58,69
050,05,081,"Arkansas","Little River County",3,77,106,55,51
050,05,081,"Arkansas","Little River County",3,78,95,46,49
050,05,081,"Arkansas","Little River County",3,79,96,46,50
050,05,081,"Arkansas","Little River County",3,80,80,42,38
050,05,081,"Arkansas","Little River County",3,81,66,40,26
050,05,081,"Arkansas","Little River County",3,82,58,24,34
050,05,081,"Arkansas","Little River County",3,83,57,24,33
050,05,081,"Arkansas","Little River County",3,84,44,15,29
050,05,081,"Arkansas","Little River County",3,85,255,91,164
050,05,081,"Arkansas","Little River County",4,0,143,75,68
050,05,081,"Arkansas","Little River County",4,1,152,61,91
050,05,081,"Arkansas","Little River County",4,2,137,72,65
050,05,081,"Arkansas","Little River County",4,3,120,65,55
050,05,081,"Arkansas","Little River County",4,4,143,67,76
050,05,081,"Arkansas","Little River County",4,5,148,67,81
050,05,081,"Arkansas","Little River County",4,6,158,74,84
050,05,081,"Arkansas","Little River County",4,7,141,76,65
050,05,081,"Arkansas","Little River County",4,8,152,75,77
050,05,081,"Arkansas","Little River County",4,9,149,79,70
050,05,081,"Arkansas","Little River County",4,10,124,71,53
050,05,081,"Arkansas","Little River County",4,11,126,70,56
050,05,081,"Arkansas","Little River County",4,12,138,71,67
050,05,081,"Arkansas","Little River County",4,13,141,80,61
050,05,081,"Arkansas","Little River County",4,14,157,87,70
050,05,081,"Arkansas","Little River County",4,15,160,92,68
050,05,081,"Arkansas","Little River County",4,16,170,87,83
050,05,081,"Arkansas","Little River County",4,17,154,84,70
050,05,081,"Arkansas","Little River County",4,18,131,68,63
050,05,081,"Arkansas","Little River County",4,19,104,56,48
050,05,081,"Arkansas","Little River County",4,20,114,62,52
050,05,081,"Arkansas","Little River County",4,21,118,66,52
050,05,081,"Arkansas","Little River County",4,22,121,56,65
050,05,081,"Arkansas","Little River County",4,23,130,66,64
050,05,081,"Arkansas","Little River County",4,24,132,62,70
050,05,081,"Arkansas","Little River County",4,25,128,58,70
050,05,081,"Arkansas","Little River County",4,26,140,71,69
050,05,081,"Arkansas","Little River County",4,27,126,67,59
050,05,081,"Arkansas","Little River County",4,28,152,76,76
050,05,081,"Arkansas","Little River County",4,29,139,68,71
050,05,081,"Arkansas","Little River County",4,30,142,76,66
050,05,081,"Arkansas","Little River County",4,31,151,83,68
050,05,081,"Arkansas","Little River County",4,32,133,69,64
050,05,081,"Arkansas","Little River County",4,33,128,58,70
050,05,081,"Arkansas","Little River County",4,34,137,68,69
050,05,081,"Arkansas","Little River County",4,35,118,57,61
050,05,081,"Arkansas","Little River County",4,36,137,73,64
050,05,081,"Arkansas","Little River County",4,37,132,62,70
050,05,081,"Arkansas","Little River County",4,38,125,65,60
050,05,081,"Arkansas","Little River County",4,39,120,59,61
050,05,081,"Arkansas","Little River County",4,40,137,76,61
050,05,081,"Arkansas","Little River County",4,41,137,72,65
050,05,081,"Arkansas","Little River County",4,42,136,53,83
050,05,081,"Arkansas","Little River County",4,43,126,59,67
050,05,081,"Arkansas","Little River County",4,44,148,74,74
050,05,081,"Arkansas","Little River County",4,45,131,52,79
050,05,081,"Arkansas","Little River County",4,46,139,65,74
050,05,081,"Arkansas","Little River County",4,47,147,71,76
050,05,081,"Arkansas","Little River County",4,48,158,74,84
050,05,081,"Arkansas","Little River County",4,49,152,71,81
050,05,081,"Arkansas","Little River County",4,50,168,75,93
050,05,081,"Arkansas","Little River County",4,51,167,85,82
050,05,081,"Arkansas","Little River County",4,52,165,70,95
050,05,081,"Arkansas","Little River County",4,53,158,77,81
050,05,081,"Arkansas","Little River County",4,54,152,71,81
050,05,081,"Arkansas","Little River County",4,55,145,72,73
050,05,081,"Arkansas","Little River County",4,56,147,77,70
050,05,081,"Arkansas","Little River County",4,57,160,80,80
050,05,081,"Arkansas","Little River County",4,58,159,72,87
050,05,081,"Arkansas","Little River County",4,59,170,80,90
050,05,081,"Arkansas","Little River County",4,60,166,76,90
050,05,081,"Arkansas","Little River County",4,61,162,81,81
050,05,081,"Arkansas","Little River County",4,62,154,66,88
050,05,081,"Arkansas","Little River County",4,63,170,75,95
050,05,081,"Arkansas","Little River County",4,64,169,76,93
050,05,081,"Arkansas","Little River County",4,65,171,80,91
050,05,081,"Arkansas","Little River County",4,66,165,77,88
050,05,081,"Arkansas","Little River County",4,67,155,75,80
050,05,081,"Arkansas","Little River County",4,68,137,61,76
050,05,081,"Arkansas","Little River County",4,69,135,60,75
050,05,081,"Arkansas","Little River County",4,70,143,61,82
050,05,081,"Arkansas","Little River County",4,71,132,62,70
050,05,081,"Arkansas","Little River County",4,72,129,56,73
050,05,081,"Arkansas","Little River County",4,73,132,57,75
050,05,081,"Arkansas","Little River County",4,74,129,60,69
050,05,081,"Arkansas","Little River County",4,75,137,63,74
050,05,081,"Arkansas","Little River County",4,76,109,46,63
050,05,081,"Arkansas","Little River County",4,77,115,55,60
050,05,081,"Arkansas","Little River County",4,78,104,52,52
050,05,081,"Arkansas","Little River County",4,79,95,44,51
050,05,081,"Arkansas","Little River County",4,80,84,44,40
050,05,081,"Arkansas","Little River County",4,81,78,42,36
050,05,081,"Arkansas","Little River County",4,82,61,34,27
050,05,081,"Arkansas","Little River County",4,83,56,23,33
050,05,081,"Arkansas","Little River County",4,84,46,15,31
050,05,081,"Arkansas","Little River County",4,85,258,88,170
050,05,081,"Arkansas","Little River County",5,0,94,51,43
050,05,081,"Arkansas","Little River County",5,1,146,82,64
050,05,081,"Arkansas","Little River County",5,2,162,65,97
050,05,081,"Arkansas","Little River County",5,3,143,77,66
050,05,081,"Arkansas","Little River County",5,4,123,73,50
050,05,081,"Arkansas","Little River County",5,5,149,72,77
050,05,081,"Arkansas","Little River County",5,6,158,78,80
050,05,081,"Arkansas","Little River County",5,7,150,72,78
050,05,081,"Arkansas","Little River County",5,8,141,73,68
050,05,081,"Arkansas","Little River County",5,9,150,75,75
050,05,081,"Arkansas","Little River County",5,10,157,84,73
050,05,081,"Arkansas","Little River County",5,11,129,75,54
050,05,081,"Arkansas","Little River County",5,12,122,66,56
050,05,081,"Arkansas","Little River County",5,13,141,72,69
050,05,081,"Arkansas","Little River County",5,14,135,78,57
050,05,081,"Arkansas","Little River County",5,15,141,76,65
050,05,081,"Arkansas","Little River County",5,16,164,94,70
050,05,081,"Arkansas","Little River County",5,17,163,82,81
050,05,081,"Arkansas","Little River County",5,18,135,71,64
050,05,081,"Arkansas","Little River County",5,19,100,49,51
050,05,081,"Arkansas","Little River County",5,20,110,57,53
050,05,081,"Arkansas","Little River County",5,21,118,62,56
050,05,081,"Arkansas","Little River County",5,22,121,65,56
050,05,081,"Arkansas","Little River County",5,23,121,52,69
050,05,081,"Arkansas","Little River County",5,24,145,69,76
050,05,081,"Arkansas","Little River County",5,25,138,66,72
050,05,081,"Arkansas","Little River County",5,26,133,63,70
050,05,081,"Arkansas","Little River County",5,27,145,73,72
050,05,081,"Arkansas","Little River County",5,28,125,68,57
050,05,081,"Arkansas","Little River County",5,29,148,73,75
050,05,081,"Arkansas","Little River County",5,30,138,61,77
050,05,081,"Arkansas","Little River County",5,31,137,75,62
050,05,081,"Arkansas","Little River County",5,32,150,79,71
050,05,081,"Arkansas","Little River County",5,33,135,68,67
050,05,081,"Arkansas","Little River County",5,34,121,56,65
050,05,081,"Arkansas","Little River County",5,35,147,73,74
050,05,081,"Arkansas","Little River County",5,36,123,63,60
050,05,081,"Arkansas","Little River County",5,37,145,77,68
050,05,081,"Arkansas","Little River County",5,38,125,63,62
050,05,081,"Arkansas","Little River County",5,39,131,69,62
050,05,081,"Arkansas","Little River County",5,40,118,56,62
050,05,081,"Arkansas","Little River County",5,41,129,71,58
050,05,081,"Arkansas","Little River County",5,42,139,76,63
050,05,081,"Arkansas","Little River County",5,43,133,51,82
050,05,081,"Arkansas","Little River County",5,44,131,63,68
050,05,081,"Arkansas","Little River County",5,45,148,75,73
050,05,081,"Arkansas","Little River County",5,46,136,54,82
050,05,081,"Arkansas","Little River County",5,47,134,65,69
050,05,081,"Arkansas","Little River County",5,48,141,70,71
050,05,081,"Arkansas","Little River County",5,49,160,76,84
050,05,081,"Arkansas","Little River County",5,50,150,72,78
050,05,081,"Arkansas","Little River County",5,51,167,75,92
050,05,081,"Arkansas","Little River County",5,52,161,78,83
050,05,081,"Arkansas","Little River County",5,53,161,71,90
050,05,081,"Arkansas","Little River County",5,54,160,78,82
050,05,081,"Arkansas","Little River County",5,55,145,67,78
050,05,081,"Arkansas","Little River County",5,56,144,69,75
050,05,081,"Arkansas","Little River County",5,57,145,73,72
050,05,081,"Arkansas","Little River County",5,58,156,74,82
050,05,081,"Arkansas","Little River County",5,59,169,75,94
050,05,081,"Arkansas","Little River County",5,60,166,76,90
050,05,081,"Arkansas","Little River County",5,61,167,79,88
050,05,081,"Arkansas","Little River County",5,62,165,80,85
050,05,081,"Arkansas","Little River County",5,63,148,61,87
050,05,081,"Arkansas","Little River County",5,64,164,73,91
050,05,081,"Arkansas","Little River County",5,65,167,74,93
050,05,081,"Arkansas","Little River County",5,66,166,77,89
050,05,081,"Arkansas","Little River County",5,67,168,80,88
050,05,081,"Arkansas","Little River County",5,68,146,70,76
050,05,081,"Arkansas","Little River County",5,69,128,57,71
050,05,081,"Arkansas","Little River County",5,70,135,57,78
050,05,081,"Arkansas","Little River County",5,71,127,54,73
050,05,081,"Arkansas","Little River County",5,72,136,65,71
050,05,081,"Arkansas","Little River County",5,73,121,50,71
050,05,081,"Arkansas","Little River County",5,74,127,53,74
050,05,081,"Arkansas","Little River County",5,75,132,64,68
050,05,081,"Arkansas","Little River County",5,76,129,53,76
050,05,081,"Arkansas","Little River County",5,77,99,43,56
050,05,081,"Arkansas","Little River County",5,78,115,55,60
050,05,081,"Arkansas","Little River County",5,79,107,51,56
050,05,081,"Arkansas","Little River County",5,80,83,42,41
050,05,081,"Arkansas","Little River County",5,81,84,46,38
050,05,081,"Arkansas","Little River County",5,82,71,35,36
050,05,081,"Arkansas","Little River County",5,83,59,34,25
050,05,081,"Arkansas","Little River County",5,84,43,14,29
050,05,081,"Arkansas","Little River County",5,85,266,89,177
050,05,083,"Arkansas","Logan County",1,0,239,124,115
050,05,083,"Arkansas","Logan County",1,1,242,132,110
050,05,083,"Arkansas","Logan County",1,2,230,111,119
050,05,083,"Arkansas","Logan County",1,3,253,123,130
050,05,083,"Arkansas","Logan County",1,4,278,142,136
050,05,083,"Arkansas","Logan County",1,5,250,124,126
050,05,083,"Arkansas","Logan County",1,6,220,116,104
050,05,083,"Arkansas","Logan County",1,7,233,118,115
050,05,083,"Arkansas","Logan County",1,8,234,122,112
050,05,083,"Arkansas","Logan County",1,9,249,130,119
050,05,083,"Arkansas","Logan County",1,10,235,111,124
050,05,083,"Arkansas","Logan County",1,11,260,135,125
050,05,083,"Arkansas","Logan County",1,12,281,139,142
050,05,083,"Arkansas","Logan County",1,13,260,126,134
050,05,083,"Arkansas","Logan County",1,14,237,109,128
050,05,083,"Arkansas","Logan County",1,15,260,137,123
050,05,083,"Arkansas","Logan County",1,16,270,152,118
050,05,083,"Arkansas","Logan County",1,17,263,146,117
050,05,083,"Arkansas","Logan County",1,18,233,129,104
050,05,083,"Arkansas","Logan County",1,19,189,105,84
050,05,083,"Arkansas","Logan County",1,20,213,105,108
050,05,083,"Arkansas","Logan County",1,21,224,115,109
050,05,083,"Arkansas","Logan County",1,22,201,102,99
050,05,083,"Arkansas","Logan County",1,23,237,131,106
050,05,083,"Arkansas","Logan County",1,24,234,120,114
050,05,083,"Arkansas","Logan County",1,25,222,116,106
050,05,083,"Arkansas","Logan County",1,26,228,126,102
050,05,083,"Arkansas","Logan County",1,27,233,117,116
050,05,083,"Arkansas","Logan County",1,28,248,129,119
050,05,083,"Arkansas","Logan County",1,29,273,136,137
050,05,083,"Arkansas","Logan County",1,30,250,121,129
050,05,083,"Arkansas","Logan County",1,31,243,115,128
050,05,083,"Arkansas","Logan County",1,32,223,108,115
050,05,083,"Arkansas","Logan County",1,33,239,108,131
050,05,083,"Arkansas","Logan County",1,34,250,127,123
050,05,083,"Arkansas","Logan County",1,35,220,113,107
050,05,083,"Arkansas","Logan County",1,36,212,117,95
050,05,083,"Arkansas","Logan County",1,37,223,102,121
050,05,083,"Arkansas","Logan County",1,38,226,107,119
050,05,083,"Arkansas","Logan County",1,39,244,122,122
050,05,083,"Arkansas","Logan County",1,40,246,120,126
050,05,083,"Arkansas","Logan County",1,41,262,138,124
050,05,083,"Arkansas","Logan County",1,42,248,128,120
050,05,083,"Arkansas","Logan County",1,43,242,114,128
050,05,083,"Arkansas","Logan County",1,44,225,108,117
050,05,083,"Arkansas","Logan County",1,45,257,124,133
050,05,083,"Arkansas","Logan County",1,46,260,130,130
050,05,083,"Arkansas","Logan County",1,47,274,120,154
050,05,083,"Arkansas","Logan County",1,48,288,134,154
050,05,083,"Arkansas","Logan County",1,49,306,162,144
050,05,083,"Arkansas","Logan County",1,50,292,159,133
050,05,083,"Arkansas","Logan County",1,51,286,145,141
050,05,083,"Arkansas","Logan County",1,52,274,138,136
050,05,083,"Arkansas","Logan County",1,53,301,150,151
050,05,083,"Arkansas","Logan County",1,54,344,187,157
050,05,083,"Arkansas","Logan County",1,55,353,189,164
050,05,083,"Arkansas","Logan County",1,56,345,172,173
050,05,083,"Arkansas","Logan County",1,57,338,159,179
050,05,083,"Arkansas","Logan County",1,58,327,170,157
050,05,083,"Arkansas","Logan County",1,59,332,167,165
050,05,083,"Arkansas","Logan County",1,60,328,159,169
050,05,083,"Arkansas","Logan County",1,61,308,151,157
050,05,083,"Arkansas","Logan County",1,62,297,137,160
050,05,083,"Arkansas","Logan County",1,63,286,132,154
050,05,083,"Arkansas","Logan County",1,64,266,132,134
050,05,083,"Arkansas","Logan County",1,65,277,137,140
050,05,083,"Arkansas","Logan County",1,66,286,131,155
050,05,083,"Arkansas","Logan County",1,67,272,123,149
050,05,083,"Arkansas","Logan County",1,68,255,117,138
050,05,083,"Arkansas","Logan County",1,69,250,120,130
050,05,083,"Arkansas","Logan County",1,70,251,133,118
050,05,083,"Arkansas","Logan County",1,71,250,123,127
050,05,083,"Arkansas","Logan County",1,72,235,107,128
050,05,083,"Arkansas","Logan County",1,73,242,117,125
050,05,083,"Arkansas","Logan County",1,74,172,78,94
050,05,083,"Arkansas","Logan County",1,75,174,82,92
050,05,083,"Arkansas","Logan County",1,76,169,82,87
050,05,083,"Arkansas","Logan County",1,77,181,89,92
050,05,083,"Arkansas","Logan County",1,78,169,79,90
050,05,083,"Arkansas","Logan County",1,79,148,64,84
050,05,083,"Arkansas","Logan County",1,80,120,45,75
050,05,083,"Arkansas","Logan County",1,81,122,53,69
050,05,083,"Arkansas","Logan County",1,82,115,51,64
050,05,083,"Arkansas","Logan County",1,83,98,45,53
050,05,083,"Arkansas","Logan County",1,84,89,39,50
050,05,083,"Arkansas","Logan County",1,85,409,156,253
050,05,083,"Arkansas","Logan County",2,0,226,124,102
050,05,083,"Arkansas","Logan County",2,1,238,129,109
050,05,083,"Arkansas","Logan County",2,2,233,117,116
050,05,083,"Arkansas","Logan County",2,3,248,121,127
050,05,083,"Arkansas","Logan County",2,4,272,138,134
050,05,083,"Arkansas","Logan County",2,5,258,128,130
050,05,083,"Arkansas","Logan County",2,6,231,120,111
050,05,083,"Arkansas","Logan County",2,7,232,118,114
050,05,083,"Arkansas","Logan County",2,8,235,123,112
050,05,083,"Arkansas","Logan County",2,9,248,130,118
050,05,083,"Arkansas","Logan County",2,10,239,117,122
050,05,083,"Arkansas","Logan County",2,11,255,128,127
050,05,083,"Arkansas","Logan County",2,12,280,140,140
050,05,083,"Arkansas","Logan County",2,13,262,128,134
050,05,083,"Arkansas","Logan County",2,14,245,115,130
050,05,083,"Arkansas","Logan County",2,15,255,131,124
050,05,083,"Arkansas","Logan County",2,16,269,150,119
050,05,083,"Arkansas","Logan County",2,17,261,145,116
050,05,083,"Arkansas","Logan County",2,18,231,129,102
050,05,083,"Arkansas","Logan County",2,19,192,105,87
050,05,083,"Arkansas","Logan County",2,20,212,107,105
050,05,083,"Arkansas","Logan County",2,21,218,109,109
050,05,083,"Arkansas","Logan County",2,22,210,107,103
050,05,083,"Arkansas","Logan County",2,23,229,124,105
050,05,083,"Arkansas","Logan County",2,24,233,123,110
050,05,083,"Arkansas","Logan County",2,25,226,119,107
050,05,083,"Arkansas","Logan County",2,26,226,122,104
050,05,083,"Arkansas","Logan County",2,27,227,117,110
050,05,083,"Arkansas","Logan County",2,28,244,126,118
050,05,083,"Arkansas","Logan County",2,29,266,133,133
050,05,083,"Arkansas","Logan County",2,30,258,124,134
050,05,083,"Arkansas","Logan County",2,31,242,114,128
050,05,083,"Arkansas","Logan County",2,32,228,109,119
050,05,083,"Arkansas","Logan County",2,33,232,106,126
050,05,083,"Arkansas","Logan County",2,34,246,122,124
050,05,083,"Arkansas","Logan County",2,35,228,116,112
050,05,083,"Arkansas","Logan County",2,36,209,113,96
050,05,083,"Arkansas","Logan County",2,37,221,105,116
050,05,083,"Arkansas","Logan County",2,38,227,108,119
050,05,083,"Arkansas","Logan County",2,39,237,117,120
050,05,083,"Arkansas","Logan County",2,40,247,122,125
050,05,083,"Arkansas","Logan County",2,41,258,134,124
050,05,083,"Arkansas","Logan County",2,42,248,128,120
050,05,083,"Arkansas","Logan County",2,43,245,118,127
050,05,083,"Arkansas","Logan County",2,44,226,108,118
050,05,083,"Arkansas","Logan County",2,45,251,121,130
050,05,083,"Arkansas","Logan County",2,46,258,127,131
050,05,083,"Arkansas","Logan County",2,47,272,122,150
050,05,083,"Arkansas","Logan County",2,48,285,130,155
050,05,083,"Arkansas","Logan County",2,49,304,157,147
050,05,083,"Arkansas","Logan County",2,50,296,160,136
050,05,083,"Arkansas","Logan County",2,51,286,147,139
050,05,083,"Arkansas","Logan County",2,52,278,140,138
050,05,083,"Arkansas","Logan County",2,53,297,148,149
050,05,083,"Arkansas","Logan County",2,54,334,179,155
050,05,083,"Arkansas","Logan County",2,55,350,186,164
050,05,083,"Arkansas","Logan County",2,56,344,174,170
050,05,083,"Arkansas","Logan County",2,57,344,166,178
050,05,083,"Arkansas","Logan County",2,58,329,166,163
050,05,083,"Arkansas","Logan County",2,59,333,168,165
050,05,083,"Arkansas","Logan County",2,60,327,160,167
050,05,083,"Arkansas","Logan County",2,61,312,152,160
050,05,083,"Arkansas","Logan County",2,62,298,140,158
050,05,083,"Arkansas","Logan County",2,63,292,136,156
050,05,083,"Arkansas","Logan County",2,64,267,130,137
050,05,083,"Arkansas","Logan County",2,65,277,137,140
050,05,083,"Arkansas","Logan County",2,66,282,132,150
050,05,083,"Arkansas","Logan County",2,67,274,123,151
050,05,083,"Arkansas","Logan County",2,68,259,117,142
050,05,083,"Arkansas","Logan County",2,69,256,121,135
050,05,083,"Arkansas","Logan County",2,70,246,127,119
050,05,083,"Arkansas","Logan County",2,71,250,124,126
050,05,083,"Arkansas","Logan County",2,72,234,108,126
050,05,083,"Arkansas","Logan County",2,73,251,121,130
050,05,083,"Arkansas","Logan County",2,74,177,82,95
050,05,083,"Arkansas","Logan County",2,75,172,78,94
050,05,083,"Arkansas","Logan County",2,76,163,79,84
050,05,083,"Arkansas","Logan County",2,77,183,89,94
050,05,083,"Arkansas","Logan County",2,78,162,77,85
050,05,083,"Arkansas","Logan County",2,79,152,67,85
050,05,083,"Arkansas","Logan County",2,80,122,46,76
050,05,083,"Arkansas","Logan County",2,81,121,52,69
050,05,083,"Arkansas","Logan County",2,82,115,49,66
050,05,083,"Arkansas","Logan County",2,83,98,44,54
050,05,083,"Arkansas","Logan County",2,84,84,36,48
050,05,083,"Arkansas","Logan County",2,85,412,157,255
050,05,083,"Arkansas","Logan County",3,0,246,122,124
050,05,083,"Arkansas","Logan County",3,1,237,127,110
050,05,083,"Arkansas","Logan County",3,2,251,136,115
050,05,083,"Arkansas","Logan County",3,3,224,114,110
050,05,083,"Arkansas","Logan County",3,4,264,133,131
050,05,083,"Arkansas","Logan County",3,5,275,140,135
050,05,083,"Arkansas","Logan County",3,6,260,131,129
050,05,083,"Arkansas","Logan County",3,7,239,119,120
050,05,083,"Arkansas","Logan County",3,8,244,121,123
050,05,083,"Arkansas","Logan County",3,9,240,127,113
050,05,083,"Arkansas","Logan County",3,10,245,130,115
050,05,083,"Arkansas","Logan County",3,11,256,128,128
050,05,083,"Arkansas","Logan County",3,12,272,136,136
050,05,083,"Arkansas","Logan County",3,13,278,142,136
050,05,083,"Arkansas","Logan County",3,14,268,132,136
050,05,083,"Arkansas","Logan County",3,15,251,119,132
050,05,083,"Arkansas","Logan County",3,16,251,130,121
050,05,083,"Arkansas","Logan County",3,17,274,147,127
050,05,083,"Arkansas","Logan County",3,18,225,131,94
050,05,083,"Arkansas","Logan County",3,19,187,100,87
050,05,083,"Arkansas","Logan County",3,20,208,108,100
050,05,083,"Arkansas","Logan County",3,21,220,108,112
050,05,083,"Arkansas","Logan County",3,22,235,118,117
050,05,083,"Arkansas","Logan County",3,23,215,117,98
050,05,083,"Arkansas","Logan County",3,24,211,109,102
050,05,083,"Arkansas","Logan County",3,25,234,127,107
050,05,083,"Arkansas","Logan County",3,26,221,117,104
050,05,083,"Arkansas","Logan County",3,27,219,116,103
050,05,083,"Arkansas","Logan County",3,28,224,113,111
050,05,083,"Arkansas","Logan County",3,29,244,128,116
050,05,083,"Arkansas","Logan County",3,30,253,119,134
050,05,083,"Arkansas","Logan County",3,31,270,133,137
050,05,083,"Arkansas","Logan County",3,32,246,119,127
050,05,083,"Arkansas","Logan County",3,33,237,109,128
050,05,083,"Arkansas","Logan County",3,34,228,99,129
050,05,083,"Arkansas","Logan County",3,35,256,129,127
050,05,083,"Arkansas","Logan County",3,36,233,116,117
050,05,083,"Arkansas","Logan County",3,37,215,113,102
050,05,083,"Arkansas","Logan County",3,38,220,106,114
050,05,083,"Arkansas","Logan County",3,39,234,112,122
050,05,083,"Arkansas","Logan County",3,40,230,115,115
050,05,083,"Arkansas","Logan County",3,41,249,121,128
050,05,083,"Arkansas","Logan County",3,42,259,130,129
050,05,083,"Arkansas","Logan County",3,43,258,135,123
050,05,083,"Arkansas","Logan County",3,44,237,115,122
050,05,083,"Arkansas","Logan County",3,45,238,106,132
050,05,083,"Arkansas","Logan County",3,46,253,121,132
050,05,083,"Arkansas","Logan County",3,47,279,135,144
050,05,083,"Arkansas","Logan County",3,48,268,121,147
050,05,083,"Arkansas","Logan County",3,49,295,136,159
050,05,083,"Arkansas","Logan County",3,50,304,164,140
050,05,083,"Arkansas","Logan County",3,51,300,162,138
050,05,083,"Arkansas","Logan County",3,52,282,149,133
050,05,083,"Arkansas","Logan County",3,53,278,143,135
050,05,083,"Arkansas","Logan County",3,54,298,149,149
050,05,083,"Arkansas","Logan County",3,55,329,172,157
050,05,083,"Arkansas","Logan County",3,56,348,183,165
050,05,083,"Arkansas","Logan County",3,57,348,178,170
050,05,083,"Arkansas","Logan County",3,58,344,166,178
050,05,083,"Arkansas","Logan County",3,59,332,159,173
050,05,083,"Arkansas","Logan County",3,60,330,170,160
050,05,083,"Arkansas","Logan County",3,61,328,160,168
050,05,083,"Arkansas","Logan County",3,62,302,148,154
050,05,083,"Arkansas","Logan County",3,63,294,142,152
050,05,083,"Arkansas","Logan County",3,64,298,134,164
050,05,083,"Arkansas","Logan County",3,65,273,137,136
050,05,083,"Arkansas","Logan County",3,66,276,134,142
050,05,083,"Arkansas","Logan County",3,67,287,131,156
050,05,083,"Arkansas","Logan County",3,68,265,118,147
050,05,083,"Arkansas","Logan County",3,69,261,114,147
050,05,083,"Arkansas","Logan County",3,70,248,119,129
050,05,083,"Arkansas","Logan County",3,71,242,120,122
050,05,083,"Arkansas","Logan County",3,72,239,114,125
050,05,083,"Arkansas","Logan County",3,73,230,106,124
050,05,083,"Arkansas","Logan County",3,74,237,109,128
050,05,083,"Arkansas","Logan County",3,75,171,76,95
050,05,083,"Arkansas","Logan County",3,76,164,79,85
050,05,083,"Arkansas","Logan County",3,77,159,77,82
050,05,083,"Arkansas","Logan County",3,78,160,72,88
050,05,083,"Arkansas","Logan County",3,79,162,77,85
050,05,083,"Arkansas","Logan County",3,80,137,59,78
050,05,083,"Arkansas","Logan County",3,81,120,47,73
050,05,083,"Arkansas","Logan County",3,82,119,50,69
050,05,083,"Arkansas","Logan County",3,83,98,41,57
050,05,083,"Arkansas","Logan County",3,84,80,33,47
050,05,083,"Arkansas","Logan County",3,85,410,160,250
050,05,083,"Arkansas","Logan County",4,0,252,122,130
050,05,083,"Arkansas","Logan County",4,1,232,109,123
050,05,083,"Arkansas","Logan County",4,2,228,122,106
050,05,083,"Arkansas","Logan County",4,3,248,135,113
050,05,083,"Arkansas","Logan County",4,4,225,113,112
050,05,083,"Arkansas","Logan County",4,5,271,144,127
050,05,083,"Arkansas","Logan County",4,6,271,131,140
050,05,083,"Arkansas","Logan County",4,7,262,135,127
050,05,083,"Arkansas","Logan County",4,8,243,126,117
050,05,083,"Arkansas","Logan County",4,9,250,128,122
050,05,083,"Arkansas","Logan County",4,10,228,120,108
050,05,083,"Arkansas","Logan County",4,11,253,134,119
050,05,083,"Arkansas","Logan County",4,12,255,133,122
050,05,083,"Arkansas","Logan County",4,13,281,140,141
050,05,083,"Arkansas","Logan County",4,14,281,139,142
050,05,083,"Arkansas","Logan County",4,15,277,142,135
050,05,083,"Arkansas","Logan County",4,16,259,122,137
050,05,083,"Arkansas","Logan County",4,17,256,131,125
050,05,083,"Arkansas","Logan County",4,18,238,132,106
050,05,083,"Arkansas","Logan County",4,19,179,105,74
050,05,083,"Arkansas","Logan County",4,20,201,106,95
050,05,083,"Arkansas","Logan County",4,21,209,107,102
050,05,083,"Arkansas","Logan County",4,22,231,110,121
050,05,083,"Arkansas","Logan County",4,23,233,116,117
050,05,083,"Arkansas","Logan County",4,24,228,127,101
050,05,083,"Arkansas","Logan County",4,25,207,108,99
050,05,083,"Arkansas","Logan County",4,26,236,130,106
050,05,083,"Arkansas","Logan County",4,27,217,111,106
050,05,083,"Arkansas","Logan County",4,28,220,110,110
050,05,083,"Arkansas","Logan County",4,29,220,111,109
050,05,083,"Arkansas","Logan County",4,30,246,127,119
050,05,083,"Arkansas","Logan County",4,31,265,127,138
050,05,083,"Arkansas","Logan County",4,32,280,142,138
050,05,083,"Arkansas","Logan County",4,33,239,119,120
050,05,083,"Arkansas","Logan County",4,34,247,110,137
050,05,083,"Arkansas","Logan County",4,35,231,100,131
050,05,083,"Arkansas","Logan County",4,36,263,126,137
050,05,083,"Arkansas","Logan County",4,37,236,120,116
050,05,083,"Arkansas","Logan County",4,38,214,111,103
050,05,083,"Arkansas","Logan County",4,39,223,110,113
050,05,083,"Arkansas","Logan County",4,40,243,115,128
050,05,083,"Arkansas","Logan County",4,41,227,110,117
050,05,083,"Arkansas","Logan County",4,42,257,124,133
050,05,083,"Arkansas","Logan County",4,43,261,131,130
050,05,083,"Arkansas","Logan County",4,44,253,136,117
050,05,083,"Arkansas","Logan County",4,45,242,116,126
050,05,083,"Arkansas","Logan County",4,46,240,111,129
050,05,083,"Arkansas","Logan County",4,47,257,120,137
050,05,083,"Arkansas","Logan County",4,48,276,127,149
050,05,083,"Arkansas","Logan County",4,49,279,126,153
050,05,083,"Arkansas","Logan County",4,50,292,135,157
050,05,083,"Arkansas","Logan County",4,51,300,158,142
050,05,083,"Arkansas","Logan County",4,52,305,165,140
050,05,083,"Arkansas","Logan County",4,53,294,157,137
050,05,083,"Arkansas","Logan County",4,54,273,143,130
050,05,083,"Arkansas","Logan County",4,55,304,147,157
050,05,083,"Arkansas","Logan County",4,56,323,169,154
050,05,083,"Arkansas","Logan County",4,57,349,188,161
050,05,083,"Arkansas","Logan County",4,58,357,183,174
050,05,083,"Arkansas","Logan County",4,59,347,167,180
050,05,083,"Arkansas","Logan County",4,60,323,150,173
050,05,083,"Arkansas","Logan County",4,61,338,175,163
050,05,083,"Arkansas","Logan County",4,62,322,155,167
050,05,083,"Arkansas","Logan County",4,63,307,156,151
050,05,083,"Arkansas","Logan County",4,64,290,140,150
050,05,083,"Arkansas","Logan County",4,65,290,131,159
050,05,083,"Arkansas","Logan County",4,66,277,135,142
050,05,083,"Arkansas","Logan County",4,67,269,131,138
050,05,083,"Arkansas","Logan County",4,68,289,133,156
050,05,083,"Arkansas","Logan County",4,69,259,114,145
050,05,083,"Arkansas","Logan County",4,70,251,116,135
050,05,083,"Arkansas","Logan County",4,71,244,113,131
050,05,083,"Arkansas","Logan County",4,72,230,110,120
050,05,083,"Arkansas","Logan County",4,73,221,111,110
050,05,083,"Arkansas","Logan County",4,74,217,99,118
050,05,083,"Arkansas","Logan County",4,75,220,97,123
050,05,083,"Arkansas","Logan County",4,76,168,78,90
050,05,083,"Arkansas","Logan County",4,77,155,74,81
050,05,083,"Arkansas","Logan County",4,78,135,57,78
050,05,083,"Arkansas","Logan County",4,79,152,69,83
050,05,083,"Arkansas","Logan County",4,80,149,70,79
050,05,083,"Arkansas","Logan County",4,81,135,60,75
050,05,083,"Arkansas","Logan County",4,82,114,43,71
050,05,083,"Arkansas","Logan County",4,83,105,44,61
050,05,083,"Arkansas","Logan County",4,84,82,32,50
050,05,083,"Arkansas","Logan County",4,85,402,166,236
050,05,083,"Arkansas","Logan County",5,0,255,121,134
050,05,083,"Arkansas","Logan County",5,1,268,125,143
050,05,083,"Arkansas","Logan County",5,2,234,106,128
050,05,083,"Arkansas","Logan County",5,3,232,117,115
050,05,083,"Arkansas","Logan County",5,4,259,139,120
050,05,083,"Arkansas","Logan County",5,5,225,111,114
050,05,083,"Arkansas","Logan County",5,6,263,133,130
050,05,083,"Arkansas","Logan County",5,7,279,139,140
050,05,083,"Arkansas","Logan County",5,8,254,133,121
050,05,083,"Arkansas","Logan County",5,9,250,127,123
050,05,083,"Arkansas","Logan County",5,10,260,136,124
050,05,083,"Arkansas","Logan County",5,11,236,123,113
050,05,083,"Arkansas","Logan County",5,12,262,139,123
050,05,083,"Arkansas","Logan County",5,13,264,137,127
050,05,083,"Arkansas","Logan County",5,14,281,140,141
050,05,083,"Arkansas","Logan County",5,15,281,145,136
050,05,083,"Arkansas","Logan County",5,16,266,137,129
050,05,083,"Arkansas","Logan County",5,17,279,133,146
050,05,083,"Arkansas","Logan County",5,18,226,118,108
050,05,083,"Arkansas","Logan County",5,19,187,97,90
050,05,083,"Arkansas","Logan County",5,20,197,115,82
050,05,083,"Arkansas","Logan County",5,21,196,99,97
050,05,083,"Arkansas","Logan County",5,22,223,115,108
050,05,083,"Arkansas","Logan County",5,23,245,110,135
050,05,083,"Arkansas","Logan County",5,24,232,118,114
050,05,083,"Arkansas","Logan County",5,25,221,123,98
050,05,083,"Arkansas","Logan County",5,26,209,106,103
050,05,083,"Arkansas","Logan County",5,27,242,133,109
050,05,083,"Arkansas","Logan County",5,28,225,114,111
050,05,083,"Arkansas","Logan County",5,29,212,104,108
050,05,083,"Arkansas","Logan County",5,30,227,113,114
050,05,083,"Arkansas","Logan County",5,31,256,140,116
050,05,083,"Arkansas","Logan County",5,32,271,127,144
050,05,083,"Arkansas","Logan County",5,33,272,137,135
050,05,083,"Arkansas","Logan County",5,34,252,117,135
050,05,083,"Arkansas","Logan County",5,35,245,118,127
050,05,083,"Arkansas","Logan County",5,36,245,110,135
050,05,083,"Arkansas","Logan County",5,37,275,135,140
050,05,083,"Arkansas","Logan County",5,38,232,118,114
050,05,083,"Arkansas","Logan County",5,39,233,124,109
050,05,083,"Arkansas","Logan County",5,40,225,106,119
050,05,083,"Arkansas","Logan County",5,41,241,111,130
050,05,083,"Arkansas","Logan County",5,42,233,111,122
050,05,083,"Arkansas","Logan County",5,43,264,128,136
050,05,083,"Arkansas","Logan County",5,44,252,128,124
050,05,083,"Arkansas","Logan County",5,45,260,146,114
050,05,083,"Arkansas","Logan County",5,46,255,129,126
050,05,083,"Arkansas","Logan County",5,47,247,113,134
050,05,083,"Arkansas","Logan County",5,48,263,120,143
050,05,083,"Arkansas","Logan County",5,49,278,133,145
050,05,083,"Arkansas","Logan County",5,50,272,128,144
050,05,083,"Arkansas","Logan County",5,51,284,129,155
050,05,083,"Arkansas","Logan County",5,52,308,157,151
050,05,083,"Arkansas","Logan County",5,53,315,167,148
050,05,083,"Arkansas","Logan County",5,54,287,154,133
050,05,083,"Arkansas","Logan County",5,55,282,140,142
050,05,083,"Arkansas","Logan County",5,56,295,139,156
050,05,083,"Arkansas","Logan County",5,57,317,168,149
050,05,083,"Arkansas","Logan County",5,58,347,189,158
050,05,083,"Arkansas","Logan County",5,59,360,184,176
050,05,083,"Arkansas","Logan County",5,60,331,156,175
050,05,083,"Arkansas","Logan County",5,61,325,148,177
050,05,083,"Arkansas","Logan County",5,62,329,166,163
050,05,083,"Arkansas","Logan County",5,63,315,156,159
050,05,083,"Arkansas","Logan County",5,64,308,154,154
050,05,083,"Arkansas","Logan County",5,65,291,142,149
050,05,083,"Arkansas","Logan County",5,66,289,127,162
050,05,083,"Arkansas","Logan County",5,67,282,135,147
050,05,083,"Arkansas","Logan County",5,68,270,126,144
050,05,083,"Arkansas","Logan County",5,69,294,134,160
050,05,083,"Arkansas","Logan County",5,70,247,109,138
050,05,083,"Arkansas","Logan County",5,71,250,109,141
050,05,083,"Arkansas","Logan County",5,72,229,106,123
050,05,083,"Arkansas","Logan County",5,73,217,106,111
050,05,083,"Arkansas","Logan County",5,74,212,104,108
050,05,083,"Arkansas","Logan County",5,75,205,91,114
050,05,083,"Arkansas","Logan County",5,76,217,99,118
050,05,083,"Arkansas","Logan County",5,77,160,70,90
050,05,083,"Arkansas","Logan County",5,78,141,64,77
050,05,083,"Arkansas","Logan County",5,79,130,56,74
050,05,083,"Arkansas","Logan County",5,80,138,62,76
050,05,083,"Arkansas","Logan County",5,81,144,67,77
050,05,083,"Arkansas","Logan County",5,82,132,57,75
050,05,083,"Arkansas","Logan County",5,83,99,37,62
050,05,083,"Arkansas","Logan County",5,84,88,35,53
050,05,083,"Arkansas","Logan County",5,85,401,168,233
050,05,085,"Arkansas","Lonoke County",1,0,876,449,427
050,05,085,"Arkansas","Lonoke County",1,1,895,451,444
050,05,085,"Arkansas","Lonoke County",1,2,923,464,459
050,05,085,"Arkansas","Lonoke County",1,3,968,500,468
050,05,085,"Arkansas","Lonoke County",1,4,1029,516,513
050,05,085,"Arkansas","Lonoke County",1,5,1066,542,524
050,05,085,"Arkansas","Lonoke County",1,6,1002,498,504
050,05,085,"Arkansas","Lonoke County",1,7,1014,527,487
050,05,085,"Arkansas","Lonoke County",1,8,1049,542,507
050,05,085,"Arkansas","Lonoke County",1,9,1040,540,500
050,05,085,"Arkansas","Lonoke County",1,10,1035,554,481
050,05,085,"Arkansas","Lonoke County",1,11,1096,585,511
050,05,085,"Arkansas","Lonoke County",1,12,1151,608,543
050,05,085,"Arkansas","Lonoke County",1,13,1156,603,553
050,05,085,"Arkansas","Lonoke County",1,14,1100,579,521
050,05,085,"Arkansas","Lonoke County",1,15,1146,586,560
050,05,085,"Arkansas","Lonoke County",1,16,1160,571,589
050,05,085,"Arkansas","Lonoke County",1,17,1111,564,547
050,05,085,"Arkansas","Lonoke County",1,18,914,489,425
050,05,085,"Arkansas","Lonoke County",1,19,729,385,344
050,05,085,"Arkansas","Lonoke County",1,20,787,406,381
050,05,085,"Arkansas","Lonoke County",1,21,830,408,422
050,05,085,"Arkansas","Lonoke County",1,22,850,422,428
050,05,085,"Arkansas","Lonoke County",1,23,841,411,430
050,05,085,"Arkansas","Lonoke County",1,24,923,457,466
050,05,085,"Arkansas","Lonoke County",1,25,969,510,459
050,05,085,"Arkansas","Lonoke County",1,26,941,463,478
050,05,085,"Arkansas","Lonoke County",1,27,956,472,484
050,05,085,"Arkansas","Lonoke County",1,28,978,491,487
050,05,085,"Arkansas","Lonoke County",1,29,1116,562,554
050,05,085,"Arkansas","Lonoke County",1,30,1074,535,539
050,05,085,"Arkansas","Lonoke County",1,31,997,490,507
050,05,085,"Arkansas","Lonoke County",1,32,1049,522,527
050,05,085,"Arkansas","Lonoke County",1,33,1048,512,536
050,05,085,"Arkansas","Lonoke County",1,34,1100,549,551
050,05,085,"Arkansas","Lonoke County",1,35,1044,528,516
050,05,085,"Arkansas","Lonoke County",1,36,1039,520,519
050,05,085,"Arkansas","Lonoke County",1,37,1086,548,538
050,05,085,"Arkansas","Lonoke County",1,38,1069,558,511
050,05,085,"Arkansas","Lonoke County",1,39,1056,520,536
050,05,085,"Arkansas","Lonoke County",1,40,992,484,508
050,05,085,"Arkansas","Lonoke County",1,41,940,467,473
050,05,085,"Arkansas","Lonoke County",1,42,973,446,527
050,05,085,"Arkansas","Lonoke County",1,43,952,476,476
050,05,085,"Arkansas","Lonoke County",1,44,985,509,476
050,05,085,"Arkansas","Lonoke County",1,45,959,484,475
050,05,085,"Arkansas","Lonoke County",1,46,973,481,492
050,05,085,"Arkansas","Lonoke County",1,47,983,467,516
050,05,085,"Arkansas","Lonoke County",1,48,984,489,495
050,05,085,"Arkansas","Lonoke County",1,49,1010,504,506
050,05,085,"Arkansas","Lonoke County",1,50,912,459,453
050,05,085,"Arkansas","Lonoke County",1,51,944,466,478
050,05,085,"Arkansas","Lonoke County",1,52,928,471,457
050,05,085,"Arkansas","Lonoke County",1,53,915,470,445
050,05,085,"Arkansas","Lonoke County",1,54,884,440,444
050,05,085,"Arkansas","Lonoke County",1,55,936,452,484
050,05,085,"Arkansas","Lonoke County",1,56,989,483,506
050,05,085,"Arkansas","Lonoke County",1,57,988,519,469
050,05,085,"Arkansas","Lonoke County",1,58,988,491,497
050,05,085,"Arkansas","Lonoke County",1,59,956,471,485
050,05,085,"Arkansas","Lonoke County",1,60,914,445,469
050,05,085,"Arkansas","Lonoke County",1,61,884,427,457
050,05,085,"Arkansas","Lonoke County",1,62,849,405,444
050,05,085,"Arkansas","Lonoke County",1,63,829,402,427
050,05,085,"Arkansas","Lonoke County",1,64,806,379,427
050,05,085,"Arkansas","Lonoke County",1,65,808,362,446
050,05,085,"Arkansas","Lonoke County",1,66,714,345,369
050,05,085,"Arkansas","Lonoke County",1,67,675,334,341
050,05,085,"Arkansas","Lonoke County",1,68,682,334,348
050,05,085,"Arkansas","Lonoke County",1,69,650,300,350
050,05,085,"Arkansas","Lonoke County",1,70,605,271,334
050,05,085,"Arkansas","Lonoke County",1,71,566,264,302
050,05,085,"Arkansas","Lonoke County",1,72,565,271,294
050,05,085,"Arkansas","Lonoke County",1,73,592,294,298
050,05,085,"Arkansas","Lonoke County",1,74,414,189,225
050,05,085,"Arkansas","Lonoke County",1,75,434,197,237
050,05,085,"Arkansas","Lonoke County",1,76,424,196,228
050,05,085,"Arkansas","Lonoke County",1,77,400,182,218
050,05,085,"Arkansas","Lonoke County",1,78,354,174,180
050,05,085,"Arkansas","Lonoke County",1,79,315,140,175
050,05,085,"Arkansas","Lonoke County",1,80,292,127,165
050,05,085,"Arkansas","Lonoke County",1,81,264,112,152
050,05,085,"Arkansas","Lonoke County",1,82,232,102,130
050,05,085,"Arkansas","Lonoke County",1,83,207,79,128
050,05,085,"Arkansas","Lonoke County",1,84,177,64,113
050,05,085,"Arkansas","Lonoke County",1,85,956,296,660
050,05,085,"Arkansas","Lonoke County",2,0,832,433,399
050,05,085,"Arkansas","Lonoke County",2,1,893,452,441
050,05,085,"Arkansas","Lonoke County",2,2,922,464,458
050,05,085,"Arkansas","Lonoke County",2,3,957,491,466
050,05,085,"Arkansas","Lonoke County",2,4,1020,515,505
050,05,085,"Arkansas","Lonoke County",2,5,1054,535,519
050,05,085,"Arkansas","Lonoke County",2,6,1020,512,508
050,05,085,"Arkansas","Lonoke County",2,7,1009,519,490
050,05,085,"Arkansas","Lonoke County",2,8,1032,535,497
050,05,085,"Arkansas","Lonoke County",2,9,1033,539,494
050,05,085,"Arkansas","Lonoke County",2,10,1037,554,483
050,05,085,"Arkansas","Lonoke County",2,11,1077,578,499
050,05,085,"Arkansas","Lonoke County",2,12,1141,606,535
050,05,085,"Arkansas","Lonoke County",2,13,1157,606,551
050,05,085,"Arkansas","Lonoke County",2,14,1117,588,529
050,05,085,"Arkansas","Lonoke County",2,15,1138,588,550
050,05,085,"Arkansas","Lonoke County",2,16,1160,579,581
050,05,085,"Arkansas","Lonoke County",2,17,1119,566,553
050,05,085,"Arkansas","Lonoke County",2,18,916,487,429
050,05,085,"Arkansas","Lonoke County",2,19,733,387,346
050,05,085,"Arkansas","Lonoke County",2,20,805,417,388
050,05,085,"Arkansas","Lonoke County",2,21,829,411,418
050,05,085,"Arkansas","Lonoke County",2,22,856,422,434
050,05,085,"Arkansas","Lonoke County",2,23,853,417,436
050,05,085,"Arkansas","Lonoke County",2,24,911,454,457
050,05,085,"Arkansas","Lonoke County",2,25,963,500,463
050,05,085,"Arkansas","Lonoke County",2,26,959,478,481
050,05,085,"Arkansas","Lonoke County",2,27,947,466,481
050,05,085,"Arkansas","Lonoke County",2,28,982,492,490
050,05,085,"Arkansas","Lonoke County",2,29,1082,545,537
050,05,085,"Arkansas","Lonoke County",2,30,1097,550,547
050,05,085,"Arkansas","Lonoke County",2,31,1015,502,513
050,05,085,"Arkansas","Lonoke County",2,32,1036,511,525
050,05,085,"Arkansas","Lonoke County",2,33,1048,512,536
050,05,085,"Arkansas","Lonoke County",2,34,1085,539,546
050,05,085,"Arkansas","Lonoke County",2,35,1062,537,525
050,05,085,"Arkansas","Lonoke County",2,36,1029,512,517
050,05,085,"Arkansas","Lonoke County",2,37,1084,547,537
050,05,085,"Arkansas","Lonoke County",2,38,1074,556,518
050,05,085,"Arkansas","Lonoke County",2,39,1050,522,528
050,05,085,"Arkansas","Lonoke County",2,40,1012,496,516
050,05,085,"Arkansas","Lonoke County",2,41,953,470,483
050,05,085,"Arkansas","Lonoke County",2,42,960,449,511
050,05,085,"Arkansas","Lonoke County",2,43,960,471,489
050,05,085,"Arkansas","Lonoke County",2,44,964,495,469
050,05,085,"Arkansas","Lonoke County",2,45,970,494,476
050,05,085,"Arkansas","Lonoke County",2,46,965,479,486
050,05,085,"Arkansas","Lonoke County",2,47,983,473,510
050,05,085,"Arkansas","Lonoke County",2,48,981,482,499
050,05,085,"Arkansas","Lonoke County",2,49,1012,505,507
050,05,085,"Arkansas","Lonoke County",2,50,934,468,466
050,05,085,"Arkansas","Lonoke County",2,51,936,465,471
050,05,085,"Arkansas","Lonoke County",2,52,924,465,459
050,05,085,"Arkansas","Lonoke County",2,53,917,470,447
050,05,085,"Arkansas","Lonoke County",2,54,887,446,441
050,05,085,"Arkansas","Lonoke County",2,55,923,448,475
050,05,085,"Arkansas","Lonoke County",2,56,977,477,500
050,05,085,"Arkansas","Lonoke County",2,57,990,509,481
050,05,085,"Arkansas","Lonoke County",2,58,983,495,488
050,05,085,"Arkansas","Lonoke County",2,59,964,473,491
050,05,085,"Arkansas","Lonoke County",2,60,919,449,470
050,05,085,"Arkansas","Lonoke County",2,61,890,432,458
050,05,085,"Arkansas","Lonoke County",2,62,856,409,447
050,05,085,"Arkansas","Lonoke County",2,63,846,407,439
050,05,085,"Arkansas","Lonoke County",2,64,808,383,425
050,05,085,"Arkansas","Lonoke County",2,65,804,366,438
050,05,085,"Arkansas","Lonoke County",2,66,734,347,387
050,05,085,"Arkansas","Lonoke County",2,67,681,335,346
050,05,085,"Arkansas","Lonoke County",2,68,672,332,340
050,05,085,"Arkansas","Lonoke County",2,69,663,311,352
050,05,085,"Arkansas","Lonoke County",2,70,615,279,336
050,05,085,"Arkansas","Lonoke County",2,71,570,263,307
050,05,085,"Arkansas","Lonoke County",2,72,554,263,291
050,05,085,"Arkansas","Lonoke County",2,73,612,300,312
050,05,085,"Arkansas","Lonoke County",2,74,430,202,228
050,05,085,"Arkansas","Lonoke County",2,75,424,193,231
050,05,085,"Arkansas","Lonoke County",2,76,417,190,227
050,05,085,"Arkansas","Lonoke County",2,77,407,185,222
050,05,085,"Arkansas","Lonoke County",2,78,354,170,184
050,05,085,"Arkansas","Lonoke County",2,79,320,147,173
050,05,085,"Arkansas","Lonoke County",2,80,296,129,167
050,05,085,"Arkansas","Lonoke County",2,81,266,114,152
050,05,085,"Arkansas","Lonoke County",2,82,237,102,135
050,05,085,"Arkansas","Lonoke County",2,83,208,82,126
050,05,085,"Arkansas","Lonoke County",2,84,180,66,114
050,05,085,"Arkansas","Lonoke County",2,85,963,304,659
050,05,085,"Arkansas","Lonoke County",3,0,832,434,398
050,05,085,"Arkansas","Lonoke County",3,1,913,491,422
050,05,085,"Arkansas","Lonoke County",3,2,925,485,440
050,05,085,"Arkansas","Lonoke County",3,3,940,463,477
050,05,085,"Arkansas","Lonoke County",3,4,994,502,492
050,05,085,"Arkansas","Lonoke County",3,5,1044,535,509
050,05,085,"Arkansas","Lonoke County",3,6,1038,519,519
050,05,085,"Arkansas","Lonoke County",3,7,1064,534,530
050,05,085,"Arkansas","Lonoke County",3,8,1047,527,520
050,05,085,"Arkansas","Lonoke County",3,9,1048,540,508
050,05,085,"Arkansas","Lonoke County",3,10,1040,538,502
050,05,085,"Arkansas","Lonoke County",3,11,1022,554,468
050,05,085,"Arkansas","Lonoke County",3,12,1089,579,510
050,05,085,"Arkansas","Lonoke County",3,13,1122,592,530
050,05,085,"Arkansas","Lonoke County",3,14,1145,599,546
050,05,085,"Arkansas","Lonoke County",3,15,1111,583,528
050,05,085,"Arkansas","Lonoke County",3,16,1131,586,545
050,05,085,"Arkansas","Lonoke County",3,17,1143,554,589
050,05,085,"Arkansas","Lonoke County",3,18,962,510,452
050,05,085,"Arkansas","Lonoke County",3,19,690,356,334
050,05,085,"Arkansas","Lonoke County",3,20,816,435,381
050,05,085,"Arkansas","Lonoke County",3,21,852,426,426
050,05,085,"Arkansas","Lonoke County",3,22,886,420,466
050,05,085,"Arkansas","Lonoke County",3,23,906,448,458
050,05,085,"Arkansas","Lonoke County",3,24,937,468,469
050,05,085,"Arkansas","Lonoke County",3,25,958,491,467
050,05,085,"Arkansas","Lonoke County",3,26,1019,526,493
050,05,085,"Arkansas","Lonoke County",3,27,1014,499,515
050,05,085,"Arkansas","Lonoke County",3,28,987,498,489
050,05,085,"Arkansas","Lonoke County",3,29,1016,518,498
050,05,085,"Arkansas","Lonoke County",3,30,1102,570,532
050,05,085,"Arkansas","Lonoke County",3,31,1148,565,583
050,05,085,"Arkansas","Lonoke County",3,32,1047,512,535
050,05,085,"Arkansas","Lonoke County",3,33,1049,525,524
050,05,085,"Arkansas","Lonoke County",3,34,1067,538,529
050,05,085,"Arkansas","Lonoke County",3,35,1069,540,529
050,05,085,"Arkansas","Lonoke County",3,36,1053,519,534
050,05,085,"Arkansas","Lonoke County",3,37,1067,528,539
050,05,085,"Arkansas","Lonoke County",3,38,1077,542,535
050,05,085,"Arkansas","Lonoke County",3,39,1081,550,531
050,05,085,"Arkansas","Lonoke County",3,40,1049,510,539
050,05,085,"Arkansas","Lonoke County",3,41,990,488,502
050,05,085,"Arkansas","Lonoke County",3,42,947,482,465
050,05,085,"Arkansas","Lonoke County",3,43,963,450,513
050,05,085,"Arkansas","Lonoke County",3,44,970,479,491
050,05,085,"Arkansas","Lonoke County",3,45,971,495,476
050,05,085,"Arkansas","Lonoke County",3,46,968,485,483
050,05,085,"Arkansas","Lonoke County",3,47,957,479,478
050,05,085,"Arkansas","Lonoke County",3,48,972,471,501
050,05,085,"Arkansas","Lonoke County",3,49,986,494,492
050,05,085,"Arkansas","Lonoke County",3,50,1003,498,505
050,05,085,"Arkansas","Lonoke County",3,51,945,472,473
050,05,085,"Arkansas","Lonoke County",3,52,944,471,473
050,05,085,"Arkansas","Lonoke County",3,53,928,460,468
050,05,085,"Arkansas","Lonoke County",3,54,889,459,430
050,05,085,"Arkansas","Lonoke County",3,55,876,438,438
050,05,085,"Arkansas","Lonoke County",3,56,914,447,467
050,05,085,"Arkansas","Lonoke County",3,57,966,462,504
050,05,085,"Arkansas","Lonoke County",3,58,983,510,473
050,05,085,"Arkansas","Lonoke County",3,59,970,488,482
050,05,085,"Arkansas","Lonoke County",3,60,958,458,500
050,05,085,"Arkansas","Lonoke County",3,61,913,443,470
050,05,085,"Arkansas","Lonoke County",3,62,871,423,448
050,05,085,"Arkansas","Lonoke County",3,63,842,403,439
050,05,085,"Arkansas","Lonoke County",3,64,839,399,440
050,05,085,"Arkansas","Lonoke County",3,65,786,371,415
050,05,085,"Arkansas","Lonoke County",3,66,794,365,429
050,05,085,"Arkansas","Lonoke County",3,67,720,332,388
050,05,085,"Arkansas","Lonoke County",3,68,679,338,341
050,05,085,"Arkansas","Lonoke County",3,69,664,323,341
050,05,085,"Arkansas","Lonoke County",3,70,645,305,340
050,05,085,"Arkansas","Lonoke County",3,71,590,267,323
050,05,085,"Arkansas","Lonoke County",3,72,562,255,307
050,05,085,"Arkansas","Lonoke County",3,73,547,265,282
050,05,085,"Arkansas","Lonoke County",3,74,601,296,305
050,05,085,"Arkansas","Lonoke County",3,75,408,192,216
050,05,085,"Arkansas","Lonoke County",3,76,409,175,234
050,05,085,"Arkansas","Lonoke County",3,77,382,163,219
050,05,085,"Arkansas","Lonoke County",3,78,396,180,216
050,05,085,"Arkansas","Lonoke County",3,79,326,161,165
050,05,085,"Arkansas","Lonoke County",3,80,291,128,163
050,05,085,"Arkansas","Lonoke County",3,81,268,112,156
050,05,085,"Arkansas","Lonoke County",3,82,258,113,145
050,05,085,"Arkansas","Lonoke County",3,83,214,89,125
050,05,085,"Arkansas","Lonoke County",3,84,195,72,123
050,05,085,"Arkansas","Lonoke County",3,85,970,308,662
050,05,085,"Arkansas","Lonoke County",4,0,878,469,409
050,05,085,"Arkansas","Lonoke County",4,1,869,450,419
050,05,085,"Arkansas","Lonoke County",4,2,906,496,410
050,05,085,"Arkansas","Lonoke County",4,3,946,495,451
050,05,085,"Arkansas","Lonoke County",4,4,954,482,472
050,05,085,"Arkansas","Lonoke County",4,5,1011,521,490
050,05,085,"Arkansas","Lonoke County",4,6,1054,527,527
050,05,085,"Arkansas","Lonoke County",4,7,1060,528,532
050,05,085,"Arkansas","Lonoke County",4,8,1083,540,543
050,05,085,"Arkansas","Lonoke County",4,9,1042,538,504
050,05,085,"Arkansas","Lonoke County",4,10,1046,542,504
050,05,085,"Arkansas","Lonoke County",4,11,1074,553,521
050,05,085,"Arkansas","Lonoke County",4,12,1044,554,490
050,05,085,"Arkansas","Lonoke County",4,13,1117,584,533
050,05,085,"Arkansas","Lonoke County",4,14,1114,576,538
050,05,085,"Arkansas","Lonoke County",4,15,1168,596,572
050,05,085,"Arkansas","Lonoke County",4,16,1125,596,529
050,05,085,"Arkansas","Lonoke County",4,17,1124,593,531
050,05,085,"Arkansas","Lonoke County",4,18,948,487,461
050,05,085,"Arkansas","Lonoke County",4,19,735,381,354
050,05,085,"Arkansas","Lonoke County",4,20,747,392,355
050,05,085,"Arkansas","Lonoke County",4,21,828,445,383
050,05,085,"Arkansas","Lonoke County",4,22,866,422,444
050,05,085,"Arkansas","Lonoke County",4,23,907,443,464
050,05,085,"Arkansas","Lonoke County",4,24,935,466,469
050,05,085,"Arkansas","Lonoke County",4,25,944,476,468
050,05,085,"Arkansas","Lonoke County",4,26,978,500,478
050,05,085,"Arkansas","Lonoke County",4,27,997,506,491
050,05,085,"Arkansas","Lonoke County",4,28,1044,506,538
050,05,085,"Arkansas","Lonoke County",4,29,990,495,495
050,05,085,"Arkansas","Lonoke County",4,30,1031,525,506
050,05,085,"Arkansas","Lonoke County",4,31,1101,578,523
050,05,085,"Arkansas","Lonoke County",4,32,1164,555,609
050,05,085,"Arkansas","Lonoke County",4,33,1045,509,536
050,05,085,"Arkansas","Lonoke County",4,34,1068,526,542
050,05,085,"Arkansas","Lonoke County",4,35,1083,540,543
050,05,085,"Arkansas","Lonoke County",4,36,1073,541,532
050,05,085,"Arkansas","Lonoke County",4,37,1034,513,521
050,05,085,"Arkansas","Lonoke County",4,38,1081,539,542
050,05,085,"Arkansas","Lonoke County",4,39,1106,556,550
050,05,085,"Arkansas","Lonoke County",4,40,1087,554,533
050,05,085,"Arkansas","Lonoke County",4,41,1055,522,533
050,05,085,"Arkansas","Lonoke County",4,42,1014,511,503
050,05,085,"Arkansas","Lonoke County",4,43,947,475,472
050,05,085,"Arkansas","Lonoke County",4,44,973,447,526
050,05,085,"Arkansas","Lonoke County",4,45,938,464,474
050,05,085,"Arkansas","Lonoke County",4,46,942,468,474
050,05,085,"Arkansas","Lonoke County",4,47,984,493,491
050,05,085,"Arkansas","Lonoke County",4,48,944,470,474
050,05,085,"Arkansas","Lonoke County",4,49,994,493,501
050,05,085,"Arkansas","Lonoke County",4,50,963,477,486
050,05,085,"Arkansas","Lonoke County",4,51,1010,508,502
050,05,085,"Arkansas","Lonoke County",4,52,923,456,467
050,05,085,"Arkansas","Lonoke County",4,53,948,459,489
050,05,085,"Arkansas","Lonoke County",4,54,925,453,472
050,05,085,"Arkansas","Lonoke County",4,55,889,449,440
050,05,085,"Arkansas","Lonoke County",4,56,863,437,426
050,05,085,"Arkansas","Lonoke County",4,57,895,439,456
050,05,085,"Arkansas","Lonoke County",4,58,946,461,485
050,05,085,"Arkansas","Lonoke County",4,59,968,501,467
050,05,085,"Arkansas","Lonoke County",4,60,952,469,483
050,05,085,"Arkansas","Lonoke County",4,61,967,458,509
050,05,085,"Arkansas","Lonoke County",4,62,929,449,480
050,05,085,"Arkansas","Lonoke County",4,63,883,424,459
050,05,085,"Arkansas","Lonoke County",4,64,838,398,440
050,05,085,"Arkansas","Lonoke County",4,65,839,397,442
050,05,085,"Arkansas","Lonoke County",4,66,778,362,416
050,05,085,"Arkansas","Lonoke County",4,67,781,351,430
050,05,085,"Arkansas","Lonoke County",4,68,715,330,385
050,05,085,"Arkansas","Lonoke County",4,69,682,329,353
050,05,085,"Arkansas","Lonoke County",4,70,665,322,343
050,05,085,"Arkansas","Lonoke County",4,71,619,289,330
050,05,085,"Arkansas","Lonoke County",4,72,570,251,319
050,05,085,"Arkansas","Lonoke County",4,73,554,251,303
050,05,085,"Arkansas","Lonoke County",4,74,546,259,287
050,05,085,"Arkansas","Lonoke County",4,75,567,269,298
050,05,085,"Arkansas","Lonoke County",4,76,387,177,210
050,05,085,"Arkansas","Lonoke County",4,77,377,157,220
050,05,085,"Arkansas","Lonoke County",4,78,375,161,214
050,05,085,"Arkansas","Lonoke County",4,79,365,161,204
050,05,085,"Arkansas","Lonoke County",4,80,317,148,169
050,05,085,"Arkansas","Lonoke County",4,81,274,120,154
050,05,085,"Arkansas","Lonoke County",4,82,262,108,154
050,05,085,"Arkansas","Lonoke County",4,83,231,100,131
050,05,085,"Arkansas","Lonoke County",4,84,199,78,121
050,05,085,"Arkansas","Lonoke County",4,85,999,319,680
050,05,085,"Arkansas","Lonoke County",5,0,873,465,408
050,05,085,"Arkansas","Lonoke County",5,1,900,492,408
050,05,085,"Arkansas","Lonoke County",5,2,880,461,419
050,05,085,"Arkansas","Lonoke County",5,3,917,507,410
050,05,085,"Arkansas","Lonoke County",5,4,974,516,458
050,05,085,"Arkansas","Lonoke County",5,5,949,470,479
050,05,085,"Arkansas","Lonoke County",5,6,1038,541,497
050,05,085,"Arkansas","Lonoke County",5,7,1053,534,519
050,05,085,"Arkansas","Lonoke County",5,8,1058,527,531
050,05,085,"Arkansas","Lonoke County",5,9,1070,525,545
050,05,085,"Arkansas","Lonoke County",5,10,1072,557,515
050,05,085,"Arkansas","Lonoke County",5,11,1065,550,515
050,05,085,"Arkansas","Lonoke County",5,12,1096,568,528
050,05,085,"Arkansas","Lonoke County",5,13,1070,553,517
050,05,085,"Arkansas","Lonoke County",5,14,1137,593,544
050,05,085,"Arkansas","Lonoke County",5,15,1132,582,550
050,05,085,"Arkansas","Lonoke County",5,16,1146,591,555
050,05,085,"Arkansas","Lonoke County",5,17,1128,588,540
050,05,085,"Arkansas","Lonoke County",5,18,929,517,412
050,05,085,"Arkansas","Lonoke County",5,19,715,367,348
050,05,085,"Arkansas","Lonoke County",5,20,839,440,399
050,05,085,"Arkansas","Lonoke County",5,21,763,395,368
050,05,085,"Arkansas","Lonoke County",5,22,900,481,419
050,05,085,"Arkansas","Lonoke County",5,23,909,436,473
050,05,085,"Arkansas","Lonoke County",5,24,978,491,487
050,05,085,"Arkansas","Lonoke County",5,25,940,467,473
050,05,085,"Arkansas","Lonoke County",5,26,974,491,483
050,05,085,"Arkansas","Lonoke County",5,27,1004,502,502
050,05,085,"Arkansas","Lonoke County",5,28,1016,488,528
050,05,085,"Arkansas","Lonoke County",5,29,1036,516,520
050,05,085,"Arkansas","Lonoke County",5,30,1017,506,511
050,05,085,"Arkansas","Lonoke County",5,31,1025,525,500
050,05,085,"Arkansas","Lonoke County",5,32,1113,573,540
050,05,085,"Arkansas","Lonoke County",5,33,1151,553,598
050,05,085,"Arkansas","Lonoke County",5,34,1068,524,544
050,05,085,"Arkansas","Lonoke County",5,35,1072,541,531
050,05,085,"Arkansas","Lonoke County",5,36,1116,554,562
050,05,085,"Arkansas","Lonoke County",5,37,1080,548,532
050,05,085,"Arkansas","Lonoke County",5,38,1044,525,519
050,05,085,"Arkansas","Lonoke County",5,39,1061,531,530
050,05,085,"Arkansas","Lonoke County",5,40,1143,584,559
050,05,085,"Arkansas","Lonoke County",5,41,1097,565,532
050,05,085,"Arkansas","Lonoke County",5,42,1053,520,533
050,05,085,"Arkansas","Lonoke County",5,43,1040,529,511
050,05,085,"Arkansas","Lonoke County",5,44,956,472,484
050,05,085,"Arkansas","Lonoke County",5,45,962,449,513
050,05,085,"Arkansas","Lonoke County",5,46,919,456,463
050,05,085,"Arkansas","Lonoke County",5,47,952,476,476
050,05,085,"Arkansas","Lonoke County",5,48,979,485,494
050,05,085,"Arkansas","Lonoke County",5,49,946,468,478
050,05,085,"Arkansas","Lonoke County",5,50,988,489,499
050,05,085,"Arkansas","Lonoke County",5,51,970,480,490
050,05,085,"Arkansas","Lonoke County",5,52,1008,490,518
050,05,085,"Arkansas","Lonoke County",5,53,939,470,469
050,05,085,"Arkansas","Lonoke County",5,54,939,460,479
050,05,085,"Arkansas","Lonoke County",5,55,935,453,482
050,05,085,"Arkansas","Lonoke County",5,56,892,445,447
050,05,085,"Arkansas","Lonoke County",5,57,866,421,445
050,05,085,"Arkansas","Lonoke County",5,58,889,431,458
050,05,085,"Arkansas","Lonoke County",5,59,961,467,494
050,05,085,"Arkansas","Lonoke County",5,60,965,496,469
050,05,085,"Arkansas","Lonoke County",5,61,943,463,480
050,05,085,"Arkansas","Lonoke County",5,62,957,452,505
050,05,085,"Arkansas","Lonoke County",5,63,941,448,493
050,05,085,"Arkansas","Lonoke County",5,64,876,413,463
050,05,085,"Arkansas","Lonoke County",5,65,839,389,450
050,05,085,"Arkansas","Lonoke County",5,66,831,396,435
050,05,085,"Arkansas","Lonoke County",5,67,770,354,416
050,05,085,"Arkansas","Lonoke County",5,68,771,345,426
050,05,085,"Arkansas","Lonoke County",5,69,719,330,389
050,05,085,"Arkansas","Lonoke County",5,70,674,335,339
050,05,085,"Arkansas","Lonoke County",5,71,642,311,331
050,05,085,"Arkansas","Lonoke County",5,72,616,281,335
050,05,085,"Arkansas","Lonoke County",5,73,569,248,321
050,05,085,"Arkansas","Lonoke County",5,74,552,252,300
050,05,085,"Arkansas","Lonoke County",5,75,517,241,276
050,05,085,"Arkansas","Lonoke County",5,76,545,250,295
050,05,085,"Arkansas","Lonoke County",5,77,359,160,199
050,05,085,"Arkansas","Lonoke County",5,78,362,149,213
050,05,085,"Arkansas","Lonoke County",5,79,350,148,202
050,05,085,"Arkansas","Lonoke County",5,80,349,149,200
050,05,085,"Arkansas","Lonoke County",5,81,293,136,157
050,05,085,"Arkansas","Lonoke County",5,82,257,111,146
050,05,085,"Arkansas","Lonoke County",5,83,239,93,146
050,05,085,"Arkansas","Lonoke County",5,84,212,84,128
050,05,085,"Arkansas","Lonoke County",5,85,1054,347,707
050,05,087,"Arkansas","Madison County",1,0,182,94,88
050,05,087,"Arkansas","Madison County",1,1,178,92,86
050,05,087,"Arkansas","Madison County",1,2,217,106,111
050,05,087,"Arkansas","Madison County",1,3,214,103,111
050,05,087,"Arkansas","Madison County",1,4,218,97,121
050,05,087,"Arkansas","Madison County",1,5,198,90,108
050,05,087,"Arkansas","Madison County",1,6,214,109,105
050,05,087,"Arkansas","Madison County",1,7,187,98,89
050,05,087,"Arkansas","Madison County",1,8,208,118,90
050,05,087,"Arkansas","Madison County",1,9,202,111,91
050,05,087,"Arkansas","Madison County",1,10,203,104,99
050,05,087,"Arkansas","Madison County",1,11,204,103,101
050,05,087,"Arkansas","Madison County",1,12,224,114,110
050,05,087,"Arkansas","Madison County",1,13,244,130,114
050,05,087,"Arkansas","Madison County",1,14,223,112,111
050,05,087,"Arkansas","Madison County",1,15,229,114,115
050,05,087,"Arkansas","Madison County",1,16,221,104,117
050,05,087,"Arkansas","Madison County",1,17,235,122,113
050,05,087,"Arkansas","Madison County",1,18,198,120,78
050,05,087,"Arkansas","Madison County",1,19,153,83,70
050,05,087,"Arkansas","Madison County",1,20,162,70,92
050,05,087,"Arkansas","Madison County",1,21,160,81,79
050,05,087,"Arkansas","Madison County",1,22,165,82,83
050,05,087,"Arkansas","Madison County",1,23,174,84,90
050,05,087,"Arkansas","Madison County",1,24,178,88,90
050,05,087,"Arkansas","Madison County",1,25,186,85,101
050,05,087,"Arkansas","Madison County",1,26,199,94,105
050,05,087,"Arkansas","Madison County",1,27,177,90,87
050,05,087,"Arkansas","Madison County",1,28,182,102,80
050,05,087,"Arkansas","Madison County",1,29,205,104,101
050,05,087,"Arkansas","Madison County",1,30,205,101,104
050,05,087,"Arkansas","Madison County",1,31,200,108,92
050,05,087,"Arkansas","Madison County",1,32,199,101,98
050,05,087,"Arkansas","Madison County",1,33,188,92,96
050,05,087,"Arkansas","Madison County",1,34,188,92,96
050,05,087,"Arkansas","Madison County",1,35,187,100,87
050,05,087,"Arkansas","Madison County",1,36,189,103,86
050,05,087,"Arkansas","Madison County",1,37,200,113,87
050,05,087,"Arkansas","Madison County",1,38,178,90,88
050,05,087,"Arkansas","Madison County",1,39,174,86,88
050,05,087,"Arkansas","Madison County",1,40,207,105,102
050,05,087,"Arkansas","Madison County",1,41,189,98,91
050,05,087,"Arkansas","Madison County",1,42,193,97,96
050,05,087,"Arkansas","Madison County",1,43,189,100,89
050,05,087,"Arkansas","Madison County",1,44,183,98,85
050,05,087,"Arkansas","Madison County",1,45,169,83,86
050,05,087,"Arkansas","Madison County",1,46,179,88,91
050,05,087,"Arkansas","Madison County",1,47,192,82,110
050,05,087,"Arkansas","Madison County",1,48,200,95,105
050,05,087,"Arkansas","Madison County",1,49,235,115,120
050,05,087,"Arkansas","Madison County",1,50,211,122,89
050,05,087,"Arkansas","Madison County",1,51,196,106,90
050,05,087,"Arkansas","Madison County",1,52,196,108,88
050,05,087,"Arkansas","Madison County",1,53,212,109,103
050,05,087,"Arkansas","Madison County",1,54,227,109,118
050,05,087,"Arkansas","Madison County",1,55,248,128,120
050,05,087,"Arkansas","Madison County",1,56,246,128,118
050,05,087,"Arkansas","Madison County",1,57,236,124,112
050,05,087,"Arkansas","Madison County",1,58,260,129,131
050,05,087,"Arkansas","Madison County",1,59,258,145,113
050,05,087,"Arkansas","Madison County",1,60,252,133,119
050,05,087,"Arkansas","Madison County",1,61,239,119,120
050,05,087,"Arkansas","Madison County",1,62,245,119,126
050,05,087,"Arkansas","Madison County",1,63,222,111,111
050,05,087,"Arkansas","Madison County",1,64,224,104,120
050,05,087,"Arkansas","Madison County",1,65,243,134,109
050,05,087,"Arkansas","Madison County",1,66,212,112,100
050,05,087,"Arkansas","Madison County",1,67,207,91,116
050,05,087,"Arkansas","Madison County",1,68,214,102,112
050,05,087,"Arkansas","Madison County",1,69,201,104,97
050,05,087,"Arkansas","Madison County",1,70,184,91,93
050,05,087,"Arkansas","Madison County",1,71,194,91,103
050,05,087,"Arkansas","Madison County",1,72,177,82,95
050,05,087,"Arkansas","Madison County",1,73,177,90,87
050,05,087,"Arkansas","Madison County",1,74,125,62,63
050,05,087,"Arkansas","Madison County",1,75,131,62,69
050,05,087,"Arkansas","Madison County",1,76,123,61,62
050,05,087,"Arkansas","Madison County",1,77,146,71,75
050,05,087,"Arkansas","Madison County",1,78,110,57,53
050,05,087,"Arkansas","Madison County",1,79,101,50,51
050,05,087,"Arkansas","Madison County",1,80,91,37,54
050,05,087,"Arkansas","Madison County",1,81,82,37,45
050,05,087,"Arkansas","Madison County",1,82,74,26,48
050,05,087,"Arkansas","Madison County",1,83,65,28,37
050,05,087,"Arkansas","Madison County",1,84,73,29,44
050,05,087,"Arkansas","Madison County",1,85,333,125,208
050,05,087,"Arkansas","Madison County",2,0,177,87,90
050,05,087,"Arkansas","Madison County",2,1,177,90,87
050,05,087,"Arkansas","Madison County",2,2,206,103,103
050,05,087,"Arkansas","Madison County",2,3,217,104,113
050,05,087,"Arkansas","Madison County",2,4,218,100,118
050,05,087,"Arkansas","Madison County",2,5,201,91,110
050,05,087,"Arkansas","Madison County",2,6,209,104,105
050,05,087,"Arkansas","Madison County",2,7,193,100,93
050,05,087,"Arkansas","Madison County",2,8,203,114,89
050,05,087,"Arkansas","Madison County",2,9,201,112,89
050,05,087,"Arkansas","Madison County",2,10,205,107,98
050,05,087,"Arkansas","Madison County",2,11,204,104,100
050,05,087,"Arkansas","Madison County",2,12,222,113,109
050,05,087,"Arkansas","Madison County",2,13,238,124,114
050,05,087,"Arkansas","Madison County",2,14,229,116,113
050,05,087,"Arkansas","Madison County",2,15,228,113,115
050,05,087,"Arkansas","Madison County",2,16,226,109,117
050,05,087,"Arkansas","Madison County",2,17,229,118,111
050,05,087,"Arkansas","Madison County",2,18,195,114,81
050,05,087,"Arkansas","Madison County",2,19,154,85,69
050,05,087,"Arkansas","Madison County",2,20,166,75,91
050,05,087,"Arkansas","Madison County",2,21,162,79,83
050,05,087,"Arkansas","Madison County",2,22,164,81,83
050,05,087,"Arkansas","Madison County",2,23,173,83,90
050,05,087,"Arkansas","Madison County",2,24,174,84,90
050,05,087,"Arkansas","Madison County",2,25,184,87,97
050,05,087,"Arkansas","Madison County",2,26,196,93,103
050,05,087,"Arkansas","Madison County",2,27,181,92,89
050,05,087,"Arkansas","Madison County",2,28,180,98,82
050,05,087,"Arkansas","Madison County",2,29,200,102,98
050,05,087,"Arkansas","Madison County",2,30,208,104,104
050,05,087,"Arkansas","Madison County",2,31,205,109,96
050,05,087,"Arkansas","Madison County",2,32,197,101,96
050,05,087,"Arkansas","Madison County",2,33,190,94,96
050,05,087,"Arkansas","Madison County",2,34,188,93,95
050,05,087,"Arkansas","Madison County",2,35,191,100,91
050,05,087,"Arkansas","Madison County",2,36,189,102,87
050,05,087,"Arkansas","Madison County",2,37,198,111,87
050,05,087,"Arkansas","Madison County",2,38,186,98,88
050,05,087,"Arkansas","Madison County",2,39,175,87,88
050,05,087,"Arkansas","Madison County",2,40,203,103,100
050,05,087,"Arkansas","Madison County",2,41,195,101,94
050,05,087,"Arkansas","Madison County",2,42,189,97,92
050,05,087,"Arkansas","Madison County",2,43,193,101,92
050,05,087,"Arkansas","Madison County",2,44,181,96,85
050,05,087,"Arkansas","Madison County",2,45,173,87,86
050,05,087,"Arkansas","Madison County",2,46,178,87,91
050,05,087,"Arkansas","Madison County",2,47,188,84,104
050,05,087,"Arkansas","Madison County",2,48,200,91,109
050,05,087,"Arkansas","Madison County",2,49,230,113,117
050,05,087,"Arkansas","Madison County",2,50,217,120,97
050,05,087,"Arkansas","Madison County",2,51,200,111,89
050,05,087,"Arkansas","Madison County",2,52,197,109,88
050,05,087,"Arkansas","Madison County",2,53,211,110,101
050,05,087,"Arkansas","Madison County",2,54,223,109,114
050,05,087,"Arkansas","Madison County",2,55,243,124,119
050,05,087,"Arkansas","Madison County",2,56,249,130,119
050,05,087,"Arkansas","Madison County",2,57,239,125,114
050,05,087,"Arkansas","Madison County",2,58,254,127,127
050,05,087,"Arkansas","Madison County",2,59,260,142,118
050,05,087,"Arkansas","Madison County",2,60,255,137,118
050,05,087,"Arkansas","Madison County",2,61,242,122,120
050,05,087,"Arkansas","Madison County",2,62,244,119,125
050,05,087,"Arkansas","Madison County",2,63,228,113,115
050,05,087,"Arkansas","Madison County",2,64,221,103,118
050,05,087,"Arkansas","Madison County",2,65,240,129,111
050,05,087,"Arkansas","Madison County",2,66,219,118,101
050,05,087,"Arkansas","Madison County",2,67,206,95,111
050,05,087,"Arkansas","Madison County",2,68,212,99,113
050,05,087,"Arkansas","Madison County",2,69,205,104,101
050,05,087,"Arkansas","Madison County",2,70,186,93,93
050,05,087,"Arkansas","Madison County",2,71,190,90,100
050,05,087,"Arkansas","Madison County",2,72,179,84,95
050,05,087,"Arkansas","Madison County",2,73,187,93,94
050,05,087,"Arkansas","Madison County",2,74,130,65,65
050,05,087,"Arkansas","Madison County",2,75,129,61,68
050,05,087,"Arkansas","Madison County",2,76,123,62,61
050,05,087,"Arkansas","Madison County",2,77,142,68,74
050,05,087,"Arkansas","Madison County",2,78,116,59,57
050,05,087,"Arkansas","Madison County",2,79,100,50,50
050,05,087,"Arkansas","Madison County",2,80,94,39,55
050,05,087,"Arkansas","Madison County",2,81,82,36,46
050,05,087,"Arkansas","Madison County",2,82,77,28,49
050,05,087,"Arkansas","Madison County",2,83,67,28,39
050,05,087,"Arkansas","Madison County",2,84,73,28,45
050,05,087,"Arkansas","Madison County",2,85,336,130,206
050,05,087,"Arkansas","Madison County",3,0,229,110,119
050,05,087,"Arkansas","Madison County",3,1,181,85,96
050,05,087,"Arkansas","Madison County",3,2,187,93,94
050,05,087,"Arkansas","Madison County",3,3,211,109,102
050,05,087,"Arkansas","Madison County",3,4,227,104,123
050,05,087,"Arkansas","Madison County",3,5,218,105,113
050,05,087,"Arkansas","Madison County",3,6,212,95,117
050,05,087,"Arkansas","Madison County",3,7,221,110,111
050,05,087,"Arkansas","Madison County",3,8,201,110,91
050,05,087,"Arkansas","Madison County",3,9,220,125,95
050,05,087,"Arkansas","Madison County",3,10,219,119,100
050,05,087,"Arkansas","Madison County",3,11,215,116,99
050,05,087,"Arkansas","Madison County",3,12,221,112,109
050,05,087,"Arkansas","Madison County",3,13,217,107,110
050,05,087,"Arkansas","Madison County",3,14,247,129,118
050,05,087,"Arkansas","Madison County",3,15,247,128,119
050,05,087,"Arkansas","Madison County",3,16,234,117,117
050,05,087,"Arkansas","Madison County",3,17,230,109,121
050,05,087,"Arkansas","Madison County",3,18,197,105,92
050,05,087,"Arkansas","Madison County",3,19,148,85,63
050,05,087,"Arkansas","Madison County",3,20,167,90,77
050,05,087,"Arkansas","Madison County",3,21,173,79,94
050,05,087,"Arkansas","Madison County",3,22,169,79,90
050,05,087,"Arkansas","Madison County",3,23,180,89,91
050,05,087,"Arkansas","Madison County",3,24,179,87,92
050,05,087,"Arkansas","Madison County",3,25,179,91,88
050,05,087,"Arkansas","Madison County",3,26,191,92,99
050,05,087,"Arkansas","Madison County",3,27,207,96,111
050,05,087,"Arkansas","Madison County",3,28,190,98,92
050,05,087,"Arkansas","Madison County",3,29,199,112,87
050,05,087,"Arkansas","Madison County",3,30,213,111,102
050,05,087,"Arkansas","Madison County",3,31,206,106,100
050,05,087,"Arkansas","Madison County",3,32,209,107,102
050,05,087,"Arkansas","Madison County",3,33,194,100,94
050,05,087,"Arkansas","Madison County",3,34,206,105,101
050,05,087,"Arkansas","Madison County",3,35,196,101,95
050,05,087,"Arkansas","Madison County",3,36,202,102,100
050,05,087,"Arkansas","Madison County",3,37,200,106,94
050,05,087,"Arkansas","Madison County",3,38,214,113,101
050,05,087,"Arkansas","Madison County",3,39,191,102,89
050,05,087,"Arkansas","Madison County",3,40,188,86,102
050,05,087,"Arkansas","Madison County",3,41,204,106,98
050,05,087,"Arkansas","Madison County",3,42,186,96,90
050,05,087,"Arkansas","Madison County",3,43,189,96,93
050,05,087,"Arkansas","Madison County",3,44,194,103,91
050,05,087,"Arkansas","Madison County",3,45,181,99,82
050,05,087,"Arkansas","Madison County",3,46,186,87,99
050,05,087,"Arkansas","Madison County",3,47,191,94,97
050,05,087,"Arkansas","Madison County",3,48,195,90,105
050,05,087,"Arkansas","Madison County",3,49,199,94,105
050,05,087,"Arkansas","Madison County",3,50,227,115,112
050,05,087,"Arkansas","Madison County",3,51,214,120,94
050,05,087,"Arkansas","Madison County",3,52,212,114,98
050,05,087,"Arkansas","Madison County",3,53,194,109,85
050,05,087,"Arkansas","Madison County",3,54,221,115,106
050,05,087,"Arkansas","Madison County",3,55,232,115,117
050,05,087,"Arkansas","Madison County",3,56,245,126,119
050,05,087,"Arkansas","Madison County",3,57,251,130,121
050,05,087,"Arkansas","Madison County",3,58,238,120,118
050,05,087,"Arkansas","Madison County",3,59,264,129,135
050,05,087,"Arkansas","Madison County",3,60,261,138,123
050,05,087,"Arkansas","Madison County",3,61,251,135,116
050,05,087,"Arkansas","Madison County",3,62,246,117,129
050,05,087,"Arkansas","Madison County",3,63,252,127,125
050,05,087,"Arkansas","Madison County",3,64,214,108,106
050,05,087,"Arkansas","Madison County",3,65,215,102,113
050,05,087,"Arkansas","Madison County",3,66,231,124,107
050,05,087,"Arkansas","Madison County",3,67,216,113,103
050,05,087,"Arkansas","Madison County",3,68,211,96,115
050,05,087,"Arkansas","Madison County",3,69,213,97,116
050,05,087,"Arkansas","Madison County",3,70,194,99,95
050,05,087,"Arkansas","Madison County",3,71,187,95,92
050,05,087,"Arkansas","Madison County",3,72,185,84,101
050,05,087,"Arkansas","Madison County",3,73,177,84,93
050,05,087,"Arkansas","Madison County",3,74,181,90,91
050,05,087,"Arkansas","Madison County",3,75,129,61,68
050,05,087,"Arkansas","Madison County",3,76,115,56,59
050,05,087,"Arkansas","Madison County",3,77,113,60,53
050,05,087,"Arkansas","Madison County",3,78,145,71,74
050,05,087,"Arkansas","Madison County",3,79,110,57,53
050,05,087,"Arkansas","Madison County",3,80,89,46,43
050,05,087,"Arkansas","Madison County",3,81,91,40,51
050,05,087,"Arkansas","Madison County",3,82,78,33,45
050,05,087,"Arkansas","Madison County",3,83,69,28,41
050,05,087,"Arkansas","Madison County",3,84,76,24,52
050,05,087,"Arkansas","Madison County",3,85,337,130,207
050,05,087,"Arkansas","Madison County",4,0,217,99,118
050,05,087,"Arkansas","Madison County",4,1,234,120,114
050,05,087,"Arkansas","Madison County",4,2,197,94,103
050,05,087,"Arkansas","Madison County",4,3,202,101,101
050,05,087,"Arkansas","Madison County",4,4,234,122,112
050,05,087,"Arkansas","Madison County",4,5,247,112,135
050,05,087,"Arkansas","Madison County",4,6,239,120,119
050,05,087,"Arkansas","Madison County",4,7,224,104,120
050,05,087,"Arkansas","Madison County",4,8,234,119,115
050,05,087,"Arkansas","Madison County",4,9,214,115,99
050,05,087,"Arkansas","Madison County",4,10,226,118,108
050,05,087,"Arkansas","Madison County",4,11,236,126,110
050,05,087,"Arkansas","Madison County",4,12,237,129,108
050,05,087,"Arkansas","Madison County",4,13,224,113,111
050,05,087,"Arkansas","Madison County",4,14,228,110,118
050,05,087,"Arkansas","Madison County",4,15,256,136,120
050,05,087,"Arkansas","Madison County",4,16,254,135,119
050,05,087,"Arkansas","Madison County",4,17,232,115,117
050,05,087,"Arkansas","Madison County",4,18,200,100,100
050,05,087,"Arkansas","Madison County",4,19,148,79,69
050,05,087,"Arkansas","Madison County",4,20,160,95,65
050,05,087,"Arkansas","Madison County",4,21,173,90,83
050,05,087,"Arkansas","Madison County",4,22,194,84,110
050,05,087,"Arkansas","Madison County",4,23,192,92,100
050,05,087,"Arkansas","Madison County",4,24,197,97,100
050,05,087,"Arkansas","Madison County",4,25,206,101,105
050,05,087,"Arkansas","Madison County",4,26,195,97,98
050,05,087,"Arkansas","Madison County",4,27,203,101,102
050,05,087,"Arkansas","Madison County",4,28,206,92,114
050,05,087,"Arkansas","Madison County",4,29,199,102,97
050,05,087,"Arkansas","Madison County",4,30,195,111,84
050,05,087,"Arkansas","Madison County",4,31,220,117,103
050,05,087,"Arkansas","Madison County",4,32,212,110,102
050,05,087,"Arkansas","Madison County",4,33,221,107,114
050,05,087,"Arkansas","Madison County",4,34,201,97,104
050,05,087,"Arkansas","Madison County",4,35,213,108,105
050,05,087,"Arkansas","Madison County",4,36,216,117,99
050,05,087,"Arkansas","Madison County",4,37,203,101,102
050,05,087,"Arkansas","Madison County",4,38,207,104,103
050,05,087,"Arkansas","Madison County",4,39,223,115,108
050,05,087,"Arkansas","Madison County",4,40,213,114,99
050,05,087,"Arkansas","Madison County",4,41,193,94,99
050,05,087,"Arkansas","Madison County",4,42,218,115,103
050,05,087,"Arkansas","Madison County",4,43,186,98,88
050,05,087,"Arkansas","Madison County",4,44,199,102,97
050,05,087,"Arkansas","Madison County",4,45,201,105,96
050,05,087,"Arkansas","Madison County",4,46,197,108,89
050,05,087,"Arkansas","Madison County",4,47,187,88,99
050,05,087,"Arkansas","Madison County",4,48,196,95,101
050,05,087,"Arkansas","Madison County",4,49,194,87,107
050,05,087,"Arkansas","Madison County",4,50,198,98,100
050,05,087,"Arkansas","Madison County",4,51,244,122,122
050,05,087,"Arkansas","Madison County",4,52,209,109,100
050,05,087,"Arkansas","Madison County",4,53,222,120,102
050,05,087,"Arkansas","Madison County",4,54,206,118,88
050,05,087,"Arkansas","Madison County",4,55,223,114,109
050,05,087,"Arkansas","Madison County",4,56,231,114,117
050,05,087,"Arkansas","Madison County",4,57,254,136,118
050,05,087,"Arkansas","Madison County",4,58,259,131,128
050,05,087,"Arkansas","Madison County",4,59,240,124,116
050,05,087,"Arkansas","Madison County",4,60,261,129,132
050,05,087,"Arkansas","Madison County",4,61,257,139,118
050,05,087,"Arkansas","Madison County",4,62,255,132,123
050,05,087,"Arkansas","Madison County",4,63,245,119,126
050,05,087,"Arkansas","Madison County",4,64,250,126,124
050,05,087,"Arkansas","Madison County",4,65,210,106,104
050,05,087,"Arkansas","Madison County",4,66,210,103,107
050,05,087,"Arkansas","Madison County",4,67,229,121,108
050,05,087,"Arkansas","Madison County",4,68,217,112,105
050,05,087,"Arkansas","Madison County",4,69,208,90,118
050,05,087,"Arkansas","Madison County",4,70,203,93,110
050,05,087,"Arkansas","Madison County",4,71,190,100,90
050,05,087,"Arkansas","Madison County",4,72,179,90,89
050,05,087,"Arkansas","Madison County",4,73,177,81,96
050,05,087,"Arkansas","Madison County",4,74,175,79,96
050,05,087,"Arkansas","Madison County",4,75,179,86,93
050,05,087,"Arkansas","Madison County",4,76,119,60,59
050,05,087,"Arkansas","Madison County",4,77,105,57,48
050,05,087,"Arkansas","Madison County",4,78,115,59,56
050,05,087,"Arkansas","Madison County",4,79,134,67,67
050,05,087,"Arkansas","Madison County",4,80,106,55,51
050,05,087,"Arkansas","Madison County",4,81,77,40,37
050,05,087,"Arkansas","Madison County",4,82,88,38,50
050,05,087,"Arkansas","Madison County",4,83,75,32,43
050,05,087,"Arkansas","Madison County",4,84,77,23,54
050,05,087,"Arkansas","Madison County",4,85,333,131,202
050,05,087,"Arkansas","Madison County",5,0,215,99,116
050,05,087,"Arkansas","Madison County",5,1,252,115,137
050,05,087,"Arkansas","Madison County",5,2,242,125,117
050,05,087,"Arkansas","Madison County",5,3,190,94,96
050,05,087,"Arkansas","Madison County",5,4,197,104,93
050,05,087,"Arkansas","Madison County",5,5,252,135,117
050,05,087,"Arkansas","Madison County",5,6,248,111,137
050,05,087,"Arkansas","Madison County",5,7,248,128,120
050,05,087,"Arkansas","Madison County",5,8,233,111,122
050,05,087,"Arkansas","Madison County",5,9,232,121,111
050,05,087,"Arkansas","Madison County",5,10,223,119,104
050,05,087,"Arkansas","Madison County",5,11,237,121,116
050,05,087,"Arkansas","Madison County",5,12,241,132,109
050,05,087,"Arkansas","Madison County",5,13,241,128,113
050,05,087,"Arkansas","Madison County",5,14,230,118,112
050,05,087,"Arkansas","Madison County",5,15,233,117,116
050,05,087,"Arkansas","Madison County",5,16,257,138,119
050,05,087,"Arkansas","Madison County",5,17,257,138,119
050,05,087,"Arkansas","Madison County",5,18,191,101,90
050,05,087,"Arkansas","Madison County",5,19,169,85,84
050,05,087,"Arkansas","Madison County",5,20,160,88,72
050,05,087,"Arkansas","Madison County",5,21,163,100,63
050,05,087,"Arkansas","Madison County",5,22,181,82,99
050,05,087,"Arkansas","Madison County",5,23,199,88,111
050,05,087,"Arkansas","Madison County",5,24,213,107,106
050,05,087,"Arkansas","Madison County",5,25,197,104,93
050,05,087,"Arkansas","Madison County",5,26,199,99,100
050,05,087,"Arkansas","Madison County",5,27,205,102,103
050,05,087,"Arkansas","Madison County",5,28,200,102,98
050,05,087,"Arkansas","Madison County",5,29,209,98,111
050,05,087,"Arkansas","Madison County",5,30,204,102,102
050,05,087,"Arkansas","Madison County",5,31,208,113,95
050,05,087,"Arkansas","Madison County",5,32,237,122,115
050,05,087,"Arkansas","Madison County",5,33,224,118,106
050,05,087,"Arkansas","Madison County",5,34,242,113,129
050,05,087,"Arkansas","Madison County",5,35,210,98,112
050,05,087,"Arkansas","Madison County",5,36,213,103,110
050,05,087,"Arkansas","Madison County",5,37,231,125,106
050,05,087,"Arkansas","Madison County",5,38,206,107,99
050,05,087,"Arkansas","Madison County",5,39,213,108,105
050,05,087,"Arkansas","Madison County",5,40,231,124,107
050,05,087,"Arkansas","Madison County",5,41,229,120,109
050,05,087,"Arkansas","Madison County",5,42,197,95,102
050,05,087,"Arkansas","Madison County",5,43,225,115,110
050,05,087,"Arkansas","Madison County",5,44,192,105,87
050,05,087,"Arkansas","Madison County",5,45,195,102,93
050,05,087,"Arkansas","Madison County",5,46,204,106,98
050,05,087,"Arkansas","Madison County",5,47,201,112,89
050,05,087,"Arkansas","Madison County",5,48,190,90,100
050,05,087,"Arkansas","Madison County",5,49,195,94,101
050,05,087,"Arkansas","Madison County",5,50,190,82,108
050,05,087,"Arkansas","Madison County",5,51,198,96,102
050,05,087,"Arkansas","Madison County",5,52,251,121,130
050,05,087,"Arkansas","Madison County",5,53,213,114,99
050,05,087,"Arkansas","Madison County",5,54,225,124,101
050,05,087,"Arkansas","Madison County",5,55,209,115,94
050,05,087,"Arkansas","Madison County",5,56,224,116,108
050,05,087,"Arkansas","Madison County",5,57,236,112,124
050,05,087,"Arkansas","Madison County",5,58,262,143,119
050,05,087,"Arkansas","Madison County",5,59,274,138,136
050,05,087,"Arkansas","Madison County",5,60,241,119,122
050,05,087,"Arkansas","Madison County",5,61,252,126,126
050,05,087,"Arkansas","Madison County",5,62,250,132,118
050,05,087,"Arkansas","Madison County",5,63,263,136,127
050,05,087,"Arkansas","Madison County",5,64,243,118,125
050,05,087,"Arkansas","Madison County",5,65,244,121,123
050,05,087,"Arkansas","Madison County",5,66,205,105,100
050,05,087,"Arkansas","Madison County",5,67,206,97,109
050,05,087,"Arkansas","Madison County",5,68,229,119,110
050,05,087,"Arkansas","Madison County",5,69,212,109,103
050,05,087,"Arkansas","Madison County",5,70,201,84,117
050,05,087,"Arkansas","Madison County",5,71,204,93,111
050,05,087,"Arkansas","Madison County",5,72,184,95,89
050,05,087,"Arkansas","Madison County",5,73,173,87,86
050,05,087,"Arkansas","Madison County",5,74,169,77,92
050,05,087,"Arkansas","Madison County",5,75,171,76,95
050,05,087,"Arkansas","Madison County",5,76,163,81,82
050,05,087,"Arkansas","Madison County",5,77,108,56,52
050,05,087,"Arkansas","Madison County",5,78,101,54,47
050,05,087,"Arkansas","Madison County",5,79,104,53,51
050,05,087,"Arkansas","Madison County",5,80,130,64,66
050,05,087,"Arkansas","Madison County",5,81,94,51,43
050,05,087,"Arkansas","Madison County",5,82,74,38,36
050,05,087,"Arkansas","Madison County",5,83,80,37,43
050,05,087,"Arkansas","Madison County",5,84,83,28,55
050,05,087,"Arkansas","Madison County",5,85,348,136,212
050,05,089,"Arkansas","Marion County",1,0,138,71,67
050,05,089,"Arkansas","Marion County",1,1,151,74,77
050,05,089,"Arkansas","Marion County",1,2,165,76,89
050,05,089,"Arkansas","Marion County",1,3,164,78,86
050,05,089,"Arkansas","Marion County",1,4,167,78,89
050,05,089,"Arkansas","Marion County",1,5,162,77,85
050,05,089,"Arkansas","Marion County",1,6,164,88,76
050,05,089,"Arkansas","Marion County",1,7,177,95,82
050,05,089,"Arkansas","Marion County",1,8,181,94,87
050,05,089,"Arkansas","Marion County",1,9,177,90,87
050,05,089,"Arkansas","Marion County",1,10,185,96,89
050,05,089,"Arkansas","Marion County",1,11,190,79,111
050,05,089,"Arkansas","Marion County",1,12,214,99,115
050,05,089,"Arkansas","Marion County",1,13,220,106,114
050,05,089,"Arkansas","Marion County",1,14,188,87,101
050,05,089,"Arkansas","Marion County",1,15,180,89,91
050,05,089,"Arkansas","Marion County",1,16,180,97,83
050,05,089,"Arkansas","Marion County",1,17,181,96,85
050,05,089,"Arkansas","Marion County",1,18,142,73,69
050,05,089,"Arkansas","Marion County",1,19,118,62,56
050,05,089,"Arkansas","Marion County",1,20,115,62,53
050,05,089,"Arkansas","Marion County",1,21,115,65,50
050,05,089,"Arkansas","Marion County",1,22,132,69,63
050,05,089,"Arkansas","Marion County",1,23,129,62,67
050,05,089,"Arkansas","Marion County",1,24,134,72,62
050,05,089,"Arkansas","Marion County",1,25,146,82,64
050,05,089,"Arkansas","Marion County",1,26,139,67,72
050,05,089,"Arkansas","Marion County",1,27,151,75,76
050,05,089,"Arkansas","Marion County",1,28,139,64,75
050,05,089,"Arkansas","Marion County",1,29,167,85,82
050,05,089,"Arkansas","Marion County",1,30,142,77,65
050,05,089,"Arkansas","Marion County",1,31,164,92,72
050,05,089,"Arkansas","Marion County",1,32,159,83,76
050,05,089,"Arkansas","Marion County",1,33,152,71,81
050,05,089,"Arkansas","Marion County",1,34,154,72,82
050,05,089,"Arkansas","Marion County",1,35,168,79,89
050,05,089,"Arkansas","Marion County",1,36,164,84,80
050,05,089,"Arkansas","Marion County",1,37,147,74,73
050,05,089,"Arkansas","Marion County",1,38,153,69,84
050,05,089,"Arkansas","Marion County",1,39,160,77,83
050,05,089,"Arkansas","Marion County",1,40,165,79,86
050,05,089,"Arkansas","Marion County",1,41,162,82,80
050,05,089,"Arkansas","Marion County",1,42,162,90,72
050,05,089,"Arkansas","Marion County",1,43,162,86,76
050,05,089,"Arkansas","Marion County",1,44,153,79,74
050,05,089,"Arkansas","Marion County",1,45,153,64,89
050,05,089,"Arkansas","Marion County",1,46,159,76,83
050,05,089,"Arkansas","Marion County",1,47,167,74,93
050,05,089,"Arkansas","Marion County",1,48,181,87,94
050,05,089,"Arkansas","Marion County",1,49,206,102,104
050,05,089,"Arkansas","Marion County",1,50,205,104,101
050,05,089,"Arkansas","Marion County",1,51,195,98,97
050,05,089,"Arkansas","Marion County",1,52,191,90,101
050,05,089,"Arkansas","Marion County",1,53,218,116,102
050,05,089,"Arkansas","Marion County",1,54,234,124,110
050,05,089,"Arkansas","Marion County",1,55,245,131,114
050,05,089,"Arkansas","Marion County",1,56,244,121,123
050,05,089,"Arkansas","Marion County",1,57,256,132,124
050,05,089,"Arkansas","Marion County",1,58,290,153,137
050,05,089,"Arkansas","Marion County",1,59,311,157,154
050,05,089,"Arkansas","Marion County",1,60,297,130,167
050,05,089,"Arkansas","Marion County",1,61,304,137,167
050,05,089,"Arkansas","Marion County",1,62,326,153,173
050,05,089,"Arkansas","Marion County",1,63,331,163,168
050,05,089,"Arkansas","Marion County",1,64,363,175,188
050,05,089,"Arkansas","Marion County",1,65,318,153,165
050,05,089,"Arkansas","Marion County",1,66,314,156,158
050,05,089,"Arkansas","Marion County",1,67,330,166,164
050,05,089,"Arkansas","Marion County",1,68,289,157,132
050,05,089,"Arkansas","Marion County",1,69,299,148,151
050,05,089,"Arkansas","Marion County",1,70,289,139,150
050,05,089,"Arkansas","Marion County",1,71,266,131,135
050,05,089,"Arkansas","Marion County",1,72,296,154,142
050,05,089,"Arkansas","Marion County",1,73,276,140,136
050,05,089,"Arkansas","Marion County",1,74,208,96,112
050,05,089,"Arkansas","Marion County",1,75,208,100,108
050,05,089,"Arkansas","Marion County",1,76,201,106,95
050,05,089,"Arkansas","Marion County",1,77,190,104,86
050,05,089,"Arkansas","Marion County",1,78,170,81,89
050,05,089,"Arkansas","Marion County",1,79,166,78,88
050,05,089,"Arkansas","Marion County",1,80,124,64,60
050,05,089,"Arkansas","Marion County",1,81,112,57,55
050,05,089,"Arkansas","Marion County",1,82,114,55,59
050,05,089,"Arkansas","Marion County",1,83,94,51,43
050,05,089,"Arkansas","Marion County",1,84,88,48,40
050,05,089,"Arkansas","Marion County",1,85,422,158,264
050,05,089,"Arkansas","Marion County",2,0,133,70,63
050,05,089,"Arkansas","Marion County",2,1,150,73,77
050,05,089,"Arkansas","Marion County",2,2,164,77,87
050,05,089,"Arkansas","Marion County",2,3,165,77,88
050,05,089,"Arkansas","Marion County",2,4,169,80,89
050,05,089,"Arkansas","Marion County",2,5,167,79,88
050,05,089,"Arkansas","Marion County",2,6,165,87,78
050,05,089,"Arkansas","Marion County",2,7,175,93,82
050,05,089,"Arkansas","Marion County",2,8,181,94,87
050,05,089,"Arkansas","Marion County",2,9,177,91,86
050,05,089,"Arkansas","Marion County",2,10,184,95,89
050,05,089,"Arkansas","Marion County",2,11,190,84,106
050,05,089,"Arkansas","Marion County",2,12,211,96,115
050,05,089,"Arkansas","Marion County",2,13,218,105,113
050,05,089,"Arkansas","Marion County",2,14,196,92,104
050,05,089,"Arkansas","Marion County",2,15,182,90,92
050,05,089,"Arkansas","Marion County",2,16,183,96,87
050,05,089,"Arkansas","Marion County",2,17,184,97,87
050,05,089,"Arkansas","Marion County",2,18,144,76,68
050,05,089,"Arkansas","Marion County",2,19,118,61,57
050,05,089,"Arkansas","Marion County",2,20,117,63,54
050,05,089,"Arkansas","Marion County",2,21,119,66,53
050,05,089,"Arkansas","Marion County",2,22,130,68,62
050,05,089,"Arkansas","Marion County",2,23,128,62,66
050,05,089,"Arkansas","Marion County",2,24,135,72,63
050,05,089,"Arkansas","Marion County",2,25,142,77,65
050,05,089,"Arkansas","Marion County",2,26,144,72,72
050,05,089,"Arkansas","Marion County",2,27,149,73,76
050,05,089,"Arkansas","Marion County",2,28,144,68,76
050,05,089,"Arkansas","Marion County",2,29,156,77,79
050,05,089,"Arkansas","Marion County",2,30,151,80,71
050,05,089,"Arkansas","Marion County",2,31,161,89,72
050,05,089,"Arkansas","Marion County",2,32,161,85,76
050,05,089,"Arkansas","Marion County",2,33,156,75,81
050,05,089,"Arkansas","Marion County",2,34,157,74,83
050,05,089,"Arkansas","Marion County",2,35,168,79,89
050,05,089,"Arkansas","Marion County",2,36,164,82,82
050,05,089,"Arkansas","Marion County",2,37,151,76,75
050,05,089,"Arkansas","Marion County",2,38,156,73,83
050,05,089,"Arkansas","Marion County",2,39,157,74,83
050,05,089,"Arkansas","Marion County",2,40,165,79,86
050,05,089,"Arkansas","Marion County",2,41,162,80,82
050,05,089,"Arkansas","Marion County",2,42,163,88,75
050,05,089,"Arkansas","Marion County",2,43,169,91,78
050,05,089,"Arkansas","Marion County",2,44,154,80,74
050,05,089,"Arkansas","Marion County",2,45,152,68,84
050,05,089,"Arkansas","Marion County",2,46,159,74,85
050,05,089,"Arkansas","Marion County",2,47,167,75,92
050,05,089,"Arkansas","Marion County",2,48,178,85,93
050,05,089,"Arkansas","Marion County",2,49,205,101,104
050,05,089,"Arkansas","Marion County",2,50,211,106,105
050,05,089,"Arkansas","Marion County",2,51,197,99,98
050,05,089,"Arkansas","Marion County",2,52,191,91,100
050,05,089,"Arkansas","Marion County",2,53,212,111,101
050,05,089,"Arkansas","Marion County",2,54,230,123,107
050,05,089,"Arkansas","Marion County",2,55,246,131,115
050,05,089,"Arkansas","Marion County",2,56,247,124,123
050,05,089,"Arkansas","Marion County",2,57,254,130,124
050,05,089,"Arkansas","Marion County",2,58,283,150,133
050,05,089,"Arkansas","Marion County",2,59,307,157,150
050,05,089,"Arkansas","Marion County",2,60,300,138,162
050,05,089,"Arkansas","Marion County",2,61,301,136,165
050,05,089,"Arkansas","Marion County",2,62,318,148,170
050,05,089,"Arkansas","Marion County",2,63,334,163,171
050,05,089,"Arkansas","Marion County",2,64,354,171,183
050,05,089,"Arkansas","Marion County",2,65,333,162,171
050,05,089,"Arkansas","Marion County",2,66,316,155,161
050,05,089,"Arkansas","Marion County",2,67,323,162,161
050,05,089,"Arkansas","Marion County",2,68,295,160,135
050,05,089,"Arkansas","Marion County",2,69,297,150,147
050,05,089,"Arkansas","Marion County",2,70,290,140,150
050,05,089,"Arkansas","Marion County",2,71,271,133,138
050,05,089,"Arkansas","Marion County",2,72,276,143,133
050,05,089,"Arkansas","Marion County",2,73,293,151,142
050,05,089,"Arkansas","Marion County",2,74,209,100,109
050,05,089,"Arkansas","Marion County",2,75,209,100,109
050,05,089,"Arkansas","Marion County",2,76,201,102,99
050,05,089,"Arkansas","Marion County",2,77,194,105,89
050,05,089,"Arkansas","Marion County",2,78,171,85,86
050,05,089,"Arkansas","Marion County",2,79,164,78,86
050,05,089,"Arkansas","Marion County",2,80,131,67,64
050,05,089,"Arkansas","Marion County",2,81,114,58,56
050,05,089,"Arkansas","Marion County",2,82,112,53,59
050,05,089,"Arkansas","Marion County",2,83,94,51,43
050,05,089,"Arkansas","Marion County",2,84,89,49,40
050,05,089,"Arkansas","Marion County",2,85,430,162,268
050,05,089,"Arkansas","Marion County",3,0,131,59,72
050,05,089,"Arkansas","Marion County",3,1,144,74,70
050,05,089,"Arkansas","Marion County",3,2,155,76,79
050,05,089,"Arkansas","Marion County",3,3,162,77,85
050,05,089,"Arkansas","Marion County",3,4,159,82,77
050,05,089,"Arkansas","Marion County",3,5,178,84,94
050,05,089,"Arkansas","Marion County",3,6,165,77,88
050,05,089,"Arkansas","Marion County",3,7,157,88,69
050,05,089,"Arkansas","Marion County",3,8,173,85,88
050,05,089,"Arkansas","Marion County",3,9,179,92,87
050,05,089,"Arkansas","Marion County",3,10,184,89,95
050,05,089,"Arkansas","Marion County",3,11,193,103,90
050,05,089,"Arkansas","Marion County",3,12,194,87,107
050,05,089,"Arkansas","Marion County",3,13,195,98,97
050,05,089,"Arkansas","Marion County",3,14,218,108,110
050,05,089,"Arkansas","Marion County",3,15,198,88,110
050,05,089,"Arkansas","Marion County",3,16,184,88,96
050,05,089,"Arkansas","Marion County",3,17,184,99,85
050,05,089,"Arkansas","Marion County",3,18,162,93,69
050,05,089,"Arkansas","Marion County",3,19,112,58,54
050,05,089,"Arkansas","Marion County",3,20,124,65,59
050,05,089,"Arkansas","Marion County",3,21,130,72,58
050,05,089,"Arkansas","Marion County",3,22,121,72,49
050,05,089,"Arkansas","Marion County",3,23,135,65,70
050,05,089,"Arkansas","Marion County",3,24,133,63,70
050,05,089,"Arkansas","Marion County",3,25,135,64,71
050,05,089,"Arkansas","Marion County",3,26,135,74,61
050,05,089,"Arkansas","Marion County",3,27,141,73,68
050,05,089,"Arkansas","Marion County",3,28,168,85,83
050,05,089,"Arkansas","Marion County",3,29,150,69,81
050,05,089,"Arkansas","Marion County",3,30,157,80,77
050,05,089,"Arkansas","Marion County",3,31,166,82,84
050,05,089,"Arkansas","Marion County",3,32,159,95,64
050,05,089,"Arkansas","Marion County",3,33,173,93,80
050,05,089,"Arkansas","Marion County",3,34,157,72,85
050,05,089,"Arkansas","Marion County",3,35,160,75,85
050,05,089,"Arkansas","Marion County",3,36,169,82,87
050,05,089,"Arkansas","Marion County",3,37,158,78,80
050,05,089,"Arkansas","Marion County",3,38,157,79,78
050,05,089,"Arkansas","Marion County",3,39,159,74,85
050,05,089,"Arkansas","Marion County",3,40,158,78,80
050,05,089,"Arkansas","Marion County",3,41,182,87,95
050,05,089,"Arkansas","Marion County",3,42,172,80,92
050,05,089,"Arkansas","Marion County",3,43,170,95,75
050,05,089,"Arkansas","Marion County",3,44,158,89,69
050,05,089,"Arkansas","Marion County",3,45,146,76,70
050,05,089,"Arkansas","Marion County",3,46,152,69,83
050,05,089,"Arkansas","Marion County",3,47,165,71,94
050,05,089,"Arkansas","Marion County",3,48,186,85,101
050,05,089,"Arkansas","Marion County",3,49,186,87,99
050,05,089,"Arkansas","Marion County",3,50,219,116,103
050,05,089,"Arkansas","Marion County",3,51,211,112,99
050,05,089,"Arkansas","Marion County",3,52,189,94,95
050,05,089,"Arkansas","Marion County",3,53,187,89,98
050,05,089,"Arkansas","Marion County",3,54,218,112,106
050,05,089,"Arkansas","Marion County",3,55,239,129,110
050,05,089,"Arkansas","Marion County",3,56,252,131,121
050,05,089,"Arkansas","Marion County",3,57,269,135,134
050,05,089,"Arkansas","Marion County",3,58,270,142,128
050,05,089,"Arkansas","Marion County",3,59,297,150,147
050,05,089,"Arkansas","Marion County",3,60,311,162,149
050,05,089,"Arkansas","Marion County",3,61,302,131,171
050,05,089,"Arkansas","Marion County",3,62,317,145,172
050,05,089,"Arkansas","Marion County",3,63,322,148,174
050,05,089,"Arkansas","Marion County",3,64,338,160,178
050,05,089,"Arkansas","Marion County",3,65,371,181,190
050,05,089,"Arkansas","Marion County",3,66,340,167,173
050,05,089,"Arkansas","Marion County",3,67,319,150,169
050,05,089,"Arkansas","Marion County",3,68,313,155,158
050,05,089,"Arkansas","Marion County",3,69,280,159,121
050,05,089,"Arkansas","Marion County",3,70,299,157,142
050,05,089,"Arkansas","Marion County",3,71,276,132,144
050,05,089,"Arkansas","Marion County",3,72,263,128,135
050,05,089,"Arkansas","Marion County",3,73,274,145,129
050,05,089,"Arkansas","Marion County",3,74,278,143,135
050,05,089,"Arkansas","Marion County",3,75,199,98,101
050,05,089,"Arkansas","Marion County",3,76,203,94,109
050,05,089,"Arkansas","Marion County",3,77,182,94,88
050,05,089,"Arkansas","Marion County",3,78,189,101,88
050,05,089,"Arkansas","Marion County",3,79,154,73,81
050,05,089,"Arkansas","Marion County",3,80,153,73,80
050,05,089,"Arkansas","Marion County",3,81,127,64,63
050,05,089,"Arkansas","Marion County",3,82,111,54,57
050,05,089,"Arkansas","Marion County",3,83,92,46,46
050,05,089,"Arkansas","Marion County",3,84,77,40,37
050,05,089,"Arkansas","Marion County",3,85,454,181,273
050,05,089,"Arkansas","Marion County",4,0,137,72,65
050,05,089,"Arkansas","Marion County",4,1,140,62,78
050,05,089,"Arkansas","Marion County",4,2,159,84,75
050,05,089,"Arkansas","Marion County",4,3,153,72,81
050,05,089,"Arkansas","Marion County",4,4,157,74,83
050,05,089,"Arkansas","Marion County",4,5,166,82,84
050,05,089,"Arkansas","Marion County",4,6,179,86,93
050,05,089,"Arkansas","Marion County",4,7,165,83,82
050,05,089,"Arkansas","Marion County",4,8,166,94,72
050,05,089,"Arkansas","Marion County",4,9,187,92,95
050,05,089,"Arkansas","Marion County",4,10,193,100,93
050,05,089,"Arkansas","Marion County",4,11,188,88,100
050,05,089,"Arkansas","Marion County",4,12,201,103,98
050,05,089,"Arkansas","Marion County",4,13,200,95,105
050,05,089,"Arkansas","Marion County",4,14,203,106,97
050,05,089,"Arkansas","Marion County",4,15,232,115,117
050,05,089,"Arkansas","Marion County",4,16,206,94,112
050,05,089,"Arkansas","Marion County",4,17,191,95,96
050,05,089,"Arkansas","Marion County",4,18,159,88,71
050,05,089,"Arkansas","Marion County",4,19,127,68,59
050,05,089,"Arkansas","Marion County",4,20,107,59,48
050,05,089,"Arkansas","Marion County",4,21,129,72,57
050,05,089,"Arkansas","Marion County",4,22,126,74,52
050,05,089,"Arkansas","Marion County",4,23,129,74,55
050,05,089,"Arkansas","Marion County",4,24,147,72,75
050,05,089,"Arkansas","Marion County",4,25,139,73,66
050,05,089,"Arkansas","Marion County",4,26,128,59,69
050,05,089,"Arkansas","Marion County",4,27,135,72,63
050,05,089,"Arkansas","Marion County",4,28,150,78,72
050,05,089,"Arkansas","Marion County",4,29,173,83,90
050,05,089,"Arkansas","Marion County",4,30,153,66,87
050,05,089,"Arkansas","Marion County",4,31,166,83,83
050,05,089,"Arkansas","Marion County",4,32,173,88,85
050,05,089,"Arkansas","Marion County",4,33,162,97,65
050,05,089,"Arkansas","Marion County",4,34,174,93,81
050,05,089,"Arkansas","Marion County",4,35,153,68,85
050,05,089,"Arkansas","Marion County",4,36,165,75,90
050,05,089,"Arkansas","Marion County",4,37,167,82,85
050,05,089,"Arkansas","Marion County",4,38,163,76,87
050,05,089,"Arkansas","Marion County",4,39,161,79,82
050,05,089,"Arkansas","Marion County",4,40,170,79,91
050,05,089,"Arkansas","Marion County",4,41,176,85,91
050,05,089,"Arkansas","Marion County",4,42,200,101,99
050,05,089,"Arkansas","Marion County",4,43,179,93,86
050,05,089,"Arkansas","Marion County",4,44,168,95,73
050,05,089,"Arkansas","Marion County",4,45,161,88,73
050,05,089,"Arkansas","Marion County",4,46,159,85,74
050,05,089,"Arkansas","Marion County",4,47,162,75,87
050,05,089,"Arkansas","Marion County",4,48,169,71,98
050,05,089,"Arkansas","Marion County",4,49,188,88,100
050,05,089,"Arkansas","Marion County",4,50,198,96,102
050,05,089,"Arkansas","Marion County",4,51,220,119,101
050,05,089,"Arkansas","Marion County",4,52,229,119,110
050,05,089,"Arkansas","Marion County",4,53,210,112,98
050,05,089,"Arkansas","Marion County",4,54,196,92,104
050,05,089,"Arkansas","Marion County",4,55,224,111,113
050,05,089,"Arkansas","Marion County",4,56,246,128,118
050,05,089,"Arkansas","Marion County",4,57,277,144,133
050,05,089,"Arkansas","Marion County",4,58,286,141,145
050,05,089,"Arkansas","Marion County",4,59,279,152,127
050,05,089,"Arkansas","Marion County",4,60,314,163,151
050,05,089,"Arkansas","Marion County",4,61,328,169,159
050,05,089,"Arkansas","Marion County",4,62,315,142,173
050,05,089,"Arkansas","Marion County",4,63,319,149,170
050,05,089,"Arkansas","Marion County",4,64,324,145,179
050,05,089,"Arkansas","Marion County",4,65,340,154,186
050,05,089,"Arkansas","Marion County",4,66,369,178,191
050,05,089,"Arkansas","Marion County",4,67,349,176,173
050,05,089,"Arkansas","Marion County",4,68,320,153,167
050,05,089,"Arkansas","Marion County",4,69,306,151,155
050,05,089,"Arkansas","Marion County",4,70,278,157,121
050,05,089,"Arkansas","Marion County",4,71,289,150,139
050,05,089,"Arkansas","Marion County",4,72,265,126,139
050,05,089,"Arkansas","Marion County",4,73,257,126,131
050,05,089,"Arkansas","Marion County",4,74,272,149,123
050,05,089,"Arkansas","Marion County",4,75,265,136,129
050,05,089,"Arkansas","Marion County",4,76,189,88,101
050,05,089,"Arkansas","Marion County",4,77,196,93,103
050,05,089,"Arkansas","Marion County",4,78,174,90,84
050,05,089,"Arkansas","Marion County",4,79,172,93,79
050,05,089,"Arkansas","Marion County",4,80,137,69,68
050,05,089,"Arkansas","Marion County",4,81,148,69,79
050,05,089,"Arkansas","Marion County",4,82,122,59,63
050,05,089,"Arkansas","Marion County",4,83,100,49,51
050,05,089,"Arkansas","Marion County",4,84,84,40,44
050,05,089,"Arkansas","Marion County",4,85,451,168,283
050,05,089,"Arkansas","Marion County",5,0,137,75,62
050,05,089,"Arkansas","Marion County",5,1,127,67,60
050,05,089,"Arkansas","Marion County",5,2,147,65,82
050,05,089,"Arkansas","Marion County",5,3,159,82,77
050,05,089,"Arkansas","Marion County",5,4,143,67,76
050,05,089,"Arkansas","Marion County",5,5,166,80,86
050,05,089,"Arkansas","Marion County",5,6,176,81,95
050,05,089,"Arkansas","Marion County",5,7,187,86,101
050,05,089,"Arkansas","Marion County",5,8,182,82,100
050,05,089,"Arkansas","Marion County",5,9,191,103,88
050,05,089,"Arkansas","Marion County",5,10,190,96,94
050,05,089,"Arkansas","Marion County",5,11,206,103,103
050,05,089,"Arkansas","Marion County",5,12,197,96,101
050,05,089,"Arkansas","Marion County",5,13,209,102,107
050,05,089,"Arkansas","Marion County",5,14,212,101,111
050,05,089,"Arkansas","Marion County",5,15,201,110,91
050,05,089,"Arkansas","Marion County",5,16,234,122,112
050,05,089,"Arkansas","Marion County",5,17,214,104,110
050,05,089,"Arkansas","Marion County",5,18,170,87,83
050,05,089,"Arkansas","Marion County",5,19,115,64,51
050,05,089,"Arkansas","Marion County",5,20,138,76,62
050,05,089,"Arkansas","Marion County",5,21,114,59,55
050,05,089,"Arkansas","Marion County",5,22,128,71,57
050,05,089,"Arkansas","Marion County",5,23,130,75,55
050,05,089,"Arkansas","Marion County",5,24,123,74,49
050,05,089,"Arkansas","Marion County",5,25,140,70,70
050,05,089,"Arkansas","Marion County",5,26,138,66,72
050,05,089,"Arkansas","Marion County",5,27,142,62,80
050,05,089,"Arkansas","Marion County",5,28,130,66,64
050,05,089,"Arkansas","Marion County",5,29,157,83,74
050,05,089,"Arkansas","Marion County",5,30,170,82,88
050,05,089,"Arkansas","Marion County",5,31,153,68,85
050,05,089,"Arkansas","Marion County",5,32,168,84,84
050,05,089,"Arkansas","Marion County",5,33,183,91,92
050,05,089,"Arkansas","Marion County",5,34,168,99,69
050,05,089,"Arkansas","Marion County",5,35,188,101,87
050,05,089,"Arkansas","Marion County",5,36,164,73,91
050,05,089,"Arkansas","Marion County",5,37,176,81,95
050,05,089,"Arkansas","Marion County",5,38,188,90,98
050,05,089,"Arkansas","Marion County",5,39,164,81,83
050,05,089,"Arkansas","Marion County",5,40,175,85,90
050,05,089,"Arkansas","Marion County",5,41,180,83,97
050,05,089,"Arkansas","Marion County",5,42,179,87,92
050,05,089,"Arkansas","Marion County",5,43,194,97,97
050,05,089,"Arkansas","Marion County",5,44,183,95,88
050,05,089,"Arkansas","Marion County",5,45,173,100,73
050,05,089,"Arkansas","Marion County",5,46,168,86,82
050,05,089,"Arkansas","Marion County",5,47,160,87,73
050,05,089,"Arkansas","Marion County",5,48,173,75,98
050,05,089,"Arkansas","Marion County",5,49,186,76,110
050,05,089,"Arkansas","Marion County",5,50,195,92,103
050,05,089,"Arkansas","Marion County",5,51,202,97,105
050,05,089,"Arkansas","Marion County",5,52,215,113,102
050,05,089,"Arkansas","Marion County",5,53,237,124,113
050,05,089,"Arkansas","Marion County",5,54,219,119,100
050,05,089,"Arkansas","Marion County",5,55,201,95,106
050,05,089,"Arkansas","Marion County",5,56,239,116,123
050,05,089,"Arkansas","Marion County",5,57,260,130,130
050,05,089,"Arkansas","Marion County",5,58,297,150,147
050,05,089,"Arkansas","Marion County",5,59,286,138,148
050,05,089,"Arkansas","Marion County",5,60,291,162,129
050,05,089,"Arkansas","Marion County",5,61,311,161,150
050,05,089,"Arkansas","Marion County",5,62,327,170,157
050,05,089,"Arkansas","Marion County",5,63,324,150,174
050,05,089,"Arkansas","Marion County",5,64,324,152,172
050,05,089,"Arkansas","Marion County",5,65,320,146,174
050,05,089,"Arkansas","Marion County",5,66,345,159,186
050,05,089,"Arkansas","Marion County",5,67,371,175,196
050,05,089,"Arkansas","Marion County",5,68,336,167,169
050,05,089,"Arkansas","Marion County",5,69,313,151,162
050,05,089,"Arkansas","Marion County",5,70,307,149,158
050,05,089,"Arkansas","Marion County",5,71,267,152,115
050,05,089,"Arkansas","Marion County",5,72,275,140,135
050,05,089,"Arkansas","Marion County",5,73,265,128,137
050,05,089,"Arkansas","Marion County",5,74,250,119,131
050,05,089,"Arkansas","Marion County",5,75,269,148,121
050,05,089,"Arkansas","Marion County",5,76,251,123,128
050,05,089,"Arkansas","Marion County",5,77,173,81,92
050,05,089,"Arkansas","Marion County",5,78,188,90,98
050,05,089,"Arkansas","Marion County",5,79,168,90,78
050,05,089,"Arkansas","Marion County",5,80,151,86,65
050,05,089,"Arkansas","Marion County",5,81,132,70,62
050,05,089,"Arkansas","Marion County",5,82,141,66,75
050,05,089,"Arkansas","Marion County",5,83,105,55,50
050,05,089,"Arkansas","Marion County",5,84,88,42,46
050,05,089,"Arkansas","Marion County",5,85,475,174,301
050,05,091,"Arkansas","Miller County",1,0,510,262,248
050,05,091,"Arkansas","Miller County",1,1,548,295,253
050,05,091,"Arkansas","Miller County",1,2,527,261,266
050,05,091,"Arkansas","Miller County",1,3,547,269,278
050,05,091,"Arkansas","Miller County",1,4,563,293,270
050,05,091,"Arkansas","Miller County",1,5,567,291,276
050,05,091,"Arkansas","Miller County",1,6,549,281,268
050,05,091,"Arkansas","Miller County",1,7,556,295,261
050,05,091,"Arkansas","Miller County",1,8,537,283,254
050,05,091,"Arkansas","Miller County",1,9,576,290,286
050,05,091,"Arkansas","Miller County",1,10,598,318,280
050,05,091,"Arkansas","Miller County",1,11,593,301,292
050,05,091,"Arkansas","Miller County",1,12,595,320,275
050,05,091,"Arkansas","Miller County",1,13,627,334,293
050,05,091,"Arkansas","Miller County",1,14,571,292,279
050,05,091,"Arkansas","Miller County",1,15,551,287,264
050,05,091,"Arkansas","Miller County",1,16,536,304,232
050,05,091,"Arkansas","Miller County",1,17,584,320,264
050,05,091,"Arkansas","Miller County",1,18,495,265,230
050,05,091,"Arkansas","Miller County",1,19,452,244,208
050,05,091,"Arkansas","Miller County",1,20,473,259,214
050,05,091,"Arkansas","Miller County",1,21,507,296,211
050,05,091,"Arkansas","Miller County",1,22,480,264,216
050,05,091,"Arkansas","Miller County",1,23,482,251,231
050,05,091,"Arkansas","Miller County",1,24,526,283,243
050,05,091,"Arkansas","Miller County",1,25,547,296,251
050,05,091,"Arkansas","Miller County",1,26,541,275,266
050,05,091,"Arkansas","Miller County",1,27,525,278,247
050,05,091,"Arkansas","Miller County",1,28,601,313,288
050,05,091,"Arkansas","Miller County",1,29,617,299,318
050,05,091,"Arkansas","Miller County",1,30,589,293,296
050,05,091,"Arkansas","Miller County",1,31,557,286,271
050,05,091,"Arkansas","Miller County",1,32,513,263,250
050,05,091,"Arkansas","Miller County",1,33,508,236,272
050,05,091,"Arkansas","Miller County",1,34,534,266,268
050,05,091,"Arkansas","Miller County",1,35,521,262,259
050,05,091,"Arkansas","Miller County",1,36,551,272,279
050,05,091,"Arkansas","Miller County",1,37,585,284,301
050,05,091,"Arkansas","Miller County",1,38,551,277,274
050,05,091,"Arkansas","Miller County",1,39,557,276,281
050,05,091,"Arkansas","Miller County",1,40,575,270,305
050,05,091,"Arkansas","Miller County",1,41,543,270,273
050,05,091,"Arkansas","Miller County",1,42,537,274,263
050,05,091,"Arkansas","Miller County",1,43,531,278,253
050,05,091,"Arkansas","Miller County",1,44,515,241,274
050,05,091,"Arkansas","Miller County",1,45,523,251,272
050,05,091,"Arkansas","Miller County",1,46,479,221,258
050,05,091,"Arkansas","Miller County",1,47,481,240,241
050,05,091,"Arkansas","Miller County",1,48,544,261,283
050,05,091,"Arkansas","Miller County",1,49,570,277,293
050,05,091,"Arkansas","Miller County",1,50,546,277,269
050,05,091,"Arkansas","Miller County",1,51,560,282,278
050,05,091,"Arkansas","Miller County",1,52,539,267,272
050,05,091,"Arkansas","Miller County",1,53,562,270,292
050,05,091,"Arkansas","Miller County",1,54,549,285,264
050,05,091,"Arkansas","Miller County",1,55,556,291,265
050,05,091,"Arkansas","Miller County",1,56,552,278,274
050,05,091,"Arkansas","Miller County",1,57,563,272,291
050,05,091,"Arkansas","Miller County",1,58,619,298,321
050,05,091,"Arkansas","Miller County",1,59,564,258,306
050,05,091,"Arkansas","Miller County",1,60,553,263,290
050,05,091,"Arkansas","Miller County",1,61,569,266,303
050,05,091,"Arkansas","Miller County",1,62,529,241,288
050,05,091,"Arkansas","Miller County",1,63,530,239,291
050,05,091,"Arkansas","Miller County",1,64,521,251,270
050,05,091,"Arkansas","Miller County",1,65,494,235,259
050,05,091,"Arkansas","Miller County",1,66,495,243,252
050,05,091,"Arkansas","Miller County",1,67,475,221,254
050,05,091,"Arkansas","Miller County",1,68,446,216,230
050,05,091,"Arkansas","Miller County",1,69,426,198,228
050,05,091,"Arkansas","Miller County",1,70,413,186,227
050,05,091,"Arkansas","Miller County",1,71,392,179,213
050,05,091,"Arkansas","Miller County",1,72,409,188,221
050,05,091,"Arkansas","Miller County",1,73,399,177,222
050,05,091,"Arkansas","Miller County",1,74,313,146,167
050,05,091,"Arkansas","Miller County",1,75,297,136,161
050,05,091,"Arkansas","Miller County",1,76,282,130,152
050,05,091,"Arkansas","Miller County",1,77,280,117,163
050,05,091,"Arkansas","Miller County",1,78,232,96,136
050,05,091,"Arkansas","Miller County",1,79,228,94,134
050,05,091,"Arkansas","Miller County",1,80,210,95,115
050,05,091,"Arkansas","Miller County",1,81,171,75,96
050,05,091,"Arkansas","Miller County",1,82,182,83,99
050,05,091,"Arkansas","Miller County",1,83,165,73,92
050,05,091,"Arkansas","Miller County",1,84,123,51,72
050,05,091,"Arkansas","Miller County",1,85,710,229,481
050,05,091,"Arkansas","Miller County",2,0,520,267,253
050,05,091,"Arkansas","Miller County",2,1,535,286,249
050,05,091,"Arkansas","Miller County",2,2,531,268,263
050,05,091,"Arkansas","Miller County",2,3,541,268,273
050,05,091,"Arkansas","Miller County",2,4,556,288,268
050,05,091,"Arkansas","Miller County",2,5,565,292,273
050,05,091,"Arkansas","Miller County",2,6,555,286,269
050,05,091,"Arkansas","Miller County",2,7,553,291,262
050,05,091,"Arkansas","Miller County",2,8,539,283,256
050,05,091,"Arkansas","Miller County",2,9,564,288,276
050,05,091,"Arkansas","Miller County",2,10,592,310,282
050,05,091,"Arkansas","Miller County",2,11,593,307,286
050,05,091,"Arkansas","Miller County",2,12,598,319,279
050,05,091,"Arkansas","Miller County",2,13,621,329,292
050,05,091,"Arkansas","Miller County",2,14,589,303,286
050,05,091,"Arkansas","Miller County",2,15,557,290,267
050,05,091,"Arkansas","Miller County",2,16,548,305,243
050,05,091,"Arkansas","Miller County",2,17,566,313,253
050,05,091,"Arkansas","Miller County",2,18,496,269,227
050,05,091,"Arkansas","Miller County",2,19,449,241,208
050,05,091,"Arkansas","Miller County",2,20,481,263,218
050,05,091,"Arkansas","Miller County",2,21,507,290,217
050,05,091,"Arkansas","Miller County",2,22,485,268,217
050,05,091,"Arkansas","Miller County",2,23,483,254,229
050,05,091,"Arkansas","Miller County",2,24,522,280,242
050,05,091,"Arkansas","Miller County",2,25,546,295,251
050,05,091,"Arkansas","Miller County",2,26,541,282,259
050,05,091,"Arkansas","Miller County",2,27,525,274,251
050,05,091,"Arkansas","Miller County",2,28,585,304,281
050,05,091,"Arkansas","Miller County",2,29,611,301,310
050,05,091,"Arkansas","Miller County",2,30,600,297,303
050,05,091,"Arkansas","Miller County",2,31,561,288,273
050,05,091,"Arkansas","Miller County",2,32,521,265,256
050,05,091,"Arkansas","Miller County",2,33,505,239,266
050,05,091,"Arkansas","Miller County",2,34,528,260,268
050,05,091,"Arkansas","Miller County",2,35,524,261,263
050,05,091,"Arkansas","Miller County",2,36,539,266,273
050,05,091,"Arkansas","Miller County",2,37,577,281,296
050,05,091,"Arkansas","Miller County",2,38,566,281,285
050,05,091,"Arkansas","Miller County",2,39,551,273,278
050,05,091,"Arkansas","Miller County",2,40,572,274,298
050,05,091,"Arkansas","Miller County",2,41,550,269,281
050,05,091,"Arkansas","Miller County",2,42,535,273,262
050,05,091,"Arkansas","Miller County",2,43,536,279,257
050,05,091,"Arkansas","Miller County",2,44,511,245,266
050,05,091,"Arkansas","Miller County",2,45,526,252,274
050,05,091,"Arkansas","Miller County",2,46,483,224,259
050,05,091,"Arkansas","Miller County",2,47,479,234,245
050,05,091,"Arkansas","Miller County",2,48,526,254,272
050,05,091,"Arkansas","Miller County",2,49,562,272,290
050,05,091,"Arkansas","Miller County",2,50,554,278,276
050,05,091,"Arkansas","Miller County",2,51,557,280,277
050,05,091,"Arkansas","Miller County",2,52,539,268,271
050,05,091,"Arkansas","Miller County",2,53,557,270,287
050,05,091,"Arkansas","Miller County",2,54,547,278,269
050,05,091,"Arkansas","Miller County",2,55,553,288,265
050,05,091,"Arkansas","Miller County",2,56,552,280,272
050,05,091,"Arkansas","Miller County",2,57,568,277,291
050,05,091,"Arkansas","Miller County",2,58,609,294,315
050,05,091,"Arkansas","Miller County",2,59,578,268,310
050,05,091,"Arkansas","Miller County",2,60,550,257,293
050,05,091,"Arkansas","Miller County",2,61,561,262,299
050,05,091,"Arkansas","Miller County",2,62,536,245,291
050,05,091,"Arkansas","Miller County",2,63,532,240,292
050,05,091,"Arkansas","Miller County",2,64,520,247,273
050,05,091,"Arkansas","Miller County",2,65,499,239,260
050,05,091,"Arkansas","Miller County",2,66,495,241,254
050,05,091,"Arkansas","Miller County",2,67,478,226,252
050,05,091,"Arkansas","Miller County",2,68,447,214,233
050,05,091,"Arkansas","Miller County",2,69,434,204,230
050,05,091,"Arkansas","Miller County",2,70,413,187,226
050,05,091,"Arkansas","Miller County",2,71,396,180,216
050,05,091,"Arkansas","Miller County",2,72,398,181,217
050,05,091,"Arkansas","Miller County",2,73,411,185,226
050,05,091,"Arkansas","Miller County",2,74,311,143,168
050,05,091,"Arkansas","Miller County",2,75,295,134,161
050,05,091,"Arkansas","Miller County",2,76,279,128,151
050,05,091,"Arkansas","Miller County",2,77,282,121,161
050,05,091,"Arkansas","Miller County",2,78,238,99,139
050,05,091,"Arkansas","Miller County",2,79,224,92,132
050,05,091,"Arkansas","Miller County",2,80,211,94,117
050,05,091,"Arkansas","Miller County",2,81,177,79,98
050,05,091,"Arkansas","Miller County",2,82,176,78,98
050,05,091,"Arkansas","Miller County",2,83,168,76,92
050,05,091,"Arkansas","Miller County",2,84,128,54,74
050,05,091,"Arkansas","Miller County",2,85,709,231,478
050,05,091,"Arkansas","Miller County",3,0,490,258,232
050,05,091,"Arkansas","Miller County",3,1,537,284,253
050,05,091,"Arkansas","Miller County",3,2,522,268,254
050,05,091,"Arkansas","Miller County",3,3,540,278,262
050,05,091,"Arkansas","Miller County",3,4,541,259,282
050,05,091,"Arkansas","Miller County",3,5,567,298,269
050,05,091,"Arkansas","Miller County",3,6,569,294,275
050,05,091,"Arkansas","Miller County",3,7,565,305,260
050,05,091,"Arkansas","Miller County",3,8,533,270,263
050,05,091,"Arkansas","Miller County",3,9,531,278,253
050,05,091,"Arkansas","Miller County",3,10,574,285,289
050,05,091,"Arkansas","Miller County",3,11,598,319,279
050,05,091,"Arkansas","Miller County",3,12,596,314,282
050,05,091,"Arkansas","Miller County",3,13,597,318,279
050,05,091,"Arkansas","Miller County",3,14,654,351,303
050,05,091,"Arkansas","Miller County",3,15,610,329,281
050,05,091,"Arkansas","Miller County",3,16,558,292,266
050,05,091,"Arkansas","Miller County",3,17,552,299,253
050,05,091,"Arkansas","Miller County",3,18,489,284,205
050,05,091,"Arkansas","Miller County",3,19,435,246,189
050,05,091,"Arkansas","Miller County",3,20,476,260,216
050,05,091,"Arkansas","Miller County",3,21,508,273,235
050,05,091,"Arkansas","Miller County",3,22,499,269,230
050,05,091,"Arkansas","Miller County",3,23,496,260,236
050,05,091,"Arkansas","Miller County",3,24,510,269,241
050,05,091,"Arkansas","Miller County",3,25,527,283,244
050,05,091,"Arkansas","Miller County",3,26,529,270,259
050,05,091,"Arkansas","Miller County",3,27,541,285,256
050,05,091,"Arkansas","Miller County",3,28,536,279,257
050,05,091,"Arkansas","Miller County",3,29,587,291,296
050,05,091,"Arkansas","Miller County",3,30,607,298,309
050,05,091,"Arkansas","Miller County",3,31,585,298,287
050,05,091,"Arkansas","Miller County",3,32,563,283,280
050,05,091,"Arkansas","Miller County",3,33,536,264,272
050,05,091,"Arkansas","Miller County",3,34,515,245,270
050,05,091,"Arkansas","Miller County",3,35,509,232,277
050,05,091,"Arkansas","Miller County",3,36,512,254,258
050,05,091,"Arkansas","Miller County",3,37,544,272,272
050,05,091,"Arkansas","Miller County",3,38,569,266,303
050,05,091,"Arkansas","Miller County",3,39,541,259,282
050,05,091,"Arkansas","Miller County",3,40,536,272,264
050,05,091,"Arkansas","Miller County",3,41,570,263,307
050,05,091,"Arkansas","Miller County",3,42,542,267,275
050,05,091,"Arkansas","Miller County",3,43,552,283,269
050,05,091,"Arkansas","Miller County",3,44,543,272,271
050,05,091,"Arkansas","Miller County",3,45,518,253,265
050,05,091,"Arkansas","Miller County",3,46,507,235,272
050,05,091,"Arkansas","Miller County",3,47,479,217,262
050,05,091,"Arkansas","Miller County",3,48,487,248,239
050,05,091,"Arkansas","Miller County",3,49,524,249,275
050,05,091,"Arkansas","Miller County",3,50,557,269,288
050,05,091,"Arkansas","Miller County",3,51,559,269,290
050,05,091,"Arkansas","Miller County",3,52,552,280,272
050,05,091,"Arkansas","Miller County",3,53,532,259,273
050,05,091,"Arkansas","Miller County",3,54,540,260,280
050,05,091,"Arkansas","Miller County",3,55,539,273,266
050,05,091,"Arkansas","Miller County",3,56,558,293,265
050,05,091,"Arkansas","Miller County",3,57,568,281,287
050,05,091,"Arkansas","Miller County",3,58,570,278,292
050,05,091,"Arkansas","Miller County",3,59,598,289,309
050,05,091,"Arkansas","Miller County",3,60,566,260,306
050,05,091,"Arkansas","Miller County",3,61,538,260,278
050,05,091,"Arkansas","Miller County",3,62,531,251,280
050,05,091,"Arkansas","Miller County",3,63,517,226,291
050,05,091,"Arkansas","Miller County",3,64,524,235,289
050,05,091,"Arkansas","Miller County",3,65,510,240,270
050,05,091,"Arkansas","Miller County",3,66,477,225,252
050,05,091,"Arkansas","Miller County",3,67,493,242,251
050,05,091,"Arkansas","Miller County",3,68,460,216,244
050,05,091,"Arkansas","Miller County",3,69,438,209,229
050,05,091,"Arkansas","Miller County",3,70,418,199,219
050,05,091,"Arkansas","Miller County",3,71,396,178,218
050,05,091,"Arkansas","Miller County",3,72,380,166,214
050,05,091,"Arkansas","Miller County",3,73,384,180,204
050,05,091,"Arkansas","Miller County",3,74,396,182,214
050,05,091,"Arkansas","Miller County",3,75,292,130,162
050,05,091,"Arkansas","Miller County",3,76,280,125,155
050,05,091,"Arkansas","Miller County",3,77,260,118,142
050,05,091,"Arkansas","Miller County",3,78,266,111,155
050,05,091,"Arkansas","Miller County",3,79,230,91,139
050,05,091,"Arkansas","Miller County",3,80,207,83,124
050,05,091,"Arkansas","Miller County",3,81,181,81,100
050,05,091,"Arkansas","Miller County",3,82,173,74,99
050,05,091,"Arkansas","Miller County",3,83,155,70,85
050,05,091,"Arkansas","Miller County",3,84,144,64,80
050,05,091,"Arkansas","Miller County",3,85,699,233,466
050,05,091,"Arkansas","Miller County",4,0,609,299,310
050,05,091,"Arkansas","Miller County",4,1,482,252,230
050,05,091,"Arkansas","Miller County",4,2,541,280,261
050,05,091,"Arkansas","Miller County",4,3,527,270,257
050,05,091,"Arkansas","Miller County",4,4,541,283,258
050,05,091,"Arkansas","Miller County",4,5,534,265,269
050,05,091,"Arkansas","Miller County",4,6,551,301,250
050,05,091,"Arkansas","Miller County",4,7,585,304,281
050,05,091,"Arkansas","Miller County",4,8,580,294,286
050,05,091,"Arkansas","Miller County",4,9,540,277,263
050,05,091,"Arkansas","Miller County",4,10,539,286,253
050,05,091,"Arkansas","Miller County",4,11,599,308,291
050,05,091,"Arkansas","Miller County",4,12,597,322,275
050,05,091,"Arkansas","Miller County",4,13,584,289,295
050,05,091,"Arkansas","Miller County",4,14,619,336,283
050,05,091,"Arkansas","Miller County",4,15,641,351,290
050,05,091,"Arkansas","Miller County",4,16,591,315,276
050,05,091,"Arkansas","Miller County",4,17,538,288,250
050,05,091,"Arkansas","Miller County",4,18,459,264,195
050,05,091,"Arkansas","Miller County",4,19,403,241,162
050,05,091,"Arkansas","Miller County",4,20,464,263,201
050,05,091,"Arkansas","Miller County",4,21,529,282,247
050,05,091,"Arkansas","Miller County",4,22,524,283,241
050,05,091,"Arkansas","Miller County",4,23,511,280,231
050,05,091,"Arkansas","Miller County",4,24,540,291,249
050,05,091,"Arkansas","Miller County",4,25,522,272,250
050,05,091,"Arkansas","Miller County",4,26,532,294,238
050,05,091,"Arkansas","Miller County",4,27,536,267,269
050,05,091,"Arkansas","Miller County",4,28,553,303,250
050,05,091,"Arkansas","Miller County",4,29,548,277,271
050,05,091,"Arkansas","Miller County",4,30,583,296,287
050,05,091,"Arkansas","Miller County",4,31,608,310,298
050,05,091,"Arkansas","Miller County",4,32,589,303,286
050,05,091,"Arkansas","Miller County",4,33,550,283,267
050,05,091,"Arkansas","Miller County",4,34,528,270,258
050,05,091,"Arkansas","Miller County",4,35,513,250,263
050,05,091,"Arkansas","Miller County",4,36,514,235,279
050,05,091,"Arkansas","Miller County",4,37,520,260,260
050,05,091,"Arkansas","Miller County",4,38,564,283,281
050,05,091,"Arkansas","Miller County",4,39,563,256,307
050,05,091,"Arkansas","Miller County",4,40,553,277,276
050,05,091,"Arkansas","Miller County",4,41,545,274,271
050,05,091,"Arkansas","Miller County",4,42,558,268,290
050,05,091,"Arkansas","Miller County",4,43,546,264,282
050,05,091,"Arkansas","Miller County",4,44,540,275,265
050,05,091,"Arkansas","Miller County",4,45,547,279,268
050,05,091,"Arkansas","Miller County",4,46,529,255,274
050,05,091,"Arkansas","Miller County",4,47,509,247,262
050,05,091,"Arkansas","Miller County",4,48,486,226,260
050,05,091,"Arkansas","Miller County",4,49,477,241,236
050,05,091,"Arkansas","Miller County",4,50,521,261,260
050,05,091,"Arkansas","Miller County",4,51,557,265,292
050,05,091,"Arkansas","Miller County",4,52,554,274,280
050,05,091,"Arkansas","Miller County",4,53,552,288,264
050,05,091,"Arkansas","Miller County",4,54,515,247,268
050,05,091,"Arkansas","Miller County",4,55,517,247,270
050,05,091,"Arkansas","Miller County",4,56,537,270,267
050,05,091,"Arkansas","Miller County",4,57,541,284,257
050,05,091,"Arkansas","Miller County",4,58,547,271,276
050,05,091,"Arkansas","Miller County",4,59,549,259,290
050,05,091,"Arkansas","Miller County",4,60,587,281,306
050,05,091,"Arkansas","Miller County",4,61,561,255,306
050,05,091,"Arkansas","Miller County",4,62,512,239,273
050,05,091,"Arkansas","Miller County",4,63,534,254,280
050,05,091,"Arkansas","Miller County",4,64,496,216,280
050,05,091,"Arkansas","Miller County",4,65,513,229,284
050,05,091,"Arkansas","Miller County",4,66,507,235,272
050,05,091,"Arkansas","Miller County",4,67,474,220,254
050,05,091,"Arkansas","Miller County",4,68,476,231,245
050,05,091,"Arkansas","Miller County",4,69,454,215,239
050,05,091,"Arkansas","Miller County",4,70,433,208,225
050,05,091,"Arkansas","Miller County",4,71,411,189,222
050,05,091,"Arkansas","Miller County",4,72,386,177,209
050,05,091,"Arkansas","Miller County",4,73,362,162,200
050,05,091,"Arkansas","Miller County",4,74,371,173,198
050,05,091,"Arkansas","Miller County",4,75,386,174,212
050,05,091,"Arkansas","Miller County",4,76,275,121,154
050,05,091,"Arkansas","Miller County",4,77,263,119,144
050,05,091,"Arkansas","Miller County",4,78,230,100,130
050,05,091,"Arkansas","Miller County",4,79,249,104,145
050,05,091,"Arkansas","Miller County",4,80,199,77,122
050,05,091,"Arkansas","Miller County",4,81,194,79,115
050,05,091,"Arkansas","Miller County",4,82,170,70,100
050,05,091,"Arkansas","Miller County",4,83,162,68,94
050,05,091,"Arkansas","Miller County",4,84,140,64,76
050,05,091,"Arkansas","Miller County",4,85,732,252,480
050,05,091,"Arkansas","Miller County",5,0,347,176,171
050,05,091,"Arkansas","Miller County",5,1,593,301,292
050,05,091,"Arkansas","Miller County",5,2,487,239,248
050,05,091,"Arkansas","Miller County",5,3,554,286,268
050,05,091,"Arkansas","Miller County",5,4,507,263,244
050,05,091,"Arkansas","Miller County",5,5,561,289,272
050,05,091,"Arkansas","Miller County",5,6,537,259,278
050,05,091,"Arkansas","Miller County",5,7,562,300,262
050,05,091,"Arkansas","Miller County",5,8,581,312,269
050,05,091,"Arkansas","Miller County",5,9,575,289,286
050,05,091,"Arkansas","Miller County",5,10,534,283,251
050,05,091,"Arkansas","Miller County",5,11,528,261,267
050,05,091,"Arkansas","Miller County",5,12,597,310,287
050,05,091,"Arkansas","Miller County",5,13,591,320,271
050,05,091,"Arkansas","Miller County",5,14,605,306,299
050,05,091,"Arkansas","Miller County",5,15,622,330,292
050,05,091,"Arkansas","Miller County",5,16,658,354,304
050,05,091,"Arkansas","Miller County",5,17,580,317,263
050,05,091,"Arkansas","Miller County",5,18,467,259,208
050,05,091,"Arkansas","Miller County",5,19,403,237,166
050,05,091,"Arkansas","Miller County",5,20,457,269,188
050,05,091,"Arkansas","Miller County",5,21,503,281,222
050,05,091,"Arkansas","Miller County",5,22,508,269,239
050,05,091,"Arkansas","Miller County",5,23,521,272,249
050,05,091,"Arkansas","Miller County",5,24,525,290,235
050,05,091,"Arkansas","Miller County",5,25,544,280,264
050,05,091,"Arkansas","Miller County",5,26,524,261,263
050,05,091,"Arkansas","Miller County",5,27,539,300,239
050,05,091,"Arkansas","Miller County",5,28,545,283,262
050,05,091,"Arkansas","Miller County",5,29,522,287,235
050,05,091,"Arkansas","Miller County",5,30,544,271,273
050,05,091,"Arkansas","Miller County",5,31,561,293,268
050,05,091,"Arkansas","Miller County",5,32,614,303,311
050,05,091,"Arkansas","Miller County",5,33,585,304,281
050,05,091,"Arkansas","Miller County",5,34,552,290,262
050,05,091,"Arkansas","Miller County",5,35,550,272,278
050,05,091,"Arkansas","Miller County",5,36,501,248,253
050,05,091,"Arkansas","Miller County",5,37,511,235,276
050,05,091,"Arkansas","Miller County",5,38,531,263,268
050,05,091,"Arkansas","Miller County",5,39,545,277,268
050,05,091,"Arkansas","Miller County",5,40,561,259,302
050,05,091,"Arkansas","Miller County",5,41,549,263,286
050,05,091,"Arkansas","Miller County",5,42,532,272,260
050,05,091,"Arkansas","Miller County",5,43,571,275,296
050,05,091,"Arkansas","Miller County",5,44,533,252,281
050,05,091,"Arkansas","Miller County",5,45,530,272,258
050,05,091,"Arkansas","Miller County",5,46,534,272,262
050,05,091,"Arkansas","Miller County",5,47,523,263,260
050,05,091,"Arkansas","Miller County",5,48,523,258,265
050,05,091,"Arkansas","Miller County",5,49,465,215,250
050,05,091,"Arkansas","Miller County",5,50,476,244,232
050,05,091,"Arkansas","Miller County",5,51,526,254,272
050,05,091,"Arkansas","Miller County",5,52,546,255,291
050,05,091,"Arkansas","Miller County",5,53,562,281,281
050,05,091,"Arkansas","Miller County",5,54,533,278,255
050,05,091,"Arkansas","Miller County",5,55,519,244,275
050,05,091,"Arkansas","Miller County",5,56,509,245,264
050,05,091,"Arkansas","Miller County",5,57,539,273,266
050,05,091,"Arkansas","Miller County",5,58,534,286,248
050,05,091,"Arkansas","Miller County",5,59,532,269,263
050,05,091,"Arkansas","Miller County",5,60,532,249,283
050,05,091,"Arkansas","Miller County",5,61,576,271,305
050,05,091,"Arkansas","Miller County",5,62,551,249,302
050,05,091,"Arkansas","Miller County",5,63,509,232,277
050,05,091,"Arkansas","Miller County",5,64,524,251,273
050,05,091,"Arkansas","Miller County",5,65,493,214,279
050,05,091,"Arkansas","Miller County",5,66,518,227,291
050,05,091,"Arkansas","Miller County",5,67,500,233,267
050,05,091,"Arkansas","Miller County",5,68,458,205,253
050,05,091,"Arkansas","Miller County",5,69,462,223,239
050,05,091,"Arkansas","Miller County",5,70,451,217,234
050,05,091,"Arkansas","Miller County",5,71,419,197,222
050,05,091,"Arkansas","Miller County",5,72,398,185,213
050,05,091,"Arkansas","Miller County",5,73,374,175,199
050,05,091,"Arkansas","Miller County",5,74,351,155,196
050,05,091,"Arkansas","Miller County",5,75,357,169,188
050,05,091,"Arkansas","Miller County",5,76,374,166,208
050,05,091,"Arkansas","Miller County",5,77,260,114,146
050,05,091,"Arkansas","Miller County",5,78,247,110,137
050,05,091,"Arkansas","Miller County",5,79,221,93,128
050,05,091,"Arkansas","Miller County",5,80,222,91,131
050,05,091,"Arkansas","Miller County",5,81,190,71,119
050,05,091,"Arkansas","Miller County",5,82,183,70,113
050,05,091,"Arkansas","Miller County",5,83,162,65,97
050,05,091,"Arkansas","Miller County",5,84,147,60,87
050,05,091,"Arkansas","Miller County",5,85,768,279,489
050,05,093,"Arkansas","Mississippi County",1,0,558,285,273
050,05,093,"Arkansas","Mississippi County",1,1,571,291,280
050,05,093,"Arkansas","Mississippi County",1,2,591,298,293
050,05,093,"Arkansas","Mississippi County",1,3,626,328,298
050,05,093,"Arkansas","Mississippi County",1,4,591,298,293
050,05,093,"Arkansas","Mississippi County",1,5,598,310,288
050,05,093,"Arkansas","Mississippi County",1,6,578,303,275
050,05,093,"Arkansas","Mississippi County",1,7,542,295,247
050,05,093,"Arkansas","Mississippi County",1,8,549,294,255
050,05,093,"Arkansas","Mississippi County",1,9,563,292,271
050,05,093,"Arkansas","Mississippi County",1,10,580,287,293
050,05,093,"Arkansas","Mississippi County",1,11,612,305,307
050,05,093,"Arkansas","Mississippi County",1,12,661,339,322
050,05,093,"Arkansas","Mississippi County",1,13,630,339,291
050,05,093,"Arkansas","Mississippi County",1,14,633,320,313
050,05,093,"Arkansas","Mississippi County",1,15,609,323,286
050,05,093,"Arkansas","Mississippi County",1,16,630,330,300
050,05,093,"Arkansas","Mississippi County",1,17,610,307,303
050,05,093,"Arkansas","Mississippi County",1,18,541,278,263
050,05,093,"Arkansas","Mississippi County",1,19,460,252,208
050,05,093,"Arkansas","Mississippi County",1,20,507,263,244
050,05,093,"Arkansas","Mississippi County",1,21,512,260,252
050,05,093,"Arkansas","Mississippi County",1,22,534,270,264
050,05,093,"Arkansas","Mississippi County",1,23,525,276,249
050,05,093,"Arkansas","Mississippi County",1,24,531,264,267
050,05,093,"Arkansas","Mississippi County",1,25,513,238,275
050,05,093,"Arkansas","Mississippi County",1,26,530,270,260
050,05,093,"Arkansas","Mississippi County",1,27,541,275,266
050,05,093,"Arkansas","Mississippi County",1,28,534,284,250
050,05,093,"Arkansas","Mississippi County",1,29,585,295,290
050,05,093,"Arkansas","Mississippi County",1,30,537,277,260
050,05,093,"Arkansas","Mississippi County",1,31,518,262,256
050,05,093,"Arkansas","Mississippi County",1,32,509,243,266
050,05,093,"Arkansas","Mississippi County",1,33,500,255,245
050,05,093,"Arkansas","Mississippi County",1,34,491,242,249
050,05,093,"Arkansas","Mississippi County",1,35,465,220,245
050,05,093,"Arkansas","Mississippi County",1,36,490,238,252
050,05,093,"Arkansas","Mississippi County",1,37,491,239,252
050,05,093,"Arkansas","Mississippi County",1,38,488,245,243
050,05,093,"Arkansas","Mississippi County",1,39,542,261,281
050,05,093,"Arkansas","Mississippi County",1,40,503,247,256
050,05,093,"Arkansas","Mississippi County",1,41,487,245,242
050,05,093,"Arkansas","Mississippi County",1,42,491,220,271
050,05,093,"Arkansas","Mississippi County",1,43,466,212,254
050,05,093,"Arkansas","Mississippi County",1,44,483,228,255
050,05,093,"Arkansas","Mississippi County",1,45,474,223,251
050,05,093,"Arkansas","Mississippi County",1,46,448,220,228
050,05,093,"Arkansas","Mississippi County",1,47,453,219,234
050,05,093,"Arkansas","Mississippi County",1,48,476,224,252
050,05,093,"Arkansas","Mississippi County",1,49,503,238,265
050,05,093,"Arkansas","Mississippi County",1,50,450,224,226
050,05,093,"Arkansas","Mississippi County",1,51,423,214,209
050,05,093,"Arkansas","Mississippi County",1,52,475,229,246
050,05,093,"Arkansas","Mississippi County",1,53,516,244,272
050,05,093,"Arkansas","Mississippi County",1,54,518,248,270
050,05,093,"Arkansas","Mississippi County",1,55,544,280,264
050,05,093,"Arkansas","Mississippi County",1,56,557,271,286
050,05,093,"Arkansas","Mississippi County",1,57,548,264,284
050,05,093,"Arkansas","Mississippi County",1,58,543,254,289
050,05,093,"Arkansas","Mississippi County",1,59,536,256,280
050,05,093,"Arkansas","Mississippi County",1,60,560,275,285
050,05,093,"Arkansas","Mississippi County",1,61,542,274,268
050,05,093,"Arkansas","Mississippi County",1,62,537,276,261
050,05,093,"Arkansas","Mississippi County",1,63,532,267,265
050,05,093,"Arkansas","Mississippi County",1,64,491,232,259
050,05,093,"Arkansas","Mississippi County",1,65,465,212,253
050,05,093,"Arkansas","Mississippi County",1,66,434,212,222
050,05,093,"Arkansas","Mississippi County",1,67,410,210,200
050,05,093,"Arkansas","Mississippi County",1,68,430,201,229
050,05,093,"Arkansas","Mississippi County",1,69,377,187,190
050,05,093,"Arkansas","Mississippi County",1,70,341,165,176
050,05,093,"Arkansas","Mississippi County",1,71,361,156,205
050,05,093,"Arkansas","Mississippi County",1,72,333,142,191
050,05,093,"Arkansas","Mississippi County",1,73,311,138,173
050,05,093,"Arkansas","Mississippi County",1,74,261,118,143
050,05,093,"Arkansas","Mississippi County",1,75,232,101,131
050,05,093,"Arkansas","Mississippi County",1,76,214,97,117
050,05,093,"Arkansas","Mississippi County",1,77,208,92,116
050,05,093,"Arkansas","Mississippi County",1,78,178,74,104
050,05,093,"Arkansas","Mississippi County",1,79,170,81,89
050,05,093,"Arkansas","Mississippi County",1,80,176,73,103
050,05,093,"Arkansas","Mississippi County",1,81,153,63,90
050,05,093,"Arkansas","Mississippi County",1,82,142,52,90
050,05,093,"Arkansas","Mississippi County",1,83,113,42,71
050,05,093,"Arkansas","Mississippi County",1,84,115,45,70
050,05,093,"Arkansas","Mississippi County",1,85,626,194,432
050,05,093,"Arkansas","Mississippi County",2,0,556,278,278
050,05,093,"Arkansas","Mississippi County",2,1,568,289,279
050,05,093,"Arkansas","Mississippi County",2,2,589,299,290
050,05,093,"Arkansas","Mississippi County",2,3,615,318,297
050,05,093,"Arkansas","Mississippi County",2,4,602,306,296
050,05,093,"Arkansas","Mississippi County",2,5,596,307,289
050,05,093,"Arkansas","Mississippi County",2,6,580,302,278
050,05,093,"Arkansas","Mississippi County",2,7,543,292,251
050,05,093,"Arkansas","Mississippi County",2,8,543,293,250
050,05,093,"Arkansas","Mississippi County",2,9,555,291,264
050,05,093,"Arkansas","Mississippi County",2,10,574,287,287
050,05,093,"Arkansas","Mississippi County",2,11,601,299,302
050,05,093,"Arkansas","Mississippi County",2,12,653,334,319
050,05,093,"Arkansas","Mississippi County",2,13,632,335,297
050,05,093,"Arkansas","Mississippi County",2,14,627,322,305
050,05,093,"Arkansas","Mississippi County",2,15,613,321,292
050,05,093,"Arkansas","Mississippi County",2,16,620,327,293
050,05,093,"Arkansas","Mississippi County",2,17,612,313,299
050,05,093,"Arkansas","Mississippi County",2,18,533,278,255
050,05,093,"Arkansas","Mississippi County",2,19,460,248,212
050,05,093,"Arkansas","Mississippi County",2,20,507,266,241
050,05,093,"Arkansas","Mississippi County",2,21,515,261,254
050,05,093,"Arkansas","Mississippi County",2,22,529,267,262
050,05,093,"Arkansas","Mississippi County",2,23,528,276,252
050,05,093,"Arkansas","Mississippi County",2,24,526,268,258
050,05,093,"Arkansas","Mississippi County",2,25,516,245,271
050,05,093,"Arkansas","Mississippi County",2,26,528,264,264
050,05,093,"Arkansas","Mississippi County",2,27,530,269,261
050,05,093,"Arkansas","Mississippi County",2,28,537,284,253
050,05,093,"Arkansas","Mississippi County",2,29,570,291,279
050,05,093,"Arkansas","Mississippi County",2,30,546,279,267
050,05,093,"Arkansas","Mississippi County",2,31,515,258,257
050,05,093,"Arkansas","Mississippi County",2,32,504,243,261
050,05,093,"Arkansas","Mississippi County",2,33,490,245,245
050,05,093,"Arkansas","Mississippi County",2,34,487,242,245
050,05,093,"Arkansas","Mississippi County",2,35,474,226,248
050,05,093,"Arkansas","Mississippi County",2,36,481,233,248
050,05,093,"Arkansas","Mississippi County",2,37,491,237,254
050,05,093,"Arkansas","Mississippi County",2,38,489,245,244
050,05,093,"Arkansas","Mississippi County",2,39,525,254,271
050,05,093,"Arkansas","Mississippi County",2,40,515,252,263
050,05,093,"Arkansas","Mississippi County",2,41,491,247,244
050,05,093,"Arkansas","Mississippi County",2,42,484,223,261
050,05,093,"Arkansas","Mississippi County",2,43,476,218,258
050,05,093,"Arkansas","Mississippi County",2,44,476,224,252
050,05,093,"Arkansas","Mississippi County",2,45,479,224,255
050,05,093,"Arkansas","Mississippi County",2,46,452,219,233
050,05,093,"Arkansas","Mississippi County",2,47,446,216,230
050,05,093,"Arkansas","Mississippi County",2,48,467,223,244
050,05,093,"Arkansas","Mississippi County",2,49,495,235,260
050,05,093,"Arkansas","Mississippi County",2,50,461,226,235
050,05,093,"Arkansas","Mississippi County",2,51,430,218,212
050,05,093,"Arkansas","Mississippi County",2,52,460,225,235
050,05,093,"Arkansas","Mississippi County",2,53,506,240,266
050,05,093,"Arkansas","Mississippi County",2,54,509,244,265
050,05,093,"Arkansas","Mississippi County",2,55,532,271,261
050,05,093,"Arkansas","Mississippi County",2,56,551,274,277
050,05,093,"Arkansas","Mississippi County",2,57,548,264,284
050,05,093,"Arkansas","Mississippi County",2,58,541,253,288
050,05,093,"Arkansas","Mississippi County",2,59,532,255,277
050,05,093,"Arkansas","Mississippi County",2,60,549,268,281
050,05,093,"Arkansas","Mississippi County",2,61,541,269,272
050,05,093,"Arkansas","Mississippi County",2,62,535,272,263
050,05,093,"Arkansas","Mississippi County",2,63,534,270,264
050,05,093,"Arkansas","Mississippi County",2,64,494,235,259
050,05,093,"Arkansas","Mississippi County",2,65,469,217,252
050,05,093,"Arkansas","Mississippi County",2,66,441,212,229
050,05,093,"Arkansas","Mississippi County",2,67,412,207,205
050,05,093,"Arkansas","Mississippi County",2,68,416,199,217
050,05,093,"Arkansas","Mississippi County",2,69,388,189,199
050,05,093,"Arkansas","Mississippi County",2,70,344,168,176
050,05,093,"Arkansas","Mississippi County",2,71,354,156,198
050,05,093,"Arkansas","Mississippi County",2,72,333,144,189
050,05,093,"Arkansas","Mississippi County",2,73,328,144,184
050,05,093,"Arkansas","Mississippi County",2,74,256,115,141
050,05,093,"Arkansas","Mississippi County",2,75,238,105,133
050,05,093,"Arkansas","Mississippi County",2,76,208,94,114
050,05,093,"Arkansas","Mississippi County",2,77,209,91,118
050,05,093,"Arkansas","Mississippi County",2,78,180,76,104
050,05,093,"Arkansas","Mississippi County",2,79,169,79,90
050,05,093,"Arkansas","Mississippi County",2,80,176,75,101
050,05,093,"Arkansas","Mississippi County",2,81,153,64,89
050,05,093,"Arkansas","Mississippi County",2,82,141,54,87
050,05,093,"Arkansas","Mississippi County",2,83,117,42,75
050,05,093,"Arkansas","Mississippi County",2,84,112,44,68
050,05,093,"Arkansas","Mississippi County",2,85,630,195,435
050,05,093,"Arkansas","Mississippi County",3,0,532,290,242
050,05,093,"Arkansas","Mississippi County",3,1,582,298,284
050,05,093,"Arkansas","Mississippi County",3,2,543,274,269
050,05,093,"Arkansas","Mississippi County",3,3,549,278,271
050,05,093,"Arkansas","Mississippi County",3,4,592,317,275
050,05,093,"Arkansas","Mississippi County",3,5,576,297,279
050,05,093,"Arkansas","Mississippi County",3,6,567,292,275
050,05,093,"Arkansas","Mississippi County",3,7,581,295,286
050,05,093,"Arkansas","Mississippi County",3,8,522,279,243
050,05,093,"Arkansas","Mississippi County",3,9,533,284,249
050,05,093,"Arkansas","Mississippi County",3,10,535,281,254
050,05,093,"Arkansas","Mississippi County",3,11,571,286,285
050,05,093,"Arkansas","Mississippi County",3,12,582,291,291
050,05,093,"Arkansas","Mississippi County",3,13,648,329,319
050,05,093,"Arkansas","Mississippi County",3,14,611,313,298
050,05,093,"Arkansas","Mississippi County",3,15,600,308,292
050,05,093,"Arkansas","Mississippi County",3,16,597,299,298
050,05,093,"Arkansas","Mississippi County",3,17,617,331,286
050,05,093,"Arkansas","Mississippi County",3,18,532,294,238
050,05,093,"Arkansas","Mississippi County",3,19,438,222,216
050,05,093,"Arkansas","Mississippi County",3,20,485,263,222
050,05,093,"Arkansas","Mississippi County",3,21,525,268,257
050,05,093,"Arkansas","Mississippi County",3,22,499,260,239
050,05,093,"Arkansas","Mississippi County",3,23,524,255,269
050,05,093,"Arkansas","Mississippi County",3,24,517,265,252
050,05,093,"Arkansas","Mississippi County",3,25,500,247,253
050,05,093,"Arkansas","Mississippi County",3,26,488,238,250
050,05,093,"Arkansas","Mississippi County",3,27,482,233,249
050,05,093,"Arkansas","Mississippi County",3,28,509,267,242
050,05,093,"Arkansas","Mississippi County",3,29,532,278,254
050,05,093,"Arkansas","Mississippi County",3,30,523,253,270
050,05,093,"Arkansas","Mississippi County",3,31,532,267,265
050,05,093,"Arkansas","Mississippi County",3,32,500,256,244
050,05,093,"Arkansas","Mississippi County",3,33,475,224,251
050,05,093,"Arkansas","Mississippi County",3,34,489,237,252
050,05,093,"Arkansas","Mississippi County",3,35,473,227,246
050,05,093,"Arkansas","Mississippi County",3,36,477,239,238
050,05,093,"Arkansas","Mississippi County",3,37,470,227,243
050,05,093,"Arkansas","Mississippi County",3,38,470,216,254
050,05,093,"Arkansas","Mississippi County",3,39,476,234,242
050,05,093,"Arkansas","Mississippi County",3,40,514,255,259
050,05,093,"Arkansas","Mississippi County",3,41,504,246,258
050,05,093,"Arkansas","Mississippi County",3,42,477,237,240
050,05,093,"Arkansas","Mississippi County",3,43,482,225,257
050,05,093,"Arkansas","Mississippi County",3,44,465,212,253
050,05,093,"Arkansas","Mississippi County",3,45,462,213,249
050,05,093,"Arkansas","Mississippi County",3,46,468,214,254
050,05,093,"Arkansas","Mississippi County",3,47,433,208,225
050,05,093,"Arkansas","Mississippi County",3,48,452,220,232
050,05,093,"Arkansas","Mississippi County",3,49,446,206,240
050,05,093,"Arkansas","Mississippi County",3,50,481,232,249
050,05,093,"Arkansas","Mississippi County",3,51,443,217,226
050,05,093,"Arkansas","Mississippi County",3,52,422,202,220
050,05,093,"Arkansas","Mississippi County",3,53,451,225,226
050,05,093,"Arkansas","Mississippi County",3,54,484,232,252
050,05,093,"Arkansas","Mississippi County",3,55,492,239,253
050,05,093,"Arkansas","Mississippi County",3,56,521,262,259
050,05,093,"Arkansas","Mississippi County",3,57,526,259,267
050,05,093,"Arkansas","Mississippi County",3,58,537,257,280
050,05,093,"Arkansas","Mississippi County",3,59,526,245,281
050,05,093,"Arkansas","Mississippi County",3,60,520,247,273
050,05,093,"Arkansas","Mississippi County",3,61,535,266,269
050,05,093,"Arkansas","Mississippi County",3,62,525,259,266
050,05,093,"Arkansas","Mississippi County",3,63,514,267,247
050,05,093,"Arkansas","Mississippi County",3,64,511,256,255
050,05,093,"Arkansas","Mississippi County",3,65,470,226,244
050,05,093,"Arkansas","Mississippi County",3,66,447,203,244
050,05,093,"Arkansas","Mississippi County",3,67,424,195,229
050,05,093,"Arkansas","Mississippi County",3,68,394,201,193
050,05,093,"Arkansas","Mississippi County",3,69,392,182,210
050,05,093,"Arkansas","Mississippi County",3,70,374,180,194
050,05,093,"Arkansas","Mississippi County",3,71,337,158,179
050,05,093,"Arkansas","Mississippi County",3,72,338,148,190
050,05,093,"Arkansas","Mississippi County",3,73,307,135,172
050,05,093,"Arkansas","Mississippi County",3,74,310,137,173
050,05,093,"Arkansas","Mississippi County",3,75,240,106,134
050,05,093,"Arkansas","Mississippi County",3,76,225,104,121
050,05,093,"Arkansas","Mississippi County",3,77,191,80,111
050,05,093,"Arkansas","Mississippi County",3,78,199,85,114
050,05,093,"Arkansas","Mississippi County",3,79,169,72,97
050,05,093,"Arkansas","Mississippi County",3,80,147,69,78
050,05,093,"Arkansas","Mississippi County",3,81,157,65,92
050,05,093,"Arkansas","Mississippi County",3,82,138,58,80
050,05,093,"Arkansas","Mississippi County",3,83,125,47,78
050,05,093,"Arkansas","Mississippi County",3,84,103,35,68
050,05,093,"Arkansas","Mississippi County",3,85,602,200,402
050,05,093,"Arkansas","Mississippi County",4,0,524,278,246
050,05,093,"Arkansas","Mississippi County",4,1,515,288,227
050,05,093,"Arkansas","Mississippi County",4,2,566,285,281
050,05,093,"Arkansas","Mississippi County",4,3,559,286,273
050,05,093,"Arkansas","Mississippi County",4,4,556,284,272
050,05,093,"Arkansas","Mississippi County",4,5,587,311,276
050,05,093,"Arkansas","Mississippi County",4,6,569,298,271
050,05,093,"Arkansas","Mississippi County",4,7,565,297,268
050,05,093,"Arkansas","Mississippi County",4,8,569,284,285
050,05,093,"Arkansas","Mississippi County",4,9,522,278,244
050,05,093,"Arkansas","Mississippi County",4,10,515,272,243
050,05,093,"Arkansas","Mississippi County",4,11,522,271,251
050,05,093,"Arkansas","Mississippi County",4,12,557,282,275
050,05,093,"Arkansas","Mississippi County",4,13,562,283,279
050,05,093,"Arkansas","Mississippi County",4,14,622,315,307
050,05,093,"Arkansas","Mississippi County",4,15,596,309,287
050,05,093,"Arkansas","Mississippi County",4,16,589,303,286
050,05,093,"Arkansas","Mississippi County",4,17,603,306,297
050,05,093,"Arkansas","Mississippi County",4,18,533,297,236
050,05,093,"Arkansas","Mississippi County",4,19,406,224,182
050,05,093,"Arkansas","Mississippi County",4,20,483,244,239
050,05,093,"Arkansas","Mississippi County",4,21,498,270,228
050,05,093,"Arkansas","Mississippi County",4,22,539,276,263
050,05,093,"Arkansas","Mississippi County",4,23,514,277,237
050,05,093,"Arkansas","Mississippi County",4,24,527,264,263
050,05,093,"Arkansas","Mississippi County",4,25,504,249,255
050,05,093,"Arkansas","Mississippi County",4,26,490,233,257
050,05,093,"Arkansas","Mississippi County",4,27,458,210,248
050,05,093,"Arkansas","Mississippi County",4,28,471,233,238
050,05,093,"Arkansas","Mississippi County",4,29,505,269,236
050,05,093,"Arkansas","Mississippi County",4,30,515,272,243
050,05,093,"Arkansas","Mississippi County",4,31,519,256,263
050,05,093,"Arkansas","Mississippi County",4,32,519,257,262
050,05,093,"Arkansas","Mississippi County",4,33,469,233,236
050,05,093,"Arkansas","Mississippi County",4,34,464,219,245
050,05,093,"Arkansas","Mississippi County",4,35,472,231,241
050,05,093,"Arkansas","Mississippi County",4,36,451,226,225
050,05,093,"Arkansas","Mississippi County",4,37,476,230,246
050,05,093,"Arkansas","Mississippi County",4,38,452,218,234
050,05,093,"Arkansas","Mississippi County",4,39,465,213,252
050,05,093,"Arkansas","Mississippi County",4,40,463,233,230
050,05,093,"Arkansas","Mississippi County",4,41,516,260,256
050,05,093,"Arkansas","Mississippi County",4,42,482,239,243
050,05,093,"Arkansas","Mississippi County",4,43,471,236,235
050,05,093,"Arkansas","Mississippi County",4,44,474,222,252
050,05,093,"Arkansas","Mississippi County",4,45,465,208,257
050,05,093,"Arkansas","Mississippi County",4,46,456,215,241
050,05,093,"Arkansas","Mississippi County",4,47,465,220,245
050,05,093,"Arkansas","Mississippi County",4,48,443,212,231
050,05,093,"Arkansas","Mississippi County",4,49,444,210,234
050,05,093,"Arkansas","Mississippi County",4,50,435,199,236
050,05,093,"Arkansas","Mississippi County",4,51,472,233,239
050,05,093,"Arkansas","Mississippi County",4,52,439,210,229
050,05,093,"Arkansas","Mississippi County",4,53,413,197,216
050,05,093,"Arkansas","Mississippi County",4,54,433,215,218
050,05,093,"Arkansas","Mississippi County",4,55,469,226,243
050,05,093,"Arkansas","Mississippi County",4,56,475,229,246
050,05,093,"Arkansas","Mississippi County",4,57,504,250,254
050,05,093,"Arkansas","Mississippi County",4,58,513,258,255
050,05,093,"Arkansas","Mississippi County",4,59,510,246,264
050,05,093,"Arkansas","Mississippi County",4,60,514,237,277
050,05,093,"Arkansas","Mississippi County",4,61,504,239,265
050,05,093,"Arkansas","Mississippi County",4,62,519,255,264
050,05,093,"Arkansas","Mississippi County",4,63,508,255,253
050,05,093,"Arkansas","Mississippi County",4,64,497,254,243
050,05,093,"Arkansas","Mississippi County",4,65,486,244,242
050,05,093,"Arkansas","Mississippi County",4,66,444,213,231
050,05,093,"Arkansas","Mississippi County",4,67,426,193,233
050,05,093,"Arkansas","Mississippi County",4,68,406,189,217
050,05,093,"Arkansas","Mississippi County",4,69,372,186,186
050,05,093,"Arkansas","Mississippi County",4,70,371,172,199
050,05,093,"Arkansas","Mississippi County",4,71,361,173,188
050,05,093,"Arkansas","Mississippi County",4,72,317,149,168
050,05,093,"Arkansas","Mississippi County",4,73,324,143,181
050,05,093,"Arkansas","Mississippi County",4,74,290,129,161
050,05,093,"Arkansas","Mississippi County",4,75,282,120,162
050,05,093,"Arkansas","Mississippi County",4,76,221,97,124
050,05,093,"Arkansas","Mississippi County",4,77,206,90,116
050,05,093,"Arkansas","Mississippi County",4,78,185,76,109
050,05,093,"Arkansas","Mississippi County",4,79,175,72,103
050,05,093,"Arkansas","Mississippi County",4,80,157,68,89
050,05,093,"Arkansas","Mississippi County",4,81,133,61,72
050,05,093,"Arkansas","Mississippi County",4,82,147,62,85
050,05,093,"Arkansas","Mississippi County",4,83,126,52,74
050,05,093,"Arkansas","Mississippi County",4,84,121,46,75
050,05,093,"Arkansas","Mississippi County",4,85,601,199,402
050,05,093,"Arkansas","Mississippi County",5,0,521,278,243
050,05,093,"Arkansas","Mississippi County",5,1,532,294,238
050,05,093,"Arkansas","Mississippi County",5,2,513,278,235
050,05,093,"Arkansas","Mississippi County",5,3,564,288,276
050,05,093,"Arkansas","Mississippi County",5,4,565,288,277
050,05,093,"Arkansas","Mississippi County",5,5,553,278,275
050,05,093,"Arkansas","Mississippi County",5,6,595,310,285
050,05,093,"Arkansas","Mississippi County",5,7,561,297,264
050,05,093,"Arkansas","Mississippi County",5,8,581,300,281
050,05,093,"Arkansas","Mississippi County",5,9,562,288,274
050,05,093,"Arkansas","Mississippi County",5,10,516,277,239
050,05,093,"Arkansas","Mississippi County",5,11,519,276,243
050,05,093,"Arkansas","Mississippi County",5,12,512,270,242
050,05,093,"Arkansas","Mississippi County",5,13,560,284,276
050,05,093,"Arkansas","Mississippi County",5,14,551,277,274
050,05,093,"Arkansas","Mississippi County",5,15,633,325,308
050,05,093,"Arkansas","Mississippi County",5,16,595,307,288
050,05,093,"Arkansas","Mississippi County",5,17,586,306,280
050,05,093,"Arkansas","Mississippi County",5,18,513,272,241
050,05,093,"Arkansas","Mississippi County",5,19,426,242,184
050,05,093,"Arkansas","Mississippi County",5,20,458,252,206
050,05,093,"Arkansas","Mississippi County",5,21,516,264,252
050,05,093,"Arkansas","Mississippi County",5,22,509,275,234
050,05,093,"Arkansas","Mississippi County",5,23,516,264,252
050,05,093,"Arkansas","Mississippi County",5,24,526,286,240
050,05,093,"Arkansas","Mississippi County",5,25,528,264,264
050,05,093,"Arkansas","Mississippi County",5,26,512,262,250
050,05,093,"Arkansas","Mississippi County",5,27,472,221,251
050,05,093,"Arkansas","Mississippi County",5,28,461,227,234
050,05,093,"Arkansas","Mississippi County",5,29,483,250,233
050,05,093,"Arkansas","Mississippi County",5,30,499,253,246
050,05,093,"Arkansas","Mississippi County",5,31,524,288,236
050,05,093,"Arkansas","Mississippi County",5,32,524,271,253
050,05,093,"Arkansas","Mississippi County",5,33,501,243,258
050,05,093,"Arkansas","Mississippi County",5,34,472,238,234
050,05,093,"Arkansas","Mississippi County",5,35,471,229,242
050,05,093,"Arkansas","Mississippi County",5,36,489,242,247
050,05,093,"Arkansas","Mississippi County",5,37,444,217,227
050,05,093,"Arkansas","Mississippi County",5,38,481,238,243
050,05,093,"Arkansas","Mississippi County",5,39,440,200,240
050,05,093,"Arkansas","Mississippi County",5,40,452,204,248
050,05,093,"Arkansas","Mississippi County",5,41,471,246,225
050,05,093,"Arkansas","Mississippi County",5,42,502,247,255
050,05,093,"Arkansas","Mississippi County",5,43,473,234,239
050,05,093,"Arkansas","Mississippi County",5,44,469,240,229
050,05,093,"Arkansas","Mississippi County",5,45,476,217,259
050,05,093,"Arkansas","Mississippi County",5,46,464,215,249
050,05,093,"Arkansas","Mississippi County",5,47,452,213,239
050,05,093,"Arkansas","Mississippi County",5,48,474,230,244
050,05,093,"Arkansas","Mississippi County",5,49,437,208,229
050,05,093,"Arkansas","Mississippi County",5,50,432,203,229
050,05,093,"Arkansas","Mississippi County",5,51,427,198,229
050,05,093,"Arkansas","Mississippi County",5,52,459,221,238
050,05,093,"Arkansas","Mississippi County",5,53,440,211,229
050,05,093,"Arkansas","Mississippi County",5,54,390,185,205
050,05,093,"Arkansas","Mississippi County",5,55,433,220,213
050,05,093,"Arkansas","Mississippi County",5,56,455,218,237
050,05,093,"Arkansas","Mississippi County",5,57,450,218,232
050,05,093,"Arkansas","Mississippi County",5,58,495,244,251
050,05,093,"Arkansas","Mississippi County",5,59,492,243,249
050,05,093,"Arkansas","Mississippi County",5,60,502,246,256
050,05,093,"Arkansas","Mississippi County",5,61,500,227,273
050,05,093,"Arkansas","Mississippi County",5,62,504,236,268
050,05,093,"Arkansas","Mississippi County",5,63,519,253,266
050,05,093,"Arkansas","Mississippi County",5,64,489,246,243
050,05,093,"Arkansas","Mississippi County",5,65,475,249,226
050,05,093,"Arkansas","Mississippi County",5,66,470,239,231
050,05,093,"Arkansas","Mississippi County",5,67,427,199,228
050,05,093,"Arkansas","Mississippi County",5,68,410,186,224
050,05,093,"Arkansas","Mississippi County",5,69,389,176,213
050,05,093,"Arkansas","Mississippi County",5,70,352,176,176
050,05,093,"Arkansas","Mississippi County",5,71,360,167,193
050,05,093,"Arkansas","Mississippi County",5,72,342,168,174
050,05,093,"Arkansas","Mississippi County",5,73,300,139,161
050,05,093,"Arkansas","Mississippi County",5,74,305,136,169
050,05,093,"Arkansas","Mississippi County",5,75,268,117,151
050,05,093,"Arkansas","Mississippi County",5,76,253,110,143
050,05,093,"Arkansas","Mississippi County",5,77,216,88,128
050,05,093,"Arkansas","Mississippi County",5,78,198,87,111
050,05,093,"Arkansas","Mississippi County",5,79,166,68,98
050,05,093,"Arkansas","Mississippi County",5,80,153,64,89
050,05,093,"Arkansas","Mississippi County",5,81,141,60,81
050,05,093,"Arkansas","Mississippi County",5,82,124,58,66
050,05,093,"Arkansas","Mississippi County",5,83,133,58,75
050,05,093,"Arkansas","Mississippi County",5,84,117,49,68
050,05,093,"Arkansas","Mississippi County",5,85,623,215,408
050,05,095,"Arkansas","Monroe County",1,0,107,55,52
050,05,095,"Arkansas","Monroe County",1,1,108,55,53
050,05,095,"Arkansas","Monroe County",1,2,85,48,37
050,05,095,"Arkansas","Monroe County",1,3,86,40,46
050,05,095,"Arkansas","Monroe County",1,4,81,38,43
050,05,095,"Arkansas","Monroe County",1,5,89,40,49
050,05,095,"Arkansas","Monroe County",1,6,83,38,45
050,05,095,"Arkansas","Monroe County",1,7,69,38,31
050,05,095,"Arkansas","Monroe County",1,8,84,42,42
050,05,095,"Arkansas","Monroe County",1,9,77,43,34
050,05,095,"Arkansas","Monroe County",1,10,82,44,38
050,05,095,"Arkansas","Monroe County",1,11,85,44,41
050,05,095,"Arkansas","Monroe County",1,12,81,40,41
050,05,095,"Arkansas","Monroe County",1,13,79,37,42
050,05,095,"Arkansas","Monroe County",1,14,81,38,43
050,05,095,"Arkansas","Monroe County",1,15,81,40,41
050,05,095,"Arkansas","Monroe County",1,16,73,37,36
050,05,095,"Arkansas","Monroe County",1,17,66,32,34
050,05,095,"Arkansas","Monroe County",1,18,62,36,26
050,05,095,"Arkansas","Monroe County",1,19,57,28,29
050,05,095,"Arkansas","Monroe County",1,20,67,35,32
050,05,095,"Arkansas","Monroe County",1,21,68,28,40
050,05,095,"Arkansas","Monroe County",1,22,79,34,45
050,05,095,"Arkansas","Monroe County",1,23,71,34,37
050,05,095,"Arkansas","Monroe County",1,24,70,27,43
050,05,095,"Arkansas","Monroe County",1,25,72,34,38
050,05,095,"Arkansas","Monroe County",1,26,79,37,42
050,05,095,"Arkansas","Monroe County",1,27,80,39,41
050,05,095,"Arkansas","Monroe County",1,28,78,37,41
050,05,095,"Arkansas","Monroe County",1,29,85,39,46
050,05,095,"Arkansas","Monroe County",1,30,69,26,43
050,05,095,"Arkansas","Monroe County",1,31,70,31,39
050,05,095,"Arkansas","Monroe County",1,32,65,31,34
050,05,095,"Arkansas","Monroe County",1,33,55,32,23
050,05,095,"Arkansas","Monroe County",1,34,62,34,28
050,05,095,"Arkansas","Monroe County",1,35,56,29,27
050,05,095,"Arkansas","Monroe County",1,36,59,26,33
050,05,095,"Arkansas","Monroe County",1,37,62,34,28
050,05,095,"Arkansas","Monroe County",1,38,76,39,37
050,05,095,"Arkansas","Monroe County",1,39,71,43,28
050,05,095,"Arkansas","Monroe County",1,40,63,36,27
050,05,095,"Arkansas","Monroe County",1,41,70,33,37
050,05,095,"Arkansas","Monroe County",1,42,63,32,31
050,05,095,"Arkansas","Monroe County",1,43,50,23,27
050,05,095,"Arkansas","Monroe County",1,44,67,24,43
050,05,095,"Arkansas","Monroe County",1,45,82,36,46
050,05,095,"Arkansas","Monroe County",1,46,76,36,40
050,05,095,"Arkansas","Monroe County",1,47,64,32,32
050,05,095,"Arkansas","Monroe County",1,48,70,31,39
050,05,095,"Arkansas","Monroe County",1,49,86,45,41
050,05,095,"Arkansas","Monroe County",1,50,79,43,36
050,05,095,"Arkansas","Monroe County",1,51,87,47,40
050,05,095,"Arkansas","Monroe County",1,52,75,35,40
050,05,095,"Arkansas","Monroe County",1,53,80,34,46
050,05,095,"Arkansas","Monroe County",1,54,97,46,51
050,05,095,"Arkansas","Monroe County",1,55,119,57,62
050,05,095,"Arkansas","Monroe County",1,56,106,50,56
050,05,095,"Arkansas","Monroe County",1,57,97,47,50
050,05,095,"Arkansas","Monroe County",1,58,114,50,64
050,05,095,"Arkansas","Monroe County",1,59,113,50,63
050,05,095,"Arkansas","Monroe County",1,60,110,58,52
050,05,095,"Arkansas","Monroe County",1,61,110,54,56
050,05,095,"Arkansas","Monroe County",1,62,113,53,60
050,05,095,"Arkansas","Monroe County",1,63,116,47,69
050,05,095,"Arkansas","Monroe County",1,64,108,49,59
050,05,095,"Arkansas","Monroe County",1,65,101,48,53
050,05,095,"Arkansas","Monroe County",1,66,91,51,40
050,05,095,"Arkansas","Monroe County",1,67,96,42,54
050,05,095,"Arkansas","Monroe County",1,68,103,50,53
050,05,095,"Arkansas","Monroe County",1,69,108,48,60
050,05,095,"Arkansas","Monroe County",1,70,106,51,55
050,05,095,"Arkansas","Monroe County",1,71,80,41,39
050,05,095,"Arkansas","Monroe County",1,72,67,26,41
050,05,095,"Arkansas","Monroe County",1,73,69,31,38
050,05,095,"Arkansas","Monroe County",1,74,62,28,34
050,05,095,"Arkansas","Monroe County",1,75,70,29,41
050,05,095,"Arkansas","Monroe County",1,76,65,27,38
050,05,095,"Arkansas","Monroe County",1,77,70,35,35
050,05,095,"Arkansas","Monroe County",1,78,50,22,28
050,05,095,"Arkansas","Monroe County",1,79,49,18,31
050,05,095,"Arkansas","Monroe County",1,80,48,19,29
050,05,095,"Arkansas","Monroe County",1,81,43,22,21
050,05,095,"Arkansas","Monroe County",1,82,38,19,19
050,05,095,"Arkansas","Monroe County",1,83,41,21,20
050,05,095,"Arkansas","Monroe County",1,84,35,14,21
050,05,095,"Arkansas","Monroe County",1,85,185,69,116
050,05,095,"Arkansas","Monroe County",2,0,107,50,57
050,05,095,"Arkansas","Monroe County",2,1,107,55,52
050,05,095,"Arkansas","Monroe County",2,2,89,49,40
050,05,095,"Arkansas","Monroe County",2,3,85,42,43
050,05,095,"Arkansas","Monroe County",2,4,83,39,44
050,05,095,"Arkansas","Monroe County",2,5,86,38,48
050,05,095,"Arkansas","Monroe County",2,6,84,38,46
050,05,095,"Arkansas","Monroe County",2,7,70,37,33
050,05,095,"Arkansas","Monroe County",2,8,81,41,40
050,05,095,"Arkansas","Monroe County",2,9,78,42,36
050,05,095,"Arkansas","Monroe County",2,10,81,43,38
050,05,095,"Arkansas","Monroe County",2,11,83,43,40
050,05,095,"Arkansas","Monroe County",2,12,82,41,41
050,05,095,"Arkansas","Monroe County",2,13,81,40,41
050,05,095,"Arkansas","Monroe County",2,14,80,38,42
050,05,095,"Arkansas","Monroe County",2,15,79,39,40
050,05,095,"Arkansas","Monroe County",2,16,75,38,37
050,05,095,"Arkansas","Monroe County",2,17,66,33,33
050,05,095,"Arkansas","Monroe County",2,18,60,34,26
050,05,095,"Arkansas","Monroe County",2,19,55,29,26
050,05,095,"Arkansas","Monroe County",2,20,65,33,32
050,05,095,"Arkansas","Monroe County",2,21,69,29,40
050,05,095,"Arkansas","Monroe County",2,22,78,34,44
050,05,095,"Arkansas","Monroe County",2,23,74,34,40
050,05,095,"Arkansas","Monroe County",2,24,71,29,42
050,05,095,"Arkansas","Monroe County",2,25,74,34,40
050,05,095,"Arkansas","Monroe County",2,26,76,35,41
050,05,095,"Arkansas","Monroe County",2,27,78,37,41
050,05,095,"Arkansas","Monroe County",2,28,77,37,40
050,05,095,"Arkansas","Monroe County",2,29,82,37,45
050,05,095,"Arkansas","Monroe County",2,30,72,29,43
050,05,095,"Arkansas","Monroe County",2,31,71,31,40
050,05,095,"Arkansas","Monroe County",2,32,65,30,35
050,05,095,"Arkansas","Monroe County",2,33,56,31,25
050,05,095,"Arkansas","Monroe County",2,34,60,33,27
050,05,095,"Arkansas","Monroe County",2,35,57,29,28
050,05,095,"Arkansas","Monroe County",2,36,56,26,30
050,05,095,"Arkansas","Monroe County",2,37,62,32,30
050,05,095,"Arkansas","Monroe County",2,38,73,38,35
050,05,095,"Arkansas","Monroe County",2,39,71,42,29
050,05,095,"Arkansas","Monroe County",2,40,64,37,27
050,05,095,"Arkansas","Monroe County",2,41,68,34,34
050,05,095,"Arkansas","Monroe County",2,42,63,31,32
050,05,095,"Arkansas","Monroe County",2,43,54,25,29
050,05,095,"Arkansas","Monroe County",2,44,62,24,38
050,05,095,"Arkansas","Monroe County",2,45,79,33,46
050,05,095,"Arkansas","Monroe County",2,46,75,34,41
050,05,095,"Arkansas","Monroe County",2,47,66,32,34
050,05,095,"Arkansas","Monroe County",2,48,69,32,37
050,05,095,"Arkansas","Monroe County",2,49,82,41,41
050,05,095,"Arkansas","Monroe County",2,50,81,43,38
050,05,095,"Arkansas","Monroe County",2,51,85,46,39
050,05,095,"Arkansas","Monroe County",2,52,77,37,40
050,05,095,"Arkansas","Monroe County",2,53,79,35,44
050,05,095,"Arkansas","Monroe County",2,54,94,43,51
050,05,095,"Arkansas","Monroe County",2,55,115,55,60
050,05,095,"Arkansas","Monroe County",2,56,108,52,56
050,05,095,"Arkansas","Monroe County",2,57,101,49,52
050,05,095,"Arkansas","Monroe County",2,58,107,47,60
050,05,095,"Arkansas","Monroe County",2,59,110,50,60
050,05,095,"Arkansas","Monroe County",2,60,109,56,53
050,05,095,"Arkansas","Monroe County",2,61,109,54,55
050,05,095,"Arkansas","Monroe County",2,62,110,52,58
050,05,095,"Arkansas","Monroe County",2,63,115,48,67
050,05,095,"Arkansas","Monroe County",2,64,110,48,62
050,05,095,"Arkansas","Monroe County",2,65,104,49,55
050,05,095,"Arkansas","Monroe County",2,66,93,51,42
050,05,095,"Arkansas","Monroe County",2,67,91,42,49
050,05,095,"Arkansas","Monroe County",2,68,102,49,53
050,05,095,"Arkansas","Monroe County",2,69,106,48,58
050,05,095,"Arkansas","Monroe County",2,70,108,51,57
050,05,095,"Arkansas","Monroe County",2,71,85,43,42
050,05,095,"Arkansas","Monroe County",2,72,70,30,40
050,05,095,"Arkansas","Monroe County",2,73,73,32,41
050,05,095,"Arkansas","Monroe County",2,74,60,27,33
050,05,095,"Arkansas","Monroe County",2,75,68,29,39
050,05,095,"Arkansas","Monroe County",2,76,65,28,37
050,05,095,"Arkansas","Monroe County",2,77,68,33,35
050,05,095,"Arkansas","Monroe County",2,78,52,23,29
050,05,095,"Arkansas","Monroe County",2,79,49,20,29
050,05,095,"Arkansas","Monroe County",2,80,47,17,30
050,05,095,"Arkansas","Monroe County",2,81,42,21,21
050,05,095,"Arkansas","Monroe County",2,82,36,16,20
050,05,095,"Arkansas","Monroe County",2,83,41,21,20
050,05,095,"Arkansas","Monroe County",2,84,35,14,21
050,05,095,"Arkansas","Monroe County",2,85,190,73,117
050,05,095,"Arkansas","Monroe County",3,0,69,38,31
050,05,095,"Arkansas","Monroe County",3,1,106,51,55
050,05,095,"Arkansas","Monroe County",3,2,98,52,46
050,05,095,"Arkansas","Monroe County",3,3,85,48,37
050,05,095,"Arkansas","Monroe County",3,4,87,45,42
050,05,095,"Arkansas","Monroe County",3,5,84,41,43
050,05,095,"Arkansas","Monroe County",3,6,86,33,53
050,05,095,"Arkansas","Monroe County",3,7,76,32,44
050,05,095,"Arkansas","Monroe County",3,8,74,37,37
050,05,095,"Arkansas","Monroe County",3,9,87,48,39
050,05,095,"Arkansas","Monroe County",3,10,76,39,37
050,05,095,"Arkansas","Monroe County",3,11,85,48,37
050,05,095,"Arkansas","Monroe County",3,12,83,42,41
050,05,095,"Arkansas","Monroe County",3,13,88,46,42
050,05,095,"Arkansas","Monroe County",3,14,81,41,40
050,05,095,"Arkansas","Monroe County",3,15,76,36,40
050,05,095,"Arkansas","Monroe County",3,16,85,46,39
050,05,095,"Arkansas","Monroe County",3,17,80,41,39
050,05,095,"Arkansas","Monroe County",3,18,54,27,27
050,05,095,"Arkansas","Monroe County",3,19,56,34,22
050,05,095,"Arkansas","Monroe County",3,20,57,31,26
050,05,095,"Arkansas","Monroe County",3,21,67,36,31
050,05,095,"Arkansas","Monroe County",3,22,71,28,43
050,05,095,"Arkansas","Monroe County",3,23,64,29,35
050,05,095,"Arkansas","Monroe County",3,24,64,33,31
050,05,095,"Arkansas","Monroe County",3,25,63,27,36
050,05,095,"Arkansas","Monroe County",3,26,73,35,38
050,05,095,"Arkansas","Monroe County",3,27,63,27,36
050,05,095,"Arkansas","Monroe County",3,28,81,38,43
050,05,095,"Arkansas","Monroe County",3,29,75,38,37
050,05,095,"Arkansas","Monroe County",3,30,77,33,44
050,05,095,"Arkansas","Monroe County",3,31,74,31,43
050,05,095,"Arkansas","Monroe County",3,32,74,33,41
050,05,095,"Arkansas","Monroe County",3,33,64,30,34
050,05,095,"Arkansas","Monroe County",3,34,57,30,27
050,05,095,"Arkansas","Monroe County",3,35,57,28,29
050,05,095,"Arkansas","Monroe County",3,36,57,27,30
050,05,095,"Arkansas","Monroe County",3,37,50,23,27
050,05,095,"Arkansas","Monroe County",3,38,64,30,34
050,05,095,"Arkansas","Monroe County",3,39,70,33,37
050,05,095,"Arkansas","Monroe County",3,40,66,40,26
050,05,095,"Arkansas","Monroe County",3,41,59,37,22
050,05,095,"Arkansas","Monroe County",3,42,66,31,35
050,05,095,"Arkansas","Monroe County",3,43,62,34,28
050,05,095,"Arkansas","Monroe County",3,44,50,24,26
050,05,095,"Arkansas","Monroe County",3,45,70,30,40
050,05,095,"Arkansas","Monroe County",3,46,77,34,43
050,05,095,"Arkansas","Monroe County",3,47,74,33,41
050,05,095,"Arkansas","Monroe County",3,48,59,27,32
050,05,095,"Arkansas","Monroe County",3,49,73,33,40
050,05,095,"Arkansas","Monroe County",3,50,85,44,41
050,05,095,"Arkansas","Monroe County",3,51,86,47,39
050,05,095,"Arkansas","Monroe County",3,52,80,46,34
050,05,095,"Arkansas","Monroe County",3,53,80,39,41
050,05,095,"Arkansas","Monroe County",3,54,84,35,49
050,05,095,"Arkansas","Monroe County",3,55,88,38,50
050,05,095,"Arkansas","Monroe County",3,56,113,51,62
050,05,095,"Arkansas","Monroe County",3,57,102,49,53
050,05,095,"Arkansas","Monroe County",3,58,108,48,60
050,05,095,"Arkansas","Monroe County",3,59,109,51,58
050,05,095,"Arkansas","Monroe County",3,60,112,51,61
050,05,095,"Arkansas","Monroe County",3,61,113,57,56
050,05,095,"Arkansas","Monroe County",3,62,102,52,50
050,05,095,"Arkansas","Monroe County",3,63,105,48,57
050,05,095,"Arkansas","Monroe County",3,64,114,47,67
050,05,095,"Arkansas","Monroe County",3,65,106,48,58
050,05,095,"Arkansas","Monroe County",3,66,103,48,55
050,05,095,"Arkansas","Monroe County",3,67,90,51,39
050,05,095,"Arkansas","Monroe County",3,68,86,40,46
050,05,095,"Arkansas","Monroe County",3,69,95,43,52
050,05,095,"Arkansas","Monroe County",3,70,107,47,60
050,05,095,"Arkansas","Monroe County",3,71,102,47,55
050,05,095,"Arkansas","Monroe County",3,72,77,42,35
050,05,095,"Arkansas","Monroe County",3,73,68,29,39
050,05,095,"Arkansas","Monroe County",3,74,68,32,36
050,05,095,"Arkansas","Monroe County",3,75,54,25,29
050,05,095,"Arkansas","Monroe County",3,76,69,30,39
050,05,095,"Arkansas","Monroe County",3,77,57,22,35
050,05,095,"Arkansas","Monroe County",3,78,62,27,35
050,05,095,"Arkansas","Monroe County",3,79,46,20,26
050,05,095,"Arkansas","Monroe County",3,80,46,20,26
050,05,095,"Arkansas","Monroe County",3,81,40,15,25
050,05,095,"Arkansas","Monroe County",3,82,42,21,21
050,05,095,"Arkansas","Monroe County",3,83,33,13,20
050,05,095,"Arkansas","Monroe County",3,84,31,15,16
050,05,095,"Arkansas","Monroe County",3,85,191,75,116
050,05,095,"Arkansas","Monroe County",4,0,84,45,39
050,05,095,"Arkansas","Monroe County",4,1,71,40,31
050,05,095,"Arkansas","Monroe County",4,2,111,52,59
050,05,095,"Arkansas","Monroe County",4,3,88,46,42
050,05,095,"Arkansas","Monroe County",4,4,90,47,43
050,05,095,"Arkansas","Monroe County",4,5,86,45,41
050,05,095,"Arkansas","Monroe County",4,6,88,41,47
050,05,095,"Arkansas","Monroe County",4,7,85,31,54
050,05,095,"Arkansas","Monroe County",4,8,77,34,43
050,05,095,"Arkansas","Monroe County",4,9,73,40,33
050,05,095,"Arkansas","Monroe County",4,10,92,48,44
050,05,095,"Arkansas","Monroe County",4,11,75,38,37
050,05,095,"Arkansas","Monroe County",4,12,86,48,38
050,05,095,"Arkansas","Monroe County",4,13,82,41,41
050,05,095,"Arkansas","Monroe County",4,14,81,41,40
050,05,095,"Arkansas","Monroe County",4,15,82,41,41
050,05,095,"Arkansas","Monroe County",4,16,82,40,42
050,05,095,"Arkansas","Monroe County",4,17,84,46,38
050,05,095,"Arkansas","Monroe County",4,18,68,34,34
050,05,095,"Arkansas","Monroe County",4,19,44,23,21
050,05,095,"Arkansas","Monroe County",4,20,59,36,23
050,05,095,"Arkansas","Monroe County",4,21,67,37,30
050,05,095,"Arkansas","Monroe County",4,22,62,33,29
050,05,095,"Arkansas","Monroe County",4,23,66,28,38
050,05,095,"Arkansas","Monroe County",4,24,63,28,35
050,05,095,"Arkansas","Monroe County",4,25,55,31,24
050,05,095,"Arkansas","Monroe County",4,26,64,25,39
050,05,095,"Arkansas","Monroe County",4,27,73,35,38
050,05,095,"Arkansas","Monroe County",4,28,65,30,35
050,05,095,"Arkansas","Monroe County",4,29,81,39,42
050,05,095,"Arkansas","Monroe County",4,30,83,40,43
050,05,095,"Arkansas","Monroe County",4,31,74,33,41
050,05,095,"Arkansas","Monroe County",4,32,69,27,42
050,05,095,"Arkansas","Monroe County",4,33,76,32,44
050,05,095,"Arkansas","Monroe County",4,34,62,29,33
050,05,095,"Arkansas","Monroe County",4,35,58,28,30
050,05,095,"Arkansas","Monroe County",4,36,61,32,29
050,05,095,"Arkansas","Monroe County",4,37,57,27,30
050,05,095,"Arkansas","Monroe County",4,38,58,24,34
050,05,095,"Arkansas","Monroe County",4,39,63,32,31
050,05,095,"Arkansas","Monroe County",4,40,63,26,37
050,05,095,"Arkansas","Monroe County",4,41,68,41,27
050,05,095,"Arkansas","Monroe County",4,42,66,42,24
050,05,095,"Arkansas","Monroe County",4,43,66,31,35
050,05,095,"Arkansas","Monroe County",4,44,69,38,31
050,05,095,"Arkansas","Monroe County",4,45,50,24,26
050,05,095,"Arkansas","Monroe County",4,46,66,29,37
050,05,095,"Arkansas","Monroe County",4,47,75,29,46
050,05,095,"Arkansas","Monroe County",4,48,72,32,40
050,05,095,"Arkansas","Monroe County",4,49,59,31,28
050,05,095,"Arkansas","Monroe County",4,50,74,33,41
050,05,095,"Arkansas","Monroe County",4,51,78,39,39
050,05,095,"Arkansas","Monroe County",4,52,82,47,35
050,05,095,"Arkansas","Monroe County",4,53,76,43,33
050,05,095,"Arkansas","Monroe County",4,54,75,36,39
050,05,095,"Arkansas","Monroe County",4,55,87,35,52
050,05,095,"Arkansas","Monroe County",4,56,85,39,46
050,05,095,"Arkansas","Monroe County",4,57,113,52,61
050,05,095,"Arkansas","Monroe County",4,58,96,49,47
050,05,095,"Arkansas","Monroe County",4,59,102,48,54
050,05,095,"Arkansas","Monroe County",4,60,103,48,55
050,05,095,"Arkansas","Monroe County",4,61,109,49,60
050,05,095,"Arkansas","Monroe County",4,62,112,55,57
050,05,095,"Arkansas","Monroe County",4,63,101,51,50
050,05,095,"Arkansas","Monroe County",4,64,102,45,57
050,05,095,"Arkansas","Monroe County",4,65,105,44,61
050,05,095,"Arkansas","Monroe County",4,66,105,46,59
050,05,095,"Arkansas","Monroe County",4,67,96,44,52
050,05,095,"Arkansas","Monroe County",4,68,92,55,37
050,05,095,"Arkansas","Monroe County",4,69,81,36,45
050,05,095,"Arkansas","Monroe County",4,70,95,42,53
050,05,095,"Arkansas","Monroe County",4,71,99,43,56
050,05,095,"Arkansas","Monroe County",4,72,94,45,49
050,05,095,"Arkansas","Monroe County",4,73,71,39,32
050,05,095,"Arkansas","Monroe County",4,74,66,27,39
050,05,095,"Arkansas","Monroe County",4,75,66,31,35
050,05,095,"Arkansas","Monroe County",4,76,53,25,28
050,05,095,"Arkansas","Monroe County",4,77,62,26,36
050,05,095,"Arkansas","Monroe County",4,78,50,17,33
050,05,095,"Arkansas","Monroe County",4,79,57,24,33
050,05,095,"Arkansas","Monroe County",4,80,46,20,26
050,05,095,"Arkansas","Monroe County",4,81,41,18,23
050,05,095,"Arkansas","Monroe County",4,82,38,14,24
050,05,095,"Arkansas","Monroe County",4,83,40,21,19
050,05,095,"Arkansas","Monroe County",4,84,28,8,20
050,05,095,"Arkansas","Monroe County",4,85,189,80,109
050,05,095,"Arkansas","Monroe County",5,0,85,45,40
050,05,095,"Arkansas","Monroe County",5,1,82,45,37
050,05,095,"Arkansas","Monroe County",5,2,76,43,33
050,05,095,"Arkansas","Monroe County",5,3,106,49,57
050,05,095,"Arkansas","Monroe County",5,4,90,48,42
050,05,095,"Arkansas","Monroe County",5,5,89,45,44
050,05,095,"Arkansas","Monroe County",5,6,97,55,42
050,05,095,"Arkansas","Monroe County",5,7,89,43,46
050,05,095,"Arkansas","Monroe County",5,8,97,39,58
050,05,095,"Arkansas","Monroe County",5,9,76,34,42
050,05,095,"Arkansas","Monroe County",5,10,71,39,32
050,05,095,"Arkansas","Monroe County",5,11,85,42,43
050,05,095,"Arkansas","Monroe County",5,12,76,40,36
050,05,095,"Arkansas","Monroe County",5,13,87,47,40
050,05,095,"Arkansas","Monroe County",5,14,75,37,38
050,05,095,"Arkansas","Monroe County",5,15,83,42,41
050,05,095,"Arkansas","Monroe County",5,16,82,40,42
050,05,095,"Arkansas","Monroe County",5,17,84,41,43
050,05,095,"Arkansas","Monroe County",5,18,79,45,34
050,05,095,"Arkansas","Monroe County",5,19,55,26,29
050,05,095,"Arkansas","Monroe County",5,20,45,24,21
050,05,095,"Arkansas","Monroe County",5,21,64,40,24
050,05,095,"Arkansas","Monroe County",5,22,63,37,26
050,05,095,"Arkansas","Monroe County",5,23,63,31,32
050,05,095,"Arkansas","Monroe County",5,24,66,27,39
050,05,095,"Arkansas","Monroe County",5,25,65,24,41
050,05,095,"Arkansas","Monroe County",5,26,52,29,23
050,05,095,"Arkansas","Monroe County",5,27,65,25,40
050,05,095,"Arkansas","Monroe County",5,28,77,32,45
050,05,095,"Arkansas","Monroe County",5,29,56,24,32
050,05,095,"Arkansas","Monroe County",5,30,82,36,46
050,05,095,"Arkansas","Monroe County",5,31,79,41,38
050,05,095,"Arkansas","Monroe County",5,32,74,33,41
050,05,095,"Arkansas","Monroe County",5,33,68,27,41
050,05,095,"Arkansas","Monroe County",5,34,71,27,44
050,05,095,"Arkansas","Monroe County",5,35,67,29,38
050,05,095,"Arkansas","Monroe County",5,36,55,25,30
050,05,095,"Arkansas","Monroe County",5,37,58,30,28
050,05,095,"Arkansas","Monroe County",5,38,65,34,31
050,05,095,"Arkansas","Monroe County",5,39,60,26,34
050,05,095,"Arkansas","Monroe County",5,40,59,29,30
050,05,095,"Arkansas","Monroe County",5,41,68,28,40
050,05,095,"Arkansas","Monroe County",5,42,69,41,28
050,05,095,"Arkansas","Monroe County",5,43,69,43,26
050,05,095,"Arkansas","Monroe County",5,44,60,28,32
050,05,095,"Arkansas","Monroe County",5,45,63,35,28
050,05,095,"Arkansas","Monroe County",5,46,52,25,27
050,05,095,"Arkansas","Monroe County",5,47,66,30,36
050,05,095,"Arkansas","Monroe County",5,48,80,31,49
050,05,095,"Arkansas","Monroe County",5,49,70,32,38
050,05,095,"Arkansas","Monroe County",5,50,60,33,27
050,05,095,"Arkansas","Monroe County",5,51,74,33,41
050,05,095,"Arkansas","Monroe County",5,52,77,38,39
050,05,095,"Arkansas","Monroe County",5,53,79,41,38
050,05,095,"Arkansas","Monroe County",5,54,79,44,35
050,05,095,"Arkansas","Monroe County",5,55,72,34,38
050,05,095,"Arkansas","Monroe County",5,56,84,34,50
050,05,095,"Arkansas","Monroe County",5,57,80,37,43
050,05,095,"Arkansas","Monroe County",5,58,112,51,61
050,05,095,"Arkansas","Monroe County",5,59,97,50,47
050,05,095,"Arkansas","Monroe County",5,60,96,45,51
050,05,095,"Arkansas","Monroe County",5,61,104,50,54
050,05,095,"Arkansas","Monroe County",5,62,105,46,59
050,05,095,"Arkansas","Monroe County",5,63,111,53,58
050,05,095,"Arkansas","Monroe County",5,64,99,50,49
050,05,095,"Arkansas","Monroe County",5,65,97,42,55
050,05,095,"Arkansas","Monroe County",5,66,103,41,62
050,05,095,"Arkansas","Monroe County",5,67,101,45,56
050,05,095,"Arkansas","Monroe County",5,68,93,44,49
050,05,095,"Arkansas","Monroe County",5,69,87,49,38
050,05,095,"Arkansas","Monroe County",5,70,75,33,42
050,05,095,"Arkansas","Monroe County",5,71,89,39,50
050,05,095,"Arkansas","Monroe County",5,72,95,41,54
050,05,095,"Arkansas","Monroe County",5,73,90,42,48
050,05,095,"Arkansas","Monroe County",5,74,65,36,29
050,05,095,"Arkansas","Monroe County",5,75,62,25,37
050,05,095,"Arkansas","Monroe County",5,76,67,32,35
050,05,095,"Arkansas","Monroe County",5,77,46,20,26
050,05,095,"Arkansas","Monroe County",5,78,54,20,34
050,05,095,"Arkansas","Monroe County",5,79,47,14,33
050,05,095,"Arkansas","Monroe County",5,80,56,22,34
050,05,095,"Arkansas","Monroe County",5,81,41,17,24
050,05,095,"Arkansas","Monroe County",5,82,42,19,23
050,05,095,"Arkansas","Monroe County",5,83,37,14,23
050,05,095,"Arkansas","Monroe County",5,84,34,16,18
050,05,095,"Arkansas","Monroe County",5,85,187,76,111
050,05,097,"Arkansas","Montgomery County",1,0,80,41,39
050,05,097,"Arkansas","Montgomery County",1,1,74,37,37
050,05,097,"Arkansas","Montgomery County",1,2,89,42,47
050,05,097,"Arkansas","Montgomery County",1,3,89,46,43
050,05,097,"Arkansas","Montgomery County",1,4,89,42,47
050,05,097,"Arkansas","Montgomery County",1,5,83,46,37
050,05,097,"Arkansas","Montgomery County",1,6,76,41,35
050,05,097,"Arkansas","Montgomery County",1,7,78,39,39
050,05,097,"Arkansas","Montgomery County",1,8,69,38,31
050,05,097,"Arkansas","Montgomery County",1,9,87,47,40
050,05,097,"Arkansas","Montgomery County",1,10,85,46,39
050,05,097,"Arkansas","Montgomery County",1,11,88,47,41
050,05,097,"Arkansas","Montgomery County",1,12,99,51,48
050,05,097,"Arkansas","Montgomery County",1,13,99,53,46
050,05,097,"Arkansas","Montgomery County",1,14,102,44,58
050,05,097,"Arkansas","Montgomery County",1,15,83,40,43
050,05,097,"Arkansas","Montgomery County",1,16,105,55,50
050,05,097,"Arkansas","Montgomery County",1,17,111,56,55
050,05,097,"Arkansas","Montgomery County",1,18,75,38,37
050,05,097,"Arkansas","Montgomery County",1,19,74,42,32
050,05,097,"Arkansas","Montgomery County",1,20,78,42,36
050,05,097,"Arkansas","Montgomery County",1,21,81,43,38
050,05,097,"Arkansas","Montgomery County",1,22,68,37,31
050,05,097,"Arkansas","Montgomery County",1,23,77,41,36
050,05,097,"Arkansas","Montgomery County",1,24,85,44,41
050,05,097,"Arkansas","Montgomery County",1,25,75,39,36
050,05,097,"Arkansas","Montgomery County",1,26,79,40,39
050,05,097,"Arkansas","Montgomery County",1,27,92,45,47
050,05,097,"Arkansas","Montgomery County",1,28,87,51,36
050,05,097,"Arkansas","Montgomery County",1,29,87,55,32
050,05,097,"Arkansas","Montgomery County",1,30,68,33,35
050,05,097,"Arkansas","Montgomery County",1,31,68,31,37
050,05,097,"Arkansas","Montgomery County",1,32,73,37,36
050,05,097,"Arkansas","Montgomery County",1,33,62,36,26
050,05,097,"Arkansas","Montgomery County",1,34,76,34,42
050,05,097,"Arkansas","Montgomery County",1,35,69,32,37
050,05,097,"Arkansas","Montgomery County",1,36,68,35,33
050,05,097,"Arkansas","Montgomery County",1,37,85,41,44
050,05,097,"Arkansas","Montgomery County",1,38,86,41,45
050,05,097,"Arkansas","Montgomery County",1,39,71,40,31
050,05,097,"Arkansas","Montgomery County",1,40,62,29,33
050,05,097,"Arkansas","Montgomery County",1,41,65,29,36
050,05,097,"Arkansas","Montgomery County",1,42,85,40,45
050,05,097,"Arkansas","Montgomery County",1,43,91,45,46
050,05,097,"Arkansas","Montgomery County",1,44,73,37,36
050,05,097,"Arkansas","Montgomery County",1,45,88,46,42
050,05,097,"Arkansas","Montgomery County",1,46,85,47,38
050,05,097,"Arkansas","Montgomery County",1,47,89,42,47
050,05,097,"Arkansas","Montgomery County",1,48,110,54,56
050,05,097,"Arkansas","Montgomery County",1,49,118,55,63
050,05,097,"Arkansas","Montgomery County",1,50,103,50,53
050,05,097,"Arkansas","Montgomery County",1,51,110,64,46
050,05,097,"Arkansas","Montgomery County",1,52,117,63,54
050,05,097,"Arkansas","Montgomery County",1,53,133,61,72
050,05,097,"Arkansas","Montgomery County",1,54,142,66,76
050,05,097,"Arkansas","Montgomery County",1,55,152,62,90
050,05,097,"Arkansas","Montgomery County",1,56,145,74,71
050,05,097,"Arkansas","Montgomery County",1,57,144,70,74
050,05,097,"Arkansas","Montgomery County",1,58,144,73,71
050,05,097,"Arkansas","Montgomery County",1,59,154,83,71
050,05,097,"Arkansas","Montgomery County",1,60,143,74,69
050,05,097,"Arkansas","Montgomery County",1,61,149,78,71
050,05,097,"Arkansas","Montgomery County",1,62,159,91,68
050,05,097,"Arkansas","Montgomery County",1,63,145,73,72
050,05,097,"Arkansas","Montgomery County",1,64,130,61,69
050,05,097,"Arkansas","Montgomery County",1,65,138,66,72
050,05,097,"Arkansas","Montgomery County",1,66,130,57,73
050,05,097,"Arkansas","Montgomery County",1,67,120,53,67
050,05,097,"Arkansas","Montgomery County",1,68,130,58,72
050,05,097,"Arkansas","Montgomery County",1,69,136,69,67
050,05,097,"Arkansas","Montgomery County",1,70,126,68,58
050,05,097,"Arkansas","Montgomery County",1,71,130,70,60
050,05,097,"Arkansas","Montgomery County",1,72,151,81,70
050,05,097,"Arkansas","Montgomery County",1,73,131,62,69
050,05,097,"Arkansas","Montgomery County",1,74,93,42,51
050,05,097,"Arkansas","Montgomery County",1,75,93,44,49
050,05,097,"Arkansas","Montgomery County",1,76,92,50,42
050,05,097,"Arkansas","Montgomery County",1,77,102,52,50
050,05,097,"Arkansas","Montgomery County",1,78,84,39,45
050,05,097,"Arkansas","Montgomery County",1,79,84,38,46
050,05,097,"Arkansas","Montgomery County",1,80,71,31,40
050,05,097,"Arkansas","Montgomery County",1,81,57,23,34
050,05,097,"Arkansas","Montgomery County",1,82,63,25,38
050,05,097,"Arkansas","Montgomery County",1,83,53,25,28
050,05,097,"Arkansas","Montgomery County",1,84,47,25,22
050,05,097,"Arkansas","Montgomery County",1,85,245,101,144
050,05,097,"Arkansas","Montgomery County",2,0,85,40,45
050,05,097,"Arkansas","Montgomery County",2,1,73,37,36
050,05,097,"Arkansas","Montgomery County",2,2,86,41,45
050,05,097,"Arkansas","Montgomery County",2,3,88,45,43
050,05,097,"Arkansas","Montgomery County",2,4,89,43,46
050,05,097,"Arkansas","Montgomery County",2,5,86,46,40
050,05,097,"Arkansas","Montgomery County",2,6,78,42,36
050,05,097,"Arkansas","Montgomery County",2,7,76,38,38
050,05,097,"Arkansas","Montgomery County",2,8,72,39,33
050,05,097,"Arkansas","Montgomery County",2,9,83,45,38
050,05,097,"Arkansas","Montgomery County",2,10,85,46,39
050,05,097,"Arkansas","Montgomery County",2,11,85,45,40
050,05,097,"Arkansas","Montgomery County",2,12,96,50,46
050,05,097,"Arkansas","Montgomery County",2,13,100,52,48
050,05,097,"Arkansas","Montgomery County",2,14,100,46,54
050,05,097,"Arkansas","Montgomery County",2,15,88,41,47
050,05,097,"Arkansas","Montgomery County",2,16,102,53,49
050,05,097,"Arkansas","Montgomery County",2,17,110,56,54
050,05,097,"Arkansas","Montgomery County",2,18,79,40,39
050,05,097,"Arkansas","Montgomery County",2,19,68,38,30
050,05,097,"Arkansas","Montgomery County",2,20,81,45,36
050,05,097,"Arkansas","Montgomery County",2,21,79,42,37
050,05,097,"Arkansas","Montgomery County",2,22,72,39,33
050,05,097,"Arkansas","Montgomery County",2,23,78,43,35
050,05,097,"Arkansas","Montgomery County",2,24,83,44,39
050,05,097,"Arkansas","Montgomery County",2,25,78,40,38
050,05,097,"Arkansas","Montgomery County",2,26,78,39,39
050,05,097,"Arkansas","Montgomery County",2,27,88,43,45
050,05,097,"Arkansas","Montgomery County",2,28,88,50,38
050,05,097,"Arkansas","Montgomery County",2,29,86,53,33
050,05,097,"Arkansas","Montgomery County",2,30,72,38,34
050,05,097,"Arkansas","Montgomery County",2,31,69,31,38
050,05,097,"Arkansas","Montgomery County",2,32,70,35,35
050,05,097,"Arkansas","Montgomery County",2,33,66,37,29
050,05,097,"Arkansas","Montgomery County",2,34,72,34,38
050,05,097,"Arkansas","Montgomery County",2,35,70,32,38
050,05,097,"Arkansas","Montgomery County",2,36,68,34,34
050,05,097,"Arkansas","Montgomery County",2,37,83,40,43
050,05,097,"Arkansas","Montgomery County",2,38,87,42,45
050,05,097,"Arkansas","Montgomery County",2,39,73,38,35
050,05,097,"Arkansas","Montgomery County",2,40,64,32,32
050,05,097,"Arkansas","Montgomery County",2,41,65,30,35
050,05,097,"Arkansas","Montgomery County",2,42,82,37,45
050,05,097,"Arkansas","Montgomery County",2,43,88,43,45
050,05,097,"Arkansas","Montgomery County",2,44,77,38,39
050,05,097,"Arkansas","Montgomery County",2,45,85,45,40
050,05,097,"Arkansas","Montgomery County",2,46,87,47,40
050,05,097,"Arkansas","Montgomery County",2,47,86,43,43
050,05,097,"Arkansas","Montgomery County",2,48,105,51,54
050,05,097,"Arkansas","Montgomery County",2,49,117,55,62
050,05,097,"Arkansas","Montgomery County",2,50,108,52,56
050,05,097,"Arkansas","Montgomery County",2,51,108,61,47
050,05,097,"Arkansas","Montgomery County",2,52,114,62,52
050,05,097,"Arkansas","Montgomery County",2,53,131,63,68
050,05,097,"Arkansas","Montgomery County",2,54,140,65,75
050,05,097,"Arkansas","Montgomery County",2,55,152,64,88
050,05,097,"Arkansas","Montgomery County",2,56,144,69,75
050,05,097,"Arkansas","Montgomery County",2,57,144,71,73
050,05,097,"Arkansas","Montgomery County",2,58,145,73,72
050,05,097,"Arkansas","Montgomery County",2,59,154,82,72
050,05,097,"Arkansas","Montgomery County",2,60,145,76,69
050,05,097,"Arkansas","Montgomery County",2,61,149,78,71
050,05,097,"Arkansas","Montgomery County",2,62,159,89,70
050,05,097,"Arkansas","Montgomery County",2,63,150,79,71
050,05,097,"Arkansas","Montgomery County",2,64,133,63,70
050,05,097,"Arkansas","Montgomery County",2,65,137,64,73
050,05,097,"Arkansas","Montgomery County",2,66,132,59,73
050,05,097,"Arkansas","Montgomery County",2,67,123,54,69
050,05,097,"Arkansas","Montgomery County",2,68,128,56,72
050,05,097,"Arkansas","Montgomery County",2,69,138,68,70
050,05,097,"Arkansas","Montgomery County",2,70,127,68,59
050,05,097,"Arkansas","Montgomery County",2,71,131,70,61
050,05,097,"Arkansas","Montgomery County",2,72,142,77,65
050,05,097,"Arkansas","Montgomery County",2,73,141,70,71
050,05,097,"Arkansas","Montgomery County",2,74,94,43,51
050,05,097,"Arkansas","Montgomery County",2,75,92,43,49
050,05,097,"Arkansas","Montgomery County",2,76,91,47,44
050,05,097,"Arkansas","Montgomery County",2,77,103,54,49
050,05,097,"Arkansas","Montgomery County",2,78,84,41,43
050,05,097,"Arkansas","Montgomery County",2,79,82,35,47
050,05,097,"Arkansas","Montgomery County",2,80,72,31,41
050,05,097,"Arkansas","Montgomery County",2,81,59,25,34
050,05,097,"Arkansas","Montgomery County",2,82,60,23,37
050,05,097,"Arkansas","Montgomery County",2,83,54,24,30
050,05,097,"Arkansas","Montgomery County",2,84,48,24,24
050,05,097,"Arkansas","Montgomery County",2,85,245,103,142
050,05,097,"Arkansas","Montgomery County",3,0,93,55,38
050,05,097,"Arkansas","Montgomery County",3,1,82,42,40
050,05,097,"Arkansas","Montgomery County",3,2,76,38,38
050,05,097,"Arkansas","Montgomery County",3,3,90,41,49
050,05,097,"Arkansas","Montgomery County",3,4,89,44,45
050,05,097,"Arkansas","Montgomery County",3,5,94,50,44
050,05,097,"Arkansas","Montgomery County",3,6,80,48,32
050,05,097,"Arkansas","Montgomery County",3,7,81,41,40
050,05,097,"Arkansas","Montgomery County",3,8,83,41,42
050,05,097,"Arkansas","Montgomery County",3,9,77,41,36
050,05,097,"Arkansas","Montgomery County",3,10,83,47,36
050,05,097,"Arkansas","Montgomery County",3,11,93,49,44
050,05,097,"Arkansas","Montgomery County",3,12,90,50,40
050,05,097,"Arkansas","Montgomery County",3,13,96,54,42
050,05,097,"Arkansas","Montgomery County",3,14,109,55,54
050,05,097,"Arkansas","Montgomery County",3,15,94,45,49
050,05,097,"Arkansas","Montgomery County",3,16,98,44,54
050,05,097,"Arkansas","Montgomery County",3,17,104,54,50
050,05,097,"Arkansas","Montgomery County",3,18,95,45,50
050,05,097,"Arkansas","Montgomery County",3,19,66,34,32
050,05,097,"Arkansas","Montgomery County",3,20,76,41,35
050,05,097,"Arkansas","Montgomery County",3,21,84,46,38
050,05,097,"Arkansas","Montgomery County",3,22,83,40,43
050,05,097,"Arkansas","Montgomery County",3,23,88,49,39
050,05,097,"Arkansas","Montgomery County",3,24,85,41,44
050,05,097,"Arkansas","Montgomery County",3,25,83,46,37
050,05,097,"Arkansas","Montgomery County",3,26,76,36,40
050,05,097,"Arkansas","Montgomery County",3,27,83,40,43
050,05,097,"Arkansas","Montgomery County",3,28,94,48,46
050,05,097,"Arkansas","Montgomery County",3,29,94,53,41
050,05,097,"Arkansas","Montgomery County",3,30,91,56,35
050,05,097,"Arkansas","Montgomery County",3,31,81,43,38
050,05,097,"Arkansas","Montgomery County",3,32,72,36,36
050,05,097,"Arkansas","Montgomery County",3,33,64,32,32
050,05,097,"Arkansas","Montgomery County",3,34,63,34,29
050,05,097,"Arkansas","Montgomery County",3,35,74,34,40
050,05,097,"Arkansas","Montgomery County",3,36,67,29,38
050,05,097,"Arkansas","Montgomery County",3,37,72,34,38
050,05,097,"Arkansas","Montgomery County",3,38,87,42,45
050,05,097,"Arkansas","Montgomery County",3,39,91,47,44
050,05,097,"Arkansas","Montgomery County",3,40,83,39,44
050,05,097,"Arkansas","Montgomery County",3,41,65,34,31
050,05,097,"Arkansas","Montgomery County",3,42,73,36,37
050,05,097,"Arkansas","Montgomery County",3,43,87,40,47
050,05,097,"Arkansas","Montgomery County",3,44,99,49,50
050,05,097,"Arkansas","Montgomery County",3,45,88,45,43
050,05,097,"Arkansas","Montgomery County",3,46,94,48,46
050,05,097,"Arkansas","Montgomery County",3,47,90,50,40
050,05,097,"Arkansas","Montgomery County",3,48,92,44,48
050,05,097,"Arkansas","Montgomery County",3,49,108,50,58
050,05,097,"Arkansas","Montgomery County",3,50,122,59,63
050,05,097,"Arkansas","Montgomery County",3,51,116,56,60
050,05,097,"Arkansas","Montgomery County",3,52,109,64,45
050,05,097,"Arkansas","Montgomery County",3,53,113,58,55
050,05,097,"Arkansas","Montgomery County",3,54,133,65,68
050,05,097,"Arkansas","Montgomery County",3,55,137,63,74
050,05,097,"Arkansas","Montgomery County",3,56,156,65,91
050,05,097,"Arkansas","Montgomery County",3,57,148,71,77
050,05,097,"Arkansas","Montgomery County",3,58,145,71,74
050,05,097,"Arkansas","Montgomery County",3,59,133,65,68
050,05,097,"Arkansas","Montgomery County",3,60,152,79,73
050,05,097,"Arkansas","Montgomery County",3,61,142,79,63
050,05,097,"Arkansas","Montgomery County",3,62,150,75,75
050,05,097,"Arkansas","Montgomery County",3,63,157,91,66
050,05,097,"Arkansas","Montgomery County",3,64,156,79,77
050,05,097,"Arkansas","Montgomery County",3,65,138,65,73
050,05,097,"Arkansas","Montgomery County",3,66,141,67,74
050,05,097,"Arkansas","Montgomery County",3,67,131,60,71
050,05,097,"Arkansas","Montgomery County",3,68,116,51,65
050,05,097,"Arkansas","Montgomery County",3,69,120,54,66
050,05,097,"Arkansas","Montgomery County",3,70,136,66,70
050,05,097,"Arkansas","Montgomery County",3,71,123,67,56
050,05,097,"Arkansas","Montgomery County",3,72,131,67,64
050,05,097,"Arkansas","Montgomery County",3,73,137,77,60
050,05,097,"Arkansas","Montgomery County",3,74,141,72,69
050,05,097,"Arkansas","Montgomery County",3,75,88,41,47
050,05,097,"Arkansas","Montgomery County",3,76,87,41,46
050,05,097,"Arkansas","Montgomery County",3,77,89,47,42
050,05,097,"Arkansas","Montgomery County",3,78,95,50,45
050,05,097,"Arkansas","Montgomery County",3,79,84,39,45
050,05,097,"Arkansas","Montgomery County",3,80,76,32,44
050,05,097,"Arkansas","Montgomery County",3,81,71,32,39
050,05,097,"Arkansas","Montgomery County",3,82,54,24,30
050,05,097,"Arkansas","Montgomery County",3,83,53,18,35
050,05,097,"Arkansas","Montgomery County",3,84,51,21,30
050,05,097,"Arkansas","Montgomery County",3,85,244,107,137
050,05,097,"Arkansas","Montgomery County",4,0,77,39,38
050,05,097,"Arkansas","Montgomery County",4,1,93,57,36
050,05,097,"Arkansas","Montgomery County",4,2,82,44,38
050,05,097,"Arkansas","Montgomery County",4,3,75,37,38
050,05,097,"Arkansas","Montgomery County",4,4,87,42,45
050,05,097,"Arkansas","Montgomery County",4,5,95,48,47
050,05,097,"Arkansas","Montgomery County",4,6,92,53,39
050,05,097,"Arkansas","Montgomery County",4,7,78,47,31
050,05,097,"Arkansas","Montgomery County",4,8,84,38,46
050,05,097,"Arkansas","Montgomery County",4,9,84,42,42
050,05,097,"Arkansas","Montgomery County",4,10,73,36,37
050,05,097,"Arkansas","Montgomery County",4,11,88,47,41
050,05,097,"Arkansas","Montgomery County",4,12,92,48,44
050,05,097,"Arkansas","Montgomery County",4,13,88,49,39
050,05,097,"Arkansas","Montgomery County",4,14,97,50,47
050,05,097,"Arkansas","Montgomery County",4,15,96,51,45
050,05,097,"Arkansas","Montgomery County",4,16,88,39,49
050,05,097,"Arkansas","Montgomery County",4,17,101,44,57
050,05,097,"Arkansas","Montgomery County",4,18,90,48,42
050,05,097,"Arkansas","Montgomery County",4,19,67,35,32
050,05,097,"Arkansas","Montgomery County",4,20,69,35,34
050,05,097,"Arkansas","Montgomery County",4,21,75,40,35
050,05,097,"Arkansas","Montgomery County",4,22,84,46,38
050,05,097,"Arkansas","Montgomery County",4,23,87,41,46
050,05,097,"Arkansas","Montgomery County",4,24,95,51,44
050,05,097,"Arkansas","Montgomery County",4,25,90,43,47
050,05,097,"Arkansas","Montgomery County",4,26,71,37,34
050,05,097,"Arkansas","Montgomery County",4,27,84,40,44
050,05,097,"Arkansas","Montgomery County",4,28,86,41,45
050,05,097,"Arkansas","Montgomery County",4,29,94,48,46
050,05,097,"Arkansas","Montgomery County",4,30,88,46,42
050,05,097,"Arkansas","Montgomery County",4,31,82,49,33
050,05,097,"Arkansas","Montgomery County",4,32,79,41,38
050,05,097,"Arkansas","Montgomery County",4,33,76,36,40
050,05,097,"Arkansas","Montgomery County",4,34,68,36,32
050,05,097,"Arkansas","Montgomery County",4,35,68,40,28
050,05,097,"Arkansas","Montgomery County",4,36,73,33,40
050,05,097,"Arkansas","Montgomery County",4,37,62,26,36
050,05,097,"Arkansas","Montgomery County",4,38,71,33,38
050,05,097,"Arkansas","Montgomery County",4,39,84,38,46
050,05,097,"Arkansas","Montgomery County",4,40,90,46,44
050,05,097,"Arkansas","Montgomery County",4,41,83,41,42
050,05,097,"Arkansas","Montgomery County",4,42,63,32,31
050,05,097,"Arkansas","Montgomery County",4,43,67,31,36
050,05,097,"Arkansas","Montgomery County",4,44,82,39,43
050,05,097,"Arkansas","Montgomery County",4,45,97,49,48
050,05,097,"Arkansas","Montgomery County",4,46,88,48,40
050,05,097,"Arkansas","Montgomery County",4,47,93,49,44
050,05,097,"Arkansas","Montgomery County",4,48,92,51,41
050,05,097,"Arkansas","Montgomery County",4,49,89,41,48
050,05,097,"Arkansas","Montgomery County",4,50,112,52,60
050,05,097,"Arkansas","Montgomery County",4,51,126,61,65
050,05,097,"Arkansas","Montgomery County",4,52,115,56,59
050,05,097,"Arkansas","Montgomery County",4,53,106,61,45
050,05,097,"Arkansas","Montgomery County",4,54,109,56,53
050,05,097,"Arkansas","Montgomery County",4,55,142,66,76
050,05,097,"Arkansas","Montgomery County",4,56,141,65,76
050,05,097,"Arkansas","Montgomery County",4,57,159,65,94
050,05,097,"Arkansas","Montgomery County",4,58,147,73,74
050,05,097,"Arkansas","Montgomery County",4,59,145,66,79
050,05,097,"Arkansas","Montgomery County",4,60,133,59,74
050,05,097,"Arkansas","Montgomery County",4,61,154,78,76
050,05,097,"Arkansas","Montgomery County",4,62,151,80,71
050,05,097,"Arkansas","Montgomery County",4,63,147,74,73
050,05,097,"Arkansas","Montgomery County",4,64,155,89,66
050,05,097,"Arkansas","Montgomery County",4,65,161,81,80
050,05,097,"Arkansas","Montgomery County",4,66,139,68,71
050,05,097,"Arkansas","Montgomery County",4,67,138,70,68
050,05,097,"Arkansas","Montgomery County",4,68,135,62,73
050,05,097,"Arkansas","Montgomery County",4,69,112,51,61
050,05,097,"Arkansas","Montgomery County",4,70,120,56,64
050,05,097,"Arkansas","Montgomery County",4,71,139,66,73
050,05,097,"Arkansas","Montgomery County",4,72,123,68,55
050,05,097,"Arkansas","Montgomery County",4,73,118,60,58
050,05,097,"Arkansas","Montgomery County",4,74,129,72,57
050,05,097,"Arkansas","Montgomery County",4,75,134,66,68
050,05,097,"Arkansas","Montgomery County",4,76,81,40,41
050,05,097,"Arkansas","Montgomery County",4,77,77,36,41
050,05,097,"Arkansas","Montgomery County",4,78,88,45,43
050,05,097,"Arkansas","Montgomery County",4,79,93,46,47
050,05,097,"Arkansas","Montgomery County",4,80,80,40,40
050,05,097,"Arkansas","Montgomery County",4,81,67,29,38
050,05,097,"Arkansas","Montgomery County",4,82,70,31,39
050,05,097,"Arkansas","Montgomery County",4,83,44,18,26
050,05,097,"Arkansas","Montgomery County",4,84,46,15,31
050,05,097,"Arkansas","Montgomery County",4,85,250,107,143
050,05,097,"Arkansas","Montgomery County",5,0,79,41,38
050,05,097,"Arkansas","Montgomery County",5,1,77,38,39
050,05,097,"Arkansas","Montgomery County",5,2,95,60,35
050,05,097,"Arkansas","Montgomery County",5,3,78,41,37
050,05,097,"Arkansas","Montgomery County",5,4,78,39,39
050,05,097,"Arkansas","Montgomery County",5,5,88,41,47
050,05,097,"Arkansas","Montgomery County",5,6,105,56,49
050,05,097,"Arkansas","Montgomery County",5,7,100,54,46
050,05,097,"Arkansas","Montgomery County",5,8,85,48,37
050,05,097,"Arkansas","Montgomery County",5,9,86,40,46
050,05,097,"Arkansas","Montgomery County",5,10,90,46,44
050,05,097,"Arkansas","Montgomery County",5,11,75,41,34
050,05,097,"Arkansas","Montgomery County",5,12,84,49,35
050,05,097,"Arkansas","Montgomery County",5,13,93,49,44
050,05,097,"Arkansas","Montgomery County",5,14,95,51,44
050,05,097,"Arkansas","Montgomery County",5,15,102,52,50
050,05,097,"Arkansas","Montgomery County",5,16,104,57,47
050,05,097,"Arkansas","Montgomery County",5,17,102,51,51
050,05,097,"Arkansas","Montgomery County",5,18,91,46,45
050,05,097,"Arkansas","Montgomery County",5,19,76,42,34
050,05,097,"Arkansas","Montgomery County",5,20,71,35,36
050,05,097,"Arkansas","Montgomery County",5,21,68,34,34
050,05,097,"Arkansas","Montgomery County",5,22,76,41,35
050,05,097,"Arkansas","Montgomery County",5,23,84,47,37
050,05,097,"Arkansas","Montgomery County",5,24,88,36,52
050,05,097,"Arkansas","Montgomery County",5,25,90,49,41
050,05,097,"Arkansas","Montgomery County",5,26,88,47,41
050,05,097,"Arkansas","Montgomery County",5,27,74,40,34
050,05,097,"Arkansas","Montgomery County",5,28,91,42,49
050,05,097,"Arkansas","Montgomery County",5,29,90,45,45
050,05,097,"Arkansas","Montgomery County",5,30,97,50,47
050,05,097,"Arkansas","Montgomery County",5,31,87,44,43
050,05,097,"Arkansas","Montgomery County",5,32,76,46,30
050,05,097,"Arkansas","Montgomery County",5,33,81,39,42
050,05,097,"Arkansas","Montgomery County",5,34,77,36,41
050,05,097,"Arkansas","Montgomery County",5,35,68,36,32
050,05,097,"Arkansas","Montgomery County",5,36,70,41,29
050,05,097,"Arkansas","Montgomery County",5,37,78,34,44
050,05,097,"Arkansas","Montgomery County",5,38,60,26,34
050,05,097,"Arkansas","Montgomery County",5,39,75,33,42
050,05,097,"Arkansas","Montgomery County",5,40,84,39,45
050,05,097,"Arkansas","Montgomery County",5,41,81,39,42
050,05,097,"Arkansas","Montgomery County",5,42,88,45,43
050,05,097,"Arkansas","Montgomery County",5,43,63,31,32
050,05,097,"Arkansas","Montgomery County",5,44,68,30,38
050,05,097,"Arkansas","Montgomery County",5,45,88,41,47
050,05,097,"Arkansas","Montgomery County",5,46,106,51,55
050,05,097,"Arkansas","Montgomery County",5,47,86,44,42
050,05,097,"Arkansas","Montgomery County",5,48,95,49,46
050,05,097,"Arkansas","Montgomery County",5,49,91,50,41
050,05,097,"Arkansas","Montgomery County",5,50,87,41,46
050,05,097,"Arkansas","Montgomery County",5,51,109,50,59
050,05,097,"Arkansas","Montgomery County",5,52,122,59,63
050,05,097,"Arkansas","Montgomery County",5,53,112,55,57
050,05,097,"Arkansas","Montgomery County",5,54,111,62,49
050,05,097,"Arkansas","Montgomery County",5,55,111,55,56
050,05,097,"Arkansas","Montgomery County",5,56,145,65,80
050,05,097,"Arkansas","Montgomery County",5,57,147,70,77
050,05,097,"Arkansas","Montgomery County",5,58,167,71,96
050,05,097,"Arkansas","Montgomery County",5,59,156,76,80
050,05,097,"Arkansas","Montgomery County",5,60,141,66,75
050,05,097,"Arkansas","Montgomery County",5,61,130,59,71
050,05,097,"Arkansas","Montgomery County",5,62,159,77,82
050,05,097,"Arkansas","Montgomery County",5,63,155,80,75
050,05,097,"Arkansas","Montgomery County",5,64,140,71,69
050,05,097,"Arkansas","Montgomery County",5,65,155,88,67
050,05,097,"Arkansas","Montgomery County",5,66,162,83,79
050,05,097,"Arkansas","Montgomery County",5,67,144,70,74
050,05,097,"Arkansas","Montgomery County",5,68,141,71,70
050,05,097,"Arkansas","Montgomery County",5,69,133,61,72
050,05,097,"Arkansas","Montgomery County",5,70,110,48,62
050,05,097,"Arkansas","Montgomery County",5,71,122,55,67
050,05,097,"Arkansas","Montgomery County",5,72,140,64,76
050,05,097,"Arkansas","Montgomery County",5,73,121,66,55
050,05,097,"Arkansas","Montgomery County",5,74,112,57,55
050,05,097,"Arkansas","Montgomery County",5,75,123,66,57
050,05,097,"Arkansas","Montgomery County",5,76,126,62,64
050,05,097,"Arkansas","Montgomery County",5,77,73,37,36
050,05,097,"Arkansas","Montgomery County",5,78,77,36,41
050,05,097,"Arkansas","Montgomery County",5,79,89,44,45
050,05,097,"Arkansas","Montgomery County",5,80,91,46,45
050,05,097,"Arkansas","Montgomery County",5,81,74,38,36
050,05,097,"Arkansas","Montgomery County",5,82,61,26,35
050,05,097,"Arkansas","Montgomery County",5,83,62,26,36
050,05,097,"Arkansas","Montgomery County",5,84,37,15,22
050,05,097,"Arkansas","Montgomery County",5,85,253,104,149
050,05,099,"Arkansas","Nevada County",1,0,80,40,40
050,05,099,"Arkansas","Nevada County",1,1,99,50,49
050,05,099,"Arkansas","Nevada County",1,2,105,47,58
050,05,099,"Arkansas","Nevada County",1,3,101,46,55
050,05,099,"Arkansas","Nevada County",1,4,95,46,49
050,05,099,"Arkansas","Nevada County",1,5,92,50,42
050,05,099,"Arkansas","Nevada County",1,6,83,46,37
050,05,099,"Arkansas","Nevada County",1,7,105,62,43
050,05,099,"Arkansas","Nevada County",1,8,97,49,48
050,05,099,"Arkansas","Nevada County",1,9,107,65,42
050,05,099,"Arkansas","Nevada County",1,10,107,59,48
050,05,099,"Arkansas","Nevada County",1,11,104,56,48
050,05,099,"Arkansas","Nevada County",1,12,112,62,50
050,05,099,"Arkansas","Nevada County",1,13,136,77,59
050,05,099,"Arkansas","Nevada County",1,14,114,64,50
050,05,099,"Arkansas","Nevada County",1,15,110,61,49
050,05,099,"Arkansas","Nevada County",1,16,118,62,56
050,05,099,"Arkansas","Nevada County",1,17,113,52,61
050,05,099,"Arkansas","Nevada County",1,18,99,54,45
050,05,099,"Arkansas","Nevada County",1,19,78,42,36
050,05,099,"Arkansas","Nevada County",1,20,86,49,37
050,05,099,"Arkansas","Nevada County",1,21,86,46,40
050,05,099,"Arkansas","Nevada County",1,22,97,52,45
050,05,099,"Arkansas","Nevada County",1,23,87,47,40
050,05,099,"Arkansas","Nevada County",1,24,73,38,35
050,05,099,"Arkansas","Nevada County",1,25,79,38,41
050,05,099,"Arkansas","Nevada County",1,26,76,40,36
050,05,099,"Arkansas","Nevada County",1,27,105,61,44
050,05,099,"Arkansas","Nevada County",1,28,93,48,45
050,05,099,"Arkansas","Nevada County",1,29,102,55,47
050,05,099,"Arkansas","Nevada County",1,30,95,47,48
050,05,099,"Arkansas","Nevada County",1,31,81,44,37
050,05,099,"Arkansas","Nevada County",1,32,86,39,47
050,05,099,"Arkansas","Nevada County",1,33,86,45,41
050,05,099,"Arkansas","Nevada County",1,34,89,48,41
050,05,099,"Arkansas","Nevada County",1,35,93,40,53
050,05,099,"Arkansas","Nevada County",1,36,90,42,48
050,05,099,"Arkansas","Nevada County",1,37,99,47,52
050,05,099,"Arkansas","Nevada County",1,38,101,50,51
050,05,099,"Arkansas","Nevada County",1,39,92,49,43
050,05,099,"Arkansas","Nevada County",1,40,89,42,47
050,05,099,"Arkansas","Nevada County",1,41,91,47,44
050,05,099,"Arkansas","Nevada County",1,42,88,43,45
050,05,099,"Arkansas","Nevada County",1,43,81,42,39
050,05,099,"Arkansas","Nevada County",1,44,91,47,44
050,05,099,"Arkansas","Nevada County",1,45,95,52,43
050,05,099,"Arkansas","Nevada County",1,46,101,54,47
050,05,099,"Arkansas","Nevada County",1,47,110,58,52
050,05,099,"Arkansas","Nevada County",1,48,120,61,59
050,05,099,"Arkansas","Nevada County",1,49,104,51,53
050,05,099,"Arkansas","Nevada County",1,50,107,53,54
050,05,099,"Arkansas","Nevada County",1,51,108,49,59
050,05,099,"Arkansas","Nevada County",1,52,112,56,56
050,05,099,"Arkansas","Nevada County",1,53,112,50,62
050,05,099,"Arkansas","Nevada County",1,54,115,55,60
050,05,099,"Arkansas","Nevada County",1,55,112,56,56
050,05,099,"Arkansas","Nevada County",1,56,124,61,63
050,05,099,"Arkansas","Nevada County",1,57,129,67,62
050,05,099,"Arkansas","Nevada County",1,58,124,63,61
050,05,099,"Arkansas","Nevada County",1,59,130,60,70
050,05,099,"Arkansas","Nevada County",1,60,118,63,55
050,05,099,"Arkansas","Nevada County",1,61,116,51,65
050,05,099,"Arkansas","Nevada County",1,62,111,48,63
050,05,099,"Arkansas","Nevada County",1,63,119,55,64
050,05,099,"Arkansas","Nevada County",1,64,124,61,63
050,05,099,"Arkansas","Nevada County",1,65,115,60,55
050,05,099,"Arkansas","Nevada County",1,66,120,58,62
050,05,099,"Arkansas","Nevada County",1,67,110,47,63
050,05,099,"Arkansas","Nevada County",1,68,101,49,52
050,05,099,"Arkansas","Nevada County",1,69,95,50,45
050,05,099,"Arkansas","Nevada County",1,70,106,58,48
050,05,099,"Arkansas","Nevada County",1,71,82,43,39
050,05,099,"Arkansas","Nevada County",1,72,83,36,47
050,05,099,"Arkansas","Nevada County",1,73,90,40,50
050,05,099,"Arkansas","Nevada County",1,74,70,30,40
050,05,099,"Arkansas","Nevada County",1,75,81,34,47
050,05,099,"Arkansas","Nevada County",1,76,65,24,41
050,05,099,"Arkansas","Nevada County",1,77,70,34,36
050,05,099,"Arkansas","Nevada County",1,78,62,32,30
050,05,099,"Arkansas","Nevada County",1,79,53,21,32
050,05,099,"Arkansas","Nevada County",1,80,51,19,32
050,05,099,"Arkansas","Nevada County",1,81,52,20,32
050,05,099,"Arkansas","Nevada County",1,82,48,22,26
050,05,099,"Arkansas","Nevada County",1,83,32,18,14
050,05,099,"Arkansas","Nevada County",1,84,34,20,14
050,05,099,"Arkansas","Nevada County",1,85,210,77,133
050,05,099,"Arkansas","Nevada County",2,0,82,41,41
050,05,099,"Arkansas","Nevada County",2,1,94,48,46
050,05,099,"Arkansas","Nevada County",2,2,102,46,56
050,05,099,"Arkansas","Nevada County",2,3,102,46,56
050,05,099,"Arkansas","Nevada County",2,4,95,45,50
050,05,099,"Arkansas","Nevada County",2,5,91,49,42
050,05,099,"Arkansas","Nevada County",2,6,86,48,38
050,05,099,"Arkansas","Nevada County",2,7,99,58,41
050,05,099,"Arkansas","Nevada County",2,8,98,52,46
050,05,099,"Arkansas","Nevada County",2,9,103,60,43
050,05,099,"Arkansas","Nevada County",2,10,108,61,47
050,05,099,"Arkansas","Nevada County",2,11,107,58,49
050,05,099,"Arkansas","Nevada County",2,12,112,61,51
050,05,099,"Arkansas","Nevada County",2,13,127,72,55
050,05,099,"Arkansas","Nevada County",2,14,117,67,50
050,05,099,"Arkansas","Nevada County",2,15,110,61,49
050,05,099,"Arkansas","Nevada County",2,16,115,60,55
050,05,099,"Arkansas","Nevada County",2,17,115,54,61
050,05,099,"Arkansas","Nevada County",2,18,99,52,47
050,05,099,"Arkansas","Nevada County",2,19,77,42,35
050,05,099,"Arkansas","Nevada County",2,20,85,48,37
050,05,099,"Arkansas","Nevada County",2,21,86,46,40
050,05,099,"Arkansas","Nevada County",2,22,97,50,47
050,05,099,"Arkansas","Nevada County",2,23,87,48,39
050,05,099,"Arkansas","Nevada County",2,24,76,41,35
050,05,099,"Arkansas","Nevada County",2,25,78,38,40
050,05,099,"Arkansas","Nevada County",2,26,79,41,38
050,05,099,"Arkansas","Nevada County",2,27,95,55,40
050,05,099,"Arkansas","Nevada County",2,28,94,50,44
050,05,099,"Arkansas","Nevada County",2,29,98,52,46
050,05,099,"Arkansas","Nevada County",2,30,97,50,47
050,05,099,"Arkansas","Nevada County",2,31,82,44,38
050,05,099,"Arkansas","Nevada County",2,32,82,39,43
050,05,099,"Arkansas","Nevada County",2,33,84,43,41
050,05,099,"Arkansas","Nevada County",2,34,88,48,40
050,05,099,"Arkansas","Nevada County",2,35,93,43,50
050,05,099,"Arkansas","Nevada County",2,36,91,41,50
050,05,099,"Arkansas","Nevada County",2,37,97,45,52
050,05,099,"Arkansas","Nevada County",2,38,99,49,50
050,05,099,"Arkansas","Nevada County",2,39,94,49,45
050,05,099,"Arkansas","Nevada County",2,40,92,44,48
050,05,099,"Arkansas","Nevada County",2,41,89,44,45
050,05,099,"Arkansas","Nevada County",2,42,89,44,45
050,05,099,"Arkansas","Nevada County",2,43,87,44,43
050,05,099,"Arkansas","Nevada County",2,44,88,46,42
050,05,099,"Arkansas","Nevada County",2,45,97,53,44
050,05,099,"Arkansas","Nevada County",2,46,98,53,45
050,05,099,"Arkansas","Nevada County",2,47,108,58,50
050,05,099,"Arkansas","Nevada County",2,48,118,60,58
050,05,099,"Arkansas","Nevada County",2,49,107,52,55
050,05,099,"Arkansas","Nevada County",2,50,109,55,54
050,05,099,"Arkansas","Nevada County",2,51,106,49,57
050,05,099,"Arkansas","Nevada County",2,52,113,55,58
050,05,099,"Arkansas","Nevada County",2,53,112,50,62
050,05,099,"Arkansas","Nevada County",2,54,114,54,60
050,05,099,"Arkansas","Nevada County",2,55,113,55,58
050,05,099,"Arkansas","Nevada County",2,56,120,59,61
050,05,099,"Arkansas","Nevada County",2,57,128,66,62
050,05,099,"Arkansas","Nevada County",2,58,126,64,62
050,05,099,"Arkansas","Nevada County",2,59,127,60,67
050,05,099,"Arkansas","Nevada County",2,60,119,62,57
050,05,099,"Arkansas","Nevada County",2,61,116,54,62
050,05,099,"Arkansas","Nevada County",2,62,113,49,64
050,05,099,"Arkansas","Nevada County",2,63,118,54,64
050,05,099,"Arkansas","Nevada County",2,64,121,57,64
050,05,099,"Arkansas","Nevada County",2,65,115,59,56
050,05,099,"Arkansas","Nevada County",2,66,118,58,60
050,05,099,"Arkansas","Nevada County",2,67,111,48,63
050,05,099,"Arkansas","Nevada County",2,68,103,49,54
050,05,099,"Arkansas","Nevada County",2,69,96,50,46
050,05,099,"Arkansas","Nevada County",2,70,103,56,47
050,05,099,"Arkansas","Nevada County",2,71,85,45,40
050,05,099,"Arkansas","Nevada County",2,72,81,36,45
050,05,099,"Arkansas","Nevada County",2,73,92,41,51
050,05,099,"Arkansas","Nevada County",2,74,72,31,41
050,05,099,"Arkansas","Nevada County",2,75,80,33,47
050,05,099,"Arkansas","Nevada County",2,76,66,25,41
050,05,099,"Arkansas","Nevada County",2,77,71,33,38
050,05,099,"Arkansas","Nevada County",2,78,60,30,30
050,05,099,"Arkansas","Nevada County",2,79,55,24,31
050,05,099,"Arkansas","Nevada County",2,80,50,17,33
050,05,099,"Arkansas","Nevada County",2,81,52,20,32
050,05,099,"Arkansas","Nevada County",2,82,48,21,27
050,05,099,"Arkansas","Nevada County",2,83,35,18,17
050,05,099,"Arkansas","Nevada County",2,84,34,20,14
050,05,099,"Arkansas","Nevada County",2,85,208,75,133
050,05,099,"Arkansas","Nevada County",3,0,70,39,31
050,05,099,"Arkansas","Nevada County",3,1,86,36,50
050,05,099,"Arkansas","Nevada County",3,2,81,41,40
050,05,099,"Arkansas","Nevada County",3,3,105,50,55
050,05,099,"Arkansas","Nevada County",3,4,106,46,60
050,05,099,"Arkansas","Nevada County",3,5,109,47,62
050,05,099,"Arkansas","Nevada County",3,6,99,51,48
050,05,099,"Arkansas","Nevada County",3,7,89,52,37
050,05,099,"Arkansas","Nevada County",3,8,98,58,40
050,05,099,"Arkansas","Nevada County",3,9,96,51,45
050,05,099,"Arkansas","Nevada County",3,10,112,63,49
050,05,099,"Arkansas","Nevada County",3,11,107,59,48
050,05,099,"Arkansas","Nevada County",3,12,109,56,53
050,05,099,"Arkansas","Nevada County",3,13,110,61,49
050,05,099,"Arkansas","Nevada County",3,14,121,70,51
050,05,099,"Arkansas","Nevada County",3,15,113,64,49
050,05,099,"Arkansas","Nevada County",3,16,108,62,46
050,05,099,"Arkansas","Nevada County",3,17,120,65,55
050,05,099,"Arkansas","Nevada County",3,18,94,48,46
050,05,099,"Arkansas","Nevada County",3,19,75,39,36
050,05,099,"Arkansas","Nevada County",3,20,73,37,36
050,05,099,"Arkansas","Nevada County",3,21,82,47,35
050,05,099,"Arkansas","Nevada County",3,22,90,44,46
050,05,099,"Arkansas","Nevada County",3,23,94,49,45
050,05,099,"Arkansas","Nevada County",3,24,85,46,39
050,05,099,"Arkansas","Nevada County",3,25,80,41,39
050,05,099,"Arkansas","Nevada County",3,26,72,28,44
050,05,099,"Arkansas","Nevada County",3,27,85,45,40
050,05,099,"Arkansas","Nevada County",3,28,87,51,36
050,05,099,"Arkansas","Nevada County",3,29,90,47,43
050,05,099,"Arkansas","Nevada County",3,30,102,52,50
050,05,099,"Arkansas","Nevada County",3,31,93,44,49
050,05,099,"Arkansas","Nevada County",3,32,78,39,39
050,05,099,"Arkansas","Nevada County",3,33,80,40,40
050,05,099,"Arkansas","Nevada County",3,34,90,49,41
050,05,099,"Arkansas","Nevada County",3,35,82,43,39
050,05,099,"Arkansas","Nevada County",3,36,90,42,48
050,05,099,"Arkansas","Nevada County",3,37,89,34,55
050,05,099,"Arkansas","Nevada County",3,38,95,44,51
050,05,099,"Arkansas","Nevada County",3,39,105,53,52
050,05,099,"Arkansas","Nevada County",3,40,96,47,49
050,05,099,"Arkansas","Nevada County",3,41,97,51,46
050,05,099,"Arkansas","Nevada County",3,42,87,39,48
050,05,099,"Arkansas","Nevada County",3,43,96,52,44
050,05,099,"Arkansas","Nevada County",3,44,84,44,40
050,05,099,"Arkansas","Nevada County",3,45,88,46,42
050,05,099,"Arkansas","Nevada County",3,46,88,48,40
050,05,099,"Arkansas","Nevada County",3,47,103,55,48
050,05,099,"Arkansas","Nevada County",3,48,102,54,48
050,05,099,"Arkansas","Nevada County",3,49,110,56,54
050,05,099,"Arkansas","Nevada County",3,50,113,54,59
050,05,099,"Arkansas","Nevada County",3,51,110,53,57
050,05,099,"Arkansas","Nevada County",3,52,101,45,56
050,05,099,"Arkansas","Nevada County",3,53,112,54,58
050,05,099,"Arkansas","Nevada County",3,54,114,51,63
050,05,099,"Arkansas","Nevada County",3,55,115,57,58
050,05,099,"Arkansas","Nevada County",3,56,111,54,57
050,05,099,"Arkansas","Nevada County",3,57,120,57,63
050,05,099,"Arkansas","Nevada County",3,58,129,69,60
050,05,099,"Arkansas","Nevada County",3,59,127,65,62
050,05,099,"Arkansas","Nevada County",3,60,122,56,66
050,05,099,"Arkansas","Nevada County",3,61,116,58,58
050,05,099,"Arkansas","Nevada County",3,62,117,53,64
050,05,099,"Arkansas","Nevada County",3,63,107,48,59
050,05,099,"Arkansas","Nevada County",3,64,115,52,63
050,05,099,"Arkansas","Nevada County",3,65,109,53,56
050,05,099,"Arkansas","Nevada County",3,66,116,57,59
050,05,099,"Arkansas","Nevada County",3,67,114,59,55
050,05,099,"Arkansas","Nevada County",3,68,110,50,60
050,05,099,"Arkansas","Nevada County",3,69,99,45,54
050,05,099,"Arkansas","Nevada County",3,70,90,48,42
050,05,099,"Arkansas","Nevada County",3,71,95,50,45
050,05,099,"Arkansas","Nevada County",3,72,86,46,40
050,05,099,"Arkansas","Nevada County",3,73,79,37,42
050,05,099,"Arkansas","Nevada County",3,74,93,43,50
050,05,099,"Arkansas","Nevada County",3,75,65,24,41
050,05,099,"Arkansas","Nevada County",3,76,73,32,41
050,05,099,"Arkansas","Nevada County",3,77,63,21,42
050,05,099,"Arkansas","Nevada County",3,78,70,31,39
050,05,099,"Arkansas","Nevada County",3,79,53,29,24
050,05,099,"Arkansas","Nevada County",3,80,52,21,31
050,05,099,"Arkansas","Nevada County",3,81,47,14,33
050,05,099,"Arkansas","Nevada County",3,82,51,20,31
050,05,099,"Arkansas","Nevada County",3,83,45,16,29
050,05,099,"Arkansas","Nevada County",3,84,34,18,16
050,05,099,"Arkansas","Nevada County",3,85,210,77,133
050,05,099,"Arkansas","Nevada County",4,0,76,43,33
050,05,099,"Arkansas","Nevada County",4,1,73,41,32
050,05,099,"Arkansas","Nevada County",4,2,83,31,52
050,05,099,"Arkansas","Nevada County",4,3,83,41,42
050,05,099,"Arkansas","Nevada County",4,4,103,52,51
050,05,099,"Arkansas","Nevada County",4,5,108,51,57
050,05,099,"Arkansas","Nevada County",4,6,112,52,60
050,05,099,"Arkansas","Nevada County",4,7,96,49,47
050,05,099,"Arkansas","Nevada County",4,8,94,53,41
050,05,099,"Arkansas","Nevada County",4,9,101,57,44
050,05,099,"Arkansas","Nevada County",4,10,101,54,47
050,05,099,"Arkansas","Nevada County",4,11,106,61,45
050,05,099,"Arkansas","Nevada County",4,12,107,59,48
050,05,099,"Arkansas","Nevada County",4,13,117,56,61
050,05,099,"Arkansas","Nevada County",4,14,110,63,47
050,05,099,"Arkansas","Nevada County",4,15,128,74,54
050,05,099,"Arkansas","Nevada County",4,16,118,65,53
050,05,099,"Arkansas","Nevada County",4,17,110,63,47
050,05,099,"Arkansas","Nevada County",4,18,108,61,47
050,05,099,"Arkansas","Nevada County",4,19,76,36,40
050,05,099,"Arkansas","Nevada County",4,20,72,38,34
050,05,099,"Arkansas","Nevada County",4,21,83,40,43
050,05,099,"Arkansas","Nevada County",4,22,85,52,33
050,05,099,"Arkansas","Nevada County",4,23,97,49,48
050,05,099,"Arkansas","Nevada County",4,24,87,41,46
050,05,099,"Arkansas","Nevada County",4,25,79,44,35
050,05,099,"Arkansas","Nevada County",4,26,82,37,45
050,05,099,"Arkansas","Nevada County",4,27,75,31,44
050,05,099,"Arkansas","Nevada County",4,28,82,46,36
050,05,099,"Arkansas","Nevada County",4,29,91,51,40
050,05,099,"Arkansas","Nevada County",4,30,90,49,41
050,05,099,"Arkansas","Nevada County",4,31,101,50,51
050,05,099,"Arkansas","Nevada County",4,32,94,45,49
050,05,099,"Arkansas","Nevada County",4,33,84,45,39
050,05,099,"Arkansas","Nevada County",4,34,86,44,42
050,05,099,"Arkansas","Nevada County",4,35,94,51,43
050,05,099,"Arkansas","Nevada County",4,36,76,41,35
050,05,099,"Arkansas","Nevada County",4,37,94,42,52
050,05,099,"Arkansas","Nevada County",4,38,86,33,53
050,05,099,"Arkansas","Nevada County",4,39,91,39,52
050,05,099,"Arkansas","Nevada County",4,40,104,55,49
050,05,099,"Arkansas","Nevada County",4,41,100,49,51
050,05,099,"Arkansas","Nevada County",4,42,91,46,45
050,05,099,"Arkansas","Nevada County",4,43,93,47,46
050,05,099,"Arkansas","Nevada County",4,44,93,50,43
050,05,099,"Arkansas","Nevada County",4,45,92,45,47
050,05,099,"Arkansas","Nevada County",4,46,81,42,39
050,05,099,"Arkansas","Nevada County",4,47,87,46,41
050,05,099,"Arkansas","Nevada County",4,48,105,56,49
050,05,099,"Arkansas","Nevada County",4,49,94,51,43
050,05,099,"Arkansas","Nevada County",4,50,109,58,51
050,05,099,"Arkansas","Nevada County",4,51,112,52,60
050,05,099,"Arkansas","Nevada County",4,52,117,56,61
050,05,099,"Arkansas","Nevada County",4,53,101,45,56
050,05,099,"Arkansas","Nevada County",4,54,111,53,58
050,05,099,"Arkansas","Nevada County",4,55,113,53,60
050,05,099,"Arkansas","Nevada County",4,56,111,53,58
050,05,099,"Arkansas","Nevada County",4,57,109,52,57
050,05,099,"Arkansas","Nevada County",4,58,119,57,62
050,05,099,"Arkansas","Nevada County",4,59,129,70,59
050,05,099,"Arkansas","Nevada County",4,60,125,63,62
050,05,099,"Arkansas","Nevada County",4,61,124,57,67
050,05,099,"Arkansas","Nevada County",4,62,121,60,61
050,05,099,"Arkansas","Nevada County",4,63,117,53,64
050,05,099,"Arkansas","Nevada County",4,64,108,49,59
050,05,099,"Arkansas","Nevada County",4,65,106,48,58
050,05,099,"Arkansas","Nevada County",4,66,105,48,57
050,05,099,"Arkansas","Nevada County",4,67,113,56,57
050,05,099,"Arkansas","Nevada County",4,68,111,58,53
050,05,099,"Arkansas","Nevada County",4,69,110,48,62
050,05,099,"Arkansas","Nevada County",4,70,98,46,52
050,05,099,"Arkansas","Nevada County",4,71,85,43,42
050,05,099,"Arkansas","Nevada County",4,72,93,47,46
050,05,099,"Arkansas","Nevada County",4,73,79,46,33
050,05,099,"Arkansas","Nevada County",4,74,82,43,39
050,05,099,"Arkansas","Nevada County",4,75,88,38,50
050,05,099,"Arkansas","Nevada County",4,76,57,22,35
050,05,099,"Arkansas","Nevada County",4,77,71,29,42
050,05,099,"Arkansas","Nevada County",4,78,62,19,43
050,05,099,"Arkansas","Nevada County",4,79,68,31,37
050,05,099,"Arkansas","Nevada County",4,80,51,26,25
050,05,099,"Arkansas","Nevada County",4,81,53,21,32
050,05,099,"Arkansas","Nevada County",4,82,44,13,31
050,05,099,"Arkansas","Nevada County",4,83,46,12,34
050,05,099,"Arkansas","Nevada County",4,84,39,16,23
050,05,099,"Arkansas","Nevada County",4,85,213,82,131
050,05,099,"Arkansas","Nevada County",5,0,73,40,33
050,05,099,"Arkansas","Nevada County",5,1,77,41,36
050,05,099,"Arkansas","Nevada County",5,2,71,38,33
050,05,099,"Arkansas","Nevada County",5,3,86,35,51
050,05,099,"Arkansas","Nevada County",5,4,84,39,45
050,05,099,"Arkansas","Nevada County",5,5,98,46,52
050,05,099,"Arkansas","Nevada County",5,6,113,54,59
050,05,099,"Arkansas","Nevada County",5,7,104,49,55
050,05,099,"Arkansas","Nevada County",5,8,99,55,44
050,05,099,"Arkansas","Nevada County",5,9,95,51,44
050,05,099,"Arkansas","Nevada County",5,10,101,56,45
050,05,099,"Arkansas","Nevada County",5,11,93,48,45
050,05,099,"Arkansas","Nevada County",5,12,104,62,42
050,05,099,"Arkansas","Nevada County",5,13,107,58,49
050,05,099,"Arkansas","Nevada County",5,14,113,57,56
050,05,099,"Arkansas","Nevada County",5,15,108,61,47
050,05,099,"Arkansas","Nevada County",5,16,126,70,56
050,05,099,"Arkansas","Nevada County",5,17,121,67,54
050,05,099,"Arkansas","Nevada County",5,18,97,53,44
050,05,099,"Arkansas","Nevada County",5,19,86,51,35
050,05,099,"Arkansas","Nevada County",5,20,74,34,40
050,05,099,"Arkansas","Nevada County",5,21,71,39,32
050,05,099,"Arkansas","Nevada County",5,22,95,44,51
050,05,099,"Arkansas","Nevada County",5,23,86,52,34
050,05,099,"Arkansas","Nevada County",5,24,107,58,49
050,05,099,"Arkansas","Nevada County",5,25,73,38,35
050,05,099,"Arkansas","Nevada County",5,26,84,44,40
050,05,099,"Arkansas","Nevada County",5,27,79,38,41
050,05,099,"Arkansas","Nevada County",5,28,76,38,38
050,05,099,"Arkansas","Nevada County",5,29,76,40,36
050,05,099,"Arkansas","Nevada County",5,30,87,44,43
050,05,099,"Arkansas","Nevada County",5,31,87,46,41
050,05,099,"Arkansas","Nevada County",5,32,107,56,51
050,05,099,"Arkansas","Nevada County",5,33,88,42,46
050,05,099,"Arkansas","Nevada County",5,34,86,43,43
050,05,099,"Arkansas","Nevada County",5,35,81,41,40
050,05,099,"Arkansas","Nevada County",5,36,92,49,43
050,05,099,"Arkansas","Nevada County",5,37,80,45,35
050,05,099,"Arkansas","Nevada County",5,38,98,50,48
050,05,099,"Arkansas","Nevada County",5,39,79,28,51
050,05,099,"Arkansas","Nevada County",5,40,92,39,53
050,05,099,"Arkansas","Nevada County",5,41,110,59,51
050,05,099,"Arkansas","Nevada County",5,42,98,43,55
050,05,099,"Arkansas","Nevada County",5,43,95,49,46
050,05,099,"Arkansas","Nevada County",5,44,93,47,46
050,05,099,"Arkansas","Nevada County",5,45,104,59,45
050,05,099,"Arkansas","Nevada County",5,46,87,44,43
050,05,099,"Arkansas","Nevada County",5,47,89,45,44
050,05,099,"Arkansas","Nevada County",5,48,86,45,41
050,05,099,"Arkansas","Nevada County",5,49,102,53,49
050,05,099,"Arkansas","Nevada County",5,50,93,48,45
050,05,099,"Arkansas","Nevada County",5,51,112,57,55
050,05,099,"Arkansas","Nevada County",5,52,118,55,63
050,05,099,"Arkansas","Nevada County",5,53,120,60,60
050,05,099,"Arkansas","Nevada County",5,54,98,46,52
050,05,099,"Arkansas","Nevada County",5,55,113,57,56
050,05,099,"Arkansas","Nevada County",5,56,104,50,54
050,05,099,"Arkansas","Nevada County",5,57,108,53,55
050,05,099,"Arkansas","Nevada County",5,58,114,58,56
050,05,099,"Arkansas","Nevada County",5,59,111,54,57
050,05,099,"Arkansas","Nevada County",5,60,127,66,61
050,05,099,"Arkansas","Nevada County",5,61,123,58,65
050,05,099,"Arkansas","Nevada County",5,62,123,58,65
050,05,099,"Arkansas","Nevada County",5,63,119,59,60
050,05,099,"Arkansas","Nevada County",5,64,116,53,63
050,05,099,"Arkansas","Nevada County",5,65,105,47,58
050,05,099,"Arkansas","Nevada County",5,66,104,45,59
050,05,099,"Arkansas","Nevada County",5,67,102,50,52
050,05,099,"Arkansas","Nevada County",5,68,111,53,58
050,05,099,"Arkansas","Nevada County",5,69,107,55,52
050,05,099,"Arkansas","Nevada County",5,70,111,50,61
050,05,099,"Arkansas","Nevada County",5,71,92,41,51
050,05,099,"Arkansas","Nevada County",5,72,82,40,42
050,05,099,"Arkansas","Nevada County",5,73,90,46,44
050,05,099,"Arkansas","Nevada County",5,74,83,49,34
050,05,099,"Arkansas","Nevada County",5,75,79,38,41
050,05,099,"Arkansas","Nevada County",5,76,81,37,44
050,05,099,"Arkansas","Nevada County",5,77,55,19,36
050,05,099,"Arkansas","Nevada County",5,78,69,26,43
050,05,099,"Arkansas","Nevada County",5,79,59,19,40
050,05,099,"Arkansas","Nevada County",5,80,69,30,39
050,05,099,"Arkansas","Nevada County",5,81,52,26,26
050,05,099,"Arkansas","Nevada County",5,82,53,23,30
050,05,099,"Arkansas","Nevada County",5,83,33,5,28
050,05,099,"Arkansas","Nevada County",5,84,40,13,27
050,05,099,"Arkansas","Nevada County",5,85,226,87,139
050,05,101,"Arkansas","Newton County",1,0,60,31,29
050,05,101,"Arkansas","Newton County",1,1,59,29,30
050,05,101,"Arkansas","Newton County",1,2,68,37,31
050,05,101,"Arkansas","Newton County",1,3,87,38,49
050,05,101,"Arkansas","Newton County",1,4,71,33,38
050,05,101,"Arkansas","Newton County",1,5,69,38,31
050,05,101,"Arkansas","Newton County",1,6,73,38,35
050,05,101,"Arkansas","Newton County",1,7,67,33,34
050,05,101,"Arkansas","Newton County",1,8,66,33,33
050,05,101,"Arkansas","Newton County",1,9,68,41,27
050,05,101,"Arkansas","Newton County",1,10,68,39,29
050,05,101,"Arkansas","Newton County",1,11,80,42,38
050,05,101,"Arkansas","Newton County",1,12,89,45,44
050,05,101,"Arkansas","Newton County",1,13,80,42,38
050,05,101,"Arkansas","Newton County",1,14,93,50,43
050,05,101,"Arkansas","Newton County",1,15,100,60,40
050,05,101,"Arkansas","Newton County",1,16,110,57,53
050,05,101,"Arkansas","Newton County",1,17,95,49,46
050,05,101,"Arkansas","Newton County",1,18,75,41,34
050,05,101,"Arkansas","Newton County",1,19,62,36,26
050,05,101,"Arkansas","Newton County",1,20,59,30,29
050,05,101,"Arkansas","Newton County",1,21,58,30,28
050,05,101,"Arkansas","Newton County",1,22,62,32,30
050,05,101,"Arkansas","Newton County",1,23,58,28,30
050,05,101,"Arkansas","Newton County",1,24,65,35,30
050,05,101,"Arkansas","Newton County",1,25,60,32,28
050,05,101,"Arkansas","Newton County",1,26,63,35,28
050,05,101,"Arkansas","Newton County",1,27,58,28,30
050,05,101,"Arkansas","Newton County",1,28,85,40,45
050,05,101,"Arkansas","Newton County",1,29,82,41,41
050,05,101,"Arkansas","Newton County",1,30,76,42,34
050,05,101,"Arkansas","Newton County",1,31,68,37,31
050,05,101,"Arkansas","Newton County",1,32,71,39,32
050,05,101,"Arkansas","Newton County",1,33,56,28,28
050,05,101,"Arkansas","Newton County",1,34,61,29,32
050,05,101,"Arkansas","Newton County",1,35,86,44,42
050,05,101,"Arkansas","Newton County",1,36,81,46,35
050,05,101,"Arkansas","Newton County",1,37,75,41,34
050,05,101,"Arkansas","Newton County",1,38,81,44,37
050,05,101,"Arkansas","Newton County",1,39,81,37,44
050,05,101,"Arkansas","Newton County",1,40,76,37,39
050,05,101,"Arkansas","Newton County",1,41,66,29,37
050,05,101,"Arkansas","Newton County",1,42,73,34,39
050,05,101,"Arkansas","Newton County",1,43,70,37,33
050,05,101,"Arkansas","Newton County",1,44,67,28,39
050,05,101,"Arkansas","Newton County",1,45,69,33,36
050,05,101,"Arkansas","Newton County",1,46,74,35,39
050,05,101,"Arkansas","Newton County",1,47,74,43,31
050,05,101,"Arkansas","Newton County",1,48,79,44,35
050,05,101,"Arkansas","Newton County",1,49,98,52,46
050,05,101,"Arkansas","Newton County",1,50,78,31,47
050,05,101,"Arkansas","Newton County",1,51,74,31,43
050,05,101,"Arkansas","Newton County",1,52,92,49,43
050,05,101,"Arkansas","Newton County",1,53,105,55,50
050,05,101,"Arkansas","Newton County",1,54,93,54,39
050,05,101,"Arkansas","Newton County",1,55,101,53,48
050,05,101,"Arkansas","Newton County",1,56,112,58,54
050,05,101,"Arkansas","Newton County",1,57,118,55,63
050,05,101,"Arkansas","Newton County",1,58,109,57,52
050,05,101,"Arkansas","Newton County",1,59,116,59,57
050,05,101,"Arkansas","Newton County",1,60,114,55,59
050,05,101,"Arkansas","Newton County",1,61,114,64,50
050,05,101,"Arkansas","Newton County",1,62,130,69,61
050,05,101,"Arkansas","Newton County",1,63,119,59,60
050,05,101,"Arkansas","Newton County",1,64,120,62,58
050,05,101,"Arkansas","Newton County",1,65,123,67,56
050,05,101,"Arkansas","Newton County",1,66,132,67,65
050,05,101,"Arkansas","Newton County",1,67,124,64,60
050,05,101,"Arkansas","Newton County",1,68,127,69,58
050,05,101,"Arkansas","Newton County",1,69,122,61,61
050,05,101,"Arkansas","Newton County",1,70,111,57,54
050,05,101,"Arkansas","Newton County",1,71,113,60,53
050,05,101,"Arkansas","Newton County",1,72,109,54,55
050,05,101,"Arkansas","Newton County",1,73,118,58,60
050,05,101,"Arkansas","Newton County",1,74,84,43,41
050,05,101,"Arkansas","Newton County",1,75,99,50,49
050,05,101,"Arkansas","Newton County",1,76,89,45,44
050,05,101,"Arkansas","Newton County",1,77,70,39,31
050,05,101,"Arkansas","Newton County",1,78,64,32,32
050,05,101,"Arkansas","Newton County",1,79,65,36,29
050,05,101,"Arkansas","Newton County",1,80,59,30,29
050,05,101,"Arkansas","Newton County",1,81,57,25,32
050,05,101,"Arkansas","Newton County",1,82,46,17,29
050,05,101,"Arkansas","Newton County",1,83,34,15,19
050,05,101,"Arkansas","Newton County",1,84,39,15,24
050,05,101,"Arkansas","Newton County",1,85,176,64,112
050,05,101,"Arkansas","Newton County",2,0,59,28,31
050,05,101,"Arkansas","Newton County",2,1,59,29,30
050,05,101,"Arkansas","Newton County",2,2,66,35,31
050,05,101,"Arkansas","Newton County",2,3,82,37,45
050,05,101,"Arkansas","Newton County",2,4,76,35,41
050,05,101,"Arkansas","Newton County",2,5,70,37,33
050,05,101,"Arkansas","Newton County",2,6,70,37,33
050,05,101,"Arkansas","Newton County",2,7,67,34,33
050,05,101,"Arkansas","Newton County",2,8,67,34,33
050,05,101,"Arkansas","Newton County",2,9,69,40,29
050,05,101,"Arkansas","Newton County",2,10,69,40,29
050,05,101,"Arkansas","Newton County",2,11,77,41,36
050,05,101,"Arkansas","Newton County",2,12,86,43,43
050,05,101,"Arkansas","Newton County",2,13,82,43,39
050,05,101,"Arkansas","Newton County",2,14,92,50,42
050,05,101,"Arkansas","Newton County",2,15,98,56,42
050,05,101,"Arkansas","Newton County",2,16,107,57,50
050,05,101,"Arkansas","Newton County",2,17,98,50,48
050,05,101,"Arkansas","Newton County",2,18,76,41,35
050,05,101,"Arkansas","Newton County",2,19,59,34,25
050,05,101,"Arkansas","Newton County",2,20,60,32,28
050,05,101,"Arkansas","Newton County",2,21,58,29,29
050,05,101,"Arkansas","Newton County",2,22,59,30,29
050,05,101,"Arkansas","Newton County",2,23,59,29,30
050,05,101,"Arkansas","Newton County",2,24,63,33,30
050,05,101,"Arkansas","Newton County",2,25,60,33,27
050,05,101,"Arkansas","Newton County",2,26,61,34,27
050,05,101,"Arkansas","Newton County",2,27,59,30,29
050,05,101,"Arkansas","Newton County",2,28,78,37,41
050,05,101,"Arkansas","Newton County",2,29,83,42,41
050,05,101,"Arkansas","Newton County",2,30,78,41,37
050,05,101,"Arkansas","Newton County",2,31,70,38,32
050,05,101,"Arkansas","Newton County",2,32,71,39,32
050,05,101,"Arkansas","Newton County",2,33,60,30,30
050,05,101,"Arkansas","Newton County",2,34,60,29,31
050,05,101,"Arkansas","Newton County",2,35,81,40,41
050,05,101,"Arkansas","Newton County",2,36,81,45,36
050,05,101,"Arkansas","Newton County",2,37,77,43,34
050,05,101,"Arkansas","Newton County",2,38,80,44,36
050,05,101,"Arkansas","Newton County",2,39,80,39,41
050,05,101,"Arkansas","Newton County",2,40,77,37,40
050,05,101,"Arkansas","Newton County",2,41,69,31,38
050,05,101,"Arkansas","Newton County",2,42,69,32,37
050,05,101,"Arkansas","Newton County",2,43,71,36,35
050,05,101,"Arkansas","Newton County",2,44,68,30,38
050,05,101,"Arkansas","Newton County",2,45,69,32,37
050,05,101,"Arkansas","Newton County",2,46,75,36,39
050,05,101,"Arkansas","Newton County",2,47,73,40,33
050,05,101,"Arkansas","Newton County",2,48,78,44,34
050,05,101,"Arkansas","Newton County",2,49,95,51,44
050,05,101,"Arkansas","Newton County",2,50,84,37,47
050,05,101,"Arkansas","Newton County",2,51,76,33,43
050,05,101,"Arkansas","Newton County",2,52,89,45,44
050,05,101,"Arkansas","Newton County",2,53,99,53,46
050,05,101,"Arkansas","Newton County",2,54,95,54,41
050,05,101,"Arkansas","Newton County",2,55,99,53,46
050,05,101,"Arkansas","Newton County",2,56,111,57,54
050,05,101,"Arkansas","Newton County",2,57,117,57,60
050,05,101,"Arkansas","Newton County",2,58,111,56,55
050,05,101,"Arkansas","Newton County",2,59,116,59,57
050,05,101,"Arkansas","Newton County",2,60,114,55,59
050,05,101,"Arkansas","Newton County",2,61,112,62,50
050,05,101,"Arkansas","Newton County",2,62,126,69,57
050,05,101,"Arkansas","Newton County",2,63,124,62,62
050,05,101,"Arkansas","Newton County",2,64,117,60,57
050,05,101,"Arkansas","Newton County",2,65,122,66,56
050,05,101,"Arkansas","Newton County",2,66,130,67,63
050,05,101,"Arkansas","Newton County",2,67,120,62,58
050,05,101,"Arkansas","Newton County",2,68,124,67,57
050,05,101,"Arkansas","Newton County",2,69,125,63,62
050,05,101,"Arkansas","Newton County",2,70,113,58,55
050,05,101,"Arkansas","Newton County",2,71,111,58,53
050,05,101,"Arkansas","Newton County",2,72,108,54,54
050,05,101,"Arkansas","Newton County",2,73,118,58,60
050,05,101,"Arkansas","Newton County",2,74,85,43,42
050,05,101,"Arkansas","Newton County",2,75,93,47,46
050,05,101,"Arkansas","Newton County",2,76,90,45,45
050,05,101,"Arkansas","Newton County",2,77,75,40,35
050,05,101,"Arkansas","Newton County",2,78,63,32,31
050,05,101,"Arkansas","Newton County",2,79,63,35,28
050,05,101,"Arkansas","Newton County",2,80,57,28,29
050,05,101,"Arkansas","Newton County",2,81,57,26,31
050,05,101,"Arkansas","Newton County",2,82,49,19,30
050,05,101,"Arkansas","Newton County",2,83,36,16,20
050,05,101,"Arkansas","Newton County",2,84,39,15,24
050,05,101,"Arkansas","Newton County",2,85,177,64,113
050,05,101,"Arkansas","Newton County",3,0,59,28,31
050,05,101,"Arkansas","Newton County",3,1,58,26,32
050,05,101,"Arkansas","Newton County",3,2,64,30,34
050,05,101,"Arkansas","Newton County",3,3,71,38,33
050,05,101,"Arkansas","Newton County",3,4,91,42,49
050,05,101,"Arkansas","Newton County",3,5,76,35,41
050,05,101,"Arkansas","Newton County",3,6,75,42,33
050,05,101,"Arkansas","Newton County",3,7,76,42,34
050,05,101,"Arkansas","Newton County",3,8,71,35,36
050,05,101,"Arkansas","Newton County",3,9,70,33,37
050,05,101,"Arkansas","Newton County",3,10,67,38,29
050,05,101,"Arkansas","Newton County",3,11,64,40,24
050,05,101,"Arkansas","Newton County",3,12,78,40,38
050,05,101,"Arkansas","Newton County",3,13,89,44,45
050,05,101,"Arkansas","Newton County",3,14,78,42,36
050,05,101,"Arkansas","Newton County",3,15,89,47,42
050,05,101,"Arkansas","Newton County",3,16,94,52,42
050,05,101,"Arkansas","Newton County",3,17,103,55,48
050,05,101,"Arkansas","Newton County",3,18,85,45,40
050,05,101,"Arkansas","Newton County",3,19,60,35,25
050,05,101,"Arkansas","Newton County",3,20,64,40,24
050,05,101,"Arkansas","Newton County",3,21,55,27,28
050,05,101,"Arkansas","Newton County",3,22,61,31,30
050,05,101,"Arkansas","Newton County",3,23,64,34,30
050,05,101,"Arkansas","Newton County",3,24,54,26,28
050,05,101,"Arkansas","Newton County",3,25,60,33,27
050,05,101,"Arkansas","Newton County",3,26,58,33,25
050,05,101,"Arkansas","Newton County",3,27,63,34,29
050,05,101,"Arkansas","Newton County",3,28,59,25,34
050,05,101,"Arkansas","Newton County",3,29,76,39,37
050,05,101,"Arkansas","Newton County",3,30,87,44,43
050,05,101,"Arkansas","Newton County",3,31,85,42,43
050,05,101,"Arkansas","Newton County",3,32,77,39,38
050,05,101,"Arkansas","Newton County",3,33,70,37,33
050,05,101,"Arkansas","Newton County",3,34,59,33,26
050,05,101,"Arkansas","Newton County",3,35,56,27,29
050,05,101,"Arkansas","Newton County",3,36,82,42,40
050,05,101,"Arkansas","Newton County",3,37,79,44,35
050,05,101,"Arkansas","Newton County",3,38,78,43,35
050,05,101,"Arkansas","Newton County",3,39,85,44,41
050,05,101,"Arkansas","Newton County",3,40,78,38,40
050,05,101,"Arkansas","Newton County",3,41,74,38,36
050,05,101,"Arkansas","Newton County",3,42,72,34,38
050,05,101,"Arkansas","Newton County",3,43,71,34,37
050,05,101,"Arkansas","Newton County",3,44,76,41,35
050,05,101,"Arkansas","Newton County",3,45,76,33,43
050,05,101,"Arkansas","Newton County",3,46,68,31,37
050,05,101,"Arkansas","Newton County",3,47,74,40,34
050,05,101,"Arkansas","Newton County",3,48,74,41,33
050,05,101,"Arkansas","Newton County",3,49,79,48,31
050,05,101,"Arkansas","Newton County",3,50,93,52,41
050,05,101,"Arkansas","Newton County",3,51,97,43,54
050,05,101,"Arkansas","Newton County",3,52,79,33,46
050,05,101,"Arkansas","Newton County",3,53,87,42,45
050,05,101,"Arkansas","Newton County",3,54,102,56,46
050,05,101,"Arkansas","Newton County",3,55,99,57,42
050,05,101,"Arkansas","Newton County",3,56,100,52,48
050,05,101,"Arkansas","Newton County",3,57,109,56,53
050,05,101,"Arkansas","Newton County",3,58,112,54,58
050,05,101,"Arkansas","Newton County",3,59,111,52,59
050,05,101,"Arkansas","Newton County",3,60,116,62,54
050,05,101,"Arkansas","Newton County",3,61,115,54,61
050,05,101,"Arkansas","Newton County",3,62,119,64,55
050,05,101,"Arkansas","Newton County",3,63,129,71,58
050,05,101,"Arkansas","Newton County",3,64,119,59,60
050,05,101,"Arkansas","Newton County",3,65,121,64,57
050,05,101,"Arkansas","Newton County",3,66,118,64,54
050,05,101,"Arkansas","Newton County",3,67,129,66,63
050,05,101,"Arkansas","Newton County",3,68,116,62,54
050,05,101,"Arkansas","Newton County",3,69,120,63,57
050,05,101,"Arkansas","Newton County",3,70,115,59,56
050,05,101,"Arkansas","Newton County",3,71,106,56,50
050,05,101,"Arkansas","Newton County",3,72,110,57,53
050,05,101,"Arkansas","Newton County",3,73,102,50,52
050,05,101,"Arkansas","Newton County",3,74,109,51,58
050,05,101,"Arkansas","Newton County",3,75,81,40,41
050,05,101,"Arkansas","Newton County",3,76,89,46,43
050,05,101,"Arkansas","Newton County",3,77,82,43,39
050,05,101,"Arkansas","Newton County",3,78,66,37,29
050,05,101,"Arkansas","Newton County",3,79,60,30,30
050,05,101,"Arkansas","Newton County",3,80,55,29,26
050,05,101,"Arkansas","Newton County",3,81,54,25,29
050,05,101,"Arkansas","Newton County",3,82,57,26,31
050,05,101,"Arkansas","Newton County",3,83,41,19,22
050,05,101,"Arkansas","Newton County",3,84,39,13,26
050,05,101,"Arkansas","Newton County",3,85,178,65,113
050,05,101,"Arkansas","Newton County",4,0,67,34,33
050,05,101,"Arkansas","Newton County",4,1,60,32,28
050,05,101,"Arkansas","Newton County",4,2,53,24,29
050,05,101,"Arkansas","Newton County",4,3,65,32,33
050,05,101,"Arkansas","Newton County",4,4,71,41,30
050,05,101,"Arkansas","Newton County",4,5,84,39,45
050,05,101,"Arkansas","Newton County",4,6,82,36,46
050,05,101,"Arkansas","Newton County",4,7,76,45,31
050,05,101,"Arkansas","Newton County",4,8,80,44,36
050,05,101,"Arkansas","Newton County",4,9,68,31,37
050,05,101,"Arkansas","Newton County",4,10,69,32,37
050,05,101,"Arkansas","Newton County",4,11,61,34,27
050,05,101,"Arkansas","Newton County",4,12,68,42,26
050,05,101,"Arkansas","Newton County",4,13,78,42,36
050,05,101,"Arkansas","Newton County",4,14,89,42,47
050,05,101,"Arkansas","Newton County",4,15,84,45,39
050,05,101,"Arkansas","Newton County",4,16,85,46,39
050,05,101,"Arkansas","Newton County",4,17,91,50,41
050,05,101,"Arkansas","Newton County",4,18,82,45,37
050,05,101,"Arkansas","Newton County",4,19,58,34,24
050,05,101,"Arkansas","Newton County",4,20,60,36,24
050,05,101,"Arkansas","Newton County",4,21,64,39,25
050,05,101,"Arkansas","Newton County",4,22,56,28,28
050,05,101,"Arkansas","Newton County",4,23,67,31,36
050,05,101,"Arkansas","Newton County",4,24,74,41,33
050,05,101,"Arkansas","Newton County",4,25,60,31,29
050,05,101,"Arkansas","Newton County",4,26,56,29,27
050,05,101,"Arkansas","Newton County",4,27,59,33,26
050,05,101,"Arkansas","Newton County",4,28,66,34,32
050,05,101,"Arkansas","Newton County",4,29,66,29,37
050,05,101,"Arkansas","Newton County",4,30,75,41,34
050,05,101,"Arkansas","Newton County",4,31,85,44,41
050,05,101,"Arkansas","Newton County",4,32,86,41,45
050,05,101,"Arkansas","Newton County",4,33,72,36,36
050,05,101,"Arkansas","Newton County",4,34,70,39,31
050,05,101,"Arkansas","Newton County",4,35,60,32,28
050,05,101,"Arkansas","Newton County",4,36,59,28,31
050,05,101,"Arkansas","Newton County",4,37,87,44,43
050,05,101,"Arkansas","Newton County",4,38,83,44,39
050,05,101,"Arkansas","Newton County",4,39,80,46,34
050,05,101,"Arkansas","Newton County",4,40,86,46,40
050,05,101,"Arkansas","Newton County",4,41,73,34,39
050,05,101,"Arkansas","Newton County",4,42,73,38,35
050,05,101,"Arkansas","Newton County",4,43,77,39,38
050,05,101,"Arkansas","Newton County",4,44,72,35,37
050,05,101,"Arkansas","Newton County",4,45,72,36,36
050,05,101,"Arkansas","Newton County",4,46,80,36,44
050,05,101,"Arkansas","Newton County",4,47,66,30,36
050,05,101,"Arkansas","Newton County",4,48,77,42,35
050,05,101,"Arkansas","Newton County",4,49,75,41,34
050,05,101,"Arkansas","Newton County",4,50,79,49,30
050,05,101,"Arkansas","Newton County",4,51,94,53,41
050,05,101,"Arkansas","Newton County",4,52,103,51,52
050,05,101,"Arkansas","Newton County",4,53,81,34,47
050,05,101,"Arkansas","Newton County",4,54,86,42,44
050,05,101,"Arkansas","Newton County",4,55,96,51,45
050,05,101,"Arkansas","Newton County",4,56,96,56,40
050,05,101,"Arkansas","Newton County",4,57,99,50,49
050,05,101,"Arkansas","Newton County",4,58,107,54,53
050,05,101,"Arkansas","Newton County",4,59,107,53,54
050,05,101,"Arkansas","Newton County",4,60,112,52,60
050,05,101,"Arkansas","Newton County",4,61,112,61,51
050,05,101,"Arkansas","Newton County",4,62,118,57,61
050,05,101,"Arkansas","Newton County",4,63,129,67,62
050,05,101,"Arkansas","Newton County",4,64,128,69,59
050,05,101,"Arkansas","Newton County",4,65,117,58,59
050,05,101,"Arkansas","Newton County",4,66,119,61,58
050,05,101,"Arkansas","Newton County",4,67,118,64,54
050,05,101,"Arkansas","Newton County",4,68,124,65,59
050,05,101,"Arkansas","Newton County",4,69,108,58,50
050,05,101,"Arkansas","Newton County",4,70,119,63,56
050,05,101,"Arkansas","Newton County",4,71,105,57,48
050,05,101,"Arkansas","Newton County",4,72,100,52,48
050,05,101,"Arkansas","Newton County",4,73,106,55,51
050,05,101,"Arkansas","Newton County",4,74,95,46,49
050,05,101,"Arkansas","Newton County",4,75,110,52,58
050,05,101,"Arkansas","Newton County",4,76,72,35,37
050,05,101,"Arkansas","Newton County",4,77,84,44,40
050,05,101,"Arkansas","Newton County",4,78,78,40,38
050,05,101,"Arkansas","Newton County",4,79,57,35,22
050,05,101,"Arkansas","Newton County",4,80,54,25,29
050,05,101,"Arkansas","Newton County",4,81,54,27,27
050,05,101,"Arkansas","Newton County",4,82,52,25,27
050,05,101,"Arkansas","Newton County",4,83,47,20,27
050,05,101,"Arkansas","Newton County",4,84,41,16,25
050,05,101,"Arkansas","Newton County",4,85,187,66,121
050,05,101,"Arkansas","Newton County",5,0,67,35,32
050,05,101,"Arkansas","Newton County",5,1,65,36,29
050,05,101,"Arkansas","Newton County",5,2,63,34,29
050,05,101,"Arkansas","Newton County",5,3,53,23,30
050,05,101,"Arkansas","Newton County",5,4,69,36,33
050,05,101,"Arkansas","Newton County",5,5,74,38,36
050,05,101,"Arkansas","Newton County",5,6,87,41,46
050,05,101,"Arkansas","Newton County",5,7,79,34,45
050,05,101,"Arkansas","Newton County",5,8,73,40,33
050,05,101,"Arkansas","Newton County",5,9,77,43,34
050,05,101,"Arkansas","Newton County",5,10,67,30,37
050,05,101,"Arkansas","Newton County",5,11,70,33,37
050,05,101,"Arkansas","Newton County",5,12,60,32,28
050,05,101,"Arkansas","Newton County",5,13,69,43,26
050,05,101,"Arkansas","Newton County",5,14,80,44,36
050,05,101,"Arkansas","Newton County",5,15,92,43,49
050,05,101,"Arkansas","Newton County",5,16,83,46,37
050,05,101,"Arkansas","Newton County",5,17,85,42,43
050,05,101,"Arkansas","Newton County",5,18,76,43,33
050,05,101,"Arkansas","Newton County",5,19,64,34,30
050,05,101,"Arkansas","Newton County",5,20,63,34,29
050,05,101,"Arkansas","Newton County",5,21,61,35,26
050,05,101,"Arkansas","Newton County",5,22,67,42,25
050,05,101,"Arkansas","Newton County",5,23,65,35,30
050,05,101,"Arkansas","Newton County",5,24,71,33,38
050,05,101,"Arkansas","Newton County",5,25,75,44,31
050,05,101,"Arkansas","Newton County",5,26,55,24,31
050,05,101,"Arkansas","Newton County",5,27,52,27,25
050,05,101,"Arkansas","Newton County",5,28,63,31,32
050,05,101,"Arkansas","Newton County",5,29,63,29,34
050,05,101,"Arkansas","Newton County",5,30,66,32,34
050,05,101,"Arkansas","Newton County",5,31,80,42,38
050,05,101,"Arkansas","Newton County",5,32,83,45,38
050,05,101,"Arkansas","Newton County",5,33,82,38,44
050,05,101,"Arkansas","Newton County",5,34,69,35,34
050,05,101,"Arkansas","Newton County",5,35,66,36,30
050,05,101,"Arkansas","Newton County",5,36,63,35,28
050,05,101,"Arkansas","Newton County",5,37,61,31,30
050,05,101,"Arkansas","Newton County",5,38,92,49,43
050,05,101,"Arkansas","Newton County",5,39,89,48,41
050,05,101,"Arkansas","Newton County",5,40,79,43,36
050,05,101,"Arkansas","Newton County",5,41,82,45,37
050,05,101,"Arkansas","Newton County",5,42,77,37,40
050,05,101,"Arkansas","Newton County",5,43,74,38,36
050,05,101,"Arkansas","Newton County",5,44,81,45,36
050,05,101,"Arkansas","Newton County",5,45,75,34,41
050,05,101,"Arkansas","Newton County",5,46,74,37,37
050,05,101,"Arkansas","Newton County",5,47,81,37,44
050,05,101,"Arkansas","Newton County",5,48,63,29,34
050,05,101,"Arkansas","Newton County",5,49,78,45,33
050,05,101,"Arkansas","Newton County",5,50,74,41,33
050,05,101,"Arkansas","Newton County",5,51,81,52,29
050,05,101,"Arkansas","Newton County",5,52,88,46,42
050,05,101,"Arkansas","Newton County",5,53,99,47,52
050,05,101,"Arkansas","Newton County",5,54,81,35,46
050,05,101,"Arkansas","Newton County",5,55,87,40,47
050,05,101,"Arkansas","Newton County",5,56,98,54,44
050,05,101,"Arkansas","Newton County",5,57,91,52,39
050,05,101,"Arkansas","Newton County",5,58,100,51,49
050,05,101,"Arkansas","Newton County",5,59,108,55,53
050,05,101,"Arkansas","Newton County",5,60,109,51,58
050,05,101,"Arkansas","Newton County",5,61,112,56,56
050,05,101,"Arkansas","Newton County",5,62,111,62,49
050,05,101,"Arkansas","Newton County",5,63,128,60,68
050,05,101,"Arkansas","Newton County",5,64,131,70,61
050,05,101,"Arkansas","Newton County",5,65,128,71,57
050,05,101,"Arkansas","Newton County",5,66,118,55,63
050,05,101,"Arkansas","Newton County",5,67,119,62,57
050,05,101,"Arkansas","Newton County",5,68,114,61,53
050,05,101,"Arkansas","Newton County",5,69,123,62,61
050,05,101,"Arkansas","Newton County",5,70,101,53,48
050,05,101,"Arkansas","Newton County",5,71,115,65,50
050,05,101,"Arkansas","Newton County",5,72,105,55,50
050,05,101,"Arkansas","Newton County",5,73,98,52,46
050,05,101,"Arkansas","Newton County",5,74,97,50,47
050,05,101,"Arkansas","Newton County",5,75,95,46,49
050,05,101,"Arkansas","Newton County",5,76,98,47,51
050,05,101,"Arkansas","Newton County",5,77,70,35,35
050,05,101,"Arkansas","Newton County",5,78,78,42,36
050,05,101,"Arkansas","Newton County",5,79,72,38,34
050,05,101,"Arkansas","Newton County",5,80,53,30,23
050,05,101,"Arkansas","Newton County",5,81,54,24,30
050,05,101,"Arkansas","Newton County",5,82,51,25,26
050,05,101,"Arkansas","Newton County",5,83,41,19,22
050,05,101,"Arkansas","Newton County",5,84,48,17,31
050,05,101,"Arkansas","Newton County",5,85,192,71,121
050,05,103,"Arkansas","Ouachita County",1,0,246,125,121
050,05,103,"Arkansas","Ouachita County",1,1,246,127,119
050,05,103,"Arkansas","Ouachita County",1,2,263,135,128
050,05,103,"Arkansas","Ouachita County",1,3,244,130,114
050,05,103,"Arkansas","Ouachita County",1,4,267,142,125
050,05,103,"Arkansas","Ouachita County",1,5,278,143,135
050,05,103,"Arkansas","Ouachita County",1,6,262,142,120
050,05,103,"Arkansas","Ouachita County",1,7,261,131,130
050,05,103,"Arkansas","Ouachita County",1,8,291,136,155
050,05,103,"Arkansas","Ouachita County",1,9,275,137,138
050,05,103,"Arkansas","Ouachita County",1,10,277,136,141
050,05,103,"Arkansas","Ouachita County",1,11,288,141,147
050,05,103,"Arkansas","Ouachita County",1,12,321,165,156
050,05,103,"Arkansas","Ouachita County",1,13,343,166,177
050,05,103,"Arkansas","Ouachita County",1,14,332,181,151
050,05,103,"Arkansas","Ouachita County",1,15,315,168,147
050,05,103,"Arkansas","Ouachita County",1,16,285,143,142
050,05,103,"Arkansas","Ouachita County",1,17,273,133,140
050,05,103,"Arkansas","Ouachita County",1,18,255,144,111
050,05,103,"Arkansas","Ouachita County",1,19,214,122,92
050,05,103,"Arkansas","Ouachita County",1,20,222,123,99
050,05,103,"Arkansas","Ouachita County",1,21,227,120,107
050,05,103,"Arkansas","Ouachita County",1,22,239,113,126
050,05,103,"Arkansas","Ouachita County",1,23,241,113,128
050,05,103,"Arkansas","Ouachita County",1,24,260,124,136
050,05,103,"Arkansas","Ouachita County",1,25,256,134,122
050,05,103,"Arkansas","Ouachita County",1,26,270,148,122
050,05,103,"Arkansas","Ouachita County",1,27,260,134,126
050,05,103,"Arkansas","Ouachita County",1,28,260,130,130
050,05,103,"Arkansas","Ouachita County",1,29,252,127,125
050,05,103,"Arkansas","Ouachita County",1,30,259,123,136
050,05,103,"Arkansas","Ouachita County",1,31,249,117,132
050,05,103,"Arkansas","Ouachita County",1,32,262,137,125
050,05,103,"Arkansas","Ouachita County",1,33,250,123,127
050,05,103,"Arkansas","Ouachita County",1,34,245,119,126
050,05,103,"Arkansas","Ouachita County",1,35,274,137,137
050,05,103,"Arkansas","Ouachita County",1,36,257,131,126
050,05,103,"Arkansas","Ouachita County",1,37,248,119,129
050,05,103,"Arkansas","Ouachita County",1,38,271,129,142
050,05,103,"Arkansas","Ouachita County",1,39,240,116,124
050,05,103,"Arkansas","Ouachita County",1,40,248,120,128
050,05,103,"Arkansas","Ouachita County",1,41,239,111,128
050,05,103,"Arkansas","Ouachita County",1,42,227,91,136
050,05,103,"Arkansas","Ouachita County",1,43,232,102,130
050,05,103,"Arkansas","Ouachita County",1,44,228,107,121
050,05,103,"Arkansas","Ouachita County",1,45,245,120,125
050,05,103,"Arkansas","Ouachita County",1,46,251,121,130
050,05,103,"Arkansas","Ouachita County",1,47,266,129,137
050,05,103,"Arkansas","Ouachita County",1,48,279,140,139
050,05,103,"Arkansas","Ouachita County",1,49,298,144,154
050,05,103,"Arkansas","Ouachita County",1,50,274,135,139
050,05,103,"Arkansas","Ouachita County",1,51,259,113,146
050,05,103,"Arkansas","Ouachita County",1,52,276,124,152
050,05,103,"Arkansas","Ouachita County",1,53,255,123,132
050,05,103,"Arkansas","Ouachita County",1,54,290,145,145
050,05,103,"Arkansas","Ouachita County",1,55,325,157,168
050,05,103,"Arkansas","Ouachita County",1,56,328,162,166
050,05,103,"Arkansas","Ouachita County",1,57,352,175,177
050,05,103,"Arkansas","Ouachita County",1,58,359,176,183
050,05,103,"Arkansas","Ouachita County",1,59,361,167,194
050,05,103,"Arkansas","Ouachita County",1,60,353,175,178
050,05,103,"Arkansas","Ouachita County",1,61,363,167,196
050,05,103,"Arkansas","Ouachita County",1,62,375,169,206
050,05,103,"Arkansas","Ouachita County",1,63,362,175,187
050,05,103,"Arkansas","Ouachita County",1,64,335,146,189
050,05,103,"Arkansas","Ouachita County",1,65,356,157,199
050,05,103,"Arkansas","Ouachita County",1,66,343,156,187
050,05,103,"Arkansas","Ouachita County",1,67,315,148,167
050,05,103,"Arkansas","Ouachita County",1,68,309,145,164
050,05,103,"Arkansas","Ouachita County",1,69,290,132,158
050,05,103,"Arkansas","Ouachita County",1,70,297,140,157
050,05,103,"Arkansas","Ouachita County",1,71,279,130,149
050,05,103,"Arkansas","Ouachita County",1,72,249,118,131
050,05,103,"Arkansas","Ouachita County",1,73,215,94,121
050,05,103,"Arkansas","Ouachita County",1,74,176,75,101
050,05,103,"Arkansas","Ouachita County",1,75,180,79,101
050,05,103,"Arkansas","Ouachita County",1,76,177,81,96
050,05,103,"Arkansas","Ouachita County",1,77,175,86,89
050,05,103,"Arkansas","Ouachita County",1,78,137,62,75
050,05,103,"Arkansas","Ouachita County",1,79,132,58,74
050,05,103,"Arkansas","Ouachita County",1,80,119,56,63
050,05,103,"Arkansas","Ouachita County",1,81,108,48,60
050,05,103,"Arkansas","Ouachita County",1,82,100,33,67
050,05,103,"Arkansas","Ouachita County",1,83,99,40,59
050,05,103,"Arkansas","Ouachita County",1,84,83,33,50
050,05,103,"Arkansas","Ouachita County",1,85,550,172,378
050,05,103,"Arkansas","Ouachita County",2,0,256,128,128
050,05,103,"Arkansas","Ouachita County",2,1,247,128,119
050,05,103,"Arkansas","Ouachita County",2,2,255,131,124
050,05,103,"Arkansas","Ouachita County",2,3,245,130,115
050,05,103,"Arkansas","Ouachita County",2,4,258,139,119
050,05,103,"Arkansas","Ouachita County",2,5,274,144,130
050,05,103,"Arkansas","Ouachita County",2,6,261,140,121
050,05,103,"Arkansas","Ouachita County",2,7,259,132,127
050,05,103,"Arkansas","Ouachita County",2,8,283,136,147
050,05,103,"Arkansas","Ouachita County",2,9,280,138,142
050,05,103,"Arkansas","Ouachita County",2,10,276,137,139
050,05,103,"Arkansas","Ouachita County",2,11,286,141,145
050,05,103,"Arkansas","Ouachita County",2,12,312,157,155
050,05,103,"Arkansas","Ouachita County",2,13,336,166,170
050,05,103,"Arkansas","Ouachita County",2,14,334,177,157
050,05,103,"Arkansas","Ouachita County",2,15,320,172,148
050,05,103,"Arkansas","Ouachita County",2,16,292,149,143
050,05,103,"Arkansas","Ouachita County",2,17,276,136,140
050,05,103,"Arkansas","Ouachita County",2,18,251,138,113
050,05,103,"Arkansas","Ouachita County",2,19,215,123,92
050,05,103,"Arkansas","Ouachita County",2,20,223,124,99
050,05,103,"Arkansas","Ouachita County",2,21,229,122,107
050,05,103,"Arkansas","Ouachita County",2,22,238,115,123
050,05,103,"Arkansas","Ouachita County",2,23,247,116,131
050,05,103,"Arkansas","Ouachita County",2,24,257,123,134
050,05,103,"Arkansas","Ouachita County",2,25,258,132,126
050,05,103,"Arkansas","Ouachita County",2,26,268,146,122
050,05,103,"Arkansas","Ouachita County",2,27,262,136,126
050,05,103,"Arkansas","Ouachita County",2,28,259,130,129
050,05,103,"Arkansas","Ouachita County",2,29,256,130,126
050,05,103,"Arkansas","Ouachita County",2,30,258,124,134
050,05,103,"Arkansas","Ouachita County",2,31,251,119,132
050,05,103,"Arkansas","Ouachita County",2,32,257,131,126
050,05,103,"Arkansas","Ouachita County",2,33,251,125,126
050,05,103,"Arkansas","Ouachita County",2,34,245,119,126
050,05,103,"Arkansas","Ouachita County",2,35,273,138,135
050,05,103,"Arkansas","Ouachita County",2,36,255,129,126
050,05,103,"Arkansas","Ouachita County",2,37,250,122,128
050,05,103,"Arkansas","Ouachita County",2,38,270,129,141
050,05,103,"Arkansas","Ouachita County",2,39,248,120,128
050,05,103,"Arkansas","Ouachita County",2,40,248,120,128
050,05,103,"Arkansas","Ouachita County",2,41,238,111,127
050,05,103,"Arkansas","Ouachita County",2,42,224,93,131
050,05,103,"Arkansas","Ouachita County",2,43,231,99,132
050,05,103,"Arkansas","Ouachita County",2,44,227,105,122
050,05,103,"Arkansas","Ouachita County",2,45,244,119,125
050,05,103,"Arkansas","Ouachita County",2,46,249,120,129
050,05,103,"Arkansas","Ouachita County",2,47,258,125,133
050,05,103,"Arkansas","Ouachita County",2,48,277,138,139
050,05,103,"Arkansas","Ouachita County",2,49,296,145,151
050,05,103,"Arkansas","Ouachita County",2,50,280,138,142
050,05,103,"Arkansas","Ouachita County",2,51,260,118,142
050,05,103,"Arkansas","Ouachita County",2,52,272,121,151
050,05,103,"Arkansas","Ouachita County",2,53,259,123,136
050,05,103,"Arkansas","Ouachita County",2,54,283,142,141
050,05,103,"Arkansas","Ouachita County",2,55,315,153,162
050,05,103,"Arkansas","Ouachita County",2,56,328,161,167
050,05,103,"Arkansas","Ouachita County",2,57,347,171,176
050,05,103,"Arkansas","Ouachita County",2,58,357,177,180
050,05,103,"Arkansas","Ouachita County",2,59,362,170,192
050,05,103,"Arkansas","Ouachita County",2,60,356,175,181
050,05,103,"Arkansas","Ouachita County",2,61,356,169,187
050,05,103,"Arkansas","Ouachita County",2,62,367,166,201
050,05,103,"Arkansas","Ouachita County",2,63,364,172,192
050,05,103,"Arkansas","Ouachita County",2,64,336,151,185
050,05,103,"Arkansas","Ouachita County",2,65,350,154,196
050,05,103,"Arkansas","Ouachita County",2,66,345,154,191
050,05,103,"Arkansas","Ouachita County",2,67,321,149,172
050,05,103,"Arkansas","Ouachita County",2,68,306,143,163
050,05,103,"Arkansas","Ouachita County",2,69,296,136,160
050,05,103,"Arkansas","Ouachita County",2,70,295,139,156
050,05,103,"Arkansas","Ouachita County",2,71,282,133,149
050,05,103,"Arkansas","Ouachita County",2,72,253,120,133
050,05,103,"Arkansas","Ouachita County",2,73,231,102,129
050,05,103,"Arkansas","Ouachita County",2,74,177,76,101
050,05,103,"Arkansas","Ouachita County",2,75,177,77,100
050,05,103,"Arkansas","Ouachita County",2,76,173,78,95
050,05,103,"Arkansas","Ouachita County",2,77,179,86,93
050,05,103,"Arkansas","Ouachita County",2,78,140,64,76
050,05,103,"Arkansas","Ouachita County",2,79,128,57,71
050,05,103,"Arkansas","Ouachita County",2,80,120,54,66
050,05,103,"Arkansas","Ouachita County",2,81,110,48,62
050,05,103,"Arkansas","Ouachita County",2,82,99,37,62
050,05,103,"Arkansas","Ouachita County",2,83,98,37,61
050,05,103,"Arkansas","Ouachita County",2,84,85,34,51
050,05,103,"Arkansas","Ouachita County",2,85,545,167,378
050,05,103,"Arkansas","Ouachita County",3,0,235,125,110
050,05,103,"Arkansas","Ouachita County",3,1,246,127,119
050,05,103,"Arkansas","Ouachita County",3,2,250,123,127
050,05,103,"Arkansas","Ouachita County",3,3,249,129,120
050,05,103,"Arkansas","Ouachita County",3,4,242,125,117
050,05,103,"Arkansas","Ouachita County",3,5,262,145,117
050,05,103,"Arkansas","Ouachita County",3,6,271,139,132
050,05,103,"Arkansas","Ouachita County",3,7,260,134,126
050,05,103,"Arkansas","Ouachita County",3,8,245,117,128
050,05,103,"Arkansas","Ouachita County",3,9,268,125,143
050,05,103,"Arkansas","Ouachita County",3,10,281,140,141
050,05,103,"Arkansas","Ouachita County",3,11,277,132,145
050,05,103,"Arkansas","Ouachita County",3,12,296,149,147
050,05,103,"Arkansas","Ouachita County",3,13,315,163,152
050,05,103,"Arkansas","Ouachita County",3,14,346,168,178
050,05,103,"Arkansas","Ouachita County",3,15,328,169,159
050,05,103,"Arkansas","Ouachita County",3,16,320,171,149
050,05,103,"Arkansas","Ouachita County",3,17,295,151,144
050,05,103,"Arkansas","Ouachita County",3,18,232,118,114
050,05,103,"Arkansas","Ouachita County",3,19,211,117,94
050,05,103,"Arkansas","Ouachita County",3,20,219,121,98
050,05,103,"Arkansas","Ouachita County",3,21,239,128,111
050,05,103,"Arkansas","Ouachita County",3,22,235,122,113
050,05,103,"Arkansas","Ouachita County",3,23,242,114,128
050,05,103,"Arkansas","Ouachita County",3,24,247,116,131
050,05,103,"Arkansas","Ouachita County",3,25,260,127,133
050,05,103,"Arkansas","Ouachita County",3,26,283,147,136
050,05,103,"Arkansas","Ouachita County",3,27,253,140,113
050,05,103,"Arkansas","Ouachita County",3,28,258,135,123
050,05,103,"Arkansas","Ouachita County",3,29,256,130,126
050,05,103,"Arkansas","Ouachita County",3,30,245,120,125
050,05,103,"Arkansas","Ouachita County",3,31,261,123,138
050,05,103,"Arkansas","Ouachita County",3,32,253,129,124
050,05,103,"Arkansas","Ouachita County",3,33,253,129,124
050,05,103,"Arkansas","Ouachita County",3,34,240,115,125
050,05,103,"Arkansas","Ouachita County",3,35,251,131,120
050,05,103,"Arkansas","Ouachita County",3,36,244,117,127
050,05,103,"Arkansas","Ouachita County",3,37,243,121,122
050,05,103,"Arkansas","Ouachita County",3,38,258,127,131
050,05,103,"Arkansas","Ouachita County",3,39,266,127,139
050,05,103,"Arkansas","Ouachita County",3,40,251,122,129
050,05,103,"Arkansas","Ouachita County",3,41,251,120,131
050,05,103,"Arkansas","Ouachita County",3,42,239,115,124
050,05,103,"Arkansas","Ouachita County",3,43,214,91,123
050,05,103,"Arkansas","Ouachita County",3,44,229,98,131
050,05,103,"Arkansas","Ouachita County",3,45,225,113,112
050,05,103,"Arkansas","Ouachita County",3,46,237,118,119
050,05,103,"Arkansas","Ouachita County",3,47,242,113,129
050,05,103,"Arkansas","Ouachita County",3,48,258,123,135
050,05,103,"Arkansas","Ouachita County",3,49,273,137,136
050,05,103,"Arkansas","Ouachita County",3,50,303,147,156
050,05,103,"Arkansas","Ouachita County",3,51,265,130,135
050,05,103,"Arkansas","Ouachita County",3,52,262,120,142
050,05,103,"Arkansas","Ouachita County",3,53,269,119,150
050,05,103,"Arkansas","Ouachita County",3,54,259,124,135
050,05,103,"Arkansas","Ouachita County",3,55,269,132,137
050,05,103,"Arkansas","Ouachita County",3,56,309,150,159
050,05,103,"Arkansas","Ouachita County",3,57,328,160,168
050,05,103,"Arkansas","Ouachita County",3,58,346,173,173
050,05,103,"Arkansas","Ouachita County",3,59,337,165,172
050,05,103,"Arkansas","Ouachita County",3,60,367,175,192
050,05,103,"Arkansas","Ouachita County",3,61,359,176,183
050,05,103,"Arkansas","Ouachita County",3,62,358,176,182
050,05,103,"Arkansas","Ouachita County",3,63,363,164,199
050,05,103,"Arkansas","Ouachita County",3,64,352,166,186
050,05,103,"Arkansas","Ouachita County",3,65,326,156,170
050,05,103,"Arkansas","Ouachita County",3,66,339,147,192
050,05,103,"Arkansas","Ouachita County",3,67,337,150,187
050,05,103,"Arkansas","Ouachita County",3,68,307,142,165
050,05,103,"Arkansas","Ouachita County",3,69,299,138,161
050,05,103,"Arkansas","Ouachita County",3,70,281,127,154
050,05,103,"Arkansas","Ouachita County",3,71,284,138,146
050,05,103,"Arkansas","Ouachita County",3,72,274,128,146
050,05,103,"Arkansas","Ouachita County",3,73,236,110,126
050,05,103,"Arkansas","Ouachita County",3,74,217,96,121
050,05,103,"Arkansas","Ouachita County",3,75,158,67,91
050,05,103,"Arkansas","Ouachita County",3,76,170,75,95
050,05,103,"Arkansas","Ouachita County",3,77,160,68,92
050,05,103,"Arkansas","Ouachita County",3,78,165,79,86
050,05,103,"Arkansas","Ouachita County",3,79,123,56,67
050,05,103,"Arkansas","Ouachita County",3,80,122,52,70
050,05,103,"Arkansas","Ouachita County",3,81,112,45,67
050,05,103,"Arkansas","Ouachita County",3,82,98,47,51
050,05,103,"Arkansas","Ouachita County",3,83,100,36,64
050,05,103,"Arkansas","Ouachita County",3,84,77,30,47
050,05,103,"Arkansas","Ouachita County",3,85,527,167,360
050,05,103,"Arkansas","Ouachita County",4,0,247,122,125
050,05,103,"Arkansas","Ouachita County",4,1,245,132,113
050,05,103,"Arkansas","Ouachita County",4,2,252,136,116
050,05,103,"Arkansas","Ouachita County",4,3,250,123,127
050,05,103,"Arkansas","Ouachita County",4,4,246,123,123
050,05,103,"Arkansas","Ouachita County",4,5,242,124,118
050,05,103,"Arkansas","Ouachita County",4,6,252,137,115
050,05,103,"Arkansas","Ouachita County",4,7,258,134,124
050,05,103,"Arkansas","Ouachita County",4,8,260,132,128
050,05,103,"Arkansas","Ouachita County",4,9,233,112,121
050,05,103,"Arkansas","Ouachita County",4,10,271,121,150
050,05,103,"Arkansas","Ouachita County",4,11,287,140,147
050,05,103,"Arkansas","Ouachita County",4,12,287,143,144
050,05,103,"Arkansas","Ouachita County",4,13,286,145,141
050,05,103,"Arkansas","Ouachita County",4,14,310,162,148
050,05,103,"Arkansas","Ouachita County",4,15,338,160,178
050,05,103,"Arkansas","Ouachita County",4,16,326,170,156
050,05,103,"Arkansas","Ouachita County",4,17,324,171,153
050,05,103,"Arkansas","Ouachita County",4,18,256,136,120
050,05,103,"Arkansas","Ouachita County",4,19,196,105,91
050,05,103,"Arkansas","Ouachita County",4,20,207,117,90
050,05,103,"Arkansas","Ouachita County",4,21,233,127,106
050,05,103,"Arkansas","Ouachita County",4,22,226,117,109
050,05,103,"Arkansas","Ouachita County",4,23,235,132,103
050,05,103,"Arkansas","Ouachita County",4,24,243,123,120
050,05,103,"Arkansas","Ouachita County",4,25,250,119,131
050,05,103,"Arkansas","Ouachita County",4,26,251,124,127
050,05,103,"Arkansas","Ouachita County",4,27,260,128,132
050,05,103,"Arkansas","Ouachita County",4,28,240,129,111
050,05,103,"Arkansas","Ouachita County",4,29,268,155,113
050,05,103,"Arkansas","Ouachita County",4,30,239,117,122
050,05,103,"Arkansas","Ouachita County",4,31,241,125,116
050,05,103,"Arkansas","Ouachita County",4,32,271,132,139
050,05,103,"Arkansas","Ouachita County",4,33,247,126,121
050,05,103,"Arkansas","Ouachita County",4,34,235,120,115
050,05,103,"Arkansas","Ouachita County",4,35,260,131,129
050,05,103,"Arkansas","Ouachita County",4,36,241,117,124
050,05,103,"Arkansas","Ouachita County",4,37,240,116,124
050,05,103,"Arkansas","Ouachita County",4,38,244,123,121
050,05,103,"Arkansas","Ouachita County",4,39,259,128,131
050,05,103,"Arkansas","Ouachita County",4,40,262,131,131
050,05,103,"Arkansas","Ouachita County",4,41,240,109,131
050,05,103,"Arkansas","Ouachita County",4,42,249,115,134
050,05,103,"Arkansas","Ouachita County",4,43,233,109,124
050,05,103,"Arkansas","Ouachita County",4,44,214,91,123
050,05,103,"Arkansas","Ouachita County",4,45,236,105,131
050,05,103,"Arkansas","Ouachita County",4,46,223,110,113
050,05,103,"Arkansas","Ouachita County",4,47,241,125,116
050,05,103,"Arkansas","Ouachita County",4,48,243,114,129
050,05,103,"Arkansas","Ouachita County",4,49,267,125,142
050,05,103,"Arkansas","Ouachita County",4,50,270,135,135
050,05,103,"Arkansas","Ouachita County",4,51,289,139,150
050,05,103,"Arkansas","Ouachita County",4,52,268,133,135
050,05,103,"Arkansas","Ouachita County",4,53,262,125,137
050,05,103,"Arkansas","Ouachita County",4,54,264,113,151
050,05,103,"Arkansas","Ouachita County",4,55,260,121,139
050,05,103,"Arkansas","Ouachita County",4,56,271,133,138
050,05,103,"Arkansas","Ouachita County",4,57,302,146,156
050,05,103,"Arkansas","Ouachita County",4,58,322,157,165
050,05,103,"Arkansas","Ouachita County",4,59,326,160,166
050,05,103,"Arkansas","Ouachita County",4,60,341,167,174
050,05,103,"Arkansas","Ouachita County",4,61,358,173,185
050,05,103,"Arkansas","Ouachita County",4,62,358,175,183
050,05,103,"Arkansas","Ouachita County",4,63,346,172,174
050,05,103,"Arkansas","Ouachita County",4,64,357,160,197
050,05,103,"Arkansas","Ouachita County",4,65,345,165,180
050,05,103,"Arkansas","Ouachita County",4,66,315,147,168
050,05,103,"Arkansas","Ouachita County",4,67,335,146,189
050,05,103,"Arkansas","Ouachita County",4,68,326,145,181
050,05,103,"Arkansas","Ouachita County",4,69,299,136,163
050,05,103,"Arkansas","Ouachita County",4,70,283,130,153
050,05,103,"Arkansas","Ouachita County",4,71,269,122,147
050,05,103,"Arkansas","Ouachita County",4,72,267,129,138
050,05,103,"Arkansas","Ouachita County",4,73,259,125,134
050,05,103,"Arkansas","Ouachita County",4,74,227,104,123
050,05,103,"Arkansas","Ouachita County",4,75,195,84,111
050,05,103,"Arkansas","Ouachita County",4,76,152,65,87
050,05,103,"Arkansas","Ouachita County",4,77,152,67,85
050,05,103,"Arkansas","Ouachita County",4,78,149,62,87
050,05,103,"Arkansas","Ouachita County",4,79,151,75,76
050,05,103,"Arkansas","Ouachita County",4,80,114,52,62
050,05,103,"Arkansas","Ouachita County",4,81,111,40,71
050,05,103,"Arkansas","Ouachita County",4,82,104,48,56
050,05,103,"Arkansas","Ouachita County",4,83,85,39,46
050,05,103,"Arkansas","Ouachita County",4,84,88,31,57
050,05,103,"Arkansas","Ouachita County",4,85,510,169,341
050,05,103,"Arkansas","Ouachita County",5,0,245,124,121
050,05,103,"Arkansas","Ouachita County",5,1,251,118,133
050,05,103,"Arkansas","Ouachita County",5,2,252,130,122
050,05,103,"Arkansas","Ouachita County",5,3,246,133,113
050,05,103,"Arkansas","Ouachita County",5,4,241,119,122
050,05,103,"Arkansas","Ouachita County",5,5,250,125,125
050,05,103,"Arkansas","Ouachita County",5,6,241,128,113
050,05,103,"Arkansas","Ouachita County",5,7,258,134,124
050,05,103,"Arkansas","Ouachita County",5,8,259,133,126
050,05,103,"Arkansas","Ouachita County",5,9,263,137,126
050,05,103,"Arkansas","Ouachita County",5,10,233,112,121
050,05,103,"Arkansas","Ouachita County",5,11,276,132,144
050,05,103,"Arkansas","Ouachita County",5,12,281,135,146
050,05,103,"Arkansas","Ouachita County",5,13,292,144,148
050,05,103,"Arkansas","Ouachita County",5,14,289,143,146
050,05,103,"Arkansas","Ouachita County",5,15,304,159,145
050,05,103,"Arkansas","Ouachita County",5,16,336,155,181
050,05,103,"Arkansas","Ouachita County",5,17,328,173,155
050,05,103,"Arkansas","Ouachita County",5,18,274,154,120
050,05,103,"Arkansas","Ouachita County",5,19,215,118,97
050,05,103,"Arkansas","Ouachita County",5,20,207,109,98
050,05,103,"Arkansas","Ouachita County",5,21,207,109,98
050,05,103,"Arkansas","Ouachita County",5,22,235,123,112
050,05,103,"Arkansas","Ouachita County",5,23,217,119,98
050,05,103,"Arkansas","Ouachita County",5,24,222,123,99
050,05,103,"Arkansas","Ouachita County",5,25,256,130,126
050,05,103,"Arkansas","Ouachita County",5,26,256,131,125
050,05,103,"Arkansas","Ouachita County",5,27,237,109,128
050,05,103,"Arkansas","Ouachita County",5,28,251,126,125
050,05,103,"Arkansas","Ouachita County",5,29,244,133,111
050,05,103,"Arkansas","Ouachita County",5,30,253,137,116
050,05,103,"Arkansas","Ouachita County",5,31,247,125,122
050,05,103,"Arkansas","Ouachita County",5,32,249,130,119
050,05,103,"Arkansas","Ouachita County",5,33,260,121,139
050,05,103,"Arkansas","Ouachita County",5,34,250,119,131
050,05,103,"Arkansas","Ouachita County",5,35,243,130,113
050,05,103,"Arkansas","Ouachita County",5,36,234,109,125
050,05,103,"Arkansas","Ouachita County",5,37,243,118,125
050,05,103,"Arkansas","Ouachita County",5,38,255,131,124
050,05,103,"Arkansas","Ouachita County",5,39,245,123,122
050,05,103,"Arkansas","Ouachita County",5,40,259,130,129
050,05,103,"Arkansas","Ouachita County",5,41,262,127,135
050,05,103,"Arkansas","Ouachita County",5,42,240,103,137
050,05,103,"Arkansas","Ouachita County",5,43,244,111,133
050,05,103,"Arkansas","Ouachita County",5,44,238,112,126
050,05,103,"Arkansas","Ouachita County",5,45,216,90,126
050,05,103,"Arkansas","Ouachita County",5,46,228,105,123
050,05,103,"Arkansas","Ouachita County",5,47,217,104,113
050,05,103,"Arkansas","Ouachita County",5,48,236,118,118
050,05,103,"Arkansas","Ouachita County",5,49,239,114,125
050,05,103,"Arkansas","Ouachita County",5,50,265,131,134
050,05,103,"Arkansas","Ouachita County",5,51,270,134,136
050,05,103,"Arkansas","Ouachita County",5,52,286,139,147
050,05,103,"Arkansas","Ouachita County",5,53,266,132,134
050,05,103,"Arkansas","Ouachita County",5,54,260,122,138
050,05,103,"Arkansas","Ouachita County",5,55,259,109,150
050,05,103,"Arkansas","Ouachita County",5,56,265,124,141
050,05,103,"Arkansas","Ouachita County",5,57,268,133,135
050,05,103,"Arkansas","Ouachita County",5,58,308,152,156
050,05,103,"Arkansas","Ouachita County",5,59,308,149,159
050,05,103,"Arkansas","Ouachita County",5,60,328,164,164
050,05,103,"Arkansas","Ouachita County",5,61,336,169,167
050,05,103,"Arkansas","Ouachita County",5,62,349,166,183
050,05,103,"Arkansas","Ouachita County",5,63,354,171,183
050,05,103,"Arkansas","Ouachita County",5,64,344,175,169
050,05,103,"Arkansas","Ouachita County",5,65,351,163,188
050,05,103,"Arkansas","Ouachita County",5,66,335,157,178
050,05,103,"Arkansas","Ouachita County",5,67,311,145,166
050,05,103,"Arkansas","Ouachita County",5,68,324,135,189
050,05,103,"Arkansas","Ouachita County",5,69,314,139,175
050,05,103,"Arkansas","Ouachita County",5,70,284,128,156
050,05,103,"Arkansas","Ouachita County",5,71,274,125,149
050,05,103,"Arkansas","Ouachita County",5,72,258,112,146
050,05,103,"Arkansas","Ouachita County",5,73,247,122,125
050,05,103,"Arkansas","Ouachita County",5,74,247,121,126
050,05,103,"Arkansas","Ouachita County",5,75,204,94,110
050,05,103,"Arkansas","Ouachita County",5,76,192,86,106
050,05,103,"Arkansas","Ouachita County",5,77,141,58,83
050,05,103,"Arkansas","Ouachita County",5,78,143,64,79
050,05,103,"Arkansas","Ouachita County",5,79,134,56,78
050,05,103,"Arkansas","Ouachita County",5,80,144,72,72
050,05,103,"Arkansas","Ouachita County",5,81,105,44,61
050,05,103,"Arkansas","Ouachita County",5,82,103,42,61
050,05,103,"Arkansas","Ouachita County",5,83,101,43,58
050,05,103,"Arkansas","Ouachita County",5,84,71,33,38
050,05,103,"Arkansas","Ouachita County",5,85,520,179,341
050,05,105,"Arkansas","Perry County",1,0,90,45,45
050,05,105,"Arkansas","Perry County",1,1,97,43,54
050,05,105,"Arkansas","Perry County",1,2,112,54,58
050,05,105,"Arkansas","Perry County",1,3,125,66,59
050,05,105,"Arkansas","Perry County",1,4,120,59,61
050,05,105,"Arkansas","Perry County",1,5,126,69,57
050,05,105,"Arkansas","Perry County",1,6,110,52,58
050,05,105,"Arkansas","Perry County",1,7,116,60,56
050,05,105,"Arkansas","Perry County",1,8,115,58,57
050,05,105,"Arkansas","Perry County",1,9,109,59,50
050,05,105,"Arkansas","Perry County",1,10,131,69,62
050,05,105,"Arkansas","Perry County",1,11,148,77,71
050,05,105,"Arkansas","Perry County",1,12,157,81,76
050,05,105,"Arkansas","Perry County",1,13,134,65,69
050,05,105,"Arkansas","Perry County",1,14,120,65,55
050,05,105,"Arkansas","Perry County",1,15,131,66,65
050,05,105,"Arkansas","Perry County",1,16,127,58,69
050,05,105,"Arkansas","Perry County",1,17,130,61,69
050,05,105,"Arkansas","Perry County",1,18,107,57,50
050,05,105,"Arkansas","Perry County",1,19,81,42,39
050,05,105,"Arkansas","Perry County",1,20,92,43,49
050,05,105,"Arkansas","Perry County",1,21,102,49,53
050,05,105,"Arkansas","Perry County",1,22,95,48,47
050,05,105,"Arkansas","Perry County",1,23,118,63,55
050,05,105,"Arkansas","Perry County",1,24,123,71,52
050,05,105,"Arkansas","Perry County",1,25,103,49,54
050,05,105,"Arkansas","Perry County",1,26,107,48,59
050,05,105,"Arkansas","Perry County",1,27,90,48,42
050,05,105,"Arkansas","Perry County",1,28,102,60,42
050,05,105,"Arkansas","Perry County",1,29,109,60,49
050,05,105,"Arkansas","Perry County",1,30,116,58,58
050,05,105,"Arkansas","Perry County",1,31,97,45,52
050,05,105,"Arkansas","Perry County",1,32,121,58,63
050,05,105,"Arkansas","Perry County",1,33,109,58,51
050,05,105,"Arkansas","Perry County",1,34,103,52,51
050,05,105,"Arkansas","Perry County",1,35,114,57,57
050,05,105,"Arkansas","Perry County",1,36,118,59,59
050,05,105,"Arkansas","Perry County",1,37,112,56,56
050,05,105,"Arkansas","Perry County",1,38,116,58,58
050,05,105,"Arkansas","Perry County",1,39,109,58,51
050,05,105,"Arkansas","Perry County",1,40,103,56,47
050,05,105,"Arkansas","Perry County",1,41,127,66,61
050,05,105,"Arkansas","Perry County",1,42,124,65,59
050,05,105,"Arkansas","Perry County",1,43,110,55,55
050,05,105,"Arkansas","Perry County",1,44,114,55,59
050,05,105,"Arkansas","Perry County",1,45,117,63,54
050,05,105,"Arkansas","Perry County",1,46,122,64,58
050,05,105,"Arkansas","Perry County",1,47,129,70,59
050,05,105,"Arkansas","Perry County",1,48,121,60,61
050,05,105,"Arkansas","Perry County",1,49,152,83,69
050,05,105,"Arkansas","Perry County",1,50,154,73,81
050,05,105,"Arkansas","Perry County",1,51,141,70,71
050,05,105,"Arkansas","Perry County",1,52,130,70,60
050,05,105,"Arkansas","Perry County",1,53,140,78,62
050,05,105,"Arkansas","Perry County",1,54,143,75,68
050,05,105,"Arkansas","Perry County",1,55,160,78,82
050,05,105,"Arkansas","Perry County",1,56,146,70,76
050,05,105,"Arkansas","Perry County",1,57,146,73,73
050,05,105,"Arkansas","Perry County",1,58,143,75,68
050,05,105,"Arkansas","Perry County",1,59,157,79,78
050,05,105,"Arkansas","Perry County",1,60,173,84,89
050,05,105,"Arkansas","Perry County",1,61,147,70,77
050,05,105,"Arkansas","Perry County",1,62,161,79,82
050,05,105,"Arkansas","Perry County",1,63,141,70,71
050,05,105,"Arkansas","Perry County",1,64,131,61,70
050,05,105,"Arkansas","Perry County",1,65,128,65,63
050,05,105,"Arkansas","Perry County",1,66,139,69,70
050,05,105,"Arkansas","Perry County",1,67,150,72,78
050,05,105,"Arkansas","Perry County",1,68,131,63,68
050,05,105,"Arkansas","Perry County",1,69,122,57,65
050,05,105,"Arkansas","Perry County",1,70,110,46,64
050,05,105,"Arkansas","Perry County",1,71,107,48,59
050,05,105,"Arkansas","Perry County",1,72,111,58,53
050,05,105,"Arkansas","Perry County",1,73,124,61,63
050,05,105,"Arkansas","Perry County",1,74,89,47,42
050,05,105,"Arkansas","Perry County",1,75,90,44,46
050,05,105,"Arkansas","Perry County",1,76,89,44,45
050,05,105,"Arkansas","Perry County",1,77,84,41,43
050,05,105,"Arkansas","Perry County",1,78,74,35,39
050,05,105,"Arkansas","Perry County",1,79,63,32,31
050,05,105,"Arkansas","Perry County",1,80,49,25,24
050,05,105,"Arkansas","Perry County",1,81,44,25,19
050,05,105,"Arkansas","Perry County",1,82,58,30,28
050,05,105,"Arkansas","Perry County",1,83,47,27,20
050,05,105,"Arkansas","Perry County",1,84,37,16,21
050,05,105,"Arkansas","Perry County",1,85,198,75,123
050,05,105,"Arkansas","Perry County",2,0,92,41,51
050,05,105,"Arkansas","Perry County",2,1,92,43,49
050,05,105,"Arkansas","Perry County",2,2,107,51,56
050,05,105,"Arkansas","Perry County",2,3,123,64,59
050,05,105,"Arkansas","Perry County",2,4,122,62,60
050,05,105,"Arkansas","Perry County",2,5,124,65,59
050,05,105,"Arkansas","Perry County",2,6,114,56,58
050,05,105,"Arkansas","Perry County",2,7,115,58,57
050,05,105,"Arkansas","Perry County",2,8,114,58,56
050,05,105,"Arkansas","Perry County",2,9,113,60,53
050,05,105,"Arkansas","Perry County",2,10,123,65,58
050,05,105,"Arkansas","Perry County",2,11,143,75,68
050,05,105,"Arkansas","Perry County",2,12,154,80,74
050,05,105,"Arkansas","Perry County",2,13,138,69,69
050,05,105,"Arkansas","Perry County",2,14,120,64,56
050,05,105,"Arkansas","Perry County",2,15,128,66,62
050,05,105,"Arkansas","Perry County",2,16,128,60,68
050,05,105,"Arkansas","Perry County",2,17,127,60,67
050,05,105,"Arkansas","Perry County",2,18,106,55,51
050,05,105,"Arkansas","Perry County",2,19,83,43,40
050,05,105,"Arkansas","Perry County",2,20,94,45,49
050,05,105,"Arkansas","Perry County",2,21,98,46,52
050,05,105,"Arkansas","Perry County",2,22,96,47,49
050,05,105,"Arkansas","Perry County",2,23,115,62,53
050,05,105,"Arkansas","Perry County",2,24,122,68,54
050,05,105,"Arkansas","Perry County",2,25,107,55,52
050,05,105,"Arkansas","Perry County",2,26,105,48,57
050,05,105,"Arkansas","Perry County",2,27,96,48,48
050,05,105,"Arkansas","Perry County",2,28,99,58,41
050,05,105,"Arkansas","Perry County",2,29,106,59,47
050,05,105,"Arkansas","Perry County",2,30,116,59,57
050,05,105,"Arkansas","Perry County",2,31,101,47,54
050,05,105,"Arkansas","Perry County",2,32,114,54,60
050,05,105,"Arkansas","Perry County",2,33,111,58,53
050,05,105,"Arkansas","Perry County",2,34,104,53,51
050,05,105,"Arkansas","Perry County",2,35,113,56,57
050,05,105,"Arkansas","Perry County",2,36,116,59,57
050,05,105,"Arkansas","Perry County",2,37,115,57,58
050,05,105,"Arkansas","Perry County",2,38,116,59,57
050,05,105,"Arkansas","Perry County",2,39,112,60,52
050,05,105,"Arkansas","Perry County",2,40,106,57,49
050,05,105,"Arkansas","Perry County",2,41,122,64,58
050,05,105,"Arkansas","Perry County",2,42,123,64,59
050,05,105,"Arkansas","Perry County",2,43,114,58,56
050,05,105,"Arkansas","Perry County",2,44,112,54,58
050,05,105,"Arkansas","Perry County",2,45,117,62,55
050,05,105,"Arkansas","Perry County",2,46,120,63,57
050,05,105,"Arkansas","Perry County",2,47,125,67,58
050,05,105,"Arkansas","Perry County",2,48,123,63,60
050,05,105,"Arkansas","Perry County",2,49,147,79,68
050,05,105,"Arkansas","Perry County",2,50,154,76,78
050,05,105,"Arkansas","Perry County",2,51,143,70,73
050,05,105,"Arkansas","Perry County",2,52,132,70,62
050,05,105,"Arkansas","Perry County",2,53,135,73,62
050,05,105,"Arkansas","Perry County",2,54,143,77,66
050,05,105,"Arkansas","Perry County",2,55,155,77,78
050,05,105,"Arkansas","Perry County",2,56,152,74,78
050,05,105,"Arkansas","Perry County",2,57,148,73,75
050,05,105,"Arkansas","Perry County",2,58,143,74,69
050,05,105,"Arkansas","Perry County",2,59,155,78,77
050,05,105,"Arkansas","Perry County",2,60,170,83,87
050,05,105,"Arkansas","Perry County",2,61,154,74,80
050,05,105,"Arkansas","Perry County",2,62,159,78,81
050,05,105,"Arkansas","Perry County",2,63,147,72,75
050,05,105,"Arkansas","Perry County",2,64,130,62,68
050,05,105,"Arkansas","Perry County",2,65,128,65,63
050,05,105,"Arkansas","Perry County",2,66,136,68,68
050,05,105,"Arkansas","Perry County",2,67,144,71,73
050,05,105,"Arkansas","Perry County",2,68,134,64,70
050,05,105,"Arkansas","Perry County",2,69,125,59,66
050,05,105,"Arkansas","Perry County",2,70,112,48,64
050,05,105,"Arkansas","Perry County",2,71,108,48,60
050,05,105,"Arkansas","Perry County",2,72,108,54,54
050,05,105,"Arkansas","Perry County",2,73,128,64,64
050,05,105,"Arkansas","Perry County",2,74,89,46,43
050,05,105,"Arkansas","Perry County",2,75,90,46,44
050,05,105,"Arkansas","Perry County",2,76,88,43,45
050,05,105,"Arkansas","Perry County",2,77,84,42,42
050,05,105,"Arkansas","Perry County",2,78,77,36,41
050,05,105,"Arkansas","Perry County",2,79,65,33,32
050,05,105,"Arkansas","Perry County",2,80,50,25,25
050,05,105,"Arkansas","Perry County",2,81,43,23,20
050,05,105,"Arkansas","Perry County",2,82,55,29,26
050,05,105,"Arkansas","Perry County",2,83,48,27,21
050,05,105,"Arkansas","Perry County",2,84,39,18,21
050,05,105,"Arkansas","Perry County",2,85,195,73,122
050,05,105,"Arkansas","Perry County",3,0,84,49,35
050,05,105,"Arkansas","Perry County",3,1,85,41,44
050,05,105,"Arkansas","Perry County",3,2,92,46,46
050,05,105,"Arkansas","Perry County",3,3,114,58,56
050,05,105,"Arkansas","Perry County",3,4,126,66,60
050,05,105,"Arkansas","Perry County",3,5,123,62,61
050,05,105,"Arkansas","Perry County",3,6,133,67,66
050,05,105,"Arkansas","Perry County",3,7,113,55,58
050,05,105,"Arkansas","Perry County",3,8,114,59,55
050,05,105,"Arkansas","Perry County",3,9,117,60,57
050,05,105,"Arkansas","Perry County",3,10,114,59,55
050,05,105,"Arkansas","Perry County",3,11,123,69,54
050,05,105,"Arkansas","Perry County",3,12,135,66,69
050,05,105,"Arkansas","Perry County",3,13,150,81,69
050,05,105,"Arkansas","Perry County",3,14,139,73,66
050,05,105,"Arkansas","Perry County",3,15,118,63,55
050,05,105,"Arkansas","Perry County",3,16,132,64,68
050,05,105,"Arkansas","Perry County",3,17,133,66,67
050,05,105,"Arkansas","Perry County",3,18,109,56,53
050,05,105,"Arkansas","Perry County",3,19,87,43,44
050,05,105,"Arkansas","Perry County",3,20,88,48,40
050,05,105,"Arkansas","Perry County",3,21,95,46,49
050,05,105,"Arkansas","Perry County",3,22,103,49,54
050,05,105,"Arkansas","Perry County",3,23,95,53,42
050,05,105,"Arkansas","Perry County",3,24,109,58,51
050,05,105,"Arkansas","Perry County",3,25,120,63,57
050,05,105,"Arkansas","Perry County",3,26,112,57,55
050,05,105,"Arkansas","Perry County",3,27,102,47,55
050,05,105,"Arkansas","Perry County",3,28,108,52,56
050,05,105,"Arkansas","Perry County",3,29,101,54,47
050,05,105,"Arkansas","Perry County",3,30,105,58,47
050,05,105,"Arkansas","Perry County",3,31,109,56,53
050,05,105,"Arkansas","Perry County",3,32,107,53,54
050,05,105,"Arkansas","Perry County",3,33,108,54,54
050,05,105,"Arkansas","Perry County",3,34,107,57,50
050,05,105,"Arkansas","Perry County",3,35,105,53,52
050,05,105,"Arkansas","Perry County",3,36,124,62,62
050,05,105,"Arkansas","Perry County",3,37,112,58,54
050,05,105,"Arkansas","Perry County",3,38,107,54,53
050,05,105,"Arkansas","Perry County",3,39,117,59,58
050,05,105,"Arkansas","Perry County",3,40,109,57,52
050,05,105,"Arkansas","Perry County",3,41,107,57,50
050,05,105,"Arkansas","Perry County",3,42,118,62,56
050,05,105,"Arkansas","Perry County",3,43,119,59,60
050,05,105,"Arkansas","Perry County",3,44,112,56,56
050,05,105,"Arkansas","Perry County",3,45,105,50,55
050,05,105,"Arkansas","Perry County",3,46,115,64,51
050,05,105,"Arkansas","Perry County",3,47,125,70,55
050,05,105,"Arkansas","Perry County",3,48,122,62,60
050,05,105,"Arkansas","Perry County",3,49,127,63,64
050,05,105,"Arkansas","Perry County",3,50,151,83,68
050,05,105,"Arkansas","Perry County",3,51,155,78,77
050,05,105,"Arkansas","Perry County",3,52,151,75,76
050,05,105,"Arkansas","Perry County",3,53,133,72,61
050,05,105,"Arkansas","Perry County",3,54,138,73,65
050,05,105,"Arkansas","Perry County",3,55,139,73,66
050,05,105,"Arkansas","Perry County",3,56,161,82,79
050,05,105,"Arkansas","Perry County",3,57,155,76,79
050,05,105,"Arkansas","Perry County",3,58,145,70,75
050,05,105,"Arkansas","Perry County",3,59,150,74,76
050,05,105,"Arkansas","Perry County",3,60,165,79,86
050,05,105,"Arkansas","Perry County",3,61,172,84,88
050,05,105,"Arkansas","Perry County",3,62,155,78,77
050,05,105,"Arkansas","Perry County",3,63,157,80,77
050,05,105,"Arkansas","Perry County",3,64,139,66,73
050,05,105,"Arkansas","Perry County",3,65,129,61,68
050,05,105,"Arkansas","Perry County",3,66,125,65,60
050,05,105,"Arkansas","Perry County",3,67,135,68,67
050,05,105,"Arkansas","Perry County",3,68,143,70,73
050,05,105,"Arkansas","Perry County",3,69,131,62,69
050,05,105,"Arkansas","Perry County",3,70,126,62,64
050,05,105,"Arkansas","Perry County",3,71,112,51,61
050,05,105,"Arkansas","Perry County",3,72,104,47,57
050,05,105,"Arkansas","Perry County",3,73,109,53,56
050,05,105,"Arkansas","Perry County",3,74,128,65,63
050,05,105,"Arkansas","Perry County",3,75,86,43,43
050,05,105,"Arkansas","Perry County",3,76,87,44,43
050,05,105,"Arkansas","Perry County",3,77,81,39,42
050,05,105,"Arkansas","Perry County",3,78,80,39,41
050,05,105,"Arkansas","Perry County",3,79,69,35,34
050,05,105,"Arkansas","Perry County",3,80,63,33,30
050,05,105,"Arkansas","Perry County",3,81,48,23,25
050,05,105,"Arkansas","Perry County",3,82,42,20,22
050,05,105,"Arkansas","Perry County",3,83,51,28,23
050,05,105,"Arkansas","Perry County",3,84,45,23,22
050,05,105,"Arkansas","Perry County",3,85,201,77,124
050,05,105,"Arkansas","Perry County",4,0,98,58,40
050,05,105,"Arkansas","Perry County",4,1,85,50,35
050,05,105,"Arkansas","Perry County",4,2,98,51,47
050,05,105,"Arkansas","Perry County",4,3,89,45,44
050,05,105,"Arkansas","Perry County",4,4,113,58,55
050,05,105,"Arkansas","Perry County",4,5,136,68,68
050,05,105,"Arkansas","Perry County",4,6,120,58,62
050,05,105,"Arkansas","Perry County",4,7,137,68,69
050,05,105,"Arkansas","Perry County",4,8,112,61,51
050,05,105,"Arkansas","Perry County",4,9,122,69,53
050,05,105,"Arkansas","Perry County",4,10,124,63,61
050,05,105,"Arkansas","Perry County",4,11,108,55,53
050,05,105,"Arkansas","Perry County",4,12,133,71,62
050,05,105,"Arkansas","Perry County",4,13,134,65,69
050,05,105,"Arkansas","Perry County",4,14,148,82,66
050,05,105,"Arkansas","Perry County",4,15,137,74,63
050,05,105,"Arkansas","Perry County",4,16,118,62,56
050,05,105,"Arkansas","Perry County",4,17,136,70,66
050,05,105,"Arkansas","Perry County",4,18,108,54,54
050,05,105,"Arkansas","Perry County",4,19,86,43,43
050,05,105,"Arkansas","Perry County",4,20,105,49,56
050,05,105,"Arkansas","Perry County",4,21,97,52,45
050,05,105,"Arkansas","Perry County",4,22,110,49,61
050,05,105,"Arkansas","Perry County",4,23,105,54,51
050,05,105,"Arkansas","Perry County",4,24,96,51,45
050,05,105,"Arkansas","Perry County",4,25,98,53,45
050,05,105,"Arkansas","Perry County",4,26,121,67,54
050,05,105,"Arkansas","Perry County",4,27,116,59,57
050,05,105,"Arkansas","Perry County",4,28,103,44,59
050,05,105,"Arkansas","Perry County",4,29,113,55,58
050,05,105,"Arkansas","Perry County",4,30,109,65,44
050,05,105,"Arkansas","Perry County",4,31,112,58,54
050,05,105,"Arkansas","Perry County",4,32,114,58,56
050,05,105,"Arkansas","Perry County",4,33,113,57,56
050,05,105,"Arkansas","Perry County",4,34,117,56,61
050,05,105,"Arkansas","Perry County",4,35,112,56,56
050,05,105,"Arkansas","Perry County",4,36,104,51,53
050,05,105,"Arkansas","Perry County",4,37,115,57,58
050,05,105,"Arkansas","Perry County",4,38,109,55,54
050,05,105,"Arkansas","Perry County",4,39,111,55,56
050,05,105,"Arkansas","Perry County",4,40,117,58,59
050,05,105,"Arkansas","Perry County",4,41,112,60,52
050,05,105,"Arkansas","Perry County",4,42,107,59,48
050,05,105,"Arkansas","Perry County",4,43,113,58,55
050,05,105,"Arkansas","Perry County",4,44,115,59,56
050,05,105,"Arkansas","Perry County",4,45,108,54,54
050,05,105,"Arkansas","Perry County",4,46,109,53,56
050,05,105,"Arkansas","Perry County",4,47,111,64,47
050,05,105,"Arkansas","Perry County",4,48,129,73,56
050,05,105,"Arkansas","Perry County",4,49,126,62,64
050,05,105,"Arkansas","Perry County",4,50,131,61,70
050,05,105,"Arkansas","Perry County",4,51,151,82,69
050,05,105,"Arkansas","Perry County",4,52,160,79,81
050,05,105,"Arkansas","Perry County",4,53,153,74,79
050,05,105,"Arkansas","Perry County",4,54,132,72,60
050,05,105,"Arkansas","Perry County",4,55,135,70,65
050,05,105,"Arkansas","Perry County",4,56,146,82,64
050,05,105,"Arkansas","Perry County",4,57,170,84,86
050,05,105,"Arkansas","Perry County",4,58,152,71,81
050,05,105,"Arkansas","Perry County",4,59,150,72,78
050,05,105,"Arkansas","Perry County",4,60,158,78,80
050,05,105,"Arkansas","Perry County",4,61,149,71,78
050,05,105,"Arkansas","Perry County",4,62,172,86,86
050,05,105,"Arkansas","Perry County",4,63,152,74,78
050,05,105,"Arkansas","Perry County",4,64,152,75,77
050,05,105,"Arkansas","Perry County",4,65,144,71,73
050,05,105,"Arkansas","Perry County",4,66,135,67,68
050,05,105,"Arkansas","Perry County",4,67,129,65,64
050,05,105,"Arkansas","Perry County",4,68,133,67,66
050,05,105,"Arkansas","Perry County",4,69,137,70,67
050,05,105,"Arkansas","Perry County",4,70,131,62,69
050,05,105,"Arkansas","Perry County",4,71,117,58,59
050,05,105,"Arkansas","Perry County",4,72,109,50,59
050,05,105,"Arkansas","Perry County",4,73,103,46,57
050,05,105,"Arkansas","Perry County",4,74,110,56,54
050,05,105,"Arkansas","Perry County",4,75,124,64,60
050,05,105,"Arkansas","Perry County",4,76,83,41,42
050,05,105,"Arkansas","Perry County",4,77,90,46,44
050,05,105,"Arkansas","Perry County",4,78,74,33,41
050,05,105,"Arkansas","Perry County",4,79,70,35,35
050,05,105,"Arkansas","Perry County",4,80,66,37,29
050,05,105,"Arkansas","Perry County",4,81,57,29,28
050,05,105,"Arkansas","Perry County",4,82,46,21,25
050,05,105,"Arkansas","Perry County",4,83,33,17,16
050,05,105,"Arkansas","Perry County",4,84,46,24,22
050,05,105,"Arkansas","Perry County",4,85,204,82,122
050,05,105,"Arkansas","Perry County",5,0,98,58,40
050,05,105,"Arkansas","Perry County",5,1,110,67,43
050,05,105,"Arkansas","Perry County",5,2,88,54,34
050,05,105,"Arkansas","Perry County",5,3,94,47,47
050,05,105,"Arkansas","Perry County",5,4,96,54,42
050,05,105,"Arkansas","Perry County",5,5,117,63,54
050,05,105,"Arkansas","Perry County",5,6,138,67,71
050,05,105,"Arkansas","Perry County",5,7,128,55,73
050,05,105,"Arkansas","Perry County",5,8,142,73,69
050,05,105,"Arkansas","Perry County",5,9,115,61,54
050,05,105,"Arkansas","Perry County",5,10,117,64,53
050,05,105,"Arkansas","Perry County",5,11,129,69,60
050,05,105,"Arkansas","Perry County",5,12,118,62,56
050,05,105,"Arkansas","Perry County",5,13,135,71,64
050,05,105,"Arkansas","Perry County",5,14,138,68,70
050,05,105,"Arkansas","Perry County",5,15,155,84,71
050,05,105,"Arkansas","Perry County",5,16,132,71,61
050,05,105,"Arkansas","Perry County",5,17,120,66,54
050,05,105,"Arkansas","Perry County",5,18,121,67,54
050,05,105,"Arkansas","Perry County",5,19,90,42,48
050,05,105,"Arkansas","Perry County",5,20,94,49,45
050,05,105,"Arkansas","Perry County",5,21,103,49,54
050,05,105,"Arkansas","Perry County",5,22,98,52,46
050,05,105,"Arkansas","Perry County",5,23,106,49,57
050,05,105,"Arkansas","Perry County",5,24,107,51,56
050,05,105,"Arkansas","Perry County",5,25,99,52,47
050,05,105,"Arkansas","Perry County",5,26,104,57,47
050,05,105,"Arkansas","Perry County",5,27,131,70,61
050,05,105,"Arkansas","Perry County",5,28,119,63,56
050,05,105,"Arkansas","Perry County",5,29,94,40,54
050,05,105,"Arkansas","Perry County",5,30,113,59,54
050,05,105,"Arkansas","Perry County",5,31,102,57,45
050,05,105,"Arkansas","Perry County",5,32,107,55,52
050,05,105,"Arkansas","Perry County",5,33,114,59,55
050,05,105,"Arkansas","Perry County",5,34,121,63,58
050,05,105,"Arkansas","Perry County",5,35,121,57,64
050,05,105,"Arkansas","Perry County",5,36,115,57,58
050,05,105,"Arkansas","Perry County",5,37,108,54,54
050,05,105,"Arkansas","Perry County",5,38,118,62,56
050,05,105,"Arkansas","Perry County",5,39,113,54,59
050,05,105,"Arkansas","Perry County",5,40,109,53,56
050,05,105,"Arkansas","Perry County",5,41,123,62,61
050,05,105,"Arkansas","Perry County",5,42,113,60,53
050,05,105,"Arkansas","Perry County",5,43,118,62,56
050,05,105,"Arkansas","Perry County",5,44,115,55,60
050,05,105,"Arkansas","Perry County",5,45,119,61,58
050,05,105,"Arkansas","Perry County",5,46,110,57,53
050,05,105,"Arkansas","Perry County",5,47,106,51,55
050,05,105,"Arkansas","Perry County",5,48,106,61,45
050,05,105,"Arkansas","Perry County",5,49,125,72,53
050,05,105,"Arkansas","Perry County",5,50,126,67,59
050,05,105,"Arkansas","Perry County",5,51,137,63,74
050,05,105,"Arkansas","Perry County",5,52,154,88,66
050,05,105,"Arkansas","Perry County",5,53,159,76,83
050,05,105,"Arkansas","Perry County",5,54,160,78,82
050,05,105,"Arkansas","Perry County",5,55,139,69,70
050,05,105,"Arkansas","Perry County",5,56,141,74,67
050,05,105,"Arkansas","Perry County",5,57,147,82,65
050,05,105,"Arkansas","Perry County",5,58,168,82,86
050,05,105,"Arkansas","Perry County",5,59,160,73,87
050,05,105,"Arkansas","Perry County",5,60,153,77,76
050,05,105,"Arkansas","Perry County",5,61,158,77,81
050,05,105,"Arkansas","Perry County",5,62,155,77,78
050,05,105,"Arkansas","Perry County",5,63,169,86,83
050,05,105,"Arkansas","Perry County",5,64,145,69,76
050,05,105,"Arkansas","Perry County",5,65,156,76,80
050,05,105,"Arkansas","Perry County",5,66,141,68,73
050,05,105,"Arkansas","Perry County",5,67,137,68,69
050,05,105,"Arkansas","Perry County",5,68,131,65,66
050,05,105,"Arkansas","Perry County",5,69,125,66,59
050,05,105,"Arkansas","Perry County",5,70,137,67,70
050,05,105,"Arkansas","Perry County",5,71,127,54,73
050,05,105,"Arkansas","Perry County",5,72,114,57,57
050,05,105,"Arkansas","Perry County",5,73,108,49,59
050,05,105,"Arkansas","Perry County",5,74,97,45,52
050,05,105,"Arkansas","Perry County",5,75,113,58,55
050,05,105,"Arkansas","Perry County",5,76,118,62,56
050,05,105,"Arkansas","Perry County",5,77,78,40,38
050,05,105,"Arkansas","Perry County",5,78,85,39,46
050,05,105,"Arkansas","Perry County",5,79,68,32,36
050,05,105,"Arkansas","Perry County",5,80,63,33,30
050,05,105,"Arkansas","Perry County",5,81,63,36,27
050,05,105,"Arkansas","Perry County",5,82,58,30,28
050,05,105,"Arkansas","Perry County",5,83,38,19,19
050,05,105,"Arkansas","Perry County",5,84,29,12,17
050,05,105,"Arkansas","Perry County",5,85,215,90,125
050,05,107,"Arkansas","Phillips County",1,0,231,118,113
050,05,107,"Arkansas","Phillips County",1,1,237,127,110
050,05,107,"Arkansas","Phillips County",1,2,255,135,120
050,05,107,"Arkansas","Phillips County",1,3,284,152,132
050,05,107,"Arkansas","Phillips County",1,4,237,117,120
050,05,107,"Arkansas","Phillips County",1,5,228,123,105
050,05,107,"Arkansas","Phillips County",1,6,245,120,125
050,05,107,"Arkansas","Phillips County",1,7,225,118,107
050,05,107,"Arkansas","Phillips County",1,8,213,120,93
050,05,107,"Arkansas","Phillips County",1,9,216,109,107
050,05,107,"Arkansas","Phillips County",1,10,248,127,121
050,05,107,"Arkansas","Phillips County",1,11,251,140,111
050,05,107,"Arkansas","Phillips County",1,12,250,127,123
050,05,107,"Arkansas","Phillips County",1,13,261,139,122
050,05,107,"Arkansas","Phillips County",1,14,250,132,118
050,05,107,"Arkansas","Phillips County",1,15,250,119,131
050,05,107,"Arkansas","Phillips County",1,16,234,116,118
050,05,107,"Arkansas","Phillips County",1,17,228,119,109
050,05,107,"Arkansas","Phillips County",1,18,225,117,108
050,05,107,"Arkansas","Phillips County",1,19,185,97,88
050,05,107,"Arkansas","Phillips County",1,20,194,92,102
050,05,107,"Arkansas","Phillips County",1,21,185,81,104
050,05,107,"Arkansas","Phillips County",1,22,197,89,108
050,05,107,"Arkansas","Phillips County",1,23,206,95,111
050,05,107,"Arkansas","Phillips County",1,24,179,80,99
050,05,107,"Arkansas","Phillips County",1,25,188,77,111
050,05,107,"Arkansas","Phillips County",1,26,188,89,99
050,05,107,"Arkansas","Phillips County",1,27,176,75,101
050,05,107,"Arkansas","Phillips County",1,28,191,81,110
050,05,107,"Arkansas","Phillips County",1,29,175,83,92
050,05,107,"Arkansas","Phillips County",1,30,180,76,104
050,05,107,"Arkansas","Phillips County",1,31,186,86,100
050,05,107,"Arkansas","Phillips County",1,32,151,63,88
050,05,107,"Arkansas","Phillips County",1,33,168,73,95
050,05,107,"Arkansas","Phillips County",1,34,152,73,79
050,05,107,"Arkansas","Phillips County",1,35,150,70,80
050,05,107,"Arkansas","Phillips County",1,36,181,84,97
050,05,107,"Arkansas","Phillips County",1,37,176,82,94
050,05,107,"Arkansas","Phillips County",1,38,169,67,102
050,05,107,"Arkansas","Phillips County",1,39,190,82,108
050,05,107,"Arkansas","Phillips County",1,40,181,77,104
050,05,107,"Arkansas","Phillips County",1,41,172,81,91
050,05,107,"Arkansas","Phillips County",1,42,167,84,83
050,05,107,"Arkansas","Phillips County",1,43,164,72,92
050,05,107,"Arkansas","Phillips County",1,44,167,71,96
050,05,107,"Arkansas","Phillips County",1,45,161,73,88
050,05,107,"Arkansas","Phillips County",1,46,165,73,92
050,05,107,"Arkansas","Phillips County",1,47,166,74,92
050,05,107,"Arkansas","Phillips County",1,48,173,76,97
050,05,107,"Arkansas","Phillips County",1,49,186,94,92
050,05,107,"Arkansas","Phillips County",1,50,165,80,85
050,05,107,"Arkansas","Phillips County",1,51,187,95,92
050,05,107,"Arkansas","Phillips County",1,52,191,102,89
050,05,107,"Arkansas","Phillips County",1,53,196,86,110
050,05,107,"Arkansas","Phillips County",1,54,203,83,120
050,05,107,"Arkansas","Phillips County",1,55,204,89,115
050,05,107,"Arkansas","Phillips County",1,56,215,97,118
050,05,107,"Arkansas","Phillips County",1,57,238,111,127
050,05,107,"Arkansas","Phillips County",1,58,238,114,124
050,05,107,"Arkansas","Phillips County",1,59,257,123,134
050,05,107,"Arkansas","Phillips County",1,60,237,100,137
050,05,107,"Arkansas","Phillips County",1,61,250,111,139
050,05,107,"Arkansas","Phillips County",1,62,241,103,138
050,05,107,"Arkansas","Phillips County",1,63,240,106,134
050,05,107,"Arkansas","Phillips County",1,64,226,91,135
050,05,107,"Arkansas","Phillips County",1,65,245,109,136
050,05,107,"Arkansas","Phillips County",1,66,222,104,118
050,05,107,"Arkansas","Phillips County",1,67,199,87,112
050,05,107,"Arkansas","Phillips County",1,68,214,96,118
050,05,107,"Arkansas","Phillips County",1,69,214,95,119
050,05,107,"Arkansas","Phillips County",1,70,204,93,111
050,05,107,"Arkansas","Phillips County",1,71,187,94,93
050,05,107,"Arkansas","Phillips County",1,72,186,95,91
050,05,107,"Arkansas","Phillips County",1,73,167,76,91
050,05,107,"Arkansas","Phillips County",1,74,127,57,70
050,05,107,"Arkansas","Phillips County",1,75,128,64,64
050,05,107,"Arkansas","Phillips County",1,76,127,55,72
050,05,107,"Arkansas","Phillips County",1,77,124,52,72
050,05,107,"Arkansas","Phillips County",1,78,103,47,56
050,05,107,"Arkansas","Phillips County",1,79,94,42,52
050,05,107,"Arkansas","Phillips County",1,80,86,45,41
050,05,107,"Arkansas","Phillips County",1,81,92,36,56
050,05,107,"Arkansas","Phillips County",1,82,71,28,43
050,05,107,"Arkansas","Phillips County",1,83,59,29,30
050,05,107,"Arkansas","Phillips County",1,84,59,26,33
050,05,107,"Arkansas","Phillips County",1,85,338,100,238
050,05,107,"Arkansas","Phillips County",2,0,212,111,101
050,05,107,"Arkansas","Phillips County",2,1,234,125,109
050,05,107,"Arkansas","Phillips County",2,2,252,133,119
050,05,107,"Arkansas","Phillips County",2,3,272,145,127
050,05,107,"Arkansas","Phillips County",2,4,247,125,122
050,05,107,"Arkansas","Phillips County",2,5,229,122,107
050,05,107,"Arkansas","Phillips County",2,6,240,120,120
050,05,107,"Arkansas","Phillips County",2,7,227,117,110
050,05,107,"Arkansas","Phillips County",2,8,215,118,97
050,05,107,"Arkansas","Phillips County",2,9,214,111,103
050,05,107,"Arkansas","Phillips County",2,10,240,123,117
050,05,107,"Arkansas","Phillips County",2,11,248,136,112
050,05,107,"Arkansas","Phillips County",2,12,253,132,121
050,05,107,"Arkansas","Phillips County",2,13,259,137,122
050,05,107,"Arkansas","Phillips County",2,14,252,134,118
050,05,107,"Arkansas","Phillips County",2,15,250,121,129
050,05,107,"Arkansas","Phillips County",2,16,238,118,120
050,05,107,"Arkansas","Phillips County",2,17,232,119,113
050,05,107,"Arkansas","Phillips County",2,18,213,110,103
050,05,107,"Arkansas","Phillips County",2,19,188,97,91
050,05,107,"Arkansas","Phillips County",2,20,192,93,99
050,05,107,"Arkansas","Phillips County",2,21,186,84,102
050,05,107,"Arkansas","Phillips County",2,22,194,86,108
050,05,107,"Arkansas","Phillips County",2,23,200,91,109
050,05,107,"Arkansas","Phillips County",2,24,180,80,100
050,05,107,"Arkansas","Phillips County",2,25,185,77,108
050,05,107,"Arkansas","Phillips County",2,26,185,85,100
050,05,107,"Arkansas","Phillips County",2,27,176,78,98
050,05,107,"Arkansas","Phillips County",2,28,185,79,106
050,05,107,"Arkansas","Phillips County",2,29,176,81,95
050,05,107,"Arkansas","Phillips County",2,30,178,76,102
050,05,107,"Arkansas","Phillips County",2,31,183,82,101
050,05,107,"Arkansas","Phillips County",2,32,157,67,90
050,05,107,"Arkansas","Phillips County",2,33,164,70,94
050,05,107,"Arkansas","Phillips County",2,34,155,73,82
050,05,107,"Arkansas","Phillips County",2,35,151,71,80
050,05,107,"Arkansas","Phillips County",2,36,173,81,92
050,05,107,"Arkansas","Phillips County",2,37,174,81,93
050,05,107,"Arkansas","Phillips County",2,38,170,70,100
050,05,107,"Arkansas","Phillips County",2,39,181,79,102
050,05,107,"Arkansas","Phillips County",2,40,183,78,105
050,05,107,"Arkansas","Phillips County",2,41,171,79,92
050,05,107,"Arkansas","Phillips County",2,42,167,82,85
050,05,107,"Arkansas","Phillips County",2,43,165,75,90
050,05,107,"Arkansas","Phillips County",2,44,165,71,94
050,05,107,"Arkansas","Phillips County",2,45,165,74,91
050,05,107,"Arkansas","Phillips County",2,46,163,73,90
050,05,107,"Arkansas","Phillips County",2,47,163,72,91
050,05,107,"Arkansas","Phillips County",2,48,170,75,95
050,05,107,"Arkansas","Phillips County",2,49,180,88,92
050,05,107,"Arkansas","Phillips County",2,50,169,83,86
050,05,107,"Arkansas","Phillips County",2,51,181,91,90
050,05,107,"Arkansas","Phillips County",2,52,189,101,88
050,05,107,"Arkansas","Phillips County",2,53,192,88,104
050,05,107,"Arkansas","Phillips County",2,54,201,83,118
050,05,107,"Arkansas","Phillips County",2,55,202,87,115
050,05,107,"Arkansas","Phillips County",2,56,211,95,116
050,05,107,"Arkansas","Phillips County",2,57,230,107,123
050,05,107,"Arkansas","Phillips County",2,58,238,113,125
050,05,107,"Arkansas","Phillips County",2,59,250,120,130
050,05,107,"Arkansas","Phillips County",2,60,236,103,133
050,05,107,"Arkansas","Phillips County",2,61,245,108,137
050,05,107,"Arkansas","Phillips County",2,62,241,104,137
050,05,107,"Arkansas","Phillips County",2,63,239,104,135
050,05,107,"Arkansas","Phillips County",2,64,222,92,130
050,05,107,"Arkansas","Phillips County",2,65,240,105,135
050,05,107,"Arkansas","Phillips County",2,66,227,104,123
050,05,107,"Arkansas","Phillips County",2,67,203,91,112
050,05,107,"Arkansas","Phillips County",2,68,211,94,117
050,05,107,"Arkansas","Phillips County",2,69,217,97,120
050,05,107,"Arkansas","Phillips County",2,70,202,91,111
050,05,107,"Arkansas","Phillips County",2,71,190,93,97
050,05,107,"Arkansas","Phillips County",2,72,181,91,90
050,05,107,"Arkansas","Phillips County",2,73,172,81,91
050,05,107,"Arkansas","Phillips County",2,74,130,58,72
050,05,107,"Arkansas","Phillips County",2,75,125,62,63
050,05,107,"Arkansas","Phillips County",2,76,125,56,69
050,05,107,"Arkansas","Phillips County",2,77,121,50,71
050,05,107,"Arkansas","Phillips County",2,78,101,45,56
050,05,107,"Arkansas","Phillips County",2,79,93,42,51
050,05,107,"Arkansas","Phillips County",2,80,87,44,43
050,05,107,"Arkansas","Phillips County",2,81,90,38,52
050,05,107,"Arkansas","Phillips County",2,82,75,30,45
050,05,107,"Arkansas","Phillips County",2,83,61,29,32
050,05,107,"Arkansas","Phillips County",2,84,57,26,31
050,05,107,"Arkansas","Phillips County",2,85,334,100,234
050,05,107,"Arkansas","Phillips County",3,0,228,111,117
050,05,107,"Arkansas","Phillips County",3,1,205,107,98
050,05,107,"Arkansas","Phillips County",3,2,216,116,100
050,05,107,"Arkansas","Phillips County",3,3,241,130,111
050,05,107,"Arkansas","Phillips County",3,4,245,136,109
050,05,107,"Arkansas","Phillips County",3,5,232,115,117
050,05,107,"Arkansas","Phillips County",3,6,220,120,100
050,05,107,"Arkansas","Phillips County",3,7,223,115,108
050,05,107,"Arkansas","Phillips County",3,8,218,117,101
050,05,107,"Arkansas","Phillips County",3,9,206,112,94
050,05,107,"Arkansas","Phillips County",3,10,205,109,96
050,05,107,"Arkansas","Phillips County",3,11,225,115,110
050,05,107,"Arkansas","Phillips County",3,12,240,126,114
050,05,107,"Arkansas","Phillips County",3,13,251,132,119
050,05,107,"Arkansas","Phillips County",3,14,248,125,123
050,05,107,"Arkansas","Phillips County",3,15,247,130,117
050,05,107,"Arkansas","Phillips County",3,16,225,110,115
050,05,107,"Arkansas","Phillips County",3,17,219,114,105
050,05,107,"Arkansas","Phillips County",3,18,178,95,83
050,05,107,"Arkansas","Phillips County",3,19,174,94,80
050,05,107,"Arkansas","Phillips County",3,20,175,86,89
050,05,107,"Arkansas","Phillips County",3,21,184,91,93
050,05,107,"Arkansas","Phillips County",3,22,167,73,94
050,05,107,"Arkansas","Phillips County",3,23,184,81,103
050,05,107,"Arkansas","Phillips County",3,24,191,80,111
050,05,107,"Arkansas","Phillips County",3,25,174,82,92
050,05,107,"Arkansas","Phillips County",3,26,181,74,107
050,05,107,"Arkansas","Phillips County",3,27,169,79,90
050,05,107,"Arkansas","Phillips County",3,28,174,76,98
050,05,107,"Arkansas","Phillips County",3,29,174,72,102
050,05,107,"Arkansas","Phillips County",3,30,168,81,87
050,05,107,"Arkansas","Phillips County",3,31,173,78,95
050,05,107,"Arkansas","Phillips County",3,32,177,78,99
050,05,107,"Arkansas","Phillips County",3,33,154,64,90
050,05,107,"Arkansas","Phillips County",3,34,151,69,82
050,05,107,"Arkansas","Phillips County",3,35,149,73,76
050,05,107,"Arkansas","Phillips County",3,36,154,68,86
050,05,107,"Arkansas","Phillips County",3,37,172,83,89
050,05,107,"Arkansas","Phillips County",3,38,173,78,95
050,05,107,"Arkansas","Phillips County",3,39,166,73,93
050,05,107,"Arkansas","Phillips County",3,40,170,74,96
050,05,107,"Arkansas","Phillips County",3,41,184,79,105
050,05,107,"Arkansas","Phillips County",3,42,156,72,84
050,05,107,"Arkansas","Phillips County",3,43,171,85,86
050,05,107,"Arkansas","Phillips County",3,44,159,73,86
050,05,107,"Arkansas","Phillips County",3,45,156,67,89
050,05,107,"Arkansas","Phillips County",3,46,173,76,97
050,05,107,"Arkansas","Phillips County",3,47,149,69,80
050,05,107,"Arkansas","Phillips County",3,48,156,67,89
050,05,107,"Arkansas","Phillips County",3,49,163,70,93
050,05,107,"Arkansas","Phillips County",3,50,173,85,88
050,05,107,"Arkansas","Phillips County",3,51,166,82,84
050,05,107,"Arkansas","Phillips County",3,52,177,90,87
050,05,107,"Arkansas","Phillips County",3,53,181,95,86
050,05,107,"Arkansas","Phillips County",3,54,188,86,102
050,05,107,"Arkansas","Phillips County",3,55,192,81,111
050,05,107,"Arkansas","Phillips County",3,56,200,83,117
050,05,107,"Arkansas","Phillips County",3,57,210,100,110
050,05,107,"Arkansas","Phillips County",3,58,225,105,120
050,05,107,"Arkansas","Phillips County",3,59,238,115,123
050,05,107,"Arkansas","Phillips County",3,60,244,116,128
050,05,107,"Arkansas","Phillips County",3,61,231,104,127
050,05,107,"Arkansas","Phillips County",3,62,230,99,131
050,05,107,"Arkansas","Phillips County",3,63,234,103,131
050,05,107,"Arkansas","Phillips County",3,64,230,100,130
050,05,107,"Arkansas","Phillips County",3,65,228,95,133
050,05,107,"Arkansas","Phillips County",3,66,225,94,131
050,05,107,"Arkansas","Phillips County",3,67,211,95,116
050,05,107,"Arkansas","Phillips County",3,68,195,84,111
050,05,107,"Arkansas","Phillips County",3,69,203,93,110
050,05,107,"Arkansas","Phillips County",3,70,197,88,109
050,05,107,"Arkansas","Phillips County",3,71,199,89,110
050,05,107,"Arkansas","Phillips County",3,72,181,89,92
050,05,107,"Arkansas","Phillips County",3,73,164,84,80
050,05,107,"Arkansas","Phillips County",3,74,169,77,92
050,05,107,"Arkansas","Phillips County",3,75,114,49,65
050,05,107,"Arkansas","Phillips County",3,76,120,55,65
050,05,107,"Arkansas","Phillips County",3,77,115,50,65
050,05,107,"Arkansas","Phillips County",3,78,107,44,63
050,05,107,"Arkansas","Phillips County",3,79,99,43,56
050,05,107,"Arkansas","Phillips County",3,80,86,40,46
050,05,107,"Arkansas","Phillips County",3,81,83,41,42
050,05,107,"Arkansas","Phillips County",3,82,77,33,44
050,05,107,"Arkansas","Phillips County",3,83,70,28,42
050,05,107,"Arkansas","Phillips County",3,84,49,19,30
050,05,107,"Arkansas","Phillips County",3,85,321,101,220
050,05,107,"Arkansas","Phillips County",4,0,202,102,100
050,05,107,"Arkansas","Phillips County",4,1,218,108,110
050,05,107,"Arkansas","Phillips County",4,2,205,107,98
050,05,107,"Arkansas","Phillips County",4,3,206,113,93
050,05,107,"Arkansas","Phillips County",4,4,222,118,104
050,05,107,"Arkansas","Phillips County",4,5,237,132,105
050,05,107,"Arkansas","Phillips County",4,6,221,111,110
050,05,107,"Arkansas","Phillips County",4,7,203,110,93
050,05,107,"Arkansas","Phillips County",4,8,221,113,108
050,05,107,"Arkansas","Phillips County",4,9,209,115,94
050,05,107,"Arkansas","Phillips County",4,10,200,108,92
050,05,107,"Arkansas","Phillips County",4,11,188,103,85
050,05,107,"Arkansas","Phillips County",4,12,217,110,107
050,05,107,"Arkansas","Phillips County",4,13,237,127,110
050,05,107,"Arkansas","Phillips County",4,14,236,128,108
050,05,107,"Arkansas","Phillips County",4,15,238,120,118
050,05,107,"Arkansas","Phillips County",4,16,250,130,120
050,05,107,"Arkansas","Phillips County",4,17,226,115,111
050,05,107,"Arkansas","Phillips County",4,18,179,89,90
050,05,107,"Arkansas","Phillips County",4,19,156,81,75
050,05,107,"Arkansas","Phillips County",4,20,178,93,85
050,05,107,"Arkansas","Phillips County",4,21,172,87,85
050,05,107,"Arkansas","Phillips County",4,22,183,88,95
050,05,107,"Arkansas","Phillips County",4,23,151,67,84
050,05,107,"Arkansas","Phillips County",4,24,161,75,86
050,05,107,"Arkansas","Phillips County",4,25,183,79,104
050,05,107,"Arkansas","Phillips County",4,26,164,74,90
050,05,107,"Arkansas","Phillips County",4,27,176,74,102
050,05,107,"Arkansas","Phillips County",4,28,161,79,82
050,05,107,"Arkansas","Phillips County",4,29,161,64,97
050,05,107,"Arkansas","Phillips County",4,30,160,68,92
050,05,107,"Arkansas","Phillips County",4,31,148,72,76
050,05,107,"Arkansas","Phillips County",4,32,164,77,87
050,05,107,"Arkansas","Phillips County",4,33,166,77,89
050,05,107,"Arkansas","Phillips County",4,34,153,60,93
050,05,107,"Arkansas","Phillips County",4,35,148,64,84
050,05,107,"Arkansas","Phillips County",4,36,152,74,78
050,05,107,"Arkansas","Phillips County",4,37,151,67,84
050,05,107,"Arkansas","Phillips County",4,38,170,87,83
050,05,107,"Arkansas","Phillips County",4,39,175,83,92
050,05,107,"Arkansas","Phillips County",4,40,168,75,93
050,05,107,"Arkansas","Phillips County",4,41,162,78,84
050,05,107,"Arkansas","Phillips County",4,42,174,75,99
050,05,107,"Arkansas","Phillips County",4,43,155,68,87
050,05,107,"Arkansas","Phillips County",4,44,169,85,84
050,05,107,"Arkansas","Phillips County",4,45,159,74,85
050,05,107,"Arkansas","Phillips County",4,46,159,69,90
050,05,107,"Arkansas","Phillips County",4,47,167,78,89
050,05,107,"Arkansas","Phillips County",4,48,145,68,77
050,05,107,"Arkansas","Phillips County",4,49,145,57,88
050,05,107,"Arkansas","Phillips County",4,50,165,67,98
050,05,107,"Arkansas","Phillips County",4,51,167,80,87
050,05,107,"Arkansas","Phillips County",4,52,171,83,88
050,05,107,"Arkansas","Phillips County",4,53,169,80,89
050,05,107,"Arkansas","Phillips County",4,54,174,89,85
050,05,107,"Arkansas","Phillips County",4,55,182,87,95
050,05,107,"Arkansas","Phillips County",4,56,181,74,107
050,05,107,"Arkansas","Phillips County",4,57,200,82,118
050,05,107,"Arkansas","Phillips County",4,58,200,95,105
050,05,107,"Arkansas","Phillips County",4,59,229,105,124
050,05,107,"Arkansas","Phillips County",4,60,224,104,120
050,05,107,"Arkansas","Phillips County",4,61,248,119,129
050,05,107,"Arkansas","Phillips County",4,62,225,100,125
050,05,107,"Arkansas","Phillips County",4,63,218,90,128
050,05,107,"Arkansas","Phillips County",4,64,228,99,129
050,05,107,"Arkansas","Phillips County",4,65,233,102,131
050,05,107,"Arkansas","Phillips County",4,66,213,87,126
050,05,107,"Arkansas","Phillips County",4,67,216,87,129
050,05,107,"Arkansas","Phillips County",4,68,200,92,108
050,05,107,"Arkansas","Phillips County",4,69,187,82,105
050,05,107,"Arkansas","Phillips County",4,70,193,91,102
050,05,107,"Arkansas","Phillips County",4,71,195,86,109
050,05,107,"Arkansas","Phillips County",4,72,186,82,104
050,05,107,"Arkansas","Phillips County",4,73,166,84,82
050,05,107,"Arkansas","Phillips County",4,74,161,83,78
050,05,107,"Arkansas","Phillips County",4,75,156,67,89
050,05,107,"Arkansas","Phillips County",4,76,105,41,64
050,05,107,"Arkansas","Phillips County",4,77,114,51,63
050,05,107,"Arkansas","Phillips County",4,78,107,48,59
050,05,107,"Arkansas","Phillips County",4,79,96,38,58
050,05,107,"Arkansas","Phillips County",4,80,94,43,51
050,05,107,"Arkansas","Phillips County",4,81,80,35,45
050,05,107,"Arkansas","Phillips County",4,82,72,38,34
050,05,107,"Arkansas","Phillips County",4,83,68,28,40
050,05,107,"Arkansas","Phillips County",4,84,62,23,39
050,05,107,"Arkansas","Phillips County",4,85,314,96,218
050,05,107,"Arkansas","Phillips County",5,0,203,102,101
050,05,107,"Arkansas","Phillips County",5,1,190,99,91
050,05,107,"Arkansas","Phillips County",5,2,212,107,105
050,05,107,"Arkansas","Phillips County",5,3,195,104,91
050,05,107,"Arkansas","Phillips County",5,4,197,106,91
050,05,107,"Arkansas","Phillips County",5,5,215,116,99
050,05,107,"Arkansas","Phillips County",5,6,221,122,99
050,05,107,"Arkansas","Phillips County",5,7,219,113,106
050,05,107,"Arkansas","Phillips County",5,8,200,104,96
050,05,107,"Arkansas","Phillips County",5,9,220,106,114
050,05,107,"Arkansas","Phillips County",5,10,201,108,93
050,05,107,"Arkansas","Phillips County",5,11,200,102,98
050,05,107,"Arkansas","Phillips County",5,12,189,101,88
050,05,107,"Arkansas","Phillips County",5,13,223,113,110
050,05,107,"Arkansas","Phillips County",5,14,221,120,101
050,05,107,"Arkansas","Phillips County",5,15,236,127,109
050,05,107,"Arkansas","Phillips County",5,16,235,118,117
050,05,107,"Arkansas","Phillips County",5,17,238,126,112
050,05,107,"Arkansas","Phillips County",5,18,186,91,95
050,05,107,"Arkansas","Phillips County",5,19,148,73,75
050,05,107,"Arkansas","Phillips County",5,20,158,78,80
050,05,107,"Arkansas","Phillips County",5,21,175,91,84
050,05,107,"Arkansas","Phillips County",5,22,177,89,88
050,05,107,"Arkansas","Phillips County",5,23,169,78,91
050,05,107,"Arkansas","Phillips County",5,24,133,56,77
050,05,107,"Arkansas","Phillips County",5,25,159,75,84
050,05,107,"Arkansas","Phillips County",5,26,177,78,99
050,05,107,"Arkansas","Phillips County",5,27,157,73,84
050,05,107,"Arkansas","Phillips County",5,28,162,65,97
050,05,107,"Arkansas","Phillips County",5,29,143,68,75
050,05,107,"Arkansas","Phillips County",5,30,159,72,87
050,05,107,"Arkansas","Phillips County",5,31,144,52,92
050,05,107,"Arkansas","Phillips County",5,32,152,73,79
050,05,107,"Arkansas","Phillips County",5,33,159,73,86
050,05,107,"Arkansas","Phillips County",5,34,172,81,91
050,05,107,"Arkansas","Phillips County",5,35,156,65,91
050,05,107,"Arkansas","Phillips County",5,36,156,74,82
050,05,107,"Arkansas","Phillips County",5,37,148,72,76
050,05,107,"Arkansas","Phillips County",5,38,145,64,81
050,05,107,"Arkansas","Phillips County",5,39,175,92,83
050,05,107,"Arkansas","Phillips County",5,40,166,78,88
050,05,107,"Arkansas","Phillips County",5,41,167,82,85
050,05,107,"Arkansas","Phillips County",5,42,163,76,87
050,05,107,"Arkansas","Phillips County",5,43,165,69,96
050,05,107,"Arkansas","Phillips County",5,44,152,64,88
050,05,107,"Arkansas","Phillips County",5,45,150,71,79
050,05,107,"Arkansas","Phillips County",5,46,157,74,83
050,05,107,"Arkansas","Phillips County",5,47,150,61,89
050,05,107,"Arkansas","Phillips County",5,48,156,76,80
050,05,107,"Arkansas","Phillips County",5,49,146,65,81
050,05,107,"Arkansas","Phillips County",5,50,147,56,91
050,05,107,"Arkansas","Phillips County",5,51,160,64,96
050,05,107,"Arkansas","Phillips County",5,52,178,90,88
050,05,107,"Arkansas","Phillips County",5,53,163,77,86
050,05,107,"Arkansas","Phillips County",5,54,168,75,93
050,05,107,"Arkansas","Phillips County",5,55,173,89,84
050,05,107,"Arkansas","Phillips County",5,56,181,88,93
050,05,107,"Arkansas","Phillips County",5,57,173,75,98
050,05,107,"Arkansas","Phillips County",5,58,199,78,121
050,05,107,"Arkansas","Phillips County",5,59,193,92,101
050,05,107,"Arkansas","Phillips County",5,60,214,96,118
050,05,107,"Arkansas","Phillips County",5,61,215,102,113
050,05,107,"Arkansas","Phillips County",5,62,237,112,125
050,05,107,"Arkansas","Phillips County",5,63,217,96,121
050,05,107,"Arkansas","Phillips County",5,64,212,87,125
050,05,107,"Arkansas","Phillips County",5,65,227,100,127
050,05,107,"Arkansas","Phillips County",5,66,222,93,129
050,05,107,"Arkansas","Phillips County",5,67,208,81,127
050,05,107,"Arkansas","Phillips County",5,68,211,84,127
050,05,107,"Arkansas","Phillips County",5,69,193,92,101
050,05,107,"Arkansas","Phillips County",5,70,175,76,99
050,05,107,"Arkansas","Phillips County",5,71,190,86,104
050,05,107,"Arkansas","Phillips County",5,72,182,82,100
050,05,107,"Arkansas","Phillips County",5,73,167,77,90
050,05,107,"Arkansas","Phillips County",5,74,166,84,82
050,05,107,"Arkansas","Phillips County",5,75,144,73,71
050,05,107,"Arkansas","Phillips County",5,76,145,56,89
050,05,107,"Arkansas","Phillips County",5,77,100,38,62
050,05,107,"Arkansas","Phillips County",5,78,105,47,58
050,05,107,"Arkansas","Phillips County",5,79,104,45,59
050,05,107,"Arkansas","Phillips County",5,80,86,34,52
050,05,107,"Arkansas","Phillips County",5,81,90,39,51
050,05,107,"Arkansas","Phillips County",5,82,68,33,35
050,05,107,"Arkansas","Phillips County",5,83,66,35,31
050,05,107,"Arkansas","Phillips County",5,84,59,21,38
050,05,107,"Arkansas","Phillips County",5,85,326,98,228
050,05,109,"Arkansas","Pike County",1,0,101,52,49
050,05,109,"Arkansas","Pike County",1,1,106,54,52
050,05,109,"Arkansas","Pike County",1,2,111,52,59
050,05,109,"Arkansas","Pike County",1,3,109,52,57
050,05,109,"Arkansas","Pike County",1,4,119,65,54
050,05,109,"Arkansas","Pike County",1,5,104,57,47
050,05,109,"Arkansas","Pike County",1,6,114,54,60
050,05,109,"Arkansas","Pike County",1,7,123,59,64
050,05,109,"Arkansas","Pike County",1,8,117,59,58
050,05,109,"Arkansas","Pike County",1,9,141,73,68
050,05,109,"Arkansas","Pike County",1,10,144,78,66
050,05,109,"Arkansas","Pike County",1,11,139,74,65
050,05,109,"Arkansas","Pike County",1,12,132,74,58
050,05,109,"Arkansas","Pike County",1,13,137,71,66
050,05,109,"Arkansas","Pike County",1,14,138,75,63
050,05,109,"Arkansas","Pike County",1,15,134,68,66
050,05,109,"Arkansas","Pike County",1,16,152,80,72
050,05,109,"Arkansas","Pike County",1,17,140,62,78
050,05,109,"Arkansas","Pike County",1,18,126,63,63
050,05,109,"Arkansas","Pike County",1,19,91,50,41
050,05,109,"Arkansas","Pike County",1,20,111,61,50
050,05,109,"Arkansas","Pike County",1,21,110,62,48
050,05,109,"Arkansas","Pike County",1,22,125,64,61
050,05,109,"Arkansas","Pike County",1,23,113,60,53
050,05,109,"Arkansas","Pike County",1,24,116,66,50
050,05,109,"Arkansas","Pike County",1,25,120,62,58
050,05,109,"Arkansas","Pike County",1,26,125,57,68
050,05,109,"Arkansas","Pike County",1,27,116,58,58
050,05,109,"Arkansas","Pike County",1,28,102,61,41
050,05,109,"Arkansas","Pike County",1,29,97,48,49
050,05,109,"Arkansas","Pike County",1,30,103,53,50
050,05,109,"Arkansas","Pike County",1,31,117,60,57
050,05,109,"Arkansas","Pike County",1,32,121,64,57
050,05,109,"Arkansas","Pike County",1,33,105,57,48
050,05,109,"Arkansas","Pike County",1,34,100,58,42
050,05,109,"Arkansas","Pike County",1,35,115,65,50
050,05,109,"Arkansas","Pike County",1,36,108,62,46
050,05,109,"Arkansas","Pike County",1,37,108,57,51
050,05,109,"Arkansas","Pike County",1,38,93,49,44
050,05,109,"Arkansas","Pike County",1,39,110,48,62
050,05,109,"Arkansas","Pike County",1,40,118,55,63
050,05,109,"Arkansas","Pike County",1,41,115,55,60
050,05,109,"Arkansas","Pike County",1,42,140,63,77
050,05,109,"Arkansas","Pike County",1,43,125,57,68
050,05,109,"Arkansas","Pike County",1,44,120,64,56
050,05,109,"Arkansas","Pike County",1,45,123,68,55
050,05,109,"Arkansas","Pike County",1,46,146,74,72
050,05,109,"Arkansas","Pike County",1,47,151,87,64
050,05,109,"Arkansas","Pike County",1,48,142,71,71
050,05,109,"Arkansas","Pike County",1,49,129,61,68
050,05,109,"Arkansas","Pike County",1,50,144,76,68
050,05,109,"Arkansas","Pike County",1,51,144,79,65
050,05,109,"Arkansas","Pike County",1,52,127,69,58
050,05,109,"Arkansas","Pike County",1,53,132,68,64
050,05,109,"Arkansas","Pike County",1,54,136,64,72
050,05,109,"Arkansas","Pike County",1,55,145,72,73
050,05,109,"Arkansas","Pike County",1,56,153,79,74
050,05,109,"Arkansas","Pike County",1,57,130,61,69
050,05,109,"Arkansas","Pike County",1,58,148,68,80
050,05,109,"Arkansas","Pike County",1,59,152,78,74
050,05,109,"Arkansas","Pike County",1,60,148,75,73
050,05,109,"Arkansas","Pike County",1,61,141,71,70
050,05,109,"Arkansas","Pike County",1,62,146,70,76
050,05,109,"Arkansas","Pike County",1,63,141,72,69
050,05,109,"Arkansas","Pike County",1,64,140,71,69
050,05,109,"Arkansas","Pike County",1,65,147,73,74
050,05,109,"Arkansas","Pike County",1,66,120,49,71
050,05,109,"Arkansas","Pike County",1,67,122,51,71
050,05,109,"Arkansas","Pike County",1,68,119,52,67
050,05,109,"Arkansas","Pike County",1,69,120,54,66
050,05,109,"Arkansas","Pike County",1,70,127,60,67
050,05,109,"Arkansas","Pike County",1,71,136,67,69
050,05,109,"Arkansas","Pike County",1,72,111,56,55
050,05,109,"Arkansas","Pike County",1,73,99,50,49
050,05,109,"Arkansas","Pike County",1,74,78,35,43
050,05,109,"Arkansas","Pike County",1,75,76,36,40
050,05,109,"Arkansas","Pike County",1,76,83,38,45
050,05,109,"Arkansas","Pike County",1,77,81,34,47
050,05,109,"Arkansas","Pike County",1,78,66,28,38
050,05,109,"Arkansas","Pike County",1,79,66,30,36
050,05,109,"Arkansas","Pike County",1,80,72,34,38
050,05,109,"Arkansas","Pike County",1,81,60,32,28
050,05,109,"Arkansas","Pike County",1,82,60,27,33
050,05,109,"Arkansas","Pike County",1,83,49,20,29
050,05,109,"Arkansas","Pike County",1,84,44,17,27
050,05,109,"Arkansas","Pike County",1,85,204,83,121
050,05,109,"Arkansas","Pike County",2,0,101,47,54
050,05,109,"Arkansas","Pike County",2,1,105,54,51
050,05,109,"Arkansas","Pike County",2,2,112,53,59
050,05,109,"Arkansas","Pike County",2,3,110,52,58
050,05,109,"Arkansas","Pike County",2,4,115,61,54
050,05,109,"Arkansas","Pike County",2,5,110,59,51
050,05,109,"Arkansas","Pike County",2,6,112,55,57
050,05,109,"Arkansas","Pike County",2,7,118,56,62
050,05,109,"Arkansas","Pike County",2,8,120,60,60
050,05,109,"Arkansas","Pike County",2,9,138,71,67
050,05,109,"Arkansas","Pike County",2,10,144,77,67
050,05,109,"Arkansas","Pike County",2,11,138,73,65
050,05,109,"Arkansas","Pike County",2,12,134,74,60
050,05,109,"Arkansas","Pike County",2,13,137,72,65
050,05,109,"Arkansas","Pike County",2,14,139,75,64
050,05,109,"Arkansas","Pike County",2,15,133,69,64
050,05,109,"Arkansas","Pike County",2,16,151,79,72
050,05,109,"Arkansas","Pike County",2,17,141,64,77
050,05,109,"Arkansas","Pike County",2,18,125,61,64
050,05,109,"Arkansas","Pike County",2,19,91,50,41
050,05,109,"Arkansas","Pike County",2,20,109,59,50
050,05,109,"Arkansas","Pike County",2,21,113,65,48
050,05,109,"Arkansas","Pike County",2,22,122,63,59
050,05,109,"Arkansas","Pike County",2,23,118,62,56
050,05,109,"Arkansas","Pike County",2,24,115,65,50
050,05,109,"Arkansas","Pike County",2,25,120,63,57
050,05,109,"Arkansas","Pike County",2,26,123,59,64
050,05,109,"Arkansas","Pike County",2,27,117,59,58
050,05,109,"Arkansas","Pike County",2,28,105,59,46
050,05,109,"Arkansas","Pike County",2,29,99,52,47
050,05,109,"Arkansas","Pike County",2,30,102,52,50
050,05,109,"Arkansas","Pike County",2,31,114,59,55
050,05,109,"Arkansas","Pike County",2,32,118,61,57
050,05,109,"Arkansas","Pike County",2,33,111,59,52
050,05,109,"Arkansas","Pike County",2,34,102,59,43
050,05,109,"Arkansas","Pike County",2,35,114,64,50
050,05,109,"Arkansas","Pike County",2,36,108,62,46
050,05,109,"Arkansas","Pike County",2,37,107,58,49
050,05,109,"Arkansas","Pike County",2,38,97,51,46
050,05,109,"Arkansas","Pike County",2,39,104,47,57
050,05,109,"Arkansas","Pike County",2,40,118,54,64
050,05,109,"Arkansas","Pike County",2,41,114,53,61
050,05,109,"Arkansas","Pike County",2,42,133,60,73
050,05,109,"Arkansas","Pike County",2,43,130,58,72
050,05,109,"Arkansas","Pike County",2,44,119,62,57
050,05,109,"Arkansas","Pike County",2,45,125,67,58
050,05,109,"Arkansas","Pike County",2,46,141,72,69
050,05,109,"Arkansas","Pike County",2,47,148,83,65
050,05,109,"Arkansas","Pike County",2,48,141,73,68
050,05,109,"Arkansas","Pike County",2,49,133,64,69
050,05,109,"Arkansas","Pike County",2,50,141,72,69
050,05,109,"Arkansas","Pike County",2,51,141,78,63
050,05,109,"Arkansas","Pike County",2,52,132,73,59
050,05,109,"Arkansas","Pike County",2,53,130,68,62
050,05,109,"Arkansas","Pike County",2,54,135,64,71
050,05,109,"Arkansas","Pike County",2,55,142,70,72
050,05,109,"Arkansas","Pike County",2,56,150,76,74
050,05,109,"Arkansas","Pike County",2,57,134,65,69
050,05,109,"Arkansas","Pike County",2,58,144,66,78
050,05,109,"Arkansas","Pike County",2,59,151,74,77
050,05,109,"Arkansas","Pike County",2,60,148,75,73
050,05,109,"Arkansas","Pike County",2,61,145,73,72
050,05,109,"Arkansas","Pike County",2,62,144,69,75
050,05,109,"Arkansas","Pike County",2,63,141,70,71
050,05,109,"Arkansas","Pike County",2,64,138,70,68
050,05,109,"Arkansas","Pike County",2,65,144,72,72
050,05,109,"Arkansas","Pike County",2,66,127,55,72
050,05,109,"Arkansas","Pike County",2,67,120,49,71
050,05,109,"Arkansas","Pike County",2,68,120,52,68
050,05,109,"Arkansas","Pike County",2,69,120,54,66
050,05,109,"Arkansas","Pike County",2,70,123,58,65
050,05,109,"Arkansas","Pike County",2,71,134,65,69
050,05,109,"Arkansas","Pike County",2,72,114,57,57
050,05,109,"Arkansas","Pike County",2,73,106,53,53
050,05,109,"Arkansas","Pike County",2,74,78,37,41
050,05,109,"Arkansas","Pike County",2,75,76,35,41
050,05,109,"Arkansas","Pike County",2,76,79,35,44
050,05,109,"Arkansas","Pike County",2,77,85,36,49
050,05,109,"Arkansas","Pike County",2,78,67,29,38
050,05,109,"Arkansas","Pike County",2,79,64,27,37
050,05,109,"Arkansas","Pike County",2,80,71,33,38
050,05,109,"Arkansas","Pike County",2,81,61,32,29
050,05,109,"Arkansas","Pike County",2,82,61,29,32
050,05,109,"Arkansas","Pike County",2,83,49,20,29
050,05,109,"Arkansas","Pike County",2,84,44,16,28
050,05,109,"Arkansas","Pike County",2,85,209,85,124
050,05,109,"Arkansas","Pike County",3,0,118,62,56
050,05,109,"Arkansas","Pike County",3,1,108,50,58
050,05,109,"Arkansas","Pike County",3,2,107,58,49
050,05,109,"Arkansas","Pike County",3,3,112,55,57
050,05,109,"Arkansas","Pike County",3,4,106,53,53
050,05,109,"Arkansas","Pike County",3,5,120,66,54
050,05,109,"Arkansas","Pike County",3,6,110,60,50
050,05,109,"Arkansas","Pike County",3,7,110,54,56
050,05,109,"Arkansas","Pike County",3,8,112,54,58
050,05,109,"Arkansas","Pike County",3,9,132,68,64
050,05,109,"Arkansas","Pike County",3,10,137,71,66
050,05,109,"Arkansas","Pike County",3,11,144,74,70
050,05,109,"Arkansas","Pike County",3,12,137,75,62
050,05,109,"Arkansas","Pike County",3,13,131,69,62
050,05,109,"Arkansas","Pike County",3,14,137,70,67
050,05,109,"Arkansas","Pike County",3,15,136,75,61
050,05,109,"Arkansas","Pike County",3,16,148,77,71
050,05,109,"Arkansas","Pike County",3,17,151,73,78
050,05,109,"Arkansas","Pike County",3,18,125,63,62
050,05,109,"Arkansas","Pike County",3,19,81,39,42
050,05,109,"Arkansas","Pike County",3,20,93,53,40
050,05,109,"Arkansas","Pike County",3,21,109,61,48
050,05,109,"Arkansas","Pike County",3,22,112,54,58
050,05,109,"Arkansas","Pike County",3,23,114,64,50
050,05,109,"Arkansas","Pike County",3,24,119,68,51
050,05,109,"Arkansas","Pike County",3,25,117,62,55
050,05,109,"Arkansas","Pike County",3,26,117,62,55
050,05,109,"Arkansas","Pike County",3,27,130,71,59
050,05,109,"Arkansas","Pike County",3,28,120,52,68
050,05,109,"Arkansas","Pike County",3,29,101,58,43
050,05,109,"Arkansas","Pike County",3,30,102,52,50
050,05,109,"Arkansas","Pike County",3,31,101,54,47
050,05,109,"Arkansas","Pike County",3,32,110,54,56
050,05,109,"Arkansas","Pike County",3,33,125,67,58
050,05,109,"Arkansas","Pike County",3,34,118,58,60
050,05,109,"Arkansas","Pike County",3,35,98,56,42
050,05,109,"Arkansas","Pike County",3,36,120,67,53
050,05,109,"Arkansas","Pike County",3,37,105,61,44
050,05,109,"Arkansas","Pike County",3,38,109,59,50
050,05,109,"Arkansas","Pike County",3,39,98,54,44
050,05,109,"Arkansas","Pike County",3,40,94,44,50
050,05,109,"Arkansas","Pike County",3,41,131,58,73
050,05,109,"Arkansas","Pike County",3,42,117,59,58
050,05,109,"Arkansas","Pike County",3,43,129,59,70
050,05,109,"Arkansas","Pike County",3,44,127,55,72
050,05,109,"Arkansas","Pike County",3,45,120,62,58
050,05,109,"Arkansas","Pike County",3,46,124,65,59
050,05,109,"Arkansas","Pike County",3,47,148,81,67
050,05,109,"Arkansas","Pike County",3,48,133,76,57
050,05,109,"Arkansas","Pike County",3,49,130,67,63
050,05,109,"Arkansas","Pike County",3,50,135,67,68
050,05,109,"Arkansas","Pike County",3,51,140,69,71
050,05,109,"Arkansas","Pike County",3,52,144,80,64
050,05,109,"Arkansas","Pike County",3,53,133,73,60
050,05,109,"Arkansas","Pike County",3,54,127,65,62
050,05,109,"Arkansas","Pike County",3,55,131,61,70
050,05,109,"Arkansas","Pike County",3,56,143,68,75
050,05,109,"Arkansas","Pike County",3,57,149,74,75
050,05,109,"Arkansas","Pike County",3,58,130,62,68
050,05,109,"Arkansas","Pike County",3,59,139,65,74
050,05,109,"Arkansas","Pike County",3,60,146,70,76
050,05,109,"Arkansas","Pike County",3,61,151,75,76
050,05,109,"Arkansas","Pike County",3,62,149,71,78
050,05,109,"Arkansas","Pike County",3,63,137,70,67
050,05,109,"Arkansas","Pike County",3,64,143,69,74
050,05,109,"Arkansas","Pike County",3,65,127,62,65
050,05,109,"Arkansas","Pike County",3,66,136,70,66
050,05,109,"Arkansas","Pike County",3,67,132,55,77
050,05,109,"Arkansas","Pike County",3,68,121,49,72
050,05,109,"Arkansas","Pike County",3,69,113,49,64
050,05,109,"Arkansas","Pike County",3,70,117,51,66
050,05,109,"Arkansas","Pike County",3,71,121,56,65
050,05,109,"Arkansas","Pike County",3,72,128,63,65
050,05,109,"Arkansas","Pike County",3,73,115,57,58
050,05,109,"Arkansas","Pike County",3,74,102,54,48
050,05,109,"Arkansas","Pike County",3,75,72,33,39
050,05,109,"Arkansas","Pike County",3,76,74,33,41
050,05,109,"Arkansas","Pike County",3,77,81,35,46
050,05,109,"Arkansas","Pike County",3,78,80,35,45
050,05,109,"Arkansas","Pike County",3,79,62,26,36
050,05,109,"Arkansas","Pike County",3,80,63,25,38
050,05,109,"Arkansas","Pike County",3,81,62,31,31
050,05,109,"Arkansas","Pike County",3,82,54,28,26
050,05,109,"Arkansas","Pike County",3,83,59,27,32
050,05,109,"Arkansas","Pike County",3,84,45,18,27
050,05,109,"Arkansas","Pike County",3,85,220,84,136
050,05,109,"Arkansas","Pike County",4,0,112,62,50
050,05,109,"Arkansas","Pike County",4,1,121,60,61
050,05,109,"Arkansas","Pike County",4,2,109,49,60
050,05,109,"Arkansas","Pike County",4,3,108,59,49
050,05,109,"Arkansas","Pike County",4,4,115,52,63
050,05,109,"Arkansas","Pike County",4,5,116,57,59
050,05,109,"Arkansas","Pike County",4,6,132,73,59
050,05,109,"Arkansas","Pike County",4,7,113,61,52
050,05,109,"Arkansas","Pike County",4,8,116,57,59
050,05,109,"Arkansas","Pike County",4,9,119,58,61
050,05,109,"Arkansas","Pike County",4,10,130,68,62
050,05,109,"Arkansas","Pike County",4,11,140,78,62
050,05,109,"Arkansas","Pike County",4,12,149,76,73
050,05,109,"Arkansas","Pike County",4,13,137,69,68
050,05,109,"Arkansas","Pike County",4,14,138,75,63
050,05,109,"Arkansas","Pike County",4,15,138,74,64
050,05,109,"Arkansas","Pike County",4,16,154,87,67
050,05,109,"Arkansas","Pike County",4,17,146,73,73
050,05,109,"Arkansas","Pike County",4,18,140,73,67
050,05,109,"Arkansas","Pike County",4,19,90,45,45
050,05,109,"Arkansas","Pike County",4,20,82,41,41
050,05,109,"Arkansas","Pike County",4,21,100,53,47
050,05,109,"Arkansas","Pike County",4,22,113,61,52
050,05,109,"Arkansas","Pike County",4,23,112,57,55
050,05,109,"Arkansas","Pike County",4,24,110,66,44
050,05,109,"Arkansas","Pike County",4,25,111,64,47
050,05,109,"Arkansas","Pike County",4,26,129,71,58
050,05,109,"Arkansas","Pike County",4,27,122,64,58
050,05,109,"Arkansas","Pike County",4,28,126,66,60
050,05,109,"Arkansas","Pike County",4,29,114,56,58
050,05,109,"Arkansas","Pike County",4,30,102,54,48
050,05,109,"Arkansas","Pike County",4,31,106,53,53
050,05,109,"Arkansas","Pike County",4,32,102,58,44
050,05,109,"Arkansas","Pike County",4,33,123,61,62
050,05,109,"Arkansas","Pike County",4,34,127,72,55
050,05,109,"Arkansas","Pike County",4,35,111,54,57
050,05,109,"Arkansas","Pike County",4,36,102,61,41
050,05,109,"Arkansas","Pike County",4,37,121,65,56
050,05,109,"Arkansas","Pike County",4,38,110,63,47
050,05,109,"Arkansas","Pike County",4,39,110,59,51
050,05,109,"Arkansas","Pike County",4,40,99,55,44
050,05,109,"Arkansas","Pike County",4,41,91,43,48
050,05,109,"Arkansas","Pike County",4,42,136,64,72
050,05,109,"Arkansas","Pike County",4,43,110,57,53
050,05,109,"Arkansas","Pike County",4,44,129,55,74
050,05,109,"Arkansas","Pike County",4,45,130,56,74
050,05,109,"Arkansas","Pike County",4,46,113,59,54
050,05,109,"Arkansas","Pike County",4,47,124,69,55
050,05,109,"Arkansas","Pike County",4,48,145,78,67
050,05,109,"Arkansas","Pike County",4,49,137,83,54
050,05,109,"Arkansas","Pike County",4,50,131,62,69
050,05,109,"Arkansas","Pike County",4,51,136,66,70
050,05,109,"Arkansas","Pike County",4,52,137,71,66
050,05,109,"Arkansas","Pike County",4,53,135,78,57
050,05,109,"Arkansas","Pike County",4,54,132,72,60
050,05,109,"Arkansas","Pike County",4,55,122,61,61
050,05,109,"Arkansas","Pike County",4,56,134,63,71
050,05,109,"Arkansas","Pike County",4,57,138,69,69
050,05,109,"Arkansas","Pike County",4,58,152,75,77
050,05,109,"Arkansas","Pike County",4,59,131,59,72
050,05,109,"Arkansas","Pike County",4,60,146,67,79
050,05,109,"Arkansas","Pike County",4,61,143,68,75
050,05,109,"Arkansas","Pike County",4,62,147,71,76
050,05,109,"Arkansas","Pike County",4,63,148,70,78
050,05,109,"Arkansas","Pike County",4,64,140,70,70
050,05,109,"Arkansas","Pike County",4,65,145,70,75
050,05,109,"Arkansas","Pike County",4,66,124,60,64
050,05,109,"Arkansas","Pike County",4,67,138,68,70
050,05,109,"Arkansas","Pike County",4,68,136,59,77
050,05,109,"Arkansas","Pike County",4,69,117,51,66
050,05,109,"Arkansas","Pike County",4,70,111,47,64
050,05,109,"Arkansas","Pike County",4,71,113,48,65
050,05,109,"Arkansas","Pike County",4,72,114,50,64
050,05,109,"Arkansas","Pike County",4,73,127,62,65
050,05,109,"Arkansas","Pike County",4,74,113,58,55
050,05,109,"Arkansas","Pike County",4,75,99,53,46
050,05,109,"Arkansas","Pike County",4,76,69,32,37
050,05,109,"Arkansas","Pike County",4,77,78,33,45
050,05,109,"Arkansas","Pike County",4,78,74,36,38
050,05,109,"Arkansas","Pike County",4,79,72,31,41
050,05,109,"Arkansas","Pike County",4,80,60,23,37
050,05,109,"Arkansas","Pike County",4,81,51,22,29
050,05,109,"Arkansas","Pike County",4,82,47,23,24
050,05,109,"Arkansas","Pike County",4,83,51,24,27
050,05,109,"Arkansas","Pike County",4,84,49,21,28
050,05,109,"Arkansas","Pike County",4,85,229,81,148
050,05,109,"Arkansas","Pike County",5,0,111,62,49
050,05,109,"Arkansas","Pike County",5,1,109,59,50
050,05,109,"Arkansas","Pike County",5,2,126,65,61
050,05,109,"Arkansas","Pike County",5,3,113,52,61
050,05,109,"Arkansas","Pike County",5,4,102,56,46
050,05,109,"Arkansas","Pike County",5,5,124,55,69
050,05,109,"Arkansas","Pike County",5,6,115,57,58
050,05,109,"Arkansas","Pike County",5,7,135,74,61
050,05,109,"Arkansas","Pike County",5,8,110,64,46
050,05,109,"Arkansas","Pike County",5,9,119,63,56
050,05,109,"Arkansas","Pike County",5,10,120,57,63
050,05,109,"Arkansas","Pike County",5,11,134,67,67
050,05,109,"Arkansas","Pike County",5,12,144,79,65
050,05,109,"Arkansas","Pike County",5,13,146,74,72
050,05,109,"Arkansas","Pike County",5,14,141,71,70
050,05,109,"Arkansas","Pike County",5,15,138,74,64
050,05,109,"Arkansas","Pike County",5,16,157,87,70
050,05,109,"Arkansas","Pike County",5,17,148,73,75
050,05,109,"Arkansas","Pike County",5,18,133,69,64
050,05,109,"Arkansas","Pike County",5,19,101,54,47
050,05,109,"Arkansas","Pike County",5,20,91,47,44
050,05,109,"Arkansas","Pike County",5,21,90,47,43
050,05,109,"Arkansas","Pike County",5,22,99,52,47
050,05,109,"Arkansas","Pike County",5,23,118,60,58
050,05,109,"Arkansas","Pike County",5,24,119,61,58
050,05,109,"Arkansas","Pike County",5,25,116,66,50
050,05,109,"Arkansas","Pike County",5,26,116,61,55
050,05,109,"Arkansas","Pike County",5,27,123,66,57
050,05,109,"Arkansas","Pike County",5,28,118,63,55
050,05,109,"Arkansas","Pike County",5,29,133,67,66
050,05,109,"Arkansas","Pike County",5,30,119,59,60
050,05,109,"Arkansas","Pike County",5,31,101,53,48
050,05,109,"Arkansas","Pike County",5,32,113,53,60
050,05,109,"Arkansas","Pike County",5,33,107,56,51
050,05,109,"Arkansas","Pike County",5,34,126,63,63
050,05,109,"Arkansas","Pike County",5,35,128,72,56
050,05,109,"Arkansas","Pike County",5,36,107,53,54
050,05,109,"Arkansas","Pike County",5,37,106,59,47
050,05,109,"Arkansas","Pike County",5,38,123,66,57
050,05,109,"Arkansas","Pike County",5,39,106,68,38
050,05,109,"Arkansas","Pike County",5,40,115,55,60
050,05,109,"Arkansas","Pike County",5,41,99,59,40
050,05,109,"Arkansas","Pike County",5,42,93,46,47
050,05,109,"Arkansas","Pike County",5,43,145,66,79
050,05,109,"Arkansas","Pike County",5,44,109,52,57
050,05,109,"Arkansas","Pike County",5,45,131,59,72
050,05,109,"Arkansas","Pike County",5,46,122,55,67
050,05,109,"Arkansas","Pike County",5,47,121,63,58
050,05,109,"Arkansas","Pike County",5,48,127,72,55
050,05,109,"Arkansas","Pike County",5,49,137,74,63
050,05,109,"Arkansas","Pike County",5,50,132,81,51
050,05,109,"Arkansas","Pike County",5,51,130,61,69
050,05,109,"Arkansas","Pike County",5,52,134,67,67
050,05,109,"Arkansas","Pike County",5,53,138,71,67
050,05,109,"Arkansas","Pike County",5,54,141,85,56
050,05,109,"Arkansas","Pike County",5,55,132,70,62
050,05,109,"Arkansas","Pike County",5,56,128,66,62
050,05,109,"Arkansas","Pike County",5,57,131,62,69
050,05,109,"Arkansas","Pike County",5,58,135,65,70
050,05,109,"Arkansas","Pike County",5,59,151,76,75
050,05,109,"Arkansas","Pike County",5,60,137,59,78
050,05,109,"Arkansas","Pike County",5,61,143,63,80
050,05,109,"Arkansas","Pike County",5,62,145,67,78
050,05,109,"Arkansas","Pike County",5,63,140,67,73
050,05,109,"Arkansas","Pike County",5,64,151,71,80
050,05,109,"Arkansas","Pike County",5,65,138,75,63
050,05,109,"Arkansas","Pike County",5,66,138,66,72
050,05,109,"Arkansas","Pike County",5,67,129,61,68
050,05,109,"Arkansas","Pike County",5,68,144,71,73
050,05,109,"Arkansas","Pike County",5,69,128,58,70
050,05,109,"Arkansas","Pike County",5,70,115,50,65
050,05,109,"Arkansas","Pike County",5,71,108,45,63
050,05,109,"Arkansas","Pike County",5,72,115,50,65
050,05,109,"Arkansas","Pike County",5,73,115,49,66
050,05,109,"Arkansas","Pike County",5,74,120,60,60
050,05,109,"Arkansas","Pike County",5,75,108,53,55
050,05,109,"Arkansas","Pike County",5,76,89,47,42
050,05,109,"Arkansas","Pike County",5,77,72,32,40
050,05,109,"Arkansas","Pike County",5,78,72,34,38
050,05,109,"Arkansas","Pike County",5,79,70,33,37
050,05,109,"Arkansas","Pike County",5,80,72,30,42
050,05,109,"Arkansas","Pike County",5,81,49,22,27
050,05,109,"Arkansas","Pike County",5,82,40,14,26
050,05,109,"Arkansas","Pike County",5,83,44,20,24
050,05,109,"Arkansas","Pike County",5,84,44,20,24
050,05,109,"Arkansas","Pike County",5,85,246,84,162
050,05,111,"Arkansas","Poinsett County",1,0,270,139,131
050,05,111,"Arkansas","Poinsett County",1,1,298,149,149
050,05,111,"Arkansas","Poinsett County",1,2,299,142,157
050,05,111,"Arkansas","Poinsett County",1,3,301,149,152
050,05,111,"Arkansas","Poinsett County",1,4,327,171,156
050,05,111,"Arkansas","Poinsett County",1,5,286,153,133
050,05,111,"Arkansas","Poinsett County",1,6,292,151,141
050,05,111,"Arkansas","Poinsett County",1,7,293,154,139
050,05,111,"Arkansas","Poinsett County",1,8,311,166,145
050,05,111,"Arkansas","Poinsett County",1,9,284,147,137
050,05,111,"Arkansas","Poinsett County",1,10,336,180,156
050,05,111,"Arkansas","Poinsett County",1,11,332,158,174
050,05,111,"Arkansas","Poinsett County",1,12,329,165,164
050,05,111,"Arkansas","Poinsett County",1,13,324,157,167
050,05,111,"Arkansas","Poinsett County",1,14,311,166,145
050,05,111,"Arkansas","Poinsett County",1,15,321,155,166
050,05,111,"Arkansas","Poinsett County",1,16,318,154,164
050,05,111,"Arkansas","Poinsett County",1,17,297,135,162
050,05,111,"Arkansas","Poinsett County",1,18,280,141,139
050,05,111,"Arkansas","Poinsett County",1,19,225,114,111
050,05,111,"Arkansas","Poinsett County",1,20,233,132,101
050,05,111,"Arkansas","Poinsett County",1,21,227,107,120
050,05,111,"Arkansas","Poinsett County",1,22,267,130,137
050,05,111,"Arkansas","Poinsett County",1,23,280,129,151
050,05,111,"Arkansas","Poinsett County",1,24,260,134,126
050,05,111,"Arkansas","Poinsett County",1,25,265,139,126
050,05,111,"Arkansas","Poinsett County",1,26,272,133,139
050,05,111,"Arkansas","Poinsett County",1,27,278,135,143
050,05,111,"Arkansas","Poinsett County",1,28,294,145,149
050,05,111,"Arkansas","Poinsett County",1,29,315,157,158
050,05,111,"Arkansas","Poinsett County",1,30,327,161,166
050,05,111,"Arkansas","Poinsett County",1,31,296,152,144
050,05,111,"Arkansas","Poinsett County",1,32,282,138,144
050,05,111,"Arkansas","Poinsett County",1,33,251,123,128
050,05,111,"Arkansas","Poinsett County",1,34,271,137,134
050,05,111,"Arkansas","Poinsett County",1,35,255,120,135
050,05,111,"Arkansas","Poinsett County",1,36,248,118,130
050,05,111,"Arkansas","Poinsett County",1,37,270,139,131
050,05,111,"Arkansas","Poinsett County",1,38,241,116,125
050,05,111,"Arkansas","Poinsett County",1,39,266,125,141
050,05,111,"Arkansas","Poinsett County",1,40,276,138,138
050,05,111,"Arkansas","Poinsett County",1,41,255,126,129
050,05,111,"Arkansas","Poinsett County",1,42,282,135,147
050,05,111,"Arkansas","Poinsett County",1,43,273,137,136
050,05,111,"Arkansas","Poinsett County",1,44,238,117,121
050,05,111,"Arkansas","Poinsett County",1,45,249,126,123
050,05,111,"Arkansas","Poinsett County",1,46,256,129,127
050,05,111,"Arkansas","Poinsett County",1,47,305,148,157
050,05,111,"Arkansas","Poinsett County",1,48,308,159,149
050,05,111,"Arkansas","Poinsett County",1,49,312,148,164
050,05,111,"Arkansas","Poinsett County",1,50,315,155,160
050,05,111,"Arkansas","Poinsett County",1,51,301,154,147
050,05,111,"Arkansas","Poinsett County",1,52,280,142,138
050,05,111,"Arkansas","Poinsett County",1,53,293,151,142
050,05,111,"Arkansas","Poinsett County",1,54,302,159,143
050,05,111,"Arkansas","Poinsett County",1,55,340,181,159
050,05,111,"Arkansas","Poinsett County",1,56,334,167,167
050,05,111,"Arkansas","Poinsett County",1,57,334,161,173
050,05,111,"Arkansas","Poinsett County",1,58,329,154,175
050,05,111,"Arkansas","Poinsett County",1,59,301,137,164
050,05,111,"Arkansas","Poinsett County",1,60,301,148,153
050,05,111,"Arkansas","Poinsett County",1,61,300,142,158
050,05,111,"Arkansas","Poinsett County",1,62,301,157,144
050,05,111,"Arkansas","Poinsett County",1,63,275,151,124
050,05,111,"Arkansas","Poinsett County",1,64,295,148,147
050,05,111,"Arkansas","Poinsett County",1,65,268,134,134
050,05,111,"Arkansas","Poinsett County",1,66,256,118,138
050,05,111,"Arkansas","Poinsett County",1,67,275,108,167
050,05,111,"Arkansas","Poinsett County",1,68,261,123,138
050,05,111,"Arkansas","Poinsett County",1,69,227,105,122
050,05,111,"Arkansas","Poinsett County",1,70,241,106,135
050,05,111,"Arkansas","Poinsett County",1,71,232,106,126
050,05,111,"Arkansas","Poinsett County",1,72,252,116,136
050,05,111,"Arkansas","Poinsett County",1,73,243,109,134
050,05,111,"Arkansas","Poinsett County",1,74,172,71,101
050,05,111,"Arkansas","Poinsett County",1,75,184,78,106
050,05,111,"Arkansas","Poinsett County",1,76,185,76,109
050,05,111,"Arkansas","Poinsett County",1,77,173,75,98
050,05,111,"Arkansas","Poinsett County",1,78,161,72,89
050,05,111,"Arkansas","Poinsett County",1,79,151,63,88
050,05,111,"Arkansas","Poinsett County",1,80,110,42,68
050,05,111,"Arkansas","Poinsett County",1,81,116,47,69
050,05,111,"Arkansas","Poinsett County",1,82,107,43,64
050,05,111,"Arkansas","Poinsett County",1,83,93,41,52
050,05,111,"Arkansas","Poinsett County",1,84,84,34,50
050,05,111,"Arkansas","Poinsett County",1,85,387,133,254
050,05,111,"Arkansas","Poinsett County",2,0,291,156,135
050,05,111,"Arkansas","Poinsett County",2,1,292,146,146
050,05,111,"Arkansas","Poinsett County",2,2,294,141,153
050,05,111,"Arkansas","Poinsett County",2,3,303,149,154
050,05,111,"Arkansas","Poinsett County",2,4,320,168,152
050,05,111,"Arkansas","Poinsett County",2,5,293,155,138
050,05,111,"Arkansas","Poinsett County",2,6,288,149,139
050,05,111,"Arkansas","Poinsett County",2,7,293,152,141
050,05,111,"Arkansas","Poinsett County",2,8,305,162,143
050,05,111,"Arkansas","Poinsett County",2,9,292,154,138
050,05,111,"Arkansas","Poinsett County",2,10,324,169,155
050,05,111,"Arkansas","Poinsett County",2,11,331,163,168
050,05,111,"Arkansas","Poinsett County",2,12,332,165,167
050,05,111,"Arkansas","Poinsett County",2,13,324,159,165
050,05,111,"Arkansas","Poinsett County",2,14,318,165,153
050,05,111,"Arkansas","Poinsett County",2,15,319,158,161
050,05,111,"Arkansas","Poinsett County",2,16,319,153,166
050,05,111,"Arkansas","Poinsett County",2,17,302,141,161
050,05,111,"Arkansas","Poinsett County",2,18,268,133,135
050,05,111,"Arkansas","Poinsett County",2,19,224,114,110
050,05,111,"Arkansas","Poinsett County",2,20,233,128,105
050,05,111,"Arkansas","Poinsett County",2,21,232,115,117
050,05,111,"Arkansas","Poinsett County",2,22,261,126,135
050,05,111,"Arkansas","Poinsett County",2,23,278,131,147
050,05,111,"Arkansas","Poinsett County",2,24,263,133,130
050,05,111,"Arkansas","Poinsett County",2,25,265,140,125
050,05,111,"Arkansas","Poinsett County",2,26,274,137,137
050,05,111,"Arkansas","Poinsett County",2,27,276,134,142
050,05,111,"Arkansas","Poinsett County",2,28,287,141,146
050,05,111,"Arkansas","Poinsett County",2,29,311,155,156
050,05,111,"Arkansas","Poinsett County",2,30,325,161,164
050,05,111,"Arkansas","Poinsett County",2,31,301,153,148
050,05,111,"Arkansas","Poinsett County",2,32,283,141,142
050,05,111,"Arkansas","Poinsett County",2,33,257,127,130
050,05,111,"Arkansas","Poinsett County",2,34,265,133,132
050,05,111,"Arkansas","Poinsett County",2,35,263,128,135
050,05,111,"Arkansas","Poinsett County",2,36,251,120,131
050,05,111,"Arkansas","Poinsett County",2,37,262,133,129
050,05,111,"Arkansas","Poinsett County",2,38,246,122,124
050,05,111,"Arkansas","Poinsett County",2,39,257,123,134
050,05,111,"Arkansas","Poinsett County",2,40,276,137,139
050,05,111,"Arkansas","Poinsett County",2,41,261,129,132
050,05,111,"Arkansas","Poinsett County",2,42,275,133,142
050,05,111,"Arkansas","Poinsett County",2,43,276,137,139
050,05,111,"Arkansas","Poinsett County",2,44,242,119,123
050,05,111,"Arkansas","Poinsett County",2,45,248,126,122
050,05,111,"Arkansas","Poinsett County",2,46,252,126,126
050,05,111,"Arkansas","Poinsett County",2,47,294,145,149
050,05,111,"Arkansas","Poinsett County",2,48,305,154,151
050,05,111,"Arkansas","Poinsett County",2,49,313,152,161
050,05,111,"Arkansas","Poinsett County",2,50,316,155,161
050,05,111,"Arkansas","Poinsett County",2,51,302,154,148
050,05,111,"Arkansas","Poinsett County",2,52,285,146,139
050,05,111,"Arkansas","Poinsett County",2,53,292,150,142
050,05,111,"Arkansas","Poinsett County",2,54,297,156,141
050,05,111,"Arkansas","Poinsett County",2,55,331,175,156
050,05,111,"Arkansas","Poinsett County",2,56,338,171,167
050,05,111,"Arkansas","Poinsett County",2,57,332,160,172
050,05,111,"Arkansas","Poinsett County",2,58,327,155,172
050,05,111,"Arkansas","Poinsett County",2,59,306,141,165
050,05,111,"Arkansas","Poinsett County",2,60,300,145,155
050,05,111,"Arkansas","Poinsett County",2,61,299,143,156
050,05,111,"Arkansas","Poinsett County",2,62,301,154,147
050,05,111,"Arkansas","Poinsett County",2,63,283,153,130
050,05,111,"Arkansas","Poinsett County",2,64,287,147,140
050,05,111,"Arkansas","Poinsett County",2,65,273,136,137
050,05,111,"Arkansas","Poinsett County",2,66,261,123,138
050,05,111,"Arkansas","Poinsett County",2,67,267,109,158
050,05,111,"Arkansas","Poinsett County",2,68,264,118,146
050,05,111,"Arkansas","Poinsett County",2,69,233,108,125
050,05,111,"Arkansas","Poinsett County",2,70,237,105,132
050,05,111,"Arkansas","Poinsett County",2,71,231,105,126
050,05,111,"Arkansas","Poinsett County",2,72,243,112,131
050,05,111,"Arkansas","Poinsett County",2,73,256,117,139
050,05,111,"Arkansas","Poinsett County",2,74,175,74,101
050,05,111,"Arkansas","Poinsett County",2,75,179,77,102
050,05,111,"Arkansas","Poinsett County",2,76,184,76,108
050,05,111,"Arkansas","Poinsett County",2,77,177,77,100
050,05,111,"Arkansas","Poinsett County",2,78,157,70,87
050,05,111,"Arkansas","Poinsett County",2,79,150,62,88
050,05,111,"Arkansas","Poinsett County",2,80,118,47,71
050,05,111,"Arkansas","Poinsett County",2,81,110,44,66
050,05,111,"Arkansas","Poinsett County",2,82,108,43,65
050,05,111,"Arkansas","Poinsett County",2,83,96,41,55
050,05,111,"Arkansas","Poinsett County",2,84,83,34,49
050,05,111,"Arkansas","Poinsett County",2,85,392,135,257
050,05,111,"Arkansas","Poinsett County",3,0,269,134,135
050,05,111,"Arkansas","Poinsett County",3,1,287,155,132
050,05,111,"Arkansas","Poinsett County",3,2,291,146,145
050,05,111,"Arkansas","Poinsett County",3,3,309,145,164
050,05,111,"Arkansas","Poinsett County",3,4,303,143,160
050,05,111,"Arkansas","Poinsett County",3,5,318,173,145
050,05,111,"Arkansas","Poinsett County",3,6,296,162,134
050,05,111,"Arkansas","Poinsett County",3,7,289,148,141
050,05,111,"Arkansas","Poinsett County",3,8,295,163,132
050,05,111,"Arkansas","Poinsett County",3,9,298,166,132
050,05,111,"Arkansas","Poinsett County",3,10,286,159,127
050,05,111,"Arkansas","Poinsett County",3,11,307,150,157
050,05,111,"Arkansas","Poinsett County",3,12,310,153,157
050,05,111,"Arkansas","Poinsett County",3,13,320,167,153
050,05,111,"Arkansas","Poinsett County",3,14,312,155,157
050,05,111,"Arkansas","Poinsett County",3,15,305,154,151
050,05,111,"Arkansas","Poinsett County",3,16,321,160,161
050,05,111,"Arkansas","Poinsett County",3,17,323,154,169
050,05,111,"Arkansas","Poinsett County",3,18,263,132,131
050,05,111,"Arkansas","Poinsett County",3,19,213,104,109
050,05,111,"Arkansas","Poinsett County",3,20,240,121,119
050,05,111,"Arkansas","Poinsett County",3,21,244,128,116
050,05,111,"Arkansas","Poinsett County",3,22,258,136,122
050,05,111,"Arkansas","Poinsett County",3,23,278,129,149
050,05,111,"Arkansas","Poinsett County",3,24,284,134,150
050,05,111,"Arkansas","Poinsett County",3,25,268,132,136
050,05,111,"Arkansas","Poinsett County",3,26,274,143,131
050,05,111,"Arkansas","Poinsett County",3,27,275,139,136
050,05,111,"Arkansas","Poinsett County",3,28,256,127,129
050,05,111,"Arkansas","Poinsett County",3,29,304,145,159
050,05,111,"Arkansas","Poinsett County",3,30,314,150,164
050,05,111,"Arkansas","Poinsett County",3,31,316,157,159
050,05,111,"Arkansas","Poinsett County",3,32,303,152,151
050,05,111,"Arkansas","Poinsett County",3,33,294,153,141
050,05,111,"Arkansas","Poinsett County",3,34,255,133,122
050,05,111,"Arkansas","Poinsett County",3,35,253,128,125
050,05,111,"Arkansas","Poinsett County",3,36,262,131,131
050,05,111,"Arkansas","Poinsett County",3,37,243,113,130
050,05,111,"Arkansas","Poinsett County",3,38,263,129,134
050,05,111,"Arkansas","Poinsett County",3,39,242,119,123
050,05,111,"Arkansas","Poinsett County",3,40,260,130,130
050,05,111,"Arkansas","Poinsett County",3,41,271,129,142
050,05,111,"Arkansas","Poinsett County",3,42,264,134,130
050,05,111,"Arkansas","Poinsett County",3,43,270,136,134
050,05,111,"Arkansas","Poinsett County",3,44,276,141,135
050,05,111,"Arkansas","Poinsett County",3,45,239,114,125
050,05,111,"Arkansas","Poinsett County",3,46,244,123,121
050,05,111,"Arkansas","Poinsett County",3,47,248,125,123
050,05,111,"Arkansas","Poinsett County",3,48,290,139,151
050,05,111,"Arkansas","Poinsett County",3,49,309,153,156
050,05,111,"Arkansas","Poinsett County",3,50,299,150,149
050,05,111,"Arkansas","Poinsett County",3,51,309,154,155
050,05,111,"Arkansas","Poinsett County",3,52,284,139,145
050,05,111,"Arkansas","Poinsett County",3,53,286,145,141
050,05,111,"Arkansas","Poinsett County",3,54,288,146,142
050,05,111,"Arkansas","Poinsett County",3,55,298,158,140
050,05,111,"Arkansas","Poinsett County",3,56,343,182,161
050,05,111,"Arkansas","Poinsett County",3,57,340,170,170
050,05,111,"Arkansas","Poinsett County",3,58,329,156,173
050,05,111,"Arkansas","Poinsett County",3,59,309,143,166
050,05,111,"Arkansas","Poinsett County",3,60,307,143,164
050,05,111,"Arkansas","Poinsett County",3,61,299,140,159
050,05,111,"Arkansas","Poinsett County",3,62,288,134,154
050,05,111,"Arkansas","Poinsett County",3,63,287,149,138
050,05,111,"Arkansas","Poinsett County",3,64,284,152,132
050,05,111,"Arkansas","Poinsett County",3,65,274,136,138
050,05,111,"Arkansas","Poinsett County",3,66,261,129,132
050,05,111,"Arkansas","Poinsett County",3,67,246,117,129
050,05,111,"Arkansas","Poinsett County",3,68,253,99,154
050,05,111,"Arkansas","Poinsett County",3,69,251,113,138
050,05,111,"Arkansas","Poinsett County",3,70,231,105,126
050,05,111,"Arkansas","Poinsett County",3,71,218,100,118
050,05,111,"Arkansas","Poinsett County",3,72,221,101,120
050,05,111,"Arkansas","Poinsett County",3,73,231,104,127
050,05,111,"Arkansas","Poinsett County",3,74,238,108,130
050,05,111,"Arkansas","Poinsett County",3,75,167,70,97
050,05,111,"Arkansas","Poinsett County",3,76,172,72,100
050,05,111,"Arkansas","Poinsett County",3,77,166,68,98
050,05,111,"Arkansas","Poinsett County",3,78,166,70,96
050,05,111,"Arkansas","Poinsett County",3,79,143,57,86
050,05,111,"Arkansas","Poinsett County",3,80,138,58,80
050,05,111,"Arkansas","Poinsett County",3,81,111,44,67
050,05,111,"Arkansas","Poinsett County",3,82,97,40,57
050,05,111,"Arkansas","Poinsett County",3,83,92,37,55
050,05,111,"Arkansas","Poinsett County",3,84,84,38,46
050,05,111,"Arkansas","Poinsett County",3,85,369,129,240
050,05,111,"Arkansas","Poinsett County",4,0,289,143,146
050,05,111,"Arkansas","Poinsett County",4,1,290,156,134
050,05,111,"Arkansas","Poinsett County",4,2,284,148,136
050,05,111,"Arkansas","Poinsett County",4,3,285,148,137
050,05,111,"Arkansas","Poinsett County",4,4,316,155,161
050,05,111,"Arkansas","Poinsett County",4,5,307,152,155
050,05,111,"Arkansas","Poinsett County",4,6,321,168,153
050,05,111,"Arkansas","Poinsett County",4,7,300,158,142
050,05,111,"Arkansas","Poinsett County",4,8,273,140,133
050,05,111,"Arkansas","Poinsett County",4,9,284,148,136
050,05,111,"Arkansas","Poinsett County",4,10,295,164,131
050,05,111,"Arkansas","Poinsett County",4,11,284,159,125
050,05,111,"Arkansas","Poinsett County",4,12,305,151,154
050,05,111,"Arkansas","Poinsett County",4,13,313,158,155
050,05,111,"Arkansas","Poinsett County",4,14,329,171,158
050,05,111,"Arkansas","Poinsett County",4,15,311,154,157
050,05,111,"Arkansas","Poinsett County",4,16,308,152,156
050,05,111,"Arkansas","Poinsett County",4,17,335,166,169
050,05,111,"Arkansas","Poinsett County",4,18,264,131,133
050,05,111,"Arkansas","Poinsett County",4,19,198,97,101
050,05,111,"Arkansas","Poinsett County",4,20,212,112,100
050,05,111,"Arkansas","Poinsett County",4,21,256,127,129
050,05,111,"Arkansas","Poinsett County",4,22,247,127,120
050,05,111,"Arkansas","Poinsett County",4,23,272,136,136
050,05,111,"Arkansas","Poinsett County",4,24,262,125,137
050,05,111,"Arkansas","Poinsett County",4,25,275,132,143
050,05,111,"Arkansas","Poinsett County",4,26,267,128,139
050,05,111,"Arkansas","Poinsett County",4,27,284,150,134
050,05,111,"Arkansas","Poinsett County",4,28,278,143,135
050,05,111,"Arkansas","Poinsett County",4,29,263,131,132
050,05,111,"Arkansas","Poinsett County",4,30,289,140,149
050,05,111,"Arkansas","Poinsett County",4,31,313,157,156
050,05,111,"Arkansas","Poinsett County",4,32,312,157,155
050,05,111,"Arkansas","Poinsett County",4,33,279,137,142
050,05,111,"Arkansas","Poinsett County",4,34,295,146,149
050,05,111,"Arkansas","Poinsett County",4,35,263,135,128
050,05,111,"Arkansas","Poinsett County",4,36,267,139,128
050,05,111,"Arkansas","Poinsett County",4,37,271,133,138
050,05,111,"Arkansas","Poinsett County",4,38,236,114,122
050,05,111,"Arkansas","Poinsett County",4,39,258,123,135
050,05,111,"Arkansas","Poinsett County",4,40,243,120,123
050,05,111,"Arkansas","Poinsett County",4,41,242,118,124
050,05,111,"Arkansas","Poinsett County",4,42,274,133,141
050,05,111,"Arkansas","Poinsett County",4,43,256,130,126
050,05,111,"Arkansas","Poinsett County",4,44,265,132,133
050,05,111,"Arkansas","Poinsett County",4,45,270,134,136
050,05,111,"Arkansas","Poinsett County",4,46,240,117,123
050,05,111,"Arkansas","Poinsett County",4,47,246,120,126
050,05,111,"Arkansas","Poinsett County",4,48,248,124,124
050,05,111,"Arkansas","Poinsett County",4,49,286,137,149
050,05,111,"Arkansas","Poinsett County",4,50,301,157,144
050,05,111,"Arkansas","Poinsett County",4,51,300,142,158
050,05,111,"Arkansas","Poinsett County",4,52,303,146,157
050,05,111,"Arkansas","Poinsett County",4,53,280,139,141
050,05,111,"Arkansas","Poinsett County",4,54,285,146,139
050,05,111,"Arkansas","Poinsett County",4,55,276,138,138
050,05,111,"Arkansas","Poinsett County",4,56,297,154,143
050,05,111,"Arkansas","Poinsett County",4,57,329,168,161
050,05,111,"Arkansas","Poinsett County",4,58,319,162,157
050,05,111,"Arkansas","Poinsett County",4,59,312,148,164
050,05,111,"Arkansas","Poinsett County",4,60,302,143,159
050,05,111,"Arkansas","Poinsett County",4,61,306,143,163
050,05,111,"Arkansas","Poinsett County",4,62,287,133,154
050,05,111,"Arkansas","Poinsett County",4,63,281,131,150
050,05,111,"Arkansas","Poinsett County",4,64,286,148,138
050,05,111,"Arkansas","Poinsett County",4,65,274,146,128
050,05,111,"Arkansas","Poinsett County",4,66,267,131,136
050,05,111,"Arkansas","Poinsett County",4,67,247,118,129
050,05,111,"Arkansas","Poinsett County",4,68,241,108,133
050,05,111,"Arkansas","Poinsett County",4,69,245,96,149
050,05,111,"Arkansas","Poinsett County",4,70,243,105,138
050,05,111,"Arkansas","Poinsett County",4,71,212,94,118
050,05,111,"Arkansas","Poinsett County",4,72,212,96,116
050,05,111,"Arkansas","Poinsett County",4,73,215,98,117
050,05,111,"Arkansas","Poinsett County",4,74,213,95,118
050,05,111,"Arkansas","Poinsett County",4,75,223,101,122
050,05,111,"Arkansas","Poinsett County",4,76,163,68,95
050,05,111,"Arkansas","Poinsett County",4,77,156,70,86
050,05,111,"Arkansas","Poinsett County",4,78,163,66,97
050,05,111,"Arkansas","Poinsett County",4,79,153,59,94
050,05,111,"Arkansas","Poinsett County",4,80,135,55,80
050,05,111,"Arkansas","Poinsett County",4,81,134,51,83
050,05,111,"Arkansas","Poinsett County",4,82,100,35,65
050,05,111,"Arkansas","Poinsett County",4,83,77,33,44
050,05,111,"Arkansas","Poinsett County",4,84,89,35,54
050,05,111,"Arkansas","Poinsett County",4,85,367,137,230
050,05,111,"Arkansas","Poinsett County",5,0,292,144,148
050,05,111,"Arkansas","Poinsett County",5,1,289,130,159
050,05,111,"Arkansas","Poinsett County",5,2,298,162,136
050,05,111,"Arkansas","Poinsett County",5,3,280,143,137
050,05,111,"Arkansas","Poinsett County",5,4,288,148,140
050,05,111,"Arkansas","Poinsett County",5,5,301,151,150
050,05,111,"Arkansas","Poinsett County",5,6,296,150,146
050,05,111,"Arkansas","Poinsett County",5,7,329,163,166
050,05,111,"Arkansas","Poinsett County",5,8,307,168,139
050,05,111,"Arkansas","Poinsett County",5,9,298,153,145
050,05,111,"Arkansas","Poinsett County",5,10,284,150,134
050,05,111,"Arkansas","Poinsett County",5,11,308,174,134
050,05,111,"Arkansas","Poinsett County",5,12,290,173,117
050,05,111,"Arkansas","Poinsett County",5,13,302,148,154
050,05,111,"Arkansas","Poinsett County",5,14,328,168,160
050,05,111,"Arkansas","Poinsett County",5,15,328,168,160
050,05,111,"Arkansas","Poinsett County",5,16,314,155,159
050,05,111,"Arkansas","Poinsett County",5,17,310,154,156
050,05,111,"Arkansas","Poinsett County",5,18,260,132,128
050,05,111,"Arkansas","Poinsett County",5,19,210,107,103
050,05,111,"Arkansas","Poinsett County",5,20,219,111,108
050,05,111,"Arkansas","Poinsett County",5,21,217,113,104
050,05,111,"Arkansas","Poinsett County",5,22,268,127,141
050,05,111,"Arkansas","Poinsett County",5,23,266,137,129
050,05,111,"Arkansas","Poinsett County",5,24,277,135,142
050,05,111,"Arkansas","Poinsett County",5,25,273,126,147
050,05,111,"Arkansas","Poinsett County",5,26,282,137,145
050,05,111,"Arkansas","Poinsett County",5,27,264,131,133
050,05,111,"Arkansas","Poinsett County",5,28,282,143,139
050,05,111,"Arkansas","Poinsett County",5,29,299,149,150
050,05,111,"Arkansas","Poinsett County",5,30,262,130,132
050,05,111,"Arkansas","Poinsett County",5,31,299,144,155
050,05,111,"Arkansas","Poinsett County",5,32,299,141,158
050,05,111,"Arkansas","Poinsett County",5,33,300,150,150
050,05,111,"Arkansas","Poinsett County",5,34,288,139,149
050,05,111,"Arkansas","Poinsett County",5,35,294,142,152
050,05,111,"Arkansas","Poinsett County",5,36,274,143,131
050,05,111,"Arkansas","Poinsett County",5,37,280,141,139
050,05,111,"Arkansas","Poinsett County",5,38,265,128,137
050,05,111,"Arkansas","Poinsett County",5,39,217,103,114
050,05,111,"Arkansas","Poinsett County",5,40,250,123,127
050,05,111,"Arkansas","Poinsett County",5,41,245,113,132
050,05,111,"Arkansas","Poinsett County",5,42,236,116,120
050,05,111,"Arkansas","Poinsett County",5,43,272,135,137
050,05,111,"Arkansas","Poinsett County",5,44,244,122,122
050,05,111,"Arkansas","Poinsett County",5,45,268,133,135
050,05,111,"Arkansas","Poinsett County",5,46,275,136,139
050,05,111,"Arkansas","Poinsett County",5,47,244,118,126
050,05,111,"Arkansas","Poinsett County",5,48,238,120,118
050,05,111,"Arkansas","Poinsett County",5,49,252,122,130
050,05,111,"Arkansas","Poinsett County",5,50,285,142,143
050,05,111,"Arkansas","Poinsett County",5,51,304,159,145
050,05,111,"Arkansas","Poinsett County",5,52,289,138,151
050,05,111,"Arkansas","Poinsett County",5,53,298,148,150
050,05,111,"Arkansas","Poinsett County",5,54,271,132,139
050,05,111,"Arkansas","Poinsett County",5,55,280,146,134
050,05,111,"Arkansas","Poinsett County",5,56,274,136,138
050,05,111,"Arkansas","Poinsett County",5,57,287,141,146
050,05,111,"Arkansas","Poinsett County",5,58,320,162,158
050,05,111,"Arkansas","Poinsett County",5,59,309,152,157
050,05,111,"Arkansas","Poinsett County",5,60,305,144,161
050,05,111,"Arkansas","Poinsett County",5,61,301,143,158
050,05,111,"Arkansas","Poinsett County",5,62,300,143,157
050,05,111,"Arkansas","Poinsett County",5,63,284,130,154
050,05,111,"Arkansas","Poinsett County",5,64,282,135,147
050,05,111,"Arkansas","Poinsett County",5,65,275,140,135
050,05,111,"Arkansas","Poinsett County",5,66,263,138,125
050,05,111,"Arkansas","Poinsett County",5,67,251,122,129
050,05,111,"Arkansas","Poinsett County",5,68,246,113,133
050,05,111,"Arkansas","Poinsett County",5,69,239,108,131
050,05,111,"Arkansas","Poinsett County",5,70,240,87,153
050,05,111,"Arkansas","Poinsett County",5,71,228,98,130
050,05,111,"Arkansas","Poinsett County",5,72,202,90,112
050,05,111,"Arkansas","Poinsett County",5,73,205,92,113
050,05,111,"Arkansas","Poinsett County",5,74,200,89,111
050,05,111,"Arkansas","Poinsett County",5,75,200,90,110
050,05,111,"Arkansas","Poinsett County",5,76,216,96,120
050,05,111,"Arkansas","Poinsett County",5,77,147,63,84
050,05,111,"Arkansas","Poinsett County",5,78,151,67,84
050,05,111,"Arkansas","Poinsett County",5,79,151,54,97
050,05,111,"Arkansas","Poinsett County",5,80,137,53,84
050,05,111,"Arkansas","Poinsett County",5,81,130,48,82
050,05,111,"Arkansas","Poinsett County",5,82,126,42,84
050,05,111,"Arkansas","Poinsett County",5,83,85,29,56
050,05,111,"Arkansas","Poinsett County",5,84,73,31,42
050,05,111,"Arkansas","Poinsett County",5,85,382,146,236
050,05,113,"Arkansas","Polk County",1,0,185,95,90
050,05,113,"Arkansas","Polk County",1,1,185,101,84
050,05,113,"Arkansas","Polk County",1,2,201,107,94
050,05,113,"Arkansas","Polk County",1,3,219,121,98
050,05,113,"Arkansas","Polk County",1,4,240,123,117
050,05,113,"Arkansas","Polk County",1,5,237,123,114
050,05,113,"Arkansas","Polk County",1,6,253,127,126
050,05,113,"Arkansas","Polk County",1,7,248,133,115
050,05,113,"Arkansas","Polk County",1,8,245,125,120
050,05,113,"Arkansas","Polk County",1,9,235,112,123
050,05,113,"Arkansas","Polk County",1,10,250,117,133
050,05,113,"Arkansas","Polk County",1,11,244,115,129
050,05,113,"Arkansas","Polk County",1,12,263,132,131
050,05,113,"Arkansas","Polk County",1,13,265,131,134
050,05,113,"Arkansas","Polk County",1,14,266,122,144
050,05,113,"Arkansas","Polk County",1,15,281,134,147
050,05,113,"Arkansas","Polk County",1,16,292,136,156
050,05,113,"Arkansas","Polk County",1,17,289,147,142
050,05,113,"Arkansas","Polk County",1,18,225,118,107
050,05,113,"Arkansas","Polk County",1,19,179,99,80
050,05,113,"Arkansas","Polk County",1,20,198,111,87
050,05,113,"Arkansas","Polk County",1,21,205,115,90
050,05,113,"Arkansas","Polk County",1,22,220,117,103
050,05,113,"Arkansas","Polk County",1,23,197,98,99
050,05,113,"Arkansas","Polk County",1,24,171,92,79
050,05,113,"Arkansas","Polk County",1,25,183,96,87
050,05,113,"Arkansas","Polk County",1,26,185,92,93
050,05,113,"Arkansas","Polk County",1,27,205,98,107
050,05,113,"Arkansas","Polk County",1,28,221,96,125
050,05,113,"Arkansas","Polk County",1,29,218,102,116
050,05,113,"Arkansas","Polk County",1,30,204,100,104
050,05,113,"Arkansas","Polk County",1,31,192,100,92
050,05,113,"Arkansas","Polk County",1,32,184,96,88
050,05,113,"Arkansas","Polk County",1,33,174,85,89
050,05,113,"Arkansas","Polk County",1,34,185,91,94
050,05,113,"Arkansas","Polk County",1,35,189,95,94
050,05,113,"Arkansas","Polk County",1,36,204,99,105
050,05,113,"Arkansas","Polk County",1,37,207,106,101
050,05,113,"Arkansas","Polk County",1,38,195,89,106
050,05,113,"Arkansas","Polk County",1,39,194,93,101
050,05,113,"Arkansas","Polk County",1,40,194,99,95
050,05,113,"Arkansas","Polk County",1,41,206,105,101
050,05,113,"Arkansas","Polk County",1,42,208,106,102
050,05,113,"Arkansas","Polk County",1,43,188,81,107
050,05,113,"Arkansas","Polk County",1,44,197,95,102
050,05,113,"Arkansas","Polk County",1,45,216,114,102
050,05,113,"Arkansas","Polk County",1,46,209,108,101
050,05,113,"Arkansas","Polk County",1,47,209,107,102
050,05,113,"Arkansas","Polk County",1,48,238,108,130
050,05,113,"Arkansas","Polk County",1,49,259,118,141
050,05,113,"Arkansas","Polk County",1,50,252,125,127
050,05,113,"Arkansas","Polk County",1,51,229,120,109
050,05,113,"Arkansas","Polk County",1,52,220,120,100
050,05,113,"Arkansas","Polk County",1,53,241,124,117
050,05,113,"Arkansas","Polk County",1,54,234,114,120
050,05,113,"Arkansas","Polk County",1,55,233,113,120
050,05,113,"Arkansas","Polk County",1,56,259,126,133
050,05,113,"Arkansas","Polk County",1,57,299,157,142
050,05,113,"Arkansas","Polk County",1,58,296,149,147
050,05,113,"Arkansas","Polk County",1,59,293,143,150
050,05,113,"Arkansas","Polk County",1,60,287,137,150
050,05,113,"Arkansas","Polk County",1,61,276,131,145
050,05,113,"Arkansas","Polk County",1,62,275,127,148
050,05,113,"Arkansas","Polk County",1,63,294,142,152
050,05,113,"Arkansas","Polk County",1,64,266,124,142
050,05,113,"Arkansas","Polk County",1,65,267,138,129
050,05,113,"Arkansas","Polk County",1,66,291,148,143
050,05,113,"Arkansas","Polk County",1,67,256,123,133
050,05,113,"Arkansas","Polk County",1,68,267,136,131
050,05,113,"Arkansas","Polk County",1,69,247,121,126
050,05,113,"Arkansas","Polk County",1,70,259,128,131
050,05,113,"Arkansas","Polk County",1,71,268,124,144
050,05,113,"Arkansas","Polk County",1,72,247,117,130
050,05,113,"Arkansas","Polk County",1,73,256,124,132
050,05,113,"Arkansas","Polk County",1,74,184,91,93
050,05,113,"Arkansas","Polk County",1,75,198,90,108
050,05,113,"Arkansas","Polk County",1,76,209,94,115
050,05,113,"Arkansas","Polk County",1,77,206,88,118
050,05,113,"Arkansas","Polk County",1,78,165,82,83
050,05,113,"Arkansas","Polk County",1,79,134,61,73
050,05,113,"Arkansas","Polk County",1,80,133,65,68
050,05,113,"Arkansas","Polk County",1,81,128,63,65
050,05,113,"Arkansas","Polk County",1,82,104,47,57
050,05,113,"Arkansas","Polk County",1,83,92,40,52
050,05,113,"Arkansas","Polk County",1,84,89,40,49
050,05,113,"Arkansas","Polk County",1,85,402,154,248
050,05,113,"Arkansas","Polk County",2,0,191,107,84
050,05,113,"Arkansas","Polk County",2,1,181,97,84
050,05,113,"Arkansas","Polk County",2,2,195,104,91
050,05,113,"Arkansas","Polk County",2,3,216,118,98
050,05,113,"Arkansas","Polk County",2,4,238,124,114
050,05,113,"Arkansas","Polk County",2,5,238,123,115
050,05,113,"Arkansas","Polk County",2,6,250,126,124
050,05,113,"Arkansas","Polk County",2,7,249,131,118
050,05,113,"Arkansas","Polk County",2,8,245,126,119
050,05,113,"Arkansas","Polk County",2,9,234,113,121
050,05,113,"Arkansas","Polk County",2,10,246,116,130
050,05,113,"Arkansas","Polk County",2,11,244,114,130
050,05,113,"Arkansas","Polk County",2,12,261,129,132
050,05,113,"Arkansas","Polk County",2,13,263,130,133
050,05,113,"Arkansas","Polk County",2,14,263,122,141
050,05,113,"Arkansas","Polk County",2,15,281,133,148
050,05,113,"Arkansas","Polk County",2,16,289,136,153
050,05,113,"Arkansas","Polk County",2,17,286,142,144
050,05,113,"Arkansas","Polk County",2,18,229,120,109
050,05,113,"Arkansas","Polk County",2,19,182,100,82
050,05,113,"Arkansas","Polk County",2,20,200,111,89
050,05,113,"Arkansas","Polk County",2,21,208,117,91
050,05,113,"Arkansas","Polk County",2,22,214,114,100
050,05,113,"Arkansas","Polk County",2,23,201,102,99
050,05,113,"Arkansas","Polk County",2,24,178,94,84
050,05,113,"Arkansas","Polk County",2,25,180,95,85
050,05,113,"Arkansas","Polk County",2,26,186,93,93
050,05,113,"Arkansas","Polk County",2,27,199,95,104
050,05,113,"Arkansas","Polk County",2,28,219,98,121
050,05,113,"Arkansas","Polk County",2,29,217,100,117
050,05,113,"Arkansas","Polk County",2,30,209,101,108
050,05,113,"Arkansas","Polk County",2,31,193,100,93
050,05,113,"Arkansas","Polk County",2,32,184,94,90
050,05,113,"Arkansas","Polk County",2,33,176,86,90
050,05,113,"Arkansas","Polk County",2,34,181,89,92
050,05,113,"Arkansas","Polk County",2,35,189,95,94
050,05,113,"Arkansas","Polk County",2,36,200,98,102
050,05,113,"Arkansas","Polk County",2,37,205,104,101
050,05,113,"Arkansas","Polk County",2,38,199,93,106
050,05,113,"Arkansas","Polk County",2,39,192,92,100
050,05,113,"Arkansas","Polk County",2,40,190,96,94
050,05,113,"Arkansas","Polk County",2,41,205,105,100
050,05,113,"Arkansas","Polk County",2,42,206,104,102
050,05,113,"Arkansas","Polk County",2,43,194,88,106
050,05,113,"Arkansas","Polk County",2,44,191,90,101
050,05,113,"Arkansas","Polk County",2,45,212,110,102
050,05,113,"Arkansas","Polk County",2,46,209,109,100
050,05,113,"Arkansas","Polk County",2,47,208,105,103
050,05,113,"Arkansas","Polk County",2,48,229,105,124
050,05,113,"Arkansas","Polk County",2,49,252,115,137
050,05,113,"Arkansas","Polk County",2,50,251,121,130
050,05,113,"Arkansas","Polk County",2,51,233,120,113
050,05,113,"Arkansas","Polk County",2,52,222,120,102
050,05,113,"Arkansas","Polk County",2,53,234,122,112
050,05,113,"Arkansas","Polk County",2,54,234,115,119
050,05,113,"Arkansas","Polk County",2,55,235,114,121
050,05,113,"Arkansas","Polk County",2,56,254,125,129
050,05,113,"Arkansas","Polk County",2,57,292,151,141
050,05,113,"Arkansas","Polk County",2,58,295,151,144
050,05,113,"Arkansas","Polk County",2,59,297,146,151
050,05,113,"Arkansas","Polk County",2,60,290,138,152
050,05,113,"Arkansas","Polk County",2,61,277,133,144
050,05,113,"Arkansas","Polk County",2,62,274,127,147
050,05,113,"Arkansas","Polk County",2,63,293,140,153
050,05,113,"Arkansas","Polk County",2,64,274,129,145
050,05,113,"Arkansas","Polk County",2,65,268,136,132
050,05,113,"Arkansas","Polk County",2,66,283,146,137
050,05,113,"Arkansas","Polk County",2,67,263,127,136
050,05,113,"Arkansas","Polk County",2,68,262,133,129
050,05,113,"Arkansas","Polk County",2,69,253,125,128
050,05,113,"Arkansas","Polk County",2,70,254,126,128
050,05,113,"Arkansas","Polk County",2,71,264,124,140
050,05,113,"Arkansas","Polk County",2,72,248,117,131
050,05,113,"Arkansas","Polk County",2,73,268,129,139
050,05,113,"Arkansas","Polk County",2,74,189,92,97
050,05,113,"Arkansas","Polk County",2,75,194,90,104
050,05,113,"Arkansas","Polk County",2,76,201,92,109
050,05,113,"Arkansas","Polk County",2,77,211,91,120
050,05,113,"Arkansas","Polk County",2,78,164,79,85
050,05,113,"Arkansas","Polk County",2,79,141,65,76
050,05,113,"Arkansas","Polk County",2,80,129,61,68
050,05,113,"Arkansas","Polk County",2,81,130,64,66
050,05,113,"Arkansas","Polk County",2,82,107,49,58
050,05,113,"Arkansas","Polk County",2,83,91,41,50
050,05,113,"Arkansas","Polk County",2,84,89,39,50
050,05,113,"Arkansas","Polk County",2,85,406,157,249
050,05,113,"Arkansas","Polk County",3,0,202,111,91
050,05,113,"Arkansas","Polk County",3,1,199,116,83
050,05,113,"Arkansas","Polk County",3,2,193,105,88
050,05,113,"Arkansas","Polk County",3,3,201,110,91
050,05,113,"Arkansas","Polk County",3,4,227,126,101
050,05,113,"Arkansas","Polk County",3,5,261,129,132
050,05,113,"Arkansas","Polk County",3,6,243,131,112
050,05,113,"Arkansas","Polk County",3,7,276,137,139
050,05,113,"Arkansas","Polk County",3,8,264,142,122
050,05,113,"Arkansas","Polk County",3,9,244,129,115
050,05,113,"Arkansas","Polk County",3,10,241,110,131
050,05,113,"Arkansas","Polk County",3,11,237,112,125
050,05,113,"Arkansas","Polk County",3,12,240,108,132
050,05,113,"Arkansas","Polk County",3,13,262,130,132
050,05,113,"Arkansas","Polk County",3,14,268,132,136
050,05,113,"Arkansas","Polk County",3,15,263,120,143
050,05,113,"Arkansas","Polk County",3,16,269,128,141
050,05,113,"Arkansas","Polk County",3,17,280,130,150
050,05,113,"Arkansas","Polk County",3,18,244,119,125
050,05,113,"Arkansas","Polk County",3,19,185,95,90
050,05,113,"Arkansas","Polk County",3,20,200,112,88
050,05,113,"Arkansas","Polk County",3,21,206,106,100
050,05,113,"Arkansas","Polk County",3,22,209,118,91
050,05,113,"Arkansas","Polk County",3,23,221,118,103
050,05,113,"Arkansas","Polk County",3,24,202,99,103
050,05,113,"Arkansas","Polk County",3,25,178,100,78
050,05,113,"Arkansas","Polk County",3,26,184,96,88
050,05,113,"Arkansas","Polk County",3,27,198,98,100
050,05,113,"Arkansas","Polk County",3,28,207,99,108
050,05,113,"Arkansas","Polk County",3,29,230,108,122
050,05,113,"Arkansas","Polk County",3,30,218,99,119
050,05,113,"Arkansas","Polk County",3,31,222,113,109
050,05,113,"Arkansas","Polk County",3,32,192,100,92
050,05,113,"Arkansas","Polk County",3,33,188,94,94
050,05,113,"Arkansas","Polk County",3,34,175,91,84
050,05,113,"Arkansas","Polk County",3,35,188,92,96
050,05,113,"Arkansas","Polk County",3,36,199,96,103
050,05,113,"Arkansas","Polk County",3,37,199,96,103
050,05,113,"Arkansas","Polk County",3,38,215,108,107
050,05,113,"Arkansas","Polk County",3,39,211,100,111
050,05,113,"Arkansas","Polk County",3,40,192,94,98
050,05,113,"Arkansas","Polk County",3,41,189,96,93
050,05,113,"Arkansas","Polk County",3,42,206,107,99
050,05,113,"Arkansas","Polk County",3,43,209,109,100
050,05,113,"Arkansas","Polk County",3,44,195,87,108
050,05,113,"Arkansas","Polk County",3,45,190,89,101
050,05,113,"Arkansas","Polk County",3,46,223,110,113
050,05,113,"Arkansas","Polk County",3,47,216,113,103
050,05,113,"Arkansas","Polk County",3,48,207,105,102
050,05,113,"Arkansas","Polk County",3,49,228,106,122
050,05,113,"Arkansas","Polk County",3,50,260,115,145
050,05,113,"Arkansas","Polk County",3,51,246,119,127
050,05,113,"Arkansas","Polk County",3,52,235,124,111
050,05,113,"Arkansas","Polk County",3,53,227,124,103
050,05,113,"Arkansas","Polk County",3,54,233,116,117
050,05,113,"Arkansas","Polk County",3,55,236,116,120
050,05,113,"Arkansas","Polk County",3,56,236,120,116
050,05,113,"Arkansas","Polk County",3,57,250,123,127
050,05,113,"Arkansas","Polk County",3,58,295,151,144
050,05,113,"Arkansas","Polk County",3,59,294,150,144
050,05,113,"Arkansas","Polk County",3,60,312,154,158
050,05,113,"Arkansas","Polk County",3,61,302,137,165
050,05,113,"Arkansas","Polk County",3,62,291,141,150
050,05,113,"Arkansas","Polk County",3,63,277,130,147
050,05,113,"Arkansas","Polk County",3,64,290,136,154
050,05,113,"Arkansas","Polk County",3,65,277,131,146
050,05,113,"Arkansas","Polk County",3,66,273,142,131
050,05,113,"Arkansas","Polk County",3,67,284,143,141
050,05,113,"Arkansas","Polk County",3,68,253,124,129
050,05,113,"Arkansas","Polk County",3,69,265,134,131
050,05,113,"Arkansas","Polk County",3,70,250,124,126
050,05,113,"Arkansas","Polk County",3,71,253,127,126
050,05,113,"Arkansas","Polk County",3,72,259,123,136
050,05,113,"Arkansas","Polk County",3,73,238,114,124
050,05,113,"Arkansas","Polk County",3,74,253,119,134
050,05,113,"Arkansas","Polk County",3,75,178,84,94
050,05,113,"Arkansas","Polk County",3,76,184,92,92
050,05,113,"Arkansas","Polk County",3,77,191,87,104
050,05,113,"Arkansas","Polk County",3,78,196,84,112
050,05,113,"Arkansas","Polk County",3,79,158,72,86
050,05,113,"Arkansas","Polk County",3,80,128,58,70
050,05,113,"Arkansas","Polk County",3,81,116,55,61
050,05,113,"Arkansas","Polk County",3,82,120,58,62
050,05,113,"Arkansas","Polk County",3,83,99,45,54
050,05,113,"Arkansas","Polk County",3,84,85,38,47
050,05,113,"Arkansas","Polk County",3,85,393,162,231
050,05,113,"Arkansas","Polk County",4,0,202,107,95
050,05,113,"Arkansas","Polk County",4,1,204,110,94
050,05,113,"Arkansas","Polk County",4,2,201,113,88
050,05,113,"Arkansas","Polk County",4,3,194,101,93
050,05,113,"Arkansas","Polk County",4,4,201,112,89
050,05,113,"Arkansas","Polk County",4,5,244,138,106
050,05,113,"Arkansas","Polk County",4,6,247,122,125
050,05,113,"Arkansas","Polk County",4,7,247,132,115
050,05,113,"Arkansas","Polk County",4,8,269,136,133
050,05,113,"Arkansas","Polk County",4,9,260,139,121
050,05,113,"Arkansas","Polk County",4,10,249,131,118
050,05,113,"Arkansas","Polk County",4,11,234,104,130
050,05,113,"Arkansas","Polk County",4,12,236,111,125
050,05,113,"Arkansas","Polk County",4,13,238,113,125
050,05,113,"Arkansas","Polk County",4,14,260,127,133
050,05,113,"Arkansas","Polk County",4,15,274,139,135
050,05,113,"Arkansas","Polk County",4,16,264,123,141
050,05,113,"Arkansas","Polk County",4,17,278,132,146
050,05,113,"Arkansas","Polk County",4,18,230,108,122
050,05,113,"Arkansas","Polk County",4,19,191,95,96
050,05,113,"Arkansas","Polk County",4,20,191,100,91
050,05,113,"Arkansas","Polk County",4,21,202,115,87
050,05,113,"Arkansas","Polk County",4,22,217,109,108
050,05,113,"Arkansas","Polk County",4,23,216,116,100
050,05,113,"Arkansas","Polk County",4,24,213,115,98
050,05,113,"Arkansas","Polk County",4,25,209,99,110
050,05,113,"Arkansas","Polk County",4,26,190,106,84
050,05,113,"Arkansas","Polk County",4,27,181,90,91
050,05,113,"Arkansas","Polk County",4,28,204,106,98
050,05,113,"Arkansas","Polk County",4,29,207,101,106
050,05,113,"Arkansas","Polk County",4,30,228,111,117
050,05,113,"Arkansas","Polk County",4,31,230,106,124
050,05,113,"Arkansas","Polk County",4,32,217,110,107
050,05,113,"Arkansas","Polk County",4,33,208,103,105
050,05,113,"Arkansas","Polk County",4,34,196,95,101
050,05,113,"Arkansas","Polk County",4,35,183,95,88
050,05,113,"Arkansas","Polk County",4,36,187,87,100
050,05,113,"Arkansas","Polk County",4,37,194,92,102
050,05,113,"Arkansas","Polk County",4,38,198,100,98
050,05,113,"Arkansas","Polk County",4,39,209,108,101
050,05,113,"Arkansas","Polk County",4,40,212,103,109
050,05,113,"Arkansas","Polk County",4,41,195,94,101
050,05,113,"Arkansas","Polk County",4,42,190,94,96
050,05,113,"Arkansas","Polk County",4,43,213,108,105
050,05,113,"Arkansas","Polk County",4,44,206,105,101
050,05,113,"Arkansas","Polk County",4,45,202,90,112
050,05,113,"Arkansas","Polk County",4,46,192,86,106
050,05,113,"Arkansas","Polk County",4,47,227,109,118
050,05,113,"Arkansas","Polk County",4,48,225,115,110
050,05,113,"Arkansas","Polk County",4,49,207,103,104
050,05,113,"Arkansas","Polk County",4,50,224,106,118
050,05,113,"Arkansas","Polk County",4,51,262,118,144
050,05,113,"Arkansas","Polk County",4,52,245,118,127
050,05,113,"Arkansas","Polk County",4,53,248,132,116
050,05,113,"Arkansas","Polk County",4,54,231,125,106
050,05,113,"Arkansas","Polk County",4,55,244,120,124
050,05,113,"Arkansas","Polk County",4,56,245,124,121
050,05,113,"Arkansas","Polk County",4,57,228,117,111
050,05,113,"Arkansas","Polk County",4,58,249,119,130
050,05,113,"Arkansas","Polk County",4,59,293,151,142
050,05,113,"Arkansas","Polk County",4,60,285,142,143
050,05,113,"Arkansas","Polk County",4,61,312,150,162
050,05,113,"Arkansas","Polk County",4,62,312,143,169
050,05,113,"Arkansas","Polk County",4,63,296,145,151
050,05,113,"Arkansas","Polk County",4,64,280,126,154
050,05,113,"Arkansas","Polk County",4,65,285,133,152
050,05,113,"Arkansas","Polk County",4,66,284,139,145
050,05,113,"Arkansas","Polk County",4,67,266,134,132
050,05,113,"Arkansas","Polk County",4,68,281,141,140
050,05,113,"Arkansas","Polk County",4,69,253,121,132
050,05,113,"Arkansas","Polk County",4,70,252,128,124
050,05,113,"Arkansas","Polk County",4,71,253,126,127
050,05,113,"Arkansas","Polk County",4,72,245,120,125
050,05,113,"Arkansas","Polk County",4,73,249,120,129
050,05,113,"Arkansas","Polk County",4,74,238,113,125
050,05,113,"Arkansas","Polk County",4,75,244,107,137
050,05,113,"Arkansas","Polk County",4,76,169,80,89
050,05,113,"Arkansas","Polk County",4,77,181,90,91
050,05,113,"Arkansas","Polk County",4,78,182,86,96
050,05,113,"Arkansas","Polk County",4,79,179,77,102
050,05,113,"Arkansas","Polk County",4,80,146,65,81
050,05,113,"Arkansas","Polk County",4,81,121,54,67
050,05,113,"Arkansas","Polk County",4,82,97,46,51
050,05,113,"Arkansas","Polk County",4,83,109,51,58
050,05,113,"Arkansas","Polk County",4,84,88,37,51
050,05,113,"Arkansas","Polk County",4,85,386,162,224
050,05,113,"Arkansas","Polk County",5,0,200,106,94
050,05,113,"Arkansas","Polk County",5,1,217,113,104
050,05,113,"Arkansas","Polk County",5,2,219,113,106
050,05,113,"Arkansas","Polk County",5,3,201,113,88
050,05,113,"Arkansas","Polk County",5,4,198,101,97
050,05,113,"Arkansas","Polk County",5,5,212,117,95
050,05,113,"Arkansas","Polk County",5,6,241,137,104
050,05,113,"Arkansas","Polk County",5,7,252,120,132
050,05,113,"Arkansas","Polk County",5,8,248,135,113
050,05,113,"Arkansas","Polk County",5,9,269,135,134
050,05,113,"Arkansas","Polk County",5,10,266,136,130
050,05,113,"Arkansas","Polk County",5,11,254,135,119
050,05,113,"Arkansas","Polk County",5,12,241,114,127
050,05,113,"Arkansas","Polk County",5,13,242,114,128
050,05,113,"Arkansas","Polk County",5,14,237,113,124
050,05,113,"Arkansas","Polk County",5,15,269,129,140
050,05,113,"Arkansas","Polk County",5,16,274,139,135
050,05,113,"Arkansas","Polk County",5,17,255,121,134
050,05,113,"Arkansas","Polk County",5,18,237,116,121
050,05,113,"Arkansas","Polk County",5,19,172,81,91
050,05,113,"Arkansas","Polk County",5,20,218,110,108
050,05,113,"Arkansas","Polk County",5,21,198,107,91
050,05,113,"Arkansas","Polk County",5,22,207,117,90
050,05,113,"Arkansas","Polk County",5,23,224,115,109
050,05,113,"Arkansas","Polk County",5,24,214,111,103
050,05,113,"Arkansas","Polk County",5,25,219,122,97
050,05,113,"Arkansas","Polk County",5,26,207,97,110
050,05,113,"Arkansas","Polk County",5,27,181,105,76
050,05,113,"Arkansas","Polk County",5,28,188,87,101
050,05,113,"Arkansas","Polk County",5,29,193,101,92
050,05,113,"Arkansas","Polk County",5,30,209,104,105
050,05,113,"Arkansas","Polk County",5,31,230,114,116
050,05,113,"Arkansas","Polk County",5,32,238,108,130
050,05,113,"Arkansas","Polk County",5,33,215,106,109
050,05,113,"Arkansas","Polk County",5,34,206,104,102
050,05,113,"Arkansas","Polk County",5,35,206,97,109
050,05,113,"Arkansas","Polk County",5,36,187,99,88
050,05,113,"Arkansas","Polk County",5,37,187,86,101
050,05,113,"Arkansas","Polk County",5,38,198,93,105
050,05,113,"Arkansas","Polk County",5,39,200,103,97
050,05,113,"Arkansas","Polk County",5,40,206,103,103
050,05,113,"Arkansas","Polk County",5,41,212,106,106
050,05,113,"Arkansas","Polk County",5,42,202,95,107
050,05,113,"Arkansas","Polk County",5,43,193,98,95
050,05,113,"Arkansas","Polk County",5,44,212,109,103
050,05,113,"Arkansas","Polk County",5,45,213,107,106
050,05,113,"Arkansas","Polk County",5,46,204,95,109
050,05,113,"Arkansas","Polk County",5,47,190,85,105
050,05,113,"Arkansas","Polk County",5,48,223,106,117
050,05,113,"Arkansas","Polk County",5,49,225,114,111
050,05,113,"Arkansas","Polk County",5,50,210,107,103
050,05,113,"Arkansas","Polk County",5,51,233,110,123
050,05,113,"Arkansas","Polk County",5,52,265,116,149
050,05,113,"Arkansas","Polk County",5,53,254,119,135
050,05,113,"Arkansas","Polk County",5,54,257,137,120
050,05,113,"Arkansas","Polk County",5,55,233,127,106
050,05,113,"Arkansas","Polk County",5,56,250,121,129
050,05,113,"Arkansas","Polk County",5,57,249,128,121
050,05,113,"Arkansas","Polk County",5,58,231,119,112
050,05,113,"Arkansas","Polk County",5,59,259,120,139
050,05,113,"Arkansas","Polk County",5,60,293,151,142
050,05,113,"Arkansas","Polk County",5,61,280,143,137
050,05,113,"Arkansas","Polk County",5,62,306,148,158
050,05,113,"Arkansas","Polk County",5,63,314,141,173
050,05,113,"Arkansas","Polk County",5,64,315,161,154
050,05,113,"Arkansas","Polk County",5,65,289,132,157
050,05,113,"Arkansas","Polk County",5,66,283,134,149
050,05,113,"Arkansas","Polk County",5,67,280,132,148
050,05,113,"Arkansas","Polk County",5,68,256,130,126
050,05,113,"Arkansas","Polk County",5,69,275,136,139
050,05,113,"Arkansas","Polk County",5,70,251,117,134
050,05,113,"Arkansas","Polk County",5,71,246,122,124
050,05,113,"Arkansas","Polk County",5,72,245,118,127
050,05,113,"Arkansas","Polk County",5,73,238,120,118
050,05,113,"Arkansas","Polk County",5,74,250,119,131
050,05,113,"Arkansas","Polk County",5,75,229,101,128
050,05,113,"Arkansas","Polk County",5,76,231,101,130
050,05,113,"Arkansas","Polk County",5,77,165,76,89
050,05,113,"Arkansas","Polk County",5,78,171,87,84
050,05,113,"Arkansas","Polk County",5,79,173,82,91
050,05,113,"Arkansas","Polk County",5,80,164,68,96
050,05,113,"Arkansas","Polk County",5,81,136,57,79
050,05,113,"Arkansas","Polk County",5,82,108,47,61
050,05,113,"Arkansas","Polk County",5,83,92,42,50
050,05,113,"Arkansas","Polk County",5,84,100,47,53
050,05,113,"Arkansas","Polk County",5,85,396,165,231
050,05,115,"Arkansas","Pope County",1,0,758,389,369
050,05,115,"Arkansas","Pope County",1,1,765,386,379
050,05,115,"Arkansas","Pope County",1,2,786,399,387
050,05,115,"Arkansas","Pope County",1,3,839,441,398
050,05,115,"Arkansas","Pope County",1,4,806,408,398
050,05,115,"Arkansas","Pope County",1,5,802,407,395
050,05,115,"Arkansas","Pope County",1,6,800,415,385
050,05,115,"Arkansas","Pope County",1,7,746,385,361
050,05,115,"Arkansas","Pope County",1,8,771,408,363
050,05,115,"Arkansas","Pope County",1,9,822,430,392
050,05,115,"Arkansas","Pope County",1,10,842,447,395
050,05,115,"Arkansas","Pope County",1,11,868,442,426
050,05,115,"Arkansas","Pope County",1,12,926,467,459
050,05,115,"Arkansas","Pope County",1,13,895,451,444
050,05,115,"Arkansas","Pope County",1,14,848,418,430
050,05,115,"Arkansas","Pope County",1,15,840,440,400
050,05,115,"Arkansas","Pope County",1,16,821,416,405
050,05,115,"Arkansas","Pope County",1,17,775,404,371
050,05,115,"Arkansas","Pope County",1,18,1036,515,521
050,05,115,"Arkansas","Pope County",1,19,1329,702,627
050,05,115,"Arkansas","Pope County",1,20,1116,558,558
050,05,115,"Arkansas","Pope County",1,21,1108,569,539
050,05,115,"Arkansas","Pope County",1,22,1001,525,476
050,05,115,"Arkansas","Pope County",1,23,867,438,429
050,05,115,"Arkansas","Pope County",1,24,824,408,416
050,05,115,"Arkansas","Pope County",1,25,821,407,414
050,05,115,"Arkansas","Pope County",1,26,854,434,420
050,05,115,"Arkansas","Pope County",1,27,850,417,433
050,05,115,"Arkansas","Pope County",1,28,870,422,448
050,05,115,"Arkansas","Pope County",1,29,936,467,469
050,05,115,"Arkansas","Pope County",1,30,913,471,442
050,05,115,"Arkansas","Pope County",1,31,858,426,432
050,05,115,"Arkansas","Pope County",1,32,824,415,409
050,05,115,"Arkansas","Pope County",1,33,841,438,403
050,05,115,"Arkansas","Pope County",1,34,749,401,348
050,05,115,"Arkansas","Pope County",1,35,766,379,387
050,05,115,"Arkansas","Pope County",1,36,790,394,396
050,05,115,"Arkansas","Pope County",1,37,798,387,411
050,05,115,"Arkansas","Pope County",1,38,767,385,382
050,05,115,"Arkansas","Pope County",1,39,749,355,394
050,05,115,"Arkansas","Pope County",1,40,717,359,358
050,05,115,"Arkansas","Pope County",1,41,684,352,332
050,05,115,"Arkansas","Pope County",1,42,711,394,317
050,05,115,"Arkansas","Pope County",1,43,669,349,320
050,05,115,"Arkansas","Pope County",1,44,708,378,330
050,05,115,"Arkansas","Pope County",1,45,709,346,363
050,05,115,"Arkansas","Pope County",1,46,709,350,359
050,05,115,"Arkansas","Pope County",1,47,741,385,356
050,05,115,"Arkansas","Pope County",1,48,755,382,373
050,05,115,"Arkansas","Pope County",1,49,790,385,405
050,05,115,"Arkansas","Pope County",1,50,780,376,404
050,05,115,"Arkansas","Pope County",1,51,731,369,362
050,05,115,"Arkansas","Pope County",1,52,719,358,361
050,05,115,"Arkansas","Pope County",1,53,746,364,382
050,05,115,"Arkansas","Pope County",1,54,782,382,400
050,05,115,"Arkansas","Pope County",1,55,829,399,430
050,05,115,"Arkansas","Pope County",1,56,825,412,413
050,05,115,"Arkansas","Pope County",1,57,831,432,399
050,05,115,"Arkansas","Pope County",1,58,836,439,397
050,05,115,"Arkansas","Pope County",1,59,838,451,387
050,05,115,"Arkansas","Pope County",1,60,807,408,399
050,05,115,"Arkansas","Pope County",1,61,775,377,398
050,05,115,"Arkansas","Pope County",1,62,731,345,386
050,05,115,"Arkansas","Pope County",1,63,707,341,366
050,05,115,"Arkansas","Pope County",1,64,704,338,366
050,05,115,"Arkansas","Pope County",1,65,727,352,375
050,05,115,"Arkansas","Pope County",1,66,680,335,345
050,05,115,"Arkansas","Pope County",1,67,640,309,331
050,05,115,"Arkansas","Pope County",1,68,614,292,322
050,05,115,"Arkansas","Pope County",1,69,565,271,294
050,05,115,"Arkansas","Pope County",1,70,555,244,311
050,05,115,"Arkansas","Pope County",1,71,585,278,307
050,05,115,"Arkansas","Pope County",1,72,606,287,319
050,05,115,"Arkansas","Pope County",1,73,588,267,321
050,05,115,"Arkansas","Pope County",1,74,424,203,221
050,05,115,"Arkansas","Pope County",1,75,417,197,220
050,05,115,"Arkansas","Pope County",1,76,417,198,219
050,05,115,"Arkansas","Pope County",1,77,410,183,227
050,05,115,"Arkansas","Pope County",1,78,358,160,198
050,05,115,"Arkansas","Pope County",1,79,303,138,165
050,05,115,"Arkansas","Pope County",1,80,288,120,168
050,05,115,"Arkansas","Pope County",1,81,252,116,136
050,05,115,"Arkansas","Pope County",1,82,212,101,111
050,05,115,"Arkansas","Pope County",1,83,223,99,124
050,05,115,"Arkansas","Pope County",1,84,211,79,132
050,05,115,"Arkansas","Pope County",1,85,1098,411,687
050,05,115,"Arkansas","Pope County",2,0,745,378,367
050,05,115,"Arkansas","Pope County",2,1,757,385,372
050,05,115,"Arkansas","Pope County",2,2,781,394,387
050,05,115,"Arkansas","Pope County",2,3,823,425,398
050,05,115,"Arkansas","Pope County",2,4,814,414,400
050,05,115,"Arkansas","Pope County",2,5,805,409,396
050,05,115,"Arkansas","Pope County",2,6,799,412,387
050,05,115,"Arkansas","Pope County",2,7,755,390,365
050,05,115,"Arkansas","Pope County",2,8,764,399,365
050,05,115,"Arkansas","Pope County",2,9,808,423,385
050,05,115,"Arkansas","Pope County",2,10,836,444,392
050,05,115,"Arkansas","Pope County",2,11,861,442,419
050,05,115,"Arkansas","Pope County",2,12,915,463,452
050,05,115,"Arkansas","Pope County",2,13,904,455,449
050,05,115,"Arkansas","Pope County",2,14,860,426,434
050,05,115,"Arkansas","Pope County",2,15,847,435,412
050,05,115,"Arkansas","Pope County",2,16,828,423,405
050,05,115,"Arkansas","Pope County",2,17,795,410,385
050,05,115,"Arkansas","Pope County",2,18,1025,510,515
050,05,115,"Arkansas","Pope County",2,19,1322,702,620
050,05,115,"Arkansas","Pope County",2,20,1140,573,567
050,05,115,"Arkansas","Pope County",2,21,1101,569,532
050,05,115,"Arkansas","Pope County",2,22,997,520,477
050,05,115,"Arkansas","Pope County",2,23,870,444,426
050,05,115,"Arkansas","Pope County",2,24,815,405,410
050,05,115,"Arkansas","Pope County",2,25,826,408,418
050,05,115,"Arkansas","Pope County",2,26,841,425,416
050,05,115,"Arkansas","Pope County",2,27,851,426,425
050,05,115,"Arkansas","Pope County",2,28,862,422,440
050,05,115,"Arkansas","Pope County",2,29,920,457,463
050,05,115,"Arkansas","Pope County",2,30,918,466,452
050,05,115,"Arkansas","Pope County",2,31,865,433,432
050,05,115,"Arkansas","Pope County",2,32,831,416,415
050,05,115,"Arkansas","Pope County",2,33,828,428,400
050,05,115,"Arkansas","Pope County",2,34,773,410,363
050,05,115,"Arkansas","Pope County",2,35,765,382,383
050,05,115,"Arkansas","Pope County",2,36,782,387,395
050,05,115,"Arkansas","Pope County",2,37,799,389,410
050,05,115,"Arkansas","Pope County",2,38,778,386,392
050,05,115,"Arkansas","Pope County",2,39,756,366,390
050,05,115,"Arkansas","Pope County",2,40,730,361,369
050,05,115,"Arkansas","Pope County",2,41,694,355,339
050,05,115,"Arkansas","Pope County",2,42,702,383,319
050,05,115,"Arkansas","Pope County",2,43,686,364,322
050,05,115,"Arkansas","Pope County",2,44,697,371,326
050,05,115,"Arkansas","Pope County",2,45,712,355,357
050,05,115,"Arkansas","Pope County",2,46,706,347,359
050,05,115,"Arkansas","Pope County",2,47,732,375,357
050,05,115,"Arkansas","Pope County",2,48,748,380,368
050,05,115,"Arkansas","Pope County",2,49,787,387,400
050,05,115,"Arkansas","Pope County",2,50,783,379,404
050,05,115,"Arkansas","Pope County",2,51,740,369,371
050,05,115,"Arkansas","Pope County",2,52,716,358,358
050,05,115,"Arkansas","Pope County",2,53,741,362,379
050,05,115,"Arkansas","Pope County",2,54,771,378,393
050,05,115,"Arkansas","Pope County",2,55,817,393,424
050,05,115,"Arkansas","Pope County",2,56,828,409,419
050,05,115,"Arkansas","Pope County",2,57,829,428,401
050,05,115,"Arkansas","Pope County",2,58,827,431,396
050,05,115,"Arkansas","Pope County",2,59,844,451,393
050,05,115,"Arkansas","Pope County",2,60,809,414,395
050,05,115,"Arkansas","Pope County",2,61,778,383,395
050,05,115,"Arkansas","Pope County",2,62,738,349,389
050,05,115,"Arkansas","Pope County",2,63,717,344,373
050,05,115,"Arkansas","Pope County",2,64,701,339,362
050,05,115,"Arkansas","Pope County",2,65,720,346,374
050,05,115,"Arkansas","Pope County",2,66,694,340,354
050,05,115,"Arkansas","Pope County",2,67,646,314,332
050,05,115,"Arkansas","Pope County",2,68,613,293,320
050,05,115,"Arkansas","Pope County",2,69,578,277,301
050,05,115,"Arkansas","Pope County",2,70,557,251,306
050,05,115,"Arkansas","Pope County",2,71,576,267,309
050,05,115,"Arkansas","Pope County",2,72,583,276,307
050,05,115,"Arkansas","Pope County",2,73,622,286,336
050,05,115,"Arkansas","Pope County",2,74,429,203,226
050,05,115,"Arkansas","Pope County",2,75,416,194,222
050,05,115,"Arkansas","Pope County",2,76,409,191,218
050,05,115,"Arkansas","Pope County",2,77,414,186,228
050,05,115,"Arkansas","Pope County",2,78,358,161,197
050,05,115,"Arkansas","Pope County",2,79,310,142,168
050,05,115,"Arkansas","Pope County",2,80,284,121,163
050,05,115,"Arkansas","Pope County",2,81,255,114,141
050,05,115,"Arkansas","Pope County",2,82,219,100,119
050,05,115,"Arkansas","Pope County",2,83,216,96,120
050,05,115,"Arkansas","Pope County",2,84,212,83,129
050,05,115,"Arkansas","Pope County",2,85,1104,414,690
050,05,115,"Arkansas","Pope County",3,0,693,355,338
050,05,115,"Arkansas","Pope County",3,1,730,378,352
050,05,115,"Arkansas","Pope County",3,2,757,384,373
050,05,115,"Arkansas","Pope County",3,3,797,409,388
050,05,115,"Arkansas","Pope County",3,4,816,424,392
050,05,115,"Arkansas","Pope County",3,5,854,443,411
050,05,115,"Arkansas","Pope County",3,6,824,413,411
050,05,115,"Arkansas","Pope County",3,7,831,420,411
050,05,115,"Arkansas","Pope County",3,8,767,388,379
050,05,115,"Arkansas","Pope County",3,9,776,403,373
050,05,115,"Arkansas","Pope County",3,10,828,444,384
050,05,115,"Arkansas","Pope County",3,11,845,445,400
050,05,115,"Arkansas","Pope County",3,12,878,438,440
050,05,115,"Arkansas","Pope County",3,13,930,463,467
050,05,115,"Arkansas","Pope County",3,14,926,476,450
050,05,115,"Arkansas","Pope County",3,15,870,425,445
050,05,115,"Arkansas","Pope County",3,16,873,447,426
050,05,115,"Arkansas","Pope County",3,17,837,435,402
050,05,115,"Arkansas","Pope County",3,18,1006,506,500
050,05,115,"Arkansas","Pope County",3,19,1261,679,582
050,05,115,"Arkansas","Pope County",3,20,1151,591,560
050,05,115,"Arkansas","Pope County",3,21,1079,547,532
050,05,115,"Arkansas","Pope County",3,22,995,502,493
050,05,115,"Arkansas","Pope County",3,23,881,465,416
050,05,115,"Arkansas","Pope County",3,24,827,420,407
050,05,115,"Arkansas","Pope County",3,25,813,403,410
050,05,115,"Arkansas","Pope County",3,26,793,392,401
050,05,115,"Arkansas","Pope County",3,27,852,429,423
050,05,115,"Arkansas","Pope County",3,28,856,413,443
050,05,115,"Arkansas","Pope County",3,29,840,422,418
050,05,115,"Arkansas","Pope County",3,30,899,441,458
050,05,115,"Arkansas","Pope County",3,31,928,465,463
050,05,115,"Arkansas","Pope County",3,32,880,445,435
050,05,115,"Arkansas","Pope County",3,33,832,424,408
050,05,115,"Arkansas","Pope County",3,34,836,431,405
050,05,115,"Arkansas","Pope County",3,35,780,417,363
050,05,115,"Arkansas","Pope County",3,36,778,399,379
050,05,115,"Arkansas","Pope County",3,37,784,383,401
050,05,115,"Arkansas","Pope County",3,38,776,382,394
050,05,115,"Arkansas","Pope County",3,39,796,390,406
050,05,115,"Arkansas","Pope County",3,40,732,350,382
050,05,115,"Arkansas","Pope County",3,41,733,360,373
050,05,115,"Arkansas","Pope County",3,42,694,354,340
050,05,115,"Arkansas","Pope County",3,43,701,387,314
050,05,115,"Arkansas","Pope County",3,44,725,376,349
050,05,115,"Arkansas","Pope County",3,45,691,373,318
050,05,115,"Arkansas","Pope County",3,46,725,360,365
050,05,115,"Arkansas","Pope County",3,47,710,345,365
050,05,115,"Arkansas","Pope County",3,48,755,388,367
050,05,115,"Arkansas","Pope County",3,49,768,379,389
050,05,115,"Arkansas","Pope County",3,50,800,394,406
050,05,115,"Arkansas","Pope County",3,51,787,388,399
050,05,115,"Arkansas","Pope County",3,52,740,364,376
050,05,115,"Arkansas","Pope County",3,53,712,351,361
050,05,115,"Arkansas","Pope County",3,54,754,370,384
050,05,115,"Arkansas","Pope County",3,55,765,376,389
050,05,115,"Arkansas","Pope County",3,56,820,398,422
050,05,115,"Arkansas","Pope County",3,57,827,415,412
050,05,115,"Arkansas","Pope County",3,58,807,401,406
050,05,115,"Arkansas","Pope County",3,59,826,426,400
050,05,115,"Arkansas","Pope County",3,60,843,446,397
050,05,115,"Arkansas","Pope County",3,61,803,403,400
050,05,115,"Arkansas","Pope County",3,62,784,382,402
050,05,115,"Arkansas","Pope County",3,63,722,338,384
050,05,115,"Arkansas","Pope County",3,64,707,342,365
050,05,115,"Arkansas","Pope County",3,65,687,332,355
050,05,115,"Arkansas","Pope County",3,66,714,337,377
050,05,115,"Arkansas","Pope County",3,67,678,327,351
050,05,115,"Arkansas","Pope County",3,68,625,304,321
050,05,115,"Arkansas","Pope County",3,69,605,291,314
050,05,115,"Arkansas","Pope County",3,70,576,272,304
050,05,115,"Arkansas","Pope County",3,71,526,235,291
050,05,115,"Arkansas","Pope County",3,72,559,260,299
050,05,115,"Arkansas","Pope County",3,73,564,257,307
050,05,115,"Arkansas","Pope County",3,74,610,273,337
050,05,115,"Arkansas","Pope County",3,75,410,194,216
050,05,115,"Arkansas","Pope County",3,76,403,187,216
050,05,115,"Arkansas","Pope County",3,77,390,182,208
050,05,115,"Arkansas","Pope County",3,78,396,173,223
050,05,115,"Arkansas","Pope County",3,79,328,151,177
050,05,115,"Arkansas","Pope County",3,80,285,124,161
050,05,115,"Arkansas","Pope County",3,81,263,113,150
050,05,115,"Arkansas","Pope County",3,82,256,115,141
050,05,115,"Arkansas","Pope County",3,83,203,91,112
050,05,115,"Arkansas","Pope County",3,84,198,81,117
050,05,115,"Arkansas","Pope County",3,85,1096,416,680
050,05,115,"Arkansas","Pope County",4,0,723,363,360
050,05,115,"Arkansas","Pope County",4,1,698,361,337
050,05,115,"Arkansas","Pope County",4,2,747,400,347
050,05,115,"Arkansas","Pope County",4,3,761,383,378
050,05,115,"Arkansas","Pope County",4,4,809,425,384
050,05,115,"Arkansas","Pope County",4,5,816,428,388
050,05,115,"Arkansas","Pope County",4,6,851,446,405
050,05,115,"Arkansas","Pope County",4,7,828,408,420
050,05,115,"Arkansas","Pope County",4,8,840,424,416
050,05,115,"Arkansas","Pope County",4,9,792,410,382
050,05,115,"Arkansas","Pope County",4,10,776,396,380
050,05,115,"Arkansas","Pope County",4,11,837,438,399
050,05,115,"Arkansas","Pope County",4,12,864,454,410
050,05,115,"Arkansas","Pope County",4,13,886,437,449
050,05,115,"Arkansas","Pope County",4,14,935,465,470
050,05,115,"Arkansas","Pope County",4,15,932,479,453
050,05,115,"Arkansas","Pope County",4,16,876,432,444
050,05,115,"Arkansas","Pope County",4,17,874,444,430
050,05,115,"Arkansas","Pope County",4,18,1024,517,507
050,05,115,"Arkansas","Pope County",4,19,1253,667,586
050,05,115,"Arkansas","Pope County",4,20,1083,573,510
050,05,115,"Arkansas","Pope County",4,21,1119,579,540
050,05,115,"Arkansas","Pope County",4,22,1004,511,493
050,05,115,"Arkansas","Pope County",4,23,873,438,435
050,05,115,"Arkansas","Pope County",4,24,837,435,402
050,05,115,"Arkansas","Pope County",4,25,810,405,405
050,05,115,"Arkansas","Pope County",4,26,774,392,382
050,05,115,"Arkansas","Pope County",4,27,787,391,396
050,05,115,"Arkansas","Pope County",4,28,812,405,407
050,05,115,"Arkansas","Pope County",4,29,851,418,433
050,05,115,"Arkansas","Pope County",4,30,834,419,415
050,05,115,"Arkansas","Pope County",4,31,920,450,470
050,05,115,"Arkansas","Pope County",4,32,918,452,466
050,05,115,"Arkansas","Pope County",4,33,884,444,440
050,05,115,"Arkansas","Pope County",4,34,863,439,424
050,05,115,"Arkansas","Pope County",4,35,828,427,401
050,05,115,"Arkansas","Pope County",4,36,781,424,357
050,05,115,"Arkansas","Pope County",4,37,789,406,383
050,05,115,"Arkansas","Pope County",4,38,779,377,402
050,05,115,"Arkansas","Pope County",4,39,793,398,395
050,05,115,"Arkansas","Pope County",4,40,805,393,412
050,05,115,"Arkansas","Pope County",4,41,727,347,380
050,05,115,"Arkansas","Pope County",4,42,737,362,375
050,05,115,"Arkansas","Pope County",4,43,668,343,325
050,05,115,"Arkansas","Pope County",4,44,708,393,315
050,05,115,"Arkansas","Pope County",4,45,721,380,341
050,05,115,"Arkansas","Pope County",4,46,675,356,319
050,05,115,"Arkansas","Pope County",4,47,723,359,364
050,05,115,"Arkansas","Pope County",4,48,730,364,366
050,05,115,"Arkansas","Pope County",4,49,783,397,386
050,05,115,"Arkansas","Pope County",4,50,779,386,393
050,05,115,"Arkansas","Pope County",4,51,795,402,393
050,05,115,"Arkansas","Pope County",4,52,783,391,392
050,05,115,"Arkansas","Pope County",4,53,747,371,376
050,05,115,"Arkansas","Pope County",4,54,724,357,367
050,05,115,"Arkansas","Pope County",4,55,746,363,383
050,05,115,"Arkansas","Pope County",4,56,763,379,384
050,05,115,"Arkansas","Pope County",4,57,818,403,415
050,05,115,"Arkansas","Pope County",4,58,813,396,417
050,05,115,"Arkansas","Pope County",4,59,809,400,409
050,05,115,"Arkansas","Pope County",4,60,807,421,386
050,05,115,"Arkansas","Pope County",4,61,842,446,396
050,05,115,"Arkansas","Pope County",4,62,792,399,393
050,05,115,"Arkansas","Pope County",4,63,767,372,395
050,05,115,"Arkansas","Pope County",4,64,722,338,384
050,05,115,"Arkansas","Pope County",4,65,696,331,365
050,05,115,"Arkansas","Pope County",4,66,691,328,363
050,05,115,"Arkansas","Pope County",4,67,706,331,375
050,05,115,"Arkansas","Pope County",4,68,683,334,349
050,05,115,"Arkansas","Pope County",4,69,617,299,318
050,05,115,"Arkansas","Pope County",4,70,592,274,318
050,05,115,"Arkansas","Pope County",4,71,567,270,297
050,05,115,"Arkansas","Pope County",4,72,502,222,280
050,05,115,"Arkansas","Pope County",4,73,551,252,299
050,05,115,"Arkansas","Pope County",4,74,552,250,302
050,05,115,"Arkansas","Pope County",4,75,591,268,323
050,05,115,"Arkansas","Pope County",4,76,404,189,215
050,05,115,"Arkansas","Pope County",4,77,384,176,208
050,05,115,"Arkansas","Pope County",4,78,369,166,203
050,05,115,"Arkansas","Pope County",4,79,361,158,203
050,05,115,"Arkansas","Pope County",4,80,317,137,180
050,05,115,"Arkansas","Pope County",4,81,264,114,150
050,05,115,"Arkansas","Pope County",4,82,242,109,133
050,05,115,"Arkansas","Pope County",4,83,236,99,137
050,05,115,"Arkansas","Pope County",4,84,188,78,110
050,05,115,"Arkansas","Pope County",4,85,1095,421,674
050,05,115,"Arkansas","Pope County",5,0,722,362,360
050,05,115,"Arkansas","Pope County",5,1,740,375,365
050,05,115,"Arkansas","Pope County",5,2,718,372,346
050,05,115,"Arkansas","Pope County",5,3,770,409,361
050,05,115,"Arkansas","Pope County",5,4,766,398,368
050,05,115,"Arkansas","Pope County",5,5,836,446,390
050,05,115,"Arkansas","Pope County",5,6,828,424,404
050,05,115,"Arkansas","Pope County",5,7,863,449,414
050,05,115,"Arkansas","Pope County",5,8,840,406,434
050,05,115,"Arkansas","Pope County",5,9,855,429,426
050,05,115,"Arkansas","Pope County",5,10,824,429,395
050,05,115,"Arkansas","Pope County",5,11,799,403,396
050,05,115,"Arkansas","Pope County",5,12,859,447,412
050,05,115,"Arkansas","Pope County",5,13,868,456,412
050,05,115,"Arkansas","Pope County",5,14,914,467,447
050,05,115,"Arkansas","Pope County",5,15,930,461,469
050,05,115,"Arkansas","Pope County",5,16,941,493,448
050,05,115,"Arkansas","Pope County",5,17,890,445,445
050,05,115,"Arkansas","Pope County",5,18,1068,528,540
050,05,115,"Arkansas","Pope County",5,19,1259,678,581
050,05,115,"Arkansas","Pope County",5,20,1096,568,528
050,05,115,"Arkansas","Pope County",5,21,1042,566,476
050,05,115,"Arkansas","Pope County",5,22,1037,547,490
050,05,115,"Arkansas","Pope County",5,23,885,449,436
050,05,115,"Arkansas","Pope County",5,24,823,412,411
050,05,115,"Arkansas","Pope County",5,25,873,446,427
050,05,115,"Arkansas","Pope County",5,26,794,405,389
050,05,115,"Arkansas","Pope County",5,27,760,390,370
050,05,115,"Arkansas","Pope County",5,28,794,388,406
050,05,115,"Arkansas","Pope County",5,29,801,402,399
050,05,115,"Arkansas","Pope County",5,30,821,397,424
050,05,115,"Arkansas","Pope County",5,31,865,429,436
050,05,115,"Arkansas","Pope County",5,32,907,455,452
050,05,115,"Arkansas","Pope County",5,33,938,469,469
050,05,115,"Arkansas","Pope County",5,34,882,447,435
050,05,115,"Arkansas","Pope County",5,35,850,423,427
050,05,115,"Arkansas","Pope County",5,36,851,426,425
050,05,115,"Arkansas","Pope County",5,37,775,414,361
050,05,115,"Arkansas","Pope County",5,38,784,403,381
050,05,115,"Arkansas","Pope County",5,39,805,404,401
050,05,115,"Arkansas","Pope County",5,40,786,393,393
050,05,115,"Arkansas","Pope County",5,41,804,391,413
050,05,115,"Arkansas","Pope County",5,42,718,348,370
050,05,115,"Arkansas","Pope County",5,43,741,373,368
050,05,115,"Arkansas","Pope County",5,44,681,346,335
050,05,115,"Arkansas","Pope County",5,45,693,387,306
050,05,115,"Arkansas","Pope County",5,46,712,371,341
050,05,115,"Arkansas","Pope County",5,47,675,356,319
050,05,115,"Arkansas","Pope County",5,48,728,369,359
050,05,115,"Arkansas","Pope County",5,49,758,374,384
050,05,115,"Arkansas","Pope County",5,50,783,395,388
050,05,115,"Arkansas","Pope County",5,51,765,388,377
050,05,115,"Arkansas","Pope County",5,52,790,395,395
050,05,115,"Arkansas","Pope County",5,53,792,398,394
050,05,115,"Arkansas","Pope County",5,54,738,363,375
050,05,115,"Arkansas","Pope County",5,55,714,354,360
050,05,115,"Arkansas","Pope County",5,56,747,362,385
050,05,115,"Arkansas","Pope County",5,57,764,393,371
050,05,115,"Arkansas","Pope County",5,58,817,390,427
050,05,115,"Arkansas","Pope County",5,59,802,388,414
050,05,115,"Arkansas","Pope County",5,60,800,392,408
050,05,115,"Arkansas","Pope County",5,61,814,434,380
050,05,115,"Arkansas","Pope County",5,62,839,439,400
050,05,115,"Arkansas","Pope County",5,63,796,407,389
050,05,115,"Arkansas","Pope County",5,64,753,361,392
050,05,115,"Arkansas","Pope County",5,65,705,328,377
050,05,115,"Arkansas","Pope County",5,66,702,330,372
050,05,115,"Arkansas","Pope County",5,67,689,326,363
050,05,115,"Arkansas","Pope County",5,68,698,331,367
050,05,115,"Arkansas","Pope County",5,69,673,331,342
050,05,115,"Arkansas","Pope County",5,70,621,293,328
050,05,115,"Arkansas","Pope County",5,71,588,271,317
050,05,115,"Arkansas","Pope County",5,72,546,263,283
050,05,115,"Arkansas","Pope County",5,73,492,212,280
050,05,115,"Arkansas","Pope County",5,74,536,247,289
050,05,115,"Arkansas","Pope County",5,75,531,242,289
050,05,115,"Arkansas","Pope County",5,76,585,260,325
050,05,115,"Arkansas","Pope County",5,77,391,184,207
050,05,115,"Arkansas","Pope County",5,78,365,169,196
050,05,115,"Arkansas","Pope County",5,79,343,155,188
050,05,115,"Arkansas","Pope County",5,80,349,147,202
050,05,115,"Arkansas","Pope County",5,81,301,130,171
050,05,115,"Arkansas","Pope County",5,82,252,110,142
050,05,115,"Arkansas","Pope County",5,83,229,100,129
050,05,115,"Arkansas","Pope County",5,84,210,83,127
050,05,115,"Arkansas","Pope County",5,85,1104,431,673
050,05,117,"Arkansas","Prairie County",1,0,87,46,41
050,05,117,"Arkansas","Prairie County",1,1,87,46,41
050,05,117,"Arkansas","Prairie County",1,2,99,55,44
050,05,117,"Arkansas","Prairie County",1,3,81,51,30
050,05,117,"Arkansas","Prairie County",1,4,95,56,39
050,05,117,"Arkansas","Prairie County",1,5,93,56,37
050,05,117,"Arkansas","Prairie County",1,6,110,66,44
050,05,117,"Arkansas","Prairie County",1,7,93,54,39
050,05,117,"Arkansas","Prairie County",1,8,93,55,38
050,05,117,"Arkansas","Prairie County",1,9,93,52,41
050,05,117,"Arkansas","Prairie County",1,10,108,54,54
050,05,117,"Arkansas","Prairie County",1,11,99,55,44
050,05,117,"Arkansas","Prairie County",1,12,102,67,35
050,05,117,"Arkansas","Prairie County",1,13,93,55,38
050,05,117,"Arkansas","Prairie County",1,14,90,54,36
050,05,117,"Arkansas","Prairie County",1,15,96,51,45
050,05,117,"Arkansas","Prairie County",1,16,103,52,51
050,05,117,"Arkansas","Prairie County",1,17,98,48,50
050,05,117,"Arkansas","Prairie County",1,18,89,43,46
050,05,117,"Arkansas","Prairie County",1,19,68,35,33
050,05,117,"Arkansas","Prairie County",1,20,68,38,30
050,05,117,"Arkansas","Prairie County",1,21,63,34,29
050,05,117,"Arkansas","Prairie County",1,22,76,47,29
050,05,117,"Arkansas","Prairie County",1,23,93,46,47
050,05,117,"Arkansas","Prairie County",1,24,102,55,47
050,05,117,"Arkansas","Prairie County",1,25,90,48,42
050,05,117,"Arkansas","Prairie County",1,26,91,51,40
050,05,117,"Arkansas","Prairie County",1,27,84,47,37
050,05,117,"Arkansas","Prairie County",1,28,91,44,47
050,05,117,"Arkansas","Prairie County",1,29,101,46,55
050,05,117,"Arkansas","Prairie County",1,30,76,30,46
050,05,117,"Arkansas","Prairie County",1,31,80,46,34
050,05,117,"Arkansas","Prairie County",1,32,88,44,44
050,05,117,"Arkansas","Prairie County",1,33,103,38,65
050,05,117,"Arkansas","Prairie County",1,34,88,43,45
050,05,117,"Arkansas","Prairie County",1,35,96,52,44
050,05,117,"Arkansas","Prairie County",1,36,104,53,51
050,05,117,"Arkansas","Prairie County",1,37,89,47,42
050,05,117,"Arkansas","Prairie County",1,38,85,42,43
050,05,117,"Arkansas","Prairie County",1,39,77,43,34
050,05,117,"Arkansas","Prairie County",1,40,93,53,40
050,05,117,"Arkansas","Prairie County",1,41,88,49,39
050,05,117,"Arkansas","Prairie County",1,42,79,35,44
050,05,117,"Arkansas","Prairie County",1,43,78,30,48
050,05,117,"Arkansas","Prairie County",1,44,78,34,44
050,05,117,"Arkansas","Prairie County",1,45,86,43,43
050,05,117,"Arkansas","Prairie County",1,46,81,40,41
050,05,117,"Arkansas","Prairie County",1,47,102,43,59
050,05,117,"Arkansas","Prairie County",1,48,105,48,57
050,05,117,"Arkansas","Prairie County",1,49,110,61,49
050,05,117,"Arkansas","Prairie County",1,50,117,61,56
050,05,117,"Arkansas","Prairie County",1,51,110,58,52
050,05,117,"Arkansas","Prairie County",1,52,118,58,60
050,05,117,"Arkansas","Prairie County",1,53,108,53,55
050,05,117,"Arkansas","Prairie County",1,54,114,48,66
050,05,117,"Arkansas","Prairie County",1,55,132,54,78
050,05,117,"Arkansas","Prairie County",1,56,131,65,66
050,05,117,"Arkansas","Prairie County",1,57,135,66,69
050,05,117,"Arkansas","Prairie County",1,58,147,76,71
050,05,117,"Arkansas","Prairie County",1,59,96,51,45
050,05,117,"Arkansas","Prairie County",1,60,109,54,55
050,05,117,"Arkansas","Prairie County",1,61,132,72,60
050,05,117,"Arkansas","Prairie County",1,62,123,60,63
050,05,117,"Arkansas","Prairie County",1,63,129,59,70
050,05,117,"Arkansas","Prairie County",1,64,128,57,71
050,05,117,"Arkansas","Prairie County",1,65,109,51,58
050,05,117,"Arkansas","Prairie County",1,66,121,58,63
050,05,117,"Arkansas","Prairie County",1,67,104,49,55
050,05,117,"Arkansas","Prairie County",1,68,103,47,56
050,05,117,"Arkansas","Prairie County",1,69,98,52,46
050,05,117,"Arkansas","Prairie County",1,70,98,53,45
050,05,117,"Arkansas","Prairie County",1,71,89,45,44
050,05,117,"Arkansas","Prairie County",1,72,104,52,52
050,05,117,"Arkansas","Prairie County",1,73,109,57,52
050,05,117,"Arkansas","Prairie County",1,74,73,35,38
050,05,117,"Arkansas","Prairie County",1,75,78,31,47
050,05,117,"Arkansas","Prairie County",1,76,97,48,49
050,05,117,"Arkansas","Prairie County",1,77,93,40,53
050,05,117,"Arkansas","Prairie County",1,78,77,32,45
050,05,117,"Arkansas","Prairie County",1,79,68,32,36
050,05,117,"Arkansas","Prairie County",1,80,52,20,32
050,05,117,"Arkansas","Prairie County",1,81,60,25,35
050,05,117,"Arkansas","Prairie County",1,82,62,29,33
050,05,117,"Arkansas","Prairie County",1,83,53,22,31
050,05,117,"Arkansas","Prairie County",1,84,44,20,24
050,05,117,"Arkansas","Prairie County",1,85,244,108,136
050,05,117,"Arkansas","Prairie County",2,0,80,43,37
050,05,117,"Arkansas","Prairie County",2,1,87,45,42
050,05,117,"Arkansas","Prairie County",2,2,95,52,43
050,05,117,"Arkansas","Prairie County",2,3,85,52,33
050,05,117,"Arkansas","Prairie County",2,4,90,55,35
050,05,117,"Arkansas","Prairie County",2,5,93,56,37
050,05,117,"Arkansas","Prairie County",2,6,105,63,42
050,05,117,"Arkansas","Prairie County",2,7,97,57,40
050,05,117,"Arkansas","Prairie County",2,8,93,54,39
050,05,117,"Arkansas","Prairie County",2,9,92,52,40
050,05,117,"Arkansas","Prairie County",2,10,104,53,51
050,05,117,"Arkansas","Prairie County",2,11,99,53,46
050,05,117,"Arkansas","Prairie County",2,12,103,65,38
050,05,117,"Arkansas","Prairie County",2,13,94,58,36
050,05,117,"Arkansas","Prairie County",2,14,89,53,36
050,05,117,"Arkansas","Prairie County",2,15,96,53,43
050,05,117,"Arkansas","Prairie County",2,16,101,52,49
050,05,117,"Arkansas","Prairie County",2,17,98,48,50
050,05,117,"Arkansas","Prairie County",2,18,87,44,43
050,05,117,"Arkansas","Prairie County",2,19,70,36,34
050,05,117,"Arkansas","Prairie County",2,20,69,38,31
050,05,117,"Arkansas","Prairie County",2,21,65,35,30
050,05,117,"Arkansas","Prairie County",2,22,75,45,30
050,05,117,"Arkansas","Prairie County",2,23,91,47,44
050,05,117,"Arkansas","Prairie County",2,24,100,53,47
050,05,117,"Arkansas","Prairie County",2,25,94,50,44
050,05,117,"Arkansas","Prairie County",2,26,91,51,40
050,05,117,"Arkansas","Prairie County",2,27,85,47,38
050,05,117,"Arkansas","Prairie County",2,28,91,46,45
050,05,117,"Arkansas","Prairie County",2,29,98,45,53
050,05,117,"Arkansas","Prairie County",2,30,83,35,48
050,05,117,"Arkansas","Prairie County",2,31,79,42,37
050,05,117,"Arkansas","Prairie County",2,32,85,43,42
050,05,117,"Arkansas","Prairie County",2,33,99,39,60
050,05,117,"Arkansas","Prairie County",2,34,92,42,50
050,05,117,"Arkansas","Prairie County",2,35,92,48,44
050,05,117,"Arkansas","Prairie County",2,36,103,53,50
050,05,117,"Arkansas","Prairie County",2,37,94,49,45
050,05,117,"Arkansas","Prairie County",2,38,88,45,43
050,05,117,"Arkansas","Prairie County",2,39,80,44,36
050,05,117,"Arkansas","Prairie County",2,40,90,52,38
050,05,117,"Arkansas","Prairie County",2,41,88,49,39
050,05,117,"Arkansas","Prairie County",2,42,80,39,41
050,05,117,"Arkansas","Prairie County",2,43,77,32,45
050,05,117,"Arkansas","Prairie County",2,44,75,31,44
050,05,117,"Arkansas","Prairie County",2,45,84,41,43
050,05,117,"Arkansas","Prairie County",2,46,82,41,41
050,05,117,"Arkansas","Prairie County",2,47,94,41,53
050,05,117,"Arkansas","Prairie County",2,48,103,46,57
050,05,117,"Arkansas","Prairie County",2,49,109,58,51
050,05,117,"Arkansas","Prairie County",2,50,114,60,54
050,05,117,"Arkansas","Prairie County",2,51,111,58,53
050,05,117,"Arkansas","Prairie County",2,52,115,58,57
050,05,117,"Arkansas","Prairie County",2,53,109,54,55
050,05,117,"Arkansas","Prairie County",2,54,112,49,63
050,05,117,"Arkansas","Prairie County",2,55,127,52,75
050,05,117,"Arkansas","Prairie County",2,56,132,62,70
050,05,117,"Arkansas","Prairie County",2,57,136,66,70
050,05,117,"Arkansas","Prairie County",2,58,144,74,70
050,05,117,"Arkansas","Prairie County",2,59,108,57,51
050,05,117,"Arkansas","Prairie County",2,60,106,52,54
050,05,117,"Arkansas","Prairie County",2,61,127,69,58
050,05,117,"Arkansas","Prairie County",2,62,123,62,61
050,05,117,"Arkansas","Prairie County",2,63,130,60,70
050,05,117,"Arkansas","Prairie County",2,64,126,57,69
050,05,117,"Arkansas","Prairie County",2,65,112,52,60
050,05,117,"Arkansas","Prairie County",2,66,117,56,61
050,05,117,"Arkansas","Prairie County",2,67,105,50,55
050,05,117,"Arkansas","Prairie County",2,68,104,48,56
050,05,117,"Arkansas","Prairie County",2,69,101,52,49
050,05,117,"Arkansas","Prairie County",2,70,96,51,45
050,05,117,"Arkansas","Prairie County",2,71,91,46,45
050,05,117,"Arkansas","Prairie County",2,72,100,50,50
050,05,117,"Arkansas","Prairie County",2,73,112,57,55
050,05,117,"Arkansas","Prairie County",2,74,76,38,38
050,05,117,"Arkansas","Prairie County",2,75,75,30,45
050,05,117,"Arkansas","Prairie County",2,76,92,43,49
050,05,117,"Arkansas","Prairie County",2,77,95,43,52
050,05,117,"Arkansas","Prairie County",2,78,79,32,47
050,05,117,"Arkansas","Prairie County",2,79,70,32,38
050,05,117,"Arkansas","Prairie County",2,80,54,23,31
050,05,117,"Arkansas","Prairie County",2,81,57,23,34
050,05,117,"Arkansas","Prairie County",2,82,61,28,33
050,05,117,"Arkansas","Prairie County",2,83,54,23,31
050,05,117,"Arkansas","Prairie County",2,84,45,20,25
050,05,117,"Arkansas","Prairie County",2,85,239,103,136
050,05,117,"Arkansas","Prairie County",3,0,69,33,36
050,05,117,"Arkansas","Prairie County",3,1,79,39,40
050,05,117,"Arkansas","Prairie County",3,2,83,41,42
050,05,117,"Arkansas","Prairie County",3,3,96,53,43
050,05,117,"Arkansas","Prairie County",3,4,90,53,37
050,05,117,"Arkansas","Prairie County",3,5,81,49,32
050,05,117,"Arkansas","Prairie County",3,6,95,57,38
050,05,117,"Arkansas","Prairie County",3,7,105,60,45
050,05,117,"Arkansas","Prairie County",3,8,90,52,38
050,05,117,"Arkansas","Prairie County",3,9,96,55,41
050,05,117,"Arkansas","Prairie County",3,10,93,54,39
050,05,117,"Arkansas","Prairie County",3,11,100,50,50
050,05,117,"Arkansas","Prairie County",3,12,96,53,43
050,05,117,"Arkansas","Prairie County",3,13,104,67,37
050,05,117,"Arkansas","Prairie County",3,14,94,56,38
050,05,117,"Arkansas","Prairie County",3,15,88,54,34
050,05,117,"Arkansas","Prairie County",3,16,97,57,40
050,05,117,"Arkansas","Prairie County",3,17,99,50,49
050,05,117,"Arkansas","Prairie County",3,18,84,43,41
050,05,117,"Arkansas","Prairie County",3,19,66,35,31
050,05,117,"Arkansas","Prairie County",3,20,69,39,30
050,05,117,"Arkansas","Prairie County",3,21,65,35,30
050,05,117,"Arkansas","Prairie County",3,22,66,36,30
050,05,117,"Arkansas","Prairie County",3,23,75,44,31
050,05,117,"Arkansas","Prairie County",3,24,85,42,43
050,05,117,"Arkansas","Prairie County",3,25,93,50,43
050,05,117,"Arkansas","Prairie County",3,26,87,52,35
050,05,117,"Arkansas","Prairie County",3,27,87,48,39
050,05,117,"Arkansas","Prairie County",3,28,78,43,35
050,05,117,"Arkansas","Prairie County",3,29,83,41,42
050,05,117,"Arkansas","Prairie County",3,30,97,48,49
050,05,117,"Arkansas","Prairie County",3,31,82,35,47
050,05,117,"Arkansas","Prairie County",3,32,72,37,35
050,05,117,"Arkansas","Prairie County",3,33,86,44,42
050,05,117,"Arkansas","Prairie County",3,34,105,44,61
050,05,117,"Arkansas","Prairie County",3,35,93,42,51
050,05,117,"Arkansas","Prairie County",3,36,96,50,46
050,05,117,"Arkansas","Prairie County",3,37,105,54,51
050,05,117,"Arkansas","Prairie County",3,38,98,52,46
050,05,117,"Arkansas","Prairie County",3,39,90,46,44
050,05,117,"Arkansas","Prairie County",3,40,76,42,34
050,05,117,"Arkansas","Prairie County",3,41,90,51,39
050,05,117,"Arkansas","Prairie County",3,42,84,44,40
050,05,117,"Arkansas","Prairie County",3,43,85,45,40
050,05,117,"Arkansas","Prairie County",3,44,73,28,45
050,05,117,"Arkansas","Prairie County",3,45,81,34,47
050,05,117,"Arkansas","Prairie County",3,46,97,48,49
050,05,117,"Arkansas","Prairie County",3,47,81,40,41
050,05,117,"Arkansas","Prairie County",3,48,94,40,54
050,05,117,"Arkansas","Prairie County",3,49,101,46,55
050,05,117,"Arkansas","Prairie County",3,50,109,61,48
050,05,117,"Arkansas","Prairie County",3,51,112,57,55
050,05,117,"Arkansas","Prairie County",3,52,109,58,51
050,05,117,"Arkansas","Prairie County",3,53,118,64,54
050,05,117,"Arkansas","Prairie County",3,54,107,54,53
050,05,117,"Arkansas","Prairie County",3,55,106,47,59
050,05,117,"Arkansas","Prairie County",3,56,127,53,74
050,05,117,"Arkansas","Prairie County",3,57,131,63,68
050,05,117,"Arkansas","Prairie County",3,58,136,65,71
050,05,117,"Arkansas","Prairie County",3,59,145,75,70
050,05,117,"Arkansas","Prairie County",3,60,108,56,52
050,05,117,"Arkansas","Prairie County",3,61,104,51,53
050,05,117,"Arkansas","Prairie County",3,62,125,68,57
050,05,117,"Arkansas","Prairie County",3,63,119,58,61
050,05,117,"Arkansas","Prairie County",3,64,131,56,75
050,05,117,"Arkansas","Prairie County",3,65,123,56,67
050,05,117,"Arkansas","Prairie County",3,66,111,54,57
050,05,117,"Arkansas","Prairie County",3,67,110,50,60
050,05,117,"Arkansas","Prairie County",3,68,108,53,55
050,05,117,"Arkansas","Prairie County",3,69,100,47,53
050,05,117,"Arkansas","Prairie County",3,70,100,53,47
050,05,117,"Arkansas","Prairie County",3,71,94,50,44
050,05,117,"Arkansas","Prairie County",3,72,87,43,44
050,05,117,"Arkansas","Prairie County",3,73,86,43,43
050,05,117,"Arkansas","Prairie County",3,74,110,56,54
050,05,117,"Arkansas","Prairie County",3,75,69,35,34
050,05,117,"Arkansas","Prairie County",3,76,68,27,41
050,05,117,"Arkansas","Prairie County",3,77,86,41,45
050,05,117,"Arkansas","Prairie County",3,78,92,40,52
050,05,117,"Arkansas","Prairie County",3,79,73,29,44
050,05,117,"Arkansas","Prairie County",3,80,61,30,31
050,05,117,"Arkansas","Prairie County",3,81,53,20,33
050,05,117,"Arkansas","Prairie County",3,82,52,24,28
050,05,117,"Arkansas","Prairie County",3,83,49,22,27
050,05,117,"Arkansas","Prairie County",3,84,49,20,29
050,05,117,"Arkansas","Prairie County",3,85,248,112,136
050,05,117,"Arkansas","Prairie County",4,0,79,42,37
050,05,117,"Arkansas","Prairie County",4,1,75,41,34
050,05,117,"Arkansas","Prairie County",4,2,82,41,41
050,05,117,"Arkansas","Prairie County",4,3,89,46,43
050,05,117,"Arkansas","Prairie County",4,4,101,55,46
050,05,117,"Arkansas","Prairie County",4,5,96,56,40
050,05,117,"Arkansas","Prairie County",4,6,91,56,35
050,05,117,"Arkansas","Prairie County",4,7,94,57,37
050,05,117,"Arkansas","Prairie County",4,8,107,64,43
050,05,117,"Arkansas","Prairie County",4,9,91,49,42
050,05,117,"Arkansas","Prairie County",4,10,93,53,40
050,05,117,"Arkansas","Prairie County",4,11,90,54,36
050,05,117,"Arkansas","Prairie County",4,12,100,49,51
050,05,117,"Arkansas","Prairie County",4,13,99,55,44
050,05,117,"Arkansas","Prairie County",4,14,112,72,40
050,05,117,"Arkansas","Prairie County",4,15,87,53,34
050,05,117,"Arkansas","Prairie County",4,16,88,55,33
050,05,117,"Arkansas","Prairie County",4,17,98,59,39
050,05,117,"Arkansas","Prairie County",4,18,85,42,43
050,05,117,"Arkansas","Prairie County",4,19,64,31,33
050,05,117,"Arkansas","Prairie County",4,20,67,32,35
050,05,117,"Arkansas","Prairie County",4,21,77,43,34
050,05,117,"Arkansas","Prairie County",4,22,73,34,39
050,05,117,"Arkansas","Prairie County",4,23,75,39,36
050,05,117,"Arkansas","Prairie County",4,24,79,47,32
050,05,117,"Arkansas","Prairie County",4,25,89,40,49
050,05,117,"Arkansas","Prairie County",4,26,94,50,44
050,05,117,"Arkansas","Prairie County",4,27,84,50,34
050,05,117,"Arkansas","Prairie County",4,28,90,52,38
050,05,117,"Arkansas","Prairie County",4,29,79,47,32
050,05,117,"Arkansas","Prairie County",4,30,86,47,39
050,05,117,"Arkansas","Prairie County",4,31,96,45,51
050,05,117,"Arkansas","Prairie County",4,32,89,44,45
050,05,117,"Arkansas","Prairie County",4,33,74,39,35
050,05,117,"Arkansas","Prairie County",4,34,86,44,42
050,05,117,"Arkansas","Prairie County",4,35,101,44,57
050,05,117,"Arkansas","Prairie County",4,36,91,40,51
050,05,117,"Arkansas","Prairie County",4,37,94,47,47
050,05,117,"Arkansas","Prairie County",4,38,103,52,51
050,05,117,"Arkansas","Prairie County",4,39,100,56,44
050,05,117,"Arkansas","Prairie County",4,40,90,47,43
050,05,117,"Arkansas","Prairie County",4,41,81,46,35
050,05,117,"Arkansas","Prairie County",4,42,88,49,39
050,05,117,"Arkansas","Prairie County",4,43,86,46,40
050,05,117,"Arkansas","Prairie County",4,44,84,45,39
050,05,117,"Arkansas","Prairie County",4,45,71,26,45
050,05,117,"Arkansas","Prairie County",4,46,85,36,49
050,05,117,"Arkansas","Prairie County",4,47,95,47,48
050,05,117,"Arkansas","Prairie County",4,48,83,39,44
050,05,117,"Arkansas","Prairie County",4,49,96,42,54
050,05,117,"Arkansas","Prairie County",4,50,105,50,55
050,05,117,"Arkansas","Prairie County",4,51,106,59,47
050,05,117,"Arkansas","Prairie County",4,52,116,58,58
050,05,117,"Arkansas","Prairie County",4,53,107,57,50
050,05,117,"Arkansas","Prairie County",4,54,117,63,54
050,05,117,"Arkansas","Prairie County",4,55,106,54,52
050,05,117,"Arkansas","Prairie County",4,56,103,45,58
050,05,117,"Arkansas","Prairie County",4,57,126,54,72
050,05,117,"Arkansas","Prairie County",4,58,127,59,68
050,05,117,"Arkansas","Prairie County",4,59,137,67,70
050,05,117,"Arkansas","Prairie County",4,60,146,74,72
050,05,117,"Arkansas","Prairie County",4,61,105,57,48
050,05,117,"Arkansas","Prairie County",4,62,102,49,53
050,05,117,"Arkansas","Prairie County",4,63,119,65,54
050,05,117,"Arkansas","Prairie County",4,64,109,53,56
050,05,117,"Arkansas","Prairie County",4,65,124,57,67
050,05,117,"Arkansas","Prairie County",4,66,124,59,65
050,05,117,"Arkansas","Prairie County",4,67,102,46,56
050,05,117,"Arkansas","Prairie County",4,68,110,50,60
050,05,117,"Arkansas","Prairie County",4,69,107,53,54
050,05,117,"Arkansas","Prairie County",4,70,94,45,49
050,05,117,"Arkansas","Prairie County",4,71,98,52,46
050,05,117,"Arkansas","Prairie County",4,72,92,50,42
050,05,117,"Arkansas","Prairie County",4,73,85,41,44
050,05,117,"Arkansas","Prairie County",4,74,83,41,42
050,05,117,"Arkansas","Prairie County",4,75,101,53,48
050,05,117,"Arkansas","Prairie County",4,76,70,35,35
050,05,117,"Arkansas","Prairie County",4,77,62,24,38
050,05,117,"Arkansas","Prairie County",4,78,82,38,44
050,05,117,"Arkansas","Prairie County",4,79,87,36,51
050,05,117,"Arkansas","Prairie County",4,80,66,27,39
050,05,117,"Arkansas","Prairie County",4,81,59,26,33
050,05,117,"Arkansas","Prairie County",4,82,46,21,25
050,05,117,"Arkansas","Prairie County",4,83,46,19,27
050,05,117,"Arkansas","Prairie County",4,84,43,17,26
050,05,117,"Arkansas","Prairie County",4,85,258,122,136
050,05,117,"Arkansas","Prairie County",5,0,79,42,37
050,05,117,"Arkansas","Prairie County",5,1,87,40,47
050,05,117,"Arkansas","Prairie County",5,2,75,44,31
050,05,117,"Arkansas","Prairie County",5,3,87,41,46
050,05,117,"Arkansas","Prairie County",5,4,94,52,42
050,05,117,"Arkansas","Prairie County",5,5,100,55,45
050,05,117,"Arkansas","Prairie County",5,6,87,53,34
050,05,117,"Arkansas","Prairie County",5,7,88,53,35
050,05,117,"Arkansas","Prairie County",5,8,90,55,35
050,05,117,"Arkansas","Prairie County",5,9,113,65,48
050,05,117,"Arkansas","Prairie County",5,10,89,47,42
050,05,117,"Arkansas","Prairie County",5,11,96,55,41
050,05,117,"Arkansas","Prairie County",5,12,97,57,40
050,05,117,"Arkansas","Prairie County",5,13,102,46,56
050,05,117,"Arkansas","Prairie County",5,14,98,56,42
050,05,117,"Arkansas","Prairie County",5,15,108,70,38
050,05,117,"Arkansas","Prairie County",5,16,92,55,37
050,05,117,"Arkansas","Prairie County",5,17,85,48,37
050,05,117,"Arkansas","Prairie County",5,18,80,50,30
050,05,117,"Arkansas","Prairie County",5,19,66,33,33
050,05,117,"Arkansas","Prairie County",5,20,67,33,34
050,05,117,"Arkansas","Prairie County",5,21,72,33,39
050,05,117,"Arkansas","Prairie County",5,22,86,49,37
050,05,117,"Arkansas","Prairie County",5,23,78,37,41
050,05,117,"Arkansas","Prairie County",5,24,77,42,35
050,05,117,"Arkansas","Prairie County",5,25,84,50,34
050,05,117,"Arkansas","Prairie County",5,26,88,45,43
050,05,117,"Arkansas","Prairie County",5,27,95,52,43
050,05,117,"Arkansas","Prairie County",5,28,78,44,34
050,05,117,"Arkansas","Prairie County",5,29,89,54,35
050,05,117,"Arkansas","Prairie County",5,30,83,44,39
050,05,117,"Arkansas","Prairie County",5,31,78,36,42
050,05,117,"Arkansas","Prairie County",5,32,101,46,55
050,05,117,"Arkansas","Prairie County",5,33,92,44,48
050,05,117,"Arkansas","Prairie County",5,34,75,39,36
050,05,117,"Arkansas","Prairie County",5,35,79,34,45
050,05,117,"Arkansas","Prairie County",5,36,100,44,56
050,05,117,"Arkansas","Prairie County",5,37,90,40,50
050,05,117,"Arkansas","Prairie County",5,38,97,48,49
050,05,117,"Arkansas","Prairie County",5,39,108,56,52
050,05,117,"Arkansas","Prairie County",5,40,94,52,42
050,05,117,"Arkansas","Prairie County",5,41,87,45,42
050,05,117,"Arkansas","Prairie County",5,42,74,40,34
050,05,117,"Arkansas","Prairie County",5,43,89,49,40
050,05,117,"Arkansas","Prairie County",5,44,83,44,39
050,05,117,"Arkansas","Prairie County",5,45,83,47,36
050,05,117,"Arkansas","Prairie County",5,46,75,29,46
050,05,117,"Arkansas","Prairie County",5,47,86,34,52
050,05,117,"Arkansas","Prairie County",5,48,93,46,47
050,05,117,"Arkansas","Prairie County",5,49,80,38,42
050,05,117,"Arkansas","Prairie County",5,50,97,43,54
050,05,117,"Arkansas","Prairie County",5,51,98,47,51
050,05,117,"Arkansas","Prairie County",5,52,107,57,50
050,05,117,"Arkansas","Prairie County",5,53,116,58,58
050,05,117,"Arkansas","Prairie County",5,54,110,59,51
050,05,117,"Arkansas","Prairie County",5,55,118,62,56
050,05,117,"Arkansas","Prairie County",5,56,107,55,52
050,05,117,"Arkansas","Prairie County",5,57,109,51,58
050,05,117,"Arkansas","Prairie County",5,58,124,51,73
050,05,117,"Arkansas","Prairie County",5,59,124,59,65
050,05,117,"Arkansas","Prairie County",5,60,139,67,72
050,05,117,"Arkansas","Prairie County",5,61,154,81,73
050,05,117,"Arkansas","Prairie County",5,62,109,57,52
050,05,117,"Arkansas","Prairie County",5,63,102,49,53
050,05,117,"Arkansas","Prairie County",5,64,118,62,56
050,05,117,"Arkansas","Prairie County",5,65,108,54,54
050,05,117,"Arkansas","Prairie County",5,66,129,60,69
050,05,117,"Arkansas","Prairie County",5,67,122,54,68
050,05,117,"Arkansas","Prairie County",5,68,102,46,56
050,05,117,"Arkansas","Prairie County",5,69,104,49,55
050,05,117,"Arkansas","Prairie County",5,70,106,52,54
050,05,117,"Arkansas","Prairie County",5,71,94,43,51
050,05,117,"Arkansas","Prairie County",5,72,101,54,47
050,05,117,"Arkansas","Prairie County",5,73,84,48,36
050,05,117,"Arkansas","Prairie County",5,74,81,39,42
050,05,117,"Arkansas","Prairie County",5,75,77,36,41
050,05,117,"Arkansas","Prairie County",5,76,97,50,47
050,05,117,"Arkansas","Prairie County",5,77,58,29,29
050,05,117,"Arkansas","Prairie County",5,78,59,20,39
050,05,117,"Arkansas","Prairie County",5,79,74,35,39
050,05,117,"Arkansas","Prairie County",5,80,81,34,47
050,05,117,"Arkansas","Prairie County",5,81,64,23,41
050,05,117,"Arkansas","Prairie County",5,82,53,27,26
050,05,117,"Arkansas","Prairie County",5,83,40,17,23
050,05,117,"Arkansas","Prairie County",5,84,39,15,24
050,05,117,"Arkansas","Prairie County",5,85,257,124,133
050,05,119,"Arkansas","Pulaski County",1,0,5093,2580,2513
050,05,119,"Arkansas","Pulaski County",1,1,5118,2593,2525
050,05,119,"Arkansas","Pulaski County",1,2,5169,2646,2523
050,05,119,"Arkansas","Pulaski County",1,3,5165,2625,2540
050,05,119,"Arkansas","Pulaski County",1,4,5310,2732,2578
050,05,119,"Arkansas","Pulaski County",1,5,5383,2708,2675
050,05,119,"Arkansas","Pulaski County",1,6,5305,2700,2605
050,05,119,"Arkansas","Pulaski County",1,7,5234,2701,2533
050,05,119,"Arkansas","Pulaski County",1,8,5200,2726,2474
050,05,119,"Arkansas","Pulaski County",1,9,5288,2688,2600
050,05,119,"Arkansas","Pulaski County",1,10,5283,2711,2572
050,05,119,"Arkansas","Pulaski County",1,11,5372,2755,2617
050,05,119,"Arkansas","Pulaski County",1,12,5510,2815,2695
050,05,119,"Arkansas","Pulaski County",1,13,5481,2777,2704
050,05,119,"Arkansas","Pulaski County",1,14,5226,2629,2597
050,05,119,"Arkansas","Pulaski County",1,15,5107,2612,2495
050,05,119,"Arkansas","Pulaski County",1,16,5104,2632,2472
050,05,119,"Arkansas","Pulaski County",1,17,4961,2542,2419
050,05,119,"Arkansas","Pulaski County",1,18,4488,2296,2192
050,05,119,"Arkansas","Pulaski County",1,19,4395,2293,2102
050,05,119,"Arkansas","Pulaski County",1,20,4785,2465,2320
050,05,119,"Arkansas","Pulaski County",1,21,4888,2488,2400
050,05,119,"Arkansas","Pulaski County",1,22,5133,2578,2555
050,05,119,"Arkansas","Pulaski County",1,23,5435,2686,2749
050,05,119,"Arkansas","Pulaski County",1,24,5592,2683,2909
050,05,119,"Arkansas","Pulaski County",1,25,5646,2712,2934
050,05,119,"Arkansas","Pulaski County",1,26,5784,2717,3067
050,05,119,"Arkansas","Pulaski County",1,27,5873,2863,3010
050,05,119,"Arkansas","Pulaski County",1,28,6002,2887,3115
050,05,119,"Arkansas","Pulaski County",1,29,6067,2958,3109
050,05,119,"Arkansas","Pulaski County",1,30,6101,2907,3194
050,05,119,"Arkansas","Pulaski County",1,31,5718,2746,2972
050,05,119,"Arkansas","Pulaski County",1,32,5660,2702,2958
050,05,119,"Arkansas","Pulaski County",1,33,5599,2591,3008
050,05,119,"Arkansas","Pulaski County",1,34,5396,2529,2867
050,05,119,"Arkansas","Pulaski County",1,35,5513,2606,2907
050,05,119,"Arkansas","Pulaski County",1,36,5420,2631,2789
050,05,119,"Arkansas","Pulaski County",1,37,5338,2611,2727
050,05,119,"Arkansas","Pulaski County",1,38,5442,2656,2786
050,05,119,"Arkansas","Pulaski County",1,39,5483,2638,2845
050,05,119,"Arkansas","Pulaski County",1,40,5329,2575,2754
050,05,119,"Arkansas","Pulaski County",1,41,5039,2412,2627
050,05,119,"Arkansas","Pulaski County",1,42,4920,2369,2551
050,05,119,"Arkansas","Pulaski County",1,43,4746,2254,2492
050,05,119,"Arkansas","Pulaski County",1,44,4621,2178,2443
050,05,119,"Arkansas","Pulaski County",1,45,4769,2223,2546
050,05,119,"Arkansas","Pulaski County",1,46,4568,2139,2429
050,05,119,"Arkansas","Pulaski County",1,47,4629,2148,2481
050,05,119,"Arkansas","Pulaski County",1,48,4839,2277,2562
050,05,119,"Arkansas","Pulaski County",1,49,5131,2489,2642
050,05,119,"Arkansas","Pulaski County",1,50,5026,2462,2564
050,05,119,"Arkansas","Pulaski County",1,51,4627,2240,2387
050,05,119,"Arkansas","Pulaski County",1,52,4418,2079,2339
050,05,119,"Arkansas","Pulaski County",1,53,4533,2248,2285
050,05,119,"Arkansas","Pulaski County",1,54,4522,2165,2357
050,05,119,"Arkansas","Pulaski County",1,55,4876,2306,2570
050,05,119,"Arkansas","Pulaski County",1,56,5010,2352,2658
050,05,119,"Arkansas","Pulaski County",1,57,5174,2448,2726
050,05,119,"Arkansas","Pulaski County",1,58,5159,2466,2693
050,05,119,"Arkansas","Pulaski County",1,59,5139,2417,2722
050,05,119,"Arkansas","Pulaski County",1,60,5234,2501,2733
050,05,119,"Arkansas","Pulaski County",1,61,5152,2429,2723
050,05,119,"Arkansas","Pulaski County",1,62,5126,2436,2690
050,05,119,"Arkansas","Pulaski County",1,63,4994,2334,2660
050,05,119,"Arkansas","Pulaski County",1,64,4820,2197,2623
050,05,119,"Arkansas","Pulaski County",1,65,4816,2234,2582
050,05,119,"Arkansas","Pulaski County",1,66,4606,2122,2484
050,05,119,"Arkansas","Pulaski County",1,67,4406,1985,2421
050,05,119,"Arkansas","Pulaski County",1,68,4207,1883,2324
050,05,119,"Arkansas","Pulaski County",1,69,3944,1791,2153
050,05,119,"Arkansas","Pulaski County",1,70,3818,1743,2075
050,05,119,"Arkansas","Pulaski County",1,71,3623,1619,2004
050,05,119,"Arkansas","Pulaski County",1,72,3519,1605,1914
050,05,119,"Arkansas","Pulaski County",1,73,3480,1618,1862
050,05,119,"Arkansas","Pulaski County",1,74,2502,1115,1387
050,05,119,"Arkansas","Pulaski County",1,75,2422,1065,1357
050,05,119,"Arkansas","Pulaski County",1,76,2241,979,1262
050,05,119,"Arkansas","Pulaski County",1,77,2148,948,1200
050,05,119,"Arkansas","Pulaski County",1,78,1895,803,1092
050,05,119,"Arkansas","Pulaski County",1,79,1712,734,978
050,05,119,"Arkansas","Pulaski County",1,80,1596,666,930
050,05,119,"Arkansas","Pulaski County",1,81,1444,584,860
050,05,119,"Arkansas","Pulaski County",1,82,1329,521,808
050,05,119,"Arkansas","Pulaski County",1,83,1155,444,711
050,05,119,"Arkansas","Pulaski County",1,84,1095,411,684
050,05,119,"Arkansas","Pulaski County",1,85,6699,2168,4531
050,05,119,"Arkansas","Pulaski County",2,0,4996,2550,2446
050,05,119,"Arkansas","Pulaski County",2,1,5111,2595,2516
050,05,119,"Arkansas","Pulaski County",2,2,5162,2632,2530
050,05,119,"Arkansas","Pulaski County",2,3,5145,2619,2526
050,05,119,"Arkansas","Pulaski County",2,4,5266,2694,2572
050,05,119,"Arkansas","Pulaski County",2,5,5369,2721,2648
050,05,119,"Arkansas","Pulaski County",2,6,5348,2717,2631
050,05,119,"Arkansas","Pulaski County",2,7,5252,2705,2547
050,05,119,"Arkansas","Pulaski County",2,8,5196,2714,2482
050,05,119,"Arkansas","Pulaski County",2,9,5267,2698,2569
050,05,119,"Arkansas","Pulaski County",2,10,5271,2702,2569
050,05,119,"Arkansas","Pulaski County",2,11,5332,2732,2600
050,05,119,"Arkansas","Pulaski County",2,12,5503,2812,2691
050,05,119,"Arkansas","Pulaski County",2,13,5491,2785,2706
050,05,119,"Arkansas","Pulaski County",2,14,5276,2655,2621
050,05,119,"Arkansas","Pulaski County",2,15,5130,2610,2520
050,05,119,"Arkansas","Pulaski County",2,16,5102,2619,2483
050,05,119,"Arkansas","Pulaski County",2,17,5010,2566,2444
050,05,119,"Arkansas","Pulaski County",2,18,4502,2311,2191
050,05,119,"Arkansas","Pulaski County",2,19,4405,2299,2106
050,05,119,"Arkansas","Pulaski County",2,20,4823,2487,2336
050,05,119,"Arkansas","Pulaski County",2,21,4897,2495,2402
050,05,119,"Arkansas","Pulaski County",2,22,5175,2586,2589
050,05,119,"Arkansas","Pulaski County",2,23,5447,2679,2768
050,05,119,"Arkansas","Pulaski County",2,24,5547,2673,2874
050,05,119,"Arkansas","Pulaski County",2,25,5631,2695,2936
050,05,119,"Arkansas","Pulaski County",2,26,5734,2713,3021
050,05,119,"Arkansas","Pulaski County",2,27,5845,2816,3029
050,05,119,"Arkansas","Pulaski County",2,28,5964,2867,3097
050,05,119,"Arkansas","Pulaski County",2,29,6042,2933,3109
050,05,119,"Arkansas","Pulaski County",2,30,6116,2919,3197
050,05,119,"Arkansas","Pulaski County",2,31,5794,2773,3021
050,05,119,"Arkansas","Pulaski County",2,32,5652,2701,2951
050,05,119,"Arkansas","Pulaski County",2,33,5596,2623,2973
050,05,119,"Arkansas","Pulaski County",2,34,5437,2534,2903
050,05,119,"Arkansas","Pulaski County",2,35,5502,2586,2916
050,05,119,"Arkansas","Pulaski County",2,36,5385,2593,2792
050,05,119,"Arkansas","Pulaski County",2,37,5338,2609,2729
050,05,119,"Arkansas","Pulaski County",2,38,5423,2647,2776
050,05,119,"Arkansas","Pulaski County",2,39,5426,2617,2809
050,05,119,"Arkansas","Pulaski County",2,40,5393,2598,2795
050,05,119,"Arkansas","Pulaski County",2,41,5100,2447,2653
050,05,119,"Arkansas","Pulaski County",2,42,4911,2361,2550
050,05,119,"Arkansas","Pulaski County",2,43,4809,2293,2516
050,05,119,"Arkansas","Pulaski County",2,44,4604,2167,2437
050,05,119,"Arkansas","Pulaski County",2,45,4756,2221,2535
050,05,119,"Arkansas","Pulaski County",2,46,4610,2160,2450
050,05,119,"Arkansas","Pulaski County",2,47,4593,2136,2457
050,05,119,"Arkansas","Pulaski County",2,48,4782,2242,2540
050,05,119,"Arkansas","Pulaski County",2,49,5071,2444,2627
050,05,119,"Arkansas","Pulaski County",2,50,5033,2459,2574
050,05,119,"Arkansas","Pulaski County",2,51,4694,2277,2417
050,05,119,"Arkansas","Pulaski County",2,52,4460,2110,2350
050,05,119,"Arkansas","Pulaski County",2,53,4493,2196,2297
050,05,119,"Arkansas","Pulaski County",2,54,4508,2179,2329
050,05,119,"Arkansas","Pulaski County",2,55,4777,2266,2511
050,05,119,"Arkansas","Pulaski County",2,56,4982,2344,2638
050,05,119,"Arkansas","Pulaski County",2,57,5125,2419,2706
050,05,119,"Arkansas","Pulaski County",2,58,5156,2459,2697
050,05,119,"Arkansas","Pulaski County",2,59,5148,2434,2714
050,05,119,"Arkansas","Pulaski County",2,60,5186,2462,2724
050,05,119,"Arkansas","Pulaski County",2,61,5159,2432,2727
050,05,119,"Arkansas","Pulaski County",2,62,5115,2428,2687
050,05,119,"Arkansas","Pulaski County",2,63,5049,2359,2690
050,05,119,"Arkansas","Pulaski County",2,64,4816,2208,2608
050,05,119,"Arkansas","Pulaski County",2,65,4786,2206,2580
050,05,119,"Arkansas","Pulaski County",2,66,4649,2138,2511
050,05,119,"Arkansas","Pulaski County",2,67,4413,1993,2420
050,05,119,"Arkansas","Pulaski County",2,68,4193,1873,2320
050,05,119,"Arkansas","Pulaski County",2,69,4008,1809,2199
050,05,119,"Arkansas","Pulaski County",2,70,3809,1736,2073
050,05,119,"Arkansas","Pulaski County",2,71,3650,1637,2013
050,05,119,"Arkansas","Pulaski County",2,72,3476,1573,1903
050,05,119,"Arkansas","Pulaski County",2,73,3613,1667,1946
050,05,119,"Arkansas","Pulaski County",2,74,2557,1147,1410
050,05,119,"Arkansas","Pulaski County",2,75,2427,1067,1360
050,05,119,"Arkansas","Pulaski County",2,76,2238,978,1260
050,05,119,"Arkansas","Pulaski County",2,77,2194,967,1227
050,05,119,"Arkansas","Pulaski County",2,78,1912,823,1089
050,05,119,"Arkansas","Pulaski County",2,79,1722,736,986
050,05,119,"Arkansas","Pulaski County",2,80,1614,675,939
050,05,119,"Arkansas","Pulaski County",2,81,1449,589,860
050,05,119,"Arkansas","Pulaski County",2,82,1348,526,822
050,05,119,"Arkansas","Pulaski County",2,83,1164,444,720
050,05,119,"Arkansas","Pulaski County",2,84,1075,409,666
050,05,119,"Arkansas","Pulaski County",2,85,6739,2191,4548
050,05,119,"Arkansas","Pulaski County",3,0,4902,2423,2479
050,05,119,"Arkansas","Pulaski County",3,1,4869,2506,2363
050,05,119,"Arkansas","Pulaski County",3,2,5065,2596,2469
050,05,119,"Arkansas","Pulaski County",3,3,5152,2619,2533
050,05,119,"Arkansas","Pulaski County",3,4,5146,2612,2534
050,05,119,"Arkansas","Pulaski County",3,5,5171,2616,2555
050,05,119,"Arkansas","Pulaski County",3,6,5347,2726,2621
050,05,119,"Arkansas","Pulaski County",3,7,5244,2648,2596
050,05,119,"Arkansas","Pulaski County",3,8,5214,2717,2497
050,05,119,"Arkansas","Pulaski County",3,9,5153,2671,2482
050,05,119,"Arkansas","Pulaski County",3,10,5264,2681,2583
050,05,119,"Arkansas","Pulaski County",3,11,5249,2690,2559
050,05,119,"Arkansas","Pulaski County",3,12,5306,2702,2604
050,05,119,"Arkansas","Pulaski County",3,13,5506,2817,2689
050,05,119,"Arkansas","Pulaski County",3,14,5415,2753,2662
050,05,119,"Arkansas","Pulaski County",3,15,5287,2676,2611
050,05,119,"Arkansas","Pulaski County",3,16,5109,2589,2520
050,05,119,"Arkansas","Pulaski County",3,17,5082,2603,2479
050,05,119,"Arkansas","Pulaski County",3,18,4575,2346,2229
050,05,119,"Arkansas","Pulaski County",3,19,4264,2231,2033
050,05,119,"Arkansas","Pulaski County",3,20,4776,2463,2313
050,05,119,"Arkansas","Pulaski County",3,21,5023,2552,2471
050,05,119,"Arkansas","Pulaski County",3,22,5169,2554,2615
050,05,119,"Arkansas","Pulaski County",3,23,5462,2674,2788
050,05,119,"Arkansas","Pulaski County",3,24,5575,2713,2862
050,05,119,"Arkansas","Pulaski County",3,25,5571,2665,2906
050,05,119,"Arkansas","Pulaski County",3,26,5552,2644,2908
050,05,119,"Arkansas","Pulaski County",3,27,5681,2681,3000
050,05,119,"Arkansas","Pulaski County",3,28,5747,2775,2972
050,05,119,"Arkansas","Pulaski County",3,29,5951,2875,3076
050,05,119,"Arkansas","Pulaski County",3,30,5951,2859,3092
050,05,119,"Arkansas","Pulaski County",3,31,6053,2868,3185
050,05,119,"Arkansas","Pulaski County",3,32,5639,2685,2954
050,05,119,"Arkansas","Pulaski County",3,33,5561,2674,2887
050,05,119,"Arkansas","Pulaski County",3,34,5536,2604,2932
050,05,119,"Arkansas","Pulaski County",3,35,5334,2483,2851
050,05,119,"Arkansas","Pulaski County",3,36,5388,2512,2876
050,05,119,"Arkansas","Pulaski County",3,37,5292,2533,2759
050,05,119,"Arkansas","Pulaski County",3,38,5238,2536,2702
050,05,119,"Arkansas","Pulaski County",3,39,5348,2611,2737
050,05,119,"Arkansas","Pulaski County",3,40,5377,2607,2770
050,05,119,"Arkansas","Pulaski County",3,41,5352,2571,2781
050,05,119,"Arkansas","Pulaski County",3,42,5042,2400,2642
050,05,119,"Arkansas","Pulaski County",3,43,4857,2341,2516
050,05,119,"Arkansas","Pulaski County",3,44,4741,2230,2511
050,05,119,"Arkansas","Pulaski County",3,45,4576,2130,2446
050,05,119,"Arkansas","Pulaski County",3,46,4694,2194,2500
050,05,119,"Arkansas","Pulaski County",3,47,4567,2140,2427
050,05,119,"Arkansas","Pulaski County",3,48,4550,2117,2433
050,05,119,"Arkansas","Pulaski County",3,49,4760,2235,2525
050,05,119,"Arkansas","Pulaski County",3,50,4999,2389,2610
050,05,119,"Arkansas","Pulaski County",3,51,4983,2420,2563
050,05,119,"Arkansas","Pulaski County",3,52,4640,2239,2401
050,05,119,"Arkansas","Pulaski County",3,53,4426,2088,2338
050,05,119,"Arkansas","Pulaski County",3,54,4417,2141,2276
050,05,119,"Arkansas","Pulaski County",3,55,4401,2118,2283
050,05,119,"Arkansas","Pulaski County",3,56,4696,2218,2478
050,05,119,"Arkansas","Pulaski County",3,57,4908,2302,2606
050,05,119,"Arkansas","Pulaski County",3,58,5054,2380,2674
050,05,119,"Arkansas","Pulaski County",3,59,5071,2397,2674
050,05,119,"Arkansas","Pulaski County",3,60,5083,2405,2678
050,05,119,"Arkansas","Pulaski County",3,61,5025,2349,2676
050,05,119,"Arkansas","Pulaski County",3,62,5129,2421,2708
050,05,119,"Arkansas","Pulaski County",3,63,4944,2308,2636
050,05,119,"Arkansas","Pulaski County",3,64,4965,2317,2648
050,05,119,"Arkansas","Pulaski County",3,65,4686,2123,2563
050,05,119,"Arkansas","Pulaski County",3,66,4676,2152,2524
050,05,119,"Arkansas","Pulaski County",3,67,4495,2046,2449
050,05,119,"Arkansas","Pulaski County",3,68,4335,1956,2379
050,05,119,"Arkansas","Pulaski County",3,69,4121,1840,2281
050,05,119,"Arkansas","Pulaski County",3,70,3882,1735,2147
050,05,119,"Arkansas","Pulaski County",3,71,3717,1680,2037
050,05,119,"Arkansas","Pulaski County",3,72,3532,1561,1971
050,05,119,"Arkansas","Pulaski County",3,73,3347,1510,1837
050,05,119,"Arkansas","Pulaski County",3,74,3496,1602,1894
050,05,119,"Arkansas","Pulaski County",3,75,2493,1109,1384
050,05,119,"Arkansas","Pulaski County",3,76,2316,1011,1305
050,05,119,"Arkansas","Pulaski County",3,77,2170,945,1225
050,05,119,"Arkansas","Pulaski County",3,78,2099,916,1183
050,05,119,"Arkansas","Pulaski County",3,79,1800,758,1042
050,05,119,"Arkansas","Pulaski County",3,80,1634,690,944
050,05,119,"Arkansas","Pulaski County",3,81,1517,621,896
050,05,119,"Arkansas","Pulaski County",3,82,1373,539,834
050,05,119,"Arkansas","Pulaski County",3,83,1241,465,776
050,05,119,"Arkansas","Pulaski County",3,84,1067,411,656
050,05,119,"Arkansas","Pulaski County",3,85,6687,2165,4522
050,05,119,"Arkansas","Pulaski County",4,0,4917,2432,2485
050,05,119,"Arkansas","Pulaski County",4,1,4863,2438,2425
050,05,119,"Arkansas","Pulaski County",4,2,5009,2600,2409
050,05,119,"Arkansas","Pulaski County",4,3,5065,2594,2471
050,05,119,"Arkansas","Pulaski County",4,4,5168,2641,2527
050,05,119,"Arkansas","Pulaski County",4,5,5098,2598,2500
050,05,119,"Arkansas","Pulaski County",4,6,5145,2606,2539
050,05,119,"Arkansas","Pulaski County",4,7,5351,2732,2619
050,05,119,"Arkansas","Pulaski County",4,8,5267,2633,2634
050,05,119,"Arkansas","Pulaski County",4,9,5238,2690,2548
050,05,119,"Arkansas","Pulaski County",4,10,5117,2653,2464
050,05,119,"Arkansas","Pulaski County",4,11,5253,2679,2574
050,05,119,"Arkansas","Pulaski County",4,12,5215,2659,2556
050,05,119,"Arkansas","Pulaski County",4,13,5273,2678,2595
050,05,119,"Arkansas","Pulaski County",4,14,5495,2809,2686
050,05,119,"Arkansas","Pulaski County",4,15,5419,2739,2680
050,05,119,"Arkansas","Pulaski County",4,16,5266,2649,2617
050,05,119,"Arkansas","Pulaski County",4,17,5134,2582,2552
050,05,119,"Arkansas","Pulaski County",4,18,4673,2412,2261
050,05,119,"Arkansas","Pulaski County",4,19,4330,2277,2053
050,05,119,"Arkansas","Pulaski County",4,20,4684,2447,2237
050,05,119,"Arkansas","Pulaski County",4,21,4995,2554,2441
050,05,119,"Arkansas","Pulaski County",4,22,5330,2661,2669
050,05,119,"Arkansas","Pulaski County",4,23,5541,2642,2899
050,05,119,"Arkansas","Pulaski County",4,24,5661,2752,2909
050,05,119,"Arkansas","Pulaski County",4,25,5684,2765,2919
050,05,119,"Arkansas","Pulaski County",4,26,5599,2685,2914
050,05,119,"Arkansas","Pulaski County",4,27,5638,2701,2937
050,05,119,"Arkansas","Pulaski County",4,28,5718,2719,2999
050,05,119,"Arkansas","Pulaski County",4,29,5703,2752,2951
050,05,119,"Arkansas","Pulaski County",4,30,5957,2857,3100
050,05,119,"Arkansas","Pulaski County",4,31,5918,2825,3093
050,05,119,"Arkansas","Pulaski County",4,32,5965,2842,3123
050,05,119,"Arkansas","Pulaski County",4,33,5665,2721,2944
050,05,119,"Arkansas","Pulaski County",4,34,5540,2663,2877
050,05,119,"Arkansas","Pulaski County",4,35,5499,2571,2928
050,05,119,"Arkansas","Pulaski County",4,36,5279,2444,2835
050,05,119,"Arkansas","Pulaski County",4,37,5279,2458,2821
050,05,119,"Arkansas","Pulaski County",4,38,5288,2519,2769
050,05,119,"Arkansas","Pulaski County",4,39,5162,2498,2664
050,05,119,"Arkansas","Pulaski County",4,40,5379,2633,2746
050,05,119,"Arkansas","Pulaski County",4,41,5368,2583,2785
050,05,119,"Arkansas","Pulaski County",4,42,5234,2487,2747
050,05,119,"Arkansas","Pulaski County",4,43,5054,2410,2644
050,05,119,"Arkansas","Pulaski County",4,44,4785,2279,2506
050,05,119,"Arkansas","Pulaski County",4,45,4777,2247,2530
050,05,119,"Arkansas","Pulaski County",4,46,4560,2138,2422
050,05,119,"Arkansas","Pulaski County",4,47,4665,2187,2478
050,05,119,"Arkansas","Pulaski County",4,48,4516,2111,2405
050,05,119,"Arkansas","Pulaski County",4,49,4468,2092,2376
050,05,119,"Arkansas","Pulaski County",4,50,4704,2187,2517
050,05,119,"Arkansas","Pulaski County",4,51,4969,2378,2591
050,05,119,"Arkansas","Pulaski County",4,52,4917,2402,2515
050,05,119,"Arkansas","Pulaski County",4,53,4554,2201,2353
050,05,119,"Arkansas","Pulaski County",4,54,4362,2061,2301
050,05,119,"Arkansas","Pulaski County",4,55,4400,2118,2282
050,05,119,"Arkansas","Pulaski County",4,56,4360,2096,2264
050,05,119,"Arkansas","Pulaski County",4,57,4648,2193,2455
050,05,119,"Arkansas","Pulaski County",4,58,4895,2265,2630
050,05,119,"Arkansas","Pulaski County",4,59,4969,2332,2637
050,05,119,"Arkansas","Pulaski County",4,60,5034,2375,2659
050,05,119,"Arkansas","Pulaski County",4,61,4963,2310,2653
050,05,119,"Arkansas","Pulaski County",4,62,4977,2336,2641
050,05,119,"Arkansas","Pulaski County",4,63,5075,2374,2701
050,05,119,"Arkansas","Pulaski County",4,64,4830,2256,2574
050,05,119,"Arkansas","Pulaski County",4,65,4856,2231,2625
050,05,119,"Arkansas","Pulaski County",4,66,4557,2063,2494
050,05,119,"Arkansas","Pulaski County",4,67,4494,2033,2461
050,05,119,"Arkansas","Pulaski County",4,68,4403,2001,2402
050,05,119,"Arkansas","Pulaski County",4,69,4265,1928,2337
050,05,119,"Arkansas","Pulaski County",4,70,4020,1781,2239
050,05,119,"Arkansas","Pulaski County",4,71,3804,1689,2115
050,05,119,"Arkansas","Pulaski County",4,72,3638,1618,2020
050,05,119,"Arkansas","Pulaski County",4,73,3427,1505,1922
050,05,119,"Arkansas","Pulaski County",4,74,3250,1461,1789
050,05,119,"Arkansas","Pulaski County",4,75,3420,1556,1864
050,05,119,"Arkansas","Pulaski County",4,76,2369,1041,1328
050,05,119,"Arkansas","Pulaski County",4,77,2243,963,1280
050,05,119,"Arkansas","Pulaski County",4,78,2082,894,1188
050,05,119,"Arkansas","Pulaski County",4,79,1985,852,1133
050,05,119,"Arkansas","Pulaski County",4,80,1715,708,1007
050,05,119,"Arkansas","Pulaski County",4,81,1499,624,875
050,05,119,"Arkansas","Pulaski County",4,82,1448,591,857
050,05,119,"Arkansas","Pulaski County",4,83,1267,478,789
050,05,119,"Arkansas","Pulaski County",4,84,1145,428,717
050,05,119,"Arkansas","Pulaski County",4,85,6636,2143,4493
050,05,119,"Arkansas","Pulaski County",5,0,4945,2445,2500
050,05,119,"Arkansas","Pulaski County",5,1,4928,2406,2522
050,05,119,"Arkansas","Pulaski County",5,2,4775,2397,2378
050,05,119,"Arkansas","Pulaski County",5,3,4968,2576,2392
050,05,119,"Arkansas","Pulaski County",5,4,5013,2570,2443
050,05,119,"Arkansas","Pulaski County",5,5,5184,2671,2513
050,05,119,"Arkansas","Pulaski County",5,6,5076,2589,2487
050,05,119,"Arkansas","Pulaski County",5,7,5115,2591,2524
050,05,119,"Arkansas","Pulaski County",5,8,5310,2692,2618
050,05,119,"Arkansas","Pulaski County",5,9,5239,2656,2583
050,05,119,"Arkansas","Pulaski County",5,10,5195,2684,2511
050,05,119,"Arkansas","Pulaski County",5,11,5082,2621,2461
050,05,119,"Arkansas","Pulaski County",5,12,5227,2649,2578
050,05,119,"Arkansas","Pulaski County",5,13,5157,2630,2527
050,05,119,"Arkansas","Pulaski County",5,14,5255,2652,2603
050,05,119,"Arkansas","Pulaski County",5,15,5464,2793,2671
050,05,119,"Arkansas","Pulaski County",5,16,5430,2746,2684
050,05,119,"Arkansas","Pulaski County",5,17,5249,2667,2582
050,05,119,"Arkansas","Pulaski County",5,18,4667,2391,2276
050,05,119,"Arkansas","Pulaski County",5,19,4442,2327,2115
050,05,119,"Arkansas","Pulaski County",5,20,4737,2488,2249
050,05,119,"Arkansas","Pulaski County",5,21,4837,2531,2306
050,05,119,"Arkansas","Pulaski County",5,22,5284,2613,2671
050,05,119,"Arkansas","Pulaski County",5,23,5631,2776,2855
050,05,119,"Arkansas","Pulaski County",5,24,5682,2728,2954
050,05,119,"Arkansas","Pulaski County",5,25,5792,2810,2982
050,05,119,"Arkansas","Pulaski County",5,26,5639,2761,2878
050,05,119,"Arkansas","Pulaski County",5,27,5525,2640,2885
050,05,119,"Arkansas","Pulaski County",5,28,5595,2683,2912
050,05,119,"Arkansas","Pulaski County",5,29,5689,2701,2988
050,05,119,"Arkansas","Pulaski County",5,30,5675,2727,2948
050,05,119,"Arkansas","Pulaski County",5,31,5866,2818,3048
050,05,119,"Arkansas","Pulaski County",5,32,5905,2815,3090
050,05,119,"Arkansas","Pulaski County",5,33,5881,2796,3085
050,05,119,"Arkansas","Pulaski County",5,34,5591,2686,2905
050,05,119,"Arkansas","Pulaski County",5,35,5484,2617,2867
050,05,119,"Arkansas","Pulaski County",5,36,5337,2475,2862
050,05,119,"Arkansas","Pulaski County",5,37,5194,2426,2768
050,05,119,"Arkansas","Pulaski County",5,38,5298,2448,2850
050,05,119,"Arkansas","Pulaski County",5,39,5235,2483,2752
050,05,119,"Arkansas","Pulaski County",5,40,5147,2501,2646
050,05,119,"Arkansas","Pulaski County",5,41,5336,2588,2748
050,05,119,"Arkansas","Pulaski County",5,42,5330,2551,2779
050,05,119,"Arkansas","Pulaski County",5,43,5188,2446,2742
050,05,119,"Arkansas","Pulaski County",5,44,4972,2337,2635
050,05,119,"Arkansas","Pulaski County",5,45,4754,2287,2467
050,05,119,"Arkansas","Pulaski County",5,46,4767,2220,2547
050,05,119,"Arkansas","Pulaski County",5,47,4529,2122,2407
050,05,119,"Arkansas","Pulaski County",5,48,4631,2171,2460
050,05,119,"Arkansas","Pulaski County",5,49,4540,2131,2409
050,05,119,"Arkansas","Pulaski County",5,50,4449,2072,2377
050,05,119,"Arkansas","Pulaski County",5,51,4647,2140,2507
050,05,119,"Arkansas","Pulaski County",5,52,4906,2357,2549
050,05,119,"Arkansas","Pulaski County",5,53,4885,2382,2503
050,05,119,"Arkansas","Pulaski County",5,54,4500,2160,2340
050,05,119,"Arkansas","Pulaski County",5,55,4342,2048,2294
050,05,119,"Arkansas","Pulaski County",5,56,4392,2105,2287
050,05,119,"Arkansas","Pulaski County",5,57,4313,2084,2229
050,05,119,"Arkansas","Pulaski County",5,58,4599,2170,2429
050,05,119,"Arkansas","Pulaski County",5,59,4853,2222,2631
050,05,119,"Arkansas","Pulaski County",5,60,4942,2305,2637
050,05,119,"Arkansas","Pulaski County",5,61,4965,2319,2646
050,05,119,"Arkansas","Pulaski County",5,62,4921,2304,2617
050,05,119,"Arkansas","Pulaski County",5,63,4949,2308,2641
050,05,119,"Arkansas","Pulaski County",5,64,4981,2328,2653
050,05,119,"Arkansas","Pulaski County",5,65,4723,2207,2516
050,05,119,"Arkansas","Pulaski County",5,66,4770,2201,2569
050,05,119,"Arkansas","Pulaski County",5,67,4471,2005,2466
050,05,119,"Arkansas","Pulaski County",5,68,4404,1992,2412
050,05,119,"Arkansas","Pulaski County",5,69,4347,1960,2387
050,05,119,"Arkansas","Pulaski County",5,70,4151,1868,2283
050,05,119,"Arkansas","Pulaski County",5,71,3953,1754,2199
050,05,119,"Arkansas","Pulaski County",5,72,3700,1616,2084
050,05,119,"Arkansas","Pulaski County",5,73,3544,1562,1982
050,05,119,"Arkansas","Pulaski County",5,74,3343,1468,1875
050,05,119,"Arkansas","Pulaski County",5,75,3205,1426,1779
050,05,119,"Arkansas","Pulaski County",5,76,3304,1491,1813
050,05,119,"Arkansas","Pulaski County",5,77,2319,1004,1315
050,05,119,"Arkansas","Pulaski County",5,78,2153,912,1241
050,05,119,"Arkansas","Pulaski County",5,79,1991,849,1142
050,05,119,"Arkansas","Pulaski County",5,80,1921,818,1103
050,05,119,"Arkansas","Pulaski County",5,81,1613,669,944
050,05,119,"Arkansas","Pulaski County",5,82,1446,599,847
050,05,119,"Arkansas","Pulaski County",5,83,1332,526,806
050,05,119,"Arkansas","Pulaski County",5,84,1170,443,727
050,05,119,"Arkansas","Pulaski County",5,85,6713,2155,4558
050,05,121,"Arkansas","Randolph County",1,0,267,137,130
050,05,121,"Arkansas","Randolph County",1,1,262,127,135
050,05,121,"Arkansas","Randolph County",1,2,266,142,124
050,05,121,"Arkansas","Randolph County",1,3,248,126,122
050,05,121,"Arkansas","Randolph County",1,4,217,106,111
050,05,121,"Arkansas","Randolph County",1,5,225,113,112
050,05,121,"Arkansas","Randolph County",1,6,240,129,111
050,05,121,"Arkansas","Randolph County",1,7,241,131,110
050,05,121,"Arkansas","Randolph County",1,8,243,124,119
050,05,121,"Arkansas","Randolph County",1,9,247,133,114
050,05,121,"Arkansas","Randolph County",1,10,250,126,124
050,05,121,"Arkansas","Randolph County",1,11,253,127,126
050,05,121,"Arkansas","Randolph County",1,12,250,136,114
050,05,121,"Arkansas","Randolph County",1,13,252,136,116
050,05,121,"Arkansas","Randolph County",1,14,255,134,121
050,05,121,"Arkansas","Randolph County",1,15,258,137,121
050,05,121,"Arkansas","Randolph County",1,16,232,121,111
050,05,121,"Arkansas","Randolph County",1,17,244,128,116
050,05,121,"Arkansas","Randolph County",1,18,220,114,106
050,05,121,"Arkansas","Randolph County",1,19,162,85,77
050,05,121,"Arkansas","Randolph County",1,20,169,88,81
050,05,121,"Arkansas","Randolph County",1,21,186,106,80
050,05,121,"Arkansas","Randolph County",1,22,198,101,97
050,05,121,"Arkansas","Randolph County",1,23,200,104,96
050,05,121,"Arkansas","Randolph County",1,24,203,110,93
050,05,121,"Arkansas","Randolph County",1,25,211,100,111
050,05,121,"Arkansas","Randolph County",1,26,224,116,108
050,05,121,"Arkansas","Randolph County",1,27,242,118,124
050,05,121,"Arkansas","Randolph County",1,28,243,120,123
050,05,121,"Arkansas","Randolph County",1,29,246,130,116
050,05,121,"Arkansas","Randolph County",1,30,253,130,123
050,05,121,"Arkansas","Randolph County",1,31,240,128,112
050,05,121,"Arkansas","Randolph County",1,32,249,136,113
050,05,121,"Arkansas","Randolph County",1,33,206,119,87
050,05,121,"Arkansas","Randolph County",1,34,217,107,110
050,05,121,"Arkansas","Randolph County",1,35,241,109,132
050,05,121,"Arkansas","Randolph County",1,36,239,123,116
050,05,121,"Arkansas","Randolph County",1,37,212,116,96
050,05,121,"Arkansas","Randolph County",1,38,229,113,116
050,05,121,"Arkansas","Randolph County",1,39,228,117,111
050,05,121,"Arkansas","Randolph County",1,40,227,119,108
050,05,121,"Arkansas","Randolph County",1,41,206,103,103
050,05,121,"Arkansas","Randolph County",1,42,229,112,117
050,05,121,"Arkansas","Randolph County",1,43,220,107,113
050,05,121,"Arkansas","Randolph County",1,44,204,106,98
050,05,121,"Arkansas","Randolph County",1,45,208,106,102
050,05,121,"Arkansas","Randolph County",1,46,201,108,93
050,05,121,"Arkansas","Randolph County",1,47,190,93,97
050,05,121,"Arkansas","Randolph County",1,48,219,97,122
050,05,121,"Arkansas","Randolph County",1,49,235,116,119
050,05,121,"Arkansas","Randolph County",1,50,212,100,112
050,05,121,"Arkansas","Randolph County",1,51,202,101,101
050,05,121,"Arkansas","Randolph County",1,52,231,122,109
050,05,121,"Arkansas","Randolph County",1,53,232,126,106
050,05,121,"Arkansas","Randolph County",1,54,257,137,120
050,05,121,"Arkansas","Randolph County",1,55,256,136,120
050,05,121,"Arkansas","Randolph County",1,56,232,102,130
050,05,121,"Arkansas","Randolph County",1,57,259,119,140
050,05,121,"Arkansas","Randolph County",1,58,245,113,132
050,05,121,"Arkansas","Randolph County",1,59,235,113,122
050,05,121,"Arkansas","Randolph County",1,60,248,131,117
050,05,121,"Arkansas","Randolph County",1,61,233,117,116
050,05,121,"Arkansas","Randolph County",1,62,238,116,122
050,05,121,"Arkansas","Randolph County",1,63,236,116,120
050,05,121,"Arkansas","Randolph County",1,64,241,127,114
050,05,121,"Arkansas","Randolph County",1,65,223,117,106
050,05,121,"Arkansas","Randolph County",1,66,211,94,117
050,05,121,"Arkansas","Randolph County",1,67,207,104,103
050,05,121,"Arkansas","Randolph County",1,68,210,102,108
050,05,121,"Arkansas","Randolph County",1,69,215,100,115
050,05,121,"Arkansas","Randolph County",1,70,192,88,104
050,05,121,"Arkansas","Randolph County",1,71,196,86,110
050,05,121,"Arkansas","Randolph County",1,72,212,108,104
050,05,121,"Arkansas","Randolph County",1,73,200,99,101
050,05,121,"Arkansas","Randolph County",1,74,134,58,76
050,05,121,"Arkansas","Randolph County",1,75,151,65,86
050,05,121,"Arkansas","Randolph County",1,76,145,67,78
050,05,121,"Arkansas","Randolph County",1,77,142,58,84
050,05,121,"Arkansas","Randolph County",1,78,124,54,70
050,05,121,"Arkansas","Randolph County",1,79,120,50,70
050,05,121,"Arkansas","Randolph County",1,80,99,44,55
050,05,121,"Arkansas","Randolph County",1,81,85,38,47
050,05,121,"Arkansas","Randolph County",1,82,86,43,43
050,05,121,"Arkansas","Randolph County",1,83,76,32,44
050,05,121,"Arkansas","Randolph County",1,84,71,27,44
050,05,121,"Arkansas","Randolph County",1,85,511,175,336
050,05,121,"Arkansas","Randolph County",2,0,257,133,124
050,05,121,"Arkansas","Randolph County",2,1,264,130,134
050,05,121,"Arkansas","Randolph County",2,2,265,139,126
050,05,121,"Arkansas","Randolph County",2,3,252,130,122
050,05,121,"Arkansas","Randolph County",2,4,227,111,116
050,05,121,"Arkansas","Randolph County",2,5,227,114,113
050,05,121,"Arkansas","Randolph County",2,6,236,124,112
050,05,121,"Arkansas","Randolph County",2,7,241,130,111
050,05,121,"Arkansas","Randolph County",2,8,243,128,115
050,05,121,"Arkansas","Randolph County",2,9,245,131,114
050,05,121,"Arkansas","Randolph County",2,10,253,130,123
050,05,121,"Arkansas","Randolph County",2,11,252,127,125
050,05,121,"Arkansas","Randolph County",2,12,253,135,118
050,05,121,"Arkansas","Randolph County",2,13,254,137,117
050,05,121,"Arkansas","Randolph County",2,14,257,136,121
050,05,121,"Arkansas","Randolph County",2,15,258,137,121
050,05,121,"Arkansas","Randolph County",2,16,238,125,113
050,05,121,"Arkansas","Randolph County",2,17,243,126,117
050,05,121,"Arkansas","Randolph County",2,18,216,113,103
050,05,121,"Arkansas","Randolph County",2,19,164,86,78
050,05,121,"Arkansas","Randolph County",2,20,170,89,81
050,05,121,"Arkansas","Randolph County",2,21,183,102,81
050,05,121,"Arkansas","Randolph County",2,22,197,103,94
050,05,121,"Arkansas","Randolph County",2,23,199,103,96
050,05,121,"Arkansas","Randolph County",2,24,207,111,96
050,05,121,"Arkansas","Randolph County",2,25,212,105,107
050,05,121,"Arkansas","Randolph County",2,26,222,112,110
050,05,121,"Arkansas","Randolph County",2,27,239,118,121
050,05,121,"Arkansas","Randolph County",2,28,244,121,123
050,05,121,"Arkansas","Randolph County",2,29,246,127,119
050,05,121,"Arkansas","Randolph County",2,30,251,130,121
050,05,121,"Arkansas","Randolph County",2,31,243,128,115
050,05,121,"Arkansas","Randolph County",2,32,249,137,112
050,05,121,"Arkansas","Randolph County",2,33,214,120,94
050,05,121,"Arkansas","Randolph County",2,34,212,110,102
050,05,121,"Arkansas","Randolph County",2,35,235,108,127
050,05,121,"Arkansas","Randolph County",2,36,237,120,117
050,05,121,"Arkansas","Randolph County",2,37,220,117,103
050,05,121,"Arkansas","Randolph County",2,38,226,113,113
050,05,121,"Arkansas","Randolph County",2,39,225,114,111
050,05,121,"Arkansas","Randolph County",2,40,232,122,110
050,05,121,"Arkansas","Randolph County",2,41,213,108,105
050,05,121,"Arkansas","Randolph County",2,42,223,110,113
050,05,121,"Arkansas","Randolph County",2,43,225,109,116
050,05,121,"Arkansas","Randolph County",2,44,208,106,102
050,05,121,"Arkansas","Randolph County",2,45,208,107,101
050,05,121,"Arkansas","Randolph County",2,46,201,106,95
050,05,121,"Arkansas","Randolph County",2,47,193,96,97
050,05,121,"Arkansas","Randolph County",2,48,215,97,118
050,05,121,"Arkansas","Randolph County",2,49,231,111,120
050,05,121,"Arkansas","Randolph County",2,50,219,104,115
050,05,121,"Arkansas","Randolph County",2,51,205,101,104
050,05,121,"Arkansas","Randolph County",2,52,223,116,107
050,05,121,"Arkansas","Randolph County",2,53,233,127,106
050,05,121,"Arkansas","Randolph County",2,54,249,133,116
050,05,121,"Arkansas","Randolph County",2,55,256,136,120
050,05,121,"Arkansas","Randolph County",2,56,240,112,128
050,05,121,"Arkansas","Randolph County",2,57,252,115,137
050,05,121,"Arkansas","Randolph County",2,58,248,113,135
050,05,121,"Arkansas","Randolph County",2,59,234,110,124
050,05,121,"Arkansas","Randolph County",2,60,243,125,118
050,05,121,"Arkansas","Randolph County",2,61,235,120,115
050,05,121,"Arkansas","Randolph County",2,62,233,113,120
050,05,121,"Arkansas","Randolph County",2,63,238,116,122
050,05,121,"Arkansas","Randolph County",2,64,238,124,114
050,05,121,"Arkansas","Randolph County",2,65,229,120,109
050,05,121,"Arkansas","Randolph County",2,66,211,97,114
050,05,121,"Arkansas","Randolph County",2,67,209,103,106
050,05,121,"Arkansas","Randolph County",2,68,207,100,107
050,05,121,"Arkansas","Randolph County",2,69,214,100,114
050,05,121,"Arkansas","Randolph County",2,70,196,90,106
050,05,121,"Arkansas","Randolph County",2,71,195,87,108
050,05,121,"Arkansas","Randolph County",2,72,203,98,105
050,05,121,"Arkansas","Randolph County",2,73,210,104,106
050,05,121,"Arkansas","Randolph County",2,74,140,62,78
050,05,121,"Arkansas","Randolph County",2,75,145,63,82
050,05,121,"Arkansas","Randolph County",2,76,145,66,79
050,05,121,"Arkansas","Randolph County",2,77,145,62,83
050,05,121,"Arkansas","Randolph County",2,78,125,53,72
050,05,121,"Arkansas","Randolph County",2,79,116,49,67
050,05,121,"Arkansas","Randolph County",2,80,103,45,58
050,05,121,"Arkansas","Randolph County",2,81,89,40,49
050,05,121,"Arkansas","Randolph County",2,82,85,42,43
050,05,121,"Arkansas","Randolph County",2,83,76,33,43
050,05,121,"Arkansas","Randolph County",2,84,71,28,43
050,05,121,"Arkansas","Randolph County",2,85,510,177,333
050,05,121,"Arkansas","Randolph County",3,0,216,111,105
050,05,121,"Arkansas","Randolph County",3,1,271,153,118
050,05,121,"Arkansas","Randolph County",3,2,258,120,138
050,05,121,"Arkansas","Randolph County",3,3,265,138,127
050,05,121,"Arkansas","Randolph County",3,4,266,143,123
050,05,121,"Arkansas","Randolph County",3,5,242,119,123
050,05,121,"Arkansas","Randolph County",3,6,241,128,113
050,05,121,"Arkansas","Randolph County",3,7,234,124,110
050,05,121,"Arkansas","Randolph County",3,8,259,144,115
050,05,121,"Arkansas","Randolph County",3,9,258,133,125
050,05,121,"Arkansas","Randolph County",3,10,254,134,120
050,05,121,"Arkansas","Randolph County",3,11,279,143,136
050,05,121,"Arkansas","Randolph County",3,12,272,138,134
050,05,121,"Arkansas","Randolph County",3,13,253,131,122
050,05,121,"Arkansas","Randolph County",3,14,261,132,129
050,05,121,"Arkansas","Randolph County",3,15,260,138,122
050,05,121,"Arkansas","Randolph County",3,16,266,144,122
050,05,121,"Arkansas","Randolph County",3,17,251,134,117
050,05,121,"Arkansas","Randolph County",3,18,220,109,111
050,05,121,"Arkansas","Randolph County",3,19,169,90,79
050,05,121,"Arkansas","Randolph County",3,20,174,87,87
050,05,121,"Arkansas","Randolph County",3,21,185,98,87
050,05,121,"Arkansas","Randolph County",3,22,188,106,82
050,05,121,"Arkansas","Randolph County",3,23,207,101,106
050,05,121,"Arkansas","Randolph County",3,24,208,104,104
050,05,121,"Arkansas","Randolph County",3,25,210,109,101
050,05,121,"Arkansas","Randolph County",3,26,221,110,111
050,05,121,"Arkansas","Randolph County",3,27,223,113,110
050,05,121,"Arkansas","Randolph County",3,28,248,123,125
050,05,121,"Arkansas","Randolph County",3,29,245,120,125
050,05,121,"Arkansas","Randolph County",3,30,247,127,120
050,05,121,"Arkansas","Randolph County",3,31,254,137,117
050,05,121,"Arkansas","Randolph County",3,32,252,125,127
050,05,121,"Arkansas","Randolph County",3,33,261,137,124
050,05,121,"Arkansas","Randolph County",3,34,225,127,98
050,05,121,"Arkansas","Randolph County",3,35,227,122,105
050,05,121,"Arkansas","Randolph County",3,36,242,110,132
050,05,121,"Arkansas","Randolph County",3,37,225,112,113
050,05,121,"Arkansas","Randolph County",3,38,230,128,102
050,05,121,"Arkansas","Randolph County",3,39,217,105,112
050,05,121,"Arkansas","Randolph County",3,40,233,114,119
050,05,121,"Arkansas","Randolph County",3,41,237,127,110
050,05,121,"Arkansas","Randolph County",3,42,219,113,106
050,05,121,"Arkansas","Randolph County",3,43,226,106,120
050,05,121,"Arkansas","Randolph County",3,44,222,107,115
050,05,121,"Arkansas","Randolph County",3,45,214,106,108
050,05,121,"Arkansas","Randolph County",3,46,211,106,105
050,05,121,"Arkansas","Randolph County",3,47,208,107,101
050,05,121,"Arkansas","Randolph County",3,48,201,102,99
050,05,121,"Arkansas","Randolph County",3,49,214,99,115
050,05,121,"Arkansas","Randolph County",3,50,241,115,126
050,05,121,"Arkansas","Randolph County",3,51,221,107,114
050,05,121,"Arkansas","Randolph County",3,52,210,104,106
050,05,121,"Arkansas","Randolph County",3,53,230,122,108
050,05,121,"Arkansas","Randolph County",3,54,232,128,104
050,05,121,"Arkansas","Randolph County",3,55,244,131,113
050,05,121,"Arkansas","Randolph County",3,56,256,137,119
050,05,121,"Arkansas","Randolph County",3,57,237,111,126
050,05,121,"Arkansas","Randolph County",3,58,245,113,132
050,05,121,"Arkansas","Randolph County",3,59,256,115,141
050,05,121,"Arkansas","Randolph County",3,60,233,111,122
050,05,121,"Arkansas","Randolph County",3,61,243,122,121
050,05,121,"Arkansas","Randolph County",3,62,228,112,116
050,05,121,"Arkansas","Randolph County",3,63,234,112,122
050,05,121,"Arkansas","Randolph County",3,64,237,117,120
050,05,121,"Arkansas","Randolph County",3,65,233,124,109
050,05,121,"Arkansas","Randolph County",3,66,220,110,110
050,05,121,"Arkansas","Randolph County",3,67,200,92,108
050,05,121,"Arkansas","Randolph County",3,68,202,96,106
050,05,121,"Arkansas","Randolph County",3,69,202,98,104
050,05,121,"Arkansas","Randolph County",3,70,209,100,109
050,05,121,"Arkansas","Randolph County",3,71,187,86,101
050,05,121,"Arkansas","Randolph County",3,72,185,81,104
050,05,121,"Arkansas","Randolph County",3,73,193,88,105
050,05,121,"Arkansas","Randolph County",3,74,206,100,106
050,05,121,"Arkansas","Randolph County",3,75,122,57,65
050,05,121,"Arkansas","Randolph County",3,76,138,58,80
050,05,121,"Arkansas","Randolph County",3,77,143,65,78
050,05,121,"Arkansas","Randolph County",3,78,140,63,77
050,05,121,"Arkansas","Randolph County",3,79,116,47,69
050,05,121,"Arkansas","Randolph County",3,80,108,45,63
050,05,121,"Arkansas","Randolph County",3,81,100,42,58
050,05,121,"Arkansas","Randolph County",3,82,80,38,42
050,05,121,"Arkansas","Randolph County",3,83,75,34,41
050,05,121,"Arkansas","Randolph County",3,84,70,29,41
050,05,121,"Arkansas","Randolph County",3,85,494,178,316
050,05,121,"Arkansas","Randolph County",4,0,258,135,123
050,05,121,"Arkansas","Randolph County",4,1,223,114,109
050,05,121,"Arkansas","Randolph County",4,2,273,151,122
050,05,121,"Arkansas","Randolph County",4,3,260,123,137
050,05,121,"Arkansas","Randolph County",4,4,278,146,132
050,05,121,"Arkansas","Randolph County",4,5,268,139,129
050,05,121,"Arkansas","Randolph County",4,6,251,117,134
050,05,121,"Arkansas","Randolph County",4,7,242,122,120
050,05,121,"Arkansas","Randolph County",4,8,238,127,111
050,05,121,"Arkansas","Randolph County",4,9,252,140,112
050,05,121,"Arkansas","Randolph County",4,10,261,136,125
050,05,121,"Arkansas","Randolph County",4,11,266,132,134
050,05,121,"Arkansas","Randolph County",4,12,280,139,141
050,05,121,"Arkansas","Randolph County",4,13,264,135,129
050,05,121,"Arkansas","Randolph County",4,14,258,134,124
050,05,121,"Arkansas","Randolph County",4,15,265,133,132
050,05,121,"Arkansas","Randolph County",4,16,274,150,124
050,05,121,"Arkansas","Randolph County",4,17,271,145,126
050,05,121,"Arkansas","Randolph County",4,18,217,120,97
050,05,121,"Arkansas","Randolph County",4,19,164,84,80
050,05,121,"Arkansas","Randolph County",4,20,183,100,83
050,05,121,"Arkansas","Randolph County",4,21,187,93,94
050,05,121,"Arkansas","Randolph County",4,22,196,106,90
050,05,121,"Arkansas","Randolph County",4,23,190,105,85
050,05,121,"Arkansas","Randolph County",4,24,205,106,99
050,05,121,"Arkansas","Randolph County",4,25,195,104,91
050,05,121,"Arkansas","Randolph County",4,26,209,107,102
050,05,121,"Arkansas","Randolph County",4,27,216,108,108
050,05,121,"Arkansas","Randolph County",4,28,224,111,113
050,05,121,"Arkansas","Randolph County",4,29,241,118,123
050,05,121,"Arkansas","Randolph County",4,30,250,119,131
050,05,121,"Arkansas","Randolph County",4,31,267,138,129
050,05,121,"Arkansas","Randolph County",4,32,249,133,116
050,05,121,"Arkansas","Randolph County",4,33,252,117,135
050,05,121,"Arkansas","Randolph County",4,34,258,133,125
050,05,121,"Arkansas","Randolph County",4,35,236,130,106
050,05,121,"Arkansas","Randolph County",4,36,238,127,111
050,05,121,"Arkansas","Randolph County",4,37,248,116,132
050,05,121,"Arkansas","Randolph County",4,38,241,117,124
050,05,121,"Arkansas","Randolph County",4,39,226,121,105
050,05,121,"Arkansas","Randolph County",4,40,217,108,109
050,05,121,"Arkansas","Randolph County",4,41,232,119,113
050,05,121,"Arkansas","Randolph County",4,42,244,132,112
050,05,121,"Arkansas","Randolph County",4,43,212,110,102
050,05,121,"Arkansas","Randolph County",4,44,227,107,120
050,05,121,"Arkansas","Randolph County",4,45,214,103,111
050,05,121,"Arkansas","Randolph County",4,46,211,106,105
050,05,121,"Arkansas","Randolph County",4,47,205,104,101
050,05,121,"Arkansas","Randolph County",4,48,207,106,101
050,05,121,"Arkansas","Randolph County",4,49,203,104,99
050,05,121,"Arkansas","Randolph County",4,50,206,97,109
050,05,121,"Arkansas","Randolph County",4,51,230,115,115
050,05,121,"Arkansas","Randolph County",4,52,220,106,114
050,05,121,"Arkansas","Randolph County",4,53,208,105,103
050,05,121,"Arkansas","Randolph County",4,54,232,119,113
050,05,121,"Arkansas","Randolph County",4,55,227,126,101
050,05,121,"Arkansas","Randolph County",4,56,241,131,110
050,05,121,"Arkansas","Randolph County",4,57,251,132,119
050,05,121,"Arkansas","Randolph County",4,58,229,107,122
050,05,121,"Arkansas","Randolph County",4,59,248,112,136
050,05,121,"Arkansas","Randolph County",4,60,249,111,138
050,05,121,"Arkansas","Randolph County",4,61,239,117,122
050,05,121,"Arkansas","Randolph County",4,62,239,118,121
050,05,121,"Arkansas","Randolph County",4,63,225,111,114
050,05,121,"Arkansas","Randolph County",4,64,235,114,121
050,05,121,"Arkansas","Randolph County",4,65,240,120,120
050,05,121,"Arkansas","Randolph County",4,66,230,119,111
050,05,121,"Arkansas","Randolph County",4,67,216,106,110
050,05,121,"Arkansas","Randolph County",4,68,196,85,111
050,05,121,"Arkansas","Randolph County",4,69,201,96,105
050,05,121,"Arkansas","Randolph County",4,70,196,97,99
050,05,121,"Arkansas","Randolph County",4,71,200,96,104
050,05,121,"Arkansas","Randolph County",4,72,181,84,97
050,05,121,"Arkansas","Randolph County",4,73,176,73,103
050,05,121,"Arkansas","Randolph County",4,74,185,80,105
050,05,121,"Arkansas","Randolph County",4,75,188,97,91
050,05,121,"Arkansas","Randolph County",4,76,115,50,65
050,05,121,"Arkansas","Randolph County",4,77,133,55,78
050,05,121,"Arkansas","Randolph County",4,78,139,62,77
050,05,121,"Arkansas","Randolph County",4,79,129,59,70
050,05,121,"Arkansas","Randolph County",4,80,102,43,59
050,05,121,"Arkansas","Randolph County",4,81,98,39,59
050,05,121,"Arkansas","Randolph County",4,82,94,42,52
050,05,121,"Arkansas","Randolph County",4,83,70,32,38
050,05,121,"Arkansas","Randolph County",4,84,67,32,35
050,05,121,"Arkansas","Randolph County",4,85,471,167,304
050,05,121,"Arkansas","Randolph County",5,0,243,129,114
050,05,121,"Arkansas","Randolph County",5,1,268,145,123
050,05,121,"Arkansas","Randolph County",5,2,219,118,101
050,05,121,"Arkansas","Randolph County",5,3,266,150,116
050,05,121,"Arkansas","Randolph County",5,4,272,126,146
050,05,121,"Arkansas","Randolph County",5,5,281,144,137
050,05,121,"Arkansas","Randolph County",5,6,259,129,130
050,05,121,"Arkansas","Randolph County",5,7,267,118,149
050,05,121,"Arkansas","Randolph County",5,8,239,124,115
050,05,121,"Arkansas","Randolph County",5,9,230,123,107
050,05,121,"Arkansas","Randolph County",5,10,255,141,114
050,05,121,"Arkansas","Randolph County",5,11,259,138,121
050,05,121,"Arkansas","Randolph County",5,12,260,128,132
050,05,121,"Arkansas","Randolph County",5,13,271,134,137
050,05,121,"Arkansas","Randolph County",5,14,272,139,133
050,05,121,"Arkansas","Randolph County",5,15,246,122,124
050,05,121,"Arkansas","Randolph County",5,16,264,131,133
050,05,121,"Arkansas","Randolph County",5,17,276,152,124
050,05,121,"Arkansas","Randolph County",5,18,217,125,92
050,05,121,"Arkansas","Randolph County",5,19,161,84,77
050,05,121,"Arkansas","Randolph County",5,20,181,95,86
050,05,121,"Arkansas","Randolph County",5,21,188,102,86
050,05,121,"Arkansas","Randolph County",5,22,200,96,104
050,05,121,"Arkansas","Randolph County",5,23,209,108,101
050,05,121,"Arkansas","Randolph County",5,24,215,124,91
050,05,121,"Arkansas","Randolph County",5,25,208,99,109
050,05,121,"Arkansas","Randolph County",5,26,193,101,92
050,05,121,"Arkansas","Randolph County",5,27,217,114,103
050,05,121,"Arkansas","Randolph County",5,28,208,111,97
050,05,121,"Arkansas","Randolph County",5,29,222,112,110
050,05,121,"Arkansas","Randolph County",5,30,252,120,132
050,05,121,"Arkansas","Randolph County",5,31,251,122,129
050,05,121,"Arkansas","Randolph County",5,32,264,143,121
050,05,121,"Arkansas","Randolph County",5,33,248,134,114
050,05,121,"Arkansas","Randolph County",5,34,256,129,127
050,05,121,"Arkansas","Randolph County",5,35,271,140,131
050,05,121,"Arkansas","Randolph County",5,36,243,137,106
050,05,121,"Arkansas","Randolph County",5,37,221,114,107
050,05,121,"Arkansas","Randolph County",5,38,252,125,127
050,05,121,"Arkansas","Randolph County",5,39,240,117,123
050,05,121,"Arkansas","Randolph County",5,40,226,121,105
050,05,121,"Arkansas","Randolph County",5,41,220,113,107
050,05,121,"Arkansas","Randolph County",5,42,239,124,115
050,05,121,"Arkansas","Randolph County",5,43,239,126,113
050,05,121,"Arkansas","Randolph County",5,44,217,116,101
050,05,121,"Arkansas","Randolph County",5,45,219,102,117
050,05,121,"Arkansas","Randolph County",5,46,225,116,109
050,05,121,"Arkansas","Randolph County",5,47,212,105,107
050,05,121,"Arkansas","Randolph County",5,48,209,104,105
050,05,121,"Arkansas","Randolph County",5,49,207,106,101
050,05,121,"Arkansas","Randolph County",5,50,201,101,100
050,05,121,"Arkansas","Randolph County",5,51,216,103,113
050,05,121,"Arkansas","Randolph County",5,52,234,112,122
050,05,121,"Arkansas","Randolph County",5,53,218,111,107
050,05,121,"Arkansas","Randolph County",5,54,197,97,100
050,05,121,"Arkansas","Randolph County",5,55,234,122,112
050,05,121,"Arkansas","Randolph County",5,56,230,120,110
050,05,121,"Arkansas","Randolph County",5,57,244,129,115
050,05,121,"Arkansas","Randolph County",5,58,247,131,116
050,05,121,"Arkansas","Randolph County",5,59,229,107,122
050,05,121,"Arkansas","Randolph County",5,60,252,116,136
050,05,121,"Arkansas","Randolph County",5,61,252,113,139
050,05,121,"Arkansas","Randolph County",5,62,236,116,120
050,05,121,"Arkansas","Randolph County",5,63,241,119,122
050,05,121,"Arkansas","Randolph County",5,64,223,110,113
050,05,121,"Arkansas","Randolph County",5,65,239,115,124
050,05,121,"Arkansas","Randolph County",5,66,236,112,124
050,05,121,"Arkansas","Randolph County",5,67,225,117,108
050,05,121,"Arkansas","Randolph County",5,68,211,102,109
050,05,121,"Arkansas","Randolph County",5,69,190,82,108
050,05,121,"Arkansas","Randolph County",5,70,198,94,104
050,05,121,"Arkansas","Randolph County",5,71,190,95,95
050,05,121,"Arkansas","Randolph County",5,72,195,95,100
050,05,121,"Arkansas","Randolph County",5,73,173,78,95
050,05,121,"Arkansas","Randolph County",5,74,171,68,103
050,05,121,"Arkansas","Randolph County",5,75,173,79,94
050,05,121,"Arkansas","Randolph County",5,76,173,89,84
050,05,121,"Arkansas","Randolph County",5,77,108,45,63
050,05,121,"Arkansas","Randolph County",5,78,133,55,78
050,05,121,"Arkansas","Randolph County",5,79,126,54,72
050,05,121,"Arkansas","Randolph County",5,80,120,55,65
050,05,121,"Arkansas","Randolph County",5,81,92,36,56
050,05,121,"Arkansas","Randolph County",5,82,97,41,56
050,05,121,"Arkansas","Randolph County",5,83,91,40,51
050,05,121,"Arkansas","Randolph County",5,84,65,29,36
050,05,121,"Arkansas","Randolph County",5,85,470,173,297
050,05,123,"Arkansas","St. Francis County",1,0,269,135,134
050,05,123,"Arkansas","St. Francis County",1,1,293,150,143
050,05,123,"Arkansas","St. Francis County",1,2,285,136,149
050,05,123,"Arkansas","St. Francis County",1,3,303,146,157
050,05,123,"Arkansas","St. Francis County",1,4,296,148,148
050,05,123,"Arkansas","St. Francis County",1,5,294,146,148
050,05,123,"Arkansas","St. Francis County",1,6,260,131,129
050,05,123,"Arkansas","St. Francis County",1,7,243,109,134
050,05,123,"Arkansas","St. Francis County",1,8,267,133,134
050,05,123,"Arkansas","St. Francis County",1,9,270,136,134
050,05,123,"Arkansas","St. Francis County",1,10,263,130,133
050,05,123,"Arkansas","St. Francis County",1,11,269,142,127
050,05,123,"Arkansas","St. Francis County",1,12,277,147,130
050,05,123,"Arkansas","St. Francis County",1,13,286,158,128
050,05,123,"Arkansas","St. Francis County",1,14,285,154,131
050,05,123,"Arkansas","St. Francis County",1,15,264,141,123
050,05,123,"Arkansas","St. Francis County",1,16,272,139,133
050,05,123,"Arkansas","St. Francis County",1,17,261,130,131
050,05,123,"Arkansas","St. Francis County",1,18,250,119,131
050,05,123,"Arkansas","St. Francis County",1,19,206,111,95
050,05,123,"Arkansas","St. Francis County",1,20,226,111,115
050,05,123,"Arkansas","St. Francis County",1,21,245,131,114
050,05,123,"Arkansas","St. Francis County",1,22,285,154,131
050,05,123,"Arkansas","St. Francis County",1,23,297,162,135
050,05,123,"Arkansas","St. Francis County",1,24,274,165,109
050,05,123,"Arkansas","St. Francis County",1,25,283,163,120
050,05,123,"Arkansas","St. Francis County",1,26,285,167,118
050,05,123,"Arkansas","St. Francis County",1,27,315,186,129
050,05,123,"Arkansas","St. Francis County",1,28,347,211,136
050,05,123,"Arkansas","St. Francis County",1,29,378,244,134
050,05,123,"Arkansas","St. Francis County",1,30,360,220,140
050,05,123,"Arkansas","St. Francis County",1,31,354,233,121
050,05,123,"Arkansas","St. Francis County",1,32,336,211,125
050,05,123,"Arkansas","St. Francis County",1,33,337,222,115
050,05,123,"Arkansas","St. Francis County",1,34,330,213,117
050,05,123,"Arkansas","St. Francis County",1,35,323,214,109
050,05,123,"Arkansas","St. Francis County",1,36,321,211,110
050,05,123,"Arkansas","St. Francis County",1,37,347,225,122
050,05,123,"Arkansas","St. Francis County",1,38,355,244,111
050,05,123,"Arkansas","St. Francis County",1,39,323,225,98
050,05,123,"Arkansas","St. Francis County",1,40,319,198,121
050,05,123,"Arkansas","St. Francis County",1,41,313,195,118
050,05,123,"Arkansas","St. Francis County",1,42,314,199,115
050,05,123,"Arkansas","St. Francis County",1,43,311,199,112
050,05,123,"Arkansas","St. Francis County",1,44,312,182,130
050,05,123,"Arkansas","St. Francis County",1,45,271,151,120
050,05,123,"Arkansas","St. Francis County",1,46,292,174,118
050,05,123,"Arkansas","St. Francis County",1,47,281,154,127
050,05,123,"Arkansas","St. Francis County",1,48,286,164,122
050,05,123,"Arkansas","St. Francis County",1,49,290,170,120
050,05,123,"Arkansas","St. Francis County",1,50,301,182,119
050,05,123,"Arkansas","St. Francis County",1,51,280,163,117
050,05,123,"Arkansas","St. Francis County",1,52,262,157,105
050,05,123,"Arkansas","St. Francis County",1,53,292,160,132
050,05,123,"Arkansas","St. Francis County",1,54,270,135,135
050,05,123,"Arkansas","St. Francis County",1,55,299,163,136
050,05,123,"Arkansas","St. Francis County",1,56,312,163,149
050,05,123,"Arkansas","St. Francis County",1,57,291,145,146
050,05,123,"Arkansas","St. Francis County",1,58,296,147,149
050,05,123,"Arkansas","St. Francis County",1,59,299,150,149
050,05,123,"Arkansas","St. Francis County",1,60,287,144,143
050,05,123,"Arkansas","St. Francis County",1,61,321,154,167
050,05,123,"Arkansas","St. Francis County",1,62,333,161,172
050,05,123,"Arkansas","St. Francis County",1,63,315,169,146
050,05,123,"Arkansas","St. Francis County",1,64,286,140,146
050,05,123,"Arkansas","St. Francis County",1,65,289,138,151
050,05,123,"Arkansas","St. Francis County",1,66,288,151,137
050,05,123,"Arkansas","St. Francis County",1,67,281,136,145
050,05,123,"Arkansas","St. Francis County",1,68,254,111,143
050,05,123,"Arkansas","St. Francis County",1,69,243,115,128
050,05,123,"Arkansas","St. Francis County",1,70,224,116,108
050,05,123,"Arkansas","St. Francis County",1,71,228,115,113
050,05,123,"Arkansas","St. Francis County",1,72,240,126,114
050,05,123,"Arkansas","St. Francis County",1,73,228,104,124
050,05,123,"Arkansas","St. Francis County",1,74,162,71,91
050,05,123,"Arkansas","St. Francis County",1,75,162,80,82
050,05,123,"Arkansas","St. Francis County",1,76,148,71,77
050,05,123,"Arkansas","St. Francis County",1,77,141,64,77
050,05,123,"Arkansas","St. Francis County",1,78,119,56,63
050,05,123,"Arkansas","St. Francis County",1,79,116,41,75
050,05,123,"Arkansas","St. Francis County",1,80,102,37,65
050,05,123,"Arkansas","St. Francis County",1,81,94,43,51
050,05,123,"Arkansas","St. Francis County",1,82,76,36,40
050,05,123,"Arkansas","St. Francis County",1,83,83,38,45
050,05,123,"Arkansas","St. Francis County",1,84,68,28,40
050,05,123,"Arkansas","St. Francis County",1,85,381,137,244
050,05,123,"Arkansas","St. Francis County",2,0,264,140,124
050,05,123,"Arkansas","St. Francis County",2,1,287,145,142
050,05,123,"Arkansas","St. Francis County",2,2,289,140,149
050,05,123,"Arkansas","St. Francis County",2,3,297,144,153
050,05,123,"Arkansas","St. Francis County",2,4,294,146,148
050,05,123,"Arkansas","St. Francis County",2,5,290,147,143
050,05,123,"Arkansas","St. Francis County",2,6,268,137,131
050,05,123,"Arkansas","St. Francis County",2,7,249,115,134
050,05,123,"Arkansas","St. Francis County",2,8,264,128,136
050,05,123,"Arkansas","St. Francis County",2,9,269,136,133
050,05,123,"Arkansas","St. Francis County",2,10,262,129,133
050,05,123,"Arkansas","St. Francis County",2,11,266,137,129
050,05,123,"Arkansas","St. Francis County",2,12,273,146,127
050,05,123,"Arkansas","St. Francis County",2,13,281,154,127
050,05,123,"Arkansas","St. Francis County",2,14,284,154,130
050,05,123,"Arkansas","St. Francis County",2,15,271,147,124
050,05,123,"Arkansas","St. Francis County",2,16,270,140,130
050,05,123,"Arkansas","St. Francis County",2,17,264,131,133
050,05,123,"Arkansas","St. Francis County",2,18,242,118,124
050,05,123,"Arkansas","St. Francis County",2,19,207,107,100
050,05,123,"Arkansas","St. Francis County",2,20,227,115,112
050,05,123,"Arkansas","St. Francis County",2,21,243,129,114
050,05,123,"Arkansas","St. Francis County",2,22,280,152,128
050,05,123,"Arkansas","St. Francis County",2,23,294,162,132
050,05,123,"Arkansas","St. Francis County",2,24,282,166,116
050,05,123,"Arkansas","St. Francis County",2,25,281,166,115
050,05,123,"Arkansas","St. Francis County",2,26,285,167,118
050,05,123,"Arkansas","St. Francis County",2,27,313,187,126
050,05,123,"Arkansas","St. Francis County",2,28,340,207,133
050,05,123,"Arkansas","St. Francis County",2,29,375,241,134
050,05,123,"Arkansas","St. Francis County",2,30,365,226,139
050,05,123,"Arkansas","St. Francis County",2,31,358,232,126
050,05,123,"Arkansas","St. Francis County",2,32,336,214,122
050,05,123,"Arkansas","St. Francis County",2,33,335,220,115
050,05,123,"Arkansas","St. Francis County",2,34,326,211,115
050,05,123,"Arkansas","St. Francis County",2,35,328,218,110
050,05,123,"Arkansas","St. Francis County",2,36,315,206,109
050,05,123,"Arkansas","St. Francis County",2,37,346,227,119
050,05,123,"Arkansas","St. Francis County",2,38,356,243,113
050,05,123,"Arkansas","St. Francis County",2,39,322,222,100
050,05,123,"Arkansas","St. Francis County",2,40,315,200,115
050,05,123,"Arkansas","St. Francis County",2,41,314,194,120
050,05,123,"Arkansas","St. Francis County",2,42,312,198,114
050,05,123,"Arkansas","St. Francis County",2,43,311,197,114
050,05,123,"Arkansas","St. Francis County",2,44,305,181,124
050,05,123,"Arkansas","St. Francis County",2,45,279,156,123
050,05,123,"Arkansas","St. Francis County",2,46,294,175,119
050,05,123,"Arkansas","St. Francis County",2,47,277,152,125
050,05,123,"Arkansas","St. Francis County",2,48,287,164,123
050,05,123,"Arkansas","St. Francis County",2,49,293,172,121
050,05,123,"Arkansas","St. Francis County",2,50,298,179,119
050,05,123,"Arkansas","St. Francis County",2,51,276,163,113
050,05,123,"Arkansas","St. Francis County",2,52,266,160,106
050,05,123,"Arkansas","St. Francis County",2,53,287,160,127
050,05,123,"Arkansas","St. Francis County",2,54,268,134,134
050,05,123,"Arkansas","St. Francis County",2,55,291,154,137
050,05,123,"Arkansas","St. Francis County",2,56,305,160,145
050,05,123,"Arkansas","St. Francis County",2,57,296,149,147
050,05,123,"Arkansas","St. Francis County",2,58,293,144,149
050,05,123,"Arkansas","St. Francis County",2,59,299,149,150
050,05,123,"Arkansas","St. Francis County",2,60,287,142,145
050,05,123,"Arkansas","St. Francis County",2,61,310,152,158
050,05,123,"Arkansas","St. Francis County",2,62,329,160,169
050,05,123,"Arkansas","St. Francis County",2,63,317,166,151
050,05,123,"Arkansas","St. Francis County",2,64,287,142,145
050,05,123,"Arkansas","St. Francis County",2,65,286,140,146
050,05,123,"Arkansas","St. Francis County",2,66,285,145,140
050,05,123,"Arkansas","St. Francis County",2,67,279,136,143
050,05,123,"Arkansas","St. Francis County",2,68,257,116,141
050,05,123,"Arkansas","St. Francis County",2,69,245,114,131
050,05,123,"Arkansas","St. Francis County",2,70,225,115,110
050,05,123,"Arkansas","St. Francis County",2,71,225,113,112
050,05,123,"Arkansas","St. Francis County",2,72,232,120,112
050,05,123,"Arkansas","St. Francis County",2,73,239,113,126
050,05,123,"Arkansas","St. Francis County",2,74,166,74,92
050,05,123,"Arkansas","St. Francis County",2,75,164,79,85
050,05,123,"Arkansas","St. Francis County",2,76,147,70,77
050,05,123,"Arkansas","St. Francis County",2,77,144,67,77
050,05,123,"Arkansas","St. Francis County",2,78,122,56,66
050,05,123,"Arkansas","St. Francis County",2,79,115,42,73
050,05,123,"Arkansas","St. Francis County",2,80,101,36,65
050,05,123,"Arkansas","St. Francis County",2,81,91,39,52
050,05,123,"Arkansas","St. Francis County",2,82,78,36,42
050,05,123,"Arkansas","St. Francis County",2,83,80,38,42
050,05,123,"Arkansas","St. Francis County",2,84,69,27,42
050,05,123,"Arkansas","St. Francis County",2,85,377,135,242
050,05,123,"Arkansas","St. Francis County",3,0,294,139,155
050,05,123,"Arkansas","St. Francis County",3,1,254,132,122
050,05,123,"Arkansas","St. Francis County",3,2,297,147,150
050,05,123,"Arkansas","St. Francis County",3,3,276,134,142
050,05,123,"Arkansas","St. Francis County",3,4,268,134,134
050,05,123,"Arkansas","St. Francis County",3,5,285,138,147
050,05,123,"Arkansas","St. Francis County",3,6,275,141,134
050,05,123,"Arkansas","St. Francis County",3,7,262,135,127
050,05,123,"Arkansas","St. Francis County",3,8,247,119,128
050,05,123,"Arkansas","St. Francis County",3,9,255,129,126
050,05,123,"Arkansas","St. Francis County",3,10,267,138,129
050,05,123,"Arkansas","St. Francis County",3,11,237,121,116
050,05,123,"Arkansas","St. Francis County",3,12,256,137,119
050,05,123,"Arkansas","St. Francis County",3,13,275,145,130
050,05,123,"Arkansas","St. Francis County",3,14,282,154,128
050,05,123,"Arkansas","St. Francis County",3,15,292,161,131
050,05,123,"Arkansas","St. Francis County",3,16,254,135,119
050,05,123,"Arkansas","St. Francis County",3,17,265,136,129
050,05,123,"Arkansas","St. Francis County",3,18,231,117,114
050,05,123,"Arkansas","St. Francis County",3,19,194,92,102
050,05,123,"Arkansas","St. Francis County",3,20,221,115,106
050,05,123,"Arkansas","St. Francis County",3,21,262,134,128
050,05,123,"Arkansas","St. Francis County",3,22,264,143,121
050,05,123,"Arkansas","St. Francis County",3,23,280,151,129
050,05,123,"Arkansas","St. Francis County",3,24,299,168,131
050,05,123,"Arkansas","St. Francis County",3,25,292,182,110
050,05,123,"Arkansas","St. Francis County",3,26,282,167,115
050,05,123,"Arkansas","St. Francis County",3,27,294,188,106
050,05,123,"Arkansas","St. Francis County",3,28,323,196,127
050,05,123,"Arkansas","St. Francis County",3,29,359,234,125
050,05,123,"Arkansas","St. Francis County",3,30,365,231,134
050,05,123,"Arkansas","St. Francis County",3,31,374,238,136
050,05,123,"Arkansas","St. Francis County",3,32,350,230,120
050,05,123,"Arkansas","St. Francis County",3,33,344,225,119
050,05,123,"Arkansas","St. Francis County",3,34,313,201,112
050,05,123,"Arkansas","St. Francis County",3,35,330,224,106
050,05,123,"Arkansas","St. Francis County",3,36,293,190,103
050,05,123,"Arkansas","St. Francis County",3,37,337,228,109
050,05,123,"Arkansas","St. Francis County",3,38,352,242,110
050,05,123,"Arkansas","St. Francis County",3,39,327,216,111
050,05,123,"Arkansas","St. Francis County",3,40,293,194,99
050,05,123,"Arkansas","St. Francis County",3,41,303,197,106
050,05,123,"Arkansas","St. Francis County",3,42,311,198,113
050,05,123,"Arkansas","St. Francis County",3,43,299,194,105
050,05,123,"Arkansas","St. Francis County",3,44,288,180,108
050,05,123,"Arkansas","St. Francis County",3,45,288,171,117
050,05,123,"Arkansas","St. Francis County",3,46,304,182,122
050,05,123,"Arkansas","St. Francis County",3,47,272,159,113
050,05,123,"Arkansas","St. Francis County",3,48,283,161,122
050,05,123,"Arkansas","St. Francis County",3,49,287,164,123
050,05,123,"Arkansas","St. Francis County",3,50,286,168,118
050,05,123,"Arkansas","St. Francis County",3,51,283,160,123
050,05,123,"Arkansas","St. Francis County",3,52,272,163,109
050,05,123,"Arkansas","St. Francis County",3,53,293,171,122
050,05,123,"Arkansas","St. Francis County",3,54,249,130,119
050,05,123,"Arkansas","St. Francis County",3,55,269,135,134
050,05,123,"Arkansas","St. Francis County",3,56,279,149,130
050,05,123,"Arkansas","St. Francis County",3,57,301,158,143
050,05,123,"Arkansas","St. Francis County",3,58,287,144,143
050,05,123,"Arkansas","St. Francis County",3,59,289,141,148
050,05,123,"Arkansas","St. Francis County",3,60,293,140,153
050,05,123,"Arkansas","St. Francis County",3,61,285,143,142
050,05,123,"Arkansas","St. Francis County",3,62,296,149,147
050,05,123,"Arkansas","St. Francis County",3,63,323,153,170
050,05,123,"Arkansas","St. Francis County",3,64,290,143,147
050,05,123,"Arkansas","St. Francis County",3,65,297,154,143
050,05,123,"Arkansas","St. Francis County",3,66,272,129,143
050,05,123,"Arkansas","St. Francis County",3,67,277,139,138
050,05,123,"Arkansas","St. Francis County",3,68,270,130,140
050,05,123,"Arkansas","St. Francis County",3,69,242,107,135
050,05,123,"Arkansas","St. Francis County",3,70,219,102,117
050,05,123,"Arkansas","St. Francis County",3,71,212,109,103
050,05,123,"Arkansas","St. Francis County",3,72,225,113,112
050,05,123,"Arkansas","St. Francis County",3,73,211,107,104
050,05,123,"Arkansas","St. Francis County",3,74,225,107,118
050,05,123,"Arkansas","St. Francis County",3,75,163,71,92
050,05,123,"Arkansas","St. Francis County",3,76,155,73,82
050,05,123,"Arkansas","St. Francis County",3,77,134,62,72
050,05,123,"Arkansas","St. Francis County",3,78,140,65,75
050,05,123,"Arkansas","St. Francis County",3,79,109,50,59
050,05,123,"Arkansas","St. Francis County",3,80,100,37,63
050,05,123,"Arkansas","St. Francis County",3,81,96,33,63
050,05,123,"Arkansas","St. Francis County",3,82,85,38,47
050,05,123,"Arkansas","St. Francis County",3,83,82,41,41
050,05,123,"Arkansas","St. Francis County",3,84,62,28,34
050,05,123,"Arkansas","St. Francis County",3,85,389,137,252
050,05,123,"Arkansas","St. Francis County",4,0,274,138,136
050,05,123,"Arkansas","St. Francis County",4,1,284,133,151
050,05,123,"Arkansas","St. Francis County",4,2,256,130,126
050,05,123,"Arkansas","St. Francis County",4,3,296,146,150
050,05,123,"Arkansas","St. Francis County",4,4,269,132,137
050,05,123,"Arkansas","St. Francis County",4,5,251,123,128
050,05,123,"Arkansas","St. Francis County",4,6,262,135,127
050,05,123,"Arkansas","St. Francis County",4,7,266,134,132
050,05,123,"Arkansas","St. Francis County",4,8,262,128,134
050,05,123,"Arkansas","St. Francis County",4,9,238,112,126
050,05,123,"Arkansas","St. Francis County",4,10,233,115,118
050,05,123,"Arkansas","St. Francis County",4,11,252,130,122
050,05,123,"Arkansas","St. Francis County",4,12,244,125,119
050,05,123,"Arkansas","St. Francis County",4,13,260,141,119
050,05,123,"Arkansas","St. Francis County",4,14,273,140,133
050,05,123,"Arkansas","St. Francis County",4,15,288,161,127
050,05,123,"Arkansas","St. Francis County",4,16,291,161,130
050,05,123,"Arkansas","St. Francis County",4,17,243,127,116
050,05,123,"Arkansas","St. Francis County",4,18,215,120,95
050,05,123,"Arkansas","St. Francis County",4,19,189,95,94
050,05,123,"Arkansas","St. Francis County",4,20,214,105,109
050,05,123,"Arkansas","St. Francis County",4,21,256,144,112
050,05,123,"Arkansas","St. Francis County",4,22,256,137,119
050,05,123,"Arkansas","St. Francis County",4,23,268,156,112
050,05,123,"Arkansas","St. Francis County",4,24,279,160,119
050,05,123,"Arkansas","St. Francis County",4,25,300,180,120
050,05,123,"Arkansas","St. Francis County",4,26,282,175,107
050,05,123,"Arkansas","St. Francis County",4,27,295,189,106
050,05,123,"Arkansas","St. Francis County",4,28,291,188,103
050,05,123,"Arkansas","St. Francis County",4,29,346,224,122
050,05,123,"Arkansas","St. Francis County",4,30,356,227,129
050,05,123,"Arkansas","St. Francis County",4,31,363,241,122
050,05,123,"Arkansas","St. Francis County",4,32,375,235,140
050,05,123,"Arkansas","St. Francis County",4,33,348,239,109
050,05,123,"Arkansas","St. Francis County",4,34,339,217,122
050,05,123,"Arkansas","St. Francis County",4,35,306,207,99
050,05,123,"Arkansas","St. Francis County",4,36,305,197,108
050,05,123,"Arkansas","St. Francis County",4,37,298,209,89
050,05,123,"Arkansas","St. Francis County",4,38,344,239,105
050,05,123,"Arkansas","St. Francis County",4,39,324,215,109
050,05,123,"Arkansas","St. Francis County",4,40,308,193,115
050,05,123,"Arkansas","St. Francis County",4,41,293,189,104
050,05,123,"Arkansas","St. Francis County",4,42,314,207,107
050,05,123,"Arkansas","St. Francis County",4,43,311,198,113
050,05,123,"Arkansas","St. Francis County",4,44,272,169,103
050,05,123,"Arkansas","St. Francis County",4,45,279,166,113
050,05,123,"Arkansas","St. Francis County",4,46,310,200,110
050,05,123,"Arkansas","St. Francis County",4,47,279,158,121
050,05,123,"Arkansas","St. Francis County",4,48,275,168,107
050,05,123,"Arkansas","St. Francis County",4,49,287,168,119
050,05,123,"Arkansas","St. Francis County",4,50,299,171,128
050,05,123,"Arkansas","St. Francis County",4,51,274,156,118
050,05,123,"Arkansas","St. Francis County",4,52,292,167,125
050,05,123,"Arkansas","St. Francis County",4,53,280,167,113
050,05,123,"Arkansas","St. Francis County",4,54,249,137,112
050,05,123,"Arkansas","St. Francis County",4,55,247,126,121
050,05,123,"Arkansas","St. Francis County",4,56,255,126,129
050,05,123,"Arkansas","St. Francis County",4,57,274,149,125
050,05,123,"Arkansas","St. Francis County",4,58,296,156,140
050,05,123,"Arkansas","St. Francis County",4,59,285,145,140
050,05,123,"Arkansas","St. Francis County",4,60,271,129,142
050,05,123,"Arkansas","St. Francis County",4,61,285,136,149
050,05,123,"Arkansas","St. Francis County",4,62,278,140,138
050,05,123,"Arkansas","St. Francis County",4,63,277,135,142
050,05,123,"Arkansas","St. Francis County",4,64,305,138,167
050,05,123,"Arkansas","St. Francis County",4,65,292,150,142
050,05,123,"Arkansas","St. Francis County",4,66,277,141,136
050,05,123,"Arkansas","St. Francis County",4,67,268,125,143
050,05,123,"Arkansas","St. Francis County",4,68,272,133,139
050,05,123,"Arkansas","St. Francis County",4,69,258,121,137
050,05,123,"Arkansas","St. Francis County",4,70,231,103,128
050,05,123,"Arkansas","St. Francis County",4,71,204,91,113
050,05,123,"Arkansas","St. Francis County",4,72,212,112,100
050,05,123,"Arkansas","St. Francis County",4,73,211,104,107
050,05,123,"Arkansas","St. Francis County",4,74,198,98,100
050,05,123,"Arkansas","St. Francis County",4,75,217,103,114
050,05,123,"Arkansas","St. Francis County",4,76,155,64,91
050,05,123,"Arkansas","St. Francis County",4,77,147,70,77
050,05,123,"Arkansas","St. Francis County",4,78,128,58,70
050,05,123,"Arkansas","St. Francis County",4,79,128,64,64
050,05,123,"Arkansas","St. Francis County",4,80,94,45,49
050,05,123,"Arkansas","St. Francis County",4,81,97,34,63
050,05,123,"Arkansas","St. Francis County",4,82,89,31,58
050,05,123,"Arkansas","St. Francis County",4,83,86,44,42
050,05,123,"Arkansas","St. Francis County",4,84,66,31,35
050,05,123,"Arkansas","St. Francis County",4,85,386,142,244
050,05,123,"Arkansas","St. Francis County",5,0,260,126,134
050,05,123,"Arkansas","St. Francis County",5,1,284,153,131
050,05,123,"Arkansas","St. Francis County",5,2,267,129,138
050,05,123,"Arkansas","St. Francis County",5,3,265,139,126
050,05,123,"Arkansas","St. Francis County",5,4,275,128,147
050,05,123,"Arkansas","St. Francis County",5,5,253,121,132
050,05,123,"Arkansas","St. Francis County",5,6,244,118,126
050,05,123,"Arkansas","St. Francis County",5,7,252,123,129
050,05,123,"Arkansas","St. Francis County",5,8,260,132,128
050,05,123,"Arkansas","St. Francis County",5,9,255,129,126
050,05,123,"Arkansas","St. Francis County",5,10,231,113,118
050,05,123,"Arkansas","St. Francis County",5,11,224,110,114
050,05,123,"Arkansas","St. Francis County",5,12,264,130,134
050,05,123,"Arkansas","St. Francis County",5,13,243,115,128
050,05,123,"Arkansas","St. Francis County",5,14,251,140,111
050,05,123,"Arkansas","St. Francis County",5,15,269,138,131
050,05,123,"Arkansas","St. Francis County",5,16,284,163,121
050,05,123,"Arkansas","St. Francis County",5,17,276,153,123
050,05,123,"Arkansas","St. Francis County",5,18,210,114,96
050,05,123,"Arkansas","St. Francis County",5,19,175,97,78
050,05,123,"Arkansas","St. Francis County",5,20,206,112,94
050,05,123,"Arkansas","St. Francis County",5,21,254,133,121
050,05,123,"Arkansas","St. Francis County",5,22,264,143,121
050,05,123,"Arkansas","St. Francis County",5,23,264,142,122
050,05,123,"Arkansas","St. Francis County",5,24,262,154,108
050,05,123,"Arkansas","St. Francis County",5,25,285,171,114
050,05,123,"Arkansas","St. Francis County",5,26,300,178,122
050,05,123,"Arkansas","St. Francis County",5,27,293,189,104
050,05,123,"Arkansas","St. Francis County",5,28,297,193,104
050,05,123,"Arkansas","St. Francis County",5,29,312,212,100
050,05,123,"Arkansas","St. Francis County",5,30,321,199,122
050,05,123,"Arkansas","St. Francis County",5,31,364,240,124
050,05,123,"Arkansas","St. Francis County",5,32,353,234,119
050,05,123,"Arkansas","St. Francis County",5,33,388,255,133
050,05,123,"Arkansas","St. Francis County",5,34,333,230,103
050,05,123,"Arkansas","St. Francis County",5,35,335,219,116
050,05,123,"Arkansas","St. Francis County",5,36,273,174,99
050,05,123,"Arkansas","St. Francis County",5,37,319,217,102
050,05,123,"Arkansas","St. Francis County",5,38,312,224,88
050,05,123,"Arkansas","St. Francis County",5,39,313,214,99
050,05,123,"Arkansas","St. Francis County",5,40,296,195,101
050,05,123,"Arkansas","St. Francis County",5,41,306,188,118
050,05,123,"Arkansas","St. Francis County",5,42,296,194,102
050,05,123,"Arkansas","St. Francis County",5,43,300,198,102
050,05,123,"Arkansas","St. Francis County",5,44,284,174,110
050,05,123,"Arkansas","St. Francis County",5,45,268,155,113
050,05,123,"Arkansas","St. Francis County",5,46,307,192,115
050,05,123,"Arkansas","St. Francis County",5,47,284,178,106
050,05,123,"Arkansas","St. Francis County",5,48,283,166,117
050,05,123,"Arkansas","St. Francis County",5,49,273,174,99
050,05,123,"Arkansas","St. Francis County",5,50,292,173,119
050,05,123,"Arkansas","St. Francis County",5,51,281,157,124
050,05,123,"Arkansas","St. Francis County",5,52,275,163,112
050,05,123,"Arkansas","St. Francis County",5,53,313,179,134
050,05,123,"Arkansas","St. Francis County",5,54,243,138,105
050,05,123,"Arkansas","St. Francis County",5,55,249,138,111
050,05,123,"Arkansas","St. Francis County",5,56,233,118,115
050,05,123,"Arkansas","St. Francis County",5,57,252,124,128
050,05,123,"Arkansas","St. Francis County",5,58,267,141,126
050,05,123,"Arkansas","St. Francis County",5,59,285,149,136
050,05,123,"Arkansas","St. Francis County",5,60,269,133,136
050,05,123,"Arkansas","St. Francis County",5,61,271,128,143
050,05,123,"Arkansas","St. Francis County",5,62,279,134,145
050,05,123,"Arkansas","St. Francis County",5,63,271,136,135
050,05,123,"Arkansas","St. Francis County",5,64,266,124,142
050,05,123,"Arkansas","St. Francis County",5,65,310,144,166
050,05,123,"Arkansas","St. Francis County",5,66,281,142,139
050,05,123,"Arkansas","St. Francis County",5,67,263,132,131
050,05,123,"Arkansas","St. Francis County",5,68,254,112,142
050,05,123,"Arkansas","St. Francis County",5,69,262,127,135
050,05,123,"Arkansas","St. Francis County",5,70,239,111,128
050,05,123,"Arkansas","St. Francis County",5,71,218,90,128
050,05,123,"Arkansas","St. Francis County",5,72,197,89,108
050,05,123,"Arkansas","St. Francis County",5,73,194,103,91
050,05,123,"Arkansas","St. Francis County",5,74,196,97,99
050,05,123,"Arkansas","St. Francis County",5,75,193,94,99
050,05,123,"Arkansas","St. Francis County",5,76,209,94,115
050,05,123,"Arkansas","St. Francis County",5,77,146,59,87
050,05,123,"Arkansas","St. Francis County",5,78,141,67,74
050,05,123,"Arkansas","St. Francis County",5,79,120,54,66
050,05,123,"Arkansas","St. Francis County",5,80,115,61,54
050,05,123,"Arkansas","St. Francis County",5,81,86,40,46
050,05,123,"Arkansas","St. Francis County",5,82,91,32,59
050,05,123,"Arkansas","St. Francis County",5,83,90,35,55
050,05,123,"Arkansas","St. Francis County",5,84,67,33,34
050,05,123,"Arkansas","St. Francis County",5,85,396,148,248
050,05,125,"Arkansas","Saline County",1,0,1337,682,655
050,05,125,"Arkansas","Saline County",1,1,1366,685,681
050,05,125,"Arkansas","Saline County",1,2,1368,681,687
050,05,125,"Arkansas","Saline County",1,3,1454,699,755
050,05,125,"Arkansas","Saline County",1,4,1547,768,779
050,05,125,"Arkansas","Saline County",1,5,1578,799,779
050,05,125,"Arkansas","Saline County",1,6,1590,796,794
050,05,125,"Arkansas","Saline County",1,7,1590,839,751
050,05,125,"Arkansas","Saline County",1,8,1561,808,753
050,05,125,"Arkansas","Saline County",1,9,1644,852,792
050,05,125,"Arkansas","Saline County",1,10,1691,870,821
050,05,125,"Arkansas","Saline County",1,11,1812,929,883
050,05,125,"Arkansas","Saline County",1,12,1864,955,909
050,05,125,"Arkansas","Saline County",1,13,1866,939,927
050,05,125,"Arkansas","Saline County",1,14,1745,870,875
050,05,125,"Arkansas","Saline County",1,15,1694,848,846
050,05,125,"Arkansas","Saline County",1,16,1739,904,835
050,05,125,"Arkansas","Saline County",1,17,1698,905,793
050,05,125,"Arkansas","Saline County",1,18,1453,792,661
050,05,125,"Arkansas","Saline County",1,19,1129,584,545
050,05,125,"Arkansas","Saline County",1,20,1139,562,577
050,05,125,"Arkansas","Saline County",1,21,1234,610,624
050,05,125,"Arkansas","Saline County",1,22,1266,619,647
050,05,125,"Arkansas","Saline County",1,23,1302,625,677
050,05,125,"Arkansas","Saline County",1,24,1372,673,699
050,05,125,"Arkansas","Saline County",1,25,1399,687,712
050,05,125,"Arkansas","Saline County",1,26,1374,671,703
050,05,125,"Arkansas","Saline County",1,27,1451,672,779
050,05,125,"Arkansas","Saline County",1,28,1580,734,846
050,05,125,"Arkansas","Saline County",1,29,1595,780,815
050,05,125,"Arkansas","Saline County",1,30,1639,801,838
050,05,125,"Arkansas","Saline County",1,31,1666,808,858
050,05,125,"Arkansas","Saline County",1,32,1562,764,798
050,05,125,"Arkansas","Saline County",1,33,1606,781,825
050,05,125,"Arkansas","Saline County",1,34,1572,772,800
050,05,125,"Arkansas","Saline County",1,35,1586,751,835
050,05,125,"Arkansas","Saline County",1,36,1714,795,919
050,05,125,"Arkansas","Saline County",1,37,1745,878,867
050,05,125,"Arkansas","Saline County",1,38,1749,865,884
050,05,125,"Arkansas","Saline County",1,39,1771,869,902
050,05,125,"Arkansas","Saline County",1,40,1795,893,902
050,05,125,"Arkansas","Saline County",1,41,1688,850,838
050,05,125,"Arkansas","Saline County",1,42,1710,876,834
050,05,125,"Arkansas","Saline County",1,43,1602,772,830
050,05,125,"Arkansas","Saline County",1,44,1500,754,746
050,05,125,"Arkansas","Saline County",1,45,1538,763,775
050,05,125,"Arkansas","Saline County",1,46,1576,802,774
050,05,125,"Arkansas","Saline County",1,47,1562,795,767
050,05,125,"Arkansas","Saline County",1,48,1621,819,802
050,05,125,"Arkansas","Saline County",1,49,1640,809,831
050,05,125,"Arkansas","Saline County",1,50,1554,757,797
050,05,125,"Arkansas","Saline County",1,51,1498,767,731
050,05,125,"Arkansas","Saline County",1,52,1514,770,744
050,05,125,"Arkansas","Saline County",1,53,1531,777,754
050,05,125,"Arkansas","Saline County",1,54,1494,761,733
050,05,125,"Arkansas","Saline County",1,55,1630,812,818
050,05,125,"Arkansas","Saline County",1,56,1692,803,889
050,05,125,"Arkansas","Saline County",1,57,1583,776,807
050,05,125,"Arkansas","Saline County",1,58,1573,809,764
050,05,125,"Arkansas","Saline County",1,59,1616,795,821
050,05,125,"Arkansas","Saline County",1,60,1484,731,753
050,05,125,"Arkansas","Saline County",1,61,1504,735,769
050,05,125,"Arkansas","Saline County",1,62,1518,747,771
050,05,125,"Arkansas","Saline County",1,63,1472,699,773
050,05,125,"Arkansas","Saline County",1,64,1425,692,733
050,05,125,"Arkansas","Saline County",1,65,1469,726,743
050,05,125,"Arkansas","Saline County",1,66,1463,680,783
050,05,125,"Arkansas","Saline County",1,67,1402,615,787
050,05,125,"Arkansas","Saline County",1,68,1312,591,721
050,05,125,"Arkansas","Saline County",1,69,1252,578,674
050,05,125,"Arkansas","Saline County",1,70,1282,591,691
050,05,125,"Arkansas","Saline County",1,71,1275,589,686
050,05,125,"Arkansas","Saline County",1,72,1371,633,738
050,05,125,"Arkansas","Saline County",1,73,1356,636,720
050,05,125,"Arkansas","Saline County",1,74,945,461,484
050,05,125,"Arkansas","Saline County",1,75,923,450,473
050,05,125,"Arkansas","Saline County",1,76,953,445,508
050,05,125,"Arkansas","Saline County",1,77,906,430,476
050,05,125,"Arkansas","Saline County",1,78,812,366,446
050,05,125,"Arkansas","Saline County",1,79,748,334,414
050,05,125,"Arkansas","Saline County",1,80,619,296,323
050,05,125,"Arkansas","Saline County",1,81,583,270,313
050,05,125,"Arkansas","Saline County",1,82,507,234,273
050,05,125,"Arkansas","Saline County",1,83,452,218,234
050,05,125,"Arkansas","Saline County",1,84,420,187,233
050,05,125,"Arkansas","Saline County",1,85,2012,737,1275
050,05,125,"Arkansas","Saline County",2,0,1328,689,639
050,05,125,"Arkansas","Saline County",2,1,1355,681,674
050,05,125,"Arkansas","Saline County",2,2,1380,687,693
050,05,125,"Arkansas","Saline County",2,3,1433,698,735
050,05,125,"Arkansas","Saline County",2,4,1536,759,777
050,05,125,"Arkansas","Saline County",2,5,1581,796,785
050,05,125,"Arkansas","Saline County",2,6,1594,804,790
050,05,125,"Arkansas","Saline County",2,7,1597,833,764
050,05,125,"Arkansas","Saline County",2,8,1577,817,760
050,05,125,"Arkansas","Saline County",2,9,1628,843,785
050,05,125,"Arkansas","Saline County",2,10,1689,870,819
050,05,125,"Arkansas","Saline County",2,11,1790,920,870
050,05,125,"Arkansas","Saline County",2,12,1871,958,913
050,05,125,"Arkansas","Saline County",2,13,1874,949,925
050,05,125,"Arkansas","Saline County",2,14,1773,885,888
050,05,125,"Arkansas","Saline County",2,15,1710,856,854
050,05,125,"Arkansas","Saline County",2,16,1729,892,837
050,05,125,"Arkansas","Saline County",2,17,1718,912,806
050,05,125,"Arkansas","Saline County",2,18,1440,786,654
050,05,125,"Arkansas","Saline County",2,19,1147,600,547
050,05,125,"Arkansas","Saline County",2,20,1166,579,587
050,05,125,"Arkansas","Saline County",2,21,1228,604,624
050,05,125,"Arkansas","Saline County",2,22,1282,628,654
050,05,125,"Arkansas","Saline County",2,23,1321,639,682
050,05,125,"Arkansas","Saline County",2,24,1370,671,699
050,05,125,"Arkansas","Saline County",2,25,1402,691,711
050,05,125,"Arkansas","Saline County",2,26,1394,680,714
050,05,125,"Arkansas","Saline County",2,27,1449,678,771
050,05,125,"Arkansas","Saline County",2,28,1555,726,829
050,05,125,"Arkansas","Saline County",2,29,1593,770,823
050,05,125,"Arkansas","Saline County",2,30,1654,811,843
050,05,125,"Arkansas","Saline County",2,31,1662,811,851
050,05,125,"Arkansas","Saline County",2,32,1584,768,816
050,05,125,"Arkansas","Saline County",2,33,1606,783,823
050,05,125,"Arkansas","Saline County",2,34,1584,776,808
050,05,125,"Arkansas","Saline County",2,35,1598,760,838
050,05,125,"Arkansas","Saline County",2,36,1680,782,898
050,05,125,"Arkansas","Saline County",2,37,1754,869,885
050,05,125,"Arkansas","Saline County",2,38,1758,872,886
050,05,125,"Arkansas","Saline County",2,39,1769,870,899
050,05,125,"Arkansas","Saline County",2,40,1800,893,907
050,05,125,"Arkansas","Saline County",2,41,1715,859,856
050,05,125,"Arkansas","Saline County",2,42,1710,873,837
050,05,125,"Arkansas","Saline County",2,43,1642,806,836
050,05,125,"Arkansas","Saline County",2,44,1509,748,761
050,05,125,"Arkansas","Saline County",2,45,1531,762,769
050,05,125,"Arkansas","Saline County",2,46,1561,791,770
050,05,125,"Arkansas","Saline County",2,47,1561,791,770
050,05,125,"Arkansas","Saline County",2,48,1610,812,798
050,05,125,"Arkansas","Saline County",2,49,1640,812,828
050,05,125,"Arkansas","Saline County",2,50,1578,769,809
050,05,125,"Arkansas","Saline County",2,51,1520,772,748
050,05,125,"Arkansas","Saline County",2,52,1511,769,742
050,05,125,"Arkansas","Saline County",2,53,1533,780,753
050,05,125,"Arkansas","Saline County",2,54,1493,758,735
050,05,125,"Arkansas","Saline County",2,55,1597,800,797
050,05,125,"Arkansas","Saline County",2,56,1684,808,876
050,05,125,"Arkansas","Saline County",2,57,1616,786,830
050,05,125,"Arkansas","Saline County",2,58,1586,807,779
050,05,125,"Arkansas","Saline County",2,59,1612,802,810
050,05,125,"Arkansas","Saline County",2,60,1508,746,762
050,05,125,"Arkansas","Saline County",2,61,1492,729,763
050,05,125,"Arkansas","Saline County",2,62,1513,744,769
050,05,125,"Arkansas","Saline County",2,63,1495,716,779
050,05,125,"Arkansas","Saline County",2,64,1435,694,741
050,05,125,"Arkansas","Saline County",2,65,1457,719,738
050,05,125,"Arkansas","Saline County",2,66,1469,694,775
050,05,125,"Arkansas","Saline County",2,67,1411,628,783
050,05,125,"Arkansas","Saline County",2,68,1329,595,734
050,05,125,"Arkansas","Saline County",2,69,1277,582,695
050,05,125,"Arkansas","Saline County",2,70,1269,585,684
050,05,125,"Arkansas","Saline County",2,71,1272,584,688
050,05,125,"Arkansas","Saline County",2,72,1318,608,710
050,05,125,"Arkansas","Saline County",2,73,1430,668,762
050,05,125,"Arkansas","Saline County",2,74,970,467,503
050,05,125,"Arkansas","Saline County",2,75,922,446,476
050,05,125,"Arkansas","Saline County",2,76,932,435,497
050,05,125,"Arkansas","Saline County",2,77,939,445,494
050,05,125,"Arkansas","Saline County",2,78,814,373,441
050,05,125,"Arkansas","Saline County",2,79,754,337,417
050,05,125,"Arkansas","Saline County",2,80,638,295,343
050,05,125,"Arkansas","Saline County",2,81,579,272,307
050,05,125,"Arkansas","Saline County",2,82,515,238,277
050,05,125,"Arkansas","Saline County",2,83,455,216,239
050,05,125,"Arkansas","Saline County",2,84,421,189,232
050,05,125,"Arkansas","Saline County",2,85,2044,758,1286
050,05,125,"Arkansas","Saline County",3,0,1316,683,633
050,05,125,"Arkansas","Saline County",3,1,1356,682,674
050,05,125,"Arkansas","Saline County",3,2,1390,703,687
050,05,125,"Arkansas","Saline County",3,3,1429,705,724
050,05,125,"Arkansas","Saline County",3,4,1458,720,738
050,05,125,"Arkansas","Saline County",3,5,1584,793,791
050,05,125,"Arkansas","Saline County",3,6,1606,807,799
050,05,125,"Arkansas","Saline County",3,7,1617,817,800
050,05,125,"Arkansas","Saline County",3,8,1614,848,766
050,05,125,"Arkansas","Saline County",3,9,1600,828,772
050,05,125,"Arkansas","Saline County",3,10,1656,874,782
050,05,125,"Arkansas","Saline County",3,11,1736,880,856
050,05,125,"Arkansas","Saline County",3,12,1828,933,895
050,05,125,"Arkansas","Saline County",3,13,1904,981,923
050,05,125,"Arkansas","Saline County",3,14,1923,980,943
050,05,125,"Arkansas","Saline County",3,15,1760,884,876
050,05,125,"Arkansas","Saline County",3,16,1738,874,864
050,05,125,"Arkansas","Saline County",3,17,1724,903,821
050,05,125,"Arkansas","Saline County",3,18,1464,813,651
050,05,125,"Arkansas","Saline County",3,19,1167,636,531
050,05,125,"Arkansas","Saline County",3,20,1178,601,577
050,05,125,"Arkansas","Saline County",3,21,1221,599,622
050,05,125,"Arkansas","Saline County",3,22,1324,638,686
050,05,125,"Arkansas","Saline County",3,23,1368,661,707
050,05,125,"Arkansas","Saline County",3,24,1399,676,723
050,05,125,"Arkansas","Saline County",3,25,1429,698,731
050,05,125,"Arkansas","Saline County",3,26,1424,681,743
050,05,125,"Arkansas","Saline County",3,27,1474,717,757
050,05,125,"Arkansas","Saline County",3,28,1519,721,798
050,05,125,"Arkansas","Saline County",3,29,1577,723,854
050,05,125,"Arkansas","Saline County",3,30,1649,796,853
050,05,125,"Arkansas","Saline County",3,31,1694,826,868
050,05,125,"Arkansas","Saline County",3,32,1682,797,885
050,05,125,"Arkansas","Saline County",3,33,1643,780,863
050,05,125,"Arkansas","Saline County",3,34,1648,814,834
050,05,125,"Arkansas","Saline County",3,35,1634,796,838
050,05,125,"Arkansas","Saline County",3,36,1633,775,858
050,05,125,"Arkansas","Saline County",3,37,1735,833,902
050,05,125,"Arkansas","Saline County",3,38,1783,888,895
050,05,125,"Arkansas","Saline County",3,39,1738,844,894
050,05,125,"Arkansas","Saline County",3,40,1792,880,912
050,05,125,"Arkansas","Saline County",3,41,1781,869,912
050,05,125,"Arkansas","Saline County",3,42,1741,873,868
050,05,125,"Arkansas","Saline County",3,43,1702,858,844
050,05,125,"Arkansas","Saline County",3,44,1633,791,842
050,05,125,"Arkansas","Saline County",3,45,1508,751,757
050,05,125,"Arkansas","Saline County",3,46,1545,774,771
050,05,125,"Arkansas","Saline County",3,47,1550,772,778
050,05,125,"Arkansas","Saline County",3,48,1548,787,761
050,05,125,"Arkansas","Saline County",3,49,1586,793,793
050,05,125,"Arkansas","Saline County",3,50,1680,824,856
050,05,125,"Arkansas","Saline County",3,51,1585,787,798
050,05,125,"Arkansas","Saline County",3,52,1516,762,754
050,05,125,"Arkansas","Saline County",3,53,1527,777,750
050,05,125,"Arkansas","Saline County",3,54,1540,762,778
050,05,125,"Arkansas","Saline County",3,55,1520,776,744
050,05,125,"Arkansas","Saline County",3,56,1588,800,788
050,05,125,"Arkansas","Saline County",3,57,1678,808,870
050,05,125,"Arkansas","Saline County",3,58,1650,802,848
050,05,125,"Arkansas","Saline County",3,59,1584,795,789
050,05,125,"Arkansas","Saline County",3,60,1619,784,835
050,05,125,"Arkansas","Saline County",3,61,1531,756,775
050,05,125,"Arkansas","Saline County",3,62,1497,729,768
050,05,125,"Arkansas","Saline County",3,63,1543,769,774
050,05,125,"Arkansas","Saline County",3,64,1497,712,785
050,05,125,"Arkansas","Saline County",3,65,1462,694,768
050,05,125,"Arkansas","Saline County",3,66,1457,714,743
050,05,125,"Arkansas","Saline County",3,67,1464,697,767
050,05,125,"Arkansas","Saline County",3,68,1408,619,789
050,05,125,"Arkansas","Saline County",3,69,1322,585,737
050,05,125,"Arkansas","Saline County",3,70,1275,572,703
050,05,125,"Arkansas","Saline County",3,71,1235,580,655
050,05,125,"Arkansas","Saline County",3,72,1249,571,678
050,05,125,"Arkansas","Saline County",3,73,1294,599,695
050,05,125,"Arkansas","Saline County",3,74,1386,642,744
050,05,125,"Arkansas","Saline County",3,75,933,441,492
050,05,125,"Arkansas","Saline County",3,76,883,423,460
050,05,125,"Arkansas","Saline County",3,77,902,423,479
050,05,125,"Arkansas","Saline County",3,78,922,434,488
050,05,125,"Arkansas","Saline County",3,79,782,356,426
050,05,125,"Arkansas","Saline County",3,80,690,311,379
050,05,125,"Arkansas","Saline County",3,81,587,276,311
050,05,125,"Arkansas","Saline County",3,82,537,248,289
050,05,125,"Arkansas","Saline County",3,83,465,209,256
050,05,125,"Arkansas","Saline County",3,84,447,205,242
050,05,125,"Arkansas","Saline County",3,85,2119,808,1311
050,05,125,"Arkansas","Saline County",4,0,1399,710,689
050,05,125,"Arkansas","Saline County",4,1,1330,672,658
050,05,125,"Arkansas","Saline County",4,2,1373,700,673
050,05,125,"Arkansas","Saline County",4,3,1435,720,715
050,05,125,"Arkansas","Saline County",4,4,1492,752,740
050,05,125,"Arkansas","Saline County",4,5,1509,746,763
050,05,125,"Arkansas","Saline County",4,6,1636,831,805
050,05,125,"Arkansas","Saline County",4,7,1664,839,825
050,05,125,"Arkansas","Saline County",4,8,1659,854,805
050,05,125,"Arkansas","Saline County",4,9,1686,884,802
050,05,125,"Arkansas","Saline County",4,10,1660,851,809
050,05,125,"Arkansas","Saline County",4,11,1709,894,815
050,05,125,"Arkansas","Saline County",4,12,1790,921,869
050,05,125,"Arkansas","Saline County",4,13,1867,962,905
050,05,125,"Arkansas","Saline County",4,14,1933,987,946
050,05,125,"Arkansas","Saline County",4,15,1957,1018,939
050,05,125,"Arkansas","Saline County",4,16,1815,904,911
050,05,125,"Arkansas","Saline County",4,17,1775,903,872
050,05,125,"Arkansas","Saline County",4,18,1466,787,679
050,05,125,"Arkansas","Saline County",4,19,1157,635,522
050,05,125,"Arkansas","Saline County",4,20,1177,631,546
050,05,125,"Arkansas","Saline County",4,21,1225,620,605
050,05,125,"Arkansas","Saline County",4,22,1317,627,690
050,05,125,"Arkansas","Saline County",4,23,1386,665,721
050,05,125,"Arkansas","Saline County",4,24,1385,669,716
050,05,125,"Arkansas","Saline County",4,25,1465,719,746
050,05,125,"Arkansas","Saline County",4,26,1463,710,753
050,05,125,"Arkansas","Saline County",4,27,1495,721,774
050,05,125,"Arkansas","Saline County",4,28,1495,740,755
050,05,125,"Arkansas","Saline County",4,29,1523,713,810
050,05,125,"Arkansas","Saline County",4,30,1642,765,877
050,05,125,"Arkansas","Saline County",4,31,1699,828,871
050,05,125,"Arkansas","Saline County",4,32,1714,804,910
050,05,125,"Arkansas","Saline County",4,33,1730,817,913
050,05,125,"Arkansas","Saline County",4,34,1719,819,900
050,05,125,"Arkansas","Saline County",4,35,1691,821,870
050,05,125,"Arkansas","Saline County",4,36,1676,809,867
050,05,125,"Arkansas","Saline County",4,37,1695,812,883
050,05,125,"Arkansas","Saline County",4,38,1779,860,919
050,05,125,"Arkansas","Saline County",4,39,1804,887,917
050,05,125,"Arkansas","Saline County",4,40,1731,845,886
050,05,125,"Arkansas","Saline County",4,41,1808,881,927
050,05,125,"Arkansas","Saline County",4,42,1810,889,921
050,05,125,"Arkansas","Saline County",4,43,1747,870,877
050,05,125,"Arkansas","Saline County",4,44,1711,843,868
050,05,125,"Arkansas","Saline County",4,45,1631,789,842
050,05,125,"Arkansas","Saline County",4,46,1570,802,768
050,05,125,"Arkansas","Saline County",4,47,1535,758,777
050,05,125,"Arkansas","Saline County",4,48,1566,792,774
050,05,125,"Arkansas","Saline County",4,49,1569,786,783
050,05,125,"Arkansas","Saline County",4,50,1631,813,818
050,05,125,"Arkansas","Saline County",4,51,1741,854,887
050,05,125,"Arkansas","Saline County",4,52,1613,779,834
050,05,125,"Arkansas","Saline County",4,53,1511,757,754
050,05,125,"Arkansas","Saline County",4,54,1520,781,739
050,05,125,"Arkansas","Saline County",4,55,1563,780,783
050,05,125,"Arkansas","Saline County",4,56,1510,763,747
050,05,125,"Arkansas","Saline County",4,57,1580,793,787
050,05,125,"Arkansas","Saline County",4,58,1664,805,859
050,05,125,"Arkansas","Saline County",4,59,1652,791,861
050,05,125,"Arkansas","Saline County",4,60,1583,800,783
050,05,125,"Arkansas","Saline County",4,61,1629,791,838
050,05,125,"Arkansas","Saline County",4,62,1546,767,779
050,05,125,"Arkansas","Saline County",4,63,1509,738,771
050,05,125,"Arkansas","Saline County",4,64,1576,766,810
050,05,125,"Arkansas","Saline County",4,65,1498,699,799
050,05,125,"Arkansas","Saline County",4,66,1487,702,785
050,05,125,"Arkansas","Saline County",4,67,1471,728,743
050,05,125,"Arkansas","Saline County",4,68,1483,699,784
050,05,125,"Arkansas","Saline County",4,69,1402,600,802
050,05,125,"Arkansas","Saline County",4,70,1342,595,747
050,05,125,"Arkansas","Saline County",4,71,1247,565,682
050,05,125,"Arkansas","Saline County",4,72,1198,560,638
050,05,125,"Arkansas","Saline County",4,73,1221,559,662
050,05,125,"Arkansas","Saline County",4,74,1244,568,676
050,05,125,"Arkansas","Saline County",4,75,1334,619,715
050,05,125,"Arkansas","Saline County",4,76,913,431,482
050,05,125,"Arkansas","Saline County",4,77,848,402,446
050,05,125,"Arkansas","Saline County",4,78,887,409,478
050,05,125,"Arkansas","Saline County",4,79,895,413,482
050,05,125,"Arkansas","Saline County",4,80,724,333,391
050,05,125,"Arkansas","Saline County",4,81,640,283,357
050,05,125,"Arkansas","Saline County",4,82,545,248,297
050,05,125,"Arkansas","Saline County",4,83,495,231,264
050,05,125,"Arkansas","Saline County",4,84,457,196,261
050,05,125,"Arkansas","Saline County",4,85,2186,844,1342
050,05,125,"Arkansas","Saline County",5,0,1395,711,684
050,05,125,"Arkansas","Saline County",5,1,1451,717,734
050,05,125,"Arkansas","Saline County",5,2,1388,700,688
050,05,125,"Arkansas","Saline County",5,3,1447,738,709
050,05,125,"Arkansas","Saline County",5,4,1481,738,743
050,05,125,"Arkansas","Saline County",5,5,1488,753,735
050,05,125,"Arkansas","Saline County",5,6,1528,767,761
050,05,125,"Arkansas","Saline County",5,7,1665,845,820
050,05,125,"Arkansas","Saline County",5,8,1714,875,839
050,05,125,"Arkansas","Saline County",5,9,1723,881,842
050,05,125,"Arkansas","Saline County",5,10,1721,900,821
050,05,125,"Arkansas","Saline County",5,11,1670,858,812
050,05,125,"Arkansas","Saline County",5,12,1737,912,825
050,05,125,"Arkansas","Saline County",5,13,1827,933,894
050,05,125,"Arkansas","Saline County",5,14,1877,966,911
050,05,125,"Arkansas","Saline County",5,15,1965,996,969
050,05,125,"Arkansas","Saline County",5,16,2003,1029,974
050,05,125,"Arkansas","Saline County",5,17,1845,924,921
050,05,125,"Arkansas","Saline County",5,18,1516,792,724
050,05,125,"Arkansas","Saline County",5,19,1175,629,546
050,05,125,"Arkansas","Saline County",5,20,1250,671,579
050,05,125,"Arkansas","Saline County",5,21,1288,685,603
050,05,125,"Arkansas","Saline County",5,22,1325,681,644
050,05,125,"Arkansas","Saline County",5,23,1380,634,746
050,05,125,"Arkansas","Saline County",5,24,1468,701,767
050,05,125,"Arkansas","Saline County",5,25,1455,723,732
050,05,125,"Arkansas","Saline County",5,26,1531,780,751
050,05,125,"Arkansas","Saline County",5,27,1511,756,755
050,05,125,"Arkansas","Saline County",5,28,1535,729,806
050,05,125,"Arkansas","Saline County",5,29,1534,758,776
050,05,125,"Arkansas","Saline County",5,30,1574,739,835
050,05,125,"Arkansas","Saline County",5,31,1733,829,904
050,05,125,"Arkansas","Saline County",5,32,1707,824,883
050,05,125,"Arkansas","Saline County",5,33,1746,816,930
050,05,125,"Arkansas","Saline County",5,34,1763,849,914
050,05,125,"Arkansas","Saline County",5,35,1712,809,903
050,05,125,"Arkansas","Saline County",5,36,1707,817,890
050,05,125,"Arkansas","Saline County",5,37,1756,866,890
050,05,125,"Arkansas","Saline County",5,38,1731,822,909
050,05,125,"Arkansas","Saline County",5,39,1785,845,940
050,05,125,"Arkansas","Saline County",5,40,1796,881,915
050,05,125,"Arkansas","Saline County",5,41,1740,827,913
050,05,125,"Arkansas","Saline County",5,42,1842,908,934
050,05,125,"Arkansas","Saline County",5,43,1824,906,918
050,05,125,"Arkansas","Saline County",5,44,1752,872,880
050,05,125,"Arkansas","Saline County",5,45,1710,835,875
050,05,125,"Arkansas","Saline County",5,46,1686,822,864
050,05,125,"Arkansas","Saline County",5,47,1556,779,777
050,05,125,"Arkansas","Saline County",5,48,1554,765,789
050,05,125,"Arkansas","Saline County",5,49,1578,797,781
050,05,125,"Arkansas","Saline County",5,50,1585,798,787
050,05,125,"Arkansas","Saline County",5,51,1666,840,826
050,05,125,"Arkansas","Saline County",5,52,1769,858,911
050,05,125,"Arkansas","Saline County",5,53,1632,798,834
050,05,125,"Arkansas","Saline County",5,54,1498,746,752
050,05,125,"Arkansas","Saline County",5,55,1532,795,737
050,05,125,"Arkansas","Saline County",5,56,1572,783,789
050,05,125,"Arkansas","Saline County",5,57,1528,771,757
050,05,125,"Arkansas","Saline County",5,58,1628,811,817
050,05,125,"Arkansas","Saline County",5,59,1685,819,866
050,05,125,"Arkansas","Saline County",5,60,1675,806,869
050,05,125,"Arkansas","Saline County",5,61,1592,799,793
050,05,125,"Arkansas","Saline County",5,62,1643,791,852
050,05,125,"Arkansas","Saline County",5,63,1558,764,794
050,05,125,"Arkansas","Saline County",5,64,1517,741,776
050,05,125,"Arkansas","Saline County",5,65,1585,752,833
050,05,125,"Arkansas","Saline County",5,66,1525,711,814
050,05,125,"Arkansas","Saline County",5,67,1489,698,791
050,05,125,"Arkansas","Saline County",5,68,1470,712,758
050,05,125,"Arkansas","Saline County",5,69,1464,696,768
050,05,125,"Arkansas","Saline County",5,70,1404,600,804
050,05,125,"Arkansas","Saline County",5,71,1342,604,738
050,05,125,"Arkansas","Saline County",5,72,1235,555,680
050,05,125,"Arkansas","Saline County",5,73,1188,558,630
050,05,125,"Arkansas","Saline County",5,74,1183,531,652
050,05,125,"Arkansas","Saline County",5,75,1216,556,660
050,05,125,"Arkansas","Saline County",5,76,1302,595,707
050,05,125,"Arkansas","Saline County",5,77,879,409,470
050,05,125,"Arkansas","Saline County",5,78,841,392,449
050,05,125,"Arkansas","Saline County",5,79,857,387,470
050,05,125,"Arkansas","Saline County",5,80,828,385,443
050,05,125,"Arkansas","Saline County",5,81,677,309,368
050,05,125,"Arkansas","Saline County",5,82,584,248,336
050,05,125,"Arkansas","Saline County",5,83,503,239,264
050,05,125,"Arkansas","Saline County",5,84,492,224,268
050,05,125,"Arkansas","Saline County",5,85,2285,891,1394
050,05,127,"Arkansas","Scott County",1,0,111,57,54
050,05,127,"Arkansas","Scott County",1,1,120,59,61
050,05,127,"Arkansas","Scott County",1,2,122,59,63
050,05,127,"Arkansas","Scott County",1,3,119,56,63
050,05,127,"Arkansas","Scott County",1,4,123,54,69
050,05,127,"Arkansas","Scott County",1,5,127,61,66
050,05,127,"Arkansas","Scott County",1,6,118,65,53
050,05,127,"Arkansas","Scott County",1,7,119,64,55
050,05,127,"Arkansas","Scott County",1,8,140,82,58
050,05,127,"Arkansas","Scott County",1,9,126,68,58
050,05,127,"Arkansas","Scott County",1,10,119,58,61
050,05,127,"Arkansas","Scott County",1,11,141,74,67
050,05,127,"Arkansas","Scott County",1,12,125,70,55
050,05,127,"Arkansas","Scott County",1,13,136,74,62
050,05,127,"Arkansas","Scott County",1,14,142,76,66
050,05,127,"Arkansas","Scott County",1,15,142,81,61
050,05,127,"Arkansas","Scott County",1,16,129,69,60
050,05,127,"Arkansas","Scott County",1,17,128,66,62
050,05,127,"Arkansas","Scott County",1,18,121,69,52
050,05,127,"Arkansas","Scott County",1,19,98,52,46
050,05,127,"Arkansas","Scott County",1,20,91,47,44
050,05,127,"Arkansas","Scott County",1,21,95,51,44
050,05,127,"Arkansas","Scott County",1,22,96,53,43
050,05,127,"Arkansas","Scott County",1,23,99,48,51
050,05,127,"Arkansas","Scott County",1,24,87,45,42
050,05,127,"Arkansas","Scott County",1,25,105,55,50
050,05,127,"Arkansas","Scott County",1,26,114,54,60
050,05,127,"Arkansas","Scott County",1,27,112,52,60
050,05,127,"Arkansas","Scott County",1,28,127,60,67
050,05,127,"Arkansas","Scott County",1,29,128,66,62
050,05,127,"Arkansas","Scott County",1,30,132,67,65
050,05,127,"Arkansas","Scott County",1,31,120,55,65
050,05,127,"Arkansas","Scott County",1,32,101,55,46
050,05,127,"Arkansas","Scott County",1,33,102,61,41
050,05,127,"Arkansas","Scott County",1,34,103,55,48
050,05,127,"Arkansas","Scott County",1,35,107,57,50
050,05,127,"Arkansas","Scott County",1,36,105,54,51
050,05,127,"Arkansas","Scott County",1,37,112,57,55
050,05,127,"Arkansas","Scott County",1,38,119,69,50
050,05,127,"Arkansas","Scott County",1,39,111,65,46
050,05,127,"Arkansas","Scott County",1,40,84,42,42
050,05,127,"Arkansas","Scott County",1,41,98,48,50
050,05,127,"Arkansas","Scott County",1,42,104,53,51
050,05,127,"Arkansas","Scott County",1,43,98,53,45
050,05,127,"Arkansas","Scott County",1,44,91,47,44
050,05,127,"Arkansas","Scott County",1,45,109,56,53
050,05,127,"Arkansas","Scott County",1,46,111,61,50
050,05,127,"Arkansas","Scott County",1,47,102,55,47
050,05,127,"Arkansas","Scott County",1,48,112,58,54
050,05,127,"Arkansas","Scott County",1,49,118,60,58
050,05,127,"Arkansas","Scott County",1,50,122,50,72
050,05,127,"Arkansas","Scott County",1,51,117,58,59
050,05,127,"Arkansas","Scott County",1,52,113,59,54
050,05,127,"Arkansas","Scott County",1,53,135,71,64
050,05,127,"Arkansas","Scott County",1,54,148,84,64
050,05,127,"Arkansas","Scott County",1,55,155,88,67
050,05,127,"Arkansas","Scott County",1,56,156,75,81
050,05,127,"Arkansas","Scott County",1,57,147,66,81
050,05,127,"Arkansas","Scott County",1,58,161,70,91
050,05,127,"Arkansas","Scott County",1,59,163,83,80
050,05,127,"Arkansas","Scott County",1,60,146,80,66
050,05,127,"Arkansas","Scott County",1,61,146,82,64
050,05,127,"Arkansas","Scott County",1,62,135,64,71
050,05,127,"Arkansas","Scott County",1,63,131,68,63
050,05,127,"Arkansas","Scott County",1,64,124,69,55
050,05,127,"Arkansas","Scott County",1,65,118,65,53
050,05,127,"Arkansas","Scott County",1,66,121,67,54
050,05,127,"Arkansas","Scott County",1,67,109,52,57
050,05,127,"Arkansas","Scott County",1,68,129,65,64
050,05,127,"Arkansas","Scott County",1,69,125,61,64
050,05,127,"Arkansas","Scott County",1,70,123,59,64
050,05,127,"Arkansas","Scott County",1,71,104,56,48
050,05,127,"Arkansas","Scott County",1,72,97,50,47
050,05,127,"Arkansas","Scott County",1,73,114,56,58
050,05,127,"Arkansas","Scott County",1,74,95,51,44
050,05,127,"Arkansas","Scott County",1,75,92,49,43
050,05,127,"Arkansas","Scott County",1,76,92,39,53
050,05,127,"Arkansas","Scott County",1,77,94,41,53
050,05,127,"Arkansas","Scott County",1,78,81,40,41
050,05,127,"Arkansas","Scott County",1,79,74,41,33
050,05,127,"Arkansas","Scott County",1,80,59,27,32
050,05,127,"Arkansas","Scott County",1,81,54,26,28
050,05,127,"Arkansas","Scott County",1,82,45,22,23
050,05,127,"Arkansas","Scott County",1,83,41,22,19
050,05,127,"Arkansas","Scott County",1,84,44,13,31
050,05,127,"Arkansas","Scott County",1,85,229,94,135
050,05,127,"Arkansas","Scott County",2,0,119,64,55
050,05,127,"Arkansas","Scott County",2,1,121,60,61
050,05,127,"Arkansas","Scott County",2,2,122,60,62
050,05,127,"Arkansas","Scott County",2,3,122,57,65
050,05,127,"Arkansas","Scott County",2,4,124,55,69
050,05,127,"Arkansas","Scott County",2,5,125,59,66
050,05,127,"Arkansas","Scott County",2,6,119,63,56
050,05,127,"Arkansas","Scott County",2,7,118,63,55
050,05,127,"Arkansas","Scott County",2,8,134,77,57
050,05,127,"Arkansas","Scott County",2,9,129,70,59
050,05,127,"Arkansas","Scott County",2,10,122,60,62
050,05,127,"Arkansas","Scott County",2,11,133,70,63
050,05,127,"Arkansas","Scott County",2,12,131,72,59
050,05,127,"Arkansas","Scott County",2,13,133,73,60
050,05,127,"Arkansas","Scott County",2,14,139,76,63
050,05,127,"Arkansas","Scott County",2,15,142,80,62
050,05,127,"Arkansas","Scott County",2,16,134,72,62
050,05,127,"Arkansas","Scott County",2,17,127,66,61
050,05,127,"Arkansas","Scott County",2,18,114,64,50
050,05,127,"Arkansas","Scott County",2,19,98,53,45
050,05,127,"Arkansas","Scott County",2,20,95,49,46
050,05,127,"Arkansas","Scott County",2,21,96,52,44
050,05,127,"Arkansas","Scott County",2,22,97,54,43
050,05,127,"Arkansas","Scott County",2,23,98,49,49
050,05,127,"Arkansas","Scott County",2,24,92,47,45
050,05,127,"Arkansas","Scott County",2,25,101,53,48
050,05,127,"Arkansas","Scott County",2,26,112,54,58
050,05,127,"Arkansas","Scott County",2,27,114,53,61
050,05,127,"Arkansas","Scott County",2,28,126,60,66
050,05,127,"Arkansas","Scott County",2,29,128,64,64
050,05,127,"Arkansas","Scott County",2,30,131,67,64
050,05,127,"Arkansas","Scott County",2,31,121,58,63
050,05,127,"Arkansas","Scott County",2,32,103,53,50
050,05,127,"Arkansas","Scott County",2,33,103,61,42
050,05,127,"Arkansas","Scott County",2,34,101,55,46
050,05,127,"Arkansas","Scott County",2,35,106,57,49
050,05,127,"Arkansas","Scott County",2,36,106,54,52
050,05,127,"Arkansas","Scott County",2,37,112,57,55
050,05,127,"Arkansas","Scott County",2,38,119,66,53
050,05,127,"Arkansas","Scott County",2,39,112,65,47
050,05,127,"Arkansas","Scott County",2,40,91,48,43
050,05,127,"Arkansas","Scott County",2,41,94,46,48
050,05,127,"Arkansas","Scott County",2,42,102,51,51
050,05,127,"Arkansas","Scott County",2,43,99,53,46
050,05,127,"Arkansas","Scott County",2,44,92,48,44
050,05,127,"Arkansas","Scott County",2,45,104,54,50
050,05,127,"Arkansas","Scott County",2,46,108,58,50
050,05,127,"Arkansas","Scott County",2,47,104,56,48
050,05,127,"Arkansas","Scott County",2,48,108,57,51
050,05,127,"Arkansas","Scott County",2,49,116,60,56
050,05,127,"Arkansas","Scott County",2,50,121,53,68
050,05,127,"Arkansas","Scott County",2,51,116,56,60
050,05,127,"Arkansas","Scott County",2,52,114,59,55
050,05,127,"Arkansas","Scott County",2,53,132,69,63
050,05,127,"Arkansas","Scott County",2,54,145,82,63
050,05,127,"Arkansas","Scott County",2,55,153,88,65
050,05,127,"Arkansas","Scott County",2,56,154,78,76
050,05,127,"Arkansas","Scott County",2,57,149,69,80
050,05,127,"Arkansas","Scott County",2,58,154,68,86
050,05,127,"Arkansas","Scott County",2,59,163,79,84
050,05,127,"Arkansas","Scott County",2,60,151,81,70
050,05,127,"Arkansas","Scott County",2,61,145,81,64
050,05,127,"Arkansas","Scott County",2,62,136,68,68
050,05,127,"Arkansas","Scott County",2,63,132,67,65
050,05,127,"Arkansas","Scott County",2,64,123,67,56
050,05,127,"Arkansas","Scott County",2,65,119,66,53
050,05,127,"Arkansas","Scott County",2,66,122,69,53
050,05,127,"Arkansas","Scott County",2,67,113,57,56
050,05,127,"Arkansas","Scott County",2,68,123,61,62
050,05,127,"Arkansas","Scott County",2,69,126,62,64
050,05,127,"Arkansas","Scott County",2,70,124,60,64
050,05,127,"Arkansas","Scott County",2,71,107,56,51
050,05,127,"Arkansas","Scott County",2,72,96,49,47
050,05,127,"Arkansas","Scott County",2,73,114,55,59
050,05,127,"Arkansas","Scott County",2,74,91,49,42
050,05,127,"Arkansas","Scott County",2,75,93,49,44
050,05,127,"Arkansas","Scott County",2,76,92,42,50
050,05,127,"Arkansas","Scott County",2,77,95,41,54
050,05,127,"Arkansas","Scott County",2,78,80,37,43
050,05,127,"Arkansas","Scott County",2,79,74,40,34
050,05,127,"Arkansas","Scott County",2,80,62,30,32
050,05,127,"Arkansas","Scott County",2,81,54,25,29
050,05,127,"Arkansas","Scott County",2,82,45,23,22
050,05,127,"Arkansas","Scott County",2,83,43,22,21
050,05,127,"Arkansas","Scott County",2,84,44,15,29
050,05,127,"Arkansas","Scott County",2,85,232,95,137
050,05,127,"Arkansas","Scott County",3,0,108,58,50
050,05,127,"Arkansas","Scott County",3,1,115,64,51
050,05,127,"Arkansas","Scott County",3,2,113,57,56
050,05,127,"Arkansas","Scott County",3,3,120,61,59
050,05,127,"Arkansas","Scott County",3,4,115,56,59
050,05,127,"Arkansas","Scott County",3,5,115,53,62
050,05,127,"Arkansas","Scott County",3,6,125,59,66
050,05,127,"Arkansas","Scott County",3,7,115,61,54
050,05,127,"Arkansas","Scott County",3,8,119,64,55
050,05,127,"Arkansas","Scott County",3,9,133,78,55
050,05,127,"Arkansas","Scott County",3,10,130,68,62
050,05,127,"Arkansas","Scott County",3,11,129,65,64
050,05,127,"Arkansas","Scott County",3,12,135,71,64
050,05,127,"Arkansas","Scott County",3,13,130,70,60
050,05,127,"Arkansas","Scott County",3,14,131,69,62
050,05,127,"Arkansas","Scott County",3,15,140,71,69
050,05,127,"Arkansas","Scott County",3,16,147,86,61
050,05,127,"Arkansas","Scott County",3,17,137,76,61
050,05,127,"Arkansas","Scott County",3,18,112,61,51
050,05,127,"Arkansas","Scott County",3,19,92,53,39
050,05,127,"Arkansas","Scott County",3,20,102,52,50
050,05,127,"Arkansas","Scott County",3,21,99,52,47
050,05,127,"Arkansas","Scott County",3,22,93,45,48
050,05,127,"Arkansas","Scott County",3,23,101,54,47
050,05,127,"Arkansas","Scott County",3,24,104,53,51
050,05,127,"Arkansas","Scott County",3,25,83,43,40
050,05,127,"Arkansas","Scott County",3,26,100,48,52
050,05,127,"Arkansas","Scott County",3,27,115,53,62
050,05,127,"Arkansas","Scott County",3,28,106,50,56
050,05,127,"Arkansas","Scott County",3,29,129,63,66
050,05,127,"Arkansas","Scott County",3,30,126,66,60
050,05,127,"Arkansas","Scott County",3,31,136,73,63
050,05,127,"Arkansas","Scott County",3,32,115,53,62
050,05,127,"Arkansas","Scott County",3,33,108,56,52
050,05,127,"Arkansas","Scott County",3,34,103,58,45
050,05,127,"Arkansas","Scott County",3,35,105,55,50
050,05,127,"Arkansas","Scott County",3,36,110,59,51
050,05,127,"Arkansas","Scott County",3,37,105,53,52
050,05,127,"Arkansas","Scott County",3,38,111,59,52
050,05,127,"Arkansas","Scott County",3,39,118,63,55
050,05,127,"Arkansas","Scott County",3,40,113,63,50
050,05,127,"Arkansas","Scott County",3,41,91,46,45
050,05,127,"Arkansas","Scott County",3,42,91,42,49
050,05,127,"Arkansas","Scott County",3,43,102,52,50
050,05,127,"Arkansas","Scott County",3,44,105,53,52
050,05,127,"Arkansas","Scott County",3,45,91,47,44
050,05,127,"Arkansas","Scott County",3,46,107,53,54
050,05,127,"Arkansas","Scott County",3,47,104,58,46
050,05,127,"Arkansas","Scott County",3,48,103,56,47
050,05,127,"Arkansas","Scott County",3,49,110,57,53
050,05,127,"Arkansas","Scott County",3,50,108,56,52
050,05,127,"Arkansas","Scott County",3,51,128,59,69
050,05,127,"Arkansas","Scott County",3,52,116,54,62
050,05,127,"Arkansas","Scott County",3,53,117,61,56
050,05,127,"Arkansas","Scott County",3,54,137,70,67
050,05,127,"Arkansas","Scott County",3,55,144,82,62
050,05,127,"Arkansas","Scott County",3,56,145,84,61
050,05,127,"Arkansas","Scott County",3,57,156,76,80
050,05,127,"Arkansas","Scott County",3,58,142,67,75
050,05,127,"Arkansas","Scott County",3,59,159,70,89
050,05,127,"Arkansas","Scott County",3,60,159,74,85
050,05,127,"Arkansas","Scott County",3,61,151,80,71
050,05,127,"Arkansas","Scott County",3,62,148,86,62
050,05,127,"Arkansas","Scott County",3,63,130,63,67
050,05,127,"Arkansas","Scott County",3,64,137,64,73
050,05,127,"Arkansas","Scott County",3,65,122,70,52
050,05,127,"Arkansas","Scott County",3,66,122,65,57
050,05,127,"Arkansas","Scott County",3,67,120,71,49
050,05,127,"Arkansas","Scott County",3,68,111,58,53
050,05,127,"Arkansas","Scott County",3,69,119,58,61
050,05,127,"Arkansas","Scott County",3,70,124,54,70
050,05,127,"Arkansas","Scott County",3,71,128,65,63
050,05,127,"Arkansas","Scott County",3,72,105,53,52
050,05,127,"Arkansas","Scott County",3,73,100,45,55
050,05,127,"Arkansas","Scott County",3,74,107,54,53
050,05,127,"Arkansas","Scott County",3,75,83,42,41
050,05,127,"Arkansas","Scott County",3,76,88,44,44
050,05,127,"Arkansas","Scott County",3,77,91,43,48
050,05,127,"Arkansas","Scott County",3,78,83,34,49
050,05,127,"Arkansas","Scott County",3,79,76,36,40
050,05,127,"Arkansas","Scott County",3,80,70,37,33
050,05,127,"Arkansas","Scott County",3,81,55,23,32
050,05,127,"Arkansas","Scott County",3,82,49,24,25
050,05,127,"Arkansas","Scott County",3,83,40,21,19
050,05,127,"Arkansas","Scott County",3,84,51,22,29
050,05,127,"Arkansas","Scott County",3,85,227,95,132
050,05,127,"Arkansas","Scott County",4,0,118,68,50
050,05,127,"Arkansas","Scott County",4,1,106,57,49
050,05,127,"Arkansas","Scott County",4,2,113,64,49
050,05,127,"Arkansas","Scott County",4,3,117,63,54
050,05,127,"Arkansas","Scott County",4,4,117,56,61
050,05,127,"Arkansas","Scott County",4,5,118,59,59
050,05,127,"Arkansas","Scott County",4,6,119,59,60
050,05,127,"Arkansas","Scott County",4,7,127,61,66
050,05,127,"Arkansas","Scott County",4,8,121,63,58
050,05,127,"Arkansas","Scott County",4,9,125,63,62
050,05,127,"Arkansas","Scott County",4,10,138,80,58
050,05,127,"Arkansas","Scott County",4,11,125,64,61
050,05,127,"Arkansas","Scott County",4,12,124,59,65
050,05,127,"Arkansas","Scott County",4,13,129,66,63
050,05,127,"Arkansas","Scott County",4,14,129,73,56
050,05,127,"Arkansas","Scott County",4,15,140,73,67
050,05,127,"Arkansas","Scott County",4,16,137,67,70
050,05,127,"Arkansas","Scott County",4,17,145,85,60
050,05,127,"Arkansas","Scott County",4,18,117,68,49
050,05,127,"Arkansas","Scott County",4,19,83,44,39
050,05,127,"Arkansas","Scott County",4,20,93,52,41
050,05,127,"Arkansas","Scott County",4,21,98,52,46
050,05,127,"Arkansas","Scott County",4,22,99,57,42
050,05,127,"Arkansas","Scott County",4,23,96,43,53
050,05,127,"Arkansas","Scott County",4,24,102,56,46
050,05,127,"Arkansas","Scott County",4,25,102,58,44
050,05,127,"Arkansas","Scott County",4,26,78,42,36
050,05,127,"Arkansas","Scott County",4,27,97,43,54
050,05,127,"Arkansas","Scott County",4,28,106,47,59
050,05,127,"Arkansas","Scott County",4,29,99,43,56
050,05,127,"Arkansas","Scott County",4,30,139,68,71
050,05,127,"Arkansas","Scott County",4,31,122,63,59
050,05,127,"Arkansas","Scott County",4,32,144,77,67
050,05,127,"Arkansas","Scott County",4,33,116,57,59
050,05,127,"Arkansas","Scott County",4,34,112,56,56
050,05,127,"Arkansas","Scott County",4,35,111,63,48
050,05,127,"Arkansas","Scott County",4,36,98,51,47
050,05,127,"Arkansas","Scott County",4,37,101,51,50
050,05,127,"Arkansas","Scott County",4,38,112,59,53
050,05,127,"Arkansas","Scott County",4,39,118,64,54
050,05,127,"Arkansas","Scott County",4,40,119,63,56
050,05,127,"Arkansas","Scott County",4,41,109,61,48
050,05,127,"Arkansas","Scott County",4,42,97,46,51
050,05,127,"Arkansas","Scott County",4,43,94,44,50
050,05,127,"Arkansas","Scott County",4,44,107,52,55
050,05,127,"Arkansas","Scott County",4,45,109,55,54
050,05,127,"Arkansas","Scott County",4,46,101,55,46
050,05,127,"Arkansas","Scott County",4,47,102,51,51
050,05,127,"Arkansas","Scott County",4,48,111,62,49
050,05,127,"Arkansas","Scott County",4,49,106,61,45
050,05,127,"Arkansas","Scott County",4,50,108,58,50
050,05,127,"Arkansas","Scott County",4,51,110,62,48
050,05,127,"Arkansas","Scott County",4,52,129,61,68
050,05,127,"Arkansas","Scott County",4,53,119,57,62
050,05,127,"Arkansas","Scott County",4,54,114,55,59
050,05,127,"Arkansas","Scott County",4,55,136,69,67
050,05,127,"Arkansas","Scott County",4,56,144,78,66
050,05,127,"Arkansas","Scott County",4,57,149,84,65
050,05,127,"Arkansas","Scott County",4,58,155,75,80
050,05,127,"Arkansas","Scott County",4,59,143,68,75
050,05,127,"Arkansas","Scott County",4,60,155,68,87
050,05,127,"Arkansas","Scott County",4,61,157,74,83
050,05,127,"Arkansas","Scott County",4,62,152,84,68
050,05,127,"Arkansas","Scott County",4,63,140,80,60
050,05,127,"Arkansas","Scott County",4,64,126,63,63
050,05,127,"Arkansas","Scott County",4,65,134,62,72
050,05,127,"Arkansas","Scott County",4,66,129,75,54
050,05,127,"Arkansas","Scott County",4,67,127,70,57
050,05,127,"Arkansas","Scott County",4,68,119,71,48
050,05,127,"Arkansas","Scott County",4,69,105,56,49
050,05,127,"Arkansas","Scott County",4,70,114,56,58
050,05,127,"Arkansas","Scott County",4,71,121,55,66
050,05,127,"Arkansas","Scott County",4,72,122,57,65
050,05,127,"Arkansas","Scott County",4,73,113,54,59
050,05,127,"Arkansas","Scott County",4,74,96,46,50
050,05,127,"Arkansas","Scott County",4,75,100,49,51
050,05,127,"Arkansas","Scott County",4,76,86,45,41
050,05,127,"Arkansas","Scott County",4,77,89,46,43
050,05,127,"Arkansas","Scott County",4,78,81,39,42
050,05,127,"Arkansas","Scott County",4,79,76,33,43
050,05,127,"Arkansas","Scott County",4,80,68,31,37
050,05,127,"Arkansas","Scott County",4,81,62,30,32
050,05,127,"Arkansas","Scott County",4,82,49,20,29
050,05,127,"Arkansas","Scott County",4,83,43,22,21
050,05,127,"Arkansas","Scott County",4,84,51,23,28
050,05,127,"Arkansas","Scott County",4,85,228,99,129
050,05,127,"Arkansas","Scott County",5,0,120,69,51
050,05,127,"Arkansas","Scott County",5,1,126,79,47
050,05,127,"Arkansas","Scott County",5,2,110,59,51
050,05,127,"Arkansas","Scott County",5,3,118,68,50
050,05,127,"Arkansas","Scott County",5,4,119,63,56
050,05,127,"Arkansas","Scott County",5,5,126,60,66
050,05,127,"Arkansas","Scott County",5,6,114,52,62
050,05,127,"Arkansas","Scott County",5,7,122,59,63
050,05,127,"Arkansas","Scott County",5,8,130,66,64
050,05,127,"Arkansas","Scott County",5,9,113,62,51
050,05,127,"Arkansas","Scott County",5,10,120,60,60
050,05,127,"Arkansas","Scott County",5,11,134,78,56
050,05,127,"Arkansas","Scott County",5,12,122,64,58
050,05,127,"Arkansas","Scott County",5,13,133,63,70
050,05,127,"Arkansas","Scott County",5,14,122,63,59
050,05,127,"Arkansas","Scott County",5,15,139,83,56
050,05,127,"Arkansas","Scott County",5,16,130,69,61
050,05,127,"Arkansas","Scott County",5,17,131,69,62
050,05,127,"Arkansas","Scott County",5,18,131,76,55
050,05,127,"Arkansas","Scott County",5,19,101,58,43
050,05,127,"Arkansas","Scott County",5,20,93,48,45
050,05,127,"Arkansas","Scott County",5,21,95,52,43
050,05,127,"Arkansas","Scott County",5,22,113,56,57
050,05,127,"Arkansas","Scott County",5,23,109,61,48
050,05,127,"Arkansas","Scott County",5,24,107,54,53
050,05,127,"Arkansas","Scott County",5,25,98,55,43
050,05,127,"Arkansas","Scott County",5,26,111,65,46
050,05,127,"Arkansas","Scott County",5,27,80,45,35
050,05,127,"Arkansas","Scott County",5,28,99,43,56
050,05,127,"Arkansas","Scott County",5,29,110,54,56
050,05,127,"Arkansas","Scott County",5,30,107,45,62
050,05,127,"Arkansas","Scott County",5,31,146,75,71
050,05,127,"Arkansas","Scott County",5,32,120,60,60
050,05,127,"Arkansas","Scott County",5,33,143,74,69
050,05,127,"Arkansas","Scott County",5,34,121,61,60
050,05,127,"Arkansas","Scott County",5,35,113,54,59
050,05,127,"Arkansas","Scott County",5,36,121,65,56
050,05,127,"Arkansas","Scott County",5,37,99,50,49
050,05,127,"Arkansas","Scott County",5,38,107,55,52
050,05,127,"Arkansas","Scott County",5,39,113,62,51
050,05,127,"Arkansas","Scott County",5,40,118,58,60
050,05,127,"Arkansas","Scott County",5,41,119,61,58
050,05,127,"Arkansas","Scott County",5,42,113,64,49
050,05,127,"Arkansas","Scott County",5,43,102,50,52
050,05,127,"Arkansas","Scott County",5,44,104,50,54
050,05,127,"Arkansas","Scott County",5,45,109,54,55
050,05,127,"Arkansas","Scott County",5,46,110,57,53
050,05,127,"Arkansas","Scott County",5,47,102,55,47
050,05,127,"Arkansas","Scott County",5,48,103,55,48
050,05,127,"Arkansas","Scott County",5,49,109,60,49
050,05,127,"Arkansas","Scott County",5,50,97,53,44
050,05,127,"Arkansas","Scott County",5,51,111,59,52
050,05,127,"Arkansas","Scott County",5,52,107,60,47
050,05,127,"Arkansas","Scott County",5,53,130,61,69
050,05,127,"Arkansas","Scott County",5,54,123,62,61
050,05,127,"Arkansas","Scott County",5,55,117,59,58
050,05,127,"Arkansas","Scott County",5,56,136,69,67
050,05,127,"Arkansas","Scott County",5,57,149,81,68
050,05,127,"Arkansas","Scott County",5,58,141,80,61
050,05,127,"Arkansas","Scott County",5,59,151,72,79
050,05,127,"Arkansas","Scott County",5,60,138,65,73
050,05,127,"Arkansas","Scott County",5,61,157,70,87
050,05,127,"Arkansas","Scott County",5,62,149,74,75
050,05,127,"Arkansas","Scott County",5,63,142,76,66
050,05,127,"Arkansas","Scott County",5,64,141,80,61
050,05,127,"Arkansas","Scott County",5,65,123,61,62
050,05,127,"Arkansas","Scott County",5,66,135,61,74
050,05,127,"Arkansas","Scott County",5,67,124,72,52
050,05,127,"Arkansas","Scott County",5,68,123,67,56
050,05,127,"Arkansas","Scott County",5,69,108,63,45
050,05,127,"Arkansas","Scott County",5,70,98,53,45
050,05,127,"Arkansas","Scott County",5,71,118,63,55
050,05,127,"Arkansas","Scott County",5,72,115,48,67
050,05,127,"Arkansas","Scott County",5,73,122,52,70
050,05,127,"Arkansas","Scott County",5,74,106,51,55
050,05,127,"Arkansas","Scott County",5,75,86,40,46
050,05,127,"Arkansas","Scott County",5,76,101,51,50
050,05,127,"Arkansas","Scott County",5,77,85,46,39
050,05,127,"Arkansas","Scott County",5,78,77,40,37
050,05,127,"Arkansas","Scott County",5,79,74,35,39
050,05,127,"Arkansas","Scott County",5,80,67,27,40
050,05,127,"Arkansas","Scott County",5,81,60,25,35
050,05,127,"Arkansas","Scott County",5,82,55,27,28
050,05,127,"Arkansas","Scott County",5,83,45,19,26
050,05,127,"Arkansas","Scott County",5,84,50,20,30
050,05,127,"Arkansas","Scott County",5,85,235,107,128
050,05,129,"Arkansas","Searcy County",1,0,69,36,33
050,05,129,"Arkansas","Searcy County",1,1,68,33,35
050,05,129,"Arkansas","Searcy County",1,2,82,45,37
050,05,129,"Arkansas","Searcy County",1,3,80,35,45
050,05,129,"Arkansas","Searcy County",1,4,74,30,44
050,05,129,"Arkansas","Searcy County",1,5,81,39,42
050,05,129,"Arkansas","Searcy County",1,6,76,40,36
050,05,129,"Arkansas","Searcy County",1,7,87,46,41
050,05,129,"Arkansas","Searcy County",1,8,92,53,39
050,05,129,"Arkansas","Searcy County",1,9,85,45,40
050,05,129,"Arkansas","Searcy County",1,10,78,39,39
050,05,129,"Arkansas","Searcy County",1,11,99,48,51
050,05,129,"Arkansas","Searcy County",1,12,102,60,42
050,05,129,"Arkansas","Searcy County",1,13,108,59,49
050,05,129,"Arkansas","Searcy County",1,14,94,48,46
050,05,129,"Arkansas","Searcy County",1,15,98,49,49
050,05,129,"Arkansas","Searcy County",1,16,90,44,46
050,05,129,"Arkansas","Searcy County",1,17,89,49,40
050,05,129,"Arkansas","Searcy County",1,18,84,50,34
050,05,129,"Arkansas","Searcy County",1,19,73,38,35
050,05,129,"Arkansas","Searcy County",1,20,71,39,32
050,05,129,"Arkansas","Searcy County",1,21,58,34,24
050,05,129,"Arkansas","Searcy County",1,22,70,35,35
050,05,129,"Arkansas","Searcy County",1,23,70,32,38
050,05,129,"Arkansas","Searcy County",1,24,75,32,43
050,05,129,"Arkansas","Searcy County",1,25,76,40,36
050,05,129,"Arkansas","Searcy County",1,26,74,42,32
050,05,129,"Arkansas","Searcy County",1,27,73,38,35
050,05,129,"Arkansas","Searcy County",1,28,65,36,29
050,05,129,"Arkansas","Searcy County",1,29,79,39,40
050,05,129,"Arkansas","Searcy County",1,30,77,38,39
050,05,129,"Arkansas","Searcy County",1,31,89,42,47
050,05,129,"Arkansas","Searcy County",1,32,80,40,40
050,05,129,"Arkansas","Searcy County",1,33,77,39,38
050,05,129,"Arkansas","Searcy County",1,34,87,34,53
050,05,129,"Arkansas","Searcy County",1,35,82,36,46
050,05,129,"Arkansas","Searcy County",1,36,70,39,31
050,05,129,"Arkansas","Searcy County",1,37,83,48,35
050,05,129,"Arkansas","Searcy County",1,38,85,45,40
050,05,129,"Arkansas","Searcy County",1,39,70,36,34
050,05,129,"Arkansas","Searcy County",1,40,77,35,42
050,05,129,"Arkansas","Searcy County",1,41,80,41,39
050,05,129,"Arkansas","Searcy County",1,42,76,37,39
050,05,129,"Arkansas","Searcy County",1,43,77,36,41
050,05,129,"Arkansas","Searcy County",1,44,81,43,38
050,05,129,"Arkansas","Searcy County",1,45,86,43,43
050,05,129,"Arkansas","Searcy County",1,46,84,46,38
050,05,129,"Arkansas","Searcy County",1,47,92,45,47
050,05,129,"Arkansas","Searcy County",1,48,87,48,39
050,05,129,"Arkansas","Searcy County",1,49,102,56,46
050,05,129,"Arkansas","Searcy County",1,50,101,55,46
050,05,129,"Arkansas","Searcy County",1,51,91,43,48
050,05,129,"Arkansas","Searcy County",1,52,94,53,41
050,05,129,"Arkansas","Searcy County",1,53,107,54,53
050,05,129,"Arkansas","Searcy County",1,54,110,49,61
050,05,129,"Arkansas","Searcy County",1,55,111,47,64
050,05,129,"Arkansas","Searcy County",1,56,132,60,72
050,05,129,"Arkansas","Searcy County",1,57,122,60,62
050,05,129,"Arkansas","Searcy County",1,58,149,80,69
050,05,129,"Arkansas","Searcy County",1,59,132,70,62
050,05,129,"Arkansas","Searcy County",1,60,122,66,56
050,05,129,"Arkansas","Searcy County",1,61,121,69,52
050,05,129,"Arkansas","Searcy County",1,62,122,66,56
050,05,129,"Arkansas","Searcy County",1,63,123,66,57
050,05,129,"Arkansas","Searcy County",1,64,139,69,70
050,05,129,"Arkansas","Searcy County",1,65,135,62,73
050,05,129,"Arkansas","Searcy County",1,66,133,60,73
050,05,129,"Arkansas","Searcy County",1,67,116,60,56
050,05,129,"Arkansas","Searcy County",1,68,121,71,50
050,05,129,"Arkansas","Searcy County",1,69,114,61,53
050,05,129,"Arkansas","Searcy County",1,70,117,63,54
050,05,129,"Arkansas","Searcy County",1,71,108,56,52
050,05,129,"Arkansas","Searcy County",1,72,108,60,48
050,05,129,"Arkansas","Searcy County",1,73,119,64,55
050,05,129,"Arkansas","Searcy County",1,74,85,40,45
050,05,129,"Arkansas","Searcy County",1,75,88,43,45
050,05,129,"Arkansas","Searcy County",1,76,89,42,47
050,05,129,"Arkansas","Searcy County",1,77,76,35,41
050,05,129,"Arkansas","Searcy County",1,78,66,28,38
050,05,129,"Arkansas","Searcy County",1,79,55,28,27
050,05,129,"Arkansas","Searcy County",1,80,56,26,30
050,05,129,"Arkansas","Searcy County",1,81,50,25,25
050,05,129,"Arkansas","Searcy County",1,82,49,24,25
050,05,129,"Arkansas","Searcy County",1,83,44,21,23
050,05,129,"Arkansas","Searcy County",1,84,42,19,23
050,05,129,"Arkansas","Searcy County",1,85,219,94,125
050,05,129,"Arkansas","Searcy County",2,0,78,38,40
050,05,129,"Arkansas","Searcy County",2,1,68,34,34
050,05,129,"Arkansas","Searcy County",2,2,80,43,37
050,05,129,"Arkansas","Searcy County",2,3,81,39,42
050,05,129,"Arkansas","Searcy County",2,4,76,32,44
050,05,129,"Arkansas","Searcy County",2,5,79,37,42
050,05,129,"Arkansas","Searcy County",2,6,77,39,38
050,05,129,"Arkansas","Searcy County",2,7,85,45,40
050,05,129,"Arkansas","Searcy County",2,8,90,50,40
050,05,129,"Arkansas","Searcy County",2,9,88,48,40
050,05,129,"Arkansas","Searcy County",2,10,80,41,39
050,05,129,"Arkansas","Searcy County",2,11,96,49,47
050,05,129,"Arkansas","Searcy County",2,12,101,57,44
050,05,129,"Arkansas","Searcy County",2,13,107,59,48
050,05,129,"Arkansas","Searcy County",2,14,99,51,48
050,05,129,"Arkansas","Searcy County",2,15,97,48,49
050,05,129,"Arkansas","Searcy County",2,16,93,46,47
050,05,129,"Arkansas","Searcy County",2,17,88,47,41
050,05,129,"Arkansas","Searcy County",2,18,81,48,33
050,05,129,"Arkansas","Searcy County",2,19,70,38,32
050,05,129,"Arkansas","Searcy County",2,20,73,39,34
050,05,129,"Arkansas","Searcy County",2,21,61,35,26
050,05,129,"Arkansas","Searcy County",2,22,67,33,34
050,05,129,"Arkansas","Searcy County",2,23,71,33,38
050,05,129,"Arkansas","Searcy County",2,24,74,32,42
050,05,129,"Arkansas","Searcy County",2,25,76,39,37
050,05,129,"Arkansas","Searcy County",2,26,76,42,34
050,05,129,"Arkansas","Searcy County",2,27,72,39,33
050,05,129,"Arkansas","Searcy County",2,28,67,37,30
050,05,129,"Arkansas","Searcy County",2,29,76,39,37
050,05,129,"Arkansas","Searcy County",2,30,79,39,40
050,05,129,"Arkansas","Searcy County",2,31,84,41,43
050,05,129,"Arkansas","Searcy County",2,32,81,40,41
050,05,129,"Arkansas","Searcy County",2,33,77,38,39
050,05,129,"Arkansas","Searcy County",2,34,84,34,50
050,05,129,"Arkansas","Searcy County",2,35,84,35,49
050,05,129,"Arkansas","Searcy County",2,36,72,37,35
050,05,129,"Arkansas","Searcy County",2,37,82,47,35
050,05,129,"Arkansas","Searcy County",2,38,85,46,39
050,05,129,"Arkansas","Searcy County",2,39,75,39,36
050,05,129,"Arkansas","Searcy County",2,40,76,36,40
050,05,129,"Arkansas","Searcy County",2,41,80,40,40
050,05,129,"Arkansas","Searcy County",2,42,77,37,40
050,05,129,"Arkansas","Searcy County",2,43,75,36,39
050,05,129,"Arkansas","Searcy County",2,44,80,42,38
050,05,129,"Arkansas","Searcy County",2,45,85,43,42
050,05,129,"Arkansas","Searcy County",2,46,84,45,39
050,05,129,"Arkansas","Searcy County",2,47,89,45,44
050,05,129,"Arkansas","Searcy County",2,48,88,47,41
050,05,129,"Arkansas","Searcy County",2,49,98,54,44
050,05,129,"Arkansas","Searcy County",2,50,102,56,46
050,05,129,"Arkansas","Searcy County",2,51,94,46,48
050,05,129,"Arkansas","Searcy County",2,52,94,52,42
050,05,129,"Arkansas","Searcy County",2,53,104,54,50
050,05,129,"Arkansas","Searcy County",2,54,109,51,58
050,05,129,"Arkansas","Searcy County",2,55,111,47,64
050,05,129,"Arkansas","Searcy County",2,56,129,58,71
050,05,129,"Arkansas","Searcy County",2,57,125,60,65
050,05,129,"Arkansas","Searcy County",2,58,142,75,67
050,05,129,"Arkansas","Searcy County",2,59,139,73,66
050,05,129,"Arkansas","Searcy County",2,60,125,67,58
050,05,129,"Arkansas","Searcy County",2,61,121,69,52
050,05,129,"Arkansas","Searcy County",2,62,123,67,56
050,05,129,"Arkansas","Searcy County",2,63,126,68,58
050,05,129,"Arkansas","Searcy County",2,64,135,69,66
050,05,129,"Arkansas","Searcy County",2,65,136,64,72
050,05,129,"Arkansas","Searcy County",2,66,135,61,74
050,05,129,"Arkansas","Searcy County",2,67,122,61,61
050,05,129,"Arkansas","Searcy County",2,68,118,67,51
050,05,129,"Arkansas","Searcy County",2,69,116,64,52
050,05,129,"Arkansas","Searcy County",2,70,115,62,53
050,05,129,"Arkansas","Searcy County",2,71,110,57,53
050,05,129,"Arkansas","Searcy County",2,72,105,58,47
050,05,129,"Arkansas","Searcy County",2,73,121,66,55
050,05,129,"Arkansas","Searcy County",2,74,85,42,43
050,05,129,"Arkansas","Searcy County",2,75,86,42,44
050,05,129,"Arkansas","Searcy County",2,76,87,43,44
050,05,129,"Arkansas","Searcy County",2,77,81,37,44
050,05,129,"Arkansas","Searcy County",2,78,62,24,38
050,05,129,"Arkansas","Searcy County",2,79,56,28,28
050,05,129,"Arkansas","Searcy County",2,80,55,26,29
050,05,129,"Arkansas","Searcy County",2,81,51,25,26
050,05,129,"Arkansas","Searcy County",2,82,51,25,26
050,05,129,"Arkansas","Searcy County",2,83,45,22,23
050,05,129,"Arkansas","Searcy County",2,84,42,20,22
050,05,129,"Arkansas","Searcy County",2,85,220,95,125
050,05,129,"Arkansas","Searcy County",3,0,70,36,34
050,05,129,"Arkansas","Searcy County",3,1,77,42,35
050,05,129,"Arkansas","Searcy County",3,2,58,28,30
050,05,129,"Arkansas","Searcy County",3,3,89,45,44
050,05,129,"Arkansas","Searcy County",3,4,77,38,39
050,05,129,"Arkansas","Searcy County",3,5,84,35,49
050,05,129,"Arkansas","Searcy County",3,6,80,37,43
050,05,129,"Arkansas","Searcy County",3,7,83,42,41
050,05,129,"Arkansas","Searcy County",3,8,90,49,41
050,05,129,"Arkansas","Searcy County",3,9,92,51,41
050,05,129,"Arkansas","Searcy County",3,10,99,55,44
050,05,129,"Arkansas","Searcy County",3,11,78,38,40
050,05,129,"Arkansas","Searcy County",3,12,98,51,47
050,05,129,"Arkansas","Searcy County",3,13,102,59,43
050,05,129,"Arkansas","Searcy County",3,14,99,52,47
050,05,129,"Arkansas","Searcy County",3,15,100,52,48
050,05,129,"Arkansas","Searcy County",3,16,97,48,49
050,05,129,"Arkansas","Searcy County",3,17,93,51,42
050,05,129,"Arkansas","Searcy County",3,18,72,39,33
050,05,129,"Arkansas","Searcy County",3,19,63,35,28
050,05,129,"Arkansas","Searcy County",3,20,68,32,36
050,05,129,"Arkansas","Searcy County",3,21,73,41,32
050,05,129,"Arkansas","Searcy County",3,22,60,35,25
050,05,129,"Arkansas","Searcy County",3,23,73,37,36
050,05,129,"Arkansas","Searcy County",3,24,70,34,36
050,05,129,"Arkansas","Searcy County",3,25,69,33,36
050,05,129,"Arkansas","Searcy County",3,26,77,42,35
050,05,129,"Arkansas","Searcy County",3,27,75,41,34
050,05,129,"Arkansas","Searcy County",3,28,79,42,37
050,05,129,"Arkansas","Searcy County",3,29,73,41,32
050,05,129,"Arkansas","Searcy County",3,30,76,40,36
050,05,129,"Arkansas","Searcy County",3,31,83,43,40
050,05,129,"Arkansas","Searcy County",3,32,92,48,44
050,05,129,"Arkansas","Searcy County",3,33,78,39,39
050,05,129,"Arkansas","Searcy County",3,34,82,41,41
050,05,129,"Arkansas","Searcy County",3,35,89,34,55
050,05,129,"Arkansas","Searcy County",3,36,84,36,48
050,05,129,"Arkansas","Searcy County",3,37,71,38,33
050,05,129,"Arkansas","Searcy County",3,38,84,51,33
050,05,129,"Arkansas","Searcy County",3,39,93,48,45
050,05,129,"Arkansas","Searcy County",3,40,76,41,35
050,05,129,"Arkansas","Searcy County",3,41,76,37,39
050,05,129,"Arkansas","Searcy County",3,42,76,36,40
050,05,129,"Arkansas","Searcy County",3,43,75,36,39
050,05,129,"Arkansas","Searcy County",3,44,80,42,38
050,05,129,"Arkansas","Searcy County",3,45,82,43,39
050,05,129,"Arkansas","Searcy County",3,46,80,42,38
050,05,129,"Arkansas","Searcy County",3,47,83,43,40
050,05,129,"Arkansas","Searcy County",3,48,95,47,48
050,05,129,"Arkansas","Searcy County",3,49,88,49,39
050,05,129,"Arkansas","Searcy County",3,50,104,53,51
050,05,129,"Arkansas","Searcy County",3,51,106,53,53
050,05,129,"Arkansas","Searcy County",3,52,96,50,46
050,05,129,"Arkansas","Searcy County",3,53,97,51,46
050,05,129,"Arkansas","Searcy County",3,54,108,57,51
050,05,129,"Arkansas","Searcy County",3,55,108,47,61
050,05,129,"Arkansas","Searcy County",3,56,120,52,68
050,05,129,"Arkansas","Searcy County",3,57,130,60,70
050,05,129,"Arkansas","Searcy County",3,58,130,64,66
050,05,129,"Arkansas","Searcy County",3,59,147,81,66
050,05,129,"Arkansas","Searcy County",3,60,145,78,67
050,05,129,"Arkansas","Searcy County",3,61,123,66,57
050,05,129,"Arkansas","Searcy County",3,62,120,70,50
050,05,129,"Arkansas","Searcy County",3,63,130,71,59
050,05,129,"Arkansas","Searcy County",3,64,125,69,56
050,05,129,"Arkansas","Searcy County",3,65,136,67,69
050,05,129,"Arkansas","Searcy County",3,66,133,64,69
050,05,129,"Arkansas","Searcy County",3,67,133,58,75
050,05,129,"Arkansas","Searcy County",3,68,122,60,62
050,05,129,"Arkansas","Searcy County",3,69,120,69,51
050,05,129,"Arkansas","Searcy County",3,70,117,64,53
050,05,129,"Arkansas","Searcy County",3,71,107,57,50
050,05,129,"Arkansas","Searcy County",3,72,115,61,54
050,05,129,"Arkansas","Searcy County",3,73,104,56,48
050,05,129,"Arkansas","Searcy County",3,74,120,63,57
050,05,129,"Arkansas","Searcy County",3,75,85,42,43
050,05,129,"Arkansas","Searcy County",3,76,83,43,40
050,05,129,"Arkansas","Searcy County",3,77,76,35,41
050,05,129,"Arkansas","Searcy County",3,78,75,33,42
050,05,129,"Arkansas","Searcy County",3,79,59,24,35
050,05,129,"Arkansas","Searcy County",3,80,51,27,24
050,05,129,"Arkansas","Searcy County",3,81,50,24,26
050,05,129,"Arkansas","Searcy County",3,82,49,22,27
050,05,129,"Arkansas","Searcy County",3,83,48,24,24
050,05,129,"Arkansas","Searcy County",3,84,42,20,22
050,05,129,"Arkansas","Searcy County",3,85,218,93,125
050,05,129,"Arkansas","Searcy County",4,0,71,33,38
050,05,129,"Arkansas","Searcy County",4,1,61,33,28
050,05,129,"Arkansas","Searcy County",4,2,75,40,35
050,05,129,"Arkansas","Searcy County",4,3,67,31,36
050,05,129,"Arkansas","Searcy County",4,4,87,43,44
050,05,129,"Arkansas","Searcy County",4,5,79,44,35
050,05,129,"Arkansas","Searcy County",4,6,85,35,50
050,05,129,"Arkansas","Searcy County",4,7,90,40,50
050,05,129,"Arkansas","Searcy County",4,8,91,47,44
050,05,129,"Arkansas","Searcy County",4,9,100,57,43
050,05,129,"Arkansas","Searcy County",4,10,95,55,40
050,05,129,"Arkansas","Searcy County",4,11,103,62,41
050,05,129,"Arkansas","Searcy County",4,12,77,38,39
050,05,129,"Arkansas","Searcy County",4,13,104,55,49
050,05,129,"Arkansas","Searcy County",4,14,103,59,44
050,05,129,"Arkansas","Searcy County",4,15,106,59,47
050,05,129,"Arkansas","Searcy County",4,16,100,50,50
050,05,129,"Arkansas","Searcy County",4,17,94,49,45
050,05,129,"Arkansas","Searcy County",4,18,82,47,35
050,05,129,"Arkansas","Searcy County",4,19,58,28,30
050,05,129,"Arkansas","Searcy County",4,20,68,41,27
050,05,129,"Arkansas","Searcy County",4,21,65,30,35
050,05,129,"Arkansas","Searcy County",4,22,77,41,36
050,05,129,"Arkansas","Searcy County",4,23,64,36,28
050,05,129,"Arkansas","Searcy County",4,24,65,33,32
050,05,129,"Arkansas","Searcy County",4,25,72,35,37
050,05,129,"Arkansas","Searcy County",4,26,66,29,37
050,05,129,"Arkansas","Searcy County",4,27,73,40,33
050,05,129,"Arkansas","Searcy County",4,28,69,36,33
050,05,129,"Arkansas","Searcy County",4,29,71,33,38
050,05,129,"Arkansas","Searcy County",4,30,68,38,30
050,05,129,"Arkansas","Searcy County",4,31,78,38,40
050,05,129,"Arkansas","Searcy County",4,32,87,45,42
050,05,129,"Arkansas","Searcy County",4,33,90,41,49
050,05,129,"Arkansas","Searcy County",4,34,77,43,34
050,05,129,"Arkansas","Searcy County",4,35,87,47,40
050,05,129,"Arkansas","Searcy County",4,36,84,31,53
050,05,129,"Arkansas","Searcy County",4,37,77,37,40
050,05,129,"Arkansas","Searcy County",4,38,74,40,34
050,05,129,"Arkansas","Searcy County",4,39,91,56,35
050,05,129,"Arkansas","Searcy County",4,40,91,45,46
050,05,129,"Arkansas","Searcy County",4,41,86,45,41
050,05,129,"Arkansas","Searcy County",4,42,74,38,36
050,05,129,"Arkansas","Searcy County",4,43,77,37,40
050,05,129,"Arkansas","Searcy County",4,44,79,41,38
050,05,129,"Arkansas","Searcy County",4,45,78,40,38
050,05,129,"Arkansas","Searcy County",4,46,86,42,44
050,05,129,"Arkansas","Searcy County",4,47,79,41,38
050,05,129,"Arkansas","Searcy County",4,48,92,47,45
050,05,129,"Arkansas","Searcy County",4,49,98,52,46
050,05,129,"Arkansas","Searcy County",4,50,87,51,36
050,05,129,"Arkansas","Searcy County",4,51,112,52,60
050,05,129,"Arkansas","Searcy County",4,52,100,49,51
050,05,129,"Arkansas","Searcy County",4,53,99,49,50
050,05,129,"Arkansas","Searcy County",4,54,99,52,47
050,05,129,"Arkansas","Searcy County",4,55,111,60,51
050,05,129,"Arkansas","Searcy County",4,56,110,49,61
050,05,129,"Arkansas","Searcy County",4,57,116,48,68
050,05,129,"Arkansas","Searcy County",4,58,137,61,76
050,05,129,"Arkansas","Searcy County",4,59,136,68,68
050,05,129,"Arkansas","Searcy County",4,60,149,81,68
050,05,129,"Arkansas","Searcy County",4,61,148,79,69
050,05,129,"Arkansas","Searcy County",4,62,133,73,60
050,05,129,"Arkansas","Searcy County",4,63,128,72,56
050,05,129,"Arkansas","Searcy County",4,64,134,75,59
050,05,129,"Arkansas","Searcy County",4,65,127,70,57
050,05,129,"Arkansas","Searcy County",4,66,138,69,69
050,05,129,"Arkansas","Searcy County",4,67,136,67,69
050,05,129,"Arkansas","Searcy County",4,68,122,51,71
050,05,129,"Arkansas","Searcy County",4,69,119,59,60
050,05,129,"Arkansas","Searcy County",4,70,118,69,49
050,05,129,"Arkansas","Searcy County",4,71,105,58,47
050,05,129,"Arkansas","Searcy County",4,72,103,56,47
050,05,129,"Arkansas","Searcy County",4,73,112,59,53
050,05,129,"Arkansas","Searcy County",4,74,95,51,44
050,05,129,"Arkansas","Searcy County",4,75,115,60,55
050,05,129,"Arkansas","Searcy County",4,76,83,43,40
050,05,129,"Arkansas","Searcy County",4,77,71,33,38
050,05,129,"Arkansas","Searcy County",4,78,72,34,38
050,05,129,"Arkansas","Searcy County",4,79,66,32,34
050,05,129,"Arkansas","Searcy County",4,80,54,23,31
050,05,129,"Arkansas","Searcy County",4,81,46,22,24
050,05,129,"Arkansas","Searcy County",4,82,48,21,27
050,05,129,"Arkansas","Searcy County",4,83,47,22,25
050,05,129,"Arkansas","Searcy County",4,84,40,20,20
050,05,129,"Arkansas","Searcy County",4,85,219,94,125
050,05,129,"Arkansas","Searcy County",5,0,73,32,41
050,05,129,"Arkansas","Searcy County",5,1,74,32,42
050,05,129,"Arkansas","Searcy County",5,2,63,30,33
050,05,129,"Arkansas","Searcy County",5,3,81,40,41
050,05,129,"Arkansas","Searcy County",5,4,68,33,35
050,05,129,"Arkansas","Searcy County",5,5,86,45,41
050,05,129,"Arkansas","Searcy County",5,6,83,42,41
050,05,129,"Arkansas","Searcy County",5,7,91,39,52
050,05,129,"Arkansas","Searcy County",5,8,86,39,47
050,05,129,"Arkansas","Searcy County",5,9,96,52,44
050,05,129,"Arkansas","Searcy County",5,10,98,55,43
050,05,129,"Arkansas","Searcy County",5,11,98,57,41
050,05,129,"Arkansas","Searcy County",5,12,107,65,42
050,05,129,"Arkansas","Searcy County",5,13,82,39,43
050,05,129,"Arkansas","Searcy County",5,14,106,55,51
050,05,129,"Arkansas","Searcy County",5,15,99,59,40
050,05,129,"Arkansas","Searcy County",5,16,103,55,48
050,05,129,"Arkansas","Searcy County",5,17,97,46,51
050,05,129,"Arkansas","Searcy County",5,18,81,40,41
050,05,129,"Arkansas","Searcy County",5,19,52,32,20
050,05,129,"Arkansas","Searcy County",5,20,59,25,34
050,05,129,"Arkansas","Searcy County",5,21,70,40,30
050,05,129,"Arkansas","Searcy County",5,22,70,33,37
050,05,129,"Arkansas","Searcy County",5,23,80,42,38
050,05,129,"Arkansas","Searcy County",5,24,67,40,27
050,05,129,"Arkansas","Searcy County",5,25,62,32,30
050,05,129,"Arkansas","Searcy County",5,26,67,30,37
050,05,129,"Arkansas","Searcy County",5,27,69,31,38
050,05,129,"Arkansas","Searcy County",5,28,76,41,35
050,05,129,"Arkansas","Searcy County",5,29,76,39,37
050,05,129,"Arkansas","Searcy County",5,30,76,36,40
050,05,129,"Arkansas","Searcy County",5,31,66,37,29
050,05,129,"Arkansas","Searcy County",5,32,84,43,41
050,05,129,"Arkansas","Searcy County",5,33,77,39,38
050,05,129,"Arkansas","Searcy County",5,34,87,36,51
050,05,129,"Arkansas","Searcy County",5,35,84,45,39
050,05,129,"Arkansas","Searcy County",5,36,81,39,42
050,05,129,"Arkansas","Searcy County",5,37,79,32,47
050,05,129,"Arkansas","Searcy County",5,38,74,38,36
050,05,129,"Arkansas","Searcy County",5,39,70,40,30
050,05,129,"Arkansas","Searcy County",5,40,91,55,36
050,05,129,"Arkansas","Searcy County",5,41,97,50,47
050,05,129,"Arkansas","Searcy County",5,42,77,43,34
050,05,129,"Arkansas","Searcy County",5,43,68,34,34
050,05,129,"Arkansas","Searcy County",5,44,75,34,41
050,05,129,"Arkansas","Searcy County",5,45,81,41,40
050,05,129,"Arkansas","Searcy County",5,46,72,36,36
050,05,129,"Arkansas","Searcy County",5,47,87,42,45
050,05,129,"Arkansas","Searcy County",5,48,82,44,38
050,05,129,"Arkansas","Searcy County",5,49,94,47,47
050,05,129,"Arkansas","Searcy County",5,50,96,53,43
050,05,129,"Arkansas","Searcy County",5,51,88,53,35
050,05,129,"Arkansas","Searcy County",5,52,109,47,62
050,05,129,"Arkansas","Searcy County",5,53,101,48,53
050,05,129,"Arkansas","Searcy County",5,54,98,50,48
050,05,129,"Arkansas","Searcy County",5,55,95,52,43
050,05,129,"Arkansas","Searcy County",5,56,110,60,50
050,05,129,"Arkansas","Searcy County",5,57,109,48,61
050,05,129,"Arkansas","Searcy County",5,58,117,45,72
050,05,129,"Arkansas","Searcy County",5,59,142,64,78
050,05,129,"Arkansas","Searcy County",5,60,129,62,67
050,05,129,"Arkansas","Searcy County",5,61,143,78,65
050,05,129,"Arkansas","Searcy County",5,62,140,73,67
050,05,129,"Arkansas","Searcy County",5,63,129,73,56
050,05,129,"Arkansas","Searcy County",5,64,128,72,56
050,05,129,"Arkansas","Searcy County",5,65,139,77,62
050,05,129,"Arkansas","Searcy County",5,66,126,69,57
050,05,129,"Arkansas","Searcy County",5,67,136,68,68
050,05,129,"Arkansas","Searcy County",5,68,128,65,63
050,05,129,"Arkansas","Searcy County",5,69,117,50,67
050,05,129,"Arkansas","Searcy County",5,70,124,65,59
050,05,129,"Arkansas","Searcy County",5,71,110,67,43
050,05,129,"Arkansas","Searcy County",5,72,107,59,48
050,05,129,"Arkansas","Searcy County",5,73,98,50,48
050,05,129,"Arkansas","Searcy County",5,74,105,55,50
050,05,129,"Arkansas","Searcy County",5,75,90,47,43
050,05,129,"Arkansas","Searcy County",5,76,112,60,52
050,05,129,"Arkansas","Searcy County",5,77,71,35,36
050,05,129,"Arkansas","Searcy County",5,78,68,32,36
050,05,129,"Arkansas","Searcy County",5,79,68,34,34
050,05,129,"Arkansas","Searcy County",5,80,59,32,27
050,05,129,"Arkansas","Searcy County",5,81,47,19,28
050,05,129,"Arkansas","Searcy County",5,82,43,17,26
050,05,129,"Arkansas","Searcy County",5,83,45,19,26
050,05,129,"Arkansas","Searcy County",5,84,39,17,22
050,05,129,"Arkansas","Searcy County",5,85,218,96,122
050,05,131,"Arkansas","Sebastian County",1,0,1597,815,782
050,05,131,"Arkansas","Sebastian County",1,1,1637,824,813
050,05,131,"Arkansas","Sebastian County",1,2,1592,843,749
050,05,131,"Arkansas","Sebastian County",1,3,1678,881,797
050,05,131,"Arkansas","Sebastian County",1,4,1747,878,869
050,05,131,"Arkansas","Sebastian County",1,5,1682,861,821
050,05,131,"Arkansas","Sebastian County",1,6,1671,855,816
050,05,131,"Arkansas","Sebastian County",1,7,1627,816,811
050,05,131,"Arkansas","Sebastian County",1,8,1629,866,763
050,05,131,"Arkansas","Sebastian County",1,9,1688,866,822
050,05,131,"Arkansas","Sebastian County",1,10,1760,905,855
050,05,131,"Arkansas","Sebastian County",1,11,1717,835,882
050,05,131,"Arkansas","Sebastian County",1,12,1857,933,924
050,05,131,"Arkansas","Sebastian County",1,13,1836,928,908
050,05,131,"Arkansas","Sebastian County",1,14,1818,935,883
050,05,131,"Arkansas","Sebastian County",1,15,1734,893,841
050,05,131,"Arkansas","Sebastian County",1,16,1757,870,887
050,05,131,"Arkansas","Sebastian County",1,17,1797,915,882
050,05,131,"Arkansas","Sebastian County",1,18,1593,817,776
050,05,131,"Arkansas","Sebastian County",1,19,1448,737,711
050,05,131,"Arkansas","Sebastian County",1,20,1514,771,743
050,05,131,"Arkansas","Sebastian County",1,21,1552,770,782
050,05,131,"Arkansas","Sebastian County",1,22,1690,846,844
050,05,131,"Arkansas","Sebastian County",1,23,1650,826,824
050,05,131,"Arkansas","Sebastian County",1,24,1644,838,806
050,05,131,"Arkansas","Sebastian County",1,25,1692,858,834
050,05,131,"Arkansas","Sebastian County",1,26,1727,860,867
050,05,131,"Arkansas","Sebastian County",1,27,1715,840,875
050,05,131,"Arkansas","Sebastian County",1,28,1726,876,850
050,05,131,"Arkansas","Sebastian County",1,29,1745,874,871
050,05,131,"Arkansas","Sebastian County",1,30,1780,885,895
050,05,131,"Arkansas","Sebastian County",1,31,1688,846,842
050,05,131,"Arkansas","Sebastian County",1,32,1610,799,811
050,05,131,"Arkansas","Sebastian County",1,33,1620,789,831
050,05,131,"Arkansas","Sebastian County",1,34,1671,831,840
050,05,131,"Arkansas","Sebastian County",1,35,1598,818,780
050,05,131,"Arkansas","Sebastian County",1,36,1587,813,774
050,05,131,"Arkansas","Sebastian County",1,37,1613,800,813
050,05,131,"Arkansas","Sebastian County",1,38,1577,781,796
050,05,131,"Arkansas","Sebastian County",1,39,1580,786,794
050,05,131,"Arkansas","Sebastian County",1,40,1606,807,799
050,05,131,"Arkansas","Sebastian County",1,41,1555,788,767
050,05,131,"Arkansas","Sebastian County",1,42,1510,744,766
050,05,131,"Arkansas","Sebastian County",1,43,1490,704,786
050,05,131,"Arkansas","Sebastian County",1,44,1466,723,743
050,05,131,"Arkansas","Sebastian County",1,45,1523,746,777
050,05,131,"Arkansas","Sebastian County",1,46,1491,731,760
050,05,131,"Arkansas","Sebastian County",1,47,1510,746,764
050,05,131,"Arkansas","Sebastian County",1,48,1563,759,804
050,05,131,"Arkansas","Sebastian County",1,49,1719,843,876
050,05,131,"Arkansas","Sebastian County",1,50,1608,811,797
050,05,131,"Arkansas","Sebastian County",1,51,1620,806,814
050,05,131,"Arkansas","Sebastian County",1,52,1561,803,758
050,05,131,"Arkansas","Sebastian County",1,53,1540,802,738
050,05,131,"Arkansas","Sebastian County",1,54,1621,814,807
050,05,131,"Arkansas","Sebastian County",1,55,1740,878,862
050,05,131,"Arkansas","Sebastian County",1,56,1769,875,894
050,05,131,"Arkansas","Sebastian County",1,57,1741,869,872
050,05,131,"Arkansas","Sebastian County",1,58,1719,862,857
050,05,131,"Arkansas","Sebastian County",1,59,1665,820,845
050,05,131,"Arkansas","Sebastian County",1,60,1605,797,808
050,05,131,"Arkansas","Sebastian County",1,61,1616,806,810
050,05,131,"Arkansas","Sebastian County",1,62,1626,798,828
050,05,131,"Arkansas","Sebastian County",1,63,1608,768,840
050,05,131,"Arkansas","Sebastian County",1,64,1561,760,801
050,05,131,"Arkansas","Sebastian County",1,65,1478,689,789
050,05,131,"Arkansas","Sebastian County",1,66,1457,712,745
050,05,131,"Arkansas","Sebastian County",1,67,1373,662,711
050,05,131,"Arkansas","Sebastian County",1,68,1300,639,661
050,05,131,"Arkansas","Sebastian County",1,69,1283,596,687
050,05,131,"Arkansas","Sebastian County",1,70,1214,553,661
050,05,131,"Arkansas","Sebastian County",1,71,1140,508,632
050,05,131,"Arkansas","Sebastian County",1,72,1146,526,620
050,05,131,"Arkansas","Sebastian County",1,73,1223,573,650
050,05,131,"Arkansas","Sebastian County",1,74,841,371,470
050,05,131,"Arkansas","Sebastian County",1,75,853,366,487
050,05,131,"Arkansas","Sebastian County",1,76,859,383,476
050,05,131,"Arkansas","Sebastian County",1,77,807,351,456
050,05,131,"Arkansas","Sebastian County",1,78,718,325,393
050,05,131,"Arkansas","Sebastian County",1,79,606,282,324
050,05,131,"Arkansas","Sebastian County",1,80,561,244,317
050,05,131,"Arkansas","Sebastian County",1,81,514,220,294
050,05,131,"Arkansas","Sebastian County",1,82,462,192,270
050,05,131,"Arkansas","Sebastian County",1,83,425,189,236
050,05,131,"Arkansas","Sebastian County",1,84,381,146,235
050,05,131,"Arkansas","Sebastian County",1,85,2279,763,1516
050,05,131,"Arkansas","Sebastian County",2,0,1571,808,763
050,05,131,"Arkansas","Sebastian County",2,1,1628,823,805
050,05,131,"Arkansas","Sebastian County",2,2,1605,839,766
050,05,131,"Arkansas","Sebastian County",2,3,1653,870,783
050,05,131,"Arkansas","Sebastian County",2,4,1735,880,855
050,05,131,"Arkansas","Sebastian County",2,5,1696,864,832
050,05,131,"Arkansas","Sebastian County",2,6,1675,857,818
050,05,131,"Arkansas","Sebastian County",2,7,1632,823,809
050,05,131,"Arkansas","Sebastian County",2,8,1623,847,776
050,05,131,"Arkansas","Sebastian County",2,9,1671,868,803
050,05,131,"Arkansas","Sebastian County",2,10,1733,889,844
050,05,131,"Arkansas","Sebastian County",2,11,1723,851,872
050,05,131,"Arkansas","Sebastian County",2,12,1824,911,913
050,05,131,"Arkansas","Sebastian County",2,13,1839,929,910
050,05,131,"Arkansas","Sebastian County",2,14,1821,934,887
050,05,131,"Arkansas","Sebastian County",2,15,1760,904,856
050,05,131,"Arkansas","Sebastian County",2,16,1756,875,881
050,05,131,"Arkansas","Sebastian County",2,17,1791,908,883
050,05,131,"Arkansas","Sebastian County",2,18,1587,815,772
050,05,131,"Arkansas","Sebastian County",2,19,1451,736,715
050,05,131,"Arkansas","Sebastian County",2,20,1536,782,754
050,05,131,"Arkansas","Sebastian County",2,21,1565,781,784
050,05,131,"Arkansas","Sebastian County",2,22,1670,833,837
050,05,131,"Arkansas","Sebastian County",2,23,1670,839,831
050,05,131,"Arkansas","Sebastian County",2,24,1651,841,810
050,05,131,"Arkansas","Sebastian County",2,25,1688,854,834
050,05,131,"Arkansas","Sebastian County",2,26,1720,860,860
050,05,131,"Arkansas","Sebastian County",2,27,1713,847,866
050,05,131,"Arkansas","Sebastian County",2,28,1722,870,852
050,05,131,"Arkansas","Sebastian County",2,29,1745,874,871
050,05,131,"Arkansas","Sebastian County",2,30,1781,889,892
050,05,131,"Arkansas","Sebastian County",2,31,1702,853,849
050,05,131,"Arkansas","Sebastian County",2,32,1623,806,817
050,05,131,"Arkansas","Sebastian County",2,33,1620,793,827
050,05,131,"Arkansas","Sebastian County",2,34,1659,820,839
050,05,131,"Arkansas","Sebastian County",2,35,1616,825,791
050,05,131,"Arkansas","Sebastian County",2,36,1580,807,773
050,05,131,"Arkansas","Sebastian County",2,37,1606,801,805
050,05,131,"Arkansas","Sebastian County",2,38,1593,790,803
050,05,131,"Arkansas","Sebastian County",2,39,1581,783,798
050,05,131,"Arkansas","Sebastian County",2,40,1597,799,798
050,05,131,"Arkansas","Sebastian County",2,41,1561,792,769
050,05,131,"Arkansas","Sebastian County",2,42,1512,750,762
050,05,131,"Arkansas","Sebastian County",2,43,1500,718,782
050,05,131,"Arkansas","Sebastian County",2,44,1454,712,742
050,05,131,"Arkansas","Sebastian County",2,45,1503,737,766
050,05,131,"Arkansas","Sebastian County",2,46,1491,731,760
050,05,131,"Arkansas","Sebastian County",2,47,1500,740,760
050,05,131,"Arkansas","Sebastian County",2,48,1552,755,797
050,05,131,"Arkansas","Sebastian County",2,49,1690,830,860
050,05,131,"Arkansas","Sebastian County",2,50,1635,817,818
050,05,131,"Arkansas","Sebastian County",2,51,1607,803,804
050,05,131,"Arkansas","Sebastian County",2,52,1568,800,768
050,05,131,"Arkansas","Sebastian County",2,53,1540,796,744
050,05,131,"Arkansas","Sebastian County",2,54,1597,808,789
050,05,131,"Arkansas","Sebastian County",2,55,1703,856,847
050,05,131,"Arkansas","Sebastian County",2,56,1758,872,886
050,05,131,"Arkansas","Sebastian County",2,57,1743,868,875
050,05,131,"Arkansas","Sebastian County",2,58,1723,865,858
050,05,131,"Arkansas","Sebastian County",2,59,1683,833,850
050,05,131,"Arkansas","Sebastian County",2,60,1611,796,815
050,05,131,"Arkansas","Sebastian County",2,61,1609,800,809
050,05,131,"Arkansas","Sebastian County",2,62,1614,793,821
050,05,131,"Arkansas","Sebastian County",2,63,1615,778,837
050,05,131,"Arkansas","Sebastian County",2,64,1559,757,802
050,05,131,"Arkansas","Sebastian County",2,65,1495,704,791
050,05,131,"Arkansas","Sebastian County",2,66,1454,704,750
050,05,131,"Arkansas","Sebastian County",2,67,1385,671,714
050,05,131,"Arkansas","Sebastian County",2,68,1311,640,671
050,05,131,"Arkansas","Sebastian County",2,69,1282,601,681
050,05,131,"Arkansas","Sebastian County",2,70,1220,558,662
050,05,131,"Arkansas","Sebastian County",2,71,1151,518,633
050,05,131,"Arkansas","Sebastian County",2,72,1120,512,608
050,05,131,"Arkansas","Sebastian County",2,73,1249,580,669
050,05,131,"Arkansas","Sebastian County",2,74,878,392,486
050,05,131,"Arkansas","Sebastian County",2,75,847,364,483
050,05,131,"Arkansas","Sebastian County",2,76,845,375,470
050,05,131,"Arkansas","Sebastian County",2,77,833,361,472
050,05,131,"Arkansas","Sebastian County",2,78,721,321,400
050,05,131,"Arkansas","Sebastian County",2,79,619,283,336
050,05,131,"Arkansas","Sebastian County",2,80,569,251,318
050,05,131,"Arkansas","Sebastian County",2,81,519,225,294
050,05,131,"Arkansas","Sebastian County",2,82,468,196,272
050,05,131,"Arkansas","Sebastian County",2,83,429,189,240
050,05,131,"Arkansas","Sebastian County",2,84,388,158,230
050,05,131,"Arkansas","Sebastian County",2,85,2285,770,1515
050,05,131,"Arkansas","Sebastian County",3,0,1530,793,737
050,05,131,"Arkansas","Sebastian County",3,1,1649,842,807
050,05,131,"Arkansas","Sebastian County",3,2,1683,864,819
050,05,131,"Arkansas","Sebastian County",3,3,1602,832,770
050,05,131,"Arkansas","Sebastian County",3,4,1660,873,787
050,05,131,"Arkansas","Sebastian County",3,5,1768,896,872
050,05,131,"Arkansas","Sebastian County",3,6,1699,851,848
050,05,131,"Arkansas","Sebastian County",3,7,1644,843,801
050,05,131,"Arkansas","Sebastian County",3,8,1652,811,841
050,05,131,"Arkansas","Sebastian County",3,9,1649,859,790
050,05,131,"Arkansas","Sebastian County",3,10,1667,868,799
050,05,131,"Arkansas","Sebastian County",3,11,1714,879,835
050,05,131,"Arkansas","Sebastian County",3,12,1730,838,892
050,05,131,"Arkansas","Sebastian County",3,13,1835,911,924
050,05,131,"Arkansas","Sebastian County",3,14,1843,932,911
050,05,131,"Arkansas","Sebastian County",3,15,1814,930,884
050,05,131,"Arkansas","Sebastian County",3,16,1769,906,863
050,05,131,"Arkansas","Sebastian County",3,17,1776,887,889
050,05,131,"Arkansas","Sebastian County",3,18,1581,809,772
050,05,131,"Arkansas","Sebastian County",3,19,1435,727,708
050,05,131,"Arkansas","Sebastian County",3,20,1575,791,784
050,05,131,"Arkansas","Sebastian County",3,21,1609,830,779
050,05,131,"Arkansas","Sebastian County",3,22,1648,841,807
050,05,131,"Arkansas","Sebastian County",3,23,1734,855,879
050,05,131,"Arkansas","Sebastian County",3,24,1732,857,875
050,05,131,"Arkansas","Sebastian County",3,25,1727,901,826
050,05,131,"Arkansas","Sebastian County",3,26,1725,850,875
050,05,131,"Arkansas","Sebastian County",3,27,1773,893,880
050,05,131,"Arkansas","Sebastian County",3,28,1757,853,904
050,05,131,"Arkansas","Sebastian County",3,29,1758,872,886
050,05,131,"Arkansas","Sebastian County",3,30,1745,881,864
050,05,131,"Arkansas","Sebastian County",3,31,1788,896,892
050,05,131,"Arkansas","Sebastian County",3,32,1684,861,823
050,05,131,"Arkansas","Sebastian County",3,33,1624,802,822
050,05,131,"Arkansas","Sebastian County",3,34,1638,809,829
050,05,131,"Arkansas","Sebastian County",3,35,1665,829,836
050,05,131,"Arkansas","Sebastian County",3,36,1613,817,796
050,05,131,"Arkansas","Sebastian County",3,37,1598,806,792
050,05,131,"Arkansas","Sebastian County",3,38,1589,780,809
050,05,131,"Arkansas","Sebastian County",3,39,1576,771,805
050,05,131,"Arkansas","Sebastian County",3,40,1602,793,809
050,05,131,"Arkansas","Sebastian County",3,41,1610,808,802
050,05,131,"Arkansas","Sebastian County",3,42,1542,783,759
050,05,131,"Arkansas","Sebastian County",3,43,1527,766,761
050,05,131,"Arkansas","Sebastian County",3,44,1505,734,771
050,05,131,"Arkansas","Sebastian County",3,45,1442,699,743
050,05,131,"Arkansas","Sebastian County",3,46,1494,742,752
050,05,131,"Arkansas","Sebastian County",3,47,1465,721,744
050,05,131,"Arkansas","Sebastian County",3,48,1491,739,752
050,05,131,"Arkansas","Sebastian County",3,49,1525,745,780
050,05,131,"Arkansas","Sebastian County",3,50,1643,796,847
050,05,131,"Arkansas","Sebastian County",3,51,1616,818,798
050,05,131,"Arkansas","Sebastian County",3,52,1634,806,828
050,05,131,"Arkansas","Sebastian County",3,53,1558,799,759
050,05,131,"Arkansas","Sebastian County",3,54,1546,796,750
050,05,131,"Arkansas","Sebastian County",3,55,1587,809,778
050,05,131,"Arkansas","Sebastian County",3,56,1693,857,836
050,05,131,"Arkansas","Sebastian County",3,57,1740,856,884
050,05,131,"Arkansas","Sebastian County",3,58,1710,855,855
050,05,131,"Arkansas","Sebastian County",3,59,1684,856,828
050,05,131,"Arkansas","Sebastian County",3,60,1656,808,848
050,05,131,"Arkansas","Sebastian County",3,61,1598,789,809
050,05,131,"Arkansas","Sebastian County",3,62,1576,785,791
050,05,131,"Arkansas","Sebastian County",3,63,1585,768,817
050,05,131,"Arkansas","Sebastian County",3,64,1585,754,831
050,05,131,"Arkansas","Sebastian County",3,65,1515,744,771
050,05,131,"Arkansas","Sebastian County",3,66,1463,681,782
050,05,131,"Arkansas","Sebastian County",3,67,1416,682,734
050,05,131,"Arkansas","Sebastian County",3,68,1380,670,710
050,05,131,"Arkansas","Sebastian County",3,69,1275,612,663
050,05,131,"Arkansas","Sebastian County",3,70,1250,578,672
050,05,131,"Arkansas","Sebastian County",3,71,1183,538,645
050,05,131,"Arkansas","Sebastian County",3,72,1118,496,622
050,05,131,"Arkansas","Sebastian County",3,73,1098,495,603
050,05,131,"Arkansas","Sebastian County",3,74,1218,561,657
050,05,131,"Arkansas","Sebastian County",3,75,822,364,458
050,05,131,"Arkansas","Sebastian County",3,76,795,339,456
050,05,131,"Arkansas","Sebastian County",3,77,787,336,451
050,05,131,"Arkansas","Sebastian County",3,78,795,340,455
050,05,131,"Arkansas","Sebastian County",3,79,678,303,375
050,05,131,"Arkansas","Sebastian County",3,80,561,251,310
050,05,131,"Arkansas","Sebastian County",3,81,542,248,294
050,05,131,"Arkansas","Sebastian County",3,82,488,204,284
050,05,131,"Arkansas","Sebastian County",3,83,423,174,249
050,05,131,"Arkansas","Sebastian County",3,84,390,161,229
050,05,131,"Arkansas","Sebastian County",3,85,2273,789,1484
050,05,131,"Arkansas","Sebastian County",4,0,1607,856,751
050,05,131,"Arkansas","Sebastian County",4,1,1558,800,758
050,05,131,"Arkansas","Sebastian County",4,2,1645,864,781
050,05,131,"Arkansas","Sebastian County",4,3,1677,856,821
050,05,131,"Arkansas","Sebastian County",4,4,1611,839,772
050,05,131,"Arkansas","Sebastian County",4,5,1646,858,788
050,05,131,"Arkansas","Sebastian County",4,6,1764,881,883
050,05,131,"Arkansas","Sebastian County",4,7,1719,853,866
050,05,131,"Arkansas","Sebastian County",4,8,1689,878,811
050,05,131,"Arkansas","Sebastian County",4,9,1632,817,815
050,05,131,"Arkansas","Sebastian County",4,10,1659,863,796
050,05,131,"Arkansas","Sebastian County",4,11,1670,860,810
050,05,131,"Arkansas","Sebastian County",4,12,1717,879,838
050,05,131,"Arkansas","Sebastian County",4,13,1758,858,900
050,05,131,"Arkansas","Sebastian County",4,14,1865,930,935
050,05,131,"Arkansas","Sebastian County",4,15,1864,939,925
050,05,131,"Arkansas","Sebastian County",4,16,1859,968,891
050,05,131,"Arkansas","Sebastian County",4,17,1782,933,849
050,05,131,"Arkansas","Sebastian County",4,18,1618,818,800
050,05,131,"Arkansas","Sebastian County",4,19,1473,730,743
050,05,131,"Arkansas","Sebastian County",4,20,1539,764,775
050,05,131,"Arkansas","Sebastian County",4,21,1628,829,799
050,05,131,"Arkansas","Sebastian County",4,22,1735,868,867
050,05,131,"Arkansas","Sebastian County",4,23,1728,910,818
050,05,131,"Arkansas","Sebastian County",4,24,1807,895,912
050,05,131,"Arkansas","Sebastian County",4,25,1748,862,886
050,05,131,"Arkansas","Sebastian County",4,26,1733,899,834
050,05,131,"Arkansas","Sebastian County",4,27,1742,853,889
050,05,131,"Arkansas","Sebastian County",4,28,1748,890,858
050,05,131,"Arkansas","Sebastian County",4,29,1768,849,919
050,05,131,"Arkansas","Sebastian County",4,30,1785,898,887
050,05,131,"Arkansas","Sebastian County",4,31,1732,869,863
050,05,131,"Arkansas","Sebastian County",4,32,1811,915,896
050,05,131,"Arkansas","Sebastian County",4,33,1707,868,839
050,05,131,"Arkansas","Sebastian County",4,34,1655,823,832
050,05,131,"Arkansas","Sebastian County",4,35,1602,798,804
050,05,131,"Arkansas","Sebastian County",4,36,1679,860,819
050,05,131,"Arkansas","Sebastian County",4,37,1597,786,811
050,05,131,"Arkansas","Sebastian County",4,38,1584,775,809
050,05,131,"Arkansas","Sebastian County",4,39,1597,778,819
050,05,131,"Arkansas","Sebastian County",4,40,1573,773,800
050,05,131,"Arkansas","Sebastian County",4,41,1620,813,807
050,05,131,"Arkansas","Sebastian County",4,42,1604,803,801
050,05,131,"Arkansas","Sebastian County",4,43,1572,807,765
050,05,131,"Arkansas","Sebastian County",4,44,1537,771,766
050,05,131,"Arkansas","Sebastian County",4,45,1468,707,761
050,05,131,"Arkansas","Sebastian County",4,46,1437,693,744
050,05,131,"Arkansas","Sebastian County",4,47,1503,738,765
050,05,131,"Arkansas","Sebastian County",4,48,1498,748,750
050,05,131,"Arkansas","Sebastian County",4,49,1451,716,735
050,05,131,"Arkansas","Sebastian County",4,50,1526,731,795
050,05,131,"Arkansas","Sebastian County",4,51,1645,812,833
050,05,131,"Arkansas","Sebastian County",4,52,1633,822,811
050,05,131,"Arkansas","Sebastian County",4,53,1589,783,806
050,05,131,"Arkansas","Sebastian County",4,54,1574,809,765
050,05,131,"Arkansas","Sebastian County",4,55,1559,790,769
050,05,131,"Arkansas","Sebastian County",4,56,1575,810,765
050,05,131,"Arkansas","Sebastian County",4,57,1664,828,836
050,05,131,"Arkansas","Sebastian County",4,58,1730,846,884
050,05,131,"Arkansas","Sebastian County",4,59,1718,855,863
050,05,131,"Arkansas","Sebastian County",4,60,1655,829,826
050,05,131,"Arkansas","Sebastian County",4,61,1618,791,827
050,05,131,"Arkansas","Sebastian County",4,62,1577,780,797
050,05,131,"Arkansas","Sebastian County",4,63,1559,783,776
050,05,131,"Arkansas","Sebastian County",4,64,1568,751,817
050,05,131,"Arkansas","Sebastian County",4,65,1563,749,814
050,05,131,"Arkansas","Sebastian County",4,66,1505,736,769
050,05,131,"Arkansas","Sebastian County",4,67,1423,654,769
050,05,131,"Arkansas","Sebastian County",4,68,1380,658,722
050,05,131,"Arkansas","Sebastian County",4,69,1351,649,702
050,05,131,"Arkansas","Sebastian County",4,70,1251,582,669
050,05,131,"Arkansas","Sebastian County",4,71,1197,556,641
050,05,131,"Arkansas","Sebastian County",4,72,1151,521,630
050,05,131,"Arkansas","Sebastian County",4,73,1089,481,608
050,05,131,"Arkansas","Sebastian County",4,74,1065,476,589
050,05,131,"Arkansas","Sebastian County",4,75,1151,540,611
050,05,131,"Arkansas","Sebastian County",4,76,799,353,446
050,05,131,"Arkansas","Sebastian County",4,77,758,321,437
050,05,131,"Arkansas","Sebastian County",4,78,745,314,431
050,05,131,"Arkansas","Sebastian County",4,79,737,313,424
050,05,131,"Arkansas","Sebastian County",4,80,620,272,348
050,05,131,"Arkansas","Sebastian County",4,81,534,242,292
050,05,131,"Arkansas","Sebastian County",4,82,509,228,281
050,05,131,"Arkansas","Sebastian County",4,83,445,188,257
050,05,131,"Arkansas","Sebastian County",4,84,389,154,235
050,05,131,"Arkansas","Sebastian County",4,85,2256,796,1460
050,05,131,"Arkansas","Sebastian County",5,0,1596,848,748
050,05,131,"Arkansas","Sebastian County",5,1,1602,863,739
050,05,131,"Arkansas","Sebastian County",5,2,1582,836,746
050,05,131,"Arkansas","Sebastian County",5,3,1645,858,787
050,05,131,"Arkansas","Sebastian County",5,4,1677,849,828
050,05,131,"Arkansas","Sebastian County",5,5,1595,813,782
050,05,131,"Arkansas","Sebastian County",5,6,1652,884,768
050,05,131,"Arkansas","Sebastian County",5,7,1776,908,868
050,05,131,"Arkansas","Sebastian County",5,8,1717,864,853
050,05,131,"Arkansas","Sebastian County",5,9,1705,882,823
050,05,131,"Arkansas","Sebastian County",5,10,1580,784,796
050,05,131,"Arkansas","Sebastian County",5,11,1648,860,788
050,05,131,"Arkansas","Sebastian County",5,12,1655,868,787
050,05,131,"Arkansas","Sebastian County",5,13,1697,875,822
050,05,131,"Arkansas","Sebastian County",5,14,1746,837,909
050,05,131,"Arkansas","Sebastian County",5,15,1882,946,936
050,05,131,"Arkansas","Sebastian County",5,16,1877,955,922
050,05,131,"Arkansas","Sebastian County",5,17,1885,985,900
050,05,131,"Arkansas","Sebastian County",5,18,1579,831,748
050,05,131,"Arkansas","Sebastian County",5,19,1442,710,732
050,05,131,"Arkansas","Sebastian County",5,20,1529,759,770
050,05,131,"Arkansas","Sebastian County",5,21,1609,804,805
050,05,131,"Arkansas","Sebastian County",5,22,1717,867,850
050,05,131,"Arkansas","Sebastian County",5,23,1772,865,907
050,05,131,"Arkansas","Sebastian County",5,24,1732,894,838
050,05,131,"Arkansas","Sebastian County",5,25,1796,886,910
050,05,131,"Arkansas","Sebastian County",5,26,1789,876,913
050,05,131,"Arkansas","Sebastian County",5,27,1725,903,822
050,05,131,"Arkansas","Sebastian County",5,28,1720,858,862
050,05,131,"Arkansas","Sebastian County",5,29,1739,872,867
050,05,131,"Arkansas","Sebastian County",5,30,1731,823,908
050,05,131,"Arkansas","Sebastian County",5,31,1765,894,871
050,05,131,"Arkansas","Sebastian County",5,32,1721,859,862
050,05,131,"Arkansas","Sebastian County",5,33,1823,911,912
050,05,131,"Arkansas","Sebastian County",5,34,1717,864,853
050,05,131,"Arkansas","Sebastian County",5,35,1660,823,837
050,05,131,"Arkansas","Sebastian County",5,36,1591,811,780
050,05,131,"Arkansas","Sebastian County",5,37,1653,850,803
050,05,131,"Arkansas","Sebastian County",5,38,1594,778,816
050,05,131,"Arkansas","Sebastian County",5,39,1544,730,814
050,05,131,"Arkansas","Sebastian County",5,40,1562,762,800
050,05,131,"Arkansas","Sebastian County",5,41,1584,791,793
050,05,131,"Arkansas","Sebastian County",5,42,1575,790,785
050,05,131,"Arkansas","Sebastian County",5,43,1606,808,798
050,05,131,"Arkansas","Sebastian County",5,44,1569,808,761
050,05,131,"Arkansas","Sebastian County",5,45,1536,767,769
050,05,131,"Arkansas","Sebastian County",5,46,1467,703,764
050,05,131,"Arkansas","Sebastian County",5,47,1435,703,732
050,05,131,"Arkansas","Sebastian County",5,48,1507,736,771
050,05,131,"Arkansas","Sebastian County",5,49,1478,741,737
050,05,131,"Arkansas","Sebastian County",5,50,1451,708,743
050,05,131,"Arkansas","Sebastian County",5,51,1516,728,788
050,05,131,"Arkansas","Sebastian County",5,52,1633,812,821
050,05,131,"Arkansas","Sebastian County",5,53,1608,802,806
050,05,131,"Arkansas","Sebastian County",5,54,1601,784,817
050,05,131,"Arkansas","Sebastian County",5,55,1553,781,772
050,05,131,"Arkansas","Sebastian County",5,56,1545,783,762
050,05,131,"Arkansas","Sebastian County",5,57,1541,783,758
050,05,131,"Arkansas","Sebastian County",5,58,1654,833,821
050,05,131,"Arkansas","Sebastian County",5,59,1716,826,890
050,05,131,"Arkansas","Sebastian County",5,60,1668,817,851
050,05,131,"Arkansas","Sebastian County",5,61,1649,811,838
050,05,131,"Arkansas","Sebastian County",5,62,1612,793,819
050,05,131,"Arkansas","Sebastian County",5,63,1569,770,799
050,05,131,"Arkansas","Sebastian County",5,64,1536,771,765
050,05,131,"Arkansas","Sebastian County",5,65,1557,750,807
050,05,131,"Arkansas","Sebastian County",5,66,1568,747,821
050,05,131,"Arkansas","Sebastian County",5,67,1457,708,749
050,05,131,"Arkansas","Sebastian County",5,68,1401,640,761
050,05,131,"Arkansas","Sebastian County",5,69,1365,646,719
050,05,131,"Arkansas","Sebastian County",5,70,1320,617,703
050,05,131,"Arkansas","Sebastian County",5,71,1212,571,641
050,05,131,"Arkansas","Sebastian County",5,72,1163,535,628
050,05,131,"Arkansas","Sebastian County",5,73,1120,499,621
050,05,131,"Arkansas","Sebastian County",5,74,1063,467,596
050,05,131,"Arkansas","Sebastian County",5,75,1025,463,562
050,05,131,"Arkansas","Sebastian County",5,76,1108,519,589
050,05,131,"Arkansas","Sebastian County",5,77,758,331,427
050,05,131,"Arkansas","Sebastian County",5,78,708,301,407
050,05,131,"Arkansas","Sebastian County",5,79,701,292,409
050,05,131,"Arkansas","Sebastian County",5,80,684,290,394
050,05,131,"Arkansas","Sebastian County",5,81,596,263,333
050,05,131,"Arkansas","Sebastian County",5,82,501,221,280
050,05,131,"Arkansas","Sebastian County",5,83,470,207,263
050,05,131,"Arkansas","Sebastian County",5,84,409,167,242
050,05,131,"Arkansas","Sebastian County",5,85,2276,803,1473
050,05,133,"Arkansas","Sevier County",1,0,217,111,106
050,05,133,"Arkansas","Sevier County",1,1,203,100,103
050,05,133,"Arkansas","Sevier County",1,2,236,111,125
050,05,133,"Arkansas","Sevier County",1,3,270,128,142
050,05,133,"Arkansas","Sevier County",1,4,237,138,99
050,05,133,"Arkansas","Sevier County",1,5,237,127,110
050,05,133,"Arkansas","Sevier County",1,6,246,123,123
050,05,133,"Arkansas","Sevier County",1,7,251,119,132
050,05,133,"Arkansas","Sevier County",1,8,262,132,130
050,05,133,"Arkansas","Sevier County",1,9,266,121,145
050,05,133,"Arkansas","Sevier County",1,10,264,121,143
050,05,133,"Arkansas","Sevier County",1,11,273,134,139
050,05,133,"Arkansas","Sevier County",1,12,284,135,149
050,05,133,"Arkansas","Sevier County",1,13,292,149,143
050,05,133,"Arkansas","Sevier County",1,14,257,132,125
050,05,133,"Arkansas","Sevier County",1,15,258,133,125
050,05,133,"Arkansas","Sevier County",1,16,267,146,121
050,05,133,"Arkansas","Sevier County",1,17,272,154,118
050,05,133,"Arkansas","Sevier County",1,18,217,117,100
050,05,133,"Arkansas","Sevier County",1,19,198,115,83
050,05,133,"Arkansas","Sevier County",1,20,199,110,89
050,05,133,"Arkansas","Sevier County",1,21,208,106,102
050,05,133,"Arkansas","Sevier County",1,22,196,108,88
050,05,133,"Arkansas","Sevier County",1,23,189,103,86
050,05,133,"Arkansas","Sevier County",1,24,212,116,96
050,05,133,"Arkansas","Sevier County",1,25,205,107,98
050,05,133,"Arkansas","Sevier County",1,26,194,88,106
050,05,133,"Arkansas","Sevier County",1,27,205,102,103
050,05,133,"Arkansas","Sevier County",1,28,212,113,99
050,05,133,"Arkansas","Sevier County",1,29,208,100,108
050,05,133,"Arkansas","Sevier County",1,30,193,101,92
050,05,133,"Arkansas","Sevier County",1,31,190,107,83
050,05,133,"Arkansas","Sevier County",1,32,179,95,84
050,05,133,"Arkansas","Sevier County",1,33,167,86,81
050,05,133,"Arkansas","Sevier County",1,34,187,106,81
050,05,133,"Arkansas","Sevier County",1,35,181,102,79
050,05,133,"Arkansas","Sevier County",1,36,190,98,92
050,05,133,"Arkansas","Sevier County",1,37,181,91,90
050,05,133,"Arkansas","Sevier County",1,38,172,91,81
050,05,133,"Arkansas","Sevier County",1,39,194,109,85
050,05,133,"Arkansas","Sevier County",1,40,194,100,94
050,05,133,"Arkansas","Sevier County",1,41,168,85,83
050,05,133,"Arkansas","Sevier County",1,42,170,77,93
050,05,133,"Arkansas","Sevier County",1,43,168,76,92
050,05,133,"Arkansas","Sevier County",1,44,159,74,85
050,05,133,"Arkansas","Sevier County",1,45,182,84,98
050,05,133,"Arkansas","Sevier County",1,46,186,88,98
050,05,133,"Arkansas","Sevier County",1,47,200,96,104
050,05,133,"Arkansas","Sevier County",1,48,226,112,114
050,05,133,"Arkansas","Sevier County",1,49,229,114,115
050,05,133,"Arkansas","Sevier County",1,50,209,113,96
050,05,133,"Arkansas","Sevier County",1,51,182,94,88
050,05,133,"Arkansas","Sevier County",1,52,179,92,87
050,05,133,"Arkansas","Sevier County",1,53,182,99,83
050,05,133,"Arkansas","Sevier County",1,54,184,100,84
050,05,133,"Arkansas","Sevier County",1,55,208,104,104
050,05,133,"Arkansas","Sevier County",1,56,200,102,98
050,05,133,"Arkansas","Sevier County",1,57,184,99,85
050,05,133,"Arkansas","Sevier County",1,58,211,106,105
050,05,133,"Arkansas","Sevier County",1,59,195,94,101
050,05,133,"Arkansas","Sevier County",1,60,181,92,89
050,05,133,"Arkansas","Sevier County",1,61,162,92,70
050,05,133,"Arkansas","Sevier County",1,62,180,100,80
050,05,133,"Arkansas","Sevier County",1,63,170,90,80
050,05,133,"Arkansas","Sevier County",1,64,168,84,84
050,05,133,"Arkansas","Sevier County",1,65,172,80,92
050,05,133,"Arkansas","Sevier County",1,66,158,80,78
050,05,133,"Arkansas","Sevier County",1,67,157,79,78
050,05,133,"Arkansas","Sevier County",1,68,148,77,71
050,05,133,"Arkansas","Sevier County",1,69,135,73,62
050,05,133,"Arkansas","Sevier County",1,70,133,66,67
050,05,133,"Arkansas","Sevier County",1,71,136,69,67
050,05,133,"Arkansas","Sevier County",1,72,132,63,69
050,05,133,"Arkansas","Sevier County",1,73,132,56,76
050,05,133,"Arkansas","Sevier County",1,74,91,42,49
050,05,133,"Arkansas","Sevier County",1,75,83,38,45
050,05,133,"Arkansas","Sevier County",1,76,94,46,48
050,05,133,"Arkansas","Sevier County",1,77,93,46,47
050,05,133,"Arkansas","Sevier County",1,78,73,34,39
050,05,133,"Arkansas","Sevier County",1,79,56,26,30
050,05,133,"Arkansas","Sevier County",1,80,59,32,27
050,05,133,"Arkansas","Sevier County",1,81,63,32,31
050,05,133,"Arkansas","Sevier County",1,82,56,24,32
050,05,133,"Arkansas","Sevier County",1,83,49,20,29
050,05,133,"Arkansas","Sevier County",1,84,40,14,26
050,05,133,"Arkansas","Sevier County",1,85,233,91,142
050,05,133,"Arkansas","Sevier County",2,0,207,112,95
050,05,133,"Arkansas","Sevier County",2,1,203,99,104
050,05,133,"Arkansas","Sevier County",2,2,230,109,121
050,05,133,"Arkansas","Sevier County",2,3,257,123,134
050,05,133,"Arkansas","Sevier County",2,4,243,135,108
050,05,133,"Arkansas","Sevier County",2,5,234,128,106
050,05,133,"Arkansas","Sevier County",2,6,243,122,121
050,05,133,"Arkansas","Sevier County",2,7,247,118,129
050,05,133,"Arkansas","Sevier County",2,8,258,128,130
050,05,133,"Arkansas","Sevier County",2,9,262,122,140
050,05,133,"Arkansas","Sevier County",2,10,261,120,141
050,05,133,"Arkansas","Sevier County",2,11,268,130,138
050,05,133,"Arkansas","Sevier County",2,12,281,135,146
050,05,133,"Arkansas","Sevier County",2,13,288,145,143
050,05,133,"Arkansas","Sevier County",2,14,267,138,129
050,05,133,"Arkansas","Sevier County",2,15,261,134,127
050,05,133,"Arkansas","Sevier County",2,16,264,143,121
050,05,133,"Arkansas","Sevier County",2,17,271,153,118
050,05,133,"Arkansas","Sevier County",2,18,220,121,99
050,05,133,"Arkansas","Sevier County",2,19,196,113,83
050,05,133,"Arkansas","Sevier County",2,20,201,112,89
050,05,133,"Arkansas","Sevier County",2,21,205,107,98
050,05,133,"Arkansas","Sevier County",2,22,198,108,90
050,05,133,"Arkansas","Sevier County",2,23,192,106,86
050,05,133,"Arkansas","Sevier County",2,24,207,114,93
050,05,133,"Arkansas","Sevier County",2,25,206,110,96
050,05,133,"Arkansas","Sevier County",2,26,193,90,103
050,05,133,"Arkansas","Sevier County",2,27,200,97,103
050,05,133,"Arkansas","Sevier County",2,28,211,112,99
050,05,133,"Arkansas","Sevier County",2,29,205,101,104
050,05,133,"Arkansas","Sevier County",2,30,200,102,98
050,05,133,"Arkansas","Sevier County",2,31,190,105,85
050,05,133,"Arkansas","Sevier County",2,32,181,98,83
050,05,133,"Arkansas","Sevier County",2,33,166,87,79
050,05,133,"Arkansas","Sevier County",2,34,185,104,81
050,05,133,"Arkansas","Sevier County",2,35,183,102,81
050,05,133,"Arkansas","Sevier County",2,36,186,98,88
050,05,133,"Arkansas","Sevier County",2,37,184,92,92
050,05,133,"Arkansas","Sevier County",2,38,174,91,83
050,05,133,"Arkansas","Sevier County",2,39,184,103,81
050,05,133,"Arkansas","Sevier County",2,40,197,106,91
050,05,133,"Arkansas","Sevier County",2,41,174,88,86
050,05,133,"Arkansas","Sevier County",2,42,169,78,91
050,05,133,"Arkansas","Sevier County",2,43,171,78,93
050,05,133,"Arkansas","Sevier County",2,44,159,73,86
050,05,133,"Arkansas","Sevier County",2,45,178,82,96
050,05,133,"Arkansas","Sevier County",2,46,182,86,96
050,05,133,"Arkansas","Sevier County",2,47,193,91,102
050,05,133,"Arkansas","Sevier County",2,48,219,108,111
050,05,133,"Arkansas","Sevier County",2,49,229,114,115
050,05,133,"Arkansas","Sevier County",2,50,212,112,100
050,05,133,"Arkansas","Sevier County",2,51,187,98,89
050,05,133,"Arkansas","Sevier County",2,52,177,90,87
050,05,133,"Arkansas","Sevier County",2,53,180,97,83
050,05,133,"Arkansas","Sevier County",2,54,184,100,84
050,05,133,"Arkansas","Sevier County",2,55,202,103,99
050,05,133,"Arkansas","Sevier County",2,56,205,103,102
050,05,133,"Arkansas","Sevier County",2,57,189,100,89
050,05,133,"Arkansas","Sevier County",2,58,204,104,100
050,05,133,"Arkansas","Sevier County",2,59,199,96,103
050,05,133,"Arkansas","Sevier County",2,60,182,91,91
050,05,133,"Arkansas","Sevier County",2,61,166,92,74
050,05,133,"Arkansas","Sevier County",2,62,172,95,77
050,05,133,"Arkansas","Sevier County",2,63,172,93,79
050,05,133,"Arkansas","Sevier County",2,64,165,83,82
050,05,133,"Arkansas","Sevier County",2,65,173,82,91
050,05,133,"Arkansas","Sevier County",2,66,161,81,80
050,05,133,"Arkansas","Sevier County",2,67,158,79,79
050,05,133,"Arkansas","Sevier County",2,68,150,79,71
050,05,133,"Arkansas","Sevier County",2,69,138,74,64
050,05,133,"Arkansas","Sevier County",2,70,134,68,66
050,05,133,"Arkansas","Sevier County",2,71,132,65,67
050,05,133,"Arkansas","Sevier County",2,72,130,64,66
050,05,133,"Arkansas","Sevier County",2,73,137,59,78
050,05,133,"Arkansas","Sevier County",2,74,94,43,51
050,05,133,"Arkansas","Sevier County",2,75,87,40,47
050,05,133,"Arkansas","Sevier County",2,76,90,44,46
050,05,133,"Arkansas","Sevier County",2,77,93,46,47
050,05,133,"Arkansas","Sevier County",2,78,73,34,39
050,05,133,"Arkansas","Sevier County",2,79,59,28,31
050,05,133,"Arkansas","Sevier County",2,80,56,29,27
050,05,133,"Arkansas","Sevier County",2,81,61,32,29
050,05,133,"Arkansas","Sevier County",2,82,58,26,32
050,05,133,"Arkansas","Sevier County",2,83,47,18,29
050,05,133,"Arkansas","Sevier County",2,84,41,15,26
050,05,133,"Arkansas","Sevier County",2,85,227,85,142
050,05,133,"Arkansas","Sevier County",3,0,217,102,115
050,05,133,"Arkansas","Sevier County",3,1,225,112,113
050,05,133,"Arkansas","Sevier County",3,2,213,106,107
050,05,133,"Arkansas","Sevier County",3,3,234,106,128
050,05,133,"Arkansas","Sevier County",3,4,254,120,134
050,05,133,"Arkansas","Sevier County",3,5,245,131,114
050,05,133,"Arkansas","Sevier County",3,6,236,128,108
050,05,133,"Arkansas","Sevier County",3,7,246,124,122
050,05,133,"Arkansas","Sevier County",3,8,236,118,118
050,05,133,"Arkansas","Sevier County",3,9,261,127,134
050,05,133,"Arkansas","Sevier County",3,10,260,123,137
050,05,133,"Arkansas","Sevier County",3,11,261,123,138
050,05,133,"Arkansas","Sevier County",3,12,266,129,137
050,05,133,"Arkansas","Sevier County",3,13,285,139,146
050,05,133,"Arkansas","Sevier County",3,14,272,134,138
050,05,133,"Arkansas","Sevier County",3,15,254,133,121
050,05,133,"Arkansas","Sevier County",3,16,255,133,122
050,05,133,"Arkansas","Sevier County",3,17,251,134,117
050,05,133,"Arkansas","Sevier County",3,18,241,132,109
050,05,133,"Arkansas","Sevier County",3,19,192,109,83
050,05,133,"Arkansas","Sevier County",3,20,199,108,91
050,05,133,"Arkansas","Sevier County",3,21,203,110,93
050,05,133,"Arkansas","Sevier County",3,22,199,103,96
050,05,133,"Arkansas","Sevier County",3,23,203,113,90
050,05,133,"Arkansas","Sevier County",3,24,192,106,86
050,05,133,"Arkansas","Sevier County",3,25,208,114,94
050,05,133,"Arkansas","Sevier County",3,26,203,96,107
050,05,133,"Arkansas","Sevier County",3,27,195,94,101
050,05,133,"Arkansas","Sevier County",3,28,207,105,102
050,05,133,"Arkansas","Sevier County",3,29,203,102,101
050,05,133,"Arkansas","Sevier County",3,30,208,104,104
050,05,133,"Arkansas","Sevier County",3,31,196,98,98
050,05,133,"Arkansas","Sevier County",3,32,198,108,90
050,05,133,"Arkansas","Sevier County",3,33,174,96,78
050,05,133,"Arkansas","Sevier County",3,34,172,90,82
050,05,133,"Arkansas","Sevier County",3,35,182,100,82
050,05,133,"Arkansas","Sevier County",3,36,169,93,76
050,05,133,"Arkansas","Sevier County",3,37,199,103,96
050,05,133,"Arkansas","Sevier County",3,38,175,90,85
050,05,133,"Arkansas","Sevier County",3,39,175,90,85
050,05,133,"Arkansas","Sevier County",3,40,186,103,83
050,05,133,"Arkansas","Sevier County",3,41,196,108,88
050,05,133,"Arkansas","Sevier County",3,42,175,87,88
050,05,133,"Arkansas","Sevier County",3,43,171,76,95
050,05,133,"Arkansas","Sevier County",3,44,164,75,89
050,05,133,"Arkansas","Sevier County",3,45,160,76,84
050,05,133,"Arkansas","Sevier County",3,46,172,80,92
050,05,133,"Arkansas","Sevier County",3,47,181,91,90
050,05,133,"Arkansas","Sevier County",3,48,198,92,106
050,05,133,"Arkansas","Sevier County",3,49,221,105,116
050,05,133,"Arkansas","Sevier County",3,50,218,113,105
050,05,133,"Arkansas","Sevier County",3,51,206,111,95
050,05,133,"Arkansas","Sevier County",3,52,189,99,90
050,05,133,"Arkansas","Sevier County",3,53,180,94,86
050,05,133,"Arkansas","Sevier County",3,54,186,104,82
050,05,133,"Arkansas","Sevier County",3,55,184,97,87
050,05,133,"Arkansas","Sevier County",3,56,205,107,98
050,05,133,"Arkansas","Sevier County",3,57,197,98,99
050,05,133,"Arkansas","Sevier County",3,58,191,104,87
050,05,133,"Arkansas","Sevier County",3,59,200,104,96
050,05,133,"Arkansas","Sevier County",3,60,201,97,104
050,05,133,"Arkansas","Sevier County",3,61,179,88,91
050,05,133,"Arkansas","Sevier County",3,62,166,92,74
050,05,133,"Arkansas","Sevier County",3,63,169,96,73
050,05,133,"Arkansas","Sevier County",3,64,176,93,83
050,05,133,"Arkansas","Sevier County",3,65,155,79,76
050,05,133,"Arkansas","Sevier County",3,66,163,76,87
050,05,133,"Arkansas","Sevier County",3,67,158,75,83
050,05,133,"Arkansas","Sevier County",3,68,150,78,72
050,05,133,"Arkansas","Sevier County",3,69,144,73,71
050,05,133,"Arkansas","Sevier County",3,70,134,68,66
050,05,133,"Arkansas","Sevier County",3,71,131,66,65
050,05,133,"Arkansas","Sevier County",3,72,122,60,62
050,05,133,"Arkansas","Sevier County",3,73,123,59,64
050,05,133,"Arkansas","Sevier County",3,74,131,57,74
050,05,133,"Arkansas","Sevier County",3,75,90,43,47
050,05,133,"Arkansas","Sevier County",3,76,83,35,48
050,05,133,"Arkansas","Sevier County",3,77,75,34,41
050,05,133,"Arkansas","Sevier County",3,78,86,42,44
050,05,133,"Arkansas","Sevier County",3,79,71,33,38
050,05,133,"Arkansas","Sevier County",3,80,52,25,27
050,05,133,"Arkansas","Sevier County",3,81,51,26,25
050,05,133,"Arkansas","Sevier County",3,82,55,27,28
050,05,133,"Arkansas","Sevier County",3,83,53,23,30
050,05,133,"Arkansas","Sevier County",3,84,42,16,26
050,05,133,"Arkansas","Sevier County",3,85,210,76,134
050,05,133,"Arkansas","Sevier County",4,0,260,127,133
050,05,133,"Arkansas","Sevier County",4,1,212,103,109
050,05,133,"Arkansas","Sevier County",4,2,218,112,106
050,05,133,"Arkansas","Sevier County",4,3,218,110,108
050,05,133,"Arkansas","Sevier County",4,4,241,112,129
050,05,133,"Arkansas","Sevier County",4,5,249,128,121
050,05,133,"Arkansas","Sevier County",4,6,239,130,109
050,05,133,"Arkansas","Sevier County",4,7,241,128,113
050,05,133,"Arkansas","Sevier County",4,8,246,124,122
050,05,133,"Arkansas","Sevier County",4,9,246,124,122
050,05,133,"Arkansas","Sevier County",4,10,260,123,137
050,05,133,"Arkansas","Sevier County",4,11,261,124,137
050,05,133,"Arkansas","Sevier County",4,12,268,130,138
050,05,133,"Arkansas","Sevier County",4,13,263,126,137
050,05,133,"Arkansas","Sevier County",4,14,294,145,149
050,05,133,"Arkansas","Sevier County",4,15,277,136,141
050,05,133,"Arkansas","Sevier County",4,16,260,133,127
050,05,133,"Arkansas","Sevier County",4,17,257,137,120
050,05,133,"Arkansas","Sevier County",4,18,228,122,106
050,05,133,"Arkansas","Sevier County",4,19,217,122,95
050,05,133,"Arkansas","Sevier County",4,20,191,112,79
050,05,133,"Arkansas","Sevier County",4,21,197,106,91
050,05,133,"Arkansas","Sevier County",4,22,202,111,91
050,05,133,"Arkansas","Sevier County",4,23,194,95,99
050,05,133,"Arkansas","Sevier County",4,24,216,117,99
050,05,133,"Arkansas","Sevier County",4,25,189,114,75
050,05,133,"Arkansas","Sevier County",4,26,192,101,91
050,05,133,"Arkansas","Sevier County",4,27,204,100,104
050,05,133,"Arkansas","Sevier County",4,28,190,93,97
050,05,133,"Arkansas","Sevier County",4,29,202,103,99
050,05,133,"Arkansas","Sevier County",4,30,210,104,106
050,05,133,"Arkansas","Sevier County",4,31,205,100,105
050,05,133,"Arkansas","Sevier County",4,32,197,97,100
050,05,133,"Arkansas","Sevier County",4,33,192,107,85
050,05,133,"Arkansas","Sevier County",4,34,167,91,76
050,05,133,"Arkansas","Sevier County",4,35,172,85,87
050,05,133,"Arkansas","Sevier County",4,36,186,104,82
050,05,133,"Arkansas","Sevier County",4,37,167,91,76
050,05,133,"Arkansas","Sevier County",4,38,197,102,95
050,05,133,"Arkansas","Sevier County",4,39,183,94,89
050,05,133,"Arkansas","Sevier County",4,40,178,92,86
050,05,133,"Arkansas","Sevier County",4,41,189,104,85
050,05,133,"Arkansas","Sevier County",4,42,199,113,86
050,05,133,"Arkansas","Sevier County",4,43,185,94,91
050,05,133,"Arkansas","Sevier County",4,44,168,73,95
050,05,133,"Arkansas","Sevier County",4,45,154,72,82
050,05,133,"Arkansas","Sevier County",4,46,163,75,88
050,05,133,"Arkansas","Sevier County",4,47,173,81,92
050,05,133,"Arkansas","Sevier County",4,48,180,90,90
050,05,133,"Arkansas","Sevier County",4,49,198,90,108
050,05,133,"Arkansas","Sevier County",4,50,217,105,112
050,05,133,"Arkansas","Sevier County",4,51,218,114,104
050,05,133,"Arkansas","Sevier County",4,52,203,109,94
050,05,133,"Arkansas","Sevier County",4,53,189,98,91
050,05,133,"Arkansas","Sevier County",4,54,177,93,84
050,05,133,"Arkansas","Sevier County",4,55,182,103,79
050,05,133,"Arkansas","Sevier County",4,56,183,96,87
050,05,133,"Arkansas","Sevier County",4,57,210,109,101
050,05,133,"Arkansas","Sevier County",4,58,203,104,99
050,05,133,"Arkansas","Sevier County",4,59,184,97,87
050,05,133,"Arkansas","Sevier County",4,60,192,101,91
050,05,133,"Arkansas","Sevier County",4,61,202,99,103
050,05,133,"Arkansas","Sevier County",4,62,177,86,91
050,05,133,"Arkansas","Sevier County",4,63,157,87,70
050,05,133,"Arkansas","Sevier County",4,64,157,87,70
050,05,133,"Arkansas","Sevier County",4,65,176,96,80
050,05,133,"Arkansas","Sevier County",4,66,145,74,71
050,05,133,"Arkansas","Sevier County",4,67,156,72,84
050,05,133,"Arkansas","Sevier County",4,68,149,74,75
050,05,133,"Arkansas","Sevier County",4,69,143,71,72
050,05,133,"Arkansas","Sevier County",4,70,141,69,72
050,05,133,"Arkansas","Sevier County",4,71,125,64,61
050,05,133,"Arkansas","Sevier County",4,72,124,62,62
050,05,133,"Arkansas","Sevier County",4,73,123,60,63
050,05,133,"Arkansas","Sevier County",4,74,111,57,54
050,05,133,"Arkansas","Sevier County",4,75,126,54,72
050,05,133,"Arkansas","Sevier County",4,76,86,42,44
050,05,133,"Arkansas","Sevier County",4,77,73,29,44
050,05,133,"Arkansas","Sevier County",4,78,70,32,38
050,05,133,"Arkansas","Sevier County",4,79,78,41,37
050,05,133,"Arkansas","Sevier County",4,80,69,34,35
050,05,133,"Arkansas","Sevier County",4,81,51,26,25
050,05,133,"Arkansas","Sevier County",4,82,47,22,25
050,05,133,"Arkansas","Sevier County",4,83,51,25,26
050,05,133,"Arkansas","Sevier County",4,84,48,20,28
050,05,133,"Arkansas","Sevier County",4,85,200,67,133
050,05,133,"Arkansas","Sevier County",5,0,180,85,95
050,05,133,"Arkansas","Sevier County",5,1,247,113,134
050,05,133,"Arkansas","Sevier County",5,2,220,105,115
050,05,133,"Arkansas","Sevier County",5,3,227,118,109
050,05,133,"Arkansas","Sevier County",5,4,236,114,122
050,05,133,"Arkansas","Sevier County",5,5,241,114,127
050,05,133,"Arkansas","Sevier County",5,6,260,132,128
050,05,133,"Arkansas","Sevier County",5,7,239,130,109
050,05,133,"Arkansas","Sevier County",5,8,235,127,108
050,05,133,"Arkansas","Sevier County",5,9,241,121,120
050,05,133,"Arkansas","Sevier County",5,10,232,121,111
050,05,133,"Arkansas","Sevier County",5,11,250,121,129
050,05,133,"Arkansas","Sevier County",5,12,259,122,137
050,05,133,"Arkansas","Sevier County",5,13,254,123,131
050,05,133,"Arkansas","Sevier County",5,14,254,124,130
050,05,133,"Arkansas","Sevier County",5,15,291,141,150
050,05,133,"Arkansas","Sevier County",5,16,265,130,135
050,05,133,"Arkansas","Sevier County",5,17,269,142,127
050,05,133,"Arkansas","Sevier County",5,18,224,120,104
050,05,133,"Arkansas","Sevier County",5,19,197,106,91
050,05,133,"Arkansas","Sevier County",5,20,218,118,100
050,05,133,"Arkansas","Sevier County",5,21,192,110,82
050,05,133,"Arkansas","Sevier County",5,22,211,117,94
050,05,133,"Arkansas","Sevier County",5,23,205,111,94
050,05,133,"Arkansas","Sevier County",5,24,205,98,107
050,05,133,"Arkansas","Sevier County",5,25,213,115,98
050,05,133,"Arkansas","Sevier County",5,26,181,108,73
050,05,133,"Arkansas","Sevier County",5,27,187,94,93
050,05,133,"Arkansas","Sevier County",5,28,204,99,105
050,05,133,"Arkansas","Sevier County",5,29,181,88,93
050,05,133,"Arkansas","Sevier County",5,30,204,107,97
050,05,133,"Arkansas","Sevier County",5,31,208,105,103
050,05,133,"Arkansas","Sevier County",5,32,209,102,107
050,05,133,"Arkansas","Sevier County",5,33,194,94,100
050,05,133,"Arkansas","Sevier County",5,34,182,93,89
050,05,133,"Arkansas","Sevier County",5,35,166,89,77
050,05,133,"Arkansas","Sevier County",5,36,163,82,81
050,05,133,"Arkansas","Sevier County",5,37,188,107,81
050,05,133,"Arkansas","Sevier County",5,38,169,90,79
050,05,133,"Arkansas","Sevier County",5,39,193,104,89
050,05,133,"Arkansas","Sevier County",5,40,184,90,94
050,05,133,"Arkansas","Sevier County",5,41,178,92,86
050,05,133,"Arkansas","Sevier County",5,42,185,103,82
050,05,133,"Arkansas","Sevier County",5,43,200,112,88
050,05,133,"Arkansas","Sevier County",5,44,181,91,90
050,05,133,"Arkansas","Sevier County",5,45,168,73,95
050,05,133,"Arkansas","Sevier County",5,46,150,72,78
050,05,133,"Arkansas","Sevier County",5,47,153,64,89
050,05,133,"Arkansas","Sevier County",5,48,165,79,86
050,05,133,"Arkansas","Sevier County",5,49,174,87,87
050,05,133,"Arkansas","Sevier County",5,50,196,92,104
050,05,133,"Arkansas","Sevier County",5,51,216,104,112
050,05,133,"Arkansas","Sevier County",5,52,218,117,101
050,05,133,"Arkansas","Sevier County",5,53,202,102,100
050,05,133,"Arkansas","Sevier County",5,54,200,101,99
050,05,133,"Arkansas","Sevier County",5,55,180,94,86
050,05,133,"Arkansas","Sevier County",5,56,184,104,80
050,05,133,"Arkansas","Sevier County",5,57,182,92,90
050,05,133,"Arkansas","Sevier County",5,58,215,109,106
050,05,133,"Arkansas","Sevier County",5,59,201,105,96
050,05,133,"Arkansas","Sevier County",5,60,175,97,78
050,05,133,"Arkansas","Sevier County",5,61,189,101,88
050,05,133,"Arkansas","Sevier County",5,62,198,98,100
050,05,133,"Arkansas","Sevier County",5,63,182,91,91
050,05,133,"Arkansas","Sevier County",5,64,146,78,68
050,05,133,"Arkansas","Sevier County",5,65,154,89,65
050,05,133,"Arkansas","Sevier County",5,66,177,95,82
050,05,133,"Arkansas","Sevier County",5,67,139,71,68
050,05,133,"Arkansas","Sevier County",5,68,148,71,77
050,05,133,"Arkansas","Sevier County",5,69,142,67,75
050,05,133,"Arkansas","Sevier County",5,70,140,68,72
050,05,133,"Arkansas","Sevier County",5,71,137,68,69
050,05,133,"Arkansas","Sevier County",5,72,120,61,59
050,05,133,"Arkansas","Sevier County",5,73,123,60,63
050,05,133,"Arkansas","Sevier County",5,74,114,57,57
050,05,133,"Arkansas","Sevier County",5,75,106,55,51
050,05,133,"Arkansas","Sevier County",5,76,127,53,74
050,05,133,"Arkansas","Sevier County",5,77,72,36,36
050,05,133,"Arkansas","Sevier County",5,78,68,26,42
050,05,133,"Arkansas","Sevier County",5,79,66,33,33
050,05,133,"Arkansas","Sevier County",5,80,75,41,34
050,05,133,"Arkansas","Sevier County",5,81,63,32,31
050,05,133,"Arkansas","Sevier County",5,82,47,21,26
050,05,133,"Arkansas","Sevier County",5,83,45,22,23
050,05,133,"Arkansas","Sevier County",5,84,48,23,25
050,05,133,"Arkansas","Sevier County",5,85,205,64,141
050,05,135,"Arkansas","Sharp County",1,0,175,90,85
050,05,135,"Arkansas","Sharp County",1,1,186,98,88
050,05,135,"Arkansas","Sharp County",1,2,204,105,99
050,05,135,"Arkansas","Sharp County",1,3,190,93,97
050,05,135,"Arkansas","Sharp County",1,4,180,92,88
050,05,135,"Arkansas","Sharp County",1,5,182,96,86
050,05,135,"Arkansas","Sharp County",1,6,187,98,89
050,05,135,"Arkansas","Sharp County",1,7,193,96,97
050,05,135,"Arkansas","Sharp County",1,8,190,94,96
050,05,135,"Arkansas","Sharp County",1,9,174,87,87
050,05,135,"Arkansas","Sharp County",1,10,193,96,97
050,05,135,"Arkansas","Sharp County",1,11,216,114,102
050,05,135,"Arkansas","Sharp County",1,12,199,101,98
050,05,135,"Arkansas","Sharp County",1,13,223,117,106
050,05,135,"Arkansas","Sharp County",1,14,217,114,103
050,05,135,"Arkansas","Sharp County",1,15,231,120,111
050,05,135,"Arkansas","Sharp County",1,16,229,111,118
050,05,135,"Arkansas","Sharp County",1,17,220,121,99
050,05,135,"Arkansas","Sharp County",1,18,194,107,87
050,05,135,"Arkansas","Sharp County",1,19,133,72,61
050,05,135,"Arkansas","Sharp County",1,20,156,89,67
050,05,135,"Arkansas","Sharp County",1,21,157,84,73
050,05,135,"Arkansas","Sharp County",1,22,161,82,79
050,05,135,"Arkansas","Sharp County",1,23,170,86,84
050,05,135,"Arkansas","Sharp County",1,24,171,93,78
050,05,135,"Arkansas","Sharp County",1,25,151,88,63
050,05,135,"Arkansas","Sharp County",1,26,165,93,72
050,05,135,"Arkansas","Sharp County",1,27,175,83,92
050,05,135,"Arkansas","Sharp County",1,28,178,79,99
050,05,135,"Arkansas","Sharp County",1,29,194,98,96
050,05,135,"Arkansas","Sharp County",1,30,177,100,77
050,05,135,"Arkansas","Sharp County",1,31,184,90,94
050,05,135,"Arkansas","Sharp County",1,32,165,80,85
050,05,135,"Arkansas","Sharp County",1,33,155,71,84
050,05,135,"Arkansas","Sharp County",1,34,155,78,77
050,05,135,"Arkansas","Sharp County",1,35,159,80,79
050,05,135,"Arkansas","Sharp County",1,36,162,80,82
050,05,135,"Arkansas","Sharp County",1,37,166,76,90
050,05,135,"Arkansas","Sharp County",1,38,169,80,89
050,05,135,"Arkansas","Sharp County",1,39,163,79,84
050,05,135,"Arkansas","Sharp County",1,40,174,90,84
050,05,135,"Arkansas","Sharp County",1,41,179,90,89
050,05,135,"Arkansas","Sharp County",1,42,167,74,93
050,05,135,"Arkansas","Sharp County",1,43,177,88,89
050,05,135,"Arkansas","Sharp County",1,44,188,102,86
050,05,135,"Arkansas","Sharp County",1,45,188,108,80
050,05,135,"Arkansas","Sharp County",1,46,170,89,81
050,05,135,"Arkansas","Sharp County",1,47,204,98,106
050,05,135,"Arkansas","Sharp County",1,48,219,106,113
050,05,135,"Arkansas","Sharp County",1,49,212,103,109
050,05,135,"Arkansas","Sharp County",1,50,213,101,112
050,05,135,"Arkansas","Sharp County",1,51,228,123,105
050,05,135,"Arkansas","Sharp County",1,52,206,113,93
050,05,135,"Arkansas","Sharp County",1,53,223,113,110
050,05,135,"Arkansas","Sharp County",1,54,207,103,104
050,05,135,"Arkansas","Sharp County",1,55,228,110,118
050,05,135,"Arkansas","Sharp County",1,56,266,129,137
050,05,135,"Arkansas","Sharp County",1,57,244,114,130
050,05,135,"Arkansas","Sharp County",1,58,252,123,129
050,05,135,"Arkansas","Sharp County",1,59,274,137,137
050,05,135,"Arkansas","Sharp County",1,60,285,129,156
050,05,135,"Arkansas","Sharp County",1,61,256,117,139
050,05,135,"Arkansas","Sharp County",1,62,282,116,166
050,05,135,"Arkansas","Sharp County",1,63,292,145,147
050,05,135,"Arkansas","Sharp County",1,64,272,130,142
050,05,135,"Arkansas","Sharp County",1,65,286,138,148
050,05,135,"Arkansas","Sharp County",1,66,273,131,142
050,05,135,"Arkansas","Sharp County",1,67,265,126,139
050,05,135,"Arkansas","Sharp County",1,68,264,137,127
050,05,135,"Arkansas","Sharp County",1,69,241,117,124
050,05,135,"Arkansas","Sharp County",1,70,263,108,155
050,05,135,"Arkansas","Sharp County",1,71,233,109,124
050,05,135,"Arkansas","Sharp County",1,72,231,115,116
050,05,135,"Arkansas","Sharp County",1,73,265,127,138
050,05,135,"Arkansas","Sharp County",1,74,183,85,98
050,05,135,"Arkansas","Sharp County",1,75,212,100,112
050,05,135,"Arkansas","Sharp County",1,76,204,102,102
050,05,135,"Arkansas","Sharp County",1,77,191,95,96
050,05,135,"Arkansas","Sharp County",1,78,161,80,81
050,05,135,"Arkansas","Sharp County",1,79,139,59,80
050,05,135,"Arkansas","Sharp County",1,80,141,65,76
050,05,135,"Arkansas","Sharp County",1,81,110,56,54
050,05,135,"Arkansas","Sharp County",1,82,114,58,56
050,05,135,"Arkansas","Sharp County",1,83,89,45,44
050,05,135,"Arkansas","Sharp County",1,84,92,46,46
050,05,135,"Arkansas","Sharp County",1,85,462,186,276
050,05,135,"Arkansas","Sharp County",2,0,178,99,79
050,05,135,"Arkansas","Sharp County",2,1,184,99,85
050,05,135,"Arkansas","Sharp County",2,2,204,106,98
050,05,135,"Arkansas","Sharp County",2,3,192,95,97
050,05,135,"Arkansas","Sharp County",2,4,183,93,90
050,05,135,"Arkansas","Sharp County",2,5,184,96,88
050,05,135,"Arkansas","Sharp County",2,6,190,99,91
050,05,135,"Arkansas","Sharp County",2,7,193,97,96
050,05,135,"Arkansas","Sharp County",2,8,191,95,96
050,05,135,"Arkansas","Sharp County",2,9,179,89,90
050,05,135,"Arkansas","Sharp County",2,10,188,94,94
050,05,135,"Arkansas","Sharp County",2,11,209,109,100
050,05,135,"Arkansas","Sharp County",2,12,207,107,100
050,05,135,"Arkansas","Sharp County",2,13,217,114,103
050,05,135,"Arkansas","Sharp County",2,14,220,115,105
050,05,135,"Arkansas","Sharp County",2,15,230,118,112
050,05,135,"Arkansas","Sharp County",2,16,228,114,114
050,05,135,"Arkansas","Sharp County",2,17,221,120,101
050,05,135,"Arkansas","Sharp County",2,18,184,102,82
050,05,135,"Arkansas","Sharp County",2,19,142,77,65
050,05,135,"Arkansas","Sharp County",2,20,155,86,69
050,05,135,"Arkansas","Sharp County",2,21,158,84,74
050,05,135,"Arkansas","Sharp County",2,22,161,83,78
050,05,135,"Arkansas","Sharp County",2,23,167,85,82
050,05,135,"Arkansas","Sharp County",2,24,172,92,80
050,05,135,"Arkansas","Sharp County",2,25,160,93,67
050,05,135,"Arkansas","Sharp County",2,26,166,94,72
050,05,135,"Arkansas","Sharp County",2,27,171,85,86
050,05,135,"Arkansas","Sharp County",2,28,179,82,97
050,05,135,"Arkansas","Sharp County",2,29,188,94,94
050,05,135,"Arkansas","Sharp County",2,30,183,100,83
050,05,135,"Arkansas","Sharp County",2,31,180,90,90
050,05,135,"Arkansas","Sharp County",2,32,170,82,88
050,05,135,"Arkansas","Sharp County",2,33,158,73,85
050,05,135,"Arkansas","Sharp County",2,34,155,77,78
050,05,135,"Arkansas","Sharp County",2,35,160,81,79
050,05,135,"Arkansas","Sharp County",2,36,161,81,80
050,05,135,"Arkansas","Sharp County",2,37,166,78,88
050,05,135,"Arkansas","Sharp County",2,38,172,82,90
050,05,135,"Arkansas","Sharp County",2,39,164,78,86
050,05,135,"Arkansas","Sharp County",2,40,176,90,86
050,05,135,"Arkansas","Sharp County",2,41,178,91,87
050,05,135,"Arkansas","Sharp County",2,42,169,77,92
050,05,135,"Arkansas","Sharp County",2,43,177,86,91
050,05,135,"Arkansas","Sharp County",2,44,185,99,86
050,05,135,"Arkansas","Sharp County",2,45,191,109,82
050,05,135,"Arkansas","Sharp County",2,46,174,93,81
050,05,135,"Arkansas","Sharp County",2,47,196,96,100
050,05,135,"Arkansas","Sharp County",2,48,215,104,111
050,05,135,"Arkansas","Sharp County",2,49,215,104,111
050,05,135,"Arkansas","Sharp County",2,50,213,102,111
050,05,135,"Arkansas","Sharp County",2,51,223,118,105
050,05,135,"Arkansas","Sharp County",2,52,211,115,96
050,05,135,"Arkansas","Sharp County",2,53,219,112,107
050,05,135,"Arkansas","Sharp County",2,54,214,107,107
050,05,135,"Arkansas","Sharp County",2,55,225,111,114
050,05,135,"Arkansas","Sharp County",2,56,257,124,133
050,05,135,"Arkansas","Sharp County",2,57,249,116,133
050,05,135,"Arkansas","Sharp County",2,58,250,121,129
050,05,135,"Arkansas","Sharp County",2,59,271,133,138
050,05,135,"Arkansas","Sharp County",2,60,287,132,155
050,05,135,"Arkansas","Sharp County",2,61,264,120,144
050,05,135,"Arkansas","Sharp County",2,62,279,119,160
050,05,135,"Arkansas","Sharp County",2,63,296,142,154
050,05,135,"Arkansas","Sharp County",2,64,276,135,141
050,05,135,"Arkansas","Sharp County",2,65,285,139,146
050,05,135,"Arkansas","Sharp County",2,66,279,135,144
050,05,135,"Arkansas","Sharp County",2,67,268,129,139
050,05,135,"Arkansas","Sharp County",2,68,261,132,129
050,05,135,"Arkansas","Sharp County",2,69,249,122,127
050,05,135,"Arkansas","Sharp County",2,70,255,108,147
050,05,135,"Arkansas","Sharp County",2,71,242,109,133
050,05,135,"Arkansas","Sharp County",2,72,224,110,114
050,05,135,"Arkansas","Sharp County",2,73,269,129,140
050,05,135,"Arkansas","Sharp County",2,74,186,87,99
050,05,135,"Arkansas","Sharp County",2,75,206,96,110
050,05,135,"Arkansas","Sharp County",2,76,199,98,101
050,05,135,"Arkansas","Sharp County",2,77,200,101,99
050,05,135,"Arkansas","Sharp County",2,78,163,81,82
050,05,135,"Arkansas","Sharp County",2,79,141,62,79
050,05,135,"Arkansas","Sharp County",2,80,140,63,77
050,05,135,"Arkansas","Sharp County",2,81,113,56,57
050,05,135,"Arkansas","Sharp County",2,82,114,58,56
050,05,135,"Arkansas","Sharp County",2,83,90,44,46
050,05,135,"Arkansas","Sharp County",2,84,88,45,43
050,05,135,"Arkansas","Sharp County",2,85,462,184,278
050,05,135,"Arkansas","Sharp County",3,0,179,108,71
050,05,135,"Arkansas","Sharp County",3,1,174,95,79
050,05,135,"Arkansas","Sharp County",3,2,202,102,100
050,05,135,"Arkansas","Sharp County",3,3,225,117,108
050,05,135,"Arkansas","Sharp County",3,4,199,99,100
050,05,135,"Arkansas","Sharp County",3,5,193,89,104
050,05,135,"Arkansas","Sharp County",3,6,197,103,94
050,05,135,"Arkansas","Sharp County",3,7,194,90,104
050,05,135,"Arkansas","Sharp County",3,8,201,102,99
050,05,135,"Arkansas","Sharp County",3,9,197,102,95
050,05,135,"Arkansas","Sharp County",3,10,188,88,100
050,05,135,"Arkansas","Sharp County",3,11,194,93,101
050,05,135,"Arkansas","Sharp County",3,12,222,113,109
050,05,135,"Arkansas","Sharp County",3,13,215,109,106
050,05,135,"Arkansas","Sharp County",3,14,226,120,106
050,05,135,"Arkansas","Sharp County",3,15,225,119,106
050,05,135,"Arkansas","Sharp County",3,16,237,118,119
050,05,135,"Arkansas","Sharp County",3,17,234,117,117
050,05,135,"Arkansas","Sharp County",3,18,203,116,87
050,05,135,"Arkansas","Sharp County",3,19,143,77,66
050,05,135,"Arkansas","Sharp County",3,20,165,97,68
050,05,135,"Arkansas","Sharp County",3,21,148,81,67
050,05,135,"Arkansas","Sharp County",3,22,179,89,90
050,05,135,"Arkansas","Sharp County",3,23,172,90,82
050,05,135,"Arkansas","Sharp County",3,24,172,92,80
050,05,135,"Arkansas","Sharp County",3,25,175,93,82
050,05,135,"Arkansas","Sharp County",3,26,158,90,68
050,05,135,"Arkansas","Sharp County",3,27,172,95,77
050,05,135,"Arkansas","Sharp County",3,28,191,93,98
050,05,135,"Arkansas","Sharp County",3,29,171,87,84
050,05,135,"Arkansas","Sharp County",3,30,192,94,98
050,05,135,"Arkansas","Sharp County",3,31,208,108,100
050,05,135,"Arkansas","Sharp County",3,32,182,91,91
050,05,135,"Arkansas","Sharp County",3,33,178,85,93
050,05,135,"Arkansas","Sharp County",3,34,164,80,84
050,05,135,"Arkansas","Sharp County",3,35,171,85,86
050,05,135,"Arkansas","Sharp County",3,36,169,85,84
050,05,135,"Arkansas","Sharp County",3,37,166,81,85
050,05,135,"Arkansas","Sharp County",3,38,172,77,95
050,05,135,"Arkansas","Sharp County",3,39,194,90,104
050,05,135,"Arkansas","Sharp County",3,40,168,85,83
050,05,135,"Arkansas","Sharp County",3,41,188,96,92
050,05,135,"Arkansas","Sharp County",3,42,183,93,90
050,05,135,"Arkansas","Sharp County",3,43,183,86,97
050,05,135,"Arkansas","Sharp County",3,44,179,90,89
050,05,135,"Arkansas","Sharp County",3,45,192,100,92
050,05,135,"Arkansas","Sharp County",3,46,192,106,86
050,05,135,"Arkansas","Sharp County",3,47,172,87,85
050,05,135,"Arkansas","Sharp County",3,48,205,93,112
050,05,135,"Arkansas","Sharp County",3,49,218,108,110
050,05,135,"Arkansas","Sharp County",3,50,231,108,123
050,05,135,"Arkansas","Sharp County",3,51,212,104,108
050,05,135,"Arkansas","Sharp County",3,52,223,118,105
050,05,135,"Arkansas","Sharp County",3,53,221,122,99
050,05,135,"Arkansas","Sharp County",3,54,226,116,110
050,05,135,"Arkansas","Sharp County",3,55,218,104,114
050,05,135,"Arkansas","Sharp County",3,56,221,111,110
050,05,135,"Arkansas","Sharp County",3,57,260,125,135
050,05,135,"Arkansas","Sharp County",3,58,266,128,138
050,05,135,"Arkansas","Sharp County",3,59,264,120,144
050,05,135,"Arkansas","Sharp County",3,60,279,137,142
050,05,135,"Arkansas","Sharp County",3,61,296,137,159
050,05,135,"Arkansas","Sharp County",3,62,267,117,150
050,05,135,"Arkansas","Sharp County",3,63,288,125,163
050,05,135,"Arkansas","Sharp County",3,64,304,148,156
050,05,135,"Arkansas","Sharp County",3,65,277,133,144
050,05,135,"Arkansas","Sharp County",3,66,296,146,150
050,05,135,"Arkansas","Sharp County",3,67,278,136,142
050,05,135,"Arkansas","Sharp County",3,68,256,116,140
050,05,135,"Arkansas","Sharp County",3,69,253,127,126
050,05,135,"Arkansas","Sharp County",3,70,243,115,128
050,05,135,"Arkansas","Sharp County",3,71,259,108,151
050,05,135,"Arkansas","Sharp County",3,72,233,108,125
050,05,135,"Arkansas","Sharp County",3,73,224,106,118
050,05,135,"Arkansas","Sharp County",3,74,253,124,129
050,05,135,"Arkansas","Sharp County",3,75,180,88,92
050,05,135,"Arkansas","Sharp County",3,76,200,93,107
050,05,135,"Arkansas","Sharp County",3,77,193,91,102
050,05,135,"Arkansas","Sharp County",3,78,186,94,92
050,05,135,"Arkansas","Sharp County",3,79,157,72,85
050,05,135,"Arkansas","Sharp County",3,80,139,59,80
050,05,135,"Arkansas","Sharp County",3,81,120,51,69
050,05,135,"Arkansas","Sharp County",3,82,105,55,50
050,05,135,"Arkansas","Sharp County",3,83,92,43,49
050,05,135,"Arkansas","Sharp County",3,84,78,38,40
050,05,135,"Arkansas","Sharp County",3,85,466,187,279
050,05,135,"Arkansas","Sharp County",4,0,184,108,76
050,05,135,"Arkansas","Sharp County",4,1,178,104,74
050,05,135,"Arkansas","Sharp County",4,2,178,101,77
050,05,135,"Arkansas","Sharp County",4,3,207,100,107
050,05,135,"Arkansas","Sharp County",4,4,229,125,104
050,05,135,"Arkansas","Sharp County",4,5,195,99,96
050,05,135,"Arkansas","Sharp County",4,6,201,97,104
050,05,135,"Arkansas","Sharp County",4,7,202,110,92
050,05,135,"Arkansas","Sharp County",4,8,189,86,103
050,05,135,"Arkansas","Sharp County",4,9,201,104,97
050,05,135,"Arkansas","Sharp County",4,10,214,112,102
050,05,135,"Arkansas","Sharp County",4,11,185,87,98
050,05,135,"Arkansas","Sharp County",4,12,202,98,104
050,05,135,"Arkansas","Sharp County",4,13,227,120,107
050,05,135,"Arkansas","Sharp County",4,14,213,102,111
050,05,135,"Arkansas","Sharp County",4,15,232,114,118
050,05,135,"Arkansas","Sharp County",4,16,233,122,111
050,05,135,"Arkansas","Sharp County",4,17,244,123,121
050,05,135,"Arkansas","Sharp County",4,18,199,99,100
050,05,135,"Arkansas","Sharp County",4,19,154,88,66
050,05,135,"Arkansas","Sharp County",4,20,148,84,64
050,05,135,"Arkansas","Sharp County",4,21,157,87,70
050,05,135,"Arkansas","Sharp County",4,22,165,94,71
050,05,135,"Arkansas","Sharp County",4,23,185,91,94
050,05,135,"Arkansas","Sharp County",4,24,180,97,83
050,05,135,"Arkansas","Sharp County",4,25,175,85,90
050,05,135,"Arkansas","Sharp County",4,26,162,78,84
050,05,135,"Arkansas","Sharp County",4,27,167,101,66
050,05,135,"Arkansas","Sharp County",4,28,179,100,79
050,05,135,"Arkansas","Sharp County",4,29,185,93,92
050,05,135,"Arkansas","Sharp County",4,30,164,77,87
050,05,135,"Arkansas","Sharp County",4,31,197,97,100
050,05,135,"Arkansas","Sharp County",4,32,208,102,106
050,05,135,"Arkansas","Sharp County",4,33,183,96,87
050,05,135,"Arkansas","Sharp County",4,34,176,83,93
050,05,135,"Arkansas","Sharp County",4,35,172,81,91
050,05,135,"Arkansas","Sharp County",4,36,174,88,86
050,05,135,"Arkansas","Sharp County",4,37,182,101,81
050,05,135,"Arkansas","Sharp County",4,38,164,80,84
050,05,135,"Arkansas","Sharp County",4,39,167,73,94
050,05,135,"Arkansas","Sharp County",4,40,198,86,112
050,05,135,"Arkansas","Sharp County",4,41,179,91,88
050,05,135,"Arkansas","Sharp County",4,42,182,91,91
050,05,135,"Arkansas","Sharp County",4,43,191,99,92
050,05,135,"Arkansas","Sharp County",4,44,177,81,96
050,05,135,"Arkansas","Sharp County",4,45,191,95,96
050,05,135,"Arkansas","Sharp County",4,46,199,104,95
050,05,135,"Arkansas","Sharp County",4,47,200,111,89
050,05,135,"Arkansas","Sharp County",4,48,189,99,90
050,05,135,"Arkansas","Sharp County",4,49,212,94,118
050,05,135,"Arkansas","Sharp County",4,50,230,111,119
050,05,135,"Arkansas","Sharp County",4,51,243,117,126
050,05,135,"Arkansas","Sharp County",4,52,209,99,110
050,05,135,"Arkansas","Sharp County",4,53,221,109,112
050,05,135,"Arkansas","Sharp County",4,54,219,125,94
050,05,135,"Arkansas","Sharp County",4,55,230,121,109
050,05,135,"Arkansas","Sharp County",4,56,224,110,114
050,05,135,"Arkansas","Sharp County",4,57,230,116,114
050,05,135,"Arkansas","Sharp County",4,58,266,124,142
050,05,135,"Arkansas","Sharp County",4,59,270,127,143
050,05,135,"Arkansas","Sharp County",4,60,268,126,142
050,05,135,"Arkansas","Sharp County",4,61,296,143,153
050,05,135,"Arkansas","Sharp County",4,62,325,145,180
050,05,135,"Arkansas","Sharp County",4,63,273,127,146
050,05,135,"Arkansas","Sharp County",4,64,286,130,156
050,05,135,"Arkansas","Sharp County",4,65,307,148,159
050,05,135,"Arkansas","Sharp County",4,66,271,131,140
050,05,135,"Arkansas","Sharp County",4,67,296,145,151
050,05,135,"Arkansas","Sharp County",4,68,271,131,140
050,05,135,"Arkansas","Sharp County",4,69,248,110,138
050,05,135,"Arkansas","Sharp County",4,70,250,126,124
050,05,135,"Arkansas","Sharp County",4,71,246,117,129
050,05,135,"Arkansas","Sharp County",4,72,257,112,145
050,05,135,"Arkansas","Sharp County",4,73,230,104,126
050,05,135,"Arkansas","Sharp County",4,74,213,102,111
050,05,135,"Arkansas","Sharp County",4,75,248,121,127
050,05,135,"Arkansas","Sharp County",4,76,160,79,81
050,05,135,"Arkansas","Sharp County",4,77,197,88,109
050,05,135,"Arkansas","Sharp County",4,78,183,88,95
050,05,135,"Arkansas","Sharp County",4,79,182,84,98
050,05,135,"Arkansas","Sharp County",4,80,152,64,88
050,05,135,"Arkansas","Sharp County",4,81,121,54,67
050,05,135,"Arkansas","Sharp County",4,82,113,47,66
050,05,135,"Arkansas","Sharp County",4,83,88,44,44
050,05,135,"Arkansas","Sharp County",4,84,82,38,44
050,05,135,"Arkansas","Sharp County",4,85,456,184,272
050,05,135,"Arkansas","Sharp County",5,0,179,104,75
050,05,135,"Arkansas","Sharp County",5,1,200,103,97
050,05,135,"Arkansas","Sharp County",5,2,160,98,62
050,05,135,"Arkansas","Sharp County",5,3,175,103,72
050,05,135,"Arkansas","Sharp County",5,4,208,105,103
050,05,135,"Arkansas","Sharp County",5,5,224,123,101
050,05,135,"Arkansas","Sharp County",5,6,182,91,91
050,05,135,"Arkansas","Sharp County",5,7,206,106,100
050,05,135,"Arkansas","Sharp County",5,8,189,99,90
050,05,135,"Arkansas","Sharp County",5,9,185,86,99
050,05,135,"Arkansas","Sharp County",5,10,202,100,102
050,05,135,"Arkansas","Sharp County",5,11,209,112,97
050,05,135,"Arkansas","Sharp County",5,12,197,97,100
050,05,135,"Arkansas","Sharp County",5,13,210,96,114
050,05,135,"Arkansas","Sharp County",5,14,230,117,113
050,05,135,"Arkansas","Sharp County",5,15,212,102,110
050,05,135,"Arkansas","Sharp County",5,16,231,120,111
050,05,135,"Arkansas","Sharp County",5,17,236,122,114
050,05,135,"Arkansas","Sharp County",5,18,205,109,96
050,05,135,"Arkansas","Sharp County",5,19,156,76,80
050,05,135,"Arkansas","Sharp County",5,20,158,89,69
050,05,135,"Arkansas","Sharp County",5,21,151,87,64
050,05,135,"Arkansas","Sharp County",5,22,180,98,82
050,05,135,"Arkansas","Sharp County",5,23,182,98,84
050,05,135,"Arkansas","Sharp County",5,24,196,97,99
050,05,135,"Arkansas","Sharp County",5,25,196,101,95
050,05,135,"Arkansas","Sharp County",5,26,191,94,97
050,05,135,"Arkansas","Sharp County",5,27,165,83,82
050,05,135,"Arkansas","Sharp County",5,28,164,99,65
050,05,135,"Arkansas","Sharp County",5,29,166,88,78
050,05,135,"Arkansas","Sharp County",5,30,176,85,91
050,05,135,"Arkansas","Sharp County",5,31,167,82,85
050,05,135,"Arkansas","Sharp County",5,32,194,99,95
050,05,135,"Arkansas","Sharp County",5,33,226,103,123
050,05,135,"Arkansas","Sharp County",5,34,189,95,94
050,05,135,"Arkansas","Sharp County",5,35,157,80,77
050,05,135,"Arkansas","Sharp County",5,36,184,90,94
050,05,135,"Arkansas","Sharp County",5,37,165,75,90
050,05,135,"Arkansas","Sharp County",5,38,184,98,86
050,05,135,"Arkansas","Sharp County",5,39,168,80,88
050,05,135,"Arkansas","Sharp County",5,40,170,79,91
050,05,135,"Arkansas","Sharp County",5,41,210,94,116
050,05,135,"Arkansas","Sharp County",5,42,182,88,94
050,05,135,"Arkansas","Sharp County",5,43,182,88,94
050,05,135,"Arkansas","Sharp County",5,44,185,94,91
050,05,135,"Arkansas","Sharp County",5,45,189,90,99
050,05,135,"Arkansas","Sharp County",5,46,200,101,99
050,05,135,"Arkansas","Sharp County",5,47,201,107,94
050,05,135,"Arkansas","Sharp County",5,48,199,110,89
050,05,135,"Arkansas","Sharp County",5,49,190,103,87
050,05,135,"Arkansas","Sharp County",5,50,215,101,114
050,05,135,"Arkansas","Sharp County",5,51,243,115,128
050,05,135,"Arkansas","Sharp County",5,52,255,120,135
050,05,135,"Arkansas","Sharp County",5,53,214,97,117
050,05,135,"Arkansas","Sharp County",5,54,227,114,113
050,05,135,"Arkansas","Sharp County",5,55,224,129,95
050,05,135,"Arkansas","Sharp County",5,56,250,134,116
050,05,135,"Arkansas","Sharp County",5,57,232,111,121
050,05,135,"Arkansas","Sharp County",5,58,244,121,123
050,05,135,"Arkansas","Sharp County",5,59,276,127,149
050,05,135,"Arkansas","Sharp County",5,60,290,138,152
050,05,135,"Arkansas","Sharp County",5,61,272,130,142
050,05,135,"Arkansas","Sharp County",5,62,302,149,153
050,05,135,"Arkansas","Sharp County",5,63,332,152,180
050,05,135,"Arkansas","Sharp County",5,64,277,124,153
050,05,135,"Arkansas","Sharp County",5,65,286,133,153
050,05,135,"Arkansas","Sharp County",5,66,315,154,161
050,05,135,"Arkansas","Sharp County",5,67,269,130,139
050,05,135,"Arkansas","Sharp County",5,68,298,150,148
050,05,135,"Arkansas","Sharp County",5,69,268,130,138
050,05,135,"Arkansas","Sharp County",5,70,251,112,139
050,05,135,"Arkansas","Sharp County",5,71,240,118,122
050,05,135,"Arkansas","Sharp County",5,72,244,116,128
050,05,135,"Arkansas","Sharp County",5,73,256,113,143
050,05,135,"Arkansas","Sharp County",5,74,217,96,121
050,05,135,"Arkansas","Sharp County",5,75,203,96,107
050,05,135,"Arkansas","Sharp County",5,76,235,114,121
050,05,135,"Arkansas","Sharp County",5,77,150,70,80
050,05,135,"Arkansas","Sharp County",5,78,185,85,100
050,05,135,"Arkansas","Sharp County",5,79,181,85,96
050,05,135,"Arkansas","Sharp County",5,80,171,78,93
050,05,135,"Arkansas","Sharp County",5,81,129,56,73
050,05,135,"Arkansas","Sharp County",5,82,122,53,69
050,05,135,"Arkansas","Sharp County",5,83,99,37,62
050,05,135,"Arkansas","Sharp County",5,84,78,39,39
050,05,135,"Arkansas","Sharp County",5,85,455,183,272
050,05,137,"Arkansas","Stone County",1,0,128,65,63
050,05,137,"Arkansas","Stone County",1,1,124,61,63
050,05,137,"Arkansas","Stone County",1,2,134,65,69
050,05,137,"Arkansas","Stone County",1,3,118,65,53
050,05,137,"Arkansas","Stone County",1,4,127,64,63
050,05,137,"Arkansas","Stone County",1,5,136,69,67
050,05,137,"Arkansas","Stone County",1,6,126,59,67
050,05,137,"Arkansas","Stone County",1,7,113,56,57
050,05,137,"Arkansas","Stone County",1,8,123,65,58
050,05,137,"Arkansas","Stone County",1,9,126,63,63
050,05,137,"Arkansas","Stone County",1,10,145,82,63
050,05,137,"Arkansas","Stone County",1,11,138,70,68
050,05,137,"Arkansas","Stone County",1,12,132,71,61
050,05,137,"Arkansas","Stone County",1,13,139,72,67
050,05,137,"Arkansas","Stone County",1,14,167,85,82
050,05,137,"Arkansas","Stone County",1,15,144,76,68
050,05,137,"Arkansas","Stone County",1,16,163,80,83
050,05,137,"Arkansas","Stone County",1,17,139,74,65
050,05,137,"Arkansas","Stone County",1,18,123,66,57
050,05,137,"Arkansas","Stone County",1,19,101,57,44
050,05,137,"Arkansas","Stone County",1,20,106,53,53
050,05,137,"Arkansas","Stone County",1,21,112,57,55
050,05,137,"Arkansas","Stone County",1,22,111,48,63
050,05,137,"Arkansas","Stone County",1,23,112,59,53
050,05,137,"Arkansas","Stone County",1,24,122,66,56
050,05,137,"Arkansas","Stone County",1,25,117,64,53
050,05,137,"Arkansas","Stone County",1,26,119,64,55
050,05,137,"Arkansas","Stone County",1,27,126,64,62
050,05,137,"Arkansas","Stone County",1,28,120,57,63
050,05,137,"Arkansas","Stone County",1,29,133,68,65
050,05,137,"Arkansas","Stone County",1,30,132,66,66
050,05,137,"Arkansas","Stone County",1,31,126,59,67
050,05,137,"Arkansas","Stone County",1,32,111,54,57
050,05,137,"Arkansas","Stone County",1,33,108,59,49
050,05,137,"Arkansas","Stone County",1,34,101,55,46
050,05,137,"Arkansas","Stone County",1,35,106,54,52
050,05,137,"Arkansas","Stone County",1,36,112,55,57
050,05,137,"Arkansas","Stone County",1,37,120,57,63
050,05,137,"Arkansas","Stone County",1,38,112,69,43
050,05,137,"Arkansas","Stone County",1,39,132,68,64
050,05,137,"Arkansas","Stone County",1,40,117,54,63
050,05,137,"Arkansas","Stone County",1,41,134,67,67
050,05,137,"Arkansas","Stone County",1,42,143,76,67
050,05,137,"Arkansas","Stone County",1,43,141,86,55
050,05,137,"Arkansas","Stone County",1,44,123,62,61
050,05,137,"Arkansas","Stone County",1,45,131,67,64
050,05,137,"Arkansas","Stone County",1,46,130,66,64
050,05,137,"Arkansas","Stone County",1,47,120,65,55
050,05,137,"Arkansas","Stone County",1,48,122,63,59
050,05,137,"Arkansas","Stone County",1,49,118,66,52
050,05,137,"Arkansas","Stone County",1,50,118,57,61
050,05,137,"Arkansas","Stone County",1,51,133,67,66
050,05,137,"Arkansas","Stone County",1,52,128,70,58
050,05,137,"Arkansas","Stone County",1,53,153,79,74
050,05,137,"Arkansas","Stone County",1,54,178,80,98
050,05,137,"Arkansas","Stone County",1,55,189,83,106
050,05,137,"Arkansas","Stone County",1,56,179,83,96
050,05,137,"Arkansas","Stone County",1,57,199,106,93
050,05,137,"Arkansas","Stone County",1,58,222,117,105
050,05,137,"Arkansas","Stone County",1,59,210,109,101
050,05,137,"Arkansas","Stone County",1,60,186,89,97
050,05,137,"Arkansas","Stone County",1,61,200,99,101
050,05,137,"Arkansas","Stone County",1,62,198,105,93
050,05,137,"Arkansas","Stone County",1,63,198,99,99
050,05,137,"Arkansas","Stone County",1,64,225,123,102
050,05,137,"Arkansas","Stone County",1,65,203,92,111
050,05,137,"Arkansas","Stone County",1,66,221,101,120
050,05,137,"Arkansas","Stone County",1,67,206,93,113
050,05,137,"Arkansas","Stone County",1,68,196,97,99
050,05,137,"Arkansas","Stone County",1,69,180,94,86
050,05,137,"Arkansas","Stone County",1,70,187,95,92
050,05,137,"Arkansas","Stone County",1,71,170,91,79
050,05,137,"Arkansas","Stone County",1,72,215,102,113
050,05,137,"Arkansas","Stone County",1,73,193,93,100
050,05,137,"Arkansas","Stone County",1,74,134,62,72
050,05,137,"Arkansas","Stone County",1,75,138,64,74
050,05,137,"Arkansas","Stone County",1,76,148,66,82
050,05,137,"Arkansas","Stone County",1,77,154,73,81
050,05,137,"Arkansas","Stone County",1,78,117,58,59
050,05,137,"Arkansas","Stone County",1,79,114,53,61
050,05,137,"Arkansas","Stone County",1,80,104,48,56
050,05,137,"Arkansas","Stone County",1,81,97,50,47
050,05,137,"Arkansas","Stone County",1,82,83,38,45
050,05,137,"Arkansas","Stone County",1,83,63,30,33
050,05,137,"Arkansas","Stone County",1,84,70,29,41
050,05,137,"Arkansas","Stone County",1,85,382,156,226
050,05,137,"Arkansas","Stone County",2,0,121,61,60
050,05,137,"Arkansas","Stone County",2,1,125,62,63
050,05,137,"Arkansas","Stone County",2,2,132,64,68
050,05,137,"Arkansas","Stone County",2,3,120,65,55
050,05,137,"Arkansas","Stone County",2,4,126,65,61
050,05,137,"Arkansas","Stone County",2,5,134,68,66
050,05,137,"Arkansas","Stone County",2,6,130,62,68
050,05,137,"Arkansas","Stone County",2,7,118,58,60
050,05,137,"Arkansas","Stone County",2,8,120,61,59
050,05,137,"Arkansas","Stone County",2,9,126,63,63
050,05,137,"Arkansas","Stone County",2,10,140,77,63
050,05,137,"Arkansas","Stone County",2,11,137,72,65
050,05,137,"Arkansas","Stone County",2,12,135,72,63
050,05,137,"Arkansas","Stone County",2,13,138,72,66
050,05,137,"Arkansas","Stone County",2,14,161,82,79
050,05,137,"Arkansas","Stone County",2,15,150,77,73
050,05,137,"Arkansas","Stone County",2,16,156,78,78
050,05,137,"Arkansas","Stone County",2,17,145,76,69
050,05,137,"Arkansas","Stone County",2,18,121,66,55
050,05,137,"Arkansas","Stone County",2,19,99,54,45
050,05,137,"Arkansas","Stone County",2,20,107,54,53
050,05,137,"Arkansas","Stone County",2,21,111,56,55
050,05,137,"Arkansas","Stone County",2,22,114,51,63
050,05,137,"Arkansas","Stone County",2,23,113,57,56
050,05,137,"Arkansas","Stone County",2,24,123,67,56
050,05,137,"Arkansas","Stone County",2,25,121,66,55
050,05,137,"Arkansas","Stone County",2,26,119,64,55
050,05,137,"Arkansas","Stone County",2,27,124,64,60
050,05,137,"Arkansas","Stone County",2,28,125,61,64
050,05,137,"Arkansas","Stone County",2,29,131,65,66
050,05,137,"Arkansas","Stone County",2,30,134,67,67
050,05,137,"Arkansas","Stone County",2,31,127,61,66
050,05,137,"Arkansas","Stone County",2,32,117,57,60
050,05,137,"Arkansas","Stone County",2,33,110,59,51
050,05,137,"Arkansas","Stone County",2,34,104,57,47
050,05,137,"Arkansas","Stone County",2,35,104,53,51
050,05,137,"Arkansas","Stone County",2,36,109,55,54
050,05,137,"Arkansas","Stone County",2,37,117,57,60
050,05,137,"Arkansas","Stone County",2,38,117,68,49
050,05,137,"Arkansas","Stone County",2,39,125,67,58
050,05,137,"Arkansas","Stone County",2,40,120,57,63
050,05,137,"Arkansas","Stone County",2,41,128,64,64
050,05,137,"Arkansas","Stone County",2,42,139,73,66
050,05,137,"Arkansas","Stone County",2,43,144,84,60
050,05,137,"Arkansas","Stone County",2,44,125,66,59
050,05,137,"Arkansas","Stone County",2,45,133,68,65
050,05,137,"Arkansas","Stone County",2,46,131,66,65
050,05,137,"Arkansas","Stone County",2,47,122,65,57
050,05,137,"Arkansas","Stone County",2,48,124,65,59
050,05,137,"Arkansas","Stone County",2,49,121,66,55
050,05,137,"Arkansas","Stone County",2,50,119,59,60
050,05,137,"Arkansas","Stone County",2,51,128,64,64
050,05,137,"Arkansas","Stone County",2,52,130,70,60
050,05,137,"Arkansas","Stone County",2,53,144,74,70
050,05,137,"Arkansas","Stone County",2,54,174,81,93
050,05,137,"Arkansas","Stone County",2,55,187,83,104
050,05,137,"Arkansas","Stone County",2,56,183,84,99
050,05,137,"Arkansas","Stone County",2,57,192,100,92
050,05,137,"Arkansas","Stone County",2,58,216,114,102
050,05,137,"Arkansas","Stone County",2,59,213,111,102
050,05,137,"Arkansas","Stone County",2,60,194,95,99
050,05,137,"Arkansas","Stone County",2,61,194,94,100
050,05,137,"Arkansas","Stone County",2,62,199,103,96
050,05,137,"Arkansas","Stone County",2,63,202,103,99
050,05,137,"Arkansas","Stone County",2,64,215,114,101
050,05,137,"Arkansas","Stone County",2,65,207,100,107
050,05,137,"Arkansas","Stone County",2,66,217,98,119
050,05,137,"Arkansas","Stone County",2,67,210,96,114
050,05,137,"Arkansas","Stone County",2,68,196,96,100
050,05,137,"Arkansas","Stone County",2,69,186,95,91
050,05,137,"Arkansas","Stone County",2,70,183,94,89
050,05,137,"Arkansas","Stone County",2,71,173,93,80
050,05,137,"Arkansas","Stone County",2,72,200,97,103
050,05,137,"Arkansas","Stone County",2,73,206,96,110
050,05,137,"Arkansas","Stone County",2,74,136,65,71
050,05,137,"Arkansas","Stone County",2,75,138,65,73
050,05,137,"Arkansas","Stone County",2,76,143,62,81
050,05,137,"Arkansas","Stone County",2,77,154,73,81
050,05,137,"Arkansas","Stone County",2,78,123,60,63
050,05,137,"Arkansas","Stone County",2,79,112,54,58
050,05,137,"Arkansas","Stone County",2,80,104,48,56
050,05,137,"Arkansas","Stone County",2,81,95,49,46
050,05,137,"Arkansas","Stone County",2,82,85,40,45
050,05,137,"Arkansas","Stone County",2,83,65,31,34
050,05,137,"Arkansas","Stone County",2,84,67,28,39
050,05,137,"Arkansas","Stone County",2,85,386,156,230
050,05,137,"Arkansas","Stone County",3,0,118,62,56
050,05,137,"Arkansas","Stone County",3,1,126,61,65
050,05,137,"Arkansas","Stone County",3,2,141,69,72
050,05,137,"Arkansas","Stone County",3,3,128,63,65
050,05,137,"Arkansas","Stone County",3,4,132,76,56
050,05,137,"Arkansas","Stone County",3,5,130,64,66
050,05,137,"Arkansas","Stone County",3,6,137,71,66
050,05,137,"Arkansas","Stone County",3,7,129,66,63
050,05,137,"Arkansas","Stone County",3,8,119,54,65
050,05,137,"Arkansas","Stone County",3,9,121,60,61
050,05,137,"Arkansas","Stone County",3,10,124,61,63
050,05,137,"Arkansas","Stone County",3,11,144,79,65
050,05,137,"Arkansas","Stone County",3,12,144,80,64
050,05,137,"Arkansas","Stone County",3,13,136,75,61
050,05,137,"Arkansas","Stone County",3,14,141,70,71
050,05,137,"Arkansas","Stone County",3,15,158,81,77
050,05,137,"Arkansas","Stone County",3,16,161,80,81
050,05,137,"Arkansas","Stone County",3,17,164,75,89
050,05,137,"Arkansas","Stone County",3,18,119,65,54
050,05,137,"Arkansas","Stone County",3,19,97,57,40
050,05,137,"Arkansas","Stone County",3,20,100,57,43
050,05,137,"Arkansas","Stone County",3,21,122,58,64
050,05,137,"Arkansas","Stone County",3,22,121,62,59
050,05,137,"Arkansas","Stone County",3,23,110,55,55
050,05,137,"Arkansas","Stone County",3,24,111,56,55
050,05,137,"Arkansas","Stone County",3,25,123,66,57
050,05,137,"Arkansas","Stone County",3,26,111,54,57
050,05,137,"Arkansas","Stone County",3,27,120,68,52
050,05,137,"Arkansas","Stone County",3,28,120,56,64
050,05,137,"Arkansas","Stone County",3,29,124,57,67
050,05,137,"Arkansas","Stone County",3,30,137,65,72
050,05,137,"Arkansas","Stone County",3,31,131,70,61
050,05,137,"Arkansas","Stone County",3,32,136,67,69
050,05,137,"Arkansas","Stone County",3,33,119,59,60
050,05,137,"Arkansas","Stone County",3,34,107,56,51
050,05,137,"Arkansas","Stone County",3,35,119,66,53
050,05,137,"Arkansas","Stone County",3,36,108,58,50
050,05,137,"Arkansas","Stone County",3,37,121,56,65
050,05,137,"Arkansas","Stone County",3,38,116,54,62
050,05,137,"Arkansas","Stone County",3,39,118,72,46
050,05,137,"Arkansas","Stone County",3,40,128,68,60
050,05,137,"Arkansas","Stone County",3,41,124,60,64
050,05,137,"Arkansas","Stone County",3,42,135,72,63
050,05,137,"Arkansas","Stone County",3,43,154,78,76
050,05,137,"Arkansas","Stone County",3,44,139,78,61
050,05,137,"Arkansas","Stone County",3,45,122,67,55
050,05,137,"Arkansas","Stone County",3,46,134,68,66
050,05,137,"Arkansas","Stone County",3,47,126,64,62
050,05,137,"Arkansas","Stone County",3,48,116,63,53
050,05,137,"Arkansas","Stone County",3,49,120,65,55
050,05,137,"Arkansas","Stone County",3,50,131,70,61
050,05,137,"Arkansas","Stone County",3,51,126,62,64
050,05,137,"Arkansas","Stone County",3,52,130,66,64
050,05,137,"Arkansas","Stone County",3,53,133,68,65
050,05,137,"Arkansas","Stone County",3,54,152,81,71
050,05,137,"Arkansas","Stone County",3,55,179,80,99
050,05,137,"Arkansas","Stone County",3,56,187,81,106
050,05,137,"Arkansas","Stone County",3,57,188,86,102
050,05,137,"Arkansas","Stone County",3,58,184,91,93
050,05,137,"Arkansas","Stone County",3,59,208,109,99
050,05,137,"Arkansas","Stone County",3,60,209,112,97
050,05,137,"Arkansas","Stone County",3,61,200,95,105
050,05,137,"Arkansas","Stone County",3,62,198,100,98
050,05,137,"Arkansas","Stone County",3,63,216,109,107
050,05,137,"Arkansas","Stone County",3,64,212,107,105
050,05,137,"Arkansas","Stone County",3,65,214,114,100
050,05,137,"Arkansas","Stone County",3,66,204,98,106
050,05,137,"Arkansas","Stone County",3,67,222,103,119
050,05,137,"Arkansas","Stone County",3,68,198,88,110
050,05,137,"Arkansas","Stone County",3,69,199,100,99
050,05,137,"Arkansas","Stone County",3,70,189,96,93
050,05,137,"Arkansas","Stone County",3,71,182,95,87
050,05,137,"Arkansas","Stone County",3,72,169,91,78
050,05,137,"Arkansas","Stone County",3,73,201,98,103
050,05,137,"Arkansas","Stone County",3,74,193,86,107
050,05,137,"Arkansas","Stone County",3,75,125,61,64
050,05,137,"Arkansas","Stone County",3,76,138,61,77
050,05,137,"Arkansas","Stone County",3,77,133,56,77
050,05,137,"Arkansas","Stone County",3,78,154,73,81
050,05,137,"Arkansas","Stone County",3,79,114,57,57
050,05,137,"Arkansas","Stone County",3,80,101,46,55
050,05,137,"Arkansas","Stone County",3,81,95,45,50
050,05,137,"Arkansas","Stone County",3,82,86,41,45
050,05,137,"Arkansas","Stone County",3,83,75,35,40
050,05,137,"Arkansas","Stone County",3,84,64,31,33
050,05,137,"Arkansas","Stone County",3,85,391,152,239
050,05,137,"Arkansas","Stone County",4,0,125,64,61
050,05,137,"Arkansas","Stone County",4,1,125,71,54
050,05,137,"Arkansas","Stone County",4,2,135,68,67
050,05,137,"Arkansas","Stone County",4,3,133,63,70
050,05,137,"Arkansas","Stone County",4,4,125,62,63
050,05,137,"Arkansas","Stone County",4,5,134,76,58
050,05,137,"Arkansas","Stone County",4,6,134,70,64
050,05,137,"Arkansas","Stone County",4,7,133,68,65
050,05,137,"Arkansas","Stone County",4,8,136,71,65
050,05,137,"Arkansas","Stone County",4,9,132,60,72
050,05,137,"Arkansas","Stone County",4,10,122,60,62
050,05,137,"Arkansas","Stone County",4,11,129,61,68
050,05,137,"Arkansas","Stone County",4,12,159,88,71
050,05,137,"Arkansas","Stone County",4,13,151,79,72
050,05,137,"Arkansas","Stone County",4,14,147,80,67
050,05,137,"Arkansas","Stone County",4,15,145,73,72
050,05,137,"Arkansas","Stone County",4,16,163,83,80
050,05,137,"Arkansas","Stone County",4,17,158,74,84
050,05,137,"Arkansas","Stone County",4,18,134,61,73
050,05,137,"Arkansas","Stone County",4,19,93,51,42
050,05,137,"Arkansas","Stone County",4,20,101,58,43
050,05,137,"Arkansas","Stone County",4,21,100,55,45
050,05,137,"Arkansas","Stone County",4,22,119,58,61
050,05,137,"Arkansas","Stone County",4,23,124,59,65
050,05,137,"Arkansas","Stone County",4,24,104,55,49
050,05,137,"Arkansas","Stone County",4,25,112,58,54
050,05,137,"Arkansas","Stone County",4,26,124,65,59
050,05,137,"Arkansas","Stone County",4,27,104,51,53
050,05,137,"Arkansas","Stone County",4,28,116,64,52
050,05,137,"Arkansas","Stone County",4,29,112,51,61
050,05,137,"Arkansas","Stone County",4,30,129,63,66
050,05,137,"Arkansas","Stone County",4,31,139,68,71
050,05,137,"Arkansas","Stone County",4,32,138,79,59
050,05,137,"Arkansas","Stone County",4,33,139,63,76
050,05,137,"Arkansas","Stone County",4,34,128,60,68
050,05,137,"Arkansas","Stone County",4,35,108,58,50
050,05,137,"Arkansas","Stone County",4,36,120,68,52
050,05,137,"Arkansas","Stone County",4,37,106,56,50
050,05,137,"Arkansas","Stone County",4,38,130,59,71
050,05,137,"Arkansas","Stone County",4,39,123,59,64
050,05,137,"Arkansas","Stone County",4,40,132,81,51
050,05,137,"Arkansas","Stone County",4,41,121,63,58
050,05,137,"Arkansas","Stone County",4,42,138,66,72
050,05,137,"Arkansas","Stone County",4,43,137,74,63
050,05,137,"Arkansas","Stone County",4,44,159,80,79
050,05,137,"Arkansas","Stone County",4,45,147,83,64
050,05,137,"Arkansas","Stone County",4,46,134,71,63
050,05,137,"Arkansas","Stone County",4,47,137,69,68
050,05,137,"Arkansas","Stone County",4,48,130,66,64
050,05,137,"Arkansas","Stone County",4,49,125,65,60
050,05,137,"Arkansas","Stone County",4,50,128,69,59
050,05,137,"Arkansas","Stone County",4,51,136,75,61
050,05,137,"Arkansas","Stone County",4,52,125,63,62
050,05,137,"Arkansas","Stone County",4,53,142,74,68
050,05,137,"Arkansas","Stone County",4,54,131,68,63
050,05,137,"Arkansas","Stone County",4,55,158,86,72
050,05,137,"Arkansas","Stone County",4,56,191,86,105
050,05,137,"Arkansas","Stone County",4,57,191,81,110
050,05,137,"Arkansas","Stone County",4,58,189,86,103
050,05,137,"Arkansas","Stone County",4,59,175,88,87
050,05,137,"Arkansas","Stone County",4,60,212,104,108
050,05,137,"Arkansas","Stone County",4,61,207,106,101
050,05,137,"Arkansas","Stone County",4,62,211,102,109
050,05,137,"Arkansas","Stone County",4,63,198,97,101
050,05,137,"Arkansas","Stone County",4,64,221,110,111
050,05,137,"Arkansas","Stone County",4,65,217,111,106
050,05,137,"Arkansas","Stone County",4,66,211,112,99
050,05,137,"Arkansas","Stone County",4,67,208,97,111
050,05,137,"Arkansas","Stone County",4,68,225,102,123
050,05,137,"Arkansas","Stone County",4,69,200,92,108
050,05,137,"Arkansas","Stone County",4,70,200,99,101
050,05,137,"Arkansas","Stone County",4,71,188,94,94
050,05,137,"Arkansas","Stone County",4,72,178,96,82
050,05,137,"Arkansas","Stone County",4,73,172,89,83
050,05,137,"Arkansas","Stone County",4,74,189,90,99
050,05,137,"Arkansas","Stone County",4,75,176,83,93
050,05,137,"Arkansas","Stone County",4,76,124,56,68
050,05,137,"Arkansas","Stone County",4,77,125,53,72
050,05,137,"Arkansas","Stone County",4,78,129,53,76
050,05,137,"Arkansas","Stone County",4,79,151,71,80
050,05,137,"Arkansas","Stone County",4,80,105,53,52
050,05,137,"Arkansas","Stone County",4,81,98,43,55
050,05,137,"Arkansas","Stone County",4,82,90,40,50
050,05,137,"Arkansas","Stone County",4,83,77,37,40
050,05,137,"Arkansas","Stone County",4,84,76,36,40
050,05,137,"Arkansas","Stone County",4,85,382,158,224
050,05,137,"Arkansas","Stone County",5,0,125,64,61
050,05,137,"Arkansas","Stone County",5,1,124,71,53
050,05,137,"Arkansas","Stone County",5,2,113,64,49
050,05,137,"Arkansas","Stone County",5,3,134,66,68
050,05,137,"Arkansas","Stone County",5,4,133,66,67
050,05,137,"Arkansas","Stone County",5,5,120,60,60
050,05,137,"Arkansas","Stone County",5,6,140,75,65
050,05,137,"Arkansas","Stone County",5,7,144,77,67
050,05,137,"Arkansas","Stone County",5,8,139,70,69
050,05,137,"Arkansas","Stone County",5,9,137,68,69
050,05,137,"Arkansas","Stone County",5,10,144,71,73
050,05,137,"Arkansas","Stone County",5,11,130,62,68
050,05,137,"Arkansas","Stone County",5,12,128,63,65
050,05,137,"Arkansas","Stone County",5,13,162,90,72
050,05,137,"Arkansas","Stone County",5,14,154,79,75
050,05,137,"Arkansas","Stone County",5,15,151,77,74
050,05,137,"Arkansas","Stone County",5,16,150,76,74
050,05,137,"Arkansas","Stone County",5,17,162,81,81
050,05,137,"Arkansas","Stone County",5,18,130,64,66
050,05,137,"Arkansas","Stone County",5,19,101,50,51
050,05,137,"Arkansas","Stone County",5,20,108,61,47
050,05,137,"Arkansas","Stone County",5,21,100,58,42
050,05,137,"Arkansas","Stone County",5,22,105,58,47
050,05,137,"Arkansas","Stone County",5,23,132,66,66
050,05,137,"Arkansas","Stone County",5,24,123,62,61
050,05,137,"Arkansas","Stone County",5,25,108,57,51
050,05,137,"Arkansas","Stone County",5,26,116,60,56
050,05,137,"Arkansas","Stone County",5,27,120,64,56
050,05,137,"Arkansas","Stone County",5,28,102,56,46
050,05,137,"Arkansas","Stone County",5,29,115,61,54
050,05,137,"Arkansas","Stone County",5,30,118,57,61
050,05,137,"Arkansas","Stone County",5,31,132,67,65
050,05,137,"Arkansas","Stone County",5,32,138,66,72
050,05,137,"Arkansas","Stone County",5,33,134,76,58
050,05,137,"Arkansas","Stone County",5,34,144,64,80
050,05,137,"Arkansas","Stone County",5,35,118,52,66
050,05,137,"Arkansas","Stone County",5,36,115,61,54
050,05,137,"Arkansas","Stone County",5,37,121,63,58
050,05,137,"Arkansas","Stone County",5,38,117,62,55
050,05,137,"Arkansas","Stone County",5,39,131,61,70
050,05,137,"Arkansas","Stone County",5,40,127,61,66
050,05,137,"Arkansas","Stone County",5,41,134,84,50
050,05,137,"Arkansas","Stone County",5,42,120,61,59
050,05,137,"Arkansas","Stone County",5,43,135,68,67
050,05,137,"Arkansas","Stone County",5,44,136,68,68
050,05,137,"Arkansas","Stone County",5,45,158,79,79
050,05,137,"Arkansas","Stone County",5,46,149,86,63
050,05,137,"Arkansas","Stone County",5,47,137,74,63
050,05,137,"Arkansas","Stone County",5,48,139,68,71
050,05,137,"Arkansas","Stone County",5,49,124,66,58
050,05,137,"Arkansas","Stone County",5,50,129,71,58
050,05,137,"Arkansas","Stone County",5,51,129,69,60
050,05,137,"Arkansas","Stone County",5,52,146,78,68
050,05,137,"Arkansas","Stone County",5,53,126,60,66
050,05,137,"Arkansas","Stone County",5,54,137,72,65
050,05,137,"Arkansas","Stone County",5,55,141,73,68
050,05,137,"Arkansas","Stone County",5,56,160,87,73
050,05,137,"Arkansas","Stone County",5,57,192,85,107
050,05,137,"Arkansas","Stone County",5,58,197,81,116
050,05,137,"Arkansas","Stone County",5,59,192,89,103
050,05,137,"Arkansas","Stone County",5,60,175,88,87
050,05,137,"Arkansas","Stone County",5,61,214,106,108
050,05,137,"Arkansas","Stone County",5,62,206,105,101
050,05,137,"Arkansas","Stone County",5,63,206,101,105
050,05,137,"Arkansas","Stone County",5,64,209,102,107
050,05,137,"Arkansas","Stone County",5,65,220,108,112
050,05,137,"Arkansas","Stone County",5,66,213,112,101
050,05,137,"Arkansas","Stone County",5,67,216,114,102
050,05,137,"Arkansas","Stone County",5,68,212,94,118
050,05,137,"Arkansas","Stone County",5,69,225,103,122
050,05,137,"Arkansas","Stone County",5,70,205,95,110
050,05,137,"Arkansas","Stone County",5,71,205,102,103
050,05,137,"Arkansas","Stone County",5,72,186,93,93
050,05,137,"Arkansas","Stone County",5,73,178,97,81
050,05,137,"Arkansas","Stone County",5,74,170,87,83
050,05,137,"Arkansas","Stone County",5,75,175,89,86
050,05,137,"Arkansas","Stone County",5,76,177,82,95
050,05,137,"Arkansas","Stone County",5,77,111,52,59
050,05,137,"Arkansas","Stone County",5,78,122,53,69
050,05,137,"Arkansas","Stone County",5,79,125,49,76
050,05,137,"Arkansas","Stone County",5,80,145,64,81
050,05,137,"Arkansas","Stone County",5,81,99,49,50
050,05,137,"Arkansas","Stone County",5,82,91,36,55
050,05,137,"Arkansas","Stone County",5,83,85,39,46
050,05,137,"Arkansas","Stone County",5,84,76,35,41
050,05,137,"Arkansas","Stone County",5,85,399,171,228
050,05,139,"Arkansas","Union County",1,0,430,219,211
050,05,139,"Arkansas","Union County",1,1,447,218,229
050,05,139,"Arkansas","Union County",1,2,494,240,254
050,05,139,"Arkansas","Union County",1,3,536,266,270
050,05,139,"Arkansas","Union County",1,4,554,274,280
050,05,139,"Arkansas","Union County",1,5,514,257,257
050,05,139,"Arkansas","Union County",1,6,518,253,265
050,05,139,"Arkansas","Union County",1,7,502,253,249
050,05,139,"Arkansas","Union County",1,8,521,286,235
050,05,139,"Arkansas","Union County",1,9,527,274,253
050,05,139,"Arkansas","Union County",1,10,546,266,280
050,05,139,"Arkansas","Union County",1,11,556,287,269
050,05,139,"Arkansas","Union County",1,12,585,318,267
050,05,139,"Arkansas","Union County",1,13,566,314,252
050,05,139,"Arkansas","Union County",1,14,529,262,267
050,05,139,"Arkansas","Union County",1,15,543,266,277
050,05,139,"Arkansas","Union County",1,16,533,270,263
050,05,139,"Arkansas","Union County",1,17,536,278,258
050,05,139,"Arkansas","Union County",1,18,446,255,191
050,05,139,"Arkansas","Union County",1,19,388,209,179
050,05,139,"Arkansas","Union County",1,20,401,209,192
050,05,139,"Arkansas","Union County",1,21,413,226,187
050,05,139,"Arkansas","Union County",1,22,435,218,217
050,05,139,"Arkansas","Union County",1,23,456,227,229
050,05,139,"Arkansas","Union County",1,24,467,223,244
050,05,139,"Arkansas","Union County",1,25,465,214,251
050,05,139,"Arkansas","Union County",1,26,470,235,235
050,05,139,"Arkansas","Union County",1,27,457,230,227
050,05,139,"Arkansas","Union County",1,28,469,240,229
050,05,139,"Arkansas","Union County",1,29,461,240,221
050,05,139,"Arkansas","Union County",1,30,460,239,221
050,05,139,"Arkansas","Union County",1,31,463,213,250
050,05,139,"Arkansas","Union County",1,32,432,189,243
050,05,139,"Arkansas","Union County",1,33,435,212,223
050,05,139,"Arkansas","Union County",1,34,436,227,209
050,05,139,"Arkansas","Union County",1,35,451,226,225
050,05,139,"Arkansas","Union County",1,36,467,213,254
050,05,139,"Arkansas","Union County",1,37,488,239,249
050,05,139,"Arkansas","Union County",1,38,485,242,243
050,05,139,"Arkansas","Union County",1,39,502,244,258
050,05,139,"Arkansas","Union County",1,40,504,249,255
050,05,139,"Arkansas","Union County",1,41,489,238,251
050,05,139,"Arkansas","Union County",1,42,447,223,224
050,05,139,"Arkansas","Union County",1,43,440,224,216
050,05,139,"Arkansas","Union County",1,44,422,208,214
050,05,139,"Arkansas","Union County",1,45,422,197,225
050,05,139,"Arkansas","Union County",1,46,467,217,250
050,05,139,"Arkansas","Union County",1,47,446,214,232
050,05,139,"Arkansas","Union County",1,48,495,233,262
050,05,139,"Arkansas","Union County",1,49,519,241,278
050,05,139,"Arkansas","Union County",1,50,504,248,256
050,05,139,"Arkansas","Union County",1,51,460,226,234
050,05,139,"Arkansas","Union County",1,52,457,225,232
050,05,139,"Arkansas","Union County",1,53,423,208,215
050,05,139,"Arkansas","Union County",1,54,469,234,235
050,05,139,"Arkansas","Union County",1,55,553,275,278
050,05,139,"Arkansas","Union County",1,56,525,274,251
050,05,139,"Arkansas","Union County",1,57,555,277,278
050,05,139,"Arkansas","Union County",1,58,596,296,300
050,05,139,"Arkansas","Union County",1,59,585,277,308
050,05,139,"Arkansas","Union County",1,60,571,267,304
050,05,139,"Arkansas","Union County",1,61,529,255,274
050,05,139,"Arkansas","Union County",1,62,551,267,284
050,05,139,"Arkansas","Union County",1,63,522,257,265
050,05,139,"Arkansas","Union County",1,64,538,262,276
050,05,139,"Arkansas","Union County",1,65,550,273,277
050,05,139,"Arkansas","Union County",1,66,516,245,271
050,05,139,"Arkansas","Union County",1,67,499,242,257
050,05,139,"Arkansas","Union County",1,68,438,198,240
050,05,139,"Arkansas","Union County",1,69,420,184,236
050,05,139,"Arkansas","Union County",1,70,422,195,227
050,05,139,"Arkansas","Union County",1,71,395,195,200
050,05,139,"Arkansas","Union County",1,72,364,196,168
050,05,139,"Arkansas","Union County",1,73,365,171,194
050,05,139,"Arkansas","Union County",1,74,281,124,157
050,05,139,"Arkansas","Union County",1,75,294,123,171
050,05,139,"Arkansas","Union County",1,76,292,138,154
050,05,139,"Arkansas","Union County",1,77,257,125,132
050,05,139,"Arkansas","Union County",1,78,222,101,121
050,05,139,"Arkansas","Union County",1,79,218,88,130
050,05,139,"Arkansas","Union County",1,80,214,96,118
050,05,139,"Arkansas","Union County",1,81,200,82,118
050,05,139,"Arkansas","Union County",1,82,165,64,101
050,05,139,"Arkansas","Union County",1,83,148,63,85
050,05,139,"Arkansas","Union County",1,84,136,51,85
050,05,139,"Arkansas","Union County",1,85,781,259,522
050,05,139,"Arkansas","Union County",2,0,423,217,206
050,05,139,"Arkansas","Union County",2,1,442,216,226
050,05,139,"Arkansas","Union County",2,2,481,233,248
050,05,139,"Arkansas","Union County",2,3,526,259,267
050,05,139,"Arkansas","Union County",2,4,552,275,277
050,05,139,"Arkansas","Union County",2,5,524,262,262
050,05,139,"Arkansas","Union County",2,6,517,252,265
050,05,139,"Arkansas","Union County",2,7,505,251,254
050,05,139,"Arkansas","Union County",2,8,515,276,239
050,05,139,"Arkansas","Union County",2,9,528,275,253
050,05,139,"Arkansas","Union County",2,10,539,265,274
050,05,139,"Arkansas","Union County",2,11,547,280,267
050,05,139,"Arkansas","Union County",2,12,578,312,266
050,05,139,"Arkansas","Union County",2,13,567,313,254
050,05,139,"Arkansas","Union County",2,14,535,272,263
050,05,139,"Arkansas","Union County",2,15,540,266,274
050,05,139,"Arkansas","Union County",2,16,533,268,265
050,05,139,"Arkansas","Union County",2,17,530,274,256
050,05,139,"Arkansas","Union County",2,18,447,250,197
050,05,139,"Arkansas","Union County",2,19,389,212,177
050,05,139,"Arkansas","Union County",2,20,405,213,192
050,05,139,"Arkansas","Union County",2,21,415,224,191
050,05,139,"Arkansas","Union County",2,22,440,226,214
050,05,139,"Arkansas","Union County",2,23,456,227,229
050,05,139,"Arkansas","Union County",2,24,465,223,242
050,05,139,"Arkansas","Union County",2,25,468,219,249
050,05,139,"Arkansas","Union County",2,26,467,229,238
050,05,139,"Arkansas","Union County",2,27,458,227,231
050,05,139,"Arkansas","Union County",2,28,468,238,230
050,05,139,"Arkansas","Union County",2,29,459,239,220
050,05,139,"Arkansas","Union County",2,30,462,240,222
050,05,139,"Arkansas","Union County",2,31,461,219,242
050,05,139,"Arkansas","Union County",2,32,438,195,243
050,05,139,"Arkansas","Union County",2,33,433,207,226
050,05,139,"Arkansas","Union County",2,34,432,221,211
050,05,139,"Arkansas","Union County",2,35,447,224,223
050,05,139,"Arkansas","Union County",2,36,461,215,246
050,05,139,"Arkansas","Union County",2,37,480,231,249
050,05,139,"Arkansas","Union County",2,38,488,243,245
050,05,139,"Arkansas","Union County",2,39,497,243,254
050,05,139,"Arkansas","Union County",2,40,506,250,256
050,05,139,"Arkansas","Union County",2,41,489,240,249
050,05,139,"Arkansas","Union County",2,42,451,224,227
050,05,139,"Arkansas","Union County",2,43,445,225,220
050,05,139,"Arkansas","Union County",2,44,421,209,212
050,05,139,"Arkansas","Union County",2,45,427,202,225
050,05,139,"Arkansas","Union County",2,46,451,210,241
050,05,139,"Arkansas","Union County",2,47,447,212,235
050,05,139,"Arkansas","Union County",2,48,484,228,256
050,05,139,"Arkansas","Union County",2,49,516,241,275
050,05,139,"Arkansas","Union County",2,50,504,244,260
050,05,139,"Arkansas","Union County",2,51,467,231,236
050,05,139,"Arkansas","Union County",2,52,460,227,233
050,05,139,"Arkansas","Union County",2,53,428,208,220
050,05,139,"Arkansas","Union County",2,54,453,227,226
050,05,139,"Arkansas","Union County",2,55,530,265,265
050,05,139,"Arkansas","Union County",2,56,528,271,257
050,05,139,"Arkansas","Union County",2,57,546,276,270
050,05,139,"Arkansas","Union County",2,58,586,292,294
050,05,139,"Arkansas","Union County",2,59,587,282,305
050,05,139,"Arkansas","Union County",2,60,571,266,305
050,05,139,"Arkansas","Union County",2,61,532,251,281
050,05,139,"Arkansas","Union County",2,62,542,263,279
050,05,139,"Arkansas","Union County",2,63,533,260,273
050,05,139,"Arkansas","Union County",2,64,526,255,271
050,05,139,"Arkansas","Union County",2,65,544,270,274
050,05,139,"Arkansas","Union County",2,66,517,247,270
050,05,139,"Arkansas","Union County",2,67,493,237,256
050,05,139,"Arkansas","Union County",2,68,446,205,241
050,05,139,"Arkansas","Union County",2,69,427,187,240
050,05,139,"Arkansas","Union County",2,70,418,191,227
050,05,139,"Arkansas","Union County",2,71,399,193,206
050,05,139,"Arkansas","Union County",2,72,359,188,171
050,05,139,"Arkansas","Union County",2,73,377,182,195
050,05,139,"Arkansas","Union County",2,74,282,128,154
050,05,139,"Arkansas","Union County",2,75,292,121,171
050,05,139,"Arkansas","Union County",2,76,282,131,151
050,05,139,"Arkansas","Union County",2,77,267,131,136
050,05,139,"Arkansas","Union County",2,78,227,105,122
050,05,139,"Arkansas","Union County",2,79,209,86,123
050,05,139,"Arkansas","Union County",2,80,216,96,120
050,05,139,"Arkansas","Union County",2,81,202,81,121
050,05,139,"Arkansas","Union County",2,82,169,65,104
050,05,139,"Arkansas","Union County",2,83,146,63,83
050,05,139,"Arkansas","Union County",2,84,133,53,80
050,05,139,"Arkansas","Union County",2,85,778,259,519
050,05,139,"Arkansas","Union County",3,0,434,197,237
050,05,139,"Arkansas","Union County",3,1,426,222,204
050,05,139,"Arkansas","Union County",3,2,451,221,230
050,05,139,"Arkansas","Union County",3,3,478,232,246
050,05,139,"Arkansas","Union County",3,4,524,258,266
050,05,139,"Arkansas","Union County",3,5,534,270,264
050,05,139,"Arkansas","Union County",3,6,524,256,268
050,05,139,"Arkansas","Union County",3,7,511,244,267
050,05,139,"Arkansas","Union County",3,8,493,243,250
050,05,139,"Arkansas","Union County",3,9,507,271,236
050,05,139,"Arkansas","Union County",3,10,514,265,249
050,05,139,"Arkansas","Union County",3,11,542,273,269
050,05,139,"Arkansas","Union County",3,12,534,274,260
050,05,139,"Arkansas","Union County",3,13,562,304,258
050,05,139,"Arkansas","Union County",3,14,564,312,252
050,05,139,"Arkansas","Union County",3,15,547,276,271
050,05,139,"Arkansas","Union County",3,16,545,268,277
050,05,139,"Arkansas","Union County",3,17,533,266,267
050,05,139,"Arkansas","Union County",3,18,453,235,218
050,05,139,"Arkansas","Union County",3,19,388,217,171
050,05,139,"Arkansas","Union County",3,20,406,214,192
050,05,139,"Arkansas","Union County",3,21,418,219,199
050,05,139,"Arkansas","Union County",3,22,429,220,209
050,05,139,"Arkansas","Union County",3,23,454,236,218
050,05,139,"Arkansas","Union County",3,24,463,225,238
050,05,139,"Arkansas","Union County",3,25,442,216,226
050,05,139,"Arkansas","Union County",3,26,436,214,222
050,05,139,"Arkansas","Union County",3,27,457,219,238
050,05,139,"Arkansas","Union County",3,28,455,224,231
050,05,139,"Arkansas","Union County",3,29,470,247,223
050,05,139,"Arkansas","Union County",3,30,450,232,218
050,05,139,"Arkansas","Union County",3,31,453,233,220
050,05,139,"Arkansas","Union County",3,32,457,212,245
050,05,139,"Arkansas","Union County",3,33,438,198,240
050,05,139,"Arkansas","Union County",3,34,417,194,223
050,05,139,"Arkansas","Union County",3,35,427,216,211
050,05,139,"Arkansas","Union County",3,36,447,224,223
050,05,139,"Arkansas","Union County",3,37,458,219,239
050,05,139,"Arkansas","Union County",3,38,465,220,245
050,05,139,"Arkansas","Union County",3,39,465,227,238
050,05,139,"Arkansas","Union County",3,40,502,249,253
050,05,139,"Arkansas","Union County",3,41,505,246,259
050,05,139,"Arkansas","Union County",3,42,478,237,241
050,05,139,"Arkansas","Union County",3,43,463,227,236
050,05,139,"Arkansas","Union County",3,44,435,223,212
050,05,139,"Arkansas","Union County",3,45,414,199,215
050,05,139,"Arkansas","Union County",3,46,432,207,225
050,05,139,"Arkansas","Union County",3,47,437,208,229
050,05,139,"Arkansas","Union County",3,48,441,212,229
050,05,139,"Arkansas","Union County",3,49,470,225,245
050,05,139,"Arkansas","Union County",3,50,500,232,268
050,05,139,"Arkansas","Union County",3,51,494,238,256
050,05,139,"Arkansas","Union County",3,52,474,239,235
050,05,139,"Arkansas","Union County",3,53,445,210,235
050,05,139,"Arkansas","Union County",3,54,417,207,210
050,05,139,"Arkansas","Union County",3,55,447,226,221
050,05,139,"Arkansas","Union County",3,56,506,250,256
050,05,139,"Arkansas","Union County",3,57,509,263,246
050,05,139,"Arkansas","Union County",3,58,541,273,268
050,05,139,"Arkansas","Union County",3,59,565,287,278
050,05,139,"Arkansas","Union County",3,60,572,267,305
050,05,139,"Arkansas","Union County",3,61,553,259,294
050,05,139,"Arkansas","Union County",3,62,509,241,268
050,05,139,"Arkansas","Union County",3,63,519,253,266
050,05,139,"Arkansas","Union County",3,64,515,256,259
050,05,139,"Arkansas","Union County",3,65,510,248,262
050,05,139,"Arkansas","Union County",3,66,528,263,265
050,05,139,"Arkansas","Union County",3,67,493,232,261
050,05,139,"Arkansas","Union County",3,68,482,227,255
050,05,139,"Arkansas","Union County",3,69,435,201,234
050,05,139,"Arkansas","Union County",3,70,406,180,226
050,05,139,"Arkansas","Union County",3,71,410,182,228
050,05,139,"Arkansas","Union County",3,72,373,180,193
050,05,139,"Arkansas","Union County",3,73,346,175,171
050,05,139,"Arkansas","Union County",3,74,371,182,189
050,05,139,"Arkansas","Union County",3,75,277,113,164
050,05,139,"Arkansas","Union County",3,76,268,119,149
050,05,139,"Arkansas","Union County",3,77,257,121,136
050,05,139,"Arkansas","Union County",3,78,260,127,133
050,05,139,"Arkansas","Union County",3,79,195,86,109
050,05,139,"Arkansas","Union County",3,80,207,87,120
050,05,139,"Arkansas","Union County",3,81,209,84,125
050,05,139,"Arkansas","Union County",3,82,187,76,111
050,05,139,"Arkansas","Union County",3,83,148,63,85
050,05,139,"Arkansas","Union County",3,84,127,57,70
050,05,139,"Arkansas","Union County",3,85,772,262,510
050,05,139,"Arkansas","Union County",4,0,461,226,235
050,05,139,"Arkansas","Union County",4,1,418,193,225
050,05,139,"Arkansas","Union County",4,2,403,207,196
050,05,139,"Arkansas","Union County",4,3,444,218,226
050,05,139,"Arkansas","Union County",4,4,478,237,241
050,05,139,"Arkansas","Union County",4,5,517,261,256
050,05,139,"Arkansas","Union County",4,6,534,272,262
050,05,139,"Arkansas","Union County",4,7,523,251,272
050,05,139,"Arkansas","Union County",4,8,521,259,262
050,05,139,"Arkansas","Union County",4,9,487,241,246
050,05,139,"Arkansas","Union County",4,10,514,277,237
050,05,139,"Arkansas","Union County",4,11,517,268,249
050,05,139,"Arkansas","Union County",4,12,530,262,268
050,05,139,"Arkansas","Union County",4,13,537,281,256
050,05,139,"Arkansas","Union County",4,14,568,308,260
050,05,139,"Arkansas","Union County",4,15,555,307,248
050,05,139,"Arkansas","Union County",4,16,545,278,267
050,05,139,"Arkansas","Union County",4,17,529,260,269
050,05,139,"Arkansas","Union County",4,18,454,235,219
050,05,139,"Arkansas","Union County",4,19,371,193,178
050,05,139,"Arkansas","Union County",4,20,386,210,176
050,05,139,"Arkansas","Union County",4,21,395,211,184
050,05,139,"Arkansas","Union County",4,22,416,219,197
050,05,139,"Arkansas","Union County",4,23,429,225,204
050,05,139,"Arkansas","Union County",4,24,457,245,212
050,05,139,"Arkansas","Union County",4,25,452,221,231
050,05,139,"Arkansas","Union County",4,26,428,218,210
050,05,139,"Arkansas","Union County",4,27,425,205,220
050,05,139,"Arkansas","Union County",4,28,434,203,231
050,05,139,"Arkansas","Union County",4,29,441,217,224
050,05,139,"Arkansas","Union County",4,30,464,240,224
050,05,139,"Arkansas","Union County",4,31,435,220,215
050,05,139,"Arkansas","Union County",4,32,453,225,228
050,05,139,"Arkansas","Union County",4,33,459,221,238
050,05,139,"Arkansas","Union County",4,34,436,202,234
050,05,139,"Arkansas","Union County",4,35,410,190,220
050,05,139,"Arkansas","Union County",4,36,432,221,211
050,05,139,"Arkansas","Union County",4,37,445,218,227
050,05,139,"Arkansas","Union County",4,38,453,216,237
050,05,139,"Arkansas","Union County",4,39,464,212,252
050,05,139,"Arkansas","Union County",4,40,462,227,235
050,05,139,"Arkansas","Union County",4,41,479,242,237
050,05,139,"Arkansas","Union County",4,42,489,227,262
050,05,139,"Arkansas","Union County",4,43,478,235,243
050,05,139,"Arkansas","Union County",4,44,467,224,243
050,05,139,"Arkansas","Union County",4,45,419,211,208
050,05,139,"Arkansas","Union County",4,46,419,208,211
050,05,139,"Arkansas","Union County",4,47,420,200,220
050,05,139,"Arkansas","Union County",4,48,432,206,226
050,05,139,"Arkansas","Union County",4,49,441,217,224
050,05,139,"Arkansas","Union County",4,50,456,221,235
050,05,139,"Arkansas","Union County",4,51,482,227,255
050,05,139,"Arkansas","Union County",4,52,495,242,253
050,05,139,"Arkansas","Union County",4,53,454,226,228
050,05,139,"Arkansas","Union County",4,54,436,203,233
050,05,139,"Arkansas","Union County",4,55,410,208,202
050,05,139,"Arkansas","Union County",4,56,436,219,217
050,05,139,"Arkansas","Union County",4,57,494,248,246
050,05,139,"Arkansas","Union County",4,58,498,255,243
050,05,139,"Arkansas","Union County",4,59,529,268,261
050,05,139,"Arkansas","Union County",4,60,545,274,271
050,05,139,"Arkansas","Union County",4,61,550,253,297
050,05,139,"Arkansas","Union County",4,62,529,252,277
050,05,139,"Arkansas","Union County",4,63,500,236,264
050,05,139,"Arkansas","Union County",4,64,506,242,264
050,05,139,"Arkansas","Union County",4,65,513,254,259
050,05,139,"Arkansas","Union County",4,66,491,239,252
050,05,139,"Arkansas","Union County",4,67,505,253,252
050,05,139,"Arkansas","Union County",4,68,478,218,260
050,05,139,"Arkansas","Union County",4,69,471,223,248
050,05,139,"Arkansas","Union County",4,70,425,197,228
050,05,139,"Arkansas","Union County",4,71,409,179,230
050,05,139,"Arkansas","Union County",4,72,378,163,215
050,05,139,"Arkansas","Union County",4,73,362,170,192
050,05,139,"Arkansas","Union County",4,74,331,166,165
050,05,139,"Arkansas","Union County",4,75,370,173,197
050,05,139,"Arkansas","Union County",4,76,259,111,148
050,05,139,"Arkansas","Union County",4,77,253,114,139
050,05,139,"Arkansas","Union County",4,78,252,118,134
050,05,139,"Arkansas","Union County",4,79,225,107,118
050,05,139,"Arkansas","Union County",4,80,194,88,106
050,05,139,"Arkansas","Union County",4,81,200,73,127
050,05,139,"Arkansas","Union County",4,82,195,79,116
050,05,139,"Arkansas","Union County",4,83,166,71,95
050,05,139,"Arkansas","Union County",4,84,131,57,74
050,05,139,"Arkansas","Union County",4,85,759,273,486
050,05,139,"Arkansas","Union County",5,0,457,222,235
050,05,139,"Arkansas","Union County",5,1,448,216,232
050,05,139,"Arkansas","Union County",5,2,420,194,226
050,05,139,"Arkansas","Union County",5,3,407,217,190
050,05,139,"Arkansas","Union County",5,4,448,223,225
050,05,139,"Arkansas","Union County",5,5,472,236,236
050,05,139,"Arkansas","Union County",5,6,499,243,256
050,05,139,"Arkansas","Union County",5,7,533,269,264
050,05,139,"Arkansas","Union County",5,8,521,251,270
050,05,139,"Arkansas","Union County",5,9,508,250,258
050,05,139,"Arkansas","Union County",5,10,493,246,247
050,05,139,"Arkansas","Union County",5,11,506,266,240
050,05,139,"Arkansas","Union County",5,12,522,271,251
050,05,139,"Arkansas","Union County",5,13,527,266,261
050,05,139,"Arkansas","Union County",5,14,539,284,255
050,05,139,"Arkansas","Union County",5,15,553,291,262
050,05,139,"Arkansas","Union County",5,16,559,310,249
050,05,139,"Arkansas","Union County",5,17,564,291,273
050,05,139,"Arkansas","Union County",5,18,461,236,225
050,05,139,"Arkansas","Union County",5,19,368,197,171
050,05,139,"Arkansas","Union County",5,20,388,198,190
050,05,139,"Arkansas","Union County",5,21,395,212,183
050,05,139,"Arkansas","Union County",5,22,409,211,198
050,05,139,"Arkansas","Union County",5,23,440,229,211
050,05,139,"Arkansas","Union County",5,24,445,243,202
050,05,139,"Arkansas","Union County",5,25,436,234,202
050,05,139,"Arkansas","Union County",5,26,441,202,239
050,05,139,"Arkansas","Union County",5,27,415,214,201
050,05,139,"Arkansas","Union County",5,28,422,205,217
050,05,139,"Arkansas","Union County",5,29,422,200,222
050,05,139,"Arkansas","Union County",5,30,431,221,210
050,05,139,"Arkansas","Union County",5,31,436,230,206
050,05,139,"Arkansas","Union County",5,32,448,222,226
050,05,139,"Arkansas","Union County",5,33,456,234,222
050,05,139,"Arkansas","Union County",5,34,442,212,230
050,05,139,"Arkansas","Union County",5,35,425,197,228
050,05,139,"Arkansas","Union County",5,36,408,194,214
050,05,139,"Arkansas","Union County",5,37,417,201,216
050,05,139,"Arkansas","Union County",5,38,428,207,221
050,05,139,"Arkansas","Union County",5,39,458,221,237
050,05,139,"Arkansas","Union County",5,40,464,211,253
050,05,139,"Arkansas","Union County",5,41,465,229,236
050,05,139,"Arkansas","Union County",5,42,469,232,237
050,05,139,"Arkansas","Union County",5,43,492,232,260
050,05,139,"Arkansas","Union County",5,44,476,237,239
050,05,139,"Arkansas","Union County",5,45,446,214,232
050,05,139,"Arkansas","Union County",5,46,411,208,203
050,05,139,"Arkansas","Union County",5,47,405,200,205
050,05,139,"Arkansas","Union County",5,48,419,199,220
050,05,139,"Arkansas","Union County",5,49,420,207,213
050,05,139,"Arkansas","Union County",5,50,434,215,219
050,05,139,"Arkansas","Union County",5,51,444,213,231
050,05,139,"Arkansas","Union County",5,52,480,238,242
050,05,139,"Arkansas","Union County",5,53,483,229,254
050,05,139,"Arkansas","Union County",5,54,439,215,224
050,05,139,"Arkansas","Union County",5,55,438,203,235
050,05,139,"Arkansas","Union County",5,56,399,202,197
050,05,139,"Arkansas","Union County",5,57,415,214,201
050,05,139,"Arkansas","Union County",5,58,493,249,244
050,05,139,"Arkansas","Union County",5,59,491,251,240
050,05,139,"Arkansas","Union County",5,60,506,253,253
050,05,139,"Arkansas","Union County",5,61,539,265,274
050,05,139,"Arkansas","Union County",5,62,529,244,285
050,05,139,"Arkansas","Union County",5,63,520,247,273
050,05,139,"Arkansas","Union County",5,64,481,223,258
050,05,139,"Arkansas","Union County",5,65,503,239,264
050,05,139,"Arkansas","Union County",5,66,497,247,250
050,05,139,"Arkansas","Union County",5,67,466,227,239
050,05,139,"Arkansas","Union County",5,68,493,241,252
050,05,139,"Arkansas","Union County",5,69,473,214,259
050,05,139,"Arkansas","Union County",5,70,455,212,243
050,05,139,"Arkansas","Union County",5,71,429,194,235
050,05,139,"Arkansas","Union County",5,72,387,167,220
050,05,139,"Arkansas","Union County",5,73,364,156,208
050,05,139,"Arkansas","Union County",5,74,348,161,187
050,05,139,"Arkansas","Union County",5,75,323,155,168
050,05,139,"Arkansas","Union County",5,76,348,170,178
050,05,139,"Arkansas","Union County",5,77,244,108,136
050,05,139,"Arkansas","Union County",5,78,247,111,136
050,05,139,"Arkansas","Union County",5,79,217,98,119
050,05,139,"Arkansas","Union County",5,80,224,110,114
050,05,139,"Arkansas","Union County",5,81,182,67,115
050,05,139,"Arkansas","Union County",5,82,188,68,120
050,05,139,"Arkansas","Union County",5,83,176,76,100
050,05,139,"Arkansas","Union County",5,84,144,64,80
050,05,139,"Arkansas","Union County",5,85,764,288,476
050,05,141,"Arkansas","Van Buren County",1,0,137,70,67
050,05,141,"Arkansas","Van Buren County",1,1,145,69,76
050,05,141,"Arkansas","Van Buren County",1,2,148,70,78
050,05,141,"Arkansas","Van Buren County",1,3,149,81,68
050,05,141,"Arkansas","Van Buren County",1,4,145,73,72
050,05,141,"Arkansas","Van Buren County",1,5,166,85,81
050,05,141,"Arkansas","Van Buren County",1,6,158,91,67
050,05,141,"Arkansas","Van Buren County",1,7,175,83,92
050,05,141,"Arkansas","Van Buren County",1,8,197,97,100
050,05,141,"Arkansas","Van Buren County",1,9,168,89,79
050,05,141,"Arkansas","Van Buren County",1,10,157,78,79
050,05,141,"Arkansas","Van Buren County",1,11,167,89,78
050,05,141,"Arkansas","Van Buren County",1,12,188,99,89
050,05,141,"Arkansas","Van Buren County",1,13,194,109,85
050,05,141,"Arkansas","Van Buren County",1,14,198,106,92
050,05,141,"Arkansas","Van Buren County",1,15,190,101,89
050,05,141,"Arkansas","Van Buren County",1,16,204,98,106
050,05,141,"Arkansas","Van Buren County",1,17,217,113,104
050,05,141,"Arkansas","Van Buren County",1,18,182,92,90
050,05,141,"Arkansas","Van Buren County",1,19,131,66,65
050,05,141,"Arkansas","Van Buren County",1,20,139,72,67
050,05,141,"Arkansas","Van Buren County",1,21,144,71,73
050,05,141,"Arkansas","Van Buren County",1,22,142,73,69
050,05,141,"Arkansas","Van Buren County",1,23,151,75,76
050,05,141,"Arkansas","Van Buren County",1,24,132,73,59
050,05,141,"Arkansas","Van Buren County",1,25,137,81,56
050,05,141,"Arkansas","Van Buren County",1,26,128,64,64
050,05,141,"Arkansas","Van Buren County",1,27,134,69,65
050,05,141,"Arkansas","Van Buren County",1,28,128,68,60
050,05,141,"Arkansas","Van Buren County",1,29,140,72,68
050,05,141,"Arkansas","Van Buren County",1,30,138,72,66
050,05,141,"Arkansas","Van Buren County",1,31,131,68,63
050,05,141,"Arkansas","Van Buren County",1,32,151,70,81
050,05,141,"Arkansas","Van Buren County",1,33,140,72,68
050,05,141,"Arkansas","Van Buren County",1,34,150,74,76
050,05,141,"Arkansas","Van Buren County",1,35,149,75,74
050,05,141,"Arkansas","Van Buren County",1,36,173,92,81
050,05,141,"Arkansas","Van Buren County",1,37,165,76,89
050,05,141,"Arkansas","Van Buren County",1,38,164,74,90
050,05,141,"Arkansas","Van Buren County",1,39,183,88,95
050,05,141,"Arkansas","Van Buren County",1,40,175,93,82
050,05,141,"Arkansas","Van Buren County",1,41,147,67,80
050,05,141,"Arkansas","Van Buren County",1,42,157,77,80
050,05,141,"Arkansas","Van Buren County",1,43,168,82,86
050,05,141,"Arkansas","Van Buren County",1,44,165,73,92
050,05,141,"Arkansas","Van Buren County",1,45,165,72,93
050,05,141,"Arkansas","Van Buren County",1,46,199,105,94
050,05,141,"Arkansas","Van Buren County",1,47,182,106,76
050,05,141,"Arkansas","Van Buren County",1,48,202,110,92
050,05,141,"Arkansas","Van Buren County",1,49,216,120,96
050,05,141,"Arkansas","Van Buren County",1,50,202,117,85
050,05,141,"Arkansas","Van Buren County",1,51,198,116,82
050,05,141,"Arkansas","Van Buren County",1,52,190,93,97
050,05,141,"Arkansas","Van Buren County",1,53,189,93,96
050,05,141,"Arkansas","Van Buren County",1,54,204,105,99
050,05,141,"Arkansas","Van Buren County",1,55,242,128,114
050,05,141,"Arkansas","Van Buren County",1,56,269,131,138
050,05,141,"Arkansas","Van Buren County",1,57,243,111,132
050,05,141,"Arkansas","Van Buren County",1,58,245,126,119
050,05,141,"Arkansas","Van Buren County",1,59,265,131,134
050,05,141,"Arkansas","Van Buren County",1,60,282,139,143
050,05,141,"Arkansas","Van Buren County",1,61,262,129,133
050,05,141,"Arkansas","Van Buren County",1,62,289,139,150
050,05,141,"Arkansas","Van Buren County",1,63,263,123,140
050,05,141,"Arkansas","Van Buren County",1,64,266,137,129
050,05,141,"Arkansas","Van Buren County",1,65,266,134,132
050,05,141,"Arkansas","Van Buren County",1,66,252,124,128
050,05,141,"Arkansas","Van Buren County",1,67,240,118,122
050,05,141,"Arkansas","Van Buren County",1,68,250,128,122
050,05,141,"Arkansas","Van Buren County",1,69,230,104,126
050,05,141,"Arkansas","Van Buren County",1,70,232,106,126
050,05,141,"Arkansas","Van Buren County",1,71,228,107,121
050,05,141,"Arkansas","Van Buren County",1,72,228,108,120
050,05,141,"Arkansas","Van Buren County",1,73,252,139,113
050,05,141,"Arkansas","Van Buren County",1,74,179,88,91
050,05,141,"Arkansas","Van Buren County",1,75,176,77,99
050,05,141,"Arkansas","Van Buren County",1,76,161,73,88
050,05,141,"Arkansas","Van Buren County",1,77,169,76,93
050,05,141,"Arkansas","Van Buren County",1,78,158,75,83
050,05,141,"Arkansas","Van Buren County",1,79,145,62,83
050,05,141,"Arkansas","Van Buren County",1,80,124,57,67
050,05,141,"Arkansas","Van Buren County",1,81,110,56,54
050,05,141,"Arkansas","Van Buren County",1,82,92,46,46
050,05,141,"Arkansas","Van Buren County",1,83,84,45,39
050,05,141,"Arkansas","Van Buren County",1,84,77,37,40
050,05,141,"Arkansas","Van Buren County",1,85,422,189,233
050,05,141,"Arkansas","Van Buren County",2,0,141,73,68
050,05,141,"Arkansas","Van Buren County",2,1,141,67,74
050,05,141,"Arkansas","Van Buren County",2,2,147,70,77
050,05,141,"Arkansas","Van Buren County",2,3,147,76,71
050,05,141,"Arkansas","Van Buren County",2,4,147,75,72
050,05,141,"Arkansas","Van Buren County",2,5,161,83,78
050,05,141,"Arkansas","Van Buren County",2,6,161,91,70
050,05,141,"Arkansas","Van Buren County",2,7,172,84,88
050,05,141,"Arkansas","Van Buren County",2,8,190,93,97
050,05,141,"Arkansas","Van Buren County",2,9,174,91,83
050,05,141,"Arkansas","Van Buren County",2,10,161,82,79
050,05,141,"Arkansas","Van Buren County",2,11,166,87,79
050,05,141,"Arkansas","Van Buren County",2,12,184,97,87
050,05,141,"Arkansas","Van Buren County",2,13,191,106,85
050,05,141,"Arkansas","Van Buren County",2,14,197,106,91
050,05,141,"Arkansas","Van Buren County",2,15,193,101,92
050,05,141,"Arkansas","Van Buren County",2,16,203,99,104
050,05,141,"Arkansas","Van Buren County",2,17,214,108,106
050,05,141,"Arkansas","Van Buren County",2,18,183,94,89
050,05,141,"Arkansas","Van Buren County",2,19,135,69,66
050,05,141,"Arkansas","Van Buren County",2,20,143,73,70
050,05,141,"Arkansas","Van Buren County",2,21,146,72,74
050,05,141,"Arkansas","Van Buren County",2,22,148,75,73
050,05,141,"Arkansas","Van Buren County",2,23,148,74,74
050,05,141,"Arkansas","Van Buren County",2,24,137,75,62
050,05,141,"Arkansas","Van Buren County",2,25,134,77,57
050,05,141,"Arkansas","Van Buren County",2,26,129,68,61
050,05,141,"Arkansas","Van Buren County",2,27,131,67,64
050,05,141,"Arkansas","Van Buren County",2,28,130,69,61
050,05,141,"Arkansas","Van Buren County",2,29,135,70,65
050,05,141,"Arkansas","Van Buren County",2,30,137,71,66
050,05,141,"Arkansas","Van Buren County",2,31,132,68,64
050,05,141,"Arkansas","Van Buren County",2,32,146,70,76
050,05,141,"Arkansas","Van Buren County",2,33,142,71,71
050,05,141,"Arkansas","Van Buren County",2,34,148,74,74
050,05,141,"Arkansas","Van Buren County",2,35,150,76,74
050,05,141,"Arkansas","Van Buren County",2,36,165,87,78
050,05,141,"Arkansas","Van Buren County",2,37,167,80,87
050,05,141,"Arkansas","Van Buren County",2,38,166,74,92
050,05,141,"Arkansas","Van Buren County",2,39,181,86,95
050,05,141,"Arkansas","Van Buren County",2,40,179,92,87
050,05,141,"Arkansas","Van Buren County",2,41,153,73,80
050,05,141,"Arkansas","Van Buren County",2,42,154,74,80
050,05,141,"Arkansas","Van Buren County",2,43,166,80,86
050,05,141,"Arkansas","Van Buren County",2,44,165,76,89
050,05,141,"Arkansas","Van Buren County",2,45,169,75,94
050,05,141,"Arkansas","Van Buren County",2,46,191,96,95
050,05,141,"Arkansas","Van Buren County",2,47,186,106,80
050,05,141,"Arkansas","Van Buren County",2,48,197,109,88
050,05,141,"Arkansas","Van Buren County",2,49,212,118,94
050,05,141,"Arkansas","Van Buren County",2,50,204,118,86
050,05,141,"Arkansas","Van Buren County",2,51,198,116,82
050,05,141,"Arkansas","Van Buren County",2,52,190,98,92
050,05,141,"Arkansas","Van Buren County",2,53,192,94,98
050,05,141,"Arkansas","Van Buren County",2,54,201,103,98
050,05,141,"Arkansas","Van Buren County",2,55,235,122,113
050,05,141,"Arkansas","Van Buren County",2,56,267,132,135
050,05,141,"Arkansas","Van Buren County",2,57,250,117,133
050,05,141,"Arkansas","Van Buren County",2,58,245,121,124
050,05,141,"Arkansas","Van Buren County",2,59,263,131,132
050,05,141,"Arkansas","Van Buren County",2,60,278,139,139
050,05,141,"Arkansas","Van Buren County",2,61,269,133,136
050,05,141,"Arkansas","Van Buren County",2,62,280,135,145
050,05,141,"Arkansas","Van Buren County",2,63,271,127,144
050,05,141,"Arkansas","Van Buren County",2,64,263,131,132
050,05,141,"Arkansas","Van Buren County",2,65,268,135,133
050,05,141,"Arkansas","Van Buren County",2,66,261,129,132
050,05,141,"Arkansas","Van Buren County",2,67,244,120,124
050,05,141,"Arkansas","Van Buren County",2,68,245,124,121
050,05,141,"Arkansas","Van Buren County",2,69,237,111,126
050,05,141,"Arkansas","Van Buren County",2,70,230,103,127
050,05,141,"Arkansas","Van Buren County",2,71,229,106,123
050,05,141,"Arkansas","Van Buren County",2,72,222,107,115
050,05,141,"Arkansas","Van Buren County",2,73,255,136,119
050,05,141,"Arkansas","Van Buren County",2,74,181,92,89
050,05,141,"Arkansas","Van Buren County",2,75,177,80,97
050,05,141,"Arkansas","Van Buren County",2,76,162,72,90
050,05,141,"Arkansas","Van Buren County",2,77,173,78,95
050,05,141,"Arkansas","Van Buren County",2,78,152,70,82
050,05,141,"Arkansas","Van Buren County",2,79,146,64,82
050,05,141,"Arkansas","Van Buren County",2,80,125,56,69
050,05,141,"Arkansas","Van Buren County",2,81,109,54,55
050,05,141,"Arkansas","Van Buren County",2,82,95,47,48
050,05,141,"Arkansas","Van Buren County",2,83,85,44,41
050,05,141,"Arkansas","Van Buren County",2,84,77,38,39
050,05,141,"Arkansas","Van Buren County",2,85,425,192,233
050,05,141,"Arkansas","Van Buren County",3,0,135,72,63
050,05,141,"Arkansas","Van Buren County",3,1,132,70,62
050,05,141,"Arkansas","Van Buren County",3,2,142,69,73
050,05,141,"Arkansas","Van Buren County",3,3,147,70,77
050,05,141,"Arkansas","Van Buren County",3,4,144,75,69
050,05,141,"Arkansas","Van Buren County",3,5,152,77,75
050,05,141,"Arkansas","Van Buren County",3,6,157,81,76
050,05,141,"Arkansas","Van Buren County",3,7,166,91,75
050,05,141,"Arkansas","Van Buren County",3,8,178,87,91
050,05,141,"Arkansas","Van Buren County",3,9,184,88,96
050,05,141,"Arkansas","Van Buren County",3,10,184,98,86
050,05,141,"Arkansas","Van Buren County",3,11,162,78,84
050,05,141,"Arkansas","Van Buren County",3,12,168,90,78
050,05,141,"Arkansas","Van Buren County",3,13,181,97,84
050,05,141,"Arkansas","Van Buren County",3,14,191,111,80
050,05,141,"Arkansas","Van Buren County",3,15,199,110,89
050,05,141,"Arkansas","Van Buren County",3,16,187,97,90
050,05,141,"Arkansas","Van Buren County",3,17,195,101,94
050,05,141,"Arkansas","Van Buren County",3,18,177,96,81
050,05,141,"Arkansas","Van Buren County",3,19,148,79,69
050,05,141,"Arkansas","Van Buren County",3,20,146,73,73
050,05,141,"Arkansas","Van Buren County",3,21,148,76,72
050,05,141,"Arkansas","Van Buren County",3,22,139,72,67
050,05,141,"Arkansas","Van Buren County",3,23,152,80,72
050,05,141,"Arkansas","Van Buren County",3,24,133,68,65
050,05,141,"Arkansas","Van Buren County",3,25,147,82,65
050,05,141,"Arkansas","Van Buren County",3,26,134,80,54
050,05,141,"Arkansas","Van Buren County",3,27,129,66,63
050,05,141,"Arkansas","Van Buren County",3,28,130,62,68
050,05,141,"Arkansas","Van Buren County",3,29,133,70,63
050,05,141,"Arkansas","Van Buren County",3,30,129,65,64
050,05,141,"Arkansas","Van Buren County",3,31,140,75,65
050,05,141,"Arkansas","Van Buren County",3,32,143,71,72
050,05,141,"Arkansas","Van Buren County",3,33,149,76,73
050,05,141,"Arkansas","Van Buren County",3,34,138,68,70
050,05,141,"Arkansas","Van Buren County",3,35,137,64,73
050,05,141,"Arkansas","Van Buren County",3,36,163,84,79
050,05,141,"Arkansas","Van Buren County",3,37,170,87,83
050,05,141,"Arkansas","Van Buren County",3,38,167,82,85
050,05,141,"Arkansas","Van Buren County",3,39,164,75,89
050,05,141,"Arkansas","Van Buren County",3,40,181,82,99
050,05,141,"Arkansas","Van Buren County",3,41,170,86,84
050,05,141,"Arkansas","Van Buren County",3,42,157,76,81
050,05,141,"Arkansas","Van Buren County",3,43,155,76,79
050,05,141,"Arkansas","Van Buren County",3,44,174,83,91
050,05,141,"Arkansas","Van Buren County",3,45,171,86,85
050,05,141,"Arkansas","Van Buren County",3,46,168,71,97
050,05,141,"Arkansas","Van Buren County",3,47,198,99,99
050,05,141,"Arkansas","Van Buren County",3,48,196,107,89
050,05,141,"Arkansas","Van Buren County",3,49,192,109,83
050,05,141,"Arkansas","Van Buren County",3,50,210,119,91
050,05,141,"Arkansas","Van Buren County",3,51,204,114,90
050,05,141,"Arkansas","Van Buren County",3,52,199,113,86
050,05,141,"Arkansas","Van Buren County",3,53,203,106,97
050,05,141,"Arkansas","Van Buren County",3,54,190,95,95
050,05,141,"Arkansas","Van Buren County",3,55,197,101,96
050,05,141,"Arkansas","Van Buren County",3,56,235,122,113
050,05,141,"Arkansas","Van Buren County",3,57,269,128,141
050,05,141,"Arkansas","Van Buren County",3,58,264,126,138
050,05,141,"Arkansas","Van Buren County",3,59,258,122,136
050,05,141,"Arkansas","Van Buren County",3,60,257,130,127
050,05,141,"Arkansas","Van Buren County",3,61,283,146,137
050,05,141,"Arkansas","Van Buren County",3,62,271,136,135
050,05,141,"Arkansas","Van Buren County",3,63,296,143,153
050,05,141,"Arkansas","Van Buren County",3,64,284,134,150
050,05,141,"Arkansas","Van Buren County",3,65,264,130,134
050,05,141,"Arkansas","Van Buren County",3,66,280,143,137
050,05,141,"Arkansas","Van Buren County",3,67,252,123,129
050,05,141,"Arkansas","Van Buren County",3,68,246,120,126
050,05,141,"Arkansas","Van Buren County",3,69,239,119,120
050,05,141,"Arkansas","Van Buren County",3,70,230,105,125
050,05,141,"Arkansas","Van Buren County",3,71,226,101,125
050,05,141,"Arkansas","Van Buren County",3,72,226,105,121
050,05,141,"Arkansas","Van Buren County",3,73,219,105,114
050,05,141,"Arkansas","Van Buren County",3,74,251,133,118
050,05,141,"Arkansas","Van Buren County",3,75,169,87,82
050,05,141,"Arkansas","Van Buren County",3,76,175,77,98
050,05,141,"Arkansas","Van Buren County",3,77,160,71,89
050,05,141,"Arkansas","Van Buren County",3,78,164,72,92
050,05,141,"Arkansas","Van Buren County",3,79,135,61,74
050,05,141,"Arkansas","Van Buren County",3,80,135,60,75
050,05,141,"Arkansas","Van Buren County",3,81,120,53,67
050,05,141,"Arkansas","Van Buren County",3,82,103,50,53
050,05,141,"Arkansas","Van Buren County",3,83,88,43,45
050,05,141,"Arkansas","Van Buren County",3,84,75,39,36
050,05,141,"Arkansas","Van Buren County",3,85,418,199,219
050,05,141,"Arkansas","Van Buren County",4,0,140,69,71
050,05,141,"Arkansas","Van Buren County",4,1,136,68,68
050,05,141,"Arkansas","Van Buren County",4,2,136,74,62
050,05,141,"Arkansas","Van Buren County",4,3,148,74,74
050,05,141,"Arkansas","Van Buren County",4,4,158,76,82
050,05,141,"Arkansas","Van Buren County",4,5,154,86,68
050,05,141,"Arkansas","Van Buren County",4,6,163,82,81
050,05,141,"Arkansas","Van Buren County",4,7,163,80,83
050,05,141,"Arkansas","Van Buren County",4,8,172,94,78
050,05,141,"Arkansas","Van Buren County",4,9,183,90,93
050,05,141,"Arkansas","Van Buren County",4,10,201,97,104
050,05,141,"Arkansas","Van Buren County",4,11,186,99,87
050,05,141,"Arkansas","Van Buren County",4,12,186,90,96
050,05,141,"Arkansas","Van Buren County",4,13,179,100,79
050,05,141,"Arkansas","Van Buren County",4,14,200,107,93
050,05,141,"Arkansas","Van Buren County",4,15,200,111,89
050,05,141,"Arkansas","Van Buren County",4,16,211,119,92
050,05,141,"Arkansas","Van Buren County",4,17,199,103,96
050,05,141,"Arkansas","Van Buren County",4,18,173,95,78
050,05,141,"Arkansas","Van Buren County",4,19,132,75,57
050,05,141,"Arkansas","Van Buren County",4,20,150,78,72
050,05,141,"Arkansas","Van Buren County",4,21,151,79,72
050,05,141,"Arkansas","Van Buren County",4,22,170,90,80
050,05,141,"Arkansas","Van Buren County",4,23,141,76,65
050,05,141,"Arkansas","Van Buren County",4,24,151,80,71
050,05,141,"Arkansas","Van Buren County",4,25,140,68,72
050,05,141,"Arkansas","Van Buren County",4,26,140,73,67
050,05,141,"Arkansas","Van Buren County",4,27,133,76,57
050,05,141,"Arkansas","Van Buren County",4,28,127,63,64
050,05,141,"Arkansas","Van Buren County",4,29,140,70,70
050,05,141,"Arkansas","Van Buren County",4,30,136,69,67
050,05,141,"Arkansas","Van Buren County",4,31,129,67,62
050,05,141,"Arkansas","Van Buren County",4,32,140,71,69
050,05,141,"Arkansas","Van Buren County",4,33,147,70,77
050,05,141,"Arkansas","Van Buren County",4,34,153,73,80
050,05,141,"Arkansas","Van Buren County",4,35,142,68,74
050,05,141,"Arkansas","Van Buren County",4,36,152,70,82
050,05,141,"Arkansas","Van Buren County",4,37,178,91,87
050,05,141,"Arkansas","Van Buren County",4,38,172,90,82
050,05,141,"Arkansas","Van Buren County",4,39,176,87,89
050,05,141,"Arkansas","Van Buren County",4,40,176,78,98
050,05,141,"Arkansas","Van Buren County",4,41,199,91,108
050,05,141,"Arkansas","Van Buren County",4,42,181,92,89
050,05,141,"Arkansas","Van Buren County",4,43,168,78,90
050,05,141,"Arkansas","Van Buren County",4,44,161,79,82
050,05,141,"Arkansas","Van Buren County",4,45,174,88,86
050,05,141,"Arkansas","Van Buren County",4,46,173,90,83
050,05,141,"Arkansas","Van Buren County",4,47,171,72,99
050,05,141,"Arkansas","Van Buren County",4,48,199,103,96
050,05,141,"Arkansas","Van Buren County",4,49,197,107,90
050,05,141,"Arkansas","Van Buren County",4,50,204,115,89
050,05,141,"Arkansas","Van Buren County",4,51,226,125,101
050,05,141,"Arkansas","Van Buren County",4,52,211,119,92
050,05,141,"Arkansas","Van Buren County",4,53,205,117,88
050,05,141,"Arkansas","Van Buren County",4,54,205,103,102
050,05,141,"Arkansas","Van Buren County",4,55,203,102,101
050,05,141,"Arkansas","Van Buren County",4,56,198,103,95
050,05,141,"Arkansas","Van Buren County",4,57,243,126,117
050,05,141,"Arkansas","Van Buren County",4,58,278,132,146
050,05,141,"Arkansas","Van Buren County",4,59,275,130,145
050,05,141,"Arkansas","Van Buren County",4,60,273,134,139
050,05,141,"Arkansas","Van Buren County",4,61,273,140,133
050,05,141,"Arkansas","Van Buren County",4,62,298,151,147
050,05,141,"Arkansas","Van Buren County",4,63,280,140,140
050,05,141,"Arkansas","Van Buren County",4,64,303,146,157
050,05,141,"Arkansas","Van Buren County",4,65,290,139,151
050,05,141,"Arkansas","Van Buren County",4,66,260,127,133
050,05,141,"Arkansas","Van Buren County",4,67,279,133,146
050,05,141,"Arkansas","Van Buren County",4,68,256,125,131
050,05,141,"Arkansas","Van Buren County",4,69,252,129,123
050,05,141,"Arkansas","Van Buren County",4,70,233,116,117
050,05,141,"Arkansas","Van Buren County",4,71,225,101,124
050,05,141,"Arkansas","Van Buren County",4,72,222,106,116
050,05,141,"Arkansas","Van Buren County",4,73,221,101,120
050,05,141,"Arkansas","Van Buren County",4,74,221,107,114
050,05,141,"Arkansas","Van Buren County",4,75,240,126,114
050,05,141,"Arkansas","Van Buren County",4,76,157,80,77
050,05,141,"Arkansas","Van Buren County",4,77,170,70,100
050,05,141,"Arkansas","Van Buren County",4,78,157,71,86
050,05,141,"Arkansas","Van Buren County",4,79,145,65,80
050,05,141,"Arkansas","Van Buren County",4,80,127,58,69
050,05,141,"Arkansas","Van Buren County",4,81,122,57,65
050,05,141,"Arkansas","Van Buren County",4,82,109,49,60
050,05,141,"Arkansas","Van Buren County",4,83,88,44,44
050,05,141,"Arkansas","Van Buren County",4,84,78,37,41
050,05,141,"Arkansas","Van Buren County",4,85,389,194,195
050,05,141,"Arkansas","Van Buren County",5,0,139,69,70
050,05,141,"Arkansas","Van Buren County",5,1,143,75,68
050,05,141,"Arkansas","Van Buren County",5,2,136,68,68
050,05,141,"Arkansas","Van Buren County",5,3,135,80,55
050,05,141,"Arkansas","Van Buren County",5,4,150,70,80
050,05,141,"Arkansas","Van Buren County",5,5,159,75,84
050,05,141,"Arkansas","Van Buren County",5,6,165,98,67
050,05,141,"Arkansas","Van Buren County",5,7,156,77,79
050,05,141,"Arkansas","Van Buren County",5,8,159,80,79
050,05,141,"Arkansas","Van Buren County",5,9,172,95,77
050,05,141,"Arkansas","Van Buren County",5,10,190,90,100
050,05,141,"Arkansas","Van Buren County",5,11,206,102,104
050,05,141,"Arkansas","Van Buren County",5,12,186,101,85
050,05,141,"Arkansas","Van Buren County",5,13,185,87,98
050,05,141,"Arkansas","Van Buren County",5,14,179,102,77
050,05,141,"Arkansas","Van Buren County",5,15,204,113,91
050,05,141,"Arkansas","Van Buren County",5,16,203,108,95
050,05,141,"Arkansas","Van Buren County",5,17,221,122,99
050,05,141,"Arkansas","Van Buren County",5,18,169,91,78
050,05,141,"Arkansas","Van Buren County",5,19,133,70,63
050,05,141,"Arkansas","Van Buren County",5,20,145,81,64
050,05,141,"Arkansas","Van Buren County",5,21,159,81,78
050,05,141,"Arkansas","Van Buren County",5,22,162,84,78
050,05,141,"Arkansas","Van Buren County",5,23,173,97,76
050,05,141,"Arkansas","Van Buren County",5,24,152,72,80
050,05,141,"Arkansas","Van Buren County",5,25,151,79,72
050,05,141,"Arkansas","Van Buren County",5,26,143,71,72
050,05,141,"Arkansas","Van Buren County",5,27,131,69,62
050,05,141,"Arkansas","Van Buren County",5,28,135,77,58
050,05,141,"Arkansas","Van Buren County",5,29,131,64,67
050,05,141,"Arkansas","Van Buren County",5,30,142,68,74
050,05,141,"Arkansas","Van Buren County",5,31,135,69,66
050,05,141,"Arkansas","Van Buren County",5,32,134,68,66
050,05,141,"Arkansas","Van Buren County",5,33,141,70,71
050,05,141,"Arkansas","Van Buren County",5,34,151,71,80
050,05,141,"Arkansas","Van Buren County",5,35,152,72,80
050,05,141,"Arkansas","Van Buren County",5,36,149,73,76
050,05,141,"Arkansas","Van Buren County",5,37,151,69,82
050,05,141,"Arkansas","Van Buren County",5,38,169,83,86
050,05,141,"Arkansas","Van Buren County",5,39,178,95,83
050,05,141,"Arkansas","Van Buren County",5,40,176,88,88
050,05,141,"Arkansas","Van Buren County",5,41,176,79,97
050,05,141,"Arkansas","Van Buren County",5,42,202,84,118
050,05,141,"Arkansas","Van Buren County",5,43,180,87,93
050,05,141,"Arkansas","Van Buren County",5,44,174,81,93
050,05,141,"Arkansas","Van Buren County",5,45,168,80,88
050,05,141,"Arkansas","Van Buren County",5,46,180,89,91
050,05,141,"Arkansas","Van Buren County",5,47,181,90,91
050,05,141,"Arkansas","Van Buren County",5,48,169,69,100
050,05,141,"Arkansas","Van Buren County",5,49,198,102,96
050,05,141,"Arkansas","Van Buren County",5,50,202,109,93
050,05,141,"Arkansas","Van Buren County",5,51,212,118,94
050,05,141,"Arkansas","Van Buren County",5,52,239,136,103
050,05,141,"Arkansas","Van Buren County",5,53,220,120,100
050,05,141,"Arkansas","Van Buren County",5,54,203,113,90
050,05,141,"Arkansas","Van Buren County",5,55,217,108,109
050,05,141,"Arkansas","Van Buren County",5,56,209,106,103
050,05,141,"Arkansas","Van Buren County",5,57,195,101,94
050,05,141,"Arkansas","Van Buren County",5,58,245,132,113
050,05,141,"Arkansas","Van Buren County",5,59,279,128,151
050,05,141,"Arkansas","Van Buren County",5,60,281,133,148
050,05,141,"Arkansas","Van Buren County",5,61,278,142,136
050,05,141,"Arkansas","Van Buren County",5,62,278,145,133
050,05,141,"Arkansas","Van Buren County",5,63,309,156,153
050,05,141,"Arkansas","Van Buren County",5,64,282,143,139
050,05,141,"Arkansas","Van Buren County",5,65,305,149,156
050,05,141,"Arkansas","Van Buren County",5,66,291,141,150
050,05,141,"Arkansas","Van Buren County",5,67,253,123,130
050,05,141,"Arkansas","Van Buren County",5,68,288,135,153
050,05,141,"Arkansas","Van Buren County",5,69,259,131,128
050,05,141,"Arkansas","Van Buren County",5,70,236,120,116
050,05,141,"Arkansas","Van Buren County",5,71,229,113,116
050,05,141,"Arkansas","Van Buren County",5,72,218,100,118
050,05,141,"Arkansas","Van Buren County",5,73,218,103,115
050,05,141,"Arkansas","Van Buren County",5,74,215,95,120
050,05,141,"Arkansas","Van Buren County",5,75,205,94,111
050,05,141,"Arkansas","Van Buren County",5,76,223,118,105
050,05,141,"Arkansas","Van Buren County",5,77,147,76,71
050,05,141,"Arkansas","Van Buren County",5,78,163,69,94
050,05,141,"Arkansas","Van Buren County",5,79,147,64,83
050,05,141,"Arkansas","Van Buren County",5,80,140,62,78
050,05,141,"Arkansas","Van Buren County",5,81,113,54,59
050,05,141,"Arkansas","Van Buren County",5,82,111,50,61
050,05,141,"Arkansas","Van Buren County",5,83,96,41,55
050,05,141,"Arkansas","Van Buren County",5,84,77,35,42
050,05,141,"Arkansas","Van Buren County",5,85,381,201,180
050,05,143,"Arkansas","Washington County",1,0,3217,1653,1564
050,05,143,"Arkansas","Washington County",1,1,3208,1658,1550
050,05,143,"Arkansas","Washington County",1,2,3228,1650,1578
050,05,143,"Arkansas","Washington County",1,3,3154,1605,1549
050,05,143,"Arkansas","Washington County",1,4,3197,1687,1510
050,05,143,"Arkansas","Washington County",1,5,3180,1637,1543
050,05,143,"Arkansas","Washington County",1,6,3205,1682,1523
050,05,143,"Arkansas","Washington County",1,7,3286,1692,1594
050,05,143,"Arkansas","Washington County",1,8,3368,1720,1648
050,05,143,"Arkansas","Washington County",1,9,3281,1643,1638
050,05,143,"Arkansas","Washington County",1,10,3365,1700,1665
050,05,143,"Arkansas","Washington County",1,11,3414,1718,1696
050,05,143,"Arkansas","Washington County",1,12,3510,1806,1704
050,05,143,"Arkansas","Washington County",1,13,3605,1845,1760
050,05,143,"Arkansas","Washington County",1,14,3446,1802,1644
050,05,143,"Arkansas","Washington County",1,15,3397,1779,1618
050,05,143,"Arkansas","Washington County",1,16,3406,1783,1623
050,05,143,"Arkansas","Washington County",1,17,3299,1709,1590
050,05,143,"Arkansas","Washington County",1,18,4131,1961,2170
050,05,143,"Arkansas","Washington County",1,19,5853,2896,2957
050,05,143,"Arkansas","Washington County",1,20,5753,2975,2778
050,05,143,"Arkansas","Washington County",1,21,5222,2719,2503
050,05,143,"Arkansas","Washington County",1,22,5189,2674,2515
050,05,143,"Arkansas","Washington County",1,23,4851,2535,2316
050,05,143,"Arkansas","Washington County",1,24,4499,2323,2176
050,05,143,"Arkansas","Washington County",1,25,4062,2136,1926
050,05,143,"Arkansas","Washington County",1,26,3872,2017,1855
050,05,143,"Arkansas","Washington County",1,27,3767,1937,1830
050,05,143,"Arkansas","Washington County",1,28,3724,1896,1828
050,05,143,"Arkansas","Washington County",1,29,3707,1899,1808
050,05,143,"Arkansas","Washington County",1,30,3599,1840,1759
050,05,143,"Arkansas","Washington County",1,31,3425,1756,1669
050,05,143,"Arkansas","Washington County",1,32,3513,1753,1760
050,05,143,"Arkansas","Washington County",1,33,3351,1728,1623
050,05,143,"Arkansas","Washington County",1,34,3376,1718,1658
050,05,143,"Arkansas","Washington County",1,35,3400,1708,1692
050,05,143,"Arkansas","Washington County",1,36,3483,1802,1681
050,05,143,"Arkansas","Washington County",1,37,3556,1830,1726
050,05,143,"Arkansas","Washington County",1,38,3533,1853,1680
050,05,143,"Arkansas","Washington County",1,39,3493,1818,1675
050,05,143,"Arkansas","Washington County",1,40,3427,1781,1646
050,05,143,"Arkansas","Washington County",1,41,3154,1597,1557
050,05,143,"Arkansas","Washington County",1,42,3113,1587,1526
050,05,143,"Arkansas","Washington County",1,43,2987,1554,1433
050,05,143,"Arkansas","Washington County",1,44,2969,1515,1454
050,05,143,"Arkansas","Washington County",1,45,2905,1486,1419
050,05,143,"Arkansas","Washington County",1,46,2716,1391,1325
050,05,143,"Arkansas","Washington County",1,47,2712,1319,1393
050,05,143,"Arkansas","Washington County",1,48,2817,1395,1422
050,05,143,"Arkansas","Washington County",1,49,2851,1445,1406
050,05,143,"Arkansas","Washington County",1,50,2737,1433,1304
050,05,143,"Arkansas","Washington County",1,51,2610,1370,1240
050,05,143,"Arkansas","Washington County",1,52,2554,1299,1255
050,05,143,"Arkansas","Washington County",1,53,2485,1268,1217
050,05,143,"Arkansas","Washington County",1,54,2512,1275,1237
050,05,143,"Arkansas","Washington County",1,55,2588,1289,1299
050,05,143,"Arkansas","Washington County",1,56,2754,1418,1336
050,05,143,"Arkansas","Washington County",1,57,2661,1339,1322
050,05,143,"Arkansas","Washington County",1,58,2704,1344,1360
050,05,143,"Arkansas","Washington County",1,59,2550,1255,1295
050,05,143,"Arkansas","Washington County",1,60,2507,1231,1276
050,05,143,"Arkansas","Washington County",1,61,2363,1175,1188
050,05,143,"Arkansas","Washington County",1,62,2362,1161,1201
050,05,143,"Arkansas","Washington County",1,63,2268,1113,1155
050,05,143,"Arkansas","Washington County",1,64,2203,1019,1184
050,05,143,"Arkansas","Washington County",1,65,2145,980,1165
050,05,143,"Arkansas","Washington County",1,66,2097,959,1138
050,05,143,"Arkansas","Washington County",1,67,2001,973,1028
050,05,143,"Arkansas","Washington County",1,68,1947,936,1011
050,05,143,"Arkansas","Washington County",1,69,1745,824,921
050,05,143,"Arkansas","Washington County",1,70,1688,801,887
050,05,143,"Arkansas","Washington County",1,71,1657,780,877
050,05,143,"Arkansas","Washington County",1,72,1685,794,891
050,05,143,"Arkansas","Washington County",1,73,1702,788,914
050,05,143,"Arkansas","Washington County",1,74,1154,518,636
050,05,143,"Arkansas","Washington County",1,75,1120,529,591
050,05,143,"Arkansas","Washington County",1,76,1095,491,604
050,05,143,"Arkansas","Washington County",1,77,1104,477,627
050,05,143,"Arkansas","Washington County",1,78,953,421,532
050,05,143,"Arkansas","Washington County",1,79,846,345,501
050,05,143,"Arkansas","Washington County",1,80,763,312,451
050,05,143,"Arkansas","Washington County",1,81,744,325,419
050,05,143,"Arkansas","Washington County",1,82,658,272,386
050,05,143,"Arkansas","Washington County",1,83,524,218,306
050,05,143,"Arkansas","Washington County",1,84,531,211,320
050,05,143,"Arkansas","Washington County",1,85,3073,1085,1988
050,05,143,"Arkansas","Washington County",2,0,3155,1622,1533
050,05,143,"Arkansas","Washington County",2,1,3213,1654,1559
050,05,143,"Arkansas","Washington County",2,2,3224,1648,1576
050,05,143,"Arkansas","Washington County",2,3,3163,1611,1552
050,05,143,"Arkansas","Washington County",2,4,3185,1667,1518
050,05,143,"Arkansas","Washington County",2,5,3191,1655,1536
050,05,143,"Arkansas","Washington County",2,6,3212,1678,1534
050,05,143,"Arkansas","Washington County",2,7,3276,1695,1581
050,05,143,"Arkansas","Washington County",2,8,3343,1711,1632
050,05,143,"Arkansas","Washington County",2,9,3298,1665,1633
050,05,143,"Arkansas","Washington County",2,10,3353,1692,1661
050,05,143,"Arkansas","Washington County",2,11,3381,1703,1678
050,05,143,"Arkansas","Washington County",2,12,3496,1790,1706
050,05,143,"Arkansas","Washington County",2,13,3582,1836,1746
050,05,143,"Arkansas","Washington County",2,14,3489,1814,1675
050,05,143,"Arkansas","Washington County",2,15,3419,1796,1623
050,05,143,"Arkansas","Washington County",2,16,3418,1792,1626
050,05,143,"Arkansas","Washington County",2,17,3334,1725,1609
050,05,143,"Arkansas","Washington County",2,18,4173,1982,2191
050,05,143,"Arkansas","Washington County",2,19,5860,2892,2968
050,05,143,"Arkansas","Washington County",2,20,5821,3017,2804
050,05,143,"Arkansas","Washington County",2,21,5234,2724,2510
050,05,143,"Arkansas","Washington County",2,22,5197,2678,2519
050,05,143,"Arkansas","Washington County",2,23,4886,2548,2338
050,05,143,"Arkansas","Washington County",2,24,4475,2313,2162
050,05,143,"Arkansas","Washington County",2,25,4082,2141,1941
050,05,143,"Arkansas","Washington County",2,26,3878,2022,1856
050,05,143,"Arkansas","Washington County",2,27,3767,1943,1824
050,05,143,"Arkansas","Washington County",2,28,3738,1910,1828
050,05,143,"Arkansas","Washington County",2,29,3720,1905,1815
050,05,143,"Arkansas","Washington County",2,30,3640,1873,1767
050,05,143,"Arkansas","Washington County",2,31,3457,1769,1688
050,05,143,"Arkansas","Washington County",2,32,3487,1754,1733
050,05,143,"Arkansas","Washington County",2,33,3388,1733,1655
050,05,143,"Arkansas","Washington County",2,34,3375,1719,1656
050,05,143,"Arkansas","Washington County",2,35,3417,1722,1695
050,05,143,"Arkansas","Washington County",2,36,3448,1768,1680
050,05,143,"Arkansas","Washington County",2,37,3549,1828,1721
050,05,143,"Arkansas","Washington County",2,38,3555,1851,1704
050,05,143,"Arkansas","Washington County",2,39,3491,1819,1672
050,05,143,"Arkansas","Washington County",2,40,3471,1812,1659
050,05,143,"Arkansas","Washington County",2,41,3218,1637,1581
050,05,143,"Arkansas","Washington County",2,42,3121,1593,1528
050,05,143,"Arkansas","Washington County",2,43,3039,1567,1472
050,05,143,"Arkansas","Washington County",2,44,2955,1513,1442
050,05,143,"Arkansas","Washington County",2,45,2944,1506,1438
050,05,143,"Arkansas","Washington County",2,46,2767,1414,1353
050,05,143,"Arkansas","Washington County",2,47,2709,1334,1375
050,05,143,"Arkansas","Washington County",2,48,2796,1381,1415
050,05,143,"Arkansas","Washington County",2,49,2857,1438,1419
050,05,143,"Arkansas","Washington County",2,50,2771,1437,1334
050,05,143,"Arkansas","Washington County",2,51,2634,1380,1254
050,05,143,"Arkansas","Washington County",2,52,2557,1308,1249
050,05,143,"Arkansas","Washington County",2,53,2511,1278,1233
050,05,143,"Arkansas","Washington County",2,54,2500,1274,1226
050,05,143,"Arkansas","Washington County",2,55,2574,1281,1293
050,05,143,"Arkansas","Washington County",2,56,2725,1389,1336
050,05,143,"Arkansas","Washington County",2,57,2680,1353,1327
050,05,143,"Arkansas","Washington County",2,58,2688,1339,1349
050,05,143,"Arkansas","Washington County",2,59,2606,1289,1317
050,05,143,"Arkansas","Washington County",2,60,2513,1226,1287
050,05,143,"Arkansas","Washington County",2,61,2390,1181,1209
050,05,143,"Arkansas","Washington County",2,62,2354,1158,1196
050,05,143,"Arkansas","Washington County",2,63,2305,1129,1176
050,05,143,"Arkansas","Washington County",2,64,2213,1038,1175
050,05,143,"Arkansas","Washington County",2,65,2157,982,1175
050,05,143,"Arkansas","Washington County",2,66,2111,964,1147
050,05,143,"Arkansas","Washington County",2,67,2016,967,1049
050,05,143,"Arkansas","Washington County",2,68,1948,936,1012
050,05,143,"Arkansas","Washington County",2,69,1803,854,949
050,05,143,"Arkansas","Washington County",2,70,1689,797,892
050,05,143,"Arkansas","Washington County",2,71,1660,782,878
050,05,143,"Arkansas","Washington County",2,72,1645,777,868
050,05,143,"Arkansas","Washington County",2,73,1765,815,950
050,05,143,"Arkansas","Washington County",2,74,1202,543,659
050,05,143,"Arkansas","Washington County",2,75,1120,526,594
050,05,143,"Arkansas","Washington County",2,76,1096,499,597
050,05,143,"Arkansas","Washington County",2,77,1124,492,632
050,05,143,"Arkansas","Washington County",2,78,966,424,542
050,05,143,"Arkansas","Washington County",2,79,851,353,498
050,05,143,"Arkansas","Washington County",2,80,780,317,463
050,05,143,"Arkansas","Washington County",2,81,733,315,418
050,05,143,"Arkansas","Washington County",2,82,672,280,392
050,05,143,"Arkansas","Washington County",2,83,547,227,320
050,05,143,"Arkansas","Washington County",2,84,523,207,316
050,05,143,"Arkansas","Washington County",2,85,3098,1102,1996
050,05,143,"Arkansas","Washington County",3,0,3069,1563,1506
050,05,143,"Arkansas","Washington County",3,1,3102,1586,1516
050,05,143,"Arkansas","Washington County",3,2,3240,1652,1588
050,05,143,"Arkansas","Washington County",3,3,3227,1655,1572
050,05,143,"Arkansas","Washington County",3,4,3217,1655,1562
050,05,143,"Arkansas","Washington County",3,5,3198,1671,1527
050,05,143,"Arkansas","Washington County",3,6,3243,1669,1574
050,05,143,"Arkansas","Washington County",3,7,3225,1653,1572
050,05,143,"Arkansas","Washington County",3,8,3310,1718,1592
050,05,143,"Arkansas","Washington County",3,9,3344,1709,1635
050,05,143,"Arkansas","Washington County",3,10,3321,1686,1635
050,05,143,"Arkansas","Washington County",3,11,3347,1675,1672
050,05,143,"Arkansas","Washington County",3,12,3406,1701,1705
050,05,143,"Arkansas","Washington County",3,13,3507,1784,1723
050,05,143,"Arkansas","Washington County",3,14,3610,1851,1759
050,05,143,"Arkansas","Washington County",3,15,3514,1816,1698
050,05,143,"Arkansas","Washington County",3,16,3466,1824,1642
050,05,143,"Arkansas","Washington County",3,17,3421,1785,1636
050,05,143,"Arkansas","Washington County",3,18,4566,2166,2400
050,05,143,"Arkansas","Washington County",3,19,6394,3106,3288
050,05,143,"Arkansas","Washington County",3,20,6117,3193,2924
050,05,143,"Arkansas","Washington County",3,21,5488,2855,2633
050,05,143,"Arkansas","Washington County",3,22,5435,2784,2651
050,05,143,"Arkansas","Washington County",3,23,5014,2597,2417
050,05,143,"Arkansas","Washington County",3,24,4585,2377,2208
050,05,143,"Arkansas","Washington County",3,25,4115,2102,2013
050,05,143,"Arkansas","Washington County",3,26,3941,2018,1923
050,05,143,"Arkansas","Washington County",3,27,3761,1969,1792
050,05,143,"Arkansas","Washington County",3,28,3767,1954,1813
050,05,143,"Arkansas","Washington County",3,29,3722,1856,1866
050,05,143,"Arkansas","Washington County",3,30,3737,1942,1795
050,05,143,"Arkansas","Washington County",3,31,3673,1902,1771
050,05,143,"Arkansas","Washington County",3,32,3527,1811,1716
050,05,143,"Arkansas","Washington County",3,33,3490,1731,1759
050,05,143,"Arkansas","Washington County",3,34,3403,1748,1655
050,05,143,"Arkansas","Washington County",3,35,3399,1748,1651
050,05,143,"Arkansas","Washington County",3,36,3405,1702,1703
050,05,143,"Arkansas","Washington County",3,37,3403,1770,1633
050,05,143,"Arkansas","Washington County",3,38,3571,1823,1748
050,05,143,"Arkansas","Washington County",3,39,3543,1861,1682
050,05,143,"Arkansas","Washington County",3,40,3513,1841,1672
050,05,143,"Arkansas","Washington County",3,41,3483,1810,1673
050,05,143,"Arkansas","Washington County",3,42,3237,1645,1592
050,05,143,"Arkansas","Washington County",3,43,3111,1551,1560
050,05,143,"Arkansas","Washington County",3,44,3041,1570,1471
050,05,143,"Arkansas","Washington County",3,45,2981,1555,1426
050,05,143,"Arkansas","Washington County",3,46,2979,1543,1436
050,05,143,"Arkansas","Washington County",3,47,2798,1421,1377
050,05,143,"Arkansas","Washington County",3,48,2704,1353,1351
050,05,143,"Arkansas","Washington County",3,49,2824,1378,1446
050,05,143,"Arkansas","Washington County",3,50,2875,1437,1438
050,05,143,"Arkansas","Washington County",3,51,2805,1443,1362
050,05,143,"Arkansas","Washington County",3,52,2627,1367,1260
050,05,143,"Arkansas","Washington County",3,53,2568,1321,1247
050,05,143,"Arkansas","Washington County",3,54,2537,1306,1231
050,05,143,"Arkansas","Washington County",3,55,2509,1260,1249
050,05,143,"Arkansas","Washington County",3,56,2603,1307,1296
050,05,143,"Arkansas","Washington County",3,57,2683,1359,1324
050,05,143,"Arkansas","Washington County",3,58,2685,1357,1328
050,05,143,"Arkansas","Washington County",3,59,2669,1334,1335
050,05,143,"Arkansas","Washington County",3,60,2590,1249,1341
050,05,143,"Arkansas","Washington County",3,61,2494,1232,1262
050,05,143,"Arkansas","Washington County",3,62,2414,1200,1214
050,05,143,"Arkansas","Washington County",3,63,2357,1145,1212
050,05,143,"Arkansas","Washington County",3,64,2272,1116,1156
050,05,143,"Arkansas","Washington County",3,65,2209,1022,1187
050,05,143,"Arkansas","Washington County",3,66,2146,980,1166
050,05,143,"Arkansas","Washington County",3,67,2077,950,1127
050,05,143,"Arkansas","Washington County",3,68,2003,951,1052
050,05,143,"Arkansas","Washington County",3,69,1902,913,989
050,05,143,"Arkansas","Washington County",3,70,1773,832,941
050,05,143,"Arkansas","Washington County",3,71,1653,781,872
050,05,143,"Arkansas","Washington County",3,72,1646,766,880
050,05,143,"Arkansas","Washington County",3,73,1635,769,866
050,05,143,"Arkansas","Washington County",3,74,1708,774,934
050,05,143,"Arkansas","Washington County",3,75,1159,516,643
050,05,143,"Arkansas","Washington County",3,76,1099,520,579
050,05,143,"Arkansas","Washington County",3,77,1055,481,574
050,05,143,"Arkansas","Washington County",3,78,1088,463,625
050,05,143,"Arkansas","Washington County",3,79,896,389,507
050,05,143,"Arkansas","Washington County",3,80,830,344,486
050,05,143,"Arkansas","Washington County",3,81,759,301,458
050,05,143,"Arkansas","Washington County",3,82,700,295,405
050,05,143,"Arkansas","Washington County",3,83,616,268,348
050,05,143,"Arkansas","Washington County",3,84,520,212,308
050,05,143,"Arkansas","Washington County",3,85,3111,1091,2020
050,05,143,"Arkansas","Washington County",4,0,3270,1664,1606
050,05,143,"Arkansas","Washington County",4,1,3069,1551,1518
050,05,143,"Arkansas","Washington County",4,2,3138,1603,1535
050,05,143,"Arkansas","Washington County",4,3,3332,1730,1602
050,05,143,"Arkansas","Washington County",4,4,3230,1650,1580
050,05,143,"Arkansas","Washington County",4,5,3355,1711,1644
050,05,143,"Arkansas","Washington County",4,6,3250,1700,1550
050,05,143,"Arkansas","Washington County",4,7,3276,1692,1584
050,05,143,"Arkansas","Washington County",4,8,3243,1708,1535
050,05,143,"Arkansas","Washington County",4,9,3330,1727,1603
050,05,143,"Arkansas","Washington County",4,10,3370,1740,1630
050,05,143,"Arkansas","Washington County",4,11,3332,1691,1641
050,05,143,"Arkansas","Washington County",4,12,3370,1675,1695
050,05,143,"Arkansas","Washington County",4,13,3439,1727,1712
050,05,143,"Arkansas","Washington County",4,14,3529,1806,1723
050,05,143,"Arkansas","Washington County",4,15,3612,1853,1759
050,05,143,"Arkansas","Washington County",4,16,3585,1862,1723
050,05,143,"Arkansas","Washington County",4,17,3512,1846,1666
050,05,143,"Arkansas","Washington County",4,18,4650,2201,2449
050,05,143,"Arkansas","Washington County",4,19,6632,3251,3381
050,05,143,"Arkansas","Washington County",4,20,6198,3202,2996
050,05,143,"Arkansas","Washington County",4,21,5557,2935,2622
050,05,143,"Arkansas","Washington County",4,22,5485,2847,2638
050,05,143,"Arkansas","Washington County",4,23,5233,2615,2618
050,05,143,"Arkansas","Washington County",4,24,4676,2418,2258
050,05,143,"Arkansas","Washington County",4,25,4297,2191,2106
050,05,143,"Arkansas","Washington County",4,26,3964,1963,2001
050,05,143,"Arkansas","Washington County",4,27,3892,2037,1855
050,05,143,"Arkansas","Washington County",4,28,3767,1968,1799
050,05,143,"Arkansas","Washington County",4,29,3825,1978,1847
050,05,143,"Arkansas","Washington County",4,30,3748,1894,1854
050,05,143,"Arkansas","Washington County",4,31,3767,1926,1841
050,05,143,"Arkansas","Washington County",4,32,3735,1916,1819
050,05,143,"Arkansas","Washington County",4,33,3529,1803,1726
050,05,143,"Arkansas","Washington County",4,34,3498,1747,1751
050,05,143,"Arkansas","Washington County",4,35,3439,1786,1653
050,05,143,"Arkansas","Washington County",4,36,3456,1764,1692
050,05,143,"Arkansas","Washington County",4,37,3443,1736,1707
050,05,143,"Arkansas","Washington County",4,38,3384,1734,1650
050,05,143,"Arkansas","Washington County",4,39,3598,1824,1774
050,05,143,"Arkansas","Washington County",4,40,3566,1873,1693
050,05,143,"Arkansas","Washington County",4,41,3505,1797,1708
050,05,143,"Arkansas","Washington County",4,42,3475,1840,1635
050,05,143,"Arkansas","Washington County",4,43,3201,1612,1589
050,05,143,"Arkansas","Washington County",4,44,3162,1591,1571
050,05,143,"Arkansas","Washington County",4,45,3035,1561,1474
050,05,143,"Arkansas","Washington County",4,46,2997,1548,1449
050,05,143,"Arkansas","Washington County",4,47,2971,1529,1442
050,05,143,"Arkansas","Washington County",4,48,2870,1479,1391
050,05,143,"Arkansas","Washington County",4,49,2717,1339,1378
050,05,143,"Arkansas","Washington County",4,50,2830,1382,1448
050,05,143,"Arkansas","Washington County",4,51,2877,1431,1446
050,05,143,"Arkansas","Washington County",4,52,2831,1441,1390
050,05,143,"Arkansas","Washington County",4,53,2674,1384,1290
050,05,143,"Arkansas","Washington County",4,54,2579,1334,1245
050,05,143,"Arkansas","Washington County",4,55,2585,1310,1275
050,05,143,"Arkansas","Washington County",4,56,2534,1284,1250
050,05,143,"Arkansas","Washington County",4,57,2561,1264,1297
050,05,143,"Arkansas","Washington County",4,58,2696,1365,1331
050,05,143,"Arkansas","Washington County",4,59,2706,1369,1337
050,05,143,"Arkansas","Washington County",4,60,2679,1323,1356
050,05,143,"Arkansas","Washington County",4,61,2596,1255,1341
050,05,143,"Arkansas","Washington County",4,62,2488,1208,1280
050,05,143,"Arkansas","Washington County",4,63,2433,1201,1232
050,05,143,"Arkansas","Washington County",4,64,2345,1140,1205
050,05,143,"Arkansas","Washington County",4,65,2273,1117,1156
050,05,143,"Arkansas","Washington County",4,66,2188,1015,1173
050,05,143,"Arkansas","Washington County",4,67,2093,947,1146
050,05,143,"Arkansas","Washington County",4,68,2068,929,1139
050,05,143,"Arkansas","Washington County",4,69,1981,948,1033
050,05,143,"Arkansas","Washington County",4,70,1873,903,970
050,05,143,"Arkansas","Washington County",4,71,1756,828,928
050,05,143,"Arkansas","Washington County",4,72,1620,753,867
050,05,143,"Arkansas","Washington County",4,73,1614,747,867
050,05,143,"Arkansas","Washington County",4,74,1592,740,852
050,05,143,"Arkansas","Washington County",4,75,1668,741,927
050,05,143,"Arkansas","Washington County",4,76,1143,511,632
050,05,143,"Arkansas","Washington County",4,77,1045,483,562
050,05,143,"Arkansas","Washington County",4,78,1043,469,574
050,05,143,"Arkansas","Washington County",4,79,1004,436,568
050,05,143,"Arkansas","Washington County",4,80,878,376,502
050,05,143,"Arkansas","Washington County",4,81,808,323,485
050,05,143,"Arkansas","Washington County",4,82,721,276,445
050,05,143,"Arkansas","Washington County",4,83,645,284,361
050,05,143,"Arkansas","Washington County",4,84,593,250,343
050,05,143,"Arkansas","Washington County",4,85,3148,1103,2045
050,05,143,"Arkansas","Washington County",5,0,3315,1685,1630
050,05,143,"Arkansas","Washington County",5,1,3238,1679,1559
050,05,143,"Arkansas","Washington County",5,2,3098,1560,1538
050,05,143,"Arkansas","Washington County",5,3,3161,1628,1533
050,05,143,"Arkansas","Washington County",5,4,3337,1721,1616
050,05,143,"Arkansas","Washington County",5,5,3312,1677,1635
050,05,143,"Arkansas","Washington County",5,6,3390,1723,1667
050,05,143,"Arkansas","Washington County",5,7,3307,1740,1567
050,05,143,"Arkansas","Washington County",5,8,3369,1764,1605
050,05,143,"Arkansas","Washington County",5,9,3297,1737,1560
050,05,143,"Arkansas","Washington County",5,10,3376,1761,1615
050,05,143,"Arkansas","Washington County",5,11,3362,1745,1617
050,05,143,"Arkansas","Washington County",5,12,3364,1711,1653
050,05,143,"Arkansas","Washington County",5,13,3397,1696,1701
050,05,143,"Arkansas","Washington County",5,14,3416,1719,1697
050,05,143,"Arkansas","Washington County",5,15,3518,1811,1707
050,05,143,"Arkansas","Washington County",5,16,3673,1897,1776
050,05,143,"Arkansas","Washington County",5,17,3632,1875,1757
050,05,143,"Arkansas","Washington County",5,18,4732,2260,2472
050,05,143,"Arkansas","Washington County",5,19,6687,3272,3415
050,05,143,"Arkansas","Washington County",5,20,6391,3360,3031
050,05,143,"Arkansas","Washington County",5,21,5585,2902,2683
050,05,143,"Arkansas","Washington County",5,22,5496,2902,2594
050,05,143,"Arkansas","Washington County",5,23,5297,2753,2544
050,05,143,"Arkansas","Washington County",5,24,4821,2426,2395
050,05,143,"Arkansas","Washington County",5,25,4466,2244,2222
050,05,143,"Arkansas","Washington County",5,26,4217,2109,2108
050,05,143,"Arkansas","Washington County",5,27,3934,1978,1956
050,05,143,"Arkansas","Washington County",5,28,3943,2072,1871
050,05,143,"Arkansas","Washington County",5,29,3841,1996,1845
050,05,143,"Arkansas","Washington County",5,30,3829,2000,1829
050,05,143,"Arkansas","Washington County",5,31,3810,1933,1877
050,05,143,"Arkansas","Washington County",5,32,3845,1969,1876
050,05,143,"Arkansas","Washington County",5,33,3732,1886,1846
050,05,143,"Arkansas","Washington County",5,34,3563,1819,1744
050,05,143,"Arkansas","Washington County",5,35,3496,1737,1759
050,05,143,"Arkansas","Washington County",5,36,3455,1815,1640
050,05,143,"Arkansas","Washington County",5,37,3440,1760,1680
050,05,143,"Arkansas","Washington County",5,38,3500,1740,1760
050,05,143,"Arkansas","Washington County",5,39,3466,1738,1728
050,05,143,"Arkansas","Washington County",5,40,3619,1828,1791
050,05,143,"Arkansas","Washington County",5,41,3515,1834,1681
050,05,143,"Arkansas","Washington County",5,42,3552,1849,1703
050,05,143,"Arkansas","Washington County",5,43,3456,1823,1633
050,05,143,"Arkansas","Washington County",5,44,3256,1632,1624
050,05,143,"Arkansas","Washington County",5,45,3176,1607,1569
050,05,143,"Arkansas","Washington County",5,46,3080,1580,1500
050,05,143,"Arkansas","Washington County",5,47,2988,1541,1447
050,05,143,"Arkansas","Washington County",5,48,3040,1587,1453
050,05,143,"Arkansas","Washington County",5,49,2895,1464,1431
050,05,143,"Arkansas","Washington County",5,50,2762,1347,1415
050,05,143,"Arkansas","Washington County",5,51,2864,1398,1466
050,05,143,"Arkansas","Washington County",5,52,2886,1423,1463
050,05,143,"Arkansas","Washington County",5,53,2864,1452,1412
050,05,143,"Arkansas","Washington County",5,54,2710,1427,1283
050,05,143,"Arkansas","Washington County",5,55,2590,1339,1251
050,05,143,"Arkansas","Washington County",5,56,2600,1327,1273
050,05,143,"Arkansas","Washington County",5,57,2513,1267,1246
050,05,143,"Arkansas","Washington County",5,58,2555,1238,1317
050,05,143,"Arkansas","Washington County",5,59,2706,1364,1342
050,05,143,"Arkansas","Washington County",5,60,2708,1345,1363
050,05,143,"Arkansas","Washington County",5,61,2686,1330,1356
050,05,143,"Arkansas","Washington County",5,62,2602,1260,1342
050,05,143,"Arkansas","Washington County",5,63,2475,1192,1283
050,05,143,"Arkansas","Washington County",5,64,2393,1179,1214
050,05,143,"Arkansas","Washington County",5,65,2317,1129,1188
050,05,143,"Arkansas","Washington County",5,66,2263,1107,1156
050,05,143,"Arkansas","Washington County",5,67,2140,991,1149
050,05,143,"Arkansas","Washington County",5,68,2089,930,1159
050,05,143,"Arkansas","Washington County",5,69,2014,899,1115
050,05,143,"Arkansas","Washington County",5,70,1932,917,1015
050,05,143,"Arkansas","Washington County",5,71,1824,875,949
050,05,143,"Arkansas","Washington County",5,72,1739,816,923
050,05,143,"Arkansas","Washington County",5,73,1590,738,852
050,05,143,"Arkansas","Washington County",5,74,1578,722,856
050,05,143,"Arkansas","Washington County",5,75,1552,712,840
050,05,143,"Arkansas","Washington County",5,76,1665,733,932
050,05,143,"Arkansas","Washington County",5,77,1107,490,617
050,05,143,"Arkansas","Washington County",5,78,1020,463,557
050,05,143,"Arkansas","Washington County",5,79,973,444,529
050,05,143,"Arkansas","Washington County",5,80,978,422,556
050,05,143,"Arkansas","Washington County",5,81,854,361,493
050,05,143,"Arkansas","Washington County",5,82,766,297,469
050,05,143,"Arkansas","Washington County",5,83,663,260,403
050,05,143,"Arkansas","Washington County",5,84,617,267,350
050,05,143,"Arkansas","Washington County",5,85,3269,1157,2112
050,05,145,"Arkansas","White County",1,0,851,430,421
050,05,145,"Arkansas","White County",1,1,889,462,427
050,05,145,"Arkansas","White County",1,2,895,469,426
050,05,145,"Arkansas","White County",1,3,880,463,417
050,05,145,"Arkansas","White County",1,4,905,480,425
050,05,145,"Arkansas","White County",1,5,1024,529,495
050,05,145,"Arkansas","White County",1,6,1021,540,481
050,05,145,"Arkansas","White County",1,7,994,510,484
050,05,145,"Arkansas","White County",1,8,980,506,474
050,05,145,"Arkansas","White County",1,9,984,501,483
050,05,145,"Arkansas","White County",1,10,1045,553,492
050,05,145,"Arkansas","White County",1,11,1075,561,514
050,05,145,"Arkansas","White County",1,12,1081,569,512
050,05,145,"Arkansas","White County",1,13,1114,572,542
050,05,145,"Arkansas","White County",1,14,1102,546,556
050,05,145,"Arkansas","White County",1,15,1053,542,511
050,05,145,"Arkansas","White County",1,16,1071,548,523
050,05,145,"Arkansas","White County",1,17,1093,552,541
050,05,145,"Arkansas","White County",1,18,1154,546,608
050,05,145,"Arkansas","White County",1,19,1319,653,666
050,05,145,"Arkansas","White County",1,20,1277,625,652
050,05,145,"Arkansas","White County",1,21,1209,590,619
050,05,145,"Arkansas","White County",1,22,1129,533,596
050,05,145,"Arkansas","White County",1,23,956,492,464
050,05,145,"Arkansas","White County",1,24,936,451,485
050,05,145,"Arkansas","White County",1,25,909,444,465
050,05,145,"Arkansas","White County",1,26,928,466,462
050,05,145,"Arkansas","White County",1,27,899,455,444
050,05,145,"Arkansas","White County",1,28,955,462,493
050,05,145,"Arkansas","White County",1,29,1056,499,557
050,05,145,"Arkansas","White County",1,30,1014,468,546
050,05,145,"Arkansas","White County",1,31,948,434,514
050,05,145,"Arkansas","White County",1,32,929,454,475
050,05,145,"Arkansas","White County",1,33,900,466,434
050,05,145,"Arkansas","White County",1,34,911,461,450
050,05,145,"Arkansas","White County",1,35,893,441,452
050,05,145,"Arkansas","White County",1,36,911,427,484
050,05,145,"Arkansas","White County",1,37,944,453,491
050,05,145,"Arkansas","White County",1,38,883,425,458
050,05,145,"Arkansas","White County",1,39,968,453,515
050,05,145,"Arkansas","White County",1,40,966,483,483
050,05,145,"Arkansas","White County",1,41,889,439,450
050,05,145,"Arkansas","White County",1,42,910,467,443
050,05,145,"Arkansas","White County",1,43,861,432,429
050,05,145,"Arkansas","White County",1,44,862,430,432
050,05,145,"Arkansas","White County",1,45,873,436,437
050,05,145,"Arkansas","White County",1,46,867,413,454
050,05,145,"Arkansas","White County",1,47,957,490,467
050,05,145,"Arkansas","White County",1,48,1003,511,492
050,05,145,"Arkansas","White County",1,49,1042,526,516
050,05,145,"Arkansas","White County",1,50,1022,511,511
050,05,145,"Arkansas","White County",1,51,958,467,491
050,05,145,"Arkansas","White County",1,52,910,459,451
050,05,145,"Arkansas","White County",1,53,915,446,469
050,05,145,"Arkansas","White County",1,54,974,457,517
050,05,145,"Arkansas","White County",1,55,1037,508,529
050,05,145,"Arkansas","White County",1,56,1126,572,554
050,05,145,"Arkansas","White County",1,57,1058,548,510
050,05,145,"Arkansas","White County",1,58,1066,532,534
050,05,145,"Arkansas","White County",1,59,1078,560,518
050,05,145,"Arkansas","White County",1,60,993,509,484
050,05,145,"Arkansas","White County",1,61,964,482,482
050,05,145,"Arkansas","White County",1,62,969,471,498
050,05,145,"Arkansas","White County",1,63,890,433,457
050,05,145,"Arkansas","White County",1,64,864,410,454
050,05,145,"Arkansas","White County",1,65,823,376,447
050,05,145,"Arkansas","White County",1,66,777,351,426
050,05,145,"Arkansas","White County",1,67,771,363,408
050,05,145,"Arkansas","White County",1,68,766,377,389
050,05,145,"Arkansas","White County",1,69,714,354,360
050,05,145,"Arkansas","White County",1,70,740,334,406
050,05,145,"Arkansas","White County",1,71,740,339,401
050,05,145,"Arkansas","White County",1,72,726,332,394
050,05,145,"Arkansas","White County",1,73,764,360,404
050,05,145,"Arkansas","White County",1,74,549,245,304
050,05,145,"Arkansas","White County",1,75,568,250,318
050,05,145,"Arkansas","White County",1,76,532,224,308
050,05,145,"Arkansas","White County",1,77,505,213,292
050,05,145,"Arkansas","White County",1,78,446,193,253
050,05,145,"Arkansas","White County",1,79,396,166,230
050,05,145,"Arkansas","White County",1,80,371,159,212
050,05,145,"Arkansas","White County",1,81,324,134,190
050,05,145,"Arkansas","White County",1,82,311,127,184
050,05,145,"Arkansas","White County",1,83,267,127,140
050,05,145,"Arkansas","White County",1,84,255,105,150
050,05,145,"Arkansas","White County",1,85,1340,459,881
050,05,145,"Arkansas","White County",2,0,839,419,420
050,05,145,"Arkansas","White County",2,1,879,455,424
050,05,145,"Arkansas","White County",2,2,898,469,429
050,05,145,"Arkansas","White County",2,3,884,465,419
050,05,145,"Arkansas","White County",2,4,902,476,426
050,05,145,"Arkansas","White County",2,5,1001,521,480
050,05,145,"Arkansas","White County",2,6,1022,539,483
050,05,145,"Arkansas","White County",2,7,1003,519,484
050,05,145,"Arkansas","White County",2,8,985,510,475
050,05,145,"Arkansas","White County",2,9,981,503,478
050,05,145,"Arkansas","White County",2,10,1028,540,488
050,05,145,"Arkansas","White County",2,11,1065,555,510
050,05,145,"Arkansas","White County",2,12,1084,567,517
050,05,145,"Arkansas","White County",2,13,1107,569,538
050,05,145,"Arkansas","White County",2,14,1105,553,552
050,05,145,"Arkansas","White County",2,15,1067,544,523
050,05,145,"Arkansas","White County",2,16,1075,552,523
050,05,145,"Arkansas","White County",2,17,1091,551,540
050,05,145,"Arkansas","White County",2,18,1152,550,602
050,05,145,"Arkansas","White County",2,19,1322,647,675
050,05,145,"Arkansas","White County",2,20,1292,639,653
050,05,145,"Arkansas","White County",2,21,1218,591,627
050,05,145,"Arkansas","White County",2,22,1126,530,596
050,05,145,"Arkansas","White County",2,23,964,491,473
050,05,145,"Arkansas","White County",2,24,932,453,479
050,05,145,"Arkansas","White County",2,25,909,443,466
050,05,145,"Arkansas","White County",2,26,920,459,461
050,05,145,"Arkansas","White County",2,27,904,456,448
050,05,145,"Arkansas","White County",2,28,939,456,483
050,05,145,"Arkansas","White County",2,29,1026,484,542
050,05,145,"Arkansas","White County",2,30,1032,476,556
050,05,145,"Arkansas","White County",2,31,958,438,520
050,05,145,"Arkansas","White County",2,32,930,449,481
050,05,145,"Arkansas","White County",2,33,910,467,443
050,05,145,"Arkansas","White County",2,34,907,462,445
050,05,145,"Arkansas","White County",2,35,905,449,456
050,05,145,"Arkansas","White County",2,36,905,428,477
050,05,145,"Arkansas","White County",2,37,940,449,491
050,05,145,"Arkansas","White County",2,38,900,432,468
050,05,145,"Arkansas","White County",2,39,939,444,495
050,05,145,"Arkansas","White County",2,40,974,477,497
050,05,145,"Arkansas","White County",2,41,907,447,460
050,05,145,"Arkansas","White County",2,42,898,458,440
050,05,145,"Arkansas","White County",2,43,878,443,435
050,05,145,"Arkansas","White County",2,44,855,427,428
050,05,145,"Arkansas","White County",2,45,876,437,439
050,05,145,"Arkansas","White County",2,46,865,416,449
050,05,145,"Arkansas","White County",2,47,930,467,463
050,05,145,"Arkansas","White County",2,48,992,506,486
050,05,145,"Arkansas","White County",2,49,1038,529,509
050,05,145,"Arkansas","White County",2,50,1025,513,512
050,05,145,"Arkansas","White County",2,51,975,480,495
050,05,145,"Arkansas","White County",2,52,915,455,460
050,05,145,"Arkansas","White County",2,53,915,450,465
050,05,145,"Arkansas","White County",2,54,960,455,505
050,05,145,"Arkansas","White County",2,55,1022,497,525
050,05,145,"Arkansas","White County",2,56,1107,559,548
050,05,145,"Arkansas","White County",2,57,1074,550,524
050,05,145,"Arkansas","White County",2,58,1062,534,528
050,05,145,"Arkansas","White County",2,59,1082,556,526
050,05,145,"Arkansas","White County",2,60,1008,519,489
050,05,145,"Arkansas","White County",2,61,968,487,481
050,05,145,"Arkansas","White County",2,62,965,473,492
050,05,145,"Arkansas","White County",2,63,912,444,468
050,05,145,"Arkansas","White County",2,64,862,412,450
050,05,145,"Arkansas","White County",2,65,834,385,449
050,05,145,"Arkansas","White County",2,66,785,353,432
050,05,145,"Arkansas","White County",2,67,766,357,409
050,05,145,"Arkansas","White County",2,68,757,367,390
050,05,145,"Arkansas","White County",2,69,732,360,372
050,05,145,"Arkansas","White County",2,70,730,337,393
050,05,145,"Arkansas","White County",2,71,742,339,403
050,05,145,"Arkansas","White County",2,72,716,328,388
050,05,145,"Arkansas","White County",2,73,790,371,419
050,05,145,"Arkansas","White County",2,74,562,255,307
050,05,145,"Arkansas","White County",2,75,563,249,314
050,05,145,"Arkansas","White County",2,76,532,226,306
050,05,145,"Arkansas","White County",2,77,514,215,299
050,05,145,"Arkansas","White County",2,78,448,192,256
050,05,145,"Arkansas","White County",2,79,399,169,230
050,05,145,"Arkansas","White County",2,80,373,159,214
050,05,145,"Arkansas","White County",2,81,327,136,191
050,05,145,"Arkansas","White County",2,82,312,126,186
050,05,145,"Arkansas","White County",2,83,269,125,144
050,05,145,"Arkansas","White County",2,84,255,107,148
050,05,145,"Arkansas","White County",2,85,1343,454,889
050,05,145,"Arkansas","White County",3,0,828,466,362
050,05,145,"Arkansas","White County",3,1,853,436,417
050,05,145,"Arkansas","White County",3,2,889,467,422
050,05,145,"Arkansas","White County",3,3,918,481,437
050,05,145,"Arkansas","White County",3,4,900,468,432
050,05,145,"Arkansas","White County",3,5,919,490,429
050,05,145,"Arkansas","White County",3,6,1025,536,489
050,05,145,"Arkansas","White County",3,7,1011,522,489
050,05,145,"Arkansas","White County",3,8,999,515,484
050,05,145,"Arkansas","White County",3,9,998,524,474
050,05,145,"Arkansas","White County",3,10,1004,521,483
050,05,145,"Arkansas","White County",3,11,1026,539,487
050,05,145,"Arkansas","White County",3,12,1073,560,513
050,05,145,"Arkansas","White County",3,13,1093,568,525
050,05,145,"Arkansas","White County",3,14,1138,572,566
050,05,145,"Arkansas","White County",3,15,1120,556,564
050,05,145,"Arkansas","White County",3,16,1077,536,541
050,05,145,"Arkansas","White County",3,17,1097,565,532
050,05,145,"Arkansas","White County",3,18,1166,563,603
050,05,145,"Arkansas","White County",3,19,1298,634,664
050,05,145,"Arkansas","White County",3,20,1282,639,643
050,05,145,"Arkansas","White County",3,21,1193,576,617
050,05,145,"Arkansas","White County",3,22,1115,528,587
050,05,145,"Arkansas","White County",3,23,977,504,473
050,05,145,"Arkansas","White County",3,24,954,481,473
050,05,145,"Arkansas","White County",3,25,912,446,466
050,05,145,"Arkansas","White County",3,26,936,451,485
050,05,145,"Arkansas","White County",3,27,922,481,441
050,05,145,"Arkansas","White County",3,28,920,446,474
050,05,145,"Arkansas","White County",3,29,932,457,475
050,05,145,"Arkansas","White County",3,30,1036,494,542
050,05,145,"Arkansas","White County",3,31,1039,475,564
050,05,145,"Arkansas","White County",3,32,965,438,527
050,05,145,"Arkansas","White County",3,33,956,459,497
050,05,145,"Arkansas","White County",3,34,926,464,462
050,05,145,"Arkansas","White County",3,35,913,464,449
050,05,145,"Arkansas","White County",3,36,903,461,442
050,05,145,"Arkansas","White County",3,37,915,439,476
050,05,145,"Arkansas","White County",3,38,953,462,491
050,05,145,"Arkansas","White County",3,39,916,438,478
050,05,145,"Arkansas","White County",3,40,947,450,497
050,05,145,"Arkansas","White County",3,41,970,479,491
050,05,145,"Arkansas","White County",3,42,903,447,456
050,05,145,"Arkansas","White County",3,43,896,449,447
050,05,145,"Arkansas","White County",3,44,863,423,440
050,05,145,"Arkansas","White County",3,45,859,443,416
050,05,145,"Arkansas","White County",3,46,874,442,432
050,05,145,"Arkansas","White County",3,47,850,408,442
050,05,145,"Arkansas","White County",3,48,936,467,469
050,05,145,"Arkansas","White County",3,49,1004,508,496
050,05,145,"Arkansas","White County",3,50,1029,528,501
050,05,145,"Arkansas","White County",3,51,1056,539,517
050,05,145,"Arkansas","White County",3,52,960,462,498
050,05,145,"Arkansas","White County",3,53,911,453,458
050,05,145,"Arkansas","White County",3,54,905,445,460
050,05,145,"Arkansas","White County",3,55,977,459,518
050,05,145,"Arkansas","White County",3,56,1038,511,527
050,05,145,"Arkansas","White County",3,57,1100,559,541
050,05,145,"Arkansas","White County",3,58,1072,546,526
050,05,145,"Arkansas","White County",3,59,1061,533,528
050,05,145,"Arkansas","White County",3,60,1084,548,536
050,05,145,"Arkansas","White County",3,61,1014,526,488
050,05,145,"Arkansas","White County",3,62,968,481,487
050,05,145,"Arkansas","White County",3,63,957,469,488
050,05,145,"Arkansas","White County",3,64,887,432,455
050,05,145,"Arkansas","White County",3,65,854,406,448
050,05,145,"Arkansas","White County",3,66,809,367,442
050,05,145,"Arkansas","White County",3,67,779,345,434
050,05,145,"Arkansas","White County",3,68,745,344,401
050,05,145,"Arkansas","White County",3,69,751,359,392
050,05,145,"Arkansas","White County",3,70,721,355,366
050,05,145,"Arkansas","White County",3,71,702,327,375
050,05,145,"Arkansas","White County",3,72,727,330,397
050,05,145,"Arkansas","White County",3,73,683,312,371
050,05,145,"Arkansas","White County",3,74,771,351,420
050,05,145,"Arkansas","White County",3,75,528,238,290
050,05,145,"Arkansas","White County",3,76,543,243,300
050,05,145,"Arkansas","White County",3,77,503,204,299
050,05,145,"Arkansas","White County",3,78,497,207,290
050,05,145,"Arkansas","White County",3,79,407,171,236
050,05,145,"Arkansas","White County",3,80,383,162,221
050,05,145,"Arkansas","White County",3,81,328,141,187
050,05,145,"Arkansas","White County",3,82,299,113,186
050,05,145,"Arkansas","White County",3,83,282,121,161
050,05,145,"Arkansas","White County",3,84,242,115,127
050,05,145,"Arkansas","White County",3,85,1337,467,870
050,05,145,"Arkansas","White County",4,0,887,500,387
050,05,145,"Arkansas","White County",4,1,834,477,357
050,05,145,"Arkansas","White County",4,2,854,431,423
050,05,145,"Arkansas","White County",4,3,873,463,410
050,05,145,"Arkansas","White County",4,4,924,476,448
050,05,145,"Arkansas","White County",4,5,919,471,448
050,05,145,"Arkansas","White County",4,6,903,471,432
050,05,145,"Arkansas","White County",4,7,1060,557,503
050,05,145,"Arkansas","White County",4,8,1033,531,502
050,05,145,"Arkansas","White County",4,9,1025,539,486
050,05,145,"Arkansas","White County",4,10,1032,552,480
050,05,145,"Arkansas","White County",4,11,1004,517,487
050,05,145,"Arkansas","White County",4,12,1052,551,501
050,05,145,"Arkansas","White County",4,13,1105,580,525
050,05,145,"Arkansas","White County",4,14,1134,590,544
050,05,145,"Arkansas","White County",4,15,1162,586,576
050,05,145,"Arkansas","White County",4,16,1154,586,568
050,05,145,"Arkansas","White County",4,17,1110,555,555
050,05,145,"Arkansas","White County",4,18,1165,584,581
050,05,145,"Arkansas","White County",4,19,1268,619,649
050,05,145,"Arkansas","White County",4,20,1248,617,631
050,05,145,"Arkansas","White County",4,21,1212,592,620
050,05,145,"Arkansas","White County",4,22,1112,507,605
050,05,145,"Arkansas","White County",4,23,965,496,469
050,05,145,"Arkansas","White County",4,24,951,463,488
050,05,145,"Arkansas","White County",4,25,929,468,461
050,05,145,"Arkansas","White County",4,26,899,448,451
050,05,145,"Arkansas","White County",4,27,939,452,487
050,05,145,"Arkansas","White County",4,28,893,462,431
050,05,145,"Arkansas","White County",4,29,929,442,487
050,05,145,"Arkansas","White County",4,30,932,469,463
050,05,145,"Arkansas","White County",4,31,1049,498,551
050,05,145,"Arkansas","White County",4,32,1054,479,575
050,05,145,"Arkansas","White County",4,33,983,445,538
050,05,145,"Arkansas","White County",4,34,944,461,483
050,05,145,"Arkansas","White County",4,35,950,481,469
050,05,145,"Arkansas","White County",4,36,932,469,463
050,05,145,"Arkansas","White County",4,37,909,453,456
050,05,145,"Arkansas","White County",4,38,933,460,473
050,05,145,"Arkansas","White County",4,39,968,466,502
050,05,145,"Arkansas","White County",4,40,923,446,477
050,05,145,"Arkansas","White County",4,41,949,450,499
050,05,145,"Arkansas","White County",4,42,993,485,508
050,05,145,"Arkansas","White County",4,43,916,456,460
050,05,145,"Arkansas","White County",4,44,930,464,466
050,05,145,"Arkansas","White County",4,45,885,446,439
050,05,145,"Arkansas","White County",4,46,877,455,422
050,05,145,"Arkansas","White County",4,47,876,443,433
050,05,145,"Arkansas","White County",4,48,874,417,457
050,05,145,"Arkansas","White County",4,49,947,471,476
050,05,145,"Arkansas","White County",4,50,1016,514,502
050,05,145,"Arkansas","White County",4,51,1046,536,510
050,05,145,"Arkansas","White County",4,52,1054,535,519
050,05,145,"Arkansas","White County",4,53,950,455,495
050,05,145,"Arkansas","White County",4,54,935,473,462
050,05,145,"Arkansas","White County",4,55,896,442,454
050,05,145,"Arkansas","White County",4,56,981,470,511
050,05,145,"Arkansas","White County",4,57,1048,523,525
050,05,145,"Arkansas","White County",4,58,1083,542,541
050,05,145,"Arkansas","White County",4,59,1080,548,532
050,05,145,"Arkansas","White County",4,60,1038,532,506
050,05,145,"Arkansas","White County",4,61,1089,540,549
050,05,145,"Arkansas","White County",4,62,996,508,488
050,05,145,"Arkansas","White County",4,63,969,486,483
050,05,145,"Arkansas","White County",4,64,964,475,489
050,05,145,"Arkansas","White County",4,65,888,430,458
050,05,145,"Arkansas","White County",4,66,859,412,447
050,05,145,"Arkansas","White County",4,67,808,360,448
050,05,145,"Arkansas","White County",4,68,757,336,421
050,05,145,"Arkansas","White County",4,69,736,341,395
050,05,145,"Arkansas","White County",4,70,741,354,387
050,05,145,"Arkansas","White County",4,71,694,342,352
050,05,145,"Arkansas","White County",4,72,676,306,370
050,05,145,"Arkansas","White County",4,73,701,317,384
050,05,145,"Arkansas","White County",4,74,646,287,359
050,05,145,"Arkansas","White County",4,75,739,339,400
050,05,145,"Arkansas","White County",4,76,505,229,276
050,05,145,"Arkansas","White County",4,77,517,227,290
050,05,145,"Arkansas","White County",4,78,487,190,297
050,05,145,"Arkansas","White County",4,79,454,185,269
050,05,145,"Arkansas","White County",4,80,384,162,222
050,05,145,"Arkansas","White County",4,81,340,138,202
050,05,145,"Arkansas","White County",4,82,310,120,190
050,05,145,"Arkansas","White County",4,83,265,105,160
050,05,145,"Arkansas","White County",4,84,261,115,146
050,05,145,"Arkansas","White County",4,85,1304,478,826
050,05,145,"Arkansas","White County",5,0,891,504,387
050,05,145,"Arkansas","White County",5,1,877,497,380
050,05,145,"Arkansas","White County",5,2,844,478,366
050,05,145,"Arkansas","White County",5,3,887,442,445
050,05,145,"Arkansas","White County",5,4,889,471,418
050,05,145,"Arkansas","White County",5,5,955,489,466
050,05,145,"Arkansas","White County",5,6,951,489,462
050,05,145,"Arkansas","White County",5,7,953,496,457
050,05,145,"Arkansas","White County",5,8,1096,557,539
050,05,145,"Arkansas","White County",5,9,1044,539,505
050,05,145,"Arkansas","White County",5,10,1038,544,494
050,05,145,"Arkansas","White County",5,11,1026,558,468
050,05,145,"Arkansas","White County",5,12,1025,520,505
050,05,145,"Arkansas","White County",5,13,1076,569,507
050,05,145,"Arkansas","White County",5,14,1121,591,530
050,05,145,"Arkansas","White County",5,15,1143,596,547
050,05,145,"Arkansas","White County",5,16,1188,599,589
050,05,145,"Arkansas","White County",5,17,1169,616,553
050,05,145,"Arkansas","White County",5,18,1158,567,591
050,05,145,"Arkansas","White County",5,19,1276,628,648
050,05,145,"Arkansas","White County",5,20,1273,640,633
050,05,145,"Arkansas","White County",5,21,1237,609,628
050,05,145,"Arkansas","White County",5,22,1142,533,609
050,05,145,"Arkansas","White County",5,23,975,475,500
050,05,145,"Arkansas","White County",5,24,928,459,469
050,05,145,"Arkansas","White County",5,25,939,475,464
050,05,145,"Arkansas","White County",5,26,915,458,457
050,05,145,"Arkansas","White County",5,27,916,457,459
050,05,145,"Arkansas","White County",5,28,940,455,485
050,05,145,"Arkansas","White County",5,29,894,468,426
050,05,145,"Arkansas","White County",5,30,954,461,493
050,05,145,"Arkansas","White County",5,31,965,473,492
050,05,145,"Arkansas","White County",5,32,1053,513,540
050,05,145,"Arkansas","White County",5,33,1050,468,582
050,05,145,"Arkansas","White County",5,34,982,443,539
050,05,145,"Arkansas","White County",5,35,970,456,514
050,05,145,"Arkansas","White County",5,36,972,493,479
050,05,145,"Arkansas","White County",5,37,937,466,471
050,05,145,"Arkansas","White County",5,38,933,470,463
050,05,145,"Arkansas","White County",5,39,937,464,473
050,05,145,"Arkansas","White County",5,40,1002,489,513
050,05,145,"Arkansas","White County",5,41,932,450,482
050,05,145,"Arkansas","White County",5,42,932,457,475
050,05,145,"Arkansas","White County",5,43,1006,498,508
050,05,145,"Arkansas","White County",5,44,910,441,469
050,05,145,"Arkansas","White County",5,45,963,479,484
050,05,145,"Arkansas","White County",5,46,882,443,439
050,05,145,"Arkansas","White County",5,47,891,465,426
050,05,145,"Arkansas","White County",5,48,907,453,454
050,05,145,"Arkansas","White County",5,49,874,414,460
050,05,145,"Arkansas","White County",5,50,948,471,477
050,05,145,"Arkansas","White County",5,51,1035,534,501
050,05,145,"Arkansas","White County",5,52,1044,532,512
050,05,145,"Arkansas","White County",5,53,1039,529,510
050,05,145,"Arkansas","White County",5,54,970,466,504
050,05,145,"Arkansas","White County",5,55,939,476,463
050,05,145,"Arkansas","White County",5,56,907,445,462
050,05,145,"Arkansas","White County",5,57,991,477,514
050,05,145,"Arkansas","White County",5,58,1046,515,531
050,05,145,"Arkansas","White County",5,59,1091,548,543
050,05,145,"Arkansas","White County",5,60,1068,547,521
050,05,145,"Arkansas","White County",5,61,1061,537,524
050,05,145,"Arkansas","White County",5,62,1074,533,541
050,05,145,"Arkansas","White County",5,63,975,495,480
050,05,145,"Arkansas","White County",5,64,974,485,489
050,05,145,"Arkansas","White County",5,65,948,456,492
050,05,145,"Arkansas","White County",5,66,895,429,466
050,05,145,"Arkansas","White County",5,67,857,402,455
050,05,145,"Arkansas","White County",5,68,786,349,437
050,05,145,"Arkansas","White County",5,69,767,342,425
050,05,145,"Arkansas","White County",5,70,723,331,392
050,05,145,"Arkansas","White County",5,71,730,349,381
050,05,145,"Arkansas","White County",5,72,675,323,352
050,05,145,"Arkansas","White County",5,73,653,297,356
050,05,145,"Arkansas","White County",5,74,684,305,379
050,05,145,"Arkansas","White County",5,75,617,272,345
050,05,145,"Arkansas","White County",5,76,725,338,387
050,05,145,"Arkansas","White County",5,77,482,218,264
050,05,145,"Arkansas","White County",5,78,496,216,280
050,05,145,"Arkansas","White County",5,79,460,181,279
050,05,145,"Arkansas","White County",5,80,447,180,267
050,05,145,"Arkansas","White County",5,81,350,147,203
050,05,145,"Arkansas","White County",5,82,324,121,203
050,05,145,"Arkansas","White County",5,83,287,115,172
050,05,145,"Arkansas","White County",5,84,246,101,145
050,05,145,"Arkansas","White County",5,85,1320,502,818
050,05,147,"Arkansas","Woodruff County",1,0,93,47,46
050,05,147,"Arkansas","Woodruff County",1,1,89,45,44
050,05,147,"Arkansas","Woodruff County",1,2,67,32,35
050,05,147,"Arkansas","Woodruff County",1,3,75,38,37
050,05,147,"Arkansas","Woodruff County",1,4,70,45,25
050,05,147,"Arkansas","Woodruff County",1,5,47,25,22
050,05,147,"Arkansas","Woodruff County",1,6,78,47,31
050,05,147,"Arkansas","Woodruff County",1,7,82,43,39
050,05,147,"Arkansas","Woodruff County",1,8,76,36,40
050,05,147,"Arkansas","Woodruff County",1,9,78,41,37
050,05,147,"Arkansas","Woodruff County",1,10,64,35,29
050,05,147,"Arkansas","Woodruff County",1,11,86,42,44
050,05,147,"Arkansas","Woodruff County",1,12,83,38,45
050,05,147,"Arkansas","Woodruff County",1,13,82,34,48
050,05,147,"Arkansas","Woodruff County",1,14,73,34,39
050,05,147,"Arkansas","Woodruff County",1,15,71,40,31
050,05,147,"Arkansas","Woodruff County",1,16,72,39,33
050,05,147,"Arkansas","Woodruff County",1,17,73,39,34
050,05,147,"Arkansas","Woodruff County",1,18,75,36,39
050,05,147,"Arkansas","Woodruff County",1,19,54,26,28
050,05,147,"Arkansas","Woodruff County",1,20,50,26,24
050,05,147,"Arkansas","Woodruff County",1,21,58,29,29
050,05,147,"Arkansas","Woodruff County",1,22,79,43,36
050,05,147,"Arkansas","Woodruff County",1,23,77,36,41
050,05,147,"Arkansas","Woodruff County",1,24,62,32,30
050,05,147,"Arkansas","Woodruff County",1,25,66,40,26
050,05,147,"Arkansas","Woodruff County",1,26,72,38,34
050,05,147,"Arkansas","Woodruff County",1,27,64,35,29
050,05,147,"Arkansas","Woodruff County",1,28,67,34,33
050,05,147,"Arkansas","Woodruff County",1,29,65,24,41
050,05,147,"Arkansas","Woodruff County",1,30,62,27,35
050,05,147,"Arkansas","Woodruff County",1,31,62,33,29
050,05,147,"Arkansas","Woodruff County",1,32,64,27,37
050,05,147,"Arkansas","Woodruff County",1,33,56,28,28
050,05,147,"Arkansas","Woodruff County",1,34,57,28,29
050,05,147,"Arkansas","Woodruff County",1,35,62,26,36
050,05,147,"Arkansas","Woodruff County",1,36,60,28,32
050,05,147,"Arkansas","Woodruff County",1,37,65,35,30
050,05,147,"Arkansas","Woodruff County",1,38,65,35,30
050,05,147,"Arkansas","Woodruff County",1,39,69,35,34
050,05,147,"Arkansas","Woodruff County",1,40,67,30,37
050,05,147,"Arkansas","Woodruff County",1,41,69,31,38
050,05,147,"Arkansas","Woodruff County",1,42,67,34,33
050,05,147,"Arkansas","Woodruff County",1,43,72,39,33
050,05,147,"Arkansas","Woodruff County",1,44,73,40,33
050,05,147,"Arkansas","Woodruff County",1,45,64,35,29
050,05,147,"Arkansas","Woodruff County",1,46,76,42,34
050,05,147,"Arkansas","Woodruff County",1,47,78,38,40
050,05,147,"Arkansas","Woodruff County",1,48,90,44,46
050,05,147,"Arkansas","Woodruff County",1,49,95,43,52
050,05,147,"Arkansas","Woodruff County",1,50,82,41,41
050,05,147,"Arkansas","Woodruff County",1,51,65,31,34
050,05,147,"Arkansas","Woodruff County",1,52,68,31,37
050,05,147,"Arkansas","Woodruff County",1,53,76,35,41
050,05,147,"Arkansas","Woodruff County",1,54,70,39,31
050,05,147,"Arkansas","Woodruff County",1,55,87,52,35
050,05,147,"Arkansas","Woodruff County",1,56,87,56,31
050,05,147,"Arkansas","Woodruff County",1,57,85,47,38
050,05,147,"Arkansas","Woodruff County",1,58,84,41,43
050,05,147,"Arkansas","Woodruff County",1,59,84,45,39
050,05,147,"Arkansas","Woodruff County",1,60,99,39,60
050,05,147,"Arkansas","Woodruff County",1,61,106,40,66
050,05,147,"Arkansas","Woodruff County",1,62,89,41,48
050,05,147,"Arkansas","Woodruff County",1,63,81,38,43
050,05,147,"Arkansas","Woodruff County",1,64,91,45,46
050,05,147,"Arkansas","Woodruff County",1,65,85,38,47
050,05,147,"Arkansas","Woodruff County",1,66,85,47,38
050,05,147,"Arkansas","Woodruff County",1,67,96,49,47
050,05,147,"Arkansas","Woodruff County",1,68,109,53,56
050,05,147,"Arkansas","Woodruff County",1,69,91,40,51
050,05,147,"Arkansas","Woodruff County",1,70,79,37,42
050,05,147,"Arkansas","Woodruff County",1,71,90,47,43
050,05,147,"Arkansas","Woodruff County",1,72,95,45,50
050,05,147,"Arkansas","Woodruff County",1,73,86,38,48
050,05,147,"Arkansas","Woodruff County",1,74,59,26,33
050,05,147,"Arkansas","Woodruff County",1,75,72,34,38
050,05,147,"Arkansas","Woodruff County",1,76,52,21,31
050,05,147,"Arkansas","Woodruff County",1,77,49,20,29
050,05,147,"Arkansas","Woodruff County",1,78,49,18,31
050,05,147,"Arkansas","Woodruff County",1,79,55,23,32
050,05,147,"Arkansas","Woodruff County",1,80,55,26,29
050,05,147,"Arkansas","Woodruff County",1,81,43,17,26
050,05,147,"Arkansas","Woodruff County",1,82,34,13,21
050,05,147,"Arkansas","Woodruff County",1,83,20,10,10
050,05,147,"Arkansas","Woodruff County",1,84,20,7,13
050,05,147,"Arkansas","Woodruff County",1,85,173,54,119
050,05,147,"Arkansas","Woodruff County",2,0,83,41,42
050,05,147,"Arkansas","Woodruff County",2,1,89,45,44
050,05,147,"Arkansas","Woodruff County",2,2,71,34,37
050,05,147,"Arkansas","Woodruff County",2,3,71,36,35
050,05,147,"Arkansas","Woodruff County",2,4,68,41,27
050,05,147,"Arkansas","Woodruff County",2,5,53,30,23
050,05,147,"Arkansas","Woodruff County",2,6,70,41,29
050,05,147,"Arkansas","Woodruff County",2,7,80,43,37
050,05,147,"Arkansas","Woodruff County",2,8,77,37,40
050,05,147,"Arkansas","Woodruff County",2,9,76,40,36
050,05,147,"Arkansas","Woodruff County",2,10,69,37,32
050,05,147,"Arkansas","Woodruff County",2,11,79,40,39
050,05,147,"Arkansas","Woodruff County",2,12,83,39,44
050,05,147,"Arkansas","Woodruff County",2,13,82,34,48
050,05,147,"Arkansas","Woodruff County",2,14,76,35,41
050,05,147,"Arkansas","Woodruff County",2,15,73,39,34
050,05,147,"Arkansas","Woodruff County",2,16,70,39,31
050,05,147,"Arkansas","Woodruff County",2,17,72,38,34
050,05,147,"Arkansas","Woodruff County",2,18,70,35,35
050,05,147,"Arkansas","Woodruff County",2,19,54,27,27
050,05,147,"Arkansas","Woodruff County",2,20,51,26,25
050,05,147,"Arkansas","Woodruff County",2,21,56,28,28
050,05,147,"Arkansas","Woodruff County",2,22,76,40,36
050,05,147,"Arkansas","Woodruff County",2,23,75,38,37
050,05,147,"Arkansas","Woodruff County",2,24,64,34,30
050,05,147,"Arkansas","Woodruff County",2,25,65,38,27
050,05,147,"Arkansas","Woodruff County",2,26,71,39,32
050,05,147,"Arkansas","Woodruff County",2,27,65,35,30
050,05,147,"Arkansas","Woodruff County",2,28,66,34,32
050,05,147,"Arkansas","Woodruff County",2,29,65,26,39
050,05,147,"Arkansas","Woodruff County",2,30,63,27,36
050,05,147,"Arkansas","Woodruff County",2,31,61,31,30
050,05,147,"Arkansas","Woodruff County",2,32,64,28,36
050,05,147,"Arkansas","Woodruff County",2,33,57,27,30
050,05,147,"Arkansas","Woodruff County",2,34,57,28,29
050,05,147,"Arkansas","Woodruff County",2,35,60,26,34
050,05,147,"Arkansas","Woodruff County",2,36,61,28,33
050,05,147,"Arkansas","Woodruff County",2,37,65,35,30
050,05,147,"Arkansas","Woodruff County",2,38,66,35,31
050,05,147,"Arkansas","Woodruff County",2,39,69,36,33
050,05,147,"Arkansas","Woodruff County",2,40,66,30,36
050,05,147,"Arkansas","Woodruff County",2,41,69,31,38
050,05,147,"Arkansas","Woodruff County",2,42,66,34,32
050,05,147,"Arkansas","Woodruff County",2,43,72,38,34
050,05,147,"Arkansas","Woodruff County",2,44,72,40,32
050,05,147,"Arkansas","Woodruff County",2,45,65,36,29
050,05,147,"Arkansas","Woodruff County",2,46,72,40,32
050,05,147,"Arkansas","Woodruff County",2,47,77,39,38
050,05,147,"Arkansas","Woodruff County",2,48,88,43,45
050,05,147,"Arkansas","Woodruff County",2,49,93,42,51
050,05,147,"Arkansas","Woodruff County",2,50,86,42,44
050,05,147,"Arkansas","Woodruff County",2,51,69,33,36
050,05,147,"Arkansas","Woodruff County",2,52,67,31,36
050,05,147,"Arkansas","Woodruff County",2,53,75,34,41
050,05,147,"Arkansas","Woodruff County",2,54,70,38,32
050,05,147,"Arkansas","Woodruff County",2,55,81,48,33
050,05,147,"Arkansas","Woodruff County",2,56,86,55,31
050,05,147,"Arkansas","Woodruff County",2,57,85,49,36
050,05,147,"Arkansas","Woodruff County",2,58,85,43,42
050,05,147,"Arkansas","Woodruff County",2,59,84,44,40
050,05,147,"Arkansas","Woodruff County",2,60,93,39,54
050,05,147,"Arkansas","Woodruff County",2,61,102,38,64
050,05,147,"Arkansas","Woodruff County",2,62,92,41,51
050,05,147,"Arkansas","Woodruff County",2,63,83,38,45
050,05,147,"Arkansas","Woodruff County",2,64,88,43,45
050,05,147,"Arkansas","Woodruff County",2,65,86,39,47
050,05,147,"Arkansas","Woodruff County",2,66,86,46,40
050,05,147,"Arkansas","Woodruff County",2,67,92,47,45
050,05,147,"Arkansas","Woodruff County",2,68,105,51,54
050,05,147,"Arkansas","Woodruff County",2,69,95,43,52
050,05,147,"Arkansas","Woodruff County",2,70,81,38,43
050,05,147,"Arkansas","Woodruff County",2,71,87,44,43
050,05,147,"Arkansas","Woodruff County",2,72,90,43,47
050,05,147,"Arkansas","Woodruff County",2,73,93,41,52
050,05,147,"Arkansas","Woodruff County",2,74,62,27,35
050,05,147,"Arkansas","Woodruff County",2,75,70,33,37
050,05,147,"Arkansas","Woodruff County",2,76,53,22,31
050,05,147,"Arkansas","Woodruff County",2,77,50,20,30
050,05,147,"Arkansas","Woodruff County",2,78,48,18,30
050,05,147,"Arkansas","Woodruff County",2,79,53,22,31
050,05,147,"Arkansas","Woodruff County",2,80,54,25,29
050,05,147,"Arkansas","Woodruff County",2,81,45,18,27
050,05,147,"Arkansas","Woodruff County",2,82,36,15,21
050,05,147,"Arkansas","Woodruff County",2,83,22,10,12
050,05,147,"Arkansas","Woodruff County",2,84,20,8,12
050,05,147,"Arkansas","Woodruff County",2,85,167,52,115
050,05,147,"Arkansas","Woodruff County",3,0,65,36,29
050,05,147,"Arkansas","Woodruff County",3,1,87,39,48
050,05,147,"Arkansas","Woodruff County",3,2,86,41,45
050,05,147,"Arkansas","Woodruff County",3,3,67,32,35
050,05,147,"Arkansas","Woodruff County",3,4,71,34,37
050,05,147,"Arkansas","Woodruff County",3,5,72,40,32
050,05,147,"Arkansas","Woodruff County",3,6,58,28,30
050,05,147,"Arkansas","Woodruff County",3,7,65,38,27
050,05,147,"Arkansas","Woodruff County",3,8,76,43,33
050,05,147,"Arkansas","Woodruff County",3,9,75,36,39
050,05,147,"Arkansas","Woodruff County",3,10,78,41,37
050,05,147,"Arkansas","Woodruff County",3,11,71,38,33
050,05,147,"Arkansas","Woodruff County",3,12,83,38,45
050,05,147,"Arkansas","Woodruff County",3,13,75,36,39
050,05,147,"Arkansas","Woodruff County",3,14,79,32,47
050,05,147,"Arkansas","Woodruff County",3,15,63,29,34
050,05,147,"Arkansas","Woodruff County",3,16,71,37,34
050,05,147,"Arkansas","Woodruff County",3,17,68,38,30
050,05,147,"Arkansas","Woodruff County",3,18,57,31,26
050,05,147,"Arkansas","Woodruff County",3,19,56,25,31
050,05,147,"Arkansas","Woodruff County",3,20,65,34,31
050,05,147,"Arkansas","Woodruff County",3,21,55,32,23
050,05,147,"Arkansas","Woodruff County",3,22,69,34,35
050,05,147,"Arkansas","Woodruff County",3,23,75,41,34
050,05,147,"Arkansas","Woodruff County",3,24,81,41,40
050,05,147,"Arkansas","Woodruff County",3,25,70,37,33
050,05,147,"Arkansas","Woodruff County",3,26,71,38,33
050,05,147,"Arkansas","Woodruff County",3,27,72,44,28
050,05,147,"Arkansas","Woodruff County",3,28,67,38,29
050,05,147,"Arkansas","Woodruff County",3,29,65,34,31
050,05,147,"Arkansas","Woodruff County",3,30,62,29,33
050,05,147,"Arkansas","Woodruff County",3,31,63,27,36
050,05,147,"Arkansas","Woodruff County",3,32,56,25,31
050,05,147,"Arkansas","Woodruff County",3,33,65,28,37
050,05,147,"Arkansas","Woodruff County",3,34,51,24,27
050,05,147,"Arkansas","Woodruff County",3,35,57,32,25
050,05,147,"Arkansas","Woodruff County",3,36,56,25,31
050,05,147,"Arkansas","Woodruff County",3,37,57,27,30
050,05,147,"Arkansas","Woodruff County",3,38,68,37,31
050,05,147,"Arkansas","Woodruff County",3,39,65,33,32
050,05,147,"Arkansas","Woodruff County",3,40,62,32,30
050,05,147,"Arkansas","Woodruff County",3,41,67,29,38
050,05,147,"Arkansas","Woodruff County",3,42,72,34,38
050,05,147,"Arkansas","Woodruff County",3,43,73,38,35
050,05,147,"Arkansas","Woodruff County",3,44,72,41,31
050,05,147,"Arkansas","Woodruff County",3,45,77,43,34
050,05,147,"Arkansas","Woodruff County",3,46,62,35,27
050,05,147,"Arkansas","Woodruff County",3,47,68,36,32
050,05,147,"Arkansas","Woodruff County",3,48,80,38,42
050,05,147,"Arkansas","Woodruff County",3,49,82,39,43
050,05,147,"Arkansas","Woodruff County",3,50,93,41,52
050,05,147,"Arkansas","Woodruff County",3,51,82,39,43
050,05,147,"Arkansas","Woodruff County",3,52,65,31,34
050,05,147,"Arkansas","Woodruff County",3,53,61,27,34
050,05,147,"Arkansas","Woodruff County",3,54,74,34,40
050,05,147,"Arkansas","Woodruff County",3,55,63,40,23
050,05,147,"Arkansas","Woodruff County",3,56,81,49,32
050,05,147,"Arkansas","Woodruff County",3,57,86,56,30
050,05,147,"Arkansas","Woodruff County",3,58,85,49,36
050,05,147,"Arkansas","Woodruff County",3,59,89,47,42
050,05,147,"Arkansas","Woodruff County",3,60,81,40,41
050,05,147,"Arkansas","Woodruff County",3,61,87,35,52
050,05,147,"Arkansas","Woodruff County",3,62,99,38,61
050,05,147,"Arkansas","Woodruff County",3,63,86,37,49
050,05,147,"Arkansas","Woodruff County",3,64,87,41,46
050,05,147,"Arkansas","Woodruff County",3,65,82,39,43
050,05,147,"Arkansas","Woodruff County",3,66,87,40,47
050,05,147,"Arkansas","Woodruff County",3,67,89,45,44
050,05,147,"Arkansas","Woodruff County",3,68,87,45,42
050,05,147,"Arkansas","Woodruff County",3,69,105,54,51
050,05,147,"Arkansas","Woodruff County",3,70,93,44,49
050,05,147,"Arkansas","Woodruff County",3,71,81,37,44
050,05,147,"Arkansas","Woodruff County",3,72,80,40,40
050,05,147,"Arkansas","Woodruff County",3,73,85,40,45
050,05,147,"Arkansas","Woodruff County",3,74,93,40,53
050,05,147,"Arkansas","Woodruff County",3,75,60,28,32
050,05,147,"Arkansas","Woodruff County",3,76,64,27,37
050,05,147,"Arkansas","Woodruff County",3,77,50,22,28
050,05,147,"Arkansas","Woodruff County",3,78,46,19,27
050,05,147,"Arkansas","Woodruff County",3,79,48,18,30
050,05,147,"Arkansas","Woodruff County",3,80,49,20,29
050,05,147,"Arkansas","Woodruff County",3,81,51,23,28
050,05,147,"Arkansas","Woodruff County",3,82,45,19,26
050,05,147,"Arkansas","Woodruff County",3,83,29,11,18
050,05,147,"Arkansas","Woodruff County",3,84,22,9,13
050,05,147,"Arkansas","Woodruff County",3,85,153,46,107
050,05,147,"Arkansas","Woodruff County",4,0,68,35,33
050,05,147,"Arkansas","Woodruff County",4,1,57,32,25
050,05,147,"Arkansas","Woodruff County",4,2,85,35,50
050,05,147,"Arkansas","Woodruff County",4,3,83,42,41
050,05,147,"Arkansas","Woodruff County",4,4,64,31,33
050,05,147,"Arkansas","Woodruff County",4,5,75,37,38
050,05,147,"Arkansas","Woodruff County",4,6,79,46,33
050,05,147,"Arkansas","Woodruff County",4,7,56,25,31
050,05,147,"Arkansas","Woodruff County",4,8,65,36,29
050,05,147,"Arkansas","Woodruff County",4,9,87,43,44
050,05,147,"Arkansas","Woodruff County",4,10,75,38,37
050,05,147,"Arkansas","Woodruff County",4,11,75,39,36
050,05,147,"Arkansas","Woodruff County",4,12,67,37,30
050,05,147,"Arkansas","Woodruff County",4,13,78,42,36
050,05,147,"Arkansas","Woodruff County",4,14,78,34,44
050,05,147,"Arkansas","Woodruff County",4,15,82,35,47
050,05,147,"Arkansas","Woodruff County",4,16,70,31,39
050,05,147,"Arkansas","Woodruff County",4,17,69,35,34
050,05,147,"Arkansas","Woodruff County",4,18,55,33,22
050,05,147,"Arkansas","Woodruff County",4,19,43,26,17
050,05,147,"Arkansas","Woodruff County",4,20,61,28,33
050,05,147,"Arkansas","Woodruff County",4,21,60,31,29
050,05,147,"Arkansas","Woodruff County",4,22,57,32,25
050,05,147,"Arkansas","Woodruff County",4,23,54,24,30
050,05,147,"Arkansas","Woodruff County",4,24,76,39,37
050,05,147,"Arkansas","Woodruff County",4,25,77,37,40
050,05,147,"Arkansas","Woodruff County",4,26,66,30,36
050,05,147,"Arkansas","Woodruff County",4,27,75,39,36
050,05,147,"Arkansas","Woodruff County",4,28,84,51,33
050,05,147,"Arkansas","Woodruff County",4,29,70,41,29
050,05,147,"Arkansas","Woodruff County",4,30,64,31,33
050,05,147,"Arkansas","Woodruff County",4,31,58,27,31
050,05,147,"Arkansas","Woodruff County",4,32,64,29,35
050,05,147,"Arkansas","Woodruff County",4,33,58,27,31
050,05,147,"Arkansas","Woodruff County",4,34,69,27,42
050,05,147,"Arkansas","Woodruff County",4,35,46,23,23
050,05,147,"Arkansas","Woodruff County",4,36,50,25,25
050,05,147,"Arkansas","Woodruff County",4,37,63,31,32
050,05,147,"Arkansas","Woodruff County",4,38,57,27,30
050,05,147,"Arkansas","Woodruff County",4,39,64,37,27
050,05,147,"Arkansas","Woodruff County",4,40,64,31,33
050,05,147,"Arkansas","Woodruff County",4,41,67,37,30
050,05,147,"Arkansas","Woodruff County",4,42,66,27,39
050,05,147,"Arkansas","Woodruff County",4,43,71,31,40
050,05,147,"Arkansas","Woodruff County",4,44,68,37,31
050,05,147,"Arkansas","Woodruff County",4,45,68,38,30
050,05,147,"Arkansas","Woodruff County",4,46,74,43,31
050,05,147,"Arkansas","Woodruff County",4,47,59,31,28
050,05,147,"Arkansas","Woodruff County",4,48,66,35,31
050,05,147,"Arkansas","Woodruff County",4,49,80,36,44
050,05,147,"Arkansas","Woodruff County",4,50,86,40,46
050,05,147,"Arkansas","Woodruff County",4,51,91,38,53
050,05,147,"Arkansas","Woodruff County",4,52,80,38,42
050,05,147,"Arkansas","Woodruff County",4,53,66,32,34
050,05,147,"Arkansas","Woodruff County",4,54,66,31,35
050,05,147,"Arkansas","Woodruff County",4,55,72,34,38
050,05,147,"Arkansas","Woodruff County",4,56,59,39,20
050,05,147,"Arkansas","Woodruff County",4,57,77,46,31
050,05,147,"Arkansas","Woodruff County",4,58,88,56,32
050,05,147,"Arkansas","Woodruff County",4,59,88,49,39
050,05,147,"Arkansas","Woodruff County",4,60,87,44,43
050,05,147,"Arkansas","Woodruff County",4,61,79,40,39
050,05,147,"Arkansas","Woodruff County",4,62,83,37,46
050,05,147,"Arkansas","Woodruff County",4,63,96,35,61
050,05,147,"Arkansas","Woodruff County",4,64,82,36,46
050,05,147,"Arkansas","Woodruff County",4,65,88,40,48
050,05,147,"Arkansas","Woodruff County",4,66,83,40,43
050,05,147,"Arkansas","Woodruff County",4,67,86,37,49
050,05,147,"Arkansas","Woodruff County",4,68,82,39,43
050,05,147,"Arkansas","Woodruff County",4,69,82,43,39
050,05,147,"Arkansas","Woodruff County",4,70,102,52,50
050,05,147,"Arkansas","Woodruff County",4,71,91,41,50
050,05,147,"Arkansas","Woodruff County",4,72,73,32,41
050,05,147,"Arkansas","Woodruff County",4,73,79,40,39
050,05,147,"Arkansas","Woodruff County",4,74,82,39,43
050,05,147,"Arkansas","Woodruff County",4,75,91,40,51
050,05,147,"Arkansas","Woodruff County",4,76,56,24,32
050,05,147,"Arkansas","Woodruff County",4,77,60,25,35
050,05,147,"Arkansas","Woodruff County",4,78,42,19,23
050,05,147,"Arkansas","Woodruff County",4,79,41,18,23
050,05,147,"Arkansas","Woodruff County",4,80,45,18,27
050,05,147,"Arkansas","Woodruff County",4,81,42,15,27
050,05,147,"Arkansas","Woodruff County",4,82,46,20,26
050,05,147,"Arkansas","Woodruff County",4,83,37,15,22
050,05,147,"Arkansas","Woodruff County",4,84,30,11,19
050,05,147,"Arkansas","Woodruff County",4,85,152,47,105
050,05,147,"Arkansas","Woodruff County",5,0,69,35,34
050,05,147,"Arkansas","Woodruff County",5,1,75,39,36
050,05,147,"Arkansas","Woodruff County",5,2,63,33,30
050,05,147,"Arkansas","Woodruff County",5,3,78,33,45
050,05,147,"Arkansas","Woodruff County",5,4,84,42,42
050,05,147,"Arkansas","Woodruff County",5,5,67,34,33
050,05,147,"Arkansas","Woodruff County",5,6,72,36,36
050,05,147,"Arkansas","Woodruff County",5,7,81,49,32
050,05,147,"Arkansas","Woodruff County",5,8,62,27,35
050,05,147,"Arkansas","Woodruff County",5,9,61,36,25
050,05,147,"Arkansas","Woodruff County",5,10,82,40,42
050,05,147,"Arkansas","Woodruff County",5,11,70,35,35
050,05,147,"Arkansas","Woodruff County",5,12,74,38,36
050,05,147,"Arkansas","Woodruff County",5,13,58,36,22
050,05,147,"Arkansas","Woodruff County",5,14,80,44,36
050,05,147,"Arkansas","Woodruff County",5,15,81,36,45
050,05,147,"Arkansas","Woodruff County",5,16,85,37,48
050,05,147,"Arkansas","Woodruff County",5,17,63,26,37
050,05,147,"Arkansas","Woodruff County",5,18,58,32,26
050,05,147,"Arkansas","Woodruff County",5,19,44,28,16
050,05,147,"Arkansas","Woodruff County",5,20,47,28,19
050,05,147,"Arkansas","Woodruff County",5,21,62,29,33
050,05,147,"Arkansas","Woodruff County",5,22,62,32,30
050,05,147,"Arkansas","Woodruff County",5,23,61,33,28
050,05,147,"Arkansas","Woodruff County",5,24,51,22,29
050,05,147,"Arkansas","Woodruff County",5,25,66,36,30
050,05,147,"Arkansas","Woodruff County",5,26,77,35,42
050,05,147,"Arkansas","Woodruff County",5,27,65,32,33
050,05,147,"Arkansas","Woodruff County",5,28,73,35,38
050,05,147,"Arkansas","Woodruff County",5,29,74,42,32
050,05,147,"Arkansas","Woodruff County",5,30,75,42,33
050,05,147,"Arkansas","Woodruff County",5,31,56,27,29
050,05,147,"Arkansas","Woodruff County",5,32,66,34,32
050,05,147,"Arkansas","Woodruff County",5,33,66,30,36
050,05,147,"Arkansas","Woodruff County",5,34,56,26,30
050,05,147,"Arkansas","Woodruff County",5,35,62,24,38
050,05,147,"Arkansas","Woodruff County",5,36,47,23,24
050,05,147,"Arkansas","Woodruff County",5,37,52,28,24
050,05,147,"Arkansas","Woodruff County",5,38,57,28,29
050,05,147,"Arkansas","Woodruff County",5,39,52,24,28
050,05,147,"Arkansas","Woodruff County",5,40,64,36,28
050,05,147,"Arkansas","Woodruff County",5,41,65,34,31
050,05,147,"Arkansas","Woodruff County",5,42,71,40,31
050,05,147,"Arkansas","Woodruff County",5,43,72,30,42
050,05,147,"Arkansas","Woodruff County",5,44,68,30,38
050,05,147,"Arkansas","Woodruff County",5,45,59,32,27
050,05,147,"Arkansas","Woodruff County",5,46,63,35,28
050,05,147,"Arkansas","Woodruff County",5,47,68,38,30
050,05,147,"Arkansas","Woodruff County",5,48,63,33,30
050,05,147,"Arkansas","Woodruff County",5,49,69,36,33
050,05,147,"Arkansas","Woodruff County",5,50,82,39,43
050,05,147,"Arkansas","Woodruff County",5,51,83,38,45
050,05,147,"Arkansas","Woodruff County",5,52,87,36,51
050,05,147,"Arkansas","Woodruff County",5,53,78,35,43
050,05,147,"Arkansas","Woodruff County",5,54,67,31,36
050,05,147,"Arkansas","Woodruff County",5,55,66,31,35
050,05,147,"Arkansas","Woodruff County",5,56,69,34,35
050,05,147,"Arkansas","Woodruff County",5,57,53,34,19
050,05,147,"Arkansas","Woodruff County",5,58,75,47,28
050,05,147,"Arkansas","Woodruff County",5,59,93,59,34
050,05,147,"Arkansas","Woodruff County",5,60,86,47,39
050,05,147,"Arkansas","Woodruff County",5,61,84,44,40
050,05,147,"Arkansas","Woodruff County",5,62,77,42,35
050,05,147,"Arkansas","Woodruff County",5,63,81,35,46
050,05,147,"Arkansas","Woodruff County",5,64,95,33,62
050,05,147,"Arkansas","Woodruff County",5,65,80,34,46
050,05,147,"Arkansas","Woodruff County",5,66,83,40,43
050,05,147,"Arkansas","Woodruff County",5,67,81,35,46
050,05,147,"Arkansas","Woodruff County",5,68,84,34,50
050,05,147,"Arkansas","Woodruff County",5,69,82,39,43
050,05,147,"Arkansas","Woodruff County",5,70,84,45,39
050,05,147,"Arkansas","Woodruff County",5,71,101,49,52
050,05,147,"Arkansas","Woodruff County",5,72,87,39,48
050,05,147,"Arkansas","Woodruff County",5,73,72,33,39
050,05,147,"Arkansas","Woodruff County",5,74,76,39,37
050,05,147,"Arkansas","Woodruff County",5,75,81,39,42
050,05,147,"Arkansas","Woodruff County",5,76,86,35,51
050,05,147,"Arkansas","Woodruff County",5,77,51,22,29
050,05,147,"Arkansas","Woodruff County",5,78,56,25,31
050,05,147,"Arkansas","Woodruff County",5,79,38,17,21
050,05,147,"Arkansas","Woodruff County",5,80,38,17,21
050,05,147,"Arkansas","Woodruff County",5,81,41,15,26
050,05,147,"Arkansas","Woodruff County",5,82,39,14,25
050,05,147,"Arkansas","Woodruff County",5,83,35,14,21
050,05,147,"Arkansas","Woodruff County",5,84,38,15,23
050,05,147,"Arkansas","Woodruff County",5,85,159,47,112
050,05,149,"Arkansas","Yell County",1,0,233,120,113
050,05,149,"Arkansas","Yell County",1,1,235,130,105
050,05,149,"Arkansas","Yell County",1,2,234,129,105
050,05,149,"Arkansas","Yell County",1,3,243,127,116
050,05,149,"Arkansas","Yell County",1,4,276,140,136
050,05,149,"Arkansas","Yell County",1,5,263,145,118
050,05,149,"Arkansas","Yell County",1,6,261,125,136
050,05,149,"Arkansas","Yell County",1,7,267,144,123
050,05,149,"Arkansas","Yell County",1,8,278,132,146
050,05,149,"Arkansas","Yell County",1,9,277,134,143
050,05,149,"Arkansas","Yell County",1,10,267,151,116
050,05,149,"Arkansas","Yell County",1,11,288,141,147
050,05,149,"Arkansas","Yell County",1,12,315,162,153
050,05,149,"Arkansas","Yell County",1,13,315,176,139
050,05,149,"Arkansas","Yell County",1,14,302,163,139
050,05,149,"Arkansas","Yell County",1,15,299,148,151
050,05,149,"Arkansas","Yell County",1,16,287,150,137
050,05,149,"Arkansas","Yell County",1,17,276,156,120
050,05,149,"Arkansas","Yell County",1,18,263,142,121
050,05,149,"Arkansas","Yell County",1,19,220,113,107
050,05,149,"Arkansas","Yell County",1,20,212,107,105
050,05,149,"Arkansas","Yell County",1,21,190,86,104
050,05,149,"Arkansas","Yell County",1,22,218,115,103
050,05,149,"Arkansas","Yell County",1,23,236,134,102
050,05,149,"Arkansas","Yell County",1,24,230,112,118
050,05,149,"Arkansas","Yell County",1,25,263,138,125
050,05,149,"Arkansas","Yell County",1,26,252,139,113
050,05,149,"Arkansas","Yell County",1,27,255,131,124
050,05,149,"Arkansas","Yell County",1,28,230,131,99
050,05,149,"Arkansas","Yell County",1,29,270,142,128
050,05,149,"Arkansas","Yell County",1,30,234,119,115
050,05,149,"Arkansas","Yell County",1,31,246,122,124
050,05,149,"Arkansas","Yell County",1,32,226,105,121
050,05,149,"Arkansas","Yell County",1,33,225,105,120
050,05,149,"Arkansas","Yell County",1,34,233,132,101
050,05,149,"Arkansas","Yell County",1,35,228,119,109
050,05,149,"Arkansas","Yell County",1,36,205,110,95
050,05,149,"Arkansas","Yell County",1,37,228,115,113
050,05,149,"Arkansas","Yell County",1,38,229,116,113
050,05,149,"Arkansas","Yell County",1,39,234,133,101
050,05,149,"Arkansas","Yell County",1,40,252,141,111
050,05,149,"Arkansas","Yell County",1,41,233,118,115
050,05,149,"Arkansas","Yell County",1,42,249,128,121
050,05,149,"Arkansas","Yell County",1,43,222,108,114
050,05,149,"Arkansas","Yell County",1,44,247,135,112
050,05,149,"Arkansas","Yell County",1,45,255,138,117
050,05,149,"Arkansas","Yell County",1,46,245,126,119
050,05,149,"Arkansas","Yell County",1,47,247,116,131
050,05,149,"Arkansas","Yell County",1,48,256,117,139
050,05,149,"Arkansas","Yell County",1,49,289,140,149
050,05,149,"Arkansas","Yell County",1,50,272,146,126
050,05,149,"Arkansas","Yell County",1,51,235,127,108
050,05,149,"Arkansas","Yell County",1,52,237,118,119
050,05,149,"Arkansas","Yell County",1,53,240,121,119
050,05,149,"Arkansas","Yell County",1,54,280,128,152
050,05,149,"Arkansas","Yell County",1,55,294,145,149
050,05,149,"Arkansas","Yell County",1,56,303,142,161
050,05,149,"Arkansas","Yell County",1,57,338,170,168
050,05,149,"Arkansas","Yell County",1,58,313,159,154
050,05,149,"Arkansas","Yell County",1,59,290,157,133
050,05,149,"Arkansas","Yell County",1,60,281,150,131
050,05,149,"Arkansas","Yell County",1,61,276,143,133
050,05,149,"Arkansas","Yell County",1,62,277,153,124
050,05,149,"Arkansas","Yell County",1,63,253,129,124
050,05,149,"Arkansas","Yell County",1,64,257,126,131
050,05,149,"Arkansas","Yell County",1,65,239,113,126
050,05,149,"Arkansas","Yell County",1,66,218,106,112
050,05,149,"Arkansas","Yell County",1,67,222,112,110
050,05,149,"Arkansas","Yell County",1,68,231,119,112
050,05,149,"Arkansas","Yell County",1,69,214,108,106
050,05,149,"Arkansas","Yell County",1,70,189,97,92
050,05,149,"Arkansas","Yell County",1,71,200,96,104
050,05,149,"Arkansas","Yell County",1,72,197,94,103
050,05,149,"Arkansas","Yell County",1,73,191,99,92
050,05,149,"Arkansas","Yell County",1,74,133,70,63
050,05,149,"Arkansas","Yell County",1,75,146,69,77
050,05,149,"Arkansas","Yell County",1,76,147,65,82
050,05,149,"Arkansas","Yell County",1,77,148,56,92
050,05,149,"Arkansas","Yell County",1,78,110,50,60
050,05,149,"Arkansas","Yell County",1,79,113,56,57
050,05,149,"Arkansas","Yell County",1,80,105,49,56
050,05,149,"Arkansas","Yell County",1,81,112,48,64
050,05,149,"Arkansas","Yell County",1,82,87,34,53
050,05,149,"Arkansas","Yell County",1,83,76,25,51
050,05,149,"Arkansas","Yell County",1,84,71,26,45
050,05,149,"Arkansas","Yell County",1,85,423,151,272
050,05,149,"Arkansas","Yell County",2,0,232,127,105
050,05,149,"Arkansas","Yell County",2,1,235,128,107
050,05,149,"Arkansas","Yell County",2,2,238,132,106
050,05,149,"Arkansas","Yell County",2,3,242,128,114
050,05,149,"Arkansas","Yell County",2,4,269,137,132
050,05,149,"Arkansas","Yell County",2,5,268,143,125
050,05,149,"Arkansas","Yell County",2,6,259,128,131
050,05,149,"Arkansas","Yell County",2,7,266,140,126
050,05,149,"Arkansas","Yell County",2,8,271,133,138
050,05,149,"Arkansas","Yell County",2,9,274,132,142
050,05,149,"Arkansas","Yell County",2,10,269,147,122
050,05,149,"Arkansas","Yell County",2,11,280,143,137
050,05,149,"Arkansas","Yell County",2,12,310,158,152
050,05,149,"Arkansas","Yell County",2,13,312,171,141
050,05,149,"Arkansas","Yell County",2,14,301,165,136
050,05,149,"Arkansas","Yell County",2,15,298,152,146
050,05,149,"Arkansas","Yell County",2,16,290,151,139
050,05,149,"Arkansas","Yell County",2,17,275,152,123
050,05,149,"Arkansas","Yell County",2,18,258,141,117
050,05,149,"Arkansas","Yell County",2,19,219,115,104
050,05,149,"Arkansas","Yell County",2,20,217,108,109
050,05,149,"Arkansas","Yell County",2,21,194,90,104
050,05,149,"Arkansas","Yell County",2,22,213,109,104
050,05,149,"Arkansas","Yell County",2,23,234,129,105
050,05,149,"Arkansas","Yell County",2,24,234,118,116
050,05,149,"Arkansas","Yell County",2,25,253,131,122
050,05,149,"Arkansas","Yell County",2,26,256,139,117
050,05,149,"Arkansas","Yell County",2,27,252,132,120
050,05,149,"Arkansas","Yell County",2,28,236,131,105
050,05,149,"Arkansas","Yell County",2,29,259,140,119
050,05,149,"Arkansas","Yell County",2,30,247,128,119
050,05,149,"Arkansas","Yell County",2,31,245,122,123
050,05,149,"Arkansas","Yell County",2,32,229,107,122
050,05,149,"Arkansas","Yell County",2,33,223,104,119
050,05,149,"Arkansas","Yell County",2,34,230,125,105
050,05,149,"Arkansas","Yell County",2,35,229,122,107
050,05,149,"Arkansas","Yell County",2,36,208,111,97
050,05,149,"Arkansas","Yell County",2,37,222,113,109
050,05,149,"Arkansas","Yell County",2,38,231,119,112
050,05,149,"Arkansas","Yell County",2,39,228,127,101
050,05,149,"Arkansas","Yell County",2,40,248,138,110
050,05,149,"Arkansas","Yell County",2,41,234,121,113
050,05,149,"Arkansas","Yell County",2,42,241,123,118
050,05,149,"Arkansas","Yell County",2,43,229,113,116
050,05,149,"Arkansas","Yell County",2,44,238,128,110
050,05,149,"Arkansas","Yell County",2,45,253,138,115
050,05,149,"Arkansas","Yell County",2,46,247,129,118
050,05,149,"Arkansas","Yell County",2,47,247,118,129
050,05,149,"Arkansas","Yell County",2,48,254,117,137
050,05,149,"Arkansas","Yell County",2,49,283,137,146
050,05,149,"Arkansas","Yell County",2,50,274,142,132
050,05,149,"Arkansas","Yell County",2,51,246,132,114
050,05,149,"Arkansas","Yell County",2,52,236,119,117
050,05,149,"Arkansas","Yell County",2,53,241,122,119
050,05,149,"Arkansas","Yell County",2,54,271,126,145
050,05,149,"Arkansas","Yell County",2,55,289,140,149
050,05,149,"Arkansas","Yell County",2,56,301,143,158
050,05,149,"Arkansas","Yell County",2,57,331,164,167
050,05,149,"Arkansas","Yell County",2,58,315,160,155
050,05,149,"Arkansas","Yell County",2,59,299,159,140
050,05,149,"Arkansas","Yell County",2,60,282,151,131
050,05,149,"Arkansas","Yell County",2,61,275,145,130
050,05,149,"Arkansas","Yell County",2,62,273,148,125
050,05,149,"Arkansas","Yell County",2,63,259,135,124
050,05,149,"Arkansas","Yell County",2,64,253,126,127
050,05,149,"Arkansas","Yell County",2,65,243,116,127
050,05,149,"Arkansas","Yell County",2,66,220,106,114
050,05,149,"Arkansas","Yell County",2,67,220,112,108
050,05,149,"Arkansas","Yell County",2,68,227,118,109
050,05,149,"Arkansas","Yell County",2,69,218,109,109
050,05,149,"Arkansas","Yell County",2,70,194,99,95
050,05,149,"Arkansas","Yell County",2,71,200,96,104
050,05,149,"Arkansas","Yell County",2,72,192,91,101
050,05,149,"Arkansas","Yell County",2,73,199,102,97
050,05,149,"Arkansas","Yell County",2,74,138,73,65
050,05,149,"Arkansas","Yell County",2,75,143,68,75
050,05,149,"Arkansas","Yell County",2,76,143,64,79
050,05,149,"Arkansas","Yell County",2,77,149,57,92
050,05,149,"Arkansas","Yell County",2,78,115,50,65
050,05,149,"Arkansas","Yell County",2,79,110,53,57
050,05,149,"Arkansas","Yell County",2,80,103,48,55
050,05,149,"Arkansas","Yell County",2,81,108,48,60
050,05,149,"Arkansas","Yell County",2,82,91,36,55
050,05,149,"Arkansas","Yell County",2,83,76,26,50
050,05,149,"Arkansas","Yell County",2,84,72,26,46
050,05,149,"Arkansas","Yell County",2,85,426,149,277
050,05,149,"Arkansas","Yell County",3,0,245,127,118
050,05,149,"Arkansas","Yell County",3,1,243,127,116
050,05,149,"Arkansas","Yell County",3,2,238,122,116
050,05,149,"Arkansas","Yell County",3,3,237,126,111
050,05,149,"Arkansas","Yell County",3,4,248,133,115
050,05,149,"Arkansas","Yell County",3,5,262,136,126
050,05,149,"Arkansas","Yell County",3,6,273,144,129
050,05,149,"Arkansas","Yell County",3,7,258,130,128
050,05,149,"Arkansas","Yell County",3,8,269,144,125
050,05,149,"Arkansas","Yell County",3,9,272,131,141
050,05,149,"Arkansas","Yell County",3,10,270,132,138
050,05,149,"Arkansas","Yell County",3,11,263,143,120
050,05,149,"Arkansas","Yell County",3,12,280,141,139
050,05,149,"Arkansas","Yell County",3,13,305,153,152
050,05,149,"Arkansas","Yell County",3,14,306,162,144
050,05,149,"Arkansas","Yell County",3,15,300,159,141
050,05,149,"Arkansas","Yell County",3,16,284,143,141
050,05,149,"Arkansas","Yell County",3,17,291,146,145
050,05,149,"Arkansas","Yell County",3,18,238,130,108
050,05,149,"Arkansas","Yell County",3,19,218,120,98
050,05,149,"Arkansas","Yell County",3,20,226,120,106
050,05,149,"Arkansas","Yell County",3,21,227,117,110
050,05,149,"Arkansas","Yell County",3,22,209,98,111
050,05,149,"Arkansas","Yell County",3,23,235,121,114
050,05,149,"Arkansas","Yell County",3,24,252,138,114
050,05,149,"Arkansas","Yell County",3,25,240,119,121
050,05,149,"Arkansas","Yell County",3,26,269,142,127
050,05,149,"Arkansas","Yell County",3,27,260,146,114
050,05,149,"Arkansas","Yell County",3,28,250,134,116
050,05,149,"Arkansas","Yell County",3,29,241,133,108
050,05,149,"Arkansas","Yell County",3,30,263,150,113
050,05,149,"Arkansas","Yell County",3,31,240,121,119
050,05,149,"Arkansas","Yell County",3,32,223,109,114
050,05,149,"Arkansas","Yell County",3,33,230,110,120
050,05,149,"Arkansas","Yell County",3,34,224,106,118
050,05,149,"Arkansas","Yell County",3,35,228,122,106
050,05,149,"Arkansas","Yell County",3,36,234,122,112
050,05,149,"Arkansas","Yell County",3,37,209,114,95
050,05,149,"Arkansas","Yell County",3,38,223,111,112
050,05,149,"Arkansas","Yell County",3,39,218,115,103
050,05,149,"Arkansas","Yell County",3,40,234,126,108
050,05,149,"Arkansas","Yell County",3,41,248,137,111
050,05,149,"Arkansas","Yell County",3,42,220,115,105
050,05,149,"Arkansas","Yell County",3,43,249,125,124
050,05,149,"Arkansas","Yell County",3,44,240,119,121
050,05,149,"Arkansas","Yell County",3,45,228,123,105
050,05,149,"Arkansas","Yell County",3,46,247,132,115
050,05,149,"Arkansas","Yell County",3,47,227,123,104
050,05,149,"Arkansas","Yell County",3,48,237,114,123
050,05,149,"Arkansas","Yell County",3,49,246,116,130
050,05,149,"Arkansas","Yell County",3,50,280,135,145
050,05,149,"Arkansas","Yell County",3,51,274,137,137
050,05,149,"Arkansas","Yell County",3,52,244,134,110
050,05,149,"Arkansas","Yell County",3,53,231,121,110
050,05,149,"Arkansas","Yell County",3,54,232,118,114
050,05,149,"Arkansas","Yell County",3,55,274,128,146
050,05,149,"Arkansas","Yell County",3,56,293,145,148
050,05,149,"Arkansas","Yell County",3,57,305,149,156
050,05,149,"Arkansas","Yell County",3,58,326,159,167
050,05,149,"Arkansas","Yell County",3,59,310,157,153
050,05,149,"Arkansas","Yell County",3,60,291,155,136
050,05,149,"Arkansas","Yell County",3,61,286,159,127
050,05,149,"Arkansas","Yell County",3,62,264,137,127
050,05,149,"Arkansas","Yell County",3,63,272,151,121
050,05,149,"Arkansas","Yell County",3,64,259,132,127
050,05,149,"Arkansas","Yell County",3,65,249,120,129
050,05,149,"Arkansas","Yell County",3,66,238,110,128
050,05,149,"Arkansas","Yell County",3,67,211,101,110
050,05,149,"Arkansas","Yell County",3,68,210,109,101
050,05,149,"Arkansas","Yell County",3,69,224,111,113
050,05,149,"Arkansas","Yell County",3,70,209,106,103
050,05,149,"Arkansas","Yell County",3,71,194,98,96
050,05,149,"Arkansas","Yell County",3,72,202,93,109
050,05,149,"Arkansas","Yell County",3,73,182,88,94
050,05,149,"Arkansas","Yell County",3,74,192,101,91
050,05,149,"Arkansas","Yell County",3,75,130,69,61
050,05,149,"Arkansas","Yell County",3,76,128,61,67
050,05,149,"Arkansas","Yell County",3,77,139,58,81
050,05,149,"Arkansas","Yell County",3,78,142,57,85
050,05,149,"Arkansas","Yell County",3,79,105,45,60
050,05,149,"Arkansas","Yell County",3,80,102,45,57
050,05,149,"Arkansas","Yell County",3,81,95,43,52
050,05,149,"Arkansas","Yell County",3,82,102,43,59
050,05,149,"Arkansas","Yell County",3,83,79,31,48
050,05,149,"Arkansas","Yell County",3,84,67,21,46
050,05,149,"Arkansas","Yell County",3,85,417,139,278
050,05,149,"Arkansas","Yell County",4,0,252,123,129
050,05,149,"Arkansas","Yell County",4,1,262,136,126
050,05,149,"Arkansas","Yell County",4,2,250,133,117
050,05,149,"Arkansas","Yell County",4,3,247,125,122
050,05,149,"Arkansas","Yell County",4,4,235,120,115
050,05,149,"Arkansas","Yell County",4,5,254,135,119
050,05,149,"Arkansas","Yell County",4,6,264,139,125
050,05,149,"Arkansas","Yell County",4,7,273,142,131
050,05,149,"Arkansas","Yell County",4,8,242,118,124
050,05,149,"Arkansas","Yell County",4,9,259,137,122
050,05,149,"Arkansas","Yell County",4,10,274,137,137
050,05,149,"Arkansas","Yell County",4,11,269,138,131
050,05,149,"Arkansas","Yell County",4,12,250,134,116
050,05,149,"Arkansas","Yell County",4,13,269,139,130
050,05,149,"Arkansas","Yell County",4,14,301,151,150
050,05,149,"Arkansas","Yell County",4,15,312,166,146
050,05,149,"Arkansas","Yell County",4,16,295,147,148
050,05,149,"Arkansas","Yell County",4,17,298,149,149
050,05,149,"Arkansas","Yell County",4,18,241,124,117
050,05,149,"Arkansas","Yell County",4,19,189,104,85
050,05,149,"Arkansas","Yell County",4,20,221,116,105
050,05,149,"Arkansas","Yell County",4,21,228,119,109
050,05,149,"Arkansas","Yell County",4,22,231,117,114
050,05,149,"Arkansas","Yell County",4,23,203,87,116
050,05,149,"Arkansas","Yell County",4,24,223,112,111
050,05,149,"Arkansas","Yell County",4,25,237,130,107
050,05,149,"Arkansas","Yell County",4,26,233,119,114
050,05,149,"Arkansas","Yell County",4,27,282,145,137
050,05,149,"Arkansas","Yell County",4,28,260,146,114
050,05,149,"Arkansas","Yell County",4,29,249,133,116
050,05,149,"Arkansas","Yell County",4,30,236,132,104
050,05,149,"Arkansas","Yell County",4,31,262,147,115
050,05,149,"Arkansas","Yell County",4,32,258,131,127
050,05,149,"Arkansas","Yell County",4,33,243,122,121
050,05,149,"Arkansas","Yell County",4,34,222,106,116
050,05,149,"Arkansas","Yell County",4,35,221,104,117
050,05,149,"Arkansas","Yell County",4,36,241,131,110
050,05,149,"Arkansas","Yell County",4,37,222,114,108
050,05,149,"Arkansas","Yell County",4,38,222,117,105
050,05,149,"Arkansas","Yell County",4,39,219,109,110
050,05,149,"Arkansas","Yell County",4,40,219,122,97
050,05,149,"Arkansas","Yell County",4,41,225,120,105
050,05,149,"Arkansas","Yell County",4,42,246,140,106
050,05,149,"Arkansas","Yell County",4,43,227,121,106
050,05,149,"Arkansas","Yell County",4,44,251,125,126
050,05,149,"Arkansas","Yell County",4,45,240,123,117
050,05,149,"Arkansas","Yell County",4,46,230,122,108
050,05,149,"Arkansas","Yell County",4,47,233,123,110
050,05,149,"Arkansas","Yell County",4,48,236,124,112
050,05,149,"Arkansas","Yell County",4,49,240,116,124
050,05,149,"Arkansas","Yell County",4,50,250,122,128
050,05,149,"Arkansas","Yell County",4,51,281,137,144
050,05,149,"Arkansas","Yell County",4,52,276,135,141
050,05,149,"Arkansas","Yell County",4,53,257,142,115
050,05,149,"Arkansas","Yell County",4,54,228,119,109
050,05,149,"Arkansas","Yell County",4,55,232,115,117
050,05,149,"Arkansas","Yell County",4,56,269,123,146
050,05,149,"Arkansas","Yell County",4,57,294,151,143
050,05,149,"Arkansas","Yell County",4,58,304,142,162
050,05,149,"Arkansas","Yell County",4,59,325,156,169
050,05,149,"Arkansas","Yell County",4,60,311,157,154
050,05,149,"Arkansas","Yell County",4,61,288,156,132
050,05,149,"Arkansas","Yell County",4,62,280,150,130
050,05,149,"Arkansas","Yell County",4,63,255,132,123
050,05,149,"Arkansas","Yell County",4,64,275,153,122
050,05,149,"Arkansas","Yell County",4,65,257,131,126
050,05,149,"Arkansas","Yell County",4,66,249,117,132
050,05,149,"Arkansas","Yell County",4,67,233,107,126
050,05,149,"Arkansas","Yell County",4,68,208,98,110
050,05,149,"Arkansas","Yell County",4,69,212,107,105
050,05,149,"Arkansas","Yell County",4,70,217,108,109
050,05,149,"Arkansas","Yell County",4,71,208,105,103
050,05,149,"Arkansas","Yell County",4,72,189,93,96
050,05,149,"Arkansas","Yell County",4,73,188,87,101
050,05,149,"Arkansas","Yell County",4,74,180,91,89
050,05,149,"Arkansas","Yell County",4,75,190,97,93
050,05,149,"Arkansas","Yell County",4,76,117,63,54
050,05,149,"Arkansas","Yell County",4,77,123,53,70
050,05,149,"Arkansas","Yell County",4,78,125,53,72
050,05,149,"Arkansas","Yell County",4,79,131,47,84
050,05,149,"Arkansas","Yell County",4,80,97,38,59
050,05,149,"Arkansas","Yell County",4,81,98,43,55
050,05,149,"Arkansas","Yell County",4,82,87,37,50
050,05,149,"Arkansas","Yell County",4,83,86,36,50
050,05,149,"Arkansas","Yell County",4,84,70,26,44
050,05,149,"Arkansas","Yell County",4,85,405,133,272
050,05,149,"Arkansas","Yell County",5,0,251,123,128
050,05,149,"Arkansas","Yell County",5,1,258,136,122
050,05,149,"Arkansas","Yell County",5,2,264,132,132
050,05,149,"Arkansas","Yell County",5,3,261,141,120
050,05,149,"Arkansas","Yell County",5,4,244,124,120
050,05,149,"Arkansas","Yell County",5,5,236,116,120
050,05,149,"Arkansas","Yell County",5,6,254,135,119
050,05,149,"Arkansas","Yell County",5,7,278,133,145
050,05,149,"Arkansas","Yell County",5,8,275,144,131
050,05,149,"Arkansas","Yell County",5,9,239,112,127
050,05,149,"Arkansas","Yell County",5,10,248,130,118
050,05,149,"Arkansas","Yell County",5,11,270,134,136
050,05,149,"Arkansas","Yell County",5,12,271,138,133
050,05,149,"Arkansas","Yell County",5,13,264,137,127
050,05,149,"Arkansas","Yell County",5,14,265,136,129
050,05,149,"Arkansas","Yell County",5,15,303,156,147
050,05,149,"Arkansas","Yell County",5,16,310,161,149
050,05,149,"Arkansas","Yell County",5,17,292,145,147
050,05,149,"Arkansas","Yell County",5,18,259,136,123
050,05,149,"Arkansas","Yell County",5,19,197,105,92
050,05,149,"Arkansas","Yell County",5,20,192,102,90
050,05,149,"Arkansas","Yell County",5,21,229,120,109
050,05,149,"Arkansas","Yell County",5,22,227,122,105
050,05,149,"Arkansas","Yell County",5,23,216,110,106
050,05,149,"Arkansas","Yell County",5,24,195,77,118
050,05,149,"Arkansas","Yell County",5,25,227,112,115
050,05,149,"Arkansas","Yell County",5,26,241,124,117
050,05,149,"Arkansas","Yell County",5,27,230,118,112
050,05,149,"Arkansas","Yell County",5,28,266,135,131
050,05,149,"Arkansas","Yell County",5,29,260,143,117
050,05,149,"Arkansas","Yell County",5,30,265,140,125
050,05,149,"Arkansas","Yell County",5,31,238,128,110
050,05,149,"Arkansas","Yell County",5,32,262,143,119
050,05,149,"Arkansas","Yell County",5,33,246,119,127
050,05,149,"Arkansas","Yell County",5,34,242,124,118
050,05,149,"Arkansas","Yell County",5,35,229,107,122
050,05,149,"Arkansas","Yell County",5,36,232,124,108
050,05,149,"Arkansas","Yell County",5,37,237,127,110
050,05,149,"Arkansas","Yell County",5,38,225,116,109
050,05,149,"Arkansas","Yell County",5,39,213,111,102
050,05,149,"Arkansas","Yell County",5,40,222,113,109
050,05,149,"Arkansas","Yell County",5,41,214,113,101
050,05,149,"Arkansas","Yell County",5,42,237,123,114
050,05,149,"Arkansas","Yell County",5,43,245,136,109
050,05,149,"Arkansas","Yell County",5,44,229,121,108
050,05,149,"Arkansas","Yell County",5,45,257,128,129
050,05,149,"Arkansas","Yell County",5,46,237,121,116
050,05,149,"Arkansas","Yell County",5,47,220,122,98
050,05,149,"Arkansas","Yell County",5,48,240,125,115
050,05,149,"Arkansas","Yell County",5,49,250,132,118
050,05,149,"Arkansas","Yell County",5,50,249,118,131
050,05,149,"Arkansas","Yell County",5,51,248,120,128
050,05,149,"Arkansas","Yell County",5,52,277,136,141
050,05,149,"Arkansas","Yell County",5,53,270,138,132
050,05,149,"Arkansas","Yell County",5,54,247,138,109
050,05,149,"Arkansas","Yell County",5,55,222,114,108
050,05,149,"Arkansas","Yell County",5,56,224,113,111
050,05,149,"Arkansas","Yell County",5,57,272,128,144
050,05,149,"Arkansas","Yell County",5,58,284,142,142
050,05,149,"Arkansas","Yell County",5,59,311,151,160
050,05,149,"Arkansas","Yell County",5,60,321,155,166
050,05,149,"Arkansas","Yell County",5,61,307,156,151
050,05,149,"Arkansas","Yell County",5,62,272,145,127
050,05,149,"Arkansas","Yell County",5,63,278,147,131
050,05,149,"Arkansas","Yell County",5,64,255,132,123
050,05,149,"Arkansas","Yell County",5,65,269,152,117
050,05,149,"Arkansas","Yell County",5,66,256,130,126
050,05,149,"Arkansas","Yell County",5,67,245,117,128
050,05,149,"Arkansas","Yell County",5,68,232,104,128
050,05,149,"Arkansas","Yell County",5,69,205,94,111
050,05,149,"Arkansas","Yell County",5,70,209,107,102
050,05,149,"Arkansas","Yell County",5,71,211,106,105
050,05,149,"Arkansas","Yell County",5,72,209,104,105
050,05,149,"Arkansas","Yell County",5,73,171,88,83
050,05,149,"Arkansas","Yell County",5,74,177,86,91
050,05,149,"Arkansas","Yell County",5,75,179,88,91
050,05,149,"Arkansas","Yell County",5,76,175,87,88
050,05,149,"Arkansas","Yell County",5,77,108,53,55
050,05,149,"Arkansas","Yell County",5,78,113,50,63
050,05,149,"Arkansas","Yell County",5,79,116,44,72
050,05,149,"Arkansas","Yell County",5,80,122,40,82
050,05,149,"Arkansas","Yell County",5,81,92,34,58
050,05,149,"Arkansas","Yell County",5,82,88,36,52
050,05,149,"Arkansas","Yell County",5,83,76,32,44
050,05,149,"Arkansas","Yell County",5,84,84,35,49
050,05,149,"Arkansas","Yell County",5,85,408,133,275

