"SUMLEV","STATE","COUNTY","STNAME","CTYNAME","YEAR","AGE","TOT_POP","TOT_MALE","TOT_FEMALE"
050,04,001,"Arizona","Apache County",1,0,802,416,386
050,04,001,"Arizona","Apache County",1,1,795,418,377
050,04,001,"Arizona","Apache County",1,2,823,421,402
050,04,001,"Arizona","Apache County",1,3,854,426,428
050,04,001,"Arizona","Apache County",1,4,875,430,445
050,04,001,"Arizona","Apache County",1,5,895,426,469
050,04,001,"Arizona","Apache County",1,6,917,453,464
050,04,001,"Arizona","Apache County",1,7,996,519,477
050,04,001,"Arizona","Apache County",1,8,960,490,470
050,04,001,"Arizona","Apache County",1,9,1027,513,514
050,04,001,"Arizona","Apache County",1,10,1111,570,541
050,04,001,"Arizona","Apache County",1,11,1101,563,538
050,04,001,"Arizona","Apache County",1,12,1117,555,562
050,04,001,"Arizona","Apache County",1,13,1116,557,559
050,04,001,"Arizona","Apache County",1,14,1112,547,565
050,04,001,"Arizona","Apache County",1,15,1089,558,531
050,04,001,"Arizona","Apache County",1,16,1081,530,551
050,04,001,"Arizona","Apache County",1,17,1044,519,525
050,04,001,"Arizona","Apache County",1,18,974,473,501
050,04,001,"Arizona","Apache County",1,19,885,412,473
050,04,001,"Arizona","Apache County",1,20,880,417,463
050,04,001,"Arizona","Apache County",1,21,861,437,424
050,04,001,"Arizona","Apache County",1,22,833,421,412
050,04,001,"Arizona","Apache County",1,23,752,376,376
050,04,001,"Arizona","Apache County",1,24,752,383,369
050,04,001,"Arizona","Apache County",1,25,829,405,424
050,04,001,"Arizona","Apache County",1,26,885,451,434
050,04,001,"Arizona","Apache County",1,27,912,493,419
050,04,001,"Arizona","Apache County",1,28,917,487,430
050,04,001,"Arizona","Apache County",1,29,903,494,409
050,04,001,"Arizona","Apache County",1,30,903,460,443
050,04,001,"Arizona","Apache County",1,31,831,425,406
050,04,001,"Arizona","Apache County",1,32,882,458,424
050,04,001,"Arizona","Apache County",1,33,800,415,385
050,04,001,"Arizona","Apache County",1,34,768,399,369
050,04,001,"Arizona","Apache County",1,35,788,401,387
050,04,001,"Arizona","Apache County",1,36,758,419,339
050,04,001,"Arizona","Apache County",1,37,765,422,343
050,04,001,"Arizona","Apache County",1,38,706,372,334
050,04,001,"Arizona","Apache County",1,39,748,392,356
050,04,001,"Arizona","Apache County",1,40,758,401,357
050,04,001,"Arizona","Apache County",1,41,705,357,348
050,04,001,"Arizona","Apache County",1,42,697,355,342
050,04,001,"Arizona","Apache County",1,43,715,373,342
050,04,001,"Arizona","Apache County",1,44,709,361,348
050,04,001,"Arizona","Apache County",1,45,676,345,331
050,04,001,"Arizona","Apache County",1,46,677,344,333
050,04,001,"Arizona","Apache County",1,47,698,355,343
050,04,001,"Arizona","Apache County",1,48,716,351,365
050,04,001,"Arizona","Apache County",1,49,763,375,388
050,04,001,"Arizona","Apache County",1,50,726,358,368
050,04,001,"Arizona","Apache County",1,51,702,352,350
050,04,001,"Arizona","Apache County",1,52,711,354,357
050,04,001,"Arizona","Apache County",1,53,739,363,376
050,04,001,"Arizona","Apache County",1,54,814,378,436
050,04,001,"Arizona","Apache County",1,55,875,416,459
050,04,001,"Arizona","Apache County",1,56,883,439,444
050,04,001,"Arizona","Apache County",1,57,905,436,469
050,04,001,"Arizona","Apache County",1,58,885,446,439
050,04,001,"Arizona","Apache County",1,59,880,433,447
050,04,001,"Arizona","Apache County",1,60,901,450,451
050,04,001,"Arizona","Apache County",1,61,889,437,452
050,04,001,"Arizona","Apache County",1,62,832,391,441
050,04,001,"Arizona","Apache County",1,63,815,373,442
050,04,001,"Arizona","Apache County",1,64,811,367,444
050,04,001,"Arizona","Apache County",1,65,820,377,443
050,04,001,"Arizona","Apache County",1,66,767,344,423
050,04,001,"Arizona","Apache County",1,67,693,328,365
050,04,001,"Arizona","Apache County",1,68,654,317,337
050,04,001,"Arizona","Apache County",1,69,626,307,319
050,04,001,"Arizona","Apache County",1,70,641,324,317
050,04,001,"Arizona","Apache County",1,71,594,286,308
050,04,001,"Arizona","Apache County",1,72,558,263,295
050,04,001,"Arizona","Apache County",1,73,567,281,286
050,04,001,"Arizona","Apache County",1,74,430,194,236
050,04,001,"Arizona","Apache County",1,75,438,202,236
050,04,001,"Arizona","Apache County",1,76,437,196,241
050,04,001,"Arizona","Apache County",1,77,414,189,225
050,04,001,"Arizona","Apache County",1,78,359,157,202
050,04,001,"Arizona","Apache County",1,79,309,134,175
050,04,001,"Arizona","Apache County",1,80,296,137,159
050,04,001,"Arizona","Apache County",1,81,273,125,148
050,04,001,"Arizona","Apache County",1,82,246,102,144
050,04,001,"Arizona","Apache County",1,83,242,106,136
050,04,001,"Arizona","Apache County",1,84,191,87,104
050,04,001,"Arizona","Apache County",1,85,942,365,577
050,04,001,"Arizona","Apache County",2,0,833,441,392
050,04,001,"Arizona","Apache County",2,1,797,414,383
050,04,001,"Arizona","Apache County",2,2,809,413,396
050,04,001,"Arizona","Apache County",2,3,847,424,423
050,04,001,"Arizona","Apache County",2,4,872,427,445
050,04,001,"Arizona","Apache County",2,5,894,428,466
050,04,001,"Arizona","Apache County",2,6,915,449,466
050,04,001,"Arizona","Apache County",2,7,980,506,474
050,04,001,"Arizona","Apache County",2,8,965,494,471
050,04,001,"Arizona","Apache County",2,9,1010,512,498
050,04,001,"Arizona","Apache County",2,10,1087,553,534
050,04,001,"Arizona","Apache County",2,11,1097,561,536
050,04,001,"Arizona","Apache County",2,12,1112,559,553
050,04,001,"Arizona","Apache County",2,13,1110,553,557
050,04,001,"Arizona","Apache County",2,14,1109,551,558
050,04,001,"Arizona","Apache County",2,15,1095,555,540
050,04,001,"Arizona","Apache County",2,16,1089,542,547
050,04,001,"Arizona","Apache County",2,17,1042,515,527
050,04,001,"Arizona","Apache County",2,18,964,473,491
050,04,001,"Arizona","Apache County",2,19,879,407,472
050,04,001,"Arizona","Apache County",2,20,882,417,465
050,04,001,"Arizona","Apache County",2,21,851,426,425
050,04,001,"Arizona","Apache County",2,22,838,423,415
050,04,001,"Arizona","Apache County",2,23,751,380,371
050,04,001,"Arizona","Apache County",2,24,748,381,367
050,04,001,"Arizona","Apache County",2,25,812,400,412
050,04,001,"Arizona","Apache County",2,26,870,442,428
050,04,001,"Arizona","Apache County",2,27,903,482,421
050,04,001,"Arizona","Apache County",2,28,916,486,430
050,04,001,"Arizona","Apache County",2,29,911,497,414
050,04,001,"Arizona","Apache County",2,30,902,467,435
050,04,001,"Arizona","Apache County",2,31,837,424,413
050,04,001,"Arizona","Apache County",2,32,872,450,422
050,04,001,"Arizona","Apache County",2,33,822,427,395
050,04,001,"Arizona","Apache County",2,34,782,406,376
050,04,001,"Arizona","Apache County",2,35,784,400,384
050,04,001,"Arizona","Apache County",2,36,761,414,347
050,04,001,"Arizona","Apache County",2,37,761,419,342
050,04,001,"Arizona","Apache County",2,38,720,384,336
050,04,001,"Arizona","Apache County",2,39,730,380,350
050,04,001,"Arizona","Apache County",2,40,766,404,362
050,04,001,"Arizona","Apache County",2,41,711,368,343
050,04,001,"Arizona","Apache County",2,42,690,352,338
050,04,001,"Arizona","Apache County",2,43,723,374,349
050,04,001,"Arizona","Apache County",2,44,699,359,340
050,04,001,"Arizona","Apache County",2,45,684,349,335
050,04,001,"Arizona","Apache County",2,46,675,344,331
050,04,001,"Arizona","Apache County",2,47,698,356,342
050,04,001,"Arizona","Apache County",2,48,714,355,359
050,04,001,"Arizona","Apache County",2,49,752,371,381
050,04,001,"Arizona","Apache County",2,50,728,356,372
050,04,001,"Arizona","Apache County",2,51,707,354,353
050,04,001,"Arizona","Apache County",2,52,699,347,352
050,04,001,"Arizona","Apache County",2,53,730,358,372
050,04,001,"Arizona","Apache County",2,54,798,375,423
050,04,001,"Arizona","Apache County",2,55,862,404,458
050,04,001,"Arizona","Apache County",2,56,884,436,448
050,04,001,"Arizona","Apache County",2,57,901,438,463
050,04,001,"Arizona","Apache County",2,58,884,441,443
050,04,001,"Arizona","Apache County",2,59,885,438,447
050,04,001,"Arizona","Apache County",2,60,894,442,452
050,04,001,"Arizona","Apache County",2,61,888,436,452
050,04,001,"Arizona","Apache County",2,62,842,398,444
050,04,001,"Arizona","Apache County",2,63,817,374,443
050,04,001,"Arizona","Apache County",2,64,803,361,442
050,04,001,"Arizona","Apache County",2,65,816,371,445
050,04,001,"Arizona","Apache County",2,66,770,345,425
050,04,001,"Arizona","Apache County",2,67,711,332,379
050,04,001,"Arizona","Apache County",2,68,653,316,337
050,04,001,"Arizona","Apache County",2,69,631,308,323
050,04,001,"Arizona","Apache County",2,70,635,319,316
050,04,001,"Arizona","Apache County",2,71,601,290,311
050,04,001,"Arizona","Apache County",2,72,557,262,295
050,04,001,"Arizona","Apache County",2,73,585,289,296
050,04,001,"Arizona","Apache County",2,74,434,200,234
050,04,001,"Arizona","Apache County",2,75,435,199,236
050,04,001,"Arizona","Apache County",2,76,426,193,233
050,04,001,"Arizona","Apache County",2,77,415,187,228
050,04,001,"Arizona","Apache County",2,78,360,158,202
050,04,001,"Arizona","Apache County",2,79,315,135,180
050,04,001,"Arizona","Apache County",2,80,298,136,162
050,04,001,"Arizona","Apache County",2,81,264,121,143
050,04,001,"Arizona","Apache County",2,82,252,106,146
050,04,001,"Arizona","Apache County",2,83,234,99,135
050,04,001,"Arizona","Apache County",2,84,195,87,108
050,04,001,"Arizona","Apache County",2,85,933,364,569
050,04,001,"Arizona","Apache County",3,0,728,372,356
050,04,001,"Arizona","Apache County",3,1,827,435,392
050,04,001,"Arizona","Apache County",3,2,791,409,382
050,04,001,"Arizona","Apache County",3,3,826,421,405
050,04,001,"Arizona","Apache County",3,4,866,431,435
050,04,001,"Arizona","Apache County",3,5,882,436,446
050,04,001,"Arizona","Apache County",3,6,910,434,476
050,04,001,"Arizona","Apache County",3,7,927,446,481
050,04,001,"Arizona","Apache County",3,8,968,488,480
050,04,001,"Arizona","Apache County",3,9,959,501,458
050,04,001,"Arizona","Apache County",3,10,1014,513,501
050,04,001,"Arizona","Apache County",3,11,1089,565,524
050,04,001,"Arizona","Apache County",3,12,1062,537,525
050,04,001,"Arizona","Apache County",3,13,1093,556,537
050,04,001,"Arizona","Apache County",3,14,1117,546,571
050,04,001,"Arizona","Apache County",3,15,1094,534,560
050,04,001,"Arizona","Apache County",3,16,1103,565,538
050,04,001,"Arizona","Apache County",3,17,1085,537,548
050,04,001,"Arizona","Apache County",3,18,973,477,496
050,04,001,"Arizona","Apache County",3,19,858,408,450
050,04,001,"Arizona","Apache County",3,20,842,396,446
050,04,001,"Arizona","Apache County",3,21,865,424,441
050,04,001,"Arizona","Apache County",3,22,847,416,431
050,04,001,"Arizona","Apache County",3,23,810,407,403
050,04,001,"Arizona","Apache County",3,24,739,391,348
050,04,001,"Arizona","Apache County",3,25,733,378,355
050,04,001,"Arizona","Apache County",3,26,809,399,410
050,04,001,"Arizona","Apache County",3,27,862,440,422
050,04,001,"Arizona","Apache County",3,28,889,471,418
050,04,001,"Arizona","Apache County",3,29,925,504,421
050,04,001,"Arizona","Apache County",3,30,908,500,408
050,04,001,"Arizona","Apache County",3,31,861,436,425
050,04,001,"Arizona","Apache County",3,32,827,421,406
050,04,001,"Arizona","Apache County",3,33,865,456,409
050,04,001,"Arizona","Apache County",3,34,797,412,385
050,04,001,"Arizona","Apache County",3,35,763,404,359
050,04,001,"Arizona","Apache County",3,36,787,403,384
050,04,001,"Arizona","Apache County",3,37,762,405,357
050,04,001,"Arizona","Apache County",3,38,759,413,346
050,04,001,"Arizona","Apache County",3,39,731,397,334
050,04,001,"Arizona","Apache County",3,40,736,376,360
050,04,001,"Arizona","Apache County",3,41,765,399,366
050,04,001,"Arizona","Apache County",3,42,710,367,343
050,04,001,"Arizona","Apache County",3,43,696,351,345
050,04,001,"Arizona","Apache County",3,44,720,374,346
050,04,001,"Arizona","Apache County",3,45,677,343,334
050,04,001,"Arizona","Apache County",3,46,688,349,339
050,04,001,"Arizona","Apache County",3,47,680,340,340
050,04,001,"Arizona","Apache County",3,48,668,338,330
050,04,001,"Arizona","Apache County",3,49,708,353,355
050,04,001,"Arizona","Apache County",3,50,744,368,376
050,04,001,"Arizona","Apache County",3,51,746,369,377
050,04,001,"Arizona","Apache County",3,52,677,327,350
050,04,001,"Arizona","Apache County",3,53,713,355,358
050,04,001,"Arizona","Apache County",3,54,719,347,372
050,04,001,"Arizona","Apache County",3,55,800,382,418
050,04,001,"Arizona","Apache County",3,56,854,399,455
050,04,001,"Arizona","Apache County",3,57,888,432,456
050,04,001,"Arizona","Apache County",3,58,876,422,454
050,04,001,"Arizona","Apache County",3,59,888,443,445
050,04,001,"Arizona","Apache County",3,60,876,421,455
050,04,001,"Arizona","Apache County",3,61,875,427,448
050,04,001,"Arizona","Apache County",3,62,850,416,434
050,04,001,"Arizona","Apache County",3,63,821,385,436
050,04,001,"Arizona","Apache County",3,64,807,363,444
050,04,001,"Arizona","Apache County",3,65,776,352,424
050,04,001,"Arizona","Apache County",3,66,804,365,439
050,04,001,"Arizona","Apache County",3,67,764,348,416
050,04,001,"Arizona","Apache County",3,68,702,329,373
050,04,001,"Arizona","Apache County",3,69,623,295,328
050,04,001,"Arizona","Apache County",3,70,618,300,318
050,04,001,"Arizona","Apache County",3,71,606,300,306
050,04,001,"Arizona","Apache County",3,72,587,281,306
050,04,001,"Arizona","Apache County",3,73,531,251,280
050,04,001,"Arizona","Apache County",3,74,568,279,289
050,04,001,"Arizona","Apache County",3,75,403,185,218
050,04,001,"Arizona","Apache County",3,76,407,182,225
050,04,001,"Arizona","Apache County",3,77,396,177,219
050,04,001,"Arizona","Apache County",3,78,390,171,219
050,04,001,"Arizona","Apache County",3,79,328,148,180
050,04,001,"Arizona","Apache County",3,80,296,128,168
050,04,001,"Arizona","Apache County",3,81,274,119,155
050,04,001,"Arizona","Apache County",3,82,235,102,133
050,04,001,"Arizona","Apache County",3,83,234,97,137
050,04,001,"Arizona","Apache County",3,84,219,90,129
050,04,001,"Arizona","Apache County",3,85,893,352,541
050,04,001,"Arizona","Apache County",4,0,759,380,379
050,04,001,"Arizona","Apache County",4,1,733,385,348
050,04,001,"Arizona","Apache County",4,2,802,422,380
050,04,001,"Arizona","Apache County",4,3,777,402,375
050,04,001,"Arizona","Apache County",4,4,829,417,412
050,04,001,"Arizona","Apache County",4,5,883,446,437
050,04,001,"Arizona","Apache County",4,6,910,449,461
050,04,001,"Arizona","Apache County",4,7,939,445,494
050,04,001,"Arizona","Apache County",4,8,944,459,485
050,04,001,"Arizona","Apache County",4,9,962,484,478
050,04,001,"Arizona","Apache County",4,10,981,500,481
050,04,001,"Arizona","Apache County",4,11,1042,534,508
050,04,001,"Arizona","Apache County",4,12,1070,544,526
050,04,001,"Arizona","Apache County",4,13,1074,546,528
050,04,001,"Arizona","Apache County",4,14,1122,568,554
050,04,001,"Arizona","Apache County",4,15,1121,551,570
050,04,001,"Arizona","Apache County",4,16,1102,540,562
050,04,001,"Arizona","Apache County",4,17,1093,557,536
050,04,001,"Arizona","Apache County",4,18,996,498,498
050,04,001,"Arizona","Apache County",4,19,878,418,460
050,04,001,"Arizona","Apache County",4,20,825,407,418
050,04,001,"Arizona","Apache County",4,21,846,397,449
050,04,001,"Arizona","Apache County",4,22,869,417,452
050,04,001,"Arizona","Apache County",4,23,797,398,399
050,04,001,"Arizona","Apache County",4,24,794,415,379
050,04,001,"Arizona","Apache County",4,25,739,382,357
050,04,001,"Arizona","Apache County",4,26,699,367,332
050,04,001,"Arizona","Apache County",4,27,811,408,403
050,04,001,"Arizona","Apache County",4,28,860,437,423
050,04,001,"Arizona","Apache County",4,29,907,489,418
050,04,001,"Arizona","Apache County",4,30,934,507,427
050,04,001,"Arizona","Apache County",4,31,904,487,417
050,04,001,"Arizona","Apache County",4,32,878,443,435
050,04,001,"Arizona","Apache County",4,33,794,404,390
050,04,001,"Arizona","Apache County",4,34,870,456,414
050,04,001,"Arizona","Apache County",4,35,796,411,385
050,04,001,"Arizona","Apache County",4,36,768,404,364
050,04,001,"Arizona","Apache County",4,37,812,416,396
050,04,001,"Arizona","Apache County",4,38,762,401,361
050,04,001,"Arizona","Apache County",4,39,767,415,352
050,04,001,"Arizona","Apache County",4,40,748,403,345
050,04,001,"Arizona","Apache County",4,41,738,378,360
050,04,001,"Arizona","Apache County",4,42,764,392,372
050,04,001,"Arizona","Apache County",4,43,736,378,358
050,04,001,"Arizona","Apache County",4,44,683,337,346
050,04,001,"Arizona","Apache County",4,45,719,364,355
050,04,001,"Arizona","Apache County",4,46,688,345,343
050,04,001,"Arizona","Apache County",4,47,704,356,348
050,04,001,"Arizona","Apache County",4,48,678,335,343
050,04,001,"Arizona","Apache County",4,49,662,337,325
050,04,001,"Arizona","Apache County",4,50,702,348,354
050,04,001,"Arizona","Apache County",4,51,732,364,368
050,04,001,"Arizona","Apache County",4,52,753,364,389
050,04,001,"Arizona","Apache County",4,53,684,329,355
050,04,001,"Arizona","Apache County",4,54,713,346,367
050,04,001,"Arizona","Apache County",4,55,705,337,368
050,04,001,"Arizona","Apache County",4,56,808,380,428
050,04,001,"Arizona","Apache County",4,57,859,393,466
050,04,001,"Arizona","Apache County",4,58,885,434,451
050,04,001,"Arizona","Apache County",4,59,866,415,451
050,04,001,"Arizona","Apache County",4,60,881,440,441
050,04,001,"Arizona","Apache County",4,61,871,418,453
050,04,001,"Arizona","Apache County",4,62,884,425,459
050,04,001,"Arizona","Apache County",4,63,864,420,444
050,04,001,"Arizona","Apache County",4,64,806,372,434
050,04,001,"Arizona","Apache County",4,65,800,367,433
050,04,001,"Arizona","Apache County",4,66,779,352,427
050,04,001,"Arizona","Apache County",4,67,794,350,444
050,04,001,"Arizona","Apache County",4,68,757,352,405
050,04,001,"Arizona","Apache County",4,69,678,321,357
050,04,001,"Arizona","Apache County",4,70,613,286,327
050,04,001,"Arizona","Apache County",4,71,610,289,321
050,04,001,"Arizona","Apache County",4,72,612,303,309
050,04,001,"Arizona","Apache County",4,73,571,275,296
050,04,001,"Arizona","Apache County",4,74,504,238,266
050,04,001,"Arizona","Apache County",4,75,535,264,271
050,04,001,"Arizona","Apache County",4,76,378,170,208
050,04,001,"Arizona","Apache County",4,77,385,166,219
050,04,001,"Arizona","Apache County",4,78,367,154,213
050,04,001,"Arizona","Apache County",4,79,361,156,205
050,04,001,"Arizona","Apache County",4,80,314,134,180
050,04,001,"Arizona","Apache County",4,81,272,115,157
050,04,001,"Arizona","Apache County",4,82,258,106,152
050,04,001,"Arizona","Apache County",4,83,219,91,128
050,04,001,"Arizona","Apache County",4,84,220,96,124
050,04,001,"Arizona","Apache County",4,85,924,370,554
050,04,001,"Arizona","Apache County",5,0,721,362,359
050,04,001,"Arizona","Apache County",5,1,750,371,379
050,04,001,"Arizona","Apache County",5,2,716,377,339
050,04,001,"Arizona","Apache County",5,3,798,414,384
050,04,001,"Arizona","Apache County",5,4,756,403,353
050,04,001,"Arizona","Apache County",5,5,838,416,422
050,04,001,"Arizona","Apache County",5,6,873,443,430
050,04,001,"Arizona","Apache County",5,7,924,459,465
050,04,001,"Arizona","Apache County",5,8,968,458,510
050,04,001,"Arizona","Apache County",5,9,928,450,478
050,04,001,"Arizona","Apache County",5,10,967,482,485
050,04,001,"Arizona","Apache County",5,11,1001,521,480
050,04,001,"Arizona","Apache County",5,12,1000,513,487
050,04,001,"Arizona","Apache County",5,13,1065,544,521
050,04,001,"Arizona","Apache County",5,14,1057,545,512
050,04,001,"Arizona","Apache County",5,15,1130,561,569
050,04,001,"Arizona","Apache County",5,16,1097,540,557
050,04,001,"Arizona","Apache County",5,17,1082,528,554
050,04,001,"Arizona","Apache County",5,18,1005,527,478
050,04,001,"Arizona","Apache County",5,19,878,432,446
050,04,001,"Arizona","Apache County",5,20,843,421,422
050,04,001,"Arizona","Apache County",5,21,824,414,410
050,04,001,"Arizona","Apache County",5,22,849,398,451
050,04,001,"Arizona","Apache County",5,23,821,390,431
050,04,001,"Arizona","Apache County",5,24,792,425,367
050,04,001,"Arizona","Apache County",5,25,769,397,372
050,04,001,"Arizona","Apache County",5,26,684,365,319
050,04,001,"Arizona","Apache County",5,27,702,353,349
050,04,001,"Arizona","Apache County",5,28,811,396,415
050,04,001,"Arizona","Apache County",5,29,854,443,411
050,04,001,"Arizona","Apache County",5,30,874,478,396
050,04,001,"Arizona","Apache County",5,31,905,480,425
050,04,001,"Arizona","Apache County",5,32,913,488,425
050,04,001,"Arizona","Apache County",5,33,843,419,424
050,04,001,"Arizona","Apache County",5,34,787,401,386
050,04,001,"Arizona","Apache County",5,35,862,462,400
050,04,001,"Arizona","Apache County",5,36,802,416,386
050,04,001,"Arizona","Apache County",5,37,767,397,370
050,04,001,"Arizona","Apache County",5,38,795,416,379
050,04,001,"Arizona","Apache County",5,39,756,404,352
050,04,001,"Arizona","Apache County",5,40,765,406,359
050,04,001,"Arizona","Apache County",5,41,729,386,343
050,04,001,"Arizona","Apache County",5,42,739,377,362
050,04,001,"Arizona","Apache County",5,43,760,389,371
050,04,001,"Arizona","Apache County",5,44,728,371,357
050,04,001,"Arizona","Apache County",5,45,691,335,356
050,04,001,"Arizona","Apache County",5,46,725,364,361
050,04,001,"Arizona","Apache County",5,47,692,349,343
050,04,001,"Arizona","Apache County",5,48,694,353,341
050,04,001,"Arizona","Apache County",5,49,672,330,342
050,04,001,"Arizona","Apache County",5,50,647,331,316
050,04,001,"Arizona","Apache County",5,51,731,359,372
050,04,001,"Arizona","Apache County",5,52,710,345,365
050,04,001,"Arizona","Apache County",5,53,745,369,376
050,04,001,"Arizona","Apache County",5,54,678,319,359
050,04,001,"Arizona","Apache County",5,55,709,337,372
050,04,001,"Arizona","Apache County",5,56,705,343,362
050,04,001,"Arizona","Apache County",5,57,811,382,429
050,04,001,"Arizona","Apache County",5,58,868,397,471
050,04,001,"Arizona","Apache County",5,59,874,437,437
050,04,001,"Arizona","Apache County",5,60,865,415,450
050,04,001,"Arizona","Apache County",5,61,874,434,440
050,04,001,"Arizona","Apache County",5,62,849,405,444
050,04,001,"Arizona","Apache County",5,63,897,432,465
050,04,001,"Arizona","Apache County",5,64,852,414,438
050,04,001,"Arizona","Apache County",5,65,796,374,422
050,04,001,"Arizona","Apache County",5,66,801,374,427
050,04,001,"Arizona","Apache County",5,67,778,350,428
050,04,001,"Arizona","Apache County",5,68,784,352,432
050,04,001,"Arizona","Apache County",5,69,740,343,397
050,04,001,"Arizona","Apache County",5,70,667,315,352
050,04,001,"Arizona","Apache County",5,71,599,274,325
050,04,001,"Arizona","Apache County",5,72,603,284,319
050,04,001,"Arizona","Apache County",5,73,584,294,290
050,04,001,"Arizona","Apache County",5,74,545,254,291
050,04,001,"Arizona","Apache County",5,75,466,225,241
050,04,001,"Arizona","Apache County",5,76,505,250,255
050,04,001,"Arizona","Apache County",5,77,356,157,199
050,04,001,"Arizona","Apache County",5,78,362,151,211
050,04,001,"Arizona","Apache County",5,79,339,142,197
050,04,001,"Arizona","Apache County",5,80,346,145,201
050,04,001,"Arizona","Apache County",5,81,287,120,167
050,04,001,"Arizona","Apache County",5,82,249,101,148
050,04,001,"Arizona","Apache County",5,83,240,95,145
050,04,001,"Arizona","Apache County",5,84,208,88,120
050,04,001,"Arizona","Apache County",5,85,964,403,561
050,04,003,"Arizona","Cochise County",1,0,1275,652,623
050,04,003,"Arizona","Cochise County",1,1,1328,660,668
050,04,003,"Arizona","Cochise County",1,2,1323,663,660
050,04,003,"Arizona","Cochise County",1,3,1405,702,703
050,04,003,"Arizona","Cochise County",1,4,1486,734,752
050,04,003,"Arizona","Cochise County",1,5,1525,774,751
050,04,003,"Arizona","Cochise County",1,6,1476,731,745
050,04,003,"Arizona","Cochise County",1,7,1502,754,748
050,04,003,"Arizona","Cochise County",1,8,1485,762,723
050,04,003,"Arizona","Cochise County",1,9,1481,748,733
050,04,003,"Arizona","Cochise County",1,10,1457,736,721
050,04,003,"Arizona","Cochise County",1,11,1587,803,784
050,04,003,"Arizona","Cochise County",1,12,1619,813,806
050,04,003,"Arizona","Cochise County",1,13,1593,805,788
050,04,003,"Arizona","Cochise County",1,14,1539,779,760
050,04,003,"Arizona","Cochise County",1,15,1520,783,737
050,04,003,"Arizona","Cochise County",1,16,1523,781,742
050,04,003,"Arizona","Cochise County",1,17,1461,742,719
050,04,003,"Arizona","Cochise County",1,18,1609,873,736
050,04,003,"Arizona","Cochise County",1,19,1659,975,684
050,04,003,"Arizona","Cochise County",1,20,1470,824,646
050,04,003,"Arizona","Cochise County",1,21,1388,754,634
050,04,003,"Arizona","Cochise County",1,22,1372,785,587
050,04,003,"Arizona","Cochise County",1,23,1410,809,601
050,04,003,"Arizona","Cochise County",1,24,1389,824,565
050,04,003,"Arizona","Cochise County",1,25,1399,777,622
050,04,003,"Arizona","Cochise County",1,26,1496,868,628
050,04,003,"Arizona","Cochise County",1,27,1613,910,703
050,04,003,"Arizona","Cochise County",1,28,1670,889,781
050,04,003,"Arizona","Cochise County",1,29,1633,872,761
050,04,003,"Arizona","Cochise County",1,30,1617,879,738
050,04,003,"Arizona","Cochise County",1,31,1614,866,748
050,04,003,"Arizona","Cochise County",1,32,1467,810,657
050,04,003,"Arizona","Cochise County",1,33,1474,805,669
050,04,003,"Arizona","Cochise County",1,34,1460,804,656
050,04,003,"Arizona","Cochise County",1,35,1548,850,698
050,04,003,"Arizona","Cochise County",1,36,1540,826,714
050,04,003,"Arizona","Cochise County",1,37,1568,867,701
050,04,003,"Arizona","Cochise County",1,38,1552,860,692
050,04,003,"Arizona","Cochise County",1,39,1526,820,706
050,04,003,"Arizona","Cochise County",1,40,1468,783,685
050,04,003,"Arizona","Cochise County",1,41,1342,730,612
050,04,003,"Arizona","Cochise County",1,42,1312,687,625
050,04,003,"Arizona","Cochise County",1,43,1262,672,590
050,04,003,"Arizona","Cochise County",1,44,1201,622,579
050,04,003,"Arizona","Cochise County",1,45,1267,662,605
050,04,003,"Arizona","Cochise County",1,46,1191,652,539
050,04,003,"Arizona","Cochise County",1,47,1233,639,594
050,04,003,"Arizona","Cochise County",1,48,1257,629,628
050,04,003,"Arizona","Cochise County",1,49,1326,697,629
050,04,003,"Arizona","Cochise County",1,50,1245,647,598
050,04,003,"Arizona","Cochise County",1,51,1292,642,650
050,04,003,"Arizona","Cochise County",1,52,1359,706,653
050,04,003,"Arizona","Cochise County",1,53,1349,649,700
050,04,003,"Arizona","Cochise County",1,54,1388,651,737
050,04,003,"Arizona","Cochise County",1,55,1515,731,784
050,04,003,"Arizona","Cochise County",1,56,1527,763,764
050,04,003,"Arizona","Cochise County",1,57,1608,788,820
050,04,003,"Arizona","Cochise County",1,58,1676,816,860
050,04,003,"Arizona","Cochise County",1,59,1661,788,873
050,04,003,"Arizona","Cochise County",1,60,1712,793,919
050,04,003,"Arizona","Cochise County",1,61,1682,769,913
050,04,003,"Arizona","Cochise County",1,62,1783,856,927
050,04,003,"Arizona","Cochise County",1,63,1769,824,945
050,04,003,"Arizona","Cochise County",1,64,1752,854,898
050,04,003,"Arizona","Cochise County",1,65,1756,822,934
050,04,003,"Arizona","Cochise County",1,66,1782,839,943
050,04,003,"Arizona","Cochise County",1,67,1864,883,981
050,04,003,"Arizona","Cochise County",1,68,1829,900,929
050,04,003,"Arizona","Cochise County",1,69,1686,844,842
050,04,003,"Arizona","Cochise County",1,70,1678,827,851
050,04,003,"Arizona","Cochise County",1,71,1672,816,856
050,04,003,"Arizona","Cochise County",1,72,1759,873,886
050,04,003,"Arizona","Cochise County",1,73,1753,877,876
050,04,003,"Arizona","Cochise County",1,74,1194,582,612
050,04,003,"Arizona","Cochise County",1,75,1221,602,619
050,04,003,"Arizona","Cochise County",1,76,1290,622,668
050,04,003,"Arizona","Cochise County",1,77,1293,633,660
050,04,003,"Arizona","Cochise County",1,78,1053,498,555
050,04,003,"Arizona","Cochise County",1,79,965,475,490
050,04,003,"Arizona","Cochise County",1,80,852,405,447
050,04,003,"Arizona","Cochise County",1,81,812,402,410
050,04,003,"Arizona","Cochise County",1,82,745,361,384
050,04,003,"Arizona","Cochise County",1,83,651,331,320
050,04,003,"Arizona","Cochise County",1,84,564,271,293
050,04,003,"Arizona","Cochise County",1,85,2790,1225,1565
050,04,003,"Arizona","Cochise County",2,0,1286,648,638
050,04,003,"Arizona","Cochise County",2,1,1320,656,664
050,04,003,"Arizona","Cochise County",2,2,1323,660,663
050,04,003,"Arizona","Cochise County",2,3,1380,688,692
050,04,003,"Arizona","Cochise County",2,4,1472,728,744
050,04,003,"Arizona","Cochise County",2,5,1510,761,749
050,04,003,"Arizona","Cochise County",2,6,1493,745,748
050,04,003,"Arizona","Cochise County",2,7,1489,746,743
050,04,003,"Arizona","Cochise County",2,8,1482,754,728
050,04,003,"Arizona","Cochise County",2,9,1477,748,729
050,04,003,"Arizona","Cochise County",2,10,1462,739,723
050,04,003,"Arizona","Cochise County",2,11,1544,778,766
050,04,003,"Arizona","Cochise County",2,12,1612,809,803
050,04,003,"Arizona","Cochise County",2,13,1589,803,786
050,04,003,"Arizona","Cochise County",2,14,1544,783,761
050,04,003,"Arizona","Cochise County",2,15,1519,780,739
050,04,003,"Arizona","Cochise County",2,16,1514,778,736
050,04,003,"Arizona","Cochise County",2,17,1474,750,724
050,04,003,"Arizona","Cochise County",2,18,1589,861,728
050,04,003,"Arizona","Cochise County",2,19,1651,967,684
050,04,003,"Arizona","Cochise County",2,20,1485,828,657
050,04,003,"Arizona","Cochise County",2,21,1389,758,631
050,04,003,"Arizona","Cochise County",2,22,1375,778,597
050,04,003,"Arizona","Cochise County",2,23,1403,807,596
050,04,003,"Arizona","Cochise County",2,24,1390,813,577
050,04,003,"Arizona","Cochise County",2,25,1395,781,614
050,04,003,"Arizona","Cochise County",2,26,1495,865,630
050,04,003,"Arizona","Cochise County",2,27,1594,902,692
050,04,003,"Arizona","Cochise County",2,28,1663,896,767
050,04,003,"Arizona","Cochise County",2,29,1640,870,770
050,04,003,"Arizona","Cochise County",2,30,1640,888,752
050,04,003,"Arizona","Cochise County",2,31,1601,860,741
050,04,003,"Arizona","Cochise County",2,32,1505,826,679
050,04,003,"Arizona","Cochise County",2,33,1470,808,662
050,04,003,"Arizona","Cochise County",2,34,1469,808,661
050,04,003,"Arizona","Cochise County",2,35,1538,846,692
050,04,003,"Arizona","Cochise County",2,36,1527,825,702
050,04,003,"Arizona","Cochise County",2,37,1562,861,701
050,04,003,"Arizona","Cochise County",2,38,1559,866,693
050,04,003,"Arizona","Cochise County",2,39,1522,823,699
050,04,003,"Arizona","Cochise County",2,40,1483,789,694
050,04,003,"Arizona","Cochise County",2,41,1363,736,627
050,04,003,"Arizona","Cochise County",2,42,1314,696,618
050,04,003,"Arizona","Cochise County",2,43,1272,673,599
050,04,003,"Arizona","Cochise County",2,44,1205,628,577
050,04,003,"Arizona","Cochise County",2,45,1256,660,596
050,04,003,"Arizona","Cochise County",2,46,1195,642,553
050,04,003,"Arizona","Cochise County",2,47,1214,637,577
050,04,003,"Arizona","Cochise County",2,48,1240,624,616
050,04,003,"Arizona","Cochise County",2,49,1320,689,631
050,04,003,"Arizona","Cochise County",2,50,1265,655,610
050,04,003,"Arizona","Cochise County",2,51,1279,639,640
050,04,003,"Arizona","Cochise County",2,52,1348,698,650
050,04,003,"Arizona","Cochise County",2,53,1343,655,688
050,04,003,"Arizona","Cochise County",2,54,1376,650,726
050,04,003,"Arizona","Cochise County",2,55,1492,717,775
050,04,003,"Arizona","Cochise County",2,56,1533,759,774
050,04,003,"Arizona","Cochise County",2,57,1591,783,808
050,04,003,"Arizona","Cochise County",2,58,1653,803,850
050,04,003,"Arizona","Cochise County",2,59,1669,797,872
050,04,003,"Arizona","Cochise County",2,60,1702,792,910
050,04,003,"Arizona","Cochise County",2,61,1690,774,916
050,04,003,"Arizona","Cochise County",2,62,1756,829,927
050,04,003,"Arizona","Cochise County",2,63,1798,843,955
050,04,003,"Arizona","Cochise County",2,64,1763,848,915
050,04,003,"Arizona","Cochise County",2,65,1770,835,935
050,04,003,"Arizona","Cochise County",2,66,1791,840,951
050,04,003,"Arizona","Cochise County",2,67,1857,881,976
050,04,003,"Arizona","Cochise County",2,68,1824,887,937
050,04,003,"Arizona","Cochise County",2,69,1729,861,868
050,04,003,"Arizona","Cochise County",2,70,1680,831,849
050,04,003,"Arizona","Cochise County",2,71,1676,819,857
050,04,003,"Arizona","Cochise County",2,72,1713,844,869
050,04,003,"Arizona","Cochise County",2,73,1828,914,914
050,04,003,"Arizona","Cochise County",2,74,1253,614,639
050,04,003,"Arizona","Cochise County",2,75,1216,598,618
050,04,003,"Arizona","Cochise County",2,76,1257,609,648
050,04,003,"Arizona","Cochise County",2,77,1314,643,671
050,04,003,"Arizona","Cochise County",2,78,1085,517,568
050,04,003,"Arizona","Cochise County",2,79,970,470,500
050,04,003,"Arizona","Cochise County",2,80,861,415,446
050,04,003,"Arizona","Cochise County",2,81,814,403,411
050,04,003,"Arizona","Cochise County",2,82,760,370,390
050,04,003,"Arizona","Cochise County",2,83,659,329,330
050,04,003,"Arizona","Cochise County",2,84,574,278,296
050,04,003,"Arizona","Cochise County",2,85,2824,1245,1579
050,04,003,"Arizona","Cochise County",3,0,1196,610,586
050,04,003,"Arizona","Cochise County",3,1,1336,662,674
050,04,003,"Arizona","Cochise County",3,2,1332,669,663
050,04,003,"Arizona","Cochise County",3,3,1311,664,647
050,04,003,"Arizona","Cochise County",3,4,1365,675,690
050,04,003,"Arizona","Cochise County",3,5,1493,748,745
050,04,003,"Arizona","Cochise County",3,6,1520,775,745
050,04,003,"Arizona","Cochise County",3,7,1500,750,750
050,04,003,"Arizona","Cochise County",3,8,1468,729,739
050,04,003,"Arizona","Cochise County",3,9,1511,780,731
050,04,003,"Arizona","Cochise County",3,10,1470,745,725
050,04,003,"Arizona","Cochise County",3,11,1482,771,711
050,04,003,"Arizona","Cochise County",3,12,1537,769,768
050,04,003,"Arizona","Cochise County",3,13,1616,810,806
050,04,003,"Arizona","Cochise County",3,14,1560,792,768
050,04,003,"Arizona","Cochise County",3,15,1572,809,763
050,04,003,"Arizona","Cochise County",3,16,1502,789,713
050,04,003,"Arizona","Cochise County",3,17,1523,782,741
050,04,003,"Arizona","Cochise County",3,18,1598,877,721
050,04,003,"Arizona","Cochise County",3,19,1690,1017,673
050,04,003,"Arizona","Cochise County",3,20,1507,863,644
050,04,003,"Arizona","Cochise County",3,21,1425,804,621
050,04,003,"Arizona","Cochise County",3,22,1406,763,643
050,04,003,"Arizona","Cochise County",3,23,1392,783,609
050,04,003,"Arizona","Cochise County",3,24,1449,853,596
050,04,003,"Arizona","Cochise County",3,25,1373,762,611
050,04,003,"Arizona","Cochise County",3,26,1424,815,609
050,04,003,"Arizona","Cochise County",3,27,1551,906,645
050,04,003,"Arizona","Cochise County",3,28,1572,868,704
050,04,003,"Arizona","Cochise County",3,29,1646,885,761
050,04,003,"Arizona","Cochise County",3,30,1670,900,770
050,04,003,"Arizona","Cochise County",3,31,1658,885,773
050,04,003,"Arizona","Cochise County",3,32,1567,846,721
050,04,003,"Arizona","Cochise County",3,33,1516,836,680
050,04,003,"Arizona","Cochise County",3,34,1450,772,678
050,04,003,"Arizona","Cochise County",3,35,1509,838,671
050,04,003,"Arizona","Cochise County",3,36,1520,837,683
050,04,003,"Arizona","Cochise County",3,37,1529,820,709
050,04,003,"Arizona","Cochise County",3,38,1600,887,713
050,04,003,"Arizona","Cochise County",3,39,1548,857,691
050,04,003,"Arizona","Cochise County",3,40,1524,811,713
050,04,003,"Arizona","Cochise County",3,41,1478,797,681
050,04,003,"Arizona","Cochise County",3,42,1327,697,630
050,04,003,"Arizona","Cochise County",3,43,1300,696,604
050,04,003,"Arizona","Cochise County",3,44,1279,663,616
050,04,003,"Arizona","Cochise County",3,45,1233,658,575
050,04,003,"Arizona","Cochise County",3,46,1226,628,598
050,04,003,"Arizona","Cochise County",3,47,1203,654,549
050,04,003,"Arizona","Cochise County",3,48,1217,642,575
050,04,003,"Arizona","Cochise County",3,49,1266,639,627
050,04,003,"Arizona","Cochise County",3,50,1311,675,636
050,04,003,"Arizona","Cochise County",3,51,1234,636,598
050,04,003,"Arizona","Cochise County",3,52,1317,668,649
050,04,003,"Arizona","Cochise County",3,53,1332,663,669
050,04,003,"Arizona","Cochise County",3,54,1341,646,695
050,04,003,"Arizona","Cochise County",3,55,1376,661,715
050,04,003,"Arizona","Cochise County",3,56,1505,717,788
050,04,003,"Arizona","Cochise County",3,57,1552,773,779
050,04,003,"Arizona","Cochise County",3,58,1618,795,823
050,04,003,"Arizona","Cochise County",3,59,1652,801,851
050,04,003,"Arizona","Cochise County",3,60,1672,781,891
050,04,003,"Arizona","Cochise County",3,61,1733,824,909
050,04,003,"Arizona","Cochise County",3,62,1729,779,950
050,04,003,"Arizona","Cochise County",3,63,1772,835,937
050,04,003,"Arizona","Cochise County",3,64,1847,879,968
050,04,003,"Arizona","Cochise County",3,65,1768,847,921
050,04,003,"Arizona","Cochise County",3,66,1783,851,932
050,04,003,"Arizona","Cochise County",3,67,1819,867,952
050,04,003,"Arizona","Cochise County",3,68,1863,882,981
050,04,003,"Arizona","Cochise County",3,69,1837,889,948
050,04,003,"Arizona","Cochise County",3,70,1750,863,887
050,04,003,"Arizona","Cochise County",3,71,1675,829,846
050,04,003,"Arizona","Cochise County",3,72,1667,827,840
050,04,003,"Arizona","Cochise County",3,73,1681,826,855
050,04,003,"Arizona","Cochise County",3,74,1787,887,900
050,04,003,"Arizona","Cochise County",3,75,1225,596,629
050,04,003,"Arizona","Cochise County",3,76,1154,568,586
050,04,003,"Arizona","Cochise County",3,77,1202,573,629
050,04,003,"Arizona","Cochise County",3,78,1249,607,642
050,04,003,"Arizona","Cochise County",3,79,1016,475,541
050,04,003,"Arizona","Cochise County",3,80,931,450,481
050,04,003,"Arizona","Cochise County",3,81,809,383,426
050,04,003,"Arizona","Cochise County",3,82,753,380,373
050,04,003,"Arizona","Cochise County",3,83,682,329,353
050,04,003,"Arizona","Cochise County",3,84,617,305,312
050,04,003,"Arizona","Cochise County",3,85,2913,1302,1611
050,04,003,"Arizona","Cochise County",4,0,1220,644,576
050,04,003,"Arizona","Cochise County",4,1,1217,627,590
050,04,003,"Arizona","Cochise County",4,2,1322,671,651
050,04,003,"Arizona","Cochise County",4,3,1370,677,693
050,04,003,"Arizona","Cochise County",4,4,1309,654,655
050,04,003,"Arizona","Cochise County",4,5,1361,670,691
050,04,003,"Arizona","Cochise County",4,6,1525,749,776
050,04,003,"Arizona","Cochise County",4,7,1550,777,773
050,04,003,"Arizona","Cochise County",4,8,1522,772,750
050,04,003,"Arizona","Cochise County",4,9,1439,716,723
050,04,003,"Arizona","Cochise County",4,10,1496,771,725
050,04,003,"Arizona","Cochise County",4,11,1430,724,706
050,04,003,"Arizona","Cochise County",4,12,1449,767,682
050,04,003,"Arizona","Cochise County",4,13,1554,784,770
050,04,003,"Arizona","Cochise County",4,14,1620,827,793
050,04,003,"Arizona","Cochise County",4,15,1597,808,789
050,04,003,"Arizona","Cochise County",4,16,1583,826,757
050,04,003,"Arizona","Cochise County",4,17,1495,789,706
050,04,003,"Arizona","Cochise County",4,18,1588,880,708
050,04,003,"Arizona","Cochise County",4,19,1568,912,656
050,04,003,"Arizona","Cochise County",4,20,1424,815,609
050,04,003,"Arizona","Cochise County",4,21,1367,783,584
050,04,003,"Arizona","Cochise County",4,22,1368,739,629
050,04,003,"Arizona","Cochise County",4,23,1347,704,643
050,04,003,"Arizona","Cochise County",4,24,1337,732,605
050,04,003,"Arizona","Cochise County",4,25,1355,752,603
050,04,003,"Arizona","Cochise County",4,26,1371,758,613
050,04,003,"Arizona","Cochise County",4,27,1475,822,653
050,04,003,"Arizona","Cochise County",4,28,1507,859,648
050,04,003,"Arizona","Cochise County",4,29,1543,826,717
050,04,003,"Arizona","Cochise County",4,30,1597,860,737
050,04,003,"Arizona","Cochise County",4,31,1628,852,776
050,04,003,"Arizona","Cochise County",4,32,1633,873,760
050,04,003,"Arizona","Cochise County",4,33,1524,801,723
050,04,003,"Arizona","Cochise County",4,34,1491,805,686
050,04,003,"Arizona","Cochise County",4,35,1465,776,689
050,04,003,"Arizona","Cochise County",4,36,1471,789,682
050,04,003,"Arizona","Cochise County",4,37,1538,834,704
050,04,003,"Arizona","Cochise County",4,38,1521,800,721
050,04,003,"Arizona","Cochise County",4,39,1548,830,718
050,04,003,"Arizona","Cochise County",4,40,1533,842,691
050,04,003,"Arizona","Cochise County",4,41,1522,803,719
050,04,003,"Arizona","Cochise County",4,42,1464,766,698
050,04,003,"Arizona","Cochise County",4,43,1319,692,627
050,04,003,"Arizona","Cochise County",4,44,1282,671,611
050,04,003,"Arizona","Cochise County",4,45,1284,669,615
050,04,003,"Arizona","Cochise County",4,46,1216,629,587
050,04,003,"Arizona","Cochise County",4,47,1240,615,625
050,04,003,"Arizona","Cochise County",4,48,1186,633,553
050,04,003,"Arizona","Cochise County",4,49,1237,657,580
050,04,003,"Arizona","Cochise County",4,50,1230,600,630
050,04,003,"Arizona","Cochise County",4,51,1288,644,644
050,04,003,"Arizona","Cochise County",4,52,1247,645,602
050,04,003,"Arizona","Cochise County",4,53,1298,633,665
050,04,003,"Arizona","Cochise County",4,54,1304,647,657
050,04,003,"Arizona","Cochise County",4,55,1343,655,688
050,04,003,"Arizona","Cochise County",4,56,1372,653,719
050,04,003,"Arizona","Cochise County",4,57,1507,714,793
050,04,003,"Arizona","Cochise County",4,58,1582,786,796
050,04,003,"Arizona","Cochise County",4,59,1597,767,830
050,04,003,"Arizona","Cochise County",4,60,1684,827,857
050,04,003,"Arizona","Cochise County",4,61,1676,783,893
050,04,003,"Arizona","Cochise County",4,62,1775,837,938
050,04,003,"Arizona","Cochise County",4,63,1753,796,957
050,04,003,"Arizona","Cochise County",4,64,1802,858,944
050,04,003,"Arizona","Cochise County",4,65,1858,868,990
050,04,003,"Arizona","Cochise County",4,66,1812,876,936
050,04,003,"Arizona","Cochise County",4,67,1813,858,955
050,04,003,"Arizona","Cochise County",4,68,1842,871,971
050,04,003,"Arizona","Cochise County",4,69,1886,900,986
050,04,003,"Arizona","Cochise County",4,70,1837,882,955
050,04,003,"Arizona","Cochise County",4,71,1755,855,900
050,04,003,"Arizona","Cochise County",4,72,1671,813,858
050,04,003,"Arizona","Cochise County",4,73,1634,798,836
050,04,003,"Arizona","Cochise County",4,74,1664,803,861
050,04,003,"Arizona","Cochise County",4,75,1736,848,888
050,04,003,"Arizona","Cochise County",4,76,1191,583,608
050,04,003,"Arizona","Cochise County",4,77,1109,543,566
050,04,003,"Arizona","Cochise County",4,78,1139,531,608
050,04,003,"Arizona","Cochise County",4,79,1183,579,604
050,04,003,"Arizona","Cochise County",4,80,976,463,513
050,04,003,"Arizona","Cochise County",4,81,870,423,447
050,04,003,"Arizona","Cochise County",4,82,740,352,388
050,04,003,"Arizona","Cochise County",4,83,675,338,337
050,04,003,"Arizona","Cochise County",4,84,625,300,325
050,04,003,"Arizona","Cochise County",4,85,3005,1353,1652
050,04,003,"Arizona","Cochise County",5,0,1220,640,580
050,04,003,"Arizona","Cochise County",5,1,1180,607,573
050,04,003,"Arizona","Cochise County",5,2,1183,593,590
050,04,003,"Arizona","Cochise County",5,3,1283,646,637
050,04,003,"Arizona","Cochise County",5,4,1328,686,642
050,04,003,"Arizona","Cochise County",5,5,1319,669,650
050,04,003,"Arizona","Cochise County",5,6,1365,663,702
050,04,003,"Arizona","Cochise County",5,7,1509,722,787
050,04,003,"Arizona","Cochise County",5,8,1497,760,737
050,04,003,"Arizona","Cochise County",5,9,1487,761,726
050,04,003,"Arizona","Cochise County",5,10,1415,707,708
050,04,003,"Arizona","Cochise County",5,11,1456,749,707
050,04,003,"Arizona","Cochise County",5,12,1435,726,709
050,04,003,"Arizona","Cochise County",5,13,1450,750,700
050,04,003,"Arizona","Cochise County",5,14,1538,788,750
050,04,003,"Arizona","Cochise County",5,15,1565,805,760
050,04,003,"Arizona","Cochise County",5,16,1607,818,789
050,04,003,"Arizona","Cochise County",5,17,1584,821,763
050,04,003,"Arizona","Cochise County",5,18,1455,798,657
050,04,003,"Arizona","Cochise County",5,19,1436,825,611
050,04,003,"Arizona","Cochise County",5,20,1321,714,607
050,04,003,"Arizona","Cochise County",5,21,1271,712,559
050,04,003,"Arizona","Cochise County",5,22,1292,731,561
050,04,003,"Arizona","Cochise County",5,23,1355,706,649
050,04,003,"Arizona","Cochise County",5,24,1325,688,637
050,04,003,"Arizona","Cochise County",5,25,1269,684,585
050,04,003,"Arizona","Cochise County",5,26,1355,761,594
050,04,003,"Arizona","Cochise County",5,27,1404,796,608
050,04,003,"Arizona","Cochise County",5,28,1421,764,657
050,04,003,"Arizona","Cochise County",5,29,1457,814,643
050,04,003,"Arizona","Cochise County",5,30,1519,815,704
050,04,003,"Arizona","Cochise County",5,31,1562,830,732
050,04,003,"Arizona","Cochise County",5,32,1592,830,762
050,04,003,"Arizona","Cochise County",5,33,1572,838,734
050,04,003,"Arizona","Cochise County",5,34,1486,781,705
050,04,003,"Arizona","Cochise County",5,35,1472,779,693
050,04,003,"Arizona","Cochise County",5,36,1404,748,656
050,04,003,"Arizona","Cochise County",5,37,1440,772,668
050,04,003,"Arizona","Cochise County",5,38,1514,815,699
050,04,003,"Arizona","Cochise County",5,39,1487,778,709
050,04,003,"Arizona","Cochise County",5,40,1520,808,712
050,04,003,"Arizona","Cochise County",5,41,1555,845,710
050,04,003,"Arizona","Cochise County",5,42,1502,791,711
050,04,003,"Arizona","Cochise County",5,43,1463,752,711
050,04,003,"Arizona","Cochise County",5,44,1319,683,636
050,04,003,"Arizona","Cochise County",5,45,1316,690,626
050,04,003,"Arizona","Cochise County",5,46,1279,657,622
050,04,003,"Arizona","Cochise County",5,47,1229,639,590
050,04,003,"Arizona","Cochise County",5,48,1238,602,636
050,04,003,"Arizona","Cochise County",5,49,1245,671,574
050,04,003,"Arizona","Cochise County",5,50,1235,643,592
050,04,003,"Arizona","Cochise County",5,51,1224,602,622
050,04,003,"Arizona","Cochise County",5,52,1358,686,672
050,04,003,"Arizona","Cochise County",5,53,1247,626,621
050,04,003,"Arizona","Cochise County",5,54,1317,638,679
050,04,003,"Arizona","Cochise County",5,55,1328,654,674
050,04,003,"Arizona","Cochise County",5,56,1369,664,705
050,04,003,"Arizona","Cochise County",5,57,1396,674,722
050,04,003,"Arizona","Cochise County",5,58,1527,722,805
050,04,003,"Arizona","Cochise County",5,59,1578,776,802
050,04,003,"Arizona","Cochise County",5,60,1590,754,836
050,04,003,"Arizona","Cochise County",5,61,1733,850,883
050,04,003,"Arizona","Cochise County",5,62,1713,790,923
050,04,003,"Arizona","Cochise County",5,63,1797,849,948
050,04,003,"Arizona","Cochise County",5,64,1775,816,959
050,04,003,"Arizona","Cochise County",5,65,1829,860,969
050,04,003,"Arizona","Cochise County",5,66,1904,889,1015
050,04,003,"Arizona","Cochise County",5,67,1848,893,955
050,04,003,"Arizona","Cochise County",5,68,1841,861,980
050,04,003,"Arizona","Cochise County",5,69,1859,883,976
050,04,003,"Arizona","Cochise County",5,70,1902,913,989
050,04,003,"Arizona","Cochise County",5,71,1828,870,958
050,04,003,"Arizona","Cochise County",5,72,1742,854,888
050,04,003,"Arizona","Cochise County",5,73,1628,789,839
050,04,003,"Arizona","Cochise County",5,74,1606,777,829
050,04,003,"Arizona","Cochise County",5,75,1620,776,844
050,04,003,"Arizona","Cochise County",5,76,1669,805,864
050,04,003,"Arizona","Cochise County",5,77,1135,554,581
050,04,003,"Arizona","Cochise County",5,78,1080,527,553
050,04,003,"Arizona","Cochise County",5,79,1086,506,580
050,04,003,"Arizona","Cochise County",5,80,1142,571,571
050,04,003,"Arizona","Cochise County",5,81,917,435,482
050,04,003,"Arizona","Cochise County",5,82,806,395,411
050,04,003,"Arizona","Cochise County",5,83,689,330,359
050,04,003,"Arizona","Cochise County",5,84,635,319,316
050,04,003,"Arizona","Cochise County",5,85,3191,1438,1753
050,04,005,"Arizona","Coconino County",1,0,1446,745,701
050,04,005,"Arizona","Coconino County",1,1,1430,751,679
050,04,005,"Arizona","Coconino County",1,2,1499,757,742
050,04,005,"Arizona","Coconino County",1,3,1525,750,775
050,04,005,"Arizona","Coconino County",1,4,1513,786,727
050,04,005,"Arizona","Coconino County",1,5,1657,885,772
050,04,005,"Arizona","Coconino County",1,6,1596,818,778
050,04,005,"Arizona","Coconino County",1,7,1624,802,822
050,04,005,"Arizona","Coconino County",1,8,1660,840,820
050,04,005,"Arizona","Coconino County",1,9,1618,859,759
050,04,005,"Arizona","Coconino County",1,10,1655,856,799
050,04,005,"Arizona","Coconino County",1,11,1751,888,863
050,04,005,"Arizona","Coconino County",1,12,1837,946,891
050,04,005,"Arizona","Coconino County",1,13,1793,915,878
050,04,005,"Arizona","Coconino County",1,14,1714,876,838
050,04,005,"Arizona","Coconino County",1,15,1746,911,835
050,04,005,"Arizona","Coconino County",1,16,1713,886,827
050,04,005,"Arizona","Coconino County",1,17,1632,837,795
050,04,005,"Arizona","Coconino County",1,18,3674,1611,2063
050,04,005,"Arizona","Coconino County",1,19,5447,2400,3047
050,04,005,"Arizona","Coconino County",1,20,4633,2052,2581
050,04,005,"Arizona","Coconino County",1,21,4610,1974,2636
050,04,005,"Arizona","Coconino County",1,22,4279,2027,2252
050,04,005,"Arizona","Coconino County",1,23,3345,1662,1683
050,04,005,"Arizona","Coconino County",1,24,2699,1421,1278
050,04,005,"Arizona","Coconino County",1,25,2418,1269,1149
050,04,005,"Arizona","Coconino County",1,26,2164,1115,1049
050,04,005,"Arizona","Coconino County",1,27,2152,1121,1031
050,04,005,"Arizona","Coconino County",1,28,2188,1141,1047
050,04,005,"Arizona","Coconino County",1,29,2079,1096,983
050,04,005,"Arizona","Coconino County",1,30,2046,1077,969
050,04,005,"Arizona","Coconino County",1,31,1850,980,870
050,04,005,"Arizona","Coconino County",1,32,1773,887,886
050,04,005,"Arizona","Coconino County",1,33,1810,923,887
050,04,005,"Arizona","Coconino County",1,34,1759,903,856
050,04,005,"Arizona","Coconino County",1,35,1717,890,827
050,04,005,"Arizona","Coconino County",1,36,1748,917,831
050,04,005,"Arizona","Coconino County",1,37,1770,915,855
050,04,005,"Arizona","Coconino County",1,38,1762,903,859
050,04,005,"Arizona","Coconino County",1,39,1760,910,850
050,04,005,"Arizona","Coconino County",1,40,1639,827,812
050,04,005,"Arizona","Coconino County",1,41,1547,749,798
050,04,005,"Arizona","Coconino County",1,42,1471,751,720
050,04,005,"Arizona","Coconino County",1,43,1525,778,747
050,04,005,"Arizona","Coconino County",1,44,1515,809,706
050,04,005,"Arizona","Coconino County",1,45,1517,802,715
050,04,005,"Arizona","Coconino County",1,46,1439,787,652
050,04,005,"Arizona","Coconino County",1,47,1378,734,644
050,04,005,"Arizona","Coconino County",1,48,1421,710,711
050,04,005,"Arizona","Coconino County",1,49,1523,757,766
050,04,005,"Arizona","Coconino County",1,50,1495,742,753
050,04,005,"Arizona","Coconino County",1,51,1437,732,705
050,04,005,"Arizona","Coconino County",1,52,1392,695,697
050,04,005,"Arizona","Coconino County",1,53,1430,725,705
050,04,005,"Arizona","Coconino County",1,54,1455,716,739
050,04,005,"Arizona","Coconino County",1,55,1596,801,795
050,04,005,"Arizona","Coconino County",1,56,1599,819,780
050,04,005,"Arizona","Coconino County",1,57,1528,754,774
050,04,005,"Arizona","Coconino County",1,58,1621,757,864
050,04,005,"Arizona","Coconino County",1,59,1761,854,907
050,04,005,"Arizona","Coconino County",1,60,1768,856,912
050,04,005,"Arizona","Coconino County",1,61,1720,833,887
050,04,005,"Arizona","Coconino County",1,62,1661,793,868
050,04,005,"Arizona","Coconino County",1,63,1609,747,862
050,04,005,"Arizona","Coconino County",1,64,1660,821,839
050,04,005,"Arizona","Coconino County",1,65,1635,801,834
050,04,005,"Arizona","Coconino County",1,66,1555,753,802
050,04,005,"Arizona","Coconino County",1,67,1504,714,790
050,04,005,"Arizona","Coconino County",1,68,1425,713,712
050,04,005,"Arizona","Coconino County",1,69,1271,640,631
050,04,005,"Arizona","Coconino County",1,70,1227,632,595
050,04,005,"Arizona","Coconino County",1,71,1163,591,572
050,04,005,"Arizona","Coconino County",1,72,1092,558,534
050,04,005,"Arizona","Coconino County",1,73,1092,564,528
050,04,005,"Arizona","Coconino County",1,74,751,365,386
050,04,005,"Arizona","Coconino County",1,75,718,333,385
050,04,005,"Arizona","Coconino County",1,76,686,327,359
050,04,005,"Arizona","Coconino County",1,77,657,311,346
050,04,005,"Arizona","Coconino County",1,78,577,252,325
050,04,005,"Arizona","Coconino County",1,79,534,231,303
050,04,005,"Arizona","Coconino County",1,80,494,228,266
050,04,005,"Arizona","Coconino County",1,81,414,200,214
050,04,005,"Arizona","Coconino County",1,82,365,169,196
050,04,005,"Arizona","Coconino County",1,83,329,139,190
050,04,005,"Arizona","Coconino County",1,84,272,126,146
050,04,005,"Arizona","Coconino County",1,85,1544,621,923
050,04,005,"Arizona","Coconino County",2,0,1416,734,682
050,04,005,"Arizona","Coconino County",2,1,1432,747,685
050,04,005,"Arizona","Coconino County",2,2,1472,749,723
050,04,005,"Arizona","Coconino County",2,3,1509,745,764
050,04,005,"Arizona","Coconino County",2,4,1525,782,743
050,04,005,"Arizona","Coconino County",2,5,1618,861,757
050,04,005,"Arizona","Coconino County",2,6,1610,832,778
050,04,005,"Arizona","Coconino County",2,7,1613,804,809
050,04,005,"Arizona","Coconino County",2,8,1641,826,815
050,04,005,"Arizona","Coconino County",2,9,1626,853,773
050,04,005,"Arizona","Coconino County",2,10,1642,854,788
050,04,005,"Arizona","Coconino County",2,11,1720,880,840
050,04,005,"Arizona","Coconino County",2,12,1828,941,887
050,04,005,"Arizona","Coconino County",2,13,1798,917,881
050,04,005,"Arizona","Coconino County",2,14,1731,882,849
050,04,005,"Arizona","Coconino County",2,15,1739,899,840
050,04,005,"Arizona","Coconino County",2,16,1729,897,832
050,04,005,"Arizona","Coconino County",2,17,1665,856,809
050,04,005,"Arizona","Coconino County",2,18,3651,1604,2047
050,04,005,"Arizona","Coconino County",2,19,5442,2394,3048
050,04,005,"Arizona","Coconino County",2,20,4691,2069,2622
050,04,005,"Arizona","Coconino County",2,21,4592,1971,2621
050,04,005,"Arizona","Coconino County",2,22,4258,2020,2238
050,04,005,"Arizona","Coconino County",2,23,3366,1665,1701
050,04,005,"Arizona","Coconino County",2,24,2708,1420,1288
050,04,005,"Arizona","Coconino County",2,25,2431,1278,1153
050,04,005,"Arizona","Coconino County",2,26,2150,1109,1041
050,04,005,"Arizona","Coconino County",2,27,2123,1104,1019
050,04,005,"Arizona","Coconino County",2,28,2175,1136,1039
050,04,005,"Arizona","Coconino County",2,29,2094,1104,990
050,04,005,"Arizona","Coconino County",2,30,2054,1076,978
050,04,005,"Arizona","Coconino County",2,31,1882,990,892
050,04,005,"Arizona","Coconino County",2,32,1797,911,886
050,04,005,"Arizona","Coconino County",2,33,1800,913,887
050,04,005,"Arizona","Coconino County",2,34,1764,902,862
050,04,005,"Arizona","Coconino County",2,35,1733,894,839
050,04,005,"Arizona","Coconino County",2,36,1729,901,828
050,04,005,"Arizona","Coconino County",2,37,1766,917,849
050,04,005,"Arizona","Coconino County",2,38,1766,912,854
050,04,005,"Arizona","Coconino County",2,39,1747,899,848
050,04,005,"Arizona","Coconino County",2,40,1675,852,823
050,04,005,"Arizona","Coconino County",2,41,1554,761,793
050,04,005,"Arizona","Coconino County",2,42,1478,743,735
050,04,005,"Arizona","Coconino County",2,43,1532,782,750
050,04,005,"Arizona","Coconino County",2,44,1496,793,703
050,04,005,"Arizona","Coconino County",2,45,1521,808,713
050,04,005,"Arizona","Coconino County",2,46,1451,788,663
050,04,005,"Arizona","Coconino County",2,47,1388,743,645
050,04,005,"Arizona","Coconino County",2,48,1411,710,701
050,04,005,"Arizona","Coconino County",2,49,1499,746,753
050,04,005,"Arizona","Coconino County",2,50,1505,745,760
050,04,005,"Arizona","Coconino County",2,51,1446,730,716
050,04,005,"Arizona","Coconino County",2,52,1397,698,699
050,04,005,"Arizona","Coconino County",2,53,1419,718,701
050,04,005,"Arizona","Coconino County",2,54,1444,716,728
050,04,005,"Arizona","Coconino County",2,55,1566,783,783
050,04,005,"Arizona","Coconino County",2,56,1604,821,783
050,04,005,"Arizona","Coconino County",2,57,1531,763,768
050,04,005,"Arizona","Coconino County",2,58,1594,754,840
050,04,005,"Arizona","Coconino County",2,59,1729,832,897
050,04,005,"Arizona","Coconino County",2,60,1758,849,909
050,04,005,"Arizona","Coconino County",2,61,1726,838,888
050,04,005,"Arizona","Coconino County",2,62,1666,796,870
050,04,005,"Arizona","Coconino County",2,63,1632,763,869
050,04,005,"Arizona","Coconino County",2,64,1631,793,838
050,04,005,"Arizona","Coconino County",2,65,1630,801,829
050,04,005,"Arizona","Coconino County",2,66,1571,759,812
050,04,005,"Arizona","Coconino County",2,67,1505,716,789
050,04,005,"Arizona","Coconino County",2,68,1428,705,723
050,04,005,"Arizona","Coconino County",2,69,1311,658,653
050,04,005,"Arizona","Coconino County",2,70,1233,632,601
050,04,005,"Arizona","Coconino County",2,71,1179,603,576
050,04,005,"Arizona","Coconino County",2,72,1091,558,533
050,04,005,"Arizona","Coconino County",2,73,1133,588,545
050,04,005,"Arizona","Coconino County",2,74,779,384,395
050,04,005,"Arizona","Coconino County",2,75,728,341,387
050,04,005,"Arizona","Coconino County",2,76,682,322,360
050,04,005,"Arizona","Coconino County",2,77,672,316,356
050,04,005,"Arizona","Coconino County",2,78,578,258,320
050,04,005,"Arizona","Coconino County",2,79,532,231,301
050,04,005,"Arizona","Coconino County",2,80,502,227,275
050,04,005,"Arizona","Coconino County",2,81,425,206,219
050,04,005,"Arizona","Coconino County",2,82,375,175,200
050,04,005,"Arizona","Coconino County",2,83,327,141,186
050,04,005,"Arizona","Coconino County",2,84,278,127,151
050,04,005,"Arizona","Coconino County",2,85,1547,629,918
050,04,005,"Arizona","Coconino County",3,0,1336,702,634
050,04,005,"Arizona","Coconino County",3,1,1390,726,664
050,04,005,"Arizona","Coconino County",3,2,1383,728,655
050,04,005,"Arizona","Coconino County",3,3,1461,734,727
050,04,005,"Arizona","Coconino County",3,4,1483,737,746
050,04,005,"Arizona","Coconino County",3,5,1538,778,760
050,04,005,"Arizona","Coconino County",3,6,1585,837,748
050,04,005,"Arizona","Coconino County",3,7,1626,836,790
050,04,005,"Arizona","Coconino County",3,8,1593,788,805
050,04,005,"Arizona","Coconino County",3,9,1611,810,801
050,04,005,"Arizona","Coconino County",3,10,1648,861,787
050,04,005,"Arizona","Coconino County",3,11,1641,851,790
050,04,005,"Arizona","Coconino County",3,12,1726,874,852
050,04,005,"Arizona","Coconino County",3,13,1809,951,858
050,04,005,"Arizona","Coconino County",3,14,1798,918,880
050,04,005,"Arizona","Coconino County",3,15,1724,886,838
050,04,005,"Arizona","Coconino County",3,16,1738,885,853
050,04,005,"Arizona","Coconino County",3,17,1755,898,857
050,04,005,"Arizona","Coconino County",3,18,3100,1382,1718
050,04,005,"Arizona","Coconino County",3,19,4543,2009,2534
050,04,005,"Arizona","Coconino County",3,20,4305,1913,2392
050,04,005,"Arizona","Coconino County",3,21,4449,1931,2518
050,04,005,"Arizona","Coconino County",3,22,4075,1919,2156
050,04,005,"Arizona","Coconino County",3,23,3247,1587,1660
050,04,005,"Arizona","Coconino County",3,24,2687,1390,1297
050,04,005,"Arizona","Coconino County",3,25,2400,1281,1119
050,04,005,"Arizona","Coconino County",3,26,2047,1035,1012
050,04,005,"Arizona","Coconino County",3,27,1925,981,944
050,04,005,"Arizona","Coconino County",3,28,2050,1084,966
050,04,005,"Arizona","Coconino County",3,29,2135,1106,1029
050,04,005,"Arizona","Coconino County",3,30,2052,1061,991
050,04,005,"Arizona","Coconino County",3,31,2027,1066,961
050,04,005,"Arizona","Coconino County",3,32,1858,963,895
050,04,005,"Arizona","Coconino County",3,33,1837,925,912
050,04,005,"Arizona","Coconino County",3,34,1784,907,877
050,04,005,"Arizona","Coconino County",3,35,1724,888,836
050,04,005,"Arizona","Coconino County",3,36,1761,907,854
050,04,005,"Arizona","Coconino County",3,37,1740,900,840
050,04,005,"Arizona","Coconino County",3,38,1743,920,823
050,04,005,"Arizona","Coconino County",3,39,1712,863,849
050,04,005,"Arizona","Coconino County",3,40,1737,891,846
050,04,005,"Arizona","Coconino County",3,41,1666,842,824
050,04,005,"Arizona","Coconino County",3,42,1539,751,788
050,04,005,"Arizona","Coconino County",3,43,1511,756,755
050,04,005,"Arizona","Coconino County",3,44,1474,741,733
050,04,005,"Arizona","Coconino County",3,45,1495,785,710
050,04,005,"Arizona","Coconino County",3,46,1507,799,708
050,04,005,"Arizona","Coconino County",3,47,1464,787,677
050,04,005,"Arizona","Coconino County",3,48,1408,743,665
050,04,005,"Arizona","Coconino County",3,49,1399,705,694
050,04,005,"Arizona","Coconino County",3,50,1506,764,742
050,04,005,"Arizona","Coconino County",3,51,1474,733,741
050,04,005,"Arizona","Coconino County",3,52,1434,726,708
050,04,005,"Arizona","Coconino County",3,53,1405,711,694
050,04,005,"Arizona","Coconino County",3,54,1396,716,680
050,04,005,"Arizona","Coconino County",3,55,1438,723,715
050,04,005,"Arizona","Coconino County",3,56,1548,781,767
050,04,005,"Arizona","Coconino County",3,57,1572,788,784
050,04,005,"Arizona","Coconino County",3,58,1530,764,766
050,04,005,"Arizona","Coconino County",3,59,1599,768,831
050,04,005,"Arizona","Coconino County",3,60,1726,824,902
050,04,005,"Arizona","Coconino County",3,61,1768,855,913
050,04,005,"Arizona","Coconino County",3,62,1721,842,879
050,04,005,"Arizona","Coconino County",3,63,1628,766,862
050,04,005,"Arizona","Coconino County",3,64,1598,750,848
050,04,005,"Arizona","Coconino County",3,65,1613,789,824
050,04,005,"Arizona","Coconino County",3,66,1618,805,813
050,04,005,"Arizona","Coconino County",3,67,1549,736,813
050,04,005,"Arizona","Coconino County",3,68,1471,710,761
050,04,005,"Arizona","Coconino County",3,69,1391,693,698
050,04,005,"Arizona","Coconino County",3,70,1278,625,653
050,04,005,"Arizona","Coconino County",3,71,1213,626,587
050,04,005,"Arizona","Coconino County",3,72,1154,586,568
050,04,005,"Arizona","Coconino County",3,73,1061,532,529
050,04,005,"Arizona","Coconino County",3,74,1089,571,518
050,04,005,"Arizona","Coconino County",3,75,754,369,385
050,04,005,"Arizona","Coconino County",3,76,687,318,369
050,04,005,"Arizona","Coconino County",3,77,662,301,361
050,04,005,"Arizona","Coconino County",3,78,645,298,347
050,04,005,"Arizona","Coconino County",3,79,535,245,290
050,04,005,"Arizona","Coconino County",3,80,501,210,291
050,04,005,"Arizona","Coconino County",3,81,464,209,255
050,04,005,"Arizona","Coconino County",3,82,397,189,208
050,04,005,"Arizona","Coconino County",3,83,333,155,178
050,04,005,"Arizona","Coconino County",3,84,300,126,174
050,04,005,"Arizona","Coconino County",3,85,1593,651,942
050,04,005,"Arizona","Coconino County",4,0,1323,691,632
050,04,005,"Arizona","Coconino County",4,1,1326,709,617
050,04,005,"Arizona","Coconino County",4,2,1355,710,645
050,04,005,"Arizona","Coconino County",4,3,1365,707,658
050,04,005,"Arizona","Coconino County",4,4,1459,723,736
050,04,005,"Arizona","Coconino County",4,5,1495,748,747
050,04,005,"Arizona","Coconino County",4,6,1504,765,739
050,04,005,"Arizona","Coconino County",4,7,1605,844,761
050,04,005,"Arizona","Coconino County",4,8,1626,838,788
050,04,005,"Arizona","Coconino County",4,9,1605,800,805
050,04,005,"Arizona","Coconino County",4,10,1624,821,803
050,04,005,"Arizona","Coconino County",4,11,1611,846,765
050,04,005,"Arizona","Coconino County",4,12,1613,815,798
050,04,005,"Arizona","Coconino County",4,13,1710,874,836
050,04,005,"Arizona","Coconino County",4,14,1785,920,865
050,04,005,"Arizona","Coconino County",4,15,1785,921,864
050,04,005,"Arizona","Coconino County",4,16,1743,896,847
050,04,005,"Arizona","Coconino County",4,17,1759,875,884
050,04,005,"Arizona","Coconino County",4,18,3369,1501,1868
050,04,005,"Arizona","Coconino County",4,19,4822,2126,2696
050,04,005,"Arizona","Coconino County",4,20,4408,1945,2463
050,04,005,"Arizona","Coconino County",4,21,4550,2014,2536
050,04,005,"Arizona","Coconino County",4,22,4403,2068,2335
050,04,005,"Arizona","Coconino County",4,23,3260,1580,1680
050,04,005,"Arizona","Coconino County",4,24,2654,1357,1297
050,04,005,"Arizona","Coconino County",4,25,2427,1260,1167
050,04,005,"Arizona","Coconino County",4,26,2099,1102,997
050,04,005,"Arizona","Coconino County",4,27,1923,962,961
050,04,005,"Arizona","Coconino County",4,28,1938,986,952
050,04,005,"Arizona","Coconino County",4,29,2010,1047,963
050,04,005,"Arizona","Coconino County",4,30,2082,1072,1010
050,04,005,"Arizona","Coconino County",4,31,2047,1069,978
050,04,005,"Arizona","Coconino County",4,32,1955,991,964
050,04,005,"Arizona","Coconino County",4,33,1913,991,922
050,04,005,"Arizona","Coconino County",4,34,1822,916,906
050,04,005,"Arizona","Coconino County",4,35,1770,886,884
050,04,005,"Arizona","Coconino County",4,36,1734,886,848
050,04,005,"Arizona","Coconino County",4,37,1782,930,852
050,04,005,"Arizona","Coconino County",4,38,1700,882,818
050,04,005,"Arizona","Coconino County",4,39,1751,909,842
050,04,005,"Arizona","Coconino County",4,40,1699,877,822
050,04,005,"Arizona","Coconino County",4,41,1728,890,838
050,04,005,"Arizona","Coconino County",4,42,1689,851,838
050,04,005,"Arizona","Coconino County",4,43,1546,764,782
050,04,005,"Arizona","Coconino County",4,44,1484,764,720
050,04,005,"Arizona","Coconino County",4,45,1503,758,745
050,04,005,"Arizona","Coconino County",4,46,1480,771,709
050,04,005,"Arizona","Coconino County",4,47,1504,788,716
050,04,005,"Arizona","Coconino County",4,48,1471,776,695
050,04,005,"Arizona","Coconino County",4,49,1396,742,654
050,04,005,"Arizona","Coconino County",4,50,1381,705,676
050,04,005,"Arizona","Coconino County",4,51,1512,758,754
050,04,005,"Arizona","Coconino County",4,52,1477,752,725
050,04,005,"Arizona","Coconino County",4,53,1448,728,720
050,04,005,"Arizona","Coconino County",4,54,1384,693,691
050,04,005,"Arizona","Coconino County",4,55,1396,718,678
050,04,005,"Arizona","Coconino County",4,56,1436,734,702
050,04,005,"Arizona","Coconino County",4,57,1533,768,765
050,04,005,"Arizona","Coconino County",4,58,1609,808,801
050,04,005,"Arizona","Coconino County",4,59,1539,768,771
050,04,005,"Arizona","Coconino County",4,60,1561,751,810
050,04,005,"Arizona","Coconino County",4,61,1672,801,871
050,04,005,"Arizona","Coconino County",4,62,1745,851,894
050,04,005,"Arizona","Coconino County",4,63,1699,831,868
050,04,005,"Arizona","Coconino County",4,64,1642,780,862
050,04,005,"Arizona","Coconino County",4,65,1579,738,841
050,04,005,"Arizona","Coconino County",4,66,1593,773,820
050,04,005,"Arizona","Coconino County",4,67,1601,786,815
050,04,005,"Arizona","Coconino County",4,68,1502,707,795
050,04,005,"Arizona","Coconino County",4,69,1429,691,738
050,04,005,"Arizona","Coconino County",4,70,1357,669,688
050,04,005,"Arizona","Coconino County",4,71,1238,602,636
050,04,005,"Arizona","Coconino County",4,72,1167,604,563
050,04,005,"Arizona","Coconino County",4,73,1132,572,560
050,04,005,"Arizona","Coconino County",4,74,1004,506,498
050,04,005,"Arizona","Coconino County",4,75,1059,552,507
050,04,005,"Arizona","Coconino County",4,76,714,351,363
050,04,005,"Arizona","Coconino County",4,77,649,297,352
050,04,005,"Arizona","Coconino County",4,78,648,287,361
050,04,005,"Arizona","Coconino County",4,79,590,274,316
050,04,005,"Arizona","Coconino County",4,80,506,230,276
050,04,005,"Arizona","Coconino County",4,81,468,198,270
050,04,005,"Arizona","Coconino County",4,82,445,196,249
050,04,005,"Arizona","Coconino County",4,83,375,177,198
050,04,005,"Arizona","Coconino County",4,84,294,134,160
050,04,005,"Arizona","Coconino County",4,85,1627,665,962
050,04,005,"Arizona","Coconino County",5,0,1316,688,628
050,04,005,"Arizona","Coconino County",5,1,1311,682,629
050,04,005,"Arizona","Coconino County",5,2,1273,694,579
050,04,005,"Arizona","Coconino County",5,3,1334,696,638
050,04,005,"Arizona","Coconino County",5,4,1345,696,649
050,04,005,"Arizona","Coconino County",5,5,1473,737,736
050,04,005,"Arizona","Coconino County",5,6,1495,764,731
050,04,005,"Arizona","Coconino County",5,7,1521,766,755
050,04,005,"Arizona","Coconino County",5,8,1571,829,742
050,04,005,"Arizona","Coconino County",5,9,1589,822,767
050,04,005,"Arizona","Coconino County",5,10,1596,790,806
050,04,005,"Arizona","Coconino County",5,11,1593,801,792
050,04,005,"Arizona","Coconino County",5,12,1601,838,763
050,04,005,"Arizona","Coconino County",5,13,1599,816,783
050,04,005,"Arizona","Coconino County",5,14,1695,868,827
050,04,005,"Arizona","Coconino County",5,15,1751,912,839
050,04,005,"Arizona","Coconino County",5,16,1776,920,856
050,04,005,"Arizona","Coconino County",5,17,1768,876,892
050,04,005,"Arizona","Coconino County",5,18,3564,1565,1999
050,04,005,"Arizona","Coconino County",5,19,5222,2287,2935
050,04,005,"Arizona","Coconino County",5,20,4495,1961,2534
050,04,005,"Arizona","Coconino County",5,21,4593,2008,2585
050,04,005,"Arizona","Coconino County",5,22,4395,2122,2273
050,04,005,"Arizona","Coconino County",5,23,3496,1713,1783
050,04,005,"Arizona","Coconino County",5,24,2631,1322,1309
050,04,005,"Arizona","Coconino County",5,25,2384,1235,1149
050,04,005,"Arizona","Coconino County",5,26,2149,1095,1054
050,04,005,"Arizona","Coconino County",5,27,1918,1017,901
050,04,005,"Arizona","Coconino County",5,28,1885,972,913
050,04,005,"Arizona","Coconino County",5,29,1886,955,931
050,04,005,"Arizona","Coconino County",5,30,1887,964,923
050,04,005,"Arizona","Coconino County",5,31,2003,1039,964
050,04,005,"Arizona","Coconino County",5,32,2011,1021,990
050,04,005,"Arizona","Coconino County",5,33,1940,986,954
050,04,005,"Arizona","Coconino County",5,34,1879,992,887
050,04,005,"Arizona","Coconino County",5,35,1759,890,869
050,04,005,"Arizona","Coconino County",5,36,1755,883,872
050,04,005,"Arizona","Coconino County",5,37,1736,896,840
050,04,005,"Arizona","Coconino County",5,38,1749,898,851
050,04,005,"Arizona","Coconino County",5,39,1675,867,808
050,04,005,"Arizona","Coconino County",5,40,1711,898,813
050,04,005,"Arizona","Coconino County",5,41,1660,854,806
050,04,005,"Arizona","Coconino County",5,42,1698,872,826
050,04,005,"Arizona","Coconino County",5,43,1722,869,853
050,04,005,"Arizona","Coconino County",5,44,1526,752,774
050,04,005,"Arizona","Coconino County",5,45,1459,744,715
050,04,005,"Arizona","Coconino County",5,46,1478,755,723
050,04,005,"Arizona","Coconino County",5,47,1436,740,696
050,04,005,"Arizona","Coconino County",5,48,1505,772,733
050,04,005,"Arizona","Coconino County",5,49,1454,776,678
050,04,005,"Arizona","Coconino County",5,50,1386,735,651
050,04,005,"Arizona","Coconino County",5,51,1343,682,661
050,04,005,"Arizona","Coconino County",5,52,1499,761,738
050,04,005,"Arizona","Coconino County",5,53,1454,749,705
050,04,005,"Arizona","Coconino County",5,54,1415,717,698
050,04,005,"Arizona","Coconino County",5,55,1376,693,683
050,04,005,"Arizona","Coconino County",5,56,1404,727,677
050,04,005,"Arizona","Coconino County",5,57,1407,697,710
050,04,005,"Arizona","Coconino County",5,58,1562,778,784
050,04,005,"Arizona","Coconino County",5,59,1605,806,799
050,04,005,"Arizona","Coconino County",5,60,1472,738,734
050,04,005,"Arizona","Coconino County",5,61,1562,748,814
050,04,005,"Arizona","Coconino County",5,62,1669,801,868
050,04,005,"Arizona","Coconino County",5,63,1700,824,876
050,04,005,"Arizona","Coconino County",5,64,1672,823,849
050,04,005,"Arizona","Coconino County",5,65,1590,758,832
050,04,005,"Arizona","Coconino County",5,66,1551,726,825
050,04,005,"Arizona","Coconino County",5,67,1567,744,823
050,04,005,"Arizona","Coconino County",5,68,1569,782,787
050,04,005,"Arizona","Coconino County",5,69,1474,690,784
050,04,005,"Arizona","Coconino County",5,70,1397,671,726
050,04,005,"Arizona","Coconino County",5,71,1315,650,665
050,04,005,"Arizona","Coconino County",5,72,1196,585,611
050,04,005,"Arizona","Coconino County",5,73,1138,589,549
050,04,005,"Arizona","Coconino County",5,74,1079,543,536
050,04,005,"Arizona","Coconino County",5,75,986,492,494
050,04,005,"Arizona","Coconino County",5,76,1014,530,484
050,04,005,"Arizona","Coconino County",5,77,687,326,361
050,04,005,"Arizona","Coconino County",5,78,621,280,341
050,04,005,"Arizona","Coconino County",5,79,599,271,328
050,04,005,"Arizona","Coconino County",5,80,567,265,302
050,04,005,"Arizona","Coconino County",5,81,464,216,248
050,04,005,"Arizona","Coconino County",5,82,441,183,258
050,04,005,"Arizona","Coconino County",5,83,416,182,234
050,04,005,"Arizona","Coconino County",5,84,336,158,178
050,04,005,"Arizona","Coconino County",5,85,1671,683,988
050,04,007,"Arizona","Gila County",1,0,469,237,232
050,04,007,"Arizona","Gila County",1,1,467,241,226
050,04,007,"Arizona","Gila County",1,2,498,259,239
050,04,007,"Arizona","Gila County",1,3,568,271,297
050,04,007,"Arizona","Gila County",1,4,583,304,279
050,04,007,"Arizona","Gila County",1,5,635,321,314
050,04,007,"Arizona","Gila County",1,6,625,333,292
050,04,007,"Arizona","Gila County",1,7,603,315,288
050,04,007,"Arizona","Gila County",1,8,594,316,278
050,04,007,"Arizona","Gila County",1,9,595,309,286
050,04,007,"Arizona","Gila County",1,10,620,319,301
050,04,007,"Arizona","Gila County",1,11,625,331,294
050,04,007,"Arizona","Gila County",1,12,613,312,301
050,04,007,"Arizona","Gila County",1,13,634,321,313
050,04,007,"Arizona","Gila County",1,14,578,304,274
050,04,007,"Arizona","Gila County",1,15,562,294,268
050,04,007,"Arizona","Gila County",1,16,579,298,281
050,04,007,"Arizona","Gila County",1,17,556,268,288
050,04,007,"Arizona","Gila County",1,18,509,266,243
050,04,007,"Arizona","Gila County",1,19,448,241,207
050,04,007,"Arizona","Gila County",1,20,435,225,210
050,04,007,"Arizona","Gila County",1,21,463,245,218
050,04,007,"Arizona","Gila County",1,22,460,235,225
050,04,007,"Arizona","Gila County",1,23,453,232,221
050,04,007,"Arizona","Gila County",1,24,470,245,225
050,04,007,"Arizona","Gila County",1,25,491,257,234
050,04,007,"Arizona","Gila County",1,26,527,263,264
050,04,007,"Arizona","Gila County",1,27,546,264,282
050,04,007,"Arizona","Gila County",1,28,524,279,245
050,04,007,"Arizona","Gila County",1,29,562,274,288
050,04,007,"Arizona","Gila County",1,30,575,291,284
050,04,007,"Arizona","Gila County",1,31,497,243,254
050,04,007,"Arizona","Gila County",1,32,526,242,284
050,04,007,"Arizona","Gila County",1,33,505,255,250
050,04,007,"Arizona","Gila County",1,34,522,269,253
050,04,007,"Arizona","Gila County",1,35,536,288,248
050,04,007,"Arizona","Gila County",1,36,521,282,239
050,04,007,"Arizona","Gila County",1,37,527,284,243
050,04,007,"Arizona","Gila County",1,38,512,279,233
050,04,007,"Arizona","Gila County",1,39,508,244,264
050,04,007,"Arizona","Gila County",1,40,493,261,232
050,04,007,"Arizona","Gila County",1,41,439,244,195
050,04,007,"Arizona","Gila County",1,42,446,216,230
050,04,007,"Arizona","Gila County",1,43,420,202,218
050,04,007,"Arizona","Gila County",1,44,418,185,233
050,04,007,"Arizona","Gila County",1,45,414,199,215
050,04,007,"Arizona","Gila County",1,46,443,230,213
050,04,007,"Arizona","Gila County",1,47,476,251,225
050,04,007,"Arizona","Gila County",1,48,474,245,229
050,04,007,"Arizona","Gila County",1,49,580,309,271
050,04,007,"Arizona","Gila County",1,50,567,294,273
050,04,007,"Arizona","Gila County",1,51,548,265,283
050,04,007,"Arizona","Gila County",1,52,561,272,289
050,04,007,"Arizona","Gila County",1,53,580,274,306
050,04,007,"Arizona","Gila County",1,54,635,294,341
050,04,007,"Arizona","Gila County",1,55,697,336,361
050,04,007,"Arizona","Gila County",1,56,696,347,349
050,04,007,"Arizona","Gila County",1,57,747,367,380
050,04,007,"Arizona","Gila County",1,58,810,384,426
050,04,007,"Arizona","Gila County",1,59,858,429,429
050,04,007,"Arizona","Gila County",1,60,850,395,455
050,04,007,"Arizona","Gila County",1,61,906,420,486
050,04,007,"Arizona","Gila County",1,62,995,486,509
050,04,007,"Arizona","Gila County",1,63,1008,474,534
050,04,007,"Arizona","Gila County",1,64,941,453,488
050,04,007,"Arizona","Gila County",1,65,957,463,494
050,04,007,"Arizona","Gila County",1,66,966,475,491
050,04,007,"Arizona","Gila County",1,67,991,496,495
050,04,007,"Arizona","Gila County",1,68,966,483,483
050,04,007,"Arizona","Gila County",1,69,905,453,452
050,04,007,"Arizona","Gila County",1,70,932,461,471
050,04,007,"Arizona","Gila County",1,71,934,471,463
050,04,007,"Arizona","Gila County",1,72,965,485,480
050,04,007,"Arizona","Gila County",1,73,995,508,487
050,04,007,"Arizona","Gila County",1,74,684,342,342
050,04,007,"Arizona","Gila County",1,75,687,345,342
050,04,007,"Arizona","Gila County",1,76,684,340,344
050,04,007,"Arizona","Gila County",1,77,657,333,324
050,04,007,"Arizona","Gila County",1,78,595,298,297
050,04,007,"Arizona","Gila County",1,79,506,246,260
050,04,007,"Arizona","Gila County",1,80,461,229,232
050,04,007,"Arizona","Gila County",1,81,400,200,200
050,04,007,"Arizona","Gila County",1,82,379,186,193
050,04,007,"Arizona","Gila County",1,83,327,158,169
050,04,007,"Arizona","Gila County",1,84,291,146,145
050,04,007,"Arizona","Gila County",1,85,1466,633,833
050,04,007,"Arizona","Gila County",2,0,461,237,224
050,04,007,"Arizona","Gila County",2,1,465,238,227
050,04,007,"Arizona","Gila County",2,2,487,252,235
050,04,007,"Arizona","Gila County",2,3,555,271,284
050,04,007,"Arizona","Gila County",2,4,584,297,287
050,04,007,"Arizona","Gila County",2,5,619,316,303
050,04,007,"Arizona","Gila County",2,6,628,331,297
050,04,007,"Arizona","Gila County",2,7,610,321,289
050,04,007,"Arizona","Gila County",2,8,594,313,281
050,04,007,"Arizona","Gila County",2,9,596,313,283
050,04,007,"Arizona","Gila County",2,10,615,319,296
050,04,007,"Arizona","Gila County",2,11,621,327,294
050,04,007,"Arizona","Gila County",2,12,620,320,300
050,04,007,"Arizona","Gila County",2,13,624,319,305
050,04,007,"Arizona","Gila County",2,14,589,309,280
050,04,007,"Arizona","Gila County",2,15,567,297,270
050,04,007,"Arizona","Gila County",2,16,573,297,276
050,04,007,"Arizona","Gila County",2,17,556,273,283
050,04,007,"Arizona","Gila County",2,18,506,262,244
050,04,007,"Arizona","Gila County",2,19,445,238,207
050,04,007,"Arizona","Gila County",2,20,442,232,210
050,04,007,"Arizona","Gila County",2,21,456,239,217
050,04,007,"Arizona","Gila County",2,22,468,239,229
050,04,007,"Arizona","Gila County",2,23,460,236,224
050,04,007,"Arizona","Gila County",2,24,466,242,224
050,04,007,"Arizona","Gila County",2,25,485,254,231
050,04,007,"Arizona","Gila County",2,26,519,264,255
050,04,007,"Arizona","Gila County",2,27,541,263,278
050,04,007,"Arizona","Gila County",2,28,535,281,254
050,04,007,"Arizona","Gila County",2,29,555,279,276
050,04,007,"Arizona","Gila County",2,30,581,292,289
050,04,007,"Arizona","Gila County",2,31,514,253,261
050,04,007,"Arizona","Gila County",2,32,521,242,279
050,04,007,"Arizona","Gila County",2,33,512,252,260
050,04,007,"Arizona","Gila County",2,34,524,268,256
050,04,007,"Arizona","Gila County",2,35,537,287,250
050,04,007,"Arizona","Gila County",2,36,522,281,241
050,04,007,"Arizona","Gila County",2,37,527,287,240
050,04,007,"Arizona","Gila County",2,38,521,283,238
050,04,007,"Arizona","Gila County",2,39,504,248,256
050,04,007,"Arizona","Gila County",2,40,502,261,241
050,04,007,"Arizona","Gila County",2,41,446,244,202
050,04,007,"Arizona","Gila County",2,42,444,223,221
050,04,007,"Arizona","Gila County",2,43,434,210,224
050,04,007,"Arizona","Gila County",2,44,412,186,226
050,04,007,"Arizona","Gila County",2,45,417,196,221
050,04,007,"Arizona","Gila County",2,46,437,224,213
050,04,007,"Arizona","Gila County",2,47,466,246,220
050,04,007,"Arizona","Gila County",2,48,474,247,227
050,04,007,"Arizona","Gila County",2,49,557,296,261
050,04,007,"Arizona","Gila County",2,50,570,296,274
050,04,007,"Arizona","Gila County",2,51,557,276,281
050,04,007,"Arizona","Gila County",2,52,558,270,288
050,04,007,"Arizona","Gila County",2,53,583,275,308
050,04,007,"Arizona","Gila County",2,54,628,293,335
050,04,007,"Arizona","Gila County",2,55,689,330,359
050,04,007,"Arizona","Gila County",2,56,705,349,356
050,04,007,"Arizona","Gila County",2,57,739,366,373
050,04,007,"Arizona","Gila County",2,58,802,383,419
050,04,007,"Arizona","Gila County",2,59,856,418,438
050,04,007,"Arizona","Gila County",2,60,858,404,454
050,04,007,"Arizona","Gila County",2,61,904,424,480
050,04,007,"Arizona","Gila County",2,62,984,475,509
050,04,007,"Arizona","Gila County",2,63,1024,486,538
050,04,007,"Arizona","Gila County",2,64,959,459,500
050,04,007,"Arizona","Gila County",2,65,961,464,497
050,04,007,"Arizona","Gila County",2,66,973,477,496
050,04,007,"Arizona","Gila County",2,67,990,494,496
050,04,007,"Arizona","Gila County",2,68,970,487,483
050,04,007,"Arizona","Gila County",2,69,929,464,465
050,04,007,"Arizona","Gila County",2,70,921,455,466
050,04,007,"Arizona","Gila County",2,71,931,467,464
050,04,007,"Arizona","Gila County",2,72,941,473,468
050,04,007,"Arizona","Gila County",2,73,1028,523,505
050,04,007,"Arizona","Gila County",2,74,715,358,357
050,04,007,"Arizona","Gila County",2,75,683,344,339
050,04,007,"Arizona","Gila County",2,76,676,335,341
050,04,007,"Arizona","Gila County",2,77,679,343,336
050,04,007,"Arizona","Gila County",2,78,594,299,295
050,04,007,"Arizona","Gila County",2,79,515,254,261
050,04,007,"Arizona","Gila County",2,80,459,224,235
050,04,007,"Arizona","Gila County",2,81,410,206,204
050,04,007,"Arizona","Gila County",2,82,379,182,197
050,04,007,"Arizona","Gila County",2,83,325,160,165
050,04,007,"Arizona","Gila County",2,84,290,145,145
050,04,007,"Arizona","Gila County",2,85,1472,639,833
050,04,007,"Arizona","Gila County",3,0,439,217,222
050,04,007,"Arizona","Gila County",3,1,445,233,212
050,04,007,"Arizona","Gila County",3,2,469,236,233
050,04,007,"Arizona","Gila County",3,3,471,247,224
050,04,007,"Arizona","Gila County",3,4,570,273,297
050,04,007,"Arizona","Gila County",3,5,560,288,272
050,04,007,"Arizona","Gila County",3,6,633,329,304
050,04,007,"Arizona","Gila County",3,7,620,322,298
050,04,007,"Arizona","Gila County",3,8,607,318,289
050,04,007,"Arizona","Gila County",3,9,579,308,271
050,04,007,"Arizona","Gila County",3,10,595,309,286
050,04,007,"Arizona","Gila County",3,11,632,320,312
050,04,007,"Arizona","Gila County",3,12,626,332,294
050,04,007,"Arizona","Gila County",3,13,623,327,296
050,04,007,"Arizona","Gila County",3,14,613,316,297
050,04,007,"Arizona","Gila County",3,15,598,313,285
050,04,007,"Arizona","Gila County",3,16,567,296,271
050,04,007,"Arizona","Gila County",3,17,583,303,280
050,04,007,"Arizona","Gila County",3,18,517,260,257
050,04,007,"Arizona","Gila County",3,19,440,235,205
050,04,007,"Arizona","Gila County",3,20,456,244,212
050,04,007,"Arizona","Gila County",3,21,464,240,224
050,04,007,"Arizona","Gila County",3,22,471,244,227
050,04,007,"Arizona","Gila County",3,23,470,243,227
050,04,007,"Arizona","Gila County",3,24,443,229,214
050,04,007,"Arizona","Gila County",3,25,463,247,216
050,04,007,"Arizona","Gila County",3,26,494,265,229
050,04,007,"Arizona","Gila County",3,27,537,271,266
050,04,007,"Arizona","Gila County",3,28,525,257,268
050,04,007,"Arizona","Gila County",3,29,502,259,243
050,04,007,"Arizona","Gila County",3,30,549,270,279
050,04,007,"Arizona","Gila County",3,31,583,285,298
050,04,007,"Arizona","Gila County",3,32,536,257,279
050,04,007,"Arizona","Gila County",3,33,529,244,285
050,04,007,"Arizona","Gila County",3,34,509,255,254
050,04,007,"Arizona","Gila County",3,35,532,271,261
050,04,007,"Arizona","Gila County",3,36,537,278,259
050,04,007,"Arizona","Gila County",3,37,522,285,237
050,04,007,"Arizona","Gila County",3,38,536,289,247
050,04,007,"Arizona","Gila County",3,39,504,262,242
050,04,007,"Arizona","Gila County",3,40,524,259,265
050,04,007,"Arizona","Gila County",3,41,481,239,242
050,04,007,"Arizona","Gila County",3,42,446,245,201
050,04,007,"Arizona","Gila County",3,43,469,247,222
050,04,007,"Arizona","Gila County",3,44,438,217,221
050,04,007,"Arizona","Gila County",3,45,418,184,234
050,04,007,"Arizona","Gila County",3,46,429,201,228
050,04,007,"Arizona","Gila County",3,47,462,241,221
050,04,007,"Arizona","Gila County",3,48,470,243,227
050,04,007,"Arizona","Gila County",3,49,487,259,228
050,04,007,"Arizona","Gila County",3,50,560,292,268
050,04,007,"Arizona","Gila County",3,51,594,300,294
050,04,007,"Arizona","Gila County",3,52,578,288,290
050,04,007,"Arizona","Gila County",3,53,575,277,298
050,04,007,"Arizona","Gila County",3,54,590,272,318
050,04,007,"Arizona","Gila County",3,55,643,298,345
050,04,007,"Arizona","Gila County",3,56,690,327,363
050,04,007,"Arizona","Gila County",3,57,739,366,373
050,04,007,"Arizona","Gila County",3,58,773,380,393
050,04,007,"Arizona","Gila County",3,59,838,403,435
050,04,007,"Arizona","Gila County",3,60,886,430,456
050,04,007,"Arizona","Gila County",3,61,901,425,476
050,04,007,"Arizona","Gila County",3,62,934,434,500
050,04,007,"Arizona","Gila County",3,63,1002,485,517
050,04,007,"Arizona","Gila County",3,64,1060,494,566
050,04,007,"Arizona","Gila County",3,65,984,466,518
050,04,007,"Arizona","Gila County",3,66,974,479,495
050,04,007,"Arizona","Gila County",3,67,994,482,512
050,04,007,"Arizona","Gila County",3,68,1010,513,497
050,04,007,"Arizona","Gila County",3,69,971,486,485
050,04,007,"Arizona","Gila County",3,70,913,455,458
050,04,007,"Arizona","Gila County",3,71,916,451,465
050,04,007,"Arizona","Gila County",3,72,914,457,457
050,04,007,"Arizona","Gila County",3,73,914,452,462
050,04,007,"Arizona","Gila County",3,74,1006,505,501
050,04,007,"Arizona","Gila County",3,75,704,351,353
050,04,007,"Arizona","Gila County",3,76,656,330,326
050,04,007,"Arizona","Gila County",3,77,647,318,329
050,04,007,"Arizona","Gila County",3,78,635,326,309
050,04,007,"Arizona","Gila County",3,79,548,269,279
050,04,007,"Arizona","Gila County",3,80,476,234,242
050,04,007,"Arizona","Gila County",3,81,422,204,218
050,04,007,"Arizona","Gila County",3,82,384,194,190
050,04,007,"Arizona","Gila County",3,83,335,166,169
050,04,007,"Arizona","Gila County",3,84,300,145,155
050,04,007,"Arizona","Gila County",3,85,1510,670,840
050,04,007,"Arizona","Gila County",4,0,451,222,229
050,04,007,"Arizona","Gila County",4,1,450,229,221
050,04,007,"Arizona","Gila County",4,2,447,234,213
050,04,007,"Arizona","Gila County",4,3,456,226,230
050,04,007,"Arizona","Gila County",4,4,491,259,232
050,04,007,"Arizona","Gila County",4,5,563,265,298
050,04,007,"Arizona","Gila County",4,6,595,310,285
050,04,007,"Arizona","Gila County",4,7,652,335,317
050,04,007,"Arizona","Gila County",4,8,633,328,305
050,04,007,"Arizona","Gila County",4,9,608,315,293
050,04,007,"Arizona","Gila County",4,10,579,307,272
050,04,007,"Arizona","Gila County",4,11,593,311,282
050,04,007,"Arizona","Gila County",4,12,624,313,311
050,04,007,"Arizona","Gila County",4,13,621,333,288
050,04,007,"Arizona","Gila County",4,14,633,332,301
050,04,007,"Arizona","Gila County",4,15,615,318,297
050,04,007,"Arizona","Gila County",4,16,594,306,288
050,04,007,"Arizona","Gila County",4,17,579,297,282
050,04,007,"Arizona","Gila County",4,18,541,292,249
050,04,007,"Arizona","Gila County",4,19,442,227,215
050,04,007,"Arizona","Gila County",4,20,426,220,206
050,04,007,"Arizona","Gila County",4,21,460,247,213
050,04,007,"Arizona","Gila County",4,22,496,260,236
050,04,007,"Arizona","Gila County",4,23,499,250,249
050,04,007,"Arizona","Gila County",4,24,485,246,239
050,04,007,"Arizona","Gila County",4,25,446,231,215
050,04,007,"Arizona","Gila County",4,26,472,244,228
050,04,007,"Arizona","Gila County",4,27,502,252,250
050,04,007,"Arizona","Gila County",4,28,534,269,265
050,04,007,"Arizona","Gila County",4,29,515,248,267
050,04,007,"Arizona","Gila County",4,30,537,275,262
050,04,007,"Arizona","Gila County",4,31,568,284,284
050,04,007,"Arizona","Gila County",4,32,600,303,297
050,04,007,"Arizona","Gila County",4,33,545,254,291
050,04,007,"Arizona","Gila County",4,34,536,246,290
050,04,007,"Arizona","Gila County",4,35,522,267,255
050,04,007,"Arizona","Gila County",4,36,548,276,272
050,04,007,"Arizona","Gila County",4,37,536,273,263
050,04,007,"Arizona","Gila County",4,38,526,285,241
050,04,007,"Arizona","Gila County",4,39,525,288,237
050,04,007,"Arizona","Gila County",4,40,511,268,243
050,04,007,"Arizona","Gila County",4,41,507,248,259
050,04,007,"Arizona","Gila County",4,42,494,244,250
050,04,007,"Arizona","Gila County",4,43,454,251,203
050,04,007,"Arizona","Gila County",4,44,471,254,217
050,04,007,"Arizona","Gila County",4,45,442,217,225
050,04,007,"Arizona","Gila County",4,46,434,200,234
050,04,007,"Arizona","Gila County",4,47,437,205,232
050,04,007,"Arizona","Gila County",4,48,465,238,227
050,04,007,"Arizona","Gila County",4,49,475,248,227
050,04,007,"Arizona","Gila County",4,50,481,249,232
050,04,007,"Arizona","Gila County",4,51,567,297,270
050,04,007,"Arizona","Gila County",4,52,603,301,302
050,04,007,"Arizona","Gila County",4,53,619,315,304
050,04,007,"Arizona","Gila County",4,54,578,278,300
050,04,007,"Arizona","Gila County",4,55,606,287,319
050,04,007,"Arizona","Gila County",4,56,668,306,362
050,04,007,"Arizona","Gila County",4,57,707,329,378
050,04,007,"Arizona","Gila County",4,58,770,372,398
050,04,007,"Arizona","Gila County",4,59,806,396,410
050,04,007,"Arizona","Gila County",4,60,852,414,438
050,04,007,"Arizona","Gila County",4,61,911,447,464
050,04,007,"Arizona","Gila County",4,62,930,441,489
050,04,007,"Arizona","Gila County",4,63,961,456,505
050,04,007,"Arizona","Gila County",4,64,1032,486,546
050,04,007,"Arizona","Gila County",4,65,1088,507,581
050,04,007,"Arizona","Gila County",4,66,1008,484,524
050,04,007,"Arizona","Gila County",4,67,1006,488,518
050,04,007,"Arizona","Gila County",4,68,1024,499,525
050,04,007,"Arizona","Gila County",4,69,1006,511,495
050,04,007,"Arizona","Gila County",4,70,981,503,478
050,04,007,"Arizona","Gila County",4,71,916,455,461
050,04,007,"Arizona","Gila County",4,72,892,437,455
050,04,007,"Arizona","Gila County",4,73,890,438,452
050,04,007,"Arizona","Gila County",4,74,896,445,451
050,04,007,"Arizona","Gila County",4,75,955,470,485
050,04,007,"Arizona","Gila County",4,76,672,336,336
050,04,007,"Arizona","Gila County",4,77,621,309,312
050,04,007,"Arizona","Gila County",4,78,605,302,303
050,04,007,"Arizona","Gila County",4,79,613,308,305
050,04,007,"Arizona","Gila County",4,80,518,255,263
050,04,007,"Arizona","Gila County",4,81,439,219,220
050,04,007,"Arizona","Gila County",4,82,397,192,205
050,04,007,"Arizona","Gila County",4,83,344,180,164
050,04,007,"Arizona","Gila County",4,84,297,146,151
050,04,007,"Arizona","Gila County",4,85,1528,679,849
050,04,007,"Arizona","Gila County",5,0,445,220,225
050,04,007,"Arizona","Gila County",5,1,473,246,227
050,04,007,"Arizona","Gila County",5,2,426,216,210
050,04,007,"Arizona","Gila County",5,3,455,235,220
050,04,007,"Arizona","Gila County",5,4,463,238,225
050,04,007,"Arizona","Gila County",5,5,482,254,228
050,04,007,"Arizona","Gila County",5,6,580,273,307
050,04,007,"Arizona","Gila County",5,7,594,316,278
050,04,007,"Arizona","Gila County",5,8,657,330,327
050,04,007,"Arizona","Gila County",5,9,637,326,311
050,04,007,"Arizona","Gila County",5,10,606,311,295
050,04,007,"Arizona","Gila County",5,11,571,295,276
050,04,007,"Arizona","Gila County",5,12,602,318,284
050,04,007,"Arizona","Gila County",5,13,602,311,291
050,04,007,"Arizona","Gila County",5,14,617,334,283
050,04,007,"Arizona","Gila County",5,15,627,332,295
050,04,007,"Arizona","Gila County",5,16,619,322,297
050,04,007,"Arizona","Gila County",5,17,579,303,276
050,04,007,"Arizona","Gila County",5,18,509,260,249
050,04,007,"Arizona","Gila County",5,19,470,259,211
050,04,007,"Arizona","Gila County",5,20,460,235,225
050,04,007,"Arizona","Gila County",5,21,464,240,224
050,04,007,"Arizona","Gila County",5,22,469,254,215
050,04,007,"Arizona","Gila County",5,23,529,287,242
050,04,007,"Arizona","Gila County",5,24,518,254,264
050,04,007,"Arizona","Gila County",5,25,496,264,232
050,04,007,"Arizona","Gila County",5,26,457,239,218
050,04,007,"Arizona","Gila County",5,27,461,231,230
050,04,007,"Arizona","Gila County",5,28,524,271,253
050,04,007,"Arizona","Gila County",5,29,532,269,263
050,04,007,"Arizona","Gila County",5,30,532,258,274
050,04,007,"Arizona","Gila County",5,31,527,272,255
050,04,007,"Arizona","Gila County",5,32,580,291,289
050,04,007,"Arizona","Gila County",5,33,616,309,307
050,04,007,"Arizona","Gila County",5,34,554,248,306
050,04,007,"Arizona","Gila County",5,35,548,253,295
050,04,007,"Arizona","Gila County",5,36,524,262,262
050,04,007,"Arizona","Gila County",5,37,554,287,267
050,04,007,"Arizona","Gila County",5,38,550,291,259
050,04,007,"Arizona","Gila County",5,39,519,270,249
050,04,007,"Arizona","Gila County",5,40,537,300,237
050,04,007,"Arizona","Gila County",5,41,503,261,242
050,04,007,"Arizona","Gila County",5,42,508,264,244
050,04,007,"Arizona","Gila County",5,43,505,255,250
050,04,007,"Arizona","Gila County",5,44,456,241,215
050,04,007,"Arizona","Gila County",5,45,482,259,223
050,04,007,"Arizona","Gila County",5,46,465,225,240
050,04,007,"Arizona","Gila County",5,47,449,205,244
050,04,007,"Arizona","Gila County",5,48,455,215,240
050,04,007,"Arizona","Gila County",5,49,465,243,222
050,04,007,"Arizona","Gila County",5,50,485,257,228
050,04,007,"Arizona","Gila County",5,51,499,260,239
050,04,007,"Arizona","Gila County",5,52,566,282,284
050,04,007,"Arizona","Gila County",5,53,636,321,315
050,04,007,"Arizona","Gila County",5,54,614,308,306
050,04,007,"Arizona","Gila County",5,55,606,303,303
050,04,007,"Arizona","Gila County",5,56,618,296,322
050,04,007,"Arizona","Gila County",5,57,665,301,364
050,04,007,"Arizona","Gila County",5,58,721,329,392
050,04,007,"Arizona","Gila County",5,59,789,380,409
050,04,007,"Arizona","Gila County",5,60,819,401,418
050,04,007,"Arizona","Gila County",5,61,873,436,437
050,04,007,"Arizona","Gila County",5,62,918,450,468
050,04,007,"Arizona","Gila County",5,63,919,443,476
050,04,007,"Arizona","Gila County",5,64,975,451,524
050,04,007,"Arizona","Gila County",5,65,1040,476,564
050,04,007,"Arizona","Gila County",5,66,1104,513,591
050,04,007,"Arizona","Gila County",5,67,1023,478,545
050,04,007,"Arizona","Gila County",5,68,984,482,502
050,04,007,"Arizona","Gila County",5,69,1019,494,525
050,04,007,"Arizona","Gila County",5,70,999,512,487
050,04,007,"Arizona","Gila County",5,71,964,498,466
050,04,007,"Arizona","Gila County",5,72,884,436,448
050,04,007,"Arizona","Gila County",5,73,869,414,455
050,04,007,"Arizona","Gila County",5,74,864,427,437
050,04,007,"Arizona","Gila County",5,75,860,424,436
050,04,007,"Arizona","Gila County",5,76,931,458,473
050,04,007,"Arizona","Gila County",5,77,638,313,325
050,04,007,"Arizona","Gila County",5,78,580,294,286
050,04,007,"Arizona","Gila County",5,79,576,280,296
050,04,007,"Arizona","Gila County",5,80,579,296,283
050,04,007,"Arizona","Gila County",5,81,491,236,255
050,04,007,"Arizona","Gila County",5,82,418,212,206
050,04,007,"Arizona","Gila County",5,83,358,176,182
050,04,007,"Arizona","Gila County",5,84,301,158,143
050,04,007,"Arizona","Gila County",5,85,1565,701,864
050,04,009,"Arizona","Graham County",1,0,495,250,245
050,04,009,"Arizona","Graham County",1,1,513,260,253
050,04,009,"Arizona","Graham County",1,2,515,292,223
050,04,009,"Arizona","Graham County",1,3,560,269,291
050,04,009,"Arizona","Graham County",1,4,560,290,270
050,04,009,"Arizona","Graham County",1,5,548,284,264
050,04,009,"Arizona","Graham County",1,6,596,299,297
050,04,009,"Arizona","Graham County",1,7,567,302,265
050,04,009,"Arizona","Graham County",1,8,574,310,264
050,04,009,"Arizona","Graham County",1,9,562,275,287
050,04,009,"Arizona","Graham County",1,10,604,315,289
050,04,009,"Arizona","Graham County",1,11,646,340,306
050,04,009,"Arizona","Graham County",1,12,673,332,341
050,04,009,"Arizona","Graham County",1,13,595,320,275
050,04,009,"Arizona","Graham County",1,14,602,315,287
050,04,009,"Arizona","Graham County",1,15,598,303,295
050,04,009,"Arizona","Graham County",1,16,579,283,296
050,04,009,"Arizona","Graham County",1,17,570,286,284
050,04,009,"Arizona","Graham County",1,18,544,284,260
050,04,009,"Arizona","Graham County",1,19,514,295,219
050,04,009,"Arizona","Graham County",1,20,531,275,256
050,04,009,"Arizona","Graham County",1,21,497,282,215
050,04,009,"Arizona","Graham County",1,22,536,318,218
050,04,009,"Arizona","Graham County",1,23,544,316,228
050,04,009,"Arizona","Graham County",1,24,553,326,227
050,04,009,"Arizona","Graham County",1,25,539,316,223
050,04,009,"Arizona","Graham County",1,26,533,312,221
050,04,009,"Arizona","Graham County",1,27,564,347,217
050,04,009,"Arizona","Graham County",1,28,608,347,261
050,04,009,"Arizona","Graham County",1,29,671,387,284
050,04,009,"Arizona","Graham County",1,30,582,318,264
050,04,009,"Arizona","Graham County",1,31,564,325,239
050,04,009,"Arizona","Graham County",1,32,540,331,209
050,04,009,"Arizona","Graham County",1,33,517,319,198
050,04,009,"Arizona","Graham County",1,34,526,290,236
050,04,009,"Arizona","Graham County",1,35,502,295,207
050,04,009,"Arizona","Graham County",1,36,540,334,206
050,04,009,"Arizona","Graham County",1,37,519,322,197
050,04,009,"Arizona","Graham County",1,38,547,331,216
050,04,009,"Arizona","Graham County",1,39,555,326,229
050,04,009,"Arizona","Graham County",1,40,529,304,225
050,04,009,"Arizona","Graham County",1,41,506,288,218
050,04,009,"Arizona","Graham County",1,42,509,287,222
050,04,009,"Arizona","Graham County",1,43,504,289,215
050,04,009,"Arizona","Graham County",1,44,472,270,202
050,04,009,"Arizona","Graham County",1,45,479,274,205
050,04,009,"Arizona","Graham County",1,46,455,260,195
050,04,009,"Arizona","Graham County",1,47,397,224,173
050,04,009,"Arizona","Graham County",1,48,442,251,191
050,04,009,"Arizona","Graham County",1,49,452,254,198
050,04,009,"Arizona","Graham County",1,50,426,239,187
050,04,009,"Arizona","Graham County",1,51,420,235,185
050,04,009,"Arizona","Graham County",1,52,395,222,173
050,04,009,"Arizona","Graham County",1,53,361,188,173
050,04,009,"Arizona","Graham County",1,54,374,202,172
050,04,009,"Arizona","Graham County",1,55,411,234,177
050,04,009,"Arizona","Graham County",1,56,424,220,204
050,04,009,"Arizona","Graham County",1,57,387,191,196
050,04,009,"Arizona","Graham County",1,58,385,200,185
050,04,009,"Arizona","Graham County",1,59,374,181,193
050,04,009,"Arizona","Graham County",1,60,406,196,210
050,04,009,"Arizona","Graham County",1,61,417,211,206
050,04,009,"Arizona","Graham County",1,62,393,206,187
050,04,009,"Arizona","Graham County",1,63,407,204,203
050,04,009,"Arizona","Graham County",1,64,396,206,190
050,04,009,"Arizona","Graham County",1,65,372,183,189
050,04,009,"Arizona","Graham County",1,66,366,180,186
050,04,009,"Arizona","Graham County",1,67,322,141,181
050,04,009,"Arizona","Graham County",1,68,354,157,197
050,04,009,"Arizona","Graham County",1,69,345,167,178
050,04,009,"Arizona","Graham County",1,70,314,162,152
050,04,009,"Arizona","Graham County",1,71,321,167,154
050,04,009,"Arizona","Graham County",1,72,313,150,163
050,04,009,"Arizona","Graham County",1,73,306,136,170
050,04,009,"Arizona","Graham County",1,74,216,102,114
050,04,009,"Arizona","Graham County",1,75,198,101,97
050,04,009,"Arizona","Graham County",1,76,202,97,105
050,04,009,"Arizona","Graham County",1,77,201,92,109
050,04,009,"Arizona","Graham County",1,78,164,70,94
050,04,009,"Arizona","Graham County",1,79,177,79,98
050,04,009,"Arizona","Graham County",1,80,153,70,83
050,04,009,"Arizona","Graham County",1,81,147,65,82
050,04,009,"Arizona","Graham County",1,82,146,64,82
050,04,009,"Arizona","Graham County",1,83,131,55,76
050,04,009,"Arizona","Graham County",1,84,106,40,66
050,04,009,"Arizona","Graham County",1,85,583,245,338
050,04,009,"Arizona","Graham County",2,0,486,242,244
050,04,009,"Arizona","Graham County",2,1,509,259,250
050,04,009,"Arizona","Graham County",2,2,518,286,232
050,04,009,"Arizona","Graham County",2,3,550,276,274
050,04,009,"Arizona","Graham County",2,4,561,287,274
050,04,009,"Arizona","Graham County",2,5,553,288,265
050,04,009,"Arizona","Graham County",2,6,587,297,290
050,04,009,"Arizona","Graham County",2,7,576,304,272
050,04,009,"Arizona","Graham County",2,8,572,307,265
050,04,009,"Arizona","Graham County",2,9,562,281,281
050,04,009,"Arizona","Graham County",2,10,595,307,288
050,04,009,"Arizona","Graham County",2,11,631,333,298
050,04,009,"Arizona","Graham County",2,12,670,338,332
050,04,009,"Arizona","Graham County",2,13,612,323,289
050,04,009,"Arizona","Graham County",2,14,598,315,283
050,04,009,"Arizona","Graham County",2,15,599,305,294
050,04,009,"Arizona","Graham County",2,16,592,291,301
050,04,009,"Arizona","Graham County",2,17,574,285,289
050,04,009,"Arizona","Graham County",2,18,540,285,255
050,04,009,"Arizona","Graham County",2,19,516,292,224
050,04,009,"Arizona","Graham County",2,20,524,280,244
050,04,009,"Arizona","Graham County",2,21,511,285,226
050,04,009,"Arizona","Graham County",2,22,525,306,219
050,04,009,"Arizona","Graham County",2,23,556,324,232
050,04,009,"Arizona","Graham County",2,24,551,324,227
050,04,009,"Arizona","Graham County",2,25,546,319,227
050,04,009,"Arizona","Graham County",2,26,535,311,224
050,04,009,"Arizona","Graham County",2,27,565,344,221
050,04,009,"Arizona","Graham County",2,28,607,353,254
050,04,009,"Arizona","Graham County",2,29,654,377,277
050,04,009,"Arizona","Graham County",2,30,607,337,270
050,04,009,"Arizona","Graham County",2,31,569,325,244
050,04,009,"Arizona","Graham County",2,32,547,333,214
050,04,009,"Arizona","Graham County",2,33,521,319,202
050,04,009,"Arizona","Graham County",2,34,527,298,229
050,04,009,"Arizona","Graham County",2,35,510,297,213
050,04,009,"Arizona","Graham County",2,36,532,327,205
050,04,009,"Arizona","Graham County",2,37,526,328,198
050,04,009,"Arizona","Graham County",2,38,544,332,212
050,04,009,"Arizona","Graham County",2,39,552,325,227
050,04,009,"Arizona","Graham County",2,40,539,310,229
050,04,009,"Arizona","Graham County",2,41,516,296,220
050,04,009,"Arizona","Graham County",2,42,505,284,221
050,04,009,"Arizona","Graham County",2,43,516,298,218
050,04,009,"Arizona","Graham County",2,44,473,269,204
050,04,009,"Arizona","Graham County",2,45,480,275,205
050,04,009,"Arizona","Graham County",2,46,454,261,193
050,04,009,"Arizona","Graham County",2,47,407,231,176
050,04,009,"Arizona","Graham County",2,48,432,244,188
050,04,009,"Arizona","Graham County",2,49,448,251,197
050,04,009,"Arizona","Graham County",2,50,434,243,191
050,04,009,"Arizona","Graham County",2,51,420,236,184
050,04,009,"Arizona","Graham County",2,52,397,221,176
050,04,009,"Arizona","Graham County",2,53,364,192,172
050,04,009,"Arizona","Graham County",2,54,371,198,173
050,04,009,"Arizona","Graham County",2,55,410,232,178
050,04,009,"Arizona","Graham County",2,56,422,221,201
050,04,009,"Arizona","Graham County",2,57,399,198,201
050,04,009,"Arizona","Graham County",2,58,385,200,185
050,04,009,"Arizona","Graham County",2,59,377,185,192
050,04,009,"Arizona","Graham County",2,60,398,191,207
050,04,009,"Arizona","Graham County",2,61,412,205,207
050,04,009,"Arizona","Graham County",2,62,396,203,193
050,04,009,"Arizona","Graham County",2,63,406,204,202
050,04,009,"Arizona","Graham County",2,64,394,201,193
050,04,009,"Arizona","Graham County",2,65,377,190,187
050,04,009,"Arizona","Graham County",2,66,367,181,186
050,04,009,"Arizona","Graham County",2,67,326,147,179
050,04,009,"Arizona","Graham County",2,68,349,155,194
050,04,009,"Arizona","Graham County",2,69,351,166,185
050,04,009,"Arizona","Graham County",2,70,321,162,159
050,04,009,"Arizona","Graham County",2,71,319,166,153
050,04,009,"Arizona","Graham County",2,72,310,151,159
050,04,009,"Arizona","Graham County",2,73,319,146,173
050,04,009,"Arizona","Graham County",2,74,223,104,119
050,04,009,"Arizona","Graham County",2,75,202,101,101
050,04,009,"Arizona","Graham County",2,76,195,94,101
050,04,009,"Arizona","Graham County",2,77,206,97,109
050,04,009,"Arizona","Graham County",2,78,170,74,96
050,04,009,"Arizona","Graham County",2,79,169,75,94
050,04,009,"Arizona","Graham County",2,80,160,73,87
050,04,009,"Arizona","Graham County",2,81,144,62,82
050,04,009,"Arizona","Graham County",2,82,146,65,81
050,04,009,"Arizona","Graham County",2,83,133,57,76
050,04,009,"Arizona","Graham County",2,84,110,42,68
050,04,009,"Arizona","Graham County",2,85,584,241,343
050,04,009,"Arizona","Graham County",3,0,477,239,238
050,04,009,"Arizona","Graham County",3,1,476,240,236
050,04,009,"Arizona","Graham County",3,2,507,257,250
050,04,009,"Arizona","Graham County",3,3,526,287,239
050,04,009,"Arizona","Graham County",3,4,550,277,273
050,04,009,"Arizona","Graham County",3,5,576,300,276
050,04,009,"Arizona","Graham County",3,6,567,297,270
050,04,009,"Arizona","Graham County",3,7,573,285,288
050,04,009,"Arizona","Graham County",3,8,579,303,276
050,04,009,"Arizona","Graham County",3,9,562,291,271
050,04,009,"Arizona","Graham County",3,10,579,283,296
050,04,009,"Arizona","Graham County",3,11,585,297,288
050,04,009,"Arizona","Graham County",3,12,643,337,306
050,04,009,"Arizona","Graham County",3,13,672,332,340
050,04,009,"Arizona","Graham County",3,14,617,325,292
050,04,009,"Arizona","Graham County",3,15,599,316,283
050,04,009,"Arizona","Graham County",3,16,601,305,296
050,04,009,"Arizona","Graham County",3,17,602,298,304
050,04,009,"Arizona","Graham County",3,18,530,276,254
050,04,009,"Arizona","Graham County",3,19,502,273,229
050,04,009,"Arizona","Graham County",3,20,520,290,230
050,04,009,"Arizona","Graham County",3,21,553,297,256
050,04,009,"Arizona","Graham County",3,22,511,283,228
050,04,009,"Arizona","Graham County",3,23,569,340,229
050,04,009,"Arizona","Graham County",3,24,556,323,233
050,04,009,"Arizona","Graham County",3,25,525,308,217
050,04,009,"Arizona","Graham County",3,26,534,305,229
050,04,009,"Arizona","Graham County",3,27,553,317,236
050,04,009,"Arizona","Graham County",3,28,575,343,232
050,04,009,"Arizona","Graham County",3,29,615,370,245
050,04,009,"Arizona","Graham County",3,30,642,364,278
050,04,009,"Arizona","Graham County",3,31,602,332,270
050,04,009,"Arizona","Graham County",3,32,557,320,237
050,04,009,"Arizona","Graham County",3,33,545,331,214
050,04,009,"Arizona","Graham County",3,34,530,328,202
050,04,009,"Arizona","Graham County",3,35,510,292,218
050,04,009,"Arizona","Graham County",3,36,538,319,219
050,04,009,"Arizona","Graham County",3,37,514,316,198
050,04,009,"Arizona","Graham County",3,38,526,329,197
050,04,009,"Arizona","Graham County",3,39,540,323,217
050,04,009,"Arizona","Graham County",3,40,554,323,231
050,04,009,"Arizona","Graham County",3,41,552,322,230
050,04,009,"Arizona","Graham County",3,42,515,297,218
050,04,009,"Arizona","Graham County",3,43,535,301,234
050,04,009,"Arizona","Graham County",3,44,500,277,223
050,04,009,"Arizona","Graham County",3,45,475,278,197
050,04,009,"Arizona","Graham County",3,46,455,259,196
050,04,009,"Arizona","Graham County",3,47,455,262,193
050,04,009,"Arizona","Graham County",3,48,426,236,190
050,04,009,"Arizona","Graham County",3,49,427,242,185
050,04,009,"Arizona","Graham County",3,50,457,255,202
050,04,009,"Arizona","Graham County",3,51,449,257,192
050,04,009,"Arizona","Graham County",3,52,416,229,187
050,04,009,"Arizona","Graham County",3,53,393,216,177
050,04,009,"Arizona","Graham County",3,54,368,191,177
050,04,009,"Arizona","Graham County",3,55,393,212,181
050,04,009,"Arizona","Graham County",3,56,416,229,187
050,04,009,"Arizona","Graham County",3,57,429,222,207
050,04,009,"Arizona","Graham County",3,58,398,203,195
050,04,009,"Arizona","Graham County",3,59,385,197,188
050,04,009,"Arizona","Graham County",3,60,378,182,196
050,04,009,"Arizona","Graham County",3,61,404,185,219
050,04,009,"Arizona","Graham County",3,62,413,209,204
050,04,009,"Arizona","Graham County",3,63,389,202,187
050,04,009,"Arizona","Graham County",3,64,403,197,206
050,04,009,"Arizona","Graham County",3,65,388,202,186
050,04,009,"Arizona","Graham County",3,66,383,191,192
050,04,009,"Arizona","Graham County",3,67,360,174,186
050,04,009,"Arizona","Graham County",3,68,320,149,171
050,04,009,"Arizona","Graham County",3,69,362,164,198
050,04,009,"Arizona","Graham County",3,70,337,156,181
050,04,009,"Arizona","Graham County",3,71,313,163,150
050,04,009,"Arizona","Graham County",3,72,308,161,147
050,04,009,"Arizona","Graham County",3,73,303,149,154
050,04,009,"Arizona","Graham County",3,74,303,134,169
050,04,009,"Arizona","Graham County",3,75,213,103,110
050,04,009,"Arizona","Graham County",3,76,197,96,101
050,04,009,"Arizona","Graham County",3,77,194,93,101
050,04,009,"Arizona","Graham County",3,78,191,86,105
050,04,009,"Arizona","Graham County",3,79,156,64,92
050,04,009,"Arizona","Graham County",3,80,160,70,90
050,04,009,"Arizona","Graham County",3,81,152,68,84
050,04,009,"Arizona","Graham County",3,82,136,58,78
050,04,009,"Arizona","Graham County",3,83,139,60,79
050,04,009,"Arizona","Graham County",3,84,119,54,65
050,04,009,"Arizona","Graham County",3,85,564,219,345
050,04,009,"Arizona","Graham County",4,0,502,263,239
050,04,009,"Arizona","Graham County",4,1,469,234,235
050,04,009,"Arizona","Graham County",4,2,499,246,253
050,04,009,"Arizona","Graham County",4,3,512,250,262
050,04,009,"Arizona","Graham County",4,4,528,288,240
050,04,009,"Arizona","Graham County",4,5,582,297,285
050,04,009,"Arizona","Graham County",4,6,586,298,288
050,04,009,"Arizona","Graham County",4,7,588,310,278
050,04,009,"Arizona","Graham County",4,8,601,302,299
050,04,009,"Arizona","Graham County",4,9,591,312,279
050,04,009,"Arizona","Graham County",4,10,576,300,276
050,04,009,"Arizona","Graham County",4,11,598,303,295
050,04,009,"Arizona","Graham County",4,12,615,319,296
050,04,009,"Arizona","Graham County",4,13,658,343,315
050,04,009,"Arizona","Graham County",4,14,696,342,354
050,04,009,"Arizona","Graham County",4,15,642,334,308
050,04,009,"Arizona","Graham County",4,16,609,325,284
050,04,009,"Arizona","Graham County",4,17,600,307,293
050,04,009,"Arizona","Graham County",4,18,582,295,287
050,04,009,"Arizona","Graham County",4,19,497,267,230
050,04,009,"Arizona","Graham County",4,20,511,270,241
050,04,009,"Arizona","Graham County",4,21,517,289,228
050,04,009,"Arizona","Graham County",4,22,540,288,252
050,04,009,"Arizona","Graham County",4,23,523,284,239
050,04,009,"Arizona","Graham County",4,24,556,336,220
050,04,009,"Arizona","Graham County",4,25,544,312,232
050,04,009,"Arizona","Graham County",4,26,498,273,225
050,04,009,"Arizona","Graham County",4,27,540,309,231
050,04,009,"Arizona","Graham County",4,28,565,306,259
050,04,009,"Arizona","Graham County",4,29,561,331,230
050,04,009,"Arizona","Graham County",4,30,588,336,252
050,04,009,"Arizona","Graham County",4,31,612,339,273
050,04,009,"Arizona","Graham County",4,32,573,315,258
050,04,009,"Arizona","Graham County",4,33,529,295,234
050,04,009,"Arizona","Graham County",4,34,540,323,217
050,04,009,"Arizona","Graham County",4,35,495,296,199
050,04,009,"Arizona","Graham County",4,36,502,274,228
050,04,009,"Arizona","Graham County",4,37,515,299,216
050,04,009,"Arizona","Graham County",4,38,506,302,204
050,04,009,"Arizona","Graham County",4,39,505,309,196
050,04,009,"Arizona","Graham County",4,40,520,296,224
050,04,009,"Arizona","Graham County",4,41,555,316,239
050,04,009,"Arizona","Graham County",4,42,528,291,237
050,04,009,"Arizona","Graham County",4,43,520,296,224
050,04,009,"Arizona","Graham County",4,44,501,263,238
050,04,009,"Arizona","Graham County",4,45,485,260,225
050,04,009,"Arizona","Graham County",4,46,465,258,207
050,04,009,"Arizona","Graham County",4,47,436,246,190
050,04,009,"Arizona","Graham County",4,48,437,238,199
050,04,009,"Arizona","Graham County",4,49,411,222,189
050,04,009,"Arizona","Graham County",4,50,421,236,185
050,04,009,"Arizona","Graham County",4,51,452,252,200
050,04,009,"Arizona","Graham County",4,52,439,248,191
050,04,009,"Arizona","Graham County",4,53,387,205,182
050,04,009,"Arizona","Graham County",4,54,379,201,178
050,04,009,"Arizona","Graham County",4,55,369,191,178
050,04,009,"Arizona","Graham County",4,56,377,200,177
050,04,009,"Arizona","Graham County",4,57,408,216,192
050,04,009,"Arizona","Graham County",4,58,426,220,206
050,04,009,"Arizona","Graham County",4,59,388,188,200
050,04,009,"Arizona","Graham County",4,60,382,189,193
050,04,009,"Arizona","Graham County",4,61,380,186,194
050,04,009,"Arizona","Graham County",4,62,404,182,222
050,04,009,"Arizona","Graham County",4,63,405,205,200
050,04,009,"Arizona","Graham County",4,64,374,194,180
050,04,009,"Arizona","Graham County",4,65,409,197,212
050,04,009,"Arizona","Graham County",4,66,387,199,188
050,04,009,"Arizona","Graham County",4,67,380,190,190
050,04,009,"Arizona","Graham County",4,68,352,171,181
050,04,009,"Arizona","Graham County",4,69,325,149,176
050,04,009,"Arizona","Graham County",4,70,355,157,198
050,04,009,"Arizona","Graham County",4,71,334,156,178
050,04,009,"Arizona","Graham County",4,72,303,158,145
050,04,009,"Arizona","Graham County",4,73,294,158,136
050,04,009,"Arizona","Graham County",4,74,295,140,155
050,04,009,"Arizona","Graham County",4,75,285,126,159
050,04,009,"Arizona","Graham County",4,76,207,99,108
050,04,009,"Arizona","Graham County",4,77,185,96,89
050,04,009,"Arizona","Graham County",4,78,182,84,98
050,04,009,"Arizona","Graham County",4,79,182,80,102
050,04,009,"Arizona","Graham County",4,80,147,61,86
050,04,009,"Arizona","Graham County",4,81,153,66,87
050,04,009,"Arizona","Graham County",4,82,142,64,78
050,04,009,"Arizona","Graham County",4,83,121,51,70
050,04,009,"Arizona","Graham County",4,84,130,57,73
050,04,009,"Arizona","Graham County",4,85,554,218,336
050,04,009,"Arizona","Graham County",5,0,492,259,233
050,04,009,"Arizona","Graham County",5,1,502,272,230
050,04,009,"Arizona","Graham County",5,2,488,253,235
050,04,009,"Arizona","Graham County",5,3,516,257,259
050,04,009,"Arizona","Graham County",5,4,509,249,260
050,04,009,"Arizona","Graham County",5,5,540,300,240
050,04,009,"Arizona","Graham County",5,6,582,306,276
050,04,009,"Arizona","Graham County",5,7,594,299,295
050,04,009,"Arizona","Graham County",5,8,602,319,283
050,04,009,"Arizona","Graham County",5,9,607,307,300
050,04,009,"Arizona","Graham County",5,10,599,313,286
050,04,009,"Arizona","Graham County",5,11,586,295,291
050,04,009,"Arizona","Graham County",5,12,599,296,303
050,04,009,"Arizona","Graham County",5,13,614,319,295
050,04,009,"Arizona","Graham County",5,14,653,344,309
050,04,009,"Arizona","Graham County",5,15,685,331,354
050,04,009,"Arizona","Graham County",5,16,638,334,304
050,04,009,"Arizona","Graham County",5,17,610,322,288
050,04,009,"Arizona","Graham County",5,18,569,303,266
050,04,009,"Arizona","Graham County",5,19,524,277,247
050,04,009,"Arizona","Graham County",5,20,499,262,237
050,04,009,"Arizona","Graham County",5,21,525,291,234
050,04,009,"Arizona","Graham County",5,22,561,311,250
050,04,009,"Arizona","Graham County",5,23,587,334,253
050,04,009,"Arizona","Graham County",5,24,545,304,241
050,04,009,"Arizona","Graham County",5,25,582,357,225
050,04,009,"Arizona","Graham County",5,26,555,319,236
050,04,009,"Arizona","Graham County",5,27,526,307,219
050,04,009,"Arizona","Graham County",5,28,542,318,224
050,04,009,"Arizona","Graham County",5,29,607,354,253
050,04,009,"Arizona","Graham County",5,30,583,347,236
050,04,009,"Arizona","Graham County",5,31,613,352,261
050,04,009,"Arizona","Graham County",5,32,612,347,265
050,04,009,"Arizona","Graham County",5,33,580,319,261
050,04,009,"Arizona","Graham County",5,34,558,316,242
050,04,009,"Arizona","Graham County",5,35,548,333,215
050,04,009,"Arizona","Graham County",5,36,527,320,207
050,04,009,"Arizona","Graham County",5,37,533,300,233
050,04,009,"Arizona","Graham County",5,38,525,303,222
050,04,009,"Arizona","Graham County",5,39,520,309,211
050,04,009,"Arizona","Graham County",5,40,523,322,201
050,04,009,"Arizona","Graham County",5,41,560,329,231
050,04,009,"Arizona","Graham County",5,42,551,317,234
050,04,009,"Arizona","Graham County",5,43,556,325,231
050,04,009,"Arizona","Graham County",5,44,517,286,231
050,04,009,"Arizona","Graham County",5,45,521,285,236
050,04,009,"Arizona","Graham County",5,46,502,277,225
050,04,009,"Arizona","Graham County",5,47,463,262,201
050,04,009,"Arizona","Graham County",5,48,440,252,188
050,04,009,"Arizona","Graham County",5,49,434,242,192
050,04,009,"Arizona","Graham County",5,50,422,226,196
050,04,009,"Arizona","Graham County",5,51,435,241,194
050,04,009,"Arizona","Graham County",5,52,448,251,197
050,04,009,"Arizona","Graham County",5,53,436,240,196
050,04,009,"Arizona","Graham County",5,54,382,200,182
050,04,009,"Arizona","Graham County",5,55,387,210,177
050,04,009,"Arizona","Graham County",5,56,353,178,175
050,04,009,"Arizona","Graham County",5,57,382,203,179
050,04,009,"Arizona","Graham County",5,58,409,227,182
050,04,009,"Arizona","Graham County",5,59,416,215,201
050,04,009,"Arizona","Graham County",5,60,386,185,201
050,04,009,"Arizona","Graham County",5,61,382,189,193
050,04,009,"Arizona","Graham County",5,62,372,182,190
050,04,009,"Arizona","Graham County",5,63,388,176,212
050,04,009,"Arizona","Graham County",5,64,405,200,205
050,04,009,"Arizona","Graham County",5,65,368,190,178
050,04,009,"Arizona","Graham County",5,66,404,198,206
050,04,009,"Arizona","Graham County",5,67,385,200,185
050,04,009,"Arizona","Graham County",5,68,374,193,181
050,04,009,"Arizona","Graham County",5,69,350,168,182
050,04,009,"Arizona","Graham County",5,70,313,141,172
050,04,009,"Arizona","Graham County",5,71,349,157,192
050,04,009,"Arizona","Graham County",5,72,319,149,170
050,04,009,"Arizona","Graham County",5,73,289,153,136
050,04,009,"Arizona","Graham County",5,74,284,150,134
050,04,009,"Arizona","Graham County",5,75,272,129,143
050,04,009,"Arizona","Graham County",5,76,281,122,159
050,04,009,"Arizona","Graham County",5,77,202,99,103
050,04,009,"Arizona","Graham County",5,78,174,88,86
050,04,009,"Arizona","Graham County",5,79,167,78,89
050,04,009,"Arizona","Graham County",5,80,172,74,98
050,04,009,"Arizona","Graham County",5,81,136,57,79
050,04,009,"Arizona","Graham County",5,82,147,65,82
050,04,009,"Arizona","Graham County",5,83,130,59,71
050,04,009,"Arizona","Graham County",5,84,113,48,65
050,04,009,"Arizona","Graham County",5,85,589,234,355
050,04,011,"Arizona","Greenlee County",1,0,124,64,60
050,04,011,"Arizona","Greenlee County",1,1,136,63,73
050,04,011,"Arizona","Greenlee County",1,2,140,63,77
050,04,011,"Arizona","Greenlee County",1,3,158,80,78
050,04,011,"Arizona","Greenlee County",1,4,165,84,81
050,04,011,"Arizona","Greenlee County",1,5,162,78,84
050,04,011,"Arizona","Greenlee County",1,6,141,71,70
050,04,011,"Arizona","Greenlee County",1,7,139,70,69
050,04,011,"Arizona","Greenlee County",1,8,142,78,64
050,04,011,"Arizona","Greenlee County",1,9,140,70,70
050,04,011,"Arizona","Greenlee County",1,10,144,72,72
050,04,011,"Arizona","Greenlee County",1,11,153,81,72
050,04,011,"Arizona","Greenlee County",1,12,156,75,81
050,04,011,"Arizona","Greenlee County",1,13,164,80,84
050,04,011,"Arizona","Greenlee County",1,14,148,81,67
050,04,011,"Arizona","Greenlee County",1,15,141,73,68
050,04,011,"Arizona","Greenlee County",1,16,118,58,60
050,04,011,"Arizona","Greenlee County",1,17,120,69,51
050,04,011,"Arizona","Greenlee County",1,18,124,74,50
050,04,011,"Arizona","Greenlee County",1,19,99,52,47
050,04,011,"Arizona","Greenlee County",1,20,106,62,44
050,04,011,"Arizona","Greenlee County",1,21,114,63,51
050,04,011,"Arizona","Greenlee County",1,22,115,60,55
050,04,011,"Arizona","Greenlee County",1,23,140,74,66
050,04,011,"Arizona","Greenlee County",1,24,123,68,55
050,04,011,"Arizona","Greenlee County",1,25,123,65,58
050,04,011,"Arizona","Greenlee County",1,26,140,75,65
050,04,011,"Arizona","Greenlee County",1,27,152,75,77
050,04,011,"Arizona","Greenlee County",1,28,140,71,69
050,04,011,"Arizona","Greenlee County",1,29,147,71,76
050,04,011,"Arizona","Greenlee County",1,30,131,70,61
050,04,011,"Arizona","Greenlee County",1,31,133,69,64
050,04,011,"Arizona","Greenlee County",1,32,143,84,59
050,04,011,"Arizona","Greenlee County",1,33,146,74,72
050,04,011,"Arizona","Greenlee County",1,34,126,61,65
050,04,011,"Arizona","Greenlee County",1,35,133,74,59
050,04,011,"Arizona","Greenlee County",1,36,144,81,63
050,04,011,"Arizona","Greenlee County",1,37,151,89,62
050,04,011,"Arizona","Greenlee County",1,38,155,79,76
050,04,011,"Arizona","Greenlee County",1,39,131,74,57
050,04,011,"Arizona","Greenlee County",1,40,132,77,55
050,04,011,"Arizona","Greenlee County",1,41,150,74,76
050,04,011,"Arizona","Greenlee County",1,42,128,75,53
050,04,011,"Arizona","Greenlee County",1,43,121,61,60
050,04,011,"Arizona","Greenlee County",1,44,101,53,48
050,04,011,"Arizona","Greenlee County",1,45,104,61,43
050,04,011,"Arizona","Greenlee County",1,46,118,62,56
050,04,011,"Arizona","Greenlee County",1,47,109,55,54
050,04,011,"Arizona","Greenlee County",1,48,108,56,52
050,04,011,"Arizona","Greenlee County",1,49,102,55,47
050,04,011,"Arizona","Greenlee County",1,50,100,50,50
050,04,011,"Arizona","Greenlee County",1,51,118,56,62
050,04,011,"Arizona","Greenlee County",1,52,97,51,46
050,04,011,"Arizona","Greenlee County",1,53,109,61,48
050,04,011,"Arizona","Greenlee County",1,54,107,57,50
050,04,011,"Arizona","Greenlee County",1,55,114,66,48
050,04,011,"Arizona","Greenlee County",1,56,96,57,39
050,04,011,"Arizona","Greenlee County",1,57,107,56,51
050,04,011,"Arizona","Greenlee County",1,58,101,60,41
050,04,011,"Arizona","Greenlee County",1,59,108,60,48
050,04,011,"Arizona","Greenlee County",1,60,111,55,56
050,04,011,"Arizona","Greenlee County",1,61,96,49,47
050,04,011,"Arizona","Greenlee County",1,62,103,59,44
050,04,011,"Arizona","Greenlee County",1,63,99,52,47
050,04,011,"Arizona","Greenlee County",1,64,117,64,53
050,04,011,"Arizona","Greenlee County",1,65,105,63,42
050,04,011,"Arizona","Greenlee County",1,66,103,54,49
050,04,011,"Arizona","Greenlee County",1,67,87,43,44
050,04,011,"Arizona","Greenlee County",1,68,78,41,37
050,04,011,"Arizona","Greenlee County",1,69,81,42,39
050,04,011,"Arizona","Greenlee County",1,70,77,38,39
050,04,011,"Arizona","Greenlee County",1,71,73,45,28
050,04,011,"Arizona","Greenlee County",1,72,66,37,29
050,04,011,"Arizona","Greenlee County",1,73,58,32,26
050,04,011,"Arizona","Greenlee County",1,74,37,19,18
050,04,011,"Arizona","Greenlee County",1,75,48,21,27
050,04,011,"Arizona","Greenlee County",1,76,59,29,30
050,04,011,"Arizona","Greenlee County",1,77,47,22,25
050,04,011,"Arizona","Greenlee County",1,78,40,19,21
050,04,011,"Arizona","Greenlee County",1,79,36,14,22
050,04,011,"Arizona","Greenlee County",1,80,29,16,13
050,04,011,"Arizona","Greenlee County",1,81,28,15,13
050,04,011,"Arizona","Greenlee County",1,82,24,11,13
050,04,011,"Arizona","Greenlee County",1,83,23,9,14
050,04,011,"Arizona","Greenlee County",1,84,24,11,13
050,04,011,"Arizona","Greenlee County",1,85,176,51,125
050,04,011,"Arizona","Greenlee County",2,0,131,67,64
050,04,011,"Arizona","Greenlee County",2,1,132,63,69
050,04,011,"Arizona","Greenlee County",2,2,140,63,77
050,04,011,"Arizona","Greenlee County",2,3,152,75,77
050,04,011,"Arizona","Greenlee County",2,4,163,83,80
050,04,011,"Arizona","Greenlee County",2,5,163,80,83
050,04,011,"Arizona","Greenlee County",2,6,146,73,73
050,04,011,"Arizona","Greenlee County",2,7,139,70,69
050,04,011,"Arizona","Greenlee County",2,8,138,75,63
050,04,011,"Arizona","Greenlee County",2,9,140,72,68
050,04,011,"Arizona","Greenlee County",2,10,144,73,71
050,04,011,"Arizona","Greenlee County",2,11,146,76,70
050,04,011,"Arizona","Greenlee County",2,12,155,76,79
050,04,011,"Arizona","Greenlee County",2,13,160,77,83
050,04,011,"Arizona","Greenlee County",2,14,150,79,71
050,04,011,"Arizona","Greenlee County",2,15,142,74,68
050,04,011,"Arizona","Greenlee County",2,16,121,60,61
050,04,011,"Arizona","Greenlee County",2,17,120,68,52
050,04,011,"Arizona","Greenlee County",2,18,118,69,49
050,04,011,"Arizona","Greenlee County",2,19,99,53,46
050,04,011,"Arizona","Greenlee County",2,20,104,59,45
050,04,011,"Arizona","Greenlee County",2,21,111,61,50
050,04,011,"Arizona","Greenlee County",2,22,118,62,56
050,04,011,"Arizona","Greenlee County",2,23,135,71,64
050,04,011,"Arizona","Greenlee County",2,24,125,68,57
050,04,011,"Arizona","Greenlee County",2,25,125,68,57
050,04,011,"Arizona","Greenlee County",2,26,139,75,64
050,04,011,"Arizona","Greenlee County",2,27,150,74,76
050,04,011,"Arizona","Greenlee County",2,28,145,73,72
050,04,011,"Arizona","Greenlee County",2,29,143,69,74
050,04,011,"Arizona","Greenlee County",2,30,135,70,65
050,04,011,"Arizona","Greenlee County",2,31,130,69,61
050,04,011,"Arizona","Greenlee County",2,32,140,80,60
050,04,011,"Arizona","Greenlee County",2,33,143,74,69
050,04,011,"Arizona","Greenlee County",2,34,131,64,67
050,04,011,"Arizona","Greenlee County",2,35,132,72,60
050,04,011,"Arizona","Greenlee County",2,36,141,80,61
050,04,011,"Arizona","Greenlee County",2,37,149,85,64
050,04,011,"Arizona","Greenlee County",2,38,156,84,72
050,04,011,"Arizona","Greenlee County",2,39,136,76,60
050,04,011,"Arizona","Greenlee County",2,40,135,78,57
050,04,011,"Arizona","Greenlee County",2,41,145,74,71
050,04,011,"Arizona","Greenlee County",2,42,131,74,57
050,04,011,"Arizona","Greenlee County",2,43,123,64,59
050,04,011,"Arizona","Greenlee County",2,44,103,53,50
050,04,011,"Arizona","Greenlee County",2,45,103,59,44
050,04,011,"Arizona","Greenlee County",2,46,112,59,53
050,04,011,"Arizona","Greenlee County",2,47,109,55,54
050,04,011,"Arizona","Greenlee County",2,48,106,56,50
050,04,011,"Arizona","Greenlee County",2,49,104,57,47
050,04,011,"Arizona","Greenlee County",2,50,102,53,49
050,04,011,"Arizona","Greenlee County",2,51,113,55,58
050,04,011,"Arizona","Greenlee County",2,52,102,52,50
050,04,011,"Arizona","Greenlee County",2,53,106,59,47
050,04,011,"Arizona","Greenlee County",2,54,107,58,49
050,04,011,"Arizona","Greenlee County",2,55,112,65,47
050,04,011,"Arizona","Greenlee County",2,56,101,61,40
050,04,011,"Arizona","Greenlee County",2,57,102,55,47
050,04,011,"Arizona","Greenlee County",2,58,102,59,43
050,04,011,"Arizona","Greenlee County",2,59,106,59,47
050,04,011,"Arizona","Greenlee County",2,60,109,55,54
050,04,011,"Arizona","Greenlee County",2,61,97,50,47
050,04,011,"Arizona","Greenlee County",2,62,98,54,44
050,04,011,"Arizona","Greenlee County",2,63,98,52,46
050,04,011,"Arizona","Greenlee County",2,64,112,60,52
050,04,011,"Arizona","Greenlee County",2,65,107,63,44
050,04,011,"Arizona","Greenlee County",2,66,101,56,45
050,04,011,"Arizona","Greenlee County",2,67,89,45,44
050,04,011,"Arizona","Greenlee County",2,68,80,42,38
050,04,011,"Arizona","Greenlee County",2,69,81,43,38
050,04,011,"Arizona","Greenlee County",2,70,77,38,39
050,04,011,"Arizona","Greenlee County",2,71,74,43,31
050,04,011,"Arizona","Greenlee County",2,72,65,38,27
050,04,011,"Arizona","Greenlee County",2,73,62,34,28
050,04,011,"Arizona","Greenlee County",2,74,39,20,19
050,04,011,"Arizona","Greenlee County",2,75,45,20,25
050,04,011,"Arizona","Greenlee County",2,76,54,25,29
050,04,011,"Arizona","Greenlee County",2,77,50,25,25
050,04,011,"Arizona","Greenlee County",2,78,41,19,22
050,04,011,"Arizona","Greenlee County",2,79,36,15,21
050,04,011,"Arizona","Greenlee County",2,80,30,15,15
050,04,011,"Arizona","Greenlee County",2,81,26,13,13
050,04,011,"Arizona","Greenlee County",2,82,24,11,13
050,04,011,"Arizona","Greenlee County",2,83,22,8,14
050,04,011,"Arizona","Greenlee County",2,84,22,10,12
050,04,011,"Arizona","Greenlee County",2,85,178,52,126
050,04,011,"Arizona","Greenlee County",3,0,124,57,67
050,04,011,"Arizona","Greenlee County",3,1,129,67,62
050,04,011,"Arizona","Greenlee County",3,2,128,63,65
050,04,011,"Arizona","Greenlee County",3,3,142,70,72
050,04,011,"Arizona","Greenlee County",3,4,157,84,73
050,04,011,"Arizona","Greenlee County",3,5,172,87,85
050,04,011,"Arizona","Greenlee County",3,6,162,82,80
050,04,011,"Arizona","Greenlee County",3,7,148,74,74
050,04,011,"Arizona","Greenlee County",3,8,141,69,72
050,04,011,"Arizona","Greenlee County",3,9,136,70,66
050,04,011,"Arizona","Greenlee County",3,10,136,73,63
050,04,011,"Arizona","Greenlee County",3,11,138,73,65
050,04,011,"Arizona","Greenlee County",3,12,145,68,77
050,04,011,"Arizona","Greenlee County",3,13,154,76,78
050,04,011,"Arizona","Greenlee County",3,14,163,76,87
050,04,011,"Arizona","Greenlee County",3,15,136,69,67
050,04,011,"Arizona","Greenlee County",3,16,143,75,68
050,04,011,"Arizona","Greenlee County",3,17,123,62,61
050,04,011,"Arizona","Greenlee County",3,18,101,57,44
050,04,011,"Arizona","Greenlee County",3,19,93,52,41
050,04,011,"Arizona","Greenlee County",3,20,91,49,42
050,04,011,"Arizona","Greenlee County",3,21,112,60,52
050,04,011,"Arizona","Greenlee County",3,22,102,55,47
050,04,011,"Arizona","Greenlee County",3,23,117,63,54
050,04,011,"Arizona","Greenlee County",3,24,126,67,59
050,04,011,"Arizona","Greenlee County",3,25,126,69,57
050,04,011,"Arizona","Greenlee County",3,26,132,72,60
050,04,011,"Arizona","Greenlee County",3,27,141,74,67
050,04,011,"Arizona","Greenlee County",3,28,153,74,79
050,04,011,"Arizona","Greenlee County",3,29,142,72,70
050,04,011,"Arizona","Greenlee County",3,30,138,69,69
050,04,011,"Arizona","Greenlee County",3,31,138,72,66
050,04,011,"Arizona","Greenlee County",3,32,134,71,63
050,04,011,"Arizona","Greenlee County",3,33,144,84,60
050,04,011,"Arizona","Greenlee County",3,34,145,74,71
050,04,011,"Arizona","Greenlee County",3,35,123,59,64
050,04,011,"Arizona","Greenlee County",3,36,127,69,58
050,04,011,"Arizona","Greenlee County",3,37,133,73,60
050,04,011,"Arizona","Greenlee County",3,38,148,83,65
050,04,011,"Arizona","Greenlee County",3,39,166,91,75
050,04,011,"Arizona","Greenlee County",3,40,122,63,59
050,04,011,"Arizona","Greenlee County",3,41,139,76,63
050,04,011,"Arizona","Greenlee County",3,42,139,71,68
050,04,011,"Arizona","Greenlee County",3,43,128,69,59
050,04,011,"Arizona","Greenlee County",3,44,116,62,54
050,04,011,"Arizona","Greenlee County",3,45,94,53,41
050,04,011,"Arizona","Greenlee County",3,46,102,58,44
050,04,011,"Arizona","Greenlee County",3,47,113,62,51
050,04,011,"Arizona","Greenlee County",3,48,100,51,49
050,04,011,"Arizona","Greenlee County",3,49,101,51,50
050,04,011,"Arizona","Greenlee County",3,50,103,56,47
050,04,011,"Arizona","Greenlee County",3,51,104,50,54
050,04,011,"Arizona","Greenlee County",3,52,108,52,56
050,04,011,"Arizona","Greenlee County",3,53,95,48,47
050,04,011,"Arizona","Greenlee County",3,54,103,58,45
050,04,011,"Arizona","Greenlee County",3,55,102,55,47
050,04,011,"Arizona","Greenlee County",3,56,104,60,44
050,04,011,"Arizona","Greenlee County",3,57,97,56,41
050,04,011,"Arizona","Greenlee County",3,58,97,55,42
050,04,011,"Arizona","Greenlee County",3,59,96,58,38
050,04,011,"Arizona","Greenlee County",3,60,96,55,41
050,04,011,"Arizona","Greenlee County",3,61,99,49,50
050,04,011,"Arizona","Greenlee County",3,62,96,48,48
050,04,011,"Arizona","Greenlee County",3,63,99,55,44
050,04,011,"Arizona","Greenlee County",3,64,89,49,40
050,04,011,"Arizona","Greenlee County",3,65,104,55,49
050,04,011,"Arizona","Greenlee County",3,66,102,58,44
050,04,011,"Arizona","Greenlee County",3,67,102,57,45
050,04,011,"Arizona","Greenlee County",3,68,89,44,45
050,04,011,"Arizona","Greenlee County",3,69,76,40,36
050,04,011,"Arizona","Greenlee County",3,70,79,43,36
050,04,011,"Arizona","Greenlee County",3,71,79,39,40
050,04,011,"Arizona","Greenlee County",3,72,76,46,30
050,04,011,"Arizona","Greenlee County",3,73,64,37,27
050,04,011,"Arizona","Greenlee County",3,74,60,33,27
050,04,011,"Arizona","Greenlee County",3,75,38,20,18
050,04,011,"Arizona","Greenlee County",3,76,45,21,24
050,04,011,"Arizona","Greenlee County",3,77,45,19,26
050,04,011,"Arizona","Greenlee County",3,78,47,23,24
050,04,011,"Arizona","Greenlee County",3,79,41,19,22
050,04,011,"Arizona","Greenlee County",3,80,32,14,18
050,04,011,"Arizona","Greenlee County",3,81,26,13,13
050,04,011,"Arizona","Greenlee County",3,82,24,12,12
050,04,011,"Arizona","Greenlee County",3,83,25,12,13
050,04,011,"Arizona","Greenlee County",3,84,22,7,15
050,04,011,"Arizona","Greenlee County",3,85,173,50,123
050,04,011,"Arizona","Greenlee County",4,0,119,57,62
050,04,011,"Arizona","Greenlee County",4,1,124,56,68
050,04,011,"Arizona","Greenlee County",4,2,121,59,62
050,04,011,"Arizona","Greenlee County",4,3,134,73,61
050,04,011,"Arizona","Greenlee County",4,4,145,72,73
050,04,011,"Arizona","Greenlee County",4,5,164,88,76
050,04,011,"Arizona","Greenlee County",4,6,173,92,81
050,04,011,"Arizona","Greenlee County",4,7,157,79,78
050,04,011,"Arizona","Greenlee County",4,8,141,70,71
050,04,011,"Arizona","Greenlee County",4,9,139,66,73
050,04,011,"Arizona","Greenlee County",4,10,133,65,68
050,04,011,"Arizona","Greenlee County",4,11,135,71,64
050,04,011,"Arizona","Greenlee County",4,12,127,69,58
050,04,011,"Arizona","Greenlee County",4,13,146,74,72
050,04,011,"Arizona","Greenlee County",4,14,151,76,75
050,04,011,"Arizona","Greenlee County",4,15,156,71,85
050,04,011,"Arizona","Greenlee County",4,16,129,67,62
050,04,011,"Arizona","Greenlee County",4,17,141,72,69
050,04,011,"Arizona","Greenlee County",4,18,99,49,50
050,04,011,"Arizona","Greenlee County",4,19,85,51,34
050,04,011,"Arizona","Greenlee County",4,20,92,45,47
050,04,011,"Arizona","Greenlee County",4,21,91,46,45
050,04,011,"Arizona","Greenlee County",4,22,105,62,43
050,04,011,"Arizona","Greenlee County",4,23,114,63,51
050,04,011,"Arizona","Greenlee County",4,24,115,59,56
050,04,011,"Arizona","Greenlee County",4,25,128,69,59
050,04,011,"Arizona","Greenlee County",4,26,135,75,60
050,04,011,"Arizona","Greenlee County",4,27,142,83,59
050,04,011,"Arizona","Greenlee County",4,28,128,66,62
050,04,011,"Arizona","Greenlee County",4,29,153,73,80
050,04,011,"Arizona","Greenlee County",4,30,132,69,63
050,04,011,"Arizona","Greenlee County",4,31,137,70,67
050,04,011,"Arizona","Greenlee County",4,32,145,74,71
050,04,011,"Arizona","Greenlee County",4,33,133,60,73
050,04,011,"Arizona","Greenlee County",4,34,150,79,71
050,04,011,"Arizona","Greenlee County",4,35,144,74,70
050,04,011,"Arizona","Greenlee County",4,36,134,68,66
050,04,011,"Arizona","Greenlee County",4,37,127,70,57
050,04,011,"Arizona","Greenlee County",4,38,130,70,60
050,04,011,"Arizona","Greenlee County",4,39,160,91,69
050,04,011,"Arizona","Greenlee County",4,40,156,90,66
050,04,011,"Arizona","Greenlee County",4,41,123,62,61
050,04,011,"Arizona","Greenlee County",4,42,134,79,55
050,04,011,"Arizona","Greenlee County",4,43,137,73,64
050,04,011,"Arizona","Greenlee County",4,44,127,67,60
050,04,011,"Arizona","Greenlee County",4,45,116,62,54
050,04,011,"Arizona","Greenlee County",4,46,88,50,38
050,04,011,"Arizona","Greenlee County",4,47,108,61,47
050,04,011,"Arizona","Greenlee County",4,48,107,59,48
050,04,011,"Arizona","Greenlee County",4,49,100,54,46
050,04,011,"Arizona","Greenlee County",4,50,112,53,59
050,04,011,"Arizona","Greenlee County",4,51,100,56,44
050,04,011,"Arizona","Greenlee County",4,52,104,52,52
050,04,011,"Arizona","Greenlee County",4,53,104,51,53
050,04,011,"Arizona","Greenlee County",4,54,95,48,47
050,04,011,"Arizona","Greenlee County",4,55,101,60,41
050,04,011,"Arizona","Greenlee County",4,56,99,51,48
050,04,011,"Arizona","Greenlee County",4,57,100,56,44
050,04,011,"Arizona","Greenlee County",4,58,88,51,37
050,04,011,"Arizona","Greenlee County",4,59,97,55,42
050,04,011,"Arizona","Greenlee County",4,60,94,57,37
050,04,011,"Arizona","Greenlee County",4,61,95,54,41
050,04,011,"Arizona","Greenlee County",4,62,96,48,48
050,04,011,"Arizona","Greenlee County",4,63,86,44,42
050,04,011,"Arizona","Greenlee County",4,64,94,50,44
050,04,011,"Arizona","Greenlee County",4,65,82,44,38
050,04,011,"Arizona","Greenlee County",4,66,95,49,46
050,04,011,"Arizona","Greenlee County",4,67,100,56,44
050,04,011,"Arizona","Greenlee County",4,68,101,57,44
050,04,011,"Arizona","Greenlee County",4,69,81,40,41
050,04,011,"Arizona","Greenlee County",4,70,72,39,33
050,04,011,"Arizona","Greenlee County",4,71,76,41,35
050,04,011,"Arizona","Greenlee County",4,72,74,37,37
050,04,011,"Arizona","Greenlee County",4,73,75,44,31
050,04,011,"Arizona","Greenlee County",4,74,57,33,24
050,04,011,"Arizona","Greenlee County",4,75,58,31,27
050,04,011,"Arizona","Greenlee County",4,76,36,19,17
050,04,011,"Arizona","Greenlee County",4,77,37,15,22
050,04,011,"Arizona","Greenlee County",4,78,45,20,25
050,04,011,"Arizona","Greenlee County",4,79,47,22,25
050,04,011,"Arizona","Greenlee County",4,80,40,18,22
050,04,011,"Arizona","Greenlee County",4,81,30,13,17
050,04,011,"Arizona","Greenlee County",4,82,26,14,12
050,04,011,"Arizona","Greenlee County",4,83,25,12,13
050,04,011,"Arizona","Greenlee County",4,84,23,11,12
050,04,011,"Arizona","Greenlee County",4,85,172,46,126
050,04,011,"Arizona","Greenlee County",5,0,118,56,62
050,04,011,"Arizona","Greenlee County",5,1,126,63,63
050,04,011,"Arizona","Greenlee County",5,2,130,57,73
050,04,011,"Arizona","Greenlee County",5,3,133,64,69
050,04,011,"Arizona","Greenlee County",5,4,145,72,73
050,04,011,"Arizona","Greenlee County",5,5,161,83,78
050,04,011,"Arizona","Greenlee County",5,6,160,83,77
050,04,011,"Arizona","Greenlee County",5,7,168,97,71
050,04,011,"Arizona","Greenlee County",5,8,141,69,72
050,04,011,"Arizona","Greenlee County",5,9,146,72,74
050,04,011,"Arizona","Greenlee County",5,10,136,66,70
050,04,011,"Arizona","Greenlee County",5,11,123,62,61
050,04,011,"Arizona","Greenlee County",5,12,130,66,64
050,04,011,"Arizona","Greenlee County",5,13,130,67,63
050,04,011,"Arizona","Greenlee County",5,14,145,78,67
050,04,011,"Arizona","Greenlee County",5,15,144,75,69
050,04,011,"Arizona","Greenlee County",5,16,149,72,77
050,04,011,"Arizona","Greenlee County",5,17,126,70,56
050,04,011,"Arizona","Greenlee County",5,18,125,63,62
050,04,011,"Arizona","Greenlee County",5,19,88,40,48
050,04,011,"Arizona","Greenlee County",5,20,86,54,32
050,04,011,"Arizona","Greenlee County",5,21,90,43,47
050,04,011,"Arizona","Greenlee County",5,22,92,48,44
050,04,011,"Arizona","Greenlee County",5,23,115,61,54
050,04,011,"Arizona","Greenlee County",5,24,130,68,62
050,04,011,"Arizona","Greenlee County",5,25,124,74,50
050,04,011,"Arizona","Greenlee County",5,26,143,79,64
050,04,011,"Arizona","Greenlee County",5,27,143,78,65
050,04,011,"Arizona","Greenlee County",5,28,150,91,59
050,04,011,"Arizona","Greenlee County",5,29,129,62,67
050,04,011,"Arizona","Greenlee County",5,30,168,84,84
050,04,011,"Arizona","Greenlee County",5,31,137,72,65
050,04,011,"Arizona","Greenlee County",5,32,143,71,72
050,04,011,"Arizona","Greenlee County",5,33,151,70,81
050,04,011,"Arizona","Greenlee County",5,34,137,59,78
050,04,011,"Arizona","Greenlee County",5,35,148,80,68
050,04,011,"Arizona","Greenlee County",5,36,138,70,68
050,04,011,"Arizona","Greenlee County",5,37,131,70,61
050,04,011,"Arizona","Greenlee County",5,38,114,66,48
050,04,011,"Arizona","Greenlee County",5,39,127,68,59
050,04,011,"Arizona","Greenlee County",5,40,162,93,69
050,04,011,"Arizona","Greenlee County",5,41,159,92,67
050,04,011,"Arizona","Greenlee County",5,42,126,63,63
050,04,011,"Arizona","Greenlee County",5,43,128,70,58
050,04,011,"Arizona","Greenlee County",5,44,137,68,69
050,04,011,"Arizona","Greenlee County",5,45,128,70,58
050,04,011,"Arizona","Greenlee County",5,46,117,58,59
050,04,011,"Arizona","Greenlee County",5,47,93,50,43
050,04,011,"Arizona","Greenlee County",5,48,105,61,44
050,04,011,"Arizona","Greenlee County",5,49,113,65,48
050,04,011,"Arizona","Greenlee County",5,50,104,55,49
050,04,011,"Arizona","Greenlee County",5,51,110,56,54
050,04,011,"Arizona","Greenlee County",5,52,109,58,51
050,04,011,"Arizona","Greenlee County",5,53,108,58,50
050,04,011,"Arizona","Greenlee County",5,54,105,53,52
050,04,011,"Arizona","Greenlee County",5,55,95,48,47
050,04,011,"Arizona","Greenlee County",5,56,89,55,34
050,04,011,"Arizona","Greenlee County",5,57,96,44,52
050,04,011,"Arizona","Greenlee County",5,58,87,46,41
050,04,011,"Arizona","Greenlee County",5,59,82,46,36
050,04,011,"Arizona","Greenlee County",5,60,96,54,42
050,04,011,"Arizona","Greenlee County",5,61,86,53,33
050,04,011,"Arizona","Greenlee County",5,62,95,55,40
050,04,011,"Arizona","Greenlee County",5,63,93,45,48
050,04,011,"Arizona","Greenlee County",5,64,76,38,38
050,04,011,"Arizona","Greenlee County",5,65,87,44,43
050,04,011,"Arizona","Greenlee County",5,66,79,41,38
050,04,011,"Arizona","Greenlee County",5,67,90,47,43
050,04,011,"Arizona","Greenlee County",5,68,96,53,43
050,04,011,"Arizona","Greenlee County",5,69,100,57,43
050,04,011,"Arizona","Greenlee County",5,70,78,40,38
050,04,011,"Arizona","Greenlee County",5,71,68,36,32
050,04,011,"Arizona","Greenlee County",5,72,70,40,30
050,04,011,"Arizona","Greenlee County",5,73,75,36,39
050,04,011,"Arizona","Greenlee County",5,74,70,39,31
050,04,011,"Arizona","Greenlee County",5,75,52,29,23
050,04,011,"Arizona","Greenlee County",5,76,55,29,26
050,04,011,"Arizona","Greenlee County",5,77,28,13,15
050,04,011,"Arizona","Greenlee County",5,78,31,13,18
050,04,011,"Arizona","Greenlee County",5,79,46,18,28
050,04,011,"Arizona","Greenlee County",5,80,42,21,21
050,04,011,"Arizona","Greenlee County",5,81,39,17,22
050,04,011,"Arizona","Greenlee County",5,82,30,13,17
050,04,011,"Arizona","Greenlee County",5,83,25,13,12
050,04,011,"Arizona","Greenlee County",5,84,25,12,13
050,04,011,"Arizona","Greenlee County",5,85,164,45,119
050,04,012,"Arizona","La Paz County",1,0,141,73,68
050,04,012,"Arizona","La Paz County",1,1,124,62,62
050,04,012,"Arizona","La Paz County",1,2,146,65,81
050,04,012,"Arizona","La Paz County",1,3,138,64,74
050,04,012,"Arizona","La Paz County",1,4,136,71,65
050,04,012,"Arizona","La Paz County",1,5,155,83,72
050,04,012,"Arizona","La Paz County",1,6,149,68,81
050,04,012,"Arizona","La Paz County",1,7,136,61,75
050,04,012,"Arizona","La Paz County",1,8,149,84,65
050,04,012,"Arizona","La Paz County",1,9,126,71,55
050,04,012,"Arizona","La Paz County",1,10,130,62,68
050,04,012,"Arizona","La Paz County",1,11,150,82,68
050,04,012,"Arizona","La Paz County",1,12,165,85,80
050,04,012,"Arizona","La Paz County",1,13,168,92,76
050,04,012,"Arizona","La Paz County",1,14,154,83,71
050,04,012,"Arizona","La Paz County",1,15,145,77,68
050,04,012,"Arizona","La Paz County",1,16,147,81,66
050,04,012,"Arizona","La Paz County",1,17,146,77,69
050,04,012,"Arizona","La Paz County",1,18,147,80,67
050,04,012,"Arizona","La Paz County",1,19,116,68,48
050,04,012,"Arizona","La Paz County",1,20,114,64,50
050,04,012,"Arizona","La Paz County",1,21,122,68,54
050,04,012,"Arizona","La Paz County",1,22,116,68,48
050,04,012,"Arizona","La Paz County",1,23,131,73,58
050,04,012,"Arizona","La Paz County",1,24,132,70,62
050,04,012,"Arizona","La Paz County",1,25,126,61,65
050,04,012,"Arizona","La Paz County",1,26,123,69,54
050,04,012,"Arizona","La Paz County",1,27,152,84,68
050,04,012,"Arizona","La Paz County",1,28,150,75,75
050,04,012,"Arizona","La Paz County",1,29,140,68,72
050,04,012,"Arizona","La Paz County",1,30,141,68,73
050,04,012,"Arizona","La Paz County",1,31,129,63,66
050,04,012,"Arizona","La Paz County",1,32,130,57,73
050,04,012,"Arizona","La Paz County",1,33,150,59,91
050,04,012,"Arizona","La Paz County",1,34,142,71,71
050,04,012,"Arizona","La Paz County",1,35,137,65,72
050,04,012,"Arizona","La Paz County",1,36,139,62,77
050,04,012,"Arizona","La Paz County",1,37,133,66,67
050,04,012,"Arizona","La Paz County",1,38,139,72,67
050,04,012,"Arizona","La Paz County",1,39,123,64,59
050,04,012,"Arizona","La Paz County",1,40,147,86,61
050,04,012,"Arizona","La Paz County",1,41,144,83,61
050,04,012,"Arizona","La Paz County",1,42,137,68,69
050,04,012,"Arizona","La Paz County",1,43,132,70,62
050,04,012,"Arizona","La Paz County",1,44,126,68,58
050,04,012,"Arizona","La Paz County",1,45,120,62,58
050,04,012,"Arizona","La Paz County",1,46,113,56,57
050,04,012,"Arizona","La Paz County",1,47,110,55,55
050,04,012,"Arizona","La Paz County",1,48,133,64,69
050,04,012,"Arizona","La Paz County",1,49,139,67,72
050,04,012,"Arizona","La Paz County",1,50,149,74,75
050,04,012,"Arizona","La Paz County",1,51,133,63,70
050,04,012,"Arizona","La Paz County",1,52,150,72,78
050,04,012,"Arizona","La Paz County",1,53,165,77,88
050,04,012,"Arizona","La Paz County",1,54,149,80,69
050,04,012,"Arizona","La Paz County",1,55,155,71,84
050,04,012,"Arizona","La Paz County",1,56,164,72,92
050,04,012,"Arizona","La Paz County",1,57,174,82,92
050,04,012,"Arizona","La Paz County",1,58,210,105,105
050,04,012,"Arizona","La Paz County",1,59,214,102,112
050,04,012,"Arizona","La Paz County",1,60,225,98,127
050,04,012,"Arizona","La Paz County",1,61,228,115,113
050,04,012,"Arizona","La Paz County",1,62,243,127,116
050,04,012,"Arizona","La Paz County",1,63,227,114,113
050,04,012,"Arizona","La Paz County",1,64,228,107,121
050,04,012,"Arizona","La Paz County",1,65,214,98,116
050,04,012,"Arizona","La Paz County",1,66,259,123,136
050,04,012,"Arizona","La Paz County",1,67,281,136,145
050,04,012,"Arizona","La Paz County",1,68,296,145,151
050,04,012,"Arizona","La Paz County",1,69,278,133,145
050,04,012,"Arizona","La Paz County",1,70,299,147,152
050,04,012,"Arizona","La Paz County",1,71,343,167,176
050,04,012,"Arizona","La Paz County",1,72,388,200,188
050,04,012,"Arizona","La Paz County",1,73,419,223,196
050,04,012,"Arizona","La Paz County",1,74,341,178,163
050,04,012,"Arizona","La Paz County",1,75,356,187,169
050,04,012,"Arizona","La Paz County",1,76,360,201,159
050,04,012,"Arizona","La Paz County",1,77,355,184,171
050,04,012,"Arizona","La Paz County",1,78,325,172,153
050,04,012,"Arizona","La Paz County",1,79,293,169,124
050,04,012,"Arizona","La Paz County",1,80,265,148,117
050,04,012,"Arizona","La Paz County",1,81,274,158,116
050,04,012,"Arizona","La Paz County",1,82,259,139,120
050,04,012,"Arizona","La Paz County",1,83,209,111,98
050,04,012,"Arizona","La Paz County",1,84,199,101,98
050,04,012,"Arizona","La Paz County",1,85,881,509,372
050,04,012,"Arizona","La Paz County",2,0,141,74,67
050,04,012,"Arizona","La Paz County",2,1,123,61,62
050,04,012,"Arizona","La Paz County",2,2,140,63,77
050,04,012,"Arizona","La Paz County",2,3,139,64,75
050,04,012,"Arizona","La Paz County",2,4,134,69,65
050,04,012,"Arizona","La Paz County",2,5,148,79,69
050,04,012,"Arizona","La Paz County",2,6,148,71,77
050,04,012,"Arizona","La Paz County",2,7,142,64,78
050,04,012,"Arizona","La Paz County",2,8,148,80,68
050,04,012,"Arizona","La Paz County",2,9,133,74,59
050,04,012,"Arizona","La Paz County",2,10,129,63,66
050,04,012,"Arizona","La Paz County",2,11,144,76,68
050,04,012,"Arizona","La Paz County",2,12,161,84,77
050,04,012,"Arizona","La Paz County",2,13,164,88,76
050,04,012,"Arizona","La Paz County",2,14,156,85,71
050,04,012,"Arizona","La Paz County",2,15,146,78,68
050,04,012,"Arizona","La Paz County",2,16,146,81,65
050,04,012,"Arizona","La Paz County",2,17,147,77,70
050,04,012,"Arizona","La Paz County",2,18,142,78,64
050,04,012,"Arizona","La Paz County",2,19,119,68,51
050,04,012,"Arizona","La Paz County",2,20,115,65,50
050,04,012,"Arizona","La Paz County",2,21,120,67,53
050,04,012,"Arizona","La Paz County",2,22,118,68,50
050,04,012,"Arizona","La Paz County",2,23,128,73,55
050,04,012,"Arizona","La Paz County",2,24,135,72,63
050,04,012,"Arizona","La Paz County",2,25,129,64,65
050,04,012,"Arizona","La Paz County",2,26,122,67,55
050,04,012,"Arizona","La Paz County",2,27,145,82,63
050,04,012,"Arizona","La Paz County",2,28,149,76,73
050,04,012,"Arizona","La Paz County",2,29,140,69,71
050,04,012,"Arizona","La Paz County",2,30,139,67,72
050,04,012,"Arizona","La Paz County",2,31,131,65,66
050,04,012,"Arizona","La Paz County",2,32,132,58,74
050,04,012,"Arizona","La Paz County",2,33,146,60,86
050,04,012,"Arizona","La Paz County",2,34,143,69,74
050,04,012,"Arizona","La Paz County",2,35,142,68,74
050,04,012,"Arizona","La Paz County",2,36,137,62,75
050,04,012,"Arizona","La Paz County",2,37,132,64,68
050,04,012,"Arizona","La Paz County",2,38,137,69,68
050,04,012,"Arizona","La Paz County",2,39,124,64,60
050,04,012,"Arizona","La Paz County",2,40,147,84,63
050,04,012,"Arizona","La Paz County",2,41,147,85,62
050,04,012,"Arizona","La Paz County",2,42,137,70,67
050,04,012,"Arizona","La Paz County",2,43,134,71,63
050,04,012,"Arizona","La Paz County",2,44,125,68,57
050,04,012,"Arizona","La Paz County",2,45,122,61,61
050,04,012,"Arizona","La Paz County",2,46,113,57,56
050,04,012,"Arizona","La Paz County",2,47,110,55,55
050,04,012,"Arizona","La Paz County",2,48,128,62,66
050,04,012,"Arizona","La Paz County",2,49,143,69,74
050,04,012,"Arizona","La Paz County",2,50,145,71,74
050,04,012,"Arizona","La Paz County",2,51,138,67,71
050,04,012,"Arizona","La Paz County",2,52,146,69,77
050,04,012,"Arizona","La Paz County",2,53,159,75,84
050,04,012,"Arizona","La Paz County",2,54,149,76,73
050,04,012,"Arizona","La Paz County",2,55,157,75,82
050,04,012,"Arizona","La Paz County",2,56,163,72,91
050,04,012,"Arizona","La Paz County",2,57,172,79,93
050,04,012,"Arizona","La Paz County",2,58,204,100,104
050,04,012,"Arizona","La Paz County",2,59,217,104,113
050,04,012,"Arizona","La Paz County",2,60,224,100,124
050,04,012,"Arizona","La Paz County",2,61,230,113,117
050,04,012,"Arizona","La Paz County",2,62,241,123,118
050,04,012,"Arizona","La Paz County",2,63,234,117,117
050,04,012,"Arizona","La Paz County",2,64,226,108,118
050,04,012,"Arizona","La Paz County",2,65,222,103,119
050,04,012,"Arizona","La Paz County",2,66,258,121,137
050,04,012,"Arizona","La Paz County",2,67,280,134,146
050,04,012,"Arizona","La Paz County",2,68,294,147,147
050,04,012,"Arizona","La Paz County",2,69,289,141,148
050,04,012,"Arizona","La Paz County",2,70,298,144,154
050,04,012,"Arizona","La Paz County",2,71,338,165,173
050,04,012,"Arizona","La Paz County",2,72,369,187,182
050,04,012,"Arizona","La Paz County",2,73,437,231,206
050,04,012,"Arizona","La Paz County",2,74,342,177,165
050,04,012,"Arizona","La Paz County",2,75,358,188,170
050,04,012,"Arizona","La Paz County",2,76,358,198,160
050,04,012,"Arizona","La Paz County",2,77,363,191,172
050,04,012,"Arizona","La Paz County",2,78,317,167,150
050,04,012,"Arizona","La Paz County",2,79,298,167,131
050,04,012,"Arizona","La Paz County",2,80,267,152,115
050,04,012,"Arizona","La Paz County",2,81,266,150,116
050,04,012,"Arizona","La Paz County",2,82,262,142,120
050,04,012,"Arizona","La Paz County",2,83,216,114,102
050,04,012,"Arizona","La Paz County",2,84,202,104,98
050,04,012,"Arizona","La Paz County",2,85,910,520,390
050,04,012,"Arizona","La Paz County",3,0,152,73,79
050,04,012,"Arizona","La Paz County",3,1,129,67,62
050,04,012,"Arizona","La Paz County",3,2,126,60,66
050,04,012,"Arizona","La Paz County",3,3,138,66,72
050,04,012,"Arizona","La Paz County",3,4,143,61,82
050,04,012,"Arizona","La Paz County",3,5,140,70,70
050,04,012,"Arizona","La Paz County",3,6,160,87,73
050,04,012,"Arizona","La Paz County",3,7,157,78,79
050,04,012,"Arizona","La Paz County",3,8,136,63,73
050,04,012,"Arizona","La Paz County",3,9,136,75,61
050,04,012,"Arizona","La Paz County",3,10,125,73,52
050,04,012,"Arizona","La Paz County",3,11,130,65,65
050,04,012,"Arizona","La Paz County",3,12,148,81,67
050,04,012,"Arizona","La Paz County",3,13,154,83,71
050,04,012,"Arizona","La Paz County",3,14,160,85,75
050,04,012,"Arizona","La Paz County",3,15,153,82,71
050,04,012,"Arizona","La Paz County",3,16,144,77,67
050,04,012,"Arizona","La Paz County",3,17,139,84,55
050,04,012,"Arizona","La Paz County",3,18,134,70,64
050,04,012,"Arizona","La Paz County",3,19,137,74,63
050,04,012,"Arizona","La Paz County",3,20,117,67,50
050,04,012,"Arizona","La Paz County",3,21,114,63,51
050,04,012,"Arizona","La Paz County",3,22,120,69,51
050,04,012,"Arizona","La Paz County",3,23,125,67,58
050,04,012,"Arizona","La Paz County",3,24,130,70,60
050,04,012,"Arizona","La Paz County",3,25,140,81,59
050,04,012,"Arizona","La Paz County",3,26,126,66,60
050,04,012,"Arizona","La Paz County",3,27,136,70,66
050,04,012,"Arizona","La Paz County",3,28,142,82,60
050,04,012,"Arizona","La Paz County",3,29,149,76,73
050,04,012,"Arizona","La Paz County",3,30,140,67,73
050,04,012,"Arizona","La Paz County",3,31,134,68,66
050,04,012,"Arizona","La Paz County",3,32,131,72,59
050,04,012,"Arizona","La Paz County",3,33,129,57,72
050,04,012,"Arizona","La Paz County",3,34,142,59,83
050,04,012,"Arizona","La Paz County",3,35,141,69,72
050,04,012,"Arizona","La Paz County",3,36,131,63,68
050,04,012,"Arizona","La Paz County",3,37,130,61,69
050,04,012,"Arizona","La Paz County",3,38,133,64,69
050,04,012,"Arizona","La Paz County",3,39,136,65,71
050,04,012,"Arizona","La Paz County",3,40,129,64,65
050,04,012,"Arizona","La Paz County",3,41,144,82,62
050,04,012,"Arizona","La Paz County",3,42,146,82,64
050,04,012,"Arizona","La Paz County",3,43,138,70,68
050,04,012,"Arizona","La Paz County",3,44,134,70,64
050,04,012,"Arizona","La Paz County",3,45,118,64,54
050,04,012,"Arizona","La Paz County",3,46,116,55,61
050,04,012,"Arizona","La Paz County",3,47,111,57,54
050,04,012,"Arizona","La Paz County",3,48,101,45,56
050,04,012,"Arizona","La Paz County",3,49,139,69,70
050,04,012,"Arizona","La Paz County",3,50,141,72,69
050,04,012,"Arizona","La Paz County",3,51,141,64,77
050,04,012,"Arizona","La Paz County",3,52,141,68,73
050,04,012,"Arizona","La Paz County",3,53,153,73,80
050,04,012,"Arizona","La Paz County",3,54,147,63,84
050,04,012,"Arizona","La Paz County",3,55,146,79,67
050,04,012,"Arizona","La Paz County",3,56,165,83,82
050,04,012,"Arizona","La Paz County",3,57,168,74,94
050,04,012,"Arizona","La Paz County",3,58,171,77,94
050,04,012,"Arizona","La Paz County",3,59,209,103,106
050,04,012,"Arizona","La Paz County",3,60,219,102,117
050,04,012,"Arizona","La Paz County",3,61,215,99,116
050,04,012,"Arizona","La Paz County",3,62,225,109,116
050,04,012,"Arizona","La Paz County",3,63,236,121,115
050,04,012,"Arizona","La Paz County",3,64,223,111,112
050,04,012,"Arizona","La Paz County",3,65,231,109,122
050,04,012,"Arizona","La Paz County",3,66,226,111,115
050,04,012,"Arizona","La Paz County",3,67,265,130,135
050,04,012,"Arizona","La Paz County",3,68,282,132,150
050,04,012,"Arizona","La Paz County",3,69,295,148,147
050,04,012,"Arizona","La Paz County",3,70,307,143,164
050,04,012,"Arizona","La Paz County",3,71,301,146,155
050,04,012,"Arizona","La Paz County",3,72,335,166,169
050,04,012,"Arizona","La Paz County",3,73,357,180,177
050,04,012,"Arizona","La Paz County",3,74,433,227,206
050,04,012,"Arizona","La Paz County",3,75,346,180,166
050,04,012,"Arizona","La Paz County",3,76,340,182,158
050,04,012,"Arizona","La Paz County",3,77,355,195,160
050,04,012,"Arizona","La Paz County",3,78,350,187,163
050,04,012,"Arizona","La Paz County",3,79,298,155,143
050,04,012,"Arizona","La Paz County",3,80,286,159,127
050,04,012,"Arizona","La Paz County",3,81,235,134,101
050,04,012,"Arizona","La Paz County",3,82,250,139,111
050,04,012,"Arizona","La Paz County",3,83,236,129,107
050,04,012,"Arizona","La Paz County",3,84,199,116,83
050,04,012,"Arizona","La Paz County",3,85,995,561,434
050,04,012,"Arizona","La Paz County",4,0,158,81,77
050,04,012,"Arizona","La Paz County",4,1,159,66,93
050,04,012,"Arizona","La Paz County",4,2,127,71,56
050,04,012,"Arizona","La Paz County",4,3,137,64,73
050,04,012,"Arizona","La Paz County",4,4,137,64,73
050,04,012,"Arizona","La Paz County",4,5,156,69,87
050,04,012,"Arizona","La Paz County",4,6,133,68,65
050,04,012,"Arizona","La Paz County",4,7,151,83,68
050,04,012,"Arizona","La Paz County",4,8,143,70,73
050,04,012,"Arizona","La Paz County",4,9,128,55,73
050,04,012,"Arizona","La Paz County",4,10,133,70,63
050,04,012,"Arizona","La Paz County",4,11,122,72,50
050,04,012,"Arizona","La Paz County",4,12,130,66,64
050,04,012,"Arizona","La Paz County",4,13,140,79,61
050,04,012,"Arizona","La Paz County",4,14,155,83,72
050,04,012,"Arizona","La Paz County",4,15,164,85,79
050,04,012,"Arizona","La Paz County",4,16,148,75,73
050,04,012,"Arizona","La Paz County",4,17,149,76,73
050,04,012,"Arizona","La Paz County",4,18,135,81,54
050,04,012,"Arizona","La Paz County",4,19,118,62,56
050,04,012,"Arizona","La Paz County",4,20,139,78,61
050,04,012,"Arizona","La Paz County",4,21,111,68,43
050,04,012,"Arizona","La Paz County",4,22,118,70,48
050,04,012,"Arizona","La Paz County",4,23,119,69,50
050,04,012,"Arizona","La Paz County",4,24,135,75,60
050,04,012,"Arizona","La Paz County",4,25,131,74,57
050,04,012,"Arizona","La Paz County",4,26,131,77,54
050,04,012,"Arizona","La Paz County",4,27,127,62,65
050,04,012,"Arizona","La Paz County",4,28,130,67,63
050,04,012,"Arizona","La Paz County",4,29,148,82,66
050,04,012,"Arizona","La Paz County",4,30,132,63,69
050,04,012,"Arizona","La Paz County",4,31,148,71,77
050,04,012,"Arizona","La Paz County",4,32,130,65,65
050,04,012,"Arizona","La Paz County",4,33,128,70,58
050,04,012,"Arizona","La Paz County",4,34,120,50,70
050,04,012,"Arizona","La Paz County",4,35,140,56,84
050,04,012,"Arizona","La Paz County",4,36,133,60,73
050,04,012,"Arizona","La Paz County",4,37,140,75,65
050,04,012,"Arizona","La Paz County",4,38,119,51,68
050,04,012,"Arizona","La Paz County",4,39,131,65,66
050,04,012,"Arizona","La Paz County",4,40,139,63,76
050,04,012,"Arizona","La Paz County",4,41,137,67,70
050,04,012,"Arizona","La Paz County",4,42,152,82,70
050,04,012,"Arizona","La Paz County",4,43,164,81,83
050,04,012,"Arizona","La Paz County",4,44,134,65,69
050,04,012,"Arizona","La Paz County",4,45,146,75,71
050,04,012,"Arizona","La Paz County",4,46,124,71,53
050,04,012,"Arizona","La Paz County",4,47,115,56,59
050,04,012,"Arizona","La Paz County",4,48,113,57,56
050,04,012,"Arizona","La Paz County",4,49,98,45,53
050,04,012,"Arizona","La Paz County",4,50,142,69,73
050,04,012,"Arizona","La Paz County",4,51,146,77,69
050,04,012,"Arizona","La Paz County",4,52,161,74,87
050,04,012,"Arizona","La Paz County",4,53,143,70,73
050,04,012,"Arizona","La Paz County",4,54,154,69,85
050,04,012,"Arizona","La Paz County",4,55,146,65,81
050,04,012,"Arizona","La Paz County",4,56,161,88,73
050,04,012,"Arizona","La Paz County",4,57,183,98,85
050,04,012,"Arizona","La Paz County",4,58,179,78,101
050,04,012,"Arizona","La Paz County",4,59,176,81,95
050,04,012,"Arizona","La Paz County",4,60,217,106,111
050,04,012,"Arizona","La Paz County",4,61,221,96,125
050,04,012,"Arizona","La Paz County",4,62,230,104,126
050,04,012,"Arizona","La Paz County",4,63,230,110,120
050,04,012,"Arizona","La Paz County",4,64,220,112,108
050,04,012,"Arizona","La Paz County",4,65,238,120,118
050,04,012,"Arizona","La Paz County",4,66,251,122,129
050,04,012,"Arizona","La Paz County",4,67,248,118,130
050,04,012,"Arizona","La Paz County",4,68,292,137,155
050,04,012,"Arizona","La Paz County",4,69,303,143,160
050,04,012,"Arizona","La Paz County",4,70,325,166,159
050,04,012,"Arizona","La Paz County",4,71,317,146,171
050,04,012,"Arizona","La Paz County",4,72,309,152,157
050,04,012,"Arizona","La Paz County",4,73,335,166,169
050,04,012,"Arizona","La Paz County",4,74,373,186,187
050,04,012,"Arizona","La Paz County",4,75,428,227,201
050,04,012,"Arizona","La Paz County",4,76,344,179,165
050,04,012,"Arizona","La Paz County",4,77,344,186,158
050,04,012,"Arizona","La Paz County",4,78,333,186,147
050,04,012,"Arizona","La Paz County",4,79,340,176,164
050,04,012,"Arizona","La Paz County",4,80,279,143,136
050,04,012,"Arizona","La Paz County",4,81,267,143,124
050,04,012,"Arizona","La Paz County",4,82,219,127,92
050,04,012,"Arizona","La Paz County",4,83,227,124,103
050,04,012,"Arizona","La Paz County",4,84,220,121,99
050,04,012,"Arizona","La Paz County",4,85,1079,630,449
050,04,012,"Arizona","La Paz County",5,0,159,82,77
050,04,012,"Arizona","La Paz County",5,1,146,72,74
050,04,012,"Arizona","La Paz County",5,2,148,62,86
050,04,012,"Arizona","La Paz County",5,3,125,71,54
050,04,012,"Arizona","La Paz County",5,4,136,70,66
050,04,012,"Arizona","La Paz County",5,5,138,60,78
050,04,012,"Arizona","La Paz County",5,6,145,66,79
050,04,012,"Arizona","La Paz County",5,7,133,65,68
050,04,012,"Arizona","La Paz County",5,8,153,84,69
050,04,012,"Arizona","La Paz County",5,9,148,74,74
050,04,012,"Arizona","La Paz County",5,10,134,58,76
050,04,012,"Arizona","La Paz County",5,11,138,72,66
050,04,012,"Arizona","La Paz County",5,12,134,77,57
050,04,012,"Arizona","La Paz County",5,13,130,67,63
050,04,012,"Arizona","La Paz County",5,14,143,81,62
050,04,012,"Arizona","La Paz County",5,15,143,77,66
050,04,012,"Arizona","La Paz County",5,16,159,84,75
050,04,012,"Arizona","La Paz County",5,17,142,72,70
050,04,012,"Arizona","La Paz County",5,18,132,67,65
050,04,012,"Arizona","La Paz County",5,19,121,68,53
050,04,012,"Arizona","La Paz County",5,20,121,65,56
050,04,012,"Arizona","La Paz County",5,21,142,82,60
050,04,012,"Arizona","La Paz County",5,22,122,71,51
050,04,012,"Arizona","La Paz County",5,23,114,65,49
050,04,012,"Arizona","La Paz County",5,24,127,71,56
050,04,012,"Arizona","La Paz County",5,25,134,72,62
050,04,012,"Arizona","La Paz County",5,26,125,67,58
050,04,012,"Arizona","La Paz County",5,27,137,75,62
050,04,012,"Arizona","La Paz County",5,28,127,60,67
050,04,012,"Arizona","La Paz County",5,29,142,78,64
050,04,012,"Arizona","La Paz County",5,30,147,81,66
050,04,012,"Arizona","La Paz County",5,31,131,65,66
050,04,012,"Arizona","La Paz County",5,32,146,72,74
050,04,012,"Arizona","La Paz County",5,33,133,66,67
050,04,012,"Arizona","La Paz County",5,34,120,63,57
050,04,012,"Arizona","La Paz County",5,35,120,50,70
050,04,012,"Arizona","La Paz County",5,36,139,57,82
050,04,012,"Arizona","La Paz County",5,37,134,60,74
050,04,012,"Arizona","La Paz County",5,38,135,64,71
050,04,012,"Arizona","La Paz County",5,39,122,52,70
050,04,012,"Arizona","La Paz County",5,40,138,74,64
050,04,012,"Arizona","La Paz County",5,41,136,62,74
050,04,012,"Arizona","La Paz County",5,42,133,62,71
050,04,012,"Arizona","La Paz County",5,43,160,83,77
050,04,012,"Arizona","La Paz County",5,44,172,83,89
050,04,012,"Arizona","La Paz County",5,45,149,72,77
050,04,012,"Arizona","La Paz County",5,46,141,79,62
050,04,012,"Arizona","La Paz County",5,47,115,66,49
050,04,012,"Arizona","La Paz County",5,48,121,62,59
050,04,012,"Arizona","La Paz County",5,49,125,61,64
050,04,012,"Arizona","La Paz County",5,50,103,47,56
050,04,012,"Arizona","La Paz County",5,51,134,69,65
050,04,012,"Arizona","La Paz County",5,52,141,76,65
050,04,012,"Arizona","La Paz County",5,53,158,70,88
050,04,012,"Arizona","La Paz County",5,54,137,66,71
050,04,012,"Arizona","La Paz County",5,55,154,72,82
050,04,012,"Arizona","La Paz County",5,56,146,60,86
050,04,012,"Arizona","La Paz County",5,57,157,90,67
050,04,012,"Arizona","La Paz County",5,58,189,101,88
050,04,012,"Arizona","La Paz County",5,59,194,86,108
050,04,012,"Arizona","La Paz County",5,60,186,88,98
050,04,012,"Arizona","La Paz County",5,61,221,108,113
050,04,012,"Arizona","La Paz County",5,62,227,102,125
050,04,012,"Arizona","La Paz County",5,63,254,119,135
050,04,012,"Arizona","La Paz County",5,64,213,98,115
050,04,012,"Arizona","La Paz County",5,65,245,121,124
050,04,012,"Arizona","La Paz County",5,66,264,138,126
050,04,012,"Arizona","La Paz County",5,67,286,138,148
050,04,012,"Arizona","La Paz County",5,68,270,120,150
050,04,012,"Arizona","La Paz County",5,69,294,150,144
050,04,012,"Arizona","La Paz County",5,70,323,156,167
050,04,012,"Arizona","La Paz County",5,71,348,174,174
050,04,012,"Arizona","La Paz County",5,72,327,158,169
050,04,012,"Arizona","La Paz County",5,73,316,160,156
050,04,012,"Arizona","La Paz County",5,74,347,172,175
050,04,012,"Arizona","La Paz County",5,75,363,179,184
050,04,012,"Arizona","La Paz County",5,76,428,228,200
050,04,012,"Arizona","La Paz County",5,77,337,174,163
050,04,012,"Arizona","La Paz County",5,78,315,172,143
050,04,012,"Arizona","La Paz County",5,79,326,178,148
050,04,012,"Arizona","La Paz County",5,80,322,164,158
050,04,012,"Arizona","La Paz County",5,81,281,145,136
050,04,012,"Arizona","La Paz County",5,82,255,139,116
050,04,012,"Arizona","La Paz County",5,83,205,121,84
050,04,012,"Arizona","La Paz County",5,84,216,123,93
050,04,012,"Arizona","La Paz County",5,85,1213,706,507
050,04,013,"Arizona","Maricopa County",1,0,50142,25623,24519
050,04,013,"Arizona","Maricopa County",1,1,50716,25927,24789
050,04,013,"Arizona","Maricopa County",1,2,51936,26499,25437
050,04,013,"Arizona","Maricopa County",1,3,53705,27436,26269
050,04,013,"Arizona","Maricopa County",1,4,55287,28404,26883
050,04,013,"Arizona","Maricopa County",1,5,56603,28882,27721
050,04,013,"Arizona","Maricopa County",1,6,56219,28792,27427
050,04,013,"Arizona","Maricopa County",1,7,56234,28703,27531
050,04,013,"Arizona","Maricopa County",1,8,56366,28933,27433
050,04,013,"Arizona","Maricopa County",1,9,56642,28940,27702
050,04,013,"Arizona","Maricopa County",1,10,58571,29960,28611
050,04,013,"Arizona","Maricopa County",1,11,60919,31139,29780
050,04,013,"Arizona","Maricopa County",1,12,63223,32287,30936
050,04,013,"Arizona","Maricopa County",1,13,63088,32223,30865
050,04,013,"Arizona","Maricopa County",1,14,61697,31367,30330
050,04,013,"Arizona","Maricopa County",1,15,60600,30884,29716
050,04,013,"Arizona","Maricopa County",1,16,60906,31166,29740
050,04,013,"Arizona","Maricopa County",1,17,59554,30667,28887
050,04,013,"Arizona","Maricopa County",1,18,58827,30243,28584
050,04,013,"Arizona","Maricopa County",1,19,56508,29445,27063
050,04,013,"Arizona","Maricopa County",1,20,55007,28510,26497
050,04,013,"Arizona","Maricopa County",1,21,55057,28293,26764
050,04,013,"Arizona","Maricopa County",1,22,56580,28962,27618
050,04,013,"Arizona","Maricopa County",1,23,59364,30158,29206
050,04,013,"Arizona","Maricopa County",1,24,61469,30951,30518
050,04,013,"Arizona","Maricopa County",1,25,62279,31592,30687
050,04,013,"Arizona","Maricopa County",1,26,63448,32376,31072
050,04,013,"Arizona","Maricopa County",1,27,64574,32858,31716
050,04,013,"Arizona","Maricopa County",1,28,66132,33392,32740
050,04,013,"Arizona","Maricopa County",1,29,67695,34305,33390
050,04,013,"Arizona","Maricopa County",1,30,66917,34046,32871
050,04,013,"Arizona","Maricopa County",1,31,63769,32421,31348
050,04,013,"Arizona","Maricopa County",1,32,62698,32020,30678
050,04,013,"Arizona","Maricopa County",1,33,61436,31417,30019
050,04,013,"Arizona","Maricopa County",1,34,61958,31777,30181
050,04,013,"Arizona","Maricopa County",1,35,60613,30921,29692
050,04,013,"Arizona","Maricopa County",1,36,59629,30470,29159
050,04,013,"Arizona","Maricopa County",1,37,60757,30993,29764
050,04,013,"Arizona","Maricopa County",1,38,60567,30710,29857
050,04,013,"Arizona","Maricopa County",1,39,60047,30327,29720
050,04,013,"Arizona","Maricopa County",1,40,59345,30092,29253
050,04,013,"Arizona","Maricopa County",1,41,56477,28512,27965
050,04,013,"Arizona","Maricopa County",1,42,56314,28269,28045
050,04,013,"Arizona","Maricopa County",1,43,54996,27468,27528
050,04,013,"Arizona","Maricopa County",1,44,54197,27048,27149
050,04,013,"Arizona","Maricopa County",1,45,55288,27554,27734
050,04,013,"Arizona","Maricopa County",1,46,54111,26877,27234
050,04,013,"Arizona","Maricopa County",1,47,53979,26978,27001
050,04,013,"Arizona","Maricopa County",1,48,56687,28380,28307
050,04,013,"Arizona","Maricopa County",1,49,59849,29973,29876
050,04,013,"Arizona","Maricopa County",1,50,57851,29081,28770
050,04,013,"Arizona","Maricopa County",1,51,55472,27912,27560
050,04,013,"Arizona","Maricopa County",1,52,53205,26725,26480
050,04,013,"Arizona","Maricopa County",1,53,52568,26312,26256
050,04,013,"Arizona","Maricopa County",1,54,52441,26103,26338
050,04,013,"Arizona","Maricopa County",1,55,54461,26872,27589
050,04,013,"Arizona","Maricopa County",1,56,55119,27240,27879
050,04,013,"Arizona","Maricopa County",1,57,54861,27130,27731
050,04,013,"Arizona","Maricopa County",1,58,54970,27142,27828
050,04,013,"Arizona","Maricopa County",1,59,53850,26404,27446
050,04,013,"Arizona","Maricopa County",1,60,52295,25651,26644
050,04,013,"Arizona","Maricopa County",1,61,51051,24821,26230
050,04,013,"Arizona","Maricopa County",1,62,50859,24548,26311
050,04,013,"Arizona","Maricopa County",1,63,48800,23362,25438
050,04,013,"Arizona","Maricopa County",1,64,47191,22431,24760
050,04,013,"Arizona","Maricopa County",1,65,46053,21789,24264
050,04,013,"Arizona","Maricopa County",1,66,44630,20980,23650
050,04,013,"Arizona","Maricopa County",1,67,42946,19954,22992
050,04,013,"Arizona","Maricopa County",1,68,42109,19492,22617
050,04,013,"Arizona","Maricopa County",1,69,40265,18660,21605
050,04,013,"Arizona","Maricopa County",1,70,39741,18351,21390
050,04,013,"Arizona","Maricopa County",1,71,39339,18165,21174
050,04,013,"Arizona","Maricopa County",1,72,40230,18590,21640
050,04,013,"Arizona","Maricopa County",1,73,40552,18936,21616
050,04,013,"Arizona","Maricopa County",1,74,28799,13170,15629
050,04,013,"Arizona","Maricopa County",1,75,28730,13200,15530
050,04,013,"Arizona","Maricopa County",1,76,28410,13182,15228
050,04,013,"Arizona","Maricopa County",1,77,27729,12734,14995
050,04,013,"Arizona","Maricopa County",1,78,23772,10847,12925
050,04,013,"Arizona","Maricopa County",1,79,21223,9595,11628
050,04,013,"Arizona","Maricopa County",1,80,19283,8610,10673
050,04,013,"Arizona","Maricopa County",1,81,17981,8173,9808
050,04,013,"Arizona","Maricopa County",1,82,16285,7457,8828
050,04,013,"Arizona","Maricopa County",1,83,14311,6415,7896
050,04,013,"Arizona","Maricopa County",1,84,13162,5821,7341
050,04,013,"Arizona","Maricopa County",1,85,75576,29980,45596
050,04,013,"Arizona","Maricopa County",2,0,49426,25186,24240
050,04,013,"Arizona","Maricopa County",2,1,50760,25950,24810
050,04,013,"Arizona","Maricopa County",2,2,51816,26454,25362
050,04,013,"Arizona","Maricopa County",2,3,53263,27223,26040
050,04,013,"Arizona","Maricopa County",2,4,55181,28303,26878
050,04,013,"Arizona","Maricopa County",2,5,56468,28859,27609
050,04,013,"Arizona","Maricopa County",2,6,56536,28946,27590
050,04,013,"Arizona","Maricopa County",2,7,56302,28757,27545
050,04,013,"Arizona","Maricopa County",2,8,56270,28832,27438
050,04,013,"Arizona","Maricopa County",2,9,56703,29032,27671
050,04,013,"Arizona","Maricopa County",2,10,58255,29774,28481
050,04,013,"Arizona","Maricopa County",2,11,60240,30795,29445
050,04,013,"Arizona","Maricopa County",2,12,63097,32246,30851
050,04,013,"Arizona","Maricopa County",2,13,63195,32280,30915
050,04,013,"Arizona","Maricopa County",2,14,62173,31649,30524
050,04,013,"Arizona","Maricopa County",2,15,61049,31103,29946
050,04,013,"Arizona","Maricopa County",2,16,61068,31235,29833
050,04,013,"Arizona","Maricopa County",2,17,60043,30866,29177
050,04,013,"Arizona","Maricopa County",2,18,58797,30219,28578
050,04,013,"Arizona","Maricopa County",2,19,56779,29550,27229
050,04,013,"Arizona","Maricopa County",2,20,55851,28967,26884
050,04,013,"Arizona","Maricopa County",2,21,55412,28480,26932
050,04,013,"Arizona","Maricopa County",2,22,57121,29228,27893
050,04,013,"Arizona","Maricopa County",2,23,59724,30345,29379
050,04,013,"Arizona","Maricopa County",2,24,61509,30987,30522
050,04,013,"Arizona","Maricopa County",2,25,62634,31776,30858
050,04,013,"Arizona","Maricopa County",2,26,63798,32551,31247
050,04,013,"Arizona","Maricopa County",2,27,64613,32943,31670
050,04,013,"Arizona","Maricopa County",2,28,66084,33477,32607
050,04,013,"Arizona","Maricopa County",2,29,67582,34203,33379
050,04,013,"Arizona","Maricopa County",2,30,67715,34422,33293
050,04,013,"Arizona","Maricopa County",2,31,64493,32798,31695
050,04,013,"Arizona","Maricopa County",2,32,63201,32253,30948
050,04,013,"Arizona","Maricopa County",2,33,61839,31621,30218
050,04,013,"Arizona","Maricopa County",2,34,62047,31830,30217
050,04,013,"Arizona","Maricopa County",2,35,61444,31379,30065
050,04,013,"Arizona","Maricopa County",2,36,59755,30512,29243
050,04,013,"Arizona","Maricopa County",2,37,60725,30986,29739
050,04,013,"Arizona","Maricopa County",2,38,61121,31022,30099
050,04,013,"Arizona","Maricopa County",2,39,60104,30366,29738
050,04,013,"Arizona","Maricopa County",2,40,60167,30477,29690
050,04,013,"Arizona","Maricopa County",2,41,57162,28879,28283
050,04,013,"Arizona","Maricopa County",2,42,56362,28336,28026
050,04,013,"Arizona","Maricopa County",2,43,55722,27854,27868
050,04,013,"Arizona","Maricopa County",2,44,54279,27110,27169
050,04,013,"Arizona","Maricopa County",2,45,55427,27618,27809
050,04,013,"Arizona","Maricopa County",2,46,54428,27027,27401
050,04,013,"Arizona","Maricopa County",2,47,54015,26953,27062
050,04,013,"Arizona","Maricopa County",2,48,56227,28142,28085
050,04,013,"Arizona","Maricopa County",2,49,59509,29794,29715
050,04,013,"Arizona","Maricopa County",2,50,58588,29438,29150
050,04,013,"Arizona","Maricopa County",2,51,56036,28132,27904
050,04,013,"Arizona","Maricopa County",2,52,53846,27084,26762
050,04,013,"Arizona","Maricopa County",2,53,52796,26434,26362
050,04,013,"Arizona","Maricopa County",2,54,52537,26189,26348
050,04,013,"Arizona","Maricopa County",2,55,54149,26753,27396
050,04,013,"Arizona","Maricopa County",2,56,55290,27325,27965
050,04,013,"Arizona","Maricopa County",2,57,55116,27226,27890
050,04,013,"Arizona","Maricopa County",2,58,55039,27170,27869
050,04,013,"Arizona","Maricopa County",2,59,54359,26687,27672
050,04,013,"Arizona","Maricopa County",2,60,52801,25896,26905
050,04,013,"Arizona","Maricopa County",2,61,51376,25029,26347
050,04,013,"Arizona","Maricopa County",2,62,50918,24606,26312
050,04,013,"Arizona","Maricopa County",2,63,49804,23868,25936
050,04,013,"Arizona","Maricopa County",2,64,47403,22542,24861
050,04,013,"Arizona","Maricopa County",2,65,46396,21969,24427
050,04,013,"Arizona","Maricopa County",2,66,45099,21206,23893
050,04,013,"Arizona","Maricopa County",2,67,43273,20166,23107
050,04,013,"Arizona","Maricopa County",2,68,42089,19464,22625
050,04,013,"Arizona","Maricopa County",2,69,40965,18949,22016
050,04,013,"Arizona","Maricopa County",2,70,39832,18387,21445
050,04,013,"Arizona","Maricopa County",2,71,39477,18196,21281
050,04,013,"Arizona","Maricopa County",2,72,39423,18199,21224
050,04,013,"Arizona","Maricopa County",2,73,42264,19692,22572
050,04,013,"Arizona","Maricopa County",2,74,29804,13666,16138
050,04,013,"Arizona","Maricopa County",2,75,28775,13195,15580
050,04,013,"Arizona","Maricopa County",2,76,28113,12993,15120
050,04,013,"Arizona","Maricopa County",2,77,28391,13061,15330
050,04,013,"Arizona","Maricopa County",2,78,24185,11044,13141
050,04,013,"Arizona","Maricopa County",2,79,21561,9745,11816
050,04,013,"Arizona","Maricopa County",2,80,19620,8760,10860
050,04,013,"Arizona","Maricopa County",2,81,18028,8156,9872
050,04,013,"Arizona","Maricopa County",2,82,16582,7554,9028
050,04,013,"Arizona","Maricopa County",2,83,14470,6510,7960
050,04,013,"Arizona","Maricopa County",2,84,13219,5870,7349
050,04,013,"Arizona","Maricopa County",2,85,75944,30206,45738
050,04,013,"Arizona","Maricopa County",3,0,48665,24763,23902
050,04,013,"Arizona","Maricopa County",3,1,50051,25507,24544
050,04,013,"Arizona","Maricopa County",3,2,51329,26220,25109
050,04,013,"Arizona","Maricopa County",3,3,52192,26625,25567
050,04,013,"Arizona","Maricopa County",3,4,53808,27498,26310
050,04,013,"Arizona","Maricopa County",3,5,55599,28540,27059
050,04,013,"Arizona","Maricopa County",3,6,56987,29113,27874
050,04,013,"Arizona","Maricopa County",3,7,57011,29147,27864
050,04,013,"Arizona","Maricopa County",3,8,56803,29025,27778
050,04,013,"Arizona","Maricopa County",3,9,56687,29016,27671
050,04,013,"Arizona","Maricopa County",3,10,57147,29214,27933
050,04,013,"Arizona","Maricopa County",3,11,58548,29925,28623
050,04,013,"Arizona","Maricopa County",3,12,60553,30958,29595
050,04,013,"Arizona","Maricopa County",3,13,63569,32516,31053
050,04,013,"Arizona","Maricopa County",3,14,63499,32437,31062
050,04,013,"Arizona","Maricopa County",3,15,62535,31864,30671
050,04,013,"Arizona","Maricopa County",3,16,61618,31485,30133
050,04,013,"Arizona","Maricopa County",3,17,61669,31617,30052
050,04,013,"Arizona","Maricopa County",3,18,58410,30123,28287
050,04,013,"Arizona","Maricopa County",3,19,54882,28595,26287
050,04,013,"Arizona","Maricopa County",3,20,55881,29066,26815
050,04,013,"Arizona","Maricopa County",3,21,56793,29260,27533
050,04,013,"Arizona","Maricopa County",3,22,58012,29525,28487
050,04,013,"Arizona","Maricopa County",3,23,61597,31209,30388
050,04,013,"Arizona","Maricopa County",3,24,62835,31726,31109
050,04,013,"Arizona","Maricopa County",3,25,63603,32145,31458
050,04,013,"Arizona","Maricopa County",3,26,64955,33102,31853
050,04,013,"Arizona","Maricopa County",3,27,65370,33412,31958
050,04,013,"Arizona","Maricopa County",3,28,65701,33522,32179
050,04,013,"Arizona","Maricopa County",3,29,67370,34132,33238
050,04,013,"Arizona","Maricopa County",3,30,68416,34780,33636
050,04,013,"Arizona","Maricopa County",3,31,68358,34764,33594
050,04,013,"Arizona","Maricopa County",3,32,65472,33302,32170
050,04,013,"Arizona","Maricopa County",3,33,63521,32392,31129
050,04,013,"Arizona","Maricopa County",3,34,62679,32162,30517
050,04,013,"Arizona","Maricopa County",3,35,62577,31945,30632
050,04,013,"Arizona","Maricopa County",3,36,62002,31647,30355
050,04,013,"Arizona","Maricopa County",3,37,60252,30731,29521
050,04,013,"Arizona","Maricopa County",3,38,61343,31236,30107
050,04,013,"Arizona","Maricopa County",3,39,61469,31117,30352
050,04,013,"Arizona","Maricopa County",3,40,60807,30752,30055
050,04,013,"Arizona","Maricopa County",3,41,60302,30566,29736
050,04,013,"Arizona","Maricopa County",3,42,57790,29079,28711
050,04,013,"Arizona","Maricopa County",3,43,56256,28307,27949
050,04,013,"Arizona","Maricopa County",3,44,56203,28091,28112
050,04,013,"Arizona","Maricopa County",3,45,54374,27057,27317
050,04,013,"Arizona","Maricopa County",3,46,55691,27656,28035
050,04,013,"Arizona","Maricopa County",3,47,54422,27073,27349
050,04,013,"Arizona","Maricopa County",3,48,54278,27046,27232
050,04,013,"Arizona","Maricopa County",3,49,56574,28170,28404
050,04,013,"Arizona","Maricopa County",3,50,59758,29945,29813
050,04,013,"Arizona","Maricopa County",3,51,58938,29333,29605
050,04,013,"Arizona","Maricopa County",3,52,56165,28251,27914
050,04,013,"Arizona","Maricopa County",3,53,53905,27105,26800
050,04,013,"Arizona","Maricopa County",3,54,53053,26476,26577
050,04,013,"Arizona","Maricopa County",3,55,52607,26154,26453
050,04,013,"Arizona","Maricopa County",3,56,54400,26828,27572
050,04,013,"Arizona","Maricopa County",3,57,55411,27269,28142
050,04,013,"Arizona","Maricopa County",3,58,55174,27200,27974
050,04,013,"Arizona","Maricopa County",3,59,55238,27193,28045
050,04,013,"Arizona","Maricopa County",3,60,54382,26639,27743
050,04,013,"Arizona","Maricopa County",3,61,52912,25885,27027
050,04,013,"Arizona","Maricopa County",3,62,51333,24938,26395
050,04,013,"Arizona","Maricopa County",3,63,50873,24468,26405
050,04,013,"Arizona","Maricopa County",3,64,49593,23693,25900
050,04,013,"Arizona","Maricopa County",3,65,47398,22424,24974
050,04,013,"Arizona","Maricopa County",3,66,46257,21735,24522
050,04,013,"Arizona","Maricopa County",3,67,44611,20912,23699
050,04,013,"Arizona","Maricopa County",3,68,42804,19828,22976
050,04,013,"Arizona","Maricopa County",3,69,41619,19172,22447
050,04,013,"Arizona","Maricopa County",3,70,40576,18651,21925
050,04,013,"Arizona","Maricopa County",3,71,39443,18164,21279
050,04,013,"Arizona","Maricopa County",3,72,38888,17785,21103
050,04,013,"Arizona","Maricopa County",3,73,38711,17786,20925
050,04,013,"Arizona","Maricopa County",3,74,41319,19141,22178
050,04,013,"Arizona","Maricopa County",3,75,29311,13381,15930
050,04,013,"Arizona","Maricopa County",3,76,27973,12775,15198
050,04,013,"Arizona","Maricopa County",3,77,27272,12498,14774
050,04,013,"Arizona","Maricopa County",3,78,27478,12560,14918
050,04,013,"Arizona","Maricopa County",3,79,23271,10511,12760
050,04,013,"Arizona","Maricopa County",3,80,20597,9250,11347
050,04,013,"Arizona","Maricopa County",3,81,18679,8281,10398
050,04,013,"Arizona","Maricopa County",3,82,17110,7661,9449
050,04,013,"Arizona","Maricopa County",3,83,15350,6911,8439
050,04,013,"Arizona","Maricopa County",3,84,13516,5997,7519
050,04,013,"Arizona","Maricopa County",3,85,77048,31052,45996
050,04,013,"Arizona","Maricopa County",4,0,51100,26076,25024
050,04,013,"Arizona","Maricopa County",4,1,48782,24869,23913
050,04,013,"Arizona","Maricopa County",4,2,50446,25734,24712
050,04,013,"Arizona","Maricopa County",4,3,51734,26413,25321
050,04,013,"Arizona","Maricopa County",4,4,52851,26896,25955
050,04,013,"Arizona","Maricopa County",4,5,54283,27763,26520
050,04,013,"Arizona","Maricopa County",4,6,55887,28751,27136
050,04,013,"Arizona","Maricopa County",4,7,57526,29435,28091
050,04,013,"Arizona","Maricopa County",4,8,57391,29317,28074
050,04,013,"Arizona","Maricopa County",4,9,57060,29180,27880
050,04,013,"Arizona","Maricopa County",4,10,57050,29213,27837
050,04,013,"Arizona","Maricopa County",4,11,57524,29449,28075
050,04,013,"Arizona","Maricopa County",4,12,58958,30051,28907
050,04,013,"Arizona","Maricopa County",4,13,61025,31247,29778
050,04,013,"Arizona","Maricopa County",4,14,63640,32528,31112
050,04,013,"Arizona","Maricopa County",4,15,63946,32729,31217
050,04,013,"Arizona","Maricopa County",4,16,63124,32123,31001
050,04,013,"Arizona","Maricopa County",4,17,62132,31845,30287
050,04,013,"Arizona","Maricopa County",4,18,61359,31534,29825
050,04,013,"Arizona","Maricopa County",4,19,57766,30078,27688
050,04,013,"Arizona","Maricopa County",4,20,56365,29328,27037
050,04,013,"Arizona","Maricopa County",4,21,58386,30219,28167
050,04,013,"Arizona","Maricopa County",4,22,60452,30973,29479
050,04,013,"Arizona","Maricopa County",4,23,62784,31796,30988
050,04,013,"Arizona","Maricopa County",4,24,65015,32749,32266
050,04,013,"Arizona","Maricopa County",4,25,65377,33251,32126
050,04,013,"Arizona","Maricopa County",4,26,66087,33447,32640
050,04,013,"Arizona","Maricopa County",4,27,66510,33957,32553
050,04,013,"Arizona","Maricopa County",4,28,66298,34051,32247
050,04,013,"Arizona","Maricopa County",4,29,66911,34205,32706
050,04,013,"Arizona","Maricopa County",4,30,68045,34443,33602
050,04,013,"Arizona","Maricopa County",4,31,69014,35042,33972
050,04,013,"Arizona","Maricopa County",4,32,69148,35243,33905
050,04,013,"Arizona","Maricopa County",4,33,65531,33331,32200
050,04,013,"Arizona","Maricopa County",4,34,64132,32774,31358
050,04,013,"Arizona","Maricopa County",4,35,62979,32191,30788
050,04,013,"Arizona","Maricopa County",4,36,63011,32198,30813
050,04,013,"Arizona","Maricopa County",4,37,62505,31851,30654
050,04,013,"Arizona","Maricopa County",4,38,60653,30917,29736
050,04,013,"Arizona","Maricopa County",4,39,61440,31239,30201
050,04,013,"Arizona","Maricopa County",4,40,61857,31338,30519
050,04,013,"Arizona","Maricopa County",4,41,60824,30705,30119
050,04,013,"Arizona","Maricopa County",4,42,60769,30779,29990
050,04,013,"Arizona","Maricopa County",4,43,57581,28946,28635
050,04,013,"Arizona","Maricopa County",4,44,56687,28500,28187
050,04,013,"Arizona","Maricopa County",4,45,56317,28116,28201
050,04,013,"Arizona","Maricopa County",4,46,54430,26988,27442
050,04,013,"Arizona","Maricopa County",4,47,55527,27651,27876
050,04,013,"Arizona","Maricopa County",4,48,54585,27157,27428
050,04,013,"Arizona","Maricopa County",4,49,54418,27049,27369
050,04,013,"Arizona","Maricopa County",4,50,56414,28137,28277
050,04,013,"Arizona","Maricopa County",4,51,60014,29855,30159
050,04,013,"Arizona","Maricopa County",4,52,58775,29335,29440
050,04,013,"Arizona","Maricopa County",4,53,56188,28224,27964
050,04,013,"Arizona","Maricopa County",4,54,54072,27076,26996
050,04,013,"Arizona","Maricopa County",4,55,52967,26339,26628
050,04,013,"Arizona","Maricopa County",4,56,52743,26227,26516
050,04,013,"Arizona","Maricopa County",4,57,54430,26764,27666
050,04,013,"Arizona","Maricopa County",4,58,55096,27060,28036
050,04,013,"Arizona","Maricopa County",4,59,55011,27032,27979
050,04,013,"Arizona","Maricopa County",4,60,54919,26951,27968
050,04,013,"Arizona","Maricopa County",4,61,54145,26512,27633
050,04,013,"Arizona","Maricopa County",4,62,52737,25705,27032
050,04,013,"Arizona","Maricopa County",4,63,51079,24745,26334
050,04,013,"Arizona","Maricopa County",4,64,50455,24274,26181
050,04,013,"Arizona","Maricopa County",4,65,49180,23483,25697
050,04,013,"Arizona","Maricopa County",4,66,47050,22101,24949
050,04,013,"Arizona","Maricopa County",4,67,45548,21285,24263
050,04,013,"Arizona","Maricopa County",4,68,43885,20487,23398
050,04,013,"Arizona","Maricopa County",4,69,42300,19516,22784
050,04,013,"Arizona","Maricopa County",4,70,41046,18840,22206
050,04,013,"Arizona","Maricopa County",4,71,39832,18193,21639
050,04,013,"Arizona","Maricopa County",4,72,38751,17705,21046
050,04,013,"Arizona","Maricopa County",4,73,38023,17268,20755
050,04,013,"Arizona","Maricopa County",4,74,37684,17224,20460
050,04,013,"Arizona","Maricopa County",4,75,40433,18656,21777
050,04,013,"Arizona","Maricopa County",4,76,28309,12852,15457
050,04,013,"Arizona","Maricopa County",4,77,27020,12239,14781
050,04,013,"Arizona","Maricopa County",4,78,26232,11908,14324
050,04,013,"Arizona","Maricopa County",4,79,26360,11968,14392
050,04,013,"Arizona","Maricopa County",4,80,22212,9963,12249
050,04,013,"Arizona","Maricopa County",4,81,19454,8655,10799
050,04,013,"Arizona","Maricopa County",4,82,17586,7711,9875
050,04,013,"Arizona","Maricopa County",4,83,15836,7024,8812
050,04,013,"Arizona","Maricopa County",4,84,14379,6416,7963
050,04,013,"Arizona","Maricopa County",4,85,78446,31876,46570
050,04,013,"Arizona","Maricopa County",5,0,50740,25879,24861
050,04,013,"Arizona","Maricopa County",5,1,50969,25990,24979
050,04,013,"Arizona","Maricopa County",5,2,48836,24848,23988
050,04,013,"Arizona","Maricopa County",5,3,50454,25704,24750
050,04,013,"Arizona","Maricopa County",5,4,51941,26508,25433
050,04,013,"Arizona","Maricopa County",5,5,52889,26826,26063
050,04,013,"Arizona","Maricopa County",5,6,54428,27854,26574
050,04,013,"Arizona","Maricopa County",5,7,55879,28772,27107
050,04,013,"Arizona","Maricopa County",5,8,57511,29502,28009
050,04,013,"Arizona","Maricopa County",5,9,57256,29300,27956
050,04,013,"Arizona","Maricopa County",5,10,56923,29056,27867
050,04,013,"Arizona","Maricopa County",5,11,56871,29118,27753
050,04,013,"Arizona","Maricopa County",5,12,57459,29430,28029
050,04,013,"Arizona","Maricopa County",5,13,59123,30113,29010
050,04,013,"Arizona","Maricopa County",5,14,61090,31163,29927
050,04,013,"Arizona","Maricopa County",5,15,63562,32549,31013
050,04,013,"Arizona","Maricopa County",5,16,64170,32854,31316
050,04,013,"Arizona","Maricopa County",5,17,63395,32395,31000
050,04,013,"Arizona","Maricopa County",5,18,61841,31725,30116
050,04,013,"Arizona","Maricopa County",5,19,59305,30951,28354
050,04,013,"Arizona","Maricopa County",5,20,57116,29704,27412
050,04,013,"Arizona","Maricopa County",5,21,57720,29894,27826
050,04,013,"Arizona","Maricopa County",5,22,61414,31551,29863
050,04,013,"Arizona","Maricopa County",5,23,64556,32848,31708
050,04,013,"Arizona","Maricopa County",5,24,65433,32874,32559
050,04,013,"Arizona","Maricopa County",5,25,66641,33837,32804
050,04,013,"Arizona","Maricopa County",5,26,66699,34017,32682
050,04,013,"Arizona","Maricopa County",5,27,67083,34125,32958
050,04,013,"Arizona","Maricopa County",5,28,66688,34162,32526
050,04,013,"Arizona","Maricopa County",5,29,66942,34277,32665
050,04,013,"Arizona","Maricopa County",5,30,66951,34343,32608
050,04,013,"Arizona","Maricopa County",5,31,67760,34355,33405
050,04,013,"Arizona","Maricopa County",5,32,69053,35159,33894
050,04,013,"Arizona","Maricopa County",5,33,68591,34959,33632
050,04,013,"Arizona","Maricopa County",5,34,65549,33301,32248
050,04,013,"Arizona","Maricopa County",5,35,64282,32742,31540
050,04,013,"Arizona","Maricopa County",5,36,62874,32142,30732
050,04,013,"Arizona","Maricopa County",5,37,62856,32102,30754
050,04,013,"Arizona","Maricopa County",5,38,62542,31892,30650
050,04,013,"Arizona","Maricopa County",5,39,60267,30611,29656
050,04,013,"Arizona","Maricopa County",5,40,61545,31346,30199
050,04,013,"Arizona","Maricopa County",5,41,61411,31074,30337
050,04,013,"Arizona","Maricopa County",5,42,60895,30709,30186
050,04,013,"Arizona","Maricopa County",5,43,60278,30494,29784
050,04,013,"Arizona","Maricopa County",5,44,57625,28932,28693
050,04,013,"Arizona","Maricopa County",5,45,56399,28311,28088
050,04,013,"Arizona","Maricopa County",5,46,56042,27889,28153
050,04,013,"Arizona","Maricopa County",5,47,54093,26910,27183
050,04,013,"Arizona","Maricopa County",5,48,55228,27486,27742
050,04,013,"Arizona","Maricopa County",5,49,54422,26980,27442
050,04,013,"Arizona","Maricopa County",5,50,54287,27004,27283
050,04,013,"Arizona","Maricopa County",5,51,56311,27897,28414
050,04,013,"Arizona","Maricopa County",5,52,59773,29877,29896
050,04,013,"Arizona","Maricopa County",5,53,58443,29145,29298
050,04,013,"Arizona","Maricopa County",5,54,56268,28160,28108
050,04,013,"Arizona","Maricopa County",5,55,53898,26853,27045
050,04,013,"Arizona","Maricopa County",5,56,52942,26401,26541
050,04,013,"Arizona","Maricopa County",5,57,52656,26134,26522
050,04,013,"Arizona","Maricopa County",5,58,54082,26565,27517
050,04,013,"Arizona","Maricopa County",5,59,54868,26862,28006
050,04,013,"Arizona","Maricopa County",5,60,54677,26817,27860
050,04,013,"Arizona","Maricopa County",5,61,54633,26729,27904
050,04,013,"Arizona","Maricopa County",5,62,53913,26324,27589
050,04,013,"Arizona","Maricopa County",5,63,52391,25498,26893
050,04,013,"Arizona","Maricopa County",5,64,50534,24456,26078
050,04,013,"Arizona","Maricopa County",5,65,50037,24075,25962
050,04,013,"Arizona","Maricopa County",5,66,48715,23147,25568
050,04,013,"Arizona","Maricopa County",5,67,46388,21728,24660
050,04,013,"Arizona","Maricopa County",5,68,44793,20839,23954
050,04,013,"Arizona","Maricopa County",5,69,43277,20089,23188
050,04,013,"Arizona","Maricopa County",5,70,41634,19140,22494
050,04,013,"Arizona","Maricopa County",5,71,40301,18384,21917
050,04,013,"Arizona","Maricopa County",5,72,39182,17779,21403
050,04,013,"Arizona","Maricopa County",5,73,37994,17307,20687
050,04,013,"Arizona","Maricopa County",5,74,37067,16725,20342
050,04,013,"Arizona","Maricopa County",5,75,37002,16883,20119
050,04,013,"Arizona","Maricopa County",5,76,39244,17998,21246
050,04,013,"Arizona","Maricopa County",5,77,27520,12384,15136
050,04,013,"Arizona","Maricopa County",5,78,26040,11703,14337
050,04,013,"Arizona","Maricopa County",5,79,25274,11414,13860
050,04,013,"Arizona","Maricopa County",5,80,25366,11484,13882
050,04,013,"Arizona","Maricopa County",5,81,21241,9471,11770
050,04,013,"Arizona","Maricopa County",5,82,18427,8104,10323
050,04,013,"Arizona","Maricopa County",5,83,16470,7156,9314
050,04,013,"Arizona","Maricopa County",5,84,15010,6592,8418
050,04,013,"Arizona","Maricopa County",5,85,81616,33599,48017
050,04,015,"Arizona","Mohave County",1,0,1726,887,839
050,04,015,"Arizona","Mohave County",1,1,1771,916,855
050,04,015,"Arizona","Mohave County",1,2,1739,892,847
050,04,015,"Arizona","Mohave County",1,3,1825,964,861
050,04,015,"Arizona","Mohave County",1,4,1849,948,901
050,04,015,"Arizona","Mohave County",1,5,1865,961,904
050,04,015,"Arizona","Mohave County",1,6,1880,996,884
050,04,015,"Arizona","Mohave County",1,7,1847,928,919
050,04,015,"Arizona","Mohave County",1,8,1863,930,933
050,04,015,"Arizona","Mohave County",1,9,1973,980,993
050,04,015,"Arizona","Mohave County",1,10,2005,1020,985
050,04,015,"Arizona","Mohave County",1,11,2113,1041,1072
050,04,015,"Arizona","Mohave County",1,12,2249,1136,1113
050,04,015,"Arizona","Mohave County",1,13,2253,1164,1089
050,04,015,"Arizona","Mohave County",1,14,2059,1075,984
050,04,015,"Arizona","Mohave County",1,15,2144,1105,1039
050,04,015,"Arizona","Mohave County",1,16,2129,1114,1015
050,04,015,"Arizona","Mohave County",1,17,2030,1060,970
050,04,015,"Arizona","Mohave County",1,18,1878,1002,876
050,04,015,"Arizona","Mohave County",1,19,1631,843,788
050,04,015,"Arizona","Mohave County",1,20,1655,858,797
050,04,015,"Arizona","Mohave County",1,21,1688,867,821
050,04,015,"Arizona","Mohave County",1,22,1735,935,800
050,04,015,"Arizona","Mohave County",1,23,1918,1034,884
050,04,015,"Arizona","Mohave County",1,24,1931,1051,880
050,04,015,"Arizona","Mohave County",1,25,2034,1095,939
050,04,015,"Arizona","Mohave County",1,26,2161,1176,985
050,04,015,"Arizona","Mohave County",1,27,2092,1160,932
050,04,015,"Arizona","Mohave County",1,28,2139,1115,1024
050,04,015,"Arizona","Mohave County",1,29,2264,1199,1065
050,04,015,"Arizona","Mohave County",1,30,2258,1229,1029
050,04,015,"Arizona","Mohave County",1,31,2201,1156,1045
050,04,015,"Arizona","Mohave County",1,32,2161,1104,1057
050,04,015,"Arizona","Mohave County",1,33,2102,1111,991
050,04,015,"Arizona","Mohave County",1,34,2103,1117,986
050,04,015,"Arizona","Mohave County",1,35,1978,1028,950
050,04,015,"Arizona","Mohave County",1,36,1933,1004,929
050,04,015,"Arizona","Mohave County",1,37,1976,1034,942
050,04,015,"Arizona","Mohave County",1,38,1941,1040,901
050,04,015,"Arizona","Mohave County",1,39,2074,1093,981
050,04,015,"Arizona","Mohave County",1,40,2015,1043,972
050,04,015,"Arizona","Mohave County",1,41,1938,994,944
050,04,015,"Arizona","Mohave County",1,42,1846,951,895
050,04,015,"Arizona","Mohave County",1,43,1829,958,871
050,04,015,"Arizona","Mohave County",1,44,1923,1000,923
050,04,015,"Arizona","Mohave County",1,45,1922,1014,908
050,04,015,"Arizona","Mohave County",1,46,1836,961,875
050,04,015,"Arizona","Mohave County",1,47,1912,1001,911
050,04,015,"Arizona","Mohave County",1,48,2128,1065,1063
050,04,015,"Arizona","Mohave County",1,49,2428,1222,1206
050,04,015,"Arizona","Mohave County",1,50,2393,1208,1185
050,04,015,"Arizona","Mohave County",1,51,2288,1104,1184
050,04,015,"Arizona","Mohave County",1,52,2218,1090,1128
050,04,015,"Arizona","Mohave County",1,53,2433,1193,1240
050,04,015,"Arizona","Mohave County",1,54,2641,1274,1367
050,04,015,"Arizona","Mohave County",1,55,2845,1387,1458
050,04,015,"Arizona","Mohave County",1,56,3016,1425,1591
050,04,015,"Arizona","Mohave County",1,57,3270,1593,1677
050,04,015,"Arizona","Mohave County",1,58,3405,1677,1728
050,04,015,"Arizona","Mohave County",1,59,3609,1722,1887
050,04,015,"Arizona","Mohave County",1,60,3639,1760,1879
050,04,015,"Arizona","Mohave County",1,61,3687,1802,1885
050,04,015,"Arizona","Mohave County",1,62,3855,1918,1937
050,04,015,"Arizona","Mohave County",1,63,3950,1944,2006
050,04,015,"Arizona","Mohave County",1,64,4034,1949,2085
050,04,015,"Arizona","Mohave County",1,65,4000,1931,2069
050,04,015,"Arizona","Mohave County",1,66,4013,1902,2111
050,04,015,"Arizona","Mohave County",1,67,3950,1945,2005
050,04,015,"Arizona","Mohave County",1,68,4019,2003,2016
050,04,015,"Arizona","Mohave County",1,69,3779,1824,1955
050,04,015,"Arizona","Mohave County",1,70,3744,1842,1902
050,04,015,"Arizona","Mohave County",1,71,3927,1981,1946
050,04,015,"Arizona","Mohave County",1,72,4090,2052,2038
050,04,015,"Arizona","Mohave County",1,73,4210,2178,2032
050,04,015,"Arizona","Mohave County",1,74,2901,1482,1419
050,04,015,"Arizona","Mohave County",1,75,2957,1538,1419
050,04,015,"Arizona","Mohave County",1,76,2997,1565,1432
050,04,015,"Arizona","Mohave County",1,77,2958,1562,1396
050,04,015,"Arizona","Mohave County",1,78,2506,1301,1205
050,04,015,"Arizona","Mohave County",1,79,2276,1172,1104
050,04,015,"Arizona","Mohave County",1,80,2088,1063,1025
050,04,015,"Arizona","Mohave County",1,81,1950,974,976
050,04,015,"Arizona","Mohave County",1,82,1763,887,876
050,04,015,"Arizona","Mohave County",1,83,1454,726,728
050,04,015,"Arizona","Mohave County",1,84,1336,649,687
050,04,015,"Arizona","Mohave County",1,85,6125,2815,3310
050,04,015,"Arizona","Mohave County",2,0,1705,862,843
050,04,015,"Arizona","Mohave County",2,1,1761,907,854
050,04,015,"Arizona","Mohave County",2,2,1752,903,849
050,04,015,"Arizona","Mohave County",2,3,1798,941,857
050,04,015,"Arizona","Mohave County",2,4,1856,962,894
050,04,015,"Arizona","Mohave County",2,5,1875,968,907
050,04,015,"Arizona","Mohave County",2,6,1887,993,894
050,04,015,"Arizona","Mohave County",2,7,1857,944,913
050,04,015,"Arizona","Mohave County",2,8,1866,932,934
050,04,015,"Arizona","Mohave County",2,9,1950,973,977
050,04,015,"Arizona","Mohave County",2,10,2006,1014,992
050,04,015,"Arizona","Mohave County",2,11,2080,1035,1045
050,04,015,"Arizona","Mohave County",2,12,2236,1120,1116
050,04,015,"Arizona","Mohave County",2,13,2251,1158,1093
050,04,015,"Arizona","Mohave County",2,14,2103,1097,1006
050,04,015,"Arizona","Mohave County",2,15,2124,1098,1026
050,04,015,"Arizona","Mohave County",2,16,2132,1113,1019
050,04,015,"Arizona","Mohave County",2,17,2059,1077,982
050,04,015,"Arizona","Mohave County",2,18,1864,997,867
050,04,015,"Arizona","Mohave County",2,19,1624,847,777
050,04,015,"Arizona","Mohave County",2,20,1682,865,817
050,04,015,"Arizona","Mohave County",2,21,1695,873,822
050,04,015,"Arizona","Mohave County",2,22,1759,936,823
050,04,015,"Arizona","Mohave County",2,23,1911,1037,874
050,04,015,"Arizona","Mohave County",2,24,1937,1050,887
050,04,015,"Arizona","Mohave County",2,25,2044,1109,935
050,04,015,"Arizona","Mohave County",2,26,2144,1165,979
050,04,015,"Arizona","Mohave County",2,27,2106,1160,946
050,04,015,"Arizona","Mohave County",2,28,2140,1127,1013
050,04,015,"Arizona","Mohave County",2,29,2243,1185,1058
050,04,015,"Arizona","Mohave County",2,30,2288,1240,1048
050,04,015,"Arizona","Mohave County",2,31,2216,1172,1044
050,04,015,"Arizona","Mohave County",2,32,2186,1127,1059
050,04,015,"Arizona","Mohave County",2,33,2116,1107,1009
050,04,015,"Arizona","Mohave County",2,34,2100,1113,987
050,04,015,"Arizona","Mohave County",2,35,2027,1060,967
050,04,015,"Arizona","Mohave County",2,36,1930,1002,928
050,04,015,"Arizona","Mohave County",2,37,1977,1034,943
050,04,015,"Arizona","Mohave County",2,38,1972,1048,924
050,04,015,"Arizona","Mohave County",2,39,2047,1083,964
050,04,015,"Arizona","Mohave County",2,40,2051,1068,983
050,04,015,"Arizona","Mohave County",2,41,1955,1005,950
050,04,015,"Arizona","Mohave County",2,42,1872,964,908
050,04,015,"Arizona","Mohave County",2,43,1860,971,889
050,04,015,"Arizona","Mohave County",2,44,1900,989,911
050,04,015,"Arizona","Mohave County",2,45,1942,1021,921
050,04,015,"Arizona","Mohave County",2,46,1860,974,886
050,04,015,"Arizona","Mohave County",2,47,1907,997,910
050,04,015,"Arizona","Mohave County",2,48,2092,1057,1035
050,04,015,"Arizona","Mohave County",2,49,2379,1195,1184
050,04,015,"Arizona","Mohave County",2,50,2427,1221,1206
050,04,015,"Arizona","Mohave County",2,51,2319,1128,1191
050,04,015,"Arizona","Mohave County",2,52,2243,1090,1153
050,04,015,"Arizona","Mohave County",2,53,2409,1180,1229
050,04,015,"Arizona","Mohave County",2,54,2598,1259,1339
050,04,015,"Arizona","Mohave County",2,55,2824,1369,1455
050,04,015,"Arizona","Mohave County",2,56,3020,1437,1583
050,04,015,"Arizona","Mohave County",2,57,3247,1577,1670
050,04,015,"Arizona","Mohave County",2,58,3411,1675,1736
050,04,015,"Arizona","Mohave County",2,59,3621,1739,1882
050,04,015,"Arizona","Mohave County",2,60,3668,1769,1899
050,04,015,"Arizona","Mohave County",2,61,3707,1808,1899
050,04,015,"Arizona","Mohave County",2,62,3860,1914,1946
050,04,015,"Arizona","Mohave County",2,63,4022,1989,2033
050,04,015,"Arizona","Mohave County",2,64,4054,1970,2084
050,04,015,"Arizona","Mohave County",2,65,4068,1962,2106
050,04,015,"Arizona","Mohave County",2,66,4062,1936,2126
050,04,015,"Arizona","Mohave County",2,67,3998,1957,2041
050,04,015,"Arizona","Mohave County",2,68,4002,1992,2010
050,04,015,"Arizona","Mohave County",2,69,3872,1885,1987
050,04,015,"Arizona","Mohave County",2,70,3760,1842,1918
050,04,015,"Arizona","Mohave County",2,71,3897,1955,1942
050,04,015,"Arizona","Mohave County",2,72,3999,2012,1987
050,04,015,"Arizona","Mohave County",2,73,4379,2246,2133
050,04,015,"Arizona","Mohave County",2,74,3018,1546,1472
050,04,015,"Arizona","Mohave County",2,75,2948,1529,1419
050,04,015,"Arizona","Mohave County",2,76,2949,1537,1412
050,04,015,"Arizona","Mohave County",2,77,3012,1589,1423
050,04,015,"Arizona","Mohave County",2,78,2549,1328,1221
050,04,015,"Arizona","Mohave County",2,79,2290,1177,1113
050,04,015,"Arizona","Mohave County",2,80,2107,1074,1033
050,04,015,"Arizona","Mohave County",2,81,1938,974,964
050,04,015,"Arizona","Mohave County",2,82,1782,882,900
050,04,015,"Arizona","Mohave County",2,83,1490,742,748
050,04,015,"Arizona","Mohave County",2,84,1325,644,681
050,04,015,"Arizona","Mohave County",2,85,6186,2858,3328
050,04,015,"Arizona","Mohave County",3,0,1726,913,813
050,04,015,"Arizona","Mohave County",3,1,1731,869,862
050,04,015,"Arizona","Mohave County",3,2,1804,951,853
050,04,015,"Arizona","Mohave County",3,3,1787,917,870
050,04,015,"Arizona","Mohave County",3,4,1839,960,879
050,04,015,"Arizona","Mohave County",3,5,1924,991,933
050,04,015,"Arizona","Mohave County",3,6,1900,961,939
050,04,015,"Arizona","Mohave County",3,7,1951,1032,919
050,04,015,"Arizona","Mohave County",3,8,1906,980,926
050,04,015,"Arizona","Mohave County",3,9,1918,968,950
050,04,015,"Arizona","Mohave County",3,10,1968,995,973
050,04,015,"Arizona","Mohave County",3,11,2042,1035,1007
050,04,015,"Arizona","Mohave County",3,12,2099,1047,1052
050,04,015,"Arizona","Mohave County",3,13,2265,1131,1134
050,04,015,"Arizona","Mohave County",3,14,2256,1173,1083
050,04,015,"Arizona","Mohave County",3,15,2138,1120,1018
050,04,015,"Arizona","Mohave County",3,16,2145,1090,1055
050,04,015,"Arizona","Mohave County",3,17,2173,1127,1046
050,04,015,"Arizona","Mohave County",3,18,1862,983,879
050,04,015,"Arizona","Mohave County",3,19,1582,847,735
050,04,015,"Arizona","Mohave County",3,20,1674,870,804
050,04,015,"Arizona","Mohave County",3,21,1721,887,834
050,04,015,"Arizona","Mohave County",3,22,1850,970,880
050,04,015,"Arizona","Mohave County",3,23,1890,1011,879
050,04,015,"Arizona","Mohave County",3,24,1917,1038,879
050,04,015,"Arizona","Mohave County",3,25,2029,1109,920
050,04,015,"Arizona","Mohave County",3,26,2049,1125,924
050,04,015,"Arizona","Mohave County",3,27,2135,1145,990
050,04,015,"Arizona","Mohave County",3,28,2111,1131,980
050,04,015,"Arizona","Mohave County",3,29,2121,1139,982
050,04,015,"Arizona","Mohave County",3,30,2284,1197,1087
050,04,015,"Arizona","Mohave County",3,31,2360,1264,1096
050,04,015,"Arizona","Mohave County",3,32,2280,1185,1095
050,04,015,"Arizona","Mohave County",3,33,2239,1116,1123
050,04,015,"Arizona","Mohave County",3,34,2117,1111,1006
050,04,015,"Arizona","Mohave County",3,35,2155,1149,1006
050,04,015,"Arizona","Mohave County",3,36,2125,1106,1019
050,04,015,"Arizona","Mohave County",3,37,1974,1038,936
050,04,015,"Arizona","Mohave County",3,38,2020,1045,975
050,04,015,"Arizona","Mohave County",3,39,1992,1056,936
050,04,015,"Arizona","Mohave County",3,40,2086,1084,1002
050,04,015,"Arizona","Mohave County",3,41,2056,1069,987
050,04,015,"Arizona","Mohave County",3,42,2025,1034,991
050,04,015,"Arizona","Mohave County",3,43,1887,964,923
050,04,015,"Arizona","Mohave County",3,44,1847,949,898
050,04,015,"Arizona","Mohave County",3,45,1934,1019,915
050,04,015,"Arizona","Mohave County",3,46,1965,1004,961
050,04,015,"Arizona","Mohave County",3,47,1869,976,893
050,04,015,"Arizona","Mohave County",3,48,1930,984,946
050,04,015,"Arizona","Mohave County",3,49,2139,1077,1062
050,04,015,"Arizona","Mohave County",3,50,2453,1234,1219
050,04,015,"Arizona","Mohave County",3,51,2511,1249,1262
050,04,015,"Arizona","Mohave County",3,52,2399,1149,1250
050,04,015,"Arizona","Mohave County",3,53,2325,1153,1172
050,04,015,"Arizona","Mohave County",3,54,2458,1214,1244
050,04,015,"Arizona","Mohave County",3,55,2687,1290,1397
050,04,015,"Arizona","Mohave County",3,56,2960,1416,1544
050,04,015,"Arizona","Mohave County",3,57,3130,1486,1644
050,04,015,"Arizona","Mohave County",3,58,3382,1608,1774
050,04,015,"Arizona","Mohave County",3,59,3558,1731,1827
050,04,015,"Arizona","Mohave County",3,60,3790,1826,1964
050,04,015,"Arizona","Mohave County",3,61,3808,1811,1997
050,04,015,"Arizona","Mohave County",3,62,3909,1892,2017
050,04,015,"Arizona","Mohave County",3,63,4053,2019,2034
050,04,015,"Arizona","Mohave County",3,64,4273,2112,2161
050,04,015,"Arizona","Mohave County",3,65,4262,2070,2192
050,04,015,"Arizona","Mohave County",3,66,4215,2053,2162
050,04,015,"Arizona","Mohave County",3,67,4164,2005,2159
050,04,015,"Arizona","Mohave County",3,68,4075,2005,2070
050,04,015,"Arizona","Mohave County",3,69,3992,1988,2004
050,04,015,"Arizona","Mohave County",3,70,3909,1909,2000
050,04,015,"Arizona","Mohave County",3,71,3712,1809,1903
050,04,015,"Arizona","Mohave County",3,72,3861,1953,1908
050,04,015,"Arizona","Mohave County",3,73,3928,1983,1945
050,04,015,"Arizona","Mohave County",3,74,4293,2182,2111
050,04,015,"Arizona","Mohave County",3,75,2971,1519,1452
050,04,015,"Arizona","Mohave County",3,76,2807,1471,1336
050,04,015,"Arizona","Mohave County",3,77,2819,1451,1368
050,04,015,"Arizona","Mohave County",3,78,2860,1503,1357
050,04,015,"Arizona","Mohave County",3,79,2416,1230,1186
050,04,015,"Arizona","Mohave County",3,80,2143,1108,1035
050,04,015,"Arizona","Mohave County",3,81,1941,981,960
050,04,015,"Arizona","Mohave County",3,82,1836,909,927
050,04,015,"Arizona","Mohave County",3,83,1622,792,830
050,04,015,"Arizona","Mohave County",3,84,1351,667,684
050,04,015,"Arizona","Mohave County",3,85,6494,3000,3494
050,04,015,"Arizona","Mohave County",4,0,1790,947,843
050,04,015,"Arizona","Mohave County",4,1,1761,925,836
050,04,015,"Arizona","Mohave County",4,2,1782,902,880
050,04,015,"Arizona","Mohave County",4,3,1817,947,870
050,04,015,"Arizona","Mohave County",4,4,1837,964,873
050,04,015,"Arizona","Mohave County",4,5,1898,990,908
050,04,015,"Arizona","Mohave County",4,6,1967,1033,934
050,04,015,"Arizona","Mohave County",4,7,1928,983,945
050,04,015,"Arizona","Mohave County",4,8,1976,1043,933
050,04,015,"Arizona","Mohave County",4,9,1943,983,960
050,04,015,"Arizona","Mohave County",4,10,1968,986,982
050,04,015,"Arizona","Mohave County",4,11,1992,1010,982
050,04,015,"Arizona","Mohave County",4,12,2081,1055,1026
050,04,015,"Arizona","Mohave County",4,13,2122,1039,1083
050,04,015,"Arizona","Mohave County",4,14,2273,1152,1121
050,04,015,"Arizona","Mohave County",4,15,2315,1197,1118
050,04,015,"Arizona","Mohave County",4,16,2166,1135,1031
050,04,015,"Arizona","Mohave County",4,17,2180,1104,1076
050,04,015,"Arizona","Mohave County",4,18,1983,1066,917
050,04,015,"Arizona","Mohave County",4,19,1570,840,730
050,04,015,"Arizona","Mohave County",4,20,1634,879,755
050,04,015,"Arizona","Mohave County",4,21,1781,928,853
050,04,015,"Arizona","Mohave County",4,22,1831,907,924
050,04,015,"Arizona","Mohave County",4,23,1988,1053,935
050,04,015,"Arizona","Mohave County",4,24,1959,1063,896
050,04,015,"Arizona","Mohave County",4,25,2030,1139,891
050,04,015,"Arizona","Mohave County",4,26,2129,1170,959
050,04,015,"Arizona","Mohave County",4,27,2092,1153,939
050,04,015,"Arizona","Mohave County",4,28,2178,1161,1017
050,04,015,"Arizona","Mohave County",4,29,2197,1170,1027
050,04,015,"Arizona","Mohave County",4,30,2225,1208,1017
050,04,015,"Arizona","Mohave County",4,31,2332,1235,1097
050,04,015,"Arizona","Mohave County",4,32,2447,1325,1122
050,04,015,"Arizona","Mohave County",4,33,2305,1200,1105
050,04,015,"Arizona","Mohave County",4,34,2328,1154,1174
050,04,015,"Arizona","Mohave County",4,35,2207,1162,1045
050,04,015,"Arizona","Mohave County",4,36,2212,1188,1024
050,04,015,"Arizona","Mohave County",4,37,2178,1131,1047
050,04,015,"Arizona","Mohave County",4,38,2045,1048,997
050,04,015,"Arizona","Mohave County",4,39,2067,1084,983
050,04,015,"Arizona","Mohave County",4,40,2083,1092,991
050,04,015,"Arizona","Mohave County",4,41,2120,1119,1001
050,04,015,"Arizona","Mohave County",4,42,2128,1114,1014
050,04,015,"Arizona","Mohave County",4,43,2102,1096,1006
050,04,015,"Arizona","Mohave County",4,44,1942,985,957
050,04,015,"Arizona","Mohave County",4,45,1900,962,938
050,04,015,"Arizona","Mohave County",4,46,1983,1022,961
050,04,015,"Arizona","Mohave County",4,47,1962,1008,954
050,04,015,"Arizona","Mohave County",4,48,1922,1000,922
050,04,015,"Arizona","Mohave County",4,49,1952,1005,947
050,04,015,"Arizona","Mohave County",4,50,2221,1119,1102
050,04,015,"Arizona","Mohave County",4,51,2478,1229,1249
050,04,015,"Arizona","Mohave County",4,52,2588,1286,1302
050,04,015,"Arizona","Mohave County",4,53,2487,1200,1287
050,04,015,"Arizona","Mohave County",4,54,2436,1210,1226
050,04,015,"Arizona","Mohave County",4,55,2556,1251,1305
050,04,015,"Arizona","Mohave County",4,56,2782,1322,1460
050,04,015,"Arizona","Mohave County",4,57,3149,1501,1648
050,04,015,"Arizona","Mohave County",4,58,3262,1535,1727
050,04,015,"Arizona","Mohave County",4,59,3521,1678,1843
050,04,015,"Arizona","Mohave County",4,60,3792,1879,1913
050,04,015,"Arizona","Mohave County",4,61,3955,1900,2055
050,04,015,"Arizona","Mohave County",4,62,3968,1906,2062
050,04,015,"Arizona","Mohave County",4,63,4062,1954,2108
050,04,015,"Arizona","Mohave County",4,64,4294,2164,2130
050,04,015,"Arizona","Mohave County",4,65,4381,2174,2207
050,04,015,"Arizona","Mohave County",4,66,4395,2121,2274
050,04,015,"Arizona","Mohave County",4,67,4428,2200,2228
050,04,015,"Arizona","Mohave County",4,68,4257,2074,2183
050,04,015,"Arizona","Mohave County",4,69,4111,2006,2105
050,04,015,"Arizona","Mohave County",4,70,3958,1950,2008
050,04,015,"Arizona","Mohave County",4,71,3854,1872,1982
050,04,015,"Arizona","Mohave County",4,72,3698,1782,1916
050,04,015,"Arizona","Mohave County",4,73,3796,1892,1904
050,04,015,"Arizona","Mohave County",4,74,3869,1936,1933
050,04,015,"Arizona","Mohave County",4,75,4178,2127,2051
050,04,015,"Arizona","Mohave County",4,76,2861,1470,1391
050,04,015,"Arizona","Mohave County",4,77,2664,1394,1270
050,04,015,"Arizona","Mohave County",4,78,2680,1373,1307
050,04,015,"Arizona","Mohave County",4,79,2758,1418,1340
050,04,015,"Arizona","Mohave County",4,80,2230,1150,1080
050,04,015,"Arizona","Mohave County",4,81,1942,1005,937
050,04,015,"Arizona","Mohave County",4,82,1828,910,918
050,04,015,"Arizona","Mohave County",4,83,1627,806,821
050,04,015,"Arizona","Mohave County",4,84,1466,700,766
050,04,015,"Arizona","Mohave County",4,85,6765,3192,3573
050,04,015,"Arizona","Mohave County",5,0,1722,911,811
050,04,015,"Arizona","Mohave County",5,1,1829,976,853
050,04,015,"Arizona","Mohave County",5,2,1789,942,847
050,04,015,"Arizona","Mohave County",5,3,1841,916,925
050,04,015,"Arizona","Mohave County",5,4,1823,950,873
050,04,015,"Arizona","Mohave County",5,5,1854,958,896
050,04,015,"Arizona","Mohave County",5,6,1913,985,928
050,04,015,"Arizona","Mohave County",5,7,1982,1026,956
050,04,015,"Arizona","Mohave County",5,8,1947,1009,938
050,04,015,"Arizona","Mohave County",5,9,2033,1072,961
050,04,015,"Arizona","Mohave County",5,10,1994,1011,983
050,04,015,"Arizona","Mohave County",5,11,2013,1011,1002
050,04,015,"Arizona","Mohave County",5,12,2015,1040,975
050,04,015,"Arizona","Mohave County",5,13,2116,1074,1042
050,04,015,"Arizona","Mohave County",5,14,2133,1055,1078
050,04,015,"Arizona","Mohave County",5,15,2297,1163,1134
050,04,015,"Arizona","Mohave County",5,16,2314,1198,1116
050,04,015,"Arizona","Mohave County",5,17,2220,1152,1068
050,04,015,"Arizona","Mohave County",5,18,1979,1047,932
050,04,015,"Arizona","Mohave County",5,19,1660,891,769
050,04,015,"Arizona","Mohave County",5,20,1675,887,788
050,04,015,"Arizona","Mohave County",5,21,1767,974,793
050,04,015,"Arizona","Mohave County",5,22,1876,983,893
050,04,015,"Arizona","Mohave County",5,23,1930,991,939
050,04,015,"Arizona","Mohave County",5,24,2007,1059,948
050,04,015,"Arizona","Mohave County",5,25,2015,1125,890
050,04,015,"Arizona","Mohave County",5,26,2026,1124,902
050,04,015,"Arizona","Mohave County",5,27,2098,1136,962
050,04,015,"Arizona","Mohave County",5,28,2151,1160,991
050,04,015,"Arizona","Mohave County",5,29,2244,1204,1040
050,04,015,"Arizona","Mohave County",5,30,2310,1260,1050
050,04,015,"Arizona","Mohave County",5,31,2292,1230,1062
050,04,015,"Arizona","Mohave County",5,32,2381,1252,1129
050,04,015,"Arizona","Mohave County",5,33,2430,1306,1124
050,04,015,"Arizona","Mohave County",5,34,2364,1224,1140
050,04,015,"Arizona","Mohave County",5,35,2367,1200,1167
050,04,015,"Arizona","Mohave County",5,36,2248,1199,1049
050,04,015,"Arizona","Mohave County",5,37,2319,1239,1080
050,04,015,"Arizona","Mohave County",5,38,2231,1169,1062
050,04,015,"Arizona","Mohave County",5,39,2083,1090,993
050,04,015,"Arizona","Mohave County",5,40,2157,1135,1022
050,04,015,"Arizona","Mohave County",5,41,2121,1102,1019
050,04,015,"Arizona","Mohave County",5,42,2203,1161,1042
050,04,015,"Arizona","Mohave County",5,43,2189,1156,1033
050,04,015,"Arizona","Mohave County",5,44,2121,1097,1024
050,04,015,"Arizona","Mohave County",5,45,2023,1026,997
050,04,015,"Arizona","Mohave County",5,46,1962,988,974
050,04,015,"Arizona","Mohave County",5,47,2033,1035,998
050,04,015,"Arizona","Mohave County",5,48,1977,999,978
050,04,015,"Arizona","Mohave County",5,49,1958,1023,935
050,04,015,"Arizona","Mohave County",5,50,1998,1029,969
050,04,015,"Arizona","Mohave County",5,51,2270,1129,1141
050,04,015,"Arizona","Mohave County",5,52,2558,1257,1301
050,04,015,"Arizona","Mohave County",5,53,2728,1363,1365
050,04,015,"Arizona","Mohave County",5,54,2595,1243,1352
050,04,015,"Arizona","Mohave County",5,55,2502,1209,1293
050,04,015,"Arizona","Mohave County",5,56,2687,1324,1363
050,04,015,"Arizona","Mohave County",5,57,2886,1369,1517
050,04,015,"Arizona","Mohave County",5,58,3236,1532,1704
050,04,015,"Arizona","Mohave County",5,59,3327,1574,1753
050,04,015,"Arizona","Mohave County",5,60,3674,1756,1918
050,04,015,"Arizona","Mohave County",5,61,3904,1933,1971
050,04,015,"Arizona","Mohave County",5,62,4097,1968,2129
050,04,015,"Arizona","Mohave County",5,63,4088,1980,2108
050,04,015,"Arizona","Mohave County",5,64,4147,2016,2131
050,04,015,"Arizona","Mohave County",5,65,4362,2195,2167
050,04,015,"Arizona","Mohave County",5,66,4509,2243,2266
050,04,015,"Arizona","Mohave County",5,67,4533,2205,2328
050,04,015,"Arizona","Mohave County",5,68,4462,2212,2250
050,04,015,"Arizona","Mohave County",5,69,4249,2065,2184
050,04,015,"Arizona","Mohave County",5,70,4174,2046,2128
050,04,015,"Arizona","Mohave County",5,71,3955,1960,1995
050,04,015,"Arizona","Mohave County",5,72,3821,1849,1972
050,04,015,"Arizona","Mohave County",5,73,3644,1746,1898
050,04,015,"Arizona","Mohave County",5,74,3743,1855,1888
050,04,015,"Arizona","Mohave County",5,75,3755,1875,1880
050,04,015,"Arizona","Mohave County",5,76,4017,2040,1977
050,04,015,"Arizona","Mohave County",5,77,2740,1408,1332
050,04,015,"Arizona","Mohave County",5,78,2565,1340,1225
050,04,015,"Arizona","Mohave County",5,79,2560,1305,1255
050,04,015,"Arizona","Mohave County",5,80,2610,1338,1272
050,04,015,"Arizona","Mohave County",5,81,2053,1065,988
050,04,015,"Arizona","Mohave County",5,82,1847,948,899
050,04,015,"Arizona","Mohave County",5,83,1664,822,842
050,04,015,"Arizona","Mohave County",5,84,1476,720,756
050,04,015,"Arizona","Mohave County",5,85,7214,3415,3799
050,04,017,"Arizona","Navajo County",1,0,1268,648,620
050,04,017,"Arizona","Navajo County",1,1,1293,651,642
050,04,017,"Arizona","Navajo County",1,2,1326,668,658
050,04,017,"Arizona","Navajo County",1,3,1383,716,667
050,04,017,"Arizona","Navajo County",1,4,1467,748,719
050,04,017,"Arizona","Navajo County",1,5,1475,746,729
050,04,017,"Arizona","Navajo County",1,6,1494,752,742
050,04,017,"Arizona","Navajo County",1,7,1506,770,736
050,04,017,"Arizona","Navajo County",1,8,1535,809,726
050,04,017,"Arizona","Navajo County",1,9,1599,836,763
050,04,017,"Arizona","Navajo County",1,10,1629,819,810
050,04,017,"Arizona","Navajo County",1,11,1699,857,842
050,04,017,"Arizona","Navajo County",1,12,1770,877,893
050,04,017,"Arizona","Navajo County",1,13,1725,865,860
050,04,017,"Arizona","Navajo County",1,14,1731,900,831
050,04,017,"Arizona","Navajo County",1,15,1719,900,819
050,04,017,"Arizona","Navajo County",1,16,1630,850,780
050,04,017,"Arizona","Navajo County",1,17,1524,767,757
050,04,017,"Arizona","Navajo County",1,18,1342,693,649
050,04,017,"Arizona","Navajo County",1,19,1224,662,562
050,04,017,"Arizona","Navajo County",1,20,1231,657,574
050,04,017,"Arizona","Navajo County",1,21,1196,621,575
050,04,017,"Arizona","Navajo County",1,22,1150,593,557
050,04,017,"Arizona","Navajo County",1,23,1131,588,543
050,04,017,"Arizona","Navajo County",1,24,1133,617,516
050,04,017,"Arizona","Navajo County",1,25,1168,612,556
050,04,017,"Arizona","Navajo County",1,26,1288,688,600
050,04,017,"Arizona","Navajo County",1,27,1260,671,589
050,04,017,"Arizona","Navajo County",1,28,1279,666,613
050,04,017,"Arizona","Navajo County",1,29,1362,731,631
050,04,017,"Arizona","Navajo County",1,30,1352,685,667
050,04,017,"Arizona","Navajo County",1,31,1356,708,648
050,04,017,"Arizona","Navajo County",1,32,1268,652,616
050,04,017,"Arizona","Navajo County",1,33,1218,642,576
050,04,017,"Arizona","Navajo County",1,34,1205,617,588
050,04,017,"Arizona","Navajo County",1,35,1153,608,545
050,04,017,"Arizona","Navajo County",1,36,1193,643,550
050,04,017,"Arizona","Navajo County",1,37,1242,658,584
050,04,017,"Arizona","Navajo County",1,38,1200,600,600
050,04,017,"Arizona","Navajo County",1,39,1234,634,600
050,04,017,"Arizona","Navajo County",1,40,1143,570,573
050,04,017,"Arizona","Navajo County",1,41,1112,574,538
050,04,017,"Arizona","Navajo County",1,42,1111,577,534
050,04,017,"Arizona","Navajo County",1,43,1080,561,519
050,04,017,"Arizona","Navajo County",1,44,1110,558,552
050,04,017,"Arizona","Navajo County",1,45,1085,559,526
050,04,017,"Arizona","Navajo County",1,46,1116,583,533
050,04,017,"Arizona","Navajo County",1,47,1103,556,547
050,04,017,"Arizona","Navajo County",1,48,1122,565,557
050,04,017,"Arizona","Navajo County",1,49,1198,613,585
050,04,017,"Arizona","Navajo County",1,50,1120,566,554
050,04,017,"Arizona","Navajo County",1,51,1098,561,537
050,04,017,"Arizona","Navajo County",1,52,1104,540,564
050,04,017,"Arizona","Navajo County",1,53,1145,570,575
050,04,017,"Arizona","Navajo County",1,54,1220,604,616
050,04,017,"Arizona","Navajo County",1,55,1348,634,714
050,04,017,"Arizona","Navajo County",1,56,1373,658,715
050,04,017,"Arizona","Navajo County",1,57,1400,661,739
050,04,017,"Arizona","Navajo County",1,58,1432,680,752
050,04,017,"Arizona","Navajo County",1,59,1472,702,770
050,04,017,"Arizona","Navajo County",1,60,1476,712,764
050,04,017,"Arizona","Navajo County",1,61,1507,695,812
050,04,017,"Arizona","Navajo County",1,62,1473,709,764
050,04,017,"Arizona","Navajo County",1,63,1497,722,775
050,04,017,"Arizona","Navajo County",1,64,1455,715,740
050,04,017,"Arizona","Navajo County",1,65,1506,755,751
050,04,017,"Arizona","Navajo County",1,66,1449,682,767
050,04,017,"Arizona","Navajo County",1,67,1397,655,742
050,04,017,"Arizona","Navajo County",1,68,1346,627,719
050,04,017,"Arizona","Navajo County",1,69,1251,601,650
050,04,017,"Arizona","Navajo County",1,70,1286,619,667
050,04,017,"Arizona","Navajo County",1,71,1243,595,648
050,04,017,"Arizona","Navajo County",1,72,1188,596,592
050,04,017,"Arizona","Navajo County",1,73,1181,586,595
050,04,017,"Arizona","Navajo County",1,74,845,410,435
050,04,017,"Arizona","Navajo County",1,75,846,439,407
050,04,017,"Arizona","Navajo County",1,76,830,402,428
050,04,017,"Arizona","Navajo County",1,77,830,403,427
050,04,017,"Arizona","Navajo County",1,78,685,336,349
050,04,017,"Arizona","Navajo County",1,79,613,301,312
050,04,017,"Arizona","Navajo County",1,80,582,270,312
050,04,017,"Arizona","Navajo County",1,81,505,242,263
050,04,017,"Arizona","Navajo County",1,82,491,230,261
050,04,017,"Arizona","Navajo County",1,83,399,186,213
050,04,017,"Arizona","Navajo County",1,84,342,157,185
050,04,017,"Arizona","Navajo County",1,85,1641,666,975
050,04,017,"Arizona","Navajo County",2,0,1274,643,631
050,04,017,"Arizona","Navajo County",2,1,1285,646,639
050,04,017,"Arizona","Navajo County",2,2,1316,665,651
050,04,017,"Arizona","Navajo County",2,3,1371,708,663
050,04,017,"Arizona","Navajo County",2,4,1452,744,708
050,04,017,"Arizona","Navajo County",2,5,1474,745,729
050,04,017,"Arizona","Navajo County",2,6,1491,754,737
050,04,017,"Arizona","Navajo County",2,7,1500,766,734
050,04,017,"Arizona","Navajo County",2,8,1527,799,728
050,04,017,"Arizona","Navajo County",2,9,1578,828,750
050,04,017,"Arizona","Navajo County",2,10,1627,822,805
050,04,017,"Arizona","Navajo County",2,11,1673,843,830
050,04,017,"Arizona","Navajo County",2,12,1761,879,882
050,04,017,"Arizona","Navajo County",2,13,1733,863,870
050,04,017,"Arizona","Navajo County",2,14,1726,894,832
050,04,017,"Arizona","Navajo County",2,15,1718,896,822
050,04,017,"Arizona","Navajo County",2,16,1649,863,786
050,04,017,"Arizona","Navajo County",2,17,1537,784,753
050,04,017,"Arizona","Navajo County",2,18,1331,687,644
050,04,017,"Arizona","Navajo County",2,19,1210,648,562
050,04,017,"Arizona","Navajo County",2,20,1245,668,577
050,04,017,"Arizona","Navajo County",2,21,1194,623,571
050,04,017,"Arizona","Navajo County",2,22,1171,605,566
050,04,017,"Arizona","Navajo County",2,23,1138,592,546
050,04,017,"Arizona","Navajo County",2,24,1135,613,522
050,04,017,"Arizona","Navajo County",2,25,1165,615,550
050,04,017,"Arizona","Navajo County",2,26,1263,675,588
050,04,017,"Arizona","Navajo County",2,27,1271,681,590
050,04,017,"Arizona","Navajo County",2,28,1273,666,607
050,04,017,"Arizona","Navajo County",2,29,1349,716,633
050,04,017,"Arizona","Navajo County",2,30,1363,698,665
050,04,017,"Arizona","Navajo County",2,31,1350,701,649
050,04,017,"Arizona","Navajo County",2,32,1291,673,618
050,04,017,"Arizona","Navajo County",2,33,1227,642,585
050,04,017,"Arizona","Navajo County",2,34,1209,625,584
050,04,017,"Arizona","Navajo County",2,35,1172,613,559
050,04,017,"Arizona","Navajo County",2,36,1179,633,546
050,04,017,"Arizona","Navajo County",2,37,1241,660,581
050,04,017,"Arizona","Navajo County",2,38,1217,620,597
050,04,017,"Arizona","Navajo County",2,39,1222,622,600
050,04,017,"Arizona","Navajo County",2,40,1176,592,584
050,04,017,"Arizona","Navajo County",2,41,1118,573,545
050,04,017,"Arizona","Navajo County",2,42,1099,568,531
050,04,017,"Arizona","Navajo County",2,43,1099,570,529
050,04,017,"Arizona","Navajo County",2,44,1096,556,540
050,04,017,"Arizona","Navajo County",2,45,1093,556,537
050,04,017,"Arizona","Navajo County",2,46,1109,580,529
050,04,017,"Arizona","Navajo County",2,47,1102,557,545
050,04,017,"Arizona","Navajo County",2,48,1121,569,552
050,04,017,"Arizona","Navajo County",2,49,1175,597,578
050,04,017,"Arizona","Navajo County",2,50,1133,573,560
050,04,017,"Arizona","Navajo County",2,51,1103,562,541
050,04,017,"Arizona","Navajo County",2,52,1095,540,555
050,04,017,"Arizona","Navajo County",2,53,1138,564,574
050,04,017,"Arizona","Navajo County",2,54,1203,595,608
050,04,017,"Arizona","Navajo County",2,55,1321,627,694
050,04,017,"Arizona","Navajo County",2,56,1366,652,714
050,04,017,"Arizona","Navajo County",2,57,1399,662,737
050,04,017,"Arizona","Navajo County",2,58,1426,676,750
050,04,017,"Arizona","Navajo County",2,59,1458,691,767
050,04,017,"Arizona","Navajo County",2,60,1486,714,772
050,04,017,"Arizona","Navajo County",2,61,1504,705,799
050,04,017,"Arizona","Navajo County",2,62,1490,713,777
050,04,017,"Arizona","Navajo County",2,63,1505,724,781
050,04,017,"Arizona","Navajo County",2,64,1459,715,744
050,04,017,"Arizona","Navajo County",2,65,1498,748,750
050,04,017,"Arizona","Navajo County",2,66,1471,700,771
050,04,017,"Arizona","Navajo County",2,67,1411,668,743
050,04,017,"Arizona","Navajo County",2,68,1348,628,720
050,04,017,"Arizona","Navajo County",2,69,1278,607,671
050,04,017,"Arizona","Navajo County",2,70,1271,609,662
050,04,017,"Arizona","Navajo County",2,71,1242,593,649
050,04,017,"Arizona","Navajo County",2,72,1183,589,594
050,04,017,"Arizona","Navajo County",2,73,1230,615,615
050,04,017,"Arizona","Navajo County",2,74,857,421,436
050,04,017,"Arizona","Navajo County",2,75,844,430,414
050,04,017,"Arizona","Navajo County",2,76,825,408,417
050,04,017,"Arizona","Navajo County",2,77,834,404,430
050,04,017,"Arizona","Navajo County",2,78,694,342,352
050,04,017,"Arizona","Navajo County",2,79,617,303,314
050,04,017,"Arizona","Navajo County",2,80,581,271,310
050,04,017,"Arizona","Navajo County",2,81,512,242,270
050,04,017,"Arizona","Navajo County",2,82,486,226,260
050,04,017,"Arizona","Navajo County",2,83,406,191,215
050,04,017,"Arizona","Navajo County",2,84,345,160,185
050,04,017,"Arizona","Navajo County",2,85,1648,672,976
050,04,017,"Arizona","Navajo County",3,0,1251,631,620
050,04,017,"Arizona","Navajo County",3,1,1272,635,637
050,04,017,"Arizona","Navajo County",3,2,1299,651,648
050,04,017,"Arizona","Navajo County",3,3,1335,673,662
050,04,017,"Arizona","Navajo County",3,4,1371,709,662
050,04,017,"Arizona","Navajo County",3,5,1466,743,723
050,04,017,"Arizona","Navajo County",3,6,1494,750,744
050,04,017,"Arizona","Navajo County",3,7,1488,754,734
050,04,017,"Arizona","Navajo County",3,8,1547,791,756
050,04,017,"Arizona","Navajo County",3,9,1529,805,724
050,04,017,"Arizona","Navajo County",3,10,1599,831,768
050,04,017,"Arizona","Navajo County",3,11,1637,825,812
050,04,017,"Arizona","Navajo County",3,12,1675,830,845
050,04,017,"Arizona","Navajo County",3,13,1808,902,906
050,04,017,"Arizona","Navajo County",3,14,1727,874,853
050,04,017,"Arizona","Navajo County",3,15,1722,882,840
050,04,017,"Arizona","Navajo County",3,16,1705,895,810
050,04,017,"Arizona","Navajo County",3,17,1667,853,814
050,04,017,"Arizona","Navajo County",3,18,1367,725,642
050,04,017,"Arizona","Navajo County",3,19,1160,616,544
050,04,017,"Arizona","Navajo County",3,20,1203,647,556
050,04,017,"Arizona","Navajo County",3,21,1218,643,575
050,04,017,"Arizona","Navajo County",3,22,1214,628,586
050,04,017,"Arizona","Navajo County",3,23,1183,604,579
050,04,017,"Arizona","Navajo County",3,24,1167,623,544
050,04,017,"Arizona","Navajo County",3,25,1119,600,519
050,04,017,"Arizona","Navajo County",3,26,1160,609,551
050,04,017,"Arizona","Navajo County",3,27,1324,708,616
050,04,017,"Arizona","Navajo County",3,28,1288,682,606
050,04,017,"Arizona","Navajo County",3,29,1285,653,632
050,04,017,"Arizona","Navajo County",3,30,1370,718,652
050,04,017,"Arizona","Navajo County",3,31,1395,707,688
050,04,017,"Arizona","Navajo County",3,32,1353,719,634
050,04,017,"Arizona","Navajo County",3,33,1315,688,627
050,04,017,"Arizona","Navajo County",3,34,1210,620,590
050,04,017,"Arizona","Navajo County",3,35,1230,630,600
050,04,017,"Arizona","Navajo County",3,36,1201,628,573
050,04,017,"Arizona","Navajo County",3,37,1229,667,562
050,04,017,"Arizona","Navajo County",3,38,1228,641,587
050,04,017,"Arizona","Navajo County",3,39,1234,611,623
050,04,017,"Arizona","Navajo County",3,40,1243,640,603
050,04,017,"Arizona","Navajo County",3,41,1168,576,592
050,04,017,"Arizona","Navajo County",3,42,1119,581,538
050,04,017,"Arizona","Navajo County",3,43,1117,576,541
050,04,017,"Arizona","Navajo County",3,44,1120,574,546
050,04,017,"Arizona","Navajo County",3,45,1079,543,536
050,04,017,"Arizona","Navajo County",3,46,1137,587,550
050,04,017,"Arizona","Navajo County",3,47,1097,573,524
050,04,017,"Arizona","Navajo County",3,48,1131,571,560
050,04,017,"Arizona","Navajo County",3,49,1122,551,571
050,04,017,"Arizona","Navajo County",3,50,1198,604,594
050,04,017,"Arizona","Navajo County",3,51,1137,573,564
050,04,017,"Arizona","Navajo County",3,52,1138,569,569
050,04,017,"Arizona","Navajo County",3,53,1102,546,556
050,04,017,"Arizona","Navajo County",3,54,1152,566,586
050,04,017,"Arizona","Navajo County",3,55,1234,619,615
050,04,017,"Arizona","Navajo County",3,56,1331,625,706
050,04,017,"Arizona","Navajo County",3,57,1396,664,732
050,04,017,"Arizona","Navajo County",3,58,1429,673,756
050,04,017,"Arizona","Navajo County",3,59,1455,691,764
050,04,017,"Arizona","Navajo County",3,60,1525,712,813
050,04,017,"Arizona","Navajo County",3,61,1520,716,804
050,04,017,"Arizona","Navajo County",3,62,1547,735,812
050,04,017,"Arizona","Navajo County",3,63,1514,723,791
050,04,017,"Arizona","Navajo County",3,64,1564,752,812
050,04,017,"Arizona","Navajo County",3,65,1502,729,773
050,04,017,"Arizona","Navajo County",3,66,1513,749,764
050,04,017,"Arizona","Navajo County",3,67,1514,731,783
050,04,017,"Arizona","Navajo County",3,68,1371,661,710
050,04,017,"Arizona","Navajo County",3,69,1327,614,713
050,04,017,"Arizona","Navajo County",3,70,1264,601,663
050,04,017,"Arizona","Navajo County",3,71,1244,606,638
050,04,017,"Arizona","Navajo County",3,72,1240,602,638
050,04,017,"Arizona","Navajo County",3,73,1169,583,586
050,04,017,"Arizona","Navajo County",3,74,1191,594,597
050,04,017,"Arizona","Navajo County",3,75,821,400,421
050,04,017,"Arizona","Navajo County",3,76,779,386,393
050,04,017,"Arizona","Navajo County",3,77,797,396,401
050,04,017,"Arizona","Navajo County",3,78,777,376,401
050,04,017,"Arizona","Navajo County",3,79,624,291,333
050,04,017,"Arizona","Navajo County",3,80,562,268,294
050,04,017,"Arizona","Navajo County",3,81,527,248,279
050,04,017,"Arizona","Navajo County",3,82,462,218,244
050,04,017,"Arizona","Navajo County",3,83,431,198,233
050,04,017,"Arizona","Navajo County",3,84,349,158,191
050,04,017,"Arizona","Navajo County",3,85,1642,683,959
050,04,017,"Arizona","Navajo County",4,0,1218,620,598
050,04,017,"Arizona","Navajo County",4,1,1299,647,652
050,04,017,"Arizona","Navajo County",4,2,1273,628,645
050,04,017,"Arizona","Navajo County",4,3,1344,676,668
050,04,017,"Arizona","Navajo County",4,4,1366,699,667
050,04,017,"Arizona","Navajo County",4,5,1407,727,680
050,04,017,"Arizona","Navajo County",4,6,1506,775,731
050,04,017,"Arizona","Navajo County",4,7,1488,744,744
050,04,017,"Arizona","Navajo County",4,8,1529,765,764
050,04,017,"Arizona","Navajo County",4,9,1538,781,757
050,04,017,"Arizona","Navajo County",4,10,1544,821,723
050,04,017,"Arizona","Navajo County",4,11,1608,839,769
050,04,017,"Arizona","Navajo County",4,12,1662,824,838
050,04,017,"Arizona","Navajo County",4,13,1681,842,839
050,04,017,"Arizona","Navajo County",4,14,1796,917,879
050,04,017,"Arizona","Navajo County",4,15,1734,891,843
050,04,017,"Arizona","Navajo County",4,16,1720,887,833
050,04,017,"Arizona","Navajo County",4,17,1725,897,828
050,04,017,"Arizona","Navajo County",4,18,1468,764,704
050,04,017,"Arizona","Navajo County",4,19,1152,617,535
050,04,017,"Arizona","Navajo County",4,20,1173,628,545
050,04,017,"Arizona","Navajo County",4,21,1183,625,558
050,04,017,"Arizona","Navajo County",4,22,1230,633,597
050,04,017,"Arizona","Navajo County",4,23,1226,637,589
050,04,017,"Arizona","Navajo County",4,24,1207,608,599
050,04,017,"Arizona","Navajo County",4,25,1183,630,553
050,04,017,"Arizona","Navajo County",4,26,1148,607,541
050,04,017,"Arizona","Navajo County",4,27,1212,631,581
050,04,017,"Arizona","Navajo County",4,28,1301,680,621
050,04,017,"Arizona","Navajo County",4,29,1319,681,638
050,04,017,"Arizona","Navajo County",4,30,1279,633,646
050,04,017,"Arizona","Navajo County",4,31,1363,705,658
050,04,017,"Arizona","Navajo County",4,32,1441,737,704
050,04,017,"Arizona","Navajo County",4,33,1393,724,669
050,04,017,"Arizona","Navajo County",4,34,1344,711,633
050,04,017,"Arizona","Navajo County",4,35,1232,635,597
050,04,017,"Arizona","Navajo County",4,36,1237,626,611
050,04,017,"Arizona","Navajo County",4,37,1225,636,589
050,04,017,"Arizona","Navajo County",4,38,1216,657,559
050,04,017,"Arizona","Navajo County",4,39,1232,638,594
050,04,017,"Arizona","Navajo County",4,40,1292,637,655
050,04,017,"Arizona","Navajo County",4,41,1266,661,605
050,04,017,"Arizona","Navajo County",4,42,1183,596,587
050,04,017,"Arizona","Navajo County",4,43,1128,568,560
050,04,017,"Arizona","Navajo County",4,44,1142,584,558
050,04,017,"Arizona","Navajo County",4,45,1111,571,540
050,04,017,"Arizona","Navajo County",4,46,1094,551,543
050,04,017,"Arizona","Navajo County",4,47,1139,579,560
050,04,017,"Arizona","Navajo County",4,48,1103,580,523
050,04,017,"Arizona","Navajo County",4,49,1151,578,573
050,04,017,"Arizona","Navajo County",4,50,1138,559,579
050,04,017,"Arizona","Navajo County",4,51,1201,594,607
050,04,017,"Arizona","Navajo County",4,52,1153,565,588
050,04,017,"Arizona","Navajo County",4,53,1155,569,586
050,04,017,"Arizona","Navajo County",4,54,1090,531,559
050,04,017,"Arizona","Navajo County",4,55,1195,600,595
050,04,017,"Arizona","Navajo County",4,56,1274,630,644
050,04,017,"Arizona","Navajo County",4,57,1350,633,717
050,04,017,"Arizona","Navajo County",4,58,1383,657,726
050,04,017,"Arizona","Navajo County",4,59,1455,684,771
050,04,017,"Arizona","Navajo County",4,60,1488,691,797
050,04,017,"Arizona","Navajo County",4,61,1544,714,830
050,04,017,"Arizona","Navajo County",4,62,1562,739,823
050,04,017,"Arizona","Navajo County",4,63,1575,737,838
050,04,017,"Arizona","Navajo County",4,64,1550,743,807
050,04,017,"Arizona","Navajo County",4,65,1586,766,820
050,04,017,"Arizona","Navajo County",4,66,1541,740,801
050,04,017,"Arizona","Navajo County",4,67,1529,770,759
050,04,017,"Arizona","Navajo County",4,68,1501,710,791
050,04,017,"Arizona","Navajo County",4,69,1357,651,706
050,04,017,"Arizona","Navajo County",4,70,1319,611,708
050,04,017,"Arizona","Navajo County",4,71,1229,587,642
050,04,017,"Arizona","Navajo County",4,72,1214,590,624
050,04,017,"Arizona","Navajo County",4,73,1233,605,628
050,04,017,"Arizona","Navajo County",4,74,1136,556,580
050,04,017,"Arizona","Navajo County",4,75,1151,571,580
050,04,017,"Arizona","Navajo County",4,76,766,371,395
050,04,017,"Arizona","Navajo County",4,77,779,390,389
050,04,017,"Arizona","Navajo County",4,78,747,363,384
050,04,017,"Arizona","Navajo County",4,79,723,340,383
050,04,017,"Arizona","Navajo County",4,80,582,266,316
050,04,017,"Arizona","Navajo County",4,81,510,241,269
050,04,017,"Arizona","Navajo County",4,82,493,225,268
050,04,017,"Arizona","Navajo County",4,83,414,192,222
050,04,017,"Arizona","Navajo County",4,84,388,172,216
050,04,017,"Arizona","Navajo County",4,85,1678,695,983
050,04,017,"Arizona","Navajo County",5,0,1210,616,594
050,04,017,"Arizona","Navajo County",5,1,1210,603,607
050,04,017,"Arizona","Navajo County",5,2,1305,655,650
050,04,017,"Arizona","Navajo County",5,3,1272,626,646
050,04,017,"Arizona","Navajo County",5,4,1349,690,659
050,04,017,"Arizona","Navajo County",5,5,1373,707,666
050,04,017,"Arizona","Navajo County",5,6,1429,744,685
050,04,017,"Arizona","Navajo County",5,7,1510,787,723
050,04,017,"Arizona","Navajo County",5,8,1504,747,757
050,04,017,"Arizona","Navajo County",5,9,1543,775,768
050,04,017,"Arizona","Navajo County",5,10,1580,814,766
050,04,017,"Arizona","Navajo County",5,11,1580,830,750
050,04,017,"Arizona","Navajo County",5,12,1625,844,781
050,04,017,"Arizona","Navajo County",5,13,1680,832,848
050,04,017,"Arizona","Navajo County",5,14,1691,857,834
050,04,017,"Arizona","Navajo County",5,15,1806,927,879
050,04,017,"Arizona","Navajo County",5,16,1730,881,849
050,04,017,"Arizona","Navajo County",5,17,1723,877,846
050,04,017,"Arizona","Navajo County",5,18,1498,788,710
050,04,017,"Arizona","Navajo County",5,19,1246,662,584
050,04,017,"Arizona","Navajo County",5,20,1178,632,546
050,04,017,"Arizona","Navajo County",5,21,1136,587,549
050,04,017,"Arizona","Navajo County",5,22,1180,622,558
050,04,017,"Arizona","Navajo County",5,23,1254,652,602
050,04,017,"Arizona","Navajo County",5,24,1262,647,615
050,04,017,"Arizona","Navajo County",5,25,1217,617,600
050,04,017,"Arizona","Navajo County",5,26,1168,618,550
050,04,017,"Arizona","Navajo County",5,27,1168,626,542
050,04,017,"Arizona","Navajo County",5,28,1188,623,565
050,04,017,"Arizona","Navajo County",5,29,1306,688,618
050,04,017,"Arizona","Navajo County",5,30,1312,662,650
050,04,017,"Arizona","Navajo County",5,31,1311,639,672
050,04,017,"Arizona","Navajo County",5,32,1365,712,653
050,04,017,"Arizona","Navajo County",5,33,1455,718,737
050,04,017,"Arizona","Navajo County",5,34,1401,717,684
050,04,017,"Arizona","Navajo County",5,35,1350,709,641
050,04,017,"Arizona","Navajo County",5,36,1249,637,612
050,04,017,"Arizona","Navajo County",5,37,1265,640,625
050,04,017,"Arizona","Navajo County",5,38,1209,619,590
050,04,017,"Arizona","Navajo County",5,39,1214,651,563
050,04,017,"Arizona","Navajo County",5,40,1256,645,611
050,04,017,"Arizona","Navajo County",5,41,1305,634,671
050,04,017,"Arizona","Navajo County",5,42,1261,656,605
050,04,017,"Arizona","Navajo County",5,43,1184,593,591
050,04,017,"Arizona","Navajo County",5,44,1153,587,566
050,04,017,"Arizona","Navajo County",5,45,1130,571,559
050,04,017,"Arizona","Navajo County",5,46,1126,569,557
050,04,017,"Arizona","Navajo County",5,47,1090,532,558
050,04,017,"Arizona","Navajo County",5,48,1153,581,572
050,04,017,"Arizona","Navajo County",5,49,1094,562,532
050,04,017,"Arizona","Navajo County",5,50,1157,565,592
050,04,017,"Arizona","Navajo County",5,51,1144,568,576
050,04,017,"Arizona","Navajo County",5,52,1192,577,615
050,04,017,"Arizona","Navajo County",5,53,1163,563,600
050,04,017,"Arizona","Navajo County",5,54,1163,563,600
050,04,017,"Arizona","Navajo County",5,55,1135,558,577
050,04,017,"Arizona","Navajo County",5,56,1199,604,595
050,04,017,"Arizona","Navajo County",5,57,1280,629,651
050,04,017,"Arizona","Navajo County",5,58,1367,654,713
050,04,017,"Arizona","Navajo County",5,59,1422,671,751
050,04,017,"Arizona","Navajo County",5,60,1473,690,783
050,04,017,"Arizona","Navajo County",5,61,1484,682,802
050,04,017,"Arizona","Navajo County",5,62,1575,738,837
050,04,017,"Arizona","Navajo County",5,63,1584,749,835
050,04,017,"Arizona","Navajo County",5,64,1587,765,822
050,04,017,"Arizona","Navajo County",5,65,1556,741,815
050,04,017,"Arizona","Navajo County",5,66,1600,747,853
050,04,017,"Arizona","Navajo County",5,67,1541,753,788
050,04,017,"Arizona","Navajo County",5,68,1488,745,743
050,04,017,"Arizona","Navajo County",5,69,1471,687,784
050,04,017,"Arizona","Navajo County",5,70,1381,647,734
050,04,017,"Arizona","Navajo County",5,71,1270,585,685
050,04,017,"Arizona","Navajo County",5,72,1197,582,615
050,04,017,"Arizona","Navajo County",5,73,1198,590,608
050,04,017,"Arizona","Navajo County",5,74,1163,564,599
050,04,017,"Arizona","Navajo County",5,75,1093,528,565
050,04,017,"Arizona","Navajo County",5,76,1075,531,544
050,04,017,"Arizona","Navajo County",5,77,758,368,390
050,04,017,"Arizona","Navajo County",5,78,722,364,358
050,04,017,"Arizona","Navajo County",5,79,686,328,358
050,04,017,"Arizona","Navajo County",5,80,674,313,361
050,04,017,"Arizona","Navajo County",5,81,529,239,290
050,04,017,"Arizona","Navajo County",5,82,472,216,256
050,04,017,"Arizona","Navajo County",5,83,439,201,238
050,04,017,"Arizona","Navajo County",5,84,363,166,197
050,04,017,"Arizona","Navajo County",5,85,1770,734,1036
050,04,019,"Arizona","Pima County",1,0,10161,5183,4978
050,04,019,"Arizona","Pima County",1,1,10267,5256,5011
050,04,019,"Arizona","Pima County",1,2,10824,5544,5280
050,04,019,"Arizona","Pima County",1,3,11167,5702,5465
050,04,019,"Arizona","Pima County",1,4,11458,5847,5611
050,04,019,"Arizona","Pima County",1,5,11647,5971,5676
050,04,019,"Arizona","Pima County",1,6,11719,6019,5700
050,04,019,"Arizona","Pima County",1,7,11496,5771,5725
050,04,019,"Arizona","Pima County",1,8,11523,5818,5705
050,04,019,"Arizona","Pima County",1,9,11663,5953,5710
050,04,019,"Arizona","Pima County",1,10,11998,6212,5786
050,04,019,"Arizona","Pima County",1,11,12518,6423,6095
050,04,019,"Arizona","Pima County",1,12,12984,6665,6319
050,04,019,"Arizona","Pima County",1,13,12796,6579,6217
050,04,019,"Arizona","Pima County",1,14,12306,6367,5939
050,04,019,"Arizona","Pima County",1,15,12180,6246,5934
050,04,019,"Arizona","Pima County",1,16,12292,6332,5960
050,04,019,"Arizona","Pima County",1,17,12125,6184,5941
050,04,019,"Arizona","Pima County",1,18,14585,7179,7406
050,04,019,"Arizona","Pima County",1,19,18025,9027,8998
050,04,019,"Arizona","Pima County",1,20,18622,9107,9515
050,04,019,"Arizona","Pima County",1,21,18908,9691,9217
050,04,019,"Arizona","Pima County",1,22,17785,9125,8660
050,04,019,"Arizona","Pima County",1,23,17215,8688,8527
050,04,019,"Arizona","Pima County",1,24,15555,8048,7507
050,04,019,"Arizona","Pima County",1,25,14892,7635,7257
050,04,019,"Arizona","Pima County",1,26,14657,7663,6994
050,04,019,"Arizona","Pima County",1,27,14356,7483,6873
050,04,019,"Arizona","Pima County",1,28,14399,7499,6900
050,04,019,"Arizona","Pima County",1,29,13837,7284,6553
050,04,019,"Arizona","Pima County",1,30,13107,6859,6248
050,04,019,"Arizona","Pima County",1,31,12489,6627,5862
050,04,019,"Arizona","Pima County",1,32,11954,6302,5652
050,04,019,"Arizona","Pima County",1,33,11743,6169,5574
050,04,019,"Arizona","Pima County",1,34,12139,6328,5811
050,04,019,"Arizona","Pima County",1,35,12019,6227,5792
050,04,019,"Arizona","Pima County",1,36,12231,6241,5990
050,04,019,"Arizona","Pima County",1,37,12664,6446,6218
050,04,019,"Arizona","Pima County",1,38,12697,6466,6231
050,04,019,"Arizona","Pima County",1,39,12633,6425,6208
050,04,019,"Arizona","Pima County",1,40,12341,6209,6132
050,04,019,"Arizona","Pima County",1,41,11627,5830,5797
050,04,019,"Arizona","Pima County",1,42,11575,5761,5814
050,04,019,"Arizona","Pima County",1,43,11413,5749,5664
050,04,019,"Arizona","Pima County",1,44,11302,5648,5654
050,04,019,"Arizona","Pima County",1,45,11262,5628,5634
050,04,019,"Arizona","Pima County",1,46,10850,5470,5380
050,04,019,"Arizona","Pima County",1,47,10950,5462,5488
050,04,019,"Arizona","Pima County",1,48,11440,5642,5798
050,04,019,"Arizona","Pima County",1,49,12112,6050,6062
050,04,019,"Arizona","Pima County",1,50,11459,5681,5778
050,04,019,"Arizona","Pima County",1,51,11034,5476,5558
050,04,019,"Arizona","Pima County",1,52,10810,5281,5529
050,04,019,"Arizona","Pima County",1,53,11084,5423,5661
050,04,019,"Arizona","Pima County",1,54,11327,5619,5708
050,04,019,"Arizona","Pima County",1,55,11970,5899,6071
050,04,019,"Arizona","Pima County",1,56,12454,6104,6350
050,04,019,"Arizona","Pima County",1,57,12698,6111,6587
050,04,019,"Arizona","Pima County",1,58,12962,6277,6685
050,04,019,"Arizona","Pima County",1,59,13142,6322,6820
050,04,019,"Arizona","Pima County",1,60,13099,6279,6820
050,04,019,"Arizona","Pima County",1,61,13355,6267,7088
050,04,019,"Arizona","Pima County",1,62,13673,6355,7318
050,04,019,"Arizona","Pima County",1,63,13418,6257,7161
050,04,019,"Arizona","Pima County",1,64,13154,6159,6995
050,04,019,"Arizona","Pima County",1,65,13152,6196,6956
050,04,019,"Arizona","Pima County",1,66,13409,6243,7166
050,04,019,"Arizona","Pima County",1,67,13323,6180,7143
050,04,019,"Arizona","Pima County",1,68,12997,6007,6990
050,04,019,"Arizona","Pima County",1,69,12356,5710,6646
050,04,019,"Arizona","Pima County",1,70,12326,5753,6573
050,04,019,"Arizona","Pima County",1,71,12135,5693,6442
050,04,019,"Arizona","Pima County",1,72,12400,5868,6532
050,04,019,"Arizona","Pima County",1,73,12664,6072,6592
050,04,019,"Arizona","Pima County",1,74,9158,4253,4905
050,04,019,"Arizona","Pima County",1,75,9085,4161,4924
050,04,019,"Arizona","Pima County",1,76,8942,4094,4848
050,04,019,"Arizona","Pima County",1,77,8882,4150,4732
050,04,019,"Arizona","Pima County",1,78,7599,3456,4143
050,04,019,"Arizona","Pima County",1,79,6731,3073,3658
050,04,019,"Arizona","Pima County",1,80,6029,2713,3316
050,04,019,"Arizona","Pima County",1,81,5633,2580,3053
050,04,019,"Arizona","Pima County",1,82,5164,2363,2801
050,04,019,"Arizona","Pima County",1,83,4662,2125,2537
050,04,019,"Arizona","Pima County",1,84,4268,1928,2340
050,04,019,"Arizona","Pima County",1,85,24373,9953,14420
050,04,019,"Arizona","Pima County",2,0,9983,5094,4889
050,04,019,"Arizona","Pima County",2,1,10279,5256,5023
050,04,019,"Arizona","Pima County",2,2,10700,5481,5219
050,04,019,"Arizona","Pima County",2,3,11065,5650,5415
050,04,019,"Arizona","Pima County",2,4,11411,5827,5584
050,04,019,"Arizona","Pima County",2,5,11610,5938,5672
050,04,019,"Arizona","Pima County",2,6,11716,6011,5705
050,04,019,"Arizona","Pima County",2,7,11541,5822,5719
050,04,019,"Arizona","Pima County",2,8,11491,5793,5698
050,04,019,"Arizona","Pima County",2,9,11632,5924,5708
050,04,019,"Arizona","Pima County",2,10,11935,6152,5783
050,04,019,"Arizona","Pima County",2,11,12344,6345,5999
050,04,019,"Arizona","Pima County",2,12,12929,6634,6295
050,04,019,"Arizona","Pima County",2,13,12826,6594,6232
050,04,019,"Arizona","Pima County",2,14,12430,6418,6012
050,04,019,"Arizona","Pima County",2,15,12226,6280,5946
050,04,019,"Arizona","Pima County",2,16,12278,6313,5965
050,04,019,"Arizona","Pima County",2,17,12193,6230,5963
050,04,019,"Arizona","Pima County",2,18,14429,7108,7321
050,04,019,"Arizona","Pima County",2,19,17883,8943,8940
050,04,019,"Arizona","Pima County",2,20,18714,9140,9574
050,04,019,"Arizona","Pima County",2,21,18890,9669,9221
050,04,019,"Arizona","Pima County",2,22,17795,9129,8666
050,04,019,"Arizona","Pima County",2,23,17241,8699,8542
050,04,019,"Arizona","Pima County",2,24,15511,8022,7489
050,04,019,"Arizona","Pima County",2,25,14856,7613,7243
050,04,019,"Arizona","Pima County",2,26,14570,7606,6964
050,04,019,"Arizona","Pima County",2,27,14294,7462,6832
050,04,019,"Arizona","Pima County",2,28,14437,7537,6900
050,04,019,"Arizona","Pima County",2,29,13978,7334,6644
050,04,019,"Arizona","Pima County",2,30,13359,6996,6363
050,04,019,"Arizona","Pima County",2,31,12614,6669,5945
050,04,019,"Arizona","Pima County",2,32,12098,6378,5720
050,04,019,"Arizona","Pima County",2,33,11801,6191,5610
050,04,019,"Arizona","Pima County",2,34,12039,6286,5753
050,04,019,"Arizona","Pima County",2,35,12121,6291,5830
050,04,019,"Arizona","Pima County",2,36,12115,6183,5932
050,04,019,"Arizona","Pima County",2,37,12575,6395,6180
050,04,019,"Arizona","Pima County",2,38,12755,6495,6260
050,04,019,"Arizona","Pima County",2,39,12613,6408,6205
050,04,019,"Arizona","Pima County",2,40,12509,6312,6197
050,04,019,"Arizona","Pima County",2,41,11755,5893,5862
050,04,019,"Arizona","Pima County",2,42,11553,5762,5791
050,04,019,"Arizona","Pima County",2,43,11522,5787,5735
050,04,019,"Arizona","Pima County",2,44,11278,5641,5637
050,04,019,"Arizona","Pima County",2,45,11304,5641,5663
050,04,019,"Arizona","Pima County",2,46,10929,5494,5435
050,04,019,"Arizona","Pima County",2,47,10927,5462,5465
050,04,019,"Arizona","Pima County",2,48,11322,5593,5729
050,04,019,"Arizona","Pima County",2,49,12022,5987,6035
050,04,019,"Arizona","Pima County",2,50,11631,5776,5855
050,04,019,"Arizona","Pima County",2,51,11108,5506,5602
050,04,019,"Arizona","Pima County",2,52,10888,5338,5550
050,04,019,"Arizona","Pima County",2,53,11004,5368,5636
050,04,019,"Arizona","Pima County",2,54,11245,5557,5688
050,04,019,"Arizona","Pima County",2,55,11855,5845,6010
050,04,019,"Arizona","Pima County",2,56,12424,6097,6327
050,04,019,"Arizona","Pima County",2,57,12665,6109,6556
050,04,019,"Arizona","Pima County",2,58,12922,6233,6689
050,04,019,"Arizona","Pima County",2,59,13138,6322,6816
050,04,019,"Arizona","Pima County",2,60,13157,6309,6848
050,04,019,"Arizona","Pima County",2,61,13297,6266,7031
050,04,019,"Arizona","Pima County",2,62,13600,6328,7272
050,04,019,"Arizona","Pima County",2,63,13607,6330,7277
050,04,019,"Arizona","Pima County",2,64,13176,6154,7022
050,04,019,"Arizona","Pima County",2,65,13211,6207,7004
050,04,019,"Arizona","Pima County",2,66,13413,6263,7150
050,04,019,"Arizona","Pima County",2,67,13358,6194,7164
050,04,019,"Arizona","Pima County",2,68,13020,6019,7001
050,04,019,"Arizona","Pima County",2,69,12602,5824,6778
050,04,019,"Arizona","Pima County",2,70,12321,5726,6595
050,04,019,"Arizona","Pima County",2,71,12218,5720,6498
050,04,019,"Arizona","Pima County",2,72,12170,5746,6424
050,04,019,"Arizona","Pima County",2,73,13184,6302,6882
050,04,019,"Arizona","Pima County",2,74,9445,4411,5034
050,04,019,"Arizona","Pima County",2,75,9102,4174,4928
050,04,019,"Arizona","Pima County",2,76,8893,4070,4823
050,04,019,"Arizona","Pima County",2,77,9063,4215,4848
050,04,019,"Arizona","Pima County",2,78,7721,3534,4187
050,04,019,"Arizona","Pima County",2,79,6840,3114,3726
050,04,019,"Arizona","Pima County",2,80,6138,2760,3378
050,04,019,"Arizona","Pima County",2,81,5648,2579,3069
050,04,019,"Arizona","Pima County",2,82,5243,2396,2847
050,04,019,"Arizona","Pima County",2,83,4683,2126,2557
050,04,019,"Arizona","Pima County",2,84,4304,1949,2355
050,04,019,"Arizona","Pima County",2,85,24483,10043,14440
050,04,019,"Arizona","Pima County",3,0,9749,4932,4817
050,04,019,"Arizona","Pima County",3,1,10053,5111,4942
050,04,019,"Arizona","Pima County",3,2,10342,5285,5057
050,04,019,"Arizona","Pima County",3,3,10736,5511,5225
050,04,019,"Arizona","Pima County",3,4,11080,5650,5430
050,04,019,"Arizona","Pima County",3,5,11472,5863,5609
050,04,019,"Arizona","Pima County",3,6,11618,5967,5651
050,04,019,"Arizona","Pima County",3,7,11736,6022,5714
050,04,019,"Arizona","Pima County",3,8,11601,5865,5736
050,04,019,"Arizona","Pima County",3,9,11449,5778,5671
050,04,019,"Arizona","Pima County",3,10,11690,5943,5747
050,04,019,"Arizona","Pima County",3,11,11975,6193,5782
050,04,019,"Arizona","Pima County",3,12,12417,6403,6014
050,04,019,"Arizona","Pima County",3,13,12933,6658,6275
050,04,019,"Arizona","Pima County",3,14,12824,6567,6257
050,04,019,"Arizona","Pima County",3,15,12484,6475,6009
050,04,019,"Arizona","Pima County",3,16,12235,6316,5919
050,04,019,"Arizona","Pima County",3,17,12440,6442,5998
050,04,019,"Arizona","Pima County",3,18,13722,6861,6861
050,04,019,"Arizona","Pima County",3,19,16450,8251,8199
050,04,019,"Arizona","Pima County",3,20,18308,8931,9377
050,04,019,"Arizona","Pima County",3,21,19216,9769,9447
050,04,019,"Arizona","Pima County",3,22,17942,9174,8768
050,04,019,"Arizona","Pima County",3,23,17355,8755,8600
050,04,019,"Arizona","Pima County",3,24,15608,8122,7486
050,04,019,"Arizona","Pima County",3,25,14673,7527,7146
050,04,019,"Arizona","Pima County",3,26,14072,7325,6747
050,04,019,"Arizona","Pima County",3,27,14110,7319,6791
050,04,019,"Arizona","Pima County",3,28,14295,7496,6799
050,04,019,"Arizona","Pima County",3,29,14445,7494,6951
050,04,019,"Arizona","Pima County",3,30,14035,7314,6721
050,04,019,"Arizona","Pima County",3,31,13390,7023,6367
050,04,019,"Arizona","Pima County",3,32,12798,6742,6056
050,04,019,"Arizona","Pima County",3,33,12210,6414,5796
050,04,019,"Arizona","Pima County",3,34,11983,6299,5684
050,04,019,"Arizona","Pima County",3,35,12247,6421,5826
050,04,019,"Arizona","Pima County",3,36,12225,6308,5917
050,04,019,"Arizona","Pima County",3,37,12167,6222,5945
050,04,019,"Arizona","Pima County",3,38,12598,6422,6176
050,04,019,"Arizona","Pima County",3,39,12810,6482,6328
050,04,019,"Arizona","Pima County",3,40,12594,6391,6203
050,04,019,"Arizona","Pima County",3,41,12571,6347,6224
050,04,019,"Arizona","Pima County",3,42,11834,5902,5932
050,04,019,"Arizona","Pima County",3,43,11577,5749,5828
050,04,019,"Arizona","Pima County",3,44,11575,5775,5800
050,04,019,"Arizona","Pima County",3,45,11250,5587,5663
050,04,019,"Arizona","Pima County",3,46,11353,5661,5692
050,04,019,"Arizona","Pima County",3,47,11022,5563,5459
050,04,019,"Arizona","Pima County",3,48,10908,5416,5492
050,04,019,"Arizona","Pima County",3,49,11401,5612,5789
050,04,019,"Arizona","Pima County",3,50,12015,5977,6038
050,04,019,"Arizona","Pima County",3,51,11694,5764,5930
050,04,019,"Arizona","Pima County",3,52,11235,5544,5691
050,04,019,"Arizona","Pima County",3,53,10838,5281,5557
050,04,019,"Arizona","Pima County",3,54,11041,5365,5676
050,04,019,"Arizona","Pima County",3,55,11219,5516,5703
050,04,019,"Arizona","Pima County",3,56,11961,5852,6109
050,04,019,"Arizona","Pima County",3,57,12443,6063,6380
050,04,019,"Arizona","Pima County",3,58,12654,6074,6580
050,04,019,"Arizona","Pima County",3,59,12896,6186,6710
050,04,019,"Arizona","Pima County",3,60,13202,6346,6856
050,04,019,"Arizona","Pima County",3,61,13212,6318,6894
050,04,019,"Arizona","Pima County",3,62,13403,6277,7126
050,04,019,"Arizona","Pima County",3,63,13726,6367,7359
050,04,019,"Arizona","Pima County",3,64,13688,6337,7351
050,04,019,"Arizona","Pima County",3,65,13192,6155,7037
050,04,019,"Arizona","Pima County",3,66,13205,6192,7013
050,04,019,"Arizona","Pima County",3,67,13373,6200,7173
050,04,019,"Arizona","Pima County",3,68,13298,6149,7149
050,04,019,"Arizona","Pima County",3,69,12926,5960,6966
050,04,019,"Arizona","Pima County",3,70,12500,5775,6725
050,04,019,"Arizona","Pima County",3,71,12171,5643,6528
050,04,019,"Arizona","Pima County",3,72,12009,5600,6409
050,04,019,"Arizona","Pima County",3,73,11966,5609,6357
050,04,019,"Arizona","Pima County",3,74,12963,6212,6751
050,04,019,"Arizona","Pima County",3,75,9193,4271,4922
050,04,019,"Arizona","Pima County",3,76,8861,4036,4825
050,04,019,"Arizona","Pima County",3,77,8677,3976,4701
050,04,019,"Arizona","Pima County",3,78,8710,3995,4715
050,04,019,"Arizona","Pima County",3,79,7363,3381,3982
050,04,019,"Arizona","Pima County",3,80,6553,2933,3620
050,04,019,"Arizona","Pima County",3,81,5811,2616,3195
050,04,019,"Arizona","Pima County",3,82,5373,2441,2932
050,04,019,"Arizona","Pima County",3,83,4919,2223,2696
050,04,019,"Arizona","Pima County",3,84,4357,1958,2399
050,04,019,"Arizona","Pima County",3,85,24689,10271,14418
050,04,019,"Arizona","Pima County",4,0,10003,5083,4920
050,04,019,"Arizona","Pima County",4,1,9766,5044,4722
050,04,019,"Arizona","Pima County",4,2,10135,5176,4959
050,04,019,"Arizona","Pima County",4,3,10314,5267,5047
050,04,019,"Arizona","Pima County",4,4,10767,5535,5232
050,04,019,"Arizona","Pima County",4,5,11084,5629,5455
050,04,019,"Arizona","Pima County",4,6,11466,5819,5647
050,04,019,"Arizona","Pima County",4,7,11631,5953,5678
050,04,019,"Arizona","Pima County",4,8,11688,6012,5676
050,04,019,"Arizona","Pima County",4,9,11601,5864,5737
050,04,019,"Arizona","Pima County",4,10,11496,5791,5705
050,04,019,"Arizona","Pima County",4,11,11722,5947,5775
050,04,019,"Arizona","Pima County",4,12,11977,6197,5780
050,04,019,"Arizona","Pima County",4,13,12388,6401,5987
050,04,019,"Arizona","Pima County",4,14,12876,6625,6251
050,04,019,"Arizona","Pima County",4,15,12895,6628,6267
050,04,019,"Arizona","Pima County",4,16,12499,6511,5988
050,04,019,"Arizona","Pima County",4,17,12482,6490,5992
050,04,019,"Arizona","Pima County",4,18,14780,7357,7423
050,04,019,"Arizona","Pima County",4,19,17946,9026,8920
050,04,019,"Arizona","Pima County",4,20,18413,8943,9470
050,04,019,"Arizona","Pima County",4,21,19530,9905,9625
050,04,019,"Arizona","Pima County",4,22,18694,9480,9214
050,04,019,"Arizona","Pima County",4,23,17564,8897,8667
050,04,019,"Arizona","Pima County",4,24,15644,8128,7516
050,04,019,"Arizona","Pima County",4,25,14862,7670,7192
050,04,019,"Arizona","Pima County",4,26,14004,7240,6764
050,04,019,"Arizona","Pima County",4,27,13528,6994,6534
050,04,019,"Arizona","Pima County",4,28,14179,7263,6916
050,04,019,"Arizona","Pima County",4,29,14376,7522,6854
050,04,019,"Arizona","Pima County",4,30,14595,7542,7053
050,04,019,"Arizona","Pima County",4,31,14125,7369,6756
050,04,019,"Arizona","Pima County",4,32,13462,7060,6402
050,04,019,"Arizona","Pima County",4,33,12854,6760,6094
050,04,019,"Arizona","Pima County",4,34,12313,6418,5895
050,04,019,"Arizona","Pima County",4,35,12008,6310,5698
050,04,019,"Arizona","Pima County",4,36,12235,6380,5855
050,04,019,"Arizona","Pima County",4,37,12307,6356,5951
050,04,019,"Arizona","Pima County",4,38,12319,6357,5962
050,04,019,"Arizona","Pima County",4,39,12603,6408,6195
050,04,019,"Arizona","Pima County",4,40,12799,6476,6323
050,04,019,"Arizona","Pima County",4,41,12630,6386,6244
050,04,019,"Arizona","Pima County",4,42,12554,6335,6219
050,04,019,"Arizona","Pima County",4,43,11827,5883,5944
050,04,019,"Arizona","Pima County",4,44,11595,5713,5882
050,04,019,"Arizona","Pima County",4,45,11535,5721,5814
050,04,019,"Arizona","Pima County",4,46,11284,5619,5665
050,04,019,"Arizona","Pima County",4,47,11381,5695,5686
050,04,019,"Arizona","Pima County",4,48,10943,5483,5460
050,04,019,"Arizona","Pima County",4,49,10968,5439,5529
050,04,019,"Arizona","Pima County",4,50,11388,5619,5769
050,04,019,"Arizona","Pima County",4,51,11981,5966,6015
050,04,019,"Arizona","Pima County",4,52,11741,5752,5989
050,04,019,"Arizona","Pima County",4,53,11147,5438,5709
050,04,019,"Arizona","Pima County",4,54,10880,5281,5599
050,04,019,"Arizona","Pima County",4,55,11064,5332,5732
050,04,019,"Arizona","Pima County",4,56,11294,5544,5750
050,04,019,"Arizona","Pima County",4,57,12006,5857,6149
050,04,019,"Arizona","Pima County",4,58,12396,5998,6398
050,04,019,"Arizona","Pima County",4,59,12675,6036,6639
050,04,019,"Arizona","Pima County",4,60,12909,6178,6731
050,04,019,"Arizona","Pima County",4,61,13204,6324,6880
050,04,019,"Arizona","Pima County",4,62,13205,6286,6919
050,04,019,"Arizona","Pima County",4,63,13443,6276,7167
050,04,019,"Arizona","Pima County",4,64,13762,6359,7403
050,04,019,"Arizona","Pima County",4,65,13712,6331,7381
050,04,019,"Arizona","Pima County",4,66,13198,6169,7029
050,04,019,"Arizona","Pima County",4,67,13204,6133,7071
050,04,019,"Arizona","Pima County",4,68,13282,6114,7168
050,04,019,"Arizona","Pima County",4,69,13226,6124,7102
050,04,019,"Arizona","Pima County",4,70,12854,5927,6927
050,04,019,"Arizona","Pima County",4,71,12427,5717,6710
050,04,019,"Arizona","Pima County",4,72,12004,5549,6455
050,04,019,"Arizona","Pima County",4,73,11853,5509,6344
050,04,019,"Arizona","Pima County",4,74,11734,5510,6224
050,04,019,"Arizona","Pima County",4,75,12683,6056,6627
050,04,019,"Arizona","Pima County",4,76,8937,4140,4797
050,04,019,"Arizona","Pima County",4,77,8594,3938,4656
050,04,019,"Arizona","Pima County",4,78,8360,3818,4542
050,04,019,"Arizona","Pima County",4,79,8316,3819,4497
050,04,019,"Arizona","Pima County",4,80,7024,3190,3834
050,04,019,"Arizona","Pima County",4,81,6232,2773,3459
050,04,019,"Arizona","Pima County",4,82,5470,2472,2998
050,04,019,"Arizona","Pima County",4,83,5001,2253,2748
050,04,019,"Arizona","Pima County",4,84,4595,2073,2522
050,04,019,"Arizona","Pima County",4,85,25028,10503,14525
050,04,019,"Arizona","Pima County",5,0,9907,5036,4871
050,04,019,"Arizona","Pima County",5,1,10022,5117,4905
050,04,019,"Arizona","Pima County",5,2,9807,5072,4735
050,04,019,"Arizona","Pima County",5,3,10157,5231,4926
050,04,019,"Arizona","Pima County",5,4,10282,5241,5041
050,04,019,"Arizona","Pima County",5,5,10795,5476,5319
050,04,019,"Arizona","Pima County",5,6,11108,5648,5460
050,04,019,"Arizona","Pima County",5,7,11543,5869,5674
050,04,019,"Arizona","Pima County",5,8,11750,5989,5761
050,04,019,"Arizona","Pima County",5,9,11795,6018,5777
050,04,019,"Arizona","Pima County",5,10,11615,5916,5699
050,04,019,"Arizona","Pima County",5,11,11576,5843,5733
050,04,019,"Arizona","Pima County",5,12,11687,5960,5727
050,04,019,"Arizona","Pima County",5,13,11977,6228,5749
050,04,019,"Arizona","Pima County",5,14,12413,6416,5997
050,04,019,"Arizona","Pima County",5,15,12918,6669,6249
050,04,019,"Arizona","Pima County",5,16,13029,6708,6321
050,04,019,"Arizona","Pima County",5,17,12721,6675,6046
050,04,019,"Arizona","Pima County",5,18,14797,7415,7382
050,04,019,"Arizona","Pima County",5,19,18026,9110,8916
050,04,019,"Arizona","Pima County",5,20,18513,9054,9459
050,04,019,"Arizona","Pima County",5,21,19147,9707,9440
050,04,019,"Arizona","Pima County",5,22,18670,9428,9242
050,04,019,"Arizona","Pima County",5,23,18281,9150,9131
050,04,019,"Arizona","Pima County",5,24,15865,8306,7559
050,04,019,"Arizona","Pima County",5,25,14869,7669,7200
050,04,019,"Arizona","Pima County",5,26,14125,7365,6760
050,04,019,"Arizona","Pima County",5,27,13372,6893,6479
050,04,019,"Arizona","Pima County",5,28,13603,6969,6634
050,04,019,"Arizona","Pima County",5,29,14042,7178,6864
050,04,019,"Arizona","Pima County",5,30,14284,7428,6856
050,04,019,"Arizona","Pima County",5,31,14571,7547,7024
050,04,019,"Arizona","Pima County",5,32,13996,7270,6726
050,04,019,"Arizona","Pima County",5,33,13521,7055,6466
050,04,019,"Arizona","Pima County",5,34,12944,6785,6159
050,04,019,"Arizona","Pima County",5,35,12486,6498,5988
050,04,019,"Arizona","Pima County",5,36,12076,6363,5713
050,04,019,"Arizona","Pima County",5,37,12369,6468,5901
050,04,019,"Arizona","Pima County",5,38,12376,6412,5964
050,04,019,"Arizona","Pima County",5,39,12374,6388,5986
050,04,019,"Arizona","Pima County",5,40,12607,6422,6185
050,04,019,"Arizona","Pima County",5,41,12781,6426,6355
050,04,019,"Arizona","Pima County",5,42,12680,6412,6268
050,04,019,"Arizona","Pima County",5,43,12623,6378,6245
050,04,019,"Arizona","Pima County",5,44,11835,5864,5971
050,04,019,"Arizona","Pima County",5,45,11556,5675,5881
050,04,019,"Arizona","Pima County",5,46,11543,5710,5833
050,04,019,"Arizona","Pima County",5,47,11291,5661,5630
050,04,019,"Arizona","Pima County",5,48,11329,5618,5711
050,04,019,"Arizona","Pima County",5,49,10952,5490,5462
050,04,019,"Arizona","Pima County",5,50,10955,5431,5524
050,04,019,"Arizona","Pima County",5,51,11366,5586,5780
050,04,019,"Arizona","Pima County",5,52,12025,5971,6054
050,04,019,"Arizona","Pima County",5,53,11695,5713,5982
050,04,019,"Arizona","Pima County",5,54,11122,5434,5688
050,04,019,"Arizona","Pima County",5,55,10902,5291,5611
050,04,019,"Arizona","Pima County",5,56,11106,5344,5762
050,04,019,"Arizona","Pima County",5,57,11340,5514,5826
050,04,019,"Arizona","Pima County",5,58,11922,5757,6165
050,04,019,"Arizona","Pima County",5,59,12355,5928,6427
050,04,019,"Arizona","Pima County",5,60,12722,6044,6678
050,04,019,"Arizona","Pima County",5,61,12959,6197,6762
050,04,019,"Arizona","Pima County",5,62,13268,6349,6919
050,04,019,"Arizona","Pima County",5,63,13220,6279,6941
050,04,019,"Arizona","Pima County",5,64,13505,6251,7254
050,04,019,"Arizona","Pima County",5,65,13800,6393,7407
050,04,019,"Arizona","Pima County",5,66,13730,6326,7404
050,04,019,"Arizona","Pima County",5,67,13119,6096,7023
050,04,019,"Arizona","Pima County",5,68,13107,6044,7063
050,04,019,"Arizona","Pima County",5,69,13220,6051,7169
050,04,019,"Arizona","Pima County",5,70,13178,6112,7066
050,04,019,"Arizona","Pima County",5,71,12772,5889,6883
050,04,019,"Arizona","Pima County",5,72,12252,5626,6626
050,04,019,"Arizona","Pima County",5,73,11826,5439,6387
050,04,019,"Arizona","Pima County",5,74,11679,5442,6237
050,04,019,"Arizona","Pima County",5,75,11499,5385,6114
050,04,019,"Arizona","Pima County",5,76,12353,5876,6477
050,04,019,"Arizona","Pima County",5,77,8739,4049,4690
050,04,019,"Arizona","Pima County",5,78,8341,3782,4559
050,04,019,"Arizona","Pima County",5,79,8028,3670,4358
050,04,019,"Arizona","Pima County",5,80,7988,3635,4353
050,04,019,"Arizona","Pima County",5,81,6736,3031,3705
050,04,019,"Arizona","Pima County",5,82,5942,2631,3311
050,04,019,"Arizona","Pima County",5,83,5117,2288,2829
050,04,019,"Arizona","Pima County",5,84,4690,2109,2581
050,04,019,"Arizona","Pima County",5,85,25978,11063,14915
050,04,021,"Arizona","Pinal County",1,0,4002,2047,1955
050,04,021,"Arizona","Pinal County",1,1,4325,2189,2136
050,04,021,"Arizona","Pinal County",1,2,4417,2230,2187
050,04,021,"Arizona","Pinal County",1,3,4729,2312,2417
050,04,021,"Arizona","Pinal County",1,4,4901,2490,2411
050,04,021,"Arizona","Pinal County",1,5,5030,2513,2517
050,04,021,"Arizona","Pinal County",1,6,5159,2645,2514
050,04,021,"Arizona","Pinal County",1,7,5186,2590,2596
050,04,021,"Arizona","Pinal County",1,8,5182,2636,2546
050,04,021,"Arizona","Pinal County",1,9,5324,2664,2660
050,04,021,"Arizona","Pinal County",1,10,5476,2797,2679
050,04,021,"Arizona","Pinal County",1,11,5729,2946,2783
050,04,021,"Arizona","Pinal County",1,12,5951,3052,2899
050,04,021,"Arizona","Pinal County",1,13,5954,3061,2893
050,04,021,"Arizona","Pinal County",1,14,5579,2851,2728
050,04,021,"Arizona","Pinal County",1,15,5593,2887,2706
050,04,021,"Arizona","Pinal County",1,16,5354,2739,2615
050,04,021,"Arizona","Pinal County",1,17,5090,2592,2498
050,04,021,"Arizona","Pinal County",1,18,4747,2567,2180
050,04,021,"Arizona","Pinal County",1,19,4397,2472,1925
050,04,021,"Arizona","Pinal County",1,20,4501,2540,1961
050,04,021,"Arizona","Pinal County",1,21,4566,2602,1964
050,04,021,"Arizona","Pinal County",1,22,4576,2617,1959
050,04,021,"Arizona","Pinal County",1,23,4778,2752,2026
050,04,021,"Arizona","Pinal County",1,24,4880,2835,2045
050,04,021,"Arizona","Pinal County",1,25,4979,2909,2070
050,04,021,"Arizona","Pinal County",1,26,5234,3055,2179
050,04,021,"Arizona","Pinal County",1,27,5426,3114,2312
050,04,021,"Arizona","Pinal County",1,28,5539,3225,2314
050,04,021,"Arizona","Pinal County",1,29,5678,3265,2413
050,04,021,"Arizona","Pinal County",1,30,5811,3321,2490
050,04,021,"Arizona","Pinal County",1,31,5704,3235,2469
050,04,021,"Arizona","Pinal County",1,32,5581,3165,2416
050,04,021,"Arizona","Pinal County",1,33,5677,3197,2480
050,04,021,"Arizona","Pinal County",1,34,5719,3225,2494
050,04,021,"Arizona","Pinal County",1,35,5758,3252,2506
050,04,021,"Arizona","Pinal County",1,36,5741,3201,2540
050,04,021,"Arizona","Pinal County",1,37,5805,3181,2624
050,04,021,"Arizona","Pinal County",1,38,5760,3109,2651
050,04,021,"Arizona","Pinal County",1,39,5962,3317,2645
050,04,021,"Arizona","Pinal County",1,40,5604,3147,2457
050,04,021,"Arizona","Pinal County",1,41,5406,2991,2415
050,04,021,"Arizona","Pinal County",1,42,5239,2911,2328
050,04,021,"Arizona","Pinal County",1,43,5191,2848,2343
050,04,021,"Arizona","Pinal County",1,44,5155,2844,2311
050,04,021,"Arizona","Pinal County",1,45,5113,2791,2322
050,04,021,"Arizona","Pinal County",1,46,5061,2790,2271
050,04,021,"Arizona","Pinal County",1,47,4979,2753,2226
050,04,021,"Arizona","Pinal County",1,48,5015,2760,2255
050,04,021,"Arizona","Pinal County",1,49,5116,2806,2310
050,04,021,"Arizona","Pinal County",1,50,4832,2664,2168
050,04,021,"Arizona","Pinal County",1,51,4573,2447,2126
050,04,021,"Arizona","Pinal County",1,52,4463,2364,2099
050,04,021,"Arizona","Pinal County",1,53,4380,2264,2116
050,04,021,"Arizona","Pinal County",1,54,4544,2317,2227
050,04,021,"Arizona","Pinal County",1,55,4700,2415,2285
050,04,021,"Arizona","Pinal County",1,56,4832,2403,2429
050,04,021,"Arizona","Pinal County",1,57,4965,2476,2489
050,04,021,"Arizona","Pinal County",1,58,5054,2565,2489
050,04,021,"Arizona","Pinal County",1,59,5098,2567,2531
050,04,021,"Arizona","Pinal County",1,60,5058,2426,2632
050,04,021,"Arizona","Pinal County",1,61,5171,2433,2738
050,04,021,"Arizona","Pinal County",1,62,5342,2468,2874
050,04,021,"Arizona","Pinal County",1,63,5319,2532,2787
050,04,021,"Arizona","Pinal County",1,64,5435,2567,2868
050,04,021,"Arizona","Pinal County",1,65,5514,2586,2928
050,04,021,"Arizona","Pinal County",1,66,5502,2518,2984
050,04,021,"Arizona","Pinal County",1,67,5429,2535,2894
050,04,021,"Arizona","Pinal County",1,68,5559,2647,2912
050,04,021,"Arizona","Pinal County",1,69,5251,2421,2830
050,04,021,"Arizona","Pinal County",1,70,5450,2528,2922
050,04,021,"Arizona","Pinal County",1,71,5546,2620,2926
050,04,021,"Arizona","Pinal County",1,72,5821,2785,3036
050,04,021,"Arizona","Pinal County",1,73,5955,2894,3061
050,04,021,"Arizona","Pinal County",1,74,4263,2098,2165
050,04,021,"Arizona","Pinal County",1,75,4169,2054,2115
050,04,021,"Arizona","Pinal County",1,76,4186,2102,2084
050,04,021,"Arizona","Pinal County",1,77,4008,1966,2042
050,04,021,"Arizona","Pinal County",1,78,3332,1682,1650
050,04,021,"Arizona","Pinal County",1,79,2972,1532,1440
050,04,021,"Arizona","Pinal County",1,80,2669,1375,1294
050,04,021,"Arizona","Pinal County",1,81,2398,1218,1180
050,04,021,"Arizona","Pinal County",1,82,2094,1044,1050
050,04,021,"Arizona","Pinal County",1,83,1760,913,847
050,04,021,"Arizona","Pinal County",1,84,1479,731,748
050,04,021,"Arizona","Pinal County",1,85,7198,3402,3796
050,04,021,"Arizona","Pinal County",2,0,4171,2120,2051
050,04,021,"Arizona","Pinal County",2,1,4338,2201,2137
050,04,021,"Arizona","Pinal County",2,2,4474,2255,2219
050,04,021,"Arizona","Pinal County",2,3,4699,2312,2387
050,04,021,"Arizona","Pinal County",2,4,4928,2474,2454
050,04,021,"Arizona","Pinal County",2,5,5061,2537,2524
050,04,021,"Arizona","Pinal County",2,6,5192,2638,2554
050,04,021,"Arizona","Pinal County",2,7,5215,2619,2596
050,04,021,"Arizona","Pinal County",2,8,5210,2636,2574
050,04,021,"Arizona","Pinal County",2,9,5318,2673,2645
050,04,021,"Arizona","Pinal County",2,10,5483,2790,2693
050,04,021,"Arizona","Pinal County",2,11,5683,2922,2761
050,04,021,"Arizona","Pinal County",2,12,5959,3063,2896
050,04,021,"Arizona","Pinal County",2,13,5972,3066,2906
050,04,021,"Arizona","Pinal County",2,14,5713,2923,2790
050,04,021,"Arizona","Pinal County",2,15,5616,2889,2727
050,04,021,"Arizona","Pinal County",2,16,5438,2785,2653
050,04,021,"Arizona","Pinal County",2,17,5164,2635,2529
050,04,021,"Arizona","Pinal County",2,18,4748,2561,2187
050,04,021,"Arizona","Pinal County",2,19,4410,2464,1946
050,04,021,"Arizona","Pinal County",2,20,4600,2587,2013
050,04,021,"Arizona","Pinal County",2,21,4622,2620,2002
050,04,021,"Arizona","Pinal County",2,22,4669,2663,2006
050,04,021,"Arizona","Pinal County",2,23,4834,2776,2058
050,04,021,"Arizona","Pinal County",2,24,4913,2835,2078
050,04,021,"Arizona","Pinal County",2,25,5049,2938,2111
050,04,021,"Arizona","Pinal County",2,26,5284,3072,2212
050,04,021,"Arizona","Pinal County",2,27,5448,3123,2325
050,04,021,"Arizona","Pinal County",2,28,5609,3252,2357
050,04,021,"Arizona","Pinal County",2,29,5713,3282,2431
050,04,021,"Arizona","Pinal County",2,30,5877,3345,2532
050,04,021,"Arizona","Pinal County",2,31,5765,3265,2500
050,04,021,"Arizona","Pinal County",2,32,5677,3213,2464
050,04,021,"Arizona","Pinal County",2,33,5711,3214,2497
050,04,021,"Arizona","Pinal County",2,34,5767,3250,2517
050,04,021,"Arizona","Pinal County",2,35,5825,3281,2544
050,04,021,"Arizona","Pinal County",2,36,5749,3217,2532
050,04,021,"Arizona","Pinal County",2,37,5802,3176,2626
050,04,021,"Arizona","Pinal County",2,38,5852,3171,2681
050,04,021,"Arizona","Pinal County",2,39,5940,3282,2658
050,04,021,"Arizona","Pinal County",2,40,5740,3198,2542
050,04,021,"Arizona","Pinal County",2,41,5479,3040,2439
050,04,021,"Arizona","Pinal County",2,42,5261,2912,2349
050,04,021,"Arizona","Pinal County",2,43,5259,2889,2370
050,04,021,"Arizona","Pinal County",2,44,5141,2829,2312
050,04,021,"Arizona","Pinal County",2,45,5152,2809,2343
050,04,021,"Arizona","Pinal County",2,46,5104,2809,2295
050,04,021,"Arizona","Pinal County",2,47,5005,2752,2253
050,04,021,"Arizona","Pinal County",2,48,5035,2759,2276
050,04,021,"Arizona","Pinal County",2,49,5147,2809,2338
050,04,021,"Arizona","Pinal County",2,50,4946,2715,2231
050,04,021,"Arizona","Pinal County",2,51,4655,2502,2153
050,04,021,"Arizona","Pinal County",2,52,4513,2383,2130
050,04,021,"Arizona","Pinal County",2,53,4436,2295,2141
050,04,021,"Arizona","Pinal County",2,54,4535,2318,2217
050,04,021,"Arizona","Pinal County",2,55,4716,2408,2308
050,04,021,"Arizona","Pinal County",2,56,4876,2432,2444
050,04,021,"Arizona","Pinal County",2,57,4989,2482,2507
050,04,021,"Arizona","Pinal County",2,58,5082,2565,2517
050,04,021,"Arizona","Pinal County",2,59,5154,2593,2561
050,04,021,"Arizona","Pinal County",2,60,5124,2480,2644
050,04,021,"Arizona","Pinal County",2,61,5201,2459,2742
050,04,021,"Arizona","Pinal County",2,62,5339,2476,2863
050,04,021,"Arizona","Pinal County",2,63,5438,2574,2864
050,04,021,"Arizona","Pinal County",2,64,5442,2572,2870
050,04,021,"Arizona","Pinal County",2,65,5581,2618,2963
050,04,021,"Arizona","Pinal County",2,66,5575,2564,3011
050,04,021,"Arizona","Pinal County",2,67,5503,2562,2941
050,04,021,"Arizona","Pinal County",2,68,5557,2634,2923
050,04,021,"Arizona","Pinal County",2,69,5427,2523,2904
050,04,021,"Arizona","Pinal County",2,70,5446,2522,2924
050,04,021,"Arizona","Pinal County",2,71,5570,2614,2956
050,04,021,"Arizona","Pinal County",2,72,5709,2714,2995
050,04,021,"Arizona","Pinal County",2,73,6226,3022,3204
050,04,021,"Arizona","Pinal County",2,74,4419,2163,2256
050,04,021,"Arizona","Pinal County",2,75,4210,2075,2135
050,04,021,"Arizona","Pinal County",2,76,4143,2065,2078
050,04,021,"Arizona","Pinal County",2,77,4142,2048,2094
050,04,021,"Arizona","Pinal County",2,78,3442,1727,1715
050,04,021,"Arizona","Pinal County",2,79,3035,1557,1478
050,04,021,"Arizona","Pinal County",2,80,2729,1405,1324
050,04,021,"Arizona","Pinal County",2,81,2423,1233,1190
050,04,021,"Arizona","Pinal County",2,82,2148,1070,1078
050,04,021,"Arizona","Pinal County",2,83,1804,926,878
050,04,021,"Arizona","Pinal County",2,84,1532,770,762
050,04,021,"Arizona","Pinal County",2,85,7299,3439,3860
050,04,021,"Arizona","Pinal County",3,0,4558,2338,2220
050,04,021,"Arizona","Pinal County",3,1,4545,2297,2248
050,04,021,"Arizona","Pinal County",3,2,4737,2415,2322
050,04,021,"Arizona","Pinal County",3,3,4933,2516,2417
050,04,021,"Arizona","Pinal County",3,4,5006,2441,2565
050,04,021,"Arizona","Pinal County",3,5,5247,2686,2561
050,04,021,"Arizona","Pinal County",3,6,5372,2728,2644
050,04,021,"Arizona","Pinal County",3,7,5412,2769,2643
050,04,021,"Arizona","Pinal County",3,8,5498,2798,2700
050,04,021,"Arizona","Pinal County",3,9,5435,2764,2671
050,04,021,"Arizona","Pinal County",3,10,5618,2828,2790
050,04,021,"Arizona","Pinal County",3,11,5670,2857,2813
050,04,021,"Arizona","Pinal County",3,12,5938,3035,2903
050,04,021,"Arizona","Pinal County",3,13,6175,3174,3001
050,04,021,"Arizona","Pinal County",3,14,6142,3187,2955
050,04,021,"Arizona","Pinal County",3,15,5908,3008,2900
050,04,021,"Arizona","Pinal County",3,16,5728,2910,2818
050,04,021,"Arizona","Pinal County",3,17,5453,2786,2667
050,04,021,"Arizona","Pinal County",3,18,4932,2643,2289
050,04,021,"Arizona","Pinal County",3,19,4490,2478,2012
050,04,021,"Arizona","Pinal County",3,20,4764,2682,2082
050,04,021,"Arizona","Pinal County",3,21,4819,2735,2084
050,04,021,"Arizona","Pinal County",3,22,4942,2810,2132
050,04,021,"Arizona","Pinal County",3,23,4983,2801,2182
050,04,021,"Arizona","Pinal County",3,24,5258,2959,2299
050,04,021,"Arizona","Pinal County",3,25,5386,3044,2342
050,04,021,"Arizona","Pinal County",3,26,5558,3179,2379
050,04,021,"Arizona","Pinal County",3,27,5806,3354,2452
050,04,021,"Arizona","Pinal County",3,28,5907,3381,2526
050,04,021,"Arizona","Pinal County",3,29,6072,3473,2599
050,04,021,"Arizona","Pinal County",3,30,6206,3519,2687
050,04,021,"Arizona","Pinal County",3,31,6220,3501,2719
050,04,021,"Arizona","Pinal County",3,32,6082,3447,2635
050,04,021,"Arizona","Pinal County",3,33,6018,3383,2635
050,04,021,"Arizona","Pinal County",3,34,5951,3317,2634
050,04,021,"Arizona","Pinal County",3,35,6093,3425,2668
050,04,021,"Arizona","Pinal County",3,36,6130,3434,2696
050,04,021,"Arizona","Pinal County",3,37,5978,3325,2653
050,04,021,"Arizona","Pinal County",3,38,6117,3359,2758
050,04,021,"Arizona","Pinal County",3,39,6093,3324,2769
050,04,021,"Arizona","Pinal County",3,40,6040,3294,2746
050,04,021,"Arizona","Pinal County",3,41,5985,3299,2686
050,04,021,"Arizona","Pinal County",3,42,5520,3042,2478
050,04,021,"Arizona","Pinal County",3,43,5459,2976,2483
050,04,021,"Arizona","Pinal County",3,44,5379,2932,2447
050,04,021,"Arizona","Pinal County",3,45,5301,2881,2420
050,04,021,"Arizona","Pinal County",3,46,5357,2930,2427
050,04,021,"Arizona","Pinal County",3,47,5216,2800,2416
050,04,021,"Arizona","Pinal County",3,48,5095,2752,2343
050,04,021,"Arizona","Pinal County",3,49,5088,2743,2345
050,04,021,"Arizona","Pinal County",3,50,5373,2893,2480
050,04,021,"Arizona","Pinal County",3,51,5094,2787,2307
050,04,021,"Arizona","Pinal County",3,52,4790,2495,2295
050,04,021,"Arizona","Pinal County",3,53,4654,2413,2241
050,04,021,"Arizona","Pinal County",3,54,4618,2378,2240
050,04,021,"Arizona","Pinal County",3,55,4778,2402,2376
050,04,021,"Arizona","Pinal County",3,56,4896,2450,2446
050,04,021,"Arizona","Pinal County",3,57,5061,2491,2570
050,04,021,"Arizona","Pinal County",3,58,5219,2603,2616
050,04,021,"Arizona","Pinal County",3,59,5297,2636,2661
050,04,021,"Arizona","Pinal County",3,60,5373,2690,2683
050,04,021,"Arizona","Pinal County",3,61,5387,2631,2756
050,04,021,"Arizona","Pinal County",3,62,5464,2554,2910
050,04,021,"Arizona","Pinal County",3,63,5569,2585,2984
050,04,021,"Arizona","Pinal County",3,64,5697,2671,3026
050,04,021,"Arizona","Pinal County",3,65,5687,2667,3020
050,04,021,"Arizona","Pinal County",3,66,5740,2672,3068
050,04,021,"Arizona","Pinal County",3,67,5770,2659,3111
050,04,021,"Arizona","Pinal County",3,68,5649,2608,3041
050,04,021,"Arizona","Pinal County",3,69,5621,2647,2974
050,04,021,"Arizona","Pinal County",3,70,5515,2573,2942
050,04,021,"Arizona","Pinal County",3,71,5477,2545,2932
050,04,021,"Arizona","Pinal County",3,72,5626,2620,3006
050,04,021,"Arizona","Pinal County",3,73,5690,2712,2978
050,04,021,"Arizona","Pinal County",3,74,6231,3004,3227
050,04,021,"Arizona","Pinal County",3,75,4328,2124,2204
050,04,021,"Arizona","Pinal County",3,76,4158,2048,2110
050,04,021,"Arizona","Pinal County",3,77,4055,2006,2049
050,04,021,"Arizona","Pinal County",3,78,4058,1996,2062
050,04,021,"Arizona","Pinal County",3,79,3322,1658,1664
050,04,021,"Arizona","Pinal County",3,80,2936,1504,1432
050,04,021,"Arizona","Pinal County",3,81,2606,1334,1272
050,04,021,"Arizona","Pinal County",3,82,2297,1169,1128
050,04,021,"Arizona","Pinal County",3,83,1998,1011,987
050,04,021,"Arizona","Pinal County",3,84,1654,853,801
050,04,021,"Arizona","Pinal County",3,85,7685,3696,3989
050,04,021,"Arizona","Pinal County",4,0,4939,2563,2376
050,04,021,"Arizona","Pinal County",4,1,4974,2559,2415
050,04,021,"Arizona","Pinal County",4,2,4884,2495,2389
050,04,021,"Arizona","Pinal County",4,3,5018,2548,2470
050,04,021,"Arizona","Pinal County",4,4,5235,2659,2576
050,04,021,"Arizona","Pinal County",4,5,5283,2583,2700
050,04,021,"Arizona","Pinal County",4,6,5526,2802,2724
050,04,021,"Arizona","Pinal County",4,7,5619,2803,2816
050,04,021,"Arizona","Pinal County",4,8,5650,2917,2733
050,04,021,"Arizona","Pinal County",4,9,5656,2867,2789
050,04,021,"Arizona","Pinal County",4,10,5649,2888,2761
050,04,021,"Arizona","Pinal County",4,11,5846,2932,2914
050,04,021,"Arizona","Pinal County",4,12,5872,2993,2879
050,04,021,"Arizona","Pinal County",4,13,6137,3144,2993
050,04,021,"Arizona","Pinal County",4,14,6327,3263,3064
050,04,021,"Arizona","Pinal County",4,15,6269,3197,3072
050,04,021,"Arizona","Pinal County",4,16,5997,3088,2909
050,04,021,"Arizona","Pinal County",4,17,5818,2960,2858
050,04,021,"Arizona","Pinal County",4,18,5259,2789,2470
050,04,021,"Arizona","Pinal County",4,19,4575,2501,2074
050,04,021,"Arizona","Pinal County",4,20,4831,2745,2086
050,04,021,"Arizona","Pinal County",4,21,5064,2862,2202
050,04,021,"Arizona","Pinal County",4,22,5116,2882,2234
050,04,021,"Arizona","Pinal County",4,23,5304,2941,2363
050,04,021,"Arizona","Pinal County",4,24,5326,2955,2371
050,04,021,"Arizona","Pinal County",4,25,5716,3185,2531
050,04,021,"Arizona","Pinal County",4,26,5792,3287,2505
050,04,021,"Arizona","Pinal County",4,27,5960,3362,2598
050,04,021,"Arizona","Pinal County",4,28,6255,3553,2702
050,04,021,"Arizona","Pinal County",4,29,6307,3599,2708
050,04,021,"Arizona","Pinal County",4,30,6333,3592,2741
050,04,021,"Arizona","Pinal County",4,31,6487,3621,2866
050,04,021,"Arizona","Pinal County",4,32,6564,3655,2909
050,04,021,"Arizona","Pinal County",4,33,6454,3608,2846
050,04,021,"Arizona","Pinal County",4,34,6248,3460,2788
050,04,021,"Arizona","Pinal County",4,35,6271,3449,2822
050,04,021,"Arizona","Pinal County",4,36,6331,3558,2773
050,04,021,"Arizona","Pinal County",4,37,6318,3516,2802
050,04,021,"Arizona","Pinal County",4,38,6274,3488,2786
050,04,021,"Arizona","Pinal County",4,39,6327,3429,2898
050,04,021,"Arizona","Pinal County",4,40,6266,3341,2925
050,04,021,"Arizona","Pinal County",4,41,6238,3436,2802
050,04,021,"Arizona","Pinal County",4,42,6070,3293,2777
050,04,021,"Arizona","Pinal County",4,43,5684,3111,2573
050,04,021,"Arizona","Pinal County",4,44,5510,2970,2540
050,04,021,"Arizona","Pinal County",4,45,5450,2915,2535
050,04,021,"Arizona","Pinal County",4,46,5459,2979,2480
050,04,021,"Arizona","Pinal County",4,47,5405,2902,2503
050,04,021,"Arizona","Pinal County",4,48,5364,2868,2496
050,04,021,"Arizona","Pinal County",4,49,5173,2745,2428
050,04,021,"Arizona","Pinal County",4,50,5250,2808,2442
050,04,021,"Arizona","Pinal County",4,51,5474,2915,2559
050,04,021,"Arizona","Pinal County",4,52,5193,2781,2412
050,04,021,"Arizona","Pinal County",4,53,4955,2496,2459
050,04,021,"Arizona","Pinal County",4,54,4807,2461,2346
050,04,021,"Arizona","Pinal County",4,55,4737,2388,2349
050,04,021,"Arizona","Pinal County",4,56,4860,2418,2442
050,04,021,"Arizona","Pinal County",4,57,4975,2489,2486
050,04,021,"Arizona","Pinal County",4,58,5229,2552,2677
050,04,021,"Arizona","Pinal County",4,59,5444,2662,2782
050,04,021,"Arizona","Pinal County",4,60,5488,2705,2783
050,04,021,"Arizona","Pinal County",4,61,5552,2734,2818
050,04,021,"Arizona","Pinal County",4,62,5557,2698,2859
050,04,021,"Arizona","Pinal County",4,63,5685,2653,3032
050,04,021,"Arizona","Pinal County",4,64,5726,2677,3049
050,04,021,"Arizona","Pinal County",4,65,5851,2740,3111
050,04,021,"Arizona","Pinal County",4,66,5860,2715,3145
050,04,021,"Arizona","Pinal County",4,67,5888,2751,3137
050,04,021,"Arizona","Pinal County",4,68,5915,2725,3190
050,04,021,"Arizona","Pinal County",4,69,5745,2642,3103
050,04,021,"Arizona","Pinal County",4,70,5681,2668,3013
050,04,021,"Arizona","Pinal County",4,71,5551,2589,2962
050,04,021,"Arizona","Pinal County",4,72,5483,2529,2954
050,04,021,"Arizona","Pinal County",4,73,5546,2576,2970
050,04,021,"Arizona","Pinal County",4,74,5681,2670,3011
050,04,021,"Arizona","Pinal County",4,75,6111,2919,3192
050,04,021,"Arizona","Pinal County",4,76,4247,2055,2192
050,04,021,"Arizona","Pinal County",4,77,4034,1978,2056
050,04,021,"Arizona","Pinal County",4,78,3923,1953,1970
050,04,021,"Arizona","Pinal County",4,79,3854,1902,1952
050,04,021,"Arizona","Pinal County",4,80,3125,1553,1572
050,04,021,"Arizona","Pinal County",4,81,2761,1398,1363
050,04,021,"Arizona","Pinal County",4,82,2397,1214,1183
050,04,021,"Arizona","Pinal County",4,83,2127,1101,1026
050,04,021,"Arizona","Pinal County",4,84,1828,903,925
050,04,021,"Arizona","Pinal County",4,85,8067,3920,4147
050,04,021,"Arizona","Pinal County",5,0,4906,2542,2364
050,04,021,"Arizona","Pinal County",5,1,5338,2757,2581
050,04,021,"Arizona","Pinal County",5,2,5351,2772,2579
050,04,021,"Arizona","Pinal County",5,3,5304,2714,2590
050,04,021,"Arizona","Pinal County",5,4,5307,2661,2646
050,04,021,"Arizona","Pinal County",5,5,5461,2783,2678
050,04,021,"Arizona","Pinal County",5,6,5606,2755,2851
050,04,021,"Arizona","Pinal County",5,7,5794,2956,2838
050,04,021,"Arizona","Pinal County",5,8,5916,2954,2962
050,04,021,"Arizona","Pinal County",5,9,5921,3032,2889
050,04,021,"Arizona","Pinal County",5,10,5879,2980,2899
050,04,021,"Arizona","Pinal County",5,11,5862,2977,2885
050,04,021,"Arizona","Pinal County",5,12,6079,3011,3068
050,04,021,"Arizona","Pinal County",5,13,6060,3075,2985
050,04,021,"Arizona","Pinal County",5,14,6213,3201,3012
050,04,021,"Arizona","Pinal County",5,15,6483,3364,3119
050,04,021,"Arizona","Pinal County",5,16,6359,3265,3094
050,04,021,"Arizona","Pinal County",5,17,6118,3116,3002
050,04,021,"Arizona","Pinal County",5,18,5484,2902,2582
050,04,021,"Arizona","Pinal County",5,19,4924,2647,2277
050,04,021,"Arizona","Pinal County",5,20,5014,2789,2225
050,04,021,"Arizona","Pinal County",5,21,5154,2896,2258
050,04,021,"Arizona","Pinal County",5,22,5473,3093,2380
050,04,021,"Arizona","Pinal County",5,23,5622,3098,2524
050,04,021,"Arizona","Pinal County",5,24,5765,3146,2619
050,04,021,"Arizona","Pinal County",5,25,5789,3209,2580
050,04,021,"Arizona","Pinal County",5,26,6174,3453,2721
050,04,021,"Arizona","Pinal County",5,27,6257,3450,2807
050,04,021,"Arizona","Pinal County",5,28,6377,3545,2832
050,04,021,"Arizona","Pinal County",5,29,6716,3791,2925
050,04,021,"Arizona","Pinal County",5,30,6786,3812,2974
050,04,021,"Arizona","Pinal County",5,31,6739,3767,2972
050,04,021,"Arizona","Pinal County",5,32,6905,3786,3119
050,04,021,"Arizona","Pinal County",5,33,7021,3906,3115
050,04,021,"Arizona","Pinal County",5,34,6859,3864,2995
050,04,021,"Arizona","Pinal County",5,35,6561,3601,2960
050,04,021,"Arizona","Pinal County",5,36,6583,3627,2956
050,04,021,"Arizona","Pinal County",5,37,6542,3619,2923
050,04,021,"Arizona","Pinal County",5,38,6551,3638,2913
050,04,021,"Arizona","Pinal County",5,39,6464,3568,2896
050,04,021,"Arizona","Pinal County",5,40,6452,3457,2995
050,04,021,"Arizona","Pinal County",5,41,6530,3488,3042
050,04,021,"Arizona","Pinal County",5,42,6396,3464,2932
050,04,021,"Arizona","Pinal County",5,43,6298,3410,2888
050,04,021,"Arizona","Pinal County",5,44,5848,3172,2676
050,04,021,"Arizona","Pinal County",5,45,5612,2964,2648
050,04,021,"Arizona","Pinal County",5,46,5721,3064,2657
050,04,021,"Arizona","Pinal County",5,47,5569,2999,2570
050,04,021,"Arizona","Pinal County",5,48,5555,2973,2582
050,04,021,"Arizona","Pinal County",5,49,5441,2836,2605
050,04,021,"Arizona","Pinal County",5,50,5304,2818,2486
050,04,021,"Arizona","Pinal County",5,51,5385,2829,2556
050,04,021,"Arizona","Pinal County",5,52,5579,2890,2689
050,04,021,"Arizona","Pinal County",5,53,5449,2850,2599
050,04,021,"Arizona","Pinal County",5,54,5119,2565,2554
050,04,021,"Arizona","Pinal County",5,55,5009,2541,2468
050,04,021,"Arizona","Pinal County",5,56,4843,2411,2432
050,04,021,"Arizona","Pinal County",5,57,5067,2479,2588
050,04,021,"Arizona","Pinal County",5,58,5221,2579,2642
050,04,021,"Arizona","Pinal County",5,59,5453,2643,2810
050,04,021,"Arizona","Pinal County",5,60,5614,2738,2876
050,04,021,"Arizona","Pinal County",5,61,5764,2838,2926
050,04,021,"Arizona","Pinal County",5,62,5691,2793,2898
050,04,021,"Arizona","Pinal County",5,63,5775,2768,3007
050,04,021,"Arizona","Pinal County",5,64,5870,2716,3154
050,04,021,"Arizona","Pinal County",5,65,5999,2792,3207
050,04,021,"Arizona","Pinal County",5,66,6048,2830,3218
050,04,021,"Arizona","Pinal County",5,67,6035,2808,3227
050,04,021,"Arizona","Pinal County",5,68,6028,2810,3218
050,04,021,"Arizona","Pinal County",5,69,5955,2711,3244
050,04,021,"Arizona","Pinal County",5,70,5807,2681,3126
050,04,021,"Arizona","Pinal County",5,71,5748,2714,3034
050,04,021,"Arizona","Pinal County",5,72,5580,2567,3013
050,04,021,"Arizona","Pinal County",5,73,5459,2511,2948
050,04,021,"Arizona","Pinal County",5,74,5558,2578,2980
050,04,021,"Arizona","Pinal County",5,75,5576,2592,2984
050,04,021,"Arizona","Pinal County",5,76,5980,2859,3121
050,04,021,"Arizona","Pinal County",5,77,4162,2007,2155
050,04,021,"Arizona","Pinal County",5,78,3927,1926,2001
050,04,021,"Arizona","Pinal County",5,79,3776,1866,1910
050,04,021,"Arizona","Pinal County",5,80,3725,1809,1916
050,04,021,"Arizona","Pinal County",5,81,2951,1475,1476
050,04,021,"Arizona","Pinal County",5,82,2622,1317,1305
050,04,021,"Arizona","Pinal County",5,83,2235,1160,1075
050,04,021,"Arizona","Pinal County",5,84,1961,1009,952
050,04,021,"Arizona","Pinal County",5,85,8825,4315,4510
050,04,023,"Arizona","Santa Cruz County",1,0,609,317,292
050,04,023,"Arizona","Santa Cruz County",1,1,638,341,297
050,04,023,"Arizona","Santa Cruz County",1,2,670,344,326
050,04,023,"Arizona","Santa Cruz County",1,3,675,342,333
050,04,023,"Arizona","Santa Cruz County",1,4,675,348,327
050,04,023,"Arizona","Santa Cruz County",1,5,652,331,321
050,04,023,"Arizona","Santa Cruz County",1,6,660,332,328
050,04,023,"Arizona","Santa Cruz County",1,7,710,367,343
050,04,023,"Arizona","Santa Cruz County",1,8,702,368,334
050,04,023,"Arizona","Santa Cruz County",1,9,686,334,352
050,04,023,"Arizona","Santa Cruz County",1,10,715,357,358
050,04,023,"Arizona","Santa Cruz County",1,11,737,380,357
050,04,023,"Arizona","Santa Cruz County",1,12,792,405,387
050,04,023,"Arizona","Santa Cruz County",1,13,789,401,388
050,04,023,"Arizona","Santa Cruz County",1,14,791,401,390
050,04,023,"Arizona","Santa Cruz County",1,15,770,387,383
050,04,023,"Arizona","Santa Cruz County",1,16,768,386,382
050,04,023,"Arizona","Santa Cruz County",1,17,722,333,389
050,04,023,"Arizona","Santa Cruz County",1,18,708,347,361
050,04,023,"Arizona","Santa Cruz County",1,19,655,340,315
050,04,023,"Arizona","Santa Cruz County",1,20,645,332,313
050,04,023,"Arizona","Santa Cruz County",1,21,612,319,293
050,04,023,"Arizona","Santa Cruz County",1,22,552,300,252
050,04,023,"Arizona","Santa Cruz County",1,23,560,289,271
050,04,023,"Arizona","Santa Cruz County",1,24,562,278,284
050,04,023,"Arizona","Santa Cruz County",1,25,555,278,277
050,04,023,"Arizona","Santa Cruz County",1,26,594,278,316
050,04,023,"Arizona","Santa Cruz County",1,27,590,285,305
050,04,023,"Arizona","Santa Cruz County",1,28,573,278,295
050,04,023,"Arizona","Santa Cruz County",1,29,550,274,276
050,04,023,"Arizona","Santa Cruz County",1,30,491,257,234
050,04,023,"Arizona","Santa Cruz County",1,31,519,256,263
050,04,023,"Arizona","Santa Cruz County",1,32,540,272,268
050,04,023,"Arizona","Santa Cruz County",1,33,512,243,269
050,04,023,"Arizona","Santa Cruz County",1,34,534,268,266
050,04,023,"Arizona","Santa Cruz County",1,35,531,259,272
050,04,023,"Arizona","Santa Cruz County",1,36,464,213,251
050,04,023,"Arizona","Santa Cruz County",1,37,480,226,254
050,04,023,"Arizona","Santa Cruz County",1,38,527,250,277
050,04,023,"Arizona","Santa Cruz County",1,39,557,249,308
050,04,023,"Arizona","Santa Cruz County",1,40,554,254,300
050,04,023,"Arizona","Santa Cruz County",1,41,509,240,269
050,04,023,"Arizona","Santa Cruz County",1,42,540,257,283
050,04,023,"Arizona","Santa Cruz County",1,43,514,243,271
050,04,023,"Arizona","Santa Cruz County",1,44,531,255,276
050,04,023,"Arizona","Santa Cruz County",1,45,535,258,277
050,04,023,"Arizona","Santa Cruz County",1,46,544,250,294
050,04,023,"Arizona","Santa Cruz County",1,47,521,231,290
050,04,023,"Arizona","Santa Cruz County",1,48,554,255,299
050,04,023,"Arizona","Santa Cruz County",1,49,583,281,302
050,04,023,"Arizona","Santa Cruz County",1,50,542,268,274
050,04,023,"Arizona","Santa Cruz County",1,51,507,252,255
050,04,023,"Arizona","Santa Cruz County",1,52,546,252,294
050,04,023,"Arizona","Santa Cruz County",1,53,533,243,290
050,04,023,"Arizona","Santa Cruz County",1,54,543,264,279
050,04,023,"Arizona","Santa Cruz County",1,55,549,273,276
050,04,023,"Arizona","Santa Cruz County",1,56,534,260,274
050,04,023,"Arizona","Santa Cruz County",1,57,546,243,303
050,04,023,"Arizona","Santa Cruz County",1,58,545,254,291
050,04,023,"Arizona","Santa Cruz County",1,59,596,294,302
050,04,023,"Arizona","Santa Cruz County",1,60,619,285,334
050,04,023,"Arizona","Santa Cruz County",1,61,566,273,293
050,04,023,"Arizona","Santa Cruz County",1,62,579,273,306
050,04,023,"Arizona","Santa Cruz County",1,63,583,270,313
050,04,023,"Arizona","Santa Cruz County",1,64,601,252,349
050,04,023,"Arizona","Santa Cruz County",1,65,582,257,325
050,04,023,"Arizona","Santa Cruz County",1,66,562,260,302
050,04,023,"Arizona","Santa Cruz County",1,67,560,257,303
050,04,023,"Arizona","Santa Cruz County",1,68,521,226,295
050,04,023,"Arizona","Santa Cruz County",1,69,520,232,288
050,04,023,"Arizona","Santa Cruz County",1,70,533,248,285
050,04,023,"Arizona","Santa Cruz County",1,71,501,240,261
050,04,023,"Arizona","Santa Cruz County",1,72,518,253,265
050,04,023,"Arizona","Santa Cruz County",1,73,499,257,242
050,04,023,"Arizona","Santa Cruz County",1,74,410,194,216
050,04,023,"Arizona","Santa Cruz County",1,75,396,199,197
050,04,023,"Arizona","Santa Cruz County",1,76,366,181,185
050,04,023,"Arizona","Santa Cruz County",1,77,368,180,188
050,04,023,"Arizona","Santa Cruz County",1,78,304,146,158
050,04,023,"Arizona","Santa Cruz County",1,79,294,143,151
050,04,023,"Arizona","Santa Cruz County",1,80,257,112,145
050,04,023,"Arizona","Santa Cruz County",1,81,225,88,137
050,04,023,"Arizona","Santa Cruz County",1,82,215,101,114
050,04,023,"Arizona","Santa Cruz County",1,83,173,86,87
050,04,023,"Arizona","Santa Cruz County",1,84,168,80,88
050,04,023,"Arizona","Santa Cruz County",1,85,850,345,505
050,04,023,"Arizona","Santa Cruz County",2,0,612,323,289
050,04,023,"Arizona","Santa Cruz County",2,1,636,338,298
050,04,023,"Arizona","Santa Cruz County",2,2,662,343,319
050,04,023,"Arizona","Santa Cruz County",2,3,672,343,329
050,04,023,"Arizona","Santa Cruz County",2,4,677,349,328
050,04,023,"Arizona","Santa Cruz County",2,5,658,335,323
050,04,023,"Arizona","Santa Cruz County",2,6,662,334,328
050,04,023,"Arizona","Santa Cruz County",2,7,696,357,339
050,04,023,"Arizona","Santa Cruz County",2,8,697,364,333
050,04,023,"Arizona","Santa Cruz County",2,9,689,341,348
050,04,023,"Arizona","Santa Cruz County",2,10,709,351,358
050,04,023,"Arizona","Santa Cruz County",2,11,726,372,354
050,04,023,"Arizona","Santa Cruz County",2,12,783,403,380
050,04,023,"Arizona","Santa Cruz County",2,13,792,404,388
050,04,023,"Arizona","Santa Cruz County",2,14,792,403,389
050,04,023,"Arizona","Santa Cruz County",2,15,779,394,385
050,04,023,"Arizona","Santa Cruz County",2,16,768,384,384
050,04,023,"Arizona","Santa Cruz County",2,17,728,344,384
050,04,023,"Arizona","Santa Cruz County",2,18,686,332,354
050,04,023,"Arizona","Santa Cruz County",2,19,648,333,315
050,04,023,"Arizona","Santa Cruz County",2,20,649,335,314
050,04,023,"Arizona","Santa Cruz County",2,21,609,318,291
050,04,023,"Arizona","Santa Cruz County",2,22,563,303,260
050,04,023,"Arizona","Santa Cruz County",2,23,553,289,264
050,04,023,"Arizona","Santa Cruz County",2,24,554,277,277
050,04,023,"Arizona","Santa Cruz County",2,25,557,280,277
050,04,023,"Arizona","Santa Cruz County",2,26,584,278,306
050,04,023,"Arizona","Santa Cruz County",2,27,587,283,304
050,04,023,"Arizona","Santa Cruz County",2,28,579,283,296
050,04,023,"Arizona","Santa Cruz County",2,29,555,276,279
050,04,023,"Arizona","Santa Cruz County",2,30,512,265,247
050,04,023,"Arizona","Santa Cruz County",2,31,513,256,257
050,04,023,"Arizona","Santa Cruz County",2,32,535,266,269
050,04,023,"Arizona","Santa Cruz County",2,33,515,248,267
050,04,023,"Arizona","Santa Cruz County",2,34,529,262,267
050,04,023,"Arizona","Santa Cruz County",2,35,535,263,272
050,04,023,"Arizona","Santa Cruz County",2,36,480,225,255
050,04,023,"Arizona","Santa Cruz County",2,37,480,225,255
050,04,023,"Arizona","Santa Cruz County",2,38,516,245,271
050,04,023,"Arizona","Santa Cruz County",2,39,542,247,295
050,04,023,"Arizona","Santa Cruz County",2,40,561,259,302
050,04,023,"Arizona","Santa Cruz County",2,41,521,245,276
050,04,023,"Arizona","Santa Cruz County",2,42,531,252,279
050,04,023,"Arizona","Santa Cruz County",2,43,522,247,275
050,04,023,"Arizona","Santa Cruz County",2,44,527,253,274
050,04,023,"Arizona","Santa Cruz County",2,45,537,258,279
050,04,023,"Arizona","Santa Cruz County",2,46,543,251,292
050,04,023,"Arizona","Santa Cruz County",2,47,530,236,294
050,04,023,"Arizona","Santa Cruz County",2,48,551,254,297
050,04,023,"Arizona","Santa Cruz County",2,49,577,276,301
050,04,023,"Arizona","Santa Cruz County",2,50,552,271,281
050,04,023,"Arizona","Santa Cruz County",2,51,514,254,260
050,04,023,"Arizona","Santa Cruz County",2,52,539,255,284
050,04,023,"Arizona","Santa Cruz County",2,53,537,246,291
050,04,023,"Arizona","Santa Cruz County",2,54,544,261,283
050,04,023,"Arizona","Santa Cruz County",2,55,549,273,276
050,04,023,"Arizona","Santa Cruz County",2,56,539,261,278
050,04,023,"Arizona","Santa Cruz County",2,57,541,246,295
050,04,023,"Arizona","Santa Cruz County",2,58,553,255,298
050,04,023,"Arizona","Santa Cruz County",2,59,584,283,301
050,04,023,"Arizona","Santa Cruz County",2,60,620,292,328
050,04,023,"Arizona","Santa Cruz County",2,61,576,274,302
050,04,023,"Arizona","Santa Cruz County",2,62,571,271,300
050,04,023,"Arizona","Santa Cruz County",2,63,584,271,313
050,04,023,"Arizona","Santa Cruz County",2,64,597,256,341
050,04,023,"Arizona","Santa Cruz County",2,65,594,259,335
050,04,023,"Arizona","Santa Cruz County",2,66,564,259,305
050,04,023,"Arizona","Santa Cruz County",2,67,558,258,300
050,04,023,"Arizona","Santa Cruz County",2,68,528,233,295
050,04,023,"Arizona","Santa Cruz County",2,69,522,232,290
050,04,023,"Arizona","Santa Cruz County",2,70,527,243,284
050,04,023,"Arizona","Santa Cruz County",2,71,509,243,266
050,04,023,"Arizona","Santa Cruz County",2,72,508,247,261
050,04,023,"Arizona","Santa Cruz County",2,73,517,263,254
050,04,023,"Arizona","Santa Cruz County",2,74,415,201,214
050,04,023,"Arizona","Santa Cruz County",2,75,403,199,204
050,04,023,"Arizona","Santa Cruz County",2,76,368,182,186
050,04,023,"Arizona","Santa Cruz County",2,77,371,182,189
050,04,023,"Arizona","Santa Cruz County",2,78,311,149,162
050,04,023,"Arizona","Santa Cruz County",2,79,288,139,149
050,04,023,"Arizona","Santa Cruz County",2,80,269,119,150
050,04,023,"Arizona","Santa Cruz County",2,81,230,95,135
050,04,023,"Arizona","Santa Cruz County",2,82,216,97,119
050,04,023,"Arizona","Santa Cruz County",2,83,177,87,90
050,04,023,"Arizona","Santa Cruz County",2,84,164,78,86
050,04,023,"Arizona","Santa Cruz County",2,85,854,349,505
050,04,023,"Arizona","Santa Cruz County",3,0,496,246,250
050,04,023,"Arizona","Santa Cruz County",3,1,620,331,289
050,04,023,"Arizona","Santa Cruz County",3,2,632,331,301
050,04,023,"Arizona","Santa Cruz County",3,3,672,346,326
050,04,023,"Arizona","Santa Cruz County",3,4,675,339,336
050,04,023,"Arizona","Santa Cruz County",3,5,675,352,323
050,04,023,"Arizona","Santa Cruz County",3,6,674,342,332
050,04,023,"Arizona","Santa Cruz County",3,7,669,334,335
050,04,023,"Arizona","Santa Cruz County",3,8,699,355,344
050,04,023,"Arizona","Santa Cruz County",3,9,689,363,326
050,04,023,"Arizona","Santa Cruz County",3,10,689,342,347
050,04,023,"Arizona","Santa Cruz County",3,11,704,347,357
050,04,023,"Arizona","Santa Cruz County",3,12,725,365,360
050,04,023,"Arizona","Santa Cruz County",3,13,768,397,371
050,04,023,"Arizona","Santa Cruz County",3,14,794,405,389
050,04,023,"Arizona","Santa Cruz County",3,15,787,389,398
050,04,023,"Arizona","Santa Cruz County",3,16,784,392,392
050,04,023,"Arizona","Santa Cruz County",3,17,751,377,374
050,04,023,"Arizona","Santa Cruz County",3,18,677,309,368
050,04,023,"Arizona","Santa Cruz County",3,19,642,321,321
050,04,023,"Arizona","Santa Cruz County",3,20,636,321,315
050,04,023,"Arizona","Santa Cruz County",3,21,639,337,302
050,04,023,"Arizona","Santa Cruz County",3,22,596,315,281
050,04,023,"Arizona","Santa Cruz County",3,23,563,307,256
050,04,023,"Arizona","Santa Cruz County",3,24,555,289,266
050,04,023,"Arizona","Santa Cruz County",3,25,578,291,287
050,04,023,"Arizona","Santa Cruz County",3,26,556,275,281
050,04,023,"Arizona","Santa Cruz County",3,27,613,294,319
050,04,023,"Arizona","Santa Cruz County",3,28,600,292,308
050,04,023,"Arizona","Santa Cruz County",3,29,576,288,288
050,04,023,"Arizona","Santa Cruz County",3,30,577,286,291
050,04,023,"Arizona","Santa Cruz County",3,31,542,270,272
050,04,023,"Arizona","Santa Cruz County",3,32,535,264,271
050,04,023,"Arizona","Santa Cruz County",3,33,555,285,270
050,04,023,"Arizona","Santa Cruz County",3,34,520,258,262
050,04,023,"Arizona","Santa Cruz County",3,35,548,270,278
050,04,023,"Arizona","Santa Cruz County",3,36,540,273,267
050,04,023,"Arizona","Santa Cruz County",3,37,476,217,259
050,04,023,"Arizona","Santa Cruz County",3,38,498,236,262
050,04,023,"Arizona","Santa Cruz County",3,39,510,246,264
050,04,023,"Arizona","Santa Cruz County",3,40,560,242,318
050,04,023,"Arizona","Santa Cruz County",3,41,552,255,297
050,04,023,"Arizona","Santa Cruz County",3,42,519,252,267
050,04,023,"Arizona","Santa Cruz County",3,43,518,246,272
050,04,023,"Arizona","Santa Cruz County",3,44,533,260,273
050,04,023,"Arizona","Santa Cruz County",3,45,526,252,274
050,04,023,"Arizona","Santa Cruz County",3,46,531,252,279
050,04,023,"Arizona","Santa Cruz County",3,47,547,251,296
050,04,023,"Arizona","Santa Cruz County",3,48,528,233,295
050,04,023,"Arizona","Santa Cruz County",3,49,548,253,295
050,04,023,"Arizona","Santa Cruz County",3,50,576,280,296
050,04,023,"Arizona","Santa Cruz County",3,51,554,274,280
050,04,023,"Arizona","Santa Cruz County",3,52,515,255,260
050,04,023,"Arizona","Santa Cruz County",3,53,543,257,286
050,04,023,"Arizona","Santa Cruz County",3,54,532,247,285
050,04,023,"Arizona","Santa Cruz County",3,55,551,267,284
050,04,023,"Arizona","Santa Cruz County",3,56,542,274,268
050,04,023,"Arizona","Santa Cruz County",3,57,543,262,281
050,04,023,"Arizona","Santa Cruz County",3,58,548,250,298
050,04,023,"Arizona","Santa Cruz County",3,59,550,249,301
050,04,023,"Arizona","Santa Cruz County",3,60,580,279,301
050,04,023,"Arizona","Santa Cruz County",3,61,627,297,330
050,04,023,"Arizona","Santa Cruz County",3,62,564,271,293
050,04,023,"Arizona","Santa Cruz County",3,63,569,269,300
050,04,023,"Arizona","Santa Cruz County",3,64,589,270,319
050,04,023,"Arizona","Santa Cruz County",3,65,590,256,334
050,04,023,"Arizona","Santa Cruz County",3,66,601,258,343
050,04,023,"Arizona","Santa Cruz County",3,67,564,258,306
050,04,023,"Arizona","Santa Cruz County",3,68,563,258,305
050,04,023,"Arizona","Santa Cruz County",3,69,534,246,288
050,04,023,"Arizona","Santa Cruz County",3,70,526,234,292
050,04,023,"Arizona","Santa Cruz County",3,71,525,246,279
050,04,023,"Arizona","Santa Cruz County",3,72,498,238,260
050,04,023,"Arizona","Santa Cruz County",3,73,498,237,261
050,04,023,"Arizona","Santa Cruz County",3,74,495,243,252
050,04,023,"Arizona","Santa Cruz County",3,75,419,205,214
050,04,023,"Arizona","Santa Cruz County",3,76,396,196,200
050,04,023,"Arizona","Santa Cruz County",3,77,349,171,178
050,04,023,"Arizona","Santa Cruz County",3,78,358,175,183
050,04,023,"Arizona","Santa Cruz County",3,79,293,142,151
050,04,023,"Arizona","Santa Cruz County",3,80,265,131,134
050,04,023,"Arizona","Santa Cruz County",3,81,255,118,137
050,04,023,"Arizona","Santa Cruz County",3,82,218,89,129
050,04,023,"Arizona","Santa Cruz County",3,83,205,92,113
050,04,023,"Arizona","Santa Cruz County",3,84,161,83,78
050,04,023,"Arizona","Santa Cruz County",3,85,863,350,513
050,04,023,"Arizona","Santa Cruz County",4,0,539,278,261
050,04,023,"Arizona","Santa Cruz County",4,1,518,260,258
050,04,023,"Arizona","Santa Cruz County",4,2,613,323,290
050,04,023,"Arizona","Santa Cruz County",4,3,666,338,328
050,04,023,"Arizona","Santa Cruz County",4,4,662,338,324
050,04,023,"Arizona","Santa Cruz County",4,5,680,340,340
050,04,023,"Arizona","Santa Cruz County",4,6,720,367,353
050,04,023,"Arizona","Santa Cruz County",4,7,688,366,322
050,04,023,"Arizona","Santa Cruz County",4,8,681,346,335
050,04,023,"Arizona","Santa Cruz County",4,9,697,351,346
050,04,023,"Arizona","Santa Cruz County",4,10,703,368,335
050,04,023,"Arizona","Santa Cruz County",4,11,697,346,351
050,04,023,"Arizona","Santa Cruz County",4,12,711,344,367
050,04,023,"Arizona","Santa Cruz County",4,13,724,359,365
050,04,023,"Arizona","Santa Cruz County",4,14,771,392,379
050,04,023,"Arizona","Santa Cruz County",4,15,789,408,381
050,04,023,"Arizona","Santa Cruz County",4,16,784,393,391
050,04,023,"Arizona","Santa Cruz County",4,17,783,386,397
050,04,023,"Arizona","Santa Cruz County",4,18,716,365,351
050,04,023,"Arizona","Santa Cruz County",4,19,652,294,358
050,04,023,"Arizona","Santa Cruz County",4,20,658,334,324
050,04,023,"Arizona","Santa Cruz County",4,21,652,339,313
050,04,023,"Arizona","Santa Cruz County",4,22,652,343,309
050,04,023,"Arizona","Santa Cruz County",4,23,604,327,277
050,04,023,"Arizona","Santa Cruz County",4,24,562,312,250
050,04,023,"Arizona","Santa Cruz County",4,25,576,300,276
050,04,023,"Arizona","Santa Cruz County",4,26,572,296,276
050,04,023,"Arizona","Santa Cruz County",4,27,566,286,280
050,04,023,"Arizona","Santa Cruz County",4,28,617,301,316
050,04,023,"Arizona","Santa Cruz County",4,29,607,295,312
050,04,023,"Arizona","Santa Cruz County",4,30,583,301,282
050,04,023,"Arizona","Santa Cruz County",4,31,606,280,326
050,04,023,"Arizona","Santa Cruz County",4,32,566,272,294
050,04,023,"Arizona","Santa Cruz County",4,33,561,277,284
050,04,023,"Arizona","Santa Cruz County",4,34,582,300,282
050,04,023,"Arizona","Santa Cruz County",4,35,530,268,262
050,04,023,"Arizona","Santa Cruz County",4,36,556,280,276
050,04,023,"Arizona","Santa Cruz County",4,37,554,283,271
050,04,023,"Arizona","Santa Cruz County",4,38,495,226,269
050,04,023,"Arizona","Santa Cruz County",4,39,501,240,261
050,04,023,"Arizona","Santa Cruz County",4,40,534,252,282
050,04,023,"Arizona","Santa Cruz County",4,41,551,246,305
050,04,023,"Arizona","Santa Cruz County",4,42,561,260,301
050,04,023,"Arizona","Santa Cruz County",4,43,557,272,285
050,04,023,"Arizona","Santa Cruz County",4,44,532,258,274
050,04,023,"Arizona","Santa Cruz County",4,45,531,261,270
050,04,023,"Arizona","Santa Cruz County",4,46,526,257,269
050,04,023,"Arizona","Santa Cruz County",4,47,541,260,281
050,04,023,"Arizona","Santa Cruz County",4,48,547,263,284
050,04,023,"Arizona","Santa Cruz County",4,49,528,235,293
050,04,023,"Arizona","Santa Cruz County",4,50,559,260,299
050,04,023,"Arizona","Santa Cruz County",4,51,592,289,303
050,04,023,"Arizona","Santa Cruz County",4,52,572,287,285
050,04,023,"Arizona","Santa Cruz County",4,53,532,259,273
050,04,023,"Arizona","Santa Cruz County",4,54,532,253,279
050,04,023,"Arizona","Santa Cruz County",4,55,528,247,281
050,04,023,"Arizona","Santa Cruz County",4,56,557,268,289
050,04,023,"Arizona","Santa Cruz County",4,57,537,269,268
050,04,023,"Arizona","Santa Cruz County",4,58,549,267,282
050,04,023,"Arizona","Santa Cruz County",4,59,549,252,297
050,04,023,"Arizona","Santa Cruz County",4,60,558,257,301
050,04,023,"Arizona","Santa Cruz County",4,61,581,272,309
050,04,023,"Arizona","Santa Cruz County",4,62,619,289,330
050,04,023,"Arizona","Santa Cruz County",4,63,576,280,296
050,04,023,"Arizona","Santa Cruz County",4,64,565,272,293
050,04,023,"Arizona","Santa Cruz County",4,65,590,270,320
050,04,023,"Arizona","Santa Cruz County",4,66,592,253,339
050,04,023,"Arizona","Santa Cruz County",4,67,599,257,342
050,04,023,"Arizona","Santa Cruz County",4,68,574,261,313
050,04,023,"Arizona","Santa Cruz County",4,69,555,256,299
050,04,023,"Arizona","Santa Cruz County",4,70,538,246,292
050,04,023,"Arizona","Santa Cruz County",4,71,524,232,292
050,04,023,"Arizona","Santa Cruz County",4,72,534,254,280
050,04,023,"Arizona","Santa Cruz County",4,73,473,231,242
050,04,023,"Arizona","Santa Cruz County",4,74,491,232,259
050,04,023,"Arizona","Santa Cruz County",4,75,489,243,246
050,04,023,"Arizona","Santa Cruz County",4,76,415,197,218
050,04,023,"Arizona","Santa Cruz County",4,77,387,187,200
050,04,023,"Arizona","Santa Cruz County",4,78,337,166,171
050,04,023,"Arizona","Santa Cruz County",4,79,338,169,169
050,04,023,"Arizona","Santa Cruz County",4,80,273,137,136
050,04,023,"Arizona","Santa Cruz County",4,81,256,130,126
050,04,023,"Arizona","Santa Cruz County",4,82,240,112,128
050,04,023,"Arizona","Santa Cruz County",4,83,200,79,121
050,04,023,"Arizona","Santa Cruz County",4,84,188,82,106
050,04,023,"Arizona","Santa Cruz County",4,85,879,368,511
050,04,023,"Arizona","Santa Cruz County",5,0,541,279,262
050,04,023,"Arizona","Santa Cruz County",5,1,550,286,264
050,04,023,"Arizona","Santa Cruz County",5,2,522,265,257
050,04,023,"Arizona","Santa Cruz County",5,3,637,337,300
050,04,023,"Arizona","Santa Cruz County",5,4,671,346,325
050,04,023,"Arizona","Santa Cruz County",5,5,663,350,313
050,04,023,"Arizona","Santa Cruz County",5,6,702,341,361
050,04,023,"Arizona","Santa Cruz County",5,7,736,386,350
050,04,023,"Arizona","Santa Cruz County",5,8,692,365,327
050,04,023,"Arizona","Santa Cruz County",5,9,696,364,332
050,04,023,"Arizona","Santa Cruz County",5,10,716,359,357
050,04,023,"Arizona","Santa Cruz County",5,11,710,364,346
050,04,023,"Arizona","Santa Cruz County",5,12,710,341,369
050,04,023,"Arizona","Santa Cruz County",5,13,726,348,378
050,04,023,"Arizona","Santa Cruz County",5,14,720,359,361
050,04,023,"Arizona","Santa Cruz County",5,15,774,393,381
050,04,023,"Arizona","Santa Cruz County",5,16,795,410,385
050,04,023,"Arizona","Santa Cruz County",5,17,785,384,401
050,04,023,"Arizona","Santa Cruz County",5,18,746,372,374
050,04,023,"Arizona","Santa Cruz County",5,19,679,341,338
050,04,023,"Arizona","Santa Cruz County",5,20,657,297,360
050,04,023,"Arizona","Santa Cruz County",5,21,660,336,324
050,04,023,"Arizona","Santa Cruz County",5,22,640,332,308
050,04,023,"Arizona","Santa Cruz County",5,23,655,346,309
050,04,023,"Arizona","Santa Cruz County",5,24,583,319,264
050,04,023,"Arizona","Santa Cruz County",5,25,557,314,243
050,04,023,"Arizona","Santa Cruz County",5,26,564,285,279
050,04,023,"Arizona","Santa Cruz County",5,27,589,310,279
050,04,023,"Arizona","Santa Cruz County",5,28,548,286,262
050,04,023,"Arizona","Santa Cruz County",5,29,588,263,325
050,04,023,"Arizona","Santa Cruz County",5,30,612,299,313
050,04,023,"Arizona","Santa Cruz County",5,31,620,306,314
050,04,023,"Arizona","Santa Cruz County",5,32,619,283,336
050,04,023,"Arizona","Santa Cruz County",5,33,611,291,320
050,04,023,"Arizona","Santa Cruz County",5,34,565,279,286
050,04,023,"Arizona","Santa Cruz County",5,35,574,302,272
050,04,023,"Arizona","Santa Cruz County",5,36,538,275,263
050,04,023,"Arizona","Santa Cruz County",5,37,564,289,275
050,04,023,"Arizona","Santa Cruz County",5,38,551,275,276
050,04,023,"Arizona","Santa Cruz County",5,39,500,226,274
050,04,023,"Arizona","Santa Cruz County",5,40,523,246,277
050,04,023,"Arizona","Santa Cruz County",5,41,539,255,284
050,04,023,"Arizona","Santa Cruz County",5,42,574,261,313
050,04,023,"Arizona","Santa Cruz County",5,43,567,254,313
050,04,023,"Arizona","Santa Cruz County",5,44,562,272,290
050,04,023,"Arizona","Santa Cruz County",5,45,529,254,275
050,04,023,"Arizona","Santa Cruz County",5,46,528,261,267
050,04,023,"Arizona","Santa Cruz County",5,47,525,257,268
050,04,023,"Arizona","Santa Cruz County",5,48,538,263,275
050,04,023,"Arizona","Santa Cruz County",5,49,548,261,287
050,04,023,"Arizona","Santa Cruz County",5,50,535,233,302
050,04,023,"Arizona","Santa Cruz County",5,51,574,270,304
050,04,023,"Arizona","Santa Cruz County",5,52,600,296,304
050,04,023,"Arizona","Santa Cruz County",5,53,570,289,281
050,04,023,"Arizona","Santa Cruz County",5,54,524,256,268
050,04,023,"Arizona","Santa Cruz County",5,55,526,244,282
050,04,023,"Arizona","Santa Cruz County",5,56,523,241,282
050,04,023,"Arizona","Santa Cruz County",5,57,538,263,275
050,04,023,"Arizona","Santa Cruz County",5,58,558,279,279
050,04,023,"Arizona","Santa Cruz County",5,59,571,268,303
050,04,023,"Arizona","Santa Cruz County",5,60,550,248,302
050,04,023,"Arizona","Santa Cruz County",5,61,554,254,300
050,04,023,"Arizona","Santa Cruz County",5,62,566,271,295
050,04,023,"Arizona","Santa Cruz County",5,63,623,291,332
050,04,023,"Arizona","Santa Cruz County",5,64,585,285,300
050,04,023,"Arizona","Santa Cruz County",5,65,565,274,291
050,04,023,"Arizona","Santa Cruz County",5,66,590,270,320
050,04,023,"Arizona","Santa Cruz County",5,67,584,246,338
050,04,023,"Arizona","Santa Cruz County",5,68,601,258,343
050,04,023,"Arizona","Santa Cruz County",5,69,564,256,308
050,04,023,"Arizona","Santa Cruz County",5,70,566,261,305
050,04,023,"Arizona","Santa Cruz County",5,71,534,245,289
050,04,023,"Arizona","Santa Cruz County",5,72,527,232,295
050,04,023,"Arizona","Santa Cruz County",5,73,526,250,276
050,04,023,"Arizona","Santa Cruz County",5,74,462,221,241
050,04,023,"Arizona","Santa Cruz County",5,75,494,236,258
050,04,023,"Arizona","Santa Cruz County",5,76,478,230,248
050,04,023,"Arizona","Santa Cruz County",5,77,411,192,219
050,04,023,"Arizona","Santa Cruz County",5,78,373,181,192
050,04,023,"Arizona","Santa Cruz County",5,79,328,158,170
050,04,023,"Arizona","Santa Cruz County",5,80,312,157,155
050,04,023,"Arizona","Santa Cruz County",5,81,254,127,127
050,04,023,"Arizona","Santa Cruz County",5,82,249,128,121
050,04,023,"Arizona","Santa Cruz County",5,83,230,106,124
050,04,023,"Arizona","Santa Cruz County",5,84,180,72,108
050,04,023,"Arizona","Santa Cruz County",5,85,934,393,541
050,04,025,"Arizona","Yavapai County",1,0,1752,900,852
050,04,025,"Arizona","Yavapai County",1,1,1784,929,855
050,04,025,"Arizona","Yavapai County",1,2,1806,936,870
050,04,025,"Arizona","Yavapai County",1,3,1928,1033,895
050,04,025,"Arizona","Yavapai County",1,4,1975,1051,924
050,04,025,"Arizona","Yavapai County",1,5,2068,1051,1017
050,04,025,"Arizona","Yavapai County",1,6,2008,1039,969
050,04,025,"Arizona","Yavapai County",1,7,1993,977,1016
050,04,025,"Arizona","Yavapai County",1,8,1985,1020,965
050,04,025,"Arizona","Yavapai County",1,9,2078,1103,975
050,04,025,"Arizona","Yavapai County",1,10,2099,1074,1025
050,04,025,"Arizona","Yavapai County",1,11,2189,1101,1088
050,04,025,"Arizona","Yavapai County",1,12,2403,1201,1202
050,04,025,"Arizona","Yavapai County",1,13,2410,1235,1175
050,04,025,"Arizona","Yavapai County",1,14,2330,1194,1136
050,04,025,"Arizona","Yavapai County",1,15,2329,1190,1139
050,04,025,"Arizona","Yavapai County",1,16,2284,1194,1090
050,04,025,"Arizona","Yavapai County",1,17,2219,1156,1063
050,04,025,"Arizona","Yavapai County",1,18,2356,1320,1036
050,04,025,"Arizona","Yavapai County",1,19,2395,1408,987
050,04,025,"Arizona","Yavapai County",1,20,2047,1143,904
050,04,025,"Arizona","Yavapai County",1,21,2073,1162,911
050,04,025,"Arizona","Yavapai County",1,22,2014,1064,950
050,04,025,"Arizona","Yavapai County",1,23,2045,1058,987
050,04,025,"Arizona","Yavapai County",1,24,2082,1065,1017
050,04,025,"Arizona","Yavapai County",1,25,2110,1081,1029
050,04,025,"Arizona","Yavapai County",1,26,2175,1145,1030
050,04,025,"Arizona","Yavapai County",1,27,2087,1094,993
050,04,025,"Arizona","Yavapai County",1,28,2133,1101,1032
050,04,025,"Arizona","Yavapai County",1,29,2167,1128,1039
050,04,025,"Arizona","Yavapai County",1,30,2201,1129,1072
050,04,025,"Arizona","Yavapai County",1,31,2123,1060,1063
050,04,025,"Arizona","Yavapai County",1,32,2105,1037,1068
050,04,025,"Arizona","Yavapai County",1,33,2084,1058,1026
050,04,025,"Arizona","Yavapai County",1,34,2087,1053,1034
050,04,025,"Arizona","Yavapai County",1,35,2131,1083,1048
050,04,025,"Arizona","Yavapai County",1,36,2101,1099,1002
050,04,025,"Arizona","Yavapai County",1,37,2182,1107,1075
050,04,025,"Arizona","Yavapai County",1,38,2119,1094,1025
050,04,025,"Arizona","Yavapai County",1,39,2130,1093,1037
050,04,025,"Arizona","Yavapai County",1,40,2189,1145,1044
050,04,025,"Arizona","Yavapai County",1,41,2062,1068,994
050,04,025,"Arizona","Yavapai County",1,42,2018,1012,1006
050,04,025,"Arizona","Yavapai County",1,43,1946,964,982
050,04,025,"Arizona","Yavapai County",1,44,2007,996,1011
050,04,025,"Arizona","Yavapai County",1,45,2061,1006,1055
050,04,025,"Arizona","Yavapai County",1,46,2083,999,1084
050,04,025,"Arizona","Yavapai County",1,47,2148,1076,1072
050,04,025,"Arizona","Yavapai County",1,48,2357,1186,1171
050,04,025,"Arizona","Yavapai County",1,49,2554,1267,1287
050,04,025,"Arizona","Yavapai County",1,50,2491,1224,1267
050,04,025,"Arizona","Yavapai County",1,51,2461,1189,1272
050,04,025,"Arizona","Yavapai County",1,52,2495,1215,1280
050,04,025,"Arizona","Yavapai County",1,53,2595,1208,1387
050,04,025,"Arizona","Yavapai County",1,54,2764,1318,1446
050,04,025,"Arizona","Yavapai County",1,55,3068,1473,1595
050,04,025,"Arizona","Yavapai County",1,56,3384,1579,1805
050,04,025,"Arizona","Yavapai County",1,57,3551,1679,1872
050,04,025,"Arizona","Yavapai County",1,58,3776,1747,2029
050,04,025,"Arizona","Yavapai County",1,59,3980,1817,2163
050,04,025,"Arizona","Yavapai County",1,60,4125,1898,2227
050,04,025,"Arizona","Yavapai County",1,61,4272,1954,2318
050,04,025,"Arizona","Yavapai County",1,62,4423,2027,2396
050,04,025,"Arizona","Yavapai County",1,63,4730,2168,2562
050,04,025,"Arizona","Yavapai County",1,64,4816,2178,2638
050,04,025,"Arizona","Yavapai County",1,65,4994,2279,2715
050,04,025,"Arizona","Yavapai County",1,66,4989,2273,2716
050,04,025,"Arizona","Yavapai County",1,67,4986,2297,2689
050,04,025,"Arizona","Yavapai County",1,68,4990,2316,2674
050,04,025,"Arizona","Yavapai County",1,69,4760,2222,2538
050,04,025,"Arizona","Yavapai County",1,70,4769,2320,2449
050,04,025,"Arizona","Yavapai County",1,71,4656,2289,2367
050,04,025,"Arizona","Yavapai County",1,72,4728,2368,2360
050,04,025,"Arizona","Yavapai County",1,73,4816,2438,2378
050,04,025,"Arizona","Yavapai County",1,74,3316,1616,1700
050,04,025,"Arizona","Yavapai County",1,75,3342,1613,1729
050,04,025,"Arizona","Yavapai County",1,76,3328,1607,1721
050,04,025,"Arizona","Yavapai County",1,77,3227,1605,1622
050,04,025,"Arizona","Yavapai County",1,78,2677,1294,1383
050,04,025,"Arizona","Yavapai County",1,79,2388,1181,1207
050,04,025,"Arizona","Yavapai County",1,80,2136,1084,1052
050,04,025,"Arizona","Yavapai County",1,81,1918,920,998
050,04,025,"Arizona","Yavapai County",1,82,1702,847,855
050,04,025,"Arizona","Yavapai County",1,83,1468,742,726
050,04,025,"Arizona","Yavapai County",1,84,1304,643,661
050,04,025,"Arizona","Yavapai County",1,85,6773,2968,3805
050,04,025,"Arizona","Yavapai County",2,0,1732,893,839
050,04,025,"Arizona","Yavapai County",2,1,1773,920,853
050,04,025,"Arizona","Yavapai County",2,2,1813,942,871
050,04,025,"Arizona","Yavapai County",2,3,1904,1016,888
050,04,025,"Arizona","Yavapai County",2,4,1975,1052,923
050,04,025,"Arizona","Yavapai County",2,5,2049,1051,998
050,04,025,"Arizona","Yavapai County",2,6,2033,1046,987
050,04,025,"Arizona","Yavapai County",2,7,2000,992,1008
050,04,025,"Arizona","Yavapai County",2,8,1991,1011,980
050,04,025,"Arizona","Yavapai County",2,9,2056,1085,971
050,04,025,"Arizona","Yavapai County",2,10,2093,1079,1014
050,04,025,"Arizona","Yavapai County",2,11,2162,1090,1072
050,04,025,"Arizona","Yavapai County",2,12,2365,1184,1181
050,04,025,"Arizona","Yavapai County",2,13,2411,1226,1185
050,04,025,"Arizona","Yavapai County",2,14,2354,1207,1147
050,04,025,"Arizona","Yavapai County",2,15,2337,1194,1143
050,04,025,"Arizona","Yavapai County",2,16,2299,1195,1104
050,04,025,"Arizona","Yavapai County",2,17,2239,1168,1071
050,04,025,"Arizona","Yavapai County",2,18,2327,1303,1024
050,04,025,"Arizona","Yavapai County",2,19,2396,1407,989
050,04,025,"Arizona","Yavapai County",2,20,2084,1167,917
050,04,025,"Arizona","Yavapai County",2,21,2061,1147,914
050,04,025,"Arizona","Yavapai County",2,22,2018,1067,951
050,04,025,"Arizona","Yavapai County",2,23,2050,1062,988
050,04,025,"Arizona","Yavapai County",2,24,2076,1064,1012
050,04,025,"Arizona","Yavapai County",2,25,2109,1078,1031
050,04,025,"Arizona","Yavapai County",2,26,2166,1132,1034
050,04,025,"Arizona","Yavapai County",2,27,2108,1107,1001
050,04,025,"Arizona","Yavapai County",2,28,2132,1105,1027
050,04,025,"Arizona","Yavapai County",2,29,2171,1126,1045
050,04,025,"Arizona","Yavapai County",2,30,2208,1130,1078
050,04,025,"Arizona","Yavapai County",2,31,2150,1081,1069
050,04,025,"Arizona","Yavapai County",2,32,2113,1045,1068
050,04,025,"Arizona","Yavapai County",2,33,2092,1054,1038
050,04,025,"Arizona","Yavapai County",2,34,2100,1062,1038
050,04,025,"Arizona","Yavapai County",2,35,2142,1088,1054
050,04,025,"Arizona","Yavapai County",2,36,2104,1096,1008
050,04,025,"Arizona","Yavapai County",2,37,2172,1112,1060
050,04,025,"Arizona","Yavapai County",2,38,2146,1105,1041
050,04,025,"Arizona","Yavapai County",2,39,2128,1095,1033
050,04,025,"Arizona","Yavapai County",2,40,2202,1146,1056
050,04,025,"Arizona","Yavapai County",2,41,2096,1095,1001
050,04,025,"Arizona","Yavapai County",2,42,2035,1032,1003
050,04,025,"Arizona","Yavapai County",2,43,1981,980,1001
050,04,025,"Arizona","Yavapai County",2,44,1989,984,1005
050,04,025,"Arizona","Yavapai County",2,45,2068,1010,1058
050,04,025,"Arizona","Yavapai County",2,46,2077,998,1079
050,04,025,"Arizona","Yavapai County",2,47,2148,1063,1085
050,04,025,"Arizona","Yavapai County",2,48,2320,1163,1157
050,04,025,"Arizona","Yavapai County",2,49,2536,1264,1272
050,04,025,"Arizona","Yavapai County",2,50,2531,1243,1288
050,04,025,"Arizona","Yavapai County",2,51,2479,1203,1276
050,04,025,"Arizona","Yavapai County",2,52,2504,1216,1288
050,04,025,"Arizona","Yavapai County",2,53,2592,1216,1376
050,04,025,"Arizona","Yavapai County",2,54,2741,1302,1439
050,04,025,"Arizona","Yavapai County",2,55,3027,1444,1583
050,04,025,"Arizona","Yavapai County",2,56,3369,1587,1782
050,04,025,"Arizona","Yavapai County",2,57,3555,1676,1879
050,04,025,"Arizona","Yavapai County",2,58,3765,1748,2017
050,04,025,"Arizona","Yavapai County",2,59,3989,1827,2162
050,04,025,"Arizona","Yavapai County",2,60,4123,1893,2230
050,04,025,"Arizona","Yavapai County",2,61,4272,1955,2317
050,04,025,"Arizona","Yavapai County",2,62,4456,2038,2418
050,04,025,"Arizona","Yavapai County",2,63,4755,2181,2574
050,04,025,"Arizona","Yavapai County",2,64,4831,2192,2639
050,04,025,"Arizona","Yavapai County",2,65,5010,2287,2723
050,04,025,"Arizona","Yavapai County",2,66,5054,2307,2747
050,04,025,"Arizona","Yavapai County",2,67,5009,2307,2702
050,04,025,"Arizona","Yavapai County",2,68,4988,2317,2671
050,04,025,"Arizona","Yavapai County",2,69,4872,2274,2598
050,04,025,"Arizona","Yavapai County",2,70,4772,2304,2468
050,04,025,"Arizona","Yavapai County",2,71,4712,2315,2397
050,04,025,"Arizona","Yavapai County",2,72,4651,2316,2335
050,04,025,"Arizona","Yavapai County",2,73,5039,2547,2492
050,04,025,"Arizona","Yavapai County",2,74,3443,1695,1748
050,04,025,"Arizona","Yavapai County",2,75,3348,1618,1730
050,04,025,"Arizona","Yavapai County",2,76,3293,1583,1710
050,04,025,"Arizona","Yavapai County",2,77,3308,1637,1671
050,04,025,"Arizona","Yavapai County",2,78,2744,1339,1405
050,04,025,"Arizona","Yavapai County",2,79,2426,1187,1239
050,04,025,"Arizona","Yavapai County",2,80,2180,1095,1085
050,04,025,"Arizona","Yavapai County",2,81,1932,939,993
050,04,025,"Arizona","Yavapai County",2,82,1738,855,883
050,04,025,"Arizona","Yavapai County",2,83,1479,745,734
050,04,025,"Arizona","Yavapai County",2,84,1323,654,669
050,04,025,"Arizona","Yavapai County",2,85,6816,3003,3813
050,04,025,"Arizona","Yavapai County",3,0,1645,816,829
050,04,025,"Arizona","Yavapai County",3,1,1782,910,872
050,04,025,"Arizona","Yavapai County",3,2,1847,950,897
050,04,025,"Arizona","Yavapai County",3,3,1839,941,898
050,04,025,"Arizona","Yavapai County",3,4,1919,1036,883
050,04,025,"Arizona","Yavapai County",3,5,2043,1082,961
050,04,025,"Arizona","Yavapai County",3,6,2098,1086,1012
050,04,025,"Arizona","Yavapai County",3,7,2051,1050,1001
050,04,025,"Arizona","Yavapai County",3,8,2057,1007,1050
050,04,025,"Arizona","Yavapai County",3,9,2035,1027,1008
050,04,025,"Arizona","Yavapai County",3,10,2093,1102,991
050,04,025,"Arizona","Yavapai County",3,11,2154,1100,1054
050,04,025,"Arizona","Yavapai County",3,12,2198,1104,1094
050,04,025,"Arizona","Yavapai County",3,13,2438,1229,1209
050,04,025,"Arizona","Yavapai County",3,14,2452,1244,1208
050,04,025,"Arizona","Yavapai County",3,15,2409,1249,1160
050,04,025,"Arizona","Yavapai County",3,16,2374,1230,1144
050,04,025,"Arizona","Yavapai County",3,17,2324,1214,1110
050,04,025,"Arizona","Yavapai County",3,18,2327,1294,1033
050,04,025,"Arizona","Yavapai County",3,19,2394,1408,986
050,04,025,"Arizona","Yavapai County",3,20,2125,1222,903
050,04,025,"Arizona","Yavapai County",3,21,2124,1156,968
050,04,025,"Arizona","Yavapai County",3,22,2076,1125,951
050,04,025,"Arizona","Yavapai County",3,23,2098,1112,986
050,04,025,"Arizona","Yavapai County",3,24,2107,1105,1002
050,04,025,"Arizona","Yavapai County",3,25,2149,1102,1047
050,04,025,"Arizona","Yavapai County",3,26,2140,1102,1038
050,04,025,"Arizona","Yavapai County",3,27,2181,1153,1028
050,04,025,"Arizona","Yavapai County",3,28,2130,1100,1030
050,04,025,"Arizona","Yavapai County",3,29,2218,1142,1076
050,04,025,"Arizona","Yavapai County",3,30,2253,1163,1090
050,04,025,"Arizona","Yavapai County",3,31,2285,1170,1115
050,04,025,"Arizona","Yavapai County",3,32,2200,1091,1109
050,04,025,"Arizona","Yavapai County",3,33,2181,1086,1095
050,04,025,"Arizona","Yavapai County",3,34,2198,1109,1089
050,04,025,"Arizona","Yavapai County",3,35,2152,1093,1059
050,04,025,"Arizona","Yavapai County",3,36,2175,1095,1080
050,04,025,"Arizona","Yavapai County",3,37,2146,1108,1038
050,04,025,"Arizona","Yavapai County",3,38,2241,1146,1095
050,04,025,"Arizona","Yavapai County",3,39,2228,1109,1119
050,04,025,"Arizona","Yavapai County",3,40,2223,1136,1087
050,04,025,"Arizona","Yavapai County",3,41,2236,1175,1061
050,04,025,"Arizona","Yavapai County",3,42,2161,1129,1032
050,04,025,"Arizona","Yavapai County",3,43,2073,1057,1016
050,04,025,"Arizona","Yavapai County",3,44,2063,1020,1043
050,04,025,"Arizona","Yavapai County",3,45,2072,1041,1031
050,04,025,"Arizona","Yavapai County",3,46,2099,1029,1070
050,04,025,"Arizona","Yavapai County",3,47,2135,1025,1110
050,04,025,"Arizona","Yavapai County",3,48,2203,1092,1111
050,04,025,"Arizona","Yavapai County",3,49,2401,1207,1194
050,04,025,"Arizona","Yavapai County",3,50,2641,1289,1352
050,04,025,"Arizona","Yavapai County",3,51,2642,1297,1345
050,04,025,"Arizona","Yavapai County",3,52,2601,1258,1343
050,04,025,"Arizona","Yavapai County",3,53,2646,1266,1380
050,04,025,"Arizona","Yavapai County",3,54,2700,1272,1428
050,04,025,"Arizona","Yavapai County",3,55,2895,1348,1547
050,04,025,"Arizona","Yavapai County",3,56,3214,1560,1654
050,04,025,"Arizona","Yavapai County",3,57,3487,1611,1876
050,04,025,"Arizona","Yavapai County",3,58,3733,1725,2008
050,04,025,"Arizona","Yavapai County",3,59,3907,1801,2106
050,04,025,"Arizona","Yavapai County",3,60,4201,1919,2282
050,04,025,"Arizona","Yavapai County",3,61,4371,2035,2336
050,04,025,"Arizona","Yavapai County",3,62,4519,2092,2427
050,04,025,"Arizona","Yavapai County",3,63,4765,2154,2611
050,04,025,"Arizona","Yavapai County",3,64,5036,2339,2697
050,04,025,"Arizona","Yavapai County",3,65,5071,2317,2754
050,04,025,"Arizona","Yavapai County",3,66,5181,2377,2804
050,04,025,"Arizona","Yavapai County",3,67,5195,2387,2808
050,04,025,"Arizona","Yavapai County",3,68,5099,2386,2713
050,04,025,"Arizona","Yavapai County",3,69,5092,2382,2710
050,04,025,"Arizona","Yavapai County",3,70,4937,2322,2615
050,04,025,"Arizona","Yavapai County",3,71,4790,2301,2489
050,04,025,"Arizona","Yavapai County",3,72,4694,2283,2411
050,04,025,"Arizona","Yavapai County",3,73,4592,2281,2311
050,04,025,"Arizona","Yavapai County",3,74,4982,2517,2465
050,04,025,"Arizona","Yavapai County",3,75,3363,1666,1697
050,04,025,"Arizona","Yavapai County",3,76,3304,1590,1714
050,04,025,"Arizona","Yavapai County",3,77,3191,1543,1648
050,04,025,"Arizona","Yavapai County",3,78,3239,1618,1621
050,04,025,"Arizona","Yavapai County",3,79,2672,1307,1365
050,04,025,"Arizona","Yavapai County",3,80,2334,1141,1193
050,04,025,"Arizona","Yavapai County",3,81,2045,1010,1035
050,04,025,"Arizona","Yavapai County",3,82,1819,872,947
050,04,025,"Arizona","Yavapai County",3,83,1610,776,834
050,04,025,"Arizona","Yavapai County",3,84,1341,676,665
050,04,025,"Arizona","Yavapai County",3,85,6891,3085,3806
050,04,025,"Arizona","Yavapai County",4,0,1772,889,883
050,04,025,"Arizona","Yavapai County",4,1,1721,853,868
050,04,025,"Arizona","Yavapai County",4,2,1863,949,914
050,04,025,"Arizona","Yavapai County",4,3,1874,948,926
050,04,025,"Arizona","Yavapai County",4,4,1897,976,921
050,04,025,"Arizona","Yavapai County",4,5,1989,1074,915
050,04,025,"Arizona","Yavapai County",4,6,2098,1101,997
050,04,025,"Arizona","Yavapai County",4,7,2149,1111,1038
050,04,025,"Arizona","Yavapai County",4,8,2100,1078,1022
050,04,025,"Arizona","Yavapai County",4,9,2080,1014,1066
050,04,025,"Arizona","Yavapai County",4,10,2084,1036,1048
050,04,025,"Arizona","Yavapai County",4,11,2095,1095,1000
050,04,025,"Arizona","Yavapai County",4,12,2179,1122,1057
050,04,025,"Arizona","Yavapai County",4,13,2217,1102,1115
050,04,025,"Arizona","Yavapai County",4,14,2458,1246,1212
050,04,025,"Arizona","Yavapai County",4,15,2452,1235,1217
050,04,025,"Arizona","Yavapai County",4,16,2427,1258,1169
050,04,025,"Arizona","Yavapai County",4,17,2405,1253,1152
050,04,025,"Arizona","Yavapai County",4,18,2418,1346,1072
050,04,025,"Arizona","Yavapai County",4,19,2379,1405,974
050,04,025,"Arizona","Yavapai County",4,20,2156,1234,922
050,04,025,"Arizona","Yavapai County",4,21,2128,1202,926
050,04,025,"Arizona","Yavapai County",4,22,2097,1119,978
050,04,025,"Arizona","Yavapai County",4,23,2105,1136,969
050,04,025,"Arizona","Yavapai County",4,24,2088,1108,980
050,04,025,"Arizona","Yavapai County",4,25,2144,1098,1046
050,04,025,"Arizona","Yavapai County",4,26,2224,1146,1078
050,04,025,"Arizona","Yavapai County",4,27,2183,1131,1052
050,04,025,"Arizona","Yavapai County",4,28,2248,1174,1074
050,04,025,"Arizona","Yavapai County",4,29,2213,1145,1068
050,04,025,"Arizona","Yavapai County",4,30,2291,1181,1110
050,04,025,"Arizona","Yavapai County",4,31,2317,1208,1109
050,04,025,"Arizona","Yavapai County",4,32,2334,1184,1150
050,04,025,"Arizona","Yavapai County",4,33,2302,1138,1164
050,04,025,"Arizona","Yavapai County",4,34,2290,1147,1143
050,04,025,"Arizona","Yavapai County",4,35,2296,1178,1118
050,04,025,"Arizona","Yavapai County",4,36,2223,1153,1070
050,04,025,"Arizona","Yavapai County",4,37,2253,1129,1124
050,04,025,"Arizona","Yavapai County",4,38,2230,1148,1082
050,04,025,"Arizona","Yavapai County",4,39,2280,1160,1120
050,04,025,"Arizona","Yavapai County",4,40,2289,1134,1155
050,04,025,"Arizona","Yavapai County",4,41,2272,1159,1113
050,04,025,"Arizona","Yavapai County",4,42,2320,1232,1088
050,04,025,"Arizona","Yavapai County",4,43,2186,1123,1063
050,04,025,"Arizona","Yavapai County",4,44,2136,1106,1030
050,04,025,"Arizona","Yavapai County",4,45,2139,1045,1094
050,04,025,"Arizona","Yavapai County",4,46,2131,1036,1095
050,04,025,"Arizona","Yavapai County",4,47,2137,1067,1070
050,04,025,"Arizona","Yavapai County",4,48,2143,1039,1104
050,04,025,"Arizona","Yavapai County",4,49,2249,1111,1138
050,04,025,"Arizona","Yavapai County",4,50,2471,1242,1229
050,04,025,"Arizona","Yavapai County",4,51,2731,1331,1400
050,04,025,"Arizona","Yavapai County",4,52,2712,1324,1388
050,04,025,"Arizona","Yavapai County",4,53,2741,1337,1404
050,04,025,"Arizona","Yavapai County",4,54,2764,1316,1448
050,04,025,"Arizona","Yavapai County",4,55,2874,1347,1527
050,04,025,"Arizona","Yavapai County",4,56,3060,1432,1628
050,04,025,"Arizona","Yavapai County",4,57,3359,1638,1721
050,04,025,"Arizona","Yavapai County",4,58,3637,1682,1955
050,04,025,"Arizona","Yavapai County",4,59,3870,1764,2106
050,04,025,"Arizona","Yavapai County",4,60,4145,1922,2223
050,04,025,"Arizona","Yavapai County",4,61,4431,2007,2424
050,04,025,"Arizona","Yavapai County",4,62,4586,2136,2450
050,04,025,"Arizona","Yavapai County",4,63,4729,2185,2544
050,04,025,"Arizona","Yavapai County",4,64,4954,2244,2710
050,04,025,"Arizona","Yavapai County",4,65,5248,2453,2795
050,04,025,"Arizona","Yavapai County",4,66,5246,2418,2828
050,04,025,"Arizona","Yavapai County",4,67,5318,2474,2844
050,04,025,"Arizona","Yavapai County",4,68,5208,2406,2802
050,04,025,"Arizona","Yavapai County",4,69,5142,2389,2753
050,04,025,"Arizona","Yavapai County",4,70,5100,2399,2701
050,04,025,"Arizona","Yavapai County",4,71,4885,2304,2581
050,04,025,"Arizona","Yavapai County",4,72,4745,2261,2484
050,04,025,"Arizona","Yavapai County",4,73,4625,2227,2398
050,04,025,"Arizona","Yavapai County",4,74,4495,2218,2277
050,04,025,"Arizona","Yavapai County",4,75,4878,2453,2425
050,04,025,"Arizona","Yavapai County",4,76,3277,1593,1684
050,04,025,"Arizona","Yavapai County",4,77,3208,1571,1637
050,04,025,"Arizona","Yavapai County",4,78,3088,1508,1580
050,04,025,"Arizona","Yavapai County",4,79,3065,1534,1531
050,04,025,"Arizona","Yavapai County",4,80,2533,1246,1287
050,04,025,"Arizona","Yavapai County",4,81,2152,1048,1104
050,04,025,"Arizona","Yavapai County",4,82,1904,925,979
050,04,025,"Arizona","Yavapai County",4,83,1667,803,864
050,04,025,"Arizona","Yavapai County",4,84,1444,710,734
050,04,025,"Arizona","Yavapai County",4,85,6877,3112,3765
050,04,025,"Arizona","Yavapai County",5,0,1767,884,883
050,04,025,"Arizona","Yavapai County",5,1,1853,934,919
050,04,025,"Arizona","Yavapai County",5,2,1758,873,885
050,04,025,"Arizona","Yavapai County",5,3,1891,975,916
050,04,025,"Arizona","Yavapai County",5,4,1902,961,941
050,04,025,"Arizona","Yavapai County",5,5,1955,1014,941
050,04,025,"Arizona","Yavapai County",5,6,2010,1078,932
050,04,025,"Arizona","Yavapai County",5,7,2150,1137,1013
050,04,025,"Arizona","Yavapai County",5,8,2170,1107,1063
050,04,025,"Arizona","Yavapai County",5,9,2141,1115,1026
050,04,025,"Arizona","Yavapai County",5,10,2132,1039,1093
050,04,025,"Arizona","Yavapai County",5,11,2130,1076,1054
050,04,025,"Arizona","Yavapai County",5,12,2150,1125,1025
050,04,025,"Arizona","Yavapai County",5,13,2226,1141,1085
050,04,025,"Arizona","Yavapai County",5,14,2266,1135,1131
050,04,025,"Arizona","Yavapai County",5,15,2479,1240,1239
050,04,025,"Arizona","Yavapai County",5,16,2486,1245,1241
050,04,025,"Arizona","Yavapai County",5,17,2465,1265,1200
050,04,025,"Arizona","Yavapai County",5,18,2464,1375,1089
050,04,025,"Arizona","Yavapai County",5,19,2444,1443,1001
050,04,025,"Arizona","Yavapai County",5,20,2119,1223,896
050,04,025,"Arizona","Yavapai County",5,21,2181,1217,964
050,04,025,"Arizona","Yavapai County",5,22,2096,1149,947
050,04,025,"Arizona","Yavapai County",5,23,2101,1106,995
050,04,025,"Arizona","Yavapai County",5,24,2150,1185,965
050,04,025,"Arizona","Yavapai County",5,25,2095,1085,1010
050,04,025,"Arizona","Yavapai County",5,26,2217,1142,1075
050,04,025,"Arizona","Yavapai County",5,27,2239,1161,1078
050,04,025,"Arizona","Yavapai County",5,28,2217,1159,1058
050,04,025,"Arizona","Yavapai County",5,29,2275,1179,1096
050,04,025,"Arizona","Yavapai County",5,30,2201,1140,1061
050,04,025,"Arizona","Yavapai County",5,31,2354,1227,1127
050,04,025,"Arizona","Yavapai County",5,32,2380,1219,1161
050,04,025,"Arizona","Yavapai County",5,33,2383,1208,1175
050,04,025,"Arizona","Yavapai County",5,34,2410,1211,1199
050,04,025,"Arizona","Yavapai County",5,35,2358,1191,1167
050,04,025,"Arizona","Yavapai County",5,36,2328,1188,1140
050,04,025,"Arizona","Yavapai County",5,37,2282,1167,1115
050,04,025,"Arizona","Yavapai County",5,38,2301,1163,1138
050,04,025,"Arizona","Yavapai County",5,39,2309,1199,1110
050,04,025,"Arizona","Yavapai County",5,40,2330,1165,1165
050,04,025,"Arizona","Yavapai County",5,41,2340,1182,1158
050,04,025,"Arizona","Yavapai County",5,42,2342,1193,1149
050,04,025,"Arizona","Yavapai County",5,43,2376,1232,1144
050,04,025,"Arizona","Yavapai County",5,44,2253,1165,1088
050,04,025,"Arizona","Yavapai County",5,45,2200,1145,1055
050,04,025,"Arizona","Yavapai County",5,46,2155,1044,1111
050,04,025,"Arizona","Yavapai County",5,47,2157,1054,1103
050,04,025,"Arizona","Yavapai County",5,48,2197,1105,1092
050,04,025,"Arizona","Yavapai County",5,49,2193,1066,1127
050,04,025,"Arizona","Yavapai County",5,50,2333,1136,1197
050,04,025,"Arizona","Yavapai County",5,51,2587,1293,1294
050,04,025,"Arizona","Yavapai County",5,52,2850,1378,1472
050,04,025,"Arizona","Yavapai County",5,53,2793,1368,1425
050,04,025,"Arizona","Yavapai County",5,54,2847,1389,1458
050,04,025,"Arizona","Yavapai County",5,55,2838,1344,1494
050,04,025,"Arizona","Yavapai County",5,56,2983,1392,1591
050,04,025,"Arizona","Yavapai County",5,57,3134,1459,1675
050,04,025,"Arizona","Yavapai County",5,58,3449,1691,1758
050,04,025,"Arizona","Yavapai County",5,59,3801,1728,2073
050,04,025,"Arizona","Yavapai County",5,60,4059,1840,2219
050,04,025,"Arizona","Yavapai County",5,61,4287,1981,2306
050,04,025,"Arizona","Yavapai County",5,62,4572,2074,2498
050,04,025,"Arizona","Yavapai County",5,63,4720,2182,2538
050,04,025,"Arizona","Yavapai County",5,64,4894,2286,2608
050,04,025,"Arizona","Yavapai County",5,65,5082,2316,2766
050,04,025,"Arizona","Yavapai County",5,66,5319,2486,2833
050,04,025,"Arizona","Yavapai County",5,67,5295,2429,2866
050,04,025,"Arizona","Yavapai County",5,68,5342,2512,2830
050,04,025,"Arizona","Yavapai County",5,69,5218,2411,2807
050,04,025,"Arizona","Yavapai County",5,70,5144,2394,2750
050,04,025,"Arizona","Yavapai County",5,71,5074,2385,2689
050,04,025,"Arizona","Yavapai County",5,72,4854,2270,2584
050,04,025,"Arizona","Yavapai County",5,73,4684,2232,2452
050,04,025,"Arizona","Yavapai County",5,74,4465,2142,2323
050,04,025,"Arizona","Yavapai County",5,75,4416,2179,2237
050,04,025,"Arizona","Yavapai County",5,76,4731,2359,2372
050,04,025,"Arizona","Yavapai County",5,77,3188,1560,1628
050,04,025,"Arizona","Yavapai County",5,78,3089,1505,1584
050,04,025,"Arizona","Yavapai County",5,79,2950,1438,1512
050,04,025,"Arizona","Yavapai County",5,80,2925,1467,1458
050,04,025,"Arizona","Yavapai County",5,81,2345,1151,1194
050,04,025,"Arizona","Yavapai County",5,82,2030,971,1059
050,04,025,"Arizona","Yavapai County",5,83,1775,868,907
050,04,025,"Arizona","Yavapai County",5,84,1526,739,787
050,04,025,"Arizona","Yavapai County",5,85,7104,3245,3859
050,04,027,"Arizona","Yuma County",1,0,2781,1423,1358
050,04,027,"Arizona","Yuma County",1,1,2831,1438,1393
050,04,027,"Arizona","Yuma County",1,2,2760,1380,1380
050,04,027,"Arizona","Yuma County",1,3,2878,1443,1435
050,04,027,"Arizona","Yuma County",1,4,2904,1506,1398
050,04,027,"Arizona","Yuma County",1,5,2884,1454,1430
050,04,027,"Arizona","Yuma County",1,6,2919,1491,1428
050,04,027,"Arizona","Yuma County",1,7,2895,1499,1396
050,04,027,"Arizona","Yuma County",1,8,2889,1490,1399
050,04,027,"Arizona","Yuma County",1,9,2791,1413,1378
050,04,027,"Arizona","Yuma County",1,10,2721,1388,1333
050,04,027,"Arizona","Yuma County",1,11,2806,1436,1370
050,04,027,"Arizona","Yuma County",1,12,2913,1525,1388
050,04,027,"Arizona","Yuma County",1,13,2929,1508,1421
050,04,027,"Arizona","Yuma County",1,14,2877,1493,1384
050,04,027,"Arizona","Yuma County",1,15,2921,1531,1390
050,04,027,"Arizona","Yuma County",1,16,2883,1448,1435
050,04,027,"Arizona","Yuma County",1,17,2787,1389,1398
050,04,027,"Arizona","Yuma County",1,18,2871,1522,1349
050,04,027,"Arizona","Yuma County",1,19,3023,1711,1312
050,04,027,"Arizona","Yuma County",1,20,3324,2046,1278
050,04,027,"Arizona","Yuma County",1,21,3373,2080,1293
050,04,027,"Arizona","Yuma County",1,22,3328,1998,1330
050,04,027,"Arizona","Yuma County",1,23,3168,1873,1295
050,04,027,"Arizona","Yuma County",1,24,2995,1705,1290
050,04,027,"Arizona","Yuma County",1,25,3008,1722,1286
050,04,027,"Arizona","Yuma County",1,26,2936,1627,1309
050,04,027,"Arizona","Yuma County",1,27,2948,1638,1310
050,04,027,"Arizona","Yuma County",1,28,2971,1654,1317
050,04,027,"Arizona","Yuma County",1,29,2909,1605,1304
050,04,027,"Arizona","Yuma County",1,30,2851,1599,1252
050,04,027,"Arizona","Yuma County",1,31,2693,1452,1241
050,04,027,"Arizona","Yuma County",1,32,2633,1396,1237
050,04,027,"Arizona","Yuma County",1,33,2596,1391,1205
050,04,027,"Arizona","Yuma County",1,34,2635,1431,1204
050,04,027,"Arizona","Yuma County",1,35,2588,1420,1168
050,04,027,"Arizona","Yuma County",1,36,2451,1357,1094
050,04,027,"Arizona","Yuma County",1,37,2397,1325,1072
050,04,027,"Arizona","Yuma County",1,38,2382,1266,1116
050,04,027,"Arizona","Yuma County",1,39,2388,1251,1137
050,04,027,"Arizona","Yuma County",1,40,2352,1240,1112
050,04,027,"Arizona","Yuma County",1,41,2124,1132,992
050,04,027,"Arizona","Yuma County",1,42,1992,1051,941
050,04,027,"Arizona","Yuma County",1,43,2034,1089,945
050,04,027,"Arizona","Yuma County",1,44,1974,1038,936
050,04,027,"Arizona","Yuma County",1,45,1995,990,1005
050,04,027,"Arizona","Yuma County",1,46,1934,950,984
050,04,027,"Arizona","Yuma County",1,47,1964,976,988
050,04,027,"Arizona","Yuma County",1,48,2034,1000,1034
050,04,027,"Arizona","Yuma County",1,49,2064,969,1095
050,04,027,"Arizona","Yuma County",1,50,1946,927,1019
050,04,027,"Arizona","Yuma County",1,51,1986,984,1002
050,04,027,"Arizona","Yuma County",1,52,2056,1019,1037
050,04,027,"Arizona","Yuma County",1,53,2018,1030,988
050,04,027,"Arizona","Yuma County",1,54,2042,1014,1028
050,04,027,"Arizona","Yuma County",1,55,1988,962,1026
050,04,027,"Arizona","Yuma County",1,56,2025,977,1048
050,04,027,"Arizona","Yuma County",1,57,2015,965,1050
050,04,027,"Arizona","Yuma County",1,58,2101,1018,1083
050,04,027,"Arizona","Yuma County",1,59,2004,976,1028
050,04,027,"Arizona","Yuma County",1,60,2068,1046,1022
050,04,027,"Arizona","Yuma County",1,61,2042,997,1045
050,04,027,"Arizona","Yuma County",1,62,2047,979,1068
050,04,027,"Arizona","Yuma County",1,63,1970,953,1017
050,04,027,"Arizona","Yuma County",1,64,1906,941,965
050,04,027,"Arizona","Yuma County",1,65,1947,968,979
050,04,027,"Arizona","Yuma County",1,66,2019,978,1041
050,04,027,"Arizona","Yuma County",1,67,2056,986,1070
050,04,027,"Arizona","Yuma County",1,68,2004,956,1048
050,04,027,"Arizona","Yuma County",1,69,1943,922,1021
050,04,027,"Arizona","Yuma County",1,70,2018,956,1062
050,04,027,"Arizona","Yuma County",1,71,2044,978,1066
050,04,027,"Arizona","Yuma County",1,72,2057,984,1073
050,04,027,"Arizona","Yuma County",1,73,2237,1059,1178
050,04,027,"Arizona","Yuma County",1,74,1785,857,928
050,04,027,"Arizona","Yuma County",1,75,1893,875,1018
050,04,027,"Arizona","Yuma County",1,76,1851,872,979
050,04,027,"Arizona","Yuma County",1,77,1867,854,1013
050,04,027,"Arizona","Yuma County",1,78,1698,799,899
050,04,027,"Arizona","Yuma County",1,79,1619,784,835
050,04,027,"Arizona","Yuma County",1,80,1492,733,759
050,04,027,"Arizona","Yuma County",1,81,1428,746,682
050,04,027,"Arizona","Yuma County",1,82,1292,644,648
050,04,027,"Arizona","Yuma County",1,83,1142,581,561
050,04,027,"Arizona","Yuma County",1,84,1025,531,494
050,04,027,"Arizona","Yuma County",1,85,5067,2491,2576
050,04,027,"Arizona","Yuma County",2,0,2735,1405,1330
050,04,027,"Arizona","Yuma County",2,1,2827,1440,1387
050,04,027,"Arizona","Yuma County",2,2,2789,1398,1391
050,04,027,"Arizona","Yuma County",2,3,2851,1431,1420
050,04,027,"Arizona","Yuma County",2,4,2910,1497,1413
050,04,027,"Arizona","Yuma County",2,5,2892,1469,1423
050,04,027,"Arizona","Yuma County",2,6,2920,1491,1429
050,04,027,"Arizona","Yuma County",2,7,2905,1498,1407
050,04,027,"Arizona","Yuma County",2,8,2877,1484,1393
050,04,027,"Arizona","Yuma County",2,9,2814,1433,1381
050,04,027,"Arizona","Yuma County",2,10,2740,1396,1344
050,04,027,"Arizona","Yuma County",2,11,2769,1415,1354
050,04,027,"Arizona","Yuma County",2,12,2906,1514,1392
050,04,027,"Arizona","Yuma County",2,13,2922,1512,1410
050,04,027,"Arizona","Yuma County",2,14,2886,1501,1385
050,04,027,"Arizona","Yuma County",2,15,2914,1523,1391
050,04,027,"Arizona","Yuma County",2,16,2890,1464,1426
050,04,027,"Arizona","Yuma County",2,17,2804,1398,1406
050,04,027,"Arizona","Yuma County",2,18,2869,1522,1347
050,04,027,"Arizona","Yuma County",2,19,3046,1729,1317
050,04,027,"Arizona","Yuma County",2,20,3353,2051,1302
050,04,027,"Arizona","Yuma County",2,21,3366,2074,1292
050,04,027,"Arizona","Yuma County",2,22,3325,2008,1317
050,04,027,"Arizona","Yuma County",2,23,3160,1860,1300
050,04,027,"Arizona","Yuma County",2,24,2996,1710,1286
050,04,027,"Arizona","Yuma County",2,25,3024,1732,1292
050,04,027,"Arizona","Yuma County",2,26,2942,1636,1306
050,04,027,"Arizona","Yuma County",2,27,2951,1643,1308
050,04,027,"Arizona","Yuma County",2,28,2973,1649,1324
050,04,027,"Arizona","Yuma County",2,29,2946,1637,1309
050,04,027,"Arizona","Yuma County",2,30,2893,1625,1268
050,04,027,"Arizona","Yuma County",2,31,2718,1476,1242
050,04,027,"Arizona","Yuma County",2,32,2652,1412,1240
050,04,027,"Arizona","Yuma County",2,33,2611,1396,1215
050,04,027,"Arizona","Yuma County",2,34,2645,1433,1212
050,04,027,"Arizona","Yuma County",2,35,2594,1414,1180
050,04,027,"Arizona","Yuma County",2,36,2470,1366,1104
050,04,027,"Arizona","Yuma County",2,37,2410,1334,1076
050,04,027,"Arizona","Yuma County",2,38,2397,1287,1110
050,04,027,"Arizona","Yuma County",2,39,2383,1253,1130
050,04,027,"Arizona","Yuma County",2,40,2379,1254,1125
050,04,027,"Arizona","Yuma County",2,41,2160,1144,1016
050,04,027,"Arizona","Yuma County",2,42,2022,1077,945
050,04,027,"Arizona","Yuma County",2,43,2027,1079,948
050,04,027,"Arizona","Yuma County",2,44,1985,1045,940
050,04,027,"Arizona","Yuma County",2,45,1991,1000,991
050,04,027,"Arizona","Yuma County",2,46,1951,962,989
050,04,027,"Arizona","Yuma County",2,47,1953,965,988
050,04,027,"Arizona","Yuma County",2,48,2017,997,1020
050,04,027,"Arizona","Yuma County",2,49,2059,980,1079
050,04,027,"Arizona","Yuma County",2,50,1967,935,1032
050,04,027,"Arizona","Yuma County",2,51,1975,973,1002
050,04,027,"Arizona","Yuma County",2,52,2042,1012,1030
050,04,027,"Arizona","Yuma County",2,53,2027,1028,999
050,04,027,"Arizona","Yuma County",2,54,2033,1017,1016
050,04,027,"Arizona","Yuma County",2,55,2012,980,1032
050,04,027,"Arizona","Yuma County",2,56,2024,976,1048
050,04,027,"Arizona","Yuma County",2,57,2009,964,1045
050,04,027,"Arizona","Yuma County",2,58,2089,1009,1080
050,04,027,"Arizona","Yuma County",2,59,2017,979,1038
050,04,027,"Arizona","Yuma County",2,60,2066,1035,1031
050,04,027,"Arizona","Yuma County",2,61,2048,1004,1044
050,04,027,"Arizona","Yuma County",2,62,2034,978,1056
050,04,027,"Arizona","Yuma County",2,63,2003,969,1034
050,04,027,"Arizona","Yuma County",2,64,1917,942,975
050,04,027,"Arizona","Yuma County",2,65,1962,974,988
050,04,027,"Arizona","Yuma County",2,66,2031,987,1044
050,04,027,"Arizona","Yuma County",2,67,2070,997,1073
050,04,027,"Arizona","Yuma County",2,68,2028,971,1057
050,04,027,"Arizona","Yuma County",2,69,1981,941,1040
050,04,027,"Arizona","Yuma County",2,70,2012,958,1054
050,04,027,"Arizona","Yuma County",2,71,2052,981,1071
050,04,027,"Arizona","Yuma County",2,72,2047,978,1069
050,04,027,"Arizona","Yuma County",2,73,2299,1089,1210
050,04,027,"Arizona","Yuma County",2,74,1800,856,944
050,04,027,"Arizona","Yuma County",2,75,1866,871,995
050,04,027,"Arizona","Yuma County",2,76,1844,862,982
050,04,027,"Arizona","Yuma County",2,77,1895,877,1018
050,04,027,"Arizona","Yuma County",2,78,1707,800,907
050,04,027,"Arizona","Yuma County",2,79,1618,777,841
050,04,027,"Arizona","Yuma County",2,80,1510,744,766
050,04,027,"Arizona","Yuma County",2,81,1429,740,689
050,04,027,"Arizona","Yuma County",2,82,1316,664,652
050,04,027,"Arizona","Yuma County",2,83,1150,582,568
050,04,027,"Arizona","Yuma County",2,84,1020,525,495
050,04,027,"Arizona","Yuma County",2,85,5140,2531,2609
050,04,027,"Arizona","Yuma County",3,0,2790,1443,1347
050,04,027,"Arizona","Yuma County",3,1,2770,1420,1350
050,04,027,"Arizona","Yuma County",3,2,2880,1460,1420
050,04,027,"Arizona","Yuma County",3,3,2801,1407,1394
050,04,027,"Arizona","Yuma County",3,4,2888,1458,1430
050,04,027,"Arizona","Yuma County",3,5,2885,1489,1396
050,04,027,"Arizona","Yuma County",3,6,2926,1495,1431
050,04,027,"Arizona","Yuma County",3,7,2920,1494,1426
050,04,027,"Arizona","Yuma County",3,8,2935,1506,1429
050,04,027,"Arizona","Yuma County",3,9,2891,1490,1401
050,04,027,"Arizona","Yuma County",3,10,2823,1438,1385
050,04,027,"Arizona","Yuma County",3,11,2749,1400,1349
050,04,027,"Arizona","Yuma County",3,12,2805,1428,1377
050,04,027,"Arizona","Yuma County",3,13,2908,1502,1406
050,04,027,"Arizona","Yuma County",3,14,2933,1504,1429
050,04,027,"Arizona","Yuma County",3,15,2903,1493,1410
050,04,027,"Arizona","Yuma County",3,16,2915,1501,1414
050,04,027,"Arizona","Yuma County",3,17,2911,1478,1433
050,04,027,"Arizona","Yuma County",3,18,2875,1522,1353
050,04,027,"Arizona","Yuma County",3,19,2948,1661,1287
050,04,027,"Arizona","Yuma County",3,20,3241,1913,1328
050,04,027,"Arizona","Yuma County",3,21,3278,1956,1322
050,04,027,"Arizona","Yuma County",3,22,3276,1952,1324
050,04,027,"Arizona","Yuma County",3,23,3054,1763,1291
050,04,027,"Arizona","Yuma County",3,24,2907,1625,1282
050,04,027,"Arizona","Yuma County",3,25,3000,1684,1316
050,04,027,"Arizona","Yuma County",3,26,2904,1615,1289
050,04,027,"Arizona","Yuma County",3,27,2909,1606,1303
050,04,027,"Arizona","Yuma County",3,28,2963,1610,1353
050,04,027,"Arizona","Yuma County",3,29,3043,1704,1339
050,04,027,"Arizona","Yuma County",3,30,3003,1670,1333
050,04,027,"Arizona","Yuma County",3,31,2883,1586,1297
050,04,027,"Arizona","Yuma County",3,32,2731,1478,1253
050,04,027,"Arizona","Yuma County",3,33,2683,1425,1258
050,04,027,"Arizona","Yuma County",3,34,2654,1433,1221
050,04,027,"Arizona","Yuma County",3,35,2623,1404,1219
050,04,027,"Arizona","Yuma County",3,36,2612,1432,1180
050,04,027,"Arizona","Yuma County",3,37,2466,1353,1113
050,04,027,"Arizona","Yuma County",3,38,2402,1311,1091
050,04,027,"Arizona","Yuma County",3,39,2415,1301,1114
050,04,027,"Arizona","Yuma County",3,40,2383,1260,1123
050,04,027,"Arizona","Yuma County",3,41,2352,1224,1128
050,04,027,"Arizona","Yuma County",3,42,2171,1142,1029
050,04,027,"Arizona","Yuma County",3,43,2014,1074,940
050,04,027,"Arizona","Yuma County",3,44,2020,1080,940
050,04,027,"Arizona","Yuma County",3,45,1948,1019,929
050,04,027,"Arizona","Yuma County",3,46,1993,1004,989
050,04,027,"Arizona","Yuma County",3,47,1911,948,963
050,04,027,"Arizona","Yuma County",3,48,1944,952,992
050,04,027,"Arizona","Yuma County",3,49,2007,976,1031
050,04,027,"Arizona","Yuma County",3,50,2054,974,1080
050,04,027,"Arizona","Yuma County",3,51,1964,943,1021
050,04,027,"Arizona","Yuma County",3,52,1962,953,1009
050,04,027,"Arizona","Yuma County",3,53,2027,990,1037
050,04,027,"Arizona","Yuma County",3,54,2003,1014,989
050,04,027,"Arizona","Yuma County",3,55,2027,1005,1022
050,04,027,"Arizona","Yuma County",3,56,2007,982,1025
050,04,027,"Arizona","Yuma County",3,57,1998,941,1057
050,04,027,"Arizona","Yuma County",3,58,2004,969,1035
050,04,027,"Arizona","Yuma County",3,59,2051,979,1072
050,04,027,"Arizona","Yuma County",3,60,2001,976,1025
050,04,027,"Arizona","Yuma County",3,61,2072,1025,1047
050,04,027,"Arizona","Yuma County",3,62,2049,1010,1039
050,04,027,"Arizona","Yuma County",3,63,2012,984,1028
050,04,027,"Arizona","Yuma County",3,64,1990,977,1013
050,04,027,"Arizona","Yuma County",3,65,1972,971,1001
050,04,027,"Arizona","Yuma County",3,66,2049,1012,1037
050,04,027,"Arizona","Yuma County",3,67,2096,1013,1083
050,04,027,"Arizona","Yuma County",3,68,2099,1020,1079
050,04,027,"Arizona","Yuma County",3,69,2065,980,1085
050,04,027,"Arizona","Yuma County",3,70,2021,959,1062
050,04,027,"Arizona","Yuma County",3,71,2036,973,1063
050,04,027,"Arizona","Yuma County",3,72,2083,999,1084
050,04,027,"Arizona","Yuma County",3,73,2069,975,1094
050,04,027,"Arizona","Yuma County",3,74,2256,1061,1195
050,04,027,"Arizona","Yuma County",3,75,1777,834,943
050,04,027,"Arizona","Yuma County",3,76,1851,863,988
050,04,027,"Arizona","Yuma County",3,77,1788,826,962
050,04,027,"Arizona","Yuma County",3,78,1872,860,1012
050,04,027,"Arizona","Yuma County",3,79,1656,773,883
050,04,027,"Arizona","Yuma County",3,80,1540,741,799
050,04,027,"Arizona","Yuma County",3,81,1463,712,751
050,04,027,"Arizona","Yuma County",3,82,1334,700,634
050,04,027,"Arizona","Yuma County",3,83,1246,626,620
050,04,027,"Arizona","Yuma County",3,84,1028,515,513
050,04,027,"Arizona","Yuma County",3,85,5516,2746,2770
050,04,027,"Arizona","Yuma County",4,0,2847,1495,1352
050,04,027,"Arizona","Yuma County",4,1,2771,1400,1371
050,04,027,"Arizona","Yuma County",4,2,2768,1391,1377
050,04,027,"Arizona","Yuma County",4,3,2917,1451,1466
050,04,027,"Arizona","Yuma County",4,4,2813,1386,1427
050,04,027,"Arizona","Yuma County",4,5,2904,1465,1439
050,04,027,"Arizona","Yuma County",4,6,2921,1502,1419
050,04,027,"Arizona","Yuma County",4,7,2936,1501,1435
050,04,027,"Arizona","Yuma County",4,8,2955,1510,1445
050,04,027,"Arizona","Yuma County",4,9,2956,1516,1440
050,04,027,"Arizona","Yuma County",4,10,2930,1501,1429
050,04,027,"Arizona","Yuma County",4,11,2843,1440,1403
050,04,027,"Arizona","Yuma County",4,12,2782,1417,1365
050,04,027,"Arizona","Yuma County",4,13,2861,1438,1423
050,04,027,"Arizona","Yuma County",4,14,2887,1481,1406
050,04,027,"Arizona","Yuma County",4,15,2966,1521,1445
050,04,027,"Arizona","Yuma County",4,16,2908,1479,1429
050,04,027,"Arizona","Yuma County",4,17,2969,1527,1442
050,04,027,"Arizona","Yuma County",4,18,2939,1582,1357
050,04,027,"Arizona","Yuma County",4,19,2934,1615,1319
050,04,027,"Arizona","Yuma County",4,20,3142,1853,1289
050,04,027,"Arizona","Yuma County",4,21,3160,1833,1327
050,04,027,"Arizona","Yuma County",4,22,3148,1840,1308
050,04,027,"Arizona","Yuma County",4,23,2989,1707,1282
050,04,027,"Arizona","Yuma County",4,24,2883,1608,1275
050,04,027,"Arizona","Yuma County",4,25,2859,1562,1297
050,04,027,"Arizona","Yuma County",4,26,2878,1593,1285
050,04,027,"Arizona","Yuma County",4,27,2878,1602,1276
050,04,027,"Arizona","Yuma County",4,28,2908,1575,1333
050,04,027,"Arizona","Yuma County",4,29,2983,1612,1371
050,04,027,"Arizona","Yuma County",4,30,3077,1688,1389
050,04,027,"Arizona","Yuma County",4,31,2920,1596,1324
050,04,027,"Arizona","Yuma County",4,32,2867,1560,1307
050,04,027,"Arizona","Yuma County",4,33,2753,1458,1295
050,04,027,"Arizona","Yuma County",4,34,2669,1401,1268
050,04,027,"Arizona","Yuma County",4,35,2601,1376,1225
050,04,027,"Arizona","Yuma County",4,36,2651,1411,1240
050,04,027,"Arizona","Yuma County",4,37,2639,1451,1188
050,04,027,"Arizona","Yuma County",4,38,2499,1358,1141
050,04,027,"Arizona","Yuma County",4,39,2432,1319,1113
050,04,027,"Arizona","Yuma County",4,40,2408,1282,1126
050,04,027,"Arizona","Yuma County",4,41,2349,1214,1135
050,04,027,"Arizona","Yuma County",4,42,2357,1220,1137
050,04,027,"Arizona","Yuma County",4,43,2114,1112,1002
050,04,027,"Arizona","Yuma County",4,44,1976,1035,941
050,04,027,"Arizona","Yuma County",4,45,1970,1029,941
050,04,027,"Arizona","Yuma County",4,46,1941,1006,935
050,04,027,"Arizona","Yuma County",4,47,1947,978,969
050,04,027,"Arizona","Yuma County",4,48,1919,940,979
050,04,027,"Arizona","Yuma County",4,49,1948,922,1026
050,04,027,"Arizona","Yuma County",4,50,1950,938,1012
050,04,027,"Arizona","Yuma County",4,51,2028,960,1068
050,04,027,"Arizona","Yuma County",4,52,1903,904,999
050,04,027,"Arizona","Yuma County",4,53,1927,928,999
050,04,027,"Arizona","Yuma County",4,54,1997,965,1032
050,04,027,"Arizona","Yuma County",4,55,1989,993,996
050,04,027,"Arizona","Yuma County",4,56,2016,990,1026
050,04,027,"Arizona","Yuma County",4,57,1982,960,1022
050,04,027,"Arizona","Yuma County",4,58,2015,939,1076
050,04,027,"Arizona","Yuma County",4,59,1956,928,1028
050,04,027,"Arizona","Yuma County",4,60,2052,968,1084
050,04,027,"Arizona","Yuma County",4,61,2009,973,1036
050,04,027,"Arizona","Yuma County",4,62,2074,1030,1044
050,04,027,"Arizona","Yuma County",4,63,2065,1010,1055
050,04,027,"Arizona","Yuma County",4,64,2038,981,1057
050,04,027,"Arizona","Yuma County",4,65,2079,1016,1063
050,04,027,"Arizona","Yuma County",4,66,2112,1060,1052
050,04,027,"Arizona","Yuma County",4,67,2144,1067,1077
050,04,027,"Arizona","Yuma County",4,68,2166,1056,1110
050,04,027,"Arizona","Yuma County",4,69,2166,1042,1124
050,04,027,"Arizona","Yuma County",4,70,2122,1005,1117
050,04,027,"Arizona","Yuma County",4,71,2074,980,1094
050,04,027,"Arizona","Yuma County",4,72,2063,979,1084
050,04,027,"Arizona","Yuma County",4,73,2107,1001,1106
050,04,027,"Arizona","Yuma County",4,74,2068,977,1091
050,04,027,"Arizona","Yuma County",4,75,2255,1067,1188
050,04,027,"Arizona","Yuma County",4,76,1755,827,928
050,04,027,"Arizona","Yuma County",4,77,1807,843,964
050,04,027,"Arizona","Yuma County",4,78,1763,815,948
050,04,027,"Arizona","Yuma County",4,79,1815,825,990
050,04,027,"Arizona","Yuma County",4,80,1615,755,860
050,04,027,"Arizona","Yuma County",4,81,1498,715,783
050,04,027,"Arizona","Yuma County",4,82,1376,670,706
050,04,027,"Arizona","Yuma County",4,83,1255,657,598
050,04,027,"Arizona","Yuma County",4,84,1173,587,586
050,04,027,"Arizona","Yuma County",4,85,5788,2890,2898
050,04,027,"Arizona","Yuma County",5,0,2811,1477,1334
050,04,027,"Arizona","Yuma County",5,1,2842,1537,1305
050,04,027,"Arizona","Yuma County",5,2,2782,1403,1379
050,04,027,"Arizona","Yuma County",5,3,2759,1407,1352
050,04,027,"Arizona","Yuma County",5,4,2925,1462,1463
050,04,027,"Arizona","Yuma County",5,5,2867,1443,1424
050,04,027,"Arizona","Yuma County",5,6,2907,1459,1448
050,04,027,"Arizona","Yuma County",5,7,2947,1511,1436
050,04,027,"Arizona","Yuma County",5,8,2942,1500,1442
050,04,027,"Arizona","Yuma County",5,9,2956,1507,1449
050,04,027,"Arizona","Yuma County",5,10,2963,1505,1458
050,04,027,"Arizona","Yuma County",5,11,2928,1500,1428
050,04,027,"Arizona","Yuma County",5,12,2881,1450,1431
050,04,027,"Arizona","Yuma County",5,13,2834,1426,1408
050,04,027,"Arizona","Yuma County",5,14,2883,1450,1433
050,04,027,"Arizona","Yuma County",5,15,2912,1496,1416
050,04,027,"Arizona","Yuma County",5,16,2949,1493,1456
050,04,027,"Arizona","Yuma County",5,17,2944,1494,1450
050,04,027,"Arizona","Yuma County",5,18,3027,1651,1376
050,04,027,"Arizona","Yuma County",5,19,3053,1761,1292
050,04,027,"Arizona","Yuma County",5,20,3274,1939,1335
050,04,027,"Arizona","Yuma County",5,21,3237,1930,1307
050,04,027,"Arizona","Yuma County",5,22,3209,1865,1344
050,04,027,"Arizona","Yuma County",5,23,3048,1750,1298
050,04,027,"Arizona","Yuma County",5,24,2911,1660,1251
050,04,027,"Arizona","Yuma County",5,25,2960,1685,1275
050,04,027,"Arizona","Yuma County",5,26,2872,1591,1281
050,04,027,"Arizona","Yuma County",5,27,2929,1632,1297
050,04,027,"Arizona","Yuma County",5,28,2891,1593,1298
050,04,027,"Arizona","Yuma County",5,29,3027,1652,1375
050,04,027,"Arizona","Yuma County",5,30,3117,1704,1413
050,04,027,"Arizona","Yuma County",5,31,3118,1705,1413
050,04,027,"Arizona","Yuma County",5,32,3029,1688,1341
050,04,027,"Arizona","Yuma County",5,33,2949,1604,1345
050,04,027,"Arizona","Yuma County",5,34,2859,1542,1317
050,04,027,"Arizona","Yuma County",5,35,2699,1410,1289
050,04,027,"Arizona","Yuma County",5,36,2662,1440,1222
050,04,027,"Arizona","Yuma County",5,37,2709,1492,1217
050,04,027,"Arizona","Yuma County",5,38,2658,1464,1194
050,04,027,"Arizona","Yuma County",5,39,2545,1398,1147
050,04,027,"Arizona","Yuma County",5,40,2466,1350,1116
050,04,027,"Arizona","Yuma County",5,41,2391,1270,1121
050,04,027,"Arizona","Yuma County",5,42,2365,1219,1146
050,04,027,"Arizona","Yuma County",5,43,2368,1223,1145
050,04,027,"Arizona","Yuma County",5,44,2118,1124,994
050,04,027,"Arizona","Yuma County",5,45,1968,1025,943
050,04,027,"Arizona","Yuma County",5,46,1990,1045,945
050,04,027,"Arizona","Yuma County",5,47,1955,1028,927
050,04,027,"Arizona","Yuma County",5,48,2000,1013,987
050,04,027,"Arizona","Yuma County",5,49,1939,947,992
050,04,027,"Arizona","Yuma County",5,50,1977,936,1041
050,04,027,"Arizona","Yuma County",5,51,1968,949,1019
050,04,027,"Arizona","Yuma County",5,52,2026,960,1066
050,04,027,"Arizona","Yuma County",5,53,1902,902,1000
050,04,027,"Arizona","Yuma County",5,54,1935,933,1002
050,04,027,"Arizona","Yuma County",5,55,1989,957,1032
050,04,027,"Arizona","Yuma County",5,56,2004,1005,999
050,04,027,"Arizona","Yuma County",5,57,2025,1000,1025
050,04,027,"Arizona","Yuma County",5,58,2004,982,1022
050,04,027,"Arizona","Yuma County",5,59,1977,931,1046
050,04,027,"Arizona","Yuma County",5,60,1966,932,1034
050,04,027,"Arizona","Yuma County",5,61,2054,967,1087
050,04,027,"Arizona","Yuma County",5,62,2011,967,1044
050,04,027,"Arizona","Yuma County",5,63,2117,1049,1068
050,04,027,"Arizona","Yuma County",5,64,2088,1006,1082
050,04,027,"Arizona","Yuma County",5,65,2102,1024,1078
050,04,027,"Arizona","Yuma County",5,66,2171,1051,1120
050,04,027,"Arizona","Yuma County",5,67,2169,1085,1084
050,04,027,"Arizona","Yuma County",5,68,2221,1107,1114
050,04,027,"Arizona","Yuma County",5,69,2235,1083,1152
050,04,027,"Arizona","Yuma County",5,70,2222,1061,1161
050,04,027,"Arizona","Yuma County",5,71,2155,1018,1137
050,04,027,"Arizona","Yuma County",5,72,2084,990,1094
050,04,027,"Arizona","Yuma County",5,73,2088,982,1106
050,04,027,"Arizona","Yuma County",5,74,2110,1002,1108
050,04,027,"Arizona","Yuma County",5,75,2096,973,1123
050,04,027,"Arizona","Yuma County",5,76,2237,1069,1168
050,04,027,"Arizona","Yuma County",5,77,1758,833,925
050,04,027,"Arizona","Yuma County",5,78,1802,832,970
050,04,027,"Arizona","Yuma County",5,79,1732,804,928
050,04,027,"Arizona","Yuma County",5,80,1778,815,963
050,04,027,"Arizona","Yuma County",5,81,1566,734,832
050,04,027,"Arizona","Yuma County",5,82,1454,701,753
050,04,027,"Arizona","Yuma County",5,83,1304,644,660
050,04,027,"Arizona","Yuma County",5,84,1192,627,565
050,04,027,"Arizona","Yuma County",5,85,6327,3166,3161

