"SUMLEV","STATE","COUNTY","STNAME","CTYNAME","YEAR","AGE","TOT_POP","TOT_MALE","TOT_FEMALE"
050,45,001,"South Carolina","Abbeville County",1,0,225,115,110
050,45,001,"South Carolina","Abbeville County",1,1,239,121,118
050,45,001,"South Carolina","Abbeville County",1,2,227,120,107
050,45,001,"South Carolina","Abbeville County",1,3,225,116,109
050,45,001,"South Carolina","Abbeville County",1,4,250,119,131
050,45,001,"South Carolina","Abbeville County",1,5,252,119,133
050,45,001,"South Carolina","Abbeville County",1,6,250,133,117
050,45,001,"South Carolina","Abbeville County",1,7,258,144,114
050,45,001,"South Carolina","Abbeville County",1,8,251,121,130
050,45,001,"South Carolina","Abbeville County",1,9,248,131,117
050,45,001,"South Carolina","Abbeville County",1,10,291,147,144
050,45,001,"South Carolina","Abbeville County",1,11,279,155,124
050,45,001,"South Carolina","Abbeville County",1,12,328,180,148
050,45,001,"South Carolina","Abbeville County",1,13,320,174,146
050,45,001,"South Carolina","Abbeville County",1,14,314,157,157
050,45,001,"South Carolina","Abbeville County",1,15,308,145,163
050,45,001,"South Carolina","Abbeville County",1,16,298,151,147
050,45,001,"South Carolina","Abbeville County",1,17,291,137,154
050,45,001,"South Carolina","Abbeville County",1,18,334,170,164
050,45,001,"South Carolina","Abbeville County",1,19,382,196,186
050,45,001,"South Carolina","Abbeville County",1,20,360,183,177
050,45,001,"South Carolina","Abbeville County",1,21,367,171,196
050,45,001,"South Carolina","Abbeville County",1,22,315,166,149
050,45,001,"South Carolina","Abbeville County",1,23,252,124,128
050,45,001,"South Carolina","Abbeville County",1,24,267,132,135
050,45,001,"South Carolina","Abbeville County",1,25,253,127,126
050,45,001,"South Carolina","Abbeville County",1,26,257,138,119
050,45,001,"South Carolina","Abbeville County",1,27,280,143,137
050,45,001,"South Carolina","Abbeville County",1,28,268,130,138
050,45,001,"South Carolina","Abbeville County",1,29,293,139,154
050,45,001,"South Carolina","Abbeville County",1,30,278,122,156
050,45,001,"South Carolina","Abbeville County",1,31,298,141,157
050,45,001,"South Carolina","Abbeville County",1,32,227,119,108
050,45,001,"South Carolina","Abbeville County",1,33,201,110,91
050,45,001,"South Carolina","Abbeville County",1,34,219,105,114
050,45,001,"South Carolina","Abbeville County",1,35,255,125,130
050,45,001,"South Carolina","Abbeville County",1,36,273,137,136
050,45,001,"South Carolina","Abbeville County",1,37,277,126,151
050,45,001,"South Carolina","Abbeville County",1,38,235,117,118
050,45,001,"South Carolina","Abbeville County",1,39,232,110,122
050,45,001,"South Carolina","Abbeville County",1,40,276,124,152
050,45,001,"South Carolina","Abbeville County",1,41,265,118,147
050,45,001,"South Carolina","Abbeville County",1,42,263,126,137
050,45,001,"South Carolina","Abbeville County",1,43,248,127,121
050,45,001,"South Carolina","Abbeville County",1,44,242,128,114
050,45,001,"South Carolina","Abbeville County",1,45,271,131,140
050,45,001,"South Carolina","Abbeville County",1,46,260,132,128
050,45,001,"South Carolina","Abbeville County",1,47,299,150,149
050,45,001,"South Carolina","Abbeville County",1,48,317,164,153
050,45,001,"South Carolina","Abbeville County",1,49,328,158,170
050,45,001,"South Carolina","Abbeville County",1,50,311,144,167
050,45,001,"South Carolina","Abbeville County",1,51,322,144,178
050,45,001,"South Carolina","Abbeville County",1,52,320,153,167
050,45,001,"South Carolina","Abbeville County",1,53,336,166,170
050,45,001,"South Carolina","Abbeville County",1,54,321,162,159
050,45,001,"South Carolina","Abbeville County",1,55,340,170,170
050,45,001,"South Carolina","Abbeville County",1,56,346,168,178
050,45,001,"South Carolina","Abbeville County",1,57,340,173,167
050,45,001,"South Carolina","Abbeville County",1,58,365,173,192
050,45,001,"South Carolina","Abbeville County",1,59,347,156,191
050,45,001,"South Carolina","Abbeville County",1,60,344,153,191
050,45,001,"South Carolina","Abbeville County",1,61,368,179,189
050,45,001,"South Carolina","Abbeville County",1,62,373,190,183
050,45,001,"South Carolina","Abbeville County",1,63,351,164,187
050,45,001,"South Carolina","Abbeville County",1,64,356,164,192
050,45,001,"South Carolina","Abbeville County",1,65,365,176,189
050,45,001,"South Carolina","Abbeville County",1,66,355,176,179
050,45,001,"South Carolina","Abbeville County",1,67,354,165,189
050,45,001,"South Carolina","Abbeville County",1,68,349,165,184
050,45,001,"South Carolina","Abbeville County",1,69,340,159,181
050,45,001,"South Carolina","Abbeville County",1,70,311,146,165
050,45,001,"South Carolina","Abbeville County",1,71,298,143,155
050,45,001,"South Carolina","Abbeville County",1,72,309,151,158
050,45,001,"South Carolina","Abbeville County",1,73,337,157,180
050,45,001,"South Carolina","Abbeville County",1,74,243,115,128
050,45,001,"South Carolina","Abbeville County",1,75,239,118,121
050,45,001,"South Carolina","Abbeville County",1,76,208,106,102
050,45,001,"South Carolina","Abbeville County",1,77,207,101,106
050,45,001,"South Carolina","Abbeville County",1,78,178,75,103
050,45,001,"South Carolina","Abbeville County",1,79,165,69,96
050,45,001,"South Carolina","Abbeville County",1,80,139,58,81
050,45,001,"South Carolina","Abbeville County",1,81,134,64,70
050,45,001,"South Carolina","Abbeville County",1,82,112,48,64
050,45,001,"South Carolina","Abbeville County",1,83,119,43,76
050,45,001,"South Carolina","Abbeville County",1,84,108,40,68
050,45,001,"South Carolina","Abbeville County",1,85,538,199,339
050,45,001,"South Carolina","Abbeville County",2,0,235,119,116
050,45,001,"South Carolina","Abbeville County",2,1,235,119,116
050,45,001,"South Carolina","Abbeville County",2,2,230,121,109
050,45,001,"South Carolina","Abbeville County",2,3,224,116,108
050,45,001,"South Carolina","Abbeville County",2,4,243,118,125
050,45,001,"South Carolina","Abbeville County",2,5,249,117,132
050,45,001,"South Carolina","Abbeville County",2,6,252,131,121
050,45,001,"South Carolina","Abbeville County",2,7,255,140,115
050,45,001,"South Carolina","Abbeville County",2,8,249,126,123
050,45,001,"South Carolina","Abbeville County",2,9,250,129,121
050,45,001,"South Carolina","Abbeville County",2,10,278,142,136
050,45,001,"South Carolina","Abbeville County",2,11,282,154,128
050,45,001,"South Carolina","Abbeville County",2,12,318,174,144
050,45,001,"South Carolina","Abbeville County",2,13,321,175,146
050,45,001,"South Carolina","Abbeville County",2,14,315,161,154
050,45,001,"South Carolina","Abbeville County",2,15,308,146,162
050,45,001,"South Carolina","Abbeville County",2,16,300,150,150
050,45,001,"South Carolina","Abbeville County",2,17,287,139,148
050,45,001,"South Carolina","Abbeville County",2,18,328,166,162
050,45,001,"South Carolina","Abbeville County",2,19,379,192,187
050,45,001,"South Carolina","Abbeville County",2,20,358,183,175
050,45,001,"South Carolina","Abbeville County",2,21,370,176,194
050,45,001,"South Carolina","Abbeville County",2,22,317,164,153
050,45,001,"South Carolina","Abbeville County",2,23,253,127,126
050,45,001,"South Carolina","Abbeville County",2,24,261,128,133
050,45,001,"South Carolina","Abbeville County",2,25,255,128,127
050,45,001,"South Carolina","Abbeville County",2,26,257,136,121
050,45,001,"South Carolina","Abbeville County",2,27,272,139,133
050,45,001,"South Carolina","Abbeville County",2,28,272,134,138
050,45,001,"South Carolina","Abbeville County",2,29,287,136,151
050,45,001,"South Carolina","Abbeville County",2,30,282,126,156
050,45,001,"South Carolina","Abbeville County",2,31,290,135,155
050,45,001,"South Carolina","Abbeville County",2,32,241,125,116
050,45,001,"South Carolina","Abbeville County",2,33,206,111,95
050,45,001,"South Carolina","Abbeville County",2,34,215,105,110
050,45,001,"South Carolina","Abbeville County",2,35,251,122,129
050,45,001,"South Carolina","Abbeville County",2,36,268,134,134
050,45,001,"South Carolina","Abbeville County",2,37,276,129,147
050,45,001,"South Carolina","Abbeville County",2,38,248,120,128
050,45,001,"South Carolina","Abbeville County",2,39,231,109,122
050,45,001,"South Carolina","Abbeville County",2,40,266,121,145
050,45,001,"South Carolina","Abbeville County",2,41,265,118,147
050,45,001,"South Carolina","Abbeville County",2,42,262,124,138
050,45,001,"South Carolina","Abbeville County",2,43,254,129,125
050,45,001,"South Carolina","Abbeville County",2,44,242,128,114
050,45,001,"South Carolina","Abbeville County",2,45,264,131,133
050,45,001,"South Carolina","Abbeville County",2,46,263,132,131
050,45,001,"South Carolina","Abbeville County",2,47,290,146,144
050,45,001,"South Carolina","Abbeville County",2,48,312,160,152
050,45,001,"South Carolina","Abbeville County",2,49,324,158,166
050,45,001,"South Carolina","Abbeville County",2,50,314,147,167
050,45,001,"South Carolina","Abbeville County",2,51,316,143,173
050,45,001,"South Carolina","Abbeville County",2,52,320,151,169
050,45,001,"South Carolina","Abbeville County",2,53,333,163,170
050,45,001,"South Carolina","Abbeville County",2,54,325,163,162
050,45,001,"South Carolina","Abbeville County",2,55,338,171,167
050,45,001,"South Carolina","Abbeville County",2,56,345,169,176
050,45,001,"South Carolina","Abbeville County",2,57,344,173,171
050,45,001,"South Carolina","Abbeville County",2,58,360,173,187
050,45,001,"South Carolina","Abbeville County",2,59,352,161,191
050,45,001,"South Carolina","Abbeville County",2,60,345,155,190
050,45,001,"South Carolina","Abbeville County",2,61,361,173,188
050,45,001,"South Carolina","Abbeville County",2,62,369,186,183
050,45,001,"South Carolina","Abbeville County",2,63,356,169,187
050,45,001,"South Carolina","Abbeville County",2,64,353,164,189
050,45,001,"South Carolina","Abbeville County",2,65,361,174,187
050,45,001,"South Carolina","Abbeville County",2,66,359,178,181
050,45,001,"South Carolina","Abbeville County",2,67,351,166,185
050,45,001,"South Carolina","Abbeville County",2,68,346,163,183
050,45,001,"South Carolina","Abbeville County",2,69,344,160,184
050,45,001,"South Carolina","Abbeville County",2,70,317,149,168
050,45,001,"South Carolina","Abbeville County",2,71,302,143,159
050,45,001,"South Carolina","Abbeville County",2,72,302,148,154
050,45,001,"South Carolina","Abbeville County",2,73,347,163,184
050,45,001,"South Carolina","Abbeville County",2,74,248,117,131
050,45,001,"South Carolina","Abbeville County",2,75,241,117,124
050,45,001,"South Carolina","Abbeville County",2,76,211,107,104
050,45,001,"South Carolina","Abbeville County",2,77,209,102,107
050,45,001,"South Carolina","Abbeville County",2,78,181,78,103
050,45,001,"South Carolina","Abbeville County",2,79,167,70,97
050,45,001,"South Carolina","Abbeville County",2,80,140,58,82
050,45,001,"South Carolina","Abbeville County",2,81,133,61,72
050,45,001,"South Carolina","Abbeville County",2,82,120,53,67
050,45,001,"South Carolina","Abbeville County",2,83,115,44,71
050,45,001,"South Carolina","Abbeville County",2,84,107,39,68
050,45,001,"South Carolina","Abbeville County",2,85,544,200,344
050,45,001,"South Carolina","Abbeville County",3,0,202,106,96
050,45,001,"South Carolina","Abbeville County",3,1,245,123,122
050,45,001,"South Carolina","Abbeville County",3,2,245,128,117
050,45,001,"South Carolina","Abbeville County",3,3,228,116,112
050,45,001,"South Carolina","Abbeville County",3,4,228,121,107
050,45,001,"South Carolina","Abbeville County",3,5,257,126,131
050,45,001,"South Carolina","Abbeville County",3,6,248,116,132
050,45,001,"South Carolina","Abbeville County",3,7,265,142,123
050,45,001,"South Carolina","Abbeville County",3,8,256,138,118
050,45,001,"South Carolina","Abbeville County",3,9,255,133,122
050,45,001,"South Carolina","Abbeville County",3,10,258,135,123
050,45,001,"South Carolina","Abbeville County",3,11,282,144,138
050,45,001,"South Carolina","Abbeville County",3,12,287,155,132
050,45,001,"South Carolina","Abbeville County",3,13,310,171,139
050,45,001,"South Carolina","Abbeville County",3,14,315,177,138
050,45,001,"South Carolina","Abbeville County",3,15,307,155,152
050,45,001,"South Carolina","Abbeville County",3,16,322,156,166
050,45,001,"South Carolina","Abbeville County",3,17,299,151,148
050,45,001,"South Carolina","Abbeville County",3,18,325,159,166
050,45,001,"South Carolina","Abbeville County",3,19,361,171,190
050,45,001,"South Carolina","Abbeville County",3,20,346,177,169
050,45,001,"South Carolina","Abbeville County",3,21,390,202,188
050,45,001,"South Carolina","Abbeville County",3,22,323,159,164
050,45,001,"South Carolina","Abbeville County",3,23,245,119,126
050,45,001,"South Carolina","Abbeville County",3,24,276,138,138
050,45,001,"South Carolina","Abbeville County",3,25,266,139,127
050,45,001,"South Carolina","Abbeville County",3,26,259,126,133
050,45,001,"South Carolina","Abbeville County",3,27,244,130,114
050,45,001,"South Carolina","Abbeville County",3,28,269,137,132
050,45,001,"South Carolina","Abbeville County",3,29,269,136,133
050,45,001,"South Carolina","Abbeville County",3,30,272,126,146
050,45,001,"South Carolina","Abbeville County",3,31,284,127,157
050,45,001,"South Carolina","Abbeville County",3,32,296,140,156
050,45,001,"South Carolina","Abbeville County",3,33,247,122,125
050,45,001,"South Carolina","Abbeville County",3,34,216,113,103
050,45,001,"South Carolina","Abbeville County",3,35,213,105,108
050,45,001,"South Carolina","Abbeville County",3,36,247,121,126
050,45,001,"South Carolina","Abbeville County",3,37,272,135,137
050,45,001,"South Carolina","Abbeville County",3,38,278,134,144
050,45,001,"South Carolina","Abbeville County",3,39,244,111,133
050,45,001,"South Carolina","Abbeville County",3,40,246,119,127
050,45,001,"South Carolina","Abbeville County",3,41,266,123,143
050,45,001,"South Carolina","Abbeville County",3,42,269,121,148
050,45,001,"South Carolina","Abbeville County",3,43,265,124,141
050,45,001,"South Carolina","Abbeville County",3,44,259,133,126
050,45,001,"South Carolina","Abbeville County",3,45,234,123,111
050,45,001,"South Carolina","Abbeville County",3,46,276,141,135
050,45,001,"South Carolina","Abbeville County",3,47,262,132,130
050,45,001,"South Carolina","Abbeville County",3,48,289,144,145
050,45,001,"South Carolina","Abbeville County",3,49,314,159,155
050,45,001,"South Carolina","Abbeville County",3,50,324,161,163
050,45,001,"South Carolina","Abbeville County",3,51,315,150,165
050,45,001,"South Carolina","Abbeville County",3,52,327,154,173
050,45,001,"South Carolina","Abbeville County",3,53,315,145,170
050,45,001,"South Carolina","Abbeville County",3,54,335,162,173
050,45,001,"South Carolina","Abbeville County",3,55,321,166,155
050,45,001,"South Carolina","Abbeville County",3,56,342,171,171
050,45,001,"South Carolina","Abbeville County",3,57,347,171,176
050,45,001,"South Carolina","Abbeville County",3,58,340,164,176
050,45,001,"South Carolina","Abbeville County",3,59,367,175,192
050,45,001,"South Carolina","Abbeville County",3,60,358,163,195
050,45,001,"South Carolina","Abbeville County",3,61,333,144,189
050,45,001,"South Carolina","Abbeville County",3,62,364,176,188
050,45,001,"South Carolina","Abbeville County",3,63,373,183,190
050,45,001,"South Carolina","Abbeville County",3,64,359,181,178
050,45,001,"South Carolina","Abbeville County",3,65,354,162,192
050,45,001,"South Carolina","Abbeville County",3,66,366,177,189
050,45,001,"South Carolina","Abbeville County",3,67,354,174,180
050,45,001,"South Carolina","Abbeville County",3,68,345,164,181
050,45,001,"South Carolina","Abbeville County",3,69,345,162,183
050,45,001,"South Carolina","Abbeville County",3,70,339,158,181
050,45,001,"South Carolina","Abbeville County",3,71,306,144,162
050,45,001,"South Carolina","Abbeville County",3,72,291,137,154
050,45,001,"South Carolina","Abbeville County",3,73,294,144,150
050,45,001,"South Carolina","Abbeville County",3,74,326,153,173
050,45,001,"South Carolina","Abbeville County",3,75,235,109,126
050,45,001,"South Carolina","Abbeville County",3,76,221,110,111
050,45,001,"South Carolina","Abbeville County",3,77,208,104,104
050,45,001,"South Carolina","Abbeville County",3,78,199,98,101
050,45,001,"South Carolina","Abbeville County",3,79,171,72,99
050,45,001,"South Carolina","Abbeville County",3,80,154,64,90
050,45,001,"South Carolina","Abbeville County",3,81,133,54,79
050,45,001,"South Carolina","Abbeville County",3,82,129,59,70
050,45,001,"South Carolina","Abbeville County",3,83,113,48,65
050,45,001,"South Carolina","Abbeville County",3,84,96,34,62
050,45,001,"South Carolina","Abbeville County",3,85,532,197,335
050,45,001,"South Carolina","Abbeville County",4,0,214,102,112
050,45,001,"South Carolina","Abbeville County",4,1,221,99,122
050,45,001,"South Carolina","Abbeville County",4,2,246,126,120
050,45,001,"South Carolina","Abbeville County",4,3,247,134,113
050,45,001,"South Carolina","Abbeville County",4,4,235,116,119
050,45,001,"South Carolina","Abbeville County",4,5,224,123,101
050,45,001,"South Carolina","Abbeville County",4,6,244,118,126
050,45,001,"South Carolina","Abbeville County",4,7,260,115,145
050,45,001,"South Carolina","Abbeville County",4,8,260,141,119
050,45,001,"South Carolina","Abbeville County",4,9,268,145,123
050,45,001,"South Carolina","Abbeville County",4,10,259,137,122
050,45,001,"South Carolina","Abbeville County",4,11,272,142,130
050,45,001,"South Carolina","Abbeville County",4,12,295,150,145
050,45,001,"South Carolina","Abbeville County",4,13,292,159,133
050,45,001,"South Carolina","Abbeville County",4,14,310,172,138
050,45,001,"South Carolina","Abbeville County",4,15,313,174,139
050,45,001,"South Carolina","Abbeville County",4,16,311,154,157
050,45,001,"South Carolina","Abbeville County",4,17,312,150,162
050,45,001,"South Carolina","Abbeville County",4,18,347,180,167
050,45,001,"South Carolina","Abbeville County",4,19,363,169,194
050,45,001,"South Carolina","Abbeville County",4,20,328,153,175
050,45,001,"South Carolina","Abbeville County",4,21,367,182,185
050,45,001,"South Carolina","Abbeville County",4,22,340,191,149
050,45,001,"South Carolina","Abbeville County",4,23,270,123,147
050,45,001,"South Carolina","Abbeville County",4,24,253,120,133
050,45,001,"South Carolina","Abbeville County",4,25,271,128,143
050,45,001,"South Carolina","Abbeville County",4,26,257,129,128
050,45,001,"South Carolina","Abbeville County",4,27,272,125,147
050,45,001,"South Carolina","Abbeville County",4,28,259,139,120
050,45,001,"South Carolina","Abbeville County",4,29,256,133,123
050,45,001,"South Carolina","Abbeville County",4,30,263,134,129
050,45,001,"South Carolina","Abbeville County",4,31,279,129,150
050,45,001,"South Carolina","Abbeville County",4,32,306,148,158
050,45,001,"South Carolina","Abbeville County",4,33,280,134,146
050,45,001,"South Carolina","Abbeville County",4,34,240,117,123
050,45,001,"South Carolina","Abbeville County",4,35,215,110,105
050,45,001,"South Carolina","Abbeville County",4,36,218,107,111
050,45,001,"South Carolina","Abbeville County",4,37,248,122,126
050,45,001,"South Carolina","Abbeville County",4,38,274,133,141
050,45,001,"South Carolina","Abbeville County",4,39,275,127,148
050,45,001,"South Carolina","Abbeville County",4,40,252,113,139
050,45,001,"South Carolina","Abbeville County",4,41,244,115,129
050,45,001,"South Carolina","Abbeville County",4,42,274,127,147
050,45,001,"South Carolina","Abbeville County",4,43,279,129,150
050,45,001,"South Carolina","Abbeville County",4,44,265,124,141
050,45,001,"South Carolina","Abbeville County",4,45,260,134,126
050,45,001,"South Carolina","Abbeville County",4,46,246,129,117
050,45,001,"South Carolina","Abbeville County",4,47,283,147,136
050,45,001,"South Carolina","Abbeville County",4,48,261,126,135
050,45,001,"South Carolina","Abbeville County",4,49,290,140,150
050,45,001,"South Carolina","Abbeville County",4,50,317,160,157
050,45,001,"South Carolina","Abbeville County",4,51,334,162,172
050,45,001,"South Carolina","Abbeville County",4,52,329,155,174
050,45,001,"South Carolina","Abbeville County",4,53,316,147,169
050,45,001,"South Carolina","Abbeville County",4,54,315,146,169
050,45,001,"South Carolina","Abbeville County",4,55,343,164,179
050,45,001,"South Carolina","Abbeville County",4,56,319,163,156
050,45,001,"South Carolina","Abbeville County",4,57,351,176,175
050,45,001,"South Carolina","Abbeville County",4,58,367,179,188
050,45,001,"South Carolina","Abbeville County",4,59,349,163,186
050,45,001,"South Carolina","Abbeville County",4,60,373,175,198
050,45,001,"South Carolina","Abbeville County",4,61,352,162,190
050,45,001,"South Carolina","Abbeville County",4,62,337,147,190
050,45,001,"South Carolina","Abbeville County",4,63,356,168,188
050,45,001,"South Carolina","Abbeville County",4,64,366,185,181
050,45,001,"South Carolina","Abbeville County",4,65,370,184,186
050,45,001,"South Carolina","Abbeville County",4,66,352,158,194
050,45,001,"South Carolina","Abbeville County",4,67,360,171,189
050,45,001,"South Carolina","Abbeville County",4,68,352,171,181
050,45,001,"South Carolina","Abbeville County",4,69,334,156,178
050,45,001,"South Carolina","Abbeville County",4,70,341,162,179
050,45,001,"South Carolina","Abbeville County",4,71,331,153,178
050,45,001,"South Carolina","Abbeville County",4,72,298,137,161
050,45,001,"South Carolina","Abbeville County",4,73,289,133,156
050,45,001,"South Carolina","Abbeville County",4,74,279,141,138
050,45,001,"South Carolina","Abbeville County",4,75,313,143,170
050,45,001,"South Carolina","Abbeville County",4,76,218,105,113
050,45,001,"South Carolina","Abbeville County",4,77,212,107,105
050,45,001,"South Carolina","Abbeville County",4,78,198,100,98
050,45,001,"South Carolina","Abbeville County",4,79,174,81,93
050,45,001,"South Carolina","Abbeville County",4,80,155,65,90
050,45,001,"South Carolina","Abbeville County",4,81,152,61,91
050,45,001,"South Carolina","Abbeville County",4,82,125,51,74
050,45,001,"South Carolina","Abbeville County",4,83,125,55,70
050,45,001,"South Carolina","Abbeville County",4,84,97,43,54
050,45,001,"South Carolina","Abbeville County",4,85,521,189,332
050,45,001,"South Carolina","Abbeville County",5,0,210,100,110
050,45,001,"South Carolina","Abbeville County",5,1,222,101,121
050,45,001,"South Carolina","Abbeville County",5,2,228,106,122
050,45,001,"South Carolina","Abbeville County",5,3,256,136,120
050,45,001,"South Carolina","Abbeville County",5,4,259,133,126
050,45,001,"South Carolina","Abbeville County",5,5,240,118,122
050,45,001,"South Carolina","Abbeville County",5,6,231,126,105
050,45,001,"South Carolina","Abbeville County",5,7,238,116,122
050,45,001,"South Carolina","Abbeville County",5,8,263,120,143
050,45,001,"South Carolina","Abbeville County",5,9,255,134,121
050,45,001,"South Carolina","Abbeville County",5,10,279,151,128
050,45,001,"South Carolina","Abbeville County",5,11,270,144,126
050,45,001,"South Carolina","Abbeville County",5,12,274,142,132
050,45,001,"South Carolina","Abbeville County",5,13,294,149,145
050,45,001,"South Carolina","Abbeville County",5,14,313,165,148
050,45,001,"South Carolina","Abbeville County",5,15,311,170,141
050,45,001,"South Carolina","Abbeville County",5,16,326,180,146
050,45,001,"South Carolina","Abbeville County",5,17,315,160,155
050,45,001,"South Carolina","Abbeville County",5,18,347,173,174
050,45,001,"South Carolina","Abbeville County",5,19,372,178,194
050,45,001,"South Carolina","Abbeville County",5,20,321,149,172
050,45,001,"South Carolina","Abbeville County",5,21,354,160,194
050,45,001,"South Carolina","Abbeville County",5,22,323,174,149
050,45,001,"South Carolina","Abbeville County",5,23,285,165,120
050,45,001,"South Carolina","Abbeville County",5,24,282,124,158
050,45,001,"South Carolina","Abbeville County",5,25,269,126,143
050,45,001,"South Carolina","Abbeville County",5,26,273,124,149
050,45,001,"South Carolina","Abbeville County",5,27,270,140,130
050,45,001,"South Carolina","Abbeville County",5,28,256,123,133
050,45,001,"South Carolina","Abbeville County",5,29,255,136,119
050,45,001,"South Carolina","Abbeville County",5,30,257,129,128
050,45,001,"South Carolina","Abbeville County",5,31,269,130,139
050,45,001,"South Carolina","Abbeville County",5,32,286,131,155
050,45,001,"South Carolina","Abbeville County",5,33,294,139,155
050,45,001,"South Carolina","Abbeville County",5,34,287,133,154
050,45,001,"South Carolina","Abbeville County",5,35,242,117,125
050,45,001,"South Carolina","Abbeville County",5,36,221,110,111
050,45,001,"South Carolina","Abbeville County",5,37,234,120,114
050,45,001,"South Carolina","Abbeville County",5,38,254,126,128
050,45,001,"South Carolina","Abbeville County",5,39,277,129,148
050,45,001,"South Carolina","Abbeville County",5,40,279,134,145
050,45,001,"South Carolina","Abbeville County",5,41,252,108,144
050,45,001,"South Carolina","Abbeville County",5,42,258,121,137
050,45,001,"South Carolina","Abbeville County",5,43,267,121,146
050,45,001,"South Carolina","Abbeville County",5,44,282,132,150
050,45,001,"South Carolina","Abbeville County",5,45,271,123,148
050,45,001,"South Carolina","Abbeville County",5,46,265,137,128
050,45,001,"South Carolina","Abbeville County",5,47,250,130,120
050,45,001,"South Carolina","Abbeville County",5,48,274,137,137
050,45,001,"South Carolina","Abbeville County",5,49,262,118,144
050,45,001,"South Carolina","Abbeville County",5,50,293,143,150
050,45,001,"South Carolina","Abbeville County",5,51,314,155,159
050,45,001,"South Carolina","Abbeville County",5,52,342,171,171
050,45,001,"South Carolina","Abbeville County",5,53,341,165,176
050,45,001,"South Carolina","Abbeville County",5,54,310,145,165
050,45,001,"South Carolina","Abbeville County",5,55,317,147,170
050,45,001,"South Carolina","Abbeville County",5,56,341,164,177
050,45,001,"South Carolina","Abbeville County",5,57,328,169,159
050,45,001,"South Carolina","Abbeville County",5,58,351,173,178
050,45,001,"South Carolina","Abbeville County",5,59,368,183,185
050,45,001,"South Carolina","Abbeville County",5,60,353,161,192
050,45,001,"South Carolina","Abbeville County",5,61,376,175,201
050,45,001,"South Carolina","Abbeville County",5,62,347,160,187
050,45,001,"South Carolina","Abbeville County",5,63,338,151,187
050,45,001,"South Carolina","Abbeville County",5,64,352,164,188
050,45,001,"South Carolina","Abbeville County",5,65,359,181,178
050,45,001,"South Carolina","Abbeville County",5,66,370,184,186
050,45,001,"South Carolina","Abbeville County",5,67,347,154,193
050,45,001,"South Carolina","Abbeville County",5,68,351,166,185
050,45,001,"South Carolina","Abbeville County",5,69,343,166,177
050,45,001,"South Carolina","Abbeville County",5,70,337,161,176
050,45,001,"South Carolina","Abbeville County",5,71,329,153,176
050,45,001,"South Carolina","Abbeville County",5,72,321,144,177
050,45,001,"South Carolina","Abbeville County",5,73,300,138,162
050,45,001,"South Carolina","Abbeville County",5,74,267,122,145
050,45,001,"South Carolina","Abbeville County",5,75,263,133,130
050,45,001,"South Carolina","Abbeville County",5,76,298,138,160
050,45,001,"South Carolina","Abbeville County",5,77,208,96,112
050,45,001,"South Carolina","Abbeville County",5,78,202,100,102
050,45,001,"South Carolina","Abbeville County",5,79,182,88,94
050,45,001,"South Carolina","Abbeville County",5,80,164,77,87
050,45,001,"South Carolina","Abbeville County",5,81,150,64,86
050,45,001,"South Carolina","Abbeville County",5,82,150,60,90
050,45,001,"South Carolina","Abbeville County",5,83,123,50,73
050,45,001,"South Carolina","Abbeville County",5,84,108,47,61
050,45,001,"South Carolina","Abbeville County",5,85,519,195,324
050,45,003,"South Carolina","Aiken County",1,0,1785,909,876
050,45,003,"South Carolina","Aiken County",1,1,1793,893,900
050,45,003,"South Carolina","Aiken County",1,2,1863,962,901
050,45,003,"South Carolina","Aiken County",1,3,1965,978,987
050,45,003,"South Carolina","Aiken County",1,4,2020,992,1028
050,45,003,"South Carolina","Aiken County",1,5,1996,985,1011
050,45,003,"South Carolina","Aiken County",1,6,1920,945,975
050,45,003,"South Carolina","Aiken County",1,7,1883,932,951
050,45,003,"South Carolina","Aiken County",1,8,1966,1015,951
050,45,003,"South Carolina","Aiken County",1,9,2000,1057,943
050,45,003,"South Carolina","Aiken County",1,10,2074,1076,998
050,45,003,"South Carolina","Aiken County",1,11,2135,1106,1029
050,45,003,"South Carolina","Aiken County",1,12,2282,1162,1120
050,45,003,"South Carolina","Aiken County",1,13,2267,1191,1076
050,45,003,"South Carolina","Aiken County",1,14,2163,1110,1053
050,45,003,"South Carolina","Aiken County",1,15,2196,1099,1097
050,45,003,"South Carolina","Aiken County",1,16,2150,1080,1070
050,45,003,"South Carolina","Aiken County",1,17,2093,1065,1028
050,45,003,"South Carolina","Aiken County",1,18,1953,1024,929
050,45,003,"South Carolina","Aiken County",1,19,1854,915,939
050,45,003,"South Carolina","Aiken County",1,20,1818,898,920
050,45,003,"South Carolina","Aiken County",1,21,1771,851,920
050,45,003,"South Carolina","Aiken County",1,22,1833,903,930
050,45,003,"South Carolina","Aiken County",1,23,1895,932,963
050,45,003,"South Carolina","Aiken County",1,24,1904,964,940
050,45,003,"South Carolina","Aiken County",1,25,1950,1002,948
050,45,003,"South Carolina","Aiken County",1,26,2052,1031,1021
050,45,003,"South Carolina","Aiken County",1,27,2094,1045,1049
050,45,003,"South Carolina","Aiken County",1,28,2242,1102,1140
050,45,003,"South Carolina","Aiken County",1,29,2199,1064,1135
050,45,003,"South Carolina","Aiken County",1,30,2243,1092,1151
050,45,003,"South Carolina","Aiken County",1,31,2181,1049,1132
050,45,003,"South Carolina","Aiken County",1,32,2185,1036,1149
050,45,003,"South Carolina","Aiken County",1,33,2039,997,1042
050,45,003,"South Carolina","Aiken County",1,34,2066,1013,1053
050,45,003,"South Carolina","Aiken County",1,35,2039,1009,1030
050,45,003,"South Carolina","Aiken County",1,36,2048,973,1075
050,45,003,"South Carolina","Aiken County",1,37,2069,1010,1059
050,45,003,"South Carolina","Aiken County",1,38,2061,1007,1054
050,45,003,"South Carolina","Aiken County",1,39,2033,981,1052
050,45,003,"South Carolina","Aiken County",1,40,2023,965,1058
050,45,003,"South Carolina","Aiken County",1,41,1984,996,988
050,45,003,"South Carolina","Aiken County",1,42,1937,982,955
050,45,003,"South Carolina","Aiken County",1,43,1835,914,921
050,45,003,"South Carolina","Aiken County",1,44,1855,872,983
050,45,003,"South Carolina","Aiken County",1,45,1914,922,992
050,45,003,"South Carolina","Aiken County",1,46,1869,920,949
050,45,003,"South Carolina","Aiken County",1,47,1937,932,1005
050,45,003,"South Carolina","Aiken County",1,48,2022,974,1048
050,45,003,"South Carolina","Aiken County",1,49,2144,1057,1087
050,45,003,"South Carolina","Aiken County",1,50,2136,1030,1106
050,45,003,"South Carolina","Aiken County",1,51,2074,1023,1051
050,45,003,"South Carolina","Aiken County",1,52,2095,994,1101
050,45,003,"South Carolina","Aiken County",1,53,2129,1013,1116
050,45,003,"South Carolina","Aiken County",1,54,2233,1087,1146
050,45,003,"South Carolina","Aiken County",1,55,2382,1138,1244
050,45,003,"South Carolina","Aiken County",1,56,2381,1193,1188
050,45,003,"South Carolina","Aiken County",1,57,2388,1181,1207
050,45,003,"South Carolina","Aiken County",1,58,2473,1209,1264
050,45,003,"South Carolina","Aiken County",1,59,2447,1203,1244
050,45,003,"South Carolina","Aiken County",1,60,2442,1182,1260
050,45,003,"South Carolina","Aiken County",1,61,2344,1163,1181
050,45,003,"South Carolina","Aiken County",1,62,2415,1178,1237
050,45,003,"South Carolina","Aiken County",1,63,2385,1159,1226
050,45,003,"South Carolina","Aiken County",1,64,2394,1140,1254
050,45,003,"South Carolina","Aiken County",1,65,2315,1071,1244
050,45,003,"South Carolina","Aiken County",1,66,2275,1034,1241
050,45,003,"South Carolina","Aiken County",1,67,2146,978,1168
050,45,003,"South Carolina","Aiken County",1,68,2091,957,1134
050,45,003,"South Carolina","Aiken County",1,69,2002,903,1099
050,45,003,"South Carolina","Aiken County",1,70,1953,894,1059
050,45,003,"South Carolina","Aiken County",1,71,1957,897,1060
050,45,003,"South Carolina","Aiken County",1,72,1971,947,1024
050,45,003,"South Carolina","Aiken County",1,73,1986,952,1034
050,45,003,"South Carolina","Aiken County",1,74,1444,676,768
050,45,003,"South Carolina","Aiken County",1,75,1435,677,758
050,45,003,"South Carolina","Aiken County",1,76,1418,644,774
050,45,003,"South Carolina","Aiken County",1,77,1376,631,745
050,45,003,"South Carolina","Aiken County",1,78,1134,536,598
050,45,003,"South Carolina","Aiken County",1,79,1026,490,536
050,45,003,"South Carolina","Aiken County",1,80,892,421,471
050,45,003,"South Carolina","Aiken County",1,81,802,357,445
050,45,003,"South Carolina","Aiken County",1,82,733,310,423
050,45,003,"South Carolina","Aiken County",1,83,648,266,382
050,45,003,"South Carolina","Aiken County",1,84,615,258,357
050,45,003,"South Carolina","Aiken County",1,85,3269,1108,2161
050,45,003,"South Carolina","Aiken County",2,0,1770,879,891
050,45,003,"South Carolina","Aiken County",2,1,1788,896,892
050,45,003,"South Carolina","Aiken County",2,2,1855,946,909
050,45,003,"South Carolina","Aiken County",2,3,1931,966,965
050,45,003,"South Carolina","Aiken County",2,4,2009,988,1021
050,45,003,"South Carolina","Aiken County",2,5,2005,988,1017
050,45,003,"South Carolina","Aiken County",2,6,1946,957,989
050,45,003,"South Carolina","Aiken County",2,7,1897,936,961
050,45,003,"South Carolina","Aiken County",2,8,1946,997,949
050,45,003,"South Carolina","Aiken County",2,9,1994,1047,947
050,45,003,"South Carolina","Aiken County",2,10,2061,1072,989
050,45,003,"South Carolina","Aiken County",2,11,2124,1101,1023
050,45,003,"South Carolina","Aiken County",2,12,2261,1153,1108
050,45,003,"South Carolina","Aiken County",2,13,2274,1188,1086
050,45,003,"South Carolina","Aiken County",2,14,2195,1131,1064
050,45,003,"South Carolina","Aiken County",2,15,2195,1105,1090
050,45,003,"South Carolina","Aiken County",2,16,2167,1089,1078
050,45,003,"South Carolina","Aiken County",2,17,2106,1068,1038
050,45,003,"South Carolina","Aiken County",2,18,1938,1004,934
050,45,003,"South Carolina","Aiken County",2,19,1851,918,933
050,45,003,"South Carolina","Aiken County",2,20,1840,905,935
050,45,003,"South Carolina","Aiken County",2,21,1801,869,932
050,45,003,"South Carolina","Aiken County",2,22,1842,906,936
050,45,003,"South Carolina","Aiken County",2,23,1912,943,969
050,45,003,"South Carolina","Aiken County",2,24,1911,963,948
050,45,003,"South Carolina","Aiken County",2,25,1950,997,953
050,45,003,"South Carolina","Aiken County",2,26,2043,1028,1015
050,45,003,"South Carolina","Aiken County",2,27,2100,1049,1051
050,45,003,"South Carolina","Aiken County",2,28,2221,1094,1127
050,45,003,"South Carolina","Aiken County",2,29,2213,1070,1143
050,45,003,"South Carolina","Aiken County",2,30,2247,1088,1159
050,45,003,"South Carolina","Aiken County",2,31,2192,1055,1137
050,45,003,"South Carolina","Aiken County",2,32,2176,1041,1135
050,45,003,"South Carolina","Aiken County",2,33,2070,1005,1065
050,45,003,"South Carolina","Aiken County",2,34,2057,1010,1047
050,45,003,"South Carolina","Aiken County",2,35,2062,1021,1041
050,45,003,"South Carolina","Aiken County",2,36,2037,974,1063
050,45,003,"South Carolina","Aiken County",2,37,2069,1004,1065
050,45,003,"South Carolina","Aiken County",2,38,2071,1008,1063
050,45,003,"South Carolina","Aiken County",2,39,2028,981,1047
050,45,003,"South Carolina","Aiken County",2,40,2036,972,1064
050,45,003,"South Carolina","Aiken County",2,41,1999,991,1008
050,45,003,"South Carolina","Aiken County",2,42,1943,983,960
050,45,003,"South Carolina","Aiken County",2,43,1883,939,944
050,45,003,"South Carolina","Aiken County",2,44,1835,877,958
050,45,003,"South Carolina","Aiken County",2,45,1914,918,996
050,45,003,"South Carolina","Aiken County",2,46,1876,916,960
050,45,003,"South Carolina","Aiken County",2,47,1920,930,990
050,45,003,"South Carolina","Aiken County",2,48,1995,961,1034
050,45,003,"South Carolina","Aiken County",2,49,2128,1042,1086
050,45,003,"South Carolina","Aiken County",2,50,2147,1038,1109
050,45,003,"South Carolina","Aiken County",2,51,2078,1019,1059
050,45,003,"South Carolina","Aiken County",2,52,2086,999,1087
050,45,003,"South Carolina","Aiken County",2,53,2122,1007,1115
050,45,003,"South Carolina","Aiken County",2,54,2206,1067,1139
050,45,003,"South Carolina","Aiken County",2,55,2353,1129,1224
050,45,003,"South Carolina","Aiken County",2,56,2395,1185,1210
050,45,003,"South Carolina","Aiken County",2,57,2403,1191,1212
050,45,003,"South Carolina","Aiken County",2,58,2460,1205,1255
050,45,003,"South Carolina","Aiken County",2,59,2464,1209,1255
050,45,003,"South Carolina","Aiken County",2,60,2438,1188,1250
050,45,003,"South Carolina","Aiken County",2,61,2361,1167,1194
050,45,003,"South Carolina","Aiken County",2,62,2385,1170,1215
050,45,003,"South Carolina","Aiken County",2,63,2413,1172,1241
050,45,003,"South Carolina","Aiken County",2,64,2386,1141,1245
050,45,003,"South Carolina","Aiken County",2,65,2344,1092,1252
050,45,003,"South Carolina","Aiken County",2,66,2296,1049,1247
050,45,003,"South Carolina","Aiken County",2,67,2176,993,1183
050,45,003,"South Carolina","Aiken County",2,68,2084,948,1136
050,45,003,"South Carolina","Aiken County",2,69,2037,917,1120
050,45,003,"South Carolina","Aiken County",2,70,1957,893,1064
050,45,003,"South Carolina","Aiken County",2,71,1955,893,1062
050,45,003,"South Carolina","Aiken County",2,72,1931,918,1013
050,45,003,"South Carolina","Aiken County",2,73,2072,992,1080
050,45,003,"South Carolina","Aiken County",2,74,1473,689,784
050,45,003,"South Carolina","Aiken County",2,75,1429,671,758
050,45,003,"South Carolina","Aiken County",2,76,1400,639,761
050,45,003,"South Carolina","Aiken County",2,77,1414,646,768
050,45,003,"South Carolina","Aiken County",2,78,1169,544,625
050,45,003,"South Carolina","Aiken County",2,79,1028,487,541
050,45,003,"South Carolina","Aiken County",2,80,919,442,477
050,45,003,"South Carolina","Aiken County",2,81,807,364,443
050,45,003,"South Carolina","Aiken County",2,82,739,313,426
050,45,003,"South Carolina","Aiken County",2,83,665,275,390
050,45,003,"South Carolina","Aiken County",2,84,609,256,353
050,45,003,"South Carolina","Aiken County",2,85,3283,1126,2157
050,45,003,"South Carolina","Aiken County",3,0,1838,921,917
050,45,003,"South Carolina","Aiken County",3,1,1780,908,872
050,45,003,"South Carolina","Aiken County",3,2,1832,904,928
050,45,003,"South Carolina","Aiken County",3,3,1897,971,926
050,45,003,"South Carolina","Aiken County",3,4,1974,991,983
050,45,003,"South Carolina","Aiken County",3,5,2037,1000,1037
050,45,003,"South Carolina","Aiken County",3,6,2019,1003,1016
050,45,003,"South Carolina","Aiken County",3,7,1980,979,1001
050,45,003,"South Carolina","Aiken County",3,8,1920,958,962
050,45,003,"South Carolina","Aiken County",3,9,1969,1001,968
050,45,003,"South Carolina","Aiken County",3,10,2021,1069,952
050,45,003,"South Carolina","Aiken County",3,11,2096,1096,1000
050,45,003,"South Carolina","Aiken County",3,12,2165,1111,1054
050,45,003,"South Carolina","Aiken County",3,13,2279,1162,1117
050,45,003,"South Carolina","Aiken County",3,14,2310,1190,1120
050,45,003,"South Carolina","Aiken County",3,15,2205,1131,1074
050,45,003,"South Carolina","Aiken County",3,16,2214,1112,1102
050,45,003,"South Carolina","Aiken County",3,17,2178,1085,1093
050,45,003,"South Carolina","Aiken County",3,18,1936,987,949
050,45,003,"South Carolina","Aiken County",3,19,1816,912,904
050,45,003,"South Carolina","Aiken County",3,20,1875,943,932
050,45,003,"South Carolina","Aiken County",3,21,1904,938,966
050,45,003,"South Carolina","Aiken County",3,22,1859,885,974
050,45,003,"South Carolina","Aiken County",3,23,1907,955,952
050,45,003,"South Carolina","Aiken County",3,24,2020,1006,1014
050,45,003,"South Carolina","Aiken County",3,25,1994,993,1001
050,45,003,"South Carolina","Aiken County",3,26,1983,1010,973
050,45,003,"South Carolina","Aiken County",3,27,2058,1038,1020
050,45,003,"South Carolina","Aiken County",3,28,2161,1093,1068
050,45,003,"South Carolina","Aiken County",3,29,2234,1096,1138
050,45,003,"South Carolina","Aiken County",3,30,2274,1107,1167
050,45,003,"South Carolina","Aiken County",3,31,2293,1115,1178
050,45,003,"South Carolina","Aiken County",3,32,2255,1097,1158
050,45,003,"South Carolina","Aiken County",3,33,2218,1031,1187
050,45,003,"South Carolina","Aiken County",3,34,2099,1006,1093
050,45,003,"South Carolina","Aiken County",3,35,2123,1048,1075
050,45,003,"South Carolina","Aiken County",3,36,2083,1011,1072
050,45,003,"South Carolina","Aiken County",3,37,2062,1015,1047
050,45,003,"South Carolina","Aiken County",3,38,2087,1016,1071
050,45,003,"South Carolina","Aiken County",3,39,2111,1026,1085
050,45,003,"South Carolina","Aiken County",3,40,2034,969,1065
050,45,003,"South Carolina","Aiken County",3,41,2031,970,1061
050,45,003,"South Carolina","Aiken County",3,42,2031,1003,1028
050,45,003,"South Carolina","Aiken County",3,43,1973,1005,968
050,45,003,"South Carolina","Aiken County",3,44,1883,925,958
050,45,003,"South Carolina","Aiken County",3,45,1826,869,957
050,45,003,"South Carolina","Aiken County",3,46,1920,898,1022
050,45,003,"South Carolina","Aiken County",3,47,1901,941,960
050,45,003,"South Carolina","Aiken County",3,48,1926,940,986
050,45,003,"South Carolina","Aiken County",3,49,1992,953,1039
050,45,003,"South Carolina","Aiken County",3,50,2149,1041,1108
050,45,003,"South Carolina","Aiken County",3,51,2191,1060,1131
050,45,003,"South Carolina","Aiken County",3,52,2098,1026,1072
050,45,003,"South Carolina","Aiken County",3,53,2087,1011,1076
050,45,003,"South Carolina","Aiken County",3,54,2145,1011,1134
050,45,003,"South Carolina","Aiken County",3,55,2224,1090,1134
050,45,003,"South Carolina","Aiken County",3,56,2379,1130,1249
050,45,003,"South Carolina","Aiken County",3,57,2399,1185,1214
050,45,003,"South Carolina","Aiken County",3,58,2440,1201,1239
050,45,003,"South Carolina","Aiken County",3,59,2464,1200,1264
050,45,003,"South Carolina","Aiken County",3,60,2486,1207,1279
050,45,003,"South Carolina","Aiken County",3,61,2414,1173,1241
050,45,003,"South Carolina","Aiken County",3,62,2348,1142,1206
050,45,003,"South Carolina","Aiken County",3,63,2429,1188,1241
050,45,003,"South Carolina","Aiken County",3,64,2437,1176,1261
050,45,003,"South Carolina","Aiken County",3,65,2374,1115,1259
050,45,003,"South Carolina","Aiken County",3,66,2335,1073,1262
050,45,003,"South Carolina","Aiken County",3,67,2317,1060,1257
050,45,003,"South Carolina","Aiken County",3,68,2163,973,1190
050,45,003,"South Carolina","Aiken County",3,69,2079,948,1131
050,45,003,"South Carolina","Aiken County",3,70,2046,923,1123
050,45,003,"South Carolina","Aiken County",3,71,1927,873,1054
050,45,003,"South Carolina","Aiken County",3,72,1915,868,1047
050,45,003,"South Carolina","Aiken County",3,73,1899,893,1006
050,45,003,"South Carolina","Aiken County",3,74,2039,977,1062
050,45,003,"South Carolina","Aiken County",3,75,1437,677,760
050,45,003,"South Carolina","Aiken County",3,76,1379,648,731
050,45,003,"South Carolina","Aiken County",3,77,1361,607,754
050,45,003,"South Carolina","Aiken County",3,78,1340,601,739
050,45,003,"South Carolina","Aiken County",3,79,1107,516,591
050,45,003,"South Carolina","Aiken County",3,80,985,464,521
050,45,003,"South Carolina","Aiken County",3,81,860,408,452
050,45,003,"South Carolina","Aiken County",3,82,753,341,412
050,45,003,"South Carolina","Aiken County",3,83,716,296,420
050,45,003,"South Carolina","Aiken County",3,84,591,243,348
050,45,003,"South Carolina","Aiken County",3,85,3351,1167,2184
050,45,003,"South Carolina","Aiken County",4,0,2147,1053,1094
050,45,003,"South Carolina","Aiken County",4,1,1900,951,949
050,45,003,"South Carolina","Aiken County",4,2,1863,930,933
050,45,003,"South Carolina","Aiken County",4,3,1898,940,958
050,45,003,"South Carolina","Aiken County",4,4,1944,991,953
050,45,003,"South Carolina","Aiken County",4,5,1999,998,1001
050,45,003,"South Carolina","Aiken County",4,6,2083,1036,1047
050,45,003,"South Carolina","Aiken County",4,7,2039,1013,1026
050,45,003,"South Carolina","Aiken County",4,8,2046,1027,1019
050,45,003,"South Carolina","Aiken County",4,9,1958,972,986
050,45,003,"South Carolina","Aiken County",4,10,2012,1028,984
050,45,003,"South Carolina","Aiken County",4,11,2055,1076,979
050,45,003,"South Carolina","Aiken County",4,12,2165,1134,1031
050,45,003,"South Carolina","Aiken County",4,13,2211,1149,1062
050,45,003,"South Carolina","Aiken County",4,14,2315,1171,1144
050,45,003,"South Carolina","Aiken County",4,15,2365,1210,1155
050,45,003,"South Carolina","Aiken County",4,16,2228,1124,1104
050,45,003,"South Carolina","Aiken County",4,17,2225,1138,1087
050,45,003,"South Carolina","Aiken County",4,18,1974,1005,969
050,45,003,"South Carolina","Aiken County",4,19,1780,888,892
050,45,003,"South Carolina","Aiken County",4,20,1757,894,863
050,45,003,"South Carolina","Aiken County",4,21,1931,949,982
050,45,003,"South Carolina","Aiken County",4,22,1952,970,982
050,45,003,"South Carolina","Aiken County",4,23,1919,915,1004
050,45,003,"South Carolina","Aiken County",4,24,1960,991,969
050,45,003,"South Carolina","Aiken County",4,25,2059,1034,1025
050,45,003,"South Carolina","Aiken County",4,26,2041,1031,1010
050,45,003,"South Carolina","Aiken County",4,27,2007,1023,984
050,45,003,"South Carolina","Aiken County",4,28,2138,1069,1069
050,45,003,"South Carolina","Aiken County",4,29,2175,1091,1084
050,45,003,"South Carolina","Aiken County",4,30,2314,1136,1178
050,45,003,"South Carolina","Aiken County",4,31,2353,1127,1226
050,45,003,"South Carolina","Aiken County",4,32,2346,1149,1197
050,45,003,"South Carolina","Aiken County",4,33,2317,1095,1222
050,45,003,"South Carolina","Aiken County",4,34,2276,1041,1235
050,45,003,"South Carolina","Aiken County",4,35,2119,1002,1117
050,45,003,"South Carolina","Aiken County",4,36,2173,1066,1107
050,45,003,"South Carolina","Aiken County",4,37,2131,1034,1097
050,45,003,"South Carolina","Aiken County",4,38,2096,1046,1050
050,45,003,"South Carolina","Aiken County",4,39,2094,1005,1089
050,45,003,"South Carolina","Aiken County",4,40,2117,1021,1096
050,45,003,"South Carolina","Aiken County",4,41,2124,1011,1113
050,45,003,"South Carolina","Aiken County",4,42,2063,984,1079
050,45,003,"South Carolina","Aiken County",4,43,2066,1009,1057
050,45,003,"South Carolina","Aiken County",4,44,1965,1007,958
050,45,003,"South Carolina","Aiken County",4,45,1873,912,961
050,45,003,"South Carolina","Aiken County",4,46,1871,877,994
050,45,003,"South Carolina","Aiken County",4,47,1949,927,1022
050,45,003,"South Carolina","Aiken County",4,48,1915,935,980
050,45,003,"South Carolina","Aiken County",4,49,1943,960,983
050,45,003,"South Carolina","Aiken County",4,50,2028,964,1064
050,45,003,"South Carolina","Aiken County",4,51,2194,1051,1143
050,45,003,"South Carolina","Aiken County",4,52,2211,1065,1146
050,45,003,"South Carolina","Aiken County",4,53,2111,1028,1083
050,45,003,"South Carolina","Aiken County",4,54,2108,1009,1099
050,45,003,"South Carolina","Aiken County",4,55,2155,1021,1134
050,45,003,"South Carolina","Aiken County",4,56,2263,1102,1161
050,45,003,"South Carolina","Aiken County",4,57,2396,1139,1257
050,45,003,"South Carolina","Aiken County",4,58,2423,1187,1236
050,45,003,"South Carolina","Aiken County",4,59,2461,1217,1244
050,45,003,"South Carolina","Aiken County",4,60,2505,1227,1278
050,45,003,"South Carolina","Aiken County",4,61,2525,1214,1311
050,45,003,"South Carolina","Aiken County",4,62,2442,1166,1276
050,45,003,"South Carolina","Aiken County",4,63,2369,1129,1240
050,45,003,"South Carolina","Aiken County",4,64,2450,1199,1251
050,45,003,"South Carolina","Aiken County",4,65,2464,1194,1270
050,45,003,"South Carolina","Aiken County",4,66,2388,1124,1264
050,45,003,"South Carolina","Aiken County",4,67,2373,1096,1277
050,45,003,"South Carolina","Aiken County",4,68,2315,1048,1267
050,45,003,"South Carolina","Aiken County",4,69,2154,966,1188
050,45,003,"South Carolina","Aiken County",4,70,2040,937,1103
050,45,003,"South Carolina","Aiken County",4,71,2018,900,1118
050,45,003,"South Carolina","Aiken County",4,72,1901,864,1037
050,45,003,"South Carolina","Aiken County",4,73,1894,853,1041
050,45,003,"South Carolina","Aiken County",4,74,1881,878,1003
050,45,003,"South Carolina","Aiken County",4,75,1995,951,1044
050,45,003,"South Carolina","Aiken County",4,76,1390,662,728
050,45,003,"South Carolina","Aiken County",4,77,1338,616,722
050,45,003,"South Carolina","Aiken County",4,78,1296,571,725
050,45,003,"South Carolina","Aiken County",4,79,1281,572,709
050,45,003,"South Carolina","Aiken County",4,80,1084,507,577
050,45,003,"South Carolina","Aiken County",4,81,927,438,489
050,45,003,"South Carolina","Aiken County",4,82,791,384,407
050,45,003,"South Carolina","Aiken County",4,83,724,315,409
050,45,003,"South Carolina","Aiken County",4,84,640,258,382
050,45,003,"South Carolina","Aiken County",4,85,3442,1194,2248
050,45,003,"South Carolina","Aiken County",5,0,2253,1109,1144
050,45,003,"South Carolina","Aiken County",5,1,2179,1079,1100
050,45,003,"South Carolina","Aiken County",5,2,1930,957,973
050,45,003,"South Carolina","Aiken County",5,3,1907,958,949
050,45,003,"South Carolina","Aiken County",5,4,1921,953,968
050,45,003,"South Carolina","Aiken County",5,5,1999,1025,974
050,45,003,"South Carolina","Aiken County",5,6,2039,1040,999
050,45,003,"South Carolina","Aiken County",5,7,2130,1066,1064
050,45,003,"South Carolina","Aiken County",5,8,2093,1030,1063
050,45,003,"South Carolina","Aiken County",5,9,2100,1055,1045
050,45,003,"South Carolina","Aiken County",5,10,1987,983,1004
050,45,003,"South Carolina","Aiken County",5,11,2046,1056,990
050,45,003,"South Carolina","Aiken County",5,12,2095,1105,990
050,45,003,"South Carolina","Aiken County",5,13,2188,1165,1023
050,45,003,"South Carolina","Aiken County",5,14,2251,1165,1086
050,45,003,"South Carolina","Aiken County",5,15,2363,1195,1168
050,45,003,"South Carolina","Aiken County",5,16,2372,1213,1159
050,45,003,"South Carolina","Aiken County",5,17,2251,1143,1108
050,45,003,"South Carolina","Aiken County",5,18,2030,1039,991
050,45,003,"South Carolina","Aiken County",5,19,1814,895,919
050,45,003,"South Carolina","Aiken County",5,20,1785,902,883
050,45,003,"South Carolina","Aiken County",5,21,1849,937,912
050,45,003,"South Carolina","Aiken County",5,22,1978,962,1016
050,45,003,"South Carolina","Aiken County",5,23,2002,985,1017
050,45,003,"South Carolina","Aiken County",5,24,1951,959,992
050,45,003,"South Carolina","Aiken County",5,25,2026,1032,994
050,45,003,"South Carolina","Aiken County",5,26,2105,1062,1043
050,45,003,"South Carolina","Aiken County",5,27,2068,1061,1007
050,45,003,"South Carolina","Aiken County",5,28,2070,1062,1008
050,45,003,"South Carolina","Aiken County",5,29,2121,1082,1039
050,45,003,"South Carolina","Aiken County",5,30,2230,1106,1124
050,45,003,"South Carolina","Aiken County",5,31,2349,1151,1198
050,45,003,"South Carolina","Aiken County",5,32,2376,1131,1245
050,45,003,"South Carolina","Aiken County",5,33,2374,1126,1248
050,45,003,"South Carolina","Aiken County",5,34,2368,1120,1248
050,45,003,"South Carolina","Aiken County",5,35,2317,1078,1239
050,45,003,"South Carolina","Aiken County",5,36,2200,1022,1178
050,45,003,"South Carolina","Aiken County",5,37,2221,1091,1130
050,45,003,"South Carolina","Aiken County",5,38,2145,1036,1109
050,45,003,"South Carolina","Aiken County",5,39,2146,1069,1077
050,45,003,"South Carolina","Aiken County",5,40,2114,1001,1113
050,45,003,"South Carolina","Aiken County",5,41,2173,1048,1125
050,45,003,"South Carolina","Aiken County",5,42,2148,1022,1126
050,45,003,"South Carolina","Aiken County",5,43,2081,987,1094
050,45,003,"South Carolina","Aiken County",5,44,2082,1041,1041
050,45,003,"South Carolina","Aiken County",5,45,1983,1020,963
050,45,003,"South Carolina","Aiken County",5,46,1897,927,970
050,45,003,"South Carolina","Aiken County",5,47,1902,885,1017
050,45,003,"South Carolina","Aiken County",5,48,1945,926,1019
050,45,003,"South Carolina","Aiken County",5,49,1947,948,999
050,45,003,"South Carolina","Aiken County",5,50,1974,976,998
050,45,003,"South Carolina","Aiken County",5,51,2079,984,1095
050,45,003,"South Carolina","Aiken County",5,52,2223,1064,1159
050,45,003,"South Carolina","Aiken County",5,53,2233,1074,1159
050,45,003,"South Carolina","Aiken County",5,54,2163,1057,1106
050,45,003,"South Carolina","Aiken County",5,55,2158,1032,1126
050,45,003,"South Carolina","Aiken County",5,56,2195,1041,1154
050,45,003,"South Carolina","Aiken County",5,57,2268,1106,1162
050,45,003,"South Carolina","Aiken County",5,58,2427,1161,1266
050,45,003,"South Carolina","Aiken County",5,59,2441,1175,1266
050,45,003,"South Carolina","Aiken County",5,60,2505,1242,1263
050,45,003,"South Carolina","Aiken County",5,61,2520,1218,1302
050,45,003,"South Carolina","Aiken County",5,62,2557,1213,1344
050,45,003,"South Carolina","Aiken County",5,63,2467,1171,1296
050,45,003,"South Carolina","Aiken County",5,64,2381,1134,1247
050,45,003,"South Carolina","Aiken County",5,65,2461,1195,1266
050,45,003,"South Carolina","Aiken County",5,66,2502,1195,1307
050,45,003,"South Carolina","Aiken County",5,67,2415,1139,1276
050,45,003,"South Carolina","Aiken County",5,68,2355,1086,1269
050,45,003,"South Carolina","Aiken County",5,69,2319,1052,1267
050,45,003,"South Carolina","Aiken County",5,70,2126,952,1174
050,45,003,"South Carolina","Aiken County",5,71,2008,915,1093
050,45,003,"South Carolina","Aiken County",5,72,1991,882,1109
050,45,003,"South Carolina","Aiken County",5,73,1869,846,1023
050,45,003,"South Carolina","Aiken County",5,74,1861,837,1024
050,45,003,"South Carolina","Aiken County",5,75,1848,861,987
050,45,003,"South Carolina","Aiken County",5,76,1929,918,1011
050,45,003,"South Carolina","Aiken County",5,77,1334,623,711
050,45,003,"South Carolina","Aiken County",5,78,1278,580,698
050,45,003,"South Carolina","Aiken County",5,79,1245,552,693
050,45,003,"South Carolina","Aiken County",5,80,1230,543,687
050,45,003,"South Carolina","Aiken County",5,81,1036,485,551
050,45,003,"South Carolina","Aiken County",5,82,856,414,442
050,45,003,"South Carolina","Aiken County",5,83,768,364,404
050,45,003,"South Carolina","Aiken County",5,84,643,274,369
050,45,003,"South Carolina","Aiken County",5,85,3564,1235,2329
050,45,005,"South Carolina","Allendale County",1,0,58,29,29
050,45,005,"South Carolina","Allendale County",1,1,75,43,32
050,45,005,"South Carolina","Allendale County",1,2,84,46,38
050,45,005,"South Carolina","Allendale County",1,3,78,39,39
050,45,005,"South Carolina","Allendale County",1,4,88,47,41
050,45,005,"South Carolina","Allendale County",1,5,81,41,40
050,45,005,"South Carolina","Allendale County",1,6,71,29,42
050,45,005,"South Carolina","Allendale County",1,7,76,41,35
050,45,005,"South Carolina","Allendale County",1,8,88,50,38
050,45,005,"South Carolina","Allendale County",1,9,92,48,44
050,45,005,"South Carolina","Allendale County",1,10,83,41,42
050,45,005,"South Carolina","Allendale County",1,11,98,57,41
050,45,005,"South Carolina","Allendale County",1,12,98,49,49
050,45,005,"South Carolina","Allendale County",1,13,96,44,52
050,45,005,"South Carolina","Allendale County",1,14,87,43,44
050,45,005,"South Carolina","Allendale County",1,15,82,38,44
050,45,005,"South Carolina","Allendale County",1,16,100,45,55
050,45,005,"South Carolina","Allendale County",1,17,105,52,53
050,45,005,"South Carolina","Allendale County",1,18,90,49,41
050,45,005,"South Carolina","Allendale County",1,19,81,50,31
050,45,005,"South Carolina","Allendale County",1,20,87,49,38
050,45,005,"South Carolina","Allendale County",1,21,94,55,39
050,45,005,"South Carolina","Allendale County",1,22,101,67,34
050,45,005,"South Carolina","Allendale County",1,23,116,74,42
050,45,005,"South Carolina","Allendale County",1,24,103,64,39
050,45,005,"South Carolina","Allendale County",1,25,117,70,47
050,45,005,"South Carolina","Allendale County",1,26,125,73,52
050,45,005,"South Carolina","Allendale County",1,27,126,80,46
050,45,005,"South Carolina","Allendale County",1,28,130,83,47
050,45,005,"South Carolina","Allendale County",1,29,109,69,40
050,45,005,"South Carolina","Allendale County",1,30,110,67,43
050,45,005,"South Carolina","Allendale County",1,31,102,65,37
050,45,005,"South Carolina","Allendale County",1,32,99,72,27
050,45,005,"South Carolina","Allendale County",1,33,101,67,34
050,45,005,"South Carolina","Allendale County",1,34,102,64,38
050,45,005,"South Carolina","Allendale County",1,35,85,52,33
050,45,005,"South Carolina","Allendale County",1,36,101,62,39
050,45,005,"South Carolina","Allendale County",1,37,109,60,49
050,45,005,"South Carolina","Allendale County",1,38,95,61,34
050,45,005,"South Carolina","Allendale County",1,39,90,56,34
050,45,005,"South Carolina","Allendale County",1,40,100,55,45
050,45,005,"South Carolina","Allendale County",1,41,95,49,46
050,45,005,"South Carolina","Allendale County",1,42,91,50,41
050,45,005,"South Carolina","Allendale County",1,43,89,52,37
050,45,005,"South Carolina","Allendale County",1,44,75,46,29
050,45,005,"South Carolina","Allendale County",1,45,81,48,33
050,45,005,"South Carolina","Allendale County",1,46,94,60,34
050,45,005,"South Carolina","Allendale County",1,47,100,53,47
050,45,005,"South Carolina","Allendale County",1,48,110,52,58
050,45,005,"South Carolina","Allendale County",1,49,110,61,49
050,45,005,"South Carolina","Allendale County",1,50,110,59,51
050,45,005,"South Carolina","Allendale County",1,51,109,57,52
050,45,005,"South Carolina","Allendale County",1,52,114,65,49
050,45,005,"South Carolina","Allendale County",1,53,97,46,51
050,45,005,"South Carolina","Allendale County",1,54,115,61,54
050,45,005,"South Carolina","Allendale County",1,55,116,59,57
050,45,005,"South Carolina","Allendale County",1,56,107,53,54
050,45,005,"South Carolina","Allendale County",1,57,100,51,49
050,45,005,"South Carolina","Allendale County",1,58,91,47,44
050,45,005,"South Carolina","Allendale County",1,59,90,38,52
050,45,005,"South Carolina","Allendale County",1,60,103,40,63
050,45,005,"South Carolina","Allendale County",1,61,116,60,56
050,45,005,"South Carolina","Allendale County",1,62,105,51,54
050,45,005,"South Carolina","Allendale County",1,63,114,53,61
050,45,005,"South Carolina","Allendale County",1,64,111,43,68
050,45,005,"South Carolina","Allendale County",1,65,111,43,68
050,45,005,"South Carolina","Allendale County",1,66,115,49,66
050,45,005,"South Carolina","Allendale County",1,67,110,56,54
050,45,005,"South Carolina","Allendale County",1,68,126,62,64
050,45,005,"South Carolina","Allendale County",1,69,108,52,56
050,45,005,"South Carolina","Allendale County",1,70,103,51,52
050,45,005,"South Carolina","Allendale County",1,71,112,47,65
050,45,005,"South Carolina","Allendale County",1,72,115,52,63
050,45,005,"South Carolina","Allendale County",1,73,101,40,61
050,45,005,"South Carolina","Allendale County",1,74,72,25,47
050,45,005,"South Carolina","Allendale County",1,75,82,35,47
050,45,005,"South Carolina","Allendale County",1,76,73,34,39
050,45,005,"South Carolina","Allendale County",1,77,58,30,28
050,45,005,"South Carolina","Allendale County",1,78,44,22,22
050,45,005,"South Carolina","Allendale County",1,79,41,20,21
050,45,005,"South Carolina","Allendale County",1,80,37,17,20
050,45,005,"South Carolina","Allendale County",1,81,38,18,20
050,45,005,"South Carolina","Allendale County",1,82,32,10,22
050,45,005,"South Carolina","Allendale County",1,83,29,7,22
050,45,005,"South Carolina","Allendale County",1,84,24,7,17
050,45,005,"South Carolina","Allendale County",1,85,159,56,103
050,45,005,"South Carolina","Allendale County",2,0,63,34,29
050,45,005,"South Carolina","Allendale County",2,1,72,42,30
050,45,005,"South Carolina","Allendale County",2,2,82,46,36
050,45,005,"South Carolina","Allendale County",2,3,80,40,40
050,45,005,"South Carolina","Allendale County",2,4,84,44,40
050,45,005,"South Carolina","Allendale County",2,5,81,42,39
050,45,005,"South Carolina","Allendale County",2,6,72,31,41
050,45,005,"South Carolina","Allendale County",2,7,76,40,36
050,45,005,"South Carolina","Allendale County",2,8,86,48,38
050,45,005,"South Carolina","Allendale County",2,9,92,48,44
050,45,005,"South Carolina","Allendale County",2,10,85,43,42
050,45,005,"South Carolina","Allendale County",2,11,94,53,41
050,45,005,"South Carolina","Allendale County",2,12,99,51,48
050,45,005,"South Carolina","Allendale County",2,13,96,45,51
050,45,005,"South Carolina","Allendale County",2,14,88,43,45
050,45,005,"South Carolina","Allendale County",2,15,85,40,45
050,45,005,"South Carolina","Allendale County",2,16,95,43,52
050,45,005,"South Carolina","Allendale County",2,17,102,49,53
050,45,005,"South Carolina","Allendale County",2,18,89,47,42
050,45,005,"South Carolina","Allendale County",2,19,82,49,33
050,45,005,"South Carolina","Allendale County",2,20,89,51,38
050,45,005,"South Carolina","Allendale County",2,21,92,53,39
050,45,005,"South Carolina","Allendale County",2,22,100,66,34
050,45,005,"South Carolina","Allendale County",2,23,113,72,41
050,45,005,"South Carolina","Allendale County",2,24,102,61,41
050,45,005,"South Carolina","Allendale County",2,25,113,68,45
050,45,005,"South Carolina","Allendale County",2,26,119,69,50
050,45,005,"South Carolina","Allendale County",2,27,124,77,47
050,45,005,"South Carolina","Allendale County",2,28,127,80,47
050,45,005,"South Carolina","Allendale County",2,29,107,66,41
050,45,005,"South Carolina","Allendale County",2,30,105,63,42
050,45,005,"South Carolina","Allendale County",2,31,100,62,38
050,45,005,"South Carolina","Allendale County",2,32,97,68,29
050,45,005,"South Carolina","Allendale County",2,33,96,64,32
050,45,005,"South Carolina","Allendale County",2,34,98,61,37
050,45,005,"South Carolina","Allendale County",2,35,87,52,35
050,45,005,"South Carolina","Allendale County",2,36,97,59,38
050,45,005,"South Carolina","Allendale County",2,37,103,58,45
050,45,005,"South Carolina","Allendale County",2,38,96,58,38
050,45,005,"South Carolina","Allendale County",2,39,87,53,34
050,45,005,"South Carolina","Allendale County",2,40,97,54,43
050,45,005,"South Carolina","Allendale County",2,41,93,47,46
050,45,005,"South Carolina","Allendale County",2,42,88,46,42
050,45,005,"South Carolina","Allendale County",2,43,88,50,38
050,45,005,"South Carolina","Allendale County",2,44,76,46,30
050,45,005,"South Carolina","Allendale County",2,45,77,46,31
050,45,005,"South Carolina","Allendale County",2,46,89,56,33
050,45,005,"South Carolina","Allendale County",2,47,93,50,43
050,45,005,"South Carolina","Allendale County",2,48,103,49,54
050,45,005,"South Carolina","Allendale County",2,49,110,58,52
050,45,005,"South Carolina","Allendale County",2,50,106,57,49
050,45,005,"South Carolina","Allendale County",2,51,105,55,50
050,45,005,"South Carolina","Allendale County",2,52,114,63,51
050,45,005,"South Carolina","Allendale County",2,53,100,49,51
050,45,005,"South Carolina","Allendale County",2,54,111,58,53
050,45,005,"South Carolina","Allendale County",2,55,113,57,56
050,45,005,"South Carolina","Allendale County",2,56,107,53,54
050,45,005,"South Carolina","Allendale County",2,57,102,53,49
050,45,005,"South Carolina","Allendale County",2,58,92,47,45
050,45,005,"South Carolina","Allendale County",2,59,88,39,49
050,45,005,"South Carolina","Allendale County",2,60,99,40,59
050,45,005,"South Carolina","Allendale County",2,61,114,56,58
050,45,005,"South Carolina","Allendale County",2,62,105,51,54
050,45,005,"South Carolina","Allendale County",2,63,113,53,60
050,45,005,"South Carolina","Allendale County",2,64,108,43,65
050,45,005,"South Carolina","Allendale County",2,65,112,43,69
050,45,005,"South Carolina","Allendale County",2,66,114,47,67
050,45,005,"South Carolina","Allendale County",2,67,111,54,57
050,45,005,"South Carolina","Allendale County",2,68,119,59,60
050,45,005,"South Carolina","Allendale County",2,69,112,54,58
050,45,005,"South Carolina","Allendale County",2,70,100,49,51
050,45,005,"South Carolina","Allendale County",2,71,109,47,62
050,45,005,"South Carolina","Allendale County",2,72,114,51,63
050,45,005,"South Carolina","Allendale County",2,73,108,45,63
050,45,005,"South Carolina","Allendale County",2,74,72,26,46
050,45,005,"South Carolina","Allendale County",2,75,77,31,46
050,45,005,"South Carolina","Allendale County",2,76,74,34,40
050,45,005,"South Carolina","Allendale County",2,77,61,31,30
050,45,005,"South Carolina","Allendale County",2,78,47,24,23
050,45,005,"South Carolina","Allendale County",2,79,42,21,21
050,45,005,"South Carolina","Allendale County",2,80,38,18,20
050,45,005,"South Carolina","Allendale County",2,81,38,17,21
050,45,005,"South Carolina","Allendale County",2,82,33,12,21
050,45,005,"South Carolina","Allendale County",2,83,28,7,21
050,45,005,"South Carolina","Allendale County",2,84,23,6,17
050,45,005,"South Carolina","Allendale County",2,85,156,54,102
050,45,005,"South Carolina","Allendale County",3,0,64,30,34
050,45,005,"South Carolina","Allendale County",3,1,66,34,32
050,45,005,"South Carolina","Allendale County",3,2,67,38,29
050,45,005,"South Carolina","Allendale County",3,3,76,45,31
050,45,005,"South Carolina","Allendale County",3,4,75,39,36
050,45,005,"South Carolina","Allendale County",3,5,80,43,37
050,45,005,"South Carolina","Allendale County",3,6,78,42,36
050,45,005,"South Carolina","Allendale County",3,7,77,37,40
050,45,005,"South Carolina","Allendale County",3,8,73,40,33
050,45,005,"South Carolina","Allendale County",3,9,75,39,36
050,45,005,"South Carolina","Allendale County",3,10,86,45,41
050,45,005,"South Carolina","Allendale County",3,11,78,39,39
050,45,005,"South Carolina","Allendale County",3,12,90,51,39
050,45,005,"South Carolina","Allendale County",3,13,94,48,46
050,45,005,"South Carolina","Allendale County",3,14,93,45,48
050,45,005,"South Carolina","Allendale County",3,15,83,39,44
050,45,005,"South Carolina","Allendale County",3,16,88,44,44
050,45,005,"South Carolina","Allendale County",3,17,86,43,43
050,45,005,"South Carolina","Allendale County",3,18,91,45,46
050,45,005,"South Carolina","Allendale County",3,19,76,42,34
050,45,005,"South Carolina","Allendale County",3,20,87,51,36
050,45,005,"South Carolina","Allendale County",3,21,97,55,42
050,45,005,"South Carolina","Allendale County",3,22,103,63,40
050,45,005,"South Carolina","Allendale County",3,23,107,69,38
050,45,005,"South Carolina","Allendale County",3,24,105,64,41
050,45,005,"South Carolina","Allendale County",3,25,111,69,42
050,45,005,"South Carolina","Allendale County",3,26,100,54,46
050,45,005,"South Carolina","Allendale County",3,27,121,73,48
050,45,005,"South Carolina","Allendale County",3,28,124,78,46
050,45,005,"South Carolina","Allendale County",3,29,111,72,39
050,45,005,"South Carolina","Allendale County",3,30,108,70,38
050,45,005,"South Carolina","Allendale County",3,31,97,59,38
050,45,005,"South Carolina","Allendale County",3,32,95,59,36
050,45,005,"South Carolina","Allendale County",3,33,93,62,31
050,45,005,"South Carolina","Allendale County",3,34,84,56,28
050,45,005,"South Carolina","Allendale County",3,35,84,49,35
050,45,005,"South Carolina","Allendale County",3,36,94,60,34
050,45,005,"South Carolina","Allendale County",3,37,89,52,37
050,45,005,"South Carolina","Allendale County",3,38,101,58,43
050,45,005,"South Carolina","Allendale County",3,39,97,57,40
050,45,005,"South Carolina","Allendale County",3,40,87,58,29
050,45,005,"South Carolina","Allendale County",3,41,87,46,41
050,45,005,"South Carolina","Allendale County",3,42,84,40,44
050,45,005,"South Carolina","Allendale County",3,43,90,49,41
050,45,005,"South Carolina","Allendale County",3,44,87,51,36
050,45,005,"South Carolina","Allendale County",3,45,77,47,30
050,45,005,"South Carolina","Allendale County",3,46,75,47,28
050,45,005,"South Carolina","Allendale County",3,47,77,43,34
050,45,005,"South Carolina","Allendale County",3,48,91,46,45
050,45,005,"South Carolina","Allendale County",3,49,106,53,53
050,45,005,"South Carolina","Allendale County",3,50,115,60,55
050,45,005,"South Carolina","Allendale County",3,51,99,51,48
050,45,005,"South Carolina","Allendale County",3,52,107,58,49
050,45,005,"South Carolina","Allendale County",3,53,106,54,52
050,45,005,"South Carolina","Allendale County",3,54,103,53,50
050,45,005,"South Carolina","Allendale County",3,55,111,59,52
050,45,005,"South Carolina","Allendale County",3,56,107,50,57
050,45,005,"South Carolina","Allendale County",3,57,110,55,55
050,45,005,"South Carolina","Allendale County",3,58,103,52,51
050,45,005,"South Carolina","Allendale County",3,59,93,44,49
050,45,005,"South Carolina","Allendale County",3,60,81,32,49
050,45,005,"South Carolina","Allendale County",3,61,99,40,59
050,45,005,"South Carolina","Allendale County",3,62,109,53,56
050,45,005,"South Carolina","Allendale County",3,63,110,56,54
050,45,005,"South Carolina","Allendale County",3,64,108,48,60
050,45,005,"South Carolina","Allendale County",3,65,104,42,62
050,45,005,"South Carolina","Allendale County",3,66,108,42,66
050,45,005,"South Carolina","Allendale County",3,67,117,51,66
050,45,005,"South Carolina","Allendale County",3,68,107,52,55
050,45,005,"South Carolina","Allendale County",3,69,113,53,60
050,45,005,"South Carolina","Allendale County",3,70,107,49,58
050,45,005,"South Carolina","Allendale County",3,71,97,43,54
050,45,005,"South Carolina","Allendale County",3,72,102,44,58
050,45,005,"South Carolina","Allendale County",3,73,109,52,57
050,45,005,"South Carolina","Allendale County",3,74,105,42,63
050,45,005,"South Carolina","Allendale County",3,75,70,25,45
050,45,005,"South Carolina","Allendale County",3,76,77,30,47
050,45,005,"South Carolina","Allendale County",3,77,68,31,37
050,45,005,"South Carolina","Allendale County",3,78,58,30,28
050,45,005,"South Carolina","Allendale County",3,79,45,24,21
050,45,005,"South Carolina","Allendale County",3,80,36,19,17
050,45,005,"South Carolina","Allendale County",3,81,34,15,19
050,45,005,"South Carolina","Allendale County",3,82,32,14,18
050,45,005,"South Carolina","Allendale County",3,83,30,10,20
050,45,005,"South Carolina","Allendale County",3,84,22,5,17
050,45,005,"South Carolina","Allendale County",3,85,147,50,97
050,45,005,"South Carolina","Allendale County",4,0,64,29,35
050,45,005,"South Carolina","Allendale County",4,1,64,32,32
050,45,005,"South Carolina","Allendale County",4,2,63,31,32
050,45,005,"South Carolina","Allendale County",4,3,61,34,27
050,45,005,"South Carolina","Allendale County",4,4,73,41,32
050,45,005,"South Carolina","Allendale County",4,5,60,31,29
050,45,005,"South Carolina","Allendale County",4,6,76,39,37
050,45,005,"South Carolina","Allendale County",4,7,75,42,33
050,45,005,"South Carolina","Allendale County",4,8,68,26,42
050,45,005,"South Carolina","Allendale County",4,9,71,35,36
050,45,005,"South Carolina","Allendale County",4,10,69,34,35
050,45,005,"South Carolina","Allendale County",4,11,82,42,40
050,45,005,"South Carolina","Allendale County",4,12,77,39,38
050,45,005,"South Carolina","Allendale County",4,13,87,52,35
050,45,005,"South Carolina","Allendale County",4,14,89,46,43
050,45,005,"South Carolina","Allendale County",4,15,87,38,49
050,45,005,"South Carolina","Allendale County",4,16,87,44,43
050,45,005,"South Carolina","Allendale County",4,17,82,40,42
050,45,005,"South Carolina","Allendale County",4,18,75,38,37
050,45,005,"South Carolina","Allendale County",4,19,73,41,32
050,45,005,"South Carolina","Allendale County",4,20,79,46,33
050,45,005,"South Carolina","Allendale County",4,21,94,56,38
050,45,005,"South Carolina","Allendale County",4,22,92,57,35
050,45,005,"South Carolina","Allendale County",4,23,103,67,36
050,45,005,"South Carolina","Allendale County",4,24,90,57,33
050,45,005,"South Carolina","Allendale County",4,25,111,71,40
050,45,005,"South Carolina","Allendale County",4,26,100,61,39
050,45,005,"South Carolina","Allendale County",4,27,101,59,42
050,45,005,"South Carolina","Allendale County",4,28,106,71,35
050,45,005,"South Carolina","Allendale County",4,29,114,70,44
050,45,005,"South Carolina","Allendale County",4,30,112,73,39
050,45,005,"South Carolina","Allendale County",4,31,111,72,39
050,45,005,"South Carolina","Allendale County",4,32,96,57,39
050,45,005,"South Carolina","Allendale County",4,33,89,54,35
050,45,005,"South Carolina","Allendale County",4,34,86,58,28
050,45,005,"South Carolina","Allendale County",4,35,75,50,25
050,45,005,"South Carolina","Allendale County",4,36,94,59,35
050,45,005,"South Carolina","Allendale County",4,37,89,53,36
050,45,005,"South Carolina","Allendale County",4,38,83,48,35
050,45,005,"South Carolina","Allendale County",4,39,95,54,41
050,45,005,"South Carolina","Allendale County",4,40,98,61,37
050,45,005,"South Carolina","Allendale County",4,41,85,55,30
050,45,005,"South Carolina","Allendale County",4,42,71,35,36
050,45,005,"South Carolina","Allendale County",4,43,85,43,42
050,45,005,"South Carolina","Allendale County",4,44,85,47,38
050,45,005,"South Carolina","Allendale County",4,45,91,52,39
050,45,005,"South Carolina","Allendale County",4,46,79,51,28
050,45,005,"South Carolina","Allendale County",4,47,66,38,28
050,45,005,"South Carolina","Allendale County",4,48,76,43,33
050,45,005,"South Carolina","Allendale County",4,49,95,50,45
050,45,005,"South Carolina","Allendale County",4,50,94,43,51
050,45,005,"South Carolina","Allendale County",4,51,108,56,52
050,45,005,"South Carolina","Allendale County",4,52,100,53,47
050,45,005,"South Carolina","Allendale County",4,53,98,51,47
050,45,005,"South Carolina","Allendale County",4,54,101,55,46
050,45,005,"South Carolina","Allendale County",4,55,96,50,46
050,45,005,"South Carolina","Allendale County",4,56,107,55,52
050,45,005,"South Carolina","Allendale County",4,57,104,50,54
050,45,005,"South Carolina","Allendale County",4,58,107,56,51
050,45,005,"South Carolina","Allendale County",4,59,97,49,48
050,45,005,"South Carolina","Allendale County",4,60,86,41,45
050,45,005,"South Carolina","Allendale County",4,61,85,34,51
050,45,005,"South Carolina","Allendale County",4,62,93,38,55
050,45,005,"South Carolina","Allendale County",4,63,112,52,60
050,45,005,"South Carolina","Allendale County",4,64,105,53,52
050,45,005,"South Carolina","Allendale County",4,65,98,40,58
050,45,005,"South Carolina","Allendale County",4,66,103,42,61
050,45,005,"South Carolina","Allendale County",4,67,108,45,63
050,45,005,"South Carolina","Allendale County",4,68,117,49,68
050,45,005,"South Carolina","Allendale County",4,69,101,46,55
050,45,005,"South Carolina","Allendale County",4,70,110,51,59
050,45,005,"South Carolina","Allendale County",4,71,104,45,59
050,45,005,"South Carolina","Allendale County",4,72,93,42,51
050,45,005,"South Carolina","Allendale County",4,73,102,45,57
050,45,005,"South Carolina","Allendale County",4,74,101,45,56
050,45,005,"South Carolina","Allendale County",4,75,100,40,60
050,45,005,"South Carolina","Allendale County",4,76,69,25,44
050,45,005,"South Carolina","Allendale County",4,77,69,28,41
050,45,005,"South Carolina","Allendale County",4,78,62,28,34
050,45,005,"South Carolina","Allendale County",4,79,54,29,25
050,45,005,"South Carolina","Allendale County",4,80,41,22,19
050,45,005,"South Carolina","Allendale County",4,81,35,17,18
050,45,005,"South Carolina","Allendale County",4,82,29,13,16
050,45,005,"South Carolina","Allendale County",4,83,30,13,17
050,45,005,"South Carolina","Allendale County",4,84,27,8,19
050,45,005,"South Carolina","Allendale County",4,85,138,47,91
050,45,005,"South Carolina","Allendale County",5,0,66,30,36
050,45,005,"South Carolina","Allendale County",5,1,73,39,34
050,45,005,"South Carolina","Allendale County",5,2,65,29,36
050,45,005,"South Carolina","Allendale County",5,3,70,36,34
050,45,005,"South Carolina","Allendale County",5,4,61,34,27
050,45,005,"South Carolina","Allendale County",5,5,72,35,37
050,45,005,"South Carolina","Allendale County",5,6,71,39,32
050,45,005,"South Carolina","Allendale County",5,7,69,37,32
050,45,005,"South Carolina","Allendale County",5,8,70,39,31
050,45,005,"South Carolina","Allendale County",5,9,67,26,41
050,45,005,"South Carolina","Allendale County",5,10,73,34,39
050,45,005,"South Carolina","Allendale County",5,11,67,35,32
050,45,005,"South Carolina","Allendale County",5,12,80,39,41
050,45,005,"South Carolina","Allendale County",5,13,77,41,36
050,45,005,"South Carolina","Allendale County",5,14,82,49,33
050,45,005,"South Carolina","Allendale County",5,15,88,45,43
050,45,005,"South Carolina","Allendale County",5,16,92,42,50
050,45,005,"South Carolina","Allendale County",5,17,86,41,45
050,45,005,"South Carolina","Allendale County",5,18,72,34,38
050,45,005,"South Carolina","Allendale County",5,19,72,39,33
050,45,005,"South Carolina","Allendale County",5,20,83,46,37
050,45,005,"South Carolina","Allendale County",5,21,93,55,38
050,45,005,"South Carolina","Allendale County",5,22,103,66,37
050,45,005,"South Carolina","Allendale County",5,23,104,66,38
050,45,005,"South Carolina","Allendale County",5,24,92,57,35
050,45,005,"South Carolina","Allendale County",5,25,95,65,30
050,45,005,"South Carolina","Allendale County",5,26,93,62,31
050,45,005,"South Carolina","Allendale County",5,27,112,75,37
050,45,005,"South Carolina","Allendale County",5,28,104,64,40
050,45,005,"South Carolina","Allendale County",5,29,105,64,41
050,45,005,"South Carolina","Allendale County",5,30,117,73,44
050,45,005,"South Carolina","Allendale County",5,31,109,71,38
050,45,005,"South Carolina","Allendale County",5,32,117,77,40
050,45,005,"South Carolina","Allendale County",5,33,97,60,37
050,45,005,"South Carolina","Allendale County",5,34,80,52,28
050,45,005,"South Carolina","Allendale County",5,35,81,53,28
050,45,005,"South Carolina","Allendale County",5,36,89,60,29
050,45,005,"South Carolina","Allendale County",5,37,90,52,38
050,45,005,"South Carolina","Allendale County",5,38,86,45,41
050,45,005,"South Carolina","Allendale County",5,39,86,47,39
050,45,005,"South Carolina","Allendale County",5,40,98,62,36
050,45,005,"South Carolina","Allendale County",5,41,89,52,37
050,45,005,"South Carolina","Allendale County",5,42,79,49,30
050,45,005,"South Carolina","Allendale County",5,43,84,44,40
050,45,005,"South Carolina","Allendale County",5,44,73,34,39
050,45,005,"South Carolina","Allendale County",5,45,101,56,45
050,45,005,"South Carolina","Allendale County",5,46,101,62,39
050,45,005,"South Carolina","Allendale County",5,47,67,40,27
050,45,005,"South Carolina","Allendale County",5,48,62,34,28
050,45,005,"South Carolina","Allendale County",5,49,85,51,34
050,45,005,"South Carolina","Allendale County",5,50,89,44,45
050,45,005,"South Carolina","Allendale County",5,51,92,41,51
050,45,005,"South Carolina","Allendale County",5,52,108,59,49
050,45,005,"South Carolina","Allendale County",5,53,98,52,46
050,45,005,"South Carolina","Allendale County",5,54,100,52,48
050,45,005,"South Carolina","Allendale County",5,55,103,59,44
050,45,005,"South Carolina","Allendale County",5,56,88,46,42
050,45,005,"South Carolina","Allendale County",5,57,109,57,52
050,45,005,"South Carolina","Allendale County",5,58,101,48,53
050,45,005,"South Carolina","Allendale County",5,59,99,48,51
050,45,005,"South Carolina","Allendale County",5,60,99,51,48
050,45,005,"South Carolina","Allendale County",5,61,87,46,41
050,45,005,"South Carolina","Allendale County",5,62,75,29,46
050,45,005,"South Carolina","Allendale County",5,63,91,37,54
050,45,005,"South Carolina","Allendale County",5,64,104,46,58
050,45,005,"South Carolina","Allendale County",5,65,99,50,49
050,45,005,"South Carolina","Allendale County",5,66,95,40,55
050,45,005,"South Carolina","Allendale County",5,67,102,43,59
050,45,005,"South Carolina","Allendale County",5,68,105,45,60
050,45,005,"South Carolina","Allendale County",5,69,107,42,65
050,45,005,"South Carolina","Allendale County",5,70,97,44,53
050,45,005,"South Carolina","Allendale County",5,71,106,47,59
050,45,005,"South Carolina","Allendale County",5,72,100,45,55
050,45,005,"South Carolina","Allendale County",5,73,90,40,50
050,45,005,"South Carolina","Allendale County",5,74,94,39,55
050,45,005,"South Carolina","Allendale County",5,75,98,43,55
050,45,005,"South Carolina","Allendale County",5,76,98,39,59
050,45,005,"South Carolina","Allendale County",5,77,65,23,42
050,45,005,"South Carolina","Allendale County",5,78,64,27,37
050,45,005,"South Carolina","Allendale County",5,79,58,26,32
050,45,005,"South Carolina","Allendale County",5,80,51,28,23
050,45,005,"South Carolina","Allendale County",5,81,38,18,20
050,45,005,"South Carolina","Allendale County",5,82,31,16,15
050,45,005,"South Carolina","Allendale County",5,83,28,13,15
050,45,005,"South Carolina","Allendale County",5,84,26,11,15
050,45,005,"South Carolina","Allendale County",5,85,126,45,81
050,45,007,"South Carolina","Anderson County",1,0,2169,1108,1061
050,45,007,"South Carolina","Anderson County",1,1,2258,1180,1078
050,45,007,"South Carolina","Anderson County",1,2,2365,1206,1159
050,45,007,"South Carolina","Anderson County",1,3,2475,1266,1209
050,45,007,"South Carolina","Anderson County",1,4,2432,1198,1234
050,45,007,"South Carolina","Anderson County",1,5,2486,1300,1186
050,45,007,"South Carolina","Anderson County",1,6,2573,1329,1244
050,45,007,"South Carolina","Anderson County",1,7,2592,1310,1282
050,45,007,"South Carolina","Anderson County",1,8,2528,1280,1248
050,45,007,"South Carolina","Anderson County",1,9,2584,1317,1267
050,45,007,"South Carolina","Anderson County",1,10,2705,1373,1332
050,45,007,"South Carolina","Anderson County",1,11,2857,1438,1419
050,45,007,"South Carolina","Anderson County",1,12,2918,1498,1420
050,45,007,"South Carolina","Anderson County",1,13,2877,1486,1391
050,45,007,"South Carolina","Anderson County",1,14,2807,1421,1386
050,45,007,"South Carolina","Anderson County",1,15,2680,1357,1323
050,45,007,"South Carolina","Anderson County",1,16,2734,1382,1352
050,45,007,"South Carolina","Anderson County",1,17,2687,1357,1330
050,45,007,"South Carolina","Anderson County",1,18,2600,1304,1296
050,45,007,"South Carolina","Anderson County",1,19,2478,1189,1289
050,45,007,"South Carolina","Anderson County",1,20,2433,1181,1252
050,45,007,"South Carolina","Anderson County",1,21,2340,1187,1153
050,45,007,"South Carolina","Anderson County",1,22,2366,1190,1176
050,45,007,"South Carolina","Anderson County",1,23,2348,1185,1163
050,45,007,"South Carolina","Anderson County",1,24,2376,1199,1177
050,45,007,"South Carolina","Anderson County",1,25,2392,1181,1211
050,45,007,"South Carolina","Anderson County",1,26,2381,1156,1225
050,45,007,"South Carolina","Anderson County",1,27,2452,1165,1287
050,45,007,"South Carolina","Anderson County",1,28,2612,1243,1369
050,45,007,"South Carolina","Anderson County",1,29,2700,1305,1395
050,45,007,"South Carolina","Anderson County",1,30,2602,1261,1341
050,45,007,"South Carolina","Anderson County",1,31,2465,1176,1289
050,45,007,"South Carolina","Anderson County",1,32,2497,1160,1337
050,45,007,"South Carolina","Anderson County",1,33,2403,1150,1253
050,45,007,"South Carolina","Anderson County",1,34,2446,1164,1282
050,45,007,"South Carolina","Anderson County",1,35,2381,1147,1234
050,45,007,"South Carolina","Anderson County",1,36,2334,1116,1218
050,45,007,"South Carolina","Anderson County",1,37,2466,1165,1301
050,45,007,"South Carolina","Anderson County",1,38,2459,1168,1291
050,45,007,"South Carolina","Anderson County",1,39,2527,1215,1312
050,45,007,"South Carolina","Anderson County",1,40,2532,1226,1306
050,45,007,"South Carolina","Anderson County",1,41,2422,1166,1256
050,45,007,"South Carolina","Anderson County",1,42,2430,1184,1246
050,45,007,"South Carolina","Anderson County",1,43,2399,1169,1230
050,45,007,"South Carolina","Anderson County",1,44,2343,1138,1205
050,45,007,"South Carolina","Anderson County",1,45,2411,1181,1230
050,45,007,"South Carolina","Anderson County",1,46,2427,1182,1245
050,45,007,"South Carolina","Anderson County",1,47,2523,1222,1301
050,45,007,"South Carolina","Anderson County",1,48,2741,1363,1378
050,45,007,"South Carolina","Anderson County",1,49,2912,1444,1468
050,45,007,"South Carolina","Anderson County",1,50,2754,1357,1397
050,45,007,"South Carolina","Anderson County",1,51,2702,1314,1388
050,45,007,"South Carolina","Anderson County",1,52,2646,1298,1348
050,45,007,"South Carolina","Anderson County",1,53,2654,1339,1315
050,45,007,"South Carolina","Anderson County",1,54,2623,1288,1335
050,45,007,"South Carolina","Anderson County",1,55,2799,1375,1424
050,45,007,"South Carolina","Anderson County",1,56,2903,1395,1508
050,45,007,"South Carolina","Anderson County",1,57,2886,1376,1510
050,45,007,"South Carolina","Anderson County",1,58,2826,1369,1457
050,45,007,"South Carolina","Anderson County",1,59,2830,1407,1423
050,45,007,"South Carolina","Anderson County",1,60,2782,1369,1413
050,45,007,"South Carolina","Anderson County",1,61,2772,1339,1433
050,45,007,"South Carolina","Anderson County",1,62,2718,1293,1425
050,45,007,"South Carolina","Anderson County",1,63,2622,1256,1366
050,45,007,"South Carolina","Anderson County",1,64,2616,1246,1370
050,45,007,"South Carolina","Anderson County",1,65,2435,1126,1309
050,45,007,"South Carolina","Anderson County",1,66,2342,1081,1261
050,45,007,"South Carolina","Anderson County",1,67,2306,1070,1236
050,45,007,"South Carolina","Anderson County",1,68,2312,1099,1213
050,45,007,"South Carolina","Anderson County",1,69,2196,1029,1167
050,45,007,"South Carolina","Anderson County",1,70,2167,1019,1148
050,45,007,"South Carolina","Anderson County",1,71,2128,994,1134
050,45,007,"South Carolina","Anderson County",1,72,2245,1045,1200
050,45,007,"South Carolina","Anderson County",1,73,2219,1000,1219
050,45,007,"South Carolina","Anderson County",1,74,1535,702,833
050,45,007,"South Carolina","Anderson County",1,75,1502,690,812
050,45,007,"South Carolina","Anderson County",1,76,1516,689,827
050,45,007,"South Carolina","Anderson County",1,77,1515,685,830
050,45,007,"South Carolina","Anderson County",1,78,1224,548,676
050,45,007,"South Carolina","Anderson County",1,79,1118,513,605
050,45,007,"South Carolina","Anderson County",1,80,1019,453,566
050,45,007,"South Carolina","Anderson County",1,81,977,392,585
050,45,007,"South Carolina","Anderson County",1,82,875,368,507
050,45,007,"South Carolina","Anderson County",1,83,761,318,443
050,45,007,"South Carolina","Anderson County",1,84,728,298,430
050,45,007,"South Carolina","Anderson County",1,85,3546,1163,2383
050,45,007,"South Carolina","Anderson County",2,0,2146,1139,1007
050,45,007,"South Carolina","Anderson County",2,1,2238,1165,1073
050,45,007,"South Carolina","Anderson County",2,2,2354,1208,1146
050,45,007,"South Carolina","Anderson County",2,3,2449,1251,1198
050,45,007,"South Carolina","Anderson County",2,4,2463,1228,1235
050,45,007,"South Carolina","Anderson County",2,5,2494,1288,1206
050,45,007,"South Carolina","Anderson County",2,6,2561,1326,1235
050,45,007,"South Carolina","Anderson County",2,7,2588,1315,1273
050,45,007,"South Carolina","Anderson County",2,8,2547,1287,1260
050,45,007,"South Carolina","Anderson County",2,9,2572,1311,1261
050,45,007,"South Carolina","Anderson County",2,10,2682,1364,1318
050,45,007,"South Carolina","Anderson County",2,11,2818,1424,1394
050,45,007,"South Carolina","Anderson County",2,12,2917,1494,1423
050,45,007,"South Carolina","Anderson County",2,13,2893,1491,1402
050,45,007,"South Carolina","Anderson County",2,14,2835,1441,1394
050,45,007,"South Carolina","Anderson County",2,15,2721,1382,1339
050,45,007,"South Carolina","Anderson County",2,16,2733,1384,1349
050,45,007,"South Carolina","Anderson County",2,17,2700,1364,1336
050,45,007,"South Carolina","Anderson County",2,18,2575,1285,1290
050,45,007,"South Carolina","Anderson County",2,19,2478,1188,1290
050,45,007,"South Carolina","Anderson County",2,20,2472,1196,1276
050,45,007,"South Carolina","Anderson County",2,21,2360,1195,1165
050,45,007,"South Carolina","Anderson County",2,22,2377,1200,1177
050,45,007,"South Carolina","Anderson County",2,23,2373,1196,1177
050,45,007,"South Carolina","Anderson County",2,24,2373,1194,1179
050,45,007,"South Carolina","Anderson County",2,25,2385,1183,1202
050,45,007,"South Carolina","Anderson County",2,26,2408,1175,1233
050,45,007,"South Carolina","Anderson County",2,27,2448,1171,1277
050,45,007,"South Carolina","Anderson County",2,28,2591,1232,1359
050,45,007,"South Carolina","Anderson County",2,29,2688,1297,1391
050,45,007,"South Carolina","Anderson County",2,30,2646,1280,1366
050,45,007,"South Carolina","Anderson County",2,31,2508,1196,1312
050,45,007,"South Carolina","Anderson County",2,32,2493,1168,1325
050,45,007,"South Carolina","Anderson County",2,33,2428,1153,1275
050,45,007,"South Carolina","Anderson County",2,34,2440,1162,1278
050,45,007,"South Carolina","Anderson County",2,35,2424,1167,1257
050,45,007,"South Carolina","Anderson County",2,36,2341,1120,1221
050,45,007,"South Carolina","Anderson County",2,37,2445,1159,1286
050,45,007,"South Carolina","Anderson County",2,38,2474,1175,1299
050,45,007,"South Carolina","Anderson County",2,39,2514,1209,1305
050,45,007,"South Carolina","Anderson County",2,40,2553,1233,1320
050,45,007,"South Carolina","Anderson County",2,41,2448,1181,1267
050,45,007,"South Carolina","Anderson County",2,42,2422,1180,1242
050,45,007,"South Carolina","Anderson County",2,43,2425,1184,1241
050,45,007,"South Carolina","Anderson County",2,44,2335,1136,1199
050,45,007,"South Carolina","Anderson County",2,45,2417,1180,1237
050,45,007,"South Carolina","Anderson County",2,46,2420,1182,1238
050,45,007,"South Carolina","Anderson County",2,47,2494,1207,1287
050,45,007,"South Carolina","Anderson County",2,48,2695,1327,1368
050,45,007,"South Carolina","Anderson County",2,49,2894,1437,1457
050,45,007,"South Carolina","Anderson County",2,50,2802,1384,1418
050,45,007,"South Carolina","Anderson County",2,51,2709,1323,1386
050,45,007,"South Carolina","Anderson County",2,52,2659,1300,1359
050,45,007,"South Carolina","Anderson County",2,53,2657,1333,1324
050,45,007,"South Carolina","Anderson County",2,54,2623,1299,1324
050,45,007,"South Carolina","Anderson County",2,55,2762,1357,1405
050,45,007,"South Carolina","Anderson County",2,56,2893,1398,1495
050,45,007,"South Carolina","Anderson County",2,57,2897,1384,1513
050,45,007,"South Carolina","Anderson County",2,58,2846,1368,1478
050,45,007,"South Carolina","Anderson County",2,59,2827,1395,1432
050,45,007,"South Carolina","Anderson County",2,60,2782,1368,1414
050,45,007,"South Carolina","Anderson County",2,61,2761,1341,1420
050,45,007,"South Carolina","Anderson County",2,62,2730,1303,1427
050,45,007,"South Carolina","Anderson County",2,63,2672,1276,1396
050,45,007,"South Carolina","Anderson County",2,64,2604,1237,1367
050,45,007,"South Carolina","Anderson County",2,65,2480,1153,1327
050,45,007,"South Carolina","Anderson County",2,66,2370,1090,1280
050,45,007,"South Carolina","Anderson County",2,67,2300,1061,1239
050,45,007,"South Carolina","Anderson County",2,68,2295,1085,1210
050,45,007,"South Carolina","Anderson County",2,69,2232,1049,1183
050,45,007,"South Carolina","Anderson County",2,70,2158,1013,1145
050,45,007,"South Carolina","Anderson County",2,71,2137,999,1138
050,45,007,"South Carolina","Anderson County",2,72,2172,1013,1159
050,45,007,"South Carolina","Anderson County",2,73,2323,1063,1260
050,45,007,"South Carolina","Anderson County",2,74,1589,720,869
050,45,007,"South Carolina","Anderson County",2,75,1508,691,817
050,45,007,"South Carolina","Anderson County",2,76,1481,671,810
050,45,007,"South Carolina","Anderson County",2,77,1537,696,841
050,45,007,"South Carolina","Anderson County",2,78,1265,568,697
050,45,007,"South Carolina","Anderson County",2,79,1120,510,610
050,45,007,"South Carolina","Anderson County",2,80,1027,459,568
050,45,007,"South Carolina","Anderson County",2,81,966,399,567
050,45,007,"South Carolina","Anderson County",2,82,896,370,526
050,45,007,"South Carolina","Anderson County",2,83,764,321,443
050,45,007,"South Carolina","Anderson County",2,84,717,295,422
050,45,007,"South Carolina","Anderson County",2,85,3579,1173,2406
050,45,007,"South Carolina","Anderson County",3,0,2175,1107,1068
050,45,007,"South Carolina","Anderson County",3,1,2197,1147,1050
050,45,007,"South Carolina","Anderson County",3,2,2294,1174,1120
050,45,007,"South Carolina","Anderson County",3,3,2376,1194,1182
050,45,007,"South Carolina","Anderson County",3,4,2525,1285,1240
050,45,007,"South Carolina","Anderson County",3,5,2519,1265,1254
050,45,007,"South Carolina","Anderson County",3,6,2527,1302,1225
050,45,007,"South Carolina","Anderson County",3,7,2599,1344,1255
050,45,007,"South Carolina","Anderson County",3,8,2660,1339,1321
050,45,007,"South Carolina","Anderson County",3,9,2588,1302,1286
050,45,007,"South Carolina","Anderson County",3,10,2613,1336,1277
050,45,007,"South Carolina","Anderson County",3,11,2755,1386,1369
050,45,007,"South Carolina","Anderson County",3,12,2849,1436,1413
050,45,007,"South Carolina","Anderson County",3,13,2997,1537,1460
050,45,007,"South Carolina","Anderson County",3,14,2944,1498,1446
050,45,007,"South Carolina","Anderson County",3,15,2896,1483,1413
050,45,007,"South Carolina","Anderson County",3,16,2753,1388,1365
050,45,007,"South Carolina","Anderson County",3,17,2735,1399,1336
050,45,007,"South Carolina","Anderson County",3,18,2587,1292,1295
050,45,007,"South Carolina","Anderson County",3,19,2471,1198,1273
050,45,007,"South Carolina","Anderson County",3,20,2508,1196,1312
050,45,007,"South Carolina","Anderson County",3,21,2485,1219,1266
050,45,007,"South Carolina","Anderson County",3,22,2435,1222,1213
050,45,007,"South Carolina","Anderson County",3,23,2469,1262,1207
050,45,007,"South Carolina","Anderson County",3,24,2432,1225,1207
050,45,007,"South Carolina","Anderson County",3,25,2474,1230,1244
050,45,007,"South Carolina","Anderson County",3,26,2484,1241,1243
050,45,007,"South Carolina","Anderson County",3,27,2550,1260,1290
050,45,007,"South Carolina","Anderson County",3,28,2540,1208,1332
050,45,007,"South Carolina","Anderson County",3,29,2658,1257,1401
050,45,007,"South Carolina","Anderson County",3,30,2772,1339,1433
050,45,007,"South Carolina","Anderson County",3,31,2704,1323,1381
050,45,007,"South Carolina","Anderson County",3,32,2591,1219,1372
050,45,007,"South Carolina","Anderson County",3,33,2572,1187,1385
050,45,007,"South Carolina","Anderson County",3,34,2487,1182,1305
050,45,007,"South Carolina","Anderson County",3,35,2479,1175,1304
050,45,007,"South Carolina","Anderson County",3,36,2441,1187,1254
050,45,007,"South Carolina","Anderson County",3,37,2358,1113,1245
050,45,007,"South Carolina","Anderson County",3,38,2470,1159,1311
050,45,007,"South Carolina","Anderson County",3,39,2509,1210,1299
050,45,007,"South Carolina","Anderson County",3,40,2507,1184,1323
050,45,007,"South Carolina","Anderson County",3,41,2616,1244,1372
050,45,007,"South Carolina","Anderson County",3,42,2499,1217,1282
050,45,007,"South Carolina","Anderson County",3,43,2483,1204,1279
050,45,007,"South Carolina","Anderson County",3,44,2463,1198,1265
050,45,007,"South Carolina","Anderson County",3,45,2373,1155,1218
050,45,007,"South Carolina","Anderson County",3,46,2466,1205,1261
050,45,007,"South Carolina","Anderson County",3,47,2458,1201,1257
050,45,007,"South Carolina","Anderson County",3,48,2532,1222,1310
050,45,007,"South Carolina","Anderson County",3,49,2709,1340,1369
050,45,007,"South Carolina","Anderson County",3,50,2894,1429,1465
050,45,007,"South Carolina","Anderson County",3,51,2800,1364,1436
050,45,007,"South Carolina","Anderson County",3,52,2742,1342,1400
050,45,007,"South Carolina","Anderson County",3,53,2730,1346,1384
050,45,007,"South Carolina","Anderson County",3,54,2672,1337,1335
050,45,007,"South Carolina","Anderson County",3,55,2660,1295,1365
050,45,007,"South Carolina","Anderson County",3,56,2780,1375,1405
050,45,007,"South Carolina","Anderson County",3,57,2906,1410,1496
050,45,007,"South Carolina","Anderson County",3,58,2897,1381,1516
050,45,007,"South Carolina","Anderson County",3,59,2832,1362,1470
050,45,007,"South Carolina","Anderson County",3,60,2860,1396,1464
050,45,007,"South Carolina","Anderson County",3,61,2819,1372,1447
050,45,007,"South Carolina","Anderson County",3,62,2765,1337,1428
050,45,007,"South Carolina","Anderson County",3,63,2708,1301,1407
050,45,007,"South Carolina","Anderson County",3,64,2685,1268,1417
050,45,007,"South Carolina","Anderson County",3,65,2583,1214,1369
050,45,007,"South Carolina","Anderson County",3,66,2442,1125,1317
050,45,007,"South Carolina","Anderson County",3,67,2344,1074,1270
050,45,007,"South Carolina","Anderson County",3,68,2280,1048,1232
050,45,007,"South Carolina","Anderson County",3,69,2252,1058,1194
050,45,007,"South Carolina","Anderson County",3,70,2198,1016,1182
050,45,007,"South Carolina","Anderson County",3,71,2105,986,1119
050,45,007,"South Carolina","Anderson County",3,72,2073,960,1113
050,45,007,"South Carolina","Anderson County",3,73,2096,971,1125
050,45,007,"South Carolina","Anderson County",3,74,2239,1011,1228
050,45,007,"South Carolina","Anderson County",3,75,1544,686,858
050,45,007,"South Carolina","Anderson County",3,76,1447,664,783
050,45,007,"South Carolina","Anderson County",3,77,1421,624,797
050,45,007,"South Carolina","Anderson County",3,78,1457,647,810
050,45,007,"South Carolina","Anderson County",3,79,1195,535,660
050,45,007,"South Carolina","Anderson County",3,80,1033,462,571
050,45,007,"South Carolina","Anderson County",3,81,958,443,515
050,45,007,"South Carolina","Anderson County",3,82,872,353,519
050,45,007,"South Carolina","Anderson County",3,83,793,323,470
050,45,007,"South Carolina","Anderson County",3,84,682,288,394
050,45,007,"South Carolina","Anderson County",3,85,3537,1165,2372
050,45,007,"South Carolina","Anderson County",4,0,2259,1165,1094
050,45,007,"South Carolina","Anderson County",4,1,2250,1164,1086
050,45,007,"South Carolina","Anderson County",4,2,2257,1165,1092
050,45,007,"South Carolina","Anderson County",4,3,2357,1194,1163
050,45,007,"South Carolina","Anderson County",4,4,2432,1232,1200
050,45,007,"South Carolina","Anderson County",4,5,2573,1311,1262
050,45,007,"South Carolina","Anderson County",4,6,2558,1278,1280
050,45,007,"South Carolina","Anderson County",4,7,2595,1354,1241
050,45,007,"South Carolina","Anderson County",4,8,2674,1372,1302
050,45,007,"South Carolina","Anderson County",4,9,2733,1380,1353
050,45,007,"South Carolina","Anderson County",4,10,2607,1306,1301
050,45,007,"South Carolina","Anderson County",4,11,2707,1396,1311
050,45,007,"South Carolina","Anderson County",4,12,2788,1390,1398
050,45,007,"South Carolina","Anderson County",4,13,2925,1477,1448
050,45,007,"South Carolina","Anderson County",4,14,3072,1571,1501
050,45,007,"South Carolina","Anderson County",4,15,3017,1542,1475
050,45,007,"South Carolina","Anderson County",4,16,2925,1492,1433
050,45,007,"South Carolina","Anderson County",4,17,2748,1381,1367
050,45,007,"South Carolina","Anderson County",4,18,2588,1308,1280
050,45,007,"South Carolina","Anderson County",4,19,2379,1152,1227
050,45,007,"South Carolina","Anderson County",4,20,2439,1178,1261
050,45,007,"South Carolina","Anderson County",4,21,2476,1221,1255
050,45,007,"South Carolina","Anderson County",4,22,2576,1271,1305
050,45,007,"South Carolina","Anderson County",4,23,2479,1253,1226
050,45,007,"South Carolina","Anderson County",4,24,2529,1292,1237
050,45,007,"South Carolina","Anderson County",4,25,2504,1238,1266
050,45,007,"South Carolina","Anderson County",4,26,2511,1247,1264
050,45,007,"South Carolina","Anderson County",4,27,2514,1255,1259
050,45,007,"South Carolina","Anderson County",4,28,2591,1276,1315
050,45,007,"South Carolina","Anderson County",4,29,2658,1277,1381
050,45,007,"South Carolina","Anderson County",4,30,2736,1298,1438
050,45,007,"South Carolina","Anderson County",4,31,2853,1376,1477
050,45,007,"South Carolina","Anderson County",4,32,2793,1364,1429
050,45,007,"South Carolina","Anderson County",4,33,2691,1270,1421
050,45,007,"South Carolina","Anderson County",4,34,2636,1235,1401
050,45,007,"South Carolina","Anderson County",4,35,2555,1215,1340
050,45,007,"South Carolina","Anderson County",4,36,2528,1204,1324
050,45,007,"South Carolina","Anderson County",4,37,2492,1216,1276
050,45,007,"South Carolina","Anderson County",4,38,2372,1117,1255
050,45,007,"South Carolina","Anderson County",4,39,2511,1187,1324
050,45,007,"South Carolina","Anderson County",4,40,2560,1236,1324
050,45,007,"South Carolina","Anderson County",4,41,2562,1204,1358
050,45,007,"South Carolina","Anderson County",4,42,2651,1255,1396
050,45,007,"South Carolina","Anderson County",4,43,2516,1235,1281
050,45,007,"South Carolina","Anderson County",4,44,2522,1229,1293
050,45,007,"South Carolina","Anderson County",4,45,2480,1198,1282
050,45,007,"South Carolina","Anderson County",4,46,2380,1162,1218
050,45,007,"South Carolina","Anderson County",4,47,2507,1211,1296
050,45,007,"South Carolina","Anderson County",4,48,2473,1204,1269
050,45,007,"South Carolina","Anderson County",4,49,2593,1253,1340
050,45,007,"South Carolina","Anderson County",4,50,2758,1366,1392
050,45,007,"South Carolina","Anderson County",4,51,2920,1437,1483
050,45,007,"South Carolina","Anderson County",4,52,2852,1400,1452
050,45,007,"South Carolina","Anderson County",4,53,2761,1358,1403
050,45,007,"South Carolina","Anderson County",4,54,2756,1367,1389
050,45,007,"South Carolina","Anderson County",4,55,2699,1341,1358
050,45,007,"South Carolina","Anderson County",4,56,2646,1292,1354
050,45,007,"South Carolina","Anderson County",4,57,2808,1401,1407
050,45,007,"South Carolina","Anderson County",4,58,2914,1394,1520
050,45,007,"South Carolina","Anderson County",4,59,2906,1369,1537
050,45,007,"South Carolina","Anderson County",4,60,2864,1375,1489
050,45,007,"South Carolina","Anderson County",4,61,2842,1373,1469
050,45,007,"South Carolina","Anderson County",4,62,2839,1389,1450
050,45,007,"South Carolina","Anderson County",4,63,2766,1341,1425
050,45,007,"South Carolina","Anderson County",4,64,2713,1294,1419
050,45,007,"South Carolina","Anderson County",4,65,2674,1261,1413
050,45,007,"South Carolina","Anderson County",4,66,2542,1188,1354
050,45,007,"South Carolina","Anderson County",4,67,2432,1115,1317
050,45,007,"South Carolina","Anderson County",4,68,2332,1063,1269
050,45,007,"South Carolina","Anderson County",4,69,2249,1035,1214
050,45,007,"South Carolina","Anderson County",4,70,2215,1026,1189
050,45,007,"South Carolina","Anderson County",4,71,2154,981,1173
050,45,007,"South Carolina","Anderson County",4,72,2077,966,1111
050,45,007,"South Carolina","Anderson County",4,73,2013,925,1088
050,45,007,"South Carolina","Anderson County",4,74,2007,919,1088
050,45,007,"South Carolina","Anderson County",4,75,2205,997,1208
050,45,007,"South Carolina","Anderson County",4,76,1482,660,822
050,45,007,"South Carolina","Anderson County",4,77,1387,618,769
050,45,007,"South Carolina","Anderson County",4,78,1350,578,772
050,45,007,"South Carolina","Anderson County",4,79,1399,611,788
050,45,007,"South Carolina","Anderson County",4,80,1101,483,618
050,45,007,"South Carolina","Anderson County",4,81,974,435,539
050,45,007,"South Carolina","Anderson County",4,82,877,406,471
050,45,007,"South Carolina","Anderson County",4,83,778,319,459
050,45,007,"South Carolina","Anderson County",4,84,708,291,417
050,45,007,"South Carolina","Anderson County",4,85,3520,1172,2348
050,45,007,"South Carolina","Anderson County",5,0,2233,1155,1078
050,45,007,"South Carolina","Anderson County",5,1,2345,1208,1137
050,45,007,"South Carolina","Anderson County",5,2,2346,1233,1113
050,45,007,"South Carolina","Anderson County",5,3,2345,1215,1130
050,45,007,"South Carolina","Anderson County",5,4,2415,1241,1174
050,45,007,"South Carolina","Anderson County",5,5,2500,1282,1218
050,45,007,"South Carolina","Anderson County",5,6,2632,1333,1299
050,45,007,"South Carolina","Anderson County",5,7,2609,1294,1315
050,45,007,"South Carolina","Anderson County",5,8,2655,1370,1285
050,45,007,"South Carolina","Anderson County",5,9,2722,1393,1329
050,45,007,"South Carolina","Anderson County",5,10,2790,1403,1387
050,45,007,"South Carolina","Anderson County",5,11,2690,1353,1337
050,45,007,"South Carolina","Anderson County",5,12,2754,1415,1339
050,45,007,"South Carolina","Anderson County",5,13,2861,1425,1436
050,45,007,"South Carolina","Anderson County",5,14,2952,1479,1473
050,45,007,"South Carolina","Anderson County",5,15,3094,1588,1506
050,45,007,"South Carolina","Anderson County",5,16,3052,1560,1492
050,45,007,"South Carolina","Anderson County",5,17,2943,1507,1436
050,45,007,"South Carolina","Anderson County",5,18,2591,1290,1301
050,45,007,"South Carolina","Anderson County",5,19,2397,1177,1220
050,45,007,"South Carolina","Anderson County",5,20,2434,1162,1272
050,45,007,"South Carolina","Anderson County",5,21,2456,1232,1224
050,45,007,"South Carolina","Anderson County",5,22,2562,1256,1306
050,45,007,"South Carolina","Anderson County",5,23,2657,1317,1340
050,45,007,"South Carolina","Anderson County",5,24,2540,1321,1219
050,45,007,"South Carolina","Anderson County",5,25,2596,1315,1281
050,45,007,"South Carolina","Anderson County",5,26,2565,1241,1324
050,45,007,"South Carolina","Anderson County",5,27,2541,1260,1281
050,45,007,"South Carolina","Anderson County",5,28,2527,1245,1282
050,45,007,"South Carolina","Anderson County",5,29,2713,1353,1360
050,45,007,"South Carolina","Anderson County",5,30,2711,1304,1407
050,45,007,"South Carolina","Anderson County",5,31,2811,1342,1469
050,45,007,"South Carolina","Anderson County",5,32,2910,1388,1522
050,45,007,"South Carolina","Anderson County",5,33,2894,1417,1477
050,45,007,"South Carolina","Anderson County",5,34,2785,1328,1457
050,45,007,"South Carolina","Anderson County",5,35,2713,1298,1415
050,45,007,"South Carolina","Anderson County",5,36,2584,1235,1349
050,45,007,"South Carolina","Anderson County",5,37,2609,1248,1361
050,45,007,"South Carolina","Anderson County",5,38,2541,1226,1315
050,45,007,"South Carolina","Anderson County",5,39,2442,1151,1291
050,45,007,"South Carolina","Anderson County",5,40,2561,1205,1356
050,45,007,"South Carolina","Anderson County",5,41,2608,1258,1350
050,45,007,"South Carolina","Anderson County",5,42,2611,1240,1371
050,45,007,"South Carolina","Anderson County",5,43,2731,1309,1422
050,45,007,"South Carolina","Anderson County",5,44,2554,1245,1309
050,45,007,"South Carolina","Anderson County",5,45,2569,1255,1314
050,45,007,"South Carolina","Anderson County",5,46,2493,1207,1286
050,45,007,"South Carolina","Anderson County",5,47,2400,1175,1225
050,45,007,"South Carolina","Anderson County",5,48,2530,1233,1297
050,45,007,"South Carolina","Anderson County",5,49,2508,1214,1294
050,45,007,"South Carolina","Anderson County",5,50,2621,1267,1354
050,45,007,"South Carolina","Anderson County",5,51,2814,1391,1423
050,45,007,"South Carolina","Anderson County",5,52,2923,1451,1472
050,45,007,"South Carolina","Anderson County",5,53,2891,1423,1468
050,45,007,"South Carolina","Anderson County",5,54,2801,1370,1431
050,45,007,"South Carolina","Anderson County",5,55,2755,1359,1396
050,45,007,"South Carolina","Anderson County",5,56,2697,1332,1365
050,45,007,"South Carolina","Anderson County",5,57,2645,1300,1345
050,45,007,"South Carolina","Anderson County",5,58,2828,1410,1418
050,45,007,"South Carolina","Anderson County",5,59,2938,1410,1528
050,45,007,"South Carolina","Anderson County",5,60,2968,1390,1578
050,45,007,"South Carolina","Anderson County",5,61,2851,1368,1483
050,45,007,"South Carolina","Anderson County",5,62,2857,1385,1472
050,45,007,"South Carolina","Anderson County",5,63,2871,1417,1454
050,45,007,"South Carolina","Anderson County",5,64,2830,1353,1477
050,45,007,"South Carolina","Anderson County",5,65,2738,1294,1444
050,45,007,"South Carolina","Anderson County",5,66,2664,1248,1416
050,45,007,"South Carolina","Anderson County",5,67,2543,1198,1345
050,45,007,"South Carolina","Anderson County",5,68,2438,1119,1319
050,45,007,"South Carolina","Anderson County",5,69,2295,1047,1248
050,45,007,"South Carolina","Anderson County",5,70,2244,1020,1224
050,45,007,"South Carolina","Anderson County",5,71,2178,1005,1173
050,45,007,"South Carolina","Anderson County",5,72,2127,965,1162
050,45,007,"South Carolina","Anderson County",5,73,2012,939,1073
050,45,007,"South Carolina","Anderson County",5,74,1928,869,1059
050,45,007,"South Carolina","Anderson County",5,75,1977,893,1084
050,45,007,"South Carolina","Anderson County",5,76,2130,956,1174
050,45,007,"South Carolina","Anderson County",5,77,1421,620,801
050,45,007,"South Carolina","Anderson County",5,78,1336,585,751
050,45,007,"South Carolina","Anderson County",5,79,1305,549,756
050,45,007,"South Carolina","Anderson County",5,80,1327,574,753
050,45,007,"South Carolina","Anderson County",5,81,1034,455,579
050,45,007,"South Carolina","Anderson County",5,82,898,397,501
050,45,007,"South Carolina","Anderson County",5,83,796,373,423
050,45,007,"South Carolina","Anderson County",5,84,709,294,415
050,45,007,"South Carolina","Anderson County",5,85,3604,1205,2399
050,45,009,"South Carolina","Bamberg County",1,0,132,67,65
050,45,009,"South Carolina","Bamberg County",1,1,112,58,54
050,45,009,"South Carolina","Bamberg County",1,2,127,67,60
050,45,009,"South Carolina","Bamberg County",1,3,123,67,56
050,45,009,"South Carolina","Bamberg County",1,4,118,62,56
050,45,009,"South Carolina","Bamberg County",1,5,127,65,62
050,45,009,"South Carolina","Bamberg County",1,6,135,75,60
050,45,009,"South Carolina","Bamberg County",1,7,135,63,72
050,45,009,"South Carolina","Bamberg County",1,8,144,65,79
050,45,009,"South Carolina","Bamberg County",1,9,143,72,71
050,45,009,"South Carolina","Bamberg County",1,10,135,66,69
050,45,009,"South Carolina","Bamberg County",1,11,148,77,71
050,45,009,"South Carolina","Bamberg County",1,12,155,80,75
050,45,009,"South Carolina","Bamberg County",1,13,158,83,75
050,45,009,"South Carolina","Bamberg County",1,14,136,64,72
050,45,009,"South Carolina","Bamberg County",1,15,141,62,79
050,45,009,"South Carolina","Bamberg County",1,16,137,67,70
050,45,009,"South Carolina","Bamberg County",1,17,167,90,77
050,45,009,"South Carolina","Bamberg County",1,18,250,137,113
050,45,009,"South Carolina","Bamberg County",1,19,322,164,158
050,45,009,"South Carolina","Bamberg County",1,20,291,147,144
050,45,009,"South Carolina","Bamberg County",1,21,224,116,108
050,45,009,"South Carolina","Bamberg County",1,22,190,102,88
050,45,009,"South Carolina","Bamberg County",1,23,161,88,73
050,45,009,"South Carolina","Bamberg County",1,24,148,88,60
050,45,009,"South Carolina","Bamberg County",1,25,156,84,72
050,45,009,"South Carolina","Bamberg County",1,26,148,81,67
050,45,009,"South Carolina","Bamberg County",1,27,143,67,76
050,45,009,"South Carolina","Bamberg County",1,28,138,69,69
050,45,009,"South Carolina","Bamberg County",1,29,159,81,78
050,45,009,"South Carolina","Bamberg County",1,30,161,68,93
050,45,009,"South Carolina","Bamberg County",1,31,150,67,83
050,45,009,"South Carolina","Bamberg County",1,32,137,65,72
050,45,009,"South Carolina","Bamberg County",1,33,110,59,51
050,45,009,"South Carolina","Bamberg County",1,34,121,55,66
050,45,009,"South Carolina","Bamberg County",1,35,116,58,58
050,45,009,"South Carolina","Bamberg County",1,36,123,62,61
050,45,009,"South Carolina","Bamberg County",1,37,125,63,62
050,45,009,"South Carolina","Bamberg County",1,38,127,58,69
050,45,009,"South Carolina","Bamberg County",1,39,126,58,68
050,45,009,"South Carolina","Bamberg County",1,40,122,53,69
050,45,009,"South Carolina","Bamberg County",1,41,137,61,76
050,45,009,"South Carolina","Bamberg County",1,42,132,68,64
050,45,009,"South Carolina","Bamberg County",1,43,140,69,71
050,45,009,"South Carolina","Bamberg County",1,44,121,60,61
050,45,009,"South Carolina","Bamberg County",1,45,129,53,76
050,45,009,"South Carolina","Bamberg County",1,46,143,66,77
050,45,009,"South Carolina","Bamberg County",1,47,136,59,77
050,45,009,"South Carolina","Bamberg County",1,48,156,72,84
050,45,009,"South Carolina","Bamberg County",1,49,165,79,86
050,45,009,"South Carolina","Bamberg County",1,50,162,77,85
050,45,009,"South Carolina","Bamberg County",1,51,153,74,79
050,45,009,"South Carolina","Bamberg County",1,52,140,69,71
050,45,009,"South Carolina","Bamberg County",1,53,160,77,83
050,45,009,"South Carolina","Bamberg County",1,54,198,92,106
050,45,009,"South Carolina","Bamberg County",1,55,201,96,105
050,45,009,"South Carolina","Bamberg County",1,56,200,87,113
050,45,009,"South Carolina","Bamberg County",1,57,194,95,99
050,45,009,"South Carolina","Bamberg County",1,58,201,103,98
050,45,009,"South Carolina","Bamberg County",1,59,207,96,111
050,45,009,"South Carolina","Bamberg County",1,60,189,88,101
050,45,009,"South Carolina","Bamberg County",1,61,172,87,85
050,45,009,"South Carolina","Bamberg County",1,62,185,89,96
050,45,009,"South Carolina","Bamberg County",1,63,210,108,102
050,45,009,"South Carolina","Bamberg County",1,64,218,100,118
050,45,009,"South Carolina","Bamberg County",1,65,212,96,116
050,45,009,"South Carolina","Bamberg County",1,66,204,93,111
050,45,009,"South Carolina","Bamberg County",1,67,192,88,104
050,45,009,"South Carolina","Bamberg County",1,68,187,90,97
050,45,009,"South Carolina","Bamberg County",1,69,196,92,104
050,45,009,"South Carolina","Bamberg County",1,70,195,81,114
050,45,009,"South Carolina","Bamberg County",1,71,175,79,96
050,45,009,"South Carolina","Bamberg County",1,72,166,69,97
050,45,009,"South Carolina","Bamberg County",1,73,168,76,92
050,45,009,"South Carolina","Bamberg County",1,74,109,46,63
050,45,009,"South Carolina","Bamberg County",1,75,124,56,68
050,45,009,"South Carolina","Bamberg County",1,76,117,50,67
050,45,009,"South Carolina","Bamberg County",1,77,110,47,63
050,45,009,"South Carolina","Bamberg County",1,78,96,43,53
050,45,009,"South Carolina","Bamberg County",1,79,93,40,53
050,45,009,"South Carolina","Bamberg County",1,80,86,44,42
050,45,009,"South Carolina","Bamberg County",1,81,87,40,47
050,45,009,"South Carolina","Bamberg County",1,82,66,23,43
050,45,009,"South Carolina","Bamberg County",1,83,46,21,25
050,45,009,"South Carolina","Bamberg County",1,84,51,20,31
050,45,009,"South Carolina","Bamberg County",1,85,363,109,254
050,45,009,"South Carolina","Bamberg County",2,0,124,61,63
050,45,009,"South Carolina","Bamberg County",2,1,115,60,55
050,45,009,"South Carolina","Bamberg County",2,2,125,66,59
050,45,009,"South Carolina","Bamberg County",2,3,123,67,56
050,45,009,"South Carolina","Bamberg County",2,4,119,62,57
050,45,009,"South Carolina","Bamberg County",2,5,126,65,61
050,45,009,"South Carolina","Bamberg County",2,6,132,72,60
050,45,009,"South Carolina","Bamberg County",2,7,132,64,68
050,45,009,"South Carolina","Bamberg County",2,8,140,64,76
050,45,009,"South Carolina","Bamberg County",2,9,142,69,73
050,45,009,"South Carolina","Bamberg County",2,10,135,66,69
050,45,009,"South Carolina","Bamberg County",2,11,141,72,69
050,45,009,"South Carolina","Bamberg County",2,12,154,80,74
050,45,009,"South Carolina","Bamberg County",2,13,155,81,74
050,45,009,"South Carolina","Bamberg County",2,14,139,66,73
050,45,009,"South Carolina","Bamberg County",2,15,136,60,76
050,45,009,"South Carolina","Bamberg County",2,16,138,66,72
050,45,009,"South Carolina","Bamberg County",2,17,161,86,75
050,45,009,"South Carolina","Bamberg County",2,18,245,132,113
050,45,009,"South Carolina","Bamberg County",2,19,319,165,154
050,45,009,"South Carolina","Bamberg County",2,20,290,144,146
050,45,009,"South Carolina","Bamberg County",2,21,225,118,107
050,45,009,"South Carolina","Bamberg County",2,22,193,101,92
050,45,009,"South Carolina","Bamberg County",2,23,159,88,71
050,45,009,"South Carolina","Bamberg County",2,24,146,85,61
050,45,009,"South Carolina","Bamberg County",2,25,152,84,68
050,45,009,"South Carolina","Bamberg County",2,26,149,81,68
050,45,009,"South Carolina","Bamberg County",2,27,145,71,74
050,45,009,"South Carolina","Bamberg County",2,28,139,69,70
050,45,009,"South Carolina","Bamberg County",2,29,154,78,76
050,45,009,"South Carolina","Bamberg County",2,30,161,71,90
050,45,009,"South Carolina","Bamberg County",2,31,151,66,85
050,45,009,"South Carolina","Bamberg County",2,32,140,66,74
050,45,009,"South Carolina","Bamberg County",2,33,117,60,57
050,45,009,"South Carolina","Bamberg County",2,34,116,56,60
050,45,009,"South Carolina","Bamberg County",2,35,118,57,61
050,45,009,"South Carolina","Bamberg County",2,36,121,61,60
050,45,009,"South Carolina","Bamberg County",2,37,125,64,61
050,45,009,"South Carolina","Bamberg County",2,38,128,60,68
050,45,009,"South Carolina","Bamberg County",2,39,125,58,67
050,45,009,"South Carolina","Bamberg County",2,40,124,54,70
050,45,009,"South Carolina","Bamberg County",2,41,133,59,74
050,45,009,"South Carolina","Bamberg County",2,42,132,65,67
050,45,009,"South Carolina","Bamberg County",2,43,139,70,69
050,45,009,"South Carolina","Bamberg County",2,44,123,61,62
050,45,009,"South Carolina","Bamberg County",2,45,129,56,73
050,45,009,"South Carolina","Bamberg County",2,46,138,63,75
050,45,009,"South Carolina","Bamberg County",2,47,139,61,78
050,45,009,"South Carolina","Bamberg County",2,48,151,69,82
050,45,009,"South Carolina","Bamberg County",2,49,164,78,86
050,45,009,"South Carolina","Bamberg County",2,50,161,77,84
050,45,009,"South Carolina","Bamberg County",2,51,155,74,81
050,45,009,"South Carolina","Bamberg County",2,52,143,70,73
050,45,009,"South Carolina","Bamberg County",2,53,157,76,81
050,45,009,"South Carolina","Bamberg County",2,54,187,86,101
050,45,009,"South Carolina","Bamberg County",2,55,200,94,106
050,45,009,"South Carolina","Bamberg County",2,56,201,90,111
050,45,009,"South Carolina","Bamberg County",2,57,197,94,103
050,45,009,"South Carolina","Bamberg County",2,58,197,99,98
050,45,009,"South Carolina","Bamberg County",2,59,205,97,108
050,45,009,"South Carolina","Bamberg County",2,60,192,89,103
050,45,009,"South Carolina","Bamberg County",2,61,174,86,88
050,45,009,"South Carolina","Bamberg County",2,62,179,88,91
050,45,009,"South Carolina","Bamberg County",2,63,205,103,102
050,45,009,"South Carolina","Bamberg County",2,64,210,99,111
050,45,009,"South Carolina","Bamberg County",2,65,215,97,118
050,45,009,"South Carolina","Bamberg County",2,66,207,93,114
050,45,009,"South Carolina","Bamberg County",2,67,191,88,103
050,45,009,"South Carolina","Bamberg County",2,68,185,87,98
050,45,009,"South Carolina","Bamberg County",2,69,194,91,103
050,45,009,"South Carolina","Bamberg County",2,70,194,81,113
050,45,009,"South Carolina","Bamberg County",2,71,178,79,99
050,45,009,"South Carolina","Bamberg County",2,72,167,70,97
050,45,009,"South Carolina","Bamberg County",2,73,172,76,96
050,45,009,"South Carolina","Bamberg County",2,74,116,50,66
050,45,009,"South Carolina","Bamberg County",2,75,120,53,67
050,45,009,"South Carolina","Bamberg County",2,76,116,49,67
050,45,009,"South Carolina","Bamberg County",2,77,113,47,66
050,45,009,"South Carolina","Bamberg County",2,78,97,42,55
050,45,009,"South Carolina","Bamberg County",2,79,94,40,54
050,45,009,"South Carolina","Bamberg County",2,80,88,43,45
050,45,009,"South Carolina","Bamberg County",2,81,86,41,45
050,45,009,"South Carolina","Bamberg County",2,82,71,27,44
050,45,009,"South Carolina","Bamberg County",2,83,51,22,29
050,45,009,"South Carolina","Bamberg County",2,84,49,19,30
050,45,009,"South Carolina","Bamberg County",2,85,366,111,255
050,45,009,"South Carolina","Bamberg County",3,0,132,78,54
050,45,009,"South Carolina","Bamberg County",3,1,140,73,67
050,45,009,"South Carolina","Bamberg County",3,2,109,55,54
050,45,009,"South Carolina","Bamberg County",3,3,126,68,58
050,45,009,"South Carolina","Bamberg County",3,4,115,60,55
050,45,009,"South Carolina","Bamberg County",3,5,115,57,58
050,45,009,"South Carolina","Bamberg County",3,6,114,55,59
050,45,009,"South Carolina","Bamberg County",3,7,130,73,57
050,45,009,"South Carolina","Bamberg County",3,8,138,66,72
050,45,009,"South Carolina","Bamberg County",3,9,140,59,81
050,45,009,"South Carolina","Bamberg County",3,10,145,73,72
050,45,009,"South Carolina","Bamberg County",3,11,126,62,64
050,45,009,"South Carolina","Bamberg County",3,12,146,76,70
050,45,009,"South Carolina","Bamberg County",3,13,148,73,75
050,45,009,"South Carolina","Bamberg County",3,14,145,74,71
050,45,009,"South Carolina","Bamberg County",3,15,140,62,78
050,45,009,"South Carolina","Bamberg County",3,16,141,62,79
050,45,009,"South Carolina","Bamberg County",3,17,145,74,71
050,45,009,"South Carolina","Bamberg County",3,18,239,128,111
050,45,009,"South Carolina","Bamberg County",3,19,302,160,142
050,45,009,"South Carolina","Bamberg County",3,20,282,142,140
050,45,009,"South Carolina","Bamberg County",3,21,234,119,115
050,45,009,"South Carolina","Bamberg County",3,22,199,101,98
050,45,009,"South Carolina","Bamberg County",3,23,159,83,76
050,45,009,"South Carolina","Bamberg County",3,24,144,84,60
050,45,009,"South Carolina","Bamberg County",3,25,126,74,52
050,45,009,"South Carolina","Bamberg County",3,26,136,79,57
050,45,009,"South Carolina","Bamberg County",3,27,146,81,65
050,45,009,"South Carolina","Bamberg County",3,28,149,71,78
050,45,009,"South Carolina","Bamberg County",3,29,148,76,72
050,45,009,"South Carolina","Bamberg County",3,30,151,76,75
050,45,009,"South Carolina","Bamberg County",3,31,157,64,93
050,45,009,"South Carolina","Bamberg County",3,32,147,67,80
050,45,009,"South Carolina","Bamberg County",3,33,132,66,66
050,45,009,"South Carolina","Bamberg County",3,34,114,58,56
050,45,009,"South Carolina","Bamberg County",3,35,115,56,59
050,45,009,"South Carolina","Bamberg County",3,36,124,59,65
050,45,009,"South Carolina","Bamberg County",3,37,117,55,62
050,45,009,"South Carolina","Bamberg County",3,38,125,64,61
050,45,009,"South Carolina","Bamberg County",3,39,133,58,75
050,45,009,"South Carolina","Bamberg County",3,40,119,57,62
050,45,009,"South Carolina","Bamberg County",3,41,126,57,69
050,45,009,"South Carolina","Bamberg County",3,42,124,54,70
050,45,009,"South Carolina","Bamberg County",3,43,138,73,65
050,45,009,"South Carolina","Bamberg County",3,44,139,69,70
050,45,009,"South Carolina","Bamberg County",3,45,132,66,66
050,45,009,"South Carolina","Bamberg County",3,46,126,53,73
050,45,009,"South Carolina","Bamberg County",3,47,136,61,75
050,45,009,"South Carolina","Bamberg County",3,48,153,70,83
050,45,009,"South Carolina","Bamberg County",3,49,148,69,79
050,45,009,"South Carolina","Bamberg County",3,50,165,77,88
050,45,009,"South Carolina","Bamberg County",3,51,165,75,90
050,45,009,"South Carolina","Bamberg County",3,52,150,71,79
050,45,009,"South Carolina","Bamberg County",3,53,142,68,74
050,45,009,"South Carolina","Bamberg County",3,54,157,73,84
050,45,009,"South Carolina","Bamberg County",3,55,190,86,104
050,45,009,"South Carolina","Bamberg County",3,56,198,91,107
050,45,009,"South Carolina","Bamberg County",3,57,204,90,114
050,45,009,"South Carolina","Bamberg County",3,58,196,92,104
050,45,009,"South Carolina","Bamberg County",3,59,195,95,100
050,45,009,"South Carolina","Bamberg County",3,60,206,99,107
050,45,009,"South Carolina","Bamberg County",3,61,188,84,104
050,45,009,"South Carolina","Bamberg County",3,62,175,85,90
050,45,009,"South Carolina","Bamberg County",3,63,180,89,91
050,45,009,"South Carolina","Bamberg County",3,64,198,99,99
050,45,009,"South Carolina","Bamberg County",3,65,203,95,108
050,45,009,"South Carolina","Bamberg County",3,66,214,95,119
050,45,009,"South Carolina","Bamberg County",3,67,193,87,106
050,45,009,"South Carolina","Bamberg County",3,68,192,87,105
050,45,009,"South Carolina","Bamberg County",3,69,179,81,98
050,45,009,"South Carolina","Bamberg County",3,70,192,88,104
050,45,009,"South Carolina","Bamberg County",3,71,177,71,106
050,45,009,"South Carolina","Bamberg County",3,72,170,75,95
050,45,009,"South Carolina","Bamberg County",3,73,162,68,94
050,45,009,"South Carolina","Bamberg County",3,74,163,66,97
050,45,009,"South Carolina","Bamberg County",3,75,118,55,63
050,45,009,"South Carolina","Bamberg County",3,76,114,49,65
050,45,009,"South Carolina","Bamberg County",3,77,112,48,64
050,45,009,"South Carolina","Bamberg County",3,78,106,46,60
050,45,009,"South Carolina","Bamberg County",3,79,90,39,51
050,45,009,"South Carolina","Bamberg County",3,80,86,40,46
050,45,009,"South Carolina","Bamberg County",3,81,80,40,40
050,45,009,"South Carolina","Bamberg County",3,82,75,35,40
050,45,009,"South Carolina","Bamberg County",3,83,67,27,40
050,45,009,"South Carolina","Bamberg County",3,84,46,20,26
050,45,009,"South Carolina","Bamberg County",3,85,354,106,248
050,45,009,"South Carolina","Bamberg County",4,0,132,71,61
050,45,009,"South Carolina","Bamberg County",4,1,116,69,47
050,45,009,"South Carolina","Bamberg County",4,2,138,70,68
050,45,009,"South Carolina","Bamberg County",4,3,110,56,54
050,45,009,"South Carolina","Bamberg County",4,4,134,68,66
050,45,009,"South Carolina","Bamberg County",4,5,117,59,58
050,45,009,"South Carolina","Bamberg County",4,6,117,58,59
050,45,009,"South Carolina","Bamberg County",4,7,123,60,63
050,45,009,"South Carolina","Bamberg County",4,8,129,71,58
050,45,009,"South Carolina","Bamberg County",4,9,135,62,73
050,45,009,"South Carolina","Bamberg County",4,10,137,63,74
050,45,009,"South Carolina","Bamberg County",4,11,142,75,67
050,45,009,"South Carolina","Bamberg County",4,12,126,64,62
050,45,009,"South Carolina","Bamberg County",4,13,141,75,66
050,45,009,"South Carolina","Bamberg County",4,14,148,77,71
050,45,009,"South Carolina","Bamberg County",4,15,149,78,71
050,45,009,"South Carolina","Bamberg County",4,16,143,63,80
050,45,009,"South Carolina","Bamberg County",4,17,163,66,97
050,45,009,"South Carolina","Bamberg County",4,18,215,110,105
050,45,009,"South Carolina","Bamberg County",4,19,302,163,139
050,45,009,"South Carolina","Bamberg County",4,20,267,132,135
050,45,009,"South Carolina","Bamberg County",4,21,235,122,113
050,45,009,"South Carolina","Bamberg County",4,22,200,101,99
050,45,009,"South Carolina","Bamberg County",4,23,164,82,82
050,45,009,"South Carolina","Bamberg County",4,24,144,78,66
050,45,009,"South Carolina","Bamberg County",4,25,131,72,59
050,45,009,"South Carolina","Bamberg County",4,26,115,68,47
050,45,009,"South Carolina","Bamberg County",4,27,141,77,64
050,45,009,"South Carolina","Bamberg County",4,28,133,79,54
050,45,009,"South Carolina","Bamberg County",4,29,158,79,79
050,45,009,"South Carolina","Bamberg County",4,30,143,66,77
050,45,009,"South Carolina","Bamberg County",4,31,158,77,81
050,45,009,"South Carolina","Bamberg County",4,32,146,63,83
050,45,009,"South Carolina","Bamberg County",4,33,145,68,77
050,45,009,"South Carolina","Bamberg County",4,34,133,66,67
050,45,009,"South Carolina","Bamberg County",4,35,120,63,57
050,45,009,"South Carolina","Bamberg County",4,36,111,55,56
050,45,009,"South Carolina","Bamberg County",4,37,116,55,61
050,45,009,"South Carolina","Bamberg County",4,38,117,57,60
050,45,009,"South Carolina","Bamberg County",4,39,125,66,59
050,45,009,"South Carolina","Bamberg County",4,40,137,58,79
050,45,009,"South Carolina","Bamberg County",4,41,115,59,56
050,45,009,"South Carolina","Bamberg County",4,42,118,51,67
050,45,009,"South Carolina","Bamberg County",4,43,119,55,64
050,45,009,"South Carolina","Bamberg County",4,44,138,72,66
050,45,009,"South Carolina","Bamberg County",4,45,146,72,74
050,45,009,"South Carolina","Bamberg County",4,46,129,63,66
050,45,009,"South Carolina","Bamberg County",4,47,121,49,72
050,45,009,"South Carolina","Bamberg County",4,48,135,61,74
050,45,009,"South Carolina","Bamberg County",4,49,145,70,75
050,45,009,"South Carolina","Bamberg County",4,50,152,69,83
050,45,009,"South Carolina","Bamberg County",4,51,159,70,89
050,45,009,"South Carolina","Bamberg County",4,52,162,74,88
050,45,009,"South Carolina","Bamberg County",4,53,141,68,73
050,45,009,"South Carolina","Bamberg County",4,54,140,73,67
050,45,009,"South Carolina","Bamberg County",4,55,156,73,83
050,45,009,"South Carolina","Bamberg County",4,56,176,79,97
050,45,009,"South Carolina","Bamberg County",4,57,188,88,100
050,45,009,"South Carolina","Bamberg County",4,58,196,82,114
050,45,009,"South Carolina","Bamberg County",4,59,197,92,105
050,45,009,"South Carolina","Bamberg County",4,60,184,95,89
050,45,009,"South Carolina","Bamberg County",4,61,198,93,105
050,45,009,"South Carolina","Bamberg County",4,62,190,84,106
050,45,009,"South Carolina","Bamberg County",4,63,173,84,89
050,45,009,"South Carolina","Bamberg County",4,64,176,87,89
050,45,009,"South Carolina","Bamberg County",4,65,195,94,101
050,45,009,"South Carolina","Bamberg County",4,66,208,96,112
050,45,009,"South Carolina","Bamberg County",4,67,208,91,117
050,45,009,"South Carolina","Bamberg County",4,68,186,81,105
050,45,009,"South Carolina","Bamberg County",4,69,186,87,99
050,45,009,"South Carolina","Bamberg County",4,70,186,82,104
050,45,009,"South Carolina","Bamberg County",4,71,182,84,98
050,45,009,"South Carolina","Bamberg County",4,72,171,67,104
050,45,009,"South Carolina","Bamberg County",4,73,165,72,93
050,45,009,"South Carolina","Bamberg County",4,74,152,60,92
050,45,009,"South Carolina","Bamberg County",4,75,164,69,95
050,45,009,"South Carolina","Bamberg County",4,76,110,48,62
050,45,009,"South Carolina","Bamberg County",4,77,114,48,66
050,45,009,"South Carolina","Bamberg County",4,78,104,46,58
050,45,009,"South Carolina","Bamberg County",4,79,106,45,61
050,45,009,"South Carolina","Bamberg County",4,80,78,36,42
050,45,009,"South Carolina","Bamberg County",4,81,75,36,39
050,45,009,"South Carolina","Bamberg County",4,82,71,35,36
050,45,009,"South Carolina","Bamberg County",4,83,73,35,38
050,45,009,"South Carolina","Bamberg County",4,84,64,27,37
050,45,009,"South Carolina","Bamberg County",4,85,342,102,240
050,45,009,"South Carolina","Bamberg County",5,0,130,70,60
050,45,009,"South Carolina","Bamberg County",5,1,124,63,61
050,45,009,"South Carolina","Bamberg County",5,2,123,68,55
050,45,009,"South Carolina","Bamberg County",5,3,132,70,62
050,45,009,"South Carolina","Bamberg County",5,4,112,55,57
050,45,009,"South Carolina","Bamberg County",5,5,122,63,59
050,45,009,"South Carolina","Bamberg County",5,6,129,64,65
050,45,009,"South Carolina","Bamberg County",5,7,124,63,61
050,45,009,"South Carolina","Bamberg County",5,8,127,55,72
050,45,009,"South Carolina","Bamberg County",5,9,137,75,62
050,45,009,"South Carolina","Bamberg County",5,10,133,67,66
050,45,009,"South Carolina","Bamberg County",5,11,143,67,76
050,45,009,"South Carolina","Bamberg County",5,12,140,74,66
050,45,009,"South Carolina","Bamberg County",5,13,126,61,65
050,45,009,"South Carolina","Bamberg County",5,14,147,74,73
050,45,009,"South Carolina","Bamberg County",5,15,148,81,67
050,45,009,"South Carolina","Bamberg County",5,16,158,81,77
050,45,009,"South Carolina","Bamberg County",5,17,170,75,95
050,45,009,"South Carolina","Bamberg County",5,18,237,112,125
050,45,009,"South Carolina","Bamberg County",5,19,291,152,139
050,45,009,"South Carolina","Bamberg County",5,20,267,134,133
050,45,009,"South Carolina","Bamberg County",5,21,206,111,95
050,45,009,"South Carolina","Bamberg County",5,22,221,107,114
050,45,009,"South Carolina","Bamberg County",5,23,164,82,82
050,45,009,"South Carolina","Bamberg County",5,24,155,83,72
050,45,009,"South Carolina","Bamberg County",5,25,138,72,66
050,45,009,"South Carolina","Bamberg County",5,26,129,71,58
050,45,009,"South Carolina","Bamberg County",5,27,117,62,55
050,45,009,"South Carolina","Bamberg County",5,28,142,80,62
050,45,009,"South Carolina","Bamberg County",5,29,131,80,51
050,45,009,"South Carolina","Bamberg County",5,30,153,76,77
050,45,009,"South Carolina","Bamberg County",5,31,136,64,72
050,45,009,"South Carolina","Bamberg County",5,32,152,84,68
050,45,009,"South Carolina","Bamberg County",5,33,150,65,85
050,45,009,"South Carolina","Bamberg County",5,34,138,65,73
050,45,009,"South Carolina","Bamberg County",5,35,134,66,68
050,45,009,"South Carolina","Bamberg County",5,36,121,64,57
050,45,009,"South Carolina","Bamberg County",5,37,111,58,53
050,45,009,"South Carolina","Bamberg County",5,38,131,61,70
050,45,009,"South Carolina","Bamberg County",5,39,110,52,58
050,45,009,"South Carolina","Bamberg County",5,40,131,68,63
050,45,009,"South Carolina","Bamberg County",5,41,144,64,80
050,45,009,"South Carolina","Bamberg County",5,42,118,56,62
050,45,009,"South Carolina","Bamberg County",5,43,120,53,67
050,45,009,"South Carolina","Bamberg County",5,44,127,61,66
050,45,009,"South Carolina","Bamberg County",5,45,141,74,67
050,45,009,"South Carolina","Bamberg County",5,46,142,69,73
050,45,009,"South Carolina","Bamberg County",5,47,129,62,67
050,45,009,"South Carolina","Bamberg County",5,48,121,50,71
050,45,009,"South Carolina","Bamberg County",5,49,131,62,69
050,45,009,"South Carolina","Bamberg County",5,50,146,69,77
050,45,009,"South Carolina","Bamberg County",5,51,150,69,81
050,45,009,"South Carolina","Bamberg County",5,52,167,73,94
050,45,009,"South Carolina","Bamberg County",5,53,163,76,87
050,45,009,"South Carolina","Bamberg County",5,54,132,61,71
050,45,009,"South Carolina","Bamberg County",5,55,142,75,67
050,45,009,"South Carolina","Bamberg County",5,56,154,75,79
050,45,009,"South Carolina","Bamberg County",5,57,183,84,99
050,45,009,"South Carolina","Bamberg County",5,58,193,91,102
050,45,009,"South Carolina","Bamberg County",5,59,188,78,110
050,45,009,"South Carolina","Bamberg County",5,60,193,87,106
050,45,009,"South Carolina","Bamberg County",5,61,193,98,95
050,45,009,"South Carolina","Bamberg County",5,62,200,96,104
050,45,009,"South Carolina","Bamberg County",5,63,182,82,100
050,45,009,"South Carolina","Bamberg County",5,64,163,78,85
050,45,009,"South Carolina","Bamberg County",5,65,175,84,91
050,45,009,"South Carolina","Bamberg County",5,66,193,92,101
050,45,009,"South Carolina","Bamberg County",5,67,195,89,106
050,45,009,"South Carolina","Bamberg County",5,68,204,89,115
050,45,009,"South Carolina","Bamberg County",5,69,187,84,103
050,45,009,"South Carolina","Bamberg County",5,70,188,86,102
050,45,009,"South Carolina","Bamberg County",5,71,176,79,97
050,45,009,"South Carolina","Bamberg County",5,72,175,79,96
050,45,009,"South Carolina","Bamberg County",5,73,167,64,103
050,45,009,"South Carolina","Bamberg County",5,74,158,66,92
050,45,009,"South Carolina","Bamberg County",5,75,151,62,89
050,45,009,"South Carolina","Bamberg County",5,76,151,63,88
050,45,009,"South Carolina","Bamberg County",5,77,110,48,62
050,45,009,"South Carolina","Bamberg County",5,78,104,45,59
050,45,009,"South Carolina","Bamberg County",5,79,103,44,59
050,45,009,"South Carolina","Bamberg County",5,80,99,44,55
050,45,009,"South Carolina","Bamberg County",5,81,69,33,36
050,45,009,"South Carolina","Bamberg County",5,82,67,30,37
050,45,009,"South Carolina","Bamberg County",5,83,67,33,34
050,45,009,"South Carolina","Bamberg County",5,84,66,32,34
050,45,009,"South Carolina","Bamberg County",5,85,357,107,250
050,45,011,"South Carolina","Barnwell County",1,0,239,121,118
050,45,011,"South Carolina","Barnwell County",1,1,244,117,127
050,45,011,"South Carolina","Barnwell County",1,2,231,115,116
050,45,011,"South Carolina","Barnwell County",1,3,246,131,115
050,45,011,"South Carolina","Barnwell County",1,4,235,124,111
050,45,011,"South Carolina","Barnwell County",1,5,257,141,116
050,45,011,"South Carolina","Barnwell County",1,6,287,160,127
050,45,011,"South Carolina","Barnwell County",1,7,272,143,129
050,45,011,"South Carolina","Barnwell County",1,8,295,135,160
050,45,011,"South Carolina","Barnwell County",1,9,269,129,140
050,45,011,"South Carolina","Barnwell County",1,10,252,138,114
050,45,011,"South Carolina","Barnwell County",1,11,289,142,147
050,45,011,"South Carolina","Barnwell County",1,12,311,163,148
050,45,011,"South Carolina","Barnwell County",1,13,287,155,132
050,45,011,"South Carolina","Barnwell County",1,14,292,148,144
050,45,011,"South Carolina","Barnwell County",1,15,292,149,143
050,45,011,"South Carolina","Barnwell County",1,16,283,141,142
050,45,011,"South Carolina","Barnwell County",1,17,285,139,146
050,45,011,"South Carolina","Barnwell County",1,18,267,137,130
050,45,011,"South Carolina","Barnwell County",1,19,218,111,107
050,45,011,"South Carolina","Barnwell County",1,20,228,122,106
050,45,011,"South Carolina","Barnwell County",1,21,226,109,117
050,45,011,"South Carolina","Barnwell County",1,22,229,119,110
050,45,011,"South Carolina","Barnwell County",1,23,208,114,94
050,45,011,"South Carolina","Barnwell County",1,24,242,125,117
050,45,011,"South Carolina","Barnwell County",1,25,264,128,136
050,45,011,"South Carolina","Barnwell County",1,26,295,158,137
050,45,011,"South Carolina","Barnwell County",1,27,291,170,121
050,45,011,"South Carolina","Barnwell County",1,28,284,156,128
050,45,011,"South Carolina","Barnwell County",1,29,252,133,119
050,45,011,"South Carolina","Barnwell County",1,30,270,154,116
050,45,011,"South Carolina","Barnwell County",1,31,252,134,118
050,45,011,"South Carolina","Barnwell County",1,32,237,110,127
050,45,011,"South Carolina","Barnwell County",1,33,205,102,103
050,45,011,"South Carolina","Barnwell County",1,34,204,104,100
050,45,011,"South Carolina","Barnwell County",1,35,203,96,107
050,45,011,"South Carolina","Barnwell County",1,36,196,99,97
050,45,011,"South Carolina","Barnwell County",1,37,200,97,103
050,45,011,"South Carolina","Barnwell County",1,38,234,106,128
050,45,011,"South Carolina","Barnwell County",1,39,238,106,132
050,45,011,"South Carolina","Barnwell County",1,40,255,125,130
050,45,011,"South Carolina","Barnwell County",1,41,232,112,120
050,45,011,"South Carolina","Barnwell County",1,42,231,108,123
050,45,011,"South Carolina","Barnwell County",1,43,207,96,111
050,45,011,"South Carolina","Barnwell County",1,44,244,117,127
050,45,011,"South Carolina","Barnwell County",1,45,218,106,112
050,45,011,"South Carolina","Barnwell County",1,46,237,113,124
050,45,011,"South Carolina","Barnwell County",1,47,273,132,141
050,45,011,"South Carolina","Barnwell County",1,48,255,130,125
050,45,011,"South Carolina","Barnwell County",1,49,248,128,120
050,45,011,"South Carolina","Barnwell County",1,50,237,118,119
050,45,011,"South Carolina","Barnwell County",1,51,248,109,139
050,45,011,"South Carolina","Barnwell County",1,52,233,107,126
050,45,011,"South Carolina","Barnwell County",1,53,257,128,129
050,45,011,"South Carolina","Barnwell County",1,54,281,135,146
050,45,011,"South Carolina","Barnwell County",1,55,296,145,151
050,45,011,"South Carolina","Barnwell County",1,56,321,160,161
050,45,011,"South Carolina","Barnwell County",1,57,300,137,163
050,45,011,"South Carolina","Barnwell County",1,58,296,140,156
050,45,011,"South Carolina","Barnwell County",1,59,291,140,151
050,45,011,"South Carolina","Barnwell County",1,60,295,130,165
050,45,011,"South Carolina","Barnwell County",1,61,302,137,165
050,45,011,"South Carolina","Barnwell County",1,62,289,133,156
050,45,011,"South Carolina","Barnwell County",1,63,277,124,153
050,45,011,"South Carolina","Barnwell County",1,64,316,146,170
050,45,011,"South Carolina","Barnwell County",1,65,278,129,149
050,45,011,"South Carolina","Barnwell County",1,66,265,122,143
050,45,011,"South Carolina","Barnwell County",1,67,260,115,145
050,45,011,"South Carolina","Barnwell County",1,68,245,110,135
050,45,011,"South Carolina","Barnwell County",1,69,253,128,125
050,45,011,"South Carolina","Barnwell County",1,70,219,104,115
050,45,011,"South Carolina","Barnwell County",1,71,221,101,120
050,45,011,"South Carolina","Barnwell County",1,72,224,100,124
050,45,011,"South Carolina","Barnwell County",1,73,231,111,120
050,45,011,"South Carolina","Barnwell County",1,74,168,75,93
050,45,011,"South Carolina","Barnwell County",1,75,171,89,82
050,45,011,"South Carolina","Barnwell County",1,76,168,59,109
050,45,011,"South Carolina","Barnwell County",1,77,143,55,88
050,45,011,"South Carolina","Barnwell County",1,78,127,52,75
050,45,011,"South Carolina","Barnwell County",1,79,111,47,64
050,45,011,"South Carolina","Barnwell County",1,80,98,34,64
050,45,011,"South Carolina","Barnwell County",1,81,80,37,43
050,45,011,"South Carolina","Barnwell County",1,82,71,36,35
050,45,011,"South Carolina","Barnwell County",1,83,52,24,28
050,45,011,"South Carolina","Barnwell County",1,84,47,20,27
050,45,011,"South Carolina","Barnwell County",1,85,410,139,271
050,45,011,"South Carolina","Barnwell County",2,0,256,136,120
050,45,011,"South Carolina","Barnwell County",2,1,243,118,125
050,45,011,"South Carolina","Barnwell County",2,2,236,118,118
050,45,011,"South Carolina","Barnwell County",2,3,240,125,115
050,45,011,"South Carolina","Barnwell County",2,4,237,125,112
050,45,011,"South Carolina","Barnwell County",2,5,251,136,115
050,45,011,"South Carolina","Barnwell County",2,6,281,156,125
050,45,011,"South Carolina","Barnwell County",2,7,278,146,132
050,45,011,"South Carolina","Barnwell County",2,8,289,134,155
050,45,011,"South Carolina","Barnwell County",2,9,276,131,145
050,45,011,"South Carolina","Barnwell County",2,10,257,138,119
050,45,011,"South Carolina","Barnwell County",2,11,279,142,137
050,45,011,"South Carolina","Barnwell County",2,12,306,158,148
050,45,011,"South Carolina","Barnwell County",2,13,295,157,138
050,45,011,"South Carolina","Barnwell County",2,14,290,150,140
050,45,011,"South Carolina","Barnwell County",2,15,291,148,143
050,45,011,"South Carolina","Barnwell County",2,16,287,144,143
050,45,011,"South Carolina","Barnwell County",2,17,285,140,145
050,45,011,"South Carolina","Barnwell County",2,18,260,132,128
050,45,011,"South Carolina","Barnwell County",2,19,220,113,107
050,45,011,"South Carolina","Barnwell County",2,20,229,120,109
050,45,011,"South Carolina","Barnwell County",2,21,229,114,115
050,45,011,"South Carolina","Barnwell County",2,22,227,117,110
050,45,011,"South Carolina","Barnwell County",2,23,214,117,97
050,45,011,"South Carolina","Barnwell County",2,24,234,123,111
050,45,011,"South Carolina","Barnwell County",2,25,257,126,131
050,45,011,"South Carolina","Barnwell County",2,26,292,156,136
050,45,011,"South Carolina","Barnwell County",2,27,290,167,123
050,45,011,"South Carolina","Barnwell County",2,28,282,157,125
050,45,011,"South Carolina","Barnwell County",2,29,257,135,122
050,45,011,"South Carolina","Barnwell County",2,30,271,155,116
050,45,011,"South Carolina","Barnwell County",2,31,255,137,118
050,45,011,"South Carolina","Barnwell County",2,32,239,114,125
050,45,011,"South Carolina","Barnwell County",2,33,213,104,109
050,45,011,"South Carolina","Barnwell County",2,34,210,108,102
050,45,011,"South Carolina","Barnwell County",2,35,203,96,107
050,45,011,"South Carolina","Barnwell County",2,36,197,99,98
050,45,011,"South Carolina","Barnwell County",2,37,201,98,103
050,45,011,"South Carolina","Barnwell County",2,38,224,102,122
050,45,011,"South Carolina","Barnwell County",2,39,236,105,131
050,45,011,"South Carolina","Barnwell County",2,40,252,121,131
050,45,011,"South Carolina","Barnwell County",2,41,237,115,122
050,45,011,"South Carolina","Barnwell County",2,42,227,107,120
050,45,011,"South Carolina","Barnwell County",2,43,210,96,114
050,45,011,"South Carolina","Barnwell County",2,44,236,114,122
050,45,011,"South Carolina","Barnwell County",2,45,226,109,117
050,45,011,"South Carolina","Barnwell County",2,46,233,111,122
050,45,011,"South Carolina","Barnwell County",2,47,265,128,137
050,45,011,"South Carolina","Barnwell County",2,48,257,127,130
050,45,011,"South Carolina","Barnwell County",2,49,251,130,121
050,45,011,"South Carolina","Barnwell County",2,50,241,121,120
050,45,011,"South Carolina","Barnwell County",2,51,243,111,132
050,45,011,"South Carolina","Barnwell County",2,52,237,106,131
050,45,011,"South Carolina","Barnwell County",2,53,247,122,125
050,45,011,"South Carolina","Barnwell County",2,54,274,133,141
050,45,011,"South Carolina","Barnwell County",2,55,287,140,147
050,45,011,"South Carolina","Barnwell County",2,56,317,158,159
050,45,011,"South Carolina","Barnwell County",2,57,307,143,164
050,45,011,"South Carolina","Barnwell County",2,58,294,138,156
050,45,011,"South Carolina","Barnwell County",2,59,290,138,152
050,45,011,"South Carolina","Barnwell County",2,60,294,132,162
050,45,011,"South Carolina","Barnwell County",2,61,301,135,166
050,45,011,"South Carolina","Barnwell County",2,62,290,133,157
050,45,011,"South Carolina","Barnwell County",2,63,280,126,154
050,45,011,"South Carolina","Barnwell County",2,64,306,140,166
050,45,011,"South Carolina","Barnwell County",2,65,285,131,154
050,45,011,"South Carolina","Barnwell County",2,66,269,124,145
050,45,011,"South Carolina","Barnwell County",2,67,258,116,142
050,45,011,"South Carolina","Barnwell County",2,68,244,109,135
050,45,011,"South Carolina","Barnwell County",2,69,253,124,129
050,45,011,"South Carolina","Barnwell County",2,70,226,111,115
050,45,011,"South Carolina","Barnwell County",2,71,218,99,119
050,45,011,"South Carolina","Barnwell County",2,72,216,95,121
050,45,011,"South Carolina","Barnwell County",2,73,235,112,123
050,45,011,"South Carolina","Barnwell County",2,74,173,78,95
050,45,011,"South Carolina","Barnwell County",2,75,171,87,84
050,45,011,"South Carolina","Barnwell County",2,76,165,63,102
050,45,011,"South Carolina","Barnwell County",2,77,151,56,95
050,45,011,"South Carolina","Barnwell County",2,78,130,52,78
050,45,011,"South Carolina","Barnwell County",2,79,114,48,66
050,45,011,"South Carolina","Barnwell County",2,80,101,37,64
050,45,011,"South Carolina","Barnwell County",2,81,84,36,48
050,45,011,"South Carolina","Barnwell County",2,82,73,36,37
050,45,011,"South Carolina","Barnwell County",2,83,53,25,28
050,45,011,"South Carolina","Barnwell County",2,84,47,21,26
050,45,011,"South Carolina","Barnwell County",2,85,401,135,266
050,45,011,"South Carolina","Barnwell County",3,0,272,140,132
050,45,011,"South Carolina","Barnwell County",3,1,248,133,115
050,45,011,"South Carolina","Barnwell County",3,2,254,129,125
050,45,011,"South Carolina","Barnwell County",3,3,251,128,123
050,45,011,"South Carolina","Barnwell County",3,4,253,135,118
050,45,011,"South Carolina","Barnwell County",3,5,257,140,117
050,45,011,"South Carolina","Barnwell County",3,6,261,141,120
050,45,011,"South Carolina","Barnwell County",3,7,283,154,129
050,45,011,"South Carolina","Barnwell County",3,8,274,142,132
050,45,011,"South Carolina","Barnwell County",3,9,302,139,163
050,45,011,"South Carolina","Barnwell County",3,10,272,130,142
050,45,011,"South Carolina","Barnwell County",3,11,258,137,121
050,45,011,"South Carolina","Barnwell County",3,12,286,143,143
050,45,011,"South Carolina","Barnwell County",3,13,302,153,149
050,45,011,"South Carolina","Barnwell County",3,14,308,166,142
050,45,011,"South Carolina","Barnwell County",3,15,296,150,146
050,45,011,"South Carolina","Barnwell County",3,16,286,140,146
050,45,011,"South Carolina","Barnwell County",3,17,284,136,148
050,45,011,"South Carolina","Barnwell County",3,18,240,120,120
050,45,011,"South Carolina","Barnwell County",3,19,222,116,106
050,45,011,"South Carolina","Barnwell County",3,20,236,122,114
050,45,011,"South Carolina","Barnwell County",3,21,228,121,107
050,45,011,"South Carolina","Barnwell County",3,22,241,122,119
050,45,011,"South Carolina","Barnwell County",3,23,244,133,111
050,45,011,"South Carolina","Barnwell County",3,24,228,118,110
050,45,011,"South Carolina","Barnwell County",3,25,216,106,110
050,45,011,"South Carolina","Barnwell County",3,26,274,135,139
050,45,011,"South Carolina","Barnwell County",3,27,289,153,136
050,45,011,"South Carolina","Barnwell County",3,28,281,156,125
050,45,011,"South Carolina","Barnwell County",3,29,268,146,122
050,45,011,"South Carolina","Barnwell County",3,30,284,152,132
050,45,011,"South Carolina","Barnwell County",3,31,280,155,125
050,45,011,"South Carolina","Barnwell County",3,32,245,130,115
050,45,011,"South Carolina","Barnwell County",3,33,224,100,124
050,45,011,"South Carolina","Barnwell County",3,34,225,114,111
050,45,011,"South Carolina","Barnwell County",3,35,198,96,102
050,45,011,"South Carolina","Barnwell County",3,36,209,100,109
050,45,011,"South Carolina","Barnwell County",3,37,198,99,99
050,45,011,"South Carolina","Barnwell County",3,38,197,92,105
050,45,011,"South Carolina","Barnwell County",3,39,210,98,112
050,45,011,"South Carolina","Barnwell County",3,40,240,108,132
050,45,011,"South Carolina","Barnwell County",3,41,271,136,135
050,45,011,"South Carolina","Barnwell County",3,42,239,116,123
050,45,011,"South Carolina","Barnwell County",3,43,217,96,121
050,45,011,"South Carolina","Barnwell County",3,44,220,108,112
050,45,011,"South Carolina","Barnwell County",3,45,222,107,115
050,45,011,"South Carolina","Barnwell County",3,46,227,112,115
050,45,011,"South Carolina","Barnwell County",3,47,231,111,120
050,45,011,"South Carolina","Barnwell County",3,48,250,116,134
050,45,011,"South Carolina","Barnwell County",3,49,267,132,135
050,45,011,"South Carolina","Barnwell County",3,50,250,132,118
050,45,011,"South Carolina","Barnwell County",3,51,237,119,118
050,45,011,"South Carolina","Barnwell County",3,52,244,103,141
050,45,011,"South Carolina","Barnwell County",3,53,243,108,135
050,45,011,"South Carolina","Barnwell County",3,54,244,121,123
050,45,011,"South Carolina","Barnwell County",3,55,265,126,139
050,45,011,"South Carolina","Barnwell County",3,56,300,145,155
050,45,011,"South Carolina","Barnwell County",3,57,312,159,153
050,45,011,"South Carolina","Barnwell County",3,58,300,136,164
050,45,011,"South Carolina","Barnwell County",3,59,292,136,156
050,45,011,"South Carolina","Barnwell County",3,60,281,134,147
050,45,011,"South Carolina","Barnwell County",3,61,276,123,153
050,45,011,"South Carolina","Barnwell County",3,62,285,129,156
050,45,011,"South Carolina","Barnwell County",3,63,290,132,158
050,45,011,"South Carolina","Barnwell County",3,64,271,120,151
050,45,011,"South Carolina","Barnwell County",3,65,299,139,160
050,45,011,"South Carolina","Barnwell County",3,66,285,130,155
050,45,011,"South Carolina","Barnwell County",3,67,256,119,137
050,45,011,"South Carolina","Barnwell County",3,68,255,114,141
050,45,011,"South Carolina","Barnwell County",3,69,240,107,133
050,45,011,"South Carolina","Barnwell County",3,70,243,116,127
050,45,011,"South Carolina","Barnwell County",3,71,226,108,118
050,45,011,"South Carolina","Barnwell County",3,72,206,93,113
050,45,011,"South Carolina","Barnwell County",3,73,206,90,116
050,45,011,"South Carolina","Barnwell County",3,74,226,106,120
050,45,011,"South Carolina","Barnwell County",3,75,164,72,92
050,45,011,"South Carolina","Barnwell County",3,76,159,74,85
050,45,011,"South Carolina","Barnwell County",3,77,152,59,93
050,45,011,"South Carolina","Barnwell County",3,78,146,51,95
050,45,011,"South Carolina","Barnwell County",3,79,109,40,69
050,45,011,"South Carolina","Barnwell County",3,80,106,42,64
050,45,011,"South Carolina","Barnwell County",3,81,97,34,63
050,45,011,"South Carolina","Barnwell County",3,82,78,32,46
050,45,011,"South Carolina","Barnwell County",3,83,68,33,35
050,45,011,"South Carolina","Barnwell County",3,84,45,21,24
050,45,011,"South Carolina","Barnwell County",3,85,370,133,237
050,45,011,"South Carolina","Barnwell County",4,0,275,134,141
050,45,011,"South Carolina","Barnwell County",4,1,272,137,135
050,45,011,"South Carolina","Barnwell County",4,2,244,130,114
050,45,011,"South Carolina","Barnwell County",4,3,251,125,126
050,45,011,"South Carolina","Barnwell County",4,4,241,123,118
050,45,011,"South Carolina","Barnwell County",4,5,256,136,120
050,45,011,"South Carolina","Barnwell County",4,6,262,141,121
050,45,011,"South Carolina","Barnwell County",4,7,256,139,117
050,45,011,"South Carolina","Barnwell County",4,8,293,159,134
050,45,011,"South Carolina","Barnwell County",4,9,270,140,130
050,45,011,"South Carolina","Barnwell County",4,10,306,140,166
050,45,011,"South Carolina","Barnwell County",4,11,280,132,148
050,45,011,"South Carolina","Barnwell County",4,12,265,142,123
050,45,011,"South Carolina","Barnwell County",4,13,283,144,139
050,45,011,"South Carolina","Barnwell County",4,14,290,149,141
050,45,011,"South Carolina","Barnwell County",4,15,310,160,150
050,45,011,"South Carolina","Barnwell County",4,16,285,144,141
050,45,011,"South Carolina","Barnwell County",4,17,283,139,144
050,45,011,"South Carolina","Barnwell County",4,18,241,117,124
050,45,011,"South Carolina","Barnwell County",4,19,197,99,98
050,45,011,"South Carolina","Barnwell County",4,20,223,113,110
050,45,011,"South Carolina","Barnwell County",4,21,228,117,111
050,45,011,"South Carolina","Barnwell County",4,22,232,121,111
050,45,011,"South Carolina","Barnwell County",4,23,245,130,115
050,45,011,"South Carolina","Barnwell County",4,24,256,136,120
050,45,011,"South Carolina","Barnwell County",4,25,217,106,111
050,45,011,"South Carolina","Barnwell County",4,26,237,130,107
050,45,011,"South Carolina","Barnwell County",4,27,272,132,140
050,45,011,"South Carolina","Barnwell County",4,28,299,154,145
050,45,011,"South Carolina","Barnwell County",4,29,256,135,121
050,45,011,"South Carolina","Barnwell County",4,30,267,150,117
050,45,011,"South Carolina","Barnwell County",4,31,278,141,137
050,45,011,"South Carolina","Barnwell County",4,32,269,147,122
050,45,011,"South Carolina","Barnwell County",4,33,236,119,117
050,45,011,"South Carolina","Barnwell County",4,34,239,110,129
050,45,011,"South Carolina","Barnwell County",4,35,200,92,108
050,45,011,"South Carolina","Barnwell County",4,36,217,106,111
050,45,011,"South Carolina","Barnwell County",4,37,192,88,104
050,45,011,"South Carolina","Barnwell County",4,38,195,88,107
050,45,011,"South Carolina","Barnwell County",4,39,200,92,108
050,45,011,"South Carolina","Barnwell County",4,40,215,100,115
050,45,011,"South Carolina","Barnwell County",4,41,239,113,126
050,45,011,"South Carolina","Barnwell County",4,42,277,143,134
050,45,011,"South Carolina","Barnwell County",4,43,214,95,119
050,45,011,"South Carolina","Barnwell County",4,44,222,103,119
050,45,011,"South Carolina","Barnwell County",4,45,206,93,113
050,45,011,"South Carolina","Barnwell County",4,46,222,106,116
050,45,011,"South Carolina","Barnwell County",4,47,226,114,112
050,45,011,"South Carolina","Barnwell County",4,48,227,107,120
050,45,011,"South Carolina","Barnwell County",4,49,252,119,133
050,45,011,"South Carolina","Barnwell County",4,50,262,129,133
050,45,011,"South Carolina","Barnwell County",4,51,249,130,119
050,45,011,"South Carolina","Barnwell County",4,52,237,114,123
050,45,011,"South Carolina","Barnwell County",4,53,254,108,146
050,45,011,"South Carolina","Barnwell County",4,54,241,109,132
050,45,011,"South Carolina","Barnwell County",4,55,230,112,118
050,45,011,"South Carolina","Barnwell County",4,56,267,130,137
050,45,011,"South Carolina","Barnwell County",4,57,296,150,146
050,45,011,"South Carolina","Barnwell County",4,58,311,163,148
050,45,011,"South Carolina","Barnwell County",4,59,303,139,164
050,45,011,"South Carolina","Barnwell County",4,60,288,137,151
050,45,011,"South Carolina","Barnwell County",4,61,285,138,147
050,45,011,"South Carolina","Barnwell County",4,62,271,122,149
050,45,011,"South Carolina","Barnwell County",4,63,282,130,152
050,45,011,"South Carolina","Barnwell County",4,64,281,129,152
050,45,011,"South Carolina","Barnwell County",4,65,261,108,153
050,45,011,"South Carolina","Barnwell County",4,66,298,137,161
050,45,011,"South Carolina","Barnwell County",4,67,267,123,144
050,45,011,"South Carolina","Barnwell County",4,68,242,115,127
050,45,011,"South Carolina","Barnwell County",4,69,254,116,138
050,45,011,"South Carolina","Barnwell County",4,70,234,105,129
050,45,011,"South Carolina","Barnwell County",4,71,241,115,126
050,45,011,"South Carolina","Barnwell County",4,72,220,104,116
050,45,011,"South Carolina","Barnwell County",4,73,198,88,110
050,45,011,"South Carolina","Barnwell County",4,74,203,88,115
050,45,011,"South Carolina","Barnwell County",4,75,219,99,120
050,45,011,"South Carolina","Barnwell County",4,76,155,64,91
050,45,011,"South Carolina","Barnwell County",4,77,150,70,80
050,45,011,"South Carolina","Barnwell County",4,78,146,56,90
050,45,011,"South Carolina","Barnwell County",4,79,138,47,91
050,45,011,"South Carolina","Barnwell County",4,80,104,38,66
050,45,011,"South Carolina","Barnwell County",4,81,99,41,58
050,45,011,"South Carolina","Barnwell County",4,82,89,32,57
050,45,011,"South Carolina","Barnwell County",4,83,69,27,42
050,45,011,"South Carolina","Barnwell County",4,84,60,28,32
050,45,011,"South Carolina","Barnwell County",4,85,349,128,221
050,45,011,"South Carolina","Barnwell County",5,0,272,131,141
050,45,011,"South Carolina","Barnwell County",5,1,293,143,150
050,45,011,"South Carolina","Barnwell County",5,2,267,140,127
050,45,011,"South Carolina","Barnwell County",5,3,241,125,116
050,45,011,"South Carolina","Barnwell County",5,4,265,136,129
050,45,011,"South Carolina","Barnwell County",5,5,243,125,118
050,45,011,"South Carolina","Barnwell County",5,6,254,133,121
050,45,011,"South Carolina","Barnwell County",5,7,253,134,119
050,45,011,"South Carolina","Barnwell County",5,8,254,138,116
050,45,011,"South Carolina","Barnwell County",5,9,283,154,129
050,45,011,"South Carolina","Barnwell County",5,10,270,135,135
050,45,011,"South Carolina","Barnwell County",5,11,290,138,152
050,45,011,"South Carolina","Barnwell County",5,12,281,130,151
050,45,011,"South Carolina","Barnwell County",5,13,271,146,125
050,45,011,"South Carolina","Barnwell County",5,14,273,138,135
050,45,011,"South Carolina","Barnwell County",5,15,282,147,135
050,45,011,"South Carolina","Barnwell County",5,16,304,161,143
050,45,011,"South Carolina","Barnwell County",5,17,282,143,139
050,45,011,"South Carolina","Barnwell County",5,18,241,120,121
050,45,011,"South Carolina","Barnwell County",5,19,198,91,107
050,45,011,"South Carolina","Barnwell County",5,20,215,100,115
050,45,011,"South Carolina","Barnwell County",5,21,228,113,115
050,45,011,"South Carolina","Barnwell County",5,22,243,125,118
050,45,011,"South Carolina","Barnwell County",5,23,243,125,118
050,45,011,"South Carolina","Barnwell County",5,24,264,147,117
050,45,011,"South Carolina","Barnwell County",5,25,241,118,123
050,45,011,"South Carolina","Barnwell County",5,26,232,122,110
050,45,011,"South Carolina","Barnwell County",5,27,246,132,114
050,45,011,"South Carolina","Barnwell County",5,28,258,125,133
050,45,011,"South Carolina","Barnwell County",5,29,285,135,150
050,45,011,"South Carolina","Barnwell County",5,30,263,145,118
050,45,011,"South Carolina","Barnwell County",5,31,269,147,122
050,45,011,"South Carolina","Barnwell County",5,32,288,141,147
050,45,011,"South Carolina","Barnwell County",5,33,254,136,118
050,45,011,"South Carolina","Barnwell County",5,34,246,128,118
050,45,011,"South Carolina","Barnwell County",5,35,224,97,127
050,45,011,"South Carolina","Barnwell County",5,36,214,108,106
050,45,011,"South Carolina","Barnwell County",5,37,201,94,107
050,45,011,"South Carolina","Barnwell County",5,38,198,93,105
050,45,011,"South Carolina","Barnwell County",5,39,178,80,98
050,45,011,"South Carolina","Barnwell County",5,40,192,84,108
050,45,011,"South Carolina","Barnwell County",5,41,215,105,110
050,45,011,"South Carolina","Barnwell County",5,42,233,114,119
050,45,011,"South Carolina","Barnwell County",5,43,257,124,133
050,45,011,"South Carolina","Barnwell County",5,44,227,108,119
050,45,011,"South Carolina","Barnwell County",5,45,215,96,119
050,45,011,"South Carolina","Barnwell County",5,46,202,87,115
050,45,011,"South Carolina","Barnwell County",5,47,223,108,115
050,45,011,"South Carolina","Barnwell County",5,48,214,108,106
050,45,011,"South Carolina","Barnwell County",5,49,232,109,123
050,45,011,"South Carolina","Barnwell County",5,50,261,127,134
050,45,011,"South Carolina","Barnwell County",5,51,256,126,130
050,45,011,"South Carolina","Barnwell County",5,52,244,119,125
050,45,011,"South Carolina","Barnwell County",5,53,244,118,126
050,45,011,"South Carolina","Barnwell County",5,54,256,106,150
050,45,011,"South Carolina","Barnwell County",5,55,247,109,138
050,45,011,"South Carolina","Barnwell County",5,56,229,113,116
050,45,011,"South Carolina","Barnwell County",5,57,262,128,134
050,45,011,"South Carolina","Barnwell County",5,58,295,144,151
050,45,011,"South Carolina","Barnwell County",5,59,314,166,148
050,45,011,"South Carolina","Barnwell County",5,60,293,139,154
050,45,011,"South Carolina","Barnwell County",5,61,282,134,148
050,45,011,"South Carolina","Barnwell County",5,62,282,136,146
050,45,011,"South Carolina","Barnwell County",5,63,276,125,151
050,45,011,"South Carolina","Barnwell County",5,64,284,130,154
050,45,011,"South Carolina","Barnwell County",5,65,263,118,145
050,45,011,"South Carolina","Barnwell County",5,66,261,105,156
050,45,011,"South Carolina","Barnwell County",5,67,294,131,163
050,45,011,"South Carolina","Barnwell County",5,68,257,120,137
050,45,011,"South Carolina","Barnwell County",5,69,245,116,129
050,45,011,"South Carolina","Barnwell County",5,70,250,115,135
050,45,011,"South Carolina","Barnwell County",5,71,233,104,129
050,45,011,"South Carolina","Barnwell County",5,72,235,112,123
050,45,011,"South Carolina","Barnwell County",5,73,217,103,114
050,45,011,"South Carolina","Barnwell County",5,74,198,89,109
050,45,011,"South Carolina","Barnwell County",5,75,196,82,114
050,45,011,"South Carolina","Barnwell County",5,76,212,91,121
050,45,011,"South Carolina","Barnwell County",5,77,142,59,83
050,45,011,"South Carolina","Barnwell County",5,78,147,68,79
050,45,011,"South Carolina","Barnwell County",5,79,131,53,78
050,45,011,"South Carolina","Barnwell County",5,80,129,45,84
050,45,011,"South Carolina","Barnwell County",5,81,100,37,63
050,45,011,"South Carolina","Barnwell County",5,82,92,36,56
050,45,011,"South Carolina","Barnwell County",5,83,82,29,53
050,45,011,"South Carolina","Barnwell County",5,84,62,21,41
050,45,011,"South Carolina","Barnwell County",5,85,359,139,220
050,45,013,"South Carolina","Beaufort County",1,0,1808,932,876
050,45,013,"South Carolina","Beaufort County",1,1,1787,927,860
050,45,013,"South Carolina","Beaufort County",1,2,1808,944,864
050,45,013,"South Carolina","Beaufort County",1,3,1829,938,891
050,45,013,"South Carolina","Beaufort County",1,4,1840,941,899
050,45,013,"South Carolina","Beaufort County",1,5,1851,916,935
050,45,013,"South Carolina","Beaufort County",1,6,1850,961,889
050,45,013,"South Carolina","Beaufort County",1,7,1860,944,916
050,45,013,"South Carolina","Beaufort County",1,8,1821,945,876
050,45,013,"South Carolina","Beaufort County",1,9,1849,945,904
050,45,013,"South Carolina","Beaufort County",1,10,1958,988,970
050,45,013,"South Carolina","Beaufort County",1,11,2044,1082,962
050,45,013,"South Carolina","Beaufort County",1,12,2151,1122,1029
050,45,013,"South Carolina","Beaufort County",1,13,2115,1099,1016
050,45,013,"South Carolina","Beaufort County",1,14,1981,1005,976
050,45,013,"South Carolina","Beaufort County",1,15,1944,991,953
050,45,013,"South Carolina","Beaufort County",1,16,1870,928,942
050,45,013,"South Carolina","Beaufort County",1,17,1907,939,968
050,45,013,"South Carolina","Beaufort County",1,18,2745,1608,1137
050,45,013,"South Carolina","Beaufort County",1,19,3422,2200,1222
050,45,013,"South Carolina","Beaufort County",1,20,2937,1914,1023
050,45,013,"South Carolina","Beaufort County",1,21,2586,1630,956
050,45,013,"South Carolina","Beaufort County",1,22,2399,1419,980
050,45,013,"South Carolina","Beaufort County",1,23,2301,1303,998
050,45,013,"South Carolina","Beaufort County",1,24,2187,1219,968
050,45,013,"South Carolina","Beaufort County",1,25,2104,1129,975
050,45,013,"South Carolina","Beaufort County",1,26,2066,1091,975
050,45,013,"South Carolina","Beaufort County",1,27,2117,1093,1024
050,45,013,"South Carolina","Beaufort County",1,28,1997,1039,958
050,45,013,"South Carolina","Beaufort County",1,29,2050,1033,1017
050,45,013,"South Carolina","Beaufort County",1,30,2010,979,1031
050,45,013,"South Carolina","Beaufort County",1,31,1923,923,1000
050,45,013,"South Carolina","Beaufort County",1,32,1849,943,906
050,45,013,"South Carolina","Beaufort County",1,33,1895,931,964
050,45,013,"South Carolina","Beaufort County",1,34,1879,939,940
050,45,013,"South Carolina","Beaufort County",1,35,1897,944,953
050,45,013,"South Carolina","Beaufort County",1,36,1916,947,969
050,45,013,"South Carolina","Beaufort County",1,37,1914,958,956
050,45,013,"South Carolina","Beaufort County",1,38,1936,979,957
050,45,013,"South Carolina","Beaufort County",1,39,1894,953,941
050,45,013,"South Carolina","Beaufort County",1,40,1794,876,918
050,45,013,"South Carolina","Beaufort County",1,41,1819,886,933
050,45,013,"South Carolina","Beaufort County",1,42,1857,891,966
050,45,013,"South Carolina","Beaufort County",1,43,1816,866,950
050,45,013,"South Carolina","Beaufort County",1,44,1778,888,890
050,45,013,"South Carolina","Beaufort County",1,45,1787,879,908
050,45,013,"South Carolina","Beaufort County",1,46,1796,863,933
050,45,013,"South Carolina","Beaufort County",1,47,1813,875,938
050,45,013,"South Carolina","Beaufort County",1,48,1874,919,955
050,45,013,"South Carolina","Beaufort County",1,49,2042,969,1073
050,45,013,"South Carolina","Beaufort County",1,50,1988,941,1047
050,45,013,"South Carolina","Beaufort County",1,51,1902,899,1003
050,45,013,"South Carolina","Beaufort County",1,52,1871,931,940
050,45,013,"South Carolina","Beaufort County",1,53,1949,920,1029
050,45,013,"South Carolina","Beaufort County",1,54,2116,963,1153
050,45,013,"South Carolina","Beaufort County",1,55,2232,997,1235
050,45,013,"South Carolina","Beaufort County",1,56,2322,1076,1246
050,45,013,"South Carolina","Beaufort County",1,57,2346,1104,1242
050,45,013,"South Carolina","Beaufort County",1,58,2551,1183,1368
050,45,013,"South Carolina","Beaufort County",1,59,2619,1183,1436
050,45,013,"South Carolina","Beaufort County",1,60,2574,1172,1402
050,45,013,"South Carolina","Beaufort County",1,61,2682,1229,1453
050,45,013,"South Carolina","Beaufort County",1,62,2749,1229,1520
050,45,013,"South Carolina","Beaufort County",1,63,2828,1276,1552
050,45,013,"South Carolina","Beaufort County",1,64,2861,1250,1611
050,45,013,"South Carolina","Beaufort County",1,65,2933,1323,1610
050,45,013,"South Carolina","Beaufort County",1,66,3001,1306,1695
050,45,013,"South Carolina","Beaufort County",1,67,3097,1380,1717
050,45,013,"South Carolina","Beaufort County",1,68,3081,1385,1696
050,45,013,"South Carolina","Beaufort County",1,69,2958,1317,1641
050,45,013,"South Carolina","Beaufort County",1,70,3053,1391,1662
050,45,013,"South Carolina","Beaufort County",1,71,3079,1444,1635
050,45,013,"South Carolina","Beaufort County",1,72,3235,1582,1653
050,45,013,"South Carolina","Beaufort County",1,73,3403,1642,1761
050,45,013,"South Carolina","Beaufort County",1,74,2377,1169,1208
050,45,013,"South Carolina","Beaufort County",1,75,2315,1127,1188
050,45,013,"South Carolina","Beaufort County",1,76,2306,1108,1198
050,45,013,"South Carolina","Beaufort County",1,77,2313,1143,1170
050,45,013,"South Carolina","Beaufort County",1,78,1888,924,964
050,45,013,"South Carolina","Beaufort County",1,79,1593,785,808
050,45,013,"South Carolina","Beaufort County",1,80,1388,687,701
050,45,013,"South Carolina","Beaufort County",1,81,1286,644,642
050,45,013,"South Carolina","Beaufort County",1,82,1130,552,578
050,45,013,"South Carolina","Beaufort County",1,83,942,470,472
050,45,013,"South Carolina","Beaufort County",1,84,873,436,437
050,45,013,"South Carolina","Beaufort County",1,85,4592,2046,2546
050,45,013,"South Carolina","Beaufort County",2,0,1827,933,894
050,45,013,"South Carolina","Beaufort County",2,1,1781,919,862
050,45,013,"South Carolina","Beaufort County",2,2,1807,938,869
050,45,013,"South Carolina","Beaufort County",2,3,1806,930,876
050,45,013,"South Carolina","Beaufort County",2,4,1827,933,894
050,45,013,"South Carolina","Beaufort County",2,5,1844,920,924
050,45,013,"South Carolina","Beaufort County",2,6,1851,949,902
050,45,013,"South Carolina","Beaufort County",2,7,1852,947,905
050,45,013,"South Carolina","Beaufort County",2,8,1815,938,877
050,45,013,"South Carolina","Beaufort County",2,9,1844,947,897
050,45,013,"South Carolina","Beaufort County",2,10,1923,974,949
050,45,013,"South Carolina","Beaufort County",2,11,2012,1051,961
050,45,013,"South Carolina","Beaufort County",2,12,2137,1119,1018
050,45,013,"South Carolina","Beaufort County",2,13,2120,1097,1023
050,45,013,"South Carolina","Beaufort County",2,14,2007,1024,983
050,45,013,"South Carolina","Beaufort County",2,15,1951,995,956
050,45,013,"South Carolina","Beaufort County",2,16,1891,942,949
050,45,013,"South Carolina","Beaufort County",2,17,1919,946,973
050,45,013,"South Carolina","Beaufort County",2,18,2754,1613,1141
050,45,013,"South Carolina","Beaufort County",2,19,3448,2216,1232
050,45,013,"South Carolina","Beaufort County",2,20,2957,1923,1034
050,45,013,"South Carolina","Beaufort County",2,21,2579,1620,959
050,45,013,"South Carolina","Beaufort County",2,22,2403,1421,982
050,45,013,"South Carolina","Beaufort County",2,23,2294,1299,995
050,45,013,"South Carolina","Beaufort County",2,24,2181,1214,967
050,45,013,"South Carolina","Beaufort County",2,25,2095,1125,970
050,45,013,"South Carolina","Beaufort County",2,26,2080,1100,980
050,45,013,"South Carolina","Beaufort County",2,27,2092,1079,1013
050,45,013,"South Carolina","Beaufort County",2,28,2011,1041,970
050,45,013,"South Carolina","Beaufort County",2,29,2018,1017,1001
050,45,013,"South Carolina","Beaufort County",2,30,2022,993,1029
050,45,013,"South Carolina","Beaufort County",2,31,1931,931,1000
050,45,013,"South Carolina","Beaufort County",2,32,1872,944,928
050,45,013,"South Carolina","Beaufort County",2,33,1876,926,950
050,45,013,"South Carolina","Beaufort County",2,34,1876,934,942
050,45,013,"South Carolina","Beaufort County",2,35,1897,941,956
050,45,013,"South Carolina","Beaufort County",2,36,1889,935,954
050,45,013,"South Carolina","Beaufort County",2,37,1920,961,959
050,45,013,"South Carolina","Beaufort County",2,38,1939,979,960
050,45,013,"South Carolina","Beaufort County",2,39,1895,952,943
050,45,013,"South Carolina","Beaufort County",2,40,1826,900,926
050,45,013,"South Carolina","Beaufort County",2,41,1821,889,932
050,45,013,"South Carolina","Beaufort County",2,42,1844,887,957
050,45,013,"South Carolina","Beaufort County",2,43,1837,876,961
050,45,013,"South Carolina","Beaufort County",2,44,1772,874,898
050,45,013,"South Carolina","Beaufort County",2,45,1790,884,906
050,45,013,"South Carolina","Beaufort County",2,46,1793,866,927
050,45,013,"South Carolina","Beaufort County",2,47,1814,873,941
050,45,013,"South Carolina","Beaufort County",2,48,1865,908,957
050,45,013,"South Carolina","Beaufort County",2,49,2016,962,1054
050,45,013,"South Carolina","Beaufort County",2,50,2016,951,1065
050,45,013,"South Carolina","Beaufort County",2,51,1925,913,1012
050,45,013,"South Carolina","Beaufort County",2,52,1900,933,967
050,45,013,"South Carolina","Beaufort County",2,53,1950,932,1018
050,45,013,"South Carolina","Beaufort County",2,54,2092,958,1134
050,45,013,"South Carolina","Beaufort County",2,55,2231,999,1232
050,45,013,"South Carolina","Beaufort County",2,56,2336,1074,1262
050,45,013,"South Carolina","Beaufort County",2,57,2375,1116,1259
050,45,013,"South Carolina","Beaufort County",2,58,2538,1180,1358
050,45,013,"South Carolina","Beaufort County",2,59,2644,1201,1443
050,45,013,"South Carolina","Beaufort County",2,60,2617,1190,1427
050,45,013,"South Carolina","Beaufort County",2,61,2696,1236,1460
050,45,013,"South Carolina","Beaufort County",2,62,2766,1243,1523
050,45,013,"South Carolina","Beaufort County",2,63,2878,1297,1581
050,45,013,"South Carolina","Beaufort County",2,64,2875,1270,1605
050,45,013,"South Carolina","Beaufort County",2,65,2942,1323,1619
050,45,013,"South Carolina","Beaufort County",2,66,3020,1329,1691
050,45,013,"South Carolina","Beaufort County",2,67,3088,1372,1716
050,45,013,"South Carolina","Beaufort County",2,68,3080,1387,1693
050,45,013,"South Carolina","Beaufort County",2,69,3029,1355,1674
050,45,013,"South Carolina","Beaufort County",2,70,3030,1384,1646
050,45,013,"South Carolina","Beaufort County",2,71,3083,1437,1646
050,45,013,"South Carolina","Beaufort County",2,72,3159,1529,1630
050,45,013,"South Carolina","Beaufort County",2,73,3528,1706,1822
050,45,013,"South Carolina","Beaufort County",2,74,2463,1202,1261
050,45,013,"South Carolina","Beaufort County",2,75,2320,1133,1187
050,45,013,"South Carolina","Beaufort County",2,76,2279,1100,1179
050,45,013,"South Carolina","Beaufort County",2,77,2358,1161,1197
050,45,013,"South Carolina","Beaufort County",2,78,1942,955,987
050,45,013,"South Carolina","Beaufort County",2,79,1642,804,838
050,45,013,"South Carolina","Beaufort County",2,80,1425,698,727
050,45,013,"South Carolina","Beaufort County",2,81,1291,646,645
050,45,013,"South Carolina","Beaufort County",2,82,1160,571,589
050,45,013,"South Carolina","Beaufort County",2,83,971,482,489
050,45,013,"South Carolina","Beaufort County",2,84,872,434,438
050,45,013,"South Carolina","Beaufort County",2,85,4673,2088,2585
050,45,013,"South Carolina","Beaufort County",3,0,1806,916,890
050,45,013,"South Carolina","Beaufort County",3,1,1841,944,897
050,45,013,"South Carolina","Beaufort County",3,2,1781,917,864
050,45,013,"South Carolina","Beaufort County",3,3,1836,952,884
050,45,013,"South Carolina","Beaufort County",3,4,1784,900,884
050,45,013,"South Carolina","Beaufort County",3,5,1855,952,903
050,45,013,"South Carolina","Beaufort County",3,6,1821,908,913
050,45,013,"South Carolina","Beaufort County",3,7,1838,942,896
050,45,013,"South Carolina","Beaufort County",3,8,1818,937,881
050,45,013,"South Carolina","Beaufort County",3,9,1843,958,885
050,45,013,"South Carolina","Beaufort County",3,10,1825,939,886
050,45,013,"South Carolina","Beaufort County",3,11,1936,985,951
050,45,013,"South Carolina","Beaufort County",3,12,2041,1049,992
050,45,013,"South Carolina","Beaufort County",3,13,2100,1078,1022
050,45,013,"South Carolina","Beaufort County",3,14,2113,1095,1018
050,45,013,"South Carolina","Beaufort County",3,15,2016,1033,983
050,45,013,"South Carolina","Beaufort County",3,16,1948,985,963
050,45,013,"South Carolina","Beaufort County",3,17,1991,978,1013
050,45,013,"South Carolina","Beaufort County",3,18,2698,1590,1108
050,45,013,"South Carolina","Beaufort County",3,19,3408,2204,1204
050,45,013,"South Carolina","Beaufort County",3,20,3018,1952,1066
050,45,013,"South Carolina","Beaufort County",3,21,2626,1621,1005
050,45,013,"South Carolina","Beaufort County",3,22,2452,1465,987
050,45,013,"South Carolina","Beaufort County",3,23,2323,1302,1021
050,45,013,"South Carolina","Beaufort County",3,24,2203,1223,980
050,45,013,"South Carolina","Beaufort County",3,25,2104,1118,986
050,45,013,"South Carolina","Beaufort County",3,26,2104,1109,995
050,45,013,"South Carolina","Beaufort County",3,27,2079,1101,978
050,45,013,"South Carolina","Beaufort County",3,28,2016,996,1020
050,45,013,"South Carolina","Beaufort County",3,29,2036,1026,1010
050,45,013,"South Carolina","Beaufort County",3,30,2065,1027,1038
050,45,013,"South Carolina","Beaufort County",3,31,2040,998,1042
050,45,013,"South Carolina","Beaufort County",3,32,1958,962,996
050,45,013,"South Carolina","Beaufort County",3,33,1877,931,946
050,45,013,"South Carolina","Beaufort County",3,34,1885,924,961
050,45,013,"South Carolina","Beaufort County",3,35,1921,948,973
050,45,013,"South Carolina","Beaufort County",3,36,1910,935,975
050,45,013,"South Carolina","Beaufort County",3,37,1931,961,970
050,45,013,"South Carolina","Beaufort County",3,38,1931,982,949
050,45,013,"South Carolina","Beaufort County",3,39,1957,965,992
050,45,013,"South Carolina","Beaufort County",3,40,1889,930,959
050,45,013,"South Carolina","Beaufort County",3,41,1881,936,945
050,45,013,"South Carolina","Beaufort County",3,42,1842,895,947
050,45,013,"South Carolina","Beaufort County",3,43,1856,871,985
050,45,013,"South Carolina","Beaufort County",3,44,1876,898,978
050,45,013,"South Carolina","Beaufort County",3,45,1774,859,915
050,45,013,"South Carolina","Beaufort County",3,46,1855,903,952
050,45,013,"South Carolina","Beaufort County",3,47,1839,866,973
050,45,013,"South Carolina","Beaufort County",3,48,1839,903,936
050,45,013,"South Carolina","Beaufort County",3,49,1889,883,1006
050,45,013,"South Carolina","Beaufort County",3,50,2088,994,1094
050,45,013,"South Carolina","Beaufort County",3,51,2108,993,1115
050,45,013,"South Carolina","Beaufort County",3,52,2023,969,1054
050,45,013,"South Carolina","Beaufort County",3,53,2019,981,1038
050,45,013,"South Carolina","Beaufort County",3,54,2023,956,1067
050,45,013,"South Carolina","Beaufort County",3,55,2221,1010,1211
050,45,013,"South Carolina","Beaufort County",3,56,2402,1072,1330
050,45,013,"South Carolina","Beaufort County",3,57,2516,1174,1342
050,45,013,"South Carolina","Beaufort County",3,58,2588,1218,1370
050,45,013,"South Carolina","Beaufort County",3,59,2726,1255,1471
050,45,013,"South Carolina","Beaufort County",3,60,2876,1313,1563
050,45,013,"South Carolina","Beaufort County",3,61,2807,1258,1549
050,45,013,"South Carolina","Beaufort County",3,62,2896,1331,1565
050,45,013,"South Carolina","Beaufort County",3,63,2968,1348,1620
050,45,013,"South Carolina","Beaufort County",3,64,3121,1432,1689
050,45,013,"South Carolina","Beaufort County",3,65,3059,1365,1694
050,45,013,"South Carolina","Beaufort County",3,66,3050,1363,1687
050,45,013,"South Carolina","Beaufort County",3,67,3123,1389,1734
050,45,013,"South Carolina","Beaufort County",3,68,3152,1419,1733
050,45,013,"South Carolina","Beaufort County",3,69,3127,1419,1708
050,45,013,"South Carolina","Beaufort County",3,70,3080,1377,1703
050,45,013,"South Carolina","Beaufort County",3,71,3045,1408,1637
050,45,013,"South Carolina","Beaufort County",3,72,3102,1470,1632
050,45,013,"South Carolina","Beaufort County",3,73,3163,1538,1625
050,45,013,"South Carolina","Beaufort County",3,74,3479,1692,1787
050,45,013,"South Carolina","Beaufort County",3,75,2359,1150,1209
050,45,013,"South Carolina","Beaufort County",3,76,2273,1099,1174
050,45,013,"South Carolina","Beaufort County",3,77,2238,1074,1164
050,45,013,"South Carolina","Beaufort County",3,78,2299,1118,1181
050,45,013,"South Carolina","Beaufort County",3,79,1837,886,951
050,45,013,"South Carolina","Beaufort County",3,80,1553,763,790
050,45,013,"South Carolina","Beaufort County",3,81,1339,658,681
050,45,013,"South Carolina","Beaufort County",3,82,1221,604,617
050,45,013,"South Carolina","Beaufort County",3,83,1082,527,555
050,45,013,"South Carolina","Beaufort County",3,84,905,439,466
050,45,013,"South Carolina","Beaufort County",3,85,4854,2176,2678
050,45,013,"South Carolina","Beaufort County",4,0,1915,999,916
050,45,013,"South Carolina","Beaufort County",4,1,1789,906,883
050,45,013,"South Carolina","Beaufort County",4,2,1827,943,884
050,45,013,"South Carolina","Beaufort County",4,3,1760,896,864
050,45,013,"South Carolina","Beaufort County",4,4,1848,961,887
050,45,013,"South Carolina","Beaufort County",4,5,1776,898,878
050,45,013,"South Carolina","Beaufort County",4,6,1822,951,871
050,45,013,"South Carolina","Beaufort County",4,7,1838,893,945
050,45,013,"South Carolina","Beaufort County",4,8,1808,922,886
050,45,013,"South Carolina","Beaufort County",4,9,1847,961,886
050,45,013,"South Carolina","Beaufort County",4,10,1843,961,882
050,45,013,"South Carolina","Beaufort County",4,11,1818,927,891
050,45,013,"South Carolina","Beaufort County",4,12,1969,1018,951
050,45,013,"South Carolina","Beaufort County",4,13,2023,1025,998
050,45,013,"South Carolina","Beaufort County",4,14,2141,1116,1025
050,45,013,"South Carolina","Beaufort County",4,15,2097,1079,1018
050,45,013,"South Carolina","Beaufort County",4,16,2031,1054,977
050,45,013,"South Carolina","Beaufort County",4,17,2059,1031,1028
050,45,013,"South Carolina","Beaufort County",4,18,2743,1604,1139
050,45,013,"South Carolina","Beaufort County",4,19,3351,2167,1184
050,45,013,"South Carolina","Beaufort County",4,20,2966,1910,1056
050,45,013,"South Carolina","Beaufort County",4,21,2717,1668,1049
050,45,013,"South Carolina","Beaufort County",4,22,2476,1431,1045
050,45,013,"South Carolina","Beaufort County",4,23,2302,1316,986
050,45,013,"South Carolina","Beaufort County",4,24,2174,1167,1007
050,45,013,"South Carolina","Beaufort County",4,25,2152,1132,1020
050,45,013,"South Carolina","Beaufort County",4,26,2119,1122,997
050,45,013,"South Carolina","Beaufort County",4,27,2045,1072,973
050,45,013,"South Carolina","Beaufort County",4,28,2021,1075,946
050,45,013,"South Carolina","Beaufort County",4,29,1963,931,1032
050,45,013,"South Carolina","Beaufort County",4,30,1989,963,1026
050,45,013,"South Carolina","Beaufort County",4,31,2076,1046,1030
050,45,013,"South Carolina","Beaufort County",4,32,2020,997,1023
050,45,013,"South Carolina","Beaufort County",4,33,1971,949,1022
050,45,013,"South Carolina","Beaufort County",4,34,1906,964,942
050,45,013,"South Carolina","Beaufort County",4,35,1904,920,984
050,45,013,"South Carolina","Beaufort County",4,36,1928,949,979
050,45,013,"South Carolina","Beaufort County",4,37,1892,936,956
050,45,013,"South Carolina","Beaufort County",4,38,1986,994,992
050,45,013,"South Carolina","Beaufort County",4,39,1936,957,979
050,45,013,"South Carolina","Beaufort County",4,40,1945,950,995
050,45,013,"South Carolina","Beaufort County",4,41,1950,957,993
050,45,013,"South Carolina","Beaufort County",4,42,1877,947,930
050,45,013,"South Carolina","Beaufort County",4,43,1869,875,994
050,45,013,"South Carolina","Beaufort County",4,44,1876,887,989
050,45,013,"South Carolina","Beaufort County",4,45,1869,903,966
050,45,013,"South Carolina","Beaufort County",4,46,1814,875,939
050,45,013,"South Carolina","Beaufort County",4,47,1909,916,993
050,45,013,"South Carolina","Beaufort County",4,48,1857,874,983
050,45,013,"South Carolina","Beaufort County",4,49,1863,893,970
050,45,013,"South Carolina","Beaufort County",4,50,1942,904,1038
050,45,013,"South Carolina","Beaufort County",4,51,2194,1026,1168
050,45,013,"South Carolina","Beaufort County",4,52,2200,1038,1162
050,45,013,"South Carolina","Beaufort County",4,53,2125,1030,1095
050,45,013,"South Carolina","Beaufort County",4,54,2117,1017,1100
050,45,013,"South Carolina","Beaufort County",4,55,2170,994,1176
050,45,013,"South Carolina","Beaufort County",4,56,2408,1106,1302
050,45,013,"South Carolina","Beaufort County",4,57,2534,1141,1393
050,45,013,"South Carolina","Beaufort County",4,58,2724,1248,1476
050,45,013,"South Carolina","Beaufort County",4,59,2755,1281,1474
050,45,013,"South Carolina","Beaufort County",4,60,2988,1392,1596
050,45,013,"South Carolina","Beaufort County",4,61,3117,1439,1678
050,45,013,"South Carolina","Beaufort County",4,62,3032,1367,1665
050,45,013,"South Carolina","Beaufort County",4,63,3097,1423,1674
050,45,013,"South Carolina","Beaufort County",4,64,3208,1477,1731
050,45,013,"South Carolina","Beaufort County",4,65,3309,1559,1750
050,45,013,"South Carolina","Beaufort County",4,66,3236,1463,1773
050,45,013,"South Carolina","Beaufort County",4,67,3218,1458,1760
050,45,013,"South Carolina","Beaufort County",4,68,3212,1434,1778
050,45,013,"South Carolina","Beaufort County",4,69,3237,1451,1786
050,45,013,"South Carolina","Beaufort County",4,70,3192,1439,1753
050,45,013,"South Carolina","Beaufort County",4,71,3110,1398,1712
050,45,013,"South Carolina","Beaufort County",4,72,3061,1435,1626
050,45,013,"South Carolina","Beaufort County",4,73,3109,1470,1639
050,45,013,"South Carolina","Beaufort County",4,74,3152,1539,1613
050,45,013,"South Carolina","Beaufort County",4,75,3407,1670,1737
050,45,013,"South Carolina","Beaufort County",4,76,2334,1136,1198
050,45,013,"South Carolina","Beaufort County",4,77,2217,1072,1145
050,45,013,"South Carolina","Beaufort County",4,78,2194,1042,1152
050,45,013,"South Carolina","Beaufort County",4,79,2203,1073,1130
050,45,013,"South Carolina","Beaufort County",4,80,1734,824,910
050,45,013,"South Carolina","Beaufort County",4,81,1477,730,747
050,45,013,"South Carolina","Beaufort County",4,82,1258,615,643
050,45,013,"South Carolina","Beaufort County",4,83,1110,541,569
050,45,013,"South Carolina","Beaufort County",4,84,1012,487,525
050,45,013,"South Carolina","Beaufort County",4,85,5077,2259,2818
050,45,013,"South Carolina","Beaufort County",5,0,1916,992,924
050,45,013,"South Carolina","Beaufort County",5,1,1891,992,899
050,45,013,"South Carolina","Beaufort County",5,2,1769,880,889
050,45,013,"South Carolina","Beaufort County",5,3,1808,918,890
050,45,013,"South Carolina","Beaufort County",5,4,1693,860,833
050,45,013,"South Carolina","Beaufort County",5,5,1781,913,868
050,45,013,"South Carolina","Beaufort County",5,6,1764,908,856
050,45,013,"South Carolina","Beaufort County",5,7,1813,911,902
050,45,013,"South Carolina","Beaufort County",5,8,1823,887,936
050,45,013,"South Carolina","Beaufort County",5,9,1831,941,890
050,45,013,"South Carolina","Beaufort County",5,10,1832,947,885
050,45,013,"South Carolina","Beaufort County",5,11,1864,961,903
050,45,013,"South Carolina","Beaufort County",5,12,1839,938,901
050,45,013,"South Carolina","Beaufort County",5,13,1985,1016,969
050,45,013,"South Carolina","Beaufort County",5,14,2024,1032,992
050,45,013,"South Carolina","Beaufort County",5,15,2126,1105,1021
050,45,013,"South Carolina","Beaufort County",5,16,2131,1080,1051
050,45,013,"South Carolina","Beaufort County",5,17,2079,1072,1007
050,45,013,"South Carolina","Beaufort County",5,18,2761,1635,1126
050,45,013,"South Carolina","Beaufort County",5,19,3414,2194,1220
050,45,013,"South Carolina","Beaufort County",5,20,3032,1962,1070
050,45,013,"South Carolina","Beaufort County",5,21,2734,1698,1036
050,45,013,"South Carolina","Beaufort County",5,22,2645,1533,1112
050,45,013,"South Carolina","Beaufort County",5,23,2365,1306,1059
050,45,013,"South Carolina","Beaufort County",5,24,2202,1221,981
050,45,013,"South Carolina","Beaufort County",5,25,2095,1071,1024
050,45,013,"South Carolina","Beaufort County",5,26,2106,1113,993
050,45,013,"South Carolina","Beaufort County",5,27,2112,1098,1014
050,45,013,"South Carolina","Beaufort County",5,28,1996,1048,948
050,45,013,"South Carolina","Beaufort County",5,29,1956,1012,944
050,45,013,"South Carolina","Beaufort County",5,30,1948,920,1028
050,45,013,"South Carolina","Beaufort County",5,31,1941,916,1025
050,45,013,"South Carolina","Beaufort County",5,32,2061,1035,1026
050,45,013,"South Carolina","Beaufort County",5,33,1946,940,1006
050,45,013,"South Carolina","Beaufort County",5,34,1951,948,1003
050,45,013,"South Carolina","Beaufort County",5,35,1951,981,970
050,45,013,"South Carolina","Beaufort County",5,36,1872,921,951
050,45,013,"South Carolina","Beaufort County",5,37,1941,967,974
050,45,013,"South Carolina","Beaufort County",5,38,1910,952,958
050,45,013,"South Carolina","Beaufort County",5,39,1958,950,1008
050,45,013,"South Carolina","Beaufort County",5,40,1952,956,996
050,45,013,"South Carolina","Beaufort County",5,41,1978,975,1003
050,45,013,"South Carolina","Beaufort County",5,42,1956,973,983
050,45,013,"South Carolina","Beaufort County",5,43,1846,922,924
050,45,013,"South Carolina","Beaufort County",5,44,1875,863,1012
050,45,013,"South Carolina","Beaufort County",5,45,1858,884,974
050,45,013,"South Carolina","Beaufort County",5,46,1892,913,979
050,45,013,"South Carolina","Beaufort County",5,47,1864,902,962
050,45,013,"South Carolina","Beaufort County",5,48,1904,916,988
050,45,013,"South Carolina","Beaufort County",5,49,1850,850,1000
050,45,013,"South Carolina","Beaufort County",5,50,1912,918,994
050,45,013,"South Carolina","Beaufort County",5,51,1996,933,1063
050,45,013,"South Carolina","Beaufort County",5,52,2262,1071,1191
050,45,013,"South Carolina","Beaufort County",5,53,2282,1078,1204
050,45,013,"South Carolina","Beaufort County",5,54,2199,1047,1152
050,45,013,"South Carolina","Beaufort County",5,55,2182,1053,1129
050,45,013,"South Carolina","Beaufort County",5,56,2292,1048,1244
050,45,013,"South Carolina","Beaufort County",5,57,2524,1148,1376
050,45,013,"South Carolina","Beaufort County",5,58,2665,1197,1468
050,45,013,"South Carolina","Beaufort County",5,59,2853,1301,1552
050,45,013,"South Carolina","Beaufort County",5,60,2904,1375,1529
050,45,013,"South Carolina","Beaufort County",5,61,3264,1523,1741
050,45,013,"South Carolina","Beaufort County",5,62,3236,1485,1751
050,45,013,"South Carolina","Beaufort County",5,63,3211,1442,1769
050,45,013,"South Carolina","Beaufort County",5,64,3315,1530,1785
050,45,013,"South Carolina","Beaufort County",5,65,3358,1558,1800
050,45,013,"South Carolina","Beaufort County",5,66,3386,1601,1785
050,45,013,"South Carolina","Beaufort County",5,67,3284,1500,1784
050,45,013,"South Carolina","Beaufort County",5,68,3299,1481,1818
050,45,013,"South Carolina","Beaufort County",5,69,3266,1470,1796
050,45,013,"South Carolina","Beaufort County",5,70,3269,1448,1821
050,45,013,"South Carolina","Beaufort County",5,71,3208,1438,1770
050,45,013,"South Carolina","Beaufort County",5,72,3086,1391,1695
050,45,013,"South Carolina","Beaufort County",5,73,3049,1430,1619
050,45,013,"South Carolina","Beaufort County",5,74,3097,1466,1631
050,45,013,"South Carolina","Beaufort County",5,75,3077,1487,1590
050,45,013,"South Carolina","Beaufort County",5,76,3355,1642,1713
050,45,013,"South Carolina","Beaufort County",5,77,2291,1117,1174
050,45,013,"South Carolina","Beaufort County",5,78,2182,1043,1139
050,45,013,"South Carolina","Beaufort County",5,79,2101,1013,1088
050,45,013,"South Carolina","Beaufort County",5,80,2131,1034,1097
050,45,013,"South Carolina","Beaufort County",5,81,1643,781,862
050,45,013,"South Carolina","Beaufort County",5,82,1376,676,700
050,45,013,"South Carolina","Beaufort County",5,83,1178,571,607
050,45,013,"South Carolina","Beaufort County",5,84,1055,500,555
050,45,013,"South Carolina","Beaufort County",5,85,5350,2394,2956
050,45,015,"South Carolina","Berkeley County",1,0,2858,1460,1398
050,45,015,"South Carolina","Berkeley County",1,1,2864,1446,1418
050,45,015,"South Carolina","Berkeley County",1,2,2882,1449,1433
050,45,015,"South Carolina","Berkeley County",1,3,2933,1517,1416
050,45,015,"South Carolina","Berkeley County",1,4,3022,1550,1472
050,45,015,"South Carolina","Berkeley County",1,5,3129,1649,1480
050,45,015,"South Carolina","Berkeley County",1,6,3011,1537,1474
050,45,015,"South Carolina","Berkeley County",1,7,3066,1584,1482
050,45,015,"South Carolina","Berkeley County",1,8,2989,1535,1454
050,45,015,"South Carolina","Berkeley County",1,9,2989,1510,1479
050,45,015,"South Carolina","Berkeley County",1,10,3223,1652,1571
050,45,015,"South Carolina","Berkeley County",1,11,3414,1725,1689
050,45,015,"South Carolina","Berkeley County",1,12,3417,1762,1655
050,45,015,"South Carolina","Berkeley County",1,13,3367,1743,1624
050,45,015,"South Carolina","Berkeley County",1,14,3172,1616,1556
050,45,015,"South Carolina","Berkeley County",1,15,3070,1590,1480
050,45,015,"South Carolina","Berkeley County",1,16,3138,1586,1552
050,45,015,"South Carolina","Berkeley County",1,17,2974,1500,1474
050,45,015,"South Carolina","Berkeley County",1,18,2965,1674,1291
050,45,015,"South Carolina","Berkeley County",1,19,3221,2031,1190
050,45,015,"South Carolina","Berkeley County",1,20,3281,2049,1232
050,45,015,"South Carolina","Berkeley County",1,21,2929,1721,1208
050,45,015,"South Carolina","Berkeley County",1,22,2922,1650,1272
050,45,015,"South Carolina","Berkeley County",1,23,2987,1645,1342
050,45,015,"South Carolina","Berkeley County",1,24,2952,1594,1358
050,45,015,"South Carolina","Berkeley County",1,25,3097,1638,1459
050,45,015,"South Carolina","Berkeley County",1,26,3101,1609,1492
050,45,015,"South Carolina","Berkeley County",1,27,3186,1652,1534
050,45,015,"South Carolina","Berkeley County",1,28,3234,1606,1628
050,45,015,"South Carolina","Berkeley County",1,29,3442,1668,1774
050,45,015,"South Carolina","Berkeley County",1,30,3535,1723,1812
050,45,015,"South Carolina","Berkeley County",1,31,3414,1657,1757
050,45,015,"South Carolina","Berkeley County",1,32,3294,1611,1683
050,45,015,"South Carolina","Berkeley County",1,33,3316,1626,1690
050,45,015,"South Carolina","Berkeley County",1,34,3409,1703,1706
050,45,015,"South Carolina","Berkeley County",1,35,3294,1652,1642
050,45,015,"South Carolina","Berkeley County",1,36,3274,1593,1681
050,45,015,"South Carolina","Berkeley County",1,37,3319,1611,1708
050,45,015,"South Carolina","Berkeley County",1,38,3358,1666,1692
050,45,015,"South Carolina","Berkeley County",1,39,3298,1667,1631
050,45,015,"South Carolina","Berkeley County",1,40,3149,1552,1597
050,45,015,"South Carolina","Berkeley County",1,41,3008,1438,1570
050,45,015,"South Carolina","Berkeley County",1,42,2983,1452,1531
050,45,015,"South Carolina","Berkeley County",1,43,2818,1392,1426
050,45,015,"South Carolina","Berkeley County",1,44,2722,1338,1384
050,45,015,"South Carolina","Berkeley County",1,45,2796,1378,1418
050,45,015,"South Carolina","Berkeley County",1,46,2754,1359,1395
050,45,015,"South Carolina","Berkeley County",1,47,2855,1406,1449
050,45,015,"South Carolina","Berkeley County",1,48,2922,1458,1464
050,45,015,"South Carolina","Berkeley County",1,49,2978,1453,1525
050,45,015,"South Carolina","Berkeley County",1,50,2909,1429,1480
050,45,015,"South Carolina","Berkeley County",1,51,2740,1330,1410
050,45,015,"South Carolina","Berkeley County",1,52,2685,1321,1364
050,45,015,"South Carolina","Berkeley County",1,53,2761,1359,1402
050,45,015,"South Carolina","Berkeley County",1,54,2925,1424,1501
050,45,015,"South Carolina","Berkeley County",1,55,2943,1451,1492
050,45,015,"South Carolina","Berkeley County",1,56,3008,1449,1559
050,45,015,"South Carolina","Berkeley County",1,57,2957,1473,1484
050,45,015,"South Carolina","Berkeley County",1,58,2931,1458,1473
050,45,015,"South Carolina","Berkeley County",1,59,2908,1417,1491
050,45,015,"South Carolina","Berkeley County",1,60,2855,1370,1485
050,45,015,"South Carolina","Berkeley County",1,61,2748,1314,1434
050,45,015,"South Carolina","Berkeley County",1,62,2725,1321,1404
050,45,015,"South Carolina","Berkeley County",1,63,2652,1230,1422
050,45,015,"South Carolina","Berkeley County",1,64,2553,1164,1389
050,45,015,"South Carolina","Berkeley County",1,65,2451,1159,1292
050,45,015,"South Carolina","Berkeley County",1,66,2361,1108,1253
050,45,015,"South Carolina","Berkeley County",1,67,2224,1025,1199
050,45,015,"South Carolina","Berkeley County",1,68,2166,1005,1161
050,45,015,"South Carolina","Berkeley County",1,69,2030,921,1109
050,45,015,"South Carolina","Berkeley County",1,70,2055,963,1092
050,45,015,"South Carolina","Berkeley County",1,71,1953,911,1042
050,45,015,"South Carolina","Berkeley County",1,72,1987,919,1068
050,45,015,"South Carolina","Berkeley County",1,73,2100,981,1119
050,45,015,"South Carolina","Berkeley County",1,74,1438,652,786
050,45,015,"South Carolina","Berkeley County",1,75,1387,640,747
050,45,015,"South Carolina","Berkeley County",1,76,1339,624,715
050,45,015,"South Carolina","Berkeley County",1,77,1243,583,660
050,45,015,"South Carolina","Berkeley County",1,78,1030,473,557
050,45,015,"South Carolina","Berkeley County",1,79,889,409,480
050,45,015,"South Carolina","Berkeley County",1,80,788,375,413
050,45,015,"South Carolina","Berkeley County",1,81,727,336,391
050,45,015,"South Carolina","Berkeley County",1,82,660,312,348
050,45,015,"South Carolina","Berkeley County",1,83,564,251,313
050,45,015,"South Carolina","Berkeley County",1,84,470,207,263
050,45,015,"South Carolina","Berkeley County",1,85,2333,920,1413
050,45,015,"South Carolina","Berkeley County",2,0,2834,1460,1374
050,45,015,"South Carolina","Berkeley County",2,1,2879,1456,1423
050,45,015,"South Carolina","Berkeley County",2,2,2895,1461,1434
050,45,015,"South Carolina","Berkeley County",2,3,2928,1503,1425
050,45,015,"South Carolina","Berkeley County",2,4,3029,1551,1478
050,45,015,"South Carolina","Berkeley County",2,5,3123,1632,1491
050,45,015,"South Carolina","Berkeley County",2,6,3071,1584,1487
050,45,015,"South Carolina","Berkeley County",2,7,3068,1584,1484
050,45,015,"South Carolina","Berkeley County",2,8,3024,1554,1470
050,45,015,"South Carolina","Berkeley County",2,9,3010,1533,1477
050,45,015,"South Carolina","Berkeley County",2,10,3192,1634,1558
050,45,015,"South Carolina","Berkeley County",2,11,3379,1713,1666
050,45,015,"South Carolina","Berkeley County",2,12,3454,1772,1682
050,45,015,"South Carolina","Berkeley County",2,13,3404,1758,1646
050,45,015,"South Carolina","Berkeley County",2,14,3231,1655,1576
050,45,015,"South Carolina","Berkeley County",2,15,3114,1610,1504
050,45,015,"South Carolina","Berkeley County",2,16,3135,1596,1539
050,45,015,"South Carolina","Berkeley County",2,17,3055,1548,1507
050,45,015,"South Carolina","Berkeley County",2,18,3037,1734,1303
050,45,015,"South Carolina","Berkeley County",2,19,3205,2005,1200
050,45,015,"South Carolina","Berkeley County",2,20,3292,2033,1259
050,45,015,"South Carolina","Berkeley County",2,21,3014,1779,1235
050,45,015,"South Carolina","Berkeley County",2,22,2970,1684,1286
050,45,015,"South Carolina","Berkeley County",2,23,3008,1660,1348
050,45,015,"South Carolina","Berkeley County",2,24,2974,1601,1373
050,45,015,"South Carolina","Berkeley County",2,25,3084,1631,1453
050,45,015,"South Carolina","Berkeley County",2,26,3101,1605,1496
050,45,015,"South Carolina","Berkeley County",2,27,3189,1651,1538
050,45,015,"South Carolina","Berkeley County",2,28,3248,1622,1626
050,45,015,"South Carolina","Berkeley County",2,29,3425,1664,1761
050,45,015,"South Carolina","Berkeley County",2,30,3556,1729,1827
050,45,015,"South Carolina","Berkeley County",2,31,3445,1672,1773
050,45,015,"South Carolina","Berkeley County",2,32,3333,1629,1704
050,45,015,"South Carolina","Berkeley County",2,33,3331,1631,1700
050,45,015,"South Carolina","Berkeley County",2,34,3403,1693,1710
050,45,015,"South Carolina","Berkeley County",2,35,3358,1679,1679
050,45,015,"South Carolina","Berkeley County",2,36,3273,1601,1672
050,45,015,"South Carolina","Berkeley County",2,37,3347,1626,1721
050,45,015,"South Carolina","Berkeley County",2,38,3376,1662,1714
050,45,015,"South Carolina","Berkeley County",2,39,3313,1666,1647
050,45,015,"South Carolina","Berkeley County",2,40,3226,1598,1628
050,45,015,"South Carolina","Berkeley County",2,41,3049,1468,1581
050,45,015,"South Carolina","Berkeley County",2,42,2987,1454,1533
050,45,015,"South Carolina","Berkeley County",2,43,2884,1418,1466
050,45,015,"South Carolina","Berkeley County",2,44,2727,1347,1380
050,45,015,"South Carolina","Berkeley County",2,45,2807,1384,1423
050,45,015,"South Carolina","Berkeley County",2,46,2762,1359,1403
050,45,015,"South Carolina","Berkeley County",2,47,2822,1385,1437
050,45,015,"South Carolina","Berkeley County",2,48,2914,1451,1463
050,45,015,"South Carolina","Berkeley County",2,49,2996,1470,1526
050,45,015,"South Carolina","Berkeley County",2,50,2946,1445,1501
050,45,015,"South Carolina","Berkeley County",2,51,2782,1349,1433
050,45,015,"South Carolina","Berkeley County",2,52,2704,1326,1378
050,45,015,"South Carolina","Berkeley County",2,53,2756,1353,1403
050,45,015,"South Carolina","Berkeley County",2,54,2890,1413,1477
050,45,015,"South Carolina","Berkeley County",2,55,2953,1452,1501
050,45,015,"South Carolina","Berkeley County",2,56,3024,1463,1561
050,45,015,"South Carolina","Berkeley County",2,57,2981,1469,1512
050,45,015,"South Carolina","Berkeley County",2,58,2951,1470,1481
050,45,015,"South Carolina","Berkeley County",2,59,2927,1435,1492
050,45,015,"South Carolina","Berkeley County",2,60,2872,1384,1488
050,45,015,"South Carolina","Berkeley County",2,61,2771,1323,1448
050,45,015,"South Carolina","Berkeley County",2,62,2739,1321,1418
050,45,015,"South Carolina","Berkeley County",2,63,2707,1264,1443
050,45,015,"South Carolina","Berkeley County",2,64,2567,1173,1394
050,45,015,"South Carolina","Berkeley County",2,65,2482,1162,1320
050,45,015,"South Carolina","Berkeley County",2,66,2397,1124,1273
050,45,015,"South Carolina","Berkeley County",2,67,2259,1045,1214
050,45,015,"South Carolina","Berkeley County",2,68,2178,1007,1171
050,45,015,"South Carolina","Berkeley County",2,69,2078,949,1129
050,45,015,"South Carolina","Berkeley County",2,70,2058,958,1100
050,45,015,"South Carolina","Berkeley County",2,71,1979,926,1053
050,45,015,"South Carolina","Berkeley County",2,72,1961,907,1054
050,45,015,"South Carolina","Berkeley County",2,73,2164,1010,1154
050,45,015,"South Carolina","Berkeley County",2,74,1503,683,820
050,45,015,"South Carolina","Berkeley County",2,75,1400,640,760
050,45,015,"South Carolina","Berkeley County",2,76,1333,621,712
050,45,015,"South Carolina","Berkeley County",2,77,1287,603,684
050,45,015,"South Carolina","Berkeley County",2,78,1057,484,573
050,45,015,"South Carolina","Berkeley County",2,79,912,417,495
050,45,015,"South Carolina","Berkeley County",2,80,809,381,428
050,45,015,"South Carolina","Berkeley County",2,81,734,341,393
050,45,015,"South Carolina","Berkeley County",2,82,671,318,353
050,45,015,"South Carolina","Berkeley County",2,83,581,261,320
050,45,015,"South Carolina","Berkeley County",2,84,485,213,272
050,45,015,"South Carolina","Berkeley County",2,85,2354,932,1422
050,45,015,"South Carolina","Berkeley County",3,0,2778,1454,1324
050,45,015,"South Carolina","Berkeley County",3,1,2855,1428,1427
050,45,015,"South Carolina","Berkeley County",3,2,2952,1501,1451
050,45,015,"South Carolina","Berkeley County",3,3,3008,1527,1481
050,45,015,"South Carolina","Berkeley County",3,4,2991,1527,1464
050,45,015,"South Carolina","Berkeley County",3,5,3125,1582,1543
050,45,015,"South Carolina","Berkeley County",3,6,3136,1655,1481
050,45,015,"South Carolina","Berkeley County",3,7,3174,1631,1543
050,45,015,"South Carolina","Berkeley County",3,8,3084,1585,1499
050,45,015,"South Carolina","Berkeley County",3,9,3094,1583,1511
050,45,015,"South Carolina","Berkeley County",3,10,3051,1544,1507
050,45,015,"South Carolina","Berkeley County",3,11,3276,1675,1601
050,45,015,"South Carolina","Berkeley County",3,12,3431,1723,1708
050,45,015,"South Carolina","Berkeley County",3,13,3542,1833,1709
050,45,015,"South Carolina","Berkeley County",3,14,3440,1768,1672
050,45,015,"South Carolina","Berkeley County",3,15,3298,1703,1595
050,45,015,"South Carolina","Berkeley County",3,16,3196,1649,1547
050,45,015,"South Carolina","Berkeley County",3,17,3168,1595,1573
050,45,015,"South Carolina","Berkeley County",3,18,3131,1779,1352
050,45,015,"South Carolina","Berkeley County",3,19,3258,2108,1150
050,45,015,"South Carolina","Berkeley County",3,20,3335,2056,1279
050,45,015,"South Carolina","Berkeley County",3,21,3017,1722,1295
050,45,015,"South Carolina","Berkeley County",3,22,2971,1667,1304
050,45,015,"South Carolina","Berkeley County",3,23,3114,1736,1378
050,45,015,"South Carolina","Berkeley County",3,24,3054,1670,1384
050,45,015,"South Carolina","Berkeley County",3,25,3061,1603,1458
050,45,015,"South Carolina","Berkeley County",3,26,3088,1555,1533
050,45,015,"South Carolina","Berkeley County",3,27,3226,1657,1569
050,45,015,"South Carolina","Berkeley County",3,28,3252,1659,1593
050,45,015,"South Carolina","Berkeley County",3,29,3303,1665,1638
050,45,015,"South Carolina","Berkeley County",3,30,3497,1721,1776
050,45,015,"South Carolina","Berkeley County",3,31,3576,1736,1840
050,45,015,"South Carolina","Berkeley County",3,32,3609,1741,1868
050,45,015,"South Carolina","Berkeley County",3,33,3404,1662,1742
050,45,015,"South Carolina","Berkeley County",3,34,3408,1661,1747
050,45,015,"South Carolina","Berkeley County",3,35,3482,1735,1747
050,45,015,"South Carolina","Berkeley County",3,36,3452,1709,1743
050,45,015,"South Carolina","Berkeley County",3,37,3429,1686,1743
050,45,015,"South Carolina","Berkeley County",3,38,3404,1636,1768
050,45,015,"South Carolina","Berkeley County",3,39,3437,1680,1757
050,45,015,"South Carolina","Berkeley County",3,40,3364,1690,1674
050,45,015,"South Carolina","Berkeley County",3,41,3227,1595,1632
050,45,015,"South Carolina","Berkeley County",3,42,3052,1485,1567
050,45,015,"South Carolina","Berkeley County",3,43,2989,1448,1541
050,45,015,"South Carolina","Berkeley County",3,44,2960,1457,1503
050,45,015,"South Carolina","Berkeley County",3,45,2778,1344,1434
050,45,015,"South Carolina","Berkeley County",3,46,2886,1423,1463
050,45,015,"South Carolina","Berkeley County",3,47,2788,1358,1430
050,45,015,"South Carolina","Berkeley County",3,48,2861,1413,1448
050,45,015,"South Carolina","Berkeley County",3,49,2949,1431,1518
050,45,015,"South Carolina","Berkeley County",3,50,3015,1498,1517
050,45,015,"South Carolina","Berkeley County",3,51,3019,1473,1546
050,45,015,"South Carolina","Berkeley County",3,52,2857,1378,1479
050,45,015,"South Carolina","Berkeley County",3,53,2747,1330,1417
050,45,015,"South Carolina","Berkeley County",3,54,2825,1370,1455
050,45,015,"South Carolina","Berkeley County",3,55,2877,1402,1475
050,45,015,"South Carolina","Berkeley County",3,56,3012,1474,1538
050,45,015,"South Carolina","Berkeley County",3,57,3014,1434,1580
050,45,015,"South Carolina","Berkeley County",3,58,3004,1506,1498
050,45,015,"South Carolina","Berkeley County",3,59,2983,1458,1525
050,45,015,"South Carolina","Berkeley County",3,60,2946,1420,1526
050,45,015,"South Carolina","Berkeley County",3,61,2863,1376,1487
050,45,015,"South Carolina","Berkeley County",3,62,2809,1353,1456
050,45,015,"South Carolina","Berkeley County",3,63,2752,1314,1438
050,45,015,"South Carolina","Berkeley County",3,64,2714,1253,1461
050,45,015,"South Carolina","Berkeley County",3,65,2620,1210,1410
050,45,015,"South Carolina","Berkeley County",3,66,2469,1142,1327
050,45,015,"South Carolina","Berkeley County",3,67,2456,1142,1314
050,45,015,"South Carolina","Berkeley County",3,68,2286,1050,1236
050,45,015,"South Carolina","Berkeley County",3,69,2184,999,1185
050,45,015,"South Carolina","Berkeley County",3,70,2074,949,1125
050,45,015,"South Carolina","Berkeley County",3,71,2053,957,1096
050,45,015,"South Carolina","Berkeley County",3,72,1939,898,1041
050,45,015,"South Carolina","Berkeley County",3,73,1932,881,1051
050,45,015,"South Carolina","Berkeley County",3,74,2101,974,1127
050,45,015,"South Carolina","Berkeley County",3,75,1476,665,811
050,45,015,"South Carolina","Berkeley County",3,76,1368,611,757
050,45,015,"South Carolina","Berkeley County",3,77,1316,617,699
050,45,015,"South Carolina","Berkeley County",3,78,1250,575,675
050,45,015,"South Carolina","Berkeley County",3,79,1003,449,554
050,45,015,"South Carolina","Berkeley County",3,80,888,410,478
050,45,015,"South Carolina","Berkeley County",3,81,782,363,419
050,45,015,"South Carolina","Berkeley County",3,82,676,324,352
050,45,015,"South Carolina","Berkeley County",3,83,631,289,342
050,45,015,"South Carolina","Berkeley County",3,84,528,232,296
050,45,015,"South Carolina","Berkeley County",3,85,2427,983,1444
050,45,015,"South Carolina","Berkeley County",4,0,2889,1516,1373
050,45,015,"South Carolina","Berkeley County",4,1,2901,1494,1407
050,45,015,"South Carolina","Berkeley County",4,2,3032,1514,1518
050,45,015,"South Carolina","Berkeley County",4,3,3049,1540,1509
050,45,015,"South Carolina","Berkeley County",4,4,3137,1582,1555
050,45,015,"South Carolina","Berkeley County",4,5,3154,1626,1528
050,45,015,"South Carolina","Berkeley County",4,6,3234,1635,1599
050,45,015,"South Carolina","Berkeley County",4,7,3243,1716,1527
050,45,015,"South Carolina","Berkeley County",4,8,3308,1705,1603
050,45,015,"South Carolina","Berkeley County",4,9,3126,1590,1536
050,45,015,"South Carolina","Berkeley County",4,10,3209,1664,1545
050,45,015,"South Carolina","Berkeley County",4,11,3147,1589,1558
050,45,015,"South Carolina","Berkeley County",4,12,3367,1729,1638
050,45,015,"South Carolina","Berkeley County",4,13,3580,1788,1792
050,45,015,"South Carolina","Berkeley County",4,14,3559,1826,1733
050,45,015,"South Carolina","Berkeley County",4,15,3502,1810,1692
050,45,015,"South Carolina","Berkeley County",4,16,3391,1748,1643
050,45,015,"South Carolina","Berkeley County",4,17,3263,1683,1580
050,45,015,"South Carolina","Berkeley County",4,18,3116,1758,1358
050,45,015,"South Carolina","Berkeley County",4,19,3243,2049,1194
050,45,015,"South Carolina","Berkeley County",4,20,3344,2074,1270
050,45,015,"South Carolina","Berkeley County",4,21,3106,1743,1363
050,45,015,"South Carolina","Berkeley County",4,22,3039,1648,1391
050,45,015,"South Carolina","Berkeley County",4,23,3182,1738,1444
050,45,015,"South Carolina","Berkeley County",4,24,3242,1746,1496
050,45,015,"South Carolina","Berkeley County",4,25,3171,1652,1519
050,45,015,"South Carolina","Berkeley County",4,26,3135,1553,1582
050,45,015,"South Carolina","Berkeley County",4,27,3257,1604,1653
050,45,015,"South Carolina","Berkeley County",4,28,3412,1714,1698
050,45,015,"South Carolina","Berkeley County",4,29,3374,1729,1645
050,45,015,"South Carolina","Berkeley County",4,30,3448,1710,1738
050,45,015,"South Carolina","Berkeley County",4,31,3616,1768,1848
050,45,015,"South Carolina","Berkeley County",4,32,3755,1811,1944
050,45,015,"South Carolina","Berkeley County",4,33,3818,1822,1996
050,45,015,"South Carolina","Berkeley County",4,34,3566,1739,1827
050,45,015,"South Carolina","Berkeley County",4,35,3515,1729,1786
050,45,015,"South Carolina","Berkeley County",4,36,3574,1776,1798
050,45,015,"South Carolina","Berkeley County",4,37,3514,1736,1778
050,45,015,"South Carolina","Berkeley County",4,38,3561,1693,1868
050,45,015,"South Carolina","Berkeley County",4,39,3528,1708,1820
050,45,015,"South Carolina","Berkeley County",4,40,3541,1715,1826
050,45,015,"South Carolina","Berkeley County",4,41,3399,1695,1704
050,45,015,"South Carolina","Berkeley County",4,42,3354,1663,1691
050,45,015,"South Carolina","Berkeley County",4,43,3153,1540,1613
050,45,015,"South Carolina","Berkeley County",4,44,3078,1500,1578
050,45,015,"South Carolina","Berkeley County",4,45,3042,1495,1547
050,45,015,"South Carolina","Berkeley County",4,46,2829,1360,1469
050,45,015,"South Carolina","Berkeley County",4,47,2920,1423,1497
050,45,015,"South Carolina","Berkeley County",4,48,2873,1399,1474
050,45,015,"South Carolina","Berkeley County",4,49,2892,1391,1501
050,45,015,"South Carolina","Berkeley County",4,50,3030,1477,1553
050,45,015,"South Carolina","Berkeley County",4,51,3092,1527,1565
050,45,015,"South Carolina","Berkeley County",4,52,3109,1515,1594
050,45,015,"South Carolina","Berkeley County",4,53,2922,1399,1523
050,45,015,"South Carolina","Berkeley County",4,54,2839,1413,1426
050,45,015,"South Carolina","Berkeley County",4,55,2914,1412,1502
050,45,015,"South Carolina","Berkeley County",4,56,2982,1453,1529
050,45,015,"South Carolina","Berkeley County",4,57,3049,1461,1588
050,45,015,"South Carolina","Berkeley County",4,58,3102,1488,1614
050,45,015,"South Carolina","Berkeley County",4,59,2962,1450,1512
050,45,015,"South Carolina","Berkeley County",4,60,3028,1479,1549
050,45,015,"South Carolina","Berkeley County",4,61,3023,1441,1582
050,45,015,"South Carolina","Berkeley County",4,62,2920,1411,1509
050,45,015,"South Carolina","Berkeley County",4,63,2810,1340,1470
050,45,015,"South Carolina","Berkeley County",4,64,2814,1345,1469
050,45,015,"South Carolina","Berkeley County",4,65,2751,1275,1476
050,45,015,"South Carolina","Berkeley County",4,66,2674,1217,1457
050,45,015,"South Carolina","Berkeley County",4,67,2507,1159,1348
050,45,015,"South Carolina","Berkeley County",4,68,2514,1160,1354
050,45,015,"South Carolina","Berkeley County",4,69,2308,1054,1254
050,45,015,"South Carolina","Berkeley County",4,70,2225,1017,1208
050,45,015,"South Carolina","Berkeley County",4,71,2092,955,1137
050,45,015,"South Carolina","Berkeley County",4,72,2035,940,1095
050,45,015,"South Carolina","Berkeley County",4,73,1913,870,1043
050,45,015,"South Carolina","Berkeley County",4,74,1925,864,1061
050,45,015,"South Carolina","Berkeley County",4,75,2107,990,1117
050,45,015,"South Carolina","Berkeley County",4,76,1435,628,807
050,45,015,"South Carolina","Berkeley County",4,77,1359,608,751
050,45,015,"South Carolina","Berkeley County",4,78,1281,589,692
050,45,015,"South Carolina","Berkeley County",4,79,1204,552,652
050,45,015,"South Carolina","Berkeley County",4,80,934,420,514
050,45,015,"South Carolina","Berkeley County",4,81,841,374,467
050,45,015,"South Carolina","Berkeley County",4,82,750,348,402
050,45,015,"South Carolina","Berkeley County",4,83,639,309,330
050,45,015,"South Carolina","Berkeley County",4,84,588,264,324
050,45,015,"South Carolina","Berkeley County",4,85,2586,1062,1524
050,45,015,"South Carolina","Berkeley County",5,0,2858,1497,1361
050,45,015,"South Carolina","Berkeley County",5,1,3138,1614,1524
050,45,015,"South Carolina","Berkeley County",5,2,3036,1540,1496
050,45,015,"South Carolina","Berkeley County",5,3,3149,1588,1561
050,45,015,"South Carolina","Berkeley County",5,4,3109,1562,1547
050,45,015,"South Carolina","Berkeley County",5,5,3228,1632,1596
050,45,015,"South Carolina","Berkeley County",5,6,3228,1684,1544
050,45,015,"South Carolina","Berkeley County",5,7,3353,1697,1656
050,45,015,"South Carolina","Berkeley County",5,8,3363,1769,1594
050,45,015,"South Carolina","Berkeley County",5,9,3423,1745,1678
050,45,015,"South Carolina","Berkeley County",5,10,3230,1634,1596
050,45,015,"South Carolina","Berkeley County",5,11,3268,1683,1585
050,45,015,"South Carolina","Berkeley County",5,12,3298,1664,1634
050,45,015,"South Carolina","Berkeley County",5,13,3482,1797,1685
050,45,015,"South Carolina","Berkeley County",5,14,3684,1829,1855
050,45,015,"South Carolina","Berkeley County",5,15,3637,1851,1786
050,45,015,"South Carolina","Berkeley County",5,16,3545,1820,1725
050,45,015,"South Carolina","Berkeley County",5,17,3455,1798,1657
050,45,015,"South Carolina","Berkeley County",5,18,3198,1842,1356
050,45,015,"South Carolina","Berkeley County",5,19,3306,2077,1229
050,45,015,"South Carolina","Berkeley County",5,20,3401,2100,1301
050,45,015,"South Carolina","Berkeley County",5,21,3240,1870,1370
050,45,015,"South Carolina","Berkeley County",5,22,3248,1726,1522
050,45,015,"South Carolina","Berkeley County",5,23,3389,1768,1621
050,45,015,"South Carolina","Berkeley County",5,24,3485,1857,1628
050,45,015,"South Carolina","Berkeley County",5,25,3599,1941,1658
050,45,015,"South Carolina","Berkeley County",5,26,3470,1742,1728
050,45,015,"South Carolina","Berkeley County",5,27,3516,1754,1762
050,45,015,"South Carolina","Berkeley County",5,28,3533,1734,1799
050,45,015,"South Carolina","Berkeley County",5,29,3654,1832,1822
050,45,015,"South Carolina","Berkeley County",5,30,3613,1831,1782
050,45,015,"South Carolina","Berkeley County",5,31,3656,1786,1870
050,45,015,"South Carolina","Berkeley County",5,32,3830,1857,1973
050,45,015,"South Carolina","Berkeley County",5,33,3941,1902,2039
050,45,015,"South Carolina","Berkeley County",5,34,3968,1902,2066
050,45,015,"South Carolina","Berkeley County",5,35,3748,1857,1891
050,45,015,"South Carolina","Berkeley County",5,36,3650,1797,1853
050,45,015,"South Carolina","Berkeley County",5,37,3751,1849,1902
050,45,015,"South Carolina","Berkeley County",5,38,3637,1788,1849
050,45,015,"South Carolina","Berkeley County",5,39,3709,1776,1933
050,45,015,"South Carolina","Berkeley County",5,40,3623,1718,1905
050,45,015,"South Carolina","Berkeley County",5,41,3604,1720,1884
050,45,015,"South Carolina","Berkeley County",5,42,3545,1788,1757
050,45,015,"South Carolina","Berkeley County",5,43,3413,1702,1711
050,45,015,"South Carolina","Berkeley County",5,44,3242,1582,1660
050,45,015,"South Carolina","Berkeley County",5,45,3152,1537,1615
050,45,015,"South Carolina","Berkeley County",5,46,3092,1512,1580
050,45,015,"South Carolina","Berkeley County",5,47,2922,1408,1514
050,45,015,"South Carolina","Berkeley County",5,48,2966,1431,1535
050,45,015,"South Carolina","Berkeley County",5,49,2925,1419,1506
050,45,015,"South Carolina","Berkeley County",5,50,2998,1441,1557
050,45,015,"South Carolina","Berkeley County",5,51,3152,1520,1632
050,45,015,"South Carolina","Berkeley County",5,52,3141,1561,1580
050,45,015,"South Carolina","Berkeley County",5,53,3194,1556,1638
050,45,015,"South Carolina","Berkeley County",5,54,2997,1454,1543
050,45,015,"South Carolina","Berkeley County",5,55,2889,1428,1461
050,45,015,"South Carolina","Berkeley County",5,56,3021,1464,1557
050,45,015,"South Carolina","Berkeley County",5,57,3056,1461,1595
050,45,015,"South Carolina","Berkeley County",5,58,3141,1524,1617
050,45,015,"South Carolina","Berkeley County",5,59,3173,1500,1673
050,45,015,"South Carolina","Berkeley County",5,60,3031,1490,1541
050,45,015,"South Carolina","Berkeley County",5,61,3090,1498,1592
050,45,015,"South Carolina","Berkeley County",5,62,3122,1497,1625
050,45,015,"South Carolina","Berkeley County",5,63,2981,1428,1553
050,45,015,"South Carolina","Berkeley County",5,64,2865,1374,1491
050,45,015,"South Carolina","Berkeley County",5,65,2903,1395,1508
050,45,015,"South Carolina","Berkeley County",5,66,2762,1280,1482
050,45,015,"South Carolina","Berkeley County",5,67,2706,1230,1476
050,45,015,"South Carolina","Berkeley County",5,68,2556,1181,1375
050,45,015,"South Carolina","Berkeley County",5,69,2499,1141,1358
050,45,015,"South Carolina","Berkeley County",5,70,2332,1072,1260
050,45,015,"South Carolina","Berkeley County",5,71,2207,1017,1190
050,45,015,"South Carolina","Berkeley County",5,72,2073,951,1122
050,45,015,"South Carolina","Berkeley County",5,73,2028,936,1092
050,45,015,"South Carolina","Berkeley County",5,74,1906,852,1054
050,45,015,"South Carolina","Berkeley County",5,75,1903,860,1043
050,45,015,"South Carolina","Berkeley County",5,76,2058,960,1098
050,45,015,"South Carolina","Berkeley County",5,77,1400,621,779
050,45,015,"South Carolina","Berkeley County",5,78,1330,592,738
050,45,015,"South Carolina","Berkeley County",5,79,1225,562,663
050,45,015,"South Carolina","Berkeley County",5,80,1148,528,620
050,45,015,"South Carolina","Berkeley County",5,81,900,396,504
050,45,015,"South Carolina","Berkeley County",5,82,806,364,442
050,45,015,"South Carolina","Berkeley County",5,83,705,321,384
050,45,015,"South Carolina","Berkeley County",5,84,595,292,303
050,45,015,"South Carolina","Berkeley County",5,85,2814,1190,1624
050,45,017,"South Carolina","Calhoun County",1,0,120,61,59
050,45,017,"South Carolina","Calhoun County",1,1,131,71,60
050,45,017,"South Carolina","Calhoun County",1,2,133,73,60
050,45,017,"South Carolina","Calhoun County",1,3,126,72,54
050,45,017,"South Carolina","Calhoun County",1,4,150,79,71
050,45,017,"South Carolina","Calhoun County",1,5,119,72,47
050,45,017,"South Carolina","Calhoun County",1,6,146,73,73
050,45,017,"South Carolina","Calhoun County",1,7,144,75,69
050,45,017,"South Carolina","Calhoun County",1,8,146,77,69
050,45,017,"South Carolina","Calhoun County",1,9,153,82,71
050,45,017,"South Carolina","Calhoun County",1,10,154,83,71
050,45,017,"South Carolina","Calhoun County",1,11,165,91,74
050,45,017,"South Carolina","Calhoun County",1,12,166,80,86
050,45,017,"South Carolina","Calhoun County",1,13,164,86,78
050,45,017,"South Carolina","Calhoun County",1,14,164,84,80
050,45,017,"South Carolina","Calhoun County",1,15,170,89,81
050,45,017,"South Carolina","Calhoun County",1,16,179,95,84
050,45,017,"South Carolina","Calhoun County",1,17,148,73,75
050,45,017,"South Carolina","Calhoun County",1,18,129,59,70
050,45,017,"South Carolina","Calhoun County",1,19,123,61,62
050,45,017,"South Carolina","Calhoun County",1,20,138,72,66
050,45,017,"South Carolina","Calhoun County",1,21,135,68,67
050,45,017,"South Carolina","Calhoun County",1,22,143,66,77
050,45,017,"South Carolina","Calhoun County",1,23,147,73,74
050,45,017,"South Carolina","Calhoun County",1,24,143,78,65
050,45,017,"South Carolina","Calhoun County",1,25,146,77,69
050,45,017,"South Carolina","Calhoun County",1,26,151,83,68
050,45,017,"South Carolina","Calhoun County",1,27,179,106,73
050,45,017,"South Carolina","Calhoun County",1,28,156,82,74
050,45,017,"South Carolina","Calhoun County",1,29,163,76,87
050,45,017,"South Carolina","Calhoun County",1,30,152,69,83
050,45,017,"South Carolina","Calhoun County",1,31,146,67,79
050,45,017,"South Carolina","Calhoun County",1,32,135,54,81
050,45,017,"South Carolina","Calhoun County",1,33,128,68,60
050,45,017,"South Carolina","Calhoun County",1,34,131,70,61
050,45,017,"South Carolina","Calhoun County",1,35,150,78,72
050,45,017,"South Carolina","Calhoun County",1,36,149,67,82
050,45,017,"South Carolina","Calhoun County",1,37,172,80,92
050,45,017,"South Carolina","Calhoun County",1,38,150,73,77
050,45,017,"South Carolina","Calhoun County",1,39,149,72,77
050,45,017,"South Carolina","Calhoun County",1,40,155,71,84
050,45,017,"South Carolina","Calhoun County",1,41,146,68,78
050,45,017,"South Carolina","Calhoun County",1,42,162,87,75
050,45,017,"South Carolina","Calhoun County",1,43,152,81,71
050,45,017,"South Carolina","Calhoun County",1,44,165,80,85
050,45,017,"South Carolina","Calhoun County",1,45,149,65,84
050,45,017,"South Carolina","Calhoun County",1,46,155,73,82
050,45,017,"South Carolina","Calhoun County",1,47,154,66,88
050,45,017,"South Carolina","Calhoun County",1,48,165,78,87
050,45,017,"South Carolina","Calhoun County",1,49,195,95,100
050,45,017,"South Carolina","Calhoun County",1,50,198,93,105
050,45,017,"South Carolina","Calhoun County",1,51,186,90,96
050,45,017,"South Carolina","Calhoun County",1,52,205,102,103
050,45,017,"South Carolina","Calhoun County",1,53,196,93,103
050,45,017,"South Carolina","Calhoun County",1,54,197,80,117
050,45,017,"South Carolina","Calhoun County",1,55,225,105,120
050,45,017,"South Carolina","Calhoun County",1,56,237,120,117
050,45,017,"South Carolina","Calhoun County",1,57,236,110,126
050,45,017,"South Carolina","Calhoun County",1,58,228,117,111
050,45,017,"South Carolina","Calhoun County",1,59,237,109,128
050,45,017,"South Carolina","Calhoun County",1,60,228,114,114
050,45,017,"South Carolina","Calhoun County",1,61,238,113,125
050,45,017,"South Carolina","Calhoun County",1,62,225,114,111
050,45,017,"South Carolina","Calhoun County",1,63,214,112,102
050,45,017,"South Carolina","Calhoun County",1,64,217,104,113
050,45,017,"South Carolina","Calhoun County",1,65,238,117,121
050,45,017,"South Carolina","Calhoun County",1,66,213,93,120
050,45,017,"South Carolina","Calhoun County",1,67,228,97,131
050,45,017,"South Carolina","Calhoun County",1,68,219,98,121
050,45,017,"South Carolina","Calhoun County",1,69,208,91,117
050,45,017,"South Carolina","Calhoun County",1,70,203,105,98
050,45,017,"South Carolina","Calhoun County",1,71,195,85,110
050,45,017,"South Carolina","Calhoun County",1,72,187,93,94
050,45,017,"South Carolina","Calhoun County",1,73,206,98,108
050,45,017,"South Carolina","Calhoun County",1,74,142,64,78
050,45,017,"South Carolina","Calhoun County",1,75,144,63,81
050,45,017,"South Carolina","Calhoun County",1,76,154,71,83
050,45,017,"South Carolina","Calhoun County",1,77,141,70,71
050,45,017,"South Carolina","Calhoun County",1,78,115,54,61
050,45,017,"South Carolina","Calhoun County",1,79,106,46,60
050,45,017,"South Carolina","Calhoun County",1,80,78,33,45
050,45,017,"South Carolina","Calhoun County",1,81,79,36,43
050,45,017,"South Carolina","Calhoun County",1,82,68,33,35
050,45,017,"South Carolina","Calhoun County",1,83,58,26,32
050,45,017,"South Carolina","Calhoun County",1,84,66,27,39
050,45,017,"South Carolina","Calhoun County",1,85,316,103,213
050,45,017,"South Carolina","Calhoun County",2,0,113,57,56
050,45,017,"South Carolina","Calhoun County",2,1,131,72,59
050,45,017,"South Carolina","Calhoun County",2,2,135,75,60
050,45,017,"South Carolina","Calhoun County",2,3,129,73,56
050,45,017,"South Carolina","Calhoun County",2,4,145,79,66
050,45,017,"South Carolina","Calhoun County",2,5,129,74,55
050,45,017,"South Carolina","Calhoun County",2,6,140,73,67
050,45,017,"South Carolina","Calhoun County",2,7,143,73,70
050,45,017,"South Carolina","Calhoun County",2,8,143,75,68
050,45,017,"South Carolina","Calhoun County",2,9,149,79,70
050,45,017,"South Carolina","Calhoun County",2,10,155,84,71
050,45,017,"South Carolina","Calhoun County",2,11,162,89,73
050,45,017,"South Carolina","Calhoun County",2,12,167,84,83
050,45,017,"South Carolina","Calhoun County",2,13,166,85,81
050,45,017,"South Carolina","Calhoun County",2,14,169,86,83
050,45,017,"South Carolina","Calhoun County",2,15,168,88,80
050,45,017,"South Carolina","Calhoun County",2,16,173,91,82
050,45,017,"South Carolina","Calhoun County",2,17,155,79,76
050,45,017,"South Carolina","Calhoun County",2,18,128,62,66
050,45,017,"South Carolina","Calhoun County",2,19,123,59,64
050,45,017,"South Carolina","Calhoun County",2,20,138,72,66
050,45,017,"South Carolina","Calhoun County",2,21,135,68,67
050,45,017,"South Carolina","Calhoun County",2,22,144,68,76
050,45,017,"South Carolina","Calhoun County",2,23,149,72,77
050,45,017,"South Carolina","Calhoun County",2,24,144,77,67
050,45,017,"South Carolina","Calhoun County",2,25,146,79,67
050,45,017,"South Carolina","Calhoun County",2,26,155,85,70
050,45,017,"South Carolina","Calhoun County",2,27,173,101,72
050,45,017,"South Carolina","Calhoun County",2,28,163,88,75
050,45,017,"South Carolina","Calhoun County",2,29,162,77,85
050,45,017,"South Carolina","Calhoun County",2,30,158,73,85
050,45,017,"South Carolina","Calhoun County",2,31,147,66,81
050,45,017,"South Carolina","Calhoun County",2,32,137,57,80
050,45,017,"South Carolina","Calhoun County",2,33,131,65,66
050,45,017,"South Carolina","Calhoun County",2,34,131,71,60
050,45,017,"South Carolina","Calhoun County",2,35,149,76,73
050,45,017,"South Carolina","Calhoun County",2,36,146,68,78
050,45,017,"South Carolina","Calhoun County",2,37,166,76,90
050,45,017,"South Carolina","Calhoun County",2,38,153,73,80
050,45,017,"South Carolina","Calhoun County",2,39,143,68,75
050,45,017,"South Carolina","Calhoun County",2,40,155,71,84
050,45,017,"South Carolina","Calhoun County",2,41,145,68,77
050,45,017,"South Carolina","Calhoun County",2,42,155,81,74
050,45,017,"South Carolina","Calhoun County",2,43,153,81,72
050,45,017,"South Carolina","Calhoun County",2,44,159,79,80
050,45,017,"South Carolina","Calhoun County",2,45,153,69,84
050,45,017,"South Carolina","Calhoun County",2,46,151,70,81
050,45,017,"South Carolina","Calhoun County",2,47,154,66,88
050,45,017,"South Carolina","Calhoun County",2,48,164,76,88
050,45,017,"South Carolina","Calhoun County",2,49,188,91,97
050,45,017,"South Carolina","Calhoun County",2,50,200,96,104
050,45,017,"South Carolina","Calhoun County",2,51,190,92,98
050,45,017,"South Carolina","Calhoun County",2,52,201,99,102
050,45,017,"South Carolina","Calhoun County",2,53,199,95,104
050,45,017,"South Carolina","Calhoun County",2,54,196,84,112
050,45,017,"South Carolina","Calhoun County",2,55,219,100,119
050,45,017,"South Carolina","Calhoun County",2,56,234,115,119
050,45,017,"South Carolina","Calhoun County",2,57,232,110,122
050,45,017,"South Carolina","Calhoun County",2,58,228,113,115
050,45,017,"South Carolina","Calhoun County",2,59,237,111,126
050,45,017,"South Carolina","Calhoun County",2,60,231,113,118
050,45,017,"South Carolina","Calhoun County",2,61,237,114,123
050,45,017,"South Carolina","Calhoun County",2,62,227,115,112
050,45,017,"South Carolina","Calhoun County",2,63,219,115,104
050,45,017,"South Carolina","Calhoun County",2,64,216,106,110
050,45,017,"South Carolina","Calhoun County",2,65,232,115,117
050,45,017,"South Carolina","Calhoun County",2,66,218,98,120
050,45,017,"South Carolina","Calhoun County",2,67,222,96,126
050,45,017,"South Carolina","Calhoun County",2,68,219,97,122
050,45,017,"South Carolina","Calhoun County",2,69,212,93,119
050,45,017,"South Carolina","Calhoun County",2,70,205,102,103
050,45,017,"South Carolina","Calhoun County",2,71,197,90,107
050,45,017,"South Carolina","Calhoun County",2,72,184,90,94
050,45,017,"South Carolina","Calhoun County",2,73,206,100,106
050,45,017,"South Carolina","Calhoun County",2,74,147,68,79
050,45,017,"South Carolina","Calhoun County",2,75,142,60,82
050,45,017,"South Carolina","Calhoun County",2,76,149,69,80
050,45,017,"South Carolina","Calhoun County",2,77,146,70,76
050,45,017,"South Carolina","Calhoun County",2,78,121,57,64
050,45,017,"South Carolina","Calhoun County",2,79,104,45,59
050,45,017,"South Carolina","Calhoun County",2,80,86,37,49
050,45,017,"South Carolina","Calhoun County",2,81,76,34,42
050,45,017,"South Carolina","Calhoun County",2,82,72,34,38
050,45,017,"South Carolina","Calhoun County",2,83,57,27,30
050,45,017,"South Carolina","Calhoun County",2,84,63,26,37
050,45,017,"South Carolina","Calhoun County",2,85,320,107,213
050,45,017,"South Carolina","Calhoun County",3,0,119,60,59
050,45,017,"South Carolina","Calhoun County",3,1,112,56,56
050,45,017,"South Carolina","Calhoun County",3,2,130,63,67
050,45,017,"South Carolina","Calhoun County",3,3,137,77,60
050,45,017,"South Carolina","Calhoun County",3,4,139,75,64
050,45,017,"South Carolina","Calhoun County",3,5,149,78,71
050,45,017,"South Carolina","Calhoun County",3,6,131,74,57
050,45,017,"South Carolina","Calhoun County",3,7,141,75,66
050,45,017,"South Carolina","Calhoun County",3,8,149,76,73
050,45,017,"South Carolina","Calhoun County",3,9,144,74,70
050,45,017,"South Carolina","Calhoun County",3,10,140,69,71
050,45,017,"South Carolina","Calhoun County",3,11,158,91,67
050,45,017,"South Carolina","Calhoun County",3,12,167,87,80
050,45,017,"South Carolina","Calhoun County",3,13,163,86,77
050,45,017,"South Carolina","Calhoun County",3,14,171,81,90
050,45,017,"South Carolina","Calhoun County",3,15,175,89,86
050,45,017,"South Carolina","Calhoun County",3,16,167,89,78
050,45,017,"South Carolina","Calhoun County",3,17,170,87,83
050,45,017,"South Carolina","Calhoun County",3,18,134,69,65
050,45,017,"South Carolina","Calhoun County",3,19,115,57,58
050,45,017,"South Carolina","Calhoun County",3,20,134,63,71
050,45,017,"South Carolina","Calhoun County",3,21,138,74,64
050,45,017,"South Carolina","Calhoun County",3,22,140,69,71
050,45,017,"South Carolina","Calhoun County",3,23,146,68,78
050,45,017,"South Carolina","Calhoun County",3,24,152,76,76
050,45,017,"South Carolina","Calhoun County",3,25,145,73,72
050,45,017,"South Carolina","Calhoun County",3,26,150,81,69
050,45,017,"South Carolina","Calhoun County",3,27,156,78,78
050,45,017,"South Carolina","Calhoun County",3,28,163,90,73
050,45,017,"South Carolina","Calhoun County",3,29,173,91,82
050,45,017,"South Carolina","Calhoun County",3,30,170,83,87
050,45,017,"South Carolina","Calhoun County",3,31,167,80,87
050,45,017,"South Carolina","Calhoun County",3,32,145,62,83
050,45,017,"South Carolina","Calhoun County",3,33,137,58,79
050,45,017,"South Carolina","Calhoun County",3,34,136,64,72
050,45,017,"South Carolina","Calhoun County",3,35,130,70,60
050,45,017,"South Carolina","Calhoun County",3,36,142,78,64
050,45,017,"South Carolina","Calhoun County",3,37,153,70,83
050,45,017,"South Carolina","Calhoun County",3,38,163,71,92
050,45,017,"South Carolina","Calhoun County",3,39,164,77,87
050,45,017,"South Carolina","Calhoun County",3,40,143,73,70
050,45,017,"South Carolina","Calhoun County",3,41,161,84,77
050,45,017,"South Carolina","Calhoun County",3,42,152,71,81
050,45,017,"South Carolina","Calhoun County",3,43,158,80,78
050,45,017,"South Carolina","Calhoun County",3,44,154,83,71
050,45,017,"South Carolina","Calhoun County",3,45,158,79,79
050,45,017,"South Carolina","Calhoun County",3,46,155,66,89
050,45,017,"South Carolina","Calhoun County",3,47,159,72,87
050,45,017,"South Carolina","Calhoun County",3,48,151,63,88
050,45,017,"South Carolina","Calhoun County",3,49,167,77,90
050,45,017,"South Carolina","Calhoun County",3,50,189,90,99
050,45,017,"South Carolina","Calhoun County",3,51,209,102,107
050,45,017,"South Carolina","Calhoun County",3,52,191,90,101
050,45,017,"South Carolina","Calhoun County",3,53,196,95,101
050,45,017,"South Carolina","Calhoun County",3,54,199,93,106
050,45,017,"South Carolina","Calhoun County",3,55,189,83,106
050,45,017,"South Carolina","Calhoun County",3,56,206,94,112
050,45,017,"South Carolina","Calhoun County",3,57,219,108,111
050,45,017,"South Carolina","Calhoun County",3,58,238,112,126
050,45,017,"South Carolina","Calhoun County",3,59,224,111,113
050,45,017,"South Carolina","Calhoun County",3,60,227,107,120
050,45,017,"South Carolina","Calhoun County",3,61,240,119,121
050,45,017,"South Carolina","Calhoun County",3,62,241,115,126
050,45,017,"South Carolina","Calhoun County",3,63,231,118,113
050,45,017,"South Carolina","Calhoun County",3,64,220,111,109
050,45,017,"South Carolina","Calhoun County",3,65,210,103,107
050,45,017,"South Carolina","Calhoun County",3,66,225,110,115
050,45,017,"South Carolina","Calhoun County",3,67,224,103,121
050,45,017,"South Carolina","Calhoun County",3,68,223,94,129
050,45,017,"South Carolina","Calhoun County",3,69,214,95,119
050,45,017,"South Carolina","Calhoun County",3,70,210,93,117
050,45,017,"South Carolina","Calhoun County",3,71,197,99,98
050,45,017,"South Carolina","Calhoun County",3,72,189,84,105
050,45,017,"South Carolina","Calhoun County",3,73,180,87,93
050,45,017,"South Carolina","Calhoun County",3,74,199,95,104
050,45,017,"South Carolina","Calhoun County",3,75,145,66,79
050,45,017,"South Carolina","Calhoun County",3,76,137,60,77
050,45,017,"South Carolina","Calhoun County",3,77,137,62,75
050,45,017,"South Carolina","Calhoun County",3,78,139,63,76
050,45,017,"South Carolina","Calhoun County",3,79,113,52,61
050,45,017,"South Carolina","Calhoun County",3,80,97,42,55
050,45,017,"South Carolina","Calhoun County",3,81,75,34,41
050,45,017,"South Carolina","Calhoun County",3,82,77,36,41
050,45,017,"South Carolina","Calhoun County",3,83,67,33,34
050,45,017,"South Carolina","Calhoun County",3,84,60,28,32
050,45,017,"South Carolina","Calhoun County",3,85,328,108,220
050,45,017,"South Carolina","Calhoun County",4,0,122,64,58
050,45,017,"South Carolina","Calhoun County",4,1,122,63,59
050,45,017,"South Carolina","Calhoun County",4,2,121,68,53
050,45,017,"South Carolina","Calhoun County",4,3,134,66,68
050,45,017,"South Carolina","Calhoun County",4,4,143,73,70
050,45,017,"South Carolina","Calhoun County",4,5,142,76,66
050,45,017,"South Carolina","Calhoun County",4,6,152,78,74
050,45,017,"South Carolina","Calhoun County",4,7,129,71,58
050,45,017,"South Carolina","Calhoun County",4,8,149,83,66
050,45,017,"South Carolina","Calhoun County",4,9,149,75,74
050,45,017,"South Carolina","Calhoun County",4,10,153,80,73
050,45,017,"South Carolina","Calhoun County",4,11,148,74,74
050,45,017,"South Carolina","Calhoun County",4,12,154,86,68
050,45,017,"South Carolina","Calhoun County",4,13,162,86,76
050,45,017,"South Carolina","Calhoun County",4,14,162,79,83
050,45,017,"South Carolina","Calhoun County",4,15,170,82,88
050,45,017,"South Carolina","Calhoun County",4,16,171,87,84
050,45,017,"South Carolina","Calhoun County",4,17,164,85,79
050,45,017,"South Carolina","Calhoun County",4,18,144,75,69
050,45,017,"South Carolina","Calhoun County",4,19,122,66,56
050,45,017,"South Carolina","Calhoun County",4,20,123,57,66
050,45,017,"South Carolina","Calhoun County",4,21,146,70,76
050,45,017,"South Carolina","Calhoun County",4,22,154,80,74
050,45,017,"South Carolina","Calhoun County",4,23,135,64,71
050,45,017,"South Carolina","Calhoun County",4,24,151,74,77
050,45,017,"South Carolina","Calhoun County",4,25,155,79,76
050,45,017,"South Carolina","Calhoun County",4,26,149,75,74
050,45,017,"South Carolina","Calhoun County",4,27,142,75,67
050,45,017,"South Carolina","Calhoun County",4,28,157,80,77
050,45,017,"South Carolina","Calhoun County",4,29,160,87,73
050,45,017,"South Carolina","Calhoun County",4,30,174,88,86
050,45,017,"South Carolina","Calhoun County",4,31,182,89,93
050,45,017,"South Carolina","Calhoun County",4,32,174,80,94
050,45,017,"South Carolina","Calhoun County",4,33,150,66,84
050,45,017,"South Carolina","Calhoun County",4,34,142,63,79
050,45,017,"South Carolina","Calhoun County",4,35,142,68,74
050,45,017,"South Carolina","Calhoun County",4,36,141,72,69
050,45,017,"South Carolina","Calhoun County",4,37,149,79,70
050,45,017,"South Carolina","Calhoun County",4,38,150,65,85
050,45,017,"South Carolina","Calhoun County",4,39,159,65,94
050,45,017,"South Carolina","Calhoun County",4,40,166,78,88
050,45,017,"South Carolina","Calhoun County",4,41,139,68,71
050,45,017,"South Carolina","Calhoun County",4,42,163,84,79
050,45,017,"South Carolina","Calhoun County",4,43,151,75,76
050,45,017,"South Carolina","Calhoun County",4,44,160,80,80
050,45,017,"South Carolina","Calhoun County",4,45,157,81,76
050,45,017,"South Carolina","Calhoun County",4,46,153,76,77
050,45,017,"South Carolina","Calhoun County",4,47,151,65,86
050,45,017,"South Carolina","Calhoun County",4,48,161,76,85
050,45,017,"South Carolina","Calhoun County",4,49,154,66,88
050,45,017,"South Carolina","Calhoun County",4,50,176,79,97
050,45,017,"South Carolina","Calhoun County",4,51,192,97,95
050,45,017,"South Carolina","Calhoun County",4,52,216,110,106
050,45,017,"South Carolina","Calhoun County",4,53,198,94,104
050,45,017,"South Carolina","Calhoun County",4,54,198,99,99
050,45,017,"South Carolina","Calhoun County",4,55,207,102,105
050,45,017,"South Carolina","Calhoun County",4,56,189,84,105
050,45,017,"South Carolina","Calhoun County",4,57,199,90,109
050,45,017,"South Carolina","Calhoun County",4,58,218,107,111
050,45,017,"South Carolina","Calhoun County",4,59,241,107,134
050,45,017,"South Carolina","Calhoun County",4,60,216,116,100
050,45,017,"South Carolina","Calhoun County",4,61,237,117,120
050,45,017,"South Carolina","Calhoun County",4,62,239,116,123
050,45,017,"South Carolina","Calhoun County",4,63,233,110,123
050,45,017,"South Carolina","Calhoun County",4,64,234,113,121
050,45,017,"South Carolina","Calhoun County",4,65,222,111,111
050,45,017,"South Carolina","Calhoun County",4,66,200,94,106
050,45,017,"South Carolina","Calhoun County",4,67,220,111,109
050,45,017,"South Carolina","Calhoun County",4,68,221,101,120
050,45,017,"South Carolina","Calhoun County",4,69,218,90,128
050,45,017,"South Carolina","Calhoun County",4,70,212,92,120
050,45,017,"South Carolina","Calhoun County",4,71,196,85,111
050,45,017,"South Carolina","Calhoun County",4,72,192,94,98
050,45,017,"South Carolina","Calhoun County",4,73,180,78,102
050,45,017,"South Carolina","Calhoun County",4,74,173,84,89
050,45,017,"South Carolina","Calhoun County",4,75,200,92,108
050,45,017,"South Carolina","Calhoun County",4,76,139,64,75
050,45,017,"South Carolina","Calhoun County",4,77,129,55,74
050,45,017,"South Carolina","Calhoun County",4,78,130,54,76
050,45,017,"South Carolina","Calhoun County",4,79,128,56,72
050,45,017,"South Carolina","Calhoun County",4,80,108,51,57
050,45,017,"South Carolina","Calhoun County",4,81,88,38,50
050,45,017,"South Carolina","Calhoun County",4,82,76,34,42
050,45,017,"South Carolina","Calhoun County",4,83,69,31,38
050,45,017,"South Carolina","Calhoun County",4,84,74,35,39
050,45,017,"South Carolina","Calhoun County",4,85,326,105,221
050,45,017,"South Carolina","Calhoun County",5,0,116,62,54
050,45,017,"South Carolina","Calhoun County",5,1,137,68,69
050,45,017,"South Carolina","Calhoun County",5,2,120,60,60
050,45,017,"South Carolina","Calhoun County",5,3,122,67,55
050,45,017,"South Carolina","Calhoun County",5,4,135,66,69
050,45,017,"South Carolina","Calhoun County",5,5,156,83,73
050,45,017,"South Carolina","Calhoun County",5,6,145,83,62
050,45,017,"South Carolina","Calhoun County",5,7,158,81,77
050,45,017,"South Carolina","Calhoun County",5,8,127,70,57
050,45,017,"South Carolina","Calhoun County",5,9,154,81,73
050,45,017,"South Carolina","Calhoun County",5,10,146,72,74
050,45,017,"South Carolina","Calhoun County",5,11,155,82,73
050,45,017,"South Carolina","Calhoun County",5,12,143,72,71
050,45,017,"South Carolina","Calhoun County",5,13,153,83,70
050,45,017,"South Carolina","Calhoun County",5,14,168,90,78
050,45,017,"South Carolina","Calhoun County",5,15,150,73,77
050,45,017,"South Carolina","Calhoun County",5,16,171,83,88
050,45,017,"South Carolina","Calhoun County",5,17,171,84,87
050,45,017,"South Carolina","Calhoun County",5,18,134,75,59
050,45,017,"South Carolina","Calhoun County",5,19,129,64,65
050,45,017,"South Carolina","Calhoun County",5,20,125,67,58
050,45,017,"South Carolina","Calhoun County",5,21,133,68,65
050,45,017,"South Carolina","Calhoun County",5,22,150,75,75
050,45,017,"South Carolina","Calhoun County",5,23,150,81,69
050,45,017,"South Carolina","Calhoun County",5,24,137,67,70
050,45,017,"South Carolina","Calhoun County",5,25,141,68,73
050,45,017,"South Carolina","Calhoun County",5,26,149,77,72
050,45,017,"South Carolina","Calhoun County",5,27,146,75,71
050,45,017,"South Carolina","Calhoun County",5,28,145,78,67
050,45,017,"South Carolina","Calhoun County",5,29,158,84,74
050,45,017,"South Carolina","Calhoun County",5,30,166,86,80
050,45,017,"South Carolina","Calhoun County",5,31,169,91,78
050,45,017,"South Carolina","Calhoun County",5,32,175,82,93
050,45,017,"South Carolina","Calhoun County",5,33,174,85,89
050,45,017,"South Carolina","Calhoun County",5,34,167,70,97
050,45,017,"South Carolina","Calhoun County",5,35,145,65,80
050,45,017,"South Carolina","Calhoun County",5,36,140,66,74
050,45,017,"South Carolina","Calhoun County",5,37,144,77,67
050,45,017,"South Carolina","Calhoun County",5,38,152,76,76
050,45,017,"South Carolina","Calhoun County",5,39,151,66,85
050,45,017,"South Carolina","Calhoun County",5,40,171,71,100
050,45,017,"South Carolina","Calhoun County",5,41,155,69,86
050,45,017,"South Carolina","Calhoun County",5,42,140,66,74
050,45,017,"South Carolina","Calhoun County",5,43,161,83,78
050,45,017,"South Carolina","Calhoun County",5,44,157,74,83
050,45,017,"South Carolina","Calhoun County",5,45,154,79,75
050,45,017,"South Carolina","Calhoun County",5,46,158,82,76
050,45,017,"South Carolina","Calhoun County",5,47,153,77,76
050,45,017,"South Carolina","Calhoun County",5,48,154,69,85
050,45,017,"South Carolina","Calhoun County",5,49,162,84,78
050,45,017,"South Carolina","Calhoun County",5,50,153,67,86
050,45,017,"South Carolina","Calhoun County",5,51,176,82,94
050,45,017,"South Carolina","Calhoun County",5,52,203,100,103
050,45,017,"South Carolina","Calhoun County",5,53,213,111,102
050,45,017,"South Carolina","Calhoun County",5,54,197,93,104
050,45,017,"South Carolina","Calhoun County",5,55,200,104,96
050,45,017,"South Carolina","Calhoun County",5,56,211,101,110
050,45,017,"South Carolina","Calhoun County",5,57,193,87,106
050,45,017,"South Carolina","Calhoun County",5,58,200,89,111
050,45,017,"South Carolina","Calhoun County",5,59,225,110,115
050,45,017,"South Carolina","Calhoun County",5,60,245,110,135
050,45,017,"South Carolina","Calhoun County",5,61,221,117,104
050,45,017,"South Carolina","Calhoun County",5,62,238,114,124
050,45,017,"South Carolina","Calhoun County",5,63,228,111,117
050,45,017,"South Carolina","Calhoun County",5,64,242,112,130
050,45,017,"South Carolina","Calhoun County",5,65,232,116,116
050,45,017,"South Carolina","Calhoun County",5,66,217,105,112
050,45,017,"South Carolina","Calhoun County",5,67,196,96,100
050,45,017,"South Carolina","Calhoun County",5,68,212,107,105
050,45,017,"South Carolina","Calhoun County",5,69,214,100,114
050,45,017,"South Carolina","Calhoun County",5,70,220,90,130
050,45,017,"South Carolina","Calhoun County",5,71,202,86,116
050,45,017,"South Carolina","Calhoun County",5,72,183,77,106
050,45,017,"South Carolina","Calhoun County",5,73,193,92,101
050,45,017,"South Carolina","Calhoun County",5,74,173,73,100
050,45,017,"South Carolina","Calhoun County",5,75,166,78,88
050,45,017,"South Carolina","Calhoun County",5,76,194,91,103
050,45,017,"South Carolina","Calhoun County",5,77,137,62,75
050,45,017,"South Carolina","Calhoun County",5,78,124,49,75
050,45,017,"South Carolina","Calhoun County",5,79,124,50,74
050,45,017,"South Carolina","Calhoun County",5,80,120,52,68
050,45,017,"South Carolina","Calhoun County",5,81,98,47,51
050,45,017,"South Carolina","Calhoun County",5,82,83,37,46
050,45,017,"South Carolina","Calhoun County",5,83,63,27,36
050,45,017,"South Carolina","Calhoun County",5,84,73,33,40
050,45,017,"South Carolina","Calhoun County",5,85,345,114,231
050,45,019,"South Carolina","Charleston County",1,0,4892,2511,2381
050,45,019,"South Carolina","Charleston County",1,1,4741,2433,2308
050,45,019,"South Carolina","Charleston County",1,2,4597,2329,2268
050,45,019,"South Carolina","Charleston County",1,3,4690,2371,2319
050,45,019,"South Carolina","Charleston County",1,4,4644,2367,2277
050,45,019,"South Carolina","Charleston County",1,5,4709,2350,2359
050,45,019,"South Carolina","Charleston County",1,6,4508,2279,2229
050,45,019,"South Carolina","Charleston County",1,7,4323,2182,2141
050,45,019,"South Carolina","Charleston County",1,8,4404,2230,2174
050,45,019,"South Carolina","Charleston County",1,9,4440,2297,2143
050,45,019,"South Carolina","Charleston County",1,10,4523,2363,2160
050,45,019,"South Carolina","Charleston County",1,11,4615,2347,2268
050,45,019,"South Carolina","Charleston County",1,12,4628,2337,2291
050,45,019,"South Carolina","Charleston County",1,13,4651,2287,2364
050,45,019,"South Carolina","Charleston County",1,14,4422,2218,2204
050,45,019,"South Carolina","Charleston County",1,15,4206,2173,2033
050,45,019,"South Carolina","Charleston County",1,16,4224,2161,2063
050,45,019,"South Carolina","Charleston County",1,17,4113,2118,1995
050,45,019,"South Carolina","Charleston County",1,18,4509,2254,2255
050,45,019,"South Carolina","Charleston County",1,19,4917,2495,2422
050,45,019,"South Carolina","Charleston County",1,20,4577,2468,2109
050,45,019,"South Carolina","Charleston County",1,21,4595,2447,2148
050,45,019,"South Carolina","Charleston County",1,22,4618,2338,2280
050,45,019,"South Carolina","Charleston County",1,23,4957,2450,2507
050,45,019,"South Carolina","Charleston County",1,24,5317,2640,2677
050,45,019,"South Carolina","Charleston County",1,25,5675,2753,2922
050,45,019,"South Carolina","Charleston County",1,26,6156,3007,3149
050,45,019,"South Carolina","Charleston County",1,27,6491,3127,3364
050,45,019,"South Carolina","Charleston County",1,28,6789,3250,3539
050,45,019,"South Carolina","Charleston County",1,29,7208,3518,3690
050,45,019,"South Carolina","Charleston County",1,30,7020,3354,3666
050,45,019,"South Carolina","Charleston County",1,31,6932,3369,3563
050,45,019,"South Carolina","Charleston County",1,32,6881,3383,3498
050,45,019,"South Carolina","Charleston County",1,33,6699,3318,3381
050,45,019,"South Carolina","Charleston County",1,34,6599,3303,3296
050,45,019,"South Carolina","Charleston County",1,35,6530,3224,3306
050,45,019,"South Carolina","Charleston County",1,36,6304,3093,3211
050,45,019,"South Carolina","Charleston County",1,37,6284,3134,3150
050,45,019,"South Carolina","Charleston County",1,38,6091,3074,3017
050,45,019,"South Carolina","Charleston County",1,39,5967,3023,2944
050,45,019,"South Carolina","Charleston County",1,40,5769,2873,2896
050,45,019,"South Carolina","Charleston County",1,41,5389,2674,2715
050,45,019,"South Carolina","Charleston County",1,42,5015,2501,2514
050,45,019,"South Carolina","Charleston County",1,43,4872,2398,2474
050,45,019,"South Carolina","Charleston County",1,44,4579,2283,2296
050,45,019,"South Carolina","Charleston County",1,45,4629,2332,2297
050,45,019,"South Carolina","Charleston County",1,46,4463,2228,2235
050,45,019,"South Carolina","Charleston County",1,47,4521,2295,2226
050,45,019,"South Carolina","Charleston County",1,48,4899,2445,2454
050,45,019,"South Carolina","Charleston County",1,49,5302,2630,2672
050,45,019,"South Carolina","Charleston County",1,50,5016,2445,2571
050,45,019,"South Carolina","Charleston County",1,51,4844,2408,2436
050,45,019,"South Carolina","Charleston County",1,52,4614,2265,2349
050,45,019,"South Carolina","Charleston County",1,53,4715,2267,2448
050,45,019,"South Carolina","Charleston County",1,54,4962,2370,2592
050,45,019,"South Carolina","Charleston County",1,55,5266,2504,2762
050,45,019,"South Carolina","Charleston County",1,56,5419,2538,2881
050,45,019,"South Carolina","Charleston County",1,57,5466,2564,2902
050,45,019,"South Carolina","Charleston County",1,58,5429,2529,2900
050,45,019,"South Carolina","Charleston County",1,59,5436,2598,2838
050,45,019,"South Carolina","Charleston County",1,60,5449,2566,2883
050,45,019,"South Carolina","Charleston County",1,61,5342,2489,2853
050,45,019,"South Carolina","Charleston County",1,62,5314,2452,2862
050,45,019,"South Carolina","Charleston County",1,63,5250,2393,2857
050,45,019,"South Carolina","Charleston County",1,64,5184,2359,2825
050,45,019,"South Carolina","Charleston County",1,65,5076,2320,2756
050,45,019,"South Carolina","Charleston County",1,66,5030,2352,2678
050,45,019,"South Carolina","Charleston County",1,67,4829,2222,2607
050,45,019,"South Carolina","Charleston County",1,68,4624,2122,2502
050,45,019,"South Carolina","Charleston County",1,69,4270,1902,2368
050,45,019,"South Carolina","Charleston County",1,70,4121,1844,2277
050,45,019,"South Carolina","Charleston County",1,71,4042,1885,2157
050,45,019,"South Carolina","Charleston County",1,72,4179,1977,2202
050,45,019,"South Carolina","Charleston County",1,73,4113,1943,2170
050,45,019,"South Carolina","Charleston County",1,74,2881,1296,1585
050,45,019,"South Carolina","Charleston County",1,75,2740,1253,1487
050,45,019,"South Carolina","Charleston County",1,76,2666,1215,1451
050,45,019,"South Carolina","Charleston County",1,77,2630,1192,1438
050,45,019,"South Carolina","Charleston County",1,78,2144,943,1201
050,45,019,"South Carolina","Charleston County",1,79,1884,807,1077
050,45,019,"South Carolina","Charleston County",1,80,1660,721,939
050,45,019,"South Carolina","Charleston County",1,81,1506,643,863
050,45,019,"South Carolina","Charleston County",1,82,1408,601,807
050,45,019,"South Carolina","Charleston County",1,83,1245,533,712
050,45,019,"South Carolina","Charleston County",1,84,1101,463,638
050,45,019,"South Carolina","Charleston County",1,85,6742,2408,4334
050,45,019,"South Carolina","Charleston County",2,0,4839,2508,2331
050,45,019,"South Carolina","Charleston County",2,1,4755,2434,2321
050,45,019,"South Carolina","Charleston County",2,2,4638,2357,2281
050,45,019,"South Carolina","Charleston County",2,3,4647,2353,2294
050,45,019,"South Carolina","Charleston County",2,4,4658,2366,2292
050,45,019,"South Carolina","Charleston County",2,5,4679,2343,2336
050,45,019,"South Carolina","Charleston County",2,6,4545,2293,2252
050,45,019,"South Carolina","Charleston County",2,7,4348,2196,2152
050,45,019,"South Carolina","Charleston County",2,8,4368,2208,2160
050,45,019,"South Carolina","Charleston County",2,9,4417,2273,2144
050,45,019,"South Carolina","Charleston County",2,10,4490,2341,2149
050,45,019,"South Carolina","Charleston County",2,11,4571,2345,2226
050,45,019,"South Carolina","Charleston County",2,12,4630,2342,2288
050,45,019,"South Carolina","Charleston County",2,13,4637,2293,2344
050,45,019,"South Carolina","Charleston County",2,14,4468,2231,2237
050,45,019,"South Carolina","Charleston County",2,15,4265,2183,2082
050,45,019,"South Carolina","Charleston County",2,16,4232,2166,2066
050,45,019,"South Carolina","Charleston County",2,17,4148,2131,2017
050,45,019,"South Carolina","Charleston County",2,18,4534,2266,2268
050,45,019,"South Carolina","Charleston County",2,19,4966,2534,2432
050,45,019,"South Carolina","Charleston County",2,20,4627,2488,2139
050,45,019,"South Carolina","Charleston County",2,21,4626,2461,2165
050,45,019,"South Carolina","Charleston County",2,22,4702,2382,2320
050,45,019,"South Carolina","Charleston County",2,23,4987,2465,2522
050,45,019,"South Carolina","Charleston County",2,24,5309,2618,2691
050,45,019,"South Carolina","Charleston County",2,25,5666,2754,2912
050,45,019,"South Carolina","Charleston County",2,26,6097,2974,3123
050,45,019,"South Carolina","Charleston County",2,27,6438,3112,3326
050,45,019,"South Carolina","Charleston County",2,28,6732,3238,3494
050,45,019,"South Carolina","Charleston County",2,29,7098,3451,3647
050,45,019,"South Carolina","Charleston County",2,30,7085,3405,3680
050,45,019,"South Carolina","Charleston County",2,31,6929,3367,3562
050,45,019,"South Carolina","Charleston County",2,32,6849,3363,3486
050,45,019,"South Carolina","Charleston County",2,33,6714,3326,3388
050,45,019,"South Carolina","Charleston County",2,34,6612,3296,3316
050,45,019,"South Carolina","Charleston County",2,35,6568,3245,3323
050,45,019,"South Carolina","Charleston County",2,36,6309,3093,3216
050,45,019,"South Carolina","Charleston County",2,37,6307,3133,3174
050,45,019,"South Carolina","Charleston County",2,38,6162,3099,3063
050,45,019,"South Carolina","Charleston County",2,39,5984,3029,2955
050,45,019,"South Carolina","Charleston County",2,40,5843,2919,2924
050,45,019,"South Carolina","Charleston County",2,41,5471,2713,2758
050,45,019,"South Carolina","Charleston County",2,42,5089,2534,2555
050,45,019,"South Carolina","Charleston County",2,43,4936,2436,2500
050,45,019,"South Carolina","Charleston County",2,44,4619,2289,2330
050,45,019,"South Carolina","Charleston County",2,45,4647,2331,2316
050,45,019,"South Carolina","Charleston County",2,46,4496,2249,2247
050,45,019,"South Carolina","Charleston County",2,47,4517,2286,2231
050,45,019,"South Carolina","Charleston County",2,48,4833,2417,2416
050,45,019,"South Carolina","Charleston County",2,49,5237,2595,2642
050,45,019,"South Carolina","Charleston County",2,50,5109,2501,2608
050,45,019,"South Carolina","Charleston County",2,51,4886,2417,2469
050,45,019,"South Carolina","Charleston County",2,52,4683,2309,2374
050,45,019,"South Carolina","Charleston County",2,53,4702,2271,2431
050,45,019,"South Carolina","Charleston County",2,54,4902,2343,2559
050,45,019,"South Carolina","Charleston County",2,55,5209,2476,2733
050,45,019,"South Carolina","Charleston County",2,56,5405,2536,2869
050,45,019,"South Carolina","Charleston County",2,57,5487,2575,2912
050,45,019,"South Carolina","Charleston County",2,58,5464,2550,2914
050,45,019,"South Carolina","Charleston County",2,59,5464,2596,2868
050,45,019,"South Carolina","Charleston County",2,60,5456,2573,2883
050,45,019,"South Carolina","Charleston County",2,61,5366,2503,2863
050,45,019,"South Carolina","Charleston County",2,62,5318,2464,2854
050,45,019,"South Carolina","Charleston County",2,63,5331,2432,2899
050,45,019,"South Carolina","Charleston County",2,64,5190,2369,2821
050,45,019,"South Carolina","Charleston County",2,65,5093,2324,2769
050,45,019,"South Carolina","Charleston County",2,66,5055,2346,2709
050,45,019,"South Carolina","Charleston County",2,67,4867,2249,2618
050,45,019,"South Carolina","Charleston County",2,68,4628,2122,2506
050,45,019,"South Carolina","Charleston County",2,69,4376,1962,2414
050,45,019,"South Carolina","Charleston County",2,70,4146,1852,2294
050,45,019,"South Carolina","Charleston County",2,71,4058,1876,2182
050,45,019,"South Carolina","Charleston County",2,72,4082,1930,2152
050,45,019,"South Carolina","Charleston County",2,73,4290,2024,2266
050,45,019,"South Carolina","Charleston County",2,74,2996,1360,1636
050,45,019,"South Carolina","Charleston County",2,75,2774,1259,1515
050,45,019,"South Carolina","Charleston County",2,76,2645,1202,1443
050,45,019,"South Carolina","Charleston County",2,77,2673,1215,1458
050,45,019,"South Carolina","Charleston County",2,78,2206,981,1225
050,45,019,"South Carolina","Charleston County",2,79,1922,823,1099
050,45,019,"South Carolina","Charleston County",2,80,1708,746,962
050,45,019,"South Carolina","Charleston County",2,81,1519,647,872
050,45,019,"South Carolina","Charleston County",2,82,1427,605,822
050,45,019,"South Carolina","Charleston County",2,83,1267,542,725
050,45,019,"South Carolina","Charleston County",2,84,1121,467,654
050,45,019,"South Carolina","Charleston County",2,85,6750,2427,4323
050,45,019,"South Carolina","Charleston County",3,0,4896,2516,2380
050,45,019,"South Carolina","Charleston County",3,1,4649,2385,2264
050,45,019,"South Carolina","Charleston County",3,2,4646,2414,2232
050,45,019,"South Carolina","Charleston County",3,3,4549,2316,2233
050,45,019,"South Carolina","Charleston County",3,4,4573,2348,2225
050,45,019,"South Carolina","Charleston County",3,5,4620,2318,2302
050,45,019,"South Carolina","Charleston County",3,6,4627,2315,2312
050,45,019,"South Carolina","Charleston County",3,7,4555,2301,2254
050,45,019,"South Carolina","Charleston County",3,8,4360,2222,2138
050,45,019,"South Carolina","Charleston County",3,9,4361,2222,2139
050,45,019,"South Carolina","Charleston County",3,10,4393,2279,2114
050,45,019,"South Carolina","Charleston County",3,11,4445,2302,2143
050,45,019,"South Carolina","Charleston County",3,12,4574,2341,2233
050,45,019,"South Carolina","Charleston County",3,13,4608,2295,2313
050,45,019,"South Carolina","Charleston County",3,14,4673,2317,2356
050,45,019,"South Carolina","Charleston County",3,15,4465,2224,2241
050,45,019,"South Carolina","Charleston County",3,16,4284,2184,2100
050,45,019,"South Carolina","Charleston County",3,17,4279,2167,2112
050,45,019,"South Carolina","Charleston County",3,18,4516,2247,2269
050,45,019,"South Carolina","Charleston County",3,19,5041,2597,2444
050,45,019,"South Carolina","Charleston County",3,20,4776,2568,2208
050,45,019,"South Carolina","Charleston County",3,21,4661,2467,2194
050,45,019,"South Carolina","Charleston County",3,22,4713,2351,2362
050,45,019,"South Carolina","Charleston County",3,23,5157,2515,2642
050,45,019,"South Carolina","Charleston County",3,24,5467,2623,2844
050,45,019,"South Carolina","Charleston County",3,25,5742,2785,2957
050,45,019,"South Carolina","Charleston County",3,26,5925,2913,3012
050,45,019,"South Carolina","Charleston County",3,27,6197,2976,3221
050,45,019,"South Carolina","Charleston County",3,28,6457,3182,3275
050,45,019,"South Carolina","Charleston County",3,29,6713,3208,3505
050,45,019,"South Carolina","Charleston County",3,30,7067,3417,3650
050,45,019,"South Carolina","Charleston County",3,31,7047,3347,3700
050,45,019,"South Carolina","Charleston County",3,32,6788,3300,3488
050,45,019,"South Carolina","Charleston County",3,33,6852,3370,3482
050,45,019,"South Carolina","Charleston County",3,34,6612,3249,3363
050,45,019,"South Carolina","Charleston County",3,35,6556,3310,3246
050,45,019,"South Carolina","Charleston County",3,36,6485,3212,3273
050,45,019,"South Carolina","Charleston County",3,37,6256,3031,3225
050,45,019,"South Carolina","Charleston County",3,38,6237,3077,3160
050,45,019,"South Carolina","Charleston County",3,39,6155,3111,3044
050,45,019,"South Carolina","Charleston County",3,40,5968,3009,2959
050,45,019,"South Carolina","Charleston County",3,41,5800,2874,2926
050,45,019,"South Carolina","Charleston County",3,42,5538,2740,2798
050,45,019,"South Carolina","Charleston County",3,43,5094,2533,2561
050,45,019,"South Carolina","Charleston County",3,44,4952,2449,2503
050,45,019,"South Carolina","Charleston County",3,45,4675,2340,2335
050,45,019,"South Carolina","Charleston County",3,46,4635,2299,2336
050,45,019,"South Carolina","Charleston County",3,47,4523,2253,2270
050,45,019,"South Carolina","Charleston County",3,48,4570,2300,2270
050,45,019,"South Carolina","Charleston County",3,49,4889,2456,2433
050,45,019,"South Carolina","Charleston County",3,50,5295,2598,2697
050,45,019,"South Carolina","Charleston County",3,51,5136,2521,2615
050,45,019,"South Carolina","Charleston County",3,52,4907,2432,2475
050,45,019,"South Carolina","Charleston County",3,53,4709,2297,2412
050,45,019,"South Carolina","Charleston County",3,54,4761,2295,2466
050,45,019,"South Carolina","Charleston County",3,55,4977,2367,2610
050,45,019,"South Carolina","Charleston County",3,56,5231,2477,2754
050,45,019,"South Carolina","Charleston County",3,57,5425,2558,2867
050,45,019,"South Carolina","Charleston County",3,58,5554,2566,2988
050,45,019,"South Carolina","Charleston County",3,59,5523,2588,2935
050,45,019,"South Carolina","Charleston County",3,60,5518,2609,2909
050,45,019,"South Carolina","Charleston County",3,61,5465,2556,2909
050,45,019,"South Carolina","Charleston County",3,62,5441,2530,2911
050,45,019,"South Carolina","Charleston County",3,63,5384,2476,2908
050,45,019,"South Carolina","Charleston County",3,64,5393,2467,2926
050,45,019,"South Carolina","Charleston County",3,65,5144,2335,2809
050,45,019,"South Carolina","Charleston County",3,66,5107,2320,2787
050,45,019,"South Carolina","Charleston County",3,67,5009,2331,2678
050,45,019,"South Carolina","Charleston County",3,68,4795,2214,2581
050,45,019,"South Carolina","Charleston County",3,69,4534,2060,2474
050,45,019,"South Carolina","Charleston County",3,70,4373,1962,2411
050,45,019,"South Carolina","Charleston County",3,71,4082,1801,2281
050,45,019,"South Carolina","Charleston County",3,72,4004,1850,2154
050,45,019,"South Carolina","Charleston County",3,73,3954,1845,2109
050,45,019,"South Carolina","Charleston County",3,74,4173,1957,2216
050,45,019,"South Carolina","Charleston County",3,75,2916,1311,1605
050,45,019,"South Carolina","Charleston County",3,76,2693,1214,1479
050,45,019,"South Carolina","Charleston County",3,77,2552,1152,1400
050,45,019,"South Carolina","Charleston County",3,78,2570,1161,1409
050,45,019,"South Carolina","Charleston County",3,79,2075,911,1164
050,45,019,"South Carolina","Charleston County",3,80,1827,797,1030
050,45,019,"South Carolina","Charleston County",3,81,1595,688,907
050,45,019,"South Carolina","Charleston County",3,82,1452,605,847
050,45,019,"South Carolina","Charleston County",3,83,1354,566,788
050,45,019,"South Carolina","Charleston County",3,84,1154,470,684
050,45,019,"South Carolina","Charleston County",3,85,6811,2485,4326
050,45,019,"South Carolina","Charleston County",4,0,5063,2574,2489
050,45,019,"South Carolina","Charleston County",4,1,4755,2404,2351
050,45,019,"South Carolina","Charleston County",4,2,4506,2322,2184
050,45,019,"South Carolina","Charleston County",4,3,4588,2359,2229
050,45,019,"South Carolina","Charleston County",4,4,4514,2336,2178
050,45,019,"South Carolina","Charleston County",4,5,4517,2298,2219
050,45,019,"South Carolina","Charleston County",4,6,4598,2309,2289
050,45,019,"South Carolina","Charleston County",4,7,4629,2307,2322
050,45,019,"South Carolina","Charleston County",4,8,4506,2276,2230
050,45,019,"South Carolina","Charleston County",4,9,4296,2217,2079
050,45,019,"South Carolina","Charleston County",4,10,4307,2180,2127
050,45,019,"South Carolina","Charleston County",4,11,4352,2242,2110
050,45,019,"South Carolina","Charleston County",4,12,4403,2274,2129
050,45,019,"South Carolina","Charleston County",4,13,4536,2304,2232
050,45,019,"South Carolina","Charleston County",4,14,4578,2301,2277
050,45,019,"South Carolina","Charleston County",4,15,4637,2306,2331
050,45,019,"South Carolina","Charleston County",4,16,4451,2210,2241
050,45,019,"South Carolina","Charleston County",4,17,4335,2193,2142
050,45,019,"South Carolina","Charleston County",4,18,4646,2299,2347
050,45,019,"South Carolina","Charleston County",4,19,4908,2541,2367
050,45,019,"South Carolina","Charleston County",4,20,4695,2584,2111
050,45,019,"South Carolina","Charleston County",4,21,4826,2590,2236
050,45,019,"South Carolina","Charleston County",4,22,4769,2420,2349
050,45,019,"South Carolina","Charleston County",4,23,5219,2494,2725
050,45,019,"South Carolina","Charleston County",4,24,5606,2668,2938
050,45,019,"South Carolina","Charleston County",4,25,5840,2786,3054
050,45,019,"South Carolina","Charleston County",4,26,6026,2952,3074
050,45,019,"South Carolina","Charleston County",4,27,6061,2926,3135
050,45,019,"South Carolina","Charleston County",4,28,6277,3073,3204
050,45,019,"South Carolina","Charleston County",4,29,6474,3178,3296
050,45,019,"South Carolina","Charleston County",4,30,6656,3193,3463
050,45,019,"South Carolina","Charleston County",4,31,6956,3376,3580
050,45,019,"South Carolina","Charleston County",4,32,6955,3365,3590
050,45,019,"South Carolina","Charleston County",4,33,6771,3317,3454
050,45,019,"South Carolina","Charleston County",4,34,6893,3353,3540
050,45,019,"South Carolina","Charleston County",4,35,6643,3240,3403
050,45,019,"South Carolina","Charleston County",4,36,6489,3205,3284
050,45,019,"South Carolina","Charleston County",4,37,6576,3260,3316
050,45,019,"South Carolina","Charleston County",4,38,6269,3057,3212
050,45,019,"South Carolina","Charleston County",4,39,6241,3105,3136
050,45,019,"South Carolina","Charleston County",4,40,6176,3131,3045
050,45,019,"South Carolina","Charleston County",4,41,5982,3014,2968
050,45,019,"South Carolina","Charleston County",4,42,5782,2884,2898
050,45,019,"South Carolina","Charleston County",4,43,5528,2720,2808
050,45,019,"South Carolina","Charleston County",4,44,5120,2520,2600
050,45,019,"South Carolina","Charleston County",4,45,5043,2489,2554
050,45,019,"South Carolina","Charleston County",4,46,4652,2335,2317
050,45,019,"South Carolina","Charleston County",4,47,4683,2317,2366
050,45,019,"South Carolina","Charleston County",4,48,4539,2263,2276
050,45,019,"South Carolina","Charleston County",4,49,4626,2325,2301
050,45,019,"South Carolina","Charleston County",4,50,4929,2476,2453
050,45,019,"South Carolina","Charleston County",4,51,5330,2613,2717
050,45,019,"South Carolina","Charleston County",4,52,5131,2504,2627
050,45,019,"South Carolina","Charleston County",4,53,4901,2432,2469
050,45,019,"South Carolina","Charleston County",4,54,4741,2297,2444
050,45,019,"South Carolina","Charleston County",4,55,4799,2312,2487
050,45,019,"South Carolina","Charleston County",4,56,4989,2320,2669
050,45,019,"South Carolina","Charleston County",4,57,5282,2503,2779
050,45,019,"South Carolina","Charleston County",4,58,5474,2549,2925
050,45,019,"South Carolina","Charleston County",4,59,5630,2632,2998
050,45,019,"South Carolina","Charleston County",4,60,5588,2625,2963
050,45,019,"South Carolina","Charleston County",4,61,5496,2552,2944
050,45,019,"South Carolina","Charleston County",4,62,5474,2542,2932
050,45,019,"South Carolina","Charleston County",4,63,5498,2565,2933
050,45,019,"South Carolina","Charleston County",4,64,5376,2471,2905
050,45,019,"South Carolina","Charleston County",4,65,5371,2412,2959
050,45,019,"South Carolina","Charleston County",4,66,5116,2320,2796
050,45,019,"South Carolina","Charleston County",4,67,5076,2301,2775
050,45,019,"South Carolina","Charleston County",4,68,4976,2292,2684
050,45,019,"South Carolina","Charleston County",4,69,4713,2161,2552
050,45,019,"South Carolina","Charleston County",4,70,4492,2027,2465
050,45,019,"South Carolina","Charleston County",4,71,4324,1925,2399
050,45,019,"South Carolina","Charleston County",4,72,4034,1790,2244
050,45,019,"South Carolina","Charleston County",4,73,3926,1815,2111
050,45,019,"South Carolina","Charleston County",4,74,3842,1793,2049
050,45,019,"South Carolina","Charleston County",4,75,4048,1896,2152
050,45,019,"South Carolina","Charleston County",4,76,2859,1278,1581
050,45,019,"South Carolina","Charleston County",4,77,2628,1164,1464
050,45,019,"South Carolina","Charleston County",4,78,2468,1101,1367
050,45,019,"South Carolina","Charleston County",4,79,2461,1109,1352
050,45,019,"South Carolina","Charleston County",4,80,1988,888,1100
050,45,019,"South Carolina","Charleston County",4,81,1735,746,989
050,45,019,"South Carolina","Charleston County",4,82,1533,658,875
050,45,019,"South Carolina","Charleston County",4,83,1368,576,792
050,45,019,"South Carolina","Charleston County",4,84,1268,520,748
050,45,019,"South Carolina","Charleston County",4,85,6988,2568,4420
050,45,019,"South Carolina","Charleston County",5,0,4973,2526,2447
050,45,019,"South Carolina","Charleston County",5,1,4816,2461,2355
050,45,019,"South Carolina","Charleston County",5,2,4681,2394,2287
050,45,019,"South Carolina","Charleston County",5,3,4519,2299,2220
050,45,019,"South Carolina","Charleston County",5,4,4574,2348,2226
050,45,019,"South Carolina","Charleston County",5,5,4511,2335,2176
050,45,019,"South Carolina","Charleston County",5,6,4507,2306,2201
050,45,019,"South Carolina","Charleston County",5,7,4619,2354,2265
050,45,019,"South Carolina","Charleston County",5,8,4616,2336,2280
050,45,019,"South Carolina","Charleston County",5,9,4484,2259,2225
050,45,019,"South Carolina","Charleston County",5,10,4266,2211,2055
050,45,019,"South Carolina","Charleston County",5,11,4280,2160,2120
050,45,019,"South Carolina","Charleston County",5,12,4300,2214,2086
050,45,019,"South Carolina","Charleston County",5,13,4394,2269,2125
050,45,019,"South Carolina","Charleston County",5,14,4496,2278,2218
050,45,019,"South Carolina","Charleston County",5,15,4555,2297,2258
050,45,019,"South Carolina","Charleston County",5,16,4645,2292,2353
050,45,019,"South Carolina","Charleston County",5,17,4433,2175,2258
050,45,019,"South Carolina","Charleston County",5,18,4610,2288,2322
050,45,019,"South Carolina","Charleston County",5,19,5015,2580,2435
050,45,019,"South Carolina","Charleston County",5,20,4605,2540,2065
050,45,019,"South Carolina","Charleston County",5,21,4735,2587,2148
050,45,019,"South Carolina","Charleston County",5,22,4889,2474,2415
050,45,019,"South Carolina","Charleston County",5,23,5395,2550,2845
050,45,019,"South Carolina","Charleston County",5,24,5696,2665,3031
050,45,019,"South Carolina","Charleston County",5,25,5957,2832,3125
050,45,019,"South Carolina","Charleston County",5,26,6040,2959,3081
050,45,019,"South Carolina","Charleston County",5,27,6171,3009,3162
050,45,019,"South Carolina","Charleston County",5,28,6299,3113,3186
050,45,019,"South Carolina","Charleston County",5,29,6383,3136,3247
050,45,019,"South Carolina","Charleston County",5,30,6414,3146,3268
050,45,019,"South Carolina","Charleston County",5,31,6634,3238,3396
050,45,019,"South Carolina","Charleston County",5,32,6875,3313,3562
050,45,019,"South Carolina","Charleston County",5,33,6994,3356,3638
050,45,019,"South Carolina","Charleston County",5,34,6711,3281,3430
050,45,019,"South Carolina","Charleston County",5,35,6859,3335,3524
050,45,019,"South Carolina","Charleston County",5,36,6663,3216,3447
050,45,019,"South Carolina","Charleston County",5,37,6508,3234,3274
050,45,019,"South Carolina","Charleston County",5,38,6595,3260,3335
050,45,019,"South Carolina","Charleston County",5,39,6261,3038,3223
050,45,019,"South Carolina","Charleston County",5,40,6226,3104,3122
050,45,019,"South Carolina","Charleston County",5,41,6128,3122,3006
050,45,019,"South Carolina","Charleston County",5,42,5997,3030,2967
050,45,019,"South Carolina","Charleston County",5,43,5773,2871,2902
050,45,019,"South Carolina","Charleston County",5,44,5495,2717,2778
050,45,019,"South Carolina","Charleston County",5,45,5157,2543,2614
050,45,019,"South Carolina","Charleston County",5,46,5068,2522,2546
050,45,019,"South Carolina","Charleston County",5,47,4688,2352,2336
050,45,019,"South Carolina","Charleston County",5,48,4672,2299,2373
050,45,019,"South Carolina","Charleston County",5,49,4588,2280,2308
050,45,019,"South Carolina","Charleston County",5,50,4628,2316,2312
050,45,019,"South Carolina","Charleston County",5,51,4952,2487,2465
050,45,019,"South Carolina","Charleston County",5,52,5348,2614,2734
050,45,019,"South Carolina","Charleston County",5,53,5155,2511,2644
050,45,019,"South Carolina","Charleston County",5,54,4941,2450,2491
050,45,019,"South Carolina","Charleston County",5,55,4745,2287,2458
050,45,019,"South Carolina","Charleston County",5,56,4795,2279,2516
050,45,019,"South Carolina","Charleston County",5,57,5057,2345,2712
050,45,019,"South Carolina","Charleston County",5,58,5314,2539,2775
050,45,019,"South Carolina","Charleston County",5,59,5499,2545,2954
050,45,019,"South Carolina","Charleston County",5,60,5642,2641,3001
050,45,019,"South Carolina","Charleston County",5,61,5646,2653,2993
050,45,019,"South Carolina","Charleston County",5,62,5523,2539,2984
050,45,019,"South Carolina","Charleston County",5,63,5490,2566,2924
050,45,019,"South Carolina","Charleston County",5,64,5494,2545,2949
050,45,019,"South Carolina","Charleston County",5,65,5314,2439,2875
050,45,019,"South Carolina","Charleston County",5,66,5353,2419,2934
050,45,019,"South Carolina","Charleston County",5,67,5094,2306,2788
050,45,019,"South Carolina","Charleston County",5,68,5027,2275,2752
050,45,019,"South Carolina","Charleston County",5,69,4882,2230,2652
050,45,019,"South Carolina","Charleston County",5,70,4694,2146,2548
050,45,019,"South Carolina","Charleston County",5,71,4433,1983,2450
050,45,019,"South Carolina","Charleston County",5,72,4238,1892,2346
050,45,019,"South Carolina","Charleston County",5,73,3945,1735,2210
050,45,019,"South Carolina","Charleston County",5,74,3848,1778,2070
050,45,019,"South Carolina","Charleston County",5,75,3745,1747,1998
050,45,019,"South Carolina","Charleston County",5,76,3959,1858,2101
050,45,019,"South Carolina","Charleston County",5,77,2790,1233,1557
050,45,019,"South Carolina","Charleston County",5,78,2557,1134,1423
050,45,019,"South Carolina","Charleston County",5,79,2396,1063,1333
050,45,019,"South Carolina","Charleston County",5,80,2365,1062,1303
050,45,019,"South Carolina","Charleston County",5,81,1918,846,1072
050,45,019,"South Carolina","Charleston County",5,82,1704,712,992
050,45,019,"South Carolina","Charleston County",5,83,1467,636,831
050,45,019,"South Carolina","Charleston County",5,84,1289,518,771
050,45,019,"South Carolina","Charleston County",5,85,7350,2749,4601
050,45,021,"South Carolina","Cherokee County",1,0,612,317,295
050,45,021,"South Carolina","Cherokee County",1,1,640,349,291
050,45,021,"South Carolina","Cherokee County",1,2,683,363,320
050,45,021,"South Carolina","Cherokee County",1,3,666,348,318
050,45,021,"South Carolina","Cherokee County",1,4,681,335,346
050,45,021,"South Carolina","Cherokee County",1,5,680,342,338
050,45,021,"South Carolina","Cherokee County",1,6,654,342,312
050,45,021,"South Carolina","Cherokee County",1,7,673,345,328
050,45,021,"South Carolina","Cherokee County",1,8,721,385,336
050,45,021,"South Carolina","Cherokee County",1,9,738,384,354
050,45,021,"South Carolina","Cherokee County",1,10,787,386,401
050,45,021,"South Carolina","Cherokee County",1,11,815,413,402
050,45,021,"South Carolina","Cherokee County",1,12,797,420,377
050,45,021,"South Carolina","Cherokee County",1,13,806,425,381
050,45,021,"South Carolina","Cherokee County",1,14,756,394,362
050,45,021,"South Carolina","Cherokee County",1,15,720,372,348
050,45,021,"South Carolina","Cherokee County",1,16,755,391,364
050,45,021,"South Carolina","Cherokee County",1,17,737,377,360
050,45,021,"South Carolina","Cherokee County",1,18,779,398,381
050,45,021,"South Carolina","Cherokee County",1,19,819,439,380
050,45,021,"South Carolina","Cherokee County",1,20,688,358,330
050,45,021,"South Carolina","Cherokee County",1,21,653,335,318
050,45,021,"South Carolina","Cherokee County",1,22,690,364,326
050,45,021,"South Carolina","Cherokee County",1,23,665,338,327
050,45,021,"South Carolina","Cherokee County",1,24,692,322,370
050,45,021,"South Carolina","Cherokee County",1,25,706,342,364
050,45,021,"South Carolina","Cherokee County",1,26,736,370,366
050,45,021,"South Carolina","Cherokee County",1,27,741,375,366
050,45,021,"South Carolina","Cherokee County",1,28,770,369,401
050,45,021,"South Carolina","Cherokee County",1,29,779,384,395
050,45,021,"South Carolina","Cherokee County",1,30,806,379,427
050,45,021,"South Carolina","Cherokee County",1,31,792,389,403
050,45,021,"South Carolina","Cherokee County",1,32,709,331,378
050,45,021,"South Carolina","Cherokee County",1,33,632,331,301
050,45,021,"South Carolina","Cherokee County",1,34,603,301,302
050,45,021,"South Carolina","Cherokee County",1,35,584,267,317
050,45,021,"South Carolina","Cherokee County",1,36,621,286,335
050,45,021,"South Carolina","Cherokee County",1,37,671,333,338
050,45,021,"South Carolina","Cherokee County",1,38,608,314,294
050,45,021,"South Carolina","Cherokee County",1,39,689,342,347
050,45,021,"South Carolina","Cherokee County",1,40,676,325,351
050,45,021,"South Carolina","Cherokee County",1,41,653,309,344
050,45,021,"South Carolina","Cherokee County",1,42,627,278,349
050,45,021,"South Carolina","Cherokee County",1,43,645,311,334
050,45,021,"South Carolina","Cherokee County",1,44,659,322,337
050,45,021,"South Carolina","Cherokee County",1,45,702,330,372
050,45,021,"South Carolina","Cherokee County",1,46,725,334,391
050,45,021,"South Carolina","Cherokee County",1,47,743,354,389
050,45,021,"South Carolina","Cherokee County",1,48,781,395,386
050,45,021,"South Carolina","Cherokee County",1,49,827,431,396
050,45,021,"South Carolina","Cherokee County",1,50,781,404,377
050,45,021,"South Carolina","Cherokee County",1,51,768,381,387
050,45,021,"South Carolina","Cherokee County",1,52,748,368,380
050,45,021,"South Carolina","Cherokee County",1,53,796,401,395
050,45,021,"South Carolina","Cherokee County",1,54,787,402,385
050,45,021,"South Carolina","Cherokee County",1,55,778,388,390
050,45,021,"South Carolina","Cherokee County",1,56,776,375,401
050,45,021,"South Carolina","Cherokee County",1,57,739,375,364
050,45,021,"South Carolina","Cherokee County",1,58,773,384,389
050,45,021,"South Carolina","Cherokee County",1,59,782,385,397
050,45,021,"South Carolina","Cherokee County",1,60,731,369,362
050,45,021,"South Carolina","Cherokee County",1,61,718,363,355
050,45,021,"South Carolina","Cherokee County",1,62,727,350,377
050,45,021,"South Carolina","Cherokee County",1,63,726,347,379
050,45,021,"South Carolina","Cherokee County",1,64,695,337,358
050,45,021,"South Carolina","Cherokee County",1,65,666,316,350
050,45,021,"South Carolina","Cherokee County",1,66,662,313,349
050,45,021,"South Carolina","Cherokee County",1,67,674,326,348
050,45,021,"South Carolina","Cherokee County",1,68,628,306,322
050,45,021,"South Carolina","Cherokee County",1,69,573,269,304
050,45,021,"South Carolina","Cherokee County",1,70,545,264,281
050,45,021,"South Carolina","Cherokee County",1,71,552,269,283
050,45,021,"South Carolina","Cherokee County",1,72,572,270,302
050,45,021,"South Carolina","Cherokee County",1,73,563,266,297
050,45,021,"South Carolina","Cherokee County",1,74,426,195,231
050,45,021,"South Carolina","Cherokee County",1,75,413,200,213
050,45,021,"South Carolina","Cherokee County",1,76,380,173,207
050,45,021,"South Carolina","Cherokee County",1,77,376,173,203
050,45,021,"South Carolina","Cherokee County",1,78,304,136,168
050,45,021,"South Carolina","Cherokee County",1,79,287,127,160
050,45,021,"South Carolina","Cherokee County",1,80,245,106,139
050,45,021,"South Carolina","Cherokee County",1,81,203,81,122
050,45,021,"South Carolina","Cherokee County",1,82,196,81,115
050,45,021,"South Carolina","Cherokee County",1,83,173,61,112
050,45,021,"South Carolina","Cherokee County",1,84,169,65,104
050,45,021,"South Carolina","Cherokee County",1,85,900,283,617
050,45,021,"South Carolina","Cherokee County",2,0,605,317,288
050,45,021,"South Carolina","Cherokee County",2,1,634,343,291
050,45,021,"South Carolina","Cherokee County",2,2,673,361,312
050,45,021,"South Carolina","Cherokee County",2,3,676,354,322
050,45,021,"South Carolina","Cherokee County",2,4,680,341,339
050,45,021,"South Carolina","Cherokee County",2,5,679,343,336
050,45,021,"South Carolina","Cherokee County",2,6,661,343,318
050,45,021,"South Carolina","Cherokee County",2,7,665,344,321
050,45,021,"South Carolina","Cherokee County",2,8,704,371,333
050,45,021,"South Carolina","Cherokee County",2,9,728,378,350
050,45,021,"South Carolina","Cherokee County",2,10,775,384,391
050,45,021,"South Carolina","Cherokee County",2,11,802,403,399
050,45,021,"South Carolina","Cherokee County",2,12,806,421,385
050,45,021,"South Carolina","Cherokee County",2,13,800,422,378
050,45,021,"South Carolina","Cherokee County",2,14,763,398,365
050,45,021,"South Carolina","Cherokee County",2,15,727,379,348
050,45,021,"South Carolina","Cherokee County",2,16,748,389,359
050,45,021,"South Carolina","Cherokee County",2,17,744,385,359
050,45,021,"South Carolina","Cherokee County",2,18,770,394,376
050,45,021,"South Carolina","Cherokee County",2,19,818,439,379
050,45,021,"South Carolina","Cherokee County",2,20,704,365,339
050,45,021,"South Carolina","Cherokee County",2,21,651,335,316
050,45,021,"South Carolina","Cherokee County",2,22,689,364,325
050,45,021,"South Carolina","Cherokee County",2,23,676,342,334
050,45,021,"South Carolina","Cherokee County",2,24,687,327,360
050,45,021,"South Carolina","Cherokee County",2,25,704,338,366
050,45,021,"South Carolina","Cherokee County",2,26,729,365,364
050,45,021,"South Carolina","Cherokee County",2,27,741,373,368
050,45,021,"South Carolina","Cherokee County",2,28,760,367,393
050,45,021,"South Carolina","Cherokee County",2,29,775,378,397
050,45,021,"South Carolina","Cherokee County",2,30,799,382,417
050,45,021,"South Carolina","Cherokee County",2,31,789,385,404
050,45,021,"South Carolina","Cherokee County",2,32,729,346,383
050,45,021,"South Carolina","Cherokee County",2,33,654,334,320
050,45,021,"South Carolina","Cherokee County",2,34,612,311,301
050,45,021,"South Carolina","Cherokee County",2,35,591,277,314
050,45,021,"South Carolina","Cherokee County",2,36,610,279,331
050,45,021,"South Carolina","Cherokee County",2,37,662,324,338
050,45,021,"South Carolina","Cherokee County",2,38,627,318,309
050,45,021,"South Carolina","Cherokee County",2,39,665,334,331
050,45,021,"South Carolina","Cherokee County",2,40,680,328,352
050,45,021,"South Carolina","Cherokee County",2,41,653,312,341
050,45,021,"South Carolina","Cherokee County",2,42,625,280,345
050,45,021,"South Carolina","Cherokee County",2,43,646,303,343
050,45,021,"South Carolina","Cherokee County",2,44,654,320,334
050,45,021,"South Carolina","Cherokee County",2,45,695,331,364
050,45,021,"South Carolina","Cherokee County",2,46,719,335,384
050,45,021,"South Carolina","Cherokee County",2,47,733,346,387
050,45,021,"South Carolina","Cherokee County",2,48,772,388,384
050,45,021,"South Carolina","Cherokee County",2,49,819,427,392
050,45,021,"South Carolina","Cherokee County",2,50,793,409,384
050,45,021,"South Carolina","Cherokee County",2,51,765,386,379
050,45,021,"South Carolina","Cherokee County",2,52,755,371,384
050,45,021,"South Carolina","Cherokee County",2,53,786,395,391
050,45,021,"South Carolina","Cherokee County",2,54,787,401,386
050,45,021,"South Carolina","Cherokee County",2,55,780,391,389
050,45,021,"South Carolina","Cherokee County",2,56,777,379,398
050,45,021,"South Carolina","Cherokee County",2,57,748,376,372
050,45,021,"South Carolina","Cherokee County",2,58,766,381,385
050,45,021,"South Carolina","Cherokee County",2,59,781,383,398
050,45,021,"South Carolina","Cherokee County",2,60,740,372,368
050,45,021,"South Carolina","Cherokee County",2,61,720,366,354
050,45,021,"South Carolina","Cherokee County",2,62,721,348,373
050,45,021,"South Carolina","Cherokee County",2,63,730,350,380
050,45,021,"South Carolina","Cherokee County",2,64,699,336,363
050,45,021,"South Carolina","Cherokee County",2,65,676,323,353
050,45,021,"South Carolina","Cherokee County",2,66,661,312,349
050,45,021,"South Carolina","Cherokee County",2,67,665,320,345
050,45,021,"South Carolina","Cherokee County",2,68,632,307,325
050,45,021,"South Carolina","Cherokee County",2,69,584,275,309
050,45,021,"South Carolina","Cherokee County",2,70,548,265,283
050,45,021,"South Carolina","Cherokee County",2,71,549,266,283
050,45,021,"South Carolina","Cherokee County",2,72,558,264,294
050,45,021,"South Carolina","Cherokee County",2,73,589,280,309
050,45,021,"South Carolina","Cherokee County",2,74,426,194,232
050,45,021,"South Carolina","Cherokee County",2,75,414,197,217
050,45,021,"South Carolina","Cherokee County",2,76,377,174,203
050,45,021,"South Carolina","Cherokee County",2,77,383,175,208
050,45,021,"South Carolina","Cherokee County",2,78,312,140,172
050,45,021,"South Carolina","Cherokee County",2,79,285,127,158
050,45,021,"South Carolina","Cherokee County",2,80,250,108,142
050,45,021,"South Carolina","Cherokee County",2,81,210,87,123
050,45,021,"South Carolina","Cherokee County",2,82,195,79,116
050,45,021,"South Carolina","Cherokee County",2,83,178,65,113
050,45,021,"South Carolina","Cherokee County",2,84,169,65,104
050,45,021,"South Carolina","Cherokee County",2,85,903,287,616
050,45,021,"South Carolina","Cherokee County",3,0,661,348,313
050,45,021,"South Carolina","Cherokee County",3,1,613,330,283
050,45,021,"South Carolina","Cherokee County",3,2,668,364,304
050,45,021,"South Carolina","Cherokee County",3,3,685,357,328
050,45,021,"South Carolina","Cherokee County",3,4,655,341,314
050,45,021,"South Carolina","Cherokee County",3,5,671,343,328
050,45,021,"South Carolina","Cherokee County",3,6,680,335,345
050,45,021,"South Carolina","Cherokee County",3,7,659,335,324
050,45,021,"South Carolina","Cherokee County",3,8,675,349,326
050,45,021,"South Carolina","Cherokee County",3,9,699,377,322
050,45,021,"South Carolina","Cherokee County",3,10,733,386,347
050,45,021,"South Carolina","Cherokee County",3,11,770,395,375
050,45,021,"South Carolina","Cherokee County",3,12,779,391,388
050,45,021,"South Carolina","Cherokee County",3,13,815,420,395
050,45,021,"South Carolina","Cherokee County",3,14,799,421,378
050,45,021,"South Carolina","Cherokee County",3,15,758,385,373
050,45,021,"South Carolina","Cherokee County",3,16,726,382,344
050,45,021,"South Carolina","Cherokee County",3,17,748,399,349
050,45,021,"South Carolina","Cherokee County",3,18,754,388,366
050,45,021,"South Carolina","Cherokee County",3,19,784,418,366
050,45,021,"South Carolina","Cherokee County",3,20,711,368,343
050,45,021,"South Carolina","Cherokee County",3,21,677,350,327
050,45,021,"South Carolina","Cherokee County",3,22,719,369,350
050,45,021,"South Carolina","Cherokee County",3,23,692,350,342
050,45,021,"South Carolina","Cherokee County",3,24,684,350,334
050,45,021,"South Carolina","Cherokee County",3,25,707,341,366
050,45,021,"South Carolina","Cherokee County",3,26,698,334,364
050,45,021,"South Carolina","Cherokee County",3,27,709,355,354
050,45,021,"South Carolina","Cherokee County",3,28,740,369,371
050,45,021,"South Carolina","Cherokee County",3,29,734,348,386
050,45,021,"South Carolina","Cherokee County",3,30,795,395,400
050,45,021,"South Carolina","Cherokee County",3,31,787,379,408
050,45,021,"South Carolina","Cherokee County",3,32,763,371,392
050,45,021,"South Carolina","Cherokee County",3,33,732,347,385
050,45,021,"South Carolina","Cherokee County",3,34,648,327,321
050,45,021,"South Carolina","Cherokee County",3,35,622,314,308
050,45,021,"South Carolina","Cherokee County",3,36,621,285,336
050,45,021,"South Carolina","Cherokee County",3,37,619,296,323
050,45,021,"South Carolina","Cherokee County",3,38,644,313,331
050,45,021,"South Carolina","Cherokee County",3,39,623,318,305
050,45,021,"South Carolina","Cherokee County",3,40,651,319,332
050,45,021,"South Carolina","Cherokee County",3,41,688,342,346
050,45,021,"South Carolina","Cherokee County",3,42,642,306,336
050,45,021,"South Carolina","Cherokee County",3,43,625,274,351
050,45,021,"South Carolina","Cherokee County",3,44,646,301,345
050,45,021,"South Carolina","Cherokee County",3,45,639,314,325
050,45,021,"South Carolina","Cherokee County",3,46,688,329,359
050,45,021,"South Carolina","Cherokee County",3,47,702,324,378
050,45,021,"South Carolina","Cherokee County",3,48,727,348,379
050,45,021,"South Carolina","Cherokee County",3,49,790,396,394
050,45,021,"South Carolina","Cherokee County",3,50,813,413,400
050,45,021,"South Carolina","Cherokee County",3,51,808,425,383
050,45,021,"South Carolina","Cherokee County",3,52,753,368,385
050,45,021,"South Carolina","Cherokee County",3,53,741,366,375
050,45,021,"South Carolina","Cherokee County",3,54,785,396,389
050,45,021,"South Carolina","Cherokee County",3,55,776,401,375
050,45,021,"South Carolina","Cherokee County",3,56,787,398,389
050,45,021,"South Carolina","Cherokee County",3,57,760,383,377
050,45,021,"South Carolina","Cherokee County",3,58,742,369,373
050,45,021,"South Carolina","Cherokee County",3,59,782,389,393
050,45,021,"South Carolina","Cherokee County",3,60,769,376,393
050,45,021,"South Carolina","Cherokee County",3,61,733,368,365
050,45,021,"South Carolina","Cherokee County",3,62,703,358,345
050,45,021,"South Carolina","Cherokee County",3,63,720,342,378
050,45,021,"South Carolina","Cherokee County",3,64,711,344,367
050,45,021,"South Carolina","Cherokee County",3,65,689,325,364
050,45,021,"South Carolina","Cherokee County",3,66,650,308,342
050,45,021,"South Carolina","Cherokee County",3,67,646,301,345
050,45,021,"South Carolina","Cherokee County",3,68,635,304,331
050,45,021,"South Carolina","Cherokee County",3,69,617,292,325
050,45,021,"South Carolina","Cherokee County",3,70,566,266,300
050,45,021,"South Carolina","Cherokee County",3,71,518,249,269
050,45,021,"South Carolina","Cherokee County",3,72,531,254,277
050,45,021,"South Carolina","Cherokee County",3,73,535,254,281
050,45,021,"South Carolina","Cherokee County",3,74,560,263,297
050,45,021,"South Carolina","Cherokee County",3,75,399,184,215
050,45,021,"South Carolina","Cherokee County",3,76,395,182,213
050,45,021,"South Carolina","Cherokee County",3,77,360,168,192
050,45,021,"South Carolina","Cherokee County",3,78,359,159,200
050,45,021,"South Carolina","Cherokee County",3,79,279,126,153
050,45,021,"South Carolina","Cherokee County",3,80,256,103,153
050,45,021,"South Carolina","Cherokee County",3,81,222,95,127
050,45,021,"South Carolina","Cherokee County",3,82,186,80,106
050,45,021,"South Carolina","Cherokee County",3,83,186,75,111
050,45,021,"South Carolina","Cherokee County",3,84,169,64,105
050,45,021,"South Carolina","Cherokee County",3,85,902,288,614
050,45,021,"South Carolina","Cherokee County",4,0,648,337,311
050,45,021,"South Carolina","Cherokee County",4,1,697,369,328
050,45,021,"South Carolina","Cherokee County",4,2,630,327,303
050,45,021,"South Carolina","Cherokee County",4,3,674,363,311
050,45,021,"South Carolina","Cherokee County",4,4,692,370,322
050,45,021,"South Carolina","Cherokee County",4,5,676,351,325
050,45,021,"South Carolina","Cherokee County",4,6,703,361,342
050,45,021,"South Carolina","Cherokee County",4,7,667,325,342
050,45,021,"South Carolina","Cherokee County",4,8,673,336,337
050,45,021,"South Carolina","Cherokee County",4,9,687,360,327
050,45,021,"South Carolina","Cherokee County",4,10,705,384,321
050,45,021,"South Carolina","Cherokee County",4,11,724,376,348
050,45,021,"South Carolina","Cherokee County",4,12,783,411,372
050,45,021,"South Carolina","Cherokee County",4,13,779,382,397
050,45,021,"South Carolina","Cherokee County",4,14,820,426,394
050,45,021,"South Carolina","Cherokee County",4,15,802,422,380
050,45,021,"South Carolina","Cherokee County",4,16,745,378,367
050,45,021,"South Carolina","Cherokee County",4,17,734,393,341
050,45,021,"South Carolina","Cherokee County",4,18,761,405,356
050,45,021,"South Carolina","Cherokee County",4,19,750,407,343
050,45,021,"South Carolina","Cherokee County",4,20,652,335,317
050,45,021,"South Carolina","Cherokee County",4,21,666,339,327
050,45,021,"South Carolina","Cherokee County",4,22,694,357,337
050,45,021,"South Carolina","Cherokee County",4,23,696,348,348
050,45,021,"South Carolina","Cherokee County",4,24,660,322,338
050,45,021,"South Carolina","Cherokee County",4,25,679,338,341
050,45,021,"South Carolina","Cherokee County",4,26,718,353,365
050,45,021,"South Carolina","Cherokee County",4,27,708,355,353
050,45,021,"South Carolina","Cherokee County",4,28,706,358,348
050,45,021,"South Carolina","Cherokee County",4,29,734,357,377
050,45,021,"South Carolina","Cherokee County",4,30,766,370,396
050,45,021,"South Carolina","Cherokee County",4,31,778,380,398
050,45,021,"South Carolina","Cherokee County",4,32,811,382,429
050,45,021,"South Carolina","Cherokee County",4,33,769,384,385
050,45,021,"South Carolina","Cherokee County",4,34,748,357,391
050,45,021,"South Carolina","Cherokee County",4,35,634,323,311
050,45,021,"South Carolina","Cherokee County",4,36,642,317,325
050,45,021,"South Carolina","Cherokee County",4,37,640,301,339
050,45,021,"South Carolina","Cherokee County",4,38,615,295,320
050,45,021,"South Carolina","Cherokee County",4,39,645,312,333
050,45,021,"South Carolina","Cherokee County",4,40,608,307,301
050,45,021,"South Carolina","Cherokee County",4,41,672,339,333
050,45,021,"South Carolina","Cherokee County",4,42,685,335,350
050,45,021,"South Carolina","Cherokee County",4,43,647,300,347
050,45,021,"South Carolina","Cherokee County",4,44,623,278,345
050,45,021,"South Carolina","Cherokee County",4,45,633,302,331
050,45,021,"South Carolina","Cherokee County",4,46,652,317,335
050,45,021,"South Carolina","Cherokee County",4,47,679,324,355
050,45,021,"South Carolina","Cherokee County",4,48,707,329,378
050,45,021,"South Carolina","Cherokee County",4,49,731,353,378
050,45,021,"South Carolina","Cherokee County",4,50,798,383,415
050,45,021,"South Carolina","Cherokee County",4,51,827,425,402
050,45,021,"South Carolina","Cherokee County",4,52,787,406,381
050,45,021,"South Carolina","Cherokee County",4,53,739,375,364
050,45,021,"South Carolina","Cherokee County",4,54,735,366,369
050,45,021,"South Carolina","Cherokee County",4,55,766,381,385
050,45,021,"South Carolina","Cherokee County",4,56,781,405,376
050,45,021,"South Carolina","Cherokee County",4,57,781,401,380
050,45,021,"South Carolina","Cherokee County",4,58,737,364,373
050,45,021,"South Carolina","Cherokee County",4,59,732,365,367
050,45,021,"South Carolina","Cherokee County",4,60,778,381,397
050,45,021,"South Carolina","Cherokee County",4,61,771,377,394
050,45,021,"South Carolina","Cherokee County",4,62,720,358,362
050,45,021,"South Carolina","Cherokee County",4,63,689,353,336
050,45,021,"South Carolina","Cherokee County",4,64,709,330,379
050,45,021,"South Carolina","Cherokee County",4,65,681,326,355
050,45,021,"South Carolina","Cherokee County",4,66,660,317,343
050,45,021,"South Carolina","Cherokee County",4,67,637,292,345
050,45,021,"South Carolina","Cherokee County",4,68,629,297,332
050,45,021,"South Carolina","Cherokee County",4,69,627,299,328
050,45,021,"South Carolina","Cherokee County",4,70,606,286,320
050,45,021,"South Carolina","Cherokee County",4,71,537,250,287
050,45,021,"South Carolina","Cherokee County",4,72,507,244,263
050,45,021,"South Carolina","Cherokee County",4,73,514,249,265
050,45,021,"South Carolina","Cherokee County",4,74,517,235,282
050,45,021,"South Carolina","Cherokee County",4,75,530,254,276
050,45,021,"South Carolina","Cherokee County",4,76,383,175,208
050,45,021,"South Carolina","Cherokee County",4,77,375,175,200
050,45,021,"South Carolina","Cherokee County",4,78,338,158,180
050,45,021,"South Carolina","Cherokee County",4,79,323,145,178
050,45,021,"South Carolina","Cherokee County",4,80,260,108,152
050,45,021,"South Carolina","Cherokee County",4,81,237,96,141
050,45,021,"South Carolina","Cherokee County",4,82,199,84,115
050,45,021,"South Carolina","Cherokee County",4,83,177,79,98
050,45,021,"South Carolina","Cherokee County",4,84,171,72,99
050,45,021,"South Carolina","Cherokee County",4,85,915,282,633
050,45,021,"South Carolina","Cherokee County",5,0,652,339,313
050,45,021,"South Carolina","Cherokee County",5,1,667,354,313
050,45,021,"South Carolina","Cherokee County",5,2,679,361,318
050,45,021,"South Carolina","Cherokee County",5,3,644,336,308
050,45,021,"South Carolina","Cherokee County",5,4,669,356,313
050,45,021,"South Carolina","Cherokee County",5,5,684,357,327
050,45,021,"South Carolina","Cherokee County",5,6,694,355,339
050,45,021,"South Carolina","Cherokee County",5,7,708,367,341
050,45,021,"South Carolina","Cherokee County",5,8,693,338,355
050,45,021,"South Carolina","Cherokee County",5,9,685,338,347
050,45,021,"South Carolina","Cherokee County",5,10,706,369,337
050,45,021,"South Carolina","Cherokee County",5,11,718,389,329
050,45,021,"South Carolina","Cherokee County",5,12,739,381,358
050,45,021,"South Carolina","Cherokee County",5,13,789,419,370
050,45,021,"South Carolina","Cherokee County",5,14,797,394,403
050,45,021,"South Carolina","Cherokee County",5,15,831,432,399
050,45,021,"South Carolina","Cherokee County",5,16,800,423,377
050,45,021,"South Carolina","Cherokee County",5,17,781,399,382
050,45,021,"South Carolina","Cherokee County",5,18,747,399,348
050,45,021,"South Carolina","Cherokee County",5,19,773,424,349
050,45,021,"South Carolina","Cherokee County",5,20,668,346,322
050,45,021,"South Carolina","Cherokee County",5,21,635,328,307
050,45,021,"South Carolina","Cherokee County",5,22,726,377,349
050,45,021,"South Carolina","Cherokee County",5,23,691,344,347
050,45,021,"South Carolina","Cherokee County",5,24,718,352,366
050,45,021,"South Carolina","Cherokee County",5,25,670,328,342
050,45,021,"South Carolina","Cherokee County",5,26,689,351,338
050,45,021,"South Carolina","Cherokee County",5,27,732,358,374
050,45,021,"South Carolina","Cherokee County",5,28,722,356,366
050,45,021,"South Carolina","Cherokee County",5,29,701,348,353
050,45,021,"South Carolina","Cherokee County",5,30,756,379,377
050,45,021,"South Carolina","Cherokee County",5,31,772,357,415
050,45,021,"South Carolina","Cherokee County",5,32,785,378,407
050,45,021,"South Carolina","Cherokee County",5,33,821,390,431
050,45,021,"South Carolina","Cherokee County",5,34,777,382,395
050,45,021,"South Carolina","Cherokee County",5,35,756,351,405
050,45,021,"South Carolina","Cherokee County",5,36,676,344,332
050,45,021,"South Carolina","Cherokee County",5,37,649,318,331
050,45,021,"South Carolina","Cherokee County",5,38,645,301,344
050,45,021,"South Carolina","Cherokee County",5,39,623,297,326
050,45,021,"South Carolina","Cherokee County",5,40,650,305,345
050,45,021,"South Carolina","Cherokee County",5,41,651,330,321
050,45,021,"South Carolina","Cherokee County",5,42,665,328,337
050,45,021,"South Carolina","Cherokee County",5,43,685,333,352
050,45,021,"South Carolina","Cherokee County",5,44,661,318,343
050,45,021,"South Carolina","Cherokee County",5,45,624,278,346
050,45,021,"South Carolina","Cherokee County",5,46,638,303,335
050,45,021,"South Carolina","Cherokee County",5,47,634,298,336
050,45,021,"South Carolina","Cherokee County",5,48,676,328,348
050,45,021,"South Carolina","Cherokee County",5,49,720,340,380
050,45,021,"South Carolina","Cherokee County",5,50,758,362,396
050,45,021,"South Carolina","Cherokee County",5,51,830,410,420
050,45,021,"South Carolina","Cherokee County",5,52,825,421,404
050,45,021,"South Carolina","Cherokee County",5,53,789,409,380
050,45,021,"South Carolina","Cherokee County",5,54,754,378,376
050,45,021,"South Carolina","Cherokee County",5,55,725,356,369
050,45,021,"South Carolina","Cherokee County",5,56,773,387,386
050,45,021,"South Carolina","Cherokee County",5,57,767,397,370
050,45,021,"South Carolina","Cherokee County",5,58,767,394,373
050,45,021,"South Carolina","Cherokee County",5,59,728,356,372
050,45,021,"South Carolina","Cherokee County",5,60,724,361,363
050,45,021,"South Carolina","Cherokee County",5,61,774,383,391
050,45,021,"South Carolina","Cherokee County",5,62,762,373,389
050,45,021,"South Carolina","Cherokee County",5,63,722,357,365
050,45,021,"South Carolina","Cherokee County",5,64,683,346,337
050,45,021,"South Carolina","Cherokee County",5,65,688,318,370
050,45,021,"South Carolina","Cherokee County",5,66,671,319,352
050,45,021,"South Carolina","Cherokee County",5,67,651,303,348
050,45,021,"South Carolina","Cherokee County",5,68,622,288,334
050,45,021,"South Carolina","Cherokee County",5,69,623,290,333
050,45,021,"South Carolina","Cherokee County",5,70,616,292,324
050,45,021,"South Carolina","Cherokee County",5,71,587,271,316
050,45,021,"South Carolina","Cherokee County",5,72,523,239,284
050,45,021,"South Carolina","Cherokee County",5,73,488,237,251
050,45,021,"South Carolina","Cherokee County",5,74,511,249,262
050,45,021,"South Carolina","Cherokee County",5,75,485,228,257
050,45,021,"South Carolina","Cherokee County",5,76,513,245,268
050,45,021,"South Carolina","Cherokee County",5,77,372,171,201
050,45,021,"South Carolina","Cherokee County",5,78,356,166,190
050,45,021,"South Carolina","Cherokee County",5,79,311,147,164
050,45,021,"South Carolina","Cherokee County",5,80,293,125,168
050,45,021,"South Carolina","Cherokee County",5,81,238,98,140
050,45,021,"South Carolina","Cherokee County",5,82,212,86,126
050,45,021,"South Carolina","Cherokee County",5,83,188,79,109
050,45,021,"South Carolina","Cherokee County",5,84,166,75,91
050,45,021,"South Carolina","Cherokee County",5,85,947,300,647
050,45,023,"South Carolina","Chester County",1,0,363,185,178
050,45,023,"South Carolina","Chester County",1,1,378,188,190
050,45,023,"South Carolina","Chester County",1,2,370,185,185
050,45,023,"South Carolina","Chester County",1,3,380,199,181
050,45,023,"South Carolina","Chester County",1,4,405,220,185
050,45,023,"South Carolina","Chester County",1,5,398,214,184
050,45,023,"South Carolina","Chester County",1,6,385,196,189
050,45,023,"South Carolina","Chester County",1,7,409,209,200
050,45,023,"South Carolina","Chester County",1,8,404,201,203
050,45,023,"South Carolina","Chester County",1,9,411,205,206
050,45,023,"South Carolina","Chester County",1,10,409,207,202
050,45,023,"South Carolina","Chester County",1,11,442,219,223
050,45,023,"South Carolina","Chester County",1,12,461,246,215
050,45,023,"South Carolina","Chester County",1,13,485,256,229
050,45,023,"South Carolina","Chester County",1,14,439,239,200
050,45,023,"South Carolina","Chester County",1,15,408,213,195
050,45,023,"South Carolina","Chester County",1,16,416,213,203
050,45,023,"South Carolina","Chester County",1,17,428,218,210
050,45,023,"South Carolina","Chester County",1,18,360,191,169
050,45,023,"South Carolina","Chester County",1,19,311,163,148
050,45,023,"South Carolina","Chester County",1,20,324,169,155
050,45,023,"South Carolina","Chester County",1,21,338,167,171
050,45,023,"South Carolina","Chester County",1,22,353,173,180
050,45,023,"South Carolina","Chester County",1,23,360,182,178
050,45,023,"South Carolina","Chester County",1,24,365,179,186
050,45,023,"South Carolina","Chester County",1,25,373,193,180
050,45,023,"South Carolina","Chester County",1,26,383,183,200
050,45,023,"South Carolina","Chester County",1,27,408,192,216
050,45,023,"South Carolina","Chester County",1,28,441,205,236
050,45,023,"South Carolina","Chester County",1,29,428,210,218
050,45,023,"South Carolina","Chester County",1,30,403,190,213
050,45,023,"South Carolina","Chester County",1,31,419,197,222
050,45,023,"South Carolina","Chester County",1,32,391,175,216
050,45,023,"South Carolina","Chester County",1,33,386,176,210
050,45,023,"South Carolina","Chester County",1,34,334,163,171
050,45,023,"South Carolina","Chester County",1,35,323,157,166
050,45,023,"South Carolina","Chester County",1,36,331,142,189
050,45,023,"South Carolina","Chester County",1,37,367,169,198
050,45,023,"South Carolina","Chester County",1,38,365,176,189
050,45,023,"South Carolina","Chester County",1,39,384,170,214
050,45,023,"South Carolina","Chester County",1,40,358,163,195
050,45,023,"South Carolina","Chester County",1,41,334,166,168
050,45,023,"South Carolina","Chester County",1,42,377,184,193
050,45,023,"South Carolina","Chester County",1,43,346,151,195
050,45,023,"South Carolina","Chester County",1,44,303,139,164
050,45,023,"South Carolina","Chester County",1,45,347,175,172
050,45,023,"South Carolina","Chester County",1,46,386,191,195
050,45,023,"South Carolina","Chester County",1,47,400,199,201
050,45,023,"South Carolina","Chester County",1,48,439,214,225
050,45,023,"South Carolina","Chester County",1,49,478,233,245
050,45,023,"South Carolina","Chester County",1,50,442,208,234
050,45,023,"South Carolina","Chester County",1,51,441,220,221
050,45,023,"South Carolina","Chester County",1,52,423,210,213
050,45,023,"South Carolina","Chester County",1,53,480,246,234
050,45,023,"South Carolina","Chester County",1,54,488,236,252
050,45,023,"South Carolina","Chester County",1,55,483,243,240
050,45,023,"South Carolina","Chester County",1,56,486,239,247
050,45,023,"South Carolina","Chester County",1,57,489,248,241
050,45,023,"South Carolina","Chester County",1,58,488,242,246
050,45,023,"South Carolina","Chester County",1,59,455,219,236
050,45,023,"South Carolina","Chester County",1,60,453,214,239
050,45,023,"South Carolina","Chester County",1,61,447,223,224
050,45,023,"South Carolina","Chester County",1,62,449,209,240
050,45,023,"South Carolina","Chester County",1,63,478,227,251
050,45,023,"South Carolina","Chester County",1,64,460,222,238
050,45,023,"South Carolina","Chester County",1,65,451,215,236
050,45,023,"South Carolina","Chester County",1,66,433,206,227
050,45,023,"South Carolina","Chester County",1,67,406,193,213
050,45,023,"South Carolina","Chester County",1,68,403,178,225
050,45,023,"South Carolina","Chester County",1,69,372,175,197
050,45,023,"South Carolina","Chester County",1,70,364,172,192
050,45,023,"South Carolina","Chester County",1,71,336,154,182
050,45,023,"South Carolina","Chester County",1,72,357,170,187
050,45,023,"South Carolina","Chester County",1,73,342,162,180
050,45,023,"South Carolina","Chester County",1,74,242,119,123
050,45,023,"South Carolina","Chester County",1,75,242,110,132
050,45,023,"South Carolina","Chester County",1,76,243,114,129
050,45,023,"South Carolina","Chester County",1,77,249,113,136
050,45,023,"South Carolina","Chester County",1,78,218,89,129
050,45,023,"South Carolina","Chester County",1,79,197,91,106
050,45,023,"South Carolina","Chester County",1,80,146,72,74
050,45,023,"South Carolina","Chester County",1,81,132,58,74
050,45,023,"South Carolina","Chester County",1,82,109,42,67
050,45,023,"South Carolina","Chester County",1,83,100,32,68
050,45,023,"South Carolina","Chester County",1,84,101,35,66
050,45,023,"South Carolina","Chester County",1,85,583,202,381
050,45,023,"South Carolina","Chester County",2,0,353,181,172
050,45,023,"South Carolina","Chester County",2,1,377,189,188
050,45,023,"South Carolina","Chester County",2,2,379,190,189
050,45,023,"South Carolina","Chester County",2,3,381,199,182
050,45,023,"South Carolina","Chester County",2,4,402,217,185
050,45,023,"South Carolina","Chester County",2,5,401,216,185
050,45,023,"South Carolina","Chester County",2,6,387,199,188
050,45,023,"South Carolina","Chester County",2,7,401,207,194
050,45,023,"South Carolina","Chester County",2,8,408,206,202
050,45,023,"South Carolina","Chester County",2,9,409,205,204
050,45,023,"South Carolina","Chester County",2,10,407,204,203
050,45,023,"South Carolina","Chester County",2,11,434,217,217
050,45,023,"South Carolina","Chester County",2,12,458,241,217
050,45,023,"South Carolina","Chester County",2,13,478,254,224
050,45,023,"South Carolina","Chester County",2,14,450,243,207
050,45,023,"South Carolina","Chester County",2,15,414,219,195
050,45,023,"South Carolina","Chester County",2,16,411,211,200
050,45,023,"South Carolina","Chester County",2,17,421,214,207
050,45,023,"South Carolina","Chester County",2,18,361,190,171
050,45,023,"South Carolina","Chester County",2,19,310,163,147
050,45,023,"South Carolina","Chester County",2,20,332,173,159
050,45,023,"South Carolina","Chester County",2,21,338,167,171
050,45,023,"South Carolina","Chester County",2,22,358,177,181
050,45,023,"South Carolina","Chester County",2,23,363,181,182
050,45,023,"South Carolina","Chester County",2,24,365,180,185
050,45,023,"South Carolina","Chester County",2,25,369,188,181
050,45,023,"South Carolina","Chester County",2,26,386,188,198
050,45,023,"South Carolina","Chester County",2,27,408,190,218
050,45,023,"South Carolina","Chester County",2,28,432,200,232
050,45,023,"South Carolina","Chester County",2,29,428,207,221
050,45,023,"South Carolina","Chester County",2,30,410,194,216
050,45,023,"South Carolina","Chester County",2,31,414,194,220
050,45,023,"South Carolina","Chester County",2,32,392,176,216
050,45,023,"South Carolina","Chester County",2,33,386,175,211
050,45,023,"South Carolina","Chester County",2,34,350,167,183
050,45,023,"South Carolina","Chester County",2,35,326,158,168
050,45,023,"South Carolina","Chester County",2,36,330,146,184
050,45,023,"South Carolina","Chester County",2,37,357,161,196
050,45,023,"South Carolina","Chester County",2,38,366,171,195
050,45,023,"South Carolina","Chester County",2,39,374,168,206
050,45,023,"South Carolina","Chester County",2,40,363,163,200
050,45,023,"South Carolina","Chester County",2,41,341,166,175
050,45,023,"South Carolina","Chester County",2,42,364,177,187
050,45,023,"South Carolina","Chester County",2,43,357,160,197
050,45,023,"South Carolina","Chester County",2,44,313,143,170
050,45,023,"South Carolina","Chester County",2,45,338,165,173
050,45,023,"South Carolina","Chester County",2,46,377,189,188
050,45,023,"South Carolina","Chester County",2,47,394,193,201
050,45,023,"South Carolina","Chester County",2,48,432,211,221
050,45,023,"South Carolina","Chester County",2,49,472,231,241
050,45,023,"South Carolina","Chester County",2,50,453,214,239
050,45,023,"South Carolina","Chester County",2,51,438,214,224
050,45,023,"South Carolina","Chester County",2,52,427,213,214
050,45,023,"South Carolina","Chester County",2,53,468,237,231
050,45,023,"South Carolina","Chester County",2,54,485,238,247
050,45,023,"South Carolina","Chester County",2,55,487,243,244
050,45,023,"South Carolina","Chester County",2,56,487,242,245
050,45,023,"South Carolina","Chester County",2,57,489,245,244
050,45,023,"South Carolina","Chester County",2,58,485,242,243
050,45,023,"South Carolina","Chester County",2,59,465,225,240
050,45,023,"South Carolina","Chester County",2,60,452,214,238
050,45,023,"South Carolina","Chester County",2,61,443,217,226
050,45,023,"South Carolina","Chester County",2,62,447,210,237
050,45,023,"South Carolina","Chester County",2,63,477,228,249
050,45,023,"South Carolina","Chester County",2,64,459,221,238
050,45,023,"South Carolina","Chester County",2,65,448,213,235
050,45,023,"South Carolina","Chester County",2,66,437,207,230
050,45,023,"South Carolina","Chester County",2,67,410,194,216
050,45,023,"South Carolina","Chester County",2,68,402,181,221
050,45,023,"South Carolina","Chester County",2,69,378,176,202
050,45,023,"South Carolina","Chester County",2,70,364,171,193
050,45,023,"South Carolina","Chester County",2,71,341,157,184
050,45,023,"South Carolina","Chester County",2,72,340,161,179
050,45,023,"South Carolina","Chester County",2,73,356,169,187
050,45,023,"South Carolina","Chester County",2,74,245,118,127
050,45,023,"South Carolina","Chester County",2,75,242,112,130
050,45,023,"South Carolina","Chester County",2,76,240,111,129
050,45,023,"South Carolina","Chester County",2,77,247,112,135
050,45,023,"South Carolina","Chester County",2,78,218,91,127
050,45,023,"South Carolina","Chester County",2,79,196,87,109
050,45,023,"South Carolina","Chester County",2,80,157,77,80
050,45,023,"South Carolina","Chester County",2,81,132,61,71
050,45,023,"South Carolina","Chester County",2,82,114,47,67
050,45,023,"South Carolina","Chester County",2,83,99,34,65
050,45,023,"South Carolina","Chester County",2,84,100,33,67
050,45,023,"South Carolina","Chester County",2,85,579,201,378
050,45,023,"South Carolina","Chester County",3,0,338,170,168
050,45,023,"South Carolina","Chester County",3,1,368,189,179
050,45,023,"South Carolina","Chester County",3,2,383,197,186
050,45,023,"South Carolina","Chester County",3,3,367,181,186
050,45,023,"South Carolina","Chester County",3,4,371,197,174
050,45,023,"South Carolina","Chester County",3,5,394,203,191
050,45,023,"South Carolina","Chester County",3,6,395,217,178
050,45,023,"South Carolina","Chester County",3,7,374,186,188
050,45,023,"South Carolina","Chester County",3,8,402,214,188
050,45,023,"South Carolina","Chester County",3,9,394,203,191
050,45,023,"South Carolina","Chester County",3,10,425,213,212
050,45,023,"South Carolina","Chester County",3,11,400,202,198
050,45,023,"South Carolina","Chester County",3,12,437,225,212
050,45,023,"South Carolina","Chester County",3,13,466,251,215
050,45,023,"South Carolina","Chester County",3,14,465,242,223
050,45,023,"South Carolina","Chester County",3,15,453,240,213
050,45,023,"South Carolina","Chester County",3,16,422,224,198
050,45,023,"South Carolina","Chester County",3,17,407,206,201
050,45,023,"South Carolina","Chester County",3,18,373,184,189
050,45,023,"South Carolina","Chester County",3,19,309,160,149
050,45,023,"South Carolina","Chester County",3,20,340,178,162
050,45,023,"South Carolina","Chester County",3,21,346,180,166
050,45,023,"South Carolina","Chester County",3,22,343,168,175
050,45,023,"South Carolina","Chester County",3,23,375,188,187
050,45,023,"South Carolina","Chester County",3,24,379,187,192
050,45,023,"South Carolina","Chester County",3,25,364,179,185
050,45,023,"South Carolina","Chester County",3,26,362,189,173
050,45,023,"South Carolina","Chester County",3,27,402,198,204
050,45,023,"South Carolina","Chester County",3,28,380,186,194
050,45,023,"South Carolina","Chester County",3,29,422,193,229
050,45,023,"South Carolina","Chester County",3,30,410,195,215
050,45,023,"South Carolina","Chester County",3,31,435,210,225
050,45,023,"South Carolina","Chester County",3,32,412,197,215
050,45,023,"South Carolina","Chester County",3,33,387,176,211
050,45,023,"South Carolina","Chester County",3,34,396,176,220
050,45,023,"South Carolina","Chester County",3,35,356,176,180
050,45,023,"South Carolina","Chester County",3,36,337,165,172
050,45,023,"South Carolina","Chester County",3,37,324,143,181
050,45,023,"South Carolina","Chester County",3,38,360,159,201
050,45,023,"South Carolina","Chester County",3,39,361,175,186
050,45,023,"South Carolina","Chester County",3,40,381,175,206
050,45,023,"South Carolina","Chester County",3,41,364,167,197
050,45,023,"South Carolina","Chester County",3,42,332,160,172
050,45,023,"South Carolina","Chester County",3,43,368,177,191
050,45,023,"South Carolina","Chester County",3,44,356,155,201
050,45,023,"South Carolina","Chester County",3,45,304,131,173
050,45,023,"South Carolina","Chester County",3,46,335,169,166
050,45,023,"South Carolina","Chester County",3,47,371,185,186
050,45,023,"South Carolina","Chester County",3,48,406,206,200
050,45,023,"South Carolina","Chester County",3,49,414,192,222
050,45,023,"South Carolina","Chester County",3,50,465,229,236
050,45,023,"South Carolina","Chester County",3,51,465,226,239
050,45,023,"South Carolina","Chester County",3,52,425,205,220
050,45,023,"South Carolina","Chester County",3,53,428,214,214
050,45,023,"South Carolina","Chester County",3,54,471,234,237
050,45,023,"South Carolina","Chester County",3,55,478,238,240
050,45,023,"South Carolina","Chester County",3,56,489,238,251
050,45,023,"South Carolina","Chester County",3,57,481,237,244
050,45,023,"South Carolina","Chester County",3,58,481,242,239
050,45,023,"South Carolina","Chester County",3,59,477,246,231
050,45,023,"South Carolina","Chester County",3,60,467,233,234
050,45,023,"South Carolina","Chester County",3,61,448,212,236
050,45,023,"South Carolina","Chester County",3,62,438,211,227
050,45,023,"South Carolina","Chester County",3,63,449,208,241
050,45,023,"South Carolina","Chester County",3,64,467,219,248
050,45,023,"South Carolina","Chester County",3,65,441,210,231
050,45,023,"South Carolina","Chester County",3,66,441,210,231
050,45,023,"South Carolina","Chester County",3,67,424,199,225
050,45,023,"South Carolina","Chester County",3,68,402,189,213
050,45,023,"South Carolina","Chester County",3,69,387,172,215
050,45,023,"South Carolina","Chester County",3,70,359,171,188
050,45,023,"South Carolina","Chester County",3,71,357,164,193
050,45,023,"South Carolina","Chester County",3,72,331,153,178
050,45,023,"South Carolina","Chester County",3,73,325,155,170
050,45,023,"South Carolina","Chester County",3,74,349,166,183
050,45,023,"South Carolina","Chester County",3,75,230,110,120
050,45,023,"South Carolina","Chester County",3,76,240,108,132
050,45,023,"South Carolina","Chester County",3,77,228,103,125
050,45,023,"South Carolina","Chester County",3,78,231,103,128
050,45,023,"South Carolina","Chester County",3,79,203,86,117
050,45,023,"South Carolina","Chester County",3,80,180,79,101
050,45,023,"South Carolina","Chester County",3,81,143,69,74
050,45,023,"South Carolina","Chester County",3,82,127,59,68
050,45,023,"South Carolina","Chester County",3,83,104,43,61
050,45,023,"South Carolina","Chester County",3,84,87,30,57
050,45,023,"South Carolina","Chester County",3,85,565,202,363
050,45,023,"South Carolina","Chester County",4,0,317,171,146
050,45,023,"South Carolina","Chester County",4,1,336,163,173
050,45,023,"South Carolina","Chester County",4,2,381,195,186
050,45,023,"South Carolina","Chester County",4,3,360,185,175
050,45,023,"South Carolina","Chester County",4,4,357,184,173
050,45,023,"South Carolina","Chester County",4,5,376,195,181
050,45,023,"South Carolina","Chester County",4,6,403,212,191
050,45,023,"South Carolina","Chester County",4,7,397,214,183
050,45,023,"South Carolina","Chester County",4,8,370,181,189
050,45,023,"South Carolina","Chester County",4,9,401,207,194
050,45,023,"South Carolina","Chester County",4,10,394,212,182
050,45,023,"South Carolina","Chester County",4,11,418,211,207
050,45,023,"South Carolina","Chester County",4,12,398,201,197
050,45,023,"South Carolina","Chester County",4,13,429,221,208
050,45,023,"South Carolina","Chester County",4,14,468,245,223
050,45,023,"South Carolina","Chester County",4,15,468,249,219
050,45,023,"South Carolina","Chester County",4,16,452,241,211
050,45,023,"South Carolina","Chester County",4,17,417,216,201
050,45,023,"South Carolina","Chester County",4,18,347,183,164
050,45,023,"South Carolina","Chester County",4,19,293,146,147
050,45,023,"South Carolina","Chester County",4,20,331,172,159
050,45,023,"South Carolina","Chester County",4,21,348,177,171
050,45,023,"South Carolina","Chester County",4,22,366,181,185
050,45,023,"South Carolina","Chester County",4,23,359,180,179
050,45,023,"South Carolina","Chester County",4,24,394,196,198
050,45,023,"South Carolina","Chester County",4,25,377,190,187
050,45,023,"South Carolina","Chester County",4,26,356,174,182
050,45,023,"South Carolina","Chester County",4,27,347,175,172
050,45,023,"South Carolina","Chester County",4,28,377,186,191
050,45,023,"South Carolina","Chester County",4,29,383,186,197
050,45,023,"South Carolina","Chester County",4,30,416,184,232
050,45,023,"South Carolina","Chester County",4,31,423,207,216
050,45,023,"South Carolina","Chester County",4,32,446,212,234
050,45,023,"South Carolina","Chester County",4,33,392,186,206
050,45,023,"South Carolina","Chester County",4,34,398,172,226
050,45,023,"South Carolina","Chester County",4,35,392,182,210
050,45,023,"South Carolina","Chester County",4,36,360,178,182
050,45,023,"South Carolina","Chester County",4,37,315,155,160
050,45,023,"South Carolina","Chester County",4,38,331,151,180
050,45,023,"South Carolina","Chester County",4,39,375,172,203
050,45,023,"South Carolina","Chester County",4,40,367,172,195
050,45,023,"South Carolina","Chester County",4,41,384,173,211
050,45,023,"South Carolina","Chester County",4,42,369,167,202
050,45,023,"South Carolina","Chester County",4,43,345,164,181
050,45,023,"South Carolina","Chester County",4,44,372,176,196
050,45,023,"South Carolina","Chester County",4,45,360,149,211
050,45,023,"South Carolina","Chester County",4,46,314,144,170
050,45,023,"South Carolina","Chester County",4,47,340,169,171
050,45,023,"South Carolina","Chester County",4,48,388,194,194
050,45,023,"South Carolina","Chester County",4,49,409,209,200
050,45,023,"South Carolina","Chester County",4,50,408,189,219
050,45,023,"South Carolina","Chester County",4,51,470,229,241
050,45,023,"South Carolina","Chester County",4,52,451,214,237
050,45,023,"South Carolina","Chester County",4,53,421,201,220
050,45,023,"South Carolina","Chester County",4,54,430,210,220
050,45,023,"South Carolina","Chester County",4,55,459,231,228
050,45,023,"South Carolina","Chester County",4,56,462,228,234
050,45,023,"South Carolina","Chester County",4,57,493,239,254
050,45,023,"South Carolina","Chester County",4,58,475,234,241
050,45,023,"South Carolina","Chester County",4,59,478,241,237
050,45,023,"South Carolina","Chester County",4,60,480,242,238
050,45,023,"South Carolina","Chester County",4,61,450,225,225
050,45,023,"South Carolina","Chester County",4,62,445,208,237
050,45,023,"South Carolina","Chester County",4,63,446,217,229
050,45,023,"South Carolina","Chester County",4,64,440,203,237
050,45,023,"South Carolina","Chester County",4,65,448,212,236
050,45,023,"South Carolina","Chester County",4,66,444,215,229
050,45,023,"South Carolina","Chester County",4,67,431,208,223
050,45,023,"South Carolina","Chester County",4,68,416,188,228
050,45,023,"South Carolina","Chester County",4,69,385,179,206
050,45,023,"South Carolina","Chester County",4,70,376,166,210
050,45,023,"South Carolina","Chester County",4,71,352,165,187
050,45,023,"South Carolina","Chester County",4,72,347,164,183
050,45,023,"South Carolina","Chester County",4,73,316,149,167
050,45,023,"South Carolina","Chester County",4,74,310,146,164
050,45,023,"South Carolina","Chester County",4,75,332,153,179
050,45,023,"South Carolina","Chester County",4,76,216,103,113
050,45,023,"South Carolina","Chester County",4,77,221,98,123
050,45,023,"South Carolina","Chester County",4,78,218,98,120
050,45,023,"South Carolina","Chester County",4,79,215,98,117
050,45,023,"South Carolina","Chester County",4,80,186,78,108
050,45,023,"South Carolina","Chester County",4,81,163,68,95
050,45,023,"South Carolina","Chester County",4,82,134,67,67
050,45,023,"South Carolina","Chester County",4,83,114,54,60
050,45,023,"South Carolina","Chester County",4,84,90,41,49
050,45,023,"South Carolina","Chester County",4,85,555,204,351
050,45,023,"South Carolina","Chester County",5,0,327,173,154
050,45,023,"South Carolina","Chester County",5,1,317,167,150
050,45,023,"South Carolina","Chester County",5,2,361,185,176
050,45,023,"South Carolina","Chester County",5,3,393,207,186
050,45,023,"South Carolina","Chester County",5,4,374,188,186
050,45,023,"South Carolina","Chester County",5,5,349,181,168
050,45,023,"South Carolina","Chester County",5,6,379,189,190
050,45,023,"South Carolina","Chester County",5,7,405,213,192
050,45,023,"South Carolina","Chester County",5,8,377,200,177
050,45,023,"South Carolina","Chester County",5,9,384,195,189
050,45,023,"South Carolina","Chester County",5,10,416,226,190
050,45,023,"South Carolina","Chester County",5,11,396,207,189
050,45,023,"South Carolina","Chester County",5,12,423,209,214
050,45,023,"South Carolina","Chester County",5,13,389,197,192
050,45,023,"South Carolina","Chester County",5,14,428,212,216
050,45,023,"South Carolina","Chester County",5,15,460,238,222
050,45,023,"South Carolina","Chester County",5,16,468,255,213
050,45,023,"South Carolina","Chester County",5,17,444,233,211
050,45,023,"South Carolina","Chester County",5,18,344,186,158
050,45,023,"South Carolina","Chester County",5,19,286,147,139
050,45,023,"South Carolina","Chester County",5,20,327,160,167
050,45,023,"South Carolina","Chester County",5,21,340,179,161
050,45,023,"South Carolina","Chester County",5,22,387,199,188
050,45,023,"South Carolina","Chester County",5,23,396,196,200
050,45,023,"South Carolina","Chester County",5,24,381,191,190
050,45,023,"South Carolina","Chester County",5,25,403,193,210
050,45,023,"South Carolina","Chester County",5,26,409,194,215
050,45,023,"South Carolina","Chester County",5,27,384,190,194
050,45,023,"South Carolina","Chester County",5,28,333,174,159
050,45,023,"South Carolina","Chester County",5,29,378,183,195
050,45,023,"South Carolina","Chester County",5,30,397,183,214
050,45,023,"South Carolina","Chester County",5,31,438,192,246
050,45,023,"South Carolina","Chester County",5,32,441,219,222
050,45,023,"South Carolina","Chester County",5,33,440,207,233
050,45,023,"South Carolina","Chester County",5,34,413,192,221
050,45,023,"South Carolina","Chester County",5,35,390,173,217
050,45,023,"South Carolina","Chester County",5,36,401,182,219
050,45,023,"South Carolina","Chester County",5,37,346,175,171
050,45,023,"South Carolina","Chester County",5,38,333,169,164
050,45,023,"South Carolina","Chester County",5,39,321,143,178
050,45,023,"South Carolina","Chester County",5,40,371,172,199
050,45,023,"South Carolina","Chester County",5,41,375,168,207
050,45,023,"South Carolina","Chester County",5,42,388,175,213
050,45,023,"South Carolina","Chester County",5,43,383,185,198
050,45,023,"South Carolina","Chester County",5,44,340,159,181
050,45,023,"South Carolina","Chester County",5,45,370,170,200
050,45,023,"South Carolina","Chester County",5,46,355,144,211
050,45,023,"South Carolina","Chester County",5,47,324,148,176
050,45,023,"South Carolina","Chester County",5,48,355,178,177
050,45,023,"South Carolina","Chester County",5,49,380,191,189
050,45,023,"South Carolina","Chester County",5,50,399,200,199
050,45,023,"South Carolina","Chester County",5,51,431,206,225
050,45,023,"South Carolina","Chester County",5,52,473,226,247
050,45,023,"South Carolina","Chester County",5,53,450,215,235
050,45,023,"South Carolina","Chester County",5,54,427,201,226
050,45,023,"South Carolina","Chester County",5,55,435,216,219
050,45,023,"South Carolina","Chester County",5,56,459,234,225
050,45,023,"South Carolina","Chester County",5,57,466,219,247
050,45,023,"South Carolina","Chester County",5,58,494,243,251
050,45,023,"South Carolina","Chester County",5,59,481,237,244
050,45,023,"South Carolina","Chester County",5,60,478,241,237
050,45,023,"South Carolina","Chester County",5,61,487,242,245
050,45,023,"South Carolina","Chester County",5,62,454,230,224
050,45,023,"South Carolina","Chester County",5,63,452,213,239
050,45,023,"South Carolina","Chester County",5,64,437,211,226
050,45,023,"South Carolina","Chester County",5,65,424,191,233
050,45,023,"South Carolina","Chester County",5,66,453,217,236
050,45,023,"South Carolina","Chester County",5,67,437,213,224
050,45,023,"South Carolina","Chester County",5,68,426,204,222
050,45,023,"South Carolina","Chester County",5,69,408,182,226
050,45,023,"South Carolina","Chester County",5,70,378,179,199
050,45,023,"South Carolina","Chester County",5,71,366,158,208
050,45,023,"South Carolina","Chester County",5,72,339,161,178
050,45,023,"South Carolina","Chester County",5,73,332,158,174
050,45,023,"South Carolina","Chester County",5,74,304,140,164
050,45,023,"South Carolina","Chester County",5,75,293,136,157
050,45,023,"South Carolina","Chester County",5,76,320,145,175
050,45,023,"South Carolina","Chester County",5,77,203,93,110
050,45,023,"South Carolina","Chester County",5,78,206,92,114
050,45,023,"South Carolina","Chester County",5,79,206,92,114
050,45,023,"South Carolina","Chester County",5,80,197,89,108
050,45,023,"South Carolina","Chester County",5,81,167,65,102
050,45,023,"South Carolina","Chester County",5,82,154,65,89
050,45,023,"South Carolina","Chester County",5,83,120,62,58
050,45,023,"South Carolina","Chester County",5,84,94,49,45
050,45,023,"South Carolina","Chester County",5,85,557,215,342
050,45,025,"South Carolina","Chesterfield County",1,0,445,230,215
050,45,025,"South Carolina","Chesterfield County",1,1,472,252,220
050,45,025,"South Carolina","Chesterfield County",1,2,468,238,230
050,45,025,"South Carolina","Chesterfield County",1,3,479,243,236
050,45,025,"South Carolina","Chesterfield County",1,4,514,247,267
050,45,025,"South Carolina","Chesterfield County",1,5,535,270,265
050,45,025,"South Carolina","Chesterfield County",1,6,513,258,255
050,45,025,"South Carolina","Chesterfield County",1,7,505,263,242
050,45,025,"South Carolina","Chesterfield County",1,8,519,262,257
050,45,025,"South Carolina","Chesterfield County",1,9,550,287,263
050,45,025,"South Carolina","Chesterfield County",1,10,578,278,300
050,45,025,"South Carolina","Chesterfield County",1,11,568,274,294
050,45,025,"South Carolina","Chesterfield County",1,12,602,298,304
050,45,025,"South Carolina","Chesterfield County",1,13,630,316,314
050,45,025,"South Carolina","Chesterfield County",1,14,562,273,289
050,45,025,"South Carolina","Chesterfield County",1,15,543,271,272
050,45,025,"South Carolina","Chesterfield County",1,16,567,280,287
050,45,025,"South Carolina","Chesterfield County",1,17,549,282,267
050,45,025,"South Carolina","Chesterfield County",1,18,490,259,231
050,45,025,"South Carolina","Chesterfield County",1,19,454,245,209
050,45,025,"South Carolina","Chesterfield County",1,20,481,253,228
050,45,025,"South Carolina","Chesterfield County",1,21,449,233,216
050,45,025,"South Carolina","Chesterfield County",1,22,501,249,252
050,45,025,"South Carolina","Chesterfield County",1,23,512,260,252
050,45,025,"South Carolina","Chesterfield County",1,24,514,257,257
050,45,025,"South Carolina","Chesterfield County",1,25,520,276,244
050,45,025,"South Carolina","Chesterfield County",1,26,571,297,274
050,45,025,"South Carolina","Chesterfield County",1,27,541,269,272
050,45,025,"South Carolina","Chesterfield County",1,28,548,263,285
050,45,025,"South Carolina","Chesterfield County",1,29,531,250,281
050,45,025,"South Carolina","Chesterfield County",1,30,543,258,285
050,45,025,"South Carolina","Chesterfield County",1,31,522,263,259
050,45,025,"South Carolina","Chesterfield County",1,32,494,257,237
050,45,025,"South Carolina","Chesterfield County",1,33,449,221,228
050,45,025,"South Carolina","Chesterfield County",1,34,443,211,232
050,45,025,"South Carolina","Chesterfield County",1,35,437,217,220
050,45,025,"South Carolina","Chesterfield County",1,36,453,230,223
050,45,025,"South Carolina","Chesterfield County",1,37,441,216,225
050,45,025,"South Carolina","Chesterfield County",1,38,465,223,242
050,45,025,"South Carolina","Chesterfield County",1,39,492,237,255
050,45,025,"South Carolina","Chesterfield County",1,40,498,246,252
050,45,025,"South Carolina","Chesterfield County",1,41,508,256,252
050,45,025,"South Carolina","Chesterfield County",1,42,488,237,251
050,45,025,"South Carolina","Chesterfield County",1,43,509,252,257
050,45,025,"South Carolina","Chesterfield County",1,44,514,251,263
050,45,025,"South Carolina","Chesterfield County",1,45,532,264,268
050,45,025,"South Carolina","Chesterfield County",1,46,551,279,272
050,45,025,"South Carolina","Chesterfield County",1,47,547,274,273
050,45,025,"South Carolina","Chesterfield County",1,48,572,296,276
050,45,025,"South Carolina","Chesterfield County",1,49,629,319,310
050,45,025,"South Carolina","Chesterfield County",1,50,657,338,319
050,45,025,"South Carolina","Chesterfield County",1,51,610,290,320
050,45,025,"South Carolina","Chesterfield County",1,52,611,303,308
050,45,025,"South Carolina","Chesterfield County",1,53,630,306,324
050,45,025,"South Carolina","Chesterfield County",1,54,626,301,325
050,45,025,"South Carolina","Chesterfield County",1,55,676,334,342
050,45,025,"South Carolina","Chesterfield County",1,56,647,317,330
050,45,025,"South Carolina","Chesterfield County",1,57,650,313,337
050,45,025,"South Carolina","Chesterfield County",1,58,641,326,315
050,45,025,"South Carolina","Chesterfield County",1,59,627,324,303
050,45,025,"South Carolina","Chesterfield County",1,60,612,310,302
050,45,025,"South Carolina","Chesterfield County",1,61,585,272,313
050,45,025,"South Carolina","Chesterfield County",1,62,579,276,303
050,45,025,"South Carolina","Chesterfield County",1,63,619,298,321
050,45,025,"South Carolina","Chesterfield County",1,64,580,283,297
050,45,025,"South Carolina","Chesterfield County",1,65,566,288,278
050,45,025,"South Carolina","Chesterfield County",1,66,590,280,310
050,45,025,"South Carolina","Chesterfield County",1,67,545,246,299
050,45,025,"South Carolina","Chesterfield County",1,68,542,258,284
050,45,025,"South Carolina","Chesterfield County",1,69,500,238,262
050,45,025,"South Carolina","Chesterfield County",1,70,503,232,271
050,45,025,"South Carolina","Chesterfield County",1,71,495,233,262
050,45,025,"South Carolina","Chesterfield County",1,72,488,227,261
050,45,025,"South Carolina","Chesterfield County",1,73,498,230,268
050,45,025,"South Carolina","Chesterfield County",1,74,345,151,194
050,45,025,"South Carolina","Chesterfield County",1,75,337,146,191
050,45,025,"South Carolina","Chesterfield County",1,76,329,151,178
050,45,025,"South Carolina","Chesterfield County",1,77,316,135,181
050,45,025,"South Carolina","Chesterfield County",1,78,266,124,142
050,45,025,"South Carolina","Chesterfield County",1,79,253,112,141
050,45,025,"South Carolina","Chesterfield County",1,80,229,97,132
050,45,025,"South Carolina","Chesterfield County",1,81,179,77,102
050,45,025,"South Carolina","Chesterfield County",1,82,170,66,104
050,45,025,"South Carolina","Chesterfield County",1,83,145,58,87
050,45,025,"South Carolina","Chesterfield County",1,84,139,57,82
050,45,025,"South Carolina","Chesterfield County",1,85,689,247,442
050,45,025,"South Carolina","Chesterfield County",2,0,444,238,206
050,45,025,"South Carolina","Chesterfield County",2,1,467,246,221
050,45,025,"South Carolina","Chesterfield County",2,2,470,240,230
050,45,025,"South Carolina","Chesterfield County",2,3,477,241,236
050,45,025,"South Carolina","Chesterfield County",2,4,509,248,261
050,45,025,"South Carolina","Chesterfield County",2,5,532,263,269
050,45,025,"South Carolina","Chesterfield County",2,6,521,261,260
050,45,025,"South Carolina","Chesterfield County",2,7,507,261,246
050,45,025,"South Carolina","Chesterfield County",2,8,517,264,253
050,45,025,"South Carolina","Chesterfield County",2,9,542,282,260
050,45,025,"South Carolina","Chesterfield County",2,10,573,284,289
050,45,025,"South Carolina","Chesterfield County",2,11,567,276,291
050,45,025,"South Carolina","Chesterfield County",2,12,602,296,306
050,45,025,"South Carolina","Chesterfield County",2,13,622,311,311
050,45,025,"South Carolina","Chesterfield County",2,14,579,283,296
050,45,025,"South Carolina","Chesterfield County",2,15,548,272,276
050,45,025,"South Carolina","Chesterfield County",2,16,563,278,285
050,45,025,"South Carolina","Chesterfield County",2,17,553,281,272
050,45,025,"South Carolina","Chesterfield County",2,18,488,257,231
050,45,025,"South Carolina","Chesterfield County",2,19,446,241,205
050,45,025,"South Carolina","Chesterfield County",2,20,488,258,230
050,45,025,"South Carolina","Chesterfield County",2,21,462,239,223
050,45,025,"South Carolina","Chesterfield County",2,22,496,249,247
050,45,025,"South Carolina","Chesterfield County",2,23,516,261,255
050,45,025,"South Carolina","Chesterfield County",2,24,510,256,254
050,45,025,"South Carolina","Chesterfield County",2,25,523,274,249
050,45,025,"South Carolina","Chesterfield County",2,26,556,290,266
050,45,025,"South Carolina","Chesterfield County",2,27,539,270,269
050,45,025,"South Carolina","Chesterfield County",2,28,542,263,279
050,45,025,"South Carolina","Chesterfield County",2,29,536,254,282
050,45,025,"South Carolina","Chesterfield County",2,30,542,255,287
050,45,025,"South Carolina","Chesterfield County",2,31,527,259,268
050,45,025,"South Carolina","Chesterfield County",2,32,502,259,243
050,45,025,"South Carolina","Chesterfield County",2,33,461,231,230
050,45,025,"South Carolina","Chesterfield County",2,34,443,212,231
050,45,025,"South Carolina","Chesterfield County",2,35,444,219,225
050,45,025,"South Carolina","Chesterfield County",2,36,446,225,221
050,45,025,"South Carolina","Chesterfield County",2,37,445,220,225
050,45,025,"South Carolina","Chesterfield County",2,38,461,222,239
050,45,025,"South Carolina","Chesterfield County",2,39,483,231,252
050,45,025,"South Carolina","Chesterfield County",2,40,502,246,256
050,45,025,"South Carolina","Chesterfield County",2,41,505,253,252
050,45,025,"South Carolina","Chesterfield County",2,42,486,238,248
050,45,025,"South Carolina","Chesterfield County",2,43,511,252,259
050,45,025,"South Carolina","Chesterfield County",2,44,507,248,259
050,45,025,"South Carolina","Chesterfield County",2,45,536,263,273
050,45,025,"South Carolina","Chesterfield County",2,46,545,275,270
050,45,025,"South Carolina","Chesterfield County",2,47,541,271,270
050,45,025,"South Carolina","Chesterfield County",2,48,566,293,273
050,45,025,"South Carolina","Chesterfield County",2,49,620,316,304
050,45,025,"South Carolina","Chesterfield County",2,50,649,334,315
050,45,025,"South Carolina","Chesterfield County",2,51,616,299,317
050,45,025,"South Carolina","Chesterfield County",2,52,609,298,311
050,45,025,"South Carolina","Chesterfield County",2,53,619,303,316
050,45,025,"South Carolina","Chesterfield County",2,54,626,304,322
050,45,025,"South Carolina","Chesterfield County",2,55,661,322,339
050,45,025,"South Carolina","Chesterfield County",2,56,657,324,333
050,45,025,"South Carolina","Chesterfield County",2,57,649,315,334
050,45,025,"South Carolina","Chesterfield County",2,58,640,322,318
050,45,025,"South Carolina","Chesterfield County",2,59,629,324,305
050,45,025,"South Carolina","Chesterfield County",2,60,619,316,303
050,45,025,"South Carolina","Chesterfield County",2,61,588,280,308
050,45,025,"South Carolina","Chesterfield County",2,62,578,273,305
050,45,025,"South Carolina","Chesterfield County",2,63,608,291,317
050,45,025,"South Carolina","Chesterfield County",2,64,583,284,299
050,45,025,"South Carolina","Chesterfield County",2,65,566,284,282
050,45,025,"South Carolina","Chesterfield County",2,66,584,279,305
050,45,025,"South Carolina","Chesterfield County",2,67,553,254,299
050,45,025,"South Carolina","Chesterfield County",2,68,536,251,285
050,45,025,"South Carolina","Chesterfield County",2,69,510,242,268
050,45,025,"South Carolina","Chesterfield County",2,70,499,231,268
050,45,025,"South Carolina","Chesterfield County",2,71,494,230,264
050,45,025,"South Carolina","Chesterfield County",2,72,479,223,256
050,45,025,"South Carolina","Chesterfield County",2,73,512,237,275
050,45,025,"South Carolina","Chesterfield County",2,74,358,160,198
050,45,025,"South Carolina","Chesterfield County",2,75,338,146,192
050,45,025,"South Carolina","Chesterfield County",2,76,324,146,178
050,45,025,"South Carolina","Chesterfield County",2,77,327,143,184
050,45,025,"South Carolina","Chesterfield County",2,78,268,119,149
050,45,025,"South Carolina","Chesterfield County",2,79,247,110,137
050,45,025,"South Carolina","Chesterfield County",2,80,233,99,134
050,45,025,"South Carolina","Chesterfield County",2,81,186,77,109
050,45,025,"South Carolina","Chesterfield County",2,82,169,69,100
050,45,025,"South Carolina","Chesterfield County",2,83,146,57,89
050,45,025,"South Carolina","Chesterfield County",2,84,133,56,77
050,45,025,"South Carolina","Chesterfield County",2,85,695,245,450
050,45,025,"South Carolina","Chesterfield County",3,0,482,247,235
050,45,025,"South Carolina","Chesterfield County",3,1,440,230,210
050,45,025,"South Carolina","Chesterfield County",3,2,475,257,218
050,45,025,"South Carolina","Chesterfield County",3,3,468,236,232
050,45,025,"South Carolina","Chesterfield County",3,4,488,246,242
050,45,025,"South Carolina","Chesterfield County",3,5,514,248,266
050,45,025,"South Carolina","Chesterfield County",3,6,531,260,271
050,45,025,"South Carolina","Chesterfield County",3,7,524,261,263
050,45,025,"South Carolina","Chesterfield County",3,8,524,268,256
050,45,025,"South Carolina","Chesterfield County",3,9,532,268,264
050,45,025,"South Carolina","Chesterfield County",3,10,544,286,258
050,45,025,"South Carolina","Chesterfield County",3,11,579,279,300
050,45,025,"South Carolina","Chesterfield County",3,12,547,275,272
050,45,025,"South Carolina","Chesterfield County",3,13,616,303,313
050,45,025,"South Carolina","Chesterfield County",3,14,613,311,302
050,45,025,"South Carolina","Chesterfield County",3,15,594,301,293
050,45,025,"South Carolina","Chesterfield County",3,16,552,275,277
050,45,025,"South Carolina","Chesterfield County",3,17,563,283,280
050,45,025,"South Carolina","Chesterfield County",3,18,479,248,231
050,45,025,"South Carolina","Chesterfield County",3,19,412,222,190
050,45,025,"South Carolina","Chesterfield County",3,20,474,244,230
050,45,025,"South Carolina","Chesterfield County",3,21,509,267,242
050,45,025,"South Carolina","Chesterfield County",3,22,483,248,235
050,45,025,"South Carolina","Chesterfield County",3,23,523,265,258
050,45,025,"South Carolina","Chesterfield County",3,24,519,262,257
050,45,025,"South Carolina","Chesterfield County",3,25,519,269,250
050,45,025,"South Carolina","Chesterfield County",3,26,517,262,255
050,45,025,"South Carolina","Chesterfield County",3,27,556,277,279
050,45,025,"South Carolina","Chesterfield County",3,28,555,276,279
050,45,025,"South Carolina","Chesterfield County",3,29,547,267,280
050,45,025,"South Carolina","Chesterfield County",3,30,528,249,279
050,45,025,"South Carolina","Chesterfield County",3,31,562,263,299
050,45,025,"South Carolina","Chesterfield County",3,32,546,277,269
050,45,025,"South Carolina","Chesterfield County",3,33,513,271,242
050,45,025,"South Carolina","Chesterfield County",3,34,441,214,227
050,45,025,"South Carolina","Chesterfield County",3,35,450,212,238
050,45,025,"South Carolina","Chesterfield County",3,36,444,216,228
050,45,025,"South Carolina","Chesterfield County",3,37,456,238,218
050,45,025,"South Carolina","Chesterfield County",3,38,455,228,227
050,45,025,"South Carolina","Chesterfield County",3,39,464,223,241
050,45,025,"South Carolina","Chesterfield County",3,40,482,227,255
050,45,025,"South Carolina","Chesterfield County",3,41,495,237,258
050,45,025,"South Carolina","Chesterfield County",3,42,509,255,254
050,45,025,"South Carolina","Chesterfield County",3,43,483,229,254
050,45,025,"South Carolina","Chesterfield County",3,44,509,250,259
050,45,025,"South Carolina","Chesterfield County",3,45,515,255,260
050,45,025,"South Carolina","Chesterfield County",3,46,538,271,267
050,45,025,"South Carolina","Chesterfield County",3,47,525,260,265
050,45,025,"South Carolina","Chesterfield County",3,48,547,273,274
050,45,025,"South Carolina","Chesterfield County",3,49,566,290,276
050,45,025,"South Carolina","Chesterfield County",3,50,610,317,293
050,45,025,"South Carolina","Chesterfield County",3,51,655,335,320
050,45,025,"South Carolina","Chesterfield County",3,52,613,299,314
050,45,025,"South Carolina","Chesterfield County",3,53,613,302,311
050,45,025,"South Carolina","Chesterfield County",3,54,638,313,325
050,45,025,"South Carolina","Chesterfield County",3,55,628,307,321
050,45,025,"South Carolina","Chesterfield County",3,56,662,321,341
050,45,025,"South Carolina","Chesterfield County",3,57,647,316,331
050,45,025,"South Carolina","Chesterfield County",3,58,649,308,341
050,45,025,"South Carolina","Chesterfield County",3,59,616,305,311
050,45,025,"South Carolina","Chesterfield County",3,60,648,332,316
050,45,025,"South Carolina","Chesterfield County",3,61,616,314,302
050,45,025,"South Carolina","Chesterfield County",3,62,577,273,304
050,45,025,"South Carolina","Chesterfield County",3,63,554,257,297
050,45,025,"South Carolina","Chesterfield County",3,64,596,285,311
050,45,025,"South Carolina","Chesterfield County",3,65,580,283,297
050,45,025,"South Carolina","Chesterfield County",3,66,561,282,279
050,45,025,"South Carolina","Chesterfield County",3,67,570,272,298
050,45,025,"South Carolina","Chesterfield County",3,68,539,245,294
050,45,025,"South Carolina","Chesterfield County",3,69,521,243,278
050,45,025,"South Carolina","Chesterfield County",3,70,509,239,270
050,45,025,"South Carolina","Chesterfield County",3,71,479,224,255
050,45,025,"South Carolina","Chesterfield County",3,72,471,220,251
050,45,025,"South Carolina","Chesterfield County",3,73,469,215,254
050,45,025,"South Carolina","Chesterfield County",3,74,498,228,270
050,45,025,"South Carolina","Chesterfield County",3,75,349,155,194
050,45,025,"South Carolina","Chesterfield County",3,76,313,135,178
050,45,025,"South Carolina","Chesterfield County",3,77,311,142,169
050,45,025,"South Carolina","Chesterfield County",3,78,310,130,180
050,45,025,"South Carolina","Chesterfield County",3,79,244,105,139
050,45,025,"South Carolina","Chesterfield County",3,80,225,96,129
050,45,025,"South Carolina","Chesterfield County",3,81,228,91,137
050,45,025,"South Carolina","Chesterfield County",3,82,165,67,98
050,45,025,"South Carolina","Chesterfield County",3,83,152,63,89
050,45,025,"South Carolina","Chesterfield County",3,84,125,49,76
050,45,025,"South Carolina","Chesterfield County",3,85,689,252,437
050,45,025,"South Carolina","Chesterfield County",4,0,501,254,247
050,45,025,"South Carolina","Chesterfield County",4,1,478,251,227
050,45,025,"South Carolina","Chesterfield County",4,2,470,248,222
050,45,025,"South Carolina","Chesterfield County",4,3,501,267,234
050,45,025,"South Carolina","Chesterfield County",4,4,490,238,252
050,45,025,"South Carolina","Chesterfield County",4,5,522,264,258
050,45,025,"South Carolina","Chesterfield County",4,6,515,257,258
050,45,025,"South Carolina","Chesterfield County",4,7,544,268,276
050,45,025,"South Carolina","Chesterfield County",4,8,533,271,262
050,45,025,"South Carolina","Chesterfield County",4,9,534,273,261
050,45,025,"South Carolina","Chesterfield County",4,10,554,273,281
050,45,025,"South Carolina","Chesterfield County",4,11,542,285,257
050,45,025,"South Carolina","Chesterfield County",4,12,580,276,304
050,45,025,"South Carolina","Chesterfield County",4,13,562,285,277
050,45,025,"South Carolina","Chesterfield County",4,14,623,307,316
050,45,025,"South Carolina","Chesterfield County",4,15,620,311,309
050,45,025,"South Carolina","Chesterfield County",4,16,576,290,286
050,45,025,"South Carolina","Chesterfield County",4,17,553,278,275
050,45,025,"South Carolina","Chesterfield County",4,18,503,256,247
050,45,025,"South Carolina","Chesterfield County",4,19,399,205,194
050,45,025,"South Carolina","Chesterfield County",4,20,444,238,206
050,45,025,"South Carolina","Chesterfield County",4,21,481,243,238
050,45,025,"South Carolina","Chesterfield County",4,22,532,278,254
050,45,025,"South Carolina","Chesterfield County",4,23,504,256,248
050,45,025,"South Carolina","Chesterfield County",4,24,531,265,266
050,45,025,"South Carolina","Chesterfield County",4,25,536,275,261
050,45,025,"South Carolina","Chesterfield County",4,26,533,277,256
050,45,025,"South Carolina","Chesterfield County",4,27,507,263,244
050,45,025,"South Carolina","Chesterfield County",4,28,570,285,285
050,45,025,"South Carolina","Chesterfield County",4,29,556,287,269
050,45,025,"South Carolina","Chesterfield County",4,30,574,281,293
050,45,025,"South Carolina","Chesterfield County",4,31,552,269,283
050,45,025,"South Carolina","Chesterfield County",4,32,581,273,308
050,45,025,"South Carolina","Chesterfield County",4,33,555,281,274
050,45,025,"South Carolina","Chesterfield County",4,34,516,267,249
050,45,025,"South Carolina","Chesterfield County",4,35,454,234,220
050,45,025,"South Carolina","Chesterfield County",4,36,462,215,247
050,45,025,"South Carolina","Chesterfield County",4,37,468,238,230
050,45,025,"South Carolina","Chesterfield County",4,38,449,226,223
050,45,025,"South Carolina","Chesterfield County",4,39,473,239,234
050,45,025,"South Carolina","Chesterfield County",4,40,462,223,239
050,45,025,"South Carolina","Chesterfield County",4,41,489,227,262
050,45,025,"South Carolina","Chesterfield County",4,42,504,245,259
050,45,025,"South Carolina","Chesterfield County",4,43,523,262,261
050,45,025,"South Carolina","Chesterfield County",4,44,486,229,257
050,45,025,"South Carolina","Chesterfield County",4,45,529,260,269
050,45,025,"South Carolina","Chesterfield County",4,46,517,252,265
050,45,025,"South Carolina","Chesterfield County",4,47,537,260,277
050,45,025,"South Carolina","Chesterfield County",4,48,537,278,259
050,45,025,"South Carolina","Chesterfield County",4,49,542,269,273
050,45,025,"South Carolina","Chesterfield County",4,50,584,303,281
050,45,025,"South Carolina","Chesterfield County",4,51,625,322,303
050,45,025,"South Carolina","Chesterfield County",4,52,656,333,323
050,45,025,"South Carolina","Chesterfield County",4,53,600,300,300
050,45,025,"South Carolina","Chesterfield County",4,54,611,297,314
050,45,025,"South Carolina","Chesterfield County",4,55,640,314,326
050,45,025,"South Carolina","Chesterfield County",4,56,630,310,320
050,45,025,"South Carolina","Chesterfield County",4,57,654,321,333
050,45,025,"South Carolina","Chesterfield County",4,58,629,311,318
050,45,025,"South Carolina","Chesterfield County",4,59,637,300,337
050,45,025,"South Carolina","Chesterfield County",4,60,609,297,312
050,45,025,"South Carolina","Chesterfield County",4,61,640,328,312
050,45,025,"South Carolina","Chesterfield County",4,62,612,312,300
050,45,025,"South Carolina","Chesterfield County",4,63,555,260,295
050,45,025,"South Carolina","Chesterfield County",4,64,544,248,296
050,45,025,"South Carolina","Chesterfield County",4,65,587,286,301
050,45,025,"South Carolina","Chesterfield County",4,66,581,278,303
050,45,025,"South Carolina","Chesterfield County",4,67,542,277,265
050,45,025,"South Carolina","Chesterfield County",4,68,564,270,294
050,45,025,"South Carolina","Chesterfield County",4,69,519,233,286
050,45,025,"South Carolina","Chesterfield County",4,70,527,240,287
050,45,025,"South Carolina","Chesterfield County",4,71,495,231,264
050,45,025,"South Carolina","Chesterfield County",4,72,458,210,248
050,45,025,"South Carolina","Chesterfield County",4,73,462,214,248
050,45,025,"South Carolina","Chesterfield County",4,74,449,209,240
050,45,025,"South Carolina","Chesterfield County",4,75,484,218,266
050,45,025,"South Carolina","Chesterfield County",4,76,322,142,180
050,45,025,"South Carolina","Chesterfield County",4,77,310,137,173
050,45,025,"South Carolina","Chesterfield County",4,78,301,131,170
050,45,025,"South Carolina","Chesterfield County",4,79,290,122,168
050,45,025,"South Carolina","Chesterfield County",4,80,215,86,129
050,45,025,"South Carolina","Chesterfield County",4,81,216,92,124
050,45,025,"South Carolina","Chesterfield County",4,82,220,87,133
050,45,025,"South Carolina","Chesterfield County",4,83,144,63,81
050,45,025,"South Carolina","Chesterfield County",4,84,133,54,79
050,45,025,"South Carolina","Chesterfield County",4,85,692,262,430
050,45,025,"South Carolina","Chesterfield County",5,0,517,261,256
050,45,025,"South Carolina","Chesterfield County",5,1,509,246,263
050,45,025,"South Carolina","Chesterfield County",5,2,501,268,233
050,45,025,"South Carolina","Chesterfield County",5,3,478,249,229
050,45,025,"South Carolina","Chesterfield County",5,4,516,274,242
050,45,025,"South Carolina","Chesterfield County",5,5,510,252,258
050,45,025,"South Carolina","Chesterfield County",5,6,530,264,266
050,45,025,"South Carolina","Chesterfield County",5,7,534,268,266
050,45,025,"South Carolina","Chesterfield County",5,8,553,275,278
050,45,025,"South Carolina","Chesterfield County",5,9,530,265,265
050,45,025,"South Carolina","Chesterfield County",5,10,546,277,269
050,45,025,"South Carolina","Chesterfield County",5,11,537,267,270
050,45,025,"South Carolina","Chesterfield County",5,12,565,299,266
050,45,025,"South Carolina","Chesterfield County",5,13,582,283,299
050,45,025,"South Carolina","Chesterfield County",5,14,556,283,273
050,45,025,"South Carolina","Chesterfield County",5,15,624,302,322
050,45,025,"South Carolina","Chesterfield County",5,16,613,310,303
050,45,025,"South Carolina","Chesterfield County",5,17,591,294,297
050,45,025,"South Carolina","Chesterfield County",5,18,487,244,243
050,45,025,"South Carolina","Chesterfield County",5,19,416,209,207
050,45,025,"South Carolina","Chesterfield County",5,20,444,229,215
050,45,025,"South Carolina","Chesterfield County",5,21,490,261,229
050,45,025,"South Carolina","Chesterfield County",5,22,500,250,250
050,45,025,"South Carolina","Chesterfield County",5,23,553,285,268
050,45,025,"South Carolina","Chesterfield County",5,24,501,248,253
050,45,025,"South Carolina","Chesterfield County",5,25,540,280,260
050,45,025,"South Carolina","Chesterfield County",5,26,526,278,248
050,45,025,"South Carolina","Chesterfield County",5,27,534,271,263
050,45,025,"South Carolina","Chesterfield County",5,28,522,266,256
050,45,025,"South Carolina","Chesterfield County",5,29,580,298,282
050,45,025,"South Carolina","Chesterfield County",5,30,560,284,276
050,45,025,"South Carolina","Chesterfield County",5,31,577,286,291
050,45,025,"South Carolina","Chesterfield County",5,32,533,259,274
050,45,025,"South Carolina","Chesterfield County",5,33,592,269,323
050,45,025,"South Carolina","Chesterfield County",5,34,559,276,283
050,45,025,"South Carolina","Chesterfield County",5,35,522,277,245
050,45,025,"South Carolina","Chesterfield County",5,36,467,231,236
050,45,025,"South Carolina","Chesterfield County",5,37,471,231,240
050,45,025,"South Carolina","Chesterfield County",5,38,459,228,231
050,45,025,"South Carolina","Chesterfield County",5,39,472,231,241
050,45,025,"South Carolina","Chesterfield County",5,40,482,240,242
050,45,025,"South Carolina","Chesterfield County",5,41,470,219,251
050,45,025,"South Carolina","Chesterfield County",5,42,471,221,250
050,45,025,"South Carolina","Chesterfield County",5,43,526,257,269
050,45,025,"South Carolina","Chesterfield County",5,44,520,263,257
050,45,025,"South Carolina","Chesterfield County",5,45,503,238,265
050,45,025,"South Carolina","Chesterfield County",5,46,529,256,273
050,45,025,"South Carolina","Chesterfield County",5,47,518,245,273
050,45,025,"South Carolina","Chesterfield County",5,48,547,268,279
050,45,025,"South Carolina","Chesterfield County",5,49,541,280,261
050,45,025,"South Carolina","Chesterfield County",5,50,546,268,278
050,45,025,"South Carolina","Chesterfield County",5,51,588,302,286
050,45,025,"South Carolina","Chesterfield County",5,52,622,310,312
050,45,025,"South Carolina","Chesterfield County",5,53,649,338,311
050,45,025,"South Carolina","Chesterfield County",5,54,602,311,291
050,45,025,"South Carolina","Chesterfield County",5,55,612,292,320
050,45,025,"South Carolina","Chesterfield County",5,56,641,319,322
050,45,025,"South Carolina","Chesterfield County",5,57,620,306,314
050,45,025,"South Carolina","Chesterfield County",5,58,634,315,319
050,45,025,"South Carolina","Chesterfield County",5,59,622,303,319
050,45,025,"South Carolina","Chesterfield County",5,60,646,302,344
050,45,025,"South Carolina","Chesterfield County",5,61,611,295,316
050,45,025,"South Carolina","Chesterfield County",5,62,635,328,307
050,45,025,"South Carolina","Chesterfield County",5,63,600,303,297
050,45,025,"South Carolina","Chesterfield County",5,64,560,262,298
050,45,025,"South Carolina","Chesterfield County",5,65,529,243,286
050,45,025,"South Carolina","Chesterfield County",5,66,587,288,299
050,45,025,"South Carolina","Chesterfield County",5,67,571,270,301
050,45,025,"South Carolina","Chesterfield County",5,68,530,274,256
050,45,025,"South Carolina","Chesterfield County",5,69,547,258,289
050,45,025,"South Carolina","Chesterfield County",5,70,519,231,288
050,45,025,"South Carolina","Chesterfield County",5,71,507,233,274
050,45,025,"South Carolina","Chesterfield County",5,72,476,224,252
050,45,025,"South Carolina","Chesterfield County",5,73,444,206,238
050,45,025,"South Carolina","Chesterfield County",5,74,446,208,238
050,45,025,"South Carolina","Chesterfield County",5,75,437,202,235
050,45,025,"South Carolina","Chesterfield County",5,76,448,205,243
050,45,025,"South Carolina","Chesterfield County",5,77,320,143,177
050,45,025,"South Carolina","Chesterfield County",5,78,294,127,167
050,45,025,"South Carolina","Chesterfield County",5,79,280,121,159
050,45,025,"South Carolina","Chesterfield County",5,80,263,102,161
050,45,025,"South Carolina","Chesterfield County",5,81,200,75,125
050,45,025,"South Carolina","Chesterfield County",5,82,207,88,119
050,45,025,"South Carolina","Chesterfield County",5,83,196,81,115
050,45,025,"South Carolina","Chesterfield County",5,84,127,55,72
050,45,025,"South Carolina","Chesterfield County",5,85,711,276,435
050,45,027,"South Carolina","Clarendon County",1,0,278,141,137
050,45,027,"South Carolina","Clarendon County",1,1,274,141,133
050,45,027,"South Carolina","Clarendon County",1,2,267,128,139
050,45,027,"South Carolina","Clarendon County",1,3,268,128,140
050,45,027,"South Carolina","Clarendon County",1,4,287,145,142
050,45,027,"South Carolina","Clarendon County",1,5,313,167,146
050,45,027,"South Carolina","Clarendon County",1,6,321,160,161
050,45,027,"South Carolina","Clarendon County",1,7,299,153,146
050,45,027,"South Carolina","Clarendon County",1,8,292,153,139
050,45,027,"South Carolina","Clarendon County",1,9,340,166,174
050,45,027,"South Carolina","Clarendon County",1,10,331,173,158
050,45,027,"South Carolina","Clarendon County",1,11,336,180,156
050,45,027,"South Carolina","Clarendon County",1,12,365,186,179
050,45,027,"South Carolina","Clarendon County",1,13,370,190,180
050,45,027,"South Carolina","Clarendon County",1,14,385,179,206
050,45,027,"South Carolina","Clarendon County",1,15,386,194,192
050,45,027,"South Carolina","Clarendon County",1,16,364,199,165
050,45,027,"South Carolina","Clarendon County",1,17,385,208,177
050,45,027,"South Carolina","Clarendon County",1,18,401,229,172
050,45,027,"South Carolina","Clarendon County",1,19,371,237,134
050,45,027,"South Carolina","Clarendon County",1,20,401,276,125
050,45,027,"South Carolina","Clarendon County",1,21,395,256,139
050,45,027,"South Carolina","Clarendon County",1,22,370,226,144
050,45,027,"South Carolina","Clarendon County",1,23,373,217,156
050,45,027,"South Carolina","Clarendon County",1,24,370,225,145
050,45,027,"South Carolina","Clarendon County",1,25,383,219,164
050,45,027,"South Carolina","Clarendon County",1,26,352,187,165
050,45,027,"South Carolina","Clarendon County",1,27,354,189,165
050,45,027,"South Carolina","Clarendon County",1,28,362,196,166
050,45,027,"South Carolina","Clarendon County",1,29,363,179,184
050,45,027,"South Carolina","Clarendon County",1,30,333,166,167
050,45,027,"South Carolina","Clarendon County",1,31,337,173,164
050,45,027,"South Carolina","Clarendon County",1,32,315,149,166
050,45,027,"South Carolina","Clarendon County",1,33,315,135,180
050,45,027,"South Carolina","Clarendon County",1,34,314,133,181
050,45,027,"South Carolina","Clarendon County",1,35,313,142,171
050,45,027,"South Carolina","Clarendon County",1,36,332,171,161
050,45,027,"South Carolina","Clarendon County",1,37,329,160,169
050,45,027,"South Carolina","Clarendon County",1,38,329,156,173
050,45,027,"South Carolina","Clarendon County",1,39,340,161,179
050,45,027,"South Carolina","Clarendon County",1,40,350,174,176
050,45,027,"South Carolina","Clarendon County",1,41,322,153,169
050,45,027,"South Carolina","Clarendon County",1,42,312,149,163
050,45,027,"South Carolina","Clarendon County",1,43,302,147,155
050,45,027,"South Carolina","Clarendon County",1,44,315,154,161
050,45,027,"South Carolina","Clarendon County",1,45,315,166,149
050,45,027,"South Carolina","Clarendon County",1,46,311,161,150
050,45,027,"South Carolina","Clarendon County",1,47,330,170,160
050,45,027,"South Carolina","Clarendon County",1,48,350,172,178
050,45,027,"South Carolina","Clarendon County",1,49,401,198,203
050,45,027,"South Carolina","Clarendon County",1,50,403,194,209
050,45,027,"South Carolina","Clarendon County",1,51,340,155,185
050,45,027,"South Carolina","Clarendon County",1,52,352,163,189
050,45,027,"South Carolina","Clarendon County",1,53,377,172,205
050,45,027,"South Carolina","Clarendon County",1,54,427,207,220
050,45,027,"South Carolina","Clarendon County",1,55,475,215,260
050,45,027,"South Carolina","Clarendon County",1,56,482,227,255
050,45,027,"South Carolina","Clarendon County",1,57,439,213,226
050,45,027,"South Carolina","Clarendon County",1,58,459,226,233
050,45,027,"South Carolina","Clarendon County",1,59,461,227,234
050,45,027,"South Carolina","Clarendon County",1,60,500,228,272
050,45,027,"South Carolina","Clarendon County",1,61,499,223,276
050,45,027,"South Carolina","Clarendon County",1,62,511,232,279
050,45,027,"South Carolina","Clarendon County",1,63,475,202,273
050,45,027,"South Carolina","Clarendon County",1,64,482,210,272
050,45,027,"South Carolina","Clarendon County",1,65,504,230,274
050,45,027,"South Carolina","Clarendon County",1,66,467,218,249
050,45,027,"South Carolina","Clarendon County",1,67,474,211,263
050,45,027,"South Carolina","Clarendon County",1,68,467,208,259
050,45,027,"South Carolina","Clarendon County",1,69,490,220,270
050,45,027,"South Carolina","Clarendon County",1,70,485,221,264
050,45,027,"South Carolina","Clarendon County",1,71,463,224,239
050,45,027,"South Carolina","Clarendon County",1,72,434,200,234
050,45,027,"South Carolina","Clarendon County",1,73,433,198,235
050,45,027,"South Carolina","Clarendon County",1,74,338,147,191
050,45,027,"South Carolina","Clarendon County",1,75,342,152,190
050,45,027,"South Carolina","Clarendon County",1,76,291,131,160
050,45,027,"South Carolina","Clarendon County",1,77,295,140,155
050,45,027,"South Carolina","Clarendon County",1,78,265,131,134
050,45,027,"South Carolina","Clarendon County",1,79,234,107,127
050,45,027,"South Carolina","Clarendon County",1,80,223,108,115
050,45,027,"South Carolina","Clarendon County",1,81,193,86,107
050,45,027,"South Carolina","Clarendon County",1,82,176,79,97
050,45,027,"South Carolina","Clarendon County",1,83,150,60,90
050,45,027,"South Carolina","Clarendon County",1,84,155,68,87
050,45,027,"South Carolina","Clarendon County",1,85,663,271,392
050,45,027,"South Carolina","Clarendon County",2,0,284,148,136
050,45,027,"South Carolina","Clarendon County",2,1,272,138,134
050,45,027,"South Carolina","Clarendon County",2,2,267,130,137
050,45,027,"South Carolina","Clarendon County",2,3,266,129,137
050,45,027,"South Carolina","Clarendon County",2,4,283,141,142
050,45,027,"South Carolina","Clarendon County",2,5,308,164,144
050,45,027,"South Carolina","Clarendon County",2,6,317,159,158
050,45,027,"South Carolina","Clarendon County",2,7,301,155,146
050,45,027,"South Carolina","Clarendon County",2,8,293,151,142
050,45,027,"South Carolina","Clarendon County",2,9,328,164,164
050,45,027,"South Carolina","Clarendon County",2,10,330,169,161
050,45,027,"South Carolina","Clarendon County",2,11,333,178,155
050,45,027,"South Carolina","Clarendon County",2,12,359,186,173
050,45,027,"South Carolina","Clarendon County",2,13,368,189,179
050,45,027,"South Carolina","Clarendon County",2,14,380,183,197
050,45,027,"South Carolina","Clarendon County",2,15,383,192,191
050,45,027,"South Carolina","Clarendon County",2,16,368,198,170
050,45,027,"South Carolina","Clarendon County",2,17,377,202,175
050,45,027,"South Carolina","Clarendon County",2,18,375,213,162
050,45,027,"South Carolina","Clarendon County",2,19,351,217,134
050,45,027,"South Carolina","Clarendon County",2,20,380,249,131
050,45,027,"South Carolina","Clarendon County",2,21,372,234,138
050,45,027,"South Carolina","Clarendon County",2,22,357,211,146
050,45,027,"South Carolina","Clarendon County",2,23,358,203,155
050,45,027,"South Carolina","Clarendon County",2,24,361,213,148
050,45,027,"South Carolina","Clarendon County",2,25,370,209,161
050,45,027,"South Carolina","Clarendon County",2,26,345,180,165
050,45,027,"South Carolina","Clarendon County",2,27,344,180,164
050,45,027,"South Carolina","Clarendon County",2,28,355,189,166
050,45,027,"South Carolina","Clarendon County",2,29,354,175,179
050,45,027,"South Carolina","Clarendon County",2,30,337,167,170
050,45,027,"South Carolina","Clarendon County",2,31,330,165,165
050,45,027,"South Carolina","Clarendon County",2,32,318,151,167
050,45,027,"South Carolina","Clarendon County",2,33,311,133,178
050,45,027,"South Carolina","Clarendon County",2,34,313,130,183
050,45,027,"South Carolina","Clarendon County",2,35,312,139,173
050,45,027,"South Carolina","Clarendon County",2,36,321,161,160
050,45,027,"South Carolina","Clarendon County",2,37,328,160,168
050,45,027,"South Carolina","Clarendon County",2,38,329,155,174
050,45,027,"South Carolina","Clarendon County",2,39,333,156,177
050,45,027,"South Carolina","Clarendon County",2,40,347,170,177
050,45,027,"South Carolina","Clarendon County",2,41,332,161,171
050,45,027,"South Carolina","Clarendon County",2,42,308,146,162
050,45,027,"South Carolina","Clarendon County",2,43,304,147,157
050,45,027,"South Carolina","Clarendon County",2,44,305,148,157
050,45,027,"South Carolina","Clarendon County",2,45,311,160,151
050,45,027,"South Carolina","Clarendon County",2,46,309,161,148
050,45,027,"South Carolina","Clarendon County",2,47,326,167,159
050,45,027,"South Carolina","Clarendon County",2,48,343,171,172
050,45,027,"South Carolina","Clarendon County",2,49,389,191,198
050,45,027,"South Carolina","Clarendon County",2,50,404,194,210
050,45,027,"South Carolina","Clarendon County",2,51,352,162,190
050,45,027,"South Carolina","Clarendon County",2,52,349,163,186
050,45,027,"South Carolina","Clarendon County",2,53,368,168,200
050,45,027,"South Carolina","Clarendon County",2,54,416,197,219
050,45,027,"South Carolina","Clarendon County",2,55,461,210,251
050,45,027,"South Carolina","Clarendon County",2,56,479,225,254
050,45,027,"South Carolina","Clarendon County",2,57,452,217,235
050,45,027,"South Carolina","Clarendon County",2,58,452,223,229
050,45,027,"South Carolina","Clarendon County",2,59,460,227,233
050,45,027,"South Carolina","Clarendon County",2,60,492,227,265
050,45,027,"South Carolina","Clarendon County",2,61,499,224,275
050,45,027,"South Carolina","Clarendon County",2,62,508,231,277
050,45,027,"South Carolina","Clarendon County",2,63,480,206,274
050,45,027,"South Carolina","Clarendon County",2,64,474,204,270
050,45,027,"South Carolina","Clarendon County",2,65,498,225,273
050,45,027,"South Carolina","Clarendon County",2,66,476,220,256
050,45,027,"South Carolina","Clarendon County",2,67,469,210,259
050,45,027,"South Carolina","Clarendon County",2,68,465,207,258
050,45,027,"South Carolina","Clarendon County",2,69,488,219,269
050,45,027,"South Carolina","Clarendon County",2,70,485,218,267
050,45,027,"South Carolina","Clarendon County",2,71,467,222,245
050,45,027,"South Carolina","Clarendon County",2,72,433,200,233
050,45,027,"South Carolina","Clarendon County",2,73,450,206,244
050,45,027,"South Carolina","Clarendon County",2,74,338,149,189
050,45,027,"South Carolina","Clarendon County",2,75,331,148,183
050,45,027,"South Carolina","Clarendon County",2,76,301,136,165
050,45,027,"South Carolina","Clarendon County",2,77,296,137,159
050,45,027,"South Carolina","Clarendon County",2,78,263,129,134
050,45,027,"South Carolina","Clarendon County",2,79,235,108,127
050,45,027,"South Carolina","Clarendon County",2,80,218,105,113
050,45,027,"South Carolina","Clarendon County",2,81,193,88,105
050,45,027,"South Carolina","Clarendon County",2,82,178,79,99
050,45,027,"South Carolina","Clarendon County",2,83,150,62,88
050,45,027,"South Carolina","Clarendon County",2,84,149,64,85
050,45,027,"South Carolina","Clarendon County",2,85,667,274,393
050,45,027,"South Carolina","Clarendon County",3,0,292,156,136
050,45,027,"South Carolina","Clarendon County",3,1,269,129,140
050,45,027,"South Carolina","Clarendon County",3,2,260,134,126
050,45,027,"South Carolina","Clarendon County",3,3,256,125,131
050,45,027,"South Carolina","Clarendon County",3,4,259,127,132
050,45,027,"South Carolina","Clarendon County",3,5,275,140,135
050,45,027,"South Carolina","Clarendon County",3,6,304,161,143
050,45,027,"South Carolina","Clarendon County",3,7,308,151,157
050,45,027,"South Carolina","Clarendon County",3,8,305,158,147
050,45,027,"South Carolina","Clarendon County",3,9,295,150,145
050,45,027,"South Carolina","Clarendon County",3,10,335,166,169
050,45,027,"South Carolina","Clarendon County",3,11,335,180,155
050,45,027,"South Carolina","Clarendon County",3,12,350,183,167
050,45,027,"South Carolina","Clarendon County",3,13,355,184,171
050,45,027,"South Carolina","Clarendon County",3,14,360,183,177
050,45,027,"South Carolina","Clarendon County",3,15,361,177,184
050,45,027,"South Carolina","Clarendon County",3,16,371,195,176
050,45,027,"South Carolina","Clarendon County",3,17,392,215,177
050,45,027,"South Carolina","Clarendon County",3,18,357,211,146
050,45,027,"South Carolina","Clarendon County",3,19,377,239,138
050,45,027,"South Carolina","Clarendon County",3,20,432,283,149
050,45,027,"South Carolina","Clarendon County",3,21,407,267,140
050,45,027,"South Carolina","Clarendon County",3,22,388,234,154
050,45,027,"South Carolina","Clarendon County",3,23,356,209,147
050,45,027,"South Carolina","Clarendon County",3,24,375,221,154
050,45,027,"South Carolina","Clarendon County",3,25,366,218,148
050,45,027,"South Carolina","Clarendon County",3,26,343,184,159
050,45,027,"South Carolina","Clarendon County",3,27,357,189,168
050,45,027,"South Carolina","Clarendon County",3,28,342,182,160
050,45,027,"South Carolina","Clarendon County",3,29,349,182,167
050,45,027,"South Carolina","Clarendon County",3,30,364,181,183
050,45,027,"South Carolina","Clarendon County",3,31,364,182,182
050,45,027,"South Carolina","Clarendon County",3,32,334,166,168
050,45,027,"South Carolina","Clarendon County",3,33,315,152,163
050,45,027,"South Carolina","Clarendon County",3,34,305,133,172
050,45,027,"South Carolina","Clarendon County",3,35,304,130,174
050,45,027,"South Carolina","Clarendon County",3,36,312,141,171
050,45,027,"South Carolina","Clarendon County",3,37,328,159,169
050,45,027,"South Carolina","Clarendon County",3,38,340,166,174
050,45,027,"South Carolina","Clarendon County",3,39,344,161,183
050,45,027,"South Carolina","Clarendon County",3,40,339,165,174
050,45,027,"South Carolina","Clarendon County",3,41,358,179,179
050,45,027,"South Carolina","Clarendon County",3,42,327,166,161
050,45,027,"South Carolina","Clarendon County",3,43,322,163,159
050,45,027,"South Carolina","Clarendon County",3,44,316,158,158
050,45,027,"South Carolina","Clarendon County",3,45,313,150,163
050,45,027,"South Carolina","Clarendon County",3,46,321,169,152
050,45,027,"South Carolina","Clarendon County",3,47,315,163,152
050,45,027,"South Carolina","Clarendon County",3,48,315,158,157
050,45,027,"South Carolina","Clarendon County",3,49,356,173,183
050,45,027,"South Carolina","Clarendon County",3,50,403,203,200
050,45,027,"South Carolina","Clarendon County",3,51,400,191,209
050,45,027,"South Carolina","Clarendon County",3,52,370,178,192
050,45,027,"South Carolina","Clarendon County",3,53,343,151,192
050,45,027,"South Carolina","Clarendon County",3,54,379,176,203
050,45,027,"South Carolina","Clarendon County",3,55,419,203,216
050,45,027,"South Carolina","Clarendon County",3,56,443,194,249
050,45,027,"South Carolina","Clarendon County",3,57,504,236,268
050,45,027,"South Carolina","Clarendon County",3,58,447,216,231
050,45,027,"South Carolina","Clarendon County",3,59,447,221,226
050,45,027,"South Carolina","Clarendon County",3,60,468,234,234
050,45,027,"South Carolina","Clarendon County",3,61,497,230,267
050,45,027,"South Carolina","Clarendon County",3,62,487,225,262
050,45,027,"South Carolina","Clarendon County",3,63,507,225,282
050,45,027,"South Carolina","Clarendon County",3,64,471,195,276
050,45,027,"South Carolina","Clarendon County",3,65,479,206,273
050,45,027,"South Carolina","Clarendon County",3,66,493,225,268
050,45,027,"South Carolina","Clarendon County",3,67,481,224,257
050,45,027,"South Carolina","Clarendon County",3,68,462,204,258
050,45,027,"South Carolina","Clarendon County",3,69,464,209,255
050,45,027,"South Carolina","Clarendon County",3,70,474,211,263
050,45,027,"South Carolina","Clarendon County",3,71,476,214,262
050,45,027,"South Carolina","Clarendon County",3,72,458,213,245
050,45,027,"South Carolina","Clarendon County",3,73,414,186,228
050,45,027,"South Carolina","Clarendon County",3,74,440,201,239
050,45,027,"South Carolina","Clarendon County",3,75,317,140,177
050,45,027,"South Carolina","Clarendon County",3,76,317,141,176
050,45,027,"South Carolina","Clarendon County",3,77,284,129,155
050,45,027,"South Carolina","Clarendon County",3,78,270,128,142
050,45,027,"South Carolina","Clarendon County",3,79,243,115,128
050,45,027,"South Carolina","Clarendon County",3,80,209,91,118
050,45,027,"South Carolina","Clarendon County",3,81,198,91,107
050,45,027,"South Carolina","Clarendon County",3,82,179,79,100
050,45,027,"South Carolina","Clarendon County",3,83,155,68,87
050,45,027,"South Carolina","Clarendon County",3,84,140,58,82
050,45,027,"South Carolina","Clarendon County",3,85,700,285,415
050,45,027,"South Carolina","Clarendon County",4,0,279,142,137
050,45,027,"South Carolina","Clarendon County",4,1,303,166,137
050,45,027,"South Carolina","Clarendon County",4,2,280,138,142
050,45,027,"South Carolina","Clarendon County",4,3,273,133,140
050,45,027,"South Carolina","Clarendon County",4,4,257,128,129
050,45,027,"South Carolina","Clarendon County",4,5,271,139,132
050,45,027,"South Carolina","Clarendon County",4,6,283,129,154
050,45,027,"South Carolina","Clarendon County",4,7,300,161,139
050,45,027,"South Carolina","Clarendon County",4,8,307,159,148
050,45,027,"South Carolina","Clarendon County",4,9,304,157,147
050,45,027,"South Carolina","Clarendon County",4,10,279,140,139
050,45,027,"South Carolina","Clarendon County",4,11,329,166,163
050,45,027,"South Carolina","Clarendon County",4,12,334,175,159
050,45,027,"South Carolina","Clarendon County",4,13,352,186,166
050,45,027,"South Carolina","Clarendon County",4,14,355,184,171
050,45,027,"South Carolina","Clarendon County",4,15,358,174,184
050,45,027,"South Carolina","Clarendon County",4,16,355,173,182
050,45,027,"South Carolina","Clarendon County",4,17,396,216,180
050,45,027,"South Carolina","Clarendon County",4,18,358,220,138
050,45,027,"South Carolina","Clarendon County",4,19,339,222,117
050,45,027,"South Carolina","Clarendon County",4,20,427,272,155
050,45,027,"South Carolina","Clarendon County",4,21,427,264,163
050,45,027,"South Carolina","Clarendon County",4,22,386,245,141
050,45,027,"South Carolina","Clarendon County",4,23,357,202,155
050,45,027,"South Carolina","Clarendon County",4,24,370,225,145
050,45,027,"South Carolina","Clarendon County",4,25,385,224,161
050,45,027,"South Carolina","Clarendon County",4,26,333,193,140
050,45,027,"South Carolina","Clarendon County",4,27,342,180,162
050,45,027,"South Carolina","Clarendon County",4,28,361,181,180
050,45,027,"South Carolina","Clarendon County",4,29,330,169,161
050,45,027,"South Carolina","Clarendon County",4,30,347,174,173
050,45,027,"South Carolina","Clarendon County",4,31,380,186,194
050,45,027,"South Carolina","Clarendon County",4,32,346,176,170
050,45,027,"South Carolina","Clarendon County",4,33,343,170,173
050,45,027,"South Carolina","Clarendon County",4,34,303,144,159
050,45,027,"South Carolina","Clarendon County",4,35,326,146,180
050,45,027,"South Carolina","Clarendon County",4,36,302,134,168
050,45,027,"South Carolina","Clarendon County",4,37,304,133,171
050,45,027,"South Carolina","Clarendon County",4,38,334,160,174
050,45,027,"South Carolina","Clarendon County",4,39,355,177,178
050,45,027,"South Carolina","Clarendon County",4,40,344,161,183
050,45,027,"South Carolina","Clarendon County",4,41,336,168,168
050,45,027,"South Carolina","Clarendon County",4,42,356,179,177
050,45,027,"South Carolina","Clarendon County",4,43,322,162,160
050,45,027,"South Carolina","Clarendon County",4,44,328,168,160
050,45,027,"South Carolina","Clarendon County",4,45,322,158,164
050,45,027,"South Carolina","Clarendon County",4,46,324,158,166
050,45,027,"South Carolina","Clarendon County",4,47,315,163,152
050,45,027,"South Carolina","Clarendon County",4,48,300,150,150
050,45,027,"South Carolina","Clarendon County",4,49,319,160,159
050,45,027,"South Carolina","Clarendon County",4,50,370,174,196
050,45,027,"South Carolina","Clarendon County",4,51,388,192,196
050,45,027,"South Carolina","Clarendon County",4,52,415,198,217
050,45,027,"South Carolina","Clarendon County",4,53,363,174,189
050,45,027,"South Carolina","Clarendon County",4,54,347,159,188
050,45,027,"South Carolina","Clarendon County",4,55,379,176,203
050,45,027,"South Carolina","Clarendon County",4,56,421,197,224
050,45,027,"South Carolina","Clarendon County",4,57,451,194,257
050,45,027,"South Carolina","Clarendon County",4,58,502,241,261
050,45,027,"South Carolina","Clarendon County",4,59,438,206,232
050,45,027,"South Carolina","Clarendon County",4,60,468,239,229
050,45,027,"South Carolina","Clarendon County",4,61,476,236,240
050,45,027,"South Carolina","Clarendon County",4,62,518,243,275
050,45,027,"South Carolina","Clarendon County",4,63,479,215,264
050,45,027,"South Carolina","Clarendon County",4,64,518,222,296
050,45,027,"South Carolina","Clarendon County",4,65,476,194,282
050,45,027,"South Carolina","Clarendon County",4,66,473,202,271
050,45,027,"South Carolina","Clarendon County",4,67,489,226,263
050,45,027,"South Carolina","Clarendon County",4,68,476,219,257
050,45,027,"South Carolina","Clarendon County",4,69,454,202,252
050,45,027,"South Carolina","Clarendon County",4,70,451,203,248
050,45,027,"South Carolina","Clarendon County",4,71,465,205,260
050,45,027,"South Carolina","Clarendon County",4,72,462,208,254
050,45,027,"South Carolina","Clarendon County",4,73,454,208,246
050,45,027,"South Carolina","Clarendon County",4,74,407,185,222
050,45,027,"South Carolina","Clarendon County",4,75,411,186,225
050,45,027,"South Carolina","Clarendon County",4,76,295,129,166
050,45,027,"South Carolina","Clarendon County",4,77,306,132,174
050,45,027,"South Carolina","Clarendon County",4,78,282,127,155
050,45,027,"South Carolina","Clarendon County",4,79,264,124,140
050,45,027,"South Carolina","Clarendon County",4,80,219,104,115
050,45,027,"South Carolina","Clarendon County",4,81,186,81,105
050,45,027,"South Carolina","Clarendon County",4,82,186,83,103
050,45,027,"South Carolina","Clarendon County",4,83,156,66,90
050,45,027,"South Carolina","Clarendon County",4,84,144,64,80
050,45,027,"South Carolina","Clarendon County",4,85,702,285,417
050,45,027,"South Carolina","Clarendon County",5,0,278,142,136
050,45,027,"South Carolina","Clarendon County",5,1,266,138,128
050,45,027,"South Carolina","Clarendon County",5,2,303,162,141
050,45,027,"South Carolina","Clarendon County",5,3,276,132,144
050,45,027,"South Carolina","Clarendon County",5,4,273,140,133
050,45,027,"South Carolina","Clarendon County",5,5,255,127,128
050,45,027,"South Carolina","Clarendon County",5,6,267,126,141
050,45,027,"South Carolina","Clarendon County",5,7,286,136,150
050,45,027,"South Carolina","Clarendon County",5,8,290,152,138
050,45,027,"South Carolina","Clarendon County",5,9,313,163,150
050,45,027,"South Carolina","Clarendon County",5,10,300,153,147
050,45,027,"South Carolina","Clarendon County",5,11,284,148,136
050,45,027,"South Carolina","Clarendon County",5,12,338,177,161
050,45,027,"South Carolina","Clarendon County",5,13,339,182,157
050,45,027,"South Carolina","Clarendon County",5,14,349,186,163
050,45,027,"South Carolina","Clarendon County",5,15,358,178,180
050,45,027,"South Carolina","Clarendon County",5,16,360,181,179
050,45,027,"South Carolina","Clarendon County",5,17,367,200,167
050,45,027,"South Carolina","Clarendon County",5,18,364,222,142
050,45,027,"South Carolina","Clarendon County",5,19,335,220,115
050,45,027,"South Carolina","Clarendon County",5,20,392,263,129
050,45,027,"South Carolina","Clarendon County",5,21,433,267,166
050,45,027,"South Carolina","Clarendon County",5,22,407,238,169
050,45,027,"South Carolina","Clarendon County",5,23,375,218,157
050,45,027,"South Carolina","Clarendon County",5,24,381,224,157
050,45,027,"South Carolina","Clarendon County",5,25,376,225,151
050,45,027,"South Carolina","Clarendon County",5,26,351,196,155
050,45,027,"South Carolina","Clarendon County",5,27,317,183,134
050,45,027,"South Carolina","Clarendon County",5,28,336,175,161
050,45,027,"South Carolina","Clarendon County",5,29,363,177,186
050,45,027,"South Carolina","Clarendon County",5,30,334,173,161
050,45,027,"South Carolina","Clarendon County",5,31,332,168,164
050,45,027,"South Carolina","Clarendon County",5,32,378,184,194
050,45,027,"South Carolina","Clarendon County",5,33,356,172,184
050,45,027,"South Carolina","Clarendon County",5,34,353,173,180
050,45,027,"South Carolina","Clarendon County",5,35,311,144,167
050,45,027,"South Carolina","Clarendon County",5,36,328,150,178
050,45,027,"South Carolina","Clarendon County",5,37,306,132,174
050,45,027,"South Carolina","Clarendon County",5,38,305,136,169
050,45,027,"South Carolina","Clarendon County",5,39,340,162,178
050,45,027,"South Carolina","Clarendon County",5,40,354,181,173
050,45,027,"South Carolina","Clarendon County",5,41,339,160,179
050,45,027,"South Carolina","Clarendon County",5,42,335,165,170
050,45,027,"South Carolina","Clarendon County",5,43,355,173,182
050,45,027,"South Carolina","Clarendon County",5,44,338,177,161
050,45,027,"South Carolina","Clarendon County",5,45,322,164,158
050,45,027,"South Carolina","Clarendon County",5,46,321,158,163
050,45,027,"South Carolina","Clarendon County",5,47,328,162,166
050,45,027,"South Carolina","Clarendon County",5,48,310,161,149
050,45,027,"South Carolina","Clarendon County",5,49,302,151,151
050,45,027,"South Carolina","Clarendon County",5,50,327,164,163
050,45,027,"South Carolina","Clarendon County",5,51,365,167,198
050,45,027,"South Carolina","Clarendon County",5,52,401,199,202
050,45,027,"South Carolina","Clarendon County",5,53,413,199,214
050,45,027,"South Carolina","Clarendon County",5,54,380,185,195
050,45,027,"South Carolina","Clarendon County",5,55,348,157,191
050,45,027,"South Carolina","Clarendon County",5,56,386,174,212
050,45,027,"South Carolina","Clarendon County",5,57,431,200,231
050,45,027,"South Carolina","Clarendon County",5,58,466,202,264
050,45,027,"South Carolina","Clarendon County",5,59,516,246,270
050,45,027,"South Carolina","Clarendon County",5,60,447,214,233
050,45,027,"South Carolina","Clarendon County",5,61,484,250,234
050,45,027,"South Carolina","Clarendon County",5,62,485,246,239
050,45,027,"South Carolina","Clarendon County",5,63,512,237,275
050,45,027,"South Carolina","Clarendon County",5,64,490,218,272
050,45,027,"South Carolina","Clarendon County",5,65,519,229,290
050,45,027,"South Carolina","Clarendon County",5,66,458,180,278
050,45,027,"South Carolina","Clarendon County",5,67,479,210,269
050,45,027,"South Carolina","Clarendon County",5,68,483,222,261
050,45,027,"South Carolina","Clarendon County",5,69,493,230,263
050,45,027,"South Carolina","Clarendon County",5,70,450,197,253
050,45,027,"South Carolina","Clarendon County",5,71,449,200,249
050,45,027,"South Carolina","Clarendon County",5,72,456,198,258
050,45,027,"South Carolina","Clarendon County",5,73,457,201,256
050,45,027,"South Carolina","Clarendon County",5,74,450,206,244
050,45,027,"South Carolina","Clarendon County",5,75,386,178,208
050,45,027,"South Carolina","Clarendon County",5,76,387,178,209
050,45,027,"South Carolina","Clarendon County",5,77,288,128,160
050,45,027,"South Carolina","Clarendon County",5,78,296,128,168
050,45,027,"South Carolina","Clarendon County",5,79,265,116,149
050,45,027,"South Carolina","Clarendon County",5,80,232,106,126
050,45,027,"South Carolina","Clarendon County",5,81,196,92,104
050,45,027,"South Carolina","Clarendon County",5,82,179,76,103
050,45,027,"South Carolina","Clarendon County",5,83,165,73,92
050,45,027,"South Carolina","Clarendon County",5,84,147,65,82
050,45,027,"South Carolina","Clarendon County",5,85,739,303,436
050,45,029,"South Carolina","Colleton County",1,0,448,229,219
050,45,029,"South Carolina","Colleton County",1,1,455,227,228
050,45,029,"South Carolina","Colleton County",1,2,504,251,253
050,45,029,"South Carolina","Colleton County",1,3,494,231,263
050,45,029,"South Carolina","Colleton County",1,4,530,270,260
050,45,029,"South Carolina","Colleton County",1,5,471,250,221
050,45,029,"South Carolina","Colleton County",1,6,472,230,242
050,45,029,"South Carolina","Colleton County",1,7,479,253,226
050,45,029,"South Carolina","Colleton County",1,8,461,262,199
050,45,029,"South Carolina","Colleton County",1,9,470,237,233
050,45,029,"South Carolina","Colleton County",1,10,469,228,241
050,45,029,"South Carolina","Colleton County",1,11,530,268,262
050,45,029,"South Carolina","Colleton County",1,12,546,273,273
050,45,029,"South Carolina","Colleton County",1,13,548,263,285
050,45,029,"South Carolina","Colleton County",1,14,513,253,260
050,45,029,"South Carolina","Colleton County",1,15,489,239,250
050,45,029,"South Carolina","Colleton County",1,16,470,237,233
050,45,029,"South Carolina","Colleton County",1,17,475,243,232
050,45,029,"South Carolina","Colleton County",1,18,429,210,219
050,45,029,"South Carolina","Colleton County",1,19,371,198,173
050,45,029,"South Carolina","Colleton County",1,20,404,215,189
050,45,029,"South Carolina","Colleton County",1,21,390,195,195
050,45,029,"South Carolina","Colleton County",1,22,403,192,211
050,45,029,"South Carolina","Colleton County",1,23,445,213,232
050,45,029,"South Carolina","Colleton County",1,24,464,239,225
050,45,029,"South Carolina","Colleton County",1,25,437,196,241
050,45,029,"South Carolina","Colleton County",1,26,470,236,234
050,45,029,"South Carolina","Colleton County",1,27,505,243,262
050,45,029,"South Carolina","Colleton County",1,28,466,233,233
050,45,029,"South Carolina","Colleton County",1,29,485,236,249
050,45,029,"South Carolina","Colleton County",1,30,462,229,233
050,45,029,"South Carolina","Colleton County",1,31,448,214,234
050,45,029,"South Carolina","Colleton County",1,32,415,203,212
050,45,029,"South Carolina","Colleton County",1,33,428,195,233
050,45,029,"South Carolina","Colleton County",1,34,425,191,234
050,45,029,"South Carolina","Colleton County",1,35,407,193,214
050,45,029,"South Carolina","Colleton County",1,36,431,191,240
050,45,029,"South Carolina","Colleton County",1,37,412,205,207
050,45,029,"South Carolina","Colleton County",1,38,432,203,229
050,45,029,"South Carolina","Colleton County",1,39,409,188,221
050,45,029,"South Carolina","Colleton County",1,40,426,219,207
050,45,029,"South Carolina","Colleton County",1,41,422,206,216
050,45,029,"South Carolina","Colleton County",1,42,416,202,214
050,45,029,"South Carolina","Colleton County",1,43,408,192,216
050,45,029,"South Carolina","Colleton County",1,44,427,205,222
050,45,029,"South Carolina","Colleton County",1,45,428,212,216
050,45,029,"South Carolina","Colleton County",1,46,406,199,207
050,45,029,"South Carolina","Colleton County",1,47,422,206,216
050,45,029,"South Carolina","Colleton County",1,48,448,209,239
050,45,029,"South Carolina","Colleton County",1,49,480,228,252
050,45,029,"South Carolina","Colleton County",1,50,487,228,259
050,45,029,"South Carolina","Colleton County",1,51,492,223,269
050,45,029,"South Carolina","Colleton County",1,52,474,212,262
050,45,029,"South Carolina","Colleton County",1,53,475,226,249
050,45,029,"South Carolina","Colleton County",1,54,542,257,285
050,45,029,"South Carolina","Colleton County",1,55,592,280,312
050,45,029,"South Carolina","Colleton County",1,56,601,284,317
050,45,029,"South Carolina","Colleton County",1,57,557,271,286
050,45,029,"South Carolina","Colleton County",1,58,597,290,307
050,45,029,"South Carolina","Colleton County",1,59,589,287,302
050,45,029,"South Carolina","Colleton County",1,60,574,277,297
050,45,029,"South Carolina","Colleton County",1,61,551,262,289
050,45,029,"South Carolina","Colleton County",1,62,561,280,281
050,45,029,"South Carolina","Colleton County",1,63,531,265,266
050,45,029,"South Carolina","Colleton County",1,64,528,245,283
050,45,029,"South Carolina","Colleton County",1,65,563,268,295
050,45,029,"South Carolina","Colleton County",1,66,566,256,310
050,45,029,"South Carolina","Colleton County",1,67,539,250,289
050,45,029,"South Carolina","Colleton County",1,68,545,257,288
050,45,029,"South Carolina","Colleton County",1,69,506,234,272
050,45,029,"South Carolina","Colleton County",1,70,481,233,248
050,45,029,"South Carolina","Colleton County",1,71,450,222,228
050,45,029,"South Carolina","Colleton County",1,72,429,208,221
050,45,029,"South Carolina","Colleton County",1,73,434,202,232
050,45,029,"South Carolina","Colleton County",1,74,335,165,170
050,45,029,"South Carolina","Colleton County",1,75,335,167,168
050,45,029,"South Carolina","Colleton County",1,76,301,147,154
050,45,029,"South Carolina","Colleton County",1,77,290,132,158
050,45,029,"South Carolina","Colleton County",1,78,240,109,131
050,45,029,"South Carolina","Colleton County",1,79,236,111,125
050,45,029,"South Carolina","Colleton County",1,80,206,95,111
050,45,029,"South Carolina","Colleton County",1,81,183,80,103
050,45,029,"South Carolina","Colleton County",1,82,169,65,104
050,45,029,"South Carolina","Colleton County",1,83,154,67,87
050,45,029,"South Carolina","Colleton County",1,84,148,64,84
050,45,029,"South Carolina","Colleton County",1,85,696,265,431
050,45,029,"South Carolina","Colleton County",2,0,456,236,220
050,45,029,"South Carolina","Colleton County",2,1,452,228,224
050,45,029,"South Carolina","Colleton County",2,2,489,243,246
050,45,029,"South Carolina","Colleton County",2,3,497,236,261
050,45,029,"South Carolina","Colleton County",2,4,521,263,258
050,45,029,"South Carolina","Colleton County",2,5,486,255,231
050,45,029,"South Carolina","Colleton County",2,6,470,234,236
050,45,029,"South Carolina","Colleton County",2,7,478,249,229
050,45,029,"South Carolina","Colleton County",2,8,465,260,205
050,45,029,"South Carolina","Colleton County",2,9,465,241,224
050,45,029,"South Carolina","Colleton County",2,10,466,228,238
050,45,029,"South Carolina","Colleton County",2,11,511,257,254
050,45,029,"South Carolina","Colleton County",2,12,541,269,272
050,45,029,"South Carolina","Colleton County",2,13,545,264,281
050,45,029,"South Carolina","Colleton County",2,14,522,255,267
050,45,029,"South Carolina","Colleton County",2,15,494,241,253
050,45,029,"South Carolina","Colleton County",2,16,474,237,237
050,45,029,"South Carolina","Colleton County",2,17,470,240,230
050,45,029,"South Carolina","Colleton County",2,18,423,213,210
050,45,029,"South Carolina","Colleton County",2,19,364,190,174
050,45,029,"South Carolina","Colleton County",2,20,407,217,190
050,45,029,"South Carolina","Colleton County",2,21,397,201,196
050,45,029,"South Carolina","Colleton County",2,22,405,195,210
050,45,029,"South Carolina","Colleton County",2,23,443,215,228
050,45,029,"South Carolina","Colleton County",2,24,461,234,227
050,45,029,"South Carolina","Colleton County",2,25,438,202,236
050,45,029,"South Carolina","Colleton County",2,26,467,230,237
050,45,029,"South Carolina","Colleton County",2,27,496,242,254
050,45,029,"South Carolina","Colleton County",2,28,472,233,239
050,45,029,"South Carolina","Colleton County",2,29,476,233,243
050,45,029,"South Carolina","Colleton County",2,30,468,231,237
050,45,029,"South Carolina","Colleton County",2,31,451,217,234
050,45,029,"South Carolina","Colleton County",2,32,419,203,216
050,45,029,"South Carolina","Colleton County",2,33,426,195,231
050,45,029,"South Carolina","Colleton County",2,34,423,192,231
050,45,029,"South Carolina","Colleton County",2,35,414,194,220
050,45,029,"South Carolina","Colleton County",2,36,417,186,231
050,45,029,"South Carolina","Colleton County",2,37,416,202,214
050,45,029,"South Carolina","Colleton County",2,38,431,205,226
050,45,029,"South Carolina","Colleton County",2,39,412,191,221
050,45,029,"South Carolina","Colleton County",2,40,420,210,210
050,45,029,"South Carolina","Colleton County",2,41,419,209,210
050,45,029,"South Carolina","Colleton County",2,42,415,203,212
050,45,029,"South Carolina","Colleton County",2,43,413,196,217
050,45,029,"South Carolina","Colleton County",2,44,418,200,218
050,45,029,"South Carolina","Colleton County",2,45,430,210,220
050,45,029,"South Carolina","Colleton County",2,46,408,202,206
050,45,029,"South Carolina","Colleton County",2,47,416,205,211
050,45,029,"South Carolina","Colleton County",2,48,440,207,233
050,45,029,"South Carolina","Colleton County",2,49,476,228,248
050,45,029,"South Carolina","Colleton County",2,50,488,229,259
050,45,029,"South Carolina","Colleton County",2,51,486,221,265
050,45,029,"South Carolina","Colleton County",2,52,481,215,266
050,45,029,"South Carolina","Colleton County",2,53,472,220,252
050,45,029,"South Carolina","Colleton County",2,54,523,249,274
050,45,029,"South Carolina","Colleton County",2,55,579,272,307
050,45,029,"South Carolina","Colleton County",2,56,602,283,319
050,45,029,"South Carolina","Colleton County",2,57,567,274,293
050,45,029,"South Carolina","Colleton County",2,58,591,286,305
050,45,029,"South Carolina","Colleton County",2,59,594,288,306
050,45,029,"South Carolina","Colleton County",2,60,577,279,298
050,45,029,"South Carolina","Colleton County",2,61,554,261,293
050,45,029,"South Carolina","Colleton County",2,62,555,273,282
050,45,029,"South Carolina","Colleton County",2,63,536,268,268
050,45,029,"South Carolina","Colleton County",2,64,527,249,278
050,45,029,"South Carolina","Colleton County",2,65,551,261,290
050,45,029,"South Carolina","Colleton County",2,66,567,258,309
050,45,029,"South Carolina","Colleton County",2,67,537,246,291
050,45,029,"South Carolina","Colleton County",2,68,536,251,285
050,45,029,"South Carolina","Colleton County",2,69,518,244,274
050,45,029,"South Carolina","Colleton County",2,70,476,224,252
050,45,029,"South Carolina","Colleton County",2,71,454,221,233
050,45,029,"South Carolina","Colleton County",2,72,422,206,216
050,45,029,"South Carolina","Colleton County",2,73,449,211,238
050,45,029,"South Carolina","Colleton County",2,74,341,166,175
050,45,029,"South Carolina","Colleton County",2,75,332,164,168
050,45,029,"South Carolina","Colleton County",2,76,302,146,156
050,45,029,"South Carolina","Colleton County",2,77,300,139,161
050,45,029,"South Carolina","Colleton County",2,78,244,111,133
050,45,029,"South Carolina","Colleton County",2,79,235,112,123
050,45,029,"South Carolina","Colleton County",2,80,210,97,113
050,45,029,"South Carolina","Colleton County",2,81,184,80,104
050,45,029,"South Carolina","Colleton County",2,82,166,64,102
050,45,029,"South Carolina","Colleton County",2,83,154,66,88
050,45,029,"South Carolina","Colleton County",2,84,146,62,84
050,45,029,"South Carolina","Colleton County",2,85,698,267,431
050,45,029,"South Carolina","Colleton County",3,0,429,222,207
050,45,029,"South Carolina","Colleton County",3,1,449,239,210
050,45,029,"South Carolina","Colleton County",3,2,463,231,232
050,45,029,"South Carolina","Colleton County",3,3,496,245,251
050,45,029,"South Carolina","Colleton County",3,4,495,232,263
050,45,029,"South Carolina","Colleton County",3,5,515,252,263
050,45,029,"South Carolina","Colleton County",3,6,489,256,233
050,45,029,"South Carolina","Colleton County",3,7,469,231,238
050,45,029,"South Carolina","Colleton County",3,8,486,257,229
050,45,029,"South Carolina","Colleton County",3,9,438,239,199
050,45,029,"South Carolina","Colleton County",3,10,471,247,224
050,45,029,"South Carolina","Colleton County",3,11,465,227,238
050,45,029,"South Carolina","Colleton County",3,12,507,253,254
050,45,029,"South Carolina","Colleton County",3,13,532,264,268
050,45,029,"South Carolina","Colleton County",3,14,540,264,276
050,45,029,"South Carolina","Colleton County",3,15,535,260,275
050,45,029,"South Carolina","Colleton County",3,16,487,236,251
050,45,029,"South Carolina","Colleton County",3,17,470,233,237
050,45,029,"South Carolina","Colleton County",3,18,414,215,199
050,45,029,"South Carolina","Colleton County",3,19,355,179,176
050,45,029,"South Carolina","Colleton County",3,20,398,206,192
050,45,029,"South Carolina","Colleton County",3,21,414,224,190
050,45,029,"South Carolina","Colleton County",3,22,418,215,203
050,45,029,"South Carolina","Colleton County",3,23,415,197,218
050,45,029,"South Carolina","Colleton County",3,24,473,231,242
050,45,029,"South Carolina","Colleton County",3,25,457,230,227
050,45,029,"South Carolina","Colleton County",3,26,421,203,218
050,45,029,"South Carolina","Colleton County",3,27,483,242,241
050,45,029,"South Carolina","Colleton County",3,28,483,238,245
050,45,029,"South Carolina","Colleton County",3,29,476,234,242
050,45,029,"South Carolina","Colleton County",3,30,473,227,246
050,45,029,"South Carolina","Colleton County",3,31,469,233,236
050,45,029,"South Carolina","Colleton County",3,32,442,210,232
050,45,029,"South Carolina","Colleton County",3,33,418,202,216
050,45,029,"South Carolina","Colleton County",3,34,420,194,226
050,45,029,"South Carolina","Colleton County",3,35,427,194,233
050,45,029,"South Carolina","Colleton County",3,36,411,191,220
050,45,029,"South Carolina","Colleton County",3,37,416,189,227
050,45,029,"South Carolina","Colleton County",3,38,422,199,223
050,45,029,"South Carolina","Colleton County",3,39,424,202,222
050,45,029,"South Carolina","Colleton County",3,40,416,195,221
050,45,029,"South Carolina","Colleton County",3,41,416,211,205
050,45,029,"South Carolina","Colleton County",3,42,421,202,219
050,45,029,"South Carolina","Colleton County",3,43,420,196,224
050,45,029,"South Carolina","Colleton County",3,44,415,195,220
050,45,029,"South Carolina","Colleton County",3,45,420,203,217
050,45,029,"South Carolina","Colleton County",3,46,434,212,222
050,45,029,"South Carolina","Colleton County",3,47,419,203,216
050,45,029,"South Carolina","Colleton County",3,48,415,203,212
050,45,029,"South Carolina","Colleton County",3,49,439,204,235
050,45,029,"South Carolina","Colleton County",3,50,487,231,256
050,45,029,"South Carolina","Colleton County",3,51,496,233,263
050,45,029,"South Carolina","Colleton County",3,52,492,222,270
050,45,029,"South Carolina","Colleton County",3,53,479,217,262
050,45,029,"South Carolina","Colleton County",3,54,471,216,255
050,45,029,"South Carolina","Colleton County",3,55,524,254,270
050,45,029,"South Carolina","Colleton County",3,56,583,276,307
050,45,029,"South Carolina","Colleton County",3,57,612,288,324
050,45,029,"South Carolina","Colleton County",3,58,577,276,301
050,45,029,"South Carolina","Colleton County",3,59,578,281,297
050,45,029,"South Carolina","Colleton County",3,60,601,292,309
050,45,029,"South Carolina","Colleton County",3,61,577,282,295
050,45,029,"South Carolina","Colleton County",3,62,544,256,288
050,45,029,"South Carolina","Colleton County",3,63,556,275,281
050,45,029,"South Carolina","Colleton County",3,64,540,273,267
050,45,029,"South Carolina","Colleton County",3,65,527,242,285
050,45,029,"South Carolina","Colleton County",3,66,538,253,285
050,45,029,"South Carolina","Colleton County",3,67,534,243,291
050,45,029,"South Carolina","Colleton County",3,68,521,237,284
050,45,029,"South Carolina","Colleton County",3,69,529,246,283
050,45,029,"South Carolina","Colleton County",3,70,487,223,264
050,45,029,"South Carolina","Colleton County",3,71,465,225,240
050,45,029,"South Carolina","Colleton County",3,72,437,212,225
050,45,029,"South Carolina","Colleton County",3,73,396,189,207
050,45,029,"South Carolina","Colleton County",3,74,432,204,228
050,45,029,"South Carolina","Colleton County",3,75,306,152,154
050,45,029,"South Carolina","Colleton County",3,76,319,156,163
050,45,029,"South Carolina","Colleton County",3,77,290,138,152
050,45,029,"South Carolina","Colleton County",3,78,281,121,160
050,45,029,"South Carolina","Colleton County",3,79,229,111,118
050,45,029,"South Carolina","Colleton County",3,80,219,99,120
050,45,029,"South Carolina","Colleton County",3,81,187,82,105
050,45,029,"South Carolina","Colleton County",3,82,159,65,94
050,45,029,"South Carolina","Colleton County",3,83,158,70,88
050,45,029,"South Carolina","Colleton County",3,84,130,52,78
050,45,029,"South Carolina","Colleton County",3,85,718,276,442
050,45,029,"South Carolina","Colleton County",4,0,454,227,227
050,45,029,"South Carolina","Colleton County",4,1,446,221,225
050,45,029,"South Carolina","Colleton County",4,2,458,245,213
050,45,029,"South Carolina","Colleton County",4,3,471,227,244
050,45,029,"South Carolina","Colleton County",4,4,491,242,249
050,45,029,"South Carolina","Colleton County",4,5,500,239,261
050,45,029,"South Carolina","Colleton County",4,6,511,258,253
050,45,029,"South Carolina","Colleton County",4,7,474,241,233
050,45,029,"South Carolina","Colleton County",4,8,463,223,240
050,45,029,"South Carolina","Colleton County",4,9,480,250,230
050,45,029,"South Carolina","Colleton County",4,10,463,255,208
050,45,029,"South Carolina","Colleton County",4,11,475,252,223
050,45,029,"South Carolina","Colleton County",4,12,476,232,244
050,45,029,"South Carolina","Colleton County",4,13,506,253,253
050,45,029,"South Carolina","Colleton County",4,14,554,277,277
050,45,029,"South Carolina","Colleton County",4,15,545,279,266
050,45,029,"South Carolina","Colleton County",4,16,521,262,259
050,45,029,"South Carolina","Colleton County",4,17,504,250,254
050,45,029,"South Carolina","Colleton County",4,18,394,208,186
050,45,029,"South Carolina","Colleton County",4,19,344,181,163
050,45,029,"South Carolina","Colleton County",4,20,379,195,184
050,45,029,"South Carolina","Colleton County",4,21,407,209,198
050,45,029,"South Carolina","Colleton County",4,22,448,239,209
050,45,029,"South Carolina","Colleton County",4,23,429,223,206
050,45,029,"South Carolina","Colleton County",4,24,412,201,211
050,45,029,"South Carolina","Colleton County",4,25,479,231,248
050,45,029,"South Carolina","Colleton County",4,26,451,227,224
050,45,029,"South Carolina","Colleton County",4,27,444,213,231
050,45,029,"South Carolina","Colleton County",4,28,470,234,236
050,45,029,"South Carolina","Colleton County",4,29,470,235,235
050,45,029,"South Carolina","Colleton County",4,30,487,243,244
050,45,029,"South Carolina","Colleton County",4,31,481,235,246
050,45,029,"South Carolina","Colleton County",4,32,449,227,222
050,45,029,"South Carolina","Colleton County",4,33,455,221,234
050,45,029,"South Carolina","Colleton County",4,34,420,203,217
050,45,029,"South Carolina","Colleton County",4,35,437,204,233
050,45,029,"South Carolina","Colleton County",4,36,429,195,234
050,45,029,"South Carolina","Colleton County",4,37,409,190,219
050,45,029,"South Carolina","Colleton County",4,38,436,200,236
050,45,029,"South Carolina","Colleton County",4,39,423,194,229
050,45,029,"South Carolina","Colleton County",4,40,420,205,215
050,45,029,"South Carolina","Colleton County",4,41,424,197,227
050,45,029,"South Carolina","Colleton County",4,42,422,209,213
050,45,029,"South Carolina","Colleton County",4,43,426,201,225
050,45,029,"South Carolina","Colleton County",4,44,412,192,220
050,45,029,"South Carolina","Colleton County",4,45,416,194,222
050,45,029,"South Carolina","Colleton County",4,46,422,211,211
050,45,029,"South Carolina","Colleton County",4,47,437,211,226
050,45,029,"South Carolina","Colleton County",4,48,410,198,212
050,45,029,"South Carolina","Colleton County",4,49,431,207,224
050,45,029,"South Carolina","Colleton County",4,50,448,204,244
050,45,029,"South Carolina","Colleton County",4,51,501,239,262
050,45,029,"South Carolina","Colleton County",4,52,497,240,257
050,45,029,"South Carolina","Colleton County",4,53,504,230,274
050,45,029,"South Carolina","Colleton County",4,54,477,216,261
050,45,029,"South Carolina","Colleton County",4,55,474,212,262
050,45,029,"South Carolina","Colleton County",4,56,525,254,271
050,45,029,"South Carolina","Colleton County",4,57,581,277,304
050,45,029,"South Carolina","Colleton County",4,58,627,292,335
050,45,029,"South Carolina","Colleton County",4,59,577,277,300
050,45,029,"South Carolina","Colleton County",4,60,580,276,304
050,45,029,"South Carolina","Colleton County",4,61,607,295,312
050,45,029,"South Carolina","Colleton County",4,62,572,271,301
050,45,029,"South Carolina","Colleton County",4,63,541,253,288
050,45,029,"South Carolina","Colleton County",4,64,573,291,282
050,45,029,"South Carolina","Colleton County",4,65,535,267,268
050,45,029,"South Carolina","Colleton County",4,66,540,245,295
050,45,029,"South Carolina","Colleton County",4,67,515,243,272
050,45,029,"South Carolina","Colleton County",4,68,526,237,289
050,45,029,"South Carolina","Colleton County",4,69,509,237,272
050,45,029,"South Carolina","Colleton County",4,70,509,228,281
050,45,029,"South Carolina","Colleton County",4,71,474,219,255
050,45,029,"South Carolina","Colleton County",4,72,442,210,232
050,45,029,"South Carolina","Colleton County",4,73,411,194,217
050,45,029,"South Carolina","Colleton County",4,74,382,190,192
050,45,029,"South Carolina","Colleton County",4,75,399,186,213
050,45,029,"South Carolina","Colleton County",4,76,287,140,147
050,45,029,"South Carolina","Colleton County",4,77,311,147,164
050,45,029,"South Carolina","Colleton County",4,78,267,125,142
050,45,029,"South Carolina","Colleton County",4,79,256,121,135
050,45,029,"South Carolina","Colleton County",4,80,204,94,110
050,45,029,"South Carolina","Colleton County",4,81,195,85,110
050,45,029,"South Carolina","Colleton County",4,82,164,70,94
050,45,029,"South Carolina","Colleton County",4,83,152,70,82
050,45,029,"South Carolina","Colleton County",4,84,142,60,82
050,45,029,"South Carolina","Colleton County",4,85,711,270,441
050,45,029,"South Carolina","Colleton County",5,0,451,224,227
050,45,029,"South Carolina","Colleton County",5,1,456,229,227
050,45,029,"South Carolina","Colleton County",5,2,456,224,232
050,45,029,"South Carolina","Colleton County",5,3,477,250,227
050,45,029,"South Carolina","Colleton County",5,4,490,228,262
050,45,029,"South Carolina","Colleton County",5,5,492,238,254
050,45,029,"South Carolina","Colleton County",5,6,521,240,281
050,45,029,"South Carolina","Colleton County",5,7,504,263,241
050,45,029,"South Carolina","Colleton County",5,8,490,247,243
050,45,029,"South Carolina","Colleton County",5,9,470,229,241
050,45,029,"South Carolina","Colleton County",5,10,475,256,219
050,45,029,"South Carolina","Colleton County",5,11,472,265,207
050,45,029,"South Carolina","Colleton County",5,12,486,258,228
050,45,029,"South Carolina","Colleton County",5,13,481,221,260
050,45,029,"South Carolina","Colleton County",5,14,508,249,259
050,45,029,"South Carolina","Colleton County",5,15,563,285,278
050,45,029,"South Carolina","Colleton County",5,16,552,287,265
050,45,029,"South Carolina","Colleton County",5,17,532,267,265
050,45,029,"South Carolina","Colleton County",5,18,433,227,206
050,45,029,"South Carolina","Colleton County",5,19,337,171,166
050,45,029,"South Carolina","Colleton County",5,20,385,200,185
050,45,029,"South Carolina","Colleton County",5,21,401,199,202
050,45,029,"South Carolina","Colleton County",5,22,433,228,205
050,45,029,"South Carolina","Colleton County",5,23,469,242,227
050,45,029,"South Carolina","Colleton County",5,24,445,239,206
050,45,029,"South Carolina","Colleton County",5,25,427,204,223
050,45,029,"South Carolina","Colleton County",5,26,477,222,255
050,45,029,"South Carolina","Colleton County",5,27,449,229,220
050,45,029,"South Carolina","Colleton County",5,28,431,200,231
050,45,029,"South Carolina","Colleton County",5,29,465,233,232
050,45,029,"South Carolina","Colleton County",5,30,487,246,241
050,45,029,"South Carolina","Colleton County",5,31,507,253,254
050,45,029,"South Carolina","Colleton County",5,32,476,230,246
050,45,029,"South Carolina","Colleton County",5,33,487,248,239
050,45,029,"South Carolina","Colleton County",5,34,453,218,235
050,45,029,"South Carolina","Colleton County",5,35,424,214,210
050,45,029,"South Carolina","Colleton County",5,36,446,206,240
050,45,029,"South Carolina","Colleton County",5,37,440,200,240
050,45,029,"South Carolina","Colleton County",5,38,425,199,226
050,45,029,"South Carolina","Colleton County",5,39,426,196,230
050,45,029,"South Carolina","Colleton County",5,40,410,187,223
050,45,029,"South Carolina","Colleton County",5,41,427,198,229
050,45,029,"South Carolina","Colleton County",5,42,424,194,230
050,45,029,"South Carolina","Colleton County",5,43,433,210,223
050,45,029,"South Carolina","Colleton County",5,44,432,204,228
050,45,029,"South Carolina","Colleton County",5,45,402,184,218
050,45,029,"South Carolina","Colleton County",5,46,416,197,219
050,45,029,"South Carolina","Colleton County",5,47,407,199,208
050,45,029,"South Carolina","Colleton County",5,48,441,221,220
050,45,029,"South Carolina","Colleton County",5,49,419,198,221
050,45,029,"South Carolina","Colleton County",5,50,438,210,228
050,45,029,"South Carolina","Colleton County",5,51,458,210,248
050,45,029,"South Carolina","Colleton County",5,52,499,242,257
050,45,029,"South Carolina","Colleton County",5,53,504,246,258
050,45,029,"South Carolina","Colleton County",5,54,507,229,278
050,45,029,"South Carolina","Colleton County",5,55,484,216,268
050,45,029,"South Carolina","Colleton County",5,56,484,218,266
050,45,029,"South Carolina","Colleton County",5,57,535,259,276
050,45,029,"South Carolina","Colleton County",5,58,587,284,303
050,45,029,"South Carolina","Colleton County",5,59,618,289,329
050,45,029,"South Carolina","Colleton County",5,60,585,278,307
050,45,029,"South Carolina","Colleton County",5,61,584,270,314
050,45,029,"South Carolina","Colleton County",5,62,604,296,308
050,45,029,"South Carolina","Colleton County",5,63,570,273,297
050,45,029,"South Carolina","Colleton County",5,64,535,253,282
050,45,029,"South Carolina","Colleton County",5,65,565,288,277
050,45,029,"South Carolina","Colleton County",5,66,538,265,273
050,45,029,"South Carolina","Colleton County",5,67,527,244,283
050,45,029,"South Carolina","Colleton County",5,68,504,232,272
050,45,029,"South Carolina","Colleton County",5,69,522,243,279
050,45,029,"South Carolina","Colleton County",5,70,482,218,264
050,45,029,"South Carolina","Colleton County",5,71,499,227,272
050,45,029,"South Carolina","Colleton County",5,72,458,204,254
050,45,029,"South Carolina","Colleton County",5,73,423,199,224
050,45,029,"South Carolina","Colleton County",5,74,398,194,204
050,45,029,"South Carolina","Colleton County",5,75,346,173,173
050,45,029,"South Carolina","Colleton County",5,76,380,174,206
050,45,029,"South Carolina","Colleton County",5,77,279,129,150
050,45,029,"South Carolina","Colleton County",5,78,287,131,156
050,45,029,"South Carolina","Colleton County",5,79,254,129,125
050,45,029,"South Carolina","Colleton County",5,80,227,106,121
050,45,029,"South Carolina","Colleton County",5,81,185,79,106
050,45,029,"South Carolina","Colleton County",5,82,172,71,101
050,45,029,"South Carolina","Colleton County",5,83,154,75,79
050,45,029,"South Carolina","Colleton County",5,84,138,60,78
050,45,029,"South Carolina","Colleton County",5,85,734,278,456
050,45,031,"South Carolina","Darlington County",1,0,703,361,342
050,45,031,"South Carolina","Darlington County",1,1,727,371,356
050,45,031,"South Carolina","Darlington County",1,2,705,367,338
050,45,031,"South Carolina","Darlington County",1,3,709,374,335
050,45,031,"South Carolina","Darlington County",1,4,788,389,399
050,45,031,"South Carolina","Darlington County",1,5,756,403,353
050,45,031,"South Carolina","Darlington County",1,6,755,387,368
050,45,031,"South Carolina","Darlington County",1,7,760,373,387
050,45,031,"South Carolina","Darlington County",1,8,710,363,347
050,45,031,"South Carolina","Darlington County",1,9,760,401,359
050,45,031,"South Carolina","Darlington County",1,10,797,424,373
050,45,031,"South Carolina","Darlington County",1,11,816,422,394
050,45,031,"South Carolina","Darlington County",1,12,858,437,421
050,45,031,"South Carolina","Darlington County",1,13,856,440,416
050,45,031,"South Carolina","Darlington County",1,14,849,433,416
050,45,031,"South Carolina","Darlington County",1,15,837,414,423
050,45,031,"South Carolina","Darlington County",1,16,819,409,410
050,45,031,"South Carolina","Darlington County",1,17,852,421,431
050,45,031,"South Carolina","Darlington County",1,18,809,395,414
050,45,031,"South Carolina","Darlington County",1,19,798,385,413
050,45,031,"South Carolina","Darlington County",1,20,797,374,423
050,45,031,"South Carolina","Darlington County",1,21,789,392,397
050,45,031,"South Carolina","Darlington County",1,22,763,359,404
050,45,031,"South Carolina","Darlington County",1,23,711,343,368
050,45,031,"South Carolina","Darlington County",1,24,748,369,379
050,45,031,"South Carolina","Darlington County",1,25,778,372,406
050,45,031,"South Carolina","Darlington County",1,26,799,380,419
050,45,031,"South Carolina","Darlington County",1,27,823,393,430
050,45,031,"South Carolina","Darlington County",1,28,853,419,434
050,45,031,"South Carolina","Darlington County",1,29,795,388,407
050,45,031,"South Carolina","Darlington County",1,30,808,381,427
050,45,031,"South Carolina","Darlington County",1,31,751,367,384
050,45,031,"South Carolina","Darlington County",1,32,690,335,355
050,45,031,"South Carolina","Darlington County",1,33,650,308,342
050,45,031,"South Carolina","Darlington County",1,34,655,307,348
050,45,031,"South Carolina","Darlington County",1,35,646,305,341
050,45,031,"South Carolina","Darlington County",1,36,640,291,349
050,45,031,"South Carolina","Darlington County",1,37,675,311,364
050,45,031,"South Carolina","Darlington County",1,38,698,332,366
050,45,031,"South Carolina","Darlington County",1,39,684,317,367
050,45,031,"South Carolina","Darlington County",1,40,715,327,388
050,45,031,"South Carolina","Darlington County",1,41,725,357,368
050,45,031,"South Carolina","Darlington County",1,42,699,330,369
050,45,031,"South Carolina","Darlington County",1,43,724,330,394
050,45,031,"South Carolina","Darlington County",1,44,733,338,395
050,45,031,"South Carolina","Darlington County",1,45,783,354,429
050,45,031,"South Carolina","Darlington County",1,46,791,364,427
050,45,031,"South Carolina","Darlington County",1,47,797,381,416
050,45,031,"South Carolina","Darlington County",1,48,836,394,442
050,45,031,"South Carolina","Darlington County",1,49,832,384,448
050,45,031,"South Carolina","Darlington County",1,50,769,361,408
050,45,031,"South Carolina","Darlington County",1,51,786,378,408
050,45,031,"South Carolina","Darlington County",1,52,796,405,391
050,45,031,"South Carolina","Darlington County",1,53,802,382,420
050,45,031,"South Carolina","Darlington County",1,54,801,367,434
050,45,031,"South Carolina","Darlington County",1,55,876,425,451
050,45,031,"South Carolina","Darlington County",1,56,908,437,471
050,45,031,"South Carolina","Darlington County",1,57,928,446,482
050,45,031,"South Carolina","Darlington County",1,58,931,437,494
050,45,031,"South Carolina","Darlington County",1,59,852,394,458
050,45,031,"South Carolina","Darlington County",1,60,840,387,453
050,45,031,"South Carolina","Darlington County",1,61,828,379,449
050,45,031,"South Carolina","Darlington County",1,62,904,418,486
050,45,031,"South Carolina","Darlington County",1,63,890,410,480
050,45,031,"South Carolina","Darlington County",1,64,916,405,511
050,45,031,"South Carolina","Darlington County",1,65,913,418,495
050,45,031,"South Carolina","Darlington County",1,66,857,394,463
050,45,031,"South Carolina","Darlington County",1,67,771,339,432
050,45,031,"South Carolina","Darlington County",1,68,789,352,437
050,45,031,"South Carolina","Darlington County",1,69,770,369,401
050,45,031,"South Carolina","Darlington County",1,70,719,330,389
050,45,031,"South Carolina","Darlington County",1,71,705,324,381
050,45,031,"South Carolina","Darlington County",1,72,716,340,376
050,45,031,"South Carolina","Darlington County",1,73,739,356,383
050,45,031,"South Carolina","Darlington County",1,74,519,234,285
050,45,031,"South Carolina","Darlington County",1,75,502,210,292
050,45,031,"South Carolina","Darlington County",1,76,469,203,266
050,45,031,"South Carolina","Darlington County",1,77,462,205,257
050,45,031,"South Carolina","Darlington County",1,78,415,176,239
050,45,031,"South Carolina","Darlington County",1,79,374,167,207
050,45,031,"South Carolina","Darlington County",1,80,300,129,171
050,45,031,"South Carolina","Darlington County",1,81,279,115,164
050,45,031,"South Carolina","Darlington County",1,82,256,108,148
050,45,031,"South Carolina","Darlington County",1,83,233,93,140
050,45,031,"South Carolina","Darlington County",1,84,213,87,126
050,45,031,"South Carolina","Darlington County",1,85,1025,330,695
050,45,031,"South Carolina","Darlington County",2,0,708,360,348
050,45,031,"South Carolina","Darlington County",2,1,724,370,354
050,45,031,"South Carolina","Darlington County",2,2,712,367,345
050,45,031,"South Carolina","Darlington County",2,3,705,367,338
050,45,031,"South Carolina","Darlington County",2,4,765,383,382
050,45,031,"South Carolina","Darlington County",2,5,764,401,363
050,45,031,"South Carolina","Darlington County",2,6,755,389,366
050,45,031,"South Carolina","Darlington County",2,7,756,375,381
050,45,031,"South Carolina","Darlington County",2,8,720,366,354
050,45,031,"South Carolina","Darlington County",2,9,749,394,355
050,45,031,"South Carolina","Darlington County",2,10,785,416,369
050,45,031,"South Carolina","Darlington County",2,11,808,421,387
050,45,031,"South Carolina","Darlington County",2,12,852,435,417
050,45,031,"South Carolina","Darlington County",2,13,852,438,414
050,45,031,"South Carolina","Darlington County",2,14,844,430,414
050,45,031,"South Carolina","Darlington County",2,15,839,419,420
050,45,031,"South Carolina","Darlington County",2,16,823,411,412
050,45,031,"South Carolina","Darlington County",2,17,846,420,426
050,45,031,"South Carolina","Darlington County",2,18,807,395,412
050,45,031,"South Carolina","Darlington County",2,19,796,380,416
050,45,031,"South Carolina","Darlington County",2,20,807,383,424
050,45,031,"South Carolina","Darlington County",2,21,791,390,401
050,45,031,"South Carolina","Darlington County",2,22,772,369,403
050,45,031,"South Carolina","Darlington County",2,23,722,346,376
050,45,031,"South Carolina","Darlington County",2,24,741,360,381
050,45,031,"South Carolina","Darlington County",2,25,773,371,402
050,45,031,"South Carolina","Darlington County",2,26,802,383,419
050,45,031,"South Carolina","Darlington County",2,27,819,392,427
050,45,031,"South Carolina","Darlington County",2,28,843,412,431
050,45,031,"South Carolina","Darlington County",2,29,808,394,414
050,45,031,"South Carolina","Darlington County",2,30,810,388,422
050,45,031,"South Carolina","Darlington County",2,31,768,374,394
050,45,031,"South Carolina","Darlington County",2,32,704,344,360
050,45,031,"South Carolina","Darlington County",2,33,659,315,344
050,45,031,"South Carolina","Darlington County",2,34,651,305,346
050,45,031,"South Carolina","Darlington County",2,35,654,308,346
050,45,031,"South Carolina","Darlington County",2,36,634,292,342
050,45,031,"South Carolina","Darlington County",2,37,666,305,361
050,45,031,"South Carolina","Darlington County",2,38,696,329,367
050,45,031,"South Carolina","Darlington County",2,39,683,318,365
050,45,031,"South Carolina","Darlington County",2,40,710,328,382
050,45,031,"South Carolina","Darlington County",2,41,720,349,371
050,45,031,"South Carolina","Darlington County",2,42,703,334,369
050,45,031,"South Carolina","Darlington County",2,43,722,332,390
050,45,031,"South Carolina","Darlington County",2,44,721,331,390
050,45,031,"South Carolina","Darlington County",2,45,777,354,423
050,45,031,"South Carolina","Darlington County",2,46,781,358,423
050,45,031,"South Carolina","Darlington County",2,47,789,374,415
050,45,031,"South Carolina","Darlington County",2,48,826,391,435
050,45,031,"South Carolina","Darlington County",2,49,829,384,445
050,45,031,"South Carolina","Darlington County",2,50,786,368,418
050,45,031,"South Carolina","Darlington County",2,51,778,372,406
050,45,031,"South Carolina","Darlington County",2,52,796,398,398
050,45,031,"South Carolina","Darlington County",2,53,796,385,411
050,45,031,"South Carolina","Darlington County",2,54,798,370,428
050,45,031,"South Carolina","Darlington County",2,55,852,411,441
050,45,031,"South Carolina","Darlington County",2,56,899,434,465
050,45,031,"South Carolina","Darlington County",2,57,922,444,478
050,45,031,"South Carolina","Darlington County",2,58,931,438,493
050,45,031,"South Carolina","Darlington County",2,59,870,402,468
050,45,031,"South Carolina","Darlington County",2,60,842,387,455
050,45,031,"South Carolina","Darlington County",2,61,829,380,449
050,45,031,"South Carolina","Darlington County",2,62,881,405,476
050,45,031,"South Carolina","Darlington County",2,63,898,412,486
050,45,031,"South Carolina","Darlington County",2,64,893,399,494
050,45,031,"South Carolina","Darlington County",2,65,904,410,494
050,45,031,"South Carolina","Darlington County",2,66,871,401,470
050,45,031,"South Carolina","Darlington County",2,67,786,348,438
050,45,031,"South Carolina","Darlington County",2,68,776,346,430
050,45,031,"South Carolina","Darlington County",2,69,778,367,411
050,45,031,"South Carolina","Darlington County",2,70,731,340,391
050,45,031,"South Carolina","Darlington County",2,71,699,318,381
050,45,031,"South Carolina","Darlington County",2,72,697,327,370
050,45,031,"South Carolina","Darlington County",2,73,755,362,393
050,45,031,"South Carolina","Darlington County",2,74,535,244,291
050,45,031,"South Carolina","Darlington County",2,75,507,215,292
050,45,031,"South Carolina","Darlington County",2,76,467,199,268
050,45,031,"South Carolina","Darlington County",2,77,469,203,266
050,45,031,"South Carolina","Darlington County",2,78,417,178,239
050,45,031,"South Carolina","Darlington County",2,79,375,165,210
050,45,031,"South Carolina","Darlington County",2,80,318,136,182
050,45,031,"South Carolina","Darlington County",2,81,279,117,162
050,45,031,"South Carolina","Darlington County",2,82,257,106,151
050,45,031,"South Carolina","Darlington County",2,83,231,94,137
050,45,031,"South Carolina","Darlington County",2,84,209,84,125
050,45,031,"South Carolina","Darlington County",2,85,1025,337,688
050,45,031,"South Carolina","Darlington County",3,0,749,377,372
050,45,031,"South Carolina","Darlington County",3,1,721,368,353
050,45,031,"South Carolina","Darlington County",3,2,735,371,364
050,45,031,"South Carolina","Darlington County",3,3,707,362,345
050,45,031,"South Carolina","Darlington County",3,4,711,376,335
050,45,031,"South Carolina","Darlington County",3,5,765,387,378
050,45,031,"South Carolina","Darlington County",3,6,777,403,374
050,45,031,"South Carolina","Darlington County",3,7,772,413,359
050,45,031,"South Carolina","Darlington County",3,8,781,391,390
050,45,031,"South Carolina","Darlington County",3,9,720,372,348
050,45,031,"South Carolina","Darlington County",3,10,763,402,361
050,45,031,"South Carolina","Darlington County",3,11,770,406,364
050,45,031,"South Carolina","Darlington County",3,12,816,422,394
050,45,031,"South Carolina","Darlington County",3,13,851,436,415
050,45,031,"South Carolina","Darlington County",3,14,867,446,421
050,45,031,"South Carolina","Darlington County",3,15,846,429,417
050,45,031,"South Carolina","Darlington County",3,16,850,422,428
050,45,031,"South Carolina","Darlington County",3,17,836,420,416
050,45,031,"South Carolina","Darlington County",3,18,799,392,407
050,45,031,"South Carolina","Darlington County",3,19,788,368,420
050,45,031,"South Carolina","Darlington County",3,20,795,379,416
050,45,031,"South Carolina","Darlington County",3,21,808,402,406
050,45,031,"South Carolina","Darlington County",3,22,762,364,398
050,45,031,"South Carolina","Darlington County",3,23,727,343,384
050,45,031,"South Carolina","Darlington County",3,24,722,353,369
050,45,031,"South Carolina","Darlington County",3,25,741,352,389
050,45,031,"South Carolina","Darlington County",3,26,772,367,405
050,45,031,"South Carolina","Darlington County",3,27,804,369,435
050,45,031,"South Carolina","Darlington County",3,28,829,402,427
050,45,031,"South Carolina","Darlington County",3,29,848,415,433
050,45,031,"South Carolina","Darlington County",3,30,826,406,420
050,45,031,"South Carolina","Darlington County",3,31,820,391,429
050,45,031,"South Carolina","Darlington County",3,32,751,370,381
050,45,031,"South Carolina","Darlington County",3,33,705,340,365
050,45,031,"South Carolina","Darlington County",3,34,667,326,341
050,45,031,"South Carolina","Darlington County",3,35,658,305,353
050,45,031,"South Carolina","Darlington County",3,36,682,330,352
050,45,031,"South Carolina","Darlington County",3,37,623,272,351
050,45,031,"South Carolina","Darlington County",3,38,676,323,353
050,45,031,"South Carolina","Darlington County",3,39,698,327,371
050,45,031,"South Carolina","Darlington County",3,40,676,310,366
050,45,031,"South Carolina","Darlington County",3,41,709,334,375
050,45,031,"South Carolina","Darlington County",3,42,717,349,368
050,45,031,"South Carolina","Darlington County",3,43,708,333,375
050,45,031,"South Carolina","Darlington County",3,44,712,325,387
050,45,031,"South Carolina","Darlington County",3,45,717,322,395
050,45,031,"South Carolina","Darlington County",3,46,788,361,427
050,45,031,"South Carolina","Darlington County",3,47,784,356,428
050,45,031,"South Carolina","Darlington County",3,48,788,379,409
050,45,031,"South Carolina","Darlington County",3,49,813,388,425
050,45,031,"South Carolina","Darlington County",3,50,844,404,440
050,45,031,"South Carolina","Darlington County",3,51,782,369,413
050,45,031,"South Carolina","Darlington County",3,52,773,363,410
050,45,031,"South Carolina","Darlington County",3,53,795,404,391
050,45,031,"South Carolina","Darlington County",3,54,785,383,402
050,45,031,"South Carolina","Darlington County",3,55,795,369,426
050,45,031,"South Carolina","Darlington County",3,56,846,406,440
050,45,031,"South Carolina","Darlington County",3,57,901,433,468
050,45,031,"South Carolina","Darlington County",3,58,911,439,472
050,45,031,"South Carolina","Darlington County",3,59,924,431,493
050,45,031,"South Carolina","Darlington County",3,60,851,390,461
050,45,031,"South Carolina","Darlington County",3,61,826,386,440
050,45,031,"South Carolina","Darlington County",3,62,818,369,449
050,45,031,"South Carolina","Darlington County",3,63,861,385,476
050,45,031,"South Carolina","Darlington County",3,64,890,409,481
050,45,031,"South Carolina","Darlington County",3,65,865,383,482
050,45,031,"South Carolina","Darlington County",3,66,877,399,478
050,45,031,"South Carolina","Darlington County",3,67,848,387,461
050,45,031,"South Carolina","Darlington County",3,68,761,338,423
050,45,031,"South Carolina","Darlington County",3,69,764,349,415
050,45,031,"South Carolina","Darlington County",3,70,757,354,403
050,45,031,"South Carolina","Darlington County",3,71,697,317,380
050,45,031,"South Carolina","Darlington County",3,72,666,306,360
050,45,031,"South Carolina","Darlington County",3,73,674,317,357
050,45,031,"South Carolina","Darlington County",3,74,715,344,371
050,45,031,"South Carolina","Darlington County",3,75,508,227,281
050,45,031,"South Carolina","Darlington County",3,76,486,201,285
050,45,031,"South Carolina","Darlington County",3,77,434,177,257
050,45,031,"South Carolina","Darlington County",3,78,437,184,253
050,45,031,"South Carolina","Darlington County",3,79,382,164,218
050,45,031,"South Carolina","Darlington County",3,80,338,148,190
050,45,031,"South Carolina","Darlington County",3,81,293,119,174
050,45,031,"South Carolina","Darlington County",3,82,240,98,142
050,45,031,"South Carolina","Darlington County",3,83,231,95,136
050,45,031,"South Carolina","Darlington County",3,84,194,76,118
050,45,031,"South Carolina","Darlington County",3,85,1006,342,664
050,45,031,"South Carolina","Darlington County",4,0,726,363,363
050,45,031,"South Carolina","Darlington County",4,1,723,380,343
050,45,031,"South Carolina","Darlington County",4,2,730,376,354
050,45,031,"South Carolina","Darlington County",4,3,738,375,363
050,45,031,"South Carolina","Darlington County",4,4,714,361,353
050,45,031,"South Carolina","Darlington County",4,5,710,352,358
050,45,031,"South Carolina","Darlington County",4,6,765,392,373
050,45,031,"South Carolina","Darlington County",4,7,786,395,391
050,45,031,"South Carolina","Darlington County",4,8,789,429,360
050,45,031,"South Carolina","Darlington County",4,9,791,385,406
050,45,031,"South Carolina","Darlington County",4,10,717,370,347
050,45,031,"South Carolina","Darlington County",4,11,777,410,367
050,45,031,"South Carolina","Darlington County",4,12,769,407,362
050,45,031,"South Carolina","Darlington County",4,13,829,424,405
050,45,031,"South Carolina","Darlington County",4,14,853,435,418
050,45,031,"South Carolina","Darlington County",4,15,859,443,416
050,45,031,"South Carolina","Darlington County",4,16,852,432,420
050,45,031,"South Carolina","Darlington County",4,17,856,425,431
050,45,031,"South Carolina","Darlington County",4,18,796,401,395
050,45,031,"South Carolina","Darlington County",4,19,743,347,396
050,45,031,"South Carolina","Darlington County",4,20,792,368,424
050,45,031,"South Carolina","Darlington County",4,21,796,400,396
050,45,031,"South Carolina","Darlington County",4,22,809,394,415
050,45,031,"South Carolina","Darlington County",4,23,736,351,385
050,45,031,"South Carolina","Darlington County",4,24,749,356,393
050,45,031,"South Carolina","Darlington County",4,25,723,339,384
050,45,031,"South Carolina","Darlington County",4,26,723,343,380
050,45,031,"South Carolina","Darlington County",4,27,745,360,385
050,45,031,"South Carolina","Darlington County",4,28,773,346,427
050,45,031,"South Carolina","Darlington County",4,29,848,393,455
050,45,031,"South Carolina","Darlington County",4,30,849,406,443
050,45,031,"South Carolina","Darlington County",4,31,829,408,421
050,45,031,"South Carolina","Darlington County",4,32,820,386,434
050,45,031,"South Carolina","Darlington County",4,33,760,368,392
050,45,031,"South Carolina","Darlington County",4,34,697,330,367
050,45,031,"South Carolina","Darlington County",4,35,677,327,350
050,45,031,"South Carolina","Darlington County",4,36,657,307,350
050,45,031,"South Carolina","Darlington County",4,37,681,332,349
050,45,031,"South Carolina","Darlington County",4,38,633,276,357
050,45,031,"South Carolina","Darlington County",4,39,655,317,338
050,45,031,"South Carolina","Darlington County",4,40,706,323,383
050,45,031,"South Carolina","Darlington County",4,41,655,301,354
050,45,031,"South Carolina","Darlington County",4,42,706,321,385
050,45,031,"South Carolina","Darlington County",4,43,720,354,366
050,45,031,"South Carolina","Darlington County",4,44,696,329,367
050,45,031,"South Carolina","Darlington County",4,45,725,327,398
050,45,031,"South Carolina","Darlington County",4,46,716,327,389
050,45,031,"South Carolina","Darlington County",4,47,802,366,436
050,45,031,"South Carolina","Darlington County",4,48,781,352,429
050,45,031,"South Carolina","Darlington County",4,49,768,361,407
050,45,031,"South Carolina","Darlington County",4,50,806,385,421
050,45,031,"South Carolina","Darlington County",4,51,848,409,439
050,45,031,"South Carolina","Darlington County",4,52,788,377,411
050,45,031,"South Carolina","Darlington County",4,53,769,359,410
050,45,031,"South Carolina","Darlington County",4,54,798,396,402
050,45,031,"South Carolina","Darlington County",4,55,795,391,404
050,45,031,"South Carolina","Darlington County",4,56,786,366,420
050,45,031,"South Carolina","Darlington County",4,57,859,413,446
050,45,031,"South Carolina","Darlington County",4,58,877,416,461
050,45,031,"South Carolina","Darlington County",4,59,880,426,454
050,45,031,"South Carolina","Darlington County",4,60,912,420,492
050,45,031,"South Carolina","Darlington County",4,61,816,374,442
050,45,031,"South Carolina","Darlington County",4,62,803,370,433
050,45,031,"South Carolina","Darlington County",4,63,792,358,434
050,45,031,"South Carolina","Darlington County",4,64,834,363,471
050,45,031,"South Carolina","Darlington County",4,65,868,392,476
050,45,031,"South Carolina","Darlington County",4,66,833,366,467
050,45,031,"South Carolina","Darlington County",4,67,868,394,474
050,45,031,"South Carolina","Darlington County",4,68,811,366,445
050,45,031,"South Carolina","Darlington County",4,69,754,337,417
050,45,031,"South Carolina","Darlington County",4,70,750,341,409
050,45,031,"South Carolina","Darlington County",4,71,735,336,399
050,45,031,"South Carolina","Darlington County",4,72,671,304,367
050,45,031,"South Carolina","Darlington County",4,73,639,302,337
050,45,031,"South Carolina","Darlington County",4,74,633,292,341
050,45,031,"South Carolina","Darlington County",4,75,680,322,358
050,45,031,"South Carolina","Darlington County",4,76,491,223,268
050,45,031,"South Carolina","Darlington County",4,77,455,187,268
050,45,031,"South Carolina","Darlington County",4,78,399,162,237
050,45,031,"South Carolina","Darlington County",4,79,404,165,239
050,45,031,"South Carolina","Darlington County",4,80,352,150,202
050,45,031,"South Carolina","Darlington County",4,81,311,130,181
050,45,031,"South Carolina","Darlington County",4,82,268,104,164
050,45,031,"South Carolina","Darlington County",4,83,219,90,129
050,45,031,"South Carolina","Darlington County",4,84,202,78,124
050,45,031,"South Carolina","Darlington County",4,85,980,343,637
050,45,031,"South Carolina","Darlington County",5,0,721,361,360
050,45,031,"South Carolina","Darlington County",5,1,720,364,356
050,45,031,"South Carolina","Darlington County",5,2,738,377,361
050,45,031,"South Carolina","Darlington County",5,3,733,377,356
050,45,031,"South Carolina","Darlington County",5,4,756,385,371
050,45,031,"South Carolina","Darlington County",5,5,723,361,362
050,45,031,"South Carolina","Darlington County",5,6,708,354,354
050,45,031,"South Carolina","Darlington County",5,7,784,397,387
050,45,031,"South Carolina","Darlington County",5,8,808,421,387
050,45,031,"South Carolina","Darlington County",5,9,788,426,362
050,45,031,"South Carolina","Darlington County",5,10,786,379,407
050,45,031,"South Carolina","Darlington County",5,11,719,353,366
050,45,031,"South Carolina","Darlington County",5,12,771,411,360
050,45,031,"South Carolina","Darlington County",5,13,774,397,377
050,45,031,"South Carolina","Darlington County",5,14,819,420,399
050,45,031,"South Carolina","Darlington County",5,15,837,423,414
050,45,031,"South Carolina","Darlington County",5,16,861,442,419
050,45,031,"South Carolina","Darlington County",5,17,849,434,415
050,45,031,"South Carolina","Darlington County",5,18,809,407,402
050,45,031,"South Carolina","Darlington County",5,19,771,372,399
050,45,031,"South Carolina","Darlington County",5,20,753,343,410
050,45,031,"South Carolina","Darlington County",5,21,814,385,429
050,45,031,"South Carolina","Darlington County",5,22,808,395,413
050,45,031,"South Carolina","Darlington County",5,23,766,365,401
050,45,031,"South Carolina","Darlington County",5,24,727,348,379
050,45,031,"South Carolina","Darlington County",5,25,748,347,401
050,45,031,"South Carolina","Darlington County",5,26,689,325,364
050,45,031,"South Carolina","Darlington County",5,27,731,342,389
050,45,031,"South Carolina","Darlington County",5,28,752,360,392
050,45,031,"South Carolina","Darlington County",5,29,800,358,442
050,45,031,"South Carolina","Darlington County",5,30,847,400,447
050,45,031,"South Carolina","Darlington County",5,31,847,412,435
050,45,031,"South Carolina","Darlington County",5,32,828,401,427
050,45,031,"South Carolina","Darlington County",5,33,822,387,435
050,45,031,"South Carolina","Darlington County",5,34,756,354,402
050,45,031,"South Carolina","Darlington County",5,35,699,339,360
050,45,031,"South Carolina","Darlington County",5,36,669,335,334
050,45,031,"South Carolina","Darlington County",5,37,642,295,347
050,45,031,"South Carolina","Darlington County",5,38,675,333,342
050,45,031,"South Carolina","Darlington County",5,39,644,281,363
050,45,031,"South Carolina","Darlington County",5,40,637,302,335
050,45,031,"South Carolina","Darlington County",5,41,703,319,384
050,45,031,"South Carolina","Darlington County",5,42,666,296,370
050,45,031,"South Carolina","Darlington County",5,43,704,326,378
050,45,031,"South Carolina","Darlington County",5,44,730,363,367
050,45,031,"South Carolina","Darlington County",5,45,701,318,383
050,45,031,"South Carolina","Darlington County",5,46,727,323,404
050,45,031,"South Carolina","Darlington County",5,47,731,337,394
050,45,031,"South Carolina","Darlington County",5,48,811,380,431
050,45,031,"South Carolina","Darlington County",5,49,759,335,424
050,45,031,"South Carolina","Darlington County",5,50,770,358,412
050,45,031,"South Carolina","Darlington County",5,51,812,392,420
050,45,031,"South Carolina","Darlington County",5,52,843,403,440
050,45,031,"South Carolina","Darlington County",5,53,798,385,413
050,45,031,"South Carolina","Darlington County",5,54,770,354,416
050,45,031,"South Carolina","Darlington County",5,55,810,412,398
050,45,031,"South Carolina","Darlington County",5,56,787,387,400
050,45,031,"South Carolina","Darlington County",5,57,783,364,419
050,45,031,"South Carolina","Darlington County",5,58,850,403,447
050,45,031,"South Carolina","Darlington County",5,59,859,408,451
050,45,031,"South Carolina","Darlington County",5,60,871,421,450
050,45,031,"South Carolina","Darlington County",5,61,881,405,476
050,45,031,"South Carolina","Darlington County",5,62,806,370,436
050,45,031,"South Carolina","Darlington County",5,63,795,373,422
050,45,031,"South Carolina","Darlington County",5,64,779,347,432
050,45,031,"South Carolina","Darlington County",5,65,819,353,466
050,45,031,"South Carolina","Darlington County",5,66,865,393,472
050,45,031,"South Carolina","Darlington County",5,67,814,354,460
050,45,031,"South Carolina","Darlington County",5,68,839,378,461
050,45,031,"South Carolina","Darlington County",5,69,796,360,436
050,45,031,"South Carolina","Darlington County",5,70,747,325,422
050,45,031,"South Carolina","Darlington County",5,71,739,331,408
050,45,031,"South Carolina","Darlington County",5,72,711,319,392
050,45,031,"South Carolina","Darlington County",5,73,643,293,350
050,45,031,"South Carolina","Darlington County",5,74,604,281,323
050,45,031,"South Carolina","Darlington County",5,75,598,267,331
050,45,031,"South Carolina","Darlington County",5,76,658,313,345
050,45,031,"South Carolina","Darlington County",5,77,469,211,258
050,45,031,"South Carolina","Darlington County",5,78,433,176,257
050,45,031,"South Carolina","Darlington County",5,79,372,149,223
050,45,031,"South Carolina","Darlington County",5,80,373,151,222
050,45,031,"South Carolina","Darlington County",5,81,335,139,196
050,45,031,"South Carolina","Darlington County",5,82,278,111,167
050,45,031,"South Carolina","Darlington County",5,83,250,97,153
050,45,031,"South Carolina","Darlington County",5,84,195,77,118
050,45,031,"South Carolina","Darlington County",5,85,1003,355,648
050,45,033,"South Carolina","Dillon County",1,0,381,192,189
050,45,033,"South Carolina","Dillon County",1,1,389,191,198
050,45,033,"South Carolina","Dillon County",1,2,370,181,189
050,45,033,"South Carolina","Dillon County",1,3,360,162,198
050,45,033,"South Carolina","Dillon County",1,4,354,179,175
050,45,033,"South Carolina","Dillon County",1,5,370,204,166
050,45,033,"South Carolina","Dillon County",1,6,407,213,194
050,45,033,"South Carolina","Dillon County",1,7,396,213,183
050,45,033,"South Carolina","Dillon County",1,8,378,192,186
050,45,033,"South Carolina","Dillon County",1,9,369,172,197
050,45,033,"South Carolina","Dillon County",1,10,413,213,200
050,45,033,"South Carolina","Dillon County",1,11,453,230,223
050,45,033,"South Carolina","Dillon County",1,12,454,237,217
050,45,033,"South Carolina","Dillon County",1,13,441,228,213
050,45,033,"South Carolina","Dillon County",1,14,427,210,217
050,45,033,"South Carolina","Dillon County",1,15,428,217,211
050,45,033,"South Carolina","Dillon County",1,16,410,210,200
050,45,033,"South Carolina","Dillon County",1,17,444,221,223
050,45,033,"South Carolina","Dillon County",1,18,363,184,179
050,45,033,"South Carolina","Dillon County",1,19,323,170,153
050,45,033,"South Carolina","Dillon County",1,20,306,148,158
050,45,033,"South Carolina","Dillon County",1,21,315,148,167
050,45,033,"South Carolina","Dillon County",1,22,327,157,170
050,45,033,"South Carolina","Dillon County",1,23,325,164,161
050,45,033,"South Carolina","Dillon County",1,24,325,146,179
050,45,033,"South Carolina","Dillon County",1,25,340,154,186
050,45,033,"South Carolina","Dillon County",1,26,366,167,199
050,45,033,"South Carolina","Dillon County",1,27,365,179,186
050,45,033,"South Carolina","Dillon County",1,28,356,169,187
050,45,033,"South Carolina","Dillon County",1,29,390,186,204
050,45,033,"South Carolina","Dillon County",1,30,369,175,194
050,45,033,"South Carolina","Dillon County",1,31,361,171,190
050,45,033,"South Carolina","Dillon County",1,32,307,138,169
050,45,033,"South Carolina","Dillon County",1,33,308,131,177
050,45,033,"South Carolina","Dillon County",1,34,305,151,154
050,45,033,"South Carolina","Dillon County",1,35,318,149,169
050,45,033,"South Carolina","Dillon County",1,36,343,156,187
050,45,033,"South Carolina","Dillon County",1,37,322,153,169
050,45,033,"South Carolina","Dillon County",1,38,315,153,162
050,45,033,"South Carolina","Dillon County",1,39,346,172,174
050,45,033,"South Carolina","Dillon County",1,40,340,147,193
050,45,033,"South Carolina","Dillon County",1,41,349,161,188
050,45,033,"South Carolina","Dillon County",1,42,365,174,191
050,45,033,"South Carolina","Dillon County",1,43,341,163,178
050,45,033,"South Carolina","Dillon County",1,44,316,145,171
050,45,033,"South Carolina","Dillon County",1,45,329,151,178
050,45,033,"South Carolina","Dillon County",1,46,316,140,176
050,45,033,"South Carolina","Dillon County",1,47,310,156,154
050,45,033,"South Carolina","Dillon County",1,48,329,159,170
050,45,033,"South Carolina","Dillon County",1,49,335,154,181
050,45,033,"South Carolina","Dillon County",1,50,332,159,173
050,45,033,"South Carolina","Dillon County",1,51,319,160,159
050,45,033,"South Carolina","Dillon County",1,52,362,168,194
050,45,033,"South Carolina","Dillon County",1,53,359,176,183
050,45,033,"South Carolina","Dillon County",1,54,361,167,194
050,45,033,"South Carolina","Dillon County",1,55,375,168,207
050,45,033,"South Carolina","Dillon County",1,56,353,158,195
050,45,033,"South Carolina","Dillon County",1,57,376,173,203
050,45,033,"South Carolina","Dillon County",1,58,390,171,219
050,45,033,"South Carolina","Dillon County",1,59,388,173,215
050,45,033,"South Carolina","Dillon County",1,60,388,182,206
050,45,033,"South Carolina","Dillon County",1,61,367,171,196
050,45,033,"South Carolina","Dillon County",1,62,365,176,189
050,45,033,"South Carolina","Dillon County",1,63,381,184,197
050,45,033,"South Carolina","Dillon County",1,64,380,172,208
050,45,033,"South Carolina","Dillon County",1,65,370,176,194
050,45,033,"South Carolina","Dillon County",1,66,334,153,181
050,45,033,"South Carolina","Dillon County",1,67,313,151,162
050,45,033,"South Carolina","Dillon County",1,68,333,147,186
050,45,033,"South Carolina","Dillon County",1,69,295,138,157
050,45,033,"South Carolina","Dillon County",1,70,297,133,164
050,45,033,"South Carolina","Dillon County",1,71,295,136,159
050,45,033,"South Carolina","Dillon County",1,72,264,115,149
050,45,033,"South Carolina","Dillon County",1,73,259,110,149
050,45,033,"South Carolina","Dillon County",1,74,208,85,123
050,45,033,"South Carolina","Dillon County",1,75,213,94,119
050,45,033,"South Carolina","Dillon County",1,76,172,72,100
050,45,033,"South Carolina","Dillon County",1,77,176,80,96
050,45,033,"South Carolina","Dillon County",1,78,148,62,86
050,45,033,"South Carolina","Dillon County",1,79,138,60,78
050,45,033,"South Carolina","Dillon County",1,80,123,49,74
050,45,033,"South Carolina","Dillon County",1,81,110,48,62
050,45,033,"South Carolina","Dillon County",1,82,96,42,54
050,45,033,"South Carolina","Dillon County",1,83,102,35,67
050,45,033,"South Carolina","Dillon County",1,84,89,33,56
050,45,033,"South Carolina","Dillon County",1,85,496,143,353
050,45,033,"South Carolina","Dillon County",2,0,366,188,178
050,45,033,"South Carolina","Dillon County",2,1,383,190,193
050,45,033,"South Carolina","Dillon County",2,2,376,183,193
050,45,033,"South Carolina","Dillon County",2,3,363,167,196
050,45,033,"South Carolina","Dillon County",2,4,358,176,182
050,45,033,"South Carolina","Dillon County",2,5,370,200,170
050,45,033,"South Carolina","Dillon County",2,6,401,213,188
050,45,033,"South Carolina","Dillon County",2,7,400,213,187
050,45,033,"South Carolina","Dillon County",2,8,383,197,186
050,45,033,"South Carolina","Dillon County",2,9,375,176,199
050,45,033,"South Carolina","Dillon County",2,10,404,203,201
050,45,033,"South Carolina","Dillon County",2,11,440,223,217
050,45,033,"South Carolina","Dillon County",2,12,458,237,221
050,45,033,"South Carolina","Dillon County",2,13,444,229,215
050,45,033,"South Carolina","Dillon County",2,14,427,212,215
050,45,033,"South Carolina","Dillon County",2,15,424,214,210
050,45,033,"South Carolina","Dillon County",2,16,413,212,201
050,45,033,"South Carolina","Dillon County",2,17,436,219,217
050,45,033,"South Carolina","Dillon County",2,18,370,189,181
050,45,033,"South Carolina","Dillon County",2,19,325,170,155
050,45,033,"South Carolina","Dillon County",2,20,318,156,162
050,45,033,"South Carolina","Dillon County",2,21,316,149,167
050,45,033,"South Carolina","Dillon County",2,22,328,157,171
050,45,033,"South Carolina","Dillon County",2,23,329,164,165
050,45,033,"South Carolina","Dillon County",2,24,322,150,172
050,45,033,"South Carolina","Dillon County",2,25,335,151,184
050,45,033,"South Carolina","Dillon County",2,26,361,164,197
050,45,033,"South Carolina","Dillon County",2,27,364,174,190
050,45,033,"South Carolina","Dillon County",2,28,362,174,188
050,45,033,"South Carolina","Dillon County",2,29,383,183,200
050,45,033,"South Carolina","Dillon County",2,30,383,181,202
050,45,033,"South Carolina","Dillon County",2,31,364,173,191
050,45,033,"South Carolina","Dillon County",2,32,318,145,173
050,45,033,"South Carolina","Dillon County",2,33,305,133,172
050,45,033,"South Carolina","Dillon County",2,34,307,148,159
050,45,033,"South Carolina","Dillon County",2,35,315,148,167
050,45,033,"South Carolina","Dillon County",2,36,334,154,180
050,45,033,"South Carolina","Dillon County",2,37,329,155,174
050,45,033,"South Carolina","Dillon County",2,38,317,151,166
050,45,033,"South Carolina","Dillon County",2,39,338,167,171
050,45,033,"South Carolina","Dillon County",2,40,346,156,190
050,45,033,"South Carolina","Dillon County",2,41,346,158,188
050,45,033,"South Carolina","Dillon County",2,42,356,164,192
050,45,033,"South Carolina","Dillon County",2,43,347,165,182
050,45,033,"South Carolina","Dillon County",2,44,320,148,172
050,45,033,"South Carolina","Dillon County",2,45,326,149,177
050,45,033,"South Carolina","Dillon County",2,46,314,140,174
050,45,033,"South Carolina","Dillon County",2,47,311,151,160
050,45,033,"South Carolina","Dillon County",2,48,324,158,166
050,45,033,"South Carolina","Dillon County",2,49,332,156,176
050,45,033,"South Carolina","Dillon County",2,50,330,158,172
050,45,033,"South Carolina","Dillon County",2,51,315,156,159
050,45,033,"South Carolina","Dillon County",2,52,351,165,186
050,45,033,"South Carolina","Dillon County",2,53,354,170,184
050,45,033,"South Carolina","Dillon County",2,54,360,168,192
050,45,033,"South Carolina","Dillon County",2,55,371,168,203
050,45,033,"South Carolina","Dillon County",2,56,358,162,196
050,45,033,"South Carolina","Dillon County",2,57,369,169,200
050,45,033,"South Carolina","Dillon County",2,58,382,168,214
050,45,033,"South Carolina","Dillon County",2,59,387,171,216
050,45,033,"South Carolina","Dillon County",2,60,389,180,209
050,45,033,"South Carolina","Dillon County",2,61,370,174,196
050,45,033,"South Carolina","Dillon County",2,62,363,174,189
050,45,033,"South Carolina","Dillon County",2,63,378,182,196
050,45,033,"South Carolina","Dillon County",2,64,376,174,202
050,45,033,"South Carolina","Dillon County",2,65,371,175,196
050,45,033,"South Carolina","Dillon County",2,66,342,155,187
050,45,033,"South Carolina","Dillon County",2,67,314,150,164
050,45,033,"South Carolina","Dillon County",2,68,323,147,176
050,45,033,"South Carolina","Dillon County",2,69,306,140,166
050,45,033,"South Carolina","Dillon County",2,70,294,133,161
050,45,033,"South Carolina","Dillon County",2,71,296,135,161
050,45,033,"South Carolina","Dillon County",2,72,265,119,146
050,45,033,"South Carolina","Dillon County",2,73,267,114,153
050,45,033,"South Carolina","Dillon County",2,74,208,84,124
050,45,033,"South Carolina","Dillon County",2,75,214,94,120
050,45,033,"South Carolina","Dillon County",2,76,176,74,102
050,45,033,"South Carolina","Dillon County",2,77,176,81,95
050,45,033,"South Carolina","Dillon County",2,78,147,63,84
050,45,033,"South Carolina","Dillon County",2,79,137,58,79
050,45,033,"South Carolina","Dillon County",2,80,125,51,74
050,45,033,"South Carolina","Dillon County",2,81,108,49,59
050,45,033,"South Carolina","Dillon County",2,82,101,45,56
050,45,033,"South Carolina","Dillon County",2,83,99,36,63
050,45,033,"South Carolina","Dillon County",2,84,87,33,54
050,45,033,"South Carolina","Dillon County",2,85,502,146,356
050,45,033,"South Carolina","Dillon County",3,0,379,191,188
050,45,033,"South Carolina","Dillon County",3,1,379,186,193
050,45,033,"South Carolina","Dillon County",3,2,384,188,196
050,45,033,"South Carolina","Dillon County",3,3,374,186,188
050,45,033,"South Carolina","Dillon County",3,4,376,179,197
050,45,033,"South Carolina","Dillon County",3,5,354,165,189
050,45,033,"South Carolina","Dillon County",3,6,375,197,178
050,45,033,"South Carolina","Dillon County",3,7,385,207,178
050,45,033,"South Carolina","Dillon County",3,8,395,210,185
050,45,033,"South Carolina","Dillon County",3,9,367,195,172
050,45,033,"South Carolina","Dillon County",3,10,373,169,204
050,45,033,"South Carolina","Dillon County",3,11,392,198,194
050,45,033,"South Carolina","Dillon County",3,12,430,221,209
050,45,033,"South Carolina","Dillon County",3,13,466,238,228
050,45,033,"South Carolina","Dillon County",3,14,443,228,215
050,45,033,"South Carolina","Dillon County",3,15,420,212,208
050,45,033,"South Carolina","Dillon County",3,16,414,203,211
050,45,033,"South Carolina","Dillon County",3,17,416,210,206
050,45,033,"South Carolina","Dillon County",3,18,368,192,176
050,45,033,"South Carolina","Dillon County",3,19,321,162,159
050,45,033,"South Carolina","Dillon County",3,20,335,172,163
050,45,033,"South Carolina","Dillon County",3,21,319,153,166
050,45,033,"South Carolina","Dillon County",3,22,323,149,174
050,45,033,"South Carolina","Dillon County",3,23,350,168,182
050,45,033,"South Carolina","Dillon County",3,24,319,162,157
050,45,033,"South Carolina","Dillon County",3,25,316,145,171
050,45,033,"South Carolina","Dillon County",3,26,326,146,180
050,45,033,"South Carolina","Dillon County",3,27,339,159,180
050,45,033,"South Carolina","Dillon County",3,28,356,171,185
050,45,033,"South Carolina","Dillon County",3,29,363,174,189
050,45,033,"South Carolina","Dillon County",3,30,374,180,194
050,45,033,"South Carolina","Dillon County",3,31,379,183,196
050,45,033,"South Carolina","Dillon County",3,32,355,165,190
050,45,033,"South Carolina","Dillon County",3,33,321,146,175
050,45,033,"South Carolina","Dillon County",3,34,311,129,182
050,45,033,"South Carolina","Dillon County",3,35,297,137,160
050,45,033,"South Carolina","Dillon County",3,36,309,140,169
050,45,033,"South Carolina","Dillon County",3,37,329,154,175
050,45,033,"South Carolina","Dillon County",3,38,327,158,169
050,45,033,"South Carolina","Dillon County",3,39,310,148,162
050,45,033,"South Carolina","Dillon County",3,40,335,167,168
050,45,033,"South Carolina","Dillon County",3,41,347,149,198
050,45,033,"South Carolina","Dillon County",3,42,339,155,184
050,45,033,"South Carolina","Dillon County",3,43,350,166,184
050,45,033,"South Carolina","Dillon County",3,44,342,163,179
050,45,033,"South Carolina","Dillon County",3,45,307,138,169
050,45,033,"South Carolina","Dillon County",3,46,326,149,177
050,45,033,"South Carolina","Dillon County",3,47,312,135,177
050,45,033,"South Carolina","Dillon County",3,48,303,146,157
050,45,033,"South Carolina","Dillon County",3,49,326,160,166
050,45,033,"South Carolina","Dillon County",3,50,332,158,174
050,45,033,"South Carolina","Dillon County",3,51,326,155,171
050,45,033,"South Carolina","Dillon County",3,52,317,151,166
050,45,033,"South Carolina","Dillon County",3,53,351,165,186
050,45,033,"South Carolina","Dillon County",3,54,352,168,184
050,45,033,"South Carolina","Dillon County",3,55,352,161,191
050,45,033,"South Carolina","Dillon County",3,56,359,163,196
050,45,033,"South Carolina","Dillon County",3,57,354,166,188
050,45,033,"South Carolina","Dillon County",3,58,361,166,195
050,45,033,"South Carolina","Dillon County",3,59,380,168,212
050,45,033,"South Carolina","Dillon County",3,60,377,167,210
050,45,033,"South Carolina","Dillon County",3,61,392,177,215
050,45,033,"South Carolina","Dillon County",3,62,350,166,184
050,45,033,"South Carolina","Dillon County",3,63,360,169,191
050,45,033,"South Carolina","Dillon County",3,64,361,174,187
050,45,033,"South Carolina","Dillon County",3,65,377,179,198
050,45,033,"South Carolina","Dillon County",3,66,360,162,198
050,45,033,"South Carolina","Dillon County",3,67,329,154,175
050,45,033,"South Carolina","Dillon County",3,68,301,144,157
050,45,033,"South Carolina","Dillon County",3,69,301,136,165
050,45,033,"South Carolina","Dillon County",3,70,295,133,162
050,45,033,"South Carolina","Dillon County",3,71,287,126,161
050,45,033,"South Carolina","Dillon County",3,72,276,130,146
050,45,033,"South Carolina","Dillon County",3,73,248,111,137
050,45,033,"South Carolina","Dillon County",3,74,255,107,148
050,45,033,"South Carolina","Dillon County",3,75,190,74,116
050,45,033,"South Carolina","Dillon County",3,76,194,82,112
050,45,033,"South Carolina","Dillon County",3,77,171,72,99
050,45,033,"South Carolina","Dillon County",3,78,156,71,85
050,45,033,"South Carolina","Dillon County",3,79,140,62,78
050,45,033,"South Carolina","Dillon County",3,80,122,48,74
050,45,033,"South Carolina","Dillon County",3,81,101,39,62
050,45,033,"South Carolina","Dillon County",3,82,99,46,53
050,45,033,"South Carolina","Dillon County",3,83,97,39,58
050,45,033,"South Carolina","Dillon County",3,84,83,32,51
050,45,033,"South Carolina","Dillon County",3,85,508,156,352
050,45,033,"South Carolina","Dillon County",4,0,375,193,182
050,45,033,"South Carolina","Dillon County",4,1,372,190,182
050,45,033,"South Carolina","Dillon County",4,2,382,184,198
050,45,033,"South Carolina","Dillon County",4,3,383,184,199
050,45,033,"South Carolina","Dillon County",4,4,382,188,194
050,45,033,"South Carolina","Dillon County",4,5,372,181,191
050,45,033,"South Carolina","Dillon County",4,6,365,168,197
050,45,033,"South Carolina","Dillon County",4,7,364,187,177
050,45,033,"South Carolina","Dillon County",4,8,385,200,185
050,45,033,"South Carolina","Dillon County",4,9,396,213,183
050,45,033,"South Carolina","Dillon County",4,10,365,194,171
050,45,033,"South Carolina","Dillon County",4,11,359,162,197
050,45,033,"South Carolina","Dillon County",4,12,398,201,197
050,45,033,"South Carolina","Dillon County",4,13,426,217,209
050,45,033,"South Carolina","Dillon County",4,14,446,225,221
050,45,033,"South Carolina","Dillon County",4,15,441,233,208
050,45,033,"South Carolina","Dillon County",4,16,423,210,213
050,45,033,"South Carolina","Dillon County",4,17,416,205,211
050,45,033,"South Carolina","Dillon County",4,18,343,183,160
050,45,033,"South Carolina","Dillon County",4,19,301,154,147
050,45,033,"South Carolina","Dillon County",4,20,330,166,164
050,45,033,"South Carolina","Dillon County",4,21,334,166,168
050,45,033,"South Carolina","Dillon County",4,22,326,150,176
050,45,033,"South Carolina","Dillon County",4,23,337,162,175
050,45,033,"South Carolina","Dillon County",4,24,337,157,180
050,45,033,"South Carolina","Dillon County",4,25,317,161,156
050,45,033,"South Carolina","Dillon County",4,26,328,157,171
050,45,033,"South Carolina","Dillon County",4,27,338,150,188
050,45,033,"South Carolina","Dillon County",4,28,327,149,178
050,45,033,"South Carolina","Dillon County",4,29,355,173,182
050,45,033,"South Carolina","Dillon County",4,30,369,187,182
050,45,033,"South Carolina","Dillon County",4,31,358,167,191
050,45,033,"South Carolina","Dillon County",4,32,364,182,182
050,45,033,"South Carolina","Dillon County",4,33,365,171,194
050,45,033,"South Carolina","Dillon County",4,34,325,150,175
050,45,033,"South Carolina","Dillon County",4,35,299,122,177
050,45,033,"South Carolina","Dillon County",4,36,306,144,162
050,45,033,"South Carolina","Dillon County",4,37,313,145,168
050,45,033,"South Carolina","Dillon County",4,38,331,157,174
050,45,033,"South Carolina","Dillon County",4,39,327,158,169
050,45,033,"South Carolina","Dillon County",4,40,311,151,160
050,45,033,"South Carolina","Dillon County",4,41,332,165,167
050,45,033,"South Carolina","Dillon County",4,42,334,144,190
050,45,033,"South Carolina","Dillon County",4,43,334,157,177
050,45,033,"South Carolina","Dillon County",4,44,339,157,182
050,45,033,"South Carolina","Dillon County",4,45,326,151,175
050,45,033,"South Carolina","Dillon County",4,46,323,145,178
050,45,033,"South Carolina","Dillon County",4,47,331,149,182
050,45,033,"South Carolina","Dillon County",4,48,304,138,166
050,45,033,"South Carolina","Dillon County",4,49,301,139,162
050,45,033,"South Carolina","Dillon County",4,50,337,172,165
050,45,033,"South Carolina","Dillon County",4,51,324,152,172
050,45,033,"South Carolina","Dillon County",4,52,323,153,170
050,45,033,"South Carolina","Dillon County",4,53,321,151,170
050,45,033,"South Carolina","Dillon County",4,54,351,158,193
050,45,033,"South Carolina","Dillon County",4,55,348,162,186
050,45,033,"South Carolina","Dillon County",4,56,345,158,187
050,45,033,"South Carolina","Dillon County",4,57,355,162,193
050,45,033,"South Carolina","Dillon County",4,58,347,160,187
050,45,033,"South Carolina","Dillon County",4,59,352,158,194
050,45,033,"South Carolina","Dillon County",4,60,371,162,209
050,45,033,"South Carolina","Dillon County",4,61,371,158,213
050,45,033,"South Carolina","Dillon County",4,62,365,160,205
050,45,033,"South Carolina","Dillon County",4,63,335,163,172
050,45,033,"South Carolina","Dillon County",4,64,348,163,185
050,45,033,"South Carolina","Dillon County",4,65,347,173,174
050,45,033,"South Carolina","Dillon County",4,66,360,162,198
050,45,033,"South Carolina","Dillon County",4,67,341,155,186
050,45,033,"South Carolina","Dillon County",4,68,322,152,170
050,45,033,"South Carolina","Dillon County",4,69,297,138,159
050,45,033,"South Carolina","Dillon County",4,70,294,135,159
050,45,033,"South Carolina","Dillon County",4,71,288,124,164
050,45,033,"South Carolina","Dillon County",4,72,270,123,147
050,45,033,"South Carolina","Dillon County",4,73,259,123,136
050,45,033,"South Carolina","Dillon County",4,74,243,111,132
050,45,033,"South Carolina","Dillon County",4,75,236,97,139
050,45,033,"South Carolina","Dillon County",4,76,175,64,111
050,45,033,"South Carolina","Dillon County",4,77,190,81,109
050,45,033,"South Carolina","Dillon County",4,78,148,58,90
050,45,033,"South Carolina","Dillon County",4,79,152,71,81
050,45,033,"South Carolina","Dillon County",4,80,126,52,74
050,45,033,"South Carolina","Dillon County",4,81,98,37,61
050,45,033,"South Carolina","Dillon County",4,82,94,35,59
050,45,033,"South Carolina","Dillon County",4,83,98,38,60
050,45,033,"South Carolina","Dillon County",4,84,87,36,51
050,45,033,"South Carolina","Dillon County",4,85,514,162,352
050,45,033,"South Carolina","Dillon County",5,0,365,186,179
050,45,033,"South Carolina","Dillon County",5,1,372,181,191
050,45,033,"South Carolina","Dillon County",5,2,369,183,186
050,45,033,"South Carolina","Dillon County",5,3,376,188,188
050,45,033,"South Carolina","Dillon County",5,4,392,194,198
050,45,033,"South Carolina","Dillon County",5,5,371,183,188
050,45,033,"South Carolina","Dillon County",5,6,379,186,193
050,45,033,"South Carolina","Dillon County",5,7,360,162,198
050,45,033,"South Carolina","Dillon County",5,8,371,195,176
050,45,033,"South Carolina","Dillon County",5,9,384,198,186
050,45,033,"South Carolina","Dillon County",5,10,398,209,189
050,45,033,"South Carolina","Dillon County",5,11,356,185,171
050,45,033,"South Carolina","Dillon County",5,12,372,165,207
050,45,033,"South Carolina","Dillon County",5,13,397,205,192
050,45,033,"South Carolina","Dillon County",5,14,436,217,219
050,45,033,"South Carolina","Dillon County",5,15,439,222,217
050,45,033,"South Carolina","Dillon County",5,16,439,233,206
050,45,033,"South Carolina","Dillon County",5,17,431,215,216
050,45,033,"South Carolina","Dillon County",5,18,359,179,180
050,45,033,"South Carolina","Dillon County",5,19,295,161,134
050,45,033,"South Carolina","Dillon County",5,20,305,154,151
050,45,033,"South Carolina","Dillon County",5,21,347,170,177
050,45,033,"South Carolina","Dillon County",5,22,352,171,181
050,45,033,"South Carolina","Dillon County",5,23,344,156,188
050,45,033,"South Carolina","Dillon County",5,24,349,159,190
050,45,033,"South Carolina","Dillon County",5,25,332,154,178
050,45,033,"South Carolina","Dillon County",5,26,310,156,154
050,45,033,"South Carolina","Dillon County",5,27,333,155,178
050,45,033,"South Carolina","Dillon County",5,28,325,150,175
050,45,033,"South Carolina","Dillon County",5,29,332,157,175
050,45,033,"South Carolina","Dillon County",5,30,364,185,179
050,45,033,"South Carolina","Dillon County",5,31,360,181,179
050,45,033,"South Carolina","Dillon County",5,32,359,165,194
050,45,033,"South Carolina","Dillon County",5,33,365,183,182
050,45,033,"South Carolina","Dillon County",5,34,360,166,194
050,45,033,"South Carolina","Dillon County",5,35,323,148,175
050,45,033,"South Carolina","Dillon County",5,36,303,126,177
050,45,033,"South Carolina","Dillon County",5,37,294,138,156
050,45,033,"South Carolina","Dillon County",5,38,315,145,170
050,45,033,"South Carolina","Dillon County",5,39,333,150,183
050,45,033,"South Carolina","Dillon County",5,40,314,147,167
050,45,033,"South Carolina","Dillon County",5,41,311,151,160
050,45,033,"South Carolina","Dillon County",5,42,323,158,165
050,45,033,"South Carolina","Dillon County",5,43,331,152,179
050,45,033,"South Carolina","Dillon County",5,44,342,157,185
050,45,033,"South Carolina","Dillon County",5,45,327,146,181
050,45,033,"South Carolina","Dillon County",5,46,325,156,169
050,45,033,"South Carolina","Dillon County",5,47,326,142,184
050,45,033,"South Carolina","Dillon County",5,48,329,152,177
050,45,033,"South Carolina","Dillon County",5,49,303,130,173
050,45,033,"South Carolina","Dillon County",5,50,304,139,165
050,45,033,"South Carolina","Dillon County",5,51,331,168,163
050,45,033,"South Carolina","Dillon County",5,52,332,157,175
050,45,033,"South Carolina","Dillon County",5,53,328,157,171
050,45,033,"South Carolina","Dillon County",5,54,308,144,164
050,45,033,"South Carolina","Dillon County",5,55,341,158,183
050,45,033,"South Carolina","Dillon County",5,56,338,161,177
050,45,033,"South Carolina","Dillon County",5,57,354,168,186
050,45,033,"South Carolina","Dillon County",5,58,363,169,194
050,45,033,"South Carolina","Dillon County",5,59,339,153,186
050,45,033,"South Carolina","Dillon County",5,60,343,153,190
050,45,033,"South Carolina","Dillon County",5,61,374,157,217
050,45,033,"South Carolina","Dillon County",5,62,359,149,210
050,45,033,"South Carolina","Dillon County",5,63,366,162,204
050,45,033,"South Carolina","Dillon County",5,64,332,161,171
050,45,033,"South Carolina","Dillon County",5,65,332,158,174
050,45,033,"South Carolina","Dillon County",5,66,335,157,178
050,45,033,"South Carolina","Dillon County",5,67,347,158,189
050,45,033,"South Carolina","Dillon County",5,68,329,147,182
050,45,033,"South Carolina","Dillon County",5,69,313,146,167
050,45,033,"South Carolina","Dillon County",5,70,288,137,151
050,45,033,"South Carolina","Dillon County",5,71,291,130,161
050,45,033,"South Carolina","Dillon County",5,72,275,121,154
050,45,033,"South Carolina","Dillon County",5,73,251,116,135
050,45,033,"South Carolina","Dillon County",5,74,255,122,133
050,45,033,"South Carolina","Dillon County",5,75,229,105,124
050,45,033,"South Carolina","Dillon County",5,76,217,82,135
050,45,033,"South Carolina","Dillon County",5,77,173,64,109
050,45,033,"South Carolina","Dillon County",5,78,171,69,102
050,45,033,"South Carolina","Dillon County",5,79,141,58,83
050,45,033,"South Carolina","Dillon County",5,80,134,59,75
050,45,033,"South Carolina","Dillon County",5,81,106,43,63
050,45,033,"South Carolina","Dillon County",5,82,94,35,59
050,45,033,"South Carolina","Dillon County",5,83,89,27,62
050,45,033,"South Carolina","Dillon County",5,84,85,35,50
050,45,033,"South Carolina","Dillon County",5,85,534,178,356
050,45,035,"South Carolina","Dorchester County",1,0,1782,914,868
050,45,035,"South Carolina","Dorchester County",1,1,1813,948,865
050,45,035,"South Carolina","Dorchester County",1,2,1835,935,900
050,45,035,"South Carolina","Dorchester County",1,3,1973,994,979
050,45,035,"South Carolina","Dorchester County",1,4,2026,1012,1014
050,45,035,"South Carolina","Dorchester County",1,5,2152,1076,1076
050,45,035,"South Carolina","Dorchester County",1,6,2109,1096,1013
050,45,035,"South Carolina","Dorchester County",1,7,2162,1090,1072
050,45,035,"South Carolina","Dorchester County",1,8,2217,1125,1092
050,45,035,"South Carolina","Dorchester County",1,9,2231,1152,1079
050,45,035,"South Carolina","Dorchester County",1,10,2310,1193,1117
050,45,035,"South Carolina","Dorchester County",1,11,2444,1267,1177
050,45,035,"South Carolina","Dorchester County",1,12,2491,1252,1239
050,45,035,"South Carolina","Dorchester County",1,13,2475,1267,1208
050,45,035,"South Carolina","Dorchester County",1,14,2345,1208,1137
050,45,035,"South Carolina","Dorchester County",1,15,2375,1232,1143
050,45,035,"South Carolina","Dorchester County",1,16,2341,1222,1119
050,45,035,"South Carolina","Dorchester County",1,17,2336,1192,1144
050,45,035,"South Carolina","Dorchester County",1,18,1940,982,958
050,45,035,"South Carolina","Dorchester County",1,19,1610,811,799
050,45,035,"South Carolina","Dorchester County",1,20,1690,856,834
050,45,035,"South Carolina","Dorchester County",1,21,1769,938,831
050,45,035,"South Carolina","Dorchester County",1,22,1732,870,862
050,45,035,"South Carolina","Dorchester County",1,23,1792,901,891
050,45,035,"South Carolina","Dorchester County",1,24,1900,968,932
050,45,035,"South Carolina","Dorchester County",1,25,1972,986,986
050,45,035,"South Carolina","Dorchester County",1,26,2122,1053,1069
050,45,035,"South Carolina","Dorchester County",1,27,2072,1034,1038
050,45,035,"South Carolina","Dorchester County",1,28,2222,1109,1113
050,45,035,"South Carolina","Dorchester County",1,29,2309,1098,1211
050,45,035,"South Carolina","Dorchester County",1,30,2381,1163,1218
050,45,035,"South Carolina","Dorchester County",1,31,2376,1203,1173
050,45,035,"South Carolina","Dorchester County",1,32,2208,1103,1105
050,45,035,"South Carolina","Dorchester County",1,33,2255,1107,1148
050,45,035,"South Carolina","Dorchester County",1,34,2319,1134,1185
050,45,035,"South Carolina","Dorchester County",1,35,2265,1113,1152
050,45,035,"South Carolina","Dorchester County",1,36,2341,1137,1204
050,45,035,"South Carolina","Dorchester County",1,37,2439,1193,1246
050,45,035,"South Carolina","Dorchester County",1,38,2371,1158,1213
050,45,035,"South Carolina","Dorchester County",1,39,2449,1190,1259
050,45,035,"South Carolina","Dorchester County",1,40,2280,1100,1180
050,45,035,"South Carolina","Dorchester County",1,41,2154,1036,1118
050,45,035,"South Carolina","Dorchester County",1,42,2105,1033,1072
050,45,035,"South Carolina","Dorchester County",1,43,2033,988,1045
050,45,035,"South Carolina","Dorchester County",1,44,2002,945,1057
050,45,035,"South Carolina","Dorchester County",1,45,1934,952,982
050,45,035,"South Carolina","Dorchester County",1,46,1952,967,985
050,45,035,"South Carolina","Dorchester County",1,47,2153,1053,1100
050,45,035,"South Carolina","Dorchester County",1,48,2165,1036,1129
050,45,035,"South Carolina","Dorchester County",1,49,2221,1123,1098
050,45,035,"South Carolina","Dorchester County",1,50,2187,1113,1074
050,45,035,"South Carolina","Dorchester County",1,51,2103,1040,1063
050,45,035,"South Carolina","Dorchester County",1,52,2070,1014,1056
050,45,035,"South Carolina","Dorchester County",1,53,2075,992,1083
050,45,035,"South Carolina","Dorchester County",1,54,2129,1059,1070
050,45,035,"South Carolina","Dorchester County",1,55,2127,1033,1094
050,45,035,"South Carolina","Dorchester County",1,56,2229,1118,1111
050,45,035,"South Carolina","Dorchester County",1,57,2175,1022,1153
050,45,035,"South Carolina","Dorchester County",1,58,2220,1083,1137
050,45,035,"South Carolina","Dorchester County",1,59,2196,1051,1145
050,45,035,"South Carolina","Dorchester County",1,60,2077,1002,1075
050,45,035,"South Carolina","Dorchester County",1,61,2044,998,1046
050,45,035,"South Carolina","Dorchester County",1,62,1938,918,1020
050,45,035,"South Carolina","Dorchester County",1,63,1828,877,951
050,45,035,"South Carolina","Dorchester County",1,64,1753,807,946
050,45,035,"South Carolina","Dorchester County",1,65,1767,815,952
050,45,035,"South Carolina","Dorchester County",1,66,1610,721,889
050,45,035,"South Carolina","Dorchester County",1,67,1629,751,878
050,45,035,"South Carolina","Dorchester County",1,68,1660,763,897
050,45,035,"South Carolina","Dorchester County",1,69,1562,699,863
050,45,035,"South Carolina","Dorchester County",1,70,1447,662,785
050,45,035,"South Carolina","Dorchester County",1,71,1432,691,741
050,45,035,"South Carolina","Dorchester County",1,72,1420,677,743
050,45,035,"South Carolina","Dorchester County",1,73,1335,650,685
050,45,035,"South Carolina","Dorchester County",1,74,977,430,547
050,45,035,"South Carolina","Dorchester County",1,75,996,454,542
050,45,035,"South Carolina","Dorchester County",1,76,908,405,503
050,45,035,"South Carolina","Dorchester County",1,77,856,387,469
050,45,035,"South Carolina","Dorchester County",1,78,704,323,381
050,45,035,"South Carolina","Dorchester County",1,79,645,279,366
050,45,035,"South Carolina","Dorchester County",1,80,535,239,296
050,45,035,"South Carolina","Dorchester County",1,81,511,224,287
050,45,035,"South Carolina","Dorchester County",1,82,494,210,284
050,45,035,"South Carolina","Dorchester County",1,83,421,177,244
050,45,035,"South Carolina","Dorchester County",1,84,363,144,219
050,45,035,"South Carolina","Dorchester County",1,85,1956,717,1239
050,45,035,"South Carolina","Dorchester County",2,0,1801,900,901
050,45,035,"South Carolina","Dorchester County",2,1,1812,942,870
050,45,035,"South Carolina","Dorchester County",2,2,1844,945,899
050,45,035,"South Carolina","Dorchester County",2,3,1943,982,961
050,45,035,"South Carolina","Dorchester County",2,4,2024,1015,1009
050,45,035,"South Carolina","Dorchester County",2,5,2132,1069,1063
050,45,035,"South Carolina","Dorchester County",2,6,2144,1106,1038
050,45,035,"South Carolina","Dorchester County",2,7,2163,1097,1066
050,45,035,"South Carolina","Dorchester County",2,8,2211,1118,1093
050,45,035,"South Carolina","Dorchester County",2,9,2235,1148,1087
050,45,035,"South Carolina","Dorchester County",2,10,2304,1188,1116
050,45,035,"South Carolina","Dorchester County",2,11,2410,1246,1164
050,45,035,"South Carolina","Dorchester County",2,12,2502,1272,1230
050,45,035,"South Carolina","Dorchester County",2,13,2483,1269,1214
050,45,035,"South Carolina","Dorchester County",2,14,2385,1223,1162
050,45,035,"South Carolina","Dorchester County",2,15,2363,1222,1141
050,45,035,"South Carolina","Dorchester County",2,16,2352,1228,1124
050,45,035,"South Carolina","Dorchester County",2,17,2342,1202,1140
050,45,035,"South Carolina","Dorchester County",2,18,1944,994,950
050,45,035,"South Carolina","Dorchester County",2,19,1624,820,804
050,45,035,"South Carolina","Dorchester County",2,20,1720,871,849
050,45,035,"South Carolina","Dorchester County",2,21,1775,930,845
050,45,035,"South Carolina","Dorchester County",2,22,1762,894,868
050,45,035,"South Carolina","Dorchester County",2,23,1809,911,898
050,45,035,"South Carolina","Dorchester County",2,24,1897,970,927
050,45,035,"South Carolina","Dorchester County",2,25,1987,996,991
050,45,035,"South Carolina","Dorchester County",2,26,2106,1051,1055
050,45,035,"South Carolina","Dorchester County",2,27,2110,1059,1051
050,45,035,"South Carolina","Dorchester County",2,28,2203,1098,1105
050,45,035,"South Carolina","Dorchester County",2,29,2303,1107,1196
050,45,035,"South Carolina","Dorchester County",2,30,2406,1170,1236
050,45,035,"South Carolina","Dorchester County",2,31,2394,1208,1186
050,45,035,"South Carolina","Dorchester County",2,32,2254,1121,1133
050,45,035,"South Carolina","Dorchester County",2,33,2251,1107,1144
050,45,035,"South Carolina","Dorchester County",2,34,2317,1136,1181
050,45,035,"South Carolina","Dorchester County",2,35,2301,1130,1171
050,45,035,"South Carolina","Dorchester County",2,36,2322,1130,1192
050,45,035,"South Carolina","Dorchester County",2,37,2423,1185,1238
050,45,035,"South Carolina","Dorchester County",2,38,2416,1184,1232
050,45,035,"South Carolina","Dorchester County",2,39,2433,1186,1247
050,45,035,"South Carolina","Dorchester County",2,40,2347,1138,1209
050,45,035,"South Carolina","Dorchester County",2,41,2182,1046,1136
050,45,035,"South Carolina","Dorchester County",2,42,2107,1031,1076
050,45,035,"South Carolina","Dorchester County",2,43,2071,1007,1064
050,45,035,"South Carolina","Dorchester County",2,44,1997,953,1044
050,45,035,"South Carolina","Dorchester County",2,45,1969,963,1006
050,45,035,"South Carolina","Dorchester County",2,46,1946,963,983
050,45,035,"South Carolina","Dorchester County",2,47,2098,1028,1070
050,45,035,"South Carolina","Dorchester County",2,48,2155,1044,1111
050,45,035,"South Carolina","Dorchester County",2,49,2216,1109,1107
050,45,035,"South Carolina","Dorchester County",2,50,2196,1113,1083
050,45,035,"South Carolina","Dorchester County",2,51,2113,1056,1057
050,45,035,"South Carolina","Dorchester County",2,52,2073,1015,1058
050,45,035,"South Carolina","Dorchester County",2,53,2067,996,1071
050,45,035,"South Carolina","Dorchester County",2,54,2108,1040,1068
050,45,035,"South Carolina","Dorchester County",2,55,2135,1043,1092
050,45,035,"South Carolina","Dorchester County",2,56,2214,1099,1115
050,45,035,"South Carolina","Dorchester County",2,57,2187,1046,1141
050,45,035,"South Carolina","Dorchester County",2,58,2209,1069,1140
050,45,035,"South Carolina","Dorchester County",2,59,2206,1060,1146
050,45,035,"South Carolina","Dorchester County",2,60,2105,1014,1091
050,45,035,"South Carolina","Dorchester County",2,61,2049,997,1052
050,45,035,"South Carolina","Dorchester County",2,62,1964,938,1026
050,45,035,"South Carolina","Dorchester County",2,63,1875,899,976
050,45,035,"South Carolina","Dorchester County",2,64,1766,820,946
050,45,035,"South Carolina","Dorchester County",2,65,1757,812,945
050,45,035,"South Carolina","Dorchester County",2,66,1653,747,906
050,45,035,"South Carolina","Dorchester County",2,67,1627,743,884
050,45,035,"South Carolina","Dorchester County",2,68,1631,748,883
050,45,035,"South Carolina","Dorchester County",2,69,1591,717,874
050,45,035,"South Carolina","Dorchester County",2,70,1465,663,802
050,45,035,"South Carolina","Dorchester County",2,71,1434,682,752
050,45,035,"South Carolina","Dorchester County",2,72,1399,669,730
050,45,035,"South Carolina","Dorchester County",2,73,1410,682,728
050,45,035,"South Carolina","Dorchester County",2,74,1000,453,547
050,45,035,"South Carolina","Dorchester County",2,75,994,449,545
050,45,035,"South Carolina","Dorchester County",2,76,918,409,509
050,45,035,"South Carolina","Dorchester County",2,77,881,396,485
050,45,035,"South Carolina","Dorchester County",2,78,727,330,397
050,45,035,"South Carolina","Dorchester County",2,79,650,280,370
050,45,035,"South Carolina","Dorchester County",2,80,557,247,310
050,45,035,"South Carolina","Dorchester County",2,81,510,222,288
050,45,035,"South Carolina","Dorchester County",2,82,493,211,282
050,45,035,"South Carolina","Dorchester County",2,83,433,182,251
050,45,035,"South Carolina","Dorchester County",2,84,371,152,219
050,45,035,"South Carolina","Dorchester County",2,85,1980,726,1254
050,45,035,"South Carolina","Dorchester County",3,0,1909,927,982
050,45,035,"South Carolina","Dorchester County",3,1,1899,935,964
050,45,035,"South Carolina","Dorchester County",3,2,1868,965,903
050,45,035,"South Carolina","Dorchester County",3,3,1932,980,952
050,45,035,"South Carolina","Dorchester County",3,4,2005,1008,997
050,45,035,"South Carolina","Dorchester County",3,5,2061,1052,1009
050,45,035,"South Carolina","Dorchester County",3,6,2151,1073,1078
050,45,035,"South Carolina","Dorchester County",3,7,2200,1124,1076
050,45,035,"South Carolina","Dorchester County",3,8,2181,1101,1080
050,45,035,"South Carolina","Dorchester County",3,9,2261,1140,1121
050,45,035,"South Carolina","Dorchester County",3,10,2212,1133,1079
050,45,035,"South Carolina","Dorchester County",3,11,2329,1212,1117
050,45,035,"South Carolina","Dorchester County",3,12,2445,1261,1184
050,45,035,"South Carolina","Dorchester County",3,13,2507,1291,1216
050,45,035,"South Carolina","Dorchester County",3,14,2499,1253,1246
050,45,035,"South Carolina","Dorchester County",3,15,2367,1200,1167
050,45,035,"South Carolina","Dorchester County",3,16,2331,1198,1133
050,45,035,"South Carolina","Dorchester County",3,17,2348,1228,1120
050,45,035,"South Carolina","Dorchester County",3,18,1956,1032,924
050,45,035,"South Carolina","Dorchester County",3,19,1611,829,782
050,45,035,"South Carolina","Dorchester County",3,20,1744,877,867
050,45,035,"South Carolina","Dorchester County",3,21,1821,912,909
050,45,035,"South Carolina","Dorchester County",3,22,1907,984,923
050,45,035,"South Carolina","Dorchester County",3,23,1886,954,932
050,45,035,"South Carolina","Dorchester County",3,24,1886,938,948
050,45,035,"South Carolina","Dorchester County",3,25,1922,994,928
050,45,035,"South Carolina","Dorchester County",3,26,1994,1005,989
050,45,035,"South Carolina","Dorchester County",3,27,2197,1087,1110
050,45,035,"South Carolina","Dorchester County",3,28,2197,1103,1094
050,45,035,"South Carolina","Dorchester County",3,29,2216,1085,1131
050,45,035,"South Carolina","Dorchester County",3,30,2346,1126,1220
050,45,035,"South Carolina","Dorchester County",3,31,2457,1204,1253
050,45,035,"South Carolina","Dorchester County",3,32,2453,1225,1228
050,45,035,"South Carolina","Dorchester County",3,33,2270,1129,1141
050,45,035,"South Carolina","Dorchester County",3,34,2280,1123,1157
050,45,035,"South Carolina","Dorchester County",3,35,2370,1149,1221
050,45,035,"South Carolina","Dorchester County",3,36,2352,1133,1219
050,45,035,"South Carolina","Dorchester County",3,37,2322,1130,1192
050,45,035,"South Carolina","Dorchester County",3,38,2455,1228,1227
050,45,035,"South Carolina","Dorchester County",3,39,2447,1175,1272
050,45,035,"South Carolina","Dorchester County",3,40,2453,1202,1251
050,45,035,"South Carolina","Dorchester County",3,41,2319,1111,1208
050,45,035,"South Carolina","Dorchester County",3,42,2207,1060,1147
050,45,035,"South Carolina","Dorchester County",3,43,2131,1063,1068
050,45,035,"South Carolina","Dorchester County",3,44,2114,1010,1104
050,45,035,"South Carolina","Dorchester County",3,45,1994,960,1034
050,45,035,"South Carolina","Dorchester County",3,46,1952,952,1000
050,45,035,"South Carolina","Dorchester County",3,47,1949,963,986
050,45,035,"South Carolina","Dorchester County",3,48,2070,1020,1050
050,45,035,"South Carolina","Dorchester County",3,49,2087,1002,1085
050,45,035,"South Carolina","Dorchester County",3,50,2178,1074,1104
050,45,035,"South Carolina","Dorchester County",3,51,2197,1108,1089
050,45,035,"South Carolina","Dorchester County",3,52,2046,1004,1042
050,45,035,"South Carolina","Dorchester County",3,53,2080,1029,1051
050,45,035,"South Carolina","Dorchester County",3,54,2023,979,1044
050,45,035,"South Carolina","Dorchester County",3,55,2080,1020,1060
050,45,035,"South Carolina","Dorchester County",3,56,2131,1025,1106
050,45,035,"South Carolina","Dorchester County",3,57,2170,1075,1095
050,45,035,"South Carolina","Dorchester County",3,58,2170,1041,1129
050,45,035,"South Carolina","Dorchester County",3,59,2173,1042,1131
050,45,035,"South Carolina","Dorchester County",3,60,2200,1065,1135
050,45,035,"South Carolina","Dorchester County",3,61,2105,1019,1086
050,45,035,"South Carolina","Dorchester County",3,62,2002,965,1037
050,45,035,"South Carolina","Dorchester County",3,63,1966,970,996
050,45,035,"South Carolina","Dorchester County",3,64,1822,863,959
050,45,035,"South Carolina","Dorchester County",3,65,1764,824,940
050,45,035,"South Carolina","Dorchester County",3,66,1753,820,933
050,45,035,"South Carolina","Dorchester County",3,67,1624,733,891
050,45,035,"South Carolina","Dorchester County",3,68,1611,726,885
050,45,035,"South Carolina","Dorchester County",3,69,1582,723,859
050,45,035,"South Carolina","Dorchester County",3,70,1564,680,884
050,45,035,"South Carolina","Dorchester County",3,71,1435,651,784
050,45,035,"South Carolina","Dorchester County",3,72,1395,660,735
050,45,035,"South Carolina","Dorchester County",3,73,1390,663,727
050,45,035,"South Carolina","Dorchester County",3,74,1369,656,713
050,45,035,"South Carolina","Dorchester County",3,75,980,446,534
050,45,035,"South Carolina","Dorchester County",3,76,949,432,517
050,45,035,"South Carolina","Dorchester County",3,77,872,383,489
050,45,035,"South Carolina","Dorchester County",3,78,836,373,463
050,45,035,"South Carolina","Dorchester County",3,79,704,308,396
050,45,035,"South Carolina","Dorchester County",3,80,593,256,337
050,45,035,"South Carolina","Dorchester County",3,81,519,216,303
050,45,035,"South Carolina","Dorchester County",3,82,469,202,267
050,45,035,"South Carolina","Dorchester County",3,83,437,181,256
050,45,035,"South Carolina","Dorchester County",3,84,403,172,231
050,45,035,"South Carolina","Dorchester County",3,85,1990,728,1262
050,45,035,"South Carolina","Dorchester County",4,0,1943,919,1024
050,45,035,"South Carolina","Dorchester County",4,1,1981,998,983
050,45,035,"South Carolina","Dorchester County",4,2,1899,934,965
050,45,035,"South Carolina","Dorchester County",4,3,2040,1048,992
050,45,035,"South Carolina","Dorchester County",4,4,1954,979,975
050,45,035,"South Carolina","Dorchester County",4,5,2045,1014,1031
050,45,035,"South Carolina","Dorchester County",4,6,2086,1067,1019
050,45,035,"South Carolina","Dorchester County",4,7,2281,1141,1140
050,45,035,"South Carolina","Dorchester County",4,8,2243,1145,1098
050,45,035,"South Carolina","Dorchester County",4,9,2235,1115,1120
050,45,035,"South Carolina","Dorchester County",4,10,2267,1157,1110
050,45,035,"South Carolina","Dorchester County",4,11,2280,1171,1109
050,45,035,"South Carolina","Dorchester County",4,12,2405,1226,1179
050,45,035,"South Carolina","Dorchester County",4,13,2476,1269,1207
050,45,035,"South Carolina","Dorchester County",4,14,2564,1282,1282
050,45,035,"South Carolina","Dorchester County",4,15,2506,1254,1252
050,45,035,"South Carolina","Dorchester County",4,16,2365,1197,1168
050,45,035,"South Carolina","Dorchester County",4,17,2358,1204,1154
050,45,035,"South Carolina","Dorchester County",4,18,1972,1067,905
050,45,035,"South Carolina","Dorchester County",4,19,1592,836,756
050,45,035,"South Carolina","Dorchester County",4,20,1763,897,866
050,45,035,"South Carolina","Dorchester County",4,21,1778,901,877
050,45,035,"South Carolina","Dorchester County",4,22,1913,920,993
050,45,035,"South Carolina","Dorchester County",4,23,2018,1036,982
050,45,035,"South Carolina","Dorchester County",4,24,1999,1034,965
050,45,035,"South Carolina","Dorchester County",4,25,1960,966,994
050,45,035,"South Carolina","Dorchester County",4,26,2048,1048,1000
050,45,035,"South Carolina","Dorchester County",4,27,2083,1052,1031
050,45,035,"South Carolina","Dorchester County",4,28,2267,1093,1174
050,45,035,"South Carolina","Dorchester County",4,29,2224,1087,1137
050,45,035,"South Carolina","Dorchester County",4,30,2291,1104,1187
050,45,035,"South Carolina","Dorchester County",4,31,2452,1196,1256
050,45,035,"South Carolina","Dorchester County",4,32,2484,1172,1312
050,45,035,"South Carolina","Dorchester County",4,33,2543,1226,1317
050,45,035,"South Carolina","Dorchester County",4,34,2324,1180,1144
050,45,035,"South Carolina","Dorchester County",4,35,2333,1126,1207
050,45,035,"South Carolina","Dorchester County",4,36,2479,1234,1245
050,45,035,"South Carolina","Dorchester County",4,37,2402,1149,1253
050,45,035,"South Carolina","Dorchester County",4,38,2376,1170,1206
050,45,035,"South Carolina","Dorchester County",4,39,2511,1253,1258
050,45,035,"South Carolina","Dorchester County",4,40,2475,1204,1271
050,45,035,"South Carolina","Dorchester County",4,41,2479,1202,1277
050,45,035,"South Carolina","Dorchester County",4,42,2358,1126,1232
050,45,035,"South Carolina","Dorchester County",4,43,2186,1041,1145
050,45,035,"South Carolina","Dorchester County",4,44,2150,1056,1094
050,45,035,"South Carolina","Dorchester County",4,45,2095,1009,1086
050,45,035,"South Carolina","Dorchester County",4,46,2010,964,1046
050,45,035,"South Carolina","Dorchester County",4,47,1965,947,1018
050,45,035,"South Carolina","Dorchester County",4,48,1922,946,976
050,45,035,"South Carolina","Dorchester County",4,49,2045,1014,1031
050,45,035,"South Carolina","Dorchester County",4,50,2108,987,1121
050,45,035,"South Carolina","Dorchester County",4,51,2160,1072,1088
050,45,035,"South Carolina","Dorchester County",4,52,2151,1052,1099
050,45,035,"South Carolina","Dorchester County",4,53,2047,1005,1042
050,45,035,"South Carolina","Dorchester County",4,54,2077,1019,1058
050,45,035,"South Carolina","Dorchester County",4,55,2036,955,1081
050,45,035,"South Carolina","Dorchester County",4,56,2090,1018,1072
050,45,035,"South Carolina","Dorchester County",4,57,2107,1018,1089
050,45,035,"South Carolina","Dorchester County",4,58,2178,1072,1106
050,45,035,"South Carolina","Dorchester County",4,59,2153,1029,1124
050,45,035,"South Carolina","Dorchester County",4,60,2130,1013,1117
050,45,035,"South Carolina","Dorchester County",4,61,2192,1055,1137
050,45,035,"South Carolina","Dorchester County",4,62,2081,1010,1071
050,45,035,"South Carolina","Dorchester County",4,63,1987,956,1031
050,45,035,"South Carolina","Dorchester County",4,64,1946,941,1005
050,45,035,"South Carolina","Dorchester County",4,65,1796,855,941
050,45,035,"South Carolina","Dorchester County",4,66,1750,806,944
050,45,035,"South Carolina","Dorchester County",4,67,1739,791,948
050,45,035,"South Carolina","Dorchester County",4,68,1622,724,898
050,45,035,"South Carolina","Dorchester County",4,69,1565,689,876
050,45,035,"South Carolina","Dorchester County",4,70,1564,713,851
050,45,035,"South Carolina","Dorchester County",4,71,1537,677,860
050,45,035,"South Carolina","Dorchester County",4,72,1412,637,775
050,45,035,"South Carolina","Dorchester County",4,73,1380,652,728
050,45,035,"South Carolina","Dorchester County",4,74,1346,627,719
050,45,035,"South Carolina","Dorchester County",4,75,1330,635,695
050,45,035,"South Carolina","Dorchester County",4,76,970,432,538
050,45,035,"South Carolina","Dorchester County",4,77,913,419,494
050,45,035,"South Carolina","Dorchester County",4,78,818,355,463
050,45,035,"South Carolina","Dorchester County",4,79,810,351,459
050,45,035,"South Carolina","Dorchester County",4,80,673,298,375
050,45,035,"South Carolina","Dorchester County",4,81,574,246,328
050,45,035,"South Carolina","Dorchester County",4,82,486,200,286
050,45,035,"South Carolina","Dorchester County",4,83,416,179,237
050,45,035,"South Carolina","Dorchester County",4,84,404,165,239
050,45,035,"South Carolina","Dorchester County",4,85,2077,765,1312
050,45,035,"South Carolina","Dorchester County",5,0,1922,916,1006
050,45,035,"South Carolina","Dorchester County",5,1,2009,981,1028
050,45,035,"South Carolina","Dorchester County",5,2,2060,1029,1031
050,45,035,"South Carolina","Dorchester County",5,3,1909,921,988
050,45,035,"South Carolina","Dorchester County",5,4,2118,1091,1027
050,45,035,"South Carolina","Dorchester County",5,5,2062,1031,1031
050,45,035,"South Carolina","Dorchester County",5,6,2129,1078,1051
050,45,035,"South Carolina","Dorchester County",5,7,2179,1122,1057
050,45,035,"South Carolina","Dorchester County",5,8,2342,1179,1163
050,45,035,"South Carolina","Dorchester County",5,9,2276,1149,1127
050,45,035,"South Carolina","Dorchester County",5,10,2296,1143,1153
050,45,035,"South Carolina","Dorchester County",5,11,2359,1193,1166
050,45,035,"South Carolina","Dorchester County",5,12,2311,1181,1130
050,45,035,"South Carolina","Dorchester County",5,13,2464,1246,1218
050,45,035,"South Carolina","Dorchester County",5,14,2529,1288,1241
050,45,035,"South Carolina","Dorchester County",5,15,2623,1312,1311
050,45,035,"South Carolina","Dorchester County",5,16,2554,1278,1276
050,45,035,"South Carolina","Dorchester County",5,17,2421,1209,1212
050,45,035,"South Carolina","Dorchester County",5,18,2016,1061,955
050,45,035,"South Carolina","Dorchester County",5,19,1663,909,754
050,45,035,"South Carolina","Dorchester County",5,20,1756,927,829
050,45,035,"South Carolina","Dorchester County",5,21,1899,955,944
050,45,035,"South Carolina","Dorchester County",5,22,1971,949,1022
050,45,035,"South Carolina","Dorchester County",5,23,2013,993,1020
050,45,035,"South Carolina","Dorchester County",5,24,2051,1080,971
050,45,035,"South Carolina","Dorchester County",5,25,2026,1039,987
050,45,035,"South Carolina","Dorchester County",5,26,2037,1001,1036
050,45,035,"South Carolina","Dorchester County",5,27,2120,1098,1022
050,45,035,"South Carolina","Dorchester County",5,28,2178,1096,1082
050,45,035,"South Carolina","Dorchester County",5,29,2301,1086,1215
050,45,035,"South Carolina","Dorchester County",5,30,2312,1120,1192
050,45,035,"South Carolina","Dorchester County",5,31,2360,1134,1226
050,45,035,"South Carolina","Dorchester County",5,32,2492,1223,1269
050,45,035,"South Carolina","Dorchester County",5,33,2544,1219,1325
050,45,035,"South Carolina","Dorchester County",5,34,2591,1265,1326
050,45,035,"South Carolina","Dorchester County",5,35,2404,1230,1174
050,45,035,"South Carolina","Dorchester County",5,36,2491,1213,1278
050,45,035,"South Carolina","Dorchester County",5,37,2497,1237,1260
050,45,035,"South Carolina","Dorchester County",5,38,2452,1175,1277
050,45,035,"South Carolina","Dorchester County",5,39,2431,1197,1234
050,45,035,"South Carolina","Dorchester County",5,40,2566,1297,1269
050,45,035,"South Carolina","Dorchester County",5,41,2531,1203,1328
050,45,035,"South Carolina","Dorchester County",5,42,2489,1205,1284
050,45,035,"South Carolina","Dorchester County",5,43,2402,1150,1252
050,45,035,"South Carolina","Dorchester County",5,44,2253,1082,1171
050,45,035,"South Carolina","Dorchester County",5,45,2184,1056,1128
050,45,035,"South Carolina","Dorchester County",5,46,2119,993,1126
050,45,035,"South Carolina","Dorchester County",5,47,2022,963,1059
050,45,035,"South Carolina","Dorchester County",5,48,1969,941,1028
050,45,035,"South Carolina","Dorchester County",5,49,1938,967,971
050,45,035,"South Carolina","Dorchester County",5,50,2024,984,1040
050,45,035,"South Carolina","Dorchester County",5,51,2142,1023,1119
050,45,035,"South Carolina","Dorchester County",5,52,2170,1068,1102
050,45,035,"South Carolina","Dorchester County",5,53,2167,1058,1109
050,45,035,"South Carolina","Dorchester County",5,54,2084,1024,1060
050,45,035,"South Carolina","Dorchester County",5,55,2119,1028,1091
050,45,035,"South Carolina","Dorchester County",5,56,2054,965,1089
050,45,035,"South Carolina","Dorchester County",5,57,2065,1010,1055
050,45,035,"South Carolina","Dorchester County",5,58,2095,992,1103
050,45,035,"South Carolina","Dorchester County",5,59,2145,1041,1104
050,45,035,"South Carolina","Dorchester County",5,60,2176,1033,1143
050,45,035,"South Carolina","Dorchester County",5,61,2138,1044,1094
050,45,035,"South Carolina","Dorchester County",5,62,2167,1053,1114
050,45,035,"South Carolina","Dorchester County",5,63,2125,1021,1104
050,45,035,"South Carolina","Dorchester County",5,64,1968,941,1027
050,45,035,"South Carolina","Dorchester County",5,65,1951,940,1011
050,45,035,"South Carolina","Dorchester County",5,66,1805,841,964
050,45,035,"South Carolina","Dorchester County",5,67,1774,801,973
050,45,035,"South Carolina","Dorchester County",5,68,1749,784,965
050,45,035,"South Carolina","Dorchester County",5,69,1599,717,882
050,45,035,"South Carolina","Dorchester County",5,70,1566,673,893
050,45,035,"South Carolina","Dorchester County",5,71,1550,710,840
050,45,035,"South Carolina","Dorchester County",5,72,1504,650,854
050,45,035,"South Carolina","Dorchester County",5,73,1401,629,772
050,45,035,"South Carolina","Dorchester County",5,74,1364,631,733
050,45,035,"South Carolina","Dorchester County",5,75,1338,618,720
050,45,035,"South Carolina","Dorchester County",5,76,1298,616,682
050,45,035,"South Carolina","Dorchester County",5,77,953,432,521
050,45,035,"South Carolina","Dorchester County",5,78,876,398,478
050,45,035,"South Carolina","Dorchester County",5,79,809,351,458
050,45,035,"South Carolina","Dorchester County",5,80,770,347,423
050,45,035,"South Carolina","Dorchester County",5,81,657,287,370
050,45,035,"South Carolina","Dorchester County",5,82,538,224,314
050,45,035,"South Carolina","Dorchester County",5,83,444,173,271
050,45,035,"South Carolina","Dorchester County",5,84,394,168,226
050,45,035,"South Carolina","Dorchester County",5,85,2213,807,1406
050,45,037,"South Carolina","Edgefield County",1,0,173,89,84
050,45,037,"South Carolina","Edgefield County",1,1,176,96,80
050,45,037,"South Carolina","Edgefield County",1,2,193,91,102
050,45,037,"South Carolina","Edgefield County",1,3,204,107,97
050,45,037,"South Carolina","Edgefield County",1,4,230,125,105
050,45,037,"South Carolina","Edgefield County",1,5,226,107,119
050,45,037,"South Carolina","Edgefield County",1,6,254,122,132
050,45,037,"South Carolina","Edgefield County",1,7,237,119,118
050,45,037,"South Carolina","Edgefield County",1,8,238,116,122
050,45,037,"South Carolina","Edgefield County",1,9,215,108,107
050,45,037,"South Carolina","Edgefield County",1,10,268,133,135
050,45,037,"South Carolina","Edgefield County",1,11,291,136,155
050,45,037,"South Carolina","Edgefield County",1,12,265,124,141
050,45,037,"South Carolina","Edgefield County",1,13,287,149,138
050,45,037,"South Carolina","Edgefield County",1,14,308,162,146
050,45,037,"South Carolina","Edgefield County",1,15,311,159,152
050,45,037,"South Carolina","Edgefield County",1,16,311,153,158
050,45,037,"South Carolina","Edgefield County",1,17,318,169,149
050,45,037,"South Carolina","Edgefield County",1,18,308,176,132
050,45,037,"South Carolina","Edgefield County",1,19,282,170,112
050,45,037,"South Carolina","Edgefield County",1,20,286,175,111
050,45,037,"South Carolina","Edgefield County",1,21,294,179,115
050,45,037,"South Carolina","Edgefield County",1,22,321,189,132
050,45,037,"South Carolina","Edgefield County",1,23,303,179,124
050,45,037,"South Carolina","Edgefield County",1,24,300,172,128
050,45,037,"South Carolina","Edgefield County",1,25,312,186,126
050,45,037,"South Carolina","Edgefield County",1,26,336,197,139
050,45,037,"South Carolina","Edgefield County",1,27,316,170,146
050,45,037,"South Carolina","Edgefield County",1,28,361,206,155
050,45,037,"South Carolina","Edgefield County",1,29,362,224,138
050,45,037,"South Carolina","Edgefield County",1,30,329,195,134
050,45,037,"South Carolina","Edgefield County",1,31,359,226,133
050,45,037,"South Carolina","Edgefield County",1,32,325,206,119
050,45,037,"South Carolina","Edgefield County",1,33,379,250,129
050,45,037,"South Carolina","Edgefield County",1,34,314,206,108
050,45,037,"South Carolina","Edgefield County",1,35,331,212,119
050,45,037,"South Carolina","Edgefield County",1,36,332,208,124
050,45,037,"South Carolina","Edgefield County",1,37,343,205,138
050,45,037,"South Carolina","Edgefield County",1,38,352,202,150
050,45,037,"South Carolina","Edgefield County",1,39,384,229,155
050,45,037,"South Carolina","Edgefield County",1,40,343,202,141
050,45,037,"South Carolina","Edgefield County",1,41,314,185,129
050,45,037,"South Carolina","Edgefield County",1,42,330,194,136
050,45,037,"South Carolina","Edgefield County",1,43,314,165,149
050,45,037,"South Carolina","Edgefield County",1,44,264,142,122
050,45,037,"South Carolina","Edgefield County",1,45,310,173,137
050,45,037,"South Carolina","Edgefield County",1,46,323,187,136
050,45,037,"South Carolina","Edgefield County",1,47,313,189,124
050,45,037,"South Carolina","Edgefield County",1,48,343,181,162
050,45,037,"South Carolina","Edgefield County",1,49,385,202,183
050,45,037,"South Carolina","Edgefield County",1,50,357,178,179
050,45,037,"South Carolina","Edgefield County",1,51,363,199,164
050,45,037,"South Carolina","Edgefield County",1,52,344,189,155
050,45,037,"South Carolina","Edgefield County",1,53,357,196,161
050,45,037,"South Carolina","Edgefield County",1,54,373,200,173
050,45,037,"South Carolina","Edgefield County",1,55,367,188,179
050,45,037,"South Carolina","Edgefield County",1,56,398,213,185
050,45,037,"South Carolina","Edgefield County",1,57,404,208,196
050,45,037,"South Carolina","Edgefield County",1,58,375,184,191
050,45,037,"South Carolina","Edgefield County",1,59,398,199,199
050,45,037,"South Carolina","Edgefield County",1,60,389,189,200
050,45,037,"South Carolina","Edgefield County",1,61,403,210,193
050,45,037,"South Carolina","Edgefield County",1,62,406,227,179
050,45,037,"South Carolina","Edgefield County",1,63,382,193,189
050,45,037,"South Carolina","Edgefield County",1,64,351,175,176
050,45,037,"South Carolina","Edgefield County",1,65,359,171,188
050,45,037,"South Carolina","Edgefield County",1,66,351,174,177
050,45,037,"South Carolina","Edgefield County",1,67,347,169,178
050,45,037,"South Carolina","Edgefield County",1,68,297,145,152
050,45,037,"South Carolina","Edgefield County",1,69,298,153,145
050,45,037,"South Carolina","Edgefield County",1,70,312,168,144
050,45,037,"South Carolina","Edgefield County",1,71,310,154,156
050,45,037,"South Carolina","Edgefield County",1,72,312,148,164
050,45,037,"South Carolina","Edgefield County",1,73,303,149,154
050,45,037,"South Carolina","Edgefield County",1,74,222,94,128
050,45,037,"South Carolina","Edgefield County",1,75,191,81,110
050,45,037,"South Carolina","Edgefield County",1,76,185,87,98
050,45,037,"South Carolina","Edgefield County",1,77,182,94,88
050,45,037,"South Carolina","Edgefield County",1,78,158,77,81
050,45,037,"South Carolina","Edgefield County",1,79,144,66,78
050,45,037,"South Carolina","Edgefield County",1,80,135,58,77
050,45,037,"South Carolina","Edgefield County",1,81,126,63,63
050,45,037,"South Carolina","Edgefield County",1,82,120,53,67
050,45,037,"South Carolina","Edgefield County",1,83,91,37,54
050,45,037,"South Carolina","Edgefield County",1,84,83,32,51
050,45,037,"South Carolina","Edgefield County",1,85,479,176,303
050,45,037,"South Carolina","Edgefield County",2,0,169,88,81
050,45,037,"South Carolina","Edgefield County",2,1,176,93,83
050,45,037,"South Carolina","Edgefield County",2,2,192,93,99
050,45,037,"South Carolina","Edgefield County",2,3,203,104,99
050,45,037,"South Carolina","Edgefield County",2,4,223,121,102
050,45,037,"South Carolina","Edgefield County",2,5,228,112,116
050,45,037,"South Carolina","Edgefield County",2,6,250,120,130
050,45,037,"South Carolina","Edgefield County",2,7,242,120,122
050,45,037,"South Carolina","Edgefield County",2,8,235,115,120
050,45,037,"South Carolina","Edgefield County",2,9,223,111,112
050,45,037,"South Carolina","Edgefield County",2,10,254,126,128
050,45,037,"South Carolina","Edgefield County",2,11,282,132,150
050,45,037,"South Carolina","Edgefield County",2,12,268,126,142
050,45,037,"South Carolina","Edgefield County",2,13,283,143,140
050,45,037,"South Carolina","Edgefield County",2,14,302,158,144
050,45,037,"South Carolina","Edgefield County",2,15,311,160,151
050,45,037,"South Carolina","Edgefield County",2,16,309,153,156
050,45,037,"South Carolina","Edgefield County",2,17,315,164,151
050,45,037,"South Carolina","Edgefield County",2,18,304,174,130
050,45,037,"South Carolina","Edgefield County",2,19,282,169,113
050,45,037,"South Carolina","Edgefield County",2,20,294,181,113
050,45,037,"South Carolina","Edgefield County",2,21,296,179,117
050,45,037,"South Carolina","Edgefield County",2,22,317,188,129
050,45,037,"South Carolina","Edgefield County",2,23,306,178,128
050,45,037,"South Carolina","Edgefield County",2,24,299,173,126
050,45,037,"South Carolina","Edgefield County",2,25,311,185,126
050,45,037,"South Carolina","Edgefield County",2,26,332,194,138
050,45,037,"South Carolina","Edgefield County",2,27,318,173,145
050,45,037,"South Carolina","Edgefield County",2,28,355,203,152
050,45,037,"South Carolina","Edgefield County",2,29,363,221,142
050,45,037,"South Carolina","Edgefield County",2,30,341,202,139
050,45,037,"South Carolina","Edgefield County",2,31,359,227,132
050,45,037,"South Carolina","Edgefield County",2,32,330,206,124
050,45,037,"South Carolina","Edgefield County",2,33,372,247,125
050,45,037,"South Carolina","Edgefield County",2,34,321,207,114
050,45,037,"South Carolina","Edgefield County",2,35,337,219,118
050,45,037,"South Carolina","Edgefield County",2,36,326,202,124
050,45,037,"South Carolina","Edgefield County",2,37,344,207,137
050,45,037,"South Carolina","Edgefield County",2,38,353,203,150
050,45,037,"South Carolina","Edgefield County",2,39,374,223,151
050,45,037,"South Carolina","Edgefield County",2,40,355,210,145
050,45,037,"South Carolina","Edgefield County",2,41,322,188,134
050,45,037,"South Carolina","Edgefield County",2,42,332,198,134
050,45,037,"South Carolina","Edgefield County",2,43,315,168,147
050,45,037,"South Carolina","Edgefield County",2,44,274,148,126
050,45,037,"South Carolina","Edgefield County",2,45,298,164,134
050,45,037,"South Carolina","Edgefield County",2,46,318,185,133
050,45,037,"South Carolina","Edgefield County",2,47,318,191,127
050,45,037,"South Carolina","Edgefield County",2,48,336,183,153
050,45,037,"South Carolina","Edgefield County",2,49,374,194,180
050,45,037,"South Carolina","Edgefield County",2,50,360,181,179
050,45,037,"South Carolina","Edgefield County",2,51,370,204,166
050,45,037,"South Carolina","Edgefield County",2,52,348,189,159
050,45,037,"South Carolina","Edgefield County",2,53,350,188,162
050,45,037,"South Carolina","Edgefield County",2,54,372,203,169
050,45,037,"South Carolina","Edgefield County",2,55,367,191,176
050,45,037,"South Carolina","Edgefield County",2,56,391,208,183
050,45,037,"South Carolina","Edgefield County",2,57,404,212,192
050,45,037,"South Carolina","Edgefield County",2,58,380,188,192
050,45,037,"South Carolina","Edgefield County",2,59,397,200,197
050,45,037,"South Carolina","Edgefield County",2,60,392,191,201
050,45,037,"South Carolina","Edgefield County",2,61,401,205,196
050,45,037,"South Carolina","Edgefield County",2,62,402,219,183
050,45,037,"South Carolina","Edgefield County",2,63,391,202,189
050,45,037,"South Carolina","Edgefield County",2,64,362,182,180
050,45,037,"South Carolina","Edgefield County",2,65,357,171,186
050,45,037,"South Carolina","Edgefield County",2,66,356,174,182
050,45,037,"South Carolina","Edgefield County",2,67,346,169,177
050,45,037,"South Carolina","Edgefield County",2,68,302,145,157
050,45,037,"South Carolina","Edgefield County",2,69,299,152,147
050,45,037,"South Carolina","Edgefield County",2,70,308,165,143
050,45,037,"South Carolina","Edgefield County",2,71,312,157,155
050,45,037,"South Carolina","Edgefield County",2,72,308,147,161
050,45,037,"South Carolina","Edgefield County",2,73,319,156,163
050,45,037,"South Carolina","Edgefield County",2,74,228,101,127
050,45,037,"South Carolina","Edgefield County",2,75,198,84,114
050,45,037,"South Carolina","Edgefield County",2,76,182,84,98
050,45,037,"South Carolina","Edgefield County",2,77,183,91,92
050,45,037,"South Carolina","Edgefield County",2,78,159,78,81
050,45,037,"South Carolina","Edgefield County",2,79,144,66,78
050,45,037,"South Carolina","Edgefield County",2,80,138,59,79
050,45,037,"South Carolina","Edgefield County",2,81,125,61,64
050,45,037,"South Carolina","Edgefield County",2,82,119,54,65
050,45,037,"South Carolina","Edgefield County",2,83,97,41,56
050,45,037,"South Carolina","Edgefield County",2,84,83,34,49
050,45,037,"South Carolina","Edgefield County",2,85,480,173,307
050,45,037,"South Carolina","Edgefield County",3,0,171,90,81
050,45,037,"South Carolina","Edgefield County",3,1,210,96,114
050,45,037,"South Carolina","Edgefield County",3,2,199,97,102
050,45,037,"South Carolina","Edgefield County",3,3,214,103,111
050,45,037,"South Carolina","Edgefield County",3,4,203,100,103
050,45,037,"South Carolina","Edgefield County",3,5,231,129,102
050,45,037,"South Carolina","Edgefield County",3,6,244,122,122
050,45,037,"South Carolina","Edgefield County",3,7,257,128,129
050,45,037,"South Carolina","Edgefield County",3,8,250,123,127
050,45,037,"South Carolina","Edgefield County",3,9,240,121,119
050,45,037,"South Carolina","Edgefield County",3,10,234,108,126
050,45,037,"South Carolina","Edgefield County",3,11,260,134,126
050,45,037,"South Carolina","Edgefield County",3,12,273,128,145
050,45,037,"South Carolina","Edgefield County",3,13,282,128,154
050,45,037,"South Carolina","Edgefield County",3,14,274,142,132
050,45,037,"South Carolina","Edgefield County",3,15,307,161,146
050,45,037,"South Carolina","Edgefield County",3,16,302,159,143
050,45,037,"South Carolina","Edgefield County",3,17,319,165,154
050,45,037,"South Carolina","Edgefield County",3,18,296,169,127
050,45,037,"South Carolina","Edgefield County",3,19,272,167,105
050,45,037,"South Carolina","Edgefield County",3,20,317,188,129
050,45,037,"South Carolina","Edgefield County",3,21,315,187,128
050,45,037,"South Carolina","Edgefield County",3,22,316,195,121
050,45,037,"South Carolina","Edgefield County",3,23,293,180,113
050,45,037,"South Carolina","Edgefield County",3,24,314,177,137
050,45,037,"South Carolina","Edgefield County",3,25,331,198,133
050,45,037,"South Carolina","Edgefield County",3,26,322,197,125
050,45,037,"South Carolina","Edgefield County",3,27,341,191,150
050,45,037,"South Carolina","Edgefield County",3,28,345,201,144
050,45,037,"South Carolina","Edgefield County",3,29,387,232,155
050,45,037,"South Carolina","Edgefield County",3,30,380,223,157
050,45,037,"South Carolina","Edgefield County",3,31,401,254,147
050,45,037,"South Carolina","Edgefield County",3,32,367,221,146
050,45,037,"South Carolina","Edgefield County",3,33,383,243,140
050,45,037,"South Carolina","Edgefield County",3,34,371,235,136
050,45,037,"South Carolina","Edgefield County",3,35,368,255,113
050,45,037,"South Carolina","Edgefield County",3,36,328,206,122
050,45,037,"South Carolina","Edgefield County",3,37,356,224,132
050,45,037,"South Carolina","Edgefield County",3,38,347,210,137
050,45,037,"South Carolina","Edgefield County",3,39,363,215,148
050,45,037,"South Carolina","Edgefield County",3,40,379,222,157
050,45,037,"South Carolina","Edgefield County",3,41,340,192,148
050,45,037,"South Carolina","Edgefield County",3,42,355,227,128
050,45,037,"South Carolina","Edgefield County",3,43,313,179,134
050,45,037,"South Carolina","Edgefield County",3,44,319,174,145
050,45,037,"South Carolina","Edgefield County",3,45,280,153,127
050,45,037,"South Carolina","Edgefield County",3,46,331,182,149
050,45,037,"South Carolina","Edgefield County",3,47,353,205,148
050,45,037,"South Carolina","Edgefield County",3,48,318,189,129
050,45,037,"South Carolina","Edgefield County",3,49,329,174,155
050,45,037,"South Carolina","Edgefield County",3,50,371,184,187
050,45,037,"South Carolina","Edgefield County",3,51,400,222,178
050,45,037,"South Carolina","Edgefield County",3,52,377,203,174
050,45,037,"South Carolina","Edgefield County",3,53,340,178,162
050,45,037,"South Carolina","Edgefield County",3,54,366,202,164
050,45,037,"South Carolina","Edgefield County",3,55,378,202,176
050,45,037,"South Carolina","Edgefield County",3,56,375,198,177
050,45,037,"South Carolina","Edgefield County",3,57,399,205,194
050,45,037,"South Carolina","Edgefield County",3,58,384,196,188
050,45,037,"South Carolina","Edgefield County",3,59,394,197,197
050,45,037,"South Carolina","Edgefield County",3,60,398,200,198
050,45,037,"South Carolina","Edgefield County",3,61,407,203,204
050,45,037,"South Carolina","Edgefield County",3,62,402,199,203
050,45,037,"South Carolina","Edgefield County",3,63,387,206,181
050,45,037,"South Carolina","Edgefield County",3,64,397,207,190
050,45,037,"South Carolina","Edgefield County",3,65,364,175,189
050,45,037,"South Carolina","Edgefield County",3,66,353,171,182
050,45,037,"South Carolina","Edgefield County",3,67,358,178,180
050,45,037,"South Carolina","Edgefield County",3,68,332,153,179
050,45,037,"South Carolina","Edgefield County",3,69,305,152,153
050,45,037,"South Carolina","Edgefield County",3,70,300,147,153
050,45,037,"South Carolina","Edgefield County",3,71,299,156,143
050,45,037,"South Carolina","Edgefield County",3,72,304,153,151
050,45,037,"South Carolina","Edgefield County",3,73,300,143,157
050,45,037,"South Carolina","Edgefield County",3,74,314,152,162
050,45,037,"South Carolina","Edgefield County",3,75,223,96,127
050,45,037,"South Carolina","Edgefield County",3,76,191,76,115
050,45,037,"South Carolina","Edgefield County",3,77,181,81,100
050,45,037,"South Carolina","Edgefield County",3,78,176,90,86
050,45,037,"South Carolina","Edgefield County",3,79,149,76,73
050,45,037,"South Carolina","Edgefield County",3,80,134,59,75
050,45,037,"South Carolina","Edgefield County",3,81,127,52,75
050,45,037,"South Carolina","Edgefield County",3,82,113,55,58
050,45,037,"South Carolina","Edgefield County",3,83,111,50,61
050,45,037,"South Carolina","Edgefield County",3,84,86,36,50
050,45,037,"South Carolina","Edgefield County",3,85,479,163,316
050,45,037,"South Carolina","Edgefield County",4,0,192,85,107
050,45,037,"South Carolina","Edgefield County",4,1,178,93,85
050,45,037,"South Carolina","Edgefield County",4,2,231,109,122
050,45,037,"South Carolina","Edgefield County",4,3,212,105,107
050,45,037,"South Carolina","Edgefield County",4,4,205,104,101
050,45,037,"South Carolina","Edgefield County",4,5,218,109,109
050,45,037,"South Carolina","Edgefield County",4,6,243,136,107
050,45,037,"South Carolina","Edgefield County",4,7,261,127,134
050,45,037,"South Carolina","Edgefield County",4,8,268,137,131
050,45,037,"South Carolina","Edgefield County",4,9,277,139,138
050,45,037,"South Carolina","Edgefield County",4,10,249,129,120
050,45,037,"South Carolina","Edgefield County",4,11,249,121,128
050,45,037,"South Carolina","Edgefield County",4,12,267,135,132
050,45,037,"South Carolina","Edgefield County",4,13,288,133,155
050,45,037,"South Carolina","Edgefield County",4,14,286,130,156
050,45,037,"South Carolina","Edgefield County",4,15,283,147,136
050,45,037,"South Carolina","Edgefield County",4,16,302,157,145
050,45,037,"South Carolina","Edgefield County",4,17,313,169,144
050,45,037,"South Carolina","Edgefield County",4,18,293,164,129
050,45,037,"South Carolina","Edgefield County",4,19,265,161,104
050,45,037,"South Carolina","Edgefield County",4,20,301,190,111
050,45,037,"South Carolina","Edgefield County",4,21,327,192,135
050,45,037,"South Carolina","Edgefield County",4,22,342,199,143
050,45,037,"South Carolina","Edgefield County",4,23,303,184,119
050,45,037,"South Carolina","Edgefield County",4,24,307,183,124
050,45,037,"South Carolina","Edgefield County",4,25,321,196,125
050,45,037,"South Carolina","Edgefield County",4,26,335,206,129
050,45,037,"South Carolina","Edgefield County",4,27,323,185,138
050,45,037,"South Carolina","Edgefield County",4,28,374,222,152
050,45,037,"South Carolina","Edgefield County",4,29,383,226,157
050,45,037,"South Carolina","Edgefield County",4,30,403,237,166
050,45,037,"South Carolina","Edgefield County",4,31,414,246,168
050,45,037,"South Carolina","Edgefield County",4,32,426,265,161
050,45,037,"South Carolina","Edgefield County",4,33,416,264,152
050,45,037,"South Carolina","Edgefield County",4,34,362,208,154
050,45,037,"South Carolina","Edgefield County",4,35,414,271,143
050,45,037,"South Carolina","Edgefield County",4,36,354,239,115
050,45,037,"South Carolina","Edgefield County",4,37,352,225,127
050,45,037,"South Carolina","Edgefield County",4,38,366,221,145
050,45,037,"South Carolina","Edgefield County",4,39,364,218,146
050,45,037,"South Carolina","Edgefield County",4,40,376,215,161
050,45,037,"South Carolina","Edgefield County",4,41,377,213,164
050,45,037,"South Carolina","Edgefield County",4,42,397,234,163
050,45,037,"South Carolina","Edgefield County",4,43,340,205,135
050,45,037,"South Carolina","Edgefield County",4,44,317,179,138
050,45,037,"South Carolina","Edgefield County",4,45,331,182,149
050,45,037,"South Carolina","Edgefield County",4,46,290,166,124
050,45,037,"South Carolina","Edgefield County",4,47,351,194,157
050,45,037,"South Carolina","Edgefield County",4,48,349,206,143
050,45,037,"South Carolina","Edgefield County",4,49,312,183,129
050,45,037,"South Carolina","Edgefield County",4,50,321,161,160
050,45,037,"South Carolina","Edgefield County",4,51,423,233,190
050,45,037,"South Carolina","Edgefield County",4,52,397,211,186
050,45,037,"South Carolina","Edgefield County",4,53,377,195,182
050,45,037,"South Carolina","Edgefield County",4,54,352,187,165
050,45,037,"South Carolina","Edgefield County",4,55,377,208,169
050,45,037,"South Carolina","Edgefield County",4,56,377,194,183
050,45,037,"South Carolina","Edgefield County",4,57,391,207,184
050,45,037,"South Carolina","Edgefield County",4,58,381,190,191
050,45,037,"South Carolina","Edgefield County",4,59,399,203,196
050,45,037,"South Carolina","Edgefield County",4,60,399,195,204
050,45,037,"South Carolina","Edgefield County",4,61,414,210,204
050,45,037,"South Carolina","Edgefield County",4,62,395,192,203
050,45,037,"South Carolina","Edgefield County",4,63,395,194,201
050,45,037,"South Carolina","Edgefield County",4,64,394,208,186
050,45,037,"South Carolina","Edgefield County",4,65,394,209,185
050,45,037,"South Carolina","Edgefield County",4,66,373,177,196
050,45,037,"South Carolina","Edgefield County",4,67,355,176,179
050,45,037,"South Carolina","Edgefield County",4,68,350,167,183
050,45,037,"South Carolina","Edgefield County",4,69,337,163,174
050,45,037,"South Carolina","Edgefield County",4,70,305,150,155
050,45,037,"South Carolina","Edgefield County",4,71,298,144,154
050,45,037,"South Carolina","Edgefield County",4,72,296,154,142
050,45,037,"South Carolina","Edgefield County",4,73,309,155,154
050,45,037,"South Carolina","Edgefield County",4,74,298,140,158
050,45,037,"South Carolina","Edgefield County",4,75,319,155,164
050,45,037,"South Carolina","Edgefield County",4,76,215,92,123
050,45,037,"South Carolina","Edgefield County",4,77,181,71,110
050,45,037,"South Carolina","Edgefield County",4,78,174,77,97
050,45,037,"South Carolina","Edgefield County",4,79,168,84,84
050,45,037,"South Carolina","Edgefield County",4,80,140,72,68
050,45,037,"South Carolina","Edgefield County",4,81,123,51,72
050,45,037,"South Carolina","Edgefield County",4,82,119,48,71
050,45,037,"South Carolina","Edgefield County",4,83,109,53,56
050,45,037,"South Carolina","Edgefield County",4,84,100,46,54
050,45,037,"South Carolina","Edgefield County",4,85,497,180,317
050,45,037,"South Carolina","Edgefield County",5,0,198,89,109
050,45,037,"South Carolina","Edgefield County",5,1,221,97,124
050,45,037,"South Carolina","Edgefield County",5,2,198,102,96
050,45,037,"South Carolina","Edgefield County",5,3,236,109,127
050,45,037,"South Carolina","Edgefield County",5,4,220,110,110
050,45,037,"South Carolina","Edgefield County",5,5,212,109,103
050,45,037,"South Carolina","Edgefield County",5,6,227,116,111
050,45,037,"South Carolina","Edgefield County",5,7,261,141,120
050,45,037,"South Carolina","Edgefield County",5,8,268,129,139
050,45,037,"South Carolina","Edgefield County",5,9,280,144,136
050,45,037,"South Carolina","Edgefield County",5,10,289,151,138
050,45,037,"South Carolina","Edgefield County",5,11,262,131,131
050,45,037,"South Carolina","Edgefield County",5,12,245,117,128
050,45,037,"South Carolina","Edgefield County",5,13,271,142,129
050,45,037,"South Carolina","Edgefield County",5,14,291,136,155
050,45,037,"South Carolina","Edgefield County",5,15,288,128,160
050,45,037,"South Carolina","Edgefield County",5,16,291,142,149
050,45,037,"South Carolina","Edgefield County",5,17,309,158,151
050,45,037,"South Carolina","Edgefield County",5,18,294,175,119
050,45,037,"South Carolina","Edgefield County",5,19,272,160,112
050,45,037,"South Carolina","Edgefield County",5,20,314,188,126
050,45,037,"South Carolina","Edgefield County",5,21,316,192,124
050,45,037,"South Carolina","Edgefield County",5,22,345,198,147
050,45,037,"South Carolina","Edgefield County",5,23,336,189,147
050,45,037,"South Carolina","Edgefield County",5,24,308,187,121
050,45,037,"South Carolina","Edgefield County",5,25,331,206,125
050,45,037,"South Carolina","Edgefield County",5,26,329,206,123
050,45,037,"South Carolina","Edgefield County",5,27,328,189,139
050,45,037,"South Carolina","Edgefield County",5,28,364,219,145
050,45,037,"South Carolina","Edgefield County",5,29,417,263,154
050,45,037,"South Carolina","Edgefield County",5,30,393,232,161
050,45,037,"South Carolina","Edgefield County",5,31,426,267,159
050,45,037,"South Carolina","Edgefield County",5,32,409,232,177
050,45,037,"South Carolina","Edgefield County",5,33,473,298,175
050,45,037,"South Carolina","Edgefield County",5,34,401,235,166
050,45,037,"South Carolina","Edgefield County",5,35,401,253,148
050,45,037,"South Carolina","Edgefield County",5,36,396,253,143
050,45,037,"South Carolina","Edgefield County",5,37,379,255,124
050,45,037,"South Carolina","Edgefield County",5,38,363,234,129
050,45,037,"South Carolina","Edgefield County",5,39,384,237,147
050,45,037,"South Carolina","Edgefield County",5,40,373,219,154
050,45,037,"South Carolina","Edgefield County",5,41,380,205,175
050,45,037,"South Carolina","Edgefield County",5,42,411,241,170
050,45,037,"South Carolina","Edgefield County",5,43,376,208,168
050,45,037,"South Carolina","Edgefield County",5,44,347,200,147
050,45,037,"South Carolina","Edgefield County",5,45,328,186,142
050,45,037,"South Carolina","Edgefield County",5,46,361,199,162
050,45,037,"South Carolina","Edgefield County",5,47,311,180,131
050,45,037,"South Carolina","Edgefield County",5,48,359,186,173
050,45,037,"South Carolina","Edgefield County",5,49,350,198,152
050,45,037,"South Carolina","Edgefield County",5,50,306,166,140
050,45,037,"South Carolina","Edgefield County",5,51,379,206,173
050,45,037,"South Carolina","Edgefield County",5,52,417,217,200
050,45,037,"South Carolina","Edgefield County",5,53,389,202,187
050,45,037,"South Carolina","Edgefield County",5,54,386,204,182
050,45,037,"South Carolina","Edgefield County",5,55,344,182,162
050,45,037,"South Carolina","Edgefield County",5,56,372,209,163
050,45,037,"South Carolina","Edgefield County",5,57,391,202,189
050,45,037,"South Carolina","Edgefield County",5,58,396,208,188
050,45,037,"South Carolina","Edgefield County",5,59,393,194,199
050,45,037,"South Carolina","Edgefield County",5,60,393,195,198
050,45,037,"South Carolina","Edgefield County",5,61,422,214,208
050,45,037,"South Carolina","Edgefield County",5,62,401,205,196
050,45,037,"South Carolina","Edgefield County",5,63,399,187,212
050,45,037,"South Carolina","Edgefield County",5,64,400,191,209
050,45,037,"South Carolina","Edgefield County",5,65,391,208,183
050,45,037,"South Carolina","Edgefield County",5,66,407,218,189
050,45,037,"South Carolina","Edgefield County",5,67,378,189,189
050,45,037,"South Carolina","Edgefield County",5,68,347,162,185
050,45,037,"South Carolina","Edgefield County",5,69,350,172,178
050,45,037,"South Carolina","Edgefield County",5,70,338,166,172
050,45,037,"South Carolina","Edgefield County",5,71,293,140,153
050,45,037,"South Carolina","Edgefield County",5,72,301,145,156
050,45,037,"South Carolina","Edgefield County",5,73,286,149,137
050,45,037,"South Carolina","Edgefield County",5,74,298,149,149
050,45,037,"South Carolina","Edgefield County",5,75,298,142,156
050,45,037,"South Carolina","Edgefield County",5,76,309,148,161
050,45,037,"South Carolina","Edgefield County",5,77,202,86,116
050,45,037,"South Carolina","Edgefield County",5,78,168,67,101
050,45,037,"South Carolina","Edgefield County",5,79,166,72,94
050,45,037,"South Carolina","Edgefield County",5,80,156,77,79
050,45,037,"South Carolina","Edgefield County",5,81,130,63,67
050,45,037,"South Carolina","Edgefield County",5,82,115,46,69
050,45,037,"South Carolina","Edgefield County",5,83,113,46,67
050,45,037,"South Carolina","Edgefield County",5,84,96,48,48
050,45,037,"South Carolina","Edgefield County",5,85,535,208,327
050,45,039,"South Carolina","Fairfield County",1,0,180,94,86
050,45,039,"South Carolina","Fairfield County",1,1,191,101,90
050,45,039,"South Carolina","Fairfield County",1,2,199,103,96
050,45,039,"South Carolina","Fairfield County",1,3,179,104,75
050,45,039,"South Carolina","Fairfield County",1,4,191,101,90
050,45,039,"South Carolina","Fairfield County",1,5,190,90,100
050,45,039,"South Carolina","Fairfield County",1,6,192,94,98
050,45,039,"South Carolina","Fairfield County",1,7,211,112,99
050,45,039,"South Carolina","Fairfield County",1,8,228,115,113
050,45,039,"South Carolina","Fairfield County",1,9,221,111,110
050,45,039,"South Carolina","Fairfield County",1,10,229,115,114
050,45,039,"South Carolina","Fairfield County",1,11,226,120,106
050,45,039,"South Carolina","Fairfield County",1,12,233,115,118
050,45,039,"South Carolina","Fairfield County",1,13,263,137,126
050,45,039,"South Carolina","Fairfield County",1,14,270,141,129
050,45,039,"South Carolina","Fairfield County",1,15,257,139,118
050,45,039,"South Carolina","Fairfield County",1,16,239,126,113
050,45,039,"South Carolina","Fairfield County",1,17,232,121,111
050,45,039,"South Carolina","Fairfield County",1,18,213,119,94
050,45,039,"South Carolina","Fairfield County",1,19,192,107,85
050,45,039,"South Carolina","Fairfield County",1,20,207,105,102
050,45,039,"South Carolina","Fairfield County",1,21,195,90,105
050,45,039,"South Carolina","Fairfield County",1,22,233,113,120
050,45,039,"South Carolina","Fairfield County",1,23,243,117,126
050,45,039,"South Carolina","Fairfield County",1,24,241,115,126
050,45,039,"South Carolina","Fairfield County",1,25,224,108,116
050,45,039,"South Carolina","Fairfield County",1,26,252,126,126
050,45,039,"South Carolina","Fairfield County",1,27,255,132,123
050,45,039,"South Carolina","Fairfield County",1,28,224,103,121
050,45,039,"South Carolina","Fairfield County",1,29,236,107,129
050,45,039,"South Carolina","Fairfield County",1,30,235,100,135
050,45,039,"South Carolina","Fairfield County",1,31,227,97,130
050,45,039,"South Carolina","Fairfield County",1,32,226,95,131
050,45,039,"South Carolina","Fairfield County",1,33,221,110,111
050,45,039,"South Carolina","Fairfield County",1,34,199,93,106
050,45,039,"South Carolina","Fairfield County",1,35,179,90,89
050,45,039,"South Carolina","Fairfield County",1,36,201,99,102
050,45,039,"South Carolina","Fairfield County",1,37,214,98,116
050,45,039,"South Carolina","Fairfield County",1,38,209,99,110
050,45,039,"South Carolina","Fairfield County",1,39,209,105,104
050,45,039,"South Carolina","Fairfield County",1,40,208,100,108
050,45,039,"South Carolina","Fairfield County",1,41,240,108,132
050,45,039,"South Carolina","Fairfield County",1,42,215,97,118
050,45,039,"South Carolina","Fairfield County",1,43,214,111,103
050,45,039,"South Carolina","Fairfield County",1,44,209,103,106
050,45,039,"South Carolina","Fairfield County",1,45,224,112,112
050,45,039,"South Carolina","Fairfield County",1,46,249,118,131
050,45,039,"South Carolina","Fairfield County",1,47,240,109,131
050,45,039,"South Carolina","Fairfield County",1,48,276,137,139
050,45,039,"South Carolina","Fairfield County",1,49,283,139,144
050,45,039,"South Carolina","Fairfield County",1,50,273,130,143
050,45,039,"South Carolina","Fairfield County",1,51,282,138,144
050,45,039,"South Carolina","Fairfield County",1,52,290,145,145
050,45,039,"South Carolina","Fairfield County",1,53,309,147,162
050,45,039,"South Carolina","Fairfield County",1,54,314,158,156
050,45,039,"South Carolina","Fairfield County",1,55,321,159,162
050,45,039,"South Carolina","Fairfield County",1,56,362,177,185
050,45,039,"South Carolina","Fairfield County",1,57,374,172,202
050,45,039,"South Carolina","Fairfield County",1,58,372,167,205
050,45,039,"South Carolina","Fairfield County",1,59,334,158,176
050,45,039,"South Carolina","Fairfield County",1,60,354,158,196
050,45,039,"South Carolina","Fairfield County",1,61,388,167,221
050,45,039,"South Carolina","Fairfield County",1,62,381,179,202
050,45,039,"South Carolina","Fairfield County",1,63,392,195,197
050,45,039,"South Carolina","Fairfield County",1,64,362,174,188
050,45,039,"South Carolina","Fairfield County",1,65,347,168,179
050,45,039,"South Carolina","Fairfield County",1,66,346,168,178
050,45,039,"South Carolina","Fairfield County",1,67,354,167,187
050,45,039,"South Carolina","Fairfield County",1,68,322,139,183
050,45,039,"South Carolina","Fairfield County",1,69,322,156,166
050,45,039,"South Carolina","Fairfield County",1,70,304,155,149
050,45,039,"South Carolina","Fairfield County",1,71,294,150,144
050,45,039,"South Carolina","Fairfield County",1,72,278,141,137
050,45,039,"South Carolina","Fairfield County",1,73,278,151,127
050,45,039,"South Carolina","Fairfield County",1,74,202,99,103
050,45,039,"South Carolina","Fairfield County",1,75,184,83,101
050,45,039,"South Carolina","Fairfield County",1,76,171,63,108
050,45,039,"South Carolina","Fairfield County",1,77,171,74,97
050,45,039,"South Carolina","Fairfield County",1,78,153,71,82
050,45,039,"South Carolina","Fairfield County",1,79,127,62,65
050,45,039,"South Carolina","Fairfield County",1,80,117,52,65
050,45,039,"South Carolina","Fairfield County",1,81,113,54,59
050,45,039,"South Carolina","Fairfield County",1,82,100,45,55
050,45,039,"South Carolina","Fairfield County",1,83,84,40,44
050,45,039,"South Carolina","Fairfield County",1,84,66,25,41
050,45,039,"South Carolina","Fairfield County",1,85,391,120,271
050,45,039,"South Carolina","Fairfield County",2,0,187,105,82
050,45,039,"South Carolina","Fairfield County",2,1,189,99,90
050,45,039,"South Carolina","Fairfield County",2,2,195,101,94
050,45,039,"South Carolina","Fairfield County",2,3,182,103,79
050,45,039,"South Carolina","Fairfield County",2,4,184,100,84
050,45,039,"South Carolina","Fairfield County",2,5,189,94,95
050,45,039,"South Carolina","Fairfield County",2,6,188,92,96
050,45,039,"South Carolina","Fairfield County",2,7,204,105,99
050,45,039,"South Carolina","Fairfield County",2,8,224,113,111
050,45,039,"South Carolina","Fairfield County",2,9,222,111,111
050,45,039,"South Carolina","Fairfield County",2,10,224,113,111
050,45,039,"South Carolina","Fairfield County",2,11,225,118,107
050,45,039,"South Carolina","Fairfield County",2,12,234,117,117
050,45,039,"South Carolina","Fairfield County",2,13,250,129,121
050,45,039,"South Carolina","Fairfield County",2,14,267,139,128
050,45,039,"South Carolina","Fairfield County",2,15,260,140,120
050,45,039,"South Carolina","Fairfield County",2,16,244,130,114
050,45,039,"South Carolina","Fairfield County",2,17,231,120,111
050,45,039,"South Carolina","Fairfield County",2,18,207,114,93
050,45,039,"South Carolina","Fairfield County",2,19,190,105,85
050,45,039,"South Carolina","Fairfield County",2,20,207,107,100
050,45,039,"South Carolina","Fairfield County",2,21,199,95,104
050,45,039,"South Carolina","Fairfield County",2,22,227,108,119
050,45,039,"South Carolina","Fairfield County",2,23,247,118,129
050,45,039,"South Carolina","Fairfield County",2,24,239,114,125
050,45,039,"South Carolina","Fairfield County",2,25,229,110,119
050,45,039,"South Carolina","Fairfield County",2,26,245,122,123
050,45,039,"South Carolina","Fairfield County",2,27,251,129,122
050,45,039,"South Carolina","Fairfield County",2,28,231,110,121
050,45,039,"South Carolina","Fairfield County",2,29,232,105,127
050,45,039,"South Carolina","Fairfield County",2,30,234,101,133
050,45,039,"South Carolina","Fairfield County",2,31,230,98,132
050,45,039,"South Carolina","Fairfield County",2,32,223,95,128
050,45,039,"South Carolina","Fairfield County",2,33,221,106,115
050,45,039,"South Carolina","Fairfield County",2,34,202,96,106
050,45,039,"South Carolina","Fairfield County",2,35,186,92,94
050,45,039,"South Carolina","Fairfield County",2,36,193,95,98
050,45,039,"South Carolina","Fairfield County",2,37,210,99,111
050,45,039,"South Carolina","Fairfield County",2,38,211,100,111
050,45,039,"South Carolina","Fairfield County",2,39,208,104,104
050,45,039,"South Carolina","Fairfield County",2,40,206,100,106
050,45,039,"South Carolina","Fairfield County",2,41,231,105,126
050,45,039,"South Carolina","Fairfield County",2,42,217,98,119
050,45,039,"South Carolina","Fairfield County",2,43,218,110,108
050,45,039,"South Carolina","Fairfield County",2,44,204,101,103
050,45,039,"South Carolina","Fairfield County",2,45,223,111,112
050,45,039,"South Carolina","Fairfield County",2,46,244,116,128
050,45,039,"South Carolina","Fairfield County",2,47,240,110,130
050,45,039,"South Carolina","Fairfield County",2,48,270,133,137
050,45,039,"South Carolina","Fairfield County",2,49,280,139,141
050,45,039,"South Carolina","Fairfield County",2,50,279,133,146
050,45,039,"South Carolina","Fairfield County",2,51,278,135,143
050,45,039,"South Carolina","Fairfield County",2,52,286,142,144
050,45,039,"South Carolina","Fairfield County",2,53,305,148,157
050,45,039,"South Carolina","Fairfield County",2,54,312,155,157
050,45,039,"South Carolina","Fairfield County",2,55,320,158,162
050,45,039,"South Carolina","Fairfield County",2,56,353,173,180
050,45,039,"South Carolina","Fairfield County",2,57,372,173,199
050,45,039,"South Carolina","Fairfield County",2,58,371,169,202
050,45,039,"South Carolina","Fairfield County",2,59,340,158,182
050,45,039,"South Carolina","Fairfield County",2,60,348,158,190
050,45,039,"South Carolina","Fairfield County",2,61,380,166,214
050,45,039,"South Carolina","Fairfield County",2,62,383,177,206
050,45,039,"South Carolina","Fairfield County",2,63,391,192,199
050,45,039,"South Carolina","Fairfield County",2,64,366,177,189
050,45,039,"South Carolina","Fairfield County",2,65,351,169,182
050,45,039,"South Carolina","Fairfield County",2,66,345,167,178
050,45,039,"South Carolina","Fairfield County",2,67,349,167,182
050,45,039,"South Carolina","Fairfield County",2,68,327,144,183
050,45,039,"South Carolina","Fairfield County",2,69,319,149,170
050,45,039,"South Carolina","Fairfield County",2,70,306,154,152
050,45,039,"South Carolina","Fairfield County",2,71,293,150,143
050,45,039,"South Carolina","Fairfield County",2,72,278,139,139
050,45,039,"South Carolina","Fairfield County",2,73,284,152,132
050,45,039,"South Carolina","Fairfield County",2,74,210,106,104
050,45,039,"South Carolina","Fairfield County",2,75,187,86,101
050,45,039,"South Carolina","Fairfield County",2,76,171,66,105
050,45,039,"South Carolina","Fairfield County",2,77,172,70,102
050,45,039,"South Carolina","Fairfield County",2,78,153,71,82
050,45,039,"South Carolina","Fairfield County",2,79,129,62,67
050,45,039,"South Carolina","Fairfield County",2,80,118,54,64
050,45,039,"South Carolina","Fairfield County",2,81,112,53,59
050,45,039,"South Carolina","Fairfield County",2,82,100,45,55
050,45,039,"South Carolina","Fairfield County",2,83,86,39,47
050,45,039,"South Carolina","Fairfield County",2,84,71,28,43
050,45,039,"South Carolina","Fairfield County",2,85,388,119,269
050,45,039,"South Carolina","Fairfield County",3,0,187,102,85
050,45,039,"South Carolina","Fairfield County",3,1,185,104,81
050,45,039,"South Carolina","Fairfield County",3,2,192,100,92
050,45,039,"South Carolina","Fairfield County",3,3,191,101,90
050,45,039,"South Carolina","Fairfield County",3,4,181,97,84
050,45,039,"South Carolina","Fairfield County",3,5,178,97,81
050,45,039,"South Carolina","Fairfield County",3,6,194,94,100
050,45,039,"South Carolina","Fairfield County",3,7,188,90,98
050,45,039,"South Carolina","Fairfield County",3,8,198,106,92
050,45,039,"South Carolina","Fairfield County",3,9,222,111,111
050,45,039,"South Carolina","Fairfield County",3,10,210,106,104
050,45,039,"South Carolina","Fairfield County",3,11,230,120,110
050,45,039,"South Carolina","Fairfield County",3,12,226,112,114
050,45,039,"South Carolina","Fairfield County",3,13,228,113,115
050,45,039,"South Carolina","Fairfield County",3,14,237,122,115
050,45,039,"South Carolina","Fairfield County",3,15,253,134,119
050,45,039,"South Carolina","Fairfield County",3,16,249,133,116
050,45,039,"South Carolina","Fairfield County",3,17,238,128,110
050,45,039,"South Carolina","Fairfield County",3,18,201,107,94
050,45,039,"South Carolina","Fairfield County",3,19,174,92,82
050,45,039,"South Carolina","Fairfield County",3,20,195,106,89
050,45,039,"South Carolina","Fairfield County",3,21,219,113,106
050,45,039,"South Carolina","Fairfield County",3,22,218,109,109
050,45,039,"South Carolina","Fairfield County",3,23,243,115,128
050,45,039,"South Carolina","Fairfield County",3,24,252,117,135
050,45,039,"South Carolina","Fairfield County",3,25,228,108,120
050,45,039,"South Carolina","Fairfield County",3,26,231,106,125
050,45,039,"South Carolina","Fairfield County",3,27,241,118,123
050,45,039,"South Carolina","Fairfield County",3,28,248,128,120
050,45,039,"South Carolina","Fairfield County",3,29,220,102,118
050,45,039,"South Carolina","Fairfield County",3,30,230,108,122
050,45,039,"South Carolina","Fairfield County",3,31,221,89,132
050,45,039,"South Carolina","Fairfield County",3,32,230,97,133
050,45,039,"South Carolina","Fairfield County",3,33,212,89,123
050,45,039,"South Carolina","Fairfield County",3,34,228,107,121
050,45,039,"South Carolina","Fairfield County",3,35,199,94,105
050,45,039,"South Carolina","Fairfield County",3,36,184,89,95
050,45,039,"South Carolina","Fairfield County",3,37,195,102,93
050,45,039,"South Carolina","Fairfield County",3,38,206,98,108
050,45,039,"South Carolina","Fairfield County",3,39,212,101,111
050,45,039,"South Carolina","Fairfield County",3,40,200,97,103
050,45,039,"South Carolina","Fairfield County",3,41,217,100,117
050,45,039,"South Carolina","Fairfield County",3,42,228,105,123
050,45,039,"South Carolina","Fairfield County",3,43,215,102,113
050,45,039,"South Carolina","Fairfield County",3,44,213,107,106
050,45,039,"South Carolina","Fairfield County",3,45,196,94,102
050,45,039,"South Carolina","Fairfield County",3,46,222,109,113
050,45,039,"South Carolina","Fairfield County",3,47,243,115,128
050,45,039,"South Carolina","Fairfield County",3,48,239,109,130
050,45,039,"South Carolina","Fairfield County",3,49,266,133,133
050,45,039,"South Carolina","Fairfield County",3,50,278,135,143
050,45,039,"South Carolina","Fairfield County",3,51,286,134,152
050,45,039,"South Carolina","Fairfield County",3,52,289,145,144
050,45,039,"South Carolina","Fairfield County",3,53,294,144,150
050,45,039,"South Carolina","Fairfield County",3,54,302,145,157
050,45,039,"South Carolina","Fairfield County",3,55,318,149,169
050,45,039,"South Carolina","Fairfield County",3,56,328,164,164
050,45,039,"South Carolina","Fairfield County",3,57,349,169,180
050,45,039,"South Carolina","Fairfield County",3,58,370,176,194
050,45,039,"South Carolina","Fairfield County",3,59,364,159,205
050,45,039,"South Carolina","Fairfield County",3,60,332,155,177
050,45,039,"South Carolina","Fairfield County",3,61,351,163,188
050,45,039,"South Carolina","Fairfield County",3,62,385,167,218
050,45,039,"South Carolina","Fairfield County",3,63,385,179,206
050,45,039,"South Carolina","Fairfield County",3,64,386,184,202
050,45,039,"South Carolina","Fairfield County",3,65,368,178,190
050,45,039,"South Carolina","Fairfield County",3,66,347,166,181
050,45,039,"South Carolina","Fairfield County",3,67,346,166,180
050,45,039,"South Carolina","Fairfield County",3,68,339,157,182
050,45,039,"South Carolina","Fairfield County",3,69,321,138,183
050,45,039,"South Carolina","Fairfield County",3,70,304,143,161
050,45,039,"South Carolina","Fairfield County",3,71,302,146,156
050,45,039,"South Carolina","Fairfield County",3,72,283,143,140
050,45,039,"South Carolina","Fairfield County",3,73,262,134,128
050,45,039,"South Carolina","Fairfield County",3,74,276,146,130
050,45,039,"South Carolina","Fairfield County",3,75,200,99,101
050,45,039,"South Carolina","Fairfield County",3,76,176,81,95
050,45,039,"South Carolina","Fairfield County",3,77,158,60,98
050,45,039,"South Carolina","Fairfield County",3,78,172,69,103
050,45,039,"South Carolina","Fairfield County",3,79,143,63,80
050,45,039,"South Carolina","Fairfield County",3,80,121,63,58
050,45,039,"South Carolina","Fairfield County",3,81,106,47,59
050,45,039,"South Carolina","Fairfield County",3,82,104,49,55
050,45,039,"South Carolina","Fairfield County",3,83,92,42,50
050,45,039,"South Carolina","Fairfield County",3,84,81,36,45
050,45,039,"South Carolina","Fairfield County",3,85,364,112,252
050,45,039,"South Carolina","Fairfield County",4,0,195,115,80
050,45,039,"South Carolina","Fairfield County",4,1,190,96,94
050,45,039,"South Carolina","Fairfield County",4,2,193,109,84
050,45,039,"South Carolina","Fairfield County",4,3,184,97,87
050,45,039,"South Carolina","Fairfield County",4,4,182,91,91
050,45,039,"South Carolina","Fairfield County",4,5,185,100,85
050,45,039,"South Carolina","Fairfield County",4,6,171,96,75
050,45,039,"South Carolina","Fairfield County",4,7,191,90,101
050,45,039,"South Carolina","Fairfield County",4,8,189,92,97
050,45,039,"South Carolina","Fairfield County",4,9,207,105,102
050,45,039,"South Carolina","Fairfield County",4,10,215,108,107
050,45,039,"South Carolina","Fairfield County",4,11,212,103,109
050,45,039,"South Carolina","Fairfield County",4,12,236,122,114
050,45,039,"South Carolina","Fairfield County",4,13,204,107,97
050,45,039,"South Carolina","Fairfield County",4,14,219,107,112
050,45,039,"South Carolina","Fairfield County",4,15,227,116,111
050,45,039,"South Carolina","Fairfield County",4,16,248,128,120
050,45,039,"South Carolina","Fairfield County",4,17,236,129,107
050,45,039,"South Carolina","Fairfield County",4,18,199,106,93
050,45,039,"South Carolina","Fairfield County",4,19,169,94,75
050,45,039,"South Carolina","Fairfield County",4,20,176,93,83
050,45,039,"South Carolina","Fairfield County",4,21,199,110,89
050,45,039,"South Carolina","Fairfield County",4,22,226,120,106
050,45,039,"South Carolina","Fairfield County",4,23,206,100,106
050,45,039,"South Carolina","Fairfield County",4,24,234,111,123
050,45,039,"South Carolina","Fairfield County",4,25,219,104,115
050,45,039,"South Carolina","Fairfield County",4,26,234,111,123
050,45,039,"South Carolina","Fairfield County",4,27,236,113,123
050,45,039,"South Carolina","Fairfield County",4,28,245,120,125
050,45,039,"South Carolina","Fairfield County",4,29,249,122,127
050,45,039,"South Carolina","Fairfield County",4,30,215,98,117
050,45,039,"South Carolina","Fairfield County",4,31,227,105,122
050,45,039,"South Carolina","Fairfield County",4,32,230,97,133
050,45,039,"South Carolina","Fairfield County",4,33,224,93,131
050,45,039,"South Carolina","Fairfield County",4,34,215,91,124
050,45,039,"South Carolina","Fairfield County",4,35,209,99,110
050,45,039,"South Carolina","Fairfield County",4,36,190,89,101
050,45,039,"South Carolina","Fairfield County",4,37,182,90,92
050,45,039,"South Carolina","Fairfield County",4,38,195,103,92
050,45,039,"South Carolina","Fairfield County",4,39,208,102,106
050,45,039,"South Carolina","Fairfield County",4,40,214,99,115
050,45,039,"South Carolina","Fairfield County",4,41,214,105,109
050,45,039,"South Carolina","Fairfield County",4,42,213,95,118
050,45,039,"South Carolina","Fairfield County",4,43,231,114,117
050,45,039,"South Carolina","Fairfield County",4,44,205,92,113
050,45,039,"South Carolina","Fairfield County",4,45,205,101,104
050,45,039,"South Carolina","Fairfield County",4,46,199,102,97
050,45,039,"South Carolina","Fairfield County",4,47,216,110,106
050,45,039,"South Carolina","Fairfield County",4,48,251,118,133
050,45,039,"South Carolina","Fairfield County",4,49,237,113,124
050,45,039,"South Carolina","Fairfield County",4,50,273,132,141
050,45,039,"South Carolina","Fairfield County",4,51,286,138,148
050,45,039,"South Carolina","Fairfield County",4,52,286,136,150
050,45,039,"South Carolina","Fairfield County",4,53,297,148,149
050,45,039,"South Carolina","Fairfield County",4,54,307,150,157
050,45,039,"South Carolina","Fairfield County",4,55,296,142,154
050,45,039,"South Carolina","Fairfield County",4,56,322,149,173
050,45,039,"South Carolina","Fairfield County",4,57,328,159,169
050,45,039,"South Carolina","Fairfield County",4,58,339,160,179
050,45,039,"South Carolina","Fairfield County",4,59,382,176,206
050,45,039,"South Carolina","Fairfield County",4,60,363,168,195
050,45,039,"South Carolina","Fairfield County",4,61,335,154,181
050,45,039,"South Carolina","Fairfield County",4,62,357,166,191
050,45,039,"South Carolina","Fairfield County",4,63,385,175,210
050,45,039,"South Carolina","Fairfield County",4,64,380,178,202
050,45,039,"South Carolina","Fairfield County",4,65,367,169,198
050,45,039,"South Carolina","Fairfield County",4,66,356,171,185
050,45,039,"South Carolina","Fairfield County",4,67,341,164,177
050,45,039,"South Carolina","Fairfield County",4,68,341,164,177
050,45,039,"South Carolina","Fairfield County",4,69,328,153,175
050,45,039,"South Carolina","Fairfield County",4,70,303,131,172
050,45,039,"South Carolina","Fairfield County",4,71,296,142,154
050,45,039,"South Carolina","Fairfield County",4,72,289,137,152
050,45,039,"South Carolina","Fairfield County",4,73,263,137,126
050,45,039,"South Carolina","Fairfield County",4,74,252,129,123
050,45,039,"South Carolina","Fairfield County",4,75,271,143,128
050,45,039,"South Carolina","Fairfield County",4,76,183,89,94
050,45,039,"South Carolina","Fairfield County",4,77,165,73,92
050,45,039,"South Carolina","Fairfield County",4,78,153,59,94
050,45,039,"South Carolina","Fairfield County",4,79,159,62,97
050,45,039,"South Carolina","Fairfield County",4,80,136,65,71
050,45,039,"South Carolina","Fairfield County",4,81,107,55,52
050,45,039,"South Carolina","Fairfield County",4,82,97,41,56
050,45,039,"South Carolina","Fairfield County",4,83,103,49,54
050,45,039,"South Carolina","Fairfield County",4,84,88,40,48
050,45,039,"South Carolina","Fairfield County",4,85,360,113,247
050,45,039,"South Carolina","Fairfield County",5,0,195,114,81
050,45,039,"South Carolina","Fairfield County",5,1,194,116,78
050,45,039,"South Carolina","Fairfield County",5,2,196,97,99
050,45,039,"South Carolina","Fairfield County",5,3,188,108,80
050,45,039,"South Carolina","Fairfield County",5,4,187,97,90
050,45,039,"South Carolina","Fairfield County",5,5,188,103,85
050,45,039,"South Carolina","Fairfield County",5,6,183,101,82
050,45,039,"South Carolina","Fairfield County",5,7,170,93,77
050,45,039,"South Carolina","Fairfield County",5,8,186,88,98
050,45,039,"South Carolina","Fairfield County",5,9,190,95,95
050,45,039,"South Carolina","Fairfield County",5,10,221,109,112
050,45,039,"South Carolina","Fairfield County",5,11,215,106,109
050,45,039,"South Carolina","Fairfield County",5,12,216,105,111
050,45,039,"South Carolina","Fairfield County",5,13,228,119,109
050,45,039,"South Carolina","Fairfield County",5,14,209,108,101
050,45,039,"South Carolina","Fairfield County",5,15,222,109,113
050,45,039,"South Carolina","Fairfield County",5,16,225,119,106
050,45,039,"South Carolina","Fairfield County",5,17,238,124,114
050,45,039,"South Carolina","Fairfield County",5,18,212,114,98
050,45,039,"South Carolina","Fairfield County",5,19,170,89,81
050,45,039,"South Carolina","Fairfield County",5,20,201,107,94
050,45,039,"South Carolina","Fairfield County",5,21,178,90,88
050,45,039,"South Carolina","Fairfield County",5,22,215,116,99
050,45,039,"South Carolina","Fairfield County",5,23,237,124,113
050,45,039,"South Carolina","Fairfield County",5,24,209,100,109
050,45,039,"South Carolina","Fairfield County",5,25,224,109,115
050,45,039,"South Carolina","Fairfield County",5,26,226,105,121
050,45,039,"South Carolina","Fairfield County",5,27,229,113,116
050,45,039,"South Carolina","Fairfield County",5,28,228,108,120
050,45,039,"South Carolina","Fairfield County",5,29,242,120,122
050,45,039,"South Carolina","Fairfield County",5,30,243,126,117
050,45,039,"South Carolina","Fairfield County",5,31,210,94,116
050,45,039,"South Carolina","Fairfield County",5,32,212,94,118
050,45,039,"South Carolina","Fairfield County",5,33,236,102,134
050,45,039,"South Carolina","Fairfield County",5,34,216,92,124
050,45,039,"South Carolina","Fairfield County",5,35,213,89,124
050,45,039,"South Carolina","Fairfield County",5,36,202,93,109
050,45,039,"South Carolina","Fairfield County",5,37,204,97,107
050,45,039,"South Carolina","Fairfield County",5,38,169,81,88
050,45,039,"South Carolina","Fairfield County",5,39,198,103,95
050,45,039,"South Carolina","Fairfield County",5,40,212,105,107
050,45,039,"South Carolina","Fairfield County",5,41,225,103,122
050,45,039,"South Carolina","Fairfield County",5,42,215,104,111
050,45,039,"South Carolina","Fairfield County",5,43,216,99,117
050,45,039,"South Carolina","Fairfield County",5,44,229,108,121
050,45,039,"South Carolina","Fairfield County",5,45,200,84,116
050,45,039,"South Carolina","Fairfield County",5,46,212,102,110
050,45,039,"South Carolina","Fairfield County",5,47,197,103,94
050,45,039,"South Carolina","Fairfield County",5,48,229,119,110
050,45,039,"South Carolina","Fairfield County",5,49,254,121,133
050,45,039,"South Carolina","Fairfield County",5,50,237,115,122
050,45,039,"South Carolina","Fairfield County",5,51,267,130,137
050,45,039,"South Carolina","Fairfield County",5,52,276,132,144
050,45,039,"South Carolina","Fairfield County",5,53,297,137,160
050,45,039,"South Carolina","Fairfield County",5,54,304,155,149
050,45,039,"South Carolina","Fairfield County",5,55,299,146,153
050,45,039,"South Carolina","Fairfield County",5,56,304,151,153
050,45,039,"South Carolina","Fairfield County",5,57,324,148,176
050,45,039,"South Carolina","Fairfield County",5,58,326,161,165
050,45,039,"South Carolina","Fairfield County",5,59,348,162,186
050,45,039,"South Carolina","Fairfield County",5,60,372,168,204
050,45,039,"South Carolina","Fairfield County",5,61,364,167,197
050,45,039,"South Carolina","Fairfield County",5,62,337,158,179
050,45,039,"South Carolina","Fairfield County",5,63,362,170,192
050,45,039,"South Carolina","Fairfield County",5,64,388,176,212
050,45,039,"South Carolina","Fairfield County",5,65,369,171,198
050,45,039,"South Carolina","Fairfield County",5,66,353,163,190
050,45,039,"South Carolina","Fairfield County",5,67,351,167,184
050,45,039,"South Carolina","Fairfield County",5,68,342,164,178
050,45,039,"South Carolina","Fairfield County",5,69,338,160,178
050,45,039,"South Carolina","Fairfield County",5,70,317,147,170
050,45,039,"South Carolina","Fairfield County",5,71,289,127,162
050,45,039,"South Carolina","Fairfield County",5,72,288,137,151
050,45,039,"South Carolina","Fairfield County",5,73,273,137,136
050,45,039,"South Carolina","Fairfield County",5,74,257,135,122
050,45,039,"South Carolina","Fairfield County",5,75,241,122,119
050,45,039,"South Carolina","Fairfield County",5,76,262,136,126
050,45,039,"South Carolina","Fairfield County",5,77,171,84,87
050,45,039,"South Carolina","Fairfield County",5,78,163,73,90
050,45,039,"South Carolina","Fairfield County",5,79,139,52,87
050,45,039,"South Carolina","Fairfield County",5,80,149,60,89
050,45,039,"South Carolina","Fairfield County",5,81,126,57,69
050,45,039,"South Carolina","Fairfield County",5,82,104,52,52
050,45,039,"South Carolina","Fairfield County",5,83,97,40,57
050,45,039,"South Carolina","Fairfield County",5,84,102,49,53
050,45,039,"South Carolina","Fairfield County",5,85,372,125,247
050,45,041,"South Carolina","Florence County",1,0,1536,790,746
050,45,041,"South Carolina","Florence County",1,1,1575,807,768
050,45,041,"South Carolina","Florence County",1,2,1669,840,829
050,45,041,"South Carolina","Florence County",1,3,1618,827,791
050,45,041,"South Carolina","Florence County",1,4,1671,833,838
050,45,041,"South Carolina","Florence County",1,5,1726,861,865
050,45,041,"South Carolina","Florence County",1,6,1721,863,858
050,45,041,"South Carolina","Florence County",1,7,1739,864,875
050,45,041,"South Carolina","Florence County",1,8,1864,931,933
050,45,041,"South Carolina","Florence County",1,9,1824,923,901
050,45,041,"South Carolina","Florence County",1,10,1850,934,916
050,45,041,"South Carolina","Florence County",1,11,1998,997,1001
050,45,041,"South Carolina","Florence County",1,12,2015,994,1021
050,45,041,"South Carolina","Florence County",1,13,2024,1017,1007
050,45,041,"South Carolina","Florence County",1,14,1955,1006,949
050,45,041,"South Carolina","Florence County",1,15,1911,965,946
050,45,041,"South Carolina","Florence County",1,16,1954,984,970
050,45,041,"South Carolina","Florence County",1,17,1853,932,921
050,45,041,"South Carolina","Florence County",1,18,1642,872,770
050,45,041,"South Carolina","Florence County",1,19,1540,755,785
050,45,041,"South Carolina","Florence County",1,20,1931,906,1025
050,45,041,"South Carolina","Florence County",1,21,1887,829,1058
050,45,041,"South Carolina","Florence County",1,22,1646,787,859
050,45,041,"South Carolina","Florence County",1,23,1565,755,810
050,45,041,"South Carolina","Florence County",1,24,1547,742,805
050,45,041,"South Carolina","Florence County",1,25,1622,776,846
050,45,041,"South Carolina","Florence County",1,26,1679,779,900
050,45,041,"South Carolina","Florence County",1,27,1753,833,920
050,45,041,"South Carolina","Florence County",1,28,1740,802,938
050,45,041,"South Carolina","Florence County",1,29,1871,903,968
050,45,041,"South Carolina","Florence County",1,30,1825,829,996
050,45,041,"South Carolina","Florence County",1,31,1761,769,992
050,45,041,"South Carolina","Florence County",1,32,1622,750,872
050,45,041,"South Carolina","Florence County",1,33,1674,800,874
050,45,041,"South Carolina","Florence County",1,34,1626,757,869
050,45,041,"South Carolina","Florence County",1,35,1612,766,846
050,45,041,"South Carolina","Florence County",1,36,1614,764,850
050,45,041,"South Carolina","Florence County",1,37,1676,790,886
050,45,041,"South Carolina","Florence County",1,38,1671,810,861
050,45,041,"South Carolina","Florence County",1,39,1754,846,908
050,45,041,"South Carolina","Florence County",1,40,1721,813,908
050,45,041,"South Carolina","Florence County",1,41,1707,797,910
050,45,041,"South Carolina","Florence County",1,42,1754,826,928
050,45,041,"South Carolina","Florence County",1,43,1660,769,891
050,45,041,"South Carolina","Florence County",1,44,1576,705,871
050,45,041,"South Carolina","Florence County",1,45,1623,756,867
050,45,041,"South Carolina","Florence County",1,46,1614,734,880
050,45,041,"South Carolina","Florence County",1,47,1724,768,956
050,45,041,"South Carolina","Florence County",1,48,1768,816,952
050,45,041,"South Carolina","Florence County",1,49,1860,911,949
050,45,041,"South Carolina","Florence County",1,50,1781,859,922
050,45,041,"South Carolina","Florence County",1,51,1724,803,921
050,45,041,"South Carolina","Florence County",1,52,1686,768,918
050,45,041,"South Carolina","Florence County",1,53,1768,822,946
050,45,041,"South Carolina","Florence County",1,54,1784,852,932
050,45,041,"South Carolina","Florence County",1,55,1855,887,968
050,45,041,"South Carolina","Florence County",1,56,1875,858,1017
050,45,041,"South Carolina","Florence County",1,57,1789,815,974
050,45,041,"South Carolina","Florence County",1,58,1762,796,966
050,45,041,"South Carolina","Florence County",1,59,1751,820,931
050,45,041,"South Carolina","Florence County",1,60,1794,853,941
050,45,041,"South Carolina","Florence County",1,61,1783,821,962
050,45,041,"South Carolina","Florence County",1,62,1743,819,924
050,45,041,"South Carolina","Florence County",1,63,1752,821,931
050,45,041,"South Carolina","Florence County",1,64,1696,807,889
050,45,041,"South Carolina","Florence County",1,65,1696,805,891
050,45,041,"South Carolina","Florence County",1,66,1641,753,888
050,45,041,"South Carolina","Florence County",1,67,1597,707,890
050,45,041,"South Carolina","Florence County",1,68,1577,711,866
050,45,041,"South Carolina","Florence County",1,69,1488,664,824
050,45,041,"South Carolina","Florence County",1,70,1503,675,828
050,45,041,"South Carolina","Florence County",1,71,1368,619,749
050,45,041,"South Carolina","Florence County",1,72,1399,622,777
050,45,041,"South Carolina","Florence County",1,73,1384,628,756
050,45,041,"South Carolina","Florence County",1,74,1001,435,566
050,45,041,"South Carolina","Florence County",1,75,1005,444,561
050,45,041,"South Carolina","Florence County",1,76,958,409,549
050,45,041,"South Carolina","Florence County",1,77,887,381,506
050,45,041,"South Carolina","Florence County",1,78,729,310,419
050,45,041,"South Carolina","Florence County",1,79,675,276,399
050,45,041,"South Carolina","Florence County",1,80,676,271,405
050,45,041,"South Carolina","Florence County",1,81,576,219,357
050,45,041,"South Carolina","Florence County",1,82,517,209,308
050,45,041,"South Carolina","Florence County",1,83,452,160,292
050,45,041,"South Carolina","Florence County",1,84,426,144,282
050,45,041,"South Carolina","Florence County",1,85,2194,679,1515
050,45,041,"South Carolina","Florence County",2,0,1533,803,730
050,45,041,"South Carolina","Florence County",2,1,1569,805,764
050,45,041,"South Carolina","Florence County",2,2,1648,837,811
050,45,041,"South Carolina","Florence County",2,3,1626,831,795
050,45,041,"South Carolina","Florence County",2,4,1664,837,827
050,45,041,"South Carolina","Florence County",2,5,1712,854,858
050,45,041,"South Carolina","Florence County",2,6,1723,866,857
050,45,041,"South Carolina","Florence County",2,7,1740,867,873
050,45,041,"South Carolina","Florence County",2,8,1830,913,917
050,45,041,"South Carolina","Florence County",2,9,1822,921,901
050,45,041,"South Carolina","Florence County",2,10,1842,929,913
050,45,041,"South Carolina","Florence County",2,11,1955,978,977
050,45,041,"South Carolina","Florence County",2,12,2019,999,1020
050,45,041,"South Carolina","Florence County",2,13,2020,1011,1009
050,45,041,"South Carolina","Florence County",2,14,1971,1006,965
050,45,041,"South Carolina","Florence County",2,15,1924,974,950
050,45,041,"South Carolina","Florence County",2,16,1948,978,970
050,45,041,"South Carolina","Florence County",2,17,1874,943,931
050,45,041,"South Carolina","Florence County",2,18,1617,850,767
050,45,041,"South Carolina","Florence County",2,19,1542,757,785
050,45,041,"South Carolina","Florence County",2,20,1935,898,1037
050,45,041,"South Carolina","Florence County",2,21,1902,843,1059
050,45,041,"South Carolina","Florence County",2,22,1666,792,874
050,45,041,"South Carolina","Florence County",2,23,1565,754,811
050,45,041,"South Carolina","Florence County",2,24,1536,737,799
050,45,041,"South Carolina","Florence County",2,25,1605,768,837
050,45,041,"South Carolina","Florence County",2,26,1662,774,888
050,45,041,"South Carolina","Florence County",2,27,1727,810,917
050,45,041,"South Carolina","Florence County",2,28,1741,806,935
050,45,041,"South Carolina","Florence County",2,29,1829,869,960
050,45,041,"South Carolina","Florence County",2,30,1844,844,1000
050,45,041,"South Carolina","Florence County",2,31,1755,774,981
050,45,041,"South Carolina","Florence County",2,32,1641,747,894
050,45,041,"South Carolina","Florence County",2,33,1653,783,870
050,45,041,"South Carolina","Florence County",2,34,1635,767,868
050,45,041,"South Carolina","Florence County",2,35,1617,765,852
050,45,041,"South Carolina","Florence County",2,36,1600,755,845
050,45,041,"South Carolina","Florence County",2,37,1656,781,875
050,45,041,"South Carolina","Florence County",2,38,1677,804,873
050,45,041,"South Carolina","Florence County",2,39,1715,825,890
050,45,041,"South Carolina","Florence County",2,40,1738,822,916
050,45,041,"South Carolina","Florence County",2,41,1706,799,907
050,45,041,"South Carolina","Florence County",2,42,1721,809,912
050,45,041,"South Carolina","Florence County",2,43,1694,787,907
050,45,041,"South Carolina","Florence County",2,44,1582,714,868
050,45,041,"South Carolina","Florence County",2,45,1610,738,872
050,45,041,"South Carolina","Florence County",2,46,1605,730,875
050,45,041,"South Carolina","Florence County",2,47,1693,756,937
050,45,041,"South Carolina","Florence County",2,48,1758,803,955
050,45,041,"South Carolina","Florence County",2,49,1851,894,957
050,45,041,"South Carolina","Florence County",2,50,1802,873,929
050,45,041,"South Carolina","Florence County",2,51,1721,808,913
050,45,041,"South Carolina","Florence County",2,52,1688,771,917
050,45,041,"South Carolina","Florence County",2,53,1746,810,936
050,45,041,"South Carolina","Florence County",2,54,1771,840,931
050,45,041,"South Carolina","Florence County",2,55,1835,872,963
050,45,041,"South Carolina","Florence County",2,56,1869,863,1006
050,45,041,"South Carolina","Florence County",2,57,1800,817,983
050,45,041,"South Carolina","Florence County",2,58,1762,800,962
050,45,041,"South Carolina","Florence County",2,59,1752,813,939
050,45,041,"South Carolina","Florence County",2,60,1779,841,938
050,45,041,"South Carolina","Florence County",2,61,1774,820,954
050,45,041,"South Carolina","Florence County",2,62,1734,811,923
050,45,041,"South Carolina","Florence County",2,63,1749,816,933
050,45,041,"South Carolina","Florence County",2,64,1695,802,893
050,45,041,"South Carolina","Florence County",2,65,1682,800,882
050,45,041,"South Carolina","Florence County",2,66,1653,763,890
050,45,041,"South Carolina","Florence County",2,67,1596,710,886
050,45,041,"South Carolina","Florence County",2,68,1566,705,861
050,45,041,"South Carolina","Florence County",2,69,1505,669,836
050,45,041,"South Carolina","Florence County",2,70,1493,666,827
050,45,041,"South Carolina","Florence County",2,71,1385,626,759
050,45,041,"South Carolina","Florence County",2,72,1368,611,757
050,45,041,"South Carolina","Florence County",2,73,1435,650,785
050,45,041,"South Carolina","Florence County",2,74,1015,445,570
050,45,041,"South Carolina","Florence County",2,75,997,438,559
050,45,041,"South Carolina","Florence County",2,76,950,407,543
050,45,041,"South Carolina","Florence County",2,77,913,386,527
050,45,041,"South Carolina","Florence County",2,78,748,321,427
050,45,041,"South Carolina","Florence County",2,79,674,277,397
050,45,041,"South Carolina","Florence County",2,80,671,268,403
050,45,041,"South Carolina","Florence County",2,81,587,230,357
050,45,041,"South Carolina","Florence County",2,82,523,207,316
050,45,041,"South Carolina","Florence County",2,83,454,166,288
050,45,041,"South Carolina","Florence County",2,84,425,147,278
050,45,041,"South Carolina","Florence County",2,85,2202,683,1519
050,45,041,"South Carolina","Florence County",3,0,1583,819,764
050,45,041,"South Carolina","Florence County",3,1,1528,797,731
050,45,041,"South Carolina","Florence County",3,2,1602,821,781
050,45,041,"South Carolina","Florence County",3,3,1648,848,800
050,45,041,"South Carolina","Florence County",3,4,1655,849,806
050,45,041,"South Carolina","Florence County",3,5,1683,839,844
050,45,041,"South Carolina","Florence County",3,6,1720,856,864
050,45,041,"South Carolina","Florence County",3,7,1716,866,850
050,45,041,"South Carolina","Florence County",3,8,1734,851,883
050,45,041,"South Carolina","Florence County",3,9,1862,921,941
050,45,041,"South Carolina","Florence County",3,10,1825,925,900
050,45,041,"South Carolina","Florence County",3,11,1885,949,936
050,45,041,"South Carolina","Florence County",3,12,1966,973,993
050,45,041,"South Carolina","Florence County",3,13,2043,1008,1035
050,45,041,"South Carolina","Florence County",3,14,2018,1020,998
050,45,041,"South Carolina","Florence County",3,15,1967,1003,964
050,45,041,"South Carolina","Florence County",3,16,1931,979,952
050,45,041,"South Carolina","Florence County",3,17,1938,985,953
050,45,041,"South Carolina","Florence County",3,18,1672,876,796
050,45,041,"South Carolina","Florence County",3,19,1503,735,768
050,45,041,"South Carolina","Florence County",3,20,1888,873,1015
050,45,041,"South Carolina","Florence County",3,21,1960,904,1056
050,45,041,"South Carolina","Florence County",3,22,1738,841,897
050,45,041,"South Carolina","Florence County",3,23,1616,762,854
050,45,041,"South Carolina","Florence County",3,24,1565,745,820
050,45,041,"South Carolina","Florence County",3,25,1560,752,808
050,45,041,"South Carolina","Florence County",3,26,1609,766,843
050,45,041,"South Carolina","Florence County",3,27,1662,787,875
050,45,041,"South Carolina","Florence County",3,28,1709,798,911
050,45,041,"South Carolina","Florence County",3,29,1736,781,955
050,45,041,"South Carolina","Florence County",3,30,1810,851,959
050,45,041,"South Carolina","Florence County",3,31,1812,830,982
050,45,041,"South Carolina","Florence County",3,32,1761,778,983
050,45,041,"South Carolina","Florence County",3,33,1645,750,895
050,45,041,"South Carolina","Florence County",3,34,1655,792,863
050,45,041,"South Carolina","Florence County",3,35,1638,758,880
050,45,041,"South Carolina","Florence County",3,36,1601,748,853
050,45,041,"South Carolina","Florence County",3,37,1622,773,849
050,45,041,"South Carolina","Florence County",3,38,1637,767,870
050,45,041,"South Carolina","Florence County",3,39,1667,803,864
050,45,041,"South Carolina","Florence County",3,40,1716,822,894
050,45,041,"South Carolina","Florence County",3,41,1723,824,899
050,45,041,"South Carolina","Florence County",3,42,1700,804,896
050,45,041,"South Carolina","Florence County",3,43,1698,795,903
050,45,041,"South Carolina","Florence County",3,44,1708,790,918
050,45,041,"South Carolina","Florence County",3,45,1538,692,846
050,45,041,"South Carolina","Florence County",3,46,1593,737,856
050,45,041,"South Carolina","Florence County",3,47,1598,725,873
050,45,041,"South Carolina","Florence County",3,48,1655,725,930
050,45,041,"South Carolina","Florence County",3,49,1727,774,953
050,45,041,"South Carolina","Florence County",3,50,1863,898,965
050,45,041,"South Carolina","Florence County",3,51,1791,857,934
050,45,041,"South Carolina","Florence County",3,52,1678,791,887
050,45,041,"South Carolina","Florence County",3,53,1698,789,909
050,45,041,"South Carolina","Florence County",3,54,1740,803,937
050,45,041,"South Carolina","Florence County",3,55,1725,815,910
050,45,041,"South Carolina","Florence County",3,56,1801,850,951
050,45,041,"South Carolina","Florence County",3,57,1840,841,999
050,45,041,"South Carolina","Florence County",3,58,1792,809,983
050,45,041,"South Carolina","Florence County",3,59,1736,783,953
050,45,041,"South Carolina","Florence County",3,60,1717,796,921
050,45,041,"South Carolina","Florence County",3,61,1752,822,930
050,45,041,"South Carolina","Florence County",3,62,1723,802,921
050,45,041,"South Carolina","Florence County",3,63,1701,794,907
050,45,041,"South Carolina","Florence County",3,64,1720,797,923
050,45,041,"South Carolina","Florence County",3,65,1640,761,879
050,45,041,"South Carolina","Florence County",3,66,1658,795,863
050,45,041,"South Carolina","Florence County",3,67,1600,717,883
050,45,041,"South Carolina","Florence County",3,68,1545,688,857
050,45,041,"South Carolina","Florence County",3,69,1511,677,834
050,45,041,"South Carolina","Florence County",3,70,1460,642,818
050,45,041,"South Carolina","Florence County",3,71,1444,650,794
050,45,041,"South Carolina","Florence County",3,72,1339,603,736
050,45,041,"South Carolina","Florence County",3,73,1311,590,721
050,45,041,"South Carolina","Florence County",3,74,1356,599,757
050,45,041,"South Carolina","Florence County",3,75,964,410,554
050,45,041,"South Carolina","Florence County",3,76,953,414,539
050,45,041,"South Carolina","Florence County",3,77,891,376,515
050,45,041,"South Carolina","Florence County",3,78,872,370,502
050,45,041,"South Carolina","Florence County",3,79,686,285,401
050,45,041,"South Carolina","Florence County",3,80,639,252,387
050,45,041,"South Carolina","Florence County",3,81,610,244,366
050,45,041,"South Carolina","Florence County",3,82,552,207,345
050,45,041,"South Carolina","Florence County",3,83,472,171,301
050,45,041,"South Carolina","Florence County",3,84,395,136,259
050,45,041,"South Carolina","Florence County",3,85,2200,684,1516
050,45,041,"South Carolina","Florence County",4,0,1577,789,788
050,45,041,"South Carolina","Florence County",4,1,1604,834,770
050,45,041,"South Carolina","Florence County",4,2,1560,801,759
050,45,041,"South Carolina","Florence County",4,3,1636,845,791
050,45,041,"South Carolina","Florence County",4,4,1715,892,823
050,45,041,"South Carolina","Florence County",4,5,1702,875,827
050,45,041,"South Carolina","Florence County",4,6,1731,859,872
050,45,041,"South Carolina","Florence County",4,7,1715,851,864
050,45,041,"South Carolina","Florence County",4,8,1763,894,869
050,45,041,"South Carolina","Florence County",4,9,1799,886,913
050,45,041,"South Carolina","Florence County",4,10,1893,946,947
050,45,041,"South Carolina","Florence County",4,11,1825,943,882
050,45,041,"South Carolina","Florence County",4,12,1922,975,947
050,45,041,"South Carolina","Florence County",4,13,1956,974,982
050,45,041,"South Carolina","Florence County",4,14,2055,1022,1033
050,45,041,"South Carolina","Florence County",4,15,2032,1020,1012
050,45,041,"South Carolina","Florence County",4,16,1988,1005,983
050,45,041,"South Carolina","Florence County",4,17,1944,986,958
050,45,041,"South Carolina","Florence County",4,18,1694,877,817
050,45,041,"South Carolina","Florence County",4,19,1531,757,774
050,45,041,"South Carolina","Florence County",4,20,1817,826,991
050,45,041,"South Carolina","Florence County",4,21,1925,878,1047
050,45,041,"South Carolina","Florence County",4,22,1781,877,904
050,45,041,"South Carolina","Florence County",4,23,1687,806,881
050,45,041,"South Carolina","Florence County",4,24,1621,756,865
050,45,041,"South Carolina","Florence County",4,25,1614,780,834
050,45,041,"South Carolina","Florence County",4,26,1553,727,826
050,45,041,"South Carolina","Florence County",4,27,1625,775,850
050,45,041,"South Carolina","Florence County",4,28,1640,774,866
050,45,041,"South Carolina","Florence County",4,29,1690,788,902
050,45,041,"South Carolina","Florence County",4,30,1741,796,945
050,45,041,"South Carolina","Florence County",4,31,1815,852,963
050,45,041,"South Carolina","Florence County",4,32,1842,841,1001
050,45,041,"South Carolina","Florence County",4,33,1748,744,1004
050,45,041,"South Carolina","Florence County",4,34,1659,750,909
050,45,041,"South Carolina","Florence County",4,35,1647,771,876
050,45,041,"South Carolina","Florence County",4,36,1673,774,899
050,45,041,"South Carolina","Florence County",4,37,1624,756,868
050,45,041,"South Carolina","Florence County",4,38,1618,780,838
050,45,041,"South Carolina","Florence County",4,39,1661,764,897
050,45,041,"South Carolina","Florence County",4,40,1711,829,882
050,45,041,"South Carolina","Florence County",4,41,1705,810,895
050,45,041,"South Carolina","Florence County",4,42,1748,842,906
050,45,041,"South Carolina","Florence County",4,43,1707,812,895
050,45,041,"South Carolina","Florence County",4,44,1730,815,915
050,45,041,"South Carolina","Florence County",4,45,1666,770,896
050,45,041,"South Carolina","Florence County",4,46,1519,678,841
050,45,041,"South Carolina","Florence County",4,47,1615,746,869
050,45,041,"South Carolina","Florence County",4,48,1576,712,864
050,45,041,"South Carolina","Florence County",4,49,1663,743,920
050,45,041,"South Carolina","Florence County",4,50,1734,773,961
050,45,041,"South Carolina","Florence County",4,51,1850,892,958
050,45,041,"South Carolina","Florence County",4,52,1786,840,946
050,45,041,"South Carolina","Florence County",4,53,1692,787,905
050,45,041,"South Carolina","Florence County",4,54,1654,764,890
050,45,041,"South Carolina","Florence County",4,55,1726,796,930
050,45,041,"South Carolina","Florence County",4,56,1705,800,905
050,45,041,"South Carolina","Florence County",4,57,1752,817,935
050,45,041,"South Carolina","Florence County",4,58,1825,834,991
050,45,041,"South Carolina","Florence County",4,59,1771,787,984
050,45,041,"South Carolina","Florence County",4,60,1698,765,933
050,45,041,"South Carolina","Florence County",4,61,1678,767,911
050,45,041,"South Carolina","Florence County",4,62,1708,797,911
050,45,041,"South Carolina","Florence County",4,63,1698,780,918
050,45,041,"South Carolina","Florence County",4,64,1678,779,899
050,45,041,"South Carolina","Florence County",4,65,1686,785,901
050,45,041,"South Carolina","Florence County",4,66,1613,744,869
050,45,041,"South Carolina","Florence County",4,67,1608,760,848
050,45,041,"South Carolina","Florence County",4,68,1564,709,855
050,45,041,"South Carolina","Florence County",4,69,1491,651,840
050,45,041,"South Carolina","Florence County",4,70,1493,649,844
050,45,041,"South Carolina","Florence County",4,71,1435,632,803
050,45,041,"South Carolina","Florence County",4,72,1407,636,771
050,45,041,"South Carolina","Florence County",4,73,1297,593,704
050,45,041,"South Carolina","Florence County",4,74,1244,544,700
050,45,041,"South Carolina","Florence County",4,75,1298,558,740
050,45,041,"South Carolina","Florence County",4,76,906,391,515
050,45,041,"South Carolina","Florence County",4,77,908,384,524
050,45,041,"South Carolina","Florence County",4,78,850,366,484
050,45,041,"South Carolina","Florence County",4,79,803,334,469
050,45,041,"South Carolina","Florence County",4,80,645,259,386
050,45,041,"South Carolina","Florence County",4,81,582,234,348
050,45,041,"South Carolina","Florence County",4,82,573,225,348
050,45,041,"South Carolina","Florence County",4,83,506,177,329
050,45,041,"South Carolina","Florence County",4,84,425,146,279
050,45,041,"South Carolina","Florence County",4,85,2188,666,1522
050,45,041,"South Carolina","Florence County",5,0,1545,778,767
050,45,041,"South Carolina","Florence County",5,1,1605,806,799
050,45,041,"South Carolina","Florence County",5,2,1598,840,758
050,45,041,"South Carolina","Florence County",5,3,1618,850,768
050,45,041,"South Carolina","Florence County",5,4,1641,837,804
050,45,041,"South Carolina","Florence County",5,5,1735,911,824
050,45,041,"South Carolina","Florence County",5,6,1730,894,836
050,45,041,"South Carolina","Florence County",5,7,1741,855,886
050,45,041,"South Carolina","Florence County",5,8,1723,851,872
050,45,041,"South Carolina","Florence County",5,9,1786,905,881
050,45,041,"South Carolina","Florence County",5,10,1818,908,910
050,45,041,"South Carolina","Florence County",5,11,1879,952,927
050,45,041,"South Carolina","Florence County",5,12,1859,965,894
050,45,041,"South Carolina","Florence County",5,13,1936,966,970
050,45,041,"South Carolina","Florence County",5,14,1972,979,993
050,45,041,"South Carolina","Florence County",5,15,2082,1044,1038
050,45,041,"South Carolina","Florence County",5,16,2023,1018,1005
050,45,041,"South Carolina","Florence County",5,17,1998,1002,996
050,45,041,"South Carolina","Florence County",5,18,1652,862,790
050,45,041,"South Carolina","Florence County",5,19,1549,751,798
050,45,041,"South Carolina","Florence County",5,20,1914,864,1050
050,45,041,"South Carolina","Florence County",5,21,1851,821,1030
050,45,041,"South Carolina","Florence County",5,22,1761,858,903
050,45,041,"South Carolina","Florence County",5,23,1730,845,885
050,45,041,"South Carolina","Florence County",5,24,1730,840,890
050,45,041,"South Carolina","Florence County",5,25,1607,762,845
050,45,041,"South Carolina","Florence County",5,26,1615,785,830
050,45,041,"South Carolina","Florence County",5,27,1534,711,823
050,45,041,"South Carolina","Florence County",5,28,1609,761,848
050,45,041,"South Carolina","Florence County",5,29,1662,776,886
050,45,041,"South Carolina","Florence County",5,30,1725,799,926
050,45,041,"South Carolina","Florence County",5,31,1738,785,953
050,45,041,"South Carolina","Florence County",5,32,1819,865,954
050,45,041,"South Carolina","Florence County",5,33,1807,818,989
050,45,041,"South Carolina","Florence County",5,34,1788,759,1029
050,45,041,"South Carolina","Florence County",5,35,1681,748,933
050,45,041,"South Carolina","Florence County",5,36,1667,788,879
050,45,041,"South Carolina","Florence County",5,37,1696,794,902
050,45,041,"South Carolina","Florence County",5,38,1628,756,872
050,45,041,"South Carolina","Florence County",5,39,1623,775,848
050,45,041,"South Carolina","Florence County",5,40,1683,784,899
050,45,041,"South Carolina","Florence County",5,41,1693,822,871
050,45,041,"South Carolina","Florence County",5,42,1717,811,906
050,45,041,"South Carolina","Florence County",5,43,1760,840,920
050,45,041,"South Carolina","Florence County",5,44,1724,808,916
050,45,041,"South Carolina","Florence County",5,45,1677,793,884
050,45,041,"South Carolina","Florence County",5,46,1669,772,897
050,45,041,"South Carolina","Florence County",5,47,1536,703,833
050,45,041,"South Carolina","Florence County",5,48,1598,735,863
050,45,041,"South Carolina","Florence County",5,49,1586,719,867
050,45,041,"South Carolina","Florence County",5,50,1671,762,909
050,45,041,"South Carolina","Florence County",5,51,1706,752,954
050,45,041,"South Carolina","Florence County",5,52,1870,890,980
050,45,041,"South Carolina","Florence County",5,53,1791,838,953
050,45,041,"South Carolina","Florence County",5,54,1687,789,898
050,45,041,"South Carolina","Florence County",5,55,1649,763,886
050,45,041,"South Carolina","Florence County",5,56,1723,787,936
050,45,041,"South Carolina","Florence County",5,57,1684,783,901
050,45,041,"South Carolina","Florence County",5,58,1747,820,927
050,45,041,"South Carolina","Florence County",5,59,1823,829,994
050,45,041,"South Carolina","Florence County",5,60,1752,781,971
050,45,041,"South Carolina","Florence County",5,61,1690,753,937
050,45,041,"South Carolina","Florence County",5,62,1679,777,902
050,45,041,"South Carolina","Florence County",5,63,1704,790,914
050,45,041,"South Carolina","Florence County",5,64,1673,762,911
050,45,041,"South Carolina","Florence County",5,65,1657,763,894
050,45,041,"South Carolina","Florence County",5,66,1654,762,892
050,45,041,"South Carolina","Florence County",5,67,1566,705,861
050,45,041,"South Carolina","Florence County",5,68,1585,756,829
050,45,041,"South Carolina","Florence County",5,69,1520,674,846
050,45,041,"South Carolina","Florence County",5,70,1469,635,834
050,45,041,"South Carolina","Florence County",5,71,1453,631,822
050,45,041,"South Carolina","Florence County",5,72,1413,621,792
050,45,041,"South Carolina","Florence County",5,73,1372,630,742
050,45,041,"South Carolina","Florence County",5,74,1227,544,683
050,45,041,"South Carolina","Florence County",5,75,1184,508,676
050,45,041,"South Carolina","Florence County",5,76,1240,530,710
050,45,041,"South Carolina","Florence County",5,77,875,368,507
050,45,041,"South Carolina","Florence County",5,78,887,381,506
050,45,041,"South Carolina","Florence County",5,79,802,338,464
050,45,041,"South Carolina","Florence County",5,80,773,311,462
050,45,041,"South Carolina","Florence County",5,81,602,246,356
050,45,041,"South Carolina","Florence County",5,82,547,217,330
050,45,041,"South Carolina","Florence County",5,83,528,198,330
050,45,041,"South Carolina","Florence County",5,84,458,153,305
050,45,041,"South Carolina","Florence County",5,85,2235,675,1560
050,45,043,"South Carolina","Georgetown County",1,0,509,258,251
050,45,043,"South Carolina","Georgetown County",1,1,521,262,259
050,45,043,"South Carolina","Georgetown County",1,2,539,254,285
050,45,043,"South Carolina","Georgetown County",1,3,541,283,258
050,45,043,"South Carolina","Georgetown County",1,4,576,301,275
050,45,043,"South Carolina","Georgetown County",1,5,566,302,264
050,45,043,"South Carolina","Georgetown County",1,6,602,318,284
050,45,043,"South Carolina","Georgetown County",1,7,607,290,317
050,45,043,"South Carolina","Georgetown County",1,8,596,302,294
050,45,043,"South Carolina","Georgetown County",1,9,604,322,282
050,45,043,"South Carolina","Georgetown County",1,10,628,309,319
050,45,043,"South Carolina","Georgetown County",1,11,685,361,324
050,45,043,"South Carolina","Georgetown County",1,12,712,383,329
050,45,043,"South Carolina","Georgetown County",1,13,750,396,354
050,45,043,"South Carolina","Georgetown County",1,14,720,368,352
050,45,043,"South Carolina","Georgetown County",1,15,727,364,363
050,45,043,"South Carolina","Georgetown County",1,16,705,357,348
050,45,043,"South Carolina","Georgetown County",1,17,714,362,352
050,45,043,"South Carolina","Georgetown County",1,18,617,326,291
050,45,043,"South Carolina","Georgetown County",1,19,569,301,268
050,45,043,"South Carolina","Georgetown County",1,20,617,326,291
050,45,043,"South Carolina","Georgetown County",1,21,616,328,288
050,45,043,"South Carolina","Georgetown County",1,22,627,314,313
050,45,043,"South Carolina","Georgetown County",1,23,598,299,299
050,45,043,"South Carolina","Georgetown County",1,24,648,340,308
050,45,043,"South Carolina","Georgetown County",1,25,603,317,286
050,45,043,"South Carolina","Georgetown County",1,26,571,283,288
050,45,043,"South Carolina","Georgetown County",1,27,550,283,267
050,45,043,"South Carolina","Georgetown County",1,28,596,275,321
050,45,043,"South Carolina","Georgetown County",1,29,630,280,350
050,45,043,"South Carolina","Georgetown County",1,30,606,296,310
050,45,043,"South Carolina","Georgetown County",1,31,591,273,318
050,45,043,"South Carolina","Georgetown County",1,32,563,275,288
050,45,043,"South Carolina","Georgetown County",1,33,576,278,298
050,45,043,"South Carolina","Georgetown County",1,34,561,282,279
050,45,043,"South Carolina","Georgetown County",1,35,551,279,272
050,45,043,"South Carolina","Georgetown County",1,36,554,267,287
050,45,043,"South Carolina","Georgetown County",1,37,575,268,307
050,45,043,"South Carolina","Georgetown County",1,38,585,268,317
050,45,043,"South Carolina","Georgetown County",1,39,595,274,321
050,45,043,"South Carolina","Georgetown County",1,40,587,265,322
050,45,043,"South Carolina","Georgetown County",1,41,613,266,347
050,45,043,"South Carolina","Georgetown County",1,42,661,301,360
050,45,043,"South Carolina","Georgetown County",1,43,638,306,332
050,45,043,"South Carolina","Georgetown County",1,44,634,295,339
050,45,043,"South Carolina","Georgetown County",1,45,604,284,320
050,45,043,"South Carolina","Georgetown County",1,46,622,280,342
050,45,043,"South Carolina","Georgetown County",1,47,663,309,354
050,45,043,"South Carolina","Georgetown County",1,48,701,330,371
050,45,043,"South Carolina","Georgetown County",1,49,754,347,407
050,45,043,"South Carolina","Georgetown County",1,50,786,365,421
050,45,043,"South Carolina","Georgetown County",1,51,766,366,400
050,45,043,"South Carolina","Georgetown County",1,52,785,377,408
050,45,043,"South Carolina","Georgetown County",1,53,817,364,453
050,45,043,"South Carolina","Georgetown County",1,54,824,356,468
050,45,043,"South Carolina","Georgetown County",1,55,919,427,492
050,45,043,"South Carolina","Georgetown County",1,56,952,440,512
050,45,043,"South Carolina","Georgetown County",1,57,925,409,516
050,45,043,"South Carolina","Georgetown County",1,58,982,458,524
050,45,043,"South Carolina","Georgetown County",1,59,990,435,555
050,45,043,"South Carolina","Georgetown County",1,60,1010,446,564
050,45,043,"South Carolina","Georgetown County",1,61,1068,476,592
050,45,043,"South Carolina","Georgetown County",1,62,1112,509,603
050,45,043,"South Carolina","Georgetown County",1,63,1129,510,619
050,45,043,"South Carolina","Georgetown County",1,64,1130,525,605
050,45,043,"South Carolina","Georgetown County",1,65,1200,550,650
050,45,043,"South Carolina","Georgetown County",1,66,1204,548,656
050,45,043,"South Carolina","Georgetown County",1,67,1164,519,645
050,45,043,"South Carolina","Georgetown County",1,68,1190,537,653
050,45,043,"South Carolina","Georgetown County",1,69,1160,520,640
050,45,043,"South Carolina","Georgetown County",1,70,1166,540,626
050,45,043,"South Carolina","Georgetown County",1,71,1159,537,622
050,45,043,"South Carolina","Georgetown County",1,72,1173,542,631
050,45,043,"South Carolina","Georgetown County",1,73,1179,574,605
050,45,043,"South Carolina","Georgetown County",1,74,783,358,425
050,45,043,"South Carolina","Georgetown County",1,75,821,374,447
050,45,043,"South Carolina","Georgetown County",1,76,797,397,400
050,45,043,"South Carolina","Georgetown County",1,77,791,388,403
050,45,043,"South Carolina","Georgetown County",1,78,613,285,328
050,45,043,"South Carolina","Georgetown County",1,79,572,269,303
050,45,043,"South Carolina","Georgetown County",1,80,507,246,261
050,45,043,"South Carolina","Georgetown County",1,81,468,229,239
050,45,043,"South Carolina","Georgetown County",1,82,424,184,240
050,45,043,"South Carolina","Georgetown County",1,83,317,138,179
050,45,043,"South Carolina","Georgetown County",1,84,293,139,154
050,45,043,"South Carolina","Georgetown County",1,85,1448,558,890
050,45,043,"South Carolina","Georgetown County",2,0,516,256,260
050,45,043,"South Carolina","Georgetown County",2,1,518,261,257
050,45,043,"South Carolina","Georgetown County",2,2,537,257,280
050,45,043,"South Carolina","Georgetown County",2,3,541,277,264
050,45,043,"South Carolina","Georgetown County",2,4,567,297,270
050,45,043,"South Carolina","Georgetown County",2,5,567,300,267
050,45,043,"South Carolina","Georgetown County",2,6,594,314,280
050,45,043,"South Carolina","Georgetown County",2,7,604,295,309
050,45,043,"South Carolina","Georgetown County",2,8,596,298,298
050,45,043,"South Carolina","Georgetown County",2,9,599,315,284
050,45,043,"South Carolina","Georgetown County",2,10,625,315,310
050,45,043,"South Carolina","Georgetown County",2,11,669,346,323
050,45,043,"South Carolina","Georgetown County",2,12,710,380,330
050,45,043,"South Carolina","Georgetown County",2,13,736,391,345
050,45,043,"South Carolina","Georgetown County",2,14,724,370,354
050,45,043,"South Carolina","Georgetown County",2,15,723,362,361
050,45,043,"South Carolina","Georgetown County",2,16,707,358,349
050,45,043,"South Carolina","Georgetown County",2,17,709,359,350
050,45,043,"South Carolina","Georgetown County",2,18,617,324,293
050,45,043,"South Carolina","Georgetown County",2,19,563,295,268
050,45,043,"South Carolina","Georgetown County",2,20,621,328,293
050,45,043,"South Carolina","Georgetown County",2,21,622,329,293
050,45,043,"South Carolina","Georgetown County",2,22,625,317,308
050,45,043,"South Carolina","Georgetown County",2,23,609,306,303
050,45,043,"South Carolina","Georgetown County",2,24,630,326,304
050,45,043,"South Carolina","Georgetown County",2,25,611,322,289
050,45,043,"South Carolina","Georgetown County",2,26,577,293,284
050,45,043,"South Carolina","Georgetown County",2,27,557,286,271
050,45,043,"South Carolina","Georgetown County",2,28,587,279,308
050,45,043,"South Carolina","Georgetown County",2,29,619,277,342
050,45,043,"South Carolina","Georgetown County",2,30,621,298,323
050,45,043,"South Carolina","Georgetown County",2,31,595,279,316
050,45,043,"South Carolina","Georgetown County",2,32,567,274,293
050,45,043,"South Carolina","Georgetown County",2,33,572,277,295
050,45,043,"South Carolina","Georgetown County",2,34,568,285,283
050,45,043,"South Carolina","Georgetown County",2,35,556,281,275
050,45,043,"South Carolina","Georgetown County",2,36,551,268,283
050,45,043,"South Carolina","Georgetown County",2,37,569,268,301
050,45,043,"South Carolina","Georgetown County",2,38,588,269,319
050,45,043,"South Carolina","Georgetown County",2,39,590,271,319
050,45,043,"South Carolina","Georgetown County",2,40,595,271,324
050,45,043,"South Carolina","Georgetown County",2,41,606,267,339
050,45,043,"South Carolina","Georgetown County",2,42,645,292,353
050,45,043,"South Carolina","Georgetown County",2,43,649,308,341
050,45,043,"South Carolina","Georgetown County",2,44,630,296,334
050,45,043,"South Carolina","Georgetown County",2,45,614,289,325
050,45,043,"South Carolina","Georgetown County",2,46,611,276,335
050,45,043,"South Carolina","Georgetown County",2,47,650,300,350
050,45,043,"South Carolina","Georgetown County",2,48,691,325,366
050,45,043,"South Carolina","Georgetown County",2,49,748,345,403
050,45,043,"South Carolina","Georgetown County",2,50,782,362,420
050,45,043,"South Carolina","Georgetown County",2,51,774,364,410
050,45,043,"South Carolina","Georgetown County",2,52,782,375,407
050,45,043,"South Carolina","Georgetown County",2,53,816,372,444
050,45,043,"South Carolina","Georgetown County",2,54,826,359,467
050,45,043,"South Carolina","Georgetown County",2,55,900,409,491
050,45,043,"South Carolina","Georgetown County",2,56,949,439,510
050,45,043,"South Carolina","Georgetown County",2,57,941,422,519
050,45,043,"South Carolina","Georgetown County",2,58,975,449,526
050,45,043,"South Carolina","Georgetown County",2,59,999,445,554
050,45,043,"South Carolina","Georgetown County",2,60,1015,449,566
050,45,043,"South Carolina","Georgetown County",2,61,1061,472,589
050,45,043,"South Carolina","Georgetown County",2,62,1112,509,603
050,45,043,"South Carolina","Georgetown County",2,63,1141,517,624
050,45,043,"South Carolina","Georgetown County",2,64,1136,523,613
050,45,043,"South Carolina","Georgetown County",2,65,1194,549,645
050,45,043,"South Carolina","Georgetown County",2,66,1218,555,663
050,45,043,"South Carolina","Georgetown County",2,67,1171,524,647
050,45,043,"South Carolina","Georgetown County",2,68,1176,527,649
050,45,043,"South Carolina","Georgetown County",2,69,1180,530,650
050,45,043,"South Carolina","Georgetown County",2,70,1162,536,626
050,45,043,"South Carolina","Georgetown County",2,71,1164,539,625
050,45,043,"South Carolina","Georgetown County",2,72,1152,531,621
050,45,043,"South Carolina","Georgetown County",2,73,1221,591,630
050,45,043,"South Carolina","Georgetown County",2,74,821,381,440
050,45,043,"South Carolina","Georgetown County",2,75,810,368,442
050,45,043,"South Carolina","Georgetown County",2,76,790,384,406
050,45,043,"South Carolina","Georgetown County",2,77,801,390,411
050,45,043,"South Carolina","Georgetown County",2,78,644,305,339
050,45,043,"South Carolina","Georgetown County",2,79,578,270,308
050,45,043,"South Carolina","Georgetown County",2,80,519,249,270
050,45,043,"South Carolina","Georgetown County",2,81,468,226,242
050,45,043,"South Carolina","Georgetown County",2,82,437,195,242
050,45,043,"South Carolina","Georgetown County",2,83,331,144,187
050,45,043,"South Carolina","Georgetown County",2,84,290,135,155
050,45,043,"South Carolina","Georgetown County",2,85,1477,575,902
050,45,043,"South Carolina","Georgetown County",3,0,463,247,216
050,45,043,"South Carolina","Georgetown County",3,1,522,248,274
050,45,043,"South Carolina","Georgetown County",3,2,512,252,260
050,45,043,"South Carolina","Georgetown County",3,3,515,240,275
050,45,043,"South Carolina","Georgetown County",3,4,535,277,258
050,45,043,"South Carolina","Georgetown County",3,5,579,302,277
050,45,043,"South Carolina","Georgetown County",3,6,562,293,269
050,45,043,"South Carolina","Georgetown County",3,7,592,310,282
050,45,043,"South Carolina","Georgetown County",3,8,607,303,304
050,45,043,"South Carolina","Georgetown County",3,9,598,290,308
050,45,043,"South Carolina","Georgetown County",3,10,607,317,290
050,45,043,"South Carolina","Georgetown County",3,11,639,313,326
050,45,043,"South Carolina","Georgetown County",3,12,664,340,324
050,45,043,"South Carolina","Georgetown County",3,13,726,390,336
050,45,043,"South Carolina","Georgetown County",3,14,735,387,348
050,45,043,"South Carolina","Georgetown County",3,15,738,377,361
050,45,043,"South Carolina","Georgetown County",3,16,726,368,358
050,45,043,"South Carolina","Georgetown County",3,17,697,361,336
050,45,043,"South Carolina","Georgetown County",3,18,623,317,306
050,45,043,"South Carolina","Georgetown County",3,19,542,274,268
050,45,043,"South Carolina","Georgetown County",3,20,588,310,278
050,45,043,"South Carolina","Georgetown County",3,21,647,344,303
050,45,043,"South Carolina","Georgetown County",3,22,658,357,301
050,45,043,"South Carolina","Georgetown County",3,23,627,319,308
050,45,043,"South Carolina","Georgetown County",3,24,588,296,292
050,45,043,"South Carolina","Georgetown County",3,25,604,329,275
050,45,043,"South Carolina","Georgetown County",3,26,596,306,290
050,45,043,"South Carolina","Georgetown County",3,27,580,295,285
050,45,043,"South Carolina","Georgetown County",3,28,549,277,272
050,45,043,"South Carolina","Georgetown County",3,29,585,274,311
050,45,043,"South Carolina","Georgetown County",3,30,609,284,325
050,45,043,"South Carolina","Georgetown County",3,31,622,309,313
050,45,043,"South Carolina","Georgetown County",3,32,576,279,297
050,45,043,"South Carolina","Georgetown County",3,33,583,293,290
050,45,043,"South Carolina","Georgetown County",3,34,580,269,311
050,45,043,"South Carolina","Georgetown County",3,35,580,277,303
050,45,043,"South Carolina","Georgetown County",3,36,562,279,283
050,45,043,"South Carolina","Georgetown County",3,37,568,276,292
050,45,043,"South Carolina","Georgetown County",3,38,564,269,295
050,45,043,"South Carolina","Georgetown County",3,39,585,272,313
050,45,043,"South Carolina","Georgetown County",3,40,585,265,320
050,45,043,"South Carolina","Georgetown County",3,41,608,278,330
050,45,043,"South Carolina","Georgetown County",3,42,615,266,349
050,45,043,"South Carolina","Georgetown County",3,43,656,301,355
050,45,043,"South Carolina","Georgetown County",3,44,657,299,358
050,45,043,"South Carolina","Georgetown County",3,45,624,292,332
050,45,043,"South Carolina","Georgetown County",3,46,618,290,328
050,45,043,"South Carolina","Georgetown County",3,47,643,293,350
050,45,043,"South Carolina","Georgetown County",3,48,651,298,353
050,45,043,"South Carolina","Georgetown County",3,49,716,326,390
050,45,043,"South Carolina","Georgetown County",3,50,766,362,404
050,45,043,"South Carolina","Georgetown County",3,51,821,374,447
050,45,043,"South Carolina","Georgetown County",3,52,800,379,421
050,45,043,"South Carolina","Georgetown County",3,53,815,387,428
050,45,043,"South Carolina","Georgetown County",3,54,824,380,444
050,45,043,"South Carolina","Georgetown County",3,55,850,373,477
050,45,043,"South Carolina","Georgetown County",3,56,940,427,513
050,45,043,"South Carolina","Georgetown County",3,57,976,444,532
050,45,043,"South Carolina","Georgetown County",3,58,969,438,531
050,45,043,"South Carolina","Georgetown County",3,59,1015,460,555
050,45,043,"South Carolina","Georgetown County",3,60,1064,480,584
050,45,043,"South Carolina","Georgetown County",3,61,1055,465,590
050,45,043,"South Carolina","Georgetown County",3,62,1113,507,606
050,45,043,"South Carolina","Georgetown County",3,63,1189,546,643
050,45,043,"South Carolina","Georgetown County",3,64,1183,543,640
050,45,043,"South Carolina","Georgetown County",3,65,1197,540,657
050,45,043,"South Carolina","Georgetown County",3,66,1242,568,674
050,45,043,"South Carolina","Georgetown County",3,67,1227,555,672
050,45,043,"South Carolina","Georgetown County",3,68,1154,519,635
050,45,043,"South Carolina","Georgetown County",3,69,1190,531,659
050,45,043,"South Carolina","Georgetown County",3,70,1182,540,642
050,45,043,"South Carolina","Georgetown County",3,71,1141,528,613
050,45,043,"South Carolina","Georgetown County",3,72,1147,532,615
050,45,043,"South Carolina","Georgetown County",3,73,1121,521,600
050,45,043,"South Carolina","Georgetown County",3,74,1190,571,619
050,45,043,"South Carolina","Georgetown County",3,75,812,370,442
050,45,043,"South Carolina","Georgetown County",3,76,772,342,430
050,45,043,"South Carolina","Georgetown County",3,77,749,361,388
050,45,043,"South Carolina","Georgetown County",3,78,770,379,391
050,45,043,"South Carolina","Georgetown County",3,79,614,293,321
050,45,043,"South Carolina","Georgetown County",3,80,554,261,293
050,45,043,"South Carolina","Georgetown County",3,81,487,235,252
050,45,043,"South Carolina","Georgetown County",3,82,451,216,235
050,45,043,"South Carolina","Georgetown County",3,83,384,166,218
050,45,043,"South Carolina","Georgetown County",3,84,303,130,173
050,45,043,"South Carolina","Georgetown County",3,85,1452,587,865
050,45,043,"South Carolina","Georgetown County",4,0,480,259,221
050,45,043,"South Carolina","Georgetown County",4,1,475,262,213
050,45,043,"South Carolina","Georgetown County",4,2,527,249,278
050,45,043,"South Carolina","Georgetown County",4,3,522,255,267
050,45,043,"South Carolina","Georgetown County",4,4,536,255,281
050,45,043,"South Carolina","Georgetown County",4,5,548,280,268
050,45,043,"South Carolina","Georgetown County",4,6,581,301,280
050,45,043,"South Carolina","Georgetown County",4,7,568,297,271
050,45,043,"South Carolina","Georgetown County",4,8,597,312,285
050,45,043,"South Carolina","Georgetown County",4,9,603,302,301
050,45,043,"South Carolina","Georgetown County",4,10,590,288,302
050,45,043,"South Carolina","Georgetown County",4,11,606,311,295
050,45,043,"South Carolina","Georgetown County",4,12,629,313,316
050,45,043,"South Carolina","Georgetown County",4,13,670,337,333
050,45,043,"South Carolina","Georgetown County",4,14,727,392,335
050,45,043,"South Carolina","Georgetown County",4,15,770,411,359
050,45,043,"South Carolina","Georgetown County",4,16,727,363,364
050,45,043,"South Carolina","Georgetown County",4,17,735,371,364
050,45,043,"South Carolina","Georgetown County",4,18,630,336,294
050,45,043,"South Carolina","Georgetown County",4,19,530,262,268
050,45,043,"South Carolina","Georgetown County",4,20,571,289,282
050,45,043,"South Carolina","Georgetown County",4,21,639,335,304
050,45,043,"South Carolina","Georgetown County",4,22,690,359,331
050,45,043,"South Carolina","Georgetown County",4,23,687,360,327
050,45,043,"South Carolina","Georgetown County",4,24,625,323,302
050,45,043,"South Carolina","Georgetown County",4,25,549,267,282
050,45,043,"South Carolina","Georgetown County",4,26,604,316,288
050,45,043,"South Carolina","Georgetown County",4,27,592,304,288
050,45,043,"South Carolina","Georgetown County",4,28,590,292,298
050,45,043,"South Carolina","Georgetown County",4,29,553,275,278
050,45,043,"South Carolina","Georgetown County",4,30,595,287,308
050,45,043,"South Carolina","Georgetown County",4,31,626,280,346
050,45,043,"South Carolina","Georgetown County",4,32,612,304,308
050,45,043,"South Carolina","Georgetown County",4,33,585,283,302
050,45,043,"South Carolina","Georgetown County",4,34,590,294,296
050,45,043,"South Carolina","Georgetown County",4,35,583,269,314
050,45,043,"South Carolina","Georgetown County",4,36,594,287,307
050,45,043,"South Carolina","Georgetown County",4,37,545,271,274
050,45,043,"South Carolina","Georgetown County",4,38,577,276,301
050,45,043,"South Carolina","Georgetown County",4,39,555,263,292
050,45,043,"South Carolina","Georgetown County",4,40,579,269,310
050,45,043,"South Carolina","Georgetown County",4,41,575,266,309
050,45,043,"South Carolina","Georgetown County",4,42,603,274,329
050,45,043,"South Carolina","Georgetown County",4,43,625,270,355
050,45,043,"South Carolina","Georgetown County",4,44,660,299,361
050,45,043,"South Carolina","Georgetown County",4,45,649,288,361
050,45,043,"South Carolina","Georgetown County",4,46,646,301,345
050,45,043,"South Carolina","Georgetown County",4,47,633,296,337
050,45,043,"South Carolina","Georgetown County",4,48,633,285,348
050,45,043,"South Carolina","Georgetown County",4,49,653,303,350
050,45,043,"South Carolina","Georgetown County",4,50,732,344,388
050,45,043,"South Carolina","Georgetown County",4,51,797,376,421
050,45,043,"South Carolina","Georgetown County",4,52,833,378,455
050,45,043,"South Carolina","Georgetown County",4,53,826,390,436
050,45,043,"South Carolina","Georgetown County",4,54,850,398,452
050,45,043,"South Carolina","Georgetown County",4,55,842,379,463
050,45,043,"South Carolina","Georgetown County",4,56,887,387,500
050,45,043,"South Carolina","Georgetown County",4,57,982,437,545
050,45,043,"South Carolina","Georgetown County",4,58,1012,466,546
050,45,043,"South Carolina","Georgetown County",4,59,1024,473,551
050,45,043,"South Carolina","Georgetown County",4,60,1064,492,572
050,45,043,"South Carolina","Georgetown County",4,61,1098,506,592
050,45,043,"South Carolina","Georgetown County",4,62,1119,490,629
050,45,043,"South Carolina","Georgetown County",4,63,1155,517,638
050,45,043,"South Carolina","Georgetown County",4,64,1243,560,683
050,45,043,"South Carolina","Georgetown County",4,65,1216,560,656
050,45,043,"South Carolina","Georgetown County",4,66,1236,561,675
050,45,043,"South Carolina","Georgetown County",4,67,1249,558,691
050,45,043,"South Carolina","Georgetown County",4,68,1266,584,682
050,45,043,"South Carolina","Georgetown County",4,69,1173,526,647
050,45,043,"South Carolina","Georgetown County",4,70,1209,547,662
050,45,043,"South Carolina","Georgetown County",4,71,1180,535,645
050,45,043,"South Carolina","Georgetown County",4,72,1138,525,613
050,45,043,"South Carolina","Georgetown County",4,73,1129,529,600
050,45,043,"South Carolina","Georgetown County",4,74,1084,513,571
050,45,043,"South Carolina","Georgetown County",4,75,1214,581,633
050,45,043,"South Carolina","Georgetown County",4,76,786,358,428
050,45,043,"South Carolina","Georgetown County",4,77,732,315,417
050,45,043,"South Carolina","Georgetown County",4,78,718,345,373
050,45,043,"South Carolina","Georgetown County",4,79,750,376,374
050,45,043,"South Carolina","Georgetown County",4,80,598,271,327
050,45,043,"South Carolina","Georgetown County",4,81,508,231,277
050,45,043,"South Carolina","Georgetown County",4,82,483,221,262
050,45,043,"South Carolina","Georgetown County",4,83,398,189,209
050,45,043,"South Carolina","Georgetown County",4,84,347,151,196
050,45,043,"South Carolina","Georgetown County",4,85,1522,621,901
050,45,043,"South Carolina","Georgetown County",5,0,475,259,216
050,45,043,"South Carolina","Georgetown County",5,1,501,262,239
050,45,043,"South Carolina","Georgetown County",5,2,487,258,229
050,45,043,"South Carolina","Georgetown County",5,3,510,236,274
050,45,043,"South Carolina","Georgetown County",5,4,545,276,269
050,45,043,"South Carolina","Georgetown County",5,5,529,248,281
050,45,043,"South Carolina","Georgetown County",5,6,563,300,263
050,45,043,"South Carolina","Georgetown County",5,7,592,314,278
050,45,043,"South Carolina","Georgetown County",5,8,580,308,272
050,45,043,"South Carolina","Georgetown County",5,9,615,318,297
050,45,043,"South Carolina","Georgetown County",5,10,611,302,309
050,45,043,"South Carolina","Georgetown County",5,11,629,314,315
050,45,043,"South Carolina","Georgetown County",5,12,634,333,301
050,45,043,"South Carolina","Georgetown County",5,13,640,318,322
050,45,043,"South Carolina","Georgetown County",5,14,691,353,338
050,45,043,"South Carolina","Georgetown County",5,15,741,399,342
050,45,043,"South Carolina","Georgetown County",5,16,778,417,361
050,45,043,"South Carolina","Georgetown County",5,17,744,372,372
050,45,043,"South Carolina","Georgetown County",5,18,653,344,309
050,45,043,"South Carolina","Georgetown County",5,19,538,287,251
050,45,043,"South Carolina","Georgetown County",5,20,584,293,291
050,45,043,"South Carolina","Georgetown County",5,21,624,316,308
050,45,043,"South Carolina","Georgetown County",5,22,668,344,324
050,45,043,"South Carolina","Georgetown County",5,23,686,367,319
050,45,043,"South Carolina","Georgetown County",5,24,672,344,328
050,45,043,"South Carolina","Georgetown County",5,25,620,330,290
050,45,043,"South Carolina","Georgetown County",5,26,566,269,297
050,45,043,"South Carolina","Georgetown County",5,27,608,307,301
050,45,043,"South Carolina","Georgetown County",5,28,600,310,290
050,45,043,"South Carolina","Georgetown County",5,29,574,284,290
050,45,043,"South Carolina","Georgetown County",5,30,576,288,288
050,45,043,"South Carolina","Georgetown County",5,31,606,284,322
050,45,043,"South Carolina","Georgetown County",5,32,618,275,343
050,45,043,"South Carolina","Georgetown County",5,33,629,307,322
050,45,043,"South Carolina","Georgetown County",5,34,592,284,308
050,45,043,"South Carolina","Georgetown County",5,35,622,305,317
050,45,043,"South Carolina","Georgetown County",5,36,599,275,324
050,45,043,"South Carolina","Georgetown County",5,37,598,293,305
050,45,043,"South Carolina","Georgetown County",5,38,563,282,281
050,45,043,"South Carolina","Georgetown County",5,39,583,278,305
050,45,043,"South Carolina","Georgetown County",5,40,554,269,285
050,45,043,"South Carolina","Georgetown County",5,41,606,276,330
050,45,043,"South Carolina","Georgetown County",5,42,592,275,317
050,45,043,"South Carolina","Georgetown County",5,43,626,293,333
050,45,043,"South Carolina","Georgetown County",5,44,667,293,374
050,45,043,"South Carolina","Georgetown County",5,45,650,292,358
050,45,043,"South Carolina","Georgetown County",5,46,651,277,374
050,45,043,"South Carolina","Georgetown County",5,47,626,285,341
050,45,043,"South Carolina","Georgetown County",5,48,646,294,352
050,45,043,"South Carolina","Georgetown County",5,49,642,288,354
050,45,043,"South Carolina","Georgetown County",5,50,686,316,370
050,45,043,"South Carolina","Georgetown County",5,51,740,337,403
050,45,043,"South Carolina","Georgetown County",5,52,803,379,424
050,45,043,"South Carolina","Georgetown County",5,53,853,383,470
050,45,043,"South Carolina","Georgetown County",5,54,866,407,459
050,45,043,"South Carolina","Georgetown County",5,55,894,420,474
050,45,043,"South Carolina","Georgetown County",5,56,901,415,486
050,45,043,"South Carolina","Georgetown County",5,57,919,403,516
050,45,043,"South Carolina","Georgetown County",5,58,1014,452,562
050,45,043,"South Carolina","Georgetown County",5,59,1063,481,582
050,45,043,"South Carolina","Georgetown County",5,60,1073,503,570
050,45,043,"South Carolina","Georgetown County",5,61,1097,512,585
050,45,043,"South Carolina","Georgetown County",5,62,1141,528,613
050,45,043,"South Carolina","Georgetown County",5,63,1161,513,648
050,45,043,"South Carolina","Georgetown County",5,64,1232,553,679
050,45,043,"South Carolina","Georgetown County",5,65,1271,580,691
050,45,043,"South Carolina","Georgetown County",5,66,1271,580,691
050,45,043,"South Carolina","Georgetown County",5,67,1256,572,684
050,45,043,"South Carolina","Georgetown County",5,68,1296,578,718
050,45,043,"South Carolina","Georgetown County",5,69,1259,579,680
050,45,043,"South Carolina","Georgetown County",5,70,1190,545,645
050,45,043,"South Carolina","Georgetown County",5,71,1209,538,671
050,45,043,"South Carolina","Georgetown County",5,72,1168,529,639
050,45,043,"South Carolina","Georgetown County",5,73,1117,518,599
050,45,043,"South Carolina","Georgetown County",5,74,1103,516,587
050,45,043,"South Carolina","Georgetown County",5,75,1081,509,572
050,45,043,"South Carolina","Georgetown County",5,76,1184,568,616
050,45,043,"South Carolina","Georgetown County",5,77,755,341,414
050,45,043,"South Carolina","Georgetown County",5,78,709,309,400
050,45,043,"South Carolina","Georgetown County",5,79,691,336,355
050,45,043,"South Carolina","Georgetown County",5,80,720,353,367
050,45,043,"South Carolina","Georgetown County",5,81,569,257,312
050,45,043,"South Carolina","Georgetown County",5,82,486,211,275
050,45,043,"South Carolina","Georgetown County",5,83,439,201,238
050,45,043,"South Carolina","Georgetown County",5,84,372,178,194
050,45,043,"South Carolina","Georgetown County",5,85,1638,684,954
050,45,045,"South Carolina","Greenville County",1,0,6186,3191,2995
050,45,045,"South Carolina","Greenville County",1,1,6257,3272,2985
050,45,045,"South Carolina","Greenville County",1,2,6422,3375,3047
050,45,045,"South Carolina","Greenville County",1,3,6598,3480,3118
050,45,045,"South Carolina","Greenville County",1,4,6681,3486,3195
050,45,045,"South Carolina","Greenville County",1,5,6730,3534,3196
050,45,045,"South Carolina","Greenville County",1,6,6519,3409,3110
050,45,045,"South Carolina","Greenville County",1,7,6568,3313,3255
050,45,045,"South Carolina","Greenville County",1,8,6689,3373,3316
050,45,045,"South Carolina","Greenville County",1,9,6849,3482,3367
050,45,045,"South Carolina","Greenville County",1,10,7018,3535,3483
050,45,045,"South Carolina","Greenville County",1,11,7316,3752,3564
050,45,045,"South Carolina","Greenville County",1,12,7519,3784,3735
050,45,045,"South Carolina","Greenville County",1,13,7468,3733,3735
050,45,045,"South Carolina","Greenville County",1,14,7034,3562,3472
050,45,045,"South Carolina","Greenville County",1,15,6893,3488,3405
050,45,045,"South Carolina","Greenville County",1,16,6891,3471,3420
050,45,045,"South Carolina","Greenville County",1,17,6748,3402,3346
050,45,045,"South Carolina","Greenville County",1,18,6269,3192,3077
050,45,045,"South Carolina","Greenville County",1,19,6227,3102,3125
050,45,045,"South Carolina","Greenville County",1,20,6474,3157,3317
050,45,045,"South Carolina","Greenville County",1,21,6354,3151,3203
050,45,045,"South Carolina","Greenville County",1,22,6255,3079,3176
050,45,045,"South Carolina","Greenville County",1,23,6323,3130,3193
050,45,045,"South Carolina","Greenville County",1,24,6601,3190,3411
050,45,045,"South Carolina","Greenville County",1,25,6907,3381,3526
050,45,045,"South Carolina","Greenville County",1,26,7162,3542,3620
050,45,045,"South Carolina","Greenville County",1,27,7330,3567,3763
050,45,045,"South Carolina","Greenville County",1,28,7467,3705,3762
050,45,045,"South Carolina","Greenville County",1,29,7661,3793,3868
050,45,045,"South Carolina","Greenville County",1,30,7503,3690,3813
050,45,045,"South Carolina","Greenville County",1,31,7447,3645,3802
050,45,045,"South Carolina","Greenville County",1,32,7363,3608,3755
050,45,045,"South Carolina","Greenville County",1,33,7184,3568,3616
050,45,045,"South Carolina","Greenville County",1,34,7169,3528,3641
050,45,045,"South Carolina","Greenville County",1,35,7104,3512,3592
050,45,045,"South Carolina","Greenville County",1,36,7061,3500,3561
050,45,045,"South Carolina","Greenville County",1,37,7067,3457,3610
050,45,045,"South Carolina","Greenville County",1,38,7045,3488,3557
050,45,045,"South Carolina","Greenville County",1,39,7051,3477,3574
050,45,045,"South Carolina","Greenville County",1,40,6852,3357,3495
050,45,045,"South Carolina","Greenville County",1,41,6730,3348,3382
050,45,045,"South Carolina","Greenville County",1,42,6616,3220,3396
050,45,045,"South Carolina","Greenville County",1,43,6488,3218,3270
050,45,045,"South Carolina","Greenville County",1,44,6281,3111,3170
050,45,045,"South Carolina","Greenville County",1,45,6457,3161,3296
050,45,045,"South Carolina","Greenville County",1,46,6416,3123,3293
050,45,045,"South Carolina","Greenville County",1,47,6531,3194,3337
050,45,045,"South Carolina","Greenville County",1,48,6870,3411,3459
050,45,045,"South Carolina","Greenville County",1,49,7272,3619,3653
050,45,045,"South Carolina","Greenville County",1,50,6816,3367,3449
050,45,045,"South Carolina","Greenville County",1,51,6726,3334,3392
050,45,045,"South Carolina","Greenville County",1,52,6547,3209,3338
050,45,045,"South Carolina","Greenville County",1,53,6509,3181,3328
050,45,045,"South Carolina","Greenville County",1,54,6693,3317,3376
050,45,045,"South Carolina","Greenville County",1,55,6907,3369,3538
050,45,045,"South Carolina","Greenville County",1,56,6969,3415,3554
050,45,045,"South Carolina","Greenville County",1,57,6798,3341,3457
050,45,045,"South Carolina","Greenville County",1,58,6783,3291,3492
050,45,045,"South Carolina","Greenville County",1,59,6793,3251,3542
050,45,045,"South Carolina","Greenville County",1,60,6609,3152,3457
050,45,045,"South Carolina","Greenville County",1,61,6556,3166,3390
050,45,045,"South Carolina","Greenville County",1,62,6468,3093,3375
050,45,045,"South Carolina","Greenville County",1,63,6237,2947,3290
050,45,045,"South Carolina","Greenville County",1,64,6043,2829,3214
050,45,045,"South Carolina","Greenville County",1,65,5938,2764,3174
050,45,045,"South Carolina","Greenville County",1,66,5669,2646,3023
050,45,045,"South Carolina","Greenville County",1,67,5588,2578,3010
050,45,045,"South Carolina","Greenville County",1,68,5497,2570,2927
050,45,045,"South Carolina","Greenville County",1,69,5086,2316,2770
050,45,045,"South Carolina","Greenville County",1,70,4925,2229,2696
050,45,045,"South Carolina","Greenville County",1,71,4927,2301,2626
050,45,045,"South Carolina","Greenville County",1,72,4906,2247,2659
050,45,045,"South Carolina","Greenville County",1,73,4931,2258,2673
050,45,045,"South Carolina","Greenville County",1,74,3491,1554,1937
050,45,045,"South Carolina","Greenville County",1,75,3560,1613,1947
050,45,045,"South Carolina","Greenville County",1,76,3396,1551,1845
050,45,045,"South Carolina","Greenville County",1,77,3328,1490,1838
050,45,045,"South Carolina","Greenville County",1,78,2853,1277,1576
050,45,045,"South Carolina","Greenville County",1,79,2490,1111,1379
050,45,045,"South Carolina","Greenville County",1,80,2255,967,1288
050,45,045,"South Carolina","Greenville County",1,81,2056,842,1214
050,45,045,"South Carolina","Greenville County",1,82,1856,799,1057
050,45,045,"South Carolina","Greenville County",1,83,1599,657,942
050,45,045,"South Carolina","Greenville County",1,84,1441,570,871
050,45,045,"South Carolina","Greenville County",1,85,8374,2829,5545
050,45,045,"South Carolina","Greenville County",2,0,6211,3174,3037
050,45,045,"South Carolina","Greenville County",2,1,6251,3258,2993
050,45,045,"South Carolina","Greenville County",2,2,6395,3348,3047
050,45,045,"South Carolina","Greenville County",2,3,6546,3452,3094
050,45,045,"South Carolina","Greenville County",2,4,6696,3503,3193
050,45,045,"South Carolina","Greenville County",2,5,6730,3532,3198
050,45,045,"South Carolina","Greenville County",2,6,6600,3466,3134
050,45,045,"South Carolina","Greenville County",2,7,6573,3352,3221
050,45,045,"South Carolina","Greenville County",2,8,6659,3361,3298
050,45,045,"South Carolina","Greenville County",2,9,6820,3460,3360
050,45,045,"South Carolina","Greenville County",2,10,6986,3522,3464
050,45,045,"South Carolina","Greenville County",2,11,7245,3697,3548
050,45,045,"South Carolina","Greenville County",2,12,7519,3799,3720
050,45,045,"South Carolina","Greenville County",2,13,7487,3753,3734
050,45,045,"South Carolina","Greenville County",2,14,7154,3615,3539
050,45,045,"South Carolina","Greenville County",2,15,6944,3510,3434
050,45,045,"South Carolina","Greenville County",2,16,6908,3481,3427
050,45,045,"South Carolina","Greenville County",2,17,6798,3419,3379
050,45,045,"South Carolina","Greenville County",2,18,6296,3203,3093
050,45,045,"South Carolina","Greenville County",2,19,6245,3099,3146
050,45,045,"South Carolina","Greenville County",2,20,6547,3200,3347
050,45,045,"South Carolina","Greenville County",2,21,6411,3169,3242
050,45,045,"South Carolina","Greenville County",2,22,6302,3099,3203
050,45,045,"South Carolina","Greenville County",2,23,6317,3119,3198
050,45,045,"South Carolina","Greenville County",2,24,6574,3191,3383
050,45,045,"South Carolina","Greenville County",2,25,6884,3360,3524
050,45,045,"South Carolina","Greenville County",2,26,7143,3511,3632
050,45,045,"South Carolina","Greenville County",2,27,7293,3564,3729
050,45,045,"South Carolina","Greenville County",2,28,7473,3697,3776
050,45,045,"South Carolina","Greenville County",2,29,7619,3761,3858
050,45,045,"South Carolina","Greenville County",2,30,7602,3735,3867
050,45,045,"South Carolina","Greenville County",2,31,7454,3645,3809
050,45,045,"South Carolina","Greenville County",2,32,7382,3611,3771
050,45,045,"South Carolina","Greenville County",2,33,7242,3587,3655
050,45,045,"South Carolina","Greenville County",2,34,7182,3539,3643
050,45,045,"South Carolina","Greenville County",2,35,7177,3548,3629
050,45,045,"South Carolina","Greenville County",2,36,7040,3480,3560
050,45,045,"South Carolina","Greenville County",2,37,7085,3477,3608
050,45,045,"South Carolina","Greenville County",2,38,7078,3489,3589
050,45,045,"South Carolina","Greenville County",2,39,7039,3473,3566
050,45,045,"South Carolina","Greenville County",2,40,6968,3421,3547
050,45,045,"South Carolina","Greenville County",2,41,6754,3333,3421
050,45,045,"South Carolina","Greenville County",2,42,6632,3238,3394
050,45,045,"South Carolina","Greenville County",2,43,6576,3242,3334
050,45,045,"South Carolina","Greenville County",2,44,6298,3116,3182
050,45,045,"South Carolina","Greenville County",2,45,6437,3158,3279
050,45,045,"South Carolina","Greenville County",2,46,6408,3117,3291
050,45,045,"South Carolina","Greenville County",2,47,6479,3163,3316
050,45,045,"South Carolina","Greenville County",2,48,6802,3364,3438
050,45,045,"South Carolina","Greenville County",2,49,7211,3580,3631
050,45,045,"South Carolina","Greenville County",2,50,6953,3438,3515
050,45,045,"South Carolina","Greenville County",2,51,6732,3328,3404
050,45,045,"South Carolina","Greenville County",2,52,6594,3233,3361
050,45,045,"South Carolina","Greenville County",2,53,6521,3183,3338
050,45,045,"South Carolina","Greenville County",2,54,6634,3274,3360
050,45,045,"South Carolina","Greenville County",2,55,6867,3361,3506
050,45,045,"South Carolina","Greenville County",2,56,6969,3411,3558
050,45,045,"South Carolina","Greenville County",2,57,6863,3367,3496
050,45,045,"South Carolina","Greenville County",2,58,6791,3306,3485
050,45,045,"South Carolina","Greenville County",2,59,6803,3263,3540
050,45,045,"South Carolina","Greenville County",2,60,6634,3162,3472
050,45,045,"South Carolina","Greenville County",2,61,6551,3151,3400
050,45,045,"South Carolina","Greenville County",2,62,6493,3112,3381
050,45,045,"South Carolina","Greenville County",2,63,6355,3009,3346
050,45,045,"South Carolina","Greenville County",2,64,6072,2843,3229
050,45,045,"South Carolina","Greenville County",2,65,5953,2769,3184
050,45,045,"South Carolina","Greenville County",2,66,5748,2681,3067
050,45,045,"South Carolina","Greenville County",2,67,5602,2590,3012
050,45,045,"South Carolina","Greenville County",2,68,5479,2554,2925
050,45,045,"South Carolina","Greenville County",2,69,5221,2391,2830
050,45,045,"South Carolina","Greenville County",2,70,4940,2234,2706
050,45,045,"South Carolina","Greenville County",2,71,4912,2274,2638
050,45,045,"South Carolina","Greenville County",2,72,4833,2221,2612
050,45,045,"South Carolina","Greenville County",2,73,5123,2342,2781
050,45,045,"South Carolina","Greenville County",2,74,3609,1616,1993
050,45,045,"South Carolina","Greenville County",2,75,3548,1598,1950
050,45,045,"South Carolina","Greenville County",2,76,3399,1540,1859
050,45,045,"South Carolina","Greenville County",2,77,3409,1536,1873
050,45,045,"South Carolina","Greenville County",2,78,2891,1286,1605
050,45,045,"South Carolina","Greenville County",2,79,2532,1133,1399
050,45,045,"South Carolina","Greenville County",2,80,2285,978,1307
050,45,045,"South Carolina","Greenville County",2,81,2084,856,1228
050,45,045,"South Carolina","Greenville County",2,82,1876,794,1082
050,45,045,"South Carolina","Greenville County",2,83,1618,673,945
050,45,045,"South Carolina","Greenville County",2,84,1448,580,868
050,45,045,"South Carolina","Greenville County",2,85,8435,2866,5569
050,45,045,"South Carolina","Greenville County",3,0,6318,3254,3064
050,45,045,"South Carolina","Greenville County",3,1,6299,3229,3070
050,45,045,"South Carolina","Greenville County",3,2,6333,3292,3041
050,45,045,"South Carolina","Greenville County",3,3,6455,3373,3082
050,45,045,"South Carolina","Greenville County",3,4,6627,3502,3125
050,45,045,"South Carolina","Greenville County",3,5,6810,3546,3264
050,45,045,"South Carolina","Greenville County",3,6,6833,3574,3259
050,45,045,"South Carolina","Greenville County",3,7,6740,3539,3201
050,45,045,"South Carolina","Greenville County",3,8,6649,3397,3252
050,45,045,"South Carolina","Greenville County",3,9,6717,3385,3332
050,45,045,"South Carolina","Greenville County",3,10,6825,3454,3371
050,45,045,"South Carolina","Greenville County",3,11,7050,3538,3512
050,45,045,"South Carolina","Greenville County",3,12,7273,3698,3575
050,45,045,"South Carolina","Greenville County",3,13,7583,3819,3764
050,45,045,"South Carolina","Greenville County",3,14,7516,3756,3760
050,45,045,"South Carolina","Greenville County",3,15,7242,3649,3593
050,45,045,"South Carolina","Greenville County",3,16,7000,3566,3434
050,45,045,"South Carolina","Greenville County",3,17,6941,3473,3468
050,45,045,"South Carolina","Greenville County",3,18,6479,3298,3181
050,45,045,"South Carolina","Greenville County",3,19,6155,3061,3094
050,45,045,"South Carolina","Greenville County",3,20,6601,3233,3368
050,45,045,"South Carolina","Greenville County",3,21,6627,3256,3371
050,45,045,"South Carolina","Greenville County",3,22,6406,3089,3317
050,45,045,"South Carolina","Greenville County",3,23,6667,3270,3397
050,45,045,"South Carolina","Greenville County",3,24,6707,3308,3399
050,45,045,"South Carolina","Greenville County",3,25,6887,3344,3543
050,45,045,"South Carolina","Greenville County",3,26,7096,3465,3631
050,45,045,"South Carolina","Greenville County",3,27,7255,3571,3684
050,45,045,"South Carolina","Greenville County",3,28,7410,3678,3732
050,45,045,"South Carolina","Greenville County",3,29,7639,3743,3896
050,45,045,"South Carolina","Greenville County",3,30,7779,3822,3957
050,45,045,"South Carolina","Greenville County",3,31,7688,3759,3929
050,45,045,"South Carolina","Greenville County",3,32,7570,3677,3893
050,45,045,"South Carolina","Greenville County",3,33,7490,3651,3839
050,45,045,"South Carolina","Greenville County",3,34,7314,3580,3734
050,45,045,"South Carolina","Greenville County",3,35,7255,3595,3660
050,45,045,"South Carolina","Greenville County",3,36,7282,3598,3684
050,45,045,"South Carolina","Greenville County",3,37,7090,3491,3599
050,45,045,"South Carolina","Greenville County",3,38,7187,3540,3647
050,45,045,"South Carolina","Greenville County",3,39,7157,3534,3623
050,45,045,"South Carolina","Greenville County",3,40,7109,3540,3569
050,45,045,"South Carolina","Greenville County",3,41,7011,3454,3557
050,45,045,"South Carolina","Greenville County",3,42,6765,3327,3438
050,45,045,"South Carolina","Greenville County",3,43,6719,3272,3447
050,45,045,"South Carolina","Greenville County",3,44,6612,3270,3342
050,45,045,"South Carolina","Greenville County",3,45,6298,3099,3199
050,45,045,"South Carolina","Greenville County",3,46,6426,3142,3284
050,45,045,"South Carolina","Greenville County",3,47,6421,3123,3298
050,45,045,"South Carolina","Greenville County",3,48,6553,3223,3330
050,45,045,"South Carolina","Greenville County",3,49,6795,3329,3466
050,45,045,"South Carolina","Greenville County",3,50,7313,3618,3695
050,45,045,"South Carolina","Greenville County",3,51,6943,3455,3488
050,45,045,"South Carolina","Greenville County",3,52,6738,3320,3418
050,45,045,"South Carolina","Greenville County",3,53,6549,3216,3333
050,45,045,"South Carolina","Greenville County",3,54,6576,3214,3362
050,45,045,"South Carolina","Greenville County",3,55,6670,3300,3370
050,45,045,"South Carolina","Greenville County",3,56,6952,3361,3591
050,45,045,"South Carolina","Greenville County",3,57,6978,3388,3590
050,45,045,"South Carolina","Greenville County",3,58,6875,3359,3516
050,45,045,"South Carolina","Greenville County",3,59,6776,3290,3486
050,45,045,"South Carolina","Greenville County",3,60,6756,3236,3520
050,45,045,"South Carolina","Greenville County",3,61,6604,3098,3506
050,45,045,"South Carolina","Greenville County",3,62,6588,3171,3417
050,45,045,"South Carolina","Greenville County",3,63,6459,3087,3372
050,45,045,"South Carolina","Greenville County",3,64,6396,3042,3354
050,45,045,"South Carolina","Greenville County",3,65,6106,2839,3267
050,45,045,"South Carolina","Greenville County",3,66,5895,2717,3178
050,45,045,"South Carolina","Greenville County",3,67,5737,2661,3076
050,45,045,"South Carolina","Greenville County",3,68,5551,2541,3010
050,45,045,"South Carolina","Greenville County",3,69,5453,2538,2915
050,45,045,"South Carolina","Greenville County",3,70,5180,2364,2816
050,45,045,"South Carolina","Greenville County",3,71,4848,2177,2671
050,45,045,"South Carolina","Greenville County",3,72,4832,2227,2605
050,45,045,"South Carolina","Greenville County",3,73,4734,2158,2576
050,45,045,"South Carolina","Greenville County",3,74,4996,2260,2736
050,45,045,"South Carolina","Greenville County",3,75,3527,1565,1962
050,45,045,"South Carolina","Greenville County",3,76,3472,1561,1911
050,45,045,"South Carolina","Greenville County",3,77,3316,1495,1821
050,45,045,"South Carolina","Greenville County",3,78,3239,1435,1804
050,45,045,"South Carolina","Greenville County",3,79,2729,1206,1523
050,45,045,"South Carolina","Greenville County",3,80,2445,1067,1378
050,45,045,"South Carolina","Greenville County",3,81,2171,910,1261
050,45,045,"South Carolina","Greenville County",3,82,1939,794,1145
050,45,045,"South Carolina","Greenville County",3,83,1706,714,992
050,45,045,"South Carolina","Greenville County",3,84,1479,605,874
050,45,045,"South Carolina","Greenville County",3,85,8459,2910,5549
050,45,045,"South Carolina","Greenville County",4,0,6607,3400,3207
050,45,045,"South Carolina","Greenville County",4,1,6469,3280,3189
050,45,045,"South Carolina","Greenville County",4,2,6518,3351,3167
050,45,045,"South Carolina","Greenville County",4,3,6580,3433,3147
050,45,045,"South Carolina","Greenville County",4,4,6767,3523,3244
050,45,045,"South Carolina","Greenville County",4,5,6823,3590,3233
050,45,045,"South Carolina","Greenville County",4,6,7051,3685,3366
050,45,045,"South Carolina","Greenville County",4,7,7066,3682,3384
050,45,045,"South Carolina","Greenville County",4,8,6878,3599,3279
050,45,045,"South Carolina","Greenville County",4,9,6800,3476,3324
050,45,045,"South Carolina","Greenville County",4,10,6926,3482,3444
050,45,045,"South Carolina","Greenville County",4,11,7015,3544,3471
050,45,045,"South Carolina","Greenville County",4,12,7200,3619,3581
050,45,045,"South Carolina","Greenville County",4,13,7472,3803,3669
050,45,045,"South Carolina","Greenville County",4,14,7645,3844,3801
050,45,045,"South Carolina","Greenville County",4,15,7635,3827,3808
050,45,045,"South Carolina","Greenville County",4,16,7360,3720,3640
050,45,045,"South Carolina","Greenville County",4,17,7135,3607,3528
050,45,045,"South Carolina","Greenville County",4,18,6590,3315,3275
050,45,045,"South Carolina","Greenville County",4,19,6302,3152,3150
050,45,045,"South Carolina","Greenville County",4,20,6461,3174,3287
050,45,045,"South Carolina","Greenville County",4,21,6699,3303,3396
050,45,045,"South Carolina","Greenville County",4,22,6682,3199,3483
050,45,045,"South Carolina","Greenville County",4,23,6795,3285,3510
050,45,045,"South Carolina","Greenville County",4,24,7010,3494,3516
050,45,045,"South Carolina","Greenville County",4,25,7036,3501,3535
050,45,045,"South Carolina","Greenville County",4,26,7252,3489,3763
050,45,045,"South Carolina","Greenville County",4,27,7374,3586,3788
050,45,045,"South Carolina","Greenville County",4,28,7568,3713,3855
050,45,045,"South Carolina","Greenville County",4,29,7548,3733,3815
050,45,045,"South Carolina","Greenville County",4,30,7893,3834,4059
050,45,045,"South Carolina","Greenville County",4,31,8014,3918,4096
050,45,045,"South Carolina","Greenville County",4,32,7950,3908,4042
050,45,045,"South Carolina","Greenville County",4,33,7756,3726,4030
050,45,045,"South Carolina","Greenville County",4,34,7732,3744,3988
050,45,045,"South Carolina","Greenville County",4,35,7588,3723,3865
050,45,045,"South Carolina","Greenville County",4,36,7372,3634,3738
050,45,045,"South Carolina","Greenville County",4,37,7457,3658,3799
050,45,045,"South Carolina","Greenville County",4,38,7260,3595,3665
050,45,045,"South Carolina","Greenville County",4,39,7387,3616,3771
050,45,045,"South Carolina","Greenville County",4,40,7250,3592,3658
050,45,045,"South Carolina","Greenville County",4,41,7198,3547,3651
050,45,045,"South Carolina","Greenville County",4,42,7092,3460,3632
050,45,045,"South Carolina","Greenville County",4,43,6853,3377,3476
050,45,045,"South Carolina","Greenville County",4,44,6819,3347,3472
050,45,045,"South Carolina","Greenville County",4,45,6728,3312,3416
050,45,045,"South Carolina","Greenville County",4,46,6391,3129,3262
050,45,045,"South Carolina","Greenville County",4,47,6450,3153,3297
050,45,045,"South Carolina","Greenville County",4,48,6457,3134,3323
050,45,045,"South Carolina","Greenville County",4,49,6576,3230,3346
050,45,045,"South Carolina","Greenville County",4,50,6890,3357,3533
050,45,045,"South Carolina","Greenville County",4,51,7400,3677,3723
050,45,045,"South Carolina","Greenville County",4,52,7067,3515,3552
050,45,045,"South Carolina","Greenville County",4,53,6753,3292,3461
050,45,045,"South Carolina","Greenville County",4,54,6645,3242,3403
050,45,045,"South Carolina","Greenville County",4,55,6663,3231,3432
050,45,045,"South Carolina","Greenville County",4,56,6755,3297,3458
050,45,045,"South Carolina","Greenville County",4,57,6993,3363,3630
050,45,045,"South Carolina","Greenville County",4,58,7093,3436,3657
050,45,045,"South Carolina","Greenville County",4,59,6956,3392,3564
050,45,045,"South Carolina","Greenville County",4,60,6839,3305,3534
050,45,045,"South Carolina","Greenville County",4,61,6860,3254,3606
050,45,045,"South Carolina","Greenville County",4,62,6723,3172,3551
050,45,045,"South Carolina","Greenville County",4,63,6622,3159,3463
050,45,045,"South Carolina","Greenville County",4,64,6538,3102,3436
050,45,045,"South Carolina","Greenville County",4,65,6419,3005,3414
050,45,045,"South Carolina","Greenville County",4,66,6124,2854,3270
050,45,045,"South Carolina","Greenville County",4,67,5929,2724,3205
050,45,045,"South Carolina","Greenville County",4,68,5731,2638,3093
050,45,045,"South Carolina","Greenville County",4,69,5564,2544,3020
050,45,045,"South Carolina","Greenville County",4,70,5463,2522,2941
050,45,045,"South Carolina","Greenville County",4,71,5094,2322,2772
050,45,045,"South Carolina","Greenville County",4,72,4800,2148,2652
050,45,045,"South Carolina","Greenville County",4,73,4752,2171,2581
050,45,045,"South Carolina","Greenville County",4,74,4636,2079,2557
050,45,045,"South Carolina","Greenville County",4,75,4932,2214,2718
050,45,045,"South Carolina","Greenville County",4,76,3459,1503,1956
050,45,045,"South Carolina","Greenville County",4,77,3410,1524,1886
050,45,045,"South Carolina","Greenville County",4,78,3186,1412,1774
050,45,045,"South Carolina","Greenville County",4,79,3102,1365,1737
050,45,045,"South Carolina","Greenville County",4,80,2614,1142,1472
050,45,045,"South Carolina","Greenville County",4,81,2359,1013,1346
050,45,045,"South Carolina","Greenville County",4,82,2031,844,1187
050,45,045,"South Carolina","Greenville County",4,83,1805,721,1084
050,45,045,"South Carolina","Greenville County",4,84,1575,643,932
050,45,045,"South Carolina","Greenville County",4,85,8576,2983,5593
050,45,045,"South Carolina","Greenville County",5,0,6513,3351,3162
050,45,045,"South Carolina","Greenville County",5,1,6573,3394,3179
050,45,045,"South Carolina","Greenville County",5,2,6581,3295,3286
050,45,045,"South Carolina","Greenville County",5,3,6677,3436,3241
050,45,045,"South Carolina","Greenville County",5,4,6715,3491,3224
050,45,045,"South Carolina","Greenville County",5,5,6839,3546,3293
050,45,045,"South Carolina","Greenville County",5,6,6964,3681,3283
050,45,045,"South Carolina","Greenville County",5,7,7247,3812,3435
050,45,045,"South Carolina","Greenville County",5,8,7133,3693,3440
050,45,045,"South Carolina","Greenville County",5,9,7027,3688,3339
050,45,045,"South Carolina","Greenville County",5,10,6888,3526,3362
050,45,045,"South Carolina","Greenville County",5,11,7010,3513,3497
050,45,045,"South Carolina","Greenville County",5,12,7166,3606,3560
050,45,045,"South Carolina","Greenville County",5,13,7271,3649,3622
050,45,045,"South Carolina","Greenville County",5,14,7569,3849,3720
050,45,045,"South Carolina","Greenville County",5,15,7786,3915,3871
050,45,045,"South Carolina","Greenville County",5,16,7711,3884,3827
050,45,045,"South Carolina","Greenville County",5,17,7467,3727,3740
050,45,045,"South Carolina","Greenville County",5,18,6707,3426,3281
050,45,045,"South Carolina","Greenville County",5,19,6410,3172,3238
050,45,045,"South Carolina","Greenville County",5,20,6638,3276,3362
050,45,045,"South Carolina","Greenville County",5,21,6702,3307,3395
050,45,045,"South Carolina","Greenville County",5,22,6778,3274,3504
050,45,045,"South Carolina","Greenville County",5,23,6922,3326,3596
050,45,045,"South Carolina","Greenville County",5,24,7148,3476,3672
050,45,045,"South Carolina","Greenville County",5,25,7347,3688,3659
050,45,045,"South Carolina","Greenville County",5,26,7260,3570,3690
050,45,045,"South Carolina","Greenville County",5,27,7405,3575,3830
050,45,045,"South Carolina","Greenville County",5,28,7615,3713,3902
050,45,045,"South Carolina","Greenville County",5,29,7682,3727,3955
050,45,045,"South Carolina","Greenville County",5,30,7642,3779,3863
050,45,045,"South Carolina","Greenville County",5,31,8023,3907,4116
050,45,045,"South Carolina","Greenville County",5,32,8210,4045,4165
050,45,045,"South Carolina","Greenville County",5,33,8176,3977,4199
050,45,045,"South Carolina","Greenville County",5,34,7904,3797,4107
050,45,045,"South Carolina","Greenville County",5,35,7884,3825,4059
050,45,045,"South Carolina","Greenville County",5,36,7722,3757,3965
050,45,045,"South Carolina","Greenville County",5,37,7434,3658,3776
050,45,045,"South Carolina","Greenville County",5,38,7605,3749,3856
050,45,045,"South Carolina","Greenville County",5,39,7373,3647,3726
050,45,045,"South Carolina","Greenville County",5,40,7487,3646,3841
050,45,045,"South Carolina","Greenville County",5,41,7357,3631,3726
050,45,045,"South Carolina","Greenville County",5,42,7288,3607,3681
050,45,045,"South Carolina","Greenville County",5,43,7227,3537,3690
050,45,045,"South Carolina","Greenville County",5,44,6960,3422,3538
050,45,045,"South Carolina","Greenville County",5,45,6913,3363,3550
050,45,045,"South Carolina","Greenville County",5,46,6777,3335,3442
050,45,045,"South Carolina","Greenville County",5,47,6449,3127,3322
050,45,045,"South Carolina","Greenville County",5,48,6452,3142,3310
050,45,045,"South Carolina","Greenville County",5,49,6464,3132,3332
050,45,045,"South Carolina","Greenville County",5,50,6628,3252,3376
050,45,045,"South Carolina","Greenville County",5,51,6952,3388,3564
050,45,045,"South Carolina","Greenville County",5,52,7453,3705,3748
050,45,045,"South Carolina","Greenville County",5,53,7068,3515,3553
050,45,045,"South Carolina","Greenville County",5,54,6810,3351,3459
050,45,045,"South Carolina","Greenville County",5,55,6671,3226,3445
050,45,045,"South Carolina","Greenville County",5,56,6734,3251,3483
050,45,045,"South Carolina","Greenville County",5,57,6861,3331,3530
050,45,045,"South Carolina","Greenville County",5,58,7051,3396,3655
050,45,045,"South Carolina","Greenville County",5,59,7147,3444,3703
050,45,045,"South Carolina","Greenville County",5,60,6949,3387,3562
050,45,045,"South Carolina","Greenville County",5,61,6845,3282,3563
050,45,045,"South Carolina","Greenville County",5,62,6875,3248,3627
050,45,045,"South Carolina","Greenville County",5,63,6712,3148,3564
050,45,045,"South Carolina","Greenville County",5,64,6646,3145,3501
050,45,045,"South Carolina","Greenville County",5,65,6539,3097,3442
050,45,045,"South Carolina","Greenville County",5,66,6410,2986,3424
050,45,045,"South Carolina","Greenville County",5,67,6164,2845,3319
050,45,045,"South Carolina","Greenville County",5,68,5933,2701,3232
050,45,045,"South Carolina","Greenville County",5,69,5720,2619,3101
050,45,045,"South Carolina","Greenville County",5,70,5544,2533,3011
050,45,045,"South Carolina","Greenville County",5,71,5388,2478,2910
050,45,045,"South Carolina","Greenville County",5,72,5056,2308,2748
050,45,045,"South Carolina","Greenville County",5,73,4744,2109,2635
050,45,045,"South Carolina","Greenville County",5,74,4656,2085,2571
050,45,045,"South Carolina","Greenville County",5,75,4575,2052,2523
050,45,045,"South Carolina","Greenville County",5,76,4850,2144,2706
050,45,045,"South Carolina","Greenville County",5,77,3402,1481,1921
050,45,045,"South Carolina","Greenville County",5,78,3304,1450,1854
050,45,045,"South Carolina","Greenville County",5,79,3066,1356,1710
050,45,045,"South Carolina","Greenville County",5,80,2999,1301,1698
050,45,045,"South Carolina","Greenville County",5,81,2514,1074,1440
050,45,045,"South Carolina","Greenville County",5,82,2221,952,1269
050,45,045,"South Carolina","Greenville County",5,83,1888,778,1110
050,45,045,"South Carolina","Greenville County",5,84,1681,653,1028
050,45,045,"South Carolina","Greenville County",5,85,8882,3141,5741
050,45,047,"South Carolina","Greenwood County",1,0,821,399,422
050,45,047,"South Carolina","Greenwood County",1,1,859,414,445
050,45,047,"South Carolina","Greenwood County",1,2,790,396,394
050,45,047,"South Carolina","Greenwood County",1,3,853,415,438
050,45,047,"South Carolina","Greenwood County",1,4,802,399,403
050,45,047,"South Carolina","Greenwood County",1,5,910,457,453
050,45,047,"South Carolina","Greenwood County",1,6,863,438,425
050,45,047,"South Carolina","Greenwood County",1,7,861,416,445
050,45,047,"South Carolina","Greenwood County",1,8,877,462,415
050,45,047,"South Carolina","Greenwood County",1,9,896,469,427
050,45,047,"South Carolina","Greenwood County",1,10,893,438,455
050,45,047,"South Carolina","Greenwood County",1,11,961,462,499
050,45,047,"South Carolina","Greenwood County",1,12,1007,500,507
050,45,047,"South Carolina","Greenwood County",1,13,982,492,490
050,45,047,"South Carolina","Greenwood County",1,14,931,467,464
050,45,047,"South Carolina","Greenwood County",1,15,864,455,409
050,45,047,"South Carolina","Greenwood County",1,16,848,450,398
050,45,047,"South Carolina","Greenwood County",1,17,849,431,418
050,45,047,"South Carolina","Greenwood County",1,18,1131,488,643
050,45,047,"South Carolina","Greenwood County",1,19,1246,507,739
050,45,047,"South Carolina","Greenwood County",1,20,992,451,541
050,45,047,"South Carolina","Greenwood County",1,21,943,439,504
050,45,047,"South Carolina","Greenwood County",1,22,911,428,483
050,45,047,"South Carolina","Greenwood County",1,23,872,401,471
050,45,047,"South Carolina","Greenwood County",1,24,850,396,454
050,45,047,"South Carolina","Greenwood County",1,25,844,396,448
050,45,047,"South Carolina","Greenwood County",1,26,867,403,464
050,45,047,"South Carolina","Greenwood County",1,27,847,402,445
050,45,047,"South Carolina","Greenwood County",1,28,857,384,473
050,45,047,"South Carolina","Greenwood County",1,29,928,386,542
050,45,047,"South Carolina","Greenwood County",1,30,945,427,518
050,45,047,"South Carolina","Greenwood County",1,31,894,401,493
050,45,047,"South Carolina","Greenwood County",1,32,847,400,447
050,45,047,"South Carolina","Greenwood County",1,33,809,372,437
050,45,047,"South Carolina","Greenwood County",1,34,761,354,407
050,45,047,"South Carolina","Greenwood County",1,35,739,363,376
050,45,047,"South Carolina","Greenwood County",1,36,780,380,400
050,45,047,"South Carolina","Greenwood County",1,37,797,375,422
050,45,047,"South Carolina","Greenwood County",1,38,775,344,431
050,45,047,"South Carolina","Greenwood County",1,39,800,363,437
050,45,047,"South Carolina","Greenwood County",1,40,785,374,411
050,45,047,"South Carolina","Greenwood County",1,41,768,366,402
050,45,047,"South Carolina","Greenwood County",1,42,741,363,378
050,45,047,"South Carolina","Greenwood County",1,43,752,362,390
050,45,047,"South Carolina","Greenwood County",1,44,717,343,374
050,45,047,"South Carolina","Greenwood County",1,45,773,377,396
050,45,047,"South Carolina","Greenwood County",1,46,748,352,396
050,45,047,"South Carolina","Greenwood County",1,47,817,387,430
050,45,047,"South Carolina","Greenwood County",1,48,838,378,460
050,45,047,"South Carolina","Greenwood County",1,49,936,459,477
050,45,047,"South Carolina","Greenwood County",1,50,885,437,448
050,45,047,"South Carolina","Greenwood County",1,51,898,428,470
050,45,047,"South Carolina","Greenwood County",1,52,837,415,422
050,45,047,"South Carolina","Greenwood County",1,53,849,406,443
050,45,047,"South Carolina","Greenwood County",1,54,884,423,461
050,45,047,"South Carolina","Greenwood County",1,55,914,431,483
050,45,047,"South Carolina","Greenwood County",1,56,904,421,483
050,45,047,"South Carolina","Greenwood County",1,57,901,435,466
050,45,047,"South Carolina","Greenwood County",1,58,933,454,479
050,45,047,"South Carolina","Greenwood County",1,59,905,445,460
050,45,047,"South Carolina","Greenwood County",1,60,857,404,453
050,45,047,"South Carolina","Greenwood County",1,61,874,394,480
050,45,047,"South Carolina","Greenwood County",1,62,867,393,474
050,45,047,"South Carolina","Greenwood County",1,63,889,422,467
050,45,047,"South Carolina","Greenwood County",1,64,883,417,466
050,45,047,"South Carolina","Greenwood County",1,65,846,388,458
050,45,047,"South Carolina","Greenwood County",1,66,840,412,428
050,45,047,"South Carolina","Greenwood County",1,67,808,391,417
050,45,047,"South Carolina","Greenwood County",1,68,743,334,409
050,45,047,"South Carolina","Greenwood County",1,69,710,308,402
050,45,047,"South Carolina","Greenwood County",1,70,702,323,379
050,45,047,"South Carolina","Greenwood County",1,71,763,355,408
050,45,047,"South Carolina","Greenwood County",1,72,744,342,402
050,45,047,"South Carolina","Greenwood County",1,73,789,358,431
050,45,047,"South Carolina","Greenwood County",1,74,519,242,277
050,45,047,"South Carolina","Greenwood County",1,75,501,226,275
050,45,047,"South Carolina","Greenwood County",1,76,479,210,269
050,45,047,"South Carolina","Greenwood County",1,77,480,204,276
050,45,047,"South Carolina","Greenwood County",1,78,435,198,237
050,45,047,"South Carolina","Greenwood County",1,79,404,171,233
050,45,047,"South Carolina","Greenwood County",1,80,379,169,210
050,45,047,"South Carolina","Greenwood County",1,81,341,145,196
050,45,047,"South Carolina","Greenwood County",1,82,288,120,168
050,45,047,"South Carolina","Greenwood County",1,83,259,103,156
050,45,047,"South Carolina","Greenwood County",1,84,251,92,159
050,45,047,"South Carolina","Greenwood County",1,85,1611,538,1073
050,45,047,"South Carolina","Greenwood County",2,0,818,390,428
050,45,047,"South Carolina","Greenwood County",2,1,851,411,440
050,45,047,"South Carolina","Greenwood County",2,2,811,401,410
050,45,047,"South Carolina","Greenwood County",2,3,832,408,424
050,45,047,"South Carolina","Greenwood County",2,4,815,405,410
050,45,047,"South Carolina","Greenwood County",2,5,884,444,440
050,45,047,"South Carolina","Greenwood County",2,6,876,442,434
050,45,047,"South Carolina","Greenwood County",2,7,858,418,440
050,45,047,"South Carolina","Greenwood County",2,8,870,448,422
050,45,047,"South Carolina","Greenwood County",2,9,889,467,422
050,45,047,"South Carolina","Greenwood County",2,10,897,447,450
050,45,047,"South Carolina","Greenwood County",2,11,939,453,486
050,45,047,"South Carolina","Greenwood County",2,12,1001,494,507
050,45,047,"South Carolina","Greenwood County",2,13,990,494,496
050,45,047,"South Carolina","Greenwood County",2,14,942,473,469
050,45,047,"South Carolina","Greenwood County",2,15,879,458,421
050,45,047,"South Carolina","Greenwood County",2,16,853,451,402
050,45,047,"South Carolina","Greenwood County",2,17,853,439,414
050,45,047,"South Carolina","Greenwood County",2,18,1121,478,643
050,45,047,"South Carolina","Greenwood County",2,19,1242,504,738
050,45,047,"South Carolina","Greenwood County",2,20,991,450,541
050,45,047,"South Carolina","Greenwood County",2,21,941,436,505
050,45,047,"South Carolina","Greenwood County",2,22,908,427,481
050,45,047,"South Carolina","Greenwood County",2,23,883,405,478
050,45,047,"South Carolina","Greenwood County",2,24,848,396,452
050,45,047,"South Carolina","Greenwood County",2,25,853,400,453
050,45,047,"South Carolina","Greenwood County",2,26,867,404,463
050,45,047,"South Carolina","Greenwood County",2,27,844,403,441
050,45,047,"South Carolina","Greenwood County",2,28,859,388,471
050,45,047,"South Carolina","Greenwood County",2,29,910,387,523
050,45,047,"South Carolina","Greenwood County",2,30,942,416,526
050,45,047,"South Carolina","Greenwood County",2,31,900,405,495
050,45,047,"South Carolina","Greenwood County",2,32,860,400,460
050,45,047,"South Carolina","Greenwood County",2,33,813,374,439
050,45,047,"South Carolina","Greenwood County",2,34,767,356,411
050,45,047,"South Carolina","Greenwood County",2,35,749,363,386
050,45,047,"South Carolina","Greenwood County",2,36,768,377,391
050,45,047,"South Carolina","Greenwood County",2,37,793,378,415
050,45,047,"South Carolina","Greenwood County",2,38,787,352,435
050,45,047,"South Carolina","Greenwood County",2,39,793,358,435
050,45,047,"South Carolina","Greenwood County",2,40,796,376,420
050,45,047,"South Carolina","Greenwood County",2,41,769,368,401
050,45,047,"South Carolina","Greenwood County",2,42,744,366,378
050,45,047,"South Carolina","Greenwood County",2,43,757,366,391
050,45,047,"South Carolina","Greenwood County",2,44,719,344,375
050,45,047,"South Carolina","Greenwood County",2,45,763,371,392
050,45,047,"South Carolina","Greenwood County",2,46,747,357,390
050,45,047,"South Carolina","Greenwood County",2,47,791,374,417
050,45,047,"South Carolina","Greenwood County",2,48,833,381,452
050,45,047,"South Carolina","Greenwood County",2,49,920,442,478
050,45,047,"South Carolina","Greenwood County",2,50,905,446,459
050,45,047,"South Carolina","Greenwood County",2,51,894,427,467
050,45,047,"South Carolina","Greenwood County",2,52,849,416,433
050,45,047,"South Carolina","Greenwood County",2,53,846,410,436
050,45,047,"South Carolina","Greenwood County",2,54,875,420,455
050,45,047,"South Carolina","Greenwood County",2,55,905,429,476
050,45,047,"South Carolina","Greenwood County",2,56,910,426,484
050,45,047,"South Carolina","Greenwood County",2,57,903,435,468
050,45,047,"South Carolina","Greenwood County",2,58,924,449,475
050,45,047,"South Carolina","Greenwood County",2,59,913,450,463
050,45,047,"South Carolina","Greenwood County",2,60,867,415,452
050,45,047,"South Carolina","Greenwood County",2,61,870,396,474
050,45,047,"South Carolina","Greenwood County",2,62,862,388,474
050,45,047,"South Carolina","Greenwood County",2,63,891,417,474
050,45,047,"South Carolina","Greenwood County",2,64,875,412,463
050,45,047,"South Carolina","Greenwood County",2,65,856,394,462
050,45,047,"South Carolina","Greenwood County",2,66,836,401,435
050,45,047,"South Carolina","Greenwood County",2,67,811,393,418
050,45,047,"South Carolina","Greenwood County",2,68,749,342,407
050,45,047,"South Carolina","Greenwood County",2,69,722,315,407
050,45,047,"South Carolina","Greenwood County",2,70,704,319,385
050,45,047,"South Carolina","Greenwood County",2,71,743,344,399
050,45,047,"South Carolina","Greenwood County",2,72,735,338,397
050,45,047,"South Carolina","Greenwood County",2,73,810,367,443
050,45,047,"South Carolina","Greenwood County",2,74,544,251,293
050,45,047,"South Carolina","Greenwood County",2,75,505,227,278
050,45,047,"South Carolina","Greenwood County",2,76,476,210,266
050,45,047,"South Carolina","Greenwood County",2,77,488,210,278
050,45,047,"South Carolina","Greenwood County",2,78,433,194,239
050,45,047,"South Carolina","Greenwood County",2,79,408,175,233
050,45,047,"South Carolina","Greenwood County",2,80,375,162,213
050,45,047,"South Carolina","Greenwood County",2,81,346,149,197
050,45,047,"South Carolina","Greenwood County",2,82,297,122,175
050,45,047,"South Carolina","Greenwood County",2,83,262,104,158
050,45,047,"South Carolina","Greenwood County",2,84,251,94,157
050,45,047,"South Carolina","Greenwood County",2,85,1614,539,1075
050,45,047,"South Carolina","Greenwood County",3,0,759,414,345
050,45,047,"South Carolina","Greenwood County",3,1,814,390,424
050,45,047,"South Carolina","Greenwood County",3,2,819,398,421
050,45,047,"South Carolina","Greenwood County",3,3,805,395,410
050,45,047,"South Carolina","Greenwood County",3,4,793,385,408
050,45,047,"South Carolina","Greenwood County",3,5,823,403,420
050,45,047,"South Carolina","Greenwood County",3,6,900,460,440
050,45,047,"South Carolina","Greenwood County",3,7,862,438,424
050,45,047,"South Carolina","Greenwood County",3,8,864,423,441
050,45,047,"South Carolina","Greenwood County",3,9,871,458,413
050,45,047,"South Carolina","Greenwood County",3,10,859,451,408
050,45,047,"South Carolina","Greenwood County",3,11,879,420,459
050,45,047,"South Carolina","Greenwood County",3,12,933,451,482
050,45,047,"South Carolina","Greenwood County",3,13,980,484,496
050,45,047,"South Carolina","Greenwood County",3,14,1004,507,497
050,45,047,"South Carolina","Greenwood County",3,15,936,475,461
050,45,047,"South Carolina","Greenwood County",3,16,854,438,416
050,45,047,"South Carolina","Greenwood County",3,17,866,453,413
050,45,047,"South Carolina","Greenwood County",3,18,1100,467,633
050,45,047,"South Carolina","Greenwood County",3,19,1236,508,728
050,45,047,"South Carolina","Greenwood County",3,20,939,432,507
050,45,047,"South Carolina","Greenwood County",3,21,943,435,508
050,45,047,"South Carolina","Greenwood County",3,22,945,448,497
050,45,047,"South Carolina","Greenwood County",3,23,892,413,479
050,45,047,"South Carolina","Greenwood County",3,24,820,406,414
050,45,047,"South Carolina","Greenwood County",3,25,827,402,425
050,45,047,"South Carolina","Greenwood County",3,26,830,394,436
050,45,047,"South Carolina","Greenwood County",3,27,826,396,430
050,45,047,"South Carolina","Greenwood County",3,28,837,390,447
050,45,047,"South Carolina","Greenwood County",3,29,883,397,486
050,45,047,"South Carolina","Greenwood County",3,30,898,375,523
050,45,047,"South Carolina","Greenwood County",3,31,923,409,514
050,45,047,"South Carolina","Greenwood County",3,32,909,408,501
050,45,047,"South Carolina","Greenwood County",3,33,811,379,432
050,45,047,"South Carolina","Greenwood County",3,34,800,375,425
050,45,047,"South Carolina","Greenwood County",3,35,780,370,410
050,45,047,"South Carolina","Greenwood County",3,36,771,380,391
050,45,047,"South Carolina","Greenwood County",3,37,763,375,388
050,45,047,"South Carolina","Greenwood County",3,38,831,388,443
050,45,047,"South Carolina","Greenwood County",3,39,791,364,427
050,45,047,"South Carolina","Greenwood County",3,40,791,362,429
050,45,047,"South Carolina","Greenwood County",3,41,810,380,430
050,45,047,"South Carolina","Greenwood County",3,42,758,363,395
050,45,047,"South Carolina","Greenwood County",3,43,729,350,379
050,45,047,"South Carolina","Greenwood County",3,44,761,367,394
050,45,047,"South Carolina","Greenwood County",3,45,721,350,371
050,45,047,"South Carolina","Greenwood County",3,46,756,377,379
050,45,047,"South Carolina","Greenwood County",3,47,735,345,390
050,45,047,"South Carolina","Greenwood County",3,48,786,370,416
050,45,047,"South Carolina","Greenwood County",3,49,837,389,448
050,45,047,"South Carolina","Greenwood County",3,50,919,440,479
050,45,047,"South Carolina","Greenwood County",3,51,921,455,466
050,45,047,"South Carolina","Greenwood County",3,52,863,411,452
050,45,047,"South Carolina","Greenwood County",3,53,836,407,429
050,45,047,"South Carolina","Greenwood County",3,54,849,406,443
050,45,047,"South Carolina","Greenwood County",3,55,877,412,465
050,45,047,"South Carolina","Greenwood County",3,56,917,436,481
050,45,047,"South Carolina","Greenwood County",3,57,907,425,482
050,45,047,"South Carolina","Greenwood County",3,58,928,442,486
050,45,047,"South Carolina","Greenwood County",3,59,907,438,469
050,45,047,"South Carolina","Greenwood County",3,60,909,451,458
050,45,047,"South Carolina","Greenwood County",3,61,865,417,448
050,45,047,"South Carolina","Greenwood County",3,62,868,387,481
050,45,047,"South Carolina","Greenwood County",3,63,870,393,477
050,45,047,"South Carolina","Greenwood County",3,64,884,400,484
050,45,047,"South Carolina","Greenwood County",3,65,861,414,447
050,45,047,"South Carolina","Greenwood County",3,66,839,381,458
050,45,047,"South Carolina","Greenwood County",3,67,826,394,432
050,45,047,"South Carolina","Greenwood County",3,68,806,390,416
050,45,047,"South Carolina","Greenwood County",3,69,725,323,402
050,45,047,"South Carolina","Greenwood County",3,70,700,308,392
050,45,047,"South Carolina","Greenwood County",3,71,686,311,375
050,45,047,"South Carolina","Greenwood County",3,72,728,332,396
050,45,047,"South Carolina","Greenwood County",3,73,710,323,387
050,45,047,"South Carolina","Greenwood County",3,74,771,345,426
050,45,047,"South Carolina","Greenwood County",3,75,540,248,292
050,45,047,"South Carolina","Greenwood County",3,76,491,221,270
050,45,047,"South Carolina","Greenwood County",3,77,460,202,258
050,45,047,"South Carolina","Greenwood County",3,78,464,199,265
050,45,047,"South Carolina","Greenwood County",3,79,421,188,233
050,45,047,"South Carolina","Greenwood County",3,80,384,160,224
050,45,047,"South Carolina","Greenwood County",3,81,345,146,199
050,45,047,"South Carolina","Greenwood County",3,82,317,133,184
050,45,047,"South Carolina","Greenwood County",3,83,299,120,179
050,45,047,"South Carolina","Greenwood County",3,84,227,88,139
050,45,047,"South Carolina","Greenwood County",3,85,1546,506,1040
050,45,047,"South Carolina","Greenwood County",4,0,744,384,360
050,45,047,"South Carolina","Greenwood County",4,1,762,424,338
050,45,047,"South Carolina","Greenwood County",4,2,802,380,422
050,45,047,"South Carolina","Greenwood County",4,3,825,394,431
050,45,047,"South Carolina","Greenwood County",4,4,808,400,408
050,45,047,"South Carolina","Greenwood County",4,5,823,400,423
050,45,047,"South Carolina","Greenwood County",4,6,818,400,418
050,45,047,"South Carolina","Greenwood County",4,7,906,465,441
050,45,047,"South Carolina","Greenwood County",4,8,846,427,419
050,45,047,"South Carolina","Greenwood County",4,9,864,419,445
050,45,047,"South Carolina","Greenwood County",4,10,857,452,405
050,45,047,"South Carolina","Greenwood County",4,11,867,448,419
050,45,047,"South Carolina","Greenwood County",4,12,887,436,451
050,45,047,"South Carolina","Greenwood County",4,13,929,447,482
050,45,047,"South Carolina","Greenwood County",4,14,987,495,492
050,45,047,"South Carolina","Greenwood County",4,15,1007,507,500
050,45,047,"South Carolina","Greenwood County",4,16,939,478,461
050,45,047,"South Carolina","Greenwood County",4,17,872,454,418
050,45,047,"South Carolina","Greenwood County",4,18,1120,486,634
050,45,047,"South Carolina","Greenwood County",4,19,1216,501,715
050,45,047,"South Carolina","Greenwood County",4,20,956,443,513
050,45,047,"South Carolina","Greenwood County",4,21,917,432,485
050,45,047,"South Carolina","Greenwood County",4,22,948,439,509
050,45,047,"South Carolina","Greenwood County",4,23,894,419,475
050,45,047,"South Carolina","Greenwood County",4,24,857,416,441
050,45,047,"South Carolina","Greenwood County",4,25,838,416,422
050,45,047,"South Carolina","Greenwood County",4,26,830,404,426
050,45,047,"South Carolina","Greenwood County",4,27,792,379,413
050,45,047,"South Carolina","Greenwood County",4,28,812,378,434
050,45,047,"South Carolina","Greenwood County",4,29,837,387,450
050,45,047,"South Carolina","Greenwood County",4,30,852,384,468
050,45,047,"South Carolina","Greenwood County",4,31,864,373,491
050,45,047,"South Carolina","Greenwood County",4,32,908,403,505
050,45,047,"South Carolina","Greenwood County",4,33,892,399,493
050,45,047,"South Carolina","Greenwood County",4,34,832,398,434
050,45,047,"South Carolina","Greenwood County",4,35,794,366,428
050,45,047,"South Carolina","Greenwood County",4,36,780,375,405
050,45,047,"South Carolina","Greenwood County",4,37,741,362,379
050,45,047,"South Carolina","Greenwood County",4,38,763,362,401
050,45,047,"South Carolina","Greenwood County",4,39,806,376,430
050,45,047,"South Carolina","Greenwood County",4,40,793,373,420
050,45,047,"South Carolina","Greenwood County",4,41,787,359,428
050,45,047,"South Carolina","Greenwood County",4,42,826,389,437
050,45,047,"South Carolina","Greenwood County",4,43,760,356,404
050,45,047,"South Carolina","Greenwood County",4,44,731,353,378
050,45,047,"South Carolina","Greenwood County",4,45,767,371,396
050,45,047,"South Carolina","Greenwood County",4,46,733,355,378
050,45,047,"South Carolina","Greenwood County",4,47,756,364,392
050,45,047,"South Carolina","Greenwood County",4,48,738,356,382
050,45,047,"South Carolina","Greenwood County",4,49,791,367,424
050,45,047,"South Carolina","Greenwood County",4,50,835,390,445
050,45,047,"South Carolina","Greenwood County",4,51,919,439,480
050,45,047,"South Carolina","Greenwood County",4,52,905,452,453
050,45,047,"South Carolina","Greenwood County",4,53,870,421,449
050,45,047,"South Carolina","Greenwood County",4,54,847,418,429
050,45,047,"South Carolina","Greenwood County",4,55,827,387,440
050,45,047,"South Carolina","Greenwood County",4,56,880,412,468
050,45,047,"South Carolina","Greenwood County",4,57,920,427,493
050,45,047,"South Carolina","Greenwood County",4,58,909,435,474
050,45,047,"South Carolina","Greenwood County",4,59,915,429,486
050,45,047,"South Carolina","Greenwood County",4,60,921,437,484
050,45,047,"South Carolina","Greenwood County",4,61,916,450,466
050,45,047,"South Carolina","Greenwood County",4,62,864,420,444
050,45,047,"South Carolina","Greenwood County",4,63,886,396,490
050,45,047,"South Carolina","Greenwood County",4,64,866,384,482
050,45,047,"South Carolina","Greenwood County",4,65,857,386,471
050,45,047,"South Carolina","Greenwood County",4,66,857,415,442
050,45,047,"South Carolina","Greenwood County",4,67,853,387,466
050,45,047,"South Carolina","Greenwood County",4,68,820,389,431
050,45,047,"South Carolina","Greenwood County",4,69,785,379,406
050,45,047,"South Carolina","Greenwood County",4,70,709,318,391
050,45,047,"South Carolina","Greenwood County",4,71,684,296,388
050,45,047,"South Carolina","Greenwood County",4,72,660,294,366
050,45,047,"South Carolina","Greenwood County",4,73,722,328,394
050,45,047,"South Carolina","Greenwood County",4,74,693,311,382
050,45,047,"South Carolina","Greenwood County",4,75,753,327,426
050,45,047,"South Carolina","Greenwood County",4,76,524,242,282
050,45,047,"South Carolina","Greenwood County",4,77,492,217,275
050,45,047,"South Carolina","Greenwood County",4,78,450,198,252
050,45,047,"South Carolina","Greenwood County",4,79,449,192,257
050,45,047,"South Carolina","Greenwood County",4,80,397,175,222
050,45,047,"South Carolina","Greenwood County",4,81,364,150,214
050,45,047,"South Carolina","Greenwood County",4,82,302,121,181
050,45,047,"South Carolina","Greenwood County",4,83,315,131,184
050,45,047,"South Carolina","Greenwood County",4,84,277,112,165
050,45,047,"South Carolina","Greenwood County",4,85,1506,491,1015
050,45,047,"South Carolina","Greenwood County",5,0,732,377,355
050,45,047,"South Carolina","Greenwood County",5,1,747,396,351
050,45,047,"South Carolina","Greenwood County",5,2,755,424,331
050,45,047,"South Carolina","Greenwood County",5,3,819,392,427
050,45,047,"South Carolina","Greenwood County",5,4,823,396,427
050,45,047,"South Carolina","Greenwood County",5,5,805,396,409
050,45,047,"South Carolina","Greenwood County",5,6,850,425,425
050,45,047,"South Carolina","Greenwood County",5,7,804,393,411
050,45,047,"South Carolina","Greenwood County",5,8,916,466,450
050,45,047,"South Carolina","Greenwood County",5,9,864,439,425
050,45,047,"South Carolina","Greenwood County",5,10,857,420,437
050,45,047,"South Carolina","Greenwood County",5,11,861,447,414
050,45,047,"South Carolina","Greenwood County",5,12,866,454,412
050,45,047,"South Carolina","Greenwood County",5,13,883,440,443
050,45,047,"South Carolina","Greenwood County",5,14,935,455,480
050,45,047,"South Carolina","Greenwood County",5,15,993,501,492
050,45,047,"South Carolina","Greenwood County",5,16,989,505,484
050,45,047,"South Carolina","Greenwood County",5,17,947,489,458
050,45,047,"South Carolina","Greenwood County",5,18,1130,492,638
050,45,047,"South Carolina","Greenwood County",5,19,1234,516,718
050,45,047,"South Carolina","Greenwood County",5,20,962,454,508
050,45,047,"South Carolina","Greenwood County",5,21,928,434,494
050,45,047,"South Carolina","Greenwood County",5,22,899,437,462
050,45,047,"South Carolina","Greenwood County",5,23,916,421,495
050,45,047,"South Carolina","Greenwood County",5,24,861,419,442
050,45,047,"South Carolina","Greenwood County",5,25,857,427,430
050,45,047,"South Carolina","Greenwood County",5,26,824,407,417
050,45,047,"South Carolina","Greenwood County",5,27,828,410,418
050,45,047,"South Carolina","Greenwood County",5,28,788,366,422
050,45,047,"South Carolina","Greenwood County",5,29,810,377,433
050,45,047,"South Carolina","Greenwood County",5,30,839,391,448
050,45,047,"South Carolina","Greenwood County",5,31,835,376,459
050,45,047,"South Carolina","Greenwood County",5,32,897,384,513
050,45,047,"South Carolina","Greenwood County",5,33,900,408,492
050,45,047,"South Carolina","Greenwood County",5,34,892,408,484
050,45,047,"South Carolina","Greenwood County",5,35,841,395,446
050,45,047,"South Carolina","Greenwood County",5,36,791,359,432
050,45,047,"South Carolina","Greenwood County",5,37,766,363,403
050,45,047,"South Carolina","Greenwood County",5,38,762,364,398
050,45,047,"South Carolina","Greenwood County",5,39,778,366,412
050,45,047,"South Carolina","Greenwood County",5,40,808,374,434
050,45,047,"South Carolina","Greenwood County",5,41,796,374,422
050,45,047,"South Carolina","Greenwood County",5,42,774,355,419
050,45,047,"South Carolina","Greenwood County",5,43,817,378,439
050,45,047,"South Carolina","Greenwood County",5,44,761,359,402
050,45,047,"South Carolina","Greenwood County",5,45,731,358,373
050,45,047,"South Carolina","Greenwood County",5,46,758,371,387
050,45,047,"South Carolina","Greenwood County",5,47,726,341,385
050,45,047,"South Carolina","Greenwood County",5,48,755,372,383
050,45,047,"South Carolina","Greenwood County",5,49,718,341,377
050,45,047,"South Carolina","Greenwood County",5,50,790,369,421
050,45,047,"South Carolina","Greenwood County",5,51,842,392,450
050,45,047,"South Carolina","Greenwood County",5,52,903,428,475
050,45,047,"South Carolina","Greenwood County",5,53,892,443,449
050,45,047,"South Carolina","Greenwood County",5,54,869,424,445
050,45,047,"South Carolina","Greenwood County",5,55,845,417,428
050,45,047,"South Carolina","Greenwood County",5,56,842,388,454
050,45,047,"South Carolina","Greenwood County",5,57,873,405,468
050,45,047,"South Carolina","Greenwood County",5,58,948,441,507
050,45,047,"South Carolina","Greenwood County",5,59,909,433,476
050,45,047,"South Carolina","Greenwood County",5,60,898,420,478
050,45,047,"South Carolina","Greenwood County",5,61,929,446,483
050,45,047,"South Carolina","Greenwood County",5,62,949,465,484
050,45,047,"South Carolina","Greenwood County",5,63,876,414,462
050,45,047,"South Carolina","Greenwood County",5,64,886,393,493
050,45,047,"South Carolina","Greenwood County",5,65,860,374,486
050,45,047,"South Carolina","Greenwood County",5,66,860,394,466
050,45,047,"South Carolina","Greenwood County",5,67,874,421,453
050,45,047,"South Carolina","Greenwood County",5,68,838,378,460
050,45,047,"South Carolina","Greenwood County",5,69,809,388,421
050,45,047,"South Carolina","Greenwood County",5,70,759,369,390
050,45,047,"South Carolina","Greenwood County",5,71,701,316,385
050,45,047,"South Carolina","Greenwood County",5,72,660,282,378
050,45,047,"South Carolina","Greenwood County",5,73,644,282,362
050,45,047,"South Carolina","Greenwood County",5,74,702,316,386
050,45,047,"South Carolina","Greenwood County",5,75,677,299,378
050,45,047,"South Carolina","Greenwood County",5,76,722,316,406
050,45,047,"South Carolina","Greenwood County",5,77,517,235,282
050,45,047,"South Carolina","Greenwood County",5,78,476,212,264
050,45,047,"South Carolina","Greenwood County",5,79,430,185,245
050,45,047,"South Carolina","Greenwood County",5,80,421,175,246
050,45,047,"South Carolina","Greenwood County",5,81,372,163,209
050,45,047,"South Carolina","Greenwood County",5,82,326,124,202
050,45,047,"South Carolina","Greenwood County",5,83,303,120,183
050,45,047,"South Carolina","Greenwood County",5,84,291,120,171
050,45,047,"South Carolina","Greenwood County",5,85,1539,510,1029
050,45,049,"South Carolina","Hampton County",1,0,179,93,86
050,45,049,"South Carolina","Hampton County",1,1,185,96,89
050,45,049,"South Carolina","Hampton County",1,2,200,101,99
050,45,049,"South Carolina","Hampton County",1,3,184,97,87
050,45,049,"South Carolina","Hampton County",1,4,201,101,100
050,45,049,"South Carolina","Hampton County",1,5,212,109,103
050,45,049,"South Carolina","Hampton County",1,6,195,98,97
050,45,049,"South Carolina","Hampton County",1,7,197,99,98
050,45,049,"South Carolina","Hampton County",1,8,185,91,94
050,45,049,"South Carolina","Hampton County",1,9,218,116,102
050,45,049,"South Carolina","Hampton County",1,10,242,127,115
050,45,049,"South Carolina","Hampton County",1,11,238,118,120
050,45,049,"South Carolina","Hampton County",1,12,238,118,120
050,45,049,"South Carolina","Hampton County",1,13,238,131,107
050,45,049,"South Carolina","Hampton County",1,14,256,135,121
050,45,049,"South Carolina","Hampton County",1,15,230,124,106
050,45,049,"South Carolina","Hampton County",1,16,228,126,102
050,45,049,"South Carolina","Hampton County",1,17,227,120,107
050,45,049,"South Carolina","Hampton County",1,18,201,102,99
050,45,049,"South Carolina","Hampton County",1,19,180,78,102
050,45,049,"South Carolina","Hampton County",1,20,196,96,100
050,45,049,"South Carolina","Hampton County",1,21,202,102,100
050,45,049,"South Carolina","Hampton County",1,22,206,115,91
050,45,049,"South Carolina","Hampton County",1,23,220,126,94
050,45,049,"South Carolina","Hampton County",1,24,212,128,84
050,45,049,"South Carolina","Hampton County",1,25,209,119,90
050,45,049,"South Carolina","Hampton County",1,26,231,122,109
050,45,049,"South Carolina","Hampton County",1,27,251,141,110
050,45,049,"South Carolina","Hampton County",1,28,255,145,110
050,45,049,"South Carolina","Hampton County",1,29,285,164,121
050,45,049,"South Carolina","Hampton County",1,30,282,166,116
050,45,049,"South Carolina","Hampton County",1,31,269,162,107
050,45,049,"South Carolina","Hampton County",1,32,232,144,88
050,45,049,"South Carolina","Hampton County",1,33,239,160,79
050,45,049,"South Carolina","Hampton County",1,34,243,151,92
050,45,049,"South Carolina","Hampton County",1,35,242,157,85
050,45,049,"South Carolina","Hampton County",1,36,241,150,91
050,45,049,"South Carolina","Hampton County",1,37,253,146,107
050,45,049,"South Carolina","Hampton County",1,38,271,152,119
050,45,049,"South Carolina","Hampton County",1,39,252,146,106
050,45,049,"South Carolina","Hampton County",1,40,259,161,98
050,45,049,"South Carolina","Hampton County",1,41,245,135,110
050,45,049,"South Carolina","Hampton County",1,42,226,131,95
050,45,049,"South Carolina","Hampton County",1,43,225,121,104
050,45,049,"South Carolina","Hampton County",1,44,232,120,112
050,45,049,"South Carolina","Hampton County",1,45,226,108,118
050,45,049,"South Carolina","Hampton County",1,46,261,144,117
050,45,049,"South Carolina","Hampton County",1,47,226,126,100
050,45,049,"South Carolina","Hampton County",1,48,218,116,102
050,45,049,"South Carolina","Hampton County",1,49,245,135,110
050,45,049,"South Carolina","Hampton County",1,50,229,127,102
050,45,049,"South Carolina","Hampton County",1,51,236,116,120
050,45,049,"South Carolina","Hampton County",1,52,244,121,123
050,45,049,"South Carolina","Hampton County",1,53,258,139,119
050,45,049,"South Carolina","Hampton County",1,54,243,123,120
050,45,049,"South Carolina","Hampton County",1,55,249,111,138
050,45,049,"South Carolina","Hampton County",1,56,253,126,127
050,45,049,"South Carolina","Hampton County",1,57,244,123,121
050,45,049,"South Carolina","Hampton County",1,58,263,140,123
050,45,049,"South Carolina","Hampton County",1,59,248,120,128
050,45,049,"South Carolina","Hampton County",1,60,242,118,124
050,45,049,"South Carolina","Hampton County",1,61,233,116,117
050,45,049,"South Carolina","Hampton County",1,62,245,114,131
050,45,049,"South Carolina","Hampton County",1,63,242,115,127
050,45,049,"South Carolina","Hampton County",1,64,255,121,134
050,45,049,"South Carolina","Hampton County",1,65,255,115,140
050,45,049,"South Carolina","Hampton County",1,66,235,110,125
050,45,049,"South Carolina","Hampton County",1,67,219,94,125
050,45,049,"South Carolina","Hampton County",1,68,211,95,116
050,45,049,"South Carolina","Hampton County",1,69,215,101,114
050,45,049,"South Carolina","Hampton County",1,70,230,115,115
050,45,049,"South Carolina","Hampton County",1,71,208,104,104
050,45,049,"South Carolina","Hampton County",1,72,204,86,118
050,45,049,"South Carolina","Hampton County",1,73,194,91,103
050,45,049,"South Carolina","Hampton County",1,74,141,69,72
050,45,049,"South Carolina","Hampton County",1,75,150,75,75
050,45,049,"South Carolina","Hampton County",1,76,149,70,79
050,45,049,"South Carolina","Hampton County",1,77,134,63,71
050,45,049,"South Carolina","Hampton County",1,78,129,58,71
050,45,049,"South Carolina","Hampton County",1,79,118,51,67
050,45,049,"South Carolina","Hampton County",1,80,96,51,45
050,45,049,"South Carolina","Hampton County",1,81,73,39,34
050,45,049,"South Carolina","Hampton County",1,82,73,30,43
050,45,049,"South Carolina","Hampton County",1,83,66,23,43
050,45,049,"South Carolina","Hampton County",1,84,71,26,45
050,45,049,"South Carolina","Hampton County",1,85,312,107,205
050,45,049,"South Carolina","Hampton County",2,0,177,90,87
050,45,049,"South Carolina","Hampton County",2,1,184,94,90
050,45,049,"South Carolina","Hampton County",2,2,198,101,97
050,45,049,"South Carolina","Hampton County",2,3,187,97,90
050,45,049,"South Carolina","Hampton County",2,4,197,99,98
050,45,049,"South Carolina","Hampton County",2,5,210,108,102
050,45,049,"South Carolina","Hampton County",2,6,199,100,99
050,45,049,"South Carolina","Hampton County",2,7,194,97,97
050,45,049,"South Carolina","Hampton County",2,8,187,94,93
050,45,049,"South Carolina","Hampton County",2,9,208,109,99
050,45,049,"South Carolina","Hampton County",2,10,236,124,112
050,45,049,"South Carolina","Hampton County",2,11,237,118,119
050,45,049,"South Carolina","Hampton County",2,12,239,119,120
050,45,049,"South Carolina","Hampton County",2,13,236,127,109
050,45,049,"South Carolina","Hampton County",2,14,250,133,117
050,45,049,"South Carolina","Hampton County",2,15,237,127,110
050,45,049,"South Carolina","Hampton County",2,16,229,125,104
050,45,049,"South Carolina","Hampton County",2,17,225,119,106
050,45,049,"South Carolina","Hampton County",2,18,196,101,95
050,45,049,"South Carolina","Hampton County",2,19,178,80,98
050,45,049,"South Carolina","Hampton County",2,20,198,94,104
050,45,049,"South Carolina","Hampton County",2,21,199,100,99
050,45,049,"South Carolina","Hampton County",2,22,207,112,95
050,45,049,"South Carolina","Hampton County",2,23,221,126,95
050,45,049,"South Carolina","Hampton County",2,24,213,128,85
050,45,049,"South Carolina","Hampton County",2,25,208,118,90
050,45,049,"South Carolina","Hampton County",2,26,225,121,104
050,45,049,"South Carolina","Hampton County",2,27,249,140,109
050,45,049,"South Carolina","Hampton County",2,28,254,145,109
050,45,049,"South Carolina","Hampton County",2,29,281,162,119
050,45,049,"South Carolina","Hampton County",2,30,283,163,120
050,45,049,"South Carolina","Hampton County",2,31,273,163,110
050,45,049,"South Carolina","Hampton County",2,32,238,145,93
050,45,049,"South Carolina","Hampton County",2,33,245,162,83
050,45,049,"South Carolina","Hampton County",2,34,239,150,89
050,45,049,"South Carolina","Hampton County",2,35,245,158,87
050,45,049,"South Carolina","Hampton County",2,36,239,150,89
050,45,049,"South Carolina","Hampton County",2,37,249,145,104
050,45,049,"South Carolina","Hampton County",2,38,267,150,117
050,45,049,"South Carolina","Hampton County",2,39,252,145,107
050,45,049,"South Carolina","Hampton County",2,40,258,158,100
050,45,049,"South Carolina","Hampton County",2,41,241,136,105
050,45,049,"South Carolina","Hampton County",2,42,229,131,98
050,45,049,"South Carolina","Hampton County",2,43,229,125,104
050,45,049,"South Carolina","Hampton County",2,44,230,122,108
050,45,049,"South Carolina","Hampton County",2,45,226,108,118
050,45,049,"South Carolina","Hampton County",2,46,259,143,116
050,45,049,"South Carolina","Hampton County",2,47,229,126,103
050,45,049,"South Carolina","Hampton County",2,48,219,118,101
050,45,049,"South Carolina","Hampton County",2,49,240,130,110
050,45,049,"South Carolina","Hampton County",2,50,228,125,103
050,45,049,"South Carolina","Hampton County",2,51,230,115,115
050,45,049,"South Carolina","Hampton County",2,52,241,118,123
050,45,049,"South Carolina","Hampton County",2,53,257,139,118
050,45,049,"South Carolina","Hampton County",2,54,244,124,120
050,45,049,"South Carolina","Hampton County",2,55,245,113,132
050,45,049,"South Carolina","Hampton County",2,56,249,123,126
050,45,049,"South Carolina","Hampton County",2,57,244,120,124
050,45,049,"South Carolina","Hampton County",2,58,258,137,121
050,45,049,"South Carolina","Hampton County",2,59,247,121,126
050,45,049,"South Carolina","Hampton County",2,60,243,119,124
050,45,049,"South Carolina","Hampton County",2,61,230,113,117
050,45,049,"South Carolina","Hampton County",2,62,241,113,128
050,45,049,"South Carolina","Hampton County",2,63,243,114,129
050,45,049,"South Carolina","Hampton County",2,64,250,118,132
050,45,049,"South Carolina","Hampton County",2,65,254,117,137
050,45,049,"South Carolina","Hampton County",2,66,243,113,130
050,45,049,"South Carolina","Hampton County",2,67,221,96,125
050,45,049,"South Carolina","Hampton County",2,68,207,91,116
050,45,049,"South Carolina","Hampton County",2,69,215,100,115
050,45,049,"South Carolina","Hampton County",2,70,225,112,113
050,45,049,"South Carolina","Hampton County",2,71,211,105,106
050,45,049,"South Carolina","Hampton County",2,72,205,91,114
050,45,049,"South Carolina","Hampton County",2,73,204,94,110
050,45,049,"South Carolina","Hampton County",2,74,144,69,75
050,45,049,"South Carolina","Hampton County",2,75,149,75,74
050,45,049,"South Carolina","Hampton County",2,76,148,71,77
050,45,049,"South Carolina","Hampton County",2,77,139,65,74
050,45,049,"South Carolina","Hampton County",2,78,127,57,70
050,45,049,"South Carolina","Hampton County",2,79,118,53,65
050,45,049,"South Carolina","Hampton County",2,80,102,51,51
050,45,049,"South Carolina","Hampton County",2,81,78,42,36
050,45,049,"South Carolina","Hampton County",2,82,74,33,41
050,45,049,"South Carolina","Hampton County",2,83,66,23,43
050,45,049,"South Carolina","Hampton County",2,84,68,25,43
050,45,049,"South Carolina","Hampton County",2,85,318,110,208
050,45,049,"South Carolina","Hampton County",3,0,202,100,102
050,45,049,"South Carolina","Hampton County",3,1,174,88,86
050,45,049,"South Carolina","Hampton County",3,2,184,89,95
050,45,049,"South Carolina","Hampton County",3,3,194,100,94
050,45,049,"South Carolina","Hampton County",3,4,174,88,86
050,45,049,"South Carolina","Hampton County",3,5,191,96,95
050,45,049,"South Carolina","Hampton County",3,6,200,97,103
050,45,049,"South Carolina","Hampton County",3,7,182,92,90
050,45,049,"South Carolina","Hampton County",3,8,188,97,91
050,45,049,"South Carolina","Hampton County",3,9,192,99,93
050,45,049,"South Carolina","Hampton County",3,10,193,103,90
050,45,049,"South Carolina","Hampton County",3,11,239,126,113
050,45,049,"South Carolina","Hampton County",3,12,242,127,115
050,45,049,"South Carolina","Hampton County",3,13,237,121,116
050,45,049,"South Carolina","Hampton County",3,14,233,123,110
050,45,049,"South Carolina","Hampton County",3,15,252,128,124
050,45,049,"South Carolina","Hampton County",3,16,235,120,115
050,45,049,"South Carolina","Hampton County",3,17,223,117,106
050,45,049,"South Carolina","Hampton County",3,18,193,106,87
050,45,049,"South Carolina","Hampton County",3,19,171,84,87
050,45,049,"South Carolina","Hampton County",3,20,198,93,105
050,45,049,"South Carolina","Hampton County",3,21,190,87,103
050,45,049,"South Carolina","Hampton County",3,22,205,102,103
050,45,049,"South Carolina","Hampton County",3,23,215,126,89
050,45,049,"South Carolina","Hampton County",3,24,215,129,86
050,45,049,"South Carolina","Hampton County",3,25,200,116,84
050,45,049,"South Carolina","Hampton County",3,26,194,113,81
050,45,049,"South Carolina","Hampton County",3,27,231,129,102
050,45,049,"South Carolina","Hampton County",3,28,233,127,106
050,45,049,"South Carolina","Hampton County",3,29,264,155,109
050,45,049,"South Carolina","Hampton County",3,30,273,159,114
050,45,049,"South Carolina","Hampton County",3,31,286,161,125
050,45,049,"South Carolina","Hampton County",3,32,273,153,120
050,45,049,"South Carolina","Hampton County",3,33,268,180,88
050,45,049,"South Carolina","Hampton County",3,34,217,141,76
050,45,049,"South Carolina","Hampton County",3,35,247,158,89
050,45,049,"South Carolina","Hampton County",3,36,238,150,88
050,45,049,"South Carolina","Hampton County",3,37,221,136,85
050,45,049,"South Carolina","Hampton County",3,38,247,149,98
050,45,049,"South Carolina","Hampton County",3,39,269,151,118
050,45,049,"South Carolina","Hampton County",3,40,255,145,110
050,45,049,"South Carolina","Hampton County",3,41,239,140,99
050,45,049,"South Carolina","Hampton County",3,42,239,134,105
050,45,049,"South Carolina","Hampton County",3,43,230,135,95
050,45,049,"South Carolina","Hampton County",3,44,229,130,99
050,45,049,"South Carolina","Hampton County",3,45,204,96,108
050,45,049,"South Carolina","Hampton County",3,46,249,131,118
050,45,049,"South Carolina","Hampton County",3,47,236,121,115
050,45,049,"South Carolina","Hampton County",3,48,218,115,103
050,45,049,"South Carolina","Hampton County",3,49,229,123,106
050,45,049,"South Carolina","Hampton County",3,50,234,125,109
050,45,049,"South Carolina","Hampton County",3,51,227,122,105
050,45,049,"South Carolina","Hampton County",3,52,218,107,111
050,45,049,"South Carolina","Hampton County",3,53,253,134,119
050,45,049,"South Carolina","Hampton County",3,54,251,125,126
050,45,049,"South Carolina","Hampton County",3,55,239,118,121
050,45,049,"South Carolina","Hampton County",3,56,240,117,123
050,45,049,"South Carolina","Hampton County",3,57,234,111,123
050,45,049,"South Carolina","Hampton County",3,58,259,141,118
050,45,049,"South Carolina","Hampton County",3,59,239,117,122
050,45,049,"South Carolina","Hampton County",3,60,248,125,123
050,45,049,"South Carolina","Hampton County",3,61,228,108,120
050,45,049,"South Carolina","Hampton County",3,62,225,108,117
050,45,049,"South Carolina","Hampton County",3,63,230,104,126
050,45,049,"South Carolina","Hampton County",3,64,234,108,126
050,45,049,"South Carolina","Hampton County",3,65,244,115,129
050,45,049,"South Carolina","Hampton County",3,66,256,119,137
050,45,049,"South Carolina","Hampton County",3,67,233,101,132
050,45,049,"South Carolina","Hampton County",3,68,215,94,121
050,45,049,"South Carolina","Hampton County",3,69,205,89,116
050,45,049,"South Carolina","Hampton County",3,70,212,100,112
050,45,049,"South Carolina","Hampton County",3,71,216,106,110
050,45,049,"South Carolina","Hampton County",3,72,205,103,102
050,45,049,"South Carolina","Hampton County",3,73,195,89,106
050,45,049,"South Carolina","Hampton County",3,74,195,89,106
050,45,049,"South Carolina","Hampton County",3,75,132,63,69
050,45,049,"South Carolina","Hampton County",3,76,144,72,72
050,45,049,"South Carolina","Hampton County",3,77,138,66,72
050,45,049,"South Carolina","Hampton County",3,78,136,63,73
050,45,049,"South Carolina","Hampton County",3,79,116,53,63
050,45,049,"South Carolina","Hampton County",3,80,112,51,61
050,45,049,"South Carolina","Hampton County",3,81,97,48,49
050,45,049,"South Carolina","Hampton County",3,82,68,38,30
050,45,049,"South Carolina","Hampton County",3,83,68,30,38
050,45,049,"South Carolina","Hampton County",3,84,65,22,43
050,45,049,"South Carolina","Hampton County",3,85,322,104,218
050,45,049,"South Carolina","Hampton County",4,0,190,98,92
050,45,049,"South Carolina","Hampton County",4,1,201,99,102
050,45,049,"South Carolina","Hampton County",4,2,168,87,81
050,45,049,"South Carolina","Hampton County",4,3,180,88,92
050,45,049,"South Carolina","Hampton County",4,4,197,100,97
050,45,049,"South Carolina","Hampton County",4,5,186,94,92
050,45,049,"South Carolina","Hampton County",4,6,199,109,90
050,45,049,"South Carolina","Hampton County",4,7,211,103,108
050,45,049,"South Carolina","Hampton County",4,8,198,101,97
050,45,049,"South Carolina","Hampton County",4,9,189,96,93
050,45,049,"South Carolina","Hampton County",4,10,198,100,98
050,45,049,"South Carolina","Hampton County",4,11,191,104,87
050,45,049,"South Carolina","Hampton County",4,12,238,130,108
050,45,049,"South Carolina","Hampton County",4,13,239,122,117
050,45,049,"South Carolina","Hampton County",4,14,226,112,114
050,45,049,"South Carolina","Hampton County",4,15,230,121,109
050,45,049,"South Carolina","Hampton County",4,16,249,129,120
050,45,049,"South Carolina","Hampton County",4,17,226,114,112
050,45,049,"South Carolina","Hampton County",4,18,190,104,86
050,45,049,"South Carolina","Hampton County",4,19,157,88,69
050,45,049,"South Carolina","Hampton County",4,20,188,98,90
050,45,049,"South Carolina","Hampton County",4,21,200,94,106
050,45,049,"South Carolina","Hampton County",4,22,200,92,108
050,45,049,"South Carolina","Hampton County",4,23,235,123,112
050,45,049,"South Carolina","Hampton County",4,24,232,139,93
050,45,049,"South Carolina","Hampton County",4,25,213,125,88
050,45,049,"South Carolina","Hampton County",4,26,196,108,88
050,45,049,"South Carolina","Hampton County",4,27,198,114,84
050,45,049,"South Carolina","Hampton County",4,28,231,119,112
050,45,049,"South Carolina","Hampton County",4,29,257,146,111
050,45,049,"South Carolina","Hampton County",4,30,261,154,107
050,45,049,"South Carolina","Hampton County",4,31,267,158,109
050,45,049,"South Carolina","Hampton County",4,32,276,154,122
050,45,049,"South Carolina","Hampton County",4,33,301,186,115
050,45,049,"South Carolina","Hampton County",4,34,243,158,85
050,45,049,"South Carolina","Hampton County",4,35,214,134,80
050,45,049,"South Carolina","Hampton County",4,36,239,153,86
050,45,049,"South Carolina","Hampton County",4,37,235,149,86
050,45,049,"South Carolina","Hampton County",4,38,223,135,88
050,45,049,"South Carolina","Hampton County",4,39,248,148,100
050,45,049,"South Carolina","Hampton County",4,40,273,159,114
050,45,049,"South Carolina","Hampton County",4,41,238,129,109
050,45,049,"South Carolina","Hampton County",4,42,233,138,95
050,45,049,"South Carolina","Hampton County",4,43,240,136,104
050,45,049,"South Carolina","Hampton County",4,44,236,139,97
050,45,049,"South Carolina","Hampton County",4,45,192,101,91
050,45,049,"South Carolina","Hampton County",4,46,239,126,113
050,45,049,"South Carolina","Hampton County",4,47,237,117,120
050,45,049,"South Carolina","Hampton County",4,48,235,120,115
050,45,049,"South Carolina","Hampton County",4,49,223,124,99
050,45,049,"South Carolina","Hampton County",4,50,225,119,106
050,45,049,"South Carolina","Hampton County",4,51,226,119,107
050,45,049,"South Carolina","Hampton County",4,52,215,119,96
050,45,049,"South Carolina","Hampton County",4,53,231,124,107
050,45,049,"South Carolina","Hampton County",4,54,243,119,124
050,45,049,"South Carolina","Hampton County",4,55,237,115,122
050,45,049,"South Carolina","Hampton County",4,56,236,119,117
050,45,049,"South Carolina","Hampton County",4,57,233,106,127
050,45,049,"South Carolina","Hampton County",4,58,248,126,122
050,45,049,"South Carolina","Hampton County",4,59,238,120,118
050,45,049,"South Carolina","Hampton County",4,60,233,113,120
050,45,049,"South Carolina","Hampton County",4,61,245,123,122
050,45,049,"South Carolina","Hampton County",4,62,223,105,118
050,45,049,"South Carolina","Hampton County",4,63,216,105,111
050,45,049,"South Carolina","Hampton County",4,64,227,105,122
050,45,049,"South Carolina","Hampton County",4,65,233,106,127
050,45,049,"South Carolina","Hampton County",4,66,252,123,129
050,45,049,"South Carolina","Hampton County",4,67,233,103,130
050,45,049,"South Carolina","Hampton County",4,68,225,100,125
050,45,049,"South Carolina","Hampton County",4,69,210,91,119
050,45,049,"South Carolina","Hampton County",4,70,198,89,109
050,45,049,"South Carolina","Hampton County",4,71,204,94,110
050,45,049,"South Carolina","Hampton County",4,72,208,101,107
050,45,049,"South Carolina","Hampton County",4,73,194,98,96
050,45,049,"South Carolina","Hampton County",4,74,180,81,99
050,45,049,"South Carolina","Hampton County",4,75,185,84,101
050,45,049,"South Carolina","Hampton County",4,76,125,61,64
050,45,049,"South Carolina","Hampton County",4,77,130,66,64
050,45,049,"South Carolina","Hampton County",4,78,128,59,69
050,45,049,"South Carolina","Hampton County",4,79,126,58,68
050,45,049,"South Carolina","Hampton County",4,80,107,47,60
050,45,049,"South Carolina","Hampton County",4,81,114,54,60
050,45,049,"South Carolina","Hampton County",4,82,86,42,44
050,45,049,"South Carolina","Hampton County",4,83,64,37,27
050,45,049,"South Carolina","Hampton County",4,84,66,29,37
050,45,049,"South Carolina","Hampton County",4,85,326,101,225
050,45,049,"South Carolina","Hampton County",5,0,190,97,93
050,45,049,"South Carolina","Hampton County",5,1,186,86,100
050,45,049,"South Carolina","Hampton County",5,2,203,104,99
050,45,049,"South Carolina","Hampton County",5,3,165,88,77
050,45,049,"South Carolina","Hampton County",5,4,186,94,92
050,45,049,"South Carolina","Hampton County",5,5,199,104,95
050,45,049,"South Carolina","Hampton County",5,6,180,89,91
050,45,049,"South Carolina","Hampton County",5,7,206,112,94
050,45,049,"South Carolina","Hampton County",5,8,210,102,108
050,45,049,"South Carolina","Hampton County",5,9,189,97,92
050,45,049,"South Carolina","Hampton County",5,10,187,92,95
050,45,049,"South Carolina","Hampton County",5,11,214,110,104
050,45,049,"South Carolina","Hampton County",5,12,197,108,89
050,45,049,"South Carolina","Hampton County",5,13,232,122,110
050,45,049,"South Carolina","Hampton County",5,14,239,123,116
050,45,049,"South Carolina","Hampton County",5,15,221,114,107
050,45,049,"South Carolina","Hampton County",5,16,232,121,111
050,45,049,"South Carolina","Hampton County",5,17,244,118,126
050,45,049,"South Carolina","Hampton County",5,18,191,99,92
050,45,049,"South Carolina","Hampton County",5,19,158,87,71
050,45,049,"South Carolina","Hampton County",5,20,176,100,76
050,45,049,"South Carolina","Hampton County",5,21,200,103,97
050,45,049,"South Carolina","Hampton County",5,22,213,101,112
050,45,049,"South Carolina","Hampton County",5,23,222,114,108
050,45,049,"South Carolina","Hampton County",5,24,246,137,109
050,45,049,"South Carolina","Hampton County",5,25,221,132,89
050,45,049,"South Carolina","Hampton County",5,26,205,124,81
050,45,049,"South Carolina","Hampton County",5,27,211,122,89
050,45,049,"South Carolina","Hampton County",5,28,206,116,90
050,45,049,"South Carolina","Hampton County",5,29,245,145,100
050,45,049,"South Carolina","Hampton County",5,30,264,153,111
050,45,049,"South Carolina","Hampton County",5,31,263,149,114
050,45,049,"South Carolina","Hampton County",5,32,258,151,107
050,45,049,"South Carolina","Hampton County",5,33,296,183,113
050,45,049,"South Carolina","Hampton County",5,34,283,168,115
050,45,049,"South Carolina","Hampton County",5,35,244,164,80
050,45,049,"South Carolina","Hampton County",5,36,218,130,88
050,45,049,"South Carolina","Hampton County",5,37,236,145,91
050,45,049,"South Carolina","Hampton County",5,38,242,154,88
050,45,049,"South Carolina","Hampton County",5,39,224,137,87
050,45,049,"South Carolina","Hampton County",5,40,247,156,91
050,45,049,"South Carolina","Hampton County",5,41,255,137,118
050,45,049,"South Carolina","Hampton County",5,42,236,131,105
050,45,049,"South Carolina","Hampton County",5,43,234,140,94
050,45,049,"South Carolina","Hampton County",5,44,247,144,103
050,45,049,"South Carolina","Hampton County",5,45,213,113,100
050,45,049,"South Carolina","Hampton County",5,46,226,130,96
050,45,049,"South Carolina","Hampton County",5,47,218,105,113
050,45,049,"South Carolina","Hampton County",5,48,230,113,117
050,45,049,"South Carolina","Hampton County",5,49,243,124,119
050,45,049,"South Carolina","Hampton County",5,50,214,117,97
050,45,049,"South Carolina","Hampton County",5,51,222,112,110
050,45,049,"South Carolina","Hampton County",5,52,222,116,106
050,45,049,"South Carolina","Hampton County",5,53,238,141,97
050,45,049,"South Carolina","Hampton County",5,54,219,109,110
050,45,049,"South Carolina","Hampton County",5,55,230,105,125
050,45,049,"South Carolina","Hampton County",5,56,232,117,115
050,45,049,"South Carolina","Hampton County",5,57,233,113,120
050,45,049,"South Carolina","Hampton County",5,58,244,120,124
050,45,049,"South Carolina","Hampton County",5,59,228,105,123
050,45,049,"South Carolina","Hampton County",5,60,235,119,116
050,45,049,"South Carolina","Hampton County",5,61,232,111,121
050,45,049,"South Carolina","Hampton County",5,62,242,118,124
050,45,049,"South Carolina","Hampton County",5,63,217,101,116
050,45,049,"South Carolina","Hampton County",5,64,210,102,108
050,45,049,"South Carolina","Hampton County",5,65,223,103,120
050,45,049,"South Carolina","Hampton County",5,66,245,120,125
050,45,049,"South Carolina","Hampton County",5,67,238,109,129
050,45,049,"South Carolina","Hampton County",5,68,228,101,127
050,45,049,"South Carolina","Hampton County",5,69,223,97,126
050,45,049,"South Carolina","Hampton County",5,70,209,92,117
050,45,049,"South Carolina","Hampton County",5,71,192,82,110
050,45,049,"South Carolina","Hampton County",5,72,196,89,107
050,45,049,"South Carolina","Hampton County",5,73,201,98,103
050,45,049,"South Carolina","Hampton County",5,74,183,92,91
050,45,049,"South Carolina","Hampton County",5,75,174,80,94
050,45,049,"South Carolina","Hampton County",5,76,176,79,97
050,45,049,"South Carolina","Hampton County",5,77,114,56,58
050,45,049,"South Carolina","Hampton County",5,78,120,59,61
050,45,049,"South Carolina","Hampton County",5,79,121,55,66
050,45,049,"South Carolina","Hampton County",5,80,113,49,64
050,45,049,"South Carolina","Hampton County",5,81,104,49,55
050,45,049,"South Carolina","Hampton County",5,82,108,52,56
050,45,049,"South Carolina","Hampton County",5,83,83,40,43
050,45,049,"South Carolina","Hampton County",5,84,66,36,30
050,45,049,"South Carolina","Hampton County",5,85,336,107,229
050,45,051,"South Carolina","Horry County",1,0,2980,1523,1457
050,45,051,"South Carolina","Horry County",1,1,2970,1509,1461
050,45,051,"South Carolina","Horry County",1,2,3080,1574,1506
050,45,051,"South Carolina","Horry County",1,3,3118,1569,1549
050,45,051,"South Carolina","Horry County",1,4,3184,1577,1607
050,45,051,"South Carolina","Horry County",1,5,3260,1641,1619
050,45,051,"South Carolina","Horry County",1,6,3322,1696,1626
050,45,051,"South Carolina","Horry County",1,7,3320,1666,1654
050,45,051,"South Carolina","Horry County",1,8,3496,1792,1704
050,45,051,"South Carolina","Horry County",1,9,3471,1775,1696
050,45,051,"South Carolina","Horry County",1,10,3581,1828,1753
050,45,051,"South Carolina","Horry County",1,11,3731,1903,1828
050,45,051,"South Carolina","Horry County",1,12,3865,1929,1936
050,45,051,"South Carolina","Horry County",1,13,3898,2009,1889
050,45,051,"South Carolina","Horry County",1,14,3708,1906,1802
050,45,051,"South Carolina","Horry County",1,15,3653,1854,1799
050,45,051,"South Carolina","Horry County",1,16,3711,1890,1821
050,45,051,"South Carolina","Horry County",1,17,3593,1855,1738
050,45,051,"South Carolina","Horry County",1,18,5132,2535,2597
050,45,051,"South Carolina","Horry County",1,19,5262,2694,2568
050,45,051,"South Carolina","Horry County",1,20,3082,1570,1512
050,45,051,"South Carolina","Horry County",1,21,3159,1554,1605
050,45,051,"South Carolina","Horry County",1,22,3419,1689,1730
050,45,051,"South Carolina","Horry County",1,23,3492,1722,1770
050,45,051,"South Carolina","Horry County",1,24,3508,1730,1778
050,45,051,"South Carolina","Horry County",1,25,3676,1849,1827
050,45,051,"South Carolina","Horry County",1,26,3653,1834,1819
050,45,051,"South Carolina","Horry County",1,27,3753,1830,1923
050,45,051,"South Carolina","Horry County",1,28,3951,1908,2043
050,45,051,"South Carolina","Horry County",1,29,4176,1966,2210
050,45,051,"South Carolina","Horry County",1,30,4038,1993,2045
050,45,051,"South Carolina","Horry County",1,31,4039,1948,2091
050,45,051,"South Carolina","Horry County",1,32,3824,1799,2025
050,45,051,"South Carolina","Horry County",1,33,3652,1745,1907
050,45,051,"South Carolina","Horry County",1,34,3772,1825,1947
050,45,051,"South Carolina","Horry County",1,35,3696,1808,1888
050,45,051,"South Carolina","Horry County",1,36,3722,1838,1884
050,45,051,"South Carolina","Horry County",1,37,3868,1878,1990
050,45,051,"South Carolina","Horry County",1,38,3885,1909,1976
050,45,051,"South Carolina","Horry County",1,39,3890,1942,1948
050,45,051,"South Carolina","Horry County",1,40,3937,1932,2005
050,45,051,"South Carolina","Horry County",1,41,3919,1944,1975
050,45,051,"South Carolina","Horry County",1,42,3810,1875,1935
050,45,051,"South Carolina","Horry County",1,43,3812,1862,1950
050,45,051,"South Carolina","Horry County",1,44,3736,1817,1919
050,45,051,"South Carolina","Horry County",1,45,3780,1839,1941
050,45,051,"South Carolina","Horry County",1,46,3805,1857,1948
050,45,051,"South Carolina","Horry County",1,47,4034,2014,2020
050,45,051,"South Carolina","Horry County",1,48,4225,2074,2151
050,45,051,"South Carolina","Horry County",1,49,4472,2181,2291
050,45,051,"South Carolina","Horry County",1,50,4379,2141,2238
050,45,051,"South Carolina","Horry County",1,51,4388,2112,2276
050,45,051,"South Carolina","Horry County",1,52,4290,2082,2208
050,45,051,"South Carolina","Horry County",1,53,4418,2138,2280
050,45,051,"South Carolina","Horry County",1,54,4544,2167,2377
050,45,051,"South Carolina","Horry County",1,55,4936,2310,2626
050,45,051,"South Carolina","Horry County",1,56,5283,2390,2893
050,45,051,"South Carolina","Horry County",1,57,5250,2458,2792
050,45,051,"South Carolina","Horry County",1,58,5447,2517,2930
050,45,051,"South Carolina","Horry County",1,59,5591,2538,3053
050,45,051,"South Carolina","Horry County",1,60,5548,2589,2959
050,45,051,"South Carolina","Horry County",1,61,5536,2550,2986
050,45,051,"South Carolina","Horry County",1,62,5828,2636,3192
050,45,051,"South Carolina","Horry County",1,63,6054,2778,3276
050,45,051,"South Carolina","Horry County",1,64,6159,2868,3291
050,45,051,"South Carolina","Horry County",1,65,6359,2938,3421
050,45,051,"South Carolina","Horry County",1,66,6343,2873,3470
050,45,051,"South Carolina","Horry County",1,67,6265,2970,3295
050,45,051,"South Carolina","Horry County",1,68,6243,2977,3266
050,45,051,"South Carolina","Horry County",1,69,5855,2763,3092
050,45,051,"South Carolina","Horry County",1,70,5809,2787,3022
050,45,051,"South Carolina","Horry County",1,71,5758,2827,2931
050,45,051,"South Carolina","Horry County",1,72,5811,2868,2943
050,45,051,"South Carolina","Horry County",1,73,5743,2865,2878
050,45,051,"South Carolina","Horry County",1,74,3740,1820,1920
050,45,051,"South Carolina","Horry County",1,75,3658,1833,1825
050,45,051,"South Carolina","Horry County",1,76,3550,1729,1821
050,45,051,"South Carolina","Horry County",1,77,3326,1617,1709
050,45,051,"South Carolina","Horry County",1,78,2662,1285,1377
050,45,051,"South Carolina","Horry County",1,79,2279,1092,1187
050,45,051,"South Carolina","Horry County",1,80,2010,966,1044
050,45,051,"South Carolina","Horry County",1,81,1831,896,935
050,45,051,"South Carolina","Horry County",1,82,1639,776,863
050,45,051,"South Carolina","Horry County",1,83,1425,674,751
050,45,051,"South Carolina","Horry County",1,84,1222,561,661
050,45,051,"South Carolina","Horry County",1,85,5733,2265,3468
050,45,051,"South Carolina","Horry County",2,0,3027,1540,1487
050,45,051,"South Carolina","Horry County",2,1,2977,1513,1464
050,45,051,"South Carolina","Horry County",2,2,3081,1572,1509
050,45,051,"South Carolina","Horry County",2,3,3107,1575,1532
050,45,051,"South Carolina","Horry County",2,4,3187,1587,1600
050,45,051,"South Carolina","Horry County",2,5,3260,1635,1625
050,45,051,"South Carolina","Horry County",2,6,3332,1696,1636
050,45,051,"South Carolina","Horry County",2,7,3344,1683,1661
050,45,051,"South Carolina","Horry County",2,8,3467,1763,1704
050,45,051,"South Carolina","Horry County",2,9,3496,1786,1710
050,45,051,"South Carolina","Horry County",2,10,3579,1830,1749
050,45,051,"South Carolina","Horry County",2,11,3703,1888,1815
050,45,051,"South Carolina","Horry County",2,12,3869,1939,1930
050,45,051,"South Carolina","Horry County",2,13,3910,1999,1911
050,45,051,"South Carolina","Horry County",2,14,3771,1940,1831
050,45,051,"South Carolina","Horry County",2,15,3689,1880,1809
050,45,051,"South Carolina","Horry County",2,16,3717,1889,1828
050,45,051,"South Carolina","Horry County",2,17,3645,1872,1773
050,45,051,"South Carolina","Horry County",2,18,5128,2528,2600
050,45,051,"South Carolina","Horry County",2,19,5263,2703,2560
050,45,051,"South Carolina","Horry County",2,20,3125,1585,1540
050,45,051,"South Carolina","Horry County",2,21,3189,1585,1604
050,45,051,"South Carolina","Horry County",2,22,3410,1680,1730
050,45,051,"South Carolina","Horry County",2,23,3506,1723,1783
050,45,051,"South Carolina","Horry County",2,24,3512,1739,1773
050,45,051,"South Carolina","Horry County",2,25,3649,1832,1817
050,45,051,"South Carolina","Horry County",2,26,3661,1836,1825
050,45,051,"South Carolina","Horry County",2,27,3738,1838,1900
050,45,051,"South Carolina","Horry County",2,28,3900,1886,2014
050,45,051,"South Carolina","Horry County",2,29,4115,1944,2171
050,45,051,"South Carolina","Horry County",2,30,4086,1993,2093
050,45,051,"South Carolina","Horry County",2,31,4036,1954,2082
050,45,051,"South Carolina","Horry County",2,32,3879,1834,2045
050,45,051,"South Carolina","Horry County",2,33,3716,1769,1947
050,45,051,"South Carolina","Horry County",2,34,3750,1801,1949
050,45,051,"South Carolina","Horry County",2,35,3758,1831,1927
050,45,051,"South Carolina","Horry County",2,36,3714,1830,1884
050,45,051,"South Carolina","Horry County",2,37,3856,1880,1976
050,45,051,"South Carolina","Horry County",2,38,3916,1918,1998
050,45,051,"South Carolina","Horry County",2,39,3910,1942,1968
050,45,051,"South Carolina","Horry County",2,40,3969,1954,2015
050,45,051,"South Carolina","Horry County",2,41,3925,1938,1987
050,45,051,"South Carolina","Horry County",2,42,3841,1892,1949
050,45,051,"South Carolina","Horry County",2,43,3866,1891,1975
050,45,051,"South Carolina","Horry County",2,44,3746,1819,1927
050,45,051,"South Carolina","Horry County",2,45,3808,1850,1958
050,45,051,"South Carolina","Horry County",2,46,3820,1859,1961
050,45,051,"South Carolina","Horry County",2,47,3995,1983,2012
050,45,051,"South Carolina","Horry County",2,48,4200,2064,2136
050,45,051,"South Carolina","Horry County",2,49,4460,2179,2281
050,45,051,"South Carolina","Horry County",2,50,4452,2172,2280
050,45,051,"South Carolina","Horry County",2,51,4406,2127,2279
050,45,051,"South Carolina","Horry County",2,52,4355,2107,2248
050,45,051,"South Carolina","Horry County",2,53,4438,2145,2293
050,45,051,"South Carolina","Horry County",2,54,4556,2186,2370
050,45,051,"South Carolina","Horry County",2,55,4915,2302,2613
050,45,051,"South Carolina","Horry County",2,56,5289,2412,2877
050,45,051,"South Carolina","Horry County",2,57,5343,2474,2869
050,45,051,"South Carolina","Horry County",2,58,5487,2542,2945
050,45,051,"South Carolina","Horry County",2,59,5683,2588,3095
050,45,051,"South Carolina","Horry County",2,60,5624,2605,3019
050,45,051,"South Carolina","Horry County",2,61,5629,2600,3029
050,45,051,"South Carolina","Horry County",2,62,5864,2666,3198
050,45,051,"South Carolina","Horry County",2,63,6165,2820,3345
050,45,051,"South Carolina","Horry County",2,64,6216,2891,3325
050,45,051,"South Carolina","Horry County",2,65,6399,2965,3434
050,45,051,"South Carolina","Horry County",2,66,6455,2947,3508
050,45,051,"South Carolina","Horry County",2,67,6329,2972,3357
050,45,051,"South Carolina","Horry County",2,68,6269,2986,3283
050,45,051,"South Carolina","Horry County",2,69,6051,2865,3186
050,45,051,"South Carolina","Horry County",2,70,5850,2797,3053
050,45,051,"South Carolina","Horry County",2,71,5805,2840,2965
050,45,051,"South Carolina","Horry County",2,72,5726,2827,2899
050,45,051,"South Carolina","Horry County",2,73,6061,3019,3042
050,45,051,"South Carolina","Horry County",2,74,3971,1946,2025
050,45,051,"South Carolina","Horry County",2,75,3691,1837,1854
050,45,051,"South Carolina","Horry County",2,76,3542,1738,1804
050,45,051,"South Carolina","Horry County",2,77,3445,1679,1766
050,45,051,"South Carolina","Horry County",2,78,2741,1333,1408
050,45,051,"South Carolina","Horry County",2,79,2328,1112,1216
050,45,051,"South Carolina","Horry County",2,80,2052,990,1062
050,45,051,"South Carolina","Horry County",2,81,1841,897,944
050,45,051,"South Carolina","Horry County",2,82,1658,791,867
050,45,051,"South Carolina","Horry County",2,83,1444,683,761
050,45,051,"South Carolina","Horry County",2,84,1248,576,672
050,45,051,"South Carolina","Horry County",2,85,5829,2316,3513
050,45,051,"South Carolina","Horry County",3,0,3082,1606,1476
050,45,051,"South Carolina","Horry County",3,1,3131,1559,1572
050,45,051,"South Carolina","Horry County",3,2,3057,1540,1517
050,45,051,"South Carolina","Horry County",3,3,3231,1671,1560
050,45,051,"South Carolina","Horry County",3,4,3180,1604,1576
050,45,051,"South Carolina","Horry County",3,5,3262,1625,1637
050,45,051,"South Carolina","Horry County",3,6,3385,1704,1681
050,45,051,"South Carolina","Horry County",3,7,3454,1746,1708
050,45,051,"South Carolina","Horry County",3,8,3418,1750,1668
050,45,051,"South Carolina","Horry County",3,9,3574,1819,1755
050,45,051,"South Carolina","Horry County",3,10,3601,1851,1750
050,45,051,"South Carolina","Horry County",3,11,3677,1895,1782
050,45,051,"South Carolina","Horry County",3,12,3792,1943,1849
050,45,051,"South Carolina","Horry County",3,13,3961,2019,1942
050,45,051,"South Carolina","Horry County",3,14,3986,2042,1944
050,45,051,"South Carolina","Horry County",3,15,3895,2012,1883
050,45,051,"South Carolina","Horry County",3,16,3774,1887,1887
050,45,051,"South Carolina","Horry County",3,17,3903,2001,1902
050,45,051,"South Carolina","Horry County",3,18,5268,2570,2698
050,45,051,"South Carolina","Horry County",3,19,5324,2750,2574
050,45,051,"South Carolina","Horry County",3,20,3221,1624,1597
050,45,051,"South Carolina","Horry County",3,21,3385,1685,1700
050,45,051,"South Carolina","Horry County",3,22,3559,1718,1841
050,45,051,"South Carolina","Horry County",3,23,3570,1734,1836
050,45,051,"South Carolina","Horry County",3,24,3598,1770,1828
050,45,051,"South Carolina","Horry County",3,25,3652,1823,1829
050,45,051,"South Carolina","Horry County",3,26,3674,1803,1871
050,45,051,"South Carolina","Horry County",3,27,3740,1867,1873
050,45,051,"South Carolina","Horry County",3,28,3754,1824,1930
050,45,051,"South Carolina","Horry County",3,29,4002,1921,2081
050,45,051,"South Carolina","Horry County",3,30,4210,1983,2227
050,45,051,"South Carolina","Horry County",3,31,4194,2047,2147
050,45,051,"South Carolina","Horry County",3,32,4128,2022,2106
050,45,051,"South Carolina","Horry County",3,33,3989,1911,2078
050,45,051,"South Carolina","Horry County",3,34,3818,1819,1999
050,45,051,"South Carolina","Horry County",3,35,3874,1885,1989
050,45,051,"South Carolina","Horry County",3,36,3868,1879,1989
050,45,051,"South Carolina","Horry County",3,37,3829,1878,1951
050,45,051,"South Carolina","Horry County",3,38,3948,1886,2062
050,45,051,"South Carolina","Horry County",3,39,4050,1989,2061
050,45,051,"South Carolina","Horry County",3,40,3981,1968,2013
050,45,051,"South Carolina","Horry County",3,41,4015,1962,2053
050,45,051,"South Carolina","Horry County",3,42,4028,1977,2051
050,45,051,"South Carolina","Horry County",3,43,3985,1981,2004
050,45,051,"South Carolina","Horry County",3,44,3989,1940,2049
050,45,051,"South Carolina","Horry County",3,45,3851,1871,1980
050,45,051,"South Carolina","Horry County",3,46,3949,1900,2049
050,45,051,"South Carolina","Horry County",3,47,3891,1907,1984
050,45,051,"South Carolina","Horry County",3,48,4124,2021,2103
050,45,051,"South Carolina","Horry County",3,49,4351,2146,2205
050,45,051,"South Carolina","Horry County",3,50,4666,2257,2409
050,45,051,"South Carolina","Horry County",3,51,4648,2246,2402
050,45,051,"South Carolina","Horry County",3,52,4622,2236,2386
050,45,051,"South Carolina","Horry County",3,53,4524,2156,2368
050,45,051,"South Carolina","Horry County",3,54,4647,2210,2437
050,45,051,"South Carolina","Horry County",3,55,4818,2311,2507
050,45,051,"South Carolina","Horry County",3,56,5237,2429,2808
050,45,051,"South Carolina","Horry County",3,57,5610,2530,3080
050,45,051,"South Carolina","Horry County",3,58,5700,2669,3031
050,45,051,"South Carolina","Horry County",3,59,5845,2694,3151
050,45,051,"South Carolina","Horry County",3,60,6082,2764,3318
050,45,051,"South Carolina","Horry County",3,61,6079,2788,3291
050,45,051,"South Carolina","Horry County",3,62,6104,2822,3282
050,45,051,"South Carolina","Horry County",3,63,6465,2966,3499
050,45,051,"South Carolina","Horry County",3,64,6705,3095,3610
050,45,051,"South Carolina","Horry County",3,65,6620,3102,3518
050,45,051,"South Carolina","Horry County",3,66,6781,3180,3601
050,45,051,"South Carolina","Horry County",3,67,6691,3049,3642
050,45,051,"South Carolina","Horry County",3,68,6478,3012,3466
050,45,051,"South Carolina","Horry County",3,69,6388,3061,3327
050,45,051,"South Carolina","Horry County",3,70,6158,2914,3244
050,45,051,"South Carolina","Horry County",3,71,5884,2799,3085
050,45,051,"South Carolina","Horry County",3,72,5867,2854,3013
050,45,051,"South Carolina","Horry County",3,73,5737,2835,2902
050,45,051,"South Carolina","Horry County",3,74,6026,3013,3013
050,45,051,"South Carolina","Horry County",3,75,3904,1907,1997
050,45,051,"South Carolina","Horry County",3,76,3618,1791,1827
050,45,051,"South Carolina","Horry County",3,77,3404,1657,1747
050,45,051,"South Carolina","Horry County",3,78,3355,1613,1742
050,45,051,"South Carolina","Horry County",3,79,2627,1258,1369
050,45,051,"South Carolina","Horry County",3,80,2198,1049,1149
050,45,051,"South Carolina","Horry County",3,81,1941,944,997
050,45,051,"South Carolina","Horry County",3,82,1709,815,894
050,45,051,"South Carolina","Horry County",3,83,1520,736,784
050,45,051,"South Carolina","Horry County",3,84,1280,597,683
050,45,051,"South Carolina","Horry County",3,85,5973,2404,3569
050,45,051,"South Carolina","Horry County",4,0,3222,1634,1588
050,45,051,"South Carolina","Horry County",4,1,3142,1655,1487
050,45,051,"South Carolina","Horry County",4,2,3276,1635,1641
050,45,051,"South Carolina","Horry County",4,3,3173,1580,1593
050,45,051,"South Carolina","Horry County",4,4,3326,1715,1611
050,45,051,"South Carolina","Horry County",4,5,3348,1665,1683
050,45,051,"South Carolina","Horry County",4,6,3391,1689,1702
050,45,051,"South Carolina","Horry County",4,7,3580,1801,1779
050,45,051,"South Carolina","Horry County",4,8,3622,1844,1778
050,45,051,"South Carolina","Horry County",4,9,3584,1834,1750
050,45,051,"South Carolina","Horry County",4,10,3735,1884,1851
050,45,051,"South Carolina","Horry County",4,11,3754,1944,1810
050,45,051,"South Carolina","Horry County",4,12,3808,1946,1862
050,45,051,"South Carolina","Horry County",4,13,4009,2039,1970
050,45,051,"South Carolina","Horry County",4,14,4140,2086,2054
050,45,051,"South Carolina","Horry County",4,15,4187,2135,2052
050,45,051,"South Carolina","Horry County",4,16,4052,2073,1979
050,45,051,"South Carolina","Horry County",4,17,3907,1955,1952
050,45,051,"South Carolina","Horry County",4,18,5799,2868,2931
050,45,051,"South Carolina","Horry County",4,19,5782,2970,2812
050,45,051,"South Carolina","Horry County",4,20,3292,1692,1600
050,45,051,"South Carolina","Horry County",4,21,3534,1773,1761
050,45,051,"South Carolina","Horry County",4,22,3777,1875,1902
050,45,051,"South Carolina","Horry County",4,23,3777,1840,1937
050,45,051,"South Carolina","Horry County",4,24,3703,1817,1886
050,45,051,"South Carolina","Horry County",4,25,3734,1860,1874
050,45,051,"South Carolina","Horry County",4,26,3668,1827,1841
050,45,051,"South Carolina","Horry County",4,27,3779,1854,1925
050,45,051,"South Carolina","Horry County",4,28,3884,1953,1931
050,45,051,"South Carolina","Horry County",4,29,3833,1854,1979
050,45,051,"South Carolina","Horry County",4,30,4082,1955,2127
050,45,051,"South Carolina","Horry County",4,31,4348,2027,2321
050,45,051,"South Carolina","Horry County",4,32,4275,2117,2158
050,45,051,"South Carolina","Horry County",4,33,4261,2081,2180
050,45,051,"South Carolina","Horry County",4,34,4141,1983,2158
050,45,051,"South Carolina","Horry County",4,35,4053,1972,2081
050,45,051,"South Carolina","Horry County",4,36,3974,1941,2033
050,45,051,"South Carolina","Horry County",4,37,4043,1934,2109
050,45,051,"South Carolina","Horry County",4,38,3918,1924,1994
050,45,051,"South Carolina","Horry County",4,39,4108,1948,2160
050,45,051,"South Carolina","Horry County",4,40,4178,2020,2158
050,45,051,"South Carolina","Horry County",4,41,4181,2049,2132
050,45,051,"South Carolina","Horry County",4,42,4212,2069,2143
050,45,051,"South Carolina","Horry County",4,43,4187,2069,2118
050,45,051,"South Carolina","Horry County",4,44,4167,2050,2117
050,45,051,"South Carolina","Horry County",4,45,4139,2010,2129
050,45,051,"South Carolina","Horry County",4,46,4043,1957,2086
050,45,051,"South Carolina","Horry County",4,47,4174,1995,2179
050,45,051,"South Carolina","Horry County",4,48,4052,1965,2087
050,45,051,"South Carolina","Horry County",4,49,4299,2106,2193
050,45,051,"South Carolina","Horry County",4,50,4578,2219,2359
050,45,051,"South Carolina","Horry County",4,51,4952,2389,2563
050,45,051,"South Carolina","Horry County",4,52,5029,2444,2585
050,45,051,"South Carolina","Horry County",4,53,4881,2325,2556
050,45,051,"South Carolina","Horry County",4,54,4834,2285,2549
050,45,051,"South Carolina","Horry County",4,55,5038,2392,2646
050,45,051,"South Carolina","Horry County",4,56,5263,2496,2767
050,45,051,"South Carolina","Horry County",4,57,5701,2645,3056
050,45,051,"South Carolina","Horry County",4,58,6069,2701,3368
050,45,051,"South Carolina","Horry County",4,59,6187,2857,3330
050,45,051,"South Carolina","Horry County",4,60,6297,2914,3383
050,45,051,"South Carolina","Horry County",4,61,6635,3005,3630
050,45,051,"South Carolina","Horry County",4,62,6631,3064,3567
050,45,051,"South Carolina","Horry County",4,63,6704,3085,3619
050,45,051,"South Carolina","Horry County",4,64,7005,3273,3732
050,45,051,"South Carolina","Horry County",4,65,7194,3325,3869
050,45,051,"South Carolina","Horry County",4,66,7041,3334,3707
050,45,051,"South Carolina","Horry County",4,67,7161,3369,3792
050,45,051,"South Carolina","Horry County",4,68,6955,3187,3768
050,45,051,"South Carolina","Horry County",4,69,6672,3119,3553
050,45,051,"South Carolina","Horry County",4,70,6467,3084,3383
050,45,051,"South Carolina","Horry County",4,71,6219,2970,3249
050,45,051,"South Carolina","Horry County",4,72,5894,2812,3082
050,45,051,"South Carolina","Horry County",4,73,5884,2838,3046
050,45,051,"South Carolina","Horry County",4,74,5699,2803,2896
050,45,051,"South Carolina","Horry County",4,75,5935,2981,2954
050,45,051,"South Carolina","Horry County",4,76,3812,1866,1946
050,45,051,"South Carolina","Horry County",4,77,3521,1741,1780
050,45,051,"South Carolina","Horry County",4,78,3302,1595,1707
050,45,051,"South Carolina","Horry County",4,79,3215,1531,1684
050,45,051,"South Carolina","Horry County",4,80,2503,1192,1311
050,45,051,"South Carolina","Horry County",4,81,2106,1005,1101
050,45,051,"South Carolina","Horry County",4,82,1839,874,965
050,45,051,"South Carolina","Horry County",4,83,1620,767,853
050,45,051,"South Carolina","Horry County",4,84,1364,648,716
050,45,051,"South Carolina","Horry County",4,85,6287,2542,3745
050,45,051,"South Carolina","Horry County",5,0,3183,1613,1570
050,45,051,"South Carolina","Horry County",5,1,3305,1697,1608
050,45,051,"South Carolina","Horry County",5,2,3247,1714,1533
050,45,051,"South Carolina","Horry County",5,3,3370,1696,1674
050,45,051,"South Carolina","Horry County",5,4,3267,1617,1650
050,45,051,"South Carolina","Horry County",5,5,3447,1772,1675
050,45,051,"South Carolina","Horry County",5,6,3426,1699,1727
050,45,051,"South Carolina","Horry County",5,7,3546,1790,1756
050,45,051,"South Carolina","Horry County",5,8,3700,1870,1830
050,45,051,"South Carolina","Horry County",5,9,3761,1910,1851
050,45,051,"South Carolina","Horry County",5,10,3685,1894,1791
050,45,051,"South Carolina","Horry County",5,11,3831,1959,1872
050,45,051,"South Carolina","Horry County",5,12,3864,1998,1866
050,45,051,"South Carolina","Horry County",5,13,3929,2010,1919
050,45,051,"South Carolina","Horry County",5,14,4099,2080,2019
050,45,051,"South Carolina","Horry County",5,15,4275,2163,2112
050,45,051,"South Carolina","Horry County",5,16,4313,2187,2126
050,45,051,"South Carolina","Horry County",5,17,4163,2136,2027
050,45,051,"South Carolina","Horry County",5,18,5763,2821,2942
050,45,051,"South Carolina","Horry County",5,19,5966,3117,2849
050,45,051,"South Carolina","Horry County",5,20,3329,1690,1639
050,45,051,"South Carolina","Horry County",5,21,3609,1845,1764
050,45,051,"South Carolina","Horry County",5,22,3899,1939,1960
050,45,051,"South Carolina","Horry County",5,23,4047,2015,2032
050,45,051,"South Carolina","Horry County",5,24,3937,1931,2006
050,45,051,"South Carolina","Horry County",5,25,3832,1907,1925
050,45,051,"South Carolina","Horry County",5,26,3872,1925,1947
050,45,051,"South Carolina","Horry County",5,27,3788,1898,1890
050,45,051,"South Carolina","Horry County",5,28,3830,1868,1962
050,45,051,"South Carolina","Horry County",5,29,3950,1969,1981
050,45,051,"South Carolina","Horry County",5,30,3870,1902,1968
050,45,051,"South Carolina","Horry County",5,31,4176,1991,2185
050,45,051,"South Carolina","Horry County",5,32,4413,2071,2342
050,45,051,"South Carolina","Horry County",5,33,4439,2212,2227
050,45,051,"South Carolina","Horry County",5,34,4350,2101,2249
050,45,051,"South Carolina","Horry County",5,35,4298,2085,2213
050,45,051,"South Carolina","Horry County",5,36,4101,2005,2096
050,45,051,"South Carolina","Horry County",5,37,4137,2017,2120
050,45,051,"South Carolina","Horry County",5,38,4112,1946,2166
050,45,051,"South Carolina","Horry County",5,39,4105,1999,2106
050,45,051,"South Carolina","Horry County",5,40,4289,2028,2261
050,45,051,"South Carolina","Horry County",5,41,4321,2084,2237
050,45,051,"South Carolina","Horry County",5,42,4303,2097,2206
050,45,051,"South Carolina","Horry County",5,43,4323,2128,2195
050,45,051,"South Carolina","Horry County",5,44,4255,2078,2177
050,45,051,"South Carolina","Horry County",5,45,4340,2119,2221
050,45,051,"South Carolina","Horry County",5,46,4355,2078,2277
050,45,051,"South Carolina","Horry County",5,47,4192,2029,2163
050,45,051,"South Carolina","Horry County",5,48,4302,2049,2253
050,45,051,"South Carolina","Horry County",5,49,4253,2075,2178
050,45,051,"South Carolina","Horry County",5,50,4490,2192,2298
050,45,051,"South Carolina","Horry County",5,51,4807,2310,2497
050,45,051,"South Carolina","Horry County",5,52,5256,2530,2726
050,45,051,"South Carolina","Horry County",5,53,5342,2562,2780
050,45,051,"South Carolina","Horry County",5,54,5161,2448,2713
050,45,051,"South Carolina","Horry County",5,55,5113,2388,2725
050,45,051,"South Carolina","Horry County",5,56,5423,2566,2857
050,45,051,"South Carolina","Horry County",5,57,5675,2643,3032
050,45,051,"South Carolina","Horry County",5,58,6135,2856,3279
050,45,051,"South Carolina","Horry County",5,59,6497,2882,3615
050,45,051,"South Carolina","Horry County",5,60,6651,3055,3596
050,45,051,"South Carolina","Horry County",5,61,6761,3129,3632
050,45,051,"South Carolina","Horry County",5,62,7174,3245,3929
050,45,051,"South Carolina","Horry County",5,63,7167,3332,3835
050,45,051,"South Carolina","Horry County",5,64,7229,3342,3887
050,45,051,"South Carolina","Horry County",5,65,7414,3458,3956
050,45,051,"South Carolina","Horry County",5,66,7567,3524,4043
050,45,051,"South Carolina","Horry County",5,67,7340,3481,3859
050,45,051,"South Carolina","Horry County",5,68,7362,3469,3893
050,45,051,"South Carolina","Horry County",5,69,7142,3319,3823
050,45,051,"South Carolina","Horry County",5,70,6830,3192,3638
050,45,051,"South Carolina","Horry County",5,71,6525,3096,3429
050,45,051,"South Carolina","Horry County",5,72,6225,2970,3255
050,45,051,"South Carolina","Horry County",5,73,5932,2830,3102
050,45,051,"South Carolina","Horry County",5,74,5841,2801,3040
050,45,051,"South Carolina","Horry County",5,75,5634,2780,2854
050,45,051,"South Carolina","Horry County",5,76,5856,2952,2904
050,45,051,"South Carolina","Horry County",5,77,3706,1827,1879
050,45,051,"South Carolina","Horry County",5,78,3418,1693,1725
050,45,051,"South Carolina","Horry County",5,79,3205,1533,1672
050,45,051,"South Carolina","Horry County",5,80,3080,1456,1624
050,45,051,"South Carolina","Horry County",5,81,2398,1148,1250
050,45,051,"South Carolina","Horry County",5,82,2010,945,1065
050,45,051,"South Carolina","Horry County",5,83,1755,824,931
050,45,051,"South Carolina","Horry County",5,84,1460,682,778
050,45,051,"South Carolina","Horry County",5,85,6730,2742,3988
050,45,053,"South Carolina","Jasper County",1,0,356,180,176
050,45,053,"South Carolina","Jasper County",1,1,335,175,160
050,45,053,"South Carolina","Jasper County",1,2,337,167,170
050,45,053,"South Carolina","Jasper County",1,3,326,159,167
050,45,053,"South Carolina","Jasper County",1,4,328,177,151
050,45,053,"South Carolina","Jasper County",1,5,325,177,148
050,45,053,"South Carolina","Jasper County",1,6,299,153,146
050,45,053,"South Carolina","Jasper County",1,7,311,156,155
050,45,053,"South Carolina","Jasper County",1,8,294,157,137
050,45,053,"South Carolina","Jasper County",1,9,311,150,161
050,45,053,"South Carolina","Jasper County",1,10,310,140,170
050,45,053,"South Carolina","Jasper County",1,11,317,157,160
050,45,053,"South Carolina","Jasper County",1,12,349,175,174
050,45,053,"South Carolina","Jasper County",1,13,328,176,152
050,45,053,"South Carolina","Jasper County",1,14,335,173,162
050,45,053,"South Carolina","Jasper County",1,15,318,167,151
050,45,053,"South Carolina","Jasper County",1,16,321,173,148
050,45,053,"South Carolina","Jasper County",1,17,299,161,138
050,45,053,"South Carolina","Jasper County",1,18,292,157,135
050,45,053,"South Carolina","Jasper County",1,19,294,155,139
050,45,053,"South Carolina","Jasper County",1,20,313,175,138
050,45,053,"South Carolina","Jasper County",1,21,350,190,160
050,45,053,"South Carolina","Jasper County",1,22,372,208,164
050,45,053,"South Carolina","Jasper County",1,23,387,235,152
050,45,053,"South Carolina","Jasper County",1,24,416,221,195
050,45,053,"South Carolina","Jasper County",1,25,449,243,206
050,45,053,"South Carolina","Jasper County",1,26,436,243,193
050,45,053,"South Carolina","Jasper County",1,27,396,228,168
050,45,053,"South Carolina","Jasper County",1,28,398,213,185
050,45,053,"South Carolina","Jasper County",1,29,393,224,169
050,45,053,"South Carolina","Jasper County",1,30,414,243,171
050,45,053,"South Carolina","Jasper County",1,31,378,216,162
050,45,053,"South Carolina","Jasper County",1,32,316,177,139
050,45,053,"South Carolina","Jasper County",1,33,314,175,139
050,45,053,"South Carolina","Jasper County",1,34,341,192,149
050,45,053,"South Carolina","Jasper County",1,35,336,181,155
050,45,053,"South Carolina","Jasper County",1,36,323,166,157
050,45,053,"South Carolina","Jasper County",1,37,327,175,152
050,45,053,"South Carolina","Jasper County",1,38,301,174,127
050,45,053,"South Carolina","Jasper County",1,39,310,172,138
050,45,053,"South Carolina","Jasper County",1,40,310,163,147
050,45,053,"South Carolina","Jasper County",1,41,296,140,156
050,45,053,"South Carolina","Jasper County",1,42,318,172,146
050,45,053,"South Carolina","Jasper County",1,43,293,168,125
050,45,053,"South Carolina","Jasper County",1,44,312,170,142
050,45,053,"South Carolina","Jasper County",1,45,319,169,150
050,45,053,"South Carolina","Jasper County",1,46,318,155,163
050,45,053,"South Carolina","Jasper County",1,47,331,174,157
050,45,053,"South Carolina","Jasper County",1,48,355,197,158
050,45,053,"South Carolina","Jasper County",1,49,359,175,184
050,45,053,"South Carolina","Jasper County",1,50,352,175,177
050,45,053,"South Carolina","Jasper County",1,51,304,157,147
050,45,053,"South Carolina","Jasper County",1,52,330,176,154
050,45,053,"South Carolina","Jasper County",1,53,364,181,183
050,45,053,"South Carolina","Jasper County",1,54,356,165,191
050,45,053,"South Carolina","Jasper County",1,55,380,179,201
050,45,053,"South Carolina","Jasper County",1,56,421,201,220
050,45,053,"South Carolina","Jasper County",1,57,432,193,239
050,45,053,"South Carolina","Jasper County",1,58,460,212,248
050,45,053,"South Carolina","Jasper County",1,59,417,202,215
050,45,053,"South Carolina","Jasper County",1,60,459,220,239
050,45,053,"South Carolina","Jasper County",1,61,450,222,228
050,45,053,"South Carolina","Jasper County",1,62,443,217,226
050,45,053,"South Carolina","Jasper County",1,63,466,216,250
050,45,053,"South Carolina","Jasper County",1,64,460,205,255
050,45,053,"South Carolina","Jasper County",1,65,454,212,242
050,45,053,"South Carolina","Jasper County",1,66,427,185,242
050,45,053,"South Carolina","Jasper County",1,67,418,194,224
050,45,053,"South Carolina","Jasper County",1,68,400,188,212
050,45,053,"South Carolina","Jasper County",1,69,412,182,230
050,45,053,"South Carolina","Jasper County",1,70,434,188,246
050,45,053,"South Carolina","Jasper County",1,71,387,186,201
050,45,053,"South Carolina","Jasper County",1,72,377,178,199
050,45,053,"South Carolina","Jasper County",1,73,358,169,189
050,45,053,"South Carolina","Jasper County",1,74,248,121,127
050,45,053,"South Carolina","Jasper County",1,75,241,116,125
050,45,053,"South Carolina","Jasper County",1,76,222,104,118
050,45,053,"South Carolina","Jasper County",1,77,218,112,106
050,45,053,"South Carolina","Jasper County",1,78,196,100,96
050,45,053,"South Carolina","Jasper County",1,79,143,64,79
050,45,053,"South Carolina","Jasper County",1,80,120,65,55
050,45,053,"South Carolina","Jasper County",1,81,129,60,69
050,45,053,"South Carolina","Jasper County",1,82,104,46,58
050,45,053,"South Carolina","Jasper County",1,83,80,39,41
050,45,053,"South Carolina","Jasper County",1,84,82,40,42
050,45,053,"South Carolina","Jasper County",1,85,400,140,260
050,45,053,"South Carolina","Jasper County",2,0,367,186,181
050,45,053,"South Carolina","Jasper County",2,1,342,177,165
050,45,053,"South Carolina","Jasper County",2,2,336,170,166
050,45,053,"South Carolina","Jasper County",2,3,324,159,165
050,45,053,"South Carolina","Jasper County",2,4,325,171,154
050,45,053,"South Carolina","Jasper County",2,5,324,176,148
050,45,053,"South Carolina","Jasper County",2,6,306,160,146
050,45,053,"South Carolina","Jasper County",2,7,310,158,152
050,45,053,"South Carolina","Jasper County",2,8,298,158,140
050,45,053,"South Carolina","Jasper County",2,9,307,152,155
050,45,053,"South Carolina","Jasper County",2,10,307,141,166
050,45,053,"South Carolina","Jasper County",2,11,314,153,161
050,45,053,"South Carolina","Jasper County",2,12,341,172,169
050,45,053,"South Carolina","Jasper County",2,13,334,175,159
050,45,053,"South Carolina","Jasper County",2,14,328,172,156
050,45,053,"South Carolina","Jasper County",2,15,321,168,153
050,45,053,"South Carolina","Jasper County",2,16,322,174,148
050,45,053,"South Carolina","Jasper County",2,17,305,165,140
050,45,053,"South Carolina","Jasper County",2,18,289,156,133
050,45,053,"South Carolina","Jasper County",2,19,295,157,138
050,45,053,"South Carolina","Jasper County",2,20,329,184,145
050,45,053,"South Carolina","Jasper County",2,21,352,191,161
050,45,053,"South Carolina","Jasper County",2,22,377,211,166
050,45,053,"South Carolina","Jasper County",2,23,397,237,160
050,45,053,"South Carolina","Jasper County",2,24,413,226,187
050,45,053,"South Carolina","Jasper County",2,25,446,242,204
050,45,053,"South Carolina","Jasper County",2,26,446,252,194
050,45,053,"South Carolina","Jasper County",2,27,409,233,176
050,45,053,"South Carolina","Jasper County",2,28,402,219,183
050,45,053,"South Carolina","Jasper County",2,29,397,225,172
050,45,053,"South Carolina","Jasper County",2,30,422,248,174
050,45,053,"South Carolina","Jasper County",2,31,385,220,165
050,45,053,"South Carolina","Jasper County",2,32,332,188,144
050,45,053,"South Carolina","Jasper County",2,33,314,175,139
050,45,053,"South Carolina","Jasper County",2,34,333,186,147
050,45,053,"South Carolina","Jasper County",2,35,339,184,155
050,45,053,"South Carolina","Jasper County",2,36,329,172,157
050,45,053,"South Carolina","Jasper County",2,37,324,171,153
050,45,053,"South Carolina","Jasper County",2,38,311,176,135
050,45,053,"South Carolina","Jasper County",2,39,308,171,137
050,45,053,"South Carolina","Jasper County",2,40,310,164,146
050,45,053,"South Carolina","Jasper County",2,41,300,145,155
050,45,053,"South Carolina","Jasper County",2,42,311,164,147
050,45,053,"South Carolina","Jasper County",2,43,302,169,133
050,45,053,"South Carolina","Jasper County",2,44,303,163,140
050,45,053,"South Carolina","Jasper County",2,45,316,167,149
050,45,053,"South Carolina","Jasper County",2,46,316,158,158
050,45,053,"South Carolina","Jasper County",2,47,328,170,158
050,45,053,"South Carolina","Jasper County",2,48,350,194,156
050,45,053,"South Carolina","Jasper County",2,49,364,182,182
050,45,053,"South Carolina","Jasper County",2,50,358,177,181
050,45,053,"South Carolina","Jasper County",2,51,323,166,157
050,45,053,"South Carolina","Jasper County",2,52,328,173,155
050,45,053,"South Carolina","Jasper County",2,53,356,180,176
050,45,053,"South Carolina","Jasper County",2,54,362,171,191
050,45,053,"South Carolina","Jasper County",2,55,380,179,201
050,45,053,"South Carolina","Jasper County",2,56,416,198,218
050,45,053,"South Carolina","Jasper County",2,57,434,196,238
050,45,053,"South Carolina","Jasper County",2,58,463,213,250
050,45,053,"South Carolina","Jasper County",2,59,442,211,231
050,45,053,"South Carolina","Jasper County",2,60,456,220,236
050,45,053,"South Carolina","Jasper County",2,61,466,228,238
050,45,053,"South Carolina","Jasper County",2,62,458,225,233
050,45,053,"South Carolina","Jasper County",2,63,477,223,254
050,45,053,"South Carolina","Jasper County",2,64,472,212,260
050,45,053,"South Carolina","Jasper County",2,65,463,215,248
050,45,053,"South Carolina","Jasper County",2,66,444,196,248
050,45,053,"South Carolina","Jasper County",2,67,424,195,229
050,45,053,"South Carolina","Jasper County",2,68,411,192,219
050,45,053,"South Carolina","Jasper County",2,69,420,189,231
050,45,053,"South Carolina","Jasper County",2,70,432,187,245
050,45,053,"South Carolina","Jasper County",2,71,401,189,212
050,45,053,"South Carolina","Jasper County",2,72,379,179,200
050,45,053,"South Carolina","Jasper County",2,73,379,179,200
050,45,053,"South Carolina","Jasper County",2,74,262,127,135
050,45,053,"South Carolina","Jasper County",2,75,245,119,126
050,45,053,"South Carolina","Jasper County",2,76,228,108,120
050,45,053,"South Carolina","Jasper County",2,77,225,114,111
050,45,053,"South Carolina","Jasper County",2,78,202,104,98
050,45,053,"South Carolina","Jasper County",2,79,153,70,83
050,45,053,"South Carolina","Jasper County",2,80,123,63,60
050,45,053,"South Carolina","Jasper County",2,81,125,59,66
050,45,053,"South Carolina","Jasper County",2,82,112,49,63
050,45,053,"South Carolina","Jasper County",2,83,83,39,44
050,45,053,"South Carolina","Jasper County",2,84,83,41,42
050,45,053,"South Carolina","Jasper County",2,85,405,142,263
050,45,053,"South Carolina","Jasper County",3,0,362,179,183
050,45,053,"South Carolina","Jasper County",3,1,347,184,163
050,45,053,"South Carolina","Jasper County",3,2,304,153,151
050,45,053,"South Carolina","Jasper County",3,3,298,151,147
050,45,053,"South Carolina","Jasper County",3,4,306,146,160
050,45,053,"South Carolina","Jasper County",3,5,316,169,147
050,45,053,"South Carolina","Jasper County",3,6,324,179,145
050,45,053,"South Carolina","Jasper County",3,7,300,150,150
050,45,053,"South Carolina","Jasper County",3,8,314,163,151
050,45,053,"South Carolina","Jasper County",3,9,287,149,138
050,45,053,"South Carolina","Jasper County",3,10,317,156,161
050,45,053,"South Carolina","Jasper County",3,11,307,146,161
050,45,053,"South Carolina","Jasper County",3,12,318,160,158
050,45,053,"South Carolina","Jasper County",3,13,350,178,172
050,45,053,"South Carolina","Jasper County",3,14,338,168,170
050,45,053,"South Carolina","Jasper County",3,15,328,170,158
050,45,053,"South Carolina","Jasper County",3,16,326,182,144
050,45,053,"South Carolina","Jasper County",3,17,342,182,160
050,45,053,"South Carolina","Jasper County",3,18,306,172,134
050,45,053,"South Carolina","Jasper County",3,19,300,169,131
050,45,053,"South Carolina","Jasper County",3,20,354,199,155
050,45,053,"South Carolina","Jasper County",3,21,361,198,163
050,45,053,"South Carolina","Jasper County",3,22,394,210,184
050,45,053,"South Carolina","Jasper County",3,23,435,257,178
050,45,053,"South Carolina","Jasper County",3,24,421,241,180
050,45,053,"South Carolina","Jasper County",3,25,397,213,184
050,45,053,"South Carolina","Jasper County",3,26,438,242,196
050,45,053,"South Carolina","Jasper County",3,27,428,238,190
050,45,053,"South Carolina","Jasper County",3,28,405,215,190
050,45,053,"South Carolina","Jasper County",3,29,405,224,181
050,45,053,"South Carolina","Jasper County",3,30,413,250,163
050,45,053,"South Carolina","Jasper County",3,31,383,214,169
050,45,053,"South Carolina","Jasper County",3,32,336,183,153
050,45,053,"South Carolina","Jasper County",3,33,333,186,147
050,45,053,"South Carolina","Jasper County",3,34,317,177,140
050,45,053,"South Carolina","Jasper County",3,35,333,184,149
050,45,053,"South Carolina","Jasper County",3,36,334,178,156
050,45,053,"South Carolina","Jasper County",3,37,324,161,163
050,45,053,"South Carolina","Jasper County",3,38,328,176,152
050,45,053,"South Carolina","Jasper County",3,39,301,163,138
050,45,053,"South Carolina","Jasper County",3,40,312,167,145
050,45,053,"South Carolina","Jasper County",3,41,324,165,159
050,45,053,"South Carolina","Jasper County",3,42,290,127,163
050,45,053,"South Carolina","Jasper County",3,43,326,172,154
050,45,053,"South Carolina","Jasper County",3,44,311,172,139
050,45,053,"South Carolina","Jasper County",3,45,301,157,144
050,45,053,"South Carolina","Jasper County",3,46,333,177,156
050,45,053,"South Carolina","Jasper County",3,47,328,163,165
050,45,053,"South Carolina","Jasper County",3,48,333,170,163
050,45,053,"South Carolina","Jasper County",3,49,356,199,157
050,45,053,"South Carolina","Jasper County",3,50,367,182,185
050,45,053,"South Carolina","Jasper County",3,51,397,199,198
050,45,053,"South Carolina","Jasper County",3,52,342,169,173
050,45,053,"South Carolina","Jasper County",3,53,326,164,162
050,45,053,"South Carolina","Jasper County",3,54,365,184,181
050,45,053,"South Carolina","Jasper County",3,55,395,190,205
050,45,053,"South Carolina","Jasper County",3,56,421,201,220
050,45,053,"South Carolina","Jasper County",3,57,469,217,252
050,45,053,"South Carolina","Jasper County",3,58,498,217,281
050,45,053,"South Carolina","Jasper County",3,59,500,231,269
050,45,053,"South Carolina","Jasper County",3,60,502,239,263
050,45,053,"South Carolina","Jasper County",3,61,521,265,256
050,45,053,"South Carolina","Jasper County",3,62,508,246,262
050,45,053,"South Carolina","Jasper County",3,63,528,244,284
050,45,053,"South Carolina","Jasper County",3,64,557,260,297
050,45,053,"South Carolina","Jasper County",3,65,545,271,274
050,45,053,"South Carolina","Jasper County",3,66,511,237,274
050,45,053,"South Carolina","Jasper County",3,67,481,214,267
050,45,053,"South Carolina","Jasper County",3,68,454,211,243
050,45,053,"South Carolina","Jasper County",3,69,451,219,232
050,45,053,"South Carolina","Jasper County",3,70,444,202,242
050,45,053,"South Carolina","Jasper County",3,71,449,191,258
050,45,053,"South Carolina","Jasper County",3,72,411,194,217
050,45,053,"South Carolina","Jasper County",3,73,399,191,208
050,45,053,"South Carolina","Jasper County",3,74,391,190,201
050,45,053,"South Carolina","Jasper County",3,75,260,124,136
050,45,053,"South Carolina","Jasper County",3,76,248,118,130
050,45,053,"South Carolina","Jasper County",3,77,227,114,113
050,45,053,"South Carolina","Jasper County",3,78,222,114,108
050,45,053,"South Carolina","Jasper County",3,79,188,92,96
050,45,053,"South Carolina","Jasper County",3,80,143,63,80
050,45,053,"South Carolina","Jasper County",3,81,122,65,57
050,45,053,"South Carolina","Jasper County",3,82,130,58,72
050,45,053,"South Carolina","Jasper County",3,83,103,45,58
050,45,053,"South Carolina","Jasper County",3,84,77,38,39
050,45,053,"South Carolina","Jasper County",3,85,435,164,271
050,45,053,"South Carolina","Jasper County",4,0,394,207,187
050,45,053,"South Carolina","Jasper County",4,1,392,183,209
050,45,053,"South Carolina","Jasper County",4,2,337,180,157
050,45,053,"South Carolina","Jasper County",4,3,320,160,160
050,45,053,"South Carolina","Jasper County",4,4,303,157,146
050,45,053,"South Carolina","Jasper County",4,5,305,150,155
050,45,053,"South Carolina","Jasper County",4,6,319,171,148
050,45,053,"South Carolina","Jasper County",4,7,323,182,141
050,45,053,"South Carolina","Jasper County",4,8,291,147,144
050,45,053,"South Carolina","Jasper County",4,9,298,153,145
050,45,053,"South Carolina","Jasper County",4,10,276,145,131
050,45,053,"South Carolina","Jasper County",4,11,328,168,160
050,45,053,"South Carolina","Jasper County",4,12,311,139,172
050,45,053,"South Carolina","Jasper County",4,13,337,170,167
050,45,053,"South Carolina","Jasper County",4,14,353,175,178
050,45,053,"South Carolina","Jasper County",4,15,342,167,175
050,45,053,"South Carolina","Jasper County",4,16,340,174,166
050,45,053,"South Carolina","Jasper County",4,17,337,184,153
050,45,053,"South Carolina","Jasper County",4,18,321,187,134
050,45,053,"South Carolina","Jasper County",4,19,295,177,118
050,45,053,"South Carolina","Jasper County",4,20,365,213,152
050,45,053,"South Carolina","Jasper County",4,21,384,206,178
050,45,053,"South Carolina","Jasper County",4,22,402,219,183
050,45,053,"South Carolina","Jasper County",4,23,445,248,197
050,45,053,"South Carolina","Jasper County",4,24,415,239,176
050,45,053,"South Carolina","Jasper County",4,25,448,254,194
050,45,053,"South Carolina","Jasper County",4,26,379,199,180
050,45,053,"South Carolina","Jasper County",4,27,445,243,202
050,45,053,"South Carolina","Jasper County",4,28,437,238,199
050,45,053,"South Carolina","Jasper County",4,29,424,234,190
050,45,053,"South Carolina","Jasper County",4,30,411,249,162
050,45,053,"South Carolina","Jasper County",4,31,391,218,173
050,45,053,"South Carolina","Jasper County",4,32,380,214,166
050,45,053,"South Carolina","Jasper County",4,33,352,196,156
050,45,053,"South Carolina","Jasper County",4,34,347,194,153
050,45,053,"South Carolina","Jasper County",4,35,330,180,150
050,45,053,"South Carolina","Jasper County",4,36,328,178,150
050,45,053,"South Carolina","Jasper County",4,37,354,188,166
050,45,053,"South Carolina","Jasper County",4,38,332,177,155
050,45,053,"South Carolina","Jasper County",4,39,338,178,160
050,45,053,"South Carolina","Jasper County",4,40,306,170,136
050,45,053,"South Carolina","Jasper County",4,41,310,155,155
050,45,053,"South Carolina","Jasper County",4,42,332,165,167
050,45,053,"South Carolina","Jasper County",4,43,296,134,162
050,45,053,"South Carolina","Jasper County",4,44,329,167,162
050,45,053,"South Carolina","Jasper County",4,45,322,177,145
050,45,053,"South Carolina","Jasper County",4,46,328,176,152
050,45,053,"South Carolina","Jasper County",4,47,344,185,159
050,45,053,"South Carolina","Jasper County",4,48,329,170,159
050,45,053,"South Carolina","Jasper County",4,49,326,154,172
050,45,053,"South Carolina","Jasper County",4,50,373,208,165
050,45,053,"South Carolina","Jasper County",4,51,393,198,195
050,45,053,"South Carolina","Jasper County",4,52,411,198,213
050,45,053,"South Carolina","Jasper County",4,53,362,169,193
050,45,053,"South Carolina","Jasper County",4,54,342,177,165
050,45,053,"South Carolina","Jasper County",4,55,406,201,205
050,45,053,"South Carolina","Jasper County",4,56,416,194,222
050,45,053,"South Carolina","Jasper County",4,57,471,213,258
050,45,053,"South Carolina","Jasper County",4,58,507,232,275
050,45,053,"South Carolina","Jasper County",4,59,548,242,306
050,45,053,"South Carolina","Jasper County",4,60,555,261,294
050,45,053,"South Carolina","Jasper County",4,61,535,253,282
050,45,053,"South Carolina","Jasper County",4,62,571,289,282
050,45,053,"South Carolina","Jasper County",4,63,574,270,304
050,45,053,"South Carolina","Jasper County",4,64,596,276,320
050,45,053,"South Carolina","Jasper County",4,65,632,299,333
050,45,053,"South Carolina","Jasper County",4,66,583,284,299
050,45,053,"South Carolina","Jasper County",4,67,564,266,298
050,45,053,"South Carolina","Jasper County",4,68,512,232,280
050,45,053,"South Carolina","Jasper County",4,69,473,225,248
050,45,053,"South Carolina","Jasper County",4,70,483,232,251
050,45,053,"South Carolina","Jasper County",4,71,461,209,252
050,45,053,"South Carolina","Jasper County",4,72,457,192,265
050,45,053,"South Carolina","Jasper County",4,73,420,198,222
050,45,053,"South Carolina","Jasper County",4,74,402,192,210
050,45,053,"South Carolina","Jasper County",4,75,400,196,204
050,45,053,"South Carolina","Jasper County",4,76,252,122,130
050,45,053,"South Carolina","Jasper County",4,77,243,121,122
050,45,053,"South Carolina","Jasper County",4,78,231,117,114
050,45,053,"South Carolina","Jasper County",4,79,216,108,108
050,45,053,"South Carolina","Jasper County",4,80,187,90,97
050,45,053,"South Carolina","Jasper County",4,81,140,63,77
050,45,053,"South Carolina","Jasper County",4,82,130,66,64
050,45,053,"South Carolina","Jasper County",4,83,133,64,69
050,45,053,"South Carolina","Jasper County",4,84,98,46,52
050,45,053,"South Carolina","Jasper County",4,85,458,183,275
050,45,053,"South Carolina","Jasper County",5,0,402,212,190
050,45,053,"South Carolina","Jasper County",5,1,414,221,193
050,45,053,"South Carolina","Jasper County",5,2,385,175,210
050,45,053,"South Carolina","Jasper County",5,3,340,179,161
050,45,053,"South Carolina","Jasper County",5,4,319,157,162
050,45,053,"South Carolina","Jasper County",5,5,295,150,145
050,45,053,"South Carolina","Jasper County",5,6,296,144,152
050,45,053,"South Carolina","Jasper County",5,7,329,177,152
050,45,053,"South Carolina","Jasper County",5,8,324,184,140
050,45,053,"South Carolina","Jasper County",5,9,298,147,151
050,45,053,"South Carolina","Jasper County",5,10,315,163,152
050,45,053,"South Carolina","Jasper County",5,11,295,167,128
050,45,053,"South Carolina","Jasper County",5,12,329,170,159
050,45,053,"South Carolina","Jasper County",5,13,307,137,170
050,45,053,"South Carolina","Jasper County",5,14,335,164,171
050,45,053,"South Carolina","Jasper County",5,15,347,172,175
050,45,053,"South Carolina","Jasper County",5,16,340,170,170
050,45,053,"South Carolina","Jasper County",5,17,334,174,160
050,45,053,"South Carolina","Jasper County",5,18,312,179,133
050,45,053,"South Carolina","Jasper County",5,19,308,186,122
050,45,053,"South Carolina","Jasper County",5,20,351,217,134
050,45,053,"South Carolina","Jasper County",5,21,379,208,171
050,45,053,"South Carolina","Jasper County",5,22,401,214,187
050,45,053,"South Carolina","Jasper County",5,23,438,244,194
050,45,053,"South Carolina","Jasper County",5,24,438,244,194
050,45,053,"South Carolina","Jasper County",5,25,408,241,167
050,45,053,"South Carolina","Jasper County",5,26,436,241,195
050,45,053,"South Carolina","Jasper County",5,27,412,221,191
050,45,053,"South Carolina","Jasper County",5,28,447,232,215
050,45,053,"South Carolina","Jasper County",5,29,463,251,212
050,45,053,"South Carolina","Jasper County",5,30,430,247,183
050,45,053,"South Carolina","Jasper County",5,31,401,230,171
050,45,053,"South Carolina","Jasper County",5,32,403,235,168
050,45,053,"South Carolina","Jasper County",5,33,408,226,182
050,45,053,"South Carolina","Jasper County",5,34,356,192,164
050,45,053,"South Carolina","Jasper County",5,35,344,189,155
050,45,053,"South Carolina","Jasper County",5,36,326,178,148
050,45,053,"South Carolina","Jasper County",5,37,335,175,160
050,45,053,"South Carolina","Jasper County",5,38,367,197,170
050,45,053,"South Carolina","Jasper County",5,39,342,190,152
050,45,053,"South Carolina","Jasper County",5,40,346,181,165
050,45,053,"South Carolina","Jasper County",5,41,303,160,143
050,45,053,"South Carolina","Jasper County",5,42,301,146,155
050,45,053,"South Carolina","Jasper County",5,43,329,166,163
050,45,053,"South Carolina","Jasper County",5,44,301,136,165
050,45,053,"South Carolina","Jasper County",5,45,324,163,161
050,45,053,"South Carolina","Jasper County",5,46,330,180,150
050,45,053,"South Carolina","Jasper County",5,47,330,175,155
050,45,053,"South Carolina","Jasper County",5,48,340,183,157
050,45,053,"South Carolina","Jasper County",5,49,327,172,155
050,45,053,"South Carolina","Jasper County",5,50,326,149,177
050,45,053,"South Carolina","Jasper County",5,51,395,220,175
050,45,053,"South Carolina","Jasper County",5,52,412,198,214
050,45,053,"South Carolina","Jasper County",5,53,426,204,222
050,45,053,"South Carolina","Jasper County",5,54,374,173,201
050,45,053,"South Carolina","Jasper County",5,55,372,182,190
050,45,053,"South Carolina","Jasper County",5,56,445,216,229
050,45,053,"South Carolina","Jasper County",5,57,431,191,240
050,45,053,"South Carolina","Jasper County",5,58,544,240,304
050,45,053,"South Carolina","Jasper County",5,59,560,249,311
050,45,053,"South Carolina","Jasper County",5,60,614,273,341
050,45,053,"South Carolina","Jasper County",5,61,623,284,339
050,45,053,"South Carolina","Jasper County",5,62,629,301,328
050,45,053,"South Carolina","Jasper County",5,63,633,312,321
050,45,053,"South Carolina","Jasper County",5,64,645,309,336
050,45,053,"South Carolina","Jasper County",5,65,655,298,357
050,45,053,"South Carolina","Jasper County",5,66,689,319,370
050,45,053,"South Carolina","Jasper County",5,67,653,321,332
050,45,053,"South Carolina","Jasper County",5,68,615,290,325
050,45,053,"South Carolina","Jasper County",5,69,562,252,310
050,45,053,"South Carolina","Jasper County",5,70,518,247,271
050,45,053,"South Carolina","Jasper County",5,71,501,250,251
050,45,053,"South Carolina","Jasper County",5,72,480,215,265
050,45,053,"South Carolina","Jasper County",5,73,473,199,274
050,45,053,"South Carolina","Jasper County",5,74,423,200,223
050,45,053,"South Carolina","Jasper County",5,75,405,195,210
050,45,053,"South Carolina","Jasper County",5,76,401,201,200
050,45,053,"South Carolina","Jasper County",5,77,260,130,130
050,45,053,"South Carolina","Jasper County",5,78,240,120,120
050,45,053,"South Carolina","Jasper County",5,79,222,111,111
050,45,053,"South Carolina","Jasper County",5,80,212,107,105
050,45,053,"South Carolina","Jasper County",5,81,185,94,91
050,45,053,"South Carolina","Jasper County",5,82,146,61,85
050,45,053,"South Carolina","Jasper County",5,83,125,65,60
050,45,053,"South Carolina","Jasper County",5,84,131,64,67
050,45,053,"South Carolina","Jasper County",5,85,479,190,289
050,45,055,"South Carolina","Kershaw County",1,0,720,368,352
050,45,055,"South Carolina","Kershaw County",1,1,739,375,364
050,45,055,"South Carolina","Kershaw County",1,2,747,375,372
050,45,055,"South Carolina","Kershaw County",1,3,770,357,413
050,45,055,"South Carolina","Kershaw County",1,4,753,352,401
050,45,055,"South Carolina","Kershaw County",1,5,763,393,370
050,45,055,"South Carolina","Kershaw County",1,6,795,414,381
050,45,055,"South Carolina","Kershaw County",1,7,808,425,383
050,45,055,"South Carolina","Kershaw County",1,8,825,431,394
050,45,055,"South Carolina","Kershaw County",1,9,845,440,405
050,45,055,"South Carolina","Kershaw County",1,10,875,445,430
050,45,055,"South Carolina","Kershaw County",1,11,981,511,470
050,45,055,"South Carolina","Kershaw County",1,12,1021,542,479
050,45,055,"South Carolina","Kershaw County",1,13,982,520,462
050,45,055,"South Carolina","Kershaw County",1,14,956,490,466
050,45,055,"South Carolina","Kershaw County",1,15,902,464,438
050,45,055,"South Carolina","Kershaw County",1,16,893,459,434
050,45,055,"South Carolina","Kershaw County",1,17,879,445,434
050,45,055,"South Carolina","Kershaw County",1,18,755,395,360
050,45,055,"South Carolina","Kershaw County",1,19,635,329,306
050,45,055,"South Carolina","Kershaw County",1,20,650,323,327
050,45,055,"South Carolina","Kershaw County",1,21,664,351,313
050,45,055,"South Carolina","Kershaw County",1,22,699,369,330
050,45,055,"South Carolina","Kershaw County",1,23,671,337,334
050,45,055,"South Carolina","Kershaw County",1,24,670,342,328
050,45,055,"South Carolina","Kershaw County",1,25,685,334,351
050,45,055,"South Carolina","Kershaw County",1,26,715,346,369
050,45,055,"South Carolina","Kershaw County",1,27,733,353,380
050,45,055,"South Carolina","Kershaw County",1,28,735,345,390
050,45,055,"South Carolina","Kershaw County",1,29,803,388,415
050,45,055,"South Carolina","Kershaw County",1,30,778,376,402
050,45,055,"South Carolina","Kershaw County",1,31,797,391,406
050,45,055,"South Carolina","Kershaw County",1,32,793,365,428
050,45,055,"South Carolina","Kershaw County",1,33,791,374,417
050,45,055,"South Carolina","Kershaw County",1,34,772,379,393
050,45,055,"South Carolina","Kershaw County",1,35,752,370,382
050,45,055,"South Carolina","Kershaw County",1,36,800,404,396
050,45,055,"South Carolina","Kershaw County",1,37,837,411,426
050,45,055,"South Carolina","Kershaw County",1,38,794,369,425
050,45,055,"South Carolina","Kershaw County",1,39,832,390,442
050,45,055,"South Carolina","Kershaw County",1,40,810,401,409
050,45,055,"South Carolina","Kershaw County",1,41,842,413,429
050,45,055,"South Carolina","Kershaw County",1,42,825,396,429
050,45,055,"South Carolina","Kershaw County",1,43,760,350,410
050,45,055,"South Carolina","Kershaw County",1,44,716,353,363
050,45,055,"South Carolina","Kershaw County",1,45,772,384,388
050,45,055,"South Carolina","Kershaw County",1,46,795,387,408
050,45,055,"South Carolina","Kershaw County",1,47,828,387,441
050,45,055,"South Carolina","Kershaw County",1,48,828,403,425
050,45,055,"South Carolina","Kershaw County",1,49,889,450,439
050,45,055,"South Carolina","Kershaw County",1,50,833,402,431
050,45,055,"South Carolina","Kershaw County",1,51,839,414,425
050,45,055,"South Carolina","Kershaw County",1,52,857,432,425
050,45,055,"South Carolina","Kershaw County",1,53,862,424,438
050,45,055,"South Carolina","Kershaw County",1,54,853,387,466
050,45,055,"South Carolina","Kershaw County",1,55,924,428,496
050,45,055,"South Carolina","Kershaw County",1,56,939,472,467
050,45,055,"South Carolina","Kershaw County",1,57,997,475,522
050,45,055,"South Carolina","Kershaw County",1,58,949,446,503
050,45,055,"South Carolina","Kershaw County",1,59,921,439,482
050,45,055,"South Carolina","Kershaw County",1,60,937,453,484
050,45,055,"South Carolina","Kershaw County",1,61,927,447,480
050,45,055,"South Carolina","Kershaw County",1,62,940,432,508
050,45,055,"South Carolina","Kershaw County",1,63,916,428,488
050,45,055,"South Carolina","Kershaw County",1,64,926,469,457
050,45,055,"South Carolina","Kershaw County",1,65,855,397,458
050,45,055,"South Carolina","Kershaw County",1,66,828,374,454
050,45,055,"South Carolina","Kershaw County",1,67,826,379,447
050,45,055,"South Carolina","Kershaw County",1,68,833,387,446
050,45,055,"South Carolina","Kershaw County",1,69,747,346,401
050,45,055,"South Carolina","Kershaw County",1,70,752,357,395
050,45,055,"South Carolina","Kershaw County",1,71,742,358,384
050,45,055,"South Carolina","Kershaw County",1,72,746,351,395
050,45,055,"South Carolina","Kershaw County",1,73,722,345,377
050,45,055,"South Carolina","Kershaw County",1,74,473,224,249
050,45,055,"South Carolina","Kershaw County",1,75,460,226,234
050,45,055,"South Carolina","Kershaw County",1,76,476,222,254
050,45,055,"South Carolina","Kershaw County",1,77,466,221,245
050,45,055,"South Carolina","Kershaw County",1,78,403,190,213
050,45,055,"South Carolina","Kershaw County",1,79,357,158,199
050,45,055,"South Carolina","Kershaw County",1,80,304,130,174
050,45,055,"South Carolina","Kershaw County",1,81,280,108,172
050,45,055,"South Carolina","Kershaw County",1,82,263,101,162
050,45,055,"South Carolina","Kershaw County",1,83,216,79,137
050,45,055,"South Carolina","Kershaw County",1,84,200,76,124
050,45,055,"South Carolina","Kershaw County",1,85,1160,407,753
050,45,055,"South Carolina","Kershaw County",2,0,713,366,347
050,45,055,"South Carolina","Kershaw County",2,1,736,374,362
050,45,055,"South Carolina","Kershaw County",2,2,750,377,373
050,45,055,"South Carolina","Kershaw County",2,3,764,359,405
050,45,055,"South Carolina","Kershaw County",2,4,761,355,406
050,45,055,"South Carolina","Kershaw County",2,5,768,385,383
050,45,055,"South Carolina","Kershaw County",2,6,797,412,385
050,45,055,"South Carolina","Kershaw County",2,7,810,425,385
050,45,055,"South Carolina","Kershaw County",2,8,827,432,395
050,45,055,"South Carolina","Kershaw County",2,9,841,436,405
050,45,055,"South Carolina","Kershaw County",2,10,872,446,426
050,45,055,"South Carolina","Kershaw County",2,11,956,495,461
050,45,055,"South Carolina","Kershaw County",2,12,1020,538,482
050,45,055,"South Carolina","Kershaw County",2,13,991,525,466
050,45,055,"South Carolina","Kershaw County",2,14,966,496,470
050,45,055,"South Carolina","Kershaw County",2,15,921,473,448
050,45,055,"South Carolina","Kershaw County",2,16,895,460,435
050,45,055,"South Carolina","Kershaw County",2,17,878,444,434
050,45,055,"South Carolina","Kershaw County",2,18,751,392,359
050,45,055,"South Carolina","Kershaw County",2,19,637,330,307
050,45,055,"South Carolina","Kershaw County",2,20,668,336,332
050,45,055,"South Carolina","Kershaw County",2,21,670,350,320
050,45,055,"South Carolina","Kershaw County",2,22,700,367,333
050,45,055,"South Carolina","Kershaw County",2,23,687,348,339
050,45,055,"South Carolina","Kershaw County",2,24,672,341,331
050,45,055,"South Carolina","Kershaw County",2,25,683,335,348
050,45,055,"South Carolina","Kershaw County",2,26,706,343,363
050,45,055,"South Carolina","Kershaw County",2,27,728,350,378
050,45,055,"South Carolina","Kershaw County",2,28,735,347,388
050,45,055,"South Carolina","Kershaw County",2,29,794,383,411
050,45,055,"South Carolina","Kershaw County",2,30,797,386,411
050,45,055,"South Carolina","Kershaw County",2,31,796,388,408
050,45,055,"South Carolina","Kershaw County",2,32,796,374,422
050,45,055,"South Carolina","Kershaw County",2,33,797,375,422
050,45,055,"South Carolina","Kershaw County",2,34,777,379,398
050,45,055,"South Carolina","Kershaw County",2,35,764,376,388
050,45,055,"South Carolina","Kershaw County",2,36,788,395,393
050,45,055,"South Carolina","Kershaw County",2,37,833,410,423
050,45,055,"South Carolina","Kershaw County",2,38,811,380,431
050,45,055,"South Carolina","Kershaw County",2,39,826,388,438
050,45,055,"South Carolina","Kershaw County",2,40,827,403,424
050,45,055,"South Carolina","Kershaw County",2,41,840,414,426
050,45,055,"South Carolina","Kershaw County",2,42,825,397,428
050,45,055,"South Carolina","Kershaw County",2,43,786,365,421
050,45,055,"South Carolina","Kershaw County",2,44,718,348,370
050,45,055,"South Carolina","Kershaw County",2,45,769,382,387
050,45,055,"South Carolina","Kershaw County",2,46,787,385,402
050,45,055,"South Carolina","Kershaw County",2,47,822,386,436
050,45,055,"South Carolina","Kershaw County",2,48,836,401,435
050,45,055,"South Carolina","Kershaw County",2,49,882,441,441
050,45,055,"South Carolina","Kershaw County",2,50,854,420,434
050,45,055,"South Carolina","Kershaw County",2,51,838,412,426
050,45,055,"South Carolina","Kershaw County",2,52,849,427,422
050,45,055,"South Carolina","Kershaw County",2,53,856,424,432
050,45,055,"South Carolina","Kershaw County",2,54,858,396,462
050,45,055,"South Carolina","Kershaw County",2,55,909,421,488
050,45,055,"South Carolina","Kershaw County",2,56,940,461,479
050,45,055,"South Carolina","Kershaw County",2,57,981,475,506
050,45,055,"South Carolina","Kershaw County",2,58,957,451,506
050,45,055,"South Carolina","Kershaw County",2,59,930,441,489
050,45,055,"South Carolina","Kershaw County",2,60,927,446,481
050,45,055,"South Carolina","Kershaw County",2,61,928,449,479
050,45,055,"South Carolina","Kershaw County",2,62,937,435,502
050,45,055,"South Carolina","Kershaw County",2,63,925,430,495
050,45,055,"South Carolina","Kershaw County",2,64,918,458,460
050,45,055,"South Carolina","Kershaw County",2,65,874,415,459
050,45,055,"South Carolina","Kershaw County",2,66,834,378,456
050,45,055,"South Carolina","Kershaw County",2,67,826,376,450
050,45,055,"South Carolina","Kershaw County",2,68,819,379,440
050,45,055,"South Carolina","Kershaw County",2,69,769,353,416
050,45,055,"South Carolina","Kershaw County",2,70,745,352,393
050,45,055,"South Carolina","Kershaw County",2,71,741,356,385
050,45,055,"South Carolina","Kershaw County",2,72,734,347,387
050,45,055,"South Carolina","Kershaw County",2,73,756,359,397
050,45,055,"South Carolina","Kershaw County",2,74,501,239,262
050,45,055,"South Carolina","Kershaw County",2,75,461,222,239
050,45,055,"South Carolina","Kershaw County",2,76,467,220,247
050,45,055,"South Carolina","Kershaw County",2,77,473,224,249
050,45,055,"South Carolina","Kershaw County",2,78,406,193,213
050,45,055,"South Carolina","Kershaw County",2,79,360,161,199
050,45,055,"South Carolina","Kershaw County",2,80,315,136,179
050,45,055,"South Carolina","Kershaw County",2,81,278,109,169
050,45,055,"South Carolina","Kershaw County",2,82,265,101,164
050,45,055,"South Carolina","Kershaw County",2,83,221,82,139
050,45,055,"South Carolina","Kershaw County",2,84,199,74,125
050,45,055,"South Carolina","Kershaw County",2,85,1165,404,761
050,45,055,"South Carolina","Kershaw County",3,0,715,351,364
050,45,055,"South Carolina","Kershaw County",3,1,728,381,347
050,45,055,"South Carolina","Kershaw County",3,2,747,391,356
050,45,055,"South Carolina","Kershaw County",3,3,783,389,394
050,45,055,"South Carolina","Kershaw County",3,4,774,366,408
050,45,055,"South Carolina","Kershaw County",3,5,760,364,396
050,45,055,"South Carolina","Kershaw County",3,6,786,397,389
050,45,055,"South Carolina","Kershaw County",3,7,812,424,388
050,45,055,"South Carolina","Kershaw County",3,8,831,432,399
050,45,055,"South Carolina","Kershaw County",3,9,847,444,403
050,45,055,"South Carolina","Kershaw County",3,10,846,431,415
050,45,055,"South Carolina","Kershaw County",3,11,909,469,440
050,45,055,"South Carolina","Kershaw County",3,12,969,487,482
050,45,055,"South Carolina","Kershaw County",3,13,1019,539,480
050,45,055,"South Carolina","Kershaw County",3,14,1007,530,477
050,45,055,"South Carolina","Kershaw County",3,15,984,502,482
050,45,055,"South Carolina","Kershaw County",3,16,928,485,443
050,45,055,"South Carolina","Kershaw County",3,17,886,461,425
050,45,055,"South Carolina","Kershaw County",3,18,741,395,346
050,45,055,"South Carolina","Kershaw County",3,19,632,327,305
050,45,055,"South Carolina","Kershaw County",3,20,694,364,330
050,45,055,"South Carolina","Kershaw County",3,21,685,332,353
050,45,055,"South Carolina","Kershaw County",3,22,701,366,335
050,45,055,"South Carolina","Kershaw County",3,23,713,379,334
050,45,055,"South Carolina","Kershaw County",3,24,675,336,339
050,45,055,"South Carolina","Kershaw County",3,25,679,353,326
050,45,055,"South Carolina","Kershaw County",3,26,691,353,338
050,45,055,"South Carolina","Kershaw County",3,27,733,358,375
050,45,055,"South Carolina","Kershaw County",3,28,763,352,411
050,45,055,"South Carolina","Kershaw County",3,29,763,384,379
050,45,055,"South Carolina","Kershaw County",3,30,818,387,431
050,45,055,"South Carolina","Kershaw County",3,31,832,396,436
050,45,055,"South Carolina","Kershaw County",3,32,817,392,425
050,45,055,"South Carolina","Kershaw County",3,33,828,395,433
050,45,055,"South Carolina","Kershaw County",3,34,831,377,454
050,45,055,"South Carolina","Kershaw County",3,35,808,391,417
050,45,055,"South Carolina","Kershaw County",3,36,785,384,401
050,45,055,"South Carolina","Kershaw County",3,37,817,418,399
050,45,055,"South Carolina","Kershaw County",3,38,858,429,429
050,45,055,"South Carolina","Kershaw County",3,39,829,391,438
050,45,055,"South Carolina","Kershaw County",3,40,842,401,441
050,45,055,"South Carolina","Kershaw County",3,41,828,407,421
050,45,055,"South Carolina","Kershaw County",3,42,829,406,423
050,45,055,"South Carolina","Kershaw County",3,43,816,379,437
050,45,055,"South Carolina","Kershaw County",3,44,788,356,432
050,45,055,"South Carolina","Kershaw County",3,45,719,357,362
050,45,055,"South Carolina","Kershaw County",3,46,765,375,390
050,45,055,"South Carolina","Kershaw County",3,47,807,396,411
050,45,055,"South Carolina","Kershaw County",3,48,837,394,443
050,45,055,"South Carolina","Kershaw County",3,49,838,404,434
050,45,055,"South Carolina","Kershaw County",3,50,914,466,448
050,45,055,"South Carolina","Kershaw County",3,51,857,424,433
050,45,055,"South Carolina","Kershaw County",3,52,851,422,429
050,45,055,"South Carolina","Kershaw County",3,53,846,427,419
050,45,055,"South Carolina","Kershaw County",3,54,864,422,442
050,45,055,"South Carolina","Kershaw County",3,55,866,410,456
050,45,055,"South Carolina","Kershaw County",3,56,891,405,486
050,45,055,"South Carolina","Kershaw County",3,57,956,472,484
050,45,055,"South Carolina","Kershaw County",3,58,946,453,493
050,45,055,"South Carolina","Kershaw County",3,59,954,453,501
050,45,055,"South Carolina","Kershaw County",3,60,945,450,495
050,45,055,"South Carolina","Kershaw County",3,61,930,456,474
050,45,055,"South Carolina","Kershaw County",3,62,915,445,470
050,45,055,"South Carolina","Kershaw County",3,63,941,432,509
050,45,055,"South Carolina","Kershaw County",3,64,912,428,484
050,45,055,"South Carolina","Kershaw County",3,65,909,453,456
050,45,055,"South Carolina","Kershaw County",3,66,863,415,448
050,45,055,"South Carolina","Kershaw County",3,67,826,372,454
050,45,055,"South Carolina","Kershaw County",3,68,819,367,452
050,45,055,"South Carolina","Kershaw County",3,69,815,375,440
050,45,055,"South Carolina","Kershaw County",3,70,761,353,408
050,45,055,"South Carolina","Kershaw County",3,71,720,343,377
050,45,055,"South Carolina","Kershaw County",3,72,713,334,379
050,45,055,"South Carolina","Kershaw County",3,73,705,336,369
050,45,055,"South Carolina","Kershaw County",3,74,730,344,386
050,45,055,"South Carolina","Kershaw County",3,75,491,240,251
050,45,055,"South Carolina","Kershaw County",3,76,450,216,234
050,45,055,"South Carolina","Kershaw County",3,77,450,209,241
050,45,055,"South Carolina","Kershaw County",3,78,451,209,242
050,45,055,"South Carolina","Kershaw County",3,79,383,178,205
050,45,055,"South Carolina","Kershaw County",3,80,329,142,187
050,45,055,"South Carolina","Kershaw County",3,81,289,120,169
050,45,055,"South Carolina","Kershaw County",3,82,267,99,168
050,45,055,"South Carolina","Kershaw County",3,83,243,90,153
050,45,055,"South Carolina","Kershaw County",3,84,188,70,118
050,45,055,"South Carolina","Kershaw County",3,85,1122,389,733
050,45,055,"South Carolina","Kershaw County",4,0,733,377,356
050,45,055,"South Carolina","Kershaw County",4,1,780,388,392
050,45,055,"South Carolina","Kershaw County",4,2,786,400,386
050,45,055,"South Carolina","Kershaw County",4,3,805,423,382
050,45,055,"South Carolina","Kershaw County",4,4,817,410,407
050,45,055,"South Carolina","Kershaw County",4,5,815,387,428
050,45,055,"South Carolina","Kershaw County",4,6,809,380,429
050,45,055,"South Carolina","Kershaw County",4,7,834,430,404
050,45,055,"South Carolina","Kershaw County",4,8,847,444,403
050,45,055,"South Carolina","Kershaw County",4,9,864,466,398
050,45,055,"South Carolina","Kershaw County",4,10,902,466,436
050,45,055,"South Carolina","Kershaw County",4,11,905,457,448
050,45,055,"South Carolina","Kershaw County",4,12,925,466,459
050,45,055,"South Carolina","Kershaw County",4,13,979,502,477
050,45,055,"South Carolina","Kershaw County",4,14,1035,534,501
050,45,055,"South Carolina","Kershaw County",4,15,1034,552,482
050,45,055,"South Carolina","Kershaw County",4,16,1002,518,484
050,45,055,"South Carolina","Kershaw County",4,17,928,480,448
050,45,055,"South Carolina","Kershaw County",4,18,779,415,364
050,45,055,"South Carolina","Kershaw County",4,19,600,308,292
050,45,055,"South Carolina","Kershaw County",4,20,672,328,344
050,45,055,"South Carolina","Kershaw County",4,21,738,378,360
050,45,055,"South Carolina","Kershaw County",4,22,734,334,400
050,45,055,"South Carolina","Kershaw County",4,23,717,362,355
050,45,055,"South Carolina","Kershaw County",4,24,754,381,373
050,45,055,"South Carolina","Kershaw County",4,25,684,345,339
050,45,055,"South Carolina","Kershaw County",4,26,695,344,351
050,45,055,"South Carolina","Kershaw County",4,27,747,391,356
050,45,055,"South Carolina","Kershaw County",4,28,803,394,409
050,45,055,"South Carolina","Kershaw County",4,29,811,377,434
050,45,055,"South Carolina","Kershaw County",4,30,817,402,415
050,45,055,"South Carolina","Kershaw County",4,31,875,426,449
050,45,055,"South Carolina","Kershaw County",4,32,895,428,467
050,45,055,"South Carolina","Kershaw County",4,33,829,397,432
050,45,055,"South Carolina","Kershaw County",4,34,877,420,457
050,45,055,"South Carolina","Kershaw County",4,35,871,394,477
050,45,055,"South Carolina","Kershaw County",4,36,871,426,445
050,45,055,"South Carolina","Kershaw County",4,37,813,398,415
050,45,055,"South Carolina","Kershaw County",4,38,857,431,426
050,45,055,"South Carolina","Kershaw County",4,39,875,439,436
050,45,055,"South Carolina","Kershaw County",4,40,840,408,432
050,45,055,"South Carolina","Kershaw County",4,41,868,405,463
050,45,055,"South Carolina","Kershaw County",4,42,851,420,431
050,45,055,"South Carolina","Kershaw County",4,43,839,407,432
050,45,055,"South Carolina","Kershaw County",4,44,852,398,454
050,45,055,"South Carolina","Kershaw County",4,45,785,350,435
050,45,055,"South Carolina","Kershaw County",4,46,734,366,368
050,45,055,"South Carolina","Kershaw County",4,47,775,375,400
050,45,055,"South Carolina","Kershaw County",4,48,799,394,405
050,45,055,"South Carolina","Kershaw County",4,49,846,398,448
050,45,055,"South Carolina","Kershaw County",4,50,860,432,428
050,45,055,"South Carolina","Kershaw County",4,51,895,444,451
050,45,055,"South Carolina","Kershaw County",4,52,879,443,436
050,45,055,"South Carolina","Kershaw County",4,53,861,416,445
050,45,055,"South Carolina","Kershaw County",4,54,866,430,436
050,45,055,"South Carolina","Kershaw County",4,55,877,436,441
050,45,055,"South Carolina","Kershaw County",4,56,856,405,451
050,45,055,"South Carolina","Kershaw County",4,57,888,409,479
050,45,055,"South Carolina","Kershaw County",4,58,986,492,494
050,45,055,"South Carolina","Kershaw County",4,59,955,455,500
050,45,055,"South Carolina","Kershaw County",4,60,961,460,501
050,45,055,"South Carolina","Kershaw County",4,61,951,450,501
050,45,055,"South Carolina","Kershaw County",4,62,937,457,480
050,45,055,"South Carolina","Kershaw County",4,63,898,428,470
050,45,055,"South Carolina","Kershaw County",4,64,971,447,524
050,45,055,"South Carolina","Kershaw County",4,65,906,417,489
050,45,055,"South Carolina","Kershaw County",4,66,915,464,451
050,45,055,"South Carolina","Kershaw County",4,67,865,411,454
050,45,055,"South Carolina","Kershaw County",4,68,819,375,444
050,45,055,"South Carolina","Kershaw County",4,69,804,352,452
050,45,055,"South Carolina","Kershaw County",4,70,810,372,438
050,45,055,"South Carolina","Kershaw County",4,71,757,351,406
050,45,055,"South Carolina","Kershaw County",4,72,704,329,375
050,45,055,"South Carolina","Kershaw County",4,73,702,322,380
050,45,055,"South Carolina","Kershaw County",4,74,675,319,356
050,45,055,"South Carolina","Kershaw County",4,75,716,341,375
050,45,055,"South Carolina","Kershaw County",4,76,482,233,249
050,45,055,"South Carolina","Kershaw County",4,77,426,204,222
050,45,055,"South Carolina","Kershaw County",4,78,433,200,233
050,45,055,"South Carolina","Kershaw County",4,79,428,193,235
050,45,055,"South Carolina","Kershaw County",4,80,348,162,186
050,45,055,"South Carolina","Kershaw County",4,81,303,126,177
050,45,055,"South Carolina","Kershaw County",4,82,262,105,157
050,45,055,"South Carolina","Kershaw County",4,83,246,91,155
050,45,055,"South Carolina","Kershaw County",4,84,206,82,124
050,45,055,"South Carolina","Kershaw County",4,85,1099,386,713
050,45,055,"South Carolina","Kershaw County",5,0,718,366,352
050,45,055,"South Carolina","Kershaw County",5,1,769,377,392
050,45,055,"South Carolina","Kershaw County",5,2,824,415,409
050,45,055,"South Carolina","Kershaw County",5,3,825,427,398
050,45,055,"South Carolina","Kershaw County",5,4,819,438,381
050,45,055,"South Carolina","Kershaw County",5,5,860,440,420
050,45,055,"South Carolina","Kershaw County",5,6,851,395,456
050,45,055,"South Carolina","Kershaw County",5,7,876,417,459
050,45,055,"South Carolina","Kershaw County",5,8,860,443,417
050,45,055,"South Carolina","Kershaw County",5,9,900,475,425
050,45,055,"South Carolina","Kershaw County",5,10,919,489,430
050,45,055,"South Carolina","Kershaw County",5,11,946,493,453
050,45,055,"South Carolina","Kershaw County",5,12,934,474,460
050,45,055,"South Carolina","Kershaw County",5,13,986,500,486
050,45,055,"South Carolina","Kershaw County",5,14,1009,501,508
050,45,055,"South Carolina","Kershaw County",5,15,1098,555,543
050,45,055,"South Carolina","Kershaw County",5,16,1034,551,483
050,45,055,"South Carolina","Kershaw County",5,17,1048,542,506
050,45,055,"South Carolina","Kershaw County",5,18,822,445,377
050,45,055,"South Carolina","Kershaw County",5,19,680,364,316
050,45,055,"South Carolina","Kershaw County",5,20,653,323,330
050,45,055,"South Carolina","Kershaw County",5,21,727,348,379
050,45,055,"South Carolina","Kershaw County",5,22,775,387,388
050,45,055,"South Carolina","Kershaw County",5,23,811,382,429
050,45,055,"South Carolina","Kershaw County",5,24,752,376,376
050,45,055,"South Carolina","Kershaw County",5,25,802,390,412
050,45,055,"South Carolina","Kershaw County",5,26,716,358,358
050,45,055,"South Carolina","Kershaw County",5,27,723,355,368
050,45,055,"South Carolina","Kershaw County",5,28,775,386,389
050,45,055,"South Carolina","Kershaw County",5,29,852,421,431
050,45,055,"South Carolina","Kershaw County",5,30,837,397,440
050,45,055,"South Carolina","Kershaw County",5,31,840,409,431
050,45,055,"South Carolina","Kershaw County",5,32,912,459,453
050,45,055,"South Carolina","Kershaw County",5,33,904,423,481
050,45,055,"South Carolina","Kershaw County",5,34,877,409,468
050,45,055,"South Carolina","Kershaw County",5,35,931,454,477
050,45,055,"South Carolina","Kershaw County",5,36,929,420,509
050,45,055,"South Carolina","Kershaw County",5,37,933,450,483
050,45,055,"South Carolina","Kershaw County",5,38,840,405,435
050,45,055,"South Carolina","Kershaw County",5,39,897,457,440
050,45,055,"South Carolina","Kershaw County",5,40,896,450,446
050,45,055,"South Carolina","Kershaw County",5,41,904,439,465
050,45,055,"South Carolina","Kershaw County",5,42,891,418,473
050,45,055,"South Carolina","Kershaw County",5,43,902,442,460
050,45,055,"South Carolina","Kershaw County",5,44,877,441,436
050,45,055,"South Carolina","Kershaw County",5,45,889,421,468
050,45,055,"South Carolina","Kershaw County",5,46,799,353,446
050,45,055,"South Carolina","Kershaw County",5,47,773,382,391
050,45,055,"South Carolina","Kershaw County",5,48,795,377,418
050,45,055,"South Carolina","Kershaw County",5,49,838,397,441
050,45,055,"South Carolina","Kershaw County",5,50,890,433,457
050,45,055,"South Carolina","Kershaw County",5,51,887,455,432
050,45,055,"South Carolina","Kershaw County",5,52,914,459,455
050,45,055,"South Carolina","Kershaw County",5,53,901,456,445
050,45,055,"South Carolina","Kershaw County",5,54,852,409,443
050,45,055,"South Carolina","Kershaw County",5,55,903,449,454
050,45,055,"South Carolina","Kershaw County",5,56,883,441,442
050,45,055,"South Carolina","Kershaw County",5,57,872,407,465
050,45,055,"South Carolina","Kershaw County",5,58,890,407,483
050,45,055,"South Carolina","Kershaw County",5,59,1002,504,498
050,45,055,"South Carolina","Kershaw County",5,60,971,453,518
050,45,055,"South Carolina","Kershaw County",5,61,977,472,505
050,45,055,"South Carolina","Kershaw County",5,62,980,465,515
050,45,055,"South Carolina","Kershaw County",5,63,922,452,470
050,45,055,"South Carolina","Kershaw County",5,64,905,434,471
050,45,055,"South Carolina","Kershaw County",5,65,961,429,532
050,45,055,"South Carolina","Kershaw County",5,66,899,417,482
050,45,055,"South Carolina","Kershaw County",5,67,914,454,460
050,45,055,"South Carolina","Kershaw County",5,68,862,419,443
050,45,055,"South Carolina","Kershaw County",5,69,817,372,445
050,45,055,"South Carolina","Kershaw County",5,70,793,346,447
050,45,055,"South Carolina","Kershaw County",5,71,803,369,434
050,45,055,"South Carolina","Kershaw County",5,72,731,334,397
050,45,055,"South Carolina","Kershaw County",5,73,692,326,366
050,45,055,"South Carolina","Kershaw County",5,74,663,302,361
050,45,055,"South Carolina","Kershaw County",5,75,667,314,353
050,45,055,"South Carolina","Kershaw County",5,76,705,329,376
050,45,055,"South Carolina","Kershaw County",5,77,458,222,236
050,45,055,"South Carolina","Kershaw County",5,78,407,191,216
050,45,055,"South Carolina","Kershaw County",5,79,403,186,217
050,45,055,"South Carolina","Kershaw County",5,80,396,178,218
050,45,055,"South Carolina","Kershaw County",5,81,320,146,174
050,45,055,"South Carolina","Kershaw County",5,82,280,114,166
050,45,055,"South Carolina","Kershaw County",5,83,243,97,146
050,45,055,"South Carolina","Kershaw County",5,84,208,80,128
050,45,055,"South Carolina","Kershaw County",5,85,1106,388,718
050,45,057,"South Carolina","Lancaster County",1,0,953,488,465
050,45,057,"South Carolina","Lancaster County",1,1,1003,529,474
050,45,057,"South Carolina","Lancaster County",1,2,1048,549,499
050,45,057,"South Carolina","Lancaster County",1,3,1114,534,580
050,45,057,"South Carolina","Lancaster County",1,4,1224,638,586
050,45,057,"South Carolina","Lancaster County",1,5,1208,646,562
050,45,057,"South Carolina","Lancaster County",1,6,1174,619,555
050,45,057,"South Carolina","Lancaster County",1,7,1199,611,588
050,45,057,"South Carolina","Lancaster County",1,8,1205,600,605
050,45,057,"South Carolina","Lancaster County",1,9,1208,594,614
050,45,057,"South Carolina","Lancaster County",1,10,1218,597,621
050,45,057,"South Carolina","Lancaster County",1,11,1315,659,656
050,45,057,"South Carolina","Lancaster County",1,12,1291,658,633
050,45,057,"South Carolina","Lancaster County",1,13,1248,646,602
050,45,057,"South Carolina","Lancaster County",1,14,1158,587,571
050,45,057,"South Carolina","Lancaster County",1,15,1128,571,557
050,45,057,"South Carolina","Lancaster County",1,16,1121,561,560
050,45,057,"South Carolina","Lancaster County",1,17,1037,523,514
050,45,057,"South Carolina","Lancaster County",1,18,869,457,412
050,45,057,"South Carolina","Lancaster County",1,19,777,395,382
050,45,057,"South Carolina","Lancaster County",1,20,846,417,429
050,45,057,"South Carolina","Lancaster County",1,21,848,413,435
050,45,057,"South Carolina","Lancaster County",1,22,896,473,423
050,45,057,"South Carolina","Lancaster County",1,23,899,473,426
050,45,057,"South Carolina","Lancaster County",1,24,902,491,411
050,45,057,"South Carolina","Lancaster County",1,25,979,505,474
050,45,057,"South Carolina","Lancaster County",1,26,966,509,457
050,45,057,"South Carolina","Lancaster County",1,27,1020,521,499
050,45,057,"South Carolina","Lancaster County",1,28,1135,576,559
050,45,057,"South Carolina","Lancaster County",1,29,1179,575,604
050,45,057,"South Carolina","Lancaster County",1,30,1204,587,617
050,45,057,"South Carolina","Lancaster County",1,31,1209,578,631
050,45,057,"South Carolina","Lancaster County",1,32,1199,589,610
050,45,057,"South Carolina","Lancaster County",1,33,1202,596,606
050,45,057,"South Carolina","Lancaster County",1,34,1213,581,632
050,45,057,"South Carolina","Lancaster County",1,35,1237,597,640
050,45,057,"South Carolina","Lancaster County",1,36,1230,599,631
050,45,057,"South Carolina","Lancaster County",1,37,1320,657,663
050,45,057,"South Carolina","Lancaster County",1,38,1258,615,643
050,45,057,"South Carolina","Lancaster County",1,39,1341,660,681
050,45,057,"South Carolina","Lancaster County",1,40,1302,648,654
050,45,057,"South Carolina","Lancaster County",1,41,1283,669,614
050,45,057,"South Carolina","Lancaster County",1,42,1282,665,617
050,45,057,"South Carolina","Lancaster County",1,43,1168,587,581
050,45,057,"South Carolina","Lancaster County",1,44,1226,622,604
050,45,057,"South Carolina","Lancaster County",1,45,1241,631,610
050,45,057,"South Carolina","Lancaster County",1,46,1240,616,624
050,45,057,"South Carolina","Lancaster County",1,47,1286,655,631
050,45,057,"South Carolina","Lancaster County",1,48,1289,658,631
050,45,057,"South Carolina","Lancaster County",1,49,1395,728,667
050,45,057,"South Carolina","Lancaster County",1,50,1246,644,602
050,45,057,"South Carolina","Lancaster County",1,51,1200,607,593
050,45,057,"South Carolina","Lancaster County",1,52,1143,572,571
050,45,057,"South Carolina","Lancaster County",1,53,1140,565,575
050,45,057,"South Carolina","Lancaster County",1,54,1227,607,620
050,45,057,"South Carolina","Lancaster County",1,55,1224,586,638
050,45,057,"South Carolina","Lancaster County",1,56,1267,596,671
050,45,057,"South Carolina","Lancaster County",1,57,1245,581,664
050,45,057,"South Carolina","Lancaster County",1,58,1280,623,657
050,45,057,"South Carolina","Lancaster County",1,59,1263,608,655
050,45,057,"South Carolina","Lancaster County",1,60,1205,606,599
050,45,057,"South Carolina","Lancaster County",1,61,1156,539,617
050,45,057,"South Carolina","Lancaster County",1,62,1197,550,647
050,45,057,"South Carolina","Lancaster County",1,63,1224,575,649
050,45,057,"South Carolina","Lancaster County",1,64,1215,548,667
050,45,057,"South Carolina","Lancaster County",1,65,1191,541,650
050,45,057,"South Carolina","Lancaster County",1,66,1205,554,651
050,45,057,"South Carolina","Lancaster County",1,67,1207,535,672
050,45,057,"South Carolina","Lancaster County",1,68,1208,536,672
050,45,057,"South Carolina","Lancaster County",1,69,1272,575,697
050,45,057,"South Carolina","Lancaster County",1,70,1234,553,681
050,45,057,"South Carolina","Lancaster County",1,71,1270,541,729
050,45,057,"South Carolina","Lancaster County",1,72,1334,588,746
050,45,057,"South Carolina","Lancaster County",1,73,1389,631,758
050,45,057,"South Carolina","Lancaster County",1,74,967,427,540
050,45,057,"South Carolina","Lancaster County",1,75,928,436,492
050,45,057,"South Carolina","Lancaster County",1,76,951,454,497
050,45,057,"South Carolina","Lancaster County",1,77,921,433,488
050,45,057,"South Carolina","Lancaster County",1,78,736,333,403
050,45,057,"South Carolina","Lancaster County",1,79,658,313,345
050,45,057,"South Carolina","Lancaster County",1,80,587,280,307
050,45,057,"South Carolina","Lancaster County",1,81,520,245,275
050,45,057,"South Carolina","Lancaster County",1,82,484,201,283
050,45,057,"South Carolina","Lancaster County",1,83,359,158,201
050,45,057,"South Carolina","Lancaster County",1,84,328,140,188
050,45,057,"South Carolina","Lancaster County",1,85,1737,693,1044
050,45,057,"South Carolina","Lancaster County",2,0,985,500,485
050,45,057,"South Carolina","Lancaster County",2,1,1001,523,478
050,45,057,"South Carolina","Lancaster County",2,2,1045,544,501
050,45,057,"South Carolina","Lancaster County",2,3,1100,539,561
050,45,057,"South Carolina","Lancaster County",2,4,1199,614,585
050,45,057,"South Carolina","Lancaster County",2,5,1218,647,571
050,45,057,"South Carolina","Lancaster County",2,6,1194,631,563
050,45,057,"South Carolina","Lancaster County",2,7,1204,616,588
050,45,057,"South Carolina","Lancaster County",2,8,1204,601,603
050,45,057,"South Carolina","Lancaster County",2,9,1214,598,616
050,45,057,"South Carolina","Lancaster County",2,10,1225,601,624
050,45,057,"South Carolina","Lancaster County",2,11,1299,649,650
050,45,057,"South Carolina","Lancaster County",2,12,1313,669,644
050,45,057,"South Carolina","Lancaster County",2,13,1266,656,610
050,45,057,"South Carolina","Lancaster County",2,14,1184,603,581
050,45,057,"South Carolina","Lancaster County",2,15,1142,578,564
050,45,057,"South Carolina","Lancaster County",2,16,1126,567,559
050,45,057,"South Carolina","Lancaster County",2,17,1056,534,522
050,45,057,"South Carolina","Lancaster County",2,18,870,456,414
050,45,057,"South Carolina","Lancaster County",2,19,772,393,379
050,45,057,"South Carolina","Lancaster County",2,20,857,424,433
050,45,057,"South Carolina","Lancaster County",2,21,856,420,436
050,45,057,"South Carolina","Lancaster County",2,22,891,462,429
050,45,057,"South Carolina","Lancaster County",2,23,900,470,430
050,45,057,"South Carolina","Lancaster County",2,24,906,486,420
050,45,057,"South Carolina","Lancaster County",2,25,958,498,460
050,45,057,"South Carolina","Lancaster County",2,26,969,506,463
050,45,057,"South Carolina","Lancaster County",2,27,1015,517,498
050,45,057,"South Carolina","Lancaster County",2,28,1115,565,550
050,45,057,"South Carolina","Lancaster County",2,29,1173,571,602
050,45,057,"South Carolina","Lancaster County",2,30,1218,591,627
050,45,057,"South Carolina","Lancaster County",2,31,1207,572,635
050,45,057,"South Carolina","Lancaster County",2,32,1209,584,625
050,45,057,"South Carolina","Lancaster County",2,33,1216,602,614
050,45,057,"South Carolina","Lancaster County",2,34,1216,584,632
050,45,057,"South Carolina","Lancaster County",2,35,1248,601,647
050,45,057,"South Carolina","Lancaster County",2,36,1231,598,633
050,45,057,"South Carolina","Lancaster County",2,37,1303,645,658
050,45,057,"South Carolina","Lancaster County",2,38,1286,633,653
050,45,057,"South Carolina","Lancaster County",2,39,1319,648,671
050,45,057,"South Carolina","Lancaster County",2,40,1326,655,671
050,45,057,"South Carolina","Lancaster County",2,41,1300,671,629
050,45,057,"South Carolina","Lancaster County",2,42,1278,661,617
050,45,057,"South Carolina","Lancaster County",2,43,1209,608,601
050,45,057,"South Carolina","Lancaster County",2,44,1203,609,594
050,45,057,"South Carolina","Lancaster County",2,45,1248,634,614
050,45,057,"South Carolina","Lancaster County",2,46,1244,620,624
050,45,057,"South Carolina","Lancaster County",2,47,1276,642,634
050,45,057,"South Carolina","Lancaster County",2,48,1298,661,637
050,45,057,"South Carolina","Lancaster County",2,49,1383,716,667
050,45,057,"South Carolina","Lancaster County",2,50,1292,667,625
050,45,057,"South Carolina","Lancaster County",2,51,1208,611,597
050,45,057,"South Carolina","Lancaster County",2,52,1164,582,582
050,45,057,"South Carolina","Lancaster County",2,53,1142,562,580
050,45,057,"South Carolina","Lancaster County",2,54,1205,594,611
050,45,057,"South Carolina","Lancaster County",2,55,1231,594,637
050,45,057,"South Carolina","Lancaster County",2,56,1263,593,670
050,45,057,"South Carolina","Lancaster County",2,57,1259,586,673
050,45,057,"South Carolina","Lancaster County",2,58,1279,612,667
050,45,057,"South Carolina","Lancaster County",2,59,1278,617,661
050,45,057,"South Carolina","Lancaster County",2,60,1228,607,621
050,45,057,"South Carolina","Lancaster County",2,61,1175,557,618
050,45,057,"South Carolina","Lancaster County",2,62,1191,550,641
050,45,057,"South Carolina","Lancaster County",2,63,1237,577,660
050,45,057,"South Carolina","Lancaster County",2,64,1223,558,665
050,45,057,"South Carolina","Lancaster County",2,65,1208,550,658
050,45,057,"South Carolina","Lancaster County",2,66,1223,558,665
050,45,057,"South Carolina","Lancaster County",2,67,1214,541,673
050,45,057,"South Carolina","Lancaster County",2,68,1210,536,674
050,45,057,"South Carolina","Lancaster County",2,69,1272,572,700
050,45,057,"South Carolina","Lancaster County",2,70,1251,560,691
050,45,057,"South Carolina","Lancaster County",2,71,1275,551,724
050,45,057,"South Carolina","Lancaster County",2,72,1307,571,736
050,45,057,"South Carolina","Lancaster County",2,73,1454,656,798
050,45,057,"South Carolina","Lancaster County",2,74,1003,445,558
050,45,057,"South Carolina","Lancaster County",2,75,940,437,503
050,45,057,"South Carolina","Lancaster County",2,76,936,443,493
050,45,057,"South Carolina","Lancaster County",2,77,944,446,498
050,45,057,"South Carolina","Lancaster County",2,78,764,349,415
050,45,057,"South Carolina","Lancaster County",2,79,668,310,358
050,45,057,"South Carolina","Lancaster County",2,80,592,286,306
050,45,057,"South Carolina","Lancaster County",2,81,529,250,279
050,45,057,"South Carolina","Lancaster County",2,82,486,207,279
050,45,057,"South Carolina","Lancaster County",2,83,373,162,211
050,45,057,"South Carolina","Lancaster County",2,84,335,143,192
050,45,057,"South Carolina","Lancaster County",2,85,1754,705,1049
050,45,057,"South Carolina","Lancaster County",3,0,1051,547,504
050,45,057,"South Carolina","Lancaster County",3,1,1083,558,525
050,45,057,"South Carolina","Lancaster County",3,2,1087,572,515
050,45,057,"South Carolina","Lancaster County",3,3,1088,568,520
050,45,057,"South Carolina","Lancaster County",3,4,1153,580,573
050,45,057,"South Carolina","Lancaster County",3,5,1269,662,607
050,45,057,"South Carolina","Lancaster County",3,6,1256,650,606
050,45,057,"South Carolina","Lancaster County",3,7,1235,653,582
050,45,057,"South Carolina","Lancaster County",3,8,1239,626,613
050,45,057,"South Carolina","Lancaster County",3,9,1230,630,600
050,45,057,"South Carolina","Lancaster County",3,10,1256,630,626
050,45,057,"South Carolina","Lancaster County",3,11,1247,610,637
050,45,057,"South Carolina","Lancaster County",3,12,1323,655,668
050,45,057,"South Carolina","Lancaster County",3,13,1335,678,657
050,45,057,"South Carolina","Lancaster County",3,14,1263,652,611
050,45,057,"South Carolina","Lancaster County",3,15,1198,611,587
050,45,057,"South Carolina","Lancaster County",3,16,1154,593,561
050,45,057,"South Carolina","Lancaster County",3,17,1163,575,588
050,45,057,"South Carolina","Lancaster County",3,18,921,482,439
050,45,057,"South Carolina","Lancaster County",3,19,758,390,368
050,45,057,"South Carolina","Lancaster County",3,20,863,440,423
050,45,057,"South Carolina","Lancaster County",3,21,929,461,468
050,45,057,"South Carolina","Lancaster County",3,22,947,462,485
050,45,057,"South Carolina","Lancaster County",3,23,968,502,466
050,45,057,"South Carolina","Lancaster County",3,24,956,499,457
050,45,057,"South Carolina","Lancaster County",3,25,948,513,435
050,45,057,"South Carolina","Lancaster County",3,26,1038,546,492
050,45,057,"South Carolina","Lancaster County",3,27,1042,537,505
050,45,057,"South Carolina","Lancaster County",3,28,1068,535,533
050,45,057,"South Carolina","Lancaster County",3,29,1185,577,608
050,45,057,"South Carolina","Lancaster County",3,30,1284,644,640
050,45,057,"South Carolina","Lancaster County",3,31,1312,634,678
050,45,057,"South Carolina","Lancaster County",3,32,1302,628,674
050,45,057,"South Carolina","Lancaster County",3,33,1336,633,703
050,45,057,"South Carolina","Lancaster County",3,34,1314,645,669
050,45,057,"South Carolina","Lancaster County",3,35,1302,656,646
050,45,057,"South Carolina","Lancaster County",3,36,1354,654,700
050,45,057,"South Carolina","Lancaster County",3,37,1324,643,681
050,45,057,"South Carolina","Lancaster County",3,38,1388,688,700
050,45,057,"South Carolina","Lancaster County",3,39,1369,663,706
050,45,057,"South Carolina","Lancaster County",3,40,1382,689,693
050,45,057,"South Carolina","Lancaster County",3,41,1396,695,701
050,45,057,"South Carolina","Lancaster County",3,42,1347,709,638
050,45,057,"South Carolina","Lancaster County",3,43,1295,666,629
050,45,057,"South Carolina","Lancaster County",3,44,1253,644,609
050,45,057,"South Carolina","Lancaster County",3,45,1258,636,622
050,45,057,"South Carolina","Lancaster County",3,46,1286,664,622
050,45,057,"South Carolina","Lancaster County",3,47,1249,619,630
050,45,057,"South Carolina","Lancaster County",3,48,1326,674,652
050,45,057,"South Carolina","Lancaster County",3,49,1335,677,658
050,45,057,"South Carolina","Lancaster County",3,50,1446,736,710
050,45,057,"South Carolina","Lancaster County",3,51,1362,692,670
050,45,057,"South Carolina","Lancaster County",3,52,1249,623,626
050,45,057,"South Carolina","Lancaster County",3,53,1191,586,605
050,45,057,"South Carolina","Lancaster County",3,54,1170,588,582
050,45,057,"South Carolina","Lancaster County",3,55,1238,619,619
050,45,057,"South Carolina","Lancaster County",3,56,1264,611,653
050,45,057,"South Carolina","Lancaster County",3,57,1327,617,710
050,45,057,"South Carolina","Lancaster County",3,58,1299,598,701
050,45,057,"South Carolina","Lancaster County",3,59,1312,628,684
050,45,057,"South Carolina","Lancaster County",3,60,1309,625,684
050,45,057,"South Carolina","Lancaster County",3,61,1261,626,635
050,45,057,"South Carolina","Lancaster County",3,62,1205,567,638
050,45,057,"South Carolina","Lancaster County",3,63,1219,563,656
050,45,057,"South Carolina","Lancaster County",3,64,1304,593,711
050,45,057,"South Carolina","Lancaster County",3,65,1272,586,686
050,45,057,"South Carolina","Lancaster County",3,66,1227,555,672
050,45,057,"South Carolina","Lancaster County",3,67,1260,575,685
050,45,057,"South Carolina","Lancaster County",3,68,1259,564,695
050,45,057,"South Carolina","Lancaster County",3,69,1210,533,677
050,45,057,"South Carolina","Lancaster County",3,70,1293,577,716
050,45,057,"South Carolina","Lancaster County",3,71,1255,556,699
050,45,057,"South Carolina","Lancaster County",3,72,1266,545,721
050,45,057,"South Carolina","Lancaster County",3,73,1309,570,739
050,45,057,"South Carolina","Lancaster County",3,74,1465,658,807
050,45,057,"South Carolina","Lancaster County",3,75,1007,442,565
050,45,057,"South Carolina","Lancaster County",3,76,943,447,496
050,45,057,"South Carolina","Lancaster County",3,77,918,429,489
050,45,057,"South Carolina","Lancaster County",3,78,924,431,493
050,45,057,"South Carolina","Lancaster County",3,79,739,333,406
050,45,057,"South Carolina","Lancaster County",3,80,653,298,355
050,45,057,"South Carolina","Lancaster County",3,81,559,271,288
050,45,057,"South Carolina","Lancaster County",3,82,504,244,260
050,45,057,"South Carolina","Lancaster County",3,83,430,180,250
050,45,057,"South Carolina","Lancaster County",3,84,358,147,211
050,45,057,"South Carolina","Lancaster County",3,85,1857,742,1115
050,45,057,"South Carolina","Lancaster County",4,0,1129,561,568
050,45,057,"South Carolina","Lancaster County",4,1,1139,590,549
050,45,057,"South Carolina","Lancaster County",4,2,1158,594,564
050,45,057,"South Carolina","Lancaster County",4,3,1212,642,570
050,45,057,"South Carolina","Lancaster County",4,4,1184,609,575
050,45,057,"South Carolina","Lancaster County",4,5,1238,635,603
050,45,057,"South Carolina","Lancaster County",4,6,1328,693,635
050,45,057,"South Carolina","Lancaster County",4,7,1303,690,613
050,45,057,"South Carolina","Lancaster County",4,8,1283,687,596
050,45,057,"South Carolina","Lancaster County",4,9,1269,659,610
050,45,057,"South Carolina","Lancaster County",4,10,1292,658,634
050,45,057,"South Carolina","Lancaster County",4,11,1300,651,649
050,45,057,"South Carolina","Lancaster County",4,12,1292,632,660
050,45,057,"South Carolina","Lancaster County",4,13,1354,668,686
050,45,057,"South Carolina","Lancaster County",4,14,1376,716,660
050,45,057,"South Carolina","Lancaster County",4,15,1293,677,616
050,45,057,"South Carolina","Lancaster County",4,16,1197,618,579
050,45,057,"South Carolina","Lancaster County",4,17,1171,599,572
050,45,057,"South Carolina","Lancaster County",4,18,972,498,474
050,45,057,"South Carolina","Lancaster County",4,19,773,415,358
050,45,057,"South Carolina","Lancaster County",4,20,804,409,395
050,45,057,"South Carolina","Lancaster County",4,21,913,460,453
050,45,057,"South Carolina","Lancaster County",4,22,989,494,495
050,45,057,"South Carolina","Lancaster County",4,23,1040,507,533
050,45,057,"South Carolina","Lancaster County",4,24,1061,578,483
050,45,057,"South Carolina","Lancaster County",4,25,1009,521,488
050,45,057,"South Carolina","Lancaster County",4,26,1031,543,488
050,45,057,"South Carolina","Lancaster County",4,27,1093,578,515
050,45,057,"South Carolina","Lancaster County",4,28,1137,596,541
050,45,057,"South Carolina","Lancaster County",4,29,1144,559,585
050,45,057,"South Carolina","Lancaster County",4,30,1304,660,644
050,45,057,"South Carolina","Lancaster County",4,31,1366,661,705
050,45,057,"South Carolina","Lancaster County",4,32,1429,697,732
050,45,057,"South Carolina","Lancaster County",4,33,1422,697,725
050,45,057,"South Carolina","Lancaster County",4,34,1435,692,743
050,45,057,"South Carolina","Lancaster County",4,35,1447,719,728
050,45,057,"South Carolina","Lancaster County",4,36,1387,702,685
050,45,057,"South Carolina","Lancaster County",4,37,1492,725,767
050,45,057,"South Carolina","Lancaster County",4,38,1403,694,709
050,45,057,"South Carolina","Lancaster County",4,39,1457,732,725
050,45,057,"South Carolina","Lancaster County",4,40,1453,698,755
050,45,057,"South Carolina","Lancaster County",4,41,1507,753,754
050,45,057,"South Carolina","Lancaster County",4,42,1468,740,728
050,45,057,"South Carolina","Lancaster County",4,43,1385,723,662
050,45,057,"South Carolina","Lancaster County",4,44,1350,707,643
050,45,057,"South Carolina","Lancaster County",4,45,1270,643,627
050,45,057,"South Carolina","Lancaster County",4,46,1289,667,622
050,45,057,"South Carolina","Lancaster County",4,47,1324,667,657
050,45,057,"South Carolina","Lancaster County",4,48,1263,643,620
050,45,057,"South Carolina","Lancaster County",4,49,1344,680,664
050,45,057,"South Carolina","Lancaster County",4,50,1390,693,697
050,45,057,"South Carolina","Lancaster County",4,51,1495,755,740
050,45,057,"South Carolina","Lancaster County",4,52,1417,743,674
050,45,057,"South Carolina","Lancaster County",4,53,1268,619,649
050,45,057,"South Carolina","Lancaster County",4,54,1239,604,635
050,45,057,"South Carolina","Lancaster County",4,55,1219,615,604
050,45,057,"South Carolina","Lancaster County",4,56,1293,647,646
050,45,057,"South Carolina","Lancaster County",4,57,1309,634,675
050,45,057,"South Carolina","Lancaster County",4,58,1337,615,722
050,45,057,"South Carolina","Lancaster County",4,59,1326,594,732
050,45,057,"South Carolina","Lancaster County",4,60,1338,640,698
050,45,057,"South Carolina","Lancaster County",4,61,1339,635,704
050,45,057,"South Carolina","Lancaster County",4,62,1286,646,640
050,45,057,"South Carolina","Lancaster County",4,63,1264,589,675
050,45,057,"South Carolina","Lancaster County",4,64,1261,575,686
050,45,057,"South Carolina","Lancaster County",4,65,1323,599,724
050,45,057,"South Carolina","Lancaster County",4,66,1294,591,703
050,45,057,"South Carolina","Lancaster County",4,67,1256,569,687
050,45,057,"South Carolina","Lancaster County",4,68,1286,587,699
050,45,057,"South Carolina","Lancaster County",4,69,1260,566,694
050,45,057,"South Carolina","Lancaster County",4,70,1236,537,699
050,45,057,"South Carolina","Lancaster County",4,71,1297,562,735
050,45,057,"South Carolina","Lancaster County",4,72,1262,563,699
050,45,057,"South Carolina","Lancaster County",4,73,1258,539,719
050,45,057,"South Carolina","Lancaster County",4,74,1318,578,740
050,45,057,"South Carolina","Lancaster County",4,75,1461,649,812
050,45,057,"South Carolina","Lancaster County",4,76,1005,445,560
050,45,057,"South Carolina","Lancaster County",4,77,909,431,478
050,45,057,"South Carolina","Lancaster County",4,78,902,417,485
050,45,057,"South Carolina","Lancaster County",4,79,903,408,495
050,45,057,"South Carolina","Lancaster County",4,80,719,322,397
050,45,057,"South Carolina","Lancaster County",4,81,624,279,345
050,45,057,"South Carolina","Lancaster County",4,82,538,257,281
050,45,057,"South Carolina","Lancaster County",4,83,454,224,230
050,45,057,"South Carolina","Lancaster County",4,84,409,168,241
050,45,057,"South Carolina","Lancaster County",4,85,1950,767,1183
050,45,057,"South Carolina","Lancaster County",5,0,1243,616,627
050,45,057,"South Carolina","Lancaster County",5,1,1223,592,631
050,45,057,"South Carolina","Lancaster County",5,2,1194,632,562
050,45,057,"South Carolina","Lancaster County",5,3,1263,641,622
050,45,057,"South Carolina","Lancaster County",5,4,1291,664,627
050,45,057,"South Carolina","Lancaster County",5,5,1258,640,618
050,45,057,"South Carolina","Lancaster County",5,6,1303,687,616
050,45,057,"South Carolina","Lancaster County",5,7,1336,692,644
050,45,057,"South Carolina","Lancaster County",5,8,1344,716,628
050,45,057,"South Carolina","Lancaster County",5,9,1330,706,624
050,45,057,"South Carolina","Lancaster County",5,10,1292,672,620
050,45,057,"South Carolina","Lancaster County",5,11,1346,682,664
050,45,057,"South Carolina","Lancaster County",5,12,1333,681,652
050,45,057,"South Carolina","Lancaster County",5,13,1315,645,670
050,45,057,"South Carolina","Lancaster County",5,14,1354,661,693
050,45,057,"South Carolina","Lancaster County",5,15,1378,726,652
050,45,057,"South Carolina","Lancaster County",5,16,1302,680,622
050,45,057,"South Carolina","Lancaster County",5,17,1197,605,592
050,45,057,"South Carolina","Lancaster County",5,18,1007,529,478
050,45,057,"South Carolina","Lancaster County",5,19,819,419,400
050,45,057,"South Carolina","Lancaster County",5,20,853,455,398
050,45,057,"South Carolina","Lancaster County",5,21,911,451,460
050,45,057,"South Carolina","Lancaster County",5,22,1004,522,482
050,45,057,"South Carolina","Lancaster County",5,23,1044,524,520
050,45,057,"South Carolina","Lancaster County",5,24,1083,551,532
050,45,057,"South Carolina","Lancaster County",5,25,1078,590,488
050,45,057,"South Carolina","Lancaster County",5,26,1053,532,521
050,45,057,"South Carolina","Lancaster County",5,27,1087,565,522
050,45,057,"South Carolina","Lancaster County",5,28,1160,629,531
050,45,057,"South Carolina","Lancaster County",5,29,1181,575,606
050,45,057,"South Carolina","Lancaster County",5,30,1286,644,642
050,45,057,"South Carolina","Lancaster County",5,31,1399,687,712
050,45,057,"South Carolina","Lancaster County",5,32,1460,700,760
050,45,057,"South Carolina","Lancaster County",5,33,1520,740,780
050,45,057,"South Carolina","Lancaster County",5,34,1474,728,746
050,45,057,"South Carolina","Lancaster County",5,35,1531,738,793
050,45,057,"South Carolina","Lancaster County",5,36,1504,763,741
050,45,057,"South Carolina","Lancaster County",5,37,1509,766,743
050,45,057,"South Carolina","Lancaster County",5,38,1585,778,807
050,45,057,"South Carolina","Lancaster County",5,39,1487,759,728
050,45,057,"South Carolina","Lancaster County",5,40,1534,764,770
050,45,057,"South Carolina","Lancaster County",5,41,1494,733,761
050,45,057,"South Carolina","Lancaster County",5,42,1567,788,779
050,45,057,"South Carolina","Lancaster County",5,43,1530,771,759
050,45,057,"South Carolina","Lancaster County",5,44,1433,759,674
050,45,057,"South Carolina","Lancaster County",5,45,1364,721,643
050,45,057,"South Carolina","Lancaster County",5,46,1310,666,644
050,45,057,"South Carolina","Lancaster County",5,47,1329,683,646
050,45,057,"South Carolina","Lancaster County",5,48,1365,675,690
050,45,057,"South Carolina","Lancaster County",5,49,1290,642,648
050,45,057,"South Carolina","Lancaster County",5,50,1362,694,668
050,45,057,"South Carolina","Lancaster County",5,51,1424,712,712
050,45,057,"South Carolina","Lancaster County",5,52,1531,775,756
050,45,057,"South Carolina","Lancaster County",5,53,1408,728,680
050,45,057,"South Carolina","Lancaster County",5,54,1316,649,667
050,45,057,"South Carolina","Lancaster County",5,55,1274,619,655
050,45,057,"South Carolina","Lancaster County",5,56,1249,625,624
050,45,057,"South Carolina","Lancaster County",5,57,1341,668,673
050,45,057,"South Carolina","Lancaster County",5,58,1335,633,702
050,45,057,"South Carolina","Lancaster County",5,59,1347,609,738
050,45,057,"South Carolina","Lancaster County",5,60,1337,608,729
050,45,057,"South Carolina","Lancaster County",5,61,1364,638,726
050,45,057,"South Carolina","Lancaster County",5,62,1365,652,713
050,45,057,"South Carolina","Lancaster County",5,63,1325,658,667
050,45,057,"South Carolina","Lancaster County",5,64,1275,582,693
050,45,057,"South Carolina","Lancaster County",5,65,1281,577,704
050,45,057,"South Carolina","Lancaster County",5,66,1330,592,738
050,45,057,"South Carolina","Lancaster County",5,67,1307,593,714
050,45,057,"South Carolina","Lancaster County",5,68,1264,572,692
050,45,057,"South Carolina","Lancaster County",5,69,1303,599,704
050,45,057,"South Carolina","Lancaster County",5,70,1266,560,706
050,45,057,"South Carolina","Lancaster County",5,71,1256,534,722
050,45,057,"South Carolina","Lancaster County",5,72,1290,551,739
050,45,057,"South Carolina","Lancaster County",5,73,1235,555,680
050,45,057,"South Carolina","Lancaster County",5,74,1258,537,721
050,45,057,"South Carolina","Lancaster County",5,75,1290,567,723
050,45,057,"South Carolina","Lancaster County",5,76,1428,630,798
050,45,057,"South Carolina","Lancaster County",5,77,976,428,548
050,45,057,"South Carolina","Lancaster County",5,78,885,418,467
050,45,057,"South Carolina","Lancaster County",5,79,887,407,480
050,45,057,"South Carolina","Lancaster County",5,80,870,388,482
050,45,057,"South Carolina","Lancaster County",5,81,682,307,375
050,45,057,"South Carolina","Lancaster County",5,82,611,274,337
050,45,057,"South Carolina","Lancaster County",5,83,490,240,250
050,45,057,"South Carolina","Lancaster County",5,84,429,206,223
050,45,057,"South Carolina","Lancaster County",5,85,2071,805,1266
050,45,059,"South Carolina","Laurens County",1,0,773,396,377
050,45,059,"South Carolina","Laurens County",1,1,793,404,389
050,45,059,"South Carolina","Laurens County",1,2,796,437,359
050,45,059,"South Carolina","Laurens County",1,3,809,431,378
050,45,059,"South Carolina","Laurens County",1,4,826,432,394
050,45,059,"South Carolina","Laurens County",1,5,791,406,385
050,45,059,"South Carolina","Laurens County",1,6,748,378,370
050,45,059,"South Carolina","Laurens County",1,7,791,397,394
050,45,059,"South Carolina","Laurens County",1,8,827,417,410
050,45,059,"South Carolina","Laurens County",1,9,838,420,418
050,45,059,"South Carolina","Laurens County",1,10,891,452,439
050,45,059,"South Carolina","Laurens County",1,11,934,471,463
050,45,059,"South Carolina","Laurens County",1,12,938,481,457
050,45,059,"South Carolina","Laurens County",1,13,926,493,433
050,45,059,"South Carolina","Laurens County",1,14,852,424,428
050,45,059,"South Carolina","Laurens County",1,15,852,430,422
050,45,059,"South Carolina","Laurens County",1,16,812,428,384
050,45,059,"South Carolina","Laurens County",1,17,822,407,415
050,45,059,"South Carolina","Laurens County",1,18,821,419,402
050,45,059,"South Carolina","Laurens County",1,19,864,452,412
050,45,059,"South Carolina","Laurens County",1,20,873,447,426
050,45,059,"South Carolina","Laurens County",1,21,888,447,441
050,45,059,"South Carolina","Laurens County",1,22,863,412,451
050,45,059,"South Carolina","Laurens County",1,23,782,377,405
050,45,059,"South Carolina","Laurens County",1,24,785,410,375
050,45,059,"South Carolina","Laurens County",1,25,782,415,367
050,45,059,"South Carolina","Laurens County",1,26,802,407,395
050,45,059,"South Carolina","Laurens County",1,27,815,395,420
050,45,059,"South Carolina","Laurens County",1,28,864,420,444
050,45,059,"South Carolina","Laurens County",1,29,905,452,453
050,45,059,"South Carolina","Laurens County",1,30,930,447,483
050,45,059,"South Carolina","Laurens County",1,31,839,378,461
050,45,059,"South Carolina","Laurens County",1,32,778,374,404
050,45,059,"South Carolina","Laurens County",1,33,769,381,388
050,45,059,"South Carolina","Laurens County",1,34,769,371,398
050,45,059,"South Carolina","Laurens County",1,35,783,371,412
050,45,059,"South Carolina","Laurens County",1,36,766,370,396
050,45,059,"South Carolina","Laurens County",1,37,769,361,408
050,45,059,"South Carolina","Laurens County",1,38,774,376,398
050,45,059,"South Carolina","Laurens County",1,39,778,354,424
050,45,059,"South Carolina","Laurens County",1,40,746,340,406
050,45,059,"South Carolina","Laurens County",1,41,712,339,373
050,45,059,"South Carolina","Laurens County",1,42,753,376,377
050,45,059,"South Carolina","Laurens County",1,43,781,404,377
050,45,059,"South Carolina","Laurens County",1,44,769,381,388
050,45,059,"South Carolina","Laurens County",1,45,785,395,390
050,45,059,"South Carolina","Laurens County",1,46,773,384,389
050,45,059,"South Carolina","Laurens County",1,47,847,420,427
050,45,059,"South Carolina","Laurens County",1,48,874,433,441
050,45,059,"South Carolina","Laurens County",1,49,900,430,470
050,45,059,"South Carolina","Laurens County",1,50,921,441,480
050,45,059,"South Carolina","Laurens County",1,51,930,451,479
050,45,059,"South Carolina","Laurens County",1,52,844,419,425
050,45,059,"South Carolina","Laurens County",1,53,903,437,466
050,45,059,"South Carolina","Laurens County",1,54,983,473,510
050,45,059,"South Carolina","Laurens County",1,55,962,467,495
050,45,059,"South Carolina","Laurens County",1,56,943,454,489
050,45,059,"South Carolina","Laurens County",1,57,937,438,499
050,45,059,"South Carolina","Laurens County",1,58,1004,469,535
050,45,059,"South Carolina","Laurens County",1,59,1000,464,536
050,45,059,"South Carolina","Laurens County",1,60,977,469,508
050,45,059,"South Carolina","Laurens County",1,61,986,484,502
050,45,059,"South Carolina","Laurens County",1,62,968,463,505
050,45,059,"South Carolina","Laurens County",1,63,914,439,475
050,45,059,"South Carolina","Laurens County",1,64,896,440,456
050,45,059,"South Carolina","Laurens County",1,65,891,416,475
050,45,059,"South Carolina","Laurens County",1,66,910,430,480
050,45,059,"South Carolina","Laurens County",1,67,890,434,456
050,45,059,"South Carolina","Laurens County",1,68,856,410,446
050,45,059,"South Carolina","Laurens County",1,69,734,348,386
050,45,059,"South Carolina","Laurens County",1,70,705,330,375
050,45,059,"South Carolina","Laurens County",1,71,709,350,359
050,45,059,"South Carolina","Laurens County",1,72,710,351,359
050,45,059,"South Carolina","Laurens County",1,73,683,321,362
050,45,059,"South Carolina","Laurens County",1,74,489,212,277
050,45,059,"South Carolina","Laurens County",1,75,491,217,274
050,45,059,"South Carolina","Laurens County",1,76,509,230,279
050,45,059,"South Carolina","Laurens County",1,77,477,217,260
050,45,059,"South Carolina","Laurens County",1,78,406,172,234
050,45,059,"South Carolina","Laurens County",1,79,344,150,194
050,45,059,"South Carolina","Laurens County",1,80,342,150,192
050,45,059,"South Carolina","Laurens County",1,81,305,143,162
050,45,059,"South Carolina","Laurens County",1,82,261,108,153
050,45,059,"South Carolina","Laurens County",1,83,229,89,140
050,45,059,"South Carolina","Laurens County",1,84,214,79,135
050,45,059,"South Carolina","Laurens County",1,85,1256,416,840
050,45,059,"South Carolina","Laurens County",2,0,744,387,357
050,45,059,"South Carolina","Laurens County",2,1,786,401,385
050,45,059,"South Carolina","Laurens County",2,2,797,429,368
050,45,059,"South Carolina","Laurens County",2,3,809,434,375
050,45,059,"South Carolina","Laurens County",2,4,825,433,392
050,45,059,"South Carolina","Laurens County",2,5,800,413,387
050,45,059,"South Carolina","Laurens County",2,6,762,387,375
050,45,059,"South Carolina","Laurens County",2,7,784,392,392
050,45,059,"South Carolina","Laurens County",2,8,817,408,409
050,45,059,"South Carolina","Laurens County",2,9,833,417,416
050,45,059,"South Carolina","Laurens County",2,10,879,443,436
050,45,059,"South Carolina","Laurens County",2,11,923,467,456
050,45,059,"South Carolina","Laurens County",2,12,942,481,461
050,45,059,"South Carolina","Laurens County",2,13,924,487,437
050,45,059,"South Carolina","Laurens County",2,14,868,441,427
050,45,059,"South Carolina","Laurens County",2,15,854,430,424
050,45,059,"South Carolina","Laurens County",2,16,826,431,395
050,45,059,"South Carolina","Laurens County",2,17,820,413,407
050,45,059,"South Carolina","Laurens County",2,18,815,414,401
050,45,059,"South Carolina","Laurens County",2,19,862,448,414
050,45,059,"South Carolina","Laurens County",2,20,882,453,429
050,45,059,"South Carolina","Laurens County",2,21,898,450,448
050,45,059,"South Carolina","Laurens County",2,22,860,412,448
050,45,059,"South Carolina","Laurens County",2,23,794,385,409
050,45,059,"South Carolina","Laurens County",2,24,786,405,381
050,45,059,"South Carolina","Laurens County",2,25,781,412,369
050,45,059,"South Carolina","Laurens County",2,26,793,406,387
050,45,059,"South Carolina","Laurens County",2,27,806,393,413
050,45,059,"South Carolina","Laurens County",2,28,851,415,436
050,45,059,"South Carolina","Laurens County",2,29,905,448,457
050,45,059,"South Carolina","Laurens County",2,30,933,451,482
050,45,059,"South Carolina","Laurens County",2,31,857,392,465
050,45,059,"South Carolina","Laurens County",2,32,789,374,415
050,45,059,"South Carolina","Laurens County",2,33,769,379,390
050,45,059,"South Carolina","Laurens County",2,34,773,374,399
050,45,059,"South Carolina","Laurens County",2,35,786,374,412
050,45,059,"South Carolina","Laurens County",2,36,758,362,396
050,45,059,"South Carolina","Laurens County",2,37,769,366,403
050,45,059,"South Carolina","Laurens County",2,38,776,372,404
050,45,059,"South Carolina","Laurens County",2,39,773,356,417
050,45,059,"South Carolina","Laurens County",2,40,762,346,416
050,45,059,"South Carolina","Laurens County",2,41,724,342,382
050,45,059,"South Carolina","Laurens County",2,42,741,368,373
050,45,059,"South Carolina","Laurens County",2,43,778,399,379
050,45,059,"South Carolina","Laurens County",2,44,764,383,381
050,45,059,"South Carolina","Laurens County",2,45,788,394,394
050,45,059,"South Carolina","Laurens County",2,46,774,387,387
050,45,059,"South Carolina","Laurens County",2,47,825,409,416
050,45,059,"South Carolina","Laurens County",2,48,870,431,439
050,45,059,"South Carolina","Laurens County",2,49,900,436,464
050,45,059,"South Carolina","Laurens County",2,50,925,442,483
050,45,059,"South Carolina","Laurens County",2,51,926,450,476
050,45,059,"South Carolina","Laurens County",2,52,866,427,439
050,45,059,"South Carolina","Laurens County",2,53,888,429,459
050,45,059,"South Carolina","Laurens County",2,54,966,465,501
050,45,059,"South Carolina","Laurens County",2,55,965,466,499
050,45,059,"South Carolina","Laurens County",2,56,959,462,497
050,45,059,"South Carolina","Laurens County",2,57,944,444,500
050,45,059,"South Carolina","Laurens County",2,58,990,462,528
050,45,059,"South Carolina","Laurens County",2,59,1009,467,542
050,45,059,"South Carolina","Laurens County",2,60,987,471,516
050,45,059,"South Carolina","Laurens County",2,61,983,478,505
050,45,059,"South Carolina","Laurens County",2,62,969,466,503
050,45,059,"South Carolina","Laurens County",2,63,937,452,485
050,45,059,"South Carolina","Laurens County",2,64,897,437,460
050,45,059,"South Carolina","Laurens County",2,65,892,422,470
050,45,059,"South Carolina","Laurens County",2,66,909,430,479
050,45,059,"South Carolina","Laurens County",2,67,889,430,459
050,45,059,"South Carolina","Laurens County",2,68,851,408,443
050,45,059,"South Carolina","Laurens County",2,69,771,366,405
050,45,059,"South Carolina","Laurens County",2,70,711,331,380
050,45,059,"South Carolina","Laurens County",2,71,701,341,360
050,45,059,"South Carolina","Laurens County",2,72,696,344,352
050,45,059,"South Carolina","Laurens County",2,73,709,338,371
050,45,059,"South Carolina","Laurens County",2,74,502,222,280
050,45,059,"South Carolina","Laurens County",2,75,488,216,272
050,45,059,"South Carolina","Laurens County",2,76,493,221,272
050,45,059,"South Carolina","Laurens County",2,77,492,224,268
050,45,059,"South Carolina","Laurens County",2,78,410,176,234
050,45,059,"South Carolina","Laurens County",2,79,353,151,202
050,45,059,"South Carolina","Laurens County",2,80,341,150,191
050,45,059,"South Carolina","Laurens County",2,81,305,137,168
050,45,059,"South Carolina","Laurens County",2,82,272,118,154
050,45,059,"South Carolina","Laurens County",2,83,230,91,139
050,45,059,"South Carolina","Laurens County",2,84,214,81,133
050,45,059,"South Carolina","Laurens County",2,85,1259,419,840
050,45,059,"South Carolina","Laurens County",3,0,722,364,358
050,45,059,"South Carolina","Laurens County",3,1,772,412,360
050,45,059,"South Carolina","Laurens County",3,2,794,402,392
050,45,059,"South Carolina","Laurens County",3,3,832,451,381
050,45,059,"South Carolina","Laurens County",3,4,815,453,362
050,45,059,"South Carolina","Laurens County",3,5,812,434,378
050,45,059,"South Carolina","Laurens County",3,6,809,415,394
050,45,059,"South Carolina","Laurens County",3,7,756,379,377
050,45,059,"South Carolina","Laurens County",3,8,763,378,385
050,45,059,"South Carolina","Laurens County",3,9,813,405,408
050,45,059,"South Carolina","Laurens County",3,10,846,437,409
050,45,059,"South Carolina","Laurens County",3,11,909,452,457
050,45,059,"South Carolina","Laurens County",3,12,931,479,452
050,45,059,"South Carolina","Laurens County",3,13,941,484,457
050,45,059,"South Carolina","Laurens County",3,14,922,490,432
050,45,059,"South Carolina","Laurens County",3,15,877,451,426
050,45,059,"South Carolina","Laurens County",3,16,843,431,412
050,45,059,"South Carolina","Laurens County",3,17,821,420,401
050,45,059,"South Carolina","Laurens County",3,18,827,409,418
050,45,059,"South Carolina","Laurens County",3,19,844,429,415
050,45,059,"South Carolina","Laurens County",3,20,874,447,427
050,45,059,"South Carolina","Laurens County",3,21,897,457,440
050,45,059,"South Carolina","Laurens County",3,22,844,428,416
050,45,059,"South Carolina","Laurens County",3,23,793,390,403
050,45,059,"South Carolina","Laurens County",3,24,800,391,409
050,45,059,"South Carolina","Laurens County",3,25,795,421,374
050,45,059,"South Carolina","Laurens County",3,26,834,428,406
050,45,059,"South Carolina","Laurens County",3,27,799,407,392
050,45,059,"South Carolina","Laurens County",3,28,825,396,429
050,45,059,"South Carolina","Laurens County",3,29,860,412,448
050,45,059,"South Carolina","Laurens County",3,30,877,443,434
050,45,059,"South Carolina","Laurens County",3,31,938,448,490
050,45,059,"South Carolina","Laurens County",3,32,867,403,464
050,45,059,"South Carolina","Laurens County",3,33,798,371,427
050,45,059,"South Carolina","Laurens County",3,34,772,389,383
050,45,059,"South Carolina","Laurens County",3,35,782,383,399
050,45,059,"South Carolina","Laurens County",3,36,784,374,410
050,45,059,"South Carolina","Laurens County",3,37,772,368,404
050,45,059,"South Carolina","Laurens County",3,38,768,373,395
050,45,059,"South Carolina","Laurens County",3,39,781,371,410
050,45,059,"South Carolina","Laurens County",3,40,771,353,418
050,45,059,"South Carolina","Laurens County",3,41,767,368,399
050,45,059,"South Carolina","Laurens County",3,42,719,341,378
050,45,059,"South Carolina","Laurens County",3,43,736,363,373
050,45,059,"South Carolina","Laurens County",3,44,789,402,387
050,45,059,"South Carolina","Laurens County",3,45,751,373,378
050,45,059,"South Carolina","Laurens County",3,46,814,414,400
050,45,059,"South Carolina","Laurens County",3,47,765,378,387
050,45,059,"South Carolina","Laurens County",3,48,815,401,414
050,45,059,"South Carolina","Laurens County",3,49,869,439,430
050,45,059,"South Carolina","Laurens County",3,50,934,446,488
050,45,059,"South Carolina","Laurens County",3,51,931,439,492
050,45,059,"South Carolina","Laurens County",3,52,942,450,492
050,45,059,"South Carolina","Laurens County",3,53,869,425,444
050,45,059,"South Carolina","Laurens County",3,54,909,439,470
050,45,059,"South Carolina","Laurens County",3,55,974,477,497
050,45,059,"South Carolina","Laurens County",3,56,960,467,493
050,45,059,"South Carolina","Laurens County",3,57,963,454,509
050,45,059,"South Carolina","Laurens County",3,58,953,455,498
050,45,059,"South Carolina","Laurens County",3,59,1007,460,547
050,45,059,"South Carolina","Laurens County",3,60,1005,461,544
050,45,059,"South Carolina","Laurens County",3,61,978,474,504
050,45,059,"South Carolina","Laurens County",3,62,992,482,510
050,45,059,"South Carolina","Laurens County",3,63,963,463,500
050,45,059,"South Carolina","Laurens County",3,64,934,455,479
050,45,059,"South Carolina","Laurens County",3,65,888,427,461
050,45,059,"South Carolina","Laurens County",3,66,869,413,456
050,45,059,"South Carolina","Laurens County",3,67,893,421,472
050,45,059,"South Carolina","Laurens County",3,68,854,415,439
050,45,059,"South Carolina","Laurens County",3,69,818,391,427
050,45,059,"South Carolina","Laurens County",3,70,741,344,397
050,45,059,"South Carolina","Laurens County",3,71,670,308,362
050,45,059,"South Carolina","Laurens County",3,72,668,317,351
050,45,059,"South Carolina","Laurens County",3,73,651,320,331
050,45,059,"South Carolina","Laurens County",3,74,691,324,367
050,45,059,"South Carolina","Laurens County",3,75,477,210,267
050,45,059,"South Carolina","Laurens County",3,76,467,200,267
050,45,059,"South Carolina","Laurens County",3,77,463,201,262
050,45,059,"South Carolina","Laurens County",3,78,471,211,260
050,45,059,"South Carolina","Laurens County",3,79,370,155,215
050,45,059,"South Carolina","Laurens County",3,80,342,147,195
050,45,059,"South Carolina","Laurens County",3,81,314,131,183
050,45,059,"South Carolina","Laurens County",3,82,281,128,153
050,45,059,"South Carolina","Laurens County",3,83,240,98,142
050,45,059,"South Carolina","Laurens County",3,84,204,82,122
050,45,059,"South Carolina","Laurens County",3,85,1244,421,823
050,45,059,"South Carolina","Laurens County",4,0,720,368,352
050,45,059,"South Carolina","Laurens County",4,1,700,357,343
050,45,059,"South Carolina","Laurens County",4,2,784,400,384
050,45,059,"South Carolina","Laurens County",4,3,804,404,400
050,45,059,"South Carolina","Laurens County",4,4,851,450,401
050,45,059,"South Carolina","Laurens County",4,5,818,442,376
050,45,059,"South Carolina","Laurens County",4,6,831,446,385
050,45,059,"South Carolina","Laurens County",4,7,818,416,402
050,45,059,"South Carolina","Laurens County",4,8,767,392,375
050,45,059,"South Carolina","Laurens County",4,9,761,378,383
050,45,059,"South Carolina","Laurens County",4,10,826,407,419
050,45,059,"South Carolina","Laurens County",4,11,866,443,423
050,45,059,"South Carolina","Laurens County",4,12,899,449,450
050,45,059,"South Carolina","Laurens County",4,13,910,457,453
050,45,059,"South Carolina","Laurens County",4,14,921,465,456
050,45,059,"South Carolina","Laurens County",4,15,936,492,444
050,45,059,"South Carolina","Laurens County",4,16,855,438,417
050,45,059,"South Carolina","Laurens County",4,17,842,430,412
050,45,059,"South Carolina","Laurens County",4,18,808,409,399
050,45,059,"South Carolina","Laurens County",4,19,825,418,407
050,45,059,"South Carolina","Laurens County",4,20,832,430,402
050,45,059,"South Carolina","Laurens County",4,21,901,461,440
050,45,059,"South Carolina","Laurens County",4,22,856,415,441
050,45,059,"South Carolina","Laurens County",4,23,799,394,405
050,45,059,"South Carolina","Laurens County",4,24,815,410,405
050,45,059,"South Carolina","Laurens County",4,25,831,393,438
050,45,059,"South Carolina","Laurens County",4,26,823,439,384
050,45,059,"South Carolina","Laurens County",4,27,806,415,391
050,45,059,"South Carolina","Laurens County",4,28,817,420,397
050,45,059,"South Carolina","Laurens County",4,29,846,412,434
050,45,059,"South Carolina","Laurens County",4,30,843,401,442
050,45,059,"South Carolina","Laurens County",4,31,915,453,462
050,45,059,"South Carolina","Laurens County",4,32,933,454,479
050,45,059,"South Carolina","Laurens County",4,33,857,407,450
050,45,059,"South Carolina","Laurens County",4,34,788,377,411
050,45,059,"South Carolina","Laurens County",4,35,781,391,390
050,45,059,"South Carolina","Laurens County",4,36,780,382,398
050,45,059,"South Carolina","Laurens County",4,37,783,373,410
050,45,059,"South Carolina","Laurens County",4,38,786,366,420
050,45,059,"South Carolina","Laurens County",4,39,784,374,410
050,45,059,"South Carolina","Laurens County",4,40,762,368,394
050,45,059,"South Carolina","Laurens County",4,41,767,360,407
050,45,059,"South Carolina","Laurens County",4,42,771,363,408
050,45,059,"South Carolina","Laurens County",4,43,723,341,382
050,45,059,"South Carolina","Laurens County",4,44,744,362,382
050,45,059,"South Carolina","Laurens County",4,45,780,388,392
050,45,059,"South Carolina","Laurens County",4,46,749,371,378
050,45,059,"South Carolina","Laurens County",4,47,800,409,391
050,45,059,"South Carolina","Laurens County",4,48,767,375,392
050,45,059,"South Carolina","Laurens County",4,49,817,399,418
050,45,059,"South Carolina","Laurens County",4,50,891,449,442
050,45,059,"South Carolina","Laurens County",4,51,914,442,472
050,45,059,"South Carolina","Laurens County",4,52,949,444,505
050,45,059,"South Carolina","Laurens County",4,53,952,452,500
050,45,059,"South Carolina","Laurens County",4,54,889,431,458
050,45,059,"South Carolina","Laurens County",4,55,913,438,475
050,45,059,"South Carolina","Laurens County",4,56,967,469,498
050,45,059,"South Carolina","Laurens County",4,57,964,464,500
050,45,059,"South Carolina","Laurens County",4,58,980,463,517
050,45,059,"South Carolina","Laurens County",4,59,954,452,502
050,45,059,"South Carolina","Laurens County",4,60,993,456,537
050,45,059,"South Carolina","Laurens County",4,61,988,459,529
050,45,059,"South Carolina","Laurens County",4,62,978,464,514
050,45,059,"South Carolina","Laurens County",4,63,985,476,509
050,45,059,"South Carolina","Laurens County",4,64,941,450,491
050,45,059,"South Carolina","Laurens County",4,65,921,449,472
050,45,059,"South Carolina","Laurens County",4,66,882,417,465
050,45,059,"South Carolina","Laurens County",4,67,882,415,467
050,45,059,"South Carolina","Laurens County",4,68,869,410,459
050,45,059,"South Carolina","Laurens County",4,69,837,415,422
050,45,059,"South Carolina","Laurens County",4,70,786,368,418
050,45,059,"South Carolina","Laurens County",4,71,719,330,389
050,45,059,"South Carolina","Laurens County",4,72,644,287,357
050,45,059,"South Carolina","Laurens County",4,73,631,296,335
050,45,059,"South Carolina","Laurens County",4,74,632,308,324
050,45,059,"South Carolina","Laurens County",4,75,640,299,341
050,45,059,"South Carolina","Laurens County",4,76,454,194,260
050,45,059,"South Carolina","Laurens County",4,77,449,189,260
050,45,059,"South Carolina","Laurens County",4,78,451,197,254
050,45,059,"South Carolina","Laurens County",4,79,442,196,246
050,45,059,"South Carolina","Laurens County",4,80,364,156,208
050,45,059,"South Carolina","Laurens County",4,81,316,126,190
050,45,059,"South Carolina","Laurens County",4,82,288,119,169
050,45,059,"South Carolina","Laurens County",4,83,249,107,142
050,45,059,"South Carolina","Laurens County",4,84,223,89,134
050,45,059,"South Carolina","Laurens County",4,85,1216,419,797
050,45,059,"South Carolina","Laurens County",5,0,710,365,345
050,45,059,"South Carolina","Laurens County",5,1,760,400,360
050,45,059,"South Carolina","Laurens County",5,2,736,371,365
050,45,059,"South Carolina","Laurens County",5,3,828,426,402
050,45,059,"South Carolina","Laurens County",5,4,808,408,400
050,45,059,"South Carolina","Laurens County",5,5,856,452,404
050,45,059,"South Carolina","Laurens County",5,6,826,434,392
050,45,059,"South Carolina","Laurens County",5,7,813,434,379
050,45,059,"South Carolina","Laurens County",5,8,827,421,406
050,45,059,"South Carolina","Laurens County",5,9,758,390,368
050,45,059,"South Carolina","Laurens County",5,10,774,389,385
050,45,059,"South Carolina","Laurens County",5,11,836,421,415
050,45,059,"South Carolina","Laurens County",5,12,876,448,428
050,45,059,"South Carolina","Laurens County",5,13,901,448,453
050,45,059,"South Carolina","Laurens County",5,14,896,449,447
050,45,059,"South Carolina","Laurens County",5,15,932,482,450
050,45,059,"South Carolina","Laurens County",5,16,976,517,459
050,45,059,"South Carolina","Laurens County",5,17,866,438,428
050,45,059,"South Carolina","Laurens County",5,18,832,437,395
050,45,059,"South Carolina","Laurens County",5,19,845,438,407
050,45,059,"South Carolina","Laurens County",5,20,843,429,414
050,45,059,"South Carolina","Laurens County",5,21,856,441,415
050,45,059,"South Carolina","Laurens County",5,22,851,414,437
050,45,059,"South Carolina","Laurens County",5,23,843,416,427
050,45,059,"South Carolina","Laurens County",5,24,806,387,419
050,45,059,"South Carolina","Laurens County",5,25,864,419,445
050,45,059,"South Carolina","Laurens County",5,26,884,418,466
050,45,059,"South Carolina","Laurens County",5,27,834,436,398
050,45,059,"South Carolina","Laurens County",5,28,828,431,397
050,45,059,"South Carolina","Laurens County",5,29,869,449,420
050,45,059,"South Carolina","Laurens County",5,30,854,422,432
050,45,059,"South Carolina","Laurens County",5,31,896,424,472
050,45,059,"South Carolina","Laurens County",5,32,942,475,467
050,45,059,"South Carolina","Laurens County",5,33,921,440,481
050,45,059,"South Carolina","Laurens County",5,34,892,428,464
050,45,059,"South Carolina","Laurens County",5,35,810,396,414
050,45,059,"South Carolina","Laurens County",5,36,793,400,393
050,45,059,"South Carolina","Laurens County",5,37,797,385,412
050,45,059,"South Carolina","Laurens County",5,38,778,363,415
050,45,059,"South Carolina","Laurens County",5,39,803,376,427
050,45,059,"South Carolina","Laurens County",5,40,815,392,423
050,45,059,"South Carolina","Laurens County",5,41,755,369,386
050,45,059,"South Carolina","Laurens County",5,42,762,350,412
050,45,059,"South Carolina","Laurens County",5,43,792,377,415
050,45,059,"South Carolina","Laurens County",5,44,731,346,385
050,45,059,"South Carolina","Laurens County",5,45,750,367,383
050,45,059,"South Carolina","Laurens County",5,46,805,406,399
050,45,059,"South Carolina","Laurens County",5,47,761,376,385
050,45,059,"South Carolina","Laurens County",5,48,824,422,402
050,45,059,"South Carolina","Laurens County",5,49,781,379,402
050,45,059,"South Carolina","Laurens County",5,50,844,413,431
050,45,059,"South Carolina","Laurens County",5,51,892,451,441
050,45,059,"South Carolina","Laurens County",5,52,942,457,485
050,45,059,"South Carolina","Laurens County",5,53,965,456,509
050,45,059,"South Carolina","Laurens County",5,54,966,459,507
050,45,059,"South Carolina","Laurens County",5,55,889,432,457
050,45,059,"South Carolina","Laurens County",5,56,932,444,488
050,45,059,"South Carolina","Laurens County",5,57,966,461,505
050,45,059,"South Carolina","Laurens County",5,58,969,468,501
050,45,059,"South Carolina","Laurens County",5,59,985,470,515
050,45,059,"South Carolina","Laurens County",5,60,966,459,507
050,45,059,"South Carolina","Laurens County",5,61,1001,454,547
050,45,059,"South Carolina","Laurens County",5,62,994,452,542
050,45,059,"South Carolina","Laurens County",5,63,985,473,512
050,45,059,"South Carolina","Laurens County",5,64,972,471,501
050,45,059,"South Carolina","Laurens County",5,65,942,448,494
050,45,059,"South Carolina","Laurens County",5,66,908,438,470
050,45,059,"South Carolina","Laurens County",5,67,876,418,458
050,45,059,"South Carolina","Laurens County",5,68,867,405,462
050,45,059,"South Carolina","Laurens County",5,69,835,400,435
050,45,059,"South Carolina","Laurens County",5,70,802,394,408
050,45,059,"South Carolina","Laurens County",5,71,760,355,405
050,45,059,"South Carolina","Laurens County",5,72,697,317,380
050,45,059,"South Carolina","Laurens County",5,73,633,279,354
050,45,059,"South Carolina","Laurens County",5,74,619,294,325
050,45,059,"South Carolina","Laurens County",5,75,587,276,311
050,45,059,"South Carolina","Laurens County",5,76,620,286,334
050,45,059,"South Carolina","Laurens County",5,77,436,182,254
050,45,059,"South Carolina","Laurens County",5,78,433,180,253
050,45,059,"South Carolina","Laurens County",5,79,415,179,236
050,45,059,"South Carolina","Laurens County",5,80,437,198,239
050,45,059,"South Carolina","Laurens County",5,81,339,140,199
050,45,059,"South Carolina","Laurens County",5,82,298,116,182
050,45,059,"South Carolina","Laurens County",5,83,260,101,159
050,45,059,"South Carolina","Laurens County",5,84,224,94,130
050,45,059,"South Carolina","Laurens County",5,85,1221,429,792
050,45,061,"South Carolina","Lee County",1,0,163,83,80
050,45,061,"South Carolina","Lee County",1,1,143,69,74
050,45,061,"South Carolina","Lee County",1,2,163,75,88
050,45,061,"South Carolina","Lee County",1,3,169,82,87
050,45,061,"South Carolina","Lee County",1,4,163,83,80
050,45,061,"South Carolina","Lee County",1,5,161,81,80
050,45,061,"South Carolina","Lee County",1,6,168,91,77
050,45,061,"South Carolina","Lee County",1,7,164,86,78
050,45,061,"South Carolina","Lee County",1,8,174,87,87
050,45,061,"South Carolina","Lee County",1,9,172,86,86
050,45,061,"South Carolina","Lee County",1,10,187,97,90
050,45,061,"South Carolina","Lee County",1,11,197,106,91
050,45,061,"South Carolina","Lee County",1,12,197,103,94
050,45,061,"South Carolina","Lee County",1,13,206,107,99
050,45,061,"South Carolina","Lee County",1,14,193,98,95
050,45,061,"South Carolina","Lee County",1,15,218,117,101
050,45,061,"South Carolina","Lee County",1,16,202,104,98
050,45,061,"South Carolina","Lee County",1,17,201,91,110
050,45,061,"South Carolina","Lee County",1,18,196,111,85
050,45,061,"South Carolina","Lee County",1,19,196,111,85
050,45,061,"South Carolina","Lee County",1,20,240,152,88
050,45,061,"South Carolina","Lee County",1,21,231,133,98
050,45,061,"South Carolina","Lee County",1,22,209,119,90
050,45,061,"South Carolina","Lee County",1,23,199,110,89
050,45,061,"South Carolina","Lee County",1,24,209,120,89
050,45,061,"South Carolina","Lee County",1,25,230,136,94
050,45,061,"South Carolina","Lee County",1,26,223,134,89
050,45,061,"South Carolina","Lee County",1,27,248,161,87
050,45,061,"South Carolina","Lee County",1,28,267,165,102
050,45,061,"South Carolina","Lee County",1,29,236,128,108
050,45,061,"South Carolina","Lee County",1,30,224,133,91
050,45,061,"South Carolina","Lee County",1,31,215,125,90
050,45,061,"South Carolina","Lee County",1,32,197,122,75
050,45,061,"South Carolina","Lee County",1,33,197,102,95
050,45,061,"South Carolina","Lee County",1,34,172,105,67
050,45,061,"South Carolina","Lee County",1,35,174,99,75
050,45,061,"South Carolina","Lee County",1,36,195,99,96
050,45,061,"South Carolina","Lee County",1,37,209,117,92
050,45,061,"South Carolina","Lee County",1,38,193,111,82
050,45,061,"South Carolina","Lee County",1,39,192,95,97
050,45,061,"South Carolina","Lee County",1,40,209,112,97
050,45,061,"South Carolina","Lee County",1,41,194,105,89
050,45,061,"South Carolina","Lee County",1,42,189,99,90
050,45,061,"South Carolina","Lee County",1,43,187,97,90
050,45,061,"South Carolina","Lee County",1,44,179,93,86
050,45,061,"South Carolina","Lee County",1,45,175,93,82
050,45,061,"South Carolina","Lee County",1,46,186,107,79
050,45,061,"South Carolina","Lee County",1,47,193,101,92
050,45,061,"South Carolina","Lee County",1,48,203,98,105
050,45,061,"South Carolina","Lee County",1,49,200,83,117
050,45,061,"South Carolina","Lee County",1,50,184,85,99
050,45,061,"South Carolina","Lee County",1,51,186,99,87
050,45,061,"South Carolina","Lee County",1,52,181,86,95
050,45,061,"South Carolina","Lee County",1,53,215,102,113
050,45,061,"South Carolina","Lee County",1,54,253,126,127
050,45,061,"South Carolina","Lee County",1,55,223,103,120
050,45,061,"South Carolina","Lee County",1,56,230,111,119
050,45,061,"South Carolina","Lee County",1,57,252,128,124
050,45,061,"South Carolina","Lee County",1,58,242,116,126
050,45,061,"South Carolina","Lee County",1,59,231,93,138
050,45,061,"South Carolina","Lee County",1,60,250,111,139
050,45,061,"South Carolina","Lee County",1,61,249,108,141
050,45,061,"South Carolina","Lee County",1,62,265,121,144
050,45,061,"South Carolina","Lee County",1,63,242,109,133
050,45,061,"South Carolina","Lee County",1,64,234,111,123
050,45,061,"South Carolina","Lee County",1,65,242,117,125
050,45,061,"South Carolina","Lee County",1,66,228,96,132
050,45,061,"South Carolina","Lee County",1,67,227,112,115
050,45,061,"South Carolina","Lee County",1,68,242,120,122
050,45,061,"South Carolina","Lee County",1,69,216,107,109
050,45,061,"South Carolina","Lee County",1,70,203,93,110
050,45,061,"South Carolina","Lee County",1,71,179,69,110
050,45,061,"South Carolina","Lee County",1,72,196,90,106
050,45,061,"South Carolina","Lee County",1,73,193,85,108
050,45,061,"South Carolina","Lee County",1,74,119,54,65
050,45,061,"South Carolina","Lee County",1,75,135,59,76
050,45,061,"South Carolina","Lee County",1,76,136,57,79
050,45,061,"South Carolina","Lee County",1,77,112,47,65
050,45,061,"South Carolina","Lee County",1,78,97,34,63
050,45,061,"South Carolina","Lee County",1,79,100,35,65
050,45,061,"South Carolina","Lee County",1,80,86,30,56
050,45,061,"South Carolina","Lee County",1,81,71,29,42
050,45,061,"South Carolina","Lee County",1,82,57,20,37
050,45,061,"South Carolina","Lee County",1,83,56,19,37
050,45,061,"South Carolina","Lee County",1,84,60,18,42
050,45,061,"South Carolina","Lee County",1,85,331,111,220
050,45,061,"South Carolina","Lee County",2,0,153,80,73
050,45,061,"South Carolina","Lee County",2,1,145,70,75
050,45,061,"South Carolina","Lee County",2,2,157,73,84
050,45,061,"South Carolina","Lee County",2,3,164,80,84
050,45,061,"South Carolina","Lee County",2,4,166,82,84
050,45,061,"South Carolina","Lee County",2,5,164,83,81
050,45,061,"South Carolina","Lee County",2,6,168,90,78
050,45,061,"South Carolina","Lee County",2,7,165,87,78
050,45,061,"South Carolina","Lee County",2,8,172,86,86
050,45,061,"South Carolina","Lee County",2,9,171,84,87
050,45,061,"South Carolina","Lee County",2,10,184,97,87
050,45,061,"South Carolina","Lee County",2,11,191,102,89
050,45,061,"South Carolina","Lee County",2,12,195,103,92
050,45,061,"South Carolina","Lee County",2,13,199,104,95
050,45,061,"South Carolina","Lee County",2,14,195,99,96
050,45,061,"South Carolina","Lee County",2,15,212,113,99
050,45,061,"South Carolina","Lee County",2,16,207,107,100
050,45,061,"South Carolina","Lee County",2,17,200,95,105
050,45,061,"South Carolina","Lee County",2,18,194,106,88
050,45,061,"South Carolina","Lee County",2,19,194,113,81
050,45,061,"South Carolina","Lee County",2,20,249,160,89
050,45,061,"South Carolina","Lee County",2,21,238,141,97
050,45,061,"South Carolina","Lee County",2,22,214,122,92
050,45,061,"South Carolina","Lee County",2,23,202,114,88
050,45,061,"South Carolina","Lee County",2,24,208,120,88
050,45,061,"South Carolina","Lee County",2,25,225,134,91
050,45,061,"South Carolina","Lee County",2,26,230,140,90
050,45,061,"South Carolina","Lee County",2,27,246,159,87
050,45,061,"South Carolina","Lee County",2,28,270,170,100
050,45,061,"South Carolina","Lee County",2,29,244,138,106
050,45,061,"South Carolina","Lee County",2,30,230,135,95
050,45,061,"South Carolina","Lee County",2,31,219,132,87
050,45,061,"South Carolina","Lee County",2,32,202,124,78
050,45,061,"South Carolina","Lee County",2,33,197,108,89
050,45,061,"South Carolina","Lee County",2,34,180,107,73
050,45,061,"South Carolina","Lee County",2,35,173,99,74
050,45,061,"South Carolina","Lee County",2,36,193,102,91
050,45,061,"South Carolina","Lee County",2,37,206,113,93
050,45,061,"South Carolina","Lee County",2,38,198,114,84
050,45,061,"South Carolina","Lee County",2,39,192,99,93
050,45,061,"South Carolina","Lee County",2,40,207,111,96
050,45,061,"South Carolina","Lee County",2,41,197,108,89
050,45,061,"South Carolina","Lee County",2,42,192,101,91
050,45,061,"South Carolina","Lee County",2,43,192,102,90
050,45,061,"South Carolina","Lee County",2,44,179,93,86
050,45,061,"South Carolina","Lee County",2,45,183,99,84
050,45,061,"South Carolina","Lee County",2,46,181,103,78
050,45,061,"South Carolina","Lee County",2,47,192,103,89
050,45,061,"South Carolina","Lee County",2,48,205,101,104
050,45,061,"South Carolina","Lee County",2,49,201,87,114
050,45,061,"South Carolina","Lee County",2,50,190,85,105
050,45,061,"South Carolina","Lee County",2,51,186,98,88
050,45,061,"South Carolina","Lee County",2,52,183,90,93
050,45,061,"South Carolina","Lee County",2,53,212,103,109
050,45,061,"South Carolina","Lee County",2,54,243,121,122
050,45,061,"South Carolina","Lee County",2,55,226,105,121
050,45,061,"South Carolina","Lee County",2,56,229,110,119
050,45,061,"South Carolina","Lee County",2,57,252,128,124
050,45,061,"South Carolina","Lee County",2,58,239,115,124
050,45,061,"South Carolina","Lee County",2,59,231,96,135
050,45,061,"South Carolina","Lee County",2,60,243,105,138
050,45,061,"South Carolina","Lee County",2,61,250,109,141
050,45,061,"South Carolina","Lee County",2,62,258,118,140
050,45,061,"South Carolina","Lee County",2,63,248,110,138
050,45,061,"South Carolina","Lee County",2,64,232,109,123
050,45,061,"South Carolina","Lee County",2,65,237,115,122
050,45,061,"South Carolina","Lee County",2,66,231,101,130
050,45,061,"South Carolina","Lee County",2,67,226,107,119
050,45,061,"South Carolina","Lee County",2,68,236,117,119
050,45,061,"South Carolina","Lee County",2,69,222,110,112
050,45,061,"South Carolina","Lee County",2,70,204,94,110
050,45,061,"South Carolina","Lee County",2,71,180,71,109
050,45,061,"South Carolina","Lee County",2,72,187,85,102
050,45,061,"South Carolina","Lee County",2,73,194,84,110
050,45,061,"South Carolina","Lee County",2,74,127,58,69
050,45,061,"South Carolina","Lee County",2,75,132,58,74
050,45,061,"South Carolina","Lee County",2,76,128,52,76
050,45,061,"South Carolina","Lee County",2,77,118,48,70
050,45,061,"South Carolina","Lee County",2,78,98,36,62
050,45,061,"South Carolina","Lee County",2,79,99,35,64
050,45,061,"South Carolina","Lee County",2,80,87,30,57
050,45,061,"South Carolina","Lee County",2,81,72,29,43
050,45,061,"South Carolina","Lee County",2,82,59,22,37
050,45,061,"South Carolina","Lee County",2,83,56,19,37
050,45,061,"South Carolina","Lee County",2,84,57,17,40
050,45,061,"South Carolina","Lee County",2,85,326,108,218
050,45,061,"South Carolina","Lee County",3,0,152,73,79
050,45,061,"South Carolina","Lee County",3,1,152,83,69
050,45,061,"South Carolina","Lee County",3,2,140,72,68
050,45,061,"South Carolina","Lee County",3,3,165,79,86
050,45,061,"South Carolina","Lee County",3,4,165,77,88
050,45,061,"South Carolina","Lee County",3,5,166,79,87
050,45,061,"South Carolina","Lee County",3,6,162,80,82
050,45,061,"South Carolina","Lee County",3,7,158,84,74
050,45,061,"South Carolina","Lee County",3,8,154,84,70
050,45,061,"South Carolina","Lee County",3,9,167,82,85
050,45,061,"South Carolina","Lee County",3,10,172,86,86
050,45,061,"South Carolina","Lee County",3,11,169,90,79
050,45,061,"South Carolina","Lee County",3,12,191,103,88
050,45,061,"South Carolina","Lee County",3,13,186,97,89
050,45,061,"South Carolina","Lee County",3,14,197,103,94
050,45,061,"South Carolina","Lee County",3,15,190,97,93
050,45,061,"South Carolina","Lee County",3,16,206,108,98
050,45,061,"South Carolina","Lee County",3,17,197,102,95
050,45,061,"South Carolina","Lee County",3,18,185,97,88
050,45,061,"South Carolina","Lee County",3,19,181,102,79
050,45,061,"South Carolina","Lee County",3,20,243,155,88
050,45,061,"South Carolina","Lee County",3,21,253,153,100
050,45,061,"South Carolina","Lee County",3,22,238,128,110
050,45,061,"South Carolina","Lee County",3,23,198,110,88
050,45,061,"South Carolina","Lee County",3,24,201,108,93
050,45,061,"South Carolina","Lee County",3,25,209,120,89
050,45,061,"South Carolina","Lee County",3,26,218,137,81
050,45,061,"South Carolina","Lee County",3,27,215,135,80
050,45,061,"South Carolina","Lee County",3,28,247,161,86
050,45,061,"South Carolina","Lee County",3,29,228,138,90
050,45,061,"South Carolina","Lee County",3,30,234,132,102
050,45,061,"South Carolina","Lee County",3,31,220,132,88
050,45,061,"South Carolina","Lee County",3,32,206,119,87
050,45,061,"South Carolina","Lee County",3,33,199,117,82
050,45,061,"South Carolina","Lee County",3,34,190,107,83
050,45,061,"South Carolina","Lee County",3,35,170,99,71
050,45,061,"South Carolina","Lee County",3,36,169,97,72
050,45,061,"South Carolina","Lee County",3,37,178,93,85
050,45,061,"South Carolina","Lee County",3,38,210,115,95
050,45,061,"South Carolina","Lee County",3,39,198,106,92
050,45,061,"South Carolina","Lee County",3,40,195,101,94
050,45,061,"South Carolina","Lee County",3,41,213,114,99
050,45,061,"South Carolina","Lee County",3,42,200,107,93
050,45,061,"South Carolina","Lee County",3,43,191,103,88
050,45,061,"South Carolina","Lee County",3,44,173,86,87
050,45,061,"South Carolina","Lee County",3,45,199,109,90
050,45,061,"South Carolina","Lee County",3,46,171,94,77
050,45,061,"South Carolina","Lee County",3,47,184,106,78
050,45,061,"South Carolina","Lee County",3,48,194,103,91
050,45,061,"South Carolina","Lee County",3,49,196,96,100
050,45,061,"South Carolina","Lee County",3,50,203,91,112
050,45,061,"South Carolina","Lee County",3,51,202,100,102
050,45,061,"South Carolina","Lee County",3,52,177,82,95
050,45,061,"South Carolina","Lee County",3,53,194,99,95
050,45,061,"South Carolina","Lee County",3,54,201,97,104
050,45,061,"South Carolina","Lee County",3,55,237,112,125
050,45,061,"South Carolina","Lee County",3,56,233,110,123
050,45,061,"South Carolina","Lee County",3,57,235,113,122
050,45,061,"South Carolina","Lee County",3,58,243,121,122
050,45,061,"South Carolina","Lee County",3,59,238,117,121
050,45,061,"South Carolina","Lee County",3,60,222,95,127
050,45,061,"South Carolina","Lee County",3,61,249,107,142
050,45,061,"South Carolina","Lee County",3,62,256,116,140
050,45,061,"South Carolina","Lee County",3,63,245,106,139
050,45,061,"South Carolina","Lee County",3,64,235,102,133
050,45,061,"South Carolina","Lee County",3,65,233,109,124
050,45,061,"South Carolina","Lee County",3,66,218,103,115
050,45,061,"South Carolina","Lee County",3,67,225,101,124
050,45,061,"South Carolina","Lee County",3,68,210,98,112
050,45,061,"South Carolina","Lee County",3,69,236,119,117
050,45,061,"South Carolina","Lee County",3,70,215,106,109
050,45,061,"South Carolina","Lee County",3,71,195,88,107
050,45,061,"South Carolina","Lee County",3,72,174,72,102
050,45,061,"South Carolina","Lee County",3,73,179,76,103
050,45,061,"South Carolina","Lee County",3,74,177,80,97
050,45,061,"South Carolina","Lee County",3,75,134,60,74
050,45,061,"South Carolina","Lee County",3,76,115,47,68
050,45,061,"South Carolina","Lee County",3,77,127,52,75
050,45,061,"South Carolina","Lee County",3,78,114,47,67
050,45,061,"South Carolina","Lee County",3,79,89,30,59
050,45,061,"South Carolina","Lee County",3,80,84,26,58
050,45,061,"South Carolina","Lee County",3,81,84,33,51
050,45,061,"South Carolina","Lee County",3,82,63,21,42
050,45,061,"South Carolina","Lee County",3,83,51,19,32
050,45,061,"South Carolina","Lee County",3,84,55,18,37
050,45,061,"South Carolina","Lee County",3,85,329,107,222
050,45,061,"South Carolina","Lee County",4,0,144,77,67
050,45,061,"South Carolina","Lee County",4,1,161,78,83
050,45,061,"South Carolina","Lee County",4,2,150,85,65
050,45,061,"South Carolina","Lee County",4,3,138,71,67
050,45,061,"South Carolina","Lee County",4,4,167,78,89
050,45,061,"South Carolina","Lee County",4,5,167,76,91
050,45,061,"South Carolina","Lee County",4,6,158,78,80
050,45,061,"South Carolina","Lee County",4,7,153,79,74
050,45,061,"South Carolina","Lee County",4,8,160,83,77
050,45,061,"South Carolina","Lee County",4,9,158,86,72
050,45,061,"South Carolina","Lee County",4,10,175,80,95
050,45,061,"South Carolina","Lee County",4,11,182,93,89
050,45,061,"South Carolina","Lee County",4,12,190,94,96
050,45,061,"South Carolina","Lee County",4,13,182,97,85
050,45,061,"South Carolina","Lee County",4,14,194,99,95
050,45,061,"South Carolina","Lee County",4,15,204,103,101
050,45,061,"South Carolina","Lee County",4,16,182,89,93
050,45,061,"South Carolina","Lee County",4,17,214,115,99
050,45,061,"South Carolina","Lee County",4,18,187,108,79
050,45,061,"South Carolina","Lee County",4,19,168,94,74
050,45,061,"South Carolina","Lee County",4,20,230,144,86
050,45,061,"South Carolina","Lee County",4,21,232,141,91
050,45,061,"South Carolina","Lee County",4,22,255,152,103
050,45,061,"South Carolina","Lee County",4,23,219,116,103
050,45,061,"South Carolina","Lee County",4,24,198,117,81
050,45,061,"South Carolina","Lee County",4,25,199,108,91
050,45,061,"South Carolina","Lee County",4,26,216,120,96
050,45,061,"South Carolina","Lee County",4,27,222,135,87
050,45,061,"South Carolina","Lee County",4,28,224,142,82
050,45,061,"South Carolina","Lee County",4,29,220,133,87
050,45,061,"South Carolina","Lee County",4,30,221,126,95
050,45,061,"South Carolina","Lee County",4,31,241,144,97
050,45,061,"South Carolina","Lee County",4,32,203,122,81
050,45,061,"South Carolina","Lee County",4,33,203,116,87
050,45,061,"South Carolina","Lee County",4,34,207,123,84
050,45,061,"South Carolina","Lee County",4,35,185,101,84
050,45,061,"South Carolina","Lee County",4,36,164,97,67
050,45,061,"South Carolina","Lee County",4,37,169,96,73
050,45,061,"South Carolina","Lee County",4,38,178,96,82
050,45,061,"South Carolina","Lee County",4,39,200,104,96
050,45,061,"South Carolina","Lee County",4,40,205,106,99
050,45,061,"South Carolina","Lee County",4,41,199,110,89
050,45,061,"South Carolina","Lee County",4,42,219,116,103
050,45,061,"South Carolina","Lee County",4,43,196,107,89
050,45,061,"South Carolina","Lee County",4,44,179,91,88
050,45,061,"South Carolina","Lee County",4,45,179,93,86
050,45,061,"South Carolina","Lee County",4,46,188,99,89
050,45,061,"South Carolina","Lee County",4,47,170,90,80
050,45,061,"South Carolina","Lee County",4,48,183,108,75
050,45,061,"South Carolina","Lee County",4,49,181,100,81
050,45,061,"South Carolina","Lee County",4,50,197,93,104
050,45,061,"South Carolina","Lee County",4,51,201,88,113
050,45,061,"South Carolina","Lee County",4,52,183,82,101
050,45,061,"South Carolina","Lee County",4,53,190,93,97
050,45,061,"South Carolina","Lee County",4,54,193,99,94
050,45,061,"South Carolina","Lee County",4,55,194,88,106
050,45,061,"South Carolina","Lee County",4,56,243,111,132
050,45,061,"South Carolina","Lee County",4,57,242,117,125
050,45,061,"South Carolina","Lee County",4,58,223,102,121
050,45,061,"South Carolina","Lee County",4,59,240,117,123
050,45,061,"South Carolina","Lee County",4,60,227,110,117
050,45,061,"South Carolina","Lee County",4,61,228,98,130
050,45,061,"South Carolina","Lee County",4,62,250,108,142
050,45,061,"South Carolina","Lee County",4,63,243,108,135
050,45,061,"South Carolina","Lee County",4,64,239,103,136
050,45,061,"South Carolina","Lee County",4,65,228,98,130
050,45,061,"South Carolina","Lee County",4,66,220,102,118
050,45,061,"South Carolina","Lee County",4,67,209,99,110
050,45,061,"South Carolina","Lee County",4,68,219,98,121
050,45,061,"South Carolina","Lee County",4,69,207,99,108
050,45,061,"South Carolina","Lee County",4,70,235,115,120
050,45,061,"South Carolina","Lee County",4,71,209,104,105
050,45,061,"South Carolina","Lee County",4,72,185,86,99
050,45,061,"South Carolina","Lee County",4,73,168,67,101
050,45,061,"South Carolina","Lee County",4,74,159,69,90
050,45,061,"South Carolina","Lee County",4,75,184,84,100
050,45,061,"South Carolina","Lee County",4,76,122,52,70
050,45,061,"South Carolina","Lee County",4,77,114,46,68
050,45,061,"South Carolina","Lee County",4,78,122,46,76
050,45,061,"South Carolina","Lee County",4,79,105,40,65
050,45,061,"South Carolina","Lee County",4,80,70,21,49
050,45,061,"South Carolina","Lee County",4,81,77,27,50
050,45,061,"South Carolina","Lee County",4,82,75,26,49
050,45,061,"South Carolina","Lee County",4,83,58,19,39
050,45,061,"South Carolina","Lee County",4,84,49,17,32
050,45,061,"South Carolina","Lee County",4,85,334,109,225
050,45,061,"South Carolina","Lee County",5,0,144,78,66
050,45,061,"South Carolina","Lee County",5,1,153,82,71
050,45,061,"South Carolina","Lee County",5,2,171,81,90
050,45,061,"South Carolina","Lee County",5,3,145,83,62
050,45,061,"South Carolina","Lee County",5,4,150,70,80
050,45,061,"South Carolina","Lee County",5,5,159,73,86
050,45,061,"South Carolina","Lee County",5,6,175,83,92
050,45,061,"South Carolina","Lee County",5,7,147,75,72
050,45,061,"South Carolina","Lee County",5,8,156,85,71
050,45,061,"South Carolina","Lee County",5,9,157,82,75
050,45,061,"South Carolina","Lee County",5,10,168,89,79
050,45,061,"South Carolina","Lee County",5,11,181,79,102
050,45,061,"South Carolina","Lee County",5,12,173,81,92
050,45,061,"South Carolina","Lee County",5,13,187,96,91
050,45,061,"South Carolina","Lee County",5,14,175,92,83
050,45,061,"South Carolina","Lee County",5,15,188,98,90
050,45,061,"South Carolina","Lee County",5,16,201,100,101
050,45,061,"South Carolina","Lee County",5,17,190,99,91
050,45,061,"South Carolina","Lee County",5,18,195,114,81
050,45,061,"South Carolina","Lee County",5,19,163,98,65
050,45,061,"South Carolina","Lee County",5,20,220,142,78
050,45,061,"South Carolina","Lee County",5,21,233,144,89
050,45,061,"South Carolina","Lee County",5,22,220,132,88
050,45,061,"South Carolina","Lee County",5,23,245,145,100
050,45,061,"South Carolina","Lee County",5,24,223,107,116
050,45,061,"South Carolina","Lee County",5,25,186,107,79
050,45,061,"South Carolina","Lee County",5,26,214,118,96
050,45,061,"South Carolina","Lee County",5,27,205,117,88
050,45,061,"South Carolina","Lee County",5,28,247,156,91
050,45,061,"South Carolina","Lee County",5,29,205,120,85
050,45,061,"South Carolina","Lee County",5,30,216,131,85
050,45,061,"South Carolina","Lee County",5,31,221,125,96
050,45,061,"South Carolina","Lee County",5,32,244,141,103
050,45,061,"South Carolina","Lee County",5,33,201,122,79
050,45,061,"South Carolina","Lee County",5,34,198,117,81
050,45,061,"South Carolina","Lee County",5,35,194,106,88
050,45,061,"South Carolina","Lee County",5,36,188,102,86
050,45,061,"South Carolina","Lee County",5,37,161,92,69
050,45,061,"South Carolina","Lee County",5,38,167,94,73
050,45,061,"South Carolina","Lee County",5,39,167,89,78
050,45,061,"South Carolina","Lee County",5,40,197,107,90
050,45,061,"South Carolina","Lee County",5,41,217,118,99
050,45,061,"South Carolina","Lee County",5,42,198,107,91
050,45,061,"South Carolina","Lee County",5,43,209,111,98
050,45,061,"South Carolina","Lee County",5,44,189,99,90
050,45,061,"South Carolina","Lee County",5,45,192,105,87
050,45,061,"South Carolina","Lee County",5,46,168,83,85
050,45,061,"South Carolina","Lee County",5,47,186,95,91
050,45,061,"South Carolina","Lee County",5,48,170,87,83
050,45,061,"South Carolina","Lee County",5,49,174,97,77
050,45,061,"South Carolina","Lee County",5,50,172,93,79
050,45,061,"South Carolina","Lee County",5,51,194,93,101
050,45,061,"South Carolina","Lee County",5,52,192,84,108
050,45,061,"South Carolina","Lee County",5,53,190,88,102
050,45,061,"South Carolina","Lee County",5,54,177,84,93
050,45,061,"South Carolina","Lee County",5,55,177,81,96
050,45,061,"South Carolina","Lee County",5,56,201,90,111
050,45,061,"South Carolina","Lee County",5,57,243,113,130
050,45,061,"South Carolina","Lee County",5,58,222,103,119
050,45,061,"South Carolina","Lee County",5,59,222,101,121
050,45,061,"South Carolina","Lee County",5,60,235,116,119
050,45,061,"South Carolina","Lee County",5,61,227,112,115
050,45,061,"South Carolina","Lee County",5,62,224,98,126
050,45,061,"South Carolina","Lee County",5,63,240,100,140
050,45,061,"South Carolina","Lee County",5,64,234,102,132
050,45,061,"South Carolina","Lee County",5,65,235,105,130
050,45,061,"South Carolina","Lee County",5,66,223,95,128
050,45,061,"South Carolina","Lee County",5,67,213,98,115
050,45,061,"South Carolina","Lee County",5,68,204,98,106
050,45,061,"South Carolina","Lee County",5,69,215,98,117
050,45,061,"South Carolina","Lee County",5,70,199,93,106
050,45,061,"South Carolina","Lee County",5,71,231,110,121
050,45,061,"South Carolina","Lee County",5,72,199,101,98
050,45,061,"South Carolina","Lee County",5,73,175,79,96
050,45,061,"South Carolina","Lee County",5,74,149,64,85
050,45,061,"South Carolina","Lee County",5,75,162,71,91
050,45,061,"South Carolina","Lee County",5,76,170,74,96
050,45,061,"South Carolina","Lee County",5,77,116,51,65
050,45,061,"South Carolina","Lee County",5,78,109,42,67
050,45,061,"South Carolina","Lee County",5,79,115,43,72
050,45,061,"South Carolina","Lee County",5,80,82,30,52
050,45,061,"South Carolina","Lee County",5,81,65,22,43
050,45,061,"South Carolina","Lee County",5,82,66,20,46
050,45,061,"South Carolina","Lee County",5,83,69,24,45
050,45,061,"South Carolina","Lee County",5,84,57,17,40
050,45,061,"South Carolina","Lee County",5,85,330,110,220
050,45,063,"South Carolina","Lexington County",1,0,3109,1575,1534
050,45,063,"South Carolina","Lexington County",1,1,3228,1611,1617
050,45,063,"South Carolina","Lexington County",1,2,3359,1697,1662
050,45,063,"South Carolina","Lexington County",1,3,3413,1766,1647
050,45,063,"South Carolina","Lexington County",1,4,3555,1822,1733
050,45,063,"South Carolina","Lexington County",1,5,3509,1803,1706
050,45,063,"South Carolina","Lexington County",1,6,3632,1888,1744
050,45,063,"South Carolina","Lexington County",1,7,3770,1881,1889
050,45,063,"South Carolina","Lexington County",1,8,3781,1921,1860
050,45,063,"South Carolina","Lexington County",1,9,3854,1965,1889
050,45,063,"South Carolina","Lexington County",1,10,4154,2152,2002
050,45,063,"South Carolina","Lexington County",1,11,4209,2166,2043
050,45,063,"South Carolina","Lexington County",1,12,4250,2195,2055
050,45,063,"South Carolina","Lexington County",1,13,4287,2181,2106
050,45,063,"South Carolina","Lexington County",1,14,4198,2138,2060
050,45,063,"South Carolina","Lexington County",1,15,4088,2137,1951
050,45,063,"South Carolina","Lexington County",1,16,4157,2113,2044
050,45,063,"South Carolina","Lexington County",1,17,4009,1998,2011
050,45,063,"South Carolina","Lexington County",1,18,3365,1728,1637
050,45,063,"South Carolina","Lexington County",1,19,2758,1473,1285
050,45,063,"South Carolina","Lexington County",1,20,2921,1512,1409
050,45,063,"South Carolina","Lexington County",1,21,2992,1542,1450
050,45,063,"South Carolina","Lexington County",1,22,3058,1534,1524
050,45,063,"South Carolina","Lexington County",1,23,3230,1627,1603
050,45,063,"South Carolina","Lexington County",1,24,3266,1656,1610
050,45,063,"South Carolina","Lexington County",1,25,3378,1648,1730
050,45,063,"South Carolina","Lexington County",1,26,3562,1745,1817
050,45,063,"South Carolina","Lexington County",1,27,3818,1872,1946
050,45,063,"South Carolina","Lexington County",1,28,4012,1939,2073
050,45,063,"South Carolina","Lexington County",1,29,4080,1982,2098
050,45,063,"South Carolina","Lexington County",1,30,4145,2009,2136
050,45,063,"South Carolina","Lexington County",1,31,3997,1949,2048
050,45,063,"South Carolina","Lexington County",1,32,3849,1833,2016
050,45,063,"South Carolina","Lexington County",1,33,3910,1945,1965
050,45,063,"South Carolina","Lexington County",1,34,3973,1952,2021
050,45,063,"South Carolina","Lexington County",1,35,3881,1895,1986
050,45,063,"South Carolina","Lexington County",1,36,3912,1931,1981
050,45,063,"South Carolina","Lexington County",1,37,4017,1934,2083
050,45,063,"South Carolina","Lexington County",1,38,4059,1968,2091
050,45,063,"South Carolina","Lexington County",1,39,4103,1991,2112
050,45,063,"South Carolina","Lexington County",1,40,3839,1922,1917
050,45,063,"South Carolina","Lexington County",1,41,3768,1896,1872
050,45,063,"South Carolina","Lexington County",1,42,3707,1791,1916
050,45,063,"South Carolina","Lexington County",1,43,3725,1831,1894
050,45,063,"South Carolina","Lexington County",1,44,3704,1815,1889
050,45,063,"South Carolina","Lexington County",1,45,3659,1772,1887
050,45,063,"South Carolina","Lexington County",1,46,3665,1798,1867
050,45,063,"South Carolina","Lexington County",1,47,3793,1854,1939
050,45,063,"South Carolina","Lexington County",1,48,3948,1901,2047
050,45,063,"South Carolina","Lexington County",1,49,4269,2126,2143
050,45,063,"South Carolina","Lexington County",1,50,4141,2102,2039
050,45,063,"South Carolina","Lexington County",1,51,3974,2015,1959
050,45,063,"South Carolina","Lexington County",1,52,3837,1978,1859
050,45,063,"South Carolina","Lexington County",1,53,3830,1869,1961
050,45,063,"South Carolina","Lexington County",1,54,3813,1882,1931
050,45,063,"South Carolina","Lexington County",1,55,4026,1952,2074
050,45,063,"South Carolina","Lexington County",1,56,4177,2034,2143
050,45,063,"South Carolina","Lexington County",1,57,4148,2035,2113
050,45,063,"South Carolina","Lexington County",1,58,4125,1996,2129
050,45,063,"South Carolina","Lexington County",1,59,4048,1986,2062
050,45,063,"South Carolina","Lexington County",1,60,3845,1887,1958
050,45,063,"South Carolina","Lexington County",1,61,3865,1887,1978
050,45,063,"South Carolina","Lexington County",1,62,3983,1907,2076
050,45,063,"South Carolina","Lexington County",1,63,3828,1847,1981
050,45,063,"South Carolina","Lexington County",1,64,3643,1703,1940
050,45,063,"South Carolina","Lexington County",1,65,3497,1640,1857
050,45,063,"South Carolina","Lexington County",1,66,3428,1571,1857
050,45,063,"South Carolina","Lexington County",1,67,3218,1460,1758
050,45,063,"South Carolina","Lexington County",1,68,3174,1523,1651
050,45,063,"South Carolina","Lexington County",1,69,2863,1365,1498
050,45,063,"South Carolina","Lexington County",1,70,2814,1311,1503
050,45,063,"South Carolina","Lexington County",1,71,2850,1333,1517
050,45,063,"South Carolina","Lexington County",1,72,2827,1272,1555
050,45,063,"South Carolina","Lexington County",1,73,2847,1347,1500
050,45,063,"South Carolina","Lexington County",1,74,1979,902,1077
050,45,063,"South Carolina","Lexington County",1,75,1906,890,1016
050,45,063,"South Carolina","Lexington County",1,76,1881,888,993
050,45,063,"South Carolina","Lexington County",1,77,1856,831,1025
050,45,063,"South Carolina","Lexington County",1,78,1586,704,882
050,45,063,"South Carolina","Lexington County",1,79,1379,620,759
050,45,063,"South Carolina","Lexington County",1,80,1184,542,642
050,45,063,"South Carolina","Lexington County",1,81,1147,493,654
050,45,063,"South Carolina","Lexington County",1,82,1005,410,595
050,45,063,"South Carolina","Lexington County",1,83,871,351,520
050,45,063,"South Carolina","Lexington County",1,84,803,325,478
050,45,063,"South Carolina","Lexington County",1,85,4654,1604,3050
050,45,063,"South Carolina","Lexington County",2,0,3113,1563,1550
050,45,063,"South Carolina","Lexington County",2,1,3218,1612,1606
050,45,063,"South Carolina","Lexington County",2,2,3347,1693,1654
050,45,063,"South Carolina","Lexington County",2,3,3404,1750,1654
050,45,063,"South Carolina","Lexington County",2,4,3553,1824,1729
050,45,063,"South Carolina","Lexington County",2,5,3542,1819,1723
050,45,063,"South Carolina","Lexington County",2,6,3629,1880,1749
050,45,063,"South Carolina","Lexington County",2,7,3750,1887,1863
050,45,063,"South Carolina","Lexington County",2,8,3789,1911,1878
050,45,063,"South Carolina","Lexington County",2,9,3851,1968,1883
050,45,063,"South Carolina","Lexington County",2,10,4093,2114,1979
050,45,063,"South Carolina","Lexington County",2,11,4195,2168,2027
050,45,063,"South Carolina","Lexington County",2,12,4272,2203,2069
050,45,063,"South Carolina","Lexington County",2,13,4294,2195,2099
050,45,063,"South Carolina","Lexington County",2,14,4236,2156,2080
050,45,063,"South Carolina","Lexington County",2,15,4132,2145,1987
050,45,063,"South Carolina","Lexington County",2,16,4157,2126,2031
050,45,063,"South Carolina","Lexington County",2,17,4041,2020,2021
050,45,063,"South Carolina","Lexington County",2,18,3370,1732,1638
050,45,063,"South Carolina","Lexington County",2,19,2784,1465,1319
050,45,063,"South Carolina","Lexington County",2,20,2973,1544,1429
050,45,063,"South Carolina","Lexington County",2,21,3017,1551,1466
050,45,063,"South Carolina","Lexington County",2,22,3097,1559,1538
050,45,063,"South Carolina","Lexington County",2,23,3238,1628,1610
050,45,063,"South Carolina","Lexington County",2,24,3274,1653,1621
050,45,063,"South Carolina","Lexington County",2,25,3373,1665,1708
050,45,063,"South Carolina","Lexington County",2,26,3562,1751,1811
050,45,063,"South Carolina","Lexington County",2,27,3787,1859,1928
050,45,063,"South Carolina","Lexington County",2,28,3987,1935,2052
050,45,063,"South Carolina","Lexington County",2,29,4073,1970,2103
050,45,063,"South Carolina","Lexington County",2,30,4172,2019,2153
050,45,063,"South Carolina","Lexington County",2,31,4045,1964,2081
050,45,063,"South Carolina","Lexington County",2,32,3888,1865,2023
050,45,063,"South Carolina","Lexington County",2,33,3910,1927,1983
050,45,063,"South Carolina","Lexington County",2,34,3975,1957,2018
050,45,063,"South Carolina","Lexington County",2,35,3946,1929,2017
050,45,063,"South Carolina","Lexington County",2,36,3899,1918,1981
050,45,063,"South Carolina","Lexington County",2,37,4021,1950,2071
050,45,063,"South Carolina","Lexington County",2,38,4091,1978,2113
050,45,063,"South Carolina","Lexington County",2,39,4097,1990,2107
050,45,063,"South Carolina","Lexington County",2,40,3936,1960,1976
050,45,063,"South Carolina","Lexington County",2,41,3791,1899,1892
050,45,063,"South Carolina","Lexington County",2,42,3713,1812,1901
050,45,063,"South Carolina","Lexington County",2,43,3760,1844,1916
050,45,063,"South Carolina","Lexington County",2,44,3674,1804,1870
050,45,063,"South Carolina","Lexington County",2,45,3699,1794,1905
050,45,063,"South Carolina","Lexington County",2,46,3656,1782,1874
050,45,063,"South Carolina","Lexington County",2,47,3752,1832,1920
050,45,063,"South Carolina","Lexington County",2,48,3921,1899,2022
050,45,063,"South Carolina","Lexington County",2,49,4222,2089,2133
050,45,063,"South Carolina","Lexington County",2,50,4186,2107,2079
050,45,063,"South Carolina","Lexington County",2,51,4001,2031,1970
050,45,063,"South Carolina","Lexington County",2,52,3870,1988,1882
050,45,063,"South Carolina","Lexington County",2,53,3833,1899,1934
050,45,063,"South Carolina","Lexington County",2,54,3819,1879,1940
050,45,063,"South Carolina","Lexington County",2,55,3984,1937,2047
050,45,063,"South Carolina","Lexington County",2,56,4161,2020,2141
050,45,063,"South Carolina","Lexington County",2,57,4179,2046,2133
050,45,063,"South Carolina","Lexington County",2,58,4131,2005,2126
050,45,063,"South Carolina","Lexington County",2,59,4084,1996,2088
050,45,063,"South Carolina","Lexington County",2,60,3893,1912,1981
050,45,063,"South Carolina","Lexington County",2,61,3862,1883,1979
050,45,063,"South Carolina","Lexington County",2,62,3946,1903,2043
050,45,063,"South Carolina","Lexington County",2,63,3900,1874,2026
050,45,063,"South Carolina","Lexington County",2,64,3666,1722,1944
050,45,063,"South Carolina","Lexington County",2,65,3542,1657,1885
050,45,063,"South Carolina","Lexington County",2,66,3441,1588,1853
050,45,063,"South Carolina","Lexington County",2,67,3255,1478,1777
050,45,063,"South Carolina","Lexington County",2,68,3153,1487,1666
050,45,063,"South Carolina","Lexington County",2,69,2959,1410,1549
050,45,063,"South Carolina","Lexington County",2,70,2809,1317,1492
050,45,063,"South Carolina","Lexington County",2,71,2831,1323,1508
050,45,063,"South Carolina","Lexington County",2,72,2791,1264,1527
050,45,063,"South Carolina","Lexington County",2,73,2965,1384,1581
050,45,063,"South Carolina","Lexington County",2,74,2053,945,1108
050,45,063,"South Carolina","Lexington County",2,75,1916,888,1028
050,45,063,"South Carolina","Lexington County",2,76,1860,874,986
050,45,063,"South Carolina","Lexington County",2,77,1884,852,1032
050,45,063,"South Carolina","Lexington County",2,78,1607,710,897
050,45,063,"South Carolina","Lexington County",2,79,1404,632,772
050,45,063,"South Carolina","Lexington County",2,80,1212,548,664
050,45,063,"South Carolina","Lexington County",2,81,1149,500,649
050,45,063,"South Carolina","Lexington County",2,82,1021,418,603
050,45,063,"South Carolina","Lexington County",2,83,888,357,531
050,45,063,"South Carolina","Lexington County",2,84,798,316,482
050,45,063,"South Carolina","Lexington County",2,85,4675,1606,3069
050,45,063,"South Carolina","Lexington County",3,0,3279,1635,1644
050,45,063,"South Carolina","Lexington County",3,1,3290,1659,1631
050,45,063,"South Carolina","Lexington County",3,2,3337,1685,1652
050,45,063,"South Carolina","Lexington County",3,3,3441,1732,1709
050,45,063,"South Carolina","Lexington County",3,4,3476,1787,1689
050,45,063,"South Carolina","Lexington County",3,5,3680,1876,1804
050,45,063,"South Carolina","Lexington County",3,6,3653,1876,1777
050,45,063,"South Carolina","Lexington County",3,7,3725,1936,1789
050,45,063,"South Carolina","Lexington County",3,8,3833,1933,1900
050,45,063,"South Carolina","Lexington County",3,9,3914,1965,1949
050,45,063,"South Carolina","Lexington County",3,10,3966,2029,1937
050,45,063,"South Carolina","Lexington County",3,11,4197,2159,2038
050,45,063,"South Carolina","Lexington County",3,12,4207,2157,2050
050,45,063,"South Carolina","Lexington County",3,13,4387,2266,2121
050,45,063,"South Carolina","Lexington County",3,14,4391,2210,2181
050,45,063,"South Carolina","Lexington County",3,15,4262,2163,2099
050,45,063,"South Carolina","Lexington County",3,16,4207,2164,2043
050,45,063,"South Carolina","Lexington County",3,17,4196,2135,2061
050,45,063,"South Carolina","Lexington County",3,18,3512,1815,1697
050,45,063,"South Carolina","Lexington County",3,19,2833,1458,1375
050,45,063,"South Carolina","Lexington County",3,20,3112,1604,1508
050,45,063,"South Carolina","Lexington County",3,21,3199,1637,1562
050,45,063,"South Carolina","Lexington County",3,22,3283,1658,1625
050,45,063,"South Carolina","Lexington County",3,23,3384,1685,1699
050,45,063,"South Carolina","Lexington County",3,24,3423,1685,1738
050,45,063,"South Carolina","Lexington County",3,25,3426,1718,1708
050,45,063,"South Carolina","Lexington County",3,26,3567,1795,1772
050,45,063,"South Carolina","Lexington County",3,27,3711,1838,1873
050,45,063,"South Carolina","Lexington County",3,28,3980,1973,2007
050,45,063,"South Carolina","Lexington County",3,29,4090,1973,2117
050,45,063,"South Carolina","Lexington County",3,30,4233,2061,2172
050,45,063,"South Carolina","Lexington County",3,31,4300,2077,2223
050,45,063,"South Carolina","Lexington County",3,32,4211,2052,2159
050,45,063,"South Carolina","Lexington County",3,33,4013,1932,2081
050,45,063,"South Carolina","Lexington County",3,34,4007,1993,2014
050,45,063,"South Carolina","Lexington County",3,35,4059,1986,2073
050,45,063,"South Carolina","Lexington County",3,36,4034,1971,2063
050,45,063,"South Carolina","Lexington County",3,37,4010,1974,2036
050,45,063,"South Carolina","Lexington County",3,38,4121,1973,2148
050,45,063,"South Carolina","Lexington County",3,39,4114,1979,2135
050,45,063,"South Carolina","Lexington County",3,40,4122,1991,2131
050,45,063,"South Carolina","Lexington County",3,41,4005,1978,2027
050,45,063,"South Carolina","Lexington County",3,42,3825,1899,1926
050,45,063,"South Carolina","Lexington County",3,43,3765,1848,1917
050,45,063,"South Carolina","Lexington County",3,44,3764,1842,1922
050,45,063,"South Carolina","Lexington County",3,45,3706,1825,1881
050,45,063,"South Carolina","Lexington County",3,46,3735,1829,1906
050,45,063,"South Carolina","Lexington County",3,47,3688,1791,1897
050,45,063,"South Carolina","Lexington County",3,48,3818,1857,1961
050,45,063,"South Carolina","Lexington County",3,49,3994,1955,2039
050,45,063,"South Carolina","Lexington County",3,50,4240,2095,2145
050,45,063,"South Carolina","Lexington County",3,51,4137,2061,2076
050,45,063,"South Carolina","Lexington County",3,52,4040,2050,1990
050,45,063,"South Carolina","Lexington County",3,53,3902,2010,1892
050,45,063,"South Carolina","Lexington County",3,54,3844,1891,1953
050,45,063,"South Carolina","Lexington County",3,55,3878,1906,1972
050,45,063,"South Carolina","Lexington County",3,56,4013,1961,2052
050,45,063,"South Carolina","Lexington County",3,57,4188,2041,2147
050,45,063,"South Carolina","Lexington County",3,58,4168,2043,2125
050,45,063,"South Carolina","Lexington County",3,59,4147,1997,2150
050,45,063,"South Carolina","Lexington County",3,60,4115,2005,2110
050,45,063,"South Carolina","Lexington County",3,61,3898,1911,1987
050,45,063,"South Carolina","Lexington County",3,62,3867,1895,1972
050,45,063,"South Carolina","Lexington County",3,63,3901,1875,2026
050,45,063,"South Carolina","Lexington County",3,64,3883,1861,2022
050,45,063,"South Carolina","Lexington County",3,65,3677,1710,1967
050,45,063,"South Carolina","Lexington County",3,66,3509,1647,1862
050,45,063,"South Carolina","Lexington County",3,67,3413,1559,1854
050,45,063,"South Carolina","Lexington County",3,68,3222,1460,1762
050,45,063,"South Carolina","Lexington County",3,69,3111,1459,1652
050,45,063,"South Carolina","Lexington County",3,70,2904,1363,1541
050,45,063,"South Carolina","Lexington County",3,71,2787,1304,1483
050,45,063,"South Carolina","Lexington County",3,72,2779,1291,1488
050,45,063,"South Carolina","Lexington County",3,73,2745,1232,1513
050,45,063,"South Carolina","Lexington County",3,74,2865,1328,1537
050,45,063,"South Carolina","Lexington County",3,75,1984,909,1075
050,45,063,"South Carolina","Lexington County",3,76,1868,853,1015
050,45,063,"South Carolina","Lexington County",3,77,1792,833,959
050,45,063,"South Carolina","Lexington County",3,78,1804,795,1009
050,45,063,"South Carolina","Lexington County",3,79,1541,680,861
050,45,063,"South Carolina","Lexington County",3,80,1338,593,745
050,45,063,"South Carolina","Lexington County",3,81,1189,527,662
050,45,063,"South Carolina","Lexington County",3,82,1056,452,604
050,45,063,"South Carolina","Lexington County",3,83,946,384,562
050,45,063,"South Carolina","Lexington County",3,84,784,304,480
050,45,063,"South Carolina","Lexington County",3,85,4630,1602,3028
050,45,063,"South Carolina","Lexington County",4,0,3364,1687,1677
050,45,063,"South Carolina","Lexington County",4,1,3399,1746,1653
050,45,063,"South Carolina","Lexington County",4,2,3351,1684,1667
050,45,063,"South Carolina","Lexington County",4,3,3489,1727,1762
050,45,063,"South Carolina","Lexington County",4,4,3617,1821,1796
050,45,063,"South Carolina","Lexington County",4,5,3561,1824,1737
050,45,063,"South Carolina","Lexington County",4,6,3836,1934,1902
050,45,063,"South Carolina","Lexington County",4,7,3747,1909,1838
050,45,063,"South Carolina","Lexington County",4,8,3856,1983,1873
050,45,063,"South Carolina","Lexington County",4,9,3945,1988,1957
050,45,063,"South Carolina","Lexington County",4,10,3950,1972,1978
050,45,063,"South Carolina","Lexington County",4,11,4025,2037,1988
050,45,063,"South Carolina","Lexington County",4,12,4240,2186,2054
050,45,063,"South Carolina","Lexington County",4,13,4284,2210,2074
050,45,063,"South Carolina","Lexington County",4,14,4474,2313,2161
050,45,063,"South Carolina","Lexington County",4,15,4430,2222,2208
050,45,063,"South Carolina","Lexington County",4,16,4348,2184,2164
050,45,063,"South Carolina","Lexington County",4,17,4179,2143,2036
050,45,063,"South Carolina","Lexington County",4,18,3576,1870,1706
050,45,063,"South Carolina","Lexington County",4,19,2836,1464,1372
050,45,063,"South Carolina","Lexington County",4,20,3034,1535,1499
050,45,063,"South Carolina","Lexington County",4,21,3277,1651,1626
050,45,063,"South Carolina","Lexington County",4,22,3412,1684,1728
050,45,063,"South Carolina","Lexington County",4,23,3496,1755,1741
050,45,063,"South Carolina","Lexington County",4,24,3488,1728,1760
050,45,063,"South Carolina","Lexington County",4,25,3516,1748,1768
050,45,063,"South Carolina","Lexington County",4,26,3504,1771,1733
050,45,063,"South Carolina","Lexington County",4,27,3656,1821,1835
050,45,063,"South Carolina","Lexington County",4,28,3760,1849,1911
050,45,063,"South Carolina","Lexington County",4,29,3995,1943,2052
050,45,063,"South Carolina","Lexington County",4,30,4173,2018,2155
050,45,063,"South Carolina","Lexington County",4,31,4310,2126,2184
050,45,063,"South Carolina","Lexington County",4,32,4365,2127,2238
050,45,063,"South Carolina","Lexington County",4,33,4313,2090,2223
050,45,063,"South Carolina","Lexington County",4,34,4076,1941,2135
050,45,063,"South Carolina","Lexington County",4,35,4109,2017,2092
050,45,063,"South Carolina","Lexington County",4,36,4122,2013,2109
050,45,063,"South Carolina","Lexington County",4,37,4152,2026,2126
050,45,063,"South Carolina","Lexington County",4,38,4075,1975,2100
050,45,063,"South Carolina","Lexington County",4,39,4193,1992,2201
050,45,063,"South Carolina","Lexington County",4,40,4185,2005,2180
050,45,063,"South Carolina","Lexington County",4,41,4204,2005,2199
050,45,063,"South Carolina","Lexington County",4,42,4009,1983,2026
050,45,063,"South Carolina","Lexington County",4,43,3869,1934,1935
050,45,063,"South Carolina","Lexington County",4,44,3798,1860,1938
050,45,063,"South Carolina","Lexington County",4,45,3806,1869,1937
050,45,063,"South Carolina","Lexington County",4,46,3732,1826,1906
050,45,063,"South Carolina","Lexington County",4,47,3787,1848,1939
050,45,063,"South Carolina","Lexington County",4,48,3742,1811,1931
050,45,063,"South Carolina","Lexington County",4,49,3863,1886,1977
050,45,063,"South Carolina","Lexington County",4,50,4023,1972,2051
050,45,063,"South Carolina","Lexington County",4,51,4197,2065,2132
050,45,063,"South Carolina","Lexington County",4,52,4198,2092,2106
050,45,063,"South Carolina","Lexington County",4,53,4056,2072,1984
050,45,063,"South Carolina","Lexington County",4,54,3970,2046,1924
050,45,063,"South Carolina","Lexington County",4,55,3842,1887,1955
050,45,063,"South Carolina","Lexington County",4,56,3883,1917,1966
050,45,063,"South Carolina","Lexington County",4,57,4054,2004,2050
050,45,063,"South Carolina","Lexington County",4,58,4183,2035,2148
050,45,063,"South Carolina","Lexington County",4,59,4163,2020,2143
050,45,063,"South Carolina","Lexington County",4,60,4179,2017,2162
050,45,063,"South Carolina","Lexington County",4,61,4136,2007,2129
050,45,063,"South Carolina","Lexington County",4,62,3848,1878,1970
050,45,063,"South Carolina","Lexington County",4,63,3856,1881,1975
050,45,063,"South Carolina","Lexington County",4,64,3906,1873,2033
050,45,063,"South Carolina","Lexington County",4,65,3856,1847,2009
050,45,063,"South Carolina","Lexington County",4,66,3663,1712,1951
050,45,063,"South Carolina","Lexington County",4,67,3505,1632,1873
050,45,063,"South Carolina","Lexington County",4,68,3401,1554,1847
050,45,063,"South Carolina","Lexington County",4,69,3194,1438,1756
050,45,063,"South Carolina","Lexington County",4,70,3060,1424,1636
050,45,063,"South Carolina","Lexington County",4,71,2886,1347,1539
050,45,063,"South Carolina","Lexington County",4,72,2710,1266,1444
050,45,063,"South Carolina","Lexington County",4,73,2726,1252,1474
050,45,063,"South Carolina","Lexington County",4,74,2668,1188,1480
050,45,063,"South Carolina","Lexington County",4,75,2810,1285,1525
050,45,063,"South Carolina","Lexington County",4,76,1929,885,1044
050,45,063,"South Carolina","Lexington County",4,77,1818,823,995
050,45,063,"South Carolina","Lexington County",4,78,1751,791,960
050,45,063,"South Carolina","Lexington County",4,79,1752,769,983
050,45,063,"South Carolina","Lexington County",4,80,1467,638,829
050,45,063,"South Carolina","Lexington County",4,81,1312,564,748
050,45,063,"South Carolina","Lexington County",4,82,1100,468,632
050,45,063,"South Carolina","Lexington County",4,83,989,434,555
050,45,063,"South Carolina","Lexington County",4,84,861,342,519
050,45,063,"South Carolina","Lexington County",4,85,4625,1592,3033
050,45,063,"South Carolina","Lexington County",5,0,3357,1680,1677
050,45,063,"South Carolina","Lexington County",5,1,3377,1665,1712
050,45,063,"South Carolina","Lexington County",5,2,3529,1786,1743
050,45,063,"South Carolina","Lexington County",5,3,3471,1736,1735
050,45,063,"South Carolina","Lexington County",5,4,3620,1778,1842
050,45,063,"South Carolina","Lexington County",5,5,3694,1840,1854
050,45,063,"South Carolina","Lexington County",5,6,3672,1879,1793
050,45,063,"South Carolina","Lexington County",5,7,3962,1993,1969
050,45,063,"South Carolina","Lexington County",5,8,3803,1960,1843
050,45,063,"South Carolina","Lexington County",5,9,3978,2019,1959
050,45,063,"South Carolina","Lexington County",5,10,4022,2036,1986
050,45,063,"South Carolina","Lexington County",5,11,4023,2010,2013
050,45,063,"South Carolina","Lexington County",5,12,4111,2088,2023
050,45,063,"South Carolina","Lexington County",5,13,4331,2223,2108
050,45,063,"South Carolina","Lexington County",5,14,4390,2256,2134
050,45,063,"South Carolina","Lexington County",5,15,4568,2367,2201
050,45,063,"South Carolina","Lexington County",5,16,4485,2254,2231
050,45,063,"South Carolina","Lexington County",5,17,4347,2188,2159
050,45,063,"South Carolina","Lexington County",5,18,3543,1845,1698
050,45,063,"South Carolina","Lexington County",5,19,2939,1523,1416
050,45,063,"South Carolina","Lexington County",5,20,3086,1557,1529
050,45,063,"South Carolina","Lexington County",5,21,3210,1604,1606
050,45,063,"South Carolina","Lexington County",5,22,3480,1727,1753
050,45,063,"South Carolina","Lexington County",5,23,3656,1777,1879
050,45,063,"South Carolina","Lexington County",5,24,3570,1795,1775
050,45,063,"South Carolina","Lexington County",5,25,3572,1817,1755
050,45,063,"South Carolina","Lexington County",5,26,3573,1758,1815
050,45,063,"South Carolina","Lexington County",5,27,3558,1806,1752
050,45,063,"South Carolina","Lexington County",5,28,3637,1806,1831
050,45,063,"South Carolina","Lexington County",5,29,3800,1860,1940
050,45,063,"South Carolina","Lexington County",5,30,3982,1953,2029
050,45,063,"South Carolina","Lexington County",5,31,4229,2043,2186
050,45,063,"South Carolina","Lexington County",5,32,4361,2153,2208
050,45,063,"South Carolina","Lexington County",5,33,4455,2152,2303
050,45,063,"South Carolina","Lexington County",5,34,4379,2112,2267
050,45,063,"South Carolina","Lexington County",5,35,4187,1985,2202
050,45,063,"South Carolina","Lexington County",5,36,4139,2031,2108
050,45,063,"South Carolina","Lexington County",5,37,4151,2029,2122
050,45,063,"South Carolina","Lexington County",5,38,4208,2063,2145
050,45,063,"South Carolina","Lexington County",5,39,4171,2010,2161
050,45,063,"South Carolina","Lexington County",5,40,4257,2042,2215
050,45,063,"South Carolina","Lexington County",5,41,4272,2037,2235
050,45,063,"South Carolina","Lexington County",5,42,4254,2036,2218
050,45,063,"South Carolina","Lexington County",5,43,4097,2037,2060
050,45,063,"South Carolina","Lexington County",5,44,3935,1966,1969
050,45,063,"South Carolina","Lexington County",5,45,3860,1890,1970
050,45,063,"South Carolina","Lexington County",5,46,3798,1859,1939
050,45,063,"South Carolina","Lexington County",5,47,3744,1818,1926
050,45,063,"South Carolina","Lexington County",5,48,3830,1862,1968
050,45,063,"South Carolina","Lexington County",5,49,3759,1829,1930
050,45,063,"South Carolina","Lexington County",5,50,3889,1910,1979
050,45,063,"South Carolina","Lexington County",5,51,4068,1973,2095
050,45,063,"South Carolina","Lexington County",5,52,4266,2112,2154
050,45,063,"South Carolina","Lexington County",5,53,4233,2098,2135
050,45,063,"South Carolina","Lexington County",5,54,4090,2084,2006
050,45,063,"South Carolina","Lexington County",5,55,3992,2057,1935
050,45,063,"South Carolina","Lexington County",5,56,3823,1873,1950
050,45,063,"South Carolina","Lexington County",5,57,3938,1942,1996
050,45,063,"South Carolina","Lexington County",5,58,4063,2002,2061
050,45,063,"South Carolina","Lexington County",5,59,4160,2010,2150
050,45,063,"South Carolina","Lexington County",5,60,4165,1996,2169
050,45,063,"South Carolina","Lexington County",5,61,4192,2007,2185
050,45,063,"South Carolina","Lexington County",5,62,4125,2002,2123
050,45,063,"South Carolina","Lexington County",5,63,3863,1888,1975
050,45,063,"South Carolina","Lexington County",5,64,3865,1874,1991
050,45,063,"South Carolina","Lexington County",5,65,3915,1858,2057
050,45,063,"South Carolina","Lexington County",5,66,3845,1851,1994
050,45,063,"South Carolina","Lexington County",5,67,3610,1680,1930
050,45,063,"South Carolina","Lexington County",5,68,3518,1633,1885
050,45,063,"South Carolina","Lexington County",5,69,3373,1532,1841
050,45,063,"South Carolina","Lexington County",5,70,3145,1408,1737
050,45,063,"South Carolina","Lexington County",5,71,3046,1406,1640
050,45,063,"South Carolina","Lexington County",5,72,2854,1326,1528
050,45,063,"South Carolina","Lexington County",5,73,2655,1225,1430
050,45,063,"South Carolina","Lexington County",5,74,2656,1199,1457
050,45,063,"South Carolina","Lexington County",5,75,2598,1145,1453
050,45,063,"South Carolina","Lexington County",5,76,2724,1241,1483
050,45,063,"South Carolina","Lexington County",5,77,1892,865,1027
050,45,063,"South Carolina","Lexington County",5,78,1775,781,994
050,45,063,"South Carolina","Lexington County",5,79,1681,763,918
050,45,063,"South Carolina","Lexington County",5,80,1664,722,942
050,45,063,"South Carolina","Lexington County",5,81,1450,623,827
050,45,063,"South Carolina","Lexington County",5,82,1221,516,705
050,45,063,"South Carolina","Lexington County",5,83,1039,451,588
050,45,063,"South Carolina","Lexington County",5,84,905,394,511
050,45,063,"South Carolina","Lexington County",5,85,4798,1682,3116
050,45,065,"South Carolina","McCormick County",1,0,46,24,22
050,45,065,"South Carolina","McCormick County",1,1,42,23,19
050,45,065,"South Carolina","McCormick County",1,2,39,21,18
050,45,065,"South Carolina","McCormick County",1,3,36,20,16
050,45,065,"South Carolina","McCormick County",1,4,50,28,22
050,45,065,"South Carolina","McCormick County",1,5,69,40,29
050,45,065,"South Carolina","McCormick County",1,6,49,24,25
050,45,065,"South Carolina","McCormick County",1,7,47,21,26
050,45,065,"South Carolina","McCormick County",1,8,43,22,21
050,45,065,"South Carolina","McCormick County",1,9,58,29,29
050,45,065,"South Carolina","McCormick County",1,10,59,33,26
050,45,065,"South Carolina","McCormick County",1,11,83,42,41
050,45,065,"South Carolina","McCormick County",1,12,81,45,36
050,45,065,"South Carolina","McCormick County",1,13,74,40,34
050,45,065,"South Carolina","McCormick County",1,14,58,28,30
050,45,065,"South Carolina","McCormick County",1,15,60,28,32
050,45,065,"South Carolina","McCormick County",1,16,63,33,30
050,45,065,"South Carolina","McCormick County",1,17,61,34,27
050,45,065,"South Carolina","McCormick County",1,18,52,27,25
050,45,065,"South Carolina","McCormick County",1,19,52,26,26
050,45,065,"South Carolina","McCormick County",1,20,47,24,23
050,45,065,"South Carolina","McCormick County",1,21,59,34,25
050,45,065,"South Carolina","McCormick County",1,22,78,46,32
050,45,065,"South Carolina","McCormick County",1,23,77,52,25
050,45,065,"South Carolina","McCormick County",1,24,82,53,29
050,45,065,"South Carolina","McCormick County",1,25,106,68,38
050,45,065,"South Carolina","McCormick County",1,26,104,63,41
050,45,065,"South Carolina","McCormick County",1,27,96,70,26
050,45,065,"South Carolina","McCormick County",1,28,99,72,27
050,45,065,"South Carolina","McCormick County",1,29,96,68,28
050,45,065,"South Carolina","McCormick County",1,30,109,79,30
050,45,065,"South Carolina","McCormick County",1,31,88,64,24
050,45,065,"South Carolina","McCormick County",1,32,89,61,28
050,45,065,"South Carolina","McCormick County",1,33,87,61,26
050,45,065,"South Carolina","McCormick County",1,34,77,48,29
050,45,065,"South Carolina","McCormick County",1,35,92,63,29
050,45,065,"South Carolina","McCormick County",1,36,83,54,29
050,45,065,"South Carolina","McCormick County",1,37,77,53,24
050,45,065,"South Carolina","McCormick County",1,38,84,53,31
050,45,065,"South Carolina","McCormick County",1,39,103,70,33
050,45,065,"South Carolina","McCormick County",1,40,89,59,30
050,45,065,"South Carolina","McCormick County",1,41,82,50,32
050,45,065,"South Carolina","McCormick County",1,42,91,51,40
050,45,065,"South Carolina","McCormick County",1,43,83,46,37
050,45,065,"South Carolina","McCormick County",1,44,80,53,27
050,45,065,"South Carolina","McCormick County",1,45,90,57,33
050,45,065,"South Carolina","McCormick County",1,46,101,57,44
050,45,065,"South Carolina","McCormick County",1,47,104,57,47
050,45,065,"South Carolina","McCormick County",1,48,114,68,46
050,45,065,"South Carolina","McCormick County",1,49,108,60,48
050,45,065,"South Carolina","McCormick County",1,50,131,72,59
050,45,065,"South Carolina","McCormick County",1,51,121,68,53
050,45,065,"South Carolina","McCormick County",1,52,113,67,46
050,45,065,"South Carolina","McCormick County",1,53,112,58,54
050,45,065,"South Carolina","McCormick County",1,54,119,63,56
050,45,065,"South Carolina","McCormick County",1,55,124,64,60
050,45,065,"South Carolina","McCormick County",1,56,152,82,70
050,45,065,"South Carolina","McCormick County",1,57,150,80,70
050,45,065,"South Carolina","McCormick County",1,58,149,73,76
050,45,065,"South Carolina","McCormick County",1,59,157,85,72
050,45,065,"South Carolina","McCormick County",1,60,174,84,90
050,45,065,"South Carolina","McCormick County",1,61,169,82,87
050,45,065,"South Carolina","McCormick County",1,62,185,86,99
050,45,065,"South Carolina","McCormick County",1,63,177,90,87
050,45,065,"South Carolina","McCormick County",1,64,203,111,92
050,45,065,"South Carolina","McCormick County",1,65,220,110,110
050,45,065,"South Carolina","McCormick County",1,66,213,100,113
050,45,065,"South Carolina","McCormick County",1,67,203,102,101
050,45,065,"South Carolina","McCormick County",1,68,217,102,115
050,45,065,"South Carolina","McCormick County",1,69,192,84,108
050,45,065,"South Carolina","McCormick County",1,70,191,92,99
050,45,065,"South Carolina","McCormick County",1,71,212,96,116
050,45,065,"South Carolina","McCormick County",1,72,230,97,133
050,45,065,"South Carolina","McCormick County",1,73,252,125,127
050,45,065,"South Carolina","McCormick County",1,74,161,73,88
050,45,065,"South Carolina","McCormick County",1,75,155,81,74
050,45,065,"South Carolina","McCormick County",1,76,155,73,82
050,45,065,"South Carolina","McCormick County",1,77,177,91,86
050,45,065,"South Carolina","McCormick County",1,78,149,78,71
050,45,065,"South Carolina","McCormick County",1,79,114,63,51
050,45,065,"South Carolina","McCormick County",1,80,109,60,49
050,45,065,"South Carolina","McCormick County",1,81,90,48,42
050,45,065,"South Carolina","McCormick County",1,82,78,40,38
050,45,065,"South Carolina","McCormick County",1,83,70,35,35
050,45,065,"South Carolina","McCormick County",1,84,52,27,25
050,45,065,"South Carolina","McCormick County",1,85,255,109,146
050,45,065,"South Carolina","McCormick County",2,0,43,21,22
050,45,065,"South Carolina","McCormick County",2,1,40,21,19
050,45,065,"South Carolina","McCormick County",2,2,39,21,18
050,45,065,"South Carolina","McCormick County",2,3,37,21,16
050,45,065,"South Carolina","McCormick County",2,4,48,26,22
050,45,065,"South Carolina","McCormick County",2,5,62,35,27
050,45,065,"South Carolina","McCormick County",2,6,53,27,26
050,45,065,"South Carolina","McCormick County",2,7,46,21,25
050,45,065,"South Carolina","McCormick County",2,8,46,22,24
050,45,065,"South Carolina","McCormick County",2,9,54,27,27
050,45,065,"South Carolina","McCormick County",2,10,60,33,27
050,45,065,"South Carolina","McCormick County",2,11,78,40,38
050,45,065,"South Carolina","McCormick County",2,12,83,44,39
050,45,065,"South Carolina","McCormick County",2,13,75,40,35
050,45,065,"South Carolina","McCormick County",2,14,61,30,31
050,45,065,"South Carolina","McCormick County",2,15,59,28,31
050,45,065,"South Carolina","McCormick County",2,16,62,32,30
050,45,065,"South Carolina","McCormick County",2,17,61,34,27
050,45,065,"South Carolina","McCormick County",2,18,53,28,25
050,45,065,"South Carolina","McCormick County",2,19,52,26,26
050,45,065,"South Carolina","McCormick County",2,20,49,25,24
050,45,065,"South Carolina","McCormick County",2,21,59,33,26
050,45,065,"South Carolina","McCormick County",2,22,75,45,30
050,45,065,"South Carolina","McCormick County",2,23,78,51,27
050,45,065,"South Carolina","McCormick County",2,24,84,56,28
050,45,065,"South Carolina","McCormick County",2,25,100,63,37
050,45,065,"South Carolina","McCormick County",2,26,101,62,39
050,45,065,"South Carolina","McCormick County",2,27,99,71,28
050,45,065,"South Carolina","McCormick County",2,28,97,71,26
050,45,065,"South Carolina","McCormick County",2,29,94,66,28
050,45,065,"South Carolina","McCormick County",2,30,104,76,28
050,45,065,"South Carolina","McCormick County",2,31,91,65,26
050,45,065,"South Carolina","McCormick County",2,32,87,61,26
050,45,065,"South Carolina","McCormick County",2,33,85,59,26
050,45,065,"South Carolina","McCormick County",2,34,77,49,28
050,45,065,"South Carolina","McCormick County",2,35,87,59,28
050,45,065,"South Carolina","McCormick County",2,36,83,54,29
050,45,065,"South Carolina","McCormick County",2,37,78,53,25
050,45,065,"South Carolina","McCormick County",2,38,82,52,30
050,45,065,"South Carolina","McCormick County",2,39,99,67,32
050,45,065,"South Carolina","McCormick County",2,40,89,59,30
050,45,065,"South Carolina","McCormick County",2,41,83,53,30
050,45,065,"South Carolina","McCormick County",2,42,88,51,37
050,45,065,"South Carolina","McCormick County",2,43,86,48,38
050,45,065,"South Carolina","McCormick County",2,44,80,52,28
050,45,065,"South Carolina","McCormick County",2,45,90,57,33
050,45,065,"South Carolina","McCormick County",2,46,98,57,41
050,45,065,"South Carolina","McCormick County",2,47,101,55,46
050,45,065,"South Carolina","McCormick County",2,48,116,68,48
050,45,065,"South Carolina","McCormick County",2,49,108,61,47
050,45,065,"South Carolina","McCormick County",2,50,127,70,57
050,45,065,"South Carolina","McCormick County",2,51,123,68,55
050,45,065,"South Carolina","McCormick County",2,52,114,67,47
050,45,065,"South Carolina","McCormick County",2,53,109,58,51
050,45,065,"South Carolina","McCormick County",2,54,119,64,55
050,45,065,"South Carolina","McCormick County",2,55,123,62,61
050,45,065,"South Carolina","McCormick County",2,56,150,79,71
050,45,065,"South Carolina","McCormick County",2,57,152,81,71
050,45,065,"South Carolina","McCormick County",2,58,154,78,76
050,45,065,"South Carolina","McCormick County",2,59,156,83,73
050,45,065,"South Carolina","McCormick County",2,60,171,84,87
050,45,065,"South Carolina","McCormick County",2,61,175,86,89
050,45,065,"South Carolina","McCormick County",2,62,182,86,96
050,45,065,"South Carolina","McCormick County",2,63,181,90,91
050,45,065,"South Carolina","McCormick County",2,64,197,106,91
050,45,065,"South Carolina","McCormick County",2,65,216,111,105
050,45,065,"South Carolina","McCormick County",2,66,215,102,113
050,45,065,"South Carolina","McCormick County",2,67,206,102,104
050,45,065,"South Carolina","McCormick County",2,68,210,102,108
050,45,065,"South Carolina","McCormick County",2,69,202,90,112
050,45,065,"South Carolina","McCormick County",2,70,194,91,103
050,45,065,"South Carolina","McCormick County",2,71,208,96,112
050,45,065,"South Carolina","McCormick County",2,72,225,98,127
050,45,065,"South Carolina","McCormick County",2,73,255,122,133
050,45,065,"South Carolina","McCormick County",2,74,170,80,90
050,45,065,"South Carolina","McCormick County",2,75,159,80,79
050,45,065,"South Carolina","McCormick County",2,76,154,74,80
050,45,065,"South Carolina","McCormick County",2,77,174,89,85
050,45,065,"South Carolina","McCormick County",2,78,149,77,72
050,45,065,"South Carolina","McCormick County",2,79,123,67,56
050,45,065,"South Carolina","McCormick County",2,80,108,59,49
050,45,065,"South Carolina","McCormick County",2,81,94,50,44
050,45,065,"South Carolina","McCormick County",2,82,79,40,39
050,45,065,"South Carolina","McCormick County",2,83,71,35,36
050,45,065,"South Carolina","McCormick County",2,84,57,29,28
050,45,065,"South Carolina","McCormick County",2,85,256,111,145
050,45,065,"South Carolina","McCormick County",3,0,59,28,31
050,45,065,"South Carolina","McCormick County",3,1,40,17,23
050,45,065,"South Carolina","McCormick County",3,2,45,22,23
050,45,065,"South Carolina","McCormick County",3,3,42,23,19
050,45,065,"South Carolina","McCormick County",3,4,42,25,17
050,45,065,"South Carolina","McCormick County",3,5,46,22,24
050,45,065,"South Carolina","McCormick County",3,6,61,31,30
050,45,065,"South Carolina","McCormick County",3,7,60,31,29
050,45,065,"South Carolina","McCormick County",3,8,44,20,24
050,45,065,"South Carolina","McCormick County",3,9,49,23,26
050,45,065,"South Carolina","McCormick County",3,10,55,27,28
050,45,065,"South Carolina","McCormick County",3,11,64,34,30
050,45,065,"South Carolina","McCormick County",3,12,76,39,37
050,45,065,"South Carolina","McCormick County",3,13,77,41,36
050,45,065,"South Carolina","McCormick County",3,14,75,38,37
050,45,065,"South Carolina","McCormick County",3,15,58,28,30
050,45,065,"South Carolina","McCormick County",3,16,61,29,32
050,45,065,"South Carolina","McCormick County",3,17,61,31,30
050,45,065,"South Carolina","McCormick County",3,18,56,27,29
050,45,065,"South Carolina","McCormick County",3,19,47,26,21
050,45,065,"South Carolina","McCormick County",3,20,65,32,33
050,45,065,"South Carolina","McCormick County",3,21,63,35,28
050,45,065,"South Carolina","McCormick County",3,22,66,42,24
050,45,065,"South Carolina","McCormick County",3,23,82,52,30
050,45,065,"South Carolina","McCormick County",3,24,88,63,25
050,45,065,"South Carolina","McCormick County",3,25,85,58,27
050,45,065,"South Carolina","McCormick County",3,26,95,56,39
050,45,065,"South Carolina","McCormick County",3,27,110,76,34
050,45,065,"South Carolina","McCormick County",3,28,113,82,31
050,45,065,"South Carolina","McCormick County",3,29,91,66,25
050,45,065,"South Carolina","McCormick County",3,30,104,74,30
050,45,065,"South Carolina","McCormick County",3,31,98,69,29
050,45,065,"South Carolina","McCormick County",3,32,104,77,27
050,45,065,"South Carolina","McCormick County",3,33,101,75,26
050,45,065,"South Carolina","McCormick County",3,34,80,49,31
050,45,065,"South Carolina","McCormick County",3,35,98,62,36
050,45,065,"South Carolina","McCormick County",3,36,84,57,27
050,45,065,"South Carolina","McCormick County",3,37,100,65,35
050,45,065,"South Carolina","McCormick County",3,38,84,55,29
050,45,065,"South Carolina","McCormick County",3,39,98,69,29
050,45,065,"South Carolina","McCormick County",3,40,92,59,33
050,45,065,"South Carolina","McCormick County",3,41,91,59,32
050,45,065,"South Carolina","McCormick County",3,42,92,58,34
050,45,065,"South Carolina","McCormick County",3,43,88,50,38
050,45,065,"South Carolina","McCormick County",3,44,97,54,43
050,45,065,"South Carolina","McCormick County",3,45,94,56,38
050,45,065,"South Carolina","McCormick County",3,46,88,58,30
050,45,065,"South Carolina","McCormick County",3,47,93,51,42
050,45,065,"South Carolina","McCormick County",3,48,109,63,46
050,45,065,"South Carolina","McCormick County",3,49,109,62,47
050,45,065,"South Carolina","McCormick County",3,50,111,66,45
050,45,065,"South Carolina","McCormick County",3,51,124,72,52
050,45,065,"South Carolina","McCormick County",3,52,115,67,48
050,45,065,"South Carolina","McCormick County",3,53,107,60,47
050,45,065,"South Carolina","McCormick County",3,54,121,64,57
050,45,065,"South Carolina","McCormick County",3,55,116,58,58
050,45,065,"South Carolina","McCormick County",3,56,141,74,67
050,45,065,"South Carolina","McCormick County",3,57,159,82,77
050,45,065,"South Carolina","McCormick County",3,58,163,87,76
050,45,065,"South Carolina","McCormick County",3,59,168,81,87
050,45,065,"South Carolina","McCormick County",3,60,174,92,82
050,45,065,"South Carolina","McCormick County",3,61,193,92,101
050,45,065,"South Carolina","McCormick County",3,62,209,93,116
050,45,065,"South Carolina","McCormick County",3,63,199,91,108
050,45,065,"South Carolina","McCormick County",3,64,197,99,98
050,45,065,"South Carolina","McCormick County",3,65,204,108,96
050,45,065,"South Carolina","McCormick County",3,66,219,111,108
050,45,065,"South Carolina","McCormick County",3,67,225,110,115
050,45,065,"South Carolina","McCormick County",3,68,206,103,103
050,45,065,"South Carolina","McCormick County",3,69,213,100,113
050,45,065,"South Carolina","McCormick County",3,70,192,86,106
050,45,065,"South Carolina","McCormick County",3,71,196,93,103
050,45,065,"South Carolina","McCormick County",3,72,200,89,111
050,45,065,"South Carolina","McCormick County",3,73,232,101,131
050,45,065,"South Carolina","McCormick County",3,74,240,114,126
050,45,065,"South Carolina","McCormick County",3,75,162,79,83
050,45,065,"South Carolina","McCormick County",3,76,148,75,73
050,45,065,"South Carolina","McCormick County",3,77,148,72,76
050,45,065,"South Carolina","McCormick County",3,78,162,82,80
050,45,065,"South Carolina","McCormick County",3,79,135,65,70
050,45,065,"South Carolina","McCormick County",3,80,120,68,52
050,45,065,"South Carolina","McCormick County",3,81,99,56,43
050,45,065,"South Carolina","McCormick County",3,82,91,49,42
050,45,065,"South Carolina","McCormick County",3,83,71,35,36
050,45,065,"South Carolina","McCormick County",3,84,63,30,33
050,45,065,"South Carolina","McCormick County",3,85,261,116,145
050,45,065,"South Carolina","McCormick County",4,0,69,43,26
050,45,065,"South Carolina","McCormick County",4,1,58,31,27
050,45,065,"South Carolina","McCormick County",4,2,43,21,22
050,45,065,"South Carolina","McCormick County",4,3,36,20,16
050,45,065,"South Carolina","McCormick County",4,4,42,24,18
050,45,065,"South Carolina","McCormick County",4,5,40,23,17
050,45,065,"South Carolina","McCormick County",4,6,44,20,24
050,45,065,"South Carolina","McCormick County",4,7,58,31,27
050,45,065,"South Carolina","McCormick County",4,8,57,27,30
050,45,065,"South Carolina","McCormick County",4,9,48,24,24
050,45,065,"South Carolina","McCormick County",4,10,49,25,24
050,45,065,"South Carolina","McCormick County",4,11,51,25,26
050,45,065,"South Carolina","McCormick County",4,12,61,32,29
050,45,065,"South Carolina","McCormick County",4,13,75,39,36
050,45,065,"South Carolina","McCormick County",4,14,79,43,36
050,45,065,"South Carolina","McCormick County",4,15,70,37,33
050,45,065,"South Carolina","McCormick County",4,16,59,29,30
050,45,065,"South Carolina","McCormick County",4,17,64,31,33
050,45,065,"South Carolina","McCormick County",4,18,55,27,28
050,45,065,"South Carolina","McCormick County",4,19,54,27,27
050,45,065,"South Carolina","McCormick County",4,20,49,27,22
050,45,065,"South Carolina","McCormick County",4,21,78,42,36
050,45,065,"South Carolina","McCormick County",4,22,64,38,26
050,45,065,"South Carolina","McCormick County",4,23,67,44,23
050,45,065,"South Carolina","McCormick County",4,24,85,54,31
050,45,065,"South Carolina","McCormick County",4,25,75,52,23
050,45,065,"South Carolina","McCormick County",4,26,66,43,23
050,45,065,"South Carolina","McCormick County",4,27,97,60,37
050,45,065,"South Carolina","McCormick County",4,28,106,73,33
050,45,065,"South Carolina","McCormick County",4,29,101,70,31
050,45,065,"South Carolina","McCormick County",4,30,81,54,27
050,45,065,"South Carolina","McCormick County",4,31,94,62,32
050,45,065,"South Carolina","McCormick County",4,32,95,65,30
050,45,065,"South Carolina","McCormick County",4,33,96,71,25
050,45,065,"South Carolina","McCormick County",4,34,76,47,29
050,45,065,"South Carolina","McCormick County",4,35,70,45,25
050,45,065,"South Carolina","McCormick County",4,36,97,61,36
050,45,065,"South Carolina","McCormick County",4,37,78,51,27
050,45,065,"South Carolina","McCormick County",4,38,94,59,35
050,45,065,"South Carolina","McCormick County",4,39,91,59,32
050,45,065,"South Carolina","McCormick County",4,40,84,52,32
050,45,065,"South Carolina","McCormick County",4,41,79,47,32
050,45,065,"South Carolina","McCormick County",4,42,78,49,29
050,45,065,"South Carolina","McCormick County",4,43,83,47,36
050,45,065,"South Carolina","McCormick County",4,44,80,44,36
050,45,065,"South Carolina","McCormick County",4,45,93,49,44
050,45,065,"South Carolina","McCormick County",4,46,84,47,37
050,45,065,"South Carolina","McCormick County",4,47,79,44,35
050,45,065,"South Carolina","McCormick County",4,48,94,54,40
050,45,065,"South Carolina","McCormick County",4,49,98,52,46
050,45,065,"South Carolina","McCormick County",4,50,112,59,53
050,45,065,"South Carolina","McCormick County",4,51,104,57,47
050,45,065,"South Carolina","McCormick County",4,52,114,60,54
050,45,065,"South Carolina","McCormick County",4,53,109,55,54
050,45,065,"South Carolina","McCormick County",4,54,109,59,50
050,45,065,"South Carolina","McCormick County",4,55,108,49,59
050,45,065,"South Carolina","McCormick County",4,56,129,62,67
050,45,065,"South Carolina","McCormick County",4,57,147,76,71
050,45,065,"South Carolina","McCormick County",4,58,170,83,87
050,45,065,"South Carolina","McCormick County",4,59,174,88,86
050,45,065,"South Carolina","McCormick County",4,60,185,87,98
050,45,065,"South Carolina","McCormick County",4,61,184,90,94
050,45,065,"South Carolina","McCormick County",4,62,222,107,115
050,45,065,"South Carolina","McCormick County",4,63,229,103,126
050,45,065,"South Carolina","McCormick County",4,64,210,99,111
050,45,065,"South Carolina","McCormick County",4,65,222,109,113
050,45,065,"South Carolina","McCormick County",4,66,229,120,109
050,45,065,"South Carolina","McCormick County",4,67,239,118,121
050,45,065,"South Carolina","McCormick County",4,68,237,115,122
050,45,065,"South Carolina","McCormick County",4,69,224,111,113
050,45,065,"South Carolina","McCormick County",4,70,214,100,114
050,45,065,"South Carolina","McCormick County",4,71,209,95,114
050,45,065,"South Carolina","McCormick County",4,72,207,103,104
050,45,065,"South Carolina","McCormick County",4,73,192,88,104
050,45,065,"South Carolina","McCormick County",4,74,226,103,123
050,45,065,"South Carolina","McCormick County",4,75,234,113,121
050,45,065,"South Carolina","McCormick County",4,76,169,85,84
050,45,065,"South Carolina","McCormick County",4,77,152,80,72
050,45,065,"South Carolina","McCormick County",4,78,143,72,71
050,45,065,"South Carolina","McCormick County",4,79,153,78,75
050,45,065,"South Carolina","McCormick County",4,80,133,68,65
050,45,065,"South Carolina","McCormick County",4,81,110,62,48
050,45,065,"South Carolina","McCormick County",4,82,96,52,44
050,45,065,"South Carolina","McCormick County",4,83,82,42,40
050,45,065,"South Carolina","McCormick County",4,84,65,30,35
050,45,065,"South Carolina","McCormick County",4,85,275,128,147
050,45,065,"South Carolina","McCormick County",5,0,74,46,28
050,45,065,"South Carolina","McCormick County",5,1,65,39,26
050,45,065,"South Carolina","McCormick County",5,2,59,27,32
050,45,065,"South Carolina","McCormick County",5,3,44,21,23
050,45,065,"South Carolina","McCormick County",5,4,38,22,16
050,45,065,"South Carolina","McCormick County",5,5,45,23,22
050,45,065,"South Carolina","McCormick County",5,6,42,22,20
050,45,065,"South Carolina","McCormick County",5,7,43,24,19
050,45,065,"South Carolina","McCormick County",5,8,56,35,21
050,45,065,"South Carolina","McCormick County",5,9,54,25,29
050,45,065,"South Carolina","McCormick County",5,10,46,22,24
050,45,065,"South Carolina","McCormick County",5,11,48,24,24
050,45,065,"South Carolina","McCormick County",5,12,54,26,28
050,45,065,"South Carolina","McCormick County",5,13,65,33,32
050,45,065,"South Carolina","McCormick County",5,14,71,37,34
050,45,065,"South Carolina","McCormick County",5,15,78,41,37
050,45,065,"South Carolina","McCormick County",5,16,71,38,33
050,45,065,"South Carolina","McCormick County",5,17,61,30,31
050,45,065,"South Carolina","McCormick County",5,18,61,31,30
050,45,065,"South Carolina","McCormick County",5,19,51,24,27
050,45,065,"South Carolina","McCormick County",5,20,57,26,31
050,45,065,"South Carolina","McCormick County",5,21,60,33,27
050,45,065,"South Carolina","McCormick County",5,22,81,49,32
050,45,065,"South Carolina","McCormick County",5,23,58,35,23
050,45,065,"South Carolina","McCormick County",5,24,86,55,31
050,45,065,"South Carolina","McCormick County",5,25,81,47,34
050,45,065,"South Carolina","McCormick County",5,26,64,43,21
050,45,065,"South Carolina","McCormick County",5,27,72,48,24
050,45,065,"South Carolina","McCormick County",5,28,101,63,38
050,45,065,"South Carolina","McCormick County",5,29,104,69,35
050,45,065,"South Carolina","McCormick County",5,30,98,64,34
050,45,065,"South Carolina","McCormick County",5,31,72,46,26
050,45,065,"South Carolina","McCormick County",5,32,87,57,30
050,45,065,"South Carolina","McCormick County",5,33,90,66,24
050,45,065,"South Carolina","McCormick County",5,34,87,60,27
050,45,065,"South Carolina","McCormick County",5,35,77,48,29
050,45,065,"South Carolina","McCormick County",5,36,74,44,30
050,45,065,"South Carolina","McCormick County",5,37,92,60,32
050,45,065,"South Carolina","McCormick County",5,38,78,49,29
050,45,065,"South Carolina","McCormick County",5,39,98,64,34
050,45,065,"South Carolina","McCormick County",5,40,77,51,26
050,45,065,"South Carolina","McCormick County",5,41,82,50,32
050,45,065,"South Carolina","McCormick County",5,42,77,46,31
050,45,065,"South Carolina","McCormick County",5,43,78,46,32
050,45,065,"South Carolina","McCormick County",5,44,86,54,32
050,45,065,"South Carolina","McCormick County",5,45,86,46,40
050,45,065,"South Carolina","McCormick County",5,46,88,46,42
050,45,065,"South Carolina","McCormick County",5,47,83,46,37
050,45,065,"South Carolina","McCormick County",5,48,89,50,39
050,45,065,"South Carolina","McCormick County",5,49,95,51,44
050,45,065,"South Carolina","McCormick County",5,50,97,54,43
050,45,065,"South Carolina","McCormick County",5,51,124,59,65
050,45,065,"South Carolina","McCormick County",5,52,115,64,51
050,45,065,"South Carolina","McCormick County",5,53,118,55,63
050,45,065,"South Carolina","McCormick County",5,54,115,58,57
050,45,065,"South Carolina","McCormick County",5,55,110,58,52
050,45,065,"South Carolina","McCormick County",5,56,113,56,57
050,45,065,"South Carolina","McCormick County",5,57,139,65,74
050,45,065,"South Carolina","McCormick County",5,58,158,80,78
050,45,065,"South Carolina","McCormick County",5,59,178,80,98
050,45,065,"South Carolina","McCormick County",5,60,201,105,96
050,45,065,"South Carolina","McCormick County",5,61,199,95,104
050,45,065,"South Carolina","McCormick County",5,62,196,97,99
050,45,065,"South Carolina","McCormick County",5,63,251,124,127
050,45,065,"South Carolina","McCormick County",5,64,256,120,136
050,45,065,"South Carolina","McCormick County",5,65,233,107,126
050,45,065,"South Carolina","McCormick County",5,66,237,114,123
050,45,065,"South Carolina","McCormick County",5,67,239,128,111
050,45,065,"South Carolina","McCormick County",5,68,244,121,123
050,45,065,"South Carolina","McCormick County",5,69,247,117,130
050,45,065,"South Carolina","McCormick County",5,70,220,110,110
050,45,065,"South Carolina","McCormick County",5,71,219,102,117
050,45,065,"South Carolina","McCormick County",5,72,210,95,115
050,45,065,"South Carolina","McCormick County",5,73,208,100,108
050,45,065,"South Carolina","McCormick County",5,74,188,84,104
050,45,065,"South Carolina","McCormick County",5,75,224,104,120
050,45,065,"South Carolina","McCormick County",5,76,244,121,123
050,45,065,"South Carolina","McCormick County",5,77,166,85,81
050,45,065,"South Carolina","McCormick County",5,78,142,73,69
050,45,065,"South Carolina","McCormick County",5,79,137,72,65
050,45,065,"South Carolina","McCormick County",5,80,151,78,73
050,45,065,"South Carolina","McCormick County",5,81,122,62,60
050,45,065,"South Carolina","McCormick County",5,82,103,59,44
050,45,065,"South Carolina","McCormick County",5,83,86,45,41
050,45,065,"South Carolina","McCormick County",5,84,77,38,39
050,45,065,"South Carolina","McCormick County",5,85,290,134,156
050,45,067,"South Carolina","Marion County",1,0,297,149,148
050,45,067,"South Carolina","Marion County",1,1,317,155,162
050,45,067,"South Carolina","Marion County",1,2,330,177,153
050,45,067,"South Carolina","Marion County",1,3,329,173,156
050,45,067,"South Carolina","Marion County",1,4,355,179,176
050,45,067,"South Carolina","Marion County",1,5,347,177,170
050,45,067,"South Carolina","Marion County",1,6,356,194,162
050,45,067,"South Carolina","Marion County",1,7,351,184,167
050,45,067,"South Carolina","Marion County",1,8,363,161,202
050,45,067,"South Carolina","Marion County",1,9,361,174,187
050,45,067,"South Carolina","Marion County",1,10,403,203,200
050,45,067,"South Carolina","Marion County",1,11,381,195,186
050,45,067,"South Carolina","Marion County",1,12,412,212,200
050,45,067,"South Carolina","Marion County",1,13,440,223,217
050,45,067,"South Carolina","Marion County",1,14,388,189,199
050,45,067,"South Carolina","Marion County",1,15,375,193,182
050,45,067,"South Carolina","Marion County",1,16,395,203,192
050,45,067,"South Carolina","Marion County",1,17,396,190,206
050,45,067,"South Carolina","Marion County",1,18,329,169,160
050,45,067,"South Carolina","Marion County",1,19,295,160,135
050,45,067,"South Carolina","Marion County",1,20,308,157,151
050,45,067,"South Carolina","Marion County",1,21,302,154,148
050,45,067,"South Carolina","Marion County",1,22,311,163,148
050,45,067,"South Carolina","Marion County",1,23,320,156,164
050,45,067,"South Carolina","Marion County",1,24,328,155,173
050,45,067,"South Carolina","Marion County",1,25,347,152,195
050,45,067,"South Carolina","Marion County",1,26,370,181,189
050,45,067,"South Carolina","Marion County",1,27,361,185,176
050,45,067,"South Carolina","Marion County",1,28,367,164,203
050,45,067,"South Carolina","Marion County",1,29,392,182,210
050,45,067,"South Carolina","Marion County",1,30,381,193,188
050,45,067,"South Carolina","Marion County",1,31,321,160,161
050,45,067,"South Carolina","Marion County",1,32,296,139,157
050,45,067,"South Carolina","Marion County",1,33,278,131,147
050,45,067,"South Carolina","Marion County",1,34,266,112,154
050,45,067,"South Carolina","Marion County",1,35,302,127,175
050,45,067,"South Carolina","Marion County",1,36,303,128,175
050,45,067,"South Carolina","Marion County",1,37,328,145,183
050,45,067,"South Carolina","Marion County",1,38,358,161,197
050,45,067,"South Carolina","Marion County",1,39,348,165,183
050,45,067,"South Carolina","Marion County",1,40,366,175,191
050,45,067,"South Carolina","Marion County",1,41,337,158,179
050,45,067,"South Carolina","Marion County",1,42,339,154,185
050,45,067,"South Carolina","Marion County",1,43,342,156,186
050,45,067,"South Carolina","Marion County",1,44,352,162,190
050,45,067,"South Carolina","Marion County",1,45,340,164,176
050,45,067,"South Carolina","Marion County",1,46,325,146,179
050,45,067,"South Carolina","Marion County",1,47,336,150,186
050,45,067,"South Carolina","Marion County",1,48,351,165,186
050,45,067,"South Carolina","Marion County",1,49,356,172,184
050,45,067,"South Carolina","Marion County",1,50,357,168,189
050,45,067,"South Carolina","Marion County",1,51,354,177,177
050,45,067,"South Carolina","Marion County",1,52,365,166,199
050,45,067,"South Carolina","Marion County",1,53,370,161,209
050,45,067,"South Carolina","Marion County",1,54,387,168,219
050,45,067,"South Carolina","Marion County",1,55,425,207,218
050,45,067,"South Carolina","Marion County",1,56,390,185,205
050,45,067,"South Carolina","Marion County",1,57,383,178,205
050,45,067,"South Carolina","Marion County",1,58,397,183,214
050,45,067,"South Carolina","Marion County",1,59,403,184,219
050,45,067,"South Carolina","Marion County",1,60,415,199,216
050,45,067,"South Carolina","Marion County",1,61,403,181,222
050,45,067,"South Carolina","Marion County",1,62,423,188,235
050,45,067,"South Carolina","Marion County",1,63,458,200,258
050,45,067,"South Carolina","Marion County",1,64,460,197,263
050,45,067,"South Carolina","Marion County",1,65,434,184,250
050,45,067,"South Carolina","Marion County",1,66,432,188,244
050,45,067,"South Carolina","Marion County",1,67,389,178,211
050,45,067,"South Carolina","Marion County",1,68,413,190,223
050,45,067,"South Carolina","Marion County",1,69,400,169,231
050,45,067,"South Carolina","Marion County",1,70,391,169,222
050,45,067,"South Carolina","Marion County",1,71,364,162,202
050,45,067,"South Carolina","Marion County",1,72,360,162,198
050,45,067,"South Carolina","Marion County",1,73,341,143,198
050,45,067,"South Carolina","Marion County",1,74,256,106,150
050,45,067,"South Carolina","Marion County",1,75,254,102,152
050,45,067,"South Carolina","Marion County",1,76,228,90,138
050,45,067,"South Carolina","Marion County",1,77,212,88,124
050,45,067,"South Carolina","Marion County",1,78,193,80,113
050,45,067,"South Carolina","Marion County",1,79,181,73,108
050,45,067,"South Carolina","Marion County",1,80,145,65,80
050,45,067,"South Carolina","Marion County",1,81,130,57,73
050,45,067,"South Carolina","Marion County",1,82,127,48,79
050,45,067,"South Carolina","Marion County",1,83,109,39,70
050,45,067,"South Carolina","Marion County",1,84,111,36,75
050,45,067,"South Carolina","Marion County",1,85,474,131,343
050,45,067,"South Carolina","Marion County",2,0,306,151,155
050,45,067,"South Carolina","Marion County",2,1,311,153,158
050,45,067,"South Carolina","Marion County",2,2,325,171,154
050,45,067,"South Carolina","Marion County",2,3,328,174,154
050,45,067,"South Carolina","Marion County",2,4,346,176,170
050,45,067,"South Carolina","Marion County",2,5,349,177,172
050,45,067,"South Carolina","Marion County",2,6,354,191,163
050,45,067,"South Carolina","Marion County",2,7,348,183,165
050,45,067,"South Carolina","Marion County",2,8,355,164,191
050,45,067,"South Carolina","Marion County",2,9,361,171,190
050,45,067,"South Carolina","Marion County",2,10,391,195,196
050,45,067,"South Carolina","Marion County",2,11,383,194,189
050,45,067,"South Carolina","Marion County",2,12,406,211,195
050,45,067,"South Carolina","Marion County",2,13,431,220,211
050,45,067,"South Carolina","Marion County",2,14,398,196,202
050,45,067,"South Carolina","Marion County",2,15,380,190,190
050,45,067,"South Carolina","Marion County",2,16,392,200,192
050,45,067,"South Carolina","Marion County",2,17,395,192,203
050,45,067,"South Carolina","Marion County",2,18,329,166,163
050,45,067,"South Carolina","Marion County",2,19,292,157,135
050,45,067,"South Carolina","Marion County",2,20,312,161,151
050,45,067,"South Carolina","Marion County",2,21,305,155,150
050,45,067,"South Carolina","Marion County",2,22,315,162,153
050,45,067,"South Carolina","Marion County",2,23,319,158,161
050,45,067,"South Carolina","Marion County",2,24,326,154,172
050,45,067,"South Carolina","Marion County",2,25,343,155,188
050,45,067,"South Carolina","Marion County",2,26,360,173,187
050,45,067,"South Carolina","Marion County",2,27,360,182,178
050,45,067,"South Carolina","Marion County",2,28,367,170,197
050,45,067,"South Carolina","Marion County",2,29,387,180,207
050,45,067,"South Carolina","Marion County",2,30,380,190,190
050,45,067,"South Carolina","Marion County",2,31,332,165,167
050,45,067,"South Carolina","Marion County",2,32,301,143,158
050,45,067,"South Carolina","Marion County",2,33,279,131,148
050,45,067,"South Carolina","Marion County",2,34,266,115,151
050,45,067,"South Carolina","Marion County",2,35,297,126,171
050,45,067,"South Carolina","Marion County",2,36,300,126,174
050,45,067,"South Carolina","Marion County",2,37,320,141,179
050,45,067,"South Carolina","Marion County",2,38,349,156,193
050,45,067,"South Carolina","Marion County",2,39,349,163,186
050,45,067,"South Carolina","Marion County",2,40,364,175,189
050,45,067,"South Carolina","Marion County",2,41,342,161,181
050,45,067,"South Carolina","Marion County",2,42,336,155,181
050,45,067,"South Carolina","Marion County",2,43,344,157,187
050,45,067,"South Carolina","Marion County",2,44,346,160,186
050,45,067,"South Carolina","Marion County",2,45,343,164,179
050,45,067,"South Carolina","Marion County",2,46,328,151,177
050,45,067,"South Carolina","Marion County",2,47,335,150,185
050,45,067,"South Carolina","Marion County",2,48,348,162,186
050,45,067,"South Carolina","Marion County",2,49,355,171,184
050,45,067,"South Carolina","Marion County",2,50,354,167,187
050,45,067,"South Carolina","Marion County",2,51,350,172,178
050,45,067,"South Carolina","Marion County",2,52,361,169,192
050,45,067,"South Carolina","Marion County",2,53,367,163,204
050,45,067,"South Carolina","Marion County",2,54,380,166,214
050,45,067,"South Carolina","Marion County",2,55,409,196,213
050,45,067,"South Carolina","Marion County",2,56,398,189,209
050,45,067,"South Carolina","Marion County",2,57,385,178,207
050,45,067,"South Carolina","Marion County",2,58,389,180,209
050,45,067,"South Carolina","Marion County",2,59,400,182,218
050,45,067,"South Carolina","Marion County",2,60,411,194,217
050,45,067,"South Carolina","Marion County",2,61,407,185,222
050,45,067,"South Carolina","Marion County",2,62,411,181,230
050,45,067,"South Carolina","Marion County",2,63,451,198,253
050,45,067,"South Carolina","Marion County",2,64,452,194,258
050,45,067,"South Carolina","Marion County",2,65,442,189,253
050,45,067,"South Carolina","Marion County",2,66,432,185,247
050,45,067,"South Carolina","Marion County",2,67,395,178,217
050,45,067,"South Carolina","Marion County",2,68,401,183,218
050,45,067,"South Carolina","Marion County",2,69,404,172,232
050,45,067,"South Carolina","Marion County",2,70,391,167,224
050,45,067,"South Carolina","Marion County",2,71,368,164,204
050,45,067,"South Carolina","Marion County",2,72,354,158,196
050,45,067,"South Carolina","Marion County",2,73,356,152,204
050,45,067,"South Carolina","Marion County",2,74,259,108,151
050,45,067,"South Carolina","Marion County",2,75,252,100,152
050,45,067,"South Carolina","Marion County",2,76,230,91,139
050,45,067,"South Carolina","Marion County",2,77,219,89,130
050,45,067,"South Carolina","Marion County",2,78,188,78,110
050,45,067,"South Carolina","Marion County",2,79,179,72,107
050,45,067,"South Carolina","Marion County",2,80,150,65,85
050,45,067,"South Carolina","Marion County",2,81,132,58,74
050,45,067,"South Carolina","Marion County",2,82,124,48,76
050,45,067,"South Carolina","Marion County",2,83,111,39,72
050,45,067,"South Carolina","Marion County",2,84,108,36,72
050,45,067,"South Carolina","Marion County",2,85,478,132,346
050,45,067,"South Carolina","Marion County",3,0,334,177,157
050,45,067,"South Carolina","Marion County",3,1,301,156,145
050,45,067,"South Carolina","Marion County",3,2,305,155,150
050,45,067,"South Carolina","Marion County",3,3,308,162,146
050,45,067,"South Carolina","Marion County",3,4,324,176,148
050,45,067,"South Carolina","Marion County",3,5,352,180,172
050,45,067,"South Carolina","Marion County",3,6,334,169,165
050,45,067,"South Carolina","Marion County",3,7,347,193,154
050,45,067,"South Carolina","Marion County",3,8,337,181,156
050,45,067,"South Carolina","Marion County",3,9,353,166,187
050,45,067,"South Carolina","Marion County",3,10,360,178,182
050,45,067,"South Carolina","Marion County",3,11,397,194,203
050,45,067,"South Carolina","Marion County",3,12,396,199,197
050,45,067,"South Carolina","Marion County",3,13,397,209,188
050,45,067,"South Carolina","Marion County",3,14,431,222,209
050,45,067,"South Carolina","Marion County",3,15,400,201,199
050,45,067,"South Carolina","Marion County",3,16,395,197,198
050,45,067,"South Carolina","Marion County",3,17,395,211,184
050,45,067,"South Carolina","Marion County",3,18,343,173,170
050,45,067,"South Carolina","Marion County",3,19,275,141,134
050,45,067,"South Carolina","Marion County",3,20,300,158,142
050,45,067,"South Carolina","Marion County",3,21,330,170,160
050,45,067,"South Carolina","Marion County",3,22,319,156,163
050,45,067,"South Carolina","Marion County",3,23,313,159,154
050,45,067,"South Carolina","Marion County",3,24,315,153,162
050,45,067,"South Carolina","Marion County",3,25,317,157,160
050,45,067,"South Carolina","Marion County",3,26,343,157,186
050,45,067,"South Carolina","Marion County",3,27,349,175,174
050,45,067,"South Carolina","Marion County",3,28,360,174,186
050,45,067,"South Carolina","Marion County",3,29,361,170,191
050,45,067,"South Carolina","Marion County",3,30,360,174,186
050,45,067,"South Carolina","Marion County",3,31,385,194,191
050,45,067,"South Carolina","Marion County",3,32,321,157,164
050,45,067,"South Carolina","Marion County",3,33,300,143,157
050,45,067,"South Carolina","Marion County",3,34,287,133,154
050,45,067,"South Carolina","Marion County",3,35,261,114,147
050,45,067,"South Carolina","Marion County",3,36,304,129,175
050,45,067,"South Carolina","Marion County",3,37,305,131,174
050,45,067,"South Carolina","Marion County",3,38,310,129,181
050,45,067,"South Carolina","Marion County",3,39,363,165,198
050,45,067,"South Carolina","Marion County",3,40,355,162,193
050,45,067,"South Carolina","Marion County",3,41,370,185,185
050,45,067,"South Carolina","Marion County",3,42,350,164,186
050,45,067,"South Carolina","Marion County",3,43,334,153,181
050,45,067,"South Carolina","Marion County",3,44,346,158,188
050,45,067,"South Carolina","Marion County",3,45,351,162,189
050,45,067,"South Carolina","Marion County",3,46,342,163,179
050,45,067,"South Carolina","Marion County",3,47,315,143,172
050,45,067,"South Carolina","Marion County",3,48,335,144,191
050,45,067,"South Carolina","Marion County",3,49,354,168,186
050,45,067,"South Carolina","Marion County",3,50,361,177,184
050,45,067,"South Carolina","Marion County",3,51,358,170,188
050,45,067,"South Carolina","Marion County",3,52,346,167,179
050,45,067,"South Carolina","Marion County",3,53,356,162,194
050,45,067,"South Carolina","Marion County",3,54,353,151,202
050,45,067,"South Carolina","Marion County",3,55,383,166,217
050,45,067,"South Carolina","Marion County",3,56,406,189,217
050,45,067,"South Carolina","Marion County",3,57,390,186,204
050,45,067,"South Carolina","Marion County",3,58,379,173,206
050,45,067,"South Carolina","Marion County",3,59,378,175,203
050,45,067,"South Carolina","Marion County",3,60,391,176,215
050,45,067,"South Carolina","Marion County",3,61,407,198,209
050,45,067,"South Carolina","Marion County",3,62,405,182,223
050,45,067,"South Carolina","Marion County",3,63,411,184,227
050,45,067,"South Carolina","Marion County",3,64,438,197,241
050,45,067,"South Carolina","Marion County",3,65,451,191,260
050,45,067,"South Carolina","Marion County",3,66,433,180,253
050,45,067,"South Carolina","Marion County",3,67,420,177,243
050,45,067,"South Carolina","Marion County",3,68,381,168,213
050,45,067,"South Carolina","Marion County",3,69,396,177,219
050,45,067,"South Carolina","Marion County",3,70,391,165,226
050,45,067,"South Carolina","Marion County",3,71,378,165,213
050,45,067,"South Carolina","Marion County",3,72,352,157,195
050,45,067,"South Carolina","Marion County",3,73,341,154,187
050,45,067,"South Carolina","Marion County",3,74,346,152,194
050,45,067,"South Carolina","Marion County",3,75,241,96,145
050,45,067,"South Carolina","Marion County",3,76,241,97,144
050,45,067,"South Carolina","Marion County",3,77,214,85,129
050,45,067,"South Carolina","Marion County",3,78,205,86,119
050,45,067,"South Carolina","Marion County",3,79,174,70,104
050,45,067,"South Carolina","Marion County",3,80,162,66,96
050,45,067,"South Carolina","Marion County",3,81,139,57,82
050,45,067,"South Carolina","Marion County",3,82,116,48,68
050,45,067,"South Carolina","Marion County",3,83,112,43,69
050,45,067,"South Carolina","Marion County",3,84,94,34,60
050,45,067,"South Carolina","Marion County",3,85,464,135,329
050,45,067,"South Carolina","Marion County",4,0,316,168,148
050,45,067,"South Carolina","Marion County",4,1,346,174,172
050,45,067,"South Carolina","Marion County",4,2,302,158,144
050,45,067,"South Carolina","Marion County",4,3,290,150,140
050,45,067,"South Carolina","Marion County",4,4,297,152,145
050,45,067,"South Carolina","Marion County",4,5,321,172,149
050,45,067,"South Carolina","Marion County",4,6,338,173,165
050,45,067,"South Carolina","Marion County",4,7,343,170,173
050,45,067,"South Carolina","Marion County",4,8,346,192,154
050,45,067,"South Carolina","Marion County",4,9,324,171,153
050,45,067,"South Carolina","Marion County",4,10,349,168,181
050,45,067,"South Carolina","Marion County",4,11,369,190,179
050,45,067,"South Carolina","Marion County",4,12,385,188,197
050,45,067,"South Carolina","Marion County",4,13,390,196,194
050,45,067,"South Carolina","Marion County",4,14,402,207,195
050,45,067,"South Carolina","Marion County",4,15,419,215,204
050,45,067,"South Carolina","Marion County",4,16,388,191,197
050,45,067,"South Carolina","Marion County",4,17,380,188,192
050,45,067,"South Carolina","Marion County",4,18,339,186,153
050,45,067,"South Carolina","Marion County",4,19,287,141,146
050,45,067,"South Carolina","Marion County",4,20,278,137,141
050,45,067,"South Carolina","Marion County",4,21,309,161,148
050,45,067,"South Carolina","Marion County",4,22,325,167,158
050,45,067,"South Carolina","Marion County",4,23,321,153,168
050,45,067,"South Carolina","Marion County",4,24,321,161,160
050,45,067,"South Carolina","Marion County",4,25,305,157,148
050,45,067,"South Carolina","Marion County",4,26,315,157,158
050,45,067,"South Carolina","Marion County",4,27,321,142,179
050,45,067,"South Carolina","Marion County",4,28,339,174,165
050,45,067,"South Carolina","Marion County",4,29,358,179,179
050,45,067,"South Carolina","Marion County",4,30,350,166,184
050,45,067,"South Carolina","Marion County",4,31,364,171,193
050,45,067,"South Carolina","Marion County",4,32,377,191,186
050,45,067,"South Carolina","Marion County",4,33,314,149,165
050,45,067,"South Carolina","Marion County",4,34,288,145,143
050,45,067,"South Carolina","Marion County",4,35,290,130,160
050,45,067,"South Carolina","Marion County",4,36,257,112,145
050,45,067,"South Carolina","Marion County",4,37,296,131,165
050,45,067,"South Carolina","Marion County",4,38,299,129,170
050,45,067,"South Carolina","Marion County",4,39,304,126,178
050,45,067,"South Carolina","Marion County",4,40,360,170,190
050,45,067,"South Carolina","Marion County",4,41,343,159,184
050,45,067,"South Carolina","Marion County",4,42,363,177,186
050,45,067,"South Carolina","Marion County",4,43,352,160,192
050,45,067,"South Carolina","Marion County",4,44,319,140,179
050,45,067,"South Carolina","Marion County",4,45,347,162,185
050,45,067,"South Carolina","Marion County",4,46,348,160,188
050,45,067,"South Carolina","Marion County",4,47,338,157,181
050,45,067,"South Carolina","Marion County",4,48,312,145,167
050,45,067,"South Carolina","Marion County",4,49,332,144,188
050,45,067,"South Carolina","Marion County",4,50,352,165,187
050,45,067,"South Carolina","Marion County",4,51,368,181,187
050,45,067,"South Carolina","Marion County",4,52,360,170,190
050,45,067,"South Carolina","Marion County",4,53,346,171,175
050,45,067,"South Carolina","Marion County",4,54,354,160,194
050,45,067,"South Carolina","Marion County",4,55,349,153,196
050,45,067,"South Carolina","Marion County",4,56,381,163,218
050,45,067,"South Carolina","Marion County",4,57,409,196,213
050,45,067,"South Carolina","Marion County",4,58,387,188,199
050,45,067,"South Carolina","Marion County",4,59,367,168,199
050,45,067,"South Carolina","Marion County",4,60,373,173,200
050,45,067,"South Carolina","Marion County",4,61,381,174,207
050,45,067,"South Carolina","Marion County",4,62,398,192,206
050,45,067,"South Carolina","Marion County",4,63,402,182,220
050,45,067,"South Carolina","Marion County",4,64,404,176,228
050,45,067,"South Carolina","Marion County",4,65,431,194,237
050,45,067,"South Carolina","Marion County",4,66,445,189,256
050,45,067,"South Carolina","Marion County",4,67,436,181,255
050,45,067,"South Carolina","Marion County",4,68,405,171,234
050,45,067,"South Carolina","Marion County",4,69,365,163,202
050,45,067,"South Carolina","Marion County",4,70,385,173,212
050,45,067,"South Carolina","Marion County",4,71,380,163,217
050,45,067,"South Carolina","Marion County",4,72,366,157,209
050,45,067,"South Carolina","Marion County",4,73,340,152,188
050,45,067,"South Carolina","Marion County",4,74,344,155,189
050,45,067,"South Carolina","Marion County",4,75,327,142,185
050,45,067,"South Carolina","Marion County",4,76,233,90,143
050,45,067,"South Carolina","Marion County",4,77,226,91,135
050,45,067,"South Carolina","Marion County",4,78,206,82,124
050,45,067,"South Carolina","Marion County",4,79,189,76,113
050,45,067,"South Carolina","Marion County",4,80,159,62,97
050,45,067,"South Carolina","Marion County",4,81,152,58,94
050,45,067,"South Carolina","Marion County",4,82,125,48,77
050,45,067,"South Carolina","Marion County",4,83,100,42,58
050,45,067,"South Carolina","Marion County",4,84,96,37,59
050,45,067,"South Carolina","Marion County",4,85,454,142,312
050,45,067,"South Carolina","Marion County",5,0,313,165,148
050,45,067,"South Carolina","Marion County",5,1,309,155,154
050,45,067,"South Carolina","Marion County",5,2,347,177,170
050,45,067,"South Carolina","Marion County",5,3,309,154,155
050,45,067,"South Carolina","Marion County",5,4,286,151,135
050,45,067,"South Carolina","Marion County",5,5,313,168,145
050,45,067,"South Carolina","Marion County",5,6,318,172,146
050,45,067,"South Carolina","Marion County",5,7,331,168,163
050,45,067,"South Carolina","Marion County",5,8,346,168,178
050,45,067,"South Carolina","Marion County",5,9,360,204,156
050,45,067,"South Carolina","Marion County",5,10,335,179,156
050,45,067,"South Carolina","Marion County",5,11,338,163,175
050,45,067,"South Carolina","Marion County",5,12,354,190,164
050,45,067,"South Carolina","Marion County",5,13,388,184,204
050,45,067,"South Carolina","Marion County",5,14,383,199,184
050,45,067,"South Carolina","Marion County",5,15,399,208,191
050,45,067,"South Carolina","Marion County",5,16,429,223,206
050,45,067,"South Carolina","Marion County",5,17,391,191,200
050,45,067,"South Carolina","Marion County",5,18,337,167,170
050,45,067,"South Carolina","Marion County",5,19,271,154,117
050,45,067,"South Carolina","Marion County",5,20,300,153,147
050,45,067,"South Carolina","Marion County",5,21,287,139,148
050,45,067,"South Carolina","Marion County",5,22,338,179,159
050,45,067,"South Carolina","Marion County",5,23,348,181,167
050,45,067,"South Carolina","Marion County",5,24,324,157,167
050,45,067,"South Carolina","Marion County",5,25,316,156,160
050,45,067,"South Carolina","Marion County",5,26,303,159,144
050,45,067,"South Carolina","Marion County",5,27,314,157,157
050,45,067,"South Carolina","Marion County",5,28,332,147,185
050,45,067,"South Carolina","Marion County",5,29,338,168,170
050,45,067,"South Carolina","Marion County",5,30,350,175,175
050,45,067,"South Carolina","Marion County",5,31,339,157,182
050,45,067,"South Carolina","Marion County",5,32,356,169,187
050,45,067,"South Carolina","Marion County",5,33,381,189,192
050,45,067,"South Carolina","Marion County",5,34,316,150,166
050,45,067,"South Carolina","Marion County",5,35,277,128,149
050,45,067,"South Carolina","Marion County",5,36,297,136,161
050,45,067,"South Carolina","Marion County",5,37,269,118,151
050,45,067,"South Carolina","Marion County",5,38,299,137,162
050,45,067,"South Carolina","Marion County",5,39,291,130,161
050,45,067,"South Carolina","Marion County",5,40,308,132,176
050,45,067,"South Carolina","Marion County",5,41,362,169,193
050,45,067,"South Carolina","Marion County",5,42,356,164,192
050,45,067,"South Carolina","Marion County",5,43,367,186,181
050,45,067,"South Carolina","Marion County",5,44,346,157,189
050,45,067,"South Carolina","Marion County",5,45,328,146,182
050,45,067,"South Carolina","Marion County",5,46,337,154,183
050,45,067,"South Carolina","Marion County",5,47,350,160,190
050,45,067,"South Carolina","Marion County",5,48,350,157,193
050,45,067,"South Carolina","Marion County",5,49,322,150,172
050,45,067,"South Carolina","Marion County",5,50,335,145,190
050,45,067,"South Carolina","Marion County",5,51,366,173,193
050,45,067,"South Carolina","Marion County",5,52,364,175,189
050,45,067,"South Carolina","Marion County",5,53,360,165,195
050,45,067,"South Carolina","Marion County",5,54,349,171,178
050,45,067,"South Carolina","Marion County",5,55,353,156,197
050,45,067,"South Carolina","Marion County",5,56,365,160,205
050,45,067,"South Carolina","Marion County",5,57,388,162,226
050,45,067,"South Carolina","Marion County",5,58,413,203,210
050,45,067,"South Carolina","Marion County",5,59,383,184,199
050,45,067,"South Carolina","Marion County",5,60,370,169,201
050,45,067,"South Carolina","Marion County",5,61,374,173,201
050,45,067,"South Carolina","Marion County",5,62,377,171,206
050,45,067,"South Carolina","Marion County",5,63,398,193,205
050,45,067,"South Carolina","Marion County",5,64,402,181,221
050,45,067,"South Carolina","Marion County",5,65,401,178,223
050,45,067,"South Carolina","Marion County",5,66,433,192,241
050,45,067,"South Carolina","Marion County",5,67,439,187,252
050,45,067,"South Carolina","Marion County",5,68,428,177,251
050,45,067,"South Carolina","Marion County",5,69,390,161,229
050,45,067,"South Carolina","Marion County",5,70,345,157,188
050,45,067,"South Carolina","Marion County",5,71,379,170,209
050,45,067,"South Carolina","Marion County",5,72,368,157,211
050,45,067,"South Carolina","Marion County",5,73,352,148,204
050,45,067,"South Carolina","Marion County",5,74,330,150,180
050,45,067,"South Carolina","Marion County",5,75,329,145,184
050,45,067,"South Carolina","Marion County",5,76,313,135,178
050,45,067,"South Carolina","Marion County",5,77,220,88,132
050,45,067,"South Carolina","Marion County",5,78,216,91,125
050,45,067,"South Carolina","Marion County",5,79,194,75,119
050,45,067,"South Carolina","Marion County",5,80,172,67,105
050,45,067,"South Carolina","Marion County",5,81,147,53,94
050,45,067,"South Carolina","Marion County",5,82,142,50,92
050,45,067,"South Carolina","Marion County",5,83,110,43,67
050,45,067,"South Carolina","Marion County",5,84,85,36,49
050,45,067,"South Carolina","Marion County",5,85,460,158,302
050,45,069,"South Carolina","Marlboro County",1,0,268,137,131
050,45,069,"South Carolina","Marlboro County",1,1,271,140,131
050,45,069,"South Carolina","Marlboro County",1,2,275,144,131
050,45,069,"South Carolina","Marlboro County",1,3,254,123,131
050,45,069,"South Carolina","Marlboro County",1,4,300,149,151
050,45,069,"South Carolina","Marlboro County",1,5,292,153,139
050,45,069,"South Carolina","Marlboro County",1,6,294,153,141
050,45,069,"South Carolina","Marlboro County",1,7,279,138,141
050,45,069,"South Carolina","Marlboro County",1,8,279,141,138
050,45,069,"South Carolina","Marlboro County",1,9,281,135,146
050,45,069,"South Carolina","Marlboro County",1,10,318,161,157
050,45,069,"South Carolina","Marlboro County",1,11,335,164,171
050,45,069,"South Carolina","Marlboro County",1,12,349,193,156
050,45,069,"South Carolina","Marlboro County",1,13,342,180,162
050,45,069,"South Carolina","Marlboro County",1,14,314,156,158
050,45,069,"South Carolina","Marlboro County",1,15,292,138,154
050,45,069,"South Carolina","Marlboro County",1,16,288,153,135
050,45,069,"South Carolina","Marlboro County",1,17,289,143,146
050,45,069,"South Carolina","Marlboro County",1,18,280,154,126
050,45,069,"South Carolina","Marlboro County",1,19,250,127,123
050,45,069,"South Carolina","Marlboro County",1,20,280,142,138
050,45,069,"South Carolina","Marlboro County",1,21,297,166,131
050,45,069,"South Carolina","Marlboro County",1,22,315,181,134
050,45,069,"South Carolina","Marlboro County",1,23,321,181,140
050,45,069,"South Carolina","Marlboro County",1,24,346,211,135
050,45,069,"South Carolina","Marlboro County",1,25,353,221,132
050,45,069,"South Carolina","Marlboro County",1,26,358,220,138
050,45,069,"South Carolina","Marlboro County",1,27,418,256,162
050,45,069,"South Carolina","Marlboro County",1,28,424,277,147
050,45,069,"South Carolina","Marlboro County",1,29,397,252,145
050,45,069,"South Carolina","Marlboro County",1,30,403,257,146
050,45,069,"South Carolina","Marlboro County",1,31,404,253,151
050,45,069,"South Carolina","Marlboro County",1,32,347,221,126
050,45,069,"South Carolina","Marlboro County",1,33,336,219,117
050,45,069,"South Carolina","Marlboro County",1,34,385,250,135
050,45,069,"South Carolina","Marlboro County",1,35,360,228,132
050,45,069,"South Carolina","Marlboro County",1,36,328,206,122
050,45,069,"South Carolina","Marlboro County",1,37,337,206,131
050,45,069,"South Carolina","Marlboro County",1,38,348,210,138
050,45,069,"South Carolina","Marlboro County",1,39,347,194,153
050,45,069,"South Carolina","Marlboro County",1,40,342,189,153
050,45,069,"South Carolina","Marlboro County",1,41,345,201,144
050,45,069,"South Carolina","Marlboro County",1,42,337,187,150
050,45,069,"South Carolina","Marlboro County",1,43,342,199,143
050,45,069,"South Carolina","Marlboro County",1,44,319,170,149
050,45,069,"South Carolina","Marlboro County",1,45,339,182,157
050,45,069,"South Carolina","Marlboro County",1,46,323,172,151
050,45,069,"South Carolina","Marlboro County",1,47,316,175,141
050,45,069,"South Carolina","Marlboro County",1,48,351,191,160
050,45,069,"South Carolina","Marlboro County",1,49,349,190,159
050,45,069,"South Carolina","Marlboro County",1,50,317,172,145
050,45,069,"South Carolina","Marlboro County",1,51,334,183,151
050,45,069,"South Carolina","Marlboro County",1,52,364,177,187
050,45,069,"South Carolina","Marlboro County",1,53,358,183,175
050,45,069,"South Carolina","Marlboro County",1,54,381,196,185
050,45,069,"South Carolina","Marlboro County",1,55,398,202,196
050,45,069,"South Carolina","Marlboro County",1,56,404,208,196
050,45,069,"South Carolina","Marlboro County",1,57,369,173,196
050,45,069,"South Carolina","Marlboro County",1,58,375,189,186
050,45,069,"South Carolina","Marlboro County",1,59,378,200,178
050,45,069,"South Carolina","Marlboro County",1,60,376,186,190
050,45,069,"South Carolina","Marlboro County",1,61,374,187,187
050,45,069,"South Carolina","Marlboro County",1,62,371,186,185
050,45,069,"South Carolina","Marlboro County",1,63,346,159,187
050,45,069,"South Carolina","Marlboro County",1,64,318,139,179
050,45,069,"South Carolina","Marlboro County",1,65,323,148,175
050,45,069,"South Carolina","Marlboro County",1,66,335,163,172
050,45,069,"South Carolina","Marlboro County",1,67,336,148,188
050,45,069,"South Carolina","Marlboro County",1,68,342,160,182
050,45,069,"South Carolina","Marlboro County",1,69,320,151,169
050,45,069,"South Carolina","Marlboro County",1,70,281,126,155
050,45,069,"South Carolina","Marlboro County",1,71,298,136,162
050,45,069,"South Carolina","Marlboro County",1,72,313,143,170
050,45,069,"South Carolina","Marlboro County",1,73,321,156,165
050,45,069,"South Carolina","Marlboro County",1,74,220,98,122
050,45,069,"South Carolina","Marlboro County",1,75,212,95,117
050,45,069,"South Carolina","Marlboro County",1,76,178,80,98
050,45,069,"South Carolina","Marlboro County",1,77,184,81,103
050,45,069,"South Carolina","Marlboro County",1,78,160,60,100
050,45,069,"South Carolina","Marlboro County",1,79,132,50,82
050,45,069,"South Carolina","Marlboro County",1,80,131,50,81
050,45,069,"South Carolina","Marlboro County",1,81,119,43,76
050,45,069,"South Carolina","Marlboro County",1,82,102,43,59
050,45,069,"South Carolina","Marlboro County",1,83,71,29,42
050,45,069,"South Carolina","Marlboro County",1,84,79,28,51
050,45,069,"South Carolina","Marlboro County",1,85,432,132,300
050,45,069,"South Carolina","Marlboro County",2,0,262,133,129
050,45,069,"South Carolina","Marlboro County",2,1,269,139,130
050,45,069,"South Carolina","Marlboro County",2,2,275,144,131
050,45,069,"South Carolina","Marlboro County",2,3,259,127,132
050,45,069,"South Carolina","Marlboro County",2,4,288,142,146
050,45,069,"South Carolina","Marlboro County",2,5,294,150,144
050,45,069,"South Carolina","Marlboro County",2,6,291,151,140
050,45,069,"South Carolina","Marlboro County",2,7,283,142,141
050,45,069,"South Carolina","Marlboro County",2,8,282,142,140
050,45,069,"South Carolina","Marlboro County",2,9,281,138,143
050,45,069,"South Carolina","Marlboro County",2,10,311,156,155
050,45,069,"South Carolina","Marlboro County",2,11,329,164,165
050,45,069,"South Carolina","Marlboro County",2,12,344,186,158
050,45,069,"South Carolina","Marlboro County",2,13,343,184,159
050,45,069,"South Carolina","Marlboro County",2,14,320,161,159
050,45,069,"South Carolina","Marlboro County",2,15,295,141,154
050,45,069,"South Carolina","Marlboro County",2,16,290,149,141
050,45,069,"South Carolina","Marlboro County",2,17,287,144,143
050,45,069,"South Carolina","Marlboro County",2,18,272,145,127
050,45,069,"South Carolina","Marlboro County",2,19,247,128,119
050,45,069,"South Carolina","Marlboro County",2,20,281,144,137
050,45,069,"South Carolina","Marlboro County",2,21,297,163,134
050,45,069,"South Carolina","Marlboro County",2,22,316,180,136
050,45,069,"South Carolina","Marlboro County",2,23,323,182,141
050,45,069,"South Carolina","Marlboro County",2,24,342,208,134
050,45,069,"South Carolina","Marlboro County",2,25,343,212,131
050,45,069,"South Carolina","Marlboro County",2,26,347,214,133
050,45,069,"South Carolina","Marlboro County",2,27,408,253,155
050,45,069,"South Carolina","Marlboro County",2,28,419,270,149
050,45,069,"South Carolina","Marlboro County",2,29,393,248,145
050,45,069,"South Carolina","Marlboro County",2,30,401,253,148
050,45,069,"South Carolina","Marlboro County",2,31,400,251,149
050,45,069,"South Carolina","Marlboro County",2,32,348,219,129
050,45,069,"South Carolina","Marlboro County",2,33,331,212,119
050,45,069,"South Carolina","Marlboro County",2,34,374,241,133
050,45,069,"South Carolina","Marlboro County",2,35,361,227,134
050,45,069,"South Carolina","Marlboro County",2,36,324,200,124
050,45,069,"South Carolina","Marlboro County",2,37,328,199,129
050,45,069,"South Carolina","Marlboro County",2,38,345,207,138
050,45,069,"South Carolina","Marlboro County",2,39,339,192,147
050,45,069,"South Carolina","Marlboro County",2,40,342,186,156
050,45,069,"South Carolina","Marlboro County",2,41,338,191,147
050,45,069,"South Carolina","Marlboro County",2,42,333,187,146
050,45,069,"South Carolina","Marlboro County",2,43,339,195,144
050,45,069,"South Carolina","Marlboro County",2,44,309,164,145
050,45,069,"South Carolina","Marlboro County",2,45,332,179,153
050,45,069,"South Carolina","Marlboro County",2,46,320,170,150
050,45,069,"South Carolina","Marlboro County",2,47,314,170,144
050,45,069,"South Carolina","Marlboro County",2,48,340,185,155
050,45,069,"South Carolina","Marlboro County",2,49,343,184,159
050,45,069,"South Carolina","Marlboro County",2,50,320,174,146
050,45,069,"South Carolina","Marlboro County",2,51,328,179,149
050,45,069,"South Carolina","Marlboro County",2,52,350,174,176
050,45,069,"South Carolina","Marlboro County",2,53,358,181,177
050,45,069,"South Carolina","Marlboro County",2,54,370,189,181
050,45,069,"South Carolina","Marlboro County",2,55,394,199,195
050,45,069,"South Carolina","Marlboro County",2,56,405,210,195
050,45,069,"South Carolina","Marlboro County",2,57,372,178,194
050,45,069,"South Carolina","Marlboro County",2,58,375,185,190
050,45,069,"South Carolina","Marlboro County",2,59,379,197,182
050,45,069,"South Carolina","Marlboro County",2,60,375,189,186
050,45,069,"South Carolina","Marlboro County",2,61,369,183,186
050,45,069,"South Carolina","Marlboro County",2,62,366,184,182
050,45,069,"South Carolina","Marlboro County",2,63,352,165,187
050,45,069,"South Carolina","Marlboro County",2,64,322,142,180
050,45,069,"South Carolina","Marlboro County",2,65,318,144,174
050,45,069,"South Carolina","Marlboro County",2,66,337,162,175
050,45,069,"South Carolina","Marlboro County",2,67,333,150,183
050,45,069,"South Carolina","Marlboro County",2,68,335,153,182
050,45,069,"South Carolina","Marlboro County",2,69,328,155,173
050,45,069,"South Carolina","Marlboro County",2,70,284,128,156
050,45,069,"South Carolina","Marlboro County",2,71,293,133,160
050,45,069,"South Carolina","Marlboro County",2,72,307,142,165
050,45,069,"South Carolina","Marlboro County",2,73,326,152,174
050,45,069,"South Carolina","Marlboro County",2,74,229,105,124
050,45,069,"South Carolina","Marlboro County",2,75,211,93,118
050,45,069,"South Carolina","Marlboro County",2,76,184,83,101
050,45,069,"South Carolina","Marlboro County",2,77,183,82,101
050,45,069,"South Carolina","Marlboro County",2,78,160,61,99
050,45,069,"South Carolina","Marlboro County",2,79,132,49,83
050,45,069,"South Carolina","Marlboro County",2,80,130,49,81
050,45,069,"South Carolina","Marlboro County",2,81,120,44,76
050,45,069,"South Carolina","Marlboro County",2,82,103,43,60
050,45,069,"South Carolina","Marlboro County",2,83,76,31,45
050,45,069,"South Carolina","Marlboro County",2,84,76,28,48
050,45,069,"South Carolina","Marlboro County",2,85,438,134,304
050,45,069,"South Carolina","Marlboro County",3,0,252,117,135
050,45,069,"South Carolina","Marlboro County",3,1,262,133,129
050,45,069,"South Carolina","Marlboro County",3,2,274,144,130
050,45,069,"South Carolina","Marlboro County",3,3,266,135,131
050,45,069,"South Carolina","Marlboro County",3,4,259,130,129
050,45,069,"South Carolina","Marlboro County",3,5,288,146,142
050,45,069,"South Carolina","Marlboro County",3,6,299,156,143
050,45,069,"South Carolina","Marlboro County",3,7,293,156,137
050,45,069,"South Carolina","Marlboro County",3,8,279,138,141
050,45,069,"South Carolina","Marlboro County",3,9,265,132,133
050,45,069,"South Carolina","Marlboro County",3,10,277,137,140
050,45,069,"South Carolina","Marlboro County",3,11,306,153,153
050,45,069,"South Carolina","Marlboro County",3,12,336,169,167
050,45,069,"South Carolina","Marlboro County",3,13,338,182,156
050,45,069,"South Carolina","Marlboro County",3,14,334,183,151
050,45,069,"South Carolina","Marlboro County",3,15,326,166,160
050,45,069,"South Carolina","Marlboro County",3,16,283,136,147
050,45,069,"South Carolina","Marlboro County",3,17,289,151,138
050,45,069,"South Carolina","Marlboro County",3,18,239,122,117
050,45,069,"South Carolina","Marlboro County",3,19,243,128,115
050,45,069,"South Carolina","Marlboro County",3,20,269,145,124
050,45,069,"South Carolina","Marlboro County",3,21,311,171,140
050,45,069,"South Carolina","Marlboro County",3,22,294,160,134
050,45,069,"South Carolina","Marlboro County",3,23,335,195,140
050,45,069,"South Carolina","Marlboro County",3,24,346,205,141
050,45,069,"South Carolina","Marlboro County",3,25,328,198,130
050,45,069,"South Carolina","Marlboro County",3,26,333,199,134
050,45,069,"South Carolina","Marlboro County",3,27,385,250,135
050,45,069,"South Carolina","Marlboro County",3,28,418,269,149
050,45,069,"South Carolina","Marlboro County",3,29,406,254,152
050,45,069,"South Carolina","Marlboro County",3,30,414,271,143
050,45,069,"South Carolina","Marlboro County",3,31,399,252,147
050,45,069,"South Carolina","Marlboro County",3,32,381,236,145
050,45,069,"South Carolina","Marlboro County",3,33,340,206,134
050,45,069,"South Carolina","Marlboro County",3,34,345,229,116
050,45,069,"South Carolina","Marlboro County",3,35,356,236,120
050,45,069,"South Carolina","Marlboro County",3,36,338,198,140
050,45,069,"South Carolina","Marlboro County",3,37,304,183,121
050,45,069,"South Carolina","Marlboro County",3,38,343,211,132
050,45,069,"South Carolina","Marlboro County",3,39,335,201,134
050,45,069,"South Carolina","Marlboro County",3,40,328,180,148
050,45,069,"South Carolina","Marlboro County",3,41,337,185,152
050,45,069,"South Carolina","Marlboro County",3,42,343,195,148
050,45,069,"South Carolina","Marlboro County",3,43,330,194,136
050,45,069,"South Carolina","Marlboro County",3,44,306,163,143
050,45,069,"South Carolina","Marlboro County",3,45,332,181,151
050,45,069,"South Carolina","Marlboro County",3,46,323,173,150
050,45,069,"South Carolina","Marlboro County",3,47,316,161,155
050,45,069,"South Carolina","Marlboro County",3,48,312,165,147
050,45,069,"South Carolina","Marlboro County",3,49,327,175,152
050,45,069,"South Carolina","Marlboro County",3,50,343,181,162
050,45,069,"South Carolina","Marlboro County",3,51,319,173,146
050,45,069,"South Carolina","Marlboro County",3,52,309,169,140
050,45,069,"South Carolina","Marlboro County",3,53,352,178,174
050,45,069,"South Carolina","Marlboro County",3,54,342,172,170
050,45,069,"South Carolina","Marlboro County",3,55,357,174,183
050,45,069,"South Carolina","Marlboro County",3,56,398,203,195
050,45,069,"South Carolina","Marlboro County",3,57,386,196,190
050,45,069,"South Carolina","Marlboro County",3,58,354,166,188
050,45,069,"South Carolina","Marlboro County",3,59,372,176,196
050,45,069,"South Carolina","Marlboro County",3,60,373,189,184
050,45,069,"South Carolina","Marlboro County",3,61,367,184,183
050,45,069,"South Carolina","Marlboro County",3,62,364,185,179
050,45,069,"South Carolina","Marlboro County",3,63,344,169,175
050,45,069,"South Carolina","Marlboro County",3,64,368,177,191
050,45,069,"South Carolina","Marlboro County",3,65,303,122,181
050,45,069,"South Carolina","Marlboro County",3,66,317,148,169
050,45,069,"South Carolina","Marlboro County",3,67,330,155,175
050,45,069,"South Carolina","Marlboro County",3,68,323,144,179
050,45,069,"South Carolina","Marlboro County",3,69,337,161,176
050,45,069,"South Carolina","Marlboro County",3,70,314,141,173
050,45,069,"South Carolina","Marlboro County",3,71,275,122,153
050,45,069,"South Carolina","Marlboro County",3,72,273,121,152
050,45,069,"South Carolina","Marlboro County",3,73,295,134,161
050,45,069,"South Carolina","Marlboro County",3,74,312,143,169
050,45,069,"South Carolina","Marlboro County",3,75,213,97,116
050,45,069,"South Carolina","Marlboro County",3,76,200,89,111
050,45,069,"South Carolina","Marlboro County",3,77,178,81,97
050,45,069,"South Carolina","Marlboro County",3,78,167,72,95
050,45,069,"South Carolina","Marlboro County",3,79,146,52,94
050,45,069,"South Carolina","Marlboro County",3,80,126,45,81
050,45,069,"South Carolina","Marlboro County",3,81,119,45,74
050,45,069,"South Carolina","Marlboro County",3,82,113,40,73
050,45,069,"South Carolina","Marlboro County",3,83,95,42,53
050,45,069,"South Carolina","Marlboro County",3,84,75,29,46
050,45,069,"South Carolina","Marlboro County",3,85,434,140,294
050,45,069,"South Carolina","Marlboro County",4,0,264,135,129
050,45,069,"South Carolina","Marlboro County",4,1,261,129,132
050,45,069,"South Carolina","Marlboro County",4,2,266,139,127
050,45,069,"South Carolina","Marlboro County",4,3,279,148,131
050,45,069,"South Carolina","Marlboro County",4,4,271,137,134
050,45,069,"South Carolina","Marlboro County",4,5,248,125,123
050,45,069,"South Carolina","Marlboro County",4,6,284,145,139
050,45,069,"South Carolina","Marlboro County",4,7,299,158,141
050,45,069,"South Carolina","Marlboro County",4,8,293,160,133
050,45,069,"South Carolina","Marlboro County",4,9,285,151,134
050,45,069,"South Carolina","Marlboro County",4,10,257,132,125
050,45,069,"South Carolina","Marlboro County",4,11,280,138,142
050,45,069,"South Carolina","Marlboro County",4,12,300,155,145
050,45,069,"South Carolina","Marlboro County",4,13,334,169,165
050,45,069,"South Carolina","Marlboro County",4,14,341,177,164
050,45,069,"South Carolina","Marlboro County",4,15,332,183,149
050,45,069,"South Carolina","Marlboro County",4,16,332,167,165
050,45,069,"South Carolina","Marlboro County",4,17,283,135,148
050,45,069,"South Carolina","Marlboro County",4,18,254,136,118
050,45,069,"South Carolina","Marlboro County",4,19,199,107,92
050,45,069,"South Carolina","Marlboro County",4,20,273,151,122
050,45,069,"South Carolina","Marlboro County",4,21,308,173,135
050,45,069,"South Carolina","Marlboro County",4,22,328,178,150
050,45,069,"South Carolina","Marlboro County",4,23,310,171,139
050,45,069,"South Carolina","Marlboro County",4,24,361,228,133
050,45,069,"South Carolina","Marlboro County",4,25,336,203,133
050,45,069,"South Carolina","Marlboro County",4,26,305,177,128
050,45,069,"South Carolina","Marlboro County",4,27,367,232,135
050,45,069,"South Carolina","Marlboro County",4,28,379,250,129
050,45,069,"South Carolina","Marlboro County",4,29,401,250,151
050,45,069,"South Carolina","Marlboro County",4,30,402,258,144
050,45,069,"South Carolina","Marlboro County",4,31,405,272,133
050,45,069,"South Carolina","Marlboro County",4,32,365,228,137
050,45,069,"South Carolina","Marlboro County",4,33,367,226,141
050,45,069,"South Carolina","Marlboro County",4,34,373,239,134
050,45,069,"South Carolina","Marlboro County",4,35,336,220,116
050,45,069,"South Carolina","Marlboro County",4,36,325,207,118
050,45,069,"South Carolina","Marlboro County",4,37,323,178,145
050,45,069,"South Carolina","Marlboro County",4,38,316,196,120
050,45,069,"South Carolina","Marlboro County",4,39,328,197,131
050,45,069,"South Carolina","Marlboro County",4,40,326,195,131
050,45,069,"South Carolina","Marlboro County",4,41,316,166,150
050,45,069,"South Carolina","Marlboro County",4,42,333,188,145
050,45,069,"South Carolina","Marlboro County",4,43,350,194,156
050,45,069,"South Carolina","Marlboro County",4,44,294,158,136
050,45,069,"South Carolina","Marlboro County",4,45,320,176,144
050,45,069,"South Carolina","Marlboro County",4,46,316,169,147
050,45,069,"South Carolina","Marlboro County",4,47,324,172,152
050,45,069,"South Carolina","Marlboro County",4,48,307,157,150
050,45,069,"South Carolina","Marlboro County",4,49,293,147,146
050,45,069,"South Carolina","Marlboro County",4,50,318,171,147
050,45,069,"South Carolina","Marlboro County",4,51,336,174,162
050,45,069,"South Carolina","Marlboro County",4,52,303,155,148
050,45,069,"South Carolina","Marlboro County",4,53,319,182,137
050,45,069,"South Carolina","Marlboro County",4,54,341,169,172
050,45,069,"South Carolina","Marlboro County",4,55,325,162,163
050,45,069,"South Carolina","Marlboro County",4,56,367,183,184
050,45,069,"South Carolina","Marlboro County",4,57,378,191,187
050,45,069,"South Carolina","Marlboro County",4,58,393,206,187
050,45,069,"South Carolina","Marlboro County",4,59,337,156,181
050,45,069,"South Carolina","Marlboro County",4,60,364,172,192
050,45,069,"South Carolina","Marlboro County",4,61,363,182,181
050,45,069,"South Carolina","Marlboro County",4,62,356,181,175
050,45,069,"South Carolina","Marlboro County",4,63,364,187,177
050,45,069,"South Carolina","Marlboro County",4,64,344,171,173
050,45,069,"South Carolina","Marlboro County",4,65,353,164,189
050,45,069,"South Carolina","Marlboro County",4,66,307,132,175
050,45,069,"South Carolina","Marlboro County",4,67,309,139,170
050,45,069,"South Carolina","Marlboro County",4,68,321,148,173
050,45,069,"South Carolina","Marlboro County",4,69,319,149,170
050,45,069,"South Carolina","Marlboro County",4,70,318,147,171
050,45,069,"South Carolina","Marlboro County",4,71,308,138,170
050,45,069,"South Carolina","Marlboro County",4,72,262,112,150
050,45,069,"South Carolina","Marlboro County",4,73,259,115,144
050,45,069,"South Carolina","Marlboro County",4,74,286,127,159
050,45,069,"South Carolina","Marlboro County",4,75,301,135,166
050,45,069,"South Carolina","Marlboro County",4,76,202,94,108
050,45,069,"South Carolina","Marlboro County",4,77,197,88,109
050,45,069,"South Carolina","Marlboro County",4,78,167,72,95
050,45,069,"South Carolina","Marlboro County",4,79,155,64,91
050,45,069,"South Carolina","Marlboro County",4,80,134,46,88
050,45,069,"South Carolina","Marlboro County",4,81,112,44,68
050,45,069,"South Carolina","Marlboro County",4,82,111,42,69
050,45,069,"South Carolina","Marlboro County",4,83,105,38,67
050,45,069,"South Carolina","Marlboro County",4,84,91,39,52
050,45,069,"South Carolina","Marlboro County",4,85,432,139,293
050,45,069,"South Carolina","Marlboro County",5,0,283,149,134
050,45,069,"South Carolina","Marlboro County",5,1,273,137,136
050,45,069,"South Carolina","Marlboro County",5,2,267,121,146
050,45,069,"South Carolina","Marlboro County",5,3,260,134,126
050,45,069,"South Carolina","Marlboro County",5,4,275,146,129
050,45,069,"South Carolina","Marlboro County",5,5,281,143,138
050,45,069,"South Carolina","Marlboro County",5,6,241,120,121
050,45,069,"South Carolina","Marlboro County",5,7,277,139,138
050,45,069,"South Carolina","Marlboro County",5,8,291,159,132
050,45,069,"South Carolina","Marlboro County",5,9,295,168,127
050,45,069,"South Carolina","Marlboro County",5,10,290,148,142
050,45,069,"South Carolina","Marlboro County",5,11,257,134,123
050,45,069,"South Carolina","Marlboro County",5,12,277,135,142
050,45,069,"South Carolina","Marlboro County",5,13,305,157,148
050,45,069,"South Carolina","Marlboro County",5,14,327,165,162
050,45,069,"South Carolina","Marlboro County",5,15,336,174,162
050,45,069,"South Carolina","Marlboro County",5,16,327,178,149
050,45,069,"South Carolina","Marlboro County",5,17,316,155,161
050,45,069,"South Carolina","Marlboro County",5,18,234,120,114
050,45,069,"South Carolina","Marlboro County",5,19,201,110,91
050,45,069,"South Carolina","Marlboro County",5,20,214,121,93
050,45,069,"South Carolina","Marlboro County",5,21,303,172,131
050,45,069,"South Carolina","Marlboro County",5,22,322,187,135
050,45,069,"South Carolina","Marlboro County",5,23,333,188,145
050,45,069,"South Carolina","Marlboro County",5,24,348,210,138
050,45,069,"South Carolina","Marlboro County",5,25,364,228,136
050,45,069,"South Carolina","Marlboro County",5,26,336,193,143
050,45,069,"South Carolina","Marlboro County",5,27,350,222,128
050,45,069,"South Carolina","Marlboro County",5,28,365,239,126
050,45,069,"South Carolina","Marlboro County",5,29,367,236,131
050,45,069,"South Carolina","Marlboro County",5,30,398,253,145
050,45,069,"South Carolina","Marlboro County",5,31,406,266,140
050,45,069,"South Carolina","Marlboro County",5,32,378,250,128
050,45,069,"South Carolina","Marlboro County",5,33,360,221,139
050,45,069,"South Carolina","Marlboro County",5,34,378,241,137
050,45,069,"South Carolina","Marlboro County",5,35,349,225,124
050,45,069,"South Carolina","Marlboro County",5,36,316,196,120
050,45,069,"South Carolina","Marlboro County",5,37,316,195,121
050,45,069,"South Carolina","Marlboro County",5,38,347,200,147
050,45,069,"South Carolina","Marlboro County",5,39,300,186,114
050,45,069,"South Carolina","Marlboro County",5,40,322,192,130
050,45,069,"South Carolina","Marlboro County",5,41,319,187,132
050,45,069,"South Carolina","Marlboro County",5,42,314,169,145
050,45,069,"South Carolina","Marlboro County",5,43,330,191,139
050,45,069,"South Carolina","Marlboro County",5,44,320,163,157
050,45,069,"South Carolina","Marlboro County",5,45,310,177,133
050,45,069,"South Carolina","Marlboro County",5,46,299,164,135
050,45,069,"South Carolina","Marlboro County",5,47,301,163,138
050,45,069,"South Carolina","Marlboro County",5,48,317,167,150
050,45,069,"South Carolina","Marlboro County",5,49,303,152,151
050,45,069,"South Carolina","Marlboro County",5,50,285,144,141
050,45,069,"South Carolina","Marlboro County",5,51,322,169,153
050,45,069,"South Carolina","Marlboro County",5,52,327,166,161
050,45,069,"South Carolina","Marlboro County",5,53,295,155,140
050,45,069,"South Carolina","Marlboro County",5,54,307,172,135
050,45,069,"South Carolina","Marlboro County",5,55,324,161,163
050,45,069,"South Carolina","Marlboro County",5,56,338,171,167
050,45,069,"South Carolina","Marlboro County",5,57,344,165,179
050,45,069,"South Carolina","Marlboro County",5,58,364,185,179
050,45,069,"South Carolina","Marlboro County",5,59,383,196,187
050,45,069,"South Carolina","Marlboro County",5,60,326,153,173
050,45,069,"South Carolina","Marlboro County",5,61,342,156,186
050,45,069,"South Carolina","Marlboro County",5,62,356,177,179
050,45,069,"South Carolina","Marlboro County",5,63,334,165,169
050,45,069,"South Carolina","Marlboro County",5,64,365,190,175
050,45,069,"South Carolina","Marlboro County",5,65,334,158,176
050,45,069,"South Carolina","Marlboro County",5,66,348,169,179
050,45,069,"South Carolina","Marlboro County",5,67,295,120,175
050,45,069,"South Carolina","Marlboro County",5,68,301,131,170
050,45,069,"South Carolina","Marlboro County",5,69,315,152,163
050,45,069,"South Carolina","Marlboro County",5,70,303,139,164
050,45,069,"South Carolina","Marlboro County",5,71,302,139,163
050,45,069,"South Carolina","Marlboro County",5,72,295,128,167
050,45,069,"South Carolina","Marlboro County",5,73,253,108,145
050,45,069,"South Carolina","Marlboro County",5,74,248,108,140
050,45,069,"South Carolina","Marlboro County",5,75,270,115,155
050,45,069,"South Carolina","Marlboro County",5,76,291,129,162
050,45,069,"South Carolina","Marlboro County",5,77,196,92,104
050,45,069,"South Carolina","Marlboro County",5,78,182,79,103
050,45,069,"South Carolina","Marlboro County",5,79,155,67,88
050,45,069,"South Carolina","Marlboro County",5,80,142,56,86
050,45,069,"South Carolina","Marlboro County",5,81,120,44,76
050,45,069,"South Carolina","Marlboro County",5,82,103,41,62
050,45,069,"South Carolina","Marlboro County",5,83,97,40,57
050,45,069,"South Carolina","Marlboro County",5,84,102,34,68
050,45,069,"South Carolina","Marlboro County",5,85,442,150,292
050,45,071,"South Carolina","Newberry County",1,0,396,202,194
050,45,071,"South Carolina","Newberry County",1,1,379,189,190
050,45,071,"South Carolina","Newberry County",1,2,413,208,205
050,45,071,"South Carolina","Newberry County",1,3,443,225,218
050,45,071,"South Carolina","Newberry County",1,4,465,236,229
050,45,071,"South Carolina","Newberry County",1,5,454,225,229
050,45,071,"South Carolina","Newberry County",1,6,469,242,227
050,45,071,"South Carolina","Newberry County",1,7,459,238,221
050,45,071,"South Carolina","Newberry County",1,8,431,223,208
050,45,071,"South Carolina","Newberry County",1,9,453,229,224
050,45,071,"South Carolina","Newberry County",1,10,498,261,237
050,45,071,"South Carolina","Newberry County",1,11,490,250,240
050,45,071,"South Carolina","Newberry County",1,12,494,250,244
050,45,071,"South Carolina","Newberry County",1,13,489,238,251
050,45,071,"South Carolina","Newberry County",1,14,464,232,232
050,45,071,"South Carolina","Newberry County",1,15,479,240,239
050,45,071,"South Carolina","Newberry County",1,16,462,231,231
050,45,071,"South Carolina","Newberry County",1,17,447,227,220
050,45,071,"South Carolina","Newberry County",1,18,559,306,253
050,45,071,"South Carolina","Newberry County",1,19,759,415,344
050,45,071,"South Carolina","Newberry County",1,20,602,340,262
050,45,071,"South Carolina","Newberry County",1,21,560,308,252
050,45,071,"South Carolina","Newberry County",1,22,487,260,227
050,45,071,"South Carolina","Newberry County",1,23,437,225,212
050,45,071,"South Carolina","Newberry County",1,24,416,216,200
050,45,071,"South Carolina","Newberry County",1,25,439,227,212
050,45,071,"South Carolina","Newberry County",1,26,390,197,193
050,45,071,"South Carolina","Newberry County",1,27,429,217,212
050,45,071,"South Carolina","Newberry County",1,28,453,209,244
050,45,071,"South Carolina","Newberry County",1,29,471,235,236
050,45,071,"South Carolina","Newberry County",1,30,443,223,220
050,45,071,"South Carolina","Newberry County",1,31,408,224,184
050,45,071,"South Carolina","Newberry County",1,32,375,199,176
050,45,071,"South Carolina","Newberry County",1,33,386,195,191
050,45,071,"South Carolina","Newberry County",1,34,384,179,205
050,45,071,"South Carolina","Newberry County",1,35,372,187,185
050,45,071,"South Carolina","Newberry County",1,36,394,199,195
050,45,071,"South Carolina","Newberry County",1,37,412,215,197
050,45,071,"South Carolina","Newberry County",1,38,393,206,187
050,45,071,"South Carolina","Newberry County",1,39,402,193,209
050,45,071,"South Carolina","Newberry County",1,40,407,198,209
050,45,071,"South Carolina","Newberry County",1,41,415,203,212
050,45,071,"South Carolina","Newberry County",1,42,374,177,197
050,45,071,"South Carolina","Newberry County",1,43,411,200,211
050,45,071,"South Carolina","Newberry County",1,44,386,186,200
050,45,071,"South Carolina","Newberry County",1,45,421,203,218
050,45,071,"South Carolina","Newberry County",1,46,463,238,225
050,45,071,"South Carolina","Newberry County",1,47,458,232,226
050,45,071,"South Carolina","Newberry County",1,48,480,239,241
050,45,071,"South Carolina","Newberry County",1,49,509,246,263
050,45,071,"South Carolina","Newberry County",1,50,465,229,236
050,45,071,"South Carolina","Newberry County",1,51,466,238,228
050,45,071,"South Carolina","Newberry County",1,52,460,226,234
050,45,071,"South Carolina","Newberry County",1,53,493,236,257
050,45,071,"South Carolina","Newberry County",1,54,485,229,256
050,45,071,"South Carolina","Newberry County",1,55,537,262,275
050,45,071,"South Carolina","Newberry County",1,56,536,268,268
050,45,071,"South Carolina","Newberry County",1,57,525,248,277
050,45,071,"South Carolina","Newberry County",1,58,530,248,282
050,45,071,"South Carolina","Newberry County",1,59,571,284,287
050,45,071,"South Carolina","Newberry County",1,60,548,280,268
050,45,071,"South Carolina","Newberry County",1,61,523,252,271
050,45,071,"South Carolina","Newberry County",1,62,533,261,272
050,45,071,"South Carolina","Newberry County",1,63,531,246,285
050,45,071,"South Carolina","Newberry County",1,64,540,258,282
050,45,071,"South Carolina","Newberry County",1,65,531,277,254
050,45,071,"South Carolina","Newberry County",1,66,512,249,263
050,45,071,"South Carolina","Newberry County",1,67,474,233,241
050,45,071,"South Carolina","Newberry County",1,68,478,227,251
050,45,071,"South Carolina","Newberry County",1,69,449,201,248
050,45,071,"South Carolina","Newberry County",1,70,435,199,236
050,45,071,"South Carolina","Newberry County",1,71,429,209,220
050,45,071,"South Carolina","Newberry County",1,72,443,223,220
050,45,071,"South Carolina","Newberry County",1,73,440,211,229
050,45,071,"South Carolina","Newberry County",1,74,328,148,180
050,45,071,"South Carolina","Newberry County",1,75,330,146,184
050,45,071,"South Carolina","Newberry County",1,76,294,135,159
050,45,071,"South Carolina","Newberry County",1,77,289,130,159
050,45,071,"South Carolina","Newberry County",1,78,261,113,148
050,45,071,"South Carolina","Newberry County",1,79,216,101,115
050,45,071,"South Carolina","Newberry County",1,80,211,96,115
050,45,071,"South Carolina","Newberry County",1,81,195,82,113
050,45,071,"South Carolina","Newberry County",1,82,157,63,94
050,45,071,"South Carolina","Newberry County",1,83,144,58,86
050,45,071,"South Carolina","Newberry County",1,84,127,52,75
050,45,071,"South Carolina","Newberry County",1,85,755,247,508
050,45,071,"South Carolina","Newberry County",2,0,388,198,190
050,45,071,"South Carolina","Newberry County",2,1,381,192,189
050,45,071,"South Carolina","Newberry County",2,2,406,203,203
050,45,071,"South Carolina","Newberry County",2,3,435,218,217
050,45,071,"South Carolina","Newberry County",2,4,462,233,229
050,45,071,"South Carolina","Newberry County",2,5,458,228,230
050,45,071,"South Carolina","Newberry County",2,6,468,240,228
050,45,071,"South Carolina","Newberry County",2,7,462,237,225
050,45,071,"South Carolina","Newberry County",2,8,439,227,212
050,45,071,"South Carolina","Newberry County",2,9,451,231,220
050,45,071,"South Carolina","Newberry County",2,10,486,254,232
050,45,071,"South Carolina","Newberry County",2,11,491,253,238
050,45,071,"South Carolina","Newberry County",2,12,495,252,243
050,45,071,"South Carolina","Newberry County",2,13,489,241,248
050,45,071,"South Carolina","Newberry County",2,14,467,232,235
050,45,071,"South Carolina","Newberry County",2,15,478,241,237
050,45,071,"South Carolina","Newberry County",2,16,466,234,232
050,45,071,"South Carolina","Newberry County",2,17,450,229,221
050,45,071,"South Carolina","Newberry County",2,18,550,300,250
050,45,071,"South Carolina","Newberry County",2,19,746,408,338
050,45,071,"South Carolina","Newberry County",2,20,614,346,268
050,45,071,"South Carolina","Newberry County",2,21,564,308,256
050,45,071,"South Carolina","Newberry County",2,22,486,261,225
050,45,071,"South Carolina","Newberry County",2,23,441,228,213
050,45,071,"South Carolina","Newberry County",2,24,411,210,201
050,45,071,"South Carolina","Newberry County",2,25,433,225,208
050,45,071,"South Carolina","Newberry County",2,26,400,201,199
050,45,071,"South Carolina","Newberry County",2,27,421,214,207
050,45,071,"South Carolina","Newberry County",2,28,447,211,236
050,45,071,"South Carolina","Newberry County",2,29,464,228,236
050,45,071,"South Carolina","Newberry County",2,30,449,226,223
050,45,071,"South Carolina","Newberry County",2,31,414,223,191
050,45,071,"South Carolina","Newberry County",2,32,385,206,179
050,45,071,"South Carolina","Newberry County",2,33,385,196,189
050,45,071,"South Carolina","Newberry County",2,34,383,182,201
050,45,071,"South Carolina","Newberry County",2,35,377,187,190
050,45,071,"South Carolina","Newberry County",2,36,389,198,191
050,45,071,"South Carolina","Newberry County",2,37,412,215,197
050,45,071,"South Carolina","Newberry County",2,38,403,211,192
050,45,071,"South Carolina","Newberry County",2,39,397,193,204
050,45,071,"South Carolina","Newberry County",2,40,409,198,211
050,45,071,"South Carolina","Newberry County",2,41,413,201,212
050,45,071,"South Carolina","Newberry County",2,42,382,183,199
050,45,071,"South Carolina","Newberry County",2,43,401,194,207
050,45,071,"South Carolina","Newberry County",2,44,389,188,201
050,45,071,"South Carolina","Newberry County",2,45,416,202,214
050,45,071,"South Carolina","Newberry County",2,46,453,230,223
050,45,071,"South Carolina","Newberry County",2,47,461,234,227
050,45,071,"South Carolina","Newberry County",2,48,476,239,237
050,45,071,"South Carolina","Newberry County",2,49,508,248,260
050,45,071,"South Carolina","Newberry County",2,50,475,232,243
050,45,071,"South Carolina","Newberry County",2,51,464,234,230
050,45,071,"South Carolina","Newberry County",2,52,463,229,234
050,45,071,"South Carolina","Newberry County",2,53,482,231,251
050,45,071,"South Carolina","Newberry County",2,54,484,230,254
050,45,071,"South Carolina","Newberry County",2,55,525,255,270
050,45,071,"South Carolina","Newberry County",2,56,538,268,270
050,45,071,"South Carolina","Newberry County",2,57,532,254,278
050,45,071,"South Carolina","Newberry County",2,58,533,251,282
050,45,071,"South Carolina","Newberry County",2,59,562,275,287
050,45,071,"South Carolina","Newberry County",2,60,554,281,273
050,45,071,"South Carolina","Newberry County",2,61,533,261,272
050,45,071,"South Carolina","Newberry County",2,62,526,256,270
050,45,071,"South Carolina","Newberry County",2,63,536,253,283
050,45,071,"South Carolina","Newberry County",2,64,531,249,282
050,45,071,"South Carolina","Newberry County",2,65,531,269,262
050,45,071,"South Carolina","Newberry County",2,66,518,255,263
050,45,071,"South Carolina","Newberry County",2,67,482,236,246
050,45,071,"South Carolina","Newberry County",2,68,468,223,245
050,45,071,"South Carolina","Newberry County",2,69,458,208,250
050,45,071,"South Carolina","Newberry County",2,70,436,198,238
050,45,071,"South Carolina","Newberry County",2,71,425,202,223
050,45,071,"South Carolina","Newberry County",2,72,433,215,218
050,45,071,"South Carolina","Newberry County",2,73,461,227,234
050,45,071,"South Carolina","Newberry County",2,74,332,153,179
050,45,071,"South Carolina","Newberry County",2,75,329,145,184
050,45,071,"South Carolina","Newberry County",2,76,293,132,161
050,45,071,"South Carolina","Newberry County",2,77,295,133,162
050,45,071,"South Carolina","Newberry County",2,78,259,113,146
050,45,071,"South Carolina","Newberry County",2,79,223,103,120
050,45,071,"South Carolina","Newberry County",2,80,214,98,116
050,45,071,"South Carolina","Newberry County",2,81,194,82,112
050,45,071,"South Carolina","Newberry County",2,82,165,66,99
050,45,071,"South Carolina","Newberry County",2,83,146,59,87
050,45,071,"South Carolina","Newberry County",2,84,129,52,77
050,45,071,"South Carolina","Newberry County",2,85,751,245,506
050,45,071,"South Carolina","Newberry County",3,0,395,198,197
050,45,071,"South Carolina","Newberry County",3,1,402,191,211
050,45,071,"South Carolina","Newberry County",3,2,388,203,185
050,45,071,"South Carolina","Newberry County",3,3,392,194,198
050,45,071,"South Carolina","Newberry County",3,4,443,225,218
050,45,071,"South Carolina","Newberry County",3,5,468,239,229
050,45,071,"South Carolina","Newberry County",3,6,451,228,223
050,45,071,"South Carolina","Newberry County",3,7,477,242,235
050,45,071,"South Carolina","Newberry County",3,8,482,246,236
050,45,071,"South Carolina","Newberry County",3,9,444,231,213
050,45,071,"South Carolina","Newberry County",3,10,450,224,226
050,45,071,"South Carolina","Newberry County",3,11,490,255,235
050,45,071,"South Carolina","Newberry County",3,12,484,245,239
050,45,071,"South Carolina","Newberry County",3,13,498,250,248
050,45,071,"South Carolina","Newberry County",3,14,505,252,253
050,45,071,"South Carolina","Newberry County",3,15,471,229,242
050,45,071,"South Carolina","Newberry County",3,16,482,234,248
050,45,071,"South Carolina","Newberry County",3,17,466,236,230
050,45,071,"South Carolina","Newberry County",3,18,544,289,255
050,45,071,"South Carolina","Newberry County",3,19,726,401,325
050,45,071,"South Carolina","Newberry County",3,20,628,349,279
050,45,071,"South Carolina","Newberry County",3,21,586,317,269
050,45,071,"South Carolina","Newberry County",3,22,489,258,231
050,45,071,"South Carolina","Newberry County",3,23,439,228,211
050,45,071,"South Carolina","Newberry County",3,24,423,220,203
050,45,071,"South Carolina","Newberry County",3,25,415,214,201
050,45,071,"South Carolina","Newberry County",3,26,418,211,207
050,45,071,"South Carolina","Newberry County",3,27,397,202,195
050,45,071,"South Carolina","Newberry County",3,28,411,210,201
050,45,071,"South Carolina","Newberry County",3,29,442,204,238
050,45,071,"South Carolina","Newberry County",3,30,467,230,237
050,45,071,"South Carolina","Newberry County",3,31,440,227,213
050,45,071,"South Carolina","Newberry County",3,32,409,221,188
050,45,071,"South Carolina","Newberry County",3,33,373,193,180
050,45,071,"South Carolina","Newberry County",3,34,383,186,197
050,45,071,"South Carolina","Newberry County",3,35,393,196,197
050,45,071,"South Carolina","Newberry County",3,36,391,198,193
050,45,071,"South Carolina","Newberry County",3,37,393,204,189
050,45,071,"South Carolina","Newberry County",3,38,406,204,202
050,45,071,"South Carolina","Newberry County",3,39,397,209,188
050,45,071,"South Carolina","Newberry County",3,40,419,204,215
050,45,071,"South Carolina","Newberry County",3,41,428,205,223
050,45,071,"South Carolina","Newberry County",3,42,418,208,210
050,45,071,"South Carolina","Newberry County",3,43,388,184,204
050,45,071,"South Carolina","Newberry County",3,44,404,194,210
050,45,071,"South Carolina","Newberry County",3,45,394,196,198
050,45,071,"South Carolina","Newberry County",3,46,437,210,227
050,45,071,"South Carolina","Newberry County",3,47,459,236,223
050,45,071,"South Carolina","Newberry County",3,48,471,233,238
050,45,071,"South Carolina","Newberry County",3,49,482,242,240
050,45,071,"South Carolina","Newberry County",3,50,502,239,263
050,45,071,"South Carolina","Newberry County",3,51,487,235,252
050,45,071,"South Carolina","Newberry County",3,52,461,228,233
050,45,071,"South Carolina","Newberry County",3,53,459,226,233
050,45,071,"South Carolina","Newberry County",3,54,481,231,250
050,45,071,"South Carolina","Newberry County",3,55,484,232,252
050,45,071,"South Carolina","Newberry County",3,56,531,264,267
050,45,071,"South Carolina","Newberry County",3,57,538,263,275
050,45,071,"South Carolina","Newberry County",3,58,558,270,288
050,45,071,"South Carolina","Newberry County",3,59,557,262,295
050,45,071,"South Carolina","Newberry County",3,60,573,280,293
050,45,071,"South Carolina","Newberry County",3,61,564,281,283
050,45,071,"South Carolina","Newberry County",3,62,538,264,274
050,45,071,"South Carolina","Newberry County",3,63,537,262,275
050,45,071,"South Carolina","Newberry County",3,64,557,264,293
050,45,071,"South Carolina","Newberry County",3,65,536,254,282
050,45,071,"South Carolina","Newberry County",3,66,535,267,268
050,45,071,"South Carolina","Newberry County",3,67,506,257,249
050,45,071,"South Carolina","Newberry County",3,68,472,233,239
050,45,071,"South Carolina","Newberry County",3,69,460,220,240
050,45,071,"South Carolina","Newberry County",3,70,457,212,245
050,45,071,"South Carolina","Newberry County",3,71,427,196,231
050,45,071,"South Carolina","Newberry County",3,72,412,195,217
050,45,071,"South Carolina","Newberry County",3,73,417,210,207
050,45,071,"South Carolina","Newberry County",3,74,442,215,227
050,45,071,"South Carolina","Newberry County",3,75,320,148,172
050,45,071,"South Carolina","Newberry County",3,76,301,130,171
050,45,071,"South Carolina","Newberry County",3,77,285,124,161
050,45,071,"South Carolina","Newberry County",3,78,283,121,162
050,45,071,"South Carolina","Newberry County",3,79,237,104,133
050,45,071,"South Carolina","Newberry County",3,80,212,98,114
050,45,071,"South Carolina","Newberry County",3,81,189,87,102
050,45,071,"South Carolina","Newberry County",3,82,180,78,102
050,45,071,"South Carolina","Newberry County",3,83,152,57,95
050,45,071,"South Carolina","Newberry County",3,84,124,49,75
050,45,071,"South Carolina","Newberry County",3,85,736,246,490
050,45,071,"South Carolina","Newberry County",4,0,414,204,210
050,45,071,"South Carolina","Newberry County",4,1,414,194,220
050,45,071,"South Carolina","Newberry County",4,2,411,200,211
050,45,071,"South Carolina","Newberry County",4,3,386,207,179
050,45,071,"South Carolina","Newberry County",4,4,414,208,206
050,45,071,"South Carolina","Newberry County",4,5,449,227,222
050,45,071,"South Carolina","Newberry County",4,6,476,242,234
050,45,071,"South Carolina","Newberry County",4,7,451,233,218
050,45,071,"South Carolina","Newberry County",4,8,477,241,236
050,45,071,"South Carolina","Newberry County",4,9,490,249,241
050,45,071,"South Carolina","Newberry County",4,10,451,232,219
050,45,071,"South Carolina","Newberry County",4,11,454,228,226
050,45,071,"South Carolina","Newberry County",4,12,501,263,238
050,45,071,"South Carolina","Newberry County",4,13,489,248,241
050,45,071,"South Carolina","Newberry County",4,14,499,252,247
050,45,071,"South Carolina","Newberry County",4,15,505,251,254
050,45,071,"South Carolina","Newberry County",4,16,462,217,245
050,45,071,"South Carolina","Newberry County",4,17,497,246,251
050,45,071,"South Carolina","Newberry County",4,18,566,300,266
050,45,071,"South Carolina","Newberry County",4,19,715,390,325
050,45,071,"South Carolina","Newberry County",4,20,603,334,269
050,45,071,"South Carolina","Newberry County",4,21,598,321,277
050,45,071,"South Carolina","Newberry County",4,22,525,277,248
050,45,071,"South Carolina","Newberry County",4,23,472,245,227
050,45,071,"South Carolina","Newberry County",4,24,398,208,190
050,45,071,"South Carolina","Newberry County",4,25,411,214,197
050,45,071,"South Carolina","Newberry County",4,26,400,198,202
050,45,071,"South Carolina","Newberry County",4,27,411,205,206
050,45,071,"South Carolina","Newberry County",4,28,390,204,186
050,45,071,"South Carolina","Newberry County",4,29,409,208,201
050,45,071,"South Carolina","Newberry County",4,30,443,207,236
050,45,071,"South Carolina","Newberry County",4,31,474,228,246
050,45,071,"South Carolina","Newberry County",4,32,463,228,235
050,45,071,"South Carolina","Newberry County",4,33,413,221,192
050,45,071,"South Carolina","Newberry County",4,34,365,190,175
050,45,071,"South Carolina","Newberry County",4,35,381,181,200
050,45,071,"South Carolina","Newberry County",4,36,398,201,197
050,45,071,"South Carolina","Newberry County",4,37,382,195,187
050,45,071,"South Carolina","Newberry County",4,38,402,205,197
050,45,071,"South Carolina","Newberry County",4,39,401,200,201
050,45,071,"South Carolina","Newberry County",4,40,401,210,191
050,45,071,"South Carolina","Newberry County",4,41,422,207,215
050,45,071,"South Carolina","Newberry County",4,42,437,218,219
050,45,071,"South Carolina","Newberry County",4,43,428,212,216
050,45,071,"South Carolina","Newberry County",4,44,396,184,212
050,45,071,"South Carolina","Newberry County",4,45,412,196,216
050,45,071,"South Carolina","Newberry County",4,46,402,206,196
050,45,071,"South Carolina","Newberry County",4,47,441,215,226
050,45,071,"South Carolina","Newberry County",4,48,461,234,227
050,45,071,"South Carolina","Newberry County",4,49,489,241,248
050,45,071,"South Carolina","Newberry County",4,50,485,240,245
050,45,071,"South Carolina","Newberry County",4,51,518,247,271
050,45,071,"South Carolina","Newberry County",4,52,491,234,257
050,45,071,"South Carolina","Newberry County",4,53,468,230,238
050,45,071,"South Carolina","Newberry County",4,54,463,233,230
050,45,071,"South Carolina","Newberry County",4,55,488,229,259
050,45,071,"South Carolina","Newberry County",4,56,496,234,262
050,45,071,"South Carolina","Newberry County",4,57,524,263,261
050,45,071,"South Carolina","Newberry County",4,58,548,269,279
050,45,071,"South Carolina","Newberry County",4,59,564,272,292
050,45,071,"South Carolina","Newberry County",4,60,558,265,293
050,45,071,"South Carolina","Newberry County",4,61,588,285,303
050,45,071,"South Carolina","Newberry County",4,62,561,277,284
050,45,071,"South Carolina","Newberry County",4,63,548,268,280
050,45,071,"South Carolina","Newberry County",4,64,538,255,283
050,45,071,"South Carolina","Newberry County",4,65,554,259,295
050,45,071,"South Carolina","Newberry County",4,66,541,254,287
050,45,071,"South Carolina","Newberry County",4,67,526,264,262
050,45,071,"South Carolina","Newberry County",4,68,505,256,249
050,45,071,"South Carolina","Newberry County",4,69,461,230,231
050,45,071,"South Carolina","Newberry County",4,70,456,221,235
050,45,071,"South Carolina","Newberry County",4,71,450,208,242
050,45,071,"South Carolina","Newberry County",4,72,436,200,236
050,45,071,"South Carolina","Newberry County",4,73,406,186,220
050,45,071,"South Carolina","Newberry County",4,74,399,201,198
050,45,071,"South Carolina","Newberry County",4,75,429,211,218
050,45,071,"South Carolina","Newberry County",4,76,301,138,163
050,45,071,"South Carolina","Newberry County",4,77,295,126,169
050,45,071,"South Carolina","Newberry County",4,78,269,116,153
050,45,071,"South Carolina","Newberry County",4,79,264,111,153
050,45,071,"South Carolina","Newberry County",4,80,226,98,128
050,45,071,"South Carolina","Newberry County",4,81,181,82,99
050,45,071,"South Carolina","Newberry County",4,82,177,84,93
050,45,071,"South Carolina","Newberry County",4,83,175,75,100
050,45,071,"South Carolina","Newberry County",4,84,139,54,85
050,45,071,"South Carolina","Newberry County",4,85,738,254,484
050,45,071,"South Carolina","Newberry County",5,0,413,205,208
050,45,071,"South Carolina","Newberry County",5,1,438,213,225
050,45,071,"South Carolina","Newberry County",5,2,431,207,224
050,45,071,"South Carolina","Newberry County",5,3,407,198,209
050,45,071,"South Carolina","Newberry County",5,4,405,216,189
050,45,071,"South Carolina","Newberry County",5,5,439,224,215
050,45,071,"South Carolina","Newberry County",5,6,458,231,227
050,45,071,"South Carolina","Newberry County",5,7,491,251,240
050,45,071,"South Carolina","Newberry County",5,8,471,247,224
050,45,071,"South Carolina","Newberry County",5,9,476,247,229
050,45,071,"South Carolina","Newberry County",5,10,500,249,251
050,45,071,"South Carolina","Newberry County",5,11,460,233,227
050,45,071,"South Carolina","Newberry County",5,12,448,231,217
050,45,071,"South Carolina","Newberry County",5,13,520,266,254
050,45,071,"South Carolina","Newberry County",5,14,496,253,243
050,45,071,"South Carolina","Newberry County",5,15,497,249,248
050,45,071,"South Carolina","Newberry County",5,16,509,248,261
050,45,071,"South Carolina","Newberry County",5,17,471,221,250
050,45,071,"South Carolina","Newberry County",5,18,592,312,280
050,45,071,"South Carolina","Newberry County",5,19,731,387,344
050,45,071,"South Carolina","Newberry County",5,20,587,331,256
050,45,071,"South Carolina","Newberry County",5,21,586,308,278
050,45,071,"South Carolina","Newberry County",5,22,539,276,263
050,45,071,"South Carolina","Newberry County",5,23,478,249,229
050,45,071,"South Carolina","Newberry County",5,24,451,232,219
050,45,071,"South Carolina","Newberry County",5,25,418,216,202
050,45,071,"South Carolina","Newberry County",5,26,414,211,203
050,45,071,"South Carolina","Newberry County",5,27,405,199,206
050,45,071,"South Carolina","Newberry County",5,28,425,216,209
050,45,071,"South Carolina","Newberry County",5,29,378,192,186
050,45,071,"South Carolina","Newberry County",5,30,404,211,193
050,45,071,"South Carolina","Newberry County",5,31,463,216,247
050,45,071,"South Carolina","Newberry County",5,32,476,221,255
050,45,071,"South Carolina","Newberry County",5,33,490,247,243
050,45,071,"South Carolina","Newberry County",5,34,431,225,206
050,45,071,"South Carolina","Newberry County",5,35,381,199,182
050,45,071,"South Carolina","Newberry County",5,36,391,188,203
050,45,071,"South Carolina","Newberry County",5,37,384,189,195
050,45,071,"South Carolina","Newberry County",5,38,386,200,186
050,45,071,"South Carolina","Newberry County",5,39,404,197,207
050,45,071,"South Carolina","Newberry County",5,40,399,204,195
050,45,071,"South Carolina","Newberry County",5,41,410,215,195
050,45,071,"South Carolina","Newberry County",5,42,418,196,222
050,45,071,"South Carolina","Newberry County",5,43,432,213,219
050,45,071,"South Carolina","Newberry County",5,44,441,218,223
050,45,071,"South Carolina","Newberry County",5,45,404,187,217
050,45,071,"South Carolina","Newberry County",5,46,442,213,229
050,45,071,"South Carolina","Newberry County",5,47,410,209,201
050,45,071,"South Carolina","Newberry County",5,48,457,220,237
050,45,071,"South Carolina","Newberry County",5,49,468,241,227
050,45,071,"South Carolina","Newberry County",5,50,484,234,250
050,45,071,"South Carolina","Newberry County",5,51,490,248,242
050,45,071,"South Carolina","Newberry County",5,52,520,251,269
050,45,071,"South Carolina","Newberry County",5,53,500,240,260
050,45,071,"South Carolina","Newberry County",5,54,487,246,241
050,45,071,"South Carolina","Newberry County",5,55,464,232,232
050,45,071,"South Carolina","Newberry County",5,56,506,240,266
050,45,071,"South Carolina","Newberry County",5,57,496,230,266
050,45,071,"South Carolina","Newberry County",5,58,528,262,266
050,45,071,"South Carolina","Newberry County",5,59,544,268,276
050,45,071,"South Carolina","Newberry County",5,60,566,274,292
050,45,071,"South Carolina","Newberry County",5,61,578,276,302
050,45,071,"South Carolina","Newberry County",5,62,603,300,303
050,45,071,"South Carolina","Newberry County",5,63,558,273,285
050,45,071,"South Carolina","Newberry County",5,64,551,269,282
050,45,071,"South Carolina","Newberry County",5,65,539,256,283
050,45,071,"South Carolina","Newberry County",5,66,550,255,295
050,45,071,"South Carolina","Newberry County",5,67,534,253,281
050,45,071,"South Carolina","Newberry County",5,68,515,260,255
050,45,071,"South Carolina","Newberry County",5,69,502,257,245
050,45,071,"South Carolina","Newberry County",5,70,457,229,228
050,45,071,"South Carolina","Newberry County",5,71,440,209,231
050,45,071,"South Carolina","Newberry County",5,72,449,210,239
050,45,071,"South Carolina","Newberry County",5,73,415,187,228
050,45,071,"South Carolina","Newberry County",5,74,391,179,212
050,45,071,"South Carolina","Newberry County",5,75,393,201,192
050,45,071,"South Carolina","Newberry County",5,76,416,205,211
050,45,071,"South Carolina","Newberry County",5,77,291,129,162
050,45,071,"South Carolina","Newberry County",5,78,278,117,161
050,45,071,"South Carolina","Newberry County",5,79,257,111,146
050,45,071,"South Carolina","Newberry County",5,80,257,109,148
050,45,071,"South Carolina","Newberry County",5,81,205,87,118
050,45,071,"South Carolina","Newberry County",5,82,162,77,85
050,45,071,"South Carolina","Newberry County",5,83,166,78,88
050,45,071,"South Carolina","Newberry County",5,84,152,64,88
050,45,071,"South Carolina","Newberry County",5,85,756,270,486
050,45,073,"South Carolina","Oconee County",1,0,699,368,331
050,45,073,"South Carolina","Oconee County",1,1,686,367,319
050,45,073,"South Carolina","Oconee County",1,2,750,391,359
050,45,073,"South Carolina","Oconee County",1,3,766,393,373
050,45,073,"South Carolina","Oconee County",1,4,777,399,378
050,45,073,"South Carolina","Oconee County",1,5,845,434,411
050,45,073,"South Carolina","Oconee County",1,6,793,402,391
050,45,073,"South Carolina","Oconee County",1,7,841,420,421
050,45,073,"South Carolina","Oconee County",1,8,846,409,437
050,45,073,"South Carolina","Oconee County",1,9,862,436,426
050,45,073,"South Carolina","Oconee County",1,10,935,493,442
050,45,073,"South Carolina","Oconee County",1,11,955,492,463
050,45,073,"South Carolina","Oconee County",1,12,982,498,484
050,45,073,"South Carolina","Oconee County",1,13,1001,520,481
050,45,073,"South Carolina","Oconee County",1,14,946,482,464
050,45,073,"South Carolina","Oconee County",1,15,989,479,510
050,45,073,"South Carolina","Oconee County",1,16,961,482,479
050,45,073,"South Carolina","Oconee County",1,17,913,451,462
050,45,073,"South Carolina","Oconee County",1,18,778,408,370
050,45,073,"South Carolina","Oconee County",1,19,674,360,314
050,45,073,"South Carolina","Oconee County",1,20,725,388,337
050,45,073,"South Carolina","Oconee County",1,21,797,422,375
050,45,073,"South Carolina","Oconee County",1,22,851,452,399
050,45,073,"South Carolina","Oconee County",1,23,884,438,446
050,45,073,"South Carolina","Oconee County",1,24,855,437,418
050,45,073,"South Carolina","Oconee County",1,25,854,432,422
050,45,073,"South Carolina","Oconee County",1,26,869,439,430
050,45,073,"South Carolina","Oconee County",1,27,924,476,448
050,45,073,"South Carolina","Oconee County",1,28,950,475,475
050,45,073,"South Carolina","Oconee County",1,29,993,495,498
050,45,073,"South Carolina","Oconee County",1,30,997,507,490
050,45,073,"South Carolina","Oconee County",1,31,918,465,453
050,45,073,"South Carolina","Oconee County",1,32,836,442,394
050,45,073,"South Carolina","Oconee County",1,33,778,384,394
050,45,073,"South Carolina","Oconee County",1,34,786,395,391
050,45,073,"South Carolina","Oconee County",1,35,771,392,379
050,45,073,"South Carolina","Oconee County",1,36,752,358,394
050,45,073,"South Carolina","Oconee County",1,37,815,389,426
050,45,073,"South Carolina","Oconee County",1,38,837,433,404
050,45,073,"South Carolina","Oconee County",1,39,808,399,409
050,45,073,"South Carolina","Oconee County",1,40,876,437,439
050,45,073,"South Carolina","Oconee County",1,41,827,426,401
050,45,073,"South Carolina","Oconee County",1,42,819,420,399
050,45,073,"South Carolina","Oconee County",1,43,782,377,405
050,45,073,"South Carolina","Oconee County",1,44,769,381,388
050,45,073,"South Carolina","Oconee County",1,45,879,440,439
050,45,073,"South Carolina","Oconee County",1,46,889,446,443
050,45,073,"South Carolina","Oconee County",1,47,927,476,451
050,45,073,"South Carolina","Oconee County",1,48,988,495,493
050,45,073,"South Carolina","Oconee County",1,49,1008,480,528
050,45,073,"South Carolina","Oconee County",1,50,1000,502,498
050,45,073,"South Carolina","Oconee County",1,51,1037,509,528
050,45,073,"South Carolina","Oconee County",1,52,978,475,503
050,45,073,"South Carolina","Oconee County",1,53,982,481,501
050,45,073,"South Carolina","Oconee County",1,54,1009,517,492
050,45,073,"South Carolina","Oconee County",1,55,1096,525,571
050,45,073,"South Carolina","Oconee County",1,56,1162,581,581
050,45,073,"South Carolina","Oconee County",1,57,1137,560,577
050,45,073,"South Carolina","Oconee County",1,58,1262,612,650
050,45,073,"South Carolina","Oconee County",1,59,1230,587,643
050,45,073,"South Carolina","Oconee County",1,60,1238,602,636
050,45,073,"South Carolina","Oconee County",1,61,1253,623,630
050,45,073,"South Carolina","Oconee County",1,62,1359,658,701
050,45,073,"South Carolina","Oconee County",1,63,1328,635,693
050,45,073,"South Carolina","Oconee County",1,64,1265,612,653
050,45,073,"South Carolina","Oconee County",1,65,1294,628,666
050,45,073,"South Carolina","Oconee County",1,66,1212,569,643
050,45,073,"South Carolina","Oconee County",1,67,1223,601,622
050,45,073,"South Carolina","Oconee County",1,68,1217,583,634
050,45,073,"South Carolina","Oconee County",1,69,1081,497,584
050,45,073,"South Carolina","Oconee County",1,70,1092,527,565
050,45,073,"South Carolina","Oconee County",1,71,1126,547,579
050,45,073,"South Carolina","Oconee County",1,72,1162,586,576
050,45,073,"South Carolina","Oconee County",1,73,1182,593,589
050,45,073,"South Carolina","Oconee County",1,74,765,369,396
050,45,073,"South Carolina","Oconee County",1,75,768,380,388
050,45,073,"South Carolina","Oconee County",1,76,821,405,416
050,45,073,"South Carolina","Oconee County",1,77,749,372,377
050,45,073,"South Carolina","Oconee County",1,78,644,299,345
050,45,073,"South Carolina","Oconee County",1,79,584,281,303
050,45,073,"South Carolina","Oconee County",1,80,512,234,278
050,45,073,"South Carolina","Oconee County",1,81,439,189,250
050,45,073,"South Carolina","Oconee County",1,82,412,195,217
050,45,073,"South Carolina","Oconee County",1,83,379,167,212
050,45,073,"South Carolina","Oconee County",1,84,305,126,179
050,45,073,"South Carolina","Oconee County",1,85,1538,570,968
050,45,073,"South Carolina","Oconee County",2,0,690,364,326
050,45,073,"South Carolina","Oconee County",2,1,687,365,322
050,45,073,"South Carolina","Oconee County",2,2,732,384,348
050,45,073,"South Carolina","Oconee County",2,3,760,392,368
050,45,073,"South Carolina","Oconee County",2,4,777,399,378
050,45,073,"South Carolina","Oconee County",2,5,827,425,402
050,45,073,"South Carolina","Oconee County",2,6,806,411,395
050,45,073,"South Carolina","Oconee County",2,7,830,415,415
050,45,073,"South Carolina","Oconee County",2,8,842,411,431
050,45,073,"South Carolina","Oconee County",2,9,860,431,429
050,45,073,"South Carolina","Oconee County",2,10,920,479,441
050,45,073,"South Carolina","Oconee County",2,11,950,492,458
050,45,073,"South Carolina","Oconee County",2,12,982,499,483
050,45,073,"South Carolina","Oconee County",2,13,994,513,481
050,45,073,"South Carolina","Oconee County",2,14,956,488,468
050,45,073,"South Carolina","Oconee County",2,15,979,480,499
050,45,073,"South Carolina","Oconee County",2,16,973,485,488
050,45,073,"South Carolina","Oconee County",2,17,923,457,466
050,45,073,"South Carolina","Oconee County",2,18,781,405,376
050,45,073,"South Carolina","Oconee County",2,19,668,355,313
050,45,073,"South Carolina","Oconee County",2,20,743,397,346
050,45,073,"South Carolina","Oconee County",2,21,794,424,370
050,45,073,"South Carolina","Oconee County",2,22,846,445,401
050,45,073,"South Carolina","Oconee County",2,23,881,445,436
050,45,073,"South Carolina","Oconee County",2,24,860,435,425
050,45,073,"South Carolina","Oconee County",2,25,855,431,424
050,45,073,"South Carolina","Oconee County",2,26,872,441,431
050,45,073,"South Carolina","Oconee County",2,27,913,467,446
050,45,073,"South Carolina","Oconee County",2,28,940,473,467
050,45,073,"South Carolina","Oconee County",2,29,983,490,493
050,45,073,"South Carolina","Oconee County",2,30,1004,506,498
050,45,073,"South Carolina","Oconee County",2,31,936,477,459
050,45,073,"South Carolina","Oconee County",2,32,855,446,409
050,45,073,"South Carolina","Oconee County",2,33,793,397,396
050,45,073,"South Carolina","Oconee County",2,34,787,395,392
050,45,073,"South Carolina","Oconee County",2,35,776,394,382
050,45,073,"South Carolina","Oconee County",2,36,752,364,388
050,45,073,"South Carolina","Oconee County",2,37,801,382,419
050,45,073,"South Carolina","Oconee County",2,38,837,425,412
050,45,073,"South Carolina","Oconee County",2,39,814,405,409
050,45,073,"South Carolina","Oconee County",2,40,862,428,434
050,45,073,"South Carolina","Oconee County",2,41,838,427,411
050,45,073,"South Carolina","Oconee County",2,42,819,421,398
050,45,073,"South Carolina","Oconee County",2,43,804,394,410
050,45,073,"South Carolina","Oconee County",2,44,770,380,390
050,45,073,"South Carolina","Oconee County",2,45,859,427,432
050,45,073,"South Carolina","Oconee County",2,46,888,441,447
050,45,073,"South Carolina","Oconee County",2,47,916,468,448
050,45,073,"South Carolina","Oconee County",2,48,981,494,487
050,45,073,"South Carolina","Oconee County",2,49,1013,491,522
050,45,073,"South Carolina","Oconee County",2,50,1011,501,510
050,45,073,"South Carolina","Oconee County",2,51,1027,507,520
050,45,073,"South Carolina","Oconee County",2,52,991,481,510
050,45,073,"South Carolina","Oconee County",2,53,989,483,506
050,45,073,"South Carolina","Oconee County",2,54,1004,512,492
050,45,073,"South Carolina","Oconee County",2,55,1081,526,555
050,45,073,"South Carolina","Oconee County",2,56,1160,573,587
050,45,073,"South Carolina","Oconee County",2,57,1158,574,584
050,45,073,"South Carolina","Oconee County",2,58,1240,606,634
050,45,073,"South Carolina","Oconee County",2,59,1255,601,654
050,45,073,"South Carolina","Oconee County",2,60,1242,601,641
050,45,073,"South Carolina","Oconee County",2,61,1256,623,633
050,45,073,"South Carolina","Oconee County",2,62,1340,655,685
050,45,073,"South Carolina","Oconee County",2,63,1355,648,707
050,45,073,"South Carolina","Oconee County",2,64,1278,618,660
050,45,073,"South Carolina","Oconee County",2,65,1293,625,668
050,45,073,"South Carolina","Oconee County",2,66,1243,589,654
050,45,073,"South Carolina","Oconee County",2,67,1223,594,629
050,45,073,"South Carolina","Oconee County",2,68,1210,581,629
050,45,073,"South Carolina","Oconee County",2,69,1126,523,603
050,45,073,"South Carolina","Oconee County",2,70,1085,517,568
050,45,073,"South Carolina","Oconee County",2,71,1120,544,576
050,45,073,"South Carolina","Oconee County",2,72,1135,568,567
050,45,073,"South Carolina","Oconee County",2,73,1229,616,613
050,45,073,"South Carolina","Oconee County",2,74,809,395,414
050,45,073,"South Carolina","Oconee County",2,75,761,374,387
050,45,073,"South Carolina","Oconee County",2,76,792,392,400
050,45,073,"South Carolina","Oconee County",2,77,774,381,393
050,45,073,"South Carolina","Oconee County",2,78,650,305,345
050,45,073,"South Carolina","Oconee County",2,79,587,280,307
050,45,073,"South Carolina","Oconee County",2,80,519,242,277
050,45,073,"South Carolina","Oconee County",2,81,446,193,253
050,45,073,"South Carolina","Oconee County",2,82,412,189,223
050,45,073,"South Carolina","Oconee County",2,83,380,171,209
050,45,073,"South Carolina","Oconee County",2,84,315,134,181
050,45,073,"South Carolina","Oconee County",2,85,1559,576,983
050,45,073,"South Carolina","Oconee County",3,0,628,314,314
050,45,073,"South Carolina","Oconee County",3,1,709,362,347
050,45,073,"South Carolina","Oconee County",3,2,706,377,329
050,45,073,"South Carolina","Oconee County",3,3,740,384,356
050,45,073,"South Carolina","Oconee County",3,4,754,385,369
050,45,073,"South Carolina","Oconee County",3,5,775,395,380
050,45,073,"South Carolina","Oconee County",3,6,823,427,396
050,45,073,"South Carolina","Oconee County",3,7,809,408,401
050,45,073,"South Carolina","Oconee County",3,8,837,418,419
050,45,073,"South Carolina","Oconee County",3,9,859,416,443
050,45,073,"South Carolina","Oconee County",3,10,887,447,440
050,45,073,"South Carolina","Oconee County",3,11,933,486,447
050,45,073,"South Carolina","Oconee County",3,12,955,488,467
050,45,073,"South Carolina","Oconee County",3,13,978,507,471
050,45,073,"South Carolina","Oconee County",3,14,1004,518,486
050,45,073,"South Carolina","Oconee County",3,15,981,499,482
050,45,073,"South Carolina","Oconee County",3,16,992,484,508
050,45,073,"South Carolina","Oconee County",3,17,970,482,488
050,45,073,"South Carolina","Oconee County",3,18,820,420,400
050,45,073,"South Carolina","Oconee County",3,19,662,344,318
050,45,073,"South Carolina","Oconee County",3,20,762,395,367
050,45,073,"South Carolina","Oconee County",3,21,823,448,375
050,45,073,"South Carolina","Oconee County",3,22,828,433,395
050,45,073,"South Carolina","Oconee County",3,23,873,460,413
050,45,073,"South Carolina","Oconee County",3,24,874,446,428
050,45,073,"South Carolina","Oconee County",3,25,865,442,423
050,45,073,"South Carolina","Oconee County",3,26,830,419,411
050,45,073,"South Carolina","Oconee County",3,27,856,435,421
050,45,073,"South Carolina","Oconee County",3,28,884,447,437
050,45,073,"South Carolina","Oconee County",3,29,946,477,469
050,45,073,"South Carolina","Oconee County",3,30,966,490,476
050,45,073,"South Carolina","Oconee County",3,31,1003,486,517
050,45,073,"South Carolina","Oconee County",3,32,914,467,447
050,45,073,"South Carolina","Oconee County",3,33,862,438,424
050,45,073,"South Carolina","Oconee County",3,34,805,410,395
050,45,073,"South Carolina","Oconee County",3,35,788,396,392
050,45,073,"South Carolina","Oconee County",3,36,798,399,399
050,45,073,"South Carolina","Oconee County",3,37,767,379,388
050,45,073,"South Carolina","Oconee County",3,38,801,386,415
050,45,073,"South Carolina","Oconee County",3,39,853,434,419
050,45,073,"South Carolina","Oconee County",3,40,826,417,409
050,45,073,"South Carolina","Oconee County",3,41,868,431,437
050,45,073,"South Carolina","Oconee County",3,42,848,422,426
050,45,073,"South Carolina","Oconee County",3,43,818,427,391
050,45,073,"South Carolina","Oconee County",3,44,805,392,413
050,45,073,"South Carolina","Oconee County",3,45,793,386,407
050,45,073,"South Carolina","Oconee County",3,46,853,421,432
050,45,073,"South Carolina","Oconee County",3,47,890,441,449
050,45,073,"South Carolina","Oconee County",3,48,912,461,451
050,45,073,"South Carolina","Oconee County",3,49,988,499,489
050,45,073,"South Carolina","Oconee County",3,50,1044,509,535
050,45,073,"South Carolina","Oconee County",3,51,1048,519,529
050,45,073,"South Carolina","Oconee County",3,52,1035,510,525
050,45,073,"South Carolina","Oconee County",3,53,999,485,514
050,45,073,"South Carolina","Oconee County",3,54,1018,494,524
050,45,073,"South Carolina","Oconee County",3,55,1054,537,517
050,45,073,"South Carolina","Oconee County",3,56,1121,544,577
050,45,073,"South Carolina","Oconee County",3,57,1201,596,605
050,45,073,"South Carolina","Oconee County",3,58,1199,593,606
050,45,073,"South Carolina","Oconee County",3,59,1272,612,660
050,45,073,"South Carolina","Oconee County",3,60,1299,620,679
050,45,073,"South Carolina","Oconee County",3,61,1278,624,654
050,45,073,"South Carolina","Oconee County",3,62,1295,653,642
050,45,073,"South Carolina","Oconee County",3,63,1371,660,711
050,45,073,"South Carolina","Oconee County",3,64,1394,669,725
050,45,073,"South Carolina","Oconee County",3,65,1313,644,669
050,45,073,"South Carolina","Oconee County",3,66,1307,631,676
050,45,073,"South Carolina","Oconee County",3,67,1256,597,659
050,45,073,"South Carolina","Oconee County",3,68,1231,602,629
050,45,073,"South Carolina","Oconee County",3,69,1208,571,637
050,45,073,"South Carolina","Oconee County",3,70,1091,500,591
050,45,073,"South Carolina","Oconee County",3,71,1059,498,561
050,45,073,"South Carolina","Oconee County",3,72,1111,545,566
050,45,073,"South Carolina","Oconee County",3,73,1101,549,552
050,45,073,"South Carolina","Oconee County",3,74,1180,587,593
050,45,073,"South Carolina","Oconee County",3,75,770,371,399
050,45,073,"South Carolina","Oconee County",3,76,718,358,360
050,45,073,"South Carolina","Oconee County",3,77,743,366,377
050,45,073,"South Carolina","Oconee County",3,78,733,356,377
050,45,073,"South Carolina","Oconee County",3,79,612,291,321
050,45,073,"South Carolina","Oconee County",3,80,542,260,282
050,45,073,"South Carolina","Oconee County",3,81,479,222,257
050,45,073,"South Carolina","Oconee County",3,82,405,174,231
050,45,073,"South Carolina","Oconee County",3,83,386,177,209
050,45,073,"South Carolina","Oconee County",3,84,339,148,191
050,45,073,"South Carolina","Oconee County",3,85,1585,571,1014
050,45,073,"South Carolina","Oconee County",4,0,628,332,296
050,45,073,"South Carolina","Oconee County",4,1,674,344,330
050,45,073,"South Carolina","Oconee County",4,2,714,361,353
050,45,073,"South Carolina","Oconee County",4,3,716,379,337
050,45,073,"South Carolina","Oconee County",4,4,749,384,365
050,45,073,"South Carolina","Oconee County",4,5,769,392,377
050,45,073,"South Carolina","Oconee County",4,6,782,398,384
050,45,073,"South Carolina","Oconee County",4,7,833,425,408
050,45,073,"South Carolina","Oconee County",4,8,833,414,419
050,45,073,"South Carolina","Oconee County",4,9,865,438,427
050,45,073,"South Carolina","Oconee County",4,10,876,434,442
050,45,073,"South Carolina","Oconee County",4,11,895,445,450
050,45,073,"South Carolina","Oconee County",4,12,946,498,448
050,45,073,"South Carolina","Oconee County",4,13,975,496,479
050,45,073,"South Carolina","Oconee County",4,14,978,504,474
050,45,073,"South Carolina","Oconee County",4,15,1052,544,508
050,45,073,"South Carolina","Oconee County",4,16,1012,517,495
050,45,073,"South Carolina","Oconee County",4,17,991,489,502
050,45,073,"South Carolina","Oconee County",4,18,858,449,409
050,45,073,"South Carolina","Oconee County",4,19,678,359,319
050,45,073,"South Carolina","Oconee County",4,20,734,376,358
050,45,073,"South Carolina","Oconee County",4,21,859,439,420
050,45,073,"South Carolina","Oconee County",4,22,849,458,391
050,45,073,"South Carolina","Oconee County",4,23,859,448,411
050,45,073,"South Carolina","Oconee County",4,24,849,450,399
050,45,073,"South Carolina","Oconee County",4,25,862,443,419
050,45,073,"South Carolina","Oconee County",4,26,835,424,411
050,45,073,"South Carolina","Oconee County",4,27,824,407,417
050,45,073,"South Carolina","Oconee County",4,28,848,417,431
050,45,073,"South Carolina","Oconee County",4,29,882,454,428
050,45,073,"South Carolina","Oconee County",4,30,956,470,486
050,45,073,"South Carolina","Oconee County",4,31,965,473,492
050,45,073,"South Carolina","Oconee County",4,32,969,468,501
050,45,073,"South Carolina","Oconee County",4,33,922,469,453
050,45,073,"South Carolina","Oconee County",4,34,882,462,420
050,45,073,"South Carolina","Oconee County",4,35,819,400,419
050,45,073,"South Carolina","Oconee County",4,36,811,403,408
050,45,073,"South Carolina","Oconee County",4,37,821,416,405
050,45,073,"South Carolina","Oconee County",4,38,778,386,392
050,45,073,"South Carolina","Oconee County",4,39,821,385,436
050,45,073,"South Carolina","Oconee County",4,40,873,434,439
050,45,073,"South Carolina","Oconee County",4,41,840,430,410
050,45,073,"South Carolina","Oconee County",4,42,869,439,430
050,45,073,"South Carolina","Oconee County",4,43,884,443,441
050,45,073,"South Carolina","Oconee County",4,44,823,419,404
050,45,073,"South Carolina","Oconee County",4,45,817,394,423
050,45,073,"South Carolina","Oconee County",4,46,813,395,418
050,45,073,"South Carolina","Oconee County",4,47,870,435,435
050,45,073,"South Carolina","Oconee County",4,48,907,450,457
050,45,073,"South Carolina","Oconee County",4,49,933,474,459
050,45,073,"South Carolina","Oconee County",4,50,1021,518,503
050,45,073,"South Carolina","Oconee County",4,51,1077,531,546
050,45,073,"South Carolina","Oconee County",4,52,1075,524,551
050,45,073,"South Carolina","Oconee County",4,53,1056,513,543
050,45,073,"South Carolina","Oconee County",4,54,1025,492,533
050,45,073,"South Carolina","Oconee County",4,55,1024,498,526
050,45,073,"South Carolina","Oconee County",4,56,1080,550,530
050,45,073,"South Carolina","Oconee County",4,57,1145,554,591
050,45,073,"South Carolina","Oconee County",4,58,1235,614,621
050,45,073,"South Carolina","Oconee County",4,59,1254,615,639
050,45,073,"South Carolina","Oconee County",4,60,1309,630,679
050,45,073,"South Carolina","Oconee County",4,61,1330,649,681
050,45,073,"South Carolina","Oconee County",4,62,1318,639,679
050,45,073,"South Carolina","Oconee County",4,63,1334,669,665
050,45,073,"South Carolina","Oconee County",4,64,1413,676,737
050,45,073,"South Carolina","Oconee County",4,65,1422,681,741
050,45,073,"South Carolina","Oconee County",4,66,1338,656,682
050,45,073,"South Carolina","Oconee County",4,67,1317,632,685
050,45,073,"South Carolina","Oconee County",4,68,1285,614,671
050,45,073,"South Carolina","Oconee County",4,69,1220,599,621
050,45,073,"South Carolina","Oconee County",4,70,1186,559,627
050,45,073,"South Carolina","Oconee County",4,71,1056,474,582
050,45,073,"South Carolina","Oconee County",4,72,1049,494,555
050,45,073,"South Carolina","Oconee County",4,73,1090,534,556
050,45,073,"South Carolina","Oconee County",4,74,1075,533,542
050,45,073,"South Carolina","Oconee County",4,75,1135,564,571
050,45,073,"South Carolina","Oconee County",4,76,742,353,389
050,45,073,"South Carolina","Oconee County",4,77,694,348,346
050,45,073,"South Carolina","Oconee County",4,78,717,351,366
050,45,073,"South Carolina","Oconee County",4,79,685,334,351
050,45,073,"South Carolina","Oconee County",4,80,568,271,297
050,45,073,"South Carolina","Oconee County",4,81,504,235,269
050,45,073,"South Carolina","Oconee County",4,82,438,194,244
050,45,073,"South Carolina","Oconee County",4,83,363,161,202
050,45,073,"South Carolina","Oconee County",4,84,350,151,199
050,45,073,"South Carolina","Oconee County",4,85,1632,600,1032
050,45,073,"South Carolina","Oconee County",5,0,624,330,294
050,45,073,"South Carolina","Oconee County",5,1,654,343,311
050,45,073,"South Carolina","Oconee County",5,2,688,351,337
050,45,073,"South Carolina","Oconee County",5,3,728,369,359
050,45,073,"South Carolina","Oconee County",5,4,722,383,339
050,45,073,"South Carolina","Oconee County",5,5,778,400,378
050,45,073,"South Carolina","Oconee County",5,6,784,402,382
050,45,073,"South Carolina","Oconee County",5,7,816,423,393
050,45,073,"South Carolina","Oconee County",5,8,872,441,431
050,45,073,"South Carolina","Oconee County",5,9,842,423,419
050,45,073,"South Carolina","Oconee County",5,10,881,443,438
050,45,073,"South Carolina","Oconee County",5,11,910,448,462
050,45,073,"South Carolina","Oconee County",5,12,894,445,449
050,45,073,"South Carolina","Oconee County",5,13,969,509,460
050,45,073,"South Carolina","Oconee County",5,14,993,511,482
050,45,073,"South Carolina","Oconee County",5,15,1029,525,504
050,45,073,"South Carolina","Oconee County",5,16,1072,557,515
050,45,073,"South Carolina","Oconee County",5,17,1024,519,505
050,45,073,"South Carolina","Oconee County",5,18,864,444,420
050,45,073,"South Carolina","Oconee County",5,19,716,371,345
050,45,073,"South Carolina","Oconee County",5,20,792,409,383
050,45,073,"South Carolina","Oconee County",5,21,824,426,398
050,45,073,"South Carolina","Oconee County",5,22,921,468,453
050,45,073,"South Carolina","Oconee County",5,23,870,463,407
050,45,073,"South Carolina","Oconee County",5,24,835,427,408
050,45,073,"South Carolina","Oconee County",5,25,846,454,392
050,45,073,"South Carolina","Oconee County",5,26,870,461,409
050,45,073,"South Carolina","Oconee County",5,27,828,405,423
050,45,073,"South Carolina","Oconee County",5,28,834,415,419
050,45,073,"South Carolina","Oconee County",5,29,840,398,442
050,45,073,"South Carolina","Oconee County",5,30,900,473,427
050,45,073,"South Carolina","Oconee County",5,31,949,472,477
050,45,073,"South Carolina","Oconee County",5,32,947,477,470
050,45,073,"South Carolina","Oconee County",5,33,971,460,511
050,45,073,"South Carolina","Oconee County",5,34,931,482,449
050,45,073,"South Carolina","Oconee County",5,35,896,460,436
050,45,073,"South Carolina","Oconee County",5,36,838,406,432
050,45,073,"South Carolina","Oconee County",5,37,832,405,427
050,45,073,"South Carolina","Oconee County",5,38,823,421,402
050,45,073,"South Carolina","Oconee County",5,39,793,394,399
050,45,073,"South Carolina","Oconee County",5,40,839,401,438
050,45,073,"South Carolina","Oconee County",5,41,868,437,431
050,45,073,"South Carolina","Oconee County",5,42,859,434,425
050,45,073,"South Carolina","Oconee County",5,43,893,447,446
050,45,073,"South Carolina","Oconee County",5,44,879,436,443
050,45,073,"South Carolina","Oconee County",5,45,849,434,415
050,45,073,"South Carolina","Oconee County",5,46,841,404,437
050,45,073,"South Carolina","Oconee County",5,47,824,401,423
050,45,073,"South Carolina","Oconee County",5,48,874,437,437
050,45,073,"South Carolina","Oconee County",5,49,933,461,472
050,45,073,"South Carolina","Oconee County",5,50,955,480,475
050,45,073,"South Carolina","Oconee County",5,51,1064,547,517
050,45,073,"South Carolina","Oconee County",5,52,1104,536,568
050,45,073,"South Carolina","Oconee County",5,53,1103,534,569
050,45,073,"South Carolina","Oconee County",5,54,1078,522,556
050,45,073,"South Carolina","Oconee County",5,55,1072,519,553
050,45,073,"South Carolina","Oconee County",5,56,1057,514,543
050,45,073,"South Carolina","Oconee County",5,57,1127,570,557
050,45,073,"South Carolina","Oconee County",5,58,1159,556,603
050,45,073,"South Carolina","Oconee County",5,59,1264,614,650
050,45,073,"South Carolina","Oconee County",5,60,1280,619,661
050,45,073,"South Carolina","Oconee County",5,61,1350,651,699
050,45,073,"South Carolina","Oconee County",5,62,1383,680,703
050,45,073,"South Carolina","Oconee County",5,63,1355,651,704
050,45,073,"South Carolina","Oconee County",5,64,1362,687,675
050,45,073,"South Carolina","Oconee County",5,65,1459,717,742
050,45,073,"South Carolina","Oconee County",5,66,1432,677,755
050,45,073,"South Carolina","Oconee County",5,67,1351,675,676
050,45,073,"South Carolina","Oconee County",5,68,1329,645,684
050,45,073,"South Carolina","Oconee County",5,69,1297,612,685
050,45,073,"South Carolina","Oconee County",5,70,1207,589,618
050,45,073,"South Carolina","Oconee County",5,71,1168,545,623
050,45,073,"South Carolina","Oconee County",5,72,1038,465,573
050,45,073,"South Carolina","Oconee County",5,73,1035,490,545
050,45,073,"South Carolina","Oconee County",5,74,1058,518,540
050,45,073,"South Carolina","Oconee County",5,75,1038,511,527
050,45,073,"South Carolina","Oconee County",5,76,1096,548,548
050,45,073,"South Carolina","Oconee County",5,77,707,337,370
050,45,073,"South Carolina","Oconee County",5,78,674,330,344
050,45,073,"South Carolina","Oconee County",5,79,687,337,350
050,45,073,"South Carolina","Oconee County",5,80,626,304,322
050,45,073,"South Carolina","Oconee County",5,81,537,254,283
050,45,073,"South Carolina","Oconee County",5,82,460,215,245
050,45,073,"South Carolina","Oconee County",5,83,405,183,222
050,45,073,"South Carolina","Oconee County",5,84,335,144,191
050,45,073,"South Carolina","Oconee County",5,85,1710,641,1069
050,45,075,"South Carolina","Orangeburg County",1,0,906,464,442
050,45,075,"South Carolina","Orangeburg County",1,1,907,463,444
050,45,075,"South Carolina","Orangeburg County",1,2,938,495,443
050,45,075,"South Carolina","Orangeburg County",1,3,911,458,453
050,45,075,"South Carolina","Orangeburg County",1,4,922,446,476
050,45,075,"South Carolina","Orangeburg County",1,5,961,470,491
050,45,075,"South Carolina","Orangeburg County",1,6,976,485,491
050,45,075,"South Carolina","Orangeburg County",1,7,976,501,475
050,45,075,"South Carolina","Orangeburg County",1,8,1013,515,498
050,45,075,"South Carolina","Orangeburg County",1,9,1047,506,541
050,45,075,"South Carolina","Orangeburg County",1,10,1133,555,578
050,45,075,"South Carolina","Orangeburg County",1,11,1162,576,586
050,45,075,"South Carolina","Orangeburg County",1,12,1159,599,560
050,45,075,"South Carolina","Orangeburg County",1,13,1200,615,585
050,45,075,"South Carolina","Orangeburg County",1,14,1109,597,512
050,45,075,"South Carolina","Orangeburg County",1,15,1039,533,506
050,45,075,"South Carolina","Orangeburg County",1,16,1028,523,505
050,45,075,"South Carolina","Orangeburg County",1,17,1041,515,526
050,45,075,"South Carolina","Orangeburg County",1,18,1296,649,647
050,45,075,"South Carolina","Orangeburg County",1,19,1698,807,891
050,45,075,"South Carolina","Orangeburg County",1,20,1563,725,838
050,45,075,"South Carolina","Orangeburg County",1,21,1309,598,711
050,45,075,"South Carolina","Orangeburg County",1,22,1084,536,548
050,45,075,"South Carolina","Orangeburg County",1,23,1000,487,513
050,45,075,"South Carolina","Orangeburg County",1,24,917,458,459
050,45,075,"South Carolina","Orangeburg County",1,25,945,436,509
050,45,075,"South Carolina","Orangeburg County",1,26,959,477,482
050,45,075,"South Carolina","Orangeburg County",1,27,1012,491,521
050,45,075,"South Carolina","Orangeburg County",1,28,1041,473,568
050,45,075,"South Carolina","Orangeburg County",1,29,1058,500,558
050,45,075,"South Carolina","Orangeburg County",1,30,1044,498,546
050,45,075,"South Carolina","Orangeburg County",1,31,996,470,526
050,45,075,"South Carolina","Orangeburg County",1,32,878,386,492
050,45,075,"South Carolina","Orangeburg County",1,33,870,389,481
050,45,075,"South Carolina","Orangeburg County",1,34,895,403,492
050,45,075,"South Carolina","Orangeburg County",1,35,903,422,481
050,45,075,"South Carolina","Orangeburg County",1,36,851,372,479
050,45,075,"South Carolina","Orangeburg County",1,37,939,422,517
050,45,075,"South Carolina","Orangeburg County",1,38,877,423,454
050,45,075,"South Carolina","Orangeburg County",1,39,880,431,449
050,45,075,"South Carolina","Orangeburg County",1,40,892,406,486
050,45,075,"South Carolina","Orangeburg County",1,41,901,433,468
050,45,075,"South Carolina","Orangeburg County",1,42,844,403,441
050,45,075,"South Carolina","Orangeburg County",1,43,795,362,433
050,45,075,"South Carolina","Orangeburg County",1,44,795,345,450
050,45,075,"South Carolina","Orangeburg County",1,45,835,390,445
050,45,075,"South Carolina","Orangeburg County",1,46,858,405,453
050,45,075,"South Carolina","Orangeburg County",1,47,872,398,474
050,45,075,"South Carolina","Orangeburg County",1,48,917,401,516
050,45,075,"South Carolina","Orangeburg County",1,49,1004,455,549
050,45,075,"South Carolina","Orangeburg County",1,50,979,459,520
050,45,075,"South Carolina","Orangeburg County",1,51,962,451,511
050,45,075,"South Carolina","Orangeburg County",1,52,1000,477,523
050,45,075,"South Carolina","Orangeburg County",1,53,1048,487,561
050,45,075,"South Carolina","Orangeburg County",1,54,1107,503,604
050,45,075,"South Carolina","Orangeburg County",1,55,1179,550,629
050,45,075,"South Carolina","Orangeburg County",1,56,1252,590,662
050,45,075,"South Carolina","Orangeburg County",1,57,1242,587,655
050,45,075,"South Carolina","Orangeburg County",1,58,1244,560,684
050,45,075,"South Carolina","Orangeburg County",1,59,1250,598,652
050,45,075,"South Carolina","Orangeburg County",1,60,1187,555,632
050,45,075,"South Carolina","Orangeburg County",1,61,1114,510,604
050,45,075,"South Carolina","Orangeburg County",1,62,1135,549,586
050,45,075,"South Carolina","Orangeburg County",1,63,1136,538,598
050,45,075,"South Carolina","Orangeburg County",1,64,1146,522,624
050,45,075,"South Carolina","Orangeburg County",1,65,1154,511,643
050,45,075,"South Carolina","Orangeburg County",1,66,1147,532,615
050,45,075,"South Carolina","Orangeburg County",1,67,1079,487,592
050,45,075,"South Carolina","Orangeburg County",1,68,1098,487,611
050,45,075,"South Carolina","Orangeburg County",1,69,1057,467,590
050,45,075,"South Carolina","Orangeburg County",1,70,1013,460,553
050,45,075,"South Carolina","Orangeburg County",1,71,982,438,544
050,45,075,"South Carolina","Orangeburg County",1,72,997,448,549
050,45,075,"South Carolina","Orangeburg County",1,73,970,456,514
050,45,075,"South Carolina","Orangeburg County",1,74,705,324,381
050,45,075,"South Carolina","Orangeburg County",1,75,741,343,398
050,45,075,"South Carolina","Orangeburg County",1,76,682,321,361
050,45,075,"South Carolina","Orangeburg County",1,77,684,298,386
050,45,075,"South Carolina","Orangeburg County",1,78,613,257,356
050,45,075,"South Carolina","Orangeburg County",1,79,498,193,305
050,45,075,"South Carolina","Orangeburg County",1,80,472,190,282
050,45,075,"South Carolina","Orangeburg County",1,81,416,185,231
050,45,075,"South Carolina","Orangeburg County",1,82,377,157,220
050,45,075,"South Carolina","Orangeburg County",1,83,354,138,216
050,45,075,"South Carolina","Orangeburg County",1,84,311,117,194
050,45,075,"South Carolina","Orangeburg County",1,85,1734,608,1126
050,45,075,"South Carolina","Orangeburg County",2,0,879,445,434
050,45,075,"South Carolina","Orangeburg County",2,1,905,460,445
050,45,075,"South Carolina","Orangeburg County",2,2,933,487,446
050,45,075,"South Carolina","Orangeburg County",2,3,922,469,453
050,45,075,"South Carolina","Orangeburg County",2,4,919,452,467
050,45,075,"South Carolina","Orangeburg County",2,5,952,462,490
050,45,075,"South Carolina","Orangeburg County",2,6,969,479,490
050,45,075,"South Carolina","Orangeburg County",2,7,970,494,476
050,45,075,"South Carolina","Orangeburg County",2,8,999,507,492
050,45,075,"South Carolina","Orangeburg County",2,9,1038,508,530
050,45,075,"South Carolina","Orangeburg County",2,10,1105,538,567
050,45,075,"South Carolina","Orangeburg County",2,11,1146,565,581
050,45,075,"South Carolina","Orangeburg County",2,12,1168,596,572
050,45,075,"South Carolina","Orangeburg County",2,13,1189,613,576
050,45,075,"South Carolina","Orangeburg County",2,14,1123,598,525
050,45,075,"South Carolina","Orangeburg County",2,15,1052,546,506
050,45,075,"South Carolina","Orangeburg County",2,16,1029,528,501
050,45,075,"South Carolina","Orangeburg County",2,17,1033,513,520
050,45,075,"South Carolina","Orangeburg County",2,18,1284,641,643
050,45,075,"South Carolina","Orangeburg County",2,19,1684,800,884
050,45,075,"South Carolina","Orangeburg County",2,20,1571,728,843
050,45,075,"South Carolina","Orangeburg County",2,21,1320,600,720
050,45,075,"South Carolina","Orangeburg County",2,22,1082,532,550
050,45,075,"South Carolina","Orangeburg County",2,23,998,485,513
050,45,075,"South Carolina","Orangeburg County",2,24,913,448,465
050,45,075,"South Carolina","Orangeburg County",2,25,930,436,494
050,45,075,"South Carolina","Orangeburg County",2,26,951,469,482
050,45,075,"South Carolina","Orangeburg County",2,27,989,479,510
050,45,075,"South Carolina","Orangeburg County",2,28,1024,477,547
050,45,075,"South Carolina","Orangeburg County",2,29,1041,489,552
050,45,075,"South Carolina","Orangeburg County",2,30,1045,497,548
050,45,075,"South Carolina","Orangeburg County",2,31,996,472,524
050,45,075,"South Carolina","Orangeburg County",2,32,898,400,498
050,45,075,"South Carolina","Orangeburg County",2,33,871,387,484
050,45,075,"South Carolina","Orangeburg County",2,34,887,399,488
050,45,075,"South Carolina","Orangeburg County",2,35,898,415,483
050,45,075,"South Carolina","Orangeburg County",2,36,854,379,475
050,45,075,"South Carolina","Orangeburg County",2,37,913,407,506
050,45,075,"South Carolina","Orangeburg County",2,38,895,425,470
050,45,075,"South Carolina","Orangeburg County",2,39,875,428,447
050,45,075,"South Carolina","Orangeburg County",2,40,903,419,484
050,45,075,"South Carolina","Orangeburg County",2,41,897,426,471
050,45,075,"South Carolina","Orangeburg County",2,42,850,410,440
050,45,075,"South Carolina","Orangeburg County",2,43,814,374,440
050,45,075,"South Carolina","Orangeburg County",2,44,788,345,443
050,45,075,"South Carolina","Orangeburg County",2,45,831,382,449
050,45,075,"South Carolina","Orangeburg County",2,46,845,397,448
050,45,075,"South Carolina","Orangeburg County",2,47,864,397,467
050,45,075,"South Carolina","Orangeburg County",2,48,905,401,504
050,45,075,"South Carolina","Orangeburg County",2,49,988,442,546
050,45,075,"South Carolina","Orangeburg County",2,50,978,453,525
050,45,075,"South Carolina","Orangeburg County",2,51,961,450,511
050,45,075,"South Carolina","Orangeburg County",2,52,988,470,518
050,45,075,"South Carolina","Orangeburg County",2,53,1032,483,549
050,45,075,"South Carolina","Orangeburg County",2,54,1089,498,591
050,45,075,"South Carolina","Orangeburg County",2,55,1161,538,623
050,45,075,"South Carolina","Orangeburg County",2,56,1236,581,655
050,45,075,"South Carolina","Orangeburg County",2,57,1251,590,661
050,45,075,"South Carolina","Orangeburg County",2,58,1238,565,673
050,45,075,"South Carolina","Orangeburg County",2,59,1244,585,659
050,45,075,"South Carolina","Orangeburg County",2,60,1198,566,632
050,45,075,"South Carolina","Orangeburg County",2,61,1133,522,611
050,45,075,"South Carolina","Orangeburg County",2,62,1123,536,587
050,45,075,"South Carolina","Orangeburg County",2,63,1137,543,594
050,45,075,"South Carolina","Orangeburg County",2,64,1131,521,610
050,45,075,"South Carolina","Orangeburg County",2,65,1146,512,634
050,45,075,"South Carolina","Orangeburg County",2,66,1143,522,621
050,45,075,"South Carolina","Orangeburg County",2,67,1087,495,592
050,45,075,"South Carolina","Orangeburg County",2,68,1076,478,598
050,45,075,"South Carolina","Orangeburg County",2,69,1068,473,595
050,45,075,"South Carolina","Orangeburg County",2,70,1015,459,556
050,45,075,"South Carolina","Orangeburg County",2,71,974,432,542
050,45,075,"South Carolina","Orangeburg County",2,72,977,439,538
050,45,075,"South Carolina","Orangeburg County",2,73,1005,470,535
050,45,075,"South Carolina","Orangeburg County",2,74,723,330,393
050,45,075,"South Carolina","Orangeburg County",2,75,728,339,389
050,45,075,"South Carolina","Orangeburg County",2,76,688,322,366
050,45,075,"South Carolina","Orangeburg County",2,77,691,306,385
050,45,075,"South Carolina","Orangeburg County",2,78,615,261,354
050,45,075,"South Carolina","Orangeburg County",2,79,520,204,316
050,45,075,"South Carolina","Orangeburg County",2,80,471,187,284
050,45,075,"South Carolina","Orangeburg County",2,81,417,180,237
050,45,075,"South Carolina","Orangeburg County",2,82,383,164,219
050,45,075,"South Carolina","Orangeburg County",2,83,352,140,212
050,45,075,"South Carolina","Orangeburg County",2,84,318,120,198
050,45,075,"South Carolina","Orangeburg County",2,85,1722,611,1111
050,45,075,"South Carolina","Orangeburg County",3,0,812,413,399
050,45,075,"South Carolina","Orangeburg County",3,1,875,444,431
050,45,075,"South Carolina","Orangeburg County",3,2,891,447,444
050,45,075,"South Carolina","Orangeburg County",3,3,897,462,435
050,45,075,"South Carolina","Orangeburg County",3,4,906,468,438
050,45,075,"South Carolina","Orangeburg County",3,5,887,440,447
050,45,075,"South Carolina","Orangeburg County",3,6,948,459,489
050,45,075,"South Carolina","Orangeburg County",3,7,964,466,498
050,45,075,"South Carolina","Orangeburg County",3,8,947,479,468
050,45,075,"South Carolina","Orangeburg County",3,9,1004,521,483
050,45,075,"South Carolina","Orangeburg County",3,10,1033,509,524
050,45,075,"South Carolina","Orangeburg County",3,11,1109,541,568
050,45,075,"South Carolina","Orangeburg County",3,12,1135,563,572
050,45,075,"South Carolina","Orangeburg County",3,13,1163,593,570
050,45,075,"South Carolina","Orangeburg County",3,14,1158,593,565
050,45,075,"South Carolina","Orangeburg County",3,15,1112,588,524
050,45,075,"South Carolina","Orangeburg County",3,16,1056,549,507
050,45,075,"South Carolina","Orangeburg County",3,17,1051,540,511
050,45,075,"South Carolina","Orangeburg County",3,18,1272,633,639
050,45,075,"South Carolina","Orangeburg County",3,19,1608,751,857
050,45,075,"South Carolina","Orangeburg County",3,20,1516,705,811
050,45,075,"South Carolina","Orangeburg County",3,21,1334,623,711
050,45,075,"South Carolina","Orangeburg County",3,22,1078,534,544
050,45,075,"South Carolina","Orangeburg County",3,23,1002,493,509
050,45,075,"South Carolina","Orangeburg County",3,24,907,448,459
050,45,075,"South Carolina","Orangeburg County",3,25,904,437,467
050,45,075,"South Carolina","Orangeburg County",3,26,894,441,453
050,45,075,"South Carolina","Orangeburg County",3,27,892,430,462
050,45,075,"South Carolina","Orangeburg County",3,28,943,456,487
050,45,075,"South Carolina","Orangeburg County",3,29,999,453,546
050,45,075,"South Carolina","Orangeburg County",3,30,990,465,525
050,45,075,"South Carolina","Orangeburg County",3,31,1026,487,539
050,45,075,"South Carolina","Orangeburg County",3,32,977,466,511
050,45,075,"South Carolina","Orangeburg County",3,33,874,381,493
050,45,075,"South Carolina","Orangeburg County",3,34,847,377,470
050,45,075,"South Carolina","Orangeburg County",3,35,871,381,490
050,45,075,"South Carolina","Orangeburg County",3,36,884,397,487
050,45,075,"South Carolina","Orangeburg County",3,37,845,380,465
050,45,075,"South Carolina","Orangeburg County",3,38,927,417,510
050,45,075,"South Carolina","Orangeburg County",3,39,882,416,466
050,45,075,"South Carolina","Orangeburg County",3,40,876,417,459
050,45,075,"South Carolina","Orangeburg County",3,41,882,413,469
050,45,075,"South Carolina","Orangeburg County",3,42,880,422,458
050,45,075,"South Carolina","Orangeburg County",3,43,854,409,445
050,45,075,"South Carolina","Orangeburg County",3,44,806,356,450
050,45,075,"South Carolina","Orangeburg County",3,45,772,339,433
050,45,075,"South Carolina","Orangeburg County",3,46,831,387,444
050,45,075,"South Carolina","Orangeburg County",3,47,830,391,439
050,45,075,"South Carolina","Orangeburg County",3,48,869,397,472
050,45,075,"South Carolina","Orangeburg County",3,49,902,391,511
050,45,075,"South Carolina","Orangeburg County",3,50,986,445,541
050,45,075,"South Carolina","Orangeburg County",3,51,988,462,526
050,45,075,"South Carolina","Orangeburg County",3,52,938,440,498
050,45,075,"South Carolina","Orangeburg County",3,53,978,466,512
050,45,075,"South Carolina","Orangeburg County",3,54,1039,494,545
050,45,075,"South Carolina","Orangeburg County",3,55,1054,481,573
050,45,075,"South Carolina","Orangeburg County",3,56,1172,548,624
050,45,075,"South Carolina","Orangeburg County",3,57,1248,601,647
050,45,075,"South Carolina","Orangeburg County",3,58,1252,589,663
050,45,075,"South Carolina","Orangeburg County",3,59,1223,553,670
050,45,075,"South Carolina","Orangeburg County",3,60,1232,586,646
050,45,075,"South Carolina","Orangeburg County",3,61,1184,561,623
050,45,075,"South Carolina","Orangeburg County",3,62,1119,507,612
050,45,075,"South Carolina","Orangeburg County",3,63,1104,525,579
050,45,075,"South Carolina","Orangeburg County",3,64,1119,533,586
050,45,075,"South Carolina","Orangeburg County",3,65,1142,519,623
050,45,075,"South Carolina","Orangeburg County",3,66,1112,492,620
050,45,075,"South Carolina","Orangeburg County",3,67,1120,507,613
050,45,075,"South Carolina","Orangeburg County",3,68,1066,483,583
050,45,075,"South Carolina","Orangeburg County",3,69,1048,462,586
050,45,075,"South Carolina","Orangeburg County",3,70,1032,456,576
050,45,075,"South Carolina","Orangeburg County",3,71,984,437,547
050,45,075,"South Carolina","Orangeburg County",3,72,938,420,518
050,45,075,"South Carolina","Orangeburg County",3,73,932,410,522
050,45,075,"South Carolina","Orangeburg County",3,74,963,443,520
050,45,075,"South Carolina","Orangeburg County",3,75,674,308,366
050,45,075,"South Carolina","Orangeburg County",3,76,695,315,380
050,45,075,"South Carolina","Orangeburg County",3,77,652,310,342
050,45,075,"South Carolina","Orangeburg County",3,78,655,288,367
050,45,075,"South Carolina","Orangeburg County",3,79,566,227,339
050,45,075,"South Carolina","Orangeburg County",3,80,486,181,305
050,45,075,"South Carolina","Orangeburg County",3,81,432,171,261
050,45,075,"South Carolina","Orangeburg County",3,82,398,171,227
050,45,075,"South Carolina","Orangeburg County",3,83,351,153,198
050,45,075,"South Carolina","Orangeburg County",3,84,306,122,184
050,45,075,"South Carolina","Orangeburg County",3,85,1705,601,1104
050,45,075,"South Carolina","Orangeburg County",4,0,806,422,384
050,45,075,"South Carolina","Orangeburg County",4,1,817,403,414
050,45,075,"South Carolina","Orangeburg County",4,2,885,450,435
050,45,075,"South Carolina","Orangeburg County",4,3,888,455,433
050,45,075,"South Carolina","Orangeburg County",4,4,930,481,449
050,45,075,"South Carolina","Orangeburg County",4,5,918,481,437
050,45,075,"South Carolina","Orangeburg County",4,6,906,447,459
050,45,075,"South Carolina","Orangeburg County",4,7,953,467,486
050,45,075,"South Carolina","Orangeburg County",4,8,968,465,503
050,45,075,"South Carolina","Orangeburg County",4,9,955,480,475
050,45,075,"South Carolina","Orangeburg County",4,10,996,507,489
050,45,075,"South Carolina","Orangeburg County",4,11,1042,524,518
050,45,075,"South Carolina","Orangeburg County",4,12,1127,552,575
050,45,075,"South Carolina","Orangeburg County",4,13,1143,555,588
050,45,075,"South Carolina","Orangeburg County",4,14,1160,608,552
050,45,075,"South Carolina","Orangeburg County",4,15,1161,600,561
050,45,075,"South Carolina","Orangeburg County",4,16,1107,575,532
050,45,075,"South Carolina","Orangeburg County",4,17,1062,552,510
050,45,075,"South Carolina","Orangeburg County",4,18,1354,685,669
050,45,075,"South Carolina","Orangeburg County",4,19,1766,815,951
050,45,075,"South Carolina","Orangeburg County",4,20,1594,737,857
050,45,075,"South Carolina","Orangeburg County",4,21,1396,640,756
050,45,075,"South Carolina","Orangeburg County",4,22,1169,588,581
050,45,075,"South Carolina","Orangeburg County",4,23,1030,525,505
050,45,075,"South Carolina","Orangeburg County",4,24,921,468,453
050,45,075,"South Carolina","Orangeburg County",4,25,919,470,449
050,45,075,"South Carolina","Orangeburg County",4,26,904,448,456
050,45,075,"South Carolina","Orangeburg County",4,27,879,428,451
050,45,075,"South Carolina","Orangeburg County",4,28,893,431,462
050,45,075,"South Carolina","Orangeburg County",4,29,926,449,477
050,45,075,"South Carolina","Orangeburg County",4,30,976,437,539
050,45,075,"South Carolina","Orangeburg County",4,31,975,465,510
050,45,075,"South Carolina","Orangeburg County",4,32,1009,477,532
050,45,075,"South Carolina","Orangeburg County",4,33,955,450,505
050,45,075,"South Carolina","Orangeburg County",4,34,871,378,493
050,45,075,"South Carolina","Orangeburg County",4,35,846,367,479
050,45,075,"South Carolina","Orangeburg County",4,36,878,382,496
050,45,075,"South Carolina","Orangeburg County",4,37,856,385,471
050,45,075,"South Carolina","Orangeburg County",4,38,865,394,471
050,45,075,"South Carolina","Orangeburg County",4,39,920,415,505
050,45,075,"South Carolina","Orangeburg County",4,40,884,420,464
050,45,075,"South Carolina","Orangeburg County",4,41,885,422,463
050,45,075,"South Carolina","Orangeburg County",4,42,876,400,476
050,45,075,"South Carolina","Orangeburg County",4,43,868,413,455
050,45,075,"South Carolina","Orangeburg County",4,44,868,405,463
050,45,075,"South Carolina","Orangeburg County",4,45,798,352,446
050,45,075,"South Carolina","Orangeburg County",4,46,783,348,435
050,45,075,"South Carolina","Orangeburg County",4,47,833,390,443
050,45,075,"South Carolina","Orangeburg County",4,48,845,396,449
050,45,075,"South Carolina","Orangeburg County",4,49,861,383,478
050,45,075,"South Carolina","Orangeburg County",4,50,907,397,510
050,45,075,"South Carolina","Orangeburg County",4,51,1006,446,560
050,45,075,"South Carolina","Orangeburg County",4,52,976,458,518
050,45,075,"South Carolina","Orangeburg County",4,53,951,451,500
050,45,075,"South Carolina","Orangeburg County",4,54,977,469,508
050,45,075,"South Carolina","Orangeburg County",4,55,1021,479,542
050,45,075,"South Carolina","Orangeburg County",4,56,1061,479,582
050,45,075,"South Carolina","Orangeburg County",4,57,1204,568,636
050,45,075,"South Carolina","Orangeburg County",4,58,1233,584,649
050,45,075,"South Carolina","Orangeburg County",4,59,1240,590,650
050,45,075,"South Carolina","Orangeburg County",4,60,1236,561,675
050,45,075,"South Carolina","Orangeburg County",4,61,1228,587,641
050,45,075,"South Carolina","Orangeburg County",4,62,1153,546,607
050,45,075,"South Carolina","Orangeburg County",4,63,1102,494,608
050,45,075,"South Carolina","Orangeburg County",4,64,1078,511,567
050,45,075,"South Carolina","Orangeburg County",4,65,1104,524,580
050,45,075,"South Carolina","Orangeburg County",4,66,1131,523,608
050,45,075,"South Carolina","Orangeburg County",4,67,1119,491,628
050,45,075,"South Carolina","Orangeburg County",4,68,1092,490,602
050,45,075,"South Carolina","Orangeburg County",4,69,1046,475,571
050,45,075,"South Carolina","Orangeburg County",4,70,1019,449,570
050,45,075,"South Carolina","Orangeburg County",4,71,1025,451,574
050,45,075,"South Carolina","Orangeburg County",4,72,949,421,528
050,45,075,"South Carolina","Orangeburg County",4,73,904,409,495
050,45,075,"South Carolina","Orangeburg County",4,74,902,396,506
050,45,075,"South Carolina","Orangeburg County",4,75,917,419,498
050,45,075,"South Carolina","Orangeburg County",4,76,648,287,361
050,45,075,"South Carolina","Orangeburg County",4,77,662,302,360
050,45,075,"South Carolina","Orangeburg County",4,78,626,297,329
050,45,075,"South Carolina","Orangeburg County",4,79,598,254,344
050,45,075,"South Carolina","Orangeburg County",4,80,523,208,315
050,45,075,"South Carolina","Orangeburg County",4,81,424,156,268
050,45,075,"South Carolina","Orangeburg County",4,82,410,162,248
050,45,075,"South Carolina","Orangeburg County",4,83,370,161,209
050,45,075,"South Carolina","Orangeburg County",4,84,317,133,184
050,45,075,"South Carolina","Orangeburg County",4,85,1715,602,1113
050,45,075,"South Carolina","Orangeburg County",5,0,799,418,381
050,45,075,"South Carolina","Orangeburg County",5,1,833,427,406
050,45,075,"South Carolina","Orangeburg County",5,2,819,402,417
050,45,075,"South Carolina","Orangeburg County",5,3,877,445,432
050,45,075,"South Carolina","Orangeburg County",5,4,894,456,438
050,45,075,"South Carolina","Orangeburg County",5,5,933,484,449
050,45,075,"South Carolina","Orangeburg County",5,6,913,482,431
050,45,075,"South Carolina","Orangeburg County",5,7,906,434,472
050,45,075,"South Carolina","Orangeburg County",5,8,944,479,465
050,45,075,"South Carolina","Orangeburg County",5,9,972,472,500
050,45,075,"South Carolina","Orangeburg County",5,10,957,470,487
050,45,075,"South Carolina","Orangeburg County",5,11,1012,515,497
050,45,075,"South Carolina","Orangeburg County",5,12,1044,528,516
050,45,075,"South Carolina","Orangeburg County",5,13,1123,541,582
050,45,075,"South Carolina","Orangeburg County",5,14,1162,569,593
050,45,075,"South Carolina","Orangeburg County",5,15,1177,600,577
050,45,075,"South Carolina","Orangeburg County",5,16,1129,586,543
050,45,075,"South Carolina","Orangeburg County",5,17,1115,591,524
050,45,075,"South Carolina","Orangeburg County",5,18,1362,699,663
050,45,075,"South Carolina","Orangeburg County",5,19,1783,853,930
050,45,075,"South Carolina","Orangeburg County",5,20,1628,751,877
050,45,075,"South Carolina","Orangeburg County",5,21,1370,627,743
050,45,075,"South Carolina","Orangeburg County",5,22,1137,574,563
050,45,075,"South Carolina","Orangeburg County",5,23,1097,547,550
050,45,075,"South Carolina","Orangeburg County",5,24,925,464,461
050,45,075,"South Carolina","Orangeburg County",5,25,910,449,461
050,45,075,"South Carolina","Orangeburg County",5,26,913,472,441
050,45,075,"South Carolina","Orangeburg County",5,27,874,421,453
050,45,075,"South Carolina","Orangeburg County",5,28,853,414,439
050,45,075,"South Carolina","Orangeburg County",5,29,889,426,463
050,45,075,"South Carolina","Orangeburg County",5,30,911,439,472
050,45,075,"South Carolina","Orangeburg County",5,31,946,421,525
050,45,075,"South Carolina","Orangeburg County",5,32,985,451,534
050,45,075,"South Carolina","Orangeburg County",5,33,987,453,534
050,45,075,"South Carolina","Orangeburg County",5,34,962,457,505
050,45,075,"South Carolina","Orangeburg County",5,35,869,384,485
050,45,075,"South Carolina","Orangeburg County",5,36,870,376,494
050,45,075,"South Carolina","Orangeburg County",5,37,884,383,501
050,45,075,"South Carolina","Orangeburg County",5,38,857,390,467
050,45,075,"South Carolina","Orangeburg County",5,39,828,367,461
050,45,075,"South Carolina","Orangeburg County",5,40,915,409,506
050,45,075,"South Carolina","Orangeburg County",5,41,915,446,469
050,45,075,"South Carolina","Orangeburg County",5,42,862,399,463
050,45,075,"South Carolina","Orangeburg County",5,43,853,390,463
050,45,075,"South Carolina","Orangeburg County",5,44,868,407,461
050,45,075,"South Carolina","Orangeburg County",5,45,881,404,477
050,45,075,"South Carolina","Orangeburg County",5,46,815,363,452
050,45,075,"South Carolina","Orangeburg County",5,47,787,353,434
050,45,075,"South Carolina","Orangeburg County",5,48,834,389,445
050,45,075,"South Carolina","Orangeburg County",5,49,836,380,456
050,45,075,"South Carolina","Orangeburg County",5,50,863,381,482
050,45,075,"South Carolina","Orangeburg County",5,51,903,396,507
050,45,075,"South Carolina","Orangeburg County",5,52,1002,442,560
050,45,075,"South Carolina","Orangeburg County",5,53,999,470,529
050,45,075,"South Carolina","Orangeburg County",5,54,950,442,508
050,45,075,"South Carolina","Orangeburg County",5,55,976,466,510
050,45,075,"South Carolina","Orangeburg County",5,56,1031,481,550
050,45,075,"South Carolina","Orangeburg County",5,57,1064,482,582
050,45,075,"South Carolina","Orangeburg County",5,58,1188,549,639
050,45,075,"South Carolina","Orangeburg County",5,59,1243,594,649
050,45,075,"South Carolina","Orangeburg County",5,60,1230,579,651
050,45,075,"South Carolina","Orangeburg County",5,61,1246,574,672
050,45,075,"South Carolina","Orangeburg County",5,62,1213,566,647
050,45,075,"South Carolina","Orangeburg County",5,63,1129,526,603
050,45,075,"South Carolina","Orangeburg County",5,64,1088,486,602
050,45,075,"South Carolina","Orangeburg County",5,65,1077,504,573
050,45,075,"South Carolina","Orangeburg County",5,66,1083,514,569
050,45,075,"South Carolina","Orangeburg County",5,67,1117,501,616
050,45,075,"South Carolina","Orangeburg County",5,68,1091,469,622
050,45,075,"South Carolina","Orangeburg County",5,69,1076,483,593
050,45,075,"South Carolina","Orangeburg County",5,70,1020,468,552
050,45,075,"South Carolina","Orangeburg County",5,71,1015,444,571
050,45,075,"South Carolina","Orangeburg County",5,72,992,439,553
050,45,075,"South Carolina","Orangeburg County",5,73,920,410,510
050,45,075,"South Carolina","Orangeburg County",5,74,872,390,482
050,45,075,"South Carolina","Orangeburg County",5,75,857,368,489
050,45,075,"South Carolina","Orangeburg County",5,76,890,398,492
050,45,075,"South Carolina","Orangeburg County",5,77,608,265,343
050,45,075,"South Carolina","Orangeburg County",5,78,633,284,349
050,45,075,"South Carolina","Orangeburg County",5,79,570,267,303
050,45,075,"South Carolina","Orangeburg County",5,80,549,229,320
050,45,075,"South Carolina","Orangeburg County",5,81,466,180,286
050,45,075,"South Carolina","Orangeburg County",5,82,394,142,252
050,45,075,"South Carolina","Orangeburg County",5,83,381,151,230
050,45,075,"South Carolina","Orangeburg County",5,84,329,139,190
050,45,075,"South Carolina","Orangeburg County",5,85,1740,610,1130
050,45,077,"South Carolina","Pickens County",1,0,1242,632,610
050,45,077,"South Carolina","Pickens County",1,1,1268,633,635
050,45,077,"South Carolina","Pickens County",1,2,1205,625,580
050,45,077,"South Carolina","Pickens County",1,3,1265,661,604
050,45,077,"South Carolina","Pickens County",1,4,1360,707,653
050,45,077,"South Carolina","Pickens County",1,5,1408,714,694
050,45,077,"South Carolina","Pickens County",1,6,1326,652,674
050,45,077,"South Carolina","Pickens County",1,7,1310,683,627
050,45,077,"South Carolina","Pickens County",1,8,1351,715,636
050,45,077,"South Carolina","Pickens County",1,9,1346,693,653
050,45,077,"South Carolina","Pickens County",1,10,1342,664,678
050,45,077,"South Carolina","Pickens County",1,11,1439,735,704
050,45,077,"South Carolina","Pickens County",1,12,1578,851,727
050,45,077,"South Carolina","Pickens County",1,13,1508,761,747
050,45,077,"South Carolina","Pickens County",1,14,1490,753,737
050,45,077,"South Carolina","Pickens County",1,15,1492,738,754
050,45,077,"South Carolina","Pickens County",1,16,1494,737,757
050,45,077,"South Carolina","Pickens County",1,17,1462,746,716
050,45,077,"South Carolina","Pickens County",1,18,3136,1603,1533
050,45,077,"South Carolina","Pickens County",1,19,4779,2563,2216
050,45,077,"South Carolina","Pickens County",1,20,4178,2165,2013
050,45,077,"South Carolina","Pickens County",1,21,3621,1934,1687
050,45,077,"South Carolina","Pickens County",1,22,3205,1774,1431
050,45,077,"South Carolina","Pickens County",1,23,2582,1420,1162
050,45,077,"South Carolina","Pickens County",1,24,2132,1197,935
050,45,077,"South Carolina","Pickens County",1,25,1775,943,832
050,45,077,"South Carolina","Pickens County",1,26,1743,928,815
050,45,077,"South Carolina","Pickens County",1,27,1693,836,857
050,45,077,"South Carolina","Pickens County",1,28,1643,823,820
050,45,077,"South Carolina","Pickens County",1,29,1681,856,825
050,45,077,"South Carolina","Pickens County",1,30,1678,830,848
050,45,077,"South Carolina","Pickens County",1,31,1607,842,765
050,45,077,"South Carolina","Pickens County",1,32,1440,723,717
050,45,077,"South Carolina","Pickens County",1,33,1356,680,676
050,45,077,"South Carolina","Pickens County",1,34,1331,674,657
050,45,077,"South Carolina","Pickens County",1,35,1348,721,627
050,45,077,"South Carolina","Pickens County",1,36,1344,705,639
050,45,077,"South Carolina","Pickens County",1,37,1337,705,632
050,45,077,"South Carolina","Pickens County",1,38,1354,670,684
050,45,077,"South Carolina","Pickens County",1,39,1431,718,713
050,45,077,"South Carolina","Pickens County",1,40,1380,700,680
050,45,077,"South Carolina","Pickens County",1,41,1378,678,700
050,45,077,"South Carolina","Pickens County",1,42,1400,696,704
050,45,077,"South Carolina","Pickens County",1,43,1410,680,730
050,45,077,"South Carolina","Pickens County",1,44,1349,656,693
050,45,077,"South Carolina","Pickens County",1,45,1342,664,678
050,45,077,"South Carolina","Pickens County",1,46,1396,706,690
050,45,077,"South Carolina","Pickens County",1,47,1418,708,710
050,45,077,"South Carolina","Pickens County",1,48,1527,778,749
050,45,077,"South Carolina","Pickens County",1,49,1608,798,810
050,45,077,"South Carolina","Pickens County",1,50,1556,781,775
050,45,077,"South Carolina","Pickens County",1,51,1550,742,808
050,45,077,"South Carolina","Pickens County",1,52,1471,707,764
050,45,077,"South Carolina","Pickens County",1,53,1534,734,800
050,45,077,"South Carolina","Pickens County",1,54,1590,772,818
050,45,077,"South Carolina","Pickens County",1,55,1632,807,825
050,45,077,"South Carolina","Pickens County",1,56,1754,880,874
050,45,077,"South Carolina","Pickens County",1,57,1710,860,850
050,45,077,"South Carolina","Pickens County",1,58,1725,876,849
050,45,077,"South Carolina","Pickens County",1,59,1659,811,848
050,45,077,"South Carolina","Pickens County",1,60,1647,788,859
050,45,077,"South Carolina","Pickens County",1,61,1587,764,823
050,45,077,"South Carolina","Pickens County",1,62,1655,799,856
050,45,077,"South Carolina","Pickens County",1,63,1584,776,808
050,45,077,"South Carolina","Pickens County",1,64,1475,725,750
050,45,077,"South Carolina","Pickens County",1,65,1455,704,751
050,45,077,"South Carolina","Pickens County",1,66,1457,702,755
050,45,077,"South Carolina","Pickens County",1,67,1420,679,741
050,45,077,"South Carolina","Pickens County",1,68,1336,643,693
050,45,077,"South Carolina","Pickens County",1,69,1251,610,641
050,45,077,"South Carolina","Pickens County",1,70,1213,561,652
050,45,077,"South Carolina","Pickens County",1,71,1167,565,602
050,45,077,"South Carolina","Pickens County",1,72,1268,604,664
050,45,077,"South Carolina","Pickens County",1,73,1220,587,633
050,45,077,"South Carolina","Pickens County",1,74,875,404,471
050,45,077,"South Carolina","Pickens County",1,75,920,423,497
050,45,077,"South Carolina","Pickens County",1,76,959,440,519
050,45,077,"South Carolina","Pickens County",1,77,863,399,464
050,45,077,"South Carolina","Pickens County",1,78,746,345,401
050,45,077,"South Carolina","Pickens County",1,79,686,303,383
050,45,077,"South Carolina","Pickens County",1,80,617,287,330
050,45,077,"South Carolina","Pickens County",1,81,573,254,319
050,45,077,"South Carolina","Pickens County",1,82,516,212,304
050,45,077,"South Carolina","Pickens County",1,83,468,172,296
050,45,077,"South Carolina","Pickens County",1,84,422,155,267
050,45,077,"South Carolina","Pickens County",1,85,2359,850,1509
050,45,077,"South Carolina","Pickens County",2,0,1241,638,603
050,45,077,"South Carolina","Pickens County",2,1,1262,632,630
050,45,077,"South Carolina","Pickens County",2,2,1223,626,597
050,45,077,"South Carolina","Pickens County",2,3,1245,649,596
050,45,077,"South Carolina","Pickens County",2,4,1346,699,647
050,45,077,"South Carolina","Pickens County",2,5,1404,717,687
050,45,077,"South Carolina","Pickens County",2,6,1355,675,680
050,45,077,"South Carolina","Pickens County",2,7,1323,682,641
050,45,077,"South Carolina","Pickens County",2,8,1344,709,635
050,45,077,"South Carolina","Pickens County",2,9,1346,696,650
050,45,077,"South Carolina","Pickens County",2,10,1347,670,677
050,45,077,"South Carolina","Pickens County",2,11,1412,717,695
050,45,077,"South Carolina","Pickens County",2,12,1556,826,730
050,45,077,"South Carolina","Pickens County",2,13,1531,787,744
050,45,077,"South Carolina","Pickens County",2,14,1497,755,742
050,45,077,"South Carolina","Pickens County",2,15,1491,739,752
050,45,077,"South Carolina","Pickens County",2,16,1504,742,762
050,45,077,"South Carolina","Pickens County",2,17,1478,749,729
050,45,077,"South Carolina","Pickens County",2,18,3123,1594,1529
050,45,077,"South Carolina","Pickens County",2,19,4777,2558,2219
050,45,077,"South Carolina","Pickens County",2,20,4207,2177,2030
050,45,077,"South Carolina","Pickens County",2,21,3598,1919,1679
050,45,077,"South Carolina","Pickens County",2,22,3179,1765,1414
050,45,077,"South Carolina","Pickens County",2,23,2600,1431,1169
050,45,077,"South Carolina","Pickens County",2,24,2114,1183,931
050,45,077,"South Carolina","Pickens County",2,25,1801,952,849
050,45,077,"South Carolina","Pickens County",2,26,1721,911,810
050,45,077,"South Carolina","Pickens County",2,27,1686,838,848
050,45,077,"South Carolina","Pickens County",2,28,1659,830,829
050,45,077,"South Carolina","Pickens County",2,29,1667,844,823
050,45,077,"South Carolina","Pickens County",2,30,1688,843,845
050,45,077,"South Carolina","Pickens County",2,31,1617,833,784
050,45,077,"South Carolina","Pickens County",2,32,1476,746,730
050,45,077,"South Carolina","Pickens County",2,33,1372,687,685
050,45,077,"South Carolina","Pickens County",2,34,1345,677,668
050,45,077,"South Carolina","Pickens County",2,35,1351,711,640
050,45,077,"South Carolina","Pickens County",2,36,1331,702,629
050,45,077,"South Carolina","Pickens County",2,37,1336,700,636
050,45,077,"South Carolina","Pickens County",2,38,1353,676,677
050,45,077,"South Carolina","Pickens County",2,39,1414,709,705
050,45,077,"South Carolina","Pickens County",2,40,1399,707,692
050,45,077,"South Carolina","Pickens County",2,41,1384,686,698
050,45,077,"South Carolina","Pickens County",2,42,1398,694,704
050,45,077,"South Carolina","Pickens County",2,43,1418,687,731
050,45,077,"South Carolina","Pickens County",2,44,1354,658,696
050,45,077,"South Carolina","Pickens County",2,45,1351,664,687
050,45,077,"South Carolina","Pickens County",2,46,1382,697,685
050,45,077,"South Carolina","Pickens County",2,47,1414,707,707
050,45,077,"South Carolina","Pickens County",2,48,1500,761,739
050,45,077,"South Carolina","Pickens County",2,49,1601,801,800
050,45,077,"South Carolina","Pickens County",2,50,1571,783,788
050,45,077,"South Carolina","Pickens County",2,51,1555,752,803
050,45,077,"South Carolina","Pickens County",2,52,1490,718,772
050,45,077,"South Carolina","Pickens County",2,53,1524,729,795
050,45,077,"South Carolina","Pickens County",2,54,1580,765,815
050,45,077,"South Carolina","Pickens County",2,55,1631,803,828
050,45,077,"South Carolina","Pickens County",2,56,1735,868,867
050,45,077,"South Carolina","Pickens County",2,57,1725,868,857
050,45,077,"South Carolina","Pickens County",2,58,1718,869,849
050,45,077,"South Carolina","Pickens County",2,59,1691,834,857
050,45,077,"South Carolina","Pickens County",2,60,1645,791,854
050,45,077,"South Carolina","Pickens County",2,61,1599,766,833
050,45,077,"South Carolina","Pickens County",2,62,1636,789,847
050,45,077,"South Carolina","Pickens County",2,63,1615,792,823
050,45,077,"South Carolina","Pickens County",2,64,1496,734,762
050,45,077,"South Carolina","Pickens County",2,65,1465,711,754
050,45,077,"South Carolina","Pickens County",2,66,1463,705,758
050,45,077,"South Carolina","Pickens County",2,67,1428,682,746
050,45,077,"South Carolina","Pickens County",2,68,1345,648,697
050,45,077,"South Carolina","Pickens County",2,69,1273,618,655
050,45,077,"South Carolina","Pickens County",2,70,1223,571,652
050,45,077,"South Carolina","Pickens County",2,71,1176,562,614
050,45,077,"South Carolina","Pickens County",2,72,1215,579,636
050,45,077,"South Carolina","Pickens County",2,73,1288,613,675
050,45,077,"South Carolina","Pickens County",2,74,898,419,479
050,45,077,"South Carolina","Pickens County",2,75,910,416,494
050,45,077,"South Carolina","Pickens County",2,76,940,433,507
050,45,077,"South Carolina","Pickens County",2,77,892,418,474
050,45,077,"South Carolina","Pickens County",2,78,759,347,412
050,45,077,"South Carolina","Pickens County",2,79,684,302,382
050,45,077,"South Carolina","Pickens County",2,80,625,286,339
050,45,077,"South Carolina","Pickens County",2,81,572,255,317
050,45,077,"South Carolina","Pickens County",2,82,527,220,307
050,45,077,"South Carolina","Pickens County",2,83,468,175,293
050,45,077,"South Carolina","Pickens County",2,84,425,156,269
050,45,077,"South Carolina","Pickens County",2,85,2376,851,1525
050,45,077,"South Carolina","Pickens County",3,0,1111,560,551
050,45,077,"South Carolina","Pickens County",3,1,1239,607,632
050,45,077,"South Carolina","Pickens County",3,2,1274,627,647
050,45,077,"South Carolina","Pickens County",3,3,1269,655,614
050,45,077,"South Carolina","Pickens County",3,4,1267,668,599
050,45,077,"South Carolina","Pickens County",3,5,1349,680,669
050,45,077,"South Carolina","Pickens County",3,6,1425,736,689
050,45,077,"South Carolina","Pickens County",3,7,1366,682,684
050,45,077,"South Carolina","Pickens County",3,8,1334,685,649
050,45,077,"South Carolina","Pickens County",3,9,1362,717,645
050,45,077,"South Carolina","Pickens County",3,10,1359,711,648
050,45,077,"South Carolina","Pickens County",3,11,1372,693,679
050,45,077,"South Carolina","Pickens County",3,12,1454,741,713
050,45,077,"South Carolina","Pickens County",3,13,1591,843,748
050,45,077,"South Carolina","Pickens County",3,14,1546,805,741
050,45,077,"South Carolina","Pickens County",3,15,1458,726,732
050,45,077,"South Carolina","Pickens County",3,16,1498,740,758
050,45,077,"South Carolina","Pickens County",3,17,1549,776,773
050,45,077,"South Carolina","Pickens County",3,18,3155,1594,1561
050,45,077,"South Carolina","Pickens County",3,19,4767,2531,2236
050,45,077,"South Carolina","Pickens County",3,20,4208,2159,2049
050,45,077,"South Carolina","Pickens County",3,21,3586,1912,1674
050,45,077,"South Carolina","Pickens County",3,22,3176,1769,1407
050,45,077,"South Carolina","Pickens County",3,23,2579,1454,1125
050,45,077,"South Carolina","Pickens County",3,24,2084,1168,916
050,45,077,"South Carolina","Pickens County",3,25,1799,941,858
050,45,077,"South Carolina","Pickens County",3,26,1678,881,797
050,45,077,"South Carolina","Pickens County",3,27,1613,830,783
050,45,077,"South Carolina","Pickens County",3,28,1613,814,799
050,45,077,"South Carolina","Pickens County",3,29,1622,805,817
050,45,077,"South Carolina","Pickens County",3,30,1661,843,818
050,45,077,"South Carolina","Pickens County",3,31,1670,835,835
050,45,077,"South Carolina","Pickens County",3,32,1619,833,786
050,45,077,"South Carolina","Pickens County",3,33,1456,761,695
050,45,077,"South Carolina","Pickens County",3,34,1398,693,705
050,45,077,"South Carolina","Pickens County",3,35,1354,682,672
050,45,077,"South Carolina","Pickens County",3,36,1334,683,651
050,45,077,"South Carolina","Pickens County",3,37,1332,697,635
050,45,077,"South Carolina","Pickens County",3,38,1371,704,667
050,45,077,"South Carolina","Pickens County",3,39,1351,669,682
050,45,077,"South Carolina","Pickens County",3,40,1417,702,715
050,45,077,"South Carolina","Pickens County",3,41,1384,699,685
050,45,077,"South Carolina","Pickens County",3,42,1429,706,723
050,45,077,"South Carolina","Pickens County",3,43,1378,678,700
050,45,077,"South Carolina","Pickens County",3,44,1407,675,732
050,45,077,"South Carolina","Pickens County",3,45,1370,672,698
050,45,077,"South Carolina","Pickens County",3,46,1378,677,701
050,45,077,"South Carolina","Pickens County",3,47,1378,690,688
050,45,077,"South Carolina","Pickens County",3,48,1440,719,721
050,45,077,"South Carolina","Pickens County",3,49,1502,770,732
050,45,077,"South Carolina","Pickens County",3,50,1600,797,803
050,45,077,"South Carolina","Pickens County",3,51,1574,778,796
050,45,077,"South Carolina","Pickens County",3,52,1563,765,798
050,45,077,"South Carolina","Pickens County",3,53,1456,689,767
050,45,077,"South Carolina","Pickens County",3,54,1536,746,790
050,45,077,"South Carolina","Pickens County",3,55,1568,744,824
050,45,077,"South Carolina","Pickens County",3,56,1642,812,830
050,45,077,"South Carolina","Pickens County",3,57,1767,875,892
050,45,077,"South Carolina","Pickens County",3,58,1729,860,869
050,45,077,"South Carolina","Pickens County",3,59,1749,878,871
050,45,077,"South Carolina","Pickens County",3,60,1709,849,860
050,45,077,"South Carolina","Pickens County",3,61,1639,786,853
050,45,077,"South Carolina","Pickens County",3,62,1600,762,838
050,45,077,"South Carolina","Pickens County",3,63,1647,796,851
050,45,077,"South Carolina","Pickens County",3,64,1596,775,821
050,45,077,"South Carolina","Pickens County",3,65,1477,727,750
050,45,077,"South Carolina","Pickens County",3,66,1458,710,748
050,45,077,"South Carolina","Pickens County",3,67,1449,686,763
050,45,077,"South Carolina","Pickens County",3,68,1385,653,732
050,45,077,"South Carolina","Pickens County",3,69,1301,625,676
050,45,077,"South Carolina","Pickens County",3,70,1250,607,643
050,45,077,"South Carolina","Pickens County",3,71,1204,574,630
050,45,077,"South Carolina","Pickens County",3,72,1144,545,599
050,45,077,"South Carolina","Pickens County",3,73,1192,566,626
050,45,077,"South Carolina","Pickens County",3,74,1270,593,677
050,45,077,"South Carolina","Pickens County",3,75,897,407,490
050,45,077,"South Carolina","Pickens County",3,76,879,392,487
050,45,077,"South Carolina","Pickens County",3,77,892,409,483
050,45,077,"South Carolina","Pickens County",3,78,853,390,463
050,45,077,"South Carolina","Pickens County",3,79,709,317,392
050,45,077,"South Carolina","Pickens County",3,80,641,272,369
050,45,077,"South Carolina","Pickens County",3,81,572,258,314
050,45,077,"South Carolina","Pickens County",3,82,534,237,297
050,45,077,"South Carolina","Pickens County",3,83,495,203,292
050,45,077,"South Carolina","Pickens County",3,84,438,154,284
050,45,077,"South Carolina","Pickens County",3,85,2350,819,1531
050,45,077,"South Carolina","Pickens County",4,0,1161,585,576
050,45,077,"South Carolina","Pickens County",4,1,1117,593,524
050,45,077,"South Carolina","Pickens County",4,2,1286,640,646
050,45,077,"South Carolina","Pickens County",4,3,1294,636,658
050,45,077,"South Carolina","Pickens County",4,4,1296,670,626
050,45,077,"South Carolina","Pickens County",4,5,1293,676,617
050,45,077,"South Carolina","Pickens County",4,6,1380,710,670
050,45,077,"South Carolina","Pickens County",4,7,1441,739,702
050,45,077,"South Carolina","Pickens County",4,8,1370,693,677
050,45,077,"South Carolina","Pickens County",4,9,1339,680,659
050,45,077,"South Carolina","Pickens County",4,10,1386,723,663
050,45,077,"South Carolina","Pickens County",4,11,1374,725,649
050,45,077,"South Carolina","Pickens County",4,12,1416,722,694
050,45,077,"South Carolina","Pickens County",4,13,1457,748,709
050,45,077,"South Carolina","Pickens County",4,14,1611,850,761
050,45,077,"South Carolina","Pickens County",4,15,1564,812,752
050,45,077,"South Carolina","Pickens County",4,16,1498,755,743
050,45,077,"South Carolina","Pickens County",4,17,1558,775,783
050,45,077,"South Carolina","Pickens County",4,18,3191,1617,1574
050,45,077,"South Carolina","Pickens County",4,19,4768,2538,2230
050,45,077,"South Carolina","Pickens County",4,20,4166,2128,2038
050,45,077,"South Carolina","Pickens County",4,21,3619,1901,1718
050,45,077,"South Carolina","Pickens County",4,22,3211,1793,1418
050,45,077,"South Carolina","Pickens County",4,23,2631,1467,1164
050,45,077,"South Carolina","Pickens County",4,24,2187,1251,936
050,45,077,"South Carolina","Pickens County",4,25,1803,927,876
050,45,077,"South Carolina","Pickens County",4,26,1685,913,772
050,45,077,"South Carolina","Pickens County",4,27,1617,842,775
050,45,077,"South Carolina","Pickens County",4,28,1588,829,759
050,45,077,"South Carolina","Pickens County",4,29,1594,774,820
050,45,077,"South Carolina","Pickens County",4,30,1617,810,807
050,45,077,"South Carolina","Pickens County",4,31,1645,828,817
050,45,077,"South Carolina","Pickens County",4,32,1682,826,856
050,45,077,"South Carolina","Pickens County",4,33,1657,864,793
050,45,077,"South Carolina","Pickens County",4,34,1465,761,704
050,45,077,"South Carolina","Pickens County",4,35,1414,713,701
050,45,077,"South Carolina","Pickens County",4,36,1407,719,688
050,45,077,"South Carolina","Pickens County",4,37,1342,678,664
050,45,077,"South Carolina","Pickens County",4,38,1336,681,655
050,45,077,"South Carolina","Pickens County",4,39,1363,711,652
050,45,077,"South Carolina","Pickens County",4,40,1374,661,713
050,45,077,"South Carolina","Pickens County",4,41,1423,707,716
050,45,077,"South Carolina","Pickens County",4,42,1431,723,708
050,45,077,"South Carolina","Pickens County",4,43,1431,704,727
050,45,077,"South Carolina","Pickens County",4,44,1389,678,711
050,45,077,"South Carolina","Pickens County",4,45,1414,687,727
050,45,077,"South Carolina","Pickens County",4,46,1398,686,712
050,45,077,"South Carolina","Pickens County",4,47,1374,670,704
050,45,077,"South Carolina","Pickens County",4,48,1385,692,693
050,45,077,"South Carolina","Pickens County",4,49,1462,735,727
050,45,077,"South Carolina","Pickens County",4,50,1504,761,743
050,45,077,"South Carolina","Pickens County",4,51,1612,799,813
050,45,077,"South Carolina","Pickens County",4,52,1587,787,800
050,45,077,"South Carolina","Pickens County",4,53,1557,764,793
050,45,077,"South Carolina","Pickens County",4,54,1482,702,780
050,45,077,"South Carolina","Pickens County",4,55,1528,738,790
050,45,077,"South Carolina","Pickens County",4,56,1586,749,837
050,45,077,"South Carolina","Pickens County",4,57,1668,808,860
050,45,077,"South Carolina","Pickens County",4,58,1764,872,892
050,45,077,"South Carolina","Pickens County",4,59,1780,882,898
050,45,077,"South Carolina","Pickens County",4,60,1789,901,888
050,45,077,"South Carolina","Pickens County",4,61,1722,851,871
050,45,077,"South Carolina","Pickens County",4,62,1620,769,851
050,45,077,"South Carolina","Pickens County",4,63,1616,762,854
050,45,077,"South Carolina","Pickens County",4,64,1648,800,848
050,45,077,"South Carolina","Pickens County",4,65,1593,758,835
050,45,077,"South Carolina","Pickens County",4,66,1479,726,753
050,45,077,"South Carolina","Pickens County",4,67,1445,699,746
050,45,077,"South Carolina","Pickens County",4,68,1412,662,750
050,45,077,"South Carolina","Pickens County",4,69,1365,633,732
050,45,077,"South Carolina","Pickens County",4,70,1300,621,679
050,45,077,"South Carolina","Pickens County",4,71,1222,598,624
050,45,077,"South Carolina","Pickens County",4,72,1182,551,631
050,45,077,"South Carolina","Pickens County",4,73,1115,535,580
050,45,077,"South Carolina","Pickens County",4,74,1162,547,615
050,45,077,"South Carolina","Pickens County",4,75,1247,574,673
050,45,077,"South Carolina","Pickens County",4,76,871,385,486
050,45,077,"South Carolina","Pickens County",4,77,830,376,454
050,45,077,"South Carolina","Pickens County",4,78,876,383,493
050,45,077,"South Carolina","Pickens County",4,79,811,369,442
050,45,077,"South Carolina","Pickens County",4,80,687,301,386
050,45,077,"South Carolina","Pickens County",4,81,598,250,348
050,45,077,"South Carolina","Pickens County",4,82,537,237,300
050,45,077,"South Carolina","Pickens County",4,83,507,220,287
050,45,077,"South Carolina","Pickens County",4,84,457,189,268
050,45,077,"South Carolina","Pickens County",4,85,2401,808,1593
050,45,077,"South Carolina","Pickens County",5,0,1138,571,567
050,45,077,"South Carolina","Pickens County",5,1,1222,619,603
050,45,077,"South Carolina","Pickens County",5,2,1156,608,548
050,45,077,"South Carolina","Pickens County",5,3,1324,659,665
050,45,077,"South Carolina","Pickens County",5,4,1361,683,678
050,45,077,"South Carolina","Pickens County",5,5,1309,683,626
050,45,077,"South Carolina","Pickens County",5,6,1346,693,653
050,45,077,"South Carolina","Pickens County",5,7,1420,731,689
050,45,077,"South Carolina","Pickens County",5,8,1473,769,704
050,45,077,"South Carolina","Pickens County",5,9,1408,719,689
050,45,077,"South Carolina","Pickens County",5,10,1377,700,677
050,45,077,"South Carolina","Pickens County",5,11,1385,730,655
050,45,077,"South Carolina","Pickens County",5,12,1380,723,657
050,45,077,"South Carolina","Pickens County",5,13,1430,731,699
050,45,077,"South Carolina","Pickens County",5,14,1515,771,744
050,45,077,"South Carolina","Pickens County",5,15,1601,852,749
050,45,077,"South Carolina","Pickens County",5,16,1597,825,772
050,45,077,"South Carolina","Pickens County",5,17,1524,777,747
050,45,077,"South Carolina","Pickens County",5,18,3184,1601,1583
050,45,077,"South Carolina","Pickens County",5,19,4840,2576,2264
050,45,077,"South Carolina","Pickens County",5,20,4173,2152,2021
050,45,077,"South Carolina","Pickens County",5,21,3541,1839,1702
050,45,077,"South Carolina","Pickens County",5,22,3264,1802,1462
050,45,077,"South Carolina","Pickens County",5,23,2687,1487,1200
050,45,077,"South Carolina","Pickens County",5,24,2233,1269,964
050,45,077,"South Carolina","Pickens County",5,25,1921,1034,887
050,45,077,"South Carolina","Pickens County",5,26,1744,889,855
050,45,077,"South Carolina","Pickens County",5,27,1667,880,787
050,45,077,"South Carolina","Pickens County",5,28,1669,860,809
050,45,077,"South Carolina","Pickens County",5,29,1565,796,769
050,45,077,"South Carolina","Pickens County",5,30,1603,789,814
050,45,077,"South Carolina","Pickens County",5,31,1632,802,830
050,45,077,"South Carolina","Pickens County",5,32,1702,833,869
050,45,077,"South Carolina","Pickens County",5,33,1711,833,878
050,45,077,"South Carolina","Pickens County",5,34,1687,883,804
050,45,077,"South Carolina","Pickens County",5,35,1480,759,721
050,45,077,"South Carolina","Pickens County",5,36,1438,719,719
050,45,077,"South Carolina","Pickens County",5,37,1400,697,703
050,45,077,"South Carolina","Pickens County",5,38,1373,707,666
050,45,077,"South Carolina","Pickens County",5,39,1349,696,653
050,45,077,"South Carolina","Pickens County",5,40,1394,733,661
050,45,077,"South Carolina","Pickens County",5,41,1404,656,748
050,45,077,"South Carolina","Pickens County",5,42,1453,722,731
050,45,077,"South Carolina","Pickens County",5,43,1445,719,726
050,45,077,"South Carolina","Pickens County",5,44,1445,700,745
050,45,077,"South Carolina","Pickens County",5,45,1414,701,713
050,45,077,"South Carolina","Pickens County",5,46,1450,715,735
050,45,077,"South Carolina","Pickens County",5,47,1371,677,694
050,45,077,"South Carolina","Pickens County",5,48,1414,697,717
050,45,077,"South Carolina","Pickens County",5,49,1381,690,691
050,45,077,"South Carolina","Pickens County",5,50,1492,744,748
050,45,077,"South Carolina","Pickens County",5,51,1561,777,784
050,45,077,"South Carolina","Pickens County",5,52,1652,811,841
050,45,077,"South Carolina","Pickens County",5,53,1612,775,837
050,45,077,"South Carolina","Pickens County",5,54,1563,778,785
050,45,077,"South Carolina","Pickens County",5,55,1499,717,782
050,45,077,"South Carolina","Pickens County",5,56,1590,771,819
050,45,077,"South Carolina","Pickens County",5,57,1614,762,852
050,45,077,"South Carolina","Pickens County",5,58,1698,824,874
050,45,077,"South Carolina","Pickens County",5,59,1764,861,903
050,45,077,"South Carolina","Pickens County",5,60,1792,906,886
050,45,077,"South Carolina","Pickens County",5,61,1815,902,913
050,45,077,"South Carolina","Pickens County",5,62,1728,856,872
050,45,077,"South Carolina","Pickens County",5,63,1642,780,862
050,45,077,"South Carolina","Pickens County",5,64,1612,770,842
050,45,077,"South Carolina","Pickens County",5,65,1639,791,848
050,45,077,"South Carolina","Pickens County",5,66,1601,768,833
050,45,077,"South Carolina","Pickens County",5,67,1472,715,757
050,45,077,"South Carolina","Pickens County",5,68,1419,686,733
050,45,077,"South Carolina","Pickens County",5,69,1394,656,738
050,45,077,"South Carolina","Pickens County",5,70,1348,620,728
050,45,077,"South Carolina","Pickens County",5,71,1269,618,651
050,45,077,"South Carolina","Pickens County",5,72,1188,578,610
050,45,077,"South Carolina","Pickens County",5,73,1165,541,624
050,45,077,"South Carolina","Pickens County",5,74,1078,513,565
050,45,077,"South Carolina","Pickens County",5,75,1132,523,609
050,45,077,"South Carolina","Pickens County",5,76,1223,552,671
050,45,077,"South Carolina","Pickens County",5,77,827,361,466
050,45,077,"South Carolina","Pickens County",5,78,816,372,444
050,45,077,"South Carolina","Pickens County",5,79,834,361,473
050,45,077,"South Carolina","Pickens County",5,80,777,350,427
050,45,077,"South Carolina","Pickens County",5,81,645,282,363
050,45,077,"South Carolina","Pickens County",5,82,566,238,328
050,45,077,"South Carolina","Pickens County",5,83,519,227,292
050,45,077,"South Carolina","Pickens County",5,84,476,205,271
050,45,077,"South Carolina","Pickens County",5,85,2473,837,1636
050,45,079,"South Carolina","Richland County",1,0,4652,2380,2272
050,45,079,"South Carolina","Richland County",1,1,4594,2331,2263
050,45,079,"South Carolina","Richland County",1,2,4754,2445,2309
050,45,079,"South Carolina","Richland County",1,3,4839,2468,2371
050,45,079,"South Carolina","Richland County",1,4,4999,2533,2466
050,45,079,"South Carolina","Richland County",1,5,4966,2526,2440
050,45,079,"South Carolina","Richland County",1,6,4850,2505,2345
050,45,079,"South Carolina","Richland County",1,7,4877,2491,2386
050,45,079,"South Carolina","Richland County",1,8,4939,2488,2451
050,45,079,"South Carolina","Richland County",1,9,4923,2507,2416
050,45,079,"South Carolina","Richland County",1,10,5125,2587,2538
050,45,079,"South Carolina","Richland County",1,11,5301,2696,2605
050,45,079,"South Carolina","Richland County",1,12,5429,2754,2675
050,45,079,"South Carolina","Richland County",1,13,5384,2725,2659
050,45,079,"South Carolina","Richland County",1,14,5352,2659,2693
050,45,079,"South Carolina","Richland County",1,15,5262,2698,2564
050,45,079,"South Carolina","Richland County",1,16,5326,2765,2561
050,45,079,"South Carolina","Richland County",1,17,5150,2623,2527
050,45,079,"South Carolina","Richland County",1,18,7422,3673,3749
050,45,079,"South Carolina","Richland County",1,19,10312,5278,5034
050,45,079,"South Carolina","Richland County",1,20,9803,4960,4843
050,45,079,"South Carolina","Richland County",1,21,9544,4992,4552
050,45,079,"South Carolina","Richland County",1,22,8830,4560,4270
050,45,079,"South Carolina","Richland County",1,23,8103,4182,3921
050,45,079,"South Carolina","Richland County",1,24,7020,3512,3508
050,45,079,"South Carolina","Richland County",1,25,6799,3374,3425
050,45,079,"South Carolina","Richland County",1,26,6578,3186,3392
050,45,079,"South Carolina","Richland County",1,27,6368,3047,3321
050,45,079,"South Carolina","Richland County",1,28,6293,3070,3223
050,45,079,"South Carolina","Richland County",1,29,6232,3053,3179
050,45,079,"South Carolina","Richland County",1,30,6319,3068,3251
050,45,079,"South Carolina","Richland County",1,31,5900,2851,3049
050,45,079,"South Carolina","Richland County",1,32,5663,2709,2954
050,45,079,"South Carolina","Richland County",1,33,5389,2558,2831
050,45,079,"South Carolina","Richland County",1,34,5486,2675,2811
050,45,079,"South Carolina","Richland County",1,35,5494,2622,2872
050,45,079,"South Carolina","Richland County",1,36,5480,2647,2833
050,45,079,"South Carolina","Richland County",1,37,5545,2680,2865
050,45,079,"South Carolina","Richland County",1,38,5519,2616,2903
050,45,079,"South Carolina","Richland County",1,39,5349,2528,2821
050,45,079,"South Carolina","Richland County",1,40,5271,2527,2744
050,45,079,"South Carolina","Richland County",1,41,5151,2451,2700
050,45,079,"South Carolina","Richland County",1,42,5005,2398,2607
050,45,079,"South Carolina","Richland County",1,43,4732,2241,2491
050,45,079,"South Carolina","Richland County",1,44,4665,2185,2480
050,45,079,"South Carolina","Richland County",1,45,4780,2261,2519
050,45,079,"South Carolina","Richland County",1,46,4704,2221,2483
050,45,079,"South Carolina","Richland County",1,47,4826,2274,2552
050,45,079,"South Carolina","Richland County",1,48,4994,2397,2597
050,45,079,"South Carolina","Richland County",1,49,5153,2442,2711
050,45,079,"South Carolina","Richland County",1,50,4852,2348,2504
050,45,079,"South Carolina","Richland County",1,51,4650,2218,2432
050,45,079,"South Carolina","Richland County",1,52,4623,2180,2443
050,45,079,"South Carolina","Richland County",1,53,4722,2221,2501
050,45,079,"South Carolina","Richland County",1,54,4859,2298,2561
050,45,079,"South Carolina","Richland County",1,55,4984,2341,2643
050,45,079,"South Carolina","Richland County",1,56,5070,2350,2720
050,45,079,"South Carolina","Richland County",1,57,4866,2285,2581
050,45,079,"South Carolina","Richland County",1,58,4888,2256,2632
050,45,079,"South Carolina","Richland County",1,59,4852,2219,2633
050,45,079,"South Carolina","Richland County",1,60,4951,2355,2596
050,45,079,"South Carolina","Richland County",1,61,4727,2234,2493
050,45,079,"South Carolina","Richland County",1,62,4736,2195,2541
050,45,079,"South Carolina","Richland County",1,63,4617,2121,2496
050,45,079,"South Carolina","Richland County",1,64,4334,1963,2371
050,45,079,"South Carolina","Richland County",1,65,4245,1948,2297
050,45,079,"South Carolina","Richland County",1,66,3980,1805,2175
050,45,079,"South Carolina","Richland County",1,67,3931,1734,2197
050,45,079,"South Carolina","Richland County",1,68,3739,1649,2090
050,45,079,"South Carolina","Richland County",1,69,3512,1550,1962
050,45,079,"South Carolina","Richland County",1,70,3434,1495,1939
050,45,079,"South Carolina","Richland County",1,71,3336,1510,1826
050,45,079,"South Carolina","Richland County",1,72,3213,1495,1718
050,45,079,"South Carolina","Richland County",1,73,3203,1455,1748
050,45,079,"South Carolina","Richland County",1,74,2281,999,1282
050,45,079,"South Carolina","Richland County",1,75,2221,975,1246
050,45,079,"South Carolina","Richland County",1,76,2139,972,1167
050,45,079,"South Carolina","Richland County",1,77,1941,826,1115
050,45,079,"South Carolina","Richland County",1,78,1659,717,942
050,45,079,"South Carolina","Richland County",1,79,1506,645,861
050,45,079,"South Carolina","Richland County",1,80,1322,547,775
050,45,079,"South Carolina","Richland County",1,81,1220,497,723
050,45,079,"South Carolina","Richland County",1,82,1100,435,665
050,45,079,"South Carolina","Richland County",1,83,965,365,600
050,45,079,"South Carolina","Richland County",1,84,912,359,553
050,45,079,"South Carolina","Richland County",1,85,5106,1693,3413
050,45,079,"South Carolina","Richland County",2,0,4604,2350,2254
050,45,079,"South Carolina","Richland County",2,1,4621,2346,2275
050,45,079,"South Carolina","Richland County",2,2,4736,2422,2314
050,45,079,"South Carolina","Richland County",2,3,4811,2469,2342
050,45,079,"South Carolina","Richland County",2,4,4967,2522,2445
050,45,079,"South Carolina","Richland County",2,5,4992,2541,2451
050,45,079,"South Carolina","Richland County",2,6,4889,2511,2378
050,45,079,"South Carolina","Richland County",2,7,4869,2494,2375
050,45,079,"South Carolina","Richland County",2,8,4908,2483,2425
050,45,079,"South Carolina","Richland County",2,9,4924,2499,2425
050,45,079,"South Carolina","Richland County",2,10,5071,2562,2509
050,45,079,"South Carolina","Richland County",2,11,5242,2656,2586
050,45,079,"South Carolina","Richland County",2,12,5420,2745,2675
050,45,079,"South Carolina","Richland County",2,13,5406,2738,2668
050,45,079,"South Carolina","Richland County",2,14,5357,2680,2677
050,45,079,"South Carolina","Richland County",2,15,5298,2701,2597
050,45,079,"South Carolina","Richland County",2,16,5310,2748,2562
050,45,079,"South Carolina","Richland County",2,17,5192,2645,2547
050,45,079,"South Carolina","Richland County",2,18,7425,3667,3758
050,45,079,"South Carolina","Richland County",2,19,10290,5252,5038
050,45,079,"South Carolina","Richland County",2,20,9871,4970,4901
050,45,079,"South Carolina","Richland County",2,21,9530,4976,4554
050,45,079,"South Carolina","Richland County",2,22,8827,4544,4283
050,45,079,"South Carolina","Richland County",2,23,8035,4135,3900
050,45,079,"South Carolina","Richland County",2,24,7001,3493,3508
050,45,079,"South Carolina","Richland County",2,25,6747,3340,3407
050,45,079,"South Carolina","Richland County",2,26,6490,3142,3348
050,45,079,"South Carolina","Richland County",2,27,6312,3014,3298
050,45,079,"South Carolina","Richland County",2,28,6268,3030,3238
050,45,079,"South Carolina","Richland County",2,29,6220,3031,3189
050,45,079,"South Carolina","Richland County",2,30,6299,3047,3252
050,45,079,"South Carolina","Richland County",2,31,5952,2865,3087
050,45,079,"South Carolina","Richland County",2,32,5666,2702,2964
050,45,079,"South Carolina","Richland County",2,33,5404,2553,2851
050,45,079,"South Carolina","Richland County",2,34,5422,2614,2808
050,45,079,"South Carolina","Richland County",2,35,5480,2624,2856
050,45,079,"South Carolina","Richland County",2,36,5400,2586,2814
050,45,079,"South Carolina","Richland County",2,37,5516,2660,2856
050,45,079,"South Carolina","Richland County",2,38,5514,2611,2903
050,45,079,"South Carolina","Richland County",2,39,5317,2500,2817
050,45,079,"South Carolina","Richland County",2,40,5298,2518,2780
050,45,079,"South Carolina","Richland County",2,41,5137,2438,2699
050,45,079,"South Carolina","Richland County",2,42,4964,2367,2597
050,45,079,"South Carolina","Richland County",2,43,4800,2265,2535
050,45,079,"South Carolina","Richland County",2,44,4603,2152,2451
050,45,079,"South Carolina","Richland County",2,45,4760,2239,2521
050,45,079,"South Carolina","Richland County",2,46,4677,2197,2480
050,45,079,"South Carolina","Richland County",2,47,4782,2250,2532
050,45,079,"South Carolina","Richland County",2,48,4942,2352,2590
050,45,079,"South Carolina","Richland County",2,49,5108,2419,2689
050,45,079,"South Carolina","Richland County",2,50,4910,2363,2547
050,45,079,"South Carolina","Richland County",2,51,4641,2210,2431
050,45,079,"South Carolina","Richland County",2,52,4609,2170,2439
050,45,079,"South Carolina","Richland County",2,53,4690,2201,2489
050,45,079,"South Carolina","Richland County",2,54,4804,2267,2537
050,45,079,"South Carolina","Richland County",2,55,4951,2323,2628
050,45,079,"South Carolina","Richland County",2,56,5043,2338,2705
050,45,079,"South Carolina","Richland County",2,57,4902,2293,2609
050,45,079,"South Carolina","Richland County",2,58,4870,2251,2619
050,45,079,"South Carolina","Richland County",2,59,4847,2221,2626
050,45,079,"South Carolina","Richland County",2,60,4911,2314,2597
050,45,079,"South Carolina","Richland County",2,61,4752,2250,2502
050,45,079,"South Carolina","Richland County",2,62,4698,2183,2515
050,45,079,"South Carolina","Richland County",2,63,4659,2144,2515
050,45,079,"South Carolina","Richland County",2,64,4365,1981,2384
050,45,079,"South Carolina","Richland County",2,65,4239,1933,2306
050,45,079,"South Carolina","Richland County",2,66,4047,1837,2210
050,45,079,"South Carolina","Richland County",2,67,3906,1728,2178
050,45,079,"South Carolina","Richland County",2,68,3737,1646,2091
050,45,079,"South Carolina","Richland County",2,69,3571,1573,1998
050,45,079,"South Carolina","Richland County",2,70,3431,1494,1937
050,45,079,"South Carolina","Richland County",2,71,3342,1497,1845
050,45,079,"South Carolina","Richland County",2,72,3182,1467,1715
050,45,079,"South Carolina","Richland County",2,73,3308,1517,1791
050,45,079,"South Carolina","Richland County",2,74,2361,1039,1322
050,45,079,"South Carolina","Richland County",2,75,2226,981,1245
050,45,079,"South Carolina","Richland County",2,76,2121,953,1168
050,45,079,"South Carolina","Richland County",2,77,1999,860,1139
050,45,079,"South Carolina","Richland County",2,78,1678,718,960
050,45,079,"South Carolina","Richland County",2,79,1530,654,876
050,45,079,"South Carolina","Richland County",2,80,1351,559,792
050,45,079,"South Carolina","Richland County",2,81,1203,491,712
050,45,079,"South Carolina","Richland County",2,82,1125,442,683
050,45,079,"South Carolina","Richland County",2,83,975,373,602
050,45,079,"South Carolina","Richland County",2,84,903,355,548
050,45,079,"South Carolina","Richland County",2,85,5110,1689,3421
050,45,079,"South Carolina","Richland County",3,0,4572,2347,2225
050,45,079,"South Carolina","Richland County",3,1,4640,2400,2240
050,45,079,"South Carolina","Richland County",3,2,4611,2315,2296
050,45,079,"South Carolina","Richland County",3,3,4797,2471,2326
050,45,079,"South Carolina","Richland County",3,4,4945,2534,2411
050,45,079,"South Carolina","Richland County",3,5,4992,2557,2435
050,45,079,"South Carolina","Richland County",3,6,5025,2574,2451
050,45,079,"South Carolina","Richland County",3,7,4925,2527,2398
050,45,079,"South Carolina","Richland County",3,8,4850,2465,2385
050,45,079,"South Carolina","Richland County",3,9,4902,2508,2394
050,45,079,"South Carolina","Richland County",3,10,4894,2484,2410
050,45,079,"South Carolina","Richland County",3,11,5074,2569,2505
050,45,079,"South Carolina","Richland County",3,12,5279,2682,2597
050,45,079,"South Carolina","Richland County",3,13,5478,2750,2728
050,45,079,"South Carolina","Richland County",3,14,5444,2777,2667
050,45,079,"South Carolina","Richland County",3,15,5507,2748,2759
050,45,079,"South Carolina","Richland County",3,16,5335,2734,2601
050,45,079,"South Carolina","Richland County",3,17,5374,2764,2610
050,45,079,"South Carolina","Richland County",3,18,7448,3711,3737
050,45,079,"South Carolina","Richland County",3,19,10177,5226,4951
050,45,079,"South Carolina","Richland County",3,20,9808,4927,4881
050,45,079,"South Carolina","Richland County",3,21,9730,5071,4659
050,45,079,"South Carolina","Richland County",3,22,8885,4579,4306
050,45,079,"South Carolina","Richland County",3,23,8065,4198,3867
050,45,079,"South Carolina","Richland County",3,24,7120,3547,3573
050,45,079,"South Carolina","Richland County",3,25,6558,3223,3335
050,45,079,"South Carolina","Richland County",3,26,6170,2986,3184
050,45,079,"South Carolina","Richland County",3,27,6123,2968,3155
050,45,079,"South Carolina","Richland County",3,28,6197,2966,3231
050,45,079,"South Carolina","Richland County",3,29,6232,3004,3228
050,45,079,"South Carolina","Richland County",3,30,6170,2962,3208
050,45,079,"South Carolina","Richland County",3,31,6273,3041,3232
050,45,079,"South Carolina","Richland County",3,32,5834,2788,3046
050,45,079,"South Carolina","Richland County",3,33,5609,2663,2946
050,45,079,"South Carolina","Richland County",3,34,5393,2545,2848
050,45,079,"South Carolina","Richland County",3,35,5398,2562,2836
050,45,079,"South Carolina","Richland County",3,36,5360,2556,2804
050,45,079,"South Carolina","Richland County",3,37,5438,2602,2836
050,45,079,"South Carolina","Richland County",3,38,5483,2633,2850
050,45,079,"South Carolina","Richland County",3,39,5501,2607,2894
050,45,079,"South Carolina","Richland County",3,40,5277,2475,2802
050,45,079,"South Carolina","Richland County",3,41,5290,2504,2786
050,45,079,"South Carolina","Richland County",3,42,5118,2395,2723
050,45,079,"South Carolina","Richland County",3,43,4970,2370,2600
050,45,079,"South Carolina","Richland County",3,44,4802,2253,2549
050,45,079,"South Carolina","Richland County",3,45,4637,2166,2471
050,45,079,"South Carolina","Richland County",3,46,4655,2154,2501
050,45,079,"South Carolina","Richland County",3,47,4614,2136,2478
050,45,079,"South Carolina","Richland County",3,48,4748,2259,2489
050,45,079,"South Carolina","Richland County",3,49,4836,2300,2536
050,45,079,"South Carolina","Richland County",3,50,5085,2405,2680
050,45,079,"South Carolina","Richland County",3,51,4914,2341,2573
050,45,079,"South Carolina","Richland County",3,52,4519,2121,2398
050,45,079,"South Carolina","Richland County",3,53,4593,2175,2418
050,45,079,"South Carolina","Richland County",3,54,4687,2192,2495
050,45,079,"South Carolina","Richland County",3,55,4776,2250,2526
050,45,079,"South Carolina","Richland County",3,56,4845,2260,2585
050,45,079,"South Carolina","Richland County",3,57,5028,2348,2680
050,45,079,"South Carolina","Richland County",3,58,4862,2258,2604
050,45,079,"South Carolina","Richland County",3,59,4782,2195,2587
050,45,079,"South Carolina","Richland County",3,60,4778,2165,2613
050,45,079,"South Carolina","Richland County",3,61,4841,2293,2548
050,45,079,"South Carolina","Richland County",3,62,4660,2193,2467
050,45,079,"South Carolina","Richland County",3,63,4638,2154,2484
050,45,079,"South Carolina","Richland County",3,64,4585,2081,2504
050,45,079,"South Carolina","Richland County",3,65,4275,1926,2349
050,45,079,"South Carolina","Richland County",3,66,4188,1899,2289
050,45,079,"South Carolina","Richland County",3,67,4001,1785,2216
050,45,079,"South Carolina","Richland County",3,68,3856,1716,2140
050,45,079,"South Carolina","Richland County",3,69,3644,1603,2041
050,45,079,"South Carolina","Richland County",3,70,3499,1524,1975
050,45,079,"South Carolina","Richland County",3,71,3342,1447,1895
050,45,079,"South Carolina","Richland County",3,72,3231,1435,1796
050,45,079,"South Carolina","Richland County",3,73,3118,1435,1683
050,45,079,"South Carolina","Richland County",3,74,3220,1474,1746
050,45,079,"South Carolina","Richland County",3,75,2271,999,1272
050,45,079,"South Carolina","Richland County",3,76,2104,925,1179
050,45,079,"South Carolina","Richland County",3,77,2030,903,1127
050,45,079,"South Carolina","Richland County",3,78,1909,819,1090
050,45,079,"South Carolina","Richland County",3,79,1591,677,914
050,45,079,"South Carolina","Richland County",3,80,1447,609,838
050,45,079,"South Carolina","Richland County",3,81,1251,519,732
050,45,079,"South Carolina","Richland County",3,82,1151,457,694
050,45,079,"South Carolina","Richland County",3,83,1026,390,636
050,45,079,"South Carolina","Richland County",3,84,891,337,554
050,45,079,"South Carolina","Richland County",3,85,5093,1690,3403
050,45,079,"South Carolina","Richland County",4,0,4564,2328,2236
050,45,079,"South Carolina","Richland County",4,1,4652,2383,2269
050,45,079,"South Carolina","Richland County",4,2,4665,2424,2241
050,45,079,"South Carolina","Richland County",4,3,4609,2310,2299
050,45,079,"South Carolina","Richland County",4,4,4805,2476,2329
050,45,079,"South Carolina","Richland County",4,5,5039,2579,2460
050,45,079,"South Carolina","Richland County",4,6,5000,2566,2434
050,45,079,"South Carolina","Richland County",4,7,5095,2615,2480
050,45,079,"South Carolina","Richland County",4,8,5032,2581,2451
050,45,079,"South Carolina","Richland County",4,9,4950,2523,2427
050,45,079,"South Carolina","Richland County",4,10,5005,2549,2456
050,45,079,"South Carolina","Richland County",4,11,4929,2493,2436
050,45,079,"South Carolina","Richland County",4,12,5170,2604,2566
050,45,079,"South Carolina","Richland County",4,13,5423,2719,2704
050,45,079,"South Carolina","Richland County",4,14,5580,2799,2781
050,45,079,"South Carolina","Richland County",4,15,5495,2832,2663
050,45,079,"South Carolina","Richland County",4,16,5584,2828,2756
050,45,079,"South Carolina","Richland County",4,17,5395,2771,2624
050,45,079,"South Carolina","Richland County",4,18,7856,3912,3944
050,45,079,"South Carolina","Richland County",4,19,10712,5478,5234
050,45,079,"South Carolina","Richland County",4,20,9958,5032,4926
050,45,079,"South Carolina","Richland County",4,21,9778,5067,4711
050,45,079,"South Carolina","Richland County",4,22,9230,4788,4442
050,45,079,"South Carolina","Richland County",4,23,8071,4158,3913
050,45,079,"South Carolina","Richland County",4,24,7116,3568,3548
050,45,079,"South Carolina","Richland County",4,25,6658,3295,3363
050,45,079,"South Carolina","Richland County",4,26,5984,2924,3060
050,45,079,"South Carolina","Richland County",4,27,5887,2898,2989
050,45,079,"South Carolina","Richland County",4,28,5970,2868,3102
050,45,079,"South Carolina","Richland County",4,29,6148,2955,3193
050,45,079,"South Carolina","Richland County",4,30,6169,2949,3220
050,45,079,"South Carolina","Richland County",4,31,6161,2933,3228
050,45,079,"South Carolina","Richland County",4,32,6283,3023,3260
050,45,079,"South Carolina","Richland County",4,33,5757,2721,3036
050,45,079,"South Carolina","Richland County",4,34,5596,2657,2939
050,45,079,"South Carolina","Richland County",4,35,5325,2495,2830
050,45,079,"South Carolina","Richland County",4,36,5357,2517,2840
050,45,079,"South Carolina","Richland County",4,37,5379,2540,2839
050,45,079,"South Carolina","Richland County",4,38,5492,2648,2844
050,45,079,"South Carolina","Richland County",4,39,5446,2578,2868
050,45,079,"South Carolina","Richland County",4,40,5459,2549,2910
050,45,079,"South Carolina","Richland County",4,41,5282,2489,2793
050,45,079,"South Carolina","Richland County",4,42,5258,2454,2804
050,45,079,"South Carolina","Richland County",4,43,5144,2435,2709
050,45,079,"South Carolina","Richland County",4,44,4948,2363,2585
050,45,079,"South Carolina","Richland County",4,45,4864,2267,2597
050,45,079,"South Carolina","Richland County",4,46,4614,2119,2495
050,45,079,"South Carolina","Richland County",4,47,4695,2155,2540
050,45,079,"South Carolina","Richland County",4,48,4653,2192,2461
050,45,079,"South Carolina","Richland County",4,49,4683,2228,2455
050,45,079,"South Carolina","Richland County",4,50,4842,2320,2522
050,45,079,"South Carolina","Richland County",4,51,5101,2426,2675
050,45,079,"South Carolina","Richland County",4,52,4872,2314,2558
050,45,079,"South Carolina","Richland County",4,53,4483,2079,2404
050,45,079,"South Carolina","Richland County",4,54,4539,2152,2387
050,45,079,"South Carolina","Richland County",4,55,4695,2215,2480
050,45,079,"South Carolina","Richland County",4,56,4737,2226,2511
050,45,079,"South Carolina","Richland County",4,57,4802,2239,2563
050,45,079,"South Carolina","Richland County",4,58,4958,2296,2662
050,45,079,"South Carolina","Richland County",4,59,4772,2190,2582
050,45,079,"South Carolina","Richland County",4,60,4763,2174,2589
050,45,079,"South Carolina","Richland County",4,61,4711,2115,2596
050,45,079,"South Carolina","Richland County",4,62,4822,2270,2552
050,45,079,"South Carolina","Richland County",4,63,4627,2183,2444
050,45,079,"South Carolina","Richland County",4,64,4590,2086,2504
050,45,079,"South Carolina","Richland County",4,65,4551,2055,2496
050,45,079,"South Carolina","Richland County",4,66,4210,1877,2333
050,45,079,"South Carolina","Richland County",4,67,4133,1833,2300
050,45,079,"South Carolina","Richland County",4,68,3942,1770,2172
050,45,079,"South Carolina","Richland County",4,69,3799,1695,2104
050,45,079,"South Carolina","Richland County",4,70,3541,1557,1984
050,45,079,"South Carolina","Richland County",4,71,3432,1481,1951
050,45,079,"South Carolina","Richland County",4,72,3279,1407,1872
050,45,079,"South Carolina","Richland County",4,73,3180,1403,1777
050,45,079,"South Carolina","Richland County",4,74,3053,1387,1666
050,45,079,"South Carolina","Richland County",4,75,3107,1411,1696
050,45,079,"South Carolina","Richland County",4,76,2178,950,1228
050,45,079,"South Carolina","Richland County",4,77,2028,870,1158
050,45,079,"South Carolina","Richland County",4,78,1945,858,1087
050,45,079,"South Carolina","Richland County",4,79,1807,758,1049
050,45,079,"South Carolina","Richland County",4,80,1503,636,867
050,45,079,"South Carolina","Richland County",4,81,1340,559,781
050,45,079,"South Carolina","Richland County",4,82,1198,480,718
050,45,079,"South Carolina","Richland County",4,83,1036,403,633
050,45,079,"South Carolina","Richland County",4,84,939,361,578
050,45,079,"South Carolina","Richland County",4,85,5086,1699,3387
050,45,079,"South Carolina","Richland County",5,0,4559,2326,2233
050,45,079,"South Carolina","Richland County",5,1,4544,2351,2193
050,45,079,"South Carolina","Richland County",5,2,4690,2406,2284
050,45,079,"South Carolina","Richland County",5,3,4636,2422,2214
050,45,079,"South Carolina","Richland County",5,4,4702,2372,2330
050,45,079,"South Carolina","Richland County",5,5,4863,2529,2334
050,45,079,"South Carolina","Richland County",5,6,5027,2598,2429
050,45,079,"South Carolina","Richland County",5,7,4983,2557,2426
050,45,079,"South Carolina","Richland County",5,8,5148,2631,2517
050,45,079,"South Carolina","Richland County",5,9,5071,2570,2501
050,45,079,"South Carolina","Richland County",5,10,5059,2594,2465
050,45,079,"South Carolina","Richland County",5,11,5064,2604,2460
050,45,079,"South Carolina","Richland County",5,12,5012,2517,2495
050,45,079,"South Carolina","Richland County",5,13,5251,2652,2599
050,45,079,"South Carolina","Richland County",5,14,5408,2737,2671
050,45,079,"South Carolina","Richland County",5,15,5723,2901,2822
050,45,079,"South Carolina","Richland County",5,16,5635,2922,2713
050,45,079,"South Carolina","Richland County",5,17,5698,2872,2826
050,45,079,"South Carolina","Richland County",5,18,7837,3893,3944
050,45,079,"South Carolina","Richland County",5,19,10886,5577,5309
050,45,079,"South Carolina","Richland County",5,20,10046,5063,4983
050,45,079,"South Carolina","Richland County",5,21,9721,5108,4613
050,45,079,"South Carolina","Richland County",5,22,9180,4709,4471
050,45,079,"South Carolina","Richland County",5,23,8348,4327,4021
050,45,079,"South Carolina","Richland County",5,24,7145,3556,3589
050,45,079,"South Carolina","Richland County",5,25,6591,3265,3326
050,45,079,"South Carolina","Richland County",5,26,6130,2994,3136
050,45,079,"South Carolina","Richland County",5,27,5752,2844,2908
050,45,079,"South Carolina","Richland County",5,28,5776,2835,2941
050,45,079,"South Carolina","Richland County",5,29,5916,2817,3099
050,45,079,"South Carolina","Richland County",5,30,6173,2946,3227
050,45,079,"South Carolina","Richland County",5,31,6173,2967,3206
050,45,079,"South Carolina","Richland County",5,32,6193,2963,3230
050,45,079,"South Carolina","Richland County",5,33,6201,2941,3260
050,45,079,"South Carolina","Richland County",5,34,5745,2701,3044
050,45,079,"South Carolina","Richland County",5,35,5523,2620,2903
050,45,079,"South Carolina","Richland County",5,36,5274,2472,2802
050,45,079,"South Carolina","Richland County",5,37,5382,2545,2837
050,45,079,"South Carolina","Richland County",5,38,5416,2560,2856
050,45,079,"South Carolina","Richland County",5,39,5423,2576,2847
050,45,079,"South Carolina","Richland County",5,40,5414,2528,2886
050,45,079,"South Carolina","Richland County",5,41,5451,2551,2900
050,45,079,"South Carolina","Richland County",5,42,5257,2440,2817
050,45,079,"South Carolina","Richland County",5,43,5281,2464,2817
050,45,079,"South Carolina","Richland County",5,44,5129,2401,2728
050,45,079,"South Carolina","Richland County",5,45,5014,2392,2622
050,45,079,"South Carolina","Richland County",5,46,4838,2216,2622
050,45,079,"South Carolina","Richland County",5,47,4633,2116,2517
050,45,079,"South Carolina","Richland County",5,48,4701,2170,2531
050,45,079,"South Carolina","Richland County",5,49,4608,2170,2438
050,45,079,"South Carolina","Richland County",5,50,4716,2257,2459
050,45,079,"South Carolina","Richland County",5,51,4808,2290,2518
050,45,079,"South Carolina","Richland County",5,52,5100,2383,2717
050,45,079,"South Carolina","Richland County",5,53,4853,2323,2530
050,45,079,"South Carolina","Richland County",5,54,4526,2105,2421
050,45,079,"South Carolina","Richland County",5,55,4577,2175,2402
050,45,079,"South Carolina","Richland County",5,56,4659,2171,2488
050,45,079,"South Carolina","Richland County",5,57,4726,2237,2489
050,45,079,"South Carolina","Richland County",5,58,4768,2184,2584
050,45,079,"South Carolina","Richland County",5,59,4880,2228,2652
050,45,079,"South Carolina","Richland County",5,60,4754,2172,2582
050,45,079,"South Carolina","Richland County",5,61,4745,2152,2593
050,45,079,"South Carolina","Richland County",5,62,4709,2109,2600
050,45,079,"South Carolina","Richland County",5,63,4797,2248,2549
050,45,079,"South Carolina","Richland County",5,64,4580,2144,2436
050,45,079,"South Carolina","Richland County",5,65,4585,2086,2499
050,45,079,"South Carolina","Richland County",5,66,4492,2022,2470
050,45,079,"South Carolina","Richland County",5,67,4169,1836,2333
050,45,079,"South Carolina","Richland County",5,68,4087,1812,2275
050,45,079,"South Carolina","Richland County",5,69,3909,1746,2163
050,45,079,"South Carolina","Richland County",5,70,3742,1660,2082
050,45,079,"South Carolina","Richland County",5,71,3477,1523,1954
050,45,079,"South Carolina","Richland County",5,72,3346,1439,1907
050,45,079,"South Carolina","Richland County",5,73,3193,1369,1824
050,45,079,"South Carolina","Richland County",5,74,3107,1361,1746
050,45,079,"South Carolina","Richland County",5,75,2984,1346,1638
050,45,079,"South Carolina","Richland County",5,76,3020,1366,1654
050,45,079,"South Carolina","Richland County",5,77,2089,894,1195
050,45,079,"South Carolina","Richland County",5,78,1970,830,1140
050,45,079,"South Carolina","Richland County",5,79,1878,816,1062
050,45,079,"South Carolina","Richland County",5,80,1730,725,1005
050,45,079,"South Carolina","Richland County",5,81,1399,596,803
050,45,079,"South Carolina","Richland County",5,82,1290,519,771
050,45,079,"South Carolina","Richland County",5,83,1092,425,667
050,45,079,"South Carolina","Richland County",5,84,963,378,585
050,45,079,"South Carolina","Richland County",5,85,5188,1748,3440
050,45,081,"South Carolina","Saluda County",1,0,205,101,104
050,45,081,"South Carolina","Saluda County",1,1,213,108,105
050,45,081,"South Carolina","Saluda County",1,2,208,103,105
050,45,081,"South Carolina","Saluda County",1,3,186,89,97
050,45,081,"South Carolina","Saluda County",1,4,239,123,116
050,45,081,"South Carolina","Saluda County",1,5,256,138,118
050,45,081,"South Carolina","Saluda County",1,6,213,114,99
050,45,081,"South Carolina","Saluda County",1,7,223,114,109
050,45,081,"South Carolina","Saluda County",1,8,234,128,106
050,45,081,"South Carolina","Saluda County",1,9,215,119,96
050,45,081,"South Carolina","Saluda County",1,10,238,128,110
050,45,081,"South Carolina","Saluda County",1,11,239,127,112
050,45,081,"South Carolina","Saluda County",1,12,260,122,138
050,45,081,"South Carolina","Saluda County",1,13,261,121,140
050,45,081,"South Carolina","Saluda County",1,14,248,124,124
050,45,081,"South Carolina","Saluda County",1,15,218,121,97
050,45,081,"South Carolina","Saluda County",1,16,213,109,104
050,45,081,"South Carolina","Saluda County",1,17,216,122,94
050,45,081,"South Carolina","Saluda County",1,18,202,111,91
050,45,081,"South Carolina","Saluda County",1,19,171,87,84
050,45,081,"South Carolina","Saluda County",1,20,190,104,86
050,45,081,"South Carolina","Saluda County",1,21,201,110,91
050,45,081,"South Carolina","Saluda County",1,22,197,105,92
050,45,081,"South Carolina","Saluda County",1,23,190,104,86
050,45,081,"South Carolina","Saluda County",1,24,203,117,86
050,45,081,"South Carolina","Saluda County",1,25,200,115,85
050,45,081,"South Carolina","Saluda County",1,26,220,122,98
050,45,081,"South Carolina","Saluda County",1,27,218,116,102
050,45,081,"South Carolina","Saluda County",1,28,250,122,128
050,45,081,"South Carolina","Saluda County",1,29,204,96,108
050,45,081,"South Carolina","Saluda County",1,30,196,86,110
050,45,081,"South Carolina","Saluda County",1,31,215,113,102
050,45,081,"South Carolina","Saluda County",1,32,196,116,80
050,45,081,"South Carolina","Saluda County",1,33,222,133,89
050,45,081,"South Carolina","Saluda County",1,34,220,123,97
050,45,081,"South Carolina","Saluda County",1,35,218,118,100
050,45,081,"South Carolina","Saluda County",1,36,241,136,105
050,45,081,"South Carolina","Saluda County",1,37,214,122,92
050,45,081,"South Carolina","Saluda County",1,38,234,117,117
050,45,081,"South Carolina","Saluda County",1,39,230,112,118
050,45,081,"South Carolina","Saluda County",1,40,228,118,110
050,45,081,"South Carolina","Saluda County",1,41,206,110,96
050,45,081,"South Carolina","Saluda County",1,42,213,110,103
050,45,081,"South Carolina","Saluda County",1,43,225,118,107
050,45,081,"South Carolina","Saluda County",1,44,218,119,99
050,45,081,"South Carolina","Saluda County",1,45,200,96,104
050,45,081,"South Carolina","Saluda County",1,46,210,110,100
050,45,081,"South Carolina","Saluda County",1,47,234,120,114
050,45,081,"South Carolina","Saluda County",1,48,251,134,117
050,45,081,"South Carolina","Saluda County",1,49,279,135,144
050,45,081,"South Carolina","Saluda County",1,50,259,135,124
050,45,081,"South Carolina","Saluda County",1,51,255,134,121
050,45,081,"South Carolina","Saluda County",1,52,233,119,114
050,45,081,"South Carolina","Saluda County",1,53,251,120,131
050,45,081,"South Carolina","Saluda County",1,54,263,125,138
050,45,081,"South Carolina","Saluda County",1,55,267,135,132
050,45,081,"South Carolina","Saluda County",1,56,273,126,147
050,45,081,"South Carolina","Saluda County",1,57,315,164,151
050,45,081,"South Carolina","Saluda County",1,58,299,145,154
050,45,081,"South Carolina","Saluda County",1,59,290,141,149
050,45,081,"South Carolina","Saluda County",1,60,275,141,134
050,45,081,"South Carolina","Saluda County",1,61,272,130,142
050,45,081,"South Carolina","Saluda County",1,62,259,138,121
050,45,081,"South Carolina","Saluda County",1,63,266,137,129
050,45,081,"South Carolina","Saluda County",1,64,287,146,141
050,45,081,"South Carolina","Saluda County",1,65,271,136,135
050,45,081,"South Carolina","Saluda County",1,66,234,114,120
050,45,081,"South Carolina","Saluda County",1,67,234,119,115
050,45,081,"South Carolina","Saluda County",1,68,219,110,109
050,45,081,"South Carolina","Saluda County",1,69,216,105,111
050,45,081,"South Carolina","Saluda County",1,70,209,103,106
050,45,081,"South Carolina","Saluda County",1,71,198,92,106
050,45,081,"South Carolina","Saluda County",1,72,211,93,118
050,45,081,"South Carolina","Saluda County",1,73,205,100,105
050,45,081,"South Carolina","Saluda County",1,74,167,85,82
050,45,081,"South Carolina","Saluda County",1,75,164,81,83
050,45,081,"South Carolina","Saluda County",1,76,156,68,88
050,45,081,"South Carolina","Saluda County",1,77,167,78,89
050,45,081,"South Carolina","Saluda County",1,78,137,64,73
050,45,081,"South Carolina","Saluda County",1,79,130,58,72
050,45,081,"South Carolina","Saluda County",1,80,115,52,63
050,45,081,"South Carolina","Saluda County",1,81,96,49,47
050,45,081,"South Carolina","Saluda County",1,82,98,44,54
050,45,081,"South Carolina","Saluda County",1,83,81,31,50
050,45,081,"South Carolina","Saluda County",1,84,75,26,49
050,45,081,"South Carolina","Saluda County",1,85,427,145,282
050,45,081,"South Carolina","Saluda County",2,0,207,106,101
050,45,081,"South Carolina","Saluda County",2,1,212,108,104
050,45,081,"South Carolina","Saluda County",2,2,208,103,105
050,45,081,"South Carolina","Saluda County",2,3,191,92,99
050,45,081,"South Carolina","Saluda County",2,4,226,115,111
050,45,081,"South Carolina","Saluda County",2,5,250,132,118
050,45,081,"South Carolina","Saluda County",2,6,227,121,106
050,45,081,"South Carolina","Saluda County",2,7,217,113,104
050,45,081,"South Carolina","Saluda County",2,8,229,123,106
050,45,081,"South Carolina","Saluda County",2,9,222,121,101
050,45,081,"South Carolina","Saluda County",2,10,230,124,106
050,45,081,"South Carolina","Saluda County",2,11,236,126,110
050,45,081,"South Carolina","Saluda County",2,12,253,122,131
050,45,081,"South Carolina","Saluda County",2,13,258,120,138
050,45,081,"South Carolina","Saluda County",2,14,251,124,127
050,45,081,"South Carolina","Saluda County",2,15,225,121,104
050,45,081,"South Carolina","Saluda County",2,16,217,113,104
050,45,081,"South Carolina","Saluda County",2,17,212,117,95
050,45,081,"South Carolina","Saluda County",2,18,196,110,86
050,45,081,"South Carolina","Saluda County",2,19,172,90,82
050,45,081,"South Carolina","Saluda County",2,20,192,105,87
050,45,081,"South Carolina","Saluda County",2,21,200,107,93
050,45,081,"South Carolina","Saluda County",2,22,199,107,92
050,45,081,"South Carolina","Saluda County",2,23,192,104,88
050,45,081,"South Carolina","Saluda County",2,24,199,114,85
050,45,081,"South Carolina","Saluda County",2,25,202,117,85
050,45,081,"South Carolina","Saluda County",2,26,212,118,94
050,45,081,"South Carolina","Saluda County",2,27,216,116,100
050,45,081,"South Carolina","Saluda County",2,28,241,120,121
050,45,081,"South Carolina","Saluda County",2,29,211,98,113
050,45,081,"South Carolina","Saluda County",2,30,200,90,110
050,45,081,"South Carolina","Saluda County",2,31,212,108,104
050,45,081,"South Carolina","Saluda County",2,32,204,116,88
050,45,081,"South Carolina","Saluda County",2,33,215,128,87
050,45,081,"South Carolina","Saluda County",2,34,215,120,95
050,45,081,"South Carolina","Saluda County",2,35,219,119,100
050,45,081,"South Carolina","Saluda County",2,36,231,132,99
050,45,081,"South Carolina","Saluda County",2,37,222,126,96
050,45,081,"South Carolina","Saluda County",2,38,232,119,113
050,45,081,"South Carolina","Saluda County",2,39,228,112,116
050,45,081,"South Carolina","Saluda County",2,40,233,120,113
050,45,081,"South Carolina","Saluda County",2,41,211,113,98
050,45,081,"South Carolina","Saluda County",2,42,208,109,99
050,45,081,"South Carolina","Saluda County",2,43,226,118,108
050,45,081,"South Carolina","Saluda County",2,44,217,117,100
050,45,081,"South Carolina","Saluda County",2,45,204,100,104
050,45,081,"South Carolina","Saluda County",2,46,208,107,101
050,45,081,"South Carolina","Saluda County",2,47,230,119,111
050,45,081,"South Carolina","Saluda County",2,48,249,131,118
050,45,081,"South Carolina","Saluda County",2,49,271,134,137
050,45,081,"South Carolina","Saluda County",2,50,265,136,129
050,45,081,"South Carolina","Saluda County",2,51,254,133,121
050,45,081,"South Carolina","Saluda County",2,52,236,123,113
050,45,081,"South Carolina","Saluda County",2,53,246,120,126
050,45,081,"South Carolina","Saluda County",2,54,257,123,134
050,45,081,"South Carolina","Saluda County",2,55,269,135,134
050,45,081,"South Carolina","Saluda County",2,56,274,129,145
050,45,081,"South Carolina","Saluda County",2,57,301,152,149
050,45,081,"South Carolina","Saluda County",2,58,301,148,153
050,45,081,"South Carolina","Saluda County",2,59,296,143,153
050,45,081,"South Carolina","Saluda County",2,60,282,143,139
050,45,081,"South Carolina","Saluda County",2,61,270,131,139
050,45,081,"South Carolina","Saluda County",2,62,262,136,126
050,45,081,"South Carolina","Saluda County",2,63,268,139,129
050,45,081,"South Carolina","Saluda County",2,64,276,140,136
050,45,081,"South Carolina","Saluda County",2,65,274,138,136
050,45,081,"South Carolina","Saluda County",2,66,243,119,124
050,45,081,"South Carolina","Saluda County",2,67,235,118,117
050,45,081,"South Carolina","Saluda County",2,68,219,111,108
050,45,081,"South Carolina","Saluda County",2,69,218,108,110
050,45,081,"South Carolina","Saluda County",2,70,209,102,107
050,45,081,"South Carolina","Saluda County",2,71,201,94,107
050,45,081,"South Carolina","Saluda County",2,72,205,91,114
050,45,081,"South Carolina","Saluda County",2,73,215,101,114
050,45,081,"South Carolina","Saluda County",2,74,162,81,81
050,45,081,"South Carolina","Saluda County",2,75,165,81,84
050,45,081,"South Carolina","Saluda County",2,76,156,70,86
050,45,081,"South Carolina","Saluda County",2,77,164,76,88
050,45,081,"South Carolina","Saluda County",2,78,139,65,74
050,45,081,"South Carolina","Saluda County",2,79,130,58,72
050,45,081,"South Carolina","Saluda County",2,80,116,52,64
050,45,081,"South Carolina","Saluda County",2,81,98,50,48
050,45,081,"South Carolina","Saluda County",2,82,99,46,53
050,45,081,"South Carolina","Saluda County",2,83,80,31,49
050,45,081,"South Carolina","Saluda County",2,84,75,27,48
050,45,081,"South Carolina","Saluda County",2,85,430,145,285
050,45,081,"South Carolina","Saluda County",3,0,231,136,95
050,45,081,"South Carolina","Saluda County",3,1,214,111,103
050,45,081,"South Carolina","Saluda County",3,2,209,108,101
050,45,081,"South Carolina","Saluda County",3,3,226,118,108
050,45,081,"South Carolina","Saluda County",3,4,197,98,99
050,45,081,"South Carolina","Saluda County",3,5,228,118,110
050,45,081,"South Carolina","Saluda County",3,6,245,124,121
050,45,081,"South Carolina","Saluda County",3,7,233,124,109
050,45,081,"South Carolina","Saluda County",3,8,212,107,105
050,45,081,"South Carolina","Saluda County",3,9,224,118,106
050,45,081,"South Carolina","Saluda County",3,10,222,123,99
050,45,081,"South Carolina","Saluda County",3,11,226,129,97
050,45,081,"South Carolina","Saluda County",3,12,242,134,108
050,45,081,"South Carolina","Saluda County",3,13,254,121,133
050,45,081,"South Carolina","Saluda County",3,14,265,128,137
050,45,081,"South Carolina","Saluda County",3,15,246,127,119
050,45,081,"South Carolina","Saluda County",3,16,223,123,100
050,45,081,"South Carolina","Saluda County",3,17,207,110,97
050,45,081,"South Carolina","Saluda County",3,18,196,114,82
050,45,081,"South Carolina","Saluda County",3,19,180,102,78
050,45,081,"South Carolina","Saluda County",3,20,193,102,91
050,45,081,"South Carolina","Saluda County",3,21,188,99,89
050,45,081,"South Carolina","Saluda County",3,22,206,112,94
050,45,081,"South Carolina","Saluda County",3,23,212,114,98
050,45,081,"South Carolina","Saluda County",3,24,199,109,90
050,45,081,"South Carolina","Saluda County",3,25,207,114,93
050,45,081,"South Carolina","Saluda County",3,26,194,113,81
050,45,081,"South Carolina","Saluda County",3,27,198,108,90
050,45,081,"South Carolina","Saluda County",3,28,210,118,92
050,45,081,"South Carolina","Saluda County",3,29,236,112,124
050,45,081,"South Carolina","Saluda County",3,30,206,93,113
050,45,081,"South Carolina","Saluda County",3,31,207,98,109
050,45,081,"South Carolina","Saluda County",3,32,208,110,98
050,45,081,"South Carolina","Saluda County",3,33,201,118,83
050,45,081,"South Carolina","Saluda County",3,34,203,112,91
050,45,081,"South Carolina","Saluda County",3,35,220,122,98
050,45,081,"South Carolina","Saluda County",3,36,228,119,109
050,45,081,"South Carolina","Saluda County",3,37,223,126,97
050,45,081,"South Carolina","Saluda County",3,38,222,130,92
050,45,081,"South Carolina","Saluda County",3,39,233,125,108
050,45,081,"South Carolina","Saluda County",3,40,231,113,118
050,45,081,"South Carolina","Saluda County",3,41,230,122,108
050,45,081,"South Carolina","Saluda County",3,42,206,106,100
050,45,081,"South Carolina","Saluda County",3,43,212,110,102
050,45,081,"South Carolina","Saluda County",3,44,221,117,104
050,45,081,"South Carolina","Saluda County",3,45,215,111,104
050,45,081,"South Carolina","Saluda County",3,46,204,102,102
050,45,081,"South Carolina","Saluda County",3,47,211,113,98
050,45,081,"South Carolina","Saluda County",3,48,230,123,107
050,45,081,"South Carolina","Saluda County",3,49,256,130,126
050,45,081,"South Carolina","Saluda County",3,50,268,131,137
050,45,081,"South Carolina","Saluda County",3,51,252,124,128
050,45,081,"South Carolina","Saluda County",3,52,258,135,123
050,45,081,"South Carolina","Saluda County",3,53,235,126,109
050,45,081,"South Carolina","Saluda County",3,54,254,125,129
050,45,081,"South Carolina","Saluda County",3,55,259,130,129
050,45,081,"South Carolina","Saluda County",3,56,255,122,133
050,45,081,"South Carolina","Saluda County",3,57,286,135,151
050,45,081,"South Carolina","Saluda County",3,58,307,154,153
050,45,081,"South Carolina","Saluda County",3,59,313,153,160
050,45,081,"South Carolina","Saluda County",3,60,282,131,151
050,45,081,"South Carolina","Saluda County",3,61,281,146,135
050,45,081,"South Carolina","Saluda County",3,62,275,137,138
050,45,081,"South Carolina","Saluda County",3,63,257,132,125
050,45,081,"South Carolina","Saluda County",3,64,263,133,130
050,45,081,"South Carolina","Saluda County",3,65,267,135,132
050,45,081,"South Carolina","Saluda County",3,66,272,139,133
050,45,081,"South Carolina","Saluda County",3,67,241,120,121
050,45,081,"South Carolina","Saluda County",3,68,237,118,119
050,45,081,"South Carolina","Saluda County",3,69,215,109,106
050,45,081,"South Carolina","Saluda County",3,70,212,104,108
050,45,081,"South Carolina","Saluda County",3,71,198,101,97
050,45,081,"South Carolina","Saluda County",3,72,199,94,105
050,45,081,"South Carolina","Saluda County",3,73,197,87,110
050,45,081,"South Carolina","Saluda County",3,74,204,97,107
050,45,081,"South Carolina","Saluda County",3,75,155,75,80
050,45,081,"South Carolina","Saluda County",3,76,163,80,83
050,45,081,"South Carolina","Saluda County",3,77,143,66,77
050,45,081,"South Carolina","Saluda County",3,78,154,71,83
050,45,081,"South Carolina","Saluda County",3,79,134,59,75
050,45,081,"South Carolina","Saluda County",3,80,115,52,63
050,45,081,"South Carolina","Saluda County",3,81,104,47,57
050,45,081,"South Carolina","Saluda County",3,82,95,46,49
050,45,081,"South Carolina","Saluda County",3,83,90,43,47
050,45,081,"South Carolina","Saluda County",3,84,72,26,46
050,45,081,"South Carolina","Saluda County",3,85,420,146,274
050,45,081,"South Carolina","Saluda County",4,0,242,129,113
050,45,081,"South Carolina","Saluda County",4,1,219,130,89
050,45,081,"South Carolina","Saluda County",4,2,229,121,108
050,45,081,"South Carolina","Saluda County",4,3,204,102,102
050,45,081,"South Carolina","Saluda County",4,4,222,113,109
050,45,081,"South Carolina","Saluda County",4,5,200,101,99
050,45,081,"South Carolina","Saluda County",4,6,229,121,108
050,45,081,"South Carolina","Saluda County",4,7,266,133,133
050,45,081,"South Carolina","Saluda County",4,8,230,119,111
050,45,081,"South Carolina","Saluda County",4,9,212,112,100
050,45,081,"South Carolina","Saluda County",4,10,234,123,111
050,45,081,"South Carolina","Saluda County",4,11,224,129,95
050,45,081,"South Carolina","Saluda County",4,12,233,131,102
050,45,081,"South Carolina","Saluda County",4,13,240,135,105
050,45,081,"South Carolina","Saluda County",4,14,253,121,132
050,45,081,"South Carolina","Saluda County",4,15,277,136,141
050,45,081,"South Carolina","Saluda County",4,16,240,123,117
050,45,081,"South Carolina","Saluda County",4,17,224,120,104
050,45,081,"South Carolina","Saluda County",4,18,190,100,90
050,45,081,"South Carolina","Saluda County",4,19,164,95,69
050,45,081,"South Carolina","Saluda County",4,20,200,113,87
050,45,081,"South Carolina","Saluda County",4,21,208,104,104
050,45,081,"South Carolina","Saluda County",4,22,204,106,98
050,45,081,"South Carolina","Saluda County",4,23,204,113,91
050,45,081,"South Carolina","Saluda County",4,24,223,130,93
050,45,081,"South Carolina","Saluda County",4,25,200,116,84
050,45,081,"South Carolina","Saluda County",4,26,199,110,89
050,45,081,"South Carolina","Saluda County",4,27,185,108,77
050,45,081,"South Carolina","Saluda County",4,28,204,118,86
050,45,081,"South Carolina","Saluda County",4,29,206,110,96
050,45,081,"South Carolina","Saluda County",4,30,228,106,122
050,45,081,"South Carolina","Saluda County",4,31,218,99,119
050,45,081,"South Carolina","Saluda County",4,32,207,104,103
050,45,081,"South Carolina","Saluda County",4,33,214,113,101
050,45,081,"South Carolina","Saluda County",4,34,194,105,89
050,45,081,"South Carolina","Saluda County",4,35,210,121,89
050,45,081,"South Carolina","Saluda County",4,36,228,134,94
050,45,081,"South Carolina","Saluda County",4,37,220,112,108
050,45,081,"South Carolina","Saluda County",4,38,244,134,110
050,45,081,"South Carolina","Saluda County",4,39,222,133,89
050,45,081,"South Carolina","Saluda County",4,40,230,121,109
050,45,081,"South Carolina","Saluda County",4,41,242,120,122
050,45,081,"South Carolina","Saluda County",4,42,230,120,110
050,45,081,"South Carolina","Saluda County",4,43,197,100,97
050,45,081,"South Carolina","Saluda County",4,44,216,110,106
050,45,081,"South Carolina","Saluda County",4,45,224,114,110
050,45,081,"South Carolina","Saluda County",4,46,209,108,101
050,45,081,"South Carolina","Saluda County",4,47,209,104,105
050,45,081,"South Carolina","Saluda County",4,48,205,107,98
050,45,081,"South Carolina","Saluda County",4,49,232,121,111
050,45,081,"South Carolina","Saluda County",4,50,263,144,119
050,45,081,"South Carolina","Saluda County",4,51,276,136,140
050,45,081,"South Carolina","Saluda County",4,52,241,114,127
050,45,081,"South Carolina","Saluda County",4,53,255,130,125
050,45,081,"South Carolina","Saluda County",4,54,235,131,104
050,45,081,"South Carolina","Saluda County",4,55,271,132,139
050,45,081,"South Carolina","Saluda County",4,56,260,126,134
050,45,081,"South Carolina","Saluda County",4,57,273,134,139
050,45,081,"South Carolina","Saluda County",4,58,293,139,154
050,45,081,"South Carolina","Saluda County",4,59,312,160,152
050,45,081,"South Carolina","Saluda County",4,60,298,137,161
050,45,081,"South Carolina","Saluda County",4,61,286,128,158
050,45,081,"South Carolina","Saluda County",4,62,288,148,140
050,45,081,"South Carolina","Saluda County",4,63,275,141,134
050,45,081,"South Carolina","Saluda County",4,64,257,131,126
050,45,081,"South Carolina","Saluda County",4,65,257,130,127
050,45,081,"South Carolina","Saluda County",4,66,257,131,126
050,45,081,"South Carolina","Saluda County",4,67,273,136,137
050,45,081,"South Carolina","Saluda County",4,68,243,122,121
050,45,081,"South Carolina","Saluda County",4,69,232,116,116
050,45,081,"South Carolina","Saluda County",4,70,212,107,105
050,45,081,"South Carolina","Saluda County",4,71,196,96,100
050,45,081,"South Carolina","Saluda County",4,72,195,95,100
050,45,081,"South Carolina","Saluda County",4,73,193,92,101
050,45,081,"South Carolina","Saluda County",4,74,186,82,104
050,45,081,"South Carolina","Saluda County",4,75,197,95,102
050,45,081,"South Carolina","Saluda County",4,76,148,71,77
050,45,081,"South Carolina","Saluda County",4,77,162,81,81
050,45,081,"South Carolina","Saluda County",4,78,136,61,75
050,45,081,"South Carolina","Saluda County",4,79,154,70,84
050,45,081,"South Carolina","Saluda County",4,80,121,54,67
050,45,081,"South Carolina","Saluda County",4,81,105,50,55
050,45,081,"South Carolina","Saluda County",4,82,106,46,60
050,45,081,"South Carolina","Saluda County",4,83,87,40,47
050,45,081,"South Carolina","Saluda County",4,84,82,40,42
050,45,081,"South Carolina","Saluda County",4,85,415,153,262
050,45,081,"South Carolina","Saluda County",5,0,242,130,112
050,45,081,"South Carolina","Saluda County",5,1,234,127,107
050,45,081,"South Carolina","Saluda County",5,2,218,130,88
050,45,081,"South Carolina","Saluda County",5,3,233,121,112
050,45,081,"South Carolina","Saluda County",5,4,205,102,103
050,45,081,"South Carolina","Saluda County",5,5,224,107,117
050,45,081,"South Carolina","Saluda County",5,6,203,98,105
050,45,081,"South Carolina","Saluda County",5,7,220,113,107
050,45,081,"South Carolina","Saluda County",5,8,275,140,135
050,45,081,"South Carolina","Saluda County",5,9,230,124,106
050,45,081,"South Carolina","Saluda County",5,10,210,109,101
050,45,081,"South Carolina","Saluda County",5,11,237,129,108
050,45,081,"South Carolina","Saluda County",5,12,221,119,102
050,45,081,"South Carolina","Saluda County",5,13,232,129,103
050,45,081,"South Carolina","Saluda County",5,14,249,140,109
050,45,081,"South Carolina","Saluda County",5,15,264,132,132
050,45,081,"South Carolina","Saluda County",5,16,273,138,135
050,45,081,"South Carolina","Saluda County",5,17,241,122,119
050,45,081,"South Carolina","Saluda County",5,18,197,103,94
050,45,081,"South Carolina","Saluda County",5,19,171,87,84
050,45,081,"South Carolina","Saluda County",5,20,187,112,75
050,45,081,"South Carolina","Saluda County",5,21,220,112,108
050,45,081,"South Carolina","Saluda County",5,22,224,120,104
050,45,081,"South Carolina","Saluda County",5,23,200,97,103
050,45,081,"South Carolina","Saluda County",5,24,208,112,96
050,45,081,"South Carolina","Saluda County",5,25,222,134,88
050,45,081,"South Carolina","Saluda County",5,26,194,103,91
050,45,081,"South Carolina","Saluda County",5,27,208,118,90
050,45,081,"South Carolina","Saluda County",5,28,201,120,81
050,45,081,"South Carolina","Saluda County",5,29,192,105,87
050,45,081,"South Carolina","Saluda County",5,30,196,100,96
050,45,081,"South Carolina","Saluda County",5,31,221,104,117
050,45,081,"South Carolina","Saluda County",5,32,228,109,119
050,45,081,"South Carolina","Saluda County",5,33,211,105,106
050,45,081,"South Carolina","Saluda County",5,34,215,114,101
050,45,081,"South Carolina","Saluda County",5,35,203,110,93
050,45,081,"South Carolina","Saluda County",5,36,205,119,86
050,45,081,"South Carolina","Saluda County",5,37,222,132,90
050,45,081,"South Carolina","Saluda County",5,38,226,111,115
050,45,081,"South Carolina","Saluda County",5,39,230,126,104
050,45,081,"South Carolina","Saluda County",5,40,224,135,89
050,45,081,"South Carolina","Saluda County",5,41,236,124,112
050,45,081,"South Carolina","Saluda County",5,42,235,114,121
050,45,081,"South Carolina","Saluda County",5,43,225,110,115
050,45,081,"South Carolina","Saluda County",5,44,194,97,97
050,45,081,"South Carolina","Saluda County",5,45,210,114,96
050,45,081,"South Carolina","Saluda County",5,46,227,116,111
050,45,081,"South Carolina","Saluda County",5,47,210,109,101
050,45,081,"South Carolina","Saluda County",5,48,207,102,105
050,45,081,"South Carolina","Saluda County",5,49,218,113,105
050,45,081,"South Carolina","Saluda County",5,50,251,135,116
050,45,081,"South Carolina","Saluda County",5,51,257,143,114
050,45,081,"South Carolina","Saluda County",5,52,284,136,148
050,45,081,"South Carolina","Saluda County",5,53,249,120,129
050,45,081,"South Carolina","Saluda County",5,54,256,124,132
050,45,081,"South Carolina","Saluda County",5,55,233,132,101
050,45,081,"South Carolina","Saluda County",5,56,264,127,137
050,45,081,"South Carolina","Saluda County",5,57,277,134,143
050,45,081,"South Carolina","Saluda County",5,58,282,143,139
050,45,081,"South Carolina","Saluda County",5,59,304,140,164
050,45,081,"South Carolina","Saluda County",5,60,312,162,150
050,45,081,"South Carolina","Saluda County",5,61,299,135,164
050,45,081,"South Carolina","Saluda County",5,62,291,130,161
050,45,081,"South Carolina","Saluda County",5,63,291,153,138
050,45,081,"South Carolina","Saluda County",5,64,280,141,139
050,45,081,"South Carolina","Saluda County",5,65,247,123,124
050,45,081,"South Carolina","Saluda County",5,66,248,127,121
050,45,081,"South Carolina","Saluda County",5,67,252,125,127
050,45,081,"South Carolina","Saluda County",5,68,274,137,137
050,45,081,"South Carolina","Saluda County",5,69,232,114,118
050,45,081,"South Carolina","Saluda County",5,70,232,115,117
050,45,081,"South Carolina","Saluda County",5,71,207,103,104
050,45,081,"South Carolina","Saluda County",5,72,192,92,100
050,45,081,"South Carolina","Saluda County",5,73,191,93,98
050,45,081,"South Carolina","Saluda County",5,74,180,87,93
050,45,081,"South Carolina","Saluda County",5,75,187,82,105
050,45,081,"South Carolina","Saluda County",5,76,189,89,100
050,45,081,"South Carolina","Saluda County",5,77,140,67,73
050,45,081,"South Carolina","Saluda County",5,78,153,74,79
050,45,081,"South Carolina","Saluda County",5,79,134,58,76
050,45,081,"South Carolina","Saluda County",5,80,137,63,74
050,45,081,"South Carolina","Saluda County",5,81,110,52,58
050,45,081,"South Carolina","Saluda County",5,82,104,47,57
050,45,081,"South Carolina","Saluda County",5,83,97,42,55
050,45,081,"South Carolina","Saluda County",5,84,81,38,43
050,45,081,"South Carolina","Saluda County",5,85,428,172,256
050,45,083,"South Carolina","Spartanburg County",1,0,3899,2000,1899
050,45,083,"South Carolina","Spartanburg County",1,1,4011,2067,1944
050,45,083,"South Carolina","Spartanburg County",1,2,4040,2072,1968
050,45,083,"South Carolina","Spartanburg County",1,3,4062,2082,1980
050,45,083,"South Carolina","Spartanburg County",1,4,4060,2116,1944
050,45,083,"South Carolina","Spartanburg County",1,5,4126,2061,2065
050,45,083,"South Carolina","Spartanburg County",1,6,4078,2087,1991
050,45,083,"South Carolina","Spartanburg County",1,7,4137,2145,1992
050,45,083,"South Carolina","Spartanburg County",1,8,4187,2143,2044
050,45,083,"South Carolina","Spartanburg County",1,9,4204,2099,2105
050,45,083,"South Carolina","Spartanburg County",1,10,4483,2209,2274
050,45,083,"South Carolina","Spartanburg County",1,11,4672,2288,2384
050,45,083,"South Carolina","Spartanburg County",1,12,4719,2374,2345
050,45,083,"South Carolina","Spartanburg County",1,13,4704,2421,2283
050,45,083,"South Carolina","Spartanburg County",1,14,4471,2326,2145
050,45,083,"South Carolina","Spartanburg County",1,15,4338,2240,2098
050,45,083,"South Carolina","Spartanburg County",1,16,4391,2234,2157
050,45,083,"South Carolina","Spartanburg County",1,17,4456,2298,2158
050,45,083,"South Carolina","Spartanburg County",1,18,4391,2231,2160
050,45,083,"South Carolina","Spartanburg County",1,19,4373,2119,2254
050,45,083,"South Carolina","Spartanburg County",1,20,4195,2084,2111
050,45,083,"South Carolina","Spartanburg County",1,21,4081,2030,2051
050,45,083,"South Carolina","Spartanburg County",1,22,4034,2049,1985
050,45,083,"South Carolina","Spartanburg County",1,23,3891,1906,1985
050,45,083,"South Carolina","Spartanburg County",1,24,4113,2039,2074
050,45,083,"South Carolina","Spartanburg County",1,25,4244,2164,2080
050,45,083,"South Carolina","Spartanburg County",1,26,4355,2140,2215
050,45,083,"South Carolina","Spartanburg County",1,27,4609,2260,2349
050,45,083,"South Carolina","Spartanburg County",1,28,4716,2302,2414
050,45,083,"South Carolina","Spartanburg County",1,29,5035,2465,2570
050,45,083,"South Carolina","Spartanburg County",1,30,5008,2410,2598
050,45,083,"South Carolina","Spartanburg County",1,31,4660,2216,2444
050,45,083,"South Carolina","Spartanburg County",1,32,4441,2150,2291
050,45,083,"South Carolina","Spartanburg County",1,33,4255,2092,2163
050,45,083,"South Carolina","Spartanburg County",1,34,4117,2022,2095
050,45,083,"South Carolina","Spartanburg County",1,35,4161,2077,2084
050,45,083,"South Carolina","Spartanburg County",1,36,4030,2035,1995
050,45,083,"South Carolina","Spartanburg County",1,37,4011,1976,2035
050,45,083,"South Carolina","Spartanburg County",1,38,4090,1974,2116
050,45,083,"South Carolina","Spartanburg County",1,39,3967,1956,2011
050,45,083,"South Carolina","Spartanburg County",1,40,3983,1990,1993
050,45,083,"South Carolina","Spartanburg County",1,41,3885,1934,1951
050,45,083,"South Carolina","Spartanburg County",1,42,3929,1924,2005
050,45,083,"South Carolina","Spartanburg County",1,43,3808,1848,1960
050,45,083,"South Carolina","Spartanburg County",1,44,3727,1845,1882
050,45,083,"South Carolina","Spartanburg County",1,45,3890,1942,1948
050,45,083,"South Carolina","Spartanburg County",1,46,3961,1944,2017
050,45,083,"South Carolina","Spartanburg County",1,47,4113,1999,2114
050,45,083,"South Carolina","Spartanburg County",1,48,4306,2138,2168
050,45,083,"South Carolina","Spartanburg County",1,49,4513,2265,2248
050,45,083,"South Carolina","Spartanburg County",1,50,4351,2157,2194
050,45,083,"South Carolina","Spartanburg County",1,51,4254,2122,2132
050,45,083,"South Carolina","Spartanburg County",1,52,4272,2095,2177
050,45,083,"South Carolina","Spartanburg County",1,53,4265,2132,2133
050,45,083,"South Carolina","Spartanburg County",1,54,4242,2095,2147
050,45,083,"South Carolina","Spartanburg County",1,55,4391,2183,2208
050,45,083,"South Carolina","Spartanburg County",1,56,4523,2272,2251
050,45,083,"South Carolina","Spartanburg County",1,57,4459,2193,2266
050,45,083,"South Carolina","Spartanburg County",1,58,4359,2145,2214
050,45,083,"South Carolina","Spartanburg County",1,59,4294,2097,2197
050,45,083,"South Carolina","Spartanburg County",1,60,4211,2061,2150
050,45,083,"South Carolina","Spartanburg County",1,61,4039,1975,2064
050,45,083,"South Carolina","Spartanburg County",1,62,3858,1845,2013
050,45,083,"South Carolina","Spartanburg County",1,63,3820,1820,2000
050,45,083,"South Carolina","Spartanburg County",1,64,3758,1763,1995
050,45,083,"South Carolina","Spartanburg County",1,65,3783,1769,2014
050,45,083,"South Carolina","Spartanburg County",1,66,3628,1705,1923
050,45,083,"South Carolina","Spartanburg County",1,67,3507,1648,1859
050,45,083,"South Carolina","Spartanburg County",1,68,3508,1622,1886
050,45,083,"South Carolina","Spartanburg County",1,69,3248,1467,1781
050,45,083,"South Carolina","Spartanburg County",1,70,3143,1441,1702
050,45,083,"South Carolina","Spartanburg County",1,71,3064,1407,1657
050,45,083,"South Carolina","Spartanburg County",1,72,3041,1431,1610
050,45,083,"South Carolina","Spartanburg County",1,73,3100,1478,1622
050,45,083,"South Carolina","Spartanburg County",1,74,2194,1036,1158
050,45,083,"South Carolina","Spartanburg County",1,75,2138,963,1175
050,45,083,"South Carolina","Spartanburg County",1,76,2111,937,1174
050,45,083,"South Carolina","Spartanburg County",1,77,2127,940,1187
050,45,083,"South Carolina","Spartanburg County",1,78,1811,784,1027
050,45,083,"South Carolina","Spartanburg County",1,79,1588,650,938
050,45,083,"South Carolina","Spartanburg County",1,80,1461,603,858
050,45,083,"South Carolina","Spartanburg County",1,81,1384,593,791
050,45,083,"South Carolina","Spartanburg County",1,82,1204,504,700
050,45,083,"South Carolina","Spartanburg County",1,83,1037,421,616
050,45,083,"South Carolina","Spartanburg County",1,84,929,375,554
050,45,083,"South Carolina","Spartanburg County",1,85,4960,1643,3317
050,45,083,"South Carolina","Spartanburg County",2,0,3835,1969,1866
050,45,083,"South Carolina","Spartanburg County",2,1,4013,2065,1948
050,45,083,"South Carolina","Spartanburg County",2,2,4058,2087,1971
050,45,083,"South Carolina","Spartanburg County",2,3,4061,2080,1981
050,45,083,"South Carolina","Spartanburg County",2,4,4096,2123,1973
050,45,083,"South Carolina","Spartanburg County",2,5,4136,2086,2050
050,45,083,"South Carolina","Spartanburg County",2,6,4116,2092,2024
050,45,083,"South Carolina","Spartanburg County",2,7,4143,2142,2001
050,45,083,"South Carolina","Spartanburg County",2,8,4188,2159,2029
050,45,083,"South Carolina","Spartanburg County",2,9,4220,2121,2099
050,45,083,"South Carolina","Spartanburg County",2,10,4437,2193,2244
050,45,083,"South Carolina","Spartanburg County",2,11,4626,2272,2354
050,45,083,"South Carolina","Spartanburg County",2,12,4762,2383,2379
050,45,083,"South Carolina","Spartanburg County",2,13,4723,2419,2304
050,45,083,"South Carolina","Spartanburg County",2,14,4549,2357,2192
050,45,083,"South Carolina","Spartanburg County",2,15,4395,2275,2120
050,45,083,"South Carolina","Spartanburg County",2,16,4396,2240,2156
050,45,083,"South Carolina","Spartanburg County",2,17,4457,2292,2165
050,45,083,"South Carolina","Spartanburg County",2,18,4393,2227,2166
050,45,083,"South Carolina","Spartanburg County",2,19,4408,2144,2264
050,45,083,"South Carolina","Spartanburg County",2,20,4242,2107,2135
050,45,083,"South Carolina","Spartanburg County",2,21,4110,2031,2079
050,45,083,"South Carolina","Spartanburg County",2,22,4056,2048,2008
050,45,083,"South Carolina","Spartanburg County",2,23,3933,1944,1989
050,45,083,"South Carolina","Spartanburg County",2,24,4089,2026,2063
050,45,083,"South Carolina","Spartanburg County",2,25,4237,2142,2095
050,45,083,"South Carolina","Spartanburg County",2,26,4362,2166,2196
050,45,083,"South Carolina","Spartanburg County",2,27,4578,2247,2331
050,45,083,"South Carolina","Spartanburg County",2,28,4715,2301,2414
050,45,083,"South Carolina","Spartanburg County",2,29,4979,2433,2546
050,45,083,"South Carolina","Spartanburg County",2,30,5081,2447,2634
050,45,083,"South Carolina","Spartanburg County",2,31,4740,2260,2480
050,45,083,"South Carolina","Spartanburg County",2,32,4496,2163,2333
050,45,083,"South Carolina","Spartanburg County",2,33,4301,2101,2200
050,45,083,"South Carolina","Spartanburg County",2,34,4164,2043,2121
050,45,083,"South Carolina","Spartanburg County",2,35,4220,2100,2120
050,45,083,"South Carolina","Spartanburg County",2,36,4039,2026,2013
050,45,083,"South Carolina","Spartanburg County",2,37,4041,1996,2045
050,45,083,"South Carolina","Spartanburg County",2,38,4104,1987,2117
050,45,083,"South Carolina","Spartanburg County",2,39,3994,1956,2038
050,45,083,"South Carolina","Spartanburg County",2,40,4030,2007,2023
050,45,083,"South Carolina","Spartanburg County",2,41,3919,1945,1974
050,45,083,"South Carolina","Spartanburg County",2,42,3919,1929,1990
050,45,083,"South Carolina","Spartanburg County",2,43,3874,1884,1990
050,45,083,"South Carolina","Spartanburg County",2,44,3726,1834,1892
050,45,083,"South Carolina","Spartanburg County",2,45,3893,1939,1954
050,45,083,"South Carolina","Spartanburg County",2,46,3936,1935,2001
050,45,083,"South Carolina","Spartanburg County",2,47,4082,1984,2098
050,45,083,"South Carolina","Spartanburg County",2,48,4283,2117,2166
050,45,083,"South Carolina","Spartanburg County",2,49,4498,2255,2243
050,45,083,"South Carolina","Spartanburg County",2,50,4407,2194,2213
050,45,083,"South Carolina","Spartanburg County",2,51,4260,2119,2141
050,45,083,"South Carolina","Spartanburg County",2,52,4270,2097,2173
050,45,083,"South Carolina","Spartanburg County",2,53,4281,2131,2150
050,45,083,"South Carolina","Spartanburg County",2,54,4255,2103,2152
050,45,083,"South Carolina","Spartanburg County",2,55,4368,2167,2201
050,45,083,"South Carolina","Spartanburg County",2,56,4513,2257,2256
050,45,083,"South Carolina","Spartanburg County",2,57,4485,2217,2268
050,45,083,"South Carolina","Spartanburg County",2,58,4397,2160,2237
050,45,083,"South Carolina","Spartanburg County",2,59,4333,2121,2212
050,45,083,"South Carolina","Spartanburg County",2,60,4228,2070,2158
050,45,083,"South Carolina","Spartanburg County",2,61,4065,1984,2081
050,45,083,"South Carolina","Spartanburg County",2,62,3895,1867,2028
050,45,083,"South Carolina","Spartanburg County",2,63,3855,1834,2021
050,45,083,"South Carolina","Spartanburg County",2,64,3750,1767,1983
050,45,083,"South Carolina","Spartanburg County",2,65,3778,1767,2011
050,45,083,"South Carolina","Spartanburg County",2,66,3675,1724,1951
050,45,083,"South Carolina","Spartanburg County",2,67,3525,1656,1869
050,45,083,"South Carolina","Spartanburg County",2,68,3488,1618,1870
050,45,083,"South Carolina","Spartanburg County",2,69,3314,1506,1808
050,45,083,"South Carolina","Spartanburg County",2,70,3157,1441,1716
050,45,083,"South Carolina","Spartanburg County",2,71,3061,1401,1660
050,45,083,"South Carolina","Spartanburg County",2,72,2988,1400,1588
050,45,083,"South Carolina","Spartanburg County",2,73,3211,1530,1681
050,45,083,"South Carolina","Spartanburg County",2,74,2270,1074,1196
050,45,083,"South Carolina","Spartanburg County",2,75,2150,979,1171
050,45,083,"South Carolina","Spartanburg County",2,76,2092,932,1160
050,45,083,"South Carolina","Spartanburg County",2,77,2147,949,1198
050,45,083,"South Carolina","Spartanburg County",2,78,1831,799,1032
050,45,083,"South Carolina","Spartanburg County",2,79,1629,679,950
050,45,083,"South Carolina","Spartanburg County",2,80,1470,607,863
050,45,083,"South Carolina","Spartanburg County",2,81,1373,581,792
050,45,083,"South Carolina","Spartanburg County",2,82,1233,514,719
050,45,083,"South Carolina","Spartanburg County",2,83,1058,435,623
050,45,083,"South Carolina","Spartanburg County",2,84,935,378,557
050,45,083,"South Carolina","Spartanburg County",2,85,4979,1671,3308
050,45,083,"South Carolina","Spartanburg County",3,0,3758,1897,1861
050,45,083,"South Carolina","Spartanburg County",3,1,4022,2066,1956
050,45,083,"South Carolina","Spartanburg County",3,2,4125,2111,2014
050,45,083,"South Carolina","Spartanburg County",3,3,4215,2185,2030
050,45,083,"South Carolina","Spartanburg County",3,4,4237,2179,2058
050,45,083,"South Carolina","Spartanburg County",3,5,4189,2168,2021
050,45,083,"South Carolina","Spartanburg County",3,6,4236,2133,2103
050,45,083,"South Carolina","Spartanburg County",3,7,4225,2157,2068
050,45,083,"South Carolina","Spartanburg County",3,8,4242,2208,2034
050,45,083,"South Carolina","Spartanburg County",3,9,4281,2199,2082
050,45,083,"South Carolina","Spartanburg County",3,10,4351,2185,2166
050,45,083,"South Carolina","Spartanburg County",3,11,4521,2250,2271
050,45,083,"South Carolina","Spartanburg County",3,12,4749,2356,2393
050,45,083,"South Carolina","Spartanburg County",3,13,4862,2450,2412
050,45,083,"South Carolina","Spartanburg County",3,14,4817,2458,2359
050,45,083,"South Carolina","Spartanburg County",3,15,4631,2429,2202
050,45,083,"South Carolina","Spartanburg County",3,16,4448,2298,2150
050,45,083,"South Carolina","Spartanburg County",3,17,4524,2285,2239
050,45,083,"South Carolina","Spartanburg County",3,18,4505,2269,2236
050,45,083,"South Carolina","Spartanburg County",3,19,4455,2186,2269
050,45,083,"South Carolina","Spartanburg County",3,20,4281,2155,2126
050,45,083,"South Carolina","Spartanburg County",3,21,4256,2070,2186
050,45,083,"South Carolina","Spartanburg County",3,22,4185,2096,2089
050,45,083,"South Carolina","Spartanburg County",3,23,4093,2054,2039
050,45,083,"South Carolina","Spartanburg County",3,24,4133,2041,2092
050,45,083,"South Carolina","Spartanburg County",3,25,4246,2115,2131
050,45,083,"South Carolina","Spartanburg County",3,26,4391,2207,2184
050,45,083,"South Carolina","Spartanburg County",3,27,4617,2277,2340
050,45,083,"South Carolina","Spartanburg County",3,28,4686,2281,2405
050,45,083,"South Carolina","Spartanburg County",3,29,4836,2397,2439
050,45,083,"South Carolina","Spartanburg County",3,30,5112,2499,2613
050,45,083,"South Carolina","Spartanburg County",3,31,5094,2439,2655
050,45,083,"South Carolina","Spartanburg County",3,32,4791,2291,2500
050,45,083,"South Carolina","Spartanburg County",3,33,4603,2199,2404
050,45,083,"South Carolina","Spartanburg County",3,34,4410,2173,2237
050,45,083,"South Carolina","Spartanburg County",3,35,4373,2155,2218
050,45,083,"South Carolina","Spartanburg County",3,36,4231,2096,2135
050,45,083,"South Carolina","Spartanburg County",3,37,4151,2083,2068
050,45,083,"South Carolina","Spartanburg County",3,38,4122,2014,2108
050,45,083,"South Carolina","Spartanburg County",3,39,4210,2028,2182
050,45,083,"South Carolina","Spartanburg County",3,40,4151,2028,2123
050,45,083,"South Carolina","Spartanburg County",3,41,4093,2027,2066
050,45,083,"South Carolina","Spartanburg County",3,42,3946,1969,1977
050,45,083,"South Carolina","Spartanburg County",3,43,3954,1949,2005
050,45,083,"South Carolina","Spartanburg County",3,44,3969,1935,2034
050,45,083,"South Carolina","Spartanburg County",3,45,3802,1872,1930
050,45,083,"South Carolina","Spartanburg County",3,46,3886,1916,1970
050,45,083,"South Carolina","Spartanburg County",3,47,3977,1942,2035
050,45,083,"South Carolina","Spartanburg County",3,48,4159,2021,2138
050,45,083,"South Carolina","Spartanburg County",3,49,4337,2160,2177
050,45,083,"South Carolina","Spartanburg County",3,50,4580,2303,2277
050,45,083,"South Carolina","Spartanburg County",3,51,4418,2196,2222
050,45,083,"South Carolina","Spartanburg County",3,52,4294,2124,2170
050,45,083,"South Carolina","Spartanburg County",3,53,4352,2137,2215
050,45,083,"South Carolina","Spartanburg County",3,54,4298,2120,2178
050,45,083,"South Carolina","Spartanburg County",3,55,4311,2165,2146
050,45,083,"South Carolina","Spartanburg County",3,56,4418,2154,2264
050,45,083,"South Carolina","Spartanburg County",3,57,4572,2309,2263
050,45,083,"South Carolina","Spartanburg County",3,58,4466,2221,2245
050,45,083,"South Carolina","Spartanburg County",3,59,4393,2136,2257
050,45,083,"South Carolina","Spartanburg County",3,60,4359,2130,2229
050,45,083,"South Carolina","Spartanburg County",3,61,4187,2041,2146
050,45,083,"South Carolina","Spartanburg County",3,62,4076,1972,2104
050,45,083,"South Carolina","Spartanburg County",3,63,3877,1859,2018
050,45,083,"South Carolina","Spartanburg County",3,64,3851,1842,2009
050,45,083,"South Carolina","Spartanburg County",3,65,3782,1778,2004
050,45,083,"South Carolina","Spartanburg County",3,66,3736,1744,1992
050,45,083,"South Carolina","Spartanburg County",3,67,3643,1717,1926
050,45,083,"South Carolina","Spartanburg County",3,68,3482,1625,1857
050,45,083,"South Carolina","Spartanburg County",3,69,3391,1559,1832
050,45,083,"South Carolina","Spartanburg County",3,70,3266,1475,1791
050,45,083,"South Carolina","Spartanburg County",3,71,3080,1383,1697
050,45,083,"South Carolina","Spartanburg County",3,72,3016,1374,1642
050,45,083,"South Carolina","Spartanburg County",3,73,2874,1321,1553
050,45,083,"South Carolina","Spartanburg County",3,74,3093,1460,1633
050,45,083,"South Carolina","Spartanburg County",3,75,2178,1011,1167
050,45,083,"South Carolina","Spartanburg County",3,76,2055,923,1132
050,45,083,"South Carolina","Spartanburg County",3,77,2013,885,1128
050,45,083,"South Carolina","Spartanburg County",3,78,1992,867,1125
050,45,083,"South Carolina","Spartanburg County",3,79,1735,750,985
050,45,083,"South Carolina","Spartanburg County",3,80,1488,626,862
050,45,083,"South Carolina","Spartanburg County",3,81,1345,536,809
050,45,083,"South Carolina","Spartanburg County",3,82,1275,533,742
050,45,083,"South Carolina","Spartanburg County",3,83,1140,471,669
050,45,083,"South Carolina","Spartanburg County",3,84,938,374,564
050,45,083,"South Carolina","Spartanburg County",3,85,4935,1654,3281
050,45,083,"South Carolina","Spartanburg County",4,0,3874,1961,1913
050,45,083,"South Carolina","Spartanburg County",4,1,3998,1990,2008
050,45,083,"South Carolina","Spartanburg County",4,2,4223,2179,2044
050,45,083,"South Carolina","Spartanburg County",4,3,4325,2195,2130
050,45,083,"South Carolina","Spartanburg County",4,4,4508,2325,2183
050,45,083,"South Carolina","Spartanburg County",4,5,4402,2253,2149
050,45,083,"South Carolina","Spartanburg County",4,6,4415,2281,2134
050,45,083,"South Carolina","Spartanburg County",4,7,4437,2239,2198
050,45,083,"South Carolina","Spartanburg County",4,8,4389,2233,2156
050,45,083,"South Carolina","Spartanburg County",4,9,4434,2303,2131
050,45,083,"South Carolina","Spartanburg County",4,10,4467,2299,2168
050,45,083,"South Carolina","Spartanburg County",4,11,4553,2298,2255
050,45,083,"South Carolina","Spartanburg County",4,12,4680,2324,2356
050,45,083,"South Carolina","Spartanburg County",4,13,4864,2397,2467
050,45,083,"South Carolina","Spartanburg County",4,14,5032,2518,2514
050,45,083,"South Carolina","Spartanburg County",4,15,5013,2550,2463
050,45,083,"South Carolina","Spartanburg County",4,16,4779,2490,2289
050,45,083,"South Carolina","Spartanburg County",4,17,4565,2342,2223
050,45,083,"South Carolina","Spartanburg County",4,18,4574,2282,2292
050,45,083,"South Carolina","Spartanburg County",4,19,4532,2231,2301
050,45,083,"South Carolina","Spartanburg County",4,20,4321,2201,2120
050,45,083,"South Carolina","Spartanburg County",4,21,4321,2153,2168
050,45,083,"South Carolina","Spartanburg County",4,22,4408,2160,2248
050,45,083,"South Carolina","Spartanburg County",4,23,4340,2141,2199
050,45,083,"South Carolina","Spartanburg County",4,24,4337,2188,2149
050,45,083,"South Carolina","Spartanburg County",4,25,4357,2152,2205
050,45,083,"South Carolina","Spartanburg County",4,26,4441,2205,2236
050,45,083,"South Carolina","Spartanburg County",4,27,4697,2360,2337
050,45,083,"South Carolina","Spartanburg County",4,28,4808,2336,2472
050,45,083,"South Carolina","Spartanburg County",4,29,4865,2393,2472
050,45,083,"South Carolina","Spartanburg County",4,30,5071,2493,2578
050,45,083,"South Carolina","Spartanburg County",4,31,5271,2584,2687
050,45,083,"South Carolina","Spartanburg County",4,32,5313,2560,2753
050,45,083,"South Carolina","Spartanburg County",4,33,4997,2367,2630
050,45,083,"South Carolina","Spartanburg County",4,34,4811,2312,2499
050,45,083,"South Carolina","Spartanburg County",4,35,4678,2332,2346
050,45,083,"South Carolina","Spartanburg County",4,36,4441,2179,2262
050,45,083,"South Carolina","Spartanburg County",4,37,4446,2188,2258
050,45,083,"South Carolina","Spartanburg County",4,38,4322,2146,2176
050,45,083,"South Carolina","Spartanburg County",4,39,4310,2109,2201
050,45,083,"South Carolina","Spartanburg County",4,40,4449,2166,2283
050,45,083,"South Carolina","Spartanburg County",4,41,4231,2045,2186
050,45,083,"South Carolina","Spartanburg County",4,42,4254,2142,2112
050,45,083,"South Carolina","Spartanburg County",4,43,4078,2015,2063
050,45,083,"South Carolina","Spartanburg County",4,44,4096,2007,2089
050,45,083,"South Carolina","Spartanburg County",4,45,4119,2021,2098
050,45,083,"South Carolina","Spartanburg County",4,46,3869,1883,1986
050,45,083,"South Carolina","Spartanburg County",4,47,4014,1984,2030
050,45,083,"South Carolina","Spartanburg County",4,48,4079,1989,2090
050,45,083,"South Carolina","Spartanburg County",4,49,4200,2051,2149
050,45,083,"South Carolina","Spartanburg County",4,50,4466,2225,2241
050,45,083,"South Carolina","Spartanburg County",4,51,4676,2348,2328
050,45,083,"South Carolina","Spartanburg County",4,52,4484,2215,2269
050,45,083,"South Carolina","Spartanburg County",4,53,4395,2194,2201
050,45,083,"South Carolina","Spartanburg County",4,54,4391,2142,2249
050,45,083,"South Carolina","Spartanburg County",4,55,4359,2180,2179
050,45,083,"South Carolina","Spartanburg County",4,56,4362,2159,2203
050,45,083,"South Carolina","Spartanburg County",4,57,4481,2181,2300
050,45,083,"South Carolina","Spartanburg County",4,58,4612,2333,2279
050,45,083,"South Carolina","Spartanburg County",4,59,4494,2226,2268
050,45,083,"South Carolina","Spartanburg County",4,60,4449,2148,2301
050,45,083,"South Carolina","Spartanburg County",4,61,4383,2148,2235
050,45,083,"South Carolina","Spartanburg County",4,62,4199,2055,2144
050,45,083,"South Carolina","Spartanburg County",4,63,4133,1987,2146
050,45,083,"South Carolina","Spartanburg County",4,64,3884,1862,2022
050,45,083,"South Carolina","Spartanburg County",4,65,3867,1846,2021
050,45,083,"South Carolina","Spartanburg County",4,66,3768,1771,1997
050,45,083,"South Carolina","Spartanburg County",4,67,3757,1726,2031
050,45,083,"South Carolina","Spartanburg County",4,68,3637,1706,1931
050,45,083,"South Carolina","Spartanburg County",4,69,3412,1589,1823
050,45,083,"South Carolina","Spartanburg County",4,70,3361,1534,1827
050,45,083,"South Carolina","Spartanburg County",4,71,3201,1422,1779
050,45,083,"South Carolina","Spartanburg County",4,72,3027,1355,1672
050,45,083,"South Carolina","Spartanburg County",4,73,2936,1336,1600
050,45,083,"South Carolina","Spartanburg County",4,74,2785,1285,1500
050,45,083,"South Carolina","Spartanburg County",4,75,3036,1420,1616
050,45,083,"South Carolina","Spartanburg County",4,76,2093,961,1132
050,45,083,"South Carolina","Spartanburg County",4,77,1992,894,1098
050,45,083,"South Carolina","Spartanburg County",4,78,1893,813,1080
050,45,083,"South Carolina","Spartanburg County",4,79,1904,829,1075
050,45,083,"South Carolina","Spartanburg County",4,80,1637,705,932
050,45,083,"South Carolina","Spartanburg County",4,81,1384,570,814
050,45,083,"South Carolina","Spartanburg County",4,82,1264,496,768
050,45,083,"South Carolina","Spartanburg County",4,83,1178,490,688
050,45,083,"South Carolina","Spartanburg County",4,84,1022,415,607
050,45,083,"South Carolina","Spartanburg County",4,85,5018,1701,3317
050,45,083,"South Carolina","Spartanburg County",5,0,3840,1949,1891
050,45,083,"South Carolina","Spartanburg County",5,1,4092,2052,2040
050,45,083,"South Carolina","Spartanburg County",5,2,4255,2164,2091
050,45,083,"South Carolina","Spartanburg County",5,3,4422,2288,2134
050,45,083,"South Carolina","Spartanburg County",5,4,4562,2298,2264
050,45,083,"South Carolina","Spartanburg County",5,5,4695,2428,2267
050,45,083,"South Carolina","Spartanburg County",5,6,4665,2382,2283
050,45,083,"South Carolina","Spartanburg County",5,7,4602,2357,2245
050,45,083,"South Carolina","Spartanburg County",5,8,4589,2352,2237
050,45,083,"South Carolina","Spartanburg County",5,9,4578,2320,2258
050,45,083,"South Carolina","Spartanburg County",5,10,4601,2369,2232
050,45,083,"South Carolina","Spartanburg County",5,11,4611,2383,2228
050,45,083,"South Carolina","Spartanburg County",5,12,4711,2359,2352
050,45,083,"South Carolina","Spartanburg County",5,13,4814,2392,2422
050,45,083,"South Carolina","Spartanburg County",5,14,5003,2469,2534
050,45,083,"South Carolina","Spartanburg County",5,15,5195,2606,2589
050,45,083,"South Carolina","Spartanburg County",5,16,5162,2614,2548
050,45,083,"South Carolina","Spartanburg County",5,17,4865,2526,2339
050,45,083,"South Carolina","Spartanburg County",5,18,4584,2314,2270
050,45,083,"South Carolina","Spartanburg County",5,19,4577,2240,2337
050,45,083,"South Carolina","Spartanburg County",5,20,4466,2290,2176
050,45,083,"South Carolina","Spartanburg County",5,21,4382,2181,2201
050,45,083,"South Carolina","Spartanburg County",5,22,4513,2223,2290
050,45,083,"South Carolina","Spartanburg County",5,23,4551,2231,2320
050,45,083,"South Carolina","Spartanburg County",5,24,4614,2274,2340
050,45,083,"South Carolina","Spartanburg County",5,25,4585,2290,2295
050,45,083,"South Carolina","Spartanburg County",5,26,4637,2288,2349
050,45,083,"South Carolina","Spartanburg County",5,27,4730,2346,2384
050,45,083,"South Carolina","Spartanburg County",5,28,4822,2442,2380
050,45,083,"South Carolina","Spartanburg County",5,29,4962,2425,2537
050,45,083,"South Carolina","Spartanburg County",5,30,5122,2543,2579
050,45,083,"South Carolina","Spartanburg County",5,31,5292,2626,2666
050,45,083,"South Carolina","Spartanburg County",5,32,5433,2660,2773
050,45,083,"South Carolina","Spartanburg County",5,33,5459,2621,2838
050,45,083,"South Carolina","Spartanburg County",5,34,5192,2451,2741
050,45,083,"South Carolina","Spartanburg County",5,35,5033,2423,2610
050,45,083,"South Carolina","Spartanburg County",5,36,4774,2386,2388
050,45,083,"South Carolina","Spartanburg County",5,37,4615,2271,2344
050,45,083,"South Carolina","Spartanburg County",5,38,4650,2289,2361
050,45,083,"South Carolina","Spartanburg County",5,39,4435,2198,2237
050,45,083,"South Carolina","Spartanburg County",5,40,4524,2222,2302
050,45,083,"South Carolina","Spartanburg County",5,41,4534,2194,2340
050,45,083,"South Carolina","Spartanburg County",5,42,4366,2106,2260
050,45,083,"South Carolina","Spartanburg County",5,43,4398,2214,2184
050,45,083,"South Carolina","Spartanburg County",5,44,4158,2056,2102
050,45,083,"South Carolina","Spartanburg County",5,45,4209,2074,2135
050,45,083,"South Carolina","Spartanburg County",5,46,4170,2043,2127
050,45,083,"South Carolina","Spartanburg County",5,47,3966,1943,2023
050,45,083,"South Carolina","Spartanburg County",5,48,4132,2026,2106
050,45,083,"South Carolina","Spartanburg County",5,49,4174,2031,2143
050,45,083,"South Carolina","Spartanburg County",5,50,4327,2105,2222
050,45,083,"South Carolina","Spartanburg County",5,51,4530,2258,2272
050,45,083,"South Carolina","Spartanburg County",5,52,4805,2416,2389
050,45,083,"South Carolina","Spartanburg County",5,53,4554,2266,2288
050,45,083,"South Carolina","Spartanburg County",5,54,4471,2240,2231
050,45,083,"South Carolina","Spartanburg County",5,55,4470,2184,2286
050,45,083,"South Carolina","Spartanburg County",5,56,4400,2194,2206
050,45,083,"South Carolina","Spartanburg County",5,57,4420,2191,2229
050,45,083,"South Carolina","Spartanburg County",5,58,4549,2218,2331
050,45,083,"South Carolina","Spartanburg County",5,59,4666,2342,2324
050,45,083,"South Carolina","Spartanburg County",5,60,4596,2277,2319
050,45,083,"South Carolina","Spartanburg County",5,61,4466,2144,2322
050,45,083,"South Carolina","Spartanburg County",5,62,4366,2142,2224
050,45,083,"South Carolina","Spartanburg County",5,63,4263,2065,2198
050,45,083,"South Carolina","Spartanburg County",5,64,4179,2018,2161
050,45,083,"South Carolina","Spartanburg County",5,65,3953,1898,2055
050,45,083,"South Carolina","Spartanburg County",5,66,3898,1846,2052
050,45,083,"South Carolina","Spartanburg County",5,67,3789,1752,2037
050,45,083,"South Carolina","Spartanburg County",5,68,3772,1731,2041
050,45,083,"South Carolina","Spartanburg County",5,69,3603,1685,1918
050,45,083,"South Carolina","Spartanburg County",5,70,3407,1578,1829
050,45,083,"South Carolina","Spartanburg County",5,71,3290,1476,1814
050,45,083,"South Carolina","Spartanburg County",5,72,3177,1406,1771
050,45,083,"South Carolina","Spartanburg County",5,73,2963,1317,1646
050,45,083,"South Carolina","Spartanburg County",5,74,2877,1300,1577
050,45,083,"South Carolina","Spartanburg County",5,75,2740,1259,1481
050,45,083,"South Carolina","Spartanburg County",5,76,2952,1381,1571
050,45,083,"South Carolina","Spartanburg County",5,77,2037,929,1108
050,45,083,"South Carolina","Spartanburg County",5,78,1897,841,1056
050,45,083,"South Carolina","Spartanburg County",5,79,1834,784,1050
050,45,083,"South Carolina","Spartanburg County",5,80,1813,778,1035
050,45,083,"South Carolina","Spartanburg County",5,81,1518,651,867
050,45,083,"South Carolina","Spartanburg County",5,82,1302,531,771
050,45,083,"South Carolina","Spartanburg County",5,83,1192,463,729
050,45,083,"South Carolina","Spartanburg County",5,84,1076,450,626
050,45,083,"South Carolina","Spartanburg County",5,85,5225,1796,3429
050,45,085,"South Carolina","Sumter County",1,0,1346,683,663
050,45,085,"South Carolina","Sumter County",1,1,1409,712,697
050,45,085,"South Carolina","Sumter County",1,2,1379,697,682
050,45,085,"South Carolina","Sumter County",1,3,1386,727,659
050,45,085,"South Carolina","Sumter County",1,4,1455,755,700
050,45,085,"South Carolina","Sumter County",1,5,1465,759,706
050,45,085,"South Carolina","Sumter County",1,6,1424,736,688
050,45,085,"South Carolina","Sumter County",1,7,1382,709,673
050,45,085,"South Carolina","Sumter County",1,8,1365,703,662
050,45,085,"South Carolina","Sumter County",1,9,1348,674,674
050,45,085,"South Carolina","Sumter County",1,10,1467,728,739
050,45,085,"South Carolina","Sumter County",1,11,1498,751,747
050,45,085,"South Carolina","Sumter County",1,12,1469,738,731
050,45,085,"South Carolina","Sumter County",1,13,1489,749,740
050,45,085,"South Carolina","Sumter County",1,14,1452,728,724
050,45,085,"South Carolina","Sumter County",1,15,1393,688,705
050,45,085,"South Carolina","Sumter County",1,16,1370,684,686
050,45,085,"South Carolina","Sumter County",1,17,1347,656,691
050,45,085,"South Carolina","Sumter County",1,18,1231,611,620
050,45,085,"South Carolina","Sumter County",1,19,1268,672,596
050,45,085,"South Carolina","Sumter County",1,20,1452,817,635
050,45,085,"South Carolina","Sumter County",1,21,1565,845,720
050,45,085,"South Carolina","Sumter County",1,22,1518,809,709
050,45,085,"South Carolina","Sumter County",1,23,1558,823,735
050,45,085,"South Carolina","Sumter County",1,24,1526,825,701
050,45,085,"South Carolina","Sumter County",1,25,1483,765,718
050,45,085,"South Carolina","Sumter County",1,26,1506,775,731
050,45,085,"South Carolina","Sumter County",1,27,1534,779,755
050,45,085,"South Carolina","Sumter County",1,28,1612,821,791
050,45,085,"South Carolina","Sumter County",1,29,1582,772,810
050,45,085,"South Carolina","Sumter County",1,30,1528,761,767
050,45,085,"South Carolina","Sumter County",1,31,1461,691,770
050,45,085,"South Carolina","Sumter County",1,32,1417,665,752
050,45,085,"South Carolina","Sumter County",1,33,1309,637,672
050,45,085,"South Carolina","Sumter County",1,34,1322,645,677
050,45,085,"South Carolina","Sumter County",1,35,1263,632,631
050,45,085,"South Carolina","Sumter County",1,36,1257,607,650
050,45,085,"South Carolina","Sumter County",1,37,1303,629,674
050,45,085,"South Carolina","Sumter County",1,38,1265,614,651
050,45,085,"South Carolina","Sumter County",1,39,1212,567,645
050,45,085,"South Carolina","Sumter County",1,40,1203,559,644
050,45,085,"South Carolina","Sumter County",1,41,1187,554,633
050,45,085,"South Carolina","Sumter County",1,42,1191,554,637
050,45,085,"South Carolina","Sumter County",1,43,1107,528,579
050,45,085,"South Carolina","Sumter County",1,44,1037,485,552
050,45,085,"South Carolina","Sumter County",1,45,1084,508,576
050,45,085,"South Carolina","Sumter County",1,46,1046,502,544
050,45,085,"South Carolina","Sumter County",1,47,1100,523,577
050,45,085,"South Carolina","Sumter County",1,48,1166,533,633
050,45,085,"South Carolina","Sumter County",1,49,1272,582,690
050,45,085,"South Carolina","Sumter County",1,50,1256,592,664
050,45,085,"South Carolina","Sumter County",1,51,1216,550,666
050,45,085,"South Carolina","Sumter County",1,52,1198,548,650
050,45,085,"South Carolina","Sumter County",1,53,1228,584,644
050,45,085,"South Carolina","Sumter County",1,54,1252,588,664
050,45,085,"South Carolina","Sumter County",1,55,1366,645,721
050,45,085,"South Carolina","Sumter County",1,56,1395,673,722
050,45,085,"South Carolina","Sumter County",1,57,1363,656,707
050,45,085,"South Carolina","Sumter County",1,58,1355,643,712
050,45,085,"South Carolina","Sumter County",1,59,1402,674,728
050,45,085,"South Carolina","Sumter County",1,60,1396,671,725
050,45,085,"South Carolina","Sumter County",1,61,1371,644,727
050,45,085,"South Carolina","Sumter County",1,62,1350,613,737
050,45,085,"South Carolina","Sumter County",1,63,1330,632,698
050,45,085,"South Carolina","Sumter County",1,64,1280,611,669
050,45,085,"South Carolina","Sumter County",1,65,1229,560,669
050,45,085,"South Carolina","Sumter County",1,66,1202,553,649
050,45,085,"South Carolina","Sumter County",1,67,1178,533,645
050,45,085,"South Carolina","Sumter County",1,68,1120,493,627
050,45,085,"South Carolina","Sumter County",1,69,1043,456,587
050,45,085,"South Carolina","Sumter County",1,70,1034,467,567
050,45,085,"South Carolina","Sumter County",1,71,990,435,555
050,45,085,"South Carolina","Sumter County",1,72,1016,442,574
050,45,085,"South Carolina","Sumter County",1,73,1008,452,556
050,45,085,"South Carolina","Sumter County",1,74,739,315,424
050,45,085,"South Carolina","Sumter County",1,75,703,295,408
050,45,085,"South Carolina","Sumter County",1,76,690,300,390
050,45,085,"South Carolina","Sumter County",1,77,667,308,359
050,45,085,"South Carolina","Sumter County",1,78,582,241,341
050,45,085,"South Carolina","Sumter County",1,79,568,230,338
050,45,085,"South Carolina","Sumter County",1,80,493,190,303
050,45,085,"South Carolina","Sumter County",1,81,468,183,285
050,45,085,"South Carolina","Sumter County",1,82,418,172,246
050,45,085,"South Carolina","Sumter County",1,83,375,134,241
050,45,085,"South Carolina","Sumter County",1,84,375,144,231
050,45,085,"South Carolina","Sumter County",1,85,1883,622,1261
050,45,085,"South Carolina","Sumter County",2,0,1376,691,685
050,45,085,"South Carolina","Sumter County",2,1,1390,698,692
050,45,085,"South Carolina","Sumter County",2,2,1384,699,685
050,45,085,"South Carolina","Sumter County",2,3,1380,718,662
050,45,085,"South Carolina","Sumter County",2,4,1436,742,694
050,45,085,"South Carolina","Sumter County",2,5,1456,752,704
050,45,085,"South Carolina","Sumter County",2,6,1431,739,692
050,45,085,"South Carolina","Sumter County",2,7,1387,712,675
050,45,085,"South Carolina","Sumter County",2,8,1359,697,662
050,45,085,"South Carolina","Sumter County",2,9,1352,683,669
050,45,085,"South Carolina","Sumter County",2,10,1430,711,719
050,45,085,"South Carolina","Sumter County",2,11,1482,744,738
050,45,085,"South Carolina","Sumter County",2,12,1477,743,734
050,45,085,"South Carolina","Sumter County",2,13,1484,749,735
050,45,085,"South Carolina","Sumter County",2,14,1458,732,726
050,45,085,"South Carolina","Sumter County",2,15,1406,698,708
050,45,085,"South Carolina","Sumter County",2,16,1370,682,688
050,45,085,"South Carolina","Sumter County",2,17,1350,661,689
050,45,085,"South Carolina","Sumter County",2,18,1240,616,624
050,45,085,"South Carolina","Sumter County",2,19,1269,666,603
050,45,085,"South Carolina","Sumter County",2,20,1460,815,645
050,45,085,"South Carolina","Sumter County",2,21,1545,837,708
050,45,085,"South Carolina","Sumter County",2,22,1534,817,717
050,45,085,"South Carolina","Sumter County",2,23,1563,828,735
050,45,085,"South Carolina","Sumter County",2,24,1511,808,703
050,45,085,"South Carolina","Sumter County",2,25,1484,772,712
050,45,085,"South Carolina","Sumter County",2,26,1496,768,728
050,45,085,"South Carolina","Sumter County",2,27,1517,771,746
050,45,085,"South Carolina","Sumter County",2,28,1588,809,779
050,45,085,"South Carolina","Sumter County",2,29,1585,784,801
050,45,085,"South Carolina","Sumter County",2,30,1539,762,777
050,45,085,"South Carolina","Sumter County",2,31,1476,708,768
050,45,085,"South Carolina","Sumter County",2,32,1415,664,751
050,45,085,"South Carolina","Sumter County",2,33,1336,647,689
050,45,085,"South Carolina","Sumter County",2,34,1312,640,672
050,45,085,"South Carolina","Sumter County",2,35,1278,632,646
050,45,085,"South Carolina","Sumter County",2,36,1246,607,639
050,45,085,"South Carolina","Sumter County",2,37,1289,623,666
050,45,085,"South Carolina","Sumter County",2,38,1262,609,653
050,45,085,"South Carolina","Sumter County",2,39,1210,570,640
050,45,085,"South Carolina","Sumter County",2,40,1206,559,647
050,45,085,"South Carolina","Sumter County",2,41,1189,556,633
050,45,085,"South Carolina","Sumter County",2,42,1180,547,633
050,45,085,"South Carolina","Sumter County",2,43,1143,543,600
050,45,085,"South Carolina","Sumter County",2,44,1036,484,552
050,45,085,"South Carolina","Sumter County",2,45,1074,502,572
050,45,085,"South Carolina","Sumter County",2,46,1046,501,545
050,45,085,"South Carolina","Sumter County",2,47,1085,516,569
050,45,085,"South Carolina","Sumter County",2,48,1146,527,619
050,45,085,"South Carolina","Sumter County",2,49,1254,576,678
050,45,085,"South Carolina","Sumter County",2,50,1265,591,674
050,45,085,"South Carolina","Sumter County",2,51,1217,556,661
050,45,085,"South Carolina","Sumter County",2,52,1201,548,653
050,45,085,"South Carolina","Sumter County",2,53,1216,572,644
050,45,085,"South Carolina","Sumter County",2,54,1245,587,658
050,45,085,"South Carolina","Sumter County",2,55,1337,631,706
050,45,085,"South Carolina","Sumter County",2,56,1389,666,723
050,45,085,"South Carolina","Sumter County",2,57,1363,655,708
050,45,085,"South Carolina","Sumter County",2,58,1360,647,713
050,45,085,"South Carolina","Sumter County",2,59,1389,662,727
050,45,085,"South Carolina","Sumter County",2,60,1390,670,720
050,45,085,"South Carolina","Sumter County",2,61,1367,644,723
050,45,085,"South Carolina","Sumter County",2,62,1342,612,730
050,45,085,"South Carolina","Sumter County",2,63,1337,630,707
050,45,085,"South Carolina","Sumter County",2,64,1273,603,670
050,45,085,"South Carolina","Sumter County",2,65,1236,568,668
050,45,085,"South Carolina","Sumter County",2,66,1206,554,652
050,45,085,"South Carolina","Sumter County",2,67,1180,537,643
050,45,085,"South Carolina","Sumter County",2,68,1121,494,627
050,45,085,"South Carolina","Sumter County",2,69,1067,468,599
050,45,085,"South Carolina","Sumter County",2,70,1033,465,568
050,45,085,"South Carolina","Sumter County",2,71,993,436,557
050,45,085,"South Carolina","Sumter County",2,72,996,434,562
050,45,085,"South Carolina","Sumter County",2,73,1044,466,578
050,45,085,"South Carolina","Sumter County",2,74,746,325,421
050,45,085,"South Carolina","Sumter County",2,75,719,304,415
050,45,085,"South Carolina","Sumter County",2,76,684,293,391
050,45,085,"South Carolina","Sumter County",2,77,672,305,367
050,45,085,"South Carolina","Sumter County",2,78,589,253,336
050,45,085,"South Carolina","Sumter County",2,79,565,229,336
050,45,085,"South Carolina","Sumter County",2,80,506,196,310
050,45,085,"South Carolina","Sumter County",2,81,461,178,283
050,45,085,"South Carolina","Sumter County",2,82,418,166,252
050,45,085,"South Carolina","Sumter County",2,83,380,142,238
050,45,085,"South Carolina","Sumter County",2,84,367,138,229
050,45,085,"South Carolina","Sumter County",2,85,1880,622,1258
050,45,085,"South Carolina","Sumter County",3,0,1335,689,646
050,45,085,"South Carolina","Sumter County",3,1,1377,701,676
050,45,085,"South Carolina","Sumter County",3,2,1349,682,667
050,45,085,"South Carolina","Sumter County",3,3,1371,699,672
050,45,085,"South Carolina","Sumter County",3,4,1368,720,648
050,45,085,"South Carolina","Sumter County",3,5,1451,742,709
050,45,085,"South Carolina","Sumter County",3,6,1397,722,675
050,45,085,"South Carolina","Sumter County",3,7,1430,749,681
050,45,085,"South Carolina","Sumter County",3,8,1371,701,670
050,45,085,"South Carolina","Sumter County",3,9,1347,679,668
050,45,085,"South Carolina","Sumter County",3,10,1330,669,661
050,45,085,"South Carolina","Sumter County",3,11,1404,707,697
050,45,085,"South Carolina","Sumter County",3,12,1439,719,720
050,45,085,"South Carolina","Sumter County",3,13,1463,737,726
050,45,085,"South Carolina","Sumter County",3,14,1459,741,718
050,45,085,"South Carolina","Sumter County",3,15,1443,737,706
050,45,085,"South Carolina","Sumter County",3,16,1403,709,694
050,45,085,"South Carolina","Sumter County",3,17,1359,681,678
050,45,085,"South Carolina","Sumter County",3,18,1215,620,595
050,45,085,"South Carolina","Sumter County",3,19,1235,633,602
050,45,085,"South Carolina","Sumter County",3,20,1528,860,668
050,45,085,"South Carolina","Sumter County",3,21,1552,849,703
050,45,085,"South Carolina","Sumter County",3,22,1580,855,725
050,45,085,"South Carolina","Sumter County",3,23,1645,872,773
050,45,085,"South Carolina","Sumter County",3,24,1516,798,718
050,45,085,"South Carolina","Sumter County",3,25,1451,768,683
050,45,085,"South Carolina","Sumter County",3,26,1413,742,671
050,45,085,"South Carolina","Sumter County",3,27,1496,747,749
050,45,085,"South Carolina","Sumter County",3,28,1468,736,732
050,45,085,"South Carolina","Sumter County",3,29,1563,793,770
050,45,085,"South Carolina","Sumter County",3,30,1597,802,795
050,45,085,"South Carolina","Sumter County",3,31,1495,724,771
050,45,085,"South Carolina","Sumter County",3,32,1442,688,754
050,45,085,"South Carolina","Sumter County",3,33,1370,646,724
050,45,085,"South Carolina","Sumter County",3,34,1316,635,681
050,45,085,"South Carolina","Sumter County",3,35,1292,624,668
050,45,085,"South Carolina","Sumter County",3,36,1269,647,622
050,45,085,"South Carolina","Sumter County",3,37,1232,597,635
050,45,085,"South Carolina","Sumter County",3,38,1249,583,666
050,45,085,"South Carolina","Sumter County",3,39,1253,598,655
050,45,085,"South Carolina","Sumter County",3,40,1212,579,633
050,45,085,"South Carolina","Sumter County",3,41,1175,559,616
050,45,085,"South Carolina","Sumter County",3,42,1155,537,618
050,45,085,"South Carolina","Sumter County",3,43,1182,556,626
050,45,085,"South Carolina","Sumter County",3,44,1103,521,582
050,45,085,"South Carolina","Sumter County",3,45,1002,462,540
050,45,085,"South Carolina","Sumter County",3,46,1038,481,557
050,45,085,"South Carolina","Sumter County",3,47,1039,502,537
050,45,085,"South Carolina","Sumter County",3,48,1062,507,555
050,45,085,"South Carolina","Sumter County",3,49,1136,525,611
050,45,085,"South Carolina","Sumter County",3,50,1238,552,686
050,45,085,"South Carolina","Sumter County",3,51,1226,576,650
050,45,085,"South Carolina","Sumter County",3,52,1207,556,651
050,45,085,"South Carolina","Sumter County",3,53,1179,527,652
050,45,085,"South Carolina","Sumter County",3,54,1209,569,640
050,45,085,"South Carolina","Sumter County",3,55,1229,573,656
050,45,085,"South Carolina","Sumter County",3,56,1332,622,710
050,45,085,"South Carolina","Sumter County",3,57,1348,655,693
050,45,085,"South Carolina","Sumter County",3,58,1369,655,714
050,45,085,"South Carolina","Sumter County",3,59,1323,631,692
050,45,085,"South Carolina","Sumter County",3,60,1359,644,715
050,45,085,"South Carolina","Sumter County",3,61,1368,646,722
050,45,085,"South Carolina","Sumter County",3,62,1366,651,715
050,45,085,"South Carolina","Sumter County",3,63,1330,615,715
050,45,085,"South Carolina","Sumter County",3,64,1297,607,690
050,45,085,"South Carolina","Sumter County",3,65,1248,588,660
050,45,085,"South Carolina","Sumter County",3,66,1196,535,661
050,45,085,"South Carolina","Sumter County",3,67,1168,533,635
050,45,085,"South Carolina","Sumter County",3,68,1142,508,634
050,45,085,"South Carolina","Sumter County",3,69,1082,464,618
050,45,085,"South Carolina","Sumter County",3,70,1046,464,582
050,45,085,"South Carolina","Sumter County",3,71,994,434,560
050,45,085,"South Carolina","Sumter County",3,72,956,417,539
050,45,085,"South Carolina","Sumter County",3,73,970,422,548
050,45,085,"South Carolina","Sumter County",3,74,999,430,569
050,45,085,"South Carolina","Sumter County",3,75,734,320,414
050,45,085,"South Carolina","Sumter County",3,76,688,281,407
050,45,085,"South Carolina","Sumter County",3,77,626,266,360
050,45,085,"South Carolina","Sumter County",3,78,653,286,367
050,45,085,"South Carolina","Sumter County",3,79,554,229,325
050,45,085,"South Carolina","Sumter County",3,80,528,216,312
050,45,085,"South Carolina","Sumter County",3,81,468,181,287
050,45,085,"South Carolina","Sumter County",3,82,413,157,256
050,45,085,"South Carolina","Sumter County",3,83,389,153,236
050,45,085,"South Carolina","Sumter County",3,84,343,129,214
050,45,085,"South Carolina","Sumter County",3,85,1900,627,1273
050,45,085,"South Carolina","Sumter County",4,0,1323,671,652
050,45,085,"South Carolina","Sumter County",4,1,1328,677,651
050,45,085,"South Carolina","Sumter County",4,2,1327,666,661
050,45,085,"South Carolina","Sumter County",4,3,1299,660,639
050,45,085,"South Carolina","Sumter County",4,4,1348,679,669
050,45,085,"South Carolina","Sumter County",4,5,1318,692,626
050,45,085,"South Carolina","Sumter County",4,6,1415,712,703
050,45,085,"South Carolina","Sumter County",4,7,1385,732,653
050,45,085,"South Carolina","Sumter County",4,8,1416,738,678
050,45,085,"South Carolina","Sumter County",4,9,1329,663,666
050,45,085,"South Carolina","Sumter County",4,10,1339,667,672
050,45,085,"South Carolina","Sumter County",4,11,1326,670,656
050,45,085,"South Carolina","Sumter County",4,12,1388,703,685
050,45,085,"South Carolina","Sumter County",4,13,1427,709,718
050,45,085,"South Carolina","Sumter County",4,14,1429,717,712
050,45,085,"South Carolina","Sumter County",4,15,1437,732,705
050,45,085,"South Carolina","Sumter County",4,16,1436,735,701
050,45,085,"South Carolina","Sumter County",4,17,1384,697,687
050,45,085,"South Carolina","Sumter County",4,18,1223,639,584
050,45,085,"South Carolina","Sumter County",4,19,1183,621,562
050,45,085,"South Carolina","Sumter County",4,20,1392,757,635
050,45,085,"South Carolina","Sumter County",4,21,1552,845,707
050,45,085,"South Carolina","Sumter County",4,22,1552,824,728
050,45,085,"South Carolina","Sumter County",4,23,1607,871,736
050,45,085,"South Carolina","Sumter County",4,24,1583,846,737
050,45,085,"South Carolina","Sumter County",4,25,1457,749,708
050,45,085,"South Carolina","Sumter County",4,26,1398,739,659
050,45,085,"South Carolina","Sumter County",4,27,1409,713,696
050,45,085,"South Carolina","Sumter County",4,28,1477,728,749
050,45,085,"South Carolina","Sumter County",4,29,1420,711,709
050,45,085,"South Carolina","Sumter County",4,30,1528,800,728
050,45,085,"South Carolina","Sumter County",4,31,1537,749,788
050,45,085,"South Carolina","Sumter County",4,32,1460,695,765
050,45,085,"South Carolina","Sumter County",4,33,1409,683,726
050,45,085,"South Carolina","Sumter County",4,34,1343,638,705
050,45,085,"South Carolina","Sumter County",4,35,1263,599,664
050,45,085,"South Carolina","Sumter County",4,36,1298,638,660
050,45,085,"South Carolina","Sumter County",4,37,1241,637,604
050,45,085,"South Carolina","Sumter County",4,38,1205,581,624
050,45,085,"South Carolina","Sumter County",4,39,1208,570,638
050,45,085,"South Carolina","Sumter County",4,40,1252,593,659
050,45,085,"South Carolina","Sumter County",4,41,1178,570,608
050,45,085,"South Carolina","Sumter County",4,42,1142,536,606
050,45,085,"South Carolina","Sumter County",4,43,1128,517,611
050,45,085,"South Carolina","Sumter County",4,44,1178,565,613
050,45,085,"South Carolina","Sumter County",4,45,1103,532,571
050,45,085,"South Carolina","Sumter County",4,46,987,445,542
050,45,085,"South Carolina","Sumter County",4,47,1047,480,567
050,45,085,"South Carolina","Sumter County",4,48,1011,486,525
050,45,085,"South Carolina","Sumter County",4,49,1091,531,560
050,45,085,"South Carolina","Sumter County",4,50,1098,496,602
050,45,085,"South Carolina","Sumter County",4,51,1220,550,670
050,45,085,"South Carolina","Sumter County",4,52,1230,575,655
050,45,085,"South Carolina","Sumter County",4,53,1190,529,661
050,45,085,"South Carolina","Sumter County",4,54,1165,516,649
050,45,085,"South Carolina","Sumter County",4,55,1188,550,638
050,45,085,"South Carolina","Sumter County",4,56,1221,567,654
050,45,085,"South Carolina","Sumter County",4,57,1319,626,693
050,45,085,"South Carolina","Sumter County",4,58,1352,650,702
050,45,085,"South Carolina","Sumter County",4,59,1365,653,712
050,45,085,"South Carolina","Sumter County",4,60,1298,615,683
050,45,085,"South Carolina","Sumter County",4,61,1352,624,728
050,45,085,"South Carolina","Sumter County",4,62,1355,646,709
050,45,085,"South Carolina","Sumter County",4,63,1343,650,693
050,45,085,"South Carolina","Sumter County",4,64,1289,595,694
050,45,085,"South Carolina","Sumter County",4,65,1288,611,677
050,45,085,"South Carolina","Sumter County",4,66,1211,564,647
050,45,085,"South Carolina","Sumter County",4,67,1157,510,647
050,45,085,"South Carolina","Sumter County",4,68,1140,519,621
050,45,085,"South Carolina","Sumter County",4,69,1113,490,623
050,45,085,"South Carolina","Sumter County",4,70,1058,462,596
050,45,085,"South Carolina","Sumter County",4,71,1002,436,566
050,45,085,"South Carolina","Sumter County",4,72,975,416,559
050,45,085,"South Carolina","Sumter County",4,73,931,405,526
050,45,085,"South Carolina","Sumter County",4,74,921,390,531
050,45,085,"South Carolina","Sumter County",4,75,977,421,556
050,45,085,"South Carolina","Sumter County",4,76,709,302,407
050,45,085,"South Carolina","Sumter County",4,77,632,257,375
050,45,085,"South Carolina","Sumter County",4,78,609,250,359
050,45,085,"South Carolina","Sumter County",4,79,614,261,353
050,45,085,"South Carolina","Sumter County",4,80,513,208,305
050,45,085,"South Carolina","Sumter County",4,81,491,199,292
050,45,085,"South Carolina","Sumter County",4,82,427,167,260
050,45,085,"South Carolina","Sumter County",4,83,397,151,246
050,45,085,"South Carolina","Sumter County",4,84,346,134,212
050,45,085,"South Carolina","Sumter County",4,85,1924,618,1306
050,45,085,"South Carolina","Sumter County",5,0,1298,660,638
050,45,085,"South Carolina","Sumter County",5,1,1353,688,665
050,45,085,"South Carolina","Sumter County",5,2,1352,680,672
050,45,085,"South Carolina","Sumter County",5,3,1347,669,678
050,45,085,"South Carolina","Sumter County",5,4,1303,662,641
050,45,085,"South Carolina","Sumter County",5,5,1325,677,648
050,45,085,"South Carolina","Sumter County",5,6,1339,684,655
050,45,085,"South Carolina","Sumter County",5,7,1378,692,686
050,45,085,"South Carolina","Sumter County",5,8,1347,710,637
050,45,085,"South Carolina","Sumter County",5,9,1425,747,678
050,45,085,"South Carolina","Sumter County",5,10,1326,663,663
050,45,085,"South Carolina","Sumter County",5,11,1321,668,653
050,45,085,"South Carolina","Sumter County",5,12,1341,681,660
050,45,085,"South Carolina","Sumter County",5,13,1392,701,691
050,45,085,"South Carolina","Sumter County",5,14,1426,696,730
050,45,085,"South Carolina","Sumter County",5,15,1443,731,712
050,45,085,"South Carolina","Sumter County",5,16,1438,718,720
050,45,085,"South Carolina","Sumter County",5,17,1447,738,709
050,45,085,"South Carolina","Sumter County",5,18,1255,652,603
050,45,085,"South Carolina","Sumter County",5,19,1207,641,566
050,45,085,"South Carolina","Sumter County",5,20,1365,762,603
050,45,085,"South Carolina","Sumter County",5,21,1436,751,685
050,45,085,"South Carolina","Sumter County",5,22,1576,864,712
050,45,085,"South Carolina","Sumter County",5,23,1618,873,745
050,45,085,"South Carolina","Sumter County",5,24,1519,804,715
050,45,085,"South Carolina","Sumter County",5,25,1550,798,752
050,45,085,"South Carolina","Sumter County",5,26,1416,736,680
050,45,085,"South Carolina","Sumter County",5,27,1372,705,667
050,45,085,"South Carolina","Sumter County",5,28,1395,708,687
050,45,085,"South Carolina","Sumter County",5,29,1432,682,750
050,45,085,"South Carolina","Sumter County",5,30,1425,712,713
050,45,085,"South Carolina","Sumter County",5,31,1556,801,755
050,45,085,"South Carolina","Sumter County",5,32,1521,741,780
050,45,085,"South Carolina","Sumter County",5,33,1459,713,746
050,45,085,"South Carolina","Sumter County",5,34,1374,657,717
050,45,085,"South Carolina","Sumter County",5,35,1332,621,711
050,45,085,"South Carolina","Sumter County",5,36,1276,602,674
050,45,085,"South Carolina","Sumter County",5,37,1323,645,678
050,45,085,"South Carolina","Sumter County",5,38,1227,606,621
050,45,085,"South Carolina","Sumter County",5,39,1211,575,636
050,45,085,"South Carolina","Sumter County",5,40,1202,572,630
050,45,085,"South Carolina","Sumter County",5,41,1220,591,629
050,45,085,"South Carolina","Sumter County",5,42,1164,567,597
050,45,085,"South Carolina","Sumter County",5,43,1158,546,612
050,45,085,"South Carolina","Sumter County",5,44,1095,489,606
050,45,085,"South Carolina","Sumter County",5,45,1169,553,616
050,45,085,"South Carolina","Sumter County",5,46,1115,529,586
050,45,085,"South Carolina","Sumter County",5,47,1001,448,553
050,45,085,"South Carolina","Sumter County",5,48,1027,470,557
050,45,085,"South Carolina","Sumter County",5,49,1030,499,531
050,45,085,"South Carolina","Sumter County",5,50,1101,532,569
050,45,085,"South Carolina","Sumter County",5,51,1085,495,590
050,45,085,"South Carolina","Sumter County",5,52,1219,551,668
050,45,085,"South Carolina","Sumter County",5,53,1236,570,666
050,45,085,"South Carolina","Sumter County",5,54,1174,523,651
050,45,085,"South Carolina","Sumter County",5,55,1174,518,656
050,45,085,"South Carolina","Sumter County",5,56,1200,562,638
050,45,085,"South Carolina","Sumter County",5,57,1196,558,638
050,45,085,"South Carolina","Sumter County",5,58,1285,614,671
050,45,085,"South Carolina","Sumter County",5,59,1344,648,696
050,45,085,"South Carolina","Sumter County",5,60,1349,653,696
050,45,085,"South Carolina","Sumter County",5,61,1282,604,678
050,45,085,"South Carolina","Sumter County",5,62,1366,628,738
050,45,085,"South Carolina","Sumter County",5,63,1362,666,696
050,45,085,"South Carolina","Sumter County",5,64,1311,633,678
050,45,085,"South Carolina","Sumter County",5,65,1285,594,691
050,45,085,"South Carolina","Sumter County",5,66,1268,590,678
050,45,085,"South Carolina","Sumter County",5,67,1185,551,634
050,45,085,"South Carolina","Sumter County",5,68,1125,488,637
050,45,085,"South Carolina","Sumter County",5,69,1114,500,614
050,45,085,"South Carolina","Sumter County",5,70,1087,483,604
050,45,085,"South Carolina","Sumter County",5,71,1028,441,587
050,45,085,"South Carolina","Sumter County",5,72,974,416,558
050,45,085,"South Carolina","Sumter County",5,73,950,401,549
050,45,085,"South Carolina","Sumter County",5,74,882,380,502
050,45,085,"South Carolina","Sumter County",5,75,902,387,515
050,45,085,"South Carolina","Sumter County",5,76,954,405,549
050,45,085,"South Carolina","Sumter County",5,77,662,284,378
050,45,085,"South Carolina","Sumter County",5,78,619,249,370
050,45,085,"South Carolina","Sumter County",5,79,588,234,354
050,45,085,"South Carolina","Sumter County",5,80,582,244,338
050,45,085,"South Carolina","Sumter County",5,81,476,193,283
050,45,085,"South Carolina","Sumter County",5,82,448,184,264
050,45,085,"South Carolina","Sumter County",5,83,419,166,253
050,45,085,"South Carolina","Sumter County",5,84,356,131,225
050,45,085,"South Carolina","Sumter County",5,85,1950,623,1327
050,45,087,"South Carolina","Union County",1,0,274,137,137
050,45,087,"South Carolina","Union County",1,1,273,136,137
050,45,087,"South Carolina","Union County",1,2,305,149,156
050,45,087,"South Carolina","Union County",1,3,317,162,155
050,45,087,"South Carolina","Union County",1,4,322,172,150
050,45,087,"South Carolina","Union County",1,5,324,147,177
050,45,087,"South Carolina","Union County",1,6,306,146,160
050,45,087,"South Carolina","Union County",1,7,287,147,140
050,45,087,"South Carolina","Union County",1,8,298,163,135
050,45,087,"South Carolina","Union County",1,9,330,170,160
050,45,087,"South Carolina","Union County",1,10,342,186,156
050,45,087,"South Carolina","Union County",1,11,345,165,180
050,45,087,"South Carolina","Union County",1,12,335,163,172
050,45,087,"South Carolina","Union County",1,13,360,187,173
050,45,087,"South Carolina","Union County",1,14,337,181,156
050,45,087,"South Carolina","Union County",1,15,342,178,164
050,45,087,"South Carolina","Union County",1,16,343,179,164
050,45,087,"South Carolina","Union County",1,17,329,160,169
050,45,087,"South Carolina","Union County",1,18,295,154,141
050,45,087,"South Carolina","Union County",1,19,224,118,106
050,45,087,"South Carolina","Union County",1,20,256,130,126
050,45,087,"South Carolina","Union County",1,21,270,138,132
050,45,087,"South Carolina","Union County",1,22,306,161,145
050,45,087,"South Carolina","Union County",1,23,323,151,172
050,45,087,"South Carolina","Union County",1,24,323,151,172
050,45,087,"South Carolina","Union County",1,25,308,159,149
050,45,087,"South Carolina","Union County",1,26,327,165,162
050,45,087,"South Carolina","Union County",1,27,306,138,168
050,45,087,"South Carolina","Union County",1,28,334,164,170
050,45,087,"South Carolina","Union County",1,29,365,173,192
050,45,087,"South Carolina","Union County",1,30,348,152,196
050,45,087,"South Carolina","Union County",1,31,325,145,180
050,45,087,"South Carolina","Union County",1,32,326,145,181
050,45,087,"South Carolina","Union County",1,33,287,126,161
050,45,087,"South Carolina","Union County",1,34,275,129,146
050,45,087,"South Carolina","Union County",1,35,252,113,139
050,45,087,"South Carolina","Union County",1,36,260,129,131
050,45,087,"South Carolina","Union County",1,37,262,122,140
050,45,087,"South Carolina","Union County",1,38,300,145,155
050,45,087,"South Carolina","Union County",1,39,308,141,167
050,45,087,"South Carolina","Union County",1,40,312,145,167
050,45,087,"South Carolina","Union County",1,41,320,162,158
050,45,087,"South Carolina","Union County",1,42,324,154,170
050,45,087,"South Carolina","Union County",1,43,310,154,156
050,45,087,"South Carolina","Union County",1,44,287,143,144
050,45,087,"South Carolina","Union County",1,45,296,132,164
050,45,087,"South Carolina","Union County",1,46,308,136,172
050,45,087,"South Carolina","Union County",1,47,328,151,177
050,45,087,"South Carolina","Union County",1,48,399,198,201
050,45,087,"South Carolina","Union County",1,49,378,181,197
050,45,087,"South Carolina","Union County",1,50,379,190,189
050,45,087,"South Carolina","Union County",1,51,382,187,195
050,45,087,"South Carolina","Union County",1,52,360,188,172
050,45,087,"South Carolina","Union County",1,53,381,183,198
050,45,087,"South Carolina","Union County",1,54,430,202,228
050,45,087,"South Carolina","Union County",1,55,406,185,221
050,45,087,"South Carolina","Union County",1,56,410,190,220
050,45,087,"South Carolina","Union County",1,57,370,173,197
050,45,087,"South Carolina","Union County",1,58,419,200,219
050,45,087,"South Carolina","Union County",1,59,425,204,221
050,45,087,"South Carolina","Union County",1,60,396,188,208
050,45,087,"South Carolina","Union County",1,61,428,205,223
050,45,087,"South Carolina","Union County",1,62,429,224,205
050,45,087,"South Carolina","Union County",1,63,426,204,222
050,45,087,"South Carolina","Union County",1,64,412,191,221
050,45,087,"South Carolina","Union County",1,65,413,196,217
050,45,087,"South Carolina","Union County",1,66,363,176,187
050,45,087,"South Carolina","Union County",1,67,336,171,165
050,45,087,"South Carolina","Union County",1,68,359,165,194
050,45,087,"South Carolina","Union County",1,69,338,154,184
050,45,087,"South Carolina","Union County",1,70,331,140,191
050,45,087,"South Carolina","Union County",1,71,340,132,208
050,45,087,"South Carolina","Union County",1,72,337,135,202
050,45,087,"South Carolina","Union County",1,73,333,148,185
050,45,087,"South Carolina","Union County",1,74,238,116,122
050,45,087,"South Carolina","Union County",1,75,250,113,137
050,45,087,"South Carolina","Union County",1,76,235,103,132
050,45,087,"South Carolina","Union County",1,77,197,83,114
050,45,087,"South Carolina","Union County",1,78,173,75,98
050,45,087,"South Carolina","Union County",1,79,174,74,100
050,45,087,"South Carolina","Union County",1,80,139,60,79
050,45,087,"South Carolina","Union County",1,81,126,52,74
050,45,087,"South Carolina","Union County",1,82,127,47,80
050,45,087,"South Carolina","Union County",1,83,97,40,57
050,45,087,"South Carolina","Union County",1,84,105,40,65
050,45,087,"South Carolina","Union County",1,85,565,172,393
050,45,087,"South Carolina","Union County",2,0,276,141,135
050,45,087,"South Carolina","Union County",2,1,271,135,136
050,45,087,"South Carolina","Union County",2,2,300,148,152
050,45,087,"South Carolina","Union County",2,3,314,159,155
050,45,087,"South Carolina","Union County",2,4,320,168,152
050,45,087,"South Carolina","Union County",2,5,321,150,171
050,45,087,"South Carolina","Union County",2,6,309,145,164
050,45,087,"South Carolina","Union County",2,7,292,147,145
050,45,087,"South Carolina","Union County",2,8,295,158,137
050,45,087,"South Carolina","Union County",2,9,320,169,151
050,45,087,"South Carolina","Union County",2,10,337,180,157
050,45,087,"South Carolina","Union County",2,11,341,167,174
050,45,087,"South Carolina","Union County",2,12,343,166,177
050,45,087,"South Carolina","Union County",2,13,354,180,174
050,45,087,"South Carolina","Union County",2,14,346,184,162
050,45,087,"South Carolina","Union County",2,15,344,181,163
050,45,087,"South Carolina","Union County",2,16,343,178,165
050,45,087,"South Carolina","Union County",2,17,328,162,166
050,45,087,"South Carolina","Union County",2,18,288,148,140
050,45,087,"South Carolina","Union County",2,19,232,121,111
050,45,087,"South Carolina","Union County",2,20,257,131,126
050,45,087,"South Carolina","Union County",2,21,272,138,134
050,45,087,"South Carolina","Union County",2,22,302,157,145
050,45,087,"South Carolina","Union County",2,23,322,154,168
050,45,087,"South Carolina","Union County",2,24,319,151,168
050,45,087,"South Carolina","Union County",2,25,312,157,155
050,45,087,"South Carolina","Union County",2,26,320,162,158
050,45,087,"South Carolina","Union County",2,27,309,143,166
050,45,087,"South Carolina","Union County",2,28,328,157,171
050,45,087,"South Carolina","Union County",2,29,356,171,185
050,45,087,"South Carolina","Union County",2,30,354,159,195
050,45,087,"South Carolina","Union County",2,31,330,146,184
050,45,087,"South Carolina","Union County",2,32,324,143,181
050,45,087,"South Carolina","Union County",2,33,299,133,166
050,45,087,"South Carolina","Union County",2,34,280,130,150
050,45,087,"South Carolina","Union County",2,35,259,118,141
050,45,087,"South Carolina","Union County",2,36,258,125,133
050,45,087,"South Carolina","Union County",2,37,261,124,137
050,45,087,"South Carolina","Union County",2,38,294,140,154
050,45,087,"South Carolina","Union County",2,39,306,142,164
050,45,087,"South Carolina","Union County",2,40,316,146,170
050,45,087,"South Carolina","Union County",2,41,317,156,161
050,45,087,"South Carolina","Union County",2,42,320,155,165
050,45,087,"South Carolina","Union County",2,43,315,154,161
050,45,087,"South Carolina","Union County",2,44,287,142,145
050,45,087,"South Carolina","Union County",2,45,293,133,160
050,45,087,"South Carolina","Union County",2,46,301,132,169
050,45,087,"South Carolina","Union County",2,47,320,146,174
050,45,087,"South Carolina","Union County",2,48,379,186,193
050,45,087,"South Carolina","Union County",2,49,385,187,198
050,45,087,"South Carolina","Union County",2,50,381,188,193
050,45,087,"South Carolina","Union County",2,51,379,187,192
050,45,087,"South Carolina","Union County",2,52,364,187,177
050,45,087,"South Carolina","Union County",2,53,376,184,192
050,45,087,"South Carolina","Union County",2,54,417,197,220
050,45,087,"South Carolina","Union County",2,55,412,189,223
050,45,087,"South Carolina","Union County",2,56,411,190,221
050,45,087,"South Carolina","Union County",2,57,377,176,201
050,45,087,"South Carolina","Union County",2,58,406,191,215
050,45,087,"South Carolina","Union County",2,59,424,203,221
050,45,087,"South Carolina","Union County",2,60,401,191,210
050,45,087,"South Carolina","Union County",2,61,421,202,219
050,45,087,"South Carolina","Union County",2,62,421,214,207
050,45,087,"South Carolina","Union County",2,63,425,208,217
050,45,087,"South Carolina","Union County",2,64,410,189,221
050,45,087,"South Carolina","Union County",2,65,409,193,216
050,45,087,"South Carolina","Union County",2,66,378,183,195
050,45,087,"South Carolina","Union County",2,67,336,167,169
050,45,087,"South Carolina","Union County",2,68,351,166,185
050,45,087,"South Carolina","Union County",2,69,343,155,188
050,45,087,"South Carolina","Union County",2,70,331,143,188
050,45,087,"South Carolina","Union County",2,71,336,133,203
050,45,087,"South Carolina","Union County",2,72,332,131,201
050,45,087,"South Carolina","Union County",2,73,345,150,195
050,45,087,"South Carolina","Union County",2,74,244,115,129
050,45,087,"South Carolina","Union County",2,75,249,114,135
050,45,087,"South Carolina","Union County",2,76,234,104,130
050,45,087,"South Carolina","Union County",2,77,208,89,119
050,45,087,"South Carolina","Union County",2,78,170,74,96
050,45,087,"South Carolina","Union County",2,79,163,68,95
050,45,087,"South Carolina","Union County",2,80,143,60,83
050,45,087,"South Carolina","Union County",2,81,126,53,73
050,45,087,"South Carolina","Union County",2,82,126,48,78
050,45,087,"South Carolina","Union County",2,83,102,42,60
050,45,087,"South Carolina","Union County",2,84,99,38,61
050,45,087,"South Carolina","Union County",2,85,562,172,390
050,45,087,"South Carolina","Union County",3,0,255,135,120
050,45,087,"South Carolina","Union County",3,1,277,140,137
050,45,087,"South Carolina","Union County",3,2,281,145,136
050,45,087,"South Carolina","Union County",3,3,310,146,164
050,45,087,"South Carolina","Union County",3,4,316,158,158
050,45,087,"South Carolina","Union County",3,5,323,168,155
050,45,087,"South Carolina","Union County",3,6,326,157,169
050,45,087,"South Carolina","Union County",3,7,311,143,168
050,45,087,"South Carolina","Union County",3,8,287,137,150
050,45,087,"South Carolina","Union County",3,9,299,162,137
050,45,087,"South Carolina","Union County",3,10,319,170,149
050,45,087,"South Carolina","Union County",3,11,339,178,161
050,45,087,"South Carolina","Union County",3,12,352,173,179
050,45,087,"South Carolina","Union County",3,13,335,161,174
050,45,087,"South Carolina","Union County",3,14,358,186,172
050,45,087,"South Carolina","Union County",3,15,351,189,162
050,45,087,"South Carolina","Union County",3,16,346,183,163
050,45,087,"South Carolina","Union County",3,17,327,170,157
050,45,087,"South Carolina","Union County",3,18,267,138,129
050,45,087,"South Carolina","Union County",3,19,230,117,113
050,45,087,"South Carolina","Union County",3,20,234,124,110
050,45,087,"South Carolina","Union County",3,21,270,129,141
050,45,087,"South Carolina","Union County",3,22,296,152,144
050,45,087,"South Carolina","Union County",3,23,305,160,145
050,45,087,"South Carolina","Union County",3,24,336,161,175
050,45,087,"South Carolina","Union County",3,25,319,150,169
050,45,087,"South Carolina","Union County",3,26,312,161,151
050,45,087,"South Carolina","Union County",3,27,312,156,156
050,45,087,"South Carolina","Union County",3,28,320,148,172
050,45,087,"South Carolina","Union County",3,29,312,146,166
050,45,087,"South Carolina","Union County",3,30,362,172,190
050,45,087,"South Carolina","Union County",3,31,339,147,192
050,45,087,"South Carolina","Union County",3,32,329,141,188
050,45,087,"South Carolina","Union County",3,33,334,146,188
050,45,087,"South Carolina","Union County",3,34,302,132,170
050,45,087,"South Carolina","Union County",3,35,278,129,149
050,45,087,"South Carolina","Union County",3,36,276,136,140
050,45,087,"South Carolina","Union County",3,37,244,110,134
050,45,087,"South Carolina","Union County",3,38,267,130,137
050,45,087,"South Carolina","Union County",3,39,304,140,164
050,45,087,"South Carolina","Union County",3,40,302,139,163
050,45,087,"South Carolina","Union County",3,41,310,144,166
050,45,087,"South Carolina","Union County",3,42,304,151,153
050,45,087,"South Carolina","Union County",3,43,317,153,164
050,45,087,"South Carolina","Union County",3,44,323,153,170
050,45,087,"South Carolina","Union County",3,45,286,143,143
050,45,087,"South Carolina","Union County",3,46,290,129,161
050,45,087,"South Carolina","Union County",3,47,296,134,162
050,45,087,"South Carolina","Union County",3,48,308,145,163
050,45,087,"South Carolina","Union County",3,49,383,185,198
050,45,087,"South Carolina","Union County",3,50,377,185,192
050,45,087,"South Carolina","Union County",3,51,383,186,197
050,45,087,"South Carolina","Union County",3,52,385,194,191
050,45,087,"South Carolina","Union County",3,53,360,179,181
050,45,087,"South Carolina","Union County",3,54,375,185,190
050,45,087,"South Carolina","Union County",3,55,406,186,220
050,45,087,"South Carolina","Union County",3,56,415,194,221
050,45,087,"South Carolina","Union County",3,57,410,187,223
050,45,087,"South Carolina","Union County",3,58,366,171,195
050,45,087,"South Carolina","Union County",3,59,420,202,218
050,45,087,"South Carolina","Union County",3,60,416,196,220
050,45,087,"South Carolina","Union County",3,61,397,189,208
050,45,087,"South Carolina","Union County",3,62,412,187,225
050,45,087,"South Carolina","Union County",3,63,418,211,207
050,45,087,"South Carolina","Union County",3,64,422,205,217
050,45,087,"South Carolina","Union County",3,65,403,185,218
050,45,087,"South Carolina","Union County",3,66,406,195,211
050,45,087,"South Carolina","Union County",3,67,367,174,193
050,45,087,"South Carolina","Union County",3,68,325,158,167
050,45,087,"South Carolina","Union County",3,69,340,154,186
050,45,087,"South Carolina","Union County",3,70,333,148,185
050,45,087,"South Carolina","Union County",3,71,326,141,185
050,45,087,"South Carolina","Union County",3,72,328,130,198
050,45,087,"South Carolina","Union County",3,73,305,120,185
050,45,087,"South Carolina","Union County",3,74,332,145,187
050,45,087,"South Carolina","Union County",3,75,239,111,128
050,45,087,"South Carolina","Union County",3,76,232,103,129
050,45,087,"South Carolina","Union County",3,77,219,96,123
050,45,087,"South Carolina","Union County",3,78,198,84,114
050,45,087,"South Carolina","Union County",3,79,159,71,88
050,45,087,"South Carolina","Union County",3,80,149,59,90
050,45,087,"South Carolina","Union County",3,81,127,52,75
050,45,087,"South Carolina","Union County",3,82,124,48,76
050,45,087,"South Carolina","Union County",3,83,107,42,65
050,45,087,"South Carolina","Union County",3,84,96,37,59
050,45,087,"South Carolina","Union County",3,85,554,172,382
050,45,087,"South Carolina","Union County",4,0,235,127,108
050,45,087,"South Carolina","Union County",4,1,259,135,124
050,45,087,"South Carolina","Union County",4,2,259,130,129
050,45,087,"South Carolina","Union County",4,3,286,142,144
050,45,087,"South Carolina","Union County",4,4,310,151,159
050,45,087,"South Carolina","Union County",4,5,306,159,147
050,45,087,"South Carolina","Union County",4,6,326,168,158
050,45,087,"South Carolina","Union County",4,7,323,156,167
050,45,087,"South Carolina","Union County",4,8,306,145,161
050,45,087,"South Carolina","Union County",4,9,293,143,150
050,45,087,"South Carolina","Union County",4,10,299,162,137
050,45,087,"South Carolina","Union County",4,11,324,173,151
050,45,087,"South Carolina","Union County",4,12,341,179,162
050,45,087,"South Carolina","Union County",4,13,351,174,177
050,45,087,"South Carolina","Union County",4,14,353,172,181
050,45,087,"South Carolina","Union County",4,15,355,189,166
050,45,087,"South Carolina","Union County",4,16,344,185,159
050,45,087,"South Carolina","Union County",4,17,330,175,155
050,45,087,"South Carolina","Union County",4,18,269,145,124
050,45,087,"South Carolina","Union County",4,19,218,113,105
050,45,087,"South Carolina","Union County",4,20,241,124,117
050,45,087,"South Carolina","Union County",4,21,258,129,129
050,45,087,"South Carolina","Union County",4,22,292,144,148
050,45,087,"South Carolina","Union County",4,23,308,160,148
050,45,087,"South Carolina","Union County",4,24,300,156,144
050,45,087,"South Carolina","Union County",4,25,322,154,168
050,45,087,"South Carolina","Union County",4,26,309,144,165
050,45,087,"South Carolina","Union County",4,27,302,159,143
050,45,087,"South Carolina","Union County",4,28,317,160,157
050,45,087,"South Carolina","Union County",4,29,301,138,163
050,45,087,"South Carolina","Union County",4,30,327,160,167
050,45,087,"South Carolina","Union County",4,31,355,170,185
050,45,087,"South Carolina","Union County",4,32,350,147,203
050,45,087,"South Carolina","Union County",4,33,327,140,187
050,45,087,"South Carolina","Union County",4,34,331,150,181
050,45,087,"South Carolina","Union County",4,35,289,120,169
050,45,087,"South Carolina","Union County",4,36,287,136,151
050,45,087,"South Carolina","Union County",4,37,268,129,139
050,45,087,"South Carolina","Union County",4,38,242,115,127
050,45,087,"South Carolina","Union County",4,39,267,131,136
050,45,087,"South Carolina","Union County",4,40,302,142,160
050,45,087,"South Carolina","Union County",4,41,297,137,160
050,45,087,"South Carolina","Union County",4,42,312,142,170
050,45,087,"South Carolina","Union County",4,43,304,146,158
050,45,087,"South Carolina","Union County",4,44,311,146,165
050,45,087,"South Carolina","Union County",4,45,313,146,167
050,45,087,"South Carolina","Union County",4,46,288,147,141
050,45,087,"South Carolina","Union County",4,47,287,124,163
050,45,087,"South Carolina","Union County",4,48,299,142,157
050,45,087,"South Carolina","Union County",4,49,305,140,165
050,45,087,"South Carolina","Union County",4,50,385,187,198
050,45,087,"South Carolina","Union County",4,51,380,194,186
050,45,087,"South Carolina","Union County",4,52,385,185,200
050,45,087,"South Carolina","Union County",4,53,374,181,193
050,45,087,"South Carolina","Union County",4,54,364,182,182
050,45,087,"South Carolina","Union County",4,55,356,168,188
050,45,087,"South Carolina","Union County",4,56,416,195,221
050,45,087,"South Carolina","Union County",4,57,407,192,215
050,45,087,"South Carolina","Union County",4,58,397,178,219
050,45,087,"South Carolina","Union County",4,59,367,173,194
050,45,087,"South Carolina","Union County",4,60,398,190,208
050,45,087,"South Carolina","Union County",4,61,414,197,217
050,45,087,"South Carolina","Union County",4,62,391,183,208
050,45,087,"South Carolina","Union County",4,63,401,183,218
050,45,087,"South Carolina","Union County",4,64,419,206,213
050,45,087,"South Carolina","Union County",4,65,406,198,208
050,45,087,"South Carolina","Union County",4,66,395,180,215
050,45,087,"South Carolina","Union County",4,67,397,186,211
050,45,087,"South Carolina","Union County",4,68,363,173,190
050,45,087,"South Carolina","Union County",4,69,321,149,172
050,45,087,"South Carolina","Union County",4,70,338,154,184
050,45,087,"South Carolina","Union County",4,71,330,148,182
050,45,087,"South Carolina","Union County",4,72,325,139,186
050,45,087,"South Carolina","Union County",4,73,298,122,176
050,45,087,"South Carolina","Union County",4,74,302,120,182
050,45,087,"South Carolina","Union County",4,75,329,141,188
050,45,087,"South Carolina","Union County",4,76,223,102,121
050,45,087,"South Carolina","Union County",4,77,217,97,120
050,45,087,"South Carolina","Union County",4,78,210,89,121
050,45,087,"South Carolina","Union County",4,79,180,79,101
050,45,087,"South Carolina","Union County",4,80,154,65,89
050,45,087,"South Carolina","Union County",4,81,130,53,77
050,45,087,"South Carolina","Union County",4,82,124,46,78
050,45,087,"South Carolina","Union County",4,83,105,41,64
050,45,087,"South Carolina","Union County",4,84,95,33,62
050,45,087,"South Carolina","Union County",4,85,545,168,377
050,45,087,"South Carolina","Union County",5,0,236,128,108
050,45,087,"South Carolina","Union County",5,1,242,136,106
050,45,087,"South Carolina","Union County",5,2,272,134,138
050,45,087,"South Carolina","Union County",5,3,263,138,125
050,45,087,"South Carolina","Union County",5,4,288,139,149
050,45,087,"South Carolina","Union County",5,5,310,150,160
050,45,087,"South Carolina","Union County",5,6,301,152,149
050,45,087,"South Carolina","Union County",5,7,320,167,153
050,45,087,"South Carolina","Union County",5,8,324,152,172
050,45,087,"South Carolina","Union County",5,9,303,143,160
050,45,087,"South Carolina","Union County",5,10,290,146,144
050,45,087,"South Carolina","Union County",5,11,301,164,137
050,45,087,"South Carolina","Union County",5,12,322,171,151
050,45,087,"South Carolina","Union County",5,13,342,176,166
050,45,087,"South Carolina","Union County",5,14,355,179,176
050,45,087,"South Carolina","Union County",5,15,350,172,178
050,45,087,"South Carolina","Union County",5,16,368,195,173
050,45,087,"South Carolina","Union County",5,17,341,181,160
050,45,087,"South Carolina","Union County",5,18,277,152,125
050,45,087,"South Carolina","Union County",5,19,215,113,102
050,45,087,"South Carolina","Union County",5,20,239,128,111
050,45,087,"South Carolina","Union County",5,21,268,131,137
050,45,087,"South Carolina","Union County",5,22,282,140,142
050,45,087,"South Carolina","Union County",5,23,304,154,150
050,45,087,"South Carolina","Union County",5,24,307,155,152
050,45,087,"South Carolina","Union County",5,25,306,162,144
050,45,087,"South Carolina","Union County",5,26,326,159,167
050,45,087,"South Carolina","Union County",5,27,313,155,158
050,45,087,"South Carolina","Union County",5,28,307,157,150
050,45,087,"South Carolina","Union County",5,29,312,159,153
050,45,087,"South Carolina","Union County",5,30,313,145,168
050,45,087,"South Carolina","Union County",5,31,322,156,166
050,45,087,"South Carolina","Union County",5,32,349,169,180
050,45,087,"South Carolina","Union County",5,33,350,147,203
050,45,087,"South Carolina","Union County",5,34,329,147,182
050,45,087,"South Carolina","Union County",5,35,328,146,182
050,45,087,"South Carolina","Union County",5,36,303,136,167
050,45,087,"South Carolina","Union County",5,37,281,127,154
050,45,087,"South Carolina","Union County",5,38,265,119,146
050,45,087,"South Carolina","Union County",5,39,250,120,130
050,45,087,"South Carolina","Union County",5,40,264,130,134
050,45,087,"South Carolina","Union County",5,41,298,137,161
050,45,087,"South Carolina","Union County",5,42,293,134,159
050,45,087,"South Carolina","Union County",5,43,307,144,163
050,45,087,"South Carolina","Union County",5,44,299,140,159
050,45,087,"South Carolina","Union County",5,45,317,147,170
050,45,087,"South Carolina","Union County",5,46,312,146,166
050,45,087,"South Carolina","Union County",5,47,290,148,142
050,45,087,"South Carolina","Union County",5,48,296,128,168
050,45,087,"South Carolina","Union County",5,49,301,140,161
050,45,087,"South Carolina","Union County",5,50,303,141,162
050,45,087,"South Carolina","Union County",5,51,379,191,188
050,45,087,"South Carolina","Union County",5,52,382,199,183
050,45,087,"South Carolina","Union County",5,53,384,178,206
050,45,087,"South Carolina","Union County",5,54,374,176,198
050,45,087,"South Carolina","Union County",5,55,352,175,177
050,45,087,"South Carolina","Union County",5,56,356,172,184
050,45,087,"South Carolina","Union County",5,57,408,189,219
050,45,087,"South Carolina","Union County",5,58,401,188,213
050,45,087,"South Carolina","Union County",5,59,394,176,218
050,45,087,"South Carolina","Union County",5,60,352,161,191
050,45,087,"South Carolina","Union County",5,61,405,198,207
050,45,087,"South Carolina","Union County",5,62,405,191,214
050,45,087,"South Carolina","Union County",5,63,380,179,201
050,45,087,"South Carolina","Union County",5,64,399,174,225
050,45,087,"South Carolina","Union County",5,65,405,197,208
050,45,087,"South Carolina","Union County",5,66,407,201,206
050,45,087,"South Carolina","Union County",5,67,379,169,210
050,45,087,"South Carolina","Union County",5,68,384,178,206
050,45,087,"South Carolina","Union County",5,69,359,166,193
050,45,087,"South Carolina","Union County",5,70,320,151,169
050,45,087,"South Carolina","Union County",5,71,334,153,181
050,45,087,"South Carolina","Union County",5,72,325,145,180
050,45,087,"South Carolina","Union County",5,73,298,129,169
050,45,087,"South Carolina","Union County",5,74,294,118,176
050,45,087,"South Carolina","Union County",5,75,303,121,182
050,45,087,"South Carolina","Union County",5,76,303,127,176
050,45,087,"South Carolina","Union County",5,77,208,94,114
050,45,087,"South Carolina","Union County",5,78,213,95,118
050,45,087,"South Carolina","Union County",5,79,193,84,109
050,45,087,"South Carolina","Union County",5,80,171,71,100
050,45,087,"South Carolina","Union County",5,81,136,57,79
050,45,087,"South Carolina","Union County",5,82,125,46,79
050,45,087,"South Carolina","Union County",5,83,107,41,66
050,45,087,"South Carolina","Union County",5,84,95,34,61
050,45,087,"South Carolina","Union County",5,85,545,163,382
050,45,089,"South Carolina","Williamsburg County",1,0,272,141,131
050,45,089,"South Carolina","Williamsburg County",1,1,281,146,135
050,45,089,"South Carolina","Williamsburg County",1,2,294,144,150
050,45,089,"South Carolina","Williamsburg County",1,3,330,165,165
050,45,089,"South Carolina","Williamsburg County",1,4,304,140,164
050,45,089,"South Carolina","Williamsburg County",1,5,331,144,187
050,45,089,"South Carolina","Williamsburg County",1,6,328,164,164
050,45,089,"South Carolina","Williamsburg County",1,7,318,148,170
050,45,089,"South Carolina","Williamsburg County",1,8,335,169,166
050,45,089,"South Carolina","Williamsburg County",1,9,326,168,158
050,45,089,"South Carolina","Williamsburg County",1,10,337,172,165
050,45,089,"South Carolina","Williamsburg County",1,11,349,167,182
050,45,089,"South Carolina","Williamsburg County",1,12,409,185,224
050,45,089,"South Carolina","Williamsburg County",1,13,413,211,202
050,45,089,"South Carolina","Williamsburg County",1,14,387,198,189
050,45,089,"South Carolina","Williamsburg County",1,15,404,213,191
050,45,089,"South Carolina","Williamsburg County",1,16,376,198,178
050,45,089,"South Carolina","Williamsburg County",1,17,397,209,188
050,45,089,"South Carolina","Williamsburg County",1,18,380,204,176
050,45,089,"South Carolina","Williamsburg County",1,19,322,159,163
050,45,089,"South Carolina","Williamsburg County",1,20,339,160,179
050,45,089,"South Carolina","Williamsburg County",1,21,326,170,156
050,45,089,"South Carolina","Williamsburg County",1,22,327,165,162
050,45,089,"South Carolina","Williamsburg County",1,23,355,190,165
050,45,089,"South Carolina","Williamsburg County",1,24,336,170,166
050,45,089,"South Carolina","Williamsburg County",1,25,360,189,171
050,45,089,"South Carolina","Williamsburg County",1,26,411,217,194
050,45,089,"South Carolina","Williamsburg County",1,27,448,234,214
050,45,089,"South Carolina","Williamsburg County",1,28,412,229,183
050,45,089,"South Carolina","Williamsburg County",1,29,427,240,187
050,45,089,"South Carolina","Williamsburg County",1,30,379,223,156
050,45,089,"South Carolina","Williamsburg County",1,31,392,235,157
050,45,089,"South Carolina","Williamsburg County",1,32,344,203,141
050,45,089,"South Carolina","Williamsburg County",1,33,346,215,131
050,45,089,"South Carolina","Williamsburg County",1,34,363,212,151
050,45,089,"South Carolina","Williamsburg County",1,35,356,184,172
050,45,089,"South Carolina","Williamsburg County",1,36,348,197,151
050,45,089,"South Carolina","Williamsburg County",1,37,349,187,162
050,45,089,"South Carolina","Williamsburg County",1,38,363,198,165
050,45,089,"South Carolina","Williamsburg County",1,39,389,218,171
050,45,089,"South Carolina","Williamsburg County",1,40,346,175,171
050,45,089,"South Carolina","Williamsburg County",1,41,390,204,186
050,45,089,"South Carolina","Williamsburg County",1,42,373,191,182
050,45,089,"South Carolina","Williamsburg County",1,43,362,180,182
050,45,089,"South Carolina","Williamsburg County",1,44,337,166,171
050,45,089,"South Carolina","Williamsburg County",1,45,370,203,167
050,45,089,"South Carolina","Williamsburg County",1,46,365,196,169
050,45,089,"South Carolina","Williamsburg County",1,47,369,181,188
050,45,089,"South Carolina","Williamsburg County",1,48,377,163,214
050,45,089,"South Carolina","Williamsburg County",1,49,442,222,220
050,45,089,"South Carolina","Williamsburg County",1,50,405,201,204
050,45,089,"South Carolina","Williamsburg County",1,51,383,168,215
050,45,089,"South Carolina","Williamsburg County",1,52,396,174,222
050,45,089,"South Carolina","Williamsburg County",1,53,386,186,200
050,45,089,"South Carolina","Williamsburg County",1,54,389,176,213
050,45,089,"South Carolina","Williamsburg County",1,55,400,195,205
050,45,089,"South Carolina","Williamsburg County",1,56,391,185,206
050,45,089,"South Carolina","Williamsburg County",1,57,430,200,230
050,45,089,"South Carolina","Williamsburg County",1,58,444,219,225
050,45,089,"South Carolina","Williamsburg County",1,59,417,205,212
050,45,089,"South Carolina","Williamsburg County",1,60,449,204,245
050,45,089,"South Carolina","Williamsburg County",1,61,452,177,275
050,45,089,"South Carolina","Williamsburg County",1,62,467,185,282
050,45,089,"South Carolina","Williamsburg County",1,63,483,215,268
050,45,089,"South Carolina","Williamsburg County",1,64,479,220,259
050,45,089,"South Carolina","Williamsburg County",1,65,488,212,276
050,45,089,"South Carolina","Williamsburg County",1,66,466,192,274
050,45,089,"South Carolina","Williamsburg County",1,67,423,176,247
050,45,089,"South Carolina","Williamsburg County",1,68,453,211,242
050,45,089,"South Carolina","Williamsburg County",1,69,425,213,212
050,45,089,"South Carolina","Williamsburg County",1,70,414,194,220
050,45,089,"South Carolina","Williamsburg County",1,71,428,193,235
050,45,089,"South Carolina","Williamsburg County",1,72,408,178,230
050,45,089,"South Carolina","Williamsburg County",1,73,375,175,200
050,45,089,"South Carolina","Williamsburg County",1,74,265,114,151
050,45,089,"South Carolina","Williamsburg County",1,75,269,118,151
050,45,089,"South Carolina","Williamsburg County",1,76,273,126,147
050,45,089,"South Carolina","Williamsburg County",1,77,267,121,146
050,45,089,"South Carolina","Williamsburg County",1,78,215,90,125
050,45,089,"South Carolina","Williamsburg County",1,79,200,87,113
050,45,089,"South Carolina","Williamsburg County",1,80,153,67,86
050,45,089,"South Carolina","Williamsburg County",1,81,153,65,88
050,45,089,"South Carolina","Williamsburg County",1,82,124,50,74
050,45,089,"South Carolina","Williamsburg County",1,83,119,43,76
050,45,089,"South Carolina","Williamsburg County",1,84,116,35,81
050,45,089,"South Carolina","Williamsburg County",1,85,624,175,449
050,45,089,"South Carolina","Williamsburg County",2,0,268,138,130
050,45,089,"South Carolina","Williamsburg County",2,1,277,143,134
050,45,089,"South Carolina","Williamsburg County",2,2,290,145,145
050,45,089,"South Carolina","Williamsburg County",2,3,319,158,161
050,45,089,"South Carolina","Williamsburg County",2,4,312,144,168
050,45,089,"South Carolina","Williamsburg County",2,5,328,144,184
050,45,089,"South Carolina","Williamsburg County",2,6,328,157,171
050,45,089,"South Carolina","Williamsburg County",2,7,322,152,170
050,45,089,"South Carolina","Williamsburg County",2,8,327,163,164
050,45,089,"South Carolina","Williamsburg County",2,9,326,167,159
050,45,089,"South Carolina","Williamsburg County",2,10,328,167,161
050,45,089,"South Carolina","Williamsburg County",2,11,343,167,176
050,45,089,"South Carolina","Williamsburg County",2,12,396,182,214
050,45,089,"South Carolina","Williamsburg County",2,13,412,204,208
050,45,089,"South Carolina","Williamsburg County",2,14,393,201,192
050,45,089,"South Carolina","Williamsburg County",2,15,401,209,192
050,45,089,"South Carolina","Williamsburg County",2,16,384,202,182
050,45,089,"South Carolina","Williamsburg County",2,17,390,205,185
050,45,089,"South Carolina","Williamsburg County",2,18,367,198,169
050,45,089,"South Carolina","Williamsburg County",2,19,322,162,160
050,45,089,"South Carolina","Williamsburg County",2,20,341,162,179
050,45,089,"South Carolina","Williamsburg County",2,21,331,169,162
050,45,089,"South Carolina","Williamsburg County",2,22,327,165,162
050,45,089,"South Carolina","Williamsburg County",2,23,356,191,165
050,45,089,"South Carolina","Williamsburg County",2,24,329,165,164
050,45,089,"South Carolina","Williamsburg County",2,25,357,190,167
050,45,089,"South Carolina","Williamsburg County",2,26,405,215,190
050,45,089,"South Carolina","Williamsburg County",2,27,435,229,206
050,45,089,"South Carolina","Williamsburg County",2,28,424,235,189
050,45,089,"South Carolina","Williamsburg County",2,29,423,238,185
050,45,089,"South Carolina","Williamsburg County",2,30,389,227,162
050,45,089,"South Carolina","Williamsburg County",2,31,388,231,157
050,45,089,"South Carolina","Williamsburg County",2,32,352,207,145
050,45,089,"South Carolina","Williamsburg County",2,33,347,214,133
050,45,089,"South Carolina","Williamsburg County",2,34,355,209,146
050,45,089,"South Carolina","Williamsburg County",2,35,353,186,167
050,45,089,"South Carolina","Williamsburg County",2,36,350,196,154
050,45,089,"South Carolina","Williamsburg County",2,37,348,188,160
050,45,089,"South Carolina","Williamsburg County",2,38,362,197,165
050,45,089,"South Carolina","Williamsburg County",2,39,385,218,167
050,45,089,"South Carolina","Williamsburg County",2,40,352,180,172
050,45,089,"South Carolina","Williamsburg County",2,41,380,198,182
050,45,089,"South Carolina","Williamsburg County",2,42,365,188,177
050,45,089,"South Carolina","Williamsburg County",2,43,367,184,183
050,45,089,"South Carolina","Williamsburg County",2,44,336,166,170
050,45,089,"South Carolina","Williamsburg County",2,45,367,198,169
050,45,089,"South Carolina","Williamsburg County",2,46,358,191,167
050,45,089,"South Carolina","Williamsburg County",2,47,373,189,184
050,45,089,"South Carolina","Williamsburg County",2,48,370,161,209
050,45,089,"South Carolina","Williamsburg County",2,49,437,219,218
050,45,089,"South Carolina","Williamsburg County",2,50,410,200,210
050,45,089,"South Carolina","Williamsburg County",2,51,379,168,211
050,45,089,"South Carolina","Williamsburg County",2,52,391,174,217
050,45,089,"South Carolina","Williamsburg County",2,53,387,182,205
050,45,089,"South Carolina","Williamsburg County",2,54,385,177,208
050,45,089,"South Carolina","Williamsburg County",2,55,399,194,205
050,45,089,"South Carolina","Williamsburg County",2,56,395,187,208
050,45,089,"South Carolina","Williamsburg County",2,57,421,196,225
050,45,089,"South Carolina","Williamsburg County",2,58,442,217,225
050,45,089,"South Carolina","Williamsburg County",2,59,418,204,214
050,45,089,"South Carolina","Williamsburg County",2,60,438,203,235
050,45,089,"South Carolina","Williamsburg County",2,61,452,182,270
050,45,089,"South Carolina","Williamsburg County",2,62,458,179,279
050,45,089,"South Carolina","Williamsburg County",2,63,486,212,274
050,45,089,"South Carolina","Williamsburg County",2,64,477,215,262
050,45,089,"South Carolina","Williamsburg County",2,65,484,215,269
050,45,089,"South Carolina","Williamsburg County",2,66,468,197,271
050,45,089,"South Carolina","Williamsburg County",2,67,428,175,253
050,45,089,"South Carolina","Williamsburg County",2,68,443,203,240
050,45,089,"South Carolina","Williamsburg County",2,69,431,210,221
050,45,089,"South Carolina","Williamsburg County",2,70,411,194,217
050,45,089,"South Carolina","Williamsburg County",2,71,418,188,230
050,45,089,"South Carolina","Williamsburg County",2,72,409,181,228
050,45,089,"South Carolina","Williamsburg County",2,73,396,181,215
050,45,089,"South Carolina","Williamsburg County",2,74,275,121,154
050,45,089,"South Carolina","Williamsburg County",2,75,269,116,153
050,45,089,"South Carolina","Williamsburg County",2,76,267,121,146
050,45,089,"South Carolina","Williamsburg County",2,77,271,124,147
050,45,089,"South Carolina","Williamsburg County",2,78,223,95,128
050,45,089,"South Carolina","Williamsburg County",2,79,204,88,116
050,45,089,"South Carolina","Williamsburg County",2,80,164,71,93
050,45,089,"South Carolina","Williamsburg County",2,81,146,65,81
050,45,089,"South Carolina","Williamsburg County",2,82,126,50,76
050,45,089,"South Carolina","Williamsburg County",2,83,120,45,75
050,45,089,"South Carolina","Williamsburg County",2,84,114,36,78
050,45,089,"South Carolina","Williamsburg County",2,85,614,167,447
050,45,089,"South Carolina","Williamsburg County",3,0,277,124,153
050,45,089,"South Carolina","Williamsburg County",3,1,275,138,137
050,45,089,"South Carolina","Williamsburg County",3,2,271,143,128
050,45,089,"South Carolina","Williamsburg County",3,3,288,149,139
050,45,089,"South Carolina","Williamsburg County",3,4,315,160,155
050,45,089,"South Carolina","Williamsburg County",3,5,314,154,160
050,45,089,"South Carolina","Williamsburg County",3,6,320,139,181
050,45,089,"South Carolina","Williamsburg County",3,7,315,153,162
050,45,089,"South Carolina","Williamsburg County",3,8,333,158,175
050,45,089,"South Carolina","Williamsburg County",3,9,326,169,157
050,45,089,"South Carolina","Williamsburg County",3,10,318,166,152
050,45,089,"South Carolina","Williamsburg County",3,11,316,159,157
050,45,089,"South Carolina","Williamsburg County",3,12,332,168,164
050,45,089,"South Carolina","Williamsburg County",3,13,376,173,203
050,45,089,"South Carolina","Williamsburg County",3,14,405,201,204
050,45,089,"South Carolina","Williamsburg County",3,15,378,186,192
050,45,089,"South Carolina","Williamsburg County",3,16,394,201,193
050,45,089,"South Carolina","Williamsburg County",3,17,393,209,184
050,45,089,"South Carolina","Williamsburg County",3,18,328,174,154
050,45,089,"South Carolina","Williamsburg County",3,19,306,165,141
050,45,089,"South Carolina","Williamsburg County",3,20,328,165,163
050,45,089,"South Carolina","Williamsburg County",3,21,354,175,179
050,45,089,"South Carolina","Williamsburg County",3,22,339,171,168
050,45,089,"South Carolina","Williamsburg County",3,23,345,191,154
050,45,089,"South Carolina","Williamsburg County",3,24,331,163,168
050,45,089,"South Carolina","Williamsburg County",3,25,346,188,158
050,45,089,"South Carolina","Williamsburg County",3,26,382,206,176
050,45,089,"South Carolina","Williamsburg County",3,27,382,204,178
050,45,089,"South Carolina","Williamsburg County",3,28,432,236,196
050,45,089,"South Carolina","Williamsburg County",3,29,417,228,189
050,45,089,"South Carolina","Williamsburg County",3,30,401,223,178
050,45,089,"South Carolina","Williamsburg County",3,31,397,232,165
050,45,089,"South Carolina","Williamsburg County",3,32,389,226,163
050,45,089,"South Carolina","Williamsburg County",3,33,355,215,140
050,45,089,"South Carolina","Williamsburg County",3,34,344,213,131
050,45,089,"South Carolina","Williamsburg County",3,35,328,182,146
050,45,089,"South Carolina","Williamsburg County",3,36,371,205,166
050,45,089,"South Carolina","Williamsburg County",3,37,340,185,155
050,45,089,"South Carolina","Williamsburg County",3,38,338,186,152
050,45,089,"South Carolina","Williamsburg County",3,39,383,221,162
050,45,089,"South Carolina","Williamsburg County",3,40,351,187,164
050,45,089,"South Carolina","Williamsburg County",3,41,348,184,164
050,45,089,"South Carolina","Williamsburg County",3,42,354,178,176
050,45,089,"South Carolina","Williamsburg County",3,43,371,182,189
050,45,089,"South Carolina","Williamsburg County",3,44,363,174,189
050,45,089,"South Carolina","Williamsburg County",3,45,353,181,172
050,45,089,"South Carolina","Williamsburg County",3,46,352,177,175
050,45,089,"South Carolina","Williamsburg County",3,47,370,195,175
050,45,089,"South Carolina","Williamsburg County",3,48,339,164,175
050,45,089,"South Carolina","Williamsburg County",3,49,406,207,199
050,45,089,"South Carolina","Williamsburg County",3,50,412,196,216
050,45,089,"South Carolina","Williamsburg County",3,51,389,181,208
050,45,089,"South Carolina","Williamsburg County",3,52,387,173,214
050,45,089,"South Carolina","Williamsburg County",3,53,382,169,213
050,45,089,"South Carolina","Williamsburg County",3,54,376,170,206
050,45,089,"South Carolina","Williamsburg County",3,55,373,175,198
050,45,089,"South Carolina","Williamsburg County",3,56,391,187,204
050,45,089,"South Carolina","Williamsburg County",3,57,395,184,211
050,45,089,"South Carolina","Williamsburg County",3,58,422,201,221
050,45,089,"South Carolina","Williamsburg County",3,59,419,198,221
050,45,089,"South Carolina","Williamsburg County",3,60,407,203,204
050,45,089,"South Carolina","Williamsburg County",3,61,425,192,233
050,45,089,"South Carolina","Williamsburg County",3,62,445,167,278
050,45,089,"South Carolina","Williamsburg County",3,63,472,192,280
050,45,089,"South Carolina","Williamsburg County",3,64,470,204,266
050,45,089,"South Carolina","Williamsburg County",3,65,455,205,250
050,45,089,"South Carolina","Williamsburg County",3,66,473,208,265
050,45,089,"South Carolina","Williamsburg County",3,67,459,188,271
050,45,089,"South Carolina","Williamsburg County",3,68,412,171,241
050,45,089,"South Carolina","Williamsburg County",3,69,418,183,235
050,45,089,"South Carolina","Williamsburg County",3,70,420,204,216
050,45,089,"South Carolina","Williamsburg County",3,71,405,192,213
050,45,089,"South Carolina","Williamsburg County",3,72,409,185,224
050,45,089,"South Carolina","Williamsburg County",3,73,392,172,220
050,45,089,"South Carolina","Williamsburg County",3,74,385,176,209
050,45,089,"South Carolina","Williamsburg County",3,75,263,113,150
050,45,089,"South Carolina","Williamsburg County",3,76,258,110,148
050,45,089,"South Carolina","Williamsburg County",3,77,250,117,133
050,45,089,"South Carolina","Williamsburg County",3,78,262,116,146
050,45,089,"South Carolina","Williamsburg County",3,79,218,95,123
050,45,089,"South Carolina","Williamsburg County",3,80,193,83,110
050,45,089,"South Carolina","Williamsburg County",3,81,143,64,79
050,45,089,"South Carolina","Williamsburg County",3,82,127,56,71
050,45,089,"South Carolina","Williamsburg County",3,83,112,38,74
050,45,089,"South Carolina","Williamsburg County",3,84,112,43,69
050,45,089,"South Carolina","Williamsburg County",3,85,598,162,436
050,45,089,"South Carolina","Williamsburg County",4,0,260,122,138
050,45,089,"South Carolina","Williamsburg County",4,1,239,101,138
050,45,089,"South Carolina","Williamsburg County",4,2,280,146,134
050,45,089,"South Carolina","Williamsburg County",4,3,270,142,128
050,45,089,"South Carolina","Williamsburg County",4,4,291,152,139
050,45,089,"South Carolina","Williamsburg County",4,5,313,158,155
050,45,089,"South Carolina","Williamsburg County",4,6,319,157,162
050,45,089,"South Carolina","Williamsburg County",4,7,320,146,174
050,45,089,"South Carolina","Williamsburg County",4,8,325,163,162
050,45,089,"South Carolina","Williamsburg County",4,9,322,151,171
050,45,089,"South Carolina","Williamsburg County",4,10,327,172,155
050,45,089,"South Carolina","Williamsburg County",4,11,335,173,162
050,45,089,"South Carolina","Williamsburg County",4,12,323,169,154
050,45,089,"South Carolina","Williamsburg County",4,13,340,179,161
050,45,089,"South Carolina","Williamsburg County",4,14,374,167,207
050,45,089,"South Carolina","Williamsburg County",4,15,411,205,206
050,45,089,"South Carolina","Williamsburg County",4,16,382,197,185
050,45,089,"South Carolina","Williamsburg County",4,17,398,211,187
050,45,089,"South Carolina","Williamsburg County",4,18,326,178,148
050,45,089,"South Carolina","Williamsburg County",4,19,280,149,131
050,45,089,"South Carolina","Williamsburg County",4,20,334,178,156
050,45,089,"South Carolina","Williamsburg County",4,21,346,176,170
050,45,089,"South Carolina","Williamsburg County",4,22,358,181,177
050,45,089,"South Carolina","Williamsburg County",4,23,352,197,155
050,45,089,"South Carolina","Williamsburg County",4,24,322,172,150
050,45,089,"South Carolina","Williamsburg County",4,25,345,183,162
050,45,089,"South Carolina","Williamsburg County",4,26,356,192,164
050,45,089,"South Carolina","Williamsburg County",4,27,386,209,177
050,45,089,"South Carolina","Williamsburg County",4,28,395,215,180
050,45,089,"South Carolina","Williamsburg County",4,29,418,235,183
050,45,089,"South Carolina","Williamsburg County",4,30,403,222,181
050,45,089,"South Carolina","Williamsburg County",4,31,394,219,175
050,45,089,"South Carolina","Williamsburg County",4,32,386,224,162
050,45,089,"South Carolina","Williamsburg County",4,33,396,232,164
050,45,089,"South Carolina","Williamsburg County",4,34,363,209,154
050,45,089,"South Carolina","Williamsburg County",4,35,312,187,125
050,45,089,"South Carolina","Williamsburg County",4,36,345,195,150
050,45,089,"South Carolina","Williamsburg County",4,37,367,202,165
050,45,089,"South Carolina","Williamsburg County",4,38,332,181,151
050,45,089,"South Carolina","Williamsburg County",4,39,364,210,154
050,45,089,"South Carolina","Williamsburg County",4,40,336,174,162
050,45,089,"South Carolina","Williamsburg County",4,41,363,200,163
050,45,089,"South Carolina","Williamsburg County",4,42,333,168,165
050,45,089,"South Carolina","Williamsburg County",4,43,359,178,181
050,45,089,"South Carolina","Williamsburg County",4,44,361,170,191
050,45,089,"South Carolina","Williamsburg County",4,45,388,203,185
050,45,089,"South Carolina","Williamsburg County",4,46,334,165,169
050,45,089,"South Carolina","Williamsburg County",4,47,356,180,176
050,45,089,"South Carolina","Williamsburg County",4,48,345,172,173
050,45,089,"South Carolina","Williamsburg County",4,49,373,199,174
050,45,089,"South Carolina","Williamsburg County",4,50,385,184,201
050,45,089,"South Carolina","Williamsburg County",4,51,392,174,218
050,45,089,"South Carolina","Williamsburg County",4,52,391,186,205
050,45,089,"South Carolina","Williamsburg County",4,53,384,164,220
050,45,089,"South Carolina","Williamsburg County",4,54,373,159,214
050,45,089,"South Carolina","Williamsburg County",4,55,390,181,209
050,45,089,"South Carolina","Williamsburg County",4,56,367,169,198
050,45,089,"South Carolina","Williamsburg County",4,57,387,179,208
050,45,089,"South Carolina","Williamsburg County",4,58,404,199,205
050,45,089,"South Carolina","Williamsburg County",4,59,410,191,219
050,45,089,"South Carolina","Williamsburg County",4,60,409,194,215
050,45,089,"South Carolina","Williamsburg County",4,61,397,194,203
050,45,089,"South Carolina","Williamsburg County",4,62,421,191,230
050,45,089,"South Carolina","Williamsburg County",4,63,442,170,272
050,45,089,"South Carolina","Williamsburg County",4,64,456,180,276
050,45,089,"South Carolina","Williamsburg County",4,65,460,203,257
050,45,089,"South Carolina","Williamsburg County",4,66,453,199,254
050,45,089,"South Carolina","Williamsburg County",4,67,464,201,263
050,45,089,"South Carolina","Williamsburg County",4,68,446,194,252
050,45,089,"South Carolina","Williamsburg County",4,69,383,147,236
050,45,089,"South Carolina","Williamsburg County",4,70,415,183,232
050,45,089,"South Carolina","Williamsburg County",4,71,406,196,210
050,45,089,"South Carolina","Williamsburg County",4,72,388,187,201
050,45,089,"South Carolina","Williamsburg County",4,73,383,168,215
050,45,089,"South Carolina","Williamsburg County",4,74,384,170,214
050,45,089,"South Carolina","Williamsburg County",4,75,364,163,201
050,45,089,"South Carolina","Williamsburg County",4,76,254,107,147
050,45,089,"South Carolina","Williamsburg County",4,77,248,107,141
050,45,089,"South Carolina","Williamsburg County",4,78,242,112,130
050,45,089,"South Carolina","Williamsburg County",4,79,255,114,141
050,45,089,"South Carolina","Williamsburg County",4,80,198,86,112
050,45,089,"South Carolina","Williamsburg County",4,81,178,77,101
050,45,089,"South Carolina","Williamsburg County",4,82,124,53,71
050,45,089,"South Carolina","Williamsburg County",4,83,119,50,69
050,45,089,"South Carolina","Williamsburg County",4,84,95,32,63
050,45,089,"South Carolina","Williamsburg County",4,85,589,161,428
050,45,089,"South Carolina","Williamsburg County",5,0,256,120,136
050,45,089,"South Carolina","Williamsburg County",5,1,263,129,134
050,45,089,"South Carolina","Williamsburg County",5,2,244,108,136
050,45,089,"South Carolina","Williamsburg County",5,3,266,135,131
050,45,089,"South Carolina","Williamsburg County",5,4,277,143,134
050,45,089,"South Carolina","Williamsburg County",5,5,280,139,141
050,45,089,"South Carolina","Williamsburg County",5,6,328,160,168
050,45,089,"South Carolina","Williamsburg County",5,7,315,159,156
050,45,089,"South Carolina","Williamsburg County",5,8,325,147,178
050,45,089,"South Carolina","Williamsburg County",5,9,319,158,161
050,45,089,"South Carolina","Williamsburg County",5,10,329,158,171
050,45,089,"South Carolina","Williamsburg County",5,11,334,169,165
050,45,089,"South Carolina","Williamsburg County",5,12,329,165,164
050,45,089,"South Carolina","Williamsburg County",5,13,315,166,149
050,45,089,"South Carolina","Williamsburg County",5,14,351,185,166
050,45,089,"South Carolina","Williamsburg County",5,15,368,166,202
050,45,089,"South Carolina","Williamsburg County",5,16,406,208,198
050,45,089,"South Carolina","Williamsburg County",5,17,387,197,190
050,45,089,"South Carolina","Williamsburg County",5,18,330,182,148
050,45,089,"South Carolina","Williamsburg County",5,19,277,159,118
050,45,089,"South Carolina","Williamsburg County",5,20,299,155,144
050,45,089,"South Carolina","Williamsburg County",5,21,346,194,152
050,45,089,"South Carolina","Williamsburg County",5,22,356,176,180
050,45,089,"South Carolina","Williamsburg County",5,23,384,203,181
050,45,089,"South Carolina","Williamsburg County",5,24,339,181,158
050,45,089,"South Carolina","Williamsburg County",5,25,349,195,154
050,45,089,"South Carolina","Williamsburg County",5,26,351,184,167
050,45,089,"South Carolina","Williamsburg County",5,27,374,196,178
050,45,089,"South Carolina","Williamsburg County",5,28,402,229,173
050,45,089,"South Carolina","Williamsburg County",5,29,385,208,177
050,45,089,"South Carolina","Williamsburg County",5,30,400,217,183
050,45,089,"South Carolina","Williamsburg County",5,31,385,221,164
050,45,089,"South Carolina","Williamsburg County",5,32,398,225,173
050,45,089,"South Carolina","Williamsburg County",5,33,405,238,167
050,45,089,"South Carolina","Williamsburg County",5,34,390,221,169
050,45,089,"South Carolina","Williamsburg County",5,35,340,177,163
050,45,089,"South Carolina","Williamsburg County",5,36,328,197,131
050,45,089,"South Carolina","Williamsburg County",5,37,343,190,153
050,45,089,"South Carolina","Williamsburg County",5,38,362,203,159
050,45,089,"South Carolina","Williamsburg County",5,39,351,205,146
050,45,089,"South Carolina","Williamsburg County",5,40,326,179,147
050,45,089,"South Carolina","Williamsburg County",5,41,344,184,160
050,45,089,"South Carolina","Williamsburg County",5,42,339,175,164
050,45,089,"South Carolina","Williamsburg County",5,43,333,171,162
050,45,089,"South Carolina","Williamsburg County",5,44,357,182,175
050,45,089,"South Carolina","Williamsburg County",5,45,382,191,191
050,45,089,"South Carolina","Williamsburg County",5,46,366,184,182
050,45,089,"South Carolina","Williamsburg County",5,47,340,170,170
050,45,089,"South Carolina","Williamsburg County",5,48,331,155,176
050,45,089,"South Carolina","Williamsburg County",5,49,372,203,169
050,45,089,"South Carolina","Williamsburg County",5,50,352,175,177
050,45,089,"South Carolina","Williamsburg County",5,51,360,159,201
050,45,089,"South Carolina","Williamsburg County",5,52,396,184,212
050,45,089,"South Carolina","Williamsburg County",5,53,392,184,208
050,45,089,"South Carolina","Williamsburg County",5,54,371,151,220
050,45,089,"South Carolina","Williamsburg County",5,55,380,163,217
050,45,089,"South Carolina","Williamsburg County",5,56,385,173,212
050,45,089,"South Carolina","Williamsburg County",5,57,370,164,206
050,45,089,"South Carolina","Williamsburg County",5,58,391,186,205
050,45,089,"South Carolina","Williamsburg County",5,59,391,181,210
050,45,089,"South Carolina","Williamsburg County",5,60,401,183,218
050,45,089,"South Carolina","Williamsburg County",5,61,409,194,215
050,45,089,"South Carolina","Williamsburg County",5,62,387,190,197
050,45,089,"South Carolina","Williamsburg County",5,63,419,196,223
050,45,089,"South Carolina","Williamsburg County",5,64,424,158,266
050,45,089,"South Carolina","Williamsburg County",5,65,436,173,263
050,45,089,"South Carolina","Williamsburg County",5,66,453,198,255
050,45,089,"South Carolina","Williamsburg County",5,67,444,193,251
050,45,089,"South Carolina","Williamsburg County",5,68,461,210,251
050,45,089,"South Carolina","Williamsburg County",5,69,428,173,255
050,45,089,"South Carolina","Williamsburg County",5,70,376,146,230
050,45,089,"South Carolina","Williamsburg County",5,71,401,171,230
050,45,089,"South Carolina","Williamsburg County",5,72,395,192,203
050,45,089,"South Carolina","Williamsburg County",5,73,371,174,197
050,45,089,"South Carolina","Williamsburg County",5,74,369,162,207
050,45,089,"South Carolina","Williamsburg County",5,75,371,159,212
050,45,089,"South Carolina","Williamsburg County",5,76,355,159,196
050,45,089,"South Carolina","Williamsburg County",5,77,240,101,139
050,45,089,"South Carolina","Williamsburg County",5,78,246,107,139
050,45,089,"South Carolina","Williamsburg County",5,79,236,111,125
050,45,089,"South Carolina","Williamsburg County",5,80,238,106,132
050,45,089,"South Carolina","Williamsburg County",5,81,188,81,107
050,45,089,"South Carolina","Williamsburg County",5,82,169,69,100
050,45,089,"South Carolina","Williamsburg County",5,83,119,49,70
050,45,089,"South Carolina","Williamsburg County",5,84,109,47,62
050,45,089,"South Carolina","Williamsburg County",5,85,582,160,422
050,45,091,"South Carolina","York County",1,0,2864,1448,1416
050,45,091,"South Carolina","York County",1,1,2980,1506,1474
050,45,091,"South Carolina","York County",1,2,3259,1679,1580
050,45,091,"South Carolina","York County",1,3,3369,1696,1673
050,45,091,"South Carolina","York County",1,4,3567,1863,1704
050,45,091,"South Carolina","York County",1,5,3738,1902,1836
050,45,091,"South Carolina","York County",1,6,3831,1945,1886
050,45,091,"South Carolina","York County",1,7,3879,1969,1910
050,45,091,"South Carolina","York County",1,8,3862,1988,1874
050,45,091,"South Carolina","York County",1,9,3925,2046,1879
050,45,091,"South Carolina","York County",1,10,4141,2075,2066
050,45,091,"South Carolina","York County",1,11,4216,2099,2117
050,45,091,"South Carolina","York County",1,12,4351,2204,2147
050,45,091,"South Carolina","York County",1,13,4206,2148,2058
050,45,091,"South Carolina","York County",1,14,4165,2147,2018
050,45,091,"South Carolina","York County",1,15,3981,2020,1961
050,45,091,"South Carolina","York County",1,16,4001,2018,1983
050,45,091,"South Carolina","York County",1,17,3897,1945,1952
050,45,091,"South Carolina","York County",1,18,3670,1792,1878
050,45,091,"South Carolina","York County",1,19,3538,1637,1901
050,45,091,"South Carolina","York County",1,20,3372,1621,1751
050,45,091,"South Carolina","York County",1,21,3174,1520,1654
050,45,091,"South Carolina","York County",1,22,3003,1478,1525
050,45,091,"South Carolina","York County",1,23,3063,1501,1562
050,45,091,"South Carolina","York County",1,24,3126,1547,1579
050,45,091,"South Carolina","York County",1,25,3073,1494,1579
050,45,091,"South Carolina","York County",1,26,3053,1478,1575
050,45,091,"South Carolina","York County",1,27,3172,1526,1646
050,45,091,"South Carolina","York County",1,28,3310,1579,1731
050,45,091,"South Carolina","York County",1,29,3443,1645,1798
050,45,091,"South Carolina","York County",1,30,3613,1647,1966
050,45,091,"South Carolina","York County",1,31,3716,1727,1989
050,45,091,"South Carolina","York County",1,32,3649,1738,1911
050,45,091,"South Carolina","York County",1,33,3749,1813,1936
050,45,091,"South Carolina","York County",1,34,3798,1829,1969
050,45,091,"South Carolina","York County",1,35,3826,1834,1992
050,45,091,"South Carolina","York County",1,36,3901,1838,2063
050,45,091,"South Carolina","York County",1,37,4098,1942,2156
050,45,091,"South Carolina","York County",1,38,4188,1996,2192
050,45,091,"South Carolina","York County",1,39,4254,2099,2155
050,45,091,"South Carolina","York County",1,40,4101,2012,2089
050,45,091,"South Carolina","York County",1,41,4019,1992,2027
050,45,091,"South Carolina","York County",1,42,4032,1937,2095
050,45,091,"South Carolina","York County",1,43,3903,1922,1981
050,45,091,"South Carolina","York County",1,44,3767,1915,1852
050,45,091,"South Carolina","York County",1,45,3911,1916,1995
050,45,091,"South Carolina","York County",1,46,3869,1906,1963
050,45,091,"South Carolina","York County",1,47,3945,1914,2031
050,45,091,"South Carolina","York County",1,48,4178,2011,2167
050,45,091,"South Carolina","York County",1,49,4435,2199,2236
050,45,091,"South Carolina","York County",1,50,4168,2103,2065
050,45,091,"South Carolina","York County",1,51,3943,1962,1981
050,45,091,"South Carolina","York County",1,52,3742,1850,1892
050,45,091,"South Carolina","York County",1,53,3677,1786,1891
050,45,091,"South Carolina","York County",1,54,3715,1827,1888
050,45,091,"South Carolina","York County",1,55,3822,1899,1923
050,45,091,"South Carolina","York County",1,56,3838,1872,1966
050,45,091,"South Carolina","York County",1,57,3806,1848,1958
050,45,091,"South Carolina","York County",1,58,3784,1850,1934
050,45,091,"South Carolina","York County",1,59,3681,1795,1886
050,45,091,"South Carolina","York County",1,60,3528,1727,1801
050,45,091,"South Carolina","York County",1,61,3438,1651,1787
050,45,091,"South Carolina","York County",1,62,3510,1711,1799
050,45,091,"South Carolina","York County",1,63,3333,1590,1743
050,45,091,"South Carolina","York County",1,64,3187,1554,1633
050,45,091,"South Carolina","York County",1,65,3025,1452,1573
050,45,091,"South Carolina","York County",1,66,2990,1390,1600
050,45,091,"South Carolina","York County",1,67,2849,1262,1587
050,45,091,"South Carolina","York County",1,68,2709,1237,1472
050,45,091,"South Carolina","York County",1,69,2598,1188,1410
050,45,091,"South Carolina","York County",1,70,2543,1154,1389
050,45,091,"South Carolina","York County",1,71,2513,1157,1356
050,45,091,"South Carolina","York County",1,72,2531,1189,1342
050,45,091,"South Carolina","York County",1,73,2472,1181,1291
050,45,091,"South Carolina","York County",1,74,1681,773,908
050,45,091,"South Carolina","York County",1,75,1641,741,900
050,45,091,"South Carolina","York County",1,76,1625,745,880
050,45,091,"South Carolina","York County",1,77,1598,740,858
050,45,091,"South Carolina","York County",1,78,1299,590,709
050,45,091,"South Carolina","York County",1,79,1207,543,664
050,45,091,"South Carolina","York County",1,80,1057,446,611
050,45,091,"South Carolina","York County",1,81,915,379,536
050,45,091,"South Carolina","York County",1,82,801,332,469
050,45,091,"South Carolina","York County",1,83,721,292,429
050,45,091,"South Carolina","York County",1,84,658,278,380
050,45,091,"South Carolina","York County",1,85,3303,1130,2173
050,45,091,"South Carolina","York County",2,0,2862,1454,1408
050,45,091,"South Carolina","York County",2,1,2991,1515,1476
050,45,091,"South Carolina","York County",2,2,3222,1654,1568
050,45,091,"South Carolina","York County",2,3,3366,1706,1660
050,45,091,"South Carolina","York County",2,4,3567,1852,1715
050,45,091,"South Carolina","York County",2,5,3727,1907,1820
050,45,091,"South Carolina","York County",2,6,3846,1959,1887
050,45,091,"South Carolina","York County",2,7,3899,1986,1913
050,45,091,"South Carolina","York County",2,8,3883,1995,1888
050,45,091,"South Carolina","York County",2,9,3940,2049,1891
050,45,091,"South Carolina","York County",2,10,4121,2082,2039
050,45,091,"South Carolina","York County",2,11,4216,2103,2113
050,45,091,"South Carolina","York County",2,12,4371,2208,2163
050,45,091,"South Carolina","York County",2,13,4272,2175,2097
050,45,091,"South Carolina","York County",2,14,4198,2157,2041
050,45,091,"South Carolina","York County",2,15,4052,2065,1987
050,45,091,"South Carolina","York County",2,16,4022,2036,1986
050,45,091,"South Carolina","York County",2,17,3928,1961,1967
050,45,091,"South Carolina","York County",2,18,3682,1793,1889
050,45,091,"South Carolina","York County",2,19,3554,1648,1906
050,45,091,"South Carolina","York County",2,20,3435,1642,1793
050,45,091,"South Carolina","York County",2,21,3195,1531,1664
050,45,091,"South Carolina","York County",2,22,3044,1489,1555
050,45,091,"South Carolina","York County",2,23,3065,1511,1554
050,45,091,"South Carolina","York County",2,24,3133,1544,1589
050,45,091,"South Carolina","York County",2,25,3093,1506,1587
050,45,091,"South Carolina","York County",2,26,3094,1502,1592
050,45,091,"South Carolina","York County",2,27,3169,1525,1644
050,45,091,"South Carolina","York County",2,28,3305,1576,1729
050,45,091,"South Carolina","York County",2,29,3456,1647,1809
050,45,091,"South Carolina","York County",2,30,3633,1673,1960
050,45,091,"South Carolina","York County",2,31,3723,1722,2001
050,45,091,"South Carolina","York County",2,32,3708,1754,1954
050,45,091,"South Carolina","York County",2,33,3773,1823,1950
050,45,091,"South Carolina","York County",2,34,3841,1853,1988
050,45,091,"South Carolina","York County",2,35,3891,1863,2028
050,45,091,"South Carolina","York County",2,36,3902,1845,2057
050,45,091,"South Carolina","York County",2,37,4104,1942,2162
050,45,091,"South Carolina","York County",2,38,4229,2020,2209
050,45,091,"South Carolina","York County",2,39,4260,2087,2173
050,45,091,"South Carolina","York County",2,40,4218,2078,2140
050,45,091,"South Carolina","York County",2,41,4068,2009,2059
050,45,091,"South Carolina","York County",2,42,4035,1954,2081
050,45,091,"South Carolina","York County",2,43,3986,1954,2032
050,45,091,"South Carolina","York County",2,44,3789,1909,1880
050,45,091,"South Carolina","York County",2,45,3921,1938,1983
050,45,091,"South Carolina","York County",2,46,3883,1914,1969
050,45,091,"South Carolina","York County",2,47,3935,1917,2018
050,45,091,"South Carolina","York County",2,48,4150,2002,2148
050,45,091,"South Carolina","York County",2,49,4408,2175,2233
050,45,091,"South Carolina","York County",2,50,4256,2141,2115
050,45,091,"South Carolina","York County",2,51,4002,2003,1999
050,45,091,"South Carolina","York County",2,52,3800,1882,1918
050,45,091,"South Carolina","York County",2,53,3703,1802,1901
050,45,091,"South Carolina","York County",2,54,3709,1822,1887
050,45,091,"South Carolina","York County",2,55,3801,1878,1923
050,45,091,"South Carolina","York County",2,56,3857,1892,1965
050,45,091,"South Carolina","York County",2,57,3833,1859,1974
050,45,091,"South Carolina","York County",2,58,3801,1857,1944
050,45,091,"South Carolina","York County",2,59,3744,1826,1918
050,45,091,"South Carolina","York County",2,60,3565,1742,1823
050,45,091,"South Carolina","York County",2,61,3458,1664,1794
050,45,091,"South Carolina","York County",2,62,3493,1696,1797
050,45,091,"South Carolina","York County",2,63,3399,1630,1769
050,45,091,"South Carolina","York County",2,64,3204,1551,1653
050,45,091,"South Carolina","York County",2,65,3067,1475,1592
050,45,091,"South Carolina","York County",2,66,3007,1403,1604
050,45,091,"South Carolina","York County",2,67,2875,1288,1587
050,45,091,"South Carolina","York County",2,68,2721,1234,1487
050,45,091,"South Carolina","York County",2,69,2648,1210,1438
050,45,091,"South Carolina","York County",2,70,2553,1162,1391
050,45,091,"South Carolina","York County",2,71,2523,1157,1366
050,45,091,"South Carolina","York County",2,72,2491,1162,1329
050,45,091,"South Carolina","York County",2,73,2593,1239,1354
050,45,091,"South Carolina","York County",2,74,1760,818,942
050,45,091,"South Carolina","York County",2,75,1650,748,902
050,45,091,"South Carolina","York County",2,76,1614,734,880
050,45,091,"South Carolina","York County",2,77,1619,743,876
050,45,091,"South Carolina","York County",2,78,1340,610,730
050,45,091,"South Carolina","York County",2,79,1203,541,662
050,45,091,"South Carolina","York County",2,80,1087,465,622
050,45,091,"South Carolina","York County",2,81,934,391,543
050,45,091,"South Carolina","York County",2,82,826,342,484
050,45,091,"South Carolina","York County",2,83,725,293,432
050,45,091,"South Carolina","York County",2,84,661,278,383
050,45,091,"South Carolina","York County",2,85,3341,1152,2189
050,45,091,"South Carolina","York County",3,0,2869,1514,1355
050,45,091,"South Carolina","York County",3,1,3024,1576,1448
050,45,091,"South Carolina","York County",3,2,3127,1558,1569
050,45,091,"South Carolina","York County",3,3,3388,1750,1638
050,45,091,"South Carolina","York County",3,4,3474,1778,1696
050,45,091,"South Carolina","York County",3,5,3722,1908,1814
050,45,091,"South Carolina","York County",3,6,3850,1985,1865
050,45,091,"South Carolina","York County",3,7,3957,2023,1934
050,45,091,"South Carolina","York County",3,8,3961,2023,1938
050,45,091,"South Carolina","York County",3,9,3950,2021,1929
050,45,091,"South Carolina","York County",3,10,4057,2115,1942
050,45,091,"South Carolina","York County",3,11,4201,2134,2067
050,45,091,"South Carolina","York County",3,12,4314,2156,2158
050,45,091,"South Carolina","York County",3,13,4415,2230,2185
050,45,091,"South Carolina","York County",3,14,4357,2230,2127
050,45,091,"South Carolina","York County",3,15,4239,2191,2048
050,45,091,"South Carolina","York County",3,16,4040,2077,1963
050,45,091,"South Carolina","York County",3,17,4049,2054,1995
050,45,091,"South Carolina","York County",3,18,3795,1858,1937
050,45,091,"South Carolina","York County",3,19,3524,1657,1867
050,45,091,"South Carolina","York County",3,20,3497,1668,1829
050,45,091,"South Carolina","York County",3,21,3322,1584,1738
050,45,091,"South Carolina","York County",3,22,3208,1562,1646
050,45,091,"South Carolina","York County",3,23,3097,1524,1573
050,45,091,"South Carolina","York County",3,24,3129,1560,1569
050,45,091,"South Carolina","York County",3,25,3131,1536,1595
050,45,091,"South Carolina","York County",3,26,3179,1552,1627
050,45,091,"South Carolina","York County",3,27,3153,1543,1610
050,45,091,"South Carolina","York County",3,28,3245,1563,1682
050,45,091,"South Carolina","York County",3,29,3419,1638,1781
050,45,091,"South Carolina","York County",3,30,3645,1749,1896
050,45,091,"South Carolina","York County",3,31,3708,1697,2011
050,45,091,"South Carolina","York County",3,32,3842,1771,2071
050,45,091,"South Carolina","York County",3,33,3861,1837,2024
050,45,091,"South Carolina","York County",3,34,3952,1921,2031
050,45,091,"South Carolina","York County",3,35,3980,1888,2092
050,45,091,"South Carolina","York County",3,36,4075,1962,2113
050,45,091,"South Carolina","York County",3,37,4051,1922,2129
050,45,091,"South Carolina","York County",3,38,4267,2014,2253
050,45,091,"South Carolina","York County",3,39,4363,2083,2280
050,45,091,"South Carolina","York County",3,40,4418,2161,2257
050,45,091,"South Carolina","York County",3,41,4333,2137,2196
050,45,091,"South Carolina","York County",3,42,4170,2074,2096
050,45,091,"South Carolina","York County",3,43,4092,1979,2113
050,45,091,"South Carolina","York County",3,44,4036,1984,2052
050,45,091,"South Carolina","York County",3,45,3854,1951,1903
050,45,091,"South Carolina","York County",3,46,3959,1967,1992
050,45,091,"South Carolina","York County",3,47,3930,1927,2003
050,45,091,"South Carolina","York County",3,48,3980,1944,2036
050,45,091,"South Carolina","York County",3,49,4144,1998,2146
050,45,091,"South Carolina","York County",3,50,4395,2165,2230
050,45,091,"South Carolina","York County",3,51,4219,2128,2091
050,45,091,"South Carolina","York County",3,52,4023,2018,2005
050,45,091,"South Carolina","York County",3,53,3831,1894,1937
050,45,091,"South Carolina","York County",3,54,3734,1846,1888
050,45,091,"South Carolina","York County",3,55,3731,1817,1914
050,45,091,"South Carolina","York County",3,56,3831,1914,1917
050,45,091,"South Carolina","York County",3,57,3840,1880,1960
050,45,091,"South Carolina","York County",3,58,3804,1859,1945
050,45,091,"South Carolina","York County",3,59,3804,1847,1957
050,45,091,"South Carolina","York County",3,60,3702,1810,1892
050,45,091,"South Carolina","York County",3,61,3569,1732,1837
050,45,091,"South Carolina","York County",3,62,3436,1643,1793
050,45,091,"South Carolina","York County",3,63,3446,1670,1776
050,45,091,"South Carolina","York County",3,64,3388,1600,1788
050,45,091,"South Carolina","York County",3,65,3174,1516,1658
050,45,091,"South Carolina","York County",3,66,3044,1466,1578
050,45,091,"South Carolina","York County",3,67,3016,1390,1626
050,45,091,"South Carolina","York County",3,68,2837,1251,1586
050,45,091,"South Carolina","York County",3,69,2719,1232,1487
050,45,091,"South Carolina","York County",3,70,2653,1205,1448
050,45,091,"South Carolina","York County",3,71,2515,1132,1383
050,45,091,"South Carolina","York County",3,72,2510,1144,1366
050,45,091,"South Carolina","York County",3,73,2452,1127,1325
050,45,091,"South Carolina","York County",3,74,2549,1208,1341
050,45,091,"South Carolina","York County",3,75,1725,800,925
050,45,091,"South Carolina","York County",3,76,1625,744,881
050,45,091,"South Carolina","York County",3,77,1570,713,857
050,45,091,"South Carolina","York County",3,78,1548,712,836
050,45,091,"South Carolina","York County",3,79,1249,554,695
050,45,091,"South Carolina","York County",3,80,1157,518,639
050,45,091,"South Carolina","York County",3,81,1024,426,598
050,45,091,"South Carolina","York County",3,82,890,374,516
050,45,091,"South Carolina","York County",3,83,766,309,457
050,45,091,"South Carolina","York County",3,84,668,259,409
050,45,091,"South Carolina","York County",3,85,3404,1178,2226
050,45,091,"South Carolina","York County",4,0,3083,1616,1467
050,45,091,"South Carolina","York County",4,1,3002,1607,1395
050,45,091,"South Carolina","York County",4,2,3172,1624,1548
050,45,091,"South Carolina","York County",4,3,3231,1611,1620
050,45,091,"South Carolina","York County",4,4,3497,1825,1672
050,45,091,"South Carolina","York County",4,5,3608,1835,1773
050,45,091,"South Carolina","York County",4,6,3856,1986,1870
050,45,091,"South Carolina","York County",4,7,3962,2046,1916
050,45,091,"South Carolina","York County",4,8,4039,2066,1973
050,45,091,"South Carolina","York County",4,9,4087,2095,1992
050,45,091,"South Carolina","York County",4,10,4012,2049,1963
050,45,091,"South Carolina","York County",4,11,4160,2201,1959
050,45,091,"South Carolina","York County",4,12,4277,2164,2113
050,45,091,"South Carolina","York County",4,13,4407,2196,2211
050,45,091,"South Carolina","York County",4,14,4466,2228,2238
050,45,091,"South Carolina","York County",4,15,4389,2275,2114
050,45,091,"South Carolina","York County",4,16,4254,2207,2047
050,45,091,"South Carolina","York County",4,17,4027,2054,1973
050,45,091,"South Carolina","York County",4,18,3862,1903,1959
050,45,091,"South Carolina","York County",4,19,3534,1676,1858
050,45,091,"South Carolina","York County",4,20,3416,1656,1760
050,45,091,"South Carolina","York County",4,21,3344,1612,1732
050,45,091,"South Carolina","York County",4,22,3262,1576,1686
050,45,091,"South Carolina","York County",4,23,3159,1563,1596
050,45,091,"South Carolina","York County",4,24,3116,1549,1567
050,45,091,"South Carolina","York County",4,25,3079,1523,1556
050,45,091,"South Carolina","York County",4,26,3133,1568,1565
050,45,091,"South Carolina","York County",4,27,3233,1554,1679
050,45,091,"South Carolina","York County",4,28,3304,1615,1689
050,45,091,"South Carolina","York County",4,29,3340,1592,1748
050,45,091,"South Carolina","York County",4,30,3542,1733,1809
050,45,091,"South Carolina","York County",4,31,3776,1795,1981
050,45,091,"South Carolina","York County",4,32,3802,1739,2063
050,45,091,"South Carolina","York County",4,33,4040,1866,2174
050,45,091,"South Carolina","York County",4,34,4040,1904,2136
050,45,091,"South Carolina","York County",4,35,4063,1940,2123
050,45,091,"South Carolina","York County",4,36,4099,1941,2158
050,45,091,"South Carolina","York County",4,37,4227,2055,2172
050,45,091,"South Carolina","York County",4,38,4245,2066,2179
050,45,091,"South Carolina","York County",4,39,4387,2080,2307
050,45,091,"South Carolina","York County",4,40,4534,2182,2352
050,45,091,"South Carolina","York County",4,41,4516,2196,2320
050,45,091,"South Carolina","York County",4,42,4387,2153,2234
050,45,091,"South Carolina","York County",4,43,4232,2120,2112
050,45,091,"South Carolina","York County",4,44,4220,2034,2186
050,45,091,"South Carolina","York County",4,45,4105,2042,2063
050,45,091,"South Carolina","York County",4,46,3908,1984,1924
050,45,091,"South Carolina","York County",4,47,3963,1961,2002
050,45,091,"South Carolina","York County",4,48,4024,1983,2041
050,45,091,"South Carolina","York County",4,49,3986,1947,2039
050,45,091,"South Carolina","York County",4,50,4147,1973,2174
050,45,091,"South Carolina","York County",4,51,4420,2183,2237
050,45,091,"South Carolina","York County",4,52,4233,2143,2090
050,45,091,"South Carolina","York County",4,53,4042,2018,2024
050,45,091,"South Carolina","York County",4,54,3792,1884,1908
050,45,091,"South Carolina","York County",4,55,3758,1848,1910
050,45,091,"South Carolina","York County",4,56,3745,1835,1910
050,45,091,"South Carolina","York County",4,57,3854,1909,1945
050,45,091,"South Carolina","York County",4,58,3839,1870,1969
050,45,091,"South Carolina","York County",4,59,3770,1834,1936
050,45,091,"South Carolina","York County",4,60,3803,1840,1963
050,45,091,"South Carolina","York County",4,61,3677,1814,1863
050,45,091,"South Carolina","York County",4,62,3548,1722,1826
050,45,091,"South Carolina","York County",4,63,3444,1636,1808
050,45,091,"South Carolina","York County",4,64,3433,1642,1791
050,45,091,"South Carolina","York County",4,65,3384,1595,1789
050,45,091,"South Carolina","York County",4,66,3118,1457,1661
050,45,091,"South Carolina","York County",4,67,3062,1472,1590
050,45,091,"South Carolina","York County",4,68,2989,1355,1634
050,45,091,"South Carolina","York County",4,69,2833,1252,1581
050,45,091,"South Carolina","York County",4,70,2720,1239,1481
050,45,091,"South Carolina","York County",4,71,2621,1181,1440
050,45,091,"South Carolina","York County",4,72,2479,1103,1376
050,45,091,"South Carolina","York County",4,73,2486,1128,1358
050,45,091,"South Carolina","York County",4,74,2397,1095,1302
050,45,091,"South Carolina","York County",4,75,2493,1169,1324
050,45,091,"South Carolina","York County",4,76,1682,781,901
050,45,091,"South Carolina","York County",4,77,1619,748,871
050,45,091,"South Carolina","York County",4,78,1533,701,832
050,45,091,"South Carolina","York County",4,79,1494,680,814
050,45,091,"South Carolina","York County",4,80,1225,542,683
050,45,091,"South Carolina","York County",4,81,1087,485,602
050,45,091,"South Carolina","York County",4,82,968,393,575
050,45,091,"South Carolina","York County",4,83,838,339,499
050,45,091,"South Carolina","York County",4,84,711,276,435
050,45,091,"South Carolina","York County",4,85,3550,1239,2311
050,45,091,"South Carolina","York County",5,0,3339,1732,1607
050,45,091,"South Carolina","York County",5,1,3143,1616,1527
050,45,091,"South Carolina","York County",5,2,3170,1669,1501
050,45,091,"South Carolina","York County",5,3,3230,1629,1601
050,45,091,"South Carolina","York County",5,4,3325,1649,1676
050,45,091,"South Carolina","York County",5,5,3577,1845,1732
050,45,091,"South Carolina","York County",5,6,3694,1872,1822
050,45,091,"South Carolina","York County",5,7,3928,2039,1889
050,45,091,"South Carolina","York County",5,8,4038,2096,1942
050,45,091,"South Carolina","York County",5,9,4104,2115,1989
050,45,091,"South Carolina","York County",5,10,4189,2144,2045
050,45,091,"South Carolina","York County",5,11,4061,2077,1984
050,45,091,"South Carolina","York County",5,12,4200,2204,1996
050,45,091,"South Carolina","York County",5,13,4384,2216,2168
050,45,091,"South Carolina","York County",5,14,4450,2221,2229
050,45,091,"South Carolina","York County",5,15,4513,2258,2255
050,45,091,"South Carolina","York County",5,16,4369,2259,2110
050,45,091,"South Carolina","York County",5,17,4259,2211,2048
050,45,091,"South Carolina","York County",5,18,3795,1894,1901
050,45,091,"South Carolina","York County",5,19,3596,1697,1899
050,45,091,"South Carolina","York County",5,20,3497,1705,1792
050,45,091,"South Carolina","York County",5,21,3307,1629,1678
050,45,091,"South Carolina","York County",5,22,3288,1605,1683
050,45,091,"South Carolina","York County",5,23,3202,1577,1625
050,45,091,"South Carolina","York County",5,24,3200,1604,1596
050,45,091,"South Carolina","York County",5,25,3069,1526,1543
050,45,091,"South Carolina","York County",5,26,3105,1553,1552
050,45,091,"South Carolina","York County",5,27,3190,1590,1600
050,45,091,"South Carolina","York County",5,28,3368,1600,1768
050,45,091,"South Carolina","York County",5,29,3340,1644,1696
050,45,091,"South Carolina","York County",5,30,3409,1630,1779
050,45,091,"South Carolina","York County",5,31,3710,1810,1900
050,45,091,"South Carolina","York County",5,32,3955,1897,2058
050,45,091,"South Carolina","York County",5,33,3911,1798,2113
050,45,091,"South Carolina","York County",5,34,4161,1904,2257
050,45,091,"South Carolina","York County",5,35,4180,1968,2212
050,45,091,"South Carolina","York County",5,36,4197,2011,2186
050,45,091,"South Carolina","York County",5,37,4217,2021,2196
050,45,091,"South Carolina","York County",5,38,4338,2121,2217
050,45,091,"South Carolina","York County",5,39,4341,2108,2233
050,45,091,"South Carolina","York County",5,40,4510,2143,2367
050,45,091,"South Carolina","York County",5,41,4606,2220,2386
050,45,091,"South Carolina","York County",5,42,4620,2262,2358
050,45,091,"South Carolina","York County",5,43,4429,2170,2259
050,45,091,"South Carolina","York County",5,44,4299,2147,2152
050,45,091,"South Carolina","York County",5,45,4251,2046,2205
050,45,091,"South Carolina","York County",5,46,4149,2067,2082
050,45,091,"South Carolina","York County",5,47,3894,1974,1920
050,45,091,"South Carolina","York County",5,48,3988,1998,1990
050,45,091,"South Carolina","York County",5,49,4010,1961,2049
050,45,091,"South Carolina","York County",5,50,3956,1926,2030
050,45,091,"South Carolina","York County",5,51,4159,1985,2174
050,45,091,"South Carolina","York County",5,52,4387,2175,2212
050,45,091,"South Carolina","York County",5,53,4215,2106,2109
050,45,091,"South Carolina","York County",5,54,4055,2030,2025
050,45,091,"South Carolina","York County",5,55,3732,1869,1863
050,45,091,"South Carolina","York County",5,56,3766,1856,1910
050,45,091,"South Carolina","York County",5,57,3771,1852,1919
050,45,091,"South Carolina","York County",5,58,3839,1888,1951
050,45,091,"South Carolina","York County",5,59,3783,1858,1925
050,45,091,"South Carolina","York County",5,60,3785,1842,1943
050,45,091,"South Carolina","York County",5,61,3756,1833,1923
050,45,091,"South Carolina","York County",5,62,3660,1788,1872
050,45,091,"South Carolina","York County",5,63,3537,1736,1801
050,45,091,"South Carolina","York County",5,64,3422,1610,1812
050,45,091,"South Carolina","York County",5,65,3412,1619,1793
050,45,091,"South Carolina","York County",5,66,3372,1565,1807
050,45,091,"South Carolina","York County",5,67,3107,1455,1652
050,45,091,"South Carolina","York County",5,68,3024,1443,1581
050,45,091,"South Carolina","York County",5,69,2967,1337,1630
050,45,091,"South Carolina","York County",5,70,2841,1263,1578
050,45,091,"South Carolina","York County",5,71,2694,1227,1467
050,45,091,"South Carolina","York County",5,72,2590,1164,1426
050,45,091,"South Carolina","York County",5,73,2450,1088,1362
050,45,091,"South Carolina","York County",5,74,2448,1104,1344
050,45,091,"South Carolina","York County",5,75,2362,1081,1281
050,45,091,"South Carolina","York County",5,76,2452,1136,1316
050,45,091,"South Carolina","York County",5,77,1636,766,870
050,45,091,"South Carolina","York County",5,78,1559,720,839
050,45,091,"South Carolina","York County",5,79,1448,652,796
050,45,091,"South Carolina","York County",5,80,1458,665,793
050,45,091,"South Carolina","York County",5,81,1166,509,657
050,45,091,"South Carolina","York County",5,82,1034,449,585
050,45,091,"South Carolina","York County",5,83,925,371,554
050,45,091,"South Carolina","York County",5,84,765,303,462
050,45,091,"South Carolina","York County",5,85,3682,1292,2390

