"SUMLEV","STATE","COUNTY","STNAME","CTYNAME","YEAR","AGE","TOT_POP","TOT_MALE","TOT_FEMALE"
050,08,001,"Colorado","Adams County",1,0,6498,3318,3180
050,08,001,"Colorado","Adams County",1,1,6737,3442,3295
050,08,001,"Colorado","Adams County",1,2,6950,3579,3371
050,08,001,"Colorado","Adams County",1,3,7085,3632,3453
050,08,001,"Colorado","Adams County",1,4,7276,3706,3570
050,08,001,"Colorado","Adams County",1,5,7330,3692,3638
050,08,001,"Colorado","Adams County",1,6,7317,3703,3614
050,08,001,"Colorado","Adams County",1,7,7390,3698,3692
050,08,001,"Colorado","Adams County",1,8,7340,3766,3574
050,08,001,"Colorado","Adams County",1,9,7555,3830,3725
050,08,001,"Colorado","Adams County",1,10,7869,4054,3815
050,08,001,"Colorado","Adams County",1,11,8007,4161,3846
050,08,001,"Colorado","Adams County",1,12,8308,4283,4025
050,08,001,"Colorado","Adams County",1,13,8186,4221,3965
050,08,001,"Colorado","Adams County",1,14,7901,4054,3847
050,08,001,"Colorado","Adams County",1,15,7924,4007,3917
050,08,001,"Colorado","Adams County",1,16,7973,4091,3882
050,08,001,"Colorado","Adams County",1,17,7914,4087,3827
050,08,001,"Colorado","Adams County",1,18,6853,3601,3252
050,08,001,"Colorado","Adams County",1,19,6146,3187,2959
050,08,001,"Colorado","Adams County",1,20,6219,3207,3012
050,08,001,"Colorado","Adams County",1,21,6262,3274,2988
050,08,001,"Colorado","Adams County",1,22,6457,3308,3149
050,08,001,"Colorado","Adams County",1,23,6781,3433,3348
050,08,001,"Colorado","Adams County",1,24,7151,3677,3474
050,08,001,"Colorado","Adams County",1,25,7356,3795,3561
050,08,001,"Colorado","Adams County",1,26,7692,3966,3726
050,08,001,"Colorado","Adams County",1,27,8144,4155,3989
050,08,001,"Colorado","Adams County",1,28,8626,4446,4180
050,08,001,"Colorado","Adams County",1,29,8684,4543,4141
050,08,001,"Colorado","Adams County",1,30,8619,4398,4221
050,08,001,"Colorado","Adams County",1,31,8652,4452,4200
050,08,001,"Colorado","Adams County",1,32,8618,4480,4138
050,08,001,"Colorado","Adams County",1,33,8625,4575,4050
050,08,001,"Colorado","Adams County",1,34,8698,4575,4123
050,08,001,"Colorado","Adams County",1,35,8530,4430,4100
050,08,001,"Colorado","Adams County",1,36,8311,4331,3980
050,08,001,"Colorado","Adams County",1,37,8538,4470,4068
050,08,001,"Colorado","Adams County",1,38,8353,4332,4021
050,08,001,"Colorado","Adams County",1,39,8188,4209,3979
050,08,001,"Colorado","Adams County",1,40,7942,4124,3818
050,08,001,"Colorado","Adams County",1,41,7440,3906,3534
050,08,001,"Colorado","Adams County",1,42,7244,3809,3435
050,08,001,"Colorado","Adams County",1,43,7041,3647,3394
050,08,001,"Colorado","Adams County",1,44,6974,3597,3377
050,08,001,"Colorado","Adams County",1,45,6829,3591,3238
050,08,001,"Colorado","Adams County",1,46,6559,3483,3076
050,08,001,"Colorado","Adams County",1,47,6621,3445,3176
050,08,001,"Colorado","Adams County",1,48,6594,3406,3188
050,08,001,"Colorado","Adams County",1,49,6855,3539,3316
050,08,001,"Colorado","Adams County",1,50,6588,3321,3267
050,08,001,"Colorado","Adams County",1,51,6323,3250,3073
050,08,001,"Colorado","Adams County",1,52,5989,3072,2917
050,08,001,"Colorado","Adams County",1,53,5810,2951,2859
050,08,001,"Colorado","Adams County",1,54,5747,2937,2810
050,08,001,"Colorado","Adams County",1,55,6052,3111,2941
050,08,001,"Colorado","Adams County",1,56,5990,3060,2930
050,08,001,"Colorado","Adams County",1,57,5910,2964,2946
050,08,001,"Colorado","Adams County",1,58,6038,3045,2993
050,08,001,"Colorado","Adams County",1,59,5840,2925,2915
050,08,001,"Colorado","Adams County",1,60,5748,2911,2837
050,08,001,"Colorado","Adams County",1,61,5639,2825,2814
050,08,001,"Colorado","Adams County",1,62,5385,2730,2655
050,08,001,"Colorado","Adams County",1,63,5119,2552,2567
050,08,001,"Colorado","Adams County",1,64,4866,2377,2489
050,08,001,"Colorado","Adams County",1,65,4621,2283,2338
050,08,001,"Colorado","Adams County",1,66,4279,2069,2210
050,08,001,"Colorado","Adams County",1,67,4127,1944,2183
050,08,001,"Colorado","Adams County",1,68,3844,1808,2036
050,08,001,"Colorado","Adams County",1,69,3571,1687,1884
050,08,001,"Colorado","Adams County",1,70,3406,1626,1780
050,08,001,"Colorado","Adams County",1,71,3265,1501,1764
050,08,001,"Colorado","Adams County",1,72,3242,1529,1713
050,08,001,"Colorado","Adams County",1,73,3169,1549,1620
050,08,001,"Colorado","Adams County",1,74,2157,985,1172
050,08,001,"Colorado","Adams County",1,75,2052,902,1150
050,08,001,"Colorado","Adams County",1,76,1990,880,1110
050,08,001,"Colorado","Adams County",1,77,1930,866,1064
050,08,001,"Colorado","Adams County",1,78,1663,717,946
050,08,001,"Colorado","Adams County",1,79,1465,611,854
050,08,001,"Colorado","Adams County",1,80,1290,531,759
050,08,001,"Colorado","Adams County",1,81,1236,510,726
050,08,001,"Colorado","Adams County",1,82,1135,467,668
050,08,001,"Colorado","Adams County",1,83,988,394,594
050,08,001,"Colorado","Adams County",1,84,940,392,548
050,08,001,"Colorado","Adams County",1,85,5002,1909,3093
050,08,001,"Colorado","Adams County",2,0,6518,3321,3197
050,08,001,"Colorado","Adams County",2,1,6673,3408,3265
050,08,001,"Colorado","Adams County",2,2,6882,3538,3344
050,08,001,"Colorado","Adams County",2,3,7010,3595,3415
050,08,001,"Colorado","Adams County",2,4,7228,3689,3539
050,08,001,"Colorado","Adams County",2,5,7311,3691,3620
050,08,001,"Colorado","Adams County",2,6,7313,3695,3618
050,08,001,"Colorado","Adams County",2,7,7347,3680,3667
050,08,001,"Colorado","Adams County",2,8,7296,3716,3580
050,08,001,"Colorado","Adams County",2,9,7490,3806,3684
050,08,001,"Colorado","Adams County",2,10,7779,3997,3782
050,08,001,"Colorado","Adams County",2,11,7935,4117,3818
050,08,001,"Colorado","Adams County",2,12,8236,4259,3977
050,08,001,"Colorado","Adams County",2,13,8165,4209,3956
050,08,001,"Colorado","Adams County",2,14,7953,4083,3870
050,08,001,"Colorado","Adams County",2,15,7915,4017,3898
050,08,001,"Colorado","Adams County",2,16,7979,4073,3906
050,08,001,"Colorado","Adams County",2,17,7921,4083,3838
050,08,001,"Colorado","Adams County",2,18,6936,3640,3296
050,08,001,"Colorado","Adams County",2,19,6188,3213,2975
050,08,001,"Colorado","Adams County",2,20,6330,3259,3071
050,08,001,"Colorado","Adams County",2,21,6318,3289,3029
050,08,001,"Colorado","Adams County",2,22,6534,3354,3180
050,08,001,"Colorado","Adams County",2,23,6838,3467,3371
050,08,001,"Colorado","Adams County",2,24,7136,3660,3476
050,08,001,"Colorado","Adams County",2,25,7402,3828,3574
050,08,001,"Colorado","Adams County",2,26,7712,3982,3730
050,08,001,"Colorado","Adams County",2,27,8081,4135,3946
050,08,001,"Colorado","Adams County",2,28,8587,4423,4164
050,08,001,"Colorado","Adams County",2,29,8725,4547,4178
050,08,001,"Colorado","Adams County",2,30,8745,4483,4262
050,08,001,"Colorado","Adams County",2,31,8639,4429,4210
050,08,001,"Colorado","Adams County",2,32,8636,4486,4150
050,08,001,"Colorado","Adams County",2,33,8619,4558,4061
050,08,001,"Colorado","Adams County",2,34,8696,4584,4112
050,08,001,"Colorado","Adams County",2,35,8593,4483,4110
050,08,001,"Colorado","Adams County",2,36,8326,4334,3992
050,08,001,"Colorado","Adams County",2,37,8488,4443,4045
050,08,001,"Colorado","Adams County",2,38,8415,4371,4044
050,08,001,"Colorado","Adams County",2,39,8197,4224,3973
050,08,001,"Colorado","Adams County",2,40,8070,4187,3883
050,08,001,"Colorado","Adams County",2,41,7534,3945,3589
050,08,001,"Colorado","Adams County",2,42,7252,3822,3430
050,08,001,"Colorado","Adams County",2,43,7134,3702,3432
050,08,001,"Colorado","Adams County",2,44,6939,3581,3358
050,08,001,"Colorado","Adams County",2,45,6883,3605,3278
050,08,001,"Colorado","Adams County",2,46,6620,3508,3112
050,08,001,"Colorado","Adams County",2,47,6574,3425,3149
050,08,001,"Colorado","Adams County",2,48,6586,3403,3183
050,08,001,"Colorado","Adams County",2,49,6794,3505,3289
050,08,001,"Colorado","Adams County",2,50,6633,3367,3266
050,08,001,"Colorado","Adams County",2,51,6353,3251,3102
050,08,001,"Colorado","Adams County",2,52,6060,3108,2952
050,08,001,"Colorado","Adams County",2,53,5833,2968,2865
050,08,001,"Colorado","Adams County",2,54,5750,2929,2821
050,08,001,"Colorado","Adams County",2,55,5983,3063,2920
050,08,001,"Colorado","Adams County",2,56,5997,3062,2935
050,08,001,"Colorado","Adams County",2,57,5902,2968,2934
050,08,001,"Colorado","Adams County",2,58,5970,2998,2972
050,08,001,"Colorado","Adams County",2,59,5861,2938,2923
050,08,001,"Colorado","Adams County",2,60,5756,2904,2852
050,08,001,"Colorado","Adams County",2,61,5644,2842,2802
050,08,001,"Colorado","Adams County",2,62,5404,2726,2678
050,08,001,"Colorado","Adams County",2,63,5195,2596,2599
050,08,001,"Colorado","Adams County",2,64,4883,2392,2491
050,08,001,"Colorado","Adams County",2,65,4641,2284,2357
050,08,001,"Colorado","Adams County",2,66,4336,2107,2229
050,08,001,"Colorado","Adams County",2,67,4122,1952,2170
050,08,001,"Colorado","Adams County",2,68,3867,1818,2049
050,08,001,"Colorado","Adams County",2,69,3640,1717,1923
050,08,001,"Colorado","Adams County",2,70,3419,1625,1794
050,08,001,"Colorado","Adams County",2,71,3263,1514,1749
050,08,001,"Colorado","Adams County",2,72,3180,1489,1691
050,08,001,"Colorado","Adams County",2,73,3274,1585,1689
050,08,001,"Colorado","Adams County",2,74,2261,1052,1209
050,08,001,"Colorado","Adams County",2,75,2065,917,1148
050,08,001,"Colorado","Adams County",2,76,1966,865,1101
050,08,001,"Colorado","Adams County",2,77,1950,873,1077
050,08,001,"Colorado","Adams County",2,78,1684,733,951
050,08,001,"Colorado","Adams County",2,79,1485,620,865
050,08,001,"Colorado","Adams County",2,80,1323,545,778
050,08,001,"Colorado","Adams County",2,81,1223,501,722
050,08,001,"Colorado","Adams County",2,82,1138,472,666
050,08,001,"Colorado","Adams County",2,83,994,400,594
050,08,001,"Colorado","Adams County",2,84,923,381,542
050,08,001,"Colorado","Adams County",2,85,5044,1923,3121
050,08,001,"Colorado","Adams County",3,0,6588,3397,3191
050,08,001,"Colorado","Adams County",3,1,6515,3282,3233
050,08,001,"Colorado","Adams County",3,2,6590,3350,3240
050,08,001,"Colorado","Adams County",3,3,6766,3496,3270
050,08,001,"Colorado","Adams County",3,4,6970,3579,3391
050,08,001,"Colorado","Adams County",3,5,7163,3648,3515
050,08,001,"Colorado","Adams County",3,6,7253,3686,3567
050,08,001,"Colorado","Adams County",3,7,7197,3675,3522
050,08,001,"Colorado","Adams County",3,8,7278,3691,3587
050,08,001,"Colorado","Adams County",3,9,7283,3754,3529
050,08,001,"Colorado","Adams County",3,10,7463,3803,3660
050,08,001,"Colorado","Adams County",3,11,7740,3973,3767
050,08,001,"Colorado","Adams County",3,12,7835,4053,3782
050,08,001,"Colorado","Adams County",3,13,8154,4223,3931
050,08,001,"Colorado","Adams County",3,14,8133,4186,3947
050,08,001,"Colorado","Adams County",3,15,7909,4066,3843
050,08,001,"Colorado","Adams County",3,16,7879,4010,3869
050,08,001,"Colorado","Adams County",3,17,7906,4073,3833
050,08,001,"Colorado","Adams County",3,18,7152,3768,3384
050,08,001,"Colorado","Adams County",3,19,6271,3334,2937
050,08,001,"Colorado","Adams County",3,20,6498,3349,3149
050,08,001,"Colorado","Adams County",3,21,6549,3385,3164
050,08,001,"Colorado","Adams County",3,22,6683,3445,3238
050,08,001,"Colorado","Adams County",3,23,6935,3543,3392
050,08,001,"Colorado","Adams County",3,24,7231,3673,3558
050,08,001,"Colorado","Adams County",3,25,7412,3762,3650
050,08,001,"Colorado","Adams County",3,26,7675,3940,3735
050,08,001,"Colorado","Adams County",3,27,8100,4209,3891
050,08,001,"Colorado","Adams County",3,28,8378,4272,4106
050,08,001,"Colorado","Adams County",3,29,8794,4524,4270
050,08,001,"Colorado","Adams County",3,30,8916,4613,4303
050,08,001,"Colorado","Adams County",3,31,8876,4559,4317
050,08,001,"Colorado","Adams County",3,32,8749,4494,4255
050,08,001,"Colorado","Adams County",3,33,8747,4579,4168
050,08,001,"Colorado","Adams County",3,34,8683,4567,4116
050,08,001,"Colorado","Adams County",3,35,8701,4533,4168
050,08,001,"Colorado","Adams County",3,36,8689,4561,4128
050,08,001,"Colorado","Adams County",3,37,8311,4344,3967
050,08,001,"Colorado","Adams County",3,38,8543,4470,4073
050,08,001,"Colorado","Adams County",3,39,8381,4345,4036
050,08,001,"Colorado","Adams County",3,40,8116,4161,3955
050,08,001,"Colorado","Adams County",3,41,7978,4144,3834
050,08,001,"Colorado","Adams County",3,42,7435,3887,3548
050,08,001,"Colorado","Adams County",3,43,7296,3812,3484
050,08,001,"Colorado","Adams County",3,44,7160,3717,3443
050,08,001,"Colorado","Adams County",3,45,6864,3551,3313
050,08,001,"Colorado","Adams County",3,46,6830,3601,3229
050,08,001,"Colorado","Adams County",3,47,6567,3449,3118
050,08,001,"Colorado","Adams County",3,48,6491,3392,3099
050,08,001,"Colorado","Adams County",3,49,6545,3362,3183
050,08,001,"Colorado","Adams County",3,50,6733,3453,3280
050,08,001,"Colorado","Adams County",3,51,6534,3327,3207
050,08,001,"Colorado","Adams County",3,52,6273,3198,3075
050,08,001,"Colorado","Adams County",3,53,5984,3081,2903
050,08,001,"Colorado","Adams County",3,54,5792,2933,2859
050,08,001,"Colorado","Adams County",3,55,5674,2928,2746
050,08,001,"Colorado","Adams County",3,56,5953,3046,2907
050,08,001,"Colorado","Adams County",3,57,5906,3022,2884
050,08,001,"Colorado","Adams County",3,58,5773,2892,2881
050,08,001,"Colorado","Adams County",3,59,5870,2944,2926
050,08,001,"Colorado","Adams County",3,60,5726,2844,2882
050,08,001,"Colorado","Adams County",3,61,5642,2850,2792
050,08,001,"Colorado","Adams County",3,62,5516,2783,2733
050,08,001,"Colorado","Adams County",3,63,5222,2606,2616
050,08,001,"Colorado","Adams County",3,64,5060,2553,2507
050,08,001,"Colorado","Adams County",3,65,4708,2285,2423
050,08,001,"Colorado","Adams County",3,66,4471,2196,2275
050,08,001,"Colorado","Adams County",3,67,4207,2038,2169
050,08,001,"Colorado","Adams County",3,68,4020,1891,2129
050,08,001,"Colorado","Adams County",3,69,3740,1736,2004
050,08,001,"Colorado","Adams County",3,70,3571,1684,1887
050,08,001,"Colorado","Adams County",3,71,3328,1569,1759
050,08,001,"Colorado","Adams County",3,72,3180,1478,1702
050,08,001,"Colorado","Adams County",3,73,3084,1437,1647
050,08,001,"Colorado","Adams County",3,74,3160,1523,1637
050,08,001,"Colorado","Adams County",3,75,2169,1000,1169
050,08,001,"Colorado","Adams County",3,76,1986,873,1113
050,08,001,"Colorado","Adams County",3,77,1880,830,1050
050,08,001,"Colorado","Adams County",3,78,1871,820,1051
050,08,001,"Colorado","Adams County",3,79,1586,668,918
050,08,001,"Colorado","Adams County",3,80,1367,578,789
050,08,001,"Colorado","Adams County",3,81,1252,514,738
050,08,001,"Colorado","Adams County",3,82,1150,474,676
050,08,001,"Colorado","Adams County",3,83,1041,419,622
050,08,001,"Colorado","Adams County",3,84,887,353,534
050,08,001,"Colorado","Adams County",3,85,5050,1909,3141
050,08,001,"Colorado","Adams County",4,0,6779,3514,3265
050,08,001,"Colorado","Adams County",4,1,6608,3450,3158
050,08,001,"Colorado","Adams County",4,2,6582,3330,3252
050,08,001,"Colorado","Adams County",4,3,6556,3324,3232
050,08,001,"Colorado","Adams County",4,4,6782,3482,3300
050,08,001,"Colorado","Adams County",4,5,6919,3541,3378
050,08,001,"Colorado","Adams County",4,6,7226,3698,3528
050,08,001,"Colorado","Adams County",4,7,7244,3673,3571
050,08,001,"Colorado","Adams County",4,8,7168,3686,3482
050,08,001,"Colorado","Adams County",4,9,7215,3684,3531
050,08,001,"Colorado","Adams County",4,10,7244,3712,3532
050,08,001,"Colorado","Adams County",4,11,7377,3760,3617
050,08,001,"Colorado","Adams County",4,12,7670,3953,3717
050,08,001,"Colorado","Adams County",4,13,7815,4055,3760
050,08,001,"Colorado","Adams County",4,14,8126,4205,3921
050,08,001,"Colorado","Adams County",4,15,8085,4132,3953
050,08,001,"Colorado","Adams County",4,16,7849,4015,3834
050,08,001,"Colorado","Adams County",4,17,7894,3987,3907
050,08,001,"Colorado","Adams County",4,18,7110,3708,3402
050,08,001,"Colorado","Adams County",4,19,6365,3361,3004
050,08,001,"Colorado","Adams County",4,20,6579,3488,3091
050,08,001,"Colorado","Adams County",4,21,6649,3444,3205
050,08,001,"Colorado","Adams County",4,22,6945,3526,3419
050,08,001,"Colorado","Adams County",4,23,7131,3699,3432
050,08,001,"Colorado","Adams County",4,24,7486,3889,3597
050,08,001,"Colorado","Adams County",4,25,7657,3907,3750
050,08,001,"Colorado","Adams County",4,26,7893,4070,3823
050,08,001,"Colorado","Adams County",4,27,8018,4097,3921
050,08,001,"Colorado","Adams County",4,28,8589,4466,4123
050,08,001,"Colorado","Adams County",4,29,8701,4447,4254
050,08,001,"Colorado","Adams County",4,30,9138,4690,4448
050,08,001,"Colorado","Adams County",4,31,9157,4697,4460
050,08,001,"Colorado","Adams County",4,32,9022,4658,4364
050,08,001,"Colorado","Adams County",4,33,8951,4615,4336
050,08,001,"Colorado","Adams County",4,34,8948,4720,4228
050,08,001,"Colorado","Adams County",4,35,8629,4546,4083
050,08,001,"Colorado","Adams County",4,36,8730,4537,4193
050,08,001,"Colorado","Adams County",4,37,8687,4545,4142
050,08,001,"Colorado","Adams County",4,38,8261,4324,3937
050,08,001,"Colorado","Adams County",4,39,8504,4464,4040
050,08,001,"Colorado","Adams County",4,40,8406,4362,4044
050,08,001,"Colorado","Adams County",4,41,8050,4151,3899
050,08,001,"Colorado","Adams County",4,42,7894,4097,3797
050,08,001,"Colorado","Adams County",4,43,7372,3834,3538
050,08,001,"Colorado","Adams County",4,44,7227,3754,3473
050,08,001,"Colorado","Adams County",4,45,7046,3643,3403
050,08,001,"Colorado","Adams County",4,46,6825,3549,3276
050,08,001,"Colorado","Adams County",4,47,6716,3488,3228
050,08,001,"Colorado","Adams County",4,48,6469,3399,3070
050,08,001,"Colorado","Adams County",4,49,6457,3350,3107
050,08,001,"Colorado","Adams County",4,50,6458,3291,3167
050,08,001,"Colorado","Adams County",4,51,6635,3416,3219
050,08,001,"Colorado","Adams County",4,52,6420,3243,3177
050,08,001,"Colorado","Adams County",4,53,6192,3151,3041
050,08,001,"Colorado","Adams County",4,54,5854,3009,2845
050,08,001,"Colorado","Adams County",4,55,5706,2869,2837
050,08,001,"Colorado","Adams County",4,56,5575,2860,2715
050,08,001,"Colorado","Adams County",4,57,5830,2980,2850
050,08,001,"Colorado","Adams County",4,58,5789,2962,2827
050,08,001,"Colorado","Adams County",4,59,5642,2833,2809
050,08,001,"Colorado","Adams County",4,60,5737,2843,2894
050,08,001,"Colorado","Adams County",4,61,5579,2792,2787
050,08,001,"Colorado","Adams County",4,62,5477,2778,2699
050,08,001,"Colorado","Adams County",4,63,5393,2719,2674
050,08,001,"Colorado","Adams County",4,64,5059,2553,2506
050,08,001,"Colorado","Adams County",4,65,4916,2478,2438
050,08,001,"Colorado","Adams County",4,66,4468,2137,2331
050,08,001,"Colorado","Adams County",4,67,4276,2093,2183
050,08,001,"Colorado","Adams County",4,68,4065,1947,2118
050,08,001,"Colorado","Adams County",4,69,3883,1822,2061
050,08,001,"Colorado","Adams County",4,70,3614,1654,1960
050,08,001,"Colorado","Adams County",4,71,3424,1598,1826
050,08,001,"Colorado","Adams County",4,72,3227,1520,1707
050,08,001,"Colorado","Adams County",4,73,3063,1423,1640
050,08,001,"Colorado","Adams County",4,74,2960,1362,1598
050,08,001,"Colorado","Adams County",4,75,3064,1454,1610
050,08,001,"Colorado","Adams County",4,76,2094,942,1152
050,08,001,"Colorado","Adams County",4,77,1876,826,1050
050,08,001,"Colorado","Adams County",4,78,1823,789,1034
050,08,001,"Colorado","Adams County",4,79,1740,742,998
050,08,001,"Colorado","Adams County",4,80,1448,599,849
050,08,001,"Colorado","Adams County",4,81,1303,547,756
050,08,001,"Colorado","Adams County",4,82,1158,457,701
050,08,001,"Colorado","Adams County",4,83,1041,419,622
050,08,001,"Colorado","Adams County",4,84,958,380,578
050,08,001,"Colorado","Adams County",4,85,5011,1875,3136
050,08,001,"Colorado","Adams County",5,0,6465,3355,3110
050,08,001,"Colorado","Adams County",5,1,6847,3552,3295
050,08,001,"Colorado","Adams County",5,2,6728,3488,3240
050,08,001,"Colorado","Adams County",5,3,6610,3328,3282
050,08,001,"Colorado","Adams County",5,4,6561,3370,3191
050,08,001,"Colorado","Adams County",5,5,6818,3526,3292
050,08,001,"Colorado","Adams County",5,6,6923,3508,3415
050,08,001,"Colorado","Adams County",5,7,7132,3632,3500
050,08,001,"Colorado","Adams County",5,8,7176,3628,3548
050,08,001,"Colorado","Adams County",5,9,7168,3656,3512
050,08,001,"Colorado","Adams County",5,10,7208,3686,3522
050,08,001,"Colorado","Adams County",5,11,7136,3668,3468
050,08,001,"Colorado","Adams County",5,12,7370,3708,3662
050,08,001,"Colorado","Adams County",5,13,7697,3942,3755
050,08,001,"Colorado","Adams County",5,14,7838,4070,3768
050,08,001,"Colorado","Adams County",5,15,8082,4149,3933
050,08,001,"Colorado","Adams County",5,16,8069,4124,3945
050,08,001,"Colorado","Adams County",5,17,7773,3991,3782
050,08,001,"Colorado","Adams County",5,18,7063,3668,3395
050,08,001,"Colorado","Adams County",5,19,6467,3356,3111
050,08,001,"Colorado","Adams County",5,20,6738,3534,3204
050,08,001,"Colorado","Adams County",5,21,6863,3618,3245
050,08,001,"Colorado","Adams County",5,22,7049,3637,3412
050,08,001,"Colorado","Adams County",5,23,7469,3799,3670
050,08,001,"Colorado","Adams County",5,24,7644,3943,3701
050,08,001,"Colorado","Adams County",5,25,7905,4072,3833
050,08,001,"Colorado","Adams County",5,26,8056,4098,3958
050,08,001,"Colorado","Adams County",5,27,8318,4271,4047
050,08,001,"Colorado","Adams County",5,28,8459,4347,4112
050,08,001,"Colorado","Adams County",5,29,8937,4621,4316
050,08,001,"Colorado","Adams County",5,30,9045,4636,4409
050,08,001,"Colorado","Adams County",5,31,9349,4793,4556
050,08,001,"Colorado","Adams County",5,32,9459,4859,4600
050,08,001,"Colorado","Adams County",5,33,9229,4781,4448
050,08,001,"Colorado","Adams County",5,34,9060,4653,4407
050,08,001,"Colorado","Adams County",5,35,8962,4715,4247
050,08,001,"Colorado","Adams County",5,36,8719,4603,4116
050,08,001,"Colorado","Adams County",5,37,8856,4604,4252
050,08,001,"Colorado","Adams County",5,38,8655,4499,4156
050,08,001,"Colorado","Adams County",5,39,8191,4263,3928
050,08,001,"Colorado","Adams County",5,40,8479,4440,4039
050,08,001,"Colorado","Adams County",5,41,8368,4305,4063
050,08,001,"Colorado","Adams County",5,42,7997,4137,3860
050,08,001,"Colorado","Adams County",5,43,7889,4082,3807
050,08,001,"Colorado","Adams County",5,44,7321,3842,3479
050,08,001,"Colorado","Adams County",5,45,7140,3720,3420
050,08,001,"Colorado","Adams County",5,46,7039,3670,3369
050,08,001,"Colorado","Adams County",5,47,6730,3507,3223
050,08,001,"Colorado","Adams County",5,48,6653,3444,3209
050,08,001,"Colorado","Adams County",5,49,6490,3393,3097
050,08,001,"Colorado","Adams County",5,50,6384,3280,3104
050,08,001,"Colorado","Adams County",5,51,6454,3295,3159
050,08,001,"Colorado","Adams County",5,52,6539,3369,3170
050,08,001,"Colorado","Adams County",5,53,6407,3214,3193
050,08,001,"Colorado","Adams County",5,54,6140,3125,3015
050,08,001,"Colorado","Adams County",5,55,5788,2967,2821
050,08,001,"Colorado","Adams County",5,56,5619,2826,2793
050,08,001,"Colorado","Adams County",5,57,5493,2831,2662
050,08,001,"Colorado","Adams County",5,58,5727,2939,2788
050,08,001,"Colorado","Adams County",5,59,5661,2907,2754
050,08,001,"Colorado","Adams County",5,60,5513,2738,2775
050,08,001,"Colorado","Adams County",5,61,5697,2845,2852
050,08,001,"Colorado","Adams County",5,62,5443,2709,2734
050,08,001,"Colorado","Adams County",5,63,5308,2673,2635
050,08,001,"Colorado","Adams County",5,64,5284,2652,2632
050,08,001,"Colorado","Adams County",5,65,4918,2480,2438
050,08,001,"Colorado","Adams County",5,66,4807,2394,2413
050,08,001,"Colorado","Adams County",5,67,4318,2045,2273
050,08,001,"Colorado","Adams County",5,68,4178,2030,2148
050,08,001,"Colorado","Adams County",5,69,3938,1898,2040
050,08,001,"Colorado","Adams County",5,70,3795,1783,2012
050,08,001,"Colorado","Adams County",5,71,3522,1599,1923
050,08,001,"Colorado","Adams County",5,72,3342,1534,1808
050,08,001,"Colorado","Adams County",5,73,3149,1477,1672
050,08,001,"Colorado","Adams County",5,74,2996,1386,1610
050,08,001,"Colorado","Adams County",5,75,2865,1312,1553
050,08,001,"Colorado","Adams County",5,76,2972,1393,1579
050,08,001,"Colorado","Adams County",5,77,2017,918,1099
050,08,001,"Colorado","Adams County",5,78,1809,779,1030
050,08,001,"Colorado","Adams County",5,79,1729,726,1003
050,08,001,"Colorado","Adams County",5,80,1628,690,938
050,08,001,"Colorado","Adams County",5,81,1390,564,826
050,08,001,"Colorado","Adams County",5,82,1212,505,707
050,08,001,"Colorado","Adams County",5,83,1071,414,657
050,08,001,"Colorado","Adams County",5,84,959,385,574
050,08,001,"Colorado","Adams County",5,85,5093,1895,3198
050,08,003,"Colorado","Alamosa County",1,0,189,96,93
050,08,003,"Colorado","Alamosa County",1,1,196,93,103
050,08,003,"Colorado","Alamosa County",1,2,198,101,97
050,08,003,"Colorado","Alamosa County",1,3,211,105,106
050,08,003,"Colorado","Alamosa County",1,4,208,112,96
050,08,003,"Colorado","Alamosa County",1,5,222,109,113
050,08,003,"Colorado","Alamosa County",1,6,254,133,121
050,08,003,"Colorado","Alamosa County",1,7,227,123,104
050,08,003,"Colorado","Alamosa County",1,8,218,124,94
050,08,003,"Colorado","Alamosa County",1,9,236,125,111
050,08,003,"Colorado","Alamosa County",1,10,258,128,130
050,08,003,"Colorado","Alamosa County",1,11,247,123,124
050,08,003,"Colorado","Alamosa County",1,12,210,107,103
050,08,003,"Colorado","Alamosa County",1,13,227,115,112
050,08,003,"Colorado","Alamosa County",1,14,238,129,109
050,08,003,"Colorado","Alamosa County",1,15,216,118,98
050,08,003,"Colorado","Alamosa County",1,16,203,113,90
050,08,003,"Colorado","Alamosa County",1,17,197,96,101
050,08,003,"Colorado","Alamosa County",1,18,367,169,198
050,08,003,"Colorado","Alamosa County",1,19,546,277,269
050,08,003,"Colorado","Alamosa County",1,20,373,184,189
050,08,003,"Colorado","Alamosa County",1,21,383,165,218
050,08,003,"Colorado","Alamosa County",1,22,339,172,167
050,08,003,"Colorado","Alamosa County",1,23,368,163,205
050,08,003,"Colorado","Alamosa County",1,24,258,138,120
050,08,003,"Colorado","Alamosa County",1,25,226,118,108
050,08,003,"Colorado","Alamosa County",1,26,221,106,115
050,08,003,"Colorado","Alamosa County",1,27,215,110,105
050,08,003,"Colorado","Alamosa County",1,28,227,109,118
050,08,003,"Colorado","Alamosa County",1,29,219,101,118
050,08,003,"Colorado","Alamosa County",1,30,231,114,117
050,08,003,"Colorado","Alamosa County",1,31,209,114,95
050,08,003,"Colorado","Alamosa County",1,32,228,125,103
050,08,003,"Colorado","Alamosa County",1,33,212,103,109
050,08,003,"Colorado","Alamosa County",1,34,216,117,99
050,08,003,"Colorado","Alamosa County",1,35,198,97,101
050,08,003,"Colorado","Alamosa County",1,36,198,90,108
050,08,003,"Colorado","Alamosa County",1,37,199,94,105
050,08,003,"Colorado","Alamosa County",1,38,193,89,104
050,08,003,"Colorado","Alamosa County",1,39,204,108,96
050,08,003,"Colorado","Alamosa County",1,40,171,86,85
050,08,003,"Colorado","Alamosa County",1,41,181,86,95
050,08,003,"Colorado","Alamosa County",1,42,190,98,92
050,08,003,"Colorado","Alamosa County",1,43,161,79,82
050,08,003,"Colorado","Alamosa County",1,44,177,95,82
050,08,003,"Colorado","Alamosa County",1,45,158,73,85
050,08,003,"Colorado","Alamosa County",1,46,126,65,61
050,08,003,"Colorado","Alamosa County",1,47,146,80,66
050,08,003,"Colorado","Alamosa County",1,48,162,85,77
050,08,003,"Colorado","Alamosa County",1,49,149,72,77
050,08,003,"Colorado","Alamosa County",1,50,149,71,78
050,08,003,"Colorado","Alamosa County",1,51,149,73,76
050,08,003,"Colorado","Alamosa County",1,52,152,78,74
050,08,003,"Colorado","Alamosa County",1,53,163,67,96
050,08,003,"Colorado","Alamosa County",1,54,164,84,80
050,08,003,"Colorado","Alamosa County",1,55,168,84,84
050,08,003,"Colorado","Alamosa County",1,56,181,101,80
050,08,003,"Colorado","Alamosa County",1,57,180,87,93
050,08,003,"Colorado","Alamosa County",1,58,190,85,105
050,08,003,"Colorado","Alamosa County",1,59,194,90,104
050,08,003,"Colorado","Alamosa County",1,60,173,80,93
050,08,003,"Colorado","Alamosa County",1,61,198,100,98
050,08,003,"Colorado","Alamosa County",1,62,171,86,85
050,08,003,"Colorado","Alamosa County",1,63,155,67,88
050,08,003,"Colorado","Alamosa County",1,64,164,70,94
050,08,003,"Colorado","Alamosa County",1,65,173,83,90
050,08,003,"Colorado","Alamosa County",1,66,172,94,78
050,08,003,"Colorado","Alamosa County",1,67,168,76,92
050,08,003,"Colorado","Alamosa County",1,68,157,83,74
050,08,003,"Colorado","Alamosa County",1,69,152,80,72
050,08,003,"Colorado","Alamosa County",1,70,129,70,59
050,08,003,"Colorado","Alamosa County",1,71,142,71,71
050,08,003,"Colorado","Alamosa County",1,72,130,63,67
050,08,003,"Colorado","Alamosa County",1,73,134,60,74
050,08,003,"Colorado","Alamosa County",1,74,104,48,56
050,08,003,"Colorado","Alamosa County",1,75,98,38,60
050,08,003,"Colorado","Alamosa County",1,76,97,43,54
050,08,003,"Colorado","Alamosa County",1,77,91,44,47
050,08,003,"Colorado","Alamosa County",1,78,75,38,37
050,08,003,"Colorado","Alamosa County",1,79,61,28,33
050,08,003,"Colorado","Alamosa County",1,80,67,28,39
050,08,003,"Colorado","Alamosa County",1,81,60,22,38
050,08,003,"Colorado","Alamosa County",1,82,55,33,22
050,08,003,"Colorado","Alamosa County",1,83,48,28,20
050,08,003,"Colorado","Alamosa County",1,84,54,27,27
050,08,003,"Colorado","Alamosa County",1,85,256,89,167
050,08,003,"Colorado","Alamosa County",2,0,199,95,104
050,08,003,"Colorado","Alamosa County",2,1,193,94,99
050,08,003,"Colorado","Alamosa County",2,2,197,98,99
050,08,003,"Colorado","Alamosa County",2,3,207,105,102
050,08,003,"Colorado","Alamosa County",2,4,208,110,98
050,08,003,"Colorado","Alamosa County",2,5,222,109,113
050,08,003,"Colorado","Alamosa County",2,6,245,126,119
050,08,003,"Colorado","Alamosa County",2,7,230,124,106
050,08,003,"Colorado","Alamosa County",2,8,221,124,97
050,08,003,"Colorado","Alamosa County",2,9,231,124,107
050,08,003,"Colorado","Alamosa County",2,10,254,128,126
050,08,003,"Colorado","Alamosa County",2,11,244,121,123
050,08,003,"Colorado","Alamosa County",2,12,220,109,111
050,08,003,"Colorado","Alamosa County",2,13,224,113,111
050,08,003,"Colorado","Alamosa County",2,14,235,124,111
050,08,003,"Colorado","Alamosa County",2,15,220,120,100
050,08,003,"Colorado","Alamosa County",2,16,206,115,91
050,08,003,"Colorado","Alamosa County",2,17,202,100,102
050,08,003,"Colorado","Alamosa County",2,18,360,166,194
050,08,003,"Colorado","Alamosa County",2,19,541,275,266
050,08,003,"Colorado","Alamosa County",2,20,380,183,197
050,08,003,"Colorado","Alamosa County",2,21,387,169,218
050,08,003,"Colorado","Alamosa County",2,22,341,174,167
050,08,003,"Colorado","Alamosa County",2,23,369,164,205
050,08,003,"Colorado","Alamosa County",2,24,254,132,122
050,08,003,"Colorado","Alamosa County",2,25,231,122,109
050,08,003,"Colorado","Alamosa County",2,26,218,105,113
050,08,003,"Colorado","Alamosa County",2,27,211,105,106
050,08,003,"Colorado","Alamosa County",2,28,218,106,112
050,08,003,"Colorado","Alamosa County",2,29,219,101,118
050,08,003,"Colorado","Alamosa County",2,30,227,111,116
050,08,003,"Colorado","Alamosa County",2,31,216,115,101
050,08,003,"Colorado","Alamosa County",2,32,223,121,102
050,08,003,"Colorado","Alamosa County",2,33,219,109,110
050,08,003,"Colorado","Alamosa County",2,34,213,113,100
050,08,003,"Colorado","Alamosa County",2,35,202,102,100
050,08,003,"Colorado","Alamosa County",2,36,200,93,107
050,08,003,"Colorado","Alamosa County",2,37,202,95,107
050,08,003,"Colorado","Alamosa County",2,38,195,91,104
050,08,003,"Colorado","Alamosa County",2,39,196,101,95
050,08,003,"Colorado","Alamosa County",2,40,183,93,90
050,08,003,"Colorado","Alamosa County",2,41,178,86,92
050,08,003,"Colorado","Alamosa County",2,42,189,95,94
050,08,003,"Colorado","Alamosa County",2,43,172,87,85
050,08,003,"Colorado","Alamosa County",2,44,171,88,83
050,08,003,"Colorado","Alamosa County",2,45,161,78,83
050,08,003,"Colorado","Alamosa County",2,46,131,66,65
050,08,003,"Colorado","Alamosa County",2,47,145,79,66
050,08,003,"Colorado","Alamosa County",2,48,155,82,73
050,08,003,"Colorado","Alamosa County",2,49,153,74,79
050,08,003,"Colorado","Alamosa County",2,50,152,72,80
050,08,003,"Colorado","Alamosa County",2,51,149,73,76
050,08,003,"Colorado","Alamosa County",2,52,152,77,75
050,08,003,"Colorado","Alamosa County",2,53,160,70,90
050,08,003,"Colorado","Alamosa County",2,54,162,79,83
050,08,003,"Colorado","Alamosa County",2,55,168,84,84
050,08,003,"Colorado","Alamosa County",2,56,179,97,82
050,08,003,"Colorado","Alamosa County",2,57,176,87,89
050,08,003,"Colorado","Alamosa County",2,58,185,85,100
050,08,003,"Colorado","Alamosa County",2,59,190,88,102
050,08,003,"Colorado","Alamosa County",2,60,178,82,96
050,08,003,"Colorado","Alamosa County",2,61,191,96,95
050,08,003,"Colorado","Alamosa County",2,62,176,88,88
050,08,003,"Colorado","Alamosa County",2,63,160,72,88
050,08,003,"Colorado","Alamosa County",2,64,159,68,91
050,08,003,"Colorado","Alamosa County",2,65,175,82,93
050,08,003,"Colorado","Alamosa County",2,66,170,92,78
050,08,003,"Colorado","Alamosa County",2,67,164,78,86
050,08,003,"Colorado","Alamosa County",2,68,160,81,79
050,08,003,"Colorado","Alamosa County",2,69,152,80,72
050,08,003,"Colorado","Alamosa County",2,70,134,71,63
050,08,003,"Colorado","Alamosa County",2,71,136,71,65
050,08,003,"Colorado","Alamosa County",2,72,132,65,67
050,08,003,"Colorado","Alamosa County",2,73,138,63,75
050,08,003,"Colorado","Alamosa County",2,74,104,48,56
050,08,003,"Colorado","Alamosa County",2,75,98,39,59
050,08,003,"Colorado","Alamosa County",2,76,96,42,54
050,08,003,"Colorado","Alamosa County",2,77,92,43,49
050,08,003,"Colorado","Alamosa County",2,78,78,40,38
050,08,003,"Colorado","Alamosa County",2,79,61,27,34
050,08,003,"Colorado","Alamosa County",2,80,64,28,36
050,08,003,"Colorado","Alamosa County",2,81,57,21,36
050,08,003,"Colorado","Alamosa County",2,82,56,31,25
050,08,003,"Colorado","Alamosa County",2,83,48,27,21
050,08,003,"Colorado","Alamosa County",2,84,54,28,26
050,08,003,"Colorado","Alamosa County",2,85,253,86,167
050,08,003,"Colorado","Alamosa County",3,0,191,98,93
050,08,003,"Colorado","Alamosa County",3,1,201,102,99
050,08,003,"Colorado","Alamosa County",3,2,195,101,94
050,08,003,"Colorado","Alamosa County",3,3,196,96,100
050,08,003,"Colorado","Alamosa County",3,4,215,107,108
050,08,003,"Colorado","Alamosa County",3,5,213,118,95
050,08,003,"Colorado","Alamosa County",3,6,232,110,122
050,08,003,"Colorado","Alamosa County",3,7,246,126,120
050,08,003,"Colorado","Alamosa County",3,8,224,120,104
050,08,003,"Colorado","Alamosa County",3,9,226,129,97
050,08,003,"Colorado","Alamosa County",3,10,244,131,113
050,08,003,"Colorado","Alamosa County",3,11,260,121,139
050,08,003,"Colorado","Alamosa County",3,12,244,116,128
050,08,003,"Colorado","Alamosa County",3,13,222,108,114
050,08,003,"Colorado","Alamosa County",3,14,230,125,105
050,08,003,"Colorado","Alamosa County",3,15,241,133,108
050,08,003,"Colorado","Alamosa County",3,16,223,121,102
050,08,003,"Colorado","Alamosa County",3,17,212,119,93
050,08,003,"Colorado","Alamosa County",3,18,373,179,194
050,08,003,"Colorado","Alamosa County",3,19,549,283,266
050,08,003,"Colorado","Alamosa County",3,20,403,185,218
050,08,003,"Colorado","Alamosa County",3,21,400,172,228
050,08,003,"Colorado","Alamosa County",3,22,326,178,148
050,08,003,"Colorado","Alamosa County",3,23,376,165,211
050,08,003,"Colorado","Alamosa County",3,24,247,130,117
050,08,003,"Colorado","Alamosa County",3,25,226,115,111
050,08,003,"Colorado","Alamosa County",3,26,213,112,101
050,08,003,"Colorado","Alamosa County",3,27,204,110,94
050,08,003,"Colorado","Alamosa County",3,28,194,91,103
050,08,003,"Colorado","Alamosa County",3,29,212,105,107
050,08,003,"Colorado","Alamosa County",3,30,222,105,117
050,08,003,"Colorado","Alamosa County",3,31,242,110,132
050,08,003,"Colorado","Alamosa County",3,32,215,114,101
050,08,003,"Colorado","Alamosa County",3,33,223,120,103
050,08,003,"Colorado","Alamosa County",3,34,204,107,97
050,08,003,"Colorado","Alamosa County",3,35,216,114,102
050,08,003,"Colorado","Alamosa County",3,36,203,106,97
050,08,003,"Colorado","Alamosa County",3,37,207,96,111
050,08,003,"Colorado","Alamosa County",3,38,196,91,105
050,08,003,"Colorado","Alamosa County",3,39,196,94,102
050,08,003,"Colorado","Alamosa County",3,40,205,110,95
050,08,003,"Colorado","Alamosa County",3,41,198,101,97
050,08,003,"Colorado","Alamosa County",3,42,184,89,95
050,08,003,"Colorado","Alamosa County",3,43,190,94,96
050,08,003,"Colorado","Alamosa County",3,44,168,84,84
050,08,003,"Colorado","Alamosa County",3,45,167,85,82
050,08,003,"Colorado","Alamosa County",3,46,173,82,91
050,08,003,"Colorado","Alamosa County",3,47,143,76,67
050,08,003,"Colorado","Alamosa County",3,48,139,75,64
050,08,003,"Colorado","Alamosa County",3,49,153,80,73
050,08,003,"Colorado","Alamosa County",3,50,156,75,81
050,08,003,"Colorado","Alamosa County",3,51,145,69,76
050,08,003,"Colorado","Alamosa County",3,52,143,73,70
050,08,003,"Colorado","Alamosa County",3,53,165,88,77
050,08,003,"Colorado","Alamosa County",3,54,160,74,86
050,08,003,"Colorado","Alamosa County",3,55,157,73,84
050,08,003,"Colorado","Alamosa County",3,56,171,85,86
050,08,003,"Colorado","Alamosa County",3,57,173,92,81
050,08,003,"Colorado","Alamosa County",3,58,179,89,90
050,08,003,"Colorado","Alamosa County",3,59,183,82,101
050,08,003,"Colorado","Alamosa County",3,60,186,84,102
050,08,003,"Colorado","Alamosa County",3,61,172,82,90
050,08,003,"Colorado","Alamosa County",3,62,191,92,99
050,08,003,"Colorado","Alamosa County",3,63,180,88,92
050,08,003,"Colorado","Alamosa County",3,64,159,67,92
050,08,003,"Colorado","Alamosa County",3,65,167,70,97
050,08,003,"Colorado","Alamosa County",3,66,170,81,89
050,08,003,"Colorado","Alamosa County",3,67,154,81,73
050,08,003,"Colorado","Alamosa County",3,68,163,80,83
050,08,003,"Colorado","Alamosa County",3,69,158,81,77
050,08,003,"Colorado","Alamosa County",3,70,144,75,69
050,08,003,"Colorado","Alamosa County",3,71,135,67,68
050,08,003,"Colorado","Alamosa County",3,72,129,64,65
050,08,003,"Colorado","Alamosa County",3,73,131,66,65
050,08,003,"Colorado","Alamosa County",3,74,133,63,70
050,08,003,"Colorado","Alamosa County",3,75,96,44,52
050,08,003,"Colorado","Alamosa County",3,76,101,38,63
050,08,003,"Colorado","Alamosa County",3,77,96,39,57
050,08,003,"Colorado","Alamosa County",3,78,92,46,46
050,08,003,"Colorado","Alamosa County",3,79,71,33,38
050,08,003,"Colorado","Alamosa County",3,80,57,24,33
050,08,003,"Colorado","Alamosa County",3,81,59,30,29
050,08,003,"Colorado","Alamosa County",3,82,56,23,33
050,08,003,"Colorado","Alamosa County",3,83,58,27,31
050,08,003,"Colorado","Alamosa County",3,84,53,31,22
050,08,003,"Colorado","Alamosa County",3,85,254,93,161
050,08,003,"Colorado","Alamosa County",4,0,187,98,89
050,08,003,"Colorado","Alamosa County",4,1,204,99,105
050,08,003,"Colorado","Alamosa County",4,2,206,105,101
050,08,003,"Colorado","Alamosa County",4,3,193,94,99
050,08,003,"Colorado","Alamosa County",4,4,211,106,105
050,08,003,"Colorado","Alamosa County",4,5,214,110,104
050,08,003,"Colorado","Alamosa County",4,6,215,120,95
050,08,003,"Colorado","Alamosa County",4,7,228,107,121
050,08,003,"Colorado","Alamosa County",4,8,241,116,125
050,08,003,"Colorado","Alamosa County",4,9,229,112,117
050,08,003,"Colorado","Alamosa County",4,10,231,135,96
050,08,003,"Colorado","Alamosa County",4,11,244,130,114
050,08,003,"Colorado","Alamosa County",4,12,249,121,128
050,08,003,"Colorado","Alamosa County",4,13,241,117,124
050,08,003,"Colorado","Alamosa County",4,14,222,109,113
050,08,003,"Colorado","Alamosa County",4,15,242,125,117
050,08,003,"Colorado","Alamosa County",4,16,232,127,105
050,08,003,"Colorado","Alamosa County",4,17,242,134,108
050,08,003,"Colorado","Alamosa County",4,18,377,191,186
050,08,003,"Colorado","Alamosa County",4,19,527,274,253
050,08,003,"Colorado","Alamosa County",4,20,391,189,202
050,08,003,"Colorado","Alamosa County",4,21,412,177,235
050,08,003,"Colorado","Alamosa County",4,22,368,197,171
050,08,003,"Colorado","Alamosa County",4,23,366,169,197
050,08,003,"Colorado","Alamosa County",4,24,247,120,127
050,08,003,"Colorado","Alamosa County",4,25,210,113,97
050,08,003,"Colorado","Alamosa County",4,26,200,95,105
050,08,003,"Colorado","Alamosa County",4,27,186,94,92
050,08,003,"Colorado","Alamosa County",4,28,206,110,96
050,08,003,"Colorado","Alamosa County",4,29,175,86,89
050,08,003,"Colorado","Alamosa County",4,30,200,99,101
050,08,003,"Colorado","Alamosa County",4,31,230,114,116
050,08,003,"Colorado","Alamosa County",4,32,229,98,131
050,08,003,"Colorado","Alamosa County",4,33,227,125,102
050,08,003,"Colorado","Alamosa County",4,34,216,120,96
050,08,003,"Colorado","Alamosa County",4,35,220,120,100
050,08,003,"Colorado","Alamosa County",4,36,220,120,100
050,08,003,"Colorado","Alamosa County",4,37,196,102,94
050,08,003,"Colorado","Alamosa County",4,38,194,94,100
050,08,003,"Colorado","Alamosa County",4,39,192,83,109
050,08,003,"Colorado","Alamosa County",4,40,202,102,100
050,08,003,"Colorado","Alamosa County",4,41,214,114,100
050,08,003,"Colorado","Alamosa County",4,42,199,97,102
050,08,003,"Colorado","Alamosa County",4,43,182,89,93
050,08,003,"Colorado","Alamosa County",4,44,193,96,97
050,08,003,"Colorado","Alamosa County",4,45,161,81,80
050,08,003,"Colorado","Alamosa County",4,46,170,90,80
050,08,003,"Colorado","Alamosa County",4,47,188,92,96
050,08,003,"Colorado","Alamosa County",4,48,133,68,65
050,08,003,"Colorado","Alamosa County",4,49,141,71,70
050,08,003,"Colorado","Alamosa County",4,50,151,81,70
050,08,003,"Colorado","Alamosa County",4,51,150,70,80
050,08,003,"Colorado","Alamosa County",4,52,140,66,74
050,08,003,"Colorado","Alamosa County",4,53,139,69,70
050,08,003,"Colorado","Alamosa County",4,54,170,90,80
050,08,003,"Colorado","Alamosa County",4,55,159,70,89
050,08,003,"Colorado","Alamosa County",4,56,165,80,85
050,08,003,"Colorado","Alamosa County",4,57,163,78,85
050,08,003,"Colorado","Alamosa County",4,58,171,92,79
050,08,003,"Colorado","Alamosa County",4,59,182,91,91
050,08,003,"Colorado","Alamosa County",4,60,168,77,91
050,08,003,"Colorado","Alamosa County",4,61,185,83,102
050,08,003,"Colorado","Alamosa County",4,62,166,81,85
050,08,003,"Colorado","Alamosa County",4,63,185,90,95
050,08,003,"Colorado","Alamosa County",4,64,173,80,93
050,08,003,"Colorado","Alamosa County",4,65,154,67,87
050,08,003,"Colorado","Alamosa County",4,66,173,76,97
050,08,003,"Colorado","Alamosa County",4,67,156,67,89
050,08,003,"Colorado","Alamosa County",4,68,153,78,75
050,08,003,"Colorado","Alamosa County",4,69,154,75,79
050,08,003,"Colorado","Alamosa County",4,70,152,79,73
050,08,003,"Colorado","Alamosa County",4,71,140,71,69
050,08,003,"Colorado","Alamosa County",4,72,134,67,67
050,08,003,"Colorado","Alamosa County",4,73,129,64,65
050,08,003,"Colorado","Alamosa County",4,74,126,66,60
050,08,003,"Colorado","Alamosa County",4,75,127,55,72
050,08,003,"Colorado","Alamosa County",4,76,95,45,50
050,08,003,"Colorado","Alamosa County",4,77,99,35,64
050,08,003,"Colorado","Alamosa County",4,78,93,41,52
050,08,003,"Colorado","Alamosa County",4,79,81,36,45
050,08,003,"Colorado","Alamosa County",4,80,67,29,38
050,08,003,"Colorado","Alamosa County",4,81,51,24,27
050,08,003,"Colorado","Alamosa County",4,82,57,30,27
050,08,003,"Colorado","Alamosa County",4,83,54,19,35
050,08,003,"Colorado","Alamosa County",4,84,61,27,34
050,08,003,"Colorado","Alamosa County",4,85,261,101,160
050,08,003,"Colorado","Alamosa County",5,0,188,98,90
050,08,003,"Colorado","Alamosa County",5,1,213,104,109
050,08,003,"Colorado","Alamosa County",5,2,202,104,98
050,08,003,"Colorado","Alamosa County",5,3,194,101,93
050,08,003,"Colorado","Alamosa County",5,4,202,102,100
050,08,003,"Colorado","Alamosa County",5,5,202,106,96
050,08,003,"Colorado","Alamosa County",5,6,211,108,103
050,08,003,"Colorado","Alamosa County",5,7,220,124,96
050,08,003,"Colorado","Alamosa County",5,8,232,106,126
050,08,003,"Colorado","Alamosa County",5,9,238,110,128
050,08,003,"Colorado","Alamosa County",5,10,223,113,110
050,08,003,"Colorado","Alamosa County",5,11,232,132,100
050,08,003,"Colorado","Alamosa County",5,12,246,128,118
050,08,003,"Colorado","Alamosa County",5,13,242,124,118
050,08,003,"Colorado","Alamosa County",5,14,246,119,127
050,08,003,"Colorado","Alamosa County",5,15,228,114,114
050,08,003,"Colorado","Alamosa County",5,16,234,124,110
050,08,003,"Colorado","Alamosa County",5,17,230,120,110
050,08,003,"Colorado","Alamosa County",5,18,384,196,188
050,08,003,"Colorado","Alamosa County",5,19,549,291,258
050,08,003,"Colorado","Alamosa County",5,20,376,173,203
050,08,003,"Colorado","Alamosa County",5,21,417,191,226
050,08,003,"Colorado","Alamosa County",5,22,358,184,174
050,08,003,"Colorado","Alamosa County",5,23,402,181,221
050,08,003,"Colorado","Alamosa County",5,24,250,135,115
050,08,003,"Colorado","Alamosa County",5,25,229,106,123
050,08,003,"Colorado","Alamosa County",5,26,204,104,100
050,08,003,"Colorado","Alamosa County",5,27,178,89,89
050,08,003,"Colorado","Alamosa County",5,28,196,106,90
050,08,003,"Colorado","Alamosa County",5,29,198,100,98
050,08,003,"Colorado","Alamosa County",5,30,187,90,97
050,08,003,"Colorado","Alamosa County",5,31,198,102,96
050,08,003,"Colorado","Alamosa County",5,32,215,111,104
050,08,003,"Colorado","Alamosa County",5,33,239,100,139
050,08,003,"Colorado","Alamosa County",5,34,231,118,113
050,08,003,"Colorado","Alamosa County",5,35,212,114,98
050,08,003,"Colorado","Alamosa County",5,36,223,126,97
050,08,003,"Colorado","Alamosa County",5,37,214,119,95
050,08,003,"Colorado","Alamosa County",5,38,187,95,92
050,08,003,"Colorado","Alamosa County",5,39,188,82,106
050,08,003,"Colorado","Alamosa County",5,40,190,88,102
050,08,003,"Colorado","Alamosa County",5,41,192,96,96
050,08,003,"Colorado","Alamosa County",5,42,203,109,94
050,08,003,"Colorado","Alamosa County",5,43,205,106,99
050,08,003,"Colorado","Alamosa County",5,44,181,81,100
050,08,003,"Colorado","Alamosa County",5,45,181,84,97
050,08,003,"Colorado","Alamosa County",5,46,165,85,80
050,08,003,"Colorado","Alamosa County",5,47,175,100,75
050,08,003,"Colorado","Alamosa County",5,48,179,89,90
050,08,003,"Colorado","Alamosa County",5,49,144,68,76
050,08,003,"Colorado","Alamosa County",5,50,153,80,73
050,08,003,"Colorado","Alamosa County",5,51,153,76,77
050,08,003,"Colorado","Alamosa County",5,52,150,71,79
050,08,003,"Colorado","Alamosa County",5,53,146,69,77
050,08,003,"Colorado","Alamosa County",5,54,139,66,73
050,08,003,"Colorado","Alamosa County",5,55,169,84,85
050,08,003,"Colorado","Alamosa County",5,56,162,75,87
050,08,003,"Colorado","Alamosa County",5,57,165,79,86
050,08,003,"Colorado","Alamosa County",5,58,166,77,89
050,08,003,"Colorado","Alamosa County",5,59,173,94,79
050,08,003,"Colorado","Alamosa County",5,60,172,88,84
050,08,003,"Colorado","Alamosa County",5,61,173,81,92
050,08,003,"Colorado","Alamosa County",5,62,170,77,93
050,08,003,"Colorado","Alamosa County",5,63,166,83,83
050,08,003,"Colorado","Alamosa County",5,64,182,88,94
050,08,003,"Colorado","Alamosa County",5,65,175,82,93
050,08,003,"Colorado","Alamosa County",5,66,156,69,87
050,08,003,"Colorado","Alamosa County",5,67,164,65,99
050,08,003,"Colorado","Alamosa County",5,68,154,64,90
050,08,003,"Colorado","Alamosa County",5,69,147,79,68
050,08,003,"Colorado","Alamosa County",5,70,149,72,77
050,08,003,"Colorado","Alamosa County",5,71,154,77,77
050,08,003,"Colorado","Alamosa County",5,72,134,72,62
050,08,003,"Colorado","Alamosa County",5,73,137,67,70
050,08,003,"Colorado","Alamosa County",5,74,122,62,60
050,08,003,"Colorado","Alamosa County",5,75,121,63,58
050,08,003,"Colorado","Alamosa County",5,76,124,52,72
050,08,003,"Colorado","Alamosa County",5,77,92,43,49
050,08,003,"Colorado","Alamosa County",5,78,99,40,59
050,08,003,"Colorado","Alamosa County",5,79,86,35,51
050,08,003,"Colorado","Alamosa County",5,80,78,32,46
050,08,003,"Colorado","Alamosa County",5,81,63,28,35
050,08,003,"Colorado","Alamosa County",5,82,45,23,22
050,08,003,"Colorado","Alamosa County",5,83,54,26,28
050,08,003,"Colorado","Alamosa County",5,84,55,21,34
050,08,003,"Colorado","Alamosa County",5,85,274,103,171
050,08,005,"Colorado","Arapahoe County",1,0,7434,3805,3629
050,08,005,"Colorado","Arapahoe County",1,1,7515,3807,3708
050,08,005,"Colorado","Arapahoe County",1,2,7637,3783,3854
050,08,005,"Colorado","Arapahoe County",1,3,7966,4028,3938
050,08,005,"Colorado","Arapahoe County",1,4,8179,4240,3939
050,08,005,"Colorado","Arapahoe County",1,5,8316,4262,4054
050,08,005,"Colorado","Arapahoe County",1,6,8158,4125,4033
050,08,005,"Colorado","Arapahoe County",1,7,8236,4167,4069
050,08,005,"Colorado","Arapahoe County",1,8,8330,4243,4087
050,08,005,"Colorado","Arapahoe County",1,9,8579,4481,4098
050,08,005,"Colorado","Arapahoe County",1,10,8838,4575,4263
050,08,005,"Colorado","Arapahoe County",1,11,9108,4630,4478
050,08,005,"Colorado","Arapahoe County",1,12,9165,4749,4416
050,08,005,"Colorado","Arapahoe County",1,13,9199,4761,4438
050,08,005,"Colorado","Arapahoe County",1,14,9003,4687,4316
050,08,005,"Colorado","Arapahoe County",1,15,9090,4695,4395
050,08,005,"Colorado","Arapahoe County",1,16,9079,4608,4471
050,08,005,"Colorado","Arapahoe County",1,17,8914,4489,4425
050,08,005,"Colorado","Arapahoe County",1,18,7592,3985,3607
050,08,005,"Colorado","Arapahoe County",1,19,6442,3390,3052
050,08,005,"Colorado","Arapahoe County",1,20,6738,3523,3215
050,08,005,"Colorado","Arapahoe County",1,21,7031,3658,3373
050,08,005,"Colorado","Arapahoe County",1,22,7432,3720,3712
050,08,005,"Colorado","Arapahoe County",1,23,8224,4148,4076
050,08,005,"Colorado","Arapahoe County",1,24,8671,4425,4246
050,08,005,"Colorado","Arapahoe County",1,25,9306,4705,4601
050,08,005,"Colorado","Arapahoe County",1,26,9737,5029,4708
050,08,005,"Colorado","Arapahoe County",1,27,10160,5271,4889
050,08,005,"Colorado","Arapahoe County",1,28,10482,5432,5050
050,08,005,"Colorado","Arapahoe County",1,29,10513,5434,5079
050,08,005,"Colorado","Arapahoe County",1,30,10489,5347,5142
050,08,005,"Colorado","Arapahoe County",1,31,10443,5414,5029
050,08,005,"Colorado","Arapahoe County",1,32,10301,5315,4986
050,08,005,"Colorado","Arapahoe County",1,33,10400,5330,5070
050,08,005,"Colorado","Arapahoe County",1,34,10389,5407,4982
050,08,005,"Colorado","Arapahoe County",1,35,10157,5138,5019
050,08,005,"Colorado","Arapahoe County",1,36,10307,5175,5132
050,08,005,"Colorado","Arapahoe County",1,37,10260,5249,5011
050,08,005,"Colorado","Arapahoe County",1,38,10100,5198,4902
050,08,005,"Colorado","Arapahoe County",1,39,9970,5107,4863
050,08,005,"Colorado","Arapahoe County",1,40,9598,4908,4690
050,08,005,"Colorado","Arapahoe County",1,41,9283,4669,4614
050,08,005,"Colorado","Arapahoe County",1,42,9205,4695,4510
050,08,005,"Colorado","Arapahoe County",1,43,8973,4548,4425
050,08,005,"Colorado","Arapahoe County",1,44,8522,4302,4220
050,08,005,"Colorado","Arapahoe County",1,45,8567,4437,4130
050,08,005,"Colorado","Arapahoe County",1,46,8511,4284,4227
050,08,005,"Colorado","Arapahoe County",1,47,8551,4275,4276
050,08,005,"Colorado","Arapahoe County",1,48,8837,4392,4445
050,08,005,"Colorado","Arapahoe County",1,49,9215,4667,4548
050,08,005,"Colorado","Arapahoe County",1,50,8882,4553,4329
050,08,005,"Colorado","Arapahoe County",1,51,8288,4177,4111
050,08,005,"Colorado","Arapahoe County",1,52,7921,3948,3973
050,08,005,"Colorado","Arapahoe County",1,53,7659,3814,3845
050,08,005,"Colorado","Arapahoe County",1,54,7711,3834,3877
050,08,005,"Colorado","Arapahoe County",1,55,7977,3989,3988
050,08,005,"Colorado","Arapahoe County",1,56,8154,4060,4094
050,08,005,"Colorado","Arapahoe County",1,57,8069,3967,4102
050,08,005,"Colorado","Arapahoe County",1,58,8156,3948,4208
050,08,005,"Colorado","Arapahoe County",1,59,8197,3995,4202
050,08,005,"Colorado","Arapahoe County",1,60,8004,3903,4101
050,08,005,"Colorado","Arapahoe County",1,61,7804,3818,3986
050,08,005,"Colorado","Arapahoe County",1,62,7744,3712,4032
050,08,005,"Colorado","Arapahoe County",1,63,7315,3507,3808
050,08,005,"Colorado","Arapahoe County",1,64,7232,3519,3713
050,08,005,"Colorado","Arapahoe County",1,65,6914,3311,3603
050,08,005,"Colorado","Arapahoe County",1,66,6689,3151,3538
050,08,005,"Colorado","Arapahoe County",1,67,6347,2921,3426
050,08,005,"Colorado","Arapahoe County",1,68,6025,2777,3248
050,08,005,"Colorado","Arapahoe County",1,69,5671,2656,3015
050,08,005,"Colorado","Arapahoe County",1,70,5474,2510,2964
050,08,005,"Colorado","Arapahoe County",1,71,5306,2470,2836
050,08,005,"Colorado","Arapahoe County",1,72,5188,2443,2745
050,08,005,"Colorado","Arapahoe County",1,73,5098,2365,2733
050,08,005,"Colorado","Arapahoe County",1,74,3488,1564,1924
050,08,005,"Colorado","Arapahoe County",1,75,3309,1489,1820
050,08,005,"Colorado","Arapahoe County",1,76,3123,1425,1698
050,08,005,"Colorado","Arapahoe County",1,77,3025,1369,1656
050,08,005,"Colorado","Arapahoe County",1,78,2635,1180,1455
050,08,005,"Colorado","Arapahoe County",1,79,2353,1043,1310
050,08,005,"Colorado","Arapahoe County",1,80,2181,894,1287
050,08,005,"Colorado","Arapahoe County",1,81,2025,816,1209
050,08,005,"Colorado","Arapahoe County",1,82,1741,745,996
050,08,005,"Colorado","Arapahoe County",1,83,1581,651,930
050,08,005,"Colorado","Arapahoe County",1,84,1457,579,878
050,08,005,"Colorado","Arapahoe County",1,85,9180,3189,5991
050,08,005,"Colorado","Arapahoe County",2,0,7466,3837,3629
050,08,005,"Colorado","Arapahoe County",2,1,7477,3792,3685
050,08,005,"Colorado","Arapahoe County",2,2,7615,3795,3820
050,08,005,"Colorado","Arapahoe County",2,3,7858,3962,3896
050,08,005,"Colorado","Arapahoe County",2,4,8141,4197,3944
050,08,005,"Colorado","Arapahoe County",2,5,8269,4244,4025
050,08,005,"Colorado","Arapahoe County",2,6,8192,4163,4029
050,08,005,"Colorado","Arapahoe County",2,7,8197,4153,4044
050,08,005,"Colorado","Arapahoe County",2,8,8279,4217,4062
050,08,005,"Colorado","Arapahoe County",2,9,8488,4406,4082
050,08,005,"Colorado","Arapahoe County",2,10,8756,4534,4222
050,08,005,"Colorado","Arapahoe County",2,11,8999,4588,4411
050,08,005,"Colorado","Arapahoe County",2,12,9189,4744,4445
050,08,005,"Colorado","Arapahoe County",2,13,9175,4751,4424
050,08,005,"Colorado","Arapahoe County",2,14,9043,4694,4349
050,08,005,"Colorado","Arapahoe County",2,15,9077,4696,4381
050,08,005,"Colorado","Arapahoe County",2,16,9083,4625,4458
050,08,005,"Colorado","Arapahoe County",2,17,8940,4514,4426
050,08,005,"Colorado","Arapahoe County",2,18,7601,3978,3623
050,08,005,"Colorado","Arapahoe County",2,19,6504,3418,3086
050,08,005,"Colorado","Arapahoe County",2,20,6829,3572,3257
050,08,005,"Colorado","Arapahoe County",2,21,7043,3664,3379
050,08,005,"Colorado","Arapahoe County",2,22,7503,3778,3725
050,08,005,"Colorado","Arapahoe County",2,23,8219,4154,4065
050,08,005,"Colorado","Arapahoe County",2,24,8670,4408,4262
050,08,005,"Colorado","Arapahoe County",2,25,9255,4696,4559
050,08,005,"Colorado","Arapahoe County",2,26,9718,5011,4707
050,08,005,"Colorado","Arapahoe County",2,27,10114,5244,4870
050,08,005,"Colorado","Arapahoe County",2,28,10472,5442,5030
050,08,005,"Colorado","Arapahoe County",2,29,10508,5425,5083
050,08,005,"Colorado","Arapahoe County",2,30,10584,5413,5171
050,08,005,"Colorado","Arapahoe County",2,31,10445,5396,5049
050,08,005,"Colorado","Arapahoe County",2,32,10322,5325,4997
050,08,005,"Colorado","Arapahoe County",2,33,10374,5344,5030
050,08,005,"Colorado","Arapahoe County",2,34,10388,5390,4998
050,08,005,"Colorado","Arapahoe County",2,35,10272,5237,5035
050,08,005,"Colorado","Arapahoe County",2,36,10201,5138,5063
050,08,005,"Colorado","Arapahoe County",2,37,10281,5240,5041
050,08,005,"Colorado","Arapahoe County",2,38,10173,5233,4940
050,08,005,"Colorado","Arapahoe County",2,39,9969,5111,4858
050,08,005,"Colorado","Arapahoe County",2,40,9735,4980,4755
050,08,005,"Colorado","Arapahoe County",2,41,9336,4713,4623
050,08,005,"Colorado","Arapahoe County",2,42,9175,4666,4509
050,08,005,"Colorado","Arapahoe County",2,43,9066,4603,4463
050,08,005,"Colorado","Arapahoe County",2,44,8545,4331,4214
050,08,005,"Colorado","Arapahoe County",2,45,8593,4420,4173
050,08,005,"Colorado","Arapahoe County",2,46,8479,4297,4182
050,08,005,"Colorado","Arapahoe County",2,47,8498,4253,4245
050,08,005,"Colorado","Arapahoe County",2,48,8754,4350,4404
050,08,005,"Colorado","Arapahoe County",2,49,9130,4606,4524
050,08,005,"Colorado","Arapahoe County",2,50,8959,4583,4376
050,08,005,"Colorado","Arapahoe County",2,51,8392,4248,4144
050,08,005,"Colorado","Arapahoe County",2,52,7972,3990,3982
050,08,005,"Colorado","Arapahoe County",2,53,7690,3827,3863
050,08,005,"Colorado","Arapahoe County",2,54,7648,3807,3841
050,08,005,"Colorado","Arapahoe County",2,55,7876,3939,3937
050,08,005,"Colorado","Arapahoe County",2,56,8091,4029,4062
050,08,005,"Colorado","Arapahoe County",2,57,8061,3976,4085
050,08,005,"Colorado","Arapahoe County",2,58,8110,3938,4172
050,08,005,"Colorado","Arapahoe County",2,59,8178,3975,4203
050,08,005,"Colorado","Arapahoe County",2,60,7991,3903,4088
050,08,005,"Colorado","Arapahoe County",2,61,7780,3806,3974
050,08,005,"Colorado","Arapahoe County",2,62,7684,3701,3983
050,08,005,"Colorado","Arapahoe County",2,63,7418,3560,3858
050,08,005,"Colorado","Arapahoe County",2,64,7160,3469,3691
050,08,005,"Colorado","Arapahoe County",2,65,6932,3328,3604
050,08,005,"Colorado","Arapahoe County",2,66,6689,3155,3534
050,08,005,"Colorado","Arapahoe County",2,67,6353,2940,3413
050,08,005,"Colorado","Arapahoe County",2,68,6022,2773,3249
050,08,005,"Colorado","Arapahoe County",2,69,5755,2673,3082
050,08,005,"Colorado","Arapahoe County",2,70,5482,2527,2955
050,08,005,"Colorado","Arapahoe County",2,71,5320,2462,2858
050,08,005,"Colorado","Arapahoe County",2,72,5107,2396,2711
050,08,005,"Colorado","Arapahoe County",2,73,5317,2475,2842
050,08,005,"Colorado","Arapahoe County",2,74,3627,1636,1991
050,08,005,"Colorado","Arapahoe County",2,75,3319,1495,1824
050,08,005,"Colorado","Arapahoe County",2,76,3109,1418,1691
050,08,005,"Colorado","Arapahoe County",2,77,3082,1384,1698
050,08,005,"Colorado","Arapahoe County",2,78,2651,1186,1465
050,08,005,"Colorado","Arapahoe County",2,79,2364,1045,1319
050,08,005,"Colorado","Arapahoe County",2,80,2203,919,1284
050,08,005,"Colorado","Arapahoe County",2,81,2025,815,1210
050,08,005,"Colorado","Arapahoe County",2,82,1779,746,1033
050,08,005,"Colorado","Arapahoe County",2,83,1603,662,941
050,08,005,"Colorado","Arapahoe County",2,84,1458,585,873
050,08,005,"Colorado","Arapahoe County",2,85,9065,3133,5932
050,08,005,"Colorado","Arapahoe County",3,0,7573,3784,3789
050,08,005,"Colorado","Arapahoe County",3,1,7378,3784,3594
050,08,005,"Colorado","Arapahoe County",3,2,7418,3746,3672
050,08,005,"Colorado","Arapahoe County",3,3,7605,3845,3760
050,08,005,"Colorado","Arapahoe County",3,4,7897,3997,3900
050,08,005,"Colorado","Arapahoe County",3,5,8067,4172,3895
050,08,005,"Colorado","Arapahoe County",3,6,8230,4221,4009
050,08,005,"Colorado","Arapahoe County",3,7,8219,4179,4040
050,08,005,"Colorado","Arapahoe County",3,8,8161,4134,4027
050,08,005,"Colorado","Arapahoe County",3,9,8349,4245,4104
050,08,005,"Colorado","Arapahoe County",3,10,8467,4388,4079
050,08,005,"Colorado","Arapahoe County",3,11,8740,4526,4214
050,08,005,"Colorado","Arapahoe County",3,12,8987,4618,4369
050,08,005,"Colorado","Arapahoe County",3,13,9190,4736,4454
050,08,005,"Colorado","Arapahoe County",3,14,9166,4718,4448
050,08,005,"Colorado","Arapahoe County",3,15,8967,4611,4356
050,08,005,"Colorado","Arapahoe County",3,16,9047,4714,4333
050,08,005,"Colorado","Arapahoe County",3,17,8990,4602,4388
050,08,005,"Colorado","Arapahoe County",3,18,7866,4086,3780
050,08,005,"Colorado","Arapahoe County",3,19,6575,3435,3140
050,08,005,"Colorado","Arapahoe County",3,20,7015,3626,3389
050,08,005,"Colorado","Arapahoe County",3,21,7210,3752,3458
050,08,005,"Colorado","Arapahoe County",3,22,7588,3827,3761
050,08,005,"Colorado","Arapahoe County",3,23,8279,4127,4152
050,08,005,"Colorado","Arapahoe County",3,24,8652,4381,4271
050,08,005,"Colorado","Arapahoe County",3,25,9068,4590,4478
050,08,005,"Colorado","Arapahoe County",3,26,9617,4941,4676
050,08,005,"Colorado","Arapahoe County",3,27,9948,5179,4769
050,08,005,"Colorado","Arapahoe County",3,28,10298,5360,4938
050,08,005,"Colorado","Arapahoe County",3,29,10655,5478,5177
050,08,005,"Colorado","Arapahoe County",3,30,10670,5566,5104
050,08,005,"Colorado","Arapahoe County",3,31,10594,5467,5127
050,08,005,"Colorado","Arapahoe County",3,32,10490,5435,5055
050,08,005,"Colorado","Arapahoe County",3,33,10334,5314,5020
050,08,005,"Colorado","Arapahoe County",3,34,10434,5396,5038
050,08,005,"Colorado","Arapahoe County",3,35,10412,5393,5019
050,08,005,"Colorado","Arapahoe County",3,36,10220,5269,4951
050,08,005,"Colorado","Arapahoe County",3,37,10218,5135,5083
050,08,005,"Colorado","Arapahoe County",3,38,10265,5228,5037
050,08,005,"Colorado","Arapahoe County",3,39,10178,5227,4951
050,08,005,"Colorado","Arapahoe County",3,40,9943,5129,4814
050,08,005,"Colorado","Arapahoe County",3,41,9647,4902,4745
050,08,005,"Colorado","Arapahoe County",3,42,9295,4684,4611
050,08,005,"Colorado","Arapahoe County",3,43,8990,4518,4472
050,08,005,"Colorado","Arapahoe County",3,44,8931,4510,4421
050,08,005,"Colorado","Arapahoe County",3,45,8454,4310,4144
050,08,005,"Colorado","Arapahoe County",3,46,8510,4365,4145
050,08,005,"Colorado","Arapahoe County",3,47,8473,4316,4157
050,08,005,"Colorado","Arapahoe County",3,48,8379,4184,4195
050,08,005,"Colorado","Arapahoe County",3,49,8587,4273,4314
050,08,005,"Colorado","Arapahoe County",3,50,8958,4504,4454
050,08,005,"Colorado","Arapahoe County",3,51,8823,4524,4299
050,08,005,"Colorado","Arapahoe County",3,52,8199,4150,4049
050,08,005,"Colorado","Arapahoe County",3,53,7859,3940,3919
050,08,005,"Colorado","Arapahoe County",3,54,7568,3786,3782
050,08,005,"Colorado","Arapahoe County",3,55,7525,3746,3779
050,08,005,"Colorado","Arapahoe County",3,56,7689,3831,3858
050,08,005,"Colorado","Arapahoe County",3,57,7901,3928,3973
050,08,005,"Colorado","Arapahoe County",3,58,7927,3930,3997
050,08,005,"Colorado","Arapahoe County",3,59,8017,3919,4098
050,08,005,"Colorado","Arapahoe County",3,60,7959,3805,4154
050,08,005,"Colorado","Arapahoe County",3,61,7757,3772,3985
050,08,005,"Colorado","Arapahoe County",3,62,7521,3635,3886
050,08,005,"Colorado","Arapahoe County",3,63,7497,3632,3865
050,08,005,"Colorado","Arapahoe County",3,64,7236,3461,3775
050,08,005,"Colorado","Arapahoe County",3,65,6935,3333,3602
050,08,005,"Colorado","Arapahoe County",3,66,6791,3224,3567
050,08,005,"Colorado","Arapahoe County",3,67,6473,3028,3445
050,08,005,"Colorado","Arapahoe County",3,68,6125,2826,3299
050,08,005,"Colorado","Arapahoe County",3,69,5912,2693,3219
050,08,005,"Colorado","Arapahoe County",3,70,5657,2621,3036
050,08,005,"Colorado","Arapahoe County",3,71,5328,2454,2874
050,08,005,"Colorado","Arapahoe County",3,72,5137,2372,2765
050,08,005,"Colorado","Arapahoe County",3,73,4985,2312,2673
050,08,005,"Colorado","Arapahoe County",3,74,5110,2360,2750
050,08,005,"Colorado","Arapahoe County",3,75,3474,1569,1905
050,08,005,"Colorado","Arapahoe County",3,76,3200,1445,1755
050,08,005,"Colorado","Arapahoe County",3,77,3032,1370,1662
050,08,005,"Colorado","Arapahoe County",3,78,2943,1298,1645
050,08,005,"Colorado","Arapahoe County",3,79,2521,1128,1393
050,08,005,"Colorado","Arapahoe County",3,80,2292,987,1305
050,08,005,"Colorado","Arapahoe County",3,81,2082,857,1225
050,08,005,"Colorado","Arapahoe County",3,82,1888,767,1121
050,08,005,"Colorado","Arapahoe County",3,83,1710,688,1022
050,08,005,"Colorado","Arapahoe County",3,84,1539,655,884
050,08,005,"Colorado","Arapahoe County",3,85,9039,3152,5887
050,08,005,"Colorado","Arapahoe County",4,0,7665,3841,3824
050,08,005,"Colorado","Arapahoe County",4,1,7522,3816,3706
050,08,005,"Colorado","Arapahoe County",4,2,7364,3813,3551
050,08,005,"Colorado","Arapahoe County",4,3,7335,3706,3629
050,08,005,"Colorado","Arapahoe County",4,4,7540,3795,3745
050,08,005,"Colorado","Arapahoe County",4,5,7822,4007,3815
050,08,005,"Colorado","Arapahoe County",4,6,8018,4068,3950
050,08,005,"Colorado","Arapahoe County",4,7,8205,4189,4016
050,08,005,"Colorado","Arapahoe County",4,8,8099,4064,4035
050,08,005,"Colorado","Arapahoe County",4,9,8091,4064,4027
050,08,005,"Colorado","Arapahoe County",4,10,8142,4156,3986
050,08,005,"Colorado","Arapahoe County",4,11,8429,4374,4055
050,08,005,"Colorado","Arapahoe County",4,12,8610,4421,4189
050,08,005,"Colorado","Arapahoe County",4,13,8917,4507,4410
050,08,005,"Colorado","Arapahoe County",4,14,9078,4659,4419
050,08,005,"Colorado","Arapahoe County",4,15,9152,4767,4385
050,08,005,"Colorado","Arapahoe County",4,16,8930,4612,4318
050,08,005,"Colorado","Arapahoe County",4,17,8969,4651,4318
050,08,005,"Colorado","Arapahoe County",4,18,7738,4028,3710
050,08,005,"Colorado","Arapahoe County",4,19,6601,3441,3160
050,08,005,"Colorado","Arapahoe County",4,20,6909,3584,3325
050,08,005,"Colorado","Arapahoe County",4,21,7345,3774,3571
050,08,005,"Colorado","Arapahoe County",4,22,7720,3895,3825
050,08,005,"Colorado","Arapahoe County",4,23,8373,4215,4158
050,08,005,"Colorado","Arapahoe County",4,24,8838,4382,4456
050,08,005,"Colorado","Arapahoe County",4,25,9315,4776,4539
050,08,005,"Colorado","Arapahoe County",4,26,9621,4858,4763
050,08,005,"Colorado","Arapahoe County",4,27,9988,5162,4826
050,08,005,"Colorado","Arapahoe County",4,28,10098,5288,4810
050,08,005,"Colorado","Arapahoe County",4,29,10403,5446,4957
050,08,005,"Colorado","Arapahoe County",4,30,10789,5518,5271
050,08,005,"Colorado","Arapahoe County",4,31,10782,5624,5158
050,08,005,"Colorado","Arapahoe County",4,32,10712,5502,5210
050,08,005,"Colorado","Arapahoe County",4,33,10498,5414,5084
050,08,005,"Colorado","Arapahoe County",4,34,10310,5360,4950
050,08,005,"Colorado","Arapahoe County",4,35,10365,5386,4979
050,08,005,"Colorado","Arapahoe County",4,36,10391,5409,4982
050,08,005,"Colorado","Arapahoe County",4,37,10135,5220,4915
050,08,005,"Colorado","Arapahoe County",4,38,10034,5011,5023
050,08,005,"Colorado","Arapahoe County",4,39,10274,5271,5003
050,08,005,"Colorado","Arapahoe County",4,40,10019,5149,4870
050,08,005,"Colorado","Arapahoe County",4,41,9865,5079,4786
050,08,005,"Colorado","Arapahoe County",4,42,9621,4872,4749
050,08,005,"Colorado","Arapahoe County",4,43,9169,4612,4557
050,08,005,"Colorado","Arapahoe County",4,44,8834,4455,4379
050,08,005,"Colorado","Arapahoe County",4,45,8861,4491,4370
050,08,005,"Colorado","Arapahoe County",4,46,8312,4195,4117
050,08,005,"Colorado","Arapahoe County",4,47,8362,4290,4072
050,08,005,"Colorado","Arapahoe County",4,48,8313,4246,4067
050,08,005,"Colorado","Arapahoe County",4,49,8204,4069,4135
050,08,005,"Colorado","Arapahoe County",4,50,8454,4218,4236
050,08,005,"Colorado","Arapahoe County",4,51,8858,4431,4427
050,08,005,"Colorado","Arapahoe County",4,52,8611,4399,4212
050,08,005,"Colorado","Arapahoe County",4,53,8056,4047,4009
050,08,005,"Colorado","Arapahoe County",4,54,7650,3841,3809
050,08,005,"Colorado","Arapahoe County",4,55,7319,3681,3638
050,08,005,"Colorado","Arapahoe County",4,56,7335,3625,3710
050,08,005,"Colorado","Arapahoe County",4,57,7497,3750,3747
050,08,005,"Colorado","Arapahoe County",4,58,7711,3815,3896
050,08,005,"Colorado","Arapahoe County",4,59,7707,3786,3921
050,08,005,"Colorado","Arapahoe County",4,60,7729,3790,3939
050,08,005,"Colorado","Arapahoe County",4,61,7735,3677,4058
050,08,005,"Colorado","Arapahoe County",4,62,7528,3639,3889
050,08,005,"Colorado","Arapahoe County",4,63,7312,3507,3805
050,08,005,"Colorado","Arapahoe County",4,64,7211,3491,3720
050,08,005,"Colorado","Arapahoe County",4,65,6978,3302,3676
050,08,005,"Colorado","Arapahoe County",4,66,6672,3169,3503
050,08,005,"Colorado","Arapahoe County",4,67,6575,3096,3479
050,08,005,"Colorado","Arapahoe County",4,68,6205,2887,3318
050,08,005,"Colorado","Arapahoe County",4,69,6005,2745,3260
050,08,005,"Colorado","Arapahoe County",4,70,5728,2595,3133
050,08,005,"Colorado","Arapahoe County",4,71,5486,2534,2952
050,08,005,"Colorado","Arapahoe County",4,72,5136,2363,2773
050,08,005,"Colorado","Arapahoe County",4,73,5017,2303,2714
050,08,005,"Colorado","Arapahoe County",4,74,4790,2211,2579
050,08,005,"Colorado","Arapahoe County",4,75,4896,2272,2624
050,08,005,"Colorado","Arapahoe County",4,76,3367,1512,1855
050,08,005,"Colorado","Arapahoe County",4,77,3132,1386,1746
050,08,005,"Colorado","Arapahoe County",4,78,2886,1274,1612
050,08,005,"Colorado","Arapahoe County",4,79,2817,1234,1583
050,08,005,"Colorado","Arapahoe County",4,80,2394,1044,1350
050,08,005,"Colorado","Arapahoe County",4,81,2150,889,1261
050,08,005,"Colorado","Arapahoe County",4,82,1923,787,1136
050,08,005,"Colorado","Arapahoe County",4,83,1820,701,1119
050,08,005,"Colorado","Arapahoe County",4,84,1618,652,966
050,08,005,"Colorado","Arapahoe County",4,85,9274,3281,5993
050,08,005,"Colorado","Arapahoe County",5,0,7628,3813,3815
050,08,005,"Colorado","Arapahoe County",5,1,7573,3789,3784
050,08,005,"Colorado","Arapahoe County",5,2,7440,3734,3706
050,08,005,"Colorado","Arapahoe County",5,3,7339,3816,3523
050,08,005,"Colorado","Arapahoe County",5,4,7217,3649,3568
050,08,005,"Colorado","Arapahoe County",5,5,7442,3799,3643
050,08,005,"Colorado","Arapahoe County",5,6,7815,3972,3843
050,08,005,"Colorado","Arapahoe County",5,7,7997,4074,3923
050,08,005,"Colorado","Arapahoe County",5,8,8197,4168,4029
050,08,005,"Colorado","Arapahoe County",5,9,8214,4137,4077
050,08,005,"Colorado","Arapahoe County",5,10,8042,4057,3985
050,08,005,"Colorado","Arapahoe County",5,11,8173,4140,4033
050,08,005,"Colorado","Arapahoe County",5,12,8412,4353,4059
050,08,005,"Colorado","Arapahoe County",5,13,8547,4403,4144
050,08,005,"Colorado","Arapahoe County",5,14,8852,4467,4385
050,08,005,"Colorado","Arapahoe County",5,15,9014,4668,4346
050,08,005,"Colorado","Arapahoe County",5,16,9077,4732,4345
050,08,005,"Colorado","Arapahoe County",5,17,8881,4580,4301
050,08,005,"Colorado","Arapahoe County",5,18,7821,4083,3738
050,08,005,"Colorado","Arapahoe County",5,19,6605,3404,3201
050,08,005,"Colorado","Arapahoe County",5,20,7051,3611,3440
050,08,005,"Colorado","Arapahoe County",5,21,7260,3746,3514
050,08,005,"Colorado","Arapahoe County",5,22,7738,3900,3838
050,08,005,"Colorado","Arapahoe County",5,23,8533,4319,4214
050,08,005,"Colorado","Arapahoe County",5,24,8846,4452,4394
050,08,005,"Colorado","Arapahoe County",5,25,9281,4607,4674
050,08,005,"Colorado","Arapahoe County",5,26,9550,4903,4647
050,08,005,"Colorado","Arapahoe County",5,27,9842,4977,4865
050,08,005,"Colorado","Arapahoe County",5,28,10130,5248,4882
050,08,005,"Colorado","Arapahoe County",5,29,10246,5381,4865
050,08,005,"Colorado","Arapahoe County",5,30,10556,5576,4980
050,08,005,"Colorado","Arapahoe County",5,31,10697,5482,5215
050,08,005,"Colorado","Arapahoe County",5,32,10872,5628,5244
050,08,005,"Colorado","Arapahoe County",5,33,10781,5572,5209
050,08,005,"Colorado","Arapahoe County",5,34,10337,5348,4989
050,08,005,"Colorado","Arapahoe County",5,35,10303,5369,4934
050,08,005,"Colorado","Arapahoe County",5,36,10287,5325,4962
050,08,005,"Colorado","Arapahoe County",5,37,10211,5294,4917
050,08,005,"Colorado","Arapahoe County",5,38,10020,5105,4915
050,08,005,"Colorado","Arapahoe County",5,39,10076,5082,4994
050,08,005,"Colorado","Arapahoe County",5,40,10173,5218,4955
050,08,005,"Colorado","Arapahoe County",5,41,9872,5069,4803
050,08,005,"Colorado","Arapahoe County",5,42,9864,5059,4805
050,08,005,"Colorado","Arapahoe County",5,43,9436,4766,4670
050,08,005,"Colorado","Arapahoe County",5,44,8915,4452,4463
050,08,005,"Colorado","Arapahoe County",5,45,8772,4447,4325
050,08,005,"Colorado","Arapahoe County",5,46,8620,4314,4306
050,08,005,"Colorado","Arapahoe County",5,47,8183,4123,4060
050,08,005,"Colorado","Arapahoe County",5,48,8205,4196,4009
050,08,005,"Colorado","Arapahoe County",5,49,8060,4083,3977
050,08,005,"Colorado","Arapahoe County",5,50,8093,4026,4067
050,08,005,"Colorado","Arapahoe County",5,51,8372,4169,4203
050,08,005,"Colorado","Arapahoe County",5,52,8667,4355,4312
050,08,005,"Colorado","Arapahoe County",5,53,8447,4309,4138
050,08,005,"Colorado","Arapahoe County",5,54,7856,3958,3898
050,08,005,"Colorado","Arapahoe County",5,55,7548,3780,3768
050,08,005,"Colorado","Arapahoe County",5,56,7162,3581,3581
050,08,005,"Colorado","Arapahoe County",5,57,7171,3575,3596
050,08,005,"Colorado","Arapahoe County",5,58,7378,3707,3671
050,08,005,"Colorado","Arapahoe County",5,59,7471,3699,3772
050,08,005,"Colorado","Arapahoe County",5,60,7498,3667,3831
050,08,005,"Colorado","Arapahoe County",5,61,7516,3698,3818
050,08,005,"Colorado","Arapahoe County",5,62,7501,3569,3932
050,08,005,"Colorado","Arapahoe County",5,63,7310,3491,3819
050,08,005,"Colorado","Arapahoe County",5,64,7106,3408,3698
050,08,005,"Colorado","Arapahoe County",5,65,7018,3369,3649
050,08,005,"Colorado","Arapahoe County",5,66,6768,3184,3584
050,08,005,"Colorado","Arapahoe County",5,67,6471,3065,3406
050,08,005,"Colorado","Arapahoe County",5,68,6393,2983,3410
050,08,005,"Colorado","Arapahoe County",5,69,6078,2804,3274
050,08,005,"Colorado","Arapahoe County",5,70,5853,2663,3190
050,08,005,"Colorado","Arapahoe County",5,71,5606,2511,3095
050,08,005,"Colorado","Arapahoe County",5,72,5331,2446,2885
050,08,005,"Colorado","Arapahoe County",5,73,4982,2261,2721
050,08,005,"Colorado","Arapahoe County",5,74,4888,2213,2675
050,08,005,"Colorado","Arapahoe County",5,75,4641,2145,2496
050,08,005,"Colorado","Arapahoe County",5,76,4732,2197,2535
050,08,005,"Colorado","Arapahoe County",5,77,3289,1457,1832
050,08,005,"Colorado","Arapahoe County",5,78,2995,1311,1684
050,08,005,"Colorado","Arapahoe County",5,79,2774,1223,1551
050,08,005,"Colorado","Arapahoe County",5,80,2715,1164,1551
050,08,005,"Colorado","Arapahoe County",5,81,2271,968,1303
050,08,005,"Colorado","Arapahoe County",5,82,1983,813,1170
050,08,005,"Colorado","Arapahoe County",5,83,1870,725,1145
050,08,005,"Colorado","Arapahoe County",5,84,1750,684,1066
050,08,005,"Colorado","Arapahoe County",5,85,9554,3418,6136
050,08,007,"Colorado","Archuleta County",1,0,99,51,48
050,08,007,"Colorado","Archuleta County",1,1,95,51,44
050,08,007,"Colorado","Archuleta County",1,2,117,54,63
050,08,007,"Colorado","Archuleta County",1,3,126,62,64
050,08,007,"Colorado","Archuleta County",1,4,106,57,49
050,08,007,"Colorado","Archuleta County",1,5,129,50,79
050,08,007,"Colorado","Archuleta County",1,6,132,64,68
050,08,007,"Colorado","Archuleta County",1,7,127,63,64
050,08,007,"Colorado","Archuleta County",1,8,131,67,64
050,08,007,"Colorado","Archuleta County",1,9,166,92,74
050,08,007,"Colorado","Archuleta County",1,10,131,79,52
050,08,007,"Colorado","Archuleta County",1,11,131,69,62
050,08,007,"Colorado","Archuleta County",1,12,149,76,73
050,08,007,"Colorado","Archuleta County",1,13,161,80,81
050,08,007,"Colorado","Archuleta County",1,14,120,61,59
050,08,007,"Colorado","Archuleta County",1,15,151,84,67
050,08,007,"Colorado","Archuleta County",1,16,149,77,72
050,08,007,"Colorado","Archuleta County",1,17,133,65,68
050,08,007,"Colorado","Archuleta County",1,18,121,61,60
050,08,007,"Colorado","Archuleta County",1,19,88,43,45
050,08,007,"Colorado","Archuleta County",1,20,96,55,41
050,08,007,"Colorado","Archuleta County",1,21,97,49,48
050,08,007,"Colorado","Archuleta County",1,22,91,44,47
050,08,007,"Colorado","Archuleta County",1,23,100,57,43
050,08,007,"Colorado","Archuleta County",1,24,111,63,48
050,08,007,"Colorado","Archuleta County",1,25,106,60,46
050,08,007,"Colorado","Archuleta County",1,26,105,59,46
050,08,007,"Colorado","Archuleta County",1,27,110,53,57
050,08,007,"Colorado","Archuleta County",1,28,95,44,51
050,08,007,"Colorado","Archuleta County",1,29,118,60,58
050,08,007,"Colorado","Archuleta County",1,30,135,74,61
050,08,007,"Colorado","Archuleta County",1,31,127,59,68
050,08,007,"Colorado","Archuleta County",1,32,122,55,67
050,08,007,"Colorado","Archuleta County",1,33,134,68,66
050,08,007,"Colorado","Archuleta County",1,34,153,70,83
050,08,007,"Colorado","Archuleta County",1,35,140,67,73
050,08,007,"Colorado","Archuleta County",1,36,151,82,69
050,08,007,"Colorado","Archuleta County",1,37,151,77,74
050,08,007,"Colorado","Archuleta County",1,38,169,86,83
050,08,007,"Colorado","Archuleta County",1,39,174,96,78
050,08,007,"Colorado","Archuleta County",1,40,152,76,76
050,08,007,"Colorado","Archuleta County",1,41,156,89,67
050,08,007,"Colorado","Archuleta County",1,42,146,78,68
050,08,007,"Colorado","Archuleta County",1,43,136,68,68
050,08,007,"Colorado","Archuleta County",1,44,134,71,63
050,08,007,"Colorado","Archuleta County",1,45,136,69,67
050,08,007,"Colorado","Archuleta County",1,46,134,71,63
050,08,007,"Colorado","Archuleta County",1,47,149,82,67
050,08,007,"Colorado","Archuleta County",1,48,130,70,60
050,08,007,"Colorado","Archuleta County",1,49,153,79,74
050,08,007,"Colorado","Archuleta County",1,50,153,76,77
050,08,007,"Colorado","Archuleta County",1,51,149,84,65
050,08,007,"Colorado","Archuleta County",1,52,167,79,88
050,08,007,"Colorado","Archuleta County",1,53,163,65,98
050,08,007,"Colorado","Archuleta County",1,54,162,71,91
050,08,007,"Colorado","Archuleta County",1,55,195,87,108
050,08,007,"Colorado","Archuleta County",1,56,202,94,108
050,08,007,"Colorado","Archuleta County",1,57,213,108,105
050,08,007,"Colorado","Archuleta County",1,58,255,116,139
050,08,007,"Colorado","Archuleta County",1,59,245,112,133
050,08,007,"Colorado","Archuleta County",1,60,260,133,127
050,08,007,"Colorado","Archuleta County",1,61,301,145,156
050,08,007,"Colorado","Archuleta County",1,62,274,137,137
050,08,007,"Colorado","Archuleta County",1,63,280,141,139
050,08,007,"Colorado","Archuleta County",1,64,238,119,119
050,08,007,"Colorado","Archuleta County",1,65,268,129,139
050,08,007,"Colorado","Archuleta County",1,66,289,136,153
050,08,007,"Colorado","Archuleta County",1,67,295,133,162
050,08,007,"Colorado","Archuleta County",1,68,274,143,131
050,08,007,"Colorado","Archuleta County",1,69,270,143,127
050,08,007,"Colorado","Archuleta County",1,70,255,136,119
050,08,007,"Colorado","Archuleta County",1,71,249,132,117
050,08,007,"Colorado","Archuleta County",1,72,243,124,119
050,08,007,"Colorado","Archuleta County",1,73,237,128,109
050,08,007,"Colorado","Archuleta County",1,74,150,79,71
050,08,007,"Colorado","Archuleta County",1,75,131,75,56
050,08,007,"Colorado","Archuleta County",1,76,117,71,46
050,08,007,"Colorado","Archuleta County",1,77,117,67,50
050,08,007,"Colorado","Archuleta County",1,78,106,58,48
050,08,007,"Colorado","Archuleta County",1,79,92,51,41
050,08,007,"Colorado","Archuleta County",1,80,70,35,35
050,08,007,"Colorado","Archuleta County",1,81,70,32,38
050,08,007,"Colorado","Archuleta County",1,82,58,29,29
050,08,007,"Colorado","Archuleta County",1,83,41,21,20
050,08,007,"Colorado","Archuleta County",1,84,44,22,22
050,08,007,"Colorado","Archuleta County",1,85,249,95,154
050,08,007,"Colorado","Archuleta County",2,0,105,54,51
050,08,007,"Colorado","Archuleta County",2,1,95,51,44
050,08,007,"Colorado","Archuleta County",2,2,114,53,61
050,08,007,"Colorado","Archuleta County",2,3,124,60,64
050,08,007,"Colorado","Archuleta County",2,4,114,59,55
050,08,007,"Colorado","Archuleta County",2,5,125,53,72
050,08,007,"Colorado","Archuleta County",2,6,133,62,71
050,08,007,"Colorado","Archuleta County",2,7,129,63,66
050,08,007,"Colorado","Archuleta County",2,8,130,67,63
050,08,007,"Colorado","Archuleta County",2,9,158,88,70
050,08,007,"Colorado","Archuleta County",2,10,139,82,57
050,08,007,"Colorado","Archuleta County",2,11,131,72,59
050,08,007,"Colorado","Archuleta County",2,12,148,76,72
050,08,007,"Colorado","Archuleta County",2,13,158,79,79
050,08,007,"Colorado","Archuleta County",2,14,131,67,64
050,08,007,"Colorado","Archuleta County",2,15,142,77,65
050,08,007,"Colorado","Archuleta County",2,16,150,78,72
050,08,007,"Colorado","Archuleta County",2,17,137,68,69
050,08,007,"Colorado","Archuleta County",2,18,117,59,58
050,08,007,"Colorado","Archuleta County",2,19,90,45,45
050,08,007,"Colorado","Archuleta County",2,20,96,52,44
050,08,007,"Colorado","Archuleta County",2,21,95,49,46
050,08,007,"Colorado","Archuleta County",2,22,90,44,46
050,08,007,"Colorado","Archuleta County",2,23,96,53,43
050,08,007,"Colorado","Archuleta County",2,24,110,62,48
050,08,007,"Colorado","Archuleta County",2,25,110,62,48
050,08,007,"Colorado","Archuleta County",2,26,106,60,46
050,08,007,"Colorado","Archuleta County",2,27,108,54,54
050,08,007,"Colorado","Archuleta County",2,28,100,47,53
050,08,007,"Colorado","Archuleta County",2,29,115,57,58
050,08,007,"Colorado","Archuleta County",2,30,129,69,60
050,08,007,"Colorado","Archuleta County",2,31,132,64,68
050,08,007,"Colorado","Archuleta County",2,32,124,57,67
050,08,007,"Colorado","Archuleta County",2,33,135,67,68
050,08,007,"Colorado","Archuleta County",2,34,150,70,80
050,08,007,"Colorado","Archuleta County",2,35,146,71,75
050,08,007,"Colorado","Archuleta County",2,36,148,78,70
050,08,007,"Colorado","Archuleta County",2,37,154,80,74
050,08,007,"Colorado","Archuleta County",2,38,168,87,81
050,08,007,"Colorado","Archuleta County",2,39,174,95,79
050,08,007,"Colorado","Archuleta County",2,40,163,85,78
050,08,007,"Colorado","Archuleta County",2,41,157,88,69
050,08,007,"Colorado","Archuleta County",2,42,148,79,69
050,08,007,"Colorado","Archuleta County",2,43,141,71,70
050,08,007,"Colorado","Archuleta County",2,44,135,71,64
050,08,007,"Colorado","Archuleta County",2,45,135,69,66
050,08,007,"Colorado","Archuleta County",2,46,136,71,65
050,08,007,"Colorado","Archuleta County",2,47,143,77,66
050,08,007,"Colorado","Archuleta County",2,48,138,75,63
050,08,007,"Colorado","Archuleta County",2,49,152,79,73
050,08,007,"Colorado","Archuleta County",2,50,150,75,75
050,08,007,"Colorado","Archuleta County",2,51,153,82,71
050,08,007,"Colorado","Archuleta County",2,52,165,82,83
050,08,007,"Colorado","Archuleta County",2,53,165,69,96
050,08,007,"Colorado","Archuleta County",2,54,161,68,93
050,08,007,"Colorado","Archuleta County",2,55,189,84,105
050,08,007,"Colorado","Archuleta County",2,56,203,93,110
050,08,007,"Colorado","Archuleta County",2,57,215,108,107
050,08,007,"Colorado","Archuleta County",2,58,244,113,131
050,08,007,"Colorado","Archuleta County",2,59,252,117,135
050,08,007,"Colorado","Archuleta County",2,60,260,130,130
050,08,007,"Colorado","Archuleta County",2,61,291,143,148
050,08,007,"Colorado","Archuleta County",2,62,282,141,141
050,08,007,"Colorado","Archuleta County",2,63,282,143,139
050,08,007,"Colorado","Archuleta County",2,64,250,124,126
050,08,007,"Colorado","Archuleta County",2,65,263,127,136
050,08,007,"Colorado","Archuleta County",2,66,288,136,152
050,08,007,"Colorado","Archuleta County",2,67,294,134,160
050,08,007,"Colorado","Archuleta County",2,68,279,140,139
050,08,007,"Colorado","Archuleta County",2,69,274,144,130
050,08,007,"Colorado","Archuleta County",2,70,257,137,120
050,08,007,"Colorado","Archuleta County",2,71,250,132,118
050,08,007,"Colorado","Archuleta County",2,72,238,123,115
050,08,007,"Colorado","Archuleta County",2,73,247,132,115
050,08,007,"Colorado","Archuleta County",2,74,159,84,75
050,08,007,"Colorado","Archuleta County",2,75,136,76,60
050,08,007,"Colorado","Archuleta County",2,76,116,70,46
050,08,007,"Colorado","Archuleta County",2,77,122,70,52
050,08,007,"Colorado","Archuleta County",2,78,103,56,47
050,08,007,"Colorado","Archuleta County",2,79,93,52,41
050,08,007,"Colorado","Archuleta County",2,80,76,39,37
050,08,007,"Colorado","Archuleta County",2,81,70,33,37
050,08,007,"Colorado","Archuleta County",2,82,61,31,30
050,08,007,"Colorado","Archuleta County",2,83,41,20,21
050,08,007,"Colorado","Archuleta County",2,84,42,21,21
050,08,007,"Colorado","Archuleta County",2,85,249,92,157
050,08,007,"Colorado","Archuleta County",3,0,116,58,58
050,08,007,"Colorado","Archuleta County",3,1,106,56,50
050,08,007,"Colorado","Archuleta County",3,2,96,51,45
050,08,007,"Colorado","Archuleta County",3,3,128,63,65
050,08,007,"Colorado","Archuleta County",3,4,123,61,62
050,08,007,"Colorado","Archuleta County",3,5,121,60,61
050,08,007,"Colorado","Archuleta County",3,6,125,54,71
050,08,007,"Colorado","Archuleta County",3,7,135,63,72
050,08,007,"Colorado","Archuleta County",3,8,138,68,70
050,08,007,"Colorado","Archuleta County",3,9,131,65,66
050,08,007,"Colorado","Archuleta County",3,10,158,83,75
050,08,007,"Colorado","Archuleta County",3,11,140,80,60
050,08,007,"Colorado","Archuleta County",3,12,129,74,55
050,08,007,"Colorado","Archuleta County",3,13,153,73,80
050,08,007,"Colorado","Archuleta County",3,14,152,74,78
050,08,007,"Colorado","Archuleta County",3,15,129,64,65
050,08,007,"Colorado","Archuleta County",3,16,148,81,67
050,08,007,"Colorado","Archuleta County",3,17,147,80,67
050,08,007,"Colorado","Archuleta County",3,18,115,56,59
050,08,007,"Colorado","Archuleta County",3,19,96,45,51
050,08,007,"Colorado","Archuleta County",3,20,99,46,53
050,08,007,"Colorado","Archuleta County",3,21,93,51,42
050,08,007,"Colorado","Archuleta County",3,22,100,55,45
050,08,007,"Colorado","Archuleta County",3,23,98,49,49
050,08,007,"Colorado","Archuleta County",3,24,100,52,48
050,08,007,"Colorado","Archuleta County",3,25,112,58,54
050,08,007,"Colorado","Archuleta County",3,26,119,68,51
050,08,007,"Colorado","Archuleta County",3,27,111,57,54
050,08,007,"Colorado","Archuleta County",3,28,115,58,57
050,08,007,"Colorado","Archuleta County",3,29,110,55,55
050,08,007,"Colorado","Archuleta County",3,30,121,61,60
050,08,007,"Colorado","Archuleta County",3,31,144,78,66
050,08,007,"Colorado","Archuleta County",3,32,161,78,83
050,08,007,"Colorado","Archuleta County",3,33,136,66,70
050,08,007,"Colorado","Archuleta County",3,34,151,69,82
050,08,007,"Colorado","Archuleta County",3,35,153,75,78
050,08,007,"Colorado","Archuleta County",3,36,148,71,77
050,08,007,"Colorado","Archuleta County",3,37,148,71,77
050,08,007,"Colorado","Archuleta County",3,38,161,89,72
050,08,007,"Colorado","Archuleta County",3,39,187,102,85
050,08,007,"Colorado","Archuleta County",3,40,184,101,83
050,08,007,"Colorado","Archuleta County",3,41,172,86,86
050,08,007,"Colorado","Archuleta County",3,42,161,87,74
050,08,007,"Colorado","Archuleta County",3,43,148,79,69
050,08,007,"Colorado","Archuleta County",3,44,152,79,73
050,08,007,"Colorado","Archuleta County",3,45,134,73,61
050,08,007,"Colorado","Archuleta County",3,46,142,72,70
050,08,007,"Colorado","Archuleta County",3,47,137,66,71
050,08,007,"Colorado","Archuleta County",3,48,151,77,74
050,08,007,"Colorado","Archuleta County",3,49,135,73,62
050,08,007,"Colorado","Archuleta County",3,50,143,75,68
050,08,007,"Colorado","Archuleta County",3,51,161,82,79
050,08,007,"Colorado","Archuleta County",3,52,148,82,66
050,08,007,"Colorado","Archuleta County",3,53,171,83,88
050,08,007,"Colorado","Archuleta County",3,54,174,70,104
050,08,007,"Colorado","Archuleta County",3,55,170,71,99
050,08,007,"Colorado","Archuleta County",3,56,197,88,109
050,08,007,"Colorado","Archuleta County",3,57,198,89,109
050,08,007,"Colorado","Archuleta County",3,58,226,112,114
050,08,007,"Colorado","Archuleta County",3,59,259,119,140
050,08,007,"Colorado","Archuleta County",3,60,284,134,150
050,08,007,"Colorado","Archuleta County",3,61,278,134,144
050,08,007,"Colorado","Archuleta County",3,62,303,149,154
050,08,007,"Colorado","Archuleta County",3,63,293,145,148
050,08,007,"Colorado","Archuleta County",3,64,300,152,148
050,08,007,"Colorado","Archuleta County",3,65,263,128,135
050,08,007,"Colorado","Archuleta County",3,66,283,133,150
050,08,007,"Colorado","Archuleta County",3,67,294,144,150
050,08,007,"Colorado","Archuleta County",3,68,301,132,169
050,08,007,"Colorado","Archuleta County",3,69,275,137,138
050,08,007,"Colorado","Archuleta County",3,70,268,142,126
050,08,007,"Colorado","Archuleta County",3,71,250,132,118
050,08,007,"Colorado","Archuleta County",3,72,245,130,115
050,08,007,"Colorado","Archuleta County",3,73,228,117,111
050,08,007,"Colorado","Archuleta County",3,74,240,128,112
050,08,007,"Colorado","Archuleta County",3,75,162,86,76
050,08,007,"Colorado","Archuleta County",3,76,127,71,56
050,08,007,"Colorado","Archuleta County",3,77,109,64,45
050,08,007,"Colorado","Archuleta County",3,78,113,64,49
050,08,007,"Colorado","Archuleta County",3,79,100,53,47
050,08,007,"Colorado","Archuleta County",3,80,91,51,40
050,08,007,"Colorado","Archuleta County",3,81,69,36,33
050,08,007,"Colorado","Archuleta County",3,82,68,34,34
050,08,007,"Colorado","Archuleta County",3,83,60,29,31
050,08,007,"Colorado","Archuleta County",3,84,38,18,20
050,08,007,"Colorado","Archuleta County",3,85,248,90,158
050,08,007,"Colorado","Archuleta County",4,0,101,44,57
050,08,007,"Colorado","Archuleta County",4,1,126,67,59
050,08,007,"Colorado","Archuleta County",4,2,109,57,52
050,08,007,"Colorado","Archuleta County",4,3,100,54,46
050,08,007,"Colorado","Archuleta County",4,4,136,72,64
050,08,007,"Colorado","Archuleta County",4,5,125,61,64
050,08,007,"Colorado","Archuleta County",4,6,115,57,58
050,08,007,"Colorado","Archuleta County",4,7,130,56,74
050,08,007,"Colorado","Archuleta County",4,8,137,67,70
050,08,007,"Colorado","Archuleta County",4,9,134,64,70
050,08,007,"Colorado","Archuleta County",4,10,134,69,65
050,08,007,"Colorado","Archuleta County",4,11,162,84,78
050,08,007,"Colorado","Archuleta County",4,12,137,81,56
050,08,007,"Colorado","Archuleta County",4,13,128,72,56
050,08,007,"Colorado","Archuleta County",4,14,147,72,75
050,08,007,"Colorado","Archuleta County",4,15,153,71,82
050,08,007,"Colorado","Archuleta County",4,16,131,66,65
050,08,007,"Colorado","Archuleta County",4,17,144,77,67
050,08,007,"Colorado","Archuleta County",4,18,129,73,56
050,08,007,"Colorado","Archuleta County",4,19,96,48,48
050,08,007,"Colorado","Archuleta County",4,20,89,44,45
050,08,007,"Colorado","Archuleta County",4,21,96,43,53
050,08,007,"Colorado","Archuleta County",4,22,92,50,42
050,08,007,"Colorado","Archuleta County",4,23,92,47,45
050,08,007,"Colorado","Archuleta County",4,24,99,49,50
050,08,007,"Colorado","Archuleta County",4,25,94,51,43
050,08,007,"Colorado","Archuleta County",4,26,124,64,60
050,08,007,"Colorado","Archuleta County",4,27,121,66,55
050,08,007,"Colorado","Archuleta County",4,28,119,66,53
050,08,007,"Colorado","Archuleta County",4,29,109,52,57
050,08,007,"Colorado","Archuleta County",4,30,122,57,65
050,08,007,"Colorado","Archuleta County",4,31,129,67,62
050,08,007,"Colorado","Archuleta County",4,32,156,81,75
050,08,007,"Colorado","Archuleta County",4,33,173,85,88
050,08,007,"Colorado","Archuleta County",4,34,147,75,72
050,08,007,"Colorado","Archuleta County",4,35,155,74,81
050,08,007,"Colorado","Archuleta County",4,36,164,78,86
050,08,007,"Colorado","Archuleta County",4,37,152,76,76
050,08,007,"Colorado","Archuleta County",4,38,154,75,79
050,08,007,"Colorado","Archuleta County",4,39,168,98,70
050,08,007,"Colorado","Archuleta County",4,40,195,107,88
050,08,007,"Colorado","Archuleta County",4,41,183,100,83
050,08,007,"Colorado","Archuleta County",4,42,167,80,87
050,08,007,"Colorado","Archuleta County",4,43,162,90,72
050,08,007,"Colorado","Archuleta County",4,44,153,85,68
050,08,007,"Colorado","Archuleta County",4,45,148,79,69
050,08,007,"Colorado","Archuleta County",4,46,140,75,65
050,08,007,"Colorado","Archuleta County",4,47,144,73,71
050,08,007,"Colorado","Archuleta County",4,48,138,65,73
050,08,007,"Colorado","Archuleta County",4,49,150,76,74
050,08,007,"Colorado","Archuleta County",4,50,144,76,68
050,08,007,"Colorado","Archuleta County",4,51,148,81,67
050,08,007,"Colorado","Archuleta County",4,52,157,79,78
050,08,007,"Colorado","Archuleta County",4,53,168,88,80
050,08,007,"Colorado","Archuleta County",4,54,172,82,90
050,08,007,"Colorado","Archuleta County",4,55,179,72,107
050,08,007,"Colorado","Archuleta County",4,56,197,85,112
050,08,007,"Colorado","Archuleta County",4,57,201,87,114
050,08,007,"Colorado","Archuleta County",4,58,204,90,114
050,08,007,"Colorado","Archuleta County",4,59,222,107,115
050,08,007,"Colorado","Archuleta County",4,60,281,129,152
050,08,007,"Colorado","Archuleta County",4,61,308,146,162
050,08,007,"Colorado","Archuleta County",4,62,285,132,153
050,08,007,"Colorado","Archuleta County",4,63,316,152,164
050,08,007,"Colorado","Archuleta County",4,64,294,151,143
050,08,007,"Colorado","Archuleta County",4,65,309,158,151
050,08,007,"Colorado","Archuleta County",4,66,276,130,146
050,08,007,"Colorado","Archuleta County",4,67,272,129,143
050,08,007,"Colorado","Archuleta County",4,68,289,145,144
050,08,007,"Colorado","Archuleta County",4,69,304,136,168
050,08,007,"Colorado","Archuleta County",4,70,260,131,129
050,08,007,"Colorado","Archuleta County",4,71,263,138,125
050,08,007,"Colorado","Archuleta County",4,72,246,131,115
050,08,007,"Colorado","Archuleta County",4,73,239,133,106
050,08,007,"Colorado","Archuleta County",4,74,216,109,107
050,08,007,"Colorado","Archuleta County",4,75,237,122,115
050,08,007,"Colorado","Archuleta County",4,76,158,87,71
050,08,007,"Colorado","Archuleta County",4,77,122,66,56
050,08,007,"Colorado","Archuleta County",4,78,102,58,44
050,08,007,"Colorado","Archuleta County",4,79,105,59,46
050,08,007,"Colorado","Archuleta County",4,80,90,45,45
050,08,007,"Colorado","Archuleta County",4,81,80,44,36
050,08,007,"Colorado","Archuleta County",4,82,68,37,31
050,08,007,"Colorado","Archuleta County",4,83,64,31,33
050,08,007,"Colorado","Archuleta County",4,84,58,29,29
050,08,007,"Colorado","Archuleta County",4,85,246,87,159
050,08,007,"Colorado","Archuleta County",5,0,103,45,58
050,08,007,"Colorado","Archuleta County",5,1,102,39,63
050,08,007,"Colorado","Archuleta County",5,2,128,67,61
050,08,007,"Colorado","Archuleta County",5,3,114,58,56
050,08,007,"Colorado","Archuleta County",5,4,101,46,55
050,08,007,"Colorado","Archuleta County",5,5,134,67,67
050,08,007,"Colorado","Archuleta County",5,6,120,57,63
050,08,007,"Colorado","Archuleta County",5,7,115,58,57
050,08,007,"Colorado","Archuleta County",5,8,136,55,81
050,08,007,"Colorado","Archuleta County",5,9,144,70,74
050,08,007,"Colorado","Archuleta County",5,10,137,61,76
050,08,007,"Colorado","Archuleta County",5,11,130,68,62
050,08,007,"Colorado","Archuleta County",5,12,161,82,79
050,08,007,"Colorado","Archuleta County",5,13,140,80,60
050,08,007,"Colorado","Archuleta County",5,14,131,70,61
050,08,007,"Colorado","Archuleta County",5,15,165,80,85
050,08,007,"Colorado","Archuleta County",5,16,162,75,87
050,08,007,"Colorado","Archuleta County",5,17,140,71,69
050,08,007,"Colorado","Archuleta County",5,18,128,71,57
050,08,007,"Colorado","Archuleta County",5,19,108,62,46
050,08,007,"Colorado","Archuleta County",5,20,100,47,53
050,08,007,"Colorado","Archuleta County",5,21,91,43,48
050,08,007,"Colorado","Archuleta County",5,22,106,49,57
050,08,007,"Colorado","Archuleta County",5,23,94,51,43
050,08,007,"Colorado","Archuleta County",5,24,94,50,44
050,08,007,"Colorado","Archuleta County",5,25,98,49,49
050,08,007,"Colorado","Archuleta County",5,26,98,52,46
050,08,007,"Colorado","Archuleta County",5,27,123,63,60
050,08,007,"Colorado","Archuleta County",5,28,115,60,55
050,08,007,"Colorado","Archuleta County",5,29,107,58,49
050,08,007,"Colorado","Archuleta County",5,30,128,59,69
050,08,007,"Colorado","Archuleta County",5,31,132,61,71
050,08,007,"Colorado","Archuleta County",5,32,129,64,65
050,08,007,"Colorado","Archuleta County",5,33,163,90,73
050,08,007,"Colorado","Archuleta County",5,34,166,80,86
050,08,007,"Colorado","Archuleta County",5,35,154,68,86
050,08,007,"Colorado","Archuleta County",5,36,145,68,77
050,08,007,"Colorado","Archuleta County",5,37,181,90,91
050,08,007,"Colorado","Archuleta County",5,38,172,87,85
050,08,007,"Colorado","Archuleta County",5,39,171,85,86
050,08,007,"Colorado","Archuleta County",5,40,176,99,77
050,08,007,"Colorado","Archuleta County",5,41,186,96,90
050,08,007,"Colorado","Archuleta County",5,42,176,95,81
050,08,007,"Colorado","Archuleta County",5,43,183,88,95
050,08,007,"Colorado","Archuleta County",5,44,176,99,77
050,08,007,"Colorado","Archuleta County",5,45,160,89,71
050,08,007,"Colorado","Archuleta County",5,46,149,78,71
050,08,007,"Colorado","Archuleta County",5,47,143,75,68
050,08,007,"Colorado","Archuleta County",5,48,151,80,71
050,08,007,"Colorado","Archuleta County",5,49,143,65,78
050,08,007,"Colorado","Archuleta County",5,50,153,77,76
050,08,007,"Colorado","Archuleta County",5,51,146,75,71
050,08,007,"Colorado","Archuleta County",5,52,156,78,78
050,08,007,"Colorado","Archuleta County",5,53,173,89,84
050,08,007,"Colorado","Archuleta County",5,54,169,88,81
050,08,007,"Colorado","Archuleta County",5,55,176,88,88
050,08,007,"Colorado","Archuleta County",5,56,191,78,113
050,08,007,"Colorado","Archuleta County",5,57,213,91,122
050,08,007,"Colorado","Archuleta County",5,58,199,92,107
050,08,007,"Colorado","Archuleta County",5,59,213,99,114
050,08,007,"Colorado","Archuleta County",5,60,231,112,119
050,08,007,"Colorado","Archuleta County",5,61,289,131,158
050,08,007,"Colorado","Archuleta County",5,62,325,148,177
050,08,007,"Colorado","Archuleta County",5,63,294,138,156
050,08,007,"Colorado","Archuleta County",5,64,322,159,163
050,08,007,"Colorado","Archuleta County",5,65,305,158,147
050,08,007,"Colorado","Archuleta County",5,66,301,149,152
050,08,007,"Colorado","Archuleta County",5,67,284,137,147
050,08,007,"Colorado","Archuleta County",5,68,267,128,139
050,08,007,"Colorado","Archuleta County",5,69,280,142,138
050,08,007,"Colorado","Archuleta County",5,70,296,126,170
050,08,007,"Colorado","Archuleta County",5,71,260,132,128
050,08,007,"Colorado","Archuleta County",5,72,265,140,125
050,08,007,"Colorado","Archuleta County",5,73,235,129,106
050,08,007,"Colorado","Archuleta County",5,74,217,118,99
050,08,007,"Colorado","Archuleta County",5,75,214,109,105
050,08,007,"Colorado","Archuleta County",5,76,222,117,105
050,08,007,"Colorado","Archuleta County",5,77,143,78,65
050,08,007,"Colorado","Archuleta County",5,78,112,60,52
050,08,007,"Colorado","Archuleta County",5,79,93,56,37
050,08,007,"Colorado","Archuleta County",5,80,95,52,43
050,08,007,"Colorado","Archuleta County",5,81,77,37,40
050,08,007,"Colorado","Archuleta County",5,82,79,45,34
050,08,007,"Colorado","Archuleta County",5,83,63,32,31
050,08,007,"Colorado","Archuleta County",5,84,59,30,29
050,08,007,"Colorado","Archuleta County",5,85,263,96,167
050,08,009,"Colorado","Baca County",1,0,41,22,19
050,08,009,"Colorado","Baca County",1,1,43,25,18
050,08,009,"Colorado","Baca County",1,2,35,17,18
050,08,009,"Colorado","Baca County",1,3,37,26,11
050,08,009,"Colorado","Baca County",1,4,35,19,16
050,08,009,"Colorado","Baca County",1,5,36,17,19
050,08,009,"Colorado","Baca County",1,6,44,21,23
050,08,009,"Colorado","Baca County",1,7,46,31,15
050,08,009,"Colorado","Baca County",1,8,53,35,18
050,08,009,"Colorado","Baca County",1,9,44,27,17
050,08,009,"Colorado","Baca County",1,10,42,16,26
050,08,009,"Colorado","Baca County",1,11,48,22,26
050,08,009,"Colorado","Baca County",1,12,60,30,30
050,08,009,"Colorado","Baca County",1,13,53,29,24
050,08,009,"Colorado","Baca County",1,14,46,25,21
050,08,009,"Colorado","Baca County",1,15,41,15,26
050,08,009,"Colorado","Baca County",1,16,31,13,18
050,08,009,"Colorado","Baca County",1,17,34,17,17
050,08,009,"Colorado","Baca County",1,18,41,24,17
050,08,009,"Colorado","Baca County",1,19,33,17,16
050,08,009,"Colorado","Baca County",1,20,32,14,18
050,08,009,"Colorado","Baca County",1,21,27,13,14
050,08,009,"Colorado","Baca County",1,22,36,18,18
050,08,009,"Colorado","Baca County",1,23,39,21,18
050,08,009,"Colorado","Baca County",1,24,37,22,15
050,08,009,"Colorado","Baca County",1,25,34,21,13
050,08,009,"Colorado","Baca County",1,26,35,20,15
050,08,009,"Colorado","Baca County",1,27,33,18,15
050,08,009,"Colorado","Baca County",1,28,48,27,21
050,08,009,"Colorado","Baca County",1,29,35,24,11
050,08,009,"Colorado","Baca County",1,30,30,16,14
050,08,009,"Colorado","Baca County",1,31,33,19,14
050,08,009,"Colorado","Baca County",1,32,33,17,16
050,08,009,"Colorado","Baca County",1,33,37,17,20
050,08,009,"Colorado","Baca County",1,34,44,24,20
050,08,009,"Colorado","Baca County",1,35,40,22,18
050,08,009,"Colorado","Baca County",1,36,44,18,26
050,08,009,"Colorado","Baca County",1,37,36,15,21
050,08,009,"Colorado","Baca County",1,38,43,23,20
050,08,009,"Colorado","Baca County",1,39,41,16,25
050,08,009,"Colorado","Baca County",1,40,36,18,18
050,08,009,"Colorado","Baca County",1,41,37,18,19
050,08,009,"Colorado","Baca County",1,42,40,24,16
050,08,009,"Colorado","Baca County",1,43,40,23,17
050,08,009,"Colorado","Baca County",1,44,26,14,12
050,08,009,"Colorado","Baca County",1,45,34,21,13
050,08,009,"Colorado","Baca County",1,46,31,17,14
050,08,009,"Colorado","Baca County",1,47,36,19,17
050,08,009,"Colorado","Baca County",1,48,27,14,13
050,08,009,"Colorado","Baca County",1,49,38,21,17
050,08,009,"Colorado","Baca County",1,50,43,17,26
050,08,009,"Colorado","Baca County",1,51,28,11,17
050,08,009,"Colorado","Baca County",1,52,31,14,17
050,08,009,"Colorado","Baca County",1,53,42,26,16
050,08,009,"Colorado","Baca County",1,54,41,20,21
050,08,009,"Colorado","Baca County",1,55,41,18,23
050,08,009,"Colorado","Baca County",1,56,38,24,14
050,08,009,"Colorado","Baca County",1,57,47,26,21
050,08,009,"Colorado","Baca County",1,58,48,18,30
050,08,009,"Colorado","Baca County",1,59,52,20,32
050,08,009,"Colorado","Baca County",1,60,60,27,33
050,08,009,"Colorado","Baca County",1,61,56,29,27
050,08,009,"Colorado","Baca County",1,62,51,25,26
050,08,009,"Colorado","Baca County",1,63,60,35,25
050,08,009,"Colorado","Baca County",1,64,65,35,30
050,08,009,"Colorado","Baca County",1,65,57,30,27
050,08,009,"Colorado","Baca County",1,66,54,28,26
050,08,009,"Colorado","Baca County",1,67,57,25,32
050,08,009,"Colorado","Baca County",1,68,46,22,24
050,08,009,"Colorado","Baca County",1,69,47,25,22
050,08,009,"Colorado","Baca County",1,70,42,19,23
050,08,009,"Colorado","Baca County",1,71,45,17,28
050,08,009,"Colorado","Baca County",1,72,40,18,22
050,08,009,"Colorado","Baca County",1,73,42,21,21
050,08,009,"Colorado","Baca County",1,74,38,17,21
050,08,009,"Colorado","Baca County",1,75,42,20,22
050,08,009,"Colorado","Baca County",1,76,29,13,16
050,08,009,"Colorado","Baca County",1,77,31,13,18
050,08,009,"Colorado","Baca County",1,78,33,16,17
050,08,009,"Colorado","Baca County",1,79,28,15,13
050,08,009,"Colorado","Baca County",1,80,30,17,13
050,08,009,"Colorado","Baca County",1,81,17,8,9
050,08,009,"Colorado","Baca County",1,82,23,9,14
050,08,009,"Colorado","Baca County",1,83,22,10,12
050,08,009,"Colorado","Baca County",1,84,19,11,8
050,08,009,"Colorado","Baca County",1,85,138,51,87
050,08,009,"Colorado","Baca County",2,0,37,19,18
050,08,009,"Colorado","Baca County",2,1,42,24,18
050,08,009,"Colorado","Baca County",2,2,35,18,17
050,08,009,"Colorado","Baca County",2,3,36,23,13
050,08,009,"Colorado","Baca County",2,4,35,20,15
050,08,009,"Colorado","Baca County",2,5,35,17,18
050,08,009,"Colorado","Baca County",2,6,43,21,22
050,08,009,"Colorado","Baca County",2,7,45,28,17
050,08,009,"Colorado","Baca County",2,8,51,33,18
050,08,009,"Colorado","Baca County",2,9,46,29,17
050,08,009,"Colorado","Baca County",2,10,43,18,25
050,08,009,"Colorado","Baca County",2,11,46,20,26
050,08,009,"Colorado","Baca County",2,12,57,28,29
050,08,009,"Colorado","Baca County",2,13,54,29,25
050,08,009,"Colorado","Baca County",2,14,47,25,22
050,08,009,"Colorado","Baca County",2,15,42,17,25
050,08,009,"Colorado","Baca County",2,16,33,13,20
050,08,009,"Colorado","Baca County",2,17,31,15,16
050,08,009,"Colorado","Baca County",2,18,37,21,16
050,08,009,"Colorado","Baca County",2,19,33,18,15
050,08,009,"Colorado","Baca County",2,20,33,15,18
050,08,009,"Colorado","Baca County",2,21,29,13,16
050,08,009,"Colorado","Baca County",2,22,34,17,17
050,08,009,"Colorado","Baca County",2,23,39,21,18
050,08,009,"Colorado","Baca County",2,24,37,22,15
050,08,009,"Colorado","Baca County",2,25,35,20,15
050,08,009,"Colorado","Baca County",2,26,36,22,14
050,08,009,"Colorado","Baca County",2,27,34,19,15
050,08,009,"Colorado","Baca County",2,28,44,25,19
050,08,009,"Colorado","Baca County",2,29,37,24,13
050,08,009,"Colorado","Baca County",2,30,33,18,15
050,08,009,"Colorado","Baca County",2,31,31,17,14
050,08,009,"Colorado","Baca County",2,32,32,17,15
050,08,009,"Colorado","Baca County",2,33,37,17,20
050,08,009,"Colorado","Baca County",2,34,43,24,19
050,08,009,"Colorado","Baca County",2,35,41,23,18
050,08,009,"Colorado","Baca County",2,36,43,19,24
050,08,009,"Colorado","Baca County",2,37,38,15,23
050,08,009,"Colorado","Baca County",2,38,41,21,20
050,08,009,"Colorado","Baca County",2,39,42,18,24
050,08,009,"Colorado","Baca County",2,40,37,17,20
050,08,009,"Colorado","Baca County",2,41,37,19,18
050,08,009,"Colorado","Baca County",2,42,39,22,17
050,08,009,"Colorado","Baca County",2,43,41,24,17
050,08,009,"Colorado","Baca County",2,44,28,16,12
050,08,009,"Colorado","Baca County",2,45,32,20,12
050,08,009,"Colorado","Baca County",2,46,32,18,14
050,08,009,"Colorado","Baca County",2,47,34,19,15
050,08,009,"Colorado","Baca County",2,48,28,15,13
050,08,009,"Colorado","Baca County",2,49,37,20,17
050,08,009,"Colorado","Baca County",2,50,41,17,24
050,08,009,"Colorado","Baca County",2,51,31,12,19
050,08,009,"Colorado","Baca County",2,52,29,13,16
050,08,009,"Colorado","Baca County",2,53,40,23,17
050,08,009,"Colorado","Baca County",2,54,41,21,20
050,08,009,"Colorado","Baca County",2,55,42,19,23
050,08,009,"Colorado","Baca County",2,56,39,23,16
050,08,009,"Colorado","Baca County",2,57,44,25,19
050,08,009,"Colorado","Baca County",2,58,48,20,28
050,08,009,"Colorado","Baca County",2,59,51,19,32
050,08,009,"Colorado","Baca County",2,60,57,25,32
050,08,009,"Colorado","Baca County",2,61,56,28,28
050,08,009,"Colorado","Baca County",2,62,52,26,26
050,08,009,"Colorado","Baca County",2,63,58,32,26
050,08,009,"Colorado","Baca County",2,64,63,35,28
050,08,009,"Colorado","Baca County",2,65,59,32,27
050,08,009,"Colorado","Baca County",2,66,54,28,26
050,08,009,"Colorado","Baca County",2,67,55,25,30
050,08,009,"Colorado","Baca County",2,68,49,23,26
050,08,009,"Colorado","Baca County",2,69,46,25,21
050,08,009,"Colorado","Baca County",2,70,44,20,24
050,08,009,"Colorado","Baca County",2,71,43,18,25
050,08,009,"Colorado","Baca County",2,72,39,17,22
050,08,009,"Colorado","Baca County",2,73,44,22,22
050,08,009,"Colorado","Baca County",2,74,35,16,19
050,08,009,"Colorado","Baca County",2,75,40,19,21
050,08,009,"Colorado","Baca County",2,76,31,14,17
050,08,009,"Colorado","Baca County",2,77,30,13,17
050,08,009,"Colorado","Baca County",2,78,31,13,18
050,08,009,"Colorado","Baca County",2,79,30,16,14
050,08,009,"Colorado","Baca County",2,80,30,17,13
050,08,009,"Colorado","Baca County",2,81,20,10,10
050,08,009,"Colorado","Baca County",2,82,21,9,12
050,08,009,"Colorado","Baca County",2,83,21,10,11
050,08,009,"Colorado","Baca County",2,84,19,11,8
050,08,009,"Colorado","Baca County",2,85,135,50,85
050,08,009,"Colorado","Baca County",3,0,35,17,18
050,08,009,"Colorado","Baca County",3,1,34,17,17
050,08,009,"Colorado","Baca County",3,2,40,23,17
050,08,009,"Colorado","Baca County",3,3,47,22,25
050,08,009,"Colorado","Baca County",3,4,33,22,11
050,08,009,"Colorado","Baca County",3,5,42,23,19
050,08,009,"Colorado","Baca County",3,6,35,16,19
050,08,009,"Colorado","Baca County",3,7,45,22,23
050,08,009,"Colorado","Baca County",3,8,47,28,19
050,08,009,"Colorado","Baca County",3,9,51,31,20
050,08,009,"Colorado","Baca County",3,10,50,32,18
050,08,009,"Colorado","Baca County",3,11,42,19,23
050,08,009,"Colorado","Baca County",3,12,47,21,26
050,08,009,"Colorado","Baca County",3,13,60,29,31
050,08,009,"Colorado","Baca County",3,14,53,28,25
050,08,009,"Colorado","Baca County",3,15,44,22,22
050,08,009,"Colorado","Baca County",3,16,41,18,23
050,08,009,"Colorado","Baca County",3,17,32,12,20
050,08,009,"Colorado","Baca County",3,18,26,12,14
050,08,009,"Colorado","Baca County",3,19,27,15,12
050,08,009,"Colorado","Baca County",3,20,36,21,15
050,08,009,"Colorado","Baca County",3,21,33,16,17
050,08,009,"Colorado","Baca County",3,22,33,13,20
050,08,009,"Colorado","Baca County",3,23,40,17,23
050,08,009,"Colorado","Baca County",3,24,43,23,20
050,08,009,"Colorado","Baca County",3,25,40,24,16
050,08,009,"Colorado","Baca County",3,26,36,20,16
050,08,009,"Colorado","Baca County",3,27,38,19,19
050,08,009,"Colorado","Baca County",3,28,34,19,15
050,08,009,"Colorado","Baca County",3,29,45,24,21
050,08,009,"Colorado","Baca County",3,30,41,26,15
050,08,009,"Colorado","Baca County",3,31,32,18,14
050,08,009,"Colorado","Baca County",3,32,34,21,13
050,08,009,"Colorado","Baca County",3,33,35,20,15
050,08,009,"Colorado","Baca County",3,34,34,15,19
050,08,009,"Colorado","Baca County",3,35,39,21,18
050,08,009,"Colorado","Baca County",3,36,42,24,18
050,08,009,"Colorado","Baca County",3,37,43,19,24
050,08,009,"Colorado","Baca County",3,38,38,13,25
050,08,009,"Colorado","Baca County",3,39,42,21,21
050,08,009,"Colorado","Baca County",3,40,41,18,23
050,08,009,"Colorado","Baca County",3,41,40,18,22
050,08,009,"Colorado","Baca County",3,42,35,19,16
050,08,009,"Colorado","Baca County",3,43,39,19,20
050,08,009,"Colorado","Baca County",3,44,44,27,17
050,08,009,"Colorado","Baca County",3,45,27,15,12
050,08,009,"Colorado","Baca County",3,46,32,19,13
050,08,009,"Colorado","Baca County",3,47,31,18,13
050,08,009,"Colorado","Baca County",3,48,33,18,15
050,08,009,"Colorado","Baca County",3,49,31,17,14
050,08,009,"Colorado","Baca County",3,50,38,20,18
050,08,009,"Colorado","Baca County",3,51,40,15,25
050,08,009,"Colorado","Baca County",3,52,32,12,20
050,08,009,"Colorado","Baca County",3,53,27,13,14
050,08,009,"Colorado","Baca County",3,54,39,22,17
050,08,009,"Colorado","Baca County",3,55,40,21,19
050,08,009,"Colorado","Baca County",3,56,42,19,23
050,08,009,"Colorado","Baca County",3,57,41,24,17
050,08,009,"Colorado","Baca County",3,58,45,25,20
050,08,009,"Colorado","Baca County",3,59,46,18,28
050,08,009,"Colorado","Baca County",3,60,54,22,32
050,08,009,"Colorado","Baca County",3,61,57,25,32
050,08,009,"Colorado","Baca County",3,62,55,28,27
050,08,009,"Colorado","Baca County",3,63,52,25,27
050,08,009,"Colorado","Baca County",3,64,58,31,27
050,08,009,"Colorado","Baca County",3,65,62,33,29
050,08,009,"Colorado","Baca County",3,66,55,30,25
050,08,009,"Colorado","Baca County",3,67,52,27,25
050,08,009,"Colorado","Baca County",3,68,55,24,31
050,08,009,"Colorado","Baca County",3,69,46,21,25
050,08,009,"Colorado","Baca County",3,70,50,28,22
050,08,009,"Colorado","Baca County",3,71,42,19,23
050,08,009,"Colorado","Baca County",3,72,40,16,24
050,08,009,"Colorado","Baca County",3,73,39,18,21
050,08,009,"Colorado","Baca County",3,74,36,20,16
050,08,009,"Colorado","Baca County",3,75,34,16,18
050,08,009,"Colorado","Baca County",3,76,38,17,21
050,08,009,"Colorado","Baca County",3,77,28,12,16
050,08,009,"Colorado","Baca County",3,78,27,13,14
050,08,009,"Colorado","Baca County",3,79,30,13,17
050,08,009,"Colorado","Baca County",3,80,28,15,13
050,08,009,"Colorado","Baca County",3,81,30,17,13
050,08,009,"Colorado","Baca County",3,82,22,10,12
050,08,009,"Colorado","Baca County",3,83,21,8,13
050,08,009,"Colorado","Baca County",3,84,18,8,10
050,08,009,"Colorado","Baca County",3,85,129,51,78
050,08,009,"Colorado","Baca County",4,0,37,18,19
050,08,009,"Colorado","Baca County",4,1,35,17,18
050,08,009,"Colorado","Baca County",4,2,37,19,18
050,08,009,"Colorado","Baca County",4,3,43,24,19
050,08,009,"Colorado","Baca County",4,4,44,22,22
050,08,009,"Colorado","Baca County",4,5,36,24,12
050,08,009,"Colorado","Baca County",4,6,39,24,15
050,08,009,"Colorado","Baca County",4,7,37,16,21
050,08,009,"Colorado","Baca County",4,8,44,20,24
050,08,009,"Colorado","Baca County",4,9,44,26,18
050,08,009,"Colorado","Baca County",4,10,51,31,20
050,08,009,"Colorado","Baca County",4,11,48,30,18
050,08,009,"Colorado","Baca County",4,12,42,19,23
050,08,009,"Colorado","Baca County",4,13,47,20,27
050,08,009,"Colorado","Baca County",4,14,56,28,28
050,08,009,"Colorado","Baca County",4,15,50,28,22
050,08,009,"Colorado","Baca County",4,16,48,25,23
050,08,009,"Colorado","Baca County",4,17,35,13,22
050,08,009,"Colorado","Baca County",4,18,26,11,15
050,08,009,"Colorado","Baca County",4,19,18,9,9
050,08,009,"Colorado","Baca County",4,20,26,14,12
050,08,009,"Colorado","Baca County",4,21,41,23,18
050,08,009,"Colorado","Baca County",4,22,35,18,17
050,08,009,"Colorado","Baca County",4,23,35,14,21
050,08,009,"Colorado","Baca County",4,24,42,19,23
050,08,009,"Colorado","Baca County",4,25,36,17,19
050,08,009,"Colorado","Baca County",4,26,39,24,15
050,08,009,"Colorado","Baca County",4,27,38,20,18
050,08,009,"Colorado","Baca County",4,28,45,23,22
050,08,009,"Colorado","Baca County",4,29,32,19,13
050,08,009,"Colorado","Baca County",4,30,42,23,19
050,08,009,"Colorado","Baca County",4,31,42,26,16
050,08,009,"Colorado","Baca County",4,32,32,17,15
050,08,009,"Colorado","Baca County",4,33,31,16,15
050,08,009,"Colorado","Baca County",4,34,31,17,14
050,08,009,"Colorado","Baca County",4,35,38,21,17
050,08,009,"Colorado","Baca County",4,36,39,20,19
050,08,009,"Colorado","Baca County",4,37,39,22,17
050,08,009,"Colorado","Baca County",4,38,44,20,24
050,08,009,"Colorado","Baca County",4,39,39,13,26
050,08,009,"Colorado","Baca County",4,40,41,18,23
050,08,009,"Colorado","Baca County",4,41,42,17,25
050,08,009,"Colorado","Baca County",4,42,40,18,22
050,08,009,"Colorado","Baca County",4,43,37,20,17
050,08,009,"Colorado","Baca County",4,44,36,18,18
050,08,009,"Colorado","Baca County",4,45,42,26,16
050,08,009,"Colorado","Baca County",4,46,29,17,12
050,08,009,"Colorado","Baca County",4,47,31,18,13
050,08,009,"Colorado","Baca County",4,48,27,15,12
050,08,009,"Colorado","Baca County",4,49,32,17,15
050,08,009,"Colorado","Baca County",4,50,32,17,15
050,08,009,"Colorado","Baca County",4,51,37,20,17
050,08,009,"Colorado","Baca County",4,52,39,15,24
050,08,009,"Colorado","Baca County",4,53,31,13,18
050,08,009,"Colorado","Baca County",4,54,25,10,15
050,08,009,"Colorado","Baca County",4,55,38,22,16
050,08,009,"Colorado","Baca County",4,56,43,24,19
050,08,009,"Colorado","Baca County",4,57,42,20,22
050,08,009,"Colorado","Baca County",4,58,37,21,16
050,08,009,"Colorado","Baca County",4,59,44,24,20
050,08,009,"Colorado","Baca County",4,60,47,18,29
050,08,009,"Colorado","Baca County",4,61,54,22,32
050,08,009,"Colorado","Baca County",4,62,60,28,32
050,08,009,"Colorado","Baca County",4,63,60,32,28
050,08,009,"Colorado","Baca County",4,64,52,25,27
050,08,009,"Colorado","Baca County",4,65,55,28,27
050,08,009,"Colorado","Baca County",4,66,58,29,29
050,08,009,"Colorado","Baca County",4,67,53,27,26
050,08,009,"Colorado","Baca County",4,68,52,26,26
050,08,009,"Colorado","Baca County",4,69,50,22,28
050,08,009,"Colorado","Baca County",4,70,44,19,25
050,08,009,"Colorado","Baca County",4,71,47,28,19
050,08,009,"Colorado","Baca County",4,72,39,17,22
050,08,009,"Colorado","Baca County",4,73,40,17,23
050,08,009,"Colorado","Baca County",4,74,33,15,18
050,08,009,"Colorado","Baca County",4,75,38,21,17
050,08,009,"Colorado","Baca County",4,76,34,17,17
050,08,009,"Colorado","Baca County",4,77,35,15,20
050,08,009,"Colorado","Baca County",4,78,27,12,15
050,08,009,"Colorado","Baca County",4,79,27,14,13
050,08,009,"Colorado","Baca County",4,80,25,9,16
050,08,009,"Colorado","Baca County",4,81,30,16,14
050,08,009,"Colorado","Baca County",4,82,29,16,13
050,08,009,"Colorado","Baca County",4,83,22,9,13
050,08,009,"Colorado","Baca County",4,84,15,7,8
050,08,009,"Colorado","Baca County",4,85,121,50,71
050,08,009,"Colorado","Baca County",5,0,30,14,16
050,08,009,"Colorado","Baca County",5,1,35,18,17
050,08,009,"Colorado","Baca County",5,2,33,15,18
050,08,009,"Colorado","Baca County",5,3,36,18,18
050,08,009,"Colorado","Baca County",5,4,44,25,19
050,08,009,"Colorado","Baca County",5,5,45,23,22
050,08,009,"Colorado","Baca County",5,6,38,27,11
050,08,009,"Colorado","Baca County",5,7,38,25,13
050,08,009,"Colorado","Baca County",5,8,37,17,20
050,08,009,"Colorado","Baca County",5,9,42,21,21
050,08,009,"Colorado","Baca County",5,10,42,25,17
050,08,009,"Colorado","Baca County",5,11,50,30,20
050,08,009,"Colorado","Baca County",5,12,45,29,16
050,08,009,"Colorado","Baca County",5,13,45,23,22
050,08,009,"Colorado","Baca County",5,14,44,21,23
050,08,009,"Colorado","Baca County",5,15,58,31,27
050,08,009,"Colorado","Baca County",5,16,55,29,26
050,08,009,"Colorado","Baca County",5,17,43,23,20
050,08,009,"Colorado","Baca County",5,18,27,11,16
050,08,009,"Colorado","Baca County",5,19,19,7,12
050,08,009,"Colorado","Baca County",5,20,23,11,12
050,08,009,"Colorado","Baca County",5,21,25,15,10
050,08,009,"Colorado","Baca County",5,22,28,15,13
050,08,009,"Colorado","Baca County",5,23,37,18,19
050,08,009,"Colorado","Baca County",5,24,33,15,18
050,08,009,"Colorado","Baca County",5,25,36,15,21
050,08,009,"Colorado","Baca County",5,26,35,16,19
050,08,009,"Colorado","Baca County",5,27,41,25,16
050,08,009,"Colorado","Baca County",5,28,36,20,16
050,08,009,"Colorado","Baca County",5,29,48,24,24
050,08,009,"Colorado","Baca County",5,30,39,25,14
050,08,009,"Colorado","Baca County",5,31,46,26,20
050,08,009,"Colorado","Baca County",5,32,38,22,16
050,08,009,"Colorado","Baca County",5,33,33,17,16
050,08,009,"Colorado","Baca County",5,34,31,17,14
050,08,009,"Colorado","Baca County",5,35,30,16,14
050,08,009,"Colorado","Baca County",5,36,36,18,18
050,08,009,"Colorado","Baca County",5,37,41,21,20
050,08,009,"Colorado","Baca County",5,38,38,22,16
050,08,009,"Colorado","Baca County",5,39,41,18,23
050,08,009,"Colorado","Baca County",5,40,34,12,22
050,08,009,"Colorado","Baca County",5,41,42,20,22
050,08,009,"Colorado","Baca County",5,42,42,17,25
050,08,009,"Colorado","Baca County",5,43,41,18,23
050,08,009,"Colorado","Baca County",5,44,33,17,16
050,08,009,"Colorado","Baca County",5,45,41,22,19
050,08,009,"Colorado","Baca County",5,46,42,25,17
050,08,009,"Colorado","Baca County",5,47,31,18,13
050,08,009,"Colorado","Baca County",5,48,31,17,14
050,08,009,"Colorado","Baca County",5,49,27,12,15
050,08,009,"Colorado","Baca County",5,50,33,17,16
050,08,009,"Colorado","Baca County",5,51,31,19,12
050,08,009,"Colorado","Baca County",5,52,35,19,16
050,08,009,"Colorado","Baca County",5,53,37,15,22
050,08,009,"Colorado","Baca County",5,54,30,14,16
050,08,009,"Colorado","Baca County",5,55,25,10,15
050,08,009,"Colorado","Baca County",5,56,39,23,16
050,08,009,"Colorado","Baca County",5,57,41,22,19
050,08,009,"Colorado","Baca County",5,58,35,18,17
050,08,009,"Colorado","Baca County",5,59,38,20,18
050,08,009,"Colorado","Baca County",5,60,41,24,17
050,08,009,"Colorado","Baca County",5,61,47,18,29
050,08,009,"Colorado","Baca County",5,62,53,22,31
050,08,009,"Colorado","Baca County",5,63,60,28,32
050,08,009,"Colorado","Baca County",5,64,58,30,28
050,08,009,"Colorado","Baca County",5,65,48,23,25
050,08,009,"Colorado","Baca County",5,66,54,25,29
050,08,009,"Colorado","Baca County",5,67,54,27,27
050,08,009,"Colorado","Baca County",5,68,52,26,26
050,08,009,"Colorado","Baca County",5,69,50,26,24
050,08,009,"Colorado","Baca County",5,70,47,21,26
050,08,009,"Colorado","Baca County",5,71,42,20,22
050,08,009,"Colorado","Baca County",5,72,43,26,17
050,08,009,"Colorado","Baca County",5,73,39,17,22
050,08,009,"Colorado","Baca County",5,74,36,15,21
050,08,009,"Colorado","Baca County",5,75,33,15,18
050,08,009,"Colorado","Baca County",5,76,36,20,16
050,08,009,"Colorado","Baca County",5,77,31,15,16
050,08,009,"Colorado","Baca County",5,78,34,15,19
050,08,009,"Colorado","Baca County",5,79,26,13,13
050,08,009,"Colorado","Baca County",5,80,24,11,13
050,08,009,"Colorado","Baca County",5,81,25,9,16
050,08,009,"Colorado","Baca County",5,82,25,13,12
050,08,009,"Colorado","Baca County",5,83,28,15,13
050,08,009,"Colorado","Baca County",5,84,16,7,9
050,08,009,"Colorado","Baca County",5,85,113,47,66
050,08,011,"Colorado","Bent County",1,0,45,23,22
050,08,011,"Colorado","Bent County",1,1,38,19,19
050,08,011,"Colorado","Bent County",1,2,44,21,23
050,08,011,"Colorado","Bent County",1,3,48,25,23
050,08,011,"Colorado","Bent County",1,4,42,25,17
050,08,011,"Colorado","Bent County",1,5,38,17,21
050,08,011,"Colorado","Bent County",1,6,37,17,20
050,08,011,"Colorado","Bent County",1,7,33,14,19
050,08,011,"Colorado","Bent County",1,8,60,28,32
050,08,011,"Colorado","Bent County",1,9,50,23,27
050,08,011,"Colorado","Bent County",1,10,58,29,29
050,08,011,"Colorado","Bent County",1,11,66,36,30
050,08,011,"Colorado","Bent County",1,12,61,34,27
050,08,011,"Colorado","Bent County",1,13,57,26,31
050,08,011,"Colorado","Bent County",1,14,59,29,30
050,08,011,"Colorado","Bent County",1,15,48,23,25
050,08,011,"Colorado","Bent County",1,16,50,24,26
050,08,011,"Colorado","Bent County",1,17,50,25,25
050,08,011,"Colorado","Bent County",1,18,50,31,19
050,08,011,"Colorado","Bent County",1,19,50,30,20
050,08,011,"Colorado","Bent County",1,20,53,30,23
050,08,011,"Colorado","Bent County",1,21,77,56,21
050,08,011,"Colorado","Bent County",1,22,86,62,24
050,08,011,"Colorado","Bent County",1,23,81,66,15
050,08,011,"Colorado","Bent County",1,24,83,64,19
050,08,011,"Colorado","Bent County",1,25,96,81,15
050,08,011,"Colorado","Bent County",1,26,98,79,19
050,08,011,"Colorado","Bent County",1,27,90,66,24
050,08,011,"Colorado","Bent County",1,28,93,69,24
050,08,011,"Colorado","Bent County",1,29,85,67,18
050,08,011,"Colorado","Bent County",1,30,90,70,20
050,08,011,"Colorado","Bent County",1,31,80,65,15
050,08,011,"Colorado","Bent County",1,32,89,68,21
050,08,011,"Colorado","Bent County",1,33,81,61,20
050,08,011,"Colorado","Bent County",1,34,71,52,19
050,08,011,"Colorado","Bent County",1,35,83,66,17
050,08,011,"Colorado","Bent County",1,36,85,62,23
050,08,011,"Colorado","Bent County",1,37,74,57,17
050,08,011,"Colorado","Bent County",1,38,90,67,23
050,08,011,"Colorado","Bent County",1,39,92,74,18
050,08,011,"Colorado","Bent County",1,40,79,57,22
050,08,011,"Colorado","Bent County",1,41,84,62,22
050,08,011,"Colorado","Bent County",1,42,68,51,17
050,08,011,"Colorado","Bent County",1,43,73,53,20
050,08,011,"Colorado","Bent County",1,44,75,62,13
050,08,011,"Colorado","Bent County",1,45,72,57,15
050,08,011,"Colorado","Bent County",1,46,96,68,28
050,08,011,"Colorado","Bent County",1,47,87,66,21
050,08,011,"Colorado","Bent County",1,48,84,63,21
050,08,011,"Colorado","Bent County",1,49,81,59,22
050,08,011,"Colorado","Bent County",1,50,75,60,15
050,08,011,"Colorado","Bent County",1,51,68,47,21
050,08,011,"Colorado","Bent County",1,52,66,43,23
050,08,011,"Colorado","Bent County",1,53,73,47,26
050,08,011,"Colorado","Bent County",1,54,79,47,32
050,08,011,"Colorado","Bent County",1,55,64,41,23
050,08,011,"Colorado","Bent County",1,56,79,52,27
050,08,011,"Colorado","Bent County",1,57,63,35,28
050,08,011,"Colorado","Bent County",1,58,79,43,36
050,08,011,"Colorado","Bent County",1,59,80,46,34
050,08,011,"Colorado","Bent County",1,60,67,36,31
050,08,011,"Colorado","Bent County",1,61,75,40,35
050,08,011,"Colorado","Bent County",1,62,80,45,35
050,08,011,"Colorado","Bent County",1,63,72,46,26
050,08,011,"Colorado","Bent County",1,64,62,33,29
050,08,011,"Colorado","Bent County",1,65,74,37,37
050,08,011,"Colorado","Bent County",1,66,62,33,29
050,08,011,"Colorado","Bent County",1,67,75,39,36
050,08,011,"Colorado","Bent County",1,68,66,35,31
050,08,011,"Colorado","Bent County",1,69,57,30,27
050,08,011,"Colorado","Bent County",1,70,63,39,24
050,08,011,"Colorado","Bent County",1,71,67,41,26
050,08,011,"Colorado","Bent County",1,72,62,32,30
050,08,011,"Colorado","Bent County",1,73,63,31,32
050,08,011,"Colorado","Bent County",1,74,41,22,19
050,08,011,"Colorado","Bent County",1,75,46,22,24
050,08,011,"Colorado","Bent County",1,76,35,15,20
050,08,011,"Colorado","Bent County",1,77,50,26,24
050,08,011,"Colorado","Bent County",1,78,36,21,15
050,08,011,"Colorado","Bent County",1,79,33,21,12
050,08,011,"Colorado","Bent County",1,80,31,15,16
050,08,011,"Colorado","Bent County",1,81,34,15,19
050,08,011,"Colorado","Bent County",1,82,30,10,20
050,08,011,"Colorado","Bent County",1,83,17,9,8
050,08,011,"Colorado","Bent County",1,84,23,12,11
050,08,011,"Colorado","Bent County",1,85,141,55,86
050,08,011,"Colorado","Bent County",2,0,40,21,19
050,08,011,"Colorado","Bent County",2,1,37,18,19
050,08,011,"Colorado","Bent County",2,2,42,21,21
050,08,011,"Colorado","Bent County",2,3,48,25,23
050,08,011,"Colorado","Bent County",2,4,41,25,16
050,08,011,"Colorado","Bent County",2,5,40,19,21
050,08,011,"Colorado","Bent County",2,6,36,16,20
050,08,011,"Colorado","Bent County",2,7,34,15,19
050,08,011,"Colorado","Bent County",2,8,53,24,29
050,08,011,"Colorado","Bent County",2,9,52,23,29
050,08,011,"Colorado","Bent County",2,10,57,28,29
050,08,011,"Colorado","Bent County",2,11,63,34,29
050,08,011,"Colorado","Bent County",2,12,62,34,28
050,08,011,"Colorado","Bent County",2,13,55,26,29
050,08,011,"Colorado","Bent County",2,14,58,29,29
050,08,011,"Colorado","Bent County",2,15,49,23,26
050,08,011,"Colorado","Bent County",2,16,50,24,26
050,08,011,"Colorado","Bent County",2,17,51,25,26
050,08,011,"Colorado","Bent County",2,18,49,29,20
050,08,011,"Colorado","Bent County",2,19,51,31,20
050,08,011,"Colorado","Bent County",2,20,55,31,24
050,08,011,"Colorado","Bent County",2,21,73,52,21
050,08,011,"Colorado","Bent County",2,22,82,59,23
050,08,011,"Colorado","Bent County",2,23,77,60,17
050,08,011,"Colorado","Bent County",2,24,76,59,17
050,08,011,"Colorado","Bent County",2,25,91,75,16
050,08,011,"Colorado","Bent County",2,26,91,73,18
050,08,011,"Colorado","Bent County",2,27,82,60,22
050,08,011,"Colorado","Bent County",2,28,88,64,24
050,08,011,"Colorado","Bent County",2,29,80,62,18
050,08,011,"Colorado","Bent County",2,30,83,63,20
050,08,011,"Colorado","Bent County",2,31,76,61,15
050,08,011,"Colorado","Bent County",2,32,82,62,20
050,08,011,"Colorado","Bent County",2,33,77,57,20
050,08,011,"Colorado","Bent County",2,34,69,50,19
050,08,011,"Colorado","Bent County",2,35,77,60,17
050,08,011,"Colorado","Bent County",2,36,81,60,21
050,08,011,"Colorado","Bent County",2,37,73,54,19
050,08,011,"Colorado","Bent County",2,38,84,63,21
050,08,011,"Colorado","Bent County",2,39,90,71,19
050,08,011,"Colorado","Bent County",2,40,74,54,20
050,08,011,"Colorado","Bent County",2,41,81,58,23
050,08,011,"Colorado","Bent County",2,42,64,46,18
050,08,011,"Colorado","Bent County",2,43,70,51,19
050,08,011,"Colorado","Bent County",2,44,71,56,15
050,08,011,"Colorado","Bent County",2,45,70,55,15
050,08,011,"Colorado","Bent County",2,46,89,64,25
050,08,011,"Colorado","Bent County",2,47,83,60,23
050,08,011,"Colorado","Bent County",2,48,81,60,21
050,08,011,"Colorado","Bent County",2,49,77,56,21
050,08,011,"Colorado","Bent County",2,50,73,57,16
050,08,011,"Colorado","Bent County",2,51,67,47,20
050,08,011,"Colorado","Bent County",2,52,65,42,23
050,08,011,"Colorado","Bent County",2,53,70,44,26
050,08,011,"Colorado","Bent County",2,54,74,44,30
050,08,011,"Colorado","Bent County",2,55,65,40,25
050,08,011,"Colorado","Bent County",2,56,75,48,27
050,08,011,"Colorado","Bent County",2,57,64,36,28
050,08,011,"Colorado","Bent County",2,58,76,42,34
050,08,011,"Colorado","Bent County",2,59,76,42,34
050,08,011,"Colorado","Bent County",2,60,69,38,31
050,08,011,"Colorado","Bent County",2,61,70,38,32
050,08,011,"Colorado","Bent County",2,62,76,42,34
050,08,011,"Colorado","Bent County",2,63,73,45,28
050,08,011,"Colorado","Bent County",2,64,61,33,28
050,08,011,"Colorado","Bent County",2,65,71,36,35
050,08,011,"Colorado","Bent County",2,66,63,33,30
050,08,011,"Colorado","Bent County",2,67,73,38,35
050,08,011,"Colorado","Bent County",2,68,68,35,33
050,08,011,"Colorado","Bent County",2,69,59,32,27
050,08,011,"Colorado","Bent County",2,70,60,37,23
050,08,011,"Colorado","Bent County",2,71,65,40,25
050,08,011,"Colorado","Bent County",2,72,61,33,28
050,08,011,"Colorado","Bent County",2,73,67,33,34
050,08,011,"Colorado","Bent County",2,74,42,22,20
050,08,011,"Colorado","Bent County",2,75,48,24,24
050,08,011,"Colorado","Bent County",2,76,36,15,21
050,08,011,"Colorado","Bent County",2,77,48,25,23
050,08,011,"Colorado","Bent County",2,78,36,20,16
050,08,011,"Colorado","Bent County",2,79,34,22,12
050,08,011,"Colorado","Bent County",2,80,31,15,16
050,08,011,"Colorado","Bent County",2,81,33,14,19
050,08,011,"Colorado","Bent County",2,82,29,10,19
050,08,011,"Colorado","Bent County",2,83,18,8,10
050,08,011,"Colorado","Bent County",2,84,23,12,11
050,08,011,"Colorado","Bent County",2,85,139,55,84
050,08,011,"Colorado","Bent County",3,0,36,19,17
050,08,011,"Colorado","Bent County",3,1,52,27,25
050,08,011,"Colorado","Bent County",3,2,34,18,16
050,08,011,"Colorado","Bent County",3,3,48,25,23
050,08,011,"Colorado","Bent County",3,4,48,26,22
050,08,011,"Colorado","Bent County",3,5,37,23,14
050,08,011,"Colorado","Bent County",3,6,39,20,19
050,08,011,"Colorado","Bent County",3,7,40,16,24
050,08,011,"Colorado","Bent County",3,8,35,17,18
050,08,011,"Colorado","Bent County",3,9,56,23,33
050,08,011,"Colorado","Bent County",3,10,61,24,37
050,08,011,"Colorado","Bent County",3,11,59,29,30
050,08,011,"Colorado","Bent County",3,12,66,37,29
050,08,011,"Colorado","Bent County",3,13,67,37,30
050,08,011,"Colorado","Bent County",3,14,55,27,28
050,08,011,"Colorado","Bent County",3,15,65,34,31
050,08,011,"Colorado","Bent County",3,16,52,23,29
050,08,011,"Colorado","Bent County",3,17,55,25,30
050,08,011,"Colorado","Bent County",3,18,46,23,23
050,08,011,"Colorado","Bent County",3,19,42,24,18
050,08,011,"Colorado","Bent County",3,20,57,37,20
050,08,011,"Colorado","Bent County",3,21,67,45,22
050,08,011,"Colorado","Bent County",3,22,77,54,23
050,08,011,"Colorado","Bent County",3,23,85,60,25
050,08,011,"Colorado","Bent County",3,24,70,60,10
050,08,011,"Colorado","Bent County",3,25,92,69,23
050,08,011,"Colorado","Bent County",3,26,82,67,15
050,08,011,"Colorado","Bent County",3,27,72,52,20
050,08,011,"Colorado","Bent County",3,28,95,67,28
050,08,011,"Colorado","Bent County",3,29,84,63,21
050,08,011,"Colorado","Bent County",3,30,66,52,14
050,08,011,"Colorado","Bent County",3,31,76,56,20
050,08,011,"Colorado","Bent County",3,32,78,59,19
050,08,011,"Colorado","Bent County",3,33,71,55,16
050,08,011,"Colorado","Bent County",3,34,68,45,23
050,08,011,"Colorado","Bent County",3,35,74,56,18
050,08,011,"Colorado","Bent County",3,36,76,60,16
050,08,011,"Colorado","Bent County",3,37,74,50,24
050,08,011,"Colorado","Bent County",3,38,76,59,17
050,08,011,"Colorado","Bent County",3,39,91,70,21
050,08,011,"Colorado","Bent County",3,40,76,58,18
050,08,011,"Colorado","Bent County",3,41,78,57,21
050,08,011,"Colorado","Bent County",3,42,77,49,28
050,08,011,"Colorado","Bent County",3,43,73,56,17
050,08,011,"Colorado","Bent County",3,44,64,46,18
050,08,011,"Colorado","Bent County",3,45,62,48,14
050,08,011,"Colorado","Bent County",3,46,68,50,18
050,08,011,"Colorado","Bent County",3,47,83,60,23
050,08,011,"Colorado","Bent County",3,48,76,56,20
050,08,011,"Colorado","Bent County",3,49,74,53,21
050,08,011,"Colorado","Bent County",3,50,72,51,21
050,08,011,"Colorado","Bent County",3,51,63,46,17
050,08,011,"Colorado","Bent County",3,52,64,44,20
050,08,011,"Colorado","Bent County",3,53,65,41,24
050,08,011,"Colorado","Bent County",3,54,60,37,23
050,08,011,"Colorado","Bent County",3,55,60,39,21
050,08,011,"Colorado","Bent County",3,56,64,36,28
050,08,011,"Colorado","Bent County",3,57,61,35,26
050,08,011,"Colorado","Bent County",3,58,64,37,27
050,08,011,"Colorado","Bent County",3,59,77,44,33
050,08,011,"Colorado","Bent County",3,60,74,40,34
050,08,011,"Colorado","Bent County",3,61,62,29,33
050,08,011,"Colorado","Bent County",3,62,65,33,32
050,08,011,"Colorado","Bent County",3,63,77,43,34
050,08,011,"Colorado","Bent County",3,64,67,37,30
050,08,011,"Colorado","Bent County",3,65,63,36,27
050,08,011,"Colorado","Bent County",3,66,61,28,33
050,08,011,"Colorado","Bent County",3,67,58,31,27
050,08,011,"Colorado","Bent County",3,68,71,35,36
050,08,011,"Colorado","Bent County",3,69,67,34,33
050,08,011,"Colorado","Bent County",3,70,58,32,26
050,08,011,"Colorado","Bent County",3,71,60,37,23
050,08,011,"Colorado","Bent County",3,72,61,37,24
050,08,011,"Colorado","Bent County",3,73,62,30,32
050,08,011,"Colorado","Bent County",3,74,60,30,30
050,08,011,"Colorado","Bent County",3,75,43,20,23
050,08,011,"Colorado","Bent County",3,76,43,23,20
050,08,011,"Colorado","Bent County",3,77,41,16,25
050,08,011,"Colorado","Bent County",3,78,41,20,21
050,08,011,"Colorado","Bent County",3,79,36,22,14
050,08,011,"Colorado","Bent County",3,80,26,15,11
050,08,011,"Colorado","Bent County",3,81,28,13,15
050,08,011,"Colorado","Bent County",3,82,28,11,17
050,08,011,"Colorado","Bent County",3,83,27,9,18
050,08,011,"Colorado","Bent County",3,84,25,13,12
050,08,011,"Colorado","Bent County",3,85,130,55,75
050,08,011,"Colorado","Bent County",4,0,36,13,23
050,08,011,"Colorado","Bent County",4,1,35,17,18
050,08,011,"Colorado","Bent County",4,2,49,31,18
050,08,011,"Colorado","Bent County",4,3,39,19,20
050,08,011,"Colorado","Bent County",4,4,46,23,23
050,08,011,"Colorado","Bent County",4,5,42,22,20
050,08,011,"Colorado","Bent County",4,6,40,24,16
050,08,011,"Colorado","Bent County",4,7,39,22,17
050,08,011,"Colorado","Bent County",4,8,40,19,21
050,08,011,"Colorado","Bent County",4,9,37,18,19
050,08,011,"Colorado","Bent County",4,10,56,24,32
050,08,011,"Colorado","Bent County",4,11,57,23,34
050,08,011,"Colorado","Bent County",4,12,56,24,32
050,08,011,"Colorado","Bent County",4,13,64,38,26
050,08,011,"Colorado","Bent County",4,14,70,39,31
050,08,011,"Colorado","Bent County",4,15,59,28,31
050,08,011,"Colorado","Bent County",4,16,64,32,32
050,08,011,"Colorado","Bent County",4,17,52,25,27
050,08,011,"Colorado","Bent County",4,18,47,24,23
050,08,011,"Colorado","Bent County",4,19,45,26,19
050,08,011,"Colorado","Bent County",4,20,50,36,14
050,08,011,"Colorado","Bent County",4,21,83,61,22
050,08,011,"Colorado","Bent County",4,22,82,59,23
050,08,011,"Colorado","Bent County",4,23,86,62,24
050,08,011,"Colorado","Bent County",4,24,81,59,22
050,08,011,"Colorado","Bent County",4,25,85,73,12
050,08,011,"Colorado","Bent County",4,26,95,73,22
050,08,011,"Colorado","Bent County",4,27,70,53,17
050,08,011,"Colorado","Bent County",4,28,83,62,21
050,08,011,"Colorado","Bent County",4,29,95,70,25
050,08,011,"Colorado","Bent County",4,30,82,59,23
050,08,011,"Colorado","Bent County",4,31,67,48,19
050,08,011,"Colorado","Bent County",4,32,67,51,16
050,08,011,"Colorado","Bent County",4,33,77,60,17
050,08,011,"Colorado","Bent County",4,34,74,56,18
050,08,011,"Colorado","Bent County",4,35,73,50,23
050,08,011,"Colorado","Bent County",4,36,65,49,16
050,08,011,"Colorado","Bent County",4,37,73,58,15
050,08,011,"Colorado","Bent County",4,38,80,56,24
050,08,011,"Colorado","Bent County",4,39,87,69,18
050,08,011,"Colorado","Bent County",4,40,88,68,20
050,08,011,"Colorado","Bent County",4,41,93,74,19
050,08,011,"Colorado","Bent County",4,42,76,47,29
050,08,011,"Colorado","Bent County",4,43,90,62,28
050,08,011,"Colorado","Bent County",4,44,73,58,15
050,08,011,"Colorado","Bent County",4,45,65,47,18
050,08,011,"Colorado","Bent County",4,46,77,61,16
050,08,011,"Colorado","Bent County",4,47,74,56,18
050,08,011,"Colorado","Bent County",4,48,80,57,23
050,08,011,"Colorado","Bent County",4,49,76,57,19
050,08,011,"Colorado","Bent County",4,50,77,58,19
050,08,011,"Colorado","Bent County",4,51,72,48,24
050,08,011,"Colorado","Bent County",4,52,69,49,20
050,08,011,"Colorado","Bent County",4,53,73,52,21
050,08,011,"Colorado","Bent County",4,54,62,37,25
050,08,011,"Colorado","Bent County",4,55,60,37,23
050,08,011,"Colorado","Bent County",4,56,57,38,19
050,08,011,"Colorado","Bent County",4,57,59,34,25
050,08,011,"Colorado","Bent County",4,58,64,41,23
050,08,011,"Colorado","Bent County",4,59,67,42,25
050,08,011,"Colorado","Bent County",4,60,70,41,29
050,08,011,"Colorado","Bent County",4,61,73,42,31
050,08,011,"Colorado","Bent County",4,62,60,28,32
050,08,011,"Colorado","Bent County",4,63,72,34,38
050,08,011,"Colorado","Bent County",4,64,71,38,33
050,08,011,"Colorado","Bent County",4,65,70,39,31
050,08,011,"Colorado","Bent County",4,66,58,32,26
050,08,011,"Colorado","Bent County",4,67,65,32,33
050,08,011,"Colorado","Bent County",4,68,56,30,26
050,08,011,"Colorado","Bent County",4,69,72,34,38
050,08,011,"Colorado","Bent County",4,70,58,33,25
050,08,011,"Colorado","Bent County",4,71,57,30,27
050,08,011,"Colorado","Bent County",4,72,60,36,24
050,08,011,"Colorado","Bent County",4,73,64,38,26
050,08,011,"Colorado","Bent County",4,74,56,28,28
050,08,011,"Colorado","Bent County",4,75,64,31,33
050,08,011,"Colorado","Bent County",4,76,42,22,20
050,08,011,"Colorado","Bent County",4,77,52,29,23
050,08,011,"Colorado","Bent County",4,78,27,11,16
050,08,011,"Colorado","Bent County",4,79,43,23,20
050,08,011,"Colorado","Bent County",4,80,26,14,12
050,08,011,"Colorado","Bent County",4,81,27,16,11
050,08,011,"Colorado","Bent County",4,82,25,10,15
050,08,011,"Colorado","Bent County",4,83,25,9,16
050,08,011,"Colorado","Bent County",4,84,32,13,19
050,08,011,"Colorado","Bent County",4,85,134,60,74
050,08,011,"Colorado","Bent County",5,0,38,16,22
050,08,011,"Colorado","Bent County",5,1,45,15,30
050,08,011,"Colorado","Bent County",5,2,42,23,19
050,08,011,"Colorado","Bent County",5,3,49,29,20
050,08,011,"Colorado","Bent County",5,4,46,24,22
050,08,011,"Colorado","Bent County",5,5,46,23,23
050,08,011,"Colorado","Bent County",5,6,45,24,21
050,08,011,"Colorado","Bent County",5,7,43,21,22
050,08,011,"Colorado","Bent County",5,8,40,22,18
050,08,011,"Colorado","Bent County",5,9,39,21,18
050,08,011,"Colorado","Bent County",5,10,49,25,24
050,08,011,"Colorado","Bent County",5,11,59,24,35
050,08,011,"Colorado","Bent County",5,12,59,24,35
050,08,011,"Colorado","Bent County",5,13,52,24,28
050,08,011,"Colorado","Bent County",5,14,61,37,24
050,08,011,"Colorado","Bent County",5,15,65,35,30
050,08,011,"Colorado","Bent County",5,16,56,29,27
050,08,011,"Colorado","Bent County",5,17,63,30,33
050,08,011,"Colorado","Bent County",5,18,47,24,23
050,08,011,"Colorado","Bent County",5,19,48,26,22
050,08,011,"Colorado","Bent County",5,20,57,36,21
050,08,011,"Colorado","Bent County",5,21,80,56,24
050,08,011,"Colorado","Bent County",5,22,97,74,23
050,08,011,"Colorado","Bent County",5,23,96,68,28
050,08,011,"Colorado","Bent County",5,24,91,68,23
050,08,011,"Colorado","Bent County",5,25,101,79,22
050,08,011,"Colorado","Bent County",5,26,92,79,13
050,08,011,"Colorado","Bent County",5,27,92,69,23
050,08,011,"Colorado","Bent County",5,28,81,63,18
050,08,011,"Colorado","Bent County",5,29,85,66,19
050,08,011,"Colorado","Bent County",5,30,93,66,27
050,08,011,"Colorado","Bent County",5,31,83,56,27
050,08,011,"Colorado","Bent County",5,32,85,64,21
050,08,011,"Colorado","Bent County",5,33,72,56,16
050,08,011,"Colorado","Bent County",5,34,75,59,16
050,08,011,"Colorado","Bent County",5,35,89,68,21
050,08,011,"Colorado","Bent County",5,36,73,52,21
050,08,011,"Colorado","Bent County",5,37,66,49,17
050,08,011,"Colorado","Bent County",5,38,83,69,14
050,08,011,"Colorado","Bent County",5,39,100,78,22
050,08,011,"Colorado","Bent County",5,40,82,62,20
050,08,011,"Colorado","Bent County",5,41,99,79,20
050,08,011,"Colorado","Bent County",5,42,84,64,20
050,08,011,"Colorado","Bent County",5,43,87,63,24
050,08,011,"Colorado","Bent County",5,44,89,59,30
050,08,011,"Colorado","Bent County",5,45,75,58,17
050,08,011,"Colorado","Bent County",5,46,76,56,20
050,08,011,"Colorado","Bent County",5,47,87,70,17
050,08,011,"Colorado","Bent County",5,48,76,58,18
050,08,011,"Colorado","Bent County",5,49,83,60,23
050,08,011,"Colorado","Bent County",5,50,75,56,19
050,08,011,"Colorado","Bent County",5,51,73,54,19
050,08,011,"Colorado","Bent County",5,52,80,57,23
050,08,011,"Colorado","Bent County",5,53,73,53,20
050,08,011,"Colorado","Bent County",5,54,73,52,21
050,08,011,"Colorado","Bent County",5,55,56,34,22
050,08,011,"Colorado","Bent County",5,56,61,38,23
050,08,011,"Colorado","Bent County",5,57,48,30,18
050,08,011,"Colorado","Bent County",5,58,65,41,24
050,08,011,"Colorado","Bent County",5,59,67,44,23
050,08,011,"Colorado","Bent County",5,60,67,41,26
050,08,011,"Colorado","Bent County",5,61,73,43,30
050,08,011,"Colorado","Bent County",5,62,71,40,31
050,08,011,"Colorado","Bent County",5,63,67,35,32
050,08,011,"Colorado","Bent County",5,64,67,29,38
050,08,011,"Colorado","Bent County",5,65,79,43,36
050,08,011,"Colorado","Bent County",5,66,59,33,26
050,08,011,"Colorado","Bent County",5,67,59,36,23
050,08,011,"Colorado","Bent County",5,68,61,30,31
050,08,011,"Colorado","Bent County",5,69,60,29,31
050,08,011,"Colorado","Bent County",5,70,70,36,34
050,08,011,"Colorado","Bent County",5,71,62,36,26
050,08,011,"Colorado","Bent County",5,72,57,30,27
050,08,011,"Colorado","Bent County",5,73,56,33,23
050,08,011,"Colorado","Bent County",5,74,55,34,21
050,08,011,"Colorado","Bent County",5,75,61,30,31
050,08,011,"Colorado","Bent County",5,76,57,28,29
050,08,011,"Colorado","Bent County",5,77,51,27,24
050,08,011,"Colorado","Bent County",5,78,44,23,21
050,08,011,"Colorado","Bent County",5,79,32,17,15
050,08,011,"Colorado","Bent County",5,80,34,16,18
050,08,011,"Colorado","Bent County",5,81,25,14,11
050,08,011,"Colorado","Bent County",5,82,24,13,11
050,08,011,"Colorado","Bent County",5,83,22,7,15
050,08,011,"Colorado","Bent County",5,84,29,13,16
050,08,011,"Colorado","Bent County",5,85,147,63,84
050,08,013,"Colorado","Boulder County",1,0,2533,1292,1241
050,08,013,"Colorado","Boulder County",1,1,2576,1297,1279
050,08,013,"Colorado","Boulder County",1,2,2691,1339,1352
050,08,013,"Colorado","Boulder County",1,3,2842,1455,1387
050,08,013,"Colorado","Boulder County",1,4,3045,1559,1486
050,08,013,"Colorado","Boulder County",1,5,3085,1572,1513
050,08,013,"Colorado","Boulder County",1,6,3205,1649,1556
050,08,013,"Colorado","Boulder County",1,7,3329,1699,1630
050,08,013,"Colorado","Boulder County",1,8,3353,1739,1614
050,08,013,"Colorado","Boulder County",1,9,3437,1776,1661
050,08,013,"Colorado","Boulder County",1,10,3627,1878,1749
050,08,013,"Colorado","Boulder County",1,11,3721,1918,1803
050,08,013,"Colorado","Boulder County",1,12,3852,1959,1893
050,08,013,"Colorado","Boulder County",1,13,3964,2015,1949
050,08,013,"Colorado","Boulder County",1,14,3989,2048,1941
050,08,013,"Colorado","Boulder County",1,15,3946,2015,1931
050,08,013,"Colorado","Boulder County",1,16,4073,2103,1970
050,08,013,"Colorado","Boulder County",1,17,4086,2132,1954
050,08,013,"Colorado","Boulder County",1,18,7562,3713,3849
050,08,013,"Colorado","Boulder County",1,19,9983,5055,4928
050,08,013,"Colorado","Boulder County",1,20,7755,4003,3752
050,08,013,"Colorado","Boulder County",1,21,7367,3713,3654
050,08,013,"Colorado","Boulder County",1,22,7071,3767,3304
050,08,013,"Colorado","Boulder County",1,23,5885,3175,2710
050,08,013,"Colorado","Boulder County",1,24,5133,2708,2425
050,08,013,"Colorado","Boulder County",1,25,5002,2788,2214
050,08,013,"Colorado","Boulder County",1,26,4710,2529,2181
050,08,013,"Colorado","Boulder County",1,27,4539,2465,2074
050,08,013,"Colorado","Boulder County",1,28,4690,2541,2149
050,08,013,"Colorado","Boulder County",1,29,4760,2591,2169
050,08,013,"Colorado","Boulder County",1,30,4603,2466,2137
050,08,013,"Colorado","Boulder County",1,31,4489,2417,2072
050,08,013,"Colorado","Boulder County",1,32,4286,2286,2000
050,08,013,"Colorado","Boulder County",1,33,4196,2266,1930
050,08,013,"Colorado","Boulder County",1,34,4287,2324,1963
050,08,013,"Colorado","Boulder County",1,35,4189,2243,1946
050,08,013,"Colorado","Boulder County",1,36,4065,2167,1898
050,08,013,"Colorado","Boulder County",1,37,4241,2225,2016
050,08,013,"Colorado","Boulder County",1,38,4094,2115,1979
050,08,013,"Colorado","Boulder County",1,39,4174,2110,2064
050,08,013,"Colorado","Boulder County",1,40,4246,2126,2120
050,08,013,"Colorado","Boulder County",1,41,4171,2084,2087
050,08,013,"Colorado","Boulder County",1,42,4150,2048,2102
050,08,013,"Colorado","Boulder County",1,43,4114,2055,2059
050,08,013,"Colorado","Boulder County",1,44,3932,2006,1926
050,08,013,"Colorado","Boulder County",1,45,4125,2092,2033
050,08,013,"Colorado","Boulder County",1,46,4037,2013,2024
050,08,013,"Colorado","Boulder County",1,47,4057,2014,2043
050,08,013,"Colorado","Boulder County",1,48,4245,2169,2076
050,08,013,"Colorado","Boulder County",1,49,4555,2346,2209
050,08,013,"Colorado","Boulder County",1,50,4584,2370,2214
050,08,013,"Colorado","Boulder County",1,51,4336,2166,2170
050,08,013,"Colorado","Boulder County",1,52,3992,2014,1978
050,08,013,"Colorado","Boulder County",1,53,3958,1991,1967
050,08,013,"Colorado","Boulder County",1,54,3802,1870,1932
050,08,013,"Colorado","Boulder County",1,55,4057,1998,2059
050,08,013,"Colorado","Boulder County",1,56,4061,2027,2034
050,08,013,"Colorado","Boulder County",1,57,4175,2043,2132
050,08,013,"Colorado","Boulder County",1,58,4178,2105,2073
050,08,013,"Colorado","Boulder County",1,59,4234,2107,2127
050,08,013,"Colorado","Boulder County",1,60,4261,2124,2137
050,08,013,"Colorado","Boulder County",1,61,4078,2040,2038
050,08,013,"Colorado","Boulder County",1,62,4013,1976,2037
050,08,013,"Colorado","Boulder County",1,63,3927,1926,2001
050,08,013,"Colorado","Boulder County",1,64,3880,1876,2004
050,08,013,"Colorado","Boulder County",1,65,3787,1848,1939
050,08,013,"Colorado","Boulder County",1,66,3574,1713,1861
050,08,013,"Colorado","Boulder County",1,67,3499,1678,1821
050,08,013,"Colorado","Boulder County",1,68,3453,1670,1783
050,08,013,"Colorado","Boulder County",1,69,3108,1495,1613
050,08,013,"Colorado","Boulder County",1,70,3066,1471,1595
050,08,013,"Colorado","Boulder County",1,71,2865,1369,1496
050,08,013,"Colorado","Boulder County",1,72,2806,1348,1458
050,08,013,"Colorado","Boulder County",1,73,2814,1345,1469
050,08,013,"Colorado","Boulder County",1,74,1898,930,968
050,08,013,"Colorado","Boulder County",1,75,1888,910,978
050,08,013,"Colorado","Boulder County",1,76,1822,860,962
050,08,013,"Colorado","Boulder County",1,77,1772,793,979
050,08,013,"Colorado","Boulder County",1,78,1438,645,793
050,08,013,"Colorado","Boulder County",1,79,1244,566,678
050,08,013,"Colorado","Boulder County",1,80,1177,543,634
050,08,013,"Colorado","Boulder County",1,81,1111,493,618
050,08,013,"Colorado","Boulder County",1,82,1004,454,550
050,08,013,"Colorado","Boulder County",1,83,897,376,521
050,08,013,"Colorado","Boulder County",1,84,821,332,489
050,08,013,"Colorado","Boulder County",1,85,5112,1769,3343
050,08,013,"Colorado","Boulder County",2,0,2533,1301,1232
050,08,013,"Colorado","Boulder County",2,1,2566,1294,1272
050,08,013,"Colorado","Boulder County",2,2,2666,1331,1335
050,08,013,"Colorado","Boulder County",2,3,2804,1428,1376
050,08,013,"Colorado","Boulder County",2,4,3009,1536,1473
050,08,013,"Colorado","Boulder County",2,5,3083,1569,1514
050,08,013,"Colorado","Boulder County",2,6,3186,1640,1546
050,08,013,"Colorado","Boulder County",2,7,3298,1690,1608
050,08,013,"Colorado","Boulder County",2,8,3333,1719,1614
050,08,013,"Colorado","Boulder County",2,9,3416,1768,1648
050,08,013,"Colorado","Boulder County",2,10,3587,1854,1733
050,08,013,"Colorado","Boulder County",2,11,3683,1901,1782
050,08,013,"Colorado","Boulder County",2,12,3826,1955,1871
050,08,013,"Colorado","Boulder County",2,13,3933,2000,1933
050,08,013,"Colorado","Boulder County",2,14,3988,2042,1946
050,08,013,"Colorado","Boulder County",2,15,3962,2025,1937
050,08,013,"Colorado","Boulder County",2,16,4045,2081,1964
050,08,013,"Colorado","Boulder County",2,17,4093,2128,1965
050,08,013,"Colorado","Boulder County",2,18,7562,3719,3843
050,08,013,"Colorado","Boulder County",2,19,10016,5067,4949
050,08,013,"Colorado","Boulder County",2,20,7802,4027,3775
050,08,013,"Colorado","Boulder County",2,21,7365,3712,3653
050,08,013,"Colorado","Boulder County",2,22,7062,3768,3294
050,08,013,"Colorado","Boulder County",2,23,5883,3167,2716
050,08,013,"Colorado","Boulder County",2,24,5104,2698,2406
050,08,013,"Colorado","Boulder County",2,25,4982,2773,2209
050,08,013,"Colorado","Boulder County",2,26,4684,2521,2163
050,08,013,"Colorado","Boulder County",2,27,4509,2440,2069
050,08,013,"Colorado","Boulder County",2,28,4667,2531,2136
050,08,013,"Colorado","Boulder County",2,29,4716,2560,2156
050,08,013,"Colorado","Boulder County",2,30,4657,2504,2153
050,08,013,"Colorado","Boulder County",2,31,4496,2414,2082
050,08,013,"Colorado","Boulder County",2,32,4317,2300,2017
050,08,013,"Colorado","Boulder County",2,33,4209,2264,1945
050,08,013,"Colorado","Boulder County",2,34,4277,2311,1966
050,08,013,"Colorado","Boulder County",2,35,4245,2274,1971
050,08,013,"Colorado","Boulder County",2,36,4073,2169,1904
050,08,013,"Colorado","Boulder County",2,37,4212,2213,1999
050,08,013,"Colorado","Boulder County",2,38,4151,2149,2002
050,08,013,"Colorado","Boulder County",2,39,4144,2108,2036
050,08,013,"Colorado","Boulder County",2,40,4273,2155,2118
050,08,013,"Colorado","Boulder County",2,41,4171,2077,2094
050,08,013,"Colorado","Boulder County",2,42,4145,2054,2091
050,08,013,"Colorado","Boulder County",2,43,4150,2069,2081
050,08,013,"Colorado","Boulder County",2,44,3944,2003,1941
050,08,013,"Colorado","Boulder County",2,45,4107,2083,2024
050,08,013,"Colorado","Boulder County",2,46,4035,2014,2021
050,08,013,"Colorado","Boulder County",2,47,4042,2005,2037
050,08,013,"Colorado","Boulder County",2,48,4196,2130,2066
050,08,013,"Colorado","Boulder County",2,49,4502,2317,2185
050,08,013,"Colorado","Boulder County",2,50,4595,2376,2219
050,08,013,"Colorado","Boulder County",2,51,4371,2201,2170
050,08,013,"Colorado","Boulder County",2,52,4052,2038,2014
050,08,013,"Colorado","Boulder County",2,53,3962,1997,1965
050,08,013,"Colorado","Boulder County",2,54,3815,1891,1924
050,08,013,"Colorado","Boulder County",2,55,3991,1967,2024
050,08,013,"Colorado","Boulder County",2,56,4069,2026,2043
050,08,013,"Colorado","Boulder County",2,57,4155,2041,2114
050,08,013,"Colorado","Boulder County",2,58,4173,2086,2087
050,08,013,"Colorado","Boulder County",2,59,4232,2112,2120
050,08,013,"Colorado","Boulder County",2,60,4231,2110,2121
050,08,013,"Colorado","Boulder County",2,61,4089,2038,2051
050,08,013,"Colorado","Boulder County",2,62,4012,1984,2028
050,08,013,"Colorado","Boulder County",2,63,3970,1947,2023
050,08,013,"Colorado","Boulder County",2,64,3861,1871,1990
050,08,013,"Colorado","Boulder County",2,65,3791,1844,1947
050,08,013,"Colorado","Boulder County",2,66,3619,1738,1881
050,08,013,"Colorado","Boulder County",2,67,3496,1673,1823
050,08,013,"Colorado","Boulder County",2,68,3430,1658,1772
050,08,013,"Colorado","Boulder County",2,69,3207,1543,1664
050,08,013,"Colorado","Boulder County",2,70,3058,1466,1592
050,08,013,"Colorado","Boulder County",2,71,2902,1379,1523
050,08,013,"Colorado","Boulder County",2,72,2770,1325,1445
050,08,013,"Colorado","Boulder County",2,73,2936,1401,1535
050,08,013,"Colorado","Boulder County",2,74,1983,963,1020
050,08,013,"Colorado","Boulder County",2,75,1892,909,983
050,08,013,"Colorado","Boulder County",2,76,1812,863,949
050,08,013,"Colorado","Boulder County",2,77,1823,823,1000
050,08,013,"Colorado","Boulder County",2,78,1486,666,820
050,08,013,"Colorado","Boulder County",2,79,1271,576,695
050,08,013,"Colorado","Boulder County",2,80,1186,537,649
050,08,013,"Colorado","Boulder County",2,81,1115,498,617
050,08,013,"Colorado","Boulder County",2,82,1012,455,557
050,08,013,"Colorado","Boulder County",2,83,911,384,527
050,08,013,"Colorado","Boulder County",2,84,825,333,492
050,08,013,"Colorado","Boulder County",2,85,5126,1778,3348
050,08,013,"Colorado","Boulder County",3,0,2502,1245,1257
050,08,013,"Colorado","Boulder County",3,1,2487,1297,1190
050,08,013,"Colorado","Boulder County",3,2,2605,1323,1282
050,08,013,"Colorado","Boulder County",3,3,2699,1357,1342
050,08,013,"Colorado","Boulder County",3,4,2797,1429,1368
050,08,013,"Colorado","Boulder County",3,5,3059,1573,1486
050,08,013,"Colorado","Boulder County",3,6,3067,1569,1498
050,08,013,"Colorado","Boulder County",3,7,3214,1641,1573
050,08,013,"Colorado","Boulder County",3,8,3278,1653,1625
050,08,013,"Colorado","Boulder County",3,9,3320,1717,1603
050,08,013,"Colorado","Boulder County",3,10,3369,1764,1605
050,08,013,"Colorado","Boulder County",3,11,3618,1875,1743
050,08,013,"Colorado","Boulder County",3,12,3650,1897,1753
050,08,013,"Colorado","Boulder County",3,13,3815,1947,1868
050,08,013,"Colorado","Boulder County",3,14,3903,1969,1934
050,08,013,"Colorado","Boulder County",3,15,3936,2011,1925
050,08,013,"Colorado","Boulder County",3,16,3920,2003,1917
050,08,013,"Colorado","Boulder County",3,17,4060,2065,1995
050,08,013,"Colorado","Boulder County",3,18,6614,3282,3332
050,08,013,"Colorado","Boulder County",3,19,8524,4295,4229
050,08,013,"Colorado","Boulder County",3,20,7473,3907,3566
050,08,013,"Colorado","Boulder County",3,21,7374,3747,3627
050,08,013,"Colorado","Boulder County",3,22,6997,3742,3255
050,08,013,"Colorado","Boulder County",3,23,5756,3125,2631
050,08,013,"Colorado","Boulder County",3,24,5036,2621,2415
050,08,013,"Colorado","Boulder County",3,25,4958,2744,2214
050,08,013,"Colorado","Boulder County",3,26,4480,2383,2097
050,08,013,"Colorado","Boulder County",3,27,4350,2294,2056
050,08,013,"Colorado","Boulder County",3,28,4420,2370,2050
050,08,013,"Colorado","Boulder County",3,29,4666,2553,2113
050,08,013,"Colorado","Boulder County",3,30,4617,2492,2125
050,08,013,"Colorado","Boulder County",3,31,4564,2384,2180
050,08,013,"Colorado","Boulder County",3,32,4386,2368,2018
050,08,013,"Colorado","Boulder County",3,33,4253,2247,2006
050,08,013,"Colorado","Boulder County",3,34,4204,2237,1967
050,08,013,"Colorado","Boulder County",3,35,4229,2253,1976
050,08,013,"Colorado","Boulder County",3,36,4226,2273,1953
050,08,013,"Colorado","Boulder County",3,37,4150,2206,1944
050,08,013,"Colorado","Boulder County",3,38,4237,2217,2020
050,08,013,"Colorado","Boulder County",3,39,4074,2081,1993
050,08,013,"Colorado","Boulder County",3,40,4203,2166,2037
050,08,013,"Colorado","Boulder County",3,41,4239,2122,2117
050,08,013,"Colorado","Boulder County",3,42,4130,2075,2055
050,08,013,"Colorado","Boulder County",3,43,4138,2081,2057
050,08,013,"Colorado","Boulder County",3,44,4130,2043,2087
050,08,013,"Colorado","Boulder County",3,45,3975,2008,1967
050,08,013,"Colorado","Boulder County",3,46,4066,2036,2030
050,08,013,"Colorado","Boulder County",3,47,3972,1972,2000
050,08,013,"Colorado","Boulder County",3,48,4019,1996,2023
050,08,013,"Colorado","Boulder County",3,49,4154,2121,2033
050,08,013,"Colorado","Boulder County",3,50,4484,2327,2157
050,08,013,"Colorado","Boulder County",3,51,4484,2308,2176
050,08,013,"Colorado","Boulder County",3,52,4294,2160,2134
050,08,013,"Colorado","Boulder County",3,53,3995,2033,1962
050,08,013,"Colorado","Boulder County",3,54,3916,1981,1935
050,08,013,"Colorado","Boulder County",3,55,3820,1886,1934
050,08,013,"Colorado","Boulder County",3,56,3935,1930,2005
050,08,013,"Colorado","Boulder County",3,57,4025,2010,2015
050,08,013,"Colorado","Boulder County",3,58,4079,1991,2088
050,08,013,"Colorado","Boulder County",3,59,4090,2048,2042
050,08,013,"Colorado","Boulder County",3,60,4166,2076,2090
050,08,013,"Colorado","Boulder County",3,61,4153,2046,2107
050,08,013,"Colorado","Boulder County",3,62,4008,1996,2012
050,08,013,"Colorado","Boulder County",3,63,3957,1956,2001
050,08,013,"Colorado","Boulder County",3,64,3925,1922,2003
050,08,013,"Colorado","Boulder County",3,65,3802,1843,1959
050,08,013,"Colorado","Boulder County",3,66,3731,1805,1926
050,08,013,"Colorado","Boulder County",3,67,3540,1689,1851
050,08,013,"Colorado","Boulder County",3,68,3481,1663,1818
050,08,013,"Colorado","Boulder County",3,69,3393,1631,1762
050,08,013,"Colorado","Boulder County",3,70,3132,1507,1625
050,08,013,"Colorado","Boulder County",3,71,3016,1443,1573
050,08,013,"Colorado","Boulder County",3,72,2845,1341,1504
050,08,013,"Colorado","Boulder County",3,73,2760,1308,1452
050,08,013,"Colorado","Boulder County",3,74,2877,1366,1511
050,08,013,"Colorado","Boulder County",3,75,1957,929,1028
050,08,013,"Colorado","Boulder County",3,76,1846,903,943
050,08,013,"Colorado","Boulder County",3,77,1786,828,958
050,08,013,"Colorado","Boulder County",3,78,1758,789,969
050,08,013,"Colorado","Boulder County",3,79,1430,635,795
050,08,013,"Colorado","Boulder County",3,80,1263,574,689
050,08,013,"Colorado","Boulder County",3,81,1151,513,638
050,08,013,"Colorado","Boulder County",3,82,1053,478,575
050,08,013,"Colorado","Boulder County",3,83,970,426,544
050,08,013,"Colorado","Boulder County",3,84,866,362,504
050,08,013,"Colorado","Boulder County",3,85,5183,1809,3374
050,08,013,"Colorado","Boulder County",4,0,2496,1254,1242
050,08,013,"Colorado","Boulder County",4,1,2413,1225,1188
050,08,013,"Colorado","Boulder County",4,2,2474,1281,1193
050,08,013,"Colorado","Boulder County",4,3,2575,1308,1267
050,08,013,"Colorado","Boulder County",4,4,2673,1331,1342
050,08,013,"Colorado","Boulder County",4,5,2845,1446,1399
050,08,013,"Colorado","Boulder County",4,6,3021,1567,1454
050,08,013,"Colorado","Boulder County",4,7,3080,1565,1515
050,08,013,"Colorado","Boulder County",4,8,3207,1628,1579
050,08,013,"Colorado","Boulder County",4,9,3264,1637,1627
050,08,013,"Colorado","Boulder County",4,10,3328,1712,1616
050,08,013,"Colorado","Boulder County",4,11,3348,1717,1631
050,08,013,"Colorado","Boulder County",4,12,3564,1845,1719
050,08,013,"Colorado","Boulder County",4,13,3633,1886,1747
050,08,013,"Colorado","Boulder County",4,14,3816,1944,1872
050,08,013,"Colorado","Boulder County",4,15,3857,1955,1902
050,08,013,"Colorado","Boulder County",4,16,3941,2023,1918
050,08,013,"Colorado","Boulder County",4,17,3967,2019,1948
050,08,013,"Colorado","Boulder County",4,18,7338,3571,3767
050,08,013,"Colorado","Boulder County",4,19,9661,4888,4773
050,08,013,"Colorado","Boulder County",4,20,7766,4024,3742
050,08,013,"Colorado","Boulder County",4,21,7494,3796,3698
050,08,013,"Colorado","Boulder County",4,22,7167,3843,3324
050,08,013,"Colorado","Boulder County",4,23,5880,3120,2760
050,08,013,"Colorado","Boulder County",4,24,4969,2619,2350
050,08,013,"Colorado","Boulder County",4,25,4836,2624,2212
050,08,013,"Colorado","Boulder County",4,26,4537,2445,2092
050,08,013,"Colorado","Boulder County",4,27,4203,2302,1901
050,08,013,"Colorado","Boulder County",4,28,4317,2285,2032
050,08,013,"Colorado","Boulder County",4,29,4272,2320,1952
050,08,013,"Colorado","Boulder County",4,30,4529,2440,2089
050,08,013,"Colorado","Boulder County",4,31,4523,2442,2081
050,08,013,"Colorado","Boulder County",4,32,4528,2371,2157
050,08,013,"Colorado","Boulder County",4,33,4325,2321,2004
050,08,013,"Colorado","Boulder County",4,34,4216,2219,1997
050,08,013,"Colorado","Boulder County",4,35,4195,2228,1967
050,08,013,"Colorado","Boulder County",4,36,4131,2192,1939
050,08,013,"Colorado","Boulder County",4,37,4169,2227,1942
050,08,013,"Colorado","Boulder County",4,38,4087,2144,1943
050,08,013,"Colorado","Boulder County",4,39,4192,2192,2000
050,08,013,"Colorado","Boulder County",4,40,4068,2102,1966
050,08,013,"Colorado","Boulder County",4,41,4135,2109,2026
050,08,013,"Colorado","Boulder County",4,42,4213,2088,2125
050,08,013,"Colorado","Boulder County",4,43,4099,2041,2058
050,08,013,"Colorado","Boulder County",4,44,4038,2031,2007
050,08,013,"Colorado","Boulder County",4,45,4104,2042,2062
050,08,013,"Colorado","Boulder County",4,46,3898,1971,1927
050,08,013,"Colorado","Boulder County",4,47,4019,2005,2014
050,08,013,"Colorado","Boulder County",4,48,3886,1939,1947
050,08,013,"Colorado","Boulder County",4,49,3979,1971,2008
050,08,013,"Colorado","Boulder County",4,50,4108,2118,1990
050,08,013,"Colorado","Boulder County",4,51,4413,2273,2140
050,08,013,"Colorado","Boulder County",4,52,4382,2253,2129
050,08,013,"Colorado","Boulder County",4,53,4222,2111,2111
050,08,013,"Colorado","Boulder County",4,54,3918,2003,1915
050,08,013,"Colorado","Boulder County",4,55,3856,1938,1918
050,08,013,"Colorado","Boulder County",4,56,3752,1850,1902
050,08,013,"Colorado","Boulder County",4,57,3841,1876,1965
050,08,013,"Colorado","Boulder County",4,58,3950,1958,1992
050,08,013,"Colorado","Boulder County",4,59,4000,1939,2061
050,08,013,"Colorado","Boulder County",4,60,4000,2020,1980
050,08,013,"Colorado","Boulder County",4,61,4024,1990,2034
050,08,013,"Colorado","Boulder County",4,62,4032,1977,2055
050,08,013,"Colorado","Boulder County",4,63,3923,1931,1992
050,08,013,"Colorado","Boulder County",4,64,3884,1902,1982
050,08,013,"Colorado","Boulder County",4,65,3820,1879,1941
050,08,013,"Colorado","Boulder County",4,66,3700,1787,1913
050,08,013,"Colorado","Boulder County",4,67,3630,1742,1888
050,08,013,"Colorado","Boulder County",4,68,3478,1636,1842
050,08,013,"Colorado","Boulder County",4,69,3432,1621,1811
050,08,013,"Colorado","Boulder County",4,70,3321,1599,1722
050,08,013,"Colorado","Boulder County",4,71,3060,1476,1584
050,08,013,"Colorado","Boulder County",4,72,2944,1391,1553
050,08,013,"Colorado","Boulder County",4,73,2810,1314,1496
050,08,013,"Colorado","Boulder County",4,74,2706,1280,1426
050,08,013,"Colorado","Boulder County",4,75,2827,1321,1506
050,08,013,"Colorado","Boulder County",4,76,1916,919,997
050,08,013,"Colorado","Boulder County",4,77,1823,863,960
050,08,013,"Colorado","Boulder County",4,78,1731,804,927
050,08,013,"Colorado","Boulder County",4,79,1692,753,939
050,08,013,"Colorado","Boulder County",4,80,1399,628,771
050,08,013,"Colorado","Boulder County",4,81,1214,536,678
050,08,013,"Colorado","Boulder County",4,82,1090,493,597
050,08,013,"Colorado","Boulder County",4,83,973,414,559
050,08,013,"Colorado","Boulder County",4,84,924,397,527
050,08,013,"Colorado","Boulder County",4,85,5268,1879,3389
050,08,013,"Colorado","Boulder County",5,0,2499,1258,1241
050,08,013,"Colorado","Boulder County",5,1,2423,1236,1187
050,08,013,"Colorado","Boulder County",5,2,2377,1215,1162
050,08,013,"Colorado","Boulder County",5,3,2471,1299,1172
050,08,013,"Colorado","Boulder County",5,4,2530,1309,1221
050,08,013,"Colorado","Boulder County",5,5,2636,1332,1304
050,08,013,"Colorado","Boulder County",5,6,2870,1480,1390
050,08,013,"Colorado","Boulder County",5,7,2998,1547,1451
050,08,013,"Colorado","Boulder County",5,8,3085,1569,1516
050,08,013,"Colorado","Boulder County",5,9,3182,1614,1568
050,08,013,"Colorado","Boulder County",5,10,3223,1602,1621
050,08,013,"Colorado","Boulder County",5,11,3284,1682,1602
050,08,013,"Colorado","Boulder County",5,12,3313,1710,1603
050,08,013,"Colorado","Boulder County",5,13,3536,1813,1723
050,08,013,"Colorado","Boulder County",5,14,3600,1852,1748
050,08,013,"Colorado","Boulder County",5,15,3817,1923,1894
050,08,013,"Colorado","Boulder County",5,16,3894,1977,1917
050,08,013,"Colorado","Boulder County",5,17,3969,2012,1957
050,08,013,"Colorado","Boulder County",5,18,7465,3639,3826
050,08,013,"Colorado","Boulder County",5,19,10026,5045,4981
050,08,013,"Colorado","Boulder County",5,20,7882,4083,3799
050,08,013,"Colorado","Boulder County",5,21,7524,3795,3729
050,08,013,"Colorado","Boulder County",5,22,7259,3866,3393
050,08,013,"Colorado","Boulder County",5,23,5940,3243,2697
050,08,013,"Colorado","Boulder County",5,24,5105,2632,2473
050,08,013,"Colorado","Boulder County",5,25,4821,2633,2188
050,08,013,"Colorado","Boulder County",5,26,4504,2385,2119
050,08,013,"Colorado","Boulder County",5,27,4282,2304,1978
050,08,013,"Colorado","Boulder County",5,28,4117,2210,1907
050,08,013,"Colorado","Boulder County",5,29,4206,2230,1976
050,08,013,"Colorado","Boulder County",5,30,4316,2322,1994
050,08,013,"Colorado","Boulder County",5,31,4364,2293,2071
050,08,013,"Colorado","Boulder County",5,32,4439,2411,2028
050,08,013,"Colorado","Boulder County",5,33,4470,2317,2153
050,08,013,"Colorado","Boulder County",5,34,4313,2282,2031
050,08,013,"Colorado","Boulder County",5,35,4165,2195,1970
050,08,013,"Colorado","Boulder County",5,36,4103,2155,1948
050,08,013,"Colorado","Boulder County",5,37,4145,2205,1940
050,08,013,"Colorado","Boulder County",5,38,4167,2204,1963
050,08,013,"Colorado","Boulder County",5,39,4059,2115,1944
050,08,013,"Colorado","Boulder County",5,40,4217,2211,2006
050,08,013,"Colorado","Boulder County",5,41,3957,2013,1944
050,08,013,"Colorado","Boulder County",5,42,4091,2074,2017
050,08,013,"Colorado","Boulder County",5,43,4094,2027,2067
050,08,013,"Colorado","Boulder County",5,44,4060,2028,2032
050,08,013,"Colorado","Boulder County",5,45,4042,2027,2015
050,08,013,"Colorado","Boulder County",5,46,4045,2016,2029
050,08,013,"Colorado","Boulder County",5,47,3868,1954,1914
050,08,013,"Colorado","Boulder County",5,48,3936,1960,1976
050,08,013,"Colorado","Boulder County",5,49,3802,1883,1919
050,08,013,"Colorado","Boulder County",5,50,4009,2000,2009
050,08,013,"Colorado","Boulder County",5,51,4034,2083,1951
050,08,013,"Colorado","Boulder County",5,52,4325,2218,2107
050,08,013,"Colorado","Boulder County",5,53,4368,2256,2112
050,08,013,"Colorado","Boulder County",5,54,4189,2094,2095
050,08,013,"Colorado","Boulder County",5,55,3929,2007,1922
050,08,013,"Colorado","Boulder County",5,56,3774,1898,1876
050,08,013,"Colorado","Boulder County",5,57,3666,1796,1870
050,08,013,"Colorado","Boulder County",5,58,3750,1830,1920
050,08,013,"Colorado","Boulder County",5,59,3871,1912,1959
050,08,013,"Colorado","Boulder County",5,60,3939,1909,2030
050,08,013,"Colorado","Boulder County",5,61,3941,1985,1956
050,08,013,"Colorado","Boulder County",5,62,3975,1967,2008
050,08,013,"Colorado","Boulder County",5,63,3972,1953,2019
050,08,013,"Colorado","Boulder County",5,64,3834,1891,1943
050,08,013,"Colorado","Boulder County",5,65,3774,1848,1926
050,08,013,"Colorado","Boulder County",5,66,3775,1851,1924
050,08,013,"Colorado","Boulder County",5,67,3590,1722,1868
050,08,013,"Colorado","Boulder County",5,68,3578,1698,1880
050,08,013,"Colorado","Boulder County",5,69,3419,1594,1825
050,08,013,"Colorado","Boulder County",5,70,3367,1589,1778
050,08,013,"Colorado","Boulder County",5,71,3243,1560,1683
050,08,013,"Colorado","Boulder County",5,72,3009,1445,1564
050,08,013,"Colorado","Boulder County",5,73,2919,1372,1547
050,08,013,"Colorado","Boulder County",5,74,2770,1288,1482
050,08,013,"Colorado","Boulder County",5,75,2642,1239,1403
050,08,013,"Colorado","Boulder County",5,76,2760,1301,1459
050,08,013,"Colorado","Boulder County",5,77,1886,885,1001
050,08,013,"Colorado","Boulder County",5,78,1763,835,928
050,08,013,"Colorado","Boulder County",5,79,1653,765,888
050,08,013,"Colorado","Boulder County",5,80,1655,737,918
050,08,013,"Colorado","Boulder County",5,81,1348,595,753
050,08,013,"Colorado","Boulder County",5,82,1148,507,641
050,08,013,"Colorado","Boulder County",5,83,1016,446,570
050,08,013,"Colorado","Boulder County",5,84,937,396,541
050,08,013,"Colorado","Boulder County",5,85,5512,2004,3508
050,08,014,"Colorado","Broomfield County",1,0,690,353,337
050,08,014,"Colorado","Broomfield County",1,1,659,339,320
050,08,014,"Colorado","Broomfield County",1,2,707,356,351
050,08,014,"Colorado","Broomfield County",1,3,752,367,385
050,08,014,"Colorado","Broomfield County",1,4,807,395,412
050,08,014,"Colorado","Broomfield County",1,5,825,431,394
050,08,014,"Colorado","Broomfield County",1,6,833,419,414
050,08,014,"Colorado","Broomfield County",1,7,898,443,455
050,08,014,"Colorado","Broomfield County",1,8,886,456,430
050,08,014,"Colorado","Broomfield County",1,9,931,493,438
050,08,014,"Colorado","Broomfield County",1,10,915,483,432
050,08,014,"Colorado","Broomfield County",1,11,992,525,467
050,08,014,"Colorado","Broomfield County",1,12,1094,549,545
050,08,014,"Colorado","Broomfield County",1,13,1068,542,526
050,08,014,"Colorado","Broomfield County",1,14,1090,549,541
050,08,014,"Colorado","Broomfield County",1,15,1058,548,510
050,08,014,"Colorado","Broomfield County",1,16,1057,553,504
050,08,014,"Colorado","Broomfield County",1,17,1033,536,497
050,08,014,"Colorado","Broomfield County",1,18,845,459,386
050,08,014,"Colorado","Broomfield County",1,19,694,349,345
050,08,014,"Colorado","Broomfield County",1,20,718,359,359
050,08,014,"Colorado","Broomfield County",1,21,717,358,359
050,08,014,"Colorado","Broomfield County",1,22,751,381,370
050,08,014,"Colorado","Broomfield County",1,23,899,461,438
050,08,014,"Colorado","Broomfield County",1,24,1019,509,510
050,08,014,"Colorado","Broomfield County",1,25,1085,565,520
050,08,014,"Colorado","Broomfield County",1,26,1166,599,567
050,08,014,"Colorado","Broomfield County",1,27,1214,656,558
050,08,014,"Colorado","Broomfield County",1,28,1201,626,575
050,08,014,"Colorado","Broomfield County",1,29,1239,676,563
050,08,014,"Colorado","Broomfield County",1,30,1241,684,557
050,08,014,"Colorado","Broomfield County",1,31,1157,643,514
050,08,014,"Colorado","Broomfield County",1,32,1158,630,528
050,08,014,"Colorado","Broomfield County",1,33,1122,597,525
050,08,014,"Colorado","Broomfield County",1,34,1156,624,532
050,08,014,"Colorado","Broomfield County",1,35,1083,563,520
050,08,014,"Colorado","Broomfield County",1,36,1027,531,496
050,08,014,"Colorado","Broomfield County",1,37,1047,546,501
050,08,014,"Colorado","Broomfield County",1,38,1055,549,506
050,08,014,"Colorado","Broomfield County",1,39,1101,579,522
050,08,014,"Colorado","Broomfield County",1,40,1109,549,560
050,08,014,"Colorado","Broomfield County",1,41,1061,530,531
050,08,014,"Colorado","Broomfield County",1,42,1116,535,581
050,08,014,"Colorado","Broomfield County",1,43,1115,555,560
050,08,014,"Colorado","Broomfield County",1,44,1082,555,527
050,08,014,"Colorado","Broomfield County",1,45,1067,552,515
050,08,014,"Colorado","Broomfield County",1,46,1017,544,473
050,08,014,"Colorado","Broomfield County",1,47,1004,506,498
050,08,014,"Colorado","Broomfield County",1,48,1112,581,531
050,08,014,"Colorado","Broomfield County",1,49,1163,604,559
050,08,014,"Colorado","Broomfield County",1,50,1108,577,531
050,08,014,"Colorado","Broomfield County",1,51,981,497,484
050,08,014,"Colorado","Broomfield County",1,52,938,475,463
050,08,014,"Colorado","Broomfield County",1,53,887,452,435
050,08,014,"Colorado","Broomfield County",1,54,866,436,430
050,08,014,"Colorado","Broomfield County",1,55,891,448,443
050,08,014,"Colorado","Broomfield County",1,56,912,464,448
050,08,014,"Colorado","Broomfield County",1,57,939,479,460
050,08,014,"Colorado","Broomfield County",1,58,867,433,434
050,08,014,"Colorado","Broomfield County",1,59,856,420,436
050,08,014,"Colorado","Broomfield County",1,60,869,433,436
050,08,014,"Colorado","Broomfield County",1,61,861,421,440
050,08,014,"Colorado","Broomfield County",1,62,854,418,436
050,08,014,"Colorado","Broomfield County",1,63,817,407,410
050,08,014,"Colorado","Broomfield County",1,64,827,388,439
050,08,014,"Colorado","Broomfield County",1,65,780,366,414
050,08,014,"Colorado","Broomfield County",1,66,715,341,374
050,08,014,"Colorado","Broomfield County",1,67,698,312,386
050,08,014,"Colorado","Broomfield County",1,68,725,338,387
050,08,014,"Colorado","Broomfield County",1,69,639,291,348
050,08,014,"Colorado","Broomfield County",1,70,642,280,362
050,08,014,"Colorado","Broomfield County",1,71,643,293,350
050,08,014,"Colorado","Broomfield County",1,72,646,290,356
050,08,014,"Colorado","Broomfield County",1,73,651,296,355
050,08,014,"Colorado","Broomfield County",1,74,466,201,265
050,08,014,"Colorado","Broomfield County",1,75,438,195,243
050,08,014,"Colorado","Broomfield County",1,76,417,188,229
050,08,014,"Colorado","Broomfield County",1,77,384,172,212
050,08,014,"Colorado","Broomfield County",1,78,347,139,208
050,08,014,"Colorado","Broomfield County",1,79,270,108,162
050,08,014,"Colorado","Broomfield County",1,80,253,112,141
050,08,014,"Colorado","Broomfield County",1,81,258,121,137
050,08,014,"Colorado","Broomfield County",1,82,239,109,130
050,08,014,"Colorado","Broomfield County",1,83,220,99,121
050,08,014,"Colorado","Broomfield County",1,84,206,83,123
050,08,014,"Colorado","Broomfield County",1,85,1159,379,780
050,08,014,"Colorado","Broomfield County",2,0,660,332,328
050,08,014,"Colorado","Broomfield County",2,1,669,345,324
050,08,014,"Colorado","Broomfield County",2,2,694,351,343
050,08,014,"Colorado","Broomfield County",2,3,743,366,377
050,08,014,"Colorado","Broomfield County",2,4,805,398,407
050,08,014,"Colorado","Broomfield County",2,5,819,422,397
050,08,014,"Colorado","Broomfield County",2,6,840,427,413
050,08,014,"Colorado","Broomfield County",2,7,883,439,444
050,08,014,"Colorado","Broomfield County",2,8,896,455,441
050,08,014,"Colorado","Broomfield County",2,9,925,486,439
050,08,014,"Colorado","Broomfield County",2,10,920,485,435
050,08,014,"Colorado","Broomfield County",2,11,975,516,459
050,08,014,"Colorado","Broomfield County",2,12,1081,552,529
050,08,014,"Colorado","Broomfield County",2,13,1081,545,536
050,08,014,"Colorado","Broomfield County",2,14,1091,554,537
050,08,014,"Colorado","Broomfield County",2,15,1063,546,517
050,08,014,"Colorado","Broomfield County",2,16,1060,552,508
050,08,014,"Colorado","Broomfield County",2,17,1040,541,499
050,08,014,"Colorado","Broomfield County",2,18,853,457,396
050,08,014,"Colorado","Broomfield County",2,19,700,358,342
050,08,014,"Colorado","Broomfield County",2,20,736,369,367
050,08,014,"Colorado","Broomfield County",2,21,731,366,365
050,08,014,"Colorado","Broomfield County",2,22,776,393,383
050,08,014,"Colorado","Broomfield County",2,23,903,461,442
050,08,014,"Colorado","Broomfield County",2,24,1020,516,504
050,08,014,"Colorado","Broomfield County",2,25,1096,566,530
050,08,014,"Colorado","Broomfield County",2,26,1173,611,562
050,08,014,"Colorado","Broomfield County",2,27,1207,643,564
050,08,014,"Colorado","Broomfield County",2,28,1217,645,572
050,08,014,"Colorado","Broomfield County",2,29,1239,672,567
050,08,014,"Colorado","Broomfield County",2,30,1244,686,558
050,08,014,"Colorado","Broomfield County",2,31,1182,655,527
050,08,014,"Colorado","Broomfield County",2,32,1168,637,531
050,08,014,"Colorado","Broomfield County",2,33,1137,607,530
050,08,014,"Colorado","Broomfield County",2,34,1157,622,535
050,08,014,"Colorado","Broomfield County",2,35,1111,582,529
050,08,014,"Colorado","Broomfield County",2,36,1038,537,501
050,08,014,"Colorado","Broomfield County",2,37,1050,546,504
050,08,014,"Colorado","Broomfield County",2,38,1066,557,509
050,08,014,"Colorado","Broomfield County",2,39,1093,574,519
050,08,014,"Colorado","Broomfield County",2,40,1117,559,558
050,08,014,"Colorado","Broomfield County",2,41,1074,530,544
050,08,014,"Colorado","Broomfield County",2,42,1099,531,568
050,08,014,"Colorado","Broomfield County",2,43,1125,555,570
050,08,014,"Colorado","Broomfield County",2,44,1078,552,526
050,08,014,"Colorado","Broomfield County",2,45,1078,559,519
050,08,014,"Colorado","Broomfield County",2,46,1029,544,485
050,08,014,"Colorado","Broomfield County",2,47,1009,518,491
050,08,014,"Colorado","Broomfield County",2,48,1088,566,522
050,08,014,"Colorado","Broomfield County",2,49,1156,604,552
050,08,014,"Colorado","Broomfield County",2,50,1121,585,536
050,08,014,"Colorado","Broomfield County",2,51,1006,514,492
050,08,014,"Colorado","Broomfield County",2,52,944,477,467
050,08,014,"Colorado","Broomfield County",2,53,901,458,443
050,08,014,"Colorado","Broomfield County",2,54,872,441,431
050,08,014,"Colorado","Broomfield County",2,55,884,446,438
050,08,014,"Colorado","Broomfield County",2,56,912,462,450
050,08,014,"Colorado","Broomfield County",2,57,928,475,453
050,08,014,"Colorado","Broomfield County",2,58,887,446,441
050,08,014,"Colorado","Broomfield County",2,59,867,427,440
050,08,014,"Colorado","Broomfield County",2,60,867,426,441
050,08,014,"Colorado","Broomfield County",2,61,861,419,442
050,08,014,"Colorado","Broomfield County",2,62,865,425,440
050,08,014,"Colorado","Broomfield County",2,63,837,415,422
050,08,014,"Colorado","Broomfield County",2,64,820,388,432
050,08,014,"Colorado","Broomfield County",2,65,786,371,415
050,08,014,"Colorado","Broomfield County",2,66,731,346,385
050,08,014,"Colorado","Broomfield County",2,67,705,322,383
050,08,014,"Colorado","Broomfield County",2,68,713,328,385
050,08,014,"Colorado","Broomfield County",2,69,662,303,359
050,08,014,"Colorado","Broomfield County",2,70,642,283,359
050,08,014,"Colorado","Broomfield County",2,71,646,289,357
050,08,014,"Colorado","Broomfield County",2,72,637,289,348
050,08,014,"Colorado","Broomfield County",2,73,683,307,376
050,08,014,"Colorado","Broomfield County",2,74,484,212,272
050,08,014,"Colorado","Broomfield County",2,75,440,195,245
050,08,014,"Colorado","Broomfield County",2,76,416,188,228
050,08,014,"Colorado","Broomfield County",2,77,405,184,221
050,08,014,"Colorado","Broomfield County",2,78,346,140,206
050,08,014,"Colorado","Broomfield County",2,79,285,116,169
050,08,014,"Colorado","Broomfield County",2,80,255,110,145
050,08,014,"Colorado","Broomfield County",2,81,256,121,135
050,08,014,"Colorado","Broomfield County",2,82,239,110,129
050,08,014,"Colorado","Broomfield County",2,83,220,99,121
050,08,014,"Colorado","Broomfield County",2,84,208,87,121
050,08,014,"Colorado","Broomfield County",2,85,1164,382,782
050,08,014,"Colorado","Broomfield County",3,0,656,329,327
050,08,014,"Colorado","Broomfield County",3,1,642,336,306
050,08,014,"Colorado","Broomfield County",3,2,671,348,323
050,08,014,"Colorado","Broomfield County",3,3,707,348,359
050,08,014,"Colorado","Broomfield County",3,4,755,385,370
050,08,014,"Colorado","Broomfield County",3,5,789,391,398
050,08,014,"Colorado","Broomfield County",3,6,828,426,402
050,08,014,"Colorado","Broomfield County",3,7,863,435,428
050,08,014,"Colorado","Broomfield County",3,8,899,439,460
050,08,014,"Colorado","Broomfield County",3,9,923,465,458
050,08,014,"Colorado","Broomfield County",3,10,944,489,455
050,08,014,"Colorado","Broomfield County",3,11,926,477,449
050,08,014,"Colorado","Broomfield County",3,12,963,520,443
050,08,014,"Colorado","Broomfield County",3,13,1089,550,539
050,08,014,"Colorado","Broomfield County",3,14,1079,544,535
050,08,014,"Colorado","Broomfield County",3,15,1091,555,536
050,08,014,"Colorado","Broomfield County",3,16,1059,537,522
050,08,014,"Colorado","Broomfield County",3,17,1057,553,504
050,08,014,"Colorado","Broomfield County",3,18,894,480,414
050,08,014,"Colorado","Broomfield County",3,19,727,380,347
050,08,014,"Colorado","Broomfield County",3,20,780,392,388
050,08,014,"Colorado","Broomfield County",3,21,776,385,391
050,08,014,"Colorado","Broomfield County",3,22,823,394,429
050,08,014,"Colorado","Broomfield County",3,23,962,489,473
050,08,014,"Colorado","Broomfield County",3,24,1060,543,517
050,08,014,"Colorado","Broomfield County",3,25,1091,562,529
050,08,014,"Colorado","Broomfield County",3,26,1168,631,537
050,08,014,"Colorado","Broomfield County",3,27,1201,620,581
050,08,014,"Colorado","Broomfield County",3,28,1241,650,591
050,08,014,"Colorado","Broomfield County",3,29,1233,669,564
050,08,014,"Colorado","Broomfield County",3,30,1222,664,558
050,08,014,"Colorado","Broomfield County",3,31,1300,712,588
050,08,014,"Colorado","Broomfield County",3,32,1188,672,516
050,08,014,"Colorado","Broomfield County",3,33,1157,622,535
050,08,014,"Colorado","Broomfield County",3,34,1141,608,533
050,08,014,"Colorado","Broomfield County",3,35,1211,650,561
050,08,014,"Colorado","Broomfield County",3,36,1119,603,516
050,08,014,"Colorado","Broomfield County",3,37,1053,548,505
050,08,014,"Colorado","Broomfield County",3,38,1078,562,516
050,08,014,"Colorado","Broomfield County",3,39,1066,547,519
050,08,014,"Colorado","Broomfield County",3,40,1098,585,513
050,08,014,"Colorado","Broomfield County",3,41,1127,558,569
050,08,014,"Colorado","Broomfield County",3,42,1085,551,534
050,08,014,"Colorado","Broomfield County",3,43,1103,516,587
050,08,014,"Colorado","Broomfield County",3,44,1129,574,555
050,08,014,"Colorado","Broomfield County",3,45,1080,558,522
050,08,014,"Colorado","Broomfield County",3,46,1082,541,541
050,08,014,"Colorado","Broomfield County",3,47,1006,538,468
050,08,014,"Colorado","Broomfield County",3,48,992,505,487
050,08,014,"Colorado","Broomfield County",3,49,1079,558,521
050,08,014,"Colorado","Broomfield County",3,50,1142,601,541
050,08,014,"Colorado","Broomfield County",3,51,1117,583,534
050,08,014,"Colorado","Broomfield County",3,52,1004,507,497
050,08,014,"Colorado","Broomfield County",3,53,959,496,463
050,08,014,"Colorado","Broomfield County",3,54,896,458,438
050,08,014,"Colorado","Broomfield County",3,55,892,444,448
050,08,014,"Colorado","Broomfield County",3,56,856,427,429
050,08,014,"Colorado","Broomfield County",3,57,872,441,431
050,08,014,"Colorado","Broomfield County",3,58,915,476,439
050,08,014,"Colorado","Broomfield County",3,59,890,452,438
050,08,014,"Colorado","Broomfield County",3,60,876,432,444
050,08,014,"Colorado","Broomfield County",3,61,845,408,437
050,08,014,"Colorado","Broomfield County",3,62,852,409,443
050,08,014,"Colorado","Broomfield County",3,63,854,416,438
050,08,014,"Colorado","Broomfield County",3,64,844,417,427
050,08,014,"Colorado","Broomfield County",3,65,776,375,401
050,08,014,"Colorado","Broomfield County",3,66,776,357,419
050,08,014,"Colorado","Broomfield County",3,67,722,347,375
050,08,014,"Colorado","Broomfield County",3,68,699,312,387
050,08,014,"Colorado","Broomfield County",3,69,700,328,372
050,08,014,"Colorado","Broomfield County",3,70,641,293,348
050,08,014,"Colorado","Broomfield County",3,71,631,272,359
050,08,014,"Colorado","Broomfield County",3,72,644,293,351
050,08,014,"Colorado","Broomfield County",3,73,628,289,339
050,08,014,"Colorado","Broomfield County",3,74,676,305,371
050,08,014,"Colorado","Broomfield County",3,75,481,216,265
050,08,014,"Colorado","Broomfield County",3,76,430,185,245
050,08,014,"Colorado","Broomfield County",3,77,407,184,223
050,08,014,"Colorado","Broomfield County",3,78,398,173,225
050,08,014,"Colorado","Broomfield County",3,79,326,139,187
050,08,014,"Colorado","Broomfield County",3,80,286,111,175
050,08,014,"Colorado","Broomfield County",3,81,253,110,143
050,08,014,"Colorado","Broomfield County",3,82,243,118,125
050,08,014,"Colorado","Broomfield County",3,83,231,105,126
050,08,014,"Colorado","Broomfield County",3,84,214,96,118
050,08,014,"Colorado","Broomfield County",3,85,1222,421,801
050,08,014,"Colorado","Broomfield County",4,0,653,315,338
050,08,014,"Colorado","Broomfield County",4,1,652,350,302
050,08,014,"Colorado","Broomfield County",4,2,665,360,305
050,08,014,"Colorado","Broomfield County",4,3,688,372,316
050,08,014,"Colorado","Broomfield County",4,4,706,336,370
050,08,014,"Colorado","Broomfield County",4,5,766,375,391
050,08,014,"Colorado","Broomfield County",4,6,813,417,396
050,08,014,"Colorado","Broomfield County",4,7,817,409,408
050,08,014,"Colorado","Broomfield County",4,8,852,413,439
050,08,014,"Colorado","Broomfield County",4,9,890,437,453
050,08,014,"Colorado","Broomfield County",4,10,899,444,455
050,08,014,"Colorado","Broomfield County",4,11,957,497,460
050,08,014,"Colorado","Broomfield County",4,12,926,480,446
050,08,014,"Colorado","Broomfield County",4,13,960,515,445
050,08,014,"Colorado","Broomfield County",4,14,1102,554,548
050,08,014,"Colorado","Broomfield County",4,15,1090,553,537
050,08,014,"Colorado","Broomfield County",4,16,1092,559,533
050,08,014,"Colorado","Broomfield County",4,17,1040,545,495
050,08,014,"Colorado","Broomfield County",4,18,908,498,410
050,08,014,"Colorado","Broomfield County",4,19,726,394,332
050,08,014,"Colorado","Broomfield County",4,20,766,397,369
050,08,014,"Colorado","Broomfield County",4,21,842,421,421
050,08,014,"Colorado","Broomfield County",4,22,871,430,441
050,08,014,"Colorado","Broomfield County",4,23,936,463,473
050,08,014,"Colorado","Broomfield County",4,24,1086,563,523
050,08,014,"Colorado","Broomfield County",4,25,1215,621,594
050,08,014,"Colorado","Broomfield County",4,26,1200,596,604
050,08,014,"Colorado","Broomfield County",4,27,1218,644,574
050,08,014,"Colorado","Broomfield County",4,28,1224,662,562
050,08,014,"Colorado","Broomfield County",4,29,1278,700,578
050,08,014,"Colorado","Broomfield County",4,30,1284,699,585
050,08,014,"Colorado","Broomfield County",4,31,1192,658,534
050,08,014,"Colorado","Broomfield County",4,32,1237,654,583
050,08,014,"Colorado","Broomfield County",4,33,1262,672,590
050,08,014,"Colorado","Broomfield County",4,34,1154,595,559
050,08,014,"Colorado","Broomfield County",4,35,1169,615,554
050,08,014,"Colorado","Broomfield County",4,36,1179,637,542
050,08,014,"Colorado","Broomfield County",4,37,1149,609,540
050,08,014,"Colorado","Broomfield County",4,38,1077,574,503
050,08,014,"Colorado","Broomfield County",4,39,1065,555,510
050,08,014,"Colorado","Broomfield County",4,40,1055,548,507
050,08,014,"Colorado","Broomfield County",4,41,1118,595,523
050,08,014,"Colorado","Broomfield County",4,42,1109,566,543
050,08,014,"Colorado","Broomfield County",4,43,1055,534,521
050,08,014,"Colorado","Broomfield County",4,44,1112,523,589
050,08,014,"Colorado","Broomfield County",4,45,1116,559,557
050,08,014,"Colorado","Broomfield County",4,46,1038,527,511
050,08,014,"Colorado","Broomfield County",4,47,1090,565,525
050,08,014,"Colorado","Broomfield County",4,48,1017,548,469
050,08,014,"Colorado","Broomfield County",4,49,967,503,464
050,08,014,"Colorado","Broomfield County",4,50,1097,564,533
050,08,014,"Colorado","Broomfield County",4,51,1108,588,520
050,08,014,"Colorado","Broomfield County",4,52,1124,592,532
050,08,014,"Colorado","Broomfield County",4,53,1021,506,515
050,08,014,"Colorado","Broomfield County",4,54,949,479,470
050,08,014,"Colorado","Broomfield County",4,55,885,446,439
050,08,014,"Colorado","Broomfield County",4,56,878,429,449
050,08,014,"Colorado","Broomfield County",4,57,814,411,403
050,08,014,"Colorado","Broomfield County",4,58,864,430,434
050,08,014,"Colorado","Broomfield County",4,59,899,460,439
050,08,014,"Colorado","Broomfield County",4,60,873,447,426
050,08,014,"Colorado","Broomfield County",4,61,881,447,434
050,08,014,"Colorado","Broomfield County",4,62,868,415,453
050,08,014,"Colorado","Broomfield County",4,63,857,406,451
050,08,014,"Colorado","Broomfield County",4,64,865,412,453
050,08,014,"Colorado","Broomfield County",4,65,823,406,417
050,08,014,"Colorado","Broomfield County",4,66,768,366,402
050,08,014,"Colorado","Broomfield County",4,67,767,348,419
050,08,014,"Colorado","Broomfield County",4,68,723,344,379
050,08,014,"Colorado","Broomfield County",4,69,670,299,371
050,08,014,"Colorado","Broomfield County",4,70,693,316,377
050,08,014,"Colorado","Broomfield County",4,71,649,291,358
050,08,014,"Colorado","Broomfield County",4,72,609,269,340
050,08,014,"Colorado","Broomfield County",4,73,640,287,353
050,08,014,"Colorado","Broomfield County",4,74,633,287,346
050,08,014,"Colorado","Broomfield County",4,75,670,299,371
050,08,014,"Colorado","Broomfield County",4,76,482,211,271
050,08,014,"Colorado","Broomfield County",4,77,431,183,248
050,08,014,"Colorado","Broomfield County",4,78,402,174,228
050,08,014,"Colorado","Broomfield County",4,79,373,167,206
050,08,014,"Colorado","Broomfield County",4,80,335,140,195
050,08,014,"Colorado","Broomfield County",4,81,282,110,172
050,08,014,"Colorado","Broomfield County",4,82,248,112,136
050,08,014,"Colorado","Broomfield County",4,83,228,108,120
050,08,014,"Colorado","Broomfield County",4,84,224,98,126
050,08,014,"Colorado","Broomfield County",4,85,1279,456,823
050,08,014,"Colorado","Broomfield County",5,0,642,308,334
050,08,014,"Colorado","Broomfield County",5,1,658,307,351
050,08,014,"Colorado","Broomfield County",5,2,666,333,333
050,08,014,"Colorado","Broomfield County",5,3,691,375,316
050,08,014,"Colorado","Broomfield County",5,4,713,385,328
050,08,014,"Colorado","Broomfield County",5,5,704,339,365
050,08,014,"Colorado","Broomfield County",5,6,777,402,375
050,08,014,"Colorado","Broomfield County",5,7,818,419,399
050,08,014,"Colorado","Broomfield County",5,8,834,422,412
050,08,014,"Colorado","Broomfield County",5,9,852,428,424
050,08,014,"Colorado","Broomfield County",5,10,894,429,465
050,08,014,"Colorado","Broomfield County",5,11,893,447,446
050,08,014,"Colorado","Broomfield County",5,12,976,517,459
050,08,014,"Colorado","Broomfield County",5,13,926,488,438
050,08,014,"Colorado","Broomfield County",5,14,989,525,464
050,08,014,"Colorado","Broomfield County",5,15,1096,558,538
050,08,014,"Colorado","Broomfield County",5,16,1056,538,518
050,08,014,"Colorado","Broomfield County",5,17,1104,559,545
050,08,014,"Colorado","Broomfield County",5,18,888,486,402
050,08,014,"Colorado","Broomfield County",5,19,724,396,328
050,08,014,"Colorado","Broomfield County",5,20,790,422,368
050,08,014,"Colorado","Broomfield County",5,21,843,421,422
050,08,014,"Colorado","Broomfield County",5,22,911,451,460
050,08,014,"Colorado","Broomfield County",5,23,997,506,491
050,08,014,"Colorado","Broomfield County",5,24,1061,557,504
050,08,014,"Colorado","Broomfield County",5,25,1176,629,547
050,08,014,"Colorado","Broomfield County",5,26,1255,632,623
050,08,014,"Colorado","Broomfield County",5,27,1257,639,618
050,08,014,"Colorado","Broomfield County",5,28,1211,647,564
050,08,014,"Colorado","Broomfield County",5,29,1243,692,551
050,08,014,"Colorado","Broomfield County",5,30,1355,762,593
050,08,014,"Colorado","Broomfield County",5,31,1314,709,605
050,08,014,"Colorado","Broomfield County",5,32,1193,671,522
050,08,014,"Colorado","Broomfield County",5,33,1233,651,582
050,08,014,"Colorado","Broomfield County",5,34,1280,689,591
050,08,014,"Colorado","Broomfield County",5,35,1152,602,550
050,08,014,"Colorado","Broomfield County",5,36,1180,630,550
050,08,014,"Colorado","Broomfield County",5,37,1174,635,539
050,08,014,"Colorado","Broomfield County",5,38,1128,604,524
050,08,014,"Colorado","Broomfield County",5,39,1111,591,520
050,08,014,"Colorado","Broomfield County",5,40,1068,557,511
050,08,014,"Colorado","Broomfield County",5,41,1039,532,507
050,08,014,"Colorado","Broomfield County",5,42,1071,562,509
050,08,014,"Colorado","Broomfield County",5,43,1112,564,548
050,08,014,"Colorado","Broomfield County",5,44,1054,528,526
050,08,014,"Colorado","Broomfield County",5,45,1099,527,572
050,08,014,"Colorado","Broomfield County",5,46,1116,565,551
050,08,014,"Colorado","Broomfield County",5,47,1047,539,508
050,08,014,"Colorado","Broomfield County",5,48,1087,556,531
050,08,014,"Colorado","Broomfield County",5,49,999,532,467
050,08,014,"Colorado","Broomfield County",5,50,975,518,457
050,08,014,"Colorado","Broomfield County",5,51,1092,550,542
050,08,014,"Colorado","Broomfield County",5,52,1091,560,531
050,08,014,"Colorado","Broomfield County",5,53,1112,585,527
050,08,014,"Colorado","Broomfield County",5,54,974,481,493
050,08,014,"Colorado","Broomfield County",5,55,929,479,450
050,08,014,"Colorado","Broomfield County",5,56,854,442,412
050,08,014,"Colorado","Broomfield County",5,57,860,424,436
050,08,014,"Colorado","Broomfield County",5,58,821,412,409
050,08,014,"Colorado","Broomfield County",5,59,859,431,428
050,08,014,"Colorado","Broomfield County",5,60,908,454,454
050,08,014,"Colorado","Broomfield County",5,61,857,440,417
050,08,014,"Colorado","Broomfield County",5,62,848,423,425
050,08,014,"Colorado","Broomfield County",5,63,836,391,445
050,08,014,"Colorado","Broomfield County",5,64,856,412,444
050,08,014,"Colorado","Broomfield County",5,65,852,401,451
050,08,014,"Colorado","Broomfield County",5,66,807,397,410
050,08,014,"Colorado","Broomfield County",5,67,769,368,401
050,08,014,"Colorado","Broomfield County",5,68,763,347,416
050,08,014,"Colorado","Broomfield County",5,69,733,349,384
050,08,014,"Colorado","Broomfield County",5,70,674,297,377
050,08,014,"Colorado","Broomfield County",5,71,683,312,371
050,08,014,"Colorado","Broomfield County",5,72,641,292,349
050,08,014,"Colorado","Broomfield County",5,73,616,268,348
050,08,014,"Colorado","Broomfield County",5,74,627,274,353
050,08,014,"Colorado","Broomfield County",5,75,622,279,343
050,08,014,"Colorado","Broomfield County",5,76,655,287,368
050,08,014,"Colorado","Broomfield County",5,77,464,199,265
050,08,014,"Colorado","Broomfield County",5,78,428,181,247
050,08,014,"Colorado","Broomfield County",5,79,388,177,211
050,08,014,"Colorado","Broomfield County",5,80,380,168,212
050,08,014,"Colorado","Broomfield County",5,81,328,138,190
050,08,014,"Colorado","Broomfield County",5,82,280,103,177
050,08,014,"Colorado","Broomfield County",5,83,226,101,125
050,08,014,"Colorado","Broomfield County",5,84,218,97,121
050,08,014,"Colorado","Broomfield County",5,85,1377,512,865
050,08,015,"Colorado","Chaffee County",1,0,127,65,62
050,08,015,"Colorado","Chaffee County",1,1,138,75,63
050,08,015,"Colorado","Chaffee County",1,2,146,75,71
050,08,015,"Colorado","Chaffee County",1,3,144,79,65
050,08,015,"Colorado","Chaffee County",1,4,158,88,70
050,08,015,"Colorado","Chaffee County",1,5,150,84,66
050,08,015,"Colorado","Chaffee County",1,6,162,78,84
050,08,015,"Colorado","Chaffee County",1,7,156,80,76
050,08,015,"Colorado","Chaffee County",1,8,177,84,93
050,08,015,"Colorado","Chaffee County",1,9,155,82,73
050,08,015,"Colorado","Chaffee County",1,10,177,93,84
050,08,015,"Colorado","Chaffee County",1,11,192,105,87
050,08,015,"Colorado","Chaffee County",1,12,172,96,76
050,08,015,"Colorado","Chaffee County",1,13,171,88,83
050,08,015,"Colorado","Chaffee County",1,14,179,93,86
050,08,015,"Colorado","Chaffee County",1,15,186,94,92
050,08,015,"Colorado","Chaffee County",1,16,188,92,96
050,08,015,"Colorado","Chaffee County",1,17,180,95,85
050,08,015,"Colorado","Chaffee County",1,18,158,94,64
050,08,015,"Colorado","Chaffee County",1,19,129,74,55
050,08,015,"Colorado","Chaffee County",1,20,138,89,49
050,08,015,"Colorado","Chaffee County",1,21,163,108,55
050,08,015,"Colorado","Chaffee County",1,22,169,101,68
050,08,015,"Colorado","Chaffee County",1,23,194,121,73
050,08,015,"Colorado","Chaffee County",1,24,189,114,75
050,08,015,"Colorado","Chaffee County",1,25,183,118,65
050,08,015,"Colorado","Chaffee County",1,26,223,152,71
050,08,015,"Colorado","Chaffee County",1,27,259,164,95
050,08,015,"Colorado","Chaffee County",1,28,235,139,96
050,08,015,"Colorado","Chaffee County",1,29,266,153,113
050,08,015,"Colorado","Chaffee County",1,30,255,156,99
050,08,015,"Colorado","Chaffee County",1,31,252,159,93
050,08,015,"Colorado","Chaffee County",1,32,240,133,107
050,08,015,"Colorado","Chaffee County",1,33,268,150,118
050,08,015,"Colorado","Chaffee County",1,34,281,168,113
050,08,015,"Colorado","Chaffee County",1,35,269,146,123
050,08,015,"Colorado","Chaffee County",1,36,287,159,128
050,08,015,"Colorado","Chaffee County",1,37,246,137,109
050,08,015,"Colorado","Chaffee County",1,38,243,142,101
050,08,015,"Colorado","Chaffee County",1,39,276,169,107
050,08,015,"Colorado","Chaffee County",1,40,261,144,117
050,08,015,"Colorado","Chaffee County",1,41,250,135,115
050,08,015,"Colorado","Chaffee County",1,42,223,129,94
050,08,015,"Colorado","Chaffee County",1,43,243,139,104
050,08,015,"Colorado","Chaffee County",1,44,231,135,96
050,08,015,"Colorado","Chaffee County",1,45,218,128,90
050,08,015,"Colorado","Chaffee County",1,46,223,131,92
050,08,015,"Colorado","Chaffee County",1,47,220,114,106
050,08,015,"Colorado","Chaffee County",1,48,230,126,104
050,08,015,"Colorado","Chaffee County",1,49,265,151,114
050,08,015,"Colorado","Chaffee County",1,50,234,131,103
050,08,015,"Colorado","Chaffee County",1,51,219,121,98
050,08,015,"Colorado","Chaffee County",1,52,225,126,99
050,08,015,"Colorado","Chaffee County",1,53,210,111,99
050,08,015,"Colorado","Chaffee County",1,54,226,114,112
050,08,015,"Colorado","Chaffee County",1,55,230,118,112
050,08,015,"Colorado","Chaffee County",1,56,292,147,145
050,08,015,"Colorado","Chaffee County",1,57,284,133,151
050,08,015,"Colorado","Chaffee County",1,58,324,151,173
050,08,015,"Colorado","Chaffee County",1,59,337,164,173
050,08,015,"Colorado","Chaffee County",1,60,326,156,170
050,08,015,"Colorado","Chaffee County",1,61,296,144,152
050,08,015,"Colorado","Chaffee County",1,62,337,160,177
050,08,015,"Colorado","Chaffee County",1,63,344,162,182
050,08,015,"Colorado","Chaffee County",1,64,378,174,204
050,08,015,"Colorado","Chaffee County",1,65,365,177,188
050,08,015,"Colorado","Chaffee County",1,66,364,186,178
050,08,015,"Colorado","Chaffee County",1,67,366,182,184
050,08,015,"Colorado","Chaffee County",1,68,343,183,160
050,08,015,"Colorado","Chaffee County",1,69,327,161,166
050,08,015,"Colorado","Chaffee County",1,70,323,159,164
050,08,015,"Colorado","Chaffee County",1,71,298,143,155
050,08,015,"Colorado","Chaffee County",1,72,313,134,179
050,08,015,"Colorado","Chaffee County",1,73,287,154,133
050,08,015,"Colorado","Chaffee County",1,74,209,96,113
050,08,015,"Colorado","Chaffee County",1,75,211,103,108
050,08,015,"Colorado","Chaffee County",1,76,195,92,103
050,08,015,"Colorado","Chaffee County",1,77,179,99,80
050,08,015,"Colorado","Chaffee County",1,78,154,79,75
050,08,015,"Colorado","Chaffee County",1,79,131,69,62
050,08,015,"Colorado","Chaffee County",1,80,109,61,48
050,08,015,"Colorado","Chaffee County",1,81,100,51,49
050,08,015,"Colorado","Chaffee County",1,82,78,36,42
050,08,015,"Colorado","Chaffee County",1,83,88,43,45
050,08,015,"Colorado","Chaffee County",1,84,92,52,40
050,08,015,"Colorado","Chaffee County",1,85,437,188,249
050,08,015,"Colorado","Chaffee County",2,0,134,75,59
050,08,015,"Colorado","Chaffee County",2,1,135,72,63
050,08,015,"Colorado","Chaffee County",2,2,144,75,69
050,08,015,"Colorado","Chaffee County",2,3,146,79,67
050,08,015,"Colorado","Chaffee County",2,4,157,88,69
050,08,015,"Colorado","Chaffee County",2,5,152,84,68
050,08,015,"Colorado","Chaffee County",2,6,161,80,81
050,08,015,"Colorado","Chaffee County",2,7,159,80,79
050,08,015,"Colorado","Chaffee County",2,8,171,84,87
050,08,015,"Colorado","Chaffee County",2,9,163,84,79
050,08,015,"Colorado","Chaffee County",2,10,171,90,81
050,08,015,"Colorado","Chaffee County",2,11,188,101,87
050,08,015,"Colorado","Chaffee County",2,12,173,96,77
050,08,015,"Colorado","Chaffee County",2,13,170,90,80
050,08,015,"Colorado","Chaffee County",2,14,178,92,86
050,08,015,"Colorado","Chaffee County",2,15,180,91,89
050,08,015,"Colorado","Chaffee County",2,16,189,94,95
050,08,015,"Colorado","Chaffee County",2,17,182,95,87
050,08,015,"Colorado","Chaffee County",2,18,159,93,66
050,08,015,"Colorado","Chaffee County",2,19,130,76,54
050,08,015,"Colorado","Chaffee County",2,20,139,87,52
050,08,015,"Colorado","Chaffee County",2,21,161,107,54
050,08,015,"Colorado","Chaffee County",2,22,162,97,65
050,08,015,"Colorado","Chaffee County",2,23,193,118,75
050,08,015,"Colorado","Chaffee County",2,24,185,109,76
050,08,015,"Colorado","Chaffee County",2,25,185,117,68
050,08,015,"Colorado","Chaffee County",2,26,222,148,74
050,08,015,"Colorado","Chaffee County",2,27,251,160,91
050,08,015,"Colorado","Chaffee County",2,28,237,140,97
050,08,015,"Colorado","Chaffee County",2,29,263,152,111
050,08,015,"Colorado","Chaffee County",2,30,257,151,106
050,08,015,"Colorado","Chaffee County",2,31,250,156,94
050,08,015,"Colorado","Chaffee County",2,32,243,136,107
050,08,015,"Colorado","Chaffee County",2,33,265,148,117
050,08,015,"Colorado","Chaffee County",2,34,279,163,116
050,08,015,"Colorado","Chaffee County",2,35,276,153,123
050,08,015,"Colorado","Chaffee County",2,36,279,154,125
050,08,015,"Colorado","Chaffee County",2,37,253,140,113
050,08,015,"Colorado","Chaffee County",2,38,247,142,105
050,08,015,"Colorado","Chaffee County",2,39,269,161,108
050,08,015,"Colorado","Chaffee County",2,40,268,152,116
050,08,015,"Colorado","Chaffee County",2,41,250,136,114
050,08,015,"Colorado","Chaffee County",2,42,230,131,99
050,08,015,"Colorado","Chaffee County",2,43,243,139,104
050,08,015,"Colorado","Chaffee County",2,44,231,134,97
050,08,015,"Colorado","Chaffee County",2,45,223,129,94
050,08,015,"Colorado","Chaffee County",2,46,221,128,93
050,08,015,"Colorado","Chaffee County",2,47,214,113,101
050,08,015,"Colorado","Chaffee County",2,48,230,125,105
050,08,015,"Colorado","Chaffee County",2,49,256,145,111
050,08,015,"Colorado","Chaffee County",2,50,238,133,105
050,08,015,"Colorado","Chaffee County",2,51,222,121,101
050,08,015,"Colorado","Chaffee County",2,52,222,124,98
050,08,015,"Colorado","Chaffee County",2,53,215,114,101
050,08,015,"Colorado","Chaffee County",2,54,226,115,111
050,08,015,"Colorado","Chaffee County",2,55,229,116,113
050,08,015,"Colorado","Chaffee County",2,56,281,142,139
050,08,015,"Colorado","Chaffee County",2,57,288,137,151
050,08,015,"Colorado","Chaffee County",2,58,315,145,170
050,08,015,"Colorado","Chaffee County",2,59,337,162,175
050,08,015,"Colorado","Chaffee County",2,60,332,159,173
050,08,015,"Colorado","Chaffee County",2,61,304,146,158
050,08,015,"Colorado","Chaffee County",2,62,330,157,173
050,08,015,"Colorado","Chaffee County",2,63,348,165,183
050,08,015,"Colorado","Chaffee County",2,64,367,168,199
050,08,015,"Colorado","Chaffee County",2,65,371,179,192
050,08,015,"Colorado","Chaffee County",2,66,366,185,181
050,08,015,"Colorado","Chaffee County",2,67,365,185,180
050,08,015,"Colorado","Chaffee County",2,68,347,183,164
050,08,015,"Colorado","Chaffee County",2,69,331,166,165
050,08,015,"Colorado","Chaffee County",2,70,323,160,163
050,08,015,"Colorado","Chaffee County",2,71,299,144,155
050,08,015,"Colorado","Chaffee County",2,72,303,134,169
050,08,015,"Colorado","Chaffee County",2,73,309,158,151
050,08,015,"Colorado","Chaffee County",2,74,213,103,110
050,08,015,"Colorado","Chaffee County",2,75,212,102,110
050,08,015,"Colorado","Chaffee County",2,76,198,93,105
050,08,015,"Colorado","Chaffee County",2,77,184,97,87
050,08,015,"Colorado","Chaffee County",2,78,154,80,74
050,08,015,"Colorado","Chaffee County",2,79,133,69,64
050,08,015,"Colorado","Chaffee County",2,80,115,63,52
050,08,015,"Colorado","Chaffee County",2,81,100,52,48
050,08,015,"Colorado","Chaffee County",2,82,83,40,43
050,08,015,"Colorado","Chaffee County",2,83,87,41,46
050,08,015,"Colorado","Chaffee County",2,84,86,46,40
050,08,015,"Colorado","Chaffee County",2,85,427,181,246
050,08,015,"Colorado","Chaffee County",3,0,148,82,66
050,08,015,"Colorado","Chaffee County",3,1,136,77,59
050,08,015,"Colorado","Chaffee County",3,2,131,65,66
050,08,015,"Colorado","Chaffee County",3,3,149,80,69
050,08,015,"Colorado","Chaffee County",3,4,157,77,80
050,08,015,"Colorado","Chaffee County",3,5,163,85,78
050,08,015,"Colorado","Chaffee County",3,6,164,94,70
050,08,015,"Colorado","Chaffee County",3,7,167,88,79
050,08,015,"Colorado","Chaffee County",3,8,160,80,80
050,08,015,"Colorado","Chaffee County",3,9,183,86,97
050,08,015,"Colorado","Chaffee County",3,10,168,86,82
050,08,015,"Colorado","Chaffee County",3,11,171,89,82
050,08,015,"Colorado","Chaffee County",3,12,192,101,91
050,08,015,"Colorado","Chaffee County",3,13,175,97,78
050,08,015,"Colorado","Chaffee County",3,14,163,87,76
050,08,015,"Colorado","Chaffee County",3,15,169,82,87
050,08,015,"Colorado","Chaffee County",3,16,182,89,93
050,08,015,"Colorado","Chaffee County",3,17,198,104,94
050,08,015,"Colorado","Chaffee County",3,18,163,89,74
050,08,015,"Colorado","Chaffee County",3,19,134,88,46
050,08,015,"Colorado","Chaffee County",3,20,139,77,62
050,08,015,"Colorado","Chaffee County",3,21,149,98,51
050,08,015,"Colorado","Chaffee County",3,22,149,92,57
050,08,015,"Colorado","Chaffee County",3,23,189,110,79
050,08,015,"Colorado","Chaffee County",3,24,184,101,83
050,08,015,"Colorado","Chaffee County",3,25,187,101,86
050,08,015,"Colorado","Chaffee County",3,26,193,127,66
050,08,015,"Colorado","Chaffee County",3,27,229,151,78
050,08,015,"Colorado","Chaffee County",3,28,236,137,99
050,08,015,"Colorado","Chaffee County",3,29,266,159,107
050,08,015,"Colorado","Chaffee County",3,30,270,142,128
050,08,015,"Colorado","Chaffee County",3,31,275,155,120
050,08,015,"Colorado","Chaffee County",3,32,252,148,104
050,08,015,"Colorado","Chaffee County",3,33,266,152,114
050,08,015,"Colorado","Chaffee County",3,34,281,150,131
050,08,015,"Colorado","Chaffee County",3,35,279,155,124
050,08,015,"Colorado","Chaffee County",3,36,294,158,136
050,08,015,"Colorado","Chaffee County",3,37,285,153,132
050,08,015,"Colorado","Chaffee County",3,38,267,152,115
050,08,015,"Colorado","Chaffee County",3,39,261,142,119
050,08,015,"Colorado","Chaffee County",3,40,269,150,119
050,08,015,"Colorado","Chaffee County",3,41,272,148,124
050,08,015,"Colorado","Chaffee County",3,42,246,129,117
050,08,015,"Colorado","Chaffee County",3,43,234,132,102
050,08,015,"Colorado","Chaffee County",3,44,232,128,104
050,08,015,"Colorado","Chaffee County",3,45,240,143,97
050,08,015,"Colorado","Chaffee County",3,46,218,119,99
050,08,015,"Colorado","Chaffee County",3,47,219,115,104
050,08,015,"Colorado","Chaffee County",3,48,210,108,102
050,08,015,"Colorado","Chaffee County",3,49,233,128,105
050,08,015,"Colorado","Chaffee County",3,50,258,141,117
050,08,015,"Colorado","Chaffee County",3,51,229,124,105
050,08,015,"Colorado","Chaffee County",3,52,241,134,107
050,08,015,"Colorado","Chaffee County",3,53,216,122,94
050,08,015,"Colorado","Chaffee County",3,54,221,116,105
050,08,015,"Colorado","Chaffee County",3,55,235,118,117
050,08,015,"Colorado","Chaffee County",3,56,243,122,121
050,08,015,"Colorado","Chaffee County",3,57,284,132,152
050,08,015,"Colorado","Chaffee County",3,58,292,145,147
050,08,015,"Colorado","Chaffee County",3,59,343,161,182
050,08,015,"Colorado","Chaffee County",3,60,347,168,179
050,08,015,"Colorado","Chaffee County",3,61,350,174,176
050,08,015,"Colorado","Chaffee County",3,62,316,152,164
050,08,015,"Colorado","Chaffee County",3,63,341,159,182
050,08,015,"Colorado","Chaffee County",3,64,343,163,180
050,08,015,"Colorado","Chaffee County",3,65,380,173,207
050,08,015,"Colorado","Chaffee County",3,66,372,176,196
050,08,015,"Colorado","Chaffee County",3,67,371,189,182
050,08,015,"Colorado","Chaffee County",3,68,363,180,183
050,08,015,"Colorado","Chaffee County",3,69,348,185,163
050,08,015,"Colorado","Chaffee County",3,70,330,165,165
050,08,015,"Colorado","Chaffee County",3,71,310,154,156
050,08,015,"Colorado","Chaffee County",3,72,296,144,152
050,08,015,"Colorado","Chaffee County",3,73,298,138,160
050,08,015,"Colorado","Chaffee County",3,74,298,153,145
050,08,015,"Colorado","Chaffee County",3,75,202,94,108
050,08,015,"Colorado","Chaffee County",3,76,208,99,109
050,08,015,"Colorado","Chaffee County",3,77,192,93,99
050,08,015,"Colorado","Chaffee County",3,78,177,92,85
050,08,015,"Colorado","Chaffee County",3,79,143,73,70
050,08,015,"Colorado","Chaffee County",3,80,122,63,59
050,08,015,"Colorado","Chaffee County",3,81,110,60,50
050,08,015,"Colorado","Chaffee County",3,82,88,46,42
050,08,015,"Colorado","Chaffee County",3,83,75,37,38
050,08,015,"Colorado","Chaffee County",3,84,79,38,41
050,08,015,"Colorado","Chaffee County",3,85,423,184,239
050,08,015,"Colorado","Chaffee County",4,0,148,77,71
050,08,015,"Colorado","Chaffee County",4,1,157,90,67
050,08,015,"Colorado","Chaffee County",4,2,142,83,59
050,08,015,"Colorado","Chaffee County",4,3,137,68,69
050,08,015,"Colorado","Chaffee County",4,4,160,84,76
050,08,015,"Colorado","Chaffee County",4,5,170,85,85
050,08,015,"Colorado","Chaffee County",4,6,167,88,79
050,08,015,"Colorado","Chaffee County",4,7,175,99,76
050,08,015,"Colorado","Chaffee County",4,8,177,92,85
050,08,015,"Colorado","Chaffee County",4,9,161,80,81
050,08,015,"Colorado","Chaffee County",4,10,192,93,99
050,08,015,"Colorado","Chaffee County",4,11,166,83,83
050,08,015,"Colorado","Chaffee County",4,12,174,94,80
050,08,015,"Colorado","Chaffee County",4,13,183,98,85
050,08,015,"Colorado","Chaffee County",4,14,174,94,80
050,08,015,"Colorado","Chaffee County",4,15,170,94,76
050,08,015,"Colorado","Chaffee County",4,16,174,82,92
050,08,015,"Colorado","Chaffee County",4,17,177,81,96
050,08,015,"Colorado","Chaffee County",4,18,163,87,76
050,08,015,"Colorado","Chaffee County",4,19,137,85,52
050,08,015,"Colorado","Chaffee County",4,20,151,95,56
050,08,015,"Colorado","Chaffee County",4,21,161,100,61
050,08,015,"Colorado","Chaffee County",4,22,153,98,55
050,08,015,"Colorado","Chaffee County",4,23,175,116,59
050,08,015,"Colorado","Chaffee County",4,24,175,98,77
050,08,015,"Colorado","Chaffee County",4,25,196,116,80
050,08,015,"Colorado","Chaffee County",4,26,223,133,90
050,08,015,"Colorado","Chaffee County",4,27,234,152,82
050,08,015,"Colorado","Chaffee County",4,28,255,164,91
050,08,015,"Colorado","Chaffee County",4,29,278,179,99
050,08,015,"Colorado","Chaffee County",4,30,265,154,111
050,08,015,"Colorado","Chaffee County",4,31,288,149,139
050,08,015,"Colorado","Chaffee County",4,32,277,150,127
050,08,015,"Colorado","Chaffee County",4,33,282,167,115
050,08,015,"Colorado","Chaffee County",4,34,284,161,123
050,08,015,"Colorado","Chaffee County",4,35,303,156,147
050,08,015,"Colorado","Chaffee County",4,36,299,171,128
050,08,015,"Colorado","Chaffee County",4,37,308,176,132
050,08,015,"Colorado","Chaffee County",4,38,311,181,130
050,08,015,"Colorado","Chaffee County",4,39,295,171,124
050,08,015,"Colorado","Chaffee County",4,40,279,151,128
050,08,015,"Colorado","Chaffee County",4,41,293,163,130
050,08,015,"Colorado","Chaffee County",4,42,294,162,132
050,08,015,"Colorado","Chaffee County",4,43,265,142,123
050,08,015,"Colorado","Chaffee County",4,44,255,146,109
050,08,015,"Colorado","Chaffee County",4,45,247,138,109
050,08,015,"Colorado","Chaffee County",4,46,251,153,98
050,08,015,"Colorado","Chaffee County",4,47,228,125,103
050,08,015,"Colorado","Chaffee County",4,48,221,122,99
050,08,015,"Colorado","Chaffee County",4,49,226,120,106
050,08,015,"Colorado","Chaffee County",4,50,254,139,115
050,08,015,"Colorado","Chaffee County",4,51,249,134,115
050,08,015,"Colorado","Chaffee County",4,52,235,126,109
050,08,015,"Colorado","Chaffee County",4,53,237,131,106
050,08,015,"Colorado","Chaffee County",4,54,223,120,103
050,08,015,"Colorado","Chaffee County",4,55,220,111,109
050,08,015,"Colorado","Chaffee County",4,56,238,124,114
050,08,015,"Colorado","Chaffee County",4,57,239,119,120
050,08,015,"Colorado","Chaffee County",4,58,286,131,155
050,08,015,"Colorado","Chaffee County",4,59,299,152,147
050,08,015,"Colorado","Chaffee County",4,60,360,176,184
050,08,015,"Colorado","Chaffee County",4,61,360,170,190
050,08,015,"Colorado","Chaffee County",4,62,347,169,178
050,08,015,"Colorado","Chaffee County",4,63,318,152,166
050,08,015,"Colorado","Chaffee County",4,64,354,173,181
050,08,015,"Colorado","Chaffee County",4,65,356,166,190
050,08,015,"Colorado","Chaffee County",4,66,372,171,201
050,08,015,"Colorado","Chaffee County",4,67,373,172,201
050,08,015,"Colorado","Chaffee County",4,68,375,192,183
050,08,015,"Colorado","Chaffee County",4,69,360,177,183
050,08,015,"Colorado","Chaffee County",4,70,340,182,158
050,08,015,"Colorado","Chaffee County",4,71,311,152,159
050,08,015,"Colorado","Chaffee County",4,72,302,150,152
050,08,015,"Colorado","Chaffee County",4,73,288,144,144
050,08,015,"Colorado","Chaffee County",4,74,284,132,152
050,08,015,"Colorado","Chaffee County",4,75,284,144,140
050,08,015,"Colorado","Chaffee County",4,76,188,86,102
050,08,015,"Colorado","Chaffee County",4,77,197,93,104
050,08,015,"Colorado","Chaffee County",4,78,175,82,93
050,08,015,"Colorado","Chaffee County",4,79,164,88,76
050,08,015,"Colorado","Chaffee County",4,80,129,63,66
050,08,015,"Colorado","Chaffee County",4,81,113,60,53
050,08,015,"Colorado","Chaffee County",4,82,102,55,47
050,08,015,"Colorado","Chaffee County",4,83,82,43,39
050,08,015,"Colorado","Chaffee County",4,84,61,29,32
050,08,015,"Colorado","Chaffee County",4,85,414,166,248
050,08,015,"Colorado","Chaffee County",5,0,148,76,72
050,08,015,"Colorado","Chaffee County",5,1,147,80,67
050,08,015,"Colorado","Chaffee County",5,2,156,87,69
050,08,015,"Colorado","Chaffee County",5,3,147,85,62
050,08,015,"Colorado","Chaffee County",5,4,148,73,75
050,08,015,"Colorado","Chaffee County",5,5,165,89,76
050,08,015,"Colorado","Chaffee County",5,6,170,82,88
050,08,015,"Colorado","Chaffee County",5,7,171,85,86
050,08,015,"Colorado","Chaffee County",5,8,175,96,79
050,08,015,"Colorado","Chaffee County",5,9,169,91,78
050,08,015,"Colorado","Chaffee County",5,10,165,78,87
050,08,015,"Colorado","Chaffee County",5,11,186,91,95
050,08,015,"Colorado","Chaffee County",5,12,172,88,84
050,08,015,"Colorado","Chaffee County",5,13,174,92,82
050,08,015,"Colorado","Chaffee County",5,14,194,106,88
050,08,015,"Colorado","Chaffee County",5,15,176,99,77
050,08,015,"Colorado","Chaffee County",5,16,176,97,79
050,08,015,"Colorado","Chaffee County",5,17,169,80,89
050,08,015,"Colorado","Chaffee County",5,18,161,88,73
050,08,015,"Colorado","Chaffee County",5,19,141,81,60
050,08,015,"Colorado","Chaffee County",5,20,155,91,64
050,08,015,"Colorado","Chaffee County",5,21,163,111,52
050,08,015,"Colorado","Chaffee County",5,22,171,98,73
050,08,015,"Colorado","Chaffee County",5,23,189,123,66
050,08,015,"Colorado","Chaffee County",5,24,169,100,69
050,08,015,"Colorado","Chaffee County",5,25,175,101,74
050,08,015,"Colorado","Chaffee County",5,26,210,137,73
050,08,015,"Colorado","Chaffee County",5,27,245,148,97
050,08,015,"Colorado","Chaffee County",5,28,237,142,95
050,08,015,"Colorado","Chaffee County",5,29,277,184,93
050,08,015,"Colorado","Chaffee County",5,30,290,175,115
050,08,015,"Colorado","Chaffee County",5,31,279,166,113
050,08,015,"Colorado","Chaffee County",5,32,285,136,149
050,08,015,"Colorado","Chaffee County",5,33,306,174,132
050,08,015,"Colorado","Chaffee County",5,34,307,180,127
050,08,015,"Colorado","Chaffee County",5,35,313,171,142
050,08,015,"Colorado","Chaffee County",5,36,327,171,156
050,08,015,"Colorado","Chaffee County",5,37,305,169,136
050,08,015,"Colorado","Chaffee County",5,38,322,178,144
050,08,015,"Colorado","Chaffee County",5,39,323,187,136
050,08,015,"Colorado","Chaffee County",5,40,290,166,124
050,08,015,"Colorado","Chaffee County",5,41,290,150,140
050,08,015,"Colorado","Chaffee County",5,42,315,185,130
050,08,015,"Colorado","Chaffee County",5,43,294,164,130
050,08,015,"Colorado","Chaffee County",5,44,271,145,126
050,08,015,"Colorado","Chaffee County",5,45,266,145,121
050,08,015,"Colorado","Chaffee County",5,46,243,138,105
050,08,015,"Colorado","Chaffee County",5,47,257,156,101
050,08,015,"Colorado","Chaffee County",5,48,238,132,106
050,08,015,"Colorado","Chaffee County",5,49,240,138,102
050,08,015,"Colorado","Chaffee County",5,50,233,124,109
050,08,015,"Colorado","Chaffee County",5,51,250,134,116
050,08,015,"Colorado","Chaffee County",5,52,255,138,117
050,08,015,"Colorado","Chaffee County",5,53,245,121,124
050,08,015,"Colorado","Chaffee County",5,54,240,129,111
050,08,015,"Colorado","Chaffee County",5,55,218,108,110
050,08,015,"Colorado","Chaffee County",5,56,234,122,112
050,08,015,"Colorado","Chaffee County",5,57,230,121,109
050,08,015,"Colorado","Chaffee County",5,58,246,120,126
050,08,015,"Colorado","Chaffee County",5,59,300,138,162
050,08,015,"Colorado","Chaffee County",5,60,301,152,149
050,08,015,"Colorado","Chaffee County",5,61,364,175,189
050,08,015,"Colorado","Chaffee County",5,62,364,179,185
050,08,015,"Colorado","Chaffee County",5,63,356,173,183
050,08,015,"Colorado","Chaffee County",5,64,318,153,165
050,08,015,"Colorado","Chaffee County",5,65,361,179,182
050,08,015,"Colorado","Chaffee County",5,66,360,175,185
050,08,015,"Colorado","Chaffee County",5,67,373,168,205
050,08,015,"Colorado","Chaffee County",5,68,368,169,199
050,08,015,"Colorado","Chaffee County",5,69,372,184,188
050,08,015,"Colorado","Chaffee County",5,70,358,177,181
050,08,015,"Colorado","Chaffee County",5,71,327,174,153
050,08,015,"Colorado","Chaffee County",5,72,304,153,151
050,08,015,"Colorado","Chaffee County",5,73,294,148,146
050,08,015,"Colorado","Chaffee County",5,74,287,140,147
050,08,015,"Colorado","Chaffee County",5,75,277,129,148
050,08,015,"Colorado","Chaffee County",5,76,266,136,130
050,08,015,"Colorado","Chaffee County",5,77,177,80,97
050,08,015,"Colorado","Chaffee County",5,78,179,82,97
050,08,015,"Colorado","Chaffee County",5,79,168,77,91
050,08,015,"Colorado","Chaffee County",5,80,149,78,71
050,08,015,"Colorado","Chaffee County",5,81,118,59,59
050,08,015,"Colorado","Chaffee County",5,82,104,54,50
050,08,015,"Colorado","Chaffee County",5,83,93,52,41
050,08,015,"Colorado","Chaffee County",5,84,76,39,37
050,08,015,"Colorado","Chaffee County",5,85,390,148,242
050,08,017,"Colorado","Cheyenne County",1,0,13,7,6
050,08,017,"Colorado","Cheyenne County",1,1,17,12,5
050,08,017,"Colorado","Cheyenne County",1,2,17,10,7
050,08,017,"Colorado","Cheyenne County",1,3,21,11,10
050,08,017,"Colorado","Cheyenne County",1,4,26,13,13
050,08,017,"Colorado","Cheyenne County",1,5,30,16,14
050,08,017,"Colorado","Cheyenne County",1,6,29,13,16
050,08,017,"Colorado","Cheyenne County",1,7,31,16,15
050,08,017,"Colorado","Cheyenne County",1,8,32,15,17
050,08,017,"Colorado","Cheyenne County",1,9,24,11,13
050,08,017,"Colorado","Cheyenne County",1,10,24,14,10
050,08,017,"Colorado","Cheyenne County",1,11,27,14,13
050,08,017,"Colorado","Cheyenne County",1,12,23,13,10
050,08,017,"Colorado","Cheyenne County",1,13,21,12,9
050,08,017,"Colorado","Cheyenne County",1,14,23,12,11
050,08,017,"Colorado","Cheyenne County",1,15,25,11,14
050,08,017,"Colorado","Cheyenne County",1,16,20,11,9
050,08,017,"Colorado","Cheyenne County",1,17,19,7,12
050,08,017,"Colorado","Cheyenne County",1,18,15,9,6
050,08,017,"Colorado","Cheyenne County",1,19,11,6,5
050,08,017,"Colorado","Cheyenne County",1,20,19,12,7
050,08,017,"Colorado","Cheyenne County",1,21,21,11,10
050,08,017,"Colorado","Cheyenne County",1,22,16,8,8
050,08,017,"Colorado","Cheyenne County",1,23,16,7,9
050,08,017,"Colorado","Cheyenne County",1,24,16,8,8
050,08,017,"Colorado","Cheyenne County",1,25,19,11,8
050,08,017,"Colorado","Cheyenne County",1,26,13,7,6
050,08,017,"Colorado","Cheyenne County",1,27,16,4,12
050,08,017,"Colorado","Cheyenne County",1,28,16,7,9
050,08,017,"Colorado","Cheyenne County",1,29,19,9,10
050,08,017,"Colorado","Cheyenne County",1,30,14,7,7
050,08,017,"Colorado","Cheyenne County",1,31,18,10,8
050,08,017,"Colorado","Cheyenne County",1,32,19,11,8
050,08,017,"Colorado","Cheyenne County",1,33,14,6,8
050,08,017,"Colorado","Cheyenne County",1,34,25,13,12
050,08,017,"Colorado","Cheyenne County",1,35,22,11,11
050,08,017,"Colorado","Cheyenne County",1,36,24,11,13
050,08,017,"Colorado","Cheyenne County",1,37,22,12,10
050,08,017,"Colorado","Cheyenne County",1,38,22,13,9
050,08,017,"Colorado","Cheyenne County",1,39,25,13,12
050,08,017,"Colorado","Cheyenne County",1,40,27,12,15
050,08,017,"Colorado","Cheyenne County",1,41,25,15,10
050,08,017,"Colorado","Cheyenne County",1,42,28,17,11
050,08,017,"Colorado","Cheyenne County",1,43,18,8,10
050,08,017,"Colorado","Cheyenne County",1,44,16,11,5
050,08,017,"Colorado","Cheyenne County",1,45,14,6,8
050,08,017,"Colorado","Cheyenne County",1,46,14,4,10
050,08,017,"Colorado","Cheyenne County",1,47,12,8,4
050,08,017,"Colorado","Cheyenne County",1,48,18,11,7
050,08,017,"Colorado","Cheyenne County",1,49,23,10,13
050,08,017,"Colorado","Cheyenne County",1,50,20,11,9
050,08,017,"Colorado","Cheyenne County",1,51,19,14,5
050,08,017,"Colorado","Cheyenne County",1,52,19,8,11
050,08,017,"Colorado","Cheyenne County",1,53,13,6,7
050,08,017,"Colorado","Cheyenne County",1,54,18,9,9
050,08,017,"Colorado","Cheyenne County",1,55,23,13,10
050,08,017,"Colorado","Cheyenne County",1,56,27,16,11
050,08,017,"Colorado","Cheyenne County",1,57,27,15,12
050,08,017,"Colorado","Cheyenne County",1,58,34,18,16
050,08,017,"Colorado","Cheyenne County",1,59,34,19,15
050,08,017,"Colorado","Cheyenne County",1,60,26,13,13
050,08,017,"Colorado","Cheyenne County",1,61,23,12,11
050,08,017,"Colorado","Cheyenne County",1,62,23,11,12
050,08,017,"Colorado","Cheyenne County",1,63,22,10,12
050,08,017,"Colorado","Cheyenne County",1,64,25,13,12
050,08,017,"Colorado","Cheyenne County",1,65,30,15,15
050,08,017,"Colorado","Cheyenne County",1,66,25,12,13
050,08,017,"Colorado","Cheyenne County",1,67,21,11,10
050,08,017,"Colorado","Cheyenne County",1,68,31,16,15
050,08,017,"Colorado","Cheyenne County",1,69,25,14,11
050,08,017,"Colorado","Cheyenne County",1,70,21,9,12
050,08,017,"Colorado","Cheyenne County",1,71,25,12,13
050,08,017,"Colorado","Cheyenne County",1,72,18,12,6
050,08,017,"Colorado","Cheyenne County",1,73,13,7,6
050,08,017,"Colorado","Cheyenne County",1,74,12,6,6
050,08,017,"Colorado","Cheyenne County",1,75,9,5,4
050,08,017,"Colorado","Cheyenne County",1,76,10,6,4
050,08,017,"Colorado","Cheyenne County",1,77,8,4,4
050,08,017,"Colorado","Cheyenne County",1,78,8,5,3
050,08,017,"Colorado","Cheyenne County",1,79,12,6,6
050,08,017,"Colorado","Cheyenne County",1,80,18,9,9
050,08,017,"Colorado","Cheyenne County",1,81,11,4,7
050,08,017,"Colorado","Cheyenne County",1,82,9,4,5
050,08,017,"Colorado","Cheyenne County",1,83,8,4,4
050,08,017,"Colorado","Cheyenne County",1,84,10,4,6
050,08,017,"Colorado","Cheyenne County",1,85,53,11,42
050,08,017,"Colorado","Cheyenne County",2,0,20,11,9
050,08,017,"Colorado","Cheyenne County",2,1,16,11,5
050,08,017,"Colorado","Cheyenne County",2,2,16,10,6
050,08,017,"Colorado","Cheyenne County",2,3,20,10,10
050,08,017,"Colorado","Cheyenne County",2,4,25,13,12
050,08,017,"Colorado","Cheyenne County",2,5,29,15,14
050,08,017,"Colorado","Cheyenne County",2,6,29,14,15
050,08,017,"Colorado","Cheyenne County",2,7,30,15,15
050,08,017,"Colorado","Cheyenne County",2,8,31,15,16
050,08,017,"Colorado","Cheyenne County",2,9,24,11,13
050,08,017,"Colorado","Cheyenne County",2,10,23,13,10
050,08,017,"Colorado","Cheyenne County",2,11,27,14,13
050,08,017,"Colorado","Cheyenne County",2,12,24,13,11
050,08,017,"Colorado","Cheyenne County",2,13,20,11,9
050,08,017,"Colorado","Cheyenne County",2,14,24,13,11
050,08,017,"Colorado","Cheyenne County",2,15,24,11,13
050,08,017,"Colorado","Cheyenne County",2,16,21,11,10
050,08,017,"Colorado","Cheyenne County",2,17,19,8,11
050,08,017,"Colorado","Cheyenne County",2,18,15,8,7
050,08,017,"Colorado","Cheyenne County",2,19,11,6,5
050,08,017,"Colorado","Cheyenne County",2,20,18,10,8
050,08,017,"Colorado","Cheyenne County",2,21,19,11,8
050,08,017,"Colorado","Cheyenne County",2,22,17,9,8
050,08,017,"Colorado","Cheyenne County",2,23,16,7,9
050,08,017,"Colorado","Cheyenne County",2,24,15,7,8
050,08,017,"Colorado","Cheyenne County",2,25,18,10,8
050,08,017,"Colorado","Cheyenne County",2,26,14,7,7
050,08,017,"Colorado","Cheyenne County",2,27,15,5,10
050,08,017,"Colorado","Cheyenne County",2,28,15,6,9
050,08,017,"Colorado","Cheyenne County",2,29,19,9,10
050,08,017,"Colorado","Cheyenne County",2,30,14,7,7
050,08,017,"Colorado","Cheyenne County",2,31,17,9,8
050,08,017,"Colorado","Cheyenne County",2,32,20,12,8
050,08,017,"Colorado","Cheyenne County",2,33,14,6,8
050,08,017,"Colorado","Cheyenne County",2,34,22,11,11
050,08,017,"Colorado","Cheyenne County",2,35,24,12,12
050,08,017,"Colorado","Cheyenne County",2,36,23,11,12
050,08,017,"Colorado","Cheyenne County",2,37,23,12,11
050,08,017,"Colorado","Cheyenne County",2,38,23,14,9
050,08,017,"Colorado","Cheyenne County",2,39,25,13,12
050,08,017,"Colorado","Cheyenne County",2,40,27,12,15
050,08,017,"Colorado","Cheyenne County",2,41,25,14,11
050,08,017,"Colorado","Cheyenne County",2,42,28,17,11
050,08,017,"Colorado","Cheyenne County",2,43,20,10,10
050,08,017,"Colorado","Cheyenne County",2,44,17,11,6
050,08,017,"Colorado","Cheyenne County",2,45,13,6,7
050,08,017,"Colorado","Cheyenne County",2,46,15,5,10
050,08,017,"Colorado","Cheyenne County",2,47,13,7,6
050,08,017,"Colorado","Cheyenne County",2,48,18,11,7
050,08,017,"Colorado","Cheyenne County",2,49,23,11,12
050,08,017,"Colorado","Cheyenne County",2,50,21,11,10
050,08,017,"Colorado","Cheyenne County",2,51,18,13,5
050,08,017,"Colorado","Cheyenne County",2,52,18,8,10
050,08,017,"Colorado","Cheyenne County",2,53,15,6,9
050,08,017,"Colorado","Cheyenne County",2,54,17,8,9
050,08,017,"Colorado","Cheyenne County",2,55,21,12,9
050,08,017,"Colorado","Cheyenne County",2,56,27,16,11
050,08,017,"Colorado","Cheyenne County",2,57,27,15,12
050,08,017,"Colorado","Cheyenne County",2,58,33,17,16
050,08,017,"Colorado","Cheyenne County",2,59,34,19,15
050,08,017,"Colorado","Cheyenne County",2,60,27,14,13
050,08,017,"Colorado","Cheyenne County",2,61,24,13,11
050,08,017,"Colorado","Cheyenne County",2,62,23,11,12
050,08,017,"Colorado","Cheyenne County",2,63,21,10,11
050,08,017,"Colorado","Cheyenne County",2,64,23,12,11
050,08,017,"Colorado","Cheyenne County",2,65,30,15,15
050,08,017,"Colorado","Cheyenne County",2,66,26,12,14
050,08,017,"Colorado","Cheyenne County",2,67,22,11,11
050,08,017,"Colorado","Cheyenne County",2,68,29,15,14
050,08,017,"Colorado","Cheyenne County",2,69,26,14,12
050,08,017,"Colorado","Cheyenne County",2,70,22,10,12
050,08,017,"Colorado","Cheyenne County",2,71,24,11,13
050,08,017,"Colorado","Cheyenne County",2,72,20,12,8
050,08,017,"Colorado","Cheyenne County",2,73,14,8,6
050,08,017,"Colorado","Cheyenne County",2,74,12,6,6
050,08,017,"Colorado","Cheyenne County",2,75,9,5,4
050,08,017,"Colorado","Cheyenne County",2,76,9,5,4
050,08,017,"Colorado","Cheyenne County",2,77,9,5,4
050,08,017,"Colorado","Cheyenne County",2,78,7,4,3
050,08,017,"Colorado","Cheyenne County",2,79,11,6,5
050,08,017,"Colorado","Cheyenne County",2,80,17,9,8
050,08,017,"Colorado","Cheyenne County",2,81,12,5,7
050,08,017,"Colorado","Cheyenne County",2,82,10,4,6
050,08,017,"Colorado","Cheyenne County",2,83,7,3,4
050,08,017,"Colorado","Cheyenne County",2,84,9,3,6
050,08,017,"Colorado","Cheyenne County",2,85,54,12,42
050,08,017,"Colorado","Cheyenne County",3,0,21,14,7
050,08,017,"Colorado","Cheyenne County",3,1,22,13,9
050,08,017,"Colorado","Cheyenne County",3,2,16,10,6
050,08,017,"Colorado","Cheyenne County",3,3,12,8,4
050,08,017,"Colorado","Cheyenne County",3,4,17,9,8
050,08,017,"Colorado","Cheyenne County",3,5,25,14,11
050,08,017,"Colorado","Cheyenne County",3,6,29,15,14
050,08,017,"Colorado","Cheyenne County",3,7,27,13,14
050,08,017,"Colorado","Cheyenne County",3,8,32,16,16
050,08,017,"Colorado","Cheyenne County",3,9,32,15,17
050,08,017,"Colorado","Cheyenne County",3,10,21,8,13
050,08,017,"Colorado","Cheyenne County",3,11,24,13,11
050,08,017,"Colorado","Cheyenne County",3,12,28,13,15
050,08,017,"Colorado","Cheyenne County",3,13,23,12,11
050,08,017,"Colorado","Cheyenne County",3,14,20,12,8
050,08,017,"Colorado","Cheyenne County",3,15,25,14,11
050,08,017,"Colorado","Cheyenne County",3,16,22,10,12
050,08,017,"Colorado","Cheyenne County",3,17,22,13,9
050,08,017,"Colorado","Cheyenne County",3,18,15,7,8
050,08,017,"Colorado","Cheyenne County",3,19,12,8,4
050,08,017,"Colorado","Cheyenne County",3,20,9,4,5
050,08,017,"Colorado","Cheyenne County",3,21,15,9,6
050,08,017,"Colorado","Cheyenne County",3,22,21,12,9
050,08,017,"Colorado","Cheyenne County",3,23,16,9,7
050,08,017,"Colorado","Cheyenne County",3,24,16,7,9
050,08,017,"Colorado","Cheyenne County",3,25,16,9,7
050,08,017,"Colorado","Cheyenne County",3,26,15,11,4
050,08,017,"Colorado","Cheyenne County",3,27,13,5,8
050,08,017,"Colorado","Cheyenne County",3,28,13,5,8
050,08,017,"Colorado","Cheyenne County",3,29,15,6,9
050,08,017,"Colorado","Cheyenne County",3,30,18,8,10
050,08,017,"Colorado","Cheyenne County",3,31,13,8,5
050,08,017,"Colorado","Cheyenne County",3,32,18,9,9
050,08,017,"Colorado","Cheyenne County",3,33,17,10,7
050,08,017,"Colorado","Cheyenne County",3,34,14,6,8
050,08,017,"Colorado","Cheyenne County",3,35,22,11,11
050,08,017,"Colorado","Cheyenne County",3,36,26,14,12
050,08,017,"Colorado","Cheyenne County",3,37,23,11,12
050,08,017,"Colorado","Cheyenne County",3,38,25,12,13
050,08,017,"Colorado","Cheyenne County",3,39,22,12,10
050,08,017,"Colorado","Cheyenne County",3,40,27,14,13
050,08,017,"Colorado","Cheyenne County",3,41,27,12,15
050,08,017,"Colorado","Cheyenne County",3,42,25,14,11
050,08,017,"Colorado","Cheyenne County",3,43,26,16,10
050,08,017,"Colorado","Cheyenne County",3,44,19,9,10
050,08,017,"Colorado","Cheyenne County",3,45,17,10,7
050,08,017,"Colorado","Cheyenne County",3,46,13,6,7
050,08,017,"Colorado","Cheyenne County",3,47,16,5,11
050,08,017,"Colorado","Cheyenne County",3,48,13,7,6
050,08,017,"Colorado","Cheyenne County",3,49,18,10,8
050,08,017,"Colorado","Cheyenne County",3,50,21,10,11
050,08,017,"Colorado","Cheyenne County",3,51,23,13,10
050,08,017,"Colorado","Cheyenne County",3,52,18,13,5
050,08,017,"Colorado","Cheyenne County",3,53,17,7,10
050,08,017,"Colorado","Cheyenne County",3,54,15,6,9
050,08,017,"Colorado","Cheyenne County",3,55,18,9,9
050,08,017,"Colorado","Cheyenne County",3,56,19,11,8
050,08,017,"Colorado","Cheyenne County",3,57,27,16,11
050,08,017,"Colorado","Cheyenne County",3,58,28,14,14
050,08,017,"Colorado","Cheyenne County",3,59,33,17,16
050,08,017,"Colorado","Cheyenne County",3,60,31,19,12
050,08,017,"Colorado","Cheyenne County",3,61,27,14,13
050,08,017,"Colorado","Cheyenne County",3,62,24,13,11
050,08,017,"Colorado","Cheyenne County",3,63,22,10,12
050,08,017,"Colorado","Cheyenne County",3,64,21,10,11
050,08,017,"Colorado","Cheyenne County",3,65,24,12,12
050,08,017,"Colorado","Cheyenne County",3,66,30,15,15
050,08,017,"Colorado","Cheyenne County",3,67,24,10,14
050,08,017,"Colorado","Cheyenne County",3,68,21,11,10
050,08,017,"Colorado","Cheyenne County",3,69,29,14,15
050,08,017,"Colorado","Cheyenne County",3,70,26,14,12
050,08,017,"Colorado","Cheyenne County",3,71,20,11,9
050,08,017,"Colorado","Cheyenne County",3,72,24,12,12
050,08,017,"Colorado","Cheyenne County",3,73,18,10,8
050,08,017,"Colorado","Cheyenne County",3,74,14,8,6
050,08,017,"Colorado","Cheyenne County",3,75,11,5,6
050,08,017,"Colorado","Cheyenne County",3,76,10,5,5
050,08,017,"Colorado","Cheyenne County",3,77,9,5,4
050,08,017,"Colorado","Cheyenne County",3,78,9,5,4
050,08,017,"Colorado","Cheyenne County",3,79,6,4,2
050,08,017,"Colorado","Cheyenne County",3,80,10,4,6
050,08,017,"Colorado","Cheyenne County",3,81,15,8,7
050,08,017,"Colorado","Cheyenne County",3,82,10,5,5
050,08,017,"Colorado","Cheyenne County",3,83,9,3,6
050,08,017,"Colorado","Cheyenne County",3,84,7,3,4
050,08,017,"Colorado","Cheyenne County",3,85,56,12,44
050,08,017,"Colorado","Cheyenne County",4,0,14,7,7
050,08,017,"Colorado","Cheyenne County",4,1,19,14,5
050,08,017,"Colorado","Cheyenne County",4,2,23,14,9
050,08,017,"Colorado","Cheyenne County",4,3,16,10,6
050,08,017,"Colorado","Cheyenne County",4,4,11,7,4
050,08,017,"Colorado","Cheyenne County",4,5,21,11,10
050,08,017,"Colorado","Cheyenne County",4,6,27,15,12
050,08,017,"Colorado","Cheyenne County",4,7,30,15,15
050,08,017,"Colorado","Cheyenne County",4,8,33,13,20
050,08,017,"Colorado","Cheyenne County",4,9,31,14,17
050,08,017,"Colorado","Cheyenne County",4,10,36,17,19
050,08,017,"Colorado","Cheyenne County",4,11,23,13,10
050,08,017,"Colorado","Cheyenne County",4,12,26,13,13
050,08,017,"Colorado","Cheyenne County",4,13,29,13,16
050,08,017,"Colorado","Cheyenne County",4,14,23,12,11
050,08,017,"Colorado","Cheyenne County",4,15,24,14,10
050,08,017,"Colorado","Cheyenne County",4,16,23,14,9
050,08,017,"Colorado","Cheyenne County",4,17,22,10,12
050,08,017,"Colorado","Cheyenne County",4,18,20,12,8
050,08,017,"Colorado","Cheyenne County",4,19,11,6,5
050,08,017,"Colorado","Cheyenne County",4,20,11,6,5
050,08,017,"Colorado","Cheyenne County",4,21,9,4,5
050,08,017,"Colorado","Cheyenne County",4,22,15,9,6
050,08,017,"Colorado","Cheyenne County",4,23,22,14,8
050,08,017,"Colorado","Cheyenne County",4,24,18,10,8
050,08,017,"Colorado","Cheyenne County",4,25,19,8,11
050,08,017,"Colorado","Cheyenne County",4,26,10,6,4
050,08,017,"Colorado","Cheyenne County",4,27,12,10,2
050,08,017,"Colorado","Cheyenne County",4,28,12,3,9
050,08,017,"Colorado","Cheyenne County",4,29,15,5,10
050,08,017,"Colorado","Cheyenne County",4,30,14,5,9
050,08,017,"Colorado","Cheyenne County",4,31,23,12,11
050,08,017,"Colorado","Cheyenne County",4,32,12,7,5
050,08,017,"Colorado","Cheyenne County",4,33,20,9,11
050,08,017,"Colorado","Cheyenne County",4,34,19,12,7
050,08,017,"Colorado","Cheyenne County",4,35,15,6,9
050,08,017,"Colorado","Cheyenne County",4,36,27,13,14
050,08,017,"Colorado","Cheyenne County",4,37,25,13,12
050,08,017,"Colorado","Cheyenne County",4,38,22,10,12
050,08,017,"Colorado","Cheyenne County",4,39,24,10,14
050,08,017,"Colorado","Cheyenne County",4,40,27,13,14
050,08,017,"Colorado","Cheyenne County",4,41,25,13,12
050,08,017,"Colorado","Cheyenne County",4,42,27,13,14
050,08,017,"Colorado","Cheyenne County",4,43,26,14,12
050,08,017,"Colorado","Cheyenne County",4,44,24,15,9
050,08,017,"Colorado","Cheyenne County",4,45,19,9,10
050,08,017,"Colorado","Cheyenne County",4,46,16,10,6
050,08,017,"Colorado","Cheyenne County",4,47,13,6,7
050,08,017,"Colorado","Cheyenne County",4,48,15,5,10
050,08,017,"Colorado","Cheyenne County",4,49,12,7,5
050,08,017,"Colorado","Cheyenne County",4,50,18,10,8
050,08,017,"Colorado","Cheyenne County",4,51,20,10,10
050,08,017,"Colorado","Cheyenne County",4,52,22,12,10
050,08,017,"Colorado","Cheyenne County",4,53,16,11,5
050,08,017,"Colorado","Cheyenne County",4,54,16,7,9
050,08,017,"Colorado","Cheyenne County",4,55,14,6,8
050,08,017,"Colorado","Cheyenne County",4,56,18,9,9
050,08,017,"Colorado","Cheyenne County",4,57,19,11,8
050,08,017,"Colorado","Cheyenne County",4,58,28,16,12
050,08,017,"Colorado","Cheyenne County",4,59,29,15,14
050,08,017,"Colorado","Cheyenne County",4,60,34,18,16
050,08,017,"Colorado","Cheyenne County",4,61,31,18,13
050,08,017,"Colorado","Cheyenne County",4,62,30,16,14
050,08,017,"Colorado","Cheyenne County",4,63,24,13,11
050,08,017,"Colorado","Cheyenne County",4,64,21,9,12
050,08,017,"Colorado","Cheyenne County",4,65,20,9,11
050,08,017,"Colorado","Cheyenne County",4,66,24,12,12
050,08,017,"Colorado","Cheyenne County",4,67,30,15,15
050,08,017,"Colorado","Cheyenne County",4,68,25,11,14
050,08,017,"Colorado","Cheyenne County",4,69,19,9,10
050,08,017,"Colorado","Cheyenne County",4,70,28,14,14
050,08,017,"Colorado","Cheyenne County",4,71,24,13,11
050,08,017,"Colorado","Cheyenne County",4,72,21,12,9
050,08,017,"Colorado","Cheyenne County",4,73,20,8,12
050,08,017,"Colorado","Cheyenne County",4,74,19,10,9
050,08,017,"Colorado","Cheyenne County",4,75,14,8,6
050,08,017,"Colorado","Cheyenne County",4,76,11,5,6
050,08,017,"Colorado","Cheyenne County",4,77,10,5,5
050,08,017,"Colorado","Cheyenne County",4,78,9,5,4
050,08,017,"Colorado","Cheyenne County",4,79,9,5,4
050,08,017,"Colorado","Cheyenne County",4,80,8,4,4
050,08,017,"Colorado","Cheyenne County",4,81,10,5,5
050,08,017,"Colorado","Cheyenne County",4,82,12,5,7
050,08,017,"Colorado","Cheyenne County",4,83,9,4,5
050,08,017,"Colorado","Cheyenne County",4,84,6,3,3
050,08,017,"Colorado","Cheyenne County",4,85,53,13,40
050,08,017,"Colorado","Cheyenne County",5,0,14,7,7
050,08,017,"Colorado","Cheyenne County",5,1,18,11,7
050,08,017,"Colorado","Cheyenne County",5,2,20,16,4
050,08,017,"Colorado","Cheyenne County",5,3,22,12,10
050,08,017,"Colorado","Cheyenne County",5,4,18,11,7
050,08,017,"Colorado","Cheyenne County",5,5,12,8,4
050,08,017,"Colorado","Cheyenne County",5,6,22,12,10
050,08,017,"Colorado","Cheyenne County",5,7,24,12,12
050,08,017,"Colorado","Cheyenne County",5,8,31,15,16
050,08,017,"Colorado","Cheyenne County",5,9,34,14,20
050,08,017,"Colorado","Cheyenne County",5,10,28,14,14
050,08,017,"Colorado","Cheyenne County",5,11,35,17,18
050,08,017,"Colorado","Cheyenne County",5,12,22,10,12
050,08,017,"Colorado","Cheyenne County",5,13,27,13,14
050,08,017,"Colorado","Cheyenne County",5,14,26,11,15
050,08,017,"Colorado","Cheyenne County",5,15,25,13,12
050,08,017,"Colorado","Cheyenne County",5,16,23,12,11
050,08,017,"Colorado","Cheyenne County",5,17,25,16,9
050,08,017,"Colorado","Cheyenne County",5,18,18,8,10
050,08,017,"Colorado","Cheyenne County",5,19,19,12,7
050,08,017,"Colorado","Cheyenne County",5,20,13,7,6
050,08,017,"Colorado","Cheyenne County",5,21,13,6,7
050,08,017,"Colorado","Cheyenne County",5,22,11,2,9
050,08,017,"Colorado","Cheyenne County",5,23,18,12,6
050,08,017,"Colorado","Cheyenne County",5,24,22,14,8
050,08,017,"Colorado","Cheyenne County",5,25,19,9,10
050,08,017,"Colorado","Cheyenne County",5,26,16,6,10
050,08,017,"Colorado","Cheyenne County",5,27,13,7,6
050,08,017,"Colorado","Cheyenne County",5,28,14,10,4
050,08,017,"Colorado","Cheyenne County",5,29,15,5,10
050,08,017,"Colorado","Cheyenne County",5,30,15,5,10
050,08,017,"Colorado","Cheyenne County",5,31,16,5,11
050,08,017,"Colorado","Cheyenne County",5,32,23,11,12
050,08,017,"Colorado","Cheyenne County",5,33,10,6,4
050,08,017,"Colorado","Cheyenne County",5,34,19,11,8
050,08,017,"Colorado","Cheyenne County",5,35,19,12,7
050,08,017,"Colorado","Cheyenne County",5,36,13,6,7
050,08,017,"Colorado","Cheyenne County",5,37,22,7,15
050,08,017,"Colorado","Cheyenne County",5,38,27,16,11
050,08,017,"Colorado","Cheyenne County",5,39,24,11,13
050,08,017,"Colorado","Cheyenne County",5,40,24,9,15
050,08,017,"Colorado","Cheyenne County",5,41,27,13,14
050,08,017,"Colorado","Cheyenne County",5,42,28,15,13
050,08,017,"Colorado","Cheyenne County",5,43,28,14,14
050,08,017,"Colorado","Cheyenne County",5,44,27,15,12
050,08,017,"Colorado","Cheyenne County",5,45,26,16,10
050,08,017,"Colorado","Cheyenne County",5,46,18,9,9
050,08,017,"Colorado","Cheyenne County",5,47,15,10,5
050,08,017,"Colorado","Cheyenne County",5,48,14,7,7
050,08,017,"Colorado","Cheyenne County",5,49,15,5,10
050,08,017,"Colorado","Cheyenne County",5,50,11,7,4
050,08,017,"Colorado","Cheyenne County",5,51,18,10,8
050,08,017,"Colorado","Cheyenne County",5,52,19,9,10
050,08,017,"Colorado","Cheyenne County",5,53,25,12,13
050,08,017,"Colorado","Cheyenne County",5,54,14,9,5
050,08,017,"Colorado","Cheyenne County",5,55,15,8,7
050,08,017,"Colorado","Cheyenne County",5,56,13,6,7
050,08,017,"Colorado","Cheyenne County",5,57,21,9,12
050,08,017,"Colorado","Cheyenne County",5,58,20,11,9
050,08,017,"Colorado","Cheyenne County",5,59,28,16,12
050,08,017,"Colorado","Cheyenne County",5,60,28,15,13
050,08,017,"Colorado","Cheyenne County",5,61,29,14,15
050,08,017,"Colorado","Cheyenne County",5,62,32,18,14
050,08,017,"Colorado","Cheyenne County",5,63,27,13,14
050,08,017,"Colorado","Cheyenne County",5,64,22,11,11
050,08,017,"Colorado","Cheyenne County",5,65,20,8,12
050,08,017,"Colorado","Cheyenne County",5,66,18,9,9
050,08,017,"Colorado","Cheyenne County",5,67,26,13,13
050,08,017,"Colorado","Cheyenne County",5,68,31,16,15
050,08,017,"Colorado","Cheyenne County",5,69,23,9,14
050,08,017,"Colorado","Cheyenne County",5,70,19,9,10
050,08,017,"Colorado","Cheyenne County",5,71,27,13,14
050,08,017,"Colorado","Cheyenne County",5,72,25,14,11
050,08,017,"Colorado","Cheyenne County",5,73,14,5,9
050,08,017,"Colorado","Cheyenne County",5,74,20,8,12
050,08,017,"Colorado","Cheyenne County",5,75,19,10,9
050,08,017,"Colorado","Cheyenne County",5,76,14,8,6
050,08,017,"Colorado","Cheyenne County",5,77,11,5,6
050,08,017,"Colorado","Cheyenne County",5,78,11,5,6
050,08,017,"Colorado","Cheyenne County",5,79,8,5,3
050,08,017,"Colorado","Cheyenne County",5,80,10,5,5
050,08,017,"Colorado","Cheyenne County",5,81,8,5,3
050,08,017,"Colorado","Cheyenne County",5,82,9,4,5
050,08,017,"Colorado","Cheyenne County",5,83,10,3,7
050,08,017,"Colorado","Cheyenne County",5,84,8,4,4
050,08,017,"Colorado","Cheyenne County",5,85,47,14,33
050,08,019,"Colorado","Clear Creek County",1,0,65,34,31
050,08,019,"Colorado","Clear Creek County",1,1,67,32,35
050,08,019,"Colorado","Clear Creek County",1,2,83,44,39
050,08,019,"Colorado","Clear Creek County",1,3,77,48,29
050,08,019,"Colorado","Clear Creek County",1,4,76,45,31
050,08,019,"Colorado","Clear Creek County",1,5,66,30,36
050,08,019,"Colorado","Clear Creek County",1,6,64,32,32
050,08,019,"Colorado","Clear Creek County",1,7,69,39,30
050,08,019,"Colorado","Clear Creek County",1,8,60,36,24
050,08,019,"Colorado","Clear Creek County",1,9,73,40,33
050,08,019,"Colorado","Clear Creek County",1,10,79,40,39
050,08,019,"Colorado","Clear Creek County",1,11,77,39,38
050,08,019,"Colorado","Clear Creek County",1,12,90,47,43
050,08,019,"Colorado","Clear Creek County",1,13,88,47,41
050,08,019,"Colorado","Clear Creek County",1,14,89,54,35
050,08,019,"Colorado","Clear Creek County",1,15,81,43,38
050,08,019,"Colorado","Clear Creek County",1,16,94,46,48
050,08,019,"Colorado","Clear Creek County",1,17,83,42,41
050,08,019,"Colorado","Clear Creek County",1,18,73,39,34
050,08,019,"Colorado","Clear Creek County",1,19,64,30,34
050,08,019,"Colorado","Clear Creek County",1,20,63,32,31
050,08,019,"Colorado","Clear Creek County",1,21,60,32,28
050,08,019,"Colorado","Clear Creek County",1,22,65,40,25
050,08,019,"Colorado","Clear Creek County",1,23,70,43,27
050,08,019,"Colorado","Clear Creek County",1,24,75,43,32
050,08,019,"Colorado","Clear Creek County",1,25,85,45,40
050,08,019,"Colorado","Clear Creek County",1,26,98,58,40
050,08,019,"Colorado","Clear Creek County",1,27,93,62,31
050,08,019,"Colorado","Clear Creek County",1,28,95,56,39
050,08,019,"Colorado","Clear Creek County",1,29,107,53,54
050,08,019,"Colorado","Clear Creek County",1,30,128,71,57
050,08,019,"Colorado","Clear Creek County",1,31,132,72,60
050,08,019,"Colorado","Clear Creek County",1,32,140,76,64
050,08,019,"Colorado","Clear Creek County",1,33,128,75,53
050,08,019,"Colorado","Clear Creek County",1,34,111,61,50
050,08,019,"Colorado","Clear Creek County",1,35,124,66,58
050,08,019,"Colorado","Clear Creek County",1,36,130,76,54
050,08,019,"Colorado","Clear Creek County",1,37,131,67,64
050,08,019,"Colorado","Clear Creek County",1,38,121,61,60
050,08,019,"Colorado","Clear Creek County",1,39,127,71,56
050,08,019,"Colorado","Clear Creek County",1,40,126,66,60
050,08,019,"Colorado","Clear Creek County",1,41,124,63,61
050,08,019,"Colorado","Clear Creek County",1,42,120,63,57
050,08,019,"Colorado","Clear Creek County",1,43,130,67,63
050,08,019,"Colorado","Clear Creek County",1,44,119,70,49
050,08,019,"Colorado","Clear Creek County",1,45,129,78,51
050,08,019,"Colorado","Clear Creek County",1,46,120,59,61
050,08,019,"Colorado","Clear Creek County",1,47,116,63,53
050,08,019,"Colorado","Clear Creek County",1,48,119,67,52
050,08,019,"Colorado","Clear Creek County",1,49,158,76,82
050,08,019,"Colorado","Clear Creek County",1,50,176,87,89
050,08,019,"Colorado","Clear Creek County",1,51,150,75,75
050,08,019,"Colorado","Clear Creek County",1,52,141,72,69
050,08,019,"Colorado","Clear Creek County",1,53,148,74,74
050,08,019,"Colorado","Clear Creek County",1,54,146,69,77
050,08,019,"Colorado","Clear Creek County",1,55,153,73,80
050,08,019,"Colorado","Clear Creek County",1,56,162,78,84
050,08,019,"Colorado","Clear Creek County",1,57,172,99,73
050,08,019,"Colorado","Clear Creek County",1,58,169,83,86
050,08,019,"Colorado","Clear Creek County",1,59,180,83,97
050,08,019,"Colorado","Clear Creek County",1,60,192,99,93
050,08,019,"Colorado","Clear Creek County",1,61,202,111,91
050,08,019,"Colorado","Clear Creek County",1,62,193,108,85
050,08,019,"Colorado","Clear Creek County",1,63,177,95,82
050,08,019,"Colorado","Clear Creek County",1,64,182,91,91
050,08,019,"Colorado","Clear Creek County",1,65,183,99,84
050,08,019,"Colorado","Clear Creek County",1,66,162,80,82
050,08,019,"Colorado","Clear Creek County",1,67,156,80,76
050,08,019,"Colorado","Clear Creek County",1,68,168,102,66
050,08,019,"Colorado","Clear Creek County",1,69,143,82,61
050,08,019,"Colorado","Clear Creek County",1,70,121,59,62
050,08,019,"Colorado","Clear Creek County",1,71,129,69,60
050,08,019,"Colorado","Clear Creek County",1,72,132,66,66
050,08,019,"Colorado","Clear Creek County",1,73,133,65,68
050,08,019,"Colorado","Clear Creek County",1,74,78,46,32
050,08,019,"Colorado","Clear Creek County",1,75,78,44,34
050,08,019,"Colorado","Clear Creek County",1,76,78,40,38
050,08,019,"Colorado","Clear Creek County",1,77,67,35,32
050,08,019,"Colorado","Clear Creek County",1,78,58,33,25
050,08,019,"Colorado","Clear Creek County",1,79,47,29,18
050,08,019,"Colorado","Clear Creek County",1,80,35,25,10
050,08,019,"Colorado","Clear Creek County",1,81,33,18,15
050,08,019,"Colorado","Clear Creek County",1,82,31,16,15
050,08,019,"Colorado","Clear Creek County",1,83,21,8,13
050,08,019,"Colorado","Clear Creek County",1,84,20,6,14
050,08,019,"Colorado","Clear Creek County",1,85,116,56,60
050,08,019,"Colorado","Clear Creek County",2,0,65,36,29
050,08,019,"Colorado","Clear Creek County",2,1,68,33,35
050,08,019,"Colorado","Clear Creek County",2,2,79,42,37
050,08,019,"Colorado","Clear Creek County",2,3,78,47,31
050,08,019,"Colorado","Clear Creek County",2,4,75,44,31
050,08,019,"Colorado","Clear Creek County",2,5,68,33,35
050,08,019,"Colorado","Clear Creek County",2,6,65,32,33
050,08,019,"Colorado","Clear Creek County",2,7,66,36,30
050,08,019,"Colorado","Clear Creek County",2,8,63,37,26
050,08,019,"Colorado","Clear Creek County",2,9,68,38,30
050,08,019,"Colorado","Clear Creek County",2,10,75,38,37
050,08,019,"Colorado","Clear Creek County",2,11,77,39,38
050,08,019,"Colorado","Clear Creek County",2,12,87,45,42
050,08,019,"Colorado","Clear Creek County",2,13,90,48,42
050,08,019,"Colorado","Clear Creek County",2,14,87,51,36
050,08,019,"Colorado","Clear Creek County",2,15,83,45,38
050,08,019,"Colorado","Clear Creek County",2,16,93,46,47
050,08,019,"Colorado","Clear Creek County",2,17,86,44,42
050,08,019,"Colorado","Clear Creek County",2,18,71,37,34
050,08,019,"Colorado","Clear Creek County",2,19,64,31,33
050,08,019,"Colorado","Clear Creek County",2,20,65,34,31
050,08,019,"Colorado","Clear Creek County",2,21,62,33,29
050,08,019,"Colorado","Clear Creek County",2,22,66,40,26
050,08,019,"Colorado","Clear Creek County",2,23,72,44,28
050,08,019,"Colorado","Clear Creek County",2,24,73,42,31
050,08,019,"Colorado","Clear Creek County",2,25,85,45,40
050,08,019,"Colorado","Clear Creek County",2,26,96,57,39
050,08,019,"Colorado","Clear Creek County",2,27,95,62,33
050,08,019,"Colorado","Clear Creek County",2,28,95,58,37
050,08,019,"Colorado","Clear Creek County",2,29,106,55,51
050,08,019,"Colorado","Clear Creek County",2,30,129,70,59
050,08,019,"Colorado","Clear Creek County",2,31,133,72,61
050,08,019,"Colorado","Clear Creek County",2,32,143,80,63
050,08,019,"Colorado","Clear Creek County",2,33,133,77,56
050,08,019,"Colorado","Clear Creek County",2,34,116,63,53
050,08,019,"Colorado","Clear Creek County",2,35,125,68,57
050,08,019,"Colorado","Clear Creek County",2,36,128,74,54
050,08,019,"Colorado","Clear Creek County",2,37,131,69,62
050,08,019,"Colorado","Clear Creek County",2,38,128,64,64
050,08,019,"Colorado","Clear Creek County",2,39,125,68,57
050,08,019,"Colorado","Clear Creek County",2,40,127,67,60
050,08,019,"Colorado","Clear Creek County",2,41,123,64,59
050,08,019,"Colorado","Clear Creek County",2,42,120,63,57
050,08,019,"Colorado","Clear Creek County",2,43,128,66,62
050,08,019,"Colorado","Clear Creek County",2,44,118,68,50
050,08,019,"Colorado","Clear Creek County",2,45,125,74,51
050,08,019,"Colorado","Clear Creek County",2,46,124,64,60
050,08,019,"Colorado","Clear Creek County",2,47,116,62,54
050,08,019,"Colorado","Clear Creek County",2,48,118,67,51
050,08,019,"Colorado","Clear Creek County",2,49,150,75,75
050,08,019,"Colorado","Clear Creek County",2,50,169,85,84
050,08,019,"Colorado","Clear Creek County",2,51,156,77,79
050,08,019,"Colorado","Clear Creek County",2,52,144,73,71
050,08,019,"Colorado","Clear Creek County",2,53,145,72,73
050,08,019,"Colorado","Clear Creek County",2,54,147,71,76
050,08,019,"Colorado","Clear Creek County",2,55,151,70,81
050,08,019,"Colorado","Clear Creek County",2,56,161,78,83
050,08,019,"Colorado","Clear Creek County",2,57,168,92,76
050,08,019,"Colorado","Clear Creek County",2,58,168,85,83
050,08,019,"Colorado","Clear Creek County",2,59,177,84,93
050,08,019,"Colorado","Clear Creek County",2,60,188,94,94
050,08,019,"Colorado","Clear Creek County",2,61,195,107,88
050,08,019,"Colorado","Clear Creek County",2,62,194,108,86
050,08,019,"Colorado","Clear Creek County",2,63,183,99,84
050,08,019,"Colorado","Clear Creek County",2,64,176,92,84
050,08,019,"Colorado","Clear Creek County",2,65,183,98,85
050,08,019,"Colorado","Clear Creek County",2,66,165,83,82
050,08,019,"Colorado","Clear Creek County",2,67,154,80,74
050,08,019,"Colorado","Clear Creek County",2,68,161,94,67
050,08,019,"Colorado","Clear Creek County",2,69,150,87,63
050,08,019,"Colorado","Clear Creek County",2,70,125,63,62
050,08,019,"Colorado","Clear Creek County",2,71,128,68,60
050,08,019,"Colorado","Clear Creek County",2,72,127,64,63
050,08,019,"Colorado","Clear Creek County",2,73,141,70,71
050,08,019,"Colorado","Clear Creek County",2,74,86,48,38
050,08,019,"Colorado","Clear Creek County",2,75,77,45,32
050,08,019,"Colorado","Clear Creek County",2,76,74,38,36
050,08,019,"Colorado","Clear Creek County",2,77,71,37,34
050,08,019,"Colorado","Clear Creek County",2,78,58,32,26
050,08,019,"Colorado","Clear Creek County",2,79,48,29,19
050,08,019,"Colorado","Clear Creek County",2,80,37,25,12
050,08,019,"Colorado","Clear Creek County",2,81,33,19,14
050,08,019,"Colorado","Clear Creek County",2,82,32,17,15
050,08,019,"Colorado","Clear Creek County",2,83,22,9,13
050,08,019,"Colorado","Clear Creek County",2,84,20,6,14
050,08,019,"Colorado","Clear Creek County",2,85,116,56,60
050,08,019,"Colorado","Clear Creek County",3,0,72,25,47
050,08,019,"Colorado","Clear Creek County",3,1,61,36,25
050,08,019,"Colorado","Clear Creek County",3,2,68,34,34
050,08,019,"Colorado","Clear Creek County",3,3,73,37,36
050,08,019,"Colorado","Clear Creek County",3,4,79,48,31
050,08,019,"Colorado","Clear Creek County",3,5,73,42,31
050,08,019,"Colorado","Clear Creek County",3,6,61,32,29
050,08,019,"Colorado","Clear Creek County",3,7,66,33,33
050,08,019,"Colorado","Clear Creek County",3,8,63,31,32
050,08,019,"Colorado","Clear Creek County",3,9,61,36,25
050,08,019,"Colorado","Clear Creek County",3,10,66,34,32
050,08,019,"Colorado","Clear Creek County",3,11,67,32,35
050,08,019,"Colorado","Clear Creek County",3,12,77,41,36
050,08,019,"Colorado","Clear Creek County",3,13,87,45,42
050,08,019,"Colorado","Clear Creek County",3,14,89,46,43
050,08,019,"Colorado","Clear Creek County",3,15,84,50,34
050,08,019,"Colorado","Clear Creek County",3,16,92,49,43
050,08,019,"Colorado","Clear Creek County",3,17,93,50,43
050,08,019,"Colorado","Clear Creek County",3,18,73,39,34
050,08,019,"Colorado","Clear Creek County",3,19,62,35,27
050,08,019,"Colorado","Clear Creek County",3,20,73,35,38
050,08,019,"Colorado","Clear Creek County",3,21,67,39,28
050,08,019,"Colorado","Clear Creek County",3,22,65,35,30
050,08,019,"Colorado","Clear Creek County",3,23,83,45,38
050,08,019,"Colorado","Clear Creek County",3,24,72,35,37
050,08,019,"Colorado","Clear Creek County",3,25,73,40,33
050,08,019,"Colorado","Clear Creek County",3,26,76,40,36
050,08,019,"Colorado","Clear Creek County",3,27,103,59,44
050,08,019,"Colorado","Clear Creek County",3,28,115,77,38
050,08,019,"Colorado","Clear Creek County",3,29,94,54,40
050,08,019,"Colorado","Clear Creek County",3,30,135,67,68
050,08,019,"Colorado","Clear Creek County",3,31,141,73,68
050,08,019,"Colorado","Clear Creek County",3,32,149,77,72
050,08,019,"Colorado","Clear Creek County",3,33,167,94,73
050,08,019,"Colorado","Clear Creek County",3,34,137,78,59
050,08,019,"Colorado","Clear Creek County",3,35,123,66,57
050,08,019,"Colorado","Clear Creek County",3,36,133,73,60
050,08,019,"Colorado","Clear Creek County",3,37,143,81,62
050,08,019,"Colorado","Clear Creek County",3,38,129,68,61
050,08,019,"Colorado","Clear Creek County",3,39,130,65,65
050,08,019,"Colorado","Clear Creek County",3,40,121,66,55
050,08,019,"Colorado","Clear Creek County",3,41,137,71,66
050,08,019,"Colorado","Clear Creek County",3,42,115,60,55
050,08,019,"Colorado","Clear Creek County",3,43,122,65,57
050,08,019,"Colorado","Clear Creek County",3,44,132,71,61
050,08,019,"Colorado","Clear Creek County",3,45,118,65,53
050,08,019,"Colorado","Clear Creek County",3,46,128,74,54
050,08,019,"Colorado","Clear Creek County",3,47,128,66,62
050,08,019,"Colorado","Clear Creek County",3,48,117,62,55
050,08,019,"Colorado","Clear Creek County",3,49,122,71,51
050,08,019,"Colorado","Clear Creek County",3,50,143,73,70
050,08,019,"Colorado","Clear Creek County",3,51,171,82,89
050,08,019,"Colorado","Clear Creek County",3,52,155,74,81
050,08,019,"Colorado","Clear Creek County",3,53,160,85,75
050,08,019,"Colorado","Clear Creek County",3,54,145,68,77
050,08,019,"Colorado","Clear Creek County",3,55,144,72,72
050,08,019,"Colorado","Clear Creek County",3,56,155,75,80
050,08,019,"Colorado","Clear Creek County",3,57,154,75,79
050,08,019,"Colorado","Clear Creek County",3,58,174,96,78
050,08,019,"Colorado","Clear Creek County",3,59,160,79,81
050,08,019,"Colorado","Clear Creek County",3,60,165,73,92
050,08,019,"Colorado","Clear Creek County",3,61,180,95,85
050,08,019,"Colorado","Clear Creek County",3,62,185,106,79
050,08,019,"Colorado","Clear Creek County",3,63,180,99,81
050,08,019,"Colorado","Clear Creek County",3,64,189,102,87
050,08,019,"Colorado","Clear Creek County",3,65,166,82,84
050,08,019,"Colorado","Clear Creek County",3,66,172,93,79
050,08,019,"Colorado","Clear Creek County",3,67,159,77,82
050,08,019,"Colorado","Clear Creek County",3,68,149,78,71
050,08,019,"Colorado","Clear Creek County",3,69,152,89,63
050,08,019,"Colorado","Clear Creek County",3,70,146,84,62
050,08,019,"Colorado","Clear Creek County",3,71,118,59,59
050,08,019,"Colorado","Clear Creek County",3,72,125,66,59
050,08,019,"Colorado","Clear Creek County",3,73,125,62,63
050,08,019,"Colorado","Clear Creek County",3,74,140,71,69
050,08,019,"Colorado","Clear Creek County",3,75,82,47,35
050,08,019,"Colorado","Clear Creek County",3,76,75,44,31
050,08,019,"Colorado","Clear Creek County",3,77,73,38,35
050,08,019,"Colorado","Clear Creek County",3,78,68,37,31
050,08,019,"Colorado","Clear Creek County",3,79,56,30,26
050,08,019,"Colorado","Clear Creek County",3,80,44,29,15
050,08,019,"Colorado","Clear Creek County",3,81,35,23,12
050,08,019,"Colorado","Clear Creek County",3,82,29,16,13
050,08,019,"Colorado","Clear Creek County",3,83,30,17,13
050,08,019,"Colorado","Clear Creek County",3,84,21,9,12
050,08,019,"Colorado","Clear Creek County",3,85,117,56,61
050,08,019,"Colorado","Clear Creek County",4,0,67,20,47
050,08,019,"Colorado","Clear Creek County",4,1,78,30,48
050,08,019,"Colorado","Clear Creek County",4,2,62,39,23
050,08,019,"Colorado","Clear Creek County",4,3,74,34,40
050,08,019,"Colorado","Clear Creek County",4,4,70,35,35
050,08,019,"Colorado","Clear Creek County",4,5,76,46,30
050,08,019,"Colorado","Clear Creek County",4,6,67,36,31
050,08,019,"Colorado","Clear Creek County",4,7,55,28,27
050,08,019,"Colorado","Clear Creek County",4,8,72,34,38
050,08,019,"Colorado","Clear Creek County",4,9,61,30,31
050,08,019,"Colorado","Clear Creek County",4,10,57,33,24
050,08,019,"Colorado","Clear Creek County",4,11,69,32,37
050,08,019,"Colorado","Clear Creek County",4,12,68,31,37
050,08,019,"Colorado","Clear Creek County",4,13,83,45,38
050,08,019,"Colorado","Clear Creek County",4,14,80,41,39
050,08,019,"Colorado","Clear Creek County",4,15,83,42,41
050,08,019,"Colorado","Clear Creek County",4,16,84,50,34
050,08,019,"Colorado","Clear Creek County",4,17,89,48,41
050,08,019,"Colorado","Clear Creek County",4,18,81,43,38
050,08,019,"Colorado","Clear Creek County",4,19,60,29,31
050,08,019,"Colorado","Clear Creek County",4,20,67,33,34
050,08,019,"Colorado","Clear Creek County",4,21,77,39,38
050,08,019,"Colorado","Clear Creek County",4,22,68,35,33
050,08,019,"Colorado","Clear Creek County",4,23,72,35,37
050,08,019,"Colorado","Clear Creek County",4,24,86,47,39
050,08,019,"Colorado","Clear Creek County",4,25,71,36,35
050,08,019,"Colorado","Clear Creek County",4,26,91,44,47
050,08,019,"Colorado","Clear Creek County",4,27,84,49,35
050,08,019,"Colorado","Clear Creek County",4,28,113,62,51
050,08,019,"Colorado","Clear Creek County",4,29,125,80,45
050,08,019,"Colorado","Clear Creek County",4,30,115,69,46
050,08,019,"Colorado","Clear Creek County",4,31,123,62,61
050,08,019,"Colorado","Clear Creek County",4,32,142,72,70
050,08,019,"Colorado","Clear Creek County",4,33,159,87,72
050,08,019,"Colorado","Clear Creek County",4,34,151,85,66
050,08,019,"Colorado","Clear Creek County",4,35,138,72,66
050,08,019,"Colorado","Clear Creek County",4,36,123,72,51
050,08,019,"Colorado","Clear Creek County",4,37,127,70,57
050,08,019,"Colorado","Clear Creek County",4,38,140,79,61
050,08,019,"Colorado","Clear Creek County",4,39,133,67,66
050,08,019,"Colorado","Clear Creek County",4,40,127,67,60
050,08,019,"Colorado","Clear Creek County",4,41,119,69,50
050,08,019,"Colorado","Clear Creek County",4,42,129,67,62
050,08,019,"Colorado","Clear Creek County",4,43,130,67,63
050,08,019,"Colorado","Clear Creek County",4,44,120,65,55
050,08,019,"Colorado","Clear Creek County",4,45,133,71,62
050,08,019,"Colorado","Clear Creek County",4,46,122,68,54
050,08,019,"Colorado","Clear Creek County",4,47,118,69,49
050,08,019,"Colorado","Clear Creek County",4,48,131,64,67
050,08,019,"Colorado","Clear Creek County",4,49,112,62,50
050,08,019,"Colorado","Clear Creek County",4,50,118,74,44
050,08,019,"Colorado","Clear Creek County",4,51,145,72,73
050,08,019,"Colorado","Clear Creek County",4,52,168,79,89
050,08,019,"Colorado","Clear Creek County",4,53,155,77,78
050,08,019,"Colorado","Clear Creek County",4,54,156,81,75
050,08,019,"Colorado","Clear Creek County",4,55,140,71,69
050,08,019,"Colorado","Clear Creek County",4,56,147,73,74
050,08,019,"Colorado","Clear Creek County",4,57,147,72,75
050,08,019,"Colorado","Clear Creek County",4,58,152,74,78
050,08,019,"Colorado","Clear Creek County",4,59,156,85,71
050,08,019,"Colorado","Clear Creek County",4,60,155,74,81
050,08,019,"Colorado","Clear Creek County",4,61,166,76,90
050,08,019,"Colorado","Clear Creek County",4,62,164,87,77
050,08,019,"Colorado","Clear Creek County",4,63,187,108,79
050,08,019,"Colorado","Clear Creek County",4,64,173,92,81
050,08,019,"Colorado","Clear Creek County",4,65,188,100,88
050,08,019,"Colorado","Clear Creek County",4,66,160,77,83
050,08,019,"Colorado","Clear Creek County",4,67,167,88,79
050,08,019,"Colorado","Clear Creek County",4,68,155,74,81
050,08,019,"Colorado","Clear Creek County",4,69,139,70,69
050,08,019,"Colorado","Clear Creek County",4,70,144,82,62
050,08,019,"Colorado","Clear Creek County",4,71,138,81,57
050,08,019,"Colorado","Clear Creek County",4,72,115,55,60
050,08,019,"Colorado","Clear Creek County",4,73,118,60,58
050,08,019,"Colorado","Clear Creek County",4,74,117,61,56
050,08,019,"Colorado","Clear Creek County",4,75,123,64,59
050,08,019,"Colorado","Clear Creek County",4,76,80,46,34
050,08,019,"Colorado","Clear Creek County",4,77,74,44,30
050,08,019,"Colorado","Clear Creek County",4,78,71,36,35
050,08,019,"Colorado","Clear Creek County",4,79,63,32,31
050,08,019,"Colorado","Clear Creek County",4,80,51,27,24
050,08,019,"Colorado","Clear Creek County",4,81,43,26,17
050,08,019,"Colorado","Clear Creek County",4,82,33,22,11
050,08,019,"Colorado","Clear Creek County",4,83,24,13,11
050,08,019,"Colorado","Clear Creek County",4,84,25,14,11
050,08,019,"Colorado","Clear Creek County",4,85,128,59,69
050,08,019,"Colorado","Clear Creek County",5,0,54,17,37
050,08,019,"Colorado","Clear Creek County",5,1,66,22,44
050,08,019,"Colorado","Clear Creek County",5,2,65,22,43
050,08,019,"Colorado","Clear Creek County",5,3,54,30,24
050,08,019,"Colorado","Clear Creek County",5,4,72,32,40
050,08,019,"Colorado","Clear Creek County",5,5,70,32,38
050,08,019,"Colorado","Clear Creek County",5,6,70,45,25
050,08,019,"Colorado","Clear Creek County",5,7,74,39,35
050,08,019,"Colorado","Clear Creek County",5,8,51,24,27
050,08,019,"Colorado","Clear Creek County",5,9,72,34,38
050,08,019,"Colorado","Clear Creek County",5,10,56,27,29
050,08,019,"Colorado","Clear Creek County",5,11,63,34,29
050,08,019,"Colorado","Clear Creek County",5,12,57,30,27
050,08,019,"Colorado","Clear Creek County",5,13,67,31,36
050,08,019,"Colorado","Clear Creek County",5,14,82,44,38
050,08,019,"Colorado","Clear Creek County",5,15,75,39,36
050,08,019,"Colorado","Clear Creek County",5,16,81,43,38
050,08,019,"Colorado","Clear Creek County",5,17,80,46,34
050,08,019,"Colorado","Clear Creek County",5,18,73,44,29
050,08,019,"Colorado","Clear Creek County",5,19,62,36,26
050,08,019,"Colorado","Clear Creek County",5,20,69,30,39
050,08,019,"Colorado","Clear Creek County",5,21,63,33,30
050,08,019,"Colorado","Clear Creek County",5,22,83,44,39
050,08,019,"Colorado","Clear Creek County",5,23,63,32,31
050,08,019,"Colorado","Clear Creek County",5,24,74,34,40
050,08,019,"Colorado","Clear Creek County",5,25,92,58,34
050,08,019,"Colorado","Clear Creek County",5,26,83,46,37
050,08,019,"Colorado","Clear Creek County",5,27,91,45,46
050,08,019,"Colorado","Clear Creek County",5,28,93,56,37
050,08,019,"Colorado","Clear Creek County",5,29,125,71,54
050,08,019,"Colorado","Clear Creek County",5,30,116,74,42
050,08,019,"Colorado","Clear Creek County",5,31,118,65,53
050,08,019,"Colorado","Clear Creek County",5,32,121,66,55
050,08,019,"Colorado","Clear Creek County",5,33,142,72,70
050,08,019,"Colorado","Clear Creek County",5,34,144,74,70
050,08,019,"Colorado","Clear Creek County",5,35,156,85,71
050,08,019,"Colorado","Clear Creek County",5,36,130,69,61
050,08,019,"Colorado","Clear Creek County",5,37,125,76,49
050,08,019,"Colorado","Clear Creek County",5,38,126,71,55
050,08,019,"Colorado","Clear Creek County",5,39,136,77,59
050,08,019,"Colorado","Clear Creek County",5,40,138,69,69
050,08,019,"Colorado","Clear Creek County",5,41,120,66,54
050,08,019,"Colorado","Clear Creek County",5,42,129,75,54
050,08,019,"Colorado","Clear Creek County",5,43,119,59,60
050,08,019,"Colorado","Clear Creek County",5,44,124,65,59
050,08,019,"Colorado","Clear Creek County",5,45,113,58,55
050,08,019,"Colorado","Clear Creek County",5,46,131,70,61
050,08,019,"Colorado","Clear Creek County",5,47,114,64,50
050,08,019,"Colorado","Clear Creek County",5,48,110,65,45
050,08,019,"Colorado","Clear Creek County",5,49,127,62,65
050,08,019,"Colorado","Clear Creek County",5,50,115,64,51
050,08,019,"Colorado","Clear Creek County",5,51,110,71,39
050,08,019,"Colorado","Clear Creek County",5,52,137,66,71
050,08,019,"Colorado","Clear Creek County",5,53,170,77,93
050,08,019,"Colorado","Clear Creek County",5,54,160,83,77
050,08,019,"Colorado","Clear Creek County",5,55,159,83,76
050,08,019,"Colorado","Clear Creek County",5,56,143,74,69
050,08,019,"Colorado","Clear Creek County",5,57,135,65,70
050,08,019,"Colorado","Clear Creek County",5,58,140,66,74
050,08,019,"Colorado","Clear Creek County",5,59,131,64,67
050,08,019,"Colorado","Clear Creek County",5,60,147,78,69
050,08,019,"Colorado","Clear Creek County",5,61,151,72,79
050,08,019,"Colorado","Clear Creek County",5,62,149,71,78
050,08,019,"Colorado","Clear Creek County",5,63,167,89,78
050,08,019,"Colorado","Clear Creek County",5,64,180,105,75
050,08,019,"Colorado","Clear Creek County",5,65,166,85,81
050,08,019,"Colorado","Clear Creek County",5,66,188,100,88
050,08,019,"Colorado","Clear Creek County",5,67,151,72,79
050,08,019,"Colorado","Clear Creek County",5,68,170,88,82
050,08,019,"Colorado","Clear Creek County",5,69,148,67,81
050,08,019,"Colorado","Clear Creek County",5,70,135,68,67
050,08,019,"Colorado","Clear Creek County",5,71,132,75,57
050,08,019,"Colorado","Clear Creek County",5,72,136,80,56
050,08,019,"Colorado","Clear Creek County",5,73,113,54,59
050,08,019,"Colorado","Clear Creek County",5,74,114,57,57
050,08,019,"Colorado","Clear Creek County",5,75,115,61,54
050,08,019,"Colorado","Clear Creek County",5,76,119,65,54
050,08,019,"Colorado","Clear Creek County",5,77,76,43,33
050,08,019,"Colorado","Clear Creek County",5,78,66,40,26
050,08,019,"Colorado","Clear Creek County",5,79,66,31,35
050,08,019,"Colorado","Clear Creek County",5,80,57,32,25
050,08,019,"Colorado","Clear Creek County",5,81,48,25,23
050,08,019,"Colorado","Clear Creek County",5,82,43,25,18
050,08,019,"Colorado","Clear Creek County",5,83,29,20,9
050,08,019,"Colorado","Clear Creek County",5,84,24,13,11
050,08,019,"Colorado","Clear Creek County",5,85,138,69,69
050,08,021,"Colorado","Conejos County",1,0,88,46,42
050,08,021,"Colorado","Conejos County",1,1,89,47,42
050,08,021,"Colorado","Conejos County",1,2,89,45,44
050,08,021,"Colorado","Conejos County",1,3,81,41,40
050,08,021,"Colorado","Conejos County",1,4,95,44,51
050,08,021,"Colorado","Conejos County",1,5,118,58,60
050,08,021,"Colorado","Conejos County",1,6,116,61,55
050,08,021,"Colorado","Conejos County",1,7,104,61,43
050,08,021,"Colorado","Conejos County",1,8,108,60,48
050,08,021,"Colorado","Conejos County",1,9,104,51,53
050,08,021,"Colorado","Conejos County",1,10,109,48,61
050,08,021,"Colorado","Conejos County",1,11,111,53,58
050,08,021,"Colorado","Conejos County",1,12,125,70,55
050,08,021,"Colorado","Conejos County",1,13,110,57,53
050,08,021,"Colorado","Conejos County",1,14,111,57,54
050,08,021,"Colorado","Conejos County",1,15,109,54,55
050,08,021,"Colorado","Conejos County",1,16,117,57,60
050,08,021,"Colorado","Conejos County",1,17,101,50,51
050,08,021,"Colorado","Conejos County",1,18,102,52,50
050,08,021,"Colorado","Conejos County",1,19,97,49,48
050,08,021,"Colorado","Conejos County",1,20,98,47,51
050,08,021,"Colorado","Conejos County",1,21,81,39,42
050,08,021,"Colorado","Conejos County",1,22,92,45,47
050,08,021,"Colorado","Conejos County",1,23,74,40,34
050,08,021,"Colorado","Conejos County",1,24,83,43,40
050,08,021,"Colorado","Conejos County",1,25,77,38,39
050,08,021,"Colorado","Conejos County",1,26,83,42,41
050,08,021,"Colorado","Conejos County",1,27,88,44,44
050,08,021,"Colorado","Conejos County",1,28,86,38,48
050,08,021,"Colorado","Conejos County",1,29,70,39,31
050,08,021,"Colorado","Conejos County",1,30,87,49,38
050,08,021,"Colorado","Conejos County",1,31,83,42,41
050,08,021,"Colorado","Conejos County",1,32,89,44,45
050,08,021,"Colorado","Conejos County",1,33,71,38,33
050,08,021,"Colorado","Conejos County",1,34,75,48,27
050,08,021,"Colorado","Conejos County",1,35,71,37,34
050,08,021,"Colorado","Conejos County",1,36,71,27,44
050,08,021,"Colorado","Conejos County",1,37,94,46,48
050,08,021,"Colorado","Conejos County",1,38,79,40,39
050,08,021,"Colorado","Conejos County",1,39,89,44,45
050,08,021,"Colorado","Conejos County",1,40,87,50,37
050,08,021,"Colorado","Conejos County",1,41,84,39,45
050,08,021,"Colorado","Conejos County",1,42,82,41,41
050,08,021,"Colorado","Conejos County",1,43,79,41,38
050,08,021,"Colorado","Conejos County",1,44,76,41,35
050,08,021,"Colorado","Conejos County",1,45,75,45,30
050,08,021,"Colorado","Conejos County",1,46,67,35,32
050,08,021,"Colorado","Conejos County",1,47,67,32,35
050,08,021,"Colorado","Conejos County",1,48,70,36,34
050,08,021,"Colorado","Conejos County",1,49,84,42,42
050,08,021,"Colorado","Conejos County",1,50,93,44,49
050,08,021,"Colorado","Conejos County",1,51,86,42,44
050,08,021,"Colorado","Conejos County",1,52,74,36,38
050,08,021,"Colorado","Conejos County",1,53,86,48,38
050,08,021,"Colorado","Conejos County",1,54,83,45,38
050,08,021,"Colorado","Conejos County",1,55,85,41,44
050,08,021,"Colorado","Conejos County",1,56,91,45,46
050,08,021,"Colorado","Conejos County",1,57,107,54,53
050,08,021,"Colorado","Conejos County",1,58,108,54,54
050,08,021,"Colorado","Conejos County",1,59,112,49,63
050,08,021,"Colorado","Conejos County",1,60,103,56,47
050,08,021,"Colorado","Conejos County",1,61,108,60,48
050,08,021,"Colorado","Conejos County",1,62,103,53,50
050,08,021,"Colorado","Conejos County",1,63,107,52,55
050,08,021,"Colorado","Conejos County",1,64,109,54,55
050,08,021,"Colorado","Conejos County",1,65,109,60,49
050,08,021,"Colorado","Conejos County",1,66,101,52,49
050,08,021,"Colorado","Conejos County",1,67,92,39,53
050,08,021,"Colorado","Conejos County",1,68,110,57,53
050,08,021,"Colorado","Conejos County",1,69,98,53,45
050,08,021,"Colorado","Conejos County",1,70,80,34,46
050,08,021,"Colorado","Conejos County",1,71,84,43,41
050,08,021,"Colorado","Conejos County",1,72,82,43,39
050,08,021,"Colorado","Conejos County",1,73,75,37,38
050,08,021,"Colorado","Conejos County",1,74,67,31,36
050,08,021,"Colorado","Conejos County",1,75,63,29,34
050,08,021,"Colorado","Conejos County",1,76,57,25,32
050,08,021,"Colorado","Conejos County",1,77,49,24,25
050,08,021,"Colorado","Conejos County",1,78,47,25,22
050,08,021,"Colorado","Conejos County",1,79,46,25,21
050,08,021,"Colorado","Conejos County",1,80,39,20,19
050,08,021,"Colorado","Conejos County",1,81,50,27,23
050,08,021,"Colorado","Conejos County",1,82,47,21,26
050,08,021,"Colorado","Conejos County",1,83,33,16,17
050,08,021,"Colorado","Conejos County",1,84,32,16,16
050,08,021,"Colorado","Conejos County",1,85,147,66,81
050,08,021,"Colorado","Conejos County",2,0,98,50,48
050,08,021,"Colorado","Conejos County",2,1,90,48,42
050,08,021,"Colorado","Conejos County",2,2,88,45,43
050,08,021,"Colorado","Conejos County",2,3,84,42,42
050,08,021,"Colorado","Conejos County",2,4,92,44,48
050,08,021,"Colorado","Conejos County",2,5,113,55,58
050,08,021,"Colorado","Conejos County",2,6,113,59,54
050,08,021,"Colorado","Conejos County",2,7,104,59,45
050,08,021,"Colorado","Conejos County",2,8,106,60,46
050,08,021,"Colorado","Conejos County",2,9,105,54,51
050,08,021,"Colorado","Conejos County",2,10,107,49,58
050,08,021,"Colorado","Conejos County",2,11,111,52,59
050,08,021,"Colorado","Conejos County",2,12,123,68,55
050,08,021,"Colorado","Conejos County",2,13,115,62,53
050,08,021,"Colorado","Conejos County",2,14,110,57,53
050,08,021,"Colorado","Conejos County",2,15,108,55,53
050,08,021,"Colorado","Conejos County",2,16,117,57,60
050,08,021,"Colorado","Conejos County",2,17,104,51,53
050,08,021,"Colorado","Conejos County",2,18,98,51,47
050,08,021,"Colorado","Conejos County",2,19,94,46,48
050,08,021,"Colorado","Conejos County",2,20,96,46,50
050,08,021,"Colorado","Conejos County",2,21,87,41,46
050,08,021,"Colorado","Conejos County",2,22,90,44,46
050,08,021,"Colorado","Conejos County",2,23,77,40,37
050,08,021,"Colorado","Conejos County",2,24,80,43,37
050,08,021,"Colorado","Conejos County",2,25,78,39,39
050,08,021,"Colorado","Conejos County",2,26,82,42,40
050,08,021,"Colorado","Conejos County",2,27,88,44,44
050,08,021,"Colorado","Conejos County",2,28,84,39,45
050,08,021,"Colorado","Conejos County",2,29,74,40,34
050,08,021,"Colorado","Conejos County",2,30,83,46,37
050,08,021,"Colorado","Conejos County",2,31,83,43,40
050,08,021,"Colorado","Conejos County",2,32,88,44,44
050,08,021,"Colorado","Conejos County",2,33,76,40,36
050,08,021,"Colorado","Conejos County",2,34,74,47,27
050,08,021,"Colorado","Conejos County",2,35,72,38,34
050,08,021,"Colorado","Conejos County",2,36,72,30,42
050,08,021,"Colorado","Conejos County",2,37,89,42,47
050,08,021,"Colorado","Conejos County",2,38,83,41,42
050,08,021,"Colorado","Conejos County",2,39,86,43,43
050,08,021,"Colorado","Conejos County",2,40,89,49,40
050,08,021,"Colorado","Conejos County",2,41,85,41,44
050,08,021,"Colorado","Conejos County",2,42,81,39,42
050,08,021,"Colorado","Conejos County",2,43,81,41,40
050,08,021,"Colorado","Conejos County",2,44,77,41,36
050,08,021,"Colorado","Conejos County",2,45,74,43,31
050,08,021,"Colorado","Conejos County",2,46,68,37,31
050,08,021,"Colorado","Conejos County",2,47,67,33,34
050,08,021,"Colorado","Conejos County",2,48,70,35,35
050,08,021,"Colorado","Conejos County",2,49,82,41,41
050,08,021,"Colorado","Conejos County",2,50,92,44,48
050,08,021,"Colorado","Conejos County",2,51,85,40,45
050,08,021,"Colorado","Conejos County",2,52,78,38,40
050,08,021,"Colorado","Conejos County",2,53,83,44,39
050,08,021,"Colorado","Conejos County",2,54,84,46,38
050,08,021,"Colorado","Conejos County",2,55,84,42,42
050,08,021,"Colorado","Conejos County",2,56,92,45,47
050,08,021,"Colorado","Conejos County",2,57,102,51,51
050,08,021,"Colorado","Conejos County",2,58,108,54,54
050,08,021,"Colorado","Conejos County",2,59,112,50,62
050,08,021,"Colorado","Conejos County",2,60,105,55,50
050,08,021,"Colorado","Conejos County",2,61,105,59,46
050,08,021,"Colorado","Conejos County",2,62,103,55,48
050,08,021,"Colorado","Conejos County",2,63,108,53,55
050,08,021,"Colorado","Conejos County",2,64,108,54,54
050,08,021,"Colorado","Conejos County",2,65,109,60,49
050,08,021,"Colorado","Conejos County",2,66,102,53,49
050,08,021,"Colorado","Conejos County",2,67,94,42,52
050,08,021,"Colorado","Conejos County",2,68,104,51,53
050,08,021,"Colorado","Conejos County",2,69,100,54,46
050,08,021,"Colorado","Conejos County",2,70,83,37,46
050,08,021,"Colorado","Conejos County",2,71,83,41,42
050,08,021,"Colorado","Conejos County",2,72,80,42,38
050,08,021,"Colorado","Conejos County",2,73,80,40,40
050,08,021,"Colorado","Conejos County",2,74,65,30,35
050,08,021,"Colorado","Conejos County",2,75,65,30,35
050,08,021,"Colorado","Conejos County",2,76,59,26,33
050,08,021,"Colorado","Conejos County",2,77,51,24,27
050,08,021,"Colorado","Conejos County",2,78,45,24,21
050,08,021,"Colorado","Conejos County",2,79,45,24,21
050,08,021,"Colorado","Conejos County",2,80,37,20,17
050,08,021,"Colorado","Conejos County",2,81,48,26,22
050,08,021,"Colorado","Conejos County",2,82,47,22,25
050,08,021,"Colorado","Conejos County",2,83,37,18,19
050,08,021,"Colorado","Conejos County",2,84,31,16,15
050,08,021,"Colorado","Conejos County",2,85,141,64,77
050,08,021,"Colorado","Conejos County",3,0,99,52,47
050,08,021,"Colorado","Conejos County",3,1,95,50,45
050,08,021,"Colorado","Conejos County",3,2,94,52,42
050,08,021,"Colorado","Conejos County",3,3,93,49,44
050,08,021,"Colorado","Conejos County",3,4,93,49,44
050,08,021,"Colorado","Conejos County",3,5,98,48,50
050,08,021,"Colorado","Conejos County",3,6,113,55,58
050,08,021,"Colorado","Conejos County",3,7,115,59,56
050,08,021,"Colorado","Conejos County",3,8,118,61,57
050,08,021,"Colorado","Conejos County",3,9,113,66,47
050,08,021,"Colorado","Conejos County",3,10,97,47,50
050,08,021,"Colorado","Conejos County",3,11,113,52,61
050,08,021,"Colorado","Conejos County",3,12,116,49,67
050,08,021,"Colorado","Conejos County",3,13,125,69,56
050,08,021,"Colorado","Conejos County",3,14,116,58,58
050,08,021,"Colorado","Conejos County",3,15,121,59,62
050,08,021,"Colorado","Conejos County",3,16,109,56,53
050,08,021,"Colorado","Conejos County",3,17,113,56,57
050,08,021,"Colorado","Conejos County",3,18,90,43,47
050,08,021,"Colorado","Conejos County",3,19,85,44,41
050,08,021,"Colorado","Conejos County",3,20,94,46,48
050,08,021,"Colorado","Conejos County",3,21,93,45,48
050,08,021,"Colorado","Conejos County",3,22,77,36,41
050,08,021,"Colorado","Conejos County",3,23,80,42,38
050,08,021,"Colorado","Conejos County",3,24,79,43,36
050,08,021,"Colorado","Conejos County",3,25,75,42,33
050,08,021,"Colorado","Conejos County",3,26,82,40,42
050,08,021,"Colorado","Conejos County",3,27,82,40,42
050,08,021,"Colorado","Conejos County",3,28,93,48,45
050,08,021,"Colorado","Conejos County",3,29,91,42,49
050,08,021,"Colorado","Conejos County",3,30,72,37,35
050,08,021,"Colorado","Conejos County",3,31,89,47,42
050,08,021,"Colorado","Conejos County",3,32,86,46,40
050,08,021,"Colorado","Conejos County",3,33,97,49,48
050,08,021,"Colorado","Conejos County",3,34,77,37,40
050,08,021,"Colorado","Conejos County",3,35,77,47,30
050,08,021,"Colorado","Conejos County",3,36,80,37,43
050,08,021,"Colorado","Conejos County",3,37,75,34,41
050,08,021,"Colorado","Conejos County",3,38,94,43,51
050,08,021,"Colorado","Conejos County",3,39,92,48,44
050,08,021,"Colorado","Conejos County",3,40,88,44,44
050,08,021,"Colorado","Conejos County",3,41,92,49,43
050,08,021,"Colorado","Conejos County",3,42,90,46,44
050,08,021,"Colorado","Conejos County",3,43,79,37,42
050,08,021,"Colorado","Conejos County",3,44,86,46,40
050,08,021,"Colorado","Conejos County",3,45,82,45,37
050,08,021,"Colorado","Conejos County",3,46,72,43,29
050,08,021,"Colorado","Conejos County",3,47,71,37,34
050,08,021,"Colorado","Conejos County",3,48,69,34,35
050,08,021,"Colorado","Conejos County",3,49,70,35,35
050,08,021,"Colorado","Conejos County",3,50,82,41,41
050,08,021,"Colorado","Conejos County",3,51,93,46,47
050,08,021,"Colorado","Conejos County",3,52,86,41,45
050,08,021,"Colorado","Conejos County",3,53,82,39,43
050,08,021,"Colorado","Conejos County",3,54,80,40,40
050,08,021,"Colorado","Conejos County",3,55,88,49,39
050,08,021,"Colorado","Conejos County",3,56,85,43,42
050,08,021,"Colorado","Conejos County",3,57,88,43,45
050,08,021,"Colorado","Conejos County",3,58,105,52,53
050,08,021,"Colorado","Conejos County",3,59,106,54,52
050,08,021,"Colorado","Conejos County",3,60,112,50,62
050,08,021,"Colorado","Conejos County",3,61,106,54,52
050,08,021,"Colorado","Conejos County",3,62,114,61,53
050,08,021,"Colorado","Conejos County",3,63,110,59,51
050,08,021,"Colorado","Conejos County",3,64,114,58,56
050,08,021,"Colorado","Conejos County",3,65,109,54,55
050,08,021,"Colorado","Conejos County",3,66,107,58,49
050,08,021,"Colorado","Conejos County",3,67,108,55,53
050,08,021,"Colorado","Conejos County",3,68,94,43,51
050,08,021,"Colorado","Conejos County",3,69,97,47,50
050,08,021,"Colorado","Conejos County",3,70,104,57,47
050,08,021,"Colorado","Conejos County",3,71,87,39,48
050,08,021,"Colorado","Conejos County",3,72,77,38,39
050,08,021,"Colorado","Conejos County",3,73,77,41,36
050,08,021,"Colorado","Conejos County",3,74,77,40,37
050,08,021,"Colorado","Conejos County",3,75,61,27,34
050,08,021,"Colorado","Conejos County",3,76,59,29,30
050,08,021,"Colorado","Conejos County",3,77,60,27,33
050,08,021,"Colorado","Conejos County",3,78,48,23,25
050,08,021,"Colorado","Conejos County",3,79,42,22,20
050,08,021,"Colorado","Conejos County",3,80,39,21,18
050,08,021,"Colorado","Conejos County",3,81,35,16,19
050,08,021,"Colorado","Conejos County",3,82,41,23,18
050,08,021,"Colorado","Conejos County",3,83,39,15,24
050,08,021,"Colorado","Conejos County",3,84,34,16,18
050,08,021,"Colorado","Conejos County",3,85,136,60,76
050,08,021,"Colorado","Conejos County",4,0,101,54,47
050,08,021,"Colorado","Conejos County",4,1,106,55,51
050,08,021,"Colorado","Conejos County",4,2,101,50,51
050,08,021,"Colorado","Conejos County",4,3,95,54,41
050,08,021,"Colorado","Conejos County",4,4,94,51,43
050,08,021,"Colorado","Conejos County",4,5,90,48,42
050,08,021,"Colorado","Conejos County",4,6,102,49,53
050,08,021,"Colorado","Conejos County",4,7,112,56,56
050,08,021,"Colorado","Conejos County",4,8,114,61,53
050,08,021,"Colorado","Conejos County",4,9,117,60,57
050,08,021,"Colorado","Conejos County",4,10,113,65,48
050,08,021,"Colorado","Conejos County",4,11,96,48,48
050,08,021,"Colorado","Conejos County",4,12,111,50,61
050,08,021,"Colorado","Conejos County",4,13,119,53,66
050,08,021,"Colorado","Conejos County",4,14,121,68,53
050,08,021,"Colorado","Conejos County",4,15,116,59,57
050,08,021,"Colorado","Conejos County",4,16,114,55,59
050,08,021,"Colorado","Conejos County",4,17,102,50,52
050,08,021,"Colorado","Conejos County",4,18,99,53,46
050,08,021,"Colorado","Conejos County",4,19,71,34,37
050,08,021,"Colorado","Conejos County",4,20,90,44,46
050,08,021,"Colorado","Conejos County",4,21,92,47,45
050,08,021,"Colorado","Conejos County",4,22,91,48,43
050,08,021,"Colorado","Conejos County",4,23,82,37,45
050,08,021,"Colorado","Conejos County",4,24,88,47,41
050,08,021,"Colorado","Conejos County",4,25,76,43,33
050,08,021,"Colorado","Conejos County",4,26,76,45,31
050,08,021,"Colorado","Conejos County",4,27,82,38,44
050,08,021,"Colorado","Conejos County",4,28,79,41,38
050,08,021,"Colorado","Conejos County",4,29,94,52,42
050,08,021,"Colorado","Conejos County",4,30,96,45,51
050,08,021,"Colorado","Conejos County",4,31,74,37,37
050,08,021,"Colorado","Conejos County",4,32,93,48,45
050,08,021,"Colorado","Conejos County",4,33,85,45,40
050,08,021,"Colorado","Conejos County",4,34,102,52,50
050,08,021,"Colorado","Conejos County",4,35,74,34,40
050,08,021,"Colorado","Conejos County",4,36,80,47,33
050,08,021,"Colorado","Conejos County",4,37,82,40,42
050,08,021,"Colorado","Conejos County",4,38,78,36,42
050,08,021,"Colorado","Conejos County",4,39,97,48,49
050,08,021,"Colorado","Conejos County",4,40,94,52,42
050,08,021,"Colorado","Conejos County",4,41,90,49,41
050,08,021,"Colorado","Conejos County",4,42,95,49,46
050,08,021,"Colorado","Conejos County",4,43,90,46,44
050,08,021,"Colorado","Conejos County",4,44,82,40,42
050,08,021,"Colorado","Conejos County",4,45,84,44,40
050,08,021,"Colorado","Conejos County",4,46,80,44,36
050,08,021,"Colorado","Conejos County",4,47,70,42,28
050,08,021,"Colorado","Conejos County",4,48,71,36,35
050,08,021,"Colorado","Conejos County",4,49,68,36,32
050,08,021,"Colorado","Conejos County",4,50,74,36,38
050,08,021,"Colorado","Conejos County",4,51,77,40,37
050,08,021,"Colorado","Conejos County",4,52,90,46,44
050,08,021,"Colorado","Conejos County",4,53,85,42,43
050,08,021,"Colorado","Conejos County",4,54,79,36,43
050,08,021,"Colorado","Conejos County",4,55,76,39,37
050,08,021,"Colorado","Conejos County",4,56,87,48,39
050,08,021,"Colorado","Conejos County",4,57,84,44,40
050,08,021,"Colorado","Conejos County",4,58,87,40,47
050,08,021,"Colorado","Conejos County",4,59,105,51,54
050,08,021,"Colorado","Conejos County",4,60,108,56,52
050,08,021,"Colorado","Conejos County",4,61,113,51,62
050,08,021,"Colorado","Conejos County",4,62,104,55,49
050,08,021,"Colorado","Conejos County",4,63,115,61,54
050,08,021,"Colorado","Conejos County",4,64,113,60,53
050,08,021,"Colorado","Conejos County",4,65,111,54,57
050,08,021,"Colorado","Conejos County",4,66,111,52,59
050,08,021,"Colorado","Conejos County",4,67,103,54,49
050,08,021,"Colorado","Conejos County",4,68,110,55,55
050,08,021,"Colorado","Conejos County",4,69,93,44,49
050,08,021,"Colorado","Conejos County",4,70,93,44,49
050,08,021,"Colorado","Conejos County",4,71,98,53,45
050,08,021,"Colorado","Conejos County",4,72,83,37,46
050,08,021,"Colorado","Conejos County",4,73,73,35,38
050,08,021,"Colorado","Conejos County",4,74,76,40,36
050,08,021,"Colorado","Conejos County",4,75,71,35,36
050,08,021,"Colorado","Conejos County",4,76,59,26,33
050,08,021,"Colorado","Conejos County",4,77,56,30,26
050,08,021,"Colorado","Conejos County",4,78,56,23,33
050,08,021,"Colorado","Conejos County",4,79,45,22,23
050,08,021,"Colorado","Conejos County",4,80,40,21,19
050,08,021,"Colorado","Conejos County",4,81,37,19,18
050,08,021,"Colorado","Conejos County",4,82,33,16,17
050,08,021,"Colorado","Conejos County",4,83,41,22,19
050,08,021,"Colorado","Conejos County",4,84,33,10,23
050,08,021,"Colorado","Conejos County",4,85,139,62,77
050,08,021,"Colorado","Conejos County",5,0,98,51,47
050,08,021,"Colorado","Conejos County",5,1,101,61,40
050,08,021,"Colorado","Conejos County",5,2,99,50,49
050,08,021,"Colorado","Conejos County",5,3,99,49,50
050,08,021,"Colorado","Conejos County",5,4,92,51,41
050,08,021,"Colorado","Conejos County",5,5,98,51,47
050,08,021,"Colorado","Conejos County",5,6,92,49,43
050,08,021,"Colorado","Conejos County",5,7,105,50,55
050,08,021,"Colorado","Conejos County",5,8,101,50,51
050,08,021,"Colorado","Conejos County",5,9,114,60,54
050,08,021,"Colorado","Conejos County",5,10,108,57,51
050,08,021,"Colorado","Conejos County",5,11,108,59,49
050,08,021,"Colorado","Conejos County",5,12,102,49,53
050,08,021,"Colorado","Conejos County",5,13,117,56,61
050,08,021,"Colorado","Conejos County",5,14,120,54,66
050,08,021,"Colorado","Conejos County",5,15,122,65,57
050,08,021,"Colorado","Conejos County",5,16,112,57,55
050,08,021,"Colorado","Conejos County",5,17,113,55,58
050,08,021,"Colorado","Conejos County",5,18,86,44,42
050,08,021,"Colorado","Conejos County",5,19,89,45,44
050,08,021,"Colorado","Conejos County",5,20,80,39,41
050,08,021,"Colorado","Conejos County",5,21,91,45,46
050,08,021,"Colorado","Conejos County",5,22,90,47,43
050,08,021,"Colorado","Conejos County",5,23,86,47,39
050,08,021,"Colorado","Conejos County",5,24,80,41,39
050,08,021,"Colorado","Conejos County",5,25,90,48,42
050,08,021,"Colorado","Conejos County",5,26,73,43,30
050,08,021,"Colorado","Conejos County",5,27,69,43,26
050,08,021,"Colorado","Conejos County",5,28,84,39,45
050,08,021,"Colorado","Conejos County",5,29,81,43,38
050,08,021,"Colorado","Conejos County",5,30,96,53,43
050,08,021,"Colorado","Conejos County",5,31,96,43,53
050,08,021,"Colorado","Conejos County",5,32,80,41,39
050,08,021,"Colorado","Conejos County",5,33,93,54,39
050,08,021,"Colorado","Conejos County",5,34,87,46,41
050,08,021,"Colorado","Conejos County",5,35,103,56,47
050,08,021,"Colorado","Conejos County",5,36,75,33,42
050,08,021,"Colorado","Conejos County",5,37,72,43,29
050,08,021,"Colorado","Conejos County",5,38,85,43,42
050,08,021,"Colorado","Conejos County",5,39,79,38,41
050,08,021,"Colorado","Conejos County",5,40,96,45,51
050,08,021,"Colorado","Conejos County",5,41,97,52,45
050,08,021,"Colorado","Conejos County",5,42,91,50,41
050,08,021,"Colorado","Conejos County",5,43,97,52,45
050,08,021,"Colorado","Conejos County",5,44,89,45,44
050,08,021,"Colorado","Conejos County",5,45,80,38,42
050,08,021,"Colorado","Conejos County",5,46,78,40,38
050,08,021,"Colorado","Conejos County",5,47,80,43,37
050,08,021,"Colorado","Conejos County",5,48,67,39,28
050,08,021,"Colorado","Conejos County",5,49,67,35,32
050,08,021,"Colorado","Conejos County",5,50,67,35,32
050,08,021,"Colorado","Conejos County",5,51,77,36,41
050,08,021,"Colorado","Conejos County",5,52,75,40,35
050,08,021,"Colorado","Conejos County",5,53,89,45,44
050,08,021,"Colorado","Conejos County",5,54,82,39,43
050,08,021,"Colorado","Conejos County",5,55,81,38,43
050,08,021,"Colorado","Conejos County",5,56,73,35,38
050,08,021,"Colorado","Conejos County",5,57,81,47,34
050,08,021,"Colorado","Conejos County",5,58,87,47,40
050,08,021,"Colorado","Conejos County",5,59,88,40,48
050,08,021,"Colorado","Conejos County",5,60,104,48,56
050,08,021,"Colorado","Conejos County",5,61,107,55,52
050,08,021,"Colorado","Conejos County",5,62,114,51,63
050,08,021,"Colorado","Conejos County",5,63,103,54,49
050,08,021,"Colorado","Conejos County",5,64,113,61,52
050,08,021,"Colorado","Conejos County",5,65,110,60,50
050,08,021,"Colorado","Conejos County",5,66,109,52,57
050,08,021,"Colorado","Conejos County",5,67,109,50,59
050,08,021,"Colorado","Conejos County",5,68,105,55,50
050,08,021,"Colorado","Conejos County",5,69,103,53,50
050,08,021,"Colorado","Conejos County",5,70,95,43,52
050,08,021,"Colorado","Conejos County",5,71,90,44,46
050,08,021,"Colorado","Conejos County",5,72,91,47,44
050,08,021,"Colorado","Conejos County",5,73,83,38,45
050,08,021,"Colorado","Conejos County",5,74,67,34,33
050,08,021,"Colorado","Conejos County",5,75,68,35,33
050,08,021,"Colorado","Conejos County",5,76,67,33,34
050,08,021,"Colorado","Conejos County",5,77,54,25,29
050,08,021,"Colorado","Conejos County",5,78,54,29,25
050,08,021,"Colorado","Conejos County",5,79,53,22,31
050,08,021,"Colorado","Conejos County",5,80,40,18,22
050,08,021,"Colorado","Conejos County",5,81,39,20,19
050,08,021,"Colorado","Conejos County",5,82,33,18,15
050,08,021,"Colorado","Conejos County",5,83,32,15,17
050,08,021,"Colorado","Conejos County",5,84,37,20,17
050,08,021,"Colorado","Conejos County",5,85,133,54,79
050,08,023,"Colorado","Costilla County",1,0,32,16,16
050,08,023,"Colorado","Costilla County",1,1,30,14,16
050,08,023,"Colorado","Costilla County",1,2,33,17,16
050,08,023,"Colorado","Costilla County",1,3,33,18,15
050,08,023,"Colorado","Costilla County",1,4,38,17,21
050,08,023,"Colorado","Costilla County",1,5,36,20,16
050,08,023,"Colorado","Costilla County",1,6,28,14,14
050,08,023,"Colorado","Costilla County",1,7,29,13,16
050,08,023,"Colorado","Costilla County",1,8,35,18,17
050,08,023,"Colorado","Costilla County",1,9,45,22,23
050,08,023,"Colorado","Costilla County",1,10,42,25,17
050,08,023,"Colorado","Costilla County",1,11,36,21,15
050,08,023,"Colorado","Costilla County",1,12,41,23,18
050,08,023,"Colorado","Costilla County",1,13,43,28,15
050,08,023,"Colorado","Costilla County",1,14,51,27,24
050,08,023,"Colorado","Costilla County",1,15,43,24,19
050,08,023,"Colorado","Costilla County",1,16,34,17,17
050,08,023,"Colorado","Costilla County",1,17,45,20,25
050,08,023,"Colorado","Costilla County",1,18,46,29,17
050,08,023,"Colorado","Costilla County",1,19,32,17,15
050,08,023,"Colorado","Costilla County",1,20,22,13,9
050,08,023,"Colorado","Costilla County",1,21,32,13,19
050,08,023,"Colorado","Costilla County",1,22,23,10,13
050,08,023,"Colorado","Costilla County",1,23,28,19,9
050,08,023,"Colorado","Costilla County",1,24,40,24,16
050,08,023,"Colorado","Costilla County",1,25,32,20,12
050,08,023,"Colorado","Costilla County",1,26,29,14,15
050,08,023,"Colorado","Costilla County",1,27,36,21,15
050,08,023,"Colorado","Costilla County",1,28,34,15,19
050,08,023,"Colorado","Costilla County",1,29,42,20,22
050,08,023,"Colorado","Costilla County",1,30,29,20,9
050,08,023,"Colorado","Costilla County",1,31,38,22,16
050,08,023,"Colorado","Costilla County",1,32,32,15,17
050,08,023,"Colorado","Costilla County",1,33,38,14,24
050,08,023,"Colorado","Costilla County",1,34,25,11,14
050,08,023,"Colorado","Costilla County",1,35,35,15,20
050,08,023,"Colorado","Costilla County",1,36,41,18,23
050,08,023,"Colorado","Costilla County",1,37,35,14,21
050,08,023,"Colorado","Costilla County",1,38,33,16,17
050,08,023,"Colorado","Costilla County",1,39,44,25,19
050,08,023,"Colorado","Costilla County",1,40,42,24,18
050,08,023,"Colorado","Costilla County",1,41,35,17,18
050,08,023,"Colorado","Costilla County",1,42,32,17,15
050,08,023,"Colorado","Costilla County",1,43,27,14,13
050,08,023,"Colorado","Costilla County",1,44,29,15,14
050,08,023,"Colorado","Costilla County",1,45,24,11,13
050,08,023,"Colorado","Costilla County",1,46,34,18,16
050,08,023,"Colorado","Costilla County",1,47,29,16,13
050,08,023,"Colorado","Costilla County",1,48,36,13,23
050,08,023,"Colorado","Costilla County",1,49,41,17,24
050,08,023,"Colorado","Costilla County",1,50,32,23,9
050,08,023,"Colorado","Costilla County",1,51,39,26,13
050,08,023,"Colorado","Costilla County",1,52,46,25,21
050,08,023,"Colorado","Costilla County",1,53,45,22,23
050,08,023,"Colorado","Costilla County",1,54,47,26,21
050,08,023,"Colorado","Costilla County",1,55,39,25,14
050,08,023,"Colorado","Costilla County",1,56,52,26,26
050,08,023,"Colorado","Costilla County",1,57,54,26,28
050,08,023,"Colorado","Costilla County",1,58,54,27,27
050,08,023,"Colorado","Costilla County",1,59,59,28,31
050,08,023,"Colorado","Costilla County",1,60,49,26,23
050,08,023,"Colorado","Costilla County",1,61,69,30,39
050,08,023,"Colorado","Costilla County",1,62,104,52,52
050,08,023,"Colorado","Costilla County",1,63,70,33,37
050,08,023,"Colorado","Costilla County",1,64,66,30,36
050,08,023,"Colorado","Costilla County",1,65,54,34,20
050,08,023,"Colorado","Costilla County",1,66,66,37,29
050,08,023,"Colorado","Costilla County",1,67,67,34,33
050,08,023,"Colorado","Costilla County",1,68,59,31,28
050,08,023,"Colorado","Costilla County",1,69,53,27,26
050,08,023,"Colorado","Costilla County",1,70,55,27,28
050,08,023,"Colorado","Costilla County",1,71,55,30,25
050,08,023,"Colorado","Costilla County",1,72,57,38,19
050,08,023,"Colorado","Costilla County",1,73,59,33,26
050,08,023,"Colorado","Costilla County",1,74,43,21,22
050,08,023,"Colorado","Costilla County",1,75,44,25,19
050,08,023,"Colorado","Costilla County",1,76,43,23,20
050,08,023,"Colorado","Costilla County",1,77,33,17,16
050,08,023,"Colorado","Costilla County",1,78,29,16,13
050,08,023,"Colorado","Costilla County",1,79,30,15,15
050,08,023,"Colorado","Costilla County",1,80,32,19,13
050,08,023,"Colorado","Costilla County",1,81,20,9,11
050,08,023,"Colorado","Costilla County",1,82,22,12,10
050,08,023,"Colorado","Costilla County",1,83,20,9,11
050,08,023,"Colorado","Costilla County",1,84,16,8,8
050,08,023,"Colorado","Costilla County",1,85,66,22,44
050,08,023,"Colorado","Costilla County",2,0,32,14,18
050,08,023,"Colorado","Costilla County",2,1,30,13,17
050,08,023,"Colorado","Costilla County",2,2,35,19,16
050,08,023,"Colorado","Costilla County",2,3,35,18,17
050,08,023,"Colorado","Costilla County",2,4,36,18,18
050,08,023,"Colorado","Costilla County",2,5,37,20,17
050,08,023,"Colorado","Costilla County",2,6,29,15,14
050,08,023,"Colorado","Costilla County",2,7,28,12,16
050,08,023,"Colorado","Costilla County",2,8,34,18,16
050,08,023,"Colorado","Costilla County",2,9,45,23,22
050,08,023,"Colorado","Costilla County",2,10,42,24,18
050,08,023,"Colorado","Costilla County",2,11,38,22,16
050,08,023,"Colorado","Costilla County",2,12,39,22,17
050,08,023,"Colorado","Costilla County",2,13,42,27,15
050,08,023,"Colorado","Costilla County",2,14,49,27,22
050,08,023,"Colorado","Costilla County",2,15,44,25,19
050,08,023,"Colorado","Costilla County",2,16,37,19,18
050,08,023,"Colorado","Costilla County",2,17,44,19,25
050,08,023,"Colorado","Costilla County",2,18,44,27,17
050,08,023,"Colorado","Costilla County",2,19,33,18,15
050,08,023,"Colorado","Costilla County",2,20,25,14,11
050,08,023,"Colorado","Costilla County",2,21,30,13,17
050,08,023,"Colorado","Costilla County",2,22,25,11,14
050,08,023,"Colorado","Costilla County",2,23,28,18,10
050,08,023,"Colorado","Costilla County",2,24,38,24,14
050,08,023,"Colorado","Costilla County",2,25,34,20,14
050,08,023,"Colorado","Costilla County",2,26,29,16,13
050,08,023,"Colorado","Costilla County",2,27,36,19,17
050,08,023,"Colorado","Costilla County",2,28,35,16,19
050,08,023,"Colorado","Costilla County",2,29,41,20,21
050,08,023,"Colorado","Costilla County",2,30,32,20,12
050,08,023,"Colorado","Costilla County",2,31,36,21,15
050,08,023,"Colorado","Costilla County",2,32,33,16,17
050,08,023,"Colorado","Costilla County",2,33,36,14,22
050,08,023,"Colorado","Costilla County",2,34,28,11,17
050,08,023,"Colorado","Costilla County",2,35,33,14,19
050,08,023,"Colorado","Costilla County",2,36,41,19,22
050,08,023,"Colorado","Costilla County",2,37,36,15,21
050,08,023,"Colorado","Costilla County",2,38,34,16,18
050,08,023,"Colorado","Costilla County",2,39,42,24,18
050,08,023,"Colorado","Costilla County",2,40,44,25,19
050,08,023,"Colorado","Costilla County",2,41,36,18,18
050,08,023,"Colorado","Costilla County",2,42,34,18,16
050,08,023,"Colorado","Costilla County",2,43,27,14,13
050,08,023,"Colorado","Costilla County",2,44,28,14,14
050,08,023,"Colorado","Costilla County",2,45,26,13,13
050,08,023,"Colorado","Costilla County",2,46,31,17,14
050,08,023,"Colorado","Costilla County",2,47,30,16,14
050,08,023,"Colorado","Costilla County",2,48,35,14,21
050,08,023,"Colorado","Costilla County",2,49,38,14,24
050,08,023,"Colorado","Costilla County",2,50,34,21,13
050,08,023,"Colorado","Costilla County",2,51,35,24,11
050,08,023,"Colorado","Costilla County",2,52,44,25,19
050,08,023,"Colorado","Costilla County",2,53,45,23,22
050,08,023,"Colorado","Costilla County",2,54,46,25,21
050,08,023,"Colorado","Costilla County",2,55,42,26,16
050,08,023,"Colorado","Costilla County",2,56,49,26,23
050,08,023,"Colorado","Costilla County",2,57,51,24,27
050,08,023,"Colorado","Costilla County",2,58,56,28,28
050,08,023,"Colorado","Costilla County",2,59,58,28,30
050,08,023,"Colorado","Costilla County",2,60,51,26,25
050,08,023,"Colorado","Costilla County",2,61,67,31,36
050,08,023,"Colorado","Costilla County",2,62,95,47,48
050,08,023,"Colorado","Costilla County",2,63,80,39,41
050,08,023,"Colorado","Costilla County",2,64,67,31,36
050,08,023,"Colorado","Costilla County",2,65,59,34,25
050,08,023,"Colorado","Costilla County",2,66,61,34,27
050,08,023,"Colorado","Costilla County",2,67,65,34,31
050,08,023,"Colorado","Costilla County",2,68,60,31,29
050,08,023,"Colorado","Costilla County",2,69,55,30,25
050,08,023,"Colorado","Costilla County",2,70,56,28,28
050,08,023,"Colorado","Costilla County",2,71,53,29,24
050,08,023,"Colorado","Costilla County",2,72,56,36,20
050,08,023,"Colorado","Costilla County",2,73,61,35,26
050,08,023,"Colorado","Costilla County",2,74,44,22,22
050,08,023,"Colorado","Costilla County",2,75,44,25,19
050,08,023,"Colorado","Costilla County",2,76,44,24,20
050,08,023,"Colorado","Costilla County",2,77,36,19,17
050,08,023,"Colorado","Costilla County",2,78,30,16,14
050,08,023,"Colorado","Costilla County",2,79,28,15,13
050,08,023,"Colorado","Costilla County",2,80,30,17,13
050,08,023,"Colorado","Costilla County",2,81,22,11,11
050,08,023,"Colorado","Costilla County",2,82,21,12,9
050,08,023,"Colorado","Costilla County",2,83,20,9,11
050,08,023,"Colorado","Costilla County",2,84,17,9,8
050,08,023,"Colorado","Costilla County",2,85,66,21,45
050,08,023,"Colorado","Costilla County",3,0,40,19,21
050,08,023,"Colorado","Costilla County",3,1,29,11,18
050,08,023,"Colorado","Costilla County",3,2,33,14,19
050,08,023,"Colorado","Costilla County",3,3,38,21,17
050,08,023,"Colorado","Costilla County",3,4,34,17,17
050,08,023,"Colorado","Costilla County",3,5,37,20,17
050,08,023,"Colorado","Costilla County",3,6,38,19,19
050,08,023,"Colorado","Costilla County",3,7,29,15,14
050,08,023,"Colorado","Costilla County",3,8,30,13,17
050,08,023,"Colorado","Costilla County",3,9,39,20,19
050,08,023,"Colorado","Costilla County",3,10,41,22,19
050,08,023,"Colorado","Costilla County",3,11,49,30,19
050,08,023,"Colorado","Costilla County",3,12,42,25,17
050,08,023,"Colorado","Costilla County",3,13,42,26,16
050,08,023,"Colorado","Costilla County",3,14,40,24,16
050,08,023,"Colorado","Costilla County",3,15,50,30,20
050,08,023,"Colorado","Costilla County",3,16,42,24,18
050,08,023,"Colorado","Costilla County",3,17,42,21,21
050,08,023,"Colorado","Costilla County",3,18,47,19,28
050,08,023,"Colorado","Costilla County",3,19,32,22,10
050,08,023,"Colorado","Costilla County",3,20,30,16,14
050,08,023,"Colorado","Costilla County",3,21,25,14,11
050,08,023,"Colorado","Costilla County",3,22,32,12,20
050,08,023,"Colorado","Costilla County",3,23,27,12,15
050,08,023,"Colorado","Costilla County",3,24,36,24,12
050,08,023,"Colorado","Costilla County",3,25,40,27,13
050,08,023,"Colorado","Costilla County",3,26,42,24,18
050,08,023,"Colorado","Costilla County",3,27,30,17,13
050,08,023,"Colorado","Costilla County",3,28,40,21,19
050,08,023,"Colorado","Costilla County",3,29,37,18,19
050,08,023,"Colorado","Costilla County",3,30,47,22,25
050,08,023,"Colorado","Costilla County",3,31,38,22,16
050,08,023,"Colorado","Costilla County",3,32,36,18,18
050,08,023,"Colorado","Costilla County",3,33,35,19,16
050,08,023,"Colorado","Costilla County",3,34,35,15,20
050,08,023,"Colorado","Costilla County",3,35,27,14,13
050,08,023,"Colorado","Costilla County",3,36,30,12,18
050,08,023,"Colorado","Costilla County",3,37,40,20,20
050,08,023,"Colorado","Costilla County",3,38,38,13,25
050,08,023,"Colorado","Costilla County",3,39,40,21,19
050,08,023,"Colorado","Costilla County",3,40,42,25,17
050,08,023,"Colorado","Costilla County",3,41,47,27,20
050,08,023,"Colorado","Costilla County",3,42,36,20,16
050,08,023,"Colorado","Costilla County",3,43,41,22,19
050,08,023,"Colorado","Costilla County",3,44,27,14,13
050,08,023,"Colorado","Costilla County",3,45,34,19,15
050,08,023,"Colorado","Costilla County",3,46,31,11,20
050,08,023,"Colorado","Costilla County",3,47,27,13,14
050,08,023,"Colorado","Costilla County",3,48,35,20,15
050,08,023,"Colorado","Costilla County",3,49,34,15,19
050,08,023,"Colorado","Costilla County",3,50,40,16,24
050,08,023,"Colorado","Costilla County",3,51,41,26,15
050,08,023,"Colorado","Costilla County",3,52,39,26,13
050,08,023,"Colorado","Costilla County",3,53,47,28,19
050,08,023,"Colorado","Costilla County",3,54,47,24,23
050,08,023,"Colorado","Costilla County",3,55,49,25,24
050,08,023,"Colorado","Costilla County",3,56,47,28,19
050,08,023,"Colorado","Costilla County",3,57,49,28,21
050,08,023,"Colorado","Costilla County",3,58,52,26,26
050,08,023,"Colorado","Costilla County",3,59,61,31,30
050,08,023,"Colorado","Costilla County",3,60,59,30,29
050,08,023,"Colorado","Costilla County",3,61,52,28,24
050,08,023,"Colorado","Costilla County",3,62,69,31,38
050,08,023,"Colorado","Costilla County",3,63,88,44,44
050,08,023,"Colorado","Costilla County",3,64,85,41,44
050,08,023,"Colorado","Costilla County",3,65,72,33,39
050,08,023,"Colorado","Costilla County",3,66,63,35,28
050,08,023,"Colorado","Costilla County",3,67,59,32,27
050,08,023,"Colorado","Costilla County",3,68,62,33,29
050,08,023,"Colorado","Costilla County",3,69,59,30,29
050,08,023,"Colorado","Costilla County",3,70,56,31,25
050,08,023,"Colorado","Costilla County",3,71,56,27,29
050,08,023,"Colorado","Costilla County",3,72,52,28,24
050,08,023,"Colorado","Costilla County",3,73,59,40,19
050,08,023,"Colorado","Costilla County",3,74,59,34,25
050,08,023,"Colorado","Costilla County",3,75,46,22,24
050,08,023,"Colorado","Costilla County",3,76,40,21,19
050,08,023,"Colorado","Costilla County",3,77,40,23,17
050,08,023,"Colorado","Costilla County",3,78,32,18,14
050,08,023,"Colorado","Costilla County",3,79,29,15,14
050,08,023,"Colorado","Costilla County",3,80,23,11,12
050,08,023,"Colorado","Costilla County",3,81,24,16,8
050,08,023,"Colorado","Costilla County",3,82,21,10,11
050,08,023,"Colorado","Costilla County",3,83,17,9,8
050,08,023,"Colorado","Costilla County",3,84,17,7,10
050,08,023,"Colorado","Costilla County",3,85,69,24,45
050,08,023,"Colorado","Costilla County",4,0,35,13,22
050,08,023,"Colorado","Costilla County",4,1,42,21,21
050,08,023,"Colorado","Costilla County",4,2,25,11,14
050,08,023,"Colorado","Costilla County",4,3,35,17,18
050,08,023,"Colorado","Costilla County",4,4,32,20,12
050,08,023,"Colorado","Costilla County",4,5,40,18,22
050,08,023,"Colorado","Costilla County",4,6,32,15,17
050,08,023,"Colorado","Costilla County",4,7,39,20,19
050,08,023,"Colorado","Costilla County",4,8,31,17,14
050,08,023,"Colorado","Costilla County",4,9,31,13,18
050,08,023,"Colorado","Costilla County",4,10,36,19,17
050,08,023,"Colorado","Costilla County",4,11,48,26,22
050,08,023,"Colorado","Costilla County",4,12,43,27,16
050,08,023,"Colorado","Costilla County",4,13,44,23,21
050,08,023,"Colorado","Costilla County",4,14,37,21,16
050,08,023,"Colorado","Costilla County",4,15,37,21,16
050,08,023,"Colorado","Costilla County",4,16,43,26,17
050,08,023,"Colorado","Costilla County",4,17,44,25,19
050,08,023,"Colorado","Costilla County",4,18,42,22,20
050,08,023,"Colorado","Costilla County",4,19,40,16,24
050,08,023,"Colorado","Costilla County",4,20,29,18,11
050,08,023,"Colorado","Costilla County",4,21,35,18,17
050,08,023,"Colorado","Costilla County",4,22,21,11,10
050,08,023,"Colorado","Costilla County",4,23,29,11,18
050,08,023,"Colorado","Costilla County",4,24,23,10,13
050,08,023,"Colorado","Costilla County",4,25,31,17,14
050,08,023,"Colorado","Costilla County",4,26,39,29,10
050,08,023,"Colorado","Costilla County",4,27,48,28,20
050,08,023,"Colorado","Costilla County",4,28,33,20,13
050,08,023,"Colorado","Costilla County",4,29,40,20,20
050,08,023,"Colorado","Costilla County",4,30,33,13,20
050,08,023,"Colorado","Costilla County",4,31,47,24,23
050,08,023,"Colorado","Costilla County",4,32,40,23,17
050,08,023,"Colorado","Costilla County",4,33,38,21,17
050,08,023,"Colorado","Costilla County",4,34,33,16,17
050,08,023,"Colorado","Costilla County",4,35,36,17,19
050,08,023,"Colorado","Costilla County",4,36,30,19,11
050,08,023,"Colorado","Costilla County",4,37,36,16,20
050,08,023,"Colorado","Costilla County",4,38,41,21,20
050,08,023,"Colorado","Costilla County",4,39,38,13,25
050,08,023,"Colorado","Costilla County",4,40,43,21,22
050,08,023,"Colorado","Costilla County",4,41,39,24,15
050,08,023,"Colorado","Costilla County",4,42,42,26,16
050,08,023,"Colorado","Costilla County",4,43,36,19,17
050,08,023,"Colorado","Costilla County",4,44,38,18,20
050,08,023,"Colorado","Costilla County",4,45,28,14,14
050,08,023,"Colorado","Costilla County",4,46,33,19,14
050,08,023,"Colorado","Costilla County",4,47,27,10,17
050,08,023,"Colorado","Costilla County",4,48,27,13,14
050,08,023,"Colorado","Costilla County",4,49,41,22,19
050,08,023,"Colorado","Costilla County",4,50,37,15,22
050,08,023,"Colorado","Costilla County",4,51,37,15,22
050,08,023,"Colorado","Costilla County",4,52,41,26,15
050,08,023,"Colorado","Costilla County",4,53,37,24,13
050,08,023,"Colorado","Costilla County",4,54,46,27,19
050,08,023,"Colorado","Costilla County",4,55,47,24,23
050,08,023,"Colorado","Costilla County",4,56,51,27,24
050,08,023,"Colorado","Costilla County",4,57,54,29,25
050,08,023,"Colorado","Costilla County",4,58,52,30,22
050,08,023,"Colorado","Costilla County",4,59,54,28,26
050,08,023,"Colorado","Costilla County",4,60,60,30,30
050,08,023,"Colorado","Costilla County",4,61,58,28,30
050,08,023,"Colorado","Costilla County",4,62,63,35,28
050,08,023,"Colorado","Costilla County",4,63,73,33,40
050,08,023,"Colorado","Costilla County",4,64,83,42,41
050,08,023,"Colorado","Costilla County",4,65,79,38,41
050,08,023,"Colorado","Costilla County",4,66,77,35,42
050,08,023,"Colorado","Costilla County",4,67,61,35,26
050,08,023,"Colorado","Costilla County",4,68,60,34,26
050,08,023,"Colorado","Costilla County",4,69,66,34,32
050,08,023,"Colorado","Costilla County",4,70,62,31,31
050,08,023,"Colorado","Costilla County",4,71,54,26,28
050,08,023,"Colorado","Costilla County",4,72,52,24,28
050,08,023,"Colorado","Costilla County",4,73,54,30,24
050,08,023,"Colorado","Costilla County",4,74,59,38,21
050,08,023,"Colorado","Costilla County",4,75,61,35,26
050,08,023,"Colorado","Costilla County",4,76,46,22,24
050,08,023,"Colorado","Costilla County",4,77,38,19,19
050,08,023,"Colorado","Costilla County",4,78,38,23,15
050,08,023,"Colorado","Costilla County",4,79,30,17,13
050,08,023,"Colorado","Costilla County",4,80,26,13,13
050,08,023,"Colorado","Costilla County",4,81,20,9,11
050,08,023,"Colorado","Costilla County",4,82,22,15,7
050,08,023,"Colorado","Costilla County",4,83,21,10,11
050,08,023,"Colorado","Costilla County",4,84,15,7,8
050,08,023,"Colorado","Costilla County",4,85,71,25,46
050,08,023,"Colorado","Costilla County",5,0,31,12,19
050,08,023,"Colorado","Costilla County",5,1,55,31,24
050,08,023,"Colorado","Costilla County",5,2,38,19,19
050,08,023,"Colorado","Costilla County",5,3,28,14,14
050,08,023,"Colorado","Costilla County",5,4,36,15,21
050,08,023,"Colorado","Costilla County",5,5,32,20,12
050,08,023,"Colorado","Costilla County",5,6,37,19,18
050,08,023,"Colorado","Costilla County",5,7,27,13,14
050,08,023,"Colorado","Costilla County",5,8,39,22,17
050,08,023,"Colorado","Costilla County",5,9,31,19,12
050,08,023,"Colorado","Costilla County",5,10,29,14,15
050,08,023,"Colorado","Costilla County",5,11,31,16,15
050,08,023,"Colorado","Costilla County",5,12,47,25,22
050,08,023,"Colorado","Costilla County",5,13,41,25,16
050,08,023,"Colorado","Costilla County",5,14,47,27,20
050,08,023,"Colorado","Costilla County",5,15,40,23,17
050,08,023,"Colorado","Costilla County",5,16,38,22,16
050,08,023,"Colorado","Costilla County",5,17,44,27,17
050,08,023,"Colorado","Costilla County",5,18,45,28,17
050,08,023,"Colorado","Costilla County",5,19,36,18,18
050,08,023,"Colorado","Costilla County",5,20,42,18,24
050,08,023,"Colorado","Costilla County",5,21,27,17,10
050,08,023,"Colorado","Costilla County",5,22,31,14,17
050,08,023,"Colorado","Costilla County",5,23,28,17,11
050,08,023,"Colorado","Costilla County",5,24,28,11,17
050,08,023,"Colorado","Costilla County",5,25,18,9,9
050,08,023,"Colorado","Costilla County",5,26,29,19,10
050,08,023,"Colorado","Costilla County",5,27,40,27,13
050,08,023,"Colorado","Costilla County",5,28,45,24,21
050,08,023,"Colorado","Costilla County",5,29,29,15,14
050,08,023,"Colorado","Costilla County",5,30,37,16,21
050,08,023,"Colorado","Costilla County",5,31,35,14,21
050,08,023,"Colorado","Costilla County",5,32,45,21,24
050,08,023,"Colorado","Costilla County",5,33,38,21,17
050,08,023,"Colorado","Costilla County",5,34,37,21,16
050,08,023,"Colorado","Costilla County",5,35,42,20,22
050,08,023,"Colorado","Costilla County",5,36,40,20,20
050,08,023,"Colorado","Costilla County",5,37,33,21,12
050,08,023,"Colorado","Costilla County",5,38,32,14,18
050,08,023,"Colorado","Costilla County",5,39,43,21,22
050,08,023,"Colorado","Costilla County",5,40,35,11,24
050,08,023,"Colorado","Costilla County",5,41,54,26,28
050,08,023,"Colorado","Costilla County",5,42,45,26,19
050,08,023,"Colorado","Costilla County",5,43,44,25,19
050,08,023,"Colorado","Costilla County",5,44,40,22,18
050,08,023,"Colorado","Costilla County",5,45,41,19,22
050,08,023,"Colorado","Costilla County",5,46,27,15,12
050,08,023,"Colorado","Costilla County",5,47,37,20,17
050,08,023,"Colorado","Costilla County",5,48,28,9,19
050,08,023,"Colorado","Costilla County",5,49,32,15,17
050,08,023,"Colorado","Costilla County",5,50,40,20,20
050,08,023,"Colorado","Costilla County",5,51,36,15,21
050,08,023,"Colorado","Costilla County",5,52,39,18,21
050,08,023,"Colorado","Costilla County",5,53,42,24,18
050,08,023,"Colorado","Costilla County",5,54,38,27,11
050,08,023,"Colorado","Costilla County",5,55,47,25,22
050,08,023,"Colorado","Costilla County",5,56,48,25,23
050,08,023,"Colorado","Costilla County",5,57,50,28,22
050,08,023,"Colorado","Costilla County",5,58,56,29,27
050,08,023,"Colorado","Costilla County",5,59,54,33,21
050,08,023,"Colorado","Costilla County",5,60,55,28,27
050,08,023,"Colorado","Costilla County",5,61,59,26,33
050,08,023,"Colorado","Costilla County",5,62,62,29,33
050,08,023,"Colorado","Costilla County",5,63,63,38,25
050,08,023,"Colorado","Costilla County",5,64,73,33,40
050,08,023,"Colorado","Costilla County",5,65,81,41,40
050,08,023,"Colorado","Costilla County",5,66,75,39,36
050,08,023,"Colorado","Costilla County",5,67,73,35,38
050,08,023,"Colorado","Costilla County",5,68,64,35,29
050,08,023,"Colorado","Costilla County",5,69,60,35,25
050,08,023,"Colorado","Costilla County",5,70,65,35,30
050,08,023,"Colorado","Costilla County",5,71,53,25,28
050,08,023,"Colorado","Costilla County",5,72,52,25,27
050,08,023,"Colorado","Costilla County",5,73,51,24,27
050,08,023,"Colorado","Costilla County",5,74,52,30,22
050,08,023,"Colorado","Costilla County",5,75,59,39,20
050,08,023,"Colorado","Costilla County",5,76,56,32,24
050,08,023,"Colorado","Costilla County",5,77,42,18,24
050,08,023,"Colorado","Costilla County",5,78,36,19,17
050,08,023,"Colorado","Costilla County",5,79,37,22,15
050,08,023,"Colorado","Costilla County",5,80,28,15,13
050,08,023,"Colorado","Costilla County",5,81,23,11,12
050,08,023,"Colorado","Costilla County",5,82,17,8,9
050,08,023,"Colorado","Costilla County",5,83,22,14,8
050,08,023,"Colorado","Costilla County",5,84,17,6,11
050,08,023,"Colorado","Costilla County",5,85,69,23,46
050,08,025,"Colorado","Crowley County",1,0,26,13,13
050,08,025,"Colorado","Crowley County",1,1,29,16,13
050,08,025,"Colorado","Crowley County",1,2,25,14,11
050,08,025,"Colorado","Crowley County",1,3,26,16,10
050,08,025,"Colorado","Crowley County",1,4,28,16,12
050,08,025,"Colorado","Crowley County",1,5,29,20,9
050,08,025,"Colorado","Crowley County",1,6,31,18,13
050,08,025,"Colorado","Crowley County",1,7,32,19,13
050,08,025,"Colorado","Crowley County",1,8,43,24,19
050,08,025,"Colorado","Crowley County",1,9,47,28,19
050,08,025,"Colorado","Crowley County",1,10,43,17,26
050,08,025,"Colorado","Crowley County",1,11,44,18,26
050,08,025,"Colorado","Crowley County",1,12,44,22,22
050,08,025,"Colorado","Crowley County",1,13,39,20,19
050,08,025,"Colorado","Crowley County",1,14,45,23,22
050,08,025,"Colorado","Crowley County",1,15,48,25,23
050,08,025,"Colorado","Crowley County",1,16,51,23,28
050,08,025,"Colorado","Crowley County",1,17,36,16,20
050,08,025,"Colorado","Crowley County",1,18,32,17,15
050,08,025,"Colorado","Crowley County",1,19,39,30,9
050,08,025,"Colorado","Crowley County",1,20,73,63,10
050,08,025,"Colorado","Crowley County",1,21,82,71,11
050,08,025,"Colorado","Crowley County",1,22,107,97,10
050,08,025,"Colorado","Crowley County",1,23,110,96,14
050,08,025,"Colorado","Crowley County",1,24,106,95,11
050,08,025,"Colorado","Crowley County",1,25,121,106,15
050,08,025,"Colorado","Crowley County",1,26,127,114,13
050,08,025,"Colorado","Crowley County",1,27,123,110,13
050,08,025,"Colorado","Crowley County",1,28,122,110,12
050,08,025,"Colorado","Crowley County",1,29,153,136,17
050,08,025,"Colorado","Crowley County",1,30,111,99,12
050,08,025,"Colorado","Crowley County",1,31,122,106,16
050,08,025,"Colorado","Crowley County",1,32,124,101,23
050,08,025,"Colorado","Crowley County",1,33,122,105,17
050,08,025,"Colorado","Crowley County",1,34,106,96,10
050,08,025,"Colorado","Crowley County",1,35,91,83,8
050,08,025,"Colorado","Crowley County",1,36,97,86,11
050,08,025,"Colorado","Crowley County",1,37,119,101,18
050,08,025,"Colorado","Crowley County",1,38,109,89,20
050,08,025,"Colorado","Crowley County",1,39,111,99,12
050,08,025,"Colorado","Crowley County",1,40,117,104,13
050,08,025,"Colorado","Crowley County",1,41,124,105,19
050,08,025,"Colorado","Crowley County",1,42,98,78,20
050,08,025,"Colorado","Crowley County",1,43,100,83,17
050,08,025,"Colorado","Crowley County",1,44,89,75,14
050,08,025,"Colorado","Crowley County",1,45,112,98,14
050,08,025,"Colorado","Crowley County",1,46,94,83,11
050,08,025,"Colorado","Crowley County",1,47,123,110,13
050,08,025,"Colorado","Crowley County",1,48,110,91,19
050,08,025,"Colorado","Crowley County",1,49,99,77,22
050,08,025,"Colorado","Crowley County",1,50,87,72,15
050,08,025,"Colorado","Crowley County",1,51,87,68,19
050,08,025,"Colorado","Crowley County",1,52,63,49,14
050,08,025,"Colorado","Crowley County",1,53,71,56,15
050,08,025,"Colorado","Crowley County",1,54,82,65,17
050,08,025,"Colorado","Crowley County",1,55,73,59,14
050,08,025,"Colorado","Crowley County",1,56,63,42,21
050,08,025,"Colorado","Crowley County",1,57,75,52,23
050,08,025,"Colorado","Crowley County",1,58,74,48,26
050,08,025,"Colorado","Crowley County",1,59,67,43,24
050,08,025,"Colorado","Crowley County",1,60,71,38,33
050,08,025,"Colorado","Crowley County",1,61,66,36,30
050,08,025,"Colorado","Crowley County",1,62,70,39,31
050,08,025,"Colorado","Crowley County",1,63,60,38,22
050,08,025,"Colorado","Crowley County",1,64,53,31,22
050,08,025,"Colorado","Crowley County",1,65,43,20,23
050,08,025,"Colorado","Crowley County",1,66,68,41,27
050,08,025,"Colorado","Crowley County",1,67,57,29,28
050,08,025,"Colorado","Crowley County",1,68,54,28,26
050,08,025,"Colorado","Crowley County",1,69,51,22,29
050,08,025,"Colorado","Crowley County",1,70,46,28,18
050,08,025,"Colorado","Crowley County",1,71,40,23,17
050,08,025,"Colorado","Crowley County",1,72,46,22,24
050,08,025,"Colorado","Crowley County",1,73,51,20,31
050,08,025,"Colorado","Crowley County",1,74,26,13,13
050,08,025,"Colorado","Crowley County",1,75,30,14,16
050,08,025,"Colorado","Crowley County",1,76,31,14,17
050,08,025,"Colorado","Crowley County",1,77,36,15,21
050,08,025,"Colorado","Crowley County",1,78,27,11,16
050,08,025,"Colorado","Crowley County",1,79,30,16,14
050,08,025,"Colorado","Crowley County",1,80,21,13,8
050,08,025,"Colorado","Crowley County",1,81,22,12,10
050,08,025,"Colorado","Crowley County",1,82,21,11,10
050,08,025,"Colorado","Crowley County",1,83,8,6,2
050,08,025,"Colorado","Crowley County",1,84,15,10,5
050,08,025,"Colorado","Crowley County",1,85,95,32,63
050,08,025,"Colorado","Crowley County",2,0,24,12,12
050,08,025,"Colorado","Crowley County",2,1,29,16,13
050,08,025,"Colorado","Crowley County",2,2,26,14,12
050,08,025,"Colorado","Crowley County",2,3,25,15,10
050,08,025,"Colorado","Crowley County",2,4,26,15,11
050,08,025,"Colorado","Crowley County",2,5,30,20,10
050,08,025,"Colorado","Crowley County",2,6,28,18,10
050,08,025,"Colorado","Crowley County",2,7,32,18,14
050,08,025,"Colorado","Crowley County",2,8,40,22,18
050,08,025,"Colorado","Crowley County",2,9,46,27,19
050,08,025,"Colorado","Crowley County",2,10,45,20,25
050,08,025,"Colorado","Crowley County",2,11,44,18,26
050,08,025,"Colorado","Crowley County",2,12,44,21,23
050,08,025,"Colorado","Crowley County",2,13,41,21,20
050,08,025,"Colorado","Crowley County",2,14,43,22,21
050,08,025,"Colorado","Crowley County",2,15,48,26,22
050,08,025,"Colorado","Crowley County",2,16,49,23,26
050,08,025,"Colorado","Crowley County",2,17,39,18,21
050,08,025,"Colorado","Crowley County",2,18,33,17,16
050,08,025,"Colorado","Crowley County",2,19,39,29,10
050,08,025,"Colorado","Crowley County",2,20,70,62,8
050,08,025,"Colorado","Crowley County",2,21,79,67,12
050,08,025,"Colorado","Crowley County",2,22,102,92,10
050,08,025,"Colorado","Crowley County",2,23,102,88,14
050,08,025,"Colorado","Crowley County",2,24,100,89,11
050,08,025,"Colorado","Crowley County",2,25,112,98,14
050,08,025,"Colorado","Crowley County",2,26,121,107,14
050,08,025,"Colorado","Crowley County",2,27,116,103,13
050,08,025,"Colorado","Crowley County",2,28,114,102,12
050,08,025,"Colorado","Crowley County",2,29,141,125,16
050,08,025,"Colorado","Crowley County",2,30,105,92,13
050,08,025,"Colorado","Crowley County",2,31,115,100,15
050,08,025,"Colorado","Crowley County",2,32,115,94,21
050,08,025,"Colorado","Crowley County",2,33,115,96,19
050,08,025,"Colorado","Crowley County",2,34,102,90,12
050,08,025,"Colorado","Crowley County",2,35,85,77,8
050,08,025,"Colorado","Crowley County",2,36,92,82,10
050,08,025,"Colorado","Crowley County",2,37,109,93,16
050,08,025,"Colorado","Crowley County",2,38,101,81,20
050,08,025,"Colorado","Crowley County",2,39,107,94,13
050,08,025,"Colorado","Crowley County",2,40,108,96,12
050,08,025,"Colorado","Crowley County",2,41,118,100,18
050,08,025,"Colorado","Crowley County",2,42,93,73,20
050,08,025,"Colorado","Crowley County",2,43,94,76,18
050,08,025,"Colorado","Crowley County",2,44,87,73,14
050,08,025,"Colorado","Crowley County",2,45,106,91,15
050,08,025,"Colorado","Crowley County",2,46,91,79,12
050,08,025,"Colorado","Crowley County",2,47,117,104,13
050,08,025,"Colorado","Crowley County",2,48,103,86,17
050,08,025,"Colorado","Crowley County",2,49,92,71,21
050,08,025,"Colorado","Crowley County",2,50,85,69,16
050,08,025,"Colorado","Crowley County",2,51,81,63,18
050,08,025,"Colorado","Crowley County",2,52,62,46,16
050,08,025,"Colorado","Crowley County",2,53,68,53,15
050,08,025,"Colorado","Crowley County",2,54,79,61,18
050,08,025,"Colorado","Crowley County",2,55,70,56,14
050,08,025,"Colorado","Crowley County",2,56,60,41,19
050,08,025,"Colorado","Crowley County",2,57,73,50,23
050,08,025,"Colorado","Crowley County",2,58,70,46,24
050,08,025,"Colorado","Crowley County",2,59,67,43,24
050,08,025,"Colorado","Crowley County",2,60,70,38,32
050,08,025,"Colorado","Crowley County",2,61,64,34,30
050,08,025,"Colorado","Crowley County",2,62,67,37,30
050,08,025,"Colorado","Crowley County",2,63,63,38,25
050,08,025,"Colorado","Crowley County",2,64,52,31,21
050,08,025,"Colorado","Crowley County",2,65,44,21,23
050,08,025,"Colorado","Crowley County",2,66,64,37,27
050,08,025,"Colorado","Crowley County",2,67,57,29,28
050,08,025,"Colorado","Crowley County",2,68,52,27,25
050,08,025,"Colorado","Crowley County",2,69,51,23,28
050,08,025,"Colorado","Crowley County",2,70,49,28,21
050,08,025,"Colorado","Crowley County",2,71,39,22,17
050,08,025,"Colorado","Crowley County",2,72,44,22,22
050,08,025,"Colorado","Crowley County",2,73,51,21,30
050,08,025,"Colorado","Crowley County",2,74,29,13,16
050,08,025,"Colorado","Crowley County",2,75,30,14,16
050,08,025,"Colorado","Crowley County",2,76,31,14,17
050,08,025,"Colorado","Crowley County",2,77,35,15,20
050,08,025,"Colorado","Crowley County",2,78,28,12,16
050,08,025,"Colorado","Crowley County",2,79,29,15,14
050,08,025,"Colorado","Crowley County",2,80,23,13,10
050,08,025,"Colorado","Crowley County",2,81,22,12,10
050,08,025,"Colorado","Crowley County",2,82,22,12,10
050,08,025,"Colorado","Crowley County",2,83,10,7,3
050,08,025,"Colorado","Crowley County",2,84,13,9,4
050,08,025,"Colorado","Crowley County",2,85,91,30,61
050,08,025,"Colorado","Crowley County",3,0,30,10,20
050,08,025,"Colorado","Crowley County",3,1,28,12,16
050,08,025,"Colorado","Crowley County",3,2,24,14,10
050,08,025,"Colorado","Crowley County",3,3,28,14,14
050,08,025,"Colorado","Crowley County",3,4,28,17,11
050,08,025,"Colorado","Crowley County",3,5,30,16,14
050,08,025,"Colorado","Crowley County",3,6,31,21,10
050,08,025,"Colorado","Crowley County",3,7,30,17,13
050,08,025,"Colorado","Crowley County",3,8,37,22,15
050,08,025,"Colorado","Crowley County",3,9,40,22,18
050,08,025,"Colorado","Crowley County",3,10,44,26,18
050,08,025,"Colorado","Crowley County",3,11,45,21,24
050,08,025,"Colorado","Crowley County",3,12,48,20,28
050,08,025,"Colorado","Crowley County",3,13,46,18,28
050,08,025,"Colorado","Crowley County",3,14,41,23,18
050,08,025,"Colorado","Crowley County",3,15,43,20,23
050,08,025,"Colorado","Crowley County",3,16,48,25,23
050,08,025,"Colorado","Crowley County",3,17,49,23,26
050,08,025,"Colorado","Crowley County",3,18,33,16,17
050,08,025,"Colorado","Crowley County",3,19,34,22,12
050,08,025,"Colorado","Crowley County",3,20,65,57,8
050,08,025,"Colorado","Crowley County",3,21,77,67,10
050,08,025,"Colorado","Crowley County",3,22,108,94,14
050,08,025,"Colorado","Crowley County",3,23,104,93,11
050,08,025,"Colorado","Crowley County",3,24,101,86,15
050,08,025,"Colorado","Crowley County",3,25,110,100,10
050,08,025,"Colorado","Crowley County",3,26,118,106,12
050,08,025,"Colorado","Crowley County",3,27,121,109,12
050,08,025,"Colorado","Crowley County",3,28,113,100,13
050,08,025,"Colorado","Crowley County",3,29,142,127,15
050,08,025,"Colorado","Crowley County",3,30,112,97,15
050,08,025,"Colorado","Crowley County",3,31,116,104,12
050,08,025,"Colorado","Crowley County",3,32,109,89,20
050,08,025,"Colorado","Crowley County",3,33,109,91,18
050,08,025,"Colorado","Crowley County",3,34,119,99,20
050,08,025,"Colorado","Crowley County",3,35,95,84,11
050,08,025,"Colorado","Crowley County",3,36,95,88,7
050,08,025,"Colorado","Crowley County",3,37,109,96,13
050,08,025,"Colorado","Crowley County",3,38,102,86,16
050,08,025,"Colorado","Crowley County",3,39,126,108,18
050,08,025,"Colorado","Crowley County",3,40,107,93,14
050,08,025,"Colorado","Crowley County",3,41,117,105,12
050,08,025,"Colorado","Crowley County",3,42,96,72,24
050,08,025,"Colorado","Crowley County",3,43,91,76,15
050,08,025,"Colorado","Crowley County",3,44,99,79,20
050,08,025,"Colorado","Crowley County",3,45,106,87,19
050,08,025,"Colorado","Crowley County",3,46,92,79,13
050,08,025,"Colorado","Crowley County",3,47,117,102,15
050,08,025,"Colorado","Crowley County",3,48,101,89,12
050,08,025,"Colorado","Crowley County",3,49,88,69,19
050,08,025,"Colorado","Crowley County",3,50,95,76,19
050,08,025,"Colorado","Crowley County",3,51,74,61,13
050,08,025,"Colorado","Crowley County",3,52,65,45,20
050,08,025,"Colorado","Crowley County",3,53,81,63,18
050,08,025,"Colorado","Crowley County",3,54,72,56,16
050,08,025,"Colorado","Crowley County",3,55,69,50,19
050,08,025,"Colorado","Crowley County",3,56,52,38,14
050,08,025,"Colorado","Crowley County",3,57,69,49,20
050,08,025,"Colorado","Crowley County",3,58,69,47,22
050,08,025,"Colorado","Crowley County",3,59,65,42,23
050,08,025,"Colorado","Crowley County",3,60,65,40,25
050,08,025,"Colorado","Crowley County",3,61,63,32,31
050,08,025,"Colorado","Crowley County",3,62,66,37,29
050,08,025,"Colorado","Crowley County",3,63,64,35,29
050,08,025,"Colorado","Crowley County",3,64,65,41,24
050,08,025,"Colorado","Crowley County",3,65,51,30,21
050,08,025,"Colorado","Crowley County",3,66,50,26,24
050,08,025,"Colorado","Crowley County",3,67,58,33,25
050,08,025,"Colorado","Crowley County",3,68,49,24,25
050,08,025,"Colorado","Crowley County",3,69,46,22,24
050,08,025,"Colorado","Crowley County",3,70,50,23,27
050,08,025,"Colorado","Crowley County",3,71,43,25,18
050,08,025,"Colorado","Crowley County",3,72,39,21,18
050,08,025,"Colorado","Crowley County",3,73,39,19,20
050,08,025,"Colorado","Crowley County",3,74,46,16,30
050,08,025,"Colorado","Crowley County",3,75,29,13,16
050,08,025,"Colorado","Crowley County",3,76,28,13,15
050,08,025,"Colorado","Crowley County",3,77,31,14,17
050,08,025,"Colorado","Crowley County",3,78,33,14,19
050,08,025,"Colorado","Crowley County",3,79,25,13,12
050,08,025,"Colorado","Crowley County",3,80,30,14,16
050,08,025,"Colorado","Crowley County",3,81,22,15,7
050,08,025,"Colorado","Crowley County",3,82,20,11,9
050,08,025,"Colorado","Crowley County",3,83,20,10,10
050,08,025,"Colorado","Crowley County",3,84,9,7,2
050,08,025,"Colorado","Crowley County",3,85,81,32,49
050,08,025,"Colorado","Crowley County",4,0,27,12,15
050,08,025,"Colorado","Crowley County",4,1,27,9,18
050,08,025,"Colorado","Crowley County",4,2,30,15,15
050,08,025,"Colorado","Crowley County",4,3,28,15,13
050,08,025,"Colorado","Crowley County",4,4,33,21,12
050,08,025,"Colorado","Crowley County",4,5,32,20,12
050,08,025,"Colorado","Crowley County",4,6,34,18,16
050,08,025,"Colorado","Crowley County",4,7,29,20,9
050,08,025,"Colorado","Crowley County",4,8,32,18,14
050,08,025,"Colorado","Crowley County",4,9,41,25,16
050,08,025,"Colorado","Crowley County",4,10,40,21,19
050,08,025,"Colorado","Crowley County",4,11,46,28,18
050,08,025,"Colorado","Crowley County",4,12,42,21,21
050,08,025,"Colorado","Crowley County",4,13,53,21,32
050,08,025,"Colorado","Crowley County",4,14,40,19,21
050,08,025,"Colorado","Crowley County",4,15,44,25,19
050,08,025,"Colorado","Crowley County",4,16,42,18,24
050,08,025,"Colorado","Crowley County",4,17,49,26,23
050,08,025,"Colorado","Crowley County",4,18,44,20,24
050,08,025,"Colorado","Crowley County",4,19,36,22,14
050,08,025,"Colorado","Crowley County",4,20,65,53,12
050,08,025,"Colorado","Crowley County",4,21,69,58,11
050,08,025,"Colorado","Crowley County",4,22,102,89,13
050,08,025,"Colorado","Crowley County",4,23,95,81,14
050,08,025,"Colorado","Crowley County",4,24,105,93,12
050,08,025,"Colorado","Crowley County",4,25,117,99,18
050,08,025,"Colorado","Crowley County",4,26,114,104,10
050,08,025,"Colorado","Crowley County",4,27,106,94,12
050,08,025,"Colorado","Crowley County",4,28,116,102,14
050,08,025,"Colorado","Crowley County",4,29,136,123,13
050,08,025,"Colorado","Crowley County",4,30,108,94,14
050,08,025,"Colorado","Crowley County",4,31,125,108,17
050,08,025,"Colorado","Crowley County",4,32,115,99,16
050,08,025,"Colorado","Crowley County",4,33,108,88,20
050,08,025,"Colorado","Crowley County",4,34,102,81,21
050,08,025,"Colorado","Crowley County",4,35,100,82,18
050,08,025,"Colorado","Crowley County",4,36,103,91,12
050,08,025,"Colorado","Crowley County",4,37,96,89,7
050,08,025,"Colorado","Crowley County",4,38,91,76,15
050,08,025,"Colorado","Crowley County",4,39,113,96,17
050,08,025,"Colorado","Crowley County",4,40,116,101,15
050,08,025,"Colorado","Crowley County",4,41,107,92,15
050,08,025,"Colorado","Crowley County",4,42,91,76,15
050,08,025,"Colorado","Crowley County",4,43,94,71,23
050,08,025,"Colorado","Crowley County",4,44,85,68,17
050,08,025,"Colorado","Crowley County",4,45,109,89,20
050,08,025,"Colorado","Crowley County",4,46,92,72,20
050,08,025,"Colorado","Crowley County",4,47,115,101,14
050,08,025,"Colorado","Crowley County",4,48,100,86,14
050,08,025,"Colorado","Crowley County",4,49,83,71,12
050,08,025,"Colorado","Crowley County",4,50,91,72,19
050,08,025,"Colorado","Crowley County",4,51,85,67,18
050,08,025,"Colorado","Crowley County",4,52,53,38,15
050,08,025,"Colorado","Crowley County",4,53,80,60,20
050,08,025,"Colorado","Crowley County",4,54,76,59,17
050,08,025,"Colorado","Crowley County",4,55,63,47,16
050,08,025,"Colorado","Crowley County",4,56,54,37,17
050,08,025,"Colorado","Crowley County",4,57,61,48,13
050,08,025,"Colorado","Crowley County",4,58,61,41,20
050,08,025,"Colorado","Crowley County",4,59,63,40,23
050,08,025,"Colorado","Crowley County",4,60,60,38,22
050,08,025,"Colorado","Crowley County",4,61,53,31,22
050,08,025,"Colorado","Crowley County",4,62,62,33,29
050,08,025,"Colorado","Crowley County",4,63,64,33,31
050,08,025,"Colorado","Crowley County",4,64,62,33,29
050,08,025,"Colorado","Crowley County",4,65,57,31,26
050,08,025,"Colorado","Crowley County",4,66,60,37,23
050,08,025,"Colorado","Crowley County",4,67,46,23,23
050,08,025,"Colorado","Crowley County",4,68,53,28,25
050,08,025,"Colorado","Crowley County",4,69,46,22,24
050,08,025,"Colorado","Crowley County",4,70,46,23,23
050,08,025,"Colorado","Crowley County",4,71,49,21,28
050,08,025,"Colorado","Crowley County",4,72,44,24,20
050,08,025,"Colorado","Crowley County",4,73,41,20,21
050,08,025,"Colorado","Crowley County",4,74,34,14,20
050,08,025,"Colorado","Crowley County",4,75,43,16,27
050,08,025,"Colorado","Crowley County",4,76,27,13,14
050,08,025,"Colorado","Crowley County",4,77,24,11,13
050,08,025,"Colorado","Crowley County",4,78,30,14,16
050,08,025,"Colorado","Crowley County",4,79,32,14,18
050,08,025,"Colorado","Crowley County",4,80,23,12,11
050,08,025,"Colorado","Crowley County",4,81,31,15,16
050,08,025,"Colorado","Crowley County",4,82,18,14,4
050,08,025,"Colorado","Crowley County",4,83,21,11,10
050,08,025,"Colorado","Crowley County",4,84,19,10,9
050,08,025,"Colorado","Crowley County",4,85,68,30,38
050,08,025,"Colorado","Crowley County",5,0,27,10,17
050,08,025,"Colorado","Crowley County",5,1,33,16,17
050,08,025,"Colorado","Crowley County",5,2,27,11,16
050,08,025,"Colorado","Crowley County",5,3,27,12,15
050,08,025,"Colorado","Crowley County",5,4,23,11,12
050,08,025,"Colorado","Crowley County",5,5,31,20,11
050,08,025,"Colorado","Crowley County",5,6,28,16,12
050,08,025,"Colorado","Crowley County",5,7,33,18,15
050,08,025,"Colorado","Crowley County",5,8,32,22,10
050,08,025,"Colorado","Crowley County",5,9,27,18,9
050,08,025,"Colorado","Crowley County",5,10,41,25,16
050,08,025,"Colorado","Crowley County",5,11,38,20,18
050,08,025,"Colorado","Crowley County",5,12,45,28,17
050,08,025,"Colorado","Crowley County",5,13,42,22,20
050,08,025,"Colorado","Crowley County",5,14,52,21,31
050,08,025,"Colorado","Crowley County",5,15,39,22,17
050,08,025,"Colorado","Crowley County",5,16,43,25,18
050,08,025,"Colorado","Crowley County",5,17,42,20,22
050,08,025,"Colorado","Crowley County",5,18,42,23,19
050,08,025,"Colorado","Crowley County",5,19,41,23,18
050,08,025,"Colorado","Crowley County",5,20,67,50,17
050,08,025,"Colorado","Crowley County",5,21,71,58,13
050,08,025,"Colorado","Crowley County",5,22,104,94,10
050,08,025,"Colorado","Crowley County",5,23,102,88,14
050,08,025,"Colorado","Crowley County",5,24,109,94,15
050,08,025,"Colorado","Crowley County",5,25,119,102,17
050,08,025,"Colorado","Crowley County",5,26,126,108,18
050,08,025,"Colorado","Crowley County",5,27,113,101,12
050,08,025,"Colorado","Crowley County",5,28,112,99,13
050,08,025,"Colorado","Crowley County",5,29,141,128,13
050,08,025,"Colorado","Crowley County",5,30,109,95,14
050,08,025,"Colorado","Crowley County",5,31,121,108,13
050,08,025,"Colorado","Crowley County",5,32,116,101,15
050,08,025,"Colorado","Crowley County",5,33,117,104,13
050,08,025,"Colorado","Crowley County",5,34,103,85,18
050,08,025,"Colorado","Crowley County",5,35,89,72,17
050,08,025,"Colorado","Crowley County",5,36,109,93,16
050,08,025,"Colorado","Crowley County",5,37,110,94,16
050,08,025,"Colorado","Crowley County",5,38,86,79,7
050,08,025,"Colorado","Crowley County",5,39,113,98,15
050,08,025,"Colorado","Crowley County",5,40,115,97,18
050,08,025,"Colorado","Crowley County",5,41,120,105,15
050,08,025,"Colorado","Crowley County",5,42,89,73,16
050,08,025,"Colorado","Crowley County",5,43,90,76,14
050,08,025,"Colorado","Crowley County",5,44,94,69,25
050,08,025,"Colorado","Crowley County",5,45,101,84,17
050,08,025,"Colorado","Crowley County",5,46,99,76,23
050,08,025,"Colorado","Crowley County",5,47,119,99,20
050,08,025,"Colorado","Crowley County",5,48,100,85,15
050,08,025,"Colorado","Crowley County",5,49,85,70,15
050,08,025,"Colorado","Crowley County",5,50,81,69,12
050,08,025,"Colorado","Crowley County",5,51,83,67,16
050,08,025,"Colorado","Crowley County",5,52,65,48,17
050,08,025,"Colorado","Crowley County",5,53,65,49,16
050,08,025,"Colorado","Crowley County",5,54,79,60,19
050,08,025,"Colorado","Crowley County",5,55,68,51,17
050,08,025,"Colorado","Crowley County",5,56,48,35,13
050,08,025,"Colorado","Crowley County",5,57,61,44,17
050,08,025,"Colorado","Crowley County",5,58,61,45,16
050,08,025,"Colorado","Crowley County",5,59,58,38,20
050,08,025,"Colorado","Crowley County",5,60,60,39,21
050,08,025,"Colorado","Crowley County",5,61,49,31,18
050,08,025,"Colorado","Crowley County",5,62,51,31,20
050,08,025,"Colorado","Crowley County",5,63,57,28,29
050,08,025,"Colorado","Crowley County",5,64,64,33,31
050,08,025,"Colorado","Crowley County",5,65,57,28,29
050,08,025,"Colorado","Crowley County",5,66,61,36,25
050,08,025,"Colorado","Crowley County",5,67,49,29,20
050,08,025,"Colorado","Crowley County",5,68,44,19,25
050,08,025,"Colorado","Crowley County",5,69,51,27,24
050,08,025,"Colorado","Crowley County",5,70,49,25,24
050,08,025,"Colorado","Crowley County",5,71,47,25,22
050,08,025,"Colorado","Crowley County",5,72,47,20,27
050,08,025,"Colorado","Crowley County",5,73,41,23,18
050,08,025,"Colorado","Crowley County",5,74,37,16,21
050,08,025,"Colorado","Crowley County",5,75,32,14,18
050,08,025,"Colorado","Crowley County",5,76,39,16,23
050,08,025,"Colorado","Crowley County",5,77,24,11,13
050,08,025,"Colorado","Crowley County",5,78,22,11,11
050,08,025,"Colorado","Crowley County",5,79,28,14,14
050,08,025,"Colorado","Crowley County",5,80,31,14,17
050,08,025,"Colorado","Crowley County",5,81,22,11,11
050,08,025,"Colorado","Crowley County",5,82,29,14,15
050,08,025,"Colorado","Crowley County",5,83,18,14,4
050,08,025,"Colorado","Crowley County",5,84,19,11,8
050,08,025,"Colorado","Crowley County",5,85,77,37,40
050,08,027,"Colorado","Custer County",1,0,34,17,17
050,08,027,"Colorado","Custer County",1,1,40,16,24
050,08,027,"Colorado","Custer County",1,2,37,15,22
050,08,027,"Colorado","Custer County",1,3,35,18,17
050,08,027,"Colorado","Custer County",1,4,25,14,11
050,08,027,"Colorado","Custer County",1,5,34,22,12
050,08,027,"Colorado","Custer County",1,6,39,23,16
050,08,027,"Colorado","Custer County",1,7,35,17,18
050,08,027,"Colorado","Custer County",1,8,31,12,19
050,08,027,"Colorado","Custer County",1,9,38,22,16
050,08,027,"Colorado","Custer County",1,10,40,19,21
050,08,027,"Colorado","Custer County",1,11,47,26,21
050,08,027,"Colorado","Custer County",1,12,46,25,21
050,08,027,"Colorado","Custer County",1,13,33,17,16
050,08,027,"Colorado","Custer County",1,14,32,18,14
050,08,027,"Colorado","Custer County",1,15,39,23,16
050,08,027,"Colorado","Custer County",1,16,37,20,17
050,08,027,"Colorado","Custer County",1,17,49,24,25
050,08,027,"Colorado","Custer County",1,18,42,22,20
050,08,027,"Colorado","Custer County",1,19,32,15,17
050,08,027,"Colorado","Custer County",1,20,30,19,11
050,08,027,"Colorado","Custer County",1,21,29,13,16
050,08,027,"Colorado","Custer County",1,22,35,15,20
050,08,027,"Colorado","Custer County",1,23,34,16,18
050,08,027,"Colorado","Custer County",1,24,29,14,15
050,08,027,"Colorado","Custer County",1,25,31,16,15
050,08,027,"Colorado","Custer County",1,26,25,16,9
050,08,027,"Colorado","Custer County",1,27,26,15,11
050,08,027,"Colorado","Custer County",1,28,45,26,19
050,08,027,"Colorado","Custer County",1,29,33,15,18
050,08,027,"Colorado","Custer County",1,30,34,17,17
050,08,027,"Colorado","Custer County",1,31,26,12,14
050,08,027,"Colorado","Custer County",1,32,24,13,11
050,08,027,"Colorado","Custer County",1,33,21,13,8
050,08,027,"Colorado","Custer County",1,34,25,13,12
050,08,027,"Colorado","Custer County",1,35,39,17,22
050,08,027,"Colorado","Custer County",1,36,41,17,24
050,08,027,"Colorado","Custer County",1,37,43,22,21
050,08,027,"Colorado","Custer County",1,38,38,22,16
050,08,027,"Colorado","Custer County",1,39,48,25,23
050,08,027,"Colorado","Custer County",1,40,41,23,18
050,08,027,"Colorado","Custer County",1,41,44,23,21
050,08,027,"Colorado","Custer County",1,42,33,16,17
050,08,027,"Colorado","Custer County",1,43,29,16,13
050,08,027,"Colorado","Custer County",1,44,31,14,17
050,08,027,"Colorado","Custer County",1,45,40,19,21
050,08,027,"Colorado","Custer County",1,46,47,24,23
050,08,027,"Colorado","Custer County",1,47,43,21,22
050,08,027,"Colorado","Custer County",1,48,42,20,22
050,08,027,"Colorado","Custer County",1,49,49,26,23
050,08,027,"Colorado","Custer County",1,50,48,23,25
050,08,027,"Colorado","Custer County",1,51,46,26,20
050,08,027,"Colorado","Custer County",1,52,45,21,24
050,08,027,"Colorado","Custer County",1,53,50,22,28
050,08,027,"Colorado","Custer County",1,54,60,28,32
050,08,027,"Colorado","Custer County",1,55,63,25,38
050,08,027,"Colorado","Custer County",1,56,64,20,44
050,08,027,"Colorado","Custer County",1,57,90,44,46
050,08,027,"Colorado","Custer County",1,58,105,48,57
050,08,027,"Colorado","Custer County",1,59,99,48,51
050,08,027,"Colorado","Custer County",1,60,119,58,61
050,08,027,"Colorado","Custer County",1,61,119,62,57
050,08,027,"Colorado","Custer County",1,62,116,55,61
050,08,027,"Colorado","Custer County",1,63,136,61,75
050,08,027,"Colorado","Custer County",1,64,120,51,69
050,08,027,"Colorado","Custer County",1,65,120,62,58
050,08,027,"Colorado","Custer County",1,66,129,62,67
050,08,027,"Colorado","Custer County",1,67,132,60,72
050,08,027,"Colorado","Custer County",1,68,129,63,66
050,08,027,"Colorado","Custer County",1,69,132,74,58
050,08,027,"Colorado","Custer County",1,70,125,64,61
050,08,027,"Colorado","Custer County",1,71,116,70,46
050,08,027,"Colorado","Custer County",1,72,116,65,51
050,08,027,"Colorado","Custer County",1,73,93,54,39
050,08,027,"Colorado","Custer County",1,74,56,35,21
050,08,027,"Colorado","Custer County",1,75,64,35,29
050,08,027,"Colorado","Custer County",1,76,63,39,24
050,08,027,"Colorado","Custer County",1,77,46,23,23
050,08,027,"Colorado","Custer County",1,78,41,22,19
050,08,027,"Colorado","Custer County",1,79,39,27,12
050,08,027,"Colorado","Custer County",1,80,38,24,14
050,08,027,"Colorado","Custer County",1,81,30,15,15
050,08,027,"Colorado","Custer County",1,82,24,11,13
050,08,027,"Colorado","Custer County",1,83,26,12,14
050,08,027,"Colorado","Custer County",1,84,24,12,12
050,08,027,"Colorado","Custer County",1,85,83,34,49
050,08,027,"Colorado","Custer County",2,0,36,16,20
050,08,027,"Colorado","Custer County",2,1,38,16,22
050,08,027,"Colorado","Custer County",2,2,37,16,21
050,08,027,"Colorado","Custer County",2,3,35,17,18
050,08,027,"Colorado","Custer County",2,4,26,14,12
050,08,027,"Colorado","Custer County",2,5,32,20,12
050,08,027,"Colorado","Custer County",2,6,38,23,15
050,08,027,"Colorado","Custer County",2,7,35,18,17
050,08,027,"Colorado","Custer County",2,8,31,13,18
050,08,027,"Colorado","Custer County",2,9,37,20,17
050,08,027,"Colorado","Custer County",2,10,39,20,19
050,08,027,"Colorado","Custer County",2,11,47,25,22
050,08,027,"Colorado","Custer County",2,12,46,25,21
050,08,027,"Colorado","Custer County",2,13,37,20,17
050,08,027,"Colorado","Custer County",2,14,33,18,15
050,08,027,"Colorado","Custer County",2,15,38,22,16
050,08,027,"Colorado","Custer County",2,16,39,22,17
050,08,027,"Colorado","Custer County",2,17,48,24,24
050,08,027,"Colorado","Custer County",2,18,41,21,20
050,08,027,"Colorado","Custer County",2,19,33,16,17
050,08,027,"Colorado","Custer County",2,20,32,19,13
050,08,027,"Colorado","Custer County",2,21,29,14,15
050,08,027,"Colorado","Custer County",2,22,35,15,20
050,08,027,"Colorado","Custer County",2,23,35,15,20
050,08,027,"Colorado","Custer County",2,24,29,14,15
050,08,027,"Colorado","Custer County",2,25,31,16,15
050,08,027,"Colorado","Custer County",2,26,25,15,10
050,08,027,"Colorado","Custer County",2,27,27,16,11
050,08,027,"Colorado","Custer County",2,28,40,23,17
050,08,027,"Colorado","Custer County",2,29,36,17,19
050,08,027,"Colorado","Custer County",2,30,34,16,18
050,08,027,"Colorado","Custer County",2,31,29,14,15
050,08,027,"Colorado","Custer County",2,32,25,13,12
050,08,027,"Colorado","Custer County",2,33,22,14,8
050,08,027,"Colorado","Custer County",2,34,25,13,12
050,08,027,"Colorado","Custer County",2,35,38,17,21
050,08,027,"Colorado","Custer County",2,36,41,17,24
050,08,027,"Colorado","Custer County",2,37,43,21,22
050,08,027,"Colorado","Custer County",2,38,40,22,18
050,08,027,"Colorado","Custer County",2,39,46,24,22
050,08,027,"Colorado","Custer County",2,40,44,24,20
050,08,027,"Colorado","Custer County",2,41,43,22,21
050,08,027,"Colorado","Custer County",2,42,35,18,17
050,08,027,"Colorado","Custer County",2,43,31,16,15
050,08,027,"Colorado","Custer County",2,44,30,14,16
050,08,027,"Colorado","Custer County",2,45,41,19,22
050,08,027,"Colorado","Custer County",2,46,47,23,24
050,08,027,"Colorado","Custer County",2,47,46,23,23
050,08,027,"Colorado","Custer County",2,48,42,20,22
050,08,027,"Colorado","Custer County",2,49,47,24,23
050,08,027,"Colorado","Custer County",2,50,48,24,24
050,08,027,"Colorado","Custer County",2,51,46,25,21
050,08,027,"Colorado","Custer County",2,52,45,22,23
050,08,027,"Colorado","Custer County",2,53,51,22,29
050,08,027,"Colorado","Custer County",2,54,59,27,32
050,08,027,"Colorado","Custer County",2,55,63,25,38
050,08,027,"Colorado","Custer County",2,56,65,23,42
050,08,027,"Colorado","Custer County",2,57,85,39,46
050,08,027,"Colorado","Custer County",2,58,99,47,52
050,08,027,"Colorado","Custer County",2,59,99,48,51
050,08,027,"Colorado","Custer County",2,60,116,57,59
050,08,027,"Colorado","Custer County",2,61,121,62,59
050,08,027,"Colorado","Custer County",2,62,118,57,61
050,08,027,"Colorado","Custer County",2,63,133,59,74
050,08,027,"Colorado","Custer County",2,64,122,53,69
050,08,027,"Colorado","Custer County",2,65,121,60,61
050,08,027,"Colorado","Custer County",2,66,127,63,64
050,08,027,"Colorado","Custer County",2,67,131,61,70
050,08,027,"Colorado","Custer County",2,68,130,63,67
050,08,027,"Colorado","Custer County",2,69,132,71,61
050,08,027,"Colorado","Custer County",2,70,126,66,60
050,08,027,"Colorado","Custer County",2,71,119,69,50
050,08,027,"Colorado","Custer County",2,72,114,65,49
050,08,027,"Colorado","Custer County",2,73,100,59,41
050,08,027,"Colorado","Custer County",2,74,60,37,23
050,08,027,"Colorado","Custer County",2,75,62,35,27
050,08,027,"Colorado","Custer County",2,76,61,36,25
050,08,027,"Colorado","Custer County",2,77,51,27,24
050,08,027,"Colorado","Custer County",2,78,39,21,18
050,08,027,"Colorado","Custer County",2,79,39,26,13
050,08,027,"Colorado","Custer County",2,80,37,24,13
050,08,027,"Colorado","Custer County",2,81,29,14,15
050,08,027,"Colorado","Custer County",2,82,26,12,14
050,08,027,"Colorado","Custer County",2,83,25,11,14
050,08,027,"Colorado","Custer County",2,84,23,11,12
050,08,027,"Colorado","Custer County",2,85,87,36,51
050,08,027,"Colorado","Custer County",3,0,40,9,31
050,08,027,"Colorado","Custer County",3,1,45,19,26
050,08,027,"Colorado","Custer County",3,2,34,18,16
050,08,027,"Colorado","Custer County",3,3,39,17,22
050,08,027,"Colorado","Custer County",3,4,44,22,22
050,08,027,"Colorado","Custer County",3,5,24,13,11
050,08,027,"Colorado","Custer County",3,6,38,25,13
050,08,027,"Colorado","Custer County",3,7,37,26,11
050,08,027,"Colorado","Custer County",3,8,41,23,18
050,08,027,"Colorado","Custer County",3,9,36,14,22
050,08,027,"Colorado","Custer County",3,10,34,18,16
050,08,027,"Colorado","Custer County",3,11,40,23,17
050,08,027,"Colorado","Custer County",3,12,50,25,25
050,08,027,"Colorado","Custer County",3,13,46,23,23
050,08,027,"Colorado","Custer County",3,14,44,22,22
050,08,027,"Colorado","Custer County",3,15,42,22,20
050,08,027,"Colorado","Custer County",3,16,40,21,19
050,08,027,"Colorado","Custer County",3,17,44,24,20
050,08,027,"Colorado","Custer County",3,18,48,23,25
050,08,027,"Colorado","Custer County",3,19,32,16,16
050,08,027,"Colorado","Custer County",3,20,39,18,21
050,08,027,"Colorado","Custer County",3,21,38,21,17
050,08,027,"Colorado","Custer County",3,22,38,17,21
050,08,027,"Colorado","Custer County",3,23,43,20,23
050,08,027,"Colorado","Custer County",3,24,36,19,17
050,08,027,"Colorado","Custer County",3,25,35,17,18
050,08,027,"Colorado","Custer County",3,26,33,15,18
050,08,027,"Colorado","Custer County",3,27,31,22,9
050,08,027,"Colorado","Custer County",3,28,30,16,14
050,08,027,"Colorado","Custer County",3,29,43,25,18
050,08,027,"Colorado","Custer County",3,30,45,21,24
050,08,027,"Colorado","Custer County",3,31,32,15,17
050,08,027,"Colorado","Custer County",3,32,33,16,17
050,08,027,"Colorado","Custer County",3,33,31,15,16
050,08,027,"Colorado","Custer County",3,34,26,13,13
050,08,027,"Colorado","Custer County",3,35,31,14,17
050,08,027,"Colorado","Custer County",3,36,41,21,20
050,08,027,"Colorado","Custer County",3,37,44,19,25
050,08,027,"Colorado","Custer County",3,38,44,20,24
050,08,027,"Colorado","Custer County",3,39,43,24,19
050,08,027,"Colorado","Custer County",3,40,50,29,21
050,08,027,"Colorado","Custer County",3,41,43,25,18
050,08,027,"Colorado","Custer County",3,42,51,26,25
050,08,027,"Colorado","Custer County",3,43,35,19,16
050,08,027,"Colorado","Custer County",3,44,36,20,16
050,08,027,"Colorado","Custer County",3,45,32,15,17
050,08,027,"Colorado","Custer County",3,46,42,19,23
050,08,027,"Colorado","Custer County",3,47,58,29,29
050,08,027,"Colorado","Custer County",3,48,51,25,26
050,08,027,"Colorado","Custer County",3,49,41,20,21
050,08,027,"Colorado","Custer County",3,50,53,29,24
050,08,027,"Colorado","Custer County",3,51,59,28,31
050,08,027,"Colorado","Custer County",3,52,49,22,27
050,08,027,"Colorado","Custer County",3,53,53,28,25
050,08,027,"Colorado","Custer County",3,54,52,24,28
050,08,027,"Colorado","Custer County",3,55,65,31,34
050,08,027,"Colorado","Custer County",3,56,63,25,38
050,08,027,"Colorado","Custer County",3,57,72,19,53
050,08,027,"Colorado","Custer County",3,58,95,50,45
050,08,027,"Colorado","Custer County",3,59,112,52,60
050,08,027,"Colorado","Custer County",3,60,114,55,59
050,08,027,"Colorado","Custer County",3,61,134,65,69
050,08,027,"Colorado","Custer County",3,62,148,76,72
050,08,027,"Colorado","Custer County",3,63,134,65,69
050,08,027,"Colorado","Custer County",3,64,150,68,82
050,08,027,"Colorado","Custer County",3,65,122,53,69
050,08,027,"Colorado","Custer County",3,66,128,66,62
050,08,027,"Colorado","Custer County",3,67,137,68,69
050,08,027,"Colorado","Custer County",3,68,131,64,67
050,08,027,"Colorado","Custer County",3,69,129,63,66
050,08,027,"Colorado","Custer County",3,70,127,69,58
050,08,027,"Colorado","Custer County",3,71,124,64,60
050,08,027,"Colorado","Custer County",3,72,120,68,52
050,08,027,"Colorado","Custer County",3,73,107,58,49
050,08,027,"Colorado","Custer County",3,74,102,60,42
050,08,027,"Colorado","Custer County",3,75,63,39,24
050,08,027,"Colorado","Custer County",3,76,57,34,23
050,08,027,"Colorado","Custer County",3,77,55,35,20
050,08,027,"Colorado","Custer County",3,78,52,27,25
050,08,027,"Colorado","Custer County",3,79,37,20,17
050,08,027,"Colorado","Custer County",3,80,38,25,13
050,08,027,"Colorado","Custer County",3,81,35,21,14
050,08,027,"Colorado","Custer County",3,82,27,12,15
050,08,027,"Colorado","Custer County",3,83,25,10,15
050,08,027,"Colorado","Custer County",3,84,26,12,14
050,08,027,"Colorado","Custer County",3,85,95,40,55
050,08,027,"Colorado","Custer County",4,0,39,9,30
050,08,027,"Colorado","Custer County",4,1,42,10,32
050,08,027,"Colorado","Custer County",4,2,50,20,30
050,08,027,"Colorado","Custer County",4,3,42,23,19
050,08,027,"Colorado","Custer County",4,4,44,18,26
050,08,027,"Colorado","Custer County",4,5,43,23,20
050,08,027,"Colorado","Custer County",4,6,39,19,20
050,08,027,"Colorado","Custer County",4,7,41,27,14
050,08,027,"Colorado","Custer County",4,8,45,29,16
050,08,027,"Colorado","Custer County",4,9,44,22,22
050,08,027,"Colorado","Custer County",4,10,43,17,26
050,08,027,"Colorado","Custer County",4,11,40,21,19
050,08,027,"Colorado","Custer County",4,12,50,25,25
050,08,027,"Colorado","Custer County",4,13,53,28,25
050,08,027,"Colorado","Custer County",4,14,47,23,24
050,08,027,"Colorado","Custer County",4,15,48,23,25
050,08,027,"Colorado","Custer County",4,16,43,22,21
050,08,027,"Colorado","Custer County",4,17,45,23,22
050,08,027,"Colorado","Custer County",4,18,37,21,16
050,08,027,"Colorado","Custer County",4,19,35,18,17
050,08,027,"Colorado","Custer County",4,20,28,15,13
050,08,027,"Colorado","Custer County",4,21,35,17,18
050,08,027,"Colorado","Custer County",4,22,48,26,22
050,08,027,"Colorado","Custer County",4,23,47,23,24
050,08,027,"Colorado","Custer County",4,24,50,21,29
050,08,027,"Colorado","Custer County",4,25,53,28,25
050,08,027,"Colorado","Custer County",4,26,39,22,17
050,08,027,"Colorado","Custer County",4,27,33,17,16
050,08,027,"Colorado","Custer County",4,28,40,24,16
050,08,027,"Colorado","Custer County",4,29,28,13,15
050,08,027,"Colorado","Custer County",4,30,50,30,20
050,08,027,"Colorado","Custer County",4,31,40,17,23
050,08,027,"Colorado","Custer County",4,32,31,14,17
050,08,027,"Colorado","Custer County",4,33,48,24,24
050,08,027,"Colorado","Custer County",4,34,35,20,15
050,08,027,"Colorado","Custer County",4,35,31,15,16
050,08,027,"Colorado","Custer County",4,36,30,11,19
050,08,027,"Colorado","Custer County",4,37,40,21,19
050,08,027,"Colorado","Custer County",4,38,44,22,22
050,08,027,"Colorado","Custer County",4,39,49,24,25
050,08,027,"Colorado","Custer County",4,40,55,26,29
050,08,027,"Colorado","Custer County",4,41,54,29,25
050,08,027,"Colorado","Custer County",4,42,54,33,21
050,08,027,"Colorado","Custer County",4,43,52,28,24
050,08,027,"Colorado","Custer County",4,44,42,24,18
050,08,027,"Colorado","Custer County",4,45,32,18,14
050,08,027,"Colorado","Custer County",4,46,53,24,29
050,08,027,"Colorado","Custer County",4,47,50,27,23
050,08,027,"Colorado","Custer County",4,48,53,25,28
050,08,027,"Colorado","Custer County",4,49,49,22,27
050,08,027,"Colorado","Custer County",4,50,51,23,28
050,08,027,"Colorado","Custer County",4,51,62,33,29
050,08,027,"Colorado","Custer County",4,52,66,34,32
050,08,027,"Colorado","Custer County",4,53,60,27,33
050,08,027,"Colorado","Custer County",4,54,64,33,31
050,08,027,"Colorado","Custer County",4,55,60,32,28
050,08,027,"Colorado","Custer County",4,56,64,28,36
050,08,027,"Colorado","Custer County",4,57,77,33,44
050,08,027,"Colorado","Custer County",4,58,73,19,54
050,08,027,"Colorado","Custer County",4,59,101,59,42
050,08,027,"Colorado","Custer County",4,60,127,54,73
050,08,027,"Colorado","Custer County",4,61,120,51,69
050,08,027,"Colorado","Custer County",4,62,132,60,72
050,08,027,"Colorado","Custer County",4,63,157,87,70
050,08,027,"Colorado","Custer County",4,64,141,68,73
050,08,027,"Colorado","Custer County",4,65,150,70,80
050,08,027,"Colorado","Custer County",4,66,127,58,69
050,08,027,"Colorado","Custer County",4,67,126,64,62
050,08,027,"Colorado","Custer County",4,68,135,65,70
050,08,027,"Colorado","Custer County",4,69,130,65,65
050,08,027,"Colorado","Custer County",4,70,123,62,61
050,08,027,"Colorado","Custer County",4,71,119,65,54
050,08,027,"Colorado","Custer County",4,72,131,71,60
050,08,027,"Colorado","Custer County",4,73,115,63,52
050,08,027,"Colorado","Custer County",4,74,103,56,47
050,08,027,"Colorado","Custer County",4,75,97,56,41
050,08,027,"Colorado","Custer County",4,76,63,39,24
050,08,027,"Colorado","Custer County",4,77,55,32,23
050,08,027,"Colorado","Custer County",4,78,51,31,20
050,08,027,"Colorado","Custer County",4,79,47,23,24
050,08,027,"Colorado","Custer County",4,80,34,17,17
050,08,027,"Colorado","Custer County",4,81,33,24,9
050,08,027,"Colorado","Custer County",4,82,34,20,14
050,08,027,"Colorado","Custer County",4,83,26,11,15
050,08,027,"Colorado","Custer County",4,84,21,6,15
050,08,027,"Colorado","Custer County",4,85,99,44,55
050,08,027,"Colorado","Custer County",5,0,42,9,33
050,08,027,"Colorado","Custer County",5,1,52,9,43
050,08,027,"Colorado","Custer County",5,2,45,14,31
050,08,027,"Colorado","Custer County",5,3,52,25,27
050,08,027,"Colorado","Custer County",5,4,50,26,24
050,08,027,"Colorado","Custer County",5,5,46,21,25
050,08,027,"Colorado","Custer County",5,6,51,29,22
050,08,027,"Colorado","Custer County",5,7,36,18,18
050,08,027,"Colorado","Custer County",5,8,44,28,16
050,08,027,"Colorado","Custer County",5,9,47,28,19
050,08,027,"Colorado","Custer County",5,10,47,24,23
050,08,027,"Colorado","Custer County",5,11,45,20,25
050,08,027,"Colorado","Custer County",5,12,40,23,17
050,08,027,"Colorado","Custer County",5,13,50,24,26
050,08,027,"Colorado","Custer County",5,14,53,31,22
050,08,027,"Colorado","Custer County",5,15,47,25,22
050,08,027,"Colorado","Custer County",5,16,54,27,27
050,08,027,"Colorado","Custer County",5,17,44,21,23
050,08,027,"Colorado","Custer County",5,18,38,22,16
050,08,027,"Colorado","Custer County",5,19,31,17,14
050,08,027,"Colorado","Custer County",5,20,38,19,19
050,08,027,"Colorado","Custer County",5,21,30,16,14
050,08,027,"Colorado","Custer County",5,22,35,14,21
050,08,027,"Colorado","Custer County",5,23,55,32,23
050,08,027,"Colorado","Custer County",5,24,47,23,24
050,08,027,"Colorado","Custer County",5,25,40,19,21
050,08,027,"Colorado","Custer County",5,26,60,29,31
050,08,027,"Colorado","Custer County",5,27,42,23,19
050,08,027,"Colorado","Custer County",5,28,40,23,17
050,08,027,"Colorado","Custer County",5,29,44,25,19
050,08,027,"Colorado","Custer County",5,30,32,17,15
050,08,027,"Colorado","Custer County",5,31,54,32,22
050,08,027,"Colorado","Custer County",5,32,41,20,21
050,08,027,"Colorado","Custer County",5,33,39,17,22
050,08,027,"Colorado","Custer County",5,34,49,27,22
050,08,027,"Colorado","Custer County",5,35,47,25,22
050,08,027,"Colorado","Custer County",5,36,35,19,16
050,08,027,"Colorado","Custer County",5,37,33,12,21
050,08,027,"Colorado","Custer County",5,38,43,22,21
050,08,027,"Colorado","Custer County",5,39,48,25,23
050,08,027,"Colorado","Custer County",5,40,49,22,27
050,08,027,"Colorado","Custer County",5,41,68,33,35
050,08,027,"Colorado","Custer County",5,42,58,30,28
050,08,027,"Colorado","Custer County",5,43,57,34,23
050,08,027,"Colorado","Custer County",5,44,57,29,28
050,08,027,"Colorado","Custer County",5,45,45,22,23
050,08,027,"Colorado","Custer County",5,46,38,21,17
050,08,027,"Colorado","Custer County",5,47,57,24,33
050,08,027,"Colorado","Custer County",5,48,49,27,22
050,08,027,"Colorado","Custer County",5,49,55,28,27
050,08,027,"Colorado","Custer County",5,50,56,27,29
050,08,027,"Colorado","Custer County",5,51,49,20,29
050,08,027,"Colorado","Custer County",5,52,70,40,30
050,08,027,"Colorado","Custer County",5,53,69,35,34
050,08,027,"Colorado","Custer County",5,54,67,32,35
050,08,027,"Colorado","Custer County",5,55,62,32,30
050,08,027,"Colorado","Custer County",5,56,79,37,42
050,08,027,"Colorado","Custer County",5,57,74,36,38
050,08,027,"Colorado","Custer County",5,58,77,34,43
050,08,027,"Colorado","Custer County",5,59,86,22,64
050,08,027,"Colorado","Custer County",5,60,102,55,47
050,08,027,"Colorado","Custer County",5,61,136,61,75
050,08,027,"Colorado","Custer County",5,62,133,61,72
050,08,027,"Colorado","Custer County",5,63,135,63,72
050,08,027,"Colorado","Custer County",5,64,170,94,76
050,08,027,"Colorado","Custer County",5,65,148,69,79
050,08,027,"Colorado","Custer County",5,66,144,66,78
050,08,027,"Colorado","Custer County",5,67,124,58,66
050,08,027,"Colorado","Custer County",5,68,120,59,61
050,08,027,"Colorado","Custer County",5,69,125,60,65
050,08,027,"Colorado","Custer County",5,70,126,66,60
050,08,027,"Colorado","Custer County",5,71,122,61,61
050,08,027,"Colorado","Custer County",5,72,113,63,50
050,08,027,"Colorado","Custer County",5,73,120,64,56
050,08,027,"Colorado","Custer County",5,74,107,58,49
050,08,027,"Colorado","Custer County",5,75,97,52,45
050,08,027,"Colorado","Custer County",5,76,88,49,39
050,08,027,"Colorado","Custer County",5,77,59,37,22
050,08,027,"Colorado","Custer County",5,78,52,29,23
050,08,027,"Colorado","Custer County",5,79,53,30,23
050,08,027,"Colorado","Custer County",5,80,47,24,23
050,08,027,"Colorado","Custer County",5,81,32,15,17
050,08,027,"Colorado","Custer County",5,82,26,19,7
050,08,027,"Colorado","Custer County",5,83,34,21,13
050,08,027,"Colorado","Custer County",5,84,26,11,15
050,08,027,"Colorado","Custer County",5,85,107,44,63
050,08,029,"Colorado","Delta County",1,0,267,137,130
050,08,029,"Colorado","Delta County",1,1,260,134,126
050,08,029,"Colorado","Delta County",1,2,284,146,138
050,08,029,"Colorado","Delta County",1,3,292,159,133
050,08,029,"Colorado","Delta County",1,4,291,160,131
050,08,029,"Colorado","Delta County",1,5,301,151,150
050,08,029,"Colorado","Delta County",1,6,340,166,174
050,08,029,"Colorado","Delta County",1,7,327,177,150
050,08,029,"Colorado","Delta County",1,8,364,184,180
050,08,029,"Colorado","Delta County",1,9,377,192,185
050,08,029,"Colorado","Delta County",1,10,346,160,186
050,08,029,"Colorado","Delta County",1,11,342,177,165
050,08,029,"Colorado","Delta County",1,12,351,180,171
050,08,029,"Colorado","Delta County",1,13,391,195,196
050,08,029,"Colorado","Delta County",1,14,404,197,207
050,08,029,"Colorado","Delta County",1,15,392,189,203
050,08,029,"Colorado","Delta County",1,16,371,186,185
050,08,029,"Colorado","Delta County",1,17,385,203,182
050,08,029,"Colorado","Delta County",1,18,335,182,153
050,08,029,"Colorado","Delta County",1,19,269,145,124
050,08,029,"Colorado","Delta County",1,20,262,154,108
050,08,029,"Colorado","Delta County",1,21,244,134,110
050,08,029,"Colorado","Delta County",1,22,272,147,125
050,08,029,"Colorado","Delta County",1,23,285,165,120
050,08,029,"Colorado","Delta County",1,24,285,164,121
050,08,029,"Colorado","Delta County",1,25,300,158,142
050,08,029,"Colorado","Delta County",1,26,300,162,138
050,08,029,"Colorado","Delta County",1,27,308,167,141
050,08,029,"Colorado","Delta County",1,28,313,174,139
050,08,029,"Colorado","Delta County",1,29,310,162,148
050,08,029,"Colorado","Delta County",1,30,300,150,150
050,08,029,"Colorado","Delta County",1,31,305,152,153
050,08,029,"Colorado","Delta County",1,32,285,159,126
050,08,029,"Colorado","Delta County",1,33,310,171,139
050,08,029,"Colorado","Delta County",1,34,350,190,160
050,08,029,"Colorado","Delta County",1,35,343,182,161
050,08,029,"Colorado","Delta County",1,36,318,172,146
050,08,029,"Colorado","Delta County",1,37,346,160,186
050,08,029,"Colorado","Delta County",1,38,349,184,165
050,08,029,"Colorado","Delta County",1,39,351,186,165
050,08,029,"Colorado","Delta County",1,40,344,185,159
050,08,029,"Colorado","Delta County",1,41,341,190,151
050,08,029,"Colorado","Delta County",1,42,364,202,162
050,08,029,"Colorado","Delta County",1,43,325,162,163
050,08,029,"Colorado","Delta County",1,44,338,181,157
050,08,029,"Colorado","Delta County",1,45,318,175,143
050,08,029,"Colorado","Delta County",1,46,291,147,144
050,08,029,"Colorado","Delta County",1,47,314,158,156
050,08,029,"Colorado","Delta County",1,48,320,171,149
050,08,029,"Colorado","Delta County",1,49,345,177,168
050,08,029,"Colorado","Delta County",1,50,365,166,199
050,08,029,"Colorado","Delta County",1,51,343,175,168
050,08,029,"Colorado","Delta County",1,52,342,174,168
050,08,029,"Colorado","Delta County",1,53,322,162,160
050,08,029,"Colorado","Delta County",1,54,365,183,182
050,08,029,"Colorado","Delta County",1,55,384,194,190
050,08,029,"Colorado","Delta County",1,56,433,210,223
050,08,029,"Colorado","Delta County",1,57,452,230,222
050,08,029,"Colorado","Delta County",1,58,499,250,249
050,08,029,"Colorado","Delta County",1,59,523,250,273
050,08,029,"Colorado","Delta County",1,60,508,245,263
050,08,029,"Colorado","Delta County",1,61,489,259,230
050,08,029,"Colorado","Delta County",1,62,523,259,264
050,08,029,"Colorado","Delta County",1,63,561,273,288
050,08,029,"Colorado","Delta County",1,64,583,272,311
050,08,029,"Colorado","Delta County",1,65,602,290,312
050,08,029,"Colorado","Delta County",1,66,594,299,295
050,08,029,"Colorado","Delta County",1,67,573,265,308
050,08,029,"Colorado","Delta County",1,68,524,241,283
050,08,029,"Colorado","Delta County",1,69,514,240,274
050,08,029,"Colorado","Delta County",1,70,483,246,237
050,08,029,"Colorado","Delta County",1,71,503,242,261
050,08,029,"Colorado","Delta County",1,72,506,247,259
050,08,029,"Colorado","Delta County",1,73,468,243,225
050,08,029,"Colorado","Delta County",1,74,322,165,157
050,08,029,"Colorado","Delta County",1,75,339,165,174
050,08,029,"Colorado","Delta County",1,76,324,164,160
050,08,029,"Colorado","Delta County",1,77,313,155,158
050,08,029,"Colorado","Delta County",1,78,281,144,137
050,08,029,"Colorado","Delta County",1,79,253,129,124
050,08,029,"Colorado","Delta County",1,80,230,107,123
050,08,029,"Colorado","Delta County",1,81,214,90,124
050,08,029,"Colorado","Delta County",1,82,199,96,103
050,08,029,"Colorado","Delta County",1,83,174,88,86
050,08,029,"Colorado","Delta County",1,84,154,71,83
050,08,029,"Colorado","Delta County",1,85,814,304,510
050,08,029,"Colorado","Delta County",2,0,268,134,134
050,08,029,"Colorado","Delta County",2,1,262,135,127
050,08,029,"Colorado","Delta County",2,2,281,145,136
050,08,029,"Colorado","Delta County",2,3,292,157,135
050,08,029,"Colorado","Delta County",2,4,293,159,134
050,08,029,"Colorado","Delta County",2,5,302,155,147
050,08,029,"Colorado","Delta County",2,6,333,166,167
050,08,029,"Colorado","Delta County",2,7,334,177,157
050,08,029,"Colorado","Delta County",2,8,354,181,173
050,08,029,"Colorado","Delta County",2,9,373,188,185
050,08,029,"Colorado","Delta County",2,10,356,170,186
050,08,029,"Colorado","Delta County",2,11,341,171,170
050,08,029,"Colorado","Delta County",2,12,354,182,172
050,08,029,"Colorado","Delta County",2,13,384,192,192
050,08,029,"Colorado","Delta County",2,14,402,198,204
050,08,029,"Colorado","Delta County",2,15,394,192,202
050,08,029,"Colorado","Delta County",2,16,379,189,190
050,08,029,"Colorado","Delta County",2,17,382,199,183
050,08,029,"Colorado","Delta County",2,18,332,180,152
050,08,029,"Colorado","Delta County",2,19,268,145,123
050,08,029,"Colorado","Delta County",2,20,264,150,114
050,08,029,"Colorado","Delta County",2,21,246,135,111
050,08,029,"Colorado","Delta County",2,22,263,141,122
050,08,029,"Colorado","Delta County",2,23,279,157,122
050,08,029,"Colorado","Delta County",2,24,277,156,121
050,08,029,"Colorado","Delta County",2,25,293,155,138
050,08,029,"Colorado","Delta County",2,26,292,152,140
050,08,029,"Colorado","Delta County",2,27,295,154,141
050,08,029,"Colorado","Delta County",2,28,307,167,140
050,08,029,"Colorado","Delta County",2,29,301,157,144
050,08,029,"Colorado","Delta County",2,30,304,152,152
050,08,029,"Colorado","Delta County",2,31,296,145,151
050,08,029,"Colorado","Delta County",2,32,283,150,133
050,08,029,"Colorado","Delta County",2,33,299,163,136
050,08,029,"Colorado","Delta County",2,34,335,179,156
050,08,029,"Colorado","Delta County",2,35,343,182,161
050,08,029,"Colorado","Delta County",2,36,314,166,148
050,08,029,"Colorado","Delta County",2,37,334,159,175
050,08,029,"Colorado","Delta County",2,38,348,177,171
050,08,029,"Colorado","Delta County",2,39,344,178,166
050,08,029,"Colorado","Delta County",2,40,344,183,161
050,08,029,"Colorado","Delta County",2,41,336,186,150
050,08,029,"Colorado","Delta County",2,42,353,194,159
050,08,029,"Colorado","Delta County",2,43,332,167,165
050,08,029,"Colorado","Delta County",2,44,325,170,155
050,08,029,"Colorado","Delta County",2,45,321,174,147
050,08,029,"Colorado","Delta County",2,46,293,147,146
050,08,029,"Colorado","Delta County",2,47,301,149,152
050,08,029,"Colorado","Delta County",2,48,313,163,150
050,08,029,"Colorado","Delta County",2,49,341,175,166
050,08,029,"Colorado","Delta County",2,50,359,166,193
050,08,029,"Colorado","Delta County",2,51,344,169,175
050,08,029,"Colorado","Delta County",2,52,338,172,166
050,08,029,"Colorado","Delta County",2,53,325,160,165
050,08,029,"Colorado","Delta County",2,54,354,177,177
050,08,029,"Colorado","Delta County",2,55,381,190,191
050,08,029,"Colorado","Delta County",2,56,421,207,214
050,08,029,"Colorado","Delta County",2,57,451,227,224
050,08,029,"Colorado","Delta County",2,58,488,245,243
050,08,029,"Colorado","Delta County",2,59,522,250,272
050,08,029,"Colorado","Delta County",2,60,517,248,269
050,08,029,"Colorado","Delta County",2,61,495,256,239
050,08,029,"Colorado","Delta County",2,62,516,259,257
050,08,029,"Colorado","Delta County",2,63,559,272,287
050,08,029,"Colorado","Delta County",2,64,575,270,305
050,08,029,"Colorado","Delta County",2,65,597,284,313
050,08,029,"Colorado","Delta County",2,66,600,299,301
050,08,029,"Colorado","Delta County",2,67,576,273,303
050,08,029,"Colorado","Delta County",2,68,530,243,287
050,08,029,"Colorado","Delta County",2,69,520,242,278
050,08,029,"Colorado","Delta County",2,70,492,245,247
050,08,029,"Colorado","Delta County",2,71,499,244,255
050,08,029,"Colorado","Delta County",2,72,496,242,254
050,08,029,"Colorado","Delta County",2,73,496,253,243
050,08,029,"Colorado","Delta County",2,74,336,172,164
050,08,029,"Colorado","Delta County",2,75,333,163,170
050,08,029,"Colorado","Delta County",2,76,320,160,160
050,08,029,"Colorado","Delta County",2,77,323,161,162
050,08,029,"Colorado","Delta County",2,78,280,142,138
050,08,029,"Colorado","Delta County",2,79,256,130,126
050,08,029,"Colorado","Delta County",2,80,234,111,123
050,08,029,"Colorado","Delta County",2,81,212,90,122
050,08,029,"Colorado","Delta County",2,82,203,95,108
050,08,029,"Colorado","Delta County",2,83,173,86,87
050,08,029,"Colorado","Delta County",2,84,156,73,83
050,08,029,"Colorado","Delta County",2,85,819,305,514
050,08,029,"Colorado","Delta County",3,0,302,154,148
050,08,029,"Colorado","Delta County",3,1,279,135,144
050,08,029,"Colorado","Delta County",3,2,276,137,139
050,08,029,"Colorado","Delta County",3,3,298,148,150
050,08,029,"Colorado","Delta County",3,4,313,170,143
050,08,029,"Colorado","Delta County",3,5,292,156,136
050,08,029,"Colorado","Delta County",3,6,336,160,176
050,08,029,"Colorado","Delta County",3,7,331,166,165
050,08,029,"Colorado","Delta County",3,8,337,178,159
050,08,029,"Colorado","Delta County",3,9,344,171,173
050,08,029,"Colorado","Delta County",3,10,385,192,193
050,08,029,"Colorado","Delta County",3,11,350,173,177
050,08,029,"Colorado","Delta County",3,12,350,181,169
050,08,029,"Colorado","Delta County",3,13,362,192,170
050,08,029,"Colorado","Delta County",3,14,383,198,185
050,08,029,"Colorado","Delta County",3,15,392,192,200
050,08,029,"Colorado","Delta County",3,16,399,196,203
050,08,029,"Colorado","Delta County",3,17,382,186,196
050,08,029,"Colorado","Delta County",3,18,349,192,157
050,08,029,"Colorado","Delta County",3,19,260,139,121
050,08,029,"Colorado","Delta County",3,20,285,157,128
050,08,029,"Colorado","Delta County",3,21,256,144,112
050,08,029,"Colorado","Delta County",3,22,264,135,129
050,08,029,"Colorado","Delta County",3,23,301,163,138
050,08,029,"Colorado","Delta County",3,24,283,157,126
050,08,029,"Colorado","Delta County",3,25,288,155,133
050,08,029,"Colorado","Delta County",3,26,292,147,145
050,08,029,"Colorado","Delta County",3,27,294,155,139
050,08,029,"Colorado","Delta County",3,28,303,155,148
050,08,029,"Colorado","Delta County",3,29,308,167,141
050,08,029,"Colorado","Delta County",3,30,305,162,143
050,08,029,"Colorado","Delta County",3,31,309,153,156
050,08,029,"Colorado","Delta County",3,32,303,143,160
050,08,029,"Colorado","Delta County",3,33,299,165,134
050,08,029,"Colorado","Delta County",3,34,308,163,145
050,08,029,"Colorado","Delta County",3,35,339,177,162
050,08,029,"Colorado","Delta County",3,36,358,197,161
050,08,029,"Colorado","Delta County",3,37,335,179,156
050,08,029,"Colorado","Delta County",3,38,342,154,188
050,08,029,"Colorado","Delta County",3,39,352,177,175
050,08,029,"Colorado","Delta County",3,40,371,179,192
050,08,029,"Colorado","Delta County",3,41,363,195,168
050,08,029,"Colorado","Delta County",3,42,350,192,158
050,08,029,"Colorado","Delta County",3,43,352,188,164
050,08,029,"Colorado","Delta County",3,44,342,174,168
050,08,029,"Colorado","Delta County",3,45,344,181,163
050,08,029,"Colorado","Delta County",3,46,324,170,154
050,08,029,"Colorado","Delta County",3,47,282,143,139
050,08,029,"Colorado","Delta County",3,48,310,148,162
050,08,029,"Colorado","Delta County",3,49,324,169,155
050,08,029,"Colorado","Delta County",3,50,352,175,177
050,08,029,"Colorado","Delta County",3,51,359,164,195
050,08,029,"Colorado","Delta County",3,52,349,173,176
050,08,029,"Colorado","Delta County",3,53,339,176,163
050,08,029,"Colorado","Delta County",3,54,339,167,172
050,08,029,"Colorado","Delta County",3,55,364,172,192
050,08,029,"Colorado","Delta County",3,56,378,189,189
050,08,029,"Colorado","Delta County",3,57,436,223,213
050,08,029,"Colorado","Delta County",3,58,469,233,236
050,08,029,"Colorado","Delta County",3,59,483,241,242
050,08,029,"Colorado","Delta County",3,60,532,249,283
050,08,029,"Colorado","Delta County",3,61,533,253,280
050,08,029,"Colorado","Delta County",3,62,512,265,247
050,08,029,"Colorado","Delta County",3,63,507,256,251
050,08,029,"Colorado","Delta County",3,64,560,279,281
050,08,029,"Colorado","Delta County",3,65,586,273,313
050,08,029,"Colorado","Delta County",3,66,603,289,314
050,08,029,"Colorado","Delta County",3,67,599,293,306
050,08,029,"Colorado","Delta County",3,68,576,271,305
050,08,029,"Colorado","Delta County",3,69,524,242,282
050,08,029,"Colorado","Delta County",3,70,508,234,274
050,08,029,"Colorado","Delta County",3,71,489,245,244
050,08,029,"Colorado","Delta County",3,72,488,238,250
050,08,029,"Colorado","Delta County",3,73,489,239,250
050,08,029,"Colorado","Delta County",3,74,489,247,242
050,08,029,"Colorado","Delta County",3,75,327,163,164
050,08,029,"Colorado","Delta County",3,76,320,160,160
050,08,029,"Colorado","Delta County",3,77,310,157,153
050,08,029,"Colorado","Delta County",3,78,308,156,152
050,08,029,"Colorado","Delta County",3,79,272,131,141
050,08,029,"Colorado","Delta County",3,80,231,118,113
050,08,029,"Colorado","Delta County",3,81,229,109,120
050,08,029,"Colorado","Delta County",3,82,194,84,110
050,08,029,"Colorado","Delta County",3,83,178,80,98
050,08,029,"Colorado","Delta County",3,84,150,74,76
050,08,029,"Colorado","Delta County",3,85,804,311,493
050,08,029,"Colorado","Delta County",4,0,258,129,129
050,08,029,"Colorado","Delta County",4,1,324,168,156
050,08,029,"Colorado","Delta County",4,2,285,133,152
050,08,029,"Colorado","Delta County",4,3,289,146,143
050,08,029,"Colorado","Delta County",4,4,307,157,150
050,08,029,"Colorado","Delta County",4,5,320,174,146
050,08,029,"Colorado","Delta County",4,6,300,159,141
050,08,029,"Colorado","Delta County",4,7,321,151,170
050,08,029,"Colorado","Delta County",4,8,333,176,157
050,08,029,"Colorado","Delta County",4,9,346,177,169
050,08,029,"Colorado","Delta County",4,10,351,173,178
050,08,029,"Colorado","Delta County",4,11,375,181,194
050,08,029,"Colorado","Delta County",4,12,357,175,182
050,08,029,"Colorado","Delta County",4,13,347,174,173
050,08,029,"Colorado","Delta County",4,14,361,188,173
050,08,029,"Colorado","Delta County",4,15,378,195,183
050,08,029,"Colorado","Delta County",4,16,379,188,191
050,08,029,"Colorado","Delta County",4,17,402,210,192
050,08,029,"Colorado","Delta County",4,18,339,176,163
050,08,029,"Colorado","Delta County",4,19,271,142,129
050,08,029,"Colorado","Delta County",4,20,268,148,120
050,08,029,"Colorado","Delta County",4,21,295,156,139
050,08,029,"Colorado","Delta County",4,22,270,146,124
050,08,029,"Colorado","Delta County",4,23,278,148,130
050,08,029,"Colorado","Delta County",4,24,322,184,138
050,08,029,"Colorado","Delta County",4,25,319,181,138
050,08,029,"Colorado","Delta County",4,26,287,155,132
050,08,029,"Colorado","Delta County",4,27,321,170,151
050,08,029,"Colorado","Delta County",4,28,303,155,148
050,08,029,"Colorado","Delta County",4,29,305,151,154
050,08,029,"Colorado","Delta County",4,30,329,183,146
050,08,029,"Colorado","Delta County",4,31,304,154,150
050,08,029,"Colorado","Delta County",4,32,314,152,162
050,08,029,"Colorado","Delta County",4,33,320,160,160
050,08,029,"Colorado","Delta County",4,34,308,174,134
050,08,029,"Colorado","Delta County",4,35,312,162,150
050,08,029,"Colorado","Delta County",4,36,338,175,163
050,08,029,"Colorado","Delta County",4,37,365,195,170
050,08,029,"Colorado","Delta County",4,38,338,184,154
050,08,029,"Colorado","Delta County",4,39,348,162,186
050,08,029,"Colorado","Delta County",4,40,361,174,187
050,08,029,"Colorado","Delta County",4,41,361,177,184
050,08,029,"Colorado","Delta County",4,42,363,206,157
050,08,029,"Colorado","Delta County",4,43,345,188,157
050,08,029,"Colorado","Delta County",4,44,371,202,169
050,08,029,"Colorado","Delta County",4,45,354,187,167
050,08,029,"Colorado","Delta County",4,46,339,175,164
050,08,029,"Colorado","Delta County",4,47,337,175,162
050,08,029,"Colorado","Delta County",4,48,296,149,147
050,08,029,"Colorado","Delta County",4,49,317,155,162
050,08,029,"Colorado","Delta County",4,50,328,157,171
050,08,029,"Colorado","Delta County",4,51,358,182,176
050,08,029,"Colorado","Delta County",4,52,360,167,193
050,08,029,"Colorado","Delta County",4,53,344,168,176
050,08,029,"Colorado","Delta County",4,54,344,179,165
050,08,029,"Colorado","Delta County",4,55,340,164,176
050,08,029,"Colorado","Delta County",4,56,369,184,185
050,08,029,"Colorado","Delta County",4,57,381,189,192
050,08,029,"Colorado","Delta County",4,58,437,224,213
050,08,029,"Colorado","Delta County",4,59,478,239,239
050,08,029,"Colorado","Delta County",4,60,481,235,246
050,08,029,"Colorado","Delta County",4,61,550,256,294
050,08,029,"Colorado","Delta County",4,62,555,266,289
050,08,029,"Colorado","Delta County",4,63,515,267,248
050,08,029,"Colorado","Delta County",4,64,532,269,263
050,08,029,"Colorado","Delta County",4,65,567,288,279
050,08,029,"Colorado","Delta County",4,66,582,280,302
050,08,029,"Colorado","Delta County",4,67,596,286,310
050,08,029,"Colorado","Delta County",4,68,605,297,308
050,08,029,"Colorado","Delta County",4,69,561,269,292
050,08,029,"Colorado","Delta County",4,70,516,239,277
050,08,029,"Colorado","Delta County",4,71,507,228,279
050,08,029,"Colorado","Delta County",4,72,488,245,243
050,08,029,"Colorado","Delta County",4,73,471,237,234
050,08,029,"Colorado","Delta County",4,74,459,221,238
050,08,029,"Colorado","Delta County",4,75,491,245,246
050,08,029,"Colorado","Delta County",4,76,316,160,156
050,08,029,"Colorado","Delta County",4,77,314,156,158
050,08,029,"Colorado","Delta County",4,78,284,140,144
050,08,029,"Colorado","Delta County",4,79,312,152,160
050,08,029,"Colorado","Delta County",4,80,256,125,131
050,08,029,"Colorado","Delta County",4,81,215,104,111
050,08,029,"Colorado","Delta County",4,82,218,108,110
050,08,029,"Colorado","Delta County",4,83,175,74,101
050,08,029,"Colorado","Delta County",4,84,152,66,86
050,08,029,"Colorado","Delta County",4,85,772,308,464
050,08,029,"Colorado","Delta County",5,0,271,136,135
050,08,029,"Colorado","Delta County",5,1,251,118,133
050,08,029,"Colorado","Delta County",5,2,322,167,155
050,08,029,"Colorado","Delta County",5,3,293,145,148
050,08,029,"Colorado","Delta County",5,4,283,140,143
050,08,029,"Colorado","Delta County",5,5,324,161,163
050,08,029,"Colorado","Delta County",5,6,332,178,154
050,08,029,"Colorado","Delta County",5,7,302,168,134
050,08,029,"Colorado","Delta County",5,8,326,157,169
050,08,029,"Colorado","Delta County",5,9,332,177,155
050,08,029,"Colorado","Delta County",5,10,341,178,163
050,08,029,"Colorado","Delta County",5,11,352,170,182
050,08,029,"Colorado","Delta County",5,12,391,190,201
050,08,029,"Colorado","Delta County",5,13,349,177,172
050,08,029,"Colorado","Delta County",5,14,350,180,170
050,08,029,"Colorado","Delta County",5,15,383,195,188
050,08,029,"Colorado","Delta County",5,16,392,210,182
050,08,029,"Colorado","Delta County",5,17,380,192,188
050,08,029,"Colorado","Delta County",5,18,344,184,160
050,08,029,"Colorado","Delta County",5,19,274,143,131
050,08,029,"Colorado","Delta County",5,20,292,155,137
050,08,029,"Colorado","Delta County",5,21,267,148,119
050,08,029,"Colorado","Delta County",5,22,320,164,156
050,08,029,"Colorado","Delta County",5,23,285,149,136
050,08,029,"Colorado","Delta County",5,24,290,147,143
050,08,029,"Colorado","Delta County",5,25,311,168,143
050,08,029,"Colorado","Delta County",5,26,297,171,126
050,08,029,"Colorado","Delta County",5,27,287,144,143
050,08,029,"Colorado","Delta County",5,28,318,165,153
050,08,029,"Colorado","Delta County",5,29,323,157,166
050,08,029,"Colorado","Delta County",5,30,333,174,159
050,08,029,"Colorado","Delta County",5,31,303,168,135
050,08,029,"Colorado","Delta County",5,32,308,154,154
050,08,029,"Colorado","Delta County",5,33,316,150,166
050,08,029,"Colorado","Delta County",5,34,324,162,162
050,08,029,"Colorado","Delta County",5,35,311,164,147
050,08,029,"Colorado","Delta County",5,36,314,159,155
050,08,029,"Colorado","Delta County",5,37,355,185,170
050,08,029,"Colorado","Delta County",5,38,373,193,180
050,08,029,"Colorado","Delta County",5,39,349,186,163
050,08,029,"Colorado","Delta County",5,40,362,166,196
050,08,029,"Colorado","Delta County",5,41,371,180,191
050,08,029,"Colorado","Delta County",5,42,371,176,195
050,08,029,"Colorado","Delta County",5,43,349,187,162
050,08,029,"Colorado","Delta County",5,44,345,190,155
050,08,029,"Colorado","Delta County",5,45,383,206,177
050,08,029,"Colorado","Delta County",5,46,346,180,166
050,08,029,"Colorado","Delta County",5,47,343,177,166
050,08,029,"Colorado","Delta County",5,48,346,172,174
050,08,029,"Colorado","Delta County",5,49,306,150,156
050,08,029,"Colorado","Delta County",5,50,322,151,171
050,08,029,"Colorado","Delta County",5,51,324,153,171
050,08,029,"Colorado","Delta County",5,52,359,177,182
050,08,029,"Colorado","Delta County",5,53,374,171,203
050,08,029,"Colorado","Delta County",5,54,353,165,188
050,08,029,"Colorado","Delta County",5,55,357,182,175
050,08,029,"Colorado","Delta County",5,56,333,158,175
050,08,029,"Colorado","Delta County",5,57,373,180,193
050,08,029,"Colorado","Delta County",5,58,388,191,197
050,08,029,"Colorado","Delta County",5,59,442,226,216
050,08,029,"Colorado","Delta County",5,60,492,236,256
050,08,029,"Colorado","Delta County",5,61,495,242,253
050,08,029,"Colorado","Delta County",5,62,566,259,307
050,08,029,"Colorado","Delta County",5,63,559,265,294
050,08,029,"Colorado","Delta County",5,64,532,277,255
050,08,029,"Colorado","Delta County",5,65,535,264,271
050,08,029,"Colorado","Delta County",5,66,587,304,283
050,08,029,"Colorado","Delta County",5,67,591,280,311
050,08,029,"Colorado","Delta County",5,68,593,290,303
050,08,029,"Colorado","Delta County",5,69,599,300,299
050,08,029,"Colorado","Delta County",5,70,564,272,292
050,08,029,"Colorado","Delta County",5,71,507,240,267
050,08,029,"Colorado","Delta County",5,72,497,221,276
050,08,029,"Colorado","Delta County",5,73,469,240,229
050,08,029,"Colorado","Delta County",5,74,458,221,237
050,08,029,"Colorado","Delta County",5,75,457,213,244
050,08,029,"Colorado","Delta County",5,76,487,246,241
050,08,029,"Colorado","Delta County",5,77,300,156,144
050,08,029,"Colorado","Delta County",5,78,290,143,147
050,08,029,"Colorado","Delta County",5,79,269,128,141
050,08,029,"Colorado","Delta County",5,80,294,144,150
050,08,029,"Colorado","Delta County",5,81,244,115,129
050,08,029,"Colorado","Delta County",5,82,199,98,101
050,08,029,"Colorado","Delta County",5,83,198,98,100
050,08,029,"Colorado","Delta County",5,84,153,63,90
050,08,029,"Colorado","Delta County",5,85,796,324,472
050,08,031,"Colorado","Denver County",1,0,8782,4464,4318
050,08,031,"Colorado","Denver County",1,1,8021,4050,3971
050,08,031,"Colorado","Denver County",1,2,7977,4020,3957
050,08,031,"Colorado","Denver County",1,3,7775,3975,3800
050,08,031,"Colorado","Denver County",1,4,7589,3821,3768
050,08,031,"Colorado","Denver County",1,5,7517,3846,3671
050,08,031,"Colorado","Denver County",1,6,7310,3647,3663
050,08,031,"Colorado","Denver County",1,7,7201,3669,3532
050,08,031,"Colorado","Denver County",1,8,7166,3680,3486
050,08,031,"Colorado","Denver County",1,9,7520,3851,3669
050,08,031,"Colorado","Denver County",1,10,7488,3809,3679
050,08,031,"Colorado","Denver County",1,11,7442,3838,3604
050,08,031,"Colorado","Denver County",1,12,7633,3871,3762
050,08,031,"Colorado","Denver County",1,13,7397,3759,3638
050,08,031,"Colorado","Denver County",1,14,7212,3656,3556
050,08,031,"Colorado","Denver County",1,15,6991,3504,3487
050,08,031,"Colorado","Denver County",1,16,6879,3465,3414
050,08,031,"Colorado","Denver County",1,17,6614,3374,3240
050,08,031,"Colorado","Denver County",1,18,6756,3398,3358
050,08,031,"Colorado","Denver County",1,19,7293,3600,3693
050,08,031,"Colorado","Denver County",1,20,6770,3402,3368
050,08,031,"Colorado","Denver County",1,21,6359,3132,3227
050,08,031,"Colorado","Denver County",1,22,7239,3506,3733
050,08,031,"Colorado","Denver County",1,23,9411,4498,4913
050,08,031,"Colorado","Denver County",1,24,11942,5735,6207
050,08,031,"Colorado","Denver County",1,25,13963,6856,7107
050,08,031,"Colorado","Denver County",1,26,15958,7835,8123
050,08,031,"Colorado","Denver County",1,27,17377,8483,8894
050,08,031,"Colorado","Denver County",1,28,18170,9160,9010
050,08,031,"Colorado","Denver County",1,29,18375,9361,9014
050,08,031,"Colorado","Denver County",1,30,18125,9296,8829
050,08,031,"Colorado","Denver County",1,31,17179,8775,8404
050,08,031,"Colorado","Denver County",1,32,16685,8747,7938
050,08,031,"Colorado","Denver County",1,33,16337,8676,7661
050,08,031,"Colorado","Denver County",1,34,15739,8228,7511
050,08,031,"Colorado","Denver County",1,35,14810,7809,7001
050,08,031,"Colorado","Denver County",1,36,14094,7447,6647
050,08,031,"Colorado","Denver County",1,37,13468,7067,6401
050,08,031,"Colorado","Denver County",1,38,12886,6797,6089
050,08,031,"Colorado","Denver County",1,39,12258,6441,5817
050,08,031,"Colorado","Denver County",1,40,11449,6022,5427
050,08,031,"Colorado","Denver County",1,41,10792,5638,5154
050,08,031,"Colorado","Denver County",1,42,10244,5324,4920
050,08,031,"Colorado","Denver County",1,43,9695,5067,4628
050,08,031,"Colorado","Denver County",1,44,9417,4895,4522
050,08,031,"Colorado","Denver County",1,45,9275,4888,4387
050,08,031,"Colorado","Denver County",1,46,8816,4722,4094
050,08,031,"Colorado","Denver County",1,47,8659,4641,4018
050,08,031,"Colorado","Denver County",1,48,8868,4775,4093
050,08,031,"Colorado","Denver County",1,49,9104,4889,4215
050,08,031,"Colorado","Denver County",1,50,8643,4635,4008
050,08,031,"Colorado","Denver County",1,51,8171,4306,3865
050,08,031,"Colorado","Denver County",1,52,7590,4018,3572
050,08,031,"Colorado","Denver County",1,53,7268,3890,3378
050,08,031,"Colorado","Denver County",1,54,7096,3770,3326
050,08,031,"Colorado","Denver County",1,55,7294,3821,3473
050,08,031,"Colorado","Denver County",1,56,7159,3723,3436
050,08,031,"Colorado","Denver County",1,57,7114,3730,3384
050,08,031,"Colorado","Denver County",1,58,7077,3594,3483
050,08,031,"Colorado","Denver County",1,59,7127,3540,3587
050,08,031,"Colorado","Denver County",1,60,6930,3366,3564
050,08,031,"Colorado","Denver County",1,61,6902,3377,3525
050,08,031,"Colorado","Denver County",1,62,6797,3367,3430
050,08,031,"Colorado","Denver County",1,63,6549,3151,3398
050,08,031,"Colorado","Denver County",1,64,6535,3083,3452
050,08,031,"Colorado","Denver County",1,65,6350,3039,3311
050,08,031,"Colorado","Denver County",1,66,6216,2966,3250
050,08,031,"Colorado","Denver County",1,67,6004,2828,3176
050,08,031,"Colorado","Denver County",1,68,5953,2796,3157
050,08,031,"Colorado","Denver County",1,69,5455,2561,2894
050,08,031,"Colorado","Denver County",1,70,5241,2410,2831
050,08,031,"Colorado","Denver County",1,71,5046,2334,2712
050,08,031,"Colorado","Denver County",1,72,4900,2266,2634
050,08,031,"Colorado","Denver County",1,73,4720,2159,2561
050,08,031,"Colorado","Denver County",1,74,3434,1599,1835
050,08,031,"Colorado","Denver County",1,75,3192,1453,1739
050,08,031,"Colorado","Denver County",1,76,3017,1385,1632
050,08,031,"Colorado","Denver County",1,77,2910,1279,1631
050,08,031,"Colorado","Denver County",1,78,2478,1054,1424
050,08,031,"Colorado","Denver County",1,79,2273,994,1279
050,08,031,"Colorado","Denver County",1,80,2031,894,1137
050,08,031,"Colorado","Denver County",1,81,1882,743,1139
050,08,031,"Colorado","Denver County",1,82,1699,683,1016
050,08,031,"Colorado","Denver County",1,83,1563,639,924
050,08,031,"Colorado","Denver County",1,84,1453,579,874
050,08,031,"Colorado","Denver County",1,85,9428,3374,6054
050,08,031,"Colorado","Denver County",2,0,8629,4424,4205
050,08,031,"Colorado","Denver County",2,1,8121,4105,4016
050,08,031,"Colorado","Denver County",2,2,7937,4008,3929
050,08,031,"Colorado","Denver County",2,3,7757,3948,3809
050,08,031,"Colorado","Denver County",2,4,7617,3847,3770
050,08,031,"Colorado","Denver County",2,5,7505,3830,3675
050,08,031,"Colorado","Denver County",2,6,7332,3677,3655
050,08,031,"Colorado","Denver County",2,7,7196,3639,3557
050,08,031,"Colorado","Denver County",2,8,7143,3656,3487
050,08,031,"Colorado","Denver County",2,9,7408,3799,3609
050,08,031,"Colorado","Denver County",2,10,7470,3816,3654
050,08,031,"Colorado","Denver County",2,11,7394,3798,3596
050,08,031,"Colorado","Denver County",2,12,7594,3864,3730
050,08,031,"Colorado","Denver County",2,13,7431,3778,3653
050,08,031,"Colorado","Denver County",2,14,7220,3664,3556
050,08,031,"Colorado","Denver County",2,15,7045,3541,3504
050,08,031,"Colorado","Denver County",2,16,6901,3465,3436
050,08,031,"Colorado","Denver County",2,17,6669,3392,3277
050,08,031,"Colorado","Denver County",2,18,6816,3427,3389
050,08,031,"Colorado","Denver County",2,19,7302,3611,3691
050,08,031,"Colorado","Denver County",2,20,6898,3467,3431
050,08,031,"Colorado","Denver County",2,21,6499,3206,3293
050,08,031,"Colorado","Denver County",2,22,7496,3622,3874
050,08,031,"Colorado","Denver County",2,23,9507,4543,4964
050,08,031,"Colorado","Denver County",2,24,11839,5696,6143
050,08,031,"Colorado","Denver County",2,25,13956,6827,7129
050,08,031,"Colorado","Denver County",2,26,15874,7802,8072
050,08,031,"Colorado","Denver County",2,27,17270,8473,8797
050,08,031,"Colorado","Denver County",2,28,18164,9115,9049
050,08,031,"Colorado","Denver County",2,29,18397,9368,9029
050,08,031,"Colorado","Denver County",2,30,18299,9373,8926
050,08,031,"Colorado","Denver County",2,31,17297,8860,8437
050,08,031,"Colorado","Denver County",2,32,16720,8723,7997
050,08,031,"Colorado","Denver County",2,33,16312,8639,7673
050,08,031,"Colorado","Denver County",2,34,15778,8276,7502
050,08,031,"Colorado","Denver County",2,35,15053,7929,7124
050,08,031,"Colorado","Denver County",2,36,14110,7446,6664
050,08,031,"Colorado","Denver County",2,37,13572,7139,6433
050,08,031,"Colorado","Denver County",2,38,13014,6848,6166
050,08,031,"Colorado","Denver County",2,39,12281,6463,5818
050,08,031,"Colorado","Denver County",2,40,11658,6140,5518
050,08,031,"Colorado","Denver County",2,41,10885,5707,5178
050,08,031,"Colorado","Denver County",2,42,10278,5343,4935
050,08,031,"Colorado","Denver County",2,43,9842,5141,4701
050,08,031,"Colorado","Denver County",2,44,9371,4863,4508
050,08,031,"Colorado","Denver County",2,45,9320,4916,4404
050,08,031,"Colorado","Denver County",2,46,8872,4729,4143
050,08,031,"Colorado","Denver County",2,47,8675,4658,4017
050,08,031,"Colorado","Denver County",2,48,8775,4711,4064
050,08,031,"Colorado","Denver County",2,49,9066,4882,4184
050,08,031,"Colorado","Denver County",2,50,8745,4680,4065
050,08,031,"Colorado","Denver County",2,51,8245,4357,3888
050,08,031,"Colorado","Denver County",2,52,7717,4071,3646
050,08,031,"Colorado","Denver County",2,53,7291,3899,3392
050,08,031,"Colorado","Denver County",2,54,7094,3774,3320
050,08,031,"Colorado","Denver County",2,55,7231,3796,3435
050,08,031,"Colorado","Denver County",2,56,7164,3728,3436
050,08,031,"Colorado","Denver County",2,57,7100,3716,3384
050,08,031,"Colorado","Denver County",2,58,7085,3619,3466
050,08,031,"Colorado","Denver County",2,59,7087,3527,3560
050,08,031,"Colorado","Denver County",2,60,6966,3395,3571
050,08,031,"Colorado","Denver County",2,61,6883,3354,3529
050,08,031,"Colorado","Denver County",2,62,6791,3354,3437
050,08,031,"Colorado","Denver County",2,63,6628,3201,3427
050,08,031,"Colorado","Denver County",2,64,6494,3082,3412
050,08,031,"Colorado","Denver County",2,65,6347,3019,3328
050,08,031,"Colorado","Denver County",2,66,6222,2963,3259
050,08,031,"Colorado","Denver County",2,67,6003,2833,3170
050,08,031,"Colorado","Denver County",2,68,5895,2763,3132
050,08,031,"Colorado","Denver County",2,69,5566,2610,2956
050,08,031,"Colorado","Denver County",2,70,5255,2427,2828
050,08,031,"Colorado","Denver County",2,71,5071,2342,2729
050,08,031,"Colorado","Denver County",2,72,4836,2222,2614
050,08,031,"Colorado","Denver County",2,73,4919,2254,2665
050,08,031,"Colorado","Denver County",2,74,3520,1620,1900
050,08,031,"Colorado","Denver County",2,75,3241,1489,1752
050,08,031,"Colorado","Denver County",2,76,2990,1365,1625
050,08,031,"Colorado","Denver County",2,77,2963,1310,1653
050,08,031,"Colorado","Denver County",2,78,2522,1082,1440
050,08,031,"Colorado","Denver County",2,79,2282,985,1297
050,08,031,"Colorado","Denver County",2,80,2057,900,1157
050,08,031,"Colorado","Denver County",2,81,1875,758,1117
050,08,031,"Colorado","Denver County",2,82,1718,682,1036
050,08,031,"Colorado","Denver County",2,83,1544,623,921
050,08,031,"Colorado","Denver County",2,84,1434,576,858
050,08,031,"Colorado","Denver County",2,85,9260,3321,5939
050,08,031,"Colorado","Denver County",3,0,8590,4316,4274
050,08,031,"Colorado","Denver County",3,1,7890,4115,3775
050,08,031,"Colorado","Denver County",3,2,7562,3845,3717
050,08,031,"Colorado","Denver County",3,3,7533,3763,3770
050,08,031,"Colorado","Denver County",3,4,7384,3715,3669
050,08,031,"Colorado","Denver County",3,5,7358,3733,3625
050,08,031,"Colorado","Denver County",3,6,7205,3716,3489
050,08,031,"Colorado","Denver County",3,7,7056,3511,3545
050,08,031,"Colorado","Denver County",3,8,7014,3532,3482
050,08,031,"Colorado","Denver County",3,9,6840,3477,3363
050,08,031,"Colorado","Denver County",3,10,7154,3673,3481
050,08,031,"Colorado","Denver County",3,11,7217,3677,3540
050,08,031,"Colorado","Denver County",3,12,7117,3595,3522
050,08,031,"Colorado","Denver County",3,13,7369,3724,3645
050,08,031,"Colorado","Denver County",3,14,7160,3647,3513
050,08,031,"Colorado","Denver County",3,15,7036,3621,3415
050,08,031,"Colorado","Denver County",3,16,6838,3409,3429
050,08,031,"Colorado","Denver County",3,17,6807,3395,3412
050,08,031,"Colorado","Denver County",3,18,6596,3344,3252
050,08,031,"Colorado","Denver County",3,19,6773,3400,3373
050,08,031,"Colorado","Denver County",3,20,6748,3405,3343
050,08,031,"Colorado","Denver County",3,21,6592,3294,3298
050,08,031,"Colorado","Denver County",3,22,7200,3437,3763
050,08,031,"Colorado","Denver County",3,23,9485,4443,5042
050,08,031,"Colorado","Denver County",3,24,11794,5693,6101
050,08,031,"Colorado","Denver County",3,25,13596,6661,6935
050,08,031,"Colorado","Denver County",3,26,15456,7620,7836
050,08,031,"Colorado","Denver County",3,27,16775,8339,8436
050,08,031,"Colorado","Denver County",3,28,17583,8818,8765
050,08,031,"Colorado","Denver County",3,29,18000,9118,8882
050,08,031,"Colorado","Denver County",3,30,18068,9265,8803
050,08,031,"Colorado","Denver County",3,31,17781,9117,8664
050,08,031,"Colorado","Denver County",3,32,16526,8518,8008
050,08,031,"Colorado","Denver County",3,33,16049,8466,7583
050,08,031,"Colorado","Denver County",3,34,15421,8208,7213
050,08,031,"Colorado","Denver County",3,35,15071,7975,7096
050,08,031,"Colorado","Denver County",3,36,14352,7548,6804
050,08,031,"Colorado","Denver County",3,37,13407,7076,6331
050,08,031,"Colorado","Denver County",3,38,12857,6770,6087
050,08,031,"Colorado","Denver County",3,39,12435,6502,5933
050,08,031,"Colorado","Denver County",3,40,11701,6148,5553
050,08,031,"Colorado","Denver County",3,41,11270,5982,5288
050,08,031,"Colorado","Denver County",3,42,10417,5436,4981
050,08,031,"Colorado","Denver County",3,43,9925,5161,4764
050,08,031,"Colorado","Denver County",3,44,9500,4935,4565
050,08,031,"Colorado","Denver County",3,45,9097,4710,4387
050,08,031,"Colorado","Denver County",3,46,8936,4677,4259
050,08,031,"Colorado","Denver County",3,47,8634,4585,4049
050,08,031,"Colorado","Denver County",3,48,8426,4487,3939
050,08,031,"Colorado","Denver County",3,49,8473,4574,3899
050,08,031,"Colorado","Denver County",3,50,8850,4732,4118
050,08,031,"Colorado","Denver County",3,51,8483,4499,3984
050,08,031,"Colorado","Denver County",3,52,8108,4324,3784
050,08,031,"Colorado","Denver County",3,53,7422,3879,3543
050,08,031,"Colorado","Denver County",3,54,7030,3737,3293
050,08,031,"Colorado","Denver County",3,55,6982,3693,3289
050,08,031,"Colorado","Denver County",3,56,7006,3657,3349
050,08,031,"Colorado","Denver County",3,57,6900,3642,3258
050,08,031,"Colorado","Denver County",3,58,6896,3591,3305
050,08,031,"Colorado","Denver County",3,59,6777,3408,3369
050,08,031,"Colorado","Denver County",3,60,6871,3410,3461
050,08,031,"Colorado","Denver County",3,61,6792,3296,3496
050,08,031,"Colorado","Denver County",3,62,6629,3240,3389
050,08,031,"Colorado","Denver County",3,63,6522,3173,3349
050,08,031,"Colorado","Denver County",3,64,6414,3077,3337
050,08,031,"Colorado","Denver County",3,65,6201,2914,3287
050,08,031,"Colorado","Denver County",3,66,6146,2902,3244
050,08,031,"Colorado","Denver County",3,67,6059,2870,3189
050,08,031,"Colorado","Denver County",3,68,5880,2752,3128
050,08,031,"Colorado","Denver County",3,69,5704,2678,3026
050,08,031,"Colorado","Denver County",3,70,5430,2528,2902
050,08,031,"Colorado","Denver County",3,71,5141,2363,2778
050,08,031,"Colorado","Denver County",3,72,4901,2235,2666
050,08,031,"Colorado","Denver County",3,73,4686,2130,2556
050,08,031,"Colorado","Denver County",3,74,4761,2176,2585
050,08,031,"Colorado","Denver County",3,75,3377,1530,1847
050,08,031,"Colorado","Denver County",3,76,3143,1432,1711
050,08,031,"Colorado","Denver County",3,77,2882,1311,1571
050,08,031,"Colorado","Denver County",3,78,2841,1253,1588
050,08,031,"Colorado","Denver County",3,79,2417,1043,1374
050,08,031,"Colorado","Denver County",3,80,2177,944,1233
050,08,031,"Colorado","Denver County",3,81,1950,834,1116
050,08,031,"Colorado","Denver County",3,82,1766,698,1068
050,08,031,"Colorado","Denver County",3,83,1625,640,985
050,08,031,"Colorado","Denver County",3,84,1429,570,859
050,08,031,"Colorado","Denver County",3,85,9195,3337,5858
050,08,031,"Colorado","Denver County",4,0,8336,4219,4117
050,08,031,"Colorado","Denver County",4,1,7886,3964,3922
050,08,031,"Colorado","Denver County",4,2,7301,3728,3573
050,08,031,"Colorado","Denver County",4,3,7130,3652,3478
050,08,031,"Colorado","Denver County",4,4,7115,3586,3529
050,08,031,"Colorado","Denver County",4,5,7053,3580,3473
050,08,031,"Colorado","Denver County",4,6,6973,3531,3442
050,08,031,"Colorado","Denver County",4,7,7057,3619,3438
050,08,031,"Colorado","Denver County",4,8,6945,3501,3444
050,08,031,"Colorado","Denver County",4,9,6811,3444,3367
050,08,031,"Colorado","Denver County",4,10,6654,3381,3273
050,08,031,"Colorado","Denver County",4,11,6930,3546,3384
050,08,031,"Colorado","Denver County",4,12,7036,3594,3442
050,08,031,"Colorado","Denver County",4,13,6976,3531,3445
050,08,031,"Colorado","Denver County",4,14,7131,3608,3523
050,08,031,"Colorado","Denver County",4,15,6898,3546,3352
050,08,031,"Colorado","Denver County",4,16,6850,3513,3337
050,08,031,"Colorado","Denver County",4,17,6702,3367,3335
050,08,031,"Colorado","Denver County",4,18,6972,3471,3501
050,08,031,"Colorado","Denver County",4,19,7237,3599,3638
050,08,031,"Colorado","Denver County",4,20,6937,3510,3427
050,08,031,"Colorado","Denver County",4,21,6835,3423,3412
050,08,031,"Colorado","Denver County",4,22,7606,3688,3918
050,08,031,"Colorado","Denver County",4,23,9969,4602,5367
050,08,031,"Colorado","Denver County",4,24,12361,5869,6492
050,08,031,"Colorado","Denver County",4,25,14429,6950,7479
050,08,031,"Colorado","Denver County",4,26,15805,7777,8028
050,08,031,"Colorado","Denver County",4,27,16952,8455,8497
050,08,031,"Colorado","Denver County",4,28,17752,9009,8743
050,08,031,"Colorado","Denver County",4,29,17912,9088,8824
050,08,031,"Colorado","Denver County",4,30,18032,9273,8759
050,08,031,"Colorado","Denver County",4,31,17733,9225,8508
050,08,031,"Colorado","Denver County",4,32,17265,8921,8344
050,08,031,"Colorado","Denver County",4,33,15847,8238,7609
050,08,031,"Colorado","Denver County",4,34,15355,8165,7190
050,08,031,"Colorado","Denver County",4,35,14640,7843,6797
050,08,031,"Colorado","Denver County",4,36,14311,7566,6745
050,08,031,"Colorado","Denver County",4,37,13513,7122,6391
050,08,031,"Colorado","Denver County",4,38,12873,6786,6087
050,08,031,"Colorado","Denver County",4,39,12177,6401,5776
050,08,031,"Colorado","Denver County",4,40,11994,6284,5710
050,08,031,"Colorado","Denver County",4,41,11380,6040,5340
050,08,031,"Colorado","Denver County",4,42,10838,5749,5089
050,08,031,"Colorado","Denver County",4,43,9944,5180,4764
050,08,031,"Colorado","Denver County",4,44,9541,4949,4592
050,08,031,"Colorado","Denver County",4,45,9200,4782,4418
050,08,031,"Colorado","Denver County",4,46,8759,4467,4292
050,08,031,"Colorado","Denver County",4,47,8688,4576,4112
050,08,031,"Colorado","Denver County",4,48,8287,4383,3904
050,08,031,"Colorado","Denver County",4,49,8184,4381,3803
050,08,031,"Colorado","Denver County",4,50,8252,4451,3801
050,08,031,"Colorado","Denver County",4,51,8623,4638,3985
050,08,031,"Colorado","Denver County",4,52,8380,4481,3899
050,08,031,"Colorado","Denver County",4,53,7850,4200,3650
050,08,031,"Colorado","Denver County",4,54,7228,3770,3458
050,08,031,"Colorado","Denver County",4,55,6946,3692,3254
050,08,031,"Colorado","Denver County",4,56,6763,3552,3211
050,08,031,"Colorado","Denver County",4,57,6876,3601,3275
050,08,031,"Colorado","Denver County",4,58,6723,3539,3184
050,08,031,"Colorado","Denver County",4,59,6673,3451,3222
050,08,031,"Colorado","Denver County",4,60,6632,3303,3329
050,08,031,"Colorado","Denver County",4,61,6621,3307,3314
050,08,031,"Colorado","Denver County",4,62,6547,3167,3380
050,08,031,"Colorado","Denver County",4,63,6337,3062,3275
050,08,031,"Colorado","Denver County",4,64,6320,3075,3245
050,08,031,"Colorado","Denver County",4,65,6144,2907,3237
050,08,031,"Colorado","Denver County",4,66,5991,2792,3199
050,08,031,"Colorado","Denver County",4,67,5920,2782,3138
050,08,031,"Colorado","Denver County",4,68,5868,2746,3122
050,08,031,"Colorado","Denver County",4,69,5654,2631,3023
050,08,031,"Colorado","Denver County",4,70,5517,2571,2946
050,08,031,"Colorado","Denver County",4,71,5319,2466,2853
050,08,031,"Colorado","Denver County",4,72,4977,2250,2727
050,08,031,"Colorado","Denver County",4,73,4771,2157,2614
050,08,031,"Colorado","Denver County",4,74,4549,2054,2495
050,08,031,"Colorado","Denver County",4,75,4599,2074,2525
050,08,031,"Colorado","Denver County",4,76,3269,1458,1811
050,08,031,"Colorado","Denver County",4,77,3067,1378,1689
050,08,031,"Colorado","Denver County",4,78,2777,1260,1517
050,08,031,"Colorado","Denver County",4,79,2715,1187,1528
050,08,031,"Colorado","Denver County",4,80,2301,990,1311
050,08,031,"Colorado","Denver County",4,81,2077,886,1191
050,08,031,"Colorado","Denver County",4,82,1863,788,1075
050,08,031,"Colorado","Denver County",4,83,1664,662,1002
050,08,031,"Colorado","Denver County",4,84,1476,581,895
050,08,031,"Colorado","Denver County",4,85,9052,3325,5727
050,08,031,"Colorado","Denver County",5,0,8640,4366,4274
050,08,031,"Colorado","Denver County",5,1,7736,3954,3782
050,08,031,"Colorado","Denver County",5,2,7436,3789,3647
050,08,031,"Colorado","Denver County",5,3,6986,3572,3414
050,08,031,"Colorado","Denver County",5,4,6942,3491,3451
050,08,031,"Colorado","Denver County",5,5,6979,3504,3475
050,08,031,"Colorado","Denver County",5,6,6848,3543,3305
050,08,031,"Colorado","Denver County",5,7,6923,3503,3420
050,08,031,"Colorado","Denver County",5,8,7029,3576,3453
050,08,031,"Colorado","Denver County",5,9,6810,3437,3373
050,08,031,"Colorado","Denver County",5,10,6660,3383,3277
050,08,031,"Colorado","Denver County",5,11,6570,3337,3233
050,08,031,"Colorado","Denver County",5,12,6816,3490,3326
050,08,031,"Colorado","Denver County",5,13,6928,3536,3392
050,08,031,"Colorado","Denver County",5,14,6865,3461,3404
050,08,031,"Colorado","Denver County",5,15,7091,3605,3486
050,08,031,"Colorado","Denver County",5,16,6821,3492,3329
050,08,031,"Colorado","Denver County",5,17,6786,3463,3323
050,08,031,"Colorado","Denver County",5,18,6961,3469,3492
050,08,031,"Colorado","Denver County",5,19,7450,3672,3778
050,08,031,"Colorado","Denver County",5,20,7078,3552,3526
050,08,031,"Colorado","Denver County",5,21,6692,3361,3331
050,08,031,"Colorado","Denver County",5,22,7716,3758,3958
050,08,031,"Colorado","Denver County",5,23,9859,4640,5219
050,08,031,"Colorado","Denver County",5,24,12452,5899,6553
050,08,031,"Colorado","Denver County",5,25,14517,6914,7603
050,08,031,"Colorado","Denver County",5,26,16291,7971,8320
050,08,031,"Colorado","Denver County",5,27,17202,8599,8603
050,08,031,"Colorado","Denver County",5,28,17500,8876,8624
050,08,031,"Colorado","Denver County",5,29,17869,9173,8696
050,08,031,"Colorado","Denver County",5,30,17798,8990,8808
050,08,031,"Colorado","Denver County",5,31,17909,9256,8653
050,08,031,"Colorado","Denver County",5,32,17154,9000,8154
050,08,031,"Colorado","Denver County",5,33,16648,8626,8022
050,08,031,"Colorado","Denver County",5,34,15113,7923,7190
050,08,031,"Colorado","Denver County",5,35,14712,7823,6889
050,08,031,"Colorado","Denver County",5,36,13918,7445,6473
050,08,031,"Colorado","Denver County",5,37,13591,7169,6422
050,08,031,"Colorado","Denver County",5,38,13044,6900,6144
050,08,031,"Colorado","Denver County",5,39,12287,6485,5802
050,08,031,"Colorado","Denver County",5,40,11652,6164,5488
050,08,031,"Colorado","Denver County",5,41,11629,6119,5510
050,08,031,"Colorado","Denver County",5,42,10922,5761,5161
050,08,031,"Colorado","Denver County",5,43,10558,5589,4969
050,08,031,"Colorado","Denver County",5,44,9722,5045,4677
050,08,031,"Colorado","Denver County",5,45,9319,4866,4453
050,08,031,"Colorado","Denver County",5,46,8976,4640,4336
050,08,031,"Colorado","Denver County",5,47,8632,4412,4220
050,08,031,"Colorado","Denver County",5,48,8480,4443,4037
050,08,031,"Colorado","Denver County",5,49,8100,4303,3797
050,08,031,"Colorado","Denver County",5,50,7989,4253,3736
050,08,031,"Colorado","Denver County",5,51,8112,4397,3715
050,08,031,"Colorado","Denver County",5,52,8488,4482,4006
050,08,031,"Colorado","Denver County",5,53,8130,4344,3786
050,08,031,"Colorado","Denver County",5,54,7666,4058,3608
050,08,031,"Colorado","Denver County",5,55,7230,3767,3463
050,08,031,"Colorado","Denver County",5,56,6784,3575,3209
050,08,031,"Colorado","Denver County",5,57,6634,3487,3147
050,08,031,"Colorado","Denver County",5,58,6684,3513,3171
050,08,031,"Colorado","Denver County",5,59,6496,3408,3088
050,08,031,"Colorado","Denver County",5,60,6519,3339,3180
050,08,031,"Colorado","Denver County",5,61,6423,3191,3232
050,08,031,"Colorado","Denver County",5,62,6425,3231,3194
050,08,031,"Colorado","Denver County",5,63,6318,3023,3295
050,08,031,"Colorado","Denver County",5,64,6186,2976,3210
050,08,031,"Colorado","Denver County",5,65,6122,2954,3168
050,08,031,"Colorado","Denver County",5,66,5987,2824,3163
050,08,031,"Colorado","Denver County",5,67,5804,2690,3114
050,08,031,"Colorado","Denver County",5,68,5814,2726,3088
050,08,031,"Colorado","Denver County",5,69,5707,2668,3039
050,08,031,"Colorado","Denver County",5,70,5518,2561,2957
050,08,031,"Colorado","Denver County",5,71,5394,2510,2884
050,08,031,"Colorado","Denver County",5,72,5181,2380,2801
050,08,031,"Colorado","Denver County",5,73,4832,2173,2659
050,08,031,"Colorado","Denver County",5,74,4635,2083,2552
050,08,031,"Colorado","Denver County",5,75,4413,1983,2430
050,08,031,"Colorado","Denver County",5,76,4472,1991,2481
050,08,031,"Colorado","Denver County",5,77,3184,1413,1771
050,08,031,"Colorado","Denver County",5,78,2984,1340,1644
050,08,031,"Colorado","Denver County",5,79,2684,1209,1475
050,08,031,"Colorado","Denver County",5,80,2578,1126,1452
050,08,031,"Colorado","Denver County",5,81,2211,935,1276
050,08,031,"Colorado","Denver County",5,82,1977,823,1154
050,08,031,"Colorado","Denver County",5,83,1768,750,1018
050,08,031,"Colorado","Denver County",5,84,1532,595,937
050,08,031,"Colorado","Denver County",5,85,9079,3344,5735
050,08,033,"Colorado","Dolores County",1,0,17,8,9
050,08,033,"Colorado","Dolores County",1,1,14,6,8
050,08,033,"Colorado","Dolores County",1,2,17,11,6
050,08,033,"Colorado","Dolores County",1,3,13,7,6
050,08,033,"Colorado","Dolores County",1,4,18,7,11
050,08,033,"Colorado","Dolores County",1,5,20,12,8
050,08,033,"Colorado","Dolores County",1,6,19,8,11
050,08,033,"Colorado","Dolores County",1,7,29,12,17
050,08,033,"Colorado","Dolores County",1,8,26,15,11
050,08,033,"Colorado","Dolores County",1,9,30,20,10
050,08,033,"Colorado","Dolores County",1,10,23,11,12
050,08,033,"Colorado","Dolores County",1,11,26,13,13
050,08,033,"Colorado","Dolores County",1,12,32,17,15
050,08,033,"Colorado","Dolores County",1,13,20,8,12
050,08,033,"Colorado","Dolores County",1,14,22,10,12
050,08,033,"Colorado","Dolores County",1,15,32,18,14
050,08,033,"Colorado","Dolores County",1,16,22,13,9
050,08,033,"Colorado","Dolores County",1,17,32,21,11
050,08,033,"Colorado","Dolores County",1,18,28,17,11
050,08,033,"Colorado","Dolores County",1,19,20,12,8
050,08,033,"Colorado","Dolores County",1,20,22,11,11
050,08,033,"Colorado","Dolores County",1,21,20,14,6
050,08,033,"Colorado","Dolores County",1,22,22,14,8
050,08,033,"Colorado","Dolores County",1,23,29,17,12
050,08,033,"Colorado","Dolores County",1,24,26,15,11
050,08,033,"Colorado","Dolores County",1,25,21,13,8
050,08,033,"Colorado","Dolores County",1,26,19,13,6
050,08,033,"Colorado","Dolores County",1,27,23,10,13
050,08,033,"Colorado","Dolores County",1,28,23,11,12
050,08,033,"Colorado","Dolores County",1,29,25,14,11
050,08,033,"Colorado","Dolores County",1,30,24,13,11
050,08,033,"Colorado","Dolores County",1,31,22,9,13
050,08,033,"Colorado","Dolores County",1,32,21,11,10
050,08,033,"Colorado","Dolores County",1,33,22,9,13
050,08,033,"Colorado","Dolores County",1,34,29,16,13
050,08,033,"Colorado","Dolores County",1,35,24,17,7
050,08,033,"Colorado","Dolores County",1,36,25,15,10
050,08,033,"Colorado","Dolores County",1,37,33,15,18
050,08,033,"Colorado","Dolores County",1,38,34,22,12
050,08,033,"Colorado","Dolores County",1,39,30,18,12
050,08,033,"Colorado","Dolores County",1,40,28,16,12
050,08,033,"Colorado","Dolores County",1,41,23,13,10
050,08,033,"Colorado","Dolores County",1,42,26,10,16
050,08,033,"Colorado","Dolores County",1,43,32,18,14
050,08,033,"Colorado","Dolores County",1,44,23,16,7
050,08,033,"Colorado","Dolores County",1,45,35,19,16
050,08,033,"Colorado","Dolores County",1,46,20,12,8
050,08,033,"Colorado","Dolores County",1,47,31,22,9
050,08,033,"Colorado","Dolores County",1,48,24,14,10
050,08,033,"Colorado","Dolores County",1,49,30,15,15
050,08,033,"Colorado","Dolores County",1,50,32,17,15
050,08,033,"Colorado","Dolores County",1,51,34,17,17
050,08,033,"Colorado","Dolores County",1,52,27,13,14
050,08,033,"Colorado","Dolores County",1,53,34,16,18
050,08,033,"Colorado","Dolores County",1,54,30,18,12
050,08,033,"Colorado","Dolores County",1,55,40,22,18
050,08,033,"Colorado","Dolores County",1,56,31,16,15
050,08,033,"Colorado","Dolores County",1,57,27,13,14
050,08,033,"Colorado","Dolores County",1,58,30,16,14
050,08,033,"Colorado","Dolores County",1,59,40,23,17
050,08,033,"Colorado","Dolores County",1,60,49,34,15
050,08,033,"Colorado","Dolores County",1,61,50,31,19
050,08,033,"Colorado","Dolores County",1,62,45,26,19
050,08,033,"Colorado","Dolores County",1,63,40,20,20
050,08,033,"Colorado","Dolores County",1,64,39,20,19
050,08,033,"Colorado","Dolores County",1,65,36,19,17
050,08,033,"Colorado","Dolores County",1,66,33,17,16
050,08,033,"Colorado","Dolores County",1,67,28,15,13
050,08,033,"Colorado","Dolores County",1,68,27,14,13
050,08,033,"Colorado","Dolores County",1,69,34,20,14
050,08,033,"Colorado","Dolores County",1,70,38,21,17
050,08,033,"Colorado","Dolores County",1,71,33,21,12
050,08,033,"Colorado","Dolores County",1,72,39,23,16
050,08,033,"Colorado","Dolores County",1,73,26,11,15
050,08,033,"Colorado","Dolores County",1,74,23,10,13
050,08,033,"Colorado","Dolores County",1,75,27,13,14
050,08,033,"Colorado","Dolores County",1,76,22,11,11
050,08,033,"Colorado","Dolores County",1,77,22,12,10
050,08,033,"Colorado","Dolores County",1,78,22,14,8
050,08,033,"Colorado","Dolores County",1,79,16,10,6
050,08,033,"Colorado","Dolores County",1,80,17,10,7
050,08,033,"Colorado","Dolores County",1,81,10,5,5
050,08,033,"Colorado","Dolores County",1,82,12,6,6
050,08,033,"Colorado","Dolores County",1,83,13,6,7
050,08,033,"Colorado","Dolores County",1,84,11,5,6
050,08,033,"Colorado","Dolores County",1,85,62,26,36
050,08,033,"Colorado","Dolores County",2,0,18,9,9
050,08,033,"Colorado","Dolores County",2,1,14,6,8
050,08,033,"Colorado","Dolores County",2,2,16,10,6
050,08,033,"Colorado","Dolores County",2,3,14,8,6
050,08,033,"Colorado","Dolores County",2,4,17,7,10
050,08,033,"Colorado","Dolores County",2,5,19,11,8
050,08,033,"Colorado","Dolores County",2,6,19,9,10
050,08,033,"Colorado","Dolores County",2,7,27,11,16
050,08,033,"Colorado","Dolores County",2,8,28,15,13
050,08,033,"Colorado","Dolores County",2,9,30,19,11
050,08,033,"Colorado","Dolores County",2,10,25,13,12
050,08,033,"Colorado","Dolores County",2,11,25,13,12
050,08,033,"Colorado","Dolores County",2,12,31,16,15
050,08,033,"Colorado","Dolores County",2,13,22,10,12
050,08,033,"Colorado","Dolores County",2,14,22,10,12
050,08,033,"Colorado","Dolores County",2,15,30,16,14
050,08,033,"Colorado","Dolores County",2,16,24,14,10
050,08,033,"Colorado","Dolores County",2,17,29,18,11
050,08,033,"Colorado","Dolores County",2,18,27,17,10
050,08,033,"Colorado","Dolores County",2,19,21,12,9
050,08,033,"Colorado","Dolores County",2,20,23,12,11
050,08,033,"Colorado","Dolores County",2,21,20,13,7
050,08,033,"Colorado","Dolores County",2,22,22,14,8
050,08,033,"Colorado","Dolores County",2,23,30,18,12
050,08,033,"Colorado","Dolores County",2,24,25,15,10
050,08,033,"Colorado","Dolores County",2,25,23,14,9
050,08,033,"Colorado","Dolores County",2,26,19,13,6
050,08,033,"Colorado","Dolores County",2,27,22,10,12
050,08,033,"Colorado","Dolores County",2,28,23,11,12
050,08,033,"Colorado","Dolores County",2,29,24,13,11
050,08,033,"Colorado","Dolores County",2,30,24,13,11
050,08,033,"Colorado","Dolores County",2,31,24,10,14
050,08,033,"Colorado","Dolores County",2,32,22,11,11
050,08,033,"Colorado","Dolores County",2,33,23,10,13
050,08,033,"Colorado","Dolores County",2,34,28,15,13
050,08,033,"Colorado","Dolores County",2,35,27,18,9
050,08,033,"Colorado","Dolores County",2,36,25,16,9
050,08,033,"Colorado","Dolores County",2,37,33,16,17
050,08,033,"Colorado","Dolores County",2,38,35,20,15
050,08,033,"Colorado","Dolores County",2,39,31,19,12
050,08,033,"Colorado","Dolores County",2,40,30,18,12
050,08,033,"Colorado","Dolores County",2,41,25,14,11
050,08,033,"Colorado","Dolores County",2,42,26,11,15
050,08,033,"Colorado","Dolores County",2,43,30,16,14
050,08,033,"Colorado","Dolores County",2,44,24,16,8
050,08,033,"Colorado","Dolores County",2,45,32,19,13
050,08,033,"Colorado","Dolores County",2,46,23,13,10
050,08,033,"Colorado","Dolores County",2,47,30,20,10
050,08,033,"Colorado","Dolores County",2,48,26,16,10
050,08,033,"Colorado","Dolores County",2,49,28,15,13
050,08,033,"Colorado","Dolores County",2,50,32,17,15
050,08,033,"Colorado","Dolores County",2,51,33,17,16
050,08,033,"Colorado","Dolores County",2,52,27,13,14
050,08,033,"Colorado","Dolores County",2,53,32,15,17
050,08,033,"Colorado","Dolores County",2,54,31,18,13
050,08,033,"Colorado","Dolores County",2,55,37,21,16
050,08,033,"Colorado","Dolores County",2,56,34,17,17
050,08,033,"Colorado","Dolores County",2,57,27,13,14
050,08,033,"Colorado","Dolores County",2,58,30,16,14
050,08,033,"Colorado","Dolores County",2,59,38,22,16
050,08,033,"Colorado","Dolores County",2,60,47,32,15
050,08,033,"Colorado","Dolores County",2,61,48,31,17
050,08,033,"Colorado","Dolores County",2,62,46,27,19
050,08,033,"Colorado","Dolores County",2,63,42,22,20
050,08,033,"Colorado","Dolores County",2,64,38,19,19
050,08,033,"Colorado","Dolores County",2,65,37,20,17
050,08,033,"Colorado","Dolores County",2,66,35,18,17
050,08,033,"Colorado","Dolores County",2,67,29,15,14
050,08,033,"Colorado","Dolores County",2,68,27,14,13
050,08,033,"Colorado","Dolores County",2,69,33,19,14
050,08,033,"Colorado","Dolores County",2,70,37,21,16
050,08,033,"Colorado","Dolores County",2,71,35,22,13
050,08,033,"Colorado","Dolores County",2,72,37,22,15
050,08,033,"Colorado","Dolores County",2,73,30,14,16
050,08,033,"Colorado","Dolores County",2,74,21,9,12
050,08,033,"Colorado","Dolores County",2,75,24,11,13
050,08,033,"Colorado","Dolores County",2,76,23,11,12
050,08,033,"Colorado","Dolores County",2,77,23,12,11
050,08,033,"Colorado","Dolores County",2,78,22,14,8
050,08,033,"Colorado","Dolores County",2,79,17,11,6
050,08,033,"Colorado","Dolores County",2,80,17,10,7
050,08,033,"Colorado","Dolores County",2,81,11,6,5
050,08,033,"Colorado","Dolores County",2,82,12,6,6
050,08,033,"Colorado","Dolores County",2,83,11,4,7
050,08,033,"Colorado","Dolores County",2,84,11,5,6
050,08,033,"Colorado","Dolores County",2,85,62,27,35
050,08,033,"Colorado","Dolores County",3,0,18,8,10
050,08,033,"Colorado","Dolores County",3,1,16,8,8
050,08,033,"Colorado","Dolores County",3,2,16,8,8
050,08,033,"Colorado","Dolores County",3,3,14,9,5
050,08,033,"Colorado","Dolores County",3,4,14,8,6
050,08,033,"Colorado","Dolores County",3,5,17,6,11
050,08,033,"Colorado","Dolores County",3,6,14,9,5
050,08,033,"Colorado","Dolores County",3,7,24,12,12
050,08,033,"Colorado","Dolores County",3,8,25,10,15
050,08,033,"Colorado","Dolores County",3,9,28,15,13
050,08,033,"Colorado","Dolores County",3,10,32,20,12
050,08,033,"Colorado","Dolores County",3,11,24,13,11
050,08,033,"Colorado","Dolores County",3,12,32,18,14
050,08,033,"Colorado","Dolores County",3,13,30,15,15
050,08,033,"Colorado","Dolores County",3,14,16,8,8
050,08,033,"Colorado","Dolores County",3,15,22,11,11
050,08,033,"Colorado","Dolores County",3,16,29,15,14
050,08,033,"Colorado","Dolores County",3,17,26,16,10
050,08,033,"Colorado","Dolores County",3,18,26,17,9
050,08,033,"Colorado","Dolores County",3,19,20,13,7
050,08,033,"Colorado","Dolores County",3,20,24,14,10
050,08,033,"Colorado","Dolores County",3,21,23,14,9
050,08,033,"Colorado","Dolores County",3,22,22,14,8
050,08,033,"Colorado","Dolores County",3,23,26,15,11
050,08,033,"Colorado","Dolores County",3,24,30,18,12
050,08,033,"Colorado","Dolores County",3,25,27,17,10
050,08,033,"Colorado","Dolores County",3,26,22,13,9
050,08,033,"Colorado","Dolores County",3,27,22,12,10
050,08,033,"Colorado","Dolores County",3,28,29,16,13
050,08,033,"Colorado","Dolores County",3,29,23,11,12
050,08,033,"Colorado","Dolores County",3,30,25,16,9
050,08,033,"Colorado","Dolores County",3,31,25,14,11
050,08,033,"Colorado","Dolores County",3,32,27,11,16
050,08,033,"Colorado","Dolores County",3,33,21,11,10
050,08,033,"Colorado","Dolores County",3,34,27,12,15
050,08,033,"Colorado","Dolores County",3,35,29,16,13
050,08,033,"Colorado","Dolores County",3,36,27,19,8
050,08,033,"Colorado","Dolores County",3,37,25,16,9
050,08,033,"Colorado","Dolores County",3,38,35,17,18
050,08,033,"Colorado","Dolores County",3,39,33,18,15
050,08,033,"Colorado","Dolores County",3,40,34,20,14
050,08,033,"Colorado","Dolores County",3,41,28,16,12
050,08,033,"Colorado","Dolores County",3,42,25,15,10
050,08,033,"Colorado","Dolores County",3,43,28,12,16
050,08,033,"Colorado","Dolores County",3,44,30,15,15
050,08,033,"Colorado","Dolores County",3,45,26,18,8
050,08,033,"Colorado","Dolores County",3,46,37,20,17
050,08,033,"Colorado","Dolores County",3,47,22,13,9
050,08,033,"Colorado","Dolores County",3,48,31,20,11
050,08,033,"Colorado","Dolores County",3,49,27,17,10
050,08,033,"Colorado","Dolores County",3,50,30,17,13
050,08,033,"Colorado","Dolores County",3,51,35,20,15
050,08,033,"Colorado","Dolores County",3,52,34,17,17
050,08,033,"Colorado","Dolores County",3,53,28,13,15
050,08,033,"Colorado","Dolores County",3,54,34,17,17
050,08,033,"Colorado","Dolores County",3,55,31,17,14
050,08,033,"Colorado","Dolores County",3,56,39,20,19
050,08,033,"Colorado","Dolores County",3,57,35,17,18
050,08,033,"Colorado","Dolores County",3,58,30,15,15
050,08,033,"Colorado","Dolores County",3,59,32,16,16
050,08,033,"Colorado","Dolores County",3,60,39,21,18
050,08,033,"Colorado","Dolores County",3,61,48,32,16
050,08,033,"Colorado","Dolores County",3,62,52,32,20
050,08,033,"Colorado","Dolores County",3,63,45,24,21
050,08,033,"Colorado","Dolores County",3,64,39,21,18
050,08,033,"Colorado","Dolores County",3,65,39,21,18
050,08,033,"Colorado","Dolores County",3,66,34,18,16
050,08,033,"Colorado","Dolores County",3,67,33,18,15
050,08,033,"Colorado","Dolores County",3,68,30,14,16
050,08,033,"Colorado","Dolores County",3,69,26,14,12
050,08,033,"Colorado","Dolores County",3,70,34,20,14
050,08,033,"Colorado","Dolores County",3,71,37,22,15
050,08,033,"Colorado","Dolores County",3,72,36,22,14
050,08,033,"Colorado","Dolores County",3,73,36,20,16
050,08,033,"Colorado","Dolores County",3,74,30,14,16
050,08,033,"Colorado","Dolores County",3,75,20,8,12
050,08,033,"Colorado","Dolores County",3,76,23,12,11
050,08,033,"Colorado","Dolores County",3,77,24,11,13
050,08,033,"Colorado","Dolores County",3,78,22,11,11
050,08,033,"Colorado","Dolores County",3,79,21,14,7
050,08,033,"Colorado","Dolores County",3,80,19,12,7
050,08,033,"Colorado","Dolores County",3,81,16,9,7
050,08,033,"Colorado","Dolores County",3,82,10,5,5
050,08,033,"Colorado","Dolores County",3,83,12,6,6
050,08,033,"Colorado","Dolores County",3,84,9,3,6
050,08,033,"Colorado","Dolores County",3,85,60,24,36
050,08,033,"Colorado","Dolores County",4,0,18,9,9
050,08,033,"Colorado","Dolores County",4,1,18,7,11
050,08,033,"Colorado","Dolores County",4,2,20,10,10
050,08,033,"Colorado","Dolores County",4,3,17,9,8
050,08,033,"Colorado","Dolores County",4,4,16,11,5
050,08,033,"Colorado","Dolores County",4,5,17,10,7
050,08,033,"Colorado","Dolores County",4,6,19,6,13
050,08,033,"Colorado","Dolores County",4,7,21,11,10
050,08,033,"Colorado","Dolores County",4,8,22,10,12
050,08,033,"Colorado","Dolores County",4,9,28,10,18
050,08,033,"Colorado","Dolores County",4,10,28,15,13
050,08,033,"Colorado","Dolores County",4,11,27,18,9
050,08,033,"Colorado","Dolores County",4,12,23,12,11
050,08,033,"Colorado","Dolores County",4,13,31,17,14
050,08,033,"Colorado","Dolores County",4,14,33,18,15
050,08,033,"Colorado","Dolores County",4,15,22,12,10
050,08,033,"Colorado","Dolores County",4,16,24,12,12
050,08,033,"Colorado","Dolores County",4,17,34,18,16
050,08,033,"Colorado","Dolores County",4,18,23,15,8
050,08,033,"Colorado","Dolores County",4,19,23,15,8
050,08,033,"Colorado","Dolores County",4,20,24,16,8
050,08,033,"Colorado","Dolores County",4,21,22,13,9
050,08,033,"Colorado","Dolores County",4,22,25,14,11
050,08,033,"Colorado","Dolores County",4,23,28,17,11
050,08,033,"Colorado","Dolores County",4,24,25,14,11
050,08,033,"Colorado","Dolores County",4,25,28,17,11
050,08,033,"Colorado","Dolores County",4,26,32,19,13
050,08,033,"Colorado","Dolores County",4,27,22,13,9
050,08,033,"Colorado","Dolores County",4,28,25,15,10
050,08,033,"Colorado","Dolores County",4,29,27,14,13
050,08,033,"Colorado","Dolores County",4,30,25,9,16
050,08,033,"Colorado","Dolores County",4,31,30,18,12
050,08,033,"Colorado","Dolores County",4,32,30,16,14
050,08,033,"Colorado","Dolores County",4,33,32,16,16
050,08,033,"Colorado","Dolores County",4,34,28,17,11
050,08,033,"Colorado","Dolores County",4,35,24,8,16
050,08,033,"Colorado","Dolores County",4,36,27,15,12
050,08,033,"Colorado","Dolores County",4,37,33,24,9
050,08,033,"Colorado","Dolores County",4,38,25,16,9
050,08,033,"Colorado","Dolores County",4,39,41,20,21
050,08,033,"Colorado","Dolores County",4,40,40,22,18
050,08,033,"Colorado","Dolores County",4,41,40,21,19
050,08,033,"Colorado","Dolores County",4,42,34,18,16
050,08,033,"Colorado","Dolores County",4,43,26,15,11
050,08,033,"Colorado","Dolores County",4,44,26,10,16
050,08,033,"Colorado","Dolores County",4,45,33,19,14
050,08,033,"Colorado","Dolores County",4,46,31,22,9
050,08,033,"Colorado","Dolores County",4,47,37,22,15
050,08,033,"Colorado","Dolores County",4,48,21,12,9
050,08,033,"Colorado","Dolores County",4,49,33,24,9
050,08,033,"Colorado","Dolores County",4,50,27,17,10
050,08,033,"Colorado","Dolores County",4,51,27,17,10
050,08,033,"Colorado","Dolores County",4,52,34,19,15
050,08,033,"Colorado","Dolores County",4,53,34,17,17
050,08,033,"Colorado","Dolores County",4,54,26,12,14
050,08,033,"Colorado","Dolores County",4,55,35,19,16
050,08,033,"Colorado","Dolores County",4,56,32,18,14
050,08,033,"Colorado","Dolores County",4,57,40,22,18
050,08,033,"Colorado","Dolores County",4,58,37,17,20
050,08,033,"Colorado","Dolores County",4,59,26,12,14
050,08,033,"Colorado","Dolores County",4,60,34,15,19
050,08,033,"Colorado","Dolores County",4,61,39,20,19
050,08,033,"Colorado","Dolores County",4,62,50,31,19
050,08,033,"Colorado","Dolores County",4,63,54,34,20
050,08,033,"Colorado","Dolores County",4,64,47,26,21
050,08,033,"Colorado","Dolores County",4,65,41,23,18
050,08,033,"Colorado","Dolores County",4,66,37,20,17
050,08,033,"Colorado","Dolores County",4,67,32,20,12
050,08,033,"Colorado","Dolores County",4,68,36,19,17
050,08,033,"Colorado","Dolores County",4,69,29,14,15
050,08,033,"Colorado","Dolores County",4,70,28,16,12
050,08,033,"Colorado","Dolores County",4,71,31,18,13
050,08,033,"Colorado","Dolores County",4,72,36,22,14
050,08,033,"Colorado","Dolores County",4,73,34,20,14
050,08,033,"Colorado","Dolores County",4,74,34,19,15
050,08,033,"Colorado","Dolores County",4,75,28,13,15
050,08,033,"Colorado","Dolores County",4,76,19,7,12
050,08,033,"Colorado","Dolores County",4,77,23,11,12
050,08,033,"Colorado","Dolores County",4,78,20,10,10
050,08,033,"Colorado","Dolores County",4,79,21,11,10
050,08,033,"Colorado","Dolores County",4,80,21,13,8
050,08,033,"Colorado","Dolores County",4,81,16,9,7
050,08,033,"Colorado","Dolores County",4,82,16,8,8
050,08,033,"Colorado","Dolores County",4,83,9,4,5
050,08,033,"Colorado","Dolores County",4,84,11,5,6
050,08,033,"Colorado","Dolores County",4,85,58,20,38
050,08,033,"Colorado","Dolores County",5,0,21,11,10
050,08,033,"Colorado","Dolores County",5,1,21,11,10
050,08,033,"Colorado","Dolores County",5,2,19,8,11
050,08,033,"Colorado","Dolores County",5,3,18,13,5
050,08,033,"Colorado","Dolores County",5,4,14,8,6
050,08,033,"Colorado","Dolores County",5,5,18,14,4
050,08,033,"Colorado","Dolores County",5,6,16,8,8
050,08,033,"Colorado","Dolores County",5,7,20,6,14
050,08,033,"Colorado","Dolores County",5,8,21,13,8
050,08,033,"Colorado","Dolores County",5,9,23,11,12
050,08,033,"Colorado","Dolores County",5,10,28,10,18
050,08,033,"Colorado","Dolores County",5,11,30,17,13
050,08,033,"Colorado","Dolores County",5,12,27,18,9
050,08,033,"Colorado","Dolores County",5,13,23,13,10
050,08,033,"Colorado","Dolores County",5,14,35,21,14
050,08,033,"Colorado","Dolores County",5,15,38,21,17
050,08,033,"Colorado","Dolores County",5,16,21,11,10
050,08,033,"Colorado","Dolores County",5,17,24,12,12
050,08,033,"Colorado","Dolores County",5,18,30,17,13
050,08,033,"Colorado","Dolores County",5,19,22,14,8
050,08,033,"Colorado","Dolores County",5,20,24,18,6
050,08,033,"Colorado","Dolores County",5,21,24,14,10
050,08,033,"Colorado","Dolores County",5,22,24,14,10
050,08,033,"Colorado","Dolores County",5,23,31,16,15
050,08,033,"Colorado","Dolores County",5,24,22,14,8
050,08,033,"Colorado","Dolores County",5,25,30,15,15
050,08,033,"Colorado","Dolores County",5,26,24,15,9
050,08,033,"Colorado","Dolores County",5,27,36,18,18
050,08,033,"Colorado","Dolores County",5,28,21,15,6
050,08,033,"Colorado","Dolores County",5,29,23,13,10
050,08,033,"Colorado","Dolores County",5,30,27,14,13
050,08,033,"Colorado","Dolores County",5,31,25,11,14
050,08,033,"Colorado","Dolores County",5,32,35,21,14
050,08,033,"Colorado","Dolores County",5,33,31,17,14
050,08,033,"Colorado","Dolores County",5,34,35,18,17
050,08,033,"Colorado","Dolores County",5,35,30,19,11
050,08,033,"Colorado","Dolores County",5,36,29,12,17
050,08,033,"Colorado","Dolores County",5,37,29,15,14
050,08,033,"Colorado","Dolores County",5,38,31,21,10
050,08,033,"Colorado","Dolores County",5,39,26,18,8
050,08,033,"Colorado","Dolores County",5,40,45,25,20
050,08,033,"Colorado","Dolores County",5,41,39,21,18
050,08,033,"Colorado","Dolores County",5,42,41,23,18
050,08,033,"Colorado","Dolores County",5,43,34,17,17
050,08,033,"Colorado","Dolores County",5,44,26,14,12
050,08,033,"Colorado","Dolores County",5,45,27,12,15
050,08,033,"Colorado","Dolores County",5,46,36,22,14
050,08,033,"Colorado","Dolores County",5,47,33,22,11
050,08,033,"Colorado","Dolores County",5,48,34,20,14
050,08,033,"Colorado","Dolores County",5,49,27,15,12
050,08,033,"Colorado","Dolores County",5,50,31,24,7
050,08,033,"Colorado","Dolores County",5,51,29,18,11
050,08,033,"Colorado","Dolores County",5,52,27,18,9
050,08,033,"Colorado","Dolores County",5,53,37,22,15
050,08,033,"Colorado","Dolores County",5,54,39,18,21
050,08,033,"Colorado","Dolores County",5,55,27,15,12
050,08,033,"Colorado","Dolores County",5,56,36,20,16
050,08,033,"Colorado","Dolores County",5,57,32,18,14
050,08,033,"Colorado","Dolores County",5,58,40,22,18
050,08,033,"Colorado","Dolores County",5,59,37,17,20
050,08,033,"Colorado","Dolores County",5,60,29,13,16
050,08,033,"Colorado","Dolores County",5,61,38,16,22
050,08,033,"Colorado","Dolores County",5,62,39,21,18
050,08,033,"Colorado","Dolores County",5,63,55,33,22
050,08,033,"Colorado","Dolores County",5,64,58,36,22
050,08,033,"Colorado","Dolores County",5,65,50,26,24
050,08,033,"Colorado","Dolores County",5,66,39,21,18
050,08,033,"Colorado","Dolores County",5,67,35,20,15
050,08,033,"Colorado","Dolores County",5,68,31,18,13
050,08,033,"Colorado","Dolores County",5,69,33,17,16
050,08,033,"Colorado","Dolores County",5,70,31,17,14
050,08,033,"Colorado","Dolores County",5,71,28,17,11
050,08,033,"Colorado","Dolores County",5,72,30,18,12
050,08,033,"Colorado","Dolores County",5,73,34,19,15
050,08,033,"Colorado","Dolores County",5,74,31,20,11
050,08,033,"Colorado","Dolores County",5,75,31,18,13
050,08,033,"Colorado","Dolores County",5,76,26,11,15
050,08,033,"Colorado","Dolores County",5,77,18,6,12
050,08,033,"Colorado","Dolores County",5,78,23,11,12
050,08,033,"Colorado","Dolores County",5,79,19,10,9
050,08,033,"Colorado","Dolores County",5,80,19,9,10
050,08,033,"Colorado","Dolores County",5,81,19,11,8
050,08,033,"Colorado","Dolores County",5,82,14,8,6
050,08,033,"Colorado","Dolores County",5,83,14,7,7
050,08,033,"Colorado","Dolores County",5,84,9,4,5
050,08,033,"Colorado","Dolores County",5,85,57,20,37
050,08,035,"Colorado","Douglas County",1,0,3457,1772,1685
050,08,035,"Colorado","Douglas County",1,1,3730,1919,1811
050,08,035,"Colorado","Douglas County",1,2,3958,2038,1920
050,08,035,"Colorado","Douglas County",1,3,4221,2180,2041
050,08,035,"Colorado","Douglas County",1,4,4415,2277,2138
050,08,035,"Colorado","Douglas County",1,5,4549,2342,2207
050,08,035,"Colorado","Douglas County",1,6,4633,2401,2232
050,08,035,"Colorado","Douglas County",1,7,4633,2372,2261
050,08,035,"Colorado","Douglas County",1,8,4715,2454,2261
050,08,035,"Colorado","Douglas County",1,9,4897,2555,2342
050,08,035,"Colorado","Douglas County",1,10,5246,2697,2549
050,08,035,"Colorado","Douglas County",1,11,5457,2812,2645
050,08,035,"Colorado","Douglas County",1,12,5630,2868,2762
050,08,035,"Colorado","Douglas County",1,13,5856,2989,2867
050,08,035,"Colorado","Douglas County",1,14,5885,2957,2928
050,08,035,"Colorado","Douglas County",1,15,5973,3054,2919
050,08,035,"Colorado","Douglas County",1,16,6100,3114,2986
050,08,035,"Colorado","Douglas County",1,17,5942,3059,2883
050,08,035,"Colorado","Douglas County",1,18,4951,2600,2351
050,08,035,"Colorado","Douglas County",1,19,3916,2073,1843
050,08,035,"Colorado","Douglas County",1,20,3839,1998,1841
050,08,035,"Colorado","Douglas County",1,21,3710,1851,1859
050,08,035,"Colorado","Douglas County",1,22,3706,1876,1830
050,08,035,"Colorado","Douglas County",1,23,3738,1917,1821
050,08,035,"Colorado","Douglas County",1,24,3760,1971,1789
050,08,035,"Colorado","Douglas County",1,25,3758,1943,1815
050,08,035,"Colorado","Douglas County",1,26,3766,1932,1834
050,08,035,"Colorado","Douglas County",1,27,3787,1973,1814
050,08,035,"Colorado","Douglas County",1,28,3889,1969,1920
050,08,035,"Colorado","Douglas County",1,29,3928,1996,1932
050,08,035,"Colorado","Douglas County",1,30,4009,2024,1985
050,08,035,"Colorado","Douglas County",1,31,4135,2084,2051
050,08,035,"Colorado","Douglas County",1,32,4268,2116,2152
050,08,035,"Colorado","Douglas County",1,33,4564,2319,2245
050,08,035,"Colorado","Douglas County",1,34,4764,2431,2333
050,08,035,"Colorado","Douglas County",1,35,5006,2505,2501
050,08,035,"Colorado","Douglas County",1,36,5092,2579,2513
050,08,035,"Colorado","Douglas County",1,37,5274,2675,2599
050,08,035,"Colorado","Douglas County",1,38,5386,2712,2674
050,08,035,"Colorado","Douglas County",1,39,5376,2738,2638
050,08,035,"Colorado","Douglas County",1,40,5392,2706,2686
050,08,035,"Colorado","Douglas County",1,41,5327,2653,2674
050,08,035,"Colorado","Douglas County",1,42,5429,2692,2737
050,08,035,"Colorado","Douglas County",1,43,5202,2646,2556
050,08,035,"Colorado","Douglas County",1,44,5173,2595,2578
050,08,035,"Colorado","Douglas County",1,45,5445,2740,2705
050,08,035,"Colorado","Douglas County",1,46,5399,2703,2696
050,08,035,"Colorado","Douglas County",1,47,5613,2860,2753
050,08,035,"Colorado","Douglas County",1,48,5983,3027,2956
050,08,035,"Colorado","Douglas County",1,49,6379,3249,3130
050,08,035,"Colorado","Douglas County",1,50,6087,3122,2965
050,08,035,"Colorado","Douglas County",1,51,5688,2872,2816
050,08,035,"Colorado","Douglas County",1,52,5281,2692,2589
050,08,035,"Colorado","Douglas County",1,53,5057,2543,2514
050,08,035,"Colorado","Douglas County",1,54,5034,2538,2496
050,08,035,"Colorado","Douglas County",1,55,5134,2566,2568
050,08,035,"Colorado","Douglas County",1,56,5083,2544,2539
050,08,035,"Colorado","Douglas County",1,57,5043,2497,2546
050,08,035,"Colorado","Douglas County",1,58,5049,2527,2522
050,08,035,"Colorado","Douglas County",1,59,4808,2397,2411
050,08,035,"Colorado","Douglas County",1,60,4550,2255,2295
050,08,035,"Colorado","Douglas County",1,61,4383,2227,2156
050,08,035,"Colorado","Douglas County",1,62,4216,2138,2078
050,08,035,"Colorado","Douglas County",1,63,3942,1922,2020
050,08,035,"Colorado","Douglas County",1,64,3746,1864,1882
050,08,035,"Colorado","Douglas County",1,65,3554,1714,1840
050,08,035,"Colorado","Douglas County",1,66,3347,1658,1689
050,08,035,"Colorado","Douglas County",1,67,3263,1568,1695
050,08,035,"Colorado","Douglas County",1,68,3154,1523,1631
050,08,035,"Colorado","Douglas County",1,69,2875,1369,1506
050,08,035,"Colorado","Douglas County",1,70,2771,1281,1490
050,08,035,"Colorado","Douglas County",1,71,2715,1263,1452
050,08,035,"Colorado","Douglas County",1,72,2785,1324,1461
050,08,035,"Colorado","Douglas County",1,73,2809,1363,1446
050,08,035,"Colorado","Douglas County",1,74,1883,878,1005
050,08,035,"Colorado","Douglas County",1,75,1792,850,942
050,08,035,"Colorado","Douglas County",1,76,1786,839,947
050,08,035,"Colorado","Douglas County",1,77,1716,829,887
050,08,035,"Colorado","Douglas County",1,78,1369,649,720
050,08,035,"Colorado","Douglas County",1,79,1175,542,633
050,08,035,"Colorado","Douglas County",1,80,1070,503,567
050,08,035,"Colorado","Douglas County",1,81,993,457,536
050,08,035,"Colorado","Douglas County",1,82,876,360,516
050,08,035,"Colorado","Douglas County",1,83,760,326,434
050,08,035,"Colorado","Douglas County",1,84,710,307,403
050,08,035,"Colorado","Douglas County",1,85,4233,1512,2721
050,08,035,"Colorado","Douglas County",2,0,3573,1824,1749
050,08,035,"Colorado","Douglas County",2,1,3724,1910,1814
050,08,035,"Colorado","Douglas County",2,2,3953,2033,1920
050,08,035,"Colorado","Douglas County",2,3,4190,2160,2030
050,08,035,"Colorado","Douglas County",2,4,4414,2276,2138
050,08,035,"Colorado","Douglas County",2,5,4554,2350,2204
050,08,035,"Colorado","Douglas County",2,6,4653,2406,2247
050,08,035,"Colorado","Douglas County",2,7,4651,2392,2259
050,08,035,"Colorado","Douglas County",2,8,4702,2440,2262
050,08,035,"Colorado","Douglas County",2,9,4873,2545,2328
050,08,035,"Colorado","Douglas County",2,10,5200,2681,2519
050,08,035,"Colorado","Douglas County",2,11,5411,2784,2627
050,08,035,"Colorado","Douglas County",2,12,5644,2882,2762
050,08,035,"Colorado","Douglas County",2,13,5819,2966,2853
050,08,035,"Colorado","Douglas County",2,14,5897,2979,2918
050,08,035,"Colorado","Douglas County",2,15,5966,3040,2926
050,08,035,"Colorado","Douglas County",2,16,6083,3112,2971
050,08,035,"Colorado","Douglas County",2,17,5990,3077,2913
050,08,035,"Colorado","Douglas County",2,18,4941,2602,2339
050,08,035,"Colorado","Douglas County",2,19,3955,2086,1869
050,08,035,"Colorado","Douglas County",2,20,3960,2062,1898
050,08,035,"Colorado","Douglas County",2,21,3775,1906,1869
050,08,035,"Colorado","Douglas County",2,22,3749,1897,1852
050,08,035,"Colorado","Douglas County",2,23,3793,1949,1844
050,08,035,"Colorado","Douglas County",2,24,3783,1979,1804
050,08,035,"Colorado","Douglas County",2,25,3808,1980,1828
050,08,035,"Colorado","Douglas County",2,26,3843,1984,1859
050,08,035,"Colorado","Douglas County",2,27,3833,1982,1851
050,08,035,"Colorado","Douglas County",2,28,3939,2015,1924
050,08,035,"Colorado","Douglas County",2,29,3998,2028,1970
050,08,035,"Colorado","Douglas County",2,30,4107,2080,2027
050,08,035,"Colorado","Douglas County",2,31,4183,2111,2072
050,08,035,"Colorado","Douglas County",2,32,4311,2149,2162
050,08,035,"Colorado","Douglas County",2,33,4552,2300,2252
050,08,035,"Colorado","Douglas County",2,34,4792,2439,2353
050,08,035,"Colorado","Douglas County",2,35,5052,2537,2515
050,08,035,"Colorado","Douglas County",2,36,5105,2576,2529
050,08,035,"Colorado","Douglas County",2,37,5322,2702,2620
050,08,035,"Colorado","Douglas County",2,38,5431,2741,2690
050,08,035,"Colorado","Douglas County",2,39,5397,2745,2652
050,08,035,"Colorado","Douglas County",2,40,5448,2744,2704
050,08,035,"Colorado","Douglas County",2,41,5377,2685,2692
050,08,035,"Colorado","Douglas County",2,42,5418,2693,2725
050,08,035,"Colorado","Douglas County",2,43,5323,2696,2627
050,08,035,"Colorado","Douglas County",2,44,5153,2591,2562
050,08,035,"Colorado","Douglas County",2,45,5417,2721,2696
050,08,035,"Colorado","Douglas County",2,46,5420,2723,2697
050,08,035,"Colorado","Douglas County",2,47,5575,2823,2752
050,08,035,"Colorado","Douglas County",2,48,5909,2991,2918
050,08,035,"Colorado","Douglas County",2,49,6320,3216,3104
050,08,035,"Colorado","Douglas County",2,50,6173,3160,3013
050,08,035,"Colorado","Douglas County",2,51,5766,2932,2834
050,08,035,"Colorado","Douglas County",2,52,5364,2726,2638
050,08,035,"Colorado","Douglas County",2,53,5113,2581,2532
050,08,035,"Colorado","Douglas County",2,54,5021,2537,2484
050,08,035,"Colorado","Douglas County",2,55,5110,2558,2552
050,08,035,"Colorado","Douglas County",2,56,5103,2555,2548
050,08,035,"Colorado","Douglas County",2,57,5060,2514,2546
050,08,035,"Colorado","Douglas County",2,58,5046,2517,2529
050,08,035,"Colorado","Douglas County",2,59,4894,2441,2453
050,08,035,"Colorado","Douglas County",2,60,4600,2284,2316
050,08,035,"Colorado","Douglas County",2,61,4402,2218,2184
050,08,035,"Colorado","Douglas County",2,62,4256,2154,2102
050,08,035,"Colorado","Douglas County",2,63,4051,1995,2056
050,08,035,"Colorado","Douglas County",2,64,3780,1863,1917
050,08,035,"Colorado","Douglas County",2,65,3597,1746,1851
050,08,035,"Colorado","Douglas County",2,66,3396,1666,1730
050,08,035,"Colorado","Douglas County",2,67,3280,1584,1696
050,08,035,"Colorado","Douglas County",2,68,3160,1520,1640
050,08,035,"Colorado","Douglas County",2,69,2960,1414,1546
050,08,035,"Colorado","Douglas County",2,70,2782,1289,1493
050,08,035,"Colorado","Douglas County",2,71,2724,1263,1461
050,08,035,"Colorado","Douglas County",2,72,2725,1290,1435
050,08,035,"Colorado","Douglas County",2,73,2930,1415,1515
050,08,035,"Colorado","Douglas County",2,74,1990,933,1057
050,08,035,"Colorado","Douglas County",2,75,1821,861,960
050,08,035,"Colorado","Douglas County",2,76,1780,830,950
050,08,035,"Colorado","Douglas County",2,77,1763,853,910
050,08,035,"Colorado","Douglas County",2,78,1416,669,747
050,08,035,"Colorado","Douglas County",2,79,1212,559,653
050,08,035,"Colorado","Douglas County",2,80,1093,513,580
050,08,035,"Colorado","Douglas County",2,81,1000,461,539
050,08,035,"Colorado","Douglas County",2,82,904,376,528
050,08,035,"Colorado","Douglas County",2,83,771,326,445
050,08,035,"Colorado","Douglas County",2,84,715,309,406
050,08,035,"Colorado","Douglas County",2,85,4279,1526,2753
050,08,035,"Colorado","Douglas County",3,0,3523,1803,1720
050,08,035,"Colorado","Douglas County",3,1,3857,2026,1831
050,08,035,"Colorado","Douglas County",3,2,3952,2041,1911
050,08,035,"Colorado","Douglas County",3,3,4127,2109,2018
050,08,035,"Colorado","Douglas County",3,4,4315,2195,2120
050,08,035,"Colorado","Douglas County",3,5,4547,2325,2222
050,08,035,"Colorado","Douglas County",3,6,4690,2408,2282
050,08,035,"Colorado","Douglas County",3,7,4703,2459,2244
050,08,035,"Colorado","Douglas County",3,8,4770,2492,2278
050,08,035,"Colorado","Douglas County",3,9,4804,2524,2280
050,08,035,"Colorado","Douglas County",3,10,4998,2609,2389
050,08,035,"Colorado","Douglas County",3,11,5254,2691,2563
050,08,035,"Colorado","Douglas County",3,12,5469,2819,2650
050,08,035,"Colorado","Douglas County",3,13,5715,2909,2806
050,08,035,"Colorado","Douglas County",3,14,5933,3035,2898
050,08,035,"Colorado","Douglas County",3,15,5913,3018,2895
050,08,035,"Colorado","Douglas County",3,16,5996,3054,2942
050,08,035,"Colorado","Douglas County",3,17,6094,3103,2991
050,08,035,"Colorado","Douglas County",3,18,5087,2691,2396
050,08,035,"Colorado","Douglas County",3,19,3954,2099,1855
050,08,035,"Colorado","Douglas County",3,20,4146,2168,1978
050,08,035,"Colorado","Douglas County",3,21,4098,2144,1954
050,08,035,"Colorado","Douglas County",3,22,4001,1983,2018
050,08,035,"Colorado","Douglas County",3,23,4025,2074,1951
050,08,035,"Colorado","Douglas County",3,24,3982,1995,1987
050,08,035,"Colorado","Douglas County",3,25,3934,2025,1909
050,08,035,"Colorado","Douglas County",3,26,4083,2129,1954
050,08,035,"Colorado","Douglas County",3,27,4111,2147,1964
050,08,035,"Colorado","Douglas County",3,28,4216,2184,2032
050,08,035,"Colorado","Douglas County",3,29,4274,2184,2090
050,08,035,"Colorado","Douglas County",3,30,4347,2164,2183
050,08,035,"Colorado","Douglas County",3,31,4597,2323,2274
050,08,035,"Colorado","Douglas County",3,32,4575,2307,2268
050,08,035,"Colorado","Douglas County",3,33,4734,2360,2374
050,08,035,"Colorado","Douglas County",3,34,4849,2461,2388
050,08,035,"Colorado","Douglas County",3,35,5152,2686,2466
050,08,035,"Colorado","Douglas County",3,36,5325,2692,2633
050,08,035,"Colorado","Douglas County",3,37,5417,2770,2647
050,08,035,"Colorado","Douglas County",3,38,5607,2806,2801
050,08,035,"Colorado","Douglas County",3,39,5632,2898,2734
050,08,035,"Colorado","Douglas County",3,40,5590,2835,2755
050,08,035,"Colorado","Douglas County",3,41,5684,2910,2774
050,08,035,"Colorado","Douglas County",3,42,5545,2768,2777
050,08,035,"Colorado","Douglas County",3,43,5509,2767,2742
050,08,035,"Colorado","Douglas County",3,44,5418,2757,2661
050,08,035,"Colorado","Douglas County",3,45,5154,2592,2562
050,08,035,"Colorado","Douglas County",3,46,5451,2751,2700
050,08,035,"Colorado","Douglas County",3,47,5495,2768,2727
050,08,035,"Colorado","Douglas County",3,48,5609,2841,2768
050,08,035,"Colorado","Douglas County",3,49,5989,3025,2964
050,08,035,"Colorado","Douglas County",3,50,6324,3227,3097
050,08,035,"Colorado","Douglas County",3,51,6194,3181,3013
050,08,035,"Colorado","Douglas County",3,52,5745,2907,2838
050,08,035,"Colorado","Douglas County",3,53,5410,2745,2665
050,08,035,"Colorado","Douglas County",3,54,5127,2585,2542
050,08,035,"Colorado","Douglas County",3,55,5024,2531,2493
050,08,035,"Colorado","Douglas County",3,56,5068,2545,2523
050,08,035,"Colorado","Douglas County",3,57,5152,2581,2571
050,08,035,"Colorado","Douglas County",3,58,5042,2515,2527
050,08,035,"Colorado","Douglas County",3,59,5044,2517,2527
050,08,035,"Colorado","Douglas County",3,60,4953,2481,2472
050,08,035,"Colorado","Douglas County",3,61,4553,2252,2301
050,08,035,"Colorado","Douglas County",3,62,4350,2185,2165
050,08,035,"Colorado","Douglas County",3,63,4211,2089,2122
050,08,035,"Colorado","Douglas County",3,64,4050,1987,2063
050,08,035,"Colorado","Douglas County",3,65,3851,1890,1961
050,08,035,"Colorado","Douglas County",3,66,3588,1726,1862
050,08,035,"Colorado","Douglas County",3,67,3410,1663,1747
050,08,035,"Colorado","Douglas County",3,68,3285,1589,1696
050,08,035,"Colorado","Douglas County",3,69,3148,1513,1635
050,08,035,"Colorado","Douglas County",3,70,2956,1382,1574
050,08,035,"Colorado","Douglas County",3,71,2781,1297,1484
050,08,035,"Colorado","Douglas County",3,72,2697,1234,1463
050,08,035,"Colorado","Douglas County",3,73,2690,1279,1411
050,08,035,"Colorado","Douglas County",3,74,2925,1403,1522
050,08,035,"Colorado","Douglas County",3,75,1956,913,1043
050,08,035,"Colorado","Douglas County",3,76,1843,847,996
050,08,035,"Colorado","Douglas County",3,77,1730,823,907
050,08,035,"Colorado","Douglas County",3,78,1750,849,901
050,08,035,"Colorado","Douglas County",3,79,1417,666,751
050,08,035,"Colorado","Douglas County",3,80,1171,545,626
050,08,035,"Colorado","Douglas County",3,81,1068,504,564
050,08,035,"Colorado","Douglas County",3,82,965,423,542
050,08,035,"Colorado","Douglas County",3,83,855,354,501
050,08,035,"Colorado","Douglas County",3,84,733,319,414
050,08,035,"Colorado","Douglas County",3,85,4467,1608,2859
050,08,035,"Colorado","Douglas County",4,0,3836,2006,1830
050,08,035,"Colorado","Douglas County",4,1,3771,1927,1844
050,08,035,"Colorado","Douglas County",4,2,4101,2154,1947
050,08,035,"Colorado","Douglas County",4,3,4131,2097,2034
050,08,035,"Colorado","Douglas County",4,4,4305,2227,2078
050,08,035,"Colorado","Douglas County",4,5,4428,2265,2163
050,08,035,"Colorado","Douglas County",4,6,4652,2376,2276
050,08,035,"Colorado","Douglas County",4,7,4801,2483,2318
050,08,035,"Colorado","Douglas County",4,8,4743,2470,2273
050,08,035,"Colorado","Douglas County",4,9,4854,2545,2309
050,08,035,"Colorado","Douglas County",4,10,4866,2515,2351
050,08,035,"Colorado","Douglas County",4,11,5058,2629,2429
050,08,035,"Colorado","Douglas County",4,12,5316,2748,2568
050,08,035,"Colorado","Douglas County",4,13,5507,2840,2667
050,08,035,"Colorado","Douglas County",4,14,5721,2920,2801
050,08,035,"Colorado","Douglas County",4,15,5972,3069,2903
050,08,035,"Colorado","Douglas County",4,16,5904,3007,2897
050,08,035,"Colorado","Douglas County",4,17,5931,3020,2911
050,08,035,"Colorado","Douglas County",4,18,5106,2698,2408
050,08,035,"Colorado","Douglas County",4,19,3902,2089,1813
050,08,035,"Colorado","Douglas County",4,20,3994,2105,1889
050,08,035,"Colorado","Douglas County",4,21,4165,2167,1998
050,08,035,"Colorado","Douglas County",4,22,4090,2140,1950
050,08,035,"Colorado","Douglas County",4,23,4035,2014,2021
050,08,035,"Colorado","Douglas County",4,24,3986,2074,1912
050,08,035,"Colorado","Douglas County",4,25,3959,1994,1965
050,08,035,"Colorado","Douglas County",4,26,4132,2165,1967
050,08,035,"Colorado","Douglas County",4,27,4182,2143,2039
050,08,035,"Colorado","Douglas County",4,28,4368,2268,2100
050,08,035,"Colorado","Douglas County",4,29,4483,2266,2217
050,08,035,"Colorado","Douglas County",4,30,4575,2344,2231
050,08,035,"Colorado","Douglas County",4,31,4720,2359,2361
050,08,035,"Colorado","Douglas County",4,32,4952,2532,2420
050,08,035,"Colorado","Douglas County",4,33,4901,2463,2438
050,08,035,"Colorado","Douglas County",4,34,5055,2553,2502
050,08,035,"Colorado","Douglas County",4,35,5222,2664,2558
050,08,035,"Colorado","Douglas County",4,36,5396,2780,2616
050,08,035,"Colorado","Douglas County",4,37,5644,2859,2785
050,08,035,"Colorado","Douglas County",4,38,5695,2932,2763
050,08,035,"Colorado","Douglas County",4,39,5859,2953,2906
050,08,035,"Colorado","Douglas County",4,40,5852,3030,2822
050,08,035,"Colorado","Douglas County",4,41,5762,2922,2840
050,08,035,"Colorado","Douglas County",4,42,5774,2959,2815
050,08,035,"Colorado","Douglas County",4,43,5689,2850,2839
050,08,035,"Colorado","Douglas County",4,44,5591,2791,2800
050,08,035,"Colorado","Douglas County",4,45,5425,2743,2682
050,08,035,"Colorado","Douglas County",4,46,5188,2651,2537
050,08,035,"Colorado","Douglas County",4,47,5468,2753,2715
050,08,035,"Colorado","Douglas County",4,48,5495,2768,2727
050,08,035,"Colorado","Douglas County",4,49,5581,2840,2741
050,08,035,"Colorado","Douglas County",4,50,5964,3003,2961
050,08,035,"Colorado","Douglas County",4,51,6258,3210,3048
050,08,035,"Colorado","Douglas County",4,52,6061,3104,2957
050,08,035,"Colorado","Douglas County",4,53,5734,2902,2832
050,08,035,"Colorado","Douglas County",4,54,5317,2687,2630
050,08,035,"Colorado","Douglas County",4,55,5057,2563,2494
050,08,035,"Colorado","Douglas County",4,56,4973,2485,2488
050,08,035,"Colorado","Douglas County",4,57,5056,2543,2513
050,08,035,"Colorado","Douglas County",4,58,5133,2577,2556
050,08,035,"Colorado","Douglas County",4,59,4993,2506,2487
050,08,035,"Colorado","Douglas County",4,60,4988,2481,2507
050,08,035,"Colorado","Douglas County",4,61,4871,2416,2455
050,08,035,"Colorado","Douglas County",4,62,4506,2236,2270
050,08,035,"Colorado","Douglas County",4,63,4278,2161,2117
050,08,035,"Colorado","Douglas County",4,64,4222,2092,2130
050,08,035,"Colorado","Douglas County",4,65,4032,1970,2062
050,08,035,"Colorado","Douglas County",4,66,3806,1842,1964
050,08,035,"Colorado","Douglas County",4,67,3572,1702,1870
050,08,035,"Colorado","Douglas County",4,68,3430,1675,1755
050,08,035,"Colorado","Douglas County",4,69,3245,1562,1683
050,08,035,"Colorado","Douglas County",4,70,3144,1489,1655
050,08,035,"Colorado","Douglas County",4,71,2945,1398,1547
050,08,035,"Colorado","Douglas County",4,72,2810,1295,1515
050,08,035,"Colorado","Douglas County",4,73,2628,1200,1428
050,08,035,"Colorado","Douglas County",4,74,2680,1272,1408
050,08,035,"Colorado","Douglas County",4,75,2865,1386,1479
050,08,035,"Colorado","Douglas County",4,76,1965,886,1079
050,08,035,"Colorado","Douglas County",4,77,1753,820,933
050,08,035,"Colorado","Douglas County",4,78,1716,819,897
050,08,035,"Colorado","Douglas County",4,79,1738,840,898
050,08,035,"Colorado","Douglas County",4,80,1386,646,740
050,08,035,"Colorado","Douglas County",4,81,1178,545,633
050,08,035,"Colorado","Douglas County",4,82,1051,458,593
050,08,035,"Colorado","Douglas County",4,83,927,410,517
050,08,035,"Colorado","Douglas County",4,84,825,342,483
050,08,035,"Colorado","Douglas County",4,85,4687,1688,2999
050,08,035,"Colorado","Douglas County",5,0,3811,2005,1806
050,08,035,"Colorado","Douglas County",5,1,4058,2103,1955
050,08,035,"Colorado","Douglas County",5,2,4016,2056,1960
050,08,035,"Colorado","Douglas County",5,3,4339,2264,2075
050,08,035,"Colorado","Douglas County",5,4,4315,2203,2112
050,08,035,"Colorado","Douglas County",5,5,4505,2278,2227
050,08,035,"Colorado","Douglas County",5,6,4548,2306,2242
050,08,035,"Colorado","Douglas County",5,7,4782,2422,2360
050,08,035,"Colorado","Douglas County",5,8,4873,2519,2354
050,08,035,"Colorado","Douglas County",5,9,4869,2529,2340
050,08,035,"Colorado","Douglas County",5,10,4981,2605,2376
050,08,035,"Colorado","Douglas County",5,11,4975,2552,2423
050,08,035,"Colorado","Douglas County",5,12,5116,2663,2453
050,08,035,"Colorado","Douglas County",5,13,5380,2782,2598
050,08,035,"Colorado","Douglas County",5,14,5522,2860,2662
050,08,035,"Colorado","Douglas County",5,15,5780,2967,2813
050,08,035,"Colorado","Douglas County",5,16,5978,3062,2916
050,08,035,"Colorado","Douglas County",5,17,5892,2999,2893
050,08,035,"Colorado","Douglas County",5,18,4937,2585,2352
050,08,035,"Colorado","Douglas County",5,19,3960,2094,1866
050,08,035,"Colorado","Douglas County",5,20,4178,2202,1976
050,08,035,"Colorado","Douglas County",5,21,4114,2157,1957
050,08,035,"Colorado","Douglas County",5,22,4255,2171,2084
050,08,035,"Colorado","Douglas County",5,23,4252,2211,2041
050,08,035,"Colorado","Douglas County",5,24,4048,2047,2001
050,08,035,"Colorado","Douglas County",5,25,4138,2147,1991
050,08,035,"Colorado","Douglas County",5,26,4187,2125,2062
050,08,035,"Colorado","Douglas County",5,27,4342,2270,2072
050,08,035,"Colorado","Douglas County",5,28,4454,2287,2167
050,08,035,"Colorado","Douglas County",5,29,4548,2363,2185
050,08,035,"Colorado","Douglas County",5,30,4792,2448,2344
050,08,035,"Colorado","Douglas County",5,31,4925,2518,2407
050,08,035,"Colorado","Douglas County",5,32,5172,2614,2558
050,08,035,"Colorado","Douglas County",5,33,5288,2722,2566
050,08,035,"Colorado","Douglas County",5,34,5256,2608,2648
050,08,035,"Colorado","Douglas County",5,35,5369,2700,2669
050,08,035,"Colorado","Douglas County",5,36,5564,2828,2736
050,08,035,"Colorado","Douglas County",5,37,5741,3007,2734
050,08,035,"Colorado","Douglas County",5,38,5906,3000,2906
050,08,035,"Colorado","Douglas County",5,39,5935,3027,2908
050,08,035,"Colorado","Douglas County",5,40,6084,3061,3023
050,08,035,"Colorado","Douglas County",5,41,5977,3101,2876
050,08,035,"Colorado","Douglas County",5,42,5881,2984,2897
050,08,035,"Colorado","Douglas County",5,43,5869,3002,2867
050,08,035,"Colorado","Douglas County",5,44,5818,2947,2871
050,08,035,"Colorado","Douglas County",5,45,5648,2815,2833
050,08,035,"Colorado","Douglas County",5,46,5485,2786,2699
050,08,035,"Colorado","Douglas County",5,47,5218,2676,2542
050,08,035,"Colorado","Douglas County",5,48,5456,2756,2700
050,08,035,"Colorado","Douglas County",5,49,5509,2790,2719
050,08,035,"Colorado","Douglas County",5,50,5551,2809,2742
050,08,035,"Colorado","Douglas County",5,51,5881,2978,2903
050,08,035,"Colorado","Douglas County",5,52,6263,3210,3053
050,08,035,"Colorado","Douglas County",5,53,6038,3083,2955
050,08,035,"Colorado","Douglas County",5,54,5695,2889,2806
050,08,035,"Colorado","Douglas County",5,55,5291,2687,2604
050,08,035,"Colorado","Douglas County",5,56,5004,2533,2471
050,08,035,"Colorado","Douglas County",5,57,4953,2476,2477
050,08,035,"Colorado","Douglas County",5,58,5027,2523,2504
050,08,035,"Colorado","Douglas County",5,59,5074,2531,2543
050,08,035,"Colorado","Douglas County",5,60,4976,2472,2504
050,08,035,"Colorado","Douglas County",5,61,4963,2479,2484
050,08,035,"Colorado","Douglas County",5,62,4851,2385,2466
050,08,035,"Colorado","Douglas County",5,63,4466,2209,2257
050,08,035,"Colorado","Douglas County",5,64,4183,2120,2063
050,08,035,"Colorado","Douglas County",5,65,4159,2063,2096
050,08,035,"Colorado","Douglas County",5,66,3990,1944,2046
050,08,035,"Colorado","Douglas County",5,67,3775,1808,1967
050,08,035,"Colorado","Douglas County",5,68,3531,1682,1849
050,08,035,"Colorado","Douglas County",5,69,3426,1668,1758
050,08,035,"Colorado","Douglas County",5,70,3241,1539,1702
050,08,035,"Colorado","Douglas County",5,71,3095,1473,1622
050,08,035,"Colorado","Douglas County",5,72,2947,1409,1538
050,08,035,"Colorado","Douglas County",5,73,2804,1289,1515
050,08,035,"Colorado","Douglas County",5,74,2643,1192,1451
050,08,035,"Colorado","Douglas County",5,75,2629,1262,1367
050,08,035,"Colorado","Douglas County",5,76,2859,1367,1492
050,08,035,"Colorado","Douglas County",5,77,1894,858,1036
050,08,035,"Colorado","Douglas County",5,78,1742,806,936
050,08,035,"Colorado","Douglas County",5,79,1726,816,910
050,08,035,"Colorado","Douglas County",5,80,1714,834,880
050,08,035,"Colorado","Douglas County",5,81,1398,651,747
050,08,035,"Colorado","Douglas County",5,82,1149,506,643
050,08,035,"Colorado","Douglas County",5,83,1002,440,562
050,08,035,"Colorado","Douglas County",5,84,893,399,494
050,08,035,"Colorado","Douglas County",5,85,5027,1839,3188
050,08,037,"Colorado","Eagle County",1,0,562,287,275
050,08,037,"Colorado","Eagle County",1,1,540,284,256
050,08,037,"Colorado","Eagle County",1,2,571,281,290
050,08,037,"Colorado","Eagle County",1,3,615,322,293
050,08,037,"Colorado","Eagle County",1,4,644,336,308
050,08,037,"Colorado","Eagle County",1,5,609,316,293
050,08,037,"Colorado","Eagle County",1,6,586,308,278
050,08,037,"Colorado","Eagle County",1,7,565,294,271
050,08,037,"Colorado","Eagle County",1,8,631,348,283
050,08,037,"Colorado","Eagle County",1,9,634,349,285
050,08,037,"Colorado","Eagle County",1,10,716,348,368
050,08,037,"Colorado","Eagle County",1,11,779,399,380
050,08,037,"Colorado","Eagle County",1,12,780,394,386
050,08,037,"Colorado","Eagle County",1,13,817,418,399
050,08,037,"Colorado","Eagle County",1,14,782,410,372
050,08,037,"Colorado","Eagle County",1,15,739,369,370
050,08,037,"Colorado","Eagle County",1,16,758,393,365
050,08,037,"Colorado","Eagle County",1,17,753,409,344
050,08,037,"Colorado","Eagle County",1,18,618,334,284
050,08,037,"Colorado","Eagle County",1,19,519,280,239
050,08,037,"Colorado","Eagle County",1,20,525,261,264
050,08,037,"Colorado","Eagle County",1,21,539,276,263
050,08,037,"Colorado","Eagle County",1,22,518,244,274
050,08,037,"Colorado","Eagle County",1,23,599,333,266
050,08,037,"Colorado","Eagle County",1,24,623,345,278
050,08,037,"Colorado","Eagle County",1,25,710,400,310
050,08,037,"Colorado","Eagle County",1,26,798,439,359
050,08,037,"Colorado","Eagle County",1,27,822,439,383
050,08,037,"Colorado","Eagle County",1,28,840,433,407
050,08,037,"Colorado","Eagle County",1,29,880,482,398
050,08,037,"Colorado","Eagle County",1,30,860,488,372
050,08,037,"Colorado","Eagle County",1,31,839,483,356
050,08,037,"Colorado","Eagle County",1,32,860,484,376
050,08,037,"Colorado","Eagle County",1,33,914,496,418
050,08,037,"Colorado","Eagle County",1,34,894,487,407
050,08,037,"Colorado","Eagle County",1,35,884,498,386
050,08,037,"Colorado","Eagle County",1,36,843,469,374
050,08,037,"Colorado","Eagle County",1,37,892,467,425
050,08,037,"Colorado","Eagle County",1,38,889,457,432
050,08,037,"Colorado","Eagle County",1,39,912,470,442
050,08,037,"Colorado","Eagle County",1,40,881,448,433
050,08,037,"Colorado","Eagle County",1,41,867,455,412
050,08,037,"Colorado","Eagle County",1,42,874,470,404
050,08,037,"Colorado","Eagle County",1,43,863,483,380
050,08,037,"Colorado","Eagle County",1,44,847,462,385
050,08,037,"Colorado","Eagle County",1,45,832,430,402
050,08,037,"Colorado","Eagle County",1,46,834,441,393
050,08,037,"Colorado","Eagle County",1,47,796,444,352
050,08,037,"Colorado","Eagle County",1,48,890,482,408
050,08,037,"Colorado","Eagle County",1,49,948,498,450
050,08,037,"Colorado","Eagle County",1,50,880,458,422
050,08,037,"Colorado","Eagle County",1,51,845,490,355
050,08,037,"Colorado","Eagle County",1,52,756,399,357
050,08,037,"Colorado","Eagle County",1,53,790,401,389
050,08,037,"Colorado","Eagle County",1,54,748,380,368
050,08,037,"Colorado","Eagle County",1,55,781,414,367
050,08,037,"Colorado","Eagle County",1,56,714,379,335
050,08,037,"Colorado","Eagle County",1,57,726,379,347
050,08,037,"Colorado","Eagle County",1,58,721,371,350
050,08,037,"Colorado","Eagle County",1,59,720,394,326
050,08,037,"Colorado","Eagle County",1,60,710,381,329
050,08,037,"Colorado","Eagle County",1,61,708,364,344
050,08,037,"Colorado","Eagle County",1,62,707,371,336
050,08,037,"Colorado","Eagle County",1,63,676,373,303
050,08,037,"Colorado","Eagle County",1,64,676,372,304
050,08,037,"Colorado","Eagle County",1,65,622,327,295
050,08,037,"Colorado","Eagle County",1,66,601,322,279
050,08,037,"Colorado","Eagle County",1,67,559,305,254
050,08,037,"Colorado","Eagle County",1,68,566,301,265
050,08,037,"Colorado","Eagle County",1,69,500,272,228
050,08,037,"Colorado","Eagle County",1,70,483,244,239
050,08,037,"Colorado","Eagle County",1,71,465,231,234
050,08,037,"Colorado","Eagle County",1,72,429,222,207
050,08,037,"Colorado","Eagle County",1,73,446,232,214
050,08,037,"Colorado","Eagle County",1,74,310,162,148
050,08,037,"Colorado","Eagle County",1,75,277,153,124
050,08,037,"Colorado","Eagle County",1,76,274,145,129
050,08,037,"Colorado","Eagle County",1,77,257,131,126
050,08,037,"Colorado","Eagle County",1,78,208,109,99
050,08,037,"Colorado","Eagle County",1,79,165,81,84
050,08,037,"Colorado","Eagle County",1,80,138,77,61
050,08,037,"Colorado","Eagle County",1,81,120,67,53
050,08,037,"Colorado","Eagle County",1,82,96,53,43
050,08,037,"Colorado","Eagle County",1,83,85,50,35
050,08,037,"Colorado","Eagle County",1,84,75,37,38
050,08,037,"Colorado","Eagle County",1,85,393,178,215
050,08,037,"Colorado","Eagle County",2,0,545,271,274
050,08,037,"Colorado","Eagle County",2,1,545,285,260
050,08,037,"Colorado","Eagle County",2,2,563,283,280
050,08,037,"Colorado","Eagle County",2,3,600,309,291
050,08,037,"Colorado","Eagle County",2,4,636,331,305
050,08,037,"Colorado","Eagle County",2,5,617,321,296
050,08,037,"Colorado","Eagle County",2,6,593,310,283
050,08,037,"Colorado","Eagle County",2,7,568,295,273
050,08,037,"Colorado","Eagle County",2,8,613,334,279
050,08,037,"Colorado","Eagle County",2,9,629,347,282
050,08,037,"Colorado","Eagle County",2,10,696,346,350
050,08,037,"Colorado","Eagle County",2,11,755,381,374
050,08,037,"Colorado","Eagle County",2,12,782,395,387
050,08,037,"Colorado","Eagle County",2,13,806,411,395
050,08,037,"Colorado","Eagle County",2,14,789,412,377
050,08,037,"Colorado","Eagle County",2,15,747,379,368
050,08,037,"Colorado","Eagle County",2,16,752,387,365
050,08,037,"Colorado","Eagle County",2,17,751,405,346
050,08,037,"Colorado","Eagle County",2,18,626,342,284
050,08,037,"Colorado","Eagle County",2,19,518,280,238
050,08,037,"Colorado","Eagle County",2,20,529,270,259
050,08,037,"Colorado","Eagle County",2,21,529,267,262
050,08,037,"Colorado","Eagle County",2,22,529,259,270
050,08,037,"Colorado","Eagle County",2,23,584,314,270
050,08,037,"Colorado","Eagle County",2,24,622,341,281
050,08,037,"Colorado","Eagle County",2,25,697,390,307
050,08,037,"Colorado","Eagle County",2,26,781,432,349
050,08,037,"Colorado","Eagle County",2,27,813,438,375
050,08,037,"Colorado","Eagle County",2,28,839,436,403
050,08,037,"Colorado","Eagle County",2,29,867,464,403
050,08,037,"Colorado","Eagle County",2,30,865,485,380
050,08,037,"Colorado","Eagle County",2,31,839,480,359
050,08,037,"Colorado","Eagle County",2,32,856,483,373
050,08,037,"Colorado","Eagle County",2,33,892,486,406
050,08,037,"Colorado","Eagle County",2,34,897,486,411
050,08,037,"Colorado","Eagle County",2,35,889,496,393
050,08,037,"Colorado","Eagle County",2,36,844,472,372
050,08,037,"Colorado","Eagle County",2,37,879,467,412
050,08,037,"Colorado","Eagle County",2,38,892,459,433
050,08,037,"Colorado","Eagle County",2,39,899,463,436
050,08,037,"Colorado","Eagle County",2,40,894,457,437
050,08,037,"Colorado","Eagle County",2,41,868,451,417
050,08,037,"Colorado","Eagle County",2,42,868,463,405
050,08,037,"Colorado","Eagle County",2,43,869,481,388
050,08,037,"Colorado","Eagle County",2,44,840,461,379
050,08,037,"Colorado","Eagle County",2,45,839,440,399
050,08,037,"Colorado","Eagle County",2,46,828,434,394
050,08,037,"Colorado","Eagle County",2,47,802,442,360
050,08,037,"Colorado","Eagle County",2,48,864,471,393
050,08,037,"Colorado","Eagle County",2,49,936,493,443
050,08,037,"Colorado","Eagle County",2,50,895,469,426
050,08,037,"Colorado","Eagle County",2,51,845,478,367
050,08,037,"Colorado","Eagle County",2,52,770,419,351
050,08,037,"Colorado","Eagle County",2,53,776,397,379
050,08,037,"Colorado","Eagle County",2,54,755,382,373
050,08,037,"Colorado","Eagle County",2,55,771,403,368
050,08,037,"Colorado","Eagle County",2,56,731,389,342
050,08,037,"Colorado","Eagle County",2,57,726,381,345
050,08,037,"Colorado","Eagle County",2,58,717,372,345
050,08,037,"Colorado","Eagle County",2,59,718,387,331
050,08,037,"Colorado","Eagle County",2,60,710,382,328
050,08,037,"Colorado","Eagle County",2,61,704,367,337
050,08,037,"Colorado","Eagle County",2,62,701,366,335
050,08,037,"Colorado","Eagle County",2,63,687,374,313
050,08,037,"Colorado","Eagle County",2,64,667,365,302
050,08,037,"Colorado","Eagle County",2,65,636,339,297
050,08,037,"Colorado","Eagle County",2,66,606,322,284
050,08,037,"Colorado","Eagle County",2,67,569,310,259
050,08,037,"Colorado","Eagle County",2,68,561,300,261
050,08,037,"Colorado","Eagle County",2,69,518,281,237
050,08,037,"Colorado","Eagle County",2,70,487,251,236
050,08,037,"Colorado","Eagle County",2,71,471,236,235
050,08,037,"Colorado","Eagle County",2,72,427,219,208
050,08,037,"Colorado","Eagle County",2,73,463,241,222
050,08,037,"Colorado","Eagle County",2,74,322,169,153
050,08,037,"Colorado","Eagle County",2,75,285,156,129
050,08,037,"Colorado","Eagle County",2,76,270,144,126
050,08,037,"Colorado","Eagle County",2,77,267,137,130
050,08,037,"Colorado","Eagle County",2,78,214,110,104
050,08,037,"Colorado","Eagle County",2,79,172,85,87
050,08,037,"Colorado","Eagle County",2,80,144,77,67
050,08,037,"Colorado","Eagle County",2,81,123,68,55
050,08,037,"Colorado","Eagle County",2,82,102,56,46
050,08,037,"Colorado","Eagle County",2,83,85,49,36
050,08,037,"Colorado","Eagle County",2,84,77,40,37
050,08,037,"Colorado","Eagle County",2,85,404,184,220
050,08,037,"Colorado","Eagle County",3,0,520,253,267
050,08,037,"Colorado","Eagle County",3,1,508,243,265
050,08,037,"Colorado","Eagle County",3,2,513,259,254
050,08,037,"Colorado","Eagle County",3,3,566,283,283
050,08,037,"Colorado","Eagle County",3,4,577,296,281
050,08,037,"Colorado","Eagle County",3,5,645,331,314
050,08,037,"Colorado","Eagle County",3,6,610,319,291
050,08,037,"Colorado","Eagle County",3,7,572,303,269
050,08,037,"Colorado","Eagle County",3,8,573,293,280
050,08,037,"Colorado","Eagle County",3,9,611,330,281
050,08,037,"Colorado","Eagle County",3,10,646,354,292
050,08,037,"Colorado","Eagle County",3,11,687,345,342
050,08,037,"Colorado","Eagle County",3,12,751,379,372
050,08,037,"Colorado","Eagle County",3,13,780,392,388
050,08,037,"Colorado","Eagle County",3,14,789,402,387
050,08,037,"Colorado","Eagle County",3,15,779,395,384
050,08,037,"Colorado","Eagle County",3,16,761,386,375
050,08,037,"Colorado","Eagle County",3,17,769,400,369
050,08,037,"Colorado","Eagle County",3,18,675,380,295
050,08,037,"Colorado","Eagle County",3,19,540,295,245
050,08,037,"Colorado","Eagle County",3,20,522,279,243
050,08,037,"Colorado","Eagle County",3,21,543,272,271
050,08,037,"Colorado","Eagle County",3,22,547,273,274
050,08,037,"Colorado","Eagle County",3,23,562,283,279
050,08,037,"Colorado","Eagle County",3,24,604,330,274
050,08,037,"Colorado","Eagle County",3,25,654,363,291
050,08,037,"Colorado","Eagle County",3,26,735,401,334
050,08,037,"Colorado","Eagle County",3,27,802,440,362
050,08,037,"Colorado","Eagle County",3,28,815,450,365
050,08,037,"Colorado","Eagle County",3,29,839,422,417
050,08,037,"Colorado","Eagle County",3,30,877,471,406
050,08,037,"Colorado","Eagle County",3,31,889,490,399
050,08,037,"Colorado","Eagle County",3,32,841,489,352
050,08,037,"Colorado","Eagle County",3,33,841,480,361
050,08,037,"Colorado","Eagle County",3,34,885,488,397
050,08,037,"Colorado","Eagle County",3,35,886,481,405
050,08,037,"Colorado","Eagle County",3,36,858,469,389
050,08,037,"Colorado","Eagle County",3,37,826,453,373
050,08,037,"Colorado","Eagle County",3,38,879,462,417
050,08,037,"Colorado","Eagle County",3,39,877,451,426
050,08,037,"Colorado","Eagle County",3,40,877,445,432
050,08,037,"Colorado","Eagle County",3,41,887,451,436
050,08,037,"Colorado","Eagle County",3,42,873,453,420
050,08,037,"Colorado","Eagle County",3,43,873,464,409
050,08,037,"Colorado","Eagle County",3,44,852,470,382
050,08,037,"Colorado","Eagle County",3,45,844,463,381
050,08,037,"Colorado","Eagle County",3,46,834,441,393
050,08,037,"Colorado","Eagle County",3,47,816,425,391
050,08,037,"Colorado","Eagle County",3,48,797,436,361
050,08,037,"Colorado","Eagle County",3,49,847,462,385
050,08,037,"Colorado","Eagle County",3,50,929,498,431
050,08,037,"Colorado","Eagle County",3,51,906,477,429
050,08,037,"Colorado","Eagle County",3,52,823,461,362
050,08,037,"Colorado","Eagle County",3,53,778,430,348
050,08,037,"Colorado","Eagle County",3,54,782,404,378
050,08,037,"Colorado","Eagle County",3,55,760,384,376
050,08,037,"Colorado","Eagle County",3,56,760,401,359
050,08,037,"Colorado","Eagle County",3,57,746,401,345
050,08,037,"Colorado","Eagle County",3,58,731,383,348
050,08,037,"Colorado","Eagle County",3,59,712,369,343
050,08,037,"Colorado","Eagle County",3,60,711,381,330
050,08,037,"Colorado","Eagle County",3,61,705,374,331
050,08,037,"Colorado","Eagle County",3,62,721,375,346
050,08,037,"Colorado","Eagle County",3,63,704,360,344
050,08,037,"Colorado","Eagle County",3,64,687,366,321
050,08,037,"Colorado","Eagle County",3,65,654,366,288
050,08,037,"Colorado","Eagle County",3,66,638,337,301
050,08,037,"Colorado","Eagle County",3,67,610,325,285
050,08,037,"Colorado","Eagle County",3,68,563,304,259
050,08,037,"Colorado","Eagle County",3,69,552,298,254
050,08,037,"Colorado","Eagle County",3,70,504,270,234
050,08,037,"Colorado","Eagle County",3,71,474,246,228
050,08,037,"Colorado","Eagle County",3,72,469,236,233
050,08,037,"Colorado","Eagle County",3,73,417,214,203
050,08,037,"Colorado","Eagle County",3,74,437,226,211
050,08,037,"Colorado","Eagle County",3,75,318,164,154
050,08,037,"Colorado","Eagle County",3,76,270,148,122
050,08,037,"Colorado","Eagle County",3,77,268,140,128
050,08,037,"Colorado","Eagle County",3,78,258,130,128
050,08,037,"Colorado","Eagle County",3,79,200,105,95
050,08,037,"Colorado","Eagle County",3,80,169,87,82
050,08,037,"Colorado","Eagle County",3,81,131,71,60
050,08,037,"Colorado","Eagle County",3,82,115,63,52
050,08,037,"Colorado","Eagle County",3,83,93,50,43
050,08,037,"Colorado","Eagle County",3,84,76,44,32
050,08,037,"Colorado","Eagle County",3,85,449,215,234
050,08,037,"Colorado","Eagle County",4,0,519,243,276
050,08,037,"Colorado","Eagle County",4,1,504,230,274
050,08,037,"Colorado","Eagle County",4,2,498,252,246
050,08,037,"Colorado","Eagle County",4,3,510,257,253
050,08,037,"Colorado","Eagle County",4,4,554,273,281
050,08,037,"Colorado","Eagle County",4,5,567,299,268
050,08,037,"Colorado","Eagle County",4,6,621,308,313
050,08,037,"Colorado","Eagle County",4,7,600,320,280
050,08,037,"Colorado","Eagle County",4,8,558,297,261
050,08,037,"Colorado","Eagle County",4,9,568,286,282
050,08,037,"Colorado","Eagle County",4,10,611,330,281
050,08,037,"Colorado","Eagle County",4,11,623,336,287
050,08,037,"Colorado","Eagle County",4,12,676,347,329
050,08,037,"Colorado","Eagle County",4,13,749,379,370
050,08,037,"Colorado","Eagle County",4,14,758,381,377
050,08,037,"Colorado","Eagle County",4,15,787,402,385
050,08,037,"Colorado","Eagle County",4,16,771,395,376
050,08,037,"Colorado","Eagle County",4,17,735,371,364
050,08,037,"Colorado","Eagle County",4,18,653,347,306
050,08,037,"Colorado","Eagle County",4,19,576,321,255
050,08,037,"Colorado","Eagle County",4,20,534,288,246
050,08,037,"Colorado","Eagle County",4,21,532,285,247
050,08,037,"Colorado","Eagle County",4,22,556,275,281
050,08,037,"Colorado","Eagle County",4,23,586,296,290
050,08,037,"Colorado","Eagle County",4,24,574,303,271
050,08,037,"Colorado","Eagle County",4,25,612,329,283
050,08,037,"Colorado","Eagle County",4,26,685,370,315
050,08,037,"Colorado","Eagle County",4,27,741,414,327
050,08,037,"Colorado","Eagle County",4,28,803,441,362
050,08,037,"Colorado","Eagle County",4,29,805,434,371
050,08,037,"Colorado","Eagle County",4,30,802,400,402
050,08,037,"Colorado","Eagle County",4,31,893,493,400
050,08,037,"Colorado","Eagle County",4,32,856,471,385
050,08,037,"Colorado","Eagle County",4,33,818,462,356
050,08,037,"Colorado","Eagle County",4,34,812,452,360
050,08,037,"Colorado","Eagle County",4,35,856,471,385
050,08,037,"Colorado","Eagle County",4,36,854,459,395
050,08,037,"Colorado","Eagle County",4,37,817,453,364
050,08,037,"Colorado","Eagle County",4,38,829,468,361
050,08,037,"Colorado","Eagle County",4,39,865,452,413
050,08,037,"Colorado","Eagle County",4,40,846,425,421
050,08,037,"Colorado","Eagle County",4,41,857,437,420
050,08,037,"Colorado","Eagle County",4,42,888,445,443
050,08,037,"Colorado","Eagle County",4,43,852,445,407
050,08,037,"Colorado","Eagle County",4,44,850,463,387
050,08,037,"Colorado","Eagle County",4,45,860,489,371
050,08,037,"Colorado","Eagle County",4,46,844,466,378
050,08,037,"Colorado","Eagle County",4,47,845,439,406
050,08,037,"Colorado","Eagle County",4,48,807,406,401
050,08,037,"Colorado","Eagle County",4,49,780,418,362
050,08,037,"Colorado","Eagle County",4,50,844,458,386
050,08,037,"Colorado","Eagle County",4,51,930,514,416
050,08,037,"Colorado","Eagle County",4,52,890,469,421
050,08,037,"Colorado","Eagle County",4,53,805,464,341
050,08,037,"Colorado","Eagle County",4,54,769,416,353
050,08,037,"Colorado","Eagle County",4,55,773,395,378
050,08,037,"Colorado","Eagle County",4,56,744,369,375
050,08,037,"Colorado","Eagle County",4,57,747,392,355
050,08,037,"Colorado","Eagle County",4,58,719,391,328
050,08,037,"Colorado","Eagle County",4,59,716,375,341
050,08,037,"Colorado","Eagle County",4,60,699,363,336
050,08,037,"Colorado","Eagle County",4,61,700,371,329
050,08,037,"Colorado","Eagle County",4,62,694,374,320
050,08,037,"Colorado","Eagle County",4,63,701,368,333
050,08,037,"Colorado","Eagle County",4,64,688,349,339
050,08,037,"Colorado","Eagle County",4,65,680,368,312
050,08,037,"Colorado","Eagle County",4,66,641,358,283
050,08,037,"Colorado","Eagle County",4,67,623,322,301
050,08,037,"Colorado","Eagle County",4,68,591,320,271
050,08,037,"Colorado","Eagle County",4,69,547,295,252
050,08,037,"Colorado","Eagle County",4,70,544,297,247
050,08,037,"Colorado","Eagle County",4,71,504,273,231
050,08,037,"Colorado","Eagle County",4,72,456,237,219
050,08,037,"Colorado","Eagle County",4,73,451,225,226
050,08,037,"Colorado","Eagle County",4,74,406,209,197
050,08,037,"Colorado","Eagle County",4,75,423,219,204
050,08,037,"Colorado","Eagle County",4,76,300,154,146
050,08,037,"Colorado","Eagle County",4,77,267,148,119
050,08,037,"Colorado","Eagle County",4,78,255,133,122
050,08,037,"Colorado","Eagle County",4,79,242,122,120
050,08,037,"Colorado","Eagle County",4,80,201,104,97
050,08,037,"Colorado","Eagle County",4,81,153,76,77
050,08,037,"Colorado","Eagle County",4,82,131,70,61
050,08,037,"Colorado","Eagle County",4,83,115,63,52
050,08,037,"Colorado","Eagle County",4,84,87,48,39
050,08,037,"Colorado","Eagle County",4,85,485,235,250
050,08,037,"Colorado","Eagle County",5,0,514,237,277
050,08,037,"Colorado","Eagle County",5,1,466,221,245
050,08,037,"Colorado","Eagle County",5,2,513,233,280
050,08,037,"Colorado","Eagle County",5,3,491,241,250
050,08,037,"Colorado","Eagle County",5,4,496,253,243
050,08,037,"Colorado","Eagle County",5,5,531,263,268
050,08,037,"Colorado","Eagle County",5,6,546,290,256
050,08,037,"Colorado","Eagle County",5,7,605,304,301
050,08,037,"Colorado","Eagle County",5,8,589,315,274
050,08,037,"Colorado","Eagle County",5,9,545,287,258
050,08,037,"Colorado","Eagle County",5,10,561,283,278
050,08,037,"Colorado","Eagle County",5,11,604,327,277
050,08,037,"Colorado","Eagle County",5,12,616,336,280
050,08,037,"Colorado","Eagle County",5,13,670,340,330
050,08,037,"Colorado","Eagle County",5,14,725,373,352
050,08,037,"Colorado","Eagle County",5,15,735,375,360
050,08,037,"Colorado","Eagle County",5,16,787,403,384
050,08,037,"Colorado","Eagle County",5,17,767,397,370
050,08,037,"Colorado","Eagle County",5,18,611,321,290
050,08,037,"Colorado","Eagle County",5,19,561,300,261
050,08,037,"Colorado","Eagle County",5,20,592,328,264
050,08,037,"Colorado","Eagle County",5,21,551,300,251
050,08,037,"Colorado","Eagle County",5,22,545,294,251
050,08,037,"Colorado","Eagle County",5,23,603,297,306
050,08,037,"Colorado","Eagle County",5,24,587,313,274
050,08,037,"Colorado","Eagle County",5,25,594,310,284
050,08,037,"Colorado","Eagle County",5,26,619,335,284
050,08,037,"Colorado","Eagle County",5,27,685,374,311
050,08,037,"Colorado","Eagle County",5,28,759,429,330
050,08,037,"Colorado","Eagle County",5,29,771,422,349
050,08,037,"Colorado","Eagle County",5,30,769,406,363
050,08,037,"Colorado","Eagle County",5,31,793,414,379
050,08,037,"Colorado","Eagle County",5,32,852,477,375
050,08,037,"Colorado","Eagle County",5,33,804,451,353
050,08,037,"Colorado","Eagle County",5,34,813,453,360
050,08,037,"Colorado","Eagle County",5,35,784,435,349
050,08,037,"Colorado","Eagle County",5,36,813,446,367
050,08,037,"Colorado","Eagle County",5,37,842,446,396
050,08,037,"Colorado","Eagle County",5,38,826,470,356
050,08,037,"Colorado","Eagle County",5,39,782,434,348
050,08,037,"Colorado","Eagle County",5,40,847,441,406
050,08,037,"Colorado","Eagle County",5,41,827,407,420
050,08,037,"Colorado","Eagle County",5,42,834,438,396
050,08,037,"Colorado","Eagle County",5,43,849,430,419
050,08,037,"Colorado","Eagle County",5,44,822,424,398
050,08,037,"Colorado","Eagle County",5,45,847,457,390
050,08,037,"Colorado","Eagle County",5,46,847,481,366
050,08,037,"Colorado","Eagle County",5,47,817,454,363
050,08,037,"Colorado","Eagle County",5,48,815,414,401
050,08,037,"Colorado","Eagle County",5,49,801,400,401
050,08,037,"Colorado","Eagle County",5,50,760,405,355
050,08,037,"Colorado","Eagle County",5,51,830,455,375
050,08,037,"Colorado","Eagle County",5,52,915,500,415
050,08,037,"Colorado","Eagle County",5,53,867,455,412
050,08,037,"Colorado","Eagle County",5,54,789,459,330
050,08,037,"Colorado","Eagle County",5,55,758,419,339
050,08,037,"Colorado","Eagle County",5,56,758,380,378
050,08,037,"Colorado","Eagle County",5,57,726,361,365
050,08,037,"Colorado","Eagle County",5,58,747,393,354
050,08,037,"Colorado","Eagle County",5,59,720,391,329
050,08,037,"Colorado","Eagle County",5,60,711,367,344
050,08,037,"Colorado","Eagle County",5,61,683,353,330
050,08,037,"Colorado","Eagle County",5,62,688,372,316
050,08,037,"Colorado","Eagle County",5,63,686,372,314
050,08,037,"Colorado","Eagle County",5,64,673,356,317
050,08,037,"Colorado","Eagle County",5,65,667,343,324
050,08,037,"Colorado","Eagle County",5,66,662,352,310
050,08,037,"Colorado","Eagle County",5,67,628,356,272
050,08,037,"Colorado","Eagle County",5,68,602,315,287
050,08,037,"Colorado","Eagle County",5,69,578,307,271
050,08,037,"Colorado","Eagle County",5,70,545,295,250
050,08,037,"Colorado","Eagle County",5,71,524,284,240
050,08,037,"Colorado","Eagle County",5,72,477,258,219
050,08,037,"Colorado","Eagle County",5,73,449,233,216
050,08,037,"Colorado","Eagle County",5,74,437,218,219
050,08,037,"Colorado","Eagle County",5,75,397,203,194
050,08,037,"Colorado","Eagle County",5,76,404,208,196
050,08,037,"Colorado","Eagle County",5,77,290,152,138
050,08,037,"Colorado","Eagle County",5,78,250,144,106
050,08,037,"Colorado","Eagle County",5,79,234,123,111
050,08,037,"Colorado","Eagle County",5,80,235,119,116
050,08,037,"Colorado","Eagle County",5,81,183,97,86
050,08,037,"Colorado","Eagle County",5,82,149,74,75
050,08,037,"Colorado","Eagle County",5,83,121,65,56
050,08,037,"Colorado","Eagle County",5,84,107,59,48
050,08,037,"Colorado","Eagle County",5,85,508,248,260
050,08,039,"Colorado","Elbert County",1,0,206,107,99
050,08,039,"Colorado","Elbert County",1,1,223,120,103
050,08,039,"Colorado","Elbert County",1,2,223,117,106
050,08,039,"Colorado","Elbert County",1,3,252,129,123
050,08,039,"Colorado","Elbert County",1,4,264,126,138
050,08,039,"Colorado","Elbert County",1,5,250,125,125
050,08,039,"Colorado","Elbert County",1,6,259,135,124
050,08,039,"Colorado","Elbert County",1,7,275,152,123
050,08,039,"Colorado","Elbert County",1,8,315,172,143
050,08,039,"Colorado","Elbert County",1,9,293,149,144
050,08,039,"Colorado","Elbert County",1,10,345,175,170
050,08,039,"Colorado","Elbert County",1,11,358,175,183
050,08,039,"Colorado","Elbert County",1,12,349,173,176
050,08,039,"Colorado","Elbert County",1,13,365,197,168
050,08,039,"Colorado","Elbert County",1,14,384,199,185
050,08,039,"Colorado","Elbert County",1,15,385,189,196
050,08,039,"Colorado","Elbert County",1,16,400,197,203
050,08,039,"Colorado","Elbert County",1,17,385,189,196
050,08,039,"Colorado","Elbert County",1,18,331,171,160
050,08,039,"Colorado","Elbert County",1,19,269,140,129
050,08,039,"Colorado","Elbert County",1,20,239,135,104
050,08,039,"Colorado","Elbert County",1,21,272,156,116
050,08,039,"Colorado","Elbert County",1,22,227,119,108
050,08,039,"Colorado","Elbert County",1,23,263,142,121
050,08,039,"Colorado","Elbert County",1,24,237,122,115
050,08,039,"Colorado","Elbert County",1,25,250,133,117
050,08,039,"Colorado","Elbert County",1,26,211,109,102
050,08,039,"Colorado","Elbert County",1,27,217,110,107
050,08,039,"Colorado","Elbert County",1,28,213,118,95
050,08,039,"Colorado","Elbert County",1,29,207,115,92
050,08,039,"Colorado","Elbert County",1,30,243,112,131
050,08,039,"Colorado","Elbert County",1,31,236,109,127
050,08,039,"Colorado","Elbert County",1,32,228,113,115
050,08,039,"Colorado","Elbert County",1,33,271,146,125
050,08,039,"Colorado","Elbert County",1,34,291,146,145
050,08,039,"Colorado","Elbert County",1,35,285,140,145
050,08,039,"Colorado","Elbert County",1,36,285,148,137
050,08,039,"Colorado","Elbert County",1,37,335,173,162
050,08,039,"Colorado","Elbert County",1,38,311,154,157
050,08,039,"Colorado","Elbert County",1,39,315,166,149
050,08,039,"Colorado","Elbert County",1,40,302,149,153
050,08,039,"Colorado","Elbert County",1,41,305,143,162
050,08,039,"Colorado","Elbert County",1,42,319,162,157
050,08,039,"Colorado","Elbert County",1,43,303,149,154
050,08,039,"Colorado","Elbert County",1,44,329,185,144
050,08,039,"Colorado","Elbert County",1,45,331,172,159
050,08,039,"Colorado","Elbert County",1,46,320,160,160
050,08,039,"Colorado","Elbert County",1,47,365,175,190
050,08,039,"Colorado","Elbert County",1,48,404,206,198
050,08,039,"Colorado","Elbert County",1,49,400,205,195
050,08,039,"Colorado","Elbert County",1,50,370,193,177
050,08,039,"Colorado","Elbert County",1,51,410,211,199
050,08,039,"Colorado","Elbert County",1,52,391,193,198
050,08,039,"Colorado","Elbert County",1,53,410,212,198
050,08,039,"Colorado","Elbert County",1,54,437,222,215
050,08,039,"Colorado","Elbert County",1,55,481,242,239
050,08,039,"Colorado","Elbert County",1,56,525,271,254
050,08,039,"Colorado","Elbert County",1,57,492,253,239
050,08,039,"Colorado","Elbert County",1,58,518,271,247
050,08,039,"Colorado","Elbert County",1,59,505,275,230
050,08,039,"Colorado","Elbert County",1,60,482,239,243
050,08,039,"Colorado","Elbert County",1,61,477,238,239
050,08,039,"Colorado","Elbert County",1,62,487,245,242
050,08,039,"Colorado","Elbert County",1,63,461,232,229
050,08,039,"Colorado","Elbert County",1,64,455,234,221
050,08,039,"Colorado","Elbert County",1,65,432,223,209
050,08,039,"Colorado","Elbert County",1,66,383,201,182
050,08,039,"Colorado","Elbert County",1,67,350,182,168
050,08,039,"Colorado","Elbert County",1,68,345,167,178
050,08,039,"Colorado","Elbert County",1,69,329,154,175
050,08,039,"Colorado","Elbert County",1,70,302,153,149
050,08,039,"Colorado","Elbert County",1,71,273,134,139
050,08,039,"Colorado","Elbert County",1,72,275,152,123
050,08,039,"Colorado","Elbert County",1,73,284,149,135
050,08,039,"Colorado","Elbert County",1,74,175,96,79
050,08,039,"Colorado","Elbert County",1,75,178,103,75
050,08,039,"Colorado","Elbert County",1,76,171,91,80
050,08,039,"Colorado","Elbert County",1,77,147,76,71
050,08,039,"Colorado","Elbert County",1,78,114,61,53
050,08,039,"Colorado","Elbert County",1,79,110,57,53
050,08,039,"Colorado","Elbert County",1,80,87,43,44
050,08,039,"Colorado","Elbert County",1,81,85,45,40
050,08,039,"Colorado","Elbert County",1,82,73,35,38
050,08,039,"Colorado","Elbert County",1,83,61,29,32
050,08,039,"Colorado","Elbert County",1,84,52,30,22
050,08,039,"Colorado","Elbert County",1,85,284,98,186
050,08,039,"Colorado","Elbert County",2,0,211,111,100
050,08,039,"Colorado","Elbert County",2,1,223,121,102
050,08,039,"Colorado","Elbert County",2,2,227,121,106
050,08,039,"Colorado","Elbert County",2,3,251,128,123
050,08,039,"Colorado","Elbert County",2,4,263,128,135
050,08,039,"Colorado","Elbert County",2,5,255,127,128
050,08,039,"Colorado","Elbert County",2,6,262,135,127
050,08,039,"Colorado","Elbert County",2,7,279,151,128
050,08,039,"Colorado","Elbert County",2,8,304,165,139
050,08,039,"Colorado","Elbert County",2,9,301,156,145
050,08,039,"Colorado","Elbert County",2,10,337,171,166
050,08,039,"Colorado","Elbert County",2,11,355,176,179
050,08,039,"Colorado","Elbert County",2,12,353,177,176
050,08,039,"Colorado","Elbert County",2,13,366,194,172
050,08,039,"Colorado","Elbert County",2,14,380,200,180
050,08,039,"Colorado","Elbert County",2,15,389,193,196
050,08,039,"Colorado","Elbert County",2,16,399,196,203
050,08,039,"Colorado","Elbert County",2,17,389,190,199
050,08,039,"Colorado","Elbert County",2,18,326,168,158
050,08,039,"Colorado","Elbert County",2,19,267,138,129
050,08,039,"Colorado","Elbert County",2,20,252,138,114
050,08,039,"Colorado","Elbert County",2,21,262,149,113
050,08,039,"Colorado","Elbert County",2,22,243,131,112
050,08,039,"Colorado","Elbert County",2,23,257,137,120
050,08,039,"Colorado","Elbert County",2,24,247,129,118
050,08,039,"Colorado","Elbert County",2,25,248,131,117
050,08,039,"Colorado","Elbert County",2,26,223,115,108
050,08,039,"Colorado","Elbert County",2,27,219,112,107
050,08,039,"Colorado","Elbert County",2,28,215,119,96
050,08,039,"Colorado","Elbert County",2,29,214,118,96
050,08,039,"Colorado","Elbert County",2,30,243,118,125
050,08,039,"Colorado","Elbert County",2,31,240,111,129
050,08,039,"Colorado","Elbert County",2,32,237,116,121
050,08,039,"Colorado","Elbert County",2,33,265,141,124
050,08,039,"Colorado","Elbert County",2,34,293,151,142
050,08,039,"Colorado","Elbert County",2,35,291,145,146
050,08,039,"Colorado","Elbert County",2,36,293,152,141
050,08,039,"Colorado","Elbert County",2,37,326,169,157
050,08,039,"Colorado","Elbert County",2,38,319,161,158
050,08,039,"Colorado","Elbert County",2,39,318,165,153
050,08,039,"Colorado","Elbert County",2,40,310,156,154
050,08,039,"Colorado","Elbert County",2,41,307,146,161
050,08,039,"Colorado","Elbert County",2,42,320,160,160
050,08,039,"Colorado","Elbert County",2,43,312,156,156
050,08,039,"Colorado","Elbert County",2,44,320,177,143
050,08,039,"Colorado","Elbert County",2,45,333,176,157
050,08,039,"Colorado","Elbert County",2,46,327,165,162
050,08,039,"Colorado","Elbert County",2,47,356,173,183
050,08,039,"Colorado","Elbert County",2,48,399,201,198
050,08,039,"Colorado","Elbert County",2,49,402,205,197
050,08,039,"Colorado","Elbert County",2,50,379,197,182
050,08,039,"Colorado","Elbert County",2,51,404,209,195
050,08,039,"Colorado","Elbert County",2,52,395,197,198
050,08,039,"Colorado","Elbert County",2,53,405,207,198
050,08,039,"Colorado","Elbert County",2,54,428,217,211
050,08,039,"Colorado","Elbert County",2,55,474,237,237
050,08,039,"Colorado","Elbert County",2,56,516,264,252
050,08,039,"Colorado","Elbert County",2,57,499,255,244
050,08,039,"Colorado","Elbert County",2,58,510,268,242
050,08,039,"Colorado","Elbert County",2,59,513,276,237
050,08,039,"Colorado","Elbert County",2,60,489,249,240
050,08,039,"Colorado","Elbert County",2,61,477,237,240
050,08,039,"Colorado","Elbert County",2,62,486,245,241
050,08,039,"Colorado","Elbert County",2,63,476,240,236
050,08,039,"Colorado","Elbert County",2,64,458,233,225
050,08,039,"Colorado","Elbert County",2,65,438,226,212
050,08,039,"Colorado","Elbert County",2,66,393,206,187
050,08,039,"Colorado","Elbert County",2,67,348,182,166
050,08,039,"Colorado","Elbert County",2,68,341,167,174
050,08,039,"Colorado","Elbert County",2,69,335,159,176
050,08,039,"Colorado","Elbert County",2,70,307,153,154
050,08,039,"Colorado","Elbert County",2,71,281,140,141
050,08,039,"Colorado","Elbert County",2,72,268,144,124
050,08,039,"Colorado","Elbert County",2,73,293,156,137
050,08,039,"Colorado","Elbert County",2,74,187,101,86
050,08,039,"Colorado","Elbert County",2,75,177,101,76
050,08,039,"Colorado","Elbert County",2,76,168,91,77
050,08,039,"Colorado","Elbert County",2,77,155,80,75
050,08,039,"Colorado","Elbert County",2,78,120,63,57
050,08,039,"Colorado","Elbert County",2,79,109,57,52
050,08,039,"Colorado","Elbert County",2,80,91,45,46
050,08,039,"Colorado","Elbert County",2,81,83,44,39
050,08,039,"Colorado","Elbert County",2,82,75,37,38
050,08,039,"Colorado","Elbert County",2,83,60,28,32
050,08,039,"Colorado","Elbert County",2,84,54,30,24
050,08,039,"Colorado","Elbert County",2,85,296,103,193
050,08,039,"Colorado","Elbert County",3,0,223,103,120
050,08,039,"Colorado","Elbert County",3,1,247,114,133
050,08,039,"Colorado","Elbert County",3,2,241,129,112
050,08,039,"Colorado","Elbert County",3,3,259,140,119
050,08,039,"Colorado","Elbert County",3,4,261,135,126
050,08,039,"Colorado","Elbert County",3,5,285,131,154
050,08,039,"Colorado","Elbert County",3,6,300,155,145
050,08,039,"Colorado","Elbert County",3,7,287,144,143
050,08,039,"Colorado","Elbert County",3,8,299,151,148
050,08,039,"Colorado","Elbert County",3,9,334,182,152
050,08,039,"Colorado","Elbert County",3,10,324,169,155
050,08,039,"Colorado","Elbert County",3,11,350,182,168
050,08,039,"Colorado","Elbert County",3,12,379,182,197
050,08,039,"Colorado","Elbert County",3,13,367,189,178
050,08,039,"Colorado","Elbert County",3,14,402,209,193
050,08,039,"Colorado","Elbert County",3,15,398,203,195
050,08,039,"Colorado","Elbert County",3,16,396,195,201
050,08,039,"Colorado","Elbert County",3,17,410,206,204
050,08,039,"Colorado","Elbert County",3,18,319,164,155
050,08,039,"Colorado","Elbert County",3,19,254,127,127
050,08,039,"Colorado","Elbert County",3,20,263,132,131
050,08,039,"Colorado","Elbert County",3,21,259,138,121
050,08,039,"Colorado","Elbert County",3,22,259,154,105
050,08,039,"Colorado","Elbert County",3,23,251,133,118
050,08,039,"Colorado","Elbert County",3,24,253,135,118
050,08,039,"Colorado","Elbert County",3,25,243,129,114
050,08,039,"Colorado","Elbert County",3,26,253,133,120
050,08,039,"Colorado","Elbert County",3,27,242,122,120
050,08,039,"Colorado","Elbert County",3,28,242,124,118
050,08,039,"Colorado","Elbert County",3,29,256,135,121
050,08,039,"Colorado","Elbert County",3,30,235,125,110
050,08,039,"Colorado","Elbert County",3,31,265,122,143
050,08,039,"Colorado","Elbert County",3,32,280,125,155
050,08,039,"Colorado","Elbert County",3,33,273,131,142
050,08,039,"Colorado","Elbert County",3,34,298,165,133
050,08,039,"Colorado","Elbert County",3,35,327,181,146
050,08,039,"Colorado","Elbert County",3,36,321,165,156
050,08,039,"Colorado","Elbert County",3,37,313,158,155
050,08,039,"Colorado","Elbert County",3,38,368,194,174
050,08,039,"Colorado","Elbert County",3,39,318,160,158
050,08,039,"Colorado","Elbert County",3,40,323,169,154
050,08,039,"Colorado","Elbert County",3,41,346,173,173
050,08,039,"Colorado","Elbert County",3,42,331,161,170
050,08,039,"Colorado","Elbert County",3,43,341,173,168
050,08,039,"Colorado","Elbert County",3,44,326,162,164
050,08,039,"Colorado","Elbert County",3,45,349,191,158
050,08,039,"Colorado","Elbert County",3,46,348,181,167
050,08,039,"Colorado","Elbert County",3,47,345,170,175
050,08,039,"Colorado","Elbert County",3,48,391,192,199
050,08,039,"Colorado","Elbert County",3,49,399,201,198
050,08,039,"Colorado","Elbert County",3,50,427,228,199
050,08,039,"Colorado","Elbert County",3,51,393,211,182
050,08,039,"Colorado","Elbert County",3,52,421,225,196
050,08,039,"Colorado","Elbert County",3,53,399,204,195
050,08,039,"Colorado","Elbert County",3,54,407,203,204
050,08,039,"Colorado","Elbert County",3,55,427,216,211
050,08,039,"Colorado","Elbert County",3,56,468,238,230
050,08,039,"Colorado","Elbert County",3,57,497,251,246
050,08,039,"Colorado","Elbert County",3,58,485,250,235
050,08,039,"Colorado","Elbert County",3,59,508,263,245
050,08,039,"Colorado","Elbert County",3,60,517,272,245
050,08,039,"Colorado","Elbert County",3,61,505,252,253
050,08,039,"Colorado","Elbert County",3,62,476,240,236
050,08,039,"Colorado","Elbert County",3,63,491,252,239
050,08,039,"Colorado","Elbert County",3,64,461,236,225
050,08,039,"Colorado","Elbert County",3,65,454,232,222
050,08,039,"Colorado","Elbert County",3,66,440,224,216
050,08,039,"Colorado","Elbert County",3,67,379,199,180
050,08,039,"Colorado","Elbert County",3,68,354,187,167
050,08,039,"Colorado","Elbert County",3,69,334,161,173
050,08,039,"Colorado","Elbert County",3,70,337,162,175
050,08,039,"Colorado","Elbert County",3,71,298,148,150
050,08,039,"Colorado","Elbert County",3,72,275,135,140
050,08,039,"Colorado","Elbert County",3,73,264,138,126
050,08,039,"Colorado","Elbert County",3,74,288,156,132
050,08,039,"Colorado","Elbert County",3,75,177,92,85
050,08,039,"Colorado","Elbert County",3,76,162,92,70
050,08,039,"Colorado","Elbert County",3,77,156,84,72
050,08,039,"Colorado","Elbert County",3,78,155,78,77
050,08,039,"Colorado","Elbert County",3,79,119,62,57
050,08,039,"Colorado","Elbert County",3,80,99,51,48
050,08,039,"Colorado","Elbert County",3,81,90,44,46
050,08,039,"Colorado","Elbert County",3,82,81,37,44
050,08,039,"Colorado","Elbert County",3,83,74,35,39
050,08,039,"Colorado","Elbert County",3,84,57,26,31
050,08,039,"Colorado","Elbert County",3,85,331,131,200
050,08,039,"Colorado","Elbert County",4,0,263,119,144
050,08,039,"Colorado","Elbert County",4,1,249,129,120
050,08,039,"Colorado","Elbert County",4,2,273,139,134
050,08,039,"Colorado","Elbert County",4,3,272,145,127
050,08,039,"Colorado","Elbert County",4,4,297,155,142
050,08,039,"Colorado","Elbert County",4,5,303,152,151
050,08,039,"Colorado","Elbert County",4,6,302,140,162
050,08,039,"Colorado","Elbert County",4,7,310,164,146
050,08,039,"Colorado","Elbert County",4,8,308,149,159
050,08,039,"Colorado","Elbert County",4,9,315,161,154
050,08,039,"Colorado","Elbert County",4,10,362,194,168
050,08,039,"Colorado","Elbert County",4,11,333,170,163
050,08,039,"Colorado","Elbert County",4,12,346,179,167
050,08,039,"Colorado","Elbert County",4,13,389,192,197
050,08,039,"Colorado","Elbert County",4,14,390,203,187
050,08,039,"Colorado","Elbert County",4,15,412,205,207
050,08,039,"Colorado","Elbert County",4,16,407,209,198
050,08,039,"Colorado","Elbert County",4,17,383,188,195
050,08,039,"Colorado","Elbert County",4,18,350,177,173
050,08,039,"Colorado","Elbert County",4,19,240,118,122
050,08,039,"Colorado","Elbert County",4,20,248,134,114
050,08,039,"Colorado","Elbert County",4,21,265,131,134
050,08,039,"Colorado","Elbert County",4,22,242,132,110
050,08,039,"Colorado","Elbert County",4,23,245,141,104
050,08,039,"Colorado","Elbert County",4,24,249,127,122
050,08,039,"Colorado","Elbert County",4,25,255,145,110
050,08,039,"Colorado","Elbert County",4,26,243,120,123
050,08,039,"Colorado","Elbert County",4,27,275,137,138
050,08,039,"Colorado","Elbert County",4,28,262,132,130
050,08,039,"Colorado","Elbert County",4,29,250,132,118
050,08,039,"Colorado","Elbert County",4,30,296,166,130
050,08,039,"Colorado","Elbert County",4,31,266,137,129
050,08,039,"Colorado","Elbert County",4,32,298,140,158
050,08,039,"Colorado","Elbert County",4,33,318,156,162
050,08,039,"Colorado","Elbert County",4,34,316,157,159
050,08,039,"Colorado","Elbert County",4,35,319,171,148
050,08,039,"Colorado","Elbert County",4,36,349,197,152
050,08,039,"Colorado","Elbert County",4,37,354,192,162
050,08,039,"Colorado","Elbert County",4,38,349,179,170
050,08,039,"Colorado","Elbert County",4,39,383,201,182
050,08,039,"Colorado","Elbert County",4,40,336,164,172
050,08,039,"Colorado","Elbert County",4,41,334,178,156
050,08,039,"Colorado","Elbert County",4,42,371,186,185
050,08,039,"Colorado","Elbert County",4,43,349,167,182
050,08,039,"Colorado","Elbert County",4,44,371,197,174
050,08,039,"Colorado","Elbert County",4,45,333,157,176
050,08,039,"Colorado","Elbert County",4,46,341,184,157
050,08,039,"Colorado","Elbert County",4,47,356,184,172
050,08,039,"Colorado","Elbert County",4,48,376,188,188
050,08,039,"Colorado","Elbert County",4,49,389,187,202
050,08,039,"Colorado","Elbert County",4,50,400,200,200
050,08,039,"Colorado","Elbert County",4,51,434,232,202
050,08,039,"Colorado","Elbert County",4,52,393,216,177
050,08,039,"Colorado","Elbert County",4,53,409,223,186
050,08,039,"Colorado","Elbert County",4,54,399,197,202
050,08,039,"Colorado","Elbert County",4,55,407,206,201
050,08,039,"Colorado","Elbert County",4,56,413,212,201
050,08,039,"Colorado","Elbert County",4,57,451,229,222
050,08,039,"Colorado","Elbert County",4,58,487,244,243
050,08,039,"Colorado","Elbert County",4,59,483,258,225
050,08,039,"Colorado","Elbert County",4,60,499,261,238
050,08,039,"Colorado","Elbert County",4,61,526,274,252
050,08,039,"Colorado","Elbert County",4,62,515,251,264
050,08,039,"Colorado","Elbert County",4,63,468,238,230
050,08,039,"Colorado","Elbert County",4,64,472,236,236
050,08,039,"Colorado","Elbert County",4,65,445,222,223
050,08,039,"Colorado","Elbert County",4,66,457,228,229
050,08,039,"Colorado","Elbert County",4,67,427,215,212
050,08,039,"Colorado","Elbert County",4,68,365,188,177
050,08,039,"Colorado","Elbert County",4,69,361,189,172
050,08,039,"Colorado","Elbert County",4,70,340,160,180
050,08,039,"Colorado","Elbert County",4,71,329,161,168
050,08,039,"Colorado","Elbert County",4,72,302,150,152
050,08,039,"Colorado","Elbert County",4,73,255,121,134
050,08,039,"Colorado","Elbert County",4,74,257,134,123
050,08,039,"Colorado","Elbert County",4,75,281,150,131
050,08,039,"Colorado","Elbert County",4,76,172,91,81
050,08,039,"Colorado","Elbert County",4,77,165,95,70
050,08,039,"Colorado","Elbert County",4,78,157,86,71
050,08,039,"Colorado","Elbert County",4,79,145,74,71
050,08,039,"Colorado","Elbert County",4,80,105,54,51
050,08,039,"Colorado","Elbert County",4,81,93,46,47
050,08,039,"Colorado","Elbert County",4,82,82,39,43
050,08,039,"Colorado","Elbert County",4,83,77,31,46
050,08,039,"Colorado","Elbert County",4,84,79,37,42
050,08,039,"Colorado","Elbert County",4,85,350,142,208
050,08,039,"Colorado","Elbert County",5,0,263,121,142
050,08,039,"Colorado","Elbert County",5,1,278,134,144
050,08,039,"Colorado","Elbert County",5,2,279,141,138
050,08,039,"Colorado","Elbert County",5,3,285,152,133
050,08,039,"Colorado","Elbert County",5,4,306,159,147
050,08,039,"Colorado","Elbert County",5,5,315,160,155
050,08,039,"Colorado","Elbert County",5,6,330,168,162
050,08,039,"Colorado","Elbert County",5,7,323,154,169
050,08,039,"Colorado","Elbert County",5,8,327,168,159
050,08,039,"Colorado","Elbert County",5,9,320,158,162
050,08,039,"Colorado","Elbert County",5,10,338,175,163
050,08,039,"Colorado","Elbert County",5,11,400,211,189
050,08,039,"Colorado","Elbert County",5,12,343,176,167
050,08,039,"Colorado","Elbert County",5,13,374,202,172
050,08,039,"Colorado","Elbert County",5,14,414,205,209
050,08,039,"Colorado","Elbert County",5,15,396,203,193
050,08,039,"Colorado","Elbert County",5,16,430,221,209
050,08,039,"Colorado","Elbert County",5,17,418,224,194
050,08,039,"Colorado","Elbert County",5,18,340,176,164
050,08,039,"Colorado","Elbert County",5,19,273,130,143
050,08,039,"Colorado","Elbert County",5,20,251,123,128
050,08,039,"Colorado","Elbert County",5,21,249,130,119
050,08,039,"Colorado","Elbert County",5,22,299,162,137
050,08,039,"Colorado","Elbert County",5,23,266,143,123
050,08,039,"Colorado","Elbert County",5,24,249,140,109
050,08,039,"Colorado","Elbert County",5,25,244,119,125
050,08,039,"Colorado","Elbert County",5,26,260,145,115
050,08,039,"Colorado","Elbert County",5,27,246,121,125
050,08,039,"Colorado","Elbert County",5,28,297,144,153
050,08,039,"Colorado","Elbert County",5,29,296,145,151
050,08,039,"Colorado","Elbert County",5,30,289,145,144
050,08,039,"Colorado","Elbert County",5,31,311,171,140
050,08,039,"Colorado","Elbert County",5,32,299,159,140
050,08,039,"Colorado","Elbert County",5,33,324,147,177
050,08,039,"Colorado","Elbert County",5,34,325,151,174
050,08,039,"Colorado","Elbert County",5,35,352,181,171
050,08,039,"Colorado","Elbert County",5,36,343,186,157
050,08,039,"Colorado","Elbert County",5,37,362,191,171
050,08,039,"Colorado","Elbert County",5,38,390,212,178
050,08,039,"Colorado","Elbert County",5,39,370,199,171
050,08,039,"Colorado","Elbert County",5,40,389,207,182
050,08,039,"Colorado","Elbert County",5,41,375,191,184
050,08,039,"Colorado","Elbert County",5,42,362,199,163
050,08,039,"Colorado","Elbert County",5,43,396,190,206
050,08,039,"Colorado","Elbert County",5,44,367,175,192
050,08,039,"Colorado","Elbert County",5,45,382,206,176
050,08,039,"Colorado","Elbert County",5,46,370,178,192
050,08,039,"Colorado","Elbert County",5,47,348,183,165
050,08,039,"Colorado","Elbert County",5,48,366,192,174
050,08,039,"Colorado","Elbert County",5,49,391,194,197
050,08,039,"Colorado","Elbert County",5,50,403,192,211
050,08,039,"Colorado","Elbert County",5,51,414,213,201
050,08,039,"Colorado","Elbert County",5,52,455,242,213
050,08,039,"Colorado","Elbert County",5,53,405,227,178
050,08,039,"Colorado","Elbert County",5,54,414,229,185
050,08,039,"Colorado","Elbert County",5,55,387,195,192
050,08,039,"Colorado","Elbert County",5,56,408,201,207
050,08,039,"Colorado","Elbert County",5,57,398,204,194
050,08,039,"Colorado","Elbert County",5,58,455,225,230
050,08,039,"Colorado","Elbert County",5,59,487,253,234
050,08,039,"Colorado","Elbert County",5,60,491,260,231
050,08,039,"Colorado","Elbert County",5,61,489,249,240
050,08,039,"Colorado","Elbert County",5,62,525,272,253
050,08,039,"Colorado","Elbert County",5,63,523,253,270
050,08,039,"Colorado","Elbert County",5,64,458,229,229
050,08,039,"Colorado","Elbert County",5,65,460,229,231
050,08,039,"Colorado","Elbert County",5,66,439,217,222
050,08,039,"Colorado","Elbert County",5,67,445,227,218
050,08,039,"Colorado","Elbert County",5,68,422,213,209
050,08,039,"Colorado","Elbert County",5,69,361,185,176
050,08,039,"Colorado","Elbert County",5,70,358,191,167
050,08,039,"Colorado","Elbert County",5,71,340,154,186
050,08,039,"Colorado","Elbert County",5,72,326,165,161
050,08,039,"Colorado","Elbert County",5,73,290,142,148
050,08,039,"Colorado","Elbert County",5,74,248,125,123
050,08,039,"Colorado","Elbert County",5,75,249,127,122
050,08,039,"Colorado","Elbert County",5,76,265,140,125
050,08,039,"Colorado","Elbert County",5,77,177,95,82
050,08,039,"Colorado","Elbert County",5,78,161,94,67
050,08,039,"Colorado","Elbert County",5,79,144,81,63
050,08,039,"Colorado","Elbert County",5,80,136,66,70
050,08,039,"Colorado","Elbert County",5,81,105,52,53
050,08,039,"Colorado","Elbert County",5,82,91,42,49
050,08,039,"Colorado","Elbert County",5,83,79,36,43
050,08,039,"Colorado","Elbert County",5,84,76,29,47
050,08,039,"Colorado","Elbert County",5,85,402,171,231
050,08,041,"Colorado","El Paso County",1,0,8924,4580,4344
050,08,041,"Colorado","El Paso County",1,1,8993,4674,4319
050,08,041,"Colorado","El Paso County",1,2,9266,4718,4548
050,08,041,"Colorado","El Paso County",1,3,9636,4949,4687
050,08,041,"Colorado","El Paso County",1,4,9669,4921,4748
050,08,041,"Colorado","El Paso County",1,5,9597,4933,4664
050,08,041,"Colorado","El Paso County",1,6,9600,4881,4719
050,08,041,"Colorado","El Paso County",1,7,9497,4803,4694
050,08,041,"Colorado","El Paso County",1,8,9701,5031,4670
050,08,041,"Colorado","El Paso County",1,9,9733,5009,4724
050,08,041,"Colorado","El Paso County",1,10,9902,5099,4803
050,08,041,"Colorado","El Paso County",1,11,9949,5112,4837
050,08,041,"Colorado","El Paso County",1,12,10164,5167,4997
050,08,041,"Colorado","El Paso County",1,13,10166,5212,4954
050,08,041,"Colorado","El Paso County",1,14,9899,5052,4847
050,08,041,"Colorado","El Paso County",1,15,9795,5010,4785
050,08,041,"Colorado","El Paso County",1,16,9926,5122,4804
050,08,041,"Colorado","El Paso County",1,17,9677,4923,4754
050,08,041,"Colorado","El Paso County",1,18,9511,5251,4260
050,08,041,"Colorado","El Paso County",1,19,10288,6025,4263
050,08,041,"Colorado","El Paso County",1,20,11126,6581,4545
050,08,041,"Colorado","El Paso County",1,21,11662,6793,4869
050,08,041,"Colorado","El Paso County",1,22,11638,6700,4938
050,08,041,"Colorado","El Paso County",1,23,11332,6267,5065
050,08,041,"Colorado","El Paso County",1,24,11754,6335,5419
050,08,041,"Colorado","El Paso County",1,25,11951,6425,5526
050,08,041,"Colorado","El Paso County",1,26,11829,6405,5424
050,08,041,"Colorado","El Paso County",1,27,12100,6535,5565
050,08,041,"Colorado","El Paso County",1,28,12276,6573,5703
050,08,041,"Colorado","El Paso County",1,29,11983,6267,5716
050,08,041,"Colorado","El Paso County",1,30,11647,6081,5566
050,08,041,"Colorado","El Paso County",1,31,11277,5757,5520
050,08,041,"Colorado","El Paso County",1,32,11014,5679,5335
050,08,041,"Colorado","El Paso County",1,33,11311,5874,5437
050,08,041,"Colorado","El Paso County",1,34,11293,5880,5413
050,08,041,"Colorado","El Paso County",1,35,10917,5640,5277
050,08,041,"Colorado","El Paso County",1,36,10692,5539,5153
050,08,041,"Colorado","El Paso County",1,37,10582,5520,5062
050,08,041,"Colorado","El Paso County",1,38,10207,5304,4903
050,08,041,"Colorado","El Paso County",1,39,10177,5211,4966
050,08,041,"Colorado","El Paso County",1,40,9661,4923,4738
050,08,041,"Colorado","El Paso County",1,41,9108,4609,4499
050,08,041,"Colorado","El Paso County",1,42,8838,4443,4395
050,08,041,"Colorado","El Paso County",1,43,8487,4354,4133
050,08,041,"Colorado","El Paso County",1,44,8218,4169,4049
050,08,041,"Colorado","El Paso County",1,45,8335,4285,4050
050,08,041,"Colorado","El Paso County",1,46,8108,4135,3973
050,08,041,"Colorado","El Paso County",1,47,8113,4083,4030
050,08,041,"Colorado","El Paso County",1,48,8606,4338,4268
050,08,041,"Colorado","El Paso County",1,49,8925,4524,4401
050,08,041,"Colorado","El Paso County",1,50,8360,4254,4106
050,08,041,"Colorado","El Paso County",1,51,8254,4130,4124
050,08,041,"Colorado","El Paso County",1,52,7951,3969,3982
050,08,041,"Colorado","El Paso County",1,53,7995,3927,4068
050,08,041,"Colorado","El Paso County",1,54,8102,3958,4144
050,08,041,"Colorado","El Paso County",1,55,8828,4325,4503
050,08,041,"Colorado","El Paso County",1,56,9042,4355,4687
050,08,041,"Colorado","El Paso County",1,57,9038,4393,4645
050,08,041,"Colorado","El Paso County",1,58,9134,4454,4680
050,08,041,"Colorado","El Paso County",1,59,9046,4416,4630
050,08,041,"Colorado","El Paso County",1,60,8782,4344,4438
050,08,041,"Colorado","El Paso County",1,61,8424,4131,4293
050,08,041,"Colorado","El Paso County",1,62,8313,4020,4293
050,08,041,"Colorado","El Paso County",1,63,8082,3850,4232
050,08,041,"Colorado","El Paso County",1,64,7657,3654,4003
050,08,041,"Colorado","El Paso County",1,65,7356,3502,3854
050,08,041,"Colorado","El Paso County",1,66,6999,3314,3685
050,08,041,"Colorado","El Paso County",1,67,6867,3249,3618
050,08,041,"Colorado","El Paso County",1,68,6565,3157,3408
050,08,041,"Colorado","El Paso County",1,69,6064,2831,3233
050,08,041,"Colorado","El Paso County",1,70,5846,2751,3095
050,08,041,"Colorado","El Paso County",1,71,5613,2635,2978
050,08,041,"Colorado","El Paso County",1,72,5658,2642,3016
050,08,041,"Colorado","El Paso County",1,73,5691,2728,2963
050,08,041,"Colorado","El Paso County",1,74,3860,1770,2090
050,08,041,"Colorado","El Paso County",1,75,3769,1711,2058
050,08,041,"Colorado","El Paso County",1,76,3744,1725,2019
050,08,041,"Colorado","El Paso County",1,77,3439,1560,1879
050,08,041,"Colorado","El Paso County",1,78,2927,1303,1624
050,08,041,"Colorado","El Paso County",1,79,2585,1136,1449
050,08,041,"Colorado","El Paso County",1,80,2329,1003,1326
050,08,041,"Colorado","El Paso County",1,81,2189,944,1245
050,08,041,"Colorado","El Paso County",1,82,2033,839,1194
050,08,041,"Colorado","El Paso County",1,83,1829,730,1099
050,08,041,"Colorado","El Paso County",1,84,1672,655,1017
050,08,041,"Colorado","El Paso County",1,85,9302,3428,5874
050,08,041,"Colorado","El Paso County",2,0,8896,4614,4282
050,08,041,"Colorado","El Paso County",2,1,8970,4641,4329
050,08,041,"Colorado","El Paso County",2,2,9215,4716,4499
050,08,041,"Colorado","El Paso County",2,3,9525,4887,4638
050,08,041,"Colorado","El Paso County",2,4,9673,4936,4737
050,08,041,"Colorado","El Paso County",2,5,9622,4929,4693
050,08,041,"Colorado","El Paso County",2,6,9620,4895,4725
050,08,041,"Colorado","El Paso County",2,7,9550,4844,4706
050,08,041,"Colorado","El Paso County",2,8,9639,4970,4669
050,08,041,"Colorado","El Paso County",2,9,9732,5033,4699
050,08,041,"Colorado","El Paso County",2,10,9861,5076,4785
050,08,041,"Colorado","El Paso County",2,11,9884,5071,4813
050,08,041,"Colorado","El Paso County",2,12,10127,5152,4975
050,08,041,"Colorado","El Paso County",2,13,10144,5190,4954
050,08,041,"Colorado","El Paso County",2,14,9950,5083,4867
050,08,041,"Colorado","El Paso County",2,15,9836,5040,4796
050,08,041,"Colorado","El Paso County",2,16,9886,5082,4804
050,08,041,"Colorado","El Paso County",2,17,9743,4979,4764
050,08,041,"Colorado","El Paso County",2,18,9563,5260,4303
050,08,041,"Colorado","El Paso County",2,19,10349,6050,4299
050,08,041,"Colorado","El Paso County",2,20,11203,6593,4610
050,08,041,"Colorado","El Paso County",2,21,11632,6777,4855
050,08,041,"Colorado","El Paso County",2,22,11693,6701,4992
050,08,041,"Colorado","El Paso County",2,23,11413,6312,5101
050,08,041,"Colorado","El Paso County",2,24,11725,6336,5389
050,08,041,"Colorado","El Paso County",2,25,11936,6409,5527
050,08,041,"Colorado","El Paso County",2,26,11911,6426,5485
050,08,041,"Colorado","El Paso County",2,27,12050,6515,5535
050,08,041,"Colorado","El Paso County",2,28,12246,6577,5669
050,08,041,"Colorado","El Paso County",2,29,12045,6332,5713
050,08,041,"Colorado","El Paso County",2,30,11808,6160,5648
050,08,041,"Colorado","El Paso County",2,31,11345,5832,5513
050,08,041,"Colorado","El Paso County",2,32,11086,5702,5384
050,08,041,"Colorado","El Paso County",2,33,11255,5834,5421
050,08,041,"Colorado","El Paso County",2,34,11316,5880,5436
050,08,041,"Colorado","El Paso County",2,35,11108,5757,5351
050,08,041,"Colorado","El Paso County",2,36,10681,5529,5152
050,08,041,"Colorado","El Paso County",2,37,10625,5528,5097
050,08,041,"Colorado","El Paso County",2,38,10353,5382,4971
050,08,041,"Colorado","El Paso County",2,39,10185,5238,4947
050,08,041,"Colorado","El Paso County",2,40,9840,5022,4818
050,08,041,"Colorado","El Paso County",2,41,9223,4668,4555
050,08,041,"Colorado","El Paso County",2,42,8882,4471,4411
050,08,041,"Colorado","El Paso County",2,43,8643,4411,4232
050,08,041,"Colorado","El Paso County",2,44,8201,4165,4036
050,08,041,"Colorado","El Paso County",2,45,8337,4273,4064
050,08,041,"Colorado","El Paso County",2,46,8131,4146,3985
050,08,041,"Colorado","El Paso County",2,47,8088,4074,4014
050,08,041,"Colorado","El Paso County",2,48,8471,4267,4204
050,08,041,"Colorado","El Paso County",2,49,8874,4498,4376
050,08,041,"Colorado","El Paso County",2,50,8487,4308,4179
050,08,041,"Colorado","El Paso County",2,51,8242,4135,4107
050,08,041,"Colorado","El Paso County",2,52,8002,3993,4009
050,08,041,"Colorado","El Paso County",2,53,7965,3923,4042
050,08,041,"Colorado","El Paso County",2,54,8038,3931,4107
050,08,041,"Colorado","El Paso County",2,55,8645,4233,4412
050,08,041,"Colorado","El Paso County",2,56,8992,4337,4655
050,08,041,"Colorado","El Paso County",2,57,9040,4377,4663
050,08,041,"Colorado","El Paso County",2,58,9091,4431,4660
050,08,041,"Colorado","El Paso County",2,59,9067,4424,4643
050,08,041,"Colorado","El Paso County",2,60,8819,4340,4479
050,08,041,"Colorado","El Paso County",2,61,8456,4150,4306
050,08,041,"Colorado","El Paso County",2,62,8309,4029,4280
050,08,041,"Colorado","El Paso County",2,63,8166,3904,4262
050,08,041,"Colorado","El Paso County",2,64,7683,3660,4023
050,08,041,"Colorado","El Paso County",2,65,7391,3517,3874
050,08,041,"Colorado","El Paso County",2,66,7072,3351,3721
050,08,041,"Colorado","El Paso County",2,67,6858,3238,3620
050,08,041,"Colorado","El Paso County",2,68,6576,3141,3435
050,08,041,"Colorado","El Paso County",2,69,6197,2907,3290
050,08,041,"Colorado","El Paso County",2,70,5856,2744,3112
050,08,041,"Colorado","El Paso County",2,71,5656,2653,3003
050,08,041,"Colorado","El Paso County",2,72,5551,2596,2955
050,08,041,"Colorado","El Paso County",2,73,5910,2811,3099
050,08,041,"Colorado","El Paso County",2,74,4039,1872,2167
050,08,041,"Colorado","El Paso County",2,75,3789,1715,2074
050,08,041,"Colorado","El Paso County",2,76,3703,1692,2011
050,08,041,"Colorado","El Paso County",2,77,3577,1627,1950
050,08,041,"Colorado","El Paso County",2,78,2973,1328,1645
050,08,041,"Colorado","El Paso County",2,79,2622,1154,1468
050,08,041,"Colorado","El Paso County",2,80,2370,1027,1343
050,08,041,"Colorado","El Paso County",2,81,2192,948,1244
050,08,041,"Colorado","El Paso County",2,82,2056,850,1206
050,08,041,"Colorado","El Paso County",2,83,1845,745,1100
050,08,041,"Colorado","El Paso County",2,84,1674,648,1026
050,08,041,"Colorado","El Paso County",2,85,9384,3456,5928
050,08,041,"Colorado","El Paso County",3,0,9200,4595,4605
050,08,041,"Colorado","El Paso County",3,1,8864,4563,4301
050,08,041,"Colorado","El Paso County",3,2,9111,4765,4346
050,08,041,"Colorado","El Paso County",3,3,9193,4717,4476
050,08,041,"Colorado","El Paso County",3,4,9600,4915,4685
050,08,041,"Colorado","El Paso County",3,5,9689,4953,4736
050,08,041,"Colorado","El Paso County",3,6,9659,4934,4725
050,08,041,"Colorado","El Paso County",3,7,9663,4920,4743
050,08,041,"Colorado","El Paso County",3,8,9581,4878,4703
050,08,041,"Colorado","El Paso County",3,9,9545,4893,4652
050,08,041,"Colorado","El Paso County",3,10,9707,5018,4689
050,08,041,"Colorado","El Paso County",3,11,9793,5020,4773
050,08,041,"Colorado","El Paso County",3,12,9769,5034,4735
050,08,041,"Colorado","El Paso County",3,13,10151,5218,4933
050,08,041,"Colorado","El Paso County",3,14,10073,5118,4955
050,08,041,"Colorado","El Paso County",3,15,9985,5104,4881
050,08,041,"Colorado","El Paso County",3,16,9801,5000,4801
050,08,041,"Colorado","El Paso County",3,17,9780,4987,4793
050,08,041,"Colorado","El Paso County",3,18,9287,5120,4167
050,08,041,"Colorado","El Paso County",3,19,9733,5707,4026
050,08,041,"Colorado","El Paso County",3,20,10770,6289,4481
050,08,041,"Colorado","El Paso County",3,21,11455,6652,4803
050,08,041,"Colorado","El Paso County",3,22,11776,6664,5112
050,08,041,"Colorado","El Paso County",3,23,11393,6293,5100
050,08,041,"Colorado","El Paso County",3,24,11845,6510,5335
050,08,041,"Colorado","El Paso County",3,25,11952,6383,5569
050,08,041,"Colorado","El Paso County",3,26,12175,6473,5702
050,08,041,"Colorado","El Paso County",3,27,12129,6443,5686
050,08,041,"Colorado","El Paso County",3,28,12199,6623,5576
050,08,041,"Colorado","El Paso County",3,29,12325,6566,5759
050,08,041,"Colorado","El Paso County",3,30,12164,6427,5737
050,08,041,"Colorado","El Paso County",3,31,11970,6262,5708
050,08,041,"Colorado","El Paso County",3,32,11358,5834,5524
050,08,041,"Colorado","El Paso County",3,33,11257,5873,5384
050,08,041,"Colorado","El Paso County",3,34,11249,5818,5431
050,08,041,"Colorado","El Paso County",3,35,11480,5946,5534
050,08,041,"Colorado","El Paso County",3,36,11138,5763,5375
050,08,041,"Colorado","El Paso County",3,37,10690,5550,5140
050,08,041,"Colorado","El Paso County",3,38,10654,5527,5127
050,08,041,"Colorado","El Paso County",3,39,10320,5324,4996
050,08,041,"Colorado","El Paso County",3,40,10100,5220,4880
050,08,041,"Colorado","El Paso County",3,41,9836,5008,4828
050,08,041,"Colorado","El Paso County",3,42,9195,4668,4527
050,08,041,"Colorado","El Paso County",3,43,8887,4500,4387
050,08,041,"Colorado","El Paso County",3,44,8557,4328,4229
050,08,041,"Colorado","El Paso County",3,45,8182,4162,4020
050,08,041,"Colorado","El Paso County",3,46,8354,4283,4071
050,08,041,"Colorado","El Paso County",3,47,8034,4094,3940
050,08,041,"Colorado","El Paso County",3,48,7952,4011,3941
050,08,041,"Colorado","El Paso County",3,49,8389,4257,4132
050,08,041,"Colorado","El Paso County",3,50,8785,4456,4329
050,08,041,"Colorado","El Paso County",3,51,8484,4283,4201
050,08,041,"Colorado","El Paso County",3,52,8109,4041,4068
050,08,041,"Colorado","El Paso County",3,53,7920,3946,3974
050,08,041,"Colorado","El Paso County",3,54,7889,3856,4033
050,08,041,"Colorado","El Paso County",3,55,8058,3923,4135
050,08,041,"Colorado","El Paso County",3,56,8511,4155,4356
050,08,041,"Colorado","El Paso County",3,57,8903,4290,4613
050,08,041,"Colorado","El Paso County",3,58,8958,4313,4645
050,08,041,"Colorado","El Paso County",3,59,8923,4323,4600
050,08,041,"Colorado","El Paso County",3,60,8927,4368,4559
050,08,041,"Colorado","El Paso County",3,61,8689,4246,4443
050,08,041,"Colorado","El Paso County",3,62,8357,4086,4271
050,08,041,"Colorado","El Paso County",3,63,8167,3937,4230
050,08,041,"Colorado","El Paso County",3,64,7916,3809,4107
050,08,041,"Colorado","El Paso County",3,65,7481,3545,3936
050,08,041,"Colorado","El Paso County",3,66,7268,3452,3816
050,08,041,"Colorado","El Paso County",3,67,6928,3255,3673
050,08,041,"Colorado","El Paso County",3,68,6738,3164,3574
050,08,041,"Colorado","El Paso County",3,69,6469,3077,3392
050,08,041,"Colorado","El Paso County",3,70,6035,2828,3207
050,08,041,"Colorado","El Paso County",3,71,5718,2675,3043
050,08,041,"Colorado","El Paso County",3,72,5528,2573,2955
050,08,041,"Colorado","El Paso County",3,73,5379,2487,2892
050,08,041,"Colorado","El Paso County",3,74,5759,2726,3033
050,08,041,"Colorado","El Paso County",3,75,3930,1801,2129
050,08,041,"Colorado","El Paso County",3,76,3677,1660,2017
050,08,041,"Colorado","El Paso County",3,77,3590,1636,1954
050,08,041,"Colorado","El Paso County",3,78,3428,1545,1883
050,08,041,"Colorado","El Paso County",3,79,2855,1265,1590
050,08,041,"Colorado","El Paso County",3,80,2523,1086,1437
050,08,041,"Colorado","El Paso County",3,81,2227,953,1274
050,08,041,"Colorado","El Paso County",3,82,2103,889,1214
050,08,041,"Colorado","El Paso County",3,83,1895,771,1124
050,08,041,"Colorado","El Paso County",3,84,1709,664,1045
050,08,041,"Colorado","El Paso County",3,85,9482,3439,6043
050,08,041,"Colorado","El Paso County",4,0,9056,4635,4421
050,08,041,"Colorado","El Paso County",4,1,9127,4623,4504
050,08,041,"Colorado","El Paso County",4,2,8959,4630,4329
050,08,041,"Colorado","El Paso County",4,3,9052,4695,4357
050,08,041,"Colorado","El Paso County",4,4,9053,4673,4380
050,08,041,"Colorado","El Paso County",4,5,9495,4856,4639
050,08,041,"Colorado","El Paso County",4,6,9581,4854,4727
050,08,041,"Colorado","El Paso County",4,7,9557,4943,4614
050,08,041,"Colorado","El Paso County",4,8,9606,4891,4715
050,08,041,"Colorado","El Paso County",4,9,9525,4852,4673
050,08,041,"Colorado","El Paso County",4,10,9469,4841,4628
050,08,041,"Colorado","El Paso County",4,11,9525,4892,4633
050,08,041,"Colorado","El Paso County",4,12,9798,5014,4784
050,08,041,"Colorado","El Paso County",4,13,9764,5040,4724
050,08,041,"Colorado","El Paso County",4,14,10085,5192,4893
050,08,041,"Colorado","El Paso County",4,15,10006,5091,4915
050,08,041,"Colorado","El Paso County",4,16,9879,5018,4861
050,08,041,"Colorado","El Paso County",4,17,9710,4955,4755
050,08,041,"Colorado","El Paso County",4,18,9503,5205,4298
050,08,041,"Colorado","El Paso County",4,19,9958,5761,4197
050,08,041,"Colorado","El Paso County",4,20,10811,6282,4529
050,08,041,"Colorado","El Paso County",4,21,11410,6597,4813
050,08,041,"Colorado","El Paso County",4,22,11700,6657,5043
050,08,041,"Colorado","El Paso County",4,23,11497,6300,5197
050,08,041,"Colorado","El Paso County",4,24,11696,6303,5393
050,08,041,"Colorado","El Paso County",4,25,12068,6538,5530
050,08,041,"Colorado","El Paso County",4,26,12247,6497,5750
050,08,041,"Colorado","El Paso County",4,27,12289,6474,5815
050,08,041,"Colorado","El Paso County",4,28,12184,6513,5671
050,08,041,"Colorado","El Paso County",4,29,12347,6662,5685
050,08,041,"Colorado","El Paso County",4,30,12521,6689,5832
050,08,041,"Colorado","El Paso County",4,31,12207,6499,5708
050,08,041,"Colorado","El Paso County",4,32,12044,6281,5763
050,08,041,"Colorado","El Paso County",4,33,11446,5890,5556
050,08,041,"Colorado","El Paso County",4,34,11265,5918,5347
050,08,041,"Colorado","El Paso County",4,35,11346,5929,5417
050,08,041,"Colorado","El Paso County",4,36,11420,5908,5512
050,08,041,"Colorado","El Paso County",4,37,11157,5759,5398
050,08,041,"Colorado","El Paso County",4,38,10691,5514,5177
050,08,041,"Colorado","El Paso County",4,39,10585,5457,5128
050,08,041,"Colorado","El Paso County",4,40,10223,5240,4983
050,08,041,"Colorado","El Paso County",4,41,10028,5178,4850
050,08,041,"Colorado","El Paso County",4,42,9660,4894,4766
050,08,041,"Colorado","El Paso County",4,43,9159,4677,4482
050,08,041,"Colorado","El Paso County",4,44,8762,4391,4371
050,08,041,"Colorado","El Paso County",4,45,8463,4295,4168
050,08,041,"Colorado","El Paso County",4,46,8119,4109,4010
050,08,041,"Colorado","El Paso County",4,47,8229,4199,4030
050,08,041,"Colorado","El Paso County",4,48,7917,4038,3879
050,08,041,"Colorado","El Paso County",4,49,7827,3902,3925
050,08,041,"Colorado","El Paso County",4,50,8230,4163,4067
050,08,041,"Colorado","El Paso County",4,51,8684,4378,4306
050,08,041,"Colorado","El Paso County",4,52,8379,4209,4170
050,08,041,"Colorado","El Paso County",4,53,8007,3992,4015
050,08,041,"Colorado","El Paso County",4,54,7865,3899,3966
050,08,041,"Colorado","El Paso County",4,55,7774,3828,3946
050,08,041,"Colorado","El Paso County",4,56,7884,3777,4107
050,08,041,"Colorado","El Paso County",4,57,8382,4101,4281
050,08,041,"Colorado","El Paso County",4,58,8700,4202,4498
050,08,041,"Colorado","El Paso County",4,59,8768,4219,4549
050,08,041,"Colorado","El Paso County",4,60,8764,4249,4515
050,08,041,"Colorado","El Paso County",4,61,8703,4227,4476
050,08,041,"Colorado","El Paso County",4,62,8515,4171,4344
050,08,041,"Colorado","El Paso County",4,63,8108,3915,4193
050,08,041,"Colorado","El Paso County",4,64,7988,3839,4149
050,08,041,"Colorado","El Paso County",4,65,7769,3753,4016
050,08,041,"Colorado","El Paso County",4,66,7262,3444,3818
050,08,041,"Colorado","El Paso County",4,67,7073,3331,3742
050,08,041,"Colorado","El Paso County",4,68,6762,3140,3622
050,08,041,"Colorado","El Paso County",4,69,6541,3046,3495
050,08,041,"Colorado","El Paso County",4,70,6257,2977,3280
050,08,041,"Colorado","El Paso County",4,71,5934,2760,3174
050,08,041,"Colorado","El Paso County",4,72,5545,2564,2981
050,08,041,"Colorado","El Paso County",4,73,5332,2445,2887
050,08,041,"Colorado","El Paso County",4,74,5197,2425,2772
050,08,041,"Colorado","El Paso County",4,75,5530,2583,2947
050,08,041,"Colorado","El Paso County",4,76,3778,1720,2058
050,08,041,"Colorado","El Paso County",4,77,3531,1582,1949
050,08,041,"Colorado","El Paso County",4,78,3439,1565,1874
050,08,041,"Colorado","El Paso County",4,79,3288,1463,1825
050,08,041,"Colorado","El Paso County",4,80,2718,1173,1545
050,08,041,"Colorado","El Paso County",4,81,2369,1001,1368
050,08,041,"Colorado","El Paso County",4,82,2117,891,1226
050,08,041,"Colorado","El Paso County",4,83,1943,820,1123
050,08,041,"Colorado","El Paso County",4,84,1745,670,1075
050,08,041,"Colorado","El Paso County",4,85,9689,3504,6185
050,08,041,"Colorado","El Paso County",5,0,8994,4598,4396
050,08,041,"Colorado","El Paso County",5,1,9046,4574,4472
050,08,041,"Colorado","El Paso County",5,2,9075,4659,4416
050,08,041,"Colorado","El Paso County",5,3,8895,4633,4262
050,08,041,"Colorado","El Paso County",5,4,8994,4692,4302
050,08,041,"Colorado","El Paso County",5,5,9156,4751,4405
050,08,041,"Colorado","El Paso County",5,6,9503,4859,4644
050,08,041,"Colorado","El Paso County",5,7,9573,4876,4697
050,08,041,"Colorado","El Paso County",5,8,9535,4968,4567
050,08,041,"Colorado","El Paso County",5,9,9494,4852,4642
050,08,041,"Colorado","El Paso County",5,10,9510,4853,4657
050,08,041,"Colorado","El Paso County",5,11,9500,4855,4645
050,08,041,"Colorado","El Paso County",5,12,9496,4890,4606
050,08,041,"Colorado","El Paso County",5,13,9708,5014,4694
050,08,041,"Colorado","El Paso County",5,14,9588,4931,4657
050,08,041,"Colorado","El Paso County",5,15,10159,5217,4942
050,08,041,"Colorado","El Paso County",5,16,9888,5005,4883
050,08,041,"Colorado","El Paso County",5,17,9823,4980,4843
050,08,041,"Colorado","El Paso County",5,18,9357,5142,4215
050,08,041,"Colorado","El Paso County",5,19,9846,5755,4091
050,08,041,"Colorado","El Paso County",5,20,10622,6140,4482
050,08,041,"Colorado","El Paso County",5,21,11184,6466,4718
050,08,041,"Colorado","El Paso County",5,22,11491,6522,4969
050,08,041,"Colorado","El Paso County",5,23,11447,6281,5166
050,08,041,"Colorado","El Paso County",5,24,11806,6325,5481
050,08,041,"Colorado","El Paso County",5,25,11935,6439,5496
050,08,041,"Colorado","El Paso County",5,26,12241,6555,5686
050,08,041,"Colorado","El Paso County",5,27,12376,6544,5832
050,08,041,"Colorado","El Paso County",5,28,12353,6420,5933
050,08,041,"Colorado","El Paso County",5,29,12326,6574,5752
050,08,041,"Colorado","El Paso County",5,30,12428,6667,5761
050,08,041,"Colorado","El Paso County",5,31,12572,6766,5806
050,08,041,"Colorado","El Paso County",5,32,12173,6403,5770
050,08,041,"Colorado","El Paso County",5,33,12151,6350,5801
050,08,041,"Colorado","El Paso County",5,34,11500,5941,5559
050,08,041,"Colorado","El Paso County",5,35,11353,5986,5367
050,08,041,"Colorado","El Paso County",5,36,11447,5950,5497
050,08,041,"Colorado","El Paso County",5,37,11420,5880,5540
050,08,041,"Colorado","El Paso County",5,38,11124,5752,5372
050,08,041,"Colorado","El Paso County",5,39,10633,5465,5168
050,08,041,"Colorado","El Paso County",5,40,10559,5459,5100
050,08,041,"Colorado","El Paso County",5,41,10229,5252,4977
050,08,041,"Colorado","El Paso County",5,42,10012,5164,4848
050,08,041,"Colorado","El Paso County",5,43,9691,4932,4759
050,08,041,"Colorado","El Paso County",5,44,9111,4613,4498
050,08,041,"Colorado","El Paso County",5,45,8748,4403,4345
050,08,041,"Colorado","El Paso County",5,46,8384,4233,4151
050,08,041,"Colorado","El Paso County",5,47,8033,4050,3983
050,08,041,"Colorado","El Paso County",5,48,8087,4126,3961
050,08,041,"Colorado","El Paso County",5,49,7868,4013,3855
050,08,041,"Colorado","El Paso County",5,50,7735,3841,3894
050,08,041,"Colorado","El Paso County",5,51,8078,4068,4010
050,08,041,"Colorado","El Paso County",5,52,8559,4296,4263
050,08,041,"Colorado","El Paso County",5,53,8264,4151,4113
050,08,041,"Colorado","El Paso County",5,54,7862,3925,3937
050,08,041,"Colorado","El Paso County",5,55,7678,3816,3862
050,08,041,"Colorado","El Paso County",5,56,7625,3721,3904
050,08,041,"Colorado","El Paso County",5,57,7697,3688,4009
050,08,041,"Colorado","El Paso County",5,58,8226,4027,4199
050,08,041,"Colorado","El Paso County",5,59,8545,4101,4444
050,08,041,"Colorado","El Paso County",5,60,8548,4084,4464
050,08,041,"Colorado","El Paso County",5,61,8583,4147,4436
050,08,041,"Colorado","El Paso County",5,62,8562,4135,4427
050,08,041,"Colorado","El Paso County",5,63,8306,4056,4250
050,08,041,"Colorado","El Paso County",5,64,7999,3821,4178
050,08,041,"Colorado","El Paso County",5,65,7841,3776,4065
050,08,041,"Colorado","El Paso County",5,66,7593,3659,3934
050,08,041,"Colorado","El Paso County",5,67,7148,3375,3773
050,08,041,"Colorado","El Paso County",5,68,6959,3262,3697
050,08,041,"Colorado","El Paso County",5,69,6646,3055,3591
050,08,041,"Colorado","El Paso County",5,70,6416,2962,3454
050,08,041,"Colorado","El Paso County",5,71,6146,2903,3243
050,08,041,"Colorado","El Paso County",5,72,5782,2665,3117
050,08,041,"Colorado","El Paso County",5,73,5386,2460,2926
050,08,041,"Colorado","El Paso County",5,74,5171,2378,2793
050,08,041,"Colorado","El Paso County",5,75,5033,2325,2708
050,08,041,"Colorado","El Paso County",5,76,5385,2517,2868
050,08,041,"Colorado","El Paso County",5,77,3639,1649,1990
050,08,041,"Colorado","El Paso County",5,78,3397,1513,1884
050,08,041,"Colorado","El Paso County",5,79,3296,1489,1807
050,08,041,"Colorado","El Paso County",5,80,3159,1396,1763
050,08,041,"Colorado","El Paso County",5,81,2543,1082,1461
050,08,041,"Colorado","El Paso County",5,82,2265,925,1340
050,08,041,"Colorado","El Paso County",5,83,1936,816,1120
050,08,041,"Colorado","El Paso County",5,84,1787,723,1064
050,08,041,"Colorado","El Paso County",5,85,9976,3590,6386
050,08,043,"Colorado","Fremont County",1,0,384,196,188
050,08,043,"Colorado","Fremont County",1,1,381,183,198
050,08,043,"Colorado","Fremont County",1,2,393,208,185
050,08,043,"Colorado","Fremont County",1,3,401,209,192
050,08,043,"Colorado","Fremont County",1,4,405,203,202
050,08,043,"Colorado","Fremont County",1,5,442,232,210
050,08,043,"Colorado","Fremont County",1,6,437,235,202
050,08,043,"Colorado","Fremont County",1,7,389,195,194
050,08,043,"Colorado","Fremont County",1,8,423,203,220
050,08,043,"Colorado","Fremont County",1,9,433,220,213
050,08,043,"Colorado","Fremont County",1,10,424,204,220
050,08,043,"Colorado","Fremont County",1,11,467,228,239
050,08,043,"Colorado","Fremont County",1,12,476,253,223
050,08,043,"Colorado","Fremont County",1,13,483,252,231
050,08,043,"Colorado","Fremont County",1,14,513,260,253
050,08,043,"Colorado","Fremont County",1,15,481,244,237
050,08,043,"Colorado","Fremont County",1,16,481,250,231
050,08,043,"Colorado","Fremont County",1,17,475,239,236
050,08,043,"Colorado","Fremont County",1,18,416,216,200
050,08,043,"Colorado","Fremont County",1,19,348,194,154
050,08,043,"Colorado","Fremont County",1,20,417,250,167
050,08,043,"Colorado","Fremont County",1,21,438,279,159
050,08,043,"Colorado","Fremont County",1,22,475,291,184
050,08,043,"Colorado","Fremont County",1,23,537,349,188
050,08,043,"Colorado","Fremont County",1,24,581,406,175
050,08,043,"Colorado","Fremont County",1,25,597,427,170
050,08,043,"Colorado","Fremont County",1,26,623,449,174
050,08,043,"Colorado","Fremont County",1,27,698,486,212
050,08,043,"Colorado","Fremont County",1,28,749,536,213
050,08,043,"Colorado","Fremont County",1,29,715,502,213
050,08,043,"Colorado","Fremont County",1,30,735,528,207
050,08,043,"Colorado","Fremont County",1,31,696,471,225
050,08,043,"Colorado","Fremont County",1,32,710,488,222
050,08,043,"Colorado","Fremont County",1,33,696,485,211
050,08,043,"Colorado","Fremont County",1,34,638,440,198
050,08,043,"Colorado","Fremont County",1,35,728,502,226
050,08,043,"Colorado","Fremont County",1,36,708,478,230
050,08,043,"Colorado","Fremont County",1,37,684,454,230
050,08,043,"Colorado","Fremont County",1,38,675,451,224
050,08,043,"Colorado","Fremont County",1,39,718,502,216
050,08,043,"Colorado","Fremont County",1,40,652,434,218
050,08,043,"Colorado","Fremont County",1,41,647,427,220
050,08,043,"Colorado","Fremont County",1,42,673,459,214
050,08,043,"Colorado","Fremont County",1,43,598,385,213
050,08,043,"Colorado","Fremont County",1,44,554,371,183
050,08,043,"Colorado","Fremont County",1,45,596,404,192
050,08,043,"Colorado","Fremont County",1,46,603,407,196
050,08,043,"Colorado","Fremont County",1,47,608,402,206
050,08,043,"Colorado","Fremont County",1,48,618,395,223
050,08,043,"Colorado","Fremont County",1,49,660,412,248
050,08,043,"Colorado","Fremont County",1,50,670,428,242
050,08,043,"Colorado","Fremont County",1,51,628,391,237
050,08,043,"Colorado","Fremont County",1,52,599,364,235
050,08,043,"Colorado","Fremont County",1,53,630,359,271
050,08,043,"Colorado","Fremont County",1,54,614,341,273
050,08,043,"Colorado","Fremont County",1,55,638,352,286
050,08,043,"Colorado","Fremont County",1,56,656,345,311
050,08,043,"Colorado","Fremont County",1,57,738,378,360
050,08,043,"Colorado","Fremont County",1,58,735,370,365
050,08,043,"Colorado","Fremont County",1,59,749,361,388
050,08,043,"Colorado","Fremont County",1,60,758,374,384
050,08,043,"Colorado","Fremont County",1,61,731,368,363
050,08,043,"Colorado","Fremont County",1,62,742,378,364
050,08,043,"Colorado","Fremont County",1,63,735,387,348
050,08,043,"Colorado","Fremont County",1,64,726,357,369
050,08,043,"Colorado","Fremont County",1,65,733,362,371
050,08,043,"Colorado","Fremont County",1,66,709,348,361
050,08,043,"Colorado","Fremont County",1,67,748,376,372
050,08,043,"Colorado","Fremont County",1,68,714,351,363
050,08,043,"Colorado","Fremont County",1,69,683,343,340
050,08,043,"Colorado","Fremont County",1,70,664,334,330
050,08,043,"Colorado","Fremont County",1,71,644,320,324
050,08,043,"Colorado","Fremont County",1,72,644,333,311
050,08,043,"Colorado","Fremont County",1,73,622,319,303
050,08,043,"Colorado","Fremont County",1,74,418,185,233
050,08,043,"Colorado","Fremont County",1,75,435,216,219
050,08,043,"Colorado","Fremont County",1,76,453,221,232
050,08,043,"Colorado","Fremont County",1,77,439,227,212
050,08,043,"Colorado","Fremont County",1,78,387,189,198
050,08,043,"Colorado","Fremont County",1,79,314,145,169
050,08,043,"Colorado","Fremont County",1,80,307,137,170
050,08,043,"Colorado","Fremont County",1,81,279,128,151
050,08,043,"Colorado","Fremont County",1,82,236,123,113
050,08,043,"Colorado","Fremont County",1,83,233,114,119
050,08,043,"Colorado","Fremont County",1,84,209,109,100
050,08,043,"Colorado","Fremont County",1,85,1035,436,599
050,08,043,"Colorado","Fremont County",2,0,384,197,187
050,08,043,"Colorado","Fremont County",2,1,384,188,196
050,08,043,"Colorado","Fremont County",2,2,391,202,189
050,08,043,"Colorado","Fremont County",2,3,397,206,191
050,08,043,"Colorado","Fremont County",2,4,406,205,201
050,08,043,"Colorado","Fremont County",2,5,434,226,208
050,08,043,"Colorado","Fremont County",2,6,439,235,204
050,08,043,"Colorado","Fremont County",2,7,399,205,194
050,08,043,"Colorado","Fremont County",2,8,414,201,213
050,08,043,"Colorado","Fremont County",2,9,430,214,216
050,08,043,"Colorado","Fremont County",2,10,427,208,219
050,08,043,"Colorado","Fremont County",2,11,456,224,232
050,08,043,"Colorado","Fremont County",2,12,476,248,228
050,08,043,"Colorado","Fremont County",2,13,485,255,230
050,08,043,"Colorado","Fremont County",2,14,512,263,249
050,08,043,"Colorado","Fremont County",2,15,492,251,241
050,08,043,"Colorado","Fremont County",2,16,485,250,235
050,08,043,"Colorado","Fremont County",2,17,479,242,237
050,08,043,"Colorado","Fremont County",2,18,410,214,196
050,08,043,"Colorado","Fremont County",2,19,349,192,157
050,08,043,"Colorado","Fremont County",2,20,417,251,166
050,08,043,"Colorado","Fremont County",2,21,440,280,160
050,08,043,"Colorado","Fremont County",2,22,470,290,180
050,08,043,"Colorado","Fremont County",2,23,535,345,190
050,08,043,"Colorado","Fremont County",2,24,576,395,181
050,08,043,"Colorado","Fremont County",2,25,601,429,172
050,08,043,"Colorado","Fremont County",2,26,620,442,178
050,08,043,"Colorado","Fremont County",2,27,686,479,207
050,08,043,"Colorado","Fremont County",2,28,744,532,212
050,08,043,"Colorado","Fremont County",2,29,711,499,212
050,08,043,"Colorado","Fremont County",2,30,729,517,212
050,08,043,"Colorado","Fremont County",2,31,689,470,219
050,08,043,"Colorado","Fremont County",2,32,708,486,222
050,08,043,"Colorado","Fremont County",2,33,688,476,212
050,08,043,"Colorado","Fremont County",2,34,645,442,203
050,08,043,"Colorado","Fremont County",2,35,715,493,222
050,08,043,"Colorado","Fremont County",2,36,700,471,229
050,08,043,"Colorado","Fremont County",2,37,684,454,230
050,08,043,"Colorado","Fremont County",2,38,680,450,230
050,08,043,"Colorado","Fremont County",2,39,711,493,218
050,08,043,"Colorado","Fremont County",2,40,656,436,220
050,08,043,"Colorado","Fremont County",2,41,651,431,220
050,08,043,"Colorado","Fremont County",2,42,667,453,214
050,08,043,"Colorado","Fremont County",2,43,608,390,218
050,08,043,"Colorado","Fremont County",2,44,563,374,189
050,08,043,"Colorado","Fremont County",2,45,595,400,195
050,08,043,"Colorado","Fremont County",2,46,596,402,194
050,08,043,"Colorado","Fremont County",2,47,601,399,202
050,08,043,"Colorado","Fremont County",2,48,610,392,218
050,08,043,"Colorado","Fremont County",2,49,653,408,245
050,08,043,"Colorado","Fremont County",2,50,665,422,243
050,08,043,"Colorado","Fremont County",2,51,633,395,238
050,08,043,"Colorado","Fremont County",2,52,592,358,234
050,08,043,"Colorado","Fremont County",2,53,619,355,264
050,08,043,"Colorado","Fremont County",2,54,615,341,274
050,08,043,"Colorado","Fremont County",2,55,629,344,285
050,08,043,"Colorado","Fremont County",2,56,657,347,310
050,08,043,"Colorado","Fremont County",2,57,717,367,350
050,08,043,"Colorado","Fremont County",2,58,740,374,366
050,08,043,"Colorado","Fremont County",2,59,750,364,386
050,08,043,"Colorado","Fremont County",2,60,757,372,385
050,08,043,"Colorado","Fremont County",2,61,735,366,369
050,08,043,"Colorado","Fremont County",2,62,738,376,362
050,08,043,"Colorado","Fremont County",2,63,741,386,355
050,08,043,"Colorado","Fremont County",2,64,720,357,363
050,08,043,"Colorado","Fremont County",2,65,734,363,371
050,08,043,"Colorado","Fremont County",2,66,715,350,365
050,08,043,"Colorado","Fremont County",2,67,742,373,369
050,08,043,"Colorado","Fremont County",2,68,717,354,363
050,08,043,"Colorado","Fremont County",2,69,689,343,346
050,08,043,"Colorado","Fremont County",2,70,664,334,330
050,08,043,"Colorado","Fremont County",2,71,650,323,327
050,08,043,"Colorado","Fremont County",2,72,631,322,309
050,08,043,"Colorado","Fremont County",2,73,656,337,319
050,08,043,"Colorado","Fremont County",2,74,435,202,233
050,08,043,"Colorado","Fremont County",2,75,428,208,220
050,08,043,"Colorado","Fremont County",2,76,437,214,223
050,08,043,"Colorado","Fremont County",2,77,453,231,222
050,08,043,"Colorado","Fremont County",2,78,390,193,197
050,08,043,"Colorado","Fremont County",2,79,324,150,174
050,08,043,"Colorado","Fremont County",2,80,304,137,167
050,08,043,"Colorado","Fremont County",2,81,282,128,154
050,08,043,"Colorado","Fremont County",2,82,245,125,120
050,08,043,"Colorado","Fremont County",2,83,228,113,115
050,08,043,"Colorado","Fremont County",2,84,209,105,104
050,08,043,"Colorado","Fremont County",2,85,1039,442,597
050,08,043,"Colorado","Fremont County",3,0,380,191,189
050,08,043,"Colorado","Fremont County",3,1,405,205,200
050,08,043,"Colorado","Fremont County",3,2,394,192,202
050,08,043,"Colorado","Fremont County",3,3,398,207,191
050,08,043,"Colorado","Fremont County",3,4,410,214,196
050,08,043,"Colorado","Fremont County",3,5,431,225,206
050,08,043,"Colorado","Fremont County",3,6,465,249,216
050,08,043,"Colorado","Fremont County",3,7,452,246,206
050,08,043,"Colorado","Fremont County",3,8,414,216,198
050,08,043,"Colorado","Fremont County",3,9,426,209,217
050,08,043,"Colorado","Fremont County",3,10,439,219,220
050,08,043,"Colorado","Fremont County",3,11,433,217,216
050,08,043,"Colorado","Fremont County",3,12,458,220,238
050,08,043,"Colorado","Fremont County",3,13,485,247,238
050,08,043,"Colorado","Fremont County",3,14,494,264,230
050,08,043,"Colorado","Fremont County",3,15,516,265,251
050,08,043,"Colorado","Fremont County",3,16,486,244,242
050,08,043,"Colorado","Fremont County",3,17,492,257,235
050,08,043,"Colorado","Fremont County",3,18,413,220,193
050,08,043,"Colorado","Fremont County",3,19,340,185,155
050,08,043,"Colorado","Fremont County",3,20,413,249,164
050,08,043,"Colorado","Fremont County",3,21,459,282,177
050,08,043,"Colorado","Fremont County",3,22,482,309,173
050,08,043,"Colorado","Fremont County",3,23,536,349,187
050,08,043,"Colorado","Fremont County",3,24,581,375,206
050,08,043,"Colorado","Fremont County",3,25,588,406,182
050,08,043,"Colorado","Fremont County",3,26,613,441,172
050,08,043,"Colorado","Fremont County",3,27,648,467,181
050,08,043,"Colorado","Fremont County",3,28,789,554,235
050,08,043,"Colorado","Fremont County",3,29,720,512,208
050,08,043,"Colorado","Fremont County",3,30,725,509,216
050,08,043,"Colorado","Fremont County",3,31,701,478,223
050,08,043,"Colorado","Fremont County",3,32,724,496,228
050,08,043,"Colorado","Fremont County",3,33,702,471,231
050,08,043,"Colorado","Fremont County",3,34,670,449,221
050,08,043,"Colorado","Fremont County",3,35,704,489,215
050,08,043,"Colorado","Fremont County",3,36,707,476,231
050,08,043,"Colorado","Fremont County",3,37,695,466,229
050,08,043,"Colorado","Fremont County",3,38,698,460,238
050,08,043,"Colorado","Fremont County",3,39,726,484,242
050,08,043,"Colorado","Fremont County",3,40,648,438,210
050,08,043,"Colorado","Fremont County",3,41,695,460,235
050,08,043,"Colorado","Fremont County",3,42,686,473,213
050,08,043,"Colorado","Fremont County",3,43,633,411,222
050,08,043,"Colorado","Fremont County",3,44,609,396,213
050,08,043,"Colorado","Fremont County",3,45,589,393,196
050,08,043,"Colorado","Fremont County",3,46,584,396,188
050,08,043,"Colorado","Fremont County",3,47,571,383,188
050,08,043,"Colorado","Fremont County",3,48,585,377,208
050,08,043,"Colorado","Fremont County",3,49,616,394,222
050,08,043,"Colorado","Fremont County",3,50,667,415,252
050,08,043,"Colorado","Fremont County",3,51,659,416,243
050,08,043,"Colorado","Fremont County",3,52,590,348,242
050,08,043,"Colorado","Fremont County",3,53,577,335,242
050,08,043,"Colorado","Fremont County",3,54,627,349,278
050,08,043,"Colorado","Fremont County",3,55,602,323,279
050,08,043,"Colorado","Fremont County",3,56,641,348,293
050,08,043,"Colorado","Fremont County",3,57,668,352,316
050,08,043,"Colorado","Fremont County",3,58,725,372,353
050,08,043,"Colorado","Fremont County",3,59,741,370,371
050,08,043,"Colorado","Fremont County",3,60,750,356,394
050,08,043,"Colorado","Fremont County",3,61,761,379,382
050,08,043,"Colorado","Fremont County",3,62,739,373,366
050,08,043,"Colorado","Fremont County",3,63,743,369,374
050,08,043,"Colorado","Fremont County",3,64,763,389,374
050,08,043,"Colorado","Fremont County",3,65,734,363,371
050,08,043,"Colorado","Fremont County",3,66,721,354,367
050,08,043,"Colorado","Fremont County",3,67,717,354,363
050,08,043,"Colorado","Fremont County",3,68,744,376,368
050,08,043,"Colorado","Fremont County",3,69,694,333,361
050,08,043,"Colorado","Fremont County",3,70,678,338,340
050,08,043,"Colorado","Fremont County",3,71,655,321,334
050,08,043,"Colorado","Fremont County",3,72,621,308,313
050,08,043,"Colorado","Fremont County",3,73,605,311,294
050,08,043,"Colorado","Fremont County",3,74,624,310,314
050,08,043,"Colorado","Fremont County",3,75,415,195,220
050,08,043,"Colorado","Fremont County",3,76,411,197,214
050,08,043,"Colorado","Fremont County",3,77,411,202,209
050,08,043,"Colorado","Fremont County",3,78,436,214,222
050,08,043,"Colorado","Fremont County",3,79,361,174,187
050,08,043,"Colorado","Fremont County",3,80,303,139,164
050,08,043,"Colorado","Fremont County",3,81,298,134,164
050,08,043,"Colorado","Fremont County",3,82,251,118,133
050,08,043,"Colorado","Fremont County",3,83,229,118,111
050,08,043,"Colorado","Fremont County",3,84,203,99,104
050,08,043,"Colorado","Fremont County",3,85,1045,447,598
050,08,043,"Colorado","Fremont County",4,0,363,189,174
050,08,043,"Colorado","Fremont County",4,1,379,185,194
050,08,043,"Colorado","Fremont County",4,2,391,192,199
050,08,043,"Colorado","Fremont County",4,3,412,214,198
050,08,043,"Colorado","Fremont County",4,4,397,200,197
050,08,043,"Colorado","Fremont County",4,5,412,213,199
050,08,043,"Colorado","Fremont County",4,6,440,230,210
050,08,043,"Colorado","Fremont County",4,7,453,243,210
050,08,043,"Colorado","Fremont County",4,8,453,246,207
050,08,043,"Colorado","Fremont County",4,9,409,211,198
050,08,043,"Colorado","Fremont County",4,10,428,212,216
050,08,043,"Colorado","Fremont County",4,11,429,210,219
050,08,043,"Colorado","Fremont County",4,12,448,231,217
050,08,043,"Colorado","Fremont County",4,13,458,222,236
050,08,043,"Colorado","Fremont County",4,14,485,247,238
050,08,043,"Colorado","Fremont County",4,15,502,271,231
050,08,043,"Colorado","Fremont County",4,16,525,273,252
050,08,043,"Colorado","Fremont County",4,17,485,250,235
050,08,043,"Colorado","Fremont County",4,18,420,234,186
050,08,043,"Colorado","Fremont County",4,19,329,169,160
050,08,043,"Colorado","Fremont County",4,20,397,239,158
050,08,043,"Colorado","Fremont County",4,21,463,300,163
050,08,043,"Colorado","Fremont County",4,22,518,319,199
050,08,043,"Colorado","Fremont County",4,23,545,368,177
050,08,043,"Colorado","Fremont County",4,24,583,398,185
050,08,043,"Colorado","Fremont County",4,25,633,419,214
050,08,043,"Colorado","Fremont County",4,26,625,433,192
050,08,043,"Colorado","Fremont County",4,27,665,490,175
050,08,043,"Colorado","Fremont County",4,28,735,557,178
050,08,043,"Colorado","Fremont County",4,29,788,566,222
050,08,043,"Colorado","Fremont County",4,30,764,554,210
050,08,043,"Colorado","Fremont County",4,31,701,476,225
050,08,043,"Colorado","Fremont County",4,32,752,522,230
050,08,043,"Colorado","Fremont County",4,33,733,505,228
050,08,043,"Colorado","Fremont County",4,34,699,459,240
050,08,043,"Colorado","Fremont County",4,35,714,491,223
050,08,043,"Colorado","Fremont County",4,36,716,491,225
050,08,043,"Colorado","Fremont County",4,37,740,499,241
050,08,043,"Colorado","Fremont County",4,38,714,481,233
050,08,043,"Colorado","Fremont County",4,39,752,508,244
050,08,043,"Colorado","Fremont County",4,40,680,446,234
050,08,043,"Colorado","Fremont County",4,41,685,468,217
050,08,043,"Colorado","Fremont County",4,42,729,496,233
050,08,043,"Colorado","Fremont County",4,43,665,447,218
050,08,043,"Colorado","Fremont County",4,44,652,425,227
050,08,043,"Colorado","Fremont County",4,45,651,423,228
050,08,043,"Colorado","Fremont County",4,46,578,396,182
050,08,043,"Colorado","Fremont County",4,47,587,402,185
050,08,043,"Colorado","Fremont County",4,48,580,384,196
050,08,043,"Colorado","Fremont County",4,49,597,384,213
050,08,043,"Colorado","Fremont County",4,50,644,414,230
050,08,043,"Colorado","Fremont County",4,51,654,414,240
050,08,043,"Colorado","Fremont County",4,52,633,390,243
050,08,043,"Colorado","Fremont County",4,53,599,345,254
050,08,043,"Colorado","Fremont County",4,54,564,331,233
050,08,043,"Colorado","Fremont County",4,55,619,341,278
050,08,043,"Colorado","Fremont County",4,56,611,326,285
050,08,043,"Colorado","Fremont County",4,57,636,330,306
050,08,043,"Colorado","Fremont County",4,58,686,361,325
050,08,043,"Colorado","Fremont County",4,59,707,366,341
050,08,043,"Colorado","Fremont County",4,60,754,381,373
050,08,043,"Colorado","Fremont County",4,61,762,364,398
050,08,043,"Colorado","Fremont County",4,62,765,382,383
050,08,043,"Colorado","Fremont County",4,63,721,358,363
050,08,043,"Colorado","Fremont County",4,64,722,349,373
050,08,043,"Colorado","Fremont County",4,65,762,384,378
050,08,043,"Colorado","Fremont County",4,66,715,348,367
050,08,043,"Colorado","Fremont County",4,67,733,369,364
050,08,043,"Colorado","Fremont County",4,68,709,344,365
050,08,043,"Colorado","Fremont County",4,69,723,361,362
050,08,043,"Colorado","Fremont County",4,70,669,322,347
050,08,043,"Colorado","Fremont County",4,71,654,330,324
050,08,043,"Colorado","Fremont County",4,72,646,319,327
050,08,043,"Colorado","Fremont County",4,73,599,295,304
050,08,043,"Colorado","Fremont County",4,74,595,310,285
050,08,043,"Colorado","Fremont County",4,75,602,305,297
050,08,043,"Colorado","Fremont County",4,76,399,184,215
050,08,043,"Colorado","Fremont County",4,77,377,173,204
050,08,043,"Colorado","Fremont County",4,78,384,184,200
050,08,043,"Colorado","Fremont County",4,79,390,185,205
050,08,043,"Colorado","Fremont County",4,80,326,155,171
050,08,043,"Colorado","Fremont County",4,81,287,135,152
050,08,043,"Colorado","Fremont County",4,82,264,118,146
050,08,043,"Colorado","Fremont County",4,83,226,110,116
050,08,043,"Colorado","Fremont County",4,84,197,101,96
050,08,043,"Colorado","Fremont County",4,85,1023,437,586
050,08,043,"Colorado","Fremont County",5,0,350,182,168
050,08,043,"Colorado","Fremont County",5,1,376,187,189
050,08,043,"Colorado","Fremont County",5,2,369,182,187
050,08,043,"Colorado","Fremont County",5,3,389,197,192
050,08,043,"Colorado","Fremont County",5,4,426,222,204
050,08,043,"Colorado","Fremont County",5,5,409,205,204
050,08,043,"Colorado","Fremont County",5,6,417,227,190
050,08,043,"Colorado","Fremont County",5,7,450,239,211
050,08,043,"Colorado","Fremont County",5,8,459,246,213
050,08,043,"Colorado","Fremont County",5,9,444,247,197
050,08,043,"Colorado","Fremont County",5,10,414,224,190
050,08,043,"Colorado","Fremont County",5,11,430,206,224
050,08,043,"Colorado","Fremont County",5,12,433,215,218
050,08,043,"Colorado","Fremont County",5,13,449,234,215
050,08,043,"Colorado","Fremont County",5,14,455,223,232
050,08,043,"Colorado","Fremont County",5,15,494,246,248
050,08,043,"Colorado","Fremont County",5,16,519,280,239
050,08,043,"Colorado","Fremont County",5,17,523,268,255
050,08,043,"Colorado","Fremont County",5,18,415,222,193
050,08,043,"Colorado","Fremont County",5,19,342,202,140
050,08,043,"Colorado","Fremont County",5,20,393,223,170
050,08,043,"Colorado","Fremont County",5,21,441,278,163
050,08,043,"Colorado","Fremont County",5,22,519,341,178
050,08,043,"Colorado","Fremont County",5,23,590,390,200
050,08,043,"Colorado","Fremont County",5,24,597,414,183
050,08,043,"Colorado","Fremont County",5,25,627,439,188
050,08,043,"Colorado","Fremont County",5,26,659,437,222
050,08,043,"Colorado","Fremont County",5,27,694,497,197
050,08,043,"Colorado","Fremont County",5,28,767,581,186
050,08,043,"Colorado","Fremont County",5,29,744,562,182
050,08,043,"Colorado","Fremont County",5,30,811,597,214
050,08,043,"Colorado","Fremont County",5,31,730,517,213
050,08,043,"Colorado","Fremont County",5,32,751,522,229
050,08,043,"Colorado","Fremont County",5,33,769,537,232
050,08,043,"Colorado","Fremont County",5,34,731,498,233
050,08,043,"Colorado","Fremont County",5,35,779,534,245
050,08,043,"Colorado","Fremont County",5,36,718,490,228
050,08,043,"Colorado","Fremont County",5,37,720,492,228
050,08,043,"Colorado","Fremont County",5,38,751,508,243
050,08,043,"Colorado","Fremont County",5,39,754,525,229
050,08,043,"Colorado","Fremont County",5,40,717,462,255
050,08,043,"Colorado","Fremont County",5,41,725,472,253
050,08,043,"Colorado","Fremont County",5,42,753,527,226
050,08,043,"Colorado","Fremont County",5,43,703,465,238
050,08,043,"Colorado","Fremont County",5,44,693,477,216
050,08,043,"Colorado","Fremont County",5,45,667,442,225
050,08,043,"Colorado","Fremont County",5,46,638,424,214
050,08,043,"Colorado","Fremont County",5,47,583,404,179
050,08,043,"Colorado","Fremont County",5,48,599,401,198
050,08,043,"Colorado","Fremont County",5,49,594,392,202
050,08,043,"Colorado","Fremont County",5,50,627,414,213
050,08,043,"Colorado","Fremont County",5,51,639,422,217
050,08,043,"Colorado","Fremont County",5,52,646,391,255
050,08,043,"Colorado","Fremont County",5,53,617,374,243
050,08,043,"Colorado","Fremont County",5,54,592,341,251
050,08,043,"Colorado","Fremont County",5,55,569,325,244
050,08,043,"Colorado","Fremont County",5,56,630,349,281
050,08,043,"Colorado","Fremont County",5,57,617,330,287
050,08,043,"Colorado","Fremont County",5,58,657,334,323
050,08,043,"Colorado","Fremont County",5,59,677,354,323
050,08,043,"Colorado","Fremont County",5,60,719,375,344
050,08,043,"Colorado","Fremont County",5,61,764,381,383
050,08,043,"Colorado","Fremont County",5,62,753,354,399
050,08,043,"Colorado","Fremont County",5,63,789,384,405
050,08,043,"Colorado","Fremont County",5,64,711,361,350
050,08,043,"Colorado","Fremont County",5,65,724,356,368
050,08,043,"Colorado","Fremont County",5,66,748,370,378
050,08,043,"Colorado","Fremont County",5,67,714,351,363
050,08,043,"Colorado","Fremont County",5,68,735,373,362
050,08,043,"Colorado","Fremont County",5,69,711,341,370
050,08,043,"Colorado","Fremont County",5,70,716,351,365
050,08,043,"Colorado","Fremont County",5,71,665,319,346
050,08,043,"Colorado","Fremont County",5,72,646,320,326
050,08,043,"Colorado","Fremont County",5,73,632,314,318
050,08,043,"Colorado","Fremont County",5,74,575,280,295
050,08,043,"Colorado","Fremont County",5,75,583,306,277
050,08,043,"Colorado","Fremont County",5,76,584,296,288
050,08,043,"Colorado","Fremont County",5,77,380,173,207
050,08,043,"Colorado","Fremont County",5,78,359,163,196
050,08,043,"Colorado","Fremont County",5,79,351,166,185
050,08,043,"Colorado","Fremont County",5,80,355,164,191
050,08,043,"Colorado","Fremont County",5,81,311,147,164
050,08,043,"Colorado","Fremont County",5,82,258,124,134
050,08,043,"Colorado","Fremont County",5,83,241,110,131
050,08,043,"Colorado","Fremont County",5,84,214,100,114
050,08,043,"Colorado","Fremont County",5,85,1029,444,585
050,08,045,"Colorado","Garfield County",1,0,779,398,381
050,08,045,"Colorado","Garfield County",1,1,788,398,390
050,08,045,"Colorado","Garfield County",1,2,808,406,402
050,08,045,"Colorado","Garfield County",1,3,879,434,445
050,08,045,"Colorado","Garfield County",1,4,878,429,449
050,08,045,"Colorado","Garfield County",1,5,837,407,430
050,08,045,"Colorado","Garfield County",1,6,835,427,408
050,08,045,"Colorado","Garfield County",1,7,832,454,378
050,08,045,"Colorado","Garfield County",1,8,865,453,412
050,08,045,"Colorado","Garfield County",1,9,944,484,460
050,08,045,"Colorado","Garfield County",1,10,934,488,446
050,08,045,"Colorado","Garfield County",1,11,949,485,464
050,08,045,"Colorado","Garfield County",1,12,946,496,450
050,08,045,"Colorado","Garfield County",1,13,952,491,461
050,08,045,"Colorado","Garfield County",1,14,894,463,431
050,08,045,"Colorado","Garfield County",1,15,887,462,425
050,08,045,"Colorado","Garfield County",1,16,895,466,429
050,08,045,"Colorado","Garfield County",1,17,904,478,426
050,08,045,"Colorado","Garfield County",1,18,785,418,367
050,08,045,"Colorado","Garfield County",1,19,787,415,372
050,08,045,"Colorado","Garfield County",1,20,720,371,349
050,08,045,"Colorado","Garfield County",1,21,656,338,318
050,08,045,"Colorado","Garfield County",1,22,659,346,313
050,08,045,"Colorado","Garfield County",1,23,724,378,346
050,08,045,"Colorado","Garfield County",1,24,726,392,334
050,08,045,"Colorado","Garfield County",1,25,697,383,314
050,08,045,"Colorado","Garfield County",1,26,799,419,380
050,08,045,"Colorado","Garfield County",1,27,825,434,391
050,08,045,"Colorado","Garfield County",1,28,866,460,406
050,08,045,"Colorado","Garfield County",1,29,821,429,392
050,08,045,"Colorado","Garfield County",1,30,860,451,409
050,08,045,"Colorado","Garfield County",1,31,810,421,389
050,08,045,"Colorado","Garfield County",1,32,833,434,399
050,08,045,"Colorado","Garfield County",1,33,849,438,411
050,08,045,"Colorado","Garfield County",1,34,896,462,434
050,08,045,"Colorado","Garfield County",1,35,934,498,436
050,08,045,"Colorado","Garfield County",1,36,892,459,433
050,08,045,"Colorado","Garfield County",1,37,845,430,415
050,08,045,"Colorado","Garfield County",1,38,902,475,427
050,08,045,"Colorado","Garfield County",1,39,924,483,441
050,08,045,"Colorado","Garfield County",1,40,936,514,422
050,08,045,"Colorado","Garfield County",1,41,866,441,425
050,08,045,"Colorado","Garfield County",1,42,836,428,408
050,08,045,"Colorado","Garfield County",1,43,824,436,388
050,08,045,"Colorado","Garfield County",1,44,825,441,384
050,08,045,"Colorado","Garfield County",1,45,795,412,383
050,08,045,"Colorado","Garfield County",1,46,719,389,330
050,08,045,"Colorado","Garfield County",1,47,736,376,360
050,08,045,"Colorado","Garfield County",1,48,778,403,375
050,08,045,"Colorado","Garfield County",1,49,830,436,394
050,08,045,"Colorado","Garfield County",1,50,845,447,398
050,08,045,"Colorado","Garfield County",1,51,783,415,368
050,08,045,"Colorado","Garfield County",1,52,766,394,372
050,08,045,"Colorado","Garfield County",1,53,686,339,347
050,08,045,"Colorado","Garfield County",1,54,732,376,356
050,08,045,"Colorado","Garfield County",1,55,764,403,361
050,08,045,"Colorado","Garfield County",1,56,759,406,353
050,08,045,"Colorado","Garfield County",1,57,763,386,377
050,08,045,"Colorado","Garfield County",1,58,759,386,373
050,08,045,"Colorado","Garfield County",1,59,810,406,404
050,08,045,"Colorado","Garfield County",1,60,859,412,447
050,08,045,"Colorado","Garfield County",1,61,827,421,406
050,08,045,"Colorado","Garfield County",1,62,793,392,401
050,08,045,"Colorado","Garfield County",1,63,749,389,360
050,08,045,"Colorado","Garfield County",1,64,730,375,355
050,08,045,"Colorado","Garfield County",1,65,714,378,336
050,08,045,"Colorado","Garfield County",1,66,723,359,364
050,08,045,"Colorado","Garfield County",1,67,704,364,340
050,08,045,"Colorado","Garfield County",1,68,631,320,311
050,08,045,"Colorado","Garfield County",1,69,563,278,285
050,08,045,"Colorado","Garfield County",1,70,540,282,258
050,08,045,"Colorado","Garfield County",1,71,497,274,223
050,08,045,"Colorado","Garfield County",1,72,459,241,218
050,08,045,"Colorado","Garfield County",1,73,451,220,231
050,08,045,"Colorado","Garfield County",1,74,282,136,146
050,08,045,"Colorado","Garfield County",1,75,301,160,141
050,08,045,"Colorado","Garfield County",1,76,292,139,153
050,08,045,"Colorado","Garfield County",1,77,280,126,154
050,08,045,"Colorado","Garfield County",1,78,226,106,120
050,08,045,"Colorado","Garfield County",1,79,201,94,107
050,08,045,"Colorado","Garfield County",1,80,170,74,96
050,08,045,"Colorado","Garfield County",1,81,171,86,85
050,08,045,"Colorado","Garfield County",1,82,143,63,80
050,08,045,"Colorado","Garfield County",1,83,132,54,78
050,08,045,"Colorado","Garfield County",1,84,119,55,64
050,08,045,"Colorado","Garfield County",1,85,701,252,449
050,08,045,"Colorado","Garfield County",2,0,771,389,382
050,08,045,"Colorado","Garfield County",2,1,787,400,387
050,08,045,"Colorado","Garfield County",2,2,807,404,403
050,08,045,"Colorado","Garfield County",2,3,864,427,437
050,08,045,"Colorado","Garfield County",2,4,879,430,449
050,08,045,"Colorado","Garfield County",2,5,850,412,438
050,08,045,"Colorado","Garfield County",2,6,833,421,412
050,08,045,"Colorado","Garfield County",2,7,832,448,384
050,08,045,"Colorado","Garfield County",2,8,859,455,404
050,08,045,"Colorado","Garfield County",2,9,923,478,445
050,08,045,"Colorado","Garfield County",2,10,937,489,448
050,08,045,"Colorado","Garfield County",2,11,942,487,455
050,08,045,"Colorado","Garfield County",2,12,953,496,457
050,08,045,"Colorado","Garfield County",2,13,947,489,458
050,08,045,"Colorado","Garfield County",2,14,905,471,434
050,08,045,"Colorado","Garfield County",2,15,891,466,425
050,08,045,"Colorado","Garfield County",2,16,900,468,432
050,08,045,"Colorado","Garfield County",2,17,900,477,423
050,08,045,"Colorado","Garfield County",2,18,801,425,376
050,08,045,"Colorado","Garfield County",2,19,777,411,366
050,08,045,"Colorado","Garfield County",2,20,739,381,358
050,08,045,"Colorado","Garfield County",2,21,664,339,325
050,08,045,"Colorado","Garfield County",2,22,670,352,318
050,08,045,"Colorado","Garfield County",2,23,710,369,341
050,08,045,"Colorado","Garfield County",2,24,726,391,335
050,08,045,"Colorado","Garfield County",2,25,713,389,324
050,08,045,"Colorado","Garfield County",2,26,787,416,371
050,08,045,"Colorado","Garfield County",2,27,826,433,393
050,08,045,"Colorado","Garfield County",2,28,860,453,407
050,08,045,"Colorado","Garfield County",2,29,833,435,398
050,08,045,"Colorado","Garfield County",2,30,859,451,408
050,08,045,"Colorado","Garfield County",2,31,821,430,391
050,08,045,"Colorado","Garfield County",2,32,831,433,398
050,08,045,"Colorado","Garfield County",2,33,846,437,409
050,08,045,"Colorado","Garfield County",2,34,888,457,431
050,08,045,"Colorado","Garfield County",2,35,928,492,436
050,08,045,"Colorado","Garfield County",2,36,890,460,430
050,08,045,"Colorado","Garfield County",2,37,855,434,421
050,08,045,"Colorado","Garfield County",2,38,888,463,425
050,08,045,"Colorado","Garfield County",2,39,917,481,436
050,08,045,"Colorado","Garfield County",2,40,941,512,429
050,08,045,"Colorado","Garfield County",2,41,877,455,422
050,08,045,"Colorado","Garfield County",2,42,842,431,411
050,08,045,"Colorado","Garfield County",2,43,831,437,394
050,08,045,"Colorado","Garfield County",2,44,826,441,385
050,08,045,"Colorado","Garfield County",2,45,801,420,381
050,08,045,"Colorado","Garfield County",2,46,736,394,342
050,08,045,"Colorado","Garfield County",2,47,729,376,353
050,08,045,"Colorado","Garfield County",2,48,766,396,370
050,08,045,"Colorado","Garfield County",2,49,821,428,393
050,08,045,"Colorado","Garfield County",2,50,835,440,395
050,08,045,"Colorado","Garfield County",2,51,798,424,374
050,08,045,"Colorado","Garfield County",2,52,768,398,370
050,08,045,"Colorado","Garfield County",2,53,704,350,354
050,08,045,"Colorado","Garfield County",2,54,720,367,353
050,08,045,"Colorado","Garfield County",2,55,753,399,354
050,08,045,"Colorado","Garfield County",2,56,754,401,353
050,08,045,"Colorado","Garfield County",2,57,757,385,372
050,08,045,"Colorado","Garfield County",2,58,755,383,372
050,08,045,"Colorado","Garfield County",2,59,806,403,403
050,08,045,"Colorado","Garfield County",2,60,846,410,436
050,08,045,"Colorado","Garfield County",2,61,831,416,415
050,08,045,"Colorado","Garfield County",2,62,797,397,400
050,08,045,"Colorado","Garfield County",2,63,766,392,374
050,08,045,"Colorado","Garfield County",2,64,729,376,353
050,08,045,"Colorado","Garfield County",2,65,715,376,339
050,08,045,"Colorado","Garfield County",2,66,719,362,357
050,08,045,"Colorado","Garfield County",2,67,704,360,344
050,08,045,"Colorado","Garfield County",2,68,643,330,313
050,08,045,"Colorado","Garfield County",2,69,584,290,294
050,08,045,"Colorado","Garfield County",2,70,545,281,264
050,08,045,"Colorado","Garfield County",2,71,505,274,231
050,08,045,"Colorado","Garfield County",2,72,458,243,215
050,08,045,"Colorado","Garfield County",2,73,471,234,237
050,08,045,"Colorado","Garfield County",2,74,303,146,157
050,08,045,"Colorado","Garfield County",2,75,296,153,143
050,08,045,"Colorado","Garfield County",2,76,289,141,148
050,08,045,"Colorado","Garfield County",2,77,284,128,156
050,08,045,"Colorado","Garfield County",2,78,235,109,126
050,08,045,"Colorado","Garfield County",2,79,200,94,106
050,08,045,"Colorado","Garfield County",2,80,173,76,97
050,08,045,"Colorado","Garfield County",2,81,173,85,88
050,08,045,"Colorado","Garfield County",2,82,148,67,81
050,08,045,"Colorado","Garfield County",2,83,129,52,77
050,08,045,"Colorado","Garfield County",2,84,118,53,65
050,08,045,"Colorado","Garfield County",2,85,704,256,448
050,08,045,"Colorado","Garfield County",3,0,727,391,336
050,08,045,"Colorado","Garfield County",3,1,806,404,402
050,08,045,"Colorado","Garfield County",3,2,780,395,385
050,08,045,"Colorado","Garfield County",3,3,804,405,399
050,08,045,"Colorado","Garfield County",3,4,845,420,425
050,08,045,"Colorado","Garfield County",3,5,892,442,450
050,08,045,"Colorado","Garfield County",3,6,832,391,441
050,08,045,"Colorado","Garfield County",3,7,828,421,407
050,08,045,"Colorado","Garfield County",3,8,800,425,375
050,08,045,"Colorado","Garfield County",3,9,840,439,401
050,08,045,"Colorado","Garfield County",3,10,887,463,424
050,08,045,"Colorado","Garfield County",3,11,924,481,443
050,08,045,"Colorado","Garfield County",3,12,942,485,457
050,08,045,"Colorado","Garfield County",3,13,954,489,465
050,08,045,"Colorado","Garfield County",3,14,947,493,454
050,08,045,"Colorado","Garfield County",3,15,924,485,439
050,08,045,"Colorado","Garfield County",3,16,896,475,421
050,08,045,"Colorado","Garfield County",3,17,901,473,428
050,08,045,"Colorado","Garfield County",3,18,818,441,377
050,08,045,"Colorado","Garfield County",3,19,719,399,320
050,08,045,"Colorado","Garfield County",3,20,734,375,359
050,08,045,"Colorado","Garfield County",3,21,683,352,331
050,08,045,"Colorado","Garfield County",3,22,686,363,323
050,08,045,"Colorado","Garfield County",3,23,655,335,320
050,08,045,"Colorado","Garfield County",3,24,769,411,358
050,08,045,"Colorado","Garfield County",3,25,762,397,365
050,08,045,"Colorado","Garfield County",3,26,761,399,362
050,08,045,"Colorado","Garfield County",3,27,815,431,384
050,08,045,"Colorado","Garfield County",3,28,872,457,415
050,08,045,"Colorado","Garfield County",3,29,870,456,414
050,08,045,"Colorado","Garfield County",3,30,852,433,419
050,08,045,"Colorado","Garfield County",3,31,897,476,421
050,08,045,"Colorado","Garfield County",3,32,855,453,402
050,08,045,"Colorado","Garfield County",3,33,859,448,411
050,08,045,"Colorado","Garfield County",3,34,858,442,416
050,08,045,"Colorado","Garfield County",3,35,914,477,437
050,08,045,"Colorado","Garfield County",3,36,944,505,439
050,08,045,"Colorado","Garfield County",3,37,901,463,438
050,08,045,"Colorado","Garfield County",3,38,858,449,409
050,08,045,"Colorado","Garfield County",3,39,880,468,412
050,08,045,"Colorado","Garfield County",3,40,903,467,436
050,08,045,"Colorado","Garfield County",3,41,922,501,421
050,08,045,"Colorado","Garfield County",3,42,852,429,423
050,08,045,"Colorado","Garfield County",3,43,848,432,416
050,08,045,"Colorado","Garfield County",3,44,828,433,395
050,08,045,"Colorado","Garfield County",3,45,816,432,384
050,08,045,"Colorado","Garfield County",3,46,800,415,385
050,08,045,"Colorado","Garfield County",3,47,735,385,350
050,08,045,"Colorado","Garfield County",3,48,730,377,353
050,08,045,"Colorado","Garfield County",3,49,771,404,367
050,08,045,"Colorado","Garfield County",3,50,819,422,397
050,08,045,"Colorado","Garfield County",3,51,832,448,384
050,08,045,"Colorado","Garfield County",3,52,813,431,382
050,08,045,"Colorado","Garfield County",3,53,755,379,376
050,08,045,"Colorado","Garfield County",3,54,704,354,350
050,08,045,"Colorado","Garfield County",3,55,709,373,336
050,08,045,"Colorado","Garfield County",3,56,728,376,352
050,08,045,"Colorado","Garfield County",3,57,776,403,373
050,08,045,"Colorado","Garfield County",3,58,783,401,382
050,08,045,"Colorado","Garfield County",3,59,748,387,361
050,08,045,"Colorado","Garfield County",3,60,802,392,410
050,08,045,"Colorado","Garfield County",3,61,844,417,427
050,08,045,"Colorado","Garfield County",3,62,834,420,414
050,08,045,"Colorado","Garfield County",3,63,777,390,387
050,08,045,"Colorado","Garfield County",3,64,759,381,378
050,08,045,"Colorado","Garfield County",3,65,720,376,344
050,08,045,"Colorado","Garfield County",3,66,718,378,340
050,08,045,"Colorado","Garfield County",3,67,682,338,344
050,08,045,"Colorado","Garfield County",3,68,683,349,334
050,08,045,"Colorado","Garfield County",3,69,630,320,310
050,08,045,"Colorado","Garfield County",3,70,580,281,299
050,08,045,"Colorado","Garfield County",3,71,524,272,252
050,08,045,"Colorado","Garfield County",3,72,489,261,228
050,08,045,"Colorado","Garfield County",3,73,454,238,216
050,08,045,"Colorado","Garfield County",3,74,458,229,229
050,08,045,"Colorado","Garfield County",3,75,299,144,155
050,08,045,"Colorado","Garfield County",3,76,284,147,137
050,08,045,"Colorado","Garfield County",3,77,280,136,144
050,08,045,"Colorado","Garfield County",3,78,277,123,154
050,08,045,"Colorado","Garfield County",3,79,215,104,111
050,08,045,"Colorado","Garfield County",3,80,195,87,108
050,08,045,"Colorado","Garfield County",3,81,163,79,84
050,08,045,"Colorado","Garfield County",3,82,152,69,83
050,08,045,"Colorado","Garfield County",3,83,142,62,80
050,08,045,"Colorado","Garfield County",3,84,114,44,70
050,08,045,"Colorado","Garfield County",3,85,669,235,434
050,08,045,"Colorado","Garfield County",4,0,714,381,333
050,08,045,"Colorado","Garfield County",4,1,724,424,300
050,08,045,"Colorado","Garfield County",4,2,826,425,401
050,08,045,"Colorado","Garfield County",4,3,795,392,403
050,08,045,"Colorado","Garfield County",4,4,802,404,398
050,08,045,"Colorado","Garfield County",4,5,852,427,425
050,08,045,"Colorado","Garfield County",4,6,884,442,442
050,08,045,"Colorado","Garfield County",4,7,827,387,440
050,08,045,"Colorado","Garfield County",4,8,834,424,410
050,08,045,"Colorado","Garfield County",4,9,798,422,376
050,08,045,"Colorado","Garfield County",4,10,849,443,406
050,08,045,"Colorado","Garfield County",4,11,901,461,440
050,08,045,"Colorado","Garfield County",4,12,917,472,445
050,08,045,"Colorado","Garfield County",4,13,929,477,452
050,08,045,"Colorado","Garfield County",4,14,944,471,473
050,08,045,"Colorado","Garfield County",4,15,940,484,456
050,08,045,"Colorado","Garfield County",4,16,910,473,437
050,08,045,"Colorado","Garfield County",4,17,879,467,412
050,08,045,"Colorado","Garfield County",4,18,859,454,405
050,08,045,"Colorado","Garfield County",4,19,763,414,349
050,08,045,"Colorado","Garfield County",4,20,718,394,324
050,08,045,"Colorado","Garfield County",4,21,704,357,347
050,08,045,"Colorado","Garfield County",4,22,714,376,338
050,08,045,"Colorado","Garfield County",4,23,718,381,337
050,08,045,"Colorado","Garfield County",4,24,740,381,359
050,08,045,"Colorado","Garfield County",4,25,757,400,357
050,08,045,"Colorado","Garfield County",4,26,769,407,362
050,08,045,"Colorado","Garfield County",4,27,760,397,363
050,08,045,"Colorado","Garfield County",4,28,841,456,385
050,08,045,"Colorado","Garfield County",4,29,855,457,398
050,08,045,"Colorado","Garfield County",4,30,896,475,421
050,08,045,"Colorado","Garfield County",4,31,843,427,416
050,08,045,"Colorado","Garfield County",4,32,922,501,421
050,08,045,"Colorado","Garfield County",4,33,866,457,409
050,08,045,"Colorado","Garfield County",4,34,850,442,408
050,08,045,"Colorado","Garfield County",4,35,868,460,408
050,08,045,"Colorado","Garfield County",4,36,939,488,451
050,08,045,"Colorado","Garfield County",4,37,972,519,453
050,08,045,"Colorado","Garfield County",4,38,896,452,444
050,08,045,"Colorado","Garfield County",4,39,867,455,412
050,08,045,"Colorado","Garfield County",4,40,890,491,399
050,08,045,"Colorado","Garfield County",4,41,886,456,430
050,08,045,"Colorado","Garfield County",4,42,929,495,434
050,08,045,"Colorado","Garfield County",4,43,830,429,401
050,08,045,"Colorado","Garfield County",4,44,851,434,417
050,08,045,"Colorado","Garfield County",4,45,809,430,379
050,08,045,"Colorado","Garfield County",4,46,794,416,378
050,08,045,"Colorado","Garfield County",4,47,780,401,379
050,08,045,"Colorado","Garfield County",4,48,722,385,337
050,08,045,"Colorado","Garfield County",4,49,716,374,342
050,08,045,"Colorado","Garfield County",4,50,754,392,362
050,08,045,"Colorado","Garfield County",4,51,817,425,392
050,08,045,"Colorado","Garfield County",4,52,805,427,378
050,08,045,"Colorado","Garfield County",4,53,816,435,381
050,08,045,"Colorado","Garfield County",4,54,738,375,363
050,08,045,"Colorado","Garfield County",4,55,703,352,351
050,08,045,"Colorado","Garfield County",4,56,695,370,325
050,08,045,"Colorado","Garfield County",4,57,711,362,349
050,08,045,"Colorado","Garfield County",4,58,770,406,364
050,08,045,"Colorado","Garfield County",4,59,772,395,377
050,08,045,"Colorado","Garfield County",4,60,736,378,358
050,08,045,"Colorado","Garfield County",4,61,792,391,401
050,08,045,"Colorado","Garfield County",4,62,815,396,419
050,08,045,"Colorado","Garfield County",4,63,808,396,412
050,08,045,"Colorado","Garfield County",4,64,763,384,379
050,08,045,"Colorado","Garfield County",4,65,734,367,367
050,08,045,"Colorado","Garfield County",4,66,706,368,338
050,08,045,"Colorado","Garfield County",4,67,698,358,340
050,08,045,"Colorado","Garfield County",4,68,668,334,334
050,08,045,"Colorado","Garfield County",4,69,675,341,334
050,08,045,"Colorado","Garfield County",4,70,612,304,308
050,08,045,"Colorado","Garfield County",4,71,580,282,298
050,08,045,"Colorado","Garfield County",4,72,506,257,249
050,08,045,"Colorado","Garfield County",4,73,471,252,219
050,08,045,"Colorado","Garfield County",4,74,439,232,207
050,08,045,"Colorado","Garfield County",4,75,441,221,220
050,08,045,"Colorado","Garfield County",4,76,300,145,155
050,08,045,"Colorado","Garfield County",4,77,272,133,139
050,08,045,"Colorado","Garfield County",4,78,277,125,152
050,08,045,"Colorado","Garfield County",4,79,257,115,142
050,08,045,"Colorado","Garfield County",4,80,203,94,109
050,08,045,"Colorado","Garfield County",4,81,182,91,91
050,08,045,"Colorado","Garfield County",4,82,142,63,79
050,08,045,"Colorado","Garfield County",4,83,153,70,83
050,08,045,"Colorado","Garfield County",4,84,135,59,76
050,08,045,"Colorado","Garfield County",4,85,661,228,433
050,08,045,"Colorado","Garfield County",5,0,713,381,332
050,08,045,"Colorado","Garfield County",5,1,724,377,347
050,08,045,"Colorado","Garfield County",5,2,746,430,316
050,08,045,"Colorado","Garfield County",5,3,847,425,422
050,08,045,"Colorado","Garfield County",5,4,789,385,404
050,08,045,"Colorado","Garfield County",5,5,799,403,396
050,08,045,"Colorado","Garfield County",5,6,838,422,416
050,08,045,"Colorado","Garfield County",5,7,890,452,438
050,08,045,"Colorado","Garfield County",5,8,825,394,431
050,08,045,"Colorado","Garfield County",5,9,832,426,406
050,08,045,"Colorado","Garfield County",5,10,804,421,383
050,08,045,"Colorado","Garfield County",5,11,829,431,398
050,08,045,"Colorado","Garfield County",5,12,891,460,431
050,08,045,"Colorado","Garfield County",5,13,887,454,433
050,08,045,"Colorado","Garfield County",5,14,925,474,451
050,08,045,"Colorado","Garfield County",5,15,932,468,464
050,08,045,"Colorado","Garfield County",5,16,928,484,444
050,08,045,"Colorado","Garfield County",5,17,911,481,430
050,08,045,"Colorado","Garfield County",5,18,840,447,393
050,08,045,"Colorado","Garfield County",5,19,779,416,363
050,08,045,"Colorado","Garfield County",5,20,764,410,354
050,08,045,"Colorado","Garfield County",5,21,665,361,304
050,08,045,"Colorado","Garfield County",5,22,750,400,350
050,08,045,"Colorado","Garfield County",5,23,729,383,346
050,08,045,"Colorado","Garfield County",5,24,809,427,382
050,08,045,"Colorado","Garfield County",5,25,766,400,366
050,08,045,"Colorado","Garfield County",5,26,785,407,378
050,08,045,"Colorado","Garfield County",5,27,782,418,364
050,08,045,"Colorado","Garfield County",5,28,790,427,363
050,08,045,"Colorado","Garfield County",5,29,858,453,405
050,08,045,"Colorado","Garfield County",5,30,842,441,401
050,08,045,"Colorado","Garfield County",5,31,901,480,421
050,08,045,"Colorado","Garfield County",5,32,832,422,410
050,08,045,"Colorado","Garfield County",5,33,942,513,429
050,08,045,"Colorado","Garfield County",5,34,847,442,405
050,08,045,"Colorado","Garfield County",5,35,871,452,419
050,08,045,"Colorado","Garfield County",5,36,872,462,410
050,08,045,"Colorado","Garfield County",5,37,957,492,465
050,08,045,"Colorado","Garfield County",5,38,979,527,452
050,08,045,"Colorado","Garfield County",5,39,927,469,458
050,08,045,"Colorado","Garfield County",5,40,882,474,408
050,08,045,"Colorado","Garfield County",5,41,874,472,402
050,08,045,"Colorado","Garfield County",5,42,880,460,420
050,08,045,"Colorado","Garfield County",5,43,934,494,440
050,08,045,"Colorado","Garfield County",5,44,839,430,409
050,08,045,"Colorado","Garfield County",5,45,850,429,421
050,08,045,"Colorado","Garfield County",5,46,803,430,373
050,08,045,"Colorado","Garfield County",5,47,791,416,375
050,08,045,"Colorado","Garfield County",5,48,796,422,374
050,08,045,"Colorado","Garfield County",5,49,722,385,337
050,08,045,"Colorado","Garfield County",5,50,717,362,355
050,08,045,"Colorado","Garfield County",5,51,752,394,358
050,08,045,"Colorado","Garfield County",5,52,826,429,397
050,08,045,"Colorado","Garfield County",5,53,806,423,383
050,08,045,"Colorado","Garfield County",5,54,828,439,389
050,08,045,"Colorado","Garfield County",5,55,734,375,359
050,08,045,"Colorado","Garfield County",5,56,698,354,344
050,08,045,"Colorado","Garfield County",5,57,684,370,314
050,08,045,"Colorado","Garfield County",5,58,703,353,350
050,08,045,"Colorado","Garfield County",5,59,755,403,352
050,08,045,"Colorado","Garfield County",5,60,768,387,381
050,08,045,"Colorado","Garfield County",5,61,742,381,361
050,08,045,"Colorado","Garfield County",5,62,790,393,397
050,08,045,"Colorado","Garfield County",5,63,806,398,408
050,08,045,"Colorado","Garfield County",5,64,807,391,416
050,08,045,"Colorado","Garfield County",5,65,753,383,370
050,08,045,"Colorado","Garfield County",5,66,712,350,362
050,08,045,"Colorado","Garfield County",5,67,695,365,330
050,08,045,"Colorado","Garfield County",5,68,684,353,331
050,08,045,"Colorado","Garfield County",5,69,658,333,325
050,08,045,"Colorado","Garfield County",5,70,669,329,340
050,08,045,"Colorado","Garfield County",5,71,592,295,297
050,08,045,"Colorado","Garfield County",5,72,569,275,294
050,08,045,"Colorado","Garfield County",5,73,503,250,253
050,08,045,"Colorado","Garfield County",5,74,455,242,213
050,08,045,"Colorado","Garfield County",5,75,428,226,202
050,08,045,"Colorado","Garfield County",5,76,425,215,210
050,08,045,"Colorado","Garfield County",5,77,295,139,156
050,08,045,"Colorado","Garfield County",5,78,268,125,143
050,08,045,"Colorado","Garfield County",5,79,248,114,134
050,08,045,"Colorado","Garfield County",5,80,245,101,144
050,08,045,"Colorado","Garfield County",5,81,195,100,95
050,08,045,"Colorado","Garfield County",5,82,160,74,86
050,08,045,"Colorado","Garfield County",5,83,139,58,81
050,08,045,"Colorado","Garfield County",5,84,140,67,73
050,08,045,"Colorado","Garfield County",5,85,690,239,451
050,08,047,"Colorado","Gilpin County",1,0,28,14,14
050,08,047,"Colorado","Gilpin County",1,1,28,15,13
050,08,047,"Colorado","Gilpin County",1,2,40,19,21
050,08,047,"Colorado","Gilpin County",1,3,35,18,17
050,08,047,"Colorado","Gilpin County",1,4,42,17,25
050,08,047,"Colorado","Gilpin County",1,5,47,21,26
050,08,047,"Colorado","Gilpin County",1,6,45,24,21
050,08,047,"Colorado","Gilpin County",1,7,41,18,23
050,08,047,"Colorado","Gilpin County",1,8,37,15,22
050,08,047,"Colorado","Gilpin County",1,9,49,22,27
050,08,047,"Colorado","Gilpin County",1,10,51,28,23
050,08,047,"Colorado","Gilpin County",1,11,47,25,22
050,08,047,"Colorado","Gilpin County",1,12,55,28,27
050,08,047,"Colorado","Gilpin County",1,13,68,32,36
050,08,047,"Colorado","Gilpin County",1,14,68,34,34
050,08,047,"Colorado","Gilpin County",1,15,50,24,26
050,08,047,"Colorado","Gilpin County",1,16,56,31,25
050,08,047,"Colorado","Gilpin County",1,17,53,23,30
050,08,047,"Colorado","Gilpin County",1,18,49,23,26
050,08,047,"Colorado","Gilpin County",1,19,35,19,16
050,08,047,"Colorado","Gilpin County",1,20,37,24,13
050,08,047,"Colorado","Gilpin County",1,21,42,26,16
050,08,047,"Colorado","Gilpin County",1,22,34,19,15
050,08,047,"Colorado","Gilpin County",1,23,51,31,20
050,08,047,"Colorado","Gilpin County",1,24,42,19,23
050,08,047,"Colorado","Gilpin County",1,25,45,27,18
050,08,047,"Colorado","Gilpin County",1,26,40,22,18
050,08,047,"Colorado","Gilpin County",1,27,42,20,22
050,08,047,"Colorado","Gilpin County",1,28,63,30,33
050,08,047,"Colorado","Gilpin County",1,29,65,33,32
050,08,047,"Colorado","Gilpin County",1,30,61,34,27
050,08,047,"Colorado","Gilpin County",1,31,75,43,32
050,08,047,"Colorado","Gilpin County",1,32,83,48,35
050,08,047,"Colorado","Gilpin County",1,33,65,32,33
050,08,047,"Colorado","Gilpin County",1,34,71,37,34
050,08,047,"Colorado","Gilpin County",1,35,78,39,39
050,08,047,"Colorado","Gilpin County",1,36,57,33,24
050,08,047,"Colorado","Gilpin County",1,37,59,30,29
050,08,047,"Colorado","Gilpin County",1,38,78,34,44
050,08,047,"Colorado","Gilpin County",1,39,78,40,38
050,08,047,"Colorado","Gilpin County",1,40,72,34,38
050,08,047,"Colorado","Gilpin County",1,41,74,41,33
050,08,047,"Colorado","Gilpin County",1,42,92,50,42
050,08,047,"Colorado","Gilpin County",1,43,106,55,51
050,08,047,"Colorado","Gilpin County",1,44,105,55,50
050,08,047,"Colorado","Gilpin County",1,45,108,60,48
050,08,047,"Colorado","Gilpin County",1,46,100,55,45
050,08,047,"Colorado","Gilpin County",1,47,102,59,43
050,08,047,"Colorado","Gilpin County",1,48,95,53,42
050,08,047,"Colorado","Gilpin County",1,49,95,54,41
050,08,047,"Colorado","Gilpin County",1,50,94,54,40
050,08,047,"Colorado","Gilpin County",1,51,93,52,41
050,08,047,"Colorado","Gilpin County",1,52,82,46,36
050,08,047,"Colorado","Gilpin County",1,53,95,50,45
050,08,047,"Colorado","Gilpin County",1,54,96,49,47
050,08,047,"Colorado","Gilpin County",1,55,114,66,48
050,08,047,"Colorado","Gilpin County",1,56,134,79,55
050,08,047,"Colorado","Gilpin County",1,57,119,65,54
050,08,047,"Colorado","Gilpin County",1,58,118,65,53
050,08,047,"Colorado","Gilpin County",1,59,131,75,56
050,08,047,"Colorado","Gilpin County",1,60,123,76,47
050,08,047,"Colorado","Gilpin County",1,61,141,64,77
050,08,047,"Colorado","Gilpin County",1,62,128,55,73
050,08,047,"Colorado","Gilpin County",1,63,121,62,59
050,08,047,"Colorado","Gilpin County",1,64,119,72,47
050,08,047,"Colorado","Gilpin County",1,65,120,66,54
050,08,047,"Colorado","Gilpin County",1,66,95,55,40
050,08,047,"Colorado","Gilpin County",1,67,121,69,52
050,08,047,"Colorado","Gilpin County",1,68,91,43,48
050,08,047,"Colorado","Gilpin County",1,69,91,41,50
050,08,047,"Colorado","Gilpin County",1,70,65,32,33
050,08,047,"Colorado","Gilpin County",1,71,60,36,24
050,08,047,"Colorado","Gilpin County",1,72,56,33,23
050,08,047,"Colorado","Gilpin County",1,73,64,34,30
050,08,047,"Colorado","Gilpin County",1,74,36,20,16
050,08,047,"Colorado","Gilpin County",1,75,44,20,24
050,08,047,"Colorado","Gilpin County",1,76,32,15,17
050,08,047,"Colorado","Gilpin County",1,77,30,17,13
050,08,047,"Colorado","Gilpin County",1,78,32,16,16
050,08,047,"Colorado","Gilpin County",1,79,22,10,12
050,08,047,"Colorado","Gilpin County",1,80,15,8,7
050,08,047,"Colorado","Gilpin County",1,81,16,8,8
050,08,047,"Colorado","Gilpin County",1,82,12,6,6
050,08,047,"Colorado","Gilpin County",1,83,9,4,5
050,08,047,"Colorado","Gilpin County",1,84,15,9,6
050,08,047,"Colorado","Gilpin County",1,85,33,12,21
050,08,047,"Colorado","Gilpin County",2,0,40,17,23
050,08,047,"Colorado","Gilpin County",2,1,27,14,13
050,08,047,"Colorado","Gilpin County",2,2,38,18,20
050,08,047,"Colorado","Gilpin County",2,3,36,18,18
050,08,047,"Colorado","Gilpin County",2,4,41,18,23
050,08,047,"Colorado","Gilpin County",2,5,46,20,26
050,08,047,"Colorado","Gilpin County",2,6,46,24,22
050,08,047,"Colorado","Gilpin County",2,7,41,19,22
050,08,047,"Colorado","Gilpin County",2,8,39,17,22
050,08,047,"Colorado","Gilpin County",2,9,47,21,26
050,08,047,"Colorado","Gilpin County",2,10,51,27,24
050,08,047,"Colorado","Gilpin County",2,11,49,27,22
050,08,047,"Colorado","Gilpin County",2,12,51,26,25
050,08,047,"Colorado","Gilpin County",2,13,65,31,34
050,08,047,"Colorado","Gilpin County",2,14,67,33,34
050,08,047,"Colorado","Gilpin County",2,15,53,26,27
050,08,047,"Colorado","Gilpin County",2,16,53,28,25
050,08,047,"Colorado","Gilpin County",2,17,56,26,30
050,08,047,"Colorado","Gilpin County",2,18,47,22,25
050,08,047,"Colorado","Gilpin County",2,19,35,18,17
050,08,047,"Colorado","Gilpin County",2,20,37,23,14
050,08,047,"Colorado","Gilpin County",2,21,42,26,16
050,08,047,"Colorado","Gilpin County",2,22,35,20,15
050,08,047,"Colorado","Gilpin County",2,23,48,28,20
050,08,047,"Colorado","Gilpin County",2,24,43,21,22
050,08,047,"Colorado","Gilpin County",2,25,44,26,18
050,08,047,"Colorado","Gilpin County",2,26,41,23,18
050,08,047,"Colorado","Gilpin County",2,27,42,20,22
050,08,047,"Colorado","Gilpin County",2,28,62,30,32
050,08,047,"Colorado","Gilpin County",2,29,65,33,32
050,08,047,"Colorado","Gilpin County",2,30,63,34,29
050,08,047,"Colorado","Gilpin County",2,31,73,41,32
050,08,047,"Colorado","Gilpin County",2,32,80,45,35
050,08,047,"Colorado","Gilpin County",2,33,68,36,32
050,08,047,"Colorado","Gilpin County",2,34,72,36,36
050,08,047,"Colorado","Gilpin County",2,35,76,38,38
050,08,047,"Colorado","Gilpin County",2,36,60,34,26
050,08,047,"Colorado","Gilpin County",2,37,59,32,27
050,08,047,"Colorado","Gilpin County",2,38,77,35,42
050,08,047,"Colorado","Gilpin County",2,39,76,36,40
050,08,047,"Colorado","Gilpin County",2,40,76,37,39
050,08,047,"Colorado","Gilpin County",2,41,76,41,35
050,08,047,"Colorado","Gilpin County",2,42,87,47,40
050,08,047,"Colorado","Gilpin County",2,43,104,55,49
050,08,047,"Colorado","Gilpin County",2,44,105,56,49
050,08,047,"Colorado","Gilpin County",2,45,108,60,48
050,08,047,"Colorado","Gilpin County",2,46,102,57,45
050,08,047,"Colorado","Gilpin County",2,47,100,57,43
050,08,047,"Colorado","Gilpin County",2,48,99,56,43
050,08,047,"Colorado","Gilpin County",2,49,95,54,41
050,08,047,"Colorado","Gilpin County",2,50,94,55,39
050,08,047,"Colorado","Gilpin County",2,51,94,53,41
050,08,047,"Colorado","Gilpin County",2,52,86,47,39
050,08,047,"Colorado","Gilpin County",2,53,91,48,43
050,08,047,"Colorado","Gilpin County",2,54,96,48,48
050,08,047,"Colorado","Gilpin County",2,55,110,62,48
050,08,047,"Colorado","Gilpin County",2,56,129,76,53
050,08,047,"Colorado","Gilpin County",2,57,123,69,54
050,08,047,"Colorado","Gilpin County",2,58,119,65,54
050,08,047,"Colorado","Gilpin County",2,59,127,72,55
050,08,047,"Colorado","Gilpin County",2,60,124,76,48
050,08,047,"Colorado","Gilpin County",2,61,137,67,70
050,08,047,"Colorado","Gilpin County",2,62,132,58,74
050,08,047,"Colorado","Gilpin County",2,63,122,60,62
050,08,047,"Colorado","Gilpin County",2,64,119,70,49
050,08,047,"Colorado","Gilpin County",2,65,119,68,51
050,08,047,"Colorado","Gilpin County",2,66,99,57,42
050,08,047,"Colorado","Gilpin County",2,67,113,65,48
050,08,047,"Colorado","Gilpin County",2,68,97,48,49
050,08,047,"Colorado","Gilpin County",2,69,90,41,49
050,08,047,"Colorado","Gilpin County",2,70,71,34,37
050,08,047,"Colorado","Gilpin County",2,71,59,34,25
050,08,047,"Colorado","Gilpin County",2,72,56,33,23
050,08,047,"Colorado","Gilpin County",2,73,65,36,29
050,08,047,"Colorado","Gilpin County",2,74,40,22,18
050,08,047,"Colorado","Gilpin County",2,75,43,20,23
050,08,047,"Colorado","Gilpin County",2,76,34,16,18
050,08,047,"Colorado","Gilpin County",2,77,31,17,14
050,08,047,"Colorado","Gilpin County",2,78,30,16,14
050,08,047,"Colorado","Gilpin County",2,79,24,11,13
050,08,047,"Colorado","Gilpin County",2,80,18,9,9
050,08,047,"Colorado","Gilpin County",2,81,16,8,8
050,08,047,"Colorado","Gilpin County",2,82,13,6,7
050,08,047,"Colorado","Gilpin County",2,83,9,4,5
050,08,047,"Colorado","Gilpin County",2,84,14,8,6
050,08,047,"Colorado","Gilpin County",2,85,33,12,21
050,08,047,"Colorado","Gilpin County",3,0,35,17,18
050,08,047,"Colorado","Gilpin County",3,1,33,13,20
050,08,047,"Colorado","Gilpin County",3,2,28,12,16
050,08,047,"Colorado","Gilpin County",3,3,32,14,18
050,08,047,"Colorado","Gilpin County",3,4,38,18,20
050,08,047,"Colorado","Gilpin County",3,5,49,22,27
050,08,047,"Colorado","Gilpin County",3,6,41,18,23
050,08,047,"Colorado","Gilpin County",3,7,43,22,21
050,08,047,"Colorado","Gilpin County",3,8,50,26,24
050,08,047,"Colorado","Gilpin County",3,9,43,16,27
050,08,047,"Colorado","Gilpin County",3,10,46,20,26
050,08,047,"Colorado","Gilpin County",3,11,48,26,22
050,08,047,"Colorado","Gilpin County",3,12,43,23,20
050,08,047,"Colorado","Gilpin County",3,13,48,24,24
050,08,047,"Colorado","Gilpin County",3,14,69,36,33
050,08,047,"Colorado","Gilpin County",3,15,70,35,35
050,08,047,"Colorado","Gilpin County",3,16,59,28,31
050,08,047,"Colorado","Gilpin County",3,17,53,27,26
050,08,047,"Colorado","Gilpin County",3,18,50,24,26
050,08,047,"Colorado","Gilpin County",3,19,39,18,21
050,08,047,"Colorado","Gilpin County",3,20,40,22,18
050,08,047,"Colorado","Gilpin County",3,21,36,24,12
050,08,047,"Colorado","Gilpin County",3,22,43,27,16
050,08,047,"Colorado","Gilpin County",3,23,35,21,14
050,08,047,"Colorado","Gilpin County",3,24,49,27,22
050,08,047,"Colorado","Gilpin County",3,25,43,26,17
050,08,047,"Colorado","Gilpin County",3,26,46,30,16
050,08,047,"Colorado","Gilpin County",3,27,39,23,16
050,08,047,"Colorado","Gilpin County",3,28,45,21,24
050,08,047,"Colorado","Gilpin County",3,29,54,26,28
050,08,047,"Colorado","Gilpin County",3,30,67,39,28
050,08,047,"Colorado","Gilpin County",3,31,67,32,35
050,08,047,"Colorado","Gilpin County",3,32,81,40,41
050,08,047,"Colorado","Gilpin County",3,33,86,47,39
050,08,047,"Colorado","Gilpin County",3,34,83,43,40
050,08,047,"Colorado","Gilpin County",3,35,82,46,36
050,08,047,"Colorado","Gilpin County",3,36,78,38,40
050,08,047,"Colorado","Gilpin County",3,37,79,46,33
050,08,047,"Colorado","Gilpin County",3,38,66,36,30
050,08,047,"Colorado","Gilpin County",3,39,77,35,42
050,08,047,"Colorado","Gilpin County",3,40,83,39,44
050,08,047,"Colorado","Gilpin County",3,41,83,46,37
050,08,047,"Colorado","Gilpin County",3,42,77,40,37
050,08,047,"Colorado","Gilpin County",3,43,83,47,36
050,08,047,"Colorado","Gilpin County",3,44,101,53,48
050,08,047,"Colorado","Gilpin County",3,45,111,61,50
050,08,047,"Colorado","Gilpin County",3,46,118,63,55
050,08,047,"Colorado","Gilpin County",3,47,97,51,46
050,08,047,"Colorado","Gilpin County",3,48,104,61,43
050,08,047,"Colorado","Gilpin County",3,49,107,61,46
050,08,047,"Colorado","Gilpin County",3,50,93,50,43
050,08,047,"Colorado","Gilpin County",3,51,96,59,37
050,08,047,"Colorado","Gilpin County",3,52,90,52,38
050,08,047,"Colorado","Gilpin County",3,53,89,49,40
050,08,047,"Colorado","Gilpin County",3,54,84,41,43
050,08,047,"Colorado","Gilpin County",3,55,93,43,50
050,08,047,"Colorado","Gilpin County",3,56,113,58,55
050,08,047,"Colorado","Gilpin County",3,57,132,81,51
050,08,047,"Colorado","Gilpin County",3,58,121,66,55
050,08,047,"Colorado","Gilpin County",3,59,116,65,51
050,08,047,"Colorado","Gilpin County",3,60,121,70,51
050,08,047,"Colorado","Gilpin County",3,61,117,74,43
050,08,047,"Colorado","Gilpin County",3,62,136,63,73
050,08,047,"Colorado","Gilpin County",3,63,129,58,71
050,08,047,"Colorado","Gilpin County",3,64,121,57,64
050,08,047,"Colorado","Gilpin County",3,65,124,71,53
050,08,047,"Colorado","Gilpin County",3,66,116,67,49
050,08,047,"Colorado","Gilpin County",3,67,98,53,45
050,08,047,"Colorado","Gilpin County",3,68,109,63,46
050,08,047,"Colorado","Gilpin County",3,69,98,48,50
050,08,047,"Colorado","Gilpin County",3,70,87,39,48
050,08,047,"Colorado","Gilpin County",3,71,74,37,37
050,08,047,"Colorado","Gilpin County",3,72,53,31,22
050,08,047,"Colorado","Gilpin County",3,73,58,33,25
050,08,047,"Colorado","Gilpin County",3,74,60,33,27
050,08,047,"Colorado","Gilpin County",3,75,39,22,17
050,08,047,"Colorado","Gilpin County",3,76,41,22,19
050,08,047,"Colorado","Gilpin County",3,77,33,16,17
050,08,047,"Colorado","Gilpin County",3,78,32,18,14
050,08,047,"Colorado","Gilpin County",3,79,30,16,14
050,08,047,"Colorado","Gilpin County",3,80,21,10,11
050,08,047,"Colorado","Gilpin County",3,81,21,10,11
050,08,047,"Colorado","Gilpin County",3,82,13,7,6
050,08,047,"Colorado","Gilpin County",3,83,12,7,5
050,08,047,"Colorado","Gilpin County",3,84,8,2,6
050,08,047,"Colorado","Gilpin County",3,85,38,15,23
050,08,047,"Colorado","Gilpin County",4,0,45,22,23
050,08,047,"Colorado","Gilpin County",4,1,35,17,18
050,08,047,"Colorado","Gilpin County",4,2,34,16,18
050,08,047,"Colorado","Gilpin County",4,3,33,12,21
050,08,047,"Colorado","Gilpin County",4,4,30,14,16
050,08,047,"Colorado","Gilpin County",4,5,31,16,15
050,08,047,"Colorado","Gilpin County",4,6,43,17,26
050,08,047,"Colorado","Gilpin County",4,7,41,19,22
050,08,047,"Colorado","Gilpin County",4,8,50,23,27
050,08,047,"Colorado","Gilpin County",4,9,47,23,24
050,08,047,"Colorado","Gilpin County",4,10,39,16,23
050,08,047,"Colorado","Gilpin County",4,11,51,25,26
050,08,047,"Colorado","Gilpin County",4,12,47,23,24
050,08,047,"Colorado","Gilpin County",4,13,48,27,21
050,08,047,"Colorado","Gilpin County",4,14,42,23,19
050,08,047,"Colorado","Gilpin County",4,15,66,31,35
050,08,047,"Colorado","Gilpin County",4,16,66,35,31
050,08,047,"Colorado","Gilpin County",4,17,59,30,29
050,08,047,"Colorado","Gilpin County",4,18,45,27,18
050,08,047,"Colorado","Gilpin County",4,19,37,20,17
050,08,047,"Colorado","Gilpin County",4,20,39,18,21
050,08,047,"Colorado","Gilpin County",4,21,44,25,19
050,08,047,"Colorado","Gilpin County",4,22,31,24,7
050,08,047,"Colorado","Gilpin County",4,23,36,22,14
050,08,047,"Colorado","Gilpin County",4,24,37,23,14
050,08,047,"Colorado","Gilpin County",4,25,50,27,23
050,08,047,"Colorado","Gilpin County",4,26,45,22,23
050,08,047,"Colorado","Gilpin County",4,27,55,33,22
050,08,047,"Colorado","Gilpin County",4,28,40,25,15
050,08,047,"Colorado","Gilpin County",4,29,50,24,26
050,08,047,"Colorado","Gilpin County",4,30,67,31,36
050,08,047,"Colorado","Gilpin County",4,31,68,40,28
050,08,047,"Colorado","Gilpin County",4,32,81,36,45
050,08,047,"Colorado","Gilpin County",4,33,81,43,38
050,08,047,"Colorado","Gilpin County",4,34,87,42,45
050,08,047,"Colorado","Gilpin County",4,35,87,47,40
050,08,047,"Colorado","Gilpin County",4,36,82,48,34
050,08,047,"Colorado","Gilpin County",4,37,86,42,44
050,08,047,"Colorado","Gilpin County",4,38,83,50,33
050,08,047,"Colorado","Gilpin County",4,39,67,33,34
050,08,047,"Colorado","Gilpin County",4,40,83,41,42
050,08,047,"Colorado","Gilpin County",4,41,82,39,43
050,08,047,"Colorado","Gilpin County",4,42,90,51,39
050,08,047,"Colorado","Gilpin County",4,43,79,40,39
050,08,047,"Colorado","Gilpin County",4,44,90,49,41
050,08,047,"Colorado","Gilpin County",4,45,103,52,51
050,08,047,"Colorado","Gilpin County",4,46,128,60,68
050,08,047,"Colorado","Gilpin County",4,47,120,61,59
050,08,047,"Colorado","Gilpin County",4,48,97,52,45
050,08,047,"Colorado","Gilpin County",4,49,105,60,45
050,08,047,"Colorado","Gilpin County",4,50,111,65,46
050,08,047,"Colorado","Gilpin County",4,51,96,53,43
050,08,047,"Colorado","Gilpin County",4,52,91,58,33
050,08,047,"Colorado","Gilpin County",4,53,86,52,34
050,08,047,"Colorado","Gilpin County",4,54,89,48,41
050,08,047,"Colorado","Gilpin County",4,55,81,39,42
050,08,047,"Colorado","Gilpin County",4,56,87,41,46
050,08,047,"Colorado","Gilpin County",4,57,104,54,50
050,08,047,"Colorado","Gilpin County",4,58,111,67,44
050,08,047,"Colorado","Gilpin County",4,59,115,61,54
050,08,047,"Colorado","Gilpin County",4,60,112,62,50
050,08,047,"Colorado","Gilpin County",4,61,128,71,57
050,08,047,"Colorado","Gilpin County",4,62,120,77,43
050,08,047,"Colorado","Gilpin County",4,63,124,56,68
050,08,047,"Colorado","Gilpin County",4,64,115,48,67
050,08,047,"Colorado","Gilpin County",4,65,119,57,62
050,08,047,"Colorado","Gilpin County",4,66,128,75,53
050,08,047,"Colorado","Gilpin County",4,67,112,64,48
050,08,047,"Colorado","Gilpin County",4,68,90,50,40
050,08,047,"Colorado","Gilpin County",4,69,103,57,46
050,08,047,"Colorado","Gilpin County",4,70,92,47,45
050,08,047,"Colorado","Gilpin County",4,71,83,37,46
050,08,047,"Colorado","Gilpin County",4,72,72,35,37
050,08,047,"Colorado","Gilpin County",4,73,52,31,21
050,08,047,"Colorado","Gilpin County",4,74,55,32,23
050,08,047,"Colorado","Gilpin County",4,75,55,31,24
050,08,047,"Colorado","Gilpin County",4,76,36,21,15
050,08,047,"Colorado","Gilpin County",4,77,36,18,18
050,08,047,"Colorado","Gilpin County",4,78,33,17,16
050,08,047,"Colorado","Gilpin County",4,79,29,17,12
050,08,047,"Colorado","Gilpin County",4,80,30,16,14
050,08,047,"Colorado","Gilpin County",4,81,22,10,12
050,08,047,"Colorado","Gilpin County",4,82,19,9,10
050,08,047,"Colorado","Gilpin County",4,83,13,7,6
050,08,047,"Colorado","Gilpin County",4,84,8,3,5
050,08,047,"Colorado","Gilpin County",4,85,47,16,31
050,08,047,"Colorado","Gilpin County",5,0,48,24,24
050,08,047,"Colorado","Gilpin County",5,1,43,20,23
050,08,047,"Colorado","Gilpin County",5,2,34,15,19
050,08,047,"Colorado","Gilpin County",5,3,34,18,16
050,08,047,"Colorado","Gilpin County",5,4,32,11,21
050,08,047,"Colorado","Gilpin County",5,5,32,14,18
050,08,047,"Colorado","Gilpin County",5,6,30,14,16
050,08,047,"Colorado","Gilpin County",5,7,41,17,24
050,08,047,"Colorado","Gilpin County",5,8,37,16,21
050,08,047,"Colorado","Gilpin County",5,9,43,20,23
050,08,047,"Colorado","Gilpin County",5,10,48,23,25
050,08,047,"Colorado","Gilpin County",5,11,43,19,24
050,08,047,"Colorado","Gilpin County",5,12,45,21,24
050,08,047,"Colorado","Gilpin County",5,13,40,20,20
050,08,047,"Colorado","Gilpin County",5,14,46,27,19
050,08,047,"Colorado","Gilpin County",5,15,40,23,17
050,08,047,"Colorado","Gilpin County",5,16,65,31,34
050,08,047,"Colorado","Gilpin County",5,17,64,33,31
050,08,047,"Colorado","Gilpin County",5,18,46,25,21
050,08,047,"Colorado","Gilpin County",5,19,35,21,14
050,08,047,"Colorado","Gilpin County",5,20,33,21,12
050,08,047,"Colorado","Gilpin County",5,21,41,21,20
050,08,047,"Colorado","Gilpin County",5,22,37,21,16
050,08,047,"Colorado","Gilpin County",5,23,34,28,6
050,08,047,"Colorado","Gilpin County",5,24,35,17,18
050,08,047,"Colorado","Gilpin County",5,25,35,20,15
050,08,047,"Colorado","Gilpin County",5,26,48,29,19
050,08,047,"Colorado","Gilpin County",5,27,43,22,21
050,08,047,"Colorado","Gilpin County",5,28,56,31,25
050,08,047,"Colorado","Gilpin County",5,29,47,28,19
050,08,047,"Colorado","Gilpin County",5,30,58,32,26
050,08,047,"Colorado","Gilpin County",5,31,66,33,33
050,08,047,"Colorado","Gilpin County",5,32,81,49,32
050,08,047,"Colorado","Gilpin County",5,33,86,42,44
050,08,047,"Colorado","Gilpin County",5,34,97,55,42
050,08,047,"Colorado","Gilpin County",5,35,86,41,45
050,08,047,"Colorado","Gilpin County",5,36,95,51,44
050,08,047,"Colorado","Gilpin County",5,37,85,50,35
050,08,047,"Colorado","Gilpin County",5,38,87,44,43
050,08,047,"Colorado","Gilpin County",5,39,86,47,39
050,08,047,"Colorado","Gilpin County",5,40,73,39,34
050,08,047,"Colorado","Gilpin County",5,41,82,38,44
050,08,047,"Colorado","Gilpin County",5,42,76,37,39
050,08,047,"Colorado","Gilpin County",5,43,89,51,38
050,08,047,"Colorado","Gilpin County",5,44,86,48,38
050,08,047,"Colorado","Gilpin County",5,45,98,49,49
050,08,047,"Colorado","Gilpin County",5,46,134,57,77
050,08,047,"Colorado","Gilpin County",5,47,133,58,75
050,08,047,"Colorado","Gilpin County",5,48,135,69,66
050,08,047,"Colorado","Gilpin County",5,49,101,53,48
050,08,047,"Colorado","Gilpin County",5,50,114,70,44
050,08,047,"Colorado","Gilpin County",5,51,105,63,42
050,08,047,"Colorado","Gilpin County",5,52,108,59,49
050,08,047,"Colorado","Gilpin County",5,53,100,63,37
050,08,047,"Colorado","Gilpin County",5,54,88,51,37
050,08,047,"Colorado","Gilpin County",5,55,93,50,43
050,08,047,"Colorado","Gilpin County",5,56,83,39,44
050,08,047,"Colorado","Gilpin County",5,57,89,41,48
050,08,047,"Colorado","Gilpin County",5,58,107,58,49
050,08,047,"Colorado","Gilpin County",5,59,108,70,38
050,08,047,"Colorado","Gilpin County",5,60,107,60,47
050,08,047,"Colorado","Gilpin County",5,61,111,61,50
050,08,047,"Colorado","Gilpin County",5,62,123,66,57
050,08,047,"Colorado","Gilpin County",5,63,113,72,41
050,08,047,"Colorado","Gilpin County",5,64,117,51,66
050,08,047,"Colorado","Gilpin County",5,65,114,46,68
050,08,047,"Colorado","Gilpin County",5,66,114,55,59
050,08,047,"Colorado","Gilpin County",5,67,124,76,48
050,08,047,"Colorado","Gilpin County",5,68,105,60,45
050,08,047,"Colorado","Gilpin County",5,69,87,50,37
050,08,047,"Colorado","Gilpin County",5,70,95,54,41
050,08,047,"Colorado","Gilpin County",5,71,89,47,42
050,08,047,"Colorado","Gilpin County",5,72,77,33,44
050,08,047,"Colorado","Gilpin County",5,73,68,32,36
050,08,047,"Colorado","Gilpin County",5,74,49,31,18
050,08,047,"Colorado","Gilpin County",5,75,54,31,23
050,08,047,"Colorado","Gilpin County",5,76,56,32,24
050,08,047,"Colorado","Gilpin County",5,77,31,18,13
050,08,047,"Colorado","Gilpin County",5,78,33,18,15
050,08,047,"Colorado","Gilpin County",5,79,31,17,14
050,08,047,"Colorado","Gilpin County",5,80,27,15,12
050,08,047,"Colorado","Gilpin County",5,81,28,14,14
050,08,047,"Colorado","Gilpin County",5,82,15,8,7
050,08,047,"Colorado","Gilpin County",5,83,19,9,10
050,08,047,"Colorado","Gilpin County",5,84,10,4,6
050,08,047,"Colorado","Gilpin County",5,85,45,14,31
050,08,049,"Colorado","Grand County",1,0,110,55,55
050,08,049,"Colorado","Grand County",1,1,102,45,57
050,08,049,"Colorado","Grand County",1,2,109,53,56
050,08,049,"Colorado","Grand County",1,3,118,60,58
050,08,049,"Colorado","Grand County",1,4,132,66,66
050,08,049,"Colorado","Grand County",1,5,134,66,68
050,08,049,"Colorado","Grand County",1,6,126,64,62
050,08,049,"Colorado","Grand County",1,7,139,67,72
050,08,049,"Colorado","Grand County",1,8,136,77,59
050,08,049,"Colorado","Grand County",1,9,128,66,62
050,08,049,"Colorado","Grand County",1,10,151,74,77
050,08,049,"Colorado","Grand County",1,11,183,91,92
050,08,049,"Colorado","Grand County",1,12,175,95,80
050,08,049,"Colorado","Grand County",1,13,162,85,77
050,08,049,"Colorado","Grand County",1,14,174,78,96
050,08,049,"Colorado","Grand County",1,15,162,82,80
050,08,049,"Colorado","Grand County",1,16,176,95,81
050,08,049,"Colorado","Grand County",1,17,173,87,86
050,08,049,"Colorado","Grand County",1,18,153,87,66
050,08,049,"Colorado","Grand County",1,19,152,89,63
050,08,049,"Colorado","Grand County",1,20,143,78,65
050,08,049,"Colorado","Grand County",1,21,134,67,67
050,08,049,"Colorado","Grand County",1,22,120,64,56
050,08,049,"Colorado","Grand County",1,23,158,85,73
050,08,049,"Colorado","Grand County",1,24,191,108,83
050,08,049,"Colorado","Grand County",1,25,208,115,93
050,08,049,"Colorado","Grand County",1,26,200,111,89
050,08,049,"Colorado","Grand County",1,27,216,125,91
050,08,049,"Colorado","Grand County",1,28,215,116,99
050,08,049,"Colorado","Grand County",1,29,222,126,96
050,08,049,"Colorado","Grand County",1,30,239,127,112
050,08,049,"Colorado","Grand County",1,31,207,112,95
050,08,049,"Colorado","Grand County",1,32,209,121,88
050,08,049,"Colorado","Grand County",1,33,209,113,96
050,08,049,"Colorado","Grand County",1,34,240,130,110
050,08,049,"Colorado","Grand County",1,35,234,138,96
050,08,049,"Colorado","Grand County",1,36,207,119,88
050,08,049,"Colorado","Grand County",1,37,198,112,86
050,08,049,"Colorado","Grand County",1,38,226,130,96
050,08,049,"Colorado","Grand County",1,39,217,110,107
050,08,049,"Colorado","Grand County",1,40,225,121,104
050,08,049,"Colorado","Grand County",1,41,234,125,109
050,08,049,"Colorado","Grand County",1,42,179,98,81
050,08,049,"Colorado","Grand County",1,43,175,90,85
050,08,049,"Colorado","Grand County",1,44,205,111,94
050,08,049,"Colorado","Grand County",1,45,204,114,90
050,08,049,"Colorado","Grand County",1,46,185,99,86
050,08,049,"Colorado","Grand County",1,47,200,111,89
050,08,049,"Colorado","Grand County",1,48,198,107,91
050,08,049,"Colorado","Grand County",1,49,225,126,99
050,08,049,"Colorado","Grand County",1,50,222,124,98
050,08,049,"Colorado","Grand County",1,51,197,101,96
050,08,049,"Colorado","Grand County",1,52,188,98,90
050,08,049,"Colorado","Grand County",1,53,204,110,94
050,08,049,"Colorado","Grand County",1,54,209,106,103
050,08,049,"Colorado","Grand County",1,55,224,103,121
050,08,049,"Colorado","Grand County",1,56,250,126,124
050,08,049,"Colorado","Grand County",1,57,239,120,119
050,08,049,"Colorado","Grand County",1,58,271,131,140
050,08,049,"Colorado","Grand County",1,59,265,135,130
050,08,049,"Colorado","Grand County",1,60,268,146,122
050,08,049,"Colorado","Grand County",1,61,314,162,152
050,08,049,"Colorado","Grand County",1,62,337,170,167
050,08,049,"Colorado","Grand County",1,63,344,179,165
050,08,049,"Colorado","Grand County",1,64,330,178,152
050,08,049,"Colorado","Grand County",1,65,283,150,133
050,08,049,"Colorado","Grand County",1,66,283,153,130
050,08,049,"Colorado","Grand County",1,67,247,143,104
050,08,049,"Colorado","Grand County",1,68,233,144,89
050,08,049,"Colorado","Grand County",1,69,213,124,89
050,08,049,"Colorado","Grand County",1,70,201,109,92
050,08,049,"Colorado","Grand County",1,71,199,105,94
050,08,049,"Colorado","Grand County",1,72,186,102,84
050,08,049,"Colorado","Grand County",1,73,187,116,71
050,08,049,"Colorado","Grand County",1,74,118,63,55
050,08,049,"Colorado","Grand County",1,75,93,46,47
050,08,049,"Colorado","Grand County",1,76,108,62,46
050,08,049,"Colorado","Grand County",1,77,95,52,43
050,08,049,"Colorado","Grand County",1,78,74,42,32
050,08,049,"Colorado","Grand County",1,79,60,37,23
050,08,049,"Colorado","Grand County",1,80,42,21,21
050,08,049,"Colorado","Grand County",1,81,41,18,23
050,08,049,"Colorado","Grand County",1,82,35,18,17
050,08,049,"Colorado","Grand County",1,83,27,12,15
050,08,049,"Colorado","Grand County",1,84,33,20,13
050,08,049,"Colorado","Grand County",1,85,177,88,89
050,08,049,"Colorado","Grand County",2,0,125,65,60
050,08,049,"Colorado","Grand County",2,1,103,46,57
050,08,049,"Colorado","Grand County",2,2,106,51,55
050,08,049,"Colorado","Grand County",2,3,117,59,58
050,08,049,"Colorado","Grand County",2,4,128,64,64
050,08,049,"Colorado","Grand County",2,5,133,65,68
050,08,049,"Colorado","Grand County",2,6,129,64,65
050,08,049,"Colorado","Grand County",2,7,133,65,68
050,08,049,"Colorado","Grand County",2,8,136,73,63
050,08,049,"Colorado","Grand County",2,9,130,68,62
050,08,049,"Colorado","Grand County",2,10,146,72,74
050,08,049,"Colorado","Grand County",2,11,175,87,88
050,08,049,"Colorado","Grand County",2,12,178,95,83
050,08,049,"Colorado","Grand County",2,13,165,88,77
050,08,049,"Colorado","Grand County",2,14,168,80,88
050,08,049,"Colorado","Grand County",2,15,165,81,84
050,08,049,"Colorado","Grand County",2,16,171,90,81
050,08,049,"Colorado","Grand County",2,17,175,89,86
050,08,049,"Colorado","Grand County",2,18,154,87,67
050,08,049,"Colorado","Grand County",2,19,152,87,65
050,08,049,"Colorado","Grand County",2,20,144,80,64
050,08,049,"Colorado","Grand County",2,21,138,70,68
050,08,049,"Colorado","Grand County",2,22,128,67,61
050,08,049,"Colorado","Grand County",2,23,153,82,71
050,08,049,"Colorado","Grand County",2,24,190,106,84
050,08,049,"Colorado","Grand County",2,25,203,114,89
050,08,049,"Colorado","Grand County",2,26,198,110,88
050,08,049,"Colorado","Grand County",2,27,211,122,89
050,08,049,"Colorado","Grand County",2,28,215,118,97
050,08,049,"Colorado","Grand County",2,29,221,125,96
050,08,049,"Colorado","Grand County",2,30,235,127,108
050,08,049,"Colorado","Grand County",2,31,215,117,98
050,08,049,"Colorado","Grand County",2,32,206,116,90
050,08,049,"Colorado","Grand County",2,33,208,114,94
050,08,049,"Colorado","Grand County",2,34,234,128,106
050,08,049,"Colorado","Grand County",2,35,238,138,100
050,08,049,"Colorado","Grand County",2,36,212,123,89
050,08,049,"Colorado","Grand County",2,37,202,114,88
050,08,049,"Colorado","Grand County",2,38,220,124,96
050,08,049,"Colorado","Grand County",2,39,219,113,106
050,08,049,"Colorado","Grand County",2,40,227,120,107
050,08,049,"Colorado","Grand County",2,41,230,124,106
050,08,049,"Colorado","Grand County",2,42,190,104,86
050,08,049,"Colorado","Grand County",2,43,175,92,83
050,08,049,"Colorado","Grand County",2,44,196,105,91
050,08,049,"Colorado","Grand County",2,45,207,116,91
050,08,049,"Colorado","Grand County",2,46,189,103,86
050,08,049,"Colorado","Grand County",2,47,196,107,89
050,08,049,"Colorado","Grand County",2,48,200,109,91
050,08,049,"Colorado","Grand County",2,49,223,124,99
050,08,049,"Colorado","Grand County",2,50,224,126,98
050,08,049,"Colorado","Grand County",2,51,204,108,96
050,08,049,"Colorado","Grand County",2,52,191,100,91
050,08,049,"Colorado","Grand County",2,53,200,108,92
050,08,049,"Colorado","Grand County",2,54,209,107,102
050,08,049,"Colorado","Grand County",2,55,223,106,117
050,08,049,"Colorado","Grand County",2,56,244,120,124
050,08,049,"Colorado","Grand County",2,57,243,122,121
050,08,049,"Colorado","Grand County",2,58,263,127,136
050,08,049,"Colorado","Grand County",2,59,266,135,131
050,08,049,"Colorado","Grand County",2,60,268,143,125
050,08,049,"Colorado","Grand County",2,61,304,160,144
050,08,049,"Colorado","Grand County",2,62,333,168,165
050,08,049,"Colorado","Grand County",2,63,347,179,168
050,08,049,"Colorado","Grand County",2,64,331,177,154
050,08,049,"Colorado","Grand County",2,65,293,156,137
050,08,049,"Colorado","Grand County",2,66,283,153,130
050,08,049,"Colorado","Grand County",2,67,255,145,110
050,08,049,"Colorado","Grand County",2,68,233,141,92
050,08,049,"Colorado","Grand County",2,69,216,127,89
050,08,049,"Colorado","Grand County",2,70,203,111,92
050,08,049,"Colorado","Grand County",2,71,197,104,93
050,08,049,"Colorado","Grand County",2,72,185,100,85
050,08,049,"Colorado","Grand County",2,73,197,119,78
050,08,049,"Colorado","Grand County",2,74,126,71,55
050,08,049,"Colorado","Grand County",2,75,98,50,48
050,08,049,"Colorado","Grand County",2,76,102,57,45
050,08,049,"Colorado","Grand County",2,77,99,54,45
050,08,049,"Colorado","Grand County",2,78,77,43,34
050,08,049,"Colorado","Grand County",2,79,61,36,25
050,08,049,"Colorado","Grand County",2,80,45,23,22
050,08,049,"Colorado","Grand County",2,81,39,18,21
050,08,049,"Colorado","Grand County",2,82,36,18,18
050,08,049,"Colorado","Grand County",2,83,28,14,14
050,08,049,"Colorado","Grand County",2,84,30,18,12
050,08,049,"Colorado","Grand County",2,85,182,91,91
050,08,049,"Colorado","Grand County",3,0,113,60,53
050,08,049,"Colorado","Grand County",3,1,130,67,63
050,08,049,"Colorado","Grand County",3,2,109,52,57
050,08,049,"Colorado","Grand County",3,3,101,51,50
050,08,049,"Colorado","Grand County",3,4,126,64,62
050,08,049,"Colorado","Grand County",3,5,121,63,58
050,08,049,"Colorado","Grand County",3,6,140,69,71
050,08,049,"Colorado","Grand County",3,7,123,62,61
050,08,049,"Colorado","Grand County",3,8,143,71,72
050,08,049,"Colorado","Grand County",3,9,130,69,61
050,08,049,"Colorado","Grand County",3,10,138,72,66
050,08,049,"Colorado","Grand County",3,11,149,74,75
050,08,049,"Colorado","Grand County",3,12,175,88,87
050,08,049,"Colorado","Grand County",3,13,177,95,82
050,08,049,"Colorado","Grand County",3,14,163,86,77
050,08,049,"Colorado","Grand County",3,15,164,78,86
050,08,049,"Colorado","Grand County",3,16,168,83,85
050,08,049,"Colorado","Grand County",3,17,178,91,87
050,08,049,"Colorado","Grand County",3,18,160,88,72
050,08,049,"Colorado","Grand County",3,19,159,88,71
050,08,049,"Colorado","Grand County",3,20,136,72,64
050,08,049,"Colorado","Grand County",3,21,153,84,69
050,08,049,"Colorado","Grand County",3,22,141,76,65
050,08,049,"Colorado","Grand County",3,23,142,72,70
050,08,049,"Colorado","Grand County",3,24,154,76,78
050,08,049,"Colorado","Grand County",3,25,207,112,95
050,08,049,"Colorado","Grand County",3,26,207,119,88
050,08,049,"Colorado","Grand County",3,27,197,112,85
050,08,049,"Colorado","Grand County",3,28,197,114,83
050,08,049,"Colorado","Grand County",3,29,208,115,93
050,08,049,"Colorado","Grand County",3,30,233,132,101
050,08,049,"Colorado","Grand County",3,31,239,130,109
050,08,049,"Colorado","Grand County",3,32,219,118,101
050,08,049,"Colorado","Grand County",3,33,201,115,86
050,08,049,"Colorado","Grand County",3,34,218,118,100
050,08,049,"Colorado","Grand County",3,35,244,135,109
050,08,049,"Colorado","Grand County",3,36,256,147,109
050,08,049,"Colorado","Grand County",3,37,226,120,106
050,08,049,"Colorado","Grand County",3,38,214,121,93
050,08,049,"Colorado","Grand County",3,39,233,133,100
050,08,049,"Colorado","Grand County",3,40,223,114,109
050,08,049,"Colorado","Grand County",3,41,234,122,112
050,08,049,"Colorado","Grand County",3,42,241,134,107
050,08,049,"Colorado","Grand County",3,43,196,99,97
050,08,049,"Colorado","Grand County",3,44,183,92,91
050,08,049,"Colorado","Grand County",3,45,180,90,90
050,08,049,"Colorado","Grand County",3,46,214,123,91
050,08,049,"Colorado","Grand County",3,47,193,103,90
050,08,049,"Colorado","Grand County",3,48,195,105,90
050,08,049,"Colorado","Grand County",3,49,200,107,93
050,08,049,"Colorado","Grand County",3,50,232,130,102
050,08,049,"Colorado","Grand County",3,51,223,124,99
050,08,049,"Colorado","Grand County",3,52,217,115,102
050,08,049,"Colorado","Grand County",3,53,179,95,84
050,08,049,"Colorado","Grand County",3,54,202,112,90
050,08,049,"Colorado","Grand County",3,55,220,113,107
050,08,049,"Colorado","Grand County",3,56,202,101,101
050,08,049,"Colorado","Grand County",3,57,242,118,124
050,08,049,"Colorado","Grand County",3,58,239,122,117
050,08,049,"Colorado","Grand County",3,59,270,133,137
050,08,049,"Colorado","Grand County",3,60,282,138,144
050,08,049,"Colorado","Grand County",3,61,256,140,116
050,08,049,"Colorado","Grand County",3,62,306,160,146
050,08,049,"Colorado","Grand County",3,63,332,168,164
050,08,049,"Colorado","Grand County",3,64,334,173,161
050,08,049,"Colorado","Grand County",3,65,322,172,150
050,08,049,"Colorado","Grand County",3,66,291,155,136
050,08,049,"Colorado","Grand County",3,67,270,147,123
050,08,049,"Colorado","Grand County",3,68,242,139,103
050,08,049,"Colorado","Grand County",3,69,224,132,92
050,08,049,"Colorado","Grand County",3,70,207,121,86
050,08,049,"Colorado","Grand County",3,71,191,103,88
050,08,049,"Colorado","Grand County",3,72,192,104,88
050,08,049,"Colorado","Grand County",3,73,179,96,83
050,08,049,"Colorado","Grand County",3,74,183,110,73
050,08,049,"Colorado","Grand County",3,75,122,69,53
050,08,049,"Colorado","Grand County",3,76,97,51,46
050,08,049,"Colorado","Grand County",3,77,91,53,38
050,08,049,"Colorado","Grand County",3,78,96,52,44
050,08,049,"Colorado","Grand County",3,79,74,38,36
050,08,049,"Colorado","Grand County",3,80,58,34,24
050,08,049,"Colorado","Grand County",3,81,42,22,20
050,08,049,"Colorado","Grand County",3,82,37,17,20
050,08,049,"Colorado","Grand County",3,83,34,17,17
050,08,049,"Colorado","Grand County",3,84,25,11,14
050,08,049,"Colorado","Grand County",3,85,187,97,90
050,08,049,"Colorado","Grand County",4,0,118,65,53
050,08,049,"Colorado","Grand County",4,1,100,49,51
050,08,049,"Colorado","Grand County",4,2,117,58,59
050,08,049,"Colorado","Grand County",4,3,108,53,55
050,08,049,"Colorado","Grand County",4,4,103,49,54
050,08,049,"Colorado","Grand County",4,5,118,62,56
050,08,049,"Colorado","Grand County",4,6,129,67,62
050,08,049,"Colorado","Grand County",4,7,134,67,67
050,08,049,"Colorado","Grand County",4,8,127,61,66
050,08,049,"Colorado","Grand County",4,9,138,70,68
050,08,049,"Colorado","Grand County",4,10,130,70,60
050,08,049,"Colorado","Grand County",4,11,127,68,59
050,08,049,"Colorado","Grand County",4,12,146,64,82
050,08,049,"Colorado","Grand County",4,13,178,92,86
050,08,049,"Colorado","Grand County",4,14,164,90,74
050,08,049,"Colorado","Grand County",4,15,164,88,76
050,08,049,"Colorado","Grand County",4,16,171,85,86
050,08,049,"Colorado","Grand County",4,17,157,78,79
050,08,049,"Colorado","Grand County",4,18,152,86,66
050,08,049,"Colorado","Grand County",4,19,152,84,68
050,08,049,"Colorado","Grand County",4,20,153,83,70
050,08,049,"Colorado","Grand County",4,21,147,76,71
050,08,049,"Colorado","Grand County",4,22,151,78,73
050,08,049,"Colorado","Grand County",4,23,142,81,61
050,08,049,"Colorado","Grand County",4,24,169,89,80
050,08,049,"Colorado","Grand County",4,25,174,92,82
050,08,049,"Colorado","Grand County",4,26,210,117,93
050,08,049,"Colorado","Grand County",4,27,197,121,76
050,08,049,"Colorado","Grand County",4,28,204,113,91
050,08,049,"Colorado","Grand County",4,29,211,126,85
050,08,049,"Colorado","Grand County",4,30,207,110,97
050,08,049,"Colorado","Grand County",4,31,233,132,101
050,08,049,"Colorado","Grand County",4,32,229,118,111
050,08,049,"Colorado","Grand County",4,33,224,118,106
050,08,049,"Colorado","Grand County",4,34,189,106,83
050,08,049,"Colorado","Grand County",4,35,194,104,90
050,08,049,"Colorado","Grand County",4,36,239,130,109
050,08,049,"Colorado","Grand County",4,37,247,143,104
050,08,049,"Colorado","Grand County",4,38,222,122,100
050,08,049,"Colorado","Grand County",4,39,213,123,90
050,08,049,"Colorado","Grand County",4,40,246,138,108
050,08,049,"Colorado","Grand County",4,41,222,116,106
050,08,049,"Colorado","Grand County",4,42,245,129,116
050,08,049,"Colorado","Grand County",4,43,240,128,112
050,08,049,"Colorado","Grand County",4,44,194,100,94
050,08,049,"Colorado","Grand County",4,45,190,103,87
050,08,049,"Colorado","Grand County",4,46,185,92,93
050,08,049,"Colorado","Grand County",4,47,211,119,92
050,08,049,"Colorado","Grand County",4,48,187,100,87
050,08,049,"Colorado","Grand County",4,49,198,108,90
050,08,049,"Colorado","Grand County",4,50,195,98,97
050,08,049,"Colorado","Grand County",4,51,243,137,106
050,08,049,"Colorado","Grand County",4,52,237,132,105
050,08,049,"Colorado","Grand County",4,53,219,120,99
050,08,049,"Colorado","Grand County",4,54,203,112,91
050,08,049,"Colorado","Grand County",4,55,212,118,94
050,08,049,"Colorado","Grand County",4,56,215,109,106
050,08,049,"Colorado","Grand County",4,57,218,109,109
050,08,049,"Colorado","Grand County",4,58,240,122,118
050,08,049,"Colorado","Grand County",4,59,233,123,110
050,08,049,"Colorado","Grand County",4,60,263,122,141
050,08,049,"Colorado","Grand County",4,61,278,130,148
050,08,049,"Colorado","Grand County",4,62,256,146,110
050,08,049,"Colorado","Grand County",4,63,290,144,146
050,08,049,"Colorado","Grand County",4,64,325,165,160
050,08,049,"Colorado","Grand County",4,65,316,165,151
050,08,049,"Colorado","Grand County",4,66,318,167,151
050,08,049,"Colorado","Grand County",4,67,284,154,130
050,08,049,"Colorado","Grand County",4,68,256,142,114
050,08,049,"Colorado","Grand County",4,69,229,135,94
050,08,049,"Colorado","Grand County",4,70,209,124,85
050,08,049,"Colorado","Grand County",4,71,192,116,76
050,08,049,"Colorado","Grand County",4,72,184,105,79
050,08,049,"Colorado","Grand County",4,73,181,97,84
050,08,049,"Colorado","Grand County",4,74,169,90,79
050,08,049,"Colorado","Grand County",4,75,174,104,70
050,08,049,"Colorado","Grand County",4,76,112,62,50
050,08,049,"Colorado","Grand County",4,77,93,50,43
050,08,049,"Colorado","Grand County",4,78,84,48,36
050,08,049,"Colorado","Grand County",4,79,92,50,42
050,08,049,"Colorado","Grand County",4,80,70,37,33
050,08,049,"Colorado","Grand County",4,81,48,28,20
050,08,049,"Colorado","Grand County",4,82,40,23,17
050,08,049,"Colorado","Grand County",4,83,32,13,19
050,08,049,"Colorado","Grand County",4,84,32,16,16
050,08,049,"Colorado","Grand County",4,85,186,96,90
050,08,049,"Colorado","Grand County",5,0,121,67,54
050,08,049,"Colorado","Grand County",5,1,125,70,55
050,08,049,"Colorado","Grand County",5,2,89,41,48
050,08,049,"Colorado","Grand County",5,3,120,64,56
050,08,049,"Colorado","Grand County",5,4,112,57,55
050,08,049,"Colorado","Grand County",5,5,109,51,58
050,08,049,"Colorado","Grand County",5,6,134,65,69
050,08,049,"Colorado","Grand County",5,7,131,71,60
050,08,049,"Colorado","Grand County",5,8,139,70,69
050,08,049,"Colorado","Grand County",5,9,128,61,67
050,08,049,"Colorado","Grand County",5,10,140,71,69
050,08,049,"Colorado","Grand County",5,11,138,73,65
050,08,049,"Colorado","Grand County",5,12,125,62,63
050,08,049,"Colorado","Grand County",5,13,144,66,78
050,08,049,"Colorado","Grand County",5,14,177,94,83
050,08,049,"Colorado","Grand County",5,15,173,98,75
050,08,049,"Colorado","Grand County",5,16,157,82,75
050,08,049,"Colorado","Grand County",5,17,169,83,86
050,08,049,"Colorado","Grand County",5,18,131,77,54
050,08,049,"Colorado","Grand County",5,19,157,86,71
050,08,049,"Colorado","Grand County",5,20,135,72,63
050,08,049,"Colorado","Grand County",5,21,169,92,77
050,08,049,"Colorado","Grand County",5,22,142,74,68
050,08,049,"Colorado","Grand County",5,23,170,90,80
050,08,049,"Colorado","Grand County",5,24,171,95,76
050,08,049,"Colorado","Grand County",5,25,176,89,87
050,08,049,"Colorado","Grand County",5,26,189,109,80
050,08,049,"Colorado","Grand County",5,27,212,113,99
050,08,049,"Colorado","Grand County",5,28,205,125,80
050,08,049,"Colorado","Grand County",5,29,216,132,84
050,08,049,"Colorado","Grand County",5,30,227,122,105
050,08,049,"Colorado","Grand County",5,31,212,116,96
050,08,049,"Colorado","Grand County",5,32,247,140,107
050,08,049,"Colorado","Grand County",5,33,248,127,121
050,08,049,"Colorado","Grand County",5,34,221,116,105
050,08,049,"Colorado","Grand County",5,35,188,107,81
050,08,049,"Colorado","Grand County",5,36,201,111,90
050,08,049,"Colorado","Grand County",5,37,243,133,110
050,08,049,"Colorado","Grand County",5,38,263,152,111
050,08,049,"Colorado","Grand County",5,39,217,117,100
050,08,049,"Colorado","Grand County",5,40,214,121,93
050,08,049,"Colorado","Grand County",5,41,236,136,100
050,08,049,"Colorado","Grand County",5,42,226,116,110
050,08,049,"Colorado","Grand County",5,43,249,123,126
050,08,049,"Colorado","Grand County",5,44,249,133,116
050,08,049,"Colorado","Grand County",5,45,198,105,93
050,08,049,"Colorado","Grand County",5,46,190,101,89
050,08,049,"Colorado","Grand County",5,47,199,98,101
050,08,049,"Colorado","Grand County",5,48,205,112,93
050,08,049,"Colorado","Grand County",5,49,190,100,90
050,08,049,"Colorado","Grand County",5,50,199,108,91
050,08,049,"Colorado","Grand County",5,51,200,104,96
050,08,049,"Colorado","Grand County",5,52,247,137,110
050,08,049,"Colorado","Grand County",5,53,229,133,96
050,08,049,"Colorado","Grand County",5,54,217,111,106
050,08,049,"Colorado","Grand County",5,55,213,118,95
050,08,049,"Colorado","Grand County",5,56,213,118,95
050,08,049,"Colorado","Grand County",5,57,231,119,112
050,08,049,"Colorado","Grand County",5,58,223,110,113
050,08,049,"Colorado","Grand County",5,59,243,124,119
050,08,049,"Colorado","Grand County",5,60,236,124,112
050,08,049,"Colorado","Grand County",5,61,265,124,141
050,08,049,"Colorado","Grand County",5,62,271,131,140
050,08,049,"Colorado","Grand County",5,63,257,153,104
050,08,049,"Colorado","Grand County",5,64,291,145,146
050,08,049,"Colorado","Grand County",5,65,315,165,150
050,08,049,"Colorado","Grand County",5,66,316,169,147
050,08,049,"Colorado","Grand County",5,67,310,162,148
050,08,049,"Colorado","Grand County",5,68,272,150,122
050,08,049,"Colorado","Grand County",5,69,251,138,113
050,08,049,"Colorado","Grand County",5,70,223,134,89
050,08,049,"Colorado","Grand County",5,71,200,120,80
050,08,049,"Colorado","Grand County",5,72,184,109,75
050,08,049,"Colorado","Grand County",5,73,176,103,73
050,08,049,"Colorado","Grand County",5,74,166,92,74
050,08,049,"Colorado","Grand County",5,75,161,87,74
050,08,049,"Colorado","Grand County",5,76,160,95,65
050,08,049,"Colorado","Grand County",5,77,109,62,47
050,08,049,"Colorado","Grand County",5,78,90,49,41
050,08,049,"Colorado","Grand County",5,79,78,44,34
050,08,049,"Colorado","Grand County",5,80,90,48,42
050,08,049,"Colorado","Grand County",5,81,66,34,32
050,08,049,"Colorado","Grand County",5,82,45,27,18
050,08,049,"Colorado","Grand County",5,83,40,22,18
050,08,049,"Colorado","Grand County",5,84,30,13,17
050,08,049,"Colorado","Grand County",5,85,191,95,96
050,08,051,"Colorado","Gunnison County",1,0,123,64,59
050,08,051,"Colorado","Gunnison County",1,1,127,70,57
050,08,051,"Colorado","Gunnison County",1,2,121,75,46
050,08,051,"Colorado","Gunnison County",1,3,128,70,58
050,08,051,"Colorado","Gunnison County",1,4,155,76,79
050,08,051,"Colorado","Gunnison County",1,5,149,73,76
050,08,051,"Colorado","Gunnison County",1,6,144,74,70
050,08,051,"Colorado","Gunnison County",1,7,137,72,65
050,08,051,"Colorado","Gunnison County",1,8,154,84,70
050,08,051,"Colorado","Gunnison County",1,9,152,85,67
050,08,051,"Colorado","Gunnison County",1,10,178,101,77
050,08,051,"Colorado","Gunnison County",1,11,174,93,81
050,08,051,"Colorado","Gunnison County",1,12,158,86,72
050,08,051,"Colorado","Gunnison County",1,13,171,94,77
050,08,051,"Colorado","Gunnison County",1,14,171,86,85
050,08,051,"Colorado","Gunnison County",1,15,164,89,75
050,08,051,"Colorado","Gunnison County",1,16,183,84,99
050,08,051,"Colorado","Gunnison County",1,17,187,83,104
050,08,051,"Colorado","Gunnison County",1,18,343,177,166
050,08,051,"Colorado","Gunnison County",1,19,565,348,217
050,08,051,"Colorado","Gunnison County",1,20,481,281,200
050,08,051,"Colorado","Gunnison County",1,21,479,245,234
050,08,051,"Colorado","Gunnison County",1,22,491,310,181
050,08,051,"Colorado","Gunnison County",1,23,371,197,174
050,08,051,"Colorado","Gunnison County",1,24,266,168,98
050,08,051,"Colorado","Gunnison County",1,25,251,151,100
050,08,051,"Colorado","Gunnison County",1,26,244,137,107
050,08,051,"Colorado","Gunnison County",1,27,246,141,105
050,08,051,"Colorado","Gunnison County",1,28,262,145,117
050,08,051,"Colorado","Gunnison County",1,29,266,152,114
050,08,051,"Colorado","Gunnison County",1,30,245,131,114
050,08,051,"Colorado","Gunnison County",1,31,214,118,96
050,08,051,"Colorado","Gunnison County",1,32,229,119,110
050,08,051,"Colorado","Gunnison County",1,33,217,118,99
050,08,051,"Colorado","Gunnison County",1,34,241,127,114
050,08,051,"Colorado","Gunnison County",1,35,232,120,112
050,08,051,"Colorado","Gunnison County",1,36,234,123,111
050,08,051,"Colorado","Gunnison County",1,37,238,129,109
050,08,051,"Colorado","Gunnison County",1,38,242,124,118
050,08,051,"Colorado","Gunnison County",1,39,258,145,113
050,08,051,"Colorado","Gunnison County",1,40,230,124,106
050,08,051,"Colorado","Gunnison County",1,41,214,107,107
050,08,051,"Colorado","Gunnison County",1,42,231,127,104
050,08,051,"Colorado","Gunnison County",1,43,214,115,99
050,08,051,"Colorado","Gunnison County",1,44,203,114,89
050,08,051,"Colorado","Gunnison County",1,45,190,107,83
050,08,051,"Colorado","Gunnison County",1,46,202,120,82
050,08,051,"Colorado","Gunnison County",1,47,216,135,81
050,08,051,"Colorado","Gunnison County",1,48,224,121,103
050,08,051,"Colorado","Gunnison County",1,49,243,118,125
050,08,051,"Colorado","Gunnison County",1,50,232,121,111
050,08,051,"Colorado","Gunnison County",1,51,202,117,85
050,08,051,"Colorado","Gunnison County",1,52,193,109,84
050,08,051,"Colorado","Gunnison County",1,53,186,92,94
050,08,051,"Colorado","Gunnison County",1,54,178,93,85
050,08,051,"Colorado","Gunnison County",1,55,175,82,93
050,08,051,"Colorado","Gunnison County",1,56,214,95,119
050,08,051,"Colorado","Gunnison County",1,57,201,97,104
050,08,051,"Colorado","Gunnison County",1,58,215,108,107
050,08,051,"Colorado","Gunnison County",1,59,205,98,107
050,08,051,"Colorado","Gunnison County",1,60,188,95,93
050,08,051,"Colorado","Gunnison County",1,61,206,107,99
050,08,051,"Colorado","Gunnison County",1,62,211,104,107
050,08,051,"Colorado","Gunnison County",1,63,200,102,98
050,08,051,"Colorado","Gunnison County",1,64,212,119,93
050,08,051,"Colorado","Gunnison County",1,65,215,119,96
050,08,051,"Colorado","Gunnison County",1,66,208,116,92
050,08,051,"Colorado","Gunnison County",1,67,187,109,78
050,08,051,"Colorado","Gunnison County",1,68,175,93,82
050,08,051,"Colorado","Gunnison County",1,69,167,89,78
050,08,051,"Colorado","Gunnison County",1,70,166,97,69
050,08,051,"Colorado","Gunnison County",1,71,137,78,59
050,08,051,"Colorado","Gunnison County",1,72,134,76,58
050,08,051,"Colorado","Gunnison County",1,73,140,73,67
050,08,051,"Colorado","Gunnison County",1,74,101,54,47
050,08,051,"Colorado","Gunnison County",1,75,90,42,48
050,08,051,"Colorado","Gunnison County",1,76,96,53,43
050,08,051,"Colorado","Gunnison County",1,77,83,41,42
050,08,051,"Colorado","Gunnison County",1,78,57,27,30
050,08,051,"Colorado","Gunnison County",1,79,49,25,24
050,08,051,"Colorado","Gunnison County",1,80,49,30,19
050,08,051,"Colorado","Gunnison County",1,81,38,20,18
050,08,051,"Colorado","Gunnison County",1,82,35,17,18
050,08,051,"Colorado","Gunnison County",1,83,34,17,17
050,08,051,"Colorado","Gunnison County",1,84,41,23,18
050,08,051,"Colorado","Gunnison County",1,85,143,68,75
050,08,051,"Colorado","Gunnison County",2,0,126,71,55
050,08,051,"Colorado","Gunnison County",2,1,125,69,56
050,08,051,"Colorado","Gunnison County",2,2,122,73,49
050,08,051,"Colorado","Gunnison County",2,3,128,71,57
050,08,051,"Colorado","Gunnison County",2,4,151,75,76
050,08,051,"Colorado","Gunnison County",2,5,152,76,76
050,08,051,"Colorado","Gunnison County",2,6,145,74,71
050,08,051,"Colorado","Gunnison County",2,7,137,73,64
050,08,051,"Colorado","Gunnison County",2,8,147,79,68
050,08,051,"Colorado","Gunnison County",2,9,152,84,68
050,08,051,"Colorado","Gunnison County",2,10,172,96,76
050,08,051,"Colorado","Gunnison County",2,11,175,94,81
050,08,051,"Colorado","Gunnison County",2,12,162,87,75
050,08,051,"Colorado","Gunnison County",2,13,164,90,74
050,08,051,"Colorado","Gunnison County",2,14,170,88,82
050,08,051,"Colorado","Gunnison County",2,15,165,88,77
050,08,051,"Colorado","Gunnison County",2,16,177,85,92
050,08,051,"Colorado","Gunnison County",2,17,185,83,102
050,08,051,"Colorado","Gunnison County",2,18,344,174,170
050,08,051,"Colorado","Gunnison County",2,19,566,348,218
050,08,051,"Colorado","Gunnison County",2,20,487,285,202
050,08,051,"Colorado","Gunnison County",2,21,479,246,233
050,08,051,"Colorado","Gunnison County",2,22,490,305,185
050,08,051,"Colorado","Gunnison County",2,23,367,199,168
050,08,051,"Colorado","Gunnison County",2,24,265,166,99
050,08,051,"Colorado","Gunnison County",2,25,253,153,100
050,08,051,"Colorado","Gunnison County",2,26,237,135,102
050,08,051,"Colorado","Gunnison County",2,27,245,140,105
050,08,051,"Colorado","Gunnison County",2,28,260,145,115
050,08,051,"Colorado","Gunnison County",2,29,263,148,115
050,08,051,"Colorado","Gunnison County",2,30,255,137,118
050,08,051,"Colorado","Gunnison County",2,31,219,119,100
050,08,051,"Colorado","Gunnison County",2,32,225,118,107
050,08,051,"Colorado","Gunnison County",2,33,219,119,100
050,08,051,"Colorado","Gunnison County",2,34,236,125,111
050,08,051,"Colorado","Gunnison County",2,35,239,123,116
050,08,051,"Colorado","Gunnison County",2,36,236,123,113
050,08,051,"Colorado","Gunnison County",2,37,240,129,111
050,08,051,"Colorado","Gunnison County",2,38,244,127,117
050,08,051,"Colorado","Gunnison County",2,39,252,139,113
050,08,051,"Colorado","Gunnison County",2,40,238,130,108
050,08,051,"Colorado","Gunnison County",2,41,214,109,105
050,08,051,"Colorado","Gunnison County",2,42,223,120,103
050,08,051,"Colorado","Gunnison County",2,43,219,118,101
050,08,051,"Colorado","Gunnison County",2,44,203,112,91
050,08,051,"Colorado","Gunnison County",2,45,195,110,85
050,08,051,"Colorado","Gunnison County",2,46,201,120,81
050,08,051,"Colorado","Gunnison County",2,47,211,130,81
050,08,051,"Colorado","Gunnison County",2,48,223,125,98
050,08,051,"Colorado","Gunnison County",2,49,241,119,122
050,08,051,"Colorado","Gunnison County",2,50,239,122,117
050,08,051,"Colorado","Gunnison County",2,51,210,118,92
050,08,051,"Colorado","Gunnison County",2,52,197,112,85
050,08,051,"Colorado","Gunnison County",2,53,188,95,93
050,08,051,"Colorado","Gunnison County",2,54,180,92,88
050,08,051,"Colorado","Gunnison County",2,55,179,85,94
050,08,051,"Colorado","Gunnison County",2,56,208,94,114
050,08,051,"Colorado","Gunnison County",2,57,206,97,109
050,08,051,"Colorado","Gunnison County",2,58,213,106,107
050,08,051,"Colorado","Gunnison County",2,59,208,100,108
050,08,051,"Colorado","Gunnison County",2,60,190,95,95
050,08,051,"Colorado","Gunnison County",2,61,201,103,98
050,08,051,"Colorado","Gunnison County",2,62,210,104,106
050,08,051,"Colorado","Gunnison County",2,63,204,104,100
050,08,051,"Colorado","Gunnison County",2,64,210,116,94
050,08,051,"Colorado","Gunnison County",2,65,213,119,94
050,08,051,"Colorado","Gunnison County",2,66,210,117,93
050,08,051,"Colorado","Gunnison County",2,67,190,109,81
050,08,051,"Colorado","Gunnison County",2,68,174,93,81
050,08,051,"Colorado","Gunnison County",2,69,170,90,80
050,08,051,"Colorado","Gunnison County",2,70,165,94,71
050,08,051,"Colorado","Gunnison County",2,71,144,83,61
050,08,051,"Colorado","Gunnison County",2,72,132,74,58
050,08,051,"Colorado","Gunnison County",2,73,144,77,67
050,08,051,"Colorado","Gunnison County",2,74,102,54,48
050,08,051,"Colorado","Gunnison County",2,75,91,43,48
050,08,051,"Colorado","Gunnison County",2,76,90,46,44
050,08,051,"Colorado","Gunnison County",2,77,87,44,43
050,08,051,"Colorado","Gunnison County",2,78,61,29,32
050,08,051,"Colorado","Gunnison County",2,79,49,24,25
050,08,051,"Colorado","Gunnison County",2,80,49,29,20
050,08,051,"Colorado","Gunnison County",2,81,40,22,18
050,08,051,"Colorado","Gunnison County",2,82,34,17,17
050,08,051,"Colorado","Gunnison County",2,83,34,17,17
050,08,051,"Colorado","Gunnison County",2,84,39,21,18
050,08,051,"Colorado","Gunnison County",2,85,145,71,74
050,08,051,"Colorado","Gunnison County",3,0,132,76,56
050,08,051,"Colorado","Gunnison County",3,1,134,75,59
050,08,051,"Colorado","Gunnison County",3,2,137,70,67
050,08,051,"Colorado","Gunnison County",3,3,126,71,55
050,08,051,"Colorado","Gunnison County",3,4,137,75,62
050,08,051,"Colorado","Gunnison County",3,5,157,80,77
050,08,051,"Colorado","Gunnison County",3,6,156,77,79
050,08,051,"Colorado","Gunnison County",3,7,155,82,73
050,08,051,"Colorado","Gunnison County",3,8,142,72,70
050,08,051,"Colorado","Gunnison County",3,9,156,77,79
050,08,051,"Colorado","Gunnison County",3,10,157,83,74
050,08,051,"Colorado","Gunnison County",3,11,177,100,77
050,08,051,"Colorado","Gunnison County",3,12,172,92,80
050,08,051,"Colorado","Gunnison County",3,13,167,92,75
050,08,051,"Colorado","Gunnison County",3,14,159,87,72
050,08,051,"Colorado","Gunnison County",3,15,165,81,84
050,08,051,"Colorado","Gunnison County",3,16,167,88,79
050,08,051,"Colorado","Gunnison County",3,17,179,87,92
050,08,051,"Colorado","Gunnison County",3,18,355,179,176
050,08,051,"Colorado","Gunnison County",3,19,553,336,217
050,08,051,"Colorado","Gunnison County",3,20,479,281,198
050,08,051,"Colorado","Gunnison County",3,21,478,247,231
050,08,051,"Colorado","Gunnison County",3,22,484,291,193
050,08,051,"Colorado","Gunnison County",3,23,375,209,166
050,08,051,"Colorado","Gunnison County",3,24,260,152,108
050,08,051,"Colorado","Gunnison County",3,25,277,164,113
050,08,051,"Colorado","Gunnison County",3,26,264,147,117
050,08,051,"Colorado","Gunnison County",3,27,222,118,104
050,08,051,"Colorado","Gunnison County",3,28,251,143,108
050,08,051,"Colorado","Gunnison County",3,29,271,152,119
050,08,051,"Colorado","Gunnison County",3,30,269,147,122
050,08,051,"Colorado","Gunnison County",3,31,250,133,117
050,08,051,"Colorado","Gunnison County",3,32,227,118,109
050,08,051,"Colorado","Gunnison County",3,33,244,135,109
050,08,051,"Colorado","Gunnison County",3,34,214,117,97
050,08,051,"Colorado","Gunnison County",3,35,244,128,116
050,08,051,"Colorado","Gunnison County",3,36,235,117,118
050,08,051,"Colorado","Gunnison County",3,37,243,132,111
050,08,051,"Colorado","Gunnison County",3,38,245,125,120
050,08,051,"Colorado","Gunnison County",3,39,260,136,124
050,08,051,"Colorado","Gunnison County",3,40,264,149,115
050,08,051,"Colorado","Gunnison County",3,41,241,131,110
050,08,051,"Colorado","Gunnison County",3,42,221,118,103
050,08,051,"Colorado","Gunnison County",3,43,228,121,107
050,08,051,"Colorado","Gunnison County",3,44,225,121,104
050,08,051,"Colorado","Gunnison County",3,45,220,118,102
050,08,051,"Colorado","Gunnison County",3,46,202,111,91
050,08,051,"Colorado","Gunnison County",3,47,200,117,83
050,08,051,"Colorado","Gunnison County",3,48,210,129,81
050,08,051,"Colorado","Gunnison County",3,49,224,127,97
050,08,051,"Colorado","Gunnison County",3,50,251,128,123
050,08,051,"Colorado","Gunnison County",3,51,246,126,120
050,08,051,"Colorado","Gunnison County",3,52,209,120,89
050,08,051,"Colorado","Gunnison County",3,53,212,123,89
050,08,051,"Colorado","Gunnison County",3,54,190,98,92
050,08,051,"Colorado","Gunnison County",3,55,183,94,89
050,08,051,"Colorado","Gunnison County",3,56,177,84,93
050,08,051,"Colorado","Gunnison County",3,57,205,92,113
050,08,051,"Colorado","Gunnison County",3,58,209,99,110
050,08,051,"Colorado","Gunnison County",3,59,210,101,109
050,08,051,"Colorado","Gunnison County",3,60,210,103,107
050,08,051,"Colorado","Gunnison County",3,61,192,97,95
050,08,051,"Colorado","Gunnison County",3,62,202,104,98
050,08,051,"Colorado","Gunnison County",3,63,215,110,105
050,08,051,"Colorado","Gunnison County",3,64,202,107,95
050,08,051,"Colorado","Gunnison County",3,65,200,109,91
050,08,051,"Colorado","Gunnison County",3,66,214,118,96
050,08,051,"Colorado","Gunnison County",3,67,202,110,92
050,08,051,"Colorado","Gunnison County",3,68,194,113,81
050,08,051,"Colorado","Gunnison County",3,69,171,91,80
050,08,051,"Colorado","Gunnison County",3,70,168,88,80
050,08,051,"Colorado","Gunnison County",3,71,157,91,66
050,08,051,"Colorado","Gunnison County",3,72,144,84,60
050,08,051,"Colorado","Gunnison County",3,73,124,71,53
050,08,051,"Colorado","Gunnison County",3,74,139,77,62
050,08,051,"Colorado","Gunnison County",3,75,102,54,48
050,08,051,"Colorado","Gunnison County",3,76,85,38,47
050,08,051,"Colorado","Gunnison County",3,77,87,47,40
050,08,051,"Colorado","Gunnison County",3,78,82,39,43
050,08,051,"Colorado","Gunnison County",3,79,56,27,29
050,08,051,"Colorado","Gunnison County",3,80,45,23,22
050,08,051,"Colorado","Gunnison County",3,81,45,26,19
050,08,051,"Colorado","Gunnison County",3,82,40,21,19
050,08,051,"Colorado","Gunnison County",3,83,29,15,14
050,08,051,"Colorado","Gunnison County",3,84,35,16,19
050,08,051,"Colorado","Gunnison County",3,85,152,75,77
050,08,051,"Colorado","Gunnison County",4,0,137,76,61
050,08,051,"Colorado","Gunnison County",4,1,139,79,60
050,08,051,"Colorado","Gunnison County",4,2,131,70,61
050,08,051,"Colorado","Gunnison County",4,3,138,68,70
050,08,051,"Colorado","Gunnison County",4,4,124,71,53
050,08,051,"Colorado","Gunnison County",4,5,141,79,62
050,08,051,"Colorado","Gunnison County",4,6,164,78,86
050,08,051,"Colorado","Gunnison County",4,7,166,80,86
050,08,051,"Colorado","Gunnison County",4,8,165,89,76
050,08,051,"Colorado","Gunnison County",4,9,138,72,66
050,08,051,"Colorado","Gunnison County",4,10,159,76,83
050,08,051,"Colorado","Gunnison County",4,11,154,78,76
050,08,051,"Colorado","Gunnison County",4,12,178,100,78
050,08,051,"Colorado","Gunnison County",4,13,167,89,78
050,08,051,"Colorado","Gunnison County",4,14,166,92,74
050,08,051,"Colorado","Gunnison County",4,15,156,88,68
050,08,051,"Colorado","Gunnison County",4,16,161,81,80
050,08,051,"Colorado","Gunnison County",4,17,156,85,71
050,08,051,"Colorado","Gunnison County",4,18,350,183,167
050,08,051,"Colorado","Gunnison County",4,19,587,359,228
050,08,051,"Colorado","Gunnison County",4,20,476,278,198
050,08,051,"Colorado","Gunnison County",4,21,490,247,243
050,08,051,"Colorado","Gunnison County",4,22,480,294,186
050,08,051,"Colorado","Gunnison County",4,23,366,192,174
050,08,051,"Colorado","Gunnison County",4,24,275,169,106
050,08,051,"Colorado","Gunnison County",4,25,238,132,106
050,08,051,"Colorado","Gunnison County",4,26,260,142,118
050,08,051,"Colorado","Gunnison County",4,27,245,146,99
050,08,051,"Colorado","Gunnison County",4,28,204,108,96
050,08,051,"Colorado","Gunnison County",4,29,250,139,111
050,08,051,"Colorado","Gunnison County",4,30,262,149,113
050,08,051,"Colorado","Gunnison County",4,31,266,150,116
050,08,051,"Colorado","Gunnison County",4,32,253,122,131
050,08,051,"Colorado","Gunnison County",4,33,222,120,102
050,08,051,"Colorado","Gunnison County",4,34,248,131,117
050,08,051,"Colorado","Gunnison County",4,35,219,121,98
050,08,051,"Colorado","Gunnison County",4,36,246,131,115
050,08,051,"Colorado","Gunnison County",4,37,222,111,111
050,08,051,"Colorado","Gunnison County",4,38,243,132,111
050,08,051,"Colorado","Gunnison County",4,39,261,134,127
050,08,051,"Colorado","Gunnison County",4,40,268,142,126
050,08,051,"Colorado","Gunnison County",4,41,267,151,116
050,08,051,"Colorado","Gunnison County",4,42,254,137,117
050,08,051,"Colorado","Gunnison County",4,43,224,121,103
050,08,051,"Colorado","Gunnison County",4,44,223,114,109
050,08,051,"Colorado","Gunnison County",4,45,220,118,102
050,08,051,"Colorado","Gunnison County",4,46,217,117,100
050,08,051,"Colorado","Gunnison County",4,47,196,112,84
050,08,051,"Colorado","Gunnison County",4,48,204,117,87
050,08,051,"Colorado","Gunnison County",4,49,214,133,81
050,08,051,"Colorado","Gunnison County",4,50,219,127,92
050,08,051,"Colorado","Gunnison County",4,51,252,125,127
050,08,051,"Colorado","Gunnison County",4,52,250,130,120
050,08,051,"Colorado","Gunnison County",4,53,204,116,88
050,08,051,"Colorado","Gunnison County",4,54,209,118,91
050,08,051,"Colorado","Gunnison County",4,55,187,101,86
050,08,051,"Colorado","Gunnison County",4,56,183,96,87
050,08,051,"Colorado","Gunnison County",4,57,181,92,89
050,08,051,"Colorado","Gunnison County",4,58,203,96,107
050,08,051,"Colorado","Gunnison County",4,59,195,89,106
050,08,051,"Colorado","Gunnison County",4,60,209,104,105
050,08,051,"Colorado","Gunnison County",4,61,212,101,111
050,08,051,"Colorado","Gunnison County",4,62,176,91,85
050,08,051,"Colorado","Gunnison County",4,63,195,99,96
050,08,051,"Colorado","Gunnison County",4,64,215,108,107
050,08,051,"Colorado","Gunnison County",4,65,190,103,87
050,08,051,"Colorado","Gunnison County",4,66,203,107,96
050,08,051,"Colorado","Gunnison County",4,67,200,109,91
050,08,051,"Colorado","Gunnison County",4,68,198,111,87
050,08,051,"Colorado","Gunnison County",4,69,183,107,76
050,08,051,"Colorado","Gunnison County",4,70,168,95,73
050,08,051,"Colorado","Gunnison County",4,71,167,86,81
050,08,051,"Colorado","Gunnison County",4,72,153,88,65
050,08,051,"Colorado","Gunnison County",4,73,138,81,57
050,08,051,"Colorado","Gunnison County",4,74,113,60,53
050,08,051,"Colorado","Gunnison County",4,75,131,71,60
050,08,051,"Colorado","Gunnison County",4,76,100,52,48
050,08,051,"Colorado","Gunnison County",4,77,76,33,43
050,08,051,"Colorado","Gunnison County",4,78,84,43,41
050,08,051,"Colorado","Gunnison County",4,79,75,36,39
050,08,051,"Colorado","Gunnison County",4,80,47,22,25
050,08,051,"Colorado","Gunnison County",4,81,38,21,17
050,08,051,"Colorado","Gunnison County",4,82,46,25,21
050,08,051,"Colorado","Gunnison County",4,83,38,19,19
050,08,051,"Colorado","Gunnison County",4,84,30,13,17
050,08,051,"Colorado","Gunnison County",4,85,162,79,83
050,08,051,"Colorado","Gunnison County",5,0,134,76,58
050,08,051,"Colorado","Gunnison County",5,1,134,76,58
050,08,051,"Colorado","Gunnison County",5,2,133,78,55
050,08,051,"Colorado","Gunnison County",5,3,124,68,56
050,08,051,"Colorado","Gunnison County",5,4,141,73,68
050,08,051,"Colorado","Gunnison County",5,5,137,77,60
050,08,051,"Colorado","Gunnison County",5,6,133,80,53
050,08,051,"Colorado","Gunnison County",5,7,163,76,87
050,08,051,"Colorado","Gunnison County",5,8,156,82,74
050,08,051,"Colorado","Gunnison County",5,9,164,87,77
050,08,051,"Colorado","Gunnison County",5,10,137,71,66
050,08,051,"Colorado","Gunnison County",5,11,154,75,79
050,08,051,"Colorado","Gunnison County",5,12,157,82,75
050,08,051,"Colorado","Gunnison County",5,13,175,103,72
050,08,051,"Colorado","Gunnison County",5,14,164,86,78
050,08,051,"Colorado","Gunnison County",5,15,171,96,75
050,08,051,"Colorado","Gunnison County",5,16,160,91,69
050,08,051,"Colorado","Gunnison County",5,17,160,81,79
050,08,051,"Colorado","Gunnison County",5,18,329,177,152
050,08,051,"Colorado","Gunnison County",5,19,564,345,219
050,08,051,"Colorado","Gunnison County",5,20,484,282,202
050,08,051,"Colorado","Gunnison County",5,21,470,239,231
050,08,051,"Colorado","Gunnison County",5,22,514,303,211
050,08,051,"Colorado","Gunnison County",5,23,348,188,160
050,08,051,"Colorado","Gunnison County",5,24,264,159,105
050,08,051,"Colorado","Gunnison County",5,25,247,158,89
050,08,051,"Colorado","Gunnison County",5,26,212,114,98
050,08,051,"Colorado","Gunnison County",5,27,249,141,108
050,08,051,"Colorado","Gunnison County",5,28,238,139,99
050,08,051,"Colorado","Gunnison County",5,29,215,110,105
050,08,051,"Colorado","Gunnison County",5,30,262,145,117
050,08,051,"Colorado","Gunnison County",5,31,260,134,126
050,08,051,"Colorado","Gunnison County",5,32,262,150,112
050,08,051,"Colorado","Gunnison County",5,33,255,126,129
050,08,051,"Colorado","Gunnison County",5,34,238,129,109
050,08,051,"Colorado","Gunnison County",5,35,244,133,111
050,08,051,"Colorado","Gunnison County",5,36,222,123,99
050,08,051,"Colorado","Gunnison County",5,37,242,128,114
050,08,051,"Colorado","Gunnison County",5,38,219,112,107
050,08,051,"Colorado","Gunnison County",5,39,239,124,115
050,08,051,"Colorado","Gunnison County",5,40,245,123,122
050,08,051,"Colorado","Gunnison County",5,41,276,145,131
050,08,051,"Colorado","Gunnison County",5,42,258,141,117
050,08,051,"Colorado","Gunnison County",5,43,255,135,120
050,08,051,"Colorado","Gunnison County",5,44,220,120,100
050,08,051,"Colorado","Gunnison County",5,45,220,108,112
050,08,051,"Colorado","Gunnison County",5,46,219,122,97
050,08,051,"Colorado","Gunnison County",5,47,214,118,96
050,08,051,"Colorado","Gunnison County",5,48,185,103,82
050,08,051,"Colorado","Gunnison County",5,49,201,120,81
050,08,051,"Colorado","Gunnison County",5,50,214,130,84
050,08,051,"Colorado","Gunnison County",5,51,224,127,97
050,08,051,"Colorado","Gunnison County",5,52,245,129,116
050,08,051,"Colorado","Gunnison County",5,53,251,129,122
050,08,051,"Colorado","Gunnison County",5,54,212,121,91
050,08,051,"Colorado","Gunnison County",5,55,209,115,94
050,08,051,"Colorado","Gunnison County",5,56,197,104,93
050,08,051,"Colorado","Gunnison County",5,57,189,100,89
050,08,051,"Colorado","Gunnison County",5,58,185,93,92
050,08,051,"Colorado","Gunnison County",5,59,205,97,108
050,08,051,"Colorado","Gunnison County",5,60,199,89,110
050,08,051,"Colorado","Gunnison County",5,61,207,105,102
050,08,051,"Colorado","Gunnison County",5,62,206,96,110
050,08,051,"Colorado","Gunnison County",5,63,186,101,85
050,08,051,"Colorado","Gunnison County",5,64,192,97,95
050,08,051,"Colorado","Gunnison County",5,65,216,110,106
050,08,051,"Colorado","Gunnison County",5,66,182,94,88
050,08,051,"Colorado","Gunnison County",5,67,202,109,93
050,08,051,"Colorado","Gunnison County",5,68,197,108,89
050,08,051,"Colorado","Gunnison County",5,69,188,105,83
050,08,051,"Colorado","Gunnison County",5,70,179,107,72
050,08,051,"Colorado","Gunnison County",5,71,157,94,63
050,08,051,"Colorado","Gunnison County",5,72,162,85,77
050,08,051,"Colorado","Gunnison County",5,73,143,83,60
050,08,051,"Colorado","Gunnison County",5,74,126,72,54
050,08,051,"Colorado","Gunnison County",5,75,110,59,51
050,08,051,"Colorado","Gunnison County",5,76,125,69,56
050,08,051,"Colorado","Gunnison County",5,77,92,50,42
050,08,051,"Colorado","Gunnison County",5,78,70,30,40
050,08,051,"Colorado","Gunnison County",5,79,79,40,39
050,08,051,"Colorado","Gunnison County",5,80,70,34,36
050,08,051,"Colorado","Gunnison County",5,81,46,22,24
050,08,051,"Colorado","Gunnison County",5,82,37,18,19
050,08,051,"Colorado","Gunnison County",5,83,42,24,18
050,08,051,"Colorado","Gunnison County",5,84,40,18,22
050,08,051,"Colorado","Gunnison County",5,85,170,83,87
050,08,053,"Colorado","Hinsdale County",1,0,6,3,3
050,08,053,"Colorado","Hinsdale County",1,1,5,2,3
050,08,053,"Colorado","Hinsdale County",1,2,2,1,1
050,08,053,"Colorado","Hinsdale County",1,3,4,3,1
050,08,053,"Colorado","Hinsdale County",1,4,5,3,2
050,08,053,"Colorado","Hinsdale County",1,5,5,2,3
050,08,053,"Colorado","Hinsdale County",1,6,9,1,8
050,08,053,"Colorado","Hinsdale County",1,7,4,2,2
050,08,053,"Colorado","Hinsdale County",1,8,11,7,4
050,08,053,"Colorado","Hinsdale County",1,9,4,2,2
050,08,053,"Colorado","Hinsdale County",1,10,7,6,1
050,08,053,"Colorado","Hinsdale County",1,11,7,5,2
050,08,053,"Colorado","Hinsdale County",1,12,10,6,4
050,08,053,"Colorado","Hinsdale County",1,13,4,3,1
050,08,053,"Colorado","Hinsdale County",1,14,7,6,1
050,08,053,"Colorado","Hinsdale County",1,15,10,5,5
050,08,053,"Colorado","Hinsdale County",1,16,6,1,5
050,08,053,"Colorado","Hinsdale County",1,17,5,3,2
050,08,053,"Colorado","Hinsdale County",1,18,9,5,4
050,08,053,"Colorado","Hinsdale County",1,19,6,3,3
050,08,053,"Colorado","Hinsdale County",1,20,10,6,4
050,08,053,"Colorado","Hinsdale County",1,21,9,4,5
050,08,053,"Colorado","Hinsdale County",1,22,7,5,2
050,08,053,"Colorado","Hinsdale County",1,23,8,4,4
050,08,053,"Colorado","Hinsdale County",1,24,4,2,2
050,08,053,"Colorado","Hinsdale County",1,25,5,3,2
050,08,053,"Colorado","Hinsdale County",1,26,5,1,4
050,08,053,"Colorado","Hinsdale County",1,27,3,1,2
050,08,053,"Colorado","Hinsdale County",1,28,6,3,3
050,08,053,"Colorado","Hinsdale County",1,29,5,3,2
050,08,053,"Colorado","Hinsdale County",1,30,6,4,2
050,08,053,"Colorado","Hinsdale County",1,31,4,2,2
050,08,053,"Colorado","Hinsdale County",1,32,6,3,3
050,08,053,"Colorado","Hinsdale County",1,33,7,5,2
050,08,053,"Colorado","Hinsdale County",1,34,4,2,2
050,08,053,"Colorado","Hinsdale County",1,35,7,4,3
050,08,053,"Colorado","Hinsdale County",1,36,9,6,3
050,08,053,"Colorado","Hinsdale County",1,37,4,2,2
050,08,053,"Colorado","Hinsdale County",1,38,12,7,5
050,08,053,"Colorado","Hinsdale County",1,39,5,2,3
050,08,053,"Colorado","Hinsdale County",1,40,6,3,3
050,08,053,"Colorado","Hinsdale County",1,41,11,5,6
050,08,053,"Colorado","Hinsdale County",1,42,9,3,6
050,08,053,"Colorado","Hinsdale County",1,43,9,8,1
050,08,053,"Colorado","Hinsdale County",1,44,11,8,3
050,08,053,"Colorado","Hinsdale County",1,45,10,5,5
050,08,053,"Colorado","Hinsdale County",1,46,11,3,8
050,08,053,"Colorado","Hinsdale County",1,47,7,4,3
050,08,053,"Colorado","Hinsdale County",1,48,8,1,7
050,08,053,"Colorado","Hinsdale County",1,49,6,3,3
050,08,053,"Colorado","Hinsdale County",1,50,6,4,2
050,08,053,"Colorado","Hinsdale County",1,51,6,3,3
050,08,053,"Colorado","Hinsdale County",1,52,5,3,2
050,08,053,"Colorado","Hinsdale County",1,53,7,3,4
050,08,053,"Colorado","Hinsdale County",1,54,12,6,6
050,08,053,"Colorado","Hinsdale County",1,55,14,4,10
050,08,053,"Colorado","Hinsdale County",1,56,16,5,11
050,08,053,"Colorado","Hinsdale County",1,57,12,7,5
050,08,053,"Colorado","Hinsdale County",1,58,15,6,9
050,08,053,"Colorado","Hinsdale County",1,59,12,6,6
050,08,053,"Colorado","Hinsdale County",1,60,11,5,6
050,08,053,"Colorado","Hinsdale County",1,61,16,6,10
050,08,053,"Colorado","Hinsdale County",1,62,20,8,12
050,08,053,"Colorado","Hinsdale County",1,63,18,6,12
050,08,053,"Colorado","Hinsdale County",1,64,16,12,4
050,08,053,"Colorado","Hinsdale County",1,65,21,10,11
050,08,053,"Colorado","Hinsdale County",1,66,19,11,8
050,08,053,"Colorado","Hinsdale County",1,67,22,9,13
050,08,053,"Colorado","Hinsdale County",1,68,14,6,8
050,08,053,"Colorado","Hinsdale County",1,69,13,7,6
050,08,053,"Colorado","Hinsdale County",1,70,13,7,6
050,08,053,"Colorado","Hinsdale County",1,71,15,9,6
050,08,053,"Colorado","Hinsdale County",1,72,17,10,7
050,08,053,"Colorado","Hinsdale County",1,73,18,9,9
050,08,053,"Colorado","Hinsdale County",1,74,12,6,6
050,08,053,"Colorado","Hinsdale County",1,75,14,9,5
050,08,053,"Colorado","Hinsdale County",1,76,14,10,4
050,08,053,"Colorado","Hinsdale County",1,77,8,4,4
050,08,053,"Colorado","Hinsdale County",1,78,6,4,2
050,08,053,"Colorado","Hinsdale County",1,79,10,6,4
050,08,053,"Colorado","Hinsdale County",1,80,6,4,2
050,08,053,"Colorado","Hinsdale County",1,81,6,4,2
050,08,053,"Colorado","Hinsdale County",1,82,3,1,2
050,08,053,"Colorado","Hinsdale County",1,83,4,2,2
050,08,053,"Colorado","Hinsdale County",1,84,2,1,1
050,08,053,"Colorado","Hinsdale County",1,85,21,11,10
050,08,053,"Colorado","Hinsdale County",2,0,4,2,2
050,08,053,"Colorado","Hinsdale County",2,1,5,2,3
050,08,053,"Colorado","Hinsdale County",2,2,3,1,2
050,08,053,"Colorado","Hinsdale County",2,3,3,2,1
050,08,053,"Colorado","Hinsdale County",2,4,6,4,2
050,08,053,"Colorado","Hinsdale County",2,5,6,3,3
050,08,053,"Colorado","Hinsdale County",2,6,8,1,7
050,08,053,"Colorado","Hinsdale County",2,7,5,2,3
050,08,053,"Colorado","Hinsdale County",2,8,9,6,3
050,08,053,"Colorado","Hinsdale County",2,9,6,3,3
050,08,053,"Colorado","Hinsdale County",2,10,7,6,1
050,08,053,"Colorado","Hinsdale County",2,11,6,4,2
050,08,053,"Colorado","Hinsdale County",2,12,9,6,3
050,08,053,"Colorado","Hinsdale County",2,13,5,4,1
050,08,053,"Colorado","Hinsdale County",2,14,6,5,1
050,08,053,"Colorado","Hinsdale County",2,15,10,5,5
050,08,053,"Colorado","Hinsdale County",2,16,7,2,5
050,08,053,"Colorado","Hinsdale County",2,17,6,3,3
050,08,053,"Colorado","Hinsdale County",2,18,8,4,4
050,08,053,"Colorado","Hinsdale County",2,19,6,3,3
050,08,053,"Colorado","Hinsdale County",2,20,10,6,4
050,08,053,"Colorado","Hinsdale County",2,21,8,4,4
050,08,053,"Colorado","Hinsdale County",2,22,8,5,3
050,08,053,"Colorado","Hinsdale County",2,23,8,4,4
050,08,053,"Colorado","Hinsdale County",2,24,4,2,2
050,08,053,"Colorado","Hinsdale County",2,25,5,3,2
050,08,053,"Colorado","Hinsdale County",2,26,6,2,4
050,08,053,"Colorado","Hinsdale County",2,27,3,1,2
050,08,053,"Colorado","Hinsdale County",2,28,5,2,3
050,08,053,"Colorado","Hinsdale County",2,29,5,3,2
050,08,053,"Colorado","Hinsdale County",2,30,6,4,2
050,08,053,"Colorado","Hinsdale County",2,31,4,2,2
050,08,053,"Colorado","Hinsdale County",2,32,5,2,3
050,08,053,"Colorado","Hinsdale County",2,33,8,5,3
050,08,053,"Colorado","Hinsdale County",2,34,4,2,2
050,08,053,"Colorado","Hinsdale County",2,35,7,4,3
050,08,053,"Colorado","Hinsdale County",2,36,9,6,3
050,08,053,"Colorado","Hinsdale County",2,37,5,3,2
050,08,053,"Colorado","Hinsdale County",2,38,11,6,5
050,08,053,"Colorado","Hinsdale County",2,39,7,3,4
050,08,053,"Colorado","Hinsdale County",2,40,6,3,3
050,08,053,"Colorado","Hinsdale County",2,41,10,5,5
050,08,053,"Colorado","Hinsdale County",2,42,10,4,6
050,08,053,"Colorado","Hinsdale County",2,43,9,7,2
050,08,053,"Colorado","Hinsdale County",2,44,11,8,3
050,08,053,"Colorado","Hinsdale County",2,45,11,6,5
050,08,053,"Colorado","Hinsdale County",2,46,11,4,7
050,08,053,"Colorado","Hinsdale County",2,47,8,4,4
050,08,053,"Colorado","Hinsdale County",2,48,7,1,6
050,08,053,"Colorado","Hinsdale County",2,49,6,3,3
050,08,053,"Colorado","Hinsdale County",2,50,6,4,2
050,08,053,"Colorado","Hinsdale County",2,51,6,3,3
050,08,053,"Colorado","Hinsdale County",2,52,5,3,2
050,08,053,"Colorado","Hinsdale County",2,53,7,3,4
050,08,053,"Colorado","Hinsdale County",2,54,11,5,6
050,08,053,"Colorado","Hinsdale County",2,55,13,4,9
050,08,053,"Colorado","Hinsdale County",2,56,15,5,10
050,08,053,"Colorado","Hinsdale County",2,57,14,7,7
050,08,053,"Colorado","Hinsdale County",2,58,15,7,8
050,08,053,"Colorado","Hinsdale County",2,59,13,6,7
050,08,053,"Colorado","Hinsdale County",2,60,11,5,6
050,08,053,"Colorado","Hinsdale County",2,61,15,6,9
050,08,053,"Colorado","Hinsdale County",2,62,20,8,12
050,08,053,"Colorado","Hinsdale County",2,63,19,7,12
050,08,053,"Colorado","Hinsdale County",2,64,17,11,6
050,08,053,"Colorado","Hinsdale County",2,65,21,11,10
050,08,053,"Colorado","Hinsdale County",2,66,19,11,8
050,08,053,"Colorado","Hinsdale County",2,67,21,9,12
050,08,053,"Colorado","Hinsdale County",2,68,16,7,9
050,08,053,"Colorado","Hinsdale County",2,69,14,7,7
050,08,053,"Colorado","Hinsdale County",2,70,13,7,6
050,08,053,"Colorado","Hinsdale County",2,71,15,9,6
050,08,053,"Colorado","Hinsdale County",2,72,16,10,6
050,08,053,"Colorado","Hinsdale County",2,73,19,10,9
050,08,053,"Colorado","Hinsdale County",2,74,12,6,6
050,08,053,"Colorado","Hinsdale County",2,75,13,8,5
050,08,053,"Colorado","Hinsdale County",2,76,14,10,4
050,08,053,"Colorado","Hinsdale County",2,77,10,6,4
050,08,053,"Colorado","Hinsdale County",2,78,6,4,2
050,08,053,"Colorado","Hinsdale County",2,79,8,5,3
050,08,053,"Colorado","Hinsdale County",2,80,7,4,3
050,08,053,"Colorado","Hinsdale County",2,81,6,4,2
050,08,053,"Colorado","Hinsdale County",2,82,4,2,2
050,08,053,"Colorado","Hinsdale County",2,83,4,2,2
050,08,053,"Colorado","Hinsdale County",2,84,2,1,1
050,08,053,"Colorado","Hinsdale County",2,85,19,10,9
050,08,053,"Colorado","Hinsdale County",3,0,2,1,1
050,08,053,"Colorado","Hinsdale County",3,1,4,2,2
050,08,053,"Colorado","Hinsdale County",3,2,5,2,3
050,08,053,"Colorado","Hinsdale County",3,3,2,1,1
050,08,053,"Colorado","Hinsdale County",3,4,3,1,2
050,08,053,"Colorado","Hinsdale County",3,5,6,4,2
050,08,053,"Colorado","Hinsdale County",3,6,4,1,3
050,08,053,"Colorado","Hinsdale County",3,7,9,1,8
050,08,053,"Colorado","Hinsdale County",3,8,5,2,3
050,08,053,"Colorado","Hinsdale County",3,9,9,6,3
050,08,053,"Colorado","Hinsdale County",3,10,6,3,3
050,08,053,"Colorado","Hinsdale County",3,11,7,6,1
050,08,053,"Colorado","Hinsdale County",3,12,5,3,2
050,08,053,"Colorado","Hinsdale County",3,13,8,5,3
050,08,053,"Colorado","Hinsdale County",3,14,6,5,1
050,08,053,"Colorado","Hinsdale County",3,15,7,6,1
050,08,053,"Colorado","Hinsdale County",3,16,10,5,5
050,08,053,"Colorado","Hinsdale County",3,17,7,2,5
050,08,053,"Colorado","Hinsdale County",3,18,3,3,0
050,08,053,"Colorado","Hinsdale County",3,19,7,4,3
050,08,053,"Colorado","Hinsdale County",3,20,6,3,3
050,08,053,"Colorado","Hinsdale County",3,21,11,6,5
050,08,053,"Colorado","Hinsdale County",3,22,6,3,3
050,08,053,"Colorado","Hinsdale County",3,23,7,4,3
050,08,053,"Colorado","Hinsdale County",3,24,6,2,4
050,08,053,"Colorado","Hinsdale County",3,25,4,2,2
050,08,053,"Colorado","Hinsdale County",3,26,6,3,3
050,08,053,"Colorado","Hinsdale County",3,27,7,2,5
050,08,053,"Colorado","Hinsdale County",3,28,4,2,2
050,08,053,"Colorado","Hinsdale County",3,29,5,2,3
050,08,053,"Colorado","Hinsdale County",3,30,4,2,2
050,08,053,"Colorado","Hinsdale County",3,31,6,4,2
050,08,053,"Colorado","Hinsdale County",3,32,4,2,2
050,08,053,"Colorado","Hinsdale County",3,33,5,2,3
050,08,053,"Colorado","Hinsdale County",3,34,9,5,4
050,08,053,"Colorado","Hinsdale County",3,35,4,2,2
050,08,053,"Colorado","Hinsdale County",3,36,5,4,1
050,08,053,"Colorado","Hinsdale County",3,37,9,6,3
050,08,053,"Colorado","Hinsdale County",3,38,6,4,2
050,08,053,"Colorado","Hinsdale County",3,39,12,7,5
050,08,053,"Colorado","Hinsdale County",3,40,8,3,5
050,08,053,"Colorado","Hinsdale County",3,41,8,4,4
050,08,053,"Colorado","Hinsdale County",3,42,11,5,6
050,08,053,"Colorado","Hinsdale County",3,43,10,5,5
050,08,053,"Colorado","Hinsdale County",3,44,9,7,2
050,08,053,"Colorado","Hinsdale County",3,45,10,6,4
050,08,053,"Colorado","Hinsdale County",3,46,8,6,2
050,08,053,"Colorado","Hinsdale County",3,47,11,4,7
050,08,053,"Colorado","Hinsdale County",3,48,8,4,4
050,08,053,"Colorado","Hinsdale County",3,49,7,1,6
050,08,053,"Colorado","Hinsdale County",3,50,5,3,2
050,08,053,"Colorado","Hinsdale County",3,51,5,3,2
050,08,053,"Colorado","Hinsdale County",3,52,6,3,3
050,08,053,"Colorado","Hinsdale County",3,53,5,3,2
050,08,053,"Colorado","Hinsdale County",3,54,7,3,4
050,08,053,"Colorado","Hinsdale County",3,55,11,6,5
050,08,053,"Colorado","Hinsdale County",3,56,13,4,9
050,08,053,"Colorado","Hinsdale County",3,57,15,4,11
050,08,053,"Colorado","Hinsdale County",3,58,14,7,7
050,08,053,"Colorado","Hinsdale County",3,59,15,7,8
050,08,053,"Colorado","Hinsdale County",3,60,13,6,7
050,08,053,"Colorado","Hinsdale County",3,61,11,5,6
050,08,053,"Colorado","Hinsdale County",3,62,15,6,9
050,08,053,"Colorado","Hinsdale County",3,63,20,8,12
050,08,053,"Colorado","Hinsdale County",3,64,20,7,13
050,08,053,"Colorado","Hinsdale County",3,65,12,9,3
050,08,053,"Colorado","Hinsdale County",3,66,22,11,11
050,08,053,"Colorado","Hinsdale County",3,67,19,11,8
050,08,053,"Colorado","Hinsdale County",3,68,22,10,12
050,08,053,"Colorado","Hinsdale County",3,69,16,7,9
050,08,053,"Colorado","Hinsdale County",3,70,14,7,7
050,08,053,"Colorado","Hinsdale County",3,71,14,8,6
050,08,053,"Colorado","Hinsdale County",3,72,14,8,6
050,08,053,"Colorado","Hinsdale County",3,73,15,9,6
050,08,053,"Colorado","Hinsdale County",3,74,19,9,10
050,08,053,"Colorado","Hinsdale County",3,75,10,6,4
050,08,053,"Colorado","Hinsdale County",3,76,12,8,4
050,08,053,"Colorado","Hinsdale County",3,77,13,8,5
050,08,053,"Colorado","Hinsdale County",3,78,10,6,4
050,08,053,"Colorado","Hinsdale County",3,79,6,4,2
050,08,053,"Colorado","Hinsdale County",3,80,8,5,3
050,08,053,"Colorado","Hinsdale County",3,81,7,4,3
050,08,053,"Colorado","Hinsdale County",3,82,5,3,2
050,08,053,"Colorado","Hinsdale County",3,83,4,2,2
050,08,053,"Colorado","Hinsdale County",3,84,3,1,2
050,08,053,"Colorado","Hinsdale County",3,85,22,11,11
050,08,053,"Colorado","Hinsdale County",4,0,2,2,0
050,08,053,"Colorado","Hinsdale County",4,1,2,1,1
050,08,053,"Colorado","Hinsdale County",4,2,4,2,2
050,08,053,"Colorado","Hinsdale County",4,3,5,2,3
050,08,053,"Colorado","Hinsdale County",4,4,3,1,2
050,08,053,"Colorado","Hinsdale County",4,5,3,1,2
050,08,053,"Colorado","Hinsdale County",4,6,7,5,2
050,08,053,"Colorado","Hinsdale County",4,7,4,1,3
050,08,053,"Colorado","Hinsdale County",4,8,7,1,6
050,08,053,"Colorado","Hinsdale County",4,9,5,2,3
050,08,053,"Colorado","Hinsdale County",4,10,9,6,3
050,08,053,"Colorado","Hinsdale County",4,11,7,3,4
050,08,053,"Colorado","Hinsdale County",4,12,7,6,1
050,08,053,"Colorado","Hinsdale County",4,13,7,4,3
050,08,053,"Colorado","Hinsdale County",4,14,8,5,3
050,08,053,"Colorado","Hinsdale County",4,15,8,6,2
050,08,053,"Colorado","Hinsdale County",4,16,7,6,1
050,08,053,"Colorado","Hinsdale County",4,17,9,4,5
050,08,053,"Colorado","Hinsdale County",4,18,7,2,5
050,08,053,"Colorado","Hinsdale County",4,19,4,3,1
050,08,053,"Colorado","Hinsdale County",4,20,7,4,3
050,08,053,"Colorado","Hinsdale County",4,21,7,3,4
050,08,053,"Colorado","Hinsdale County",4,22,11,7,4
050,08,053,"Colorado","Hinsdale County",4,23,7,4,3
050,08,053,"Colorado","Hinsdale County",4,24,5,3,2
050,08,053,"Colorado","Hinsdale County",4,25,7,3,4
050,08,053,"Colorado","Hinsdale County",4,26,6,3,3
050,08,053,"Colorado","Hinsdale County",4,27,8,6,2
050,08,053,"Colorado","Hinsdale County",4,28,5,2,3
050,08,053,"Colorado","Hinsdale County",4,29,3,2,1
050,08,053,"Colorado","Hinsdale County",4,30,3,2,1
050,08,053,"Colorado","Hinsdale County",4,31,7,5,2
050,08,053,"Colorado","Hinsdale County",4,32,5,2,3
050,08,053,"Colorado","Hinsdale County",4,33,7,3,4
050,08,053,"Colorado","Hinsdale County",4,34,6,2,4
050,08,053,"Colorado","Hinsdale County",4,35,9,6,3
050,08,053,"Colorado","Hinsdale County",4,36,3,0,3
050,08,053,"Colorado","Hinsdale County",4,37,6,4,2
050,08,053,"Colorado","Hinsdale County",4,38,10,6,4
050,08,053,"Colorado","Hinsdale County",4,39,8,5,3
050,08,053,"Colorado","Hinsdale County",4,40,10,5,5
050,08,053,"Colorado","Hinsdale County",4,41,9,4,5
050,08,053,"Colorado","Hinsdale County",4,42,7,5,2
050,08,053,"Colorado","Hinsdale County",4,43,11,5,6
050,08,053,"Colorado","Hinsdale County",4,44,10,4,6
050,08,053,"Colorado","Hinsdale County",4,45,9,7,2
050,08,053,"Colorado","Hinsdale County",4,46,10,6,4
050,08,053,"Colorado","Hinsdale County",4,47,9,6,3
050,08,053,"Colorado","Hinsdale County",4,48,11,4,7
050,08,053,"Colorado","Hinsdale County",4,49,8,4,4
050,08,053,"Colorado","Hinsdale County",4,50,7,1,6
050,08,053,"Colorado","Hinsdale County",4,51,6,3,3
050,08,053,"Colorado","Hinsdale County",4,52,6,4,2
050,08,053,"Colorado","Hinsdale County",4,53,6,3,3
050,08,053,"Colorado","Hinsdale County",4,54,5,3,2
050,08,053,"Colorado","Hinsdale County",4,55,8,3,5
050,08,053,"Colorado","Hinsdale County",4,56,11,6,5
050,08,053,"Colorado","Hinsdale County",4,57,13,4,9
050,08,053,"Colorado","Hinsdale County",4,58,13,3,10
050,08,053,"Colorado","Hinsdale County",4,59,14,7,7
050,08,053,"Colorado","Hinsdale County",4,60,15,7,8
050,08,053,"Colorado","Hinsdale County",4,61,13,6,7
050,08,053,"Colorado","Hinsdale County",4,62,12,5,7
050,08,053,"Colorado","Hinsdale County",4,63,15,6,9
050,08,053,"Colorado","Hinsdale County",4,64,20,8,12
050,08,053,"Colorado","Hinsdale County",4,65,20,7,13
050,08,053,"Colorado","Hinsdale County",4,66,11,9,2
050,08,053,"Colorado","Hinsdale County",4,67,20,10,10
050,08,053,"Colorado","Hinsdale County",4,68,19,11,8
050,08,053,"Colorado","Hinsdale County",4,69,22,10,12
050,08,053,"Colorado","Hinsdale County",4,70,14,5,9
050,08,053,"Colorado","Hinsdale County",4,71,14,7,7
050,08,053,"Colorado","Hinsdale County",4,72,13,8,5
050,08,053,"Colorado","Hinsdale County",4,73,14,8,6
050,08,053,"Colorado","Hinsdale County",4,74,13,8,5
050,08,053,"Colorado","Hinsdale County",4,75,17,10,7
050,08,053,"Colorado","Hinsdale County",4,76,9,5,4
050,08,053,"Colorado","Hinsdale County",4,77,13,8,5
050,08,053,"Colorado","Hinsdale County",4,78,13,8,5
050,08,053,"Colorado","Hinsdale County",4,79,10,6,4
050,08,053,"Colorado","Hinsdale County",4,80,6,4,2
050,08,053,"Colorado","Hinsdale County",4,81,7,5,2
050,08,053,"Colorado","Hinsdale County",4,82,8,5,3
050,08,053,"Colorado","Hinsdale County",4,83,5,3,2
050,08,053,"Colorado","Hinsdale County",4,84,4,2,2
050,08,053,"Colorado","Hinsdale County",4,85,16,8,8
050,08,053,"Colorado","Hinsdale County",5,0,4,4,0
050,08,053,"Colorado","Hinsdale County",5,1,4,4,0
050,08,053,"Colorado","Hinsdale County",5,2,2,1,1
050,08,053,"Colorado","Hinsdale County",5,3,4,2,2
050,08,053,"Colorado","Hinsdale County",5,4,5,2,3
050,08,053,"Colorado","Hinsdale County",5,5,3,1,2
050,08,053,"Colorado","Hinsdale County",5,6,5,2,3
050,08,053,"Colorado","Hinsdale County",5,7,7,5,2
050,08,053,"Colorado","Hinsdale County",5,8,4,1,3
050,08,053,"Colorado","Hinsdale County",5,9,9,2,7
050,08,053,"Colorado","Hinsdale County",5,10,5,2,3
050,08,053,"Colorado","Hinsdale County",5,11,10,7,3
050,08,053,"Colorado","Hinsdale County",5,12,5,2,3
050,08,053,"Colorado","Hinsdale County",5,13,8,7,1
050,08,053,"Colorado","Hinsdale County",5,14,7,5,2
050,08,053,"Colorado","Hinsdale County",5,15,6,3,3
050,08,053,"Colorado","Hinsdale County",5,16,8,6,2
050,08,053,"Colorado","Hinsdale County",5,17,7,6,1
050,08,053,"Colorado","Hinsdale County",5,18,7,3,4
050,08,053,"Colorado","Hinsdale County",5,19,6,2,4
050,08,053,"Colorado","Hinsdale County",5,20,4,3,1
050,08,053,"Colorado","Hinsdale County",5,21,6,3,3
050,08,053,"Colorado","Hinsdale County",5,22,6,2,4
050,08,053,"Colorado","Hinsdale County",5,23,10,6,4
050,08,053,"Colorado","Hinsdale County",5,24,7,4,3
050,08,053,"Colorado","Hinsdale County",5,25,4,3,1
050,08,053,"Colorado","Hinsdale County",5,26,7,3,4
050,08,053,"Colorado","Hinsdale County",5,27,8,4,4
050,08,053,"Colorado","Hinsdale County",5,28,9,7,2
050,08,053,"Colorado","Hinsdale County",5,29,6,2,4
050,08,053,"Colorado","Hinsdale County",5,30,4,2,2
050,08,053,"Colorado","Hinsdale County",5,31,3,2,1
050,08,053,"Colorado","Hinsdale County",5,32,6,5,1
050,08,053,"Colorado","Hinsdale County",5,33,3,2,1
050,08,053,"Colorado","Hinsdale County",5,34,6,3,3
050,08,053,"Colorado","Hinsdale County",5,35,10,5,5
050,08,053,"Colorado","Hinsdale County",5,36,9,6,3
050,08,053,"Colorado","Hinsdale County",5,37,2,0,2
050,08,053,"Colorado","Hinsdale County",5,38,5,4,1
050,08,053,"Colorado","Hinsdale County",5,39,10,6,4
050,08,053,"Colorado","Hinsdale County",5,40,8,5,3
050,08,053,"Colorado","Hinsdale County",5,41,10,5,5
050,08,053,"Colorado","Hinsdale County",5,42,9,4,5
050,08,053,"Colorado","Hinsdale County",5,43,3,3,0
050,08,053,"Colorado","Hinsdale County",5,44,11,5,6
050,08,053,"Colorado","Hinsdale County",5,45,12,5,7
050,08,053,"Colorado","Hinsdale County",5,46,9,7,2
050,08,053,"Colorado","Hinsdale County",5,47,11,6,5
050,08,053,"Colorado","Hinsdale County",5,48,9,7,2
050,08,053,"Colorado","Hinsdale County",5,49,11,4,7
050,08,053,"Colorado","Hinsdale County",5,50,8,4,4
050,08,053,"Colorado","Hinsdale County",5,51,7,1,6
050,08,053,"Colorado","Hinsdale County",5,52,6,3,3
050,08,053,"Colorado","Hinsdale County",5,53,6,4,2
050,08,053,"Colorado","Hinsdale County",5,54,7,3,4
050,08,053,"Colorado","Hinsdale County",5,55,5,3,2
050,08,053,"Colorado","Hinsdale County",5,56,10,4,6
050,08,053,"Colorado","Hinsdale County",5,57,12,7,5
050,08,053,"Colorado","Hinsdale County",5,58,11,4,7
050,08,053,"Colorado","Hinsdale County",5,59,10,2,8
050,08,053,"Colorado","Hinsdale County",5,60,13,5,8
050,08,053,"Colorado","Hinsdale County",5,61,15,7,8
050,08,053,"Colorado","Hinsdale County",5,62,10,5,5
050,08,053,"Colorado","Hinsdale County",5,63,12,5,7
050,08,053,"Colorado","Hinsdale County",5,64,15,6,9
050,08,053,"Colorado","Hinsdale County",5,65,16,7,9
050,08,053,"Colorado","Hinsdale County",5,66,22,9,13
050,08,053,"Colorado","Hinsdale County",5,67,13,11,2
050,08,053,"Colorado","Hinsdale County",5,68,20,10,10
050,08,053,"Colorado","Hinsdale County",5,69,20,13,7
050,08,053,"Colorado","Hinsdale County",5,70,22,10,12
050,08,053,"Colorado","Hinsdale County",5,71,15,5,10
050,08,053,"Colorado","Hinsdale County",5,72,16,9,7
050,08,053,"Colorado","Hinsdale County",5,73,13,8,5
050,08,053,"Colorado","Hinsdale County",5,74,12,8,4
050,08,053,"Colorado","Hinsdale County",5,75,11,7,4
050,08,053,"Colorado","Hinsdale County",5,76,17,10,7
050,08,053,"Colorado","Hinsdale County",5,77,9,5,4
050,08,053,"Colorado","Hinsdale County",5,78,12,8,4
050,08,053,"Colorado","Hinsdale County",5,79,12,7,5
050,08,053,"Colorado","Hinsdale County",5,80,10,6,4
050,08,053,"Colorado","Hinsdale County",5,81,6,4,2
050,08,053,"Colorado","Hinsdale County",5,82,8,5,3
050,08,053,"Colorado","Hinsdale County",5,83,8,5,3
050,08,053,"Colorado","Hinsdale County",5,84,5,3,2
050,08,053,"Colorado","Hinsdale County",5,85,17,8,9
050,08,055,"Colorado","Huerfano County",1,0,41,21,20
050,08,055,"Colorado","Huerfano County",1,1,46,21,25
050,08,055,"Colorado","Huerfano County",1,2,55,17,38
050,08,055,"Colorado","Huerfano County",1,3,51,27,24
050,08,055,"Colorado","Huerfano County",1,4,48,28,20
050,08,055,"Colorado","Huerfano County",1,5,52,31,21
050,08,055,"Colorado","Huerfano County",1,6,56,25,31
050,08,055,"Colorado","Huerfano County",1,7,65,37,28
050,08,055,"Colorado","Huerfano County",1,8,78,47,31
050,08,055,"Colorado","Huerfano County",1,9,59,33,26
050,08,055,"Colorado","Huerfano County",1,10,57,33,24
050,08,055,"Colorado","Huerfano County",1,11,58,33,25
050,08,055,"Colorado","Huerfano County",1,12,67,37,30
050,08,055,"Colorado","Huerfano County",1,13,67,39,28
050,08,055,"Colorado","Huerfano County",1,14,71,41,30
050,08,055,"Colorado","Huerfano County",1,15,78,45,33
050,08,055,"Colorado","Huerfano County",1,16,74,45,29
050,08,055,"Colorado","Huerfano County",1,17,73,41,32
050,08,055,"Colorado","Huerfano County",1,18,71,39,32
050,08,055,"Colorado","Huerfano County",1,19,55,28,27
050,08,055,"Colorado","Huerfano County",1,20,52,29,23
050,08,055,"Colorado","Huerfano County",1,21,41,24,17
050,08,055,"Colorado","Huerfano County",1,22,44,23,21
050,08,055,"Colorado","Huerfano County",1,23,41,20,21
050,08,055,"Colorado","Huerfano County",1,24,45,22,23
050,08,055,"Colorado","Huerfano County",1,25,55,29,26
050,08,055,"Colorado","Huerfano County",1,26,59,36,23
050,08,055,"Colorado","Huerfano County",1,27,64,34,30
050,08,055,"Colorado","Huerfano County",1,28,59,30,29
050,08,055,"Colorado","Huerfano County",1,29,59,24,35
050,08,055,"Colorado","Huerfano County",1,30,64,32,32
050,08,055,"Colorado","Huerfano County",1,31,59,29,30
050,08,055,"Colorado","Huerfano County",1,32,59,28,31
050,08,055,"Colorado","Huerfano County",1,33,65,37,28
050,08,055,"Colorado","Huerfano County",1,34,54,31,23
050,08,055,"Colorado","Huerfano County",1,35,51,28,23
050,08,055,"Colorado","Huerfano County",1,36,60,35,25
050,08,055,"Colorado","Huerfano County",1,37,67,38,29
050,08,055,"Colorado","Huerfano County",1,38,64,29,35
050,08,055,"Colorado","Huerfano County",1,39,69,28,41
050,08,055,"Colorado","Huerfano County",1,40,64,41,23
050,08,055,"Colorado","Huerfano County",1,41,63,34,29
050,08,055,"Colorado","Huerfano County",1,42,67,34,33
050,08,055,"Colorado","Huerfano County",1,43,68,35,33
050,08,055,"Colorado","Huerfano County",1,44,62,36,26
050,08,055,"Colorado","Huerfano County",1,45,59,39,20
050,08,055,"Colorado","Huerfano County",1,46,61,31,30
050,08,055,"Colorado","Huerfano County",1,47,63,36,27
050,08,055,"Colorado","Huerfano County",1,48,74,44,30
050,08,055,"Colorado","Huerfano County",1,49,63,36,27
050,08,055,"Colorado","Huerfano County",1,50,75,33,42
050,08,055,"Colorado","Huerfano County",1,51,85,45,40
050,08,055,"Colorado","Huerfano County",1,52,77,46,31
050,08,055,"Colorado","Huerfano County",1,53,70,40,30
050,08,055,"Colorado","Huerfano County",1,54,78,35,43
050,08,055,"Colorado","Huerfano County",1,55,74,33,41
050,08,055,"Colorado","Huerfano County",1,56,105,56,49
050,08,055,"Colorado","Huerfano County",1,57,116,51,65
050,08,055,"Colorado","Huerfano County",1,58,131,61,70
050,08,055,"Colorado","Huerfano County",1,59,131,57,74
050,08,055,"Colorado","Huerfano County",1,60,132,64,68
050,08,055,"Colorado","Huerfano County",1,61,138,65,73
050,08,055,"Colorado","Huerfano County",1,62,143,54,89
050,08,055,"Colorado","Huerfano County",1,63,140,62,78
050,08,055,"Colorado","Huerfano County",1,64,149,62,87
050,08,055,"Colorado","Huerfano County",1,65,158,67,91
050,08,055,"Colorado","Huerfano County",1,66,161,75,86
050,08,055,"Colorado","Huerfano County",1,67,152,88,64
050,08,055,"Colorado","Huerfano County",1,68,148,84,64
050,08,055,"Colorado","Huerfano County",1,69,130,63,67
050,08,055,"Colorado","Huerfano County",1,70,126,67,59
050,08,055,"Colorado","Huerfano County",1,71,116,64,52
050,08,055,"Colorado","Huerfano County",1,72,125,72,53
050,08,055,"Colorado","Huerfano County",1,73,127,71,56
050,08,055,"Colorado","Huerfano County",1,74,92,47,45
050,08,055,"Colorado","Huerfano County",1,75,84,45,39
050,08,055,"Colorado","Huerfano County",1,76,87,43,44
050,08,055,"Colorado","Huerfano County",1,77,83,48,35
050,08,055,"Colorado","Huerfano County",1,78,78,41,37
050,08,055,"Colorado","Huerfano County",1,79,68,37,31
050,08,055,"Colorado","Huerfano County",1,80,60,34,26
050,08,055,"Colorado","Huerfano County",1,81,54,27,27
050,08,055,"Colorado","Huerfano County",1,82,46,24,22
050,08,055,"Colorado","Huerfano County",1,83,41,22,19
050,08,055,"Colorado","Huerfano County",1,84,35,15,20
050,08,055,"Colorado","Huerfano County",1,85,205,87,118
050,08,055,"Colorado","Huerfano County",2,0,48,21,27
050,08,055,"Colorado","Huerfano County",2,1,45,20,25
050,08,055,"Colorado","Huerfano County",2,2,52,17,35
050,08,055,"Colorado","Huerfano County",2,3,54,26,28
050,08,055,"Colorado","Huerfano County",2,4,50,29,21
050,08,055,"Colorado","Huerfano County",2,5,52,30,22
050,08,055,"Colorado","Huerfano County",2,6,57,27,30
050,08,055,"Colorado","Huerfano County",2,7,63,35,28
050,08,055,"Colorado","Huerfano County",2,8,73,43,30
050,08,055,"Colorado","Huerfano County",2,9,64,38,26
050,08,055,"Colorado","Huerfano County",2,10,58,33,25
050,08,055,"Colorado","Huerfano County",2,11,59,34,25
050,08,055,"Colorado","Huerfano County",2,12,65,37,28
050,08,055,"Colorado","Huerfano County",2,13,68,40,28
050,08,055,"Colorado","Huerfano County",2,14,71,41,30
050,08,055,"Colorado","Huerfano County",2,15,76,44,32
050,08,055,"Colorado","Huerfano County",2,16,77,46,31
050,08,055,"Colorado","Huerfano County",2,17,73,42,31
050,08,055,"Colorado","Huerfano County",2,18,70,39,31
050,08,055,"Colorado","Huerfano County",2,19,57,30,27
050,08,055,"Colorado","Huerfano County",2,20,54,30,24
050,08,055,"Colorado","Huerfano County",2,21,42,24,18
050,08,055,"Colorado","Huerfano County",2,22,45,24,21
050,08,055,"Colorado","Huerfano County",2,23,43,22,21
050,08,055,"Colorado","Huerfano County",2,24,45,22,23
050,08,055,"Colorado","Huerfano County",2,25,52,26,26
050,08,055,"Colorado","Huerfano County",2,26,59,35,24
050,08,055,"Colorado","Huerfano County",2,27,64,34,30
050,08,055,"Colorado","Huerfano County",2,28,60,30,30
050,08,055,"Colorado","Huerfano County",2,29,59,24,35
050,08,055,"Colorado","Huerfano County",2,30,63,30,33
050,08,055,"Colorado","Huerfano County",2,31,60,29,31
050,08,055,"Colorado","Huerfano County",2,32,58,27,31
050,08,055,"Colorado","Huerfano County",2,33,65,35,30
050,08,055,"Colorado","Huerfano County",2,34,56,31,25
050,08,055,"Colorado","Huerfano County",2,35,53,30,23
050,08,055,"Colorado","Huerfano County",2,36,59,33,26
050,08,055,"Colorado","Huerfano County",2,37,66,38,28
050,08,055,"Colorado","Huerfano County",2,38,65,31,34
050,08,055,"Colorado","Huerfano County",2,39,68,29,39
050,08,055,"Colorado","Huerfano County",2,40,68,40,28
050,08,055,"Colorado","Huerfano County",2,41,65,37,28
050,08,055,"Colorado","Huerfano County",2,42,65,34,31
050,08,055,"Colorado","Huerfano County",2,43,69,35,34
050,08,055,"Colorado","Huerfano County",2,44,65,37,28
050,08,055,"Colorado","Huerfano County",2,45,62,39,23
050,08,055,"Colorado","Huerfano County",2,46,59,32,27
050,08,055,"Colorado","Huerfano County",2,47,63,35,28
050,08,055,"Colorado","Huerfano County",2,48,72,43,29
050,08,055,"Colorado","Huerfano County",2,49,66,38,28
050,08,055,"Colorado","Huerfano County",2,50,71,33,38
050,08,055,"Colorado","Huerfano County",2,51,81,42,39
050,08,055,"Colorado","Huerfano County",2,52,78,44,34
050,08,055,"Colorado","Huerfano County",2,53,71,41,30
050,08,055,"Colorado","Huerfano County",2,54,76,36,40
050,08,055,"Colorado","Huerfano County",2,55,75,33,42
050,08,055,"Colorado","Huerfano County",2,56,98,50,48
050,08,055,"Colorado","Huerfano County",2,57,115,53,62
050,08,055,"Colorado","Huerfano County",2,58,128,59,69
050,08,055,"Colorado","Huerfano County",2,59,131,58,73
050,08,055,"Colorado","Huerfano County",2,60,133,63,70
050,08,055,"Colorado","Huerfano County",2,61,136,64,72
050,08,055,"Colorado","Huerfano County",2,62,140,56,84
050,08,055,"Colorado","Huerfano County",2,63,142,60,82
050,08,055,"Colorado","Huerfano County",2,64,146,62,84
050,08,055,"Colorado","Huerfano County",2,65,155,64,91
050,08,055,"Colorado","Huerfano County",2,66,162,73,89
050,08,055,"Colorado","Huerfano County",2,67,153,84,69
050,08,055,"Colorado","Huerfano County",2,68,149,84,65
050,08,055,"Colorado","Huerfano County",2,69,135,69,66
050,08,055,"Colorado","Huerfano County",2,70,122,63,59
050,08,055,"Colorado","Huerfano County",2,71,118,64,54
050,08,055,"Colorado","Huerfano County",2,72,120,69,51
050,08,055,"Colorado","Huerfano County",2,73,131,74,57
050,08,055,"Colorado","Huerfano County",2,74,95,50,45
050,08,055,"Colorado","Huerfano County",2,75,87,46,41
050,08,055,"Colorado","Huerfano County",2,76,85,42,43
050,08,055,"Colorado","Huerfano County",2,77,83,46,37
050,08,055,"Colorado","Huerfano County",2,78,74,38,36
050,08,055,"Colorado","Huerfano County",2,79,68,36,32
050,08,055,"Colorado","Huerfano County",2,80,62,35,27
050,08,055,"Colorado","Huerfano County",2,81,54,27,27
050,08,055,"Colorado","Huerfano County",2,82,48,25,23
050,08,055,"Colorado","Huerfano County",2,83,40,21,19
050,08,055,"Colorado","Huerfano County",2,84,37,17,20
050,08,055,"Colorado","Huerfano County",2,85,206,87,119
050,08,055,"Colorado","Huerfano County",3,0,42,22,20
050,08,055,"Colorado","Huerfano County",3,1,44,23,21
050,08,055,"Colorado","Huerfano County",3,2,45,19,26
050,08,055,"Colorado","Huerfano County",3,3,59,17,42
050,08,055,"Colorado","Huerfano County",3,4,56,30,26
050,08,055,"Colorado","Huerfano County",3,5,48,28,20
050,08,055,"Colorado","Huerfano County",3,6,53,28,25
050,08,055,"Colorado","Huerfano County",3,7,57,27,30
050,08,055,"Colorado","Huerfano County",3,8,64,35,29
050,08,055,"Colorado","Huerfano County",3,9,81,46,35
050,08,055,"Colorado","Huerfano County",3,10,61,35,26
050,08,055,"Colorado","Huerfano County",3,11,69,37,32
050,08,055,"Colorado","Huerfano County",3,12,57,36,21
050,08,055,"Colorado","Huerfano County",3,13,71,39,32
050,08,055,"Colorado","Huerfano County",3,14,69,41,28
050,08,055,"Colorado","Huerfano County",3,15,74,39,35
050,08,055,"Colorado","Huerfano County",3,16,73,37,36
050,08,055,"Colorado","Huerfano County",3,17,77,46,31
050,08,055,"Colorado","Huerfano County",3,18,67,39,28
050,08,055,"Colorado","Huerfano County",3,19,61,33,28
050,08,055,"Colorado","Huerfano County",3,20,62,34,28
050,08,055,"Colorado","Huerfano County",3,21,56,35,21
050,08,055,"Colorado","Huerfano County",3,22,49,28,21
050,08,055,"Colorado","Huerfano County",3,23,50,25,25
050,08,055,"Colorado","Huerfano County",3,24,44,25,19
050,08,055,"Colorado","Huerfano County",3,25,47,25,22
050,08,055,"Colorado","Huerfano County",3,26,59,30,29
050,08,055,"Colorado","Huerfano County",3,27,62,36,26
050,08,055,"Colorado","Huerfano County",3,28,68,38,30
050,08,055,"Colorado","Huerfano County",3,29,57,26,31
050,08,055,"Colorado","Huerfano County",3,30,53,21,32
050,08,055,"Colorado","Huerfano County",3,31,61,28,33
050,08,055,"Colorado","Huerfano County",3,32,61,33,28
050,08,055,"Colorado","Huerfano County",3,33,58,24,34
050,08,055,"Colorado","Huerfano County",3,34,69,36,33
050,08,055,"Colorado","Huerfano County",3,35,60,34,26
050,08,055,"Colorado","Huerfano County",3,36,58,33,25
050,08,055,"Colorado","Huerfano County",3,37,63,35,28
050,08,055,"Colorado","Huerfano County",3,38,73,38,35
050,08,055,"Colorado","Huerfano County",3,39,63,29,34
050,08,055,"Colorado","Huerfano County",3,40,82,37,45
050,08,055,"Colorado","Huerfano County",3,41,68,38,30
050,08,055,"Colorado","Huerfano County",3,42,62,34,28
050,08,055,"Colorado","Huerfano County",3,43,61,33,28
050,08,055,"Colorado","Huerfano County",3,44,72,35,37
050,08,055,"Colorado","Huerfano County",3,45,70,44,26
050,08,055,"Colorado","Huerfano County",3,46,64,41,23
050,08,055,"Colorado","Huerfano County",3,47,65,32,33
050,08,055,"Colorado","Huerfano County",3,48,67,40,27
050,08,055,"Colorado","Huerfano County",3,49,81,50,31
050,08,055,"Colorado","Huerfano County",3,50,72,37,35
050,08,055,"Colorado","Huerfano County",3,51,74,34,40
050,08,055,"Colorado","Huerfano County",3,52,71,38,33
050,08,055,"Colorado","Huerfano County",3,53,77,43,34
050,08,055,"Colorado","Huerfano County",3,54,78,48,30
050,08,055,"Colorado","Huerfano County",3,55,78,34,44
050,08,055,"Colorado","Huerfano County",3,56,86,40,46
050,08,055,"Colorado","Huerfano County",3,57,103,54,49
050,08,055,"Colorado","Huerfano County",3,58,122,55,67
050,08,055,"Colorado","Huerfano County",3,59,127,57,70
050,08,055,"Colorado","Huerfano County",3,60,144,65,79
050,08,055,"Colorado","Huerfano County",3,61,138,63,75
050,08,055,"Colorado","Huerfano County",3,62,143,72,71
050,08,055,"Colorado","Huerfano County",3,63,154,64,90
050,08,055,"Colorado","Huerfano County",3,64,156,64,92
050,08,055,"Colorado","Huerfano County",3,65,156,69,87
050,08,055,"Colorado","Huerfano County",3,66,156,65,91
050,08,055,"Colorado","Huerfano County",3,67,166,78,88
050,08,055,"Colorado","Huerfano County",3,68,150,80,70
050,08,055,"Colorado","Huerfano County",3,69,145,84,61
050,08,055,"Colorado","Huerfano County",3,70,137,73,64
050,08,055,"Colorado","Huerfano County",3,71,116,59,57
050,08,055,"Colorado","Huerfano County",3,72,111,60,51
050,08,055,"Colorado","Huerfano County",3,73,111,69,42
050,08,055,"Colorado","Huerfano County",3,74,128,71,57
050,08,055,"Colorado","Huerfano County",3,75,84,44,40
050,08,055,"Colorado","Huerfano County",3,76,81,42,39
050,08,055,"Colorado","Huerfano County",3,77,80,40,40
050,08,055,"Colorado","Huerfano County",3,78,75,40,35
050,08,055,"Colorado","Huerfano County",3,79,70,37,33
050,08,055,"Colorado","Huerfano County",3,80,61,33,28
050,08,055,"Colorado","Huerfano County",3,81,56,28,28
050,08,055,"Colorado","Huerfano County",3,82,53,28,25
050,08,055,"Colorado","Huerfano County",3,83,45,24,21
050,08,055,"Colorado","Huerfano County",3,84,37,18,19
050,08,055,"Colorado","Huerfano County",3,85,200,84,116
050,08,055,"Colorado","Huerfano County",4,0,44,23,21
050,08,055,"Colorado","Huerfano County",4,1,39,18,21
050,08,055,"Colorado","Huerfano County",4,2,49,26,23
050,08,055,"Colorado","Huerfano County",4,3,50,22,28
050,08,055,"Colorado","Huerfano County",4,4,65,20,45
050,08,055,"Colorado","Huerfano County",4,5,55,33,22
050,08,055,"Colorado","Huerfano County",4,6,53,30,23
050,08,055,"Colorado","Huerfano County",4,7,59,29,30
050,08,055,"Colorado","Huerfano County",4,8,61,31,30
050,08,055,"Colorado","Huerfano County",4,9,73,43,30
050,08,055,"Colorado","Huerfano County",4,10,80,47,33
050,08,055,"Colorado","Huerfano County",4,11,65,38,27
050,08,055,"Colorado","Huerfano County",4,12,63,35,28
050,08,055,"Colorado","Huerfano County",4,13,62,36,26
050,08,055,"Colorado","Huerfano County",4,14,72,39,33
050,08,055,"Colorado","Huerfano County",4,15,69,40,29
050,08,055,"Colorado","Huerfano County",4,16,79,43,36
050,08,055,"Colorado","Huerfano County",4,17,78,43,35
050,08,055,"Colorado","Huerfano County",4,18,76,46,30
050,08,055,"Colorado","Huerfano County",4,19,58,33,25
050,08,055,"Colorado","Huerfano County",4,20,66,40,26
050,08,055,"Colorado","Huerfano County",4,21,64,38,26
050,08,055,"Colorado","Huerfano County",4,22,62,30,32
050,08,055,"Colorado","Huerfano County",4,23,49,30,19
050,08,055,"Colorado","Huerfano County",4,24,54,26,28
050,08,055,"Colorado","Huerfano County",4,25,44,24,20
050,08,055,"Colorado","Huerfano County",4,26,47,25,22
050,08,055,"Colorado","Huerfano County",4,27,61,29,32
050,08,055,"Colorado","Huerfano County",4,28,68,38,30
050,08,055,"Colorado","Huerfano County",4,29,66,38,28
050,08,055,"Colorado","Huerfano County",4,30,68,31,37
050,08,055,"Colorado","Huerfano County",4,31,56,22,34
050,08,055,"Colorado","Huerfano County",4,32,60,25,35
050,08,055,"Colorado","Huerfano County",4,33,61,31,30
050,08,055,"Colorado","Huerfano County",4,34,72,31,41
050,08,055,"Colorado","Huerfano County",4,35,77,47,30
050,08,055,"Colorado","Huerfano County",4,36,63,36,27
050,08,055,"Colorado","Huerfano County",4,37,63,36,27
050,08,055,"Colorado","Huerfano County",4,38,61,31,30
050,08,055,"Colorado","Huerfano County",4,39,85,46,39
050,08,055,"Colorado","Huerfano County",4,40,60,28,32
050,08,055,"Colorado","Huerfano County",4,41,80,37,43
050,08,055,"Colorado","Huerfano County",4,42,64,38,26
050,08,055,"Colorado","Huerfano County",4,43,66,39,27
050,08,055,"Colorado","Huerfano County",4,44,70,35,35
050,08,055,"Colorado","Huerfano County",4,45,78,38,40
050,08,055,"Colorado","Huerfano County",4,46,72,40,32
050,08,055,"Colorado","Huerfano County",4,47,64,41,23
050,08,055,"Colorado","Huerfano County",4,48,74,33,41
050,08,055,"Colorado","Huerfano County",4,49,69,40,29
050,08,055,"Colorado","Huerfano County",4,50,84,51,33
050,08,055,"Colorado","Huerfano County",4,51,71,35,36
050,08,055,"Colorado","Huerfano County",4,52,82,35,47
050,08,055,"Colorado","Huerfano County",4,53,73,36,37
050,08,055,"Colorado","Huerfano County",4,54,79,45,34
050,08,055,"Colorado","Huerfano County",4,55,87,52,35
050,08,055,"Colorado","Huerfano County",4,56,86,40,46
050,08,055,"Colorado","Huerfano County",4,57,97,42,55
050,08,055,"Colorado","Huerfano County",4,58,105,55,50
050,08,055,"Colorado","Huerfano County",4,59,132,60,72
050,08,055,"Colorado","Huerfano County",4,60,126,54,72
050,08,055,"Colorado","Huerfano County",4,61,148,68,80
050,08,055,"Colorado","Huerfano County",4,62,146,68,78
050,08,055,"Colorado","Huerfano County",4,63,162,84,78
050,08,055,"Colorado","Huerfano County",4,64,164,66,98
050,08,055,"Colorado","Huerfano County",4,65,157,66,91
050,08,055,"Colorado","Huerfano County",4,66,148,69,79
050,08,055,"Colorado","Huerfano County",4,67,153,65,88
050,08,055,"Colorado","Huerfano County",4,68,169,81,88
050,08,055,"Colorado","Huerfano County",4,69,148,81,67
050,08,055,"Colorado","Huerfano County",4,70,137,79,58
050,08,055,"Colorado","Huerfano County",4,71,140,75,65
050,08,055,"Colorado","Huerfano County",4,72,110,54,56
050,08,055,"Colorado","Huerfano County",4,73,104,59,45
050,08,055,"Colorado","Huerfano County",4,74,109,67,42
050,08,055,"Colorado","Huerfano County",4,75,117,65,52
050,08,055,"Colorado","Huerfano County",4,76,79,42,37
050,08,055,"Colorado","Huerfano County",4,77,73,39,34
050,08,055,"Colorado","Huerfano County",4,78,72,33,39
050,08,055,"Colorado","Huerfano County",4,79,77,41,36
050,08,055,"Colorado","Huerfano County",4,80,69,37,32
050,08,055,"Colorado","Huerfano County",4,81,51,26,25
050,08,055,"Colorado","Huerfano County",4,82,52,24,28
050,08,055,"Colorado","Huerfano County",4,83,48,26,22
050,08,055,"Colorado","Huerfano County",4,84,42,20,22
050,08,055,"Colorado","Huerfano County",4,85,206,88,118
050,08,055,"Colorado","Huerfano County",5,0,40,23,17
050,08,055,"Colorado","Huerfano County",5,1,39,21,18
050,08,055,"Colorado","Huerfano County",5,2,42,18,24
050,08,055,"Colorado","Huerfano County",5,3,45,20,25
050,08,055,"Colorado","Huerfano County",5,4,44,16,28
050,08,055,"Colorado","Huerfano County",5,5,55,18,37
050,08,055,"Colorado","Huerfano County",5,6,58,34,24
050,08,055,"Colorado","Huerfano County",5,7,51,29,22
050,08,055,"Colorado","Huerfano County",5,8,57,29,28
050,08,055,"Colorado","Huerfano County",5,9,66,31,35
050,08,055,"Colorado","Huerfano County",5,10,70,42,28
050,08,055,"Colorado","Huerfano County",5,11,75,41,34
050,08,055,"Colorado","Huerfano County",5,12,73,39,34
050,08,055,"Colorado","Huerfano County",5,13,68,38,30
050,08,055,"Colorado","Huerfano County",5,14,62,37,25
050,08,055,"Colorado","Huerfano County",5,15,74,37,37
050,08,055,"Colorado","Huerfano County",5,16,65,39,26
050,08,055,"Colorado","Huerfano County",5,17,79,42,37
050,08,055,"Colorado","Huerfano County",5,18,71,38,33
050,08,055,"Colorado","Huerfano County",5,19,65,38,27
050,08,055,"Colorado","Huerfano County",5,20,60,33,27
050,08,055,"Colorado","Huerfano County",5,21,69,41,28
050,08,055,"Colorado","Huerfano County",5,22,67,38,29
050,08,055,"Colorado","Huerfano County",5,23,61,33,28
050,08,055,"Colorado","Huerfano County",5,24,51,27,24
050,08,055,"Colorado","Huerfano County",5,25,46,23,23
050,08,055,"Colorado","Huerfano County",5,26,53,30,23
050,08,055,"Colorado","Huerfano County",5,27,51,29,22
050,08,055,"Colorado","Huerfano County",5,28,61,27,34
050,08,055,"Colorado","Huerfano County",5,29,75,40,35
050,08,055,"Colorado","Huerfano County",5,30,64,36,28
050,08,055,"Colorado","Huerfano County",5,31,69,31,38
050,08,055,"Colorado","Huerfano County",5,32,67,27,40
050,08,055,"Colorado","Huerfano County",5,33,63,28,35
050,08,055,"Colorado","Huerfano County",5,34,65,35,30
050,08,055,"Colorado","Huerfano County",5,35,71,30,41
050,08,055,"Colorado","Huerfano County",5,36,79,46,33
050,08,055,"Colorado","Huerfano County",5,37,58,30,28
050,08,055,"Colorado","Huerfano County",5,38,68,37,31
050,08,055,"Colorado","Huerfano County",5,39,61,34,27
050,08,055,"Colorado","Huerfano County",5,40,81,42,39
050,08,055,"Colorado","Huerfano County",5,41,63,29,34
050,08,055,"Colorado","Huerfano County",5,42,76,33,43
050,08,055,"Colorado","Huerfano County",5,43,62,34,28
050,08,055,"Colorado","Huerfano County",5,44,76,44,32
050,08,055,"Colorado","Huerfano County",5,45,73,39,34
050,08,055,"Colorado","Huerfano County",5,46,80,37,43
050,08,055,"Colorado","Huerfano County",5,47,71,37,34
050,08,055,"Colorado","Huerfano County",5,48,59,39,20
050,08,055,"Colorado","Huerfano County",5,49,75,33,42
050,08,055,"Colorado","Huerfano County",5,50,67,42,25
050,08,055,"Colorado","Huerfano County",5,51,86,53,33
050,08,055,"Colorado","Huerfano County",5,52,68,34,34
050,08,055,"Colorado","Huerfano County",5,53,88,35,53
050,08,055,"Colorado","Huerfano County",5,54,72,34,38
050,08,055,"Colorado","Huerfano County",5,55,81,48,33
050,08,055,"Colorado","Huerfano County",5,56,93,54,39
050,08,055,"Colorado","Huerfano County",5,57,91,42,49
050,08,055,"Colorado","Huerfano County",5,58,101,47,54
050,08,055,"Colorado","Huerfano County",5,59,109,55,54
050,08,055,"Colorado","Huerfano County",5,60,132,59,73
050,08,055,"Colorado","Huerfano County",5,61,124,55,69
050,08,055,"Colorado","Huerfano County",5,62,148,66,82
050,08,055,"Colorado","Huerfano County",5,63,145,67,78
050,08,055,"Colorado","Huerfano County",5,64,152,82,70
050,08,055,"Colorado","Huerfano County",5,65,167,71,96
050,08,055,"Colorado","Huerfano County",5,66,148,63,85
050,08,055,"Colorado","Huerfano County",5,67,141,64,77
050,08,055,"Colorado","Huerfano County",5,68,152,66,86
050,08,055,"Colorado","Huerfano County",5,69,158,75,83
050,08,055,"Colorado","Huerfano County",5,70,142,78,64
050,08,055,"Colorado","Huerfano County",5,71,135,76,59
050,08,055,"Colorado","Huerfano County",5,72,137,74,63
050,08,055,"Colorado","Huerfano County",5,73,110,52,58
050,08,055,"Colorado","Huerfano County",5,74,100,55,45
050,08,055,"Colorado","Huerfano County",5,75,105,65,40
050,08,055,"Colorado","Huerfano County",5,76,112,64,48
050,08,055,"Colorado","Huerfano County",5,77,75,41,34
050,08,055,"Colorado","Huerfano County",5,78,66,33,33
050,08,055,"Colorado","Huerfano County",5,79,66,28,38
050,08,055,"Colorado","Huerfano County",5,80,77,40,37
050,08,055,"Colorado","Huerfano County",5,81,68,37,31
050,08,055,"Colorado","Huerfano County",5,82,51,27,24
050,08,055,"Colorado","Huerfano County",5,83,48,22,26
050,08,055,"Colorado","Huerfano County",5,84,48,24,24
050,08,055,"Colorado","Huerfano County",5,85,218,94,124
050,08,057,"Colorado","Jackson County",1,0,12,7,5
050,08,057,"Colorado","Jackson County",1,1,15,8,7
050,08,057,"Colorado","Jackson County",1,2,13,4,9
050,08,057,"Colorado","Jackson County",1,3,14,8,6
050,08,057,"Colorado","Jackson County",1,4,12,7,5
050,08,057,"Colorado","Jackson County",1,5,10,5,5
050,08,057,"Colorado","Jackson County",1,6,18,10,8
050,08,057,"Colorado","Jackson County",1,7,12,5,7
050,08,057,"Colorado","Jackson County",1,8,7,2,5
050,08,057,"Colorado","Jackson County",1,9,15,8,7
050,08,057,"Colorado","Jackson County",1,10,13,9,4
050,08,057,"Colorado","Jackson County",1,11,16,9,7
050,08,057,"Colorado","Jackson County",1,12,15,10,5
050,08,057,"Colorado","Jackson County",1,13,13,9,4
050,08,057,"Colorado","Jackson County",1,14,15,10,5
050,08,057,"Colorado","Jackson County",1,15,13,7,6
050,08,057,"Colorado","Jackson County",1,16,10,3,7
050,08,057,"Colorado","Jackson County",1,17,12,4,8
050,08,057,"Colorado","Jackson County",1,18,12,6,6
050,08,057,"Colorado","Jackson County",1,19,8,3,5
050,08,057,"Colorado","Jackson County",1,20,9,4,5
050,08,057,"Colorado","Jackson County",1,21,12,7,5
050,08,057,"Colorado","Jackson County",1,22,10,6,4
050,08,057,"Colorado","Jackson County",1,23,8,3,5
050,08,057,"Colorado","Jackson County",1,24,10,7,3
050,08,057,"Colorado","Jackson County",1,25,9,4,5
050,08,057,"Colorado","Jackson County",1,26,9,4,5
050,08,057,"Colorado","Jackson County",1,27,11,4,7
050,08,057,"Colorado","Jackson County",1,28,15,6,9
050,08,057,"Colorado","Jackson County",1,29,9,4,5
050,08,057,"Colorado","Jackson County",1,30,18,12,6
050,08,057,"Colorado","Jackson County",1,31,20,11,9
050,08,057,"Colorado","Jackson County",1,32,19,8,11
050,08,057,"Colorado","Jackson County",1,33,20,9,11
050,08,057,"Colorado","Jackson County",1,34,17,13,4
050,08,057,"Colorado","Jackson County",1,35,12,8,4
050,08,057,"Colorado","Jackson County",1,36,18,12,6
050,08,057,"Colorado","Jackson County",1,37,15,9,6
050,08,057,"Colorado","Jackson County",1,38,16,9,7
050,08,057,"Colorado","Jackson County",1,39,16,7,9
050,08,057,"Colorado","Jackson County",1,40,16,7,9
050,08,057,"Colorado","Jackson County",1,41,17,10,7
050,08,057,"Colorado","Jackson County",1,42,19,12,7
050,08,057,"Colorado","Jackson County",1,43,16,10,6
050,08,057,"Colorado","Jackson County",1,44,19,10,9
050,08,057,"Colorado","Jackson County",1,45,18,7,11
050,08,057,"Colorado","Jackson County",1,46,27,12,15
050,08,057,"Colorado","Jackson County",1,47,18,13,5
050,08,057,"Colorado","Jackson County",1,48,18,13,5
050,08,057,"Colorado","Jackson County",1,49,19,11,8
050,08,057,"Colorado","Jackson County",1,50,13,4,9
050,08,057,"Colorado","Jackson County",1,51,18,10,8
050,08,057,"Colorado","Jackson County",1,52,16,11,5
050,08,057,"Colorado","Jackson County",1,53,20,10,10
050,08,057,"Colorado","Jackson County",1,54,23,7,16
050,08,057,"Colorado","Jackson County",1,55,16,6,10
050,08,057,"Colorado","Jackson County",1,56,24,10,14
050,08,057,"Colorado","Jackson County",1,57,24,14,10
050,08,057,"Colorado","Jackson County",1,58,26,16,10
050,08,057,"Colorado","Jackson County",1,59,24,13,11
050,08,057,"Colorado","Jackson County",1,60,20,8,12
050,08,057,"Colorado","Jackson County",1,61,21,10,11
050,08,057,"Colorado","Jackson County",1,62,26,18,8
050,08,057,"Colorado","Jackson County",1,63,26,17,9
050,08,057,"Colorado","Jackson County",1,64,30,23,7
050,08,057,"Colorado","Jackson County",1,65,27,14,13
050,08,057,"Colorado","Jackson County",1,66,27,11,16
050,08,057,"Colorado","Jackson County",1,67,26,12,14
050,08,057,"Colorado","Jackson County",1,68,25,14,11
050,08,057,"Colorado","Jackson County",1,69,20,11,9
050,08,057,"Colorado","Jackson County",1,70,23,14,9
050,08,057,"Colorado","Jackson County",1,71,17,11,6
050,08,057,"Colorado","Jackson County",1,72,16,12,4
050,08,057,"Colorado","Jackson County",1,73,16,11,5
050,08,057,"Colorado","Jackson County",1,74,10,4,6
050,08,057,"Colorado","Jackson County",1,75,16,7,9
050,08,057,"Colorado","Jackson County",1,76,14,6,8
050,08,057,"Colorado","Jackson County",1,77,14,7,7
050,08,057,"Colorado","Jackson County",1,78,10,3,7
050,08,057,"Colorado","Jackson County",1,79,10,4,6
050,08,057,"Colorado","Jackson County",1,80,11,4,7
050,08,057,"Colorado","Jackson County",1,81,7,2,5
050,08,057,"Colorado","Jackson County",1,82,7,3,4
050,08,057,"Colorado","Jackson County",1,83,3,0,3
050,08,057,"Colorado","Jackson County",1,84,5,1,4
050,08,057,"Colorado","Jackson County",1,85,35,17,18
050,08,057,"Colorado","Jackson County",2,0,13,6,7
050,08,057,"Colorado","Jackson County",2,1,14,8,6
050,08,057,"Colorado","Jackson County",2,2,14,5,9
050,08,057,"Colorado","Jackson County",2,3,15,8,7
050,08,057,"Colorado","Jackson County",2,4,12,7,5
050,08,057,"Colorado","Jackson County",2,5,10,5,5
050,08,057,"Colorado","Jackson County",2,6,16,9,7
050,08,057,"Colorado","Jackson County",2,7,13,6,7
050,08,057,"Colorado","Jackson County",2,8,8,3,5
050,08,057,"Colorado","Jackson County",2,9,13,7,6
050,08,057,"Colorado","Jackson County",2,10,14,9,5
050,08,057,"Colorado","Jackson County",2,11,16,9,7
050,08,057,"Colorado","Jackson County",2,12,15,10,5
050,08,057,"Colorado","Jackson County",2,13,14,9,5
050,08,057,"Colorado","Jackson County",2,14,15,10,5
050,08,057,"Colorado","Jackson County",2,15,13,7,6
050,08,057,"Colorado","Jackson County",2,16,11,4,7
050,08,057,"Colorado","Jackson County",2,17,11,3,8
050,08,057,"Colorado","Jackson County",2,18,11,5,6
050,08,057,"Colorado","Jackson County",2,19,8,3,5
050,08,057,"Colorado","Jackson County",2,20,9,4,5
050,08,057,"Colorado","Jackson County",2,21,11,6,5
050,08,057,"Colorado","Jackson County",2,22,10,6,4
050,08,057,"Colorado","Jackson County",2,23,8,3,5
050,08,057,"Colorado","Jackson County",2,24,10,6,4
050,08,057,"Colorado","Jackson County",2,25,8,4,4
050,08,057,"Colorado","Jackson County",2,26,8,4,4
050,08,057,"Colorado","Jackson County",2,27,10,4,6
050,08,057,"Colorado","Jackson County",2,28,14,6,8
050,08,057,"Colorado","Jackson County",2,29,10,4,6
050,08,057,"Colorado","Jackson County",2,30,17,11,6
050,08,057,"Colorado","Jackson County",2,31,21,12,9
050,08,057,"Colorado","Jackson County",2,32,20,9,11
050,08,057,"Colorado","Jackson County",2,33,20,9,11
050,08,057,"Colorado","Jackson County",2,34,17,12,5
050,08,057,"Colorado","Jackson County",2,35,13,8,5
050,08,057,"Colorado","Jackson County",2,36,16,11,5
050,08,057,"Colorado","Jackson County",2,37,16,10,6
050,08,057,"Colorado","Jackson County",2,38,16,9,7
050,08,057,"Colorado","Jackson County",2,39,16,8,8
050,08,057,"Colorado","Jackson County",2,40,16,7,9
050,08,057,"Colorado","Jackson County",2,41,17,9,8
050,08,057,"Colorado","Jackson County",2,42,19,12,7
050,08,057,"Colorado","Jackson County",2,43,17,11,6
050,08,057,"Colorado","Jackson County",2,44,19,10,9
050,08,057,"Colorado","Jackson County",2,45,17,7,10
050,08,057,"Colorado","Jackson County",2,46,24,11,13
050,08,057,"Colorado","Jackson County",2,47,20,13,7
050,08,057,"Colorado","Jackson County",2,48,18,13,5
050,08,057,"Colorado","Jackson County",2,49,18,11,7
050,08,057,"Colorado","Jackson County",2,50,14,6,8
050,08,057,"Colorado","Jackson County",2,51,16,8,8
050,08,057,"Colorado","Jackson County",2,52,17,11,6
050,08,057,"Colorado","Jackson County",2,53,20,11,9
050,08,057,"Colorado","Jackson County",2,54,22,7,15
050,08,057,"Colorado","Jackson County",2,55,18,6,12
050,08,057,"Colorado","Jackson County",2,56,22,9,13
050,08,057,"Colorado","Jackson County",2,57,24,13,11
050,08,057,"Colorado","Jackson County",2,58,25,15,10
050,08,057,"Colorado","Jackson County",2,59,25,14,11
050,08,057,"Colorado","Jackson County",2,60,20,9,11
050,08,057,"Colorado","Jackson County",2,61,21,10,11
050,08,057,"Colorado","Jackson County",2,62,26,17,9
050,08,057,"Colorado","Jackson County",2,63,26,17,9
050,08,057,"Colorado","Jackson County",2,64,29,21,8
050,08,057,"Colorado","Jackson County",2,65,28,16,12
050,08,057,"Colorado","Jackson County",2,66,28,12,16
050,08,057,"Colorado","Jackson County",2,67,26,11,15
050,08,057,"Colorado","Jackson County",2,68,25,14,11
050,08,057,"Colorado","Jackson County",2,69,22,12,10
050,08,057,"Colorado","Jackson County",2,70,23,14,9
050,08,057,"Colorado","Jackson County",2,71,19,12,7
050,08,057,"Colorado","Jackson County",2,72,16,12,4
050,08,057,"Colorado","Jackson County",2,73,16,11,5
050,08,057,"Colorado","Jackson County",2,74,11,6,5
050,08,057,"Colorado","Jackson County",2,75,15,6,9
050,08,057,"Colorado","Jackson County",2,76,14,6,8
050,08,057,"Colorado","Jackson County",2,77,14,7,7
050,08,057,"Colorado","Jackson County",2,78,10,4,6
050,08,057,"Colorado","Jackson County",2,79,10,4,6
050,08,057,"Colorado","Jackson County",2,80,11,4,7
050,08,057,"Colorado","Jackson County",2,81,6,1,5
050,08,057,"Colorado","Jackson County",2,82,6,2,4
050,08,057,"Colorado","Jackson County",2,83,4,1,3
050,08,057,"Colorado","Jackson County",2,84,5,1,4
050,08,057,"Colorado","Jackson County",2,85,34,17,17
050,08,057,"Colorado","Jackson County",3,0,6,5,1
050,08,057,"Colorado","Jackson County",3,1,19,10,9
050,08,057,"Colorado","Jackson County",3,2,11,4,7
050,08,057,"Colorado","Jackson County",3,3,12,5,7
050,08,057,"Colorado","Jackson County",3,4,13,8,5
050,08,057,"Colorado","Jackson County",3,5,15,8,7
050,08,057,"Colorado","Jackson County",3,6,10,3,7
050,08,057,"Colorado","Jackson County",3,7,17,11,6
050,08,057,"Colorado","Jackson County",3,8,10,3,7
050,08,057,"Colorado","Jackson County",3,9,9,4,5
050,08,057,"Colorado","Jackson County",3,10,11,5,6
050,08,057,"Colorado","Jackson County",3,11,14,9,5
050,08,057,"Colorado","Jackson County",3,12,13,8,5
050,08,057,"Colorado","Jackson County",3,13,14,9,5
050,08,057,"Colorado","Jackson County",3,14,15,9,6
050,08,057,"Colorado","Jackson County",3,15,16,11,5
050,08,057,"Colorado","Jackson County",3,16,14,8,6
050,08,057,"Colorado","Jackson County",3,17,10,4,6
050,08,057,"Colorado","Jackson County",3,18,8,2,6
050,08,057,"Colorado","Jackson County",3,19,5,4,1
050,08,057,"Colorado","Jackson County",3,20,7,2,5
050,08,057,"Colorado","Jackson County",3,21,11,5,6
050,08,057,"Colorado","Jackson County",3,22,11,5,6
050,08,057,"Colorado","Jackson County",3,23,10,6,4
050,08,057,"Colorado","Jackson County",3,24,8,1,7
050,08,057,"Colorado","Jackson County",3,25,10,7,3
050,08,057,"Colorado","Jackson County",3,26,9,3,6
050,08,057,"Colorado","Jackson County",3,27,6,3,3
050,08,057,"Colorado","Jackson County",3,28,6,5,1
050,08,057,"Colorado","Jackson County",3,29,12,5,7
050,08,057,"Colorado","Jackson County",3,30,8,4,4
050,08,057,"Colorado","Jackson County",3,31,17,10,7
050,08,057,"Colorado","Jackson County",3,32,21,13,8
050,08,057,"Colorado","Jackson County",3,33,15,6,9
050,08,057,"Colorado","Jackson County",3,34,18,9,9
050,08,057,"Colorado","Jackson County",3,35,18,13,5
050,08,057,"Colorado","Jackson County",3,36,13,8,5
050,08,057,"Colorado","Jackson County",3,37,18,12,6
050,08,057,"Colorado","Jackson County",3,38,17,11,6
050,08,057,"Colorado","Jackson County",3,39,17,10,7
050,08,057,"Colorado","Jackson County",3,40,17,11,6
050,08,057,"Colorado","Jackson County",3,41,16,7,9
050,08,057,"Colorado","Jackson County",3,42,18,10,8
050,08,057,"Colorado","Jackson County",3,43,18,10,8
050,08,057,"Colorado","Jackson County",3,44,18,11,7
050,08,057,"Colorado","Jackson County",3,45,20,11,9
050,08,057,"Colorado","Jackson County",3,46,16,6,10
050,08,057,"Colorado","Jackson County",3,47,23,11,12
050,08,057,"Colorado","Jackson County",3,48,20,13,7
050,08,057,"Colorado","Jackson County",3,49,17,13,4
050,08,057,"Colorado","Jackson County",3,50,24,14,10
050,08,057,"Colorado","Jackson County",3,51,17,9,8
050,08,057,"Colorado","Jackson County",3,52,18,9,9
050,08,057,"Colorado","Jackson County",3,53,19,11,8
050,08,057,"Colorado","Jackson County",3,54,20,13,7
050,08,057,"Colorado","Jackson County",3,55,20,5,15
050,08,057,"Colorado","Jackson County",3,56,20,8,12
050,08,057,"Colorado","Jackson County",3,57,24,11,13
050,08,057,"Colorado","Jackson County",3,58,24,13,11
050,08,057,"Colorado","Jackson County",3,59,23,15,8
050,08,057,"Colorado","Jackson County",3,60,26,14,12
050,08,057,"Colorado","Jackson County",3,61,20,9,11
050,08,057,"Colorado","Jackson County",3,62,18,7,11
050,08,057,"Colorado","Jackson County",3,63,27,15,12
050,08,057,"Colorado","Jackson County",3,64,28,19,9
050,08,057,"Colorado","Jackson County",3,65,30,22,8
050,08,057,"Colorado","Jackson County",3,66,29,16,13
050,08,057,"Colorado","Jackson County",3,67,27,11,16
050,08,057,"Colorado","Jackson County",3,68,29,13,16
050,08,057,"Colorado","Jackson County",3,69,25,14,11
050,08,057,"Colorado","Jackson County",3,70,19,12,7
050,08,057,"Colorado","Jackson County",3,71,22,13,9
050,08,057,"Colorado","Jackson County",3,72,21,14,7
050,08,057,"Colorado","Jackson County",3,73,15,11,4
050,08,057,"Colorado","Jackson County",3,74,14,9,5
050,08,057,"Colorado","Jackson County",3,75,10,6,4
050,08,057,"Colorado","Jackson County",3,76,13,5,8
050,08,057,"Colorado","Jackson County",3,77,13,5,8
050,08,057,"Colorado","Jackson County",3,78,10,5,5
050,08,057,"Colorado","Jackson County",3,79,10,4,6
050,08,057,"Colorado","Jackson County",3,80,9,4,5
050,08,057,"Colorado","Jackson County",3,81,11,4,7
050,08,057,"Colorado","Jackson County",3,82,5,1,4
050,08,057,"Colorado","Jackson County",3,83,5,2,3
050,08,057,"Colorado","Jackson County",3,84,4,1,3
050,08,057,"Colorado","Jackson County",3,85,33,14,19
050,08,057,"Colorado","Jackson County",4,0,11,11,0
050,08,057,"Colorado","Jackson County",4,1,6,5,1
050,08,057,"Colorado","Jackson County",4,2,16,10,6
050,08,057,"Colorado","Jackson County",4,3,10,4,6
050,08,057,"Colorado","Jackson County",4,4,14,6,8
050,08,057,"Colorado","Jackson County",4,5,14,9,5
050,08,057,"Colorado","Jackson County",4,6,13,8,5
050,08,057,"Colorado","Jackson County",4,7,12,4,8
050,08,057,"Colorado","Jackson County",4,8,14,8,6
050,08,057,"Colorado","Jackson County",4,9,12,6,6
050,08,057,"Colorado","Jackson County",4,10,9,3,6
050,08,057,"Colorado","Jackson County",4,11,13,7,6
050,08,057,"Colorado","Jackson County",4,12,13,9,4
050,08,057,"Colorado","Jackson County",4,13,14,8,6
050,08,057,"Colorado","Jackson County",4,14,13,9,4
050,08,057,"Colorado","Jackson County",4,15,18,10,8
050,08,057,"Colorado","Jackson County",4,16,12,8,4
050,08,057,"Colorado","Jackson County",4,17,15,8,7
050,08,057,"Colorado","Jackson County",4,18,8,2,6
050,08,057,"Colorado","Jackson County",4,19,6,1,5
050,08,057,"Colorado","Jackson County",4,20,6,4,2
050,08,057,"Colorado","Jackson County",4,21,5,1,4
050,08,057,"Colorado","Jackson County",4,22,11,5,6
050,08,057,"Colorado","Jackson County",4,23,14,7,7
050,08,057,"Colorado","Jackson County",4,24,12,7,5
050,08,057,"Colorado","Jackson County",4,25,9,2,7
050,08,057,"Colorado","Jackson County",4,26,11,7,4
050,08,057,"Colorado","Jackson County",4,27,8,3,5
050,08,057,"Colorado","Jackson County",4,28,9,6,3
050,08,057,"Colorado","Jackson County",4,29,5,4,1
050,08,057,"Colorado","Jackson County",4,30,15,8,7
050,08,057,"Colorado","Jackson County",4,31,9,5,4
050,08,057,"Colorado","Jackson County",4,32,14,7,7
050,08,057,"Colorado","Jackson County",4,33,20,12,8
050,08,057,"Colorado","Jackson County",4,34,16,6,10
050,08,057,"Colorado","Jackson County",4,35,18,9,9
050,08,057,"Colorado","Jackson County",4,36,19,13,6
050,08,057,"Colorado","Jackson County",4,37,9,5,4
050,08,057,"Colorado","Jackson County",4,38,18,12,6
050,08,057,"Colorado","Jackson County",4,39,14,9,5
050,08,057,"Colorado","Jackson County",4,40,16,10,6
050,08,057,"Colorado","Jackson County",4,41,15,11,4
050,08,057,"Colorado","Jackson County",4,42,13,7,6
050,08,057,"Colorado","Jackson County",4,43,17,9,8
050,08,057,"Colorado","Jackson County",4,44,14,10,4
050,08,057,"Colorado","Jackson County",4,45,19,12,7
050,08,057,"Colorado","Jackson County",4,46,19,10,9
050,08,057,"Colorado","Jackson County",4,47,10,3,7
050,08,057,"Colorado","Jackson County",4,48,21,11,10
050,08,057,"Colorado","Jackson County",4,49,16,11,5
050,08,057,"Colorado","Jackson County",4,50,18,14,4
050,08,057,"Colorado","Jackson County",4,51,26,16,10
050,08,057,"Colorado","Jackson County",4,52,16,6,10
050,08,057,"Colorado","Jackson County",4,53,15,6,9
050,08,057,"Colorado","Jackson County",4,54,17,11,6
050,08,057,"Colorado","Jackson County",4,55,20,13,7
050,08,057,"Colorado","Jackson County",4,56,17,5,12
050,08,057,"Colorado","Jackson County",4,57,20,8,12
050,08,057,"Colorado","Jackson County",4,58,24,11,13
050,08,057,"Colorado","Jackson County",4,59,27,13,14
050,08,057,"Colorado","Jackson County",4,60,21,13,8
050,08,057,"Colorado","Jackson County",4,61,27,14,13
050,08,057,"Colorado","Jackson County",4,62,19,9,10
050,08,057,"Colorado","Jackson County",4,63,17,6,11
050,08,057,"Colorado","Jackson County",4,64,25,13,12
050,08,057,"Colorado","Jackson County",4,65,29,20,9
050,08,057,"Colorado","Jackson County",4,66,27,21,6
050,08,057,"Colorado","Jackson County",4,67,29,16,13
050,08,057,"Colorado","Jackson County",4,68,29,12,17
050,08,057,"Colorado","Jackson County",4,69,29,13,16
050,08,057,"Colorado","Jackson County",4,70,22,11,11
050,08,057,"Colorado","Jackson County",4,71,19,12,7
050,08,057,"Colorado","Jackson County",4,72,21,12,9
050,08,057,"Colorado","Jackson County",4,73,21,14,7
050,08,057,"Colorado","Jackson County",4,74,15,11,4
050,08,057,"Colorado","Jackson County",4,75,14,9,5
050,08,057,"Colorado","Jackson County",4,76,10,6,4
050,08,057,"Colorado","Jackson County",4,77,12,4,8
050,08,057,"Colorado","Jackson County",4,78,11,4,7
050,08,057,"Colorado","Jackson County",4,79,8,5,3
050,08,057,"Colorado","Jackson County",4,80,7,4,3
050,08,057,"Colorado","Jackson County",4,81,8,3,5
050,08,057,"Colorado","Jackson County",4,82,9,3,6
050,08,057,"Colorado","Jackson County",4,83,3,0,3
050,08,057,"Colorado","Jackson County",4,84,6,2,4
050,08,057,"Colorado","Jackson County",4,85,31,13,18
050,08,057,"Colorado","Jackson County",5,0,6,6,0
050,08,057,"Colorado","Jackson County",5,1,13,13,0
050,08,057,"Colorado","Jackson County",5,2,12,8,4
050,08,057,"Colorado","Jackson County",5,3,20,12,8
050,08,057,"Colorado","Jackson County",5,4,9,4,5
050,08,057,"Colorado","Jackson County",5,5,15,6,9
050,08,057,"Colorado","Jackson County",5,6,12,9,3
050,08,057,"Colorado","Jackson County",5,7,16,10,6
050,08,057,"Colorado","Jackson County",5,8,13,4,9
050,08,057,"Colorado","Jackson County",5,9,13,8,5
050,08,057,"Colorado","Jackson County",5,10,12,5,7
050,08,057,"Colorado","Jackson County",5,11,10,3,7
050,08,057,"Colorado","Jackson County",5,12,12,6,6
050,08,057,"Colorado","Jackson County",5,13,16,8,8
050,08,057,"Colorado","Jackson County",5,14,12,6,6
050,08,057,"Colorado","Jackson County",5,15,15,10,5
050,08,057,"Colorado","Jackson County",5,16,19,10,9
050,08,057,"Colorado","Jackson County",5,17,12,8,4
050,08,057,"Colorado","Jackson County",5,18,14,8,6
050,08,057,"Colorado","Jackson County",5,19,6,1,5
050,08,057,"Colorado","Jackson County",5,20,8,4,4
050,08,057,"Colorado","Jackson County",5,21,5,3,2
050,08,057,"Colorado","Jackson County",5,22,5,1,4
050,08,057,"Colorado","Jackson County",5,23,15,9,6
050,08,057,"Colorado","Jackson County",5,24,13,5,8
050,08,057,"Colorado","Jackson County",5,25,14,9,5
050,08,057,"Colorado","Jackson County",5,26,7,2,5
050,08,057,"Colorado","Jackson County",5,27,10,6,4
050,08,057,"Colorado","Jackson County",5,28,8,3,5
050,08,057,"Colorado","Jackson County",5,29,8,5,3
050,08,057,"Colorado","Jackson County",5,30,4,3,1
050,08,057,"Colorado","Jackson County",5,31,17,8,9
050,08,057,"Colorado","Jackson County",5,32,10,4,6
050,08,057,"Colorado","Jackson County",5,33,17,9,8
050,08,057,"Colorado","Jackson County",5,34,22,12,10
050,08,057,"Colorado","Jackson County",5,35,17,8,9
050,08,057,"Colorado","Jackson County",5,36,19,9,10
050,08,057,"Colorado","Jackson County",5,37,17,12,5
050,08,057,"Colorado","Jackson County",5,38,10,5,5
050,08,057,"Colorado","Jackson County",5,39,16,10,6
050,08,057,"Colorado","Jackson County",5,40,12,7,5
050,08,057,"Colorado","Jackson County",5,41,16,10,6
050,08,057,"Colorado","Jackson County",5,42,16,12,4
050,08,057,"Colorado","Jackson County",5,43,13,6,7
050,08,057,"Colorado","Jackson County",5,44,20,10,10
050,08,057,"Colorado","Jackson County",5,45,13,8,5
050,08,057,"Colorado","Jackson County",5,46,16,9,7
050,08,057,"Colorado","Jackson County",5,47,18,10,8
050,08,057,"Colorado","Jackson County",5,48,11,3,8
050,08,057,"Colorado","Jackson County",5,49,22,14,8
050,08,057,"Colorado","Jackson County",5,50,16,11,5
050,08,057,"Colorado","Jackson County",5,51,18,14,4
050,08,057,"Colorado","Jackson County",5,52,23,14,9
050,08,057,"Colorado","Jackson County",5,53,15,5,10
050,08,057,"Colorado","Jackson County",5,54,13,6,7
050,08,057,"Colorado","Jackson County",5,55,19,13,6
050,08,057,"Colorado","Jackson County",5,56,18,11,7
050,08,057,"Colorado","Jackson County",5,57,18,6,12
050,08,057,"Colorado","Jackson County",5,58,20,8,12
050,08,057,"Colorado","Jackson County",5,59,22,11,11
050,08,057,"Colorado","Jackson County",5,60,24,10,14
050,08,057,"Colorado","Jackson County",5,61,25,16,9
050,08,057,"Colorado","Jackson County",5,62,27,14,13
050,08,057,"Colorado","Jackson County",5,63,19,9,10
050,08,057,"Colorado","Jackson County",5,64,17,6,11
050,08,057,"Colorado","Jackson County",5,65,23,11,12
050,08,057,"Colorado","Jackson County",5,66,27,18,9
050,08,057,"Colorado","Jackson County",5,67,29,23,6
050,08,057,"Colorado","Jackson County",5,68,28,17,11
050,08,057,"Colorado","Jackson County",5,69,26,11,15
050,08,057,"Colorado","Jackson County",5,70,29,13,16
050,08,057,"Colorado","Jackson County",5,71,23,12,11
050,08,057,"Colorado","Jackson County",5,72,19,12,7
050,08,057,"Colorado","Jackson County",5,73,19,10,9
050,08,057,"Colorado","Jackson County",5,74,20,13,7
050,08,057,"Colorado","Jackson County",5,75,14,10,4
050,08,057,"Colorado","Jackson County",5,76,12,8,4
050,08,057,"Colorado","Jackson County",5,77,9,4,5
050,08,057,"Colorado","Jackson County",5,78,9,3,6
050,08,057,"Colorado","Jackson County",5,79,11,4,7
050,08,057,"Colorado","Jackson County",5,80,7,5,2
050,08,057,"Colorado","Jackson County",5,81,7,4,3
050,08,057,"Colorado","Jackson County",5,82,7,3,4
050,08,057,"Colorado","Jackson County",5,83,8,3,5
050,08,057,"Colorado","Jackson County",5,84,3,0,3
050,08,057,"Colorado","Jackson County",5,85,29,12,17
050,08,059,"Colorado","Jefferson County",1,0,5632,2879,2753
050,08,059,"Colorado","Jefferson County",1,1,5574,2845,2729
050,08,059,"Colorado","Jefferson County",1,2,5585,2855,2730
050,08,059,"Colorado","Jefferson County",1,3,5922,3077,2845
050,08,059,"Colorado","Jefferson County",1,4,5949,3061,2888
050,08,059,"Colorado","Jefferson County",1,5,6084,3064,3020
050,08,059,"Colorado","Jefferson County",1,6,6082,3114,2968
050,08,059,"Colorado","Jefferson County",1,7,5930,3009,2921
050,08,059,"Colorado","Jefferson County",1,8,6143,3173,2970
050,08,059,"Colorado","Jefferson County",1,9,6210,3194,3016
050,08,059,"Colorado","Jefferson County",1,10,6426,3280,3146
050,08,059,"Colorado","Jefferson County",1,11,6638,3378,3260
050,08,059,"Colorado","Jefferson County",1,12,6754,3468,3286
050,08,059,"Colorado","Jefferson County",1,13,6861,3507,3354
050,08,059,"Colorado","Jefferson County",1,14,6779,3495,3284
050,08,059,"Colorado","Jefferson County",1,15,6790,3477,3313
050,08,059,"Colorado","Jefferson County",1,16,6879,3462,3417
050,08,059,"Colorado","Jefferson County",1,17,6870,3553,3317
050,08,059,"Colorado","Jefferson County",1,18,6460,3470,2990
050,08,059,"Colorado","Jefferson County",1,19,6054,3346,2708
050,08,059,"Colorado","Jefferson County",1,20,5661,2986,2675
050,08,059,"Colorado","Jefferson County",1,21,5786,3045,2741
050,08,059,"Colorado","Jefferson County",1,22,6028,3113,2915
050,08,059,"Colorado","Jefferson County",1,23,6572,3404,3168
050,08,059,"Colorado","Jefferson County",1,24,6925,3635,3290
050,08,059,"Colorado","Jefferson County",1,25,7424,3867,3557
050,08,059,"Colorado","Jefferson County",1,26,8005,4183,3822
050,08,059,"Colorado","Jefferson County",1,27,8378,4324,4054
050,08,059,"Colorado","Jefferson County",1,28,8687,4537,4150
050,08,059,"Colorado","Jefferson County",1,29,9327,4860,4467
050,08,059,"Colorado","Jefferson County",1,30,9244,4788,4456
050,08,059,"Colorado","Jefferson County",1,31,9242,4849,4393
050,08,059,"Colorado","Jefferson County",1,32,9217,4834,4383
050,08,059,"Colorado","Jefferson County",1,33,9364,4914,4450
050,08,059,"Colorado","Jefferson County",1,34,9410,4945,4465
050,08,059,"Colorado","Jefferson County",1,35,9248,4852,4396
050,08,059,"Colorado","Jefferson County",1,36,9047,4668,4379
050,08,059,"Colorado","Jefferson County",1,37,9008,4687,4321
050,08,059,"Colorado","Jefferson County",1,38,8895,4657,4238
050,08,059,"Colorado","Jefferson County",1,39,8790,4559,4231
050,08,059,"Colorado","Jefferson County",1,40,8462,4320,4142
050,08,059,"Colorado","Jefferson County",1,41,8014,4144,3870
050,08,059,"Colorado","Jefferson County",1,42,7814,4006,3808
050,08,059,"Colorado","Jefferson County",1,43,7499,3809,3690
050,08,059,"Colorado","Jefferson County",1,44,7256,3756,3500
050,08,059,"Colorado","Jefferson County",1,45,7161,3710,3451
050,08,059,"Colorado","Jefferson County",1,46,7027,3612,3415
050,08,059,"Colorado","Jefferson County",1,47,6970,3553,3417
050,08,059,"Colorado","Jefferson County",1,48,7463,3877,3586
050,08,059,"Colorado","Jefferson County",1,49,8159,4189,3970
050,08,059,"Colorado","Jefferson County",1,50,7756,3947,3809
050,08,059,"Colorado","Jefferson County",1,51,7549,3816,3733
050,08,059,"Colorado","Jefferson County",1,52,7106,3570,3536
050,08,059,"Colorado","Jefferson County",1,53,7168,3587,3581
050,08,059,"Colorado","Jefferson County",1,54,7356,3614,3742
050,08,059,"Colorado","Jefferson County",1,55,7890,3829,4061
050,08,059,"Colorado","Jefferson County",1,56,8142,3961,4181
050,08,059,"Colorado","Jefferson County",1,57,8284,4022,4262
050,08,059,"Colorado","Jefferson County",1,58,8633,4228,4405
050,08,059,"Colorado","Jefferson County",1,59,8651,4148,4503
050,08,059,"Colorado","Jefferson County",1,60,8504,4121,4383
050,08,059,"Colorado","Jefferson County",1,61,8325,4055,4270
050,08,059,"Colorado","Jefferson County",1,62,8281,4091,4190
050,08,059,"Colorado","Jefferson County",1,63,7924,3952,3972
050,08,059,"Colorado","Jefferson County",1,64,7579,3773,3806
050,08,059,"Colorado","Jefferson County",1,65,7433,3602,3831
050,08,059,"Colorado","Jefferson County",1,66,7200,3466,3734
050,08,059,"Colorado","Jefferson County",1,67,6969,3353,3616
050,08,059,"Colorado","Jefferson County",1,68,6706,3239,3467
050,08,059,"Colorado","Jefferson County",1,69,6103,2902,3201
050,08,059,"Colorado","Jefferson County",1,70,5863,2792,3071
050,08,059,"Colorado","Jefferson County",1,71,5664,2692,2972
050,08,059,"Colorado","Jefferson County",1,72,5632,2684,2948
050,08,059,"Colorado","Jefferson County",1,73,5651,2746,2905
050,08,059,"Colorado","Jefferson County",1,74,3969,1882,2087
050,08,059,"Colorado","Jefferson County",1,75,3759,1746,2013
050,08,059,"Colorado","Jefferson County",1,76,3655,1635,2020
050,08,059,"Colorado","Jefferson County",1,77,3523,1577,1946
050,08,059,"Colorado","Jefferson County",1,78,3052,1349,1703
050,08,059,"Colorado","Jefferson County",1,79,2690,1181,1509
050,08,059,"Colorado","Jefferson County",1,80,2448,1044,1404
050,08,059,"Colorado","Jefferson County",1,81,2330,997,1333
050,08,059,"Colorado","Jefferson County",1,82,2074,885,1189
050,08,059,"Colorado","Jefferson County",1,83,1842,786,1056
050,08,059,"Colorado","Jefferson County",1,84,1679,720,959
050,08,059,"Colorado","Jefferson County",1,85,9791,3530,6261
050,08,059,"Colorado","Jefferson County",2,0,5675,2918,2757
050,08,059,"Colorado","Jefferson County",2,1,5564,2852,2712
050,08,059,"Colorado","Jefferson County",2,2,5581,2859,2722
050,08,059,"Colorado","Jefferson County",2,3,5802,3008,2794
050,08,059,"Colorado","Jefferson County",2,4,5956,3074,2882
050,08,059,"Colorado","Jefferson County",2,5,6060,3072,2988
050,08,059,"Colorado","Jefferson County",2,6,6078,3099,2979
050,08,059,"Colorado","Jefferson County",2,7,5958,3028,2930
050,08,059,"Colorado","Jefferson County",2,8,6073,3121,2952
050,08,059,"Colorado","Jefferson County",2,9,6176,3181,2995
050,08,059,"Colorado","Jefferson County",2,10,6345,3244,3101
050,08,059,"Colorado","Jefferson County",2,11,6539,3333,3206
050,08,059,"Colorado","Jefferson County",2,12,6747,3455,3292
050,08,059,"Colorado","Jefferson County",2,13,6818,3491,3327
050,08,059,"Colorado","Jefferson County",2,14,6778,3482,3296
050,08,059,"Colorado","Jefferson County",2,15,6774,3467,3307
050,08,059,"Colorado","Jefferson County",2,16,6853,3470,3383
050,08,059,"Colorado","Jefferson County",2,17,6859,3523,3336
050,08,059,"Colorado","Jefferson County",2,18,6461,3472,2989
050,08,059,"Colorado","Jefferson County",2,19,6068,3348,2720
050,08,059,"Colorado","Jefferson County",2,20,5701,3011,2690
050,08,059,"Colorado","Jefferson County",2,21,5778,3039,2739
050,08,059,"Colorado","Jefferson County",2,22,6085,3143,2942
050,08,059,"Colorado","Jefferson County",2,23,6574,3400,3174
050,08,059,"Colorado","Jefferson County",2,24,6952,3633,3319
050,08,059,"Colorado","Jefferson County",2,25,7406,3867,3539
050,08,059,"Colorado","Jefferson County",2,26,7985,4178,3807
050,08,059,"Colorado","Jefferson County",2,27,8360,4339,4021
050,08,059,"Colorado","Jefferson County",2,28,8734,4552,4182
050,08,059,"Colorado","Jefferson County",2,29,9264,4818,4446
050,08,059,"Colorado","Jefferson County",2,30,9391,4870,4521
050,08,059,"Colorado","Jefferson County",2,31,9267,4851,4416
050,08,059,"Colorado","Jefferson County",2,32,9264,4852,4412
050,08,059,"Colorado","Jefferson County",2,33,9373,4919,4454
050,08,059,"Colorado","Jefferson County",2,34,9429,4954,4475
050,08,059,"Colorado","Jefferson County",2,35,9370,4916,4454
050,08,059,"Colorado","Jefferson County",2,36,9041,4680,4361
050,08,059,"Colorado","Jefferson County",2,37,9032,4686,4346
050,08,059,"Colorado","Jefferson County",2,38,8961,4684,4277
050,08,059,"Colorado","Jefferson County",2,39,8789,4566,4223
050,08,059,"Colorado","Jefferson County",2,40,8582,4398,4184
050,08,059,"Colorado","Jefferson County",2,41,8100,4169,3931
050,08,059,"Colorado","Jefferson County",2,42,7813,4008,3805
050,08,059,"Colorado","Jefferson County",2,43,7627,3881,3746
050,08,059,"Colorado","Jefferson County",2,44,7250,3741,3509
050,08,059,"Colorado","Jefferson County",2,45,7205,3733,3472
050,08,059,"Colorado","Jefferson County",2,46,7025,3614,3411
050,08,059,"Colorado","Jefferson County",2,47,6965,3563,3402
050,08,059,"Colorado","Jefferson County",2,48,7314,3782,3532
050,08,059,"Colorado","Jefferson County",2,49,8002,4122,3880
050,08,059,"Colorado","Jefferson County",2,50,7842,3994,3848
050,08,059,"Colorado","Jefferson County",2,51,7551,3823,3728
050,08,059,"Colorado","Jefferson County",2,52,7163,3605,3558
050,08,059,"Colorado","Jefferson County",2,53,7134,3569,3565
050,08,059,"Colorado","Jefferson County",2,54,7269,3589,3680
050,08,059,"Colorado","Jefferson County",2,55,7731,3766,3965
050,08,059,"Colorado","Jefferson County",2,56,8072,3926,4146
050,08,059,"Colorado","Jefferson County",2,57,8230,3996,4234
050,08,059,"Colorado","Jefferson County",2,58,8487,4140,4347
050,08,059,"Colorado","Jefferson County",2,59,8642,4165,4477
050,08,059,"Colorado","Jefferson County",2,60,8490,4098,4392
050,08,059,"Colorado","Jefferson County",2,61,8312,4041,4271
050,08,059,"Colorado","Jefferson County",2,62,8226,4046,4180
050,08,059,"Colorado","Jefferson County",2,63,8023,3987,4036
050,08,059,"Colorado","Jefferson County",2,64,7575,3767,3808
050,08,059,"Colorado","Jefferson County",2,65,7405,3608,3797
050,08,059,"Colorado","Jefferson County",2,66,7223,3485,3738
050,08,059,"Colorado","Jefferson County",2,67,6946,3329,3617
050,08,059,"Colorado","Jefferson County",2,68,6678,3218,3460
050,08,059,"Colorado","Jefferson County",2,69,6259,2987,3272
050,08,059,"Colorado","Jefferson County",2,70,5866,2792,3074
050,08,059,"Colorado","Jefferson County",2,71,5677,2693,2984
050,08,059,"Colorado","Jefferson County",2,72,5513,2623,2890
050,08,059,"Colorado","Jefferson County",2,73,5872,2843,3029
050,08,059,"Colorado","Jefferson County",2,74,4091,1954,2137
050,08,059,"Colorado","Jefferson County",2,75,3786,1762,2024
050,08,059,"Colorado","Jefferson County",2,76,3625,1630,1995
050,08,059,"Colorado","Jefferson County",2,77,3586,1601,1985
050,08,059,"Colorado","Jefferson County",2,78,3088,1368,1720
050,08,059,"Colorado","Jefferson County",2,79,2731,1196,1535
050,08,059,"Colorado","Jefferson County",2,80,2470,1061,1409
050,08,059,"Colorado","Jefferson County",2,81,2310,990,1320
050,08,059,"Colorado","Jefferson County",2,82,2107,883,1224
050,08,059,"Colorado","Jefferson County",2,83,1853,786,1067
050,08,059,"Colorado","Jefferson County",2,84,1685,720,965
050,08,059,"Colorado","Jefferson County",2,85,9759,3534,6225
050,08,059,"Colorado","Jefferson County",3,0,5386,2780,2606
050,08,059,"Colorado","Jefferson County",3,1,5550,2831,2719
050,08,059,"Colorado","Jefferson County",3,2,5420,2756,2664
050,08,059,"Colorado","Jefferson County",3,3,5502,2811,2691
050,08,059,"Colorado","Jefferson County",3,4,5782,3015,2767
050,08,059,"Colorado","Jefferson County",3,5,5833,3011,2822
050,08,059,"Colorado","Jefferson County",3,6,5943,2983,2960
050,08,059,"Colorado","Jefferson County",3,7,6022,3051,2971
050,08,059,"Colorado","Jefferson County",3,8,5894,2983,2911
050,08,059,"Colorado","Jefferson County",3,9,6014,3085,2929
050,08,059,"Colorado","Jefferson County",3,10,6071,3159,2912
050,08,059,"Colorado","Jefferson County",3,11,6275,3214,3061
050,08,059,"Colorado","Jefferson County",3,12,6424,3258,3166
050,08,059,"Colorado","Jefferson County",3,13,6606,3392,3214
050,08,059,"Colorado","Jefferson County",3,14,6753,3513,3240
050,08,059,"Colorado","Jefferson County",3,15,6685,3425,3260
050,08,059,"Colorado","Jefferson County",3,16,6729,3454,3275
050,08,059,"Colorado","Jefferson County",3,17,6786,3464,3322
050,08,059,"Colorado","Jefferson County",3,18,6693,3571,3122
050,08,059,"Colorado","Jefferson County",3,19,6183,3402,2781
050,08,059,"Colorado","Jefferson County",3,20,5594,2961,2633
050,08,059,"Colorado","Jefferson County",3,21,5832,3031,2801
050,08,059,"Colorado","Jefferson County",3,22,6018,3139,2879
050,08,059,"Colorado","Jefferson County",3,23,6420,3352,3068
050,08,059,"Colorado","Jefferson County",3,24,6862,3577,3285
050,08,059,"Colorado","Jefferson County",3,25,7191,3764,3427
050,08,059,"Colorado","Jefferson County",3,26,7740,4111,3629
050,08,059,"Colorado","Jefferson County",3,27,8192,4252,3940
050,08,059,"Colorado","Jefferson County",3,28,8546,4472,4074
050,08,059,"Colorado","Jefferson County",3,29,8940,4660,4280
050,08,059,"Colorado","Jefferson County",3,30,9601,5006,4595
050,08,059,"Colorado","Jefferson County",3,31,9691,5035,4656
050,08,059,"Colorado","Jefferson County",3,32,9507,4953,4554
050,08,059,"Colorado","Jefferson County",3,33,9452,4967,4485
050,08,059,"Colorado","Jefferson County",3,34,9449,4983,4466
050,08,059,"Colorado","Jefferson County",3,35,9538,5027,4511
050,08,059,"Colorado","Jefferson County",3,36,9276,4813,4463
050,08,059,"Colorado","Jefferson County",3,37,9001,4647,4354
050,08,059,"Colorado","Jefferson County",3,38,8931,4623,4308
050,08,059,"Colorado","Jefferson County",3,39,8975,4710,4265
050,08,059,"Colorado","Jefferson County",3,40,8744,4520,4224
050,08,059,"Colorado","Jefferson County",3,41,8481,4359,4122
050,08,059,"Colorado","Jefferson County",3,42,8022,4100,3922
050,08,059,"Colorado","Jefferson County",3,43,7760,3971,3789
050,08,059,"Colorado","Jefferson County",3,44,7506,3823,3683
050,08,059,"Colorado","Jefferson County",3,45,7192,3725,3467
050,08,059,"Colorado","Jefferson County",3,46,7203,3686,3517
050,08,059,"Colorado","Jefferson County",3,47,6975,3612,3363
050,08,059,"Colorado","Jefferson County",3,48,6822,3484,3338
050,08,059,"Colorado","Jefferson County",3,49,7236,3741,3495
050,08,059,"Colorado","Jefferson County",3,50,7847,4042,3805
050,08,059,"Colorado","Jefferson County",3,51,7767,3968,3799
050,08,059,"Colorado","Jefferson County",3,52,7408,3723,3685
050,08,059,"Colorado","Jefferson County",3,53,6998,3533,3465
050,08,059,"Colorado","Jefferson County",3,54,6984,3507,3477
050,08,059,"Colorado","Jefferson County",3,55,7137,3515,3622
050,08,059,"Colorado","Jefferson County",3,56,7604,3704,3900
050,08,059,"Colorado","Jefferson County",3,57,7910,3844,4066
050,08,059,"Colorado","Jefferson County",3,58,8003,3889,4114
050,08,059,"Colorado","Jefferson County",3,59,8317,4046,4271
050,08,059,"Colorado","Jefferson County",3,60,8387,4027,4360
050,08,059,"Colorado","Jefferson County",3,61,8267,3963,4304
050,08,059,"Colorado","Jefferson County",3,62,8113,3939,4174
050,08,059,"Colorado","Jefferson County",3,63,7954,3926,4028
050,08,059,"Colorado","Jefferson County",3,64,7823,3913,3910
050,08,059,"Colorado","Jefferson County",3,65,7392,3692,3700
050,08,059,"Colorado","Jefferson County",3,66,7216,3504,3712
050,08,059,"Colorado","Jefferson County",3,67,6994,3336,3658
050,08,059,"Colorado","Jefferson County",3,68,6742,3213,3529
050,08,059,"Colorado","Jefferson County",3,69,6509,3127,3382
050,08,059,"Colorado","Jefferson County",3,70,6085,2899,3186
050,08,059,"Colorado","Jefferson County",3,71,5670,2680,2990
050,08,059,"Colorado","Jefferson County",3,72,5500,2585,2915
050,08,059,"Colorado","Jefferson County",3,73,5378,2564,2814
050,08,059,"Colorado","Jefferson County",3,74,5733,2773,2960
050,08,059,"Colorado","Jefferson County",3,75,3885,1842,2043
050,08,059,"Colorado","Jefferson County",3,76,3677,1687,1990
050,08,059,"Colorado","Jefferson County",3,77,3461,1548,1913
050,08,059,"Colorado","Jefferson County",3,78,3438,1519,1919
050,08,059,"Colorado","Jefferson County",3,79,2936,1267,1669
050,08,059,"Colorado","Jefferson County",3,80,2598,1121,1477
050,08,059,"Colorado","Jefferson County",3,81,2297,964,1333
050,08,059,"Colorado","Jefferson County",3,82,2163,890,1273
050,08,059,"Colorado","Jefferson County",3,83,1964,804,1160
050,08,059,"Colorado","Jefferson County",3,84,1698,723,975
050,08,059,"Colorado","Jefferson County",3,85,9600,3534,6066
050,08,059,"Colorado","Jefferson County",4,0,5456,2844,2612
050,08,059,"Colorado","Jefferson County",4,1,5146,2617,2529
050,08,059,"Colorado","Jefferson County",4,2,5299,2734,2565
050,08,059,"Colorado","Jefferson County",4,3,5273,2704,2569
050,08,059,"Colorado","Jefferson County",4,4,5410,2768,2642
050,08,059,"Colorado","Jefferson County",4,5,5583,2890,2693
050,08,059,"Colorado","Jefferson County",4,6,5710,2960,2750
050,08,059,"Colorado","Jefferson County",4,7,5778,2909,2869
050,08,059,"Colorado","Jefferson County",4,8,5886,2995,2891
050,08,059,"Colorado","Jefferson County",4,9,5794,2947,2847
050,08,059,"Colorado","Jefferson County",4,10,5872,3011,2861
050,08,059,"Colorado","Jefferson County",4,11,5966,3113,2853
050,08,059,"Colorado","Jefferson County",4,12,6151,3158,2993
050,08,059,"Colorado","Jefferson County",4,13,6315,3207,3108
050,08,059,"Colorado","Jefferson County",4,14,6495,3320,3175
050,08,059,"Colorado","Jefferson County",4,15,6660,3454,3206
050,08,059,"Colorado","Jefferson County",4,16,6626,3371,3255
050,08,059,"Colorado","Jefferson County",4,17,6672,3445,3227
050,08,059,"Colorado","Jefferson County",4,18,6608,3515,3093
050,08,059,"Colorado","Jefferson County",4,19,6241,3442,2799
050,08,059,"Colorado","Jefferson County",4,20,5415,2838,2577
050,08,059,"Colorado","Jefferson County",4,21,5511,2900,2611
050,08,059,"Colorado","Jefferson County",4,22,6044,3132,2912
050,08,059,"Colorado","Jefferson County",4,23,6311,3243,3068
050,08,059,"Colorado","Jefferson County",4,24,6758,3542,3216
050,08,059,"Colorado","Jefferson County",4,25,7173,3770,3403
050,08,059,"Colorado","Jefferson County",4,26,7485,4003,3482
050,08,059,"Colorado","Jefferson County",4,27,7990,4228,3762
050,08,059,"Colorado","Jefferson County",4,28,8459,4432,4027
050,08,059,"Colorado","Jefferson County",4,29,8890,4616,4274
050,08,059,"Colorado","Jefferson County",4,30,9291,4835,4456
050,08,059,"Colorado","Jefferson County",4,31,9860,5135,4725
050,08,059,"Colorado","Jefferson County",4,32,9929,5147,4782
050,08,059,"Colorado","Jefferson County",4,33,9638,5035,4603
050,08,059,"Colorado","Jefferson County",4,34,9602,5000,4602
050,08,059,"Colorado","Jefferson County",4,35,9447,4984,4463
050,08,059,"Colorado","Jefferson County",4,36,9524,5032,4492
050,08,059,"Colorado","Jefferson County",4,37,9289,4802,4487
050,08,059,"Colorado","Jefferson County",4,38,8857,4545,4312
050,08,059,"Colorado","Jefferson County",4,39,8927,4630,4297
050,08,059,"Colorado","Jefferson County",4,40,8905,4664,4241
050,08,059,"Colorado","Jefferson County",4,41,8640,4493,4147
050,08,059,"Colorado","Jefferson County",4,42,8363,4288,4075
050,08,059,"Colorado","Jefferson County",4,43,7936,4063,3873
050,08,059,"Colorado","Jefferson County",4,44,7635,3902,3733
050,08,059,"Colorado","Jefferson County",4,45,7410,3784,3626
050,08,059,"Colorado","Jefferson County",4,46,7075,3679,3396
050,08,059,"Colorado","Jefferson County",4,47,7089,3633,3456
050,08,059,"Colorado","Jefferson County",4,48,6848,3517,3331
050,08,059,"Colorado","Jefferson County",4,49,6694,3401,3293
050,08,059,"Colorado","Jefferson County",4,50,7076,3653,3423
050,08,059,"Colorado","Jefferson County",4,51,7713,3975,3738
050,08,059,"Colorado","Jefferson County",4,52,7582,3841,3741
050,08,059,"Colorado","Jefferson County",4,53,7290,3674,3616
050,08,059,"Colorado","Jefferson County",4,54,6846,3475,3371
050,08,059,"Colorado","Jefferson County",4,55,6776,3372,3404
050,08,059,"Colorado","Jefferson County",4,56,6920,3436,3484
050,08,059,"Colorado","Jefferson County",4,57,7352,3608,3744
050,08,059,"Colorado","Jefferson County",4,58,7654,3719,3935
050,08,059,"Colorado","Jefferson County",4,59,7807,3766,4041
050,08,059,"Colorado","Jefferson County",4,60,8037,3924,4113
050,08,059,"Colorado","Jefferson County",4,61,8120,3874,4246
050,08,059,"Colorado","Jefferson County",4,62,8038,3851,4187
050,08,059,"Colorado","Jefferson County",4,63,7892,3828,4064
050,08,059,"Colorado","Jefferson County",4,64,7679,3767,3912
050,08,059,"Colorado","Jefferson County",4,65,7485,3733,3752
050,08,059,"Colorado","Jefferson County",4,66,7160,3555,3605
050,08,059,"Colorado","Jefferson County",4,67,6928,3342,3586
050,08,059,"Colorado","Jefferson County",4,68,6795,3227,3568
050,08,059,"Colorado","Jefferson County",4,69,6543,3100,3443
050,08,059,"Colorado","Jefferson County",4,70,6304,2999,3305
050,08,059,"Colorado","Jefferson County",4,71,5888,2790,3098
050,08,059,"Colorado","Jefferson County",4,72,5503,2578,2925
050,08,059,"Colorado","Jefferson County",4,73,5304,2485,2819
050,08,059,"Colorado","Jefferson County",4,74,5212,2471,2741
050,08,059,"Colorado","Jefferson County",4,75,5464,2606,2858
050,08,059,"Colorado","Jefferson County",4,76,3763,1750,2013
050,08,059,"Colorado","Jefferson County",4,77,3482,1606,1876
050,08,059,"Colorado","Jefferson County",4,78,3305,1470,1835
050,08,059,"Colorado","Jefferson County",4,79,3267,1430,1837
050,08,059,"Colorado","Jefferson County",4,80,2776,1201,1575
050,08,059,"Colorado","Jefferson County",4,81,2408,1024,1384
050,08,059,"Colorado","Jefferson County",4,82,2143,873,1270
050,08,059,"Colorado","Jefferson County",4,83,2013,821,1192
050,08,059,"Colorado","Jefferson County",4,84,1777,706,1071
050,08,059,"Colorado","Jefferson County",4,85,9573,3512,6061
050,08,059,"Colorado","Jefferson County",5,0,5478,2855,2623
050,08,059,"Colorado","Jefferson County",5,1,5216,2682,2534
050,08,059,"Colorado","Jefferson County",5,2,5024,2591,2433
050,08,059,"Colorado","Jefferson County",5,3,5255,2716,2539
050,08,059,"Colorado","Jefferson County",5,4,5238,2678,2560
050,08,059,"Colorado","Jefferson County",5,5,5398,2758,2640
050,08,059,"Colorado","Jefferson County",5,6,5571,2885,2686
050,08,059,"Colorado","Jefferson County",5,7,5703,2953,2750
050,08,059,"Colorado","Jefferson County",5,8,5756,2886,2870
050,08,059,"Colorado","Jefferson County",5,9,5826,2944,2882
050,08,059,"Colorado","Jefferson County",5,10,5709,2883,2826
050,08,059,"Colorado","Jefferson County",5,11,5820,2984,2836
050,08,059,"Colorado","Jefferson County",5,12,5969,3100,2869
050,08,059,"Colorado","Jefferson County",5,13,6046,3115,2931
050,08,059,"Colorado","Jefferson County",5,14,6251,3167,3084
050,08,059,"Colorado","Jefferson County",5,15,6386,3270,3116
050,08,059,"Colorado","Jefferson County",5,16,6652,3411,3241
050,08,059,"Colorado","Jefferson County",5,17,6554,3352,3202
050,08,059,"Colorado","Jefferson County",5,18,6504,3523,2981
050,08,059,"Colorado","Jefferson County",5,19,6151,3395,2756
050,08,059,"Colorado","Jefferson County",5,20,5536,2902,2634
050,08,059,"Colorado","Jefferson County",5,21,5542,2870,2672
050,08,059,"Colorado","Jefferson County",5,22,5818,3012,2806
050,08,059,"Colorado","Jefferson County",5,23,6428,3291,3137
050,08,059,"Colorado","Jefferson County",5,24,6755,3516,3239
050,08,059,"Colorado","Jefferson County",5,25,7090,3747,3343
050,08,059,"Colorado","Jefferson County",5,26,7712,4060,3652
050,08,059,"Colorado","Jefferson County",5,27,8104,4267,3837
050,08,059,"Colorado","Jefferson County",5,28,8600,4531,4069
050,08,059,"Colorado","Jefferson County",5,29,8979,4720,4259
050,08,059,"Colorado","Jefferson County",5,30,9275,4827,4448
050,08,059,"Colorado","Jefferson County",5,31,9762,5105,4657
050,08,059,"Colorado","Jefferson County",5,32,10190,5299,4891
050,08,059,"Colorado","Jefferson County",5,33,10097,5241,4856
050,08,059,"Colorado","Jefferson County",5,34,9783,5147,4636
050,08,059,"Colorado","Jefferson County",5,35,9771,5123,4648
050,08,059,"Colorado","Jefferson County",5,36,9466,5023,4443
050,08,059,"Colorado","Jefferson County",5,37,9458,4963,4495
050,08,059,"Colorado","Jefferson County",5,38,9240,4839,4401
050,08,059,"Colorado","Jefferson County",5,39,8791,4471,4320
050,08,059,"Colorado","Jefferson County",5,40,8932,4597,4335
050,08,059,"Colorado","Jefferson County",5,41,8886,4627,4259
050,08,059,"Colorado","Jefferson County",5,42,8497,4408,4089
050,08,059,"Colorado","Jefferson County",5,43,8295,4264,4031
050,08,059,"Colorado","Jefferson County",5,44,7830,3981,3849
050,08,059,"Colorado","Jefferson County",5,45,7511,3826,3685
050,08,059,"Colorado","Jefferson County",5,46,7324,3717,3607
050,08,059,"Colorado","Jefferson County",5,47,7037,3667,3370
050,08,059,"Colorado","Jefferson County",5,48,6980,3577,3403
050,08,059,"Colorado","Jefferson County",5,49,6774,3514,3260
050,08,059,"Colorado","Jefferson County",5,50,6613,3342,3271
050,08,059,"Colorado","Jefferson County",5,51,6988,3600,3388
050,08,059,"Colorado","Jefferson County",5,52,7494,3881,3613
050,08,059,"Colorado","Jefferson County",5,53,7432,3788,3644
050,08,059,"Colorado","Jefferson County",5,54,7142,3590,3552
050,08,059,"Colorado","Jefferson County",5,55,6721,3397,3324
050,08,059,"Colorado","Jefferson County",5,56,6757,3358,3399
050,08,059,"Colorado","Jefferson County",5,57,6820,3372,3448
050,08,059,"Colorado","Jefferson County",5,58,7168,3504,3664
050,08,059,"Colorado","Jefferson County",5,59,7489,3633,3856
050,08,059,"Colorado","Jefferson County",5,60,7588,3660,3928
050,08,059,"Colorado","Jefferson County",5,61,7808,3783,4025
050,08,059,"Colorado","Jefferson County",5,62,7911,3766,4145
050,08,059,"Colorado","Jefferson County",5,63,7837,3743,4094
050,08,059,"Colorado","Jefferson County",5,64,7687,3736,3951
050,08,059,"Colorado","Jefferson County",5,65,7487,3663,3824
050,08,059,"Colorado","Jefferson County",5,66,7309,3634,3675
050,08,059,"Colorado","Jefferson County",5,67,6964,3445,3519
050,08,059,"Colorado","Jefferson County",5,68,6734,3225,3509
050,08,059,"Colorado","Jefferson County",5,69,6617,3130,3487
050,08,059,"Colorado","Jefferson County",5,70,6387,3018,3369
050,08,059,"Colorado","Jefferson County",5,71,6190,2925,3265
050,08,059,"Colorado","Jefferson County",5,72,5733,2703,3030
050,08,059,"Colorado","Jefferson County",5,73,5329,2491,2838
050,08,059,"Colorado","Jefferson County",5,74,5178,2403,2775
050,08,059,"Colorado","Jefferson County",5,75,5001,2342,2659
050,08,059,"Colorado","Jefferson County",5,76,5314,2503,2811
050,08,059,"Colorado","Jefferson County",5,77,3598,1674,1924
050,08,059,"Colorado","Jefferson County",5,78,3352,1533,1819
050,08,059,"Colorado","Jefferson County",5,79,3169,1395,1774
050,08,059,"Colorado","Jefferson County",5,80,3099,1349,1750
050,08,059,"Colorado","Jefferson County",5,81,2590,1110,1480
050,08,059,"Colorado","Jefferson County",5,82,2253,950,1303
050,08,059,"Colorado","Jefferson County",5,83,2034,814,1220
050,08,059,"Colorado","Jefferson County",5,84,1835,736,1099
050,08,059,"Colorado","Jefferson County",5,85,9768,3584,6184
050,08,061,"Colorado","Kiowa County",1,0,18,9,9
050,08,061,"Colorado","Kiowa County",1,1,19,8,11
050,08,061,"Colorado","Kiowa County",1,2,18,10,8
050,08,061,"Colorado","Kiowa County",1,3,25,12,13
050,08,061,"Colorado","Kiowa County",1,4,31,16,15
050,08,061,"Colorado","Kiowa County",1,5,24,15,9
050,08,061,"Colorado","Kiowa County",1,6,25,16,9
050,08,061,"Colorado","Kiowa County",1,7,13,9,4
050,08,061,"Colorado","Kiowa County",1,8,14,8,6
050,08,061,"Colorado","Kiowa County",1,9,18,9,9
050,08,061,"Colorado","Kiowa County",1,10,18,8,10
050,08,061,"Colorado","Kiowa County",1,11,20,9,11
050,08,061,"Colorado","Kiowa County",1,12,13,5,8
050,08,061,"Colorado","Kiowa County",1,13,13,6,7
050,08,061,"Colorado","Kiowa County",1,14,15,6,9
050,08,061,"Colorado","Kiowa County",1,15,18,9,9
050,08,061,"Colorado","Kiowa County",1,16,17,12,5
050,08,061,"Colorado","Kiowa County",1,17,20,11,9
050,08,061,"Colorado","Kiowa County",1,18,16,7,9
050,08,061,"Colorado","Kiowa County",1,19,8,3,5
050,08,061,"Colorado","Kiowa County",1,20,10,5,5
050,08,061,"Colorado","Kiowa County",1,21,10,8,2
050,08,061,"Colorado","Kiowa County",1,22,13,10,3
050,08,061,"Colorado","Kiowa County",1,23,15,7,8
050,08,061,"Colorado","Kiowa County",1,24,16,4,12
050,08,061,"Colorado","Kiowa County",1,25,17,9,8
050,08,061,"Colorado","Kiowa County",1,26,16,8,8
050,08,061,"Colorado","Kiowa County",1,27,15,6,9
050,08,061,"Colorado","Kiowa County",1,28,19,10,9
050,08,061,"Colorado","Kiowa County",1,29,15,3,12
050,08,061,"Colorado","Kiowa County",1,30,13,5,8
050,08,061,"Colorado","Kiowa County",1,31,14,7,7
050,08,061,"Colorado","Kiowa County",1,32,15,9,6
050,08,061,"Colorado","Kiowa County",1,33,12,4,8
050,08,061,"Colorado","Kiowa County",1,34,13,7,6
050,08,061,"Colorado","Kiowa County",1,35,12,8,4
050,08,061,"Colorado","Kiowa County",1,36,23,15,8
050,08,061,"Colorado","Kiowa County",1,37,18,10,8
050,08,061,"Colorado","Kiowa County",1,38,15,7,8
050,08,061,"Colorado","Kiowa County",1,39,15,8,7
050,08,061,"Colorado","Kiowa County",1,40,11,5,6
050,08,061,"Colorado","Kiowa County",1,41,12,7,5
050,08,061,"Colorado","Kiowa County",1,42,14,7,7
050,08,061,"Colorado","Kiowa County",1,43,13,5,8
050,08,061,"Colorado","Kiowa County",1,44,12,6,6
050,08,061,"Colorado","Kiowa County",1,45,15,8,7
050,08,061,"Colorado","Kiowa County",1,46,16,8,8
050,08,061,"Colorado","Kiowa County",1,47,11,4,7
050,08,061,"Colorado","Kiowa County",1,48,15,5,10
050,08,061,"Colorado","Kiowa County",1,49,12,6,6
050,08,061,"Colorado","Kiowa County",1,50,13,6,7
050,08,061,"Colorado","Kiowa County",1,51,11,7,4
050,08,061,"Colorado","Kiowa County",1,52,12,4,8
050,08,061,"Colorado","Kiowa County",1,53,13,5,8
050,08,061,"Colorado","Kiowa County",1,54,12,4,8
050,08,061,"Colorado","Kiowa County",1,55,13,8,5
050,08,061,"Colorado","Kiowa County",1,56,21,10,11
050,08,061,"Colorado","Kiowa County",1,57,27,17,10
050,08,061,"Colorado","Kiowa County",1,58,31,13,18
050,08,061,"Colorado","Kiowa County",1,59,27,10,17
050,08,061,"Colorado","Kiowa County",1,60,29,12,17
050,08,061,"Colorado","Kiowa County",1,61,23,15,8
050,08,061,"Colorado","Kiowa County",1,62,22,15,7
050,08,061,"Colorado","Kiowa County",1,63,28,14,14
050,08,061,"Colorado","Kiowa County",1,64,22,9,13
050,08,061,"Colorado","Kiowa County",1,65,18,10,8
050,08,061,"Colorado","Kiowa County",1,66,18,11,7
050,08,061,"Colorado","Kiowa County",1,67,21,15,6
050,08,061,"Colorado","Kiowa County",1,68,23,11,12
050,08,061,"Colorado","Kiowa County",1,69,18,7,11
050,08,061,"Colorado","Kiowa County",1,70,21,10,11
050,08,061,"Colorado","Kiowa County",1,71,18,10,8
050,08,061,"Colorado","Kiowa County",1,72,17,9,8
050,08,061,"Colorado","Kiowa County",1,73,15,8,7
050,08,061,"Colorado","Kiowa County",1,74,14,5,9
050,08,061,"Colorado","Kiowa County",1,75,14,5,9
050,08,061,"Colorado","Kiowa County",1,76,10,4,6
050,08,061,"Colorado","Kiowa County",1,77,15,7,8
050,08,061,"Colorado","Kiowa County",1,78,13,6,7
050,08,061,"Colorado","Kiowa County",1,79,8,4,4
050,08,061,"Colorado","Kiowa County",1,80,12,7,5
050,08,061,"Colorado","Kiowa County",1,81,11,2,9
050,08,061,"Colorado","Kiowa County",1,82,12,4,8
050,08,061,"Colorado","Kiowa County",1,83,9,6,3
050,08,061,"Colorado","Kiowa County",1,84,10,3,7
050,08,061,"Colorado","Kiowa County",1,85,57,23,34
050,08,061,"Colorado","Kiowa County",2,0,14,7,7
050,08,061,"Colorado","Kiowa County",2,1,19,8,11
050,08,061,"Colorado","Kiowa County",2,2,18,9,9
050,08,061,"Colorado","Kiowa County",2,3,24,12,12
050,08,061,"Colorado","Kiowa County",2,4,31,16,15
050,08,061,"Colorado","Kiowa County",2,5,27,16,11
050,08,061,"Colorado","Kiowa County",2,6,25,16,9
050,08,061,"Colorado","Kiowa County",2,7,14,9,5
050,08,061,"Colorado","Kiowa County",2,8,12,7,5
050,08,061,"Colorado","Kiowa County",2,9,17,9,8
050,08,061,"Colorado","Kiowa County",2,10,19,9,10
050,08,061,"Colorado","Kiowa County",2,11,20,9,11
050,08,061,"Colorado","Kiowa County",2,12,15,6,9
050,08,061,"Colorado","Kiowa County",2,13,13,6,7
050,08,061,"Colorado","Kiowa County",2,14,15,6,9
050,08,061,"Colorado","Kiowa County",2,15,17,8,9
050,08,061,"Colorado","Kiowa County",2,16,18,12,6
050,08,061,"Colorado","Kiowa County",2,17,20,12,8
050,08,061,"Colorado","Kiowa County",2,18,16,8,8
050,08,061,"Colorado","Kiowa County",2,19,8,3,5
050,08,061,"Colorado","Kiowa County",2,20,10,5,5
050,08,061,"Colorado","Kiowa County",2,21,10,7,3
050,08,061,"Colorado","Kiowa County",2,22,12,9,3
050,08,061,"Colorado","Kiowa County",2,23,15,8,7
050,08,061,"Colorado","Kiowa County",2,24,16,4,12
050,08,061,"Colorado","Kiowa County",2,25,16,7,9
050,08,061,"Colorado","Kiowa County",2,26,16,8,8
050,08,061,"Colorado","Kiowa County",2,27,15,6,9
050,08,061,"Colorado","Kiowa County",2,28,18,9,9
050,08,061,"Colorado","Kiowa County",2,29,16,4,12
050,08,061,"Colorado","Kiowa County",2,30,13,5,8
050,08,061,"Colorado","Kiowa County",2,31,14,6,8
050,08,061,"Colorado","Kiowa County",2,32,15,9,6
050,08,061,"Colorado","Kiowa County",2,33,12,5,7
050,08,061,"Colorado","Kiowa County",2,34,13,7,6
050,08,061,"Colorado","Kiowa County",2,35,13,8,5
050,08,061,"Colorado","Kiowa County",2,36,20,13,7
050,08,061,"Colorado","Kiowa County",2,37,19,11,8
050,08,061,"Colorado","Kiowa County",2,38,16,8,8
050,08,061,"Colorado","Kiowa County",2,39,14,7,7
050,08,061,"Colorado","Kiowa County",2,40,13,6,7
050,08,061,"Colorado","Kiowa County",2,41,12,7,5
050,08,061,"Colorado","Kiowa County",2,42,13,6,7
050,08,061,"Colorado","Kiowa County",2,43,13,5,8
050,08,061,"Colorado","Kiowa County",2,44,13,6,7
050,08,061,"Colorado","Kiowa County",2,45,15,8,7
050,08,061,"Colorado","Kiowa County",2,46,15,8,7
050,08,061,"Colorado","Kiowa County",2,47,12,5,7
050,08,061,"Colorado","Kiowa County",2,48,14,5,9
050,08,061,"Colorado","Kiowa County",2,49,13,6,7
050,08,061,"Colorado","Kiowa County",2,50,13,6,7
050,08,061,"Colorado","Kiowa County",2,51,12,7,5
050,08,061,"Colorado","Kiowa County",2,52,13,5,8
050,08,061,"Colorado","Kiowa County",2,53,11,4,7
050,08,061,"Colorado","Kiowa County",2,54,12,4,8
050,08,061,"Colorado","Kiowa County",2,55,13,7,6
050,08,061,"Colorado","Kiowa County",2,56,20,10,10
050,08,061,"Colorado","Kiowa County",2,57,26,16,10
050,08,061,"Colorado","Kiowa County",2,58,31,14,17
050,08,061,"Colorado","Kiowa County",2,59,28,11,17
050,08,061,"Colorado","Kiowa County",2,60,28,11,17
050,08,061,"Colorado","Kiowa County",2,61,24,14,10
050,08,061,"Colorado","Kiowa County",2,62,23,16,7
050,08,061,"Colorado","Kiowa County",2,63,28,15,13
050,08,061,"Colorado","Kiowa County",2,64,23,10,13
050,08,061,"Colorado","Kiowa County",2,65,20,10,10
050,08,061,"Colorado","Kiowa County",2,66,18,11,7
050,08,061,"Colorado","Kiowa County",2,67,20,14,6
050,08,061,"Colorado","Kiowa County",2,68,23,12,11
050,08,061,"Colorado","Kiowa County",2,69,19,8,11
050,08,061,"Colorado","Kiowa County",2,70,21,10,11
050,08,061,"Colorado","Kiowa County",2,71,19,10,9
050,08,061,"Colorado","Kiowa County",2,72,17,9,8
050,08,061,"Colorado","Kiowa County",2,73,16,8,8
050,08,061,"Colorado","Kiowa County",2,74,14,6,8
050,08,061,"Colorado","Kiowa County",2,75,13,5,8
050,08,061,"Colorado","Kiowa County",2,76,11,4,7
050,08,061,"Colorado","Kiowa County",2,77,14,6,8
050,08,061,"Colorado","Kiowa County",2,78,14,7,7
050,08,061,"Colorado","Kiowa County",2,79,9,4,5
050,08,061,"Colorado","Kiowa County",2,80,11,6,5
050,08,061,"Colorado","Kiowa County",2,81,11,3,8
050,08,061,"Colorado","Kiowa County",2,82,12,4,8
050,08,061,"Colorado","Kiowa County",2,83,10,6,4
050,08,061,"Colorado","Kiowa County",2,84,10,4,6
050,08,061,"Colorado","Kiowa County",2,85,60,24,36
050,08,061,"Colorado","Kiowa County",3,0,19,11,8
050,08,061,"Colorado","Kiowa County",3,1,14,7,7
050,08,061,"Colorado","Kiowa County",3,2,17,6,11
050,08,061,"Colorado","Kiowa County",3,3,17,9,8
050,08,061,"Colorado","Kiowa County",3,4,24,12,12
050,08,061,"Colorado","Kiowa County",3,5,29,16,13
050,08,061,"Colorado","Kiowa County",3,6,27,16,11
050,08,061,"Colorado","Kiowa County",3,7,26,16,10
050,08,061,"Colorado","Kiowa County",3,8,12,8,4
050,08,061,"Colorado","Kiowa County",3,9,11,7,4
050,08,061,"Colorado","Kiowa County",3,10,18,10,8
050,08,061,"Colorado","Kiowa County",3,11,19,9,10
050,08,061,"Colorado","Kiowa County",3,12,21,9,12
050,08,061,"Colorado","Kiowa County",3,13,16,7,9
050,08,061,"Colorado","Kiowa County",3,14,14,7,7
050,08,061,"Colorado","Kiowa County",3,15,16,7,9
050,08,061,"Colorado","Kiowa County",3,16,17,9,8
050,08,061,"Colorado","Kiowa County",3,17,21,14,7
050,08,061,"Colorado","Kiowa County",3,18,18,9,9
050,08,061,"Colorado","Kiowa County",3,19,12,7,5
050,08,061,"Colorado","Kiowa County",3,20,9,3,6
050,08,061,"Colorado","Kiowa County",3,21,10,5,5
050,08,061,"Colorado","Kiowa County",3,22,16,10,6
050,08,061,"Colorado","Kiowa County",3,23,11,9,2
050,08,061,"Colorado","Kiowa County",3,24,17,9,8
050,08,061,"Colorado","Kiowa County",3,25,13,2,11
050,08,061,"Colorado","Kiowa County",3,26,16,6,10
050,08,061,"Colorado","Kiowa County",3,27,18,9,9
050,08,061,"Colorado","Kiowa County",3,28,15,6,9
050,08,061,"Colorado","Kiowa County",3,29,18,11,7
050,08,061,"Colorado","Kiowa County",3,30,15,4,11
050,08,061,"Colorado","Kiowa County",3,31,12,4,8
050,08,061,"Colorado","Kiowa County",3,32,12,5,7
050,08,061,"Colorado","Kiowa County",3,33,17,11,6
050,08,061,"Colorado","Kiowa County",3,34,12,6,6
050,08,061,"Colorado","Kiowa County",3,35,14,7,7
050,08,061,"Colorado","Kiowa County",3,36,13,6,7
050,08,061,"Colorado","Kiowa County",3,37,20,13,7
050,08,061,"Colorado","Kiowa County",3,38,20,11,9
050,08,061,"Colorado","Kiowa County",3,39,15,8,7
050,08,061,"Colorado","Kiowa County",3,40,15,8,7
050,08,061,"Colorado","Kiowa County",3,41,13,6,7
050,08,061,"Colorado","Kiowa County",3,42,12,7,5
050,08,061,"Colorado","Kiowa County",3,43,13,6,7
050,08,061,"Colorado","Kiowa County",3,44,12,4,8
050,08,061,"Colorado","Kiowa County",3,45,14,6,8
050,08,061,"Colorado","Kiowa County",3,46,15,8,7
050,08,061,"Colorado","Kiowa County",3,47,14,8,6
050,08,061,"Colorado","Kiowa County",3,48,10,3,7
050,08,061,"Colorado","Kiowa County",3,49,14,5,9
050,08,061,"Colorado","Kiowa County",3,50,14,6,8
050,08,061,"Colorado","Kiowa County",3,51,13,6,7
050,08,061,"Colorado","Kiowa County",3,52,12,7,5
050,08,061,"Colorado","Kiowa County",3,53,12,4,8
050,08,061,"Colorado","Kiowa County",3,54,11,4,7
050,08,061,"Colorado","Kiowa County",3,55,12,4,8
050,08,061,"Colorado","Kiowa County",3,56,12,6,6
050,08,061,"Colorado","Kiowa County",3,57,20,10,10
050,08,061,"Colorado","Kiowa County",3,58,26,16,10
050,08,061,"Colorado","Kiowa County",3,59,31,14,17
050,08,061,"Colorado","Kiowa County",3,60,27,9,18
050,08,061,"Colorado","Kiowa County",3,61,25,10,15
050,08,061,"Colorado","Kiowa County",3,62,24,14,10
050,08,061,"Colorado","Kiowa County",3,63,23,16,7
050,08,061,"Colorado","Kiowa County",3,64,30,17,13
050,08,061,"Colorado","Kiowa County",3,65,23,10,13
050,08,061,"Colorado","Kiowa County",3,66,19,9,10
050,08,061,"Colorado","Kiowa County",3,67,19,11,8
050,08,061,"Colorado","Kiowa County",3,68,19,13,6
050,08,061,"Colorado","Kiowa County",3,69,24,12,12
050,08,061,"Colorado","Kiowa County",3,70,19,8,11
050,08,061,"Colorado","Kiowa County",3,71,20,10,10
050,08,061,"Colorado","Kiowa County",3,72,17,9,8
050,08,061,"Colorado","Kiowa County",3,73,18,9,9
050,08,061,"Colorado","Kiowa County",3,74,16,8,8
050,08,061,"Colorado","Kiowa County",3,75,12,5,7
050,08,061,"Colorado","Kiowa County",3,76,11,4,7
050,08,061,"Colorado","Kiowa County",3,77,11,4,7
050,08,061,"Colorado","Kiowa County",3,78,14,6,8
050,08,061,"Colorado","Kiowa County",3,79,14,7,7
050,08,061,"Colorado","Kiowa County",3,80,10,5,5
050,08,061,"Colorado","Kiowa County",3,81,11,6,5
050,08,061,"Colorado","Kiowa County",3,82,10,2,8
050,08,061,"Colorado","Kiowa County",3,83,12,4,8
050,08,061,"Colorado","Kiowa County",3,84,10,6,4
050,08,061,"Colorado","Kiowa County",3,85,60,23,37
050,08,061,"Colorado","Kiowa County",4,0,18,11,7
050,08,061,"Colorado","Kiowa County",4,1,20,10,10
050,08,061,"Colorado","Kiowa County",4,2,14,9,5
050,08,061,"Colorado","Kiowa County",4,3,17,7,10
050,08,061,"Colorado","Kiowa County",4,4,18,10,8
050,08,061,"Colorado","Kiowa County",4,5,23,12,11
050,08,061,"Colorado","Kiowa County",4,6,29,16,13
050,08,061,"Colorado","Kiowa County",4,7,28,16,12
050,08,061,"Colorado","Kiowa County",4,8,28,19,9
050,08,061,"Colorado","Kiowa County",4,9,12,7,5
050,08,061,"Colorado","Kiowa County",4,10,11,6,5
050,08,061,"Colorado","Kiowa County",4,11,19,9,10
050,08,061,"Colorado","Kiowa County",4,12,19,9,10
050,08,061,"Colorado","Kiowa County",4,13,19,9,10
050,08,061,"Colorado","Kiowa County",4,14,20,9,11
050,08,061,"Colorado","Kiowa County",4,15,13,5,8
050,08,061,"Colorado","Kiowa County",4,16,15,8,7
050,08,061,"Colorado","Kiowa County",4,17,17,7,10
050,08,061,"Colorado","Kiowa County",4,18,14,11,3
050,08,061,"Colorado","Kiowa County",4,19,11,5,6
050,08,061,"Colorado","Kiowa County",4,20,11,6,5
050,08,061,"Colorado","Kiowa County",4,21,12,3,9
050,08,061,"Colorado","Kiowa County",4,22,11,5,6
050,08,061,"Colorado","Kiowa County",4,23,13,9,4
050,08,061,"Colorado","Kiowa County",4,24,8,6,2
050,08,061,"Colorado","Kiowa County",4,25,15,7,8
050,08,061,"Colorado","Kiowa County",4,26,13,3,10
050,08,061,"Colorado","Kiowa County",4,27,19,9,10
050,08,061,"Colorado","Kiowa County",4,28,19,10,9
050,08,061,"Colorado","Kiowa County",4,29,16,7,9
050,08,061,"Colorado","Kiowa County",4,30,20,11,9
050,08,061,"Colorado","Kiowa County",4,31,16,5,11
050,08,061,"Colorado","Kiowa County",4,32,11,4,7
050,08,061,"Colorado","Kiowa County",4,33,15,8,7
050,08,061,"Colorado","Kiowa County",4,34,17,11,6
050,08,061,"Colorado","Kiowa County",4,35,12,6,6
050,08,061,"Colorado","Kiowa County",4,36,12,5,7
050,08,061,"Colorado","Kiowa County",4,37,12,6,6
050,08,061,"Colorado","Kiowa County",4,38,24,16,8
050,08,061,"Colorado","Kiowa County",4,39,17,11,6
050,08,061,"Colorado","Kiowa County",4,40,15,8,7
050,08,061,"Colorado","Kiowa County",4,41,16,9,7
050,08,061,"Colorado","Kiowa County",4,42,14,7,7
050,08,061,"Colorado","Kiowa County",4,43,12,7,5
050,08,061,"Colorado","Kiowa County",4,44,14,6,8
050,08,061,"Colorado","Kiowa County",4,45,14,5,9
050,08,061,"Colorado","Kiowa County",4,46,14,6,8
050,08,061,"Colorado","Kiowa County",4,47,15,8,7
050,08,061,"Colorado","Kiowa County",4,48,14,8,6
050,08,061,"Colorado","Kiowa County",4,49,7,2,5
050,08,061,"Colorado","Kiowa County",4,50,12,5,7
050,08,061,"Colorado","Kiowa County",4,51,13,6,7
050,08,061,"Colorado","Kiowa County",4,52,11,6,5
050,08,061,"Colorado","Kiowa County",4,53,12,7,5
050,08,061,"Colorado","Kiowa County",4,54,13,5,8
050,08,061,"Colorado","Kiowa County",4,55,11,4,7
050,08,061,"Colorado","Kiowa County",4,56,10,4,6
050,08,061,"Colorado","Kiowa County",4,57,9,6,3
050,08,061,"Colorado","Kiowa County",4,58,20,10,10
050,08,061,"Colorado","Kiowa County",4,59,27,16,11
050,08,061,"Colorado","Kiowa County",4,60,31,14,17
050,08,061,"Colorado","Kiowa County",4,61,26,9,17
050,08,061,"Colorado","Kiowa County",4,62,23,9,14
050,08,061,"Colorado","Kiowa County",4,63,26,14,12
050,08,061,"Colorado","Kiowa County",4,64,23,16,7
050,08,061,"Colorado","Kiowa County",4,65,28,17,11
050,08,061,"Colorado","Kiowa County",4,66,22,10,12
050,08,061,"Colorado","Kiowa County",4,67,18,9,9
050,08,061,"Colorado","Kiowa County",4,68,18,11,7
050,08,061,"Colorado","Kiowa County",4,69,19,13,6
050,08,061,"Colorado","Kiowa County",4,70,24,12,12
050,08,061,"Colorado","Kiowa County",4,71,17,8,9
050,08,061,"Colorado","Kiowa County",4,72,20,10,10
050,08,061,"Colorado","Kiowa County",4,73,19,9,10
050,08,061,"Colorado","Kiowa County",4,74,18,9,9
050,08,061,"Colorado","Kiowa County",4,75,15,7,8
050,08,061,"Colorado","Kiowa County",4,76,13,6,7
050,08,061,"Colorado","Kiowa County",4,77,10,4,6
050,08,061,"Colorado","Kiowa County",4,78,12,5,7
050,08,061,"Colorado","Kiowa County",4,79,11,3,8
050,08,061,"Colorado","Kiowa County",4,80,14,7,7
050,08,061,"Colorado","Kiowa County",4,81,7,4,3
050,08,061,"Colorado","Kiowa County",4,82,12,7,5
050,08,061,"Colorado","Kiowa County",4,83,9,1,8
050,08,061,"Colorado","Kiowa County",4,84,9,3,6
050,08,061,"Colorado","Kiowa County",4,85,59,24,35
050,08,061,"Colorado","Kiowa County",5,0,20,12,8
050,08,061,"Colorado","Kiowa County",5,1,16,9,7
050,08,061,"Colorado","Kiowa County",5,2,20,10,10
050,08,061,"Colorado","Kiowa County",5,3,15,10,5
050,08,061,"Colorado","Kiowa County",5,4,17,7,10
050,08,061,"Colorado","Kiowa County",5,5,21,12,9
050,08,061,"Colorado","Kiowa County",5,6,23,11,12
050,08,061,"Colorado","Kiowa County",5,7,27,13,14
050,08,061,"Colorado","Kiowa County",5,8,27,17,10
050,08,061,"Colorado","Kiowa County",5,9,26,18,8
050,08,061,"Colorado","Kiowa County",5,10,8,6,2
050,08,061,"Colorado","Kiowa County",5,11,11,6,5
050,08,061,"Colorado","Kiowa County",5,12,15,7,8
050,08,061,"Colorado","Kiowa County",5,13,20,9,11
050,08,061,"Colorado","Kiowa County",5,14,17,8,9
050,08,061,"Colorado","Kiowa County",5,15,20,9,11
050,08,061,"Colorado","Kiowa County",5,16,12,5,7
050,08,061,"Colorado","Kiowa County",5,17,14,7,7
050,08,061,"Colorado","Kiowa County",5,18,13,6,7
050,08,061,"Colorado","Kiowa County",5,19,10,8,2
050,08,061,"Colorado","Kiowa County",5,20,9,5,4
050,08,061,"Colorado","Kiowa County",5,21,10,6,4
050,08,061,"Colorado","Kiowa County",5,22,7,2,5
050,08,061,"Colorado","Kiowa County",5,23,10,4,6
050,08,061,"Colorado","Kiowa County",5,24,11,7,4
050,08,061,"Colorado","Kiowa County",5,25,10,8,2
050,08,061,"Colorado","Kiowa County",5,26,15,8,7
050,08,061,"Colorado","Kiowa County",5,27,12,2,10
050,08,061,"Colorado","Kiowa County",5,28,18,7,11
050,08,061,"Colorado","Kiowa County",5,29,19,11,8
050,08,061,"Colorado","Kiowa County",5,30,17,7,10
050,08,061,"Colorado","Kiowa County",5,31,16,7,9
050,08,061,"Colorado","Kiowa County",5,32,16,5,11
050,08,061,"Colorado","Kiowa County",5,33,11,4,7
050,08,061,"Colorado","Kiowa County",5,34,20,13,7
050,08,061,"Colorado","Kiowa County",5,35,19,12,7
050,08,061,"Colorado","Kiowa County",5,36,11,6,5
050,08,061,"Colorado","Kiowa County",5,37,11,5,6
050,08,061,"Colorado","Kiowa County",5,38,13,6,7
050,08,061,"Colorado","Kiowa County",5,39,18,13,5
050,08,061,"Colorado","Kiowa County",5,40,16,11,5
050,08,061,"Colorado","Kiowa County",5,41,12,6,6
050,08,061,"Colorado","Kiowa County",5,42,14,7,7
050,08,061,"Colorado","Kiowa County",5,43,14,6,8
050,08,061,"Colorado","Kiowa County",5,44,12,7,5
050,08,061,"Colorado","Kiowa County",5,45,12,4,8
050,08,061,"Colorado","Kiowa County",5,46,15,6,9
050,08,061,"Colorado","Kiowa County",5,47,12,4,8
050,08,061,"Colorado","Kiowa County",5,48,13,6,7
050,08,061,"Colorado","Kiowa County",5,49,14,8,6
050,08,061,"Colorado","Kiowa County",5,50,6,2,4
050,08,061,"Colorado","Kiowa County",5,51,12,5,7
050,08,061,"Colorado","Kiowa County",5,52,13,6,7
050,08,061,"Colorado","Kiowa County",5,53,11,6,5
050,08,061,"Colorado","Kiowa County",5,54,12,7,5
050,08,061,"Colorado","Kiowa County",5,55,13,5,8
050,08,061,"Colorado","Kiowa County",5,56,11,4,7
050,08,061,"Colorado","Kiowa County",5,57,11,4,7
050,08,061,"Colorado","Kiowa County",5,58,9,6,3
050,08,061,"Colorado","Kiowa County",5,59,21,11,10
050,08,061,"Colorado","Kiowa County",5,60,27,16,11
050,08,061,"Colorado","Kiowa County",5,61,29,13,16
050,08,061,"Colorado","Kiowa County",5,62,27,9,18
050,08,061,"Colorado","Kiowa County",5,63,24,10,14
050,08,061,"Colorado","Kiowa County",5,64,26,14,12
050,08,061,"Colorado","Kiowa County",5,65,22,15,7
050,08,061,"Colorado","Kiowa County",5,66,27,16,11
050,08,061,"Colorado","Kiowa County",5,67,20,10,10
050,08,061,"Colorado","Kiowa County",5,68,17,8,9
050,08,061,"Colorado","Kiowa County",5,69,18,11,7
050,08,061,"Colorado","Kiowa County",5,70,19,13,6
050,08,061,"Colorado","Kiowa County",5,71,24,12,12
050,08,061,"Colorado","Kiowa County",5,72,17,8,9
050,08,061,"Colorado","Kiowa County",5,73,20,10,10
050,08,061,"Colorado","Kiowa County",5,74,19,8,11
050,08,061,"Colorado","Kiowa County",5,75,18,9,9
050,08,061,"Colorado","Kiowa County",5,76,15,7,8
050,08,061,"Colorado","Kiowa County",5,77,12,6,6
050,08,061,"Colorado","Kiowa County",5,78,11,5,6
050,08,061,"Colorado","Kiowa County",5,79,7,2,5
050,08,061,"Colorado","Kiowa County",5,80,11,3,8
050,08,061,"Colorado","Kiowa County",5,81,13,6,7
050,08,061,"Colorado","Kiowa County",5,82,8,4,4
050,08,061,"Colorado","Kiowa County",5,83,11,6,5
050,08,061,"Colorado","Kiowa County",5,84,8,1,7
050,08,061,"Colorado","Kiowa County",5,85,56,24,32
050,08,063,"Colorado","Kit Carson County",1,0,90,45,45
050,08,063,"Colorado","Kit Carson County",1,1,80,45,35
050,08,063,"Colorado","Kit Carson County",1,2,74,42,32
050,08,063,"Colorado","Kit Carson County",1,3,92,54,38
050,08,063,"Colorado","Kit Carson County",1,4,97,46,51
050,08,063,"Colorado","Kit Carson County",1,5,105,56,49
050,08,063,"Colorado","Kit Carson County",1,6,93,51,42
050,08,063,"Colorado","Kit Carson County",1,7,99,59,40
050,08,063,"Colorado","Kit Carson County",1,8,103,49,54
050,08,063,"Colorado","Kit Carson County",1,9,117,55,62
050,08,063,"Colorado","Kit Carson County",1,10,112,58,54
050,08,063,"Colorado","Kit Carson County",1,11,106,53,53
050,08,063,"Colorado","Kit Carson County",1,12,119,58,61
050,08,063,"Colorado","Kit Carson County",1,13,123,61,62
050,08,063,"Colorado","Kit Carson County",1,14,117,65,52
050,08,063,"Colorado","Kit Carson County",1,15,113,58,55
050,08,063,"Colorado","Kit Carson County",1,16,98,49,49
050,08,063,"Colorado","Kit Carson County",1,17,96,49,47
050,08,063,"Colorado","Kit Carson County",1,18,81,41,40
050,08,063,"Colorado","Kit Carson County",1,19,80,36,44
050,08,063,"Colorado","Kit Carson County",1,20,67,36,31
050,08,063,"Colorado","Kit Carson County",1,21,72,34,38
050,08,063,"Colorado","Kit Carson County",1,22,67,36,31
050,08,063,"Colorado","Kit Carson County",1,23,65,37,28
050,08,063,"Colorado","Kit Carson County",1,24,69,38,31
050,08,063,"Colorado","Kit Carson County",1,25,71,36,35
050,08,063,"Colorado","Kit Carson County",1,26,78,37,41
050,08,063,"Colorado","Kit Carson County",1,27,81,41,40
050,08,063,"Colorado","Kit Carson County",1,28,81,42,39
050,08,063,"Colorado","Kit Carson County",1,29,79,41,38
050,08,063,"Colorado","Kit Carson County",1,30,94,48,46
050,08,063,"Colorado","Kit Carson County",1,31,74,36,38
050,08,063,"Colorado","Kit Carson County",1,32,72,39,33
050,08,063,"Colorado","Kit Carson County",1,33,85,49,36
050,08,063,"Colorado","Kit Carson County",1,34,85,46,39
050,08,063,"Colorado","Kit Carson County",1,35,87,48,39
050,08,063,"Colorado","Kit Carson County",1,36,110,71,39
050,08,063,"Colorado","Kit Carson County",1,37,96,52,44
050,08,063,"Colorado","Kit Carson County",1,38,88,44,44
050,08,063,"Colorado","Kit Carson County",1,39,91,46,45
050,08,063,"Colorado","Kit Carson County",1,40,85,40,45
050,08,063,"Colorado","Kit Carson County",1,41,79,33,46
050,08,063,"Colorado","Kit Carson County",1,42,83,43,40
050,08,063,"Colorado","Kit Carson County",1,43,71,40,31
050,08,063,"Colorado","Kit Carson County",1,44,61,26,35
050,08,063,"Colorado","Kit Carson County",1,45,67,33,34
050,08,063,"Colorado","Kit Carson County",1,46,69,39,30
050,08,063,"Colorado","Kit Carson County",1,47,72,39,33
050,08,063,"Colorado","Kit Carson County",1,48,74,35,39
050,08,063,"Colorado","Kit Carson County",1,49,68,33,35
050,08,063,"Colorado","Kit Carson County",1,50,66,29,37
050,08,063,"Colorado","Kit Carson County",1,51,75,35,40
050,08,063,"Colorado","Kit Carson County",1,52,69,41,28
050,08,063,"Colorado","Kit Carson County",1,53,63,32,31
050,08,063,"Colorado","Kit Carson County",1,54,57,26,31
050,08,063,"Colorado","Kit Carson County",1,55,69,29,40
050,08,063,"Colorado","Kit Carson County",1,56,94,45,49
050,08,063,"Colorado","Kit Carson County",1,57,111,50,61
050,08,063,"Colorado","Kit Carson County",1,58,108,50,58
050,08,063,"Colorado","Kit Carson County",1,59,100,49,51
050,08,063,"Colorado","Kit Carson County",1,60,102,53,49
050,08,063,"Colorado","Kit Carson County",1,61,109,56,53
050,08,063,"Colorado","Kit Carson County",1,62,117,64,53
050,08,063,"Colorado","Kit Carson County",1,63,109,57,52
050,08,063,"Colorado","Kit Carson County",1,64,109,55,54
050,08,063,"Colorado","Kit Carson County",1,65,91,49,42
050,08,063,"Colorado","Kit Carson County",1,66,80,47,33
050,08,063,"Colorado","Kit Carson County",1,67,80,45,35
050,08,063,"Colorado","Kit Carson County",1,68,86,50,36
050,08,063,"Colorado","Kit Carson County",1,69,75,39,36
050,08,063,"Colorado","Kit Carson County",1,70,66,31,35
050,08,063,"Colorado","Kit Carson County",1,71,60,29,31
050,08,063,"Colorado","Kit Carson County",1,72,64,32,32
050,08,063,"Colorado","Kit Carson County",1,73,74,38,36
050,08,063,"Colorado","Kit Carson County",1,74,60,29,31
050,08,063,"Colorado","Kit Carson County",1,75,55,26,29
050,08,063,"Colorado","Kit Carson County",1,76,48,19,29
050,08,063,"Colorado","Kit Carson County",1,77,55,22,33
050,08,063,"Colorado","Kit Carson County",1,78,51,26,25
050,08,063,"Colorado","Kit Carson County",1,79,51,25,26
050,08,063,"Colorado","Kit Carson County",1,80,42,24,18
050,08,063,"Colorado","Kit Carson County",1,81,32,20,12
050,08,063,"Colorado","Kit Carson County",1,82,40,20,20
050,08,063,"Colorado","Kit Carson County",1,83,41,19,22
050,08,063,"Colorado","Kit Carson County",1,84,29,12,17
050,08,063,"Colorado","Kit Carson County",1,85,207,74,133
050,08,063,"Colorado","Kit Carson County",2,0,89,48,41
050,08,063,"Colorado","Kit Carson County",2,1,82,45,37
050,08,063,"Colorado","Kit Carson County",2,2,76,42,34
050,08,063,"Colorado","Kit Carson County",2,3,87,50,37
050,08,063,"Colorado","Kit Carson County",2,4,97,49,48
050,08,063,"Colorado","Kit Carson County",2,5,103,53,50
050,08,063,"Colorado","Kit Carson County",2,6,97,54,43
050,08,063,"Colorado","Kit Carson County",2,7,97,57,40
050,08,063,"Colorado","Kit Carson County",2,8,101,51,50
050,08,063,"Colorado","Kit Carson County",2,9,113,54,59
050,08,063,"Colorado","Kit Carson County",2,10,116,60,56
050,08,063,"Colorado","Kit Carson County",2,11,106,53,53
050,08,063,"Colorado","Kit Carson County",2,12,114,55,59
050,08,063,"Colorado","Kit Carson County",2,13,122,61,61
050,08,063,"Colorado","Kit Carson County",2,14,120,64,56
050,08,063,"Colorado","Kit Carson County",2,15,114,60,54
050,08,063,"Colorado","Kit Carson County",2,16,101,50,51
050,08,063,"Colorado","Kit Carson County",2,17,96,49,47
050,08,063,"Colorado","Kit Carson County",2,18,81,41,40
050,08,063,"Colorado","Kit Carson County",2,19,76,35,41
050,08,063,"Colorado","Kit Carson County",2,20,72,37,35
050,08,063,"Colorado","Kit Carson County",2,21,71,35,36
050,08,063,"Colorado","Kit Carson County",2,22,71,37,34
050,08,063,"Colorado","Kit Carson County",2,23,67,38,29
050,08,063,"Colorado","Kit Carson County",2,24,70,38,32
050,08,063,"Colorado","Kit Carson County",2,25,71,36,35
050,08,063,"Colorado","Kit Carson County",2,26,75,36,39
050,08,063,"Colorado","Kit Carson County",2,27,80,40,40
050,08,063,"Colorado","Kit Carson County",2,28,81,42,39
050,08,063,"Colorado","Kit Carson County",2,29,78,40,38
050,08,063,"Colorado","Kit Carson County",2,30,90,46,44
050,08,063,"Colorado","Kit Carson County",2,31,79,39,40
050,08,063,"Colorado","Kit Carson County",2,32,73,39,34
050,08,063,"Colorado","Kit Carson County",2,33,83,48,35
050,08,063,"Colorado","Kit Carson County",2,34,83,45,38
050,08,063,"Colorado","Kit Carson County",2,35,88,48,40
050,08,063,"Colorado","Kit Carson County",2,36,104,65,39
050,08,063,"Colorado","Kit Carson County",2,37,99,56,43
050,08,063,"Colorado","Kit Carson County",2,38,89,45,44
050,08,063,"Colorado","Kit Carson County",2,39,87,44,43
050,08,063,"Colorado","Kit Carson County",2,40,87,42,45
050,08,063,"Colorado","Kit Carson County",2,41,78,32,46
050,08,063,"Colorado","Kit Carson County",2,42,82,40,42
050,08,063,"Colorado","Kit Carson County",2,43,74,40,34
050,08,063,"Colorado","Kit Carson County",2,44,64,29,35
050,08,063,"Colorado","Kit Carson County",2,45,66,32,34
050,08,063,"Colorado","Kit Carson County",2,46,67,36,31
050,08,063,"Colorado","Kit Carson County",2,47,71,38,33
050,08,063,"Colorado","Kit Carson County",2,48,73,36,37
050,08,063,"Colorado","Kit Carson County",2,49,70,34,36
050,08,063,"Colorado","Kit Carson County",2,50,67,30,37
050,08,063,"Colorado","Kit Carson County",2,51,73,34,39
050,08,063,"Colorado","Kit Carson County",2,52,70,39,31
050,08,063,"Colorado","Kit Carson County",2,53,64,34,30
050,08,063,"Colorado","Kit Carson County",2,54,57,26,31
050,08,063,"Colorado","Kit Carson County",2,55,66,28,38
050,08,063,"Colorado","Kit Carson County",2,56,89,41,48
050,08,063,"Colorado","Kit Carson County",2,57,108,49,59
050,08,063,"Colorado","Kit Carson County",2,58,108,50,58
050,08,063,"Colorado","Kit Carson County",2,59,102,50,52
050,08,063,"Colorado","Kit Carson County",2,60,102,52,50
050,08,063,"Colorado","Kit Carson County",2,61,107,55,52
050,08,063,"Colorado","Kit Carson County",2,62,115,62,53
050,08,063,"Colorado","Kit Carson County",2,63,111,60,51
050,08,063,"Colorado","Kit Carson County",2,64,109,55,54
050,08,063,"Colorado","Kit Carson County",2,65,95,51,44
050,08,063,"Colorado","Kit Carson County",2,66,81,46,35
050,08,063,"Colorado","Kit Carson County",2,67,79,44,35
050,08,063,"Colorado","Kit Carson County",2,68,83,47,36
050,08,063,"Colorado","Kit Carson County",2,69,78,42,36
050,08,063,"Colorado","Kit Carson County",2,70,67,33,34
050,08,063,"Colorado","Kit Carson County",2,71,61,30,31
050,08,063,"Colorado","Kit Carson County",2,72,59,28,31
050,08,063,"Colorado","Kit Carson County",2,73,76,39,37
050,08,063,"Colorado","Kit Carson County",2,74,59,30,29
050,08,063,"Colorado","Kit Carson County",2,75,55,26,29
050,08,063,"Colorado","Kit Carson County",2,76,50,21,29
050,08,063,"Colorado","Kit Carson County",2,77,55,22,33
050,08,063,"Colorado","Kit Carson County",2,78,50,24,26
050,08,063,"Colorado","Kit Carson County",2,79,49,24,25
050,08,063,"Colorado","Kit Carson County",2,80,43,23,20
050,08,063,"Colorado","Kit Carson County",2,81,34,21,13
050,08,063,"Colorado","Kit Carson County",2,82,36,18,18
050,08,063,"Colorado","Kit Carson County",2,83,40,19,21
050,08,063,"Colorado","Kit Carson County",2,84,30,13,17
050,08,063,"Colorado","Kit Carson County",2,85,203,73,130
050,08,063,"Colorado","Kit Carson County",3,0,79,46,33
050,08,063,"Colorado","Kit Carson County",3,1,97,48,49
050,08,063,"Colorado","Kit Carson County",3,2,79,41,38
050,08,063,"Colorado","Kit Carson County",3,3,70,41,29
050,08,063,"Colorado","Kit Carson County",3,4,83,45,38
050,08,063,"Colorado","Kit Carson County",3,5,96,44,52
050,08,063,"Colorado","Kit Carson County",3,6,93,49,44
050,08,063,"Colorado","Kit Carson County",3,7,97,50,47
050,08,063,"Colorado","Kit Carson County",3,8,93,51,42
050,08,063,"Colorado","Kit Carson County",3,9,109,56,53
050,08,063,"Colorado","Kit Carson County",3,10,113,57,56
050,08,063,"Colorado","Kit Carson County",3,11,110,57,53
050,08,063,"Colorado","Kit Carson County",3,12,99,48,51
050,08,063,"Colorado","Kit Carson County",3,13,107,48,59
050,08,063,"Colorado","Kit Carson County",3,14,123,60,63
050,08,063,"Colorado","Kit Carson County",3,15,115,60,55
050,08,063,"Colorado","Kit Carson County",3,16,108,57,51
050,08,063,"Colorado","Kit Carson County",3,17,99,52,47
050,08,063,"Colorado","Kit Carson County",3,18,78,43,35
050,08,063,"Colorado","Kit Carson County",3,19,59,31,28
050,08,063,"Colorado","Kit Carson County",3,20,73,35,38
050,08,063,"Colorado","Kit Carson County",3,21,67,35,32
050,08,063,"Colorado","Kit Carson County",3,22,77,40,37
050,08,063,"Colorado","Kit Carson County",3,23,76,41,35
050,08,063,"Colorado","Kit Carson County",3,24,68,40,28
050,08,063,"Colorado","Kit Carson County",3,25,61,34,27
050,08,063,"Colorado","Kit Carson County",3,26,66,30,36
050,08,063,"Colorado","Kit Carson County",3,27,79,34,45
050,08,063,"Colorado","Kit Carson County",3,28,83,44,39
050,08,063,"Colorado","Kit Carson County",3,29,81,42,39
050,08,063,"Colorado","Kit Carson County",3,30,81,43,38
050,08,063,"Colorado","Kit Carson County",3,31,97,49,48
050,08,063,"Colorado","Kit Carson County",3,32,79,43,36
050,08,063,"Colorado","Kit Carson County",3,33,72,38,34
050,08,063,"Colorado","Kit Carson County",3,34,90,50,40
050,08,063,"Colorado","Kit Carson County",3,35,84,49,35
050,08,063,"Colorado","Kit Carson County",3,36,78,42,36
050,08,063,"Colorado","Kit Carson County",3,37,95,59,36
050,08,063,"Colorado","Kit Carson County",3,38,98,56,42
050,08,063,"Colorado","Kit Carson County",3,39,86,47,39
050,08,063,"Colorado","Kit Carson County",3,40,84,44,40
050,08,063,"Colorado","Kit Carson County",3,41,89,44,45
050,08,063,"Colorado","Kit Carson County",3,42,78,34,44
050,08,063,"Colorado","Kit Carson County",3,43,81,38,43
050,08,063,"Colorado","Kit Carson County",3,44,75,42,33
050,08,063,"Colorado","Kit Carson County",3,45,63,29,34
050,08,063,"Colorado","Kit Carson County",3,46,62,30,32
050,08,063,"Colorado","Kit Carson County",3,47,63,35,28
050,08,063,"Colorado","Kit Carson County",3,48,70,38,32
050,08,063,"Colorado","Kit Carson County",3,49,69,35,34
050,08,063,"Colorado","Kit Carson County",3,50,71,31,40
050,08,063,"Colorado","Kit Carson County",3,51,66,28,38
050,08,063,"Colorado","Kit Carson County",3,52,72,35,37
050,08,063,"Colorado","Kit Carson County",3,53,71,41,30
050,08,063,"Colorado","Kit Carson County",3,54,58,28,30
050,08,063,"Colorado","Kit Carson County",3,55,59,27,32
050,08,063,"Colorado","Kit Carson County",3,56,66,28,38
050,08,063,"Colorado","Kit Carson County",3,57,87,42,45
050,08,063,"Colorado","Kit Carson County",3,58,105,47,58
050,08,063,"Colorado","Kit Carson County",3,59,105,50,55
050,08,063,"Colorado","Kit Carson County",3,60,101,49,52
050,08,063,"Colorado","Kit Carson County",3,61,97,50,47
050,08,063,"Colorado","Kit Carson County",3,62,105,51,54
050,08,063,"Colorado","Kit Carson County",3,63,108,57,51
050,08,063,"Colorado","Kit Carson County",3,64,111,59,52
050,08,063,"Colorado","Kit Carson County",3,65,107,56,51
050,08,063,"Colorado","Kit Carson County",3,66,93,52,41
050,08,063,"Colorado","Kit Carson County",3,67,82,46,36
050,08,063,"Colorado","Kit Carson County",3,68,80,45,35
050,08,063,"Colorado","Kit Carson County",3,69,82,47,35
050,08,063,"Colorado","Kit Carson County",3,70,77,40,37
050,08,063,"Colorado","Kit Carson County",3,71,68,34,34
050,08,063,"Colorado","Kit Carson County",3,72,61,30,31
050,08,063,"Colorado","Kit Carson County",3,73,55,24,31
050,08,063,"Colorado","Kit Carson County",3,74,72,36,36
050,08,063,"Colorado","Kit Carson County",3,75,57,30,27
050,08,063,"Colorado","Kit Carson County",3,76,49,21,28
050,08,063,"Colorado","Kit Carson County",3,77,47,19,28
050,08,063,"Colorado","Kit Carson County",3,78,51,22,29
050,08,063,"Colorado","Kit Carson County",3,79,47,22,25
050,08,063,"Colorado","Kit Carson County",3,80,49,24,25
050,08,063,"Colorado","Kit Carson County",3,81,41,22,19
050,08,063,"Colorado","Kit Carson County",3,82,29,16,13
050,08,063,"Colorado","Kit Carson County",3,83,31,13,18
050,08,063,"Colorado","Kit Carson County",3,84,39,18,21
050,08,063,"Colorado","Kit Carson County",3,85,196,66,130
050,08,063,"Colorado","Kit Carson County",4,0,95,56,39
050,08,063,"Colorado","Kit Carson County",4,1,86,50,36
050,08,063,"Colorado","Kit Carson County",4,2,91,48,43
050,08,063,"Colorado","Kit Carson County",4,3,80,41,39
050,08,063,"Colorado","Kit Carson County",4,4,70,42,28
050,08,063,"Colorado","Kit Carson County",4,5,85,46,39
050,08,063,"Colorado","Kit Carson County",4,6,94,42,52
050,08,063,"Colorado","Kit Carson County",4,7,108,51,57
050,08,063,"Colorado","Kit Carson County",4,8,97,50,47
050,08,063,"Colorado","Kit Carson County",4,9,89,53,36
050,08,063,"Colorado","Kit Carson County",4,10,115,59,56
050,08,063,"Colorado","Kit Carson County",4,11,107,52,55
050,08,063,"Colorado","Kit Carson County",4,12,115,61,54
050,08,063,"Colorado","Kit Carson County",4,13,98,49,49
050,08,063,"Colorado","Kit Carson County",4,14,114,49,65
050,08,063,"Colorado","Kit Carson County",4,15,115,55,60
050,08,063,"Colorado","Kit Carson County",4,16,114,54,60
050,08,063,"Colorado","Kit Carson County",4,17,109,58,51
050,08,063,"Colorado","Kit Carson County",4,18,82,47,35
050,08,063,"Colorado","Kit Carson County",4,19,60,34,26
050,08,063,"Colorado","Kit Carson County",4,20,62,33,29
050,08,063,"Colorado","Kit Carson County",4,21,69,34,35
050,08,063,"Colorado","Kit Carson County",4,22,72,37,35
050,08,063,"Colorado","Kit Carson County",4,23,81,40,41
050,08,063,"Colorado","Kit Carson County",4,24,78,43,35
050,08,063,"Colorado","Kit Carson County",4,25,66,41,25
050,08,063,"Colorado","Kit Carson County",4,26,53,28,25
050,08,063,"Colorado","Kit Carson County",4,27,69,37,32
050,08,063,"Colorado","Kit Carson County",4,28,79,37,42
050,08,063,"Colorado","Kit Carson County",4,29,73,41,32
050,08,063,"Colorado","Kit Carson County",4,30,81,44,37
050,08,063,"Colorado","Kit Carson County",4,31,84,41,43
050,08,063,"Colorado","Kit Carson County",4,32,95,46,49
050,08,063,"Colorado","Kit Carson County",4,33,75,42,33
050,08,063,"Colorado","Kit Carson County",4,34,79,40,39
050,08,063,"Colorado","Kit Carson County",4,35,94,51,43
050,08,063,"Colorado","Kit Carson County",4,36,75,42,33
050,08,063,"Colorado","Kit Carson County",4,37,80,42,38
050,08,063,"Colorado","Kit Carson County",4,38,103,66,37
050,08,063,"Colorado","Kit Carson County",4,39,103,61,42
050,08,063,"Colorado","Kit Carson County",4,40,76,40,36
050,08,063,"Colorado","Kit Carson County",4,41,80,41,39
050,08,063,"Colorado","Kit Carson County",4,42,92,45,47
050,08,063,"Colorado","Kit Carson County",4,43,80,37,43
050,08,063,"Colorado","Kit Carson County",4,44,86,42,44
050,08,063,"Colorado","Kit Carson County",4,45,73,43,30
050,08,063,"Colorado","Kit Carson County",4,46,72,31,41
050,08,063,"Colorado","Kit Carson County",4,47,65,31,34
050,08,063,"Colorado","Kit Carson County",4,48,66,37,29
050,08,063,"Colorado","Kit Carson County",4,49,76,41,35
050,08,063,"Colorado","Kit Carson County",4,50,76,40,36
050,08,063,"Colorado","Kit Carson County",4,51,67,29,38
050,08,063,"Colorado","Kit Carson County",4,52,74,29,45
050,08,063,"Colorado","Kit Carson County",4,53,73,37,36
050,08,063,"Colorado","Kit Carson County",4,54,61,34,27
050,08,063,"Colorado","Kit Carson County",4,55,61,30,31
050,08,063,"Colorado","Kit Carson County",4,56,66,32,34
050,08,063,"Colorado","Kit Carson County",4,57,66,30,36
050,08,063,"Colorado","Kit Carson County",4,58,91,42,49
050,08,063,"Colorado","Kit Carson County",4,59,100,44,56
050,08,063,"Colorado","Kit Carson County",4,60,100,48,52
050,08,063,"Colorado","Kit Carson County",4,61,99,51,48
050,08,063,"Colorado","Kit Carson County",4,62,102,50,52
050,08,063,"Colorado","Kit Carson County",4,63,99,48,51
050,08,063,"Colorado","Kit Carson County",4,64,103,55,48
050,08,063,"Colorado","Kit Carson County",4,65,109,56,53
050,08,063,"Colorado","Kit Carson County",4,66,105,58,47
050,08,063,"Colorado","Kit Carson County",4,67,95,53,42
050,08,063,"Colorado","Kit Carson County",4,68,83,45,38
050,08,063,"Colorado","Kit Carson County",4,69,82,46,36
050,08,063,"Colorado","Kit Carson County",4,70,82,47,35
050,08,063,"Colorado","Kit Carson County",4,71,76,40,36
050,08,063,"Colorado","Kit Carson County",4,72,69,34,35
050,08,063,"Colorado","Kit Carson County",4,73,60,30,30
050,08,063,"Colorado","Kit Carson County",4,74,55,24,31
050,08,063,"Colorado","Kit Carson County",4,75,74,37,37
050,08,063,"Colorado","Kit Carson County",4,76,52,28,24
050,08,063,"Colorado","Kit Carson County",4,77,49,21,28
050,08,063,"Colorado","Kit Carson County",4,78,48,19,29
050,08,063,"Colorado","Kit Carson County",4,79,52,22,30
050,08,063,"Colorado","Kit Carson County",4,80,46,20,26
050,08,063,"Colorado","Kit Carson County",4,81,49,24,25
050,08,063,"Colorado","Kit Carson County",4,82,36,21,15
050,08,063,"Colorado","Kit Carson County",4,83,28,14,14
050,08,063,"Colorado","Kit Carson County",4,84,28,13,15
050,08,063,"Colorado","Kit Carson County",4,85,206,66,140
050,08,063,"Colorado","Kit Carson County",5,0,92,54,38
050,08,063,"Colorado","Kit Carson County",5,1,89,51,38
050,08,063,"Colorado","Kit Carson County",5,2,89,50,39
050,08,063,"Colorado","Kit Carson County",5,3,92,50,42
050,08,063,"Colorado","Kit Carson County",5,4,78,44,34
050,08,063,"Colorado","Kit Carson County",5,5,72,43,29
050,08,063,"Colorado","Kit Carson County",5,6,82,42,40
050,08,063,"Colorado","Kit Carson County",5,7,113,46,67
050,08,063,"Colorado","Kit Carson County",5,8,108,52,56
050,08,063,"Colorado","Kit Carson County",5,9,96,50,46
050,08,063,"Colorado","Kit Carson County",5,10,87,52,35
050,08,063,"Colorado","Kit Carson County",5,11,118,57,61
050,08,063,"Colorado","Kit Carson County",5,12,110,52,58
050,08,063,"Colorado","Kit Carson County",5,13,119,63,56
050,08,063,"Colorado","Kit Carson County",5,14,95,48,47
050,08,063,"Colorado","Kit Carson County",5,15,115,52,63
050,08,063,"Colorado","Kit Carson County",5,16,120,58,62
050,08,063,"Colorado","Kit Carson County",5,17,109,52,57
050,08,063,"Colorado","Kit Carson County",5,18,90,49,41
050,08,063,"Colorado","Kit Carson County",5,19,63,34,29
050,08,063,"Colorado","Kit Carson County",5,20,62,33,29
050,08,063,"Colorado","Kit Carson County",5,21,67,35,32
050,08,063,"Colorado","Kit Carson County",5,22,78,33,45
050,08,063,"Colorado","Kit Carson County",5,23,73,38,35
050,08,063,"Colorado","Kit Carson County",5,24,74,39,35
050,08,063,"Colorado","Kit Carson County",5,25,81,49,32
050,08,063,"Colorado","Kit Carson County",5,26,65,35,30
050,08,063,"Colorado","Kit Carson County",5,27,55,32,23
050,08,063,"Colorado","Kit Carson County",5,28,66,39,27
050,08,063,"Colorado","Kit Carson County",5,29,71,34,37
050,08,063,"Colorado","Kit Carson County",5,30,69,37,32
050,08,063,"Colorado","Kit Carson County",5,31,75,37,38
050,08,063,"Colorado","Kit Carson County",5,32,90,47,43
050,08,063,"Colorado","Kit Carson County",5,33,102,51,51
050,08,063,"Colorado","Kit Carson County",5,34,77,39,38
050,08,063,"Colorado","Kit Carson County",5,35,81,39,42
050,08,063,"Colorado","Kit Carson County",5,36,98,54,44
050,08,063,"Colorado","Kit Carson County",5,37,76,41,35
050,08,063,"Colorado","Kit Carson County",5,38,83,44,39
050,08,063,"Colorado","Kit Carson County",5,39,99,63,36
050,08,063,"Colorado","Kit Carson County",5,40,100,59,41
050,08,063,"Colorado","Kit Carson County",5,41,79,42,37
050,08,063,"Colorado","Kit Carson County",5,42,80,40,40
050,08,063,"Colorado","Kit Carson County",5,43,96,45,51
050,08,063,"Colorado","Kit Carson County",5,44,81,37,44
050,08,063,"Colorado","Kit Carson County",5,45,87,44,43
050,08,063,"Colorado","Kit Carson County",5,46,74,43,31
050,08,063,"Colorado","Kit Carson County",5,47,79,38,41
050,08,063,"Colorado","Kit Carson County",5,48,67,28,39
050,08,063,"Colorado","Kit Carson County",5,49,72,42,30
050,08,063,"Colorado","Kit Carson County",5,50,75,40,35
050,08,063,"Colorado","Kit Carson County",5,51,74,37,37
050,08,063,"Colorado","Kit Carson County",5,52,70,30,40
050,08,063,"Colorado","Kit Carson County",5,53,76,28,48
050,08,063,"Colorado","Kit Carson County",5,54,76,39,37
050,08,063,"Colorado","Kit Carson County",5,55,64,35,29
050,08,063,"Colorado","Kit Carson County",5,56,61,30,31
050,08,063,"Colorado","Kit Carson County",5,57,64,31,33
050,08,063,"Colorado","Kit Carson County",5,58,68,29,39
050,08,063,"Colorado","Kit Carson County",5,59,90,41,49
050,08,063,"Colorado","Kit Carson County",5,60,94,41,53
050,08,063,"Colorado","Kit Carson County",5,61,97,46,51
050,08,063,"Colorado","Kit Carson County",5,62,104,51,53
050,08,063,"Colorado","Kit Carson County",5,63,94,44,50
050,08,063,"Colorado","Kit Carson County",5,64,97,47,50
050,08,063,"Colorado","Kit Carson County",5,65,105,57,48
050,08,063,"Colorado","Kit Carson County",5,66,100,52,48
050,08,063,"Colorado","Kit Carson County",5,67,105,57,48
050,08,063,"Colorado","Kit Carson County",5,68,94,53,41
050,08,063,"Colorado","Kit Carson County",5,69,78,41,37
050,08,063,"Colorado","Kit Carson County",5,70,78,44,34
050,08,063,"Colorado","Kit Carson County",5,71,82,48,34
050,08,063,"Colorado","Kit Carson County",5,72,70,36,34
050,08,063,"Colorado","Kit Carson County",5,73,66,33,33
050,08,063,"Colorado","Kit Carson County",5,74,54,27,27
050,08,063,"Colorado","Kit Carson County",5,75,54,23,31
050,08,063,"Colorado","Kit Carson County",5,76,72,35,37
050,08,063,"Colorado","Kit Carson County",5,77,49,26,23
050,08,063,"Colorado","Kit Carson County",5,78,47,20,27
050,08,063,"Colorado","Kit Carson County",5,79,46,20,26
050,08,063,"Colorado","Kit Carson County",5,80,51,19,32
050,08,063,"Colorado","Kit Carson County",5,81,45,20,25
050,08,063,"Colorado","Kit Carson County",5,82,47,23,24
050,08,063,"Colorado","Kit Carson County",5,83,34,19,15
050,08,063,"Colorado","Kit Carson County",5,84,22,10,12
050,08,063,"Colorado","Kit Carson County",5,85,197,60,137
050,08,065,"Colorado","Lake County",1,0,87,44,43
050,08,065,"Colorado","Lake County",1,1,92,43,49
050,08,065,"Colorado","Lake County",1,2,84,49,35
050,08,065,"Colorado","Lake County",1,3,78,37,41
050,08,065,"Colorado","Lake County",1,4,82,43,39
050,08,065,"Colorado","Lake County",1,5,87,43,44
050,08,065,"Colorado","Lake County",1,6,79,41,38
050,08,065,"Colorado","Lake County",1,7,87,43,44
050,08,065,"Colorado","Lake County",1,8,83,45,38
050,08,065,"Colorado","Lake County",1,9,95,46,49
050,08,065,"Colorado","Lake County",1,10,84,35,49
050,08,065,"Colorado","Lake County",1,11,86,41,45
050,08,065,"Colorado","Lake County",1,12,90,50,40
050,08,065,"Colorado","Lake County",1,13,100,51,49
050,08,065,"Colorado","Lake County",1,14,91,46,45
050,08,065,"Colorado","Lake County",1,15,81,38,43
050,08,065,"Colorado","Lake County",1,16,88,39,49
050,08,065,"Colorado","Lake County",1,17,72,37,35
050,08,065,"Colorado","Lake County",1,18,85,52,33
050,08,065,"Colorado","Lake County",1,19,82,44,38
050,08,065,"Colorado","Lake County",1,20,104,59,45
050,08,065,"Colorado","Lake County",1,21,91,51,40
050,08,065,"Colorado","Lake County",1,22,94,48,46
050,08,065,"Colorado","Lake County",1,23,107,63,44
050,08,065,"Colorado","Lake County",1,24,118,60,58
050,08,065,"Colorado","Lake County",1,25,112,66,46
050,08,065,"Colorado","Lake County",1,26,105,49,56
050,08,065,"Colorado","Lake County",1,27,142,74,68
050,08,065,"Colorado","Lake County",1,28,132,75,57
050,08,065,"Colorado","Lake County",1,29,123,71,52
050,08,065,"Colorado","Lake County",1,30,136,73,63
050,08,065,"Colorado","Lake County",1,31,119,66,53
050,08,065,"Colorado","Lake County",1,32,129,70,59
050,08,065,"Colorado","Lake County",1,33,130,74,56
050,08,065,"Colorado","Lake County",1,34,125,68,57
050,08,065,"Colorado","Lake County",1,35,96,55,41
050,08,065,"Colorado","Lake County",1,36,105,63,42
050,08,065,"Colorado","Lake County",1,37,117,70,47
050,08,065,"Colorado","Lake County",1,38,117,59,58
050,08,065,"Colorado","Lake County",1,39,109,59,50
050,08,065,"Colorado","Lake County",1,40,112,63,49
050,08,065,"Colorado","Lake County",1,41,101,59,42
050,08,065,"Colorado","Lake County",1,42,97,52,45
050,08,065,"Colorado","Lake County",1,43,100,66,34
050,08,065,"Colorado","Lake County",1,44,98,59,39
050,08,065,"Colorado","Lake County",1,45,92,51,41
050,08,065,"Colorado","Lake County",1,46,101,52,49
050,08,065,"Colorado","Lake County",1,47,98,55,43
050,08,065,"Colorado","Lake County",1,48,93,58,35
050,08,065,"Colorado","Lake County",1,49,93,56,37
050,08,065,"Colorado","Lake County",1,50,95,45,50
050,08,065,"Colorado","Lake County",1,51,92,48,44
050,08,065,"Colorado","Lake County",1,52,97,48,49
050,08,065,"Colorado","Lake County",1,53,88,48,40
050,08,065,"Colorado","Lake County",1,54,78,44,34
050,08,065,"Colorado","Lake County",1,55,88,50,38
050,08,065,"Colorado","Lake County",1,56,98,54,44
050,08,065,"Colorado","Lake County",1,57,102,48,54
050,08,065,"Colorado","Lake County",1,58,92,47,45
050,08,065,"Colorado","Lake County",1,59,90,40,50
050,08,065,"Colorado","Lake County",1,60,97,56,41
050,08,065,"Colorado","Lake County",1,61,96,61,35
050,08,065,"Colorado","Lake County",1,62,93,52,41
050,08,065,"Colorado","Lake County",1,63,105,60,45
050,08,065,"Colorado","Lake County",1,64,87,50,37
050,08,065,"Colorado","Lake County",1,65,86,49,37
050,08,065,"Colorado","Lake County",1,66,83,43,40
050,08,065,"Colorado","Lake County",1,67,91,46,45
050,08,065,"Colorado","Lake County",1,68,103,56,47
050,08,065,"Colorado","Lake County",1,69,79,42,37
050,08,065,"Colorado","Lake County",1,70,67,35,32
050,08,065,"Colorado","Lake County",1,71,63,37,26
050,08,065,"Colorado","Lake County",1,72,53,27,26
050,08,065,"Colorado","Lake County",1,73,48,27,21
050,08,065,"Colorado","Lake County",1,74,37,19,18
050,08,065,"Colorado","Lake County",1,75,37,17,20
050,08,065,"Colorado","Lake County",1,76,32,14,18
050,08,065,"Colorado","Lake County",1,77,31,15,16
050,08,065,"Colorado","Lake County",1,78,24,13,11
050,08,065,"Colorado","Lake County",1,79,30,19,11
050,08,065,"Colorado","Lake County",1,80,29,15,14
050,08,065,"Colorado","Lake County",1,81,25,11,14
050,08,065,"Colorado","Lake County",1,82,21,10,11
050,08,065,"Colorado","Lake County",1,83,14,9,5
050,08,065,"Colorado","Lake County",1,84,12,7,5
050,08,065,"Colorado","Lake County",1,85,60,25,35
050,08,065,"Colorado","Lake County",2,0,85,39,46
050,08,065,"Colorado","Lake County",2,1,91,43,48
050,08,065,"Colorado","Lake County",2,2,87,49,38
050,08,065,"Colorado","Lake County",2,3,78,39,39
050,08,065,"Colorado","Lake County",2,4,80,41,39
050,08,065,"Colorado","Lake County",2,5,86,44,42
050,08,065,"Colorado","Lake County",2,6,78,39,39
050,08,065,"Colorado","Lake County",2,7,81,41,40
050,08,065,"Colorado","Lake County",2,8,84,44,40
050,08,065,"Colorado","Lake County",2,9,91,45,46
050,08,065,"Colorado","Lake County",2,10,88,38,50
050,08,065,"Colorado","Lake County",2,11,84,40,44
050,08,065,"Colorado","Lake County",2,12,91,50,41
050,08,065,"Colorado","Lake County",2,13,96,50,46
050,08,065,"Colorado","Lake County",2,14,91,47,44
050,08,065,"Colorado","Lake County",2,15,84,40,44
050,08,065,"Colorado","Lake County",2,16,87,39,48
050,08,065,"Colorado","Lake County",2,17,75,37,38
050,08,065,"Colorado","Lake County",2,18,84,50,34
050,08,065,"Colorado","Lake County",2,19,84,47,37
050,08,065,"Colorado","Lake County",2,20,101,57,44
050,08,065,"Colorado","Lake County",2,21,89,49,40
050,08,065,"Colorado","Lake County",2,22,93,49,44
050,08,065,"Colorado","Lake County",2,23,104,59,45
050,08,065,"Colorado","Lake County",2,24,115,62,53
050,08,065,"Colorado","Lake County",2,25,112,64,48
050,08,065,"Colorado","Lake County",2,26,109,54,55
050,08,065,"Colorado","Lake County",2,27,130,67,63
050,08,065,"Colorado","Lake County",2,28,135,76,59
050,08,065,"Colorado","Lake County",2,29,127,73,54
050,08,065,"Colorado","Lake County",2,30,132,73,59
050,08,065,"Colorado","Lake County",2,31,121,67,54
050,08,065,"Colorado","Lake County",2,32,124,68,56
050,08,065,"Colorado","Lake County",2,33,129,73,56
050,08,065,"Colorado","Lake County",2,34,125,68,57
050,08,065,"Colorado","Lake County",2,35,102,56,46
050,08,065,"Colorado","Lake County",2,36,100,60,40
050,08,065,"Colorado","Lake County",2,37,114,67,47
050,08,065,"Colorado","Lake County",2,38,117,62,55
050,08,065,"Colorado","Lake County",2,39,113,61,52
050,08,065,"Colorado","Lake County",2,40,113,63,50
050,08,065,"Colorado","Lake County",2,41,102,59,43
050,08,065,"Colorado","Lake County",2,42,99,55,44
050,08,065,"Colorado","Lake County",2,43,101,64,37
050,08,065,"Colorado","Lake County",2,44,95,58,37
050,08,065,"Colorado","Lake County",2,45,95,54,41
050,08,065,"Colorado","Lake County",2,46,97,51,46
050,08,065,"Colorado","Lake County",2,47,98,54,44
050,08,065,"Colorado","Lake County",2,48,93,57,36
050,08,065,"Colorado","Lake County",2,49,93,56,37
050,08,065,"Colorado","Lake County",2,50,94,47,47
050,08,065,"Colorado","Lake County",2,51,93,48,45
050,08,065,"Colorado","Lake County",2,52,95,48,47
050,08,065,"Colorado","Lake County",2,53,89,46,43
050,08,065,"Colorado","Lake County",2,54,80,45,35
050,08,065,"Colorado","Lake County",2,55,85,49,36
050,08,065,"Colorado","Lake County",2,56,94,53,41
050,08,065,"Colorado","Lake County",2,57,101,48,53
050,08,065,"Colorado","Lake County",2,58,93,47,46
050,08,065,"Colorado","Lake County",2,59,93,44,49
050,08,065,"Colorado","Lake County",2,60,97,54,43
050,08,065,"Colorado","Lake County",2,61,95,58,37
050,08,065,"Colorado","Lake County",2,62,93,54,39
050,08,065,"Colorado","Lake County",2,63,102,57,45
050,08,065,"Colorado","Lake County",2,64,89,51,38
050,08,065,"Colorado","Lake County",2,65,83,47,36
050,08,065,"Colorado","Lake County",2,66,81,43,38
050,08,065,"Colorado","Lake County",2,67,89,45,44
050,08,065,"Colorado","Lake County",2,68,99,53,46
050,08,065,"Colorado","Lake County",2,69,84,44,40
050,08,065,"Colorado","Lake County",2,70,69,36,33
050,08,065,"Colorado","Lake County",2,71,65,37,28
050,08,065,"Colorado","Lake County",2,72,55,28,27
050,08,065,"Colorado","Lake County",2,73,51,28,23
050,08,065,"Colorado","Lake County",2,74,38,20,18
050,08,065,"Colorado","Lake County",2,75,37,18,19
050,08,065,"Colorado","Lake County",2,76,33,15,18
050,08,065,"Colorado","Lake County",2,77,32,15,17
050,08,065,"Colorado","Lake County",2,78,25,13,12
050,08,065,"Colorado","Lake County",2,79,29,18,11
050,08,065,"Colorado","Lake County",2,80,29,15,14
050,08,065,"Colorado","Lake County",2,81,24,10,14
050,08,065,"Colorado","Lake County",2,82,22,10,12
050,08,065,"Colorado","Lake County",2,83,14,8,6
050,08,065,"Colorado","Lake County",2,84,13,8,5
050,08,065,"Colorado","Lake County",2,85,60,25,35
050,08,065,"Colorado","Lake County",3,0,71,44,27
050,08,065,"Colorado","Lake County",3,1,83,39,44
050,08,065,"Colorado","Lake County",3,2,94,44,50
050,08,065,"Colorado","Lake County",3,3,86,47,39
050,08,065,"Colorado","Lake County",3,4,78,39,39
050,08,065,"Colorado","Lake County",3,5,80,45,35
050,08,065,"Colorado","Lake County",3,6,102,50,52
050,08,065,"Colorado","Lake County",3,7,78,40,38
050,08,065,"Colorado","Lake County",3,8,79,42,37
050,08,065,"Colorado","Lake County",3,9,87,43,44
050,08,065,"Colorado","Lake County",3,10,87,42,45
050,08,065,"Colorado","Lake County",3,11,91,42,49
050,08,065,"Colorado","Lake County",3,12,86,45,41
050,08,065,"Colorado","Lake County",3,13,88,51,37
050,08,065,"Colorado","Lake County",3,14,99,51,48
050,08,065,"Colorado","Lake County",3,15,92,47,45
050,08,065,"Colorado","Lake County",3,16,77,36,41
050,08,065,"Colorado","Lake County",3,17,79,34,45
050,08,065,"Colorado","Lake County",3,18,78,45,33
050,08,065,"Colorado","Lake County",3,19,93,57,36
050,08,065,"Colorado","Lake County",3,20,97,57,40
050,08,065,"Colorado","Lake County",3,21,89,45,44
050,08,065,"Colorado","Lake County",3,22,94,53,41
050,08,065,"Colorado","Lake County",3,23,89,44,45
050,08,065,"Colorado","Lake County",3,24,92,57,35
050,08,065,"Colorado","Lake County",3,25,109,61,48
050,08,065,"Colorado","Lake County",3,26,113,61,52
050,08,065,"Colorado","Lake County",3,27,112,57,55
050,08,065,"Colorado","Lake County",3,28,129,64,65
050,08,065,"Colorado","Lake County",3,29,131,68,63
050,08,065,"Colorado","Lake County",3,30,125,72,53
050,08,065,"Colorado","Lake County",3,31,138,77,61
050,08,065,"Colorado","Lake County",3,32,124,71,53
050,08,065,"Colorado","Lake County",3,33,119,60,59
050,08,065,"Colorado","Lake County",3,34,131,71,60
050,08,065,"Colorado","Lake County",3,35,123,63,60
050,08,065,"Colorado","Lake County",3,36,110,61,49
050,08,065,"Colorado","Lake County",3,37,118,73,45
050,08,065,"Colorado","Lake County",3,38,122,71,51
050,08,065,"Colorado","Lake County",3,39,109,55,54
050,08,065,"Colorado","Lake County",3,40,115,59,56
050,08,065,"Colorado","Lake County",3,41,118,61,57
050,08,065,"Colorado","Lake County",3,42,101,63,38
050,08,065,"Colorado","Lake County",3,43,99,53,46
050,08,065,"Colorado","Lake County",3,44,96,61,35
050,08,065,"Colorado","Lake County",3,45,90,55,35
050,08,065,"Colorado","Lake County",3,46,97,57,40
050,08,065,"Colorado","Lake County",3,47,97,54,43
050,08,065,"Colorado","Lake County",3,48,100,53,47
050,08,065,"Colorado","Lake County",3,49,84,53,31
050,08,065,"Colorado","Lake County",3,50,96,58,38
050,08,065,"Colorado","Lake County",3,51,92,45,47
050,08,065,"Colorado","Lake County",3,52,98,52,46
050,08,065,"Colorado","Lake County",3,53,82,43,39
050,08,065,"Colorado","Lake County",3,54,86,46,40
050,08,065,"Colorado","Lake County",3,55,78,42,36
050,08,065,"Colorado","Lake County",3,56,83,49,34
050,08,065,"Colorado","Lake County",3,57,89,49,40
050,08,065,"Colorado","Lake County",3,58,96,45,51
050,08,065,"Colorado","Lake County",3,59,91,44,47
050,08,065,"Colorado","Lake County",3,60,88,40,48
050,08,065,"Colorado","Lake County",3,61,103,60,43
050,08,065,"Colorado","Lake County",3,62,82,47,35
050,08,065,"Colorado","Lake County",3,63,85,52,33
050,08,065,"Colorado","Lake County",3,64,97,54,43
050,08,065,"Colorado","Lake County",3,65,77,43,34
050,08,065,"Colorado","Lake County",3,66,81,48,33
050,08,065,"Colorado","Lake County",3,67,82,44,38
050,08,065,"Colorado","Lake County",3,68,83,41,42
050,08,065,"Colorado","Lake County",3,69,98,53,45
050,08,065,"Colorado","Lake County",3,70,84,44,40
050,08,065,"Colorado","Lake County",3,71,68,36,32
050,08,065,"Colorado","Lake County",3,72,64,37,27
050,08,065,"Colorado","Lake County",3,73,54,29,25
050,08,065,"Colorado","Lake County",3,74,51,27,24
050,08,065,"Colorado","Lake County",3,75,37,19,18
050,08,065,"Colorado","Lake County",3,76,37,19,18
050,08,065,"Colorado","Lake County",3,77,32,15,17
050,08,065,"Colorado","Lake County",3,78,30,14,16
050,08,065,"Colorado","Lake County",3,79,24,13,11
050,08,065,"Colorado","Lake County",3,80,28,18,10
050,08,065,"Colorado","Lake County",3,81,27,15,12
050,08,065,"Colorado","Lake County",3,82,22,9,13
050,08,065,"Colorado","Lake County",3,83,17,7,10
050,08,065,"Colorado","Lake County",3,84,12,6,6
050,08,065,"Colorado","Lake County",3,85,62,29,33
050,08,065,"Colorado","Lake County",4,0,84,45,39
050,08,065,"Colorado","Lake County",4,1,76,46,30
050,08,065,"Colorado","Lake County",4,2,73,35,38
050,08,065,"Colorado","Lake County",4,3,87,45,42
050,08,065,"Colorado","Lake County",4,4,83,48,35
050,08,065,"Colorado","Lake County",4,5,74,39,35
050,08,065,"Colorado","Lake County",4,6,88,45,43
050,08,065,"Colorado","Lake County",4,7,91,44,47
050,08,065,"Colorado","Lake County",4,8,71,40,31
050,08,065,"Colorado","Lake County",4,9,84,48,36
050,08,065,"Colorado","Lake County",4,10,83,39,44
050,08,065,"Colorado","Lake County",4,11,90,46,44
050,08,065,"Colorado","Lake County",4,12,90,44,46
050,08,065,"Colorado","Lake County",4,13,78,33,45
050,08,065,"Colorado","Lake County",4,14,84,46,38
050,08,065,"Colorado","Lake County",4,15,97,50,47
050,08,065,"Colorado","Lake County",4,16,85,49,36
050,08,065,"Colorado","Lake County",4,17,74,33,41
050,08,065,"Colorado","Lake County",4,18,79,37,42
050,08,065,"Colorado","Lake County",4,19,83,50,33
050,08,065,"Colorado","Lake County",4,20,103,68,35
050,08,065,"Colorado","Lake County",4,21,82,49,33
050,08,065,"Colorado","Lake County",4,22,85,43,42
050,08,065,"Colorado","Lake County",4,23,105,57,48
050,08,065,"Colorado","Lake County",4,24,94,45,49
050,08,065,"Colorado","Lake County",4,25,103,64,39
050,08,065,"Colorado","Lake County",4,26,112,67,45
050,08,065,"Colorado","Lake County",4,27,110,59,51
050,08,065,"Colorado","Lake County",4,28,112,57,55
050,08,065,"Colorado","Lake County",4,29,140,70,70
050,08,065,"Colorado","Lake County",4,30,122,63,59
050,08,065,"Colorado","Lake County",4,31,127,67,60
050,08,065,"Colorado","Lake County",4,32,146,87,59
050,08,065,"Colorado","Lake County",4,33,129,73,56
050,08,065,"Colorado","Lake County",4,34,119,61,58
050,08,065,"Colorado","Lake County",4,35,115,60,55
050,08,065,"Colorado","Lake County",4,36,118,61,57
050,08,065,"Colorado","Lake County",4,37,107,57,50
050,08,065,"Colorado","Lake County",4,38,113,68,45
050,08,065,"Colorado","Lake County",4,39,118,70,48
050,08,065,"Colorado","Lake County",4,40,103,51,52
050,08,065,"Colorado","Lake County",4,41,102,49,53
050,08,065,"Colorado","Lake County",4,42,118,59,59
050,08,065,"Colorado","Lake County",4,43,95,59,36
050,08,065,"Colorado","Lake County",4,44,100,54,46
050,08,065,"Colorado","Lake County",4,45,99,64,35
050,08,065,"Colorado","Lake County",4,46,91,54,37
050,08,065,"Colorado","Lake County",4,47,98,54,44
050,08,065,"Colorado","Lake County",4,48,93,50,43
050,08,065,"Colorado","Lake County",4,49,97,50,47
050,08,065,"Colorado","Lake County",4,50,89,56,33
050,08,065,"Colorado","Lake County",4,51,90,56,34
050,08,065,"Colorado","Lake County",4,52,92,52,40
050,08,065,"Colorado","Lake County",4,53,95,50,45
050,08,065,"Colorado","Lake County",4,54,74,36,38
050,08,065,"Colorado","Lake County",4,55,84,44,40
050,08,065,"Colorado","Lake County",4,56,74,38,36
050,08,065,"Colorado","Lake County",4,57,83,49,34
050,08,065,"Colorado","Lake County",4,58,86,50,36
050,08,065,"Colorado","Lake County",4,59,95,47,48
050,08,065,"Colorado","Lake County",4,60,94,42,52
050,08,065,"Colorado","Lake County",4,61,87,39,48
050,08,065,"Colorado","Lake County",4,62,99,56,43
050,08,065,"Colorado","Lake County",4,63,82,48,34
050,08,065,"Colorado","Lake County",4,64,89,55,34
050,08,065,"Colorado","Lake County",4,65,99,54,45
050,08,065,"Colorado","Lake County",4,66,75,41,34
050,08,065,"Colorado","Lake County",4,67,78,47,31
050,08,065,"Colorado","Lake County",4,68,77,38,39
050,08,065,"Colorado","Lake County",4,69,79,36,43
050,08,065,"Colorado","Lake County",4,70,87,47,40
050,08,065,"Colorado","Lake County",4,71,85,45,40
050,08,065,"Colorado","Lake County",4,72,66,34,32
050,08,065,"Colorado","Lake County",4,73,65,38,27
050,08,065,"Colorado","Lake County",4,74,54,28,26
050,08,065,"Colorado","Lake County",4,75,51,26,25
050,08,065,"Colorado","Lake County",4,76,36,19,17
050,08,065,"Colorado","Lake County",4,77,35,18,17
050,08,065,"Colorado","Lake County",4,78,30,14,16
050,08,065,"Colorado","Lake County",4,79,33,15,18
050,08,065,"Colorado","Lake County",4,80,24,13,11
050,08,065,"Colorado","Lake County",4,81,26,18,8
050,08,065,"Colorado","Lake County",4,82,27,13,14
050,08,065,"Colorado","Lake County",4,83,18,8,10
050,08,065,"Colorado","Lake County",4,84,16,5,11
050,08,065,"Colorado","Lake County",4,85,62,30,32
050,08,065,"Colorado","Lake County",5,0,84,46,38
050,08,065,"Colorado","Lake County",5,1,91,50,41
050,08,065,"Colorado","Lake County",5,2,78,46,32
050,08,065,"Colorado","Lake County",5,3,78,38,40
050,08,065,"Colorado","Lake County",5,4,75,35,40
050,08,065,"Colorado","Lake County",5,5,84,44,40
050,08,065,"Colorado","Lake County",5,6,82,36,46
050,08,065,"Colorado","Lake County",5,7,95,45,50
050,08,065,"Colorado","Lake County",5,8,94,42,52
050,08,065,"Colorado","Lake County",5,9,72,42,30
050,08,065,"Colorado","Lake County",5,10,77,43,34
050,08,065,"Colorado","Lake County",5,11,83,40,43
050,08,065,"Colorado","Lake County",5,12,83,40,43
050,08,065,"Colorado","Lake County",5,13,83,39,44
050,08,065,"Colorado","Lake County",5,14,77,36,41
050,08,065,"Colorado","Lake County",5,15,84,45,39
050,08,065,"Colorado","Lake County",5,16,93,47,46
050,08,065,"Colorado","Lake County",5,17,83,47,36
050,08,065,"Colorado","Lake County",5,18,77,38,39
050,08,065,"Colorado","Lake County",5,19,84,44,40
050,08,065,"Colorado","Lake County",5,20,90,58,32
050,08,065,"Colorado","Lake County",5,21,87,53,34
050,08,065,"Colorado","Lake County",5,22,93,54,39
050,08,065,"Colorado","Lake County",5,23,86,41,45
050,08,065,"Colorado","Lake County",5,24,111,59,52
050,08,065,"Colorado","Lake County",5,25,97,47,50
050,08,065,"Colorado","Lake County",5,26,107,65,42
050,08,065,"Colorado","Lake County",5,27,113,66,47
050,08,065,"Colorado","Lake County",5,28,115,68,47
050,08,065,"Colorado","Lake County",5,29,115,62,53
050,08,065,"Colorado","Lake County",5,30,129,65,64
050,08,065,"Colorado","Lake County",5,31,130,67,63
050,08,065,"Colorado","Lake County",5,32,149,79,70
050,08,065,"Colorado","Lake County",5,33,146,84,62
050,08,065,"Colorado","Lake County",5,34,125,69,56
050,08,065,"Colorado","Lake County",5,35,122,57,65
050,08,065,"Colorado","Lake County",5,36,115,61,54
050,08,065,"Colorado","Lake County",5,37,119,58,61
050,08,065,"Colorado","Lake County",5,38,104,54,50
050,08,065,"Colorado","Lake County",5,39,109,65,44
050,08,065,"Colorado","Lake County",5,40,108,62,46
050,08,065,"Colorado","Lake County",5,41,98,46,52
050,08,065,"Colorado","Lake County",5,42,99,49,50
050,08,065,"Colorado","Lake County",5,43,116,61,55
050,08,065,"Colorado","Lake County",5,44,89,50,39
050,08,065,"Colorado","Lake County",5,45,105,56,49
050,08,065,"Colorado","Lake County",5,46,100,65,35
050,08,065,"Colorado","Lake County",5,47,87,53,34
050,08,065,"Colorado","Lake County",5,48,101,53,48
050,08,065,"Colorado","Lake County",5,49,86,43,43
050,08,065,"Colorado","Lake County",5,50,93,49,44
050,08,065,"Colorado","Lake County",5,51,86,57,29
050,08,065,"Colorado","Lake County",5,52,90,57,33
050,08,065,"Colorado","Lake County",5,53,89,45,44
050,08,065,"Colorado","Lake County",5,54,91,50,41
050,08,065,"Colorado","Lake County",5,55,79,40,39
050,08,065,"Colorado","Lake County",5,56,85,44,41
050,08,065,"Colorado","Lake County",5,57,72,38,34
050,08,065,"Colorado","Lake County",5,58,86,52,34
050,08,065,"Colorado","Lake County",5,59,89,50,39
050,08,065,"Colorado","Lake County",5,60,90,43,47
050,08,065,"Colorado","Lake County",5,61,96,42,54
050,08,065,"Colorado","Lake County",5,62,83,35,48
050,08,065,"Colorado","Lake County",5,63,91,51,40
050,08,065,"Colorado","Lake County",5,64,81,46,35
050,08,065,"Colorado","Lake County",5,65,88,55,33
050,08,065,"Colorado","Lake County",5,66,96,52,44
050,08,065,"Colorado","Lake County",5,67,73,41,32
050,08,065,"Colorado","Lake County",5,68,75,45,30
050,08,065,"Colorado","Lake County",5,69,71,36,35
050,08,065,"Colorado","Lake County",5,70,77,36,41
050,08,065,"Colorado","Lake County",5,71,86,46,40
050,08,065,"Colorado","Lake County",5,72,81,43,38
050,08,065,"Colorado","Lake County",5,73,66,34,32
050,08,065,"Colorado","Lake County",5,74,63,37,26
050,08,065,"Colorado","Lake County",5,75,50,27,23
050,08,065,"Colorado","Lake County",5,76,49,27,22
050,08,065,"Colorado","Lake County",5,77,35,19,16
050,08,065,"Colorado","Lake County",5,78,34,17,17
050,08,065,"Colorado","Lake County",5,79,30,14,16
050,08,065,"Colorado","Lake County",5,80,33,15,18
050,08,065,"Colorado","Lake County",5,81,19,9,10
050,08,065,"Colorado","Lake County",5,82,26,18,8
050,08,065,"Colorado","Lake County",5,83,25,12,13
050,08,065,"Colorado","Lake County",5,84,16,6,10
050,08,065,"Colorado","Lake County",5,85,63,28,35
050,08,067,"Colorado","La Plata County",1,0,429,219,210
050,08,067,"Colorado","La Plata County",1,1,434,218,216
050,08,067,"Colorado","La Plata County",1,2,470,222,248
050,08,067,"Colorado","La Plata County",1,3,530,271,259
050,08,067,"Colorado","La Plata County",1,4,599,299,300
050,08,067,"Colorado","La Plata County",1,5,615,349,266
050,08,067,"Colorado","La Plata County",1,6,556,296,260
050,08,067,"Colorado","La Plata County",1,7,531,281,250
050,08,067,"Colorado","La Plata County",1,8,547,287,260
050,08,067,"Colorado","La Plata County",1,9,549,276,273
050,08,067,"Colorado","La Plata County",1,10,621,335,286
050,08,067,"Colorado","La Plata County",1,11,611,319,292
050,08,067,"Colorado","La Plata County",1,12,659,343,316
050,08,067,"Colorado","La Plata County",1,13,645,344,301
050,08,067,"Colorado","La Plata County",1,14,616,328,288
050,08,067,"Colorado","La Plata County",1,15,624,318,306
050,08,067,"Colorado","La Plata County",1,16,653,334,319
050,08,067,"Colorado","La Plata County",1,17,621,319,302
050,08,067,"Colorado","La Plata County",1,18,770,386,384
050,08,067,"Colorado","La Plata County",1,19,904,494,410
050,08,067,"Colorado","La Plata County",1,20,639,311,328
050,08,067,"Colorado","La Plata County",1,21,620,328,292
050,08,067,"Colorado","La Plata County",1,22,662,338,324
050,08,067,"Colorado","La Plata County",1,23,636,314,322
050,08,067,"Colorado","La Plata County",1,24,608,308,300
050,08,067,"Colorado","La Plata County",1,25,676,340,336
050,08,067,"Colorado","La Plata County",1,26,673,345,328
050,08,067,"Colorado","La Plata County",1,27,716,377,339
050,08,067,"Colorado","La Plata County",1,28,656,350,306
050,08,067,"Colorado","La Plata County",1,29,688,361,327
050,08,067,"Colorado","La Plata County",1,30,722,368,354
050,08,067,"Colorado","La Plata County",1,31,747,385,362
050,08,067,"Colorado","La Plata County",1,32,748,367,381
050,08,067,"Colorado","La Plata County",1,33,767,398,369
050,08,067,"Colorado","La Plata County",1,34,798,418,380
050,08,067,"Colorado","La Plata County",1,35,787,406,381
050,08,067,"Colorado","La Plata County",1,36,724,369,355
050,08,067,"Colorado","La Plata County",1,37,812,424,388
050,08,067,"Colorado","La Plata County",1,38,838,427,411
050,08,067,"Colorado","La Plata County",1,39,851,441,410
050,08,067,"Colorado","La Plata County",1,40,786,392,394
050,08,067,"Colorado","La Plata County",1,41,705,354,351
050,08,067,"Colorado","La Plata County",1,42,707,382,325
050,08,067,"Colorado","La Plata County",1,43,665,348,317
050,08,067,"Colorado","La Plata County",1,44,696,350,346
050,08,067,"Colorado","La Plata County",1,45,733,375,358
050,08,067,"Colorado","La Plata County",1,46,675,351,324
050,08,067,"Colorado","La Plata County",1,47,665,348,317
050,08,067,"Colorado","La Plata County",1,48,707,361,346
050,08,067,"Colorado","La Plata County",1,49,735,395,340
050,08,067,"Colorado","La Plata County",1,50,702,362,340
050,08,067,"Colorado","La Plata County",1,51,669,335,334
050,08,067,"Colorado","La Plata County",1,52,638,315,323
050,08,067,"Colorado","La Plata County",1,53,642,309,333
050,08,067,"Colorado","La Plata County",1,54,686,334,352
050,08,067,"Colorado","La Plata County",1,55,700,307,393
050,08,067,"Colorado","La Plata County",1,56,734,341,393
050,08,067,"Colorado","La Plata County",1,57,774,377,397
050,08,067,"Colorado","La Plata County",1,58,838,411,427
050,08,067,"Colorado","La Plata County",1,59,869,433,436
050,08,067,"Colorado","La Plata County",1,60,848,416,432
050,08,067,"Colorado","La Plata County",1,61,875,425,450
050,08,067,"Colorado","La Plata County",1,62,899,428,471
050,08,067,"Colorado","La Plata County",1,63,901,446,455
050,08,067,"Colorado","La Plata County",1,64,898,447,451
050,08,067,"Colorado","La Plata County",1,65,880,430,450
050,08,067,"Colorado","La Plata County",1,66,893,444,449
050,08,067,"Colorado","La Plata County",1,67,822,411,411
050,08,067,"Colorado","La Plata County",1,68,821,426,395
050,08,067,"Colorado","La Plata County",1,69,696,349,347
050,08,067,"Colorado","La Plata County",1,70,657,331,326
050,08,067,"Colorado","La Plata County",1,71,639,336,303
050,08,067,"Colorado","La Plata County",1,72,645,336,309
050,08,067,"Colorado","La Plata County",1,73,642,340,302
050,08,067,"Colorado","La Plata County",1,74,421,221,200
050,08,067,"Colorado","La Plata County",1,75,420,215,205
050,08,067,"Colorado","La Plata County",1,76,403,196,207
050,08,067,"Colorado","La Plata County",1,77,348,169,179
050,08,067,"Colorado","La Plata County",1,78,268,132,136
050,08,067,"Colorado","La Plata County",1,79,254,124,130
050,08,067,"Colorado","La Plata County",1,80,209,105,104
050,08,067,"Colorado","La Plata County",1,81,192,96,96
050,08,067,"Colorado","La Plata County",1,82,172,86,86
050,08,067,"Colorado","La Plata County",1,83,172,88,84
050,08,067,"Colorado","La Plata County",1,84,154,76,78
050,08,067,"Colorado","La Plata County",1,85,830,325,505
050,08,067,"Colorado","La Plata County",2,0,440,217,223
050,08,067,"Colorado","La Plata County",2,1,430,217,213
050,08,067,"Colorado","La Plata County",2,2,465,224,241
050,08,067,"Colorado","La Plata County",2,3,516,260,256
050,08,067,"Colorado","La Plata County",2,4,584,297,287
050,08,067,"Colorado","La Plata County",2,5,606,335,271
050,08,067,"Colorado","La Plata County",2,6,569,308,261
050,08,067,"Colorado","La Plata County",2,7,534,283,251
050,08,067,"Colorado","La Plata County",2,8,541,284,257
050,08,067,"Colorado","La Plata County",2,9,549,280,269
050,08,067,"Colorado","La Plata County",2,10,601,318,283
050,08,067,"Colorado","La Plata County",2,11,610,319,291
050,08,067,"Colorado","La Plata County",2,12,649,338,311
050,08,067,"Colorado","La Plata County",2,13,649,345,304
050,08,067,"Colorado","La Plata County",2,14,624,332,292
050,08,067,"Colorado","La Plata County",2,15,623,322,301
050,08,067,"Colorado","La Plata County",2,16,649,333,316
050,08,067,"Colorado","La Plata County",2,17,626,320,306
050,08,067,"Colorado","La Plata County",2,18,782,393,389
050,08,067,"Colorado","La Plata County",2,19,906,493,413
050,08,067,"Colorado","La Plata County",2,20,644,314,330
050,08,067,"Colorado","La Plata County",2,21,622,329,293
050,08,067,"Colorado","La Plata County",2,22,653,333,320
050,08,067,"Colorado","La Plata County",2,23,628,315,313
050,08,067,"Colorado","La Plata County",2,24,618,307,311
050,08,067,"Colorado","La Plata County",2,25,656,332,324
050,08,067,"Colorado","La Plata County",2,26,678,345,333
050,08,067,"Colorado","La Plata County",2,27,701,368,333
050,08,067,"Colorado","La Plata County",2,28,672,358,314
050,08,067,"Colorado","La Plata County",2,29,682,358,324
050,08,067,"Colorado","La Plata County",2,30,715,367,348
050,08,067,"Colorado","La Plata County",2,31,733,375,358
050,08,067,"Colorado","La Plata County",2,32,745,373,372
050,08,067,"Colorado","La Plata County",2,33,760,390,370
050,08,067,"Colorado","La Plata County",2,34,795,414,381
050,08,067,"Colorado","La Plata County",2,35,799,415,384
050,08,067,"Colorado","La Plata County",2,36,733,374,359
050,08,067,"Colorado","La Plata County",2,37,788,408,380
050,08,067,"Colorado","La Plata County",2,38,833,428,405
050,08,067,"Colorado","La Plata County",2,39,843,434,409
050,08,067,"Colorado","La Plata County",2,40,802,403,399
050,08,067,"Colorado","La Plata County",2,41,724,361,363
050,08,067,"Colorado","La Plata County",2,42,702,374,328
050,08,067,"Colorado","La Plata County",2,43,681,357,324
050,08,067,"Colorado","La Plata County",2,44,690,351,339
050,08,067,"Colorado","La Plata County",2,45,730,374,356
050,08,067,"Colorado","La Plata County",2,46,688,356,332
050,08,067,"Colorado","La Plata County",2,47,668,347,321
050,08,067,"Colorado","La Plata County",2,48,698,358,340
050,08,067,"Colorado","La Plata County",2,49,734,389,345
050,08,067,"Colorado","La Plata County",2,50,713,370,343
050,08,067,"Colorado","La Plata County",2,51,673,341,332
050,08,067,"Colorado","La Plata County",2,52,642,318,324
050,08,067,"Colorado","La Plata County",2,53,641,310,331
050,08,067,"Colorado","La Plata County",2,54,676,328,348
050,08,067,"Colorado","La Plata County",2,55,696,316,380
050,08,067,"Colorado","La Plata County",2,56,725,334,391
050,08,067,"Colorado","La Plata County",2,57,764,365,399
050,08,067,"Colorado","La Plata County",2,58,818,400,418
050,08,067,"Colorado","La Plata County",2,59,867,430,437
050,08,067,"Colorado","La Plata County",2,60,852,420,432
050,08,067,"Colorado","La Plata County",2,61,865,421,444
050,08,067,"Colorado","La Plata County",2,62,890,426,464
050,08,067,"Colorado","La Plata County",2,63,909,447,462
050,08,067,"Colorado","La Plata County",2,64,892,443,449
050,08,067,"Colorado","La Plata County",2,65,886,438,448
050,08,067,"Colorado","La Plata County",2,66,889,442,447
050,08,067,"Colorado","La Plata County",2,67,834,419,415
050,08,067,"Colorado","La Plata County",2,68,815,421,394
050,08,067,"Colorado","La Plata County",2,69,732,370,362
050,08,067,"Colorado","La Plata County",2,70,665,336,329
050,08,067,"Colorado","La Plata County",2,71,643,333,310
050,08,067,"Colorado","La Plata County",2,72,632,328,304
050,08,067,"Colorado","La Plata County",2,73,670,352,318
050,08,067,"Colorado","La Plata County",2,74,440,230,210
050,08,067,"Colorado","La Plata County",2,75,419,215,204
050,08,067,"Colorado","La Plata County",2,76,403,200,203
050,08,067,"Colorado","La Plata County",2,77,368,179,189
050,08,067,"Colorado","La Plata County",2,78,281,138,143
050,08,067,"Colorado","La Plata County",2,79,256,124,132
050,08,067,"Colorado","La Plata County",2,80,215,107,108
050,08,067,"Colorado","La Plata County",2,81,196,98,98
050,08,067,"Colorado","La Plata County",2,82,173,86,87
050,08,067,"Colorado","La Plata County",2,83,170,86,84
050,08,067,"Colorado","La Plata County",2,84,157,77,80
050,08,067,"Colorado","La Plata County",2,85,838,329,509
050,08,067,"Colorado","La Plata County",3,0,432,227,205
050,08,067,"Colorado","La Plata County",3,1,434,223,211
050,08,067,"Colorado","La Plata County",3,2,450,226,224
050,08,067,"Colorado","La Plata County",3,3,460,218,242
050,08,067,"Colorado","La Plata County",3,4,518,253,265
050,08,067,"Colorado","La Plata County",3,5,588,302,286
050,08,067,"Colorado","La Plata County",3,6,610,333,277
050,08,067,"Colorado","La Plata County",3,7,583,313,270
050,08,067,"Colorado","La Plata County",3,8,534,280,254
050,08,067,"Colorado","La Plata County",3,9,524,290,234
050,08,067,"Colorado","La Plata County",3,10,557,288,269
050,08,067,"Colorado","La Plata County",3,11,611,328,283
050,08,067,"Colorado","La Plata County",3,12,599,317,282
050,08,067,"Colorado","La Plata County",3,13,646,329,317
050,08,067,"Colorado","La Plata County",3,14,652,356,296
050,08,067,"Colorado","La Plata County",3,15,642,338,304
050,08,067,"Colorado","La Plata County",3,16,630,334,296
050,08,067,"Colorado","La Plata County",3,17,644,322,322
050,08,067,"Colorado","La Plata County",3,18,777,389,388
050,08,067,"Colorado","La Plata County",3,19,848,461,387
050,08,067,"Colorado","La Plata County",3,20,599,288,311
050,08,067,"Colorado","La Plata County",3,21,622,332,290
050,08,067,"Colorado","La Plata County",3,22,625,312,313
050,08,067,"Colorado","La Plata County",3,23,621,324,297
050,08,067,"Colorado","La Plata County",3,24,619,313,306
050,08,067,"Colorado","La Plata County",3,25,626,314,312
050,08,067,"Colorado","La Plata County",3,26,665,341,324
050,08,067,"Colorado","La Plata County",3,27,705,378,327
050,08,067,"Colorado","La Plata County",3,28,734,383,351
050,08,067,"Colorado","La Plata County",3,29,694,377,317
050,08,067,"Colorado","La Plata County",3,30,686,350,336
050,08,067,"Colorado","La Plata County",3,31,746,381,365
050,08,067,"Colorado","La Plata County",3,32,739,380,359
050,08,067,"Colorado","La Plata County",3,33,781,387,394
050,08,067,"Colorado","La Plata County",3,34,782,399,383
050,08,067,"Colorado","La Plata County",3,35,804,407,397
050,08,067,"Colorado","La Plata County",3,36,809,427,382
050,08,067,"Colorado","La Plata County",3,37,768,403,365
050,08,067,"Colorado","La Plata County",3,38,808,416,392
050,08,067,"Colorado","La Plata County",3,39,842,434,408
050,08,067,"Colorado","La Plata County",3,40,850,427,423
050,08,067,"Colorado","La Plata County",3,41,793,401,392
050,08,067,"Colorado","La Plata County",3,42,741,360,381
050,08,067,"Colorado","La Plata County",3,43,713,382,331
050,08,067,"Colorado","La Plata County",3,44,676,346,330
050,08,067,"Colorado","La Plata County",3,45,683,364,319
050,08,067,"Colorado","La Plata County",3,46,728,365,363
050,08,067,"Colorado","La Plata County",3,47,690,366,324
050,08,067,"Colorado","La Plata County",3,48,659,340,319
050,08,067,"Colorado","La Plata County",3,49,717,373,344
050,08,067,"Colorado","La Plata County",3,50,750,394,356
050,08,067,"Colorado","La Plata County",3,51,720,371,349
050,08,067,"Colorado","La Plata County",3,52,691,355,336
050,08,067,"Colorado","La Plata County",3,53,648,324,324
050,08,067,"Colorado","La Plata County",3,54,654,313,341
050,08,067,"Colorado","La Plata County",3,55,666,329,337
050,08,067,"Colorado","La Plata County",3,56,709,327,382
050,08,067,"Colorado","La Plata County",3,57,738,336,402
050,08,067,"Colorado","La Plata County",3,58,776,374,402
050,08,067,"Colorado","La Plata County",3,59,837,410,427
050,08,067,"Colorado","La Plata County",3,60,883,427,456
050,08,067,"Colorado","La Plata County",3,61,871,428,443
050,08,067,"Colorado","La Plata County",3,62,858,416,442
050,08,067,"Colorado","La Plata County",3,63,912,439,473
050,08,067,"Colorado","La Plata County",3,64,922,457,465
050,08,067,"Colorado","La Plata County",3,65,880,429,451
050,08,067,"Colorado","La Plata County",3,66,896,449,447
050,08,067,"Colorado","La Plata County",3,67,885,444,441
050,08,067,"Colorado","La Plata County",3,68,834,424,410
050,08,067,"Colorado","La Plata County",3,69,813,416,397
050,08,067,"Colorado","La Plata County",3,70,731,369,362
050,08,067,"Colorado","La Plata County",3,71,654,334,320
050,08,067,"Colorado","La Plata County",3,72,642,329,313
050,08,067,"Colorado","La Plata County",3,73,635,328,307
050,08,067,"Colorado","La Plata County",3,74,639,332,307
050,08,067,"Colorado","La Plata County",3,75,423,215,208
050,08,067,"Colorado","La Plata County",3,76,411,210,201
050,08,067,"Colorado","La Plata County",3,77,396,194,202
050,08,067,"Colorado","La Plata County",3,78,370,179,191
050,08,067,"Colorado","La Plata County",3,79,273,126,147
050,08,067,"Colorado","La Plata County",3,80,232,113,119
050,08,067,"Colorado","La Plata County",3,81,206,99,107
050,08,067,"Colorado","La Plata County",3,82,177,90,87
050,08,067,"Colorado","La Plata County",3,83,163,85,78
050,08,067,"Colorado","La Plata County",3,84,149,69,80
050,08,067,"Colorado","La Plata County",3,85,861,336,525
050,08,067,"Colorado","La Plata County",4,0,429,239,190
050,08,067,"Colorado","La Plata County",4,1,425,236,189
050,08,067,"Colorado","La Plata County",4,2,433,216,217
050,08,067,"Colorado","La Plata County",4,3,435,216,219
050,08,067,"Colorado","La Plata County",4,4,477,217,260
050,08,067,"Colorado","La Plata County",4,5,490,250,240
050,08,067,"Colorado","La Plata County",4,6,571,289,282
050,08,067,"Colorado","La Plata County",4,7,602,327,275
050,08,067,"Colorado","La Plata County",4,8,587,314,273
050,08,067,"Colorado","La Plata County",4,9,525,276,249
050,08,067,"Colorado","La Plata County",4,10,518,285,233
050,08,067,"Colorado","La Plata County",4,11,552,287,265
050,08,067,"Colorado","La Plata County",4,12,609,322,287
050,08,067,"Colorado","La Plata County",4,13,594,313,281
050,08,067,"Colorado","La Plata County",4,14,639,330,309
050,08,067,"Colorado","La Plata County",4,15,654,353,301
050,08,067,"Colorado","La Plata County",4,16,650,354,296
050,08,067,"Colorado","La Plata County",4,17,628,332,296
050,08,067,"Colorado","La Plata County",4,18,859,423,436
050,08,067,"Colorado","La Plata County",4,19,991,543,448
050,08,067,"Colorado","La Plata County",4,20,666,325,341
050,08,067,"Colorado","La Plata County",4,21,622,329,293
050,08,067,"Colorado","La Plata County",4,22,648,328,320
050,08,067,"Colorado","La Plata County",4,23,614,319,295
050,08,067,"Colorado","La Plata County",4,24,669,352,317
050,08,067,"Colorado","La Plata County",4,25,607,310,297
050,08,067,"Colorado","La Plata County",4,26,608,304,304
050,08,067,"Colorado","La Plata County",4,27,664,353,311
050,08,067,"Colorado","La Plata County",4,28,681,364,317
050,08,067,"Colorado","La Plata County",4,29,723,388,335
050,08,067,"Colorado","La Plata County",4,30,700,376,324
050,08,067,"Colorado","La Plata County",4,31,698,357,341
050,08,067,"Colorado","La Plata County",4,32,726,367,359
050,08,067,"Colorado","La Plata County",4,33,749,366,383
050,08,067,"Colorado","La Plata County",4,34,757,363,394
050,08,067,"Colorado","La Plata County",4,35,793,417,376
050,08,067,"Colorado","La Plata County",4,36,810,418,392
050,08,067,"Colorado","La Plata County",4,37,794,420,374
050,08,067,"Colorado","La Plata County",4,38,777,408,369
050,08,067,"Colorado","La Plata County",4,39,815,406,409
050,08,067,"Colorado","La Plata County",4,40,832,431,401
050,08,067,"Colorado","La Plata County",4,41,857,434,423
050,08,067,"Colorado","La Plata County",4,42,831,412,419
050,08,067,"Colorado","La Plata County",4,43,757,370,387
050,08,067,"Colorado","La Plata County",4,44,723,397,326
050,08,067,"Colorado","La Plata County",4,45,691,358,333
050,08,067,"Colorado","La Plata County",4,46,675,356,319
050,08,067,"Colorado","La Plata County",4,47,740,364,376
050,08,067,"Colorado","La Plata County",4,48,698,368,330
050,08,067,"Colorado","La Plata County",4,49,668,350,318
050,08,067,"Colorado","La Plata County",4,50,700,364,336
050,08,067,"Colorado","La Plata County",4,51,757,398,359
050,08,067,"Colorado","La Plata County",4,52,715,366,349
050,08,067,"Colorado","La Plata County",4,53,688,342,346
050,08,067,"Colorado","La Plata County",4,54,656,320,336
050,08,067,"Colorado","La Plata County",4,55,653,323,330
050,08,067,"Colorado","La Plata County",4,56,672,330,342
050,08,067,"Colorado","La Plata County",4,57,724,328,396
050,08,067,"Colorado","La Plata County",4,58,764,353,411
050,08,067,"Colorado","La Plata County",4,59,791,383,408
050,08,067,"Colorado","La Plata County",4,60,841,419,422
050,08,067,"Colorado","La Plata County",4,61,890,431,459
050,08,067,"Colorado","La Plata County",4,62,871,423,448
050,08,067,"Colorado","La Plata County",4,63,861,414,447
050,08,067,"Colorado","La Plata County",4,64,927,447,480
050,08,067,"Colorado","La Plata County",4,65,916,452,464
050,08,067,"Colorado","La Plata County",4,66,878,434,444
050,08,067,"Colorado","La Plata County",4,67,914,458,456
050,08,067,"Colorado","La Plata County",4,68,869,440,429
050,08,067,"Colorado","La Plata County",4,69,807,413,394
050,08,067,"Colorado","La Plata County",4,70,790,396,394
050,08,067,"Colorado","La Plata County",4,71,710,354,356
050,08,067,"Colorado","La Plata County",4,72,659,337,322
050,08,067,"Colorado","La Plata County",4,73,632,324,308
050,08,067,"Colorado","La Plata County",4,74,607,308,299
050,08,067,"Colorado","La Plata County",4,75,609,311,298
050,08,067,"Colorado","La Plata County",4,76,424,212,212
050,08,067,"Colorado","La Plata County",4,77,392,197,195
050,08,067,"Colorado","La Plata County",4,78,375,186,189
050,08,067,"Colorado","La Plata County",4,79,366,179,187
050,08,067,"Colorado","La Plata County",4,80,258,119,139
050,08,067,"Colorado","La Plata County",4,81,218,106,112
050,08,067,"Colorado","La Plata County",4,82,195,94,101
050,08,067,"Colorado","La Plata County",4,83,164,82,82
050,08,067,"Colorado","La Plata County",4,84,150,77,73
050,08,067,"Colorado","La Plata County",4,85,849,337,512
050,08,067,"Colorado","La Plata County",5,0,417,233,184
050,08,067,"Colorado","La Plata County",5,1,425,246,179
050,08,067,"Colorado","La Plata County",5,2,428,229,199
050,08,067,"Colorado","La Plata County",5,3,437,215,222
050,08,067,"Colorado","La Plata County",5,4,451,232,219
050,08,067,"Colorado","La Plata County",5,5,488,226,262
050,08,067,"Colorado","La Plata County",5,6,490,249,241
050,08,067,"Colorado","La Plata County",5,7,587,301,286
050,08,067,"Colorado","La Plata County",5,8,587,324,263
050,08,067,"Colorado","La Plata County",5,9,593,313,280
050,08,067,"Colorado","La Plata County",5,10,521,278,243
050,08,067,"Colorado","La Plata County",5,11,511,278,233
050,08,067,"Colorado","La Plata County",5,12,548,282,266
050,08,067,"Colorado","La Plata County",5,13,608,313,295
050,08,067,"Colorado","La Plata County",5,14,572,303,269
050,08,067,"Colorado","La Plata County",5,15,631,330,301
050,08,067,"Colorado","La Plata County",5,16,672,365,307
050,08,067,"Colorado","La Plata County",5,17,632,341,291
050,08,067,"Colorado","La Plata County",5,18,861,432,429
050,08,067,"Colorado","La Plata County",5,19,1005,547,458
050,08,067,"Colorado","La Plata County",5,20,651,310,341
050,08,067,"Colorado","La Plata County",5,21,656,360,296
050,08,067,"Colorado","La Plata County",5,22,612,295,317
050,08,067,"Colorado","La Plata County",5,23,575,300,275
050,08,067,"Colorado","La Plata County",5,24,608,311,297
050,08,067,"Colorado","La Plata County",5,25,636,338,298
050,08,067,"Colorado","La Plata County",5,26,609,305,304
050,08,067,"Colorado","La Plata County",5,27,613,302,311
050,08,067,"Colorado","La Plata County",5,28,646,337,309
050,08,067,"Colorado","La Plata County",5,29,681,367,314
050,08,067,"Colorado","La Plata County",5,30,725,387,338
050,08,067,"Colorado","La Plata County",5,31,703,369,334
050,08,067,"Colorado","La Plata County",5,32,705,358,347
050,08,067,"Colorado","La Plata County",5,33,718,355,363
050,08,067,"Colorado","La Plata County",5,34,737,372,365
050,08,067,"Colorado","La Plata County",5,35,783,390,393
050,08,067,"Colorado","La Plata County",5,36,812,408,404
050,08,067,"Colorado","La Plata County",5,37,822,423,399
050,08,067,"Colorado","La Plata County",5,38,791,415,376
050,08,067,"Colorado","La Plata County",5,39,795,409,386
050,08,067,"Colorado","La Plata County",5,40,820,413,407
050,08,067,"Colorado","La Plata County",5,41,835,435,400
050,08,067,"Colorado","La Plata County",5,42,862,427,435
050,08,067,"Colorado","La Plata County",5,43,823,398,425
050,08,067,"Colorado","La Plata County",5,44,756,372,384
050,08,067,"Colorado","La Plata County",5,45,734,403,331
050,08,067,"Colorado","La Plata County",5,46,676,341,335
050,08,067,"Colorado","La Plata County",5,47,689,366,323
050,08,067,"Colorado","La Plata County",5,48,734,358,376
050,08,067,"Colorado","La Plata County",5,49,696,377,319
050,08,067,"Colorado","La Plata County",5,50,658,352,306
050,08,067,"Colorado","La Plata County",5,51,698,361,337
050,08,067,"Colorado","La Plata County",5,52,754,396,358
050,08,067,"Colorado","La Plata County",5,53,706,365,341
050,08,067,"Colorado","La Plata County",5,54,683,342,341
050,08,067,"Colorado","La Plata County",5,55,649,316,333
050,08,067,"Colorado","La Plata County",5,56,649,330,319
050,08,067,"Colorado","La Plata County",5,57,654,323,331
050,08,067,"Colorado","La Plata County",5,58,704,323,381
050,08,067,"Colorado","La Plata County",5,59,767,349,418
050,08,067,"Colorado","La Plata County",5,60,792,385,407
050,08,067,"Colorado","La Plata County",5,61,840,416,424
050,08,067,"Colorado","La Plata County",5,62,889,429,460
050,08,067,"Colorado","La Plata County",5,63,870,425,445
050,08,067,"Colorado","La Plata County",5,64,857,408,449
050,08,067,"Colorado","La Plata County",5,65,930,448,482
050,08,067,"Colorado","La Plata County",5,66,900,444,456
050,08,067,"Colorado","La Plata County",5,67,867,425,442
050,08,067,"Colorado","La Plata County",5,68,905,456,449
050,08,067,"Colorado","La Plata County",5,69,848,430,418
050,08,067,"Colorado","La Plata County",5,70,795,400,395
050,08,067,"Colorado","La Plata County",5,71,759,384,375
050,08,067,"Colorado","La Plata County",5,72,702,356,346
050,08,067,"Colorado","La Plata County",5,73,656,337,319
050,08,067,"Colorado","La Plata County",5,74,606,301,305
050,08,067,"Colorado","La Plata County",5,75,576,286,290
050,08,067,"Colorado","La Plata County",5,76,599,303,296
050,08,067,"Colorado","La Plata County",5,77,409,200,209
050,08,067,"Colorado","La Plata County",5,78,373,187,186
050,08,067,"Colorado","La Plata County",5,79,369,180,189
050,08,067,"Colorado","La Plata County",5,80,342,171,171
050,08,067,"Colorado","La Plata County",5,81,249,113,136
050,08,067,"Colorado","La Plata County",5,82,200,98,102
050,08,067,"Colorado","La Plata County",5,83,184,88,96
050,08,067,"Colorado","La Plata County",5,84,148,72,76
050,08,067,"Colorado","La Plata County",5,85,853,344,509
050,08,069,"Colorado","Larimer County",1,0,3186,1624,1562
050,08,069,"Colorado","Larimer County",1,1,3147,1573,1574
050,08,069,"Colorado","Larimer County",1,2,3291,1641,1650
050,08,069,"Colorado","Larimer County",1,3,3438,1788,1650
050,08,069,"Colorado","Larimer County",1,4,3640,1868,1772
050,08,069,"Colorado","Larimer County",1,5,3731,1856,1875
050,08,069,"Colorado","Larimer County",1,6,3730,1920,1810
050,08,069,"Colorado","Larimer County",1,7,3813,1942,1871
050,08,069,"Colorado","Larimer County",1,8,3904,2002,1902
050,08,069,"Colorado","Larimer County",1,9,3884,1996,1888
050,08,069,"Colorado","Larimer County",1,10,4030,2039,1991
050,08,069,"Colorado","Larimer County",1,11,4148,2128,2020
050,08,069,"Colorado","Larimer County",1,12,4212,2200,2012
050,08,069,"Colorado","Larimer County",1,13,4277,2183,2094
050,08,069,"Colorado","Larimer County",1,14,4203,2131,2072
050,08,069,"Colorado","Larimer County",1,15,4187,2121,2066
050,08,069,"Colorado","Larimer County",1,16,4302,2220,2082
050,08,069,"Colorado","Larimer County",1,17,4119,2114,2005
050,08,069,"Colorado","Larimer County",1,18,6095,2863,3232
050,08,069,"Colorado","Larimer County",1,19,8379,4042,4337
050,08,069,"Colorado","Larimer County",1,20,7891,3883,4008
050,08,069,"Colorado","Larimer County",1,21,7831,4051,3780
050,08,069,"Colorado","Larimer County",1,22,7611,3871,3740
050,08,069,"Colorado","Larimer County",1,23,6944,3586,3358
050,08,069,"Colorado","Larimer County",1,24,6355,3212,3143
050,08,069,"Colorado","Larimer County",1,25,6105,3163,2942
050,08,069,"Colorado","Larimer County",1,26,5792,3048,2744
050,08,069,"Colorado","Larimer County",1,27,5486,2876,2610
050,08,069,"Colorado","Larimer County",1,28,5482,2933,2549
050,08,069,"Colorado","Larimer County",1,29,5380,2840,2540
050,08,069,"Colorado","Larimer County",1,30,5219,2765,2454
050,08,069,"Colorado","Larimer County",1,31,4965,2618,2347
050,08,069,"Colorado","Larimer County",1,32,4798,2455,2343
050,08,069,"Colorado","Larimer County",1,33,4750,2501,2249
050,08,069,"Colorado","Larimer County",1,34,4753,2532,2221
050,08,069,"Colorado","Larimer County",1,35,4689,2433,2256
050,08,069,"Colorado","Larimer County",1,36,4732,2467,2265
050,08,069,"Colorado","Larimer County",1,37,4832,2505,2327
050,08,069,"Colorado","Larimer County",1,38,4667,2358,2309
050,08,069,"Colorado","Larimer County",1,39,4808,2425,2383
050,08,069,"Colorado","Larimer County",1,40,4719,2422,2297
050,08,069,"Colorado","Larimer County",1,41,4461,2328,2133
050,08,069,"Colorado","Larimer County",1,42,4420,2269,2151
050,08,069,"Colorado","Larimer County",1,43,4235,2189,2046
050,08,069,"Colorado","Larimer County",1,44,4107,2135,1972
050,08,069,"Colorado","Larimer County",1,45,4020,2052,1968
050,08,069,"Colorado","Larimer County",1,46,3909,2031,1878
050,08,069,"Colorado","Larimer County",1,47,3930,2063,1867
050,08,069,"Colorado","Larimer County",1,48,4025,2103,1922
050,08,069,"Colorado","Larimer County",1,49,4280,2240,2040
050,08,069,"Colorado","Larimer County",1,50,4029,2070,1959
050,08,069,"Colorado","Larimer County",1,51,3846,1951,1895
050,08,069,"Colorado","Larimer County",1,52,3689,1825,1864
050,08,069,"Colorado","Larimer County",1,53,3578,1770,1808
050,08,069,"Colorado","Larimer County",1,54,3627,1768,1859
050,08,069,"Colorado","Larimer County",1,55,3894,1894,2000
050,08,069,"Colorado","Larimer County",1,56,4154,2013,2141
050,08,069,"Colorado","Larimer County",1,57,4293,2070,2223
050,08,069,"Colorado","Larimer County",1,58,4436,2108,2328
050,08,069,"Colorado","Larimer County",1,59,4384,2116,2268
050,08,069,"Colorado","Larimer County",1,60,4394,2125,2269
050,08,069,"Colorado","Larimer County",1,61,4454,2152,2302
050,08,069,"Colorado","Larimer County",1,62,4541,2205,2336
050,08,069,"Colorado","Larimer County",1,63,4466,2166,2300
050,08,069,"Colorado","Larimer County",1,64,4484,2117,2367
050,08,069,"Colorado","Larimer County",1,65,4369,2056,2313
050,08,069,"Colorado","Larimer County",1,66,4279,2053,2226
050,08,069,"Colorado","Larimer County",1,67,4182,2023,2159
050,08,069,"Colorado","Larimer County",1,68,4000,1930,2070
050,08,069,"Colorado","Larimer County",1,69,3640,1730,1910
050,08,069,"Colorado","Larimer County",1,70,3591,1684,1907
050,08,069,"Colorado","Larimer County",1,71,3391,1643,1748
050,08,069,"Colorado","Larimer County",1,72,3365,1635,1730
050,08,069,"Colorado","Larimer County",1,73,3318,1646,1672
050,08,069,"Colorado","Larimer County",1,74,2256,1102,1154
050,08,069,"Colorado","Larimer County",1,75,2277,1083,1194
050,08,069,"Colorado","Larimer County",1,76,2216,1055,1161
050,08,069,"Colorado","Larimer County",1,77,2163,1021,1142
050,08,069,"Colorado","Larimer County",1,78,1816,834,982
050,08,069,"Colorado","Larimer County",1,79,1509,695,814
050,08,069,"Colorado","Larimer County",1,80,1374,630,744
050,08,069,"Colorado","Larimer County",1,81,1300,579,721
050,08,069,"Colorado","Larimer County",1,82,1174,539,635
050,08,069,"Colorado","Larimer County",1,83,1002,449,553
050,08,069,"Colorado","Larimer County",1,84,924,396,528
050,08,069,"Colorado","Larimer County",1,85,5747,2024,3723
050,08,069,"Colorado","Larimer County",2,0,3176,1631,1545
050,08,069,"Colorado","Larimer County",2,1,3147,1578,1569
050,08,069,"Colorado","Larimer County",2,2,3258,1627,1631
050,08,069,"Colorado","Larimer County",2,3,3398,1751,1647
050,08,069,"Colorado","Larimer County",2,4,3612,1857,1755
050,08,069,"Colorado","Larimer County",2,5,3716,1864,1852
050,08,069,"Colorado","Larimer County",2,6,3748,1915,1833
050,08,069,"Colorado","Larimer County",2,7,3800,1941,1859
050,08,069,"Colorado","Larimer County",2,8,3872,1985,1887
050,08,069,"Colorado","Larimer County",2,9,3888,1999,1889
050,08,069,"Colorado","Larimer County",2,10,3993,2025,1968
050,08,069,"Colorado","Larimer County",2,11,4109,2103,2006
050,08,069,"Colorado","Larimer County",2,12,4222,2199,2023
050,08,069,"Colorado","Larimer County",2,13,4259,2186,2073
050,08,069,"Colorado","Larimer County",2,14,4218,2138,2080
050,08,069,"Colorado","Larimer County",2,15,4206,2130,2076
050,08,069,"Colorado","Larimer County",2,16,4278,2196,2082
050,08,069,"Colorado","Larimer County",2,17,4179,2150,2029
050,08,069,"Colorado","Larimer County",2,18,6124,2880,3244
050,08,069,"Colorado","Larimer County",2,19,8393,4043,4350
050,08,069,"Colorado","Larimer County",2,20,7984,3930,4054
050,08,069,"Colorado","Larimer County",2,21,7823,4041,3782
050,08,069,"Colorado","Larimer County",2,22,7625,3887,3738
050,08,069,"Colorado","Larimer County",2,23,6947,3581,3366
050,08,069,"Colorado","Larimer County",2,24,6334,3190,3144
050,08,069,"Colorado","Larimer County",2,25,6087,3153,2934
050,08,069,"Colorado","Larimer County",2,26,5765,3027,2738
050,08,069,"Colorado","Larimer County",2,27,5471,2882,2589
050,08,069,"Colorado","Larimer County",2,28,5471,2918,2553
050,08,069,"Colorado","Larimer County",2,29,5410,2871,2539
050,08,069,"Colorado","Larimer County",2,30,5289,2802,2487
050,08,069,"Colorado","Larimer County",2,31,5005,2643,2362
050,08,069,"Colorado","Larimer County",2,32,4827,2484,2343
050,08,069,"Colorado","Larimer County",2,33,4766,2490,2276
050,08,069,"Colorado","Larimer County",2,34,4747,2525,2222
050,08,069,"Colorado","Larimer County",2,35,4741,2482,2259
050,08,069,"Colorado","Larimer County",2,36,4708,2447,2261
050,08,069,"Colorado","Larimer County",2,37,4823,2494,2329
050,08,069,"Colorado","Larimer County",2,38,4742,2415,2327
050,08,069,"Colorado","Larimer County",2,39,4772,2408,2364
050,08,069,"Colorado","Larimer County",2,40,4775,2444,2331
050,08,069,"Colorado","Larimer County",2,41,4525,2355,2170
050,08,069,"Colorado","Larimer County",2,42,4406,2268,2138
050,08,069,"Colorado","Larimer County",2,43,4319,2227,2092
050,08,069,"Colorado","Larimer County",2,44,4094,2124,1970
050,08,069,"Colorado","Larimer County",2,45,4057,2077,1980
050,08,069,"Colorado","Larimer County",2,46,3919,2023,1896
050,08,069,"Colorado","Larimer County",2,47,3912,2050,1862
050,08,069,"Colorado","Larimer County",2,48,4002,2090,1912
050,08,069,"Colorado","Larimer County",2,49,4238,2218,2020
050,08,069,"Colorado","Larimer County",2,50,4095,2114,1981
050,08,069,"Colorado","Larimer County",2,51,3885,1975,1910
050,08,069,"Colorado","Larimer County",2,52,3723,1858,1865
050,08,069,"Colorado","Larimer County",2,53,3607,1783,1824
050,08,069,"Colorado","Larimer County",2,54,3602,1762,1840
050,08,069,"Colorado","Larimer County",2,55,3832,1863,1969
050,08,069,"Colorado","Larimer County",2,56,4100,1993,2107
050,08,069,"Colorado","Larimer County",2,57,4273,2065,2208
050,08,069,"Colorado","Larimer County",2,58,4396,2089,2307
050,08,069,"Colorado","Larimer County",2,59,4408,2117,2291
050,08,069,"Colorado","Larimer County",2,60,4392,2120,2272
050,08,069,"Colorado","Larimer County",2,61,4422,2134,2288
050,08,069,"Colorado","Larimer County",2,62,4508,2191,2317
050,08,069,"Colorado","Larimer County",2,63,4528,2196,2332
050,08,069,"Colorado","Larimer County",2,64,4447,2109,2338
050,08,069,"Colorado","Larimer County",2,65,4397,2066,2331
050,08,069,"Colorado","Larimer County",2,66,4311,2054,2257
050,08,069,"Colorado","Larimer County",2,67,4181,2014,2167
050,08,069,"Colorado","Larimer County",2,68,4008,1940,2068
050,08,069,"Colorado","Larimer County",2,69,3752,1787,1965
050,08,069,"Colorado","Larimer County",2,70,3581,1684,1897
050,08,069,"Colorado","Larimer County",2,71,3442,1653,1789
050,08,069,"Colorado","Larimer County",2,72,3308,1604,1704
050,08,069,"Colorado","Larimer County",2,73,3480,1715,1765
050,08,069,"Colorado","Larimer County",2,74,2362,1160,1202
050,08,069,"Colorado","Larimer County",2,75,2274,1087,1187
050,08,069,"Colorado","Larimer County",2,76,2191,1042,1149
050,08,069,"Colorado","Larimer County",2,77,2215,1050,1165
050,08,069,"Colorado","Larimer County",2,78,1848,856,992
050,08,069,"Colorado","Larimer County",2,79,1564,715,849
050,08,069,"Colorado","Larimer County",2,80,1400,639,761
050,08,069,"Colorado","Larimer County",2,81,1301,586,715
050,08,069,"Colorado","Larimer County",2,82,1194,545,649
050,08,069,"Colorado","Larimer County",2,83,1029,463,566
050,08,069,"Colorado","Larimer County",2,84,929,398,531
050,08,069,"Colorado","Larimer County",2,85,5758,2035,3723
050,08,069,"Colorado","Larimer County",3,0,3040,1576,1464
050,08,069,"Colorado","Larimer County",3,1,3122,1647,1475
050,08,069,"Colorado","Larimer County",3,2,3156,1582,1574
050,08,069,"Colorado","Larimer County",3,3,3256,1626,1630
050,08,069,"Colorado","Larimer County",3,4,3410,1761,1649
050,08,069,"Colorado","Larimer County",3,5,3614,1847,1767
050,08,069,"Colorado","Larimer County",3,6,3766,1907,1859
050,08,069,"Colorado","Larimer County",3,7,3739,1915,1824
050,08,069,"Colorado","Larimer County",3,8,3781,1943,1838
050,08,069,"Colorado","Larimer County",3,9,3909,1978,1931
050,08,069,"Colorado","Larimer County",3,10,3862,1989,1873
050,08,069,"Colorado","Larimer County",3,11,4007,2024,1983
050,08,069,"Colorado","Larimer County",3,12,4101,2087,2014
050,08,069,"Colorado","Larimer County",3,13,4181,2190,1991
050,08,069,"Colorado","Larimer County",3,14,4270,2175,2095
050,08,069,"Colorado","Larimer County",3,15,4246,2136,2110
050,08,069,"Colorado","Larimer County",3,16,4239,2134,2105
050,08,069,"Colorado","Larimer County",3,17,4311,2241,2070
050,08,069,"Colorado","Larimer County",3,18,6087,2876,3211
050,08,069,"Colorado","Larimer County",3,19,8114,3887,4227
050,08,069,"Colorado","Larimer County",3,20,8018,3899,4119
050,08,069,"Colorado","Larimer County",3,21,7990,4136,3854
050,08,069,"Colorado","Larimer County",3,22,7644,3956,3688
050,08,069,"Colorado","Larimer County",3,23,6978,3584,3394
050,08,069,"Colorado","Larimer County",3,24,6335,3170,3165
050,08,069,"Colorado","Larimer County",3,25,6045,3102,2943
050,08,069,"Colorado","Larimer County",3,26,5662,2949,2713
050,08,069,"Colorado","Larimer County",3,27,5502,2846,2656
050,08,069,"Colorado","Larimer County",3,28,5505,2917,2588
050,08,069,"Colorado","Larimer County",3,29,5450,2920,2530
050,08,069,"Colorado","Larimer County",3,30,5350,2814,2536
050,08,069,"Colorado","Larimer County",3,31,5284,2802,2482
050,08,069,"Colorado","Larimer County",3,32,5024,2655,2369
050,08,069,"Colorado","Larimer County",3,33,4850,2507,2343
050,08,069,"Colorado","Larimer County",3,34,4812,2533,2279
050,08,069,"Colorado","Larimer County",3,35,4770,2537,2233
050,08,069,"Colorado","Larimer County",3,36,4714,2475,2239
050,08,069,"Colorado","Larimer County",3,37,4737,2463,2274
050,08,069,"Colorado","Larimer County",3,38,4854,2497,2357
050,08,069,"Colorado","Larimer County",3,39,4786,2436,2350
050,08,069,"Colorado","Larimer County",3,40,4780,2402,2378
050,08,069,"Colorado","Larimer County",3,41,4787,2466,2321
050,08,069,"Colorado","Larimer County",3,42,4568,2376,2192
050,08,069,"Colorado","Larimer County",3,43,4438,2274,2164
050,08,069,"Colorado","Larimer County",3,44,4365,2253,2112
050,08,069,"Colorado","Larimer County",3,45,4092,2151,1941
050,08,069,"Colorado","Larimer County",3,46,4055,2068,1987
050,08,069,"Colorado","Larimer County",3,47,3980,2047,1933
050,08,069,"Colorado","Larimer County",3,48,3889,2019,1870
050,08,069,"Colorado","Larimer County",3,49,4026,2098,1928
050,08,069,"Colorado","Larimer County",3,50,4261,2218,2043
050,08,069,"Colorado","Larimer County",3,51,4107,2112,1995
050,08,069,"Colorado","Larimer County",3,52,3901,1993,1908
050,08,069,"Colorado","Larimer County",3,53,3696,1846,1850
050,08,069,"Colorado","Larimer County",3,54,3591,1750,1841
050,08,069,"Colorado","Larimer County",3,55,3599,1736,1863
050,08,069,"Colorado","Larimer County",3,56,3848,1839,2009
050,08,069,"Colorado","Larimer County",3,57,4107,1982,2125
050,08,069,"Colorado","Larimer County",3,58,4286,2057,2229
050,08,069,"Colorado","Larimer County",3,59,4410,2088,2322
050,08,069,"Colorado","Larimer County",3,60,4479,2153,2326
050,08,069,"Colorado","Larimer County",3,61,4421,2164,2257
050,08,069,"Colorado","Larimer County",3,62,4412,2130,2282
050,08,069,"Colorado","Larimer County",3,63,4504,2178,2326
050,08,069,"Colorado","Larimer County",3,64,4526,2208,2318
050,08,069,"Colorado","Larimer County",3,65,4451,2115,2336
050,08,069,"Colorado","Larimer County",3,66,4358,2032,2326
050,08,069,"Colorado","Larimer County",3,67,4292,2035,2257
050,08,069,"Colorado","Larimer County",3,68,4164,1999,2165
050,08,069,"Colorado","Larimer County",3,69,3962,1918,2044
050,08,069,"Colorado","Larimer County",3,70,3730,1751,1979
050,08,069,"Colorado","Larimer County",3,71,3556,1679,1877
050,08,069,"Colorado","Larimer County",3,72,3381,1629,1752
050,08,069,"Colorado","Larimer County",3,73,3255,1560,1695
050,08,069,"Colorado","Larimer County",3,74,3430,1681,1749
050,08,069,"Colorado","Larimer County",3,75,2325,1126,1199
050,08,069,"Colorado","Larimer County",3,76,2221,1071,1150
050,08,069,"Colorado","Larimer County",3,77,2143,1005,1138
050,08,069,"Colorado","Larimer County",3,78,2156,1018,1138
050,08,069,"Colorado","Larimer County",3,79,1760,809,951
050,08,069,"Colorado","Larimer County",3,80,1498,673,825
050,08,069,"Colorado","Larimer County",3,81,1346,602,744
050,08,069,"Colorado","Larimer County",3,82,1229,557,672
050,08,069,"Colorado","Larimer County",3,83,1121,499,622
050,08,069,"Colorado","Larimer County",3,84,1004,429,575
050,08,069,"Colorado","Larimer County",3,85,5716,2071,3645
050,08,069,"Colorado","Larimer County",4,0,3104,1612,1492
050,08,069,"Colorado","Larimer County",4,1,3085,1599,1486
050,08,069,"Colorado","Larimer County",4,2,3191,1670,1521
050,08,069,"Colorado","Larimer County",4,3,3164,1590,1574
050,08,069,"Colorado","Larimer County",4,4,3307,1673,1634
050,08,069,"Colorado","Larimer County",4,5,3459,1779,1680
050,08,069,"Colorado","Larimer County",4,6,3711,1895,1816
050,08,069,"Colorado","Larimer County",4,7,3746,1892,1854
050,08,069,"Colorado","Larimer County",4,8,3788,1900,1888
050,08,069,"Colorado","Larimer County",4,9,3767,1949,1818
050,08,069,"Colorado","Larimer County",4,10,3936,2000,1936
050,08,069,"Colorado","Larimer County",4,11,3918,2028,1890
050,08,069,"Colorado","Larimer County",4,12,4028,2034,1994
050,08,069,"Colorado","Larimer County",4,13,4085,2070,2015
050,08,069,"Colorado","Larimer County",4,14,4198,2186,2012
050,08,069,"Colorado","Larimer County",4,15,4292,2180,2112
050,08,069,"Colorado","Larimer County",4,16,4263,2150,2113
050,08,069,"Colorado","Larimer County",4,17,4277,2152,2125
050,08,069,"Colorado","Larimer County",4,18,6421,3052,3369
050,08,069,"Colorado","Larimer County",4,19,8550,4115,4435
050,08,069,"Colorado","Larimer County",4,20,7950,3875,4075
050,08,069,"Colorado","Larimer County",4,21,8161,4126,4035
050,08,069,"Colorado","Larimer County",4,22,7946,4076,3870
050,08,069,"Colorado","Larimer County",4,23,7018,3643,3375
050,08,069,"Colorado","Larimer County",4,24,6377,3181,3196
050,08,069,"Colorado","Larimer County",4,25,6029,3089,2940
050,08,069,"Colorado","Larimer County",4,26,5642,2880,2762
050,08,069,"Colorado","Larimer County",4,27,5369,2835,2534
050,08,069,"Colorado","Larimer County",4,28,5484,2824,2660
050,08,069,"Colorado","Larimer County",4,29,5493,2898,2595
050,08,069,"Colorado","Larimer County",4,30,5471,2924,2547
050,08,069,"Colorado","Larimer County",4,31,5441,2832,2609
050,08,069,"Colorado","Larimer County",4,32,5332,2819,2513
050,08,069,"Colorado","Larimer County",4,33,5098,2678,2420
050,08,069,"Colorado","Larimer County",4,34,4959,2554,2405
050,08,069,"Colorado","Larimer County",4,35,4889,2579,2310
050,08,069,"Colorado","Larimer County",4,36,4845,2559,2286
050,08,069,"Colorado","Larimer County",4,37,4783,2481,2302
050,08,069,"Colorado","Larimer County",4,38,4780,2465,2315
050,08,069,"Colorado","Larimer County",4,39,4862,2478,2384
050,08,069,"Colorado","Larimer County",4,40,4793,2427,2366
050,08,069,"Colorado","Larimer County",4,41,4827,2447,2380
050,08,069,"Colorado","Larimer County",4,42,4823,2485,2338
050,08,069,"Colorado","Larimer County",4,43,4599,2393,2206
050,08,069,"Colorado","Larimer County",4,44,4477,2275,2202
050,08,069,"Colorado","Larimer County",4,45,4407,2264,2143
050,08,069,"Colorado","Larimer County",4,46,4085,2130,1955
050,08,069,"Colorado","Larimer County",4,47,4081,2090,1991
050,08,069,"Colorado","Larimer County",4,48,3969,2050,1919
050,08,069,"Colorado","Larimer County",4,49,3888,2031,1857
050,08,069,"Colorado","Larimer County",4,50,4059,2093,1966
050,08,069,"Colorado","Larimer County",4,51,4256,2219,2037
050,08,069,"Colorado","Larimer County",4,52,4094,2119,1975
050,08,069,"Colorado","Larimer County",4,53,3924,1984,1940
050,08,069,"Colorado","Larimer County",4,54,3673,1831,1842
050,08,069,"Colorado","Larimer County",4,55,3617,1772,1845
050,08,069,"Colorado","Larimer County",4,56,3593,1722,1871
050,08,069,"Colorado","Larimer County",4,57,3900,1874,2026
050,08,069,"Colorado","Larimer County",4,58,4101,1953,2148
050,08,069,"Colorado","Larimer County",4,59,4299,2044,2255
050,08,069,"Colorado","Larimer County",4,60,4455,2093,2362
050,08,069,"Colorado","Larimer County",4,61,4528,2154,2374
050,08,069,"Colorado","Larimer County",4,62,4461,2198,2263
050,08,069,"Colorado","Larimer County",4,63,4410,2125,2285
050,08,069,"Colorado","Larimer County",4,64,4518,2168,2350
050,08,069,"Colorado","Larimer County",4,65,4517,2184,2333
050,08,069,"Colorado","Larimer County",4,66,4415,2095,2320
050,08,069,"Colorado","Larimer County",4,67,4329,2014,2315
050,08,069,"Colorado","Larimer County",4,68,4196,1992,2204
050,08,069,"Colorado","Larimer County",4,69,4159,1994,2165
050,08,069,"Colorado","Larimer County",4,70,3933,1877,2056
050,08,069,"Colorado","Larimer County",4,71,3708,1729,1979
050,08,069,"Colorado","Larimer County",4,72,3476,1624,1852
050,08,069,"Colorado","Larimer County",4,73,3325,1578,1747
050,08,069,"Colorado","Larimer County",4,74,3239,1543,1696
050,08,069,"Colorado","Larimer County",4,75,3361,1636,1725
050,08,069,"Colorado","Larimer County",4,76,2222,1066,1156
050,08,069,"Colorado","Larimer County",4,77,2147,1015,1132
050,08,069,"Colorado","Larimer County",4,78,2059,959,1100
050,08,069,"Colorado","Larimer County",4,79,2064,967,1097
050,08,069,"Colorado","Larimer County",4,80,1701,778,923
050,08,069,"Colorado","Larimer County",4,81,1426,635,791
050,08,069,"Colorado","Larimer County",4,82,1253,553,700
050,08,069,"Colorado","Larimer County",4,83,1151,516,635
050,08,069,"Colorado","Larimer County",4,84,1061,447,614
050,08,069,"Colorado","Larimer County",4,85,5779,2133,3646
050,08,069,"Colorado","Larimer County",5,0,3089,1601,1488
050,08,069,"Colorado","Larimer County",5,1,3025,1530,1495
050,08,069,"Colorado","Larimer County",5,2,3064,1590,1474
050,08,069,"Colorado","Larimer County",5,3,3225,1703,1522
050,08,069,"Colorado","Larimer County",5,4,3208,1631,1577
050,08,069,"Colorado","Larimer County",5,5,3378,1706,1672
050,08,069,"Colorado","Larimer County",5,6,3503,1802,1701
050,08,069,"Colorado","Larimer County",5,7,3702,1888,1814
050,08,069,"Colorado","Larimer County",5,8,3786,1915,1871
050,08,069,"Colorado","Larimer County",5,9,3839,1958,1881
050,08,069,"Colorado","Larimer County",5,10,3808,1962,1846
050,08,069,"Colorado","Larimer County",5,11,3949,2013,1936
050,08,069,"Colorado","Larimer County",5,12,3981,2059,1922
050,08,069,"Colorado","Larimer County",5,13,4079,2070,2009
050,08,069,"Colorado","Larimer County",5,14,4102,2080,2022
050,08,069,"Colorado","Larimer County",5,15,4225,2205,2020
050,08,069,"Colorado","Larimer County",5,16,4332,2218,2114
050,08,069,"Colorado","Larimer County",5,17,4318,2169,2149
050,08,069,"Colorado","Larimer County",5,18,6403,2969,3434
050,08,069,"Colorado","Larimer County",5,19,8693,4187,4506
050,08,069,"Colorado","Larimer County",5,20,7930,3872,4058
050,08,069,"Colorado","Larimer County",5,21,7984,4076,3908
050,08,069,"Colorado","Larimer County",5,22,8124,4079,4045
050,08,069,"Colorado","Larimer County",5,23,7220,3711,3509
050,08,069,"Colorado","Larimer County",5,24,6330,3157,3173
050,08,069,"Colorado","Larimer County",5,25,6051,3103,2948
050,08,069,"Colorado","Larimer County",5,26,5650,2896,2754
050,08,069,"Colorado","Larimer County",5,27,5392,2800,2592
050,08,069,"Colorado","Larimer County",5,28,5377,2813,2564
050,08,069,"Colorado","Larimer County",5,29,5378,2797,2581
050,08,069,"Colorado","Larimer County",5,30,5468,2867,2601
050,08,069,"Colorado","Larimer County",5,31,5445,2899,2546
050,08,069,"Colorado","Larimer County",5,32,5430,2850,2580
050,08,069,"Colorado","Larimer County",5,33,5310,2796,2514
050,08,069,"Colorado","Larimer County",5,34,5096,2684,2412
050,08,069,"Colorado","Larimer County",5,35,4982,2585,2397
050,08,069,"Colorado","Larimer County",5,36,4913,2603,2310
050,08,069,"Colorado","Larimer County",5,37,4956,2582,2374
050,08,069,"Colorado","Larimer County",5,38,4876,2514,2362
050,08,069,"Colorado","Larimer County",5,39,4875,2502,2373
050,08,069,"Colorado","Larimer County",5,40,4946,2523,2423
050,08,069,"Colorado","Larimer County",5,41,4874,2487,2387
050,08,069,"Colorado","Larimer County",5,42,4864,2430,2434
050,08,069,"Colorado","Larimer County",5,43,4827,2471,2356
050,08,069,"Colorado","Larimer County",5,44,4630,2396,2234
050,08,069,"Colorado","Larimer County",5,45,4449,2268,2181
050,08,069,"Colorado","Larimer County",5,46,4388,2252,2136
050,08,069,"Colorado","Larimer County",5,47,4091,2127,1964
050,08,069,"Colorado","Larimer County",5,48,4108,2105,2003
050,08,069,"Colorado","Larimer County",5,49,3988,2070,1918
050,08,069,"Colorado","Larimer County",5,50,3873,2010,1863
050,08,069,"Colorado","Larimer County",5,51,4052,2086,1966
050,08,069,"Colorado","Larimer County",5,52,4253,2223,2030
050,08,069,"Colorado","Larimer County",5,53,4076,2117,1959
050,08,069,"Colorado","Larimer County",5,54,3936,1999,1937
050,08,069,"Colorado","Larimer County",5,55,3658,1819,1839
050,08,069,"Colorado","Larimer County",5,56,3586,1753,1833
050,08,069,"Colorado","Larimer County",5,57,3630,1745,1885
050,08,069,"Colorado","Larimer County",5,58,3865,1853,2012
050,08,069,"Colorado","Larimer County",5,59,4115,1933,2182
050,08,069,"Colorado","Larimer County",5,60,4328,2051,2277
050,08,069,"Colorado","Larimer County",5,61,4438,2071,2367
050,08,069,"Colorado","Larimer County",5,62,4488,2135,2353
050,08,069,"Colorado","Larimer County",5,63,4409,2163,2246
050,08,069,"Colorado","Larimer County",5,64,4417,2118,2299
050,08,069,"Colorado","Larimer County",5,65,4497,2156,2341
050,08,069,"Colorado","Larimer County",5,66,4441,2134,2307
050,08,069,"Colorado","Larimer County",5,67,4392,2074,2318
050,08,069,"Colorado","Larimer County",5,68,4282,1970,2312
050,08,069,"Colorado","Larimer County",5,69,4153,1956,2197
050,08,069,"Colorado","Larimer County",5,70,4100,1957,2143
050,08,069,"Colorado","Larimer County",5,71,3879,1855,2024
050,08,069,"Colorado","Larimer County",5,72,3610,1677,1933
050,08,069,"Colorado","Larimer County",5,73,3428,1579,1849
050,08,069,"Colorado","Larimer County",5,74,3257,1537,1720
050,08,069,"Colorado","Larimer County",5,75,3201,1512,1689
050,08,069,"Colorado","Larimer County",5,76,3293,1591,1702
050,08,069,"Colorado","Larimer County",5,77,2155,1034,1121
050,08,069,"Colorado","Larimer County",5,78,2085,984,1101
050,08,069,"Colorado","Larimer County",5,79,2004,931,1073
050,08,069,"Colorado","Larimer County",5,80,1994,922,1072
050,08,069,"Colorado","Larimer County",5,81,1634,751,883
050,08,069,"Colorado","Larimer County",5,82,1356,595,761
050,08,069,"Colorado","Larimer County",5,83,1176,510,666
050,08,069,"Colorado","Larimer County",5,84,1110,483,627
050,08,069,"Colorado","Larimer County",5,85,5939,2220,3719
050,08,071,"Colorado","Las Animas County",1,0,115,59,56
050,08,071,"Colorado","Las Animas County",1,1,120,64,56
050,08,071,"Colorado","Las Animas County",1,2,117,58,59
050,08,071,"Colorado","Las Animas County",1,3,140,61,79
050,08,071,"Colorado","Las Animas County",1,4,137,63,74
050,08,071,"Colorado","Las Animas County",1,5,144,69,75
050,08,071,"Colorado","Las Animas County",1,6,128,64,64
050,08,071,"Colorado","Las Animas County",1,7,145,77,68
050,08,071,"Colorado","Las Animas County",1,8,152,71,81
050,08,071,"Colorado","Las Animas County",1,9,132,68,64
050,08,071,"Colorado","Las Animas County",1,10,152,78,74
050,08,071,"Colorado","Las Animas County",1,11,170,96,74
050,08,071,"Colorado","Las Animas County",1,12,156,85,71
050,08,071,"Colorado","Las Animas County",1,13,163,84,79
050,08,071,"Colorado","Las Animas County",1,14,168,91,77
050,08,071,"Colorado","Las Animas County",1,15,168,86,82
050,08,071,"Colorado","Las Animas County",1,16,176,86,90
050,08,071,"Colorado","Las Animas County",1,17,154,88,66
050,08,071,"Colorado","Las Animas County",1,18,172,98,74
050,08,071,"Colorado","Las Animas County",1,19,181,101,80
050,08,071,"Colorado","Las Animas County",1,20,155,88,67
050,08,071,"Colorado","Las Animas County",1,21,152,96,56
050,08,071,"Colorado","Las Animas County",1,22,159,102,57
050,08,071,"Colorado","Las Animas County",1,23,154,93,61
050,08,071,"Colorado","Las Animas County",1,24,172,107,65
050,08,071,"Colorado","Las Animas County",1,25,184,106,78
050,08,071,"Colorado","Las Animas County",1,26,178,101,77
050,08,071,"Colorado","Las Animas County",1,27,170,99,71
050,08,071,"Colorado","Las Animas County",1,28,194,112,82
050,08,071,"Colorado","Las Animas County",1,29,170,107,63
050,08,071,"Colorado","Las Animas County",1,30,153,87,66
050,08,071,"Colorado","Las Animas County",1,31,168,103,65
050,08,071,"Colorado","Las Animas County",1,32,149,81,68
050,08,071,"Colorado","Las Animas County",1,33,159,92,67
050,08,071,"Colorado","Las Animas County",1,34,143,74,69
050,08,071,"Colorado","Las Animas County",1,35,159,87,72
050,08,071,"Colorado","Las Animas County",1,36,150,85,65
050,08,071,"Colorado","Las Animas County",1,37,172,103,69
050,08,071,"Colorado","Las Animas County",1,38,179,92,87
050,08,071,"Colorado","Las Animas County",1,39,172,121,51
050,08,071,"Colorado","Las Animas County",1,40,173,101,72
050,08,071,"Colorado","Las Animas County",1,41,149,74,75
050,08,071,"Colorado","Las Animas County",1,42,156,74,82
050,08,071,"Colorado","Las Animas County",1,43,153,83,70
050,08,071,"Colorado","Las Animas County",1,44,138,75,63
050,08,071,"Colorado","Las Animas County",1,45,141,76,65
050,08,071,"Colorado","Las Animas County",1,46,142,80,62
050,08,071,"Colorado","Las Animas County",1,47,165,87,78
050,08,071,"Colorado","Las Animas County",1,48,168,91,77
050,08,071,"Colorado","Las Animas County",1,49,156,82,74
050,08,071,"Colorado","Las Animas County",1,50,183,81,102
050,08,071,"Colorado","Las Animas County",1,51,154,80,74
050,08,071,"Colorado","Las Animas County",1,52,144,76,68
050,08,071,"Colorado","Las Animas County",1,53,165,84,81
050,08,071,"Colorado","Las Animas County",1,54,175,99,76
050,08,071,"Colorado","Las Animas County",1,55,173,94,79
050,08,071,"Colorado","Las Animas County",1,56,193,100,93
050,08,071,"Colorado","Las Animas County",1,57,204,91,113
050,08,071,"Colorado","Las Animas County",1,58,229,113,116
050,08,071,"Colorado","Las Animas County",1,59,214,105,109
050,08,071,"Colorado","Las Animas County",1,60,228,112,116
050,08,071,"Colorado","Las Animas County",1,61,253,138,115
050,08,071,"Colorado","Las Animas County",1,62,261,128,133
050,08,071,"Colorado","Las Animas County",1,63,248,134,114
050,08,071,"Colorado","Las Animas County",1,64,242,120,122
050,08,071,"Colorado","Las Animas County",1,65,248,123,125
050,08,071,"Colorado","Las Animas County",1,66,262,136,126
050,08,071,"Colorado","Las Animas County",1,67,234,127,107
050,08,071,"Colorado","Las Animas County",1,68,231,126,105
050,08,071,"Colorado","Las Animas County",1,69,228,123,105
050,08,071,"Colorado","Las Animas County",1,70,220,115,105
050,08,071,"Colorado","Las Animas County",1,71,225,119,106
050,08,071,"Colorado","Las Animas County",1,72,224,122,102
050,08,071,"Colorado","Las Animas County",1,73,223,111,112
050,08,071,"Colorado","Las Animas County",1,74,165,89,76
050,08,071,"Colorado","Las Animas County",1,75,151,70,81
050,08,071,"Colorado","Las Animas County",1,76,136,67,69
050,08,071,"Colorado","Las Animas County",1,77,128,65,63
050,08,071,"Colorado","Las Animas County",1,78,115,56,59
050,08,071,"Colorado","Las Animas County",1,79,103,49,54
050,08,071,"Colorado","Las Animas County",1,80,90,49,41
050,08,071,"Colorado","Las Animas County",1,81,88,50,38
050,08,071,"Colorado","Las Animas County",1,82,73,32,41
050,08,071,"Colorado","Las Animas County",1,83,71,34,37
050,08,071,"Colorado","Las Animas County",1,84,73,27,46
050,08,071,"Colorado","Las Animas County",1,85,382,112,270
050,08,071,"Colorado","Las Animas County",2,0,119,58,61
050,08,071,"Colorado","Las Animas County",2,1,121,64,57
050,08,071,"Colorado","Las Animas County",2,2,116,57,59
050,08,071,"Colorado","Las Animas County",2,3,134,58,76
050,08,071,"Colorado","Las Animas County",2,4,136,62,74
050,08,071,"Colorado","Las Animas County",2,5,141,66,75
050,08,071,"Colorado","Las Animas County",2,6,133,66,67
050,08,071,"Colorado","Las Animas County",2,7,139,73,66
050,08,071,"Colorado","Las Animas County",2,8,148,70,78
050,08,071,"Colorado","Las Animas County",2,9,136,68,68
050,08,071,"Colorado","Las Animas County",2,10,150,76,74
050,08,071,"Colorado","Las Animas County",2,11,166,92,74
050,08,071,"Colorado","Las Animas County",2,12,162,89,73
050,08,071,"Colorado","Las Animas County",2,13,163,86,77
050,08,071,"Colorado","Las Animas County",2,14,170,91,79
050,08,071,"Colorado","Las Animas County",2,15,171,89,82
050,08,071,"Colorado","Las Animas County",2,16,173,87,86
050,08,071,"Colorado","Las Animas County",2,17,161,89,72
050,08,071,"Colorado","Las Animas County",2,18,163,94,69
050,08,071,"Colorado","Las Animas County",2,19,177,100,77
050,08,071,"Colorado","Las Animas County",2,20,159,90,69
050,08,071,"Colorado","Las Animas County",2,21,151,91,60
050,08,071,"Colorado","Las Animas County",2,22,161,101,60
050,08,071,"Colorado","Las Animas County",2,23,151,92,59
050,08,071,"Colorado","Las Animas County",2,24,165,101,64
050,08,071,"Colorado","Las Animas County",2,25,174,101,73
050,08,071,"Colorado","Las Animas County",2,26,175,98,77
050,08,071,"Colorado","Las Animas County",2,27,170,98,72
050,08,071,"Colorado","Las Animas County",2,28,185,105,80
050,08,071,"Colorado","Las Animas County",2,29,171,102,69
050,08,071,"Colorado","Las Animas County",2,30,157,90,67
050,08,071,"Colorado","Las Animas County",2,31,160,95,65
050,08,071,"Colorado","Las Animas County",2,32,152,83,69
050,08,071,"Colorado","Las Animas County",2,33,154,88,66
050,08,071,"Colorado","Las Animas County",2,34,147,78,69
050,08,071,"Colorado","Las Animas County",2,35,157,85,72
050,08,071,"Colorado","Las Animas County",2,36,152,85,67
050,08,071,"Colorado","Las Animas County",2,37,167,97,70
050,08,071,"Colorado","Las Animas County",2,38,176,95,81
050,08,071,"Colorado","Las Animas County",2,39,171,111,60
050,08,071,"Colorado","Las Animas County",2,40,169,101,68
050,08,071,"Colorado","Las Animas County",2,41,151,76,75
050,08,071,"Colorado","Las Animas County",2,42,152,72,80
050,08,071,"Colorado","Las Animas County",2,43,156,81,75
050,08,071,"Colorado","Las Animas County",2,44,138,72,66
050,08,071,"Colorado","Las Animas County",2,45,138,73,65
050,08,071,"Colorado","Las Animas County",2,46,139,78,61
050,08,071,"Colorado","Las Animas County",2,47,154,83,71
050,08,071,"Colorado","Las Animas County",2,48,166,91,75
050,08,071,"Colorado","Las Animas County",2,49,161,83,78
050,08,071,"Colorado","Las Animas County",2,50,181,82,99
050,08,071,"Colorado","Las Animas County",2,51,159,79,80
050,08,071,"Colorado","Las Animas County",2,52,146,77,69
050,08,071,"Colorado","Las Animas County",2,53,161,81,80
050,08,071,"Colorado","Las Animas County",2,54,173,97,76
050,08,071,"Colorado","Las Animas County",2,55,174,95,79
050,08,071,"Colorado","Las Animas County",2,56,191,101,90
050,08,071,"Colorado","Las Animas County",2,57,203,93,110
050,08,071,"Colorado","Las Animas County",2,58,220,107,113
050,08,071,"Colorado","Las Animas County",2,59,217,106,111
050,08,071,"Colorado","Las Animas County",2,60,226,112,114
050,08,071,"Colorado","Las Animas County",2,61,248,132,116
050,08,071,"Colorado","Las Animas County",2,62,261,132,129
050,08,071,"Colorado","Las Animas County",2,63,253,134,119
050,08,071,"Colorado","Las Animas County",2,64,243,122,121
050,08,071,"Colorado","Las Animas County",2,65,246,121,125
050,08,071,"Colorado","Las Animas County",2,66,254,131,123
050,08,071,"Colorado","Las Animas County",2,67,238,128,110
050,08,071,"Colorado","Las Animas County",2,68,227,123,104
050,08,071,"Colorado","Las Animas County",2,69,229,123,106
050,08,071,"Colorado","Las Animas County",2,70,224,118,106
050,08,071,"Colorado","Las Animas County",2,71,220,116,104
050,08,071,"Colorado","Las Animas County",2,72,217,117,100
050,08,071,"Colorado","Las Animas County",2,73,230,117,113
050,08,071,"Colorado","Las Animas County",2,74,171,90,81
050,08,071,"Colorado","Las Animas County",2,75,156,75,81
050,08,071,"Colorado","Las Animas County",2,76,138,68,70
050,08,071,"Colorado","Las Animas County",2,77,132,66,66
050,08,071,"Colorado","Las Animas County",2,78,113,56,57
050,08,071,"Colorado","Las Animas County",2,79,101,49,52
050,08,071,"Colorado","Las Animas County",2,80,94,48,46
050,08,071,"Colorado","Las Animas County",2,81,87,50,37
050,08,071,"Colorado","Las Animas County",2,82,77,37,40
050,08,071,"Colorado","Las Animas County",2,83,72,34,38
050,08,071,"Colorado","Las Animas County",2,84,68,26,42
050,08,071,"Colorado","Las Animas County",2,85,382,112,270
050,08,071,"Colorado","Las Animas County",3,0,129,60,69
050,08,071,"Colorado","Las Animas County",3,1,130,66,64
050,08,071,"Colorado","Las Animas County",3,2,122,66,56
050,08,071,"Colorado","Las Animas County",3,3,117,59,58
050,08,071,"Colorado","Las Animas County",3,4,143,61,82
050,08,071,"Colorado","Las Animas County",3,5,140,65,75
050,08,071,"Colorado","Las Animas County",3,6,141,68,73
050,08,071,"Colorado","Las Animas County",3,7,135,69,66
050,08,071,"Colorado","Las Animas County",3,8,139,74,65
050,08,071,"Colorado","Las Animas County",3,9,152,74,78
050,08,071,"Colorado","Las Animas County",3,10,131,63,68
050,08,071,"Colorado","Las Animas County",3,11,148,76,72
050,08,071,"Colorado","Las Animas County",3,12,161,83,78
050,08,071,"Colorado","Las Animas County",3,13,165,90,75
050,08,071,"Colorado","Las Animas County",3,14,168,92,76
050,08,071,"Colorado","Las Animas County",3,15,166,87,79
050,08,071,"Colorado","Las Animas County",3,16,162,85,77
050,08,071,"Colorado","Las Animas County",3,17,164,81,83
050,08,071,"Colorado","Las Animas County",3,18,155,87,68
050,08,071,"Colorado","Las Animas County",3,19,161,91,70
050,08,071,"Colorado","Las Animas County",3,20,169,94,75
050,08,071,"Colorado","Las Animas County",3,21,165,91,74
050,08,071,"Colorado","Las Animas County",3,22,150,92,58
050,08,071,"Colorado","Las Animas County",3,23,142,88,54
050,08,071,"Colorado","Las Animas County",3,24,163,91,72
050,08,071,"Colorado","Las Animas County",3,25,149,84,65
050,08,071,"Colorado","Las Animas County",3,26,167,96,71
050,08,071,"Colorado","Las Animas County",3,27,162,86,76
050,08,071,"Colorado","Las Animas County",3,28,159,87,72
050,08,071,"Colorado","Las Animas County",3,29,171,95,76
050,08,071,"Colorado","Las Animas County",3,30,166,91,75
050,08,071,"Colorado","Las Animas County",3,31,143,81,62
050,08,071,"Colorado","Las Animas County",3,32,150,87,63
050,08,071,"Colorado","Las Animas County",3,33,150,83,67
050,08,071,"Colorado","Las Animas County",3,34,157,81,76
050,08,071,"Colorado","Las Animas County",3,35,166,92,74
050,08,071,"Colorado","Las Animas County",3,36,155,84,71
050,08,071,"Colorado","Las Animas County",3,37,152,81,71
050,08,071,"Colorado","Las Animas County",3,38,160,91,69
050,08,071,"Colorado","Las Animas County",3,39,180,95,85
050,08,071,"Colorado","Las Animas County",3,40,155,89,66
050,08,071,"Colorado","Las Animas County",3,41,165,97,68
050,08,071,"Colorado","Las Animas County",3,42,143,76,67
050,08,071,"Colorado","Las Animas County",3,43,155,74,81
050,08,071,"Colorado","Las Animas County",3,44,145,76,69
050,08,071,"Colorado","Las Animas County",3,45,142,69,73
050,08,071,"Colorado","Las Animas County",3,46,146,75,71
050,08,071,"Colorado","Las Animas County",3,47,117,62,55
050,08,071,"Colorado","Las Animas County",3,48,166,86,80
050,08,071,"Colorado","Las Animas County",3,49,173,92,81
050,08,071,"Colorado","Las Animas County",3,50,157,76,81
050,08,071,"Colorado","Las Animas County",3,51,183,79,104
050,08,071,"Colorado","Las Animas County",3,52,144,68,76
050,08,071,"Colorado","Las Animas County",3,53,153,75,78
050,08,071,"Colorado","Las Animas County",3,54,163,87,76
050,08,071,"Colorado","Las Animas County",3,55,164,91,73
050,08,071,"Colorado","Las Animas County",3,56,173,91,82
050,08,071,"Colorado","Las Animas County",3,57,182,99,83
050,08,071,"Colorado","Las Animas County",3,58,208,96,112
050,08,071,"Colorado","Las Animas County",3,59,217,107,110
050,08,071,"Colorado","Las Animas County",3,60,224,107,117
050,08,071,"Colorado","Las Animas County",3,61,235,119,116
050,08,071,"Colorado","Las Animas County",3,62,249,132,117
050,08,071,"Colorado","Las Animas County",3,63,254,132,122
050,08,071,"Colorado","Las Animas County",3,64,245,130,115
050,08,071,"Colorado","Las Animas County",3,65,244,117,127
050,08,071,"Colorado","Las Animas County",3,66,254,127,127
050,08,071,"Colorado","Las Animas County",3,67,254,132,122
050,08,071,"Colorado","Las Animas County",3,68,233,126,107
050,08,071,"Colorado","Las Animas County",3,69,228,125,103
050,08,071,"Colorado","Las Animas County",3,70,223,122,101
050,08,071,"Colorado","Las Animas County",3,71,224,119,105
050,08,071,"Colorado","Las Animas County",3,72,218,112,106
050,08,071,"Colorado","Las Animas County",3,73,207,114,93
050,08,071,"Colorado","Las Animas County",3,74,216,110,106
050,08,071,"Colorado","Las Animas County",3,75,164,83,81
050,08,071,"Colorado","Las Animas County",3,76,151,71,80
050,08,071,"Colorado","Las Animas County",3,77,136,67,69
050,08,071,"Colorado","Las Animas County",3,78,125,62,63
050,08,071,"Colorado","Las Animas County",3,79,105,53,52
050,08,071,"Colorado","Las Animas County",3,80,93,45,48
050,08,071,"Colorado","Las Animas County",3,81,88,44,44
050,08,071,"Colorado","Las Animas County",3,82,85,49,36
050,08,071,"Colorado","Las Animas County",3,83,73,36,37
050,08,071,"Colorado","Las Animas County",3,84,68,30,38
050,08,071,"Colorado","Las Animas County",3,85,382,121,261
050,08,071,"Colorado","Las Animas County",4,0,111,51,60
050,08,071,"Colorado","Las Animas County",4,1,150,78,72
050,08,071,"Colorado","Las Animas County",4,2,134,70,64
050,08,071,"Colorado","Las Animas County",4,3,118,63,55
050,08,071,"Colorado","Las Animas County",4,4,109,58,51
050,08,071,"Colorado","Las Animas County",4,5,145,65,80
050,08,071,"Colorado","Las Animas County",4,6,146,71,75
050,08,071,"Colorado","Las Animas County",4,7,134,60,74
050,08,071,"Colorado","Las Animas County",4,8,140,71,69
050,08,071,"Colorado","Las Animas County",4,9,152,82,70
050,08,071,"Colorado","Las Animas County",4,10,155,79,76
050,08,071,"Colorado","Las Animas County",4,11,138,67,71
050,08,071,"Colorado","Las Animas County",4,12,153,79,74
050,08,071,"Colorado","Las Animas County",4,13,161,82,79
050,08,071,"Colorado","Las Animas County",4,14,167,88,79
050,08,071,"Colorado","Las Animas County",4,15,165,90,75
050,08,071,"Colorado","Las Animas County",4,16,166,86,80
050,08,071,"Colorado","Las Animas County",4,17,164,83,81
050,08,071,"Colorado","Las Animas County",4,18,152,80,72
050,08,071,"Colorado","Las Animas County",4,19,165,97,68
050,08,071,"Colorado","Las Animas County",4,20,145,83,62
050,08,071,"Colorado","Las Animas County",4,21,168,86,82
050,08,071,"Colorado","Las Animas County",4,22,163,94,69
050,08,071,"Colorado","Las Animas County",4,23,155,90,65
050,08,071,"Colorado","Las Animas County",4,24,151,94,57
050,08,071,"Colorado","Las Animas County",4,25,157,88,69
050,08,071,"Colorado","Las Animas County",4,26,160,90,70
050,08,071,"Colorado","Las Animas County",4,27,166,90,76
050,08,071,"Colorado","Las Animas County",4,28,169,91,78
050,08,071,"Colorado","Las Animas County",4,29,174,95,79
050,08,071,"Colorado","Las Animas County",4,30,175,95,80
050,08,071,"Colorado","Las Animas County",4,31,162,86,76
050,08,071,"Colorado","Las Animas County",4,32,155,88,67
050,08,071,"Colorado","Las Animas County",4,33,146,85,61
050,08,071,"Colorado","Las Animas County",4,34,165,87,78
050,08,071,"Colorado","Las Animas County",4,35,164,86,78
050,08,071,"Colorado","Las Animas County",4,36,169,98,71
050,08,071,"Colorado","Las Animas County",4,37,161,86,75
050,08,071,"Colorado","Las Animas County",4,38,141,72,69
050,08,071,"Colorado","Las Animas County",4,39,166,101,65
050,08,071,"Colorado","Las Animas County",4,40,177,91,86
050,08,071,"Colorado","Las Animas County",4,41,153,87,66
050,08,071,"Colorado","Las Animas County",4,42,159,95,64
050,08,071,"Colorado","Las Animas County",4,43,142,78,64
050,08,071,"Colorado","Las Animas County",4,44,151,65,86
050,08,071,"Colorado","Las Animas County",4,45,148,78,70
050,08,071,"Colorado","Las Animas County",4,46,140,68,72
050,08,071,"Colorado","Las Animas County",4,47,137,69,68
050,08,071,"Colorado","Las Animas County",4,48,113,52,61
050,08,071,"Colorado","Las Animas County",4,49,167,87,80
050,08,071,"Colorado","Las Animas County",4,50,172,89,83
050,08,071,"Colorado","Las Animas County",4,51,155,73,82
050,08,071,"Colorado","Las Animas County",4,52,188,78,110
050,08,071,"Colorado","Las Animas County",4,53,142,68,74
050,08,071,"Colorado","Las Animas County",4,54,165,86,79
050,08,071,"Colorado","Las Animas County",4,55,176,91,85
050,08,071,"Colorado","Las Animas County",4,56,168,95,73
050,08,071,"Colorado","Las Animas County",4,57,179,91,88
050,08,071,"Colorado","Las Animas County",4,58,193,104,89
050,08,071,"Colorado","Las Animas County",4,59,207,101,106
050,08,071,"Colorado","Las Animas County",4,60,214,108,106
050,08,071,"Colorado","Las Animas County",4,61,221,105,116
050,08,071,"Colorado","Las Animas County",4,62,240,122,118
050,08,071,"Colorado","Las Animas County",4,63,249,131,118
050,08,071,"Colorado","Las Animas County",4,64,262,131,131
050,08,071,"Colorado","Las Animas County",4,65,238,119,119
050,08,071,"Colorado","Las Animas County",4,66,233,113,120
050,08,071,"Colorado","Las Animas County",4,67,253,126,127
050,08,071,"Colorado","Las Animas County",4,68,245,130,115
050,08,071,"Colorado","Las Animas County",4,69,228,125,103
050,08,071,"Colorado","Las Animas County",4,70,213,112,101
050,08,071,"Colorado","Las Animas County",4,71,217,121,96
050,08,071,"Colorado","Las Animas County",4,72,206,109,97
050,08,071,"Colorado","Las Animas County",4,73,207,105,102
050,08,071,"Colorado","Las Animas County",4,74,197,109,88
050,08,071,"Colorado","Las Animas County",4,75,198,96,102
050,08,071,"Colorado","Las Animas County",4,76,149,76,73
050,08,071,"Colorado","Las Animas County",4,77,151,73,78
050,08,071,"Colorado","Las Animas County",4,78,131,66,65
050,08,071,"Colorado","Las Animas County",4,79,124,63,61
050,08,071,"Colorado","Las Animas County",4,80,98,48,50
050,08,071,"Colorado","Las Animas County",4,81,86,41,45
050,08,071,"Colorado","Las Animas County",4,82,83,42,41
050,08,071,"Colorado","Las Animas County",4,83,68,42,26
050,08,071,"Colorado","Las Animas County",4,84,61,30,31
050,08,071,"Colorado","Las Animas County",4,85,370,130,240
050,08,071,"Colorado","Las Animas County",5,0,109,50,59
050,08,071,"Colorado","Las Animas County",5,1,117,50,67
050,08,071,"Colorado","Las Animas County",5,2,143,69,74
050,08,071,"Colorado","Las Animas County",5,3,128,65,63
050,08,071,"Colorado","Las Animas County",5,4,113,62,51
050,08,071,"Colorado","Las Animas County",5,5,111,62,49
050,08,071,"Colorado","Las Animas County",5,6,146,63,83
050,08,071,"Colorado","Las Animas County",5,7,149,69,80
050,08,071,"Colorado","Las Animas County",5,8,134,60,74
050,08,071,"Colorado","Las Animas County",5,9,141,71,70
050,08,071,"Colorado","Las Animas County",5,10,150,77,73
050,08,071,"Colorado","Las Animas County",5,11,147,71,76
050,08,071,"Colorado","Las Animas County",5,12,143,64,79
050,08,071,"Colorado","Las Animas County",5,13,145,75,70
050,08,071,"Colorado","Las Animas County",5,14,158,75,83
050,08,071,"Colorado","Las Animas County",5,15,165,87,78
050,08,071,"Colorado","Las Animas County",5,16,168,93,75
050,08,071,"Colorado","Las Animas County",5,17,160,83,77
050,08,071,"Colorado","Las Animas County",5,18,146,78,68
050,08,071,"Colorado","Las Animas County",5,19,158,94,64
050,08,071,"Colorado","Las Animas County",5,20,154,92,62
050,08,071,"Colorado","Las Animas County",5,21,152,89,63
050,08,071,"Colorado","Las Animas County",5,22,166,96,70
050,08,071,"Colorado","Las Animas County",5,23,173,101,72
050,08,071,"Colorado","Las Animas County",5,24,159,96,63
050,08,071,"Colorado","Las Animas County",5,25,150,93,57
050,08,071,"Colorado","Las Animas County",5,26,147,91,56
050,08,071,"Colorado","Las Animas County",5,27,165,92,73
050,08,071,"Colorado","Las Animas County",5,28,168,90,78
050,08,071,"Colorado","Las Animas County",5,29,171,92,79
050,08,071,"Colorado","Las Animas County",5,30,172,95,77
050,08,071,"Colorado","Las Animas County",5,31,190,104,86
050,08,071,"Colorado","Las Animas County",5,32,156,83,73
050,08,071,"Colorado","Las Animas County",5,33,167,96,71
050,08,071,"Colorado","Las Animas County",5,34,146,84,62
050,08,071,"Colorado","Las Animas County",5,35,190,105,85
050,08,071,"Colorado","Las Animas County",5,36,172,92,80
050,08,071,"Colorado","Las Animas County",5,37,174,103,71
050,08,071,"Colorado","Las Animas County",5,38,167,91,76
050,08,071,"Colorado","Las Animas County",5,39,154,85,69
050,08,071,"Colorado","Las Animas County",5,40,170,104,66
050,08,071,"Colorado","Las Animas County",5,41,178,89,89
050,08,071,"Colorado","Las Animas County",5,42,148,83,65
050,08,071,"Colorado","Las Animas County",5,43,178,107,71
050,08,071,"Colorado","Las Animas County",5,44,137,70,67
050,08,071,"Colorado","Las Animas County",5,45,153,71,82
050,08,071,"Colorado","Las Animas County",5,46,164,93,71
050,08,071,"Colorado","Las Animas County",5,47,141,66,75
050,08,071,"Colorado","Las Animas County",5,48,145,69,76
050,08,071,"Colorado","Las Animas County",5,49,116,52,64
050,08,071,"Colorado","Las Animas County",5,50,180,93,87
050,08,071,"Colorado","Las Animas County",5,51,172,88,84
050,08,071,"Colorado","Las Animas County",5,52,154,76,78
050,08,071,"Colorado","Las Animas County",5,53,190,80,110
050,08,071,"Colorado","Las Animas County",5,54,155,78,77
050,08,071,"Colorado","Las Animas County",5,55,163,82,81
050,08,071,"Colorado","Las Animas County",5,56,175,95,80
050,08,071,"Colorado","Las Animas County",5,57,170,98,72
050,08,071,"Colorado","Las Animas County",5,58,186,96,90
050,08,071,"Colorado","Las Animas County",5,59,193,108,85
050,08,071,"Colorado","Las Animas County",5,60,214,105,109
050,08,071,"Colorado","Las Animas County",5,61,218,115,103
050,08,071,"Colorado","Las Animas County",5,62,209,97,112
050,08,071,"Colorado","Las Animas County",5,63,245,124,121
050,08,071,"Colorado","Las Animas County",5,64,252,130,122
050,08,071,"Colorado","Las Animas County",5,65,250,121,129
050,08,071,"Colorado","Las Animas County",5,66,240,123,117
050,08,071,"Colorado","Las Animas County",5,67,228,110,118
050,08,071,"Colorado","Las Animas County",5,68,256,126,130
050,08,071,"Colorado","Las Animas County",5,69,243,129,114
050,08,071,"Colorado","Las Animas County",5,70,231,126,105
050,08,071,"Colorado","Las Animas County",5,71,206,110,96
050,08,071,"Colorado","Las Animas County",5,72,201,113,88
050,08,071,"Colorado","Las Animas County",5,73,192,100,92
050,08,071,"Colorado","Las Animas County",5,74,201,102,99
050,08,071,"Colorado","Las Animas County",5,75,186,100,86
050,08,071,"Colorado","Las Animas County",5,76,187,94,93
050,08,071,"Colorado","Las Animas County",5,77,151,75,76
050,08,071,"Colorado","Las Animas County",5,78,147,71,76
050,08,071,"Colorado","Las Animas County",5,79,126,65,61
050,08,071,"Colorado","Las Animas County",5,80,115,56,59
050,08,071,"Colorado","Las Animas County",5,81,90,45,45
050,08,071,"Colorado","Las Animas County",5,82,76,35,41
050,08,071,"Colorado","Las Animas County",5,83,71,35,36
050,08,071,"Colorado","Las Animas County",5,84,59,39,20
050,08,071,"Colorado","Las Animas County",5,85,362,132,230
050,08,073,"Colorado","Lincoln County",1,0,58,30,28
050,08,073,"Colorado","Lincoln County",1,1,60,26,34
050,08,073,"Colorado","Lincoln County",1,2,63,27,36
050,08,073,"Colorado","Lincoln County",1,3,60,33,27
050,08,073,"Colorado","Lincoln County",1,4,61,32,29
050,08,073,"Colorado","Lincoln County",1,5,76,39,37
050,08,073,"Colorado","Lincoln County",1,6,57,31,26
050,08,073,"Colorado","Lincoln County",1,7,62,30,32
050,08,073,"Colorado","Lincoln County",1,8,55,31,24
050,08,073,"Colorado","Lincoln County",1,9,67,38,29
050,08,073,"Colorado","Lincoln County",1,10,64,41,23
050,08,073,"Colorado","Lincoln County",1,11,64,39,25
050,08,073,"Colorado","Lincoln County",1,12,78,40,38
050,08,073,"Colorado","Lincoln County",1,13,66,33,33
050,08,073,"Colorado","Lincoln County",1,14,71,38,33
050,08,073,"Colorado","Lincoln County",1,15,58,27,31
050,08,073,"Colorado","Lincoln County",1,16,65,33,32
050,08,073,"Colorado","Lincoln County",1,17,67,36,31
050,08,073,"Colorado","Lincoln County",1,18,55,28,27
050,08,073,"Colorado","Lincoln County",1,19,40,23,17
050,08,073,"Colorado","Lincoln County",1,20,46,29,17
050,08,073,"Colorado","Lincoln County",1,21,58,35,23
050,08,073,"Colorado","Lincoln County",1,22,72,46,26
050,08,073,"Colorado","Lincoln County",1,23,75,49,26
050,08,073,"Colorado","Lincoln County",1,24,99,72,27
050,08,073,"Colorado","Lincoln County",1,25,93,66,27
050,08,073,"Colorado","Lincoln County",1,26,88,58,30
050,08,073,"Colorado","Lincoln County",1,27,93,68,25
050,08,073,"Colorado","Lincoln County",1,28,89,66,23
050,08,073,"Colorado","Lincoln County",1,29,81,49,32
050,08,073,"Colorado","Lincoln County",1,30,96,63,33
050,08,073,"Colorado","Lincoln County",1,31,90,60,30
050,08,073,"Colorado","Lincoln County",1,32,94,64,30
050,08,073,"Colorado","Lincoln County",1,33,88,69,19
050,08,073,"Colorado","Lincoln County",1,34,72,55,17
050,08,073,"Colorado","Lincoln County",1,35,94,62,32
050,08,073,"Colorado","Lincoln County",1,36,86,51,35
050,08,073,"Colorado","Lincoln County",1,37,86,60,26
050,08,073,"Colorado","Lincoln County",1,38,80,56,24
050,08,073,"Colorado","Lincoln County",1,39,81,60,21
050,08,073,"Colorado","Lincoln County",1,40,75,47,28
050,08,073,"Colorado","Lincoln County",1,41,74,43,31
050,08,073,"Colorado","Lincoln County",1,42,64,40,24
050,08,073,"Colorado","Lincoln County",1,43,71,47,24
050,08,073,"Colorado","Lincoln County",1,44,73,40,33
050,08,073,"Colorado","Lincoln County",1,45,59,36,23
050,08,073,"Colorado","Lincoln County",1,46,67,47,20
050,08,073,"Colorado","Lincoln County",1,47,57,42,15
050,08,073,"Colorado","Lincoln County",1,48,53,35,18
050,08,073,"Colorado","Lincoln County",1,49,70,46,24
050,08,073,"Colorado","Lincoln County",1,50,83,52,31
050,08,073,"Colorado","Lincoln County",1,51,86,55,31
050,08,073,"Colorado","Lincoln County",1,52,69,41,28
050,08,073,"Colorado","Lincoln County",1,53,71,42,29
050,08,073,"Colorado","Lincoln County",1,54,66,32,34
050,08,073,"Colorado","Lincoln County",1,55,81,43,38
050,08,073,"Colorado","Lincoln County",1,56,84,52,32
050,08,073,"Colorado","Lincoln County",1,57,68,34,34
050,08,073,"Colorado","Lincoln County",1,58,64,40,24
050,08,073,"Colorado","Lincoln County",1,59,70,44,26
050,08,073,"Colorado","Lincoln County",1,60,78,43,35
050,08,073,"Colorado","Lincoln County",1,61,81,43,38
050,08,073,"Colorado","Lincoln County",1,62,74,44,30
050,08,073,"Colorado","Lincoln County",1,63,72,39,33
050,08,073,"Colorado","Lincoln County",1,64,54,29,25
050,08,073,"Colorado","Lincoln County",1,65,58,31,27
050,08,073,"Colorado","Lincoln County",1,66,64,33,31
050,08,073,"Colorado","Lincoln County",1,67,56,27,29
050,08,073,"Colorado","Lincoln County",1,68,60,31,29
050,08,073,"Colorado","Lincoln County",1,69,44,24,20
050,08,073,"Colorado","Lincoln County",1,70,43,20,23
050,08,073,"Colorado","Lincoln County",1,71,48,27,21
050,08,073,"Colorado","Lincoln County",1,72,57,26,31
050,08,073,"Colorado","Lincoln County",1,73,56,25,31
050,08,073,"Colorado","Lincoln County",1,74,35,15,20
050,08,073,"Colorado","Lincoln County",1,75,37,20,17
050,08,073,"Colorado","Lincoln County",1,76,44,23,21
050,08,073,"Colorado","Lincoln County",1,77,39,21,18
050,08,073,"Colorado","Lincoln County",1,78,35,20,15
050,08,073,"Colorado","Lincoln County",1,79,46,25,21
050,08,073,"Colorado","Lincoln County",1,80,23,10,13
050,08,073,"Colorado","Lincoln County",1,81,23,11,12
050,08,073,"Colorado","Lincoln County",1,82,26,11,15
050,08,073,"Colorado","Lincoln County",1,83,20,9,11
050,08,073,"Colorado","Lincoln County",1,84,23,10,13
050,08,073,"Colorado","Lincoln County",1,85,165,64,101
050,08,073,"Colorado","Lincoln County",2,0,55,29,26
050,08,073,"Colorado","Lincoln County",2,1,61,27,34
050,08,073,"Colorado","Lincoln County",2,2,63,28,35
050,08,073,"Colorado","Lincoln County",2,3,62,33,29
050,08,073,"Colorado","Lincoln County",2,4,61,33,28
050,08,073,"Colorado","Lincoln County",2,5,70,35,35
050,08,073,"Colorado","Lincoln County",2,6,61,33,28
050,08,073,"Colorado","Lincoln County",2,7,58,30,28
050,08,073,"Colorado","Lincoln County",2,8,56,30,26
050,08,073,"Colorado","Lincoln County",2,9,63,36,27
050,08,073,"Colorado","Lincoln County",2,10,64,40,24
050,08,073,"Colorado","Lincoln County",2,11,65,40,25
050,08,073,"Colorado","Lincoln County",2,12,75,40,35
050,08,073,"Colorado","Lincoln County",2,13,67,34,33
050,08,073,"Colorado","Lincoln County",2,14,68,36,32
050,08,073,"Colorado","Lincoln County",2,15,62,30,32
050,08,073,"Colorado","Lincoln County",2,16,63,32,31
050,08,073,"Colorado","Lincoln County",2,17,67,36,31
050,08,073,"Colorado","Lincoln County",2,18,53,28,25
050,08,073,"Colorado","Lincoln County",2,19,40,23,17
050,08,073,"Colorado","Lincoln County",2,20,48,30,18
050,08,073,"Colorado","Lincoln County",2,21,57,36,21
050,08,073,"Colorado","Lincoln County",2,22,70,45,25
050,08,073,"Colorado","Lincoln County",2,23,79,52,27
050,08,073,"Colorado","Lincoln County",2,24,95,69,26
050,08,073,"Colorado","Lincoln County",2,25,95,67,28
050,08,073,"Colorado","Lincoln County",2,26,87,57,30
050,08,073,"Colorado","Lincoln County",2,27,93,67,26
050,08,073,"Colorado","Lincoln County",2,28,90,67,23
050,08,073,"Colorado","Lincoln County",2,29,79,49,30
050,08,073,"Colorado","Lincoln County",2,30,94,62,32
050,08,073,"Colorado","Lincoln County",2,31,90,59,31
050,08,073,"Colorado","Lincoln County",2,32,94,65,29
050,08,073,"Colorado","Lincoln County",2,33,88,67,21
050,08,073,"Colorado","Lincoln County",2,34,73,56,17
050,08,073,"Colorado","Lincoln County",2,35,88,60,28
050,08,073,"Colorado","Lincoln County",2,36,89,54,35
050,08,073,"Colorado","Lincoln County",2,37,87,59,28
050,08,073,"Colorado","Lincoln County",2,38,81,57,24
050,08,073,"Colorado","Lincoln County",2,39,84,61,23
050,08,073,"Colorado","Lincoln County",2,40,76,48,28
050,08,073,"Colorado","Lincoln County",2,41,76,45,31
050,08,073,"Colorado","Lincoln County",2,42,64,39,25
050,08,073,"Colorado","Lincoln County",2,43,73,47,26
050,08,073,"Colorado","Lincoln County",2,44,72,40,32
050,08,073,"Colorado","Lincoln County",2,45,62,36,26
050,08,073,"Colorado","Lincoln County",2,46,66,46,20
050,08,073,"Colorado","Lincoln County",2,47,61,45,16
050,08,073,"Colorado","Lincoln County",2,48,52,35,17
050,08,073,"Colorado","Lincoln County",2,49,67,45,22
050,08,073,"Colorado","Lincoln County",2,50,80,51,29
050,08,073,"Colorado","Lincoln County",2,51,84,53,31
050,08,073,"Colorado","Lincoln County",2,52,72,44,28
050,08,073,"Colorado","Lincoln County",2,53,71,41,30
050,08,073,"Colorado","Lincoln County",2,54,65,33,32
050,08,073,"Colorado","Lincoln County",2,55,78,41,37
050,08,073,"Colorado","Lincoln County",2,56,82,49,33
050,08,073,"Colorado","Lincoln County",2,57,70,37,33
050,08,073,"Colorado","Lincoln County",2,58,66,40,26
050,08,073,"Colorado","Lincoln County",2,59,69,43,26
050,08,073,"Colorado","Lincoln County",2,60,77,44,33
050,08,073,"Colorado","Lincoln County",2,61,79,41,38
050,08,073,"Colorado","Lincoln County",2,62,77,44,33
050,08,073,"Colorado","Lincoln County",2,63,74,42,32
050,08,073,"Colorado","Lincoln County",2,64,56,29,27
050,08,073,"Colorado","Lincoln County",2,65,57,31,26
050,08,073,"Colorado","Lincoln County",2,66,62,32,30
050,08,073,"Colorado","Lincoln County",2,67,57,28,29
050,08,073,"Colorado","Lincoln County",2,68,58,30,28
050,08,073,"Colorado","Lincoln County",2,69,46,26,20
050,08,073,"Colorado","Lincoln County",2,70,44,21,23
050,08,073,"Colorado","Lincoln County",2,71,48,26,22
050,08,073,"Colorado","Lincoln County",2,72,53,24,29
050,08,073,"Colorado","Lincoln County",2,73,59,26,33
050,08,073,"Colorado","Lincoln County",2,74,38,17,21
050,08,073,"Colorado","Lincoln County",2,75,37,19,18
050,08,073,"Colorado","Lincoln County",2,76,41,21,20
050,08,073,"Colorado","Lincoln County",2,77,42,22,20
050,08,073,"Colorado","Lincoln County",2,78,33,18,15
050,08,073,"Colorado","Lincoln County",2,79,43,24,19
050,08,073,"Colorado","Lincoln County",2,80,27,13,14
050,08,073,"Colorado","Lincoln County",2,81,23,11,12
050,08,073,"Colorado","Lincoln County",2,82,26,11,15
050,08,073,"Colorado","Lincoln County",2,83,21,9,12
050,08,073,"Colorado","Lincoln County",2,84,23,10,13
050,08,073,"Colorado","Lincoln County",2,85,160,60,100
050,08,073,"Colorado","Lincoln County",3,0,40,26,14
050,08,073,"Colorado","Lincoln County",3,1,58,31,27
050,08,073,"Colorado","Lincoln County",3,2,62,27,35
050,08,073,"Colorado","Lincoln County",3,3,63,31,32
050,08,073,"Colorado","Lincoln County",3,4,59,31,28
050,08,073,"Colorado","Lincoln County",3,5,62,33,29
050,08,073,"Colorado","Lincoln County",3,6,67,32,35
050,08,073,"Colorado","Lincoln County",3,7,64,34,30
050,08,073,"Colorado","Lincoln County",3,8,58,31,27
050,08,073,"Colorado","Lincoln County",3,9,59,29,30
050,08,073,"Colorado","Lincoln County",3,10,61,37,24
050,08,073,"Colorado","Lincoln County",3,11,65,42,23
050,08,073,"Colorado","Lincoln County",3,12,67,43,24
050,08,073,"Colorado","Lincoln County",3,13,77,38,39
050,08,073,"Colorado","Lincoln County",3,14,58,30,28
050,08,073,"Colorado","Lincoln County",3,15,62,33,29
050,08,073,"Colorado","Lincoln County",3,16,67,32,35
050,08,073,"Colorado","Lincoln County",3,17,57,29,28
050,08,073,"Colorado","Lincoln County",3,18,55,27,28
050,08,073,"Colorado","Lincoln County",3,19,44,24,20
050,08,073,"Colorado","Lincoln County",3,20,48,28,20
050,08,073,"Colorado","Lincoln County",3,21,53,37,16
050,08,073,"Colorado","Lincoln County",3,22,55,34,21
050,08,073,"Colorado","Lincoln County",3,23,58,38,20
050,08,073,"Colorado","Lincoln County",3,24,85,57,28
050,08,073,"Colorado","Lincoln County",3,25,93,71,22
050,08,073,"Colorado","Lincoln County",3,26,83,53,30
050,08,073,"Colorado","Lincoln County",3,27,83,53,30
050,08,073,"Colorado","Lincoln County",3,28,95,66,29
050,08,073,"Colorado","Lincoln County",3,29,79,50,29
050,08,073,"Colorado","Lincoln County",3,30,83,56,27
050,08,073,"Colorado","Lincoln County",3,31,78,49,29
050,08,073,"Colorado","Lincoln County",3,32,98,64,34
050,08,073,"Colorado","Lincoln County",3,33,87,57,30
050,08,073,"Colorado","Lincoln County",3,34,78,55,23
050,08,073,"Colorado","Lincoln County",3,35,66,51,15
050,08,073,"Colorado","Lincoln County",3,36,75,53,22
050,08,073,"Colorado","Lincoln County",3,37,81,47,34
050,08,073,"Colorado","Lincoln County",3,38,82,55,27
050,08,073,"Colorado","Lincoln County",3,39,87,63,24
050,08,073,"Colorado","Lincoln County",3,40,78,55,23
050,08,073,"Colorado","Lincoln County",3,41,73,44,29
050,08,073,"Colorado","Lincoln County",3,42,63,30,33
050,08,073,"Colorado","Lincoln County",3,43,69,42,27
050,08,073,"Colorado","Lincoln County",3,44,71,44,27
050,08,073,"Colorado","Lincoln County",3,45,66,34,32
050,08,073,"Colorado","Lincoln County",3,46,67,41,26
050,08,073,"Colorado","Lincoln County",3,47,66,46,20
050,08,073,"Colorado","Lincoln County",3,48,52,34,18
050,08,073,"Colorado","Lincoln County",3,49,48,33,15
050,08,073,"Colorado","Lincoln County",3,50,66,43,23
050,08,073,"Colorado","Lincoln County",3,51,80,48,32
050,08,073,"Colorado","Lincoln County",3,52,74,45,29
050,08,073,"Colorado","Lincoln County",3,53,66,37,29
050,08,073,"Colorado","Lincoln County",3,54,61,30,31
050,08,073,"Colorado","Lincoln County",3,55,72,34,38
050,08,073,"Colorado","Lincoln County",3,56,70,33,37
050,08,073,"Colorado","Lincoln County",3,57,77,43,34
050,08,073,"Colorado","Lincoln County",3,58,71,38,33
050,08,073,"Colorado","Lincoln County",3,59,63,37,26
050,08,073,"Colorado","Lincoln County",3,60,75,45,30
050,08,073,"Colorado","Lincoln County",3,61,68,38,30
050,08,073,"Colorado","Lincoln County",3,62,81,44,37
050,08,073,"Colorado","Lincoln County",3,63,81,48,33
050,08,073,"Colorado","Lincoln County",3,64,67,35,32
050,08,073,"Colorado","Lincoln County",3,65,56,30,26
050,08,073,"Colorado","Lincoln County",3,66,53,27,26
050,08,073,"Colorado","Lincoln County",3,67,58,27,31
050,08,073,"Colorado","Lincoln County",3,68,57,28,29
050,08,073,"Colorado","Lincoln County",3,69,53,27,26
050,08,073,"Colorado","Lincoln County",3,70,43,24,19
050,08,073,"Colorado","Lincoln County",3,71,45,23,22
050,08,073,"Colorado","Lincoln County",3,72,41,17,24
050,08,073,"Colorado","Lincoln County",3,73,51,23,28
050,08,073,"Colorado","Lincoln County",3,74,56,24,32
050,08,073,"Colorado","Lincoln County",3,75,39,18,21
050,08,073,"Colorado","Lincoln County",3,76,32,16,16
050,08,073,"Colorado","Lincoln County",3,77,41,19,22
050,08,073,"Colorado","Lincoln County",3,78,38,21,17
050,08,073,"Colorado","Lincoln County",3,79,36,19,17
050,08,073,"Colorado","Lincoln County",3,80,40,22,18
050,08,073,"Colorado","Lincoln County",3,81,29,14,15
050,08,073,"Colorado","Lincoln County",3,82,23,8,15
050,08,073,"Colorado","Lincoln County",3,83,25,11,14
050,08,073,"Colorado","Lincoln County",3,84,19,8,11
050,08,073,"Colorado","Lincoln County",3,85,161,64,97
050,08,073,"Colorado","Lincoln County",4,0,49,28,21
050,08,073,"Colorado","Lincoln County",4,1,35,17,18
050,08,073,"Colorado","Lincoln County",4,2,61,31,30
050,08,073,"Colorado","Lincoln County",4,3,62,26,36
050,08,073,"Colorado","Lincoln County",4,4,65,29,36
050,08,073,"Colorado","Lincoln County",4,5,61,33,28
050,08,073,"Colorado","Lincoln County",4,6,65,33,32
050,08,073,"Colorado","Lincoln County",4,7,70,35,35
050,08,073,"Colorado","Lincoln County",4,8,65,32,33
050,08,073,"Colorado","Lincoln County",4,9,63,33,30
050,08,073,"Colorado","Lincoln County",4,10,59,31,28
050,08,073,"Colorado","Lincoln County",4,11,67,37,30
050,08,073,"Colorado","Lincoln County",4,12,63,41,22
050,08,073,"Colorado","Lincoln County",4,13,66,40,26
050,08,073,"Colorado","Lincoln County",4,14,78,39,39
050,08,073,"Colorado","Lincoln County",4,15,66,33,33
050,08,073,"Colorado","Lincoln County",4,16,64,34,30
050,08,073,"Colorado","Lincoln County",4,17,62,28,34
050,08,073,"Colorado","Lincoln County",4,18,49,24,25
050,08,073,"Colorado","Lincoln County",4,19,44,23,21
050,08,073,"Colorado","Lincoln County",4,20,50,29,21
050,08,073,"Colorado","Lincoln County",4,21,45,31,14
050,08,073,"Colorado","Lincoln County",4,22,58,37,21
050,08,073,"Colorado","Lincoln County",4,23,55,33,22
050,08,073,"Colorado","Lincoln County",4,24,70,56,14
050,08,073,"Colorado","Lincoln County",4,25,87,58,29
050,08,073,"Colorado","Lincoln County",4,26,84,62,22
050,08,073,"Colorado","Lincoln County",4,27,85,57,28
050,08,073,"Colorado","Lincoln County",4,28,93,65,28
050,08,073,"Colorado","Lincoln County",4,29,87,55,32
050,08,073,"Colorado","Lincoln County",4,30,86,62,24
050,08,073,"Colorado","Lincoln County",4,31,80,54,26
050,08,073,"Colorado","Lincoln County",4,32,83,51,32
050,08,073,"Colorado","Lincoln County",4,33,87,52,35
050,08,073,"Colorado","Lincoln County",4,34,81,50,31
050,08,073,"Colorado","Lincoln County",4,35,81,56,25
050,08,073,"Colorado","Lincoln County",4,36,65,51,14
050,08,073,"Colorado","Lincoln County",4,37,75,52,23
050,08,073,"Colorado","Lincoln County",4,38,76,42,34
050,08,073,"Colorado","Lincoln County",4,39,99,69,30
050,08,073,"Colorado","Lincoln County",4,40,95,68,27
050,08,073,"Colorado","Lincoln County",4,41,74,47,27
050,08,073,"Colorado","Lincoln County",4,42,70,41,29
050,08,073,"Colorado","Lincoln County",4,43,71,37,34
050,08,073,"Colorado","Lincoln County",4,44,66,44,22
050,08,073,"Colorado","Lincoln County",4,45,70,42,28
050,08,073,"Colorado","Lincoln County",4,46,74,44,30
050,08,073,"Colorado","Lincoln County",4,47,70,47,23
050,08,073,"Colorado","Lincoln County",4,48,62,39,23
050,08,073,"Colorado","Lincoln County",4,49,59,41,18
050,08,073,"Colorado","Lincoln County",4,50,51,36,15
050,08,073,"Colorado","Lincoln County",4,51,67,43,24
050,08,073,"Colorado","Lincoln County",4,52,79,50,29
050,08,073,"Colorado","Lincoln County",4,53,71,44,27
050,08,073,"Colorado","Lincoln County",4,54,60,29,31
050,08,073,"Colorado","Lincoln County",4,55,65,36,29
050,08,073,"Colorado","Lincoln County",4,56,69,31,38
050,08,073,"Colorado","Lincoln County",4,57,70,29,41
050,08,073,"Colorado","Lincoln County",4,58,79,47,32
050,08,073,"Colorado","Lincoln County",4,59,71,39,32
050,08,073,"Colorado","Lincoln County",4,60,59,36,23
050,08,073,"Colorado","Lincoln County",4,61,70,40,30
050,08,073,"Colorado","Lincoln County",4,62,67,39,28
050,08,073,"Colorado","Lincoln County",4,63,79,45,34
050,08,073,"Colorado","Lincoln County",4,64,76,43,33
050,08,073,"Colorado","Lincoln County",4,65,67,37,30
050,08,073,"Colorado","Lincoln County",4,66,49,24,25
050,08,073,"Colorado","Lincoln County",4,67,53,28,25
050,08,073,"Colorado","Lincoln County",4,68,57,28,29
050,08,073,"Colorado","Lincoln County",4,69,55,27,28
050,08,073,"Colorado","Lincoln County",4,70,54,28,26
050,08,073,"Colorado","Lincoln County",4,71,43,25,18
050,08,073,"Colorado","Lincoln County",4,72,44,22,22
050,08,073,"Colorado","Lincoln County",4,73,39,17,22
050,08,073,"Colorado","Lincoln County",4,74,52,23,29
050,08,073,"Colorado","Lincoln County",4,75,54,25,29
050,08,073,"Colorado","Lincoln County",4,76,37,17,20
050,08,073,"Colorado","Lincoln County",4,77,34,17,17
050,08,073,"Colorado","Lincoln County",4,78,35,16,19
050,08,073,"Colorado","Lincoln County",4,79,41,22,19
050,08,073,"Colorado","Lincoln County",4,80,29,16,13
050,08,073,"Colorado","Lincoln County",4,81,39,23,16
050,08,073,"Colorado","Lincoln County",4,82,31,12,19
050,08,073,"Colorado","Lincoln County",4,83,21,8,13
050,08,073,"Colorado","Lincoln County",4,84,26,11,15
050,08,073,"Colorado","Lincoln County",4,85,165,64,101
050,08,073,"Colorado","Lincoln County",5,0,51,27,24
050,08,073,"Colorado","Lincoln County",5,1,55,23,32
050,08,073,"Colorado","Lincoln County",5,2,40,17,23
050,08,073,"Colorado","Lincoln County",5,3,52,28,24
050,08,073,"Colorado","Lincoln County",5,4,55,23,32
050,08,073,"Colorado","Lincoln County",5,5,67,31,36
050,08,073,"Colorado","Lincoln County",5,6,63,36,27
050,08,073,"Colorado","Lincoln County",5,7,64,33,31
050,08,073,"Colorado","Lincoln County",5,8,71,35,36
050,08,073,"Colorado","Lincoln County",5,9,65,32,33
050,08,073,"Colorado","Lincoln County",5,10,63,34,29
050,08,073,"Colorado","Lincoln County",5,11,60,32,28
050,08,073,"Colorado","Lincoln County",5,12,67,38,29
050,08,073,"Colorado","Lincoln County",5,13,63,40,23
050,08,073,"Colorado","Lincoln County",5,14,62,38,24
050,08,073,"Colorado","Lincoln County",5,15,79,40,39
050,08,073,"Colorado","Lincoln County",5,16,66,33,33
050,08,073,"Colorado","Lincoln County",5,17,63,31,32
050,08,073,"Colorado","Lincoln County",5,18,52,26,26
050,08,073,"Colorado","Lincoln County",5,19,37,21,16
050,08,073,"Colorado","Lincoln County",5,20,48,28,20
050,08,073,"Colorado","Lincoln County",5,21,53,32,21
050,08,073,"Colorado","Lincoln County",5,22,53,32,21
050,08,073,"Colorado","Lincoln County",5,23,59,38,21
050,08,073,"Colorado","Lincoln County",5,24,73,52,21
050,08,073,"Colorado","Lincoln County",5,25,72,57,15
050,08,073,"Colorado","Lincoln County",5,26,71,41,30
050,08,073,"Colorado","Lincoln County",5,27,90,65,25
050,08,073,"Colorado","Lincoln County",5,28,89,62,27
050,08,073,"Colorado","Lincoln County",5,29,89,59,30
050,08,073,"Colorado","Lincoln County",5,30,102,70,32
050,08,073,"Colorado","Lincoln County",5,31,77,53,24
050,08,073,"Colorado","Lincoln County",5,32,78,53,25
050,08,073,"Colorado","Lincoln County",5,33,75,42,33
050,08,073,"Colorado","Lincoln County",5,34,82,44,38
050,08,073,"Colorado","Lincoln County",5,35,82,51,31
050,08,073,"Colorado","Lincoln County",5,36,86,62,24
050,08,073,"Colorado","Lincoln County",5,37,67,49,18
050,08,073,"Colorado","Lincoln County",5,38,69,46,23
050,08,073,"Colorado","Lincoln County",5,39,89,54,35
050,08,073,"Colorado","Lincoln County",5,40,95,66,29
050,08,073,"Colorado","Lincoln County",5,41,95,66,29
050,08,073,"Colorado","Lincoln County",5,42,62,38,24
050,08,073,"Colorado","Lincoln County",5,43,70,40,30
050,08,073,"Colorado","Lincoln County",5,44,75,39,36
050,08,073,"Colorado","Lincoln County",5,45,61,40,21
050,08,073,"Colorado","Lincoln County",5,46,74,48,26
050,08,073,"Colorado","Lincoln County",5,47,77,47,30
050,08,073,"Colorado","Lincoln County",5,48,62,38,24
050,08,073,"Colorado","Lincoln County",5,49,62,40,22
050,08,073,"Colorado","Lincoln County",5,50,62,41,21
050,08,073,"Colorado","Lincoln County",5,51,51,37,14
050,08,073,"Colorado","Lincoln County",5,52,73,47,26
050,08,073,"Colorado","Lincoln County",5,53,73,46,27
050,08,073,"Colorado","Lincoln County",5,54,66,39,27
050,08,073,"Colorado","Lincoln County",5,55,64,33,31
050,08,073,"Colorado","Lincoln County",5,56,59,31,28
050,08,073,"Colorado","Lincoln County",5,57,65,27,38
050,08,073,"Colorado","Lincoln County",5,58,73,33,40
050,08,073,"Colorado","Lincoln County",5,59,75,46,29
050,08,073,"Colorado","Lincoln County",5,60,72,41,31
050,08,073,"Colorado","Lincoln County",5,61,52,31,21
050,08,073,"Colorado","Lincoln County",5,62,70,42,28
050,08,073,"Colorado","Lincoln County",5,63,67,39,28
050,08,073,"Colorado","Lincoln County",5,64,75,39,36
050,08,073,"Colorado","Lincoln County",5,65,75,44,31
050,08,073,"Colorado","Lincoln County",5,66,60,32,28
050,08,073,"Colorado","Lincoln County",5,67,49,23,26
050,08,073,"Colorado","Lincoln County",5,68,56,30,26
050,08,073,"Colorado","Lincoln County",5,69,56,28,28
050,08,073,"Colorado","Lincoln County",5,70,53,24,29
050,08,073,"Colorado","Lincoln County",5,71,55,30,25
050,08,073,"Colorado","Lincoln County",5,72,39,23,16
050,08,073,"Colorado","Lincoln County",5,73,40,21,19
050,08,073,"Colorado","Lincoln County",5,74,39,17,22
050,08,073,"Colorado","Lincoln County",5,75,47,21,26
050,08,073,"Colorado","Lincoln County",5,76,52,22,30
050,08,073,"Colorado","Lincoln County",5,77,42,18,24
050,08,073,"Colorado","Lincoln County",5,78,32,17,15
050,08,073,"Colorado","Lincoln County",5,79,39,17,22
050,08,073,"Colorado","Lincoln County",5,80,36,20,16
050,08,073,"Colorado","Lincoln County",5,81,28,17,11
050,08,073,"Colorado","Lincoln County",5,82,38,20,18
050,08,073,"Colorado","Lincoln County",5,83,26,10,16
050,08,073,"Colorado","Lincoln County",5,84,21,8,13
050,08,073,"Colorado","Lincoln County",5,85,168,66,102
050,08,075,"Colorado","Logan County",1,0,210,108,102
050,08,075,"Colorado","Logan County",1,1,208,110,98
050,08,075,"Colorado","Logan County",1,2,228,110,118
050,08,075,"Colorado","Logan County",1,3,220,114,106
050,08,075,"Colorado","Logan County",1,4,215,113,102
050,08,075,"Colorado","Logan County",1,5,216,114,102
050,08,075,"Colorado","Logan County",1,6,231,118,113
050,08,075,"Colorado","Logan County",1,7,234,119,115
050,08,075,"Colorado","Logan County",1,8,211,117,94
050,08,075,"Colorado","Logan County",1,9,208,113,95
050,08,075,"Colorado","Logan County",1,10,220,109,111
050,08,075,"Colorado","Logan County",1,11,216,110,106
050,08,075,"Colorado","Logan County",1,12,219,115,104
050,08,075,"Colorado","Logan County",1,13,206,106,100
050,08,075,"Colorado","Logan County",1,14,197,109,88
050,08,075,"Colorado","Logan County",1,15,219,117,102
050,08,075,"Colorado","Logan County",1,16,224,123,101
050,08,075,"Colorado","Logan County",1,17,247,146,101
050,08,075,"Colorado","Logan County",1,18,306,195,111
050,08,075,"Colorado","Logan County",1,19,443,270,173
050,08,075,"Colorado","Logan County",1,20,357,211,146
050,08,075,"Colorado","Logan County",1,21,282,190,92
050,08,075,"Colorado","Logan County",1,22,299,186,113
050,08,075,"Colorado","Logan County",1,23,296,185,111
050,08,075,"Colorado","Logan County",1,24,308,196,112
050,08,075,"Colorado","Logan County",1,25,310,206,104
050,08,075,"Colorado","Logan County",1,26,316,205,111
050,08,075,"Colorado","Logan County",1,27,352,225,127
050,08,075,"Colorado","Logan County",1,28,359,239,120
050,08,075,"Colorado","Logan County",1,29,352,229,123
050,08,075,"Colorado","Logan County",1,30,351,240,111
050,08,075,"Colorado","Logan County",1,31,313,197,116
050,08,075,"Colorado","Logan County",1,32,318,205,113
050,08,075,"Colorado","Logan County",1,33,316,207,109
050,08,075,"Colorado","Logan County",1,34,304,180,124
050,08,075,"Colorado","Logan County",1,35,296,187,109
050,08,075,"Colorado","Logan County",1,36,287,174,113
050,08,075,"Colorado","Logan County",1,37,309,192,117
050,08,075,"Colorado","Logan County",1,38,287,185,102
050,08,075,"Colorado","Logan County",1,39,319,202,117
050,08,075,"Colorado","Logan County",1,40,285,174,111
050,08,075,"Colorado","Logan County",1,41,262,154,108
050,08,075,"Colorado","Logan County",1,42,273,168,105
050,08,075,"Colorado","Logan County",1,43,252,158,94
050,08,075,"Colorado","Logan County",1,44,248,152,96
050,08,075,"Colorado","Logan County",1,45,251,153,98
050,08,075,"Colorado","Logan County",1,46,226,139,87
050,08,075,"Colorado","Logan County",1,47,242,136,106
050,08,075,"Colorado","Logan County",1,48,253,150,103
050,08,075,"Colorado","Logan County",1,49,271,166,105
050,08,075,"Colorado","Logan County",1,50,249,154,95
050,08,075,"Colorado","Logan County",1,51,264,160,104
050,08,075,"Colorado","Logan County",1,52,228,131,97
050,08,075,"Colorado","Logan County",1,53,227,123,104
050,08,075,"Colorado","Logan County",1,54,264,153,111
050,08,075,"Colorado","Logan County",1,55,249,139,110
050,08,075,"Colorado","Logan County",1,56,281,144,137
050,08,075,"Colorado","Logan County",1,57,286,150,136
050,08,075,"Colorado","Logan County",1,58,288,154,134
050,08,075,"Colorado","Logan County",1,59,293,153,140
050,08,075,"Colorado","Logan County",1,60,282,151,131
050,08,075,"Colorado","Logan County",1,61,260,151,109
050,08,075,"Colorado","Logan County",1,62,302,162,140
050,08,075,"Colorado","Logan County",1,63,305,158,147
050,08,075,"Colorado","Logan County",1,64,260,126,134
050,08,075,"Colorado","Logan County",1,65,261,127,134
050,08,075,"Colorado","Logan County",1,66,254,121,133
050,08,075,"Colorado","Logan County",1,67,273,142,131
050,08,075,"Colorado","Logan County",1,68,261,140,121
050,08,075,"Colorado","Logan County",1,69,221,118,103
050,08,075,"Colorado","Logan County",1,70,220,116,104
050,08,075,"Colorado","Logan County",1,71,198,97,101
050,08,075,"Colorado","Logan County",1,72,202,102,100
050,08,075,"Colorado","Logan County",1,73,203,93,110
050,08,075,"Colorado","Logan County",1,74,152,74,78
050,08,075,"Colorado","Logan County",1,75,146,73,73
050,08,075,"Colorado","Logan County",1,76,130,63,67
050,08,075,"Colorado","Logan County",1,77,134,61,73
050,08,075,"Colorado","Logan County",1,78,120,54,66
050,08,075,"Colorado","Logan County",1,79,120,50,70
050,08,075,"Colorado","Logan County",1,80,109,46,63
050,08,075,"Colorado","Logan County",1,81,105,56,49
050,08,075,"Colorado","Logan County",1,82,96,42,54
050,08,075,"Colorado","Logan County",1,83,82,33,49
050,08,075,"Colorado","Logan County",1,84,71,29,42
050,08,075,"Colorado","Logan County",1,85,568,176,392
050,08,075,"Colorado","Logan County",2,0,217,114,103
050,08,075,"Colorado","Logan County",2,1,207,107,100
050,08,075,"Colorado","Logan County",2,2,222,109,113
050,08,075,"Colorado","Logan County",2,3,218,111,107
050,08,075,"Colorado","Logan County",2,4,216,115,101
050,08,075,"Colorado","Logan County",2,5,217,115,102
050,08,075,"Colorado","Logan County",2,6,227,117,110
050,08,075,"Colorado","Logan County",2,7,231,117,114
050,08,075,"Colorado","Logan County",2,8,217,116,101
050,08,075,"Colorado","Logan County",2,9,211,114,97
050,08,075,"Colorado","Logan County",2,10,216,111,105
050,08,075,"Colorado","Logan County",2,11,217,111,106
050,08,075,"Colorado","Logan County",2,12,223,116,107
050,08,075,"Colorado","Logan County",2,13,207,106,101
050,08,075,"Colorado","Logan County",2,14,200,109,91
050,08,075,"Colorado","Logan County",2,15,214,116,98
050,08,075,"Colorado","Logan County",2,16,226,123,103
050,08,075,"Colorado","Logan County",2,17,240,140,100
050,08,075,"Colorado","Logan County",2,18,304,193,111
050,08,075,"Colorado","Logan County",2,19,428,261,167
050,08,075,"Colorado","Logan County",2,20,352,205,147
050,08,075,"Colorado","Logan County",2,21,281,183,98
050,08,075,"Colorado","Logan County",2,22,281,175,106
050,08,075,"Colorado","Logan County",2,23,291,178,113
050,08,075,"Colorado","Logan County",2,24,298,185,113
050,08,075,"Colorado","Logan County",2,25,299,194,105
050,08,075,"Colorado","Logan County",2,26,304,194,110
050,08,075,"Colorado","Logan County",2,27,335,211,124
050,08,075,"Colorado","Logan County",2,28,343,224,119
050,08,075,"Colorado","Logan County",2,29,337,216,121
050,08,075,"Colorado","Logan County",2,30,344,227,117
050,08,075,"Colorado","Logan County",2,31,306,191,115
050,08,075,"Colorado","Logan County",2,32,307,195,112
050,08,075,"Colorado","Logan County",2,33,315,203,112
050,08,075,"Colorado","Logan County",2,34,294,174,120
050,08,075,"Colorado","Logan County",2,35,293,178,115
050,08,075,"Colorado","Logan County",2,36,275,164,111
050,08,075,"Colorado","Logan County",2,37,297,180,117
050,08,075,"Colorado","Logan County",2,38,284,177,107
050,08,075,"Colorado","Logan County",2,39,303,188,115
050,08,075,"Colorado","Logan County",2,40,283,169,114
050,08,075,"Colorado","Logan County",2,41,260,153,107
050,08,075,"Colorado","Logan County",2,42,263,158,105
050,08,075,"Colorado","Logan County",2,43,245,149,96
050,08,075,"Colorado","Logan County",2,44,239,144,95
050,08,075,"Colorado","Logan County",2,45,247,146,101
050,08,075,"Colorado","Logan County",2,46,221,132,89
050,08,075,"Colorado","Logan County",2,47,233,130,103
050,08,075,"Colorado","Logan County",2,48,242,140,102
050,08,075,"Colorado","Logan County",2,49,260,156,104
050,08,075,"Colorado","Logan County",2,50,247,150,97
050,08,075,"Colorado","Logan County",2,51,254,151,103
050,08,075,"Colorado","Logan County",2,52,229,134,95
050,08,075,"Colorado","Logan County",2,53,220,117,103
050,08,075,"Colorado","Logan County",2,54,251,145,106
050,08,075,"Colorado","Logan County",2,55,250,140,110
050,08,075,"Colorado","Logan County",2,56,267,136,131
050,08,075,"Colorado","Logan County",2,57,282,147,135
050,08,075,"Colorado","Logan County",2,58,283,151,132
050,08,075,"Colorado","Logan County",2,59,290,150,140
050,08,075,"Colorado","Logan County",2,60,282,149,133
050,08,075,"Colorado","Logan County",2,61,262,149,113
050,08,075,"Colorado","Logan County",2,62,287,157,130
050,08,075,"Colorado","Logan County",2,63,302,156,146
050,08,075,"Colorado","Logan County",2,64,267,132,135
050,08,075,"Colorado","Logan County",2,65,260,126,134
050,08,075,"Colorado","Logan County",2,66,258,122,136
050,08,075,"Colorado","Logan County",2,67,270,138,132
050,08,075,"Colorado","Logan County",2,68,259,138,121
050,08,075,"Colorado","Logan County",2,69,231,124,107
050,08,075,"Colorado","Logan County",2,70,218,114,104
050,08,075,"Colorado","Logan County",2,71,200,99,101
050,08,075,"Colorado","Logan County",2,72,199,100,99
050,08,075,"Colorado","Logan County",2,73,213,100,113
050,08,075,"Colorado","Logan County",2,74,156,75,81
050,08,075,"Colorado","Logan County",2,75,145,71,74
050,08,075,"Colorado","Logan County",2,76,132,64,68
050,08,075,"Colorado","Logan County",2,77,137,63,74
050,08,075,"Colorado","Logan County",2,78,120,55,65
050,08,075,"Colorado","Logan County",2,79,118,49,69
050,08,075,"Colorado","Logan County",2,80,110,46,64
050,08,075,"Colorado","Logan County",2,81,105,53,52
050,08,075,"Colorado","Logan County",2,82,98,45,53
050,08,075,"Colorado","Logan County",2,83,82,33,49
050,08,075,"Colorado","Logan County",2,84,72,29,43
050,08,075,"Colorado","Logan County",2,85,564,170,394
050,08,075,"Colorado","Logan County",3,0,184,105,79
050,08,075,"Colorado","Logan County",3,1,215,110,105
050,08,075,"Colorado","Logan County",3,2,205,109,96
050,08,075,"Colorado","Logan County",3,3,242,120,122
050,08,075,"Colorado","Logan County",3,4,221,109,112
050,08,075,"Colorado","Logan County",3,5,213,114,99
050,08,075,"Colorado","Logan County",3,6,224,117,107
050,08,075,"Colorado","Logan County",3,7,230,123,107
050,08,075,"Colorado","Logan County",3,8,225,109,116
050,08,075,"Colorado","Logan County",3,9,207,117,90
050,08,075,"Colorado","Logan County",3,10,199,105,94
050,08,075,"Colorado","Logan County",3,11,214,110,104
050,08,075,"Colorado","Logan County",3,12,218,112,106
050,08,075,"Colorado","Logan County",3,13,224,113,111
050,08,075,"Colorado","Logan County",3,14,205,102,103
050,08,075,"Colorado","Logan County",3,15,208,117,91
050,08,075,"Colorado","Logan County",3,16,207,108,99
050,08,075,"Colorado","Logan County",3,17,239,142,97
050,08,075,"Colorado","Logan County",3,18,310,196,114
050,08,075,"Colorado","Logan County",3,19,369,238,131
050,08,075,"Colorado","Logan County",3,20,310,184,126
050,08,075,"Colorado","Logan County",3,21,281,174,107
050,08,075,"Colorado","Logan County",3,22,261,162,99
050,08,075,"Colorado","Logan County",3,23,277,175,102
050,08,075,"Colorado","Logan County",3,24,297,189,108
050,08,075,"Colorado","Logan County",3,25,326,202,124
050,08,075,"Colorado","Logan County",3,26,292,189,103
050,08,075,"Colorado","Logan County",3,27,332,212,120
050,08,075,"Colorado","Logan County",3,28,342,227,115
050,08,075,"Colorado","Logan County",3,29,338,224,114
050,08,075,"Colorado","Logan County",3,30,337,218,119
050,08,075,"Colorado","Logan County",3,31,313,197,116
050,08,075,"Colorado","Logan County",3,32,304,184,120
050,08,075,"Colorado","Logan County",3,33,326,211,115
050,08,075,"Colorado","Logan County",3,34,287,177,110
050,08,075,"Colorado","Logan County",3,35,299,182,117
050,08,075,"Colorado","Logan County",3,36,291,173,118
050,08,075,"Colorado","Logan County",3,37,280,169,111
050,08,075,"Colorado","Logan County",3,38,309,192,117
050,08,075,"Colorado","Logan County",3,39,313,192,121
050,08,075,"Colorado","Logan County",3,40,280,176,104
050,08,075,"Colorado","Logan County",3,41,278,167,111
050,08,075,"Colorado","Logan County",3,42,262,156,106
050,08,075,"Colorado","Logan County",3,43,254,155,99
050,08,075,"Colorado","Logan County",3,44,229,137,92
050,08,075,"Colorado","Logan County",3,45,251,151,100
050,08,075,"Colorado","Logan County",3,46,237,143,94
050,08,075,"Colorado","Logan County",3,47,218,123,95
050,08,075,"Colorado","Logan County",3,48,227,129,98
050,08,075,"Colorado","Logan County",3,49,242,149,93
050,08,075,"Colorado","Logan County",3,50,247,155,92
050,08,075,"Colorado","Logan County",3,51,248,147,101
050,08,075,"Colorado","Logan County",3,52,244,146,98
050,08,075,"Colorado","Logan County",3,53,208,115,93
050,08,075,"Colorado","Logan County",3,54,237,134,103
050,08,075,"Colorado","Logan County",3,55,254,148,106
050,08,075,"Colorado","Logan County",3,56,237,125,112
050,08,075,"Colorado","Logan County",3,57,264,135,129
050,08,075,"Colorado","Logan County",3,58,279,146,133
050,08,075,"Colorado","Logan County",3,59,278,142,136
050,08,075,"Colorado","Logan County",3,60,270,140,130
050,08,075,"Colorado","Logan County",3,61,277,144,133
050,08,075,"Colorado","Logan County",3,62,261,145,116
050,08,075,"Colorado","Logan County",3,63,280,147,133
050,08,075,"Colorado","Logan County",3,64,298,153,145
050,08,075,"Colorado","Logan County",3,65,265,134,131
050,08,075,"Colorado","Logan County",3,66,253,124,129
050,08,075,"Colorado","Logan County",3,67,257,122,135
050,08,075,"Colorado","Logan County",3,68,262,134,128
050,08,075,"Colorado","Logan County",3,69,254,138,116
050,08,075,"Colorado","Logan County",3,70,228,118,110
050,08,075,"Colorado","Logan County",3,71,197,102,95
050,08,075,"Colorado","Logan County",3,72,198,97,101
050,08,075,"Colorado","Logan County",3,73,193,95,98
050,08,075,"Colorado","Logan County",3,74,206,94,112
050,08,075,"Colorado","Logan County",3,75,142,63,79
050,08,075,"Colorado","Logan County",3,76,134,66,68
050,08,075,"Colorado","Logan County",3,77,128,63,65
050,08,075,"Colorado","Logan County",3,78,133,61,72
050,08,075,"Colorado","Logan County",3,79,116,52,64
050,08,075,"Colorado","Logan County",3,80,109,45,64
050,08,075,"Colorado","Logan County",3,81,101,46,55
050,08,075,"Colorado","Logan County",3,82,97,48,49
050,08,075,"Colorado","Logan County",3,83,92,42,50
050,08,075,"Colorado","Logan County",3,84,80,33,47
050,08,075,"Colorado","Logan County",3,85,527,155,372
050,08,075,"Colorado","Logan County",4,0,188,101,87
050,08,075,"Colorado","Logan County",4,1,176,102,74
050,08,075,"Colorado","Logan County",4,2,212,110,102
050,08,075,"Colorado","Logan County",4,3,192,95,97
050,08,075,"Colorado","Logan County",4,4,240,118,122
050,08,075,"Colorado","Logan County",4,5,212,101,111
050,08,075,"Colorado","Logan County",4,6,212,115,97
050,08,075,"Colorado","Logan County",4,7,213,115,98
050,08,075,"Colorado","Logan County",4,8,227,125,102
050,08,075,"Colorado","Logan County",4,9,224,113,111
050,08,075,"Colorado","Logan County",4,10,198,117,81
050,08,075,"Colorado","Logan County",4,11,193,101,92
050,08,075,"Colorado","Logan County",4,12,211,111,100
050,08,075,"Colorado","Logan County",4,13,211,111,100
050,08,075,"Colorado","Logan County",4,14,218,113,105
050,08,075,"Colorado","Logan County",4,15,214,111,103
050,08,075,"Colorado","Logan County",4,16,205,113,92
050,08,075,"Colorado","Logan County",4,17,226,122,104
050,08,075,"Colorado","Logan County",4,18,308,195,113
050,08,075,"Colorado","Logan County",4,19,409,255,154
050,08,075,"Colorado","Logan County",4,20,311,197,114
050,08,075,"Colorado","Logan County",4,21,254,164,90
050,08,075,"Colorado","Logan County",4,22,263,157,106
050,08,075,"Colorado","Logan County",4,23,269,169,100
050,08,075,"Colorado","Logan County",4,24,282,176,106
050,08,075,"Colorado","Logan County",4,25,299,194,105
050,08,075,"Colorado","Logan County",4,26,297,178,119
050,08,075,"Colorado","Logan County",4,27,301,191,110
050,08,075,"Colorado","Logan County",4,28,318,206,112
050,08,075,"Colorado","Logan County",4,29,336,225,111
050,08,075,"Colorado","Logan County",4,30,320,217,103
050,08,075,"Colorado","Logan County",4,31,308,188,120
050,08,075,"Colorado","Logan County",4,32,307,188,119
050,08,075,"Colorado","Logan County",4,33,305,187,118
050,08,075,"Colorado","Logan County",4,34,303,195,108
050,08,075,"Colorado","Logan County",4,35,289,178,111
050,08,075,"Colorado","Logan County",4,36,284,162,122
050,08,075,"Colorado","Logan County",4,37,297,178,119
050,08,075,"Colorado","Logan County",4,38,277,166,111
050,08,075,"Colorado","Logan County",4,39,316,188,128
050,08,075,"Colorado","Logan County",4,40,276,159,117
050,08,075,"Colorado","Logan County",4,41,269,177,92
050,08,075,"Colorado","Logan County",4,42,295,180,115
050,08,075,"Colorado","Logan County",4,43,263,160,103
050,08,075,"Colorado","Logan County",4,44,235,139,96
050,08,075,"Colorado","Logan County",4,45,239,148,91
050,08,075,"Colorado","Logan County",4,46,248,150,98
050,08,075,"Colorado","Logan County",4,47,243,138,105
050,08,075,"Colorado","Logan County",4,48,214,125,89
050,08,075,"Colorado","Logan County",4,49,227,131,96
050,08,075,"Colorado","Logan County",4,50,239,142,97
050,08,075,"Colorado","Logan County",4,51,237,141,96
050,08,075,"Colorado","Logan County",4,52,234,139,95
050,08,075,"Colorado","Logan County",4,53,224,129,95
050,08,075,"Colorado","Logan County",4,54,214,128,86
050,08,075,"Colorado","Logan County",4,55,248,144,104
050,08,075,"Colorado","Logan County",4,56,242,139,103
050,08,075,"Colorado","Logan County",4,57,237,125,112
050,08,075,"Colorado","Logan County",4,58,269,139,130
050,08,075,"Colorado","Logan County",4,59,264,141,123
050,08,075,"Colorado","Logan County",4,60,272,130,142
050,08,075,"Colorado","Logan County",4,61,266,135,131
050,08,075,"Colorado","Logan County",4,62,281,149,132
050,08,075,"Colorado","Logan County",4,63,265,141,124
050,08,075,"Colorado","Logan County",4,64,282,151,131
050,08,075,"Colorado","Logan County",4,65,294,152,142
050,08,075,"Colorado","Logan County",4,66,257,127,130
050,08,075,"Colorado","Logan County",4,67,252,126,126
050,08,075,"Colorado","Logan County",4,68,244,122,122
050,08,075,"Colorado","Logan County",4,69,254,131,123
050,08,075,"Colorado","Logan County",4,70,258,138,120
050,08,075,"Colorado","Logan County",4,71,216,107,109
050,08,075,"Colorado","Logan County",4,72,194,102,92
050,08,075,"Colorado","Logan County",4,73,192,97,95
050,08,075,"Colorado","Logan County",4,74,198,100,98
050,08,075,"Colorado","Logan County",4,75,192,84,108
050,08,075,"Colorado","Logan County",4,76,132,60,72
050,08,075,"Colorado","Logan County",4,77,133,65,68
050,08,075,"Colorado","Logan County",4,78,126,61,65
050,08,075,"Colorado","Logan County",4,79,129,59,70
050,08,075,"Colorado","Logan County",4,80,114,49,65
050,08,075,"Colorado","Logan County",4,81,102,45,57
050,08,075,"Colorado","Logan County",4,82,95,41,54
050,08,075,"Colorado","Logan County",4,83,80,39,41
050,08,075,"Colorado","Logan County",4,84,87,41,46
050,08,075,"Colorado","Logan County",4,85,535,160,375
050,08,075,"Colorado","Logan County",5,0,189,103,86
050,08,075,"Colorado","Logan County",5,1,181,105,76
050,08,075,"Colorado","Logan County",5,2,174,103,71
050,08,075,"Colorado","Logan County",5,3,209,110,99
050,08,075,"Colorado","Logan County",5,4,191,98,93
050,08,075,"Colorado","Logan County",5,5,230,116,114
050,08,075,"Colorado","Logan County",5,6,211,105,106
050,08,075,"Colorado","Logan County",5,7,210,111,99
050,08,075,"Colorado","Logan County",5,8,218,117,101
050,08,075,"Colorado","Logan County",5,9,224,121,103
050,08,075,"Colorado","Logan County",5,10,234,118,116
050,08,075,"Colorado","Logan County",5,11,204,116,88
050,08,075,"Colorado","Logan County",5,12,191,105,86
050,08,075,"Colorado","Logan County",5,13,212,114,98
050,08,075,"Colorado","Logan County",5,14,214,110,104
050,08,075,"Colorado","Logan County",5,15,220,116,104
050,08,075,"Colorado","Logan County",5,16,212,113,99
050,08,075,"Colorado","Logan County",5,17,217,130,87
050,08,075,"Colorado","Logan County",5,18,307,185,122
050,08,075,"Colorado","Logan County",5,19,402,259,143
050,08,075,"Colorado","Logan County",5,20,337,210,127
050,08,075,"Colorado","Logan County",5,21,256,162,94
050,08,075,"Colorado","Logan County",5,22,233,146,87
050,08,075,"Colorado","Logan County",5,23,277,163,114
050,08,075,"Colorado","Logan County",5,24,270,167,103
050,08,075,"Colorado","Logan County",5,25,295,189,106
050,08,075,"Colorado","Logan County",5,26,271,177,94
050,08,075,"Colorado","Logan County",5,27,307,181,126
050,08,075,"Colorado","Logan County",5,28,290,192,98
050,08,075,"Colorado","Logan County",5,29,302,193,109
050,08,075,"Colorado","Logan County",5,30,342,236,106
050,08,075,"Colorado","Logan County",5,31,286,182,104
050,08,075,"Colorado","Logan County",5,32,311,185,126
050,08,075,"Colorado","Logan County",5,33,318,198,120
050,08,075,"Colorado","Logan County",5,34,282,165,117
050,08,075,"Colorado","Logan County",5,35,313,202,111
050,08,075,"Colorado","Logan County",5,36,270,160,110
050,08,075,"Colorado","Logan County",5,37,302,177,125
050,08,075,"Colorado","Logan County",5,38,295,182,113
050,08,075,"Colorado","Logan County",5,39,274,157,117
050,08,075,"Colorado","Logan County",5,40,287,162,125
050,08,075,"Colorado","Logan County",5,41,272,160,112
050,08,075,"Colorado","Logan County",5,42,279,179,100
050,08,075,"Colorado","Logan County",5,43,274,167,107
050,08,075,"Colorado","Logan County",5,44,253,145,108
050,08,075,"Colorado","Logan County",5,45,238,140,98
050,08,075,"Colorado","Logan County",5,46,226,137,89
050,08,075,"Colorado","Logan County",5,47,248,151,97
050,08,075,"Colorado","Logan County",5,48,248,145,103
050,08,075,"Colorado","Logan County",5,49,208,121,87
050,08,075,"Colorado","Logan County",5,50,227,134,93
050,08,075,"Colorado","Logan County",5,51,240,140,100
050,08,075,"Colorado","Logan County",5,52,228,132,96
050,08,075,"Colorado","Logan County",5,53,215,120,95
050,08,075,"Colorado","Logan County",5,54,235,134,101
050,08,075,"Colorado","Logan County",5,55,221,137,84
050,08,075,"Colorado","Logan County",5,56,223,123,100
050,08,075,"Colorado","Logan County",5,57,234,131,103
050,08,075,"Colorado","Logan County",5,58,236,127,109
050,08,075,"Colorado","Logan County",5,59,260,126,134
050,08,075,"Colorado","Logan County",5,60,240,129,111
050,08,075,"Colorado","Logan County",5,61,260,124,136
050,08,075,"Colorado","Logan County",5,62,258,130,128
050,08,075,"Colorado","Logan County",5,63,270,142,128
050,08,075,"Colorado","Logan County",5,64,269,144,125
050,08,075,"Colorado","Logan County",5,65,282,154,128
050,08,075,"Colorado","Logan County",5,66,295,150,145
050,08,075,"Colorado","Logan County",5,67,256,127,129
050,08,075,"Colorado","Logan County",5,68,248,129,119
050,08,075,"Colorado","Logan County",5,69,236,118,118
050,08,075,"Colorado","Logan County",5,70,252,128,124
050,08,075,"Colorado","Logan County",5,71,245,130,115
050,08,075,"Colorado","Logan County",5,72,220,108,112
050,08,075,"Colorado","Logan County",5,73,183,97,86
050,08,075,"Colorado","Logan County",5,74,191,96,95
050,08,075,"Colorado","Logan County",5,75,183,89,94
050,08,075,"Colorado","Logan County",5,76,186,83,103
050,08,075,"Colorado","Logan County",5,77,128,58,70
050,08,075,"Colorado","Logan County",5,78,130,61,69
050,08,075,"Colorado","Logan County",5,79,123,59,64
050,08,075,"Colorado","Logan County",5,80,123,56,67
050,08,075,"Colorado","Logan County",5,81,100,46,54
050,08,075,"Colorado","Logan County",5,82,98,40,58
050,08,075,"Colorado","Logan County",5,83,76,31,45
050,08,075,"Colorado","Logan County",5,84,75,36,39
050,08,075,"Colorado","Logan County",5,85,559,174,385
050,08,077,"Colorado","Mesa County",1,0,1584,807,777
050,08,077,"Colorado","Mesa County",1,1,1636,809,827
050,08,077,"Colorado","Mesa County",1,2,1661,849,812
050,08,077,"Colorado","Mesa County",1,3,1690,868,822
050,08,077,"Colorado","Mesa County",1,4,1760,896,864
050,08,077,"Colorado","Mesa County",1,5,1829,945,884
050,08,077,"Colorado","Mesa County",1,6,1762,888,874
050,08,077,"Colorado","Mesa County",1,7,1834,912,922
050,08,077,"Colorado","Mesa County",1,8,1833,933,900
050,08,077,"Colorado","Mesa County",1,9,1847,947,900
050,08,077,"Colorado","Mesa County",1,10,1935,1006,929
050,08,077,"Colorado","Mesa County",1,11,1971,1023,948
050,08,077,"Colorado","Mesa County",1,12,2108,1077,1031
050,08,077,"Colorado","Mesa County",1,13,2042,1038,1004
050,08,077,"Colorado","Mesa County",1,14,1939,954,985
050,08,077,"Colorado","Mesa County",1,15,1957,1011,946
050,08,077,"Colorado","Mesa County",1,16,1938,1021,917
050,08,077,"Colorado","Mesa County",1,17,1886,1000,886
050,08,077,"Colorado","Mesa County",1,18,2082,1074,1008
050,08,077,"Colorado","Mesa County",1,19,2255,1169,1086
050,08,077,"Colorado","Mesa County",1,20,1887,958,929
050,08,077,"Colorado","Mesa County",1,21,1701,863,838
050,08,077,"Colorado","Mesa County",1,22,1727,889,838
050,08,077,"Colorado","Mesa County",1,23,1838,907,931
050,08,077,"Colorado","Mesa County",1,24,1841,940,901
050,08,077,"Colorado","Mesa County",1,25,1877,1000,877
050,08,077,"Colorado","Mesa County",1,26,1968,1000,968
050,08,077,"Colorado","Mesa County",1,27,2049,1035,1014
050,08,077,"Colorado","Mesa County",1,28,2044,1048,996
050,08,077,"Colorado","Mesa County",1,29,2055,1027,1028
050,08,077,"Colorado","Mesa County",1,30,2052,988,1064
050,08,077,"Colorado","Mesa County",1,31,2054,1023,1031
050,08,077,"Colorado","Mesa County",1,32,2070,1019,1051
050,08,077,"Colorado","Mesa County",1,33,1992,1029,963
050,08,077,"Colorado","Mesa County",1,34,2061,1091,970
050,08,077,"Colorado","Mesa County",1,35,2042,1068,974
050,08,077,"Colorado","Mesa County",1,36,2085,1064,1021
050,08,077,"Colorado","Mesa County",1,37,2133,1104,1029
050,08,077,"Colorado","Mesa County",1,38,2055,1064,991
050,08,077,"Colorado","Mesa County",1,39,2033,1055,978
050,08,077,"Colorado","Mesa County",1,40,2057,1034,1023
050,08,077,"Colorado","Mesa County",1,41,1964,1006,958
050,08,077,"Colorado","Mesa County",1,42,1869,922,947
050,08,077,"Colorado","Mesa County",1,43,1771,897,874
050,08,077,"Colorado","Mesa County",1,44,1709,888,821
050,08,077,"Colorado","Mesa County",1,45,1708,871,837
050,08,077,"Colorado","Mesa County",1,46,1610,815,795
050,08,077,"Colorado","Mesa County",1,47,1621,818,803
050,08,077,"Colorado","Mesa County",1,48,1770,906,864
050,08,077,"Colorado","Mesa County",1,49,1802,918,884
050,08,077,"Colorado","Mesa County",1,50,1718,862,856
050,08,077,"Colorado","Mesa County",1,51,1667,840,827
050,08,077,"Colorado","Mesa County",1,52,1568,792,776
050,08,077,"Colorado","Mesa County",1,53,1664,839,825
050,08,077,"Colorado","Mesa County",1,54,1719,843,876
050,08,077,"Colorado","Mesa County",1,55,1860,906,954
050,08,077,"Colorado","Mesa County",1,56,2046,967,1079
050,08,077,"Colorado","Mesa County",1,57,2036,966,1070
050,08,077,"Colorado","Mesa County",1,58,2153,1016,1137
050,08,077,"Colorado","Mesa County",1,59,2226,1049,1177
050,08,077,"Colorado","Mesa County",1,60,2234,1082,1152
050,08,077,"Colorado","Mesa County",1,61,2246,1086,1160
050,08,077,"Colorado","Mesa County",1,62,2262,1109,1153
050,08,077,"Colorado","Mesa County",1,63,2257,1069,1188
050,08,077,"Colorado","Mesa County",1,64,2283,1085,1198
050,08,077,"Colorado","Mesa County",1,65,2230,1074,1156
050,08,077,"Colorado","Mesa County",1,66,2075,940,1135
050,08,077,"Colorado","Mesa County",1,67,2109,1023,1086
050,08,077,"Colorado","Mesa County",1,68,2047,998,1049
050,08,077,"Colorado","Mesa County",1,69,1904,945,959
050,08,077,"Colorado","Mesa County",1,70,1862,882,980
050,08,077,"Colorado","Mesa County",1,71,1756,824,932
050,08,077,"Colorado","Mesa County",1,72,1720,836,884
050,08,077,"Colorado","Mesa County",1,73,1703,808,895
050,08,077,"Colorado","Mesa County",1,74,1169,553,616
050,08,077,"Colorado","Mesa County",1,75,1238,589,649
050,08,077,"Colorado","Mesa County",1,76,1216,588,628
050,08,077,"Colorado","Mesa County",1,77,1151,540,611
050,08,077,"Colorado","Mesa County",1,78,992,469,523
050,08,077,"Colorado","Mesa County",1,79,864,397,467
050,08,077,"Colorado","Mesa County",1,80,815,362,453
050,08,077,"Colorado","Mesa County",1,81,766,356,410
050,08,077,"Colorado","Mesa County",1,82,689,304,385
050,08,077,"Colorado","Mesa County",1,83,652,286,366
050,08,077,"Colorado","Mesa County",1,84,546,261,285
050,08,077,"Colorado","Mesa County",1,85,3269,1274,1995
050,08,077,"Colorado","Mesa County",2,0,1584,803,781
050,08,077,"Colorado","Mesa County",2,1,1619,806,813
050,08,077,"Colorado","Mesa County",2,2,1653,838,815
050,08,077,"Colorado","Mesa County",2,3,1679,865,814
050,08,077,"Colorado","Mesa County",2,4,1748,892,856
050,08,077,"Colorado","Mesa County",2,5,1810,929,881
050,08,077,"Colorado","Mesa County",2,6,1780,903,877
050,08,077,"Colorado","Mesa County",2,7,1809,902,907
050,08,077,"Colorado","Mesa County",2,8,1826,924,902
050,08,077,"Colorado","Mesa County",2,9,1835,941,894
050,08,077,"Colorado","Mesa County",2,10,1909,991,918
050,08,077,"Colorado","Mesa County",2,11,1962,1021,941
050,08,077,"Colorado","Mesa County",2,12,2082,1066,1016
050,08,077,"Colorado","Mesa County",2,13,2051,1041,1010
050,08,077,"Colorado","Mesa County",2,14,1970,975,995
050,08,077,"Colorado","Mesa County",2,15,1958,998,960
050,08,077,"Colorado","Mesa County",2,16,1950,1021,929
050,08,077,"Colorado","Mesa County",2,17,1903,1005,898
050,08,077,"Colorado","Mesa County",2,18,2085,1081,1004
050,08,077,"Colorado","Mesa County",2,19,2257,1172,1085
050,08,077,"Colorado","Mesa County",2,20,1911,964,947
050,08,077,"Colorado","Mesa County",2,21,1702,866,836
050,08,077,"Colorado","Mesa County",2,22,1728,882,846
050,08,077,"Colorado","Mesa County",2,23,1825,908,917
050,08,077,"Colorado","Mesa County",2,24,1840,935,905
050,08,077,"Colorado","Mesa County",2,25,1872,986,886
050,08,077,"Colorado","Mesa County",2,26,1959,1005,954
050,08,077,"Colorado","Mesa County",2,27,2038,1031,1007
050,08,077,"Colorado","Mesa County",2,28,2052,1048,1004
050,08,077,"Colorado","Mesa County",2,29,2052,1030,1022
050,08,077,"Colorado","Mesa County",2,30,2071,1006,1065
050,08,077,"Colorado","Mesa County",2,31,2061,1017,1044
050,08,077,"Colorado","Mesa County",2,32,2060,1018,1042
050,08,077,"Colorado","Mesa County",2,33,2018,1034,984
050,08,077,"Colorado","Mesa County",2,34,2052,1082,970
050,08,077,"Colorado","Mesa County",2,35,2065,1082,983
050,08,077,"Colorado","Mesa County",2,36,2070,1063,1007
050,08,077,"Colorado","Mesa County",2,37,2126,1099,1027
050,08,077,"Colorado","Mesa County",2,38,2077,1075,1002
050,08,077,"Colorado","Mesa County",2,39,2039,1054,985
050,08,077,"Colorado","Mesa County",2,40,2074,1049,1025
050,08,077,"Colorado","Mesa County",2,41,1992,1014,978
050,08,077,"Colorado","Mesa County",2,42,1882,936,946
050,08,077,"Colorado","Mesa County",2,43,1808,913,895
050,08,077,"Colorado","Mesa County",2,44,1710,885,825
050,08,077,"Colorado","Mesa County",2,45,1719,879,840
050,08,077,"Colorado","Mesa County",2,46,1634,828,806
050,08,077,"Colorado","Mesa County",2,47,1613,815,798
050,08,077,"Colorado","Mesa County",2,48,1732,883,849
050,08,077,"Colorado","Mesa County",2,49,1804,918,886
050,08,077,"Colorado","Mesa County",2,50,1744,876,868
050,08,077,"Colorado","Mesa County",2,51,1671,841,830
050,08,077,"Colorado","Mesa County",2,52,1587,803,784
050,08,077,"Colorado","Mesa County",2,53,1646,831,815
050,08,077,"Colorado","Mesa County",2,54,1709,842,867
050,08,077,"Colorado","Mesa County",2,55,1831,889,942
050,08,077,"Colorado","Mesa County",2,56,2019,963,1056
050,08,077,"Colorado","Mesa County",2,57,2042,969,1073
050,08,077,"Colorado","Mesa County",2,58,2130,1009,1121
050,08,077,"Colorado","Mesa County",2,59,2222,1051,1171
050,08,077,"Colorado","Mesa County",2,60,2226,1069,1157
050,08,077,"Colorado","Mesa County",2,61,2244,1085,1159
050,08,077,"Colorado","Mesa County",2,62,2262,1103,1159
050,08,077,"Colorado","Mesa County",2,63,2283,1088,1195
050,08,077,"Colorado","Mesa County",2,64,2271,1078,1193
050,08,077,"Colorado","Mesa County",2,65,2247,1080,1167
050,08,077,"Colorado","Mesa County",2,66,2123,976,1147
050,08,077,"Colorado","Mesa County",2,67,2096,1000,1096
050,08,077,"Colorado","Mesa County",2,68,2045,995,1050
050,08,077,"Colorado","Mesa County",2,69,1949,959,990
050,08,077,"Colorado","Mesa County",2,70,1863,892,971
050,08,077,"Colorado","Mesa County",2,71,1781,836,945
050,08,077,"Colorado","Mesa County",2,72,1704,822,882
050,08,077,"Colorado","Mesa County",2,73,1785,853,932
050,08,077,"Colorado","Mesa County",2,74,1218,575,643
050,08,077,"Colorado","Mesa County",2,75,1219,580,639
050,08,077,"Colorado","Mesa County",2,76,1203,578,625
050,08,077,"Colorado","Mesa County",2,77,1187,560,627
050,08,077,"Colorado","Mesa County",2,78,1009,471,538
050,08,077,"Colorado","Mesa County",2,79,884,412,472
050,08,077,"Colorado","Mesa County",2,80,818,362,456
050,08,077,"Colorado","Mesa County",2,81,761,352,409
050,08,077,"Colorado","Mesa County",2,82,706,315,391
050,08,077,"Colorado","Mesa County",2,83,649,282,367
050,08,077,"Colorado","Mesa County",2,84,557,261,296
050,08,077,"Colorado","Mesa County",2,85,3264,1271,1993
050,08,077,"Colorado","Mesa County",3,0,1515,797,718
050,08,077,"Colorado","Mesa County",3,1,1614,823,791
050,08,077,"Colorado","Mesa County",3,2,1614,807,807
050,08,077,"Colorado","Mesa County",3,3,1647,839,808
050,08,077,"Colorado","Mesa County",3,4,1697,883,814
050,08,077,"Colorado","Mesa County",3,5,1762,885,877
050,08,077,"Colorado","Mesa County",3,6,1834,939,895
050,08,077,"Colorado","Mesa County",3,7,1801,915,886
050,08,077,"Colorado","Mesa County",3,8,1830,915,915
050,08,077,"Colorado","Mesa County",3,9,1813,921,892
050,08,077,"Colorado","Mesa County",3,10,1831,945,886
050,08,077,"Colorado","Mesa County",3,11,1910,992,918
050,08,077,"Colorado","Mesa County",3,12,1966,1024,942
050,08,077,"Colorado","Mesa County",3,13,2082,1052,1030
050,08,077,"Colorado","Mesa County",3,14,2042,1047,995
050,08,077,"Colorado","Mesa County",3,15,1986,993,993
050,08,077,"Colorado","Mesa County",3,16,1983,1018,965
050,08,077,"Colorado","Mesa County",3,17,1989,1049,940
050,08,077,"Colorado","Mesa County",3,18,2137,1124,1013
050,08,077,"Colorado","Mesa County",3,19,2305,1207,1098
050,08,077,"Colorado","Mesa County",3,20,1961,982,979
050,08,077,"Colorado","Mesa County",3,21,1764,897,867
050,08,077,"Colorado","Mesa County",3,22,1747,895,852
050,08,077,"Colorado","Mesa County",3,23,1796,927,869
050,08,077,"Colorado","Mesa County",3,24,1808,908,900
050,08,077,"Colorado","Mesa County",3,25,1850,944,906
050,08,077,"Colorado","Mesa County",3,26,1907,1004,903
050,08,077,"Colorado","Mesa County",3,27,2034,1051,983
050,08,077,"Colorado","Mesa County",3,28,2037,1018,1019
050,08,077,"Colorado","Mesa County",3,29,2092,1072,1020
050,08,077,"Colorado","Mesa County",3,30,2064,1036,1028
050,08,077,"Colorado","Mesa County",3,31,2103,1040,1063
050,08,077,"Colorado","Mesa County",3,32,2068,1013,1055
050,08,077,"Colorado","Mesa County",3,33,2095,1050,1045
050,08,077,"Colorado","Mesa County",3,34,2067,1059,1008
050,08,077,"Colorado","Mesa County",3,35,2085,1083,1002
050,08,077,"Colorado","Mesa County",3,36,2082,1090,992
050,08,077,"Colorado","Mesa County",3,37,2128,1114,1014
050,08,077,"Colorado","Mesa County",3,38,2132,1101,1031
050,08,077,"Colorado","Mesa County",3,39,2082,1068,1014
050,08,077,"Colorado","Mesa County",3,40,2079,1071,1008
050,08,077,"Colorado","Mesa County",3,41,2079,1039,1040
050,08,077,"Colorado","Mesa County",3,42,2026,1026,1000
050,08,077,"Colorado","Mesa County",3,43,1891,959,932
050,08,077,"Colorado","Mesa County",3,44,1848,942,906
050,08,077,"Colorado","Mesa County",3,45,1722,879,843
050,08,077,"Colorado","Mesa County",3,46,1725,893,832
050,08,077,"Colorado","Mesa County",3,47,1645,839,806
050,08,077,"Colorado","Mesa County",3,48,1599,799,800
050,08,077,"Colorado","Mesa County",3,49,1736,888,848
050,08,077,"Colorado","Mesa County",3,50,1830,941,889
050,08,077,"Colorado","Mesa County",3,51,1736,862,874
050,08,077,"Colorado","Mesa County",3,52,1670,829,841
050,08,077,"Colorado","Mesa County",3,53,1601,813,788
050,08,077,"Colorado","Mesa County",3,54,1658,831,827
050,08,077,"Colorado","Mesa County",3,55,1724,844,880
050,08,077,"Colorado","Mesa County",3,56,1877,904,973
050,08,077,"Colorado","Mesa County",3,57,1995,949,1046
050,08,077,"Colorado","Mesa County",3,58,2070,975,1095
050,08,077,"Colorado","Mesa County",3,59,2128,1008,1120
050,08,077,"Colorado","Mesa County",3,60,2235,1046,1189
050,08,077,"Colorado","Mesa County",3,61,2265,1098,1167
050,08,077,"Colorado","Mesa County",3,62,2247,1077,1170
050,08,077,"Colorado","Mesa County",3,63,2313,1111,1202
050,08,077,"Colorado","Mesa County",3,64,2301,1096,1205
050,08,077,"Colorado","Mesa County",3,65,2295,1099,1196
050,08,077,"Colorado","Mesa County",3,66,2260,1092,1168
050,08,077,"Colorado","Mesa County",3,67,2139,983,1156
050,08,077,"Colorado","Mesa County",3,68,2093,997,1096
050,08,077,"Colorado","Mesa County",3,69,2026,976,1050
050,08,077,"Colorado","Mesa County",3,70,1975,986,989
050,08,077,"Colorado","Mesa County",3,71,1851,887,964
050,08,077,"Colorado","Mesa County",3,72,1742,816,926
050,08,077,"Colorado","Mesa County",3,73,1690,814,876
050,08,077,"Colorado","Mesa County",3,74,1769,848,921
050,08,077,"Colorado","Mesa County",3,75,1171,559,612
050,08,077,"Colorado","Mesa County",3,76,1171,553,618
050,08,077,"Colorado","Mesa County",3,77,1145,548,597
050,08,077,"Colorado","Mesa County",3,78,1156,537,619
050,08,077,"Colorado","Mesa County",3,79,960,450,510
050,08,077,"Colorado","Mesa County",3,80,834,385,449
050,08,077,"Colorado","Mesa County",3,81,766,340,426
050,08,077,"Colorado","Mesa County",3,82,704,316,388
050,08,077,"Colorado","Mesa County",3,83,667,288,379
050,08,077,"Colorado","Mesa County",3,84,587,259,328
050,08,077,"Colorado","Mesa County",3,85,3178,1273,1905
050,08,077,"Colorado","Mesa County",4,0,1436,759,677
050,08,077,"Colorado","Mesa County",4,1,1543,815,728
050,08,077,"Colorado","Mesa County",4,2,1601,825,776
050,08,077,"Colorado","Mesa County",4,3,1583,787,796
050,08,077,"Colorado","Mesa County",4,4,1647,817,830
050,08,077,"Colorado","Mesa County",4,5,1672,849,823
050,08,077,"Colorado","Mesa County",4,6,1785,919,866
050,08,077,"Colorado","Mesa County",4,7,1830,941,889
050,08,077,"Colorado","Mesa County",4,8,1801,917,884
050,08,077,"Colorado","Mesa County",4,9,1825,910,915
050,08,077,"Colorado","Mesa County",4,10,1812,904,908
050,08,077,"Colorado","Mesa County",4,11,1845,943,902
050,08,077,"Colorado","Mesa County",4,12,1928,1004,924
050,08,077,"Colorado","Mesa County",4,13,1939,1008,931
050,08,077,"Colorado","Mesa County",4,14,2101,1076,1025
050,08,077,"Colorado","Mesa County",4,15,2035,1040,995
050,08,077,"Colorado","Mesa County",4,16,2000,995,1005
050,08,077,"Colorado","Mesa County",4,17,2012,1042,970
050,08,077,"Colorado","Mesa County",4,18,2255,1181,1074
050,08,077,"Colorado","Mesa County",4,19,2404,1283,1121
050,08,077,"Colorado","Mesa County",4,20,1974,1011,963
050,08,077,"Colorado","Mesa County",4,21,1818,932,886
050,08,077,"Colorado","Mesa County",4,22,1833,935,898
050,08,077,"Colorado","Mesa County",4,23,1824,913,911
050,08,077,"Colorado","Mesa County",4,24,1793,917,876
050,08,077,"Colorado","Mesa County",4,25,1799,923,876
050,08,077,"Colorado","Mesa County",4,26,1867,937,930
050,08,077,"Colorado","Mesa County",4,27,1945,1005,940
050,08,077,"Colorado","Mesa County",4,28,2050,1061,989
050,08,077,"Colorado","Mesa County",4,29,2053,1042,1011
050,08,077,"Colorado","Mesa County",4,30,2076,1070,1006
050,08,077,"Colorado","Mesa County",4,31,2093,1046,1047
050,08,077,"Colorado","Mesa County",4,32,2136,1043,1093
050,08,077,"Colorado","Mesa County",4,33,2034,1002,1032
050,08,077,"Colorado","Mesa County",4,34,2098,1046,1052
050,08,077,"Colorado","Mesa County",4,35,2089,1056,1033
050,08,077,"Colorado","Mesa County",4,36,2121,1094,1027
050,08,077,"Colorado","Mesa County",4,37,2136,1112,1024
050,08,077,"Colorado","Mesa County",4,38,2130,1117,1013
050,08,077,"Colorado","Mesa County",4,39,2138,1084,1054
050,08,077,"Colorado","Mesa County",4,40,2114,1080,1034
050,08,077,"Colorado","Mesa County",4,41,2122,1089,1033
050,08,077,"Colorado","Mesa County",4,42,2089,1059,1030
050,08,077,"Colorado","Mesa County",4,43,2020,1013,1007
050,08,077,"Colorado","Mesa County",4,44,1892,961,931
050,08,077,"Colorado","Mesa County",4,45,1870,960,910
050,08,077,"Colorado","Mesa County",4,46,1731,872,859
050,08,077,"Colorado","Mesa County",4,47,1743,904,839
050,08,077,"Colorado","Mesa County",4,48,1665,849,816
050,08,077,"Colorado","Mesa County",4,49,1609,813,796
050,08,077,"Colorado","Mesa County",4,50,1772,914,858
050,08,077,"Colorado","Mesa County",4,51,1815,916,899
050,08,077,"Colorado","Mesa County",4,52,1767,893,874
050,08,077,"Colorado","Mesa County",4,53,1708,845,863
050,08,077,"Colorado","Mesa County",4,54,1614,826,788
050,08,077,"Colorado","Mesa County",4,55,1661,820,841
050,08,077,"Colorado","Mesa County",4,56,1743,848,895
050,08,077,"Colorado","Mesa County",4,57,1853,875,978
050,08,077,"Colorado","Mesa County",4,58,2023,961,1062
050,08,077,"Colorado","Mesa County",4,59,2085,963,1122
050,08,077,"Colorado","Mesa County",4,60,2145,1017,1128
050,08,077,"Colorado","Mesa County",4,61,2274,1065,1209
050,08,077,"Colorado","Mesa County",4,62,2240,1083,1157
050,08,077,"Colorado","Mesa County",4,63,2265,1078,1187
050,08,077,"Colorado","Mesa County",4,64,2310,1106,1204
050,08,077,"Colorado","Mesa County",4,65,2295,1081,1214
050,08,077,"Colorado","Mesa County",4,66,2311,1093,1218
050,08,077,"Colorado","Mesa County",4,67,2267,1088,1179
050,08,077,"Colorado","Mesa County",4,68,2146,981,1165
050,08,077,"Colorado","Mesa County",4,69,2095,1000,1095
050,08,077,"Colorado","Mesa County",4,70,2007,965,1042
050,08,077,"Colorado","Mesa County",4,71,1958,981,977
050,08,077,"Colorado","Mesa County",4,72,1817,867,950
050,08,077,"Colorado","Mesa County",4,73,1718,805,913
050,08,077,"Colorado","Mesa County",4,74,1672,806,866
050,08,077,"Colorado","Mesa County",4,75,1707,821,886
050,08,077,"Colorado","Mesa County",4,76,1142,543,599
050,08,077,"Colorado","Mesa County",4,77,1117,519,598
050,08,077,"Colorado","Mesa County",4,78,1128,531,597
050,08,077,"Colorado","Mesa County",4,79,1109,513,596
050,08,077,"Colorado","Mesa County",4,80,910,425,485
050,08,077,"Colorado","Mesa County",4,81,784,362,422
050,08,077,"Colorado","Mesa County",4,82,715,304,411
050,08,077,"Colorado","Mesa County",4,83,672,288,384
050,08,077,"Colorado","Mesa County",4,84,611,273,338
050,08,077,"Colorado","Mesa County",4,85,3159,1269,1890
050,08,077,"Colorado","Mesa County",5,0,1442,760,682
050,08,077,"Colorado","Mesa County",5,1,1480,785,695
050,08,077,"Colorado","Mesa County",5,2,1572,844,728
050,08,077,"Colorado","Mesa County",5,3,1600,823,777
050,08,077,"Colorado","Mesa County",5,4,1605,794,811
050,08,077,"Colorado","Mesa County",5,5,1652,820,832
050,08,077,"Colorado","Mesa County",5,6,1661,844,817
050,08,077,"Colorado","Mesa County",5,7,1794,906,888
050,08,077,"Colorado","Mesa County",5,8,1827,927,900
050,08,077,"Colorado","Mesa County",5,9,1824,940,884
050,08,077,"Colorado","Mesa County",5,10,1838,925,913
050,08,077,"Colorado","Mesa County",5,11,1819,900,919
050,08,077,"Colorado","Mesa County",5,12,1853,949,904
050,08,077,"Colorado","Mesa County",5,13,1918,988,930
050,08,077,"Colorado","Mesa County",5,14,1949,1018,931
050,08,077,"Colorado","Mesa County",5,15,2082,1071,1011
050,08,077,"Colorado","Mesa County",5,16,2069,1056,1013
050,08,077,"Colorado","Mesa County",5,17,2028,1008,1020
050,08,077,"Colorado","Mesa County",5,18,2269,1184,1085
050,08,077,"Colorado","Mesa County",5,19,2442,1305,1137
050,08,077,"Colorado","Mesa County",5,20,2004,1045,959
050,08,077,"Colorado","Mesa County",5,21,1770,914,856
050,08,077,"Colorado","Mesa County",5,22,1896,964,932
050,08,077,"Colorado","Mesa County",5,23,1890,969,921
050,08,077,"Colorado","Mesa County",5,24,1817,919,898
050,08,077,"Colorado","Mesa County",5,25,1832,935,897
050,08,077,"Colorado","Mesa County",5,26,1857,936,921
050,08,077,"Colorado","Mesa County",5,27,1915,978,937
050,08,077,"Colorado","Mesa County",5,28,1990,1021,969
050,08,077,"Colorado","Mesa County",5,29,2067,1087,980
050,08,077,"Colorado","Mesa County",5,30,2070,1051,1019
050,08,077,"Colorado","Mesa County",5,31,2099,1086,1013
050,08,077,"Colorado","Mesa County",5,32,2105,1040,1065
050,08,077,"Colorado","Mesa County",5,33,2133,1030,1103
050,08,077,"Colorado","Mesa County",5,34,2049,1005,1044
050,08,077,"Colorado","Mesa County",5,35,2116,1070,1046
050,08,077,"Colorado","Mesa County",5,36,2115,1064,1051
050,08,077,"Colorado","Mesa County",5,37,2180,1138,1042
050,08,077,"Colorado","Mesa County",5,38,2130,1091,1039
050,08,077,"Colorado","Mesa County",5,39,2127,1122,1005
050,08,077,"Colorado","Mesa County",5,40,2158,1099,1059
050,08,077,"Colorado","Mesa County",5,41,2143,1104,1039
050,08,077,"Colorado","Mesa County",5,42,2149,1094,1055
050,08,077,"Colorado","Mesa County",5,43,2081,1054,1027
050,08,077,"Colorado","Mesa County",5,44,2038,1029,1009
050,08,077,"Colorado","Mesa County",5,45,1898,971,927
050,08,077,"Colorado","Mesa County",5,46,1888,957,931
050,08,077,"Colorado","Mesa County",5,47,1735,880,855
050,08,077,"Colorado","Mesa County",5,48,1749,910,839
050,08,077,"Colorado","Mesa County",5,49,1645,843,802
050,08,077,"Colorado","Mesa County",5,50,1612,813,799
050,08,077,"Colorado","Mesa County",5,51,1779,910,869
050,08,077,"Colorado","Mesa County",5,52,1811,910,901
050,08,077,"Colorado","Mesa County",5,53,1794,904,890
050,08,077,"Colorado","Mesa County",5,54,1688,826,862
050,08,077,"Colorado","Mesa County",5,55,1625,827,798
050,08,077,"Colorado","Mesa County",5,56,1677,823,854
050,08,077,"Colorado","Mesa County",5,57,1748,850,898
050,08,077,"Colorado","Mesa County",5,58,1856,878,978
050,08,077,"Colorado","Mesa County",5,59,2023,954,1069
050,08,077,"Colorado","Mesa County",5,60,2090,965,1125
050,08,077,"Colorado","Mesa County",5,61,2186,1037,1149
050,08,077,"Colorado","Mesa County",5,62,2285,1066,1219
050,08,077,"Colorado","Mesa County",5,63,2243,1088,1155
050,08,077,"Colorado","Mesa County",5,64,2252,1058,1194
050,08,077,"Colorado","Mesa County",5,65,2297,1105,1192
050,08,077,"Colorado","Mesa County",5,66,2328,1095,1233
050,08,077,"Colorado","Mesa County",5,67,2289,1077,1212
050,08,077,"Colorado","Mesa County",5,68,2264,1084,1180
050,08,077,"Colorado","Mesa County",5,69,2153,986,1167
050,08,077,"Colorado","Mesa County",5,70,2078,979,1099
050,08,077,"Colorado","Mesa County",5,71,2003,958,1045
050,08,077,"Colorado","Mesa County",5,72,1932,958,974
050,08,077,"Colorado","Mesa County",5,73,1796,860,936
050,08,077,"Colorado","Mesa County",5,74,1716,803,913
050,08,077,"Colorado","Mesa County",5,75,1639,790,849
050,08,077,"Colorado","Mesa County",5,76,1677,801,876
050,08,077,"Colorado","Mesa County",5,77,1111,524,587
050,08,077,"Colorado","Mesa County",5,78,1075,500,575
050,08,077,"Colorado","Mesa County",5,79,1101,516,585
050,08,077,"Colorado","Mesa County",5,80,1061,488,573
050,08,077,"Colorado","Mesa County",5,81,854,398,456
050,08,077,"Colorado","Mesa County",5,82,735,333,402
050,08,077,"Colorado","Mesa County",5,83,691,286,405
050,08,077,"Colorado","Mesa County",5,84,619,271,348
050,08,077,"Colorado","Mesa County",5,85,3223,1305,1918
050,08,079,"Colorado","Mineral County",1,0,5,3,2
050,08,079,"Colorado","Mineral County",1,1,8,6,2
050,08,079,"Colorado","Mineral County",1,2,8,5,3
050,08,079,"Colorado","Mineral County",1,3,4,3,1
050,08,079,"Colorado","Mineral County",1,4,8,3,5
050,08,079,"Colorado","Mineral County",1,5,5,2,3
050,08,079,"Colorado","Mineral County",1,6,10,4,6
050,08,079,"Colorado","Mineral County",1,7,10,6,4
050,08,079,"Colorado","Mineral County",1,8,3,1,2
050,08,079,"Colorado","Mineral County",1,9,6,3,3
050,08,079,"Colorado","Mineral County",1,10,7,2,5
050,08,079,"Colorado","Mineral County",1,11,4,2,2
050,08,079,"Colorado","Mineral County",1,12,3,1,2
050,08,079,"Colorado","Mineral County",1,13,3,1,2
050,08,079,"Colorado","Mineral County",1,14,5,3,2
050,08,079,"Colorado","Mineral County",1,15,7,6,1
050,08,079,"Colorado","Mineral County",1,16,9,7,2
050,08,079,"Colorado","Mineral County",1,17,12,6,6
050,08,079,"Colorado","Mineral County",1,18,11,5,6
050,08,079,"Colorado","Mineral County",1,19,7,5,2
050,08,079,"Colorado","Mineral County",1,20,5,3,2
050,08,079,"Colorado","Mineral County",1,21,3,1,2
050,08,079,"Colorado","Mineral County",1,22,5,3,2
050,08,079,"Colorado","Mineral County",1,23,3,1,2
050,08,079,"Colorado","Mineral County",1,24,2,1,1
050,08,079,"Colorado","Mineral County",1,25,6,4,2
050,08,079,"Colorado","Mineral County",1,26,8,3,5
050,08,079,"Colorado","Mineral County",1,27,7,4,3
050,08,079,"Colorado","Mineral County",1,28,9,7,2
050,08,079,"Colorado","Mineral County",1,29,11,6,5
050,08,079,"Colorado","Mineral County",1,30,10,5,5
050,08,079,"Colorado","Mineral County",1,31,7,5,2
050,08,079,"Colorado","Mineral County",1,32,12,7,5
050,08,079,"Colorado","Mineral County",1,33,13,11,2
050,08,079,"Colorado","Mineral County",1,34,8,6,2
050,08,079,"Colorado","Mineral County",1,35,9,2,7
050,08,079,"Colorado","Mineral County",1,36,18,5,13
050,08,079,"Colorado","Mineral County",1,37,12,4,8
050,08,079,"Colorado","Mineral County",1,38,16,7,9
050,08,079,"Colorado","Mineral County",1,39,8,6,2
050,08,079,"Colorado","Mineral County",1,40,3,1,2
050,08,079,"Colorado","Mineral County",1,41,3,2,1
050,08,079,"Colorado","Mineral County",1,42,10,6,4
050,08,079,"Colorado","Mineral County",1,43,11,6,5
050,08,079,"Colorado","Mineral County",1,44,8,5,3
050,08,079,"Colorado","Mineral County",1,45,8,6,2
050,08,079,"Colorado","Mineral County",1,46,10,4,6
050,08,079,"Colorado","Mineral County",1,47,8,4,4
050,08,079,"Colorado","Mineral County",1,48,14,6,8
050,08,079,"Colorado","Mineral County",1,49,13,7,6
050,08,079,"Colorado","Mineral County",1,50,12,6,6
050,08,079,"Colorado","Mineral County",1,51,12,5,7
050,08,079,"Colorado","Mineral County",1,52,11,6,5
050,08,079,"Colorado","Mineral County",1,53,11,7,4
050,08,079,"Colorado","Mineral County",1,54,9,4,5
050,08,079,"Colorado","Mineral County",1,55,9,2,7
050,08,079,"Colorado","Mineral County",1,56,17,7,10
050,08,079,"Colorado","Mineral County",1,57,14,8,6
050,08,079,"Colorado","Mineral County",1,58,19,7,12
050,08,079,"Colorado","Mineral County",1,59,12,5,7
050,08,079,"Colorado","Mineral County",1,60,20,10,10
050,08,079,"Colorado","Mineral County",1,61,19,6,13
050,08,079,"Colorado","Mineral County",1,62,16,6,10
050,08,079,"Colorado","Mineral County",1,63,14,6,8
050,08,079,"Colorado","Mineral County",1,64,10,2,8
050,08,079,"Colorado","Mineral County",1,65,20,11,9
050,08,079,"Colorado","Mineral County",1,66,24,12,12
050,08,079,"Colorado","Mineral County",1,67,22,14,8
050,08,079,"Colorado","Mineral County",1,68,15,9,6
050,08,079,"Colorado","Mineral County",1,69,16,8,8
050,08,079,"Colorado","Mineral County",1,70,19,10,9
050,08,079,"Colorado","Mineral County",1,71,19,11,8
050,08,079,"Colorado","Mineral County",1,72,15,10,5
050,08,079,"Colorado","Mineral County",1,73,16,9,7
050,08,079,"Colorado","Mineral County",1,74,15,6,9
050,08,079,"Colorado","Mineral County",1,75,12,4,8
050,08,079,"Colorado","Mineral County",1,76,8,1,7
050,08,079,"Colorado","Mineral County",1,77,6,2,4
050,08,079,"Colorado","Mineral County",1,78,5,2,3
050,08,079,"Colorado","Mineral County",1,79,9,4,5
050,08,079,"Colorado","Mineral County",1,80,9,4,5
050,08,079,"Colorado","Mineral County",1,81,3,1,2
050,08,079,"Colorado","Mineral County",1,82,3,2,1
050,08,079,"Colorado","Mineral County",1,83,6,3,3
050,08,079,"Colorado","Mineral County",1,84,3,1,2
050,08,079,"Colorado","Mineral County",1,85,23,13,10
050,08,079,"Colorado","Mineral County",2,0,5,3,2
050,08,079,"Colorado","Mineral County",2,1,7,5,2
050,08,079,"Colorado","Mineral County",2,2,8,5,3
050,08,079,"Colorado","Mineral County",2,3,4,3,1
050,08,079,"Colorado","Mineral County",2,4,8,3,5
050,08,079,"Colorado","Mineral County",2,5,6,2,4
050,08,079,"Colorado","Mineral County",2,6,8,3,5
050,08,079,"Colorado","Mineral County",2,7,10,5,5
050,08,079,"Colorado","Mineral County",2,8,4,2,2
050,08,079,"Colorado","Mineral County",2,9,6,3,3
050,08,079,"Colorado","Mineral County",2,10,7,2,5
050,08,079,"Colorado","Mineral County",2,11,5,2,3
050,08,079,"Colorado","Mineral County",2,12,4,2,2
050,08,079,"Colorado","Mineral County",2,13,3,1,2
050,08,079,"Colorado","Mineral County",2,14,5,3,2
050,08,079,"Colorado","Mineral County",2,15,7,5,2
050,08,079,"Colorado","Mineral County",2,16,8,7,1
050,08,079,"Colorado","Mineral County",2,17,11,6,5
050,08,079,"Colorado","Mineral County",2,18,11,5,6
050,08,079,"Colorado","Mineral County",2,19,8,5,3
050,08,079,"Colorado","Mineral County",2,20,6,4,2
050,08,079,"Colorado","Mineral County",2,21,3,1,2
050,08,079,"Colorado","Mineral County",2,22,5,3,2
050,08,079,"Colorado","Mineral County",2,23,4,2,2
050,08,079,"Colorado","Mineral County",2,24,2,1,1
050,08,079,"Colorado","Mineral County",2,25,5,3,2
050,08,079,"Colorado","Mineral County",2,26,7,3,4
050,08,079,"Colorado","Mineral County",2,27,8,4,4
050,08,079,"Colorado","Mineral County",2,28,9,6,3
050,08,079,"Colorado","Mineral County",2,29,10,6,4
050,08,079,"Colorado","Mineral County",2,30,10,6,4
050,08,079,"Colorado","Mineral County",2,31,8,5,3
050,08,079,"Colorado","Mineral County",2,32,11,7,4
050,08,079,"Colorado","Mineral County",2,33,13,10,3
050,08,079,"Colorado","Mineral County",2,34,9,7,2
050,08,079,"Colorado","Mineral County",2,35,9,3,6
050,08,079,"Colorado","Mineral County",2,36,15,4,11
050,08,079,"Colorado","Mineral County",2,37,13,4,9
050,08,079,"Colorado","Mineral County",2,38,17,7,10
050,08,079,"Colorado","Mineral County",2,39,10,6,4
050,08,079,"Colorado","Mineral County",2,40,4,2,2
050,08,079,"Colorado","Mineral County",2,41,3,2,1
050,08,079,"Colorado","Mineral County",2,42,8,5,3
050,08,079,"Colorado","Mineral County",2,43,12,6,6
050,08,079,"Colorado","Mineral County",2,44,9,5,4
050,08,079,"Colorado","Mineral County",2,45,8,6,2
050,08,079,"Colorado","Mineral County",2,46,10,4,6
050,08,079,"Colorado","Mineral County",2,47,8,4,4
050,08,079,"Colorado","Mineral County",2,48,13,6,7
050,08,079,"Colorado","Mineral County",2,49,14,7,7
050,08,079,"Colorado","Mineral County",2,50,12,6,6
050,08,079,"Colorado","Mineral County",2,51,13,6,7
050,08,079,"Colorado","Mineral County",2,52,11,6,5
050,08,079,"Colorado","Mineral County",2,53,11,7,4
050,08,079,"Colorado","Mineral County",2,54,10,5,5
050,08,079,"Colorado","Mineral County",2,55,9,2,7
050,08,079,"Colorado","Mineral County",2,56,16,6,10
050,08,079,"Colorado","Mineral County",2,57,15,8,7
050,08,079,"Colorado","Mineral County",2,58,18,7,11
050,08,079,"Colorado","Mineral County",2,59,14,6,8
050,08,079,"Colorado","Mineral County",2,60,18,9,9
050,08,079,"Colorado","Mineral County",2,61,19,7,12
050,08,079,"Colorado","Mineral County",2,62,17,6,11
050,08,079,"Colorado","Mineral County",2,63,15,6,9
050,08,079,"Colorado","Mineral County",2,64,11,3,8
050,08,079,"Colorado","Mineral County",2,65,17,9,8
050,08,079,"Colorado","Mineral County",2,66,24,13,11
050,08,079,"Colorado","Mineral County",2,67,22,13,9
050,08,079,"Colorado","Mineral County",2,68,16,10,6
050,08,079,"Colorado","Mineral County",2,69,16,8,8
050,08,079,"Colorado","Mineral County",2,70,18,10,8
050,08,079,"Colorado","Mineral County",2,71,19,11,8
050,08,079,"Colorado","Mineral County",2,72,15,10,5
050,08,079,"Colorado","Mineral County",2,73,17,10,7
050,08,079,"Colorado","Mineral County",2,74,14,6,8
050,08,079,"Colorado","Mineral County",2,75,12,4,8
050,08,079,"Colorado","Mineral County",2,76,9,2,7
050,08,079,"Colorado","Mineral County",2,77,7,2,5
050,08,079,"Colorado","Mineral County",2,78,5,2,3
050,08,079,"Colorado","Mineral County",2,79,7,3,4
050,08,079,"Colorado","Mineral County",2,80,8,4,4
050,08,079,"Colorado","Mineral County",2,81,5,2,3
050,08,079,"Colorado","Mineral County",2,82,3,2,1
050,08,079,"Colorado","Mineral County",2,83,6,3,3
050,08,079,"Colorado","Mineral County",2,84,4,2,2
050,08,079,"Colorado","Mineral County",2,85,23,13,10
050,08,079,"Colorado","Mineral County",3,0,4,3,1
050,08,079,"Colorado","Mineral County",3,1,5,3,2
050,08,079,"Colorado","Mineral County",3,2,8,5,3
050,08,079,"Colorado","Mineral County",3,3,8,5,3
050,08,079,"Colorado","Mineral County",3,4,5,4,1
050,08,079,"Colorado","Mineral County",3,5,8,1,7
050,08,079,"Colorado","Mineral County",3,6,7,3,4
050,08,079,"Colorado","Mineral County",3,7,7,4,3
050,08,079,"Colorado","Mineral County",3,8,8,4,4
050,08,079,"Colorado","Mineral County",3,9,5,3,2
050,08,079,"Colorado","Mineral County",3,10,7,4,3
050,08,079,"Colorado","Mineral County",3,11,8,3,5
050,08,079,"Colorado","Mineral County",3,12,7,2,5
050,08,079,"Colorado","Mineral County",3,13,6,2,4
050,08,079,"Colorado","Mineral County",3,14,4,2,2
050,08,079,"Colorado","Mineral County",3,15,7,5,2
050,08,079,"Colorado","Mineral County",3,16,6,5,1
050,08,079,"Colorado","Mineral County",3,17,8,7,1
050,08,079,"Colorado","Mineral County",3,18,12,8,4
050,08,079,"Colorado","Mineral County",3,19,9,4,5
050,08,079,"Colorado","Mineral County",3,20,8,6,2
050,08,079,"Colorado","Mineral County",3,21,4,2,2
050,08,079,"Colorado","Mineral County",3,22,6,2,4
050,08,079,"Colorado","Mineral County",3,23,7,3,4
050,08,079,"Colorado","Mineral County",3,24,8,2,6
050,08,079,"Colorado","Mineral County",3,25,2,1,1
050,08,079,"Colorado","Mineral County",3,26,5,3,2
050,08,079,"Colorado","Mineral County",3,27,7,3,4
050,08,079,"Colorado","Mineral County",3,28,9,5,4
050,08,079,"Colorado","Mineral County",3,29,8,6,2
050,08,079,"Colorado","Mineral County",3,30,11,6,5
050,08,079,"Colorado","Mineral County",3,31,13,6,7
050,08,079,"Colorado","Mineral County",3,32,9,5,4
050,08,079,"Colorado","Mineral County",3,33,14,10,4
050,08,079,"Colorado","Mineral County",3,34,12,8,4
050,08,079,"Colorado","Mineral County",3,35,14,9,5
050,08,079,"Colorado","Mineral County",3,36,8,2,6
050,08,079,"Colorado","Mineral County",3,37,16,5,11
050,08,079,"Colorado","Mineral County",3,38,16,5,11
050,08,079,"Colorado","Mineral County",3,39,16,7,9
050,08,079,"Colorado","Mineral County",3,40,13,6,7
050,08,079,"Colorado","Mineral County",3,41,5,3,2
050,08,079,"Colorado","Mineral County",3,42,2,1,1
050,08,079,"Colorado","Mineral County",3,43,11,7,4
050,08,079,"Colorado","Mineral County",3,44,12,6,6
050,08,079,"Colorado","Mineral County",3,45,9,5,4
050,08,079,"Colorado","Mineral County",3,46,11,9,2
050,08,079,"Colorado","Mineral County",3,47,14,4,10
050,08,079,"Colorado","Mineral County",3,48,9,4,5
050,08,079,"Colorado","Mineral County",3,49,14,8,6
050,08,079,"Colorado","Mineral County",3,50,18,9,9
050,08,079,"Colorado","Mineral County",3,51,14,8,6
050,08,079,"Colorado","Mineral County",3,52,15,8,7
050,08,079,"Colorado","Mineral County",3,53,13,6,7
050,08,079,"Colorado","Mineral County",3,54,10,6,4
050,08,079,"Colorado","Mineral County",3,55,10,7,3
050,08,079,"Colorado","Mineral County",3,56,11,2,9
050,08,079,"Colorado","Mineral County",3,57,17,7,10
050,08,079,"Colorado","Mineral County",3,58,13,6,7
050,08,079,"Colorado","Mineral County",3,59,18,7,11
050,08,079,"Colorado","Mineral County",3,60,14,6,8
050,08,079,"Colorado","Mineral County",3,61,18,9,9
050,08,079,"Colorado","Mineral County",3,62,18,7,11
050,08,079,"Colorado","Mineral County",3,63,17,6,11
050,08,079,"Colorado","Mineral County",3,64,18,7,11
050,08,079,"Colorado","Mineral County",3,65,15,6,9
050,08,079,"Colorado","Mineral County",3,66,19,9,10
050,08,079,"Colorado","Mineral County",3,67,23,13,10
050,08,079,"Colorado","Mineral County",3,68,25,15,10
050,08,079,"Colorado","Mineral County",3,69,16,10,6
050,08,079,"Colorado","Mineral County",3,70,15,8,7
050,08,079,"Colorado","Mineral County",3,71,18,10,8
050,08,079,"Colorado","Mineral County",3,72,18,10,8
050,08,079,"Colorado","Mineral County",3,73,16,10,6
050,08,079,"Colorado","Mineral County",3,74,11,7,4
050,08,079,"Colorado","Mineral County",3,75,14,6,8
050,08,079,"Colorado","Mineral County",3,76,11,3,8
050,08,079,"Colorado","Mineral County",3,77,9,2,7
050,08,079,"Colorado","Mineral County",3,78,6,3,3
050,08,079,"Colorado","Mineral County",3,79,5,2,3
050,08,079,"Colorado","Mineral County",3,80,7,3,4
050,08,079,"Colorado","Mineral County",3,81,9,5,4
050,08,079,"Colorado","Mineral County",3,82,5,2,3
050,08,079,"Colorado","Mineral County",3,83,3,2,1
050,08,079,"Colorado","Mineral County",3,84,5,3,2
050,08,079,"Colorado","Mineral County",3,85,23,13,10
050,08,079,"Colorado","Mineral County",4,0,9,5,4
050,08,079,"Colorado","Mineral County",4,1,4,3,1
050,08,079,"Colorado","Mineral County",4,2,4,2,2
050,08,079,"Colorado","Mineral County",4,3,8,5,3
050,08,079,"Colorado","Mineral County",4,4,8,5,3
050,08,079,"Colorado","Mineral County",4,5,5,4,1
050,08,079,"Colorado","Mineral County",4,6,8,1,7
050,08,079,"Colorado","Mineral County",4,7,6,2,4
050,08,079,"Colorado","Mineral County",4,8,7,4,3
050,08,079,"Colorado","Mineral County",4,9,10,5,5
050,08,079,"Colorado","Mineral County",4,10,5,3,2
050,08,079,"Colorado","Mineral County",4,11,4,4,0
050,08,079,"Colorado","Mineral County",4,12,9,3,6
050,08,079,"Colorado","Mineral County",4,13,6,2,4
050,08,079,"Colorado","Mineral County",4,14,8,2,6
050,08,079,"Colorado","Mineral County",4,15,4,2,2
050,08,079,"Colorado","Mineral County",4,16,7,5,2
050,08,079,"Colorado","Mineral County",4,17,6,5,1
050,08,079,"Colorado","Mineral County",4,18,7,6,1
050,08,079,"Colorado","Mineral County",4,19,7,5,2
050,08,079,"Colorado","Mineral County",4,20,10,4,6
050,08,079,"Colorado","Mineral County",4,21,8,6,2
050,08,079,"Colorado","Mineral County",4,22,7,4,3
050,08,079,"Colorado","Mineral County",4,23,7,0,7
050,08,079,"Colorado","Mineral County",4,24,8,4,4
050,08,079,"Colorado","Mineral County",4,25,7,0,7
050,08,079,"Colorado","Mineral County",4,26,3,3,0
050,08,079,"Colorado","Mineral County",4,27,3,2,1
050,08,079,"Colorado","Mineral County",4,28,4,2,2
050,08,079,"Colorado","Mineral County",4,29,10,5,5
050,08,079,"Colorado","Mineral County",4,30,8,5,3
050,08,079,"Colorado","Mineral County",4,31,11,6,5
050,08,079,"Colorado","Mineral County",4,32,18,10,8
050,08,079,"Colorado","Mineral County",4,33,9,5,4
050,08,079,"Colorado","Mineral County",4,34,13,9,4
050,08,079,"Colorado","Mineral County",4,35,11,8,3
050,08,079,"Colorado","Mineral County",4,36,14,9,5
050,08,079,"Colorado","Mineral County",4,37,9,2,7
050,08,079,"Colorado","Mineral County",4,38,16,5,11
050,08,079,"Colorado","Mineral County",4,39,15,7,8
050,08,079,"Colorado","Mineral County",4,40,17,9,8
050,08,079,"Colorado","Mineral County",4,41,12,5,7
050,08,079,"Colorado","Mineral County",4,42,7,5,2
050,08,079,"Colorado","Mineral County",4,43,5,4,1
050,08,079,"Colorado","Mineral County",4,44,10,5,5
050,08,079,"Colorado","Mineral County",4,45,12,6,6
050,08,079,"Colorado","Mineral County",4,46,9,5,4
050,08,079,"Colorado","Mineral County",4,47,10,8,2
050,08,079,"Colorado","Mineral County",4,48,13,4,9
050,08,079,"Colorado","Mineral County",4,49,9,4,5
050,08,079,"Colorado","Mineral County",4,50,13,7,6
050,08,079,"Colorado","Mineral County",4,51,20,11,9
050,08,079,"Colorado","Mineral County",4,52,13,8,5
050,08,079,"Colorado","Mineral County",4,53,15,8,7
050,08,079,"Colorado","Mineral County",4,54,13,6,7
050,08,079,"Colorado","Mineral County",4,55,9,6,3
050,08,079,"Colorado","Mineral County",4,56,8,5,3
050,08,079,"Colorado","Mineral County",4,57,13,2,11
050,08,079,"Colorado","Mineral County",4,58,16,6,10
050,08,079,"Colorado","Mineral County",4,59,15,8,7
050,08,079,"Colorado","Mineral County",4,60,18,7,11
050,08,079,"Colorado","Mineral County",4,61,10,4,6
050,08,079,"Colorado","Mineral County",4,62,21,12,9
050,08,079,"Colorado","Mineral County",4,63,17,7,10
050,08,079,"Colorado","Mineral County",4,64,21,8,13
050,08,079,"Colorado","Mineral County",4,65,19,8,11
050,08,079,"Colorado","Mineral County",4,66,12,3,9
050,08,079,"Colorado","Mineral County",4,67,21,10,11
050,08,079,"Colorado","Mineral County",4,68,23,13,10
050,08,079,"Colorado","Mineral County",4,69,24,14,10
050,08,079,"Colorado","Mineral County",4,70,16,10,6
050,08,079,"Colorado","Mineral County",4,71,17,10,7
050,08,079,"Colorado","Mineral County",4,72,19,9,10
050,08,079,"Colorado","Mineral County",4,73,20,11,9
050,08,079,"Colorado","Mineral County",4,74,14,9,5
050,08,079,"Colorado","Mineral County",4,75,12,8,4
050,08,079,"Colorado","Mineral County",4,76,14,6,8
050,08,079,"Colorado","Mineral County",4,77,10,3,7
050,08,079,"Colorado","Mineral County",4,78,8,2,6
050,08,079,"Colorado","Mineral County",4,79,6,3,3
050,08,079,"Colorado","Mineral County",4,80,5,2,3
050,08,079,"Colorado","Mineral County",4,81,7,3,4
050,08,079,"Colorado","Mineral County",4,82,8,4,4
050,08,079,"Colorado","Mineral County",4,83,4,1,3
050,08,079,"Colorado","Mineral County",4,84,2,2,0
050,08,079,"Colorado","Mineral County",4,85,21,13,8
050,08,079,"Colorado","Mineral County",5,0,7,4,3
050,08,079,"Colorado","Mineral County",5,1,9,5,4
050,08,079,"Colorado","Mineral County",5,2,4,3,1
050,08,079,"Colorado","Mineral County",5,3,5,3,2
050,08,079,"Colorado","Mineral County",5,4,8,5,3
050,08,079,"Colorado","Mineral County",5,5,8,5,3
050,08,079,"Colorado","Mineral County",5,6,5,4,1
050,08,079,"Colorado","Mineral County",5,7,8,1,7
050,08,079,"Colorado","Mineral County",5,8,8,3,5
050,08,079,"Colorado","Mineral County",5,9,7,4,3
050,08,079,"Colorado","Mineral County",5,10,12,7,5
050,08,079,"Colorado","Mineral County",5,11,5,3,2
050,08,079,"Colorado","Mineral County",5,12,7,4,3
050,08,079,"Colorado","Mineral County",5,13,9,3,6
050,08,079,"Colorado","Mineral County",5,14,2,2,0
050,08,079,"Colorado","Mineral County",5,15,8,2,6
050,08,079,"Colorado","Mineral County",5,16,6,4,2
050,08,079,"Colorado","Mineral County",5,17,7,5,2
050,08,079,"Colorado","Mineral County",5,18,6,5,1
050,08,079,"Colorado","Mineral County",5,19,8,6,2
050,08,079,"Colorado","Mineral County",5,20,8,6,2
050,08,079,"Colorado","Mineral County",5,21,10,5,5
050,08,079,"Colorado","Mineral County",5,22,7,5,2
050,08,079,"Colorado","Mineral County",5,23,4,4,0
050,08,079,"Colorado","Mineral County",5,24,5,0,5
050,08,079,"Colorado","Mineral County",5,25,8,4,4
050,08,079,"Colorado","Mineral County",5,26,4,1,3
050,08,079,"Colorado","Mineral County",5,27,9,8,1
050,08,079,"Colorado","Mineral County",5,28,4,2,2
050,08,079,"Colorado","Mineral County",5,29,5,2,3
050,08,079,"Colorado","Mineral County",5,30,10,5,5
050,08,079,"Colorado","Mineral County",5,31,9,5,4
050,08,079,"Colorado","Mineral County",5,32,10,5,5
050,08,079,"Colorado","Mineral County",5,33,21,13,8
050,08,079,"Colorado","Mineral County",5,34,9,4,5
050,08,079,"Colorado","Mineral County",5,35,14,10,4
050,08,079,"Colorado","Mineral County",5,36,12,8,4
050,08,079,"Colorado","Mineral County",5,37,14,9,5
050,08,079,"Colorado","Mineral County",5,38,10,2,8
050,08,079,"Colorado","Mineral County",5,39,14,4,10
050,08,079,"Colorado","Mineral County",5,40,16,6,10
050,08,079,"Colorado","Mineral County",5,41,19,11,8
050,08,079,"Colorado","Mineral County",5,42,14,7,7
050,08,079,"Colorado","Mineral County",5,43,7,5,2
050,08,079,"Colorado","Mineral County",5,44,10,6,4
050,08,079,"Colorado","Mineral County",5,45,12,5,7
050,08,079,"Colorado","Mineral County",5,46,14,8,6
050,08,079,"Colorado","Mineral County",5,47,9,5,4
050,08,079,"Colorado","Mineral County",5,48,10,8,2
050,08,079,"Colorado","Mineral County",5,49,13,4,9
050,08,079,"Colorado","Mineral County",5,50,11,4,7
050,08,079,"Colorado","Mineral County",5,51,12,6,6
050,08,079,"Colorado","Mineral County",5,52,20,11,9
050,08,079,"Colorado","Mineral County",5,53,13,8,5
050,08,079,"Colorado","Mineral County",5,54,14,10,4
050,08,079,"Colorado","Mineral County",5,55,12,6,6
050,08,079,"Colorado","Mineral County",5,56,9,6,3
050,08,079,"Colorado","Mineral County",5,57,10,7,3
050,08,079,"Colorado","Mineral County",5,58,13,2,11
050,08,079,"Colorado","Mineral County",5,59,18,5,13
050,08,079,"Colorado","Mineral County",5,60,13,8,5
050,08,079,"Colorado","Mineral County",5,61,21,10,11
050,08,079,"Colorado","Mineral County",5,62,13,4,9
050,08,079,"Colorado","Mineral County",5,63,19,12,7
050,08,079,"Colorado","Mineral County",5,64,15,5,10
050,08,079,"Colorado","Mineral County",5,65,21,8,13
050,08,079,"Colorado","Mineral County",5,66,16,5,11
050,08,079,"Colorado","Mineral County",5,67,12,4,8
050,08,079,"Colorado","Mineral County",5,68,21,10,11
050,08,079,"Colorado","Mineral County",5,69,22,12,10
050,08,079,"Colorado","Mineral County",5,70,23,13,10
050,08,079,"Colorado","Mineral County",5,71,17,11,6
050,08,079,"Colorado","Mineral County",5,72,19,10,9
050,08,079,"Colorado","Mineral County",5,73,21,11,10
050,08,079,"Colorado","Mineral County",5,74,16,10,6
050,08,079,"Colorado","Mineral County",5,75,13,9,4
050,08,079,"Colorado","Mineral County",5,76,12,8,4
050,08,079,"Colorado","Mineral County",5,77,13,5,8
050,08,079,"Colorado","Mineral County",5,78,10,3,7
050,08,079,"Colorado","Mineral County",5,79,8,2,6
050,08,079,"Colorado","Mineral County",5,80,5,2,3
050,08,079,"Colorado","Mineral County",5,81,4,2,2
050,08,079,"Colorado","Mineral County",5,82,6,3,3
050,08,079,"Colorado","Mineral County",5,83,6,2,4
050,08,079,"Colorado","Mineral County",5,84,1,1,0
050,08,079,"Colorado","Mineral County",5,85,15,11,4
050,08,081,"Colorado","Moffat County",1,0,154,79,75
050,08,081,"Colorado","Moffat County",1,1,151,76,75
050,08,081,"Colorado","Moffat County",1,2,164,82,82
050,08,081,"Colorado","Moffat County",1,3,168,83,85
050,08,081,"Colorado","Moffat County",1,4,203,99,104
050,08,081,"Colorado","Moffat County",1,5,198,87,111
050,08,081,"Colorado","Moffat County",1,6,214,108,106
050,08,081,"Colorado","Moffat County",1,7,188,95,93
050,08,081,"Colorado","Moffat County",1,8,179,87,92
050,08,081,"Colorado","Moffat County",1,9,192,93,99
050,08,081,"Colorado","Moffat County",1,10,203,113,90
050,08,081,"Colorado","Moffat County",1,11,186,106,80
050,08,081,"Colorado","Moffat County",1,12,198,105,93
050,08,081,"Colorado","Moffat County",1,13,209,119,90
050,08,081,"Colorado","Moffat County",1,14,194,113,81
050,08,081,"Colorado","Moffat County",1,15,180,102,78
050,08,081,"Colorado","Moffat County",1,16,196,98,98
050,08,081,"Colorado","Moffat County",1,17,179,94,85
050,08,081,"Colorado","Moffat County",1,18,164,77,87
050,08,081,"Colorado","Moffat County",1,19,142,76,66
050,08,081,"Colorado","Moffat County",1,20,140,84,56
050,08,081,"Colorado","Moffat County",1,21,130,64,66
050,08,081,"Colorado","Moffat County",1,22,146,75,71
050,08,081,"Colorado","Moffat County",1,23,144,76,68
050,08,081,"Colorado","Moffat County",1,24,151,79,72
050,08,081,"Colorado","Moffat County",1,25,157,83,74
050,08,081,"Colorado","Moffat County",1,26,157,75,82
050,08,081,"Colorado","Moffat County",1,27,158,75,83
050,08,081,"Colorado","Moffat County",1,28,156,78,78
050,08,081,"Colorado","Moffat County",1,29,169,93,76
050,08,081,"Colorado","Moffat County",1,30,177,87,90
050,08,081,"Colorado","Moffat County",1,31,170,78,92
050,08,081,"Colorado","Moffat County",1,32,155,72,83
050,08,081,"Colorado","Moffat County",1,33,178,93,85
050,08,081,"Colorado","Moffat County",1,34,176,102,74
050,08,081,"Colorado","Moffat County",1,35,178,94,84
050,08,081,"Colorado","Moffat County",1,36,183,106,77
050,08,081,"Colorado","Moffat County",1,37,190,108,82
050,08,081,"Colorado","Moffat County",1,38,191,103,88
050,08,081,"Colorado","Moffat County",1,39,171,101,70
050,08,081,"Colorado","Moffat County",1,40,162,92,70
050,08,081,"Colorado","Moffat County",1,41,167,94,73
050,08,081,"Colorado","Moffat County",1,42,163,84,79
050,08,081,"Colorado","Moffat County",1,43,160,82,78
050,08,081,"Colorado","Moffat County",1,44,170,84,86
050,08,081,"Colorado","Moffat County",1,45,149,71,78
050,08,081,"Colorado","Moffat County",1,46,143,73,70
050,08,081,"Colorado","Moffat County",1,47,135,60,75
050,08,081,"Colorado","Moffat County",1,48,143,69,74
050,08,081,"Colorado","Moffat County",1,49,176,93,83
050,08,081,"Colorado","Moffat County",1,50,160,84,76
050,08,081,"Colorado","Moffat County",1,51,158,81,77
050,08,081,"Colorado","Moffat County",1,52,152,85,67
050,08,081,"Colorado","Moffat County",1,53,144,74,70
050,08,081,"Colorado","Moffat County",1,54,156,77,79
050,08,081,"Colorado","Moffat County",1,55,178,94,84
050,08,081,"Colorado","Moffat County",1,56,192,109,83
050,08,081,"Colorado","Moffat County",1,57,195,108,87
050,08,081,"Colorado","Moffat County",1,58,199,99,100
050,08,081,"Colorado","Moffat County",1,59,191,100,91
050,08,081,"Colorado","Moffat County",1,60,177,91,86
050,08,081,"Colorado","Moffat County",1,61,181,94,87
050,08,081,"Colorado","Moffat County",1,62,190,101,89
050,08,081,"Colorado","Moffat County",1,63,210,104,106
050,08,081,"Colorado","Moffat County",1,64,173,90,83
050,08,081,"Colorado","Moffat County",1,65,157,81,76
050,08,081,"Colorado","Moffat County",1,66,177,104,73
050,08,081,"Colorado","Moffat County",1,67,164,85,79
050,08,081,"Colorado","Moffat County",1,68,144,78,66
050,08,081,"Colorado","Moffat County",1,69,141,76,65
050,08,081,"Colorado","Moffat County",1,70,134,64,70
050,08,081,"Colorado","Moffat County",1,71,123,60,63
050,08,081,"Colorado","Moffat County",1,72,126,66,60
050,08,081,"Colorado","Moffat County",1,73,108,56,52
050,08,081,"Colorado","Moffat County",1,74,70,37,33
050,08,081,"Colorado","Moffat County",1,75,84,39,45
050,08,081,"Colorado","Moffat County",1,76,74,35,39
050,08,081,"Colorado","Moffat County",1,77,84,48,36
050,08,081,"Colorado","Moffat County",1,78,71,33,38
050,08,081,"Colorado","Moffat County",1,79,58,29,29
050,08,081,"Colorado","Moffat County",1,80,60,29,31
050,08,081,"Colorado","Moffat County",1,81,41,20,21
050,08,081,"Colorado","Moffat County",1,82,37,20,17
050,08,081,"Colorado","Moffat County",1,83,28,16,12
050,08,081,"Colorado","Moffat County",1,84,26,13,13
050,08,081,"Colorado","Moffat County",1,85,225,71,154
050,08,081,"Colorado","Moffat County",2,0,147,71,76
050,08,081,"Colorado","Moffat County",2,1,150,75,75
050,08,081,"Colorado","Moffat County",2,2,158,79,79
050,08,081,"Colorado","Moffat County",2,3,166,82,84
050,08,081,"Colorado","Moffat County",2,4,195,95,100
050,08,081,"Colorado","Moffat County",2,5,198,89,109
050,08,081,"Colorado","Moffat County",2,6,211,105,106
050,08,081,"Colorado","Moffat County",2,7,190,96,94
050,08,081,"Colorado","Moffat County",2,8,180,87,93
050,08,081,"Colorado","Moffat County",2,9,188,91,97
050,08,081,"Colorado","Moffat County",2,10,200,109,91
050,08,081,"Colorado","Moffat County",2,11,189,107,82
050,08,081,"Colorado","Moffat County",2,12,197,106,91
050,08,081,"Colorado","Moffat County",2,13,204,115,89
050,08,081,"Colorado","Moffat County",2,14,197,115,82
050,08,081,"Colorado","Moffat County",2,15,186,105,81
050,08,081,"Colorado","Moffat County",2,16,194,100,94
050,08,081,"Colorado","Moffat County",2,17,184,95,89
050,08,081,"Colorado","Moffat County",2,18,158,77,81
050,08,081,"Colorado","Moffat County",2,19,139,73,66
050,08,081,"Colorado","Moffat County",2,20,142,82,60
050,08,081,"Colorado","Moffat County",2,21,130,67,63
050,08,081,"Colorado","Moffat County",2,22,143,73,70
050,08,081,"Colorado","Moffat County",2,23,144,76,68
050,08,081,"Colorado","Moffat County",2,24,153,81,72
050,08,081,"Colorado","Moffat County",2,25,159,82,77
050,08,081,"Colorado","Moffat County",2,26,161,78,83
050,08,081,"Colorado","Moffat County",2,27,157,76,81
050,08,081,"Colorado","Moffat County",2,28,154,75,79
050,08,081,"Colorado","Moffat County",2,29,168,89,79
050,08,081,"Colorado","Moffat County",2,30,174,87,87
050,08,081,"Colorado","Moffat County",2,31,171,81,90
050,08,081,"Colorado","Moffat County",2,32,157,73,84
050,08,081,"Colorado","Moffat County",2,33,172,88,84
050,08,081,"Colorado","Moffat County",2,34,176,100,76
050,08,081,"Colorado","Moffat County",2,35,178,98,80
050,08,081,"Colorado","Moffat County",2,36,181,103,78
050,08,081,"Colorado","Moffat County",2,37,186,105,81
050,08,081,"Colorado","Moffat County",2,38,193,107,86
050,08,081,"Colorado","Moffat County",2,39,175,101,74
050,08,081,"Colorado","Moffat County",2,40,166,95,71
050,08,081,"Colorado","Moffat County",2,41,166,92,74
050,08,081,"Colorado","Moffat County",2,42,164,86,78
050,08,081,"Colorado","Moffat County",2,43,161,82,79
050,08,081,"Colorado","Moffat County",2,44,165,82,83
050,08,081,"Colorado","Moffat County",2,45,153,73,80
050,08,081,"Colorado","Moffat County",2,46,141,70,71
050,08,081,"Colorado","Moffat County",2,47,137,63,74
050,08,081,"Colorado","Moffat County",2,48,142,67,75
050,08,081,"Colorado","Moffat County",2,49,172,89,83
050,08,081,"Colorado","Moffat County",2,50,164,86,78
050,08,081,"Colorado","Moffat County",2,51,155,80,75
050,08,081,"Colorado","Moffat County",2,52,153,83,70
050,08,081,"Colorado","Moffat County",2,53,146,78,68
050,08,081,"Colorado","Moffat County",2,54,153,76,77
050,08,081,"Colorado","Moffat County",2,55,172,90,82
050,08,081,"Colorado","Moffat County",2,56,190,105,85
050,08,081,"Colorado","Moffat County",2,57,193,108,85
050,08,081,"Colorado","Moffat County",2,58,197,102,95
050,08,081,"Colorado","Moffat County",2,59,192,99,93
050,08,081,"Colorado","Moffat County",2,60,179,91,88
050,08,081,"Colorado","Moffat County",2,61,177,94,83
050,08,081,"Colorado","Moffat County",2,62,188,98,90
050,08,081,"Colorado","Moffat County",2,63,206,104,102
050,08,081,"Colorado","Moffat County",2,64,180,93,87
050,08,081,"Colorado","Moffat County",2,65,161,83,78
050,08,081,"Colorado","Moffat County",2,66,172,99,73
050,08,081,"Colorado","Moffat County",2,67,163,86,77
050,08,081,"Colorado","Moffat County",2,68,148,80,68
050,08,081,"Colorado","Moffat County",2,69,143,77,66
050,08,081,"Colorado","Moffat County",2,70,135,67,68
050,08,081,"Colorado","Moffat County",2,71,124,61,63
050,08,081,"Colorado","Moffat County",2,72,122,62,60
050,08,081,"Colorado","Moffat County",2,73,118,62,56
050,08,081,"Colorado","Moffat County",2,74,74,38,36
050,08,081,"Colorado","Moffat County",2,75,80,38,42
050,08,081,"Colorado","Moffat County",2,76,78,36,42
050,08,081,"Colorado","Moffat County",2,77,82,46,36
050,08,081,"Colorado","Moffat County",2,78,72,35,37
050,08,081,"Colorado","Moffat County",2,79,60,29,31
050,08,081,"Colorado","Moffat County",2,80,57,27,30
050,08,081,"Colorado","Moffat County",2,81,42,20,22
050,08,081,"Colorado","Moffat County",2,82,38,20,18
050,08,081,"Colorado","Moffat County",2,83,31,17,14
050,08,081,"Colorado","Moffat County",2,84,27,14,13
050,08,081,"Colorado","Moffat County",2,85,225,72,153
050,08,081,"Colorado","Moffat County",3,0,148,76,72
050,08,081,"Colorado","Moffat County",3,1,147,61,86
050,08,081,"Colorado","Moffat County",3,2,150,79,71
050,08,081,"Colorado","Moffat County",3,3,138,73,65
050,08,081,"Colorado","Moffat County",3,4,166,80,86
050,08,081,"Colorado","Moffat County",3,5,185,92,93
050,08,081,"Colorado","Moffat County",3,6,192,83,109
050,08,081,"Colorado","Moffat County",3,7,205,104,101
050,08,081,"Colorado","Moffat County",3,8,200,101,99
050,08,081,"Colorado","Moffat County",3,9,181,96,85
050,08,081,"Colorado","Moffat County",3,10,189,95,94
050,08,081,"Colorado","Moffat County",3,11,197,107,90
050,08,081,"Colorado","Moffat County",3,12,191,109,82
050,08,081,"Colorado","Moffat County",3,13,190,102,88
050,08,081,"Colorado","Moffat County",3,14,195,106,89
050,08,081,"Colorado","Moffat County",3,15,198,118,80
050,08,081,"Colorado","Moffat County",3,16,191,104,87
050,08,081,"Colorado","Moffat County",3,17,200,106,94
050,08,081,"Colorado","Moffat County",3,18,155,85,70
050,08,081,"Colorado","Moffat County",3,19,119,57,62
050,08,081,"Colorado","Moffat County",3,20,144,77,67
050,08,081,"Colorado","Moffat County",3,21,147,78,69
050,08,081,"Colorado","Moffat County",3,22,146,75,71
050,08,081,"Colorado","Moffat County",3,23,162,78,84
050,08,081,"Colorado","Moffat County",3,24,148,80,68
050,08,081,"Colorado","Moffat County",3,25,151,80,71
050,08,081,"Colorado","Moffat County",3,26,151,81,70
050,08,081,"Colorado","Moffat County",3,27,161,76,85
050,08,081,"Colorado","Moffat County",3,28,146,74,72
050,08,081,"Colorado","Moffat County",3,29,156,79,77
050,08,081,"Colorado","Moffat County",3,30,169,81,88
050,08,081,"Colorado","Moffat County",3,31,182,91,91
050,08,081,"Colorado","Moffat County",3,32,154,73,81
050,08,081,"Colorado","Moffat County",3,33,162,80,82
050,08,081,"Colorado","Moffat County",3,34,183,97,86
050,08,081,"Colorado","Moffat County",3,35,181,103,78
050,08,081,"Colorado","Moffat County",3,36,179,101,78
050,08,081,"Colorado","Moffat County",3,37,184,101,83
050,08,081,"Colorado","Moffat County",3,38,196,112,84
050,08,081,"Colorado","Moffat County",3,39,183,94,89
050,08,081,"Colorado","Moffat County",3,40,169,102,67
050,08,081,"Colorado","Moffat County",3,41,169,93,76
050,08,081,"Colorado","Moffat County",3,42,158,95,63
050,08,081,"Colorado","Moffat County",3,43,163,84,79
050,08,081,"Colorado","Moffat County",3,44,168,85,83
050,08,081,"Colorado","Moffat County",3,45,166,85,81
050,08,081,"Colorado","Moffat County",3,46,149,72,77
050,08,081,"Colorado","Moffat County",3,47,141,72,69
050,08,081,"Colorado","Moffat County",3,48,134,60,74
050,08,081,"Colorado","Moffat County",3,49,147,72,75
050,08,081,"Colorado","Moffat County",3,50,170,86,84
050,08,081,"Colorado","Moffat County",3,51,157,84,73
050,08,081,"Colorado","Moffat County",3,52,159,77,82
050,08,081,"Colorado","Moffat County",3,53,152,80,72
050,08,081,"Colorado","Moffat County",3,54,142,75,67
050,08,081,"Colorado","Moffat County",3,55,158,81,77
050,08,081,"Colorado","Moffat County",3,56,167,85,82
050,08,081,"Colorado","Moffat County",3,57,182,99,83
050,08,081,"Colorado","Moffat County",3,58,195,112,83
050,08,081,"Colorado","Moffat County",3,59,193,102,91
050,08,081,"Colorado","Moffat County",3,60,191,100,91
050,08,081,"Colorado","Moffat County",3,61,178,92,86
050,08,081,"Colorado","Moffat County",3,62,169,85,84
050,08,081,"Colorado","Moffat County",3,63,176,93,83
050,08,081,"Colorado","Moffat County",3,64,199,102,97
050,08,081,"Colorado","Moffat County",3,65,181,92,89
050,08,081,"Colorado","Moffat County",3,66,153,79,74
050,08,081,"Colorado","Moffat County",3,67,170,99,71
050,08,081,"Colorado","Moffat County",3,68,158,84,74
050,08,081,"Colorado","Moffat County",3,69,145,77,68
050,08,081,"Colorado","Moffat County",3,70,140,75,65
050,08,081,"Colorado","Moffat County",3,71,130,64,66
050,08,081,"Colorado","Moffat County",3,72,112,55,57
050,08,081,"Colorado","Moffat County",3,73,118,63,55
050,08,081,"Colorado","Moffat County",3,74,110,55,55
050,08,081,"Colorado","Moffat County",3,75,66,35,31
050,08,081,"Colorado","Moffat County",3,76,78,35,43
050,08,081,"Colorado","Moffat County",3,77,75,37,38
050,08,081,"Colorado","Moffat County",3,78,79,44,35
050,08,081,"Colorado","Moffat County",3,79,66,30,36
050,08,081,"Colorado","Moffat County",3,80,54,22,32
050,08,081,"Colorado","Moffat County",3,81,47,22,25
050,08,081,"Colorado","Moffat County",3,82,38,16,22
050,08,081,"Colorado","Moffat County",3,83,31,16,15
050,08,081,"Colorado","Moffat County",3,84,30,18,12
050,08,081,"Colorado","Moffat County",3,85,210,71,139
050,08,081,"Colorado","Moffat County",4,0,132,70,62
050,08,081,"Colorado","Moffat County",4,1,145,74,71
050,08,081,"Colorado","Moffat County",4,2,139,58,81
050,08,081,"Colorado","Moffat County",4,3,145,74,71
050,08,081,"Colorado","Moffat County",4,4,145,77,68
050,08,081,"Colorado","Moffat County",4,5,175,88,87
050,08,081,"Colorado","Moffat County",4,6,184,90,94
050,08,081,"Colorado","Moffat County",4,7,199,84,115
050,08,081,"Colorado","Moffat County",4,8,208,109,99
050,08,081,"Colorado","Moffat County",4,9,205,103,102
050,08,081,"Colorado","Moffat County",4,10,181,93,88
050,08,081,"Colorado","Moffat County",4,11,207,102,105
050,08,081,"Colorado","Moffat County",4,12,196,104,92
050,08,081,"Colorado","Moffat County",4,13,204,119,85
050,08,081,"Colorado","Moffat County",4,14,206,108,98
050,08,081,"Colorado","Moffat County",4,15,196,104,92
050,08,081,"Colorado","Moffat County",4,16,191,113,78
050,08,081,"Colorado","Moffat County",4,17,193,103,90
050,08,081,"Colorado","Moffat County",4,18,179,99,80
050,08,081,"Colorado","Moffat County",4,19,122,66,56
050,08,081,"Colorado","Moffat County",4,20,121,59,62
050,08,081,"Colorado","Moffat County",4,21,146,78,68
050,08,081,"Colorado","Moffat County",4,22,163,85,78
050,08,081,"Colorado","Moffat County",4,23,154,76,78
050,08,081,"Colorado","Moffat County",4,24,165,77,88
050,08,081,"Colorado","Moffat County",4,25,152,85,67
050,08,081,"Colorado","Moffat County",4,26,143,75,68
050,08,081,"Colorado","Moffat County",4,27,148,83,65
050,08,081,"Colorado","Moffat County",4,28,152,79,73
050,08,081,"Colorado","Moffat County",4,29,151,74,77
050,08,081,"Colorado","Moffat County",4,30,151,71,80
050,08,081,"Colorado","Moffat County",4,31,177,84,93
050,08,081,"Colorado","Moffat County",4,32,172,88,84
050,08,081,"Colorado","Moffat County",4,33,149,71,78
050,08,081,"Colorado","Moffat County",4,34,167,83,84
050,08,081,"Colorado","Moffat County",4,35,196,104,92
050,08,081,"Colorado","Moffat County",4,36,184,106,78
050,08,081,"Colorado","Moffat County",4,37,183,95,88
050,08,081,"Colorado","Moffat County",4,38,202,109,93
050,08,081,"Colorado","Moffat County",4,39,188,107,81
050,08,081,"Colorado","Moffat County",4,40,185,95,90
050,08,081,"Colorado","Moffat County",4,41,163,99,64
050,08,081,"Colorado","Moffat County",4,42,175,99,76
050,08,081,"Colorado","Moffat County",4,43,156,90,66
050,08,081,"Colorado","Moffat County",4,44,160,82,78
050,08,081,"Colorado","Moffat County",4,45,164,85,79
050,08,081,"Colorado","Moffat County",4,46,167,88,79
050,08,081,"Colorado","Moffat County",4,47,155,73,82
050,08,081,"Colorado","Moffat County",4,48,141,74,67
050,08,081,"Colorado","Moffat County",4,49,140,63,77
050,08,081,"Colorado","Moffat County",4,50,150,70,80
050,08,081,"Colorado","Moffat County",4,51,169,87,82
050,08,081,"Colorado","Moffat County",4,52,152,81,71
050,08,081,"Colorado","Moffat County",4,53,158,79,79
050,08,081,"Colorado","Moffat County",4,54,153,79,74
050,08,081,"Colorado","Moffat County",4,55,141,74,67
050,08,081,"Colorado","Moffat County",4,56,170,83,87
050,08,081,"Colorado","Moffat County",4,57,162,84,78
050,08,081,"Colorado","Moffat County",4,58,179,98,81
050,08,081,"Colorado","Moffat County",4,59,184,105,79
050,08,081,"Colorado","Moffat County",4,60,189,104,85
050,08,081,"Colorado","Moffat County",4,61,186,102,84
050,08,081,"Colorado","Moffat County",4,62,176,87,89
050,08,081,"Colorado","Moffat County",4,63,166,84,82
050,08,081,"Colorado","Moffat County",4,64,176,92,84
050,08,081,"Colorado","Moffat County",4,65,193,98,95
050,08,081,"Colorado","Moffat County",4,66,179,92,87
050,08,081,"Colorado","Moffat County",4,67,147,72,75
050,08,081,"Colorado","Moffat County",4,68,160,89,71
050,08,081,"Colorado","Moffat County",4,69,151,80,71
050,08,081,"Colorado","Moffat County",4,70,148,79,69
050,08,081,"Colorado","Moffat County",4,71,136,73,63
050,08,081,"Colorado","Moffat County",4,72,125,63,62
050,08,081,"Colorado","Moffat County",4,73,114,55,59
050,08,081,"Colorado","Moffat County",4,74,111,53,58
050,08,081,"Colorado","Moffat County",4,75,102,56,46
050,08,081,"Colorado","Moffat County",4,76,61,33,28
050,08,081,"Colorado","Moffat County",4,77,70,34,36
050,08,081,"Colorado","Moffat County",4,78,70,33,37
050,08,081,"Colorado","Moffat County",4,79,70,39,31
050,08,081,"Colorado","Moffat County",4,80,66,30,36
050,08,081,"Colorado","Moffat County",4,81,51,20,31
050,08,081,"Colorado","Moffat County",4,82,44,21,23
050,08,081,"Colorado","Moffat County",4,83,39,17,22
050,08,081,"Colorado","Moffat County",4,84,26,14,12
050,08,081,"Colorado","Moffat County",4,85,209,82,127
050,08,081,"Colorado","Moffat County",5,0,135,72,63
050,08,081,"Colorado","Moffat County",5,1,139,74,65
050,08,081,"Colorado","Moffat County",5,2,161,84,77
050,08,081,"Colorado","Moffat County",5,3,140,61,79
050,08,081,"Colorado","Moffat County",5,4,155,82,73
050,08,081,"Colorado","Moffat County",5,5,147,82,65
050,08,081,"Colorado","Moffat County",5,6,181,92,89
050,08,081,"Colorado","Moffat County",5,7,192,93,99
050,08,081,"Colorado","Moffat County",5,8,197,89,108
050,08,081,"Colorado","Moffat County",5,9,205,110,95
050,08,081,"Colorado","Moffat County",5,10,218,109,109
050,08,081,"Colorado","Moffat County",5,11,167,83,84
050,08,081,"Colorado","Moffat County",5,12,214,107,107
050,08,081,"Colorado","Moffat County",5,13,204,108,96
050,08,081,"Colorado","Moffat County",5,14,200,118,82
050,08,081,"Colorado","Moffat County",5,15,196,101,95
050,08,081,"Colorado","Moffat County",5,16,204,114,90
050,08,081,"Colorado","Moffat County",5,17,193,112,81
050,08,081,"Colorado","Moffat County",5,18,157,89,68
050,08,081,"Colorado","Moffat County",5,19,141,79,62
050,08,081,"Colorado","Moffat County",5,20,126,67,59
050,08,081,"Colorado","Moffat County",5,21,117,58,59
050,08,081,"Colorado","Moffat County",5,22,159,81,78
050,08,081,"Colorado","Moffat County",5,23,188,99,89
050,08,081,"Colorado","Moffat County",5,24,148,81,67
050,08,081,"Colorado","Moffat County",5,25,167,79,88
050,08,081,"Colorado","Moffat County",5,26,146,84,62
050,08,081,"Colorado","Moffat County",5,27,163,90,73
050,08,081,"Colorado","Moffat County",5,28,164,91,73
050,08,081,"Colorado","Moffat County",5,29,160,83,77
050,08,081,"Colorado","Moffat County",5,30,143,70,73
050,08,081,"Colorado","Moffat County",5,31,154,71,83
050,08,081,"Colorado","Moffat County",5,32,188,88,100
050,08,081,"Colorado","Moffat County",5,33,179,93,86
050,08,081,"Colorado","Moffat County",5,34,159,79,80
050,08,081,"Colorado","Moffat County",5,35,174,89,85
050,08,081,"Colorado","Moffat County",5,36,200,111,89
050,08,081,"Colorado","Moffat County",5,37,182,104,78
050,08,081,"Colorado","Moffat County",5,38,177,96,81
050,08,081,"Colorado","Moffat County",5,39,203,106,97
050,08,081,"Colorado","Moffat County",5,40,178,98,80
050,08,081,"Colorado","Moffat County",5,41,188,95,93
050,08,081,"Colorado","Moffat County",5,42,172,102,70
050,08,081,"Colorado","Moffat County",5,43,177,103,74
050,08,081,"Colorado","Moffat County",5,44,157,92,65
050,08,081,"Colorado","Moffat County",5,45,161,91,70
050,08,081,"Colorado","Moffat County",5,46,159,85,74
050,08,081,"Colorado","Moffat County",5,47,173,90,83
050,08,081,"Colorado","Moffat County",5,48,149,71,78
050,08,081,"Colorado","Moffat County",5,49,146,72,74
050,08,081,"Colorado","Moffat County",5,50,137,59,78
050,08,081,"Colorado","Moffat County",5,51,154,75,79
050,08,081,"Colorado","Moffat County",5,52,171,88,83
050,08,081,"Colorado","Moffat County",5,53,160,79,81
050,08,081,"Colorado","Moffat County",5,54,154,79,75
050,08,081,"Colorado","Moffat County",5,55,155,81,74
050,08,081,"Colorado","Moffat County",5,56,141,76,65
050,08,081,"Colorado","Moffat County",5,57,162,75,87
050,08,081,"Colorado","Moffat County",5,58,170,86,84
050,08,081,"Colorado","Moffat County",5,59,184,99,85
050,08,081,"Colorado","Moffat County",5,60,192,110,82
050,08,081,"Colorado","Moffat County",5,61,193,107,86
050,08,081,"Colorado","Moffat County",5,62,179,95,84
050,08,081,"Colorado","Moffat County",5,63,174,85,89
050,08,081,"Colorado","Moffat County",5,64,158,79,79
050,08,081,"Colorado","Moffat County",5,65,166,89,77
050,08,081,"Colorado","Moffat County",5,66,193,98,95
050,08,081,"Colorado","Moffat County",5,67,176,90,86
050,08,081,"Colorado","Moffat County",5,68,145,73,72
050,08,081,"Colorado","Moffat County",5,69,154,85,69
050,08,081,"Colorado","Moffat County",5,70,149,77,72
050,08,081,"Colorado","Moffat County",5,71,139,77,62
050,08,081,"Colorado","Moffat County",5,72,132,70,62
050,08,081,"Colorado","Moffat County",5,73,122,64,58
050,08,081,"Colorado","Moffat County",5,74,107,49,58
050,08,081,"Colorado","Moffat County",5,75,106,53,53
050,08,081,"Colorado","Moffat County",5,76,101,56,45
050,08,081,"Colorado","Moffat County",5,77,53,31,22
050,08,081,"Colorado","Moffat County",5,78,67,31,36
050,08,081,"Colorado","Moffat County",5,79,64,30,34
050,08,081,"Colorado","Moffat County",5,80,66,35,31
050,08,081,"Colorado","Moffat County",5,81,61,28,33
050,08,081,"Colorado","Moffat County",5,82,49,20,29
050,08,081,"Colorado","Moffat County",5,83,43,20,23
050,08,081,"Colorado","Moffat County",5,84,31,15,16
050,08,081,"Colorado","Moffat County",5,85,216,92,124
050,08,083,"Colorado","Montezuma County",1,0,240,123,117
050,08,083,"Colorado","Montezuma County",1,1,242,121,121
050,08,083,"Colorado","Montezuma County",1,2,274,146,128
050,08,083,"Colorado","Montezuma County",1,3,246,129,117
050,08,083,"Colorado","Montezuma County",1,4,291,150,141
050,08,083,"Colorado","Montezuma County",1,5,313,155,158
050,08,083,"Colorado","Montezuma County",1,6,318,168,150
050,08,083,"Colorado","Montezuma County",1,7,318,148,170
050,08,083,"Colorado","Montezuma County",1,8,303,161,142
050,08,083,"Colorado","Montezuma County",1,9,313,159,154
050,08,083,"Colorado","Montezuma County",1,10,350,189,161
050,08,083,"Colorado","Montezuma County",1,11,348,184,164
050,08,083,"Colorado","Montezuma County",1,12,354,176,178
050,08,083,"Colorado","Montezuma County",1,13,350,182,168
050,08,083,"Colorado","Montezuma County",1,14,310,163,147
050,08,083,"Colorado","Montezuma County",1,15,306,158,148
050,08,083,"Colorado","Montezuma County",1,16,315,160,155
050,08,083,"Colorado","Montezuma County",1,17,329,160,169
050,08,083,"Colorado","Montezuma County",1,18,295,150,145
050,08,083,"Colorado","Montezuma County",1,19,238,129,109
050,08,083,"Colorado","Montezuma County",1,20,226,128,98
050,08,083,"Colorado","Montezuma County",1,21,220,115,105
050,08,083,"Colorado","Montezuma County",1,22,244,123,121
050,08,083,"Colorado","Montezuma County",1,23,234,130,104
050,08,083,"Colorado","Montezuma County",1,24,246,127,119
050,08,083,"Colorado","Montezuma County",1,25,248,143,105
050,08,083,"Colorado","Montezuma County",1,26,269,149,120
050,08,083,"Colorado","Montezuma County",1,27,300,151,149
050,08,083,"Colorado","Montezuma County",1,28,274,127,147
050,08,083,"Colorado","Montezuma County",1,29,263,113,150
050,08,083,"Colorado","Montezuma County",1,30,294,142,152
050,08,083,"Colorado","Montezuma County",1,31,282,145,137
050,08,083,"Colorado","Montezuma County",1,32,312,156,156
050,08,083,"Colorado","Montezuma County",1,33,313,162,151
050,08,083,"Colorado","Montezuma County",1,34,311,167,144
050,08,083,"Colorado","Montezuma County",1,35,314,156,158
050,08,083,"Colorado","Montezuma County",1,36,299,149,150
050,08,083,"Colorado","Montezuma County",1,37,299,146,153
050,08,083,"Colorado","Montezuma County",1,38,292,152,140
050,08,083,"Colorado","Montezuma County",1,39,295,156,139
050,08,083,"Colorado","Montezuma County",1,40,307,165,142
050,08,083,"Colorado","Montezuma County",1,41,307,154,153
050,08,083,"Colorado","Montezuma County",1,42,277,125,152
050,08,083,"Colorado","Montezuma County",1,43,260,128,132
050,08,083,"Colorado","Montezuma County",1,44,263,137,126
050,08,083,"Colorado","Montezuma County",1,45,270,138,132
050,08,083,"Colorado","Montezuma County",1,46,274,137,137
050,08,083,"Colorado","Montezuma County",1,47,272,140,132
050,08,083,"Colorado","Montezuma County",1,48,283,142,141
050,08,083,"Colorado","Montezuma County",1,49,294,147,147
050,08,083,"Colorado","Montezuma County",1,50,296,146,150
050,08,083,"Colorado","Montezuma County",1,51,304,149,155
050,08,083,"Colorado","Montezuma County",1,52,291,136,155
050,08,083,"Colorado","Montezuma County",1,53,271,120,151
050,08,083,"Colorado","Montezuma County",1,54,311,146,165
050,08,083,"Colorado","Montezuma County",1,55,324,161,163
050,08,083,"Colorado","Montezuma County",1,56,346,167,179
050,08,083,"Colorado","Montezuma County",1,57,335,148,187
050,08,083,"Colorado","Montezuma County",1,58,391,189,202
050,08,083,"Colorado","Montezuma County",1,59,419,220,199
050,08,083,"Colorado","Montezuma County",1,60,438,206,232
050,08,083,"Colorado","Montezuma County",1,61,419,202,217
050,08,083,"Colorado","Montezuma County",1,62,417,188,229
050,08,083,"Colorado","Montezuma County",1,63,443,199,244
050,08,083,"Colorado","Montezuma County",1,64,447,221,226
050,08,083,"Colorado","Montezuma County",1,65,462,235,227
050,08,083,"Colorado","Montezuma County",1,66,460,214,246
050,08,083,"Colorado","Montezuma County",1,67,417,205,212
050,08,083,"Colorado","Montezuma County",1,68,416,204,212
050,08,083,"Colorado","Montezuma County",1,69,396,193,203
050,08,083,"Colorado","Montezuma County",1,70,390,193,197
050,08,083,"Colorado","Montezuma County",1,71,355,181,174
050,08,083,"Colorado","Montezuma County",1,72,366,178,188
050,08,083,"Colorado","Montezuma County",1,73,348,183,165
050,08,083,"Colorado","Montezuma County",1,74,247,122,125
050,08,083,"Colorado","Montezuma County",1,75,241,125,116
050,08,083,"Colorado","Montezuma County",1,76,219,107,112
050,08,083,"Colorado","Montezuma County",1,77,205,91,114
050,08,083,"Colorado","Montezuma County",1,78,182,88,94
050,08,083,"Colorado","Montezuma County",1,79,170,88,82
050,08,083,"Colorado","Montezuma County",1,80,144,76,68
050,08,083,"Colorado","Montezuma County",1,81,132,74,58
050,08,083,"Colorado","Montezuma County",1,82,123,61,62
050,08,083,"Colorado","Montezuma County",1,83,103,48,55
050,08,083,"Colorado","Montezuma County",1,84,87,36,51
050,08,083,"Colorado","Montezuma County",1,85,539,226,313
050,08,083,"Colorado","Montezuma County",2,0,245,121,124
050,08,083,"Colorado","Montezuma County",2,1,246,123,123
050,08,083,"Colorado","Montezuma County",2,2,266,139,127
050,08,083,"Colorado","Montezuma County",2,3,250,133,117
050,08,083,"Colorado","Montezuma County",2,4,280,146,134
050,08,083,"Colorado","Montezuma County",2,5,310,155,155
050,08,083,"Colorado","Montezuma County",2,6,313,162,151
050,08,083,"Colorado","Montezuma County",2,7,316,152,164
050,08,083,"Colorado","Montezuma County",2,8,302,156,146
050,08,083,"Colorado","Montezuma County",2,9,308,159,149
050,08,083,"Colorado","Montezuma County",2,10,341,181,160
050,08,083,"Colorado","Montezuma County",2,11,349,185,164
050,08,083,"Colorado","Montezuma County",2,12,353,178,175
050,08,083,"Colorado","Montezuma County",2,13,348,179,169
050,08,083,"Colorado","Montezuma County",2,14,321,169,152
050,08,083,"Colorado","Montezuma County",2,15,310,160,150
050,08,083,"Colorado","Montezuma County",2,16,315,159,156
050,08,083,"Colorado","Montezuma County",2,17,325,160,165
050,08,083,"Colorado","Montezuma County",2,18,289,146,143
050,08,083,"Colorado","Montezuma County",2,19,239,128,111
050,08,083,"Colorado","Montezuma County",2,20,232,131,101
050,08,083,"Colorado","Montezuma County",2,21,224,119,105
050,08,083,"Colorado","Montezuma County",2,22,241,123,118
050,08,083,"Colorado","Montezuma County",2,23,240,132,108
050,08,083,"Colorado","Montezuma County",2,24,246,131,115
050,08,083,"Colorado","Montezuma County",2,25,250,141,109
050,08,083,"Colorado","Montezuma County",2,26,266,149,117
050,08,083,"Colorado","Montezuma County",2,27,291,149,142
050,08,083,"Colorado","Montezuma County",2,28,280,133,147
050,08,083,"Colorado","Montezuma County",2,29,267,117,150
050,08,083,"Colorado","Montezuma County",2,30,289,137,152
050,08,083,"Colorado","Montezuma County",2,31,283,144,139
050,08,083,"Colorado","Montezuma County",2,32,304,151,153
050,08,083,"Colorado","Montezuma County",2,33,315,161,154
050,08,083,"Colorado","Montezuma County",2,34,313,167,146
050,08,083,"Colorado","Montezuma County",2,35,314,157,157
050,08,083,"Colorado","Montezuma County",2,36,304,149,155
050,08,083,"Colorado","Montezuma County",2,37,302,149,153
050,08,083,"Colorado","Montezuma County",2,38,296,154,142
050,08,083,"Colorado","Montezuma County",2,39,291,154,137
050,08,083,"Colorado","Montezuma County",2,40,310,166,144
050,08,083,"Colorado","Montezuma County",2,41,304,157,147
050,08,083,"Colorado","Montezuma County",2,42,281,130,151
050,08,083,"Colorado","Montezuma County",2,43,266,128,138
050,08,083,"Colorado","Montezuma County",2,44,260,135,125
050,08,083,"Colorado","Montezuma County",2,45,271,140,131
050,08,083,"Colorado","Montezuma County",2,46,270,135,135
050,08,083,"Colorado","Montezuma County",2,47,271,138,133
050,08,083,"Colorado","Montezuma County",2,48,281,143,138
050,08,083,"Colorado","Montezuma County",2,49,289,143,146
050,08,083,"Colorado","Montezuma County",2,50,297,146,151
050,08,083,"Colorado","Montezuma County",2,51,301,146,155
050,08,083,"Colorado","Montezuma County",2,52,292,137,155
050,08,083,"Colorado","Montezuma County",2,53,277,125,152
050,08,083,"Colorado","Montezuma County",2,54,302,139,163
050,08,083,"Colorado","Montezuma County",2,55,322,156,166
050,08,083,"Colorado","Montezuma County",2,56,346,168,178
050,08,083,"Colorado","Montezuma County",2,57,339,153,186
050,08,083,"Colorado","Montezuma County",2,58,376,179,197
050,08,083,"Colorado","Montezuma County",2,59,416,214,202
050,08,083,"Colorado","Montezuma County",2,60,433,209,224
050,08,083,"Colorado","Montezuma County",2,61,422,201,221
050,08,083,"Colorado","Montezuma County",2,62,421,192,229
050,08,083,"Colorado","Montezuma County",2,63,444,199,245
050,08,083,"Colorado","Montezuma County",2,64,446,215,231
050,08,083,"Colorado","Montezuma County",2,65,460,233,227
050,08,083,"Colorado","Montezuma County",2,66,463,220,243
050,08,083,"Colorado","Montezuma County",2,67,429,209,220
050,08,083,"Colorado","Montezuma County",2,68,414,204,210
050,08,083,"Colorado","Montezuma County",2,69,403,196,207
050,08,083,"Colorado","Montezuma County",2,70,392,194,198
050,08,083,"Colorado","Montezuma County",2,71,366,184,182
050,08,083,"Colorado","Montezuma County",2,72,357,175,182
050,08,083,"Colorado","Montezuma County",2,73,373,192,181
050,08,083,"Colorado","Montezuma County",2,74,255,128,127
050,08,083,"Colorado","Montezuma County",2,75,244,124,120
050,08,083,"Colorado","Montezuma County",2,76,221,109,112
050,08,083,"Colorado","Montezuma County",2,77,213,96,117
050,08,083,"Colorado","Montezuma County",2,78,179,86,93
050,08,083,"Colorado","Montezuma County",2,79,171,85,86
050,08,083,"Colorado","Montezuma County",2,80,150,79,71
050,08,083,"Colorado","Montezuma County",2,81,134,75,59
050,08,083,"Colorado","Montezuma County",2,82,119,58,61
050,08,083,"Colorado","Montezuma County",2,83,106,51,55
050,08,083,"Colorado","Montezuma County",2,84,89,38,51
050,08,083,"Colorado","Montezuma County",2,85,538,222,316
050,08,083,"Colorado","Montezuma County",3,0,261,136,125
050,08,083,"Colorado","Montezuma County",3,1,264,137,127
050,08,083,"Colorado","Montezuma County",3,2,243,127,116
050,08,083,"Colorado","Montezuma County",3,3,281,140,141
050,08,083,"Colorado","Montezuma County",3,4,255,137,118
050,08,083,"Colorado","Montezuma County",3,5,291,154,137
050,08,083,"Colorado","Montezuma County",3,6,315,152,163
050,08,083,"Colorado","Montezuma County",3,7,328,171,157
050,08,083,"Colorado","Montezuma County",3,8,317,150,167
050,08,083,"Colorado","Montezuma County",3,9,306,153,153
050,08,083,"Colorado","Montezuma County",3,10,310,161,149
050,08,083,"Colorado","Montezuma County",3,11,340,184,156
050,08,083,"Colorado","Montezuma County",3,12,347,185,162
050,08,083,"Colorado","Montezuma County",3,13,354,184,170
050,08,083,"Colorado","Montezuma County",3,14,354,178,176
050,08,083,"Colorado","Montezuma County",3,15,321,166,155
050,08,083,"Colorado","Montezuma County",3,16,309,158,151
050,08,083,"Colorado","Montezuma County",3,17,318,166,152
050,08,083,"Colorado","Montezuma County",3,18,288,153,135
050,08,083,"Colorado","Montezuma County",3,19,248,122,126
050,08,083,"Colorado","Montezuma County",3,20,247,136,111
050,08,083,"Colorado","Montezuma County",3,21,245,140,105
050,08,083,"Colorado","Montezuma County",3,22,241,122,119
050,08,083,"Colorado","Montezuma County",3,23,257,136,121
050,08,083,"Colorado","Montezuma County",3,24,248,131,117
050,08,083,"Colorado","Montezuma County",3,25,257,141,116
050,08,083,"Colorado","Montezuma County",3,26,243,131,112
050,08,083,"Colorado","Montezuma County",3,27,277,150,127
050,08,083,"Colorado","Montezuma County",3,28,304,157,147
050,08,083,"Colorado","Montezuma County",3,29,306,146,160
050,08,083,"Colorado","Montezuma County",3,30,274,115,159
050,08,083,"Colorado","Montezuma County",3,31,285,143,142
050,08,083,"Colorado","Montezuma County",3,32,307,163,144
050,08,083,"Colorado","Montezuma County",3,33,319,156,163
050,08,083,"Colorado","Montezuma County",3,34,320,168,152
050,08,083,"Colorado","Montezuma County",3,35,321,173,148
050,08,083,"Colorado","Montezuma County",3,36,313,156,157
050,08,083,"Colorado","Montezuma County",3,37,308,154,154
050,08,083,"Colorado","Montezuma County",3,38,316,158,158
050,08,083,"Colorado","Montezuma County",3,39,307,156,151
050,08,083,"Colorado","Montezuma County",3,40,300,162,138
050,08,083,"Colorado","Montezuma County",3,41,319,170,149
050,08,083,"Colorado","Montezuma County",3,42,309,156,153
050,08,083,"Colorado","Montezuma County",3,43,295,141,154
050,08,083,"Colorado","Montezuma County",3,44,268,131,137
050,08,083,"Colorado","Montezuma County",3,45,270,142,128
050,08,083,"Colorado","Montezuma County",3,46,277,141,136
050,08,083,"Colorado","Montezuma County",3,47,266,141,125
050,08,083,"Colorado","Montezuma County",3,48,277,135,142
050,08,083,"Colorado","Montezuma County",3,49,286,141,145
050,08,083,"Colorado","Montezuma County",3,50,293,146,147
050,08,083,"Colorado","Montezuma County",3,51,296,146,150
050,08,083,"Colorado","Montezuma County",3,52,315,150,165
050,08,083,"Colorado","Montezuma County",3,53,304,143,161
050,08,083,"Colorado","Montezuma County",3,54,287,127,160
050,08,083,"Colorado","Montezuma County",3,55,298,142,156
050,08,083,"Colorado","Montezuma County",3,56,322,159,163
050,08,083,"Colorado","Montezuma County",3,57,345,168,177
050,08,083,"Colorado","Montezuma County",3,58,342,159,183
050,08,083,"Colorado","Montezuma County",3,59,386,181,205
050,08,083,"Colorado","Montezuma County",3,60,421,211,210
050,08,083,"Colorado","Montezuma County",3,61,438,219,219
050,08,083,"Colorado","Montezuma County",3,62,413,199,214
050,08,083,"Colorado","Montezuma County",3,63,433,201,232
050,08,083,"Colorado","Montezuma County",3,64,443,198,245
050,08,083,"Colorado","Montezuma County",3,65,453,215,238
050,08,083,"Colorado","Montezuma County",3,66,453,235,218
050,08,083,"Colorado","Montezuma County",3,67,470,219,251
050,08,083,"Colorado","Montezuma County",3,68,435,214,221
050,08,083,"Colorado","Montezuma County",3,69,402,195,207
050,08,083,"Colorado","Montezuma County",3,70,402,193,209
050,08,083,"Colorado","Montezuma County",3,71,374,182,192
050,08,083,"Colorado","Montezuma County",3,72,364,177,187
050,08,083,"Colorado","Montezuma County",3,73,352,171,181
050,08,083,"Colorado","Montezuma County",3,74,364,186,178
050,08,083,"Colorado","Montezuma County",3,75,244,121,123
050,08,083,"Colorado","Montezuma County",3,76,230,120,110
050,08,083,"Colorado","Montezuma County",3,77,205,100,105
050,08,083,"Colorado","Montezuma County",3,78,200,95,105
050,08,083,"Colorado","Montezuma County",3,79,167,74,93
050,08,083,"Colorado","Montezuma County",3,80,167,82,85
050,08,083,"Colorado","Montezuma County",3,81,139,70,69
050,08,083,"Colorado","Montezuma County",3,82,125,68,57
050,08,083,"Colorado","Montezuma County",3,83,110,54,56
050,08,083,"Colorado","Montezuma County",3,84,101,46,55
050,08,083,"Colorado","Montezuma County",3,85,529,214,315
050,08,083,"Colorado","Montezuma County",4,0,241,111,130
050,08,083,"Colorado","Montezuma County",4,1,257,140,117
050,08,083,"Colorado","Montezuma County",4,2,271,139,132
050,08,083,"Colorado","Montezuma County",4,3,258,138,120
050,08,083,"Colorado","Montezuma County",4,4,288,146,142
050,08,083,"Colorado","Montezuma County",4,5,254,141,113
050,08,083,"Colorado","Montezuma County",4,6,309,162,147
050,08,083,"Colorado","Montezuma County",4,7,308,152,156
050,08,083,"Colorado","Montezuma County",4,8,333,178,155
050,08,083,"Colorado","Montezuma County",4,9,310,152,158
050,08,083,"Colorado","Montezuma County",4,10,311,162,149
050,08,083,"Colorado","Montezuma County",4,11,330,173,157
050,08,083,"Colorado","Montezuma County",4,12,347,187,160
050,08,083,"Colorado","Montezuma County",4,13,354,194,160
050,08,083,"Colorado","Montezuma County",4,14,349,173,176
050,08,083,"Colorado","Montezuma County",4,15,367,182,185
050,08,083,"Colorado","Montezuma County",4,16,323,167,156
050,08,083,"Colorado","Montezuma County",4,17,318,164,154
050,08,083,"Colorado","Montezuma County",4,18,289,155,134
050,08,083,"Colorado","Montezuma County",4,19,235,128,107
050,08,083,"Colorado","Montezuma County",4,20,233,108,125
050,08,083,"Colorado","Montezuma County",4,21,234,124,110
050,08,083,"Colorado","Montezuma County",4,22,248,139,109
050,08,083,"Colorado","Montezuma County",4,23,239,119,120
050,08,083,"Colorado","Montezuma County",4,24,257,127,130
050,08,083,"Colorado","Montezuma County",4,25,248,130,118
050,08,083,"Colorado","Montezuma County",4,26,265,140,125
050,08,083,"Colorado","Montezuma County",4,27,248,133,115
050,08,083,"Colorado","Montezuma County",4,28,280,143,137
050,08,083,"Colorado","Montezuma County",4,29,308,167,141
050,08,083,"Colorado","Montezuma County",4,30,331,154,177
050,08,083,"Colorado","Montezuma County",4,31,280,123,157
050,08,083,"Colorado","Montezuma County",4,32,284,144,140
050,08,083,"Colorado","Montezuma County",4,33,327,176,151
050,08,083,"Colorado","Montezuma County",4,34,340,165,175
050,08,083,"Colorado","Montezuma County",4,35,328,175,153
050,08,083,"Colorado","Montezuma County",4,36,330,171,159
050,08,083,"Colorado","Montezuma County",4,37,315,154,161
050,08,083,"Colorado","Montezuma County",4,38,322,160,162
050,08,083,"Colorado","Montezuma County",4,39,327,167,160
050,08,083,"Colorado","Montezuma County",4,40,327,170,157
050,08,083,"Colorado","Montezuma County",4,41,305,170,135
050,08,083,"Colorado","Montezuma County",4,42,328,171,157
050,08,083,"Colorado","Montezuma County",4,43,308,153,155
050,08,083,"Colorado","Montezuma County",4,44,296,138,158
050,08,083,"Colorado","Montezuma County",4,45,281,134,147
050,08,083,"Colorado","Montezuma County",4,46,270,143,127
050,08,083,"Colorado","Montezuma County",4,47,276,144,132
050,08,083,"Colorado","Montezuma County",4,48,276,140,136
050,08,083,"Colorado","Montezuma County",4,49,279,133,146
050,08,083,"Colorado","Montezuma County",4,50,293,144,149
050,08,083,"Colorado","Montezuma County",4,51,290,149,141
050,08,083,"Colorado","Montezuma County",4,52,296,144,152
050,08,083,"Colorado","Montezuma County",4,53,321,152,169
050,08,083,"Colorado","Montezuma County",4,54,308,146,162
050,08,083,"Colorado","Montezuma County",4,55,290,132,158
050,08,083,"Colorado","Montezuma County",4,56,307,151,156
050,08,083,"Colorado","Montezuma County",4,57,321,155,166
050,08,083,"Colorado","Montezuma County",4,58,349,165,184
050,08,083,"Colorado","Montezuma County",4,59,339,162,177
050,08,083,"Colorado","Montezuma County",4,60,390,184,206
050,08,083,"Colorado","Montezuma County",4,61,452,225,227
050,08,083,"Colorado","Montezuma County",4,62,431,214,217
050,08,083,"Colorado","Montezuma County",4,63,406,184,222
050,08,083,"Colorado","Montezuma County",4,64,433,201,232
050,08,083,"Colorado","Montezuma County",4,65,442,193,249
050,08,083,"Colorado","Montezuma County",4,66,461,219,242
050,08,083,"Colorado","Montezuma County",4,67,462,242,220
050,08,083,"Colorado","Montezuma County",4,68,460,220,240
050,08,083,"Colorado","Montezuma County",4,69,422,210,212
050,08,083,"Colorado","Montezuma County",4,70,402,194,208
050,08,083,"Colorado","Montezuma County",4,71,391,184,207
050,08,083,"Colorado","Montezuma County",4,72,378,184,194
050,08,083,"Colorado","Montezuma County",4,73,358,173,185
050,08,083,"Colorado","Montezuma County",4,74,344,167,177
050,08,083,"Colorado","Montezuma County",4,75,354,180,174
050,08,083,"Colorado","Montezuma County",4,76,231,113,118
050,08,083,"Colorado","Montezuma County",4,77,217,111,106
050,08,083,"Colorado","Montezuma County",4,78,203,102,101
050,08,083,"Colorado","Montezuma County",4,79,186,82,104
050,08,083,"Colorado","Montezuma County",4,80,155,65,90
050,08,083,"Colorado","Montezuma County",4,81,151,71,80
050,08,083,"Colorado","Montezuma County",4,82,137,66,71
050,08,083,"Colorado","Montezuma County",4,83,110,64,46
050,08,083,"Colorado","Montezuma County",4,84,106,50,56
050,08,083,"Colorado","Montezuma County",4,85,529,223,306
050,08,083,"Colorado","Montezuma County",5,0,238,110,128
050,08,083,"Colorado","Montezuma County",5,1,236,106,130
050,08,083,"Colorado","Montezuma County",5,2,250,129,121
050,08,083,"Colorado","Montezuma County",5,3,268,135,133
050,08,083,"Colorado","Montezuma County",5,4,268,145,123
050,08,083,"Colorado","Montezuma County",5,5,300,144,156
050,08,083,"Colorado","Montezuma County",5,6,260,148,112
050,08,083,"Colorado","Montezuma County",5,7,313,166,147
050,08,083,"Colorado","Montezuma County",5,8,319,162,157
050,08,083,"Colorado","Montezuma County",5,9,343,187,156
050,08,083,"Colorado","Montezuma County",5,10,323,163,160
050,08,083,"Colorado","Montezuma County",5,11,319,162,157
050,08,083,"Colorado","Montezuma County",5,12,332,168,164
050,08,083,"Colorado","Montezuma County",5,13,353,192,161
050,08,083,"Colorado","Montezuma County",5,14,346,185,161
050,08,083,"Colorado","Montezuma County",5,15,348,174,174
050,08,083,"Colorado","Montezuma County",5,16,361,183,178
050,08,083,"Colorado","Montezuma County",5,17,322,164,158
050,08,083,"Colorado","Montezuma County",5,18,278,146,132
050,08,083,"Colorado","Montezuma County",5,19,229,120,109
050,08,083,"Colorado","Montezuma County",5,20,243,129,114
050,08,083,"Colorado","Montezuma County",5,21,236,112,124
050,08,083,"Colorado","Montezuma County",5,22,242,130,112
050,08,083,"Colorado","Montezuma County",5,23,231,130,101
050,08,083,"Colorado","Montezuma County",5,24,236,115,121
050,08,083,"Colorado","Montezuma County",5,25,267,133,134
050,08,083,"Colorado","Montezuma County",5,26,260,136,124
050,08,083,"Colorado","Montezuma County",5,27,259,135,124
050,08,083,"Colorado","Montezuma County",5,28,264,145,119
050,08,083,"Colorado","Montezuma County",5,29,303,158,145
050,08,083,"Colorado","Montezuma County",5,30,318,173,145
050,08,083,"Colorado","Montezuma County",5,31,322,157,165
050,08,083,"Colorado","Montezuma County",5,32,278,120,158
050,08,083,"Colorado","Montezuma County",5,33,297,151,146
050,08,083,"Colorado","Montezuma County",5,34,319,169,150
050,08,083,"Colorado","Montezuma County",5,35,335,165,170
050,08,083,"Colorado","Montezuma County",5,36,336,179,157
050,08,083,"Colorado","Montezuma County",5,37,334,165,169
050,08,083,"Colorado","Montezuma County",5,38,320,148,172
050,08,083,"Colorado","Montezuma County",5,39,339,173,166
050,08,083,"Colorado","Montezuma County",5,40,331,164,167
050,08,083,"Colorado","Montezuma County",5,41,338,176,162
050,08,083,"Colorado","Montezuma County",5,42,314,170,144
050,08,083,"Colorado","Montezuma County",5,43,334,178,156
050,08,083,"Colorado","Montezuma County",5,44,312,150,162
050,08,083,"Colorado","Montezuma County",5,45,299,139,160
050,08,083,"Colorado","Montezuma County",5,46,278,132,146
050,08,083,"Colorado","Montezuma County",5,47,276,147,129
050,08,083,"Colorado","Montezuma County",5,48,268,138,130
050,08,083,"Colorado","Montezuma County",5,49,272,135,137
050,08,083,"Colorado","Montezuma County",5,50,289,137,152
050,08,083,"Colorado","Montezuma County",5,51,291,147,144
050,08,083,"Colorado","Montezuma County",5,52,298,151,147
050,08,083,"Colorado","Montezuma County",5,53,290,141,149
050,08,083,"Colorado","Montezuma County",5,54,334,155,179
050,08,083,"Colorado","Montezuma County",5,55,302,144,158
050,08,083,"Colorado","Montezuma County",5,56,292,134,158
050,08,083,"Colorado","Montezuma County",5,57,291,139,152
050,08,083,"Colorado","Montezuma County",5,58,322,160,162
050,08,083,"Colorado","Montezuma County",5,59,363,172,191
050,08,083,"Colorado","Montezuma County",5,60,344,157,187
050,08,083,"Colorado","Montezuma County",5,61,384,178,206
050,08,083,"Colorado","Montezuma County",5,62,458,228,230
050,08,083,"Colorado","Montezuma County",5,63,438,214,224
050,08,083,"Colorado","Montezuma County",5,64,403,182,221
050,08,083,"Colorado","Montezuma County",5,65,427,203,224
050,08,083,"Colorado","Montezuma County",5,66,445,195,250
050,08,083,"Colorado","Montezuma County",5,67,450,210,240
050,08,083,"Colorado","Montezuma County",5,68,460,243,217
050,08,083,"Colorado","Montezuma County",5,69,439,207,232
050,08,083,"Colorado","Montezuma County",5,70,418,206,212
050,08,083,"Colorado","Montezuma County",5,71,396,190,206
050,08,083,"Colorado","Montezuma County",5,72,388,183,205
050,08,083,"Colorado","Montezuma County",5,73,366,173,193
050,08,083,"Colorado","Montezuma County",5,74,352,168,184
050,08,083,"Colorado","Montezuma County",5,75,333,162,171
050,08,083,"Colorado","Montezuma County",5,76,335,169,166
050,08,083,"Colorado","Montezuma County",5,77,219,110,109
050,08,083,"Colorado","Montezuma County",5,78,200,106,94
050,08,083,"Colorado","Montezuma County",5,79,192,93,99
050,08,083,"Colorado","Montezuma County",5,80,173,75,98
050,08,083,"Colorado","Montezuma County",5,81,142,59,83
050,08,083,"Colorado","Montezuma County",5,82,139,65,74
050,08,083,"Colorado","Montezuma County",5,83,124,62,62
050,08,083,"Colorado","Montezuma County",5,84,107,60,47
050,08,083,"Colorado","Montezuma County",5,85,560,243,317
050,08,085,"Colorado","Montrose County",1,0,390,199,191
050,08,085,"Colorado","Montrose County",1,1,402,195,207
050,08,085,"Colorado","Montrose County",1,2,432,219,213
050,08,085,"Colorado","Montrose County",1,3,475,245,230
050,08,085,"Colorado","Montrose County",1,4,456,238,218
050,08,085,"Colorado","Montrose County",1,5,495,245,250
050,08,085,"Colorado","Montrose County",1,6,519,272,247
050,08,085,"Colorado","Montrose County",1,7,523,278,245
050,08,085,"Colorado","Montrose County",1,8,487,232,255
050,08,085,"Colorado","Montrose County",1,9,531,280,251
050,08,085,"Colorado","Montrose County",1,10,547,295,252
050,08,085,"Colorado","Montrose County",1,11,553,282,271
050,08,085,"Colorado","Montrose County",1,12,569,289,280
050,08,085,"Colorado","Montrose County",1,13,542,264,278
050,08,085,"Colorado","Montrose County",1,14,552,266,286
050,08,085,"Colorado","Montrose County",1,15,508,248,260
050,08,085,"Colorado","Montrose County",1,16,536,283,253
050,08,085,"Colorado","Montrose County",1,17,517,286,231
050,08,085,"Colorado","Montrose County",1,18,498,264,234
050,08,085,"Colorado","Montrose County",1,19,385,197,188
050,08,085,"Colorado","Montrose County",1,20,385,202,183
050,08,085,"Colorado","Montrose County",1,21,395,209,186
050,08,085,"Colorado","Montrose County",1,22,432,239,193
050,08,085,"Colorado","Montrose County",1,23,440,225,215
050,08,085,"Colorado","Montrose County",1,24,418,222,196
050,08,085,"Colorado","Montrose County",1,25,404,204,200
050,08,085,"Colorado","Montrose County",1,26,409,213,196
050,08,085,"Colorado","Montrose County",1,27,426,232,194
050,08,085,"Colorado","Montrose County",1,28,417,213,204
050,08,085,"Colorado","Montrose County",1,29,428,205,223
050,08,085,"Colorado","Montrose County",1,30,405,196,209
050,08,085,"Colorado","Montrose County",1,31,408,203,205
050,08,085,"Colorado","Montrose County",1,32,445,221,224
050,08,085,"Colorado","Montrose County",1,33,453,220,233
050,08,085,"Colorado","Montrose County",1,34,492,252,240
050,08,085,"Colorado","Montrose County",1,35,516,268,248
050,08,085,"Colorado","Montrose County",1,36,506,262,244
050,08,085,"Colorado","Montrose County",1,37,517,264,253
050,08,085,"Colorado","Montrose County",1,38,533,282,251
050,08,085,"Colorado","Montrose County",1,39,512,254,258
050,08,085,"Colorado","Montrose County",1,40,510,245,265
050,08,085,"Colorado","Montrose County",1,41,469,239,230
050,08,085,"Colorado","Montrose County",1,42,489,246,243
050,08,085,"Colorado","Montrose County",1,43,444,196,248
050,08,085,"Colorado","Montrose County",1,44,427,186,241
050,08,085,"Colorado","Montrose County",1,45,433,217,216
050,08,085,"Colorado","Montrose County",1,46,425,226,199
050,08,085,"Colorado","Montrose County",1,47,442,224,218
050,08,085,"Colorado","Montrose County",1,48,456,243,213
050,08,085,"Colorado","Montrose County",1,49,519,259,260
050,08,085,"Colorado","Montrose County",1,50,515,245,270
050,08,085,"Colorado","Montrose County",1,51,477,238,239
050,08,085,"Colorado","Montrose County",1,52,469,247,222
050,08,085,"Colorado","Montrose County",1,53,478,249,229
050,08,085,"Colorado","Montrose County",1,54,513,236,277
050,08,085,"Colorado","Montrose County",1,55,569,267,302
050,08,085,"Colorado","Montrose County",1,56,562,282,280
050,08,085,"Colorado","Montrose County",1,57,560,271,289
050,08,085,"Colorado","Montrose County",1,58,635,314,321
050,08,085,"Colorado","Montrose County",1,59,651,330,321
050,08,085,"Colorado","Montrose County",1,60,642,313,329
050,08,085,"Colorado","Montrose County",1,61,677,311,366
050,08,085,"Colorado","Montrose County",1,62,690,337,353
050,08,085,"Colorado","Montrose County",1,63,687,325,362
050,08,085,"Colorado","Montrose County",1,64,684,339,345
050,08,085,"Colorado","Montrose County",1,65,672,331,341
050,08,085,"Colorado","Montrose County",1,66,694,335,359
050,08,085,"Colorado","Montrose County",1,67,683,321,362
050,08,085,"Colorado","Montrose County",1,68,653,305,348
050,08,085,"Colorado","Montrose County",1,69,621,312,309
050,08,085,"Colorado","Montrose County",1,70,569,290,279
050,08,085,"Colorado","Montrose County",1,71,549,290,259
050,08,085,"Colorado","Montrose County",1,72,573,286,287
050,08,085,"Colorado","Montrose County",1,73,608,292,316
050,08,085,"Colorado","Montrose County",1,74,430,207,223
050,08,085,"Colorado","Montrose County",1,75,415,204,211
050,08,085,"Colorado","Montrose County",1,76,395,201,194
050,08,085,"Colorado","Montrose County",1,77,390,187,203
050,08,085,"Colorado","Montrose County",1,78,361,172,189
050,08,085,"Colorado","Montrose County",1,79,308,146,162
050,08,085,"Colorado","Montrose County",1,80,296,137,159
050,08,085,"Colorado","Montrose County",1,81,291,125,166
050,08,085,"Colorado","Montrose County",1,82,263,123,140
050,08,085,"Colorado","Montrose County",1,83,227,106,121
050,08,085,"Colorado","Montrose County",1,84,184,94,90
050,08,085,"Colorado","Montrose County",1,85,1214,419,795
050,08,085,"Colorado","Montrose County",2,0,391,197,194
050,08,085,"Colorado","Montrose County",2,1,401,198,203
050,08,085,"Colorado","Montrose County",2,2,428,215,213
050,08,085,"Colorado","Montrose County",2,3,464,238,226
050,08,085,"Colorado","Montrose County",2,4,463,238,225
050,08,085,"Colorado","Montrose County",2,5,484,244,240
050,08,085,"Colorado","Montrose County",2,6,516,268,248
050,08,085,"Colorado","Montrose County",2,7,516,273,243
050,08,085,"Colorado","Montrose County",2,8,497,245,252
050,08,085,"Colorado","Montrose County",2,9,524,272,252
050,08,085,"Colorado","Montrose County",2,10,548,293,255
050,08,085,"Colorado","Montrose County",2,11,551,286,265
050,08,085,"Colorado","Montrose County",2,12,571,291,280
050,08,085,"Colorado","Montrose County",2,13,548,270,278
050,08,085,"Colorado","Montrose County",2,14,548,263,285
050,08,085,"Colorado","Montrose County",2,15,519,252,267
050,08,085,"Colorado","Montrose County",2,16,530,276,254
050,08,085,"Colorado","Montrose County",2,17,522,284,238
050,08,085,"Colorado","Montrose County",2,18,481,258,223
050,08,085,"Colorado","Montrose County",2,19,393,204,189
050,08,085,"Colorado","Montrose County",2,20,393,206,187
050,08,085,"Colorado","Montrose County",2,21,393,209,184
050,08,085,"Colorado","Montrose County",2,22,426,232,194
050,08,085,"Colorado","Montrose County",2,23,445,232,213
050,08,085,"Colorado","Montrose County",2,24,425,222,203
050,08,085,"Colorado","Montrose County",2,25,408,207,201
050,08,085,"Colorado","Montrose County",2,26,417,214,203
050,08,085,"Colorado","Montrose County",2,27,422,227,195
050,08,085,"Colorado","Montrose County",2,28,421,218,203
050,08,085,"Colorado","Montrose County",2,29,431,209,222
050,08,085,"Colorado","Montrose County",2,30,415,200,215
050,08,085,"Colorado","Montrose County",2,31,408,202,206
050,08,085,"Colorado","Montrose County",2,32,436,216,220
050,08,085,"Colorado","Montrose County",2,33,454,221,233
050,08,085,"Colorado","Montrose County",2,34,486,247,239
050,08,085,"Colorado","Montrose County",2,35,514,266,248
050,08,085,"Colorado","Montrose County",2,36,504,262,242
050,08,085,"Colorado","Montrose County",2,37,519,266,253
050,08,085,"Colorado","Montrose County",2,38,534,281,253
050,08,085,"Colorado","Montrose County",2,39,520,262,258
050,08,085,"Colorado","Montrose County",2,40,515,248,267
050,08,085,"Colorado","Montrose County",2,41,479,241,238
050,08,085,"Colorado","Montrose County",2,42,482,245,237
050,08,085,"Colorado","Montrose County",2,43,453,207,246
050,08,085,"Colorado","Montrose County",2,44,426,187,239
050,08,085,"Colorado","Montrose County",2,45,437,212,225
050,08,085,"Colorado","Montrose County",2,46,430,226,204
050,08,085,"Colorado","Montrose County",2,47,439,224,215
050,08,085,"Colorado","Montrose County",2,48,455,241,214
050,08,085,"Colorado","Montrose County",2,49,505,256,249
050,08,085,"Colorado","Montrose County",2,50,517,247,270
050,08,085,"Colorado","Montrose County",2,51,488,241,247
050,08,085,"Colorado","Montrose County",2,52,474,247,227
050,08,085,"Colorado","Montrose County",2,53,480,252,228
050,08,085,"Colorado","Montrose County",2,54,508,241,267
050,08,085,"Colorado","Montrose County",2,55,557,260,297
050,08,085,"Colorado","Montrose County",2,56,568,280,288
050,08,085,"Colorado","Montrose County",2,57,570,278,292
050,08,085,"Colorado","Montrose County",2,58,620,304,316
050,08,085,"Colorado","Montrose County",2,59,654,329,325
050,08,085,"Colorado","Montrose County",2,60,651,320,331
050,08,085,"Colorado","Montrose County",2,61,669,311,358
050,08,085,"Colorado","Montrose County",2,62,689,330,359
050,08,085,"Colorado","Montrose County",2,63,696,334,362
050,08,085,"Colorado","Montrose County",2,64,684,335,349
050,08,085,"Colorado","Montrose County",2,65,680,337,343
050,08,085,"Colorado","Montrose County",2,66,696,336,360
050,08,085,"Colorado","Montrose County",2,67,688,326,362
050,08,085,"Colorado","Montrose County",2,68,663,311,352
050,08,085,"Colorado","Montrose County",2,69,636,315,321
050,08,085,"Colorado","Montrose County",2,70,580,295,285
050,08,085,"Colorado","Montrose County",2,71,557,292,265
050,08,085,"Colorado","Montrose County",2,72,560,282,278
050,08,085,"Colorado","Montrose County",2,73,626,304,322
050,08,085,"Colorado","Montrose County",2,74,441,212,229
050,08,085,"Colorado","Montrose County",2,75,417,203,214
050,08,085,"Colorado","Montrose County",2,76,392,197,195
050,08,085,"Colorado","Montrose County",2,77,401,194,207
050,08,085,"Colorado","Montrose County",2,78,360,174,186
050,08,085,"Colorado","Montrose County",2,79,315,148,167
050,08,085,"Colorado","Montrose County",2,80,300,139,161
050,08,085,"Colorado","Montrose County",2,81,289,125,164
050,08,085,"Colorado","Montrose County",2,82,269,123,146
050,08,085,"Colorado","Montrose County",2,83,234,109,125
050,08,085,"Colorado","Montrose County",2,84,190,96,94
050,08,085,"Colorado","Montrose County",2,85,1212,420,792
050,08,085,"Colorado","Montrose County",3,0,373,190,183
050,08,085,"Colorado","Montrose County",3,1,405,206,199
050,08,085,"Colorado","Montrose County",3,2,403,201,202
050,08,085,"Colorado","Montrose County",3,3,439,221,218
050,08,085,"Colorado","Montrose County",3,4,460,239,221
050,08,085,"Colorado","Montrose County",3,5,472,245,227
050,08,085,"Colorado","Montrose County",3,6,490,256,234
050,08,085,"Colorado","Montrose County",3,7,507,264,243
050,08,085,"Colorado","Montrose County",3,8,520,281,239
050,08,085,"Colorado","Montrose County",3,9,507,250,257
050,08,085,"Colorado","Montrose County",3,10,528,269,259
050,08,085,"Colorado","Montrose County",3,11,547,282,265
050,08,085,"Colorado","Montrose County",3,12,539,282,257
050,08,085,"Colorado","Montrose County",3,13,549,271,278
050,08,085,"Colorado","Montrose County",3,14,540,262,278
050,08,085,"Colorado","Montrose County",3,15,553,265,288
050,08,085,"Colorado","Montrose County",3,16,522,249,273
050,08,085,"Colorado","Montrose County",3,17,516,267,249
050,08,085,"Colorado","Montrose County",3,18,460,259,201
050,08,085,"Colorado","Montrose County",3,19,406,216,190
050,08,085,"Colorado","Montrose County",3,20,400,213,187
050,08,085,"Colorado","Montrose County",3,21,407,215,192
050,08,085,"Colorado","Montrose County",3,22,410,216,194
050,08,085,"Colorado","Montrose County",3,23,428,229,199
050,08,085,"Colorado","Montrose County",3,24,450,231,219
050,08,085,"Colorado","Montrose County",3,25,417,218,199
050,08,085,"Colorado","Montrose County",3,26,415,214,201
050,08,085,"Colorado","Montrose County",3,27,414,234,180
050,08,085,"Colorado","Montrose County",3,28,443,242,201
050,08,085,"Colorado","Montrose County",3,29,437,229,208
050,08,085,"Colorado","Montrose County",3,30,448,219,229
050,08,085,"Colorado","Montrose County",3,31,438,206,232
050,08,085,"Colorado","Montrose County",3,32,407,207,200
050,08,085,"Colorado","Montrose County",3,33,441,210,231
050,08,085,"Colorado","Montrose County",3,34,463,229,234
050,08,085,"Colorado","Montrose County",3,35,502,252,250
050,08,085,"Colorado","Montrose County",3,36,551,286,265
050,08,085,"Colorado","Montrose County",3,37,518,260,258
050,08,085,"Colorado","Montrose County",3,38,522,272,250
050,08,085,"Colorado","Montrose County",3,39,548,286,262
050,08,085,"Colorado","Montrose County",3,40,529,268,261
050,08,085,"Colorado","Montrose County",3,41,515,243,272
050,08,085,"Colorado","Montrose County",3,42,501,260,241
050,08,085,"Colorado","Montrose County",3,43,487,247,240
050,08,085,"Colorado","Montrose County",3,44,450,208,242
050,08,085,"Colorado","Montrose County",3,45,432,203,229
050,08,085,"Colorado","Montrose County",3,46,447,215,232
050,08,085,"Colorado","Montrose County",3,47,455,240,215
050,08,085,"Colorado","Montrose County",3,48,436,222,214
050,08,085,"Colorado","Montrose County",3,49,441,231,210
050,08,085,"Colorado","Montrose County",3,50,525,270,255
050,08,085,"Colorado","Montrose County",3,51,512,244,268
050,08,085,"Colorado","Montrose County",3,52,487,236,251
050,08,085,"Colorado","Montrose County",3,53,480,249,231
050,08,085,"Colorado","Montrose County",3,54,487,257,230
050,08,085,"Colorado","Montrose County",3,55,503,243,260
050,08,085,"Colorado","Montrose County",3,56,558,256,302
050,08,085,"Colorado","Montrose County",3,57,593,290,303
050,08,085,"Colorado","Montrose County",3,58,583,275,308
050,08,085,"Colorado","Montrose County",3,59,609,305,304
050,08,085,"Colorado","Montrose County",3,60,671,333,338
050,08,085,"Colorado","Montrose County",3,61,663,327,336
050,08,085,"Colorado","Montrose County",3,62,692,312,380
050,08,085,"Colorado","Montrose County",3,63,715,342,373
050,08,085,"Colorado","Montrose County",3,64,726,338,388
050,08,085,"Colorado","Montrose County",3,65,692,348,344
050,08,085,"Colorado","Montrose County",3,66,690,340,350
050,08,085,"Colorado","Montrose County",3,67,709,340,369
050,08,085,"Colorado","Montrose County",3,68,697,327,370
050,08,085,"Colorado","Montrose County",3,69,666,316,350
050,08,085,"Colorado","Montrose County",3,70,632,314,318
050,08,085,"Colorado","Montrose County",3,71,575,291,284
050,08,085,"Colorado","Montrose County",3,72,569,297,272
050,08,085,"Colorado","Montrose County",3,73,551,274,277
050,08,085,"Colorado","Montrose County",3,74,615,301,314
050,08,085,"Colorado","Montrose County",3,75,446,213,233
050,08,085,"Colorado","Montrose County",3,76,404,190,214
050,08,085,"Colorado","Montrose County",3,77,389,195,194
050,08,085,"Colorado","Montrose County",3,78,383,191,192
050,08,085,"Colorado","Montrose County",3,79,349,166,183
050,08,085,"Colorado","Montrose County",3,80,310,145,165
050,08,085,"Colorado","Montrose County",3,81,269,118,151
050,08,085,"Colorado","Montrose County",3,82,270,119,151
050,08,085,"Colorado","Montrose County",3,83,263,118,145
050,08,085,"Colorado","Montrose County",3,84,221,101,120
050,08,085,"Colorado","Montrose County",3,85,1244,447,797
050,08,085,"Colorado","Montrose County",4,0,388,204,184
050,08,085,"Colorado","Montrose County",4,1,363,186,177
050,08,085,"Colorado","Montrose County",4,2,409,204,205
050,08,085,"Colorado","Montrose County",4,3,420,203,217
050,08,085,"Colorado","Montrose County",4,4,449,225,224
050,08,085,"Colorado","Montrose County",4,5,477,242,235
050,08,085,"Colorado","Montrose County",4,6,484,262,222
050,08,085,"Colorado","Montrose County",4,7,495,247,248
050,08,085,"Colorado","Montrose County",4,8,502,266,236
050,08,085,"Colorado","Montrose County",4,9,537,291,246
050,08,085,"Colorado","Montrose County",4,10,502,250,252
050,08,085,"Colorado","Montrose County",4,11,528,271,257
050,08,085,"Colorado","Montrose County",4,12,565,293,272
050,08,085,"Colorado","Montrose County",4,13,535,279,256
050,08,085,"Colorado","Montrose County",4,14,558,270,288
050,08,085,"Colorado","Montrose County",4,15,545,269,276
050,08,085,"Colorado","Montrose County",4,16,567,278,289
050,08,085,"Colorado","Montrose County",4,17,522,243,279
050,08,085,"Colorado","Montrose County",4,18,458,248,210
050,08,085,"Colorado","Montrose County",4,19,387,222,165
050,08,085,"Colorado","Montrose County",4,20,420,224,196
050,08,085,"Colorado","Montrose County",4,21,406,218,188
050,08,085,"Colorado","Montrose County",4,22,416,220,196
050,08,085,"Colorado","Montrose County",4,23,430,229,201
050,08,085,"Colorado","Montrose County",4,24,424,220,204
050,08,085,"Colorado","Montrose County",4,25,452,236,216
050,08,085,"Colorado","Montrose County",4,26,454,242,212
050,08,085,"Colorado","Montrose County",4,27,396,207,189
050,08,085,"Colorado","Montrose County",4,28,419,226,193
050,08,085,"Colorado","Montrose County",4,29,456,238,218
050,08,085,"Colorado","Montrose County",4,30,477,258,219
050,08,085,"Colorado","Montrose County",4,31,461,226,235
050,08,085,"Colorado","Montrose County",4,32,444,209,235
050,08,085,"Colorado","Montrose County",4,33,438,221,217
050,08,085,"Colorado","Montrose County",4,34,464,231,233
050,08,085,"Colorado","Montrose County",4,35,480,233,247
050,08,085,"Colorado","Montrose County",4,36,531,279,252
050,08,085,"Colorado","Montrose County",4,37,547,281,266
050,08,085,"Colorado","Montrose County",4,38,517,262,255
050,08,085,"Colorado","Montrose County",4,39,529,273,256
050,08,085,"Colorado","Montrose County",4,40,541,278,263
050,08,085,"Colorado","Montrose County",4,41,533,262,271
050,08,085,"Colorado","Montrose County",4,42,552,272,280
050,08,085,"Colorado","Montrose County",4,43,505,261,244
050,08,085,"Colorado","Montrose County",4,44,498,259,239
050,08,085,"Colorado","Montrose County",4,45,457,206,251
050,08,085,"Colorado","Montrose County",4,46,436,209,227
050,08,085,"Colorado","Montrose County",4,47,448,218,230
050,08,085,"Colorado","Montrose County",4,48,458,241,217
050,08,085,"Colorado","Montrose County",4,49,442,231,211
050,08,085,"Colorado","Montrose County",4,50,460,250,210
050,08,085,"Colorado","Montrose County",4,51,541,279,262
050,08,085,"Colorado","Montrose County",4,52,517,242,275
050,08,085,"Colorado","Montrose County",4,53,496,240,256
050,08,085,"Colorado","Montrose County",4,54,485,253,232
050,08,085,"Colorado","Montrose County",4,55,491,258,233
050,08,085,"Colorado","Montrose County",4,56,515,242,273
050,08,085,"Colorado","Montrose County",4,57,565,265,300
050,08,085,"Colorado","Montrose County",4,58,600,291,309
050,08,085,"Colorado","Montrose County",4,59,597,278,319
050,08,085,"Colorado","Montrose County",4,60,653,319,334
050,08,085,"Colorado","Montrose County",4,61,681,332,349
050,08,085,"Colorado","Montrose County",4,62,686,340,346
050,08,085,"Colorado","Montrose County",4,63,714,327,387
050,08,085,"Colorado","Montrose County",4,64,723,337,386
050,08,085,"Colorado","Montrose County",4,65,741,341,400
050,08,085,"Colorado","Montrose County",4,66,717,363,354
050,08,085,"Colorado","Montrose County",4,67,698,340,358
050,08,085,"Colorado","Montrose County",4,68,738,359,379
050,08,085,"Colorado","Montrose County",4,69,692,327,365
050,08,085,"Colorado","Montrose County",4,70,665,315,350
050,08,085,"Colorado","Montrose County",4,71,631,321,310
050,08,085,"Colorado","Montrose County",4,72,592,294,298
050,08,085,"Colorado","Montrose County",4,73,565,285,280
050,08,085,"Colorado","Montrose County",4,74,530,264,266
050,08,085,"Colorado","Montrose County",4,75,608,300,308
050,08,085,"Colorado","Montrose County",4,76,434,201,233
050,08,085,"Colorado","Montrose County",4,77,401,186,215
050,08,085,"Colorado","Montrose County",4,78,372,194,178
050,08,085,"Colorado","Montrose County",4,79,358,177,181
050,08,085,"Colorado","Montrose County",4,80,342,169,173
050,08,085,"Colorado","Montrose County",4,81,285,121,164
050,08,085,"Colorado","Montrose County",4,82,251,110,141
050,08,085,"Colorado","Montrose County",4,83,240,104,136
050,08,085,"Colorado","Montrose County",4,84,233,104,129
050,08,085,"Colorado","Montrose County",4,85,1268,470,798
050,08,085,"Colorado","Montrose County",5,0,385,203,182
050,08,085,"Colorado","Montrose County",5,1,414,214,200
050,08,085,"Colorado","Montrose County",5,2,385,195,190
050,08,085,"Colorado","Montrose County",5,3,428,209,219
050,08,085,"Colorado","Montrose County",5,4,437,222,215
050,08,085,"Colorado","Montrose County",5,5,442,221,221
050,08,085,"Colorado","Montrose County",5,6,474,239,235
050,08,085,"Colorado","Montrose County",5,7,489,258,231
050,08,085,"Colorado","Montrose County",5,8,506,256,250
050,08,085,"Colorado","Montrose County",5,9,499,263,236
050,08,085,"Colorado","Montrose County",5,10,547,292,255
050,08,085,"Colorado","Montrose County",5,11,502,256,246
050,08,085,"Colorado","Montrose County",5,12,531,272,259
050,08,085,"Colorado","Montrose County",5,13,563,290,273
050,08,085,"Colorado","Montrose County",5,14,542,282,260
050,08,085,"Colorado","Montrose County",5,15,563,272,291
050,08,085,"Colorado","Montrose County",5,16,532,258,274
050,08,085,"Colorado","Montrose County",5,17,554,275,279
050,08,085,"Colorado","Montrose County",5,18,451,221,230
050,08,085,"Colorado","Montrose County",5,19,397,221,176
050,08,085,"Colorado","Montrose County",5,20,409,232,177
050,08,085,"Colorado","Montrose County",5,21,429,224,205
050,08,085,"Colorado","Montrose County",5,22,427,228,199
050,08,085,"Colorado","Montrose County",5,23,440,238,202
050,08,085,"Colorado","Montrose County",5,24,425,222,203
050,08,085,"Colorado","Montrose County",5,25,426,221,205
050,08,085,"Colorado","Montrose County",5,26,454,233,221
050,08,085,"Colorado","Montrose County",5,27,439,224,215
050,08,085,"Colorado","Montrose County",5,28,390,210,180
050,08,085,"Colorado","Montrose County",5,29,445,233,212
050,08,085,"Colorado","Montrose County",5,30,469,244,225
050,08,085,"Colorado","Montrose County",5,31,485,261,224
050,08,085,"Colorado","Montrose County",5,32,486,249,237
050,08,085,"Colorado","Montrose County",5,33,458,222,236
050,08,085,"Colorado","Montrose County",5,34,467,235,232
050,08,085,"Colorado","Montrose County",5,35,476,241,235
050,08,085,"Colorado","Montrose County",5,36,491,233,258
050,08,085,"Colorado","Montrose County",5,37,545,292,253
050,08,085,"Colorado","Montrose County",5,38,564,303,261
050,08,085,"Colorado","Montrose County",5,39,510,259,251
050,08,085,"Colorado","Montrose County",5,40,541,264,277
050,08,085,"Colorado","Montrose County",5,41,553,285,268
050,08,085,"Colorado","Montrose County",5,42,573,298,275
050,08,085,"Colorado","Montrose County",5,43,550,270,280
050,08,085,"Colorado","Montrose County",5,44,508,267,241
050,08,085,"Colorado","Montrose County",5,45,504,264,240
050,08,085,"Colorado","Montrose County",5,46,455,205,250
050,08,085,"Colorado","Montrose County",5,47,447,211,236
050,08,085,"Colorado","Montrose County",5,48,462,230,232
050,08,085,"Colorado","Montrose County",5,49,471,255,216
050,08,085,"Colorado","Montrose County",5,50,454,241,213
050,08,085,"Colorado","Montrose County",5,51,467,249,218
050,08,085,"Colorado","Montrose County",5,52,574,296,278
050,08,085,"Colorado","Montrose County",5,53,528,248,280
050,08,085,"Colorado","Montrose County",5,54,496,242,254
050,08,085,"Colorado","Montrose County",5,55,488,259,229
050,08,085,"Colorado","Montrose County",5,56,482,249,233
050,08,085,"Colorado","Montrose County",5,57,514,247,267
050,08,085,"Colorado","Montrose County",5,58,569,264,305
050,08,085,"Colorado","Montrose County",5,59,616,299,317
050,08,085,"Colorado","Montrose County",5,60,606,287,319
050,08,085,"Colorado","Montrose County",5,61,647,316,331
050,08,085,"Colorado","Montrose County",5,62,673,324,349
050,08,085,"Colorado","Montrose County",5,63,700,348,352
050,08,085,"Colorado","Montrose County",5,64,724,330,394
050,08,085,"Colorado","Montrose County",5,65,731,341,390
050,08,085,"Colorado","Montrose County",5,66,733,337,396
050,08,085,"Colorado","Montrose County",5,67,712,363,349
050,08,085,"Colorado","Montrose County",5,68,707,345,362
050,08,085,"Colorado","Montrose County",5,69,711,343,368
050,08,085,"Colorado","Montrose County",5,70,682,322,360
050,08,085,"Colorado","Montrose County",5,71,656,312,344
050,08,085,"Colorado","Montrose County",5,72,632,318,314
050,08,085,"Colorado","Montrose County",5,73,559,270,289
050,08,085,"Colorado","Montrose County",5,74,544,277,267
050,08,085,"Colorado","Montrose County",5,75,526,259,267
050,08,085,"Colorado","Montrose County",5,76,589,283,306
050,08,085,"Colorado","Montrose County",5,77,423,191,232
050,08,085,"Colorado","Montrose County",5,78,390,182,208
050,08,085,"Colorado","Montrose County",5,79,365,188,177
050,08,085,"Colorado","Montrose County",5,80,353,177,176
050,08,085,"Colorado","Montrose County",5,81,317,147,170
050,08,085,"Colorado","Montrose County",5,82,264,111,153
050,08,085,"Colorado","Montrose County",5,83,233,98,135
050,08,085,"Colorado","Montrose County",5,84,222,98,124
050,08,085,"Colorado","Montrose County",5,85,1329,501,828
050,08,087,"Colorado","Morgan County",1,0,414,207,207
050,08,087,"Colorado","Morgan County",1,1,414,205,209
050,08,087,"Colorado","Morgan County",1,2,452,241,211
050,08,087,"Colorado","Morgan County",1,3,408,209,199
050,08,087,"Colorado","Morgan County",1,4,420,213,207
050,08,087,"Colorado","Morgan County",1,5,434,228,206
050,08,087,"Colorado","Morgan County",1,6,425,217,208
050,08,087,"Colorado","Morgan County",1,7,402,195,207
050,08,087,"Colorado","Morgan County",1,8,419,204,215
050,08,087,"Colorado","Morgan County",1,9,453,221,232
050,08,087,"Colorado","Morgan County",1,10,458,240,218
050,08,087,"Colorado","Morgan County",1,11,445,221,224
050,08,087,"Colorado","Morgan County",1,12,419,212,207
050,08,087,"Colorado","Morgan County",1,13,422,225,197
050,08,087,"Colorado","Morgan County",1,14,422,220,202
050,08,087,"Colorado","Morgan County",1,15,426,226,200
050,08,087,"Colorado","Morgan County",1,16,408,216,192
050,08,087,"Colorado","Morgan County",1,17,382,184,198
050,08,087,"Colorado","Morgan County",1,18,366,192,174
050,08,087,"Colorado","Morgan County",1,19,325,178,147
050,08,087,"Colorado","Morgan County",1,20,344,193,151
050,08,087,"Colorado","Morgan County",1,21,339,172,167
050,08,087,"Colorado","Morgan County",1,22,324,171,153
050,08,087,"Colorado","Morgan County",1,23,352,185,167
050,08,087,"Colorado","Morgan County",1,24,367,193,174
050,08,087,"Colorado","Morgan County",1,25,395,190,205
050,08,087,"Colorado","Morgan County",1,26,408,211,197
050,08,087,"Colorado","Morgan County",1,27,395,201,194
050,08,087,"Colorado","Morgan County",1,28,392,206,186
050,08,087,"Colorado","Morgan County",1,29,417,222,195
050,08,087,"Colorado","Morgan County",1,30,433,225,208
050,08,087,"Colorado","Morgan County",1,31,412,225,187
050,08,087,"Colorado","Morgan County",1,32,392,221,171
050,08,087,"Colorado","Morgan County",1,33,412,236,176
050,08,087,"Colorado","Morgan County",1,34,404,224,180
050,08,087,"Colorado","Morgan County",1,35,397,228,169
050,08,087,"Colorado","Morgan County",1,36,396,238,158
050,08,087,"Colorado","Morgan County",1,37,382,201,181
050,08,087,"Colorado","Morgan County",1,38,383,203,180
050,08,087,"Colorado","Morgan County",1,39,363,198,165
050,08,087,"Colorado","Morgan County",1,40,358,203,155
050,08,087,"Colorado","Morgan County",1,41,336,178,158
050,08,087,"Colorado","Morgan County",1,42,349,183,166
050,08,087,"Colorado","Morgan County",1,43,298,149,149
050,08,087,"Colorado","Morgan County",1,44,326,169,157
050,08,087,"Colorado","Morgan County",1,45,316,162,154
050,08,087,"Colorado","Morgan County",1,46,296,158,138
050,08,087,"Colorado","Morgan County",1,47,300,164,136
050,08,087,"Colorado","Morgan County",1,48,325,168,157
050,08,087,"Colorado","Morgan County",1,49,347,194,153
050,08,087,"Colorado","Morgan County",1,50,345,195,150
050,08,087,"Colorado","Morgan County",1,51,324,172,152
050,08,087,"Colorado","Morgan County",1,52,341,188,153
050,08,087,"Colorado","Morgan County",1,53,324,169,155
050,08,087,"Colorado","Morgan County",1,54,327,163,164
050,08,087,"Colorado","Morgan County",1,55,335,164,171
050,08,087,"Colorado","Morgan County",1,56,335,167,168
050,08,087,"Colorado","Morgan County",1,57,359,194,165
050,08,087,"Colorado","Morgan County",1,58,365,202,163
050,08,087,"Colorado","Morgan County",1,59,382,203,179
050,08,087,"Colorado","Morgan County",1,60,363,186,177
050,08,087,"Colorado","Morgan County",1,61,362,181,181
050,08,087,"Colorado","Morgan County",1,62,372,191,181
050,08,087,"Colorado","Morgan County",1,63,368,194,174
050,08,087,"Colorado","Morgan County",1,64,357,191,166
050,08,087,"Colorado","Morgan County",1,65,311,165,146
050,08,087,"Colorado","Morgan County",1,66,310,159,151
050,08,087,"Colorado","Morgan County",1,67,296,149,147
050,08,087,"Colorado","Morgan County",1,68,301,147,154
050,08,087,"Colorado","Morgan County",1,69,245,117,128
050,08,087,"Colorado","Morgan County",1,70,247,116,131
050,08,087,"Colorado","Morgan County",1,71,220,110,110
050,08,087,"Colorado","Morgan County",1,72,215,103,112
050,08,087,"Colorado","Morgan County",1,73,213,107,106
050,08,087,"Colorado","Morgan County",1,74,180,81,99
050,08,087,"Colorado","Morgan County",1,75,191,86,105
050,08,087,"Colorado","Morgan County",1,76,167,79,88
050,08,087,"Colorado","Morgan County",1,77,153,70,83
050,08,087,"Colorado","Morgan County",1,78,152,69,83
050,08,087,"Colorado","Morgan County",1,79,134,65,69
050,08,087,"Colorado","Morgan County",1,80,120,52,68
050,08,087,"Colorado","Morgan County",1,81,121,54,67
050,08,087,"Colorado","Morgan County",1,82,108,45,63
050,08,087,"Colorado","Morgan County",1,83,107,46,61
050,08,087,"Colorado","Morgan County",1,84,103,42,61
050,08,087,"Colorado","Morgan County",1,85,683,249,434
050,08,087,"Colorado","Morgan County",2,0,429,214,215
050,08,087,"Colorado","Morgan County",2,1,418,210,208
050,08,087,"Colorado","Morgan County",2,2,439,229,210
050,08,087,"Colorado","Morgan County",2,3,417,216,201
050,08,087,"Colorado","Morgan County",2,4,417,211,206
050,08,087,"Colorado","Morgan County",2,5,431,224,207
050,08,087,"Colorado","Morgan County",2,6,426,218,208
050,08,087,"Colorado","Morgan County",2,7,405,199,206
050,08,087,"Colorado","Morgan County",2,8,413,201,212
050,08,087,"Colorado","Morgan County",2,9,444,218,226
050,08,087,"Colorado","Morgan County",2,10,456,235,221
050,08,087,"Colorado","Morgan County",2,11,443,224,219
050,08,087,"Colorado","Morgan County",2,12,428,216,212
050,08,087,"Colorado","Morgan County",2,13,419,220,199
050,08,087,"Colorado","Morgan County",2,14,421,221,200
050,08,087,"Colorado","Morgan County",2,15,425,225,200
050,08,087,"Colorado","Morgan County",2,16,409,217,192
050,08,087,"Colorado","Morgan County",2,17,388,191,197
050,08,087,"Colorado","Morgan County",2,18,359,185,174
050,08,087,"Colorado","Morgan County",2,19,324,176,148
050,08,087,"Colorado","Morgan County",2,20,348,194,154
050,08,087,"Colorado","Morgan County",2,21,339,178,161
050,08,087,"Colorado","Morgan County",2,22,329,173,156
050,08,087,"Colorado","Morgan County",2,23,348,184,164
050,08,087,"Colorado","Morgan County",2,24,365,192,173
050,08,087,"Colorado","Morgan County",2,25,389,193,196
050,08,087,"Colorado","Morgan County",2,26,402,206,196
050,08,087,"Colorado","Morgan County",2,27,398,203,195
050,08,087,"Colorado","Morgan County",2,28,398,207,191
050,08,087,"Colorado","Morgan County",2,29,413,220,193
050,08,087,"Colorado","Morgan County",2,30,432,224,208
050,08,087,"Colorado","Morgan County",2,31,413,223,190
050,08,087,"Colorado","Morgan County",2,32,395,221,174
050,08,087,"Colorado","Morgan County",2,33,402,228,174
050,08,087,"Colorado","Morgan County",2,34,407,227,180
050,08,087,"Colorado","Morgan County",2,35,400,227,173
050,08,087,"Colorado","Morgan County",2,36,392,234,158
050,08,087,"Colorado","Morgan County",2,37,385,210,175
050,08,087,"Colorado","Morgan County",2,38,384,204,180
050,08,087,"Colorado","Morgan County",2,39,362,196,166
050,08,087,"Colorado","Morgan County",2,40,359,203,156
050,08,087,"Colorado","Morgan County",2,41,340,184,156
050,08,087,"Colorado","Morgan County",2,42,343,179,164
050,08,087,"Colorado","Morgan County",2,43,311,158,153
050,08,087,"Colorado","Morgan County",2,44,315,161,154
050,08,087,"Colorado","Morgan County",2,45,319,164,155
050,08,087,"Colorado","Morgan County",2,46,297,157,140
050,08,087,"Colorado","Morgan County",2,47,297,161,136
050,08,087,"Colorado","Morgan County",2,48,317,165,152
050,08,087,"Colorado","Morgan County",2,49,341,188,153
050,08,087,"Colorado","Morgan County",2,50,347,196,151
050,08,087,"Colorado","Morgan County",2,51,328,177,151
050,08,087,"Colorado","Morgan County",2,52,337,184,153
050,08,087,"Colorado","Morgan County",2,53,329,174,155
050,08,087,"Colorado","Morgan County",2,54,326,164,162
050,08,087,"Colorado","Morgan County",2,55,334,165,169
050,08,087,"Colorado","Morgan County",2,56,336,166,170
050,08,087,"Colorado","Morgan County",2,57,350,186,164
050,08,087,"Colorado","Morgan County",2,58,358,197,161
050,08,087,"Colorado","Morgan County",2,59,376,202,174
050,08,087,"Colorado","Morgan County",2,60,367,190,177
050,08,087,"Colorado","Morgan County",2,61,360,181,179
050,08,087,"Colorado","Morgan County",2,62,363,184,179
050,08,087,"Colorado","Morgan County",2,63,369,194,175
050,08,087,"Colorado","Morgan County",2,64,355,188,167
050,08,087,"Colorado","Morgan County",2,65,321,171,150
050,08,087,"Colorado","Morgan County",2,66,306,158,148
050,08,087,"Colorado","Morgan County",2,67,297,152,145
050,08,087,"Colorado","Morgan County",2,68,296,144,152
050,08,087,"Colorado","Morgan County",2,69,259,125,134
050,08,087,"Colorado","Morgan County",2,70,245,116,129
050,08,087,"Colorado","Morgan County",2,71,228,113,115
050,08,087,"Colorado","Morgan County",2,72,212,103,109
050,08,087,"Colorado","Morgan County",2,73,220,108,112
050,08,087,"Colorado","Morgan County",2,74,179,83,96
050,08,087,"Colorado","Morgan County",2,75,187,84,103
050,08,087,"Colorado","Morgan County",2,76,169,78,91
050,08,087,"Colorado","Morgan County",2,77,158,73,85
050,08,087,"Colorado","Morgan County",2,78,149,68,81
050,08,087,"Colorado","Morgan County",2,79,134,64,70
050,08,087,"Colorado","Morgan County",2,80,120,53,67
050,08,087,"Colorado","Morgan County",2,81,115,49,66
050,08,087,"Colorado","Morgan County",2,82,110,46,64
050,08,087,"Colorado","Morgan County",2,83,105,43,62
050,08,087,"Colorado","Morgan County",2,84,102,41,61
050,08,087,"Colorado","Morgan County",2,85,678,251,427
050,08,087,"Colorado","Morgan County",3,0,376,192,184
050,08,087,"Colorado","Morgan County",3,1,425,222,203
050,08,087,"Colorado","Morgan County",3,2,415,212,203
050,08,087,"Colorado","Morgan County",3,3,428,214,214
050,08,087,"Colorado","Morgan County",3,4,401,212,189
050,08,087,"Colorado","Morgan County",3,5,420,204,216
050,08,087,"Colorado","Morgan County",3,6,432,229,203
050,08,087,"Colorado","Morgan County",3,7,429,217,212
050,08,087,"Colorado","Morgan County",3,8,409,195,214
050,08,087,"Colorado","Morgan County",3,9,410,212,198
050,08,087,"Colorado","Morgan County",3,10,439,214,225
050,08,087,"Colorado","Morgan County",3,11,454,231,223
050,08,087,"Colorado","Morgan County",3,12,436,219,217
050,08,087,"Colorado","Morgan County",3,13,437,222,215
050,08,087,"Colorado","Morgan County",3,14,407,211,196
050,08,087,"Colorado","Morgan County",3,15,428,219,209
050,08,087,"Colorado","Morgan County",3,16,405,209,196
050,08,087,"Colorado","Morgan County",3,17,408,217,191
050,08,087,"Colorado","Morgan County",3,18,347,173,174
050,08,087,"Colorado","Morgan County",3,19,314,167,147
050,08,087,"Colorado","Morgan County",3,20,313,168,145
050,08,087,"Colorado","Morgan County",3,21,338,188,150
050,08,087,"Colorado","Morgan County",3,22,343,184,159
050,08,087,"Colorado","Morgan County",3,23,344,174,170
050,08,087,"Colorado","Morgan County",3,24,359,187,172
050,08,087,"Colorado","Morgan County",3,25,361,197,164
050,08,087,"Colorado","Morgan County",3,26,385,201,184
050,08,087,"Colorado","Morgan County",3,27,426,215,211
050,08,087,"Colorado","Morgan County",3,28,400,207,193
050,08,087,"Colorado","Morgan County",3,29,400,207,193
050,08,087,"Colorado","Morgan County",3,30,413,215,198
050,08,087,"Colorado","Morgan County",3,31,441,232,209
050,08,087,"Colorado","Morgan County",3,32,413,223,190
050,08,087,"Colorado","Morgan County",3,33,408,232,176
050,08,087,"Colorado","Morgan County",3,34,398,232,166
050,08,087,"Colorado","Morgan County",3,35,400,224,176
050,08,087,"Colorado","Morgan County",3,36,398,223,175
050,08,087,"Colorado","Morgan County",3,37,380,221,159
050,08,087,"Colorado","Morgan County",3,38,385,217,168
050,08,087,"Colorado","Morgan County",3,39,371,198,173
050,08,087,"Colorado","Morgan County",3,40,374,206,168
050,08,087,"Colorado","Morgan County",3,41,361,203,158
050,08,087,"Colorado","Morgan County",3,42,334,179,155
050,08,087,"Colorado","Morgan County",3,43,343,179,164
050,08,087,"Colorado","Morgan County",3,44,300,156,144
050,08,087,"Colorado","Morgan County",3,45,311,157,154
050,08,087,"Colorado","Morgan County",3,46,316,160,156
050,08,087,"Colorado","Morgan County",3,47,285,155,130
050,08,087,"Colorado","Morgan County",3,48,289,155,134
050,08,087,"Colorado","Morgan County",3,49,327,172,155
050,08,087,"Colorado","Morgan County",3,50,336,184,152
050,08,087,"Colorado","Morgan County",3,51,343,188,155
050,08,087,"Colorado","Morgan County",3,52,327,172,155
050,08,087,"Colorado","Morgan County",3,53,344,187,157
050,08,087,"Colorado","Morgan County",3,54,333,176,157
050,08,087,"Colorado","Morgan County",3,55,332,170,162
050,08,087,"Colorado","Morgan County",3,56,329,164,165
050,08,087,"Colorado","Morgan County",3,57,335,166,169
050,08,087,"Colorado","Morgan County",3,58,348,183,165
050,08,087,"Colorado","Morgan County",3,59,357,198,159
050,08,087,"Colorado","Morgan County",3,60,383,205,178
050,08,087,"Colorado","Morgan County",3,61,371,195,176
050,08,087,"Colorado","Morgan County",3,62,350,174,176
050,08,087,"Colorado","Morgan County",3,63,356,180,176
050,08,087,"Colorado","Morgan County",3,64,363,189,174
050,08,087,"Colorado","Morgan County",3,65,373,195,178
050,08,087,"Colorado","Morgan County",3,66,320,169,151
050,08,087,"Colorado","Morgan County",3,67,291,148,143
050,08,087,"Colorado","Morgan County",3,68,286,142,144
050,08,087,"Colorado","Morgan County",3,69,292,142,150
050,08,087,"Colorado","Morgan County",3,70,253,123,130
050,08,087,"Colorado","Morgan County",3,71,243,117,126
050,08,087,"Colorado","Morgan County",3,72,225,109,116
050,08,087,"Colorado","Morgan County",3,73,203,103,100
050,08,087,"Colorado","Morgan County",3,74,220,106,114
050,08,087,"Colorado","Morgan County",3,75,166,78,88
050,08,087,"Colorado","Morgan County",3,76,168,77,91
050,08,087,"Colorado","Morgan County",3,77,162,73,89
050,08,087,"Colorado","Morgan County",3,78,151,68,83
050,08,087,"Colorado","Morgan County",3,79,126,60,66
050,08,087,"Colorado","Morgan County",3,80,119,58,61
050,08,087,"Colorado","Morgan County",3,81,107,49,58
050,08,087,"Colorado","Morgan County",3,82,103,42,61
050,08,087,"Colorado","Morgan County",3,83,105,47,58
050,08,087,"Colorado","Morgan County",3,84,98,34,64
050,08,087,"Colorado","Morgan County",3,85,652,241,411
050,08,087,"Colorado","Morgan County",4,0,401,202,199
050,08,087,"Colorado","Morgan County",4,1,356,189,167
050,08,087,"Colorado","Morgan County",4,2,432,234,198
050,08,087,"Colorado","Morgan County",4,3,429,224,205
050,08,087,"Colorado","Morgan County",4,4,443,225,218
050,08,087,"Colorado","Morgan County",4,5,415,218,197
050,08,087,"Colorado","Morgan County",4,6,459,220,239
050,08,087,"Colorado","Morgan County",4,7,452,245,207
050,08,087,"Colorado","Morgan County",4,8,440,217,223
050,08,087,"Colorado","Morgan County",4,9,411,192,219
050,08,087,"Colorado","Morgan County",4,10,408,204,204
050,08,087,"Colorado","Morgan County",4,11,459,224,235
050,08,087,"Colorado","Morgan County",4,12,462,234,228
050,08,087,"Colorado","Morgan County",4,13,443,220,223
050,08,087,"Colorado","Morgan County",4,14,445,226,219
050,08,087,"Colorado","Morgan County",4,15,406,211,195
050,08,087,"Colorado","Morgan County",4,16,428,221,207
050,08,087,"Colorado","Morgan County",4,17,399,212,187
050,08,087,"Colorado","Morgan County",4,18,379,205,174
050,08,087,"Colorado","Morgan County",4,19,332,166,166
050,08,087,"Colorado","Morgan County",4,20,331,174,157
050,08,087,"Colorado","Morgan County",4,21,332,173,159
050,08,087,"Colorado","Morgan County",4,22,336,187,149
050,08,087,"Colorado","Morgan County",4,23,351,188,163
050,08,087,"Colorado","Morgan County",4,24,359,180,179
050,08,087,"Colorado","Morgan County",4,25,375,195,180
050,08,087,"Colorado","Morgan County",4,26,377,214,163
050,08,087,"Colorado","Morgan County",4,27,401,206,195
050,08,087,"Colorado","Morgan County",4,28,406,204,202
050,08,087,"Colorado","Morgan County",4,29,390,197,193
050,08,087,"Colorado","Morgan County",4,30,402,207,195
050,08,087,"Colorado","Morgan County",4,31,422,229,193
050,08,087,"Colorado","Morgan County",4,32,454,242,212
050,08,087,"Colorado","Morgan County",4,33,433,244,189
050,08,087,"Colorado","Morgan County",4,34,405,230,175
050,08,087,"Colorado","Morgan County",4,35,396,230,166
050,08,087,"Colorado","Morgan County",4,36,413,224,189
050,08,087,"Colorado","Morgan County",4,37,410,228,182
050,08,087,"Colorado","Morgan County",4,38,389,227,162
050,08,087,"Colorado","Morgan County",4,39,387,222,165
050,08,087,"Colorado","Morgan County",4,40,387,207,180
050,08,087,"Colorado","Morgan County",4,41,380,203,177
050,08,087,"Colorado","Morgan County",4,42,359,208,151
050,08,087,"Colorado","Morgan County",4,43,332,175,157
050,08,087,"Colorado","Morgan County",4,44,334,173,161
050,08,087,"Colorado","Morgan County",4,45,302,153,149
050,08,087,"Colorado","Morgan County",4,46,293,145,148
050,08,087,"Colorado","Morgan County",4,47,318,167,151
050,08,087,"Colorado","Morgan County",4,48,285,151,134
050,08,087,"Colorado","Morgan County",4,49,293,159,134
050,08,087,"Colorado","Morgan County",4,50,319,167,152
050,08,087,"Colorado","Morgan County",4,51,340,183,157
050,08,087,"Colorado","Morgan County",4,52,351,192,159
050,08,087,"Colorado","Morgan County",4,53,315,168,147
050,08,087,"Colorado","Morgan County",4,54,331,181,150
050,08,087,"Colorado","Morgan County",4,55,324,172,152
050,08,087,"Colorado","Morgan County",4,56,329,166,163
050,08,087,"Colorado","Morgan County",4,57,323,163,160
050,08,087,"Colorado","Morgan County",4,58,328,162,166
050,08,087,"Colorado","Morgan County",4,59,342,180,162
050,08,087,"Colorado","Morgan County",4,60,350,188,162
050,08,087,"Colorado","Morgan County",4,61,379,202,177
050,08,087,"Colorado","Morgan County",4,62,363,192,171
050,08,087,"Colorado","Morgan County",4,63,333,174,159
050,08,087,"Colorado","Morgan County",4,64,340,167,173
050,08,087,"Colorado","Morgan County",4,65,361,186,175
050,08,087,"Colorado","Morgan County",4,66,374,202,172
050,08,087,"Colorado","Morgan County",4,67,307,162,145
050,08,087,"Colorado","Morgan County",4,68,279,143,136
050,08,087,"Colorado","Morgan County",4,69,280,137,143
050,08,087,"Colorado","Morgan County",4,70,273,126,147
050,08,087,"Colorado","Morgan County",4,71,243,125,118
050,08,087,"Colorado","Morgan County",4,72,225,108,117
050,08,087,"Colorado","Morgan County",4,73,210,100,110
050,08,087,"Colorado","Morgan County",4,74,195,98,97
050,08,087,"Colorado","Morgan County",4,75,214,103,111
050,08,087,"Colorado","Morgan County",4,76,150,71,79
050,08,087,"Colorado","Morgan County",4,77,158,75,83
050,08,087,"Colorado","Morgan County",4,78,162,73,89
050,08,087,"Colorado","Morgan County",4,79,138,57,81
050,08,087,"Colorado","Morgan County",4,80,118,56,62
050,08,087,"Colorado","Morgan County",4,81,115,56,59
050,08,087,"Colorado","Morgan County",4,82,99,43,56
050,08,087,"Colorado","Morgan County",4,83,88,37,51
050,08,087,"Colorado","Morgan County",4,84,99,41,58
050,08,087,"Colorado","Morgan County",4,85,660,238,422
050,08,087,"Colorado","Morgan County",5,0,400,203,197
050,08,087,"Colorado","Morgan County",5,1,426,218,208
050,08,087,"Colorado","Morgan County",5,2,375,200,175
050,08,087,"Colorado","Morgan County",5,3,434,231,203
050,08,087,"Colorado","Morgan County",5,4,419,225,194
050,08,087,"Colorado","Morgan County",5,5,454,228,226
050,08,087,"Colorado","Morgan County",5,6,456,242,214
050,08,087,"Colorado","Morgan County",5,7,452,215,237
050,08,087,"Colorado","Morgan County",5,8,454,238,216
050,08,087,"Colorado","Morgan County",5,9,439,219,220
050,08,087,"Colorado","Morgan County",5,10,408,188,220
050,08,087,"Colorado","Morgan County",5,11,400,200,200
050,08,087,"Colorado","Morgan County",5,12,449,228,221
050,08,087,"Colorado","Morgan County",5,13,453,230,223
050,08,087,"Colorado","Morgan County",5,14,437,214,223
050,08,087,"Colorado","Morgan County",5,15,443,220,223
050,08,087,"Colorado","Morgan County",5,16,411,210,201
050,08,087,"Colorado","Morgan County",5,17,427,218,209
050,08,087,"Colorado","Morgan County",5,18,363,195,168
050,08,087,"Colorado","Morgan County",5,19,349,180,169
050,08,087,"Colorado","Morgan County",5,20,357,169,188
050,08,087,"Colorado","Morgan County",5,21,337,181,156
050,08,087,"Colorado","Morgan County",5,22,357,182,175
050,08,087,"Colorado","Morgan County",5,23,355,199,156
050,08,087,"Colorado","Morgan County",5,24,366,189,177
050,08,087,"Colorado","Morgan County",5,25,352,190,162
050,08,087,"Colorado","Morgan County",5,26,399,210,189
050,08,087,"Colorado","Morgan County",5,27,385,211,174
050,08,087,"Colorado","Morgan County",5,28,390,200,190
050,08,087,"Colorado","Morgan County",5,29,403,202,201
050,08,087,"Colorado","Morgan County",5,30,416,198,218
050,08,087,"Colorado","Morgan County",5,31,420,226,194
050,08,087,"Colorado","Morgan County",5,32,439,241,198
050,08,087,"Colorado","Morgan County",5,33,481,266,215
050,08,087,"Colorado","Morgan County",5,34,431,248,183
050,08,087,"Colorado","Morgan County",5,35,397,221,176
050,08,087,"Colorado","Morgan County",5,36,387,228,159
050,08,087,"Colorado","Morgan County",5,37,418,222,196
050,08,087,"Colorado","Morgan County",5,38,408,216,192
050,08,087,"Colorado","Morgan County",5,39,376,218,158
050,08,087,"Colorado","Morgan County",5,40,392,231,161
050,08,087,"Colorado","Morgan County",5,41,394,218,176
050,08,087,"Colorado","Morgan County",5,42,388,217,171
050,08,087,"Colorado","Morgan County",5,43,360,210,150
050,08,087,"Colorado","Morgan County",5,44,327,177,150
050,08,087,"Colorado","Morgan County",5,45,322,167,155
050,08,087,"Colorado","Morgan County",5,46,296,150,146
050,08,087,"Colorado","Morgan County",5,47,302,154,148
050,08,087,"Colorado","Morgan County",5,48,308,159,149
050,08,087,"Colorado","Morgan County",5,49,283,151,132
050,08,087,"Colorado","Morgan County",5,50,279,150,129
050,08,087,"Colorado","Morgan County",5,51,324,165,159
050,08,087,"Colorado","Morgan County",5,52,341,173,168
050,08,087,"Colorado","Morgan County",5,53,344,191,153
050,08,087,"Colorado","Morgan County",5,54,311,166,145
050,08,087,"Colorado","Morgan County",5,55,322,175,147
050,08,087,"Colorado","Morgan County",5,56,318,165,153
050,08,087,"Colorado","Morgan County",5,57,319,162,157
050,08,087,"Colorado","Morgan County",5,58,329,169,160
050,08,087,"Colorado","Morgan County",5,59,324,162,162
050,08,087,"Colorado","Morgan County",5,60,344,181,163
050,08,087,"Colorado","Morgan County",5,61,352,192,160
050,08,087,"Colorado","Morgan County",5,62,378,199,179
050,08,087,"Colorado","Morgan County",5,63,355,191,164
050,08,087,"Colorado","Morgan County",5,64,326,163,163
050,08,087,"Colorado","Morgan County",5,65,335,163,172
050,08,087,"Colorado","Morgan County",5,66,362,187,175
050,08,087,"Colorado","Morgan County",5,67,360,194,166
050,08,087,"Colorado","Morgan County",5,68,302,160,142
050,08,087,"Colorado","Morgan County",5,69,278,142,136
050,08,087,"Colorado","Morgan County",5,70,275,130,145
050,08,087,"Colorado","Morgan County",5,71,262,126,136
050,08,087,"Colorado","Morgan County",5,72,230,117,113
050,08,087,"Colorado","Morgan County",5,73,217,102,115
050,08,087,"Colorado","Morgan County",5,74,203,96,107
050,08,087,"Colorado","Morgan County",5,75,189,93,96
050,08,087,"Colorado","Morgan County",5,76,198,96,102
050,08,087,"Colorado","Morgan County",5,77,140,68,72
050,08,087,"Colorado","Morgan County",5,78,158,73,85
050,08,087,"Colorado","Morgan County",5,79,150,66,84
050,08,087,"Colorado","Morgan County",5,80,131,55,76
050,08,087,"Colorado","Morgan County",5,81,109,52,57
050,08,087,"Colorado","Morgan County",5,82,112,52,60
050,08,087,"Colorado","Morgan County",5,83,87,39,48
050,08,087,"Colorado","Morgan County",5,84,84,32,52
050,08,087,"Colorado","Morgan County",5,85,681,245,436
050,08,089,"Colorado","Otero County",1,0,215,110,105
050,08,089,"Colorado","Otero County",1,1,207,106,101
050,08,089,"Colorado","Otero County",1,2,214,123,91
050,08,089,"Colorado","Otero County",1,3,230,121,109
050,08,089,"Colorado","Otero County",1,4,232,109,123
050,08,089,"Colorado","Otero County",1,5,228,119,109
050,08,089,"Colorado","Otero County",1,6,242,123,119
050,08,089,"Colorado","Otero County",1,7,241,114,127
050,08,089,"Colorado","Otero County",1,8,249,120,129
050,08,089,"Colorado","Otero County",1,9,241,110,131
050,08,089,"Colorado","Otero County",1,10,244,119,125
050,08,089,"Colorado","Otero County",1,11,247,130,117
050,08,089,"Colorado","Otero County",1,12,259,135,124
050,08,089,"Colorado","Otero County",1,13,267,141,126
050,08,089,"Colorado","Otero County",1,14,259,123,136
050,08,089,"Colorado","Otero County",1,15,300,148,152
050,08,089,"Colorado","Otero County",1,16,269,142,127
050,08,089,"Colorado","Otero County",1,17,268,146,122
050,08,089,"Colorado","Otero County",1,18,295,156,139
050,08,089,"Colorado","Otero County",1,19,275,152,123
050,08,089,"Colorado","Otero County",1,20,246,131,115
050,08,089,"Colorado","Otero County",1,21,197,112,85
050,08,089,"Colorado","Otero County",1,22,182,94,88
050,08,089,"Colorado","Otero County",1,23,192,102,90
050,08,089,"Colorado","Otero County",1,24,187,99,88
050,08,089,"Colorado","Otero County",1,25,199,105,94
050,08,089,"Colorado","Otero County",1,26,224,111,113
050,08,089,"Colorado","Otero County",1,27,222,118,104
050,08,089,"Colorado","Otero County",1,28,208,108,100
050,08,089,"Colorado","Otero County",1,29,215,108,107
050,08,089,"Colorado","Otero County",1,30,228,125,103
050,08,089,"Colorado","Otero County",1,31,219,110,109
050,08,089,"Colorado","Otero County",1,32,194,100,94
050,08,089,"Colorado","Otero County",1,33,206,104,102
050,08,089,"Colorado","Otero County",1,34,207,104,103
050,08,089,"Colorado","Otero County",1,35,235,102,133
050,08,089,"Colorado","Otero County",1,36,222,97,125
050,08,089,"Colorado","Otero County",1,37,230,118,112
050,08,089,"Colorado","Otero County",1,38,231,109,122
050,08,089,"Colorado","Otero County",1,39,241,111,130
050,08,089,"Colorado","Otero County",1,40,236,115,121
050,08,089,"Colorado","Otero County",1,41,212,114,98
050,08,089,"Colorado","Otero County",1,42,218,113,105
050,08,089,"Colorado","Otero County",1,43,211,104,107
050,08,089,"Colorado","Otero County",1,44,202,85,117
050,08,089,"Colorado","Otero County",1,45,216,101,115
050,08,089,"Colorado","Otero County",1,46,189,98,91
050,08,089,"Colorado","Otero County",1,47,194,108,86
050,08,089,"Colorado","Otero County",1,48,205,105,100
050,08,089,"Colorado","Otero County",1,49,195,93,102
050,08,089,"Colorado","Otero County",1,50,190,86,104
050,08,089,"Colorado","Otero County",1,51,200,103,97
050,08,089,"Colorado","Otero County",1,52,184,79,105
050,08,089,"Colorado","Otero County",1,53,198,95,103
050,08,089,"Colorado","Otero County",1,54,214,109,105
050,08,089,"Colorado","Otero County",1,55,261,136,125
050,08,089,"Colorado","Otero County",1,56,241,119,122
050,08,089,"Colorado","Otero County",1,57,254,125,129
050,08,089,"Colorado","Otero County",1,58,230,105,125
050,08,089,"Colorado","Otero County",1,59,267,126,141
050,08,089,"Colorado","Otero County",1,60,264,119,145
050,08,089,"Colorado","Otero County",1,61,256,126,130
050,08,089,"Colorado","Otero County",1,62,254,131,123
050,08,089,"Colorado","Otero County",1,63,237,125,112
050,08,089,"Colorado","Otero County",1,64,248,113,135
050,08,089,"Colorado","Otero County",1,65,230,111,119
050,08,089,"Colorado","Otero County",1,66,243,128,115
050,08,089,"Colorado","Otero County",1,67,255,124,131
050,08,089,"Colorado","Otero County",1,68,241,117,124
050,08,089,"Colorado","Otero County",1,69,215,101,114
050,08,089,"Colorado","Otero County",1,70,239,117,122
050,08,089,"Colorado","Otero County",1,71,209,112,97
050,08,089,"Colorado","Otero County",1,72,214,107,107
050,08,089,"Colorado","Otero County",1,73,203,90,113
050,08,089,"Colorado","Otero County",1,74,153,65,88
050,08,089,"Colorado","Otero County",1,75,154,80,74
050,08,089,"Colorado","Otero County",1,76,143,75,68
050,08,089,"Colorado","Otero County",1,77,131,60,71
050,08,089,"Colorado","Otero County",1,78,116,54,62
050,08,089,"Colorado","Otero County",1,79,118,43,75
050,08,089,"Colorado","Otero County",1,80,111,47,64
050,08,089,"Colorado","Otero County",1,81,122,55,67
050,08,089,"Colorado","Otero County",1,82,113,44,69
050,08,089,"Colorado","Otero County",1,83,94,43,51
050,08,089,"Colorado","Otero County",1,84,70,34,36
050,08,089,"Colorado","Otero County",1,85,470,184,286
050,08,089,"Colorado","Otero County",2,0,196,103,93
050,08,089,"Colorado","Otero County",2,1,207,107,100
050,08,089,"Colorado","Otero County",2,2,214,120,94
050,08,089,"Colorado","Otero County",2,3,224,120,104
050,08,089,"Colorado","Otero County",2,4,235,113,122
050,08,089,"Colorado","Otero County",2,5,228,116,112
050,08,089,"Colorado","Otero County",2,6,240,122,118
050,08,089,"Colorado","Otero County",2,7,238,114,124
050,08,089,"Colorado","Otero County",2,8,246,118,128
050,08,089,"Colorado","Otero County",2,9,240,110,130
050,08,089,"Colorado","Otero County",2,10,241,116,125
050,08,089,"Colorado","Otero County",2,11,245,127,118
050,08,089,"Colorado","Otero County",2,12,256,134,122
050,08,089,"Colorado","Otero County",2,13,264,139,125
050,08,089,"Colorado","Otero County",2,14,262,128,134
050,08,089,"Colorado","Otero County",2,15,290,142,148
050,08,089,"Colorado","Otero County",2,16,276,142,134
050,08,089,"Colorado","Otero County",2,17,270,145,125
050,08,089,"Colorado","Otero County",2,18,286,152,134
050,08,089,"Colorado","Otero County",2,19,281,156,125
050,08,089,"Colorado","Otero County",2,20,250,135,115
050,08,089,"Colorado","Otero County",2,21,198,111,87
050,08,089,"Colorado","Otero County",2,22,185,97,88
050,08,089,"Colorado","Otero County",2,23,192,102,90
050,08,089,"Colorado","Otero County",2,24,188,99,89
050,08,089,"Colorado","Otero County",2,25,196,103,93
050,08,089,"Colorado","Otero County",2,26,219,110,109
050,08,089,"Colorado","Otero County",2,27,222,115,107
050,08,089,"Colorado","Otero County",2,28,210,110,100
050,08,089,"Colorado","Otero County",2,29,214,109,105
050,08,089,"Colorado","Otero County",2,30,228,124,104
050,08,089,"Colorado","Otero County",2,31,217,111,106
050,08,089,"Colorado","Otero County",2,32,200,103,97
050,08,089,"Colorado","Otero County",2,33,201,102,99
050,08,089,"Colorado","Otero County",2,34,209,105,104
050,08,089,"Colorado","Otero County",2,35,230,104,126
050,08,089,"Colorado","Otero County",2,36,226,99,127
050,08,089,"Colorado","Otero County",2,37,229,113,116
050,08,089,"Colorado","Otero County",2,38,236,114,122
050,08,089,"Colorado","Otero County",2,39,240,110,130
050,08,089,"Colorado","Otero County",2,40,242,116,126
050,08,089,"Colorado","Otero County",2,41,216,112,104
050,08,089,"Colorado","Otero County",2,42,216,114,102
050,08,089,"Colorado","Otero County",2,43,211,104,107
050,08,089,"Colorado","Otero County",2,44,206,92,114
050,08,089,"Colorado","Otero County",2,45,214,97,117
050,08,089,"Colorado","Otero County",2,46,196,100,96
050,08,089,"Colorado","Otero County",2,47,194,107,87
050,08,089,"Colorado","Otero County",2,48,202,105,97
050,08,089,"Colorado","Otero County",2,49,198,96,102
050,08,089,"Colorado","Otero County",2,50,195,89,106
050,08,089,"Colorado","Otero County",2,51,195,98,97
050,08,089,"Colorado","Otero County",2,52,187,85,102
050,08,089,"Colorado","Otero County",2,53,196,91,105
050,08,089,"Colorado","Otero County",2,54,207,106,101
050,08,089,"Colorado","Otero County",2,55,250,130,120
050,08,089,"Colorado","Otero County",2,56,246,124,122
050,08,089,"Colorado","Otero County",2,57,250,123,127
050,08,089,"Colorado","Otero County",2,58,233,108,125
050,08,089,"Colorado","Otero County",2,59,258,121,137
050,08,089,"Colorado","Otero County",2,60,267,122,145
050,08,089,"Colorado","Otero County",2,61,256,123,133
050,08,089,"Colorado","Otero County",2,62,251,128,123
050,08,089,"Colorado","Otero County",2,63,242,127,115
050,08,089,"Colorado","Otero County",2,64,243,116,127
050,08,089,"Colorado","Otero County",2,65,235,113,122
050,08,089,"Colorado","Otero County",2,66,240,124,116
050,08,089,"Colorado","Otero County",2,67,251,125,126
050,08,089,"Colorado","Otero County",2,68,245,120,125
050,08,089,"Colorado","Otero County",2,69,221,104,117
050,08,089,"Colorado","Otero County",2,70,231,111,120
050,08,089,"Colorado","Otero County",2,71,217,114,103
050,08,089,"Colorado","Otero County",2,72,208,106,102
050,08,089,"Colorado","Otero County",2,73,213,98,115
050,08,089,"Colorado","Otero County",2,74,160,69,91
050,08,089,"Colorado","Otero County",2,75,154,77,77
050,08,089,"Colorado","Otero County",2,76,141,73,68
050,08,089,"Colorado","Otero County",2,77,135,66,69
050,08,089,"Colorado","Otero County",2,78,113,51,62
050,08,089,"Colorado","Otero County",2,79,117,45,72
050,08,089,"Colorado","Otero County",2,80,113,47,66
050,08,089,"Colorado","Otero County",2,81,118,53,65
050,08,089,"Colorado","Otero County",2,82,110,43,67
050,08,089,"Colorado","Otero County",2,83,96,41,55
050,08,089,"Colorado","Otero County",2,84,74,35,39
050,08,089,"Colorado","Otero County",2,85,472,186,286
050,08,089,"Colorado","Otero County",3,0,206,107,99
050,08,089,"Colorado","Otero County",3,1,193,101,92
050,08,089,"Colorado","Otero County",3,2,209,108,101
050,08,089,"Colorado","Otero County",3,3,220,124,96
050,08,089,"Colorado","Otero County",3,4,224,119,105
050,08,089,"Colorado","Otero County",3,5,249,120,129
050,08,089,"Colorado","Otero County",3,6,234,118,116
050,08,089,"Colorado","Otero County",3,7,239,126,113
050,08,089,"Colorado","Otero County",3,8,243,119,124
050,08,089,"Colorado","Otero County",3,9,249,116,133
050,08,089,"Colorado","Otero County",3,10,244,116,128
050,08,089,"Colorado","Otero County",3,11,239,115,124
050,08,089,"Colorado","Otero County",3,12,247,133,114
050,08,089,"Colorado","Otero County",3,13,258,132,126
050,08,089,"Colorado","Otero County",3,14,260,135,125
050,08,089,"Colorado","Otero County",3,15,272,139,133
050,08,089,"Colorado","Otero County",3,16,278,134,144
050,08,089,"Colorado","Otero County",3,17,275,147,128
050,08,089,"Colorado","Otero County",3,18,291,153,138
050,08,089,"Colorado","Otero County",3,19,284,166,118
050,08,089,"Colorado","Otero County",3,20,231,132,99
050,08,089,"Colorado","Otero County",3,21,202,114,88
050,08,089,"Colorado","Otero County",3,22,199,111,88
050,08,089,"Colorado","Otero County",3,23,190,101,89
050,08,089,"Colorado","Otero County",3,24,179,91,88
050,08,089,"Colorado","Otero County",3,25,194,102,92
050,08,089,"Colorado","Otero County",3,26,198,96,102
050,08,089,"Colorado","Otero County",3,27,229,116,113
050,08,089,"Colorado","Otero County",3,28,221,117,104
050,08,089,"Colorado","Otero County",3,29,203,104,99
050,08,089,"Colorado","Otero County",3,30,215,113,102
050,08,089,"Colorado","Otero County",3,31,217,114,103
050,08,089,"Colorado","Otero County",3,32,216,110,106
050,08,089,"Colorado","Otero County",3,33,200,104,96
050,08,089,"Colorado","Otero County",3,34,204,99,105
050,08,089,"Colorado","Otero County",3,35,203,100,103
050,08,089,"Colorado","Otero County",3,36,222,104,118
050,08,089,"Colorado","Otero County",3,37,240,109,131
050,08,089,"Colorado","Otero County",3,38,229,117,112
050,08,089,"Colorado","Otero County",3,39,242,113,129
050,08,089,"Colorado","Otero County",3,40,239,113,126
050,08,089,"Colorado","Otero County",3,41,241,119,122
050,08,089,"Colorado","Otero County",3,42,212,108,104
050,08,089,"Colorado","Otero County",3,43,216,117,99
050,08,089,"Colorado","Otero County",3,44,194,96,98
050,08,089,"Colorado","Otero County",3,45,202,90,112
050,08,089,"Colorado","Otero County",3,46,218,99,119
050,08,089,"Colorado","Otero County",3,47,198,102,96
050,08,089,"Colorado","Otero County",3,48,187,105,82
050,08,089,"Colorado","Otero County",3,49,200,103,97
050,08,089,"Colorado","Otero County",3,50,197,96,101
050,08,089,"Colorado","Otero County",3,51,197,93,104
050,08,089,"Colorado","Otero County",3,52,189,92,97
050,08,089,"Colorado","Otero County",3,53,179,77,102
050,08,089,"Colorado","Otero County",3,54,194,89,105
050,08,089,"Colorado","Otero County",3,55,202,103,99
050,08,089,"Colorado","Otero County",3,56,251,132,119
050,08,089,"Colorado","Otero County",3,57,249,124,125
050,08,089,"Colorado","Otero County",3,58,255,125,130
050,08,089,"Colorado","Otero County",3,59,237,109,128
050,08,089,"Colorado","Otero County",3,60,253,117,136
050,08,089,"Colorado","Otero County",3,61,262,116,146
050,08,089,"Colorado","Otero County",3,62,262,127,135
050,08,089,"Colorado","Otero County",3,63,245,124,121
050,08,089,"Colorado","Otero County",3,64,247,126,121
050,08,089,"Colorado","Otero County",3,65,236,115,121
050,08,089,"Colorado","Otero County",3,66,221,106,115
050,08,089,"Colorado","Otero County",3,67,231,119,112
050,08,089,"Colorado","Otero County",3,68,245,120,125
050,08,089,"Colorado","Otero County",3,69,227,110,117
050,08,089,"Colorado","Otero County",3,70,210,95,115
050,08,089,"Colorado","Otero County",3,71,219,104,115
050,08,089,"Colorado","Otero County",3,72,217,113,104
050,08,089,"Colorado","Otero County",3,73,203,101,102
050,08,089,"Colorado","Otero County",3,74,208,94,114
050,08,089,"Colorado","Otero County",3,75,149,67,82
050,08,089,"Colorado","Otero County",3,76,139,67,72
050,08,089,"Colorado","Otero County",3,77,138,70,68
050,08,089,"Colorado","Otero County",3,78,127,61,66
050,08,089,"Colorado","Otero County",3,79,113,49,64
050,08,089,"Colorado","Otero County",3,80,110,42,68
050,08,089,"Colorado","Otero County",3,81,110,49,61
050,08,089,"Colorado","Otero County",3,82,103,48,55
050,08,089,"Colorado","Otero County",3,83,98,35,63
050,08,089,"Colorado","Otero County",3,84,81,33,48
050,08,089,"Colorado","Otero County",3,85,468,185,283
050,08,089,"Colorado","Otero County",4,0,200,101,99
050,08,089,"Colorado","Otero County",4,1,230,121,109
050,08,089,"Colorado","Otero County",4,2,185,100,85
050,08,089,"Colorado","Otero County",4,3,211,113,98
050,08,089,"Colorado","Otero County",4,4,216,123,93
050,08,089,"Colorado","Otero County",4,5,236,124,112
050,08,089,"Colorado","Otero County",4,6,252,115,137
050,08,089,"Colorado","Otero County",4,7,226,114,112
050,08,089,"Colorado","Otero County",4,8,245,130,115
050,08,089,"Colorado","Otero County",4,9,236,117,119
050,08,089,"Colorado","Otero County",4,10,256,125,131
050,08,089,"Colorado","Otero County",4,11,233,105,128
050,08,089,"Colorado","Otero County",4,12,249,119,130
050,08,089,"Colorado","Otero County",4,13,252,128,124
050,08,089,"Colorado","Otero County",4,14,257,132,125
050,08,089,"Colorado","Otero County",4,15,263,139,124
050,08,089,"Colorado","Otero County",4,16,253,128,125
050,08,089,"Colorado","Otero County",4,17,280,139,141
050,08,089,"Colorado","Otero County",4,18,279,143,136
050,08,089,"Colorado","Otero County",4,19,272,145,127
050,08,089,"Colorado","Otero County",4,20,255,146,109
050,08,089,"Colorado","Otero County",4,21,189,103,86
050,08,089,"Colorado","Otero County",4,22,190,110,80
050,08,089,"Colorado","Otero County",4,23,198,113,85
050,08,089,"Colorado","Otero County",4,24,177,87,90
050,08,089,"Colorado","Otero County",4,25,171,89,82
050,08,089,"Colorado","Otero County",4,26,196,105,91
050,08,089,"Colorado","Otero County",4,27,200,95,105
050,08,089,"Colorado","Otero County",4,28,230,114,116
050,08,089,"Colorado","Otero County",4,29,231,116,115
050,08,089,"Colorado","Otero County",4,30,203,107,96
050,08,089,"Colorado","Otero County",4,31,214,113,101
050,08,089,"Colorado","Otero County",4,32,228,122,106
050,08,089,"Colorado","Otero County",4,33,220,111,109
050,08,089,"Colorado","Otero County",4,34,195,99,96
050,08,089,"Colorado","Otero County",4,35,202,95,107
050,08,089,"Colorado","Otero County",4,36,206,102,104
050,08,089,"Colorado","Otero County",4,37,217,108,109
050,08,089,"Colorado","Otero County",4,38,232,106,126
050,08,089,"Colorado","Otero County",4,39,218,109,109
050,08,089,"Colorado","Otero County",4,40,244,116,128
050,08,089,"Colorado","Otero County",4,41,238,116,122
050,08,089,"Colorado","Otero County",4,42,231,108,123
050,08,089,"Colorado","Otero County",4,43,202,102,100
050,08,089,"Colorado","Otero County",4,44,218,117,101
050,08,089,"Colorado","Otero County",4,45,196,96,100
050,08,089,"Colorado","Otero County",4,46,200,91,109
050,08,089,"Colorado","Otero County",4,47,212,97,115
050,08,089,"Colorado","Otero County",4,48,199,101,98
050,08,089,"Colorado","Otero County",4,49,181,99,82
050,08,089,"Colorado","Otero County",4,50,199,102,97
050,08,089,"Colorado","Otero County",4,51,196,101,95
050,08,089,"Colorado","Otero County",4,52,193,88,105
050,08,089,"Colorado","Otero County",4,53,189,91,98
050,08,089,"Colorado","Otero County",4,54,177,74,103
050,08,089,"Colorado","Otero County",4,55,183,82,101
050,08,089,"Colorado","Otero County",4,56,193,95,98
050,08,089,"Colorado","Otero County",4,57,243,132,111
050,08,089,"Colorado","Otero County",4,58,245,121,124
050,08,089,"Colorado","Otero County",4,59,251,122,129
050,08,089,"Colorado","Otero County",4,60,234,108,126
050,08,089,"Colorado","Otero County",4,61,246,115,131
050,08,089,"Colorado","Otero County",4,62,259,116,143
050,08,089,"Colorado","Otero County",4,63,259,120,139
050,08,089,"Colorado","Otero County",4,64,241,121,120
050,08,089,"Colorado","Otero County",4,65,245,126,119
050,08,089,"Colorado","Otero County",4,66,235,116,119
050,08,089,"Colorado","Otero County",4,67,214,106,108
050,08,089,"Colorado","Otero County",4,68,232,118,114
050,08,089,"Colorado","Otero County",4,69,230,113,117
050,08,089,"Colorado","Otero County",4,70,223,110,113
050,08,089,"Colorado","Otero County",4,71,205,94,111
050,08,089,"Colorado","Otero County",4,72,212,101,111
050,08,089,"Colorado","Otero County",4,73,213,111,102
050,08,089,"Colorado","Otero County",4,74,203,99,104
050,08,089,"Colorado","Otero County",4,75,194,89,105
050,08,089,"Colorado","Otero County",4,76,142,66,76
050,08,089,"Colorado","Otero County",4,77,134,64,70
050,08,089,"Colorado","Otero County",4,78,124,62,62
050,08,089,"Colorado","Otero County",4,79,120,55,65
050,08,089,"Colorado","Otero County",4,80,108,49,59
050,08,089,"Colorado","Otero County",4,81,106,43,63
050,08,089,"Colorado","Otero County",4,82,92,40,52
050,08,089,"Colorado","Otero County",4,83,88,39,49
050,08,089,"Colorado","Otero County",4,84,87,30,57
050,08,089,"Colorado","Otero County",4,85,472,180,292
050,08,089,"Colorado","Otero County",5,0,200,103,97
050,08,089,"Colorado","Otero County",5,1,197,102,95
050,08,089,"Colorado","Otero County",5,2,223,118,105
050,08,089,"Colorado","Otero County",5,3,188,102,86
050,08,089,"Colorado","Otero County",5,4,212,111,101
050,08,089,"Colorado","Otero County",5,5,221,125,96
050,08,089,"Colorado","Otero County",5,6,238,129,109
050,08,089,"Colorado","Otero County",5,7,245,118,127
050,08,089,"Colorado","Otero County",5,8,231,118,113
050,08,089,"Colorado","Otero County",5,9,247,127,120
050,08,089,"Colorado","Otero County",5,10,235,118,117
050,08,089,"Colorado","Otero County",5,11,256,125,131
050,08,089,"Colorado","Otero County",5,12,231,108,123
050,08,089,"Colorado","Otero County",5,13,248,115,133
050,08,089,"Colorado","Otero County",5,14,249,123,126
050,08,089,"Colorado","Otero County",5,15,251,131,120
050,08,089,"Colorado","Otero County",5,16,260,136,124
050,08,089,"Colorado","Otero County",5,17,247,127,120
050,08,089,"Colorado","Otero County",5,18,268,126,142
050,08,089,"Colorado","Otero County",5,19,267,146,121
050,08,089,"Colorado","Otero County",5,20,245,135,110
050,08,089,"Colorado","Otero County",5,21,223,133,90
050,08,089,"Colorado","Otero County",5,22,185,97,88
050,08,089,"Colorado","Otero County",5,23,194,109,85
050,08,089,"Colorado","Otero County",5,24,190,108,82
050,08,089,"Colorado","Otero County",5,25,177,89,88
050,08,089,"Colorado","Otero County",5,26,174,89,85
050,08,089,"Colorado","Otero County",5,27,189,102,87
050,08,089,"Colorado","Otero County",5,28,210,104,106
050,08,089,"Colorado","Otero County",5,29,221,103,118
050,08,089,"Colorado","Otero County",5,30,237,119,118
050,08,089,"Colorado","Otero County",5,31,204,108,96
050,08,089,"Colorado","Otero County",5,32,225,118,107
050,08,089,"Colorado","Otero County",5,33,219,112,107
050,08,089,"Colorado","Otero County",5,34,213,109,104
050,08,089,"Colorado","Otero County",5,35,197,101,96
050,08,089,"Colorado","Otero County",5,36,200,96,104
050,08,089,"Colorado","Otero County",5,37,195,98,97
050,08,089,"Colorado","Otero County",5,38,223,108,115
050,08,089,"Colorado","Otero County",5,39,239,106,133
050,08,089,"Colorado","Otero County",5,40,216,112,104
050,08,089,"Colorado","Otero County",5,41,236,116,120
050,08,089,"Colorado","Otero County",5,42,231,110,121
050,08,089,"Colorado","Otero County",5,43,228,112,116
050,08,089,"Colorado","Otero County",5,44,202,101,101
050,08,089,"Colorado","Otero County",5,45,213,113,100
050,08,089,"Colorado","Otero County",5,46,200,93,107
050,08,089,"Colorado","Otero County",5,47,192,90,102
050,08,089,"Colorado","Otero County",5,48,201,89,112
050,08,089,"Colorado","Otero County",5,49,195,100,95
050,08,089,"Colorado","Otero County",5,50,178,98,80
050,08,089,"Colorado","Otero County",5,51,197,104,93
050,08,089,"Colorado","Otero County",5,52,192,97,95
050,08,089,"Colorado","Otero County",5,53,191,89,102
050,08,089,"Colorado","Otero County",5,54,198,93,105
050,08,089,"Colorado","Otero County",5,55,170,69,101
050,08,089,"Colorado","Otero County",5,56,173,77,96
050,08,089,"Colorado","Otero County",5,57,193,92,101
050,08,089,"Colorado","Otero County",5,58,238,130,108
050,08,089,"Colorado","Otero County",5,59,247,120,127
050,08,089,"Colorado","Otero County",5,60,243,121,122
050,08,089,"Colorado","Otero County",5,61,234,106,128
050,08,089,"Colorado","Otero County",5,62,246,113,133
050,08,089,"Colorado","Otero County",5,63,263,113,150
050,08,089,"Colorado","Otero County",5,64,258,117,141
050,08,089,"Colorado","Otero County",5,65,245,119,126
050,08,089,"Colorado","Otero County",5,66,239,126,113
050,08,089,"Colorado","Otero County",5,67,231,113,118
050,08,089,"Colorado","Otero County",5,68,219,106,113
050,08,089,"Colorado","Otero County",5,69,222,112,110
050,08,089,"Colorado","Otero County",5,70,230,111,119
050,08,089,"Colorado","Otero County",5,71,218,104,114
050,08,089,"Colorado","Otero County",5,72,200,91,109
050,08,089,"Colorado","Otero County",5,73,202,96,106
050,08,089,"Colorado","Otero County",5,74,213,108,105
050,08,089,"Colorado","Otero County",5,75,194,97,97
050,08,089,"Colorado","Otero County",5,76,183,81,102
050,08,089,"Colorado","Otero County",5,77,139,65,74
050,08,089,"Colorado","Otero County",5,78,121,54,67
050,08,089,"Colorado","Otero County",5,79,120,56,64
050,08,089,"Colorado","Otero County",5,80,111,52,59
050,08,089,"Colorado","Otero County",5,81,105,50,55
050,08,089,"Colorado","Otero County",5,82,94,40,54
050,08,089,"Colorado","Otero County",5,83,80,34,46
050,08,089,"Colorado","Otero County",5,84,75,34,41
050,08,089,"Colorado","Otero County",5,85,486,174,312
050,08,091,"Colorado","Ouray County",1,0,22,11,11
050,08,091,"Colorado","Ouray County",1,1,26,12,14
050,08,091,"Colorado","Ouray County",1,2,30,13,17
050,08,091,"Colorado","Ouray County",1,3,38,15,23
050,08,091,"Colorado","Ouray County",1,4,33,24,9
050,08,091,"Colorado","Ouray County",1,5,24,17,7
050,08,091,"Colorado","Ouray County",1,6,31,20,11
050,08,091,"Colorado","Ouray County",1,7,50,33,17
050,08,091,"Colorado","Ouray County",1,8,48,25,23
050,08,091,"Colorado","Ouray County",1,9,43,17,26
050,08,091,"Colorado","Ouray County",1,10,38,14,24
050,08,091,"Colorado","Ouray County",1,11,46,23,23
050,08,091,"Colorado","Ouray County",1,12,40,19,21
050,08,091,"Colorado","Ouray County",1,13,42,21,21
050,08,091,"Colorado","Ouray County",1,14,45,24,21
050,08,091,"Colorado","Ouray County",1,15,54,23,31
050,08,091,"Colorado","Ouray County",1,16,53,26,27
050,08,091,"Colorado","Ouray County",1,17,61,31,30
050,08,091,"Colorado","Ouray County",1,18,44,22,22
050,08,091,"Colorado","Ouray County",1,19,35,17,18
050,08,091,"Colorado","Ouray County",1,20,30,16,14
050,08,091,"Colorado","Ouray County",1,21,27,13,14
050,08,091,"Colorado","Ouray County",1,22,28,13,15
050,08,091,"Colorado","Ouray County",1,23,29,18,11
050,08,091,"Colorado","Ouray County",1,24,21,10,11
050,08,091,"Colorado","Ouray County",1,25,23,12,11
050,08,091,"Colorado","Ouray County",1,26,37,20,17
050,08,091,"Colorado","Ouray County",1,27,43,17,26
050,08,091,"Colorado","Ouray County",1,28,33,18,15
050,08,091,"Colorado","Ouray County",1,29,42,21,21
050,08,091,"Colorado","Ouray County",1,30,32,18,14
050,08,091,"Colorado","Ouray County",1,31,43,22,21
050,08,091,"Colorado","Ouray County",1,32,51,21,30
050,08,091,"Colorado","Ouray County",1,33,40,19,21
050,08,091,"Colorado","Ouray County",1,34,44,25,19
050,08,091,"Colorado","Ouray County",1,35,48,22,26
050,08,091,"Colorado","Ouray County",1,36,66,29,37
050,08,091,"Colorado","Ouray County",1,37,54,24,30
050,08,091,"Colorado","Ouray County",1,38,49,22,27
050,08,091,"Colorado","Ouray County",1,39,55,30,25
050,08,091,"Colorado","Ouray County",1,40,54,27,27
050,08,091,"Colorado","Ouray County",1,41,46,26,20
050,08,091,"Colorado","Ouray County",1,42,40,24,16
050,08,091,"Colorado","Ouray County",1,43,59,32,27
050,08,091,"Colorado","Ouray County",1,44,61,35,26
050,08,091,"Colorado","Ouray County",1,45,65,36,29
050,08,091,"Colorado","Ouray County",1,46,74,37,37
050,08,091,"Colorado","Ouray County",1,47,53,23,30
050,08,091,"Colorado","Ouray County",1,48,56,30,26
050,08,091,"Colorado","Ouray County",1,49,70,34,36
050,08,091,"Colorado","Ouray County",1,50,62,34,28
050,08,091,"Colorado","Ouray County",1,51,59,36,23
050,08,091,"Colorado","Ouray County",1,52,51,28,23
050,08,091,"Colorado","Ouray County",1,53,64,28,36
050,08,091,"Colorado","Ouray County",1,54,64,28,36
050,08,091,"Colorado","Ouray County",1,55,84,35,49
050,08,091,"Colorado","Ouray County",1,56,87,38,49
050,08,091,"Colorado","Ouray County",1,57,92,47,45
050,08,091,"Colorado","Ouray County",1,58,86,43,43
050,08,091,"Colorado","Ouray County",1,59,79,41,38
050,08,091,"Colorado","Ouray County",1,60,106,52,54
050,08,091,"Colorado","Ouray County",1,61,99,47,52
050,08,091,"Colorado","Ouray County",1,62,126,56,70
050,08,091,"Colorado","Ouray County",1,63,112,52,60
050,08,091,"Colorado","Ouray County",1,64,119,70,49
050,08,091,"Colorado","Ouray County",1,65,124,62,62
050,08,091,"Colorado","Ouray County",1,66,102,51,51
050,08,091,"Colorado","Ouray County",1,67,106,58,48
050,08,091,"Colorado","Ouray County",1,68,120,60,60
050,08,091,"Colorado","Ouray County",1,69,92,42,50
050,08,091,"Colorado","Ouray County",1,70,92,49,43
050,08,091,"Colorado","Ouray County",1,71,96,49,47
050,08,091,"Colorado","Ouray County",1,72,91,42,49
050,08,091,"Colorado","Ouray County",1,73,92,48,44
050,08,091,"Colorado","Ouray County",1,74,65,36,29
050,08,091,"Colorado","Ouray County",1,75,58,31,27
050,08,091,"Colorado","Ouray County",1,76,57,26,31
050,08,091,"Colorado","Ouray County",1,77,55,30,25
050,08,091,"Colorado","Ouray County",1,78,44,19,25
050,08,091,"Colorado","Ouray County",1,79,31,15,16
050,08,091,"Colorado","Ouray County",1,80,32,20,12
050,08,091,"Colorado","Ouray County",1,81,32,21,11
050,08,091,"Colorado","Ouray County",1,82,23,16,7
050,08,091,"Colorado","Ouray County",1,83,14,9,5
050,08,091,"Colorado","Ouray County",1,84,10,6,4
050,08,091,"Colorado","Ouray County",1,85,78,40,38
050,08,091,"Colorado","Ouray County",2,0,28,13,15
050,08,091,"Colorado","Ouray County",2,1,25,12,13
050,08,091,"Colorado","Ouray County",2,2,29,13,16
050,08,091,"Colorado","Ouray County",2,3,36,14,22
050,08,091,"Colorado","Ouray County",2,4,35,23,12
050,08,091,"Colorado","Ouray County",2,5,27,19,8
050,08,091,"Colorado","Ouray County",2,6,29,19,10
050,08,091,"Colorado","Ouray County",2,7,44,29,15
050,08,091,"Colorado","Ouray County",2,8,48,26,22
050,08,091,"Colorado","Ouray County",2,9,44,19,25
050,08,091,"Colorado","Ouray County",2,10,40,15,25
050,08,091,"Colorado","Ouray County",2,11,42,19,23
050,08,091,"Colorado","Ouray County",2,12,41,20,21
050,08,091,"Colorado","Ouray County",2,13,42,21,21
050,08,091,"Colorado","Ouray County",2,14,43,23,20
050,08,091,"Colorado","Ouray County",2,15,51,23,28
050,08,091,"Colorado","Ouray County",2,16,55,26,29
050,08,091,"Colorado","Ouray County",2,17,57,29,28
050,08,091,"Colorado","Ouray County",2,18,46,23,23
050,08,091,"Colorado","Ouray County",2,19,34,16,18
050,08,091,"Colorado","Ouray County",2,20,33,17,16
050,08,091,"Colorado","Ouray County",2,21,26,13,13
050,08,091,"Colorado","Ouray County",2,22,28,13,15
050,08,091,"Colorado","Ouray County",2,23,28,17,11
050,08,091,"Colorado","Ouray County",2,24,20,10,10
050,08,091,"Colorado","Ouray County",2,25,23,12,11
050,08,091,"Colorado","Ouray County",2,26,36,19,17
050,08,091,"Colorado","Ouray County",2,27,40,17,23
050,08,091,"Colorado","Ouray County",2,28,37,18,19
050,08,091,"Colorado","Ouray County",2,29,40,20,20
050,08,091,"Colorado","Ouray County",2,30,37,21,16
050,08,091,"Colorado","Ouray County",2,31,41,21,20
050,08,091,"Colorado","Ouray County",2,32,49,21,28
050,08,091,"Colorado","Ouray County",2,33,43,20,23
050,08,091,"Colorado","Ouray County",2,34,42,23,19
050,08,091,"Colorado","Ouray County",2,35,50,24,26
050,08,091,"Colorado","Ouray County",2,36,63,28,35
050,08,091,"Colorado","Ouray County",2,37,56,24,32
050,08,091,"Colorado","Ouray County",2,38,50,23,27
050,08,091,"Colorado","Ouray County",2,39,54,29,25
050,08,091,"Colorado","Ouray County",2,40,55,28,27
050,08,091,"Colorado","Ouray County",2,41,48,27,21
050,08,091,"Colorado","Ouray County",2,42,42,26,16
050,08,091,"Colorado","Ouray County",2,43,55,30,25
050,08,091,"Colorado","Ouray County",2,44,60,33,27
050,08,091,"Colorado","Ouray County",2,45,63,36,27
050,08,091,"Colorado","Ouray County",2,46,70,35,35
050,08,091,"Colorado","Ouray County",2,47,58,27,31
050,08,091,"Colorado","Ouray County",2,48,57,29,28
050,08,091,"Colorado","Ouray County",2,49,66,32,34
050,08,091,"Colorado","Ouray County",2,50,62,34,28
050,08,091,"Colorado","Ouray County",2,51,59,35,24
050,08,091,"Colorado","Ouray County",2,52,53,30,23
050,08,091,"Colorado","Ouray County",2,53,61,28,33
050,08,091,"Colorado","Ouray County",2,54,64,28,36
050,08,091,"Colorado","Ouray County",2,55,80,34,46
050,08,091,"Colorado","Ouray County",2,56,87,37,50
050,08,091,"Colorado","Ouray County",2,57,92,46,46
050,08,091,"Colorado","Ouray County",2,58,89,45,44
050,08,091,"Colorado","Ouray County",2,59,82,42,40
050,08,091,"Colorado","Ouray County",2,60,99,49,50
050,08,091,"Colorado","Ouray County",2,61,103,49,54
050,08,091,"Colorado","Ouray County",2,62,118,52,66
050,08,091,"Colorado","Ouray County",2,63,118,55,63
050,08,091,"Colorado","Ouray County",2,64,118,66,52
050,08,091,"Colorado","Ouray County",2,65,124,65,59
050,08,091,"Colorado","Ouray County",2,66,109,54,55
050,08,091,"Colorado","Ouray County",2,67,103,55,48
050,08,091,"Colorado","Ouray County",2,68,116,59,57
050,08,091,"Colorado","Ouray County",2,69,99,47,52
050,08,091,"Colorado","Ouray County",2,70,92,47,45
050,08,091,"Colorado","Ouray County",2,71,97,50,47
050,08,091,"Colorado","Ouray County",2,72,89,42,47
050,08,091,"Colorado","Ouray County",2,73,96,49,47
050,08,091,"Colorado","Ouray County",2,74,66,36,30
050,08,091,"Colorado","Ouray County",2,75,61,33,28
050,08,091,"Colorado","Ouray County",2,76,57,27,30
050,08,091,"Colorado","Ouray County",2,77,57,30,27
050,08,091,"Colorado","Ouray County",2,78,44,20,24
050,08,091,"Colorado","Ouray County",2,79,33,15,18
050,08,091,"Colorado","Ouray County",2,80,31,19,12
050,08,091,"Colorado","Ouray County",2,81,28,17,11
050,08,091,"Colorado","Ouray County",2,82,26,18,8
050,08,091,"Colorado","Ouray County",2,83,15,10,5
050,08,091,"Colorado","Ouray County",2,84,10,6,4
050,08,091,"Colorado","Ouray County",2,85,78,40,38
050,08,091,"Colorado","Ouray County",3,0,39,17,22
050,08,091,"Colorado","Ouray County",3,1,29,12,17
050,08,091,"Colorado","Ouray County",3,2,27,14,13
050,08,091,"Colorado","Ouray County",3,3,27,13,14
050,08,091,"Colorado","Ouray County",3,4,38,15,23
050,08,091,"Colorado","Ouray County",3,5,36,23,13
050,08,091,"Colorado","Ouray County",3,6,34,21,13
050,08,091,"Colorado","Ouray County",3,7,28,18,10
050,08,091,"Colorado","Ouray County",3,8,48,29,19
050,08,091,"Colorado","Ouray County",3,9,50,25,25
050,08,091,"Colorado","Ouray County",3,10,46,19,27
050,08,091,"Colorado","Ouray County",3,11,43,18,25
050,08,091,"Colorado","Ouray County",3,12,48,20,28
050,08,091,"Colorado","Ouray County",3,13,40,19,21
050,08,091,"Colorado","Ouray County",3,14,47,23,24
050,08,091,"Colorado","Ouray County",3,15,40,20,20
050,08,091,"Colorado","Ouray County",3,16,55,29,26
050,08,091,"Colorado","Ouray County",3,17,46,24,22
050,08,091,"Colorado","Ouray County",3,18,47,25,22
050,08,091,"Colorado","Ouray County",3,19,29,16,13
050,08,091,"Colorado","Ouray County",3,20,35,18,17
050,08,091,"Colorado","Ouray County",3,21,28,12,16
050,08,091,"Colorado","Ouray County",3,22,27,14,13
050,08,091,"Colorado","Ouray County",3,23,26,12,14
050,08,091,"Colorado","Ouray County",3,24,31,18,13
050,08,091,"Colorado","Ouray County",3,25,30,14,16
050,08,091,"Colorado","Ouray County",3,26,18,6,12
050,08,091,"Colorado","Ouray County",3,27,39,21,18
050,08,091,"Colorado","Ouray County",3,28,44,19,25
050,08,091,"Colorado","Ouray County",3,29,46,25,21
050,08,091,"Colorado","Ouray County",3,30,46,23,23
050,08,091,"Colorado","Ouray County",3,31,42,21,21
050,08,091,"Colorado","Ouray County",3,32,52,25,27
050,08,091,"Colorado","Ouray County",3,33,65,34,31
050,08,091,"Colorado","Ouray County",3,34,53,26,27
050,08,091,"Colorado","Ouray County",3,35,47,29,18
050,08,091,"Colorado","Ouray County",3,36,55,26,29
050,08,091,"Colorado","Ouray County",3,37,59,30,29
050,08,091,"Colorado","Ouray County",3,38,66,32,34
050,08,091,"Colorado","Ouray County",3,39,65,32,33
050,08,091,"Colorado","Ouray County",3,40,69,40,29
050,08,091,"Colorado","Ouray County",3,41,53,25,28
050,08,091,"Colorado","Ouray County",3,42,50,28,22
050,08,091,"Colorado","Ouray County",3,43,41,23,18
050,08,091,"Colorado","Ouray County",3,44,62,31,31
050,08,091,"Colorado","Ouray County",3,45,58,32,26
050,08,091,"Colorado","Ouray County",3,46,67,37,30
050,08,091,"Colorado","Ouray County",3,47,77,39,38
050,08,091,"Colorado","Ouray County",3,48,62,28,34
050,08,091,"Colorado","Ouray County",3,49,59,29,30
050,08,091,"Colorado","Ouray County",3,50,69,35,34
050,08,091,"Colorado","Ouray County",3,51,64,37,27
050,08,091,"Colorado","Ouray County",3,52,60,36,24
050,08,091,"Colorado","Ouray County",3,53,55,31,24
050,08,091,"Colorado","Ouray County",3,54,60,30,30
050,08,091,"Colorado","Ouray County",3,55,64,31,33
050,08,091,"Colorado","Ouray County",3,56,79,33,46
050,08,091,"Colorado","Ouray County",3,57,90,38,52
050,08,091,"Colorado","Ouray County",3,58,92,46,46
050,08,091,"Colorado","Ouray County",3,59,94,44,50
050,08,091,"Colorado","Ouray County",3,60,80,42,38
050,08,091,"Colorado","Ouray County",3,61,105,49,56
050,08,091,"Colorado","Ouray County",3,62,107,49,58
050,08,091,"Colorado","Ouray County",3,63,119,51,68
050,08,091,"Colorado","Ouray County",3,64,123,55,68
050,08,091,"Colorado","Ouray County",3,65,124,72,52
050,08,091,"Colorado","Ouray County",3,66,128,69,59
050,08,091,"Colorado","Ouray County",3,67,110,54,56
050,08,091,"Colorado","Ouray County",3,68,102,53,49
050,08,091,"Colorado","Ouray County",3,69,121,63,58
050,08,091,"Colorado","Ouray County",3,70,99,47,52
050,08,091,"Colorado","Ouray County",3,71,92,46,46
050,08,091,"Colorado","Ouray County",3,72,94,49,45
050,08,091,"Colorado","Ouray County",3,73,92,44,48
050,08,091,"Colorado","Ouray County",3,74,96,46,50
050,08,091,"Colorado","Ouray County",3,75,61,34,27
050,08,091,"Colorado","Ouray County",3,76,61,33,28
050,08,091,"Colorado","Ouray County",3,77,51,24,27
050,08,091,"Colorado","Ouray County",3,78,56,29,27
050,08,091,"Colorado","Ouray County",3,79,43,20,23
050,08,091,"Colorado","Ouray County",3,80,33,15,18
050,08,091,"Colorado","Ouray County",3,81,31,19,12
050,08,091,"Colorado","Ouray County",3,82,26,16,10
050,08,091,"Colorado","Ouray County",3,83,22,15,7
050,08,091,"Colorado","Ouray County",3,84,14,9,5
050,08,091,"Colorado","Ouray County",3,85,77,38,39
050,08,091,"Colorado","Ouray County",4,0,32,16,16
050,08,091,"Colorado","Ouray County",4,1,43,23,20
050,08,091,"Colorado","Ouray County",4,2,35,15,20
050,08,091,"Colorado","Ouray County",4,3,31,13,18
050,08,091,"Colorado","Ouray County",4,4,31,16,15
050,08,091,"Colorado","Ouray County",4,5,42,18,24
050,08,091,"Colorado","Ouray County",4,6,42,24,18
050,08,091,"Colorado","Ouray County",4,7,31,22,9
050,08,091,"Colorado","Ouray County",4,8,30,19,11
050,08,091,"Colorado","Ouray County",4,9,47,29,18
050,08,091,"Colorado","Ouray County",4,10,51,25,26
050,08,091,"Colorado","Ouray County",4,11,46,19,27
050,08,091,"Colorado","Ouray County",4,12,42,17,25
050,08,091,"Colorado","Ouray County",4,13,45,19,26
050,08,091,"Colorado","Ouray County",4,14,36,16,20
050,08,091,"Colorado","Ouray County",4,15,41,20,21
050,08,091,"Colorado","Ouray County",4,16,44,21,23
050,08,091,"Colorado","Ouray County",4,17,55,29,26
050,08,091,"Colorado","Ouray County",4,18,39,22,17
050,08,091,"Colorado","Ouray County",4,19,31,15,16
050,08,091,"Colorado","Ouray County",4,20,29,14,15
050,08,091,"Colorado","Ouray County",4,21,32,16,16
050,08,091,"Colorado","Ouray County",4,22,27,13,14
050,08,091,"Colorado","Ouray County",4,23,32,19,13
050,08,091,"Colorado","Ouray County",4,24,33,14,19
050,08,091,"Colorado","Ouray County",4,25,28,13,15
050,08,091,"Colorado","Ouray County",4,26,28,12,16
050,08,091,"Colorado","Ouray County",4,27,29,10,19
050,08,091,"Colorado","Ouray County",4,28,41,24,17
050,08,091,"Colorado","Ouray County",4,29,51,22,29
050,08,091,"Colorado","Ouray County",4,30,45,22,23
050,08,091,"Colorado","Ouray County",4,31,46,21,25
050,08,091,"Colorado","Ouray County",4,32,41,23,18
050,08,091,"Colorado","Ouray County",4,33,57,33,24
050,08,091,"Colorado","Ouray County",4,34,62,33,29
050,08,091,"Colorado","Ouray County",4,35,52,23,29
050,08,091,"Colorado","Ouray County",4,36,49,26,23
050,08,091,"Colorado","Ouray County",4,37,59,29,30
050,08,091,"Colorado","Ouray County",4,38,60,28,32
050,08,091,"Colorado","Ouray County",4,39,72,40,32
050,08,091,"Colorado","Ouray County",4,40,68,31,37
050,08,091,"Colorado","Ouray County",4,41,74,40,34
050,08,091,"Colorado","Ouray County",4,42,59,29,30
050,08,091,"Colorado","Ouray County",4,43,54,25,29
050,08,091,"Colorado","Ouray County",4,44,45,27,18
050,08,091,"Colorado","Ouray County",4,45,64,33,31
050,08,091,"Colorado","Ouray County",4,46,56,32,24
050,08,091,"Colorado","Ouray County",4,47,70,42,28
050,08,091,"Colorado","Ouray County",4,48,72,32,40
050,08,091,"Colorado","Ouray County",4,49,63,31,32
050,08,091,"Colorado","Ouray County",4,50,55,23,32
050,08,091,"Colorado","Ouray County",4,51,73,39,34
050,08,091,"Colorado","Ouray County",4,52,64,36,28
050,08,091,"Colorado","Ouray County",4,53,67,36,31
050,08,091,"Colorado","Ouray County",4,54,57,31,26
050,08,091,"Colorado","Ouray County",4,55,64,33,31
050,08,091,"Colorado","Ouray County",4,56,58,28,30
050,08,091,"Colorado","Ouray County",4,57,81,37,44
050,08,091,"Colorado","Ouray County",4,58,86,38,48
050,08,091,"Colorado","Ouray County",4,59,86,45,41
050,08,091,"Colorado","Ouray County",4,60,88,43,45
050,08,091,"Colorado","Ouray County",4,61,78,42,36
050,08,091,"Colorado","Ouray County",4,62,109,55,54
050,08,091,"Colorado","Ouray County",4,63,114,50,64
050,08,091,"Colorado","Ouray County",4,64,124,56,68
050,08,091,"Colorado","Ouray County",4,65,117,50,67
050,08,091,"Colorado","Ouray County",4,66,133,77,56
050,08,091,"Colorado","Ouray County",4,67,124,68,56
050,08,091,"Colorado","Ouray County",4,68,112,54,58
050,08,091,"Colorado","Ouray County",4,69,94,47,47
050,08,091,"Colorado","Ouray County",4,70,125,66,59
050,08,091,"Colorado","Ouray County",4,71,97,47,50
050,08,091,"Colorado","Ouray County",4,72,91,48,43
050,08,091,"Colorado","Ouray County",4,73,92,48,44
050,08,091,"Colorado","Ouray County",4,74,96,47,49
050,08,091,"Colorado","Ouray County",4,75,95,46,49
050,08,091,"Colorado","Ouray County",4,76,61,33,28
050,08,091,"Colorado","Ouray County",4,77,56,31,25
050,08,091,"Colorado","Ouray County",4,78,45,20,25
050,08,091,"Colorado","Ouray County",4,79,56,29,27
050,08,091,"Colorado","Ouray County",4,80,38,19,19
050,08,091,"Colorado","Ouray County",4,81,31,14,17
050,08,091,"Colorado","Ouray County",4,82,26,14,12
050,08,091,"Colorado","Ouray County",4,83,19,14,5
050,08,091,"Colorado","Ouray County",4,84,19,14,5
050,08,091,"Colorado","Ouray County",4,85,80,38,42
050,08,091,"Colorado","Ouray County",5,0,32,17,15
050,08,091,"Colorado","Ouray County",5,1,35,17,18
050,08,091,"Colorado","Ouray County",5,2,46,25,21
050,08,091,"Colorado","Ouray County",5,3,34,13,21
050,08,091,"Colorado","Ouray County",5,4,31,17,14
050,08,091,"Colorado","Ouray County",5,5,28,12,16
050,08,091,"Colorado","Ouray County",5,6,47,21,26
050,08,091,"Colorado","Ouray County",5,7,39,26,13
050,08,091,"Colorado","Ouray County",5,8,28,20,8
050,08,091,"Colorado","Ouray County",5,9,28,17,11
050,08,091,"Colorado","Ouray County",5,10,45,29,16
050,08,091,"Colorado","Ouray County",5,11,46,23,23
050,08,091,"Colorado","Ouray County",5,12,42,20,22
050,08,091,"Colorado","Ouray County",5,13,42,17,25
050,08,091,"Colorado","Ouray County",5,14,43,19,24
050,08,091,"Colorado","Ouray County",5,15,39,19,20
050,08,091,"Colorado","Ouray County",5,16,39,18,21
050,08,091,"Colorado","Ouray County",5,17,44,22,22
050,08,091,"Colorado","Ouray County",5,18,46,23,23
050,08,091,"Colorado","Ouray County",5,19,29,15,14
050,08,091,"Colorado","Ouray County",5,20,34,17,17
050,08,091,"Colorado","Ouray County",5,21,33,15,18
050,08,091,"Colorado","Ouray County",5,22,35,17,18
050,08,091,"Colorado","Ouray County",5,23,29,13,16
050,08,091,"Colorado","Ouray County",5,24,32,18,14
050,08,091,"Colorado","Ouray County",5,25,38,12,26
050,08,091,"Colorado","Ouray County",5,26,30,14,16
050,08,091,"Colorado","Ouray County",5,27,34,15,19
050,08,091,"Colorado","Ouray County",5,28,40,18,22
050,08,091,"Colorado","Ouray County",5,29,37,22,15
050,08,091,"Colorado","Ouray County",5,30,52,21,31
050,08,091,"Colorado","Ouray County",5,31,54,24,30
050,08,091,"Colorado","Ouray County",5,32,48,28,20
050,08,091,"Colorado","Ouray County",5,33,50,28,22
050,08,091,"Colorado","Ouray County",5,34,53,28,25
050,08,091,"Colorado","Ouray County",5,35,64,36,28
050,08,091,"Colorado","Ouray County",5,36,57,30,27
050,08,091,"Colorado","Ouray County",5,37,49,28,21
050,08,091,"Colorado","Ouray County",5,38,64,33,31
050,08,091,"Colorado","Ouray County",5,39,62,28,34
050,08,091,"Colorado","Ouray County",5,40,65,34,31
050,08,091,"Colorado","Ouray County",5,41,68,31,37
050,08,091,"Colorado","Ouray County",5,42,80,44,36
050,08,091,"Colorado","Ouray County",5,43,60,29,31
050,08,091,"Colorado","Ouray County",5,44,60,32,28
050,08,091,"Colorado","Ouray County",5,45,46,27,19
050,08,091,"Colorado","Ouray County",5,46,62,30,32
050,08,091,"Colorado","Ouray County",5,47,61,36,25
050,08,091,"Colorado","Ouray County",5,48,71,42,29
050,08,091,"Colorado","Ouray County",5,49,75,35,40
050,08,091,"Colorado","Ouray County",5,50,63,34,29
050,08,091,"Colorado","Ouray County",5,51,56,27,29
050,08,091,"Colorado","Ouray County",5,52,61,29,32
050,08,091,"Colorado","Ouray County",5,53,66,36,30
050,08,091,"Colorado","Ouray County",5,54,75,41,34
050,08,091,"Colorado","Ouray County",5,55,57,28,29
050,08,091,"Colorado","Ouray County",5,56,58,24,34
050,08,091,"Colorado","Ouray County",5,57,68,30,38
050,08,091,"Colorado","Ouray County",5,58,84,39,45
050,08,091,"Colorado","Ouray County",5,59,80,38,42
050,08,091,"Colorado","Ouray County",5,60,86,44,42
050,08,091,"Colorado","Ouray County",5,61,93,45,48
050,08,091,"Colorado","Ouray County",5,62,89,45,44
050,08,091,"Colorado","Ouray County",5,63,113,54,59
050,08,091,"Colorado","Ouray County",5,64,118,50,68
050,08,091,"Colorado","Ouray County",5,65,127,62,65
050,08,091,"Colorado","Ouray County",5,66,122,52,70
050,08,091,"Colorado","Ouray County",5,67,136,82,54
050,08,091,"Colorado","Ouray County",5,68,122,65,57
050,08,091,"Colorado","Ouray County",5,69,111,55,56
050,08,091,"Colorado","Ouray County",5,70,95,47,48
050,08,091,"Colorado","Ouray County",5,71,120,61,59
050,08,091,"Colorado","Ouray County",5,72,98,49,49
050,08,091,"Colorado","Ouray County",5,73,89,46,43
050,08,091,"Colorado","Ouray County",5,74,93,48,45
050,08,091,"Colorado","Ouray County",5,75,100,45,55
050,08,091,"Colorado","Ouray County",5,76,97,47,50
050,08,091,"Colorado","Ouray County",5,77,58,33,25
050,08,091,"Colorado","Ouray County",5,78,54,30,24
050,08,091,"Colorado","Ouray County",5,79,43,19,24
050,08,091,"Colorado","Ouray County",5,80,57,29,28
050,08,091,"Colorado","Ouray County",5,81,32,16,16
050,08,091,"Colorado","Ouray County",5,82,28,13,15
050,08,091,"Colorado","Ouray County",5,83,21,12,9
050,08,091,"Colorado","Ouray County",5,84,14,12,2
050,08,091,"Colorado","Ouray County",5,85,86,42,44
050,08,093,"Colorado","Park County",1,0,130,65,65
050,08,093,"Colorado","Park County",1,1,118,56,62
050,08,093,"Colorado","Park County",1,2,104,45,59
050,08,093,"Colorado","Park County",1,3,136,67,69
050,08,093,"Colorado","Park County",1,4,132,69,63
050,08,093,"Colorado","Park County",1,5,145,75,70
050,08,093,"Colorado","Park County",1,6,133,70,63
050,08,093,"Colorado","Park County",1,7,134,73,61
050,08,093,"Colorado","Park County",1,8,130,68,62
050,08,093,"Colorado","Park County",1,9,140,85,55
050,08,093,"Colorado","Park County",1,10,161,86,75
050,08,093,"Colorado","Park County",1,11,170,94,76
050,08,093,"Colorado","Park County",1,12,155,91,64
050,08,093,"Colorado","Park County",1,13,192,108,84
050,08,093,"Colorado","Park County",1,14,164,84,80
050,08,093,"Colorado","Park County",1,15,170,80,90
050,08,093,"Colorado","Park County",1,16,182,85,97
050,08,093,"Colorado","Park County",1,17,165,80,85
050,08,093,"Colorado","Park County",1,18,128,63,65
050,08,093,"Colorado","Park County",1,19,109,62,47
050,08,093,"Colorado","Park County",1,20,113,63,50
050,08,093,"Colorado","Park County",1,21,100,58,42
050,08,093,"Colorado","Park County",1,22,103,53,50
050,08,093,"Colorado","Park County",1,23,96,59,37
050,08,093,"Colorado","Park County",1,24,97,49,48
050,08,093,"Colorado","Park County",1,25,100,53,47
050,08,093,"Colorado","Park County",1,26,146,81,65
050,08,093,"Colorado","Park County",1,27,157,78,79
050,08,093,"Colorado","Park County",1,28,159,89,70
050,08,093,"Colorado","Park County",1,29,161,89,72
050,08,093,"Colorado","Park County",1,30,197,102,95
050,08,093,"Colorado","Park County",1,31,193,96,97
050,08,093,"Colorado","Park County",1,32,172,83,89
050,08,093,"Colorado","Park County",1,33,175,99,76
050,08,093,"Colorado","Park County",1,34,190,91,99
050,08,093,"Colorado","Park County",1,35,193,107,86
050,08,093,"Colorado","Park County",1,36,191,107,84
050,08,093,"Colorado","Park County",1,37,207,110,97
050,08,093,"Colorado","Park County",1,38,212,118,94
050,08,093,"Colorado","Park County",1,39,237,130,107
050,08,093,"Colorado","Park County",1,40,244,135,109
050,08,093,"Colorado","Park County",1,41,238,134,104
050,08,093,"Colorado","Park County",1,42,207,114,93
050,08,093,"Colorado","Park County",1,43,195,108,87
050,08,093,"Colorado","Park County",1,44,206,113,93
050,08,093,"Colorado","Park County",1,45,211,115,96
050,08,093,"Colorado","Park County",1,46,214,116,98
050,08,093,"Colorado","Park County",1,47,205,108,97
050,08,093,"Colorado","Park County",1,48,225,123,102
050,08,093,"Colorado","Park County",1,49,248,135,113
050,08,093,"Colorado","Park County",1,50,280,149,131
050,08,093,"Colorado","Park County",1,51,262,139,123
050,08,093,"Colorado","Park County",1,52,273,141,132
050,08,093,"Colorado","Park County",1,53,277,140,137
050,08,093,"Colorado","Park County",1,54,279,141,138
050,08,093,"Colorado","Park County",1,55,323,177,146
050,08,093,"Colorado","Park County",1,56,347,180,167
050,08,093,"Colorado","Park County",1,57,374,186,188
050,08,093,"Colorado","Park County",1,58,390,213,177
050,08,093,"Colorado","Park County",1,59,394,216,178
050,08,093,"Colorado","Park County",1,60,422,235,187
050,08,093,"Colorado","Park County",1,61,429,220,209
050,08,093,"Colorado","Park County",1,62,411,209,202
050,08,093,"Colorado","Park County",1,63,400,204,196
050,08,093,"Colorado","Park County",1,64,413,218,195
050,08,093,"Colorado","Park County",1,65,396,207,189
050,08,093,"Colorado","Park County",1,66,366,196,170
050,08,093,"Colorado","Park County",1,67,346,193,153
050,08,093,"Colorado","Park County",1,68,309,163,146
050,08,093,"Colorado","Park County",1,69,310,170,140
050,08,093,"Colorado","Park County",1,70,299,157,142
050,08,093,"Colorado","Park County",1,71,253,136,117
050,08,093,"Colorado","Park County",1,72,254,146,108
050,08,093,"Colorado","Park County",1,73,211,129,82
050,08,093,"Colorado","Park County",1,74,129,69,60
050,08,093,"Colorado","Park County",1,75,156,86,70
050,08,093,"Colorado","Park County",1,76,139,79,60
050,08,093,"Colorado","Park County",1,77,118,66,52
050,08,093,"Colorado","Park County",1,78,90,48,42
050,08,093,"Colorado","Park County",1,79,78,37,41
050,08,093,"Colorado","Park County",1,80,69,43,26
050,08,093,"Colorado","Park County",1,81,53,29,24
050,08,093,"Colorado","Park County",1,82,40,22,18
050,08,093,"Colorado","Park County",1,83,36,20,16
050,08,093,"Colorado","Park County",1,84,34,17,17
050,08,093,"Colorado","Park County",1,85,142,61,81
050,08,093,"Colorado","Park County",2,0,138,70,68
050,08,093,"Colorado","Park County",2,1,116,55,61
050,08,093,"Colorado","Park County",2,2,108,48,60
050,08,093,"Colorado","Park County",2,3,126,61,65
050,08,093,"Colorado","Park County",2,4,135,69,66
050,08,093,"Colorado","Park County",2,5,142,73,69
050,08,093,"Colorado","Park County",2,6,139,73,66
050,08,093,"Colorado","Park County",2,7,135,74,61
050,08,093,"Colorado","Park County",2,8,132,71,61
050,08,093,"Colorado","Park County",2,9,137,78,59
050,08,093,"Colorado","Park County",2,10,154,85,69
050,08,093,"Colorado","Park County",2,11,169,93,76
050,08,093,"Colorado","Park County",2,12,161,94,67
050,08,093,"Colorado","Park County",2,13,183,105,78
050,08,093,"Colorado","Park County",2,14,171,90,81
050,08,093,"Colorado","Park County",2,15,170,82,88
050,08,093,"Colorado","Park County",2,16,179,84,95
050,08,093,"Colorado","Park County",2,17,170,81,89
050,08,093,"Colorado","Park County",2,18,129,64,65
050,08,093,"Colorado","Park County",2,19,104,57,47
050,08,093,"Colorado","Park County",2,20,113,64,49
050,08,093,"Colorado","Park County",2,21,105,60,45
050,08,093,"Colorado","Park County",2,22,99,54,45
050,08,093,"Colorado","Park County",2,23,96,57,39
050,08,093,"Colorado","Park County",2,24,96,51,45
050,08,093,"Colorado","Park County",2,25,105,55,50
050,08,093,"Colorado","Park County",2,26,139,76,63
050,08,093,"Colorado","Park County",2,27,155,79,76
050,08,093,"Colorado","Park County",2,28,157,86,71
050,08,093,"Colorado","Park County",2,29,161,88,73
050,08,093,"Colorado","Park County",2,30,197,103,94
050,08,093,"Colorado","Park County",2,31,196,98,98
050,08,093,"Colorado","Park County",2,32,178,88,90
050,08,093,"Colorado","Park County",2,33,176,95,81
050,08,093,"Colorado","Park County",2,34,190,95,95
050,08,093,"Colorado","Park County",2,35,195,104,91
050,08,093,"Colorado","Park County",2,36,188,105,83
050,08,093,"Colorado","Park County",2,37,204,110,94
050,08,093,"Colorado","Park County",2,38,215,120,95
050,08,093,"Colorado","Park County",2,39,235,129,106
050,08,093,"Colorado","Park County",2,40,249,137,112
050,08,093,"Colorado","Park County",2,41,241,135,106
050,08,093,"Colorado","Park County",2,42,215,121,94
050,08,093,"Colorado","Park County",2,43,202,111,91
050,08,093,"Colorado","Park County",2,44,202,111,91
050,08,093,"Colorado","Park County",2,45,208,114,94
050,08,093,"Colorado","Park County",2,46,211,114,97
050,08,093,"Colorado","Park County",2,47,205,108,97
050,08,093,"Colorado","Park County",2,48,222,121,101
050,08,093,"Colorado","Park County",2,49,246,134,112
050,08,093,"Colorado","Park County",2,50,273,146,127
050,08,093,"Colorado","Park County",2,51,271,143,128
050,08,093,"Colorado","Park County",2,52,271,141,130
050,08,093,"Colorado","Park County",2,53,276,140,136
050,08,093,"Colorado","Park County",2,54,279,142,137
050,08,093,"Colorado","Park County",2,55,316,170,146
050,08,093,"Colorado","Park County",2,56,342,179,163
050,08,093,"Colorado","Park County",2,57,367,183,184
050,08,093,"Colorado","Park County",2,58,382,203,179
050,08,093,"Colorado","Park County",2,59,397,217,180
050,08,093,"Colorado","Park County",2,60,415,230,185
050,08,093,"Colorado","Park County",2,61,423,222,201
050,08,093,"Colorado","Park County",2,62,411,208,203
050,08,093,"Colorado","Park County",2,63,403,207,196
050,08,093,"Colorado","Park County",2,64,406,213,193
050,08,093,"Colorado","Park County",2,65,400,210,190
050,08,093,"Colorado","Park County",2,66,373,199,174
050,08,093,"Colorado","Park County",2,67,350,193,157
050,08,093,"Colorado","Park County",2,68,314,168,146
050,08,093,"Colorado","Park County",2,69,310,169,141
050,08,093,"Colorado","Park County",2,70,298,157,141
050,08,093,"Colorado","Park County",2,71,263,141,122
050,08,093,"Colorado","Park County",2,72,247,140,107
050,08,093,"Colorado","Park County",2,73,229,137,92
050,08,093,"Colorado","Park County",2,74,135,76,59
050,08,093,"Colorado","Park County",2,75,149,81,68
050,08,093,"Colorado","Park County",2,76,140,79,61
050,08,093,"Colorado","Park County",2,77,125,70,55
050,08,093,"Colorado","Park County",2,78,93,50,43
050,08,093,"Colorado","Park County",2,79,80,40,40
050,08,093,"Colorado","Park County",2,80,73,43,30
050,08,093,"Colorado","Park County",2,81,54,30,24
050,08,093,"Colorado","Park County",2,82,41,23,18
050,08,093,"Colorado","Park County",2,83,37,20,17
050,08,093,"Colorado","Park County",2,84,34,18,16
050,08,093,"Colorado","Park County",2,85,142,61,81
050,08,093,"Colorado","Park County",3,0,126,63,63
050,08,093,"Colorado","Park County",3,1,133,68,65
050,08,093,"Colorado","Park County",3,2,128,55,73
050,08,093,"Colorado","Park County",3,3,115,49,66
050,08,093,"Colorado","Park County",3,4,130,59,71
050,08,093,"Colorado","Park County",3,5,140,69,71
050,08,093,"Colorado","Park County",3,6,148,77,71
050,08,093,"Colorado","Park County",3,7,134,64,70
050,08,093,"Colorado","Park County",3,8,135,80,55
050,08,093,"Colorado","Park County",3,9,114,61,53
050,08,093,"Colorado","Park County",3,10,140,78,62
050,08,093,"Colorado","Park County",3,11,158,84,74
050,08,093,"Colorado","Park County",3,12,163,97,66
050,08,093,"Colorado","Park County",3,13,163,94,69
050,08,093,"Colorado","Park County",3,14,169,104,65
050,08,093,"Colorado","Park County",3,15,176,96,80
050,08,093,"Colorado","Park County",3,16,176,90,86
050,08,093,"Colorado","Park County",3,17,185,81,104
050,08,093,"Colorado","Park County",3,18,146,78,68
050,08,093,"Colorado","Park County",3,19,97,51,46
050,08,093,"Colorado","Park County",3,20,106,57,49
050,08,093,"Colorado","Park County",3,21,118,70,48
050,08,093,"Colorado","Park County",3,22,103,53,50
050,08,093,"Colorado","Park County",3,23,112,66,46
050,08,093,"Colorado","Park County",3,24,97,51,46
050,08,093,"Colorado","Park County",3,25,118,70,48
050,08,093,"Colorado","Park County",3,26,112,67,45
050,08,093,"Colorado","Park County",3,27,154,79,75
050,08,093,"Colorado","Park County",3,28,158,89,69
050,08,093,"Colorado","Park County",3,29,177,90,87
050,08,093,"Colorado","Park County",3,30,187,97,90
050,08,093,"Colorado","Park County",3,31,217,105,112
050,08,093,"Colorado","Park County",3,32,215,112,103
050,08,093,"Colorado","Park County",3,33,203,99,104
050,08,093,"Colorado","Park County",3,34,200,109,91
050,08,093,"Colorado","Park County",3,35,219,115,104
050,08,093,"Colorado","Park County",3,36,208,111,97
050,08,093,"Colorado","Park County",3,37,201,109,92
050,08,093,"Colorado","Park County",3,38,227,123,104
050,08,093,"Colorado","Park County",3,39,227,130,97
050,08,093,"Colorado","Park County",3,40,258,149,109
050,08,093,"Colorado","Park County",3,41,247,133,114
050,08,093,"Colorado","Park County",3,42,245,130,115
050,08,093,"Colorado","Park County",3,43,224,122,102
050,08,093,"Colorado","Park County",3,44,208,110,98
050,08,093,"Colorado","Park County",3,45,219,121,98
050,08,093,"Colorado","Park County",3,46,222,129,93
050,08,093,"Colorado","Park County",3,47,233,124,109
050,08,093,"Colorado","Park County",3,48,214,110,104
050,08,093,"Colorado","Park County",3,49,241,133,108
050,08,093,"Colorado","Park County",3,50,271,148,123
050,08,093,"Colorado","Park County",3,51,289,154,135
050,08,093,"Colorado","Park County",3,52,279,148,131
050,08,093,"Colorado","Park County",3,53,270,149,121
050,08,093,"Colorado","Park County",3,54,263,135,128
050,08,093,"Colorado","Park County",3,55,285,140,145
050,08,093,"Colorado","Park County",3,56,309,163,146
050,08,093,"Colorado","Park County",3,57,339,175,164
050,08,093,"Colorado","Park County",3,58,371,182,189
050,08,093,"Colorado","Park County",3,59,385,205,180
050,08,093,"Colorado","Park County",3,60,396,226,170
050,08,093,"Colorado","Park County",3,61,404,224,180
050,08,093,"Colorado","Park County",3,62,417,218,199
050,08,093,"Colorado","Park County",3,63,431,212,219
050,08,093,"Colorado","Park County",3,64,392,198,194
050,08,093,"Colorado","Park County",3,65,408,219,189
050,08,093,"Colorado","Park County",3,66,394,204,190
050,08,093,"Colorado","Park County",3,67,364,195,169
050,08,093,"Colorado","Park County",3,68,324,183,141
050,08,093,"Colorado","Park County",3,69,311,167,144
050,08,093,"Colorado","Park County",3,70,305,162,143
050,08,093,"Colorado","Park County",3,71,295,153,142
050,08,093,"Colorado","Park County",3,72,252,132,120
050,08,093,"Colorado","Park County",3,73,227,132,95
050,08,093,"Colorado","Park County",3,74,219,132,87
050,08,093,"Colorado","Park County",3,75,126,68,58
050,08,093,"Colorado","Park County",3,76,138,72,66
050,08,093,"Colorado","Park County",3,77,129,75,54
050,08,093,"Colorado","Park County",3,78,117,64,53
050,08,093,"Colorado","Park County",3,79,84,47,37
050,08,093,"Colorado","Park County",3,80,76,38,38
050,08,093,"Colorado","Park County",3,81,63,39,24
050,08,093,"Colorado","Park County",3,82,44,26,18
050,08,093,"Colorado","Park County",3,83,35,18,17
050,08,093,"Colorado","Park County",3,84,36,19,17
050,08,093,"Colorado","Park County",3,85,150,67,83
050,08,093,"Colorado","Park County",4,0,139,74,65
050,08,093,"Colorado","Park County",4,1,109,49,60
050,08,093,"Colorado","Park County",4,2,136,67,69
050,08,093,"Colorado","Park County",4,3,141,62,79
050,08,093,"Colorado","Park County",4,4,117,50,67
050,08,093,"Colorado","Park County",4,5,143,75,68
050,08,093,"Colorado","Park County",4,6,137,74,63
050,08,093,"Colorado","Park County",4,7,138,77,61
050,08,093,"Colorado","Park County",4,8,143,68,75
050,08,093,"Colorado","Park County",4,9,140,87,53
050,08,093,"Colorado","Park County",4,10,125,72,53
050,08,093,"Colorado","Park County",4,11,145,87,58
050,08,093,"Colorado","Park County",4,12,158,87,71
050,08,093,"Colorado","Park County",4,13,177,105,72
050,08,093,"Colorado","Park County",4,14,162,94,68
050,08,093,"Colorado","Park County",4,15,164,102,62
050,08,093,"Colorado","Park County",4,16,170,94,76
050,08,093,"Colorado","Park County",4,17,172,88,84
050,08,093,"Colorado","Park County",4,18,150,74,76
050,08,093,"Colorado","Park County",4,19,110,59,51
050,08,093,"Colorado","Park County",4,20,101,56,45
050,08,093,"Colorado","Park County",4,21,110,59,51
050,08,093,"Colorado","Park County",4,22,112,66,46
050,08,093,"Colorado","Park County",4,23,114,61,53
050,08,093,"Colorado","Park County",4,24,114,70,44
050,08,093,"Colorado","Park County",4,25,110,56,54
050,08,093,"Colorado","Park County",4,26,115,61,54
050,08,093,"Colorado","Park County",4,27,140,85,55
050,08,093,"Colorado","Park County",4,28,162,91,71
050,08,093,"Colorado","Park County",4,29,185,100,85
050,08,093,"Colorado","Park County",4,30,192,105,87
050,08,093,"Colorado","Park County",4,31,222,110,112
050,08,093,"Colorado","Park County",4,32,228,109,119
050,08,093,"Colorado","Park County",4,33,236,117,119
050,08,093,"Colorado","Park County",4,34,234,121,113
050,08,093,"Colorado","Park County",4,35,208,109,99
050,08,093,"Colorado","Park County",4,36,240,127,113
050,08,093,"Colorado","Park County",4,37,224,120,104
050,08,093,"Colorado","Park County",4,38,212,115,97
050,08,093,"Colorado","Park County",4,39,230,122,108
050,08,093,"Colorado","Park County",4,40,243,140,103
050,08,093,"Colorado","Park County",4,41,276,152,124
050,08,093,"Colorado","Park County",4,42,245,143,102
050,08,093,"Colorado","Park County",4,43,243,128,115
050,08,093,"Colorado","Park County",4,44,218,118,100
050,08,093,"Colorado","Park County",4,45,213,113,100
050,08,093,"Colorado","Park County",4,46,212,112,100
050,08,093,"Colorado","Park County",4,47,226,130,96
050,08,093,"Colorado","Park County",4,48,238,123,115
050,08,093,"Colorado","Park County",4,49,220,115,105
050,08,093,"Colorado","Park County",4,50,228,127,101
050,08,093,"Colorado","Park County",4,51,253,133,120
050,08,093,"Colorado","Park County",4,52,295,151,144
050,08,093,"Colorado","Park County",4,53,285,155,130
050,08,093,"Colorado","Park County",4,54,272,154,118
050,08,093,"Colorado","Park County",4,55,271,142,129
050,08,093,"Colorado","Park County",4,56,296,144,152
050,08,093,"Colorado","Park County",4,57,315,167,148
050,08,093,"Colorado","Park County",4,58,346,176,170
050,08,093,"Colorado","Park County",4,59,384,185,199
050,08,093,"Colorado","Park County",4,60,392,211,181
050,08,093,"Colorado","Park County",4,61,389,217,172
050,08,093,"Colorado","Park County",4,62,391,217,174
050,08,093,"Colorado","Park County",4,63,413,210,203
050,08,093,"Colorado","Park County",4,64,433,215,218
050,08,093,"Colorado","Park County",4,65,381,189,192
050,08,093,"Colorado","Park County",4,66,415,235,180
050,08,093,"Colorado","Park County",4,67,381,205,176
050,08,093,"Colorado","Park County",4,68,344,181,163
050,08,093,"Colorado","Park County",4,69,310,173,137
050,08,093,"Colorado","Park County",4,70,293,156,137
050,08,093,"Colorado","Park County",4,71,298,159,139
050,08,093,"Colorado","Park County",4,72,276,142,134
050,08,093,"Colorado","Park County",4,73,239,125,114
050,08,093,"Colorado","Park County",4,74,213,123,90
050,08,093,"Colorado","Park County",4,75,200,118,82
050,08,093,"Colorado","Park County",4,76,112,58,54
050,08,093,"Colorado","Park County",4,77,131,70,61
050,08,093,"Colorado","Park County",4,78,122,69,53
050,08,093,"Colorado","Park County",4,79,103,62,41
050,08,093,"Colorado","Park County",4,80,77,44,33
050,08,093,"Colorado","Park County",4,81,71,37,34
050,08,093,"Colorado","Park County",4,82,55,34,21
050,08,093,"Colorado","Park County",4,83,41,25,16
050,08,093,"Colorado","Park County",4,84,32,15,17
050,08,093,"Colorado","Park County",4,85,165,73,92
050,08,093,"Colorado","Park County",5,0,137,73,64
050,08,093,"Colorado","Park County",5,1,150,76,74
050,08,093,"Colorado","Park County",5,2,113,56,57
050,08,093,"Colorado","Park County",5,3,132,64,68
050,08,093,"Colorado","Park County",5,4,140,62,78
050,08,093,"Colorado","Park County",5,5,124,56,68
050,08,093,"Colorado","Park County",5,6,141,68,73
050,08,093,"Colorado","Park County",5,7,149,77,72
050,08,093,"Colorado","Park County",5,8,146,79,67
050,08,093,"Colorado","Park County",5,9,131,56,75
050,08,093,"Colorado","Park County",5,10,142,95,47
050,08,093,"Colorado","Park County",5,11,120,65,55
050,08,093,"Colorado","Park County",5,12,156,88,68
050,08,093,"Colorado","Park County",5,13,154,87,67
050,08,093,"Colorado","Park County",5,14,173,103,70
050,08,093,"Colorado","Park County",5,15,155,95,60
050,08,093,"Colorado","Park County",5,16,162,98,64
050,08,093,"Colorado","Park County",5,17,182,98,84
050,08,093,"Colorado","Park County",5,18,144,79,65
050,08,093,"Colorado","Park County",5,19,123,65,58
050,08,093,"Colorado","Park County",5,20,111,58,53
050,08,093,"Colorado","Park County",5,21,102,60,42
050,08,093,"Colorado","Park County",5,22,105,56,49
050,08,093,"Colorado","Park County",5,23,125,79,46
050,08,093,"Colorado","Park County",5,24,105,58,47
050,08,093,"Colorado","Park County",5,25,112,66,46
050,08,093,"Colorado","Park County",5,26,121,60,61
050,08,093,"Colorado","Park County",5,27,112,55,57
050,08,093,"Colorado","Park County",5,28,169,95,74
050,08,093,"Colorado","Park County",5,29,175,99,76
050,08,093,"Colorado","Park County",5,30,200,105,95
050,08,093,"Colorado","Park County",5,31,217,116,101
050,08,093,"Colorado","Park County",5,32,234,116,118
050,08,093,"Colorado","Park County",5,33,251,122,129
050,08,093,"Colorado","Park County",5,34,245,124,121
050,08,093,"Colorado","Park County",5,35,257,135,122
050,08,093,"Colorado","Park County",5,36,221,109,112
050,08,093,"Colorado","Park County",5,37,241,126,115
050,08,093,"Colorado","Park County",5,38,249,132,117
050,08,093,"Colorado","Park County",5,39,232,130,102
050,08,093,"Colorado","Park County",5,40,239,134,105
050,08,093,"Colorado","Park County",5,41,227,131,96
050,08,093,"Colorado","Park County",5,42,273,151,122
050,08,093,"Colorado","Park County",5,43,259,153,106
050,08,093,"Colorado","Park County",5,44,240,123,117
050,08,093,"Colorado","Park County",5,45,221,125,96
050,08,093,"Colorado","Park County",5,46,209,110,99
050,08,093,"Colorado","Park County",5,47,212,108,104
050,08,093,"Colorado","Park County",5,48,218,129,89
050,08,093,"Colorado","Park County",5,49,237,128,109
050,08,093,"Colorado","Park County",5,50,216,109,107
050,08,093,"Colorado","Park County",5,51,233,134,99
050,08,093,"Colorado","Park County",5,52,264,129,135
050,08,093,"Colorado","Park County",5,53,299,156,143
050,08,093,"Colorado","Park County",5,54,284,154,130
050,08,093,"Colorado","Park County",5,55,269,150,119
050,08,093,"Colorado","Park County",5,56,277,147,130
050,08,093,"Colorado","Park County",5,57,293,142,151
050,08,093,"Colorado","Park County",5,58,314,166,148
050,08,093,"Colorado","Park County",5,59,350,182,168
050,08,093,"Colorado","Park County",5,60,398,187,211
050,08,093,"Colorado","Park County",5,61,411,227,184
050,08,093,"Colorado","Park County",5,62,407,219,188
050,08,093,"Colorado","Park County",5,63,405,223,182
050,08,093,"Colorado","Park County",5,64,416,208,208
050,08,093,"Colorado","Park County",5,65,431,219,212
050,08,093,"Colorado","Park County",5,66,386,189,197
050,08,093,"Colorado","Park County",5,67,404,226,178
050,08,093,"Colorado","Park County",5,68,360,195,165
050,08,093,"Colorado","Park County",5,69,335,179,156
050,08,093,"Colorado","Park County",5,70,299,171,128
050,08,093,"Colorado","Park County",5,71,281,150,131
050,08,093,"Colorado","Park County",5,72,284,152,132
050,08,093,"Colorado","Park County",5,73,253,135,118
050,08,093,"Colorado","Park County",5,74,240,125,115
050,08,093,"Colorado","Park County",5,75,195,111,84
050,08,093,"Colorado","Park County",5,76,183,105,78
050,08,093,"Colorado","Park County",5,77,107,56,51
050,08,093,"Colorado","Park County",5,78,123,68,55
050,08,093,"Colorado","Park County",5,79,110,64,46
050,08,093,"Colorado","Park County",5,80,104,62,42
050,08,093,"Colorado","Park County",5,81,63,37,26
050,08,093,"Colorado","Park County",5,82,66,33,33
050,08,093,"Colorado","Park County",5,83,51,32,19
050,08,093,"Colorado","Park County",5,84,42,25,17
050,08,093,"Colorado","Park County",5,85,171,69,102
050,08,095,"Colorado","Phillips County",1,0,54,27,27
050,08,095,"Colorado","Phillips County",1,1,58,27,31
050,08,095,"Colorado","Phillips County",1,2,42,24,18
050,08,095,"Colorado","Phillips County",1,3,59,27,32
050,08,095,"Colorado","Phillips County",1,4,75,49,26
050,08,095,"Colorado","Phillips County",1,5,61,35,26
050,08,095,"Colorado","Phillips County",1,6,57,33,24
050,08,095,"Colorado","Phillips County",1,7,46,23,23
050,08,095,"Colorado","Phillips County",1,8,63,28,35
050,08,095,"Colorado","Phillips County",1,9,58,22,36
050,08,095,"Colorado","Phillips County",1,10,71,34,37
050,08,095,"Colorado","Phillips County",1,11,68,30,38
050,08,095,"Colorado","Phillips County",1,12,69,37,32
050,08,095,"Colorado","Phillips County",1,13,71,40,31
050,08,095,"Colorado","Phillips County",1,14,80,49,31
050,08,095,"Colorado","Phillips County",1,15,98,62,36
050,08,095,"Colorado","Phillips County",1,16,77,49,28
050,08,095,"Colorado","Phillips County",1,17,71,39,32
050,08,095,"Colorado","Phillips County",1,18,63,37,26
050,08,095,"Colorado","Phillips County",1,19,41,25,16
050,08,095,"Colorado","Phillips County",1,20,39,22,17
050,08,095,"Colorado","Phillips County",1,21,33,19,14
050,08,095,"Colorado","Phillips County",1,22,43,21,22
050,08,095,"Colorado","Phillips County",1,23,41,22,19
050,08,095,"Colorado","Phillips County",1,24,33,16,17
050,08,095,"Colorado","Phillips County",1,25,37,19,18
050,08,095,"Colorado","Phillips County",1,26,47,21,26
050,08,095,"Colorado","Phillips County",1,27,48,23,25
050,08,095,"Colorado","Phillips County",1,28,54,27,27
050,08,095,"Colorado","Phillips County",1,29,43,24,19
050,08,095,"Colorado","Phillips County",1,30,53,28,25
050,08,095,"Colorado","Phillips County",1,31,43,22,21
050,08,095,"Colorado","Phillips County",1,32,45,25,20
050,08,095,"Colorado","Phillips County",1,33,49,30,19
050,08,095,"Colorado","Phillips County",1,34,52,30,22
050,08,095,"Colorado","Phillips County",1,35,60,32,28
050,08,095,"Colorado","Phillips County",1,36,57,22,35
050,08,095,"Colorado","Phillips County",1,37,58,19,39
050,08,095,"Colorado","Phillips County",1,38,61,30,31
050,08,095,"Colorado","Phillips County",1,39,66,32,34
050,08,095,"Colorado","Phillips County",1,40,55,23,32
050,08,095,"Colorado","Phillips County",1,41,44,21,23
050,08,095,"Colorado","Phillips County",1,42,44,24,20
050,08,095,"Colorado","Phillips County",1,43,38,22,16
050,08,095,"Colorado","Phillips County",1,44,49,22,27
050,08,095,"Colorado","Phillips County",1,45,39,16,23
050,08,095,"Colorado","Phillips County",1,46,49,24,25
050,08,095,"Colorado","Phillips County",1,47,47,21,26
050,08,095,"Colorado","Phillips County",1,48,51,19,32
050,08,095,"Colorado","Phillips County",1,49,60,29,31
050,08,095,"Colorado","Phillips County",1,50,54,26,28
050,08,095,"Colorado","Phillips County",1,51,49,24,25
050,08,095,"Colorado","Phillips County",1,52,51,28,23
050,08,095,"Colorado","Phillips County",1,53,44,25,19
050,08,095,"Colorado","Phillips County",1,54,46,29,17
050,08,095,"Colorado","Phillips County",1,55,57,32,25
050,08,095,"Colorado","Phillips County",1,56,52,29,23
050,08,095,"Colorado","Phillips County",1,57,55,27,28
050,08,095,"Colorado","Phillips County",1,58,57,28,29
050,08,095,"Colorado","Phillips County",1,59,64,30,34
050,08,095,"Colorado","Phillips County",1,60,57,27,30
050,08,095,"Colorado","Phillips County",1,61,59,28,31
050,08,095,"Colorado","Phillips County",1,62,66,33,33
050,08,095,"Colorado","Phillips County",1,63,66,33,33
050,08,095,"Colorado","Phillips County",1,64,59,30,29
050,08,095,"Colorado","Phillips County",1,65,70,40,30
050,08,095,"Colorado","Phillips County",1,66,58,32,26
050,08,095,"Colorado","Phillips County",1,67,48,24,24
050,08,095,"Colorado","Phillips County",1,68,44,22,22
050,08,095,"Colorado","Phillips County",1,69,48,25,23
050,08,095,"Colorado","Phillips County",1,70,47,21,26
050,08,095,"Colorado","Phillips County",1,71,49,20,29
050,08,095,"Colorado","Phillips County",1,72,48,22,26
050,08,095,"Colorado","Phillips County",1,73,43,25,18
050,08,095,"Colorado","Phillips County",1,74,26,15,11
050,08,095,"Colorado","Phillips County",1,75,30,15,15
050,08,095,"Colorado","Phillips County",1,76,34,18,16
050,08,095,"Colorado","Phillips County",1,77,34,15,19
050,08,095,"Colorado","Phillips County",1,78,32,15,17
050,08,095,"Colorado","Phillips County",1,79,31,11,20
050,08,095,"Colorado","Phillips County",1,80,23,9,14
050,08,095,"Colorado","Phillips County",1,81,20,6,14
050,08,095,"Colorado","Phillips County",1,82,31,10,21
050,08,095,"Colorado","Phillips County",1,83,40,14,26
050,08,095,"Colorado","Phillips County",1,84,26,8,18
050,08,095,"Colorado","Phillips County",1,85,195,68,127
050,08,095,"Colorado","Phillips County",2,0,55,24,31
050,08,095,"Colorado","Phillips County",2,1,56,26,30
050,08,095,"Colorado","Phillips County",2,2,46,24,22
050,08,095,"Colorado","Phillips County",2,3,55,27,28
050,08,095,"Colorado","Phillips County",2,4,70,43,27
050,08,095,"Colorado","Phillips County",2,5,64,38,26
050,08,095,"Colorado","Phillips County",2,6,57,33,24
050,08,095,"Colorado","Phillips County",2,7,49,26,23
050,08,095,"Colorado","Phillips County",2,8,58,26,32
050,08,095,"Colorado","Phillips County",2,9,60,24,36
050,08,095,"Colorado","Phillips County",2,10,68,31,37
050,08,095,"Colorado","Phillips County",2,11,68,30,38
050,08,095,"Colorado","Phillips County",2,12,69,35,34
050,08,095,"Colorado","Phillips County",2,13,70,39,31
050,08,095,"Colorado","Phillips County",2,14,78,46,32
050,08,095,"Colorado","Phillips County",2,15,95,59,36
050,08,095,"Colorado","Phillips County",2,16,81,52,29
050,08,095,"Colorado","Phillips County",2,17,75,43,32
050,08,095,"Colorado","Phillips County",2,18,62,37,25
050,08,095,"Colorado","Phillips County",2,19,44,27,17
050,08,095,"Colorado","Phillips County",2,20,40,23,17
050,08,095,"Colorado","Phillips County",2,21,34,20,14
050,08,095,"Colorado","Phillips County",2,22,41,20,21
050,08,095,"Colorado","Phillips County",2,23,42,22,20
050,08,095,"Colorado","Phillips County",2,24,35,18,17
050,08,095,"Colorado","Phillips County",2,25,34,17,17
050,08,095,"Colorado","Phillips County",2,26,46,21,25
050,08,095,"Colorado","Phillips County",2,27,49,23,26
050,08,095,"Colorado","Phillips County",2,28,53,26,27
050,08,095,"Colorado","Phillips County",2,29,45,25,20
050,08,095,"Colorado","Phillips County",2,30,50,26,24
050,08,095,"Colorado","Phillips County",2,31,46,23,23
050,08,095,"Colorado","Phillips County",2,32,44,24,20
050,08,095,"Colorado","Phillips County",2,33,48,28,20
050,08,095,"Colorado","Phillips County",2,34,53,31,22
050,08,095,"Colorado","Phillips County",2,35,60,32,28
050,08,095,"Colorado","Phillips County",2,36,57,24,33
050,08,095,"Colorado","Phillips County",2,37,56,19,37
050,08,095,"Colorado","Phillips County",2,38,62,29,33
050,08,095,"Colorado","Phillips County",2,39,65,32,33
050,08,095,"Colorado","Phillips County",2,40,58,25,33
050,08,095,"Colorado","Phillips County",2,41,47,22,25
050,08,095,"Colorado","Phillips County",2,42,43,23,20
050,08,095,"Colorado","Phillips County",2,43,40,23,17
050,08,095,"Colorado","Phillips County",2,44,46,22,24
050,08,095,"Colorado","Phillips County",2,45,42,18,24
050,08,095,"Colorado","Phillips County",2,46,45,22,23
050,08,095,"Colorado","Phillips County",2,47,47,21,26
050,08,095,"Colorado","Phillips County",2,48,50,19,31
050,08,095,"Colorado","Phillips County",2,49,59,28,31
050,08,095,"Colorado","Phillips County",2,50,55,26,29
050,08,095,"Colorado","Phillips County",2,51,51,25,26
050,08,095,"Colorado","Phillips County",2,52,50,27,23
050,08,095,"Colorado","Phillips County",2,53,45,25,20
050,08,095,"Colorado","Phillips County",2,54,44,27,17
050,08,095,"Colorado","Phillips County",2,55,55,31,24
050,08,095,"Colorado","Phillips County",2,56,52,28,24
050,08,095,"Colorado","Phillips County",2,57,54,27,27
050,08,095,"Colorado","Phillips County",2,58,57,28,29
050,08,095,"Colorado","Phillips County",2,59,62,29,33
050,08,095,"Colorado","Phillips County",2,60,58,27,31
050,08,095,"Colorado","Phillips County",2,61,59,28,31
050,08,095,"Colorado","Phillips County",2,62,64,32,32
050,08,095,"Colorado","Phillips County",2,63,66,33,33
050,08,095,"Colorado","Phillips County",2,64,61,31,30
050,08,095,"Colorado","Phillips County",2,65,69,38,31
050,08,095,"Colorado","Phillips County",2,66,59,33,26
050,08,095,"Colorado","Phillips County",2,67,50,26,24
050,08,095,"Colorado","Phillips County",2,68,45,23,22
050,08,095,"Colorado","Phillips County",2,69,48,25,23
050,08,095,"Colorado","Phillips County",2,70,47,22,25
050,08,095,"Colorado","Phillips County",2,71,48,20,28
050,08,095,"Colorado","Phillips County",2,72,47,21,26
050,08,095,"Colorado","Phillips County",2,73,45,25,20
050,08,095,"Colorado","Phillips County",2,74,28,17,11
050,08,095,"Colorado","Phillips County",2,75,30,15,15
050,08,095,"Colorado","Phillips County",2,76,32,17,15
050,08,095,"Colorado","Phillips County",2,77,34,15,19
050,08,095,"Colorado","Phillips County",2,78,32,14,18
050,08,095,"Colorado","Phillips County",2,79,30,12,18
050,08,095,"Colorado","Phillips County",2,80,25,9,16
050,08,095,"Colorado","Phillips County",2,81,19,6,13
050,08,095,"Colorado","Phillips County",2,82,29,9,20
050,08,095,"Colorado","Phillips County",2,83,36,13,23
050,08,095,"Colorado","Phillips County",2,84,29,9,20
050,08,095,"Colorado","Phillips County",2,85,195,67,128
050,08,095,"Colorado","Phillips County",3,0,58,33,25
050,08,095,"Colorado","Phillips County",3,1,52,27,25
050,08,095,"Colorado","Phillips County",3,2,56,25,31
050,08,095,"Colorado","Phillips County",3,3,46,23,23
050,08,095,"Colorado","Phillips County",3,4,58,30,28
050,08,095,"Colorado","Phillips County",3,5,72,45,27
050,08,095,"Colorado","Phillips County",3,6,59,33,26
050,08,095,"Colorado","Phillips County",3,7,68,38,30
050,08,095,"Colorado","Phillips County",3,8,46,26,20
050,08,095,"Colorado","Phillips County",3,9,56,26,30
050,08,095,"Colorado","Phillips County",3,10,61,28,33
050,08,095,"Colorado","Phillips County",3,11,70,37,33
050,08,095,"Colorado","Phillips County",3,12,64,31,33
050,08,095,"Colorado","Phillips County",3,13,75,40,35
050,08,095,"Colorado","Phillips County",3,14,71,42,29
050,08,095,"Colorado","Phillips County",3,15,76,48,28
050,08,095,"Colorado","Phillips County",3,16,97,56,41
050,08,095,"Colorado","Phillips County",3,17,83,49,34
050,08,095,"Colorado","Phillips County",3,18,68,42,26
050,08,095,"Colorado","Phillips County",3,19,54,31,23
050,08,095,"Colorado","Phillips County",3,20,43,25,18
050,08,095,"Colorado","Phillips County",3,21,33,17,16
050,08,095,"Colorado","Phillips County",3,22,38,22,16
050,08,095,"Colorado","Phillips County",3,23,41,22,19
050,08,095,"Colorado","Phillips County",3,24,46,26,20
050,08,095,"Colorado","Phillips County",3,25,32,18,14
050,08,095,"Colorado","Phillips County",3,26,39,20,19
050,08,095,"Colorado","Phillips County",3,27,46,21,25
050,08,095,"Colorado","Phillips County",3,28,49,22,27
050,08,095,"Colorado","Phillips County",3,29,57,28,29
050,08,095,"Colorado","Phillips County",3,30,51,25,26
050,08,095,"Colorado","Phillips County",3,31,47,27,20
050,08,095,"Colorado","Phillips County",3,32,45,23,22
050,08,095,"Colorado","Phillips County",3,33,49,28,21
050,08,095,"Colorado","Phillips County",3,34,50,29,21
050,08,095,"Colorado","Phillips County",3,35,49,28,21
050,08,095,"Colorado","Phillips County",3,36,60,32,28
050,08,095,"Colorado","Phillips County",3,37,51,22,29
050,08,095,"Colorado","Phillips County",3,38,58,23,35
050,08,095,"Colorado","Phillips County",3,39,58,27,31
050,08,095,"Colorado","Phillips County",3,40,65,31,34
050,08,095,"Colorado","Phillips County",3,41,56,26,30
050,08,095,"Colorado","Phillips County",3,42,48,24,24
050,08,095,"Colorado","Phillips County",3,43,41,22,19
050,08,095,"Colorado","Phillips County",3,44,38,21,17
050,08,095,"Colorado","Phillips County",3,45,39,18,21
050,08,095,"Colorado","Phillips County",3,46,43,18,25
050,08,095,"Colorado","Phillips County",3,47,47,25,22
050,08,095,"Colorado","Phillips County",3,48,52,25,27
050,08,095,"Colorado","Phillips County",3,49,47,17,30
050,08,095,"Colorado","Phillips County",3,50,64,31,33
050,08,095,"Colorado","Phillips County",3,51,55,26,29
050,08,095,"Colorado","Phillips County",3,52,52,24,28
050,08,095,"Colorado","Phillips County",3,53,52,29,23
050,08,095,"Colorado","Phillips County",3,54,45,25,20
050,08,095,"Colorado","Phillips County",3,55,45,28,17
050,08,095,"Colorado","Phillips County",3,56,52,31,21
050,08,095,"Colorado","Phillips County",3,57,52,29,23
050,08,095,"Colorado","Phillips County",3,58,56,31,25
050,08,095,"Colorado","Phillips County",3,59,53,24,29
050,08,095,"Colorado","Phillips County",3,60,62,26,36
050,08,095,"Colorado","Phillips County",3,61,61,30,31
050,08,095,"Colorado","Phillips County",3,62,56,25,31
050,08,095,"Colorado","Phillips County",3,63,64,32,32
050,08,095,"Colorado","Phillips County",3,64,66,33,33
050,08,095,"Colorado","Phillips County",3,65,63,32,31
050,08,095,"Colorado","Phillips County",3,66,67,37,30
050,08,095,"Colorado","Phillips County",3,67,58,33,25
050,08,095,"Colorado","Phillips County",3,68,47,25,22
050,08,095,"Colorado","Phillips County",3,69,45,23,22
050,08,095,"Colorado","Phillips County",3,70,43,22,21
050,08,095,"Colorado","Phillips County",3,71,45,20,25
050,08,095,"Colorado","Phillips County",3,72,46,19,27
050,08,095,"Colorado","Phillips County",3,73,44,20,24
050,08,095,"Colorado","Phillips County",3,74,43,24,19
050,08,095,"Colorado","Phillips County",3,75,30,18,12
050,08,095,"Colorado","Phillips County",3,76,28,14,14
050,08,095,"Colorado","Phillips County",3,77,29,15,14
050,08,095,"Colorado","Phillips County",3,78,34,16,18
050,08,095,"Colorado","Phillips County",3,79,27,11,16
050,08,095,"Colorado","Phillips County",3,80,31,12,19
050,08,095,"Colorado","Phillips County",3,81,25,9,16
050,08,095,"Colorado","Phillips County",3,82,16,5,11
050,08,095,"Colorado","Phillips County",3,83,24,7,17
050,08,095,"Colorado","Phillips County",3,84,30,9,21
050,08,095,"Colorado","Phillips County",3,85,184,63,121
050,08,095,"Colorado","Phillips County",4,0,50,31,19
050,08,095,"Colorado","Phillips County",4,1,58,32,26
050,08,095,"Colorado","Phillips County",4,2,48,26,22
050,08,095,"Colorado","Phillips County",4,3,64,29,35
050,08,095,"Colorado","Phillips County",4,4,50,28,22
050,08,095,"Colorado","Phillips County",4,5,62,30,32
050,08,095,"Colorado","Phillips County",4,6,65,38,27
050,08,095,"Colorado","Phillips County",4,7,55,30,25
050,08,095,"Colorado","Phillips County",4,8,58,27,31
050,08,095,"Colorado","Phillips County",4,9,44,26,18
050,08,095,"Colorado","Phillips County",4,10,48,24,24
050,08,095,"Colorado","Phillips County",4,11,56,28,28
050,08,095,"Colorado","Phillips County",4,12,70,36,34
050,08,095,"Colorado","Phillips County",4,13,60,25,35
050,08,095,"Colorado","Phillips County",4,14,73,39,34
050,08,095,"Colorado","Phillips County",4,15,78,48,30
050,08,095,"Colorado","Phillips County",4,16,78,48,30
050,08,095,"Colorado","Phillips County",4,17,94,53,41
050,08,095,"Colorado","Phillips County",4,18,69,40,29
050,08,095,"Colorado","Phillips County",4,19,52,30,22
050,08,095,"Colorado","Phillips County",4,20,47,25,22
050,08,095,"Colorado","Phillips County",4,21,31,13,18
050,08,095,"Colorado","Phillips County",4,22,28,15,13
050,08,095,"Colorado","Phillips County",4,23,37,21,16
050,08,095,"Colorado","Phillips County",4,24,40,23,17
050,08,095,"Colorado","Phillips County",4,25,43,24,19
050,08,095,"Colorado","Phillips County",4,26,33,15,18
050,08,095,"Colorado","Phillips County",4,27,42,22,20
050,08,095,"Colorado","Phillips County",4,28,55,26,29
050,08,095,"Colorado","Phillips County",4,29,55,23,32
050,08,095,"Colorado","Phillips County",4,30,58,30,28
050,08,095,"Colorado","Phillips County",4,31,54,27,27
050,08,095,"Colorado","Phillips County",4,32,49,29,20
050,08,095,"Colorado","Phillips County",4,33,46,29,17
050,08,095,"Colorado","Phillips County",4,34,52,28,24
050,08,095,"Colorado","Phillips County",4,35,52,29,23
050,08,095,"Colorado","Phillips County",4,36,54,29,25
050,08,095,"Colorado","Phillips County",4,37,57,30,27
050,08,095,"Colorado","Phillips County",4,38,42,19,23
050,08,095,"Colorado","Phillips County",4,39,59,27,32
050,08,095,"Colorado","Phillips County",4,40,55,25,30
050,08,095,"Colorado","Phillips County",4,41,64,31,33
050,08,095,"Colorado","Phillips County",4,42,51,23,28
050,08,095,"Colorado","Phillips County",4,43,44,22,22
050,08,095,"Colorado","Phillips County",4,44,43,23,20
050,08,095,"Colorado","Phillips County",4,45,41,21,20
050,08,095,"Colorado","Phillips County",4,46,36,16,20
050,08,095,"Colorado","Phillips County",4,47,46,20,26
050,08,095,"Colorado","Phillips County",4,48,51,27,24
050,08,095,"Colorado","Phillips County",4,49,51,25,26
050,08,095,"Colorado","Phillips County",4,50,50,19,31
050,08,095,"Colorado","Phillips County",4,51,70,36,34
050,08,095,"Colorado","Phillips County",4,52,56,26,30
050,08,095,"Colorado","Phillips County",4,53,50,23,27
050,08,095,"Colorado","Phillips County",4,54,56,29,27
050,08,095,"Colorado","Phillips County",4,55,41,22,19
050,08,095,"Colorado","Phillips County",4,56,42,24,18
050,08,095,"Colorado","Phillips County",4,57,49,30,19
050,08,095,"Colorado","Phillips County",4,58,52,30,22
050,08,095,"Colorado","Phillips County",4,59,53,29,24
050,08,095,"Colorado","Phillips County",4,60,59,28,31
050,08,095,"Colorado","Phillips County",4,61,66,28,38
050,08,095,"Colorado","Phillips County",4,62,64,32,32
050,08,095,"Colorado","Phillips County",4,63,58,27,31
050,08,095,"Colorado","Phillips County",4,64,62,31,31
050,08,095,"Colorado","Phillips County",4,65,69,35,34
050,08,095,"Colorado","Phillips County",4,66,63,33,30
050,08,095,"Colorado","Phillips County",4,67,67,36,31
050,08,095,"Colorado","Phillips County",4,68,58,32,26
050,08,095,"Colorado","Phillips County",4,69,49,27,22
050,08,095,"Colorado","Phillips County",4,70,45,23,22
050,08,095,"Colorado","Phillips County",4,71,43,21,22
050,08,095,"Colorado","Phillips County",4,72,43,19,24
050,08,095,"Colorado","Phillips County",4,73,39,18,21
050,08,095,"Colorado","Phillips County",4,74,40,16,24
050,08,095,"Colorado","Phillips County",4,75,43,26,17
050,08,095,"Colorado","Phillips County",4,76,29,19,10
050,08,095,"Colorado","Phillips County",4,77,21,10,11
050,08,095,"Colorado","Phillips County",4,78,28,16,12
050,08,095,"Colorado","Phillips County",4,79,32,14,18
050,08,095,"Colorado","Phillips County",4,80,28,11,17
050,08,095,"Colorado","Phillips County",4,81,31,12,19
050,08,095,"Colorado","Phillips County",4,82,29,12,17
050,08,095,"Colorado","Phillips County",4,83,13,4,9
050,08,095,"Colorado","Phillips County",4,84,19,4,15
050,08,095,"Colorado","Phillips County",4,85,183,63,120
050,08,095,"Colorado","Phillips County",5,0,51,31,20
050,08,095,"Colorado","Phillips County",5,1,57,34,23
050,08,095,"Colorado","Phillips County",5,2,60,36,24
050,08,095,"Colorado","Phillips County",5,3,53,28,25
050,08,095,"Colorado","Phillips County",5,4,57,27,30
050,08,095,"Colorado","Phillips County",5,5,43,23,20
050,08,095,"Colorado","Phillips County",5,6,68,34,34
050,08,095,"Colorado","Phillips County",5,7,67,40,27
050,08,095,"Colorado","Phillips County",5,8,55,30,25
050,08,095,"Colorado","Phillips County",5,9,63,31,32
050,08,095,"Colorado","Phillips County",5,10,41,26,15
050,08,095,"Colorado","Phillips County",5,11,50,25,25
050,08,095,"Colorado","Phillips County",5,12,61,32,29
050,08,095,"Colorado","Phillips County",5,13,72,38,34
050,08,095,"Colorado","Phillips County",5,14,65,32,33
050,08,095,"Colorado","Phillips County",5,15,89,55,34
050,08,095,"Colorado","Phillips County",5,16,88,56,32
050,08,095,"Colorado","Phillips County",5,17,77,44,33
050,08,095,"Colorado","Phillips County",5,18,81,48,33
050,08,095,"Colorado","Phillips County",5,19,56,35,21
050,08,095,"Colorado","Phillips County",5,20,51,30,21
050,08,095,"Colorado","Phillips County",5,21,44,22,22
050,08,095,"Colorado","Phillips County",5,22,37,15,22
050,08,095,"Colorado","Phillips County",5,23,26,14,12
050,08,095,"Colorado","Phillips County",5,24,34,18,16
050,08,095,"Colorado","Phillips County",5,25,43,29,14
050,08,095,"Colorado","Phillips County",5,26,42,26,16
050,08,095,"Colorado","Phillips County",5,27,34,18,16
050,08,095,"Colorado","Phillips County",5,28,43,21,22
050,08,095,"Colorado","Phillips County",5,29,53,23,30
050,08,095,"Colorado","Phillips County",5,30,58,26,32
050,08,095,"Colorado","Phillips County",5,31,59,31,28
050,08,095,"Colorado","Phillips County",5,32,61,33,28
050,08,095,"Colorado","Phillips County",5,33,52,33,19
050,08,095,"Colorado","Phillips County",5,34,47,28,19
050,08,095,"Colorado","Phillips County",5,35,54,29,25
050,08,095,"Colorado","Phillips County",5,36,64,30,34
050,08,095,"Colorado","Phillips County",5,37,59,34,25
050,08,095,"Colorado","Phillips County",5,38,57,30,27
050,08,095,"Colorado","Phillips County",5,39,41,18,23
050,08,095,"Colorado","Phillips County",5,40,53,21,32
050,08,095,"Colorado","Phillips County",5,41,56,28,28
050,08,095,"Colorado","Phillips County",5,42,64,31,33
050,08,095,"Colorado","Phillips County",5,43,52,23,29
050,08,095,"Colorado","Phillips County",5,44,50,22,28
050,08,095,"Colorado","Phillips County",5,45,41,21,20
050,08,095,"Colorado","Phillips County",5,46,42,23,19
050,08,095,"Colorado","Phillips County",5,47,36,16,20
050,08,095,"Colorado","Phillips County",5,48,49,22,27
050,08,095,"Colorado","Phillips County",5,49,51,27,24
050,08,095,"Colorado","Phillips County",5,50,52,25,27
050,08,095,"Colorado","Phillips County",5,51,52,20,32
050,08,095,"Colorado","Phillips County",5,52,64,34,30
050,08,095,"Colorado","Phillips County",5,53,52,26,26
050,08,095,"Colorado","Phillips County",5,54,46,21,25
050,08,095,"Colorado","Phillips County",5,55,51,26,25
050,08,095,"Colorado","Phillips County",5,56,41,22,19
050,08,095,"Colorado","Phillips County",5,57,46,26,20
050,08,095,"Colorado","Phillips County",5,58,52,29,23
050,08,095,"Colorado","Phillips County",5,59,48,26,22
050,08,095,"Colorado","Phillips County",5,60,52,28,24
050,08,095,"Colorado","Phillips County",5,61,61,30,31
050,08,095,"Colorado","Phillips County",5,62,63,27,36
050,08,095,"Colorado","Phillips County",5,63,63,32,31
050,08,095,"Colorado","Phillips County",5,64,56,27,29
050,08,095,"Colorado","Phillips County",5,65,62,30,32
050,08,095,"Colorado","Phillips County",5,66,64,34,30
050,08,095,"Colorado","Phillips County",5,67,61,31,30
050,08,095,"Colorado","Phillips County",5,68,70,38,32
050,08,095,"Colorado","Phillips County",5,69,57,32,25
050,08,095,"Colorado","Phillips County",5,70,47,25,22
050,08,095,"Colorado","Phillips County",5,71,45,23,22
050,08,095,"Colorado","Phillips County",5,72,41,18,23
050,08,095,"Colorado","Phillips County",5,73,40,19,21
050,08,095,"Colorado","Phillips County",5,74,34,13,21
050,08,095,"Colorado","Phillips County",5,75,41,16,25
050,08,095,"Colorado","Phillips County",5,76,40,27,13
050,08,095,"Colorado","Phillips County",5,77,23,14,9
050,08,095,"Colorado","Phillips County",5,78,21,11,10
050,08,095,"Colorado","Phillips County",5,79,26,13,13
050,08,095,"Colorado","Phillips County",5,80,33,14,19
050,08,095,"Colorado","Phillips County",5,81,28,11,17
050,08,095,"Colorado","Phillips County",5,82,27,12,15
050,08,095,"Colorado","Phillips County",5,83,27,11,16
050,08,095,"Colorado","Phillips County",5,84,9,1,8
050,08,095,"Colorado","Phillips County",5,85,174,59,115
050,08,097,"Colorado","Pitkin County",1,0,136,66,70
050,08,097,"Colorado","Pitkin County",1,1,143,64,79
050,08,097,"Colorado","Pitkin County",1,2,118,50,68
050,08,097,"Colorado","Pitkin County",1,3,149,61,88
050,08,097,"Colorado","Pitkin County",1,4,132,55,77
050,08,097,"Colorado","Pitkin County",1,5,119,61,58
050,08,097,"Colorado","Pitkin County",1,6,109,60,49
050,08,097,"Colorado","Pitkin County",1,7,108,57,51
050,08,097,"Colorado","Pitkin County",1,8,153,92,61
050,08,097,"Colorado","Pitkin County",1,9,163,85,78
050,08,097,"Colorado","Pitkin County",1,10,144,81,63
050,08,097,"Colorado","Pitkin County",1,11,158,89,69
050,08,097,"Colorado","Pitkin County",1,12,157,83,74
050,08,097,"Colorado","Pitkin County",1,13,152,64,88
050,08,097,"Colorado","Pitkin County",1,14,157,86,71
050,08,097,"Colorado","Pitkin County",1,15,170,95,75
050,08,097,"Colorado","Pitkin County",1,16,181,90,91
050,08,097,"Colorado","Pitkin County",1,17,180,96,84
050,08,097,"Colorado","Pitkin County",1,18,164,95,69
050,08,097,"Colorado","Pitkin County",1,19,111,60,51
050,08,097,"Colorado","Pitkin County",1,20,128,57,71
050,08,097,"Colorado","Pitkin County",1,21,137,65,72
050,08,097,"Colorado","Pitkin County",1,22,164,77,87
050,08,097,"Colorado","Pitkin County",1,23,183,95,88
050,08,097,"Colorado","Pitkin County",1,24,202,115,87
050,08,097,"Colorado","Pitkin County",1,25,225,135,90
050,08,097,"Colorado","Pitkin County",1,26,245,128,117
050,08,097,"Colorado","Pitkin County",1,27,282,158,124
050,08,097,"Colorado","Pitkin County",1,28,256,140,116
050,08,097,"Colorado","Pitkin County",1,29,238,126,112
050,08,097,"Colorado","Pitkin County",1,30,253,136,117
050,08,097,"Colorado","Pitkin County",1,31,239,132,107
050,08,097,"Colorado","Pitkin County",1,32,244,129,115
050,08,097,"Colorado","Pitkin County",1,33,256,134,122
050,08,097,"Colorado","Pitkin County",1,34,273,139,134
050,08,097,"Colorado","Pitkin County",1,35,250,137,113
050,08,097,"Colorado","Pitkin County",1,36,266,150,116
050,08,097,"Colorado","Pitkin County",1,37,226,119,107
050,08,097,"Colorado","Pitkin County",1,38,248,134,114
050,08,097,"Colorado","Pitkin County",1,39,234,128,106
050,08,097,"Colorado","Pitkin County",1,40,231,128,103
050,08,097,"Colorado","Pitkin County",1,41,204,101,103
050,08,097,"Colorado","Pitkin County",1,42,214,90,124
050,08,097,"Colorado","Pitkin County",1,43,213,95,118
050,08,097,"Colorado","Pitkin County",1,44,219,101,118
050,08,097,"Colorado","Pitkin County",1,45,228,120,108
050,08,097,"Colorado","Pitkin County",1,46,234,129,105
050,08,097,"Colorado","Pitkin County",1,47,249,136,113
050,08,097,"Colorado","Pitkin County",1,48,257,141,116
050,08,097,"Colorado","Pitkin County",1,49,285,155,130
050,08,097,"Colorado","Pitkin County",1,50,297,160,137
050,08,097,"Colorado","Pitkin County",1,51,277,147,130
050,08,097,"Colorado","Pitkin County",1,52,289,159,130
050,08,097,"Colorado","Pitkin County",1,53,232,121,111
050,08,097,"Colorado","Pitkin County",1,54,260,149,111
050,08,097,"Colorado","Pitkin County",1,55,264,142,122
050,08,097,"Colorado","Pitkin County",1,56,244,119,125
050,08,097,"Colorado","Pitkin County",1,57,257,124,133
050,08,097,"Colorado","Pitkin County",1,58,221,100,121
050,08,097,"Colorado","Pitkin County",1,59,257,123,134
050,08,097,"Colorado","Pitkin County",1,60,264,126,138
050,08,097,"Colorado","Pitkin County",1,61,275,136,139
050,08,097,"Colorado","Pitkin County",1,62,286,156,130
050,08,097,"Colorado","Pitkin County",1,63,277,149,128
050,08,097,"Colorado","Pitkin County",1,64,288,159,129
050,08,097,"Colorado","Pitkin County",1,65,253,130,123
050,08,097,"Colorado","Pitkin County",1,66,258,130,128
050,08,097,"Colorado","Pitkin County",1,67,296,158,138
050,08,097,"Colorado","Pitkin County",1,68,255,134,121
050,08,097,"Colorado","Pitkin County",1,69,237,122,115
050,08,097,"Colorado","Pitkin County",1,70,212,110,102
050,08,097,"Colorado","Pitkin County",1,71,207,118,89
050,08,097,"Colorado","Pitkin County",1,72,207,111,96
050,08,097,"Colorado","Pitkin County",1,73,222,116,106
050,08,097,"Colorado","Pitkin County",1,74,173,84,89
050,08,097,"Colorado","Pitkin County",1,75,167,87,80
050,08,097,"Colorado","Pitkin County",1,76,148,82,66
050,08,097,"Colorado","Pitkin County",1,77,149,79,70
050,08,097,"Colorado","Pitkin County",1,78,124,73,51
050,08,097,"Colorado","Pitkin County",1,79,98,53,45
050,08,097,"Colorado","Pitkin County",1,80,83,47,36
050,08,097,"Colorado","Pitkin County",1,81,71,42,29
050,08,097,"Colorado","Pitkin County",1,82,59,35,24
050,08,097,"Colorado","Pitkin County",1,83,59,34,25
050,08,097,"Colorado","Pitkin County",1,84,44,23,21
050,08,097,"Colorado","Pitkin County",1,85,261,128,133
050,08,097,"Colorado","Pitkin County",2,0,143,75,68
050,08,097,"Colorado","Pitkin County",2,1,142,66,76
050,08,097,"Colorado","Pitkin County",2,2,126,54,72
050,08,097,"Colorado","Pitkin County",2,3,144,60,84
050,08,097,"Colorado","Pitkin County",2,4,138,57,81
050,08,097,"Colorado","Pitkin County",2,5,123,60,63
050,08,097,"Colorado","Pitkin County",2,6,112,60,52
050,08,097,"Colorado","Pitkin County",2,7,110,60,50
050,08,097,"Colorado","Pitkin County",2,8,143,84,59
050,08,097,"Colorado","Pitkin County",2,9,157,84,73
050,08,097,"Colorado","Pitkin County",2,10,151,83,68
050,08,097,"Colorado","Pitkin County",2,11,153,87,66
050,08,097,"Colorado","Pitkin County",2,12,157,84,73
050,08,097,"Colorado","Pitkin County",2,13,151,69,82
050,08,097,"Colorado","Pitkin County",2,14,155,81,74
050,08,097,"Colorado","Pitkin County",2,15,165,91,74
050,08,097,"Colorado","Pitkin County",2,16,178,92,86
050,08,097,"Colorado","Pitkin County",2,17,181,95,86
050,08,097,"Colorado","Pitkin County",2,18,158,91,67
050,08,097,"Colorado","Pitkin County",2,19,118,64,54
050,08,097,"Colorado","Pitkin County",2,20,127,60,67
050,08,097,"Colorado","Pitkin County",2,21,137,65,72
050,08,097,"Colorado","Pitkin County",2,22,162,76,86
050,08,097,"Colorado","Pitkin County",2,23,183,95,88
050,08,097,"Colorado","Pitkin County",2,24,204,116,88
050,08,097,"Colorado","Pitkin County",2,25,219,129,90
050,08,097,"Colorado","Pitkin County",2,26,241,130,111
050,08,097,"Colorado","Pitkin County",2,27,270,150,120
050,08,097,"Colorado","Pitkin County",2,28,262,144,118
050,08,097,"Colorado","Pitkin County",2,29,246,132,114
050,08,097,"Colorado","Pitkin County",2,30,251,135,116
050,08,097,"Colorado","Pitkin County",2,31,242,132,110
050,08,097,"Colorado","Pitkin County",2,32,245,130,115
050,08,097,"Colorado","Pitkin County",2,33,257,135,122
050,08,097,"Colorado","Pitkin County",2,34,266,138,128
050,08,097,"Colorado","Pitkin County",2,35,259,139,120
050,08,097,"Colorado","Pitkin County",2,36,260,146,114
050,08,097,"Colorado","Pitkin County",2,37,237,128,109
050,08,097,"Colorado","Pitkin County",2,38,243,130,113
050,08,097,"Colorado","Pitkin County",2,39,234,128,106
050,08,097,"Colorado","Pitkin County",2,40,232,128,104
050,08,097,"Colorado","Pitkin County",2,41,212,109,103
050,08,097,"Colorado","Pitkin County",2,42,212,93,119
050,08,097,"Colorado","Pitkin County",2,43,214,95,119
050,08,097,"Colorado","Pitkin County",2,44,213,98,115
050,08,097,"Colorado","Pitkin County",2,45,225,115,110
050,08,097,"Colorado","Pitkin County",2,46,231,126,105
050,08,097,"Colorado","Pitkin County",2,47,242,132,110
050,08,097,"Colorado","Pitkin County",2,48,254,139,115
050,08,097,"Colorado","Pitkin County",2,49,279,153,126
050,08,097,"Colorado","Pitkin County",2,50,293,158,135
050,08,097,"Colorado","Pitkin County",2,51,281,149,132
050,08,097,"Colorado","Pitkin County",2,52,287,157,130
050,08,097,"Colorado","Pitkin County",2,53,247,131,116
050,08,097,"Colorado","Pitkin County",2,54,253,142,111
050,08,097,"Colorado","Pitkin County",2,55,262,143,119
050,08,097,"Colorado","Pitkin County",2,56,250,125,125
050,08,097,"Colorado","Pitkin County",2,57,253,122,131
050,08,097,"Colorado","Pitkin County",2,58,227,105,122
050,08,097,"Colorado","Pitkin County",2,59,250,119,131
050,08,097,"Colorado","Pitkin County",2,60,262,125,137
050,08,097,"Colorado","Pitkin County",2,61,273,134,139
050,08,097,"Colorado","Pitkin County",2,62,277,148,129
050,08,097,"Colorado","Pitkin County",2,63,281,152,129
050,08,097,"Colorado","Pitkin County",2,64,284,156,128
050,08,097,"Colorado","Pitkin County",2,65,260,136,124
050,08,097,"Colorado","Pitkin County",2,66,256,130,126
050,08,097,"Colorado","Pitkin County",2,67,286,151,135
050,08,097,"Colorado","Pitkin County",2,68,262,138,124
050,08,097,"Colorado","Pitkin County",2,69,238,123,115
050,08,097,"Colorado","Pitkin County",2,70,217,112,105
050,08,097,"Colorado","Pitkin County",2,71,207,116,91
050,08,097,"Colorado","Pitkin County",2,72,200,109,91
050,08,097,"Colorado","Pitkin County",2,73,227,119,108
050,08,097,"Colorado","Pitkin County",2,74,172,85,87
050,08,097,"Colorado","Pitkin County",2,75,168,86,82
050,08,097,"Colorado","Pitkin County",2,76,150,82,68
050,08,097,"Colorado","Pitkin County",2,77,152,82,70
050,08,097,"Colorado","Pitkin County",2,78,127,73,54
050,08,097,"Colorado","Pitkin County",2,79,102,56,46
050,08,097,"Colorado","Pitkin County",2,80,84,47,37
050,08,097,"Colorado","Pitkin County",2,81,71,42,29
050,08,097,"Colorado","Pitkin County",2,82,63,37,26
050,08,097,"Colorado","Pitkin County",2,83,58,34,24
050,08,097,"Colorado","Pitkin County",2,84,48,26,22
050,08,097,"Colorado","Pitkin County",2,85,263,130,133
050,08,097,"Colorado","Pitkin County",3,0,129,69,60
050,08,097,"Colorado","Pitkin County",3,1,138,66,72
050,08,097,"Colorado","Pitkin County",3,2,144,67,77
050,08,097,"Colorado","Pitkin County",3,3,123,58,65
050,08,097,"Colorado","Pitkin County",3,4,146,61,85
050,08,097,"Colorado","Pitkin County",3,5,132,49,83
050,08,097,"Colorado","Pitkin County",3,6,121,65,56
050,08,097,"Colorado","Pitkin County",3,7,126,67,59
050,08,097,"Colorado","Pitkin County",3,8,110,65,45
050,08,097,"Colorado","Pitkin County",3,9,143,87,56
050,08,097,"Colorado","Pitkin County",3,10,169,90,79
050,08,097,"Colorado","Pitkin County",3,11,149,81,68
050,08,097,"Colorado","Pitkin County",3,12,155,89,66
050,08,097,"Colorado","Pitkin County",3,13,162,88,74
050,08,097,"Colorado","Pitkin County",3,14,151,69,82
050,08,097,"Colorado","Pitkin County",3,15,160,87,73
050,08,097,"Colorado","Pitkin County",3,16,165,88,77
050,08,097,"Colorado","Pitkin County",3,17,170,84,86
050,08,097,"Colorado","Pitkin County",3,18,158,80,78
050,08,097,"Colorado","Pitkin County",3,19,128,68,60
050,08,097,"Colorado","Pitkin County",3,20,132,66,66
050,08,097,"Colorado","Pitkin County",3,21,138,64,74
050,08,097,"Colorado","Pitkin County",3,22,135,69,66
050,08,097,"Colorado","Pitkin County",3,23,157,81,76
050,08,097,"Colorado","Pitkin County",3,24,194,95,99
050,08,097,"Colorado","Pitkin County",3,25,217,121,96
050,08,097,"Colorado","Pitkin County",3,26,230,137,93
050,08,097,"Colorado","Pitkin County",3,27,245,138,107
050,08,097,"Colorado","Pitkin County",3,28,272,146,126
050,08,097,"Colorado","Pitkin County",3,29,271,145,126
050,08,097,"Colorado","Pitkin County",3,30,244,129,115
050,08,097,"Colorado","Pitkin County",3,31,240,127,113
050,08,097,"Colorado","Pitkin County",3,32,256,136,120
050,08,097,"Colorado","Pitkin County",3,33,252,123,129
050,08,097,"Colorado","Pitkin County",3,34,265,138,127
050,08,097,"Colorado","Pitkin County",3,35,265,144,121
050,08,097,"Colorado","Pitkin County",3,36,261,131,130
050,08,097,"Colorado","Pitkin County",3,37,259,141,118
050,08,097,"Colorado","Pitkin County",3,38,232,130,102
050,08,097,"Colorado","Pitkin County",3,39,238,127,111
050,08,097,"Colorado","Pitkin County",3,40,234,129,105
050,08,097,"Colorado","Pitkin County",3,41,220,116,104
050,08,097,"Colorado","Pitkin County",3,42,226,125,101
050,08,097,"Colorado","Pitkin County",3,43,205,93,112
050,08,097,"Colorado","Pitkin County",3,44,213,95,118
050,08,097,"Colorado","Pitkin County",3,45,212,99,113
050,08,097,"Colorado","Pitkin County",3,46,222,109,113
050,08,097,"Colorado","Pitkin County",3,47,233,125,108
050,08,097,"Colorado","Pitkin County",3,48,251,134,117
050,08,097,"Colorado","Pitkin County",3,49,248,137,111
050,08,097,"Colorado","Pitkin County",3,50,268,143,125
050,08,097,"Colorado","Pitkin County",3,51,286,157,129
050,08,097,"Colorado","Pitkin County",3,52,281,154,127
050,08,097,"Colorado","Pitkin County",3,53,281,153,128
050,08,097,"Colorado","Pitkin County",3,54,252,134,118
050,08,097,"Colorado","Pitkin County",3,55,250,135,115
050,08,097,"Colorado","Pitkin County",3,56,262,139,123
050,08,097,"Colorado","Pitkin County",3,57,251,128,123
050,08,097,"Colorado","Pitkin County",3,58,250,123,127
050,08,097,"Colorado","Pitkin County",3,59,242,111,131
050,08,097,"Colorado","Pitkin County",3,60,248,121,127
050,08,097,"Colorado","Pitkin County",3,61,244,112,132
050,08,097,"Colorado","Pitkin County",3,62,272,131,141
050,08,097,"Colorado","Pitkin County",3,63,263,139,124
050,08,097,"Colorado","Pitkin County",3,64,274,150,124
050,08,097,"Colorado","Pitkin County",3,65,265,146,119
050,08,097,"Colorado","Pitkin County",3,66,255,134,121
050,08,097,"Colorado","Pitkin County",3,67,263,132,131
050,08,097,"Colorado","Pitkin County",3,68,282,148,134
050,08,097,"Colorado","Pitkin County",3,69,258,136,122
050,08,097,"Colorado","Pitkin County",3,70,233,123,110
050,08,097,"Colorado","Pitkin County",3,71,219,114,105
050,08,097,"Colorado","Pitkin County",3,72,204,113,91
050,08,097,"Colorado","Pitkin County",3,73,195,108,87
050,08,097,"Colorado","Pitkin County",3,74,218,114,104
050,08,097,"Colorado","Pitkin County",3,75,170,83,87
050,08,097,"Colorado","Pitkin County",3,76,168,84,84
050,08,097,"Colorado","Pitkin County",3,77,145,78,67
050,08,097,"Colorado","Pitkin County",3,78,148,79,69
050,08,097,"Colorado","Pitkin County",3,79,114,65,49
050,08,097,"Colorado","Pitkin County",3,80,97,54,43
050,08,097,"Colorado","Pitkin County",3,81,78,46,32
050,08,097,"Colorado","Pitkin County",3,82,65,37,28
050,08,097,"Colorado","Pitkin County",3,83,57,33,24
050,08,097,"Colorado","Pitkin County",3,84,54,32,22
050,08,097,"Colorado","Pitkin County",3,85,279,140,139
050,08,097,"Colorado","Pitkin County",4,0,130,68,62
050,08,097,"Colorado","Pitkin County",4,1,123,60,63
050,08,097,"Colorado","Pitkin County",4,2,128,64,64
050,08,097,"Colorado","Pitkin County",4,3,124,57,67
050,08,097,"Colorado","Pitkin County",4,4,117,59,58
050,08,097,"Colorado","Pitkin County",4,5,141,57,84
050,08,097,"Colorado","Pitkin County",4,6,135,49,86
050,08,097,"Colorado","Pitkin County",4,7,129,66,63
050,08,097,"Colorado","Pitkin County",4,8,125,66,59
050,08,097,"Colorado","Pitkin County",4,9,107,65,42
050,08,097,"Colorado","Pitkin County",4,10,147,91,56
050,08,097,"Colorado","Pitkin County",4,11,157,83,74
050,08,097,"Colorado","Pitkin County",4,12,148,79,69
050,08,097,"Colorado","Pitkin County",4,13,154,87,67
050,08,097,"Colorado","Pitkin County",4,14,151,80,71
050,08,097,"Colorado","Pitkin County",4,15,147,65,82
050,08,097,"Colorado","Pitkin County",4,16,146,77,69
050,08,097,"Colorado","Pitkin County",4,17,169,90,79
050,08,097,"Colorado","Pitkin County",4,18,141,69,72
050,08,097,"Colorado","Pitkin County",4,19,123,62,61
050,08,097,"Colorado","Pitkin County",4,20,132,73,59
050,08,097,"Colorado","Pitkin County",4,21,129,59,70
050,08,097,"Colorado","Pitkin County",4,22,136,66,70
050,08,097,"Colorado","Pitkin County",4,23,160,71,89
050,08,097,"Colorado","Pitkin County",4,24,161,70,91
050,08,097,"Colorado","Pitkin County",4,25,174,82,92
050,08,097,"Colorado","Pitkin County",4,26,201,103,98
050,08,097,"Colorado","Pitkin County",4,27,221,136,85
050,08,097,"Colorado","Pitkin County",4,28,227,129,98
050,08,097,"Colorado","Pitkin County",4,29,255,140,115
050,08,097,"Colorado","Pitkin County",4,30,260,140,120
050,08,097,"Colorado","Pitkin County",4,31,209,118,91
050,08,097,"Colorado","Pitkin County",4,32,240,127,113
050,08,097,"Colorado","Pitkin County",4,33,251,132,119
050,08,097,"Colorado","Pitkin County",4,34,250,122,128
050,08,097,"Colorado","Pitkin County",4,35,268,139,129
050,08,097,"Colorado","Pitkin County",4,36,248,130,118
050,08,097,"Colorado","Pitkin County",4,37,247,127,120
050,08,097,"Colorado","Pitkin County",4,38,248,139,109
050,08,097,"Colorado","Pitkin County",4,39,232,123,109
050,08,097,"Colorado","Pitkin County",4,40,228,117,111
050,08,097,"Colorado","Pitkin County",4,41,226,124,102
050,08,097,"Colorado","Pitkin County",4,42,219,115,104
050,08,097,"Colorado","Pitkin County",4,43,216,118,98
050,08,097,"Colorado","Pitkin County",4,44,200,93,107
050,08,097,"Colorado","Pitkin County",4,45,204,92,112
050,08,097,"Colorado","Pitkin County",4,46,200,89,111
050,08,097,"Colorado","Pitkin County",4,47,224,109,115
050,08,097,"Colorado","Pitkin County",4,48,231,123,108
050,08,097,"Colorado","Pitkin County",4,49,251,133,118
050,08,097,"Colorado","Pitkin County",4,50,227,120,107
050,08,097,"Colorado","Pitkin County",4,51,265,146,119
050,08,097,"Colorado","Pitkin County",4,52,272,152,120
050,08,097,"Colorado","Pitkin County",4,53,271,143,128
050,08,097,"Colorado","Pitkin County",4,54,275,152,123
050,08,097,"Colorado","Pitkin County",4,55,246,127,119
050,08,097,"Colorado","Pitkin County",4,56,246,134,112
050,08,097,"Colorado","Pitkin County",4,57,250,135,115
050,08,097,"Colorado","Pitkin County",4,58,237,120,117
050,08,097,"Colorado","Pitkin County",4,59,241,120,121
050,08,097,"Colorado","Pitkin County",4,60,230,106,124
050,08,097,"Colorado","Pitkin County",4,61,245,118,127
050,08,097,"Colorado","Pitkin County",4,62,243,118,125
050,08,097,"Colorado","Pitkin County",4,63,260,127,133
050,08,097,"Colorado","Pitkin County",4,64,256,135,121
050,08,097,"Colorado","Pitkin County",4,65,270,148,122
050,08,097,"Colorado","Pitkin County",4,66,260,140,120
050,08,097,"Colorado","Pitkin County",4,67,251,134,117
050,08,097,"Colorado","Pitkin County",4,68,258,128,130
050,08,097,"Colorado","Pitkin County",4,69,275,144,131
050,08,097,"Colorado","Pitkin County",4,70,255,140,115
050,08,097,"Colorado","Pitkin County",4,71,229,124,105
050,08,097,"Colorado","Pitkin County",4,72,216,108,108
050,08,097,"Colorado","Pitkin County",4,73,203,115,88
050,08,097,"Colorado","Pitkin County",4,74,196,108,88
050,08,097,"Colorado","Pitkin County",4,75,216,114,102
050,08,097,"Colorado","Pitkin County",4,76,161,76,85
050,08,097,"Colorado","Pitkin County",4,77,157,82,75
050,08,097,"Colorado","Pitkin County",4,78,132,68,64
050,08,097,"Colorado","Pitkin County",4,79,140,75,65
050,08,097,"Colorado","Pitkin County",4,80,108,61,47
050,08,097,"Colorado","Pitkin County",4,81,89,49,40
050,08,097,"Colorado","Pitkin County",4,82,69,42,27
050,08,097,"Colorado","Pitkin County",4,83,60,34,26
050,08,097,"Colorado","Pitkin County",4,84,51,31,20
050,08,097,"Colorado","Pitkin County",4,85,297,160,137
050,08,097,"Colorado","Pitkin County",5,0,131,69,62
050,08,097,"Colorado","Pitkin County",5,1,134,69,65
050,08,097,"Colorado","Pitkin County",5,2,119,65,54
050,08,097,"Colorado","Pitkin County",5,3,123,60,63
050,08,097,"Colorado","Pitkin County",5,4,122,61,61
050,08,097,"Colorado","Pitkin County",5,5,117,57,60
050,08,097,"Colorado","Pitkin County",5,6,140,55,85
050,08,097,"Colorado","Pitkin County",5,7,132,51,81
050,08,097,"Colorado","Pitkin County",5,8,129,72,57
050,08,097,"Colorado","Pitkin County",5,9,130,69,61
050,08,097,"Colorado","Pitkin County",5,10,107,67,40
050,08,097,"Colorado","Pitkin County",5,11,145,86,59
050,08,097,"Colorado","Pitkin County",5,12,161,83,78
050,08,097,"Colorado","Pitkin County",5,13,144,79,65
050,08,097,"Colorado","Pitkin County",5,14,154,88,66
050,08,097,"Colorado","Pitkin County",5,15,151,81,70
050,08,097,"Colorado","Pitkin County",5,16,147,67,80
050,08,097,"Colorado","Pitkin County",5,17,148,79,69
050,08,097,"Colorado","Pitkin County",5,18,141,79,62
050,08,097,"Colorado","Pitkin County",5,19,106,51,55
050,08,097,"Colorado","Pitkin County",5,20,134,64,70
050,08,097,"Colorado","Pitkin County",5,21,136,76,60
050,08,097,"Colorado","Pitkin County",5,22,138,61,77
050,08,097,"Colorado","Pitkin County",5,23,144,64,80
050,08,097,"Colorado","Pitkin County",5,24,185,83,102
050,08,097,"Colorado","Pitkin County",5,25,187,84,103
050,08,097,"Colorado","Pitkin County",5,26,189,94,95
050,08,097,"Colorado","Pitkin County",5,27,193,102,91
050,08,097,"Colorado","Pitkin County",5,28,211,121,90
050,08,097,"Colorado","Pitkin County",5,29,244,132,112
050,08,097,"Colorado","Pitkin County",5,30,243,143,100
050,08,097,"Colorado","Pitkin County",5,31,252,136,116
050,08,097,"Colorado","Pitkin County",5,32,215,115,100
050,08,097,"Colorado","Pitkin County",5,33,232,123,109
050,08,097,"Colorado","Pitkin County",5,34,233,119,114
050,08,097,"Colorado","Pitkin County",5,35,238,107,131
050,08,097,"Colorado","Pitkin County",5,36,248,128,120
050,08,097,"Colorado","Pitkin County",5,37,265,139,126
050,08,097,"Colorado","Pitkin County",5,38,230,115,115
050,08,097,"Colorado","Pitkin County",5,39,235,133,102
050,08,097,"Colorado","Pitkin County",5,40,235,124,111
050,08,097,"Colorado","Pitkin County",5,41,229,124,105
050,08,097,"Colorado","Pitkin County",5,42,226,119,107
050,08,097,"Colorado","Pitkin County",5,43,213,114,99
050,08,097,"Colorado","Pitkin County",5,44,207,118,89
050,08,097,"Colorado","Pitkin County",5,45,194,87,107
050,08,097,"Colorado","Pitkin County",5,46,203,91,112
050,08,097,"Colorado","Pitkin County",5,47,201,89,112
050,08,097,"Colorado","Pitkin County",5,48,217,105,112
050,08,097,"Colorado","Pitkin County",5,49,230,126,104
050,08,097,"Colorado","Pitkin County",5,50,244,129,115
050,08,097,"Colorado","Pitkin County",5,51,223,117,106
050,08,097,"Colorado","Pitkin County",5,52,269,146,123
050,08,097,"Colorado","Pitkin County",5,53,264,147,117
050,08,097,"Colorado","Pitkin County",5,54,256,140,116
050,08,097,"Colorado","Pitkin County",5,55,258,145,113
050,08,097,"Colorado","Pitkin County",5,56,243,122,121
050,08,097,"Colorado","Pitkin County",5,57,249,137,112
050,08,097,"Colorado","Pitkin County",5,58,247,125,122
050,08,097,"Colorado","Pitkin County",5,59,224,121,103
050,08,097,"Colorado","Pitkin County",5,60,244,120,124
050,08,097,"Colorado","Pitkin County",5,61,217,103,114
050,08,097,"Colorado","Pitkin County",5,62,238,115,123
050,08,097,"Colorado","Pitkin County",5,63,232,111,121
050,08,097,"Colorado","Pitkin County",5,64,251,118,133
050,08,097,"Colorado","Pitkin County",5,65,255,132,123
050,08,097,"Colorado","Pitkin County",5,66,263,142,121
050,08,097,"Colorado","Pitkin County",5,67,258,136,122
050,08,097,"Colorado","Pitkin County",5,68,244,133,111
050,08,097,"Colorado","Pitkin County",5,69,251,123,128
050,08,097,"Colorado","Pitkin County",5,70,265,143,122
050,08,097,"Colorado","Pitkin County",5,71,246,135,111
050,08,097,"Colorado","Pitkin County",5,72,219,121,98
050,08,097,"Colorado","Pitkin County",5,73,206,102,104
050,08,097,"Colorado","Pitkin County",5,74,204,113,91
050,08,097,"Colorado","Pitkin County",5,75,194,106,88
050,08,097,"Colorado","Pitkin County",5,76,202,106,96
050,08,097,"Colorado","Pitkin County",5,77,159,78,81
050,08,097,"Colorado","Pitkin County",5,78,152,80,72
050,08,097,"Colorado","Pitkin County",5,79,128,68,60
050,08,097,"Colorado","Pitkin County",5,80,136,73,63
050,08,097,"Colorado","Pitkin County",5,81,95,54,41
050,08,097,"Colorado","Pitkin County",5,82,83,46,37
050,08,097,"Colorado","Pitkin County",5,83,63,40,23
050,08,097,"Colorado","Pitkin County",5,84,55,32,23
050,08,097,"Colorado","Pitkin County",5,85,315,174,141
050,08,099,"Colorado","Prowers County",1,0,141,71,70
050,08,099,"Colorado","Prowers County",1,1,152,75,77
050,08,099,"Colorado","Prowers County",1,2,163,77,86
050,08,099,"Colorado","Prowers County",1,3,173,88,85
050,08,099,"Colorado","Prowers County",1,4,190,96,94
050,08,099,"Colorado","Prowers County",1,5,177,95,82
050,08,099,"Colorado","Prowers County",1,6,163,75,88
050,08,099,"Colorado","Prowers County",1,7,183,94,89
050,08,099,"Colorado","Prowers County",1,8,194,109,85
050,08,099,"Colorado","Prowers County",1,9,165,82,83
050,08,099,"Colorado","Prowers County",1,10,180,93,87
050,08,099,"Colorado","Prowers County",1,11,187,105,82
050,08,099,"Colorado","Prowers County",1,12,174,88,86
050,08,099,"Colorado","Prowers County",1,13,173,83,90
050,08,099,"Colorado","Prowers County",1,14,179,96,83
050,08,099,"Colorado","Prowers County",1,15,182,97,85
050,08,099,"Colorado","Prowers County",1,16,178,93,85
050,08,099,"Colorado","Prowers County",1,17,172,86,86
050,08,099,"Colorado","Prowers County",1,18,198,98,100
050,08,099,"Colorado","Prowers County",1,19,237,124,113
050,08,099,"Colorado","Prowers County",1,20,192,116,76
050,08,099,"Colorado","Prowers County",1,21,166,99,67
050,08,099,"Colorado","Prowers County",1,22,148,75,73
050,08,099,"Colorado","Prowers County",1,23,128,70,58
050,08,099,"Colorado","Prowers County",1,24,126,68,58
050,08,099,"Colorado","Prowers County",1,25,138,67,71
050,08,099,"Colorado","Prowers County",1,26,135,72,63
050,08,099,"Colorado","Prowers County",1,27,136,79,57
050,08,099,"Colorado","Prowers County",1,28,136,73,63
050,08,099,"Colorado","Prowers County",1,29,123,65,58
050,08,099,"Colorado","Prowers County",1,30,138,75,63
050,08,099,"Colorado","Prowers County",1,31,128,60,68
050,08,099,"Colorado","Prowers County",1,32,133,64,69
050,08,099,"Colorado","Prowers County",1,33,129,70,59
050,08,099,"Colorado","Prowers County",1,34,136,74,62
050,08,099,"Colorado","Prowers County",1,35,147,76,71
050,08,099,"Colorado","Prowers County",1,36,139,70,69
050,08,099,"Colorado","Prowers County",1,37,141,70,71
050,08,099,"Colorado","Prowers County",1,38,135,66,69
050,08,099,"Colorado","Prowers County",1,39,138,60,78
050,08,099,"Colorado","Prowers County",1,40,146,78,68
050,08,099,"Colorado","Prowers County",1,41,151,71,80
050,08,099,"Colorado","Prowers County",1,42,137,61,76
050,08,099,"Colorado","Prowers County",1,43,125,65,60
050,08,099,"Colorado","Prowers County",1,44,131,67,64
050,08,099,"Colorado","Prowers County",1,45,127,59,68
050,08,099,"Colorado","Prowers County",1,46,123,62,61
050,08,099,"Colorado","Prowers County",1,47,122,65,57
050,08,099,"Colorado","Prowers County",1,48,131,72,59
050,08,099,"Colorado","Prowers County",1,49,125,68,57
050,08,099,"Colorado","Prowers County",1,50,118,61,57
050,08,099,"Colorado","Prowers County",1,51,102,53,49
050,08,099,"Colorado","Prowers County",1,52,117,69,48
050,08,099,"Colorado","Prowers County",1,53,127,63,64
050,08,099,"Colorado","Prowers County",1,54,127,58,69
050,08,099,"Colorado","Prowers County",1,55,122,56,66
050,08,099,"Colorado","Prowers County",1,56,140,66,74
050,08,099,"Colorado","Prowers County",1,57,144,80,64
050,08,099,"Colorado","Prowers County",1,58,179,97,82
050,08,099,"Colorado","Prowers County",1,59,178,80,98
050,08,099,"Colorado","Prowers County",1,60,166,76,90
050,08,099,"Colorado","Prowers County",1,61,159,74,85
050,08,099,"Colorado","Prowers County",1,62,152,79,73
050,08,099,"Colorado","Prowers County",1,63,168,88,80
050,08,099,"Colorado","Prowers County",1,64,152,81,71
050,08,099,"Colorado","Prowers County",1,65,158,78,80
050,08,099,"Colorado","Prowers County",1,66,148,78,70
050,08,099,"Colorado","Prowers County",1,67,150,79,71
050,08,099,"Colorado","Prowers County",1,68,143,59,84
050,08,099,"Colorado","Prowers County",1,69,132,57,75
050,08,099,"Colorado","Prowers County",1,70,118,53,65
050,08,099,"Colorado","Prowers County",1,71,126,64,62
050,08,099,"Colorado","Prowers County",1,72,139,72,67
050,08,099,"Colorado","Prowers County",1,73,119,57,62
050,08,099,"Colorado","Prowers County",1,74,83,42,41
050,08,099,"Colorado","Prowers County",1,75,74,39,35
050,08,099,"Colorado","Prowers County",1,76,77,42,35
050,08,099,"Colorado","Prowers County",1,77,82,36,46
050,08,099,"Colorado","Prowers County",1,78,74,32,42
050,08,099,"Colorado","Prowers County",1,79,52,20,32
050,08,099,"Colorado","Prowers County",1,80,56,22,34
050,08,099,"Colorado","Prowers County",1,81,59,26,33
050,08,099,"Colorado","Prowers County",1,82,48,24,24
050,08,099,"Colorado","Prowers County",1,83,34,13,21
050,08,099,"Colorado","Prowers County",1,84,39,15,24
050,08,099,"Colorado","Prowers County",1,85,268,97,171
050,08,099,"Colorado","Prowers County",2,0,159,77,82
050,08,099,"Colorado","Prowers County",2,1,149,74,75
050,08,099,"Colorado","Prowers County",2,2,160,76,84
050,08,099,"Colorado","Prowers County",2,3,169,84,85
050,08,099,"Colorado","Prowers County",2,4,188,95,93
050,08,099,"Colorado","Prowers County",2,5,179,94,85
050,08,099,"Colorado","Prowers County",2,6,167,80,87
050,08,099,"Colorado","Prowers County",2,7,178,90,88
050,08,099,"Colorado","Prowers County",2,8,192,106,86
050,08,099,"Colorado","Prowers County",2,9,176,90,86
050,08,099,"Colorado","Prowers County",2,10,178,92,86
050,08,099,"Colorado","Prowers County",2,11,184,101,83
050,08,099,"Colorado","Prowers County",2,12,177,91,86
050,08,099,"Colorado","Prowers County",2,13,173,84,89
050,08,099,"Colorado","Prowers County",2,14,180,94,86
050,08,099,"Colorado","Prowers County",2,15,181,97,84
050,08,099,"Colorado","Prowers County",2,16,181,95,86
050,08,099,"Colorado","Prowers County",2,17,174,88,86
050,08,099,"Colorado","Prowers County",2,18,196,98,98
050,08,099,"Colorado","Prowers County",2,19,235,120,115
050,08,099,"Colorado","Prowers County",2,20,195,116,79
050,08,099,"Colorado","Prowers County",2,21,164,99,65
050,08,099,"Colorado","Prowers County",2,22,151,78,73
050,08,099,"Colorado","Prowers County",2,23,125,67,58
050,08,099,"Colorado","Prowers County",2,24,128,70,58
050,08,099,"Colorado","Prowers County",2,25,133,66,67
050,08,099,"Colorado","Prowers County",2,26,139,74,65
050,08,099,"Colorado","Prowers County",2,27,134,76,58
050,08,099,"Colorado","Prowers County",2,28,135,74,61
050,08,099,"Colorado","Prowers County",2,29,126,66,60
050,08,099,"Colorado","Prowers County",2,30,135,73,62
050,08,099,"Colorado","Prowers County",2,31,127,61,66
050,08,099,"Colorado","Prowers County",2,32,133,64,69
050,08,099,"Colorado","Prowers County",2,33,129,67,62
050,08,099,"Colorado","Prowers County",2,34,133,72,61
050,08,099,"Colorado","Prowers County",2,35,147,77,70
050,08,099,"Colorado","Prowers County",2,36,140,70,70
050,08,099,"Colorado","Prowers County",2,37,142,70,72
050,08,099,"Colorado","Prowers County",2,38,138,68,70
050,08,099,"Colorado","Prowers County",2,39,136,60,76
050,08,099,"Colorado","Prowers County",2,40,147,76,71
050,08,099,"Colorado","Prowers County",2,41,150,72,78
050,08,099,"Colorado","Prowers County",2,42,139,63,76
050,08,099,"Colorado","Prowers County",2,43,126,63,63
050,08,099,"Colorado","Prowers County",2,44,128,66,62
050,08,099,"Colorado","Prowers County",2,45,129,61,68
050,08,099,"Colorado","Prowers County",2,46,124,62,62
050,08,099,"Colorado","Prowers County",2,47,122,64,58
050,08,099,"Colorado","Prowers County",2,48,130,72,58
050,08,099,"Colorado","Prowers County",2,49,124,68,56
050,08,099,"Colorado","Prowers County",2,50,122,65,57
050,08,099,"Colorado","Prowers County",2,51,105,54,51
050,08,099,"Colorado","Prowers County",2,52,114,66,48
050,08,099,"Colorado","Prowers County",2,53,125,64,61
050,08,099,"Colorado","Prowers County",2,54,126,59,67
050,08,099,"Colorado","Prowers County",2,55,123,56,67
050,08,099,"Colorado","Prowers County",2,56,137,65,72
050,08,099,"Colorado","Prowers County",2,57,144,77,67
050,08,099,"Colorado","Prowers County",2,58,169,92,77
050,08,099,"Colorado","Prowers County",2,59,179,84,95
050,08,099,"Colorado","Prowers County",2,60,168,76,92
050,08,099,"Colorado","Prowers County",2,61,160,75,85
050,08,099,"Colorado","Prowers County",2,62,151,75,76
050,08,099,"Colorado","Prowers County",2,63,163,86,77
050,08,099,"Colorado","Prowers County",2,64,156,83,73
050,08,099,"Colorado","Prowers County",2,65,158,80,78
050,08,099,"Colorado","Prowers County",2,66,149,77,72
050,08,099,"Colorado","Prowers County",2,67,150,79,71
050,08,099,"Colorado","Prowers County",2,68,141,62,79
050,08,099,"Colorado","Prowers County",2,69,135,58,77
050,08,099,"Colorado","Prowers County",2,70,120,53,67
050,08,099,"Colorado","Prowers County",2,71,123,61,62
050,08,099,"Colorado","Prowers County",2,72,132,67,65
050,08,099,"Colorado","Prowers County",2,73,130,65,65
050,08,099,"Colorado","Prowers County",2,74,87,42,45
050,08,099,"Colorado","Prowers County",2,75,76,40,36
050,08,099,"Colorado","Prowers County",2,76,77,41,36
050,08,099,"Colorado","Prowers County",2,77,82,37,45
050,08,099,"Colorado","Prowers County",2,78,73,31,42
050,08,099,"Colorado","Prowers County",2,79,56,23,33
050,08,099,"Colorado","Prowers County",2,80,55,21,34
050,08,099,"Colorado","Prowers County",2,81,59,25,34
050,08,099,"Colorado","Prowers County",2,82,48,23,25
050,08,099,"Colorado","Prowers County",2,83,37,16,21
050,08,099,"Colorado","Prowers County",2,84,36,14,22
050,08,099,"Colorado","Prowers County",2,85,266,98,168
050,08,099,"Colorado","Prowers County",3,0,147,79,68
050,08,099,"Colorado","Prowers County",3,1,161,79,82
050,08,099,"Colorado","Prowers County",3,2,156,76,80
050,08,099,"Colorado","Prowers County",3,3,161,77,84
050,08,099,"Colorado","Prowers County",3,4,173,85,88
050,08,099,"Colorado","Prowers County",3,5,178,85,93
050,08,099,"Colorado","Prowers County",3,6,184,98,86
050,08,099,"Colorado","Prowers County",3,7,164,81,83
050,08,099,"Colorado","Prowers County",3,8,180,96,84
050,08,099,"Colorado","Prowers County",3,9,181,100,81
050,08,099,"Colorado","Prowers County",3,10,167,85,82
050,08,099,"Colorado","Prowers County",3,11,176,87,89
050,08,099,"Colorado","Prowers County",3,12,187,106,81
050,08,099,"Colorado","Prowers County",3,13,181,92,89
050,08,099,"Colorado","Prowers County",3,14,170,86,84
050,08,099,"Colorado","Prowers County",3,15,183,94,89
050,08,099,"Colorado","Prowers County",3,16,184,101,83
050,08,099,"Colorado","Prowers County",3,17,186,94,92
050,08,099,"Colorado","Prowers County",3,18,201,102,99
050,08,099,"Colorado","Prowers County",3,19,227,108,119
050,08,099,"Colorado","Prowers County",3,20,199,109,90
050,08,099,"Colorado","Prowers County",3,21,160,97,63
050,08,099,"Colorado","Prowers County",3,22,152,86,66
050,08,099,"Colorado","Prowers County",3,23,148,73,75
050,08,099,"Colorado","Prowers County",3,24,130,66,64
050,08,099,"Colorado","Prowers County",3,25,119,65,54
050,08,099,"Colorado","Prowers County",3,26,145,76,69
050,08,099,"Colorado","Prowers County",3,27,136,73,63
050,08,099,"Colorado","Prowers County",3,28,138,77,61
050,08,099,"Colorado","Prowers County",3,29,138,70,68
050,08,099,"Colorado","Prowers County",3,30,124,66,58
050,08,099,"Colorado","Prowers County",3,31,140,76,64
050,08,099,"Colorado","Prowers County",3,32,125,61,64
050,08,099,"Colorado","Prowers County",3,33,129,61,68
050,08,099,"Colorado","Prowers County",3,34,129,69,60
050,08,099,"Colorado","Prowers County",3,35,133,70,63
050,08,099,"Colorado","Prowers County",3,36,140,75,65
050,08,099,"Colorado","Prowers County",3,37,149,75,74
050,08,099,"Colorado","Prowers County",3,38,145,73,72
050,08,099,"Colorado","Prowers County",3,39,137,68,69
050,08,099,"Colorado","Prowers County",3,40,137,58,79
050,08,099,"Colorado","Prowers County",3,41,147,76,71
050,08,099,"Colorado","Prowers County",3,42,156,78,78
050,08,099,"Colorado","Prowers County",3,43,133,61,72
050,08,099,"Colorado","Prowers County",3,44,129,65,64
050,08,099,"Colorado","Prowers County",3,45,132,69,63
050,08,099,"Colorado","Prowers County",3,46,131,62,69
050,08,099,"Colorado","Prowers County",3,47,127,62,65
050,08,099,"Colorado","Prowers County",3,48,123,66,57
050,08,099,"Colorado","Prowers County",3,49,128,70,58
050,08,099,"Colorado","Prowers County",3,50,135,72,63
050,08,099,"Colorado","Prowers County",3,51,124,67,57
050,08,099,"Colorado","Prowers County",3,52,110,59,51
050,08,099,"Colorado","Prowers County",3,53,116,64,52
050,08,099,"Colorado","Prowers County",3,54,123,61,62
050,08,099,"Colorado","Prowers County",3,55,124,58,66
050,08,099,"Colorado","Prowers County",3,56,119,55,64
050,08,099,"Colorado","Prowers County",3,57,142,69,73
050,08,099,"Colorado","Prowers County",3,58,143,77,66
050,08,099,"Colorado","Prowers County",3,59,163,87,76
050,08,099,"Colorado","Prowers County",3,60,179,82,97
050,08,099,"Colorado","Prowers County",3,61,164,76,88
050,08,099,"Colorado","Prowers County",3,62,156,75,81
050,08,099,"Colorado","Prowers County",3,63,145,71,74
050,08,099,"Colorado","Prowers County",3,64,160,85,75
050,08,099,"Colorado","Prowers County",3,65,155,81,74
050,08,099,"Colorado","Prowers County",3,66,152,78,74
050,08,099,"Colorado","Prowers County",3,67,147,73,74
050,08,099,"Colorado","Prowers County",3,68,145,77,68
050,08,099,"Colorado","Prowers County",3,69,139,62,77
050,08,099,"Colorado","Prowers County",3,70,128,53,75
050,08,099,"Colorado","Prowers County",3,71,107,49,58
050,08,099,"Colorado","Prowers County",3,72,120,58,62
050,08,099,"Colorado","Prowers County",3,73,129,64,65
050,08,099,"Colorado","Prowers County",3,74,120,60,60
050,08,099,"Colorado","Prowers County",3,75,85,41,44
050,08,099,"Colorado","Prowers County",3,76,75,40,35
050,08,099,"Colorado","Prowers County",3,77,75,38,37
050,08,099,"Colorado","Prowers County",3,78,81,38,43
050,08,099,"Colorado","Prowers County",3,79,65,25,40
050,08,099,"Colorado","Prowers County",3,80,53,20,33
050,08,099,"Colorado","Prowers County",3,81,50,16,34
050,08,099,"Colorado","Prowers County",3,82,46,22,24
050,08,099,"Colorado","Prowers County",3,83,39,18,21
050,08,099,"Colorado","Prowers County",3,84,34,16,18
050,08,099,"Colorado","Prowers County",3,85,236,86,150
050,08,099,"Colorado","Prowers County",4,0,144,72,72
050,08,099,"Colorado","Prowers County",4,1,152,82,70
050,08,099,"Colorado","Prowers County",4,2,149,67,82
050,08,099,"Colorado","Prowers County",4,3,158,75,83
050,08,099,"Colorado","Prowers County",4,4,158,76,82
050,08,099,"Colorado","Prowers County",4,5,169,85,84
050,08,099,"Colorado","Prowers County",4,6,192,90,102
050,08,099,"Colorado","Prowers County",4,7,180,93,87
050,08,099,"Colorado","Prowers County",4,8,165,84,81
050,08,099,"Colorado","Prowers County",4,9,181,94,87
050,08,099,"Colorado","Prowers County",4,10,180,102,78
050,08,099,"Colorado","Prowers County",4,11,173,87,86
050,08,099,"Colorado","Prowers County",4,12,178,90,88
050,08,099,"Colorado","Prowers County",4,13,184,103,81
050,08,099,"Colorado","Prowers County",4,14,180,88,92
050,08,099,"Colorado","Prowers County",4,15,166,84,82
050,08,099,"Colorado","Prowers County",4,16,183,92,91
050,08,099,"Colorado","Prowers County",4,17,189,101,88
050,08,099,"Colorado","Prowers County",4,18,203,105,98
050,08,099,"Colorado","Prowers County",4,19,224,108,116
050,08,099,"Colorado","Prowers County",4,20,181,91,90
050,08,099,"Colorado","Prowers County",4,21,169,94,75
050,08,099,"Colorado","Prowers County",4,22,146,82,64
050,08,099,"Colorado","Prowers County",4,23,134,77,57
050,08,099,"Colorado","Prowers County",4,24,163,87,76
050,08,099,"Colorado","Prowers County",4,25,115,56,59
050,08,099,"Colorado","Prowers County",4,26,124,67,57
050,08,099,"Colorado","Prowers County",4,27,145,67,78
050,08,099,"Colorado","Prowers County",4,28,132,73,59
050,08,099,"Colorado","Prowers County",4,29,140,76,64
050,08,099,"Colorado","Prowers County",4,30,133,74,59
050,08,099,"Colorado","Prowers County",4,31,122,59,63
050,08,099,"Colorado","Prowers County",4,32,135,79,56
050,08,099,"Colorado","Prowers County",4,33,122,59,63
050,08,099,"Colorado","Prowers County",4,34,126,61,65
050,08,099,"Colorado","Prowers County",4,35,130,72,58
050,08,099,"Colorado","Prowers County",4,36,129,65,64
050,08,099,"Colorado","Prowers County",4,37,141,73,68
050,08,099,"Colorado","Prowers County",4,38,140,74,66
050,08,099,"Colorado","Prowers County",4,39,151,76,75
050,08,099,"Colorado","Prowers County",4,40,132,62,70
050,08,099,"Colorado","Prowers County",4,41,137,64,73
050,08,099,"Colorado","Prowers County",4,42,148,79,69
050,08,099,"Colorado","Prowers County",4,43,159,76,83
050,08,099,"Colorado","Prowers County",4,44,130,58,72
050,08,099,"Colorado","Prowers County",4,45,127,63,64
050,08,099,"Colorado","Prowers County",4,46,133,68,65
050,08,099,"Colorado","Prowers County",4,47,129,64,65
050,08,099,"Colorado","Prowers County",4,48,123,61,62
050,08,099,"Colorado","Prowers County",4,49,119,65,54
050,08,099,"Colorado","Prowers County",4,50,132,71,61
050,08,099,"Colorado","Prowers County",4,51,133,72,61
050,08,099,"Colorado","Prowers County",4,52,125,69,56
050,08,099,"Colorado","Prowers County",4,53,104,54,50
050,08,099,"Colorado","Prowers County",4,54,114,66,48
050,08,099,"Colorado","Prowers County",4,55,122,62,60
050,08,099,"Colorado","Prowers County",4,56,128,58,70
050,08,099,"Colorado","Prowers County",4,57,128,60,68
050,08,099,"Colorado","Prowers County",4,58,141,67,74
050,08,099,"Colorado","Prowers County",4,59,145,78,67
050,08,099,"Colorado","Prowers County",4,60,162,85,77
050,08,099,"Colorado","Prowers County",4,61,170,75,95
050,08,099,"Colorado","Prowers County",4,62,160,71,89
050,08,099,"Colorado","Prowers County",4,63,157,72,85
050,08,099,"Colorado","Prowers County",4,64,144,72,72
050,08,099,"Colorado","Prowers County",4,65,162,88,74
050,08,099,"Colorado","Prowers County",4,66,147,77,70
050,08,099,"Colorado","Prowers County",4,67,146,74,72
050,08,099,"Colorado","Prowers County",4,68,141,70,71
050,08,099,"Colorado","Prowers County",4,69,144,78,66
050,08,099,"Colorado","Prowers County",4,70,135,64,71
050,08,099,"Colorado","Prowers County",4,71,123,51,72
050,08,099,"Colorado","Prowers County",4,72,101,46,55
050,08,099,"Colorado","Prowers County",4,73,113,51,62
050,08,099,"Colorado","Prowers County",4,74,120,60,60
050,08,099,"Colorado","Prowers County",4,75,116,58,58
050,08,099,"Colorado","Prowers County",4,76,81,40,41
050,08,099,"Colorado","Prowers County",4,77,70,37,33
050,08,099,"Colorado","Prowers County",4,78,69,35,34
050,08,099,"Colorado","Prowers County",4,79,72,36,36
050,08,099,"Colorado","Prowers County",4,80,62,22,40
050,08,099,"Colorado","Prowers County",4,81,49,17,32
050,08,099,"Colorado","Prowers County",4,82,40,14,26
050,08,099,"Colorado","Prowers County",4,83,41,19,22
050,08,099,"Colorado","Prowers County",4,84,34,17,17
050,08,099,"Colorado","Prowers County",4,85,219,88,131
050,08,099,"Colorado","Prowers County",5,0,142,72,70
050,08,099,"Colorado","Prowers County",5,1,147,75,72
050,08,099,"Colorado","Prowers County",5,2,148,80,68
050,08,099,"Colorado","Prowers County",5,3,147,67,80
050,08,099,"Colorado","Prowers County",5,4,159,73,86
050,08,099,"Colorado","Prowers County",5,5,161,75,86
050,08,099,"Colorado","Prowers County",5,6,167,78,89
050,08,099,"Colorado","Prowers County",5,7,189,85,104
050,08,099,"Colorado","Prowers County",5,8,173,88,85
050,08,099,"Colorado","Prowers County",5,9,169,83,86
050,08,099,"Colorado","Prowers County",5,10,180,95,85
050,08,099,"Colorado","Prowers County",5,11,182,103,79
050,08,099,"Colorado","Prowers County",5,12,164,82,82
050,08,099,"Colorado","Prowers County",5,13,166,82,84
050,08,099,"Colorado","Prowers County",5,14,191,111,80
050,08,099,"Colorado","Prowers County",5,15,176,87,89
050,08,099,"Colorado","Prowers County",5,16,164,77,87
050,08,099,"Colorado","Prowers County",5,17,182,89,93
050,08,099,"Colorado","Prowers County",5,18,209,110,99
050,08,099,"Colorado","Prowers County",5,19,227,118,109
050,08,099,"Colorado","Prowers County",5,20,186,100,86
050,08,099,"Colorado","Prowers County",5,21,154,82,72
050,08,099,"Colorado","Prowers County",5,22,161,84,77
050,08,099,"Colorado","Prowers County",5,23,130,77,53
050,08,099,"Colorado","Prowers County",5,24,139,78,61
050,08,099,"Colorado","Prowers County",5,25,147,75,72
050,08,099,"Colorado","Prowers County",5,26,134,70,64
050,08,099,"Colorado","Prowers County",5,27,135,67,68
050,08,099,"Colorado","Prowers County",5,28,134,64,70
050,08,099,"Colorado","Prowers County",5,29,131,70,61
050,08,099,"Colorado","Prowers County",5,30,140,77,63
050,08,099,"Colorado","Prowers County",5,31,122,68,54
050,08,099,"Colorado","Prowers County",5,32,123,64,59
050,08,099,"Colorado","Prowers County",5,33,132,75,57
050,08,099,"Colorado","Prowers County",5,34,124,61,63
050,08,099,"Colorado","Prowers County",5,35,129,62,67
050,08,099,"Colorado","Prowers County",5,36,130,72,58
050,08,099,"Colorado","Prowers County",5,37,121,57,64
050,08,099,"Colorado","Prowers County",5,38,136,69,67
050,08,099,"Colorado","Prowers County",5,39,140,71,69
050,08,099,"Colorado","Prowers County",5,40,151,76,75
050,08,099,"Colorado","Prowers County",5,41,137,66,71
050,08,099,"Colorado","Prowers County",5,42,135,64,71
050,08,099,"Colorado","Prowers County",5,43,138,77,61
050,08,099,"Colorado","Prowers County",5,44,153,72,81
050,08,099,"Colorado","Prowers County",5,45,123,58,65
050,08,099,"Colorado","Prowers County",5,46,123,58,65
050,08,099,"Colorado","Prowers County",5,47,124,62,62
050,08,099,"Colorado","Prowers County",5,48,124,63,61
050,08,099,"Colorado","Prowers County",5,49,126,61,65
050,08,099,"Colorado","Prowers County",5,50,114,64,50
050,08,099,"Colorado","Prowers County",5,51,128,70,58
050,08,099,"Colorado","Prowers County",5,52,133,76,57
050,08,099,"Colorado","Prowers County",5,53,118,62,56
050,08,099,"Colorado","Prowers County",5,54,106,54,52
050,08,099,"Colorado","Prowers County",5,55,110,64,46
050,08,099,"Colorado","Prowers County",5,56,114,54,60
050,08,099,"Colorado","Prowers County",5,57,124,59,65
050,08,099,"Colorado","Prowers County",5,58,128,60,68
050,08,099,"Colorado","Prowers County",5,59,146,69,77
050,08,099,"Colorado","Prowers County",5,60,139,73,66
050,08,099,"Colorado","Prowers County",5,61,154,78,76
050,08,099,"Colorado","Prowers County",5,62,172,77,95
050,08,099,"Colorado","Prowers County",5,63,157,70,87
050,08,099,"Colorado","Prowers County",5,64,157,75,82
050,08,099,"Colorado","Prowers County",5,65,139,70,69
050,08,099,"Colorado","Prowers County",5,66,161,87,74
050,08,099,"Colorado","Prowers County",5,67,142,72,70
050,08,099,"Colorado","Prowers County",5,68,142,72,70
050,08,099,"Colorado","Prowers County",5,69,135,66,69
050,08,099,"Colorado","Prowers County",5,70,144,78,66
050,08,099,"Colorado","Prowers County",5,71,132,63,69
050,08,099,"Colorado","Prowers County",5,72,122,51,71
050,08,099,"Colorado","Prowers County",5,73,105,47,58
050,08,099,"Colorado","Prowers County",5,74,109,49,60
050,08,099,"Colorado","Prowers County",5,75,123,62,61
050,08,099,"Colorado","Prowers County",5,76,112,58,54
050,08,099,"Colorado","Prowers County",5,77,77,36,41
050,08,099,"Colorado","Prowers County",5,78,67,37,30
050,08,099,"Colorado","Prowers County",5,79,67,32,35
050,08,099,"Colorado","Prowers County",5,80,69,34,35
050,08,099,"Colorado","Prowers County",5,81,58,19,39
050,08,099,"Colorado","Prowers County",5,82,42,15,27
050,08,099,"Colorado","Prowers County",5,83,37,11,26
050,08,099,"Colorado","Prowers County",5,84,38,17,21
050,08,099,"Colorado","Prowers County",5,85,205,91,114
050,08,101,"Colorado","Pueblo County",1,0,1744,885,859
050,08,101,"Colorado","Pueblo County",1,1,1826,928,898
050,08,101,"Colorado","Pueblo County",1,2,1882,968,914
050,08,101,"Colorado","Pueblo County",1,3,1898,951,947
050,08,101,"Colorado","Pueblo County",1,4,1925,989,936
050,08,101,"Colorado","Pueblo County",1,5,2056,1063,993
050,08,101,"Colorado","Pueblo County",1,6,2031,1039,992
050,08,101,"Colorado","Pueblo County",1,7,2010,1050,960
050,08,101,"Colorado","Pueblo County",1,8,2049,1033,1016
050,08,101,"Colorado","Pueblo County",1,9,2082,1057,1025
050,08,101,"Colorado","Pueblo County",1,10,2244,1177,1067
050,08,101,"Colorado","Pueblo County",1,11,2258,1162,1096
050,08,101,"Colorado","Pueblo County",1,12,2364,1226,1138
050,08,101,"Colorado","Pueblo County",1,13,2306,1185,1121
050,08,101,"Colorado","Pueblo County",1,14,2210,1138,1072
050,08,101,"Colorado","Pueblo County",1,15,2186,1146,1040
050,08,101,"Colorado","Pueblo County",1,16,2273,1181,1092
050,08,101,"Colorado","Pueblo County",1,17,2303,1176,1127
050,08,101,"Colorado","Pueblo County",1,18,2104,1118,986
050,08,101,"Colorado","Pueblo County",1,19,1954,1034,920
050,08,101,"Colorado","Pueblo County",1,20,1936,1003,933
050,08,101,"Colorado","Pueblo County",1,21,1944,1029,915
050,08,101,"Colorado","Pueblo County",1,22,1907,982,925
050,08,101,"Colorado","Pueblo County",1,23,1951,995,956
050,08,101,"Colorado","Pueblo County",1,24,2028,1061,967
050,08,101,"Colorado","Pueblo County",1,25,2100,1105,995
050,08,101,"Colorado","Pueblo County",1,26,2128,1041,1087
050,08,101,"Colorado","Pueblo County",1,27,2249,1152,1097
050,08,101,"Colorado","Pueblo County",1,28,2309,1183,1126
050,08,101,"Colorado","Pueblo County",1,29,2264,1173,1091
050,08,101,"Colorado","Pueblo County",1,30,2228,1128,1100
050,08,101,"Colorado","Pueblo County",1,31,2081,1031,1050
050,08,101,"Colorado","Pueblo County",1,32,2191,1065,1126
050,08,101,"Colorado","Pueblo County",1,33,2141,1080,1061
050,08,101,"Colorado","Pueblo County",1,34,2209,1115,1094
050,08,101,"Colorado","Pueblo County",1,35,2196,1167,1029
050,08,101,"Colorado","Pueblo County",1,36,2124,1053,1071
050,08,101,"Colorado","Pueblo County",1,37,2176,1076,1100
050,08,101,"Colorado","Pueblo County",1,38,2104,1053,1051
050,08,101,"Colorado","Pueblo County",1,39,2173,1099,1074
050,08,101,"Colorado","Pueblo County",1,40,2112,1070,1042
050,08,101,"Colorado","Pueblo County",1,41,2043,1042,1001
050,08,101,"Colorado","Pueblo County",1,42,2010,1014,996
050,08,101,"Colorado","Pueblo County",1,43,1966,966,1000
050,08,101,"Colorado","Pueblo County",1,44,1916,972,944
050,08,101,"Colorado","Pueblo County",1,45,1902,954,948
050,08,101,"Colorado","Pueblo County",1,46,1764,903,861
050,08,101,"Colorado","Pueblo County",1,47,1846,921,925
050,08,101,"Colorado","Pueblo County",1,48,1989,1007,982
050,08,101,"Colorado","Pueblo County",1,49,2186,1077,1109
050,08,101,"Colorado","Pueblo County",1,50,2091,1051,1040
050,08,101,"Colorado","Pueblo County",1,51,2001,1006,995
050,08,101,"Colorado","Pueblo County",1,52,1853,937,916
050,08,101,"Colorado","Pueblo County",1,53,1905,968,937
050,08,101,"Colorado","Pueblo County",1,54,1964,990,974
050,08,101,"Colorado","Pueblo County",1,55,2090,1027,1063
050,08,101,"Colorado","Pueblo County",1,56,2161,1050,1111
050,08,101,"Colorado","Pueblo County",1,57,2245,1101,1144
050,08,101,"Colorado","Pueblo County",1,58,2293,1141,1152
050,08,101,"Colorado","Pueblo County",1,59,2249,1082,1167
050,08,101,"Colorado","Pueblo County",1,60,2259,1076,1183
050,08,101,"Colorado","Pueblo County",1,61,2284,1070,1214
050,08,101,"Colorado","Pueblo County",1,62,2371,1173,1198
050,08,101,"Colorado","Pueblo County",1,63,2278,1097,1181
050,08,101,"Colorado","Pueblo County",1,64,2267,1050,1217
050,08,101,"Colorado","Pueblo County",1,65,2207,1040,1167
050,08,101,"Colorado","Pueblo County",1,66,2227,1057,1170
050,08,101,"Colorado","Pueblo County",1,67,2131,1011,1120
050,08,101,"Colorado","Pueblo County",1,68,2048,957,1091
050,08,101,"Colorado","Pueblo County",1,69,1963,944,1019
050,08,101,"Colorado","Pueblo County",1,70,1899,947,952
050,08,101,"Colorado","Pueblo County",1,71,1854,927,927
050,08,101,"Colorado","Pueblo County",1,72,1859,907,952
050,08,101,"Colorado","Pueblo County",1,73,1811,864,947
050,08,101,"Colorado","Pueblo County",1,74,1292,597,695
050,08,101,"Colorado","Pueblo County",1,75,1235,572,663
050,08,101,"Colorado","Pueblo County",1,76,1195,545,650
050,08,101,"Colorado","Pueblo County",1,77,1143,525,618
050,08,101,"Colorado","Pueblo County",1,78,988,431,557
050,08,101,"Colorado","Pueblo County",1,79,878,372,506
050,08,101,"Colorado","Pueblo County",1,80,868,374,494
050,08,101,"Colorado","Pueblo County",1,81,803,362,441
050,08,101,"Colorado","Pueblo County",1,82,747,350,397
050,08,101,"Colorado","Pueblo County",1,83,674,294,380
050,08,101,"Colorado","Pueblo County",1,84,599,254,345
050,08,101,"Colorado","Pueblo County",1,85,3555,1286,2269
050,08,101,"Colorado","Pueblo County",2,0,1713,878,835
050,08,101,"Colorado","Pueblo County",2,1,1820,926,894
050,08,101,"Colorado","Pueblo County",2,2,1889,966,923
050,08,101,"Colorado","Pueblo County",2,3,1896,955,941
050,08,101,"Colorado","Pueblo County",2,4,1935,989,946
050,08,101,"Colorado","Pueblo County",2,5,2038,1053,985
050,08,101,"Colorado","Pueblo County",2,6,2052,1054,998
050,08,101,"Colorado","Pueblo County",2,7,2028,1051,977
050,08,101,"Colorado","Pueblo County",2,8,2038,1034,1004
050,08,101,"Colorado","Pueblo County",2,9,2082,1056,1026
050,08,101,"Colorado","Pueblo County",2,10,2214,1147,1067
050,08,101,"Colorado","Pueblo County",2,11,2250,1163,1087
050,08,101,"Colorado","Pueblo County",2,12,2352,1221,1131
050,08,101,"Colorado","Pueblo County",2,13,2330,1202,1128
050,08,101,"Colorado","Pueblo County",2,14,2244,1155,1089
050,08,101,"Colorado","Pueblo County",2,15,2198,1146,1052
050,08,101,"Colorado","Pueblo County",2,16,2258,1175,1083
050,08,101,"Colorado","Pueblo County",2,17,2299,1178,1121
050,08,101,"Colorado","Pueblo County",2,18,2095,1106,989
050,08,101,"Colorado","Pueblo County",2,19,1941,1022,919
050,08,101,"Colorado","Pueblo County",2,20,1965,1022,943
050,08,101,"Colorado","Pueblo County",2,21,1946,1019,927
050,08,101,"Colorado","Pueblo County",2,22,1927,991,936
050,08,101,"Colorado","Pueblo County",2,23,1951,994,957
050,08,101,"Colorado","Pueblo County",2,24,2013,1051,962
050,08,101,"Colorado","Pueblo County",2,25,2087,1097,990
050,08,101,"Colorado","Pueblo County",2,26,2132,1061,1071
050,08,101,"Colorado","Pueblo County",2,27,2224,1132,1092
050,08,101,"Colorado","Pueblo County",2,28,2300,1181,1119
050,08,101,"Colorado","Pueblo County",2,29,2274,1174,1100
050,08,101,"Colorado","Pueblo County",2,30,2245,1144,1101
050,08,101,"Colorado","Pueblo County",2,31,2109,1049,1060
050,08,101,"Colorado","Pueblo County",2,32,2163,1055,1108
050,08,101,"Colorado","Pueblo County",2,33,2156,1072,1084
050,08,101,"Colorado","Pueblo County",2,34,2197,1111,1086
050,08,101,"Colorado","Pueblo County",2,35,2215,1163,1052
050,08,101,"Colorado","Pueblo County",2,36,2125,1068,1057
050,08,101,"Colorado","Pueblo County",2,37,2161,1066,1095
050,08,101,"Colorado","Pueblo County",2,38,2130,1065,1065
050,08,101,"Colorado","Pueblo County",2,39,2151,1081,1070
050,08,101,"Colorado","Pueblo County",2,40,2147,1086,1061
050,08,101,"Colorado","Pueblo County",2,41,2054,1049,1005
050,08,101,"Colorado","Pueblo County",2,42,2011,1016,995
050,08,101,"Colorado","Pueblo County",2,43,1986,980,1006
050,08,101,"Colorado","Pueblo County",2,44,1920,966,954
050,08,101,"Colorado","Pueblo County",2,45,1906,958,948
050,08,101,"Colorado","Pueblo County",2,46,1790,911,879
050,08,101,"Colorado","Pueblo County",2,47,1824,917,907
050,08,101,"Colorado","Pueblo County",2,48,1951,982,969
050,08,101,"Colorado","Pueblo County",2,49,2153,1068,1085
050,08,101,"Colorado","Pueblo County",2,50,2117,1058,1059
050,08,101,"Colorado","Pueblo County",2,51,2016,1014,1002
050,08,101,"Colorado","Pueblo County",2,52,1885,952,933
050,08,101,"Colorado","Pueblo County",2,53,1895,964,931
050,08,101,"Colorado","Pueblo County",2,54,1944,985,959
050,08,101,"Colorado","Pueblo County",2,55,2055,1013,1042
050,08,101,"Colorado","Pueblo County",2,56,2151,1047,1104
050,08,101,"Colorado","Pueblo County",2,57,2219,1087,1132
050,08,101,"Colorado","Pueblo County",2,58,2282,1126,1156
050,08,101,"Colorado","Pueblo County",2,59,2271,1104,1167
050,08,101,"Colorado","Pueblo County",2,60,2263,1081,1182
050,08,101,"Colorado","Pueblo County",2,61,2276,1067,1209
050,08,101,"Colorado","Pueblo County",2,62,2346,1148,1198
050,08,101,"Colorado","Pueblo County",2,63,2315,1117,1198
050,08,101,"Colorado","Pueblo County",2,64,2258,1056,1202
050,08,101,"Colorado","Pueblo County",2,65,2215,1040,1175
050,08,101,"Colorado","Pueblo County",2,66,2220,1052,1168
050,08,101,"Colorado","Pueblo County",2,67,2141,1013,1128
050,08,101,"Colorado","Pueblo County",2,68,2050,961,1089
050,08,101,"Colorado","Pueblo County",2,69,1992,950,1042
050,08,101,"Colorado","Pueblo County",2,70,1902,938,964
050,08,101,"Colorado","Pueblo County",2,71,1859,927,932
050,08,101,"Colorado","Pueblo County",2,72,1832,894,938
050,08,101,"Colorado","Pueblo County",2,73,1887,909,978
050,08,101,"Colorado","Pueblo County",2,74,1337,620,717
050,08,101,"Colorado","Pueblo County",2,75,1238,579,659
050,08,101,"Colorado","Pueblo County",2,76,1190,543,647
050,08,101,"Colorado","Pueblo County",2,77,1173,538,635
050,08,101,"Colorado","Pueblo County",2,78,999,442,557
050,08,101,"Colorado","Pueblo County",2,79,891,379,512
050,08,101,"Colorado","Pueblo County",2,80,862,368,494
050,08,101,"Colorado","Pueblo County",2,81,808,361,447
050,08,101,"Colorado","Pueblo County",2,82,760,351,409
050,08,101,"Colorado","Pueblo County",2,83,677,301,376
050,08,101,"Colorado","Pueblo County",2,84,589,249,340
050,08,101,"Colorado","Pueblo County",2,85,3537,1292,2245
050,08,101,"Colorado","Pueblo County",3,0,1678,840,838
050,08,101,"Colorado","Pueblo County",3,1,1764,915,849
050,08,101,"Colorado","Pueblo County",3,2,1867,951,916
050,08,101,"Colorado","Pueblo County",3,3,1953,990,963
050,08,101,"Colorado","Pueblo County",3,4,1957,978,979
050,08,101,"Colorado","Pueblo County",3,5,1946,984,962
050,08,101,"Colorado","Pueblo County",3,6,2055,1054,1001
050,08,101,"Colorado","Pueblo County",3,7,2069,1061,1008
050,08,101,"Colorado","Pueblo County",3,8,2017,1026,991
050,08,101,"Colorado","Pueblo County",3,9,2048,1060,988
050,08,101,"Colorado","Pueblo County",3,10,2094,1059,1035
050,08,101,"Colorado","Pueblo County",3,11,2224,1166,1058
050,08,101,"Colorado","Pueblo County",3,12,2247,1160,1087
050,08,101,"Colorado","Pueblo County",3,13,2376,1233,1143
050,08,101,"Colorado","Pueblo County",3,14,2324,1183,1141
050,08,101,"Colorado","Pueblo County",3,15,2236,1147,1089
050,08,101,"Colorado","Pueblo County",3,16,2205,1155,1050
050,08,101,"Colorado","Pueblo County",3,17,2277,1184,1093
050,08,101,"Colorado","Pueblo County",3,18,2110,1106,1004
050,08,101,"Colorado","Pueblo County",3,19,1845,967,878
050,08,101,"Colorado","Pueblo County",3,20,1981,1031,950
050,08,101,"Colorado","Pueblo County",3,21,2010,1037,973
050,08,101,"Colorado","Pueblo County",3,22,2025,1066,959
050,08,101,"Colorado","Pueblo County",3,23,2030,1030,1000
050,08,101,"Colorado","Pueblo County",3,24,2032,1036,996
050,08,101,"Colorado","Pueblo County",3,25,2087,1074,1013
050,08,101,"Colorado","Pueblo County",3,26,2139,1119,1020
050,08,101,"Colorado","Pueblo County",3,27,2164,1089,1075
050,08,101,"Colorado","Pueblo County",3,28,2275,1161,1114
050,08,101,"Colorado","Pueblo County",3,29,2321,1193,1128
050,08,101,"Colorado","Pueblo County",3,30,2330,1202,1128
050,08,101,"Colorado","Pueblo County",3,31,2271,1166,1105
050,08,101,"Colorado","Pueblo County",3,32,2153,1074,1079
050,08,101,"Colorado","Pueblo County",3,33,2181,1067,1114
050,08,101,"Colorado","Pueblo County",3,34,2177,1085,1092
050,08,101,"Colorado","Pueblo County",3,35,2208,1115,1093
050,08,101,"Colorado","Pueblo County",3,36,2224,1145,1079
050,08,101,"Colorado","Pueblo County",3,37,2174,1085,1089
050,08,101,"Colorado","Pueblo County",3,38,2195,1115,1080
050,08,101,"Colorado","Pueblo County",3,39,2162,1078,1084
050,08,101,"Colorado","Pueblo County",3,40,2156,1069,1087
050,08,101,"Colorado","Pueblo County",3,41,2186,1119,1067
050,08,101,"Colorado","Pueblo County",3,42,2066,1038,1028
050,08,101,"Colorado","Pueblo County",3,43,2037,1047,990
050,08,101,"Colorado","Pueblo County",3,44,2012,1002,1010
050,08,101,"Colorado","Pueblo County",3,45,1941,962,979
050,08,101,"Colorado","Pueblo County",3,46,1892,961,931
050,08,101,"Colorado","Pueblo County",3,47,1817,926,891
050,08,101,"Colorado","Pueblo County",3,48,1823,919,904
050,08,101,"Colorado","Pueblo County",3,49,1984,999,985
050,08,101,"Colorado","Pueblo County",3,50,2133,1058,1075
050,08,101,"Colorado","Pueblo County",3,51,2107,1047,1060
050,08,101,"Colorado","Pueblo County",3,52,2030,1026,1004
050,08,101,"Colorado","Pueblo County",3,53,1883,939,944
050,08,101,"Colorado","Pueblo County",3,54,1867,935,932
050,08,101,"Colorado","Pueblo County",3,55,1959,987,972
050,08,101,"Colorado","Pueblo County",3,56,2083,1028,1055
050,08,101,"Colorado","Pueblo County",3,57,2149,1050,1099
050,08,101,"Colorado","Pueblo County",3,58,2204,1064,1140
050,08,101,"Colorado","Pueblo County",3,59,2266,1112,1154
050,08,101,"Colorado","Pueblo County",3,60,2280,1107,1173
050,08,101,"Colorado","Pueblo County",3,61,2263,1082,1181
050,08,101,"Colorado","Pueblo County",3,62,2280,1068,1212
050,08,101,"Colorado","Pueblo County",3,63,2324,1123,1201
050,08,101,"Colorado","Pueblo County",3,64,2305,1099,1206
050,08,101,"Colorado","Pueblo County",3,65,2245,1059,1186
050,08,101,"Colorado","Pueblo County",3,66,2195,1026,1169
050,08,101,"Colorado","Pueblo County",3,67,2186,1037,1149
050,08,101,"Colorado","Pueblo County",3,68,2102,993,1109
050,08,101,"Colorado","Pueblo County",3,69,2000,933,1067
050,08,101,"Colorado","Pueblo County",3,70,1963,931,1032
050,08,101,"Colorado","Pueblo County",3,71,1853,910,943
050,08,101,"Colorado","Pueblo County",3,72,1793,884,909
050,08,101,"Colorado","Pueblo County",3,73,1785,869,916
050,08,101,"Colorado","Pueblo County",3,74,1843,879,964
050,08,101,"Colorado","Pueblo County",3,75,1299,597,702
050,08,101,"Colorado","Pueblo County",3,76,1183,544,639
050,08,101,"Colorado","Pueblo County",3,77,1120,503,617
050,08,101,"Colorado","Pueblo County",3,78,1119,509,610
050,08,101,"Colorado","Pueblo County",3,79,946,407,539
050,08,101,"Colorado","Pueblo County",3,80,852,366,486
050,08,101,"Colorado","Pueblo County",3,81,807,339,468
050,08,101,"Colorado","Pueblo County",3,82,766,336,430
050,08,101,"Colorado","Pueblo County",3,83,707,333,374
050,08,101,"Colorado","Pueblo County",3,84,613,261,352
050,08,101,"Colorado","Pueblo County",3,85,3461,1263,2198
050,08,101,"Colorado","Pueblo County",4,0,1669,847,822
050,08,101,"Colorado","Pueblo County",4,1,1724,859,865
050,08,101,"Colorado","Pueblo County",4,2,1809,923,886
050,08,101,"Colorado","Pueblo County",4,3,1863,952,911
050,08,101,"Colorado","Pueblo County",4,4,1958,984,974
050,08,101,"Colorado","Pueblo County",4,5,1952,996,956
050,08,101,"Colorado","Pueblo County",4,6,1953,975,978
050,08,101,"Colorado","Pueblo County",4,7,2053,1044,1009
050,08,101,"Colorado","Pueblo County",4,8,2098,1074,1024
050,08,101,"Colorado","Pueblo County",4,9,2028,1037,991
050,08,101,"Colorado","Pueblo County",4,10,2077,1083,994
050,08,101,"Colorado","Pueblo County",4,11,2105,1060,1045
050,08,101,"Colorado","Pueblo County",4,12,2237,1175,1062
050,08,101,"Colorado","Pueblo County",4,13,2231,1163,1068
050,08,101,"Colorado","Pueblo County",4,14,2403,1240,1163
050,08,101,"Colorado","Pueblo County",4,15,2317,1168,1149
050,08,101,"Colorado","Pueblo County",4,16,2232,1155,1077
050,08,101,"Colorado","Pueblo County",4,17,2209,1161,1048
050,08,101,"Colorado","Pueblo County",4,18,2076,1120,956
050,08,101,"Colorado","Pueblo County",4,19,1889,991,898
050,08,101,"Colorado","Pueblo County",4,20,1914,998,916
050,08,101,"Colorado","Pueblo County",4,21,2039,1049,990
050,08,101,"Colorado","Pueblo County",4,22,2069,1055,1014
050,08,101,"Colorado","Pueblo County",4,23,2085,1091,994
050,08,101,"Colorado","Pueblo County",4,24,2084,1063,1021
050,08,101,"Colorado","Pueblo County",4,25,2027,1047,980
050,08,101,"Colorado","Pueblo County",4,26,2107,1092,1015
050,08,101,"Colorado","Pueblo County",4,27,2220,1164,1056
050,08,101,"Colorado","Pueblo County",4,28,2194,1127,1067
050,08,101,"Colorado","Pueblo County",4,29,2304,1153,1151
050,08,101,"Colorado","Pueblo County",4,30,2347,1205,1142
050,08,101,"Colorado","Pueblo County",4,31,2359,1219,1140
050,08,101,"Colorado","Pueblo County",4,32,2273,1182,1091
050,08,101,"Colorado","Pueblo County",4,33,2162,1095,1067
050,08,101,"Colorado","Pueblo County",4,34,2192,1069,1123
050,08,101,"Colorado","Pueblo County",4,35,2222,1116,1106
050,08,101,"Colorado","Pueblo County",4,36,2232,1132,1100
050,08,101,"Colorado","Pueblo County",4,37,2240,1166,1074
050,08,101,"Colorado","Pueblo County",4,38,2193,1106,1087
050,08,101,"Colorado","Pueblo County",4,39,2203,1106,1097
050,08,101,"Colorado","Pueblo County",4,40,2176,1102,1074
050,08,101,"Colorado","Pueblo County",4,41,2236,1135,1101
050,08,101,"Colorado","Pueblo County",4,42,2213,1125,1088
050,08,101,"Colorado","Pueblo County",4,43,2068,1041,1027
050,08,101,"Colorado","Pueblo County",4,44,2038,1052,986
050,08,101,"Colorado","Pueblo County",4,45,2020,1002,1018
050,08,101,"Colorado","Pueblo County",4,46,1915,950,965
050,08,101,"Colorado","Pueblo County",4,47,1927,979,948
050,08,101,"Colorado","Pueblo County",4,48,1807,930,877
050,08,101,"Colorado","Pueblo County",4,49,1808,902,906
050,08,101,"Colorado","Pueblo County",4,50,2007,1003,1004
050,08,101,"Colorado","Pueblo County",4,51,2142,1060,1082
050,08,101,"Colorado","Pueblo County",4,52,2093,1045,1048
050,08,101,"Colorado","Pueblo County",4,53,2020,1023,997
050,08,101,"Colorado","Pueblo County",4,54,1874,935,939
050,08,101,"Colorado","Pueblo County",4,55,1857,931,926
050,08,101,"Colorado","Pueblo County",4,56,1962,972,990
050,08,101,"Colorado","Pueblo County",4,57,2074,1029,1045
050,08,101,"Colorado","Pueblo County",4,58,2139,1031,1108
050,08,101,"Colorado","Pueblo County",4,59,2201,1049,1152
050,08,101,"Colorado","Pueblo County",4,60,2268,1097,1171
050,08,101,"Colorado","Pueblo County",4,61,2228,1089,1139
050,08,101,"Colorado","Pueblo County",4,62,2255,1079,1176
050,08,101,"Colorado","Pueblo County",4,63,2198,1026,1172
050,08,101,"Colorado","Pueblo County",4,64,2313,1115,1198
050,08,101,"Colorado","Pueblo County",4,65,2236,1061,1175
050,08,101,"Colorado","Pueblo County",4,66,2211,1045,1166
050,08,101,"Colorado","Pueblo County",4,67,2163,1006,1157
050,08,101,"Colorado","Pueblo County",4,68,2128,1014,1114
050,08,101,"Colorado","Pueblo County",4,69,2063,967,1096
050,08,101,"Colorado","Pueblo County",4,70,1934,888,1046
050,08,101,"Colorado","Pueblo County",4,71,1893,899,994
050,08,101,"Colorado","Pueblo County",4,72,1783,865,918
050,08,101,"Colorado","Pueblo County",4,73,1733,849,884
050,08,101,"Colorado","Pueblo County",4,74,1698,812,886
050,08,101,"Colorado","Pueblo County",4,75,1789,859,930
050,08,101,"Colorado","Pueblo County",4,76,1235,562,673
050,08,101,"Colorado","Pueblo County",4,77,1140,522,618
050,08,101,"Colorado","Pueblo County",4,78,1066,484,582
050,08,101,"Colorado","Pueblo County",4,79,1037,470,567
050,08,101,"Colorado","Pueblo County",4,80,911,383,528
050,08,101,"Colorado","Pueblo County",4,81,804,340,464
050,08,101,"Colorado","Pueblo County",4,82,750,308,442
050,08,101,"Colorado","Pueblo County",4,83,716,313,403
050,08,101,"Colorado","Pueblo County",4,84,626,291,335
050,08,101,"Colorado","Pueblo County",4,85,3368,1231,2137
050,08,101,"Colorado","Pueblo County",5,0,1626,825,801
050,08,101,"Colorado","Pueblo County",5,1,1757,895,862
050,08,101,"Colorado","Pueblo County",5,2,1750,876,874
050,08,101,"Colorado","Pueblo County",5,3,1820,932,888
050,08,101,"Colorado","Pueblo County",5,4,1861,942,919
050,08,101,"Colorado","Pueblo County",5,5,1954,967,987
050,08,101,"Colorado","Pueblo County",5,6,1982,1023,959
050,08,101,"Colorado","Pueblo County",5,7,1972,1001,971
050,08,101,"Colorado","Pueblo County",5,8,2072,1057,1015
050,08,101,"Colorado","Pueblo County",5,9,2103,1075,1028
050,08,101,"Colorado","Pueblo County",5,10,2028,1027,1001
050,08,101,"Colorado","Pueblo County",5,11,2069,1094,975
050,08,101,"Colorado","Pueblo County",5,12,2115,1071,1044
050,08,101,"Colorado","Pueblo County",5,13,2247,1171,1076
050,08,101,"Colorado","Pueblo County",5,14,2224,1158,1066
050,08,101,"Colorado","Pueblo County",5,15,2386,1228,1158
050,08,101,"Colorado","Pueblo County",5,16,2321,1170,1151
050,08,101,"Colorado","Pueblo County",5,17,2227,1163,1064
050,08,101,"Colorado","Pueblo County",5,18,2053,1116,937
050,08,101,"Colorado","Pueblo County",5,19,1825,987,838
050,08,101,"Colorado","Pueblo County",5,20,1962,1048,914
050,08,101,"Colorado","Pueblo County",5,21,1970,1018,952
050,08,101,"Colorado","Pueblo County",5,22,2115,1067,1048
050,08,101,"Colorado","Pueblo County",5,23,2123,1089,1034
050,08,101,"Colorado","Pueblo County",5,24,2106,1096,1010
050,08,101,"Colorado","Pueblo County",5,25,2112,1085,1027
050,08,101,"Colorado","Pueblo County",5,26,2049,1077,972
050,08,101,"Colorado","Pueblo County",5,27,2135,1106,1029
050,08,101,"Colorado","Pueblo County",5,28,2212,1153,1059
050,08,101,"Colorado","Pueblo County",5,29,2214,1148,1066
050,08,101,"Colorado","Pueblo County",5,30,2307,1166,1141
050,08,101,"Colorado","Pueblo County",5,31,2375,1214,1161
050,08,101,"Colorado","Pueblo County",5,32,2372,1236,1136
050,08,101,"Colorado","Pueblo County",5,33,2292,1189,1103
050,08,101,"Colorado","Pueblo County",5,34,2147,1082,1065
050,08,101,"Colorado","Pueblo County",5,35,2213,1069,1144
050,08,101,"Colorado","Pueblo County",5,36,2204,1106,1098
050,08,101,"Colorado","Pueblo County",5,37,2249,1129,1120
050,08,101,"Colorado","Pueblo County",5,38,2255,1194,1061
050,08,101,"Colorado","Pueblo County",5,39,2188,1113,1075
050,08,101,"Colorado","Pueblo County",5,40,2217,1114,1103
050,08,101,"Colorado","Pueblo County",5,41,2173,1100,1073
050,08,101,"Colorado","Pueblo County",5,42,2208,1119,1089
050,08,101,"Colorado","Pueblo County",5,43,2214,1110,1104
050,08,101,"Colorado","Pueblo County",5,44,2062,1049,1013
050,08,101,"Colorado","Pueblo County",5,45,2045,1042,1003
050,08,101,"Colorado","Pueblo County",5,46,1990,984,1006
050,08,101,"Colorado","Pueblo County",5,47,1919,952,967
050,08,101,"Colorado","Pueblo County",5,48,1916,979,937
050,08,101,"Colorado","Pueblo County",5,49,1811,943,868
050,08,101,"Colorado","Pueblo County",5,50,1799,887,912
050,08,101,"Colorado","Pueblo County",5,51,2034,1020,1014
050,08,101,"Colorado","Pueblo County",5,52,2119,1050,1069
050,08,101,"Colorado","Pueblo County",5,53,2110,1054,1056
050,08,101,"Colorado","Pueblo County",5,54,2008,1022,986
050,08,101,"Colorado","Pueblo County",5,55,1864,927,937
050,08,101,"Colorado","Pueblo County",5,56,1868,916,952
050,08,101,"Colorado","Pueblo County",5,57,1972,972,1000
050,08,101,"Colorado","Pueblo County",5,58,2070,1012,1058
050,08,101,"Colorado","Pueblo County",5,59,2104,1013,1091
050,08,101,"Colorado","Pueblo County",5,60,2193,1038,1155
050,08,101,"Colorado","Pueblo County",5,61,2243,1091,1152
050,08,101,"Colorado","Pueblo County",5,62,2200,1091,1109
050,08,101,"Colorado","Pueblo County",5,63,2213,1052,1161
050,08,101,"Colorado","Pueblo County",5,64,2194,1016,1178
050,08,101,"Colorado","Pueblo County",5,65,2277,1096,1181
050,08,101,"Colorado","Pueblo County",5,66,2202,1042,1160
050,08,101,"Colorado","Pueblo County",5,67,2198,1033,1165
050,08,101,"Colorado","Pueblo County",5,68,2110,988,1122
050,08,101,"Colorado","Pueblo County",5,69,2082,987,1095
050,08,101,"Colorado","Pueblo County",5,70,2015,939,1076
050,08,101,"Colorado","Pueblo County",5,71,1881,860,1021
050,08,101,"Colorado","Pueblo County",5,72,1835,854,981
050,08,101,"Colorado","Pueblo County",5,73,1729,841,888
050,08,101,"Colorado","Pueblo County",5,74,1673,815,858
050,08,101,"Colorado","Pueblo County",5,75,1640,781,859
050,08,101,"Colorado","Pueblo County",5,76,1718,814,904
050,08,101,"Colorado","Pueblo County",5,77,1172,539,633
050,08,101,"Colorado","Pueblo County",5,78,1082,495,587
050,08,101,"Colorado","Pueblo County",5,79,990,441,549
050,08,101,"Colorado","Pueblo County",5,80,992,445,547
050,08,101,"Colorado","Pueblo County",5,81,847,355,492
050,08,101,"Colorado","Pueblo County",5,82,760,316,444
050,08,101,"Colorado","Pueblo County",5,83,696,290,406
050,08,101,"Colorado","Pueblo County",5,84,637,274,363
050,08,101,"Colorado","Pueblo County",5,85,3348,1255,2093
050,08,103,"Colorado","Rio Blanco County",1,0,59,32,27
050,08,103,"Colorado","Rio Blanco County",1,1,70,35,35
050,08,103,"Colorado","Rio Blanco County",1,2,85,34,51
050,08,103,"Colorado","Rio Blanco County",1,3,78,35,43
050,08,103,"Colorado","Rio Blanco County",1,4,79,37,42
050,08,103,"Colorado","Rio Blanco County",1,5,98,52,46
050,08,103,"Colorado","Rio Blanco County",1,6,85,52,33
050,08,103,"Colorado","Rio Blanco County",1,7,81,37,44
050,08,103,"Colorado","Rio Blanco County",1,8,90,48,42
050,08,103,"Colorado","Rio Blanco County",1,9,100,51,49
050,08,103,"Colorado","Rio Blanco County",1,10,101,59,42
050,08,103,"Colorado","Rio Blanco County",1,11,95,51,44
050,08,103,"Colorado","Rio Blanco County",1,12,115,62,53
050,08,103,"Colorado","Rio Blanco County",1,13,118,62,56
050,08,103,"Colorado","Rio Blanco County",1,14,103,52,51
050,08,103,"Colorado","Rio Blanco County",1,15,95,48,47
050,08,103,"Colorado","Rio Blanco County",1,16,84,44,40
050,08,103,"Colorado","Rio Blanco County",1,17,73,35,38
050,08,103,"Colorado","Rio Blanco County",1,18,96,45,51
050,08,103,"Colorado","Rio Blanco County",1,19,108,56,52
050,08,103,"Colorado","Rio Blanco County",1,20,98,51,47
050,08,103,"Colorado","Rio Blanco County",1,21,67,35,32
050,08,103,"Colorado","Rio Blanco County",1,22,62,37,25
050,08,103,"Colorado","Rio Blanco County",1,23,74,40,34
050,08,103,"Colorado","Rio Blanco County",1,24,64,30,34
050,08,103,"Colorado","Rio Blanco County",1,25,67,29,38
050,08,103,"Colorado","Rio Blanco County",1,26,59,31,28
050,08,103,"Colorado","Rio Blanco County",1,27,62,35,27
050,08,103,"Colorado","Rio Blanco County",1,28,77,44,33
050,08,103,"Colorado","Rio Blanco County",1,29,88,40,48
050,08,103,"Colorado","Rio Blanco County",1,30,76,32,44
050,08,103,"Colorado","Rio Blanco County",1,31,84,46,38
050,08,103,"Colorado","Rio Blanco County",1,32,84,40,44
050,08,103,"Colorado","Rio Blanco County",1,33,82,43,39
050,08,103,"Colorado","Rio Blanco County",1,34,88,43,45
050,08,103,"Colorado","Rio Blanco County",1,35,98,48,50
050,08,103,"Colorado","Rio Blanco County",1,36,105,50,55
050,08,103,"Colorado","Rio Blanco County",1,37,92,44,48
050,08,103,"Colorado","Rio Blanco County",1,38,93,53,40
050,08,103,"Colorado","Rio Blanco County",1,39,93,52,41
050,08,103,"Colorado","Rio Blanco County",1,40,99,58,41
050,08,103,"Colorado","Rio Blanco County",1,41,88,49,39
050,08,103,"Colorado","Rio Blanco County",1,42,70,37,33
050,08,103,"Colorado","Rio Blanco County",1,43,66,34,32
050,08,103,"Colorado","Rio Blanco County",1,44,60,33,27
050,08,103,"Colorado","Rio Blanco County",1,45,70,37,33
050,08,103,"Colorado","Rio Blanco County",1,46,61,35,26
050,08,103,"Colorado","Rio Blanco County",1,47,64,33,31
050,08,103,"Colorado","Rio Blanco County",1,48,67,28,39
050,08,103,"Colorado","Rio Blanco County",1,49,80,47,33
050,08,103,"Colorado","Rio Blanco County",1,50,67,34,33
050,08,103,"Colorado","Rio Blanco County",1,51,74,41,33
050,08,103,"Colorado","Rio Blanco County",1,52,73,37,36
050,08,103,"Colorado","Rio Blanco County",1,53,56,28,28
050,08,103,"Colorado","Rio Blanco County",1,54,70,36,34
050,08,103,"Colorado","Rio Blanco County",1,55,93,52,41
050,08,103,"Colorado","Rio Blanco County",1,56,94,52,42
050,08,103,"Colorado","Rio Blanco County",1,57,94,48,46
050,08,103,"Colorado","Rio Blanco County",1,58,94,47,47
050,08,103,"Colorado","Rio Blanco County",1,59,95,46,49
050,08,103,"Colorado","Rio Blanco County",1,60,106,52,54
050,08,103,"Colorado","Rio Blanco County",1,61,104,50,54
050,08,103,"Colorado","Rio Blanco County",1,62,102,52,50
050,08,103,"Colorado","Rio Blanco County",1,63,95,47,48
050,08,103,"Colorado","Rio Blanco County",1,64,98,50,48
050,08,103,"Colorado","Rio Blanco County",1,65,85,48,37
050,08,103,"Colorado","Rio Blanco County",1,66,96,59,37
050,08,103,"Colorado","Rio Blanco County",1,67,64,38,26
050,08,103,"Colorado","Rio Blanco County",1,68,73,40,33
050,08,103,"Colorado","Rio Blanco County",1,69,69,34,35
050,08,103,"Colorado","Rio Blanco County",1,70,69,36,33
050,08,103,"Colorado","Rio Blanco County",1,71,56,28,28
050,08,103,"Colorado","Rio Blanco County",1,72,54,28,26
050,08,103,"Colorado","Rio Blanco County",1,73,61,33,28
050,08,103,"Colorado","Rio Blanco County",1,74,39,18,21
050,08,103,"Colorado","Rio Blanco County",1,75,38,23,15
050,08,103,"Colorado","Rio Blanco County",1,76,38,21,17
050,08,103,"Colorado","Rio Blanco County",1,77,27,17,10
050,08,103,"Colorado","Rio Blanco County",1,78,31,20,11
050,08,103,"Colorado","Rio Blanco County",1,79,38,20,18
050,08,103,"Colorado","Rio Blanco County",1,80,32,16,16
050,08,103,"Colorado","Rio Blanco County",1,81,30,15,15
050,08,103,"Colorado","Rio Blanco County",1,82,29,13,16
050,08,103,"Colorado","Rio Blanco County",1,83,20,10,10
050,08,103,"Colorado","Rio Blanco County",1,84,17,7,10
050,08,103,"Colorado","Rio Blanco County",1,85,94,33,61
050,08,103,"Colorado","Rio Blanco County",2,0,59,35,24
050,08,103,"Colorado","Rio Blanco County",2,1,69,34,35
050,08,103,"Colorado","Rio Blanco County",2,2,80,34,46
050,08,103,"Colorado","Rio Blanco County",2,3,80,35,45
050,08,103,"Colorado","Rio Blanco County",2,4,82,38,44
050,08,103,"Colorado","Rio Blanco County",2,5,94,49,45
050,08,103,"Colorado","Rio Blanco County",2,6,89,52,37
050,08,103,"Colorado","Rio Blanco County",2,7,83,42,41
050,08,103,"Colorado","Rio Blanco County",2,8,86,45,41
050,08,103,"Colorado","Rio Blanco County",2,9,99,51,48
050,08,103,"Colorado","Rio Blanco County",2,10,100,56,44
050,08,103,"Colorado","Rio Blanco County",2,11,96,51,45
050,08,103,"Colorado","Rio Blanco County",2,12,111,59,52
050,08,103,"Colorado","Rio Blanco County",2,13,116,62,54
050,08,103,"Colorado","Rio Blanco County",2,14,106,55,51
050,08,103,"Colorado","Rio Blanco County",2,15,97,49,48
050,08,103,"Colorado","Rio Blanco County",2,16,85,44,41
050,08,103,"Colorado","Rio Blanco County",2,17,74,36,38
050,08,103,"Colorado","Rio Blanco County",2,18,92,43,49
050,08,103,"Colorado","Rio Blanco County",2,19,108,56,52
050,08,103,"Colorado","Rio Blanco County",2,20,100,52,48
050,08,103,"Colorado","Rio Blanco County",2,21,66,35,31
050,08,103,"Colorado","Rio Blanco County",2,22,61,36,25
050,08,103,"Colorado","Rio Blanco County",2,23,73,40,33
050,08,103,"Colorado","Rio Blanco County",2,24,66,33,33
050,08,103,"Colorado","Rio Blanco County",2,25,66,29,37
050,08,103,"Colorado","Rio Blanco County",2,26,63,31,32
050,08,103,"Colorado","Rio Blanco County",2,27,62,34,28
050,08,103,"Colorado","Rio Blanco County",2,28,76,42,34
050,08,103,"Colorado","Rio Blanco County",2,29,84,40,44
050,08,103,"Colorado","Rio Blanco County",2,30,80,36,44
050,08,103,"Colorado","Rio Blanco County",2,31,83,44,39
050,08,103,"Colorado","Rio Blanco County",2,32,84,41,43
050,08,103,"Colorado","Rio Blanco County",2,33,83,43,40
050,08,103,"Colorado","Rio Blanco County",2,34,86,42,44
050,08,103,"Colorado","Rio Blanco County",2,35,97,48,49
050,08,103,"Colorado","Rio Blanco County",2,36,104,49,55
050,08,103,"Colorado","Rio Blanco County",2,37,96,45,51
050,08,103,"Colorado","Rio Blanco County",2,38,92,51,41
050,08,103,"Colorado","Rio Blanco County",2,39,94,52,42
050,08,103,"Colorado","Rio Blanco County",2,40,98,58,40
050,08,103,"Colorado","Rio Blanco County",2,41,89,50,39
050,08,103,"Colorado","Rio Blanco County",2,42,74,39,35
050,08,103,"Colorado","Rio Blanco County",2,43,68,35,33
050,08,103,"Colorado","Rio Blanco County",2,44,62,33,29
050,08,103,"Colorado","Rio Blanco County",2,45,68,37,31
050,08,103,"Colorado","Rio Blanco County",2,46,63,35,28
050,08,103,"Colorado","Rio Blanco County",2,47,62,33,29
050,08,103,"Colorado","Rio Blanco County",2,48,66,30,36
050,08,103,"Colorado","Rio Blanco County",2,49,75,42,33
050,08,103,"Colorado","Rio Blanco County",2,50,71,37,34
050,08,103,"Colorado","Rio Blanco County",2,51,71,38,33
050,08,103,"Colorado","Rio Blanco County",2,52,72,37,35
050,08,103,"Colorado","Rio Blanco County",2,53,58,29,29
050,08,103,"Colorado","Rio Blanco County",2,54,67,34,33
050,08,103,"Colorado","Rio Blanco County",2,55,87,48,39
050,08,103,"Colorado","Rio Blanco County",2,56,95,53,42
050,08,103,"Colorado","Rio Blanco County",2,57,95,48,47
050,08,103,"Colorado","Rio Blanco County",2,58,92,47,45
050,08,103,"Colorado","Rio Blanco County",2,59,93,44,49
050,08,103,"Colorado","Rio Blanco County",2,60,104,50,54
050,08,103,"Colorado","Rio Blanco County",2,61,104,50,54
050,08,103,"Colorado","Rio Blanco County",2,62,103,52,51
050,08,103,"Colorado","Rio Blanco County",2,63,97,48,49
050,08,103,"Colorado","Rio Blanco County",2,64,96,49,47
050,08,103,"Colorado","Rio Blanco County",2,65,88,48,40
050,08,103,"Colorado","Rio Blanco County",2,66,94,57,37
050,08,103,"Colorado","Rio Blanco County",2,67,71,43,28
050,08,103,"Colorado","Rio Blanco County",2,68,70,39,31
050,08,103,"Colorado","Rio Blanco County",2,69,70,35,35
050,08,103,"Colorado","Rio Blanco County",2,70,68,35,33
050,08,103,"Colorado","Rio Blanco County",2,71,60,30,30
050,08,103,"Colorado","Rio Blanco County",2,72,54,28,26
050,08,103,"Colorado","Rio Blanco County",2,73,62,33,29
050,08,103,"Colorado","Rio Blanco County",2,74,41,20,21
050,08,103,"Colorado","Rio Blanco County",2,75,38,22,16
050,08,103,"Colorado","Rio Blanco County",2,76,38,21,17
050,08,103,"Colorado","Rio Blanco County",2,77,27,17,10
050,08,103,"Colorado","Rio Blanco County",2,78,29,18,11
050,08,103,"Colorado","Rio Blanco County",2,79,34,18,16
050,08,103,"Colorado","Rio Blanco County",2,80,33,16,17
050,08,103,"Colorado","Rio Blanco County",2,81,29,14,15
050,08,103,"Colorado","Rio Blanco County",2,82,30,14,16
050,08,103,"Colorado","Rio Blanco County",2,83,21,10,11
050,08,103,"Colorado","Rio Blanco County",2,84,18,8,10
050,08,103,"Colorado","Rio Blanco County",2,85,93,34,59
050,08,103,"Colorado","Rio Blanco County",3,0,58,29,29
050,08,103,"Colorado","Rio Blanco County",3,1,60,36,24
050,08,103,"Colorado","Rio Blanco County",3,2,56,25,31
050,08,103,"Colorado","Rio Blanco County",3,3,82,35,47
050,08,103,"Colorado","Rio Blanco County",3,4,74,34,40
050,08,103,"Colorado","Rio Blanco County",3,5,78,36,42
050,08,103,"Colorado","Rio Blanco County",3,6,93,51,42
050,08,103,"Colorado","Rio Blanco County",3,7,89,52,37
050,08,103,"Colorado","Rio Blanco County",3,8,77,39,38
050,08,103,"Colorado","Rio Blanco County",3,9,80,44,36
050,08,103,"Colorado","Rio Blanco County",3,10,99,48,51
050,08,103,"Colorado","Rio Blanco County",3,11,91,52,39
050,08,103,"Colorado","Rio Blanco County",3,12,90,50,40
050,08,103,"Colorado","Rio Blanco County",3,13,115,61,54
050,08,103,"Colorado","Rio Blanco County",3,14,107,57,50
050,08,103,"Colorado","Rio Blanco County",3,15,109,57,52
050,08,103,"Colorado","Rio Blanco County",3,16,98,50,48
050,08,103,"Colorado","Rio Blanco County",3,17,81,44,37
050,08,103,"Colorado","Rio Blanco County",3,18,93,48,45
050,08,103,"Colorado","Rio Blanco County",3,19,95,52,43
050,08,103,"Colorado","Rio Blanco County",3,20,82,49,33
050,08,103,"Colorado","Rio Blanco County",3,21,66,32,34
050,08,103,"Colorado","Rio Blanco County",3,22,63,35,28
050,08,103,"Colorado","Rio Blanco County",3,23,76,47,29
050,08,103,"Colorado","Rio Blanco County",3,24,66,43,23
050,08,103,"Colorado","Rio Blanco County",3,25,55,25,30
050,08,103,"Colorado","Rio Blanco County",3,26,69,30,39
050,08,103,"Colorado","Rio Blanco County",3,27,66,37,29
050,08,103,"Colorado","Rio Blanco County",3,28,65,37,28
050,08,103,"Colorado","Rio Blanco County",3,29,78,43,35
050,08,103,"Colorado","Rio Blanco County",3,30,84,43,41
050,08,103,"Colorado","Rio Blanco County",3,31,78,37,41
050,08,103,"Colorado","Rio Blanco County",3,32,76,36,40
050,08,103,"Colorado","Rio Blanco County",3,33,81,37,44
050,08,103,"Colorado","Rio Blanco County",3,34,82,41,41
050,08,103,"Colorado","Rio Blanco County",3,35,85,43,42
050,08,103,"Colorado","Rio Blanco County",3,36,101,49,52
050,08,103,"Colorado","Rio Blanco County",3,37,99,48,51
050,08,103,"Colorado","Rio Blanco County",3,38,96,47,49
050,08,103,"Colorado","Rio Blanco County",3,39,83,46,37
050,08,103,"Colorado","Rio Blanco County",3,40,90,45,45
050,08,103,"Colorado","Rio Blanco County",3,41,95,57,38
050,08,103,"Colorado","Rio Blanco County",3,42,83,44,39
050,08,103,"Colorado","Rio Blanco County",3,43,74,40,34
050,08,103,"Colorado","Rio Blanco County",3,44,68,36,32
050,08,103,"Colorado","Rio Blanco County",3,45,60,31,29
050,08,103,"Colorado","Rio Blanco County",3,46,68,35,33
050,08,103,"Colorado","Rio Blanco County",3,47,66,36,30
050,08,103,"Colorado","Rio Blanco County",3,48,67,37,30
050,08,103,"Colorado","Rio Blanco County",3,49,64,30,34
050,08,103,"Colorado","Rio Blanco County",3,50,77,38,39
050,08,103,"Colorado","Rio Blanco County",3,51,72,37,35
050,08,103,"Colorado","Rio Blanco County",3,52,73,40,33
050,08,103,"Colorado","Rio Blanco County",3,53,70,36,34
050,08,103,"Colorado","Rio Blanco County",3,54,55,27,28
050,08,103,"Colorado","Rio Blanco County",3,55,69,37,32
050,08,103,"Colorado","Rio Blanco County",3,56,86,48,38
050,08,103,"Colorado","Rio Blanco County",3,57,91,52,39
050,08,103,"Colorado","Rio Blanco County",3,58,94,48,46
050,08,103,"Colorado","Rio Blanco County",3,59,105,48,57
050,08,103,"Colorado","Rio Blanco County",3,60,90,40,50
050,08,103,"Colorado","Rio Blanco County",3,61,98,47,51
050,08,103,"Colorado","Rio Blanco County",3,62,103,49,54
050,08,103,"Colorado","Rio Blanco County",3,63,111,56,55
050,08,103,"Colorado","Rio Blanco County",3,64,97,49,48
050,08,103,"Colorado","Rio Blanco County",3,65,94,47,47
050,08,103,"Colorado","Rio Blanco County",3,66,94,52,42
050,08,103,"Colorado","Rio Blanco County",3,67,102,59,43
050,08,103,"Colorado","Rio Blanco County",3,68,73,45,28
050,08,103,"Colorado","Rio Blanco County",3,69,70,39,31
050,08,103,"Colorado","Rio Blanco County",3,70,72,36,36
050,08,103,"Colorado","Rio Blanco County",3,71,66,34,32
050,08,103,"Colorado","Rio Blanco County",3,72,56,29,27
050,08,103,"Colorado","Rio Blanco County",3,73,53,27,26
050,08,103,"Colorado","Rio Blanco County",3,74,65,33,32
050,08,103,"Colorado","Rio Blanco County",3,75,39,20,19
050,08,103,"Colorado","Rio Blanco County",3,76,38,22,16
050,08,103,"Colorado","Rio Blanco County",3,77,33,19,14
050,08,103,"Colorado","Rio Blanco County",3,78,28,17,11
050,08,103,"Colorado","Rio Blanco County",3,79,31,19,12
050,08,103,"Colorado","Rio Blanco County",3,80,29,17,12
050,08,103,"Colorado","Rio Blanco County",3,81,33,15,18
050,08,103,"Colorado","Rio Blanco County",3,82,27,14,13
050,08,103,"Colorado","Rio Blanco County",3,83,26,12,14
050,08,103,"Colorado","Rio Blanco County",3,84,18,8,10
050,08,103,"Colorado","Rio Blanco County",3,85,93,36,57
050,08,103,"Colorado","Rio Blanco County",4,0,60,37,23
050,08,103,"Colorado","Rio Blanco County",4,1,61,27,34
050,08,103,"Colorado","Rio Blanco County",4,2,61,35,26
050,08,103,"Colorado","Rio Blanco County",4,3,63,28,35
050,08,103,"Colorado","Rio Blanco County",4,4,79,36,43
050,08,103,"Colorado","Rio Blanco County",4,5,69,28,41
050,08,103,"Colorado","Rio Blanco County",4,6,85,42,43
050,08,103,"Colorado","Rio Blanco County",4,7,97,56,41
050,08,103,"Colorado","Rio Blanco County",4,8,94,55,39
050,08,103,"Colorado","Rio Blanco County",4,9,79,41,38
050,08,103,"Colorado","Rio Blanco County",4,10,80,43,37
050,08,103,"Colorado","Rio Blanco County",4,11,99,49,50
050,08,103,"Colorado","Rio Blanco County",4,12,97,59,38
050,08,103,"Colorado","Rio Blanco County",4,13,94,50,44
050,08,103,"Colorado","Rio Blanco County",4,14,113,61,52
050,08,103,"Colorado","Rio Blanco County",4,15,108,56,52
050,08,103,"Colorado","Rio Blanco County",4,16,111,59,52
050,08,103,"Colorado","Rio Blanco County",4,17,96,49,47
050,08,103,"Colorado","Rio Blanco County",4,18,94,50,44
050,08,103,"Colorado","Rio Blanco County",4,19,103,57,46
050,08,103,"Colorado","Rio Blanco County",4,20,90,51,39
050,08,103,"Colorado","Rio Blanco County",4,21,64,35,29
050,08,103,"Colorado","Rio Blanco County",4,22,68,34,34
050,08,103,"Colorado","Rio Blanco County",4,23,82,42,40
050,08,103,"Colorado","Rio Blanco County",4,24,70,38,32
050,08,103,"Colorado","Rio Blanco County",4,25,73,41,32
050,08,103,"Colorado","Rio Blanco County",4,26,66,34,32
050,08,103,"Colorado","Rio Blanco County",4,27,73,32,41
050,08,103,"Colorado","Rio Blanco County",4,28,65,37,28
050,08,103,"Colorado","Rio Blanco County",4,29,62,36,26
050,08,103,"Colorado","Rio Blanco County",4,30,80,44,36
050,08,103,"Colorado","Rio Blanco County",4,31,84,41,43
050,08,103,"Colorado","Rio Blanco County",4,32,76,36,40
050,08,103,"Colorado","Rio Blanco County",4,33,80,36,44
050,08,103,"Colorado","Rio Blanco County",4,34,74,32,42
050,08,103,"Colorado","Rio Blanco County",4,35,94,49,45
050,08,103,"Colorado","Rio Blanco County",4,36,78,38,40
050,08,103,"Colorado","Rio Blanco County",4,37,93,45,48
050,08,103,"Colorado","Rio Blanco County",4,38,98,48,50
050,08,103,"Colorado","Rio Blanco County",4,39,104,51,53
050,08,103,"Colorado","Rio Blanco County",4,40,85,43,42
050,08,103,"Colorado","Rio Blanco County",4,41,98,50,48
050,08,103,"Colorado","Rio Blanco County",4,42,91,53,38
050,08,103,"Colorado","Rio Blanco County",4,43,88,48,40
050,08,103,"Colorado","Rio Blanco County",4,44,73,42,31
050,08,103,"Colorado","Rio Blanco County",4,45,68,37,31
050,08,103,"Colorado","Rio Blanco County",4,46,68,34,34
050,08,103,"Colorado","Rio Blanco County",4,47,70,36,34
050,08,103,"Colorado","Rio Blanco County",4,48,66,36,30
050,08,103,"Colorado","Rio Blanco County",4,49,62,33,29
050,08,103,"Colorado","Rio Blanco County",4,50,67,32,35
050,08,103,"Colorado","Rio Blanco County",4,51,79,40,39
050,08,103,"Colorado","Rio Blanco County",4,52,74,41,33
050,08,103,"Colorado","Rio Blanco County",4,53,77,42,35
050,08,103,"Colorado","Rio Blanco County",4,54,67,33,34
050,08,103,"Colorado","Rio Blanco County",4,55,59,26,33
050,08,103,"Colorado","Rio Blanco County",4,56,71,40,31
050,08,103,"Colorado","Rio Blanco County",4,57,85,49,36
050,08,103,"Colorado","Rio Blanco County",4,58,84,46,38
050,08,103,"Colorado","Rio Blanco County",4,59,90,46,44
050,08,103,"Colorado","Rio Blanco County",4,60,104,48,56
050,08,103,"Colorado","Rio Blanco County",4,61,95,40,55
050,08,103,"Colorado","Rio Blanco County",4,62,94,46,48
050,08,103,"Colorado","Rio Blanco County",4,63,107,51,56
050,08,103,"Colorado","Rio Blanco County",4,64,115,58,57
050,08,103,"Colorado","Rio Blanco County",4,65,92,41,51
050,08,103,"Colorado","Rio Blanco County",4,66,91,45,46
050,08,103,"Colorado","Rio Blanco County",4,67,99,54,45
050,08,103,"Colorado","Rio Blanco County",4,68,101,58,43
050,08,103,"Colorado","Rio Blanco County",4,69,75,45,30
050,08,103,"Colorado","Rio Blanco County",4,70,71,42,29
050,08,103,"Colorado","Rio Blanco County",4,71,71,35,36
050,08,103,"Colorado","Rio Blanco County",4,72,65,32,33
050,08,103,"Colorado","Rio Blanco County",4,73,54,27,27
050,08,103,"Colorado","Rio Blanco County",4,74,49,24,25
050,08,103,"Colorado","Rio Blanco County",4,75,64,32,32
050,08,103,"Colorado","Rio Blanco County",4,76,40,20,20
050,08,103,"Colorado","Rio Blanco County",4,77,32,19,13
050,08,103,"Colorado","Rio Blanco County",4,78,32,18,14
050,08,103,"Colorado","Rio Blanco County",4,79,25,15,10
050,08,103,"Colorado","Rio Blanco County",4,80,27,17,10
050,08,103,"Colorado","Rio Blanco County",4,81,32,18,14
050,08,103,"Colorado","Rio Blanco County",4,82,31,14,17
050,08,103,"Colorado","Rio Blanco County",4,83,23,12,11
050,08,103,"Colorado","Rio Blanco County",4,84,24,10,14
050,08,103,"Colorado","Rio Blanco County",4,85,97,43,54
050,08,103,"Colorado","Rio Blanco County",5,0,58,36,22
050,08,103,"Colorado","Rio Blanco County",5,1,56,35,21
050,08,103,"Colorado","Rio Blanco County",5,2,64,28,36
050,08,103,"Colorado","Rio Blanco County",5,3,66,39,27
050,08,103,"Colorado","Rio Blanco County",5,4,64,28,36
050,08,103,"Colorado","Rio Blanco County",5,5,86,39,47
050,08,103,"Colorado","Rio Blanco County",5,6,69,28,41
050,08,103,"Colorado","Rio Blanco County",5,7,92,43,49
050,08,103,"Colorado","Rio Blanco County",5,8,100,55,45
050,08,103,"Colorado","Rio Blanco County",5,9,93,52,41
050,08,103,"Colorado","Rio Blanco County",5,10,82,44,38
050,08,103,"Colorado","Rio Blanco County",5,11,76,40,36
050,08,103,"Colorado","Rio Blanco County",5,12,93,43,50
050,08,103,"Colorado","Rio Blanco County",5,13,104,60,44
050,08,103,"Colorado","Rio Blanco County",5,14,96,51,45
050,08,103,"Colorado","Rio Blanco County",5,15,112,62,50
050,08,103,"Colorado","Rio Blanco County",5,16,105,51,54
050,08,103,"Colorado","Rio Blanco County",5,17,111,58,53
050,08,103,"Colorado","Rio Blanco County",5,18,108,50,58
050,08,103,"Colorado","Rio Blanco County",5,19,102,56,46
050,08,103,"Colorado","Rio Blanco County",5,20,86,50,36
050,08,103,"Colorado","Rio Blanco County",5,21,58,29,29
050,08,103,"Colorado","Rio Blanco County",5,22,54,33,21
050,08,103,"Colorado","Rio Blanco County",5,23,78,38,40
050,08,103,"Colorado","Rio Blanco County",5,24,64,33,31
050,08,103,"Colorado","Rio Blanco County",5,25,70,34,36
050,08,103,"Colorado","Rio Blanco County",5,26,72,41,31
050,08,103,"Colorado","Rio Blanco County",5,27,65,32,33
050,08,103,"Colorado","Rio Blanco County",5,28,68,29,39
050,08,103,"Colorado","Rio Blanco County",5,29,67,39,28
050,08,103,"Colorado","Rio Blanco County",5,30,69,41,28
050,08,103,"Colorado","Rio Blanco County",5,31,86,49,37
050,08,103,"Colorado","Rio Blanco County",5,32,87,38,49
050,08,103,"Colorado","Rio Blanco County",5,33,83,39,44
050,08,103,"Colorado","Rio Blanco County",5,34,74,34,40
050,08,103,"Colorado","Rio Blanco County",5,35,87,40,47
050,08,103,"Colorado","Rio Blanco County",5,36,99,50,49
050,08,103,"Colorado","Rio Blanco County",5,37,78,39,39
050,08,103,"Colorado","Rio Blanco County",5,38,93,45,48
050,08,103,"Colorado","Rio Blanco County",5,39,98,48,50
050,08,103,"Colorado","Rio Blanco County",5,40,102,50,52
050,08,103,"Colorado","Rio Blanco County",5,41,85,45,40
050,08,103,"Colorado","Rio Blanco County",5,42,93,47,46
050,08,103,"Colorado","Rio Blanco County",5,43,92,52,40
050,08,103,"Colorado","Rio Blanco County",5,44,86,47,39
050,08,103,"Colorado","Rio Blanco County",5,45,70,43,27
050,08,103,"Colorado","Rio Blanco County",5,46,71,39,32
050,08,103,"Colorado","Rio Blanco County",5,47,68,34,34
050,08,103,"Colorado","Rio Blanco County",5,48,68,35,33
050,08,103,"Colorado","Rio Blanco County",5,49,67,35,32
050,08,103,"Colorado","Rio Blanco County",5,50,60,31,29
050,08,103,"Colorado","Rio Blanco County",5,51,65,30,35
050,08,103,"Colorado","Rio Blanco County",5,52,78,41,37
050,08,103,"Colorado","Rio Blanco County",5,53,67,38,29
050,08,103,"Colorado","Rio Blanco County",5,54,76,40,36
050,08,103,"Colorado","Rio Blanco County",5,55,67,33,34
050,08,103,"Colorado","Rio Blanco County",5,56,59,26,33
050,08,103,"Colorado","Rio Blanco County",5,57,75,41,34
050,08,103,"Colorado","Rio Blanco County",5,58,82,46,36
050,08,103,"Colorado","Rio Blanco County",5,59,91,45,46
050,08,103,"Colorado","Rio Blanco County",5,60,95,50,45
050,08,103,"Colorado","Rio Blanco County",5,61,104,48,56
050,08,103,"Colorado","Rio Blanco County",5,62,94,40,54
050,08,103,"Colorado","Rio Blanco County",5,63,94,45,49
050,08,103,"Colorado","Rio Blanco County",5,64,105,51,54
050,08,103,"Colorado","Rio Blanco County",5,65,110,53,57
050,08,103,"Colorado","Rio Blanco County",5,66,91,40,51
050,08,103,"Colorado","Rio Blanco County",5,67,92,45,47
050,08,103,"Colorado","Rio Blanco County",5,68,97,52,45
050,08,103,"Colorado","Rio Blanco County",5,69,103,58,45
050,08,103,"Colorado","Rio Blanco County",5,70,77,49,28
050,08,103,"Colorado","Rio Blanco County",5,71,70,41,29
050,08,103,"Colorado","Rio Blanco County",5,72,68,34,34
050,08,103,"Colorado","Rio Blanco County",5,73,66,32,34
050,08,103,"Colorado","Rio Blanco County",5,74,50,27,23
050,08,103,"Colorado","Rio Blanco County",5,75,53,25,28
050,08,103,"Colorado","Rio Blanco County",5,76,61,31,30
050,08,103,"Colorado","Rio Blanco County",5,77,38,18,20
050,08,103,"Colorado","Rio Blanco County",5,78,29,16,13
050,08,103,"Colorado","Rio Blanco County",5,79,29,16,13
050,08,103,"Colorado","Rio Blanco County",5,80,24,14,10
050,08,103,"Colorado","Rio Blanco County",5,81,30,16,14
050,08,103,"Colorado","Rio Blanco County",5,82,31,17,14
050,08,103,"Colorado","Rio Blanco County",5,83,31,13,18
050,08,103,"Colorado","Rio Blanco County",5,84,24,11,13
050,08,103,"Colorado","Rio Blanco County",5,85,108,51,57
050,08,105,"Colorado","Rio Grande County",1,0,118,59,59
050,08,105,"Colorado","Rio Grande County",1,1,109,58,51
050,08,105,"Colorado","Rio Grande County",1,2,132,67,65
050,08,105,"Colorado","Rio Grande County",1,3,128,65,63
050,08,105,"Colorado","Rio Grande County",1,4,137,68,69
050,08,105,"Colorado","Rio Grande County",1,5,130,60,70
050,08,105,"Colorado","Rio Grande County",1,6,145,68,77
050,08,105,"Colorado","Rio Grande County",1,7,135,66,69
050,08,105,"Colorado","Rio Grande County",1,8,135,72,63
050,08,105,"Colorado","Rio Grande County",1,9,156,74,82
050,08,105,"Colorado","Rio Grande County",1,10,148,71,77
050,08,105,"Colorado","Rio Grande County",1,11,137,61,76
050,08,105,"Colorado","Rio Grande County",1,12,151,73,78
050,08,105,"Colorado","Rio Grande County",1,13,157,88,69
050,08,105,"Colorado","Rio Grande County",1,14,152,75,77
050,08,105,"Colorado","Rio Grande County",1,15,160,80,80
050,08,105,"Colorado","Rio Grande County",1,16,158,84,74
050,08,105,"Colorado","Rio Grande County",1,17,158,89,69
050,08,105,"Colorado","Rio Grande County",1,18,142,71,71
050,08,105,"Colorado","Rio Grande County",1,19,125,65,60
050,08,105,"Colorado","Rio Grande County",1,20,131,68,63
050,08,105,"Colorado","Rio Grande County",1,21,124,65,59
050,08,105,"Colorado","Rio Grande County",1,22,125,71,54
050,08,105,"Colorado","Rio Grande County",1,23,133,70,63
050,08,105,"Colorado","Rio Grande County",1,24,119,60,59
050,08,105,"Colorado","Rio Grande County",1,25,117,57,60
050,08,105,"Colorado","Rio Grande County",1,26,115,49,66
050,08,105,"Colorado","Rio Grande County",1,27,142,66,76
050,08,105,"Colorado","Rio Grande County",1,28,140,72,68
050,08,105,"Colorado","Rio Grande County",1,29,135,67,68
050,08,105,"Colorado","Rio Grande County",1,30,134,64,70
050,08,105,"Colorado","Rio Grande County",1,31,127,65,62
050,08,105,"Colorado","Rio Grande County",1,32,124,63,61
050,08,105,"Colorado","Rio Grande County",1,33,127,68,59
050,08,105,"Colorado","Rio Grande County",1,34,140,79,61
050,08,105,"Colorado","Rio Grande County",1,35,170,87,83
050,08,105,"Colorado","Rio Grande County",1,36,141,77,64
050,08,105,"Colorado","Rio Grande County",1,37,151,79,72
050,08,105,"Colorado","Rio Grande County",1,38,147,73,74
050,08,105,"Colorado","Rio Grande County",1,39,129,63,66
050,08,105,"Colorado","Rio Grande County",1,40,137,74,63
050,08,105,"Colorado","Rio Grande County",1,41,143,70,73
050,08,105,"Colorado","Rio Grande County",1,42,132,64,68
050,08,105,"Colorado","Rio Grande County",1,43,132,69,63
050,08,105,"Colorado","Rio Grande County",1,44,116,62,54
050,08,105,"Colorado","Rio Grande County",1,45,127,65,62
050,08,105,"Colorado","Rio Grande County",1,46,137,73,64
050,08,105,"Colorado","Rio Grande County",1,47,117,61,56
050,08,105,"Colorado","Rio Grande County",1,48,125,65,60
050,08,105,"Colorado","Rio Grande County",1,49,125,54,71
050,08,105,"Colorado","Rio Grande County",1,50,117,51,66
050,08,105,"Colorado","Rio Grande County",1,51,116,53,63
050,08,105,"Colorado","Rio Grande County",1,52,130,58,72
050,08,105,"Colorado","Rio Grande County",1,53,130,64,66
050,08,105,"Colorado","Rio Grande County",1,54,125,57,68
050,08,105,"Colorado","Rio Grande County",1,55,141,70,71
050,08,105,"Colorado","Rio Grande County",1,56,147,75,72
050,08,105,"Colorado","Rio Grande County",1,57,152,72,80
050,08,105,"Colorado","Rio Grande County",1,58,155,79,76
050,08,105,"Colorado","Rio Grande County",1,59,166,85,81
050,08,105,"Colorado","Rio Grande County",1,60,171,86,85
050,08,105,"Colorado","Rio Grande County",1,61,174,88,86
050,08,105,"Colorado","Rio Grande County",1,62,175,90,85
050,08,105,"Colorado","Rio Grande County",1,63,165,84,81
050,08,105,"Colorado","Rio Grande County",1,64,187,97,90
050,08,105,"Colorado","Rio Grande County",1,65,192,98,94
050,08,105,"Colorado","Rio Grande County",1,66,180,90,90
050,08,105,"Colorado","Rio Grande County",1,67,175,93,82
050,08,105,"Colorado","Rio Grande County",1,68,169,84,85
050,08,105,"Colorado","Rio Grande County",1,69,170,88,82
050,08,105,"Colorado","Rio Grande County",1,70,150,79,71
050,08,105,"Colorado","Rio Grande County",1,71,142,75,67
050,08,105,"Colorado","Rio Grande County",1,72,147,68,79
050,08,105,"Colorado","Rio Grande County",1,73,139,64,75
050,08,105,"Colorado","Rio Grande County",1,74,93,42,51
050,08,105,"Colorado","Rio Grande County",1,75,98,46,52
050,08,105,"Colorado","Rio Grande County",1,76,82,40,42
050,08,105,"Colorado","Rio Grande County",1,77,101,47,54
050,08,105,"Colorado","Rio Grande County",1,78,91,45,46
050,08,105,"Colorado","Rio Grande County",1,79,75,41,34
050,08,105,"Colorado","Rio Grande County",1,80,63,36,27
050,08,105,"Colorado","Rio Grande County",1,81,58,34,24
050,08,105,"Colorado","Rio Grande County",1,82,51,22,29
050,08,105,"Colorado","Rio Grande County",1,83,37,14,23
050,08,105,"Colorado","Rio Grande County",1,84,33,12,21
050,08,105,"Colorado","Rio Grande County",1,85,269,114,155
050,08,105,"Colorado","Rio Grande County",2,0,117,58,59
050,08,105,"Colorado","Rio Grande County",2,1,111,56,55
050,08,105,"Colorado","Rio Grande County",2,2,126,64,62
050,08,105,"Colorado","Rio Grande County",2,3,128,65,63
050,08,105,"Colorado","Rio Grande County",2,4,135,68,67
050,08,105,"Colorado","Rio Grande County",2,5,131,62,69
050,08,105,"Colorado","Rio Grande County",2,6,139,67,72
050,08,105,"Colorado","Rio Grande County",2,7,136,65,71
050,08,105,"Colorado","Rio Grande County",2,8,135,69,66
050,08,105,"Colorado","Rio Grande County",2,9,152,73,79
050,08,105,"Colorado","Rio Grande County",2,10,150,71,79
050,08,105,"Colorado","Rio Grande County",2,11,141,63,78
050,08,105,"Colorado","Rio Grande County",2,12,149,71,78
050,08,105,"Colorado","Rio Grande County",2,13,155,84,71
050,08,105,"Colorado","Rio Grande County",2,14,151,78,73
050,08,105,"Colorado","Rio Grande County",2,15,158,79,79
050,08,105,"Colorado","Rio Grande County",2,16,158,82,76
050,08,105,"Colorado","Rio Grande County",2,17,158,87,71
050,08,105,"Colorado","Rio Grande County",2,18,140,72,68
050,08,105,"Colorado","Rio Grande County",2,19,125,65,60
050,08,105,"Colorado","Rio Grande County",2,20,132,69,63
050,08,105,"Colorado","Rio Grande County",2,21,126,66,60
050,08,105,"Colorado","Rio Grande County",2,22,127,71,56
050,08,105,"Colorado","Rio Grande County",2,23,132,69,63
050,08,105,"Colorado","Rio Grande County",2,24,123,63,60
050,08,105,"Colorado","Rio Grande County",2,25,117,57,60
050,08,105,"Colorado","Rio Grande County",2,26,117,51,66
050,08,105,"Colorado","Rio Grande County",2,27,137,64,73
050,08,105,"Colorado","Rio Grande County",2,28,140,70,70
050,08,105,"Colorado","Rio Grande County",2,29,137,68,69
050,08,105,"Colorado","Rio Grande County",2,30,135,65,70
050,08,105,"Colorado","Rio Grande County",2,31,128,64,64
050,08,105,"Colorado","Rio Grande County",2,32,124,65,59
050,08,105,"Colorado","Rio Grande County",2,33,126,67,59
050,08,105,"Colorado","Rio Grande County",2,34,140,77,63
050,08,105,"Colorado","Rio Grande County",2,35,160,84,76
050,08,105,"Colorado","Rio Grande County",2,36,147,78,69
050,08,105,"Colorado","Rio Grande County",2,37,151,79,72
050,08,105,"Colorado","Rio Grande County",2,38,150,75,75
050,08,105,"Colorado","Rio Grande County",2,39,132,65,67
050,08,105,"Colorado","Rio Grande County",2,40,137,73,64
050,08,105,"Colorado","Rio Grande County",2,41,143,73,70
050,08,105,"Colorado","Rio Grande County",2,42,135,66,69
050,08,105,"Colorado","Rio Grande County",2,43,131,68,63
050,08,105,"Colorado","Rio Grande County",2,44,119,64,55
050,08,105,"Colorado","Rio Grande County",2,45,125,64,61
050,08,105,"Colorado","Rio Grande County",2,46,134,71,63
050,08,105,"Colorado","Rio Grande County",2,47,120,62,58
050,08,105,"Colorado","Rio Grande County",2,48,126,66,60
050,08,105,"Colorado","Rio Grande County",2,49,128,58,70
050,08,105,"Colorado","Rio Grande County",2,50,119,52,67
050,08,105,"Colorado","Rio Grande County",2,51,115,52,63
050,08,105,"Colorado","Rio Grande County",2,52,126,56,70
050,08,105,"Colorado","Rio Grande County",2,53,127,61,66
050,08,105,"Colorado","Rio Grande County",2,54,127,59,68
050,08,105,"Colorado","Rio Grande County",2,55,138,68,70
050,08,105,"Colorado","Rio Grande County",2,56,145,74,71
050,08,105,"Colorado","Rio Grande County",2,57,148,72,76
050,08,105,"Colorado","Rio Grande County",2,58,154,77,77
050,08,105,"Colorado","Rio Grande County",2,59,164,83,81
050,08,105,"Colorado","Rio Grande County",2,60,171,87,84
050,08,105,"Colorado","Rio Grande County",2,61,172,88,84
050,08,105,"Colorado","Rio Grande County",2,62,176,91,85
050,08,105,"Colorado","Rio Grande County",2,63,169,86,83
050,08,105,"Colorado","Rio Grande County",2,64,179,92,87
050,08,105,"Colorado","Rio Grande County",2,65,193,100,93
050,08,105,"Colorado","Rio Grande County",2,66,180,90,90
050,08,105,"Colorado","Rio Grande County",2,67,177,93,84
050,08,105,"Colorado","Rio Grande County",2,68,169,84,85
050,08,105,"Colorado","Rio Grande County",2,69,169,88,81
050,08,105,"Colorado","Rio Grande County",2,70,154,81,73
050,08,105,"Colorado","Rio Grande County",2,71,144,76,68
050,08,105,"Colorado","Rio Grande County",2,72,144,68,76
050,08,105,"Colorado","Rio Grande County",2,73,148,68,80
050,08,105,"Colorado","Rio Grande County",2,74,97,43,54
050,08,105,"Colorado","Rio Grande County",2,75,99,46,53
050,08,105,"Colorado","Rio Grande County",2,76,83,39,44
050,08,105,"Colorado","Rio Grande County",2,77,95,44,51
050,08,105,"Colorado","Rio Grande County",2,78,91,44,47
050,08,105,"Colorado","Rio Grande County",2,79,78,41,37
050,08,105,"Colorado","Rio Grande County",2,80,66,37,29
050,08,105,"Colorado","Rio Grande County",2,81,58,33,25
050,08,105,"Colorado","Rio Grande County",2,82,53,25,28
050,08,105,"Colorado","Rio Grande County",2,83,40,16,24
050,08,105,"Colorado","Rio Grande County",2,84,33,12,21
050,08,105,"Colorado","Rio Grande County",2,85,266,111,155
050,08,105,"Colorado","Rio Grande County",3,0,117,61,56
050,08,105,"Colorado","Rio Grande County",3,1,118,52,66
050,08,105,"Colorado","Rio Grande County",3,2,107,57,50
050,08,105,"Colorado","Rio Grande County",3,3,123,65,58
050,08,105,"Colorado","Rio Grande County",3,4,128,65,63
050,08,105,"Colorado","Rio Grande County",3,5,122,61,61
050,08,105,"Colorado","Rio Grande County",3,6,136,63,73
050,08,105,"Colorado","Rio Grande County",3,7,138,68,70
050,08,105,"Colorado","Rio Grande County",3,8,138,72,66
050,08,105,"Colorado","Rio Grande County",3,9,128,66,62
050,08,105,"Colorado","Rio Grande County",3,10,143,69,74
050,08,105,"Colorado","Rio Grande County",3,11,150,71,79
050,08,105,"Colorado","Rio Grande County",3,12,145,70,75
050,08,105,"Colorado","Rio Grande County",3,13,143,71,72
050,08,105,"Colorado","Rio Grande County",3,14,149,80,69
050,08,105,"Colorado","Rio Grande County",3,15,142,73,69
050,08,105,"Colorado","Rio Grande County",3,16,155,80,75
050,08,105,"Colorado","Rio Grande County",3,17,158,79,79
050,08,105,"Colorado","Rio Grande County",3,18,142,80,62
050,08,105,"Colorado","Rio Grande County",3,19,120,60,60
050,08,105,"Colorado","Rio Grande County",3,20,128,64,64
050,08,105,"Colorado","Rio Grande County",3,21,131,68,63
050,08,105,"Colorado","Rio Grande County",3,22,123,64,59
050,08,105,"Colorado","Rio Grande County",3,23,125,72,53
050,08,105,"Colorado","Rio Grande County",3,24,124,58,66
050,08,105,"Colorado","Rio Grande County",3,25,124,67,57
050,08,105,"Colorado","Rio Grande County",3,26,115,61,54
050,08,105,"Colorado","Rio Grande County",3,27,108,51,57
050,08,105,"Colorado","Rio Grande County",3,28,135,61,74
050,08,105,"Colorado","Rio Grande County",3,29,142,75,67
050,08,105,"Colorado","Rio Grande County",3,30,141,68,73
050,08,105,"Colorado","Rio Grande County",3,31,143,75,68
050,08,105,"Colorado","Rio Grande County",3,32,127,62,65
050,08,105,"Colorado","Rio Grande County",3,33,114,56,58
050,08,105,"Colorado","Rio Grande County",3,34,134,75,59
050,08,105,"Colorado","Rio Grande County",3,35,147,77,70
050,08,105,"Colorado","Rio Grande County",3,36,148,78,70
050,08,105,"Colorado","Rio Grande County",3,37,144,74,70
050,08,105,"Colorado","Rio Grande County",3,38,146,79,67
050,08,105,"Colorado","Rio Grande County",3,39,159,82,77
050,08,105,"Colorado","Rio Grande County",3,40,137,67,70
050,08,105,"Colorado","Rio Grande County",3,41,137,69,68
050,08,105,"Colorado","Rio Grande County",3,42,135,66,69
050,08,105,"Colorado","Rio Grande County",3,43,138,68,70
050,08,105,"Colorado","Rio Grande County",3,44,135,70,65
050,08,105,"Colorado","Rio Grande County",3,45,120,60,60
050,08,105,"Colorado","Rio Grande County",3,46,131,69,62
050,08,105,"Colorado","Rio Grande County",3,47,130,70,60
050,08,105,"Colorado","Rio Grande County",3,48,115,60,55
050,08,105,"Colorado","Rio Grande County",3,49,127,65,62
050,08,105,"Colorado","Rio Grande County",3,50,126,57,69
050,08,105,"Colorado","Rio Grande County",3,51,126,54,72
050,08,105,"Colorado","Rio Grande County",3,52,117,53,64
050,08,105,"Colorado","Rio Grande County",3,53,121,53,68
050,08,105,"Colorado","Rio Grande County",3,54,130,62,68
050,08,105,"Colorado","Rio Grande County",3,55,125,60,65
050,08,105,"Colorado","Rio Grande County",3,56,143,69,74
050,08,105,"Colorado","Rio Grande County",3,57,148,75,73
050,08,105,"Colorado","Rio Grande County",3,58,140,71,69
050,08,105,"Colorado","Rio Grande County",3,59,159,77,82
050,08,105,"Colorado","Rio Grande County",3,60,165,87,78
050,08,105,"Colorado","Rio Grande County",3,61,174,87,87
050,08,105,"Colorado","Rio Grande County",3,62,174,87,87
050,08,105,"Colorado","Rio Grande County",3,63,175,94,81
050,08,105,"Colorado","Rio Grande County",3,64,158,76,82
050,08,105,"Colorado","Rio Grande County",3,65,167,82,85
050,08,105,"Colorado","Rio Grande County",3,66,194,99,95
050,08,105,"Colorado","Rio Grande County",3,67,179,92,87
050,08,105,"Colorado","Rio Grande County",3,68,169,89,80
050,08,105,"Colorado","Rio Grande County",3,69,160,80,80
050,08,105,"Colorado","Rio Grande County",3,70,164,83,81
050,08,105,"Colorado","Rio Grande County",3,71,154,79,75
050,08,105,"Colorado","Rio Grande County",3,72,144,80,64
050,08,105,"Colorado","Rio Grande County",3,73,135,63,72
050,08,105,"Colorado","Rio Grande County",3,74,140,64,76
050,08,105,"Colorado","Rio Grande County",3,75,98,41,57
050,08,105,"Colorado","Rio Grande County",3,76,91,40,51
050,08,105,"Colorado","Rio Grande County",3,77,80,38,42
050,08,105,"Colorado","Rio Grande County",3,78,86,38,48
050,08,105,"Colorado","Rio Grande County",3,79,89,45,44
050,08,105,"Colorado","Rio Grande County",3,80,70,34,36
050,08,105,"Colorado","Rio Grande County",3,81,62,33,29
050,08,105,"Colorado","Rio Grande County",3,82,55,30,25
050,08,105,"Colorado","Rio Grande County",3,83,47,24,23
050,08,105,"Colorado","Rio Grande County",3,84,33,13,20
050,08,105,"Colorado","Rio Grande County",3,85,243,100,143
050,08,105,"Colorado","Rio Grande County",4,0,119,62,57
050,08,105,"Colorado","Rio Grande County",4,1,120,66,54
050,08,105,"Colorado","Rio Grande County",4,2,121,56,65
050,08,105,"Colorado","Rio Grande County",4,3,109,60,49
050,08,105,"Colorado","Rio Grande County",4,4,121,60,61
050,08,105,"Colorado","Rio Grande County",4,5,127,67,60
050,08,105,"Colorado","Rio Grande County",4,6,123,62,61
050,08,105,"Colorado","Rio Grande County",4,7,127,58,69
050,08,105,"Colorado","Rio Grande County",4,8,139,65,74
050,08,105,"Colorado","Rio Grande County",4,9,133,74,59
050,08,105,"Colorado","Rio Grande County",4,10,124,64,60
050,08,105,"Colorado","Rio Grande County",4,11,151,75,76
050,08,105,"Colorado","Rio Grande County",4,12,158,72,86
050,08,105,"Colorado","Rio Grande County",4,13,135,61,74
050,08,105,"Colorado","Rio Grande County",4,14,145,69,76
050,08,105,"Colorado","Rio Grande County",4,15,147,76,71
050,08,105,"Colorado","Rio Grande County",4,16,143,69,74
050,08,105,"Colorado","Rio Grande County",4,17,147,79,68
050,08,105,"Colorado","Rio Grande County",4,18,138,72,66
050,08,105,"Colorado","Rio Grande County",4,19,127,72,55
050,08,105,"Colorado","Rio Grande County",4,20,121,61,60
050,08,105,"Colorado","Rio Grande County",4,21,133,68,65
050,08,105,"Colorado","Rio Grande County",4,22,133,67,66
050,08,105,"Colorado","Rio Grande County",4,23,131,68,63
050,08,105,"Colorado","Rio Grande County",4,24,117,64,53
050,08,105,"Colorado","Rio Grande County",4,25,127,59,68
050,08,105,"Colorado","Rio Grande County",4,26,117,63,54
050,08,105,"Colorado","Rio Grande County",4,27,121,65,56
050,08,105,"Colorado","Rio Grande County",4,28,110,52,58
050,08,105,"Colorado","Rio Grande County",4,29,141,61,80
050,08,105,"Colorado","Rio Grande County",4,30,138,70,68
050,08,105,"Colorado","Rio Grande County",4,31,142,67,75
050,08,105,"Colorado","Rio Grande County",4,32,147,78,69
050,08,105,"Colorado","Rio Grande County",4,33,127,64,63
050,08,105,"Colorado","Rio Grande County",4,34,120,59,61
050,08,105,"Colorado","Rio Grande County",4,35,129,74,55
050,08,105,"Colorado","Rio Grande County",4,36,153,83,70
050,08,105,"Colorado","Rio Grande County",4,37,149,78,71
050,08,105,"Colorado","Rio Grande County",4,38,144,73,71
050,08,105,"Colorado","Rio Grande County",4,39,158,84,74
050,08,105,"Colorado","Rio Grande County",4,40,161,83,78
050,08,105,"Colorado","Rio Grande County",4,41,138,65,73
050,08,105,"Colorado","Rio Grande County",4,42,140,71,69
050,08,105,"Colorado","Rio Grande County",4,43,132,65,67
050,08,105,"Colorado","Rio Grande County",4,44,131,63,68
050,08,105,"Colorado","Rio Grande County",4,45,135,70,65
050,08,105,"Colorado","Rio Grande County",4,46,125,68,57
050,08,105,"Colorado","Rio Grande County",4,47,125,67,58
050,08,105,"Colorado","Rio Grande County",4,48,129,70,59
050,08,105,"Colorado","Rio Grande County",4,49,119,62,57
050,08,105,"Colorado","Rio Grande County",4,50,129,64,65
050,08,105,"Colorado","Rio Grande County",4,51,123,57,66
050,08,105,"Colorado","Rio Grande County",4,52,121,52,69
050,08,105,"Colorado","Rio Grande County",4,53,117,55,62
050,08,105,"Colorado","Rio Grande County",4,54,134,59,75
050,08,105,"Colorado","Rio Grande County",4,55,131,59,72
050,08,105,"Colorado","Rio Grande County",4,56,126,60,66
050,08,105,"Colorado","Rio Grande County",4,57,137,68,69
050,08,105,"Colorado","Rio Grande County",4,58,152,79,73
050,08,105,"Colorado","Rio Grande County",4,59,138,68,70
050,08,105,"Colorado","Rio Grande County",4,60,156,78,78
050,08,105,"Colorado","Rio Grande County",4,61,169,89,80
050,08,105,"Colorado","Rio Grande County",4,62,181,93,88
050,08,105,"Colorado","Rio Grande County",4,63,174,89,85
050,08,105,"Colorado","Rio Grande County",4,64,170,93,77
050,08,105,"Colorado","Rio Grande County",4,65,159,76,83
050,08,105,"Colorado","Rio Grande County",4,66,159,78,81
050,08,105,"Colorado","Rio Grande County",4,67,194,100,94
050,08,105,"Colorado","Rio Grande County",4,68,179,94,85
050,08,105,"Colorado","Rio Grande County",4,69,162,85,77
050,08,105,"Colorado","Rio Grande County",4,70,157,76,81
050,08,105,"Colorado","Rio Grande County",4,71,160,82,78
050,08,105,"Colorado","Rio Grande County",4,72,143,74,69
050,08,105,"Colorado","Rio Grande County",4,73,130,71,59
050,08,105,"Colorado","Rio Grande County",4,74,120,56,64
050,08,105,"Colorado","Rio Grande County",4,75,127,58,69
050,08,105,"Colorado","Rio Grande County",4,76,93,40,53
050,08,105,"Colorado","Rio Grande County",4,77,88,39,49
050,08,105,"Colorado","Rio Grande County",4,78,73,32,41
050,08,105,"Colorado","Rio Grande County",4,79,80,35,45
050,08,105,"Colorado","Rio Grande County",4,80,84,40,44
050,08,105,"Colorado","Rio Grande County",4,81,64,30,34
050,08,105,"Colorado","Rio Grande County",4,82,56,29,27
050,08,105,"Colorado","Rio Grande County",4,83,51,29,22
050,08,105,"Colorado","Rio Grande County",4,84,40,19,21
050,08,105,"Colorado","Rio Grande County",4,85,213,88,125
050,08,105,"Colorado","Rio Grande County",5,0,118,61,57
050,08,105,"Colorado","Rio Grande County",5,1,122,61,61
050,08,105,"Colorado","Rio Grande County",5,2,113,62,51
050,08,105,"Colorado","Rio Grande County",5,3,115,51,64
050,08,105,"Colorado","Rio Grande County",5,4,99,57,42
050,08,105,"Colorado","Rio Grande County",5,5,113,56,57
050,08,105,"Colorado","Rio Grande County",5,6,128,64,64
050,08,105,"Colorado","Rio Grande County",5,7,112,54,58
050,08,105,"Colorado","Rio Grande County",5,8,118,53,65
050,08,105,"Colorado","Rio Grande County",5,9,138,64,74
050,08,105,"Colorado","Rio Grande County",5,10,138,75,63
050,08,105,"Colorado","Rio Grande County",5,11,113,60,53
050,08,105,"Colorado","Rio Grande County",5,12,139,67,72
050,08,105,"Colorado","Rio Grande County",5,13,151,68,83
050,08,105,"Colorado","Rio Grande County",5,14,138,68,70
050,08,105,"Colorado","Rio Grande County",5,15,138,69,69
050,08,105,"Colorado","Rio Grande County",5,16,148,79,69
050,08,105,"Colorado","Rio Grande County",5,17,133,68,65
050,08,105,"Colorado","Rio Grande County",5,18,136,74,62
050,08,105,"Colorado","Rio Grande County",5,19,114,62,52
050,08,105,"Colorado","Rio Grande County",5,20,124,65,59
050,08,105,"Colorado","Rio Grande County",5,21,125,63,62
050,08,105,"Colorado","Rio Grande County",5,22,136,73,63
050,08,105,"Colorado","Rio Grande County",5,23,149,82,67
050,08,105,"Colorado","Rio Grande County",5,24,129,60,69
050,08,105,"Colorado","Rio Grande County",5,25,123,65,58
050,08,105,"Colorado","Rio Grande County",5,26,114,54,60
050,08,105,"Colorado","Rio Grande County",5,27,111,60,51
050,08,105,"Colorado","Rio Grande County",5,28,131,71,60
050,08,105,"Colorado","Rio Grande County",5,29,111,56,55
050,08,105,"Colorado","Rio Grande County",5,30,126,53,73
050,08,105,"Colorado","Rio Grande County",5,31,140,72,68
050,08,105,"Colorado","Rio Grande County",5,32,142,63,79
050,08,105,"Colorado","Rio Grande County",5,33,126,65,61
050,08,105,"Colorado","Rio Grande County",5,34,121,56,65
050,08,105,"Colorado","Rio Grande County",5,35,112,56,56
050,08,105,"Colorado","Rio Grande County",5,36,129,77,52
050,08,105,"Colorado","Rio Grande County",5,37,152,81,71
050,08,105,"Colorado","Rio Grande County",5,38,154,82,72
050,08,105,"Colorado","Rio Grande County",5,39,143,75,68
050,08,105,"Colorado","Rio Grande County",5,40,158,82,76
050,08,105,"Colorado","Rio Grande County",5,41,153,79,74
050,08,105,"Colorado","Rio Grande County",5,42,138,65,73
050,08,105,"Colorado","Rio Grande County",5,43,134,67,67
050,08,105,"Colorado","Rio Grande County",5,44,131,66,65
050,08,105,"Colorado","Rio Grande County",5,45,130,63,67
050,08,105,"Colorado","Rio Grande County",5,46,140,72,68
050,08,105,"Colorado","Rio Grande County",5,47,124,64,60
050,08,105,"Colorado","Rio Grande County",5,48,127,64,63
050,08,105,"Colorado","Rio Grande County",5,49,132,71,61
050,08,105,"Colorado","Rio Grande County",5,50,118,60,58
050,08,105,"Colorado","Rio Grande County",5,51,122,60,62
050,08,105,"Colorado","Rio Grande County",5,52,130,62,68
050,08,105,"Colorado","Rio Grande County",5,53,123,52,71
050,08,105,"Colorado","Rio Grande County",5,54,122,55,67
050,08,105,"Colorado","Rio Grande County",5,55,134,60,74
050,08,105,"Colorado","Rio Grande County",5,56,128,58,70
050,08,105,"Colorado","Rio Grande County",5,57,130,61,69
050,08,105,"Colorado","Rio Grande County",5,58,138,69,69
050,08,105,"Colorado","Rio Grande County",5,59,149,75,74
050,08,105,"Colorado","Rio Grande County",5,60,143,75,68
050,08,105,"Colorado","Rio Grande County",5,61,155,75,80
050,08,105,"Colorado","Rio Grande County",5,62,171,92,79
050,08,105,"Colorado","Rio Grande County",5,63,177,92,85
050,08,105,"Colorado","Rio Grande County",5,64,170,89,81
050,08,105,"Colorado","Rio Grande County",5,65,175,95,80
050,08,105,"Colorado","Rio Grande County",5,66,155,73,82
050,08,105,"Colorado","Rio Grande County",5,67,160,82,78
050,08,105,"Colorado","Rio Grande County",5,68,194,100,94
050,08,105,"Colorado","Rio Grande County",5,69,175,93,82
050,08,105,"Colorado","Rio Grande County",5,70,160,81,79
050,08,105,"Colorado","Rio Grande County",5,71,155,76,79
050,08,105,"Colorado","Rio Grande County",5,72,159,81,78
050,08,105,"Colorado","Rio Grande County",5,73,137,65,72
050,08,105,"Colorado","Rio Grande County",5,74,125,67,58
050,08,105,"Colorado","Rio Grande County",5,75,119,55,64
050,08,105,"Colorado","Rio Grande County",5,76,124,60,64
050,08,105,"Colorado","Rio Grande County",5,77,91,43,48
050,08,105,"Colorado","Rio Grande County",5,78,81,36,45
050,08,105,"Colorado","Rio Grande County",5,79,64,30,34
050,08,105,"Colorado","Rio Grande County",5,80,74,30,44
050,08,105,"Colorado","Rio Grande County",5,81,75,34,41
050,08,105,"Colorado","Rio Grande County",5,82,61,28,33
050,08,105,"Colorado","Rio Grande County",5,83,51,27,24
050,08,105,"Colorado","Rio Grande County",5,84,48,27,21
050,08,105,"Colorado","Rio Grande County",5,85,206,89,117
050,08,107,"Colorado","Routt County",1,0,192,94,98
050,08,107,"Colorado","Routt County",1,1,201,90,111
050,08,107,"Colorado","Routt County",1,2,201,98,103
050,08,107,"Colorado","Routt County",1,3,219,109,110
050,08,107,"Colorado","Routt County",1,4,243,121,122
050,08,107,"Colorado","Routt County",1,5,233,109,124
050,08,107,"Colorado","Routt County",1,6,227,120,107
050,08,107,"Colorado","Routt County",1,7,230,116,114
050,08,107,"Colorado","Routt County",1,8,243,131,112
050,08,107,"Colorado","Routt County",1,9,242,121,121
050,08,107,"Colorado","Routt County",1,10,261,119,142
050,08,107,"Colorado","Routt County",1,11,292,143,149
050,08,107,"Colorado","Routt County",1,12,279,132,147
050,08,107,"Colorado","Routt County",1,13,264,144,120
050,08,107,"Colorado","Routt County",1,14,276,158,118
050,08,107,"Colorado","Routt County",1,15,271,139,132
050,08,107,"Colorado","Routt County",1,16,286,140,146
050,08,107,"Colorado","Routt County",1,17,280,140,140
050,08,107,"Colorado","Routt County",1,18,276,153,123
050,08,107,"Colorado","Routt County",1,19,284,174,110
050,08,107,"Colorado","Routt County",1,20,213,123,90
050,08,107,"Colorado","Routt County",1,21,222,120,102
050,08,107,"Colorado","Routt County",1,22,225,126,99
050,08,107,"Colorado","Routt County",1,23,273,146,127
050,08,107,"Colorado","Routt County",1,24,284,139,145
050,08,107,"Colorado","Routt County",1,25,306,161,145
050,08,107,"Colorado","Routt County",1,26,324,178,146
050,08,107,"Colorado","Routt County",1,27,334,180,154
050,08,107,"Colorado","Routt County",1,28,342,179,163
050,08,107,"Colorado","Routt County",1,29,341,194,147
050,08,107,"Colorado","Routt County",1,30,398,219,179
050,08,107,"Colorado","Routt County",1,31,363,200,163
050,08,107,"Colorado","Routt County",1,32,354,189,165
050,08,107,"Colorado","Routt County",1,33,350,195,155
050,08,107,"Colorado","Routt County",1,34,383,201,182
050,08,107,"Colorado","Routt County",1,35,380,222,158
050,08,107,"Colorado","Routt County",1,36,374,201,173
050,08,107,"Colorado","Routt County",1,37,376,199,177
050,08,107,"Colorado","Routt County",1,38,396,210,186
050,08,107,"Colorado","Routt County",1,39,370,173,197
050,08,107,"Colorado","Routt County",1,40,374,191,183
050,08,107,"Colorado","Routt County",1,41,357,182,175
050,08,107,"Colorado","Routt County",1,42,384,219,165
050,08,107,"Colorado","Routt County",1,43,380,205,175
050,08,107,"Colorado","Routt County",1,44,319,169,150
050,08,107,"Colorado","Routt County",1,45,314,172,142
050,08,107,"Colorado","Routt County",1,46,351,185,166
050,08,107,"Colorado","Routt County",1,47,339,175,164
050,08,107,"Colorado","Routt County",1,48,356,203,153
050,08,107,"Colorado","Routt County",1,49,417,219,198
050,08,107,"Colorado","Routt County",1,50,401,197,204
050,08,107,"Colorado","Routt County",1,51,366,197,169
050,08,107,"Colorado","Routt County",1,52,351,191,160
050,08,107,"Colorado","Routt County",1,53,293,156,137
050,08,107,"Colorado","Routt County",1,54,309,161,148
050,08,107,"Colorado","Routt County",1,55,321,157,164
050,08,107,"Colorado","Routt County",1,56,342,178,164
050,08,107,"Colorado","Routt County",1,57,350,169,181
050,08,107,"Colorado","Routt County",1,58,359,174,185
050,08,107,"Colorado","Routt County",1,59,375,188,187
050,08,107,"Colorado","Routt County",1,60,421,206,215
050,08,107,"Colorado","Routt County",1,61,404,197,207
050,08,107,"Colorado","Routt County",1,62,406,209,197
050,08,107,"Colorado","Routt County",1,63,384,190,194
050,08,107,"Colorado","Routt County",1,64,388,205,183
050,08,107,"Colorado","Routt County",1,65,385,189,196
050,08,107,"Colorado","Routt County",1,66,370,196,174
050,08,107,"Colorado","Routt County",1,67,368,198,170
050,08,107,"Colorado","Routt County",1,68,334,197,137
050,08,107,"Colorado","Routt County",1,69,275,155,120
050,08,107,"Colorado","Routt County",1,70,262,136,126
050,08,107,"Colorado","Routt County",1,71,264,132,132
050,08,107,"Colorado","Routt County",1,72,274,146,128
050,08,107,"Colorado","Routt County",1,73,245,128,117
050,08,107,"Colorado","Routt County",1,74,161,86,75
050,08,107,"Colorado","Routt County",1,75,158,88,70
050,08,107,"Colorado","Routt County",1,76,129,69,60
050,08,107,"Colorado","Routt County",1,77,114,63,51
050,08,107,"Colorado","Routt County",1,78,100,58,42
050,08,107,"Colorado","Routt County",1,79,99,51,48
050,08,107,"Colorado","Routt County",1,80,93,47,46
050,08,107,"Colorado","Routt County",1,81,84,43,41
050,08,107,"Colorado","Routt County",1,82,74,38,36
050,08,107,"Colorado","Routt County",1,83,46,22,24
050,08,107,"Colorado","Routt County",1,84,40,18,22
050,08,107,"Colorado","Routt County",1,85,281,110,171
050,08,107,"Colorado","Routt County",2,0,208,105,103
050,08,107,"Colorado","Routt County",2,1,200,91,109
050,08,107,"Colorado","Routt County",2,2,201,96,105
050,08,107,"Colorado","Routt County",2,3,216,107,109
050,08,107,"Colorado","Routt County",2,4,240,119,121
050,08,107,"Colorado","Routt County",2,5,237,111,126
050,08,107,"Colorado","Routt County",2,6,231,120,111
050,08,107,"Colorado","Routt County",2,7,230,118,112
050,08,107,"Colorado","Routt County",2,8,238,125,113
050,08,107,"Colorado","Routt County",2,9,241,123,118
050,08,107,"Colorado","Routt County",2,10,258,121,137
050,08,107,"Colorado","Routt County",2,11,281,136,145
050,08,107,"Colorado","Routt County",2,12,281,134,147
050,08,107,"Colorado","Routt County",2,13,267,142,125
050,08,107,"Colorado","Routt County",2,14,272,153,119
050,08,107,"Colorado","Routt County",2,15,270,142,128
050,08,107,"Colorado","Routt County",2,16,281,140,141
050,08,107,"Colorado","Routt County",2,17,280,140,140
050,08,107,"Colorado","Routt County",2,18,277,152,125
050,08,107,"Colorado","Routt County",2,19,284,174,110
050,08,107,"Colorado","Routt County",2,20,223,129,94
050,08,107,"Colorado","Routt County",2,21,217,118,99
050,08,107,"Colorado","Routt County",2,22,228,126,102
050,08,107,"Colorado","Routt County",2,23,265,143,122
050,08,107,"Colorado","Routt County",2,24,278,138,140
050,08,107,"Colorado","Routt County",2,25,299,155,144
050,08,107,"Colorado","Routt County",2,26,322,177,145
050,08,107,"Colorado","Routt County",2,27,331,179,152
050,08,107,"Colorado","Routt County",2,28,339,179,160
050,08,107,"Colorado","Routt County",2,29,345,192,153
050,08,107,"Colorado","Routt County",2,30,387,214,173
050,08,107,"Colorado","Routt County",2,31,372,206,166
050,08,107,"Colorado","Routt County",2,32,355,191,164
050,08,107,"Colorado","Routt County",2,33,351,192,159
050,08,107,"Colorado","Routt County",2,34,377,201,176
050,08,107,"Colorado","Routt County",2,35,383,219,164
050,08,107,"Colorado","Routt County",2,36,371,205,166
050,08,107,"Colorado","Routt County",2,37,376,200,176
050,08,107,"Colorado","Routt County",2,38,392,204,188
050,08,107,"Colorado","Routt County",2,39,377,183,194
050,08,107,"Colorado","Routt County",2,40,372,186,186
050,08,107,"Colorado","Routt County",2,41,364,185,179
050,08,107,"Colorado","Routt County",2,42,378,209,169
050,08,107,"Colorado","Routt County",2,43,383,209,174
050,08,107,"Colorado","Routt County",2,44,326,172,154
050,08,107,"Colorado","Routt County",2,45,317,173,144
050,08,107,"Colorado","Routt County",2,46,341,182,159
050,08,107,"Colorado","Routt County",2,47,340,177,163
050,08,107,"Colorado","Routt County",2,48,352,196,156
050,08,107,"Colorado","Routt County",2,49,405,217,188
050,08,107,"Colorado","Routt County",2,50,406,203,203
050,08,107,"Colorado","Routt County",2,51,372,197,175
050,08,107,"Colorado","Routt County",2,52,352,191,161
050,08,107,"Colorado","Routt County",2,53,305,163,142
050,08,107,"Colorado","Routt County",2,54,299,157,142
050,08,107,"Colorado","Routt County",2,55,319,158,161
050,08,107,"Colorado","Routt County",2,56,337,173,164
050,08,107,"Colorado","Routt County",2,57,347,171,176
050,08,107,"Colorado","Routt County",2,58,355,171,184
050,08,107,"Colorado","Routt County",2,59,373,187,186
050,08,107,"Colorado","Routt County",2,60,409,201,208
050,08,107,"Colorado","Routt County",2,61,409,200,209
050,08,107,"Colorado","Routt County",2,62,404,205,199
050,08,107,"Colorado","Routt County",2,63,395,197,198
050,08,107,"Colorado","Routt County",2,64,384,200,184
050,08,107,"Colorado","Routt County",2,65,384,193,191
050,08,107,"Colorado","Routt County",2,66,373,193,180
050,08,107,"Colorado","Routt County",2,67,365,195,170
050,08,107,"Colorado","Routt County",2,68,336,193,143
050,08,107,"Colorado","Routt County",2,69,291,166,125
050,08,107,"Colorado","Routt County",2,70,263,140,123
050,08,107,"Colorado","Routt County",2,71,264,134,130
050,08,107,"Colorado","Routt County",2,72,267,140,127
050,08,107,"Colorado","Routt County",2,73,265,139,126
050,08,107,"Colorado","Routt County",2,74,171,89,82
050,08,107,"Colorado","Routt County",2,75,157,87,70
050,08,107,"Colorado","Routt County",2,76,132,71,61
050,08,107,"Colorado","Routt County",2,77,120,66,54
050,08,107,"Colorado","Routt County",2,78,101,58,43
050,08,107,"Colorado","Routt County",2,79,97,51,46
050,08,107,"Colorado","Routt County",2,80,93,47,46
050,08,107,"Colorado","Routt County",2,81,85,44,41
050,08,107,"Colorado","Routt County",2,82,73,38,35
050,08,107,"Colorado","Routt County",2,83,51,25,26
050,08,107,"Colorado","Routt County",2,84,41,18,23
050,08,107,"Colorado","Routt County",2,85,278,112,166
050,08,107,"Colorado","Routt County",3,0,182,83,99
050,08,107,"Colorado","Routt County",3,1,202,102,100
050,08,107,"Colorado","Routt County",3,2,205,96,109
050,08,107,"Colorado","Routt County",3,3,201,91,110
050,08,107,"Colorado","Routt County",3,4,226,110,116
050,08,107,"Colorado","Routt County",3,5,256,128,128
050,08,107,"Colorado","Routt County",3,6,249,113,136
050,08,107,"Colorado","Routt County",3,7,245,120,125
050,08,107,"Colorado","Routt County",3,8,241,128,113
050,08,107,"Colorado","Routt County",3,9,234,129,105
050,08,107,"Colorado","Routt County",3,10,238,120,118
050,08,107,"Colorado","Routt County",3,11,266,130,136
050,08,107,"Colorado","Routt County",3,12,294,140,154
050,08,107,"Colorado","Routt County",3,13,284,142,142
050,08,107,"Colorado","Routt County",3,14,263,139,124
050,08,107,"Colorado","Routt County",3,15,269,148,121
050,08,107,"Colorado","Routt County",3,16,266,138,128
050,08,107,"Colorado","Routt County",3,17,284,141,143
050,08,107,"Colorado","Routt County",3,18,260,139,121
050,08,107,"Colorado","Routt County",3,19,258,150,108
050,08,107,"Colorado","Routt County",3,20,229,136,93
050,08,107,"Colorado","Routt County",3,21,198,107,91
050,08,107,"Colorado","Routt County",3,22,216,115,101
050,08,107,"Colorado","Routt County",3,23,234,131,103
050,08,107,"Colorado","Routt County",3,24,268,140,128
050,08,107,"Colorado","Routt County",3,25,291,149,142
050,08,107,"Colorado","Routt County",3,26,303,158,145
050,08,107,"Colorado","Routt County",3,27,337,187,150
050,08,107,"Colorado","Routt County",3,28,339,168,171
050,08,107,"Colorado","Routt County",3,29,339,174,165
050,08,107,"Colorado","Routt County",3,30,361,204,157
050,08,107,"Colorado","Routt County",3,31,400,224,176
050,08,107,"Colorado","Routt County",3,32,375,200,175
050,08,107,"Colorado","Routt County",3,33,376,205,171
050,08,107,"Colorado","Routt County",3,34,351,187,164
050,08,107,"Colorado","Routt County",3,35,391,206,185
050,08,107,"Colorado","Routt County",3,36,392,223,169
050,08,107,"Colorado","Routt County",3,37,385,206,179
050,08,107,"Colorado","Routt County",3,38,387,209,178
050,08,107,"Colorado","Routt County",3,39,406,214,192
050,08,107,"Colorado","Routt County",3,40,379,182,197
050,08,107,"Colorado","Routt County",3,41,379,188,191
050,08,107,"Colorado","Routt County",3,42,363,194,169
050,08,107,"Colorado","Routt County",3,43,382,207,175
050,08,107,"Colorado","Routt County",3,44,371,199,172
050,08,107,"Colorado","Routt County",3,45,327,183,144
050,08,107,"Colorado","Routt County",3,46,334,176,158
050,08,107,"Colorado","Routt County",3,47,353,185,168
050,08,107,"Colorado","Routt County",3,48,337,181,156
050,08,107,"Colorado","Routt County",3,49,357,197,160
050,08,107,"Colorado","Routt County",3,50,404,224,180
050,08,107,"Colorado","Routt County",3,51,403,199,204
050,08,107,"Colorado","Routt County",3,52,360,191,169
050,08,107,"Colorado","Routt County",3,53,356,195,161
050,08,107,"Colorado","Routt County",3,54,315,163,152
050,08,107,"Colorado","Routt County",3,55,300,160,140
050,08,107,"Colorado","Routt County",3,56,337,169,168
050,08,107,"Colorado","Routt County",3,57,346,179,167
050,08,107,"Colorado","Routt County",3,58,353,176,177
050,08,107,"Colorado","Routt County",3,59,341,163,178
050,08,107,"Colorado","Routt County",3,60,363,190,173
050,08,107,"Colorado","Routt County",3,61,405,196,209
050,08,107,"Colorado","Routt County",3,62,410,205,205
050,08,107,"Colorado","Routt County",3,63,414,213,201
050,08,107,"Colorado","Routt County",3,64,395,200,195
050,08,107,"Colorado","Routt County",3,65,374,198,176
050,08,107,"Colorado","Routt County",3,66,371,188,183
050,08,107,"Colorado","Routt County",3,67,360,183,177
050,08,107,"Colorado","Routt County",3,68,366,195,171
050,08,107,"Colorado","Routt County",3,69,338,198,140
050,08,107,"Colorado","Routt County",3,70,287,164,123
050,08,107,"Colorado","Routt County",3,71,253,130,123
050,08,107,"Colorado","Routt County",3,72,263,133,130
050,08,107,"Colorado","Routt County",3,73,260,136,124
050,08,107,"Colorado","Routt County",3,74,266,138,128
050,08,107,"Colorado","Routt County",3,75,166,87,79
050,08,107,"Colorado","Routt County",3,76,152,87,65
050,08,107,"Colorado","Routt County",3,77,126,68,58
050,08,107,"Colorado","Routt County",3,78,115,62,53
050,08,107,"Colorado","Routt County",3,79,98,55,43
050,08,107,"Colorado","Routt County",3,80,95,48,47
050,08,107,"Colorado","Routt County",3,81,89,44,45
050,08,107,"Colorado","Routt County",3,82,80,42,38
050,08,107,"Colorado","Routt County",3,83,70,36,34
050,08,107,"Colorado","Routt County",3,84,46,23,23
050,08,107,"Colorado","Routt County",3,85,298,123,175
050,08,107,"Colorado","Routt County",4,0,202,95,107
050,08,107,"Colorado","Routt County",4,1,179,85,94
050,08,107,"Colorado","Routt County",4,2,188,95,93
050,08,107,"Colorado","Routt County",4,3,197,93,104
050,08,107,"Colorado","Routt County",4,4,202,92,110
050,08,107,"Colorado","Routt County",4,5,222,104,118
050,08,107,"Colorado","Routt County",4,6,253,121,132
050,08,107,"Colorado","Routt County",4,7,248,114,134
050,08,107,"Colorado","Routt County",4,8,248,123,125
050,08,107,"Colorado","Routt County",4,9,247,131,116
050,08,107,"Colorado","Routt County",4,10,238,132,106
050,08,107,"Colorado","Routt County",4,11,249,121,128
050,08,107,"Colorado","Routt County",4,12,266,131,135
050,08,107,"Colorado","Routt County",4,13,294,138,156
050,08,107,"Colorado","Routt County",4,14,293,149,144
050,08,107,"Colorado","Routt County",4,15,263,138,125
050,08,107,"Colorado","Routt County",4,16,278,154,124
050,08,107,"Colorado","Routt County",4,17,271,145,126
050,08,107,"Colorado","Routt County",4,18,275,140,135
050,08,107,"Colorado","Routt County",4,19,276,159,117
050,08,107,"Colorado","Routt County",4,20,238,126,112
050,08,107,"Colorado","Routt County",4,21,224,131,93
050,08,107,"Colorado","Routt County",4,22,195,106,89
050,08,107,"Colorado","Routt County",4,23,226,120,106
050,08,107,"Colorado","Routt County",4,24,240,138,102
050,08,107,"Colorado","Routt County",4,25,285,146,139
050,08,107,"Colorado","Routt County",4,26,299,153,146
050,08,107,"Colorado","Routt County",4,27,293,154,139
050,08,107,"Colorado","Routt County",4,28,338,172,166
050,08,107,"Colorado","Routt County",4,29,342,170,172
050,08,107,"Colorado","Routt County",4,30,322,161,161
050,08,107,"Colorado","Routt County",4,31,342,191,151
050,08,107,"Colorado","Routt County",4,32,401,224,177
050,08,107,"Colorado","Routt County",4,33,347,179,168
050,08,107,"Colorado","Routt County",4,34,358,187,171
050,08,107,"Colorado","Routt County",4,35,356,188,168
050,08,107,"Colorado","Routt County",4,36,391,203,188
050,08,107,"Colorado","Routt County",4,37,395,219,176
050,08,107,"Colorado","Routt County",4,38,379,211,168
050,08,107,"Colorado","Routt County",4,39,392,208,184
050,08,107,"Colorado","Routt County",4,40,403,212,191
050,08,107,"Colorado","Routt County",4,41,374,179,195
050,08,107,"Colorado","Routt County",4,42,387,191,196
050,08,107,"Colorado","Routt County",4,43,372,196,176
050,08,107,"Colorado","Routt County",4,44,377,214,163
050,08,107,"Colorado","Routt County",4,45,383,211,172
050,08,107,"Colorado","Routt County",4,46,322,178,144
050,08,107,"Colorado","Routt County",4,47,335,179,156
050,08,107,"Colorado","Routt County",4,48,349,184,165
050,08,107,"Colorado","Routt County",4,49,334,187,147
050,08,107,"Colorado","Routt County",4,50,341,187,154
050,08,107,"Colorado","Routt County",4,51,401,216,185
050,08,107,"Colorado","Routt County",4,52,404,204,200
050,08,107,"Colorado","Routt County",4,53,365,196,169
050,08,107,"Colorado","Routt County",4,54,367,199,168
050,08,107,"Colorado","Routt County",4,55,322,162,160
050,08,107,"Colorado","Routt County",4,56,296,159,137
050,08,107,"Colorado","Routt County",4,57,346,175,171
050,08,107,"Colorado","Routt County",4,58,354,180,174
050,08,107,"Colorado","Routt County",4,59,354,185,169
050,08,107,"Colorado","Routt County",4,60,337,159,178
050,08,107,"Colorado","Routt County",4,61,361,194,167
050,08,107,"Colorado","Routt County",4,62,408,197,211
050,08,107,"Colorado","Routt County",4,63,413,209,204
050,08,107,"Colorado","Routt County",4,64,401,201,200
050,08,107,"Colorado","Routt County",4,65,402,204,198
050,08,107,"Colorado","Routt County",4,66,355,190,165
050,08,107,"Colorado","Routt County",4,67,362,181,181
050,08,107,"Colorado","Routt County",4,68,358,186,172
050,08,107,"Colorado","Routt County",4,69,365,192,173
050,08,107,"Colorado","Routt County",4,70,336,193,143
050,08,107,"Colorado","Routt County",4,71,274,154,120
050,08,107,"Colorado","Routt County",4,72,241,124,117
050,08,107,"Colorado","Routt County",4,73,260,130,130
050,08,107,"Colorado","Routt County",4,74,254,132,122
050,08,107,"Colorado","Routt County",4,75,263,136,127
050,08,107,"Colorado","Routt County",4,76,162,84,78
050,08,107,"Colorado","Routt County",4,77,143,84,59
050,08,107,"Colorado","Routt County",4,78,121,67,54
050,08,107,"Colorado","Routt County",4,79,113,57,56
050,08,107,"Colorado","Routt County",4,80,91,48,43
050,08,107,"Colorado","Routt County",4,81,86,46,40
050,08,107,"Colorado","Routt County",4,82,81,39,42
050,08,107,"Colorado","Routt County",4,83,73,39,34
050,08,107,"Colorado","Routt County",4,84,68,37,31
050,08,107,"Colorado","Routt County",4,85,306,124,182
050,08,107,"Colorado","Routt County",5,0,205,97,108
050,08,107,"Colorado","Routt County",5,1,201,100,101
050,08,107,"Colorado","Routt County",5,2,180,87,93
050,08,107,"Colorado","Routt County",5,3,190,97,93
050,08,107,"Colorado","Routt County",5,4,217,107,110
050,08,107,"Colorado","Routt County",5,5,211,98,113
050,08,107,"Colorado","Routt County",5,6,228,112,116
050,08,107,"Colorado","Routt County",5,7,257,129,128
050,08,107,"Colorado","Routt County",5,8,245,107,138
050,08,107,"Colorado","Routt County",5,9,255,127,128
050,08,107,"Colorado","Routt County",5,10,251,138,113
050,08,107,"Colorado","Routt County",5,11,246,142,104
050,08,107,"Colorado","Routt County",5,12,253,128,125
050,08,107,"Colorado","Routt County",5,13,264,135,129
050,08,107,"Colorado","Routt County",5,14,297,139,158
050,08,107,"Colorado","Routt County",5,15,303,153,150
050,08,107,"Colorado","Routt County",5,16,253,134,119
050,08,107,"Colorado","Routt County",5,17,269,150,119
050,08,107,"Colorado","Routt County",5,18,262,150,112
050,08,107,"Colorado","Routt County",5,19,291,167,124
050,08,107,"Colorado","Routt County",5,20,213,122,91
050,08,107,"Colorado","Routt County",5,21,226,122,104
050,08,107,"Colorado","Routt County",5,22,230,129,101
050,08,107,"Colorado","Routt County",5,23,228,111,117
050,08,107,"Colorado","Routt County",5,24,238,126,112
050,08,107,"Colorado","Routt County",5,25,247,140,107
050,08,107,"Colorado","Routt County",5,26,287,149,138
050,08,107,"Colorado","Routt County",5,27,319,163,156
050,08,107,"Colorado","Routt County",5,28,295,159,136
050,08,107,"Colorado","Routt County",5,29,339,172,167
050,08,107,"Colorado","Routt County",5,30,346,184,162
050,08,107,"Colorado","Routt County",5,31,320,162,158
050,08,107,"Colorado","Routt County",5,32,341,190,151
050,08,107,"Colorado","Routt County",5,33,373,212,161
050,08,107,"Colorado","Routt County",5,34,343,178,165
050,08,107,"Colorado","Routt County",5,35,375,202,173
050,08,107,"Colorado","Routt County",5,36,343,187,156
050,08,107,"Colorado","Routt County",5,37,384,200,184
050,08,107,"Colorado","Routt County",5,38,380,207,173
050,08,107,"Colorado","Routt County",5,39,372,207,165
050,08,107,"Colorado","Routt County",5,40,391,209,182
050,08,107,"Colorado","Routt County",5,41,407,208,199
050,08,107,"Colorado","Routt County",5,42,359,179,180
050,08,107,"Colorado","Routt County",5,43,376,184,192
050,08,107,"Colorado","Routt County",5,44,371,193,178
050,08,107,"Colorado","Routt County",5,45,381,215,166
050,08,107,"Colorado","Routt County",5,46,378,203,175
050,08,107,"Colorado","Routt County",5,47,320,177,143
050,08,107,"Colorado","Routt County",5,48,338,185,153
050,08,107,"Colorado","Routt County",5,49,360,190,170
050,08,107,"Colorado","Routt County",5,50,336,188,148
050,08,107,"Colorado","Routt County",5,51,332,175,157
050,08,107,"Colorado","Routt County",5,52,407,226,181
050,08,107,"Colorado","Routt County",5,53,405,203,202
050,08,107,"Colorado","Routt County",5,54,351,189,162
050,08,107,"Colorado","Routt County",5,55,362,197,165
050,08,107,"Colorado","Routt County",5,56,322,160,162
050,08,107,"Colorado","Routt County",5,57,301,165,136
050,08,107,"Colorado","Routt County",5,58,345,182,163
050,08,107,"Colorado","Routt County",5,59,352,176,176
050,08,107,"Colorado","Routt County",5,60,345,180,165
050,08,107,"Colorado","Routt County",5,61,323,144,179
050,08,107,"Colorado","Routt County",5,62,357,190,167
050,08,107,"Colorado","Routt County",5,63,406,197,209
050,08,107,"Colorado","Routt County",5,64,410,207,203
050,08,107,"Colorado","Routt County",5,65,392,201,191
050,08,107,"Colorado","Routt County",5,66,398,204,194
050,08,107,"Colorado","Routt County",5,67,343,190,153
050,08,107,"Colorado","Routt County",5,68,355,179,176
050,08,107,"Colorado","Routt County",5,69,358,185,173
050,08,107,"Colorado","Routt County",5,70,358,184,174
050,08,107,"Colorado","Routt County",5,71,325,188,137
050,08,107,"Colorado","Routt County",5,72,260,145,115
050,08,107,"Colorado","Routt County",5,73,247,125,122
050,08,107,"Colorado","Routt County",5,74,255,128,127
050,08,107,"Colorado","Routt County",5,75,249,128,121
050,08,107,"Colorado","Routt County",5,76,249,126,123
050,08,107,"Colorado","Routt County",5,77,153,80,73
050,08,107,"Colorado","Routt County",5,78,135,77,58
050,08,107,"Colorado","Routt County",5,79,115,64,51
050,08,107,"Colorado","Routt County",5,80,103,52,51
050,08,107,"Colorado","Routt County",5,81,86,46,40
050,08,107,"Colorado","Routt County",5,82,81,42,39
050,08,107,"Colorado","Routt County",5,83,73,35,38
050,08,107,"Colorado","Routt County",5,84,70,39,31
050,08,107,"Colorado","Routt County",5,85,347,144,203
050,08,109,"Colorado","Saguache County",1,0,49,25,24
050,08,109,"Colorado","Saguache County",1,1,49,28,21
050,08,109,"Colorado","Saguache County",1,2,56,34,22
050,08,109,"Colorado","Saguache County",1,3,62,31,31
050,08,109,"Colorado","Saguache County",1,4,83,38,45
050,08,109,"Colorado","Saguache County",1,5,72,34,38
050,08,109,"Colorado","Saguache County",1,6,66,26,40
050,08,109,"Colorado","Saguache County",1,7,60,27,33
050,08,109,"Colorado","Saguache County",1,8,61,31,30
050,08,109,"Colorado","Saguache County",1,9,65,36,29
050,08,109,"Colorado","Saguache County",1,10,59,31,28
050,08,109,"Colorado","Saguache County",1,11,83,38,45
050,08,109,"Colorado","Saguache County",1,12,94,50,44
050,08,109,"Colorado","Saguache County",1,13,92,47,45
050,08,109,"Colorado","Saguache County",1,14,90,57,33
050,08,109,"Colorado","Saguache County",1,15,80,48,32
050,08,109,"Colorado","Saguache County",1,16,87,47,40
050,08,109,"Colorado","Saguache County",1,17,93,40,53
050,08,109,"Colorado","Saguache County",1,18,67,34,33
050,08,109,"Colorado","Saguache County",1,19,58,29,29
050,08,109,"Colorado","Saguache County",1,20,55,30,25
050,08,109,"Colorado","Saguache County",1,21,56,26,30
050,08,109,"Colorado","Saguache County",1,22,50,24,26
050,08,109,"Colorado","Saguache County",1,23,43,21,22
050,08,109,"Colorado","Saguache County",1,24,45,22,23
050,08,109,"Colorado","Saguache County",1,25,48,26,22
050,08,109,"Colorado","Saguache County",1,26,44,23,21
050,08,109,"Colorado","Saguache County",1,27,62,39,23
050,08,109,"Colorado","Saguache County",1,28,50,21,29
050,08,109,"Colorado","Saguache County",1,29,44,17,27
050,08,109,"Colorado","Saguache County",1,30,42,19,23
050,08,109,"Colorado","Saguache County",1,31,65,34,31
050,08,109,"Colorado","Saguache County",1,32,54,29,25
050,08,109,"Colorado","Saguache County",1,33,57,28,29
050,08,109,"Colorado","Saguache County",1,34,70,32,38
050,08,109,"Colorado","Saguache County",1,35,66,23,43
050,08,109,"Colorado","Saguache County",1,36,58,34,24
050,08,109,"Colorado","Saguache County",1,37,77,47,30
050,08,109,"Colorado","Saguache County",1,38,75,38,37
050,08,109,"Colorado","Saguache County",1,39,68,40,28
050,08,109,"Colorado","Saguache County",1,40,63,19,44
050,08,109,"Colorado","Saguache County",1,41,68,26,42
050,08,109,"Colorado","Saguache County",1,42,82,37,45
050,08,109,"Colorado","Saguache County",1,43,56,24,32
050,08,109,"Colorado","Saguache County",1,44,66,30,36
050,08,109,"Colorado","Saguache County",1,45,93,43,50
050,08,109,"Colorado","Saguache County",1,46,99,50,49
050,08,109,"Colorado","Saguache County",1,47,66,30,36
050,08,109,"Colorado","Saguache County",1,48,74,40,34
050,08,109,"Colorado","Saguache County",1,49,63,36,27
050,08,109,"Colorado","Saguache County",1,50,56,28,28
050,08,109,"Colorado","Saguache County",1,51,68,39,29
050,08,109,"Colorado","Saguache County",1,52,74,35,39
050,08,109,"Colorado","Saguache County",1,53,77,33,44
050,08,109,"Colorado","Saguache County",1,54,84,47,37
050,08,109,"Colorado","Saguache County",1,55,108,54,54
050,08,109,"Colorado","Saguache County",1,56,100,39,61
050,08,109,"Colorado","Saguache County",1,57,106,41,65
050,08,109,"Colorado","Saguache County",1,58,121,52,69
050,08,109,"Colorado","Saguache County",1,59,106,43,63
050,08,109,"Colorado","Saguache County",1,60,104,46,58
050,08,109,"Colorado","Saguache County",1,61,116,55,61
050,08,109,"Colorado","Saguache County",1,62,133,65,68
050,08,109,"Colorado","Saguache County",1,63,124,63,61
050,08,109,"Colorado","Saguache County",1,64,114,62,52
050,08,109,"Colorado","Saguache County",1,65,135,73,62
050,08,109,"Colorado","Saguache County",1,66,154,78,76
050,08,109,"Colorado","Saguache County",1,67,143,70,73
050,08,109,"Colorado","Saguache County",1,68,129,69,60
050,08,109,"Colorado","Saguache County",1,69,99,54,45
050,08,109,"Colorado","Saguache County",1,70,99,55,44
050,08,109,"Colorado","Saguache County",1,71,96,52,44
050,08,109,"Colorado","Saguache County",1,72,102,58,44
050,08,109,"Colorado","Saguache County",1,73,111,65,46
050,08,109,"Colorado","Saguache County",1,74,58,30,28
050,08,109,"Colorado","Saguache County",1,75,62,34,28
050,08,109,"Colorado","Saguache County",1,76,48,29,19
050,08,109,"Colorado","Saguache County",1,77,48,27,21
050,08,109,"Colorado","Saguache County",1,78,47,23,24
050,08,109,"Colorado","Saguache County",1,79,49,22,27
050,08,109,"Colorado","Saguache County",1,80,32,12,20
050,08,109,"Colorado","Saguache County",1,81,31,14,17
050,08,109,"Colorado","Saguache County",1,82,27,15,12
050,08,109,"Colorado","Saguache County",1,83,18,6,12
050,08,109,"Colorado","Saguache County",1,84,17,9,8
050,08,109,"Colorado","Saguache County",1,85,87,38,49
050,08,109,"Colorado","Saguache County",2,0,48,23,25
050,08,109,"Colorado","Saguache County",2,1,48,27,21
050,08,109,"Colorado","Saguache County",2,2,55,34,21
050,08,109,"Colorado","Saguache County",2,3,61,32,29
050,08,109,"Colorado","Saguache County",2,4,77,36,41
050,08,109,"Colorado","Saguache County",2,5,73,35,38
050,08,109,"Colorado","Saguache County",2,6,67,27,40
050,08,109,"Colorado","Saguache County",2,7,61,26,35
050,08,109,"Colorado","Saguache County",2,8,59,30,29
050,08,109,"Colorado","Saguache County",2,9,59,32,27
050,08,109,"Colorado","Saguache County",2,10,61,34,27
050,08,109,"Colorado","Saguache County",2,11,79,37,42
050,08,109,"Colorado","Saguache County",2,12,92,47,45
050,08,109,"Colorado","Saguache County",2,13,93,48,45
050,08,109,"Colorado","Saguache County",2,14,90,54,36
050,08,109,"Colorado","Saguache County",2,15,81,50,31
050,08,109,"Colorado","Saguache County",2,16,86,48,38
050,08,109,"Colorado","Saguache County",2,17,88,41,47
050,08,109,"Colorado","Saguache County",2,18,69,34,35
050,08,109,"Colorado","Saguache County",2,19,57,30,27
050,08,109,"Colorado","Saguache County",2,20,56,30,26
050,08,109,"Colorado","Saguache County",2,21,56,27,29
050,08,109,"Colorado","Saguache County",2,22,52,25,27
050,08,109,"Colorado","Saguache County",2,23,46,22,24
050,08,109,"Colorado","Saguache County",2,24,46,22,24
050,08,109,"Colorado","Saguache County",2,25,46,25,21
050,08,109,"Colorado","Saguache County",2,26,48,26,22
050,08,109,"Colorado","Saguache County",2,27,58,34,24
050,08,109,"Colorado","Saguache County",2,28,54,26,28
050,08,109,"Colorado","Saguache County",2,29,47,19,28
050,08,109,"Colorado","Saguache County",2,30,44,20,24
050,08,109,"Colorado","Saguache County",2,31,60,32,28
050,08,109,"Colorado","Saguache County",2,32,56,29,27
050,08,109,"Colorado","Saguache County",2,33,59,30,29
050,08,109,"Colorado","Saguache County",2,34,68,31,37
050,08,109,"Colorado","Saguache County",2,35,69,26,43
050,08,109,"Colorado","Saguache County",2,36,61,32,29
050,08,109,"Colorado","Saguache County",2,37,73,45,28
050,08,109,"Colorado","Saguache County",2,38,77,41,36
050,08,109,"Colorado","Saguache County",2,39,70,40,30
050,08,109,"Colorado","Saguache County",2,40,65,24,41
050,08,109,"Colorado","Saguache County",2,41,69,25,44
050,08,109,"Colorado","Saguache County",2,42,77,33,44
050,08,109,"Colorado","Saguache County",2,43,62,26,36
050,08,109,"Colorado","Saguache County",2,44,64,30,34
050,08,109,"Colorado","Saguache County",2,45,86,40,46
050,08,109,"Colorado","Saguache County",2,46,99,49,50
050,08,109,"Colorado","Saguache County",2,47,76,34,42
050,08,109,"Colorado","Saguache County",2,48,73,38,35
050,08,109,"Colorado","Saguache County",2,49,67,38,29
050,08,109,"Colorado","Saguache County",2,50,58,30,28
050,08,109,"Colorado","Saguache County",2,51,65,35,30
050,08,109,"Colorado","Saguache County",2,52,72,35,37
050,08,109,"Colorado","Saguache County",2,53,75,34,41
050,08,109,"Colorado","Saguache County",2,54,84,45,39
050,08,109,"Colorado","Saguache County",2,55,104,53,51
050,08,109,"Colorado","Saguache County",2,56,104,43,61
050,08,109,"Colorado","Saguache County",2,57,106,41,65
050,08,109,"Colorado","Saguache County",2,58,119,51,68
050,08,109,"Colorado","Saguache County",2,59,109,43,66
050,08,109,"Colorado","Saguache County",2,60,106,46,60
050,08,109,"Colorado","Saguache County",2,61,117,54,63
050,08,109,"Colorado","Saguache County",2,62,128,62,66
050,08,109,"Colorado","Saguache County",2,63,129,65,64
050,08,109,"Colorado","Saguache County",2,64,118,63,55
050,08,109,"Colorado","Saguache County",2,65,130,70,60
050,08,109,"Colorado","Saguache County",2,66,150,78,72
050,08,109,"Colorado","Saguache County",2,67,146,73,73
050,08,109,"Colorado","Saguache County",2,68,131,69,62
050,08,109,"Colorado","Saguache County",2,69,106,58,48
050,08,109,"Colorado","Saguache County",2,70,97,53,44
050,08,109,"Colorado","Saguache County",2,71,97,53,44
050,08,109,"Colorado","Saguache County",2,72,99,56,43
050,08,109,"Colorado","Saguache County",2,73,114,67,47
050,08,109,"Colorado","Saguache County",2,74,67,37,30
050,08,109,"Colorado","Saguache County",2,75,60,33,27
050,08,109,"Colorado","Saguache County",2,76,51,30,21
050,08,109,"Colorado","Saguache County",2,77,50,28,22
050,08,109,"Colorado","Saguache County",2,78,45,23,22
050,08,109,"Colorado","Saguache County",2,79,49,22,27
050,08,109,"Colorado","Saguache County",2,80,37,15,22
050,08,109,"Colorado","Saguache County",2,81,30,13,17
050,08,109,"Colorado","Saguache County",2,82,28,15,13
050,08,109,"Colorado","Saguache County",2,83,18,7,11
050,08,109,"Colorado","Saguache County",2,84,17,9,8
050,08,109,"Colorado","Saguache County",2,85,85,37,48
050,08,109,"Colorado","Saguache County",3,0,64,33,31
050,08,109,"Colorado","Saguache County",3,1,52,22,30
050,08,109,"Colorado","Saguache County",3,2,51,27,24
050,08,109,"Colorado","Saguache County",3,3,62,38,24
050,08,109,"Colorado","Saguache County",3,4,58,25,33
050,08,109,"Colorado","Saguache County",3,5,78,37,41
050,08,109,"Colorado","Saguache County",3,6,67,32,35
050,08,109,"Colorado","Saguache County",3,7,65,28,37
050,08,109,"Colorado","Saguache County",3,8,63,27,36
050,08,109,"Colorado","Saguache County",3,9,57,31,26
050,08,109,"Colorado","Saguache County",3,10,60,34,26
050,08,109,"Colorado","Saguache County",3,11,61,32,29
050,08,109,"Colorado","Saguache County",3,12,80,38,42
050,08,109,"Colorado","Saguache County",3,13,93,48,45
050,08,109,"Colorado","Saguache County",3,14,86,42,44
050,08,109,"Colorado","Saguache County",3,15,96,57,39
050,08,109,"Colorado","Saguache County",3,16,84,55,29
050,08,109,"Colorado","Saguache County",3,17,92,50,42
050,08,109,"Colorado","Saguache County",3,18,73,37,36
050,08,109,"Colorado","Saguache County",3,19,64,32,32
050,08,109,"Colorado","Saguache County",3,20,58,32,26
050,08,109,"Colorado","Saguache County",3,21,54,29,25
050,08,109,"Colorado","Saguache County",3,22,61,28,33
050,08,109,"Colorado","Saguache County",3,23,53,27,26
050,08,109,"Colorado","Saguache County",3,24,45,23,22
050,08,109,"Colorado","Saguache County",3,25,49,26,23
050,08,109,"Colorado","Saguache County",3,26,53,28,25
050,08,109,"Colorado","Saguache County",3,27,56,31,25
050,08,109,"Colorado","Saguache County",3,28,55,34,21
050,08,109,"Colorado","Saguache County",3,29,73,34,39
050,08,109,"Colorado","Saguache County",3,30,49,21,28
050,08,109,"Colorado","Saguache County",3,31,44,24,20
050,08,109,"Colorado","Saguache County",3,32,55,29,26
050,08,109,"Colorado","Saguache County",3,33,51,26,25
050,08,109,"Colorado","Saguache County",3,34,66,32,34
050,08,109,"Colorado","Saguache County",3,35,79,39,40
050,08,109,"Colorado","Saguache County",3,36,66,24,42
050,08,109,"Colorado","Saguache County",3,37,66,34,32
050,08,109,"Colorado","Saguache County",3,38,81,48,33
050,08,109,"Colorado","Saguache County",3,39,75,42,33
050,08,109,"Colorado","Saguache County",3,40,65,39,26
050,08,109,"Colorado","Saguache County",3,41,70,27,43
050,08,109,"Colorado","Saguache County",3,42,77,26,51
050,08,109,"Colorado","Saguache County",3,43,76,30,46
050,08,109,"Colorado","Saguache County",3,44,64,24,40
050,08,109,"Colorado","Saguache County",3,45,59,31,28
050,08,109,"Colorado","Saguache County",3,46,84,39,45
050,08,109,"Colorado","Saguache County",3,47,98,51,47
050,08,109,"Colorado","Saguache County",3,48,80,36,44
050,08,109,"Colorado","Saguache County",3,49,76,41,35
050,08,109,"Colorado","Saguache County",3,50,73,43,30
050,08,109,"Colorado","Saguache County",3,51,59,28,31
050,08,109,"Colorado","Saguache County",3,52,57,33,24
050,08,109,"Colorado","Saguache County",3,53,74,32,42
050,08,109,"Colorado","Saguache County",3,54,82,37,45
050,08,109,"Colorado","Saguache County",3,55,83,42,41
050,08,109,"Colorado","Saguache County",3,56,106,50,56
050,08,109,"Colorado","Saguache County",3,57,107,43,64
050,08,109,"Colorado","Saguache County",3,58,115,45,70
050,08,109,"Colorado","Saguache County",3,59,129,53,76
050,08,109,"Colorado","Saguache County",3,60,112,45,67
050,08,109,"Colorado","Saguache County",3,61,107,42,65
050,08,109,"Colorado","Saguache County",3,62,123,60,63
050,08,109,"Colorado","Saguache County",3,63,137,69,68
050,08,109,"Colorado","Saguache County",3,64,131,67,64
050,08,109,"Colorado","Saguache County",3,65,126,66,60
050,08,109,"Colorado","Saguache County",3,66,125,65,60
050,08,109,"Colorado","Saguache County",3,67,138,76,62
050,08,109,"Colorado","Saguache County",3,68,142,71,71
050,08,109,"Colorado","Saguache County",3,69,129,70,59
050,08,109,"Colorado","Saguache County",3,70,102,58,44
050,08,109,"Colorado","Saguache County",3,71,99,54,45
050,08,109,"Colorado","Saguache County",3,72,96,53,43
050,08,109,"Colorado","Saguache County",3,73,96,53,43
050,08,109,"Colorado","Saguache County",3,74,115,68,47
050,08,109,"Colorado","Saguache County",3,75,66,38,28
050,08,109,"Colorado","Saguache County",3,76,59,31,28
050,08,109,"Colorado","Saguache County",3,77,49,30,19
050,08,109,"Colorado","Saguache County",3,78,50,27,23
050,08,109,"Colorado","Saguache County",3,79,43,22,21
050,08,109,"Colorado","Saguache County",3,80,47,20,27
050,08,109,"Colorado","Saguache County",3,81,36,15,21
050,08,109,"Colorado","Saguache County",3,82,30,13,17
050,08,109,"Colorado","Saguache County",3,83,26,14,12
050,08,109,"Colorado","Saguache County",3,84,17,7,10
050,08,109,"Colorado","Saguache County",3,85,81,38,43
050,08,109,"Colorado","Saguache County",4,0,59,20,39
050,08,109,"Colorado","Saguache County",4,1,58,33,25
050,08,109,"Colorado","Saguache County",4,2,52,22,30
050,08,109,"Colorado","Saguache County",4,3,50,28,22
050,08,109,"Colorado","Saguache County",4,4,57,34,23
050,08,109,"Colorado","Saguache County",4,5,55,22,33
050,08,109,"Colorado","Saguache County",4,6,78,35,43
050,08,109,"Colorado","Saguache County",4,7,69,36,33
050,08,109,"Colorado","Saguache County",4,8,77,32,45
050,08,109,"Colorado","Saguache County",4,9,69,32,37
050,08,109,"Colorado","Saguache County",4,10,58,33,25
050,08,109,"Colorado","Saguache County",4,11,65,36,29
050,08,109,"Colorado","Saguache County",4,12,61,34,27
050,08,109,"Colorado","Saguache County",4,13,89,45,44
050,08,109,"Colorado","Saguache County",4,14,102,55,47
050,08,109,"Colorado","Saguache County",4,15,87,41,46
050,08,109,"Colorado","Saguache County",4,16,100,62,38
050,08,109,"Colorado","Saguache County",4,17,74,48,26
050,08,109,"Colorado","Saguache County",4,18,77,43,34
050,08,109,"Colorado","Saguache County",4,19,58,32,26
050,08,109,"Colorado","Saguache County",4,20,56,25,31
050,08,109,"Colorado","Saguache County",4,21,52,30,22
050,08,109,"Colorado","Saguache County",4,22,51,28,23
050,08,109,"Colorado","Saguache County",4,23,60,31,29
050,08,109,"Colorado","Saguache County",4,24,55,31,24
050,08,109,"Colorado","Saguache County",4,25,42,22,20
050,08,109,"Colorado","Saguache County",4,26,40,17,23
050,08,109,"Colorado","Saguache County",4,27,56,29,27
050,08,109,"Colorado","Saguache County",4,28,61,35,26
050,08,109,"Colorado","Saguache County",4,29,57,31,26
050,08,109,"Colorado","Saguache County",4,30,85,46,39
050,08,109,"Colorado","Saguache County",4,31,51,21,30
050,08,109,"Colorado","Saguache County",4,32,57,31,26
050,08,109,"Colorado","Saguache County",4,33,65,33,32
050,08,109,"Colorado","Saguache County",4,34,51,27,24
050,08,109,"Colorado","Saguache County",4,35,69,30,39
050,08,109,"Colorado","Saguache County",4,36,86,42,44
050,08,109,"Colorado","Saguache County",4,37,70,26,44
050,08,109,"Colorado","Saguache County",4,38,73,42,31
050,08,109,"Colorado","Saguache County",4,39,88,56,32
050,08,109,"Colorado","Saguache County",4,40,88,52,36
050,08,109,"Colorado","Saguache County",4,41,68,37,31
050,08,109,"Colorado","Saguache County",4,42,73,31,42
050,08,109,"Colorado","Saguache County",4,43,85,30,55
050,08,109,"Colorado","Saguache County",4,44,81,32,49
050,08,109,"Colorado","Saguache County",4,45,55,26,29
050,08,109,"Colorado","Saguache County",4,46,67,38,29
050,08,109,"Colorado","Saguache County",4,47,80,36,44
050,08,109,"Colorado","Saguache County",4,48,96,54,42
050,08,109,"Colorado","Saguache County",4,49,87,41,46
050,08,109,"Colorado","Saguache County",4,50,77,40,37
050,08,109,"Colorado","Saguache County",4,51,77,43,34
050,08,109,"Colorado","Saguache County",4,52,59,25,34
050,08,109,"Colorado","Saguache County",4,53,59,35,24
050,08,109,"Colorado","Saguache County",4,54,77,33,44
050,08,109,"Colorado","Saguache County",4,55,79,32,47
050,08,109,"Colorado","Saguache County",4,56,93,45,48
050,08,109,"Colorado","Saguache County",4,57,106,47,59
050,08,109,"Colorado","Saguache County",4,58,111,46,65
050,08,109,"Colorado","Saguache County",4,59,116,52,64
050,08,109,"Colorado","Saguache County",4,60,130,57,73
050,08,109,"Colorado","Saguache County",4,61,119,47,72
050,08,109,"Colorado","Saguache County",4,62,117,48,69
050,08,109,"Colorado","Saguache County",4,63,129,60,69
050,08,109,"Colorado","Saguache County",4,64,130,71,59
050,08,109,"Colorado","Saguache County",4,65,130,68,62
050,08,109,"Colorado","Saguache County",4,66,122,62,60
050,08,109,"Colorado","Saguache County",4,67,121,61,60
050,08,109,"Colorado","Saguache County",4,68,140,78,62
050,08,109,"Colorado","Saguache County",4,69,122,67,55
050,08,109,"Colorado","Saguache County",4,70,132,70,62
050,08,109,"Colorado","Saguache County",4,71,105,62,43
050,08,109,"Colorado","Saguache County",4,72,102,55,47
050,08,109,"Colorado","Saguache County",4,73,98,52,46
050,08,109,"Colorado","Saguache County",4,74,93,57,36
050,08,109,"Colorado","Saguache County",4,75,110,62,48
050,08,109,"Colorado","Saguache County",4,76,64,35,29
050,08,109,"Colorado","Saguache County",4,77,59,32,27
050,08,109,"Colorado","Saguache County",4,78,48,26,22
050,08,109,"Colorado","Saguache County",4,79,49,28,21
050,08,109,"Colorado","Saguache County",4,80,43,22,21
050,08,109,"Colorado","Saguache County",4,81,46,20,26
050,08,109,"Colorado","Saguache County",4,82,29,13,16
050,08,109,"Colorado","Saguache County",4,83,25,9,16
050,08,109,"Colorado","Saguache County",4,84,26,14,12
050,08,109,"Colorado","Saguache County",4,85,84,37,47
050,08,109,"Colorado","Saguache County",5,0,61,20,41
050,08,109,"Colorado","Saguache County",5,1,72,30,42
050,08,109,"Colorado","Saguache County",5,2,66,36,30
050,08,109,"Colorado","Saguache County",5,3,53,22,31
050,08,109,"Colorado","Saguache County",5,4,63,34,29
050,08,109,"Colorado","Saguache County",5,5,51,35,16
050,08,109,"Colorado","Saguache County",5,6,63,27,36
050,08,109,"Colorado","Saguache County",5,7,68,30,38
050,08,109,"Colorado","Saguache County",5,8,69,36,33
050,08,109,"Colorado","Saguache County",5,9,81,36,45
050,08,109,"Colorado","Saguache County",5,10,63,31,32
050,08,109,"Colorado","Saguache County",5,11,62,37,25
050,08,109,"Colorado","Saguache County",5,12,64,35,29
050,08,109,"Colorado","Saguache County",5,13,56,30,26
050,08,109,"Colorado","Saguache County",5,14,82,40,42
050,08,109,"Colorado","Saguache County",5,15,106,54,52
050,08,109,"Colorado","Saguache County",5,16,88,39,49
050,08,109,"Colorado","Saguache County",5,17,104,63,41
050,08,109,"Colorado","Saguache County",5,18,69,47,22
050,08,109,"Colorado","Saguache County",5,19,64,33,31
050,08,109,"Colorado","Saguache County",5,20,70,38,32
050,08,109,"Colorado","Saguache County",5,21,49,25,24
050,08,109,"Colorado","Saguache County",5,22,51,24,27
050,08,109,"Colorado","Saguache County",5,23,56,34,22
050,08,109,"Colorado","Saguache County",5,24,50,25,25
050,08,109,"Colorado","Saguache County",5,25,57,31,26
050,08,109,"Colorado","Saguache County",5,26,41,22,19
050,08,109,"Colorado","Saguache County",5,27,49,21,28
050,08,109,"Colorado","Saguache County",5,28,44,23,21
050,08,109,"Colorado","Saguache County",5,29,59,34,25
050,08,109,"Colorado","Saguache County",5,30,56,30,26
050,08,109,"Colorado","Saguache County",5,31,75,40,35
050,08,109,"Colorado","Saguache County",5,32,56,24,32
050,08,109,"Colorado","Saguache County",5,33,66,37,29
050,08,109,"Colorado","Saguache County",5,34,64,30,34
050,08,109,"Colorado","Saguache County",5,35,62,34,28
050,08,109,"Colorado","Saguache County",5,36,67,28,39
050,08,109,"Colorado","Saguache County",5,37,92,40,52
050,08,109,"Colorado","Saguache County",5,38,72,27,45
050,08,109,"Colorado","Saguache County",5,39,79,48,31
050,08,109,"Colorado","Saguache County",5,40,92,59,33
050,08,109,"Colorado","Saguache County",5,41,86,44,42
050,08,109,"Colorado","Saguache County",5,42,71,38,33
050,08,109,"Colorado","Saguache County",5,43,72,30,42
050,08,109,"Colorado","Saguache County",5,44,96,38,58
050,08,109,"Colorado","Saguache County",5,45,76,31,45
050,08,109,"Colorado","Saguache County",5,46,56,27,29
050,08,109,"Colorado","Saguache County",5,47,64,36,28
050,08,109,"Colorado","Saguache County",5,48,85,36,49
050,08,109,"Colorado","Saguache County",5,49,93,52,41
050,08,109,"Colorado","Saguache County",5,50,87,38,49
050,08,109,"Colorado","Saguache County",5,51,79,40,39
050,08,109,"Colorado","Saguache County",5,52,82,48,34
050,08,109,"Colorado","Saguache County",5,53,63,27,36
050,08,109,"Colorado","Saguache County",5,54,68,39,29
050,08,109,"Colorado","Saguache County",5,55,84,38,46
050,08,109,"Colorado","Saguache County",5,56,82,34,48
050,08,109,"Colorado","Saguache County",5,57,97,48,49
050,08,109,"Colorado","Saguache County",5,58,91,44,47
050,08,109,"Colorado","Saguache County",5,59,110,45,65
050,08,109,"Colorado","Saguache County",5,60,111,46,65
050,08,109,"Colorado","Saguache County",5,61,125,55,70
050,08,109,"Colorado","Saguache County",5,62,121,51,70
050,08,109,"Colorado","Saguache County",5,63,114,49,65
050,08,109,"Colorado","Saguache County",5,64,132,57,75
050,08,109,"Colorado","Saguache County",5,65,125,68,57
050,08,109,"Colorado","Saguache County",5,66,130,69,61
050,08,109,"Colorado","Saguache County",5,67,120,60,60
050,08,109,"Colorado","Saguache County",5,68,114,56,58
050,08,109,"Colorado","Saguache County",5,69,138,79,59
050,08,109,"Colorado","Saguache County",5,70,121,66,55
050,08,109,"Colorado","Saguache County",5,71,131,72,59
050,08,109,"Colorado","Saguache County",5,72,112,63,49
050,08,109,"Colorado","Saguache County",5,73,107,59,48
050,08,109,"Colorado","Saguache County",5,74,99,52,47
050,08,109,"Colorado","Saguache County",5,75,94,55,39
050,08,109,"Colorado","Saguache County",5,76,108,58,50
050,08,109,"Colorado","Saguache County",5,77,59,34,25
050,08,109,"Colorado","Saguache County",5,78,60,32,28
050,08,109,"Colorado","Saguache County",5,79,40,26,14
050,08,109,"Colorado","Saguache County",5,80,48,27,21
050,08,109,"Colorado","Saguache County",5,81,42,22,20
050,08,109,"Colorado","Saguache County",5,82,43,19,24
050,08,109,"Colorado","Saguache County",5,83,23,9,14
050,08,109,"Colorado","Saguache County",5,84,22,9,13
050,08,109,"Colorado","Saguache County",5,85,95,42,53
050,08,111,"Colorado","San Juan County",1,0,2,1,1
050,08,111,"Colorado","San Juan County",1,1,4,2,2
050,08,111,"Colorado","San Juan County",1,2,3,1,2
050,08,111,"Colorado","San Juan County",1,3,5,2,3
050,08,111,"Colorado","San Juan County",1,4,6,1,5
050,08,111,"Colorado","San Juan County",1,5,9,3,6
050,08,111,"Colorado","San Juan County",1,6,3,2,1
050,08,111,"Colorado","San Juan County",1,7,5,4,1
050,08,111,"Colorado","San Juan County",1,8,6,4,2
050,08,111,"Colorado","San Juan County",1,9,4,3,1
050,08,111,"Colorado","San Juan County",1,10,6,4,2
050,08,111,"Colorado","San Juan County",1,11,5,1,4
050,08,111,"Colorado","San Juan County",1,12,5,2,3
050,08,111,"Colorado","San Juan County",1,13,5,3,2
050,08,111,"Colorado","San Juan County",1,14,5,5,0
050,08,111,"Colorado","San Juan County",1,15,4,2,2
050,08,111,"Colorado","San Juan County",1,16,9,5,4
050,08,111,"Colorado","San Juan County",1,17,4,2,2
050,08,111,"Colorado","San Juan County",1,18,5,4,1
050,08,111,"Colorado","San Juan County",1,19,3,1,2
050,08,111,"Colorado","San Juan County",1,20,4,3,1
050,08,111,"Colorado","San Juan County",1,21,6,5,1
050,08,111,"Colorado","San Juan County",1,22,4,2,2
050,08,111,"Colorado","San Juan County",1,23,4,3,1
050,08,111,"Colorado","San Juan County",1,24,7,4,3
050,08,111,"Colorado","San Juan County",1,25,9,5,4
050,08,111,"Colorado","San Juan County",1,26,5,3,2
050,08,111,"Colorado","San Juan County",1,27,8,4,4
050,08,111,"Colorado","San Juan County",1,28,8,4,4
050,08,111,"Colorado","San Juan County",1,29,6,2,4
050,08,111,"Colorado","San Juan County",1,30,7,3,4
050,08,111,"Colorado","San Juan County",1,31,10,4,6
050,08,111,"Colorado","San Juan County",1,32,6,4,2
050,08,111,"Colorado","San Juan County",1,33,11,3,8
050,08,111,"Colorado","San Juan County",1,34,13,7,6
050,08,111,"Colorado","San Juan County",1,35,8,3,5
050,08,111,"Colorado","San Juan County",1,36,11,7,4
050,08,111,"Colorado","San Juan County",1,37,6,4,2
050,08,111,"Colorado","San Juan County",1,38,9,5,4
050,08,111,"Colorado","San Juan County",1,39,17,11,6
050,08,111,"Colorado","San Juan County",1,40,11,5,6
050,08,111,"Colorado","San Juan County",1,41,10,6,4
050,08,111,"Colorado","San Juan County",1,42,12,7,5
050,08,111,"Colorado","San Juan County",1,43,12,6,6
050,08,111,"Colorado","San Juan County",1,44,8,5,3
050,08,111,"Colorado","San Juan County",1,45,10,4,6
050,08,111,"Colorado","San Juan County",1,46,10,3,7
050,08,111,"Colorado","San Juan County",1,47,9,3,6
050,08,111,"Colorado","San Juan County",1,48,12,10,2
050,08,111,"Colorado","San Juan County",1,49,11,8,3
050,08,111,"Colorado","San Juan County",1,50,7,4,3
050,08,111,"Colorado","San Juan County",1,51,7,3,4
050,08,111,"Colorado","San Juan County",1,52,7,5,2
050,08,111,"Colorado","San Juan County",1,53,9,7,2
050,08,111,"Colorado","San Juan County",1,54,9,6,3
050,08,111,"Colorado","San Juan County",1,55,10,6,4
050,08,111,"Colorado","San Juan County",1,56,15,11,4
050,08,111,"Colorado","San Juan County",1,57,8,6,2
050,08,111,"Colorado","San Juan County",1,58,10,4,6
050,08,111,"Colorado","San Juan County",1,59,12,9,3
050,08,111,"Colorado","San Juan County",1,60,15,11,4
050,08,111,"Colorado","San Juan County",1,61,12,8,4
050,08,111,"Colorado","San Juan County",1,62,15,11,4
050,08,111,"Colorado","San Juan County",1,63,17,11,6
050,08,111,"Colorado","San Juan County",1,64,16,7,9
050,08,111,"Colorado","San Juan County",1,65,16,8,8
050,08,111,"Colorado","San Juan County",1,66,12,5,7
050,08,111,"Colorado","San Juan County",1,67,10,5,5
050,08,111,"Colorado","San Juan County",1,68,13,8,5
050,08,111,"Colorado","San Juan County",1,69,9,6,3
050,08,111,"Colorado","San Juan County",1,70,8,4,4
050,08,111,"Colorado","San Juan County",1,71,10,4,6
050,08,111,"Colorado","San Juan County",1,72,11,4,7
050,08,111,"Colorado","San Juan County",1,73,20,12,8
050,08,111,"Colorado","San Juan County",1,74,5,3,2
050,08,111,"Colorado","San Juan County",1,75,6,4,2
050,08,111,"Colorado","San Juan County",1,76,6,3,3
050,08,111,"Colorado","San Juan County",1,77,7,5,2
050,08,111,"Colorado","San Juan County",1,78,5,3,2
050,08,111,"Colorado","San Juan County",1,79,5,3,2
050,08,111,"Colorado","San Juan County",1,80,2,1,1
050,08,111,"Colorado","San Juan County",1,81,4,2,2
050,08,111,"Colorado","San Juan County",1,82,2,1,1
050,08,111,"Colorado","San Juan County",1,83,2,2,0
050,08,111,"Colorado","San Juan County",1,84,3,2,1
050,08,111,"Colorado","San Juan County",1,85,17,7,10
050,08,111,"Colorado","San Juan County",2,0,3,1,2
050,08,111,"Colorado","San Juan County",2,1,4,2,2
050,08,111,"Colorado","San Juan County",2,2,3,1,2
050,08,111,"Colorado","San Juan County",2,3,5,2,3
050,08,111,"Colorado","San Juan County",2,4,6,1,5
050,08,111,"Colorado","San Juan County",2,5,9,3,6
050,08,111,"Colorado","San Juan County",2,6,5,3,2
050,08,111,"Colorado","San Juan County",2,7,5,4,1
050,08,111,"Colorado","San Juan County",2,8,5,4,1
050,08,111,"Colorado","San Juan County",2,9,4,3,1
050,08,111,"Colorado","San Juan County",2,10,5,3,2
050,08,111,"Colorado","San Juan County",2,11,4,1,3
050,08,111,"Colorado","San Juan County",2,12,6,2,4
050,08,111,"Colorado","San Juan County",2,13,5,3,2
050,08,111,"Colorado","San Juan County",2,14,5,5,0
050,08,111,"Colorado","San Juan County",2,15,4,3,1
050,08,111,"Colorado","San Juan County",2,16,9,5,4
050,08,111,"Colorado","San Juan County",2,17,4,2,2
050,08,111,"Colorado","San Juan County",2,18,4,3,1
050,08,111,"Colorado","San Juan County",2,19,4,2,2
050,08,111,"Colorado","San Juan County",2,20,4,3,1
050,08,111,"Colorado","San Juan County",2,21,4,3,1
050,08,111,"Colorado","San Juan County",2,22,4,2,2
050,08,111,"Colorado","San Juan County",2,23,4,3,1
050,08,111,"Colorado","San Juan County",2,24,7,4,3
050,08,111,"Colorado","San Juan County",2,25,9,5,4
050,08,111,"Colorado","San Juan County",2,26,7,4,3
050,08,111,"Colorado","San Juan County",2,27,9,5,4
050,08,111,"Colorado","San Juan County",2,28,8,3,5
050,08,111,"Colorado","San Juan County",2,29,7,3,4
050,08,111,"Colorado","San Juan County",2,30,7,3,4
050,08,111,"Colorado","San Juan County",2,31,9,3,6
050,08,111,"Colorado","San Juan County",2,32,8,4,4
050,08,111,"Colorado","San Juan County",2,33,10,3,7
050,08,111,"Colorado","San Juan County",2,34,13,6,7
050,08,111,"Colorado","San Juan County",2,35,10,4,6
050,08,111,"Colorado","San Juan County",2,36,10,6,4
050,08,111,"Colorado","San Juan County",2,37,7,5,2
050,08,111,"Colorado","San Juan County",2,38,9,5,4
050,08,111,"Colorado","San Juan County",2,39,15,9,6
050,08,111,"Colorado","San Juan County",2,40,13,7,6
050,08,111,"Colorado","San Juan County",2,41,10,6,4
050,08,111,"Colorado","San Juan County",2,42,12,7,5
050,08,111,"Colorado","San Juan County",2,43,12,6,6
050,08,111,"Colorado","San Juan County",2,44,9,5,4
050,08,111,"Colorado","San Juan County",2,45,10,4,6
050,08,111,"Colorado","San Juan County",2,46,10,4,6
050,08,111,"Colorado","San Juan County",2,47,8,3,5
050,08,111,"Colorado","San Juan County",2,48,11,8,3
050,08,111,"Colorado","San Juan County",2,49,12,9,3
050,08,111,"Colorado","San Juan County",2,50,9,6,3
050,08,111,"Colorado","San Juan County",2,51,7,3,4
050,08,111,"Colorado","San Juan County",2,52,6,4,2
050,08,111,"Colorado","San Juan County",2,53,9,7,2
050,08,111,"Colorado","San Juan County",2,54,9,6,3
050,08,111,"Colorado","San Juan County",2,55,10,6,4
050,08,111,"Colorado","San Juan County",2,56,13,9,4
050,08,111,"Colorado","San Juan County",2,57,9,7,2
050,08,111,"Colorado","San Juan County",2,58,10,4,6
050,08,111,"Colorado","San Juan County",2,59,12,8,4
050,08,111,"Colorado","San Juan County",2,60,14,10,4
050,08,111,"Colorado","San Juan County",2,61,13,9,4
050,08,111,"Colorado","San Juan County",2,62,15,11,4
050,08,111,"Colorado","San Juan County",2,63,17,11,6
050,08,111,"Colorado","San Juan County",2,64,16,8,8
050,08,111,"Colorado","San Juan County",2,65,16,8,8
050,08,111,"Colorado","San Juan County",2,66,12,5,7
050,08,111,"Colorado","San Juan County",2,67,10,5,5
050,08,111,"Colorado","San Juan County",2,68,12,7,5
050,08,111,"Colorado","San Juan County",2,69,10,7,3
050,08,111,"Colorado","San Juan County",2,70,9,5,4
050,08,111,"Colorado","San Juan County",2,71,9,4,5
050,08,111,"Colorado","San Juan County",2,72,11,4,7
050,08,111,"Colorado","San Juan County",2,73,18,10,8
050,08,111,"Colorado","San Juan County",2,74,8,5,3
050,08,111,"Colorado","San Juan County",2,75,6,4,2
050,08,111,"Colorado","San Juan County",2,76,6,3,3
050,08,111,"Colorado","San Juan County",2,77,7,5,2
050,08,111,"Colorado","San Juan County",2,78,5,3,2
050,08,111,"Colorado","San Juan County",2,79,5,3,2
050,08,111,"Colorado","San Juan County",2,80,3,2,1
050,08,111,"Colorado","San Juan County",2,81,4,2,2
050,08,111,"Colorado","San Juan County",2,82,2,1,1
050,08,111,"Colorado","San Juan County",2,83,2,2,0
050,08,111,"Colorado","San Juan County",2,84,3,2,1
050,08,111,"Colorado","San Juan County",2,85,17,7,10
050,08,111,"Colorado","San Juan County",3,0,5,3,2
050,08,111,"Colorado","San Juan County",3,1,3,1,2
050,08,111,"Colorado","San Juan County",3,2,2,0,2
050,08,111,"Colorado","San Juan County",3,3,4,2,2
050,08,111,"Colorado","San Juan County",3,4,3,1,2
050,08,111,"Colorado","San Juan County",3,5,9,4,5
050,08,111,"Colorado","San Juan County",3,6,11,4,7
050,08,111,"Colorado","San Juan County",3,7,5,3,2
050,08,111,"Colorado","San Juan County",3,8,4,3,1
050,08,111,"Colorado","San Juan County",3,9,7,5,2
050,08,111,"Colorado","San Juan County",3,10,4,3,1
050,08,111,"Colorado","San Juan County",3,11,5,3,2
050,08,111,"Colorado","San Juan County",3,12,4,1,3
050,08,111,"Colorado","San Juan County",3,13,6,2,4
050,08,111,"Colorado","San Juan County",3,14,4,3,1
050,08,111,"Colorado","San Juan County",3,15,5,5,0
050,08,111,"Colorado","San Juan County",3,16,5,4,1
050,08,111,"Colorado","San Juan County",3,17,9,5,4
050,08,111,"Colorado","San Juan County",3,18,3,2,1
050,08,111,"Colorado","San Juan County",3,19,4,2,2
050,08,111,"Colorado","San Juan County",3,20,4,2,2
050,08,111,"Colorado","San Juan County",3,21,4,3,1
050,08,111,"Colorado","San Juan County",3,22,4,3,1
050,08,111,"Colorado","San Juan County",3,23,5,2,3
050,08,111,"Colorado","San Juan County",3,24,4,3,1
050,08,111,"Colorado","San Juan County",3,25,12,5,7
050,08,111,"Colorado","San Juan County",3,26,8,4,4
050,08,111,"Colorado","San Juan County",3,27,8,4,4
050,08,111,"Colorado","San Juan County",3,28,13,8,5
050,08,111,"Colorado","San Juan County",3,29,10,4,6
050,08,111,"Colorado","San Juan County",3,30,11,7,4
050,08,111,"Colorado","San Juan County",3,31,8,4,4
050,08,111,"Colorado","San Juan County",3,32,9,4,5
050,08,111,"Colorado","San Juan County",3,33,8,4,4
050,08,111,"Colorado","San Juan County",3,34,11,4,7
050,08,111,"Colorado","San Juan County",3,35,14,6,8
050,08,111,"Colorado","San Juan County",3,36,11,6,5
050,08,111,"Colorado","San Juan County",3,37,8,3,5
050,08,111,"Colorado","San Juan County",3,38,13,8,5
050,08,111,"Colorado","San Juan County",3,39,8,4,4
050,08,111,"Colorado","San Juan County",3,40,12,6,6
050,08,111,"Colorado","San Juan County",3,41,14,7,7
050,08,111,"Colorado","San Juan County",3,42,14,8,6
050,08,111,"Colorado","San Juan County",3,43,12,7,5
050,08,111,"Colorado","San Juan County",3,44,12,6,6
050,08,111,"Colorado","San Juan County",3,45,12,8,4
050,08,111,"Colorado","San Juan County",3,46,8,4,4
050,08,111,"Colorado","San Juan County",3,47,10,4,6
050,08,111,"Colorado","San Juan County",3,48,6,3,3
050,08,111,"Colorado","San Juan County",3,49,11,8,3
050,08,111,"Colorado","San Juan County",3,50,14,11,3
050,08,111,"Colorado","San Juan County",3,51,14,8,6
050,08,111,"Colorado","San Juan County",3,52,7,3,4
050,08,111,"Colorado","San Juan County",3,53,9,7,2
050,08,111,"Colorado","San Juan County",3,54,9,7,2
050,08,111,"Colorado","San Juan County",3,55,11,6,5
050,08,111,"Colorado","San Juan County",3,56,8,4,4
050,08,111,"Colorado","San Juan County",3,57,12,8,4
050,08,111,"Colorado","San Juan County",3,58,13,9,4
050,08,111,"Colorado","San Juan County",3,59,12,4,8
050,08,111,"Colorado","San Juan County",3,60,12,8,4
050,08,111,"Colorado","San Juan County",3,61,8,7,1
050,08,111,"Colorado","San Juan County",3,62,15,11,4
050,08,111,"Colorado","San Juan County",3,63,15,11,4
050,08,111,"Colorado","San Juan County",3,64,15,9,6
050,08,111,"Colorado","San Juan County",3,65,11,4,7
050,08,111,"Colorado","San Juan County",3,66,17,10,7
050,08,111,"Colorado","San Juan County",3,67,11,4,7
050,08,111,"Colorado","San Juan County",3,68,10,5,5
050,08,111,"Colorado","San Juan County",3,69,10,5,5
050,08,111,"Colorado","San Juan County",3,70,10,7,3
050,08,111,"Colorado","San Juan County",3,71,7,5,2
050,08,111,"Colorado","San Juan County",3,72,9,4,5
050,08,111,"Colorado","San Juan County",3,73,10,4,6
050,08,111,"Colorado","San Juan County",3,74,18,10,8
050,08,111,"Colorado","San Juan County",3,75,8,5,3
050,08,111,"Colorado","San Juan County",3,76,6,4,2
050,08,111,"Colorado","San Juan County",3,77,6,3,3
050,08,111,"Colorado","San Juan County",3,78,7,5,2
050,08,111,"Colorado","San Juan County",3,79,5,3,2
050,08,111,"Colorado","San Juan County",3,80,6,3,3
050,08,111,"Colorado","San Juan County",3,81,3,2,1
050,08,111,"Colorado","San Juan County",3,82,4,2,2
050,08,111,"Colorado","San Juan County",3,83,2,1,1
050,08,111,"Colorado","San Juan County",3,84,1,1,0
050,08,111,"Colorado","San Juan County",3,85,20,9,11
050,08,111,"Colorado","San Juan County",4,0,7,2,5
050,08,111,"Colorado","San Juan County",4,1,5,3,2
050,08,111,"Colorado","San Juan County",4,2,3,1,2
050,08,111,"Colorado","San Juan County",4,3,2,0,2
050,08,111,"Colorado","San Juan County",4,4,4,2,2
050,08,111,"Colorado","San Juan County",4,5,4,2,2
050,08,111,"Colorado","San Juan County",4,6,9,4,5
050,08,111,"Colorado","San Juan County",4,7,10,4,6
050,08,111,"Colorado","San Juan County",4,8,5,3,2
050,08,111,"Colorado","San Juan County",4,9,5,4,1
050,08,111,"Colorado","San Juan County",4,10,7,5,2
050,08,111,"Colorado","San Juan County",4,11,4,3,1
050,08,111,"Colorado","San Juan County",4,12,5,3,2
050,08,111,"Colorado","San Juan County",4,13,4,1,3
050,08,111,"Colorado","San Juan County",4,14,6,2,4
050,08,111,"Colorado","San Juan County",4,15,4,2,2
050,08,111,"Colorado","San Juan County",4,16,5,5,0
050,08,111,"Colorado","San Juan County",4,17,3,2,1
050,08,111,"Colorado","San Juan County",4,18,6,3,3
050,08,111,"Colorado","San Juan County",4,19,4,2,2
050,08,111,"Colorado","San Juan County",4,20,6,4,2
050,08,111,"Colorado","San Juan County",4,21,6,3,3
050,08,111,"Colorado","San Juan County",4,22,4,3,1
050,08,111,"Colorado","San Juan County",4,23,3,3,0
050,08,111,"Colorado","San Juan County",4,24,8,2,6
050,08,111,"Colorado","San Juan County",4,25,8,4,4
050,08,111,"Colorado","San Juan County",4,26,13,7,6
050,08,111,"Colorado","San Juan County",4,27,8,4,4
050,08,111,"Colorado","San Juan County",4,28,7,4,3
050,08,111,"Colorado","San Juan County",4,29,22,15,7
050,08,111,"Colorado","San Juan County",4,30,10,4,6
050,08,111,"Colorado","San Juan County",4,31,12,6,6
050,08,111,"Colorado","San Juan County",4,32,9,5,4
050,08,111,"Colorado","San Juan County",4,33,12,8,4
050,08,111,"Colorado","San Juan County",4,34,12,7,5
050,08,111,"Colorado","San Juan County",4,35,13,4,9
050,08,111,"Colorado","San Juan County",4,36,17,10,7
050,08,111,"Colorado","San Juan County",4,37,12,6,6
050,08,111,"Colorado","San Juan County",4,38,11,5,6
050,08,111,"Colorado","San Juan County",4,39,11,8,3
050,08,111,"Colorado","San Juan County",4,40,10,6,4
050,08,111,"Colorado","San Juan County",4,41,15,8,7
050,08,111,"Colorado","San Juan County",4,42,14,7,7
050,08,111,"Colorado","San Juan County",4,43,13,8,5
050,08,111,"Colorado","San Juan County",4,44,17,10,7
050,08,111,"Colorado","San Juan County",4,45,11,6,5
050,08,111,"Colorado","San Juan County",4,46,14,10,4
050,08,111,"Colorado","San Juan County",4,47,8,4,4
050,08,111,"Colorado","San Juan County",4,48,12,4,8
050,08,111,"Colorado","San Juan County",4,49,12,5,7
050,08,111,"Colorado","San Juan County",4,50,13,8,5
050,08,111,"Colorado","San Juan County",4,51,15,9,6
050,08,111,"Colorado","San Juan County",4,52,14,8,6
050,08,111,"Colorado","San Juan County",4,53,9,5,4
050,08,111,"Colorado","San Juan County",4,54,9,7,2
050,08,111,"Colorado","San Juan County",4,55,9,7,2
050,08,111,"Colorado","San Juan County",4,56,15,8,7
050,08,111,"Colorado","San Juan County",4,57,10,7,3
050,08,111,"Colorado","San Juan County",4,58,14,8,6
050,08,111,"Colorado","San Juan County",4,59,13,9,4
050,08,111,"Colorado","San Juan County",4,60,13,6,7
050,08,111,"Colorado","San Juan County",4,61,14,8,6
050,08,111,"Colorado","San Juan County",4,62,8,7,1
050,08,111,"Colorado","San Juan County",4,63,17,13,4
050,08,111,"Colorado","San Juan County",4,64,14,10,4
050,08,111,"Colorado","San Juan County",4,65,14,9,5
050,08,111,"Colorado","San Juan County",4,66,12,4,8
050,08,111,"Colorado","San Juan County",4,67,19,11,8
050,08,111,"Colorado","San Juan County",4,68,8,3,5
050,08,111,"Colorado","San Juan County",4,69,9,4,5
050,08,111,"Colorado","San Juan County",4,70,10,5,5
050,08,111,"Colorado","San Juan County",4,71,8,6,2
050,08,111,"Colorado","San Juan County",4,72,8,6,2
050,08,111,"Colorado","San Juan County",4,73,9,4,5
050,08,111,"Colorado","San Juan County",4,74,9,4,5
050,08,111,"Colorado","San Juan County",4,75,18,10,8
050,08,111,"Colorado","San Juan County",4,76,8,5,3
050,08,111,"Colorado","San Juan County",4,77,5,3,2
050,08,111,"Colorado","San Juan County",4,78,5,3,2
050,08,111,"Colorado","San Juan County",4,79,6,4,2
050,08,111,"Colorado","San Juan County",4,80,5,3,2
050,08,111,"Colorado","San Juan County",4,81,6,3,3
050,08,111,"Colorado","San Juan County",4,82,3,2,1
050,08,111,"Colorado","San Juan County",4,83,4,2,2
050,08,111,"Colorado","San Juan County",4,84,2,1,1
050,08,111,"Colorado","San Juan County",4,85,19,10,9
050,08,111,"Colorado","San Juan County",5,0,5,1,4
050,08,111,"Colorado","San Juan County",5,1,9,2,7
050,08,111,"Colorado","San Juan County",5,2,4,3,1
050,08,111,"Colorado","San Juan County",5,3,3,1,2
050,08,111,"Colorado","San Juan County",5,4,3,0,3
050,08,111,"Colorado","San Juan County",5,5,4,2,2
050,08,111,"Colorado","San Juan County",5,6,4,1,3
050,08,111,"Colorado","San Juan County",5,7,10,4,6
050,08,111,"Colorado","San Juan County",5,8,9,4,5
050,08,111,"Colorado","San Juan County",5,9,4,2,2
050,08,111,"Colorado","San Juan County",5,10,4,3,1
050,08,111,"Colorado","San Juan County",5,11,7,5,2
050,08,111,"Colorado","San Juan County",5,12,3,2,1
050,08,111,"Colorado","San Juan County",5,13,6,4,2
050,08,111,"Colorado","San Juan County",5,14,3,1,2
050,08,111,"Colorado","San Juan County",5,15,6,2,4
050,08,111,"Colorado","San Juan County",5,16,4,2,2
050,08,111,"Colorado","San Juan County",5,17,5,5,0
050,08,111,"Colorado","San Juan County",5,18,1,1,0
050,08,111,"Colorado","San Juan County",5,19,6,3,3
050,08,111,"Colorado","San Juan County",5,20,6,3,3
050,08,111,"Colorado","San Juan County",5,21,5,3,2
050,08,111,"Colorado","San Juan County",5,22,6,3,3
050,08,111,"Colorado","San Juan County",5,23,6,3,3
050,08,111,"Colorado","San Juan County",5,24,10,6,4
050,08,111,"Colorado","San Juan County",5,25,8,3,5
050,08,111,"Colorado","San Juan County",5,26,4,1,3
050,08,111,"Colorado","San Juan County",5,27,11,5,6
050,08,111,"Colorado","San Juan County",5,28,12,5,7
050,08,111,"Colorado","San Juan County",5,29,5,2,3
050,08,111,"Colorado","San Juan County",5,30,12,9,3
050,08,111,"Colorado","San Juan County",5,31,12,5,7
050,08,111,"Colorado","San Juan County",5,32,13,6,7
050,08,111,"Colorado","San Juan County",5,33,9,5,4
050,08,111,"Colorado","San Juan County",5,34,10,5,5
050,08,111,"Colorado","San Juan County",5,35,8,7,1
050,08,111,"Colorado","San Juan County",5,36,12,4,8
050,08,111,"Colorado","San Juan County",5,37,19,12,7
050,08,111,"Colorado","San Juan County",5,38,10,6,4
050,08,111,"Colorado","San Juan County",5,39,12,5,7
050,08,111,"Colorado","San Juan County",5,40,13,7,6
050,08,111,"Colorado","San Juan County",5,41,9,4,5
050,08,111,"Colorado","San Juan County",5,42,17,9,8
050,08,111,"Colorado","San Juan County",5,43,14,7,7
050,08,111,"Colorado","San Juan County",5,44,13,8,5
050,08,111,"Colorado","San Juan County",5,45,15,10,5
050,08,111,"Colorado","San Juan County",5,46,11,6,5
050,08,111,"Colorado","San Juan County",5,47,13,10,3
050,08,111,"Colorado","San Juan County",5,48,10,4,6
050,08,111,"Colorado","San Juan County",5,49,11,4,7
050,08,111,"Colorado","San Juan County",5,50,12,5,7
050,08,111,"Colorado","San Juan County",5,51,11,6,5
050,08,111,"Colorado","San Juan County",5,52,17,11,6
050,08,111,"Colorado","San Juan County",5,53,18,10,8
050,08,111,"Colorado","San Juan County",5,54,7,3,4
050,08,111,"Colorado","San Juan County",5,55,9,7,2
050,08,111,"Colorado","San Juan County",5,56,9,7,2
050,08,111,"Colorado","San Juan County",5,57,17,8,9
050,08,111,"Colorado","San Juan County",5,58,10,7,3
050,08,111,"Colorado","San Juan County",5,59,13,8,5
050,08,111,"Colorado","San Juan County",5,60,13,9,4
050,08,111,"Colorado","San Juan County",5,61,13,6,7
050,08,111,"Colorado","San Juan County",5,62,14,8,6
050,08,111,"Colorado","San Juan County",5,63,8,7,1
050,08,111,"Colorado","San Juan County",5,64,17,13,4
050,08,111,"Colorado","San Juan County",5,65,14,10,4
050,08,111,"Colorado","San Juan County",5,66,15,9,6
050,08,111,"Colorado","San Juan County",5,67,11,3,8
050,08,111,"Colorado","San Juan County",5,68,20,11,9
050,08,111,"Colorado","San Juan County",5,69,8,2,6
050,08,111,"Colorado","San Juan County",5,70,9,4,5
050,08,111,"Colorado","San Juan County",5,71,8,4,4
050,08,111,"Colorado","San Juan County",5,72,8,5,3
050,08,111,"Colorado","San Juan County",5,73,8,6,2
050,08,111,"Colorado","San Juan County",5,74,9,4,5
050,08,111,"Colorado","San Juan County",5,75,9,4,5
050,08,111,"Colorado","San Juan County",5,76,19,10,9
050,08,111,"Colorado","San Juan County",5,77,7,4,3
050,08,111,"Colorado","San Juan County",5,78,5,3,2
050,08,111,"Colorado","San Juan County",5,79,5,3,2
050,08,111,"Colorado","San Juan County",5,80,6,4,2
050,08,111,"Colorado","San Juan County",5,81,5,3,2
050,08,111,"Colorado","San Juan County",5,82,5,3,2
050,08,111,"Colorado","San Juan County",5,83,3,2,1
050,08,111,"Colorado","San Juan County",5,84,5,2,3
050,08,111,"Colorado","San Juan County",5,85,19,10,9
050,08,113,"Colorado","San Miguel County",1,0,54,28,26
050,08,113,"Colorado","San Miguel County",1,1,59,30,29
050,08,113,"Colorado","San Miguel County",1,2,49,19,30
050,08,113,"Colorado","San Miguel County",1,3,61,28,33
050,08,113,"Colorado","San Miguel County",1,4,78,40,38
050,08,113,"Colorado","San Miguel County",1,5,69,36,33
050,08,113,"Colorado","San Miguel County",1,6,72,38,34
050,08,113,"Colorado","San Miguel County",1,7,71,32,39
050,08,113,"Colorado","San Miguel County",1,8,76,29,47
050,08,113,"Colorado","San Miguel County",1,9,68,37,31
050,08,113,"Colorado","San Miguel County",1,10,78,45,33
050,08,113,"Colorado","San Miguel County",1,11,105,60,45
050,08,113,"Colorado","San Miguel County",1,12,99,53,46
050,08,113,"Colorado","San Miguel County",1,13,91,51,40
050,08,113,"Colorado","San Miguel County",1,14,84,44,40
050,08,113,"Colorado","San Miguel County",1,15,84,49,35
050,08,113,"Colorado","San Miguel County",1,16,92,47,45
050,08,113,"Colorado","San Miguel County",1,17,79,37,42
050,08,113,"Colorado","San Miguel County",1,18,80,41,39
050,08,113,"Colorado","San Miguel County",1,19,50,29,21
050,08,113,"Colorado","San Miguel County",1,20,51,26,25
050,08,113,"Colorado","San Miguel County",1,21,69,33,36
050,08,113,"Colorado","San Miguel County",1,22,66,30,36
050,08,113,"Colorado","San Miguel County",1,23,72,31,41
050,08,113,"Colorado","San Miguel County",1,24,96,48,48
050,08,113,"Colorado","San Miguel County",1,25,96,53,43
050,08,113,"Colorado","San Miguel County",1,26,94,54,40
050,08,113,"Colorado","San Miguel County",1,27,134,73,61
050,08,113,"Colorado","San Miguel County",1,28,133,78,55
050,08,113,"Colorado","San Miguel County",1,29,115,67,48
050,08,113,"Colorado","San Miguel County",1,30,124,73,51
050,08,113,"Colorado","San Miguel County",1,31,142,73,69
050,08,113,"Colorado","San Miguel County",1,32,144,79,65
050,08,113,"Colorado","San Miguel County",1,33,134,75,59
050,08,113,"Colorado","San Miguel County",1,34,128,79,49
050,08,113,"Colorado","San Miguel County",1,35,129,77,52
050,08,113,"Colorado","San Miguel County",1,36,109,56,53
050,08,113,"Colorado","San Miguel County",1,37,121,63,58
050,08,113,"Colorado","San Miguel County",1,38,105,44,61
050,08,113,"Colorado","San Miguel County",1,39,106,54,52
050,08,113,"Colorado","San Miguel County",1,40,126,69,57
050,08,113,"Colorado","San Miguel County",1,41,119,60,59
050,08,113,"Colorado","San Miguel County",1,42,110,56,54
050,08,113,"Colorado","San Miguel County",1,43,117,57,60
050,08,113,"Colorado","San Miguel County",1,44,122,52,70
050,08,113,"Colorado","San Miguel County",1,45,117,54,63
050,08,113,"Colorado","San Miguel County",1,46,117,64,53
050,08,113,"Colorado","San Miguel County",1,47,122,69,53
050,08,113,"Colorado","San Miguel County",1,48,129,67,62
050,08,113,"Colorado","San Miguel County",1,49,153,77,76
050,08,113,"Colorado","San Miguel County",1,50,144,76,68
050,08,113,"Colorado","San Miguel County",1,51,137,76,61
050,08,113,"Colorado","San Miguel County",1,52,124,68,56
050,08,113,"Colorado","San Miguel County",1,53,129,73,56
050,08,113,"Colorado","San Miguel County",1,54,138,76,62
050,08,113,"Colorado","San Miguel County",1,55,119,60,59
050,08,113,"Colorado","San Miguel County",1,56,114,54,60
050,08,113,"Colorado","San Miguel County",1,57,110,52,58
050,08,113,"Colorado","San Miguel County",1,58,113,60,53
050,08,113,"Colorado","San Miguel County",1,59,127,70,57
050,08,113,"Colorado","San Miguel County",1,60,130,78,52
050,08,113,"Colorado","San Miguel County",1,61,124,74,50
050,08,113,"Colorado","San Miguel County",1,62,109,58,51
050,08,113,"Colorado","San Miguel County",1,63,127,65,62
050,08,113,"Colorado","San Miguel County",1,64,130,75,55
050,08,113,"Colorado","San Miguel County",1,65,110,67,43
050,08,113,"Colorado","San Miguel County",1,66,118,65,53
050,08,113,"Colorado","San Miguel County",1,67,124,73,51
050,08,113,"Colorado","San Miguel County",1,68,119,65,54
050,08,113,"Colorado","San Miguel County",1,69,103,49,54
050,08,113,"Colorado","San Miguel County",1,70,109,54,55
050,08,113,"Colorado","San Miguel County",1,71,71,37,34
050,08,113,"Colorado","San Miguel County",1,72,71,41,30
050,08,113,"Colorado","San Miguel County",1,73,85,53,32
050,08,113,"Colorado","San Miguel County",1,74,55,29,26
050,08,113,"Colorado","San Miguel County",1,75,62,36,26
050,08,113,"Colorado","San Miguel County",1,76,45,30,15
050,08,113,"Colorado","San Miguel County",1,77,44,26,18
050,08,113,"Colorado","San Miguel County",1,78,29,18,11
050,08,113,"Colorado","San Miguel County",1,79,23,15,8
050,08,113,"Colorado","San Miguel County",1,80,19,12,7
050,08,113,"Colorado","San Miguel County",1,81,14,7,7
050,08,113,"Colorado","San Miguel County",1,82,13,7,6
050,08,113,"Colorado","San Miguel County",1,83,12,6,6
050,08,113,"Colorado","San Miguel County",1,84,11,6,5
050,08,113,"Colorado","San Miguel County",1,85,59,33,26
050,08,113,"Colorado","San Miguel County",2,0,56,28,28
050,08,113,"Colorado","San Miguel County",2,1,57,29,28
050,08,113,"Colorado","San Miguel County",2,2,50,20,30
050,08,113,"Colorado","San Miguel County",2,3,59,27,32
050,08,113,"Colorado","San Miguel County",2,4,73,36,37
050,08,113,"Colorado","San Miguel County",2,5,73,38,35
050,08,113,"Colorado","San Miguel County",2,6,71,38,33
050,08,113,"Colorado","San Miguel County",2,7,70,32,38
050,08,113,"Colorado","San Miguel County",2,8,74,30,44
050,08,113,"Colorado","San Miguel County",2,9,68,34,34
050,08,113,"Colorado","San Miguel County",2,10,77,44,33
050,08,113,"Colorado","San Miguel County",2,11,95,55,40
050,08,113,"Colorado","San Miguel County",2,12,102,56,46
050,08,113,"Colorado","San Miguel County",2,13,93,51,42
050,08,113,"Colorado","San Miguel County",2,14,84,46,38
050,08,113,"Colorado","San Miguel County",2,15,84,48,36
050,08,113,"Colorado","San Miguel County",2,16,90,47,43
050,08,113,"Colorado","San Miguel County",2,17,84,41,43
050,08,113,"Colorado","San Miguel County",2,18,77,40,37
050,08,113,"Colorado","San Miguel County",2,19,53,30,23
050,08,113,"Colorado","San Miguel County",2,20,52,27,25
050,08,113,"Colorado","San Miguel County",2,21,67,33,34
050,08,113,"Colorado","San Miguel County",2,22,68,31,37
050,08,113,"Colorado","San Miguel County",2,23,74,32,42
050,08,113,"Colorado","San Miguel County",2,24,88,44,44
050,08,113,"Colorado","San Miguel County",2,25,94,52,42
050,08,113,"Colorado","San Miguel County",2,26,95,54,41
050,08,113,"Colorado","San Miguel County",2,27,124,68,56
050,08,113,"Colorado","San Miguel County",2,28,133,77,56
050,08,113,"Colorado","San Miguel County",2,29,119,70,49
050,08,113,"Colorado","San Miguel County",2,30,123,73,50
050,08,113,"Colorado","San Miguel County",2,31,138,74,64
050,08,113,"Colorado","San Miguel County",2,32,140,76,64
050,08,113,"Colorado","San Miguel County",2,33,136,75,61
050,08,113,"Colorado","San Miguel County",2,34,129,77,52
050,08,113,"Colorado","San Miguel County",2,35,131,79,52
050,08,113,"Colorado","San Miguel County",2,36,112,60,52
050,08,113,"Colorado","San Miguel County",2,37,118,61,57
050,08,113,"Colorado","San Miguel County",2,38,109,49,60
050,08,113,"Colorado","San Miguel County",2,39,105,50,55
050,08,113,"Colorado","San Miguel County",2,40,121,65,56
050,08,113,"Colorado","San Miguel County",2,41,118,60,58
050,08,113,"Colorado","San Miguel County",2,42,109,55,54
050,08,113,"Colorado","San Miguel County",2,43,117,57,60
050,08,113,"Colorado","San Miguel County",2,44,119,53,66
050,08,113,"Colorado","San Miguel County",2,45,119,54,65
050,08,113,"Colorado","San Miguel County",2,46,116,61,55
050,08,113,"Colorado","San Miguel County",2,47,119,67,52
050,08,113,"Colorado","San Miguel County",2,48,127,67,60
050,08,113,"Colorado","San Miguel County",2,49,151,77,74
050,08,113,"Colorado","San Miguel County",2,50,147,76,71
050,08,113,"Colorado","San Miguel County",2,51,139,76,63
050,08,113,"Colorado","San Miguel County",2,52,127,70,57
050,08,113,"Colorado","San Miguel County",2,53,128,72,56
050,08,113,"Colorado","San Miguel County",2,54,135,75,60
050,08,113,"Colorado","San Miguel County",2,55,122,63,59
050,08,113,"Colorado","San Miguel County",2,56,117,56,61
050,08,113,"Colorado","San Miguel County",2,57,111,52,59
050,08,113,"Colorado","San Miguel County",2,58,110,57,53
050,08,113,"Colorado","San Miguel County",2,59,126,69,57
050,08,113,"Colorado","San Miguel County",2,60,127,75,52
050,08,113,"Colorado","San Miguel County",2,61,123,73,50
050,08,113,"Colorado","San Miguel County",2,62,111,62,49
050,08,113,"Colorado","San Miguel County",2,63,125,65,60
050,08,113,"Colorado","San Miguel County",2,64,128,72,56
050,08,113,"Colorado","San Miguel County",2,65,114,68,46
050,08,113,"Colorado","San Miguel County",2,66,116,65,51
050,08,113,"Colorado","San Miguel County",2,67,121,71,50
050,08,113,"Colorado","San Miguel County",2,68,120,66,54
050,08,113,"Colorado","San Miguel County",2,69,109,54,55
050,08,113,"Colorado","San Miguel County",2,70,108,53,55
050,08,113,"Colorado","San Miguel County",2,71,79,40,39
050,08,113,"Colorado","San Miguel County",2,72,70,40,30
050,08,113,"Colorado","San Miguel County",2,73,87,53,34
050,08,113,"Colorado","San Miguel County",2,74,58,33,25
050,08,113,"Colorado","San Miguel County",2,75,59,33,26
050,08,113,"Colorado","San Miguel County",2,76,48,31,17
050,08,113,"Colorado","San Miguel County",2,77,44,27,17
050,08,113,"Colorado","San Miguel County",2,78,31,19,12
050,08,113,"Colorado","San Miguel County",2,79,23,16,7
050,08,113,"Colorado","San Miguel County",2,80,19,13,6
050,08,113,"Colorado","San Miguel County",2,81,15,8,7
050,08,113,"Colorado","San Miguel County",2,82,13,7,6
050,08,113,"Colorado","San Miguel County",2,83,12,6,6
050,08,113,"Colorado","San Miguel County",2,84,11,6,5
050,08,113,"Colorado","San Miguel County",2,85,60,33,27
050,08,113,"Colorado","San Miguel County",3,0,55,24,31
050,08,113,"Colorado","San Miguel County",3,1,58,28,30
050,08,113,"Colorado","San Miguel County",3,2,64,32,32
050,08,113,"Colorado","San Miguel County",3,3,57,24,33
050,08,113,"Colorado","San Miguel County",3,4,51,23,28
050,08,113,"Colorado","San Miguel County",3,5,77,36,41
050,08,113,"Colorado","San Miguel County",3,6,71,38,33
050,08,113,"Colorado","San Miguel County",3,7,75,39,36
050,08,113,"Colorado","San Miguel County",3,8,73,35,38
050,08,113,"Colorado","San Miguel County",3,9,74,34,40
050,08,113,"Colorado","San Miguel County",3,10,72,39,33
050,08,113,"Colorado","San Miguel County",3,11,75,46,29
050,08,113,"Colorado","San Miguel County",3,12,92,50,42
050,08,113,"Colorado","San Miguel County",3,13,104,57,47
050,08,113,"Colorado","San Miguel County",3,14,94,50,44
050,08,113,"Colorado","San Miguel County",3,15,83,48,35
050,08,113,"Colorado","San Miguel County",3,16,82,48,34
050,08,113,"Colorado","San Miguel County",3,17,87,46,41
050,08,113,"Colorado","San Miguel County",3,18,69,35,34
050,08,113,"Colorado","San Miguel County",3,19,60,31,29
050,08,113,"Colorado","San Miguel County",3,20,57,33,24
050,08,113,"Colorado","San Miguel County",3,21,61,34,27
050,08,113,"Colorado","San Miguel County",3,22,70,33,37
050,08,113,"Colorado","San Miguel County",3,23,82,35,47
050,08,113,"Colorado","San Miguel County",3,24,76,35,41
050,08,113,"Colorado","San Miguel County",3,25,98,46,52
050,08,113,"Colorado","San Miguel County",3,26,96,45,51
050,08,113,"Colorado","San Miguel County",3,27,103,57,46
050,08,113,"Colorado","San Miguel County",3,28,134,69,65
050,08,113,"Colorado","San Miguel County",3,29,147,82,65
050,08,113,"Colorado","San Miguel County",3,30,124,76,48
050,08,113,"Colorado","San Miguel County",3,31,116,67,49
050,08,113,"Colorado","San Miguel County",3,32,146,79,67
050,08,113,"Colorado","San Miguel County",3,33,141,74,67
050,08,113,"Colorado","San Miguel County",3,34,137,74,63
050,08,113,"Colorado","San Miguel County",3,35,116,69,47
050,08,113,"Colorado","San Miguel County",3,36,129,73,56
050,08,113,"Colorado","San Miguel County",3,37,114,63,51
050,08,113,"Colorado","San Miguel County",3,38,123,66,57
050,08,113,"Colorado","San Miguel County",3,39,109,52,57
050,08,113,"Colorado","San Miguel County",3,40,105,52,53
050,08,113,"Colorado","San Miguel County",3,41,118,66,52
050,08,113,"Colorado","San Miguel County",3,42,118,60,58
050,08,113,"Colorado","San Miguel County",3,43,111,54,57
050,08,113,"Colorado","San Miguel County",3,44,110,53,57
050,08,113,"Colorado","San Miguel County",3,45,117,53,64
050,08,113,"Colorado","San Miguel County",3,46,118,57,61
050,08,113,"Colorado","San Miguel County",3,47,120,60,60
050,08,113,"Colorado","San Miguel County",3,48,116,65,51
050,08,113,"Colorado","San Miguel County",3,49,122,69,53
050,08,113,"Colorado","San Miguel County",3,50,152,77,75
050,08,113,"Colorado","San Miguel County",3,51,155,82,73
050,08,113,"Colorado","San Miguel County",3,52,138,75,63
050,08,113,"Colorado","San Miguel County",3,53,121,66,55
050,08,113,"Colorado","San Miguel County",3,54,128,71,57
050,08,113,"Colorado","San Miguel County",3,55,134,72,62
050,08,113,"Colorado","San Miguel County",3,56,119,64,55
050,08,113,"Colorado","San Miguel County",3,57,106,53,53
050,08,113,"Colorado","San Miguel County",3,58,113,52,61
050,08,113,"Colorado","San Miguel County",3,59,117,61,56
050,08,113,"Colorado","San Miguel County",3,60,124,73,51
050,08,113,"Colorado","San Miguel County",3,61,123,75,48
050,08,113,"Colorado","San Miguel County",3,62,124,72,52
050,08,113,"Colorado","San Miguel County",3,63,110,66,44
050,08,113,"Colorado","San Miguel County",3,64,125,67,58
050,08,113,"Colorado","San Miguel County",3,65,123,72,51
050,08,113,"Colorado","San Miguel County",3,66,111,68,43
050,08,113,"Colorado","San Miguel County",3,67,116,67,49
050,08,113,"Colorado","San Miguel County",3,68,116,68,48
050,08,113,"Colorado","San Miguel County",3,69,112,60,52
050,08,113,"Colorado","San Miguel County",3,70,102,52,50
050,08,113,"Colorado","San Miguel County",3,71,103,51,52
050,08,113,"Colorado","San Miguel County",3,72,74,36,38
050,08,113,"Colorado","San Miguel County",3,73,72,40,32
050,08,113,"Colorado","San Miguel County",3,74,78,48,30
050,08,113,"Colorado","San Miguel County",3,75,61,33,28
050,08,113,"Colorado","San Miguel County",3,76,57,32,25
050,08,113,"Colorado","San Miguel County",3,77,48,30,18
050,08,113,"Colorado","San Miguel County",3,78,41,23,18
050,08,113,"Colorado","San Miguel County",3,79,31,19,12
050,08,113,"Colorado","San Miguel County",3,80,23,17,6
050,08,113,"Colorado","San Miguel County",3,81,20,13,7
050,08,113,"Colorado","San Miguel County",3,82,15,8,7
050,08,113,"Colorado","San Miguel County",3,83,12,6,6
050,08,113,"Colorado","San Miguel County",3,84,11,6,5
050,08,113,"Colorado","San Miguel County",3,85,58,30,28
050,08,113,"Colorado","San Miguel County",4,0,49,22,27
050,08,113,"Colorado","San Miguel County",4,1,58,26,32
050,08,113,"Colorado","San Miguel County",4,2,58,28,30
050,08,113,"Colorado","San Miguel County",4,3,60,29,31
050,08,113,"Colorado","San Miguel County",4,4,59,25,34
050,08,113,"Colorado","San Miguel County",4,5,48,23,25
050,08,113,"Colorado","San Miguel County",4,6,77,36,41
050,08,113,"Colorado","San Miguel County",4,7,66,36,30
050,08,113,"Colorado","San Miguel County",4,8,70,37,33
050,08,113,"Colorado","San Miguel County",4,9,69,31,38
050,08,113,"Colorado","San Miguel County",4,10,70,31,39
050,08,113,"Colorado","San Miguel County",4,11,75,40,35
050,08,113,"Colorado","San Miguel County",4,12,74,44,30
050,08,113,"Colorado","San Miguel County",4,13,94,53,41
050,08,113,"Colorado","San Miguel County",4,14,107,58,49
050,08,113,"Colorado","San Miguel County",4,15,92,48,44
050,08,113,"Colorado","San Miguel County",4,16,76,44,32
050,08,113,"Colorado","San Miguel County",4,17,82,48,34
050,08,113,"Colorado","San Miguel County",4,18,72,42,30
050,08,113,"Colorado","San Miguel County",4,19,57,31,26
050,08,113,"Colorado","San Miguel County",4,20,53,29,24
050,08,113,"Colorado","San Miguel County",4,21,61,33,28
050,08,113,"Colorado","San Miguel County",4,22,61,34,27
050,08,113,"Colorado","San Miguel County",4,23,71,37,34
050,08,113,"Colorado","San Miguel County",4,24,69,27,42
050,08,113,"Colorado","San Miguel County",4,25,81,35,46
050,08,113,"Colorado","San Miguel County",4,26,99,46,53
050,08,113,"Colorado","San Miguel County",4,27,83,45,38
050,08,113,"Colorado","San Miguel County",4,28,98,58,40
050,08,113,"Colorado","San Miguel County",4,29,121,63,58
050,08,113,"Colorado","San Miguel County",4,30,149,89,60
050,08,113,"Colorado","San Miguel County",4,31,130,81,49
050,08,113,"Colorado","San Miguel County",4,32,121,68,53
050,08,113,"Colorado","San Miguel County",4,33,145,75,70
050,08,113,"Colorado","San Miguel County",4,34,142,76,66
050,08,113,"Colorado","San Miguel County",4,35,135,74,61
050,08,113,"Colorado","San Miguel County",4,36,114,64,50
050,08,113,"Colorado","San Miguel County",4,37,126,70,56
050,08,113,"Colorado","San Miguel County",4,38,112,64,48
050,08,113,"Colorado","San Miguel County",4,39,128,64,64
050,08,113,"Colorado","San Miguel County",4,40,99,47,52
050,08,113,"Colorado","San Miguel County",4,41,106,55,51
050,08,113,"Colorado","San Miguel County",4,42,112,69,43
050,08,113,"Colorado","San Miguel County",4,43,126,71,55
050,08,113,"Colorado","San Miguel County",4,44,117,57,60
050,08,113,"Colorado","San Miguel County",4,45,108,51,57
050,08,113,"Colorado","San Miguel County",4,46,119,57,62
050,08,113,"Colorado","San Miguel County",4,47,109,57,52
050,08,113,"Colorado","San Miguel County",4,48,126,65,61
050,08,113,"Colorado","San Miguel County",4,49,119,67,52
050,08,113,"Colorado","San Miguel County",4,50,128,73,55
050,08,113,"Colorado","San Miguel County",4,51,157,78,79
050,08,113,"Colorado","San Miguel County",4,52,158,82,76
050,08,113,"Colorado","San Miguel County",4,53,141,77,64
050,08,113,"Colorado","San Miguel County",4,54,114,62,52
050,08,113,"Colorado","San Miguel County",4,55,129,75,54
050,08,113,"Colorado","San Miguel County",4,56,138,76,62
050,08,113,"Colorado","San Miguel County",4,57,112,61,51
050,08,113,"Colorado","San Miguel County",4,58,102,51,51
050,08,113,"Colorado","San Miguel County",4,59,121,58,63
050,08,113,"Colorado","San Miguel County",4,60,117,58,59
050,08,113,"Colorado","San Miguel County",4,61,125,71,54
050,08,113,"Colorado","San Miguel County",4,62,126,79,47
050,08,113,"Colorado","San Miguel County",4,63,122,70,52
050,08,113,"Colorado","San Miguel County",4,64,116,70,46
050,08,113,"Colorado","San Miguel County",4,65,123,67,56
050,08,113,"Colorado","San Miguel County",4,66,114,64,50
050,08,113,"Colorado","San Miguel County",4,67,109,69,40
050,08,113,"Colorado","San Miguel County",4,68,120,68,52
050,08,113,"Colorado","San Miguel County",4,69,116,69,47
050,08,113,"Colorado","San Miguel County",4,70,105,57,48
050,08,113,"Colorado","San Miguel County",4,71,100,52,48
050,08,113,"Colorado","San Miguel County",4,72,98,52,46
050,08,113,"Colorado","San Miguel County",4,73,73,35,38
050,08,113,"Colorado","San Miguel County",4,74,69,37,32
050,08,113,"Colorado","San Miguel County",4,75,73,47,26
050,08,113,"Colorado","San Miguel County",4,76,60,33,27
050,08,113,"Colorado","San Miguel County",4,77,55,30,25
050,08,113,"Colorado","San Miguel County",4,78,42,26,16
050,08,113,"Colorado","San Miguel County",4,79,38,23,15
050,08,113,"Colorado","San Miguel County",4,80,27,17,10
050,08,113,"Colorado","San Miguel County",4,81,25,19,6
050,08,113,"Colorado","San Miguel County",4,82,15,11,4
050,08,113,"Colorado","San Miguel County",4,83,14,7,7
050,08,113,"Colorado","San Miguel County",4,84,11,5,6
050,08,113,"Colorado","San Miguel County",4,85,62,29,33
050,08,113,"Colorado","San Miguel County",5,0,48,22,26
050,08,113,"Colorado","San Miguel County",5,1,46,25,21
050,08,113,"Colorado","San Miguel County",5,2,58,25,33
050,08,113,"Colorado","San Miguel County",5,3,56,25,31
050,08,113,"Colorado","San Miguel County",5,4,62,29,33
050,08,113,"Colorado","San Miguel County",5,5,62,27,35
050,08,113,"Colorado","San Miguel County",5,6,50,24,26
050,08,113,"Colorado","San Miguel County",5,7,73,36,37
050,08,113,"Colorado","San Miguel County",5,8,65,36,29
050,08,113,"Colorado","San Miguel County",5,9,65,36,29
050,08,113,"Colorado","San Miguel County",5,10,67,31,36
050,08,113,"Colorado","San Miguel County",5,11,71,30,41
050,08,113,"Colorado","San Miguel County",5,12,71,39,32
050,08,113,"Colorado","San Miguel County",5,13,71,42,29
050,08,113,"Colorado","San Miguel County",5,14,91,51,40
050,08,113,"Colorado","San Miguel County",5,15,105,57,48
050,08,113,"Colorado","San Miguel County",5,16,90,44,46
050,08,113,"Colorado","San Miguel County",5,17,75,42,33
050,08,113,"Colorado","San Miguel County",5,18,74,43,31
050,08,113,"Colorado","San Miguel County",5,19,55,30,25
050,08,113,"Colorado","San Miguel County",5,20,53,28,25
050,08,113,"Colorado","San Miguel County",5,21,61,32,29
050,08,113,"Colorado","San Miguel County",5,22,70,36,34
050,08,113,"Colorado","San Miguel County",5,23,65,34,31
050,08,113,"Colorado","San Miguel County",5,24,87,41,46
050,08,113,"Colorado","San Miguel County",5,25,74,28,46
050,08,113,"Colorado","San Miguel County",5,26,81,36,45
050,08,113,"Colorado","San Miguel County",5,27,107,52,55
050,08,113,"Colorado","San Miguel County",5,28,91,50,41
050,08,113,"Colorado","San Miguel County",5,29,102,61,41
050,08,113,"Colorado","San Miguel County",5,30,129,66,63
050,08,113,"Colorado","San Miguel County",5,31,129,79,50
050,08,113,"Colorado","San Miguel County",5,32,124,76,48
050,08,113,"Colorado","San Miguel County",5,33,120,69,51
050,08,113,"Colorado","San Miguel County",5,34,145,72,73
050,08,113,"Colorado","San Miguel County",5,35,131,69,62
050,08,113,"Colorado","San Miguel County",5,36,132,75,57
050,08,113,"Colorado","San Miguel County",5,37,108,61,47
050,08,113,"Colorado","San Miguel County",5,38,124,68,56
050,08,113,"Colorado","San Miguel County",5,39,108,61,47
050,08,113,"Colorado","San Miguel County",5,40,126,73,53
050,08,113,"Colorado","San Miguel County",5,41,99,48,51
050,08,113,"Colorado","San Miguel County",5,42,107,53,54
050,08,113,"Colorado","San Miguel County",5,43,112,67,45
050,08,113,"Colorado","San Miguel County",5,44,120,64,56
050,08,113,"Colorado","San Miguel County",5,45,110,51,59
050,08,113,"Colorado","San Miguel County",5,46,105,51,54
050,08,113,"Colorado","San Miguel County",5,47,111,52,59
050,08,113,"Colorado","San Miguel County",5,48,103,57,46
050,08,113,"Colorado","San Miguel County",5,49,121,61,60
050,08,113,"Colorado","San Miguel County",5,50,125,71,54
050,08,113,"Colorado","San Miguel County",5,51,124,71,53
050,08,113,"Colorado","San Miguel County",5,52,155,75,80
050,08,113,"Colorado","San Miguel County",5,53,149,79,70
050,08,113,"Colorado","San Miguel County",5,54,143,76,67
050,08,113,"Colorado","San Miguel County",5,55,97,55,42
050,08,113,"Colorado","San Miguel County",5,56,122,71,51
050,08,113,"Colorado","San Miguel County",5,57,139,74,65
050,08,113,"Colorado","San Miguel County",5,58,107,55,52
050,08,113,"Colorado","San Miguel County",5,59,98,50,48
050,08,113,"Colorado","San Miguel County",5,60,125,59,66
050,08,113,"Colorado","San Miguel County",5,61,113,56,57
050,08,113,"Colorado","San Miguel County",5,62,129,73,56
050,08,113,"Colorado","San Miguel County",5,63,130,81,49
050,08,113,"Colorado","San Miguel County",5,64,118,67,51
050,08,113,"Colorado","San Miguel County",5,65,117,71,46
050,08,113,"Colorado","San Miguel County",5,66,124,68,56
050,08,113,"Colorado","San Miguel County",5,67,110,64,46
050,08,113,"Colorado","San Miguel County",5,68,106,66,40
050,08,113,"Colorado","San Miguel County",5,69,108,65,43
050,08,113,"Colorado","San Miguel County",5,70,108,66,42
050,08,113,"Colorado","San Miguel County",5,71,100,57,43
050,08,113,"Colorado","San Miguel County",5,72,91,50,41
050,08,113,"Colorado","San Miguel County",5,73,93,47,46
050,08,113,"Colorado","San Miguel County",5,74,70,35,35
050,08,113,"Colorado","San Miguel County",5,75,68,37,31
050,08,113,"Colorado","San Miguel County",5,76,66,41,25
050,08,113,"Colorado","San Miguel County",5,77,52,29,23
050,08,113,"Colorado","San Miguel County",5,78,54,29,25
050,08,113,"Colorado","San Miguel County",5,79,41,26,15
050,08,113,"Colorado","San Miguel County",5,80,29,17,12
050,08,113,"Colorado","San Miguel County",5,81,27,17,10
050,08,113,"Colorado","San Miguel County",5,82,24,18,6
050,08,113,"Colorado","San Miguel County",5,83,13,9,4
050,08,113,"Colorado","San Miguel County",5,84,13,6,7
050,08,113,"Colorado","San Miguel County",5,85,70,31,39
050,08,115,"Colorado","Sedgwick County",1,0,17,9,8
050,08,115,"Colorado","Sedgwick County",1,1,24,12,12
050,08,115,"Colorado","Sedgwick County",1,2,24,13,11
050,08,115,"Colorado","Sedgwick County",1,3,18,12,6
050,08,115,"Colorado","Sedgwick County",1,4,29,14,15
050,08,115,"Colorado","Sedgwick County",1,5,19,7,12
050,08,115,"Colorado","Sedgwick County",1,6,24,15,9
050,08,115,"Colorado","Sedgwick County",1,7,30,17,13
050,08,115,"Colorado","Sedgwick County",1,8,27,15,12
050,08,115,"Colorado","Sedgwick County",1,9,27,12,15
050,08,115,"Colorado","Sedgwick County",1,10,31,14,17
050,08,115,"Colorado","Sedgwick County",1,11,26,15,11
050,08,115,"Colorado","Sedgwick County",1,12,26,13,13
050,08,115,"Colorado","Sedgwick County",1,13,28,11,17
050,08,115,"Colorado","Sedgwick County",1,14,27,12,15
050,08,115,"Colorado","Sedgwick County",1,15,30,15,15
050,08,115,"Colorado","Sedgwick County",1,16,27,15,12
050,08,115,"Colorado","Sedgwick County",1,17,24,11,13
050,08,115,"Colorado","Sedgwick County",1,18,32,20,12
050,08,115,"Colorado","Sedgwick County",1,19,16,10,6
050,08,115,"Colorado","Sedgwick County",1,20,11,5,6
050,08,115,"Colorado","Sedgwick County",1,21,23,13,10
050,08,115,"Colorado","Sedgwick County",1,22,33,19,14
050,08,115,"Colorado","Sedgwick County",1,23,17,7,10
050,08,115,"Colorado","Sedgwick County",1,24,14,9,5
050,08,115,"Colorado","Sedgwick County",1,25,20,8,12
050,08,115,"Colorado","Sedgwick County",1,26,19,7,12
050,08,115,"Colorado","Sedgwick County",1,27,15,7,8
050,08,115,"Colorado","Sedgwick County",1,28,27,14,13
050,08,115,"Colorado","Sedgwick County",1,29,26,17,9
050,08,115,"Colorado","Sedgwick County",1,30,23,11,12
050,08,115,"Colorado","Sedgwick County",1,31,26,14,12
050,08,115,"Colorado","Sedgwick County",1,32,26,10,16
050,08,115,"Colorado","Sedgwick County",1,33,27,15,12
050,08,115,"Colorado","Sedgwick County",1,34,28,13,15
050,08,115,"Colorado","Sedgwick County",1,35,29,12,17
050,08,115,"Colorado","Sedgwick County",1,36,28,11,17
050,08,115,"Colorado","Sedgwick County",1,37,25,11,14
050,08,115,"Colorado","Sedgwick County",1,38,25,11,14
050,08,115,"Colorado","Sedgwick County",1,39,30,15,15
050,08,115,"Colorado","Sedgwick County",1,40,19,8,11
050,08,115,"Colorado","Sedgwick County",1,41,30,17,13
050,08,115,"Colorado","Sedgwick County",1,42,24,11,13
050,08,115,"Colorado","Sedgwick County",1,43,28,13,15
050,08,115,"Colorado","Sedgwick County",1,44,24,10,14
050,08,115,"Colorado","Sedgwick County",1,45,23,14,9
050,08,115,"Colorado","Sedgwick County",1,46,24,12,12
050,08,115,"Colorado","Sedgwick County",1,47,25,13,12
050,08,115,"Colorado","Sedgwick County",1,48,25,19,6
050,08,115,"Colorado","Sedgwick County",1,49,22,13,9
050,08,115,"Colorado","Sedgwick County",1,50,16,9,7
050,08,115,"Colorado","Sedgwick County",1,51,22,9,13
050,08,115,"Colorado","Sedgwick County",1,52,19,10,9
050,08,115,"Colorado","Sedgwick County",1,53,20,9,11
050,08,115,"Colorado","Sedgwick County",1,54,26,14,12
050,08,115,"Colorado","Sedgwick County",1,55,30,17,13
050,08,115,"Colorado","Sedgwick County",1,56,26,14,12
050,08,115,"Colorado","Sedgwick County",1,57,34,15,19
050,08,115,"Colorado","Sedgwick County",1,58,42,20,22
050,08,115,"Colorado","Sedgwick County",1,59,37,22,15
050,08,115,"Colorado","Sedgwick County",1,60,35,17,18
050,08,115,"Colorado","Sedgwick County",1,61,36,20,16
050,08,115,"Colorado","Sedgwick County",1,62,51,32,19
050,08,115,"Colorado","Sedgwick County",1,63,50,27,23
050,08,115,"Colorado","Sedgwick County",1,64,49,26,23
050,08,115,"Colorado","Sedgwick County",1,65,47,21,26
050,08,115,"Colorado","Sedgwick County",1,66,45,20,25
050,08,115,"Colorado","Sedgwick County",1,67,46,21,25
050,08,115,"Colorado","Sedgwick County",1,68,39,14,25
050,08,115,"Colorado","Sedgwick County",1,69,41,22,19
050,08,115,"Colorado","Sedgwick County",1,70,32,19,13
050,08,115,"Colorado","Sedgwick County",1,71,38,24,14
050,08,115,"Colorado","Sedgwick County",1,72,31,15,16
050,08,115,"Colorado","Sedgwick County",1,73,32,18,14
050,08,115,"Colorado","Sedgwick County",1,74,28,15,13
050,08,115,"Colorado","Sedgwick County",1,75,27,11,16
050,08,115,"Colorado","Sedgwick County",1,76,19,8,11
050,08,115,"Colorado","Sedgwick County",1,77,23,11,12
050,08,115,"Colorado","Sedgwick County",1,78,26,13,13
050,08,115,"Colorado","Sedgwick County",1,79,18,9,9
050,08,115,"Colorado","Sedgwick County",1,80,14,4,10
050,08,115,"Colorado","Sedgwick County",1,81,24,11,13
050,08,115,"Colorado","Sedgwick County",1,82,24,14,10
050,08,115,"Colorado","Sedgwick County",1,83,14,10,4
050,08,115,"Colorado","Sedgwick County",1,84,11,4,7
050,08,115,"Colorado","Sedgwick County",1,85,107,30,77
050,08,115,"Colorado","Sedgwick County",2,0,21,11,10
050,08,115,"Colorado","Sedgwick County",2,1,23,11,12
050,08,115,"Colorado","Sedgwick County",2,2,23,13,10
050,08,115,"Colorado","Sedgwick County",2,3,19,12,7
050,08,115,"Colorado","Sedgwick County",2,4,27,14,13
050,08,115,"Colorado","Sedgwick County",2,5,22,9,13
050,08,115,"Colorado","Sedgwick County",2,6,23,13,10
050,08,115,"Colorado","Sedgwick County",2,7,29,16,13
050,08,115,"Colorado","Sedgwick County",2,8,28,16,12
050,08,115,"Colorado","Sedgwick County",2,9,26,12,14
050,08,115,"Colorado","Sedgwick County",2,10,31,14,17
050,08,115,"Colorado","Sedgwick County",2,11,28,16,12
050,08,115,"Colorado","Sedgwick County",2,12,26,13,13
050,08,115,"Colorado","Sedgwick County",2,13,27,11,16
050,08,115,"Colorado","Sedgwick County",2,14,27,11,16
050,08,115,"Colorado","Sedgwick County",2,15,29,14,15
050,08,115,"Colorado","Sedgwick County",2,16,26,14,12
050,08,115,"Colorado","Sedgwick County",2,17,24,11,13
050,08,115,"Colorado","Sedgwick County",2,18,28,16,12
050,08,115,"Colorado","Sedgwick County",2,19,18,11,7
050,08,115,"Colorado","Sedgwick County",2,20,11,5,6
050,08,115,"Colorado","Sedgwick County",2,21,20,12,8
050,08,115,"Colorado","Sedgwick County",2,22,30,17,13
050,08,115,"Colorado","Sedgwick County",2,23,19,9,10
050,08,115,"Colorado","Sedgwick County",2,24,14,9,5
050,08,115,"Colorado","Sedgwick County",2,25,19,8,11
050,08,115,"Colorado","Sedgwick County",2,26,18,7,11
050,08,115,"Colorado","Sedgwick County",2,27,16,7,9
050,08,115,"Colorado","Sedgwick County",2,28,25,13,12
050,08,115,"Colorado","Sedgwick County",2,29,25,16,9
050,08,115,"Colorado","Sedgwick County",2,30,23,12,11
050,08,115,"Colorado","Sedgwick County",2,31,24,12,12
050,08,115,"Colorado","Sedgwick County",2,32,26,11,15
050,08,115,"Colorado","Sedgwick County",2,33,27,14,13
050,08,115,"Colorado","Sedgwick County",2,34,28,14,14
050,08,115,"Colorado","Sedgwick County",2,35,29,12,17
050,08,115,"Colorado","Sedgwick County",2,36,29,12,17
050,08,115,"Colorado","Sedgwick County",2,37,26,12,14
050,08,115,"Colorado","Sedgwick County",2,38,26,11,15
050,08,115,"Colorado","Sedgwick County",2,39,27,13,14
050,08,115,"Colorado","Sedgwick County",2,40,22,10,12
050,08,115,"Colorado","Sedgwick County",2,41,27,15,12
050,08,115,"Colorado","Sedgwick County",2,42,25,12,13
050,08,115,"Colorado","Sedgwick County",2,43,27,13,14
050,08,115,"Colorado","Sedgwick County",2,44,25,11,14
050,08,115,"Colorado","Sedgwick County",2,45,25,15,10
050,08,115,"Colorado","Sedgwick County",2,46,25,13,12
050,08,115,"Colorado","Sedgwick County",2,47,25,13,12
050,08,115,"Colorado","Sedgwick County",2,48,26,18,8
050,08,115,"Colorado","Sedgwick County",2,49,23,15,8
050,08,115,"Colorado","Sedgwick County",2,50,19,11,8
050,08,115,"Colorado","Sedgwick County",2,51,19,8,11
050,08,115,"Colorado","Sedgwick County",2,52,19,10,9
050,08,115,"Colorado","Sedgwick County",2,53,20,9,11
050,08,115,"Colorado","Sedgwick County",2,54,25,13,12
050,08,115,"Colorado","Sedgwick County",2,55,29,16,13
050,08,115,"Colorado","Sedgwick County",2,56,28,16,12
050,08,115,"Colorado","Sedgwick County",2,57,32,14,18
050,08,115,"Colorado","Sedgwick County",2,58,40,18,22
050,08,115,"Colorado","Sedgwick County",2,59,36,20,16
050,08,115,"Colorado","Sedgwick County",2,60,35,18,17
050,08,115,"Colorado","Sedgwick County",2,61,35,19,16
050,08,115,"Colorado","Sedgwick County",2,62,46,28,18
050,08,115,"Colorado","Sedgwick County",2,63,52,29,23
050,08,115,"Colorado","Sedgwick County",2,64,46,24,22
050,08,115,"Colorado","Sedgwick County",2,65,49,23,26
050,08,115,"Colorado","Sedgwick County",2,66,46,21,25
050,08,115,"Colorado","Sedgwick County",2,67,46,20,26
050,08,115,"Colorado","Sedgwick County",2,68,41,16,25
050,08,115,"Colorado","Sedgwick County",2,69,40,20,20
050,08,115,"Colorado","Sedgwick County",2,70,34,20,14
050,08,115,"Colorado","Sedgwick County",2,71,38,24,14
050,08,115,"Colorado","Sedgwick County",2,72,33,17,16
050,08,115,"Colorado","Sedgwick County",2,73,34,19,15
050,08,115,"Colorado","Sedgwick County",2,74,27,15,12
050,08,115,"Colorado","Sedgwick County",2,75,27,12,15
050,08,115,"Colorado","Sedgwick County",2,76,19,8,11
050,08,115,"Colorado","Sedgwick County",2,77,23,11,12
050,08,115,"Colorado","Sedgwick County",2,78,24,12,12
050,08,115,"Colorado","Sedgwick County",2,79,17,8,9
050,08,115,"Colorado","Sedgwick County",2,80,15,5,10
050,08,115,"Colorado","Sedgwick County",2,81,22,10,12
050,08,115,"Colorado","Sedgwick County",2,82,23,13,10
050,08,115,"Colorado","Sedgwick County",2,83,17,12,5
050,08,115,"Colorado","Sedgwick County",2,84,10,5,5
050,08,115,"Colorado","Sedgwick County",2,85,106,30,76
050,08,115,"Colorado","Sedgwick County",3,0,15,8,7
050,08,115,"Colorado","Sedgwick County",3,1,21,11,10
050,08,115,"Colorado","Sedgwick County",3,2,17,8,9
050,08,115,"Colorado","Sedgwick County",3,3,23,11,12
050,08,115,"Colorado","Sedgwick County",3,4,17,12,5
050,08,115,"Colorado","Sedgwick County",3,5,26,14,12
050,08,115,"Colorado","Sedgwick County",3,6,23,8,15
050,08,115,"Colorado","Sedgwick County",3,7,19,12,7
050,08,115,"Colorado","Sedgwick County",3,8,27,14,13
050,08,115,"Colorado","Sedgwick County",3,9,28,15,13
050,08,115,"Colorado","Sedgwick County",3,10,22,10,12
050,08,115,"Colorado","Sedgwick County",3,11,32,12,20
050,08,115,"Colorado","Sedgwick County",3,12,29,14,15
050,08,115,"Colorado","Sedgwick County",3,13,24,11,13
050,08,115,"Colorado","Sedgwick County",3,14,26,12,14
050,08,115,"Colorado","Sedgwick County",3,15,31,14,17
050,08,115,"Colorado","Sedgwick County",3,16,31,14,17
050,08,115,"Colorado","Sedgwick County",3,17,26,15,11
050,08,115,"Colorado","Sedgwick County",3,18,23,10,13
050,08,115,"Colorado","Sedgwick County",3,19,24,14,10
050,08,115,"Colorado","Sedgwick County",3,20,14,7,7
050,08,115,"Colorado","Sedgwick County",3,21,14,7,7
050,08,115,"Colorado","Sedgwick County",3,22,19,14,5
050,08,115,"Colorado","Sedgwick County",3,23,26,15,11
050,08,115,"Colorado","Sedgwick County",3,24,20,9,11
050,08,115,"Colorado","Sedgwick County",3,25,12,5,7
050,08,115,"Colorado","Sedgwick County",3,26,15,5,10
050,08,115,"Colorado","Sedgwick County",3,27,16,7,9
050,08,115,"Colorado","Sedgwick County",3,28,12,5,7
050,08,115,"Colorado","Sedgwick County",3,29,22,11,11
050,08,115,"Colorado","Sedgwick County",3,30,19,12,7
050,08,115,"Colorado","Sedgwick County",3,31,22,9,13
050,08,115,"Colorado","Sedgwick County",3,32,20,9,11
050,08,115,"Colorado","Sedgwick County",3,33,23,11,12
050,08,115,"Colorado","Sedgwick County",3,34,26,12,14
050,08,115,"Colorado","Sedgwick County",3,35,29,12,17
050,08,115,"Colorado","Sedgwick County",3,36,28,11,17
050,08,115,"Colorado","Sedgwick County",3,37,31,13,18
050,08,115,"Colorado","Sedgwick County",3,38,25,14,11
050,08,115,"Colorado","Sedgwick County",3,39,25,12,13
050,08,115,"Colorado","Sedgwick County",3,40,25,13,12
050,08,115,"Colorado","Sedgwick County",3,41,24,12,12
050,08,115,"Colorado","Sedgwick County",3,42,27,13,14
050,08,115,"Colorado","Sedgwick County",3,43,31,16,15
050,08,115,"Colorado","Sedgwick County",3,44,26,12,14
050,08,115,"Colorado","Sedgwick County",3,45,26,11,15
050,08,115,"Colorado","Sedgwick County",3,46,27,14,13
050,08,115,"Colorado","Sedgwick County",3,47,25,14,11
050,08,115,"Colorado","Sedgwick County",3,48,28,14,14
050,08,115,"Colorado","Sedgwick County",3,49,28,19,9
050,08,115,"Colorado","Sedgwick County",3,50,22,14,8
050,08,115,"Colorado","Sedgwick County",3,51,18,10,8
050,08,115,"Colorado","Sedgwick County",3,52,17,8,9
050,08,115,"Colorado","Sedgwick County",3,53,16,8,8
050,08,115,"Colorado","Sedgwick County",3,54,23,11,12
050,08,115,"Colorado","Sedgwick County",3,55,20,9,11
050,08,115,"Colorado","Sedgwick County",3,56,31,18,13
050,08,115,"Colorado","Sedgwick County",3,57,28,16,12
050,08,115,"Colorado","Sedgwick County",3,58,33,15,18
050,08,115,"Colorado","Sedgwick County",3,59,40,18,22
050,08,115,"Colorado","Sedgwick County",3,60,37,20,17
050,08,115,"Colorado","Sedgwick County",3,61,36,18,18
050,08,115,"Colorado","Sedgwick County",3,62,32,18,14
050,08,115,"Colorado","Sedgwick County",3,63,48,28,20
050,08,115,"Colorado","Sedgwick County",3,64,54,32,22
050,08,115,"Colorado","Sedgwick County",3,65,43,22,21
050,08,115,"Colorado","Sedgwick County",3,66,44,19,25
050,08,115,"Colorado","Sedgwick County",3,67,46,21,25
050,08,115,"Colorado","Sedgwick County",3,68,43,19,24
050,08,115,"Colorado","Sedgwick County",3,69,40,16,24
050,08,115,"Colorado","Sedgwick County",3,70,43,22,21
050,08,115,"Colorado","Sedgwick County",3,71,33,19,14
050,08,115,"Colorado","Sedgwick County",3,72,43,25,18
050,08,115,"Colorado","Sedgwick County",3,73,30,16,14
050,08,115,"Colorado","Sedgwick County",3,74,32,17,15
050,08,115,"Colorado","Sedgwick County",3,75,22,12,10
050,08,115,"Colorado","Sedgwick County",3,76,25,12,13
050,08,115,"Colorado","Sedgwick County",3,77,18,8,10
050,08,115,"Colorado","Sedgwick County",3,78,23,11,12
050,08,115,"Colorado","Sedgwick County",3,79,24,12,12
050,08,115,"Colorado","Sedgwick County",3,80,15,7,8
050,08,115,"Colorado","Sedgwick County",3,81,17,5,12
050,08,115,"Colorado","Sedgwick County",3,82,22,10,12
050,08,115,"Colorado","Sedgwick County",3,83,21,12,9
050,08,115,"Colorado","Sedgwick County",3,84,18,11,7
050,08,115,"Colorado","Sedgwick County",3,85,100,30,70
050,08,115,"Colorado","Sedgwick County",4,0,15,8,7
050,08,115,"Colorado","Sedgwick County",4,1,15,8,7
050,08,115,"Colorado","Sedgwick County",4,2,24,12,12
050,08,115,"Colorado","Sedgwick County",4,3,15,5,10
050,08,115,"Colorado","Sedgwick County",4,4,27,10,17
050,08,115,"Colorado","Sedgwick County",4,5,19,13,6
050,08,115,"Colorado","Sedgwick County",4,6,31,19,12
050,08,115,"Colorado","Sedgwick County",4,7,23,9,14
050,08,115,"Colorado","Sedgwick County",4,8,22,13,9
050,08,115,"Colorado","Sedgwick County",4,9,26,16,10
050,08,115,"Colorado","Sedgwick County",4,10,26,15,11
050,08,115,"Colorado","Sedgwick County",4,11,23,9,14
050,08,115,"Colorado","Sedgwick County",4,12,32,12,20
050,08,115,"Colorado","Sedgwick County",4,13,30,16,14
050,08,115,"Colorado","Sedgwick County",4,14,24,12,12
050,08,115,"Colorado","Sedgwick County",4,15,23,9,14
050,08,115,"Colorado","Sedgwick County",4,16,29,14,15
050,08,115,"Colorado","Sedgwick County",4,17,30,14,16
050,08,115,"Colorado","Sedgwick County",4,18,21,11,10
050,08,115,"Colorado","Sedgwick County",4,19,18,10,8
050,08,115,"Colorado","Sedgwick County",4,20,22,14,8
050,08,115,"Colorado","Sedgwick County",4,21,14,7,7
050,08,115,"Colorado","Sedgwick County",4,22,8,3,5
050,08,115,"Colorado","Sedgwick County",4,23,17,12,5
050,08,115,"Colorado","Sedgwick County",4,24,27,14,13
050,08,115,"Colorado","Sedgwick County",4,25,21,9,12
050,08,115,"Colorado","Sedgwick County",4,26,10,5,5
050,08,115,"Colorado","Sedgwick County",4,27,17,7,10
050,08,115,"Colorado","Sedgwick County",4,28,17,8,9
050,08,115,"Colorado","Sedgwick County",4,29,10,5,5
050,08,115,"Colorado","Sedgwick County",4,30,24,9,15
050,08,115,"Colorado","Sedgwick County",4,31,20,12,8
050,08,115,"Colorado","Sedgwick County",4,32,21,9,12
050,08,115,"Colorado","Sedgwick County",4,33,22,9,13
050,08,115,"Colorado","Sedgwick County",4,34,23,11,12
050,08,115,"Colorado","Sedgwick County",4,35,26,15,11
050,08,115,"Colorado","Sedgwick County",4,36,25,12,13
050,08,115,"Colorado","Sedgwick County",4,37,26,11,15
050,08,115,"Colorado","Sedgwick County",4,38,32,13,19
050,08,115,"Colorado","Sedgwick County",4,39,27,13,14
050,08,115,"Colorado","Sedgwick County",4,40,23,15,8
050,08,115,"Colorado","Sedgwick County",4,41,26,12,14
050,08,115,"Colorado","Sedgwick County",4,42,26,13,13
050,08,115,"Colorado","Sedgwick County",4,43,26,14,12
050,08,115,"Colorado","Sedgwick County",4,44,31,16,15
050,08,115,"Colorado","Sedgwick County",4,45,23,11,12
050,08,115,"Colorado","Sedgwick County",4,46,29,14,15
050,08,115,"Colorado","Sedgwick County",4,47,27,14,13
050,08,115,"Colorado","Sedgwick County",4,48,21,13,8
050,08,115,"Colorado","Sedgwick County",4,49,26,13,13
050,08,115,"Colorado","Sedgwick County",4,50,29,20,9
050,08,115,"Colorado","Sedgwick County",4,51,23,15,8
050,08,115,"Colorado","Sedgwick County",4,52,19,12,7
050,08,115,"Colorado","Sedgwick County",4,53,17,6,11
050,08,115,"Colorado","Sedgwick County",4,54,18,9,9
050,08,115,"Colorado","Sedgwick County",4,55,19,9,10
050,08,115,"Colorado","Sedgwick County",4,56,19,9,10
050,08,115,"Colorado","Sedgwick County",4,57,33,20,13
050,08,115,"Colorado","Sedgwick County",4,58,24,12,12
050,08,115,"Colorado","Sedgwick County",4,59,32,14,18
050,08,115,"Colorado","Sedgwick County",4,60,45,23,22
050,08,115,"Colorado","Sedgwick County",4,61,35,18,17
050,08,115,"Colorado","Sedgwick County",4,62,35,16,19
050,08,115,"Colorado","Sedgwick County",4,63,34,20,14
050,08,115,"Colorado","Sedgwick County",4,64,49,28,21
050,08,115,"Colorado","Sedgwick County",4,65,54,31,23
050,08,115,"Colorado","Sedgwick County",4,66,42,23,19
050,08,115,"Colorado","Sedgwick County",4,67,50,23,27
050,08,115,"Colorado","Sedgwick County",4,68,45,22,23
050,08,115,"Colorado","Sedgwick County",4,69,42,19,23
050,08,115,"Colorado","Sedgwick County",4,70,37,14,23
050,08,115,"Colorado","Sedgwick County",4,71,41,21,20
050,08,115,"Colorado","Sedgwick County",4,72,32,19,13
050,08,115,"Colorado","Sedgwick County",4,73,38,21,17
050,08,115,"Colorado","Sedgwick County",4,74,31,17,14
050,08,115,"Colorado","Sedgwick County",4,75,26,15,11
050,08,115,"Colorado","Sedgwick County",4,76,23,12,11
050,08,115,"Colorado","Sedgwick County",4,77,23,10,13
050,08,115,"Colorado","Sedgwick County",4,78,18,8,10
050,08,115,"Colorado","Sedgwick County",4,79,23,11,12
050,08,115,"Colorado","Sedgwick County",4,80,22,11,11
050,08,115,"Colorado","Sedgwick County",4,81,15,7,8
050,08,115,"Colorado","Sedgwick County",4,82,17,5,12
050,08,115,"Colorado","Sedgwick County",4,83,19,8,11
050,08,115,"Colorado","Sedgwick County",4,84,21,11,10
050,08,115,"Colorado","Sedgwick County",4,85,96,35,61
050,08,115,"Colorado","Sedgwick County",5,0,14,7,7
050,08,115,"Colorado","Sedgwick County",5,1,15,8,7
050,08,115,"Colorado","Sedgwick County",5,2,19,9,10
050,08,115,"Colorado","Sedgwick County",5,3,26,14,12
050,08,115,"Colorado","Sedgwick County",5,4,13,7,6
050,08,115,"Colorado","Sedgwick County",5,5,32,10,22
050,08,115,"Colorado","Sedgwick County",5,6,24,14,10
050,08,115,"Colorado","Sedgwick County",5,7,28,18,10
050,08,115,"Colorado","Sedgwick County",5,8,25,11,14
050,08,115,"Colorado","Sedgwick County",5,9,25,12,13
050,08,115,"Colorado","Sedgwick County",5,10,30,20,10
050,08,115,"Colorado","Sedgwick County",5,11,21,12,9
050,08,115,"Colorado","Sedgwick County",5,12,27,11,16
050,08,115,"Colorado","Sedgwick County",5,13,31,13,18
050,08,115,"Colorado","Sedgwick County",5,14,33,15,18
050,08,115,"Colorado","Sedgwick County",5,15,28,12,16
050,08,115,"Colorado","Sedgwick County",5,16,23,9,14
050,08,115,"Colorado","Sedgwick County",5,17,31,14,17
050,08,115,"Colorado","Sedgwick County",5,18,27,16,11
050,08,115,"Colorado","Sedgwick County",5,19,13,6,7
050,08,115,"Colorado","Sedgwick County",5,20,17,10,7
050,08,115,"Colorado","Sedgwick County",5,21,24,15,9
050,08,115,"Colorado","Sedgwick County",5,22,14,6,8
050,08,115,"Colorado","Sedgwick County",5,23,12,6,6
050,08,115,"Colorado","Sedgwick County",5,24,19,10,9
050,08,115,"Colorado","Sedgwick County",5,25,34,18,16
050,08,115,"Colorado","Sedgwick County",5,26,24,9,15
050,08,115,"Colorado","Sedgwick County",5,27,14,9,5
050,08,115,"Colorado","Sedgwick County",5,28,18,8,10
050,08,115,"Colorado","Sedgwick County",5,29,22,12,10
050,08,115,"Colorado","Sedgwick County",5,30,13,7,6
050,08,115,"Colorado","Sedgwick County",5,31,20,8,12
050,08,115,"Colorado","Sedgwick County",5,32,20,13,7
050,08,115,"Colorado","Sedgwick County",5,33,19,9,10
050,08,115,"Colorado","Sedgwick County",5,34,21,9,12
050,08,115,"Colorado","Sedgwick County",5,35,29,11,18
050,08,115,"Colorado","Sedgwick County",5,36,30,17,13
050,08,115,"Colorado","Sedgwick County",5,37,25,12,13
050,08,115,"Colorado","Sedgwick County",5,38,21,8,13
050,08,115,"Colorado","Sedgwick County",5,39,33,13,20
050,08,115,"Colorado","Sedgwick County",5,40,28,14,14
050,08,115,"Colorado","Sedgwick County",5,41,22,15,7
050,08,115,"Colorado","Sedgwick County",5,42,27,12,15
050,08,115,"Colorado","Sedgwick County",5,43,26,15,11
050,08,115,"Colorado","Sedgwick County",5,44,26,14,12
050,08,115,"Colorado","Sedgwick County",5,45,31,17,14
050,08,115,"Colorado","Sedgwick County",5,46,24,13,11
050,08,115,"Colorado","Sedgwick County",5,47,28,13,15
050,08,115,"Colorado","Sedgwick County",5,48,25,15,10
050,08,115,"Colorado","Sedgwick County",5,49,24,13,11
050,08,115,"Colorado","Sedgwick County",5,50,23,11,12
050,08,115,"Colorado","Sedgwick County",5,51,27,19,8
050,08,115,"Colorado","Sedgwick County",5,52,19,14,5
050,08,115,"Colorado","Sedgwick County",5,53,16,9,7
050,08,115,"Colorado","Sedgwick County",5,54,19,7,12
050,08,115,"Colorado","Sedgwick County",5,55,18,9,9
050,08,115,"Colorado","Sedgwick County",5,56,20,10,10
050,08,115,"Colorado","Sedgwick County",5,57,21,11,10
050,08,115,"Colorado","Sedgwick County",5,58,32,19,13
050,08,115,"Colorado","Sedgwick County",5,59,24,12,12
050,08,115,"Colorado","Sedgwick County",5,60,38,14,24
050,08,115,"Colorado","Sedgwick County",5,61,45,23,22
050,08,115,"Colorado","Sedgwick County",5,62,33,17,16
050,08,115,"Colorado","Sedgwick County",5,63,35,16,19
050,08,115,"Colorado","Sedgwick County",5,64,34,20,14
050,08,115,"Colorado","Sedgwick County",5,65,49,27,22
050,08,115,"Colorado","Sedgwick County",5,66,47,28,19
050,08,115,"Colorado","Sedgwick County",5,67,45,24,21
050,08,115,"Colorado","Sedgwick County",5,68,44,20,24
050,08,115,"Colorado","Sedgwick County",5,69,44,22,22
050,08,115,"Colorado","Sedgwick County",5,70,44,20,24
050,08,115,"Colorado","Sedgwick County",5,71,36,13,23
050,08,115,"Colorado","Sedgwick County",5,72,38,21,17
050,08,115,"Colorado","Sedgwick County",5,73,29,17,12
050,08,115,"Colorado","Sedgwick County",5,74,42,23,19
050,08,115,"Colorado","Sedgwick County",5,75,27,14,13
050,08,115,"Colorado","Sedgwick County",5,76,24,16,8
050,08,115,"Colorado","Sedgwick County",5,77,22,12,10
050,08,115,"Colorado","Sedgwick County",5,78,22,11,11
050,08,115,"Colorado","Sedgwick County",5,79,17,8,9
050,08,115,"Colorado","Sedgwick County",5,80,23,11,12
050,08,115,"Colorado","Sedgwick County",5,81,21,12,9
050,08,115,"Colorado","Sedgwick County",5,82,14,7,7
050,08,115,"Colorado","Sedgwick County",5,83,15,4,11
050,08,115,"Colorado","Sedgwick County",5,84,20,8,12
050,08,115,"Colorado","Sedgwick County",5,85,97,40,57
050,08,117,"Colorado","Summit County",1,0,263,136,127
050,08,117,"Colorado","Summit County",1,1,267,146,121
050,08,117,"Colorado","Summit County",1,2,284,160,124
050,08,117,"Colorado","Summit County",1,3,283,158,125
050,08,117,"Colorado","Summit County",1,4,306,168,138
050,08,117,"Colorado","Summit County",1,5,260,133,127
050,08,117,"Colorado","Summit County",1,6,246,126,120
050,08,117,"Colorado","Summit County",1,7,261,148,113
050,08,117,"Colorado","Summit County",1,8,308,152,156
050,08,117,"Colorado","Summit County",1,9,293,141,152
050,08,117,"Colorado","Summit County",1,10,263,130,133
050,08,117,"Colorado","Summit County",1,11,309,162,147
050,08,117,"Colorado","Summit County",1,12,348,177,171
050,08,117,"Colorado","Summit County",1,13,300,142,158
050,08,117,"Colorado","Summit County",1,14,282,153,129
050,08,117,"Colorado","Summit County",1,15,283,159,124
050,08,117,"Colorado","Summit County",1,16,275,153,122
050,08,117,"Colorado","Summit County",1,17,277,154,123
050,08,117,"Colorado","Summit County",1,18,256,135,121
050,08,117,"Colorado","Summit County",1,19,213,115,98
050,08,117,"Colorado","Summit County",1,20,216,123,93
050,08,117,"Colorado","Summit County",1,21,242,145,97
050,08,117,"Colorado","Summit County",1,22,282,157,125
050,08,117,"Colorado","Summit County",1,23,397,233,164
050,08,117,"Colorado","Summit County",1,24,444,257,187
050,08,117,"Colorado","Summit County",1,25,556,331,225
050,08,117,"Colorado","Summit County",1,26,604,342,262
050,08,117,"Colorado","Summit County",1,27,666,368,298
050,08,117,"Colorado","Summit County",1,28,702,383,319
050,08,117,"Colorado","Summit County",1,29,657,395,262
050,08,117,"Colorado","Summit County",1,30,659,376,283
050,08,117,"Colorado","Summit County",1,31,613,362,251
050,08,117,"Colorado","Summit County",1,32,558,301,257
050,08,117,"Colorado","Summit County",1,33,578,337,241
050,08,117,"Colorado","Summit County",1,34,584,338,246
050,08,117,"Colorado","Summit County",1,35,556,293,263
050,08,117,"Colorado","Summit County",1,36,506,299,207
050,08,117,"Colorado","Summit County",1,37,507,289,218
050,08,117,"Colorado","Summit County",1,38,507,282,225
050,08,117,"Colorado","Summit County",1,39,484,259,225
050,08,117,"Colorado","Summit County",1,40,456,244,212
050,08,117,"Colorado","Summit County",1,41,450,227,223
050,08,117,"Colorado","Summit County",1,42,445,245,200
050,08,117,"Colorado","Summit County",1,43,419,238,181
050,08,117,"Colorado","Summit County",1,44,421,241,180
050,08,117,"Colorado","Summit County",1,45,459,261,198
050,08,117,"Colorado","Summit County",1,46,416,229,187
050,08,117,"Colorado","Summit County",1,47,434,254,180
050,08,117,"Colorado","Summit County",1,48,472,266,206
050,08,117,"Colorado","Summit County",1,49,492,285,207
050,08,117,"Colorado","Summit County",1,50,475,280,195
050,08,117,"Colorado","Summit County",1,51,434,247,187
050,08,117,"Colorado","Summit County",1,52,399,208,191
050,08,117,"Colorado","Summit County",1,53,407,222,185
050,08,117,"Colorado","Summit County",1,54,445,234,211
050,08,117,"Colorado","Summit County",1,55,417,213,204
050,08,117,"Colorado","Summit County",1,56,403,217,186
050,08,117,"Colorado","Summit County",1,57,422,237,185
050,08,117,"Colorado","Summit County",1,58,414,225,189
050,08,117,"Colorado","Summit County",1,59,444,247,197
050,08,117,"Colorado","Summit County",1,60,424,226,198
050,08,117,"Colorado","Summit County",1,61,432,236,196
050,08,117,"Colorado","Summit County",1,62,424,224,200
050,08,117,"Colorado","Summit County",1,63,435,225,210
050,08,117,"Colorado","Summit County",1,64,399,217,182
050,08,117,"Colorado","Summit County",1,65,406,223,183
050,08,117,"Colorado","Summit County",1,66,384,214,170
050,08,117,"Colorado","Summit County",1,67,428,223,205
050,08,117,"Colorado","Summit County",1,68,371,191,180
050,08,117,"Colorado","Summit County",1,69,307,155,152
050,08,117,"Colorado","Summit County",1,70,269,144,125
050,08,117,"Colorado","Summit County",1,71,283,147,136
050,08,117,"Colorado","Summit County",1,72,281,141,140
050,08,117,"Colorado","Summit County",1,73,244,128,116
050,08,117,"Colorado","Summit County",1,74,175,83,92
050,08,117,"Colorado","Summit County",1,75,175,91,84
050,08,117,"Colorado","Summit County",1,76,154,89,65
050,08,117,"Colorado","Summit County",1,77,171,95,76
050,08,117,"Colorado","Summit County",1,78,106,58,48
050,08,117,"Colorado","Summit County",1,79,94,53,41
050,08,117,"Colorado","Summit County",1,80,83,44,39
050,08,117,"Colorado","Summit County",1,81,72,40,32
050,08,117,"Colorado","Summit County",1,82,70,43,27
050,08,117,"Colorado","Summit County",1,83,43,25,18
050,08,117,"Colorado","Summit County",1,84,36,21,15
050,08,117,"Colorado","Summit County",1,85,170,84,86
050,08,117,"Colorado","Summit County",2,0,262,137,125
050,08,117,"Colorado","Summit County",2,1,262,140,122
050,08,117,"Colorado","Summit County",2,2,281,157,124
050,08,117,"Colorado","Summit County",2,3,281,156,125
050,08,117,"Colorado","Summit County",2,4,300,164,136
050,08,117,"Colorado","Summit County",2,5,270,141,129
050,08,117,"Colorado","Summit County",2,6,250,129,121
050,08,117,"Colorado","Summit County",2,7,258,143,115
050,08,117,"Colorado","Summit County",2,8,293,149,144
050,08,117,"Colorado","Summit County",2,9,295,142,153
050,08,117,"Colorado","Summit County",2,10,269,132,137
050,08,117,"Colorado","Summit County",2,11,297,155,142
050,08,117,"Colorado","Summit County",2,12,341,173,168
050,08,117,"Colorado","Summit County",2,13,308,149,159
050,08,117,"Colorado","Summit County",2,14,283,148,135
050,08,117,"Colorado","Summit County",2,15,278,154,124
050,08,117,"Colorado","Summit County",2,16,274,151,123
050,08,117,"Colorado","Summit County",2,17,279,154,125
050,08,117,"Colorado","Summit County",2,18,254,136,118
050,08,117,"Colorado","Summit County",2,19,220,121,99
050,08,117,"Colorado","Summit County",2,20,224,128,96
050,08,117,"Colorado","Summit County",2,21,239,141,98
050,08,117,"Colorado","Summit County",2,22,293,165,128
050,08,117,"Colorado","Summit County",2,23,389,227,162
050,08,117,"Colorado","Summit County",2,24,438,252,186
050,08,117,"Colorado","Summit County",2,25,538,322,216
050,08,117,"Colorado","Summit County",2,26,590,333,257
050,08,117,"Colorado","Summit County",2,27,651,362,289
050,08,117,"Colorado","Summit County",2,28,692,382,310
050,08,117,"Colorado","Summit County",2,29,662,390,272
050,08,117,"Colorado","Summit County",2,30,659,381,278
050,08,117,"Colorado","Summit County",2,31,610,356,254
050,08,117,"Colorado","Summit County",2,32,566,315,251
050,08,117,"Colorado","Summit County",2,33,568,325,243
050,08,117,"Colorado","Summit County",2,34,579,334,245
050,08,117,"Colorado","Summit County",2,35,564,304,260
050,08,117,"Colorado","Summit County",2,36,506,289,217
050,08,117,"Colorado","Summit County",2,37,506,289,217
050,08,117,"Colorado","Summit County",2,38,511,284,227
050,08,117,"Colorado","Summit County",2,39,488,264,224
050,08,117,"Colorado","Summit County",2,40,459,244,215
050,08,117,"Colorado","Summit County",2,41,446,228,218
050,08,117,"Colorado","Summit County",2,42,441,239,202
050,08,117,"Colorado","Summit County",2,43,421,237,184
050,08,117,"Colorado","Summit County",2,44,417,239,178
050,08,117,"Colorado","Summit County",2,45,453,256,197
050,08,117,"Colorado","Summit County",2,46,425,235,190
050,08,117,"Colorado","Summit County",2,47,426,248,178
050,08,117,"Colorado","Summit County",2,48,463,263,200
050,08,117,"Colorado","Summit County",2,49,486,278,208
050,08,117,"Colorado","Summit County",2,50,481,283,198
050,08,117,"Colorado","Summit County",2,51,437,249,188
050,08,117,"Colorado","Summit County",2,52,408,218,190
050,08,117,"Colorado","Summit County",2,53,409,222,187
050,08,117,"Colorado","Summit County",2,54,431,230,201
050,08,117,"Colorado","Summit County",2,55,423,218,205
050,08,117,"Colorado","Summit County",2,56,403,215,188
050,08,117,"Colorado","Summit County",2,57,412,232,180
050,08,117,"Colorado","Summit County",2,58,415,229,186
050,08,117,"Colorado","Summit County",2,59,440,244,196
050,08,117,"Colorado","Summit County",2,60,423,226,197
050,08,117,"Colorado","Summit County",2,61,427,233,194
050,08,117,"Colorado","Summit County",2,62,422,226,196
050,08,117,"Colorado","Summit County",2,63,432,224,208
050,08,117,"Colorado","Summit County",2,64,401,213,188
050,08,117,"Colorado","Summit County",2,65,402,219,183
050,08,117,"Colorado","Summit County",2,66,387,215,172
050,08,117,"Colorado","Summit County",2,67,416,218,198
050,08,117,"Colorado","Summit County",2,68,378,196,182
050,08,117,"Colorado","Summit County",2,69,323,164,159
050,08,117,"Colorado","Summit County",2,70,278,147,131
050,08,117,"Colorado","Summit County",2,71,276,144,132
050,08,117,"Colorado","Summit County",2,72,274,139,135
050,08,117,"Colorado","Summit County",2,73,264,137,127
050,08,117,"Colorado","Summit County",2,74,180,88,92
050,08,117,"Colorado","Summit County",2,75,174,88,86
050,08,117,"Colorado","Summit County",2,76,158,89,69
050,08,117,"Colorado","Summit County",2,77,167,94,73
050,08,117,"Colorado","Summit County",2,78,117,64,53
050,08,117,"Colorado","Summit County",2,79,92,52,40
050,08,117,"Colorado","Summit County",2,80,85,46,39
050,08,117,"Colorado","Summit County",2,81,73,40,33
050,08,117,"Colorado","Summit County",2,82,71,42,29
050,08,117,"Colorado","Summit County",2,83,48,28,20
050,08,117,"Colorado","Summit County",2,84,36,21,15
050,08,117,"Colorado","Summit County",2,85,173,83,90
050,08,117,"Colorado","Summit County",3,0,251,126,125
050,08,117,"Colorado","Summit County",3,1,256,128,128
050,08,117,"Colorado","Summit County",3,2,257,134,123
050,08,117,"Colorado","Summit County",3,3,275,165,110
050,08,117,"Colorado","Summit County",3,4,263,147,116
050,08,117,"Colorado","Summit County",3,5,297,158,139
050,08,117,"Colorado","Summit County",3,6,260,136,124
050,08,117,"Colorado","Summit County",3,7,255,134,121
050,08,117,"Colorado","Summit County",3,8,261,143,118
050,08,117,"Colorado","Summit County",3,9,291,146,145
050,08,117,"Colorado","Summit County",3,10,294,140,154
050,08,117,"Colorado","Summit County",3,11,266,132,134
050,08,117,"Colorado","Summit County",3,12,291,145,146
050,08,117,"Colorado","Summit County",3,13,327,160,167
050,08,117,"Colorado","Summit County",3,14,300,153,147
050,08,117,"Colorado","Summit County",3,15,286,151,135
050,08,117,"Colorado","Summit County",3,16,275,154,121
050,08,117,"Colorado","Summit County",3,17,277,152,125
050,08,117,"Colorado","Summit County",3,18,242,139,103
050,08,117,"Colorado","Summit County",3,19,232,141,91
050,08,117,"Colorado","Summit County",3,20,233,130,103
050,08,117,"Colorado","Summit County",3,21,220,126,94
050,08,117,"Colorado","Summit County",3,22,275,158,117
050,08,117,"Colorado","Summit County",3,23,353,200,153
050,08,117,"Colorado","Summit County",3,24,411,229,182
050,08,117,"Colorado","Summit County",3,25,519,314,205
050,08,117,"Colorado","Summit County",3,26,512,290,222
050,08,117,"Colorado","Summit County",3,27,589,323,266
050,08,117,"Colorado","Summit County",3,28,655,351,304
050,08,117,"Colorado","Summit County",3,29,690,399,291
050,08,117,"Colorado","Summit County",3,30,695,423,272
050,08,117,"Colorado","Summit County",3,31,632,367,265
050,08,117,"Colorado","Summit County",3,32,602,333,269
050,08,117,"Colorado","Summit County",3,33,547,298,249
050,08,117,"Colorado","Summit County",3,34,543,311,232
050,08,117,"Colorado","Summit County",3,35,554,326,228
050,08,117,"Colorado","Summit County",3,36,532,284,248
050,08,117,"Colorado","Summit County",3,37,493,269,224
050,08,117,"Colorado","Summit County",3,38,509,287,222
050,08,117,"Colorado","Summit County",3,39,497,274,223
050,08,117,"Colorado","Summit County",3,40,467,252,215
050,08,117,"Colorado","Summit County",3,41,443,247,196
050,08,117,"Colorado","Summit County",3,42,459,237,222
050,08,117,"Colorado","Summit County",3,43,435,243,192
050,08,117,"Colorado","Summit County",3,44,437,245,192
050,08,117,"Colorado","Summit County",3,45,417,235,182
050,08,117,"Colorado","Summit County",3,46,447,247,200
050,08,117,"Colorado","Summit County",3,47,401,216,185
050,08,117,"Colorado","Summit County",3,48,421,244,177
050,08,117,"Colorado","Summit County",3,49,452,256,196
050,08,117,"Colorado","Summit County",3,50,517,287,230
050,08,117,"Colorado","Summit County",3,51,455,263,192
050,08,117,"Colorado","Summit County",3,52,434,254,180
050,08,117,"Colorado","Summit County",3,53,408,213,195
050,08,117,"Colorado","Summit County",3,54,418,225,193
050,08,117,"Colorado","Summit County",3,55,439,239,200
050,08,117,"Colorado","Summit County",3,56,411,204,207
050,08,117,"Colorado","Summit County",3,57,427,234,193
050,08,117,"Colorado","Summit County",3,58,416,244,172
050,08,117,"Colorado","Summit County",3,59,418,227,191
050,08,117,"Colorado","Summit County",3,60,448,244,204
050,08,117,"Colorado","Summit County",3,61,424,228,196
050,08,117,"Colorado","Summit County",3,62,420,229,191
050,08,117,"Colorado","Summit County",3,63,440,237,203
050,08,117,"Colorado","Summit County",3,64,420,206,214
050,08,117,"Colorado","Summit County",3,65,415,217,198
050,08,117,"Colorado","Summit County",3,66,395,210,185
050,08,117,"Colorado","Summit County",3,67,386,213,173
050,08,117,"Colorado","Summit County",3,68,408,217,191
050,08,117,"Colorado","Summit County",3,69,359,189,170
050,08,117,"Colorado","Summit County",3,70,314,163,151
050,08,117,"Colorado","Summit County",3,71,264,143,121
050,08,117,"Colorado","Summit County",3,72,262,135,127
050,08,117,"Colorado","Summit County",3,73,269,136,133
050,08,117,"Colorado","Summit County",3,74,260,138,122
050,08,117,"Colorado","Summit County",3,75,177,84,93
050,08,117,"Colorado","Summit County",3,76,161,85,76
050,08,117,"Colorado","Summit County",3,77,151,83,68
050,08,117,"Colorado","Summit County",3,78,148,90,58
050,08,117,"Colorado","Summit County",3,79,108,55,53
050,08,117,"Colorado","Summit County",3,80,84,46,38
050,08,117,"Colorado","Summit County",3,81,79,42,37
050,08,117,"Colorado","Summit County",3,82,69,39,30
050,08,117,"Colorado","Summit County",3,83,65,38,27
050,08,117,"Colorado","Summit County",3,84,42,22,20
050,08,117,"Colorado","Summit County",3,85,191,96,95
050,08,117,"Colorado","Summit County",4,0,260,128,132
050,08,117,"Colorado","Summit County",4,1,235,114,121
050,08,117,"Colorado","Summit County",4,2,249,128,121
050,08,117,"Colorado","Summit County",4,3,245,126,119
050,08,117,"Colorado","Summit County",4,4,281,167,114
050,08,117,"Colorado","Summit County",4,5,247,130,117
050,08,117,"Colorado","Summit County",4,6,288,156,132
050,08,117,"Colorado","Summit County",4,7,270,141,129
050,08,117,"Colorado","Summit County",4,8,252,129,123
050,08,117,"Colorado","Summit County",4,9,257,134,123
050,08,117,"Colorado","Summit County",4,10,298,151,147
050,08,117,"Colorado","Summit County",4,11,291,134,157
050,08,117,"Colorado","Summit County",4,12,257,128,129
050,08,117,"Colorado","Summit County",4,13,289,141,148
050,08,117,"Colorado","Summit County",4,14,323,157,166
050,08,117,"Colorado","Summit County",4,15,298,151,147
050,08,117,"Colorado","Summit County",4,16,286,158,128
050,08,117,"Colorado","Summit County",4,17,282,155,127
050,08,117,"Colorado","Summit County",4,18,248,143,105
050,08,117,"Colorado","Summit County",4,19,219,136,83
050,08,117,"Colorado","Summit County",4,20,228,133,95
050,08,117,"Colorado","Summit County",4,21,228,124,104
050,08,117,"Colorado","Summit County",4,22,257,146,111
050,08,117,"Colorado","Summit County",4,23,359,202,157
050,08,117,"Colorado","Summit County",4,24,391,209,182
050,08,117,"Colorado","Summit County",4,25,475,278,197
050,08,117,"Colorado","Summit County",4,26,513,300,213
050,08,117,"Colorado","Summit County",4,27,511,283,228
050,08,117,"Colorado","Summit County",4,28,580,299,281
050,08,117,"Colorado","Summit County",4,29,612,336,276
050,08,117,"Colorado","Summit County",4,30,689,400,289
050,08,117,"Colorado","Summit County",4,31,638,389,249
050,08,117,"Colorado","Summit County",4,32,645,364,281
050,08,117,"Colorado","Summit County",4,33,602,338,264
050,08,117,"Colorado","Summit County",4,34,533,298,235
050,08,117,"Colorado","Summit County",4,35,521,299,222
050,08,117,"Colorado","Summit County",4,36,510,297,213
050,08,117,"Colorado","Summit County",4,37,500,266,234
050,08,117,"Colorado","Summit County",4,38,477,262,215
050,08,117,"Colorado","Summit County",4,39,488,266,222
050,08,117,"Colorado","Summit County",4,40,465,249,216
050,08,117,"Colorado","Summit County",4,41,440,235,205
050,08,117,"Colorado","Summit County",4,42,430,239,191
050,08,117,"Colorado","Summit County",4,43,445,223,222
050,08,117,"Colorado","Summit County",4,44,427,233,194
050,08,117,"Colorado","Summit County",4,45,431,230,201
050,08,117,"Colorado","Summit County",4,46,413,230,183
050,08,117,"Colorado","Summit County",4,47,448,250,198
050,08,117,"Colorado","Summit County",4,48,418,231,187
050,08,117,"Colorado","Summit County",4,49,409,234,175
050,08,117,"Colorado","Summit County",4,50,447,247,200
050,08,117,"Colorado","Summit County",4,51,484,270,214
050,08,117,"Colorado","Summit County",4,52,423,237,186
050,08,117,"Colorado","Summit County",4,53,446,258,188
050,08,117,"Colorado","Summit County",4,54,397,208,189
050,08,117,"Colorado","Summit County",4,55,420,224,196
050,08,117,"Colorado","Summit County",4,56,435,237,198
050,08,117,"Colorado","Summit County",4,57,407,206,201
050,08,117,"Colorado","Summit County",4,58,431,234,197
050,08,117,"Colorado","Summit County",4,59,413,242,171
050,08,117,"Colorado","Summit County",4,60,421,228,193
050,08,117,"Colorado","Summit County",4,61,439,243,196
050,08,117,"Colorado","Summit County",4,62,393,212,181
050,08,117,"Colorado","Summit County",4,63,419,226,193
050,08,117,"Colorado","Summit County",4,64,428,228,200
050,08,117,"Colorado","Summit County",4,65,433,214,219
050,08,117,"Colorado","Summit County",4,66,408,211,197
050,08,117,"Colorado","Summit County",4,67,375,204,171
050,08,117,"Colorado","Summit County",4,68,372,206,166
050,08,117,"Colorado","Summit County",4,69,386,207,179
050,08,117,"Colorado","Summit County",4,70,360,193,167
050,08,117,"Colorado","Summit County",4,71,296,149,147
050,08,117,"Colorado","Summit County",4,72,254,135,119
050,08,117,"Colorado","Summit County",4,73,254,133,121
050,08,117,"Colorado","Summit County",4,74,252,125,127
050,08,117,"Colorado","Summit County",4,75,237,126,111
050,08,117,"Colorado","Summit County",4,76,170,83,87
050,08,117,"Colorado","Summit County",4,77,159,78,81
050,08,117,"Colorado","Summit County",4,78,135,77,58
050,08,117,"Colorado","Summit County",4,79,129,79,50
050,08,117,"Colorado","Summit County",4,80,97,46,51
050,08,117,"Colorado","Summit County",4,81,71,38,33
050,08,117,"Colorado","Summit County",4,82,69,36,33
050,08,117,"Colorado","Summit County",4,83,63,36,27
050,08,117,"Colorado","Summit County",4,84,54,30,24
050,08,117,"Colorado","Summit County",4,85,201,95,106
050,08,117,"Colorado","Summit County",5,0,262,130,132
050,08,117,"Colorado","Summit County",5,1,220,114,106
050,08,117,"Colorado","Summit County",5,2,238,114,124
050,08,117,"Colorado","Summit County",5,3,233,126,107
050,08,117,"Colorado","Summit County",5,4,248,135,113
050,08,117,"Colorado","Summit County",5,5,259,149,110
050,08,117,"Colorado","Summit County",5,6,247,124,123
050,08,117,"Colorado","Summit County",5,7,284,152,132
050,08,117,"Colorado","Summit County",5,8,262,140,122
050,08,117,"Colorado","Summit County",5,9,249,124,125
050,08,117,"Colorado","Summit County",5,10,255,144,111
050,08,117,"Colorado","Summit County",5,11,286,147,139
050,08,117,"Colorado","Summit County",5,12,289,132,157
050,08,117,"Colorado","Summit County",5,13,256,133,123
050,08,117,"Colorado","Summit County",5,14,277,134,143
050,08,117,"Colorado","Summit County",5,15,320,151,169
050,08,117,"Colorado","Summit County",5,16,302,157,145
050,08,117,"Colorado","Summit County",5,17,297,158,139
050,08,117,"Colorado","Summit County",5,18,245,133,112
050,08,117,"Colorado","Summit County",5,19,226,143,83
050,08,117,"Colorado","Summit County",5,20,248,157,91
050,08,117,"Colorado","Summit County",5,21,231,126,105
050,08,117,"Colorado","Summit County",5,22,272,154,118
050,08,117,"Colorado","Summit County",5,23,324,192,132
050,08,117,"Colorado","Summit County",5,24,395,216,179
050,08,117,"Colorado","Summit County",5,25,489,269,220
050,08,117,"Colorado","Summit County",5,26,473,263,210
050,08,117,"Colorado","Summit County",5,27,524,302,222
050,08,117,"Colorado","Summit County",5,28,524,294,230
050,08,117,"Colorado","Summit County",5,29,570,304,266
050,08,117,"Colorado","Summit County",5,30,651,360,291
050,08,117,"Colorado","Summit County",5,31,630,373,257
050,08,117,"Colorado","Summit County",5,32,615,374,241
050,08,117,"Colorado","Summit County",5,33,643,347,296
050,08,117,"Colorado","Summit County",5,34,565,314,251
050,08,117,"Colorado","Summit County",5,35,506,274,232
050,08,117,"Colorado","Summit County",5,36,486,272,214
050,08,117,"Colorado","Summit County",5,37,463,267,196
050,08,117,"Colorado","Summit County",5,38,476,250,226
050,08,117,"Colorado","Summit County",5,39,469,255,214
050,08,117,"Colorado","Summit County",5,40,469,248,221
050,08,117,"Colorado","Summit County",5,41,461,259,202
050,08,117,"Colorado","Summit County",5,42,444,237,207
050,08,117,"Colorado","Summit County",5,43,433,244,189
050,08,117,"Colorado","Summit County",5,44,445,229,216
050,08,117,"Colorado","Summit County",5,45,427,230,197
050,08,117,"Colorado","Summit County",5,46,426,228,198
050,08,117,"Colorado","Summit County",5,47,407,230,177
050,08,117,"Colorado","Summit County",5,48,437,241,196
050,08,117,"Colorado","Summit County",5,49,406,225,181
050,08,117,"Colorado","Summit County",5,50,429,251,178
050,08,117,"Colorado","Summit County",5,51,444,244,200
050,08,117,"Colorado","Summit County",5,52,477,263,214
050,08,117,"Colorado","Summit County",5,53,438,244,194
050,08,117,"Colorado","Summit County",5,54,430,245,185
050,08,117,"Colorado","Summit County",5,55,391,203,188
050,08,117,"Colorado","Summit County",5,56,416,219,197
050,08,117,"Colorado","Summit County",5,57,438,236,202
050,08,117,"Colorado","Summit County",5,58,408,211,197
050,08,117,"Colorado","Summit County",5,59,411,219,192
050,08,117,"Colorado","Summit County",5,60,412,241,171
050,08,117,"Colorado","Summit County",5,61,412,220,192
050,08,117,"Colorado","Summit County",5,62,429,237,192
050,08,117,"Colorado","Summit County",5,63,393,219,174
050,08,117,"Colorado","Summit County",5,64,411,226,185
050,08,117,"Colorado","Summit County",5,65,421,225,196
050,08,117,"Colorado","Summit County",5,66,418,206,212
050,08,117,"Colorado","Summit County",5,67,402,208,194
050,08,117,"Colorado","Summit County",5,68,369,205,164
050,08,117,"Colorado","Summit County",5,69,351,200,151
050,08,117,"Colorado","Summit County",5,70,368,198,170
050,08,117,"Colorado","Summit County",5,71,344,180,164
050,08,117,"Colorado","Summit County",5,72,286,145,141
050,08,117,"Colorado","Summit County",5,73,242,126,116
050,08,117,"Colorado","Summit County",5,74,246,129,117
050,08,117,"Colorado","Summit County",5,75,241,123,118
050,08,117,"Colorado","Summit County",5,76,222,122,100
050,08,117,"Colorado","Summit County",5,77,162,79,83
050,08,117,"Colorado","Summit County",5,78,138,68,70
050,08,117,"Colorado","Summit County",5,79,129,74,55
050,08,117,"Colorado","Summit County",5,80,122,77,45
050,08,117,"Colorado","Summit County",5,81,88,39,49
050,08,117,"Colorado","Summit County",5,82,58,34,24
050,08,117,"Colorado","Summit County",5,83,61,30,31
050,08,117,"Colorado","Summit County",5,84,58,33,25
050,08,117,"Colorado","Summit County",5,85,236,117,119
050,08,119,"Colorado","Teller County",1,0,162,84,78
050,08,119,"Colorado","Teller County",1,1,176,100,76
050,08,119,"Colorado","Teller County",1,2,156,93,63
050,08,119,"Colorado","Teller County",1,3,183,81,102
050,08,119,"Colorado","Teller County",1,4,224,117,107
050,08,119,"Colorado","Teller County",1,5,246,118,128
050,08,119,"Colorado","Teller County",1,6,219,106,113
050,08,119,"Colorado","Teller County",1,7,202,106,96
050,08,119,"Colorado","Teller County",1,8,230,115,115
050,08,119,"Colorado","Teller County",1,9,268,159,109
050,08,119,"Colorado","Teller County",1,10,257,124,133
050,08,119,"Colorado","Teller County",1,11,239,114,125
050,08,119,"Colorado","Teller County",1,12,265,140,125
050,08,119,"Colorado","Teller County",1,13,289,151,138
050,08,119,"Colorado","Teller County",1,14,260,127,133
050,08,119,"Colorado","Teller County",1,15,266,142,124
050,08,119,"Colorado","Teller County",1,16,263,134,129
050,08,119,"Colorado","Teller County",1,17,266,133,133
050,08,119,"Colorado","Teller County",1,18,217,123,94
050,08,119,"Colorado","Teller County",1,19,179,95,84
050,08,119,"Colorado","Teller County",1,20,182,89,93
050,08,119,"Colorado","Teller County",1,21,202,107,95
050,08,119,"Colorado","Teller County",1,22,184,99,85
050,08,119,"Colorado","Teller County",1,23,196,101,95
050,08,119,"Colorado","Teller County",1,24,209,101,108
050,08,119,"Colorado","Teller County",1,25,210,106,104
050,08,119,"Colorado","Teller County",1,26,211,113,98
050,08,119,"Colorado","Teller County",1,27,218,122,96
050,08,119,"Colorado","Teller County",1,28,231,117,114
050,08,119,"Colorado","Teller County",1,29,228,120,108
050,08,119,"Colorado","Teller County",1,30,244,129,115
050,08,119,"Colorado","Teller County",1,31,235,129,106
050,08,119,"Colorado","Teller County",1,32,228,122,106
050,08,119,"Colorado","Teller County",1,33,248,122,126
050,08,119,"Colorado","Teller County",1,34,256,130,126
050,08,119,"Colorado","Teller County",1,35,273,151,122
050,08,119,"Colorado","Teller County",1,36,265,152,113
050,08,119,"Colorado","Teller County",1,37,293,145,148
050,08,119,"Colorado","Teller County",1,38,285,152,133
050,08,119,"Colorado","Teller County",1,39,274,129,145
050,08,119,"Colorado","Teller County",1,40,274,131,143
050,08,119,"Colorado","Teller County",1,41,264,137,127
050,08,119,"Colorado","Teller County",1,42,269,126,143
050,08,119,"Colorado","Teller County",1,43,243,122,121
050,08,119,"Colorado","Teller County",1,44,251,132,119
050,08,119,"Colorado","Teller County",1,45,269,138,131
050,08,119,"Colorado","Teller County",1,46,255,138,117
050,08,119,"Colorado","Teller County",1,47,281,146,135
050,08,119,"Colorado","Teller County",1,48,336,161,175
050,08,119,"Colorado","Teller County",1,49,341,175,166
050,08,119,"Colorado","Teller County",1,50,361,189,172
050,08,119,"Colorado","Teller County",1,51,333,167,166
050,08,119,"Colorado","Teller County",1,52,330,172,158
050,08,119,"Colorado","Teller County",1,53,347,170,177
050,08,119,"Colorado","Teller County",1,54,370,203,167
050,08,119,"Colorado","Teller County",1,55,416,207,209
050,08,119,"Colorado","Teller County",1,56,484,239,245
050,08,119,"Colorado","Teller County",1,57,486,231,255
050,08,119,"Colorado","Teller County",1,58,535,252,283
050,08,119,"Colorado","Teller County",1,59,538,259,279
050,08,119,"Colorado","Teller County",1,60,528,267,261
050,08,119,"Colorado","Teller County",1,61,497,244,253
050,08,119,"Colorado","Teller County",1,62,522,252,270
050,08,119,"Colorado","Teller County",1,63,560,285,275
050,08,119,"Colorado","Teller County",1,64,545,283,262
050,08,119,"Colorado","Teller County",1,65,546,278,268
050,08,119,"Colorado","Teller County",1,66,516,255,261
050,08,119,"Colorado","Teller County",1,67,501,256,245
050,08,119,"Colorado","Teller County",1,68,487,245,242
050,08,119,"Colorado","Teller County",1,69,455,223,232
050,08,119,"Colorado","Teller County",1,70,426,221,205
050,08,119,"Colorado","Teller County",1,71,372,203,169
050,08,119,"Colorado","Teller County",1,72,369,208,161
050,08,119,"Colorado","Teller County",1,73,337,179,158
050,08,119,"Colorado","Teller County",1,74,243,123,120
050,08,119,"Colorado","Teller County",1,75,217,117,100
050,08,119,"Colorado","Teller County",1,76,212,111,101
050,08,119,"Colorado","Teller County",1,77,197,99,98
050,08,119,"Colorado","Teller County",1,78,153,75,78
050,08,119,"Colorado","Teller County",1,79,124,63,61
050,08,119,"Colorado","Teller County",1,80,103,56,47
050,08,119,"Colorado","Teller County",1,81,91,47,44
050,08,119,"Colorado","Teller County",1,82,93,49,44
050,08,119,"Colorado","Teller County",1,83,61,26,35
050,08,119,"Colorado","Teller County",1,84,50,21,29
050,08,119,"Colorado","Teller County",1,85,280,115,165
050,08,119,"Colorado","Teller County",2,0,174,87,87
050,08,119,"Colorado","Teller County",2,1,173,98,75
050,08,119,"Colorado","Teller County",2,2,163,94,69
050,08,119,"Colorado","Teller County",2,3,176,84,92
050,08,119,"Colorado","Teller County",2,4,217,112,105
050,08,119,"Colorado","Teller County",2,5,242,117,125
050,08,119,"Colorado","Teller County",2,6,226,110,116
050,08,119,"Colorado","Teller County",2,7,208,105,103
050,08,119,"Colorado","Teller County",2,8,227,116,111
050,08,119,"Colorado","Teller County",2,9,260,147,113
050,08,119,"Colorado","Teller County",2,10,260,132,128
050,08,119,"Colorado","Teller County",2,11,242,117,125
050,08,119,"Colorado","Teller County",2,12,264,137,127
050,08,119,"Colorado","Teller County",2,13,282,148,134
050,08,119,"Colorado","Teller County",2,14,264,131,133
050,08,119,"Colorado","Teller County",2,15,260,137,123
050,08,119,"Colorado","Teller County",2,16,265,136,129
050,08,119,"Colorado","Teller County",2,17,261,131,130
050,08,119,"Colorado","Teller County",2,18,215,120,95
050,08,119,"Colorado","Teller County",2,19,175,93,82
050,08,119,"Colorado","Teller County",2,20,187,92,95
050,08,119,"Colorado","Teller County",2,21,197,103,94
050,08,119,"Colorado","Teller County",2,22,188,100,88
050,08,119,"Colorado","Teller County",2,23,195,100,95
050,08,119,"Colorado","Teller County",2,24,204,101,103
050,08,119,"Colorado","Teller County",2,25,211,106,105
050,08,119,"Colorado","Teller County",2,26,214,115,99
050,08,119,"Colorado","Teller County",2,27,222,122,100
050,08,119,"Colorado","Teller County",2,28,230,121,109
050,08,119,"Colorado","Teller County",2,29,234,122,112
050,08,119,"Colorado","Teller County",2,30,245,130,115
050,08,119,"Colorado","Teller County",2,31,241,132,109
050,08,119,"Colorado","Teller County",2,32,231,123,108
050,08,119,"Colorado","Teller County",2,33,245,125,120
050,08,119,"Colorado","Teller County",2,34,257,131,126
050,08,119,"Colorado","Teller County",2,35,273,150,123
050,08,119,"Colorado","Teller County",2,36,273,154,119
050,08,119,"Colorado","Teller County",2,37,288,147,141
050,08,119,"Colorado","Teller County",2,38,289,150,139
050,08,119,"Colorado","Teller County",2,39,280,137,143
050,08,119,"Colorado","Teller County",2,40,277,132,145
050,08,119,"Colorado","Teller County",2,41,271,136,135
050,08,119,"Colorado","Teller County",2,42,266,128,138
050,08,119,"Colorado","Teller County",2,43,248,123,125
050,08,119,"Colorado","Teller County",2,44,250,131,119
050,08,119,"Colorado","Teller County",2,45,269,139,130
050,08,119,"Colorado","Teller County",2,46,258,139,119
050,08,119,"Colorado","Teller County",2,47,273,141,132
050,08,119,"Colorado","Teller County",2,48,317,154,163
050,08,119,"Colorado","Teller County",2,49,338,172,166
050,08,119,"Colorado","Teller County",2,50,357,186,171
050,08,119,"Colorado","Teller County",2,51,340,174,166
050,08,119,"Colorado","Teller County",2,52,328,169,159
050,08,119,"Colorado","Teller County",2,53,343,172,171
050,08,119,"Colorado","Teller County",2,54,362,191,171
050,08,119,"Colorado","Teller County",2,55,412,207,205
050,08,119,"Colorado","Teller County",2,56,469,232,237
050,08,119,"Colorado","Teller County",2,57,486,234,252
050,08,119,"Colorado","Teller County",2,58,522,247,275
050,08,119,"Colorado","Teller County",2,59,545,262,283
050,08,119,"Colorado","Teller County",2,60,529,264,265
050,08,119,"Colorado","Teller County",2,61,505,248,257
050,08,119,"Colorado","Teller County",2,62,516,250,266
050,08,119,"Colorado","Teller County",2,63,556,281,275
050,08,119,"Colorado","Teller County",2,64,545,281,264
050,08,119,"Colorado","Teller County",2,65,545,280,265
050,08,119,"Colorado","Teller County",2,66,526,263,263
050,08,119,"Colorado","Teller County",2,67,502,254,248
050,08,119,"Colorado","Teller County",2,68,490,248,242
050,08,119,"Colorado","Teller County",2,69,468,231,237
050,08,119,"Colorado","Teller County",2,70,428,220,208
050,08,119,"Colorado","Teller County",2,71,384,207,177
050,08,119,"Colorado","Teller County",2,72,356,199,157
050,08,119,"Colorado","Teller County",2,73,359,194,165
050,08,119,"Colorado","Teller County",2,74,244,125,119
050,08,119,"Colorado","Teller County",2,75,221,116,105
050,08,119,"Colorado","Teller County",2,76,207,109,98
050,08,119,"Colorado","Teller County",2,77,205,104,101
050,08,119,"Colorado","Teller County",2,78,158,77,81
050,08,119,"Colorado","Teller County",2,79,125,62,63
050,08,119,"Colorado","Teller County",2,80,107,57,50
050,08,119,"Colorado","Teller County",2,81,89,46,43
050,08,119,"Colorado","Teller County",2,82,92,49,43
050,08,119,"Colorado","Teller County",2,83,65,28,37
050,08,119,"Colorado","Teller County",2,84,52,22,30
050,08,119,"Colorado","Teller County",2,85,281,113,168
050,08,119,"Colorado","Teller County",3,0,167,82,85
050,08,119,"Colorado","Teller County",3,1,180,91,89
050,08,119,"Colorado","Teller County",3,2,189,99,90
050,08,119,"Colorado","Teller County",3,3,162,100,62
050,08,119,"Colorado","Teller County",3,4,187,91,96
050,08,119,"Colorado","Teller County",3,5,223,118,105
050,08,119,"Colorado","Teller County",3,6,240,111,129
050,08,119,"Colorado","Teller County",3,7,227,110,117
050,08,119,"Colorado","Teller County",3,8,209,110,99
050,08,119,"Colorado","Teller County",3,9,225,109,116
050,08,119,"Colorado","Teller County",3,10,261,149,112
050,08,119,"Colorado","Teller County",3,11,255,131,124
050,08,119,"Colorado","Teller County",3,12,244,115,129
050,08,119,"Colorado","Teller County",3,13,259,133,126
050,08,119,"Colorado","Teller County",3,14,278,145,133
050,08,119,"Colorado","Teller County",3,15,267,126,141
050,08,119,"Colorado","Teller County",3,16,261,137,124
050,08,119,"Colorado","Teller County",3,17,269,139,130
050,08,119,"Colorado","Teller County",3,18,221,122,99
050,08,119,"Colorado","Teller County",3,19,169,90,79
050,08,119,"Colorado","Teller County",3,20,170,93,77
050,08,119,"Colorado","Teller County",3,21,193,100,93
050,08,119,"Colorado","Teller County",3,22,174,92,82
050,08,119,"Colorado","Teller County",3,23,196,99,97
050,08,119,"Colorado","Teller County",3,24,197,98,99
050,08,119,"Colorado","Teller County",3,25,207,102,105
050,08,119,"Colorado","Teller County",3,26,217,118,99
050,08,119,"Colorado","Teller County",3,27,227,119,108
050,08,119,"Colorado","Teller County",3,28,240,131,109
050,08,119,"Colorado","Teller County",3,29,235,124,111
050,08,119,"Colorado","Teller County",3,30,235,123,112
050,08,119,"Colorado","Teller County",3,31,259,135,124
050,08,119,"Colorado","Teller County",3,32,273,141,132
050,08,119,"Colorado","Teller County",3,33,258,133,125
050,08,119,"Colorado","Teller County",3,34,262,135,127
050,08,119,"Colorado","Teller County",3,35,280,152,128
050,08,119,"Colorado","Teller County",3,36,297,156,141
050,08,119,"Colorado","Teller County",3,37,299,165,134
050,08,119,"Colorado","Teller County",3,38,297,151,146
050,08,119,"Colorado","Teller County",3,39,307,169,138
050,08,119,"Colorado","Teller County",3,40,281,135,146
050,08,119,"Colorado","Teller County",3,41,270,130,140
050,08,119,"Colorado","Teller County",3,42,299,145,154
050,08,119,"Colorado","Teller County",3,43,278,130,148
050,08,119,"Colorado","Teller County",3,44,267,132,135
050,08,119,"Colorado","Teller County",3,45,268,148,120
050,08,119,"Colorado","Teller County",3,46,293,150,143
050,08,119,"Colorado","Teller County",3,47,263,139,124
050,08,119,"Colorado","Teller County",3,48,274,138,136
050,08,119,"Colorado","Teller County",3,49,318,152,166
050,08,119,"Colorado","Teller County",3,50,341,172,169
050,08,119,"Colorado","Teller County",3,51,353,187,166
050,08,119,"Colorado","Teller County",3,52,349,186,163
050,08,119,"Colorado","Teller County",3,53,340,177,163
050,08,119,"Colorado","Teller County",3,54,345,171,174
050,08,119,"Colorado","Teller County",3,55,375,192,183
050,08,119,"Colorado","Teller County",3,56,412,204,208
050,08,119,"Colorado","Teller County",3,57,472,236,236
050,08,119,"Colorado","Teller County",3,58,499,248,251
050,08,119,"Colorado","Teller County",3,59,538,247,291
050,08,119,"Colorado","Teller County",3,60,524,252,272
050,08,119,"Colorado","Teller County",3,61,517,251,266
050,08,119,"Colorado","Teller County",3,62,494,241,253
050,08,119,"Colorado","Teller County",3,63,506,239,267
050,08,119,"Colorado","Teller County",3,64,554,280,274
050,08,119,"Colorado","Teller County",3,65,546,283,263
050,08,119,"Colorado","Teller County",3,66,531,270,261
050,08,119,"Colorado","Teller County",3,67,509,254,255
050,08,119,"Colorado","Teller County",3,68,488,253,235
050,08,119,"Colorado","Teller County",3,69,485,240,245
050,08,119,"Colorado","Teller County",3,70,454,223,231
050,08,119,"Colorado","Teller County",3,71,415,215,200
050,08,119,"Colorado","Teller County",3,72,368,198,170
050,08,119,"Colorado","Teller County",3,73,339,185,154
050,08,119,"Colorado","Teller County",3,74,343,189,154
050,08,119,"Colorado","Teller County",3,75,237,121,116
050,08,119,"Colorado","Teller County",3,76,205,103,102
050,08,119,"Colorado","Teller County",3,77,200,108,92
050,08,119,"Colorado","Teller County",3,78,188,93,95
050,08,119,"Colorado","Teller County",3,79,148,73,75
050,08,119,"Colorado","Teller County",3,80,122,63,59
050,08,119,"Colorado","Teller County",3,81,99,50,49
050,08,119,"Colorado","Teller County",3,82,83,42,41
050,08,119,"Colorado","Teller County",3,83,81,41,40
050,08,119,"Colorado","Teller County",3,84,60,26,34
050,08,119,"Colorado","Teller County",3,85,298,123,175
050,08,119,"Colorado","Teller County",4,0,180,87,93
050,08,119,"Colorado","Teller County",4,1,167,78,89
050,08,119,"Colorado","Teller County",4,2,191,95,96
050,08,119,"Colorado","Teller County",4,3,202,108,94
050,08,119,"Colorado","Teller County",4,4,172,99,73
050,08,119,"Colorado","Teller County",4,5,191,97,94
050,08,119,"Colorado","Teller County",4,6,230,121,109
050,08,119,"Colorado","Teller County",4,7,251,120,131
050,08,119,"Colorado","Teller County",4,8,236,121,115
050,08,119,"Colorado","Teller County",4,9,218,121,97
050,08,119,"Colorado","Teller County",4,10,232,115,117
050,08,119,"Colorado","Teller County",4,11,266,148,118
050,08,119,"Colorado","Teller County",4,12,267,133,134
050,08,119,"Colorado","Teller County",4,13,229,106,123
050,08,119,"Colorado","Teller County",4,14,261,129,132
050,08,119,"Colorado","Teller County",4,15,267,142,125
050,08,119,"Colorado","Teller County",4,16,257,120,137
050,08,119,"Colorado","Teller County",4,17,255,144,111
050,08,119,"Colorado","Teller County",4,18,222,113,109
050,08,119,"Colorado","Teller County",4,19,162,89,73
050,08,119,"Colorado","Teller County",4,20,159,90,69
050,08,119,"Colorado","Teller County",4,21,192,106,86
050,08,119,"Colorado","Teller County",4,22,172,95,77
050,08,119,"Colorado","Teller County",4,23,192,111,81
050,08,119,"Colorado","Teller County",4,24,202,110,92
050,08,119,"Colorado","Teller County",4,25,195,88,107
050,08,119,"Colorado","Teller County",4,26,210,104,106
050,08,119,"Colorado","Teller County",4,27,228,131,97
050,08,119,"Colorado","Teller County",4,28,223,113,110
050,08,119,"Colorado","Teller County",4,29,245,123,122
050,08,119,"Colorado","Teller County",4,30,243,124,119
050,08,119,"Colorado","Teller County",4,31,274,148,126
050,08,119,"Colorado","Teller County",4,32,269,133,136
050,08,119,"Colorado","Teller County",4,33,290,145,145
050,08,119,"Colorado","Teller County",4,34,252,126,126
050,08,119,"Colorado","Teller County",4,35,276,141,135
050,08,119,"Colorado","Teller County",4,36,302,160,142
050,08,119,"Colorado","Teller County",4,37,297,165,132
050,08,119,"Colorado","Teller County",4,38,298,160,138
050,08,119,"Colorado","Teller County",4,39,312,152,160
050,08,119,"Colorado","Teller County",4,40,313,177,136
050,08,119,"Colorado","Teller County",4,41,277,142,135
050,08,119,"Colorado","Teller County",4,42,275,132,143
050,08,119,"Colorado","Teller County",4,43,296,149,147
050,08,119,"Colorado","Teller County",4,44,282,131,151
050,08,119,"Colorado","Teller County",4,45,259,129,130
050,08,119,"Colorado","Teller County",4,46,266,148,118
050,08,119,"Colorado","Teller County",4,47,291,141,150
050,08,119,"Colorado","Teller County",4,48,262,138,124
050,08,119,"Colorado","Teller County",4,49,281,146,135
050,08,119,"Colorado","Teller County",4,50,328,159,169
050,08,119,"Colorado","Teller County",4,51,356,185,171
050,08,119,"Colorado","Teller County",4,52,363,189,174
050,08,119,"Colorado","Teller County",4,53,338,181,157
050,08,119,"Colorado","Teller County",4,54,341,177,164
050,08,119,"Colorado","Teller County",4,55,355,177,178
050,08,119,"Colorado","Teller County",4,56,372,190,182
050,08,119,"Colorado","Teller County",4,57,426,206,220
050,08,119,"Colorado","Teller County",4,58,467,235,232
050,08,119,"Colorado","Teller County",4,59,491,242,249
050,08,119,"Colorado","Teller County",4,60,538,253,285
050,08,119,"Colorado","Teller County",4,61,516,235,281
050,08,119,"Colorado","Teller County",4,62,508,242,266
050,08,119,"Colorado","Teller County",4,63,486,237,249
050,08,119,"Colorado","Teller County",4,64,488,226,262
050,08,119,"Colorado","Teller County",4,65,548,281,267
050,08,119,"Colorado","Teller County",4,66,540,288,252
050,08,119,"Colorado","Teller County",4,67,507,253,254
050,08,119,"Colorado","Teller County",4,68,498,250,248
050,08,119,"Colorado","Teller County",4,69,465,237,228
050,08,119,"Colorado","Teller County",4,70,478,235,243
050,08,119,"Colorado","Teller County",4,71,422,212,210
050,08,119,"Colorado","Teller County",4,72,395,202,193
050,08,119,"Colorado","Teller County",4,73,354,190,164
050,08,119,"Colorado","Teller County",4,74,322,172,150
050,08,119,"Colorado","Teller County",4,75,323,180,143
050,08,119,"Colorado","Teller County",4,76,221,109,112
050,08,119,"Colorado","Teller County",4,77,191,93,98
050,08,119,"Colorado","Teller County",4,78,185,97,88
050,08,119,"Colorado","Teller County",4,79,171,84,87
050,08,119,"Colorado","Teller County",4,80,132,65,67
050,08,119,"Colorado","Teller County",4,81,107,53,54
050,08,119,"Colorado","Teller County",4,82,86,44,42
050,08,119,"Colorado","Teller County",4,83,73,39,34
050,08,119,"Colorado","Teller County",4,84,73,35,38
050,08,119,"Colorado","Teller County",4,85,307,132,175
050,08,119,"Colorado","Teller County",5,0,178,86,92
050,08,119,"Colorado","Teller County",5,1,187,97,90
050,08,119,"Colorado","Teller County",5,2,159,82,77
050,08,119,"Colorado","Teller County",5,3,177,86,91
050,08,119,"Colorado","Teller County",5,4,208,110,98
050,08,119,"Colorado","Teller County",5,5,170,97,73
050,08,119,"Colorado","Teller County",5,6,211,109,102
050,08,119,"Colorado","Teller County",5,7,213,112,101
050,08,119,"Colorado","Teller County",5,8,263,132,131
050,08,119,"Colorado","Teller County",5,9,227,119,108
050,08,119,"Colorado","Teller County",5,10,204,111,93
050,08,119,"Colorado","Teller County",5,11,229,109,120
050,08,119,"Colorado","Teller County",5,12,257,139,118
050,08,119,"Colorado","Teller County",5,13,233,123,110
050,08,119,"Colorado","Teller County",5,14,220,95,125
050,08,119,"Colorado","Teller County",5,15,259,133,126
050,08,119,"Colorado","Teller County",5,16,276,140,136
050,08,119,"Colorado","Teller County",5,17,252,112,140
050,08,119,"Colorado","Teller County",5,18,219,124,95
050,08,119,"Colorado","Teller County",5,19,171,84,87
050,08,119,"Colorado","Teller County",5,20,178,104,74
050,08,119,"Colorado","Teller County",5,21,147,77,70
050,08,119,"Colorado","Teller County",5,22,203,107,96
050,08,119,"Colorado","Teller County",5,23,163,95,68
050,08,119,"Colorado","Teller County",5,24,190,109,81
050,08,119,"Colorado","Teller County",5,25,193,110,83
050,08,119,"Colorado","Teller County",5,26,215,106,109
050,08,119,"Colorado","Teller County",5,27,227,122,105
050,08,119,"Colorado","Teller County",5,28,216,116,100
050,08,119,"Colorado","Teller County",5,29,235,123,112
050,08,119,"Colorado","Teller County",5,30,233,119,114
050,08,119,"Colorado","Teller County",5,31,241,123,118
050,08,119,"Colorado","Teller County",5,32,283,150,133
050,08,119,"Colorado","Teller County",5,33,262,137,125
050,08,119,"Colorado","Teller County",5,34,304,169,135
050,08,119,"Colorado","Teller County",5,35,256,129,127
050,08,119,"Colorado","Teller County",5,36,267,132,135
050,08,119,"Colorado","Teller County",5,37,304,158,146
050,08,119,"Colorado","Teller County",5,38,294,163,131
050,08,119,"Colorado","Teller County",5,39,304,164,140
050,08,119,"Colorado","Teller County",5,40,316,152,164
050,08,119,"Colorado","Teller County",5,41,289,165,124
050,08,119,"Colorado","Teller County",5,42,280,145,135
050,08,119,"Colorado","Teller County",5,43,258,126,132
050,08,119,"Colorado","Teller County",5,44,279,144,135
050,08,119,"Colorado","Teller County",5,45,291,138,153
050,08,119,"Colorado","Teller County",5,46,275,139,136
050,08,119,"Colorado","Teller County",5,47,261,141,120
050,08,119,"Colorado","Teller County",5,48,282,141,141
050,08,119,"Colorado","Teller County",5,49,258,138,120
050,08,119,"Colorado","Teller County",5,50,287,146,141
050,08,119,"Colorado","Teller County",5,51,333,171,162
050,08,119,"Colorado","Teller County",5,52,358,182,176
050,08,119,"Colorado","Teller County",5,53,361,189,172
050,08,119,"Colorado","Teller County",5,54,361,193,168
050,08,119,"Colorado","Teller County",5,55,354,182,172
050,08,119,"Colorado","Teller County",5,56,369,188,181
050,08,119,"Colorado","Teller County",5,57,370,190,180
050,08,119,"Colorado","Teller County",5,58,437,208,229
050,08,119,"Colorado","Teller County",5,59,478,239,239
050,08,119,"Colorado","Teller County",5,60,478,235,243
050,08,119,"Colorado","Teller County",5,61,544,261,283
050,08,119,"Colorado","Teller County",5,62,520,241,279
050,08,119,"Colorado","Teller County",5,63,502,228,274
050,08,119,"Colorado","Teller County",5,64,483,240,243
050,08,119,"Colorado","Teller County",5,65,490,227,263
050,08,119,"Colorado","Teller County",5,66,536,277,259
050,08,119,"Colorado","Teller County",5,67,553,292,261
050,08,119,"Colorado","Teller County",5,68,492,250,242
050,08,119,"Colorado","Teller County",5,69,477,243,234
050,08,119,"Colorado","Teller County",5,70,444,225,219
050,08,119,"Colorado","Teller County",5,71,456,224,232
050,08,119,"Colorado","Teller County",5,72,402,203,199
050,08,119,"Colorado","Teller County",5,73,387,199,188
050,08,119,"Colorado","Teller County",5,74,345,183,162
050,08,119,"Colorado","Teller County",5,75,306,166,140
050,08,119,"Colorado","Teller County",5,76,292,161,131
050,08,119,"Colorado","Teller County",5,77,200,104,96
050,08,119,"Colorado","Teller County",5,78,177,86,91
050,08,119,"Colorado","Teller County",5,79,172,91,81
050,08,119,"Colorado","Teller County",5,80,153,76,77
050,08,119,"Colorado","Teller County",5,81,116,55,61
050,08,119,"Colorado","Teller County",5,82,100,54,46
050,08,119,"Colorado","Teller County",5,83,76,40,36
050,08,119,"Colorado","Teller County",5,84,63,32,31
050,08,119,"Colorado","Teller County",5,85,328,148,180
050,08,121,"Colorado","Washington County",1,0,47,24,23
050,08,121,"Colorado","Washington County",1,1,47,23,24
050,08,121,"Colorado","Washington County",1,2,56,31,25
050,08,121,"Colorado","Washington County",1,3,53,23,30
050,08,121,"Colorado","Washington County",1,4,66,31,35
050,08,121,"Colorado","Washington County",1,5,53,29,24
050,08,121,"Colorado","Washington County",1,6,54,30,24
050,08,121,"Colorado","Washington County",1,7,54,27,27
050,08,121,"Colorado","Washington County",1,8,61,31,30
050,08,121,"Colorado","Washington County",1,9,65,37,28
050,08,121,"Colorado","Washington County",1,10,63,36,27
050,08,121,"Colorado","Washington County",1,11,79,44,35
050,08,121,"Colorado","Washington County",1,12,69,37,32
050,08,121,"Colorado","Washington County",1,13,73,41,32
050,08,121,"Colorado","Washington County",1,14,64,34,30
050,08,121,"Colorado","Washington County",1,15,60,30,30
050,08,121,"Colorado","Washington County",1,16,70,32,38
050,08,121,"Colorado","Washington County",1,17,61,30,31
050,08,121,"Colorado","Washington County",1,18,55,36,19
050,08,121,"Colorado","Washington County",1,19,53,29,24
050,08,121,"Colorado","Washington County",1,20,38,23,15
050,08,121,"Colorado","Washington County",1,21,54,31,23
050,08,121,"Colorado","Washington County",1,22,46,27,19
050,08,121,"Colorado","Washington County",1,23,42,23,19
050,08,121,"Colorado","Washington County",1,24,52,29,23
050,08,121,"Colorado","Washington County",1,25,52,28,24
050,08,121,"Colorado","Washington County",1,26,56,26,30
050,08,121,"Colorado","Washington County",1,27,63,30,33
050,08,121,"Colorado","Washington County",1,28,50,28,22
050,08,121,"Colorado","Washington County",1,29,54,29,25
050,08,121,"Colorado","Washington County",1,30,55,30,25
050,08,121,"Colorado","Washington County",1,31,59,39,20
050,08,121,"Colorado","Washington County",1,32,58,32,26
050,08,121,"Colorado","Washington County",1,33,55,24,31
050,08,121,"Colorado","Washington County",1,34,49,24,25
050,08,121,"Colorado","Washington County",1,35,61,37,24
050,08,121,"Colorado","Washington County",1,36,68,38,30
050,08,121,"Colorado","Washington County",1,37,56,31,25
050,08,121,"Colorado","Washington County",1,38,62,29,33
050,08,121,"Colorado","Washington County",1,39,66,35,31
050,08,121,"Colorado","Washington County",1,40,64,38,26
050,08,121,"Colorado","Washington County",1,41,49,28,21
050,08,121,"Colorado","Washington County",1,42,43,22,21
050,08,121,"Colorado","Washington County",1,43,57,28,29
050,08,121,"Colorado","Washington County",1,44,53,30,23
050,08,121,"Colorado","Washington County",1,45,54,33,21
050,08,121,"Colorado","Washington County",1,46,58,38,20
050,08,121,"Colorado","Washington County",1,47,48,21,27
050,08,121,"Colorado","Washington County",1,48,43,20,23
050,08,121,"Colorado","Washington County",1,49,46,22,24
050,08,121,"Colorado","Washington County",1,50,49,28,21
050,08,121,"Colorado","Washington County",1,51,58,35,23
050,08,121,"Colorado","Washington County",1,52,61,36,25
050,08,121,"Colorado","Washington County",1,53,57,29,28
050,08,121,"Colorado","Washington County",1,54,50,23,27
050,08,121,"Colorado","Washington County",1,55,58,33,25
050,08,121,"Colorado","Washington County",1,56,69,36,33
050,08,121,"Colorado","Washington County",1,57,57,33,24
050,08,121,"Colorado","Washington County",1,58,54,29,25
050,08,121,"Colorado","Washington County",1,59,79,43,36
050,08,121,"Colorado","Washington County",1,60,76,37,39
050,08,121,"Colorado","Washington County",1,61,74,31,43
050,08,121,"Colorado","Washington County",1,62,80,36,44
050,08,121,"Colorado","Washington County",1,63,85,40,45
050,08,121,"Colorado","Washington County",1,64,85,40,45
050,08,121,"Colorado","Washington County",1,65,65,37,28
050,08,121,"Colorado","Washington County",1,66,67,34,33
050,08,121,"Colorado","Washington County",1,67,54,24,30
050,08,121,"Colorado","Washington County",1,68,62,29,33
050,08,121,"Colorado","Washington County",1,69,69,40,29
050,08,121,"Colorado","Washington County",1,70,66,36,30
050,08,121,"Colorado","Washington County",1,71,60,34,26
050,08,121,"Colorado","Washington County",1,72,33,17,16
050,08,121,"Colorado","Washington County",1,73,48,25,23
050,08,121,"Colorado","Washington County",1,74,38,21,17
050,08,121,"Colorado","Washington County",1,75,37,16,21
050,08,121,"Colorado","Washington County",1,76,40,21,19
050,08,121,"Colorado","Washington County",1,77,41,18,23
050,08,121,"Colorado","Washington County",1,78,43,20,23
050,08,121,"Colorado","Washington County",1,79,40,20,20
050,08,121,"Colorado","Washington County",1,80,32,18,14
050,08,121,"Colorado","Washington County",1,81,29,17,12
050,08,121,"Colorado","Washington County",1,82,24,11,13
050,08,121,"Colorado","Washington County",1,83,25,11,14
050,08,121,"Colorado","Washington County",1,84,19,6,13
050,08,121,"Colorado","Washington County",1,85,119,45,74
050,08,121,"Colorado","Washington County",2,0,44,22,22
050,08,121,"Colorado","Washington County",2,1,48,24,24
050,08,121,"Colorado","Washington County",2,2,54,28,26
050,08,121,"Colorado","Washington County",2,3,54,25,29
050,08,121,"Colorado","Washington County",2,4,62,28,34
050,08,121,"Colorado","Washington County",2,5,55,29,26
050,08,121,"Colorado","Washington County",2,6,54,31,23
050,08,121,"Colorado","Washington County",2,7,54,28,26
050,08,121,"Colorado","Washington County",2,8,59,30,29
050,08,121,"Colorado","Washington County",2,9,64,35,29
050,08,121,"Colorado","Washington County",2,10,64,36,28
050,08,121,"Colorado","Washington County",2,11,75,41,34
050,08,121,"Colorado","Washington County",2,12,73,40,33
050,08,121,"Colorado","Washington County",2,13,72,40,32
050,08,121,"Colorado","Washington County",2,14,67,35,32
050,08,121,"Colorado","Washington County",2,15,61,31,30
050,08,121,"Colorado","Washington County",2,16,66,32,34
050,08,121,"Colorado","Washington County",2,17,64,31,33
050,08,121,"Colorado","Washington County",2,18,53,33,20
050,08,121,"Colorado","Washington County",2,19,50,29,21
050,08,121,"Colorado","Washington County",2,20,43,25,18
050,08,121,"Colorado","Washington County",2,21,52,30,22
050,08,121,"Colorado","Washington County",2,22,46,27,19
050,08,121,"Colorado","Washington County",2,23,44,25,19
050,08,121,"Colorado","Washington County",2,24,49,28,21
050,08,121,"Colorado","Washington County",2,25,53,29,24
050,08,121,"Colorado","Washington County",2,26,53,25,28
050,08,121,"Colorado","Washington County",2,27,61,30,31
050,08,121,"Colorado","Washington County",2,28,55,28,27
050,08,121,"Colorado","Washington County",2,29,55,29,26
050,08,121,"Colorado","Washington County",2,30,56,31,25
050,08,121,"Colorado","Washington County",2,31,57,37,20
050,08,121,"Colorado","Washington County",2,32,59,33,26
050,08,121,"Colorado","Washington County",2,33,54,25,29
050,08,121,"Colorado","Washington County",2,34,52,25,27
050,08,121,"Colorado","Washington County",2,35,60,35,25
050,08,121,"Colorado","Washington County",2,36,65,37,28
050,08,121,"Colorado","Washington County",2,37,59,33,26
050,08,121,"Colorado","Washington County",2,38,60,29,31
050,08,121,"Colorado","Washington County",2,39,68,36,32
050,08,121,"Colorado","Washington County",2,40,66,38,28
050,08,121,"Colorado","Washington County",2,41,54,31,23
050,08,121,"Colorado","Washington County",2,42,44,22,22
050,08,121,"Colorado","Washington County",2,43,56,28,28
050,08,121,"Colorado","Washington County",2,44,53,30,23
050,08,121,"Colorado","Washington County",2,45,54,32,22
050,08,121,"Colorado","Washington County",2,46,57,37,20
050,08,121,"Colorado","Washington County",2,47,48,23,25
050,08,121,"Colorado","Washington County",2,48,45,21,24
050,08,121,"Colorado","Washington County",2,49,45,21,24
050,08,121,"Colorado","Washington County",2,50,49,27,22
050,08,121,"Colorado","Washington County",2,51,55,33,22
050,08,121,"Colorado","Washington County",2,52,59,34,25
050,08,121,"Colorado","Washington County",2,53,58,30,28
050,08,121,"Colorado","Washington County",2,54,51,24,27
050,08,121,"Colorado","Washington County",2,55,56,30,26
050,08,121,"Colorado","Washington County",2,56,66,36,30
050,08,121,"Colorado","Washington County",2,57,58,32,26
050,08,121,"Colorado","Washington County",2,58,55,30,25
050,08,121,"Colorado","Washington County",2,59,72,40,32
050,08,121,"Colorado","Washington County",2,60,77,39,38
050,08,121,"Colorado","Washington County",2,61,74,32,42
050,08,121,"Colorado","Washington County",2,62,78,34,44
050,08,121,"Colorado","Washington County",2,63,84,40,44
050,08,121,"Colorado","Washington County",2,64,85,40,45
050,08,121,"Colorado","Washington County",2,65,69,38,31
050,08,121,"Colorado","Washington County",2,66,67,35,32
050,08,121,"Colorado","Washington County",2,67,57,26,31
050,08,121,"Colorado","Washington County",2,68,60,28,32
050,08,121,"Colorado","Washington County",2,69,68,38,30
050,08,121,"Colorado","Washington County",2,70,66,37,29
050,08,121,"Colorado","Washington County",2,71,63,35,28
050,08,121,"Colorado","Washington County",2,72,38,20,18
050,08,121,"Colorado","Washington County",2,73,46,25,21
050,08,121,"Colorado","Washington County",2,74,37,20,17
050,08,121,"Colorado","Washington County",2,75,36,16,20
050,08,121,"Colorado","Washington County",2,76,40,21,19
050,08,121,"Colorado","Washington County",2,77,42,20,22
050,08,121,"Colorado","Washington County",2,78,42,19,23
050,08,121,"Colorado","Washington County",2,79,39,20,19
050,08,121,"Colorado","Washington County",2,80,33,18,15
050,08,121,"Colorado","Washington County",2,81,29,17,12
050,08,121,"Colorado","Washington County",2,82,25,12,13
050,08,121,"Colorado","Washington County",2,83,24,11,13
050,08,121,"Colorado","Washington County",2,84,20,7,13
050,08,121,"Colorado","Washington County",2,85,119,45,74
050,08,121,"Colorado","Washington County",3,0,49,28,21
050,08,121,"Colorado","Washington County",3,1,43,24,19
050,08,121,"Colorado","Washington County",3,2,49,26,23
050,08,121,"Colorado","Washington County",3,3,56,28,28
050,08,121,"Colorado","Washington County",3,4,51,25,26
050,08,121,"Colorado","Washington County",3,5,59,27,32
050,08,121,"Colorado","Washington County",3,6,62,36,26
050,08,121,"Colorado","Washington County",3,7,56,29,27
050,08,121,"Colorado","Washington County",3,8,60,28,32
050,08,121,"Colorado","Washington County",3,9,64,30,34
050,08,121,"Colorado","Washington County",3,10,68,39,29
050,08,121,"Colorado","Washington County",3,11,66,37,29
050,08,121,"Colorado","Washington County",3,12,78,46,32
050,08,121,"Colorado","Washington County",3,13,70,41,29
050,08,121,"Colorado","Washington County",3,14,71,41,30
050,08,121,"Colorado","Washington County",3,15,68,33,35
050,08,121,"Colorado","Washington County",3,16,70,35,35
050,08,121,"Colorado","Washington County",3,17,60,28,32
050,08,121,"Colorado","Washington County",3,18,59,30,29
050,08,121,"Colorado","Washington County",3,19,38,25,13
050,08,121,"Colorado","Washington County",3,20,51,28,23
050,08,121,"Colorado","Washington County",3,21,48,26,22
050,08,121,"Colorado","Washington County",3,22,51,30,21
050,08,121,"Colorado","Washington County",3,23,54,34,20
050,08,121,"Colorado","Washington County",3,24,35,20,15
050,08,121,"Colorado","Washington County",3,25,56,32,24
050,08,121,"Colorado","Washington County",3,26,48,25,23
050,08,121,"Colorado","Washington County",3,27,62,31,31
050,08,121,"Colorado","Washington County",3,28,56,26,30
050,08,121,"Colorado","Washington County",3,29,53,27,26
050,08,121,"Colorado","Washington County",3,30,62,31,31
050,08,121,"Colorado","Washington County",3,31,49,29,20
050,08,121,"Colorado","Washington County",3,32,65,40,25
050,08,121,"Colorado","Washington County",3,33,59,32,27
050,08,121,"Colorado","Washington County",3,34,55,26,29
050,08,121,"Colorado","Washington County",3,35,58,27,31
050,08,121,"Colorado","Washington County",3,36,59,37,22
050,08,121,"Colorado","Washington County",3,37,65,38,27
050,08,121,"Colorado","Washington County",3,38,62,34,28
050,08,121,"Colorado","Washington County",3,39,64,31,33
050,08,121,"Colorado","Washington County",3,40,70,36,34
050,08,121,"Colorado","Washington County",3,41,66,37,29
050,08,121,"Colorado","Washington County",3,42,53,29,24
050,08,121,"Colorado","Washington County",3,43,51,25,26
050,08,121,"Colorado","Washington County",3,44,56,30,26
050,08,121,"Colorado","Washington County",3,45,52,29,23
050,08,121,"Colorado","Washington County",3,46,62,39,23
050,08,121,"Colorado","Washington County",3,47,56,32,24
050,08,121,"Colorado","Washington County",3,48,52,28,24
050,08,121,"Colorado","Washington County",3,49,44,18,26
050,08,121,"Colorado","Washington County",3,50,49,22,27
050,08,121,"Colorado","Washington County",3,51,52,34,18
050,08,121,"Colorado","Washington County",3,52,57,32,25
050,08,121,"Colorado","Washington County",3,53,58,38,20
050,08,121,"Colorado","Washington County",3,54,56,28,28
050,08,121,"Colorado","Washington County",3,55,47,21,26
050,08,121,"Colorado","Washington County",3,56,57,32,25
050,08,121,"Colorado","Washington County",3,57,71,40,31
050,08,121,"Colorado","Washington County",3,58,59,33,26
050,08,121,"Colorado","Washington County",3,59,58,32,26
050,08,121,"Colorado","Washington County",3,60,73,41,32
050,08,121,"Colorado","Washington County",3,61,72,34,38
050,08,121,"Colorado","Washington County",3,62,73,31,42
050,08,121,"Colorado","Washington County",3,63,74,33,41
050,08,121,"Colorado","Washington County",3,64,82,41,41
050,08,121,"Colorado","Washington County",3,65,82,40,42
050,08,121,"Colorado","Washington County",3,66,70,37,33
050,08,121,"Colorado","Washington County",3,67,65,35,30
050,08,121,"Colorado","Washington County",3,68,54,23,31
050,08,121,"Colorado","Washington County",3,69,57,27,30
050,08,121,"Colorado","Washington County",3,70,66,39,27
050,08,121,"Colorado","Washington County",3,71,66,37,29
050,08,121,"Colorado","Washington County",3,72,58,31,27
050,08,121,"Colorado","Washington County",3,73,37,20,17
050,08,121,"Colorado","Washington County",3,74,45,25,20
050,08,121,"Colorado","Washington County",3,75,32,19,13
050,08,121,"Colorado","Washington County",3,76,35,15,20
050,08,121,"Colorado","Washington County",3,77,42,23,19
050,08,121,"Colorado","Washington County",3,78,41,19,22
050,08,121,"Colorado","Washington County",3,79,42,19,23
050,08,121,"Colorado","Washington County",3,80,40,19,21
050,08,121,"Colorado","Washington County",3,81,33,18,15
050,08,121,"Colorado","Washington County",3,82,30,18,12
050,08,121,"Colorado","Washington County",3,83,25,12,13
050,08,121,"Colorado","Washington County",3,84,19,9,10
050,08,121,"Colorado","Washington County",3,85,120,46,74
050,08,121,"Colorado","Washington County",4,0,52,25,27
050,08,121,"Colorado","Washington County",4,1,47,28,19
050,08,121,"Colorado","Washington County",4,2,48,26,22
050,08,121,"Colorado","Washington County",4,3,57,30,27
050,08,121,"Colorado","Washington County",4,4,52,24,28
050,08,121,"Colorado","Washington County",4,5,53,25,28
050,08,121,"Colorado","Washington County",4,6,55,30,25
050,08,121,"Colorado","Washington County",4,7,61,32,29
050,08,121,"Colorado","Washington County",4,8,62,32,30
050,08,121,"Colorado","Washington County",4,9,63,29,34
050,08,121,"Colorado","Washington County",4,10,57,23,34
050,08,121,"Colorado","Washington County",4,11,73,41,32
050,08,121,"Colorado","Washington County",4,12,67,37,30
050,08,121,"Colorado","Washington County",4,13,83,54,29
050,08,121,"Colorado","Washington County",4,14,72,43,29
050,08,121,"Colorado","Washington County",4,15,73,42,31
050,08,121,"Colorado","Washington County",4,16,70,32,38
050,08,121,"Colorado","Washington County",4,17,67,32,35
050,08,121,"Colorado","Washington County",4,18,50,27,23
050,08,121,"Colorado","Washington County",4,19,45,23,22
050,08,121,"Colorado","Washington County",4,20,40,26,14
050,08,121,"Colorado","Washington County",4,21,56,30,26
050,08,121,"Colorado","Washington County",4,22,48,29,19
050,08,121,"Colorado","Washington County",4,23,42,26,16
050,08,121,"Colorado","Washington County",4,24,55,32,23
050,08,121,"Colorado","Washington County",4,25,31,18,13
050,08,121,"Colorado","Washington County",4,26,43,22,21
050,08,121,"Colorado","Washington County",4,27,54,30,24
050,08,121,"Colorado","Washington County",4,28,55,24,31
050,08,121,"Colorado","Washington County",4,29,51,21,30
050,08,121,"Colorado","Washington County",4,30,60,29,31
050,08,121,"Colorado","Washington County",4,31,63,33,30
050,08,121,"Colorado","Washington County",4,32,55,34,21
050,08,121,"Colorado","Washington County",4,33,67,42,25
050,08,121,"Colorado","Washington County",4,34,61,31,30
050,08,121,"Colorado","Washington County",4,35,66,32,34
050,08,121,"Colorado","Washington County",4,36,56,29,27
050,08,121,"Colorado","Washington County",4,37,61,36,25
050,08,121,"Colorado","Washington County",4,38,64,34,30
050,08,121,"Colorado","Washington County",4,39,65,37,28
050,08,121,"Colorado","Washington County",4,40,67,33,34
050,08,121,"Colorado","Washington County",4,41,63,32,31
050,08,121,"Colorado","Washington County",4,42,65,35,30
050,08,121,"Colorado","Washington County",4,43,54,30,24
050,08,121,"Colorado","Washington County",4,44,47,24,23
050,08,121,"Colorado","Washington County",4,45,57,30,27
050,08,121,"Colorado","Washington County",4,46,52,30,22
050,08,121,"Colorado","Washington County",4,47,57,32,25
050,08,121,"Colorado","Washington County",4,48,52,32,20
050,08,121,"Colorado","Washington County",4,49,48,25,23
050,08,121,"Colorado","Washington County",4,50,50,23,27
050,08,121,"Colorado","Washington County",4,51,49,23,26
050,08,121,"Colorado","Washington County",4,52,55,37,18
050,08,121,"Colorado","Washington County",4,53,59,33,26
050,08,121,"Colorado","Washington County",4,54,52,33,19
050,08,121,"Colorado","Washington County",4,55,54,28,26
050,08,121,"Colorado","Washington County",4,56,51,25,26
050,08,121,"Colorado","Washington County",4,57,56,31,25
050,08,121,"Colorado","Washington County",4,58,71,40,31
050,08,121,"Colorado","Washington County",4,59,56,30,26
050,08,121,"Colorado","Washington County",4,60,58,32,26
050,08,121,"Colorado","Washington County",4,61,77,41,36
050,08,121,"Colorado","Washington County",4,62,65,31,34
050,08,121,"Colorado","Washington County",4,63,69,31,38
050,08,121,"Colorado","Washington County",4,64,73,33,40
050,08,121,"Colorado","Washington County",4,65,81,41,40
050,08,121,"Colorado","Washington County",4,66,80,39,41
050,08,121,"Colorado","Washington County",4,67,67,38,29
050,08,121,"Colorado","Washington County",4,68,63,35,28
050,08,121,"Colorado","Washington County",4,69,52,20,32
050,08,121,"Colorado","Washington County",4,70,54,28,26
050,08,121,"Colorado","Washington County",4,71,63,36,27
050,08,121,"Colorado","Washington County",4,72,64,35,29
050,08,121,"Colorado","Washington County",4,73,59,31,28
050,08,121,"Colorado","Washington County",4,74,35,19,16
050,08,121,"Colorado","Washington County",4,75,45,25,20
050,08,121,"Colorado","Washington County",4,76,31,17,14
050,08,121,"Colorado","Washington County",4,77,31,13,18
050,08,121,"Colorado","Washington County",4,78,40,22,18
050,08,121,"Colorado","Washington County",4,79,36,17,19
050,08,121,"Colorado","Washington County",4,80,46,20,26
050,08,121,"Colorado","Washington County",4,81,38,17,21
050,08,121,"Colorado","Washington County",4,82,33,18,15
050,08,121,"Colorado","Washington County",4,83,28,17,11
050,08,121,"Colorado","Washington County",4,84,22,10,12
050,08,121,"Colorado","Washington County",4,85,122,47,75
050,08,121,"Colorado","Washington County",5,0,51,25,26
050,08,121,"Colorado","Washington County",5,1,53,29,24
050,08,121,"Colorado","Washington County",5,2,49,28,21
050,08,121,"Colorado","Washington County",5,3,47,24,23
050,08,121,"Colorado","Washington County",5,4,62,31,31
050,08,121,"Colorado","Washington County",5,5,53,27,26
050,08,121,"Colorado","Washington County",5,6,55,24,31
050,08,121,"Colorado","Washington County",5,7,58,33,25
050,08,121,"Colorado","Washington County",5,8,70,38,32
050,08,121,"Colorado","Washington County",5,9,59,30,29
050,08,121,"Colorado","Washington County",5,10,60,26,34
050,08,121,"Colorado","Washington County",5,11,60,23,37
050,08,121,"Colorado","Washington County",5,12,80,46,34
050,08,121,"Colorado","Washington County",5,13,68,41,27
050,08,121,"Colorado","Washington County",5,14,80,51,29
050,08,121,"Colorado","Washington County",5,15,72,44,28
050,08,121,"Colorado","Washington County",5,16,74,41,33
050,08,121,"Colorado","Washington County",5,17,72,33,39
050,08,121,"Colorado","Washington County",5,18,56,28,28
050,08,121,"Colorado","Washington County",5,19,41,24,17
050,08,121,"Colorado","Washington County",5,20,43,21,22
050,08,121,"Colorado","Washington County",5,21,43,25,18
050,08,121,"Colorado","Washington County",5,22,47,26,21
050,08,121,"Colorado","Washington County",5,23,52,30,22
050,08,121,"Colorado","Washington County",5,24,40,23,17
050,08,121,"Colorado","Washington County",5,25,66,38,28
050,08,121,"Colorado","Washington County",5,26,27,11,16
050,08,121,"Colorado","Washington County",5,27,47,26,21
050,08,121,"Colorado","Washington County",5,28,50,26,24
050,08,121,"Colorado","Washington County",5,29,53,25,28
050,08,121,"Colorado","Washington County",5,30,44,21,23
050,08,121,"Colorado","Washington County",5,31,73,36,37
050,08,121,"Colorado","Washington County",5,32,63,33,30
050,08,121,"Colorado","Washington County",5,33,55,32,23
050,08,121,"Colorado","Washington County",5,34,64,39,25
050,08,121,"Colorado","Washington County",5,35,67,34,33
050,08,121,"Colorado","Washington County",5,36,61,29,32
050,08,121,"Colorado","Washington County",5,37,57,29,28
050,08,121,"Colorado","Washington County",5,38,57,32,25
050,08,121,"Colorado","Washington County",5,39,68,38,30
050,08,121,"Colorado","Washington County",5,40,60,34,26
050,08,121,"Colorado","Washington County",5,41,71,37,34
050,08,121,"Colorado","Washington County",5,42,64,29,35
050,08,121,"Colorado","Washington County",5,43,68,40,28
050,08,121,"Colorado","Washington County",5,44,55,32,23
050,08,121,"Colorado","Washington County",5,45,49,23,26
050,08,121,"Colorado","Washington County",5,46,61,33,28
050,08,121,"Colorado","Washington County",5,47,46,24,22
050,08,121,"Colorado","Washington County",5,48,59,34,25
050,08,121,"Colorado","Washington County",5,49,50,30,20
050,08,121,"Colorado","Washington County",5,50,53,29,24
050,08,121,"Colorado","Washington County",5,51,47,24,23
050,08,121,"Colorado","Washington County",5,52,51,25,26
050,08,121,"Colorado","Washington County",5,53,53,37,16
050,08,121,"Colorado","Washington County",5,54,55,29,26
050,08,121,"Colorado","Washington County",5,55,51,33,18
050,08,121,"Colorado","Washington County",5,56,53,28,25
050,08,121,"Colorado","Washington County",5,57,51,24,27
050,08,121,"Colorado","Washington County",5,58,57,32,25
050,08,121,"Colorado","Washington County",5,59,72,39,33
050,08,121,"Colorado","Washington County",5,60,57,30,27
050,08,121,"Colorado","Washington County",5,61,57,30,27
050,08,121,"Colorado","Washington County",5,62,74,39,35
050,08,121,"Colorado","Washington County",5,63,62,29,33
050,08,121,"Colorado","Washington County",5,64,67,31,36
050,08,121,"Colorado","Washington County",5,65,71,31,40
050,08,121,"Colorado","Washington County",5,66,80,40,40
050,08,121,"Colorado","Washington County",5,67,80,39,41
050,08,121,"Colorado","Washington County",5,68,65,37,28
050,08,121,"Colorado","Washington County",5,69,59,33,26
050,08,121,"Colorado","Washington County",5,70,51,22,29
050,08,121,"Colorado","Washington County",5,71,53,25,28
050,08,121,"Colorado","Washington County",5,72,62,35,27
050,08,121,"Colorado","Washington County",5,73,64,35,29
050,08,121,"Colorado","Washington County",5,74,57,30,27
050,08,121,"Colorado","Washington County",5,75,35,20,15
050,08,121,"Colorado","Washington County",5,76,44,23,21
050,08,121,"Colorado","Washington County",5,77,28,16,12
050,08,121,"Colorado","Washington County",5,78,30,13,17
050,08,121,"Colorado","Washington County",5,79,39,21,18
050,08,121,"Colorado","Washington County",5,80,34,17,17
050,08,121,"Colorado","Washington County",5,81,45,18,27
050,08,121,"Colorado","Washington County",5,82,37,17,20
050,08,121,"Colorado","Washington County",5,83,32,18,14
050,08,121,"Colorado","Washington County",5,84,26,15,11
050,08,121,"Colorado","Washington County",5,85,123,49,74
050,08,123,"Colorado","Weld County",1,0,4277,2180,2097
050,08,123,"Colorado","Weld County",1,1,4434,2284,2150
050,08,123,"Colorado","Weld County",1,2,4582,2323,2259
050,08,123,"Colorado","Weld County",1,3,4749,2379,2370
050,08,123,"Colorado","Weld County",1,4,4837,2440,2397
050,08,123,"Colorado","Weld County",1,5,4763,2410,2353
050,08,123,"Colorado","Weld County",1,6,4734,2424,2310
050,08,123,"Colorado","Weld County",1,7,4664,2382,2282
050,08,123,"Colorado","Weld County",1,8,4731,2436,2295
050,08,123,"Colorado","Weld County",1,9,4700,2399,2301
050,08,123,"Colorado","Weld County",1,10,4859,2501,2358
050,08,123,"Colorado","Weld County",1,11,4971,2638,2333
050,08,123,"Colorado","Weld County",1,12,5105,2705,2400
050,08,123,"Colorado","Weld County",1,13,5047,2595,2452
050,08,123,"Colorado","Weld County",1,14,4943,2532,2411
050,08,123,"Colorado","Weld County",1,15,4867,2459,2408
050,08,123,"Colorado","Weld County",1,16,4821,2439,2382
050,08,123,"Colorado","Weld County",1,17,4529,2292,2237
050,08,123,"Colorado","Weld County",1,18,4787,2355,2432
050,08,123,"Colorado","Weld County",1,19,4699,2274,2425
050,08,123,"Colorado","Weld County",1,20,4005,2017,1988
050,08,123,"Colorado","Weld County",1,21,3938,1976,1962
050,08,123,"Colorado","Weld County",1,22,3835,1924,1911
050,08,123,"Colorado","Weld County",1,23,3931,1981,1950
050,08,123,"Colorado","Weld County",1,24,3982,2073,1909
050,08,123,"Colorado","Weld County",1,25,4271,2185,2086
050,08,123,"Colorado","Weld County",1,26,4502,2316,2186
050,08,123,"Colorado","Weld County",1,27,4743,2395,2348
050,08,123,"Colorado","Weld County",1,28,4988,2537,2451
050,08,123,"Colorado","Weld County",1,29,5208,2650,2558
050,08,123,"Colorado","Weld County",1,30,5223,2659,2564
050,08,123,"Colorado","Weld County",1,31,5169,2691,2478
050,08,123,"Colorado","Weld County",1,32,5208,2696,2512
050,08,123,"Colorado","Weld County",1,33,5243,2676,2567
050,08,123,"Colorado","Weld County",1,34,5172,2637,2535
050,08,123,"Colorado","Weld County",1,35,5231,2767,2464
050,08,123,"Colorado","Weld County",1,36,5174,2770,2404
050,08,123,"Colorado","Weld County",1,37,5030,2671,2359
050,08,123,"Colorado","Weld County",1,38,4974,2635,2339
050,08,123,"Colorado","Weld County",1,39,4913,2594,2319
050,08,123,"Colorado","Weld County",1,40,4627,2437,2190
050,08,123,"Colorado","Weld County",1,41,4453,2341,2112
050,08,123,"Colorado","Weld County",1,42,4236,2188,2048
050,08,123,"Colorado","Weld County",1,43,4218,2178,2040
050,08,123,"Colorado","Weld County",1,44,4118,2165,1953
050,08,123,"Colorado","Weld County",1,45,4074,2204,1870
050,08,123,"Colorado","Weld County",1,46,3937,2070,1867
050,08,123,"Colorado","Weld County",1,47,4069,2097,1972
050,08,123,"Colorado","Weld County",1,48,4125,2117,2008
050,08,123,"Colorado","Weld County",1,49,4253,2194,2059
050,08,123,"Colorado","Weld County",1,50,4141,2129,2012
050,08,123,"Colorado","Weld County",1,51,4003,2084,1919
050,08,123,"Colorado","Weld County",1,52,3710,1890,1820
050,08,123,"Colorado","Weld County",1,53,3620,1864,1756
050,08,123,"Colorado","Weld County",1,54,3550,1824,1726
050,08,123,"Colorado","Weld County",1,55,3705,1881,1824
050,08,123,"Colorado","Weld County",1,56,3799,1944,1855
050,08,123,"Colorado","Weld County",1,57,3842,1939,1903
050,08,123,"Colorado","Weld County",1,58,3966,2015,1951
050,08,123,"Colorado","Weld County",1,59,3816,1947,1869
050,08,123,"Colorado","Weld County",1,60,3773,1902,1871
050,08,123,"Colorado","Weld County",1,61,3775,1843,1932
050,08,123,"Colorado","Weld County",1,62,3653,1839,1814
050,08,123,"Colorado","Weld County",1,63,3528,1770,1758
050,08,123,"Colorado","Weld County",1,64,3315,1629,1686
050,08,123,"Colorado","Weld County",1,65,3244,1590,1654
050,08,123,"Colorado","Weld County",1,66,3182,1576,1606
050,08,123,"Colorado","Weld County",1,67,3035,1460,1575
050,08,123,"Colorado","Weld County",1,68,2938,1400,1538
050,08,123,"Colorado","Weld County",1,69,2618,1231,1387
050,08,123,"Colorado","Weld County",1,70,2477,1198,1279
050,08,123,"Colorado","Weld County",1,71,2310,1149,1161
050,08,123,"Colorado","Weld County",1,72,2307,1144,1163
050,08,123,"Colorado","Weld County",1,73,2252,1074,1178
050,08,123,"Colorado","Weld County",1,74,1621,772,849
050,08,123,"Colorado","Weld County",1,75,1633,789,844
050,08,123,"Colorado","Weld County",1,76,1609,744,865
050,08,123,"Colorado","Weld County",1,77,1434,641,793
050,08,123,"Colorado","Weld County",1,78,1192,550,642
050,08,123,"Colorado","Weld County",1,79,1061,494,567
050,08,123,"Colorado","Weld County",1,80,998,471,527
050,08,123,"Colorado","Weld County",1,81,928,436,492
050,08,123,"Colorado","Weld County",1,82,843,376,467
050,08,123,"Colorado","Weld County",1,83,741,342,399
050,08,123,"Colorado","Weld County",1,84,713,327,386
050,08,123,"Colorado","Weld County",1,85,3706,1403,2303
050,08,123,"Colorado","Weld County",2,0,4382,2260,2122
050,08,123,"Colorado","Weld County",2,1,4441,2282,2159
050,08,123,"Colorado","Weld County",2,2,4583,2334,2249
050,08,123,"Colorado","Weld County",2,3,4733,2379,2354
050,08,123,"Colorado","Weld County",2,4,4852,2448,2404
050,08,123,"Colorado","Weld County",2,5,4805,2431,2374
050,08,123,"Colorado","Weld County",2,6,4770,2434,2336
050,08,123,"Colorado","Weld County",2,7,4715,2406,2309
050,08,123,"Colorado","Weld County",2,8,4723,2427,2296
050,08,123,"Colorado","Weld County",2,9,4730,2421,2309
050,08,123,"Colorado","Weld County",2,10,4840,2485,2355
050,08,123,"Colorado","Weld County",2,11,4943,2610,2333
050,08,123,"Colorado","Weld County",2,12,5113,2708,2405
050,08,123,"Colorado","Weld County",2,13,5071,2628,2443
050,08,123,"Colorado","Weld County",2,14,4984,2558,2426
050,08,123,"Colorado","Weld County",2,15,4900,2485,2415
050,08,123,"Colorado","Weld County",2,16,4849,2457,2392
050,08,123,"Colorado","Weld County",2,17,4625,2341,2284
050,08,123,"Colorado","Weld County",2,18,4790,2350,2440
050,08,123,"Colorado","Weld County",2,19,4740,2295,2445
050,08,123,"Colorado","Weld County",2,20,4076,2051,2025
050,08,123,"Colorado","Weld County",2,21,3978,1998,1980
050,08,123,"Colorado","Weld County",2,22,3903,1956,1947
050,08,123,"Colorado","Weld County",2,23,3966,1998,1968
050,08,123,"Colorado","Weld County",2,24,4023,2081,1942
050,08,123,"Colorado","Weld County",2,25,4264,2188,2076
050,08,123,"Colorado","Weld County",2,26,4514,2321,2193
050,08,123,"Colorado","Weld County",2,27,4754,2418,2336
050,08,123,"Colorado","Weld County",2,28,5002,2540,2462
050,08,123,"Colorado","Weld County",2,29,5206,2653,2553
050,08,123,"Colorado","Weld County",2,30,5289,2695,2594
050,08,123,"Colorado","Weld County",2,31,5235,2719,2516
050,08,123,"Colorado","Weld County",2,32,5256,2722,2534
050,08,123,"Colorado","Weld County",2,33,5268,2702,2566
050,08,123,"Colorado","Weld County",2,34,5232,2671,2561
050,08,123,"Colorado","Weld County",2,35,5293,2779,2514
050,08,123,"Colorado","Weld County",2,36,5195,2768,2427
050,08,123,"Colorado","Weld County",2,37,5112,2724,2388
050,08,123,"Colorado","Weld County",2,38,5040,2680,2360
050,08,123,"Colorado","Weld County",2,39,4945,2619,2326
050,08,123,"Colorado","Weld County",2,40,4765,2509,2256
050,08,123,"Colorado","Weld County",2,41,4506,2368,2138
050,08,123,"Colorado","Weld County",2,42,4293,2227,2066
050,08,123,"Colorado","Weld County",2,43,4266,2205,2061
050,08,123,"Colorado","Weld County",2,44,4135,2165,1970
050,08,123,"Colorado","Weld County",2,45,4114,2209,1905
050,08,123,"Colorado","Weld County",2,46,3976,2107,1869
050,08,123,"Colorado","Weld County",2,47,4039,2098,1941
050,08,123,"Colorado","Weld County",2,48,4125,2120,2005
050,08,123,"Colorado","Weld County",2,49,4254,2193,2061
050,08,123,"Colorado","Weld County",2,50,4192,2158,2034
050,08,123,"Colorado","Weld County",2,51,4037,2097,1940
050,08,123,"Colorado","Weld County",2,52,3789,1944,1845
050,08,123,"Colorado","Weld County",2,53,3656,1879,1777
050,08,123,"Colorado","Weld County",2,54,3572,1839,1733
050,08,123,"Colorado","Weld County",2,55,3678,1874,1804
050,08,123,"Colorado","Weld County",2,56,3799,1947,1852
050,08,123,"Colorado","Weld County",2,57,3850,1952,1898
050,08,123,"Colorado","Weld County",2,58,3948,2002,1946
050,08,123,"Colorado","Weld County",2,59,3868,1970,1898
050,08,123,"Colorado","Weld County",2,60,3782,1910,1872
050,08,123,"Colorado","Weld County",2,61,3776,1861,1915
050,08,123,"Colorado","Weld County",2,62,3672,1829,1843
050,08,123,"Colorado","Weld County",2,63,3584,1798,1786
050,08,123,"Colorado","Weld County",2,64,3354,1655,1699
050,08,123,"Colorado","Weld County",2,65,3267,1602,1665
050,08,123,"Colorado","Weld County",2,66,3202,1580,1622
050,08,123,"Colorado","Weld County",2,67,3048,1471,1577
050,08,123,"Colorado","Weld County",2,68,2935,1397,1538
050,08,123,"Colorado","Weld County",2,69,2709,1275,1434
050,08,123,"Colorado","Weld County",2,70,2499,1199,1300
050,08,123,"Colorado","Weld County",2,71,2344,1157,1187
050,08,123,"Colorado","Weld County",2,72,2261,1114,1147
050,08,123,"Colorado","Weld County",2,73,2368,1135,1233
050,08,123,"Colorado","Weld County",2,74,1665,791,874
050,08,123,"Colorado","Weld County",2,75,1621,772,849
050,08,123,"Colorado","Weld County",2,76,1594,743,851
050,08,123,"Colorado","Weld County",2,77,1505,677,828
050,08,123,"Colorado","Weld County",2,78,1221,559,662
050,08,123,"Colorado","Weld County",2,79,1071,497,574
050,08,123,"Colorado","Weld County",2,80,1003,472,531
050,08,123,"Colorado","Weld County",2,81,935,441,494
050,08,123,"Colorado","Weld County",2,82,843,378,465
050,08,123,"Colorado","Weld County",2,83,745,341,404
050,08,123,"Colorado","Weld County",2,84,710,325,385
050,08,123,"Colorado","Weld County",2,85,3742,1423,2319
050,08,123,"Colorado","Weld County",3,0,4407,2212,2195
050,08,123,"Colorado","Weld County",3,1,4654,2408,2246
050,08,123,"Colorado","Weld County",3,2,4520,2309,2211
050,08,123,"Colorado","Weld County",3,3,4773,2419,2354
050,08,123,"Colorado","Weld County",3,4,4806,2406,2400
050,08,123,"Colorado","Weld County",3,5,4985,2523,2462
050,08,123,"Colorado","Weld County",3,6,4903,2476,2427
050,08,123,"Colorado","Weld County",3,7,4897,2511,2386
050,08,123,"Colorado","Weld County",3,8,4791,2435,2356
050,08,123,"Colorado","Weld County",3,9,4746,2425,2321
050,08,123,"Colorado","Weld County",3,10,4858,2475,2383
050,08,123,"Colorado","Weld County",3,11,4942,2552,2390
050,08,123,"Colorado","Weld County",3,12,5011,2643,2368
050,08,123,"Colorado","Weld County",3,13,5176,2725,2451
050,08,123,"Colorado","Weld County",3,14,5121,2653,2468
050,08,123,"Colorado","Weld County",3,15,5016,2567,2449
050,08,123,"Colorado","Weld County",3,16,4940,2532,2408
050,08,123,"Colorado","Weld County",3,17,4861,2470,2391
050,08,123,"Colorado","Weld County",3,18,4789,2343,2446
050,08,123,"Colorado","Weld County",3,19,4467,2189,2278
050,08,123,"Colorado","Weld County",3,20,4068,2054,2014
050,08,123,"Colorado","Weld County",3,21,4097,2063,2034
050,08,123,"Colorado","Weld County",3,22,4119,2067,2052
050,08,123,"Colorado","Weld County",3,23,4150,2089,2061
050,08,123,"Colorado","Weld County",3,24,4173,2121,2052
050,08,123,"Colorado","Weld County",3,25,4273,2190,2083
050,08,123,"Colorado","Weld County",3,26,4557,2341,2216
050,08,123,"Colorado","Weld County",3,27,4769,2430,2339
050,08,123,"Colorado","Weld County",3,28,4941,2507,2434
050,08,123,"Colorado","Weld County",3,29,5271,2643,2628
050,08,123,"Colorado","Weld County",3,30,5508,2828,2680
050,08,123,"Colorado","Weld County",3,31,5590,2865,2725
050,08,123,"Colorado","Weld County",3,32,5426,2789,2637
050,08,123,"Colorado","Weld County",3,33,5477,2831,2646
050,08,123,"Colorado","Weld County",3,34,5465,2857,2608
050,08,123,"Colorado","Weld County",3,35,5415,2772,2643
050,08,123,"Colorado","Weld County",3,36,5488,2888,2600
050,08,123,"Colorado","Weld County",3,37,5309,2783,2526
050,08,123,"Colorado","Weld County",3,38,5264,2836,2428
050,08,123,"Colorado","Weld County",3,39,5203,2790,2413
050,08,123,"Colorado","Weld County",3,40,5042,2656,2386
050,08,123,"Colorado","Weld County",3,41,4863,2578,2285
050,08,123,"Colorado","Weld County",3,42,4607,2411,2196
050,08,123,"Colorado","Weld County",3,43,4347,2276,2071
050,08,123,"Colorado","Weld County",3,44,4291,2213,2078
050,08,123,"Colorado","Weld County",3,45,4213,2184,2029
050,08,123,"Colorado","Weld County",3,46,4206,2257,1949
050,08,123,"Colorado","Weld County",3,47,3981,2116,1865
050,08,123,"Colorado","Weld County",3,48,4092,2097,1995
050,08,123,"Colorado","Weld County",3,49,4159,2156,2003
050,08,123,"Colorado","Weld County",3,50,4250,2185,2065
050,08,123,"Colorado","Weld County",3,51,4271,2216,2055
050,08,123,"Colorado","Weld County",3,52,4069,2092,1977
050,08,123,"Colorado","Weld County",3,53,3842,1966,1876
050,08,123,"Colorado","Weld County",3,54,3634,1870,1764
050,08,123,"Colorado","Weld County",3,55,3566,1830,1736
050,08,123,"Colorado","Weld County",3,56,3704,1881,1823
050,08,123,"Colorado","Weld County",3,57,3870,1975,1895
050,08,123,"Colorado","Weld County",3,58,3878,1959,1919
050,08,123,"Colorado","Weld County",3,59,3898,1950,1948
050,08,123,"Colorado","Weld County",3,60,3870,1981,1889
050,08,123,"Colorado","Weld County",3,61,3783,1899,1884
050,08,123,"Colorado","Weld County",3,62,3770,1842,1928
050,08,123,"Colorado","Weld County",3,63,3691,1833,1858
050,08,123,"Colorado","Weld County",3,64,3548,1783,1765
050,08,123,"Colorado","Weld County",3,65,3345,1647,1698
050,08,123,"Colorado","Weld County",3,66,3226,1578,1648
050,08,123,"Colorado","Weld County",3,67,3165,1554,1611
050,08,123,"Colorado","Weld County",3,68,3037,1470,1567
050,08,123,"Colorado","Weld County",3,69,2879,1368,1511
050,08,123,"Colorado","Weld County",3,70,2677,1240,1437
050,08,123,"Colorado","Weld County",3,71,2461,1189,1272
050,08,123,"Colorado","Weld County",3,72,2299,1122,1177
050,08,123,"Colorado","Weld County",3,73,2218,1078,1140
050,08,123,"Colorado","Weld County",3,74,2316,1113,1203
050,08,123,"Colorado","Weld County",3,75,1623,768,855
050,08,123,"Colorado","Weld County",3,76,1577,743,834
050,08,123,"Colorado","Weld County",3,77,1555,712,843
050,08,123,"Colorado","Weld County",3,78,1426,647,779
050,08,123,"Colorado","Weld County",3,79,1174,531,643
050,08,123,"Colorado","Weld County",3,80,1040,474,566
050,08,123,"Colorado","Weld County",3,81,993,471,522
050,08,123,"Colorado","Weld County",3,82,872,402,470
050,08,123,"Colorado","Weld County",3,83,783,348,435
050,08,123,"Colorado","Weld County",3,84,687,307,380
050,08,123,"Colorado","Weld County",3,85,3873,1501,2372
050,08,123,"Colorado","Weld County",4,0,4627,2367,2260
050,08,123,"Colorado","Weld County",4,1,4630,2327,2303
050,08,123,"Colorado","Weld County",4,2,4813,2486,2327
050,08,123,"Colorado","Weld County",4,3,4746,2420,2326
050,08,123,"Colorado","Weld County",4,4,4911,2512,2399
050,08,123,"Colorado","Weld County",4,5,4917,2477,2440
050,08,123,"Colorado","Weld County",4,6,5116,2616,2500
050,08,123,"Colorado","Weld County",4,7,5085,2550,2535
050,08,123,"Colorado","Weld County",4,8,5051,2588,2463
050,08,123,"Colorado","Weld County",4,9,4942,2495,2447
050,08,123,"Colorado","Weld County",4,10,4927,2549,2378
050,08,123,"Colorado","Weld County",4,11,4928,2523,2405
050,08,123,"Colorado","Weld County",4,12,5014,2584,2430
050,08,123,"Colorado","Weld County",4,13,5086,2674,2412
050,08,123,"Colorado","Weld County",4,14,5243,2745,2498
050,08,123,"Colorado","Weld County",4,15,5202,2698,2504
050,08,123,"Colorado","Weld County",4,16,5126,2618,2508
050,08,123,"Colorado","Weld County",4,17,4973,2543,2430
050,08,123,"Colorado","Weld County",4,18,4959,2488,2471
050,08,123,"Colorado","Weld County",4,19,4539,2221,2318
050,08,123,"Colorado","Weld County",4,20,4041,2045,1996
050,08,123,"Colorado","Weld County",4,21,4191,2135,2056
050,08,123,"Colorado","Weld County",4,22,4331,2205,2126
050,08,123,"Colorado","Weld County",4,23,4329,2175,2154
050,08,123,"Colorado","Weld County",4,24,4357,2247,2110
050,08,123,"Colorado","Weld County",4,25,4478,2245,2233
050,08,123,"Colorado","Weld County",4,26,4559,2371,2188
050,08,123,"Colorado","Weld County",4,27,4980,2558,2422
050,08,123,"Colorado","Weld County",4,28,5003,2521,2482
050,08,123,"Colorado","Weld County",4,29,5194,2615,2579
050,08,123,"Colorado","Weld County",4,30,5566,2798,2768
050,08,123,"Colorado","Weld County",4,31,5832,3022,2810
050,08,123,"Colorado","Weld County",4,32,5906,3023,2883
050,08,123,"Colorado","Weld County",4,33,5680,2923,2757
050,08,123,"Colorado","Weld County",4,34,5682,2953,2729
050,08,123,"Colorado","Weld County",4,35,5685,2947,2738
050,08,123,"Colorado","Weld County",4,36,5740,2960,2780
050,08,123,"Colorado","Weld County",4,37,5646,2973,2673
050,08,123,"Colorado","Weld County",4,38,5515,2912,2603
050,08,123,"Colorado","Weld County",4,39,5380,2894,2486
050,08,123,"Colorado","Weld County",4,40,5336,2843,2493
050,08,123,"Colorado","Weld County",4,41,5132,2725,2407
050,08,123,"Colorado","Weld County",4,42,4955,2605,2350
050,08,123,"Colorado","Weld County",4,43,4699,2481,2218
050,08,123,"Colorado","Weld County",4,44,4456,2350,2106
050,08,123,"Colorado","Weld County",4,45,4391,2275,2116
050,08,123,"Colorado","Weld County",4,46,4273,2226,2047
050,08,123,"Colorado","Weld County",4,47,4231,2244,1987
050,08,123,"Colorado","Weld County",4,48,4058,2142,1916
050,08,123,"Colorado","Weld County",4,49,4100,2105,1995
050,08,123,"Colorado","Weld County",4,50,4169,2172,1997
050,08,123,"Colorado","Weld County",4,51,4283,2206,2077
050,08,123,"Colorado","Weld County",4,52,4305,2216,2089
050,08,123,"Colorado","Weld County",4,53,4049,2096,1953
050,08,123,"Colorado","Weld County",4,54,3873,1973,1900
050,08,123,"Colorado","Weld County",4,55,3632,1847,1785
050,08,123,"Colorado","Weld County",4,56,3603,1837,1766
050,08,123,"Colorado","Weld County",4,57,3687,1875,1812
050,08,123,"Colorado","Weld County",4,58,3879,1973,1906
050,08,123,"Colorado","Weld County",4,59,3882,1959,1923
050,08,123,"Colorado","Weld County",4,60,3884,1930,1954
050,08,123,"Colorado","Weld County",4,61,3863,1955,1908
050,08,123,"Colorado","Weld County",4,62,3791,1883,1908
050,08,123,"Colorado","Weld County",4,63,3787,1839,1948
050,08,123,"Colorado","Weld County",4,64,3684,1827,1857
050,08,123,"Colorado","Weld County",4,65,3528,1787,1741
050,08,123,"Colorado","Weld County",4,66,3292,1615,1677
050,08,123,"Colorado","Weld County",4,67,3215,1542,1673
050,08,123,"Colorado","Weld County",4,68,3144,1544,1600
050,08,123,"Colorado","Weld County",4,69,2969,1444,1525
050,08,123,"Colorado","Weld County",4,70,2859,1345,1514
050,08,123,"Colorado","Weld County",4,71,2648,1229,1419
050,08,123,"Colorado","Weld County",4,72,2434,1166,1268
050,08,123,"Colorado","Weld County",4,73,2271,1100,1171
050,08,123,"Colorado","Weld County",4,74,2173,1059,1114
050,08,123,"Colorado","Weld County",4,75,2263,1075,1188
050,08,123,"Colorado","Weld County",4,76,1598,744,854
050,08,123,"Colorado","Weld County",4,77,1555,726,829
050,08,123,"Colorado","Weld County",4,78,1496,684,812
050,08,123,"Colorado","Weld County",4,79,1352,600,752
050,08,123,"Colorado","Weld County",4,80,1126,511,615
050,08,123,"Colorado","Weld County",4,81,1004,461,543
050,08,123,"Colorado","Weld County",4,82,898,409,489
050,08,123,"Colorado","Weld County",4,83,809,368,441
050,08,123,"Colorado","Weld County",4,84,718,313,405
050,08,123,"Colorado","Weld County",4,85,3982,1560,2422
050,08,123,"Colorado","Weld County",5,0,4639,2379,2260
050,08,123,"Colorado","Weld County",5,1,4778,2485,2293
050,08,123,"Colorado","Weld County",5,2,4838,2420,2418
050,08,123,"Colorado","Weld County",5,3,4990,2560,2430
050,08,123,"Colorado","Weld County",5,4,4854,2479,2375
050,08,123,"Colorado","Weld County",5,5,5033,2584,2449
050,08,123,"Colorado","Weld County",5,6,4999,2528,2471
050,08,123,"Colorado","Weld County",5,7,5272,2720,2552
050,08,123,"Colorado","Weld County",5,8,5205,2613,2592
050,08,123,"Colorado","Weld County",5,9,5103,2607,2496
050,08,123,"Colorado","Weld County",5,10,5075,2570,2505
050,08,123,"Colorado","Weld County",5,11,5008,2584,2424
050,08,123,"Colorado","Weld County",5,12,5003,2560,2443
050,08,123,"Colorado","Weld County",5,13,5057,2598,2459
050,08,123,"Colorado","Weld County",5,14,5095,2676,2419
050,08,123,"Colorado","Weld County",5,15,5346,2801,2545
050,08,123,"Colorado","Weld County",5,16,5234,2732,2502
050,08,123,"Colorado","Weld County",5,17,5173,2655,2518
050,08,123,"Colorado","Weld County",5,18,4980,2511,2469
050,08,123,"Colorado","Weld County",5,19,4667,2300,2367
050,08,123,"Colorado","Weld County",5,20,4268,2159,2109
050,08,123,"Colorado","Weld County",5,21,4183,2149,2034
050,08,123,"Colorado","Weld County",5,22,4415,2230,2185
050,08,123,"Colorado","Weld County",5,23,4531,2307,2224
050,08,123,"Colorado","Weld County",5,24,4674,2401,2273
050,08,123,"Colorado","Weld County",5,25,4605,2370,2235
050,08,123,"Colorado","Weld County",5,26,4724,2354,2370
050,08,123,"Colorado","Weld County",5,27,5011,2606,2405
050,08,123,"Colorado","Weld County",5,28,5291,2704,2587
050,08,123,"Colorado","Weld County",5,29,5337,2697,2640
050,08,123,"Colorado","Weld County",5,30,5495,2779,2716
050,08,123,"Colorado","Weld County",5,31,5874,2961,2913
050,08,123,"Colorado","Weld County",5,32,6054,3110,2944
050,08,123,"Colorado","Weld County",5,33,6134,3138,2996
050,08,123,"Colorado","Weld County",5,34,5885,3005,2880
050,08,123,"Colorado","Weld County",5,35,5846,3056,2790
050,08,123,"Colorado","Weld County",5,36,5828,3036,2792
050,08,123,"Colorado","Weld County",5,37,5799,3013,2786
050,08,123,"Colorado","Weld County",5,38,5734,3030,2704
050,08,123,"Colorado","Weld County",5,39,5599,2958,2641
050,08,123,"Colorado","Weld County",5,40,5509,2943,2566
050,08,123,"Colorado","Weld County",5,41,5405,2889,2516
050,08,123,"Colorado","Weld County",5,42,5234,2792,2442
050,08,123,"Colorado","Weld County",5,43,5045,2651,2394
050,08,123,"Colorado","Weld County",5,44,4729,2510,2219
050,08,123,"Colorado","Weld County",5,45,4544,2356,2188
050,08,123,"Colorado","Weld County",5,46,4443,2292,2151
050,08,123,"Colorado","Weld County",5,47,4301,2255,2046
050,08,123,"Colorado","Weld County",5,48,4293,2253,2040
050,08,123,"Colorado","Weld County",5,49,4119,2148,1971
050,08,123,"Colorado","Weld County",5,50,4074,2084,1990
050,08,123,"Colorado","Weld County",5,51,4205,2201,2004
050,08,123,"Colorado","Weld County",5,52,4308,2224,2084
050,08,123,"Colorado","Weld County",5,53,4343,2227,2116
050,08,123,"Colorado","Weld County",5,54,4097,2112,1985
050,08,123,"Colorado","Weld County",5,55,3884,1966,1918
050,08,123,"Colorado","Weld County",5,56,3637,1857,1780
050,08,123,"Colorado","Weld County",5,57,3600,1807,1793
050,08,123,"Colorado","Weld County",5,58,3697,1868,1829
050,08,123,"Colorado","Weld County",5,59,3872,1977,1895
050,08,123,"Colorado","Weld County",5,60,3810,1904,1906
050,08,123,"Colorado","Weld County",5,61,3888,1945,1943
050,08,123,"Colorado","Weld County",5,62,3843,1907,1936
050,08,123,"Colorado","Weld County",5,63,3801,1886,1915
050,08,123,"Colorado","Weld County",5,64,3698,1796,1902
050,08,123,"Colorado","Weld County",5,65,3651,1813,1838
050,08,123,"Colorado","Weld County",5,66,3448,1747,1701
050,08,123,"Colorado","Weld County",5,67,3237,1581,1656
050,08,123,"Colorado","Weld County",5,68,3209,1540,1669
050,08,123,"Colorado","Weld County",5,69,3075,1511,1564
050,08,123,"Colorado","Weld County",5,70,2934,1409,1525
050,08,123,"Colorado","Weld County",5,71,2788,1309,1479
050,08,123,"Colorado","Weld County",5,72,2592,1186,1406
050,08,123,"Colorado","Weld County",5,73,2397,1144,1253
050,08,123,"Colorado","Weld County",5,74,2220,1078,1142
050,08,123,"Colorado","Weld County",5,75,2132,1027,1105
050,08,123,"Colorado","Weld County",5,76,2201,1040,1161
050,08,123,"Colorado","Weld County",5,77,1579,724,855
050,08,123,"Colorado","Weld County",5,78,1499,705,794
050,08,123,"Colorado","Weld County",5,79,1431,642,789
050,08,123,"Colorado","Weld County",5,80,1293,562,731
050,08,123,"Colorado","Weld County",5,81,1082,494,588
050,08,123,"Colorado","Weld County",5,82,926,416,510
050,08,123,"Colorado","Weld County",5,83,836,379,457
050,08,123,"Colorado","Weld County",5,84,759,335,424
050,08,123,"Colorado","Weld County",5,85,4138,1638,2500
050,08,125,"Colorado","Yuma County",1,0,141,71,70
050,08,125,"Colorado","Yuma County",1,1,145,68,77
050,08,125,"Colorado","Yuma County",1,2,144,70,74
050,08,125,"Colorado","Yuma County",1,3,161,91,70
050,08,125,"Colorado","Yuma County",1,4,155,83,72
050,08,125,"Colorado","Yuma County",1,5,162,68,94
050,08,125,"Colorado","Yuma County",1,6,138,63,75
050,08,125,"Colorado","Yuma County",1,7,154,85,69
050,08,125,"Colorado","Yuma County",1,8,165,87,78
050,08,125,"Colorado","Yuma County",1,9,180,92,88
050,08,125,"Colorado","Yuma County",1,10,163,86,77
050,08,125,"Colorado","Yuma County",1,11,169,77,92
050,08,125,"Colorado","Yuma County",1,12,157,70,87
050,08,125,"Colorado","Yuma County",1,13,157,78,79
050,08,125,"Colorado","Yuma County",1,14,161,77,84
050,08,125,"Colorado","Yuma County",1,15,139,72,67
050,08,125,"Colorado","Yuma County",1,16,163,87,76
050,08,125,"Colorado","Yuma County",1,17,150,84,66
050,08,125,"Colorado","Yuma County",1,18,119,73,46
050,08,125,"Colorado","Yuma County",1,19,101,52,49
050,08,125,"Colorado","Yuma County",1,20,94,48,46
050,08,125,"Colorado","Yuma County",1,21,98,54,44
050,08,125,"Colorado","Yuma County",1,22,111,57,54
050,08,125,"Colorado","Yuma County",1,23,113,69,44
050,08,125,"Colorado","Yuma County",1,24,102,49,53
050,08,125,"Colorado","Yuma County",1,25,95,43,52
050,08,125,"Colorado","Yuma County",1,26,109,56,53
050,08,125,"Colorado","Yuma County",1,27,129,68,61
050,08,125,"Colorado","Yuma County",1,28,123,72,51
050,08,125,"Colorado","Yuma County",1,29,114,65,49
050,08,125,"Colorado","Yuma County",1,30,109,49,60
050,08,125,"Colorado","Yuma County",1,31,107,48,59
050,08,125,"Colorado","Yuma County",1,32,124,61,63
050,08,125,"Colorado","Yuma County",1,33,135,76,59
050,08,125,"Colorado","Yuma County",1,34,131,67,64
050,08,125,"Colorado","Yuma County",1,35,152,91,61
050,08,125,"Colorado","Yuma County",1,36,135,65,70
050,08,125,"Colorado","Yuma County",1,37,130,67,63
050,08,125,"Colorado","Yuma County",1,38,126,66,60
050,08,125,"Colorado","Yuma County",1,39,113,52,61
050,08,125,"Colorado","Yuma County",1,40,119,61,58
050,08,125,"Colorado","Yuma County",1,41,111,66,45
050,08,125,"Colorado","Yuma County",1,42,104,61,43
050,08,125,"Colorado","Yuma County",1,43,89,49,40
050,08,125,"Colorado","Yuma County",1,44,96,44,52
050,08,125,"Colorado","Yuma County",1,45,92,43,49
050,08,125,"Colorado","Yuma County",1,46,112,53,59
050,08,125,"Colorado","Yuma County",1,47,100,58,42
050,08,125,"Colorado","Yuma County",1,48,125,73,52
050,08,125,"Colorado","Yuma County",1,49,141,78,63
050,08,125,"Colorado","Yuma County",1,50,102,51,51
050,08,125,"Colorado","Yuma County",1,51,117,60,57
050,08,125,"Colorado","Yuma County",1,52,113,62,51
050,08,125,"Colorado","Yuma County",1,53,105,63,42
050,08,125,"Colorado","Yuma County",1,54,111,59,52
050,08,125,"Colorado","Yuma County",1,55,105,57,48
050,08,125,"Colorado","Yuma County",1,56,111,51,60
050,08,125,"Colorado","Yuma County",1,57,128,72,56
050,08,125,"Colorado","Yuma County",1,58,126,63,63
050,08,125,"Colorado","Yuma County",1,59,129,65,64
050,08,125,"Colorado","Yuma County",1,60,124,65,59
050,08,125,"Colorado","Yuma County",1,61,106,58,48
050,08,125,"Colorado","Yuma County",1,62,132,66,66
050,08,125,"Colorado","Yuma County",1,63,128,67,61
050,08,125,"Colorado","Yuma County",1,64,118,67,51
050,08,125,"Colorado","Yuma County",1,65,105,56,49
050,08,125,"Colorado","Yuma County",1,66,104,50,54
050,08,125,"Colorado","Yuma County",1,67,100,51,49
050,08,125,"Colorado","Yuma County",1,68,103,46,57
050,08,125,"Colorado","Yuma County",1,69,104,49,55
050,08,125,"Colorado","Yuma County",1,70,92,41,51
050,08,125,"Colorado","Yuma County",1,71,94,46,48
050,08,125,"Colorado","Yuma County",1,72,104,49,55
050,08,125,"Colorado","Yuma County",1,73,109,50,59
050,08,125,"Colorado","Yuma County",1,74,69,30,39
050,08,125,"Colorado","Yuma County",1,75,67,30,37
050,08,125,"Colorado","Yuma County",1,76,74,31,43
050,08,125,"Colorado","Yuma County",1,77,65,36,29
050,08,125,"Colorado","Yuma County",1,78,61,33,28
050,08,125,"Colorado","Yuma County",1,79,55,27,28
050,08,125,"Colorado","Yuma County",1,80,50,20,30
050,08,125,"Colorado","Yuma County",1,81,49,25,24
050,08,125,"Colorado","Yuma County",1,82,45,20,25
050,08,125,"Colorado","Yuma County",1,83,32,14,18
050,08,125,"Colorado","Yuma County",1,84,33,11,22
050,08,125,"Colorado","Yuma County",1,85,248,92,156
050,08,125,"Colorado","Yuma County",2,0,135,66,69
050,08,125,"Colorado","Yuma County",2,1,141,66,75
050,08,125,"Colorado","Yuma County",2,2,144,68,76
050,08,125,"Colorado","Yuma County",2,3,155,85,70
050,08,125,"Colorado","Yuma County",2,4,157,84,73
050,08,125,"Colorado","Yuma County",2,5,160,71,89
050,08,125,"Colorado","Yuma County",2,6,145,64,81
050,08,125,"Colorado","Yuma County",2,7,152,82,70
050,08,125,"Colorado","Yuma County",2,8,163,86,77
050,08,125,"Colorado","Yuma County",2,9,175,92,83
050,08,125,"Colorado","Yuma County",2,10,166,86,80
050,08,125,"Colorado","Yuma County",2,11,164,77,87
050,08,125,"Colorado","Yuma County",2,12,160,72,88
050,08,125,"Colorado","Yuma County",2,13,158,77,81
050,08,125,"Colorado","Yuma County",2,14,159,78,81
050,08,125,"Colorado","Yuma County",2,15,145,74,71
050,08,125,"Colorado","Yuma County",2,16,158,83,75
050,08,125,"Colorado","Yuma County",2,17,154,86,68
050,08,125,"Colorado","Yuma County",2,18,122,73,49
050,08,125,"Colorado","Yuma County",2,19,101,55,46
050,08,125,"Colorado","Yuma County",2,20,97,51,46
050,08,125,"Colorado","Yuma County",2,21,99,54,45
050,08,125,"Colorado","Yuma County",2,22,107,56,51
050,08,125,"Colorado","Yuma County",2,23,113,66,47
050,08,125,"Colorado","Yuma County",2,24,105,54,51
050,08,125,"Colorado","Yuma County",2,25,97,45,52
050,08,125,"Colorado","Yuma County",2,26,104,52,52
050,08,125,"Colorado","Yuma County",2,27,125,65,60
050,08,125,"Colorado","Yuma County",2,28,122,69,53
050,08,125,"Colorado","Yuma County",2,29,119,68,51
050,08,125,"Colorado","Yuma County",2,30,110,52,58
050,08,125,"Colorado","Yuma County",2,31,107,48,59
050,08,125,"Colorado","Yuma County",2,32,121,59,62
050,08,125,"Colorado","Yuma County",2,33,135,74,61
050,08,125,"Colorado","Yuma County",2,34,132,70,62
050,08,125,"Colorado","Yuma County",2,35,148,86,62
050,08,125,"Colorado","Yuma County",2,36,137,70,67
050,08,125,"Colorado","Yuma County",2,37,134,69,65
050,08,125,"Colorado","Yuma County",2,38,127,64,63
050,08,125,"Colorado","Yuma County",2,39,117,55,62
050,08,125,"Colorado","Yuma County",2,40,118,60,58
050,08,125,"Colorado","Yuma County",2,41,113,65,48
050,08,125,"Colorado","Yuma County",2,42,105,62,43
050,08,125,"Colorado","Yuma County",2,43,92,52,40
050,08,125,"Colorado","Yuma County",2,44,94,44,50
050,08,125,"Colorado","Yuma County",2,45,93,44,49
050,08,125,"Colorado","Yuma County",2,46,105,50,55
050,08,125,"Colorado","Yuma County",2,47,102,57,45
050,08,125,"Colorado","Yuma County",2,48,119,71,48
050,08,125,"Colorado","Yuma County",2,49,136,75,61
050,08,125,"Colorado","Yuma County",2,50,110,57,53
050,08,125,"Colorado","Yuma County",2,51,113,58,55
050,08,125,"Colorado","Yuma County",2,52,113,61,52
050,08,125,"Colorado","Yuma County",2,53,106,62,44
050,08,125,"Colorado","Yuma County",2,54,108,59,49
050,08,125,"Colorado","Yuma County",2,55,106,57,49
050,08,125,"Colorado","Yuma County",2,56,110,52,58
050,08,125,"Colorado","Yuma County",2,57,126,68,58
050,08,125,"Colorado","Yuma County",2,58,126,65,61
050,08,125,"Colorado","Yuma County",2,59,128,63,65
050,08,125,"Colorado","Yuma County",2,60,125,66,59
050,08,125,"Colorado","Yuma County",2,61,109,59,50
050,08,125,"Colorado","Yuma County",2,62,124,63,61
050,08,125,"Colorado","Yuma County",2,63,130,67,63
050,08,125,"Colorado","Yuma County",2,64,119,67,52
050,08,125,"Colorado","Yuma County",2,65,107,58,49
050,08,125,"Colorado","Yuma County",2,66,103,52,51
050,08,125,"Colorado","Yuma County",2,67,100,50,50
050,08,125,"Colorado","Yuma County",2,68,101,46,55
050,08,125,"Colorado","Yuma County",2,69,105,49,56
050,08,125,"Colorado","Yuma County",2,70,95,43,52
050,08,125,"Colorado","Yuma County",2,71,93,45,48
050,08,125,"Colorado","Yuma County",2,72,100,48,52
050,08,125,"Colorado","Yuma County",2,73,114,53,61
050,08,125,"Colorado","Yuma County",2,74,74,33,41
050,08,125,"Colorado","Yuma County",2,75,67,30,37
050,08,125,"Colorado","Yuma County",2,76,71,30,41
050,08,125,"Colorado","Yuma County",2,77,68,35,33
050,08,125,"Colorado","Yuma County",2,78,61,33,28
050,08,125,"Colorado","Yuma County",2,79,53,27,26
050,08,125,"Colorado","Yuma County",2,80,50,20,30
050,08,125,"Colorado","Yuma County",2,81,47,22,25
050,08,125,"Colorado","Yuma County",2,82,45,22,23
050,08,125,"Colorado","Yuma County",2,83,35,15,20
050,08,125,"Colorado","Yuma County",2,84,33,11,22
050,08,125,"Colorado","Yuma County",2,85,249,93,156
050,08,125,"Colorado","Yuma County",3,0,133,76,57
050,08,125,"Colorado","Yuma County",3,1,131,62,69
050,08,125,"Colorado","Yuma County",3,2,140,70,70
050,08,125,"Colorado","Yuma County",3,3,142,73,69
050,08,125,"Colorado","Yuma County",3,4,154,83,71
050,08,125,"Colorado","Yuma County",3,5,155,83,72
050,08,125,"Colorado","Yuma County",3,6,154,68,86
050,08,125,"Colorado","Yuma County",3,7,151,68,83
050,08,125,"Colorado","Yuma County",3,8,152,82,70
050,08,125,"Colorado","Yuma County",3,9,160,88,72
050,08,125,"Colorado","Yuma County",3,10,177,90,87
050,08,125,"Colorado","Yuma County",3,11,168,87,81
050,08,125,"Colorado","Yuma County",3,12,162,78,84
050,08,125,"Colorado","Yuma County",3,13,169,75,94
050,08,125,"Colorado","Yuma County",3,14,162,82,80
050,08,125,"Colorado","Yuma County",3,15,158,74,84
050,08,125,"Colorado","Yuma County",3,16,155,76,79
050,08,125,"Colorado","Yuma County",3,17,157,78,79
050,08,125,"Colorado","Yuma County",3,18,140,82,58
050,08,125,"Colorado","Yuma County",3,19,101,60,41
050,08,125,"Colorado","Yuma County",3,20,105,60,45
050,08,125,"Colorado","Yuma County",3,21,99,54,45
050,08,125,"Colorado","Yuma County",3,22,101,53,48
050,08,125,"Colorado","Yuma County",3,23,105,55,50
050,08,125,"Colorado","Yuma County",3,24,114,72,42
050,08,125,"Colorado","Yuma County",3,25,110,55,55
050,08,125,"Colorado","Yuma County",3,26,93,37,56
050,08,125,"Colorado","Yuma County",3,27,98,51,47
050,08,125,"Colorado","Yuma County",3,28,117,63,54
050,08,125,"Colorado","Yuma County",3,29,135,81,54
050,08,125,"Colorado","Yuma County",3,30,126,75,51
050,08,125,"Colorado","Yuma County",3,31,110,51,59
050,08,125,"Colorado","Yuma County",3,32,109,47,62
050,08,125,"Colorado","Yuma County",3,33,121,64,57
050,08,125,"Colorado","Yuma County",3,34,128,65,63
050,08,125,"Colorado","Yuma County",3,35,128,67,61
050,08,125,"Colorado","Yuma County",3,36,144,76,68
050,08,125,"Colorado","Yuma County",3,37,142,77,65
050,08,125,"Colorado","Yuma County",3,38,134,64,70
050,08,125,"Colorado","Yuma County",3,39,125,62,63
050,08,125,"Colorado","Yuma County",3,40,115,55,60
050,08,125,"Colorado","Yuma County",3,41,117,61,56
050,08,125,"Colorado","Yuma County",3,42,108,59,49
050,08,125,"Colorado","Yuma County",3,43,108,64,44
050,08,125,"Colorado","Yuma County",3,44,91,51,40
050,08,125,"Colorado","Yuma County",3,45,98,49,49
050,08,125,"Colorado","Yuma County",3,46,94,43,51
050,08,125,"Colorado","Yuma County",3,47,105,49,56
050,08,125,"Colorado","Yuma County",3,48,102,57,45
050,08,125,"Colorado","Yuma County",3,49,122,71,51
050,08,125,"Colorado","Yuma County",3,50,131,73,58
050,08,125,"Colorado","Yuma County",3,51,108,54,54
050,08,125,"Colorado","Yuma County",3,52,110,56,54
050,08,125,"Colorado","Yuma County",3,53,108,57,51
050,08,125,"Colorado","Yuma County",3,54,106,62,44
050,08,125,"Colorado","Yuma County",3,55,104,56,48
050,08,125,"Colorado","Yuma County",3,56,106,58,48
050,08,125,"Colorado","Yuma County",3,57,112,53,59
050,08,125,"Colorado","Yuma County",3,58,123,64,59
050,08,125,"Colorado","Yuma County",3,59,124,68,56
050,08,125,"Colorado","Yuma County",3,60,127,63,64
050,08,125,"Colorado","Yuma County",3,61,119,61,58
050,08,125,"Colorado","Yuma County",3,62,105,56,49
050,08,125,"Colorado","Yuma County",3,63,125,61,64
050,08,125,"Colorado","Yuma County",3,64,133,67,66
050,08,125,"Colorado","Yuma County",3,65,112,62,50
050,08,125,"Colorado","Yuma County",3,66,103,55,48
050,08,125,"Colorado","Yuma County",3,67,102,51,51
050,08,125,"Colorado","Yuma County",3,68,101,50,51
050,08,125,"Colorado","Yuma County",3,69,101,47,54
050,08,125,"Colorado","Yuma County",3,70,106,49,57
050,08,125,"Colorado","Yuma County",3,71,94,43,51
050,08,125,"Colorado","Yuma County",3,72,91,43,48
050,08,125,"Colorado","Yuma County",3,73,100,48,52
050,08,125,"Colorado","Yuma County",3,74,107,52,55
050,08,125,"Colorado","Yuma County",3,75,71,30,41
050,08,125,"Colorado","Yuma County",3,76,64,28,36
050,08,125,"Colorado","Yuma County",3,77,68,28,40
050,08,125,"Colorado","Yuma County",3,78,57,24,33
050,08,125,"Colorado","Yuma County",3,79,62,34,28
050,08,125,"Colorado","Yuma County",3,80,46,22,24
050,08,125,"Colorado","Yuma County",3,81,40,15,25
050,08,125,"Colorado","Yuma County",3,82,44,21,23
050,08,125,"Colorado","Yuma County",3,83,38,19,19
050,08,125,"Colorado","Yuma County",3,84,33,14,19
050,08,125,"Colorado","Yuma County",3,85,219,78,141
050,08,125,"Colorado","Yuma County",4,0,136,69,67
050,08,125,"Colorado","Yuma County",4,1,126,68,58
050,08,125,"Colorado","Yuma County",4,2,143,76,67
050,08,125,"Colorado","Yuma County",4,3,140,74,66
050,08,125,"Colorado","Yuma County",4,4,141,74,67
050,08,125,"Colorado","Yuma County",4,5,159,87,72
050,08,125,"Colorado","Yuma County",4,6,161,88,73
050,08,125,"Colorado","Yuma County",4,7,167,79,88
050,08,125,"Colorado","Yuma County",4,8,161,68,93
050,08,125,"Colorado","Yuma County",4,9,144,74,70
050,08,125,"Colorado","Yuma County",4,10,166,91,75
050,08,125,"Colorado","Yuma County",4,11,177,89,88
050,08,125,"Colorado","Yuma County",4,12,161,81,80
050,08,125,"Colorado","Yuma County",4,13,153,72,81
050,08,125,"Colorado","Yuma County",4,14,173,79,94
050,08,125,"Colorado","Yuma County",4,15,164,82,82
050,08,125,"Colorado","Yuma County",4,16,155,70,85
050,08,125,"Colorado","Yuma County",4,17,163,78,85
050,08,125,"Colorado","Yuma County",4,18,138,70,68
050,08,125,"Colorado","Yuma County",4,19,106,60,46
050,08,125,"Colorado","Yuma County",4,20,94,59,35
050,08,125,"Colorado","Yuma County",4,21,106,61,45
050,08,125,"Colorado","Yuma County",4,22,100,53,47
050,08,125,"Colorado","Yuma County",4,23,92,48,44
050,08,125,"Colorado","Yuma County",4,24,123,77,46
050,08,125,"Colorado","Yuma County",4,25,120,71,49
050,08,125,"Colorado","Yuma County",4,26,108,49,59
050,08,125,"Colorado","Yuma County",4,27,90,35,55
050,08,125,"Colorado","Yuma County",4,28,96,50,46
050,08,125,"Colorado","Yuma County",4,29,125,70,55
050,08,125,"Colorado","Yuma County",4,30,139,83,56
050,08,125,"Colorado","Yuma County",4,31,130,74,56
050,08,125,"Colorado","Yuma County",4,32,104,46,58
050,08,125,"Colorado","Yuma County",4,33,109,47,62
050,08,125,"Colorado","Yuma County",4,34,113,55,58
050,08,125,"Colorado","Yuma County",4,35,131,65,66
050,08,125,"Colorado","Yuma County",4,36,123,65,58
050,08,125,"Colorado","Yuma County",4,37,153,84,69
050,08,125,"Colorado","Yuma County",4,38,134,72,62
050,08,125,"Colorado","Yuma County",4,39,136,65,71
050,08,125,"Colorado","Yuma County",4,40,121,59,62
050,08,125,"Colorado","Yuma County",4,41,116,54,62
050,08,125,"Colorado","Yuma County",4,42,113,54,59
050,08,125,"Colorado","Yuma County",4,43,100,57,43
050,08,125,"Colorado","Yuma County",4,44,106,62,44
050,08,125,"Colorado","Yuma County",4,45,96,56,40
050,08,125,"Colorado","Yuma County",4,46,101,51,50
050,08,125,"Colorado","Yuma County",4,47,93,44,49
050,08,125,"Colorado","Yuma County",4,48,109,52,57
050,08,125,"Colorado","Yuma County",4,49,100,52,48
050,08,125,"Colorado","Yuma County",4,50,115,66,49
050,08,125,"Colorado","Yuma County",4,51,130,69,61
050,08,125,"Colorado","Yuma County",4,52,101,50,51
050,08,125,"Colorado","Yuma County",4,53,106,56,50
050,08,125,"Colorado","Yuma County",4,54,104,54,50
050,08,125,"Colorado","Yuma County",4,55,100,58,42
050,08,125,"Colorado","Yuma County",4,56,101,55,46
050,08,125,"Colorado","Yuma County",4,57,106,58,48
050,08,125,"Colorado","Yuma County",4,58,109,52,57
050,08,125,"Colorado","Yuma County",4,59,121,64,57
050,08,125,"Colorado","Yuma County",4,60,123,67,56
050,08,125,"Colorado","Yuma County",4,61,125,62,63
050,08,125,"Colorado","Yuma County",4,62,117,59,58
050,08,125,"Colorado","Yuma County",4,63,99,53,46
050,08,125,"Colorado","Yuma County",4,64,128,64,64
050,08,125,"Colorado","Yuma County",4,65,130,67,63
050,08,125,"Colorado","Yuma County",4,66,110,60,50
050,08,125,"Colorado","Yuma County",4,67,101,55,46
050,08,125,"Colorado","Yuma County",4,68,98,47,51
050,08,125,"Colorado","Yuma County",4,69,101,50,51
050,08,125,"Colorado","Yuma County",4,70,99,43,56
050,08,125,"Colorado","Yuma County",4,71,106,51,55
050,08,125,"Colorado","Yuma County",4,72,95,42,53
050,08,125,"Colorado","Yuma County",4,73,86,40,46
050,08,125,"Colorado","Yuma County",4,74,94,46,48
050,08,125,"Colorado","Yuma County",4,75,104,51,53
050,08,125,"Colorado","Yuma County",4,76,70,29,41
050,08,125,"Colorado","Yuma County",4,77,63,28,35
050,08,125,"Colorado","Yuma County",4,78,63,24,39
050,08,125,"Colorado","Yuma County",4,79,55,24,31
050,08,125,"Colorado","Yuma County",4,80,58,31,27
050,08,125,"Colorado","Yuma County",4,81,41,19,22
050,08,125,"Colorado","Yuma County",4,82,36,15,21
050,08,125,"Colorado","Yuma County",4,83,40,18,22
050,08,125,"Colorado","Yuma County",4,84,38,16,22
050,08,125,"Colorado","Yuma County",4,85,207,79,128
050,08,125,"Colorado","Yuma County",5,0,137,69,68
050,08,125,"Colorado","Yuma County",5,1,143,71,72
050,08,125,"Colorado","Yuma County",5,2,136,80,56
050,08,125,"Colorado","Yuma County",5,3,138,78,60
050,08,125,"Colorado","Yuma County",5,4,134,69,65
050,08,125,"Colorado","Yuma County",5,5,144,79,65
050,08,125,"Colorado","Yuma County",5,6,168,93,75
050,08,125,"Colorado","Yuma County",5,7,177,97,80
050,08,125,"Colorado","Yuma County",5,8,181,82,99
050,08,125,"Colorado","Yuma County",5,9,155,65,90
050,08,125,"Colorado","Yuma County",5,10,154,83,71
050,08,125,"Colorado","Yuma County",5,11,155,88,67
050,08,125,"Colorado","Yuma County",5,12,175,87,88
050,08,125,"Colorado","Yuma County",5,13,158,77,81
050,08,125,"Colorado","Yuma County",5,14,150,70,80
050,08,125,"Colorado","Yuma County",5,15,173,76,97
050,08,125,"Colorado","Yuma County",5,16,161,80,81
050,08,125,"Colorado","Yuma County",5,17,148,64,84
050,08,125,"Colorado","Yuma County",5,18,142,74,68
050,08,125,"Colorado","Yuma County",5,19,111,48,63
050,08,125,"Colorado","Yuma County",5,20,95,53,42
050,08,125,"Colorado","Yuma County",5,21,90,57,33
050,08,125,"Colorado","Yuma County",5,22,104,61,43
050,08,125,"Colorado","Yuma County",5,23,100,54,46
050,08,125,"Colorado","Yuma County",5,24,107,67,40
050,08,125,"Colorado","Yuma County",5,25,139,77,62
050,08,125,"Colorado","Yuma County",5,26,105,53,52
050,08,125,"Colorado","Yuma County",5,27,95,45,50
050,08,125,"Colorado","Yuma County",5,28,88,39,49
050,08,125,"Colorado","Yuma County",5,29,97,53,44
050,08,125,"Colorado","Yuma County",5,30,129,68,61
050,08,125,"Colorado","Yuma County",5,31,140,84,56
050,08,125,"Colorado","Yuma County",5,32,127,69,58
050,08,125,"Colorado","Yuma County",5,33,104,49,55
050,08,125,"Colorado","Yuma County",5,34,106,46,60
050,08,125,"Colorado","Yuma County",5,35,111,53,58
050,08,125,"Colorado","Yuma County",5,36,130,63,67
050,08,125,"Colorado","Yuma County",5,37,128,69,59
050,08,125,"Colorado","Yuma County",5,38,147,81,66
050,08,125,"Colorado","Yuma County",5,39,134,74,60
050,08,125,"Colorado","Yuma County",5,40,135,71,64
050,08,125,"Colorado","Yuma County",5,41,127,63,64
050,08,125,"Colorado","Yuma County",5,42,107,46,61
050,08,125,"Colorado","Yuma County",5,43,113,57,56
050,08,125,"Colorado","Yuma County",5,44,101,57,44
050,08,125,"Colorado","Yuma County",5,45,104,61,43
050,08,125,"Colorado","Yuma County",5,46,92,54,38
050,08,125,"Colorado","Yuma County",5,47,94,48,46
050,08,125,"Colorado","Yuma County",5,48,94,48,46
050,08,125,"Colorado","Yuma County",5,49,103,47,56
050,08,125,"Colorado","Yuma County",5,50,98,50,48
050,08,125,"Colorado","Yuma County",5,51,109,65,44
050,08,125,"Colorado","Yuma County",5,52,121,63,58
050,08,125,"Colorado","Yuma County",5,53,105,54,51
050,08,125,"Colorado","Yuma County",5,54,102,54,48
050,08,125,"Colorado","Yuma County",5,55,107,53,54
050,08,125,"Colorado","Yuma County",5,56,99,55,44
050,08,125,"Colorado","Yuma County",5,57,99,54,45
050,08,125,"Colorado","Yuma County",5,58,109,58,51
050,08,125,"Colorado","Yuma County",5,59,103,45,58
050,08,125,"Colorado","Yuma County",5,60,117,60,57
050,08,125,"Colorado","Yuma County",5,61,124,66,58
050,08,125,"Colorado","Yuma County",5,62,127,63,64
050,08,125,"Colorado","Yuma County",5,63,112,56,56
050,08,125,"Colorado","Yuma County",5,64,104,55,49
050,08,125,"Colorado","Yuma County",5,65,124,61,63
050,08,125,"Colorado","Yuma County",5,66,127,66,61
050,08,125,"Colorado","Yuma County",5,67,109,60,49
050,08,125,"Colorado","Yuma County",5,68,99,54,45
050,08,125,"Colorado","Yuma County",5,69,96,46,50
050,08,125,"Colorado","Yuma County",5,70,96,48,48
050,08,125,"Colorado","Yuma County",5,71,97,41,56
050,08,125,"Colorado","Yuma County",5,72,102,50,52
050,08,125,"Colorado","Yuma County",5,73,91,39,52
050,08,125,"Colorado","Yuma County",5,74,83,40,43
050,08,125,"Colorado","Yuma County",5,75,92,47,45
050,08,125,"Colorado","Yuma County",5,76,104,50,54
050,08,125,"Colorado","Yuma County",5,77,67,27,40
050,08,125,"Colorado","Yuma County",5,78,58,23,35
050,08,125,"Colorado","Yuma County",5,79,63,25,38
050,08,125,"Colorado","Yuma County",5,80,52,23,29
050,08,125,"Colorado","Yuma County",5,81,53,29,24
050,08,125,"Colorado","Yuma County",5,82,37,18,19
050,08,125,"Colorado","Yuma County",5,83,35,12,23
050,08,125,"Colorado","Yuma County",5,84,41,16,25
050,08,125,"Colorado","Yuma County",5,85,214,84,130

