"SUMLEV","STATE","COUNTY","STNAME","CTYNAME","YEAR","AGE","TOT_POP","TOT_MALE","TOT_FEMALE"
050,37,001,"North Carolina","Alamance County",1,0,1916,980,936
050,37,001,"North Carolina","Alamance County",1,1,1949,999,950
050,37,001,"North Carolina","Alamance County",1,2,2102,1094,1008
050,37,001,"North Carolina","Alamance County",1,3,1998,1028,970
050,37,001,"North Carolina","Alamance County",1,4,2018,1059,959
050,37,001,"North Carolina","Alamance County",1,5,2039,1070,969
050,37,001,"North Carolina","Alamance County",1,6,2044,1073,971
050,37,001,"North Carolina","Alamance County",1,7,2129,1099,1030
050,37,001,"North Carolina","Alamance County",1,8,2066,1063,1003
050,37,001,"North Carolina","Alamance County",1,9,2100,1118,982
050,37,001,"North Carolina","Alamance County",1,10,2182,1104,1078
050,37,001,"North Carolina","Alamance County",1,11,2275,1124,1151
050,37,001,"North Carolina","Alamance County",1,12,2375,1208,1167
050,37,001,"North Carolina","Alamance County",1,13,2311,1178,1133
050,37,001,"North Carolina","Alamance County",1,14,2265,1137,1128
050,37,001,"North Carolina","Alamance County",1,15,2180,1111,1069
050,37,001,"North Carolina","Alamance County",1,16,2281,1155,1126
050,37,001,"North Carolina","Alamance County",1,17,2284,1196,1088
050,37,001,"North Carolina","Alamance County",1,18,2902,1359,1543
050,37,001,"North Carolina","Alamance County",1,19,3575,1638,1937
050,37,001,"North Carolina","Alamance County",1,20,2865,1338,1527
050,37,001,"North Carolina","Alamance County",1,21,2279,1110,1169
050,37,001,"North Carolina","Alamance County",1,22,2148,1034,1114
050,37,001,"North Carolina","Alamance County",1,23,1973,926,1047
050,37,001,"North Carolina","Alamance County",1,24,1985,951,1034
050,37,001,"North Carolina","Alamance County",1,25,2062,997,1065
050,37,001,"North Carolina","Alamance County",1,26,2158,1050,1108
050,37,001,"North Carolina","Alamance County",1,27,2098,1026,1072
050,37,001,"North Carolina","Alamance County",1,28,2164,1013,1151
050,37,001,"North Carolina","Alamance County",1,29,2170,1021,1149
050,37,001,"North Carolina","Alamance County",1,30,2365,1111,1254
050,37,001,"North Carolina","Alamance County",1,31,2413,1167,1246
050,37,001,"North Carolina","Alamance County",1,32,2181,1076,1105
050,37,001,"North Carolina","Alamance County",1,33,2108,1020,1088
050,37,001,"North Carolina","Alamance County",1,34,2107,1012,1095
050,37,001,"North Carolina","Alamance County",1,35,2029,991,1038
050,37,001,"North Carolina","Alamance County",1,36,1902,929,973
050,37,001,"North Carolina","Alamance County",1,37,2003,928,1075
050,37,001,"North Carolina","Alamance County",1,38,2037,974,1063
050,37,001,"North Carolina","Alamance County",1,39,2010,937,1073
050,37,001,"North Carolina","Alamance County",1,40,2059,1033,1026
050,37,001,"North Carolina","Alamance County",1,41,1996,937,1059
050,37,001,"North Carolina","Alamance County",1,42,1982,947,1035
050,37,001,"North Carolina","Alamance County",1,43,1974,979,995
050,37,001,"North Carolina","Alamance County",1,44,2016,980,1036
050,37,001,"North Carolina","Alamance County",1,45,2018,980,1038
050,37,001,"North Carolina","Alamance County",1,46,1985,959,1026
050,37,001,"North Carolina","Alamance County",1,47,2092,1004,1088
050,37,001,"North Carolina","Alamance County",1,48,2310,1129,1181
050,37,001,"North Carolina","Alamance County",1,49,2474,1227,1247
050,37,001,"North Carolina","Alamance County",1,50,2286,1124,1162
050,37,001,"North Carolina","Alamance County",1,51,2212,1072,1140
050,37,001,"North Carolina","Alamance County",1,52,2227,1103,1124
050,37,001,"North Carolina","Alamance County",1,53,2331,1127,1204
050,37,001,"North Carolina","Alamance County",1,54,2315,1114,1201
050,37,001,"North Carolina","Alamance County",1,55,2356,1125,1231
050,37,001,"North Carolina","Alamance County",1,56,2424,1189,1235
050,37,001,"North Carolina","Alamance County",1,57,2427,1198,1229
050,37,001,"North Carolina","Alamance County",1,58,2370,1145,1225
050,37,001,"North Carolina","Alamance County",1,59,2277,1069,1208
050,37,001,"North Carolina","Alamance County",1,60,2326,1092,1234
050,37,001,"North Carolina","Alamance County",1,61,2150,1029,1121
050,37,001,"North Carolina","Alamance County",1,62,2180,1059,1121
050,37,001,"North Carolina","Alamance County",1,63,2122,1044,1078
050,37,001,"North Carolina","Alamance County",1,64,2010,960,1050
050,37,001,"North Carolina","Alamance County",1,65,1953,895,1058
050,37,001,"North Carolina","Alamance County",1,66,1925,905,1020
050,37,001,"North Carolina","Alamance County",1,67,1818,833,985
050,37,001,"North Carolina","Alamance County",1,68,1697,746,951
050,37,001,"North Carolina","Alamance County",1,69,1586,694,892
050,37,001,"North Carolina","Alamance County",1,70,1560,704,856
050,37,001,"North Carolina","Alamance County",1,71,1591,715,876
050,37,001,"North Carolina","Alamance County",1,72,1634,728,906
050,37,001,"North Carolina","Alamance County",1,73,1590,699,891
050,37,001,"North Carolina","Alamance County",1,74,1177,516,661
050,37,001,"North Carolina","Alamance County",1,75,1200,535,665
050,37,001,"North Carolina","Alamance County",1,76,1177,497,680
050,37,001,"North Carolina","Alamance County",1,77,1120,473,647
050,37,001,"North Carolina","Alamance County",1,78,981,431,550
050,37,001,"North Carolina","Alamance County",1,79,872,368,504
050,37,001,"North Carolina","Alamance County",1,80,749,291,458
050,37,001,"North Carolina","Alamance County",1,81,707,268,439
050,37,001,"North Carolina","Alamance County",1,82,665,273,392
050,37,001,"North Carolina","Alamance County",1,83,629,241,388
050,37,001,"North Carolina","Alamance County",1,84,581,236,345
050,37,001,"North Carolina","Alamance County",1,85,3247,1122,2125
050,37,001,"North Carolina","Alamance County",2,0,1879,962,917
050,37,001,"North Carolina","Alamance County",2,1,1953,997,956
050,37,001,"North Carolina","Alamance County",2,2,2071,1074,997
050,37,001,"North Carolina","Alamance County",2,3,2020,1046,974
050,37,001,"North Carolina","Alamance County",2,4,2026,1061,965
050,37,001,"North Carolina","Alamance County",2,5,2039,1072,967
050,37,001,"North Carolina","Alamance County",2,6,2050,1077,973
050,37,001,"North Carolina","Alamance County",2,7,2112,1096,1016
050,37,001,"North Carolina","Alamance County",2,8,2083,1073,1010
050,37,001,"North Carolina","Alamance County",2,9,2089,1101,988
050,37,001,"North Carolina","Alamance County",2,10,2168,1111,1057
050,37,001,"North Carolina","Alamance County",2,11,2252,1121,1131
050,37,001,"North Carolina","Alamance County",2,12,2365,1193,1172
050,37,001,"North Carolina","Alamance County",2,13,2334,1188,1146
050,37,001,"North Carolina","Alamance County",2,14,2276,1146,1130
050,37,001,"North Carolina","Alamance County",2,15,2207,1119,1088
050,37,001,"North Carolina","Alamance County",2,16,2270,1153,1117
050,37,001,"North Carolina","Alamance County",2,17,2293,1191,1102
050,37,001,"North Carolina","Alamance County",2,18,2887,1352,1535
050,37,001,"North Carolina","Alamance County",2,19,3577,1642,1935
050,37,001,"North Carolina","Alamance County",2,20,2911,1359,1552
050,37,001,"North Carolina","Alamance County",2,21,2288,1116,1172
050,37,001,"North Carolina","Alamance County",2,22,2159,1035,1124
050,37,001,"North Carolina","Alamance County",2,23,1996,939,1057
050,37,001,"North Carolina","Alamance County",2,24,1991,953,1038
050,37,001,"North Carolina","Alamance County",2,25,2075,1010,1065
050,37,001,"North Carolina","Alamance County",2,26,2155,1050,1105
050,37,001,"North Carolina","Alamance County",2,27,2126,1037,1089
050,37,001,"North Carolina","Alamance County",2,28,2156,1019,1137
050,37,001,"North Carolina","Alamance County",2,29,2177,1028,1149
050,37,001,"North Carolina","Alamance County",2,30,2340,1100,1240
050,37,001,"North Carolina","Alamance County",2,31,2400,1155,1245
050,37,001,"North Carolina","Alamance County",2,32,2230,1090,1140
050,37,001,"North Carolina","Alamance County",2,33,2139,1038,1101
050,37,001,"North Carolina","Alamance County",2,34,2117,1015,1102
050,37,001,"North Carolina","Alamance County",2,35,2063,1003,1060
050,37,001,"North Carolina","Alamance County",2,36,1922,932,990
050,37,001,"North Carolina","Alamance County",2,37,1998,937,1061
050,37,001,"North Carolina","Alamance County",2,38,2045,967,1078
050,37,001,"North Carolina","Alamance County",2,39,2022,946,1076
050,37,001,"North Carolina","Alamance County",2,40,2077,1024,1053
050,37,001,"North Carolina","Alamance County",2,41,2013,959,1054
050,37,001,"North Carolina","Alamance County",2,42,1984,948,1036
050,37,001,"North Carolina","Alamance County",2,43,1989,973,1016
050,37,001,"North Carolina","Alamance County",2,44,1991,974,1017
050,37,001,"North Carolina","Alamance County",2,45,2032,985,1047
050,37,001,"North Carolina","Alamance County",2,46,1991,960,1031
050,37,001,"North Carolina","Alamance County",2,47,2066,992,1074
050,37,001,"North Carolina","Alamance County",2,48,2275,1109,1166
050,37,001,"North Carolina","Alamance County",2,49,2454,1215,1239
050,37,001,"North Carolina","Alamance County",2,50,2342,1150,1192
050,37,001,"North Carolina","Alamance County",2,51,2230,1087,1143
050,37,001,"North Carolina","Alamance County",2,52,2227,1099,1128
050,37,001,"North Carolina","Alamance County",2,53,2301,1114,1187
050,37,001,"North Carolina","Alamance County",2,54,2318,1113,1205
050,37,001,"North Carolina","Alamance County",2,55,2356,1124,1232
050,37,001,"North Carolina","Alamance County",2,56,2425,1181,1244
050,37,001,"North Carolina","Alamance County",2,57,2429,1194,1235
050,37,001,"North Carolina","Alamance County",2,58,2396,1162,1234
050,37,001,"North Carolina","Alamance County",2,59,2324,1099,1225
050,37,001,"North Carolina","Alamance County",2,60,2306,1078,1228
050,37,001,"North Carolina","Alamance County",2,61,2183,1035,1148
050,37,001,"North Carolina","Alamance County",2,62,2164,1050,1114
050,37,001,"North Carolina","Alamance County",2,63,2148,1052,1096
050,37,001,"North Carolina","Alamance County",2,64,2013,960,1053
050,37,001,"North Carolina","Alamance County",2,65,1964,907,1057
050,37,001,"North Carolina","Alamance County",2,66,1929,897,1032
050,37,001,"North Carolina","Alamance County",2,67,1832,842,990
050,37,001,"North Carolina","Alamance County",2,68,1713,757,956
050,37,001,"North Carolina","Alamance County",2,69,1630,713,917
050,37,001,"North Carolina","Alamance County",2,70,1558,700,858
050,37,001,"North Carolina","Alamance County",2,71,1580,712,868
050,37,001,"North Carolina","Alamance County",2,72,1592,710,882
050,37,001,"North Carolina","Alamance County",2,73,1670,734,936
050,37,001,"North Carolina","Alamance County",2,74,1198,525,673
050,37,001,"North Carolina","Alamance County",2,75,1195,532,663
050,37,001,"North Carolina","Alamance County",2,76,1169,500,669
050,37,001,"North Carolina","Alamance County",2,77,1152,486,666
050,37,001,"North Carolina","Alamance County",2,78,991,431,560
050,37,001,"North Carolina","Alamance County",2,79,887,377,510
050,37,001,"North Carolina","Alamance County",2,80,770,306,464
050,37,001,"North Carolina","Alamance County",2,81,700,267,433
050,37,001,"North Carolina","Alamance County",2,82,673,268,405
050,37,001,"North Carolina","Alamance County",2,83,626,244,382
050,37,001,"North Carolina","Alamance County",2,84,580,232,348
050,37,001,"North Carolina","Alamance County",2,85,3256,1131,2125
050,37,001,"North Carolina","Alamance County",3,0,1849,918,931
050,37,001,"North Carolina","Alamance County",3,1,1943,990,953
050,37,001,"North Carolina","Alamance County",3,2,2037,1034,1003
050,37,001,"North Carolina","Alamance County",3,3,2096,1090,1006
050,37,001,"North Carolina","Alamance County",3,4,2058,1066,992
050,37,001,"North Carolina","Alamance County",3,5,2067,1085,982
050,37,001,"North Carolina","Alamance County",3,6,2107,1083,1024
050,37,001,"North Carolina","Alamance County",3,7,2092,1091,1001
050,37,001,"North Carolina","Alamance County",3,8,2155,1120,1035
050,37,001,"North Carolina","Alamance County",3,9,2112,1086,1026
050,37,001,"North Carolina","Alamance County",3,10,2122,1118,1004
050,37,001,"North Carolina","Alamance County",3,11,2226,1137,1089
050,37,001,"North Carolina","Alamance County",3,12,2280,1128,1152
050,37,001,"North Carolina","Alamance County",3,13,2431,1220,1211
050,37,001,"North Carolina","Alamance County",3,14,2403,1219,1184
050,37,001,"North Carolina","Alamance County",3,15,2294,1154,1140
050,37,001,"North Carolina","Alamance County",3,16,2236,1125,1111
050,37,001,"North Carolina","Alamance County",3,17,2322,1187,1135
050,37,001,"North Carolina","Alamance County",3,18,2872,1345,1527
050,37,001,"North Carolina","Alamance County",3,19,3488,1615,1873
050,37,001,"North Carolina","Alamance County",3,20,2893,1378,1515
050,37,001,"North Carolina","Alamance County",3,21,2318,1144,1174
050,37,001,"North Carolina","Alamance County",3,22,2174,1049,1125
050,37,001,"North Carolina","Alamance County",3,23,2095,992,1103
050,37,001,"North Carolina","Alamance County",3,24,2048,970,1078
050,37,001,"North Carolina","Alamance County",3,25,2058,1014,1044
050,37,001,"North Carolina","Alamance County",3,26,2138,1065,1073
050,37,001,"North Carolina","Alamance County",3,27,2114,1022,1092
050,37,001,"North Carolina","Alamance County",3,28,2176,1050,1126
050,37,001,"North Carolina","Alamance County",3,29,2174,1040,1134
050,37,001,"North Carolina","Alamance County",3,30,2235,1031,1204
050,37,001,"North Carolina","Alamance County",3,31,2423,1148,1275
050,37,001,"North Carolina","Alamance County",3,32,2433,1151,1282
050,37,001,"North Carolina","Alamance County",3,33,2311,1144,1167
050,37,001,"North Carolina","Alamance County",3,34,2178,1076,1102
050,37,001,"North Carolina","Alamance County",3,35,2165,1029,1136
050,37,001,"North Carolina","Alamance County",3,36,2112,1001,1111
050,37,001,"North Carolina","Alamance County",3,37,2002,954,1048
050,37,001,"North Carolina","Alamance County",3,38,2079,980,1099
050,37,001,"North Carolina","Alamance County",3,39,2083,967,1116
050,37,001,"North Carolina","Alamance County",3,40,2066,967,1099
050,37,001,"North Carolina","Alamance County",3,41,2075,1006,1069
050,37,001,"North Carolina","Alamance County",3,42,2064,999,1065
050,37,001,"North Carolina","Alamance County",3,43,1990,950,1040
050,37,001,"North Carolina","Alamance County",3,44,2004,980,1024
050,37,001,"North Carolina","Alamance County",3,45,2031,1003,1028
050,37,001,"North Carolina","Alamance County",3,46,2035,964,1071
050,37,001,"North Carolina","Alamance County",3,47,1979,962,1017
050,37,001,"North Carolina","Alamance County",3,48,2096,1004,1092
050,37,001,"North Carolina","Alamance County",3,49,2325,1144,1181
050,37,001,"North Carolina","Alamance County",3,50,2448,1200,1248
050,37,001,"North Carolina","Alamance County",3,51,2360,1152,1208
050,37,001,"North Carolina","Alamance County",3,52,2239,1104,1135
050,37,001,"North Carolina","Alamance County",3,53,2198,1071,1127
050,37,001,"North Carolina","Alamance County",3,54,2294,1113,1181
050,37,001,"North Carolina","Alamance County",3,55,2328,1119,1209
050,37,001,"North Carolina","Alamance County",3,56,2337,1120,1217
050,37,001,"North Carolina","Alamance County",3,57,2449,1187,1262
050,37,001,"North Carolina","Alamance County",3,58,2435,1204,1231
050,37,001,"North Carolina","Alamance County",3,59,2408,1157,1251
050,37,001,"North Carolina","Alamance County",3,60,2354,1095,1259
050,37,001,"North Carolina","Alamance County",3,61,2293,1082,1211
050,37,001,"North Carolina","Alamance County",3,62,2162,1015,1147
050,37,001,"North Carolina","Alamance County",3,63,2175,1050,1125
050,37,001,"North Carolina","Alamance County",3,64,2137,1053,1084
050,37,001,"North Carolina","Alamance County",3,65,1982,934,1048
050,37,001,"North Carolina","Alamance County",3,66,1950,895,1055
050,37,001,"North Carolina","Alamance County",3,67,1922,897,1025
050,37,001,"North Carolina","Alamance County",3,68,1813,829,984
050,37,001,"North Carolina","Alamance County",3,69,1687,741,946
050,37,001,"North Carolina","Alamance County",3,70,1606,708,898
050,37,001,"North Carolina","Alamance County",3,71,1546,697,849
050,37,001,"North Carolina","Alamance County",3,72,1532,692,840
050,37,001,"North Carolina","Alamance County",3,73,1549,681,868
050,37,001,"North Carolina","Alamance County",3,74,1613,707,906
050,37,001,"North Carolina","Alamance County",3,75,1169,515,654
050,37,001,"North Carolina","Alamance County",3,76,1162,500,662
050,37,001,"North Carolina","Alamance County",3,77,1129,489,640
050,37,001,"North Carolina","Alamance County",3,78,1108,467,641
050,37,001,"North Carolina","Alamance County",3,79,954,407,547
050,37,001,"North Carolina","Alamance County",3,80,834,351,483
050,37,001,"North Carolina","Alamance County",3,81,717,278,439
050,37,001,"North Carolina","Alamance County",3,82,660,251,409
050,37,001,"North Carolina","Alamance County",3,83,619,235,384
050,37,001,"North Carolina","Alamance County",3,84,571,231,340
050,37,001,"North Carolina","Alamance County",3,85,3164,1120,2044
050,37,001,"North Carolina","Alamance County",4,0,1934,973,961
050,37,001,"North Carolina","Alamance County",4,1,1887,913,974
050,37,001,"North Carolina","Alamance County",4,2,1970,997,973
050,37,001,"North Carolina","Alamance County",4,3,2094,1060,1034
050,37,001,"North Carolina","Alamance County",4,4,2107,1097,1010
050,37,001,"North Carolina","Alamance County",4,5,2102,1094,1008
050,37,001,"North Carolina","Alamance County",4,6,2138,1107,1031
050,37,001,"North Carolina","Alamance County",4,7,2173,1093,1080
050,37,001,"North Carolina","Alamance County",4,8,2122,1115,1007
050,37,001,"North Carolina","Alamance County",4,9,2214,1144,1070
050,37,001,"North Carolina","Alamance County",4,10,2140,1124,1016
050,37,001,"North Carolina","Alamance County",4,11,2176,1129,1047
050,37,001,"North Carolina","Alamance County",4,12,2264,1154,1110
050,37,001,"North Carolina","Alamance County",4,13,2296,1142,1154
050,37,001,"North Carolina","Alamance County",4,14,2459,1240,1219
050,37,001,"North Carolina","Alamance County",4,15,2438,1234,1204
050,37,001,"North Carolina","Alamance County",4,16,2312,1143,1169
050,37,001,"North Carolina","Alamance County",4,17,2280,1158,1122
050,37,001,"North Carolina","Alamance County",4,18,2923,1366,1557
050,37,001,"North Carolina","Alamance County",4,19,3538,1634,1904
050,37,001,"North Carolina","Alamance County",4,20,2896,1378,1518
050,37,001,"North Carolina","Alamance County",4,21,2404,1213,1191
050,37,001,"North Carolina","Alamance County",4,22,2175,1086,1089
050,37,001,"North Carolina","Alamance County",4,23,2122,1014,1108
050,37,001,"North Carolina","Alamance County",4,24,2121,1016,1105
050,37,001,"North Carolina","Alamance County",4,25,2126,1019,1107
050,37,001,"North Carolina","Alamance County",4,26,2123,1029,1094
050,37,001,"North Carolina","Alamance County",4,27,2204,1069,1135
050,37,001,"North Carolina","Alamance County",4,28,2149,1056,1093
050,37,001,"North Carolina","Alamance County",4,29,2216,1082,1134
050,37,001,"North Carolina","Alamance County",4,30,2235,1067,1168
050,37,001,"North Carolina","Alamance County",4,31,2327,1086,1241
050,37,001,"North Carolina","Alamance County",4,32,2453,1185,1268
050,37,001,"North Carolina","Alamance County",4,33,2471,1145,1326
050,37,001,"North Carolina","Alamance County",4,34,2389,1199,1190
050,37,001,"North Carolina","Alamance County",4,35,2204,1071,1133
050,37,001,"North Carolina","Alamance County",4,36,2229,1042,1187
050,37,001,"North Carolina","Alamance County",4,37,2203,1048,1155
050,37,001,"North Carolina","Alamance County",4,38,2018,976,1042
050,37,001,"North Carolina","Alamance County",4,39,2114,1000,1114
050,37,001,"North Carolina","Alamance County",4,40,2151,1039,1112
050,37,001,"North Carolina","Alamance County",4,41,2148,995,1153
050,37,001,"North Carolina","Alamance County",4,42,2152,1066,1086
050,37,001,"North Carolina","Alamance County",4,43,2077,991,1086
050,37,001,"North Carolina","Alamance County",4,44,2022,962,1060
050,37,001,"North Carolina","Alamance County",4,45,2028,979,1049
050,37,001,"North Carolina","Alamance County",4,46,2052,1016,1036
050,37,001,"North Carolina","Alamance County",4,47,2033,952,1081
050,37,001,"North Carolina","Alamance County",4,48,2020,994,1026
050,37,001,"North Carolina","Alamance County",4,49,2141,1040,1101
050,37,001,"North Carolina","Alamance County",4,50,2318,1128,1190
050,37,001,"North Carolina","Alamance County",4,51,2451,1193,1258
050,37,001,"North Carolina","Alamance County",4,52,2432,1207,1225
050,37,001,"North Carolina","Alamance County",4,53,2244,1099,1145
050,37,001,"North Carolina","Alamance County",4,54,2207,1073,1134
050,37,001,"North Carolina","Alamance County",4,55,2295,1107,1188
050,37,001,"North Carolina","Alamance County",4,56,2322,1118,1204
050,37,001,"North Carolina","Alamance County",4,57,2330,1121,1209
050,37,001,"North Carolina","Alamance County",4,58,2453,1197,1256
050,37,001,"North Carolina","Alamance County",4,59,2431,1188,1243
050,37,001,"North Carolina","Alamance County",4,60,2398,1152,1246
050,37,001,"North Carolina","Alamance County",4,61,2317,1075,1242
050,37,001,"North Carolina","Alamance County",4,62,2275,1066,1209
050,37,001,"North Carolina","Alamance County",4,63,2168,1000,1168
050,37,001,"North Carolina","Alamance County",4,64,2161,1029,1132
050,37,001,"North Carolina","Alamance County",4,65,2102,1041,1061
050,37,001,"North Carolina","Alamance County",4,66,1985,926,1059
050,37,001,"North Carolina","Alamance County",4,67,1933,894,1039
050,37,001,"North Carolina","Alamance County",4,68,1896,882,1014
050,37,001,"North Carolina","Alamance County",4,69,1822,833,989
050,37,001,"North Carolina","Alamance County",4,70,1687,740,947
050,37,001,"North Carolina","Alamance County",4,71,1589,705,884
050,37,001,"North Carolina","Alamance County",4,72,1496,666,830
050,37,001,"North Carolina","Alamance County",4,73,1521,667,854
050,37,001,"North Carolina","Alamance County",4,74,1508,654,854
050,37,001,"North Carolina","Alamance County",4,75,1598,689,909
050,37,001,"North Carolina","Alamance County",4,76,1143,487,656
050,37,001,"North Carolina","Alamance County",4,77,1108,476,632
050,37,001,"North Carolina","Alamance County",4,78,1083,471,612
050,37,001,"North Carolina","Alamance County",4,79,1069,439,630
050,37,001,"North Carolina","Alamance County",4,80,909,394,515
050,37,001,"North Carolina","Alamance County",4,81,782,324,458
050,37,001,"North Carolina","Alamance County",4,82,678,257,421
050,37,001,"North Carolina","Alamance County",4,83,618,224,394
050,37,001,"North Carolina","Alamance County",4,84,569,213,356
050,37,001,"North Carolina","Alamance County",4,85,3150,1137,2013
050,37,001,"North Carolina","Alamance County",5,0,1926,972,954
050,37,001,"North Carolina","Alamance County",5,1,2013,1054,959
050,37,001,"North Carolina","Alamance County",5,2,1926,947,979
050,37,001,"North Carolina","Alamance County",5,3,2003,1005,998
050,37,001,"North Carolina","Alamance County",5,4,2126,1083,1043
050,37,001,"North Carolina","Alamance County",5,5,2134,1107,1027
050,37,001,"North Carolina","Alamance County",5,6,2148,1116,1032
050,37,001,"North Carolina","Alamance County",5,7,2156,1108,1048
050,37,001,"North Carolina","Alamance County",5,8,2204,1102,1102
050,37,001,"North Carolina","Alamance County",5,9,2160,1122,1038
050,37,001,"North Carolina","Alamance County",5,10,2215,1151,1064
050,37,001,"North Carolina","Alamance County",5,11,2171,1127,1044
050,37,001,"North Carolina","Alamance County",5,12,2176,1128,1048
050,37,001,"North Carolina","Alamance County",5,13,2306,1174,1132
050,37,001,"North Carolina","Alamance County",5,14,2332,1170,1162
050,37,001,"North Carolina","Alamance County",5,15,2502,1270,1232
050,37,001,"North Carolina","Alamance County",5,16,2490,1235,1255
050,37,001,"North Carolina","Alamance County",5,17,2318,1139,1179
050,37,001,"North Carolina","Alamance County",5,18,2878,1327,1551
050,37,001,"North Carolina","Alamance County",5,19,3574,1645,1929
050,37,001,"North Carolina","Alamance County",5,20,2938,1379,1559
050,37,001,"North Carolina","Alamance County",5,21,2390,1218,1172
050,37,001,"North Carolina","Alamance County",5,22,2315,1154,1161
050,37,001,"North Carolina","Alamance County",5,23,2168,1085,1083
050,37,001,"North Carolina","Alamance County",5,24,2174,1043,1131
050,37,001,"North Carolina","Alamance County",5,25,2242,1082,1160
050,37,001,"North Carolina","Alamance County",5,26,2155,1035,1120
050,37,001,"North Carolina","Alamance County",5,27,2171,1054,1117
050,37,001,"North Carolina","Alamance County",5,28,2245,1125,1120
050,37,001,"North Carolina","Alamance County",5,29,2219,1075,1144
050,37,001,"North Carolina","Alamance County",5,30,2289,1111,1178
050,37,001,"North Carolina","Alamance County",5,31,2310,1125,1185
050,37,001,"North Carolina","Alamance County",5,32,2365,1110,1255
050,37,001,"North Carolina","Alamance County",5,33,2475,1181,1294
050,37,001,"North Carolina","Alamance County",5,34,2563,1202,1361
050,37,001,"North Carolina","Alamance County",5,35,2440,1218,1222
050,37,001,"North Carolina","Alamance County",5,36,2206,1058,1148
050,37,001,"North Carolina","Alamance County",5,37,2275,1064,1211
050,37,001,"North Carolina","Alamance County",5,38,2217,1072,1145
050,37,001,"North Carolina","Alamance County",5,39,2021,963,1058
050,37,001,"North Carolina","Alamance County",5,40,2161,1027,1134
050,37,001,"North Carolina","Alamance County",5,41,2205,1079,1126
050,37,001,"North Carolina","Alamance County",5,42,2187,1034,1153
050,37,001,"North Carolina","Alamance County",5,43,2169,1080,1089
050,37,001,"North Carolina","Alamance County",5,44,2116,996,1120
050,37,001,"North Carolina","Alamance County",5,45,2066,965,1101
050,37,001,"North Carolina","Alamance County",5,46,2062,987,1075
050,37,001,"North Carolina","Alamance County",5,47,2056,1011,1045
050,37,001,"North Carolina","Alamance County",5,48,2048,971,1077
050,37,001,"North Carolina","Alamance County",5,49,2041,1031,1010
050,37,001,"North Carolina","Alamance County",5,50,2133,1018,1115
050,37,001,"North Carolina","Alamance County",5,51,2336,1134,1202
050,37,001,"North Carolina","Alamance County",5,52,2492,1219,1273
050,37,001,"North Carolina","Alamance County",5,53,2420,1185,1235
050,37,001,"North Carolina","Alamance County",5,54,2289,1129,1160
050,37,001,"North Carolina","Alamance County",5,55,2227,1078,1149
050,37,001,"North Carolina","Alamance County",5,56,2315,1120,1195
050,37,001,"North Carolina","Alamance County",5,57,2332,1116,1216
050,37,001,"North Carolina","Alamance County",5,58,2339,1132,1207
050,37,001,"North Carolina","Alamance County",5,59,2466,1195,1271
050,37,001,"North Carolina","Alamance County",5,60,2443,1186,1257
050,37,001,"North Carolina","Alamance County",5,61,2352,1124,1228
050,37,001,"North Carolina","Alamance County",5,62,2297,1060,1237
050,37,001,"North Carolina","Alamance County",5,63,2255,1053,1202
050,37,001,"North Carolina","Alamance County",5,64,2162,994,1168
050,37,001,"North Carolina","Alamance County",5,65,2150,1018,1132
050,37,001,"North Carolina","Alamance County",5,66,2087,1030,1057
050,37,001,"North Carolina","Alamance County",5,67,1972,923,1049
050,37,001,"North Carolina","Alamance County",5,68,1897,867,1030
050,37,001,"North Carolina","Alamance County",5,69,1898,879,1019
050,37,001,"North Carolina","Alamance County",5,70,1798,821,977
050,37,001,"North Carolina","Alamance County",5,71,1673,737,936
050,37,001,"North Carolina","Alamance County",5,72,1552,682,870
050,37,001,"North Carolina","Alamance County",5,73,1483,652,831
050,37,001,"North Carolina","Alamance County",5,74,1479,644,835
050,37,001,"North Carolina","Alamance County",5,75,1484,642,842
050,37,001,"North Carolina","Alamance County",5,76,1563,652,911
050,37,001,"North Carolina","Alamance County",5,77,1095,475,620
050,37,001,"North Carolina","Alamance County",5,78,1084,464,620
050,37,001,"North Carolina","Alamance County",5,79,1046,443,603
050,37,001,"North Carolina","Alamance County",5,80,1027,430,597
050,37,001,"North Carolina","Alamance County",5,81,857,371,486
050,37,001,"North Carolina","Alamance County",5,82,736,305,431
050,37,001,"North Carolina","Alamance County",5,83,630,233,397
050,37,001,"North Carolina","Alamance County",5,84,576,209,367
050,37,001,"North Carolina","Alamance County",5,85,3173,1151,2022
050,37,003,"North Carolina","Alexander County",1,0,333,168,165
050,37,003,"North Carolina","Alexander County",1,1,343,159,184
050,37,003,"North Carolina","Alexander County",1,2,380,181,199
050,37,003,"North Carolina","Alexander County",1,3,363,195,168
050,37,003,"North Carolina","Alexander County",1,4,369,178,191
050,37,003,"North Carolina","Alexander County",1,5,383,191,192
050,37,003,"North Carolina","Alexander County",1,6,375,211,164
050,37,003,"North Carolina","Alexander County",1,7,377,204,173
050,37,003,"North Carolina","Alexander County",1,8,384,199,185
050,37,003,"North Carolina","Alexander County",1,9,379,202,177
050,37,003,"North Carolina","Alexander County",1,10,403,207,196
050,37,003,"North Carolina","Alexander County",1,11,435,217,218
050,37,003,"North Carolina","Alexander County",1,12,461,242,219
050,37,003,"North Carolina","Alexander County",1,13,460,249,211
050,37,003,"North Carolina","Alexander County",1,14,473,249,224
050,37,003,"North Carolina","Alexander County",1,15,471,230,241
050,37,003,"North Carolina","Alexander County",1,16,466,242,224
050,37,003,"North Carolina","Alexander County",1,17,420,201,219
050,37,003,"North Carolina","Alexander County",1,18,397,192,205
050,37,003,"North Carolina","Alexander County",1,19,325,163,162
050,37,003,"North Carolina","Alexander County",1,20,325,178,147
050,37,003,"North Carolina","Alexander County",1,21,381,211,170
050,37,003,"North Carolina","Alexander County",1,22,395,212,183
050,37,003,"North Carolina","Alexander County",1,23,393,216,177
050,37,003,"North Carolina","Alexander County",1,24,425,243,182
050,37,003,"North Carolina","Alexander County",1,25,433,247,186
050,37,003,"North Carolina","Alexander County",1,26,482,276,206
050,37,003,"North Carolina","Alexander County",1,27,464,262,202
050,37,003,"North Carolina","Alexander County",1,28,499,278,221
050,37,003,"North Carolina","Alexander County",1,29,498,286,212
050,37,003,"North Carolina","Alexander County",1,30,457,262,195
050,37,003,"North Carolina","Alexander County",1,31,440,229,211
050,37,003,"North Carolina","Alexander County",1,32,401,213,188
050,37,003,"North Carolina","Alexander County",1,33,387,219,168
050,37,003,"North Carolina","Alexander County",1,34,380,208,172
050,37,003,"North Carolina","Alexander County",1,35,395,203,192
050,37,003,"North Carolina","Alexander County",1,36,385,218,167
050,37,003,"North Carolina","Alexander County",1,37,426,232,194
050,37,003,"North Carolina","Alexander County",1,38,468,256,212
050,37,003,"North Carolina","Alexander County",1,39,433,222,211
050,37,003,"North Carolina","Alexander County",1,40,462,255,207
050,37,003,"North Carolina","Alexander County",1,41,445,246,199
050,37,003,"North Carolina","Alexander County",1,42,435,244,191
050,37,003,"North Carolina","Alexander County",1,43,414,235,179
050,37,003,"North Carolina","Alexander County",1,44,408,222,186
050,37,003,"North Carolina","Alexander County",1,45,479,268,211
050,37,003,"North Carolina","Alexander County",1,46,484,257,227
050,37,003,"North Carolina","Alexander County",1,47,487,253,234
050,37,003,"North Carolina","Alexander County",1,48,532,288,244
050,37,003,"North Carolina","Alexander County",1,49,567,305,262
050,37,003,"North Carolina","Alexander County",1,50,534,278,256
050,37,003,"North Carolina","Alexander County",1,51,525,278,247
050,37,003,"North Carolina","Alexander County",1,52,530,278,252
050,37,003,"North Carolina","Alexander County",1,53,502,269,233
050,37,003,"North Carolina","Alexander County",1,54,518,263,255
050,37,003,"North Carolina","Alexander County",1,55,586,285,301
050,37,003,"North Carolina","Alexander County",1,56,598,295,303
050,37,003,"North Carolina","Alexander County",1,57,572,301,271
050,37,003,"North Carolina","Alexander County",1,58,545,297,248
050,37,003,"North Carolina","Alexander County",1,59,515,274,241
050,37,003,"North Carolina","Alexander County",1,60,517,268,249
050,37,003,"North Carolina","Alexander County",1,61,519,257,262
050,37,003,"North Carolina","Alexander County",1,62,501,246,255
050,37,003,"North Carolina","Alexander County",1,63,517,247,270
050,37,003,"North Carolina","Alexander County",1,64,516,260,256
050,37,003,"North Carolina","Alexander County",1,65,463,226,237
050,37,003,"North Carolina","Alexander County",1,66,459,220,239
050,37,003,"North Carolina","Alexander County",1,67,442,216,226
050,37,003,"North Carolina","Alexander County",1,68,465,227,238
050,37,003,"North Carolina","Alexander County",1,69,448,215,233
050,37,003,"North Carolina","Alexander County",1,70,432,207,225
050,37,003,"North Carolina","Alexander County",1,71,414,208,206
050,37,003,"North Carolina","Alexander County",1,72,434,209,225
050,37,003,"North Carolina","Alexander County",1,73,431,216,215
050,37,003,"North Carolina","Alexander County",1,74,308,139,169
050,37,003,"North Carolina","Alexander County",1,75,308,137,171
050,37,003,"North Carolina","Alexander County",1,76,310,141,169
050,37,003,"North Carolina","Alexander County",1,77,306,143,163
050,37,003,"North Carolina","Alexander County",1,78,257,114,143
050,37,003,"North Carolina","Alexander County",1,79,229,97,132
050,37,003,"North Carolina","Alexander County",1,80,219,97,122
050,37,003,"North Carolina","Alexander County",1,81,198,82,116
050,37,003,"North Carolina","Alexander County",1,82,179,79,100
050,37,003,"North Carolina","Alexander County",1,83,156,69,87
050,37,003,"North Carolina","Alexander County",1,84,132,52,80
050,37,003,"North Carolina","Alexander County",1,85,682,235,447
050,37,003,"North Carolina","Alexander County",2,0,335,169,166
050,37,003,"North Carolina","Alexander County",2,1,343,161,182
050,37,003,"North Carolina","Alexander County",2,2,368,175,193
050,37,003,"North Carolina","Alexander County",2,3,368,191,177
050,37,003,"North Carolina","Alexander County",2,4,370,183,187
050,37,003,"North Carolina","Alexander County",2,5,380,188,192
050,37,003,"North Carolina","Alexander County",2,6,374,206,168
050,37,003,"North Carolina","Alexander County",2,7,374,203,171
050,37,003,"North Carolina","Alexander County",2,8,380,199,181
050,37,003,"North Carolina","Alexander County",2,9,380,199,181
050,37,003,"North Carolina","Alexander County",2,10,398,205,193
050,37,003,"North Carolina","Alexander County",2,11,427,213,214
050,37,003,"North Carolina","Alexander County",2,12,457,237,220
050,37,003,"North Carolina","Alexander County",2,13,460,249,211
050,37,003,"North Carolina","Alexander County",2,14,471,250,221
050,37,003,"North Carolina","Alexander County",2,15,471,235,236
050,37,003,"North Carolina","Alexander County",2,16,466,238,228
050,37,003,"North Carolina","Alexander County",2,17,433,210,223
050,37,003,"North Carolina","Alexander County",2,18,386,188,198
050,37,003,"North Carolina","Alexander County",2,19,326,162,164
050,37,003,"North Carolina","Alexander County",2,20,337,180,157
050,37,003,"North Carolina","Alexander County",2,21,380,212,168
050,37,003,"North Carolina","Alexander County",2,22,399,215,184
050,37,003,"North Carolina","Alexander County",2,23,402,220,182
050,37,003,"North Carolina","Alexander County",2,24,420,239,181
050,37,003,"North Carolina","Alexander County",2,25,434,247,187
050,37,003,"North Carolina","Alexander County",2,26,480,277,203
050,37,003,"North Carolina","Alexander County",2,27,471,266,205
050,37,003,"North Carolina","Alexander County",2,28,490,273,217
050,37,003,"North Carolina","Alexander County",2,29,495,283,212
050,37,003,"North Carolina","Alexander County",2,30,469,270,199
050,37,003,"North Carolina","Alexander County",2,31,444,238,206
050,37,003,"North Carolina","Alexander County",2,32,410,217,193
050,37,003,"North Carolina","Alexander County",2,33,387,215,172
050,37,003,"North Carolina","Alexander County",2,34,387,215,172
050,37,003,"North Carolina","Alexander County",2,35,389,201,188
050,37,003,"North Carolina","Alexander County",2,36,390,217,173
050,37,003,"North Carolina","Alexander County",2,37,417,228,189
050,37,003,"North Carolina","Alexander County",2,38,461,253,208
050,37,003,"North Carolina","Alexander County",2,39,434,225,209
050,37,003,"North Carolina","Alexander County",2,40,460,252,208
050,37,003,"North Carolina","Alexander County",2,41,449,249,200
050,37,003,"North Carolina","Alexander County",2,42,431,239,192
050,37,003,"North Carolina","Alexander County",2,43,421,237,184
050,37,003,"North Carolina","Alexander County",2,44,405,223,182
050,37,003,"North Carolina","Alexander County",2,45,468,263,205
050,37,003,"North Carolina","Alexander County",2,46,477,256,221
050,37,003,"North Carolina","Alexander County",2,47,483,251,232
050,37,003,"North Carolina","Alexander County",2,48,522,280,242
050,37,003,"North Carolina","Alexander County",2,49,562,301,261
050,37,003,"North Carolina","Alexander County",2,50,544,286,258
050,37,003,"North Carolina","Alexander County",2,51,525,276,249
050,37,003,"North Carolina","Alexander County",2,52,528,280,248
050,37,003,"North Carolina","Alexander County",2,53,509,269,240
050,37,003,"North Carolina","Alexander County",2,54,515,264,251
050,37,003,"North Carolina","Alexander County",2,55,573,281,292
050,37,003,"North Carolina","Alexander County",2,56,598,292,306
050,37,003,"North Carolina","Alexander County",2,57,577,298,279
050,37,003,"North Carolina","Alexander County",2,58,548,296,252
050,37,003,"North Carolina","Alexander County",2,59,524,280,244
050,37,003,"North Carolina","Alexander County",2,60,521,271,250
050,37,003,"North Carolina","Alexander County",2,61,517,258,259
050,37,003,"North Carolina","Alexander County",2,62,502,248,254
050,37,003,"North Carolina","Alexander County",2,63,520,249,271
050,37,003,"North Carolina","Alexander County",2,64,510,254,256
050,37,003,"North Carolina","Alexander County",2,65,476,234,242
050,37,003,"North Carolina","Alexander County",2,66,460,219,241
050,37,003,"North Carolina","Alexander County",2,67,446,217,229
050,37,003,"North Carolina","Alexander County",2,68,455,223,232
050,37,003,"North Carolina","Alexander County",2,69,457,221,236
050,37,003,"North Carolina","Alexander County",2,70,432,206,226
050,37,003,"North Carolina","Alexander County",2,71,420,209,211
050,37,003,"North Carolina","Alexander County",2,72,423,205,218
050,37,003,"North Carolina","Alexander County",2,73,454,226,228
050,37,003,"North Carolina","Alexander County",2,74,315,146,169
050,37,003,"North Carolina","Alexander County",2,75,305,134,171
050,37,003,"North Carolina","Alexander County",2,76,302,135,167
050,37,003,"North Carolina","Alexander County",2,77,314,146,168
050,37,003,"North Carolina","Alexander County",2,78,261,116,145
050,37,003,"North Carolina","Alexander County",2,79,232,100,132
050,37,003,"North Carolina","Alexander County",2,80,221,97,124
050,37,003,"North Carolina","Alexander County",2,81,198,82,116
050,37,003,"North Carolina","Alexander County",2,82,184,81,103
050,37,003,"North Carolina","Alexander County",2,83,158,69,89
050,37,003,"North Carolina","Alexander County",2,84,136,56,80
050,37,003,"North Carolina","Alexander County",2,85,688,240,448
050,37,003,"North Carolina","Alexander County",3,0,349,161,188
050,37,003,"North Carolina","Alexander County",3,1,357,178,179
050,37,003,"North Carolina","Alexander County",3,2,352,167,185
050,37,003,"North Carolina","Alexander County",3,3,360,175,185
050,37,003,"North Carolina","Alexander County",3,4,382,207,175
050,37,003,"North Carolina","Alexander County",3,5,363,177,186
050,37,003,"North Carolina","Alexander County",3,6,388,185,203
050,37,003,"North Carolina","Alexander County",3,7,373,198,175
050,37,003,"North Carolina","Alexander County",3,8,397,210,187
050,37,003,"North Carolina","Alexander County",3,9,384,198,186
050,37,003,"North Carolina","Alexander County",3,10,385,200,185
050,37,003,"North Carolina","Alexander County",3,11,409,215,194
050,37,003,"North Carolina","Alexander County",3,12,434,215,219
050,37,003,"North Carolina","Alexander County",3,13,467,243,224
050,37,003,"North Carolina","Alexander County",3,14,469,246,223
050,37,003,"North Carolina","Alexander County",3,15,483,251,232
050,37,003,"North Carolina","Alexander County",3,16,466,234,232
050,37,003,"North Carolina","Alexander County",3,17,461,240,221
050,37,003,"North Carolina","Alexander County",3,18,361,181,180
050,37,003,"North Carolina","Alexander County",3,19,316,155,161
050,37,003,"North Carolina","Alexander County",3,20,362,181,181
050,37,003,"North Carolina","Alexander County",3,21,379,209,170
050,37,003,"North Carolina","Alexander County",3,22,409,220,189
050,37,003,"North Carolina","Alexander County",3,23,407,227,180
050,37,003,"North Carolina","Alexander County",3,24,400,223,177
050,37,003,"North Carolina","Alexander County",3,25,408,234,174
050,37,003,"North Carolina","Alexander County",3,26,454,256,198
050,37,003,"North Carolina","Alexander County",3,27,484,281,203
050,37,003,"North Carolina","Alexander County",3,28,461,260,201
050,37,003,"North Carolina","Alexander County",3,29,491,264,227
050,37,003,"North Carolina","Alexander County",3,30,504,288,216
050,37,003,"North Carolina","Alexander County",3,31,452,250,202
050,37,003,"North Carolina","Alexander County",3,32,435,222,213
050,37,003,"North Carolina","Alexander County",3,33,396,192,204
050,37,003,"North Carolina","Alexander County",3,34,399,220,179
050,37,003,"North Carolina","Alexander County",3,35,377,198,179
050,37,003,"North Carolina","Alexander County",3,36,408,215,193
050,37,003,"North Carolina","Alexander County",3,37,392,205,187
050,37,003,"North Carolina","Alexander County",3,38,426,242,184
050,37,003,"North Carolina","Alexander County",3,39,448,237,211
050,37,003,"North Carolina","Alexander County",3,40,453,228,225
050,37,003,"North Carolina","Alexander County",3,41,468,262,206
050,37,003,"North Carolina","Alexander County",3,42,451,246,205
050,37,003,"North Carolina","Alexander County",3,43,427,236,191
050,37,003,"North Carolina","Alexander County",3,44,417,231,186
050,37,003,"North Carolina","Alexander County",3,45,415,234,181
050,37,003,"North Carolina","Alexander County",3,46,454,245,209
050,37,003,"North Carolina","Alexander County",3,47,470,247,223
050,37,003,"North Carolina","Alexander County",3,48,470,251,219
050,37,003,"North Carolina","Alexander County",3,49,502,260,242
050,37,003,"North Carolina","Alexander County",3,50,557,291,266
050,37,003,"North Carolina","Alexander County",3,51,558,286,272
050,37,003,"North Carolina","Alexander County",3,52,534,284,250
050,37,003,"North Carolina","Alexander County",3,53,530,272,258
050,37,003,"North Carolina","Alexander County",3,54,496,262,234
050,37,003,"North Carolina","Alexander County",3,55,528,273,255
050,37,003,"North Carolina","Alexander County",3,56,567,271,296
050,37,003,"North Carolina","Alexander County",3,57,595,292,303
050,37,003,"North Carolina","Alexander County",3,58,575,291,284
050,37,003,"North Carolina","Alexander County",3,59,544,289,255
050,37,003,"North Carolina","Alexander County",3,60,522,289,233
050,37,003,"North Carolina","Alexander County",3,61,532,275,257
050,37,003,"North Carolina","Alexander County",3,62,497,249,248
050,37,003,"North Carolina","Alexander County",3,63,498,244,254
050,37,003,"North Carolina","Alexander County",3,64,512,245,267
050,37,003,"North Carolina","Alexander County",3,65,505,245,260
050,37,003,"North Carolina","Alexander County",3,66,464,228,236
050,37,003,"North Carolina","Alexander County",3,67,451,218,233
050,37,003,"North Carolina","Alexander County",3,68,444,214,230
050,37,003,"North Carolina","Alexander County",3,69,446,218,228
050,37,003,"North Carolina","Alexander County",3,70,432,206,226
050,37,003,"North Carolina","Alexander County",3,71,414,197,217
050,37,003,"North Carolina","Alexander County",3,72,411,199,212
050,37,003,"North Carolina","Alexander County",3,73,408,192,216
050,37,003,"North Carolina","Alexander County",3,74,435,213,222
050,37,003,"North Carolina","Alexander County",3,75,299,141,158
050,37,003,"North Carolina","Alexander County",3,76,281,124,157
050,37,003,"North Carolina","Alexander County",3,77,280,124,156
050,37,003,"North Carolina","Alexander County",3,78,292,138,154
050,37,003,"North Carolina","Alexander County",3,79,235,103,132
050,37,003,"North Carolina","Alexander County",3,80,221,97,124
050,37,003,"North Carolina","Alexander County",3,81,206,91,115
050,37,003,"North Carolina","Alexander County",3,82,180,75,105
050,37,003,"North Carolina","Alexander County",3,83,155,70,85
050,37,003,"North Carolina","Alexander County",3,84,127,56,71
050,37,003,"North Carolina","Alexander County",3,85,658,237,421
050,37,003,"North Carolina","Alexander County",4,0,349,173,176
050,37,003,"North Carolina","Alexander County",4,1,368,180,188
050,37,003,"North Carolina","Alexander County",4,2,355,177,178
050,37,003,"North Carolina","Alexander County",4,3,349,166,183
050,37,003,"North Carolina","Alexander County",4,4,370,182,188
050,37,003,"North Carolina","Alexander County",4,5,385,202,183
050,37,003,"North Carolina","Alexander County",4,6,372,184,188
050,37,003,"North Carolina","Alexander County",4,7,377,184,193
050,37,003,"North Carolina","Alexander County",4,8,379,200,179
050,37,003,"North Carolina","Alexander County",4,9,407,221,186
050,37,003,"North Carolina","Alexander County",4,10,381,198,183
050,37,003,"North Carolina","Alexander County",4,11,400,204,196
050,37,003,"North Carolina","Alexander County",4,12,429,230,199
050,37,003,"North Carolina","Alexander County",4,13,422,215,207
050,37,003,"North Carolina","Alexander County",4,14,462,233,229
050,37,003,"North Carolina","Alexander County",4,15,463,242,221
050,37,003,"North Carolina","Alexander County",4,16,479,248,231
050,37,003,"North Carolina","Alexander County",4,17,457,232,225
050,37,003,"North Carolina","Alexander County",4,18,381,205,176
050,37,003,"North Carolina","Alexander County",4,19,292,156,136
050,37,003,"North Carolina","Alexander County",4,20,331,162,169
050,37,003,"North Carolina","Alexander County",4,21,390,202,188
050,37,003,"North Carolina","Alexander County",4,22,399,214,185
050,37,003,"North Carolina","Alexander County",4,23,426,224,202
050,37,003,"North Carolina","Alexander County",4,24,388,217,171
050,37,003,"North Carolina","Alexander County",4,25,413,236,177
050,37,003,"North Carolina","Alexander County",4,26,431,258,173
050,37,003,"North Carolina","Alexander County",4,27,460,261,199
050,37,003,"North Carolina","Alexander County",4,28,470,268,202
050,37,003,"North Carolina","Alexander County",4,29,475,274,201
050,37,003,"North Carolina","Alexander County",4,30,487,275,212
050,37,003,"North Carolina","Alexander County",4,31,496,276,220
050,37,003,"North Carolina","Alexander County",4,32,457,245,212
050,37,003,"North Carolina","Alexander County",4,33,447,217,230
050,37,003,"North Carolina","Alexander County",4,34,413,204,209
050,37,003,"North Carolina","Alexander County",4,35,412,222,190
050,37,003,"North Carolina","Alexander County",4,36,403,230,173
050,37,003,"North Carolina","Alexander County",4,37,403,212,191
050,37,003,"North Carolina","Alexander County",4,38,399,214,185
050,37,003,"North Carolina","Alexander County",4,39,399,218,181
050,37,003,"North Carolina","Alexander County",4,40,469,248,221
050,37,003,"North Carolina","Alexander County",4,41,460,236,224
050,37,003,"North Carolina","Alexander County",4,42,460,255,205
050,37,003,"North Carolina","Alexander County",4,43,454,242,212
050,37,003,"North Carolina","Alexander County",4,44,409,222,187
050,37,003,"North Carolina","Alexander County",4,45,433,245,188
050,37,003,"North Carolina","Alexander County",4,46,388,219,169
050,37,003,"North Carolina","Alexander County",4,47,451,242,209
050,37,003,"North Carolina","Alexander County",4,48,495,267,228
050,37,003,"North Carolina","Alexander County",4,49,459,245,214
050,37,003,"North Carolina","Alexander County",4,50,507,266,241
050,37,003,"North Carolina","Alexander County",4,51,565,291,274
050,37,003,"North Carolina","Alexander County",4,52,553,282,271
050,37,003,"North Carolina","Alexander County",4,53,539,285,254
050,37,003,"North Carolina","Alexander County",4,54,539,279,260
050,37,003,"North Carolina","Alexander County",4,55,500,262,238
050,37,003,"North Carolina","Alexander County",4,56,530,266,264
050,37,003,"North Carolina","Alexander County",4,57,575,277,298
050,37,003,"North Carolina","Alexander County",4,58,590,291,299
050,37,003,"North Carolina","Alexander County",4,59,572,295,277
050,37,003,"North Carolina","Alexander County",4,60,542,289,253
050,37,003,"North Carolina","Alexander County",4,61,518,286,232
050,37,003,"North Carolina","Alexander County",4,62,519,259,260
050,37,003,"North Carolina","Alexander County",4,63,491,246,245
050,37,003,"North Carolina","Alexander County",4,64,498,247,251
050,37,003,"North Carolina","Alexander County",4,65,519,251,268
050,37,003,"North Carolina","Alexander County",4,66,490,237,253
050,37,003,"North Carolina","Alexander County",4,67,452,223,229
050,37,003,"North Carolina","Alexander County",4,68,438,213,225
050,37,003,"North Carolina","Alexander County",4,69,437,210,227
050,37,003,"North Carolina","Alexander County",4,70,421,207,214
050,37,003,"North Carolina","Alexander County",4,71,416,199,217
050,37,003,"North Carolina","Alexander County",4,72,405,189,216
050,37,003,"North Carolina","Alexander County",4,73,390,188,202
050,37,003,"North Carolina","Alexander County",4,74,396,189,207
050,37,003,"North Carolina","Alexander County",4,75,410,197,213
050,37,003,"North Carolina","Alexander County",4,76,283,134,149
050,37,003,"North Carolina","Alexander County",4,77,268,119,149
050,37,003,"North Carolina","Alexander County",4,78,259,112,147
050,37,003,"North Carolina","Alexander County",4,79,275,131,144
050,37,003,"North Carolina","Alexander County",4,80,220,95,125
050,37,003,"North Carolina","Alexander County",4,81,206,85,121
050,37,003,"North Carolina","Alexander County",4,82,191,86,105
050,37,003,"North Carolina","Alexander County",4,83,150,61,89
050,37,003,"North Carolina","Alexander County",4,84,136,62,74
050,37,003,"North Carolina","Alexander County",4,85,662,260,402
050,37,003,"North Carolina","Alexander County",5,0,346,171,175
050,37,003,"North Carolina","Alexander County",5,1,332,170,162
050,37,003,"North Carolina","Alexander County",5,2,378,184,194
050,37,003,"North Carolina","Alexander County",5,3,365,188,177
050,37,003,"North Carolina","Alexander County",5,4,353,169,184
050,37,003,"North Carolina","Alexander County",5,5,386,188,198
050,37,003,"North Carolina","Alexander County",5,6,380,206,174
050,37,003,"North Carolina","Alexander County",5,7,365,180,185
050,37,003,"North Carolina","Alexander County",5,8,369,183,186
050,37,003,"North Carolina","Alexander County",5,9,393,204,189
050,37,003,"North Carolina","Alexander County",5,10,414,224,190
050,37,003,"North Carolina","Alexander County",5,11,384,195,189
050,37,003,"North Carolina","Alexander County",5,12,405,205,200
050,37,003,"North Carolina","Alexander County",5,13,428,230,198
050,37,003,"North Carolina","Alexander County",5,14,431,218,213
050,37,003,"North Carolina","Alexander County",5,15,461,233,228
050,37,003,"North Carolina","Alexander County",5,16,466,243,223
050,37,003,"North Carolina","Alexander County",5,17,476,246,230
050,37,003,"North Carolina","Alexander County",5,18,390,211,179
050,37,003,"North Carolina","Alexander County",5,19,324,171,153
050,37,003,"North Carolina","Alexander County",5,20,327,164,163
050,37,003,"North Carolina","Alexander County",5,21,368,189,179
050,37,003,"North Carolina","Alexander County",5,22,425,215,210
050,37,003,"North Carolina","Alexander County",5,23,429,235,194
050,37,003,"North Carolina","Alexander County",5,24,438,241,197
050,37,003,"North Carolina","Alexander County",5,25,411,231,180
050,37,003,"North Carolina","Alexander County",5,26,428,247,181
050,37,003,"North Carolina","Alexander County",5,27,433,261,172
050,37,003,"North Carolina","Alexander County",5,28,462,260,202
050,37,003,"North Carolina","Alexander County",5,29,465,269,196
050,37,003,"North Carolina","Alexander County",5,30,477,278,199
050,37,003,"North Carolina","Alexander County",5,31,482,266,216
050,37,003,"North Carolina","Alexander County",5,32,492,261,231
050,37,003,"North Carolina","Alexander County",5,33,441,231,210
050,37,003,"North Carolina","Alexander County",5,34,464,226,238
050,37,003,"North Carolina","Alexander County",5,35,408,195,213
050,37,003,"North Carolina","Alexander County",5,36,418,234,184
050,37,003,"North Carolina","Alexander County",5,37,401,230,171
050,37,003,"North Carolina","Alexander County",5,38,430,232,198
050,37,003,"North Carolina","Alexander County",5,39,387,202,185
050,37,003,"North Carolina","Alexander County",5,40,413,224,189
050,37,003,"North Carolina","Alexander County",5,41,467,243,224
050,37,003,"North Carolina","Alexander County",5,42,467,248,219
050,37,003,"North Carolina","Alexander County",5,43,466,255,211
050,37,003,"North Carolina","Alexander County",5,44,461,243,218
050,37,003,"North Carolina","Alexander County",5,45,439,244,195
050,37,003,"North Carolina","Alexander County",5,46,427,239,188
050,37,003,"North Carolina","Alexander County",5,47,393,218,175
050,37,003,"North Carolina","Alexander County",5,48,447,244,203
050,37,003,"North Carolina","Alexander County",5,49,487,261,226
050,37,003,"North Carolina","Alexander County",5,50,475,255,220
050,37,003,"North Carolina","Alexander County",5,51,514,266,248
050,37,003,"North Carolina","Alexander County",5,52,566,291,275
050,37,003,"North Carolina","Alexander County",5,53,551,273,278
050,37,003,"North Carolina","Alexander County",5,54,540,285,255
050,37,003,"North Carolina","Alexander County",5,55,537,278,259
050,37,003,"North Carolina","Alexander County",5,56,499,253,246
050,37,003,"North Carolina","Alexander County",5,57,535,274,261
050,37,003,"North Carolina","Alexander County",5,58,576,282,294
050,37,003,"North Carolina","Alexander County",5,59,579,282,297
050,37,003,"North Carolina","Alexander County",5,60,576,303,273
050,37,003,"North Carolina","Alexander County",5,61,550,293,257
050,37,003,"North Carolina","Alexander County",5,62,523,287,236
050,37,003,"North Carolina","Alexander County",5,63,511,257,254
050,37,003,"North Carolina","Alexander County",5,64,488,248,240
050,37,003,"North Carolina","Alexander County",5,65,498,246,252
050,37,003,"North Carolina","Alexander County",5,66,503,241,262
050,37,003,"North Carolina","Alexander County",5,67,484,237,247
050,37,003,"North Carolina","Alexander County",5,68,446,220,226
050,37,003,"North Carolina","Alexander County",5,69,443,215,228
050,37,003,"North Carolina","Alexander County",5,70,417,200,217
050,37,003,"North Carolina","Alexander County",5,71,409,199,210
050,37,003,"North Carolina","Alexander County",5,72,403,187,216
050,37,003,"North Carolina","Alexander County",5,73,396,180,216
050,37,003,"North Carolina","Alexander County",5,74,383,185,198
050,37,003,"North Carolina","Alexander County",5,75,383,185,198
050,37,003,"North Carolina","Alexander County",5,76,395,190,205
050,37,003,"North Carolina","Alexander County",5,77,271,129,142
050,37,003,"North Carolina","Alexander County",5,78,255,112,143
050,37,003,"North Carolina","Alexander County",5,79,240,104,136
050,37,003,"North Carolina","Alexander County",5,80,265,123,142
050,37,003,"North Carolina","Alexander County",5,81,201,83,118
050,37,003,"North Carolina","Alexander County",5,82,196,84,112
050,37,003,"North Carolina","Alexander County",5,83,162,73,89
050,37,003,"North Carolina","Alexander County",5,84,129,52,77
050,37,003,"North Carolina","Alexander County",5,85,675,283,392
050,37,005,"North Carolina","Alleghany County",1,0,79,40,39
050,37,005,"North Carolina","Alleghany County",1,1,95,51,44
050,37,005,"North Carolina","Alleghany County",1,2,99,56,43
050,37,005,"North Carolina","Alleghany County",1,3,106,54,52
050,37,005,"North Carolina","Alleghany County",1,4,101,48,53
050,37,005,"North Carolina","Alleghany County",1,5,103,57,46
050,37,005,"North Carolina","Alleghany County",1,6,94,49,45
050,37,005,"North Carolina","Alleghany County",1,7,94,43,51
050,37,005,"North Carolina","Alleghany County",1,8,94,47,47
050,37,005,"North Carolina","Alleghany County",1,9,116,52,64
050,37,005,"North Carolina","Alleghany County",1,10,106,58,48
050,37,005,"North Carolina","Alleghany County",1,11,103,53,50
050,37,005,"North Carolina","Alleghany County",1,12,116,56,60
050,37,005,"North Carolina","Alleghany County",1,13,126,73,53
050,37,005,"North Carolina","Alleghany County",1,14,122,58,64
050,37,005,"North Carolina","Alleghany County",1,15,102,46,56
050,37,005,"North Carolina","Alleghany County",1,16,111,57,54
050,37,005,"North Carolina","Alleghany County",1,17,107,55,52
050,37,005,"North Carolina","Alleghany County",1,18,98,55,43
050,37,005,"North Carolina","Alleghany County",1,19,101,50,51
050,37,005,"North Carolina","Alleghany County",1,20,93,47,46
050,37,005,"North Carolina","Alleghany County",1,21,99,48,51
050,37,005,"North Carolina","Alleghany County",1,22,100,48,52
050,37,005,"North Carolina","Alleghany County",1,23,107,47,60
050,37,005,"North Carolina","Alleghany County",1,24,102,45,57
050,37,005,"North Carolina","Alleghany County",1,25,103,57,46
050,37,005,"North Carolina","Alleghany County",1,26,108,66,42
050,37,005,"North Carolina","Alleghany County",1,27,120,68,52
050,37,005,"North Carolina","Alleghany County",1,28,121,71,50
050,37,005,"North Carolina","Alleghany County",1,29,119,67,52
050,37,005,"North Carolina","Alleghany County",1,30,113,58,55
050,37,005,"North Carolina","Alleghany County",1,31,96,52,44
050,37,005,"North Carolina","Alleghany County",1,32,81,40,41
050,37,005,"North Carolina","Alleghany County",1,33,98,46,52
050,37,005,"North Carolina","Alleghany County",1,34,102,58,44
050,37,005,"North Carolina","Alleghany County",1,35,106,61,45
050,37,005,"North Carolina","Alleghany County",1,36,111,60,51
050,37,005,"North Carolina","Alleghany County",1,37,124,73,51
050,37,005,"North Carolina","Alleghany County",1,38,106,55,51
050,37,005,"North Carolina","Alleghany County",1,39,101,50,51
050,37,005,"North Carolina","Alleghany County",1,40,99,53,46
050,37,005,"North Carolina","Alleghany County",1,41,113,58,55
050,37,005,"North Carolina","Alleghany County",1,42,117,66,51
050,37,005,"North Carolina","Alleghany County",1,43,113,63,50
050,37,005,"North Carolina","Alleghany County",1,44,112,61,51
050,37,005,"North Carolina","Alleghany County",1,45,115,56,59
050,37,005,"North Carolina","Alleghany County",1,46,134,64,70
050,37,005,"North Carolina","Alleghany County",1,47,144,73,71
050,37,005,"North Carolina","Alleghany County",1,48,140,74,66
050,37,005,"North Carolina","Alleghany County",1,49,146,78,68
050,37,005,"North Carolina","Alleghany County",1,50,143,72,71
050,37,005,"North Carolina","Alleghany County",1,51,141,69,72
050,37,005,"North Carolina","Alleghany County",1,52,163,76,87
050,37,005,"North Carolina","Alleghany County",1,53,164,79,85
050,37,005,"North Carolina","Alleghany County",1,54,150,80,70
050,37,005,"North Carolina","Alleghany County",1,55,144,81,63
050,37,005,"North Carolina","Alleghany County",1,56,157,73,84
050,37,005,"North Carolina","Alleghany County",1,57,173,89,84
050,37,005,"North Carolina","Alleghany County",1,58,175,86,89
050,37,005,"North Carolina","Alleghany County",1,59,192,104,88
050,37,005,"North Carolina","Alleghany County",1,60,180,95,85
050,37,005,"North Carolina","Alleghany County",1,61,177,84,93
050,37,005,"North Carolina","Alleghany County",1,62,198,92,106
050,37,005,"North Carolina","Alleghany County",1,63,181,85,96
050,37,005,"North Carolina","Alleghany County",1,64,183,88,95
050,37,005,"North Carolina","Alleghany County",1,65,203,97,106
050,37,005,"North Carolina","Alleghany County",1,66,200,101,99
050,37,005,"North Carolina","Alleghany County",1,67,183,95,88
050,37,005,"North Carolina","Alleghany County",1,68,168,87,81
050,37,005,"North Carolina","Alleghany County",1,69,174,79,95
050,37,005,"North Carolina","Alleghany County",1,70,177,86,91
050,37,005,"North Carolina","Alleghany County",1,71,177,85,92
050,37,005,"North Carolina","Alleghany County",1,72,195,97,98
050,37,005,"North Carolina","Alleghany County",1,73,181,95,86
050,37,005,"North Carolina","Alleghany County",1,74,114,52,62
050,37,005,"North Carolina","Alleghany County",1,75,118,54,64
050,37,005,"North Carolina","Alleghany County",1,76,119,62,57
050,37,005,"North Carolina","Alleghany County",1,77,116,51,65
050,37,005,"North Carolina","Alleghany County",1,78,96,42,54
050,37,005,"North Carolina","Alleghany County",1,79,83,41,42
050,37,005,"North Carolina","Alleghany County",1,80,68,33,35
050,37,005,"North Carolina","Alleghany County",1,81,78,38,40
050,37,005,"North Carolina","Alleghany County",1,82,68,30,38
050,37,005,"North Carolina","Alleghany County",1,83,66,25,41
050,37,005,"North Carolina","Alleghany County",1,84,56,25,31
050,37,005,"North Carolina","Alleghany County",1,85,306,118,188
050,37,005,"North Carolina","Alleghany County",2,0,81,40,41
050,37,005,"North Carolina","Alleghany County",2,1,88,46,42
050,37,005,"North Carolina","Alleghany County",2,2,100,56,44
050,37,005,"North Carolina","Alleghany County",2,3,105,54,51
050,37,005,"North Carolina","Alleghany County",2,4,105,51,54
050,37,005,"North Carolina","Alleghany County",2,5,103,55,48
050,37,005,"North Carolina","Alleghany County",2,6,97,52,45
050,37,005,"North Carolina","Alleghany County",2,7,93,43,50
050,37,005,"North Carolina","Alleghany County",2,8,94,46,48
050,37,005,"North Carolina","Alleghany County",2,9,111,51,60
050,37,005,"North Carolina","Alleghany County",2,10,105,55,50
050,37,005,"North Carolina","Alleghany County",2,11,102,54,48
050,37,005,"North Carolina","Alleghany County",2,12,113,55,58
050,37,005,"North Carolina","Alleghany County",2,13,122,69,53
050,37,005,"North Carolina","Alleghany County",2,14,125,62,63
050,37,005,"North Carolina","Alleghany County",2,15,108,49,59
050,37,005,"North Carolina","Alleghany County",2,16,109,54,55
050,37,005,"North Carolina","Alleghany County",2,17,108,55,53
050,37,005,"North Carolina","Alleghany County",2,18,95,52,43
050,37,005,"North Carolina","Alleghany County",2,19,97,50,47
050,37,005,"North Carolina","Alleghany County",2,20,99,50,49
050,37,005,"North Carolina","Alleghany County",2,21,101,49,52
050,37,005,"North Carolina","Alleghany County",2,22,102,49,53
050,37,005,"North Carolina","Alleghany County",2,23,106,47,59
050,37,005,"North Carolina","Alleghany County",2,24,105,47,58
050,37,005,"North Carolina","Alleghany County",2,25,104,56,48
050,37,005,"North Carolina","Alleghany County",2,26,105,63,42
050,37,005,"North Carolina","Alleghany County",2,27,117,67,50
050,37,005,"North Carolina","Alleghany County",2,28,120,69,51
050,37,005,"North Carolina","Alleghany County",2,29,120,69,51
050,37,005,"North Carolina","Alleghany County",2,30,115,60,55
050,37,005,"North Carolina","Alleghany County",2,31,99,52,47
050,37,005,"North Carolina","Alleghany County",2,32,82,41,41
050,37,005,"North Carolina","Alleghany County",2,33,93,45,48
050,37,005,"North Carolina","Alleghany County",2,34,101,56,45
050,37,005,"North Carolina","Alleghany County",2,35,104,60,44
050,37,005,"North Carolina","Alleghany County",2,36,110,60,50
050,37,005,"North Carolina","Alleghany County",2,37,121,71,50
050,37,005,"North Carolina","Alleghany County",2,38,110,59,51
050,37,005,"North Carolina","Alleghany County",2,39,102,51,51
050,37,005,"North Carolina","Alleghany County",2,40,101,54,47
050,37,005,"North Carolina","Alleghany County",2,41,111,57,54
050,37,005,"North Carolina","Alleghany County",2,42,117,64,53
050,37,005,"North Carolina","Alleghany County",2,43,116,64,52
050,37,005,"North Carolina","Alleghany County",2,44,112,61,51
050,37,005,"North Carolina","Alleghany County",2,45,116,59,57
050,37,005,"North Carolina","Alleghany County",2,46,130,62,68
050,37,005,"North Carolina","Alleghany County",2,47,141,70,71
050,37,005,"North Carolina","Alleghany County",2,48,144,76,68
050,37,005,"North Carolina","Alleghany County",2,49,145,78,67
050,37,005,"North Carolina","Alleghany County",2,50,144,73,71
050,37,005,"North Carolina","Alleghany County",2,51,141,69,72
050,37,005,"North Carolina","Alleghany County",2,52,161,77,84
050,37,005,"North Carolina","Alleghany County",2,53,162,78,84
050,37,005,"North Carolina","Alleghany County",2,54,154,79,75
050,37,005,"North Carolina","Alleghany County",2,55,145,80,65
050,37,005,"North Carolina","Alleghany County",2,56,155,76,79
050,37,005,"North Carolina","Alleghany County",2,57,168,85,83
050,37,005,"North Carolina","Alleghany County",2,58,174,87,87
050,37,005,"North Carolina","Alleghany County",2,59,191,101,90
050,37,005,"North Carolina","Alleghany County",2,60,182,96,86
050,37,005,"North Carolina","Alleghany County",2,61,179,88,91
050,37,005,"North Carolina","Alleghany County",2,62,192,90,102
050,37,005,"North Carolina","Alleghany County",2,63,189,89,100
050,37,005,"North Carolina","Alleghany County",2,64,181,86,95
050,37,005,"North Carolina","Alleghany County",2,65,202,98,104
050,37,005,"North Carolina","Alleghany County",2,66,205,102,103
050,37,005,"North Carolina","Alleghany County",2,67,188,97,91
050,37,005,"North Carolina","Alleghany County",2,68,172,89,83
050,37,005,"North Carolina","Alleghany County",2,69,174,82,92
050,37,005,"North Carolina","Alleghany County",2,70,175,83,92
050,37,005,"North Carolina","Alleghany County",2,71,176,85,91
050,37,005,"North Carolina","Alleghany County",2,72,188,93,95
050,37,005,"North Carolina","Alleghany County",2,73,195,101,94
050,37,005,"North Carolina","Alleghany County",2,74,120,58,62
050,37,005,"North Carolina","Alleghany County",2,75,118,54,64
050,37,005,"North Carolina","Alleghany County",2,76,116,60,56
050,37,005,"North Carolina","Alleghany County",2,77,117,53,64
050,37,005,"North Carolina","Alleghany County",2,78,99,44,55
050,37,005,"North Carolina","Alleghany County",2,79,84,40,44
050,37,005,"North Carolina","Alleghany County",2,80,71,35,36
050,37,005,"North Carolina","Alleghany County",2,81,74,36,38
050,37,005,"North Carolina","Alleghany County",2,82,68,31,37
050,37,005,"North Carolina","Alleghany County",2,83,63,25,38
050,37,005,"North Carolina","Alleghany County",2,84,57,24,33
050,37,005,"North Carolina","Alleghany County",2,85,305,116,189
050,37,005,"North Carolina","Alleghany County",3,0,105,53,52
050,37,005,"North Carolina","Alleghany County",3,1,86,40,46
050,37,005,"North Carolina","Alleghany County",3,2,90,47,43
050,37,005,"North Carolina","Alleghany County",3,3,106,59,47
050,37,005,"North Carolina","Alleghany County",3,4,104,53,51
050,37,005,"North Carolina","Alleghany County",3,5,103,55,48
050,37,005,"North Carolina","Alleghany County",3,6,112,58,54
050,37,005,"North Carolina","Alleghany County",3,7,100,53,47
050,37,005,"North Carolina","Alleghany County",3,8,92,42,50
050,37,005,"North Carolina","Alleghany County",3,9,97,47,50
050,37,005,"North Carolina","Alleghany County",3,10,114,53,61
050,37,005,"North Carolina","Alleghany County",3,11,108,58,50
050,37,005,"North Carolina","Alleghany County",3,12,103,55,48
050,37,005,"North Carolina","Alleghany County",3,13,107,55,52
050,37,005,"North Carolina","Alleghany County",3,14,127,72,55
050,37,005,"North Carolina","Alleghany County",3,15,129,64,65
050,37,005,"North Carolina","Alleghany County",3,16,111,55,56
050,37,005,"North Carolina","Alleghany County",3,17,114,58,56
050,37,005,"North Carolina","Alleghany County",3,18,92,47,45
050,37,005,"North Carolina","Alleghany County",3,19,81,45,36
050,37,005,"North Carolina","Alleghany County",3,20,105,52,53
050,37,005,"North Carolina","Alleghany County",3,21,103,56,47
050,37,005,"North Carolina","Alleghany County",3,22,109,49,60
050,37,005,"North Carolina","Alleghany County",3,23,103,52,51
050,37,005,"North Carolina","Alleghany County",3,24,116,49,67
050,37,005,"North Carolina","Alleghany County",3,25,103,45,58
050,37,005,"North Carolina","Alleghany County",3,26,106,63,43
050,37,005,"North Carolina","Alleghany County",3,27,103,61,42
050,37,005,"North Carolina","Alleghany County",3,28,119,64,55
050,37,005,"North Carolina","Alleghany County",3,29,107,62,45
050,37,005,"North Carolina","Alleghany County",3,30,116,67,49
050,37,005,"North Carolina","Alleghany County",3,31,118,58,60
050,37,005,"North Carolina","Alleghany County",3,32,102,53,49
050,37,005,"North Carolina","Alleghany County",3,33,84,39,45
050,37,005,"North Carolina","Alleghany County",3,34,98,48,50
050,37,005,"North Carolina","Alleghany County",3,35,105,56,49
050,37,005,"North Carolina","Alleghany County",3,36,103,58,45
050,37,005,"North Carolina","Alleghany County",3,37,116,64,52
050,37,005,"North Carolina","Alleghany County",3,38,123,70,53
050,37,005,"North Carolina","Alleghany County",3,39,107,59,48
050,37,005,"North Carolina","Alleghany County",3,40,107,54,53
050,37,005,"North Carolina","Alleghany County",3,41,112,60,52
050,37,005,"North Carolina","Alleghany County",3,42,110,54,56
050,37,005,"North Carolina","Alleghany County",3,43,121,64,57
050,37,005,"North Carolina","Alleghany County",3,44,120,65,55
050,37,005,"North Carolina","Alleghany County",3,45,119,66,53
050,37,005,"North Carolina","Alleghany County",3,46,119,62,57
050,37,005,"North Carolina","Alleghany County",3,47,128,65,63
050,37,005,"North Carolina","Alleghany County",3,48,148,75,73
050,37,005,"North Carolina","Alleghany County",3,49,146,71,75
050,37,005,"North Carolina","Alleghany County",3,50,146,78,68
050,37,005,"North Carolina","Alleghany County",3,51,144,74,70
050,37,005,"North Carolina","Alleghany County",3,52,148,73,75
050,37,005,"North Carolina","Alleghany County",3,53,170,83,87
050,37,005,"North Carolina","Alleghany County",3,54,173,86,87
050,37,005,"North Carolina","Alleghany County",3,55,162,84,78
050,37,005,"North Carolina","Alleghany County",3,56,154,83,71
050,37,005,"North Carolina","Alleghany County",3,57,155,74,81
050,37,005,"North Carolina","Alleghany County",3,58,180,92,88
050,37,005,"North Carolina","Alleghany County",3,59,185,91,94
050,37,005,"North Carolina","Alleghany County",3,60,192,103,89
050,37,005,"North Carolina","Alleghany County",3,61,186,100,86
050,37,005,"North Carolina","Alleghany County",3,62,191,93,98
050,37,005,"North Carolina","Alleghany County",3,63,186,86,100
050,37,005,"North Carolina","Alleghany County",3,64,190,89,101
050,37,005,"North Carolina","Alleghany County",3,65,182,86,96
050,37,005,"North Carolina","Alleghany County",3,66,203,99,104
050,37,005,"North Carolina","Alleghany County",3,67,200,101,99
050,37,005,"North Carolina","Alleghany County",3,68,193,104,89
050,37,005,"North Carolina","Alleghany County",3,69,170,90,80
050,37,005,"North Carolina","Alleghany County",3,70,176,85,91
050,37,005,"North Carolina","Alleghany County",3,71,168,80,88
050,37,005,"North Carolina","Alleghany County",3,72,171,79,92
050,37,005,"North Carolina","Alleghany County",3,73,185,90,95
050,37,005,"North Carolina","Alleghany County",3,74,196,103,93
050,37,005,"North Carolina","Alleghany County",3,75,120,53,67
050,37,005,"North Carolina","Alleghany County",3,76,119,57,62
050,37,005,"North Carolina","Alleghany County",3,77,110,59,51
050,37,005,"North Carolina","Alleghany County",3,78,113,51,62
050,37,005,"North Carolina","Alleghany County",3,79,92,42,50
050,37,005,"North Carolina","Alleghany County",3,80,83,40,43
050,37,005,"North Carolina","Alleghany County",3,81,70,33,37
050,37,005,"North Carolina","Alleghany County",3,82,67,35,32
050,37,005,"North Carolina","Alleghany County",3,83,65,29,36
050,37,005,"North Carolina","Alleghany County",3,84,61,25,36
050,37,005,"North Carolina","Alleghany County",3,85,316,109,207
050,37,005,"North Carolina","Alleghany County",4,0,105,58,47
050,37,005,"North Carolina","Alleghany County",4,1,119,61,58
050,37,005,"North Carolina","Alleghany County",4,2,90,41,49
050,37,005,"North Carolina","Alleghany County",4,3,85,43,42
050,37,005,"North Carolina","Alleghany County",4,4,109,59,50
050,37,005,"North Carolina","Alleghany County",4,5,106,50,56
050,37,005,"North Carolina","Alleghany County",4,6,107,57,50
050,37,005,"North Carolina","Alleghany County",4,7,107,58,49
050,37,005,"North Carolina","Alleghany County",4,8,106,58,48
050,37,005,"North Carolina","Alleghany County",4,9,95,44,51
050,37,005,"North Carolina","Alleghany County",4,10,93,44,49
050,37,005,"North Carolina","Alleghany County",4,11,111,51,60
050,37,005,"North Carolina","Alleghany County",4,12,104,53,51
050,37,005,"North Carolina","Alleghany County",4,13,105,53,52
050,37,005,"North Carolina","Alleghany County",4,14,108,55,53
050,37,005,"North Carolina","Alleghany County",4,15,121,67,54
050,37,005,"North Carolina","Alleghany County",4,16,125,61,64
050,37,005,"North Carolina","Alleghany County",4,17,110,53,57
050,37,005,"North Carolina","Alleghany County",4,18,97,52,45
050,37,005,"North Carolina","Alleghany County",4,19,78,38,40
050,37,005,"North Carolina","Alleghany County",4,20,83,44,39
050,37,005,"North Carolina","Alleghany County",4,21,103,49,54
050,37,005,"North Carolina","Alleghany County",4,22,103,53,50
050,37,005,"North Carolina","Alleghany County",4,23,118,55,63
050,37,005,"North Carolina","Alleghany County",4,24,105,51,54
050,37,005,"North Carolina","Alleghany County",4,25,109,44,65
050,37,005,"North Carolina","Alleghany County",4,26,102,47,55
050,37,005,"North Carolina","Alleghany County",4,27,102,60,42
050,37,005,"North Carolina","Alleghany County",4,28,103,62,41
050,37,005,"North Carolina","Alleghany County",4,29,129,70,59
050,37,005,"North Carolina","Alleghany County",4,30,108,63,45
050,37,005,"North Carolina","Alleghany County",4,31,121,64,57
050,37,005,"North Carolina","Alleghany County",4,32,122,61,61
050,37,005,"North Carolina","Alleghany County",4,33,100,49,51
050,37,005,"North Carolina","Alleghany County",4,34,88,42,46
050,37,005,"North Carolina","Alleghany County",4,35,100,49,51
050,37,005,"North Carolina","Alleghany County",4,36,107,58,49
050,37,005,"North Carolina","Alleghany County",4,37,98,52,46
050,37,005,"North Carolina","Alleghany County",4,38,113,64,49
050,37,005,"North Carolina","Alleghany County",4,39,125,73,52
050,37,005,"North Carolina","Alleghany County",4,40,116,65,51
050,37,005,"North Carolina","Alleghany County",4,41,99,50,49
050,37,005,"North Carolina","Alleghany County",4,42,112,59,53
050,37,005,"North Carolina","Alleghany County",4,43,116,56,60
050,37,005,"North Carolina","Alleghany County",4,44,127,68,59
050,37,005,"North Carolina","Alleghany County",4,45,122,64,58
050,37,005,"North Carolina","Alleghany County",4,46,122,65,57
050,37,005,"North Carolina","Alleghany County",4,47,113,60,53
050,37,005,"North Carolina","Alleghany County",4,48,133,69,64
050,37,005,"North Carolina","Alleghany County",4,49,148,73,75
050,37,005,"North Carolina","Alleghany County",4,50,151,74,77
050,37,005,"North Carolina","Alleghany County",4,51,147,86,61
050,37,005,"North Carolina","Alleghany County",4,52,151,78,73
050,37,005,"North Carolina","Alleghany County",4,53,145,67,78
050,37,005,"North Carolina","Alleghany County",4,54,185,88,97
050,37,005,"North Carolina","Alleghany County",4,55,182,90,92
050,37,005,"North Carolina","Alleghany County",4,56,168,85,83
050,37,005,"North Carolina","Alleghany County",4,57,156,87,69
050,37,005,"North Carolina","Alleghany County",4,58,166,86,80
050,37,005,"North Carolina","Alleghany County",4,59,183,88,95
050,37,005,"North Carolina","Alleghany County",4,60,191,95,96
050,37,005,"North Carolina","Alleghany County",4,61,193,105,88
050,37,005,"North Carolina","Alleghany County",4,62,189,99,90
050,37,005,"North Carolina","Alleghany County",4,63,190,91,99
050,37,005,"North Carolina","Alleghany County",4,64,196,88,108
050,37,005,"North Carolina","Alleghany County",4,65,207,97,110
050,37,005,"North Carolina","Alleghany County",4,66,188,91,97
050,37,005,"North Carolina","Alleghany County",4,67,207,99,108
050,37,005,"North Carolina","Alleghany County",4,68,198,98,100
050,37,005,"North Carolina","Alleghany County",4,69,192,105,87
050,37,005,"North Carolina","Alleghany County",4,70,183,96,87
050,37,005,"North Carolina","Alleghany County",4,71,176,89,87
050,37,005,"North Carolina","Alleghany County",4,72,164,78,86
050,37,005,"North Carolina","Alleghany County",4,73,165,78,87
050,37,005,"North Carolina","Alleghany County",4,74,179,89,90
050,37,005,"North Carolina","Alleghany County",4,75,191,96,95
050,37,005,"North Carolina","Alleghany County",4,76,117,55,62
050,37,005,"North Carolina","Alleghany County",4,77,115,56,59
050,37,005,"North Carolina","Alleghany County",4,78,107,57,50
050,37,005,"North Carolina","Alleghany County",4,79,104,51,53
050,37,005,"North Carolina","Alleghany County",4,80,84,40,44
050,37,005,"North Carolina","Alleghany County",4,81,79,38,41
050,37,005,"North Carolina","Alleghany County",4,82,64,28,36
050,37,005,"North Carolina","Alleghany County",4,83,61,32,29
050,37,005,"North Carolina","Alleghany County",4,84,63,28,35
050,37,005,"North Carolina","Alleghany County",4,85,328,102,226
050,37,005,"North Carolina","Alleghany County",5,0,102,56,46
050,37,005,"North Carolina","Alleghany County",5,1,107,57,50
050,37,005,"North Carolina","Alleghany County",5,2,107,51,56
050,37,005,"North Carolina","Alleghany County",5,3,93,43,50
050,37,005,"North Carolina","Alleghany County",5,4,86,43,43
050,37,005,"North Carolina","Alleghany County",5,5,110,66,44
050,37,005,"North Carolina","Alleghany County",5,6,104,49,55
050,37,005,"North Carolina","Alleghany County",5,7,114,60,54
050,37,005,"North Carolina","Alleghany County",5,8,108,59,49
050,37,005,"North Carolina","Alleghany County",5,9,104,56,48
050,37,005,"North Carolina","Alleghany County",5,10,98,46,52
050,37,005,"North Carolina","Alleghany County",5,11,96,46,50
050,37,005,"North Carolina","Alleghany County",5,12,111,52,59
050,37,005,"North Carolina","Alleghany County",5,13,101,49,52
050,37,005,"North Carolina","Alleghany County",5,14,115,55,60
050,37,005,"North Carolina","Alleghany County",5,15,108,53,55
050,37,005,"North Carolina","Alleghany County",5,16,129,69,60
050,37,005,"North Carolina","Alleghany County",5,17,123,63,60
050,37,005,"North Carolina","Alleghany County",5,18,99,52,47
050,37,005,"North Carolina","Alleghany County",5,19,89,48,41
050,37,005,"North Carolina","Alleghany County",5,20,82,40,42
050,37,005,"North Carolina","Alleghany County",5,21,85,47,38
050,37,005,"North Carolina","Alleghany County",5,22,114,54,60
050,37,005,"North Carolina","Alleghany County",5,23,108,56,52
050,37,005,"North Carolina","Alleghany County",5,24,119,54,65
050,37,005,"North Carolina","Alleghany County",5,25,105,51,54
050,37,005,"North Carolina","Alleghany County",5,26,115,56,59
050,37,005,"North Carolina","Alleghany County",5,27,110,49,61
050,37,005,"North Carolina","Alleghany County",5,28,99,51,48
050,37,005,"North Carolina","Alleghany County",5,29,107,67,40
050,37,005,"North Carolina","Alleghany County",5,30,121,65,56
050,37,005,"North Carolina","Alleghany County",5,31,122,70,52
050,37,005,"North Carolina","Alleghany County",5,32,116,61,55
050,37,005,"North Carolina","Alleghany County",5,33,123,63,60
050,37,005,"North Carolina","Alleghany County",5,34,106,49,57
050,37,005,"North Carolina","Alleghany County",5,35,86,40,46
050,37,005,"North Carolina","Alleghany County",5,36,99,48,51
050,37,005,"North Carolina","Alleghany County",5,37,113,59,54
050,37,005,"North Carolina","Alleghany County",5,38,97,52,45
050,37,005,"North Carolina","Alleghany County",5,39,110,64,46
050,37,005,"North Carolina","Alleghany County",5,40,139,86,53
050,37,005,"North Carolina","Alleghany County",5,41,115,65,50
050,37,005,"North Carolina","Alleghany County",5,42,100,51,49
050,37,005,"North Carolina","Alleghany County",5,43,118,62,56
050,37,005,"North Carolina","Alleghany County",5,44,116,58,58
050,37,005,"North Carolina","Alleghany County",5,45,125,67,58
050,37,005,"North Carolina","Alleghany County",5,46,130,67,63
050,37,005,"North Carolina","Alleghany County",5,47,118,59,59
050,37,005,"North Carolina","Alleghany County",5,48,122,61,61
050,37,005,"North Carolina","Alleghany County",5,49,137,68,69
050,37,005,"North Carolina","Alleghany County",5,50,147,73,74
050,37,005,"North Carolina","Alleghany County",5,51,156,81,75
050,37,005,"North Carolina","Alleghany County",5,52,148,87,61
050,37,005,"North Carolina","Alleghany County",5,53,150,79,71
050,37,005,"North Carolina","Alleghany County",5,54,152,69,83
050,37,005,"North Carolina","Alleghany County",5,55,185,90,95
050,37,005,"North Carolina","Alleghany County",5,56,190,90,100
050,37,005,"North Carolina","Alleghany County",5,57,173,89,84
050,37,005,"North Carolina","Alleghany County",5,58,163,89,74
050,37,005,"North Carolina","Alleghany County",5,59,171,85,86
050,37,005,"North Carolina","Alleghany County",5,60,183,88,95
050,37,005,"North Carolina","Alleghany County",5,61,194,98,96
050,37,005,"North Carolina","Alleghany County",5,62,199,111,88
050,37,005,"North Carolina","Alleghany County",5,63,184,88,96
050,37,005,"North Carolina","Alleghany County",5,64,185,84,101
050,37,005,"North Carolina","Alleghany County",5,65,211,95,116
050,37,005,"North Carolina","Alleghany County",5,66,223,101,122
050,37,005,"North Carolina","Alleghany County",5,67,188,92,96
050,37,005,"North Carolina","Alleghany County",5,68,205,100,105
050,37,005,"North Carolina","Alleghany County",5,69,200,103,97
050,37,005,"North Carolina","Alleghany County",5,70,193,105,88
050,37,005,"North Carolina","Alleghany County",5,71,180,98,82
050,37,005,"North Carolina","Alleghany County",5,72,170,86,84
050,37,005,"North Carolina","Alleghany County",5,73,161,75,86
050,37,005,"North Carolina","Alleghany County",5,74,164,77,87
050,37,005,"North Carolina","Alleghany County",5,75,169,80,89
050,37,005,"North Carolina","Alleghany County",5,76,184,96,88
050,37,005,"North Carolina","Alleghany County",5,77,116,54,62
050,37,005,"North Carolina","Alleghany County",5,78,113,54,59
050,37,005,"North Carolina","Alleghany County",5,79,101,57,44
050,37,005,"North Carolina","Alleghany County",5,80,99,53,46
050,37,005,"North Carolina","Alleghany County",5,81,81,36,45
050,37,005,"North Carolina","Alleghany County",5,82,75,35,40
050,37,005,"North Carolina","Alleghany County",5,83,60,26,34
050,37,005,"North Carolina","Alleghany County",5,84,62,33,29
050,37,005,"North Carolina","Alleghany County",5,85,346,105,241
050,37,007,"North Carolina","Anson County",1,0,229,118,111
050,37,007,"North Carolina","Anson County",1,1,229,120,109
050,37,007,"North Carolina","Anson County",1,2,226,120,106
050,37,007,"North Carolina","Anson County",1,3,241,129,112
050,37,007,"North Carolina","Anson County",1,4,236,121,115
050,37,007,"North Carolina","Anson County",1,5,228,121,107
050,37,007,"North Carolina","Anson County",1,6,235,118,117
050,37,007,"North Carolina","Anson County",1,7,229,124,105
050,37,007,"North Carolina","Anson County",1,8,208,115,93
050,37,007,"North Carolina","Anson County",1,9,231,126,105
050,37,007,"North Carolina","Anson County",1,10,251,133,118
050,37,007,"North Carolina","Anson County",1,11,265,141,124
050,37,007,"North Carolina","Anson County",1,12,262,128,134
050,37,007,"North Carolina","Anson County",1,13,261,138,123
050,37,007,"North Carolina","Anson County",1,14,269,134,135
050,37,007,"North Carolina","Anson County",1,15,253,120,133
050,37,007,"North Carolina","Anson County",1,16,252,127,125
050,37,007,"North Carolina","Anson County",1,17,283,139,144
050,37,007,"North Carolina","Anson County",1,18,234,124,110
050,37,007,"North Carolina","Anson County",1,19,217,117,100
050,37,007,"North Carolina","Anson County",1,20,224,107,117
050,37,007,"North Carolina","Anson County",1,21,251,136,115
050,37,007,"North Carolina","Anson County",1,22,260,144,116
050,37,007,"North Carolina","Anson County",1,23,264,148,116
050,37,007,"North Carolina","Anson County",1,24,262,140,122
050,37,007,"North Carolina","Anson County",1,25,325,178,147
050,37,007,"North Carolina","Anson County",1,26,336,191,145
050,37,007,"North Carolina","Anson County",1,27,322,191,131
050,37,007,"North Carolina","Anson County",1,28,313,187,126
050,37,007,"North Carolina","Anson County",1,29,336,191,145
050,37,007,"North Carolina","Anson County",1,30,341,196,145
050,37,007,"North Carolina","Anson County",1,31,291,176,115
050,37,007,"North Carolina","Anson County",1,32,280,167,113
050,37,007,"North Carolina","Anson County",1,33,264,146,118
050,37,007,"North Carolina","Anson County",1,34,251,144,107
050,37,007,"North Carolina","Anson County",1,35,263,148,115
050,37,007,"North Carolina","Anson County",1,36,258,140,118
050,37,007,"North Carolina","Anson County",1,37,254,149,105
050,37,007,"North Carolina","Anson County",1,38,266,157,109
050,37,007,"North Carolina","Anson County",1,39,276,159,117
050,37,007,"North Carolina","Anson County",1,40,272,151,121
050,37,007,"North Carolina","Anson County",1,41,257,137,120
050,37,007,"North Carolina","Anson County",1,42,260,140,120
050,37,007,"North Carolina","Anson County",1,43,256,135,121
050,37,007,"North Carolina","Anson County",1,44,249,133,116
050,37,007,"North Carolina","Anson County",1,45,257,134,123
050,37,007,"North Carolina","Anson County",1,46,257,146,111
050,37,007,"North Carolina","Anson County",1,47,258,134,124
050,37,007,"North Carolina","Anson County",1,48,278,141,137
050,37,007,"North Carolina","Anson County",1,49,303,156,147
050,37,007,"North Carolina","Anson County",1,50,281,137,144
050,37,007,"North Carolina","Anson County",1,51,281,142,139
050,37,007,"North Carolina","Anson County",1,52,295,138,157
050,37,007,"North Carolina","Anson County",1,53,304,145,159
050,37,007,"North Carolina","Anson County",1,54,311,154,157
050,37,007,"North Carolina","Anson County",1,55,324,162,162
050,37,007,"North Carolina","Anson County",1,56,311,151,160
050,37,007,"North Carolina","Anson County",1,57,288,141,147
050,37,007,"North Carolina","Anson County",1,58,306,161,145
050,37,007,"North Carolina","Anson County",1,59,308,158,150
050,37,007,"North Carolina","Anson County",1,60,309,150,159
050,37,007,"North Carolina","Anson County",1,61,305,157,148
050,37,007,"North Carolina","Anson County",1,62,329,165,164
050,37,007,"North Carolina","Anson County",1,63,334,168,166
050,37,007,"North Carolina","Anson County",1,64,280,149,131
050,37,007,"North Carolina","Anson County",1,65,296,159,137
050,37,007,"North Carolina","Anson County",1,66,304,146,158
050,37,007,"North Carolina","Anson County",1,67,281,128,153
050,37,007,"North Carolina","Anson County",1,68,266,118,148
050,37,007,"North Carolina","Anson County",1,69,259,120,139
050,37,007,"North Carolina","Anson County",1,70,266,133,133
050,37,007,"North Carolina","Anson County",1,71,260,133,127
050,37,007,"North Carolina","Anson County",1,72,243,129,114
050,37,007,"North Carolina","Anson County",1,73,237,119,118
050,37,007,"North Carolina","Anson County",1,74,175,79,96
050,37,007,"North Carolina","Anson County",1,75,181,77,104
050,37,007,"North Carolina","Anson County",1,76,170,77,93
050,37,007,"North Carolina","Anson County",1,77,173,66,107
050,37,007,"North Carolina","Anson County",1,78,155,61,94
050,37,007,"North Carolina","Anson County",1,79,131,52,79
050,37,007,"North Carolina","Anson County",1,80,109,45,64
050,37,007,"North Carolina","Anson County",1,81,115,45,70
050,37,007,"North Carolina","Anson County",1,82,99,29,70
050,37,007,"North Carolina","Anson County",1,83,74,27,47
050,37,007,"North Carolina","Anson County",1,84,87,29,58
050,37,007,"North Carolina","Anson County",1,85,484,139,345
050,37,007,"North Carolina","Anson County",2,0,225,114,111
050,37,007,"North Carolina","Anson County",2,1,229,119,110
050,37,007,"North Carolina","Anson County",2,2,227,123,104
050,37,007,"North Carolina","Anson County",2,3,236,126,110
050,37,007,"North Carolina","Anson County",2,4,236,122,114
050,37,007,"North Carolina","Anson County",2,5,230,121,109
050,37,007,"North Carolina","Anson County",2,6,234,120,114
050,37,007,"North Carolina","Anson County",2,7,229,124,105
050,37,007,"North Carolina","Anson County",2,8,212,117,95
050,37,007,"North Carolina","Anson County",2,9,223,121,102
050,37,007,"North Carolina","Anson County",2,10,247,132,115
050,37,007,"North Carolina","Anson County",2,11,260,137,123
050,37,007,"North Carolina","Anson County",2,12,264,131,133
050,37,007,"North Carolina","Anson County",2,13,264,137,127
050,37,007,"North Carolina","Anson County",2,14,264,134,130
050,37,007,"North Carolina","Anson County",2,15,256,123,133
050,37,007,"North Carolina","Anson County",2,16,251,124,127
050,37,007,"North Carolina","Anson County",2,17,272,136,136
050,37,007,"North Carolina","Anson County",2,18,236,125,111
050,37,007,"North Carolina","Anson County",2,19,212,113,99
050,37,007,"North Carolina","Anson County",2,20,230,114,116
050,37,007,"North Carolina","Anson County",2,21,254,137,117
050,37,007,"North Carolina","Anson County",2,22,262,146,116
050,37,007,"North Carolina","Anson County",2,23,270,152,118
050,37,007,"North Carolina","Anson County",2,24,260,139,121
050,37,007,"North Carolina","Anson County",2,25,314,172,142
050,37,007,"North Carolina","Anson County",2,26,331,185,146
050,37,007,"North Carolina","Anson County",2,27,327,194,133
050,37,007,"North Carolina","Anson County",2,28,313,185,128
050,37,007,"North Carolina","Anson County",2,29,332,192,140
050,37,007,"North Carolina","Anson County",2,30,339,196,143
050,37,007,"North Carolina","Anson County",2,31,298,178,120
050,37,007,"North Carolina","Anson County",2,32,282,169,113
050,37,007,"North Carolina","Anson County",2,33,266,148,118
050,37,007,"North Carolina","Anson County",2,34,254,143,111
050,37,007,"North Carolina","Anson County",2,35,263,151,112
050,37,007,"North Carolina","Anson County",2,36,254,137,117
050,37,007,"North Carolina","Anson County",2,37,256,149,107
050,37,007,"North Carolina","Anson County",2,38,270,161,109
050,37,007,"North Carolina","Anson County",2,39,272,159,113
050,37,007,"North Carolina","Anson County",2,40,274,152,122
050,37,007,"North Carolina","Anson County",2,41,258,138,120
050,37,007,"North Carolina","Anson County",2,42,256,137,119
050,37,007,"North Carolina","Anson County",2,43,257,135,122
050,37,007,"North Carolina","Anson County",2,44,248,131,117
050,37,007,"North Carolina","Anson County",2,45,258,136,122
050,37,007,"North Carolina","Anson County",2,46,257,145,112
050,37,007,"North Carolina","Anson County",2,47,258,137,121
050,37,007,"North Carolina","Anson County",2,48,275,141,134
050,37,007,"North Carolina","Anson County",2,49,297,151,146
050,37,007,"North Carolina","Anson County",2,50,283,139,144
050,37,007,"North Carolina","Anson County",2,51,279,141,138
050,37,007,"North Carolina","Anson County",2,52,292,142,150
050,37,007,"North Carolina","Anson County",2,53,301,143,158
050,37,007,"North Carolina","Anson County",2,54,308,153,155
050,37,007,"North Carolina","Anson County",2,55,323,160,163
050,37,007,"North Carolina","Anson County",2,56,313,151,162
050,37,007,"North Carolina","Anson County",2,57,294,143,151
050,37,007,"North Carolina","Anson County",2,58,303,157,146
050,37,007,"North Carolina","Anson County",2,59,307,159,148
050,37,007,"North Carolina","Anson County",2,60,307,151,156
050,37,007,"North Carolina","Anson County",2,61,305,154,151
050,37,007,"North Carolina","Anson County",2,62,320,162,158
050,37,007,"North Carolina","Anson County",2,63,333,166,167
050,37,007,"North Carolina","Anson County",2,64,289,152,137
050,37,007,"North Carolina","Anson County",2,65,290,155,135
050,37,007,"North Carolina","Anson County",2,66,304,150,154
050,37,007,"North Carolina","Anson County",2,67,282,130,152
050,37,007,"North Carolina","Anson County",2,68,268,120,148
050,37,007,"North Carolina","Anson County",2,69,261,119,142
050,37,007,"North Carolina","Anson County",2,70,261,128,133
050,37,007,"North Carolina","Anson County",2,71,262,134,128
050,37,007,"North Carolina","Anson County",2,72,243,128,115
050,37,007,"North Carolina","Anson County",2,73,245,122,123
050,37,007,"North Carolina","Anson County",2,74,176,83,93
050,37,007,"North Carolina","Anson County",2,75,180,77,103
050,37,007,"North Carolina","Anson County",2,76,170,75,95
050,37,007,"North Carolina","Anson County",2,77,177,70,107
050,37,007,"North Carolina","Anson County",2,78,155,61,94
050,37,007,"North Carolina","Anson County",2,79,135,51,84
050,37,007,"North Carolina","Anson County",2,80,111,42,69
050,37,007,"North Carolina","Anson County",2,81,111,43,68
050,37,007,"North Carolina","Anson County",2,82,102,32,70
050,37,007,"North Carolina","Anson County",2,83,80,28,52
050,37,007,"North Carolina","Anson County",2,84,84,28,56
050,37,007,"North Carolina","Anson County",2,85,491,143,348
050,37,007,"North Carolina","Anson County",3,0,276,155,121
050,37,007,"North Carolina","Anson County",3,1,224,110,114
050,37,007,"North Carolina","Anson County",3,2,233,121,112
050,37,007,"North Carolina","Anson County",3,3,223,119,104
050,37,007,"North Carolina","Anson County",3,4,230,124,106
050,37,007,"North Carolina","Anson County",3,5,225,114,111
050,37,007,"North Carolina","Anson County",3,6,228,124,104
050,37,007,"North Carolina","Anson County",3,7,226,114,112
050,37,007,"North Carolina","Anson County",3,8,243,131,112
050,37,007,"North Carolina","Anson County",3,9,211,112,99
050,37,007,"North Carolina","Anson County",3,10,231,125,106
050,37,007,"North Carolina","Anson County",3,11,254,138,116
050,37,007,"North Carolina","Anson County",3,12,254,134,120
050,37,007,"North Carolina","Anson County",3,13,243,119,124
050,37,007,"North Carolina","Anson County",3,14,272,139,133
050,37,007,"North Carolina","Anson County",3,15,268,138,130
050,37,007,"North Carolina","Anson County",3,16,257,121,136
050,37,007,"North Carolina","Anson County",3,17,252,125,127
050,37,007,"North Carolina","Anson County",3,18,235,124,111
050,37,007,"North Carolina","Anson County",3,19,212,110,102
050,37,007,"North Carolina","Anson County",3,20,242,126,116
050,37,007,"North Carolina","Anson County",3,21,257,135,122
050,37,007,"North Carolina","Anson County",3,22,273,148,125
050,37,007,"North Carolina","Anson County",3,23,286,160,126
050,37,007,"North Carolina","Anson County",3,24,263,142,121
050,37,007,"North Carolina","Anson County",3,25,275,156,119
050,37,007,"North Carolina","Anson County",3,26,306,172,134
050,37,007,"North Carolina","Anson County",3,27,328,188,140
050,37,007,"North Carolina","Anson County",3,28,318,188,130
050,37,007,"North Carolina","Anson County",3,29,311,183,128
050,37,007,"North Carolina","Anson County",3,30,338,195,143
050,37,007,"North Carolina","Anson County",3,31,325,182,143
050,37,007,"North Carolina","Anson County",3,32,303,183,120
050,37,007,"North Carolina","Anson County",3,33,276,161,115
050,37,007,"North Carolina","Anson County",3,34,275,153,122
050,37,007,"North Carolina","Anson County",3,35,264,150,114
050,37,007,"North Carolina","Anson County",3,36,232,123,109
050,37,007,"North Carolina","Anson County",3,37,246,131,115
050,37,007,"North Carolina","Anson County",3,38,263,154,109
050,37,007,"North Carolina","Anson County",3,39,269,153,116
050,37,007,"North Carolina","Anson County",3,40,271,149,122
050,37,007,"North Carolina","Anson County",3,41,269,152,117
050,37,007,"North Carolina","Anson County",3,42,270,141,129
050,37,007,"North Carolina","Anson County",3,43,242,122,120
050,37,007,"North Carolina","Anson County",3,44,254,132,122
050,37,007,"North Carolina","Anson County",3,45,241,133,108
050,37,007,"North Carolina","Anson County",3,46,264,135,129
050,37,007,"North Carolina","Anson County",3,47,257,139,118
050,37,007,"North Carolina","Anson County",3,48,251,129,122
050,37,007,"North Carolina","Anson County",3,49,268,133,135
050,37,007,"North Carolina","Anson County",3,50,281,137,144
050,37,007,"North Carolina","Anson County",3,51,291,153,138
050,37,007,"North Carolina","Anson County",3,52,284,137,147
050,37,007,"North Carolina","Anson County",3,53,287,134,153
050,37,007,"North Carolina","Anson County",3,54,302,145,157
050,37,007,"North Carolina","Anson County",3,55,300,141,159
050,37,007,"North Carolina","Anson County",3,56,314,153,161
050,37,007,"North Carolina","Anson County",3,57,321,148,173
050,37,007,"North Carolina","Anson County",3,58,289,142,147
050,37,007,"North Carolina","Anson County",3,59,298,152,146
050,37,007,"North Carolina","Anson County",3,60,297,154,143
050,37,007,"North Carolina","Anson County",3,61,312,153,159
050,37,007,"North Carolina","Anson County",3,62,295,151,144
050,37,007,"North Carolina","Anson County",3,63,313,157,156
050,37,007,"North Carolina","Anson County",3,64,321,157,164
050,37,007,"North Carolina","Anson County",3,65,277,145,132
050,37,007,"North Carolina","Anson County",3,66,289,156,133
050,37,007,"North Carolina","Anson County",3,67,296,142,154
050,37,007,"North Carolina","Anson County",3,68,275,127,148
050,37,007,"North Carolina","Anson County",3,69,256,112,144
050,37,007,"North Carolina","Anson County",3,70,245,109,136
050,37,007,"North Carolina","Anson County",3,71,254,126,128
050,37,007,"North Carolina","Anson County",3,72,246,127,119
050,37,007,"North Carolina","Anson County",3,73,227,115,112
050,37,007,"North Carolina","Anson County",3,74,234,116,118
050,37,007,"North Carolina","Anson County",3,75,167,75,92
050,37,007,"North Carolina","Anson County",3,76,178,78,100
050,37,007,"North Carolina","Anson County",3,77,163,67,96
050,37,007,"North Carolina","Anson County",3,78,168,72,96
050,37,007,"North Carolina","Anson County",3,79,137,47,90
050,37,007,"North Carolina","Anson County",3,80,122,44,78
050,37,007,"North Carolina","Anson County",3,81,109,41,68
050,37,007,"North Carolina","Anson County",3,82,95,34,61
050,37,007,"North Carolina","Anson County",3,83,89,26,63
050,37,007,"North Carolina","Anson County",3,84,78,24,54
050,37,007,"North Carolina","Anson County",3,85,461,135,326
050,37,007,"North Carolina","Anson County",4,0,260,143,117
050,37,007,"North Carolina","Anson County",4,1,277,152,125
050,37,007,"North Carolina","Anson County",4,2,224,111,113
050,37,007,"North Carolina","Anson County",4,3,238,126,112
050,37,007,"North Carolina","Anson County",4,4,228,112,116
050,37,007,"North Carolina","Anson County",4,5,224,119,105
050,37,007,"North Carolina","Anson County",4,6,234,113,121
050,37,007,"North Carolina","Anson County",4,7,230,119,111
050,37,007,"North Carolina","Anson County",4,8,224,113,111
050,37,007,"North Carolina","Anson County",4,9,244,133,111
050,37,007,"North Carolina","Anson County",4,10,219,120,99
050,37,007,"North Carolina","Anson County",4,11,230,123,107
050,37,007,"North Carolina","Anson County",4,12,256,140,116
050,37,007,"North Carolina","Anson County",4,13,256,136,120
050,37,007,"North Carolina","Anson County",4,14,247,122,125
050,37,007,"North Carolina","Anson County",4,15,266,134,132
050,37,007,"North Carolina","Anson County",4,16,267,133,134
050,37,007,"North Carolina","Anson County",4,17,256,124,132
050,37,007,"North Carolina","Anson County",4,18,217,104,113
050,37,007,"North Carolina","Anson County",4,19,203,109,94
050,37,007,"North Carolina","Anson County",4,20,227,114,113
050,37,007,"North Carolina","Anson County",4,21,268,148,120
050,37,007,"North Carolina","Anson County",4,22,286,160,126
050,37,007,"North Carolina","Anson County",4,23,305,175,130
050,37,007,"North Carolina","Anson County",4,24,281,153,128
050,37,007,"North Carolina","Anson County",4,25,286,164,122
050,37,007,"North Carolina","Anson County",4,26,268,156,112
050,37,007,"North Carolina","Anson County",4,27,304,174,130
050,37,007,"North Carolina","Anson County",4,28,334,190,144
050,37,007,"North Carolina","Anson County",4,29,333,195,138
050,37,007,"North Carolina","Anson County",4,30,310,181,129
050,37,007,"North Carolina","Anson County",4,31,334,193,141
050,37,007,"North Carolina","Anson County",4,32,338,195,143
050,37,007,"North Carolina","Anson County",4,33,295,171,124
050,37,007,"North Carolina","Anson County",4,34,292,174,118
050,37,007,"North Carolina","Anson County",4,35,295,169,126
050,37,007,"North Carolina","Anson County",4,36,246,137,109
050,37,007,"North Carolina","Anson County",4,37,239,130,109
050,37,007,"North Carolina","Anson County",4,38,265,147,118
050,37,007,"North Carolina","Anson County",4,39,264,156,108
050,37,007,"North Carolina","Anson County",4,40,258,144,114
050,37,007,"North Carolina","Anson County",4,41,284,162,122
050,37,007,"North Carolina","Anson County",4,42,279,158,121
050,37,007,"North Carolina","Anson County",4,43,257,134,123
050,37,007,"North Carolina","Anson County",4,44,257,130,127
050,37,007,"North Carolina","Anson County",4,45,263,139,124
050,37,007,"North Carolina","Anson County",4,46,247,141,106
050,37,007,"North Carolina","Anson County",4,47,267,139,128
050,37,007,"North Carolina","Anson County",4,48,255,137,118
050,37,007,"North Carolina","Anson County",4,49,243,120,123
050,37,007,"North Carolina","Anson County",4,50,267,130,137
050,37,007,"North Carolina","Anson County",4,51,281,140,141
050,37,007,"North Carolina","Anson County",4,52,281,146,135
050,37,007,"North Carolina","Anson County",4,53,288,139,149
050,37,007,"North Carolina","Anson County",4,54,287,132,155
050,37,007,"North Carolina","Anson County",4,55,294,138,156
050,37,007,"North Carolina","Anson County",4,56,300,142,158
050,37,007,"North Carolina","Anson County",4,57,305,147,158
050,37,007,"North Carolina","Anson County",4,58,322,150,172
050,37,007,"North Carolina","Anson County",4,59,281,135,146
050,37,007,"North Carolina","Anson County",4,60,288,146,142
050,37,007,"North Carolina","Anson County",4,61,287,149,138
050,37,007,"North Carolina","Anson County",4,62,296,140,156
050,37,007,"North Carolina","Anson County",4,63,304,150,154
050,37,007,"North Carolina","Anson County",4,64,295,145,150
050,37,007,"North Carolina","Anson County",4,65,310,151,159
050,37,007,"North Carolina","Anson County",4,66,277,148,129
050,37,007,"North Carolina","Anson County",4,67,276,147,129
050,37,007,"North Carolina","Anson County",4,68,281,134,147
050,37,007,"North Carolina","Anson County",4,69,265,122,143
050,37,007,"North Carolina","Anson County",4,70,246,108,138
050,37,007,"North Carolina","Anson County",4,71,242,110,132
050,37,007,"North Carolina","Anson County",4,72,247,124,123
050,37,007,"North Carolina","Anson County",4,73,235,115,120
050,37,007,"North Carolina","Anson County",4,74,211,106,105
050,37,007,"North Carolina","Anson County",4,75,213,102,111
050,37,007,"North Carolina","Anson County",4,76,164,73,91
050,37,007,"North Carolina","Anson County",4,77,168,70,98
050,37,007,"North Carolina","Anson County",4,78,155,67,88
050,37,007,"North Carolina","Anson County",4,79,149,59,90
050,37,007,"North Carolina","Anson County",4,80,123,41,82
050,37,007,"North Carolina","Anson County",4,81,124,47,77
050,37,007,"North Carolina","Anson County",4,82,96,34,62
050,37,007,"North Carolina","Anson County",4,83,82,28,54
050,37,007,"North Carolina","Anson County",4,84,83,23,60
050,37,007,"North Carolina","Anson County",4,85,455,133,322
050,37,007,"North Carolina","Anson County",5,0,261,144,117
050,37,007,"North Carolina","Anson County",5,1,248,131,117
050,37,007,"North Carolina","Anson County",5,2,270,147,123
050,37,007,"North Carolina","Anson County",5,3,234,115,119
050,37,007,"North Carolina","Anson County",5,4,243,125,118
050,37,007,"North Carolina","Anson County",5,5,223,112,111
050,37,007,"North Carolina","Anson County",5,6,234,128,106
050,37,007,"North Carolina","Anson County",5,7,233,111,122
050,37,007,"North Carolina","Anson County",5,8,232,119,113
050,37,007,"North Carolina","Anson County",5,9,236,122,114
050,37,007,"North Carolina","Anson County",5,10,234,122,112
050,37,007,"North Carolina","Anson County",5,11,227,123,104
050,37,007,"North Carolina","Anson County",5,12,233,118,115
050,37,007,"North Carolina","Anson County",5,13,255,144,111
050,37,007,"North Carolina","Anson County",5,14,263,138,125
050,37,007,"North Carolina","Anson County",5,15,265,130,135
050,37,007,"North Carolina","Anson County",5,16,248,127,121
050,37,007,"North Carolina","Anson County",5,17,265,130,135
050,37,007,"North Carolina","Anson County",5,18,223,116,107
050,37,007,"North Carolina","Anson County",5,19,186,87,99
050,37,007,"North Carolina","Anson County",5,20,206,109,97
050,37,007,"North Carolina","Anson County",5,21,261,139,122
050,37,007,"North Carolina","Anson County",5,22,292,161,131
050,37,007,"North Carolina","Anson County",5,23,323,185,138
050,37,007,"North Carolina","Anson County",5,24,286,160,126
050,37,007,"North Carolina","Anson County",5,25,296,167,129
050,37,007,"North Carolina","Anson County",5,26,270,156,114
050,37,007,"North Carolina","Anson County",5,27,284,166,118
050,37,007,"North Carolina","Anson County",5,28,303,172,131
050,37,007,"North Carolina","Anson County",5,29,339,186,153
050,37,007,"North Carolina","Anson County",5,30,337,201,136
050,37,007,"North Carolina","Anson County",5,31,305,188,117
050,37,007,"North Carolina","Anson County",5,32,337,197,140
050,37,007,"North Carolina","Anson County",5,33,319,183,136
050,37,007,"North Carolina","Anson County",5,34,293,170,123
050,37,007,"North Carolina","Anson County",5,35,299,186,113
050,37,007,"North Carolina","Anson County",5,36,273,141,132
050,37,007,"North Carolina","Anson County",5,37,245,137,108
050,37,007,"North Carolina","Anson County",5,38,260,152,108
050,37,007,"North Carolina","Anson County",5,39,268,151,117
050,37,007,"North Carolina","Anson County",5,40,250,144,106
050,37,007,"North Carolina","Anson County",5,41,250,142,108
050,37,007,"North Carolina","Anson County",5,42,281,159,122
050,37,007,"North Carolina","Anson County",5,43,270,150,120
050,37,007,"North Carolina","Anson County",5,44,258,128,130
050,37,007,"North Carolina","Anson County",5,45,265,137,128
050,37,007,"North Carolina","Anson County",5,46,265,139,126
050,37,007,"North Carolina","Anson County",5,47,241,132,109
050,37,007,"North Carolina","Anson County",5,48,274,139,135
050,37,007,"North Carolina","Anson County",5,49,249,124,125
050,37,007,"North Carolina","Anson County",5,50,241,115,126
050,37,007,"North Carolina","Anson County",5,51,271,138,133
050,37,007,"North Carolina","Anson County",5,52,285,139,146
050,37,007,"North Carolina","Anson County",5,53,280,145,135
050,37,007,"North Carolina","Anson County",5,54,291,142,149
050,37,007,"North Carolina","Anson County",5,55,275,121,154
050,37,007,"North Carolina","Anson County",5,56,281,131,150
050,37,007,"North Carolina","Anson County",5,57,304,142,162
050,37,007,"North Carolina","Anson County",5,58,303,147,156
050,37,007,"North Carolina","Anson County",5,59,311,144,167
050,37,007,"North Carolina","Anson County",5,60,270,125,145
050,37,007,"North Carolina","Anson County",5,61,287,150,137
050,37,007,"North Carolina","Anson County",5,62,271,143,128
050,37,007,"North Carolina","Anson County",5,63,306,144,162
050,37,007,"North Carolina","Anson County",5,64,291,145,146
050,37,007,"North Carolina","Anson County",5,65,284,139,145
050,37,007,"North Carolina","Anson County",5,66,302,151,151
050,37,007,"North Carolina","Anson County",5,67,261,137,124
050,37,007,"North Carolina","Anson County",5,68,265,141,124
050,37,007,"North Carolina","Anson County",5,69,270,126,144
050,37,007,"North Carolina","Anson County",5,70,258,118,140
050,37,007,"North Carolina","Anson County",5,71,238,103,135
050,37,007,"North Carolina","Anson County",5,72,236,107,129
050,37,007,"North Carolina","Anson County",5,73,232,111,121
050,37,007,"North Carolina","Anson County",5,74,214,104,110
050,37,007,"North Carolina","Anson County",5,75,197,96,101
050,37,007,"North Carolina","Anson County",5,76,203,97,106
050,37,007,"North Carolina","Anson County",5,77,155,63,92
050,37,007,"North Carolina","Anson County",5,78,164,74,90
050,37,007,"North Carolina","Anson County",5,79,139,57,82
050,37,007,"North Carolina","Anson County",5,80,138,52,86
050,37,007,"North Carolina","Anson County",5,81,124,43,81
050,37,007,"North Carolina","Anson County",5,82,111,39,72
050,37,007,"North Carolina","Anson County",5,83,86,30,56
050,37,007,"North Carolina","Anson County",5,84,77,24,53
050,37,007,"North Carolina","Anson County",5,85,464,134,330
050,37,009,"North Carolina","Ashe County",1,0,200,101,99
050,37,009,"North Carolina","Ashe County",1,1,194,93,101
050,37,009,"North Carolina","Ashe County",1,2,201,104,97
050,37,009,"North Carolina","Ashe County",1,3,217,108,109
050,37,009,"North Carolina","Ashe County",1,4,209,99,110
050,37,009,"North Carolina","Ashe County",1,5,232,115,117
050,37,009,"North Carolina","Ashe County",1,6,231,121,110
050,37,009,"North Carolina","Ashe County",1,7,268,131,137
050,37,009,"North Carolina","Ashe County",1,8,258,127,131
050,37,009,"North Carolina","Ashe County",1,9,250,137,113
050,37,009,"North Carolina","Ashe County",1,10,280,156,124
050,37,009,"North Carolina","Ashe County",1,11,306,169,137
050,37,009,"North Carolina","Ashe County",1,12,310,156,154
050,37,009,"North Carolina","Ashe County",1,13,290,137,153
050,37,009,"North Carolina","Ashe County",1,14,301,140,161
050,37,009,"North Carolina","Ashe County",1,15,304,156,148
050,37,009,"North Carolina","Ashe County",1,16,281,140,141
050,37,009,"North Carolina","Ashe County",1,17,305,165,140
050,37,009,"North Carolina","Ashe County",1,18,253,136,117
050,37,009,"North Carolina","Ashe County",1,19,209,105,104
050,37,009,"North Carolina","Ashe County",1,20,223,110,113
050,37,009,"North Carolina","Ashe County",1,21,241,113,128
050,37,009,"North Carolina","Ashe County",1,22,241,122,119
050,37,009,"North Carolina","Ashe County",1,23,268,137,131
050,37,009,"North Carolina","Ashe County",1,24,256,140,116
050,37,009,"North Carolina","Ashe County",1,25,230,122,108
050,37,009,"North Carolina","Ashe County",1,26,240,131,109
050,37,009,"North Carolina","Ashe County",1,27,265,150,115
050,37,009,"North Carolina","Ashe County",1,28,265,150,115
050,37,009,"North Carolina","Ashe County",1,29,301,154,147
050,37,009,"North Carolina","Ashe County",1,30,258,134,124
050,37,009,"North Carolina","Ashe County",1,31,247,115,132
050,37,009,"North Carolina","Ashe County",1,32,256,129,127
050,37,009,"North Carolina","Ashe County",1,33,260,151,109
050,37,009,"North Carolina","Ashe County",1,34,274,142,132
050,37,009,"North Carolina","Ashe County",1,35,269,131,138
050,37,009,"North Carolina","Ashe County",1,36,250,128,122
050,37,009,"North Carolina","Ashe County",1,37,282,140,142
050,37,009,"North Carolina","Ashe County",1,38,300,157,143
050,37,009,"North Carolina","Ashe County",1,39,300,156,144
050,37,009,"North Carolina","Ashe County",1,40,301,163,138
050,37,009,"North Carolina","Ashe County",1,41,297,145,152
050,37,009,"North Carolina","Ashe County",1,42,307,154,153
050,37,009,"North Carolina","Ashe County",1,43,326,164,162
050,37,009,"North Carolina","Ashe County",1,44,296,149,147
050,37,009,"North Carolina","Ashe County",1,45,298,156,142
050,37,009,"North Carolina","Ashe County",1,46,318,169,149
050,37,009,"North Carolina","Ashe County",1,47,333,165,168
050,37,009,"North Carolina","Ashe County",1,48,333,165,168
050,37,009,"North Carolina","Ashe County",1,49,362,193,169
050,37,009,"North Carolina","Ashe County",1,50,343,181,162
050,37,009,"North Carolina","Ashe County",1,51,336,175,161
050,37,009,"North Carolina","Ashe County",1,52,340,179,161
050,37,009,"North Carolina","Ashe County",1,53,353,174,179
050,37,009,"North Carolina","Ashe County",1,54,389,189,200
050,37,009,"North Carolina","Ashe County",1,55,406,198,208
050,37,009,"North Carolina","Ashe County",1,56,410,196,214
050,37,009,"North Carolina","Ashe County",1,57,417,207,210
050,37,009,"North Carolina","Ashe County",1,58,448,234,214
050,37,009,"North Carolina","Ashe County",1,59,433,219,214
050,37,009,"North Carolina","Ashe County",1,60,452,223,229
050,37,009,"North Carolina","Ashe County",1,61,435,208,227
050,37,009,"North Carolina","Ashe County",1,62,455,221,234
050,37,009,"North Carolina","Ashe County",1,63,415,198,217
050,37,009,"North Carolina","Ashe County",1,64,431,211,220
050,37,009,"North Carolina","Ashe County",1,65,446,215,231
050,37,009,"North Carolina","Ashe County",1,66,462,221,241
050,37,009,"North Carolina","Ashe County",1,67,464,218,246
050,37,009,"North Carolina","Ashe County",1,68,428,212,216
050,37,009,"North Carolina","Ashe County",1,69,385,191,194
050,37,009,"North Carolina","Ashe County",1,70,398,192,206
050,37,009,"North Carolina","Ashe County",1,71,443,201,242
050,37,009,"North Carolina","Ashe County",1,72,441,222,219
050,37,009,"North Carolina","Ashe County",1,73,410,225,185
050,37,009,"North Carolina","Ashe County",1,74,278,145,133
050,37,009,"North Carolina","Ashe County",1,75,292,146,146
050,37,009,"North Carolina","Ashe County",1,76,267,130,137
050,37,009,"North Carolina","Ashe County",1,77,270,125,145
050,37,009,"North Carolina","Ashe County",1,78,248,109,139
050,37,009,"North Carolina","Ashe County",1,79,209,84,125
050,37,009,"North Carolina","Ashe County",1,80,198,92,106
050,37,009,"North Carolina","Ashe County",1,81,215,90,125
050,37,009,"North Carolina","Ashe County",1,82,175,78,97
050,37,009,"North Carolina","Ashe County",1,83,133,55,78
050,37,009,"North Carolina","Ashe County",1,84,131,52,79
050,37,009,"North Carolina","Ashe County",1,85,730,241,489
050,37,009,"North Carolina","Ashe County",2,0,204,107,97
050,37,009,"North Carolina","Ashe County",2,1,197,96,101
050,37,009,"North Carolina","Ashe County",2,2,200,102,98
050,37,009,"North Carolina","Ashe County",2,3,213,108,105
050,37,009,"North Carolina","Ashe County",2,4,211,102,109
050,37,009,"North Carolina","Ashe County",2,5,225,111,114
050,37,009,"North Carolina","Ashe County",2,6,233,121,112
050,37,009,"North Carolina","Ashe County",2,7,260,131,129
050,37,009,"North Carolina","Ashe County",2,8,255,126,129
050,37,009,"North Carolina","Ashe County",2,9,251,134,117
050,37,009,"North Carolina","Ashe County",2,10,272,151,121
050,37,009,"North Carolina","Ashe County",2,11,298,165,133
050,37,009,"North Carolina","Ashe County",2,12,309,160,149
050,37,009,"North Carolina","Ashe County",2,13,294,141,153
050,37,009,"North Carolina","Ashe County",2,14,301,142,159
050,37,009,"North Carolina","Ashe County",2,15,301,152,149
050,37,009,"North Carolina","Ashe County",2,16,290,147,143
050,37,009,"North Carolina","Ashe County",2,17,300,160,140
050,37,009,"North Carolina","Ashe County",2,18,257,139,118
050,37,009,"North Carolina","Ashe County",2,19,208,106,102
050,37,009,"North Carolina","Ashe County",2,20,228,113,115
050,37,009,"North Carolina","Ashe County",2,21,239,114,125
050,37,009,"North Carolina","Ashe County",2,22,245,122,123
050,37,009,"North Carolina","Ashe County",2,23,264,135,129
050,37,009,"North Carolina","Ashe County",2,24,260,141,119
050,37,009,"North Carolina","Ashe County",2,25,237,127,110
050,37,009,"North Carolina","Ashe County",2,26,238,129,109
050,37,009,"North Carolina","Ashe County",2,27,261,147,114
050,37,009,"North Carolina","Ashe County",2,28,268,151,117
050,37,009,"North Carolina","Ashe County",2,29,291,152,139
050,37,009,"North Carolina","Ashe County",2,30,270,138,132
050,37,009,"North Carolina","Ashe County",2,31,247,117,130
050,37,009,"North Carolina","Ashe County",2,32,261,131,130
050,37,009,"North Carolina","Ashe County",2,33,259,146,113
050,37,009,"North Carolina","Ashe County",2,34,270,142,128
050,37,009,"North Carolina","Ashe County",2,35,267,132,135
050,37,009,"North Carolina","Ashe County",2,36,254,127,127
050,37,009,"North Carolina","Ashe County",2,37,276,138,138
050,37,009,"North Carolina","Ashe County",2,38,299,156,143
050,37,009,"North Carolina","Ashe County",2,39,298,157,141
050,37,009,"North Carolina","Ashe County",2,40,302,161,141
050,37,009,"North Carolina","Ashe County",2,41,298,149,149
050,37,009,"North Carolina","Ashe County",2,42,305,152,153
050,37,009,"North Carolina","Ashe County",2,43,323,162,161
050,37,009,"North Carolina","Ashe County",2,44,301,150,151
050,37,009,"North Carolina","Ashe County",2,45,300,155,145
050,37,009,"North Carolina","Ashe County",2,46,316,168,148
050,37,009,"North Carolina","Ashe County",2,47,329,165,164
050,37,009,"North Carolina","Ashe County",2,48,335,167,168
050,37,009,"North Carolina","Ashe County",2,49,357,188,169
050,37,009,"North Carolina","Ashe County",2,50,346,181,165
050,37,009,"North Carolina","Ashe County",2,51,338,177,161
050,37,009,"North Carolina","Ashe County",2,52,339,178,161
050,37,009,"North Carolina","Ashe County",2,53,349,176,173
050,37,009,"North Carolina","Ashe County",2,54,380,185,195
050,37,009,"North Carolina","Ashe County",2,55,403,197,206
050,37,009,"North Carolina","Ashe County",2,56,410,198,212
050,37,009,"North Carolina","Ashe County",2,57,417,205,212
050,37,009,"North Carolina","Ashe County",2,58,441,227,214
050,37,009,"North Carolina","Ashe County",2,59,441,223,218
050,37,009,"North Carolina","Ashe County",2,60,449,222,227
050,37,009,"North Carolina","Ashe County",2,61,439,212,227
050,37,009,"North Carolina","Ashe County",2,62,448,216,232
050,37,009,"North Carolina","Ashe County",2,63,432,210,222
050,37,009,"North Carolina","Ashe County",2,64,427,207,220
050,37,009,"North Carolina","Ashe County",2,65,447,217,230
050,37,009,"North Carolina","Ashe County",2,66,462,220,242
050,37,009,"North Carolina","Ashe County",2,67,463,218,245
050,37,009,"North Carolina","Ashe County",2,68,434,212,222
050,37,009,"North Carolina","Ashe County",2,69,396,195,201
050,37,009,"North Carolina","Ashe County",2,70,391,189,202
050,37,009,"North Carolina","Ashe County",2,71,429,198,231
050,37,009,"North Carolina","Ashe County",2,72,429,214,215
050,37,009,"North Carolina","Ashe County",2,73,437,236,201
050,37,009,"North Carolina","Ashe County",2,74,289,153,136
050,37,009,"North Carolina","Ashe County",2,75,282,143,139
050,37,009,"North Carolina","Ashe County",2,76,269,131,138
050,37,009,"North Carolina","Ashe County",2,77,272,127,145
050,37,009,"North Carolina","Ashe County",2,78,243,106,137
050,37,009,"North Carolina","Ashe County",2,79,216,89,127
050,37,009,"North Carolina","Ashe County",2,80,199,89,110
050,37,009,"North Carolina","Ashe County",2,81,208,87,121
050,37,009,"North Carolina","Ashe County",2,82,181,78,103
050,37,009,"North Carolina","Ashe County",2,83,140,58,82
050,37,009,"North Carolina","Ashe County",2,84,129,52,77
050,37,009,"North Carolina","Ashe County",2,85,732,236,496
050,37,009,"North Carolina","Ashe County",3,0,212,108,104
050,37,009,"North Carolina","Ashe County",3,1,205,108,97
050,37,009,"North Carolina","Ashe County",3,2,204,99,105
050,37,009,"North Carolina","Ashe County",3,3,204,108,96
050,37,009,"North Carolina","Ashe County",3,4,206,108,98
050,37,009,"North Carolina","Ashe County",3,5,215,104,111
050,37,009,"North Carolina","Ashe County",3,6,221,110,111
050,37,009,"North Carolina","Ashe County",3,7,234,120,114
050,37,009,"North Carolina","Ashe County",3,8,273,135,138
050,37,009,"North Carolina","Ashe County",3,9,260,126,134
050,37,009,"North Carolina","Ashe County",3,10,260,140,120
050,37,009,"North Carolina","Ashe County",3,11,269,147,122
050,37,009,"North Carolina","Ashe County",3,12,301,162,139
050,37,009,"North Carolina","Ashe County",3,13,315,167,148
050,37,009,"North Carolina","Ashe County",3,14,292,146,146
050,37,009,"North Carolina","Ashe County",3,15,300,143,157
050,37,009,"North Carolina","Ashe County",3,16,298,152,146
050,37,009,"North Carolina","Ashe County",3,17,290,150,140
050,37,009,"North Carolina","Ashe County",3,18,270,149,121
050,37,009,"North Carolina","Ashe County",3,19,198,108,90
050,37,009,"North Carolina","Ashe County",3,20,230,112,118
050,37,009,"North Carolina","Ashe County",3,21,236,117,119
050,37,009,"North Carolina","Ashe County",3,22,267,129,138
050,37,009,"North Carolina","Ashe County",3,23,258,127,131
050,37,009,"North Carolina","Ashe County",3,24,283,146,137
050,37,009,"North Carolina","Ashe County",3,25,256,141,115
050,37,009,"North Carolina","Ashe County",3,26,229,126,103
050,37,009,"North Carolina","Ashe County",3,27,246,127,119
050,37,009,"North Carolina","Ashe County",3,28,251,142,109
050,37,009,"North Carolina","Ashe County",3,29,282,157,125
050,37,009,"North Carolina","Ashe County",3,30,286,153,133
050,37,009,"North Carolina","Ashe County",3,31,267,132,135
050,37,009,"North Carolina","Ashe County",3,32,264,130,134
050,37,009,"North Carolina","Ashe County",3,33,249,126,123
050,37,009,"North Carolina","Ashe County",3,34,268,146,122
050,37,009,"North Carolina","Ashe County",3,35,263,136,127
050,37,009,"North Carolina","Ashe County",3,36,284,145,139
050,37,009,"North Carolina","Ashe County",3,37,253,127,126
050,37,009,"North Carolina","Ashe County",3,38,281,143,138
050,37,009,"North Carolina","Ashe County",3,39,300,158,142
050,37,009,"North Carolina","Ashe County",3,40,285,143,142
050,37,009,"North Carolina","Ashe County",3,41,322,171,151
050,37,009,"North Carolina","Ashe County",3,42,311,153,158
050,37,009,"North Carolina","Ashe County",3,43,310,155,155
050,37,009,"North Carolina","Ashe County",3,44,330,170,160
050,37,009,"North Carolina","Ashe County",3,45,285,141,144
050,37,009,"North Carolina","Ashe County",3,46,302,154,148
050,37,009,"North Carolina","Ashe County",3,47,322,167,155
050,37,009,"North Carolina","Ashe County",3,48,331,170,161
050,37,009,"North Carolina","Ashe County",3,49,330,158,172
050,37,009,"North Carolina","Ashe County",3,50,366,189,177
050,37,009,"North Carolina","Ashe County",3,51,372,196,176
050,37,009,"North Carolina","Ashe County",3,52,353,186,167
050,37,009,"North Carolina","Ashe County",3,53,342,176,166
050,37,009,"North Carolina","Ashe County",3,54,367,182,185
050,37,009,"North Carolina","Ashe County",3,55,388,189,199
050,37,009,"North Carolina","Ashe County",3,56,394,195,199
050,37,009,"North Carolina","Ashe County",3,57,419,202,217
050,37,009,"North Carolina","Ashe County",3,58,431,215,216
050,37,009,"North Carolina","Ashe County",3,59,457,238,219
050,37,009,"North Carolina","Ashe County",3,60,471,241,230
050,37,009,"North Carolina","Ashe County",3,61,457,223,234
050,37,009,"North Carolina","Ashe County",3,62,456,219,237
050,37,009,"North Carolina","Ashe County",3,63,440,209,231
050,37,009,"North Carolina","Ashe County",3,64,440,216,224
050,37,009,"North Carolina","Ashe County",3,65,436,214,222
050,37,009,"North Carolina","Ashe County",3,66,440,216,224
050,37,009,"North Carolina","Ashe County",3,67,455,220,235
050,37,009,"North Carolina","Ashe County",3,68,459,218,241
050,37,009,"North Carolina","Ashe County",3,69,442,213,229
050,37,009,"North Carolina","Ashe County",3,70,398,196,202
050,37,009,"North Carolina","Ashe County",3,71,382,179,203
050,37,009,"North Carolina","Ashe County",3,72,421,194,227
050,37,009,"North Carolina","Ashe County",3,73,420,211,209
050,37,009,"North Carolina","Ashe County",3,74,427,230,197
050,37,009,"North Carolina","Ashe County",3,75,268,139,129
050,37,009,"North Carolina","Ashe County",3,76,281,142,139
050,37,009,"North Carolina","Ashe County",3,77,261,129,132
050,37,009,"North Carolina","Ashe County",3,78,263,122,141
050,37,009,"North Carolina","Ashe County",3,79,229,98,131
050,37,009,"North Carolina","Ashe County",3,80,200,85,115
050,37,009,"North Carolina","Ashe County",3,81,194,85,109
050,37,009,"North Carolina","Ashe County",3,82,188,79,109
050,37,009,"North Carolina","Ashe County",3,83,178,72,106
050,37,009,"North Carolina","Ashe County",3,84,127,52,75
050,37,009,"North Carolina","Ashe County",3,85,727,235,492
050,37,009,"North Carolina","Ashe County",4,0,206,97,109
050,37,009,"North Carolina","Ashe County",4,1,215,103,112
050,37,009,"North Carolina","Ashe County",4,2,216,113,103
050,37,009,"North Carolina","Ashe County",4,3,214,108,106
050,37,009,"North Carolina","Ashe County",4,4,203,104,99
050,37,009,"North Carolina","Ashe County",4,5,213,106,107
050,37,009,"North Carolina","Ashe County",4,6,215,107,108
050,37,009,"North Carolina","Ashe County",4,7,214,106,108
050,37,009,"North Carolina","Ashe County",4,8,235,124,111
050,37,009,"North Carolina","Ashe County",4,9,270,132,138
050,37,009,"North Carolina","Ashe County",4,10,273,129,144
050,37,009,"North Carolina","Ashe County",4,11,267,146,121
050,37,009,"North Carolina","Ashe County",4,12,285,159,126
050,37,009,"North Carolina","Ashe County",4,13,299,162,137
050,37,009,"North Carolina","Ashe County",4,14,326,170,156
050,37,009,"North Carolina","Ashe County",4,15,300,145,155
050,37,009,"North Carolina","Ashe County",4,16,294,141,153
050,37,009,"North Carolina","Ashe County",4,17,304,152,152
050,37,009,"North Carolina","Ashe County",4,18,259,134,125
050,37,009,"North Carolina","Ashe County",4,19,207,121,86
050,37,009,"North Carolina","Ashe County",4,20,219,117,102
050,37,009,"North Carolina","Ashe County",4,21,228,108,120
050,37,009,"North Carolina","Ashe County",4,22,255,130,125
050,37,009,"North Carolina","Ashe County",4,23,297,139,158
050,37,009,"North Carolina","Ashe County",4,24,283,144,139
050,37,009,"North Carolina","Ashe County",4,25,283,156,127
050,37,009,"North Carolina","Ashe County",4,26,255,144,111
050,37,009,"North Carolina","Ashe County",4,27,230,126,104
050,37,009,"North Carolina","Ashe County",4,28,250,130,120
050,37,009,"North Carolina","Ashe County",4,29,260,135,125
050,37,009,"North Carolina","Ashe County",4,30,283,160,123
050,37,009,"North Carolina","Ashe County",4,31,282,153,129
050,37,009,"North Carolina","Ashe County",4,32,277,135,142
050,37,009,"North Carolina","Ashe County",4,33,254,122,132
050,37,009,"North Carolina","Ashe County",4,34,247,123,124
050,37,009,"North Carolina","Ashe County",4,35,269,151,118
050,37,009,"North Carolina","Ashe County",4,36,276,145,131
050,37,009,"North Carolina","Ashe County",4,37,303,149,154
050,37,009,"North Carolina","Ashe County",4,38,261,131,130
050,37,009,"North Carolina","Ashe County",4,39,290,147,143
050,37,009,"North Carolina","Ashe County",4,40,305,158,147
050,37,009,"North Carolina","Ashe County",4,41,298,145,153
050,37,009,"North Carolina","Ashe County",4,42,335,182,153
050,37,009,"North Carolina","Ashe County",4,43,312,151,161
050,37,009,"North Carolina","Ashe County",4,44,316,152,164
050,37,009,"North Carolina","Ashe County",4,45,326,171,155
050,37,009,"North Carolina","Ashe County",4,46,288,146,142
050,37,009,"North Carolina","Ashe County",4,47,308,162,146
050,37,009,"North Carolina","Ashe County",4,48,332,174,158
050,37,009,"North Carolina","Ashe County",4,49,335,168,167
050,37,009,"North Carolina","Ashe County",4,50,315,146,169
050,37,009,"North Carolina","Ashe County",4,51,371,190,181
050,37,009,"North Carolina","Ashe County",4,52,386,202,184
050,37,009,"North Carolina","Ashe County",4,53,364,189,175
050,37,009,"North Carolina","Ashe County",4,54,358,188,170
050,37,009,"North Carolina","Ashe County",4,55,379,183,196
050,37,009,"North Carolina","Ashe County",4,56,398,193,205
050,37,009,"North Carolina","Ashe County",4,57,403,204,199
050,37,009,"North Carolina","Ashe County",4,58,435,209,226
050,37,009,"North Carolina","Ashe County",4,59,440,219,221
050,37,009,"North Carolina","Ashe County",4,60,469,239,230
050,37,009,"North Carolina","Ashe County",4,61,494,252,242
050,37,009,"North Carolina","Ashe County",4,62,456,219,237
050,37,009,"North Carolina","Ashe County",4,63,462,218,244
050,37,009,"North Carolina","Ashe County",4,64,448,208,240
050,37,009,"North Carolina","Ashe County",4,65,462,230,232
050,37,009,"North Carolina","Ashe County",4,66,432,211,221
050,37,009,"North Carolina","Ashe County",4,67,445,223,222
050,37,009,"North Carolina","Ashe County",4,68,449,214,235
050,37,009,"North Carolina","Ashe County",4,69,461,219,242
050,37,009,"North Carolina","Ashe County",4,70,440,212,228
050,37,009,"North Carolina","Ashe County",4,71,402,198,204
050,37,009,"North Carolina","Ashe County",4,72,372,176,196
050,37,009,"North Carolina","Ashe County",4,73,416,194,222
050,37,009,"North Carolina","Ashe County",4,74,408,205,203
050,37,009,"North Carolina","Ashe County",4,75,411,215,196
050,37,009,"North Carolina","Ashe County",4,76,266,138,128
050,37,009,"North Carolina","Ashe County",4,77,267,137,130
050,37,009,"North Carolina","Ashe County",4,78,245,120,125
050,37,009,"North Carolina","Ashe County",4,79,254,116,138
050,37,009,"North Carolina","Ashe County",4,80,211,91,120
050,37,009,"North Carolina","Ashe County",4,81,192,80,112
050,37,009,"North Carolina","Ashe County",4,82,174,73,101
050,37,009,"North Carolina","Ashe County",4,83,187,77,110
050,37,009,"North Carolina","Ashe County",4,84,170,69,101
050,37,009,"North Carolina","Ashe County",4,85,748,251,497
050,37,009,"North Carolina","Ashe County",5,0,204,96,108
050,37,009,"North Carolina","Ashe County",5,1,197,90,107
050,37,009,"North Carolina","Ashe County",5,2,217,109,108
050,37,009,"North Carolina","Ashe County",5,3,218,111,107
050,37,009,"North Carolina","Ashe County",5,4,212,106,106
050,37,009,"North Carolina","Ashe County",5,5,215,107,108
050,37,009,"North Carolina","Ashe County",5,6,208,103,105
050,37,009,"North Carolina","Ashe County",5,7,217,108,109
050,37,009,"North Carolina","Ashe County",5,8,216,112,104
050,37,009,"North Carolina","Ashe County",5,9,229,119,110
050,37,009,"North Carolina","Ashe County",5,10,267,134,133
050,37,009,"North Carolina","Ashe County",5,11,269,127,142
050,37,009,"North Carolina","Ashe County",5,12,272,153,119
050,37,009,"North Carolina","Ashe County",5,13,280,153,127
050,37,009,"North Carolina","Ashe County",5,14,302,168,134
050,37,009,"North Carolina","Ashe County",5,15,328,173,155
050,37,009,"North Carolina","Ashe County",5,16,294,144,150
050,37,009,"North Carolina","Ashe County",5,17,291,139,152
050,37,009,"North Carolina","Ashe County",5,18,263,137,126
050,37,009,"North Carolina","Ashe County",5,19,206,107,99
050,37,009,"North Carolina","Ashe County",5,20,229,130,99
050,37,009,"North Carolina","Ashe County",5,21,225,122,103
050,37,009,"North Carolina","Ashe County",5,22,256,117,139
050,37,009,"North Carolina","Ashe County",5,23,262,130,132
050,37,009,"North Carolina","Ashe County",5,24,293,137,156
050,37,009,"North Carolina","Ashe County",5,25,267,140,127
050,37,009,"North Carolina","Ashe County",5,26,284,153,131
050,37,009,"North Carolina","Ashe County",5,27,256,147,109
050,37,009,"North Carolina","Ashe County",5,28,243,126,117
050,37,009,"North Carolina","Ashe County",5,29,263,135,128
050,37,009,"North Carolina","Ashe County",5,30,252,135,117
050,37,009,"North Carolina","Ashe County",5,31,281,160,121
050,37,009,"North Carolina","Ashe County",5,32,303,168,135
050,37,009,"North Carolina","Ashe County",5,33,278,143,135
050,37,009,"North Carolina","Ashe County",5,34,270,128,142
050,37,009,"North Carolina","Ashe County",5,35,242,123,119
050,37,009,"North Carolina","Ashe County",5,36,265,148,117
050,37,009,"North Carolina","Ashe County",5,37,284,148,136
050,37,009,"North Carolina","Ashe County",5,38,312,159,153
050,37,009,"North Carolina","Ashe County",5,39,259,129,130
050,37,009,"North Carolina","Ashe County",5,40,282,143,139
050,37,009,"North Carolina","Ashe County",5,41,315,163,152
050,37,009,"North Carolina","Ashe County",5,42,303,146,157
050,37,009,"North Carolina","Ashe County",5,43,344,183,161
050,37,009,"North Carolina","Ashe County",5,44,320,157,163
050,37,009,"North Carolina","Ashe County",5,45,302,145,157
050,37,009,"North Carolina","Ashe County",5,46,334,176,158
050,37,009,"North Carolina","Ashe County",5,47,285,145,140
050,37,009,"North Carolina","Ashe County",5,48,307,159,148
050,37,009,"North Carolina","Ashe County",5,49,335,180,155
050,37,009,"North Carolina","Ashe County",5,50,326,162,164
050,37,009,"North Carolina","Ashe County",5,51,318,150,168
050,37,009,"North Carolina","Ashe County",5,52,375,190,185
050,37,009,"North Carolina","Ashe County",5,53,376,193,183
050,37,009,"North Carolina","Ashe County",5,54,372,193,179
050,37,009,"North Carolina","Ashe County",5,55,358,193,165
050,37,009,"North Carolina","Ashe County",5,56,381,182,199
050,37,009,"North Carolina","Ashe County",5,57,393,197,196
050,37,009,"North Carolina","Ashe County",5,58,426,215,211
050,37,009,"North Carolina","Ashe County",5,59,454,220,234
050,37,009,"North Carolina","Ashe County",5,60,442,215,227
050,37,009,"North Carolina","Ashe County",5,61,477,237,240
050,37,009,"North Carolina","Ashe County",5,62,502,262,240
050,37,009,"North Carolina","Ashe County",5,63,464,222,242
050,37,009,"North Carolina","Ashe County",5,64,462,212,250
050,37,009,"North Carolina","Ashe County",5,65,446,205,241
050,37,009,"North Carolina","Ashe County",5,66,461,228,233
050,37,009,"North Carolina","Ashe County",5,67,438,217,221
050,37,009,"North Carolina","Ashe County",5,68,439,223,216
050,37,009,"North Carolina","Ashe County",5,69,454,216,238
050,37,009,"North Carolina","Ashe County",5,70,462,217,245
050,37,009,"North Carolina","Ashe County",5,71,438,211,227
050,37,009,"North Carolina","Ashe County",5,72,400,201,199
050,37,009,"North Carolina","Ashe County",5,73,353,164,189
050,37,009,"North Carolina","Ashe County",5,74,394,184,210
050,37,009,"North Carolina","Ashe County",5,75,391,194,197
050,37,009,"North Carolina","Ashe County",5,76,400,208,192
050,37,009,"North Carolina","Ashe County",5,77,255,133,122
050,37,009,"North Carolina","Ashe County",5,78,262,137,125
050,37,009,"North Carolina","Ashe County",5,79,232,112,120
050,37,009,"North Carolina","Ashe County",5,80,236,112,124
050,37,009,"North Carolina","Ashe County",5,81,206,87,119
050,37,009,"North Carolina","Ashe County",5,82,171,73,98
050,37,009,"North Carolina","Ashe County",5,83,165,66,99
050,37,009,"North Carolina","Ashe County",5,84,174,73,101
050,37,009,"North Carolina","Ashe County",5,85,804,289,515
050,37,011,"North Carolina","Avery County",1,0,147,75,72
050,37,011,"North Carolina","Avery County",1,1,150,74,76
050,37,011,"North Carolina","Avery County",1,2,138,66,72
050,37,011,"North Carolina","Avery County",1,3,132,71,61
050,37,011,"North Carolina","Avery County",1,4,148,72,76
050,37,011,"North Carolina","Avery County",1,5,122,65,57
050,37,011,"North Carolina","Avery County",1,6,124,65,59
050,37,011,"North Carolina","Avery County",1,7,130,56,74
050,37,011,"North Carolina","Avery County",1,8,140,68,72
050,37,011,"North Carolina","Avery County",1,9,154,81,73
050,37,011,"North Carolina","Avery County",1,10,139,71,68
050,37,011,"North Carolina","Avery County",1,11,150,78,72
050,37,011,"North Carolina","Avery County",1,12,162,80,82
050,37,011,"North Carolina","Avery County",1,13,165,83,82
050,37,011,"North Carolina","Avery County",1,14,150,81,69
050,37,011,"North Carolina","Avery County",1,15,133,68,65
050,37,011,"North Carolina","Avery County",1,16,157,81,76
050,37,011,"North Carolina","Avery County",1,17,164,76,88
050,37,011,"North Carolina","Avery County",1,18,190,90,100
050,37,011,"North Carolina","Avery County",1,19,289,141,148
050,37,011,"North Carolina","Avery County",1,20,235,93,142
050,37,011,"North Carolina","Avery County",1,21,267,138,129
050,37,011,"North Carolina","Avery County",1,22,219,136,83
050,37,011,"North Carolina","Avery County",1,23,223,141,82
050,37,011,"North Carolina","Avery County",1,24,222,123,99
050,37,011,"North Carolina","Avery County",1,25,235,138,97
050,37,011,"North Carolina","Avery County",1,26,210,125,85
050,37,011,"North Carolina","Avery County",1,27,235,150,85
050,37,011,"North Carolina","Avery County",1,28,223,132,91
050,37,011,"North Carolina","Avery County",1,29,226,149,77
050,37,011,"North Carolina","Avery County",1,30,232,157,75
050,37,011,"North Carolina","Avery County",1,31,221,135,86
050,37,011,"North Carolina","Avery County",1,32,238,152,86
050,37,011,"North Carolina","Avery County",1,33,227,148,79
050,37,011,"North Carolina","Avery County",1,34,217,140,77
050,37,011,"North Carolina","Avery County",1,35,194,121,73
050,37,011,"North Carolina","Avery County",1,36,233,148,85
050,37,011,"North Carolina","Avery County",1,37,224,136,88
050,37,011,"North Carolina","Avery County",1,38,235,156,79
050,37,011,"North Carolina","Avery County",1,39,227,153,74
050,37,011,"North Carolina","Avery County",1,40,229,148,81
050,37,011,"North Carolina","Avery County",1,41,223,126,97
050,37,011,"North Carolina","Avery County",1,42,237,140,97
050,37,011,"North Carolina","Avery County",1,43,212,134,78
050,37,011,"North Carolina","Avery County",1,44,225,141,84
050,37,011,"North Carolina","Avery County",1,45,233,138,95
050,37,011,"North Carolina","Avery County",1,46,242,150,92
050,37,011,"North Carolina","Avery County",1,47,275,181,94
050,37,011,"North Carolina","Avery County",1,48,252,159,93
050,37,011,"North Carolina","Avery County",1,49,267,174,93
050,37,011,"North Carolina","Avery County",1,50,246,147,99
050,37,011,"North Carolina","Avery County",1,51,272,158,114
050,37,011,"North Carolina","Avery County",1,52,233,133,100
050,37,011,"North Carolina","Avery County",1,53,247,141,106
050,37,011,"North Carolina","Avery County",1,54,249,140,109
050,37,011,"North Carolina","Avery County",1,55,256,156,100
050,37,011,"North Carolina","Avery County",1,56,252,149,103
050,37,011,"North Carolina","Avery County",1,57,242,133,109
050,37,011,"North Carolina","Avery County",1,58,259,130,129
050,37,011,"North Carolina","Avery County",1,59,286,146,140
050,37,011,"North Carolina","Avery County",1,60,264,143,121
050,37,011,"North Carolina","Avery County",1,61,259,128,131
050,37,011,"North Carolina","Avery County",1,62,276,140,136
050,37,011,"North Carolina","Avery County",1,63,252,119,133
050,37,011,"North Carolina","Avery County",1,64,228,101,127
050,37,011,"North Carolina","Avery County",1,65,246,115,131
050,37,011,"North Carolina","Avery County",1,66,262,135,127
050,37,011,"North Carolina","Avery County",1,67,264,141,123
050,37,011,"North Carolina","Avery County",1,68,245,126,119
050,37,011,"North Carolina","Avery County",1,69,234,111,123
050,37,011,"North Carolina","Avery County",1,70,226,112,114
050,37,011,"North Carolina","Avery County",1,71,252,125,127
050,37,011,"North Carolina","Avery County",1,72,232,113,119
050,37,011,"North Carolina","Avery County",1,73,250,122,128
050,37,011,"North Carolina","Avery County",1,74,166,78,88
050,37,011,"North Carolina","Avery County",1,75,150,72,78
050,37,011,"North Carolina","Avery County",1,76,155,77,78
050,37,011,"North Carolina","Avery County",1,77,166,77,89
050,37,011,"North Carolina","Avery County",1,78,135,69,66
050,37,011,"North Carolina","Avery County",1,79,131,65,66
050,37,011,"North Carolina","Avery County",1,80,115,57,58
050,37,011,"North Carolina","Avery County",1,81,101,44,57
050,37,011,"North Carolina","Avery County",1,82,95,43,52
050,37,011,"North Carolina","Avery County",1,83,70,36,34
050,37,011,"North Carolina","Avery County",1,84,73,30,43
050,37,011,"North Carolina","Avery County",1,85,399,150,249
050,37,011,"North Carolina","Avery County",2,0,148,70,78
050,37,011,"North Carolina","Avery County",2,1,150,74,76
050,37,011,"North Carolina","Avery County",2,2,141,68,73
050,37,011,"North Carolina","Avery County",2,3,134,70,64
050,37,011,"North Carolina","Avery County",2,4,145,72,73
050,37,011,"North Carolina","Avery County",2,5,129,68,61
050,37,011,"North Carolina","Avery County",2,6,127,67,60
050,37,011,"North Carolina","Avery County",2,7,128,57,71
050,37,011,"North Carolina","Avery County",2,8,137,65,72
050,37,011,"North Carolina","Avery County",2,9,152,78,74
050,37,011,"North Carolina","Avery County",2,10,142,73,69
050,37,011,"North Carolina","Avery County",2,11,150,77,73
050,37,011,"North Carolina","Avery County",2,12,163,82,81
050,37,011,"North Carolina","Avery County",2,13,165,84,81
050,37,011,"North Carolina","Avery County",2,14,155,82,73
050,37,011,"North Carolina","Avery County",2,15,139,71,68
050,37,011,"North Carolina","Avery County",2,16,153,78,75
050,37,011,"North Carolina","Avery County",2,17,163,77,86
050,37,011,"North Carolina","Avery County",2,18,190,91,99
050,37,011,"North Carolina","Avery County",2,19,288,139,149
050,37,011,"North Carolina","Avery County",2,20,237,94,143
050,37,011,"North Carolina","Avery County",2,21,267,138,129
050,37,011,"North Carolina","Avery County",2,22,221,134,87
050,37,011,"North Carolina","Avery County",2,23,221,140,81
050,37,011,"North Carolina","Avery County",2,24,220,126,94
050,37,011,"North Carolina","Avery County",2,25,232,136,96
050,37,011,"North Carolina","Avery County",2,26,213,124,89
050,37,011,"North Carolina","Avery County",2,27,232,147,85
050,37,011,"North Carolina","Avery County",2,28,223,136,87
050,37,011,"North Carolina","Avery County",2,29,227,148,79
050,37,011,"North Carolina","Avery County",2,30,233,157,76
050,37,011,"North Carolina","Avery County",2,31,220,136,84
050,37,011,"North Carolina","Avery County",2,32,240,152,88
050,37,011,"North Carolina","Avery County",2,33,224,144,80
050,37,011,"North Carolina","Avery County",2,34,218,140,78
050,37,011,"North Carolina","Avery County",2,35,203,129,74
050,37,011,"North Carolina","Avery County",2,36,229,146,83
050,37,011,"North Carolina","Avery County",2,37,223,136,87
050,37,011,"North Carolina","Avery County",2,38,235,153,82
050,37,011,"North Carolina","Avery County",2,39,226,152,74
050,37,011,"North Carolina","Avery County",2,40,228,149,79
050,37,011,"North Carolina","Avery County",2,41,220,127,93
050,37,011,"North Carolina","Avery County",2,42,230,134,96
050,37,011,"North Carolina","Avery County",2,43,220,137,83
050,37,011,"North Carolina","Avery County",2,44,217,135,82
050,37,011,"North Carolina","Avery County",2,45,232,139,93
050,37,011,"North Carolina","Avery County",2,46,242,149,93
050,37,011,"North Carolina","Avery County",2,47,270,177,93
050,37,011,"North Carolina","Avery County",2,48,256,162,94
050,37,011,"North Carolina","Avery County",2,49,263,168,95
050,37,011,"North Carolina","Avery County",2,50,250,152,98
050,37,011,"North Carolina","Avery County",2,51,264,154,110
050,37,011,"North Carolina","Avery County",2,52,242,137,105
050,37,011,"North Carolina","Avery County",2,53,247,142,105
050,37,011,"North Carolina","Avery County",2,54,248,139,109
050,37,011,"North Carolina","Avery County",2,55,256,154,102
050,37,011,"North Carolina","Avery County",2,56,253,149,104
050,37,011,"North Carolina","Avery County",2,57,244,135,109
050,37,011,"North Carolina","Avery County",2,58,260,133,127
050,37,011,"North Carolina","Avery County",2,59,281,143,138
050,37,011,"North Carolina","Avery County",2,60,271,146,125
050,37,011,"North Carolina","Avery County",2,61,259,130,129
050,37,011,"North Carolina","Avery County",2,62,275,139,136
050,37,011,"North Carolina","Avery County",2,63,261,126,135
050,37,011,"North Carolina","Avery County",2,64,233,104,129
050,37,011,"North Carolina","Avery County",2,65,242,114,128
050,37,011,"North Carolina","Avery County",2,66,258,131,127
050,37,011,"North Carolina","Avery County",2,67,266,143,123
050,37,011,"North Carolina","Avery County",2,68,244,127,117
050,37,011,"North Carolina","Avery County",2,69,238,114,124
050,37,011,"North Carolina","Avery County",2,70,227,112,115
050,37,011,"North Carolina","Avery County",2,71,244,120,124
050,37,011,"North Carolina","Avery County",2,72,234,114,120
050,37,011,"North Carolina","Avery County",2,73,259,127,132
050,37,011,"North Carolina","Avery County",2,74,174,83,91
050,37,011,"North Carolina","Avery County",2,75,152,71,81
050,37,011,"North Carolina","Avery County",2,76,152,74,78
050,37,011,"North Carolina","Avery County",2,77,170,81,89
050,37,011,"North Carolina","Avery County",2,78,139,69,70
050,37,011,"North Carolina","Avery County",2,79,131,66,65
050,37,011,"North Carolina","Avery County",2,80,114,57,57
050,37,011,"North Carolina","Avery County",2,81,104,47,57
050,37,011,"North Carolina","Avery County",2,82,98,44,54
050,37,011,"North Carolina","Avery County",2,83,75,37,38
050,37,011,"North Carolina","Avery County",2,84,72,31,41
050,37,011,"North Carolina","Avery County",2,85,389,147,242
050,37,011,"North Carolina","Avery County",3,0,132,80,52
050,37,011,"North Carolina","Avery County",3,1,134,62,72
050,37,011,"North Carolina","Avery County",3,2,141,70,71
050,37,011,"North Carolina","Avery County",3,3,144,68,76
050,37,011,"North Carolina","Avery County",3,4,138,70,68
050,37,011,"North Carolina","Avery County",3,5,142,73,69
050,37,011,"North Carolina","Avery County",3,6,121,63,58
050,37,011,"North Carolina","Avery County",3,7,129,68,61
050,37,011,"North Carolina","Avery County",3,8,130,58,72
050,37,011,"North Carolina","Avery County",3,9,133,68,65
050,37,011,"North Carolina","Avery County",3,10,158,82,76
050,37,011,"North Carolina","Avery County",3,11,140,70,70
050,37,011,"North Carolina","Avery County",3,12,147,73,74
050,37,011,"North Carolina","Avery County",3,13,161,84,77
050,37,011,"North Carolina","Avery County",3,14,166,84,82
050,37,011,"North Carolina","Avery County",3,15,161,84,77
050,37,011,"North Carolina","Avery County",3,16,141,72,69
050,37,011,"North Carolina","Avery County",3,17,160,83,77
050,37,011,"North Carolina","Avery County",3,18,198,98,100
050,37,011,"North Carolina","Avery County",3,19,293,141,152
050,37,011,"North Carolina","Avery County",3,20,240,98,142
050,37,011,"North Carolina","Avery County",3,21,255,133,122
050,37,011,"North Carolina","Avery County",3,22,203,109,94
050,37,011,"North Carolina","Avery County",3,23,190,124,66
050,37,011,"North Carolina","Avery County",3,24,214,131,83
050,37,011,"North Carolina","Avery County",3,25,216,121,95
050,37,011,"North Carolina","Avery County",3,26,203,114,89
050,37,011,"North Carolina","Avery County",3,27,220,134,86
050,37,011,"North Carolina","Avery County",3,28,209,133,76
050,37,011,"North Carolina","Avery County",3,29,213,128,85
050,37,011,"North Carolina","Avery County",3,30,208,130,78
050,37,011,"North Carolina","Avery County",3,31,220,142,78
050,37,011,"North Carolina","Avery County",3,32,227,146,81
050,37,011,"North Carolina","Avery County",3,33,200,122,78
050,37,011,"North Carolina","Avery County",3,34,218,139,79
050,37,011,"North Carolina","Avery County",3,35,220,137,83
050,37,011,"North Carolina","Avery County",3,36,206,137,69
050,37,011,"North Carolina","Avery County",3,37,212,133,79
050,37,011,"North Carolina","Avery County",3,38,224,136,88
050,37,011,"North Carolina","Avery County",3,39,217,133,84
050,37,011,"North Carolina","Avery County",3,40,218,146,72
050,37,011,"North Carolina","Avery County",3,41,205,122,83
050,37,011,"North Carolina","Avery County",3,42,207,110,97
050,37,011,"North Carolina","Avery County",3,43,226,130,96
050,37,011,"North Carolina","Avery County",3,44,220,130,90
050,37,011,"North Carolina","Avery County",3,45,212,126,86
050,37,011,"North Carolina","Avery County",3,46,237,139,98
050,37,011,"North Carolina","Avery County",3,47,242,149,93
050,37,011,"North Carolina","Avery County",3,48,238,148,90
050,37,011,"North Carolina","Avery County",3,49,235,143,92
050,37,011,"North Carolina","Avery County",3,50,259,160,99
050,37,011,"North Carolina","Avery County",3,51,253,152,101
050,37,011,"North Carolina","Avery County",3,52,247,134,113
050,37,011,"North Carolina","Avery County",3,53,252,142,110
050,37,011,"North Carolina","Avery County",3,54,236,131,105
050,37,011,"North Carolina","Avery County",3,55,238,131,107
050,37,011,"North Carolina","Avery County",3,56,253,145,108
050,37,011,"North Carolina","Avery County",3,57,250,139,111
050,37,011,"North Carolina","Avery County",3,58,256,141,115
050,37,011,"North Carolina","Avery County",3,59,267,129,138
050,37,011,"North Carolina","Avery County",3,60,278,143,135
050,37,011,"North Carolina","Avery County",3,61,268,136,132
050,37,011,"North Carolina","Avery County",3,62,272,134,138
050,37,011,"North Carolina","Avery County",3,63,277,139,138
050,37,011,"North Carolina","Avery County",3,64,260,116,144
050,37,011,"North Carolina","Avery County",3,65,228,106,122
050,37,011,"North Carolina","Avery County",3,66,240,111,129
050,37,011,"North Carolina","Avery County",3,67,259,136,123
050,37,011,"North Carolina","Avery County",3,68,260,139,121
050,37,011,"North Carolina","Avery County",3,69,251,125,126
050,37,011,"North Carolina","Avery County",3,70,230,112,118
050,37,011,"North Carolina","Avery County",3,71,230,110,120
050,37,011,"North Carolina","Avery County",3,72,237,118,119
050,37,011,"North Carolina","Avery County",3,73,234,111,123
050,37,011,"North Carolina","Avery County",3,74,259,123,136
050,37,011,"North Carolina","Avery County",3,75,169,85,84
050,37,011,"North Carolina","Avery County",3,76,151,70,81
050,37,011,"North Carolina","Avery County",3,77,151,73,78
050,37,011,"North Carolina","Avery County",3,78,166,82,84
050,37,011,"North Carolina","Avery County",3,79,121,64,57
050,37,011,"North Carolina","Avery County",3,80,118,58,60
050,37,011,"North Carolina","Avery County",3,81,104,53,51
050,37,011,"North Carolina","Avery County",3,82,98,42,56
050,37,011,"North Carolina","Avery County",3,83,82,35,47
050,37,011,"North Carolina","Avery County",3,84,62,28,34
050,37,011,"North Carolina","Avery County",3,85,382,149,233
050,37,011,"North Carolina","Avery County",4,0,134,66,68
050,37,011,"North Carolina","Avery County",4,1,128,72,56
050,37,011,"North Carolina","Avery County",4,2,129,60,69
050,37,011,"North Carolina","Avery County",4,3,139,71,68
050,37,011,"North Carolina","Avery County",4,4,141,73,68
050,37,011,"North Carolina","Avery County",4,5,141,71,70
050,37,011,"North Carolina","Avery County",4,6,146,74,72
050,37,011,"North Carolina","Avery County",4,7,122,63,59
050,37,011,"North Carolina","Avery County",4,8,130,69,61
050,37,011,"North Carolina","Avery County",4,9,126,59,67
050,37,011,"North Carolina","Avery County",4,10,134,68,66
050,37,011,"North Carolina","Avery County",4,11,158,81,77
050,37,011,"North Carolina","Avery County",4,12,140,68,72
050,37,011,"North Carolina","Avery County",4,13,151,74,77
050,37,011,"North Carolina","Avery County",4,14,167,88,79
050,37,011,"North Carolina","Avery County",4,15,165,86,79
050,37,011,"North Carolina","Avery County",4,16,163,85,78
050,37,011,"North Carolina","Avery County",4,17,151,80,71
050,37,011,"North Carolina","Avery County",4,18,202,98,104
050,37,011,"North Carolina","Avery County",4,19,320,152,168
050,37,011,"North Carolina","Avery County",4,20,239,98,141
050,37,011,"North Carolina","Avery County",4,21,270,140,130
050,37,011,"North Carolina","Avery County",4,22,203,116,87
050,37,011,"North Carolina","Avery County",4,23,186,108,78
050,37,011,"North Carolina","Avery County",4,24,184,115,69
050,37,011,"North Carolina","Avery County",4,25,211,126,85
050,37,011,"North Carolina","Avery County",4,26,209,108,101
050,37,011,"North Carolina","Avery County",4,27,218,126,92
050,37,011,"North Carolina","Avery County",4,28,204,125,79
050,37,011,"North Carolina","Avery County",4,29,206,130,76
050,37,011,"North Carolina","Avery County",4,30,206,129,77
050,37,011,"North Carolina","Avery County",4,31,206,129,77
050,37,011,"North Carolina","Avery County",4,32,237,156,81
050,37,011,"North Carolina","Avery County",4,33,208,128,80
050,37,011,"North Carolina","Avery County",4,34,201,122,79
050,37,011,"North Carolina","Avery County",4,35,215,133,82
050,37,011,"North Carolina","Avery County",4,36,222,145,77
050,37,011,"North Carolina","Avery County",4,37,202,125,77
050,37,011,"North Carolina","Avery County",4,38,230,147,83
050,37,011,"North Carolina","Avery County",4,39,208,120,88
050,37,011,"North Carolina","Avery County",4,40,222,134,88
050,37,011,"North Carolina","Avery County",4,41,212,133,79
050,37,011,"North Carolina","Avery County",4,42,200,119,81
050,37,011,"North Carolina","Avery County",4,43,204,113,91
050,37,011,"North Carolina","Avery County",4,44,223,125,98
050,37,011,"North Carolina","Avery County",4,45,213,124,89
050,37,011,"North Carolina","Avery County",4,46,213,129,84
050,37,011,"North Carolina","Avery County",4,47,241,141,100
050,37,011,"North Carolina","Avery County",4,48,234,140,94
050,37,011,"North Carolina","Avery County",4,49,232,144,88
050,37,011,"North Carolina","Avery County",4,50,235,145,90
050,37,011,"North Carolina","Avery County",4,51,258,157,101
050,37,011,"North Carolina","Avery County",4,52,236,134,102
050,37,011,"North Carolina","Avery County",4,53,252,140,112
050,37,011,"North Carolina","Avery County",4,54,234,129,105
050,37,011,"North Carolina","Avery County",4,55,239,130,109
050,37,011,"North Carolina","Avery County",4,56,234,122,112
050,37,011,"North Carolina","Avery County",4,57,255,144,111
050,37,011,"North Carolina","Avery County",4,58,272,152,120
050,37,011,"North Carolina","Avery County",4,59,253,140,113
050,37,011,"North Carolina","Avery County",4,60,275,136,139
050,37,011,"North Carolina","Avery County",4,61,274,138,136
050,37,011,"North Carolina","Avery County",4,62,271,136,135
050,37,011,"North Carolina","Avery County",4,63,271,136,135
050,37,011,"North Carolina","Avery County",4,64,284,141,143
050,37,011,"North Carolina","Avery County",4,65,267,114,153
050,37,011,"North Carolina","Avery County",4,66,244,112,132
050,37,011,"North Carolina","Avery County",4,67,247,115,132
050,37,011,"North Carolina","Avery County",4,68,253,131,122
050,37,011,"North Carolina","Avery County",4,69,258,138,120
050,37,011,"North Carolina","Avery County",4,70,248,124,124
050,37,011,"North Carolina","Avery County",4,71,228,112,116
050,37,011,"North Carolina","Avery County",4,72,231,110,121
050,37,011,"North Carolina","Avery County",4,73,234,116,118
050,37,011,"North Carolina","Avery County",4,74,226,109,117
050,37,011,"North Carolina","Avery County",4,75,254,118,136
050,37,011,"North Carolina","Avery County",4,76,170,88,82
050,37,011,"North Carolina","Avery County",4,77,152,72,80
050,37,011,"North Carolina","Avery County",4,78,139,66,73
050,37,011,"North Carolina","Avery County",4,79,151,74,77
050,37,011,"North Carolina","Avery County",4,80,110,54,56
050,37,011,"North Carolina","Avery County",4,81,112,60,52
050,37,011,"North Carolina","Avery County",4,82,96,51,45
050,37,011,"North Carolina","Avery County",4,83,82,32,50
050,37,011,"North Carolina","Avery County",4,84,78,31,47
050,37,011,"North Carolina","Avery County",4,85,372,158,214
050,37,011,"North Carolina","Avery County",5,0,130,64,66
050,37,011,"North Carolina","Avery County",5,1,139,63,76
050,37,011,"North Carolina","Avery County",5,2,119,69,50
050,37,011,"North Carolina","Avery County",5,3,131,58,73
050,37,011,"North Carolina","Avery County",5,4,138,71,67
050,37,011,"North Carolina","Avery County",5,5,143,72,71
050,37,011,"North Carolina","Avery County",5,6,143,71,72
050,37,011,"North Carolina","Avery County",5,7,144,75,69
050,37,011,"North Carolina","Avery County",5,8,119,63,56
050,37,011,"North Carolina","Avery County",5,9,127,67,60
050,37,011,"North Carolina","Avery County",5,10,116,58,58
050,37,011,"North Carolina","Avery County",5,11,133,63,70
050,37,011,"North Carolina","Avery County",5,12,165,82,83
050,37,011,"North Carolina","Avery County",5,13,143,69,74
050,37,011,"North Carolina","Avery County",5,14,150,75,75
050,37,011,"North Carolina","Avery County",5,15,167,88,79
050,37,011,"North Carolina","Avery County",5,16,172,89,83
050,37,011,"North Carolina","Avery County",5,17,171,87,84
050,37,011,"North Carolina","Avery County",5,18,186,97,89
050,37,011,"North Carolina","Avery County",5,19,320,154,166
050,37,011,"North Carolina","Avery County",5,20,260,103,157
050,37,011,"North Carolina","Avery County",5,21,261,133,128
050,37,011,"North Carolina","Avery County",5,22,222,124,98
050,37,011,"North Carolina","Avery County",5,23,180,109,71
050,37,011,"North Carolina","Avery County",5,24,181,107,74
050,37,011,"North Carolina","Avery County",5,25,184,115,69
050,37,011,"North Carolina","Avery County",5,26,203,129,74
050,37,011,"North Carolina","Avery County",5,27,212,116,96
050,37,011,"North Carolina","Avery County",5,28,217,119,98
050,37,011,"North Carolina","Avery County",5,29,210,133,77
050,37,011,"North Carolina","Avery County",5,30,218,135,83
050,37,011,"North Carolina","Avery County",5,31,200,125,75
050,37,011,"North Carolina","Avery County",5,32,217,137,80
050,37,011,"North Carolina","Avery County",5,33,228,145,83
050,37,011,"North Carolina","Avery County",5,34,204,129,75
050,37,011,"North Carolina","Avery County",5,35,210,125,85
050,37,011,"North Carolina","Avery County",5,36,232,148,84
050,37,011,"North Carolina","Avery County",5,37,224,145,79
050,37,011,"North Carolina","Avery County",5,38,216,135,81
050,37,011,"North Carolina","Avery County",5,39,231,145,86
050,37,011,"North Carolina","Avery County",5,40,211,123,88
050,37,011,"North Carolina","Avery County",5,41,207,120,87
050,37,011,"North Carolina","Avery County",5,42,202,126,76
050,37,011,"North Carolina","Avery County",5,43,195,114,81
050,37,011,"North Carolina","Avery County",5,44,200,107,93
050,37,011,"North Carolina","Avery County",5,45,229,124,105
050,37,011,"North Carolina","Avery County",5,46,219,128,91
050,37,011,"North Carolina","Avery County",5,47,213,132,81
050,37,011,"North Carolina","Avery County",5,48,237,139,98
050,37,011,"North Carolina","Avery County",5,49,238,147,91
050,37,011,"North Carolina","Avery County",5,50,222,138,84
050,37,011,"North Carolina","Avery County",5,51,244,153,91
050,37,011,"North Carolina","Avery County",5,52,247,148,99
050,37,011,"North Carolina","Avery County",5,53,247,140,107
050,37,011,"North Carolina","Avery County",5,54,247,139,108
050,37,011,"North Carolina","Avery County",5,55,238,137,101
050,37,011,"North Carolina","Avery County",5,56,234,122,112
050,37,011,"North Carolina","Avery County",5,57,234,121,113
050,37,011,"North Carolina","Avery County",5,58,272,149,123
050,37,011,"North Carolina","Avery County",5,59,272,148,124
050,37,011,"North Carolina","Avery County",5,60,245,137,108
050,37,011,"North Carolina","Avery County",5,61,265,130,135
050,37,011,"North Carolina","Avery County",5,62,287,145,142
050,37,011,"North Carolina","Avery County",5,63,278,140,138
050,37,011,"North Carolina","Avery County",5,64,264,132,132
050,37,011,"North Carolina","Avery County",5,65,296,147,149
050,37,011,"North Carolina","Avery County",5,66,276,114,162
050,37,011,"North Carolina","Avery County",5,67,242,114,128
050,37,011,"North Carolina","Avery County",5,68,235,104,131
050,37,011,"North Carolina","Avery County",5,69,259,135,124
050,37,011,"North Carolina","Avery County",5,70,256,135,121
050,37,011,"North Carolina","Avery County",5,71,241,119,122
050,37,011,"North Carolina","Avery County",5,72,219,109,110
050,37,011,"North Carolina","Avery County",5,73,232,106,126
050,37,011,"North Carolina","Avery County",5,74,216,109,107
050,37,011,"North Carolina","Avery County",5,75,221,107,114
050,37,011,"North Carolina","Avery County",5,76,249,118,131
050,37,011,"North Carolina","Avery County",5,77,169,84,85
050,37,011,"North Carolina","Avery County",5,78,145,69,76
050,37,011,"North Carolina","Avery County",5,79,128,57,71
050,37,011,"North Carolina","Avery County",5,80,137,64,73
050,37,011,"North Carolina","Avery County",5,81,102,51,51
050,37,011,"North Carolina","Avery County",5,82,106,57,49
050,37,011,"North Carolina","Avery County",5,83,83,43,40
050,37,011,"North Carolina","Avery County",5,84,73,26,47
050,37,011,"North Carolina","Avery County",5,85,363,161,202
050,37,013,"North Carolina","Beaufort County",1,0,393,198,195
050,37,013,"North Carolina","Beaufort County",1,1,423,204,219
050,37,013,"North Carolina","Beaufort County",1,2,433,206,227
050,37,013,"North Carolina","Beaufort County",1,3,432,210,222
050,37,013,"North Carolina","Beaufort County",1,4,436,213,223
050,37,013,"North Carolina","Beaufort County",1,5,429,207,222
050,37,013,"North Carolina","Beaufort County",1,6,461,228,233
050,37,013,"North Carolina","Beaufort County",1,7,467,238,229
050,37,013,"North Carolina","Beaufort County",1,8,506,261,245
050,37,013,"North Carolina","Beaufort County",1,9,495,256,239
050,37,013,"North Carolina","Beaufort County",1,10,513,269,244
050,37,013,"North Carolina","Beaufort County",1,11,516,269,247
050,37,013,"North Carolina","Beaufort County",1,12,535,268,267
050,37,013,"North Carolina","Beaufort County",1,13,563,286,277
050,37,013,"North Carolina","Beaufort County",1,14,541,290,251
050,37,013,"North Carolina","Beaufort County",1,15,557,284,273
050,37,013,"North Carolina","Beaufort County",1,16,560,273,287
050,37,013,"North Carolina","Beaufort County",1,17,570,298,272
050,37,013,"North Carolina","Beaufort County",1,18,510,264,246
050,37,013,"North Carolina","Beaufort County",1,19,424,223,201
050,37,013,"North Carolina","Beaufort County",1,20,438,224,214
050,37,013,"North Carolina","Beaufort County",1,21,436,217,219
050,37,013,"North Carolina","Beaufort County",1,22,442,216,226
050,37,013,"North Carolina","Beaufort County",1,23,414,206,208
050,37,013,"North Carolina","Beaufort County",1,24,433,219,214
050,37,013,"North Carolina","Beaufort County",1,25,444,214,230
050,37,013,"North Carolina","Beaufort County",1,26,453,211,242
050,37,013,"North Carolina","Beaufort County",1,27,477,227,250
050,37,013,"North Carolina","Beaufort County",1,28,478,239,239
050,37,013,"North Carolina","Beaufort County",1,29,473,220,253
050,37,013,"North Carolina","Beaufort County",1,30,456,199,257
050,37,013,"North Carolina","Beaufort County",1,31,431,180,251
050,37,013,"North Carolina","Beaufort County",1,32,407,188,219
050,37,013,"North Carolina","Beaufort County",1,33,402,193,209
050,37,013,"North Carolina","Beaufort County",1,34,433,215,218
050,37,013,"North Carolina","Beaufort County",1,35,432,217,215
050,37,013,"North Carolina","Beaufort County",1,36,435,216,219
050,37,013,"North Carolina","Beaufort County",1,37,423,182,241
050,37,013,"North Carolina","Beaufort County",1,38,451,208,243
050,37,013,"North Carolina","Beaufort County",1,39,491,235,256
050,37,013,"North Carolina","Beaufort County",1,40,479,222,257
050,37,013,"North Carolina","Beaufort County",1,41,500,239,261
050,37,013,"North Carolina","Beaufort County",1,42,521,252,269
050,37,013,"North Carolina","Beaufort County",1,43,518,239,279
050,37,013,"North Carolina","Beaufort County",1,44,526,242,284
050,37,013,"North Carolina","Beaufort County",1,45,556,286,270
050,37,013,"North Carolina","Beaufort County",1,46,478,231,247
050,37,013,"North Carolina","Beaufort County",1,47,536,264,272
050,37,013,"North Carolina","Beaufort County",1,48,579,272,307
050,37,013,"North Carolina","Beaufort County",1,49,611,281,330
050,37,013,"North Carolina","Beaufort County",1,50,559,266,293
050,37,013,"North Carolina","Beaufort County",1,51,571,297,274
050,37,013,"North Carolina","Beaufort County",1,52,541,265,276
050,37,013,"North Carolina","Beaufort County",1,53,571,283,288
050,37,013,"North Carolina","Beaufort County",1,54,587,291,296
050,37,013,"North Carolina","Beaufort County",1,55,611,300,311
050,37,013,"North Carolina","Beaufort County",1,56,662,314,348
050,37,013,"North Carolina","Beaufort County",1,57,653,320,333
050,37,013,"North Carolina","Beaufort County",1,58,674,316,358
050,37,013,"North Carolina","Beaufort County",1,59,681,330,351
050,37,013,"North Carolina","Beaufort County",1,60,737,352,385
050,37,013,"North Carolina","Beaufort County",1,61,745,351,394
050,37,013,"North Carolina","Beaufort County",1,62,725,328,397
050,37,013,"North Carolina","Beaufort County",1,63,735,337,398
050,37,013,"North Carolina","Beaufort County",1,64,741,364,377
050,37,013,"North Carolina","Beaufort County",1,65,734,345,389
050,37,013,"North Carolina","Beaufort County",1,66,729,348,381
050,37,013,"North Carolina","Beaufort County",1,67,729,355,374
050,37,013,"North Carolina","Beaufort County",1,68,709,334,375
050,37,013,"North Carolina","Beaufort County",1,69,648,311,337
050,37,013,"North Carolina","Beaufort County",1,70,646,307,339
050,37,013,"North Carolina","Beaufort County",1,71,652,317,335
050,37,013,"North Carolina","Beaufort County",1,72,665,303,362
050,37,013,"North Carolina","Beaufort County",1,73,670,305,365
050,37,013,"North Carolina","Beaufort County",1,74,482,236,246
050,37,013,"North Carolina","Beaufort County",1,75,464,214,250
050,37,013,"North Carolina","Beaufort County",1,76,450,205,245
050,37,013,"North Carolina","Beaufort County",1,77,470,214,256
050,37,013,"North Carolina","Beaufort County",1,78,369,161,208
050,37,013,"North Carolina","Beaufort County",1,79,318,150,168
050,37,013,"North Carolina","Beaufort County",1,80,289,144,145
050,37,013,"North Carolina","Beaufort County",1,81,278,123,155
050,37,013,"North Carolina","Beaufort County",1,82,243,111,132
050,37,013,"North Carolina","Beaufort County",1,83,205,90,115
050,37,013,"North Carolina","Beaufort County",1,84,174,76,98
050,37,013,"North Carolina","Beaufort County",1,85,1025,338,687
050,37,013,"North Carolina","Beaufort County",2,0,416,211,205
050,37,013,"North Carolina","Beaufort County",2,1,415,201,214
050,37,013,"North Carolina","Beaufort County",2,2,430,204,226
050,37,013,"North Carolina","Beaufort County",2,3,433,207,226
050,37,013,"North Carolina","Beaufort County",2,4,437,213,224
050,37,013,"North Carolina","Beaufort County",2,5,430,206,224
050,37,013,"North Carolina","Beaufort County",2,6,453,224,229
050,37,013,"North Carolina","Beaufort County",2,7,465,235,230
050,37,013,"North Carolina","Beaufort County",2,8,496,255,241
050,37,013,"North Carolina","Beaufort County",2,9,495,255,240
050,37,013,"North Carolina","Beaufort County",2,10,505,263,242
050,37,013,"North Carolina","Beaufort County",2,11,512,267,245
050,37,013,"North Carolina","Beaufort County",2,12,532,269,263
050,37,013,"North Carolina","Beaufort County",2,13,558,284,274
050,37,013,"North Carolina","Beaufort County",2,14,546,287,259
050,37,013,"North Carolina","Beaufort County",2,15,550,282,268
050,37,013,"North Carolina","Beaufort County",2,16,563,278,285
050,37,013,"North Carolina","Beaufort County",2,17,566,292,274
050,37,013,"North Carolina","Beaufort County",2,18,504,263,241
050,37,013,"North Carolina","Beaufort County",2,19,431,228,203
050,37,013,"North Carolina","Beaufort County",2,20,446,229,217
050,37,013,"North Carolina","Beaufort County",2,21,443,223,220
050,37,013,"North Carolina","Beaufort County",2,22,441,218,223
050,37,013,"North Carolina","Beaufort County",2,23,426,210,216
050,37,013,"North Carolina","Beaufort County",2,24,430,217,213
050,37,013,"North Carolina","Beaufort County",2,25,443,217,226
050,37,013,"North Carolina","Beaufort County",2,26,454,214,240
050,37,013,"North Carolina","Beaufort County",2,27,470,225,245
050,37,013,"North Carolina","Beaufort County",2,28,479,238,241
050,37,013,"North Carolina","Beaufort County",2,29,473,225,248
050,37,013,"North Carolina","Beaufort County",2,30,459,203,256
050,37,013,"North Carolina","Beaufort County",2,31,432,181,251
050,37,013,"North Carolina","Beaufort County",2,32,418,188,230
050,37,013,"North Carolina","Beaufort County",2,33,406,194,212
050,37,013,"North Carolina","Beaufort County",2,34,424,211,213
050,37,013,"North Carolina","Beaufort County",2,35,431,220,211
050,37,013,"North Carolina","Beaufort County",2,36,431,214,217
050,37,013,"North Carolina","Beaufort County",2,37,426,190,236
050,37,013,"North Carolina","Beaufort County",2,38,444,201,243
050,37,013,"North Carolina","Beaufort County",2,39,475,227,248
050,37,013,"North Carolina","Beaufort County",2,40,484,226,258
050,37,013,"North Carolina","Beaufort County",2,41,495,235,260
050,37,013,"North Carolina","Beaufort County",2,42,512,246,266
050,37,013,"North Carolina","Beaufort County",2,43,525,244,281
050,37,013,"North Carolina","Beaufort County",2,44,522,243,279
050,37,013,"North Carolina","Beaufort County",2,45,557,279,278
050,37,013,"North Carolina","Beaufort County",2,46,495,245,250
050,37,013,"North Carolina","Beaufort County",2,47,526,260,266
050,37,013,"North Carolina","Beaufort County",2,48,570,270,300
050,37,013,"North Carolina","Beaufort County",2,49,606,280,326
050,37,013,"North Carolina","Beaufort County",2,50,573,269,304
050,37,013,"North Carolina","Beaufort County",2,51,568,291,277
050,37,013,"North Carolina","Beaufort County",2,52,550,274,276
050,37,013,"North Carolina","Beaufort County",2,53,565,278,287
050,37,013,"North Carolina","Beaufort County",2,54,584,290,294
050,37,013,"North Carolina","Beaufort County",2,55,607,299,308
050,37,013,"North Carolina","Beaufort County",2,56,655,315,340
050,37,013,"North Carolina","Beaufort County",2,57,655,317,338
050,37,013,"North Carolina","Beaufort County",2,58,674,322,352
050,37,013,"North Carolina","Beaufort County",2,59,683,331,352
050,37,013,"North Carolina","Beaufort County",2,60,729,351,378
050,37,013,"North Carolina","Beaufort County",2,61,742,350,392
050,37,013,"North Carolina","Beaufort County",2,62,730,335,395
050,37,013,"North Carolina","Beaufort County",2,63,736,338,398
050,37,013,"North Carolina","Beaufort County",2,64,735,356,379
050,37,013,"North Carolina","Beaufort County",2,65,738,348,390
050,37,013,"North Carolina","Beaufort County",2,66,731,348,383
050,37,013,"North Carolina","Beaufort County",2,67,725,351,374
050,37,013,"North Carolina","Beaufort County",2,68,705,335,370
050,37,013,"North Carolina","Beaufort County",2,69,665,315,350
050,37,013,"North Carolina","Beaufort County",2,70,644,306,338
050,37,013,"North Carolina","Beaufort County",2,71,647,311,336
050,37,013,"North Carolina","Beaufort County",2,72,650,302,348
050,37,013,"North Carolina","Beaufort County",2,73,695,316,379
050,37,013,"North Carolina","Beaufort County",2,74,494,236,258
050,37,013,"North Carolina","Beaufort County",2,75,468,219,249
050,37,013,"North Carolina","Beaufort County",2,76,445,203,242
050,37,013,"North Carolina","Beaufort County",2,77,472,216,256
050,37,013,"North Carolina","Beaufort County",2,78,382,169,213
050,37,013,"North Carolina","Beaufort County",2,79,327,152,175
050,37,013,"North Carolina","Beaufort County",2,80,293,147,146
050,37,013,"North Carolina","Beaufort County",2,81,276,127,149
050,37,013,"North Carolina","Beaufort County",2,82,248,111,137
050,37,013,"North Carolina","Beaufort County",2,83,211,94,117
050,37,013,"North Carolina","Beaufort County",2,84,178,80,98
050,37,013,"North Carolina","Beaufort County",2,85,1034,347,687
050,37,013,"North Carolina","Beaufort County",3,0,446,246,200
050,37,013,"North Carolina","Beaufort County",3,1,395,204,191
050,37,013,"North Carolina","Beaufort County",3,2,409,194,215
050,37,013,"North Carolina","Beaufort County",3,3,421,203,218
050,37,013,"North Carolina","Beaufort County",3,4,446,210,236
050,37,013,"North Carolina","Beaufort County",3,5,440,214,226
050,37,013,"North Carolina","Beaufort County",3,6,440,211,229
050,37,013,"North Carolina","Beaufort County",3,7,443,221,222
050,37,013,"North Carolina","Beaufort County",3,8,479,224,255
050,37,013,"North Carolina","Beaufort County",3,9,488,255,233
050,37,013,"North Carolina","Beaufort County",3,10,498,254,244
050,37,013,"North Carolina","Beaufort County",3,11,523,273,250
050,37,013,"North Carolina","Beaufort County",3,12,516,272,244
050,37,013,"North Carolina","Beaufort County",3,13,531,267,264
050,37,013,"North Carolina","Beaufort County",3,14,558,293,265
050,37,013,"North Carolina","Beaufort County",3,15,532,281,251
050,37,013,"North Carolina","Beaufort County",3,16,554,283,271
050,37,013,"North Carolina","Beaufort County",3,17,566,289,277
050,37,013,"North Carolina","Beaufort County",3,18,487,258,229
050,37,013,"North Carolina","Beaufort County",3,19,440,228,212
050,37,013,"North Carolina","Beaufort County",3,20,435,223,212
050,37,013,"North Carolina","Beaufort County",3,21,467,242,225
050,37,013,"North Carolina","Beaufort County",3,22,441,224,217
050,37,013,"North Carolina","Beaufort County",3,23,439,208,231
050,37,013,"North Carolina","Beaufort County",3,24,416,215,201
050,37,013,"North Carolina","Beaufort County",3,25,427,227,200
050,37,013,"North Carolina","Beaufort County",3,26,453,222,231
050,37,013,"North Carolina","Beaufort County",3,27,434,197,237
050,37,013,"North Carolina","Beaufort County",3,28,469,222,247
050,37,013,"North Carolina","Beaufort County",3,29,491,239,252
050,37,013,"North Carolina","Beaufort County",3,30,477,219,258
050,37,013,"North Carolina","Beaufort County",3,31,443,200,243
050,37,013,"North Carolina","Beaufort County",3,32,434,185,249
050,37,013,"North Carolina","Beaufort County",3,33,416,188,228
050,37,013,"North Carolina","Beaufort County",3,34,376,177,199
050,37,013,"North Carolina","Beaufort County",3,35,432,214,218
050,37,013,"North Carolina","Beaufort County",3,36,428,209,219
050,37,013,"North Carolina","Beaufort County",3,37,440,218,222
050,37,013,"North Carolina","Beaufort County",3,38,440,192,248
050,37,013,"North Carolina","Beaufort County",3,39,433,193,240
050,37,013,"North Carolina","Beaufort County",3,40,482,235,247
050,37,013,"North Carolina","Beaufort County",3,41,505,239,266
050,37,013,"North Carolina","Beaufort County",3,42,490,238,252
050,37,013,"North Carolina","Beaufort County",3,43,505,248,257
050,37,013,"North Carolina","Beaufort County",3,44,524,243,281
050,37,013,"North Carolina","Beaufort County",3,45,536,246,290
050,37,013,"North Carolina","Beaufort County",3,46,565,285,280
050,37,013,"North Carolina","Beaufort County",3,47,507,243,264
050,37,013,"North Carolina","Beaufort County",3,48,520,253,267
050,37,013,"North Carolina","Beaufort County",3,49,576,275,301
050,37,013,"North Carolina","Beaufort County",3,50,603,277,326
050,37,013,"North Carolina","Beaufort County",3,51,597,291,306
050,37,013,"North Carolina","Beaufort County",3,52,577,295,282
050,37,013,"North Carolina","Beaufort County",3,53,557,277,280
050,37,013,"North Carolina","Beaufort County",3,54,569,281,288
050,37,013,"North Carolina","Beaufort County",3,55,596,298,298
050,37,013,"North Carolina","Beaufort County",3,56,625,310,315
050,37,013,"North Carolina","Beaufort County",3,57,667,325,342
050,37,013,"North Carolina","Beaufort County",3,58,667,316,351
050,37,013,"North Carolina","Beaufort County",3,59,663,321,342
050,37,013,"North Carolina","Beaufort County",3,60,701,347,354
050,37,013,"North Carolina","Beaufort County",3,61,726,351,375
050,37,013,"North Carolina","Beaufort County",3,62,748,357,391
050,37,013,"North Carolina","Beaufort County",3,63,739,339,400
050,37,013,"North Carolina","Beaufort County",3,64,728,329,399
050,37,013,"North Carolina","Beaufort County",3,65,741,361,380
050,37,013,"North Carolina","Beaufort County",3,66,722,341,381
050,37,013,"North Carolina","Beaufort County",3,67,722,349,373
050,37,013,"North Carolina","Beaufort County",3,68,712,340,372
050,37,013,"North Carolina","Beaufort County",3,69,701,337,364
050,37,013,"North Carolina","Beaufort County",3,70,663,319,344
050,37,013,"North Carolina","Beaufort County",3,71,627,300,327
050,37,013,"North Carolina","Beaufort County",3,72,625,300,325
050,37,013,"North Carolina","Beaufort County",3,73,622,291,331
050,37,013,"North Carolina","Beaufort County",3,74,662,299,363
050,37,013,"North Carolina","Beaufort County",3,75,476,229,247
050,37,013,"North Carolina","Beaufort County",3,76,443,206,237
050,37,013,"North Carolina","Beaufort County",3,77,418,192,226
050,37,013,"North Carolina","Beaufort County",3,78,426,189,237
050,37,013,"North Carolina","Beaufort County",3,79,351,149,202
050,37,013,"North Carolina","Beaufort County",3,80,299,138,161
050,37,013,"North Carolina","Beaufort County",3,81,251,124,127
050,37,013,"North Carolina","Beaufort County",3,82,240,112,128
050,37,013,"North Carolina","Beaufort County",3,83,223,103,120
050,37,013,"North Carolina","Beaufort County",3,84,187,77,110
050,37,013,"North Carolina","Beaufort County",3,85,975,341,634
050,37,013,"North Carolina","Beaufort County",4,0,440,235,205
050,37,013,"North Carolina","Beaufort County",4,1,428,224,204
050,37,013,"North Carolina","Beaufort County",4,2,404,207,197
050,37,013,"North Carolina","Beaufort County",4,3,406,205,201
050,37,013,"North Carolina","Beaufort County",4,4,420,209,211
050,37,013,"North Carolina","Beaufort County",4,5,447,222,225
050,37,013,"North Carolina","Beaufort County",4,6,463,229,234
050,37,013,"North Carolina","Beaufort County",4,7,431,212,219
050,37,013,"North Carolina","Beaufort County",4,8,462,231,231
050,37,013,"North Carolina","Beaufort County",4,9,466,224,242
050,37,013,"North Carolina","Beaufort County",4,10,505,268,237
050,37,013,"North Carolina","Beaufort County",4,11,513,258,255
050,37,013,"North Carolina","Beaufort County",4,12,516,278,238
050,37,013,"North Carolina","Beaufort County",4,13,532,285,247
050,37,013,"North Carolina","Beaufort County",4,14,527,266,261
050,37,013,"North Carolina","Beaufort County",4,15,573,302,271
050,37,013,"North Carolina","Beaufort County",4,16,516,280,236
050,37,013,"North Carolina","Beaufort County",4,17,548,289,259
050,37,013,"North Carolina","Beaufort County",4,18,479,253,226
050,37,013,"North Carolina","Beaufort County",4,19,392,211,181
050,37,013,"North Carolina","Beaufort County",4,20,446,227,219
050,37,013,"North Carolina","Beaufort County",4,21,449,227,222
050,37,013,"North Carolina","Beaufort County",4,22,452,239,213
050,37,013,"North Carolina","Beaufort County",4,23,455,233,222
050,37,013,"North Carolina","Beaufort County",4,24,436,214,222
050,37,013,"North Carolina","Beaufort County",4,25,410,199,211
050,37,013,"North Carolina","Beaufort County",4,26,417,228,189
050,37,013,"North Carolina","Beaufort County",4,27,433,206,227
050,37,013,"North Carolina","Beaufort County",4,28,434,200,234
050,37,013,"North Carolina","Beaufort County",4,29,460,217,243
050,37,013,"North Carolina","Beaufort County",4,30,475,227,248
050,37,013,"North Carolina","Beaufort County",4,31,463,211,252
050,37,013,"North Carolina","Beaufort County",4,32,452,202,250
050,37,013,"North Carolina","Beaufort County",4,33,437,194,243
050,37,013,"North Carolina","Beaufort County",4,34,431,199,232
050,37,013,"North Carolina","Beaufort County",4,35,384,181,203
050,37,013,"North Carolina","Beaufort County",4,36,437,221,216
050,37,013,"North Carolina","Beaufort County",4,37,439,209,230
050,37,013,"North Carolina","Beaufort County",4,38,452,217,235
050,37,013,"North Carolina","Beaufort County",4,39,450,193,257
050,37,013,"North Carolina","Beaufort County",4,40,430,195,235
050,37,013,"North Carolina","Beaufort County",4,41,484,237,247
050,37,013,"North Carolina","Beaufort County",4,42,488,231,257
050,37,013,"North Carolina","Beaufort County",4,43,480,232,248
050,37,013,"North Carolina","Beaufort County",4,44,518,254,264
050,37,013,"North Carolina","Beaufort County",4,45,532,240,292
050,37,013,"North Carolina","Beaufort County",4,46,532,246,286
050,37,013,"North Carolina","Beaufort County",4,47,569,287,282
050,37,013,"North Carolina","Beaufort County",4,48,493,233,260
050,37,013,"North Carolina","Beaufort County",4,49,523,256,267
050,37,013,"North Carolina","Beaufort County",4,50,562,263,299
050,37,013,"North Carolina","Beaufort County",4,51,614,284,330
050,37,013,"North Carolina","Beaufort County",4,52,599,291,308
050,37,013,"North Carolina","Beaufort County",4,53,572,298,274
050,37,013,"North Carolina","Beaufort County",4,54,574,283,291
050,37,013,"North Carolina","Beaufort County",4,55,571,279,292
050,37,013,"North Carolina","Beaufort County",4,56,585,292,293
050,37,013,"North Carolina","Beaufort County",4,57,629,312,317
050,37,013,"North Carolina","Beaufort County",4,58,672,328,344
050,37,013,"North Carolina","Beaufort County",4,59,679,328,351
050,37,013,"North Carolina","Beaufort County",4,60,690,337,353
050,37,013,"North Carolina","Beaufort County",4,61,701,332,369
050,37,013,"North Carolina","Beaufort County",4,62,743,355,388
050,37,013,"North Carolina","Beaufort County",4,63,738,346,392
050,37,013,"North Carolina","Beaufort County",4,64,746,341,405
050,37,013,"North Carolina","Beaufort County",4,65,725,320,405
050,37,013,"North Carolina","Beaufort County",4,66,740,355,385
050,37,013,"North Carolina","Beaufort County",4,67,729,342,387
050,37,013,"North Carolina","Beaufort County",4,68,724,347,377
050,37,013,"North Carolina","Beaufort County",4,69,722,346,376
050,37,013,"North Carolina","Beaufort County",4,70,697,335,362
050,37,013,"North Carolina","Beaufort County",4,71,655,311,344
050,37,013,"North Carolina","Beaufort County",4,72,616,301,315
050,37,013,"North Carolina","Beaufort County",4,73,614,292,322
050,37,013,"North Carolina","Beaufort County",4,74,603,283,320
050,37,013,"North Carolina","Beaufort County",4,75,637,287,350
050,37,013,"North Carolina","Beaufort County",4,76,445,211,234
050,37,013,"North Carolina","Beaufort County",4,77,429,201,228
050,37,013,"North Carolina","Beaufort County",4,78,391,177,214
050,37,013,"North Carolina","Beaufort County",4,79,406,179,227
050,37,013,"North Carolina","Beaufort County",4,80,336,142,194
050,37,013,"North Carolina","Beaufort County",4,81,281,126,155
050,37,013,"North Carolina","Beaufort County",4,82,227,112,115
050,37,013,"North Carolina","Beaufort County",4,83,212,100,112
050,37,013,"North Carolina","Beaufort County",4,84,209,95,114
050,37,013,"North Carolina","Beaufort County",4,85,998,341,657
050,37,013,"North Carolina","Beaufort County",5,0,436,233,203
050,37,013,"North Carolina","Beaufort County",5,1,441,239,202
050,37,013,"North Carolina","Beaufort County",5,2,435,230,205
050,37,013,"North Carolina","Beaufort County",5,3,412,209,203
050,37,013,"North Carolina","Beaufort County",5,4,406,204,202
050,37,013,"North Carolina","Beaufort County",5,5,429,211,218
050,37,013,"North Carolina","Beaufort County",5,6,453,224,229
050,37,013,"North Carolina","Beaufort County",5,7,476,242,234
050,37,013,"North Carolina","Beaufort County",5,8,436,213,223
050,37,013,"North Carolina","Beaufort County",5,9,449,228,221
050,37,013,"North Carolina","Beaufort County",5,10,491,231,260
050,37,013,"North Carolina","Beaufort County",5,11,507,268,239
050,37,013,"North Carolina","Beaufort County",5,12,507,252,255
050,37,013,"North Carolina","Beaufort County",5,13,526,282,244
050,37,013,"North Carolina","Beaufort County",5,14,525,276,249
050,37,013,"North Carolina","Beaufort County",5,15,526,269,257
050,37,013,"North Carolina","Beaufort County",5,16,558,298,260
050,37,013,"North Carolina","Beaufort County",5,17,529,293,236
050,37,013,"North Carolina","Beaufort County",5,18,472,257,215
050,37,013,"North Carolina","Beaufort County",5,19,407,217,190
050,37,013,"North Carolina","Beaufort County",5,20,426,227,199
050,37,013,"North Carolina","Beaufort County",5,21,487,254,233
050,37,013,"North Carolina","Beaufort County",5,22,478,240,238
050,37,013,"North Carolina","Beaufort County",5,23,461,238,223
050,37,013,"North Carolina","Beaufort County",5,24,437,247,190
050,37,013,"North Carolina","Beaufort County",5,25,441,212,229
050,37,013,"North Carolina","Beaufort County",5,26,412,203,209
050,37,013,"North Carolina","Beaufort County",5,27,407,229,178
050,37,013,"North Carolina","Beaufort County",5,28,441,218,223
050,37,013,"North Carolina","Beaufort County",5,29,432,200,232
050,37,013,"North Carolina","Beaufort County",5,30,481,222,259
050,37,013,"North Carolina","Beaufort County",5,31,482,234,248
050,37,013,"North Carolina","Beaufort County",5,32,463,209,254
050,37,013,"North Carolina","Beaufort County",5,33,445,198,247
050,37,013,"North Carolina","Beaufort County",5,34,441,194,247
050,37,013,"North Carolina","Beaufort County",5,35,431,198,233
050,37,013,"North Carolina","Beaufort County",5,36,377,170,207
050,37,013,"North Carolina","Beaufort County",5,37,427,211,216
050,37,013,"North Carolina","Beaufort County",5,38,435,200,235
050,37,013,"North Carolina","Beaufort County",5,39,457,209,248
050,37,013,"North Carolina","Beaufort County",5,40,444,190,254
050,37,013,"North Carolina","Beaufort County",5,41,439,200,239
050,37,013,"North Carolina","Beaufort County",5,42,476,229,247
050,37,013,"North Carolina","Beaufort County",5,43,502,239,263
050,37,013,"North Carolina","Beaufort County",5,44,475,239,236
050,37,013,"North Carolina","Beaufort County",5,45,512,254,258
050,37,013,"North Carolina","Beaufort County",5,46,530,237,293
050,37,013,"North Carolina","Beaufort County",5,47,533,250,283
050,37,013,"North Carolina","Beaufort County",5,48,562,273,289
050,37,013,"North Carolina","Beaufort County",5,49,485,221,264
050,37,013,"North Carolina","Beaufort County",5,50,522,254,268
050,37,013,"North Carolina","Beaufort County",5,51,568,275,293
050,37,013,"North Carolina","Beaufort County",5,52,613,282,331
050,37,013,"North Carolina","Beaufort County",5,53,599,282,317
050,37,013,"North Carolina","Beaufort County",5,54,583,309,274
050,37,013,"North Carolina","Beaufort County",5,55,579,278,301
050,37,013,"North Carolina","Beaufort County",5,56,579,287,292
050,37,013,"North Carolina","Beaufort County",5,57,597,293,304
050,37,013,"North Carolina","Beaufort County",5,58,648,318,330
050,37,013,"North Carolina","Beaufort County",5,59,680,328,352
050,37,013,"North Carolina","Beaufort County",5,60,700,336,364
050,37,013,"North Carolina","Beaufort County",5,61,694,328,366
050,37,013,"North Carolina","Beaufort County",5,62,706,342,364
050,37,013,"North Carolina","Beaufort County",5,63,739,346,393
050,37,013,"North Carolina","Beaufort County",5,64,760,365,395
050,37,013,"North Carolina","Beaufort County",5,65,745,337,408
050,37,013,"North Carolina","Beaufort County",5,66,721,314,407
050,37,013,"North Carolina","Beaufort County",5,67,751,358,393
050,37,013,"North Carolina","Beaufort County",5,68,725,340,385
050,37,013,"North Carolina","Beaufort County",5,69,716,346,370
050,37,013,"North Carolina","Beaufort County",5,70,719,340,379
050,37,013,"North Carolina","Beaufort County",5,71,696,328,368
050,37,013,"North Carolina","Beaufort County",5,72,645,305,340
050,37,013,"North Carolina","Beaufort County",5,73,606,296,310
050,37,013,"North Carolina","Beaufort County",5,74,591,282,309
050,37,013,"North Carolina","Beaufort County",5,75,583,270,313
050,37,013,"North Carolina","Beaufort County",5,76,608,271,337
050,37,013,"North Carolina","Beaufort County",5,77,426,205,221
050,37,013,"North Carolina","Beaufort County",5,78,408,188,220
050,37,013,"North Carolina","Beaufort County",5,79,372,167,205
050,37,013,"North Carolina","Beaufort County",5,80,379,172,207
050,37,013,"North Carolina","Beaufort County",5,81,307,128,179
050,37,013,"North Carolina","Beaufort County",5,82,254,110,144
050,37,013,"North Carolina","Beaufort County",5,83,203,103,100
050,37,013,"North Carolina","Beaufort County",5,84,196,93,103
050,37,013,"North Carolina","Beaufort County",5,85,1023,361,662
050,37,015,"North Carolina","Bertie County",1,0,156,79,77
050,37,015,"North Carolina","Bertie County",1,1,152,77,75
050,37,015,"North Carolina","Bertie County",1,2,178,88,90
050,37,015,"North Carolina","Bertie County",1,3,154,76,78
050,37,015,"North Carolina","Bertie County",1,4,146,75,71
050,37,015,"North Carolina","Bertie County",1,5,136,75,61
050,37,015,"North Carolina","Bertie County",1,6,158,84,74
050,37,015,"North Carolina","Bertie County",1,7,159,72,87
050,37,015,"North Carolina","Bertie County",1,8,167,86,81
050,37,015,"North Carolina","Bertie County",1,9,162,96,66
050,37,015,"North Carolina","Bertie County",1,10,194,98,96
050,37,015,"North Carolina","Bertie County",1,11,201,108,93
050,37,015,"North Carolina","Bertie County",1,12,186,99,87
050,37,015,"North Carolina","Bertie County",1,13,199,101,98
050,37,015,"North Carolina","Bertie County",1,14,186,92,94
050,37,015,"North Carolina","Bertie County",1,15,185,97,88
050,37,015,"North Carolina","Bertie County",1,16,193,98,95
050,37,015,"North Carolina","Bertie County",1,17,200,109,91
050,37,015,"North Carolina","Bertie County",1,18,182,94,88
050,37,015,"North Carolina","Bertie County",1,19,158,92,66
050,37,015,"North Carolina","Bertie County",1,20,175,101,74
050,37,015,"North Carolina","Bertie County",1,21,201,128,73
050,37,015,"North Carolina","Bertie County",1,22,217,138,79
050,37,015,"North Carolina","Bertie County",1,23,243,164,79
050,37,015,"North Carolina","Bertie County",1,24,233,150,83
050,37,015,"North Carolina","Bertie County",1,25,243,150,93
050,37,015,"North Carolina","Bertie County",1,26,248,153,95
050,37,015,"North Carolina","Bertie County",1,27,270,189,81
050,37,015,"North Carolina","Bertie County",1,28,245,164,81
050,37,015,"North Carolina","Bertie County",1,29,241,154,87
050,37,015,"North Carolina","Bertie County",1,30,229,140,89
050,37,015,"North Carolina","Bertie County",1,31,239,145,94
050,37,015,"North Carolina","Bertie County",1,32,227,132,95
050,37,015,"North Carolina","Bertie County",1,33,243,142,101
050,37,015,"North Carolina","Bertie County",1,34,190,104,86
050,37,015,"North Carolina","Bertie County",1,35,189,120,69
050,37,015,"North Carolina","Bertie County",1,36,178,103,75
050,37,015,"North Carolina","Bertie County",1,37,166,79,87
050,37,015,"North Carolina","Bertie County",1,38,187,102,85
050,37,015,"North Carolina","Bertie County",1,39,197,102,95
050,37,015,"North Carolina","Bertie County",1,40,202,109,93
050,37,015,"North Carolina","Bertie County",1,41,202,117,85
050,37,015,"North Carolina","Bertie County",1,42,170,96,74
050,37,015,"North Carolina","Bertie County",1,43,167,84,83
050,37,015,"North Carolina","Bertie County",1,44,207,106,101
050,37,015,"North Carolina","Bertie County",1,45,196,109,87
050,37,015,"North Carolina","Bertie County",1,46,209,131,78
050,37,015,"North Carolina","Bertie County",1,47,208,118,90
050,37,015,"North Carolina","Bertie County",1,48,225,114,111
050,37,015,"North Carolina","Bertie County",1,49,228,114,114
050,37,015,"North Carolina","Bertie County",1,50,204,100,104
050,37,015,"North Carolina","Bertie County",1,51,196,98,98
050,37,015,"North Carolina","Bertie County",1,52,204,97,107
050,37,015,"North Carolina","Bertie County",1,53,214,98,116
050,37,015,"North Carolina","Bertie County",1,54,231,105,126
050,37,015,"North Carolina","Bertie County",1,55,267,123,144
050,37,015,"North Carolina","Bertie County",1,56,272,138,134
050,37,015,"North Carolina","Bertie County",1,57,290,142,148
050,37,015,"North Carolina","Bertie County",1,58,293,144,149
050,37,015,"North Carolina","Bertie County",1,59,270,134,136
050,37,015,"North Carolina","Bertie County",1,60,277,126,151
050,37,015,"North Carolina","Bertie County",1,61,295,138,157
050,37,015,"North Carolina","Bertie County",1,62,315,155,160
050,37,015,"North Carolina","Bertie County",1,63,288,148,140
050,37,015,"North Carolina","Bertie County",1,64,302,147,155
050,37,015,"North Carolina","Bertie County",1,65,293,136,157
050,37,015,"North Carolina","Bertie County",1,66,269,127,142
050,37,015,"North Carolina","Bertie County",1,67,289,137,152
050,37,015,"North Carolina","Bertie County",1,68,265,114,151
050,37,015,"North Carolina","Bertie County",1,69,269,115,154
050,37,015,"North Carolina","Bertie County",1,70,242,113,129
050,37,015,"North Carolina","Bertie County",1,71,213,87,126
050,37,015,"North Carolina","Bertie County",1,72,217,99,118
050,37,015,"North Carolina","Bertie County",1,73,219,106,113
050,37,015,"North Carolina","Bertie County",1,74,158,77,81
050,37,015,"North Carolina","Bertie County",1,75,162,66,96
050,37,015,"North Carolina","Bertie County",1,76,149,63,86
050,37,015,"North Carolina","Bertie County",1,77,152,63,89
050,37,015,"North Carolina","Bertie County",1,78,121,47,74
050,37,015,"North Carolina","Bertie County",1,79,137,67,70
050,37,015,"North Carolina","Bertie County",1,80,113,41,72
050,37,015,"North Carolina","Bertie County",1,81,114,45,69
050,37,015,"North Carolina","Bertie County",1,82,107,45,62
050,37,015,"North Carolina","Bertie County",1,83,89,34,55
050,37,015,"North Carolina","Bertie County",1,84,88,28,60
050,37,015,"North Carolina","Bertie County",1,85,523,176,347
050,37,015,"North Carolina","Bertie County",2,0,161,76,85
050,37,015,"North Carolina","Bertie County",2,1,154,77,77
050,37,015,"North Carolina","Bertie County",2,2,172,85,87
050,37,015,"North Carolina","Bertie County",2,3,158,78,80
050,37,015,"North Carolina","Bertie County",2,4,150,75,75
050,37,015,"North Carolina","Bertie County",2,5,140,75,65
050,37,015,"North Carolina","Bertie County",2,6,154,81,73
050,37,015,"North Carolina","Bertie County",2,7,157,73,84
050,37,015,"North Carolina","Bertie County",2,8,164,83,81
050,37,015,"North Carolina","Bertie County",2,9,162,92,70
050,37,015,"North Carolina","Bertie County",2,10,185,96,89
050,37,015,"North Carolina","Bertie County",2,11,196,104,92
050,37,015,"North Carolina","Bertie County",2,12,187,99,88
050,37,015,"North Carolina","Bertie County",2,13,192,98,94
050,37,015,"North Carolina","Bertie County",2,14,188,94,94
050,37,015,"North Carolina","Bertie County",2,15,184,93,91
050,37,015,"North Carolina","Bertie County",2,16,194,99,95
050,37,015,"North Carolina","Bertie County",2,17,200,107,93
050,37,015,"North Carolina","Bertie County",2,18,178,95,83
050,37,015,"North Carolina","Bertie County",2,19,163,93,70
050,37,015,"North Carolina","Bertie County",2,20,173,100,73
050,37,015,"North Carolina","Bertie County",2,21,205,132,73
050,37,015,"North Carolina","Bertie County",2,22,215,137,78
050,37,015,"North Carolina","Bertie County",2,23,245,166,79
050,37,015,"North Carolina","Bertie County",2,24,226,146,80
050,37,015,"North Carolina","Bertie County",2,25,242,152,90
050,37,015,"North Carolina","Bertie County",2,26,247,154,93
050,37,015,"North Carolina","Bertie County",2,27,265,181,84
050,37,015,"North Carolina","Bertie County",2,28,248,168,80
050,37,015,"North Carolina","Bertie County",2,29,236,151,85
050,37,015,"North Carolina","Bertie County",2,30,233,147,86
050,37,015,"North Carolina","Bertie County",2,31,231,140,91
050,37,015,"North Carolina","Bertie County",2,32,226,133,93
050,37,015,"North Carolina","Bertie County",2,33,238,140,98
050,37,015,"North Carolina","Bertie County",2,34,191,103,88
050,37,015,"North Carolina","Bertie County",2,35,191,119,72
050,37,015,"North Carolina","Bertie County",2,36,175,102,73
050,37,015,"North Carolina","Bertie County",2,37,166,83,83
050,37,015,"North Carolina","Bertie County",2,38,187,99,88
050,37,015,"North Carolina","Bertie County",2,39,195,104,91
050,37,015,"North Carolina","Bertie County",2,40,202,109,93
050,37,015,"North Carolina","Bertie County",2,41,202,114,88
050,37,015,"North Carolina","Bertie County",2,42,170,93,77
050,37,015,"North Carolina","Bertie County",2,43,168,86,82
050,37,015,"North Carolina","Bertie County",2,44,201,105,96
050,37,015,"North Carolina","Bertie County",2,45,197,106,91
050,37,015,"North Carolina","Bertie County",2,46,203,124,79
050,37,015,"North Carolina","Bertie County",2,47,207,120,87
050,37,015,"North Carolina","Bertie County",2,48,223,118,105
050,37,015,"North Carolina","Bertie County",2,49,228,114,114
050,37,015,"North Carolina","Bertie County",2,50,209,102,107
050,37,015,"North Carolina","Bertie County",2,51,193,94,99
050,37,015,"North Carolina","Bertie County",2,52,201,96,105
050,37,015,"North Carolina","Bertie County",2,53,213,99,114
050,37,015,"North Carolina","Bertie County",2,54,224,101,123
050,37,015,"North Carolina","Bertie County",2,55,257,120,137
050,37,015,"North Carolina","Bertie County",2,56,270,134,136
050,37,015,"North Carolina","Bertie County",2,57,285,140,145
050,37,015,"North Carolina","Bertie County",2,58,291,142,149
050,37,015,"North Carolina","Bertie County",2,59,272,133,139
050,37,015,"North Carolina","Bertie County",2,60,275,128,147
050,37,015,"North Carolina","Bertie County",2,61,290,136,154
050,37,015,"North Carolina","Bertie County",2,62,310,151,159
050,37,015,"North Carolina","Bertie County",2,63,296,150,146
050,37,015,"North Carolina","Bertie County",2,64,295,145,150
050,37,015,"North Carolina","Bertie County",2,65,293,137,156
050,37,015,"North Carolina","Bertie County",2,66,274,128,146
050,37,015,"North Carolina","Bertie County",2,67,283,133,150
050,37,015,"North Carolina","Bertie County",2,68,264,118,146
050,37,015,"North Carolina","Bertie County",2,69,271,116,155
050,37,015,"North Carolina","Bertie County",2,70,248,113,135
050,37,015,"North Carolina","Bertie County",2,71,219,93,126
050,37,015,"North Carolina","Bertie County",2,72,214,94,120
050,37,015,"North Carolina","Bertie County",2,73,225,106,119
050,37,015,"North Carolina","Bertie County",2,74,163,79,84
050,37,015,"North Carolina","Bertie County",2,75,161,68,93
050,37,015,"North Carolina","Bertie County",2,76,150,63,87
050,37,015,"North Carolina","Bertie County",2,77,155,64,91
050,37,015,"North Carolina","Bertie County",2,78,124,48,76
050,37,015,"North Carolina","Bertie County",2,79,131,61,70
050,37,015,"North Carolina","Bertie County",2,80,116,44,72
050,37,015,"North Carolina","Bertie County",2,81,110,41,69
050,37,015,"North Carolina","Bertie County",2,82,107,44,63
050,37,015,"North Carolina","Bertie County",2,83,89,35,54
050,37,015,"North Carolina","Bertie County",2,84,89,30,59
050,37,015,"North Carolina","Bertie County",2,85,521,176,345
050,37,015,"North Carolina","Bertie County",3,0,131,65,66
050,37,015,"North Carolina","Bertie County",3,1,137,52,85
050,37,015,"North Carolina","Bertie County",3,2,144,72,72
050,37,015,"North Carolina","Bertie County",3,3,165,84,81
050,37,015,"North Carolina","Bertie County",3,4,153,75,78
050,37,015,"North Carolina","Bertie County",3,5,150,72,78
050,37,015,"North Carolina","Bertie County",3,6,124,66,58
050,37,015,"North Carolina","Bertie County",3,7,154,83,71
050,37,015,"North Carolina","Bertie County",3,8,155,78,77
050,37,015,"North Carolina","Bertie County",3,9,162,85,77
050,37,015,"North Carolina","Bertie County",3,10,156,87,69
050,37,015,"North Carolina","Bertie County",3,11,181,98,83
050,37,015,"North Carolina","Bertie County",3,12,187,99,88
050,37,015,"North Carolina","Bertie County",3,13,184,102,82
050,37,015,"North Carolina","Bertie County",3,14,198,103,95
050,37,015,"North Carolina","Bertie County",3,15,189,102,87
050,37,015,"North Carolina","Bertie County",3,16,181,93,88
050,37,015,"North Carolina","Bertie County",3,17,185,99,86
050,37,015,"North Carolina","Bertie County",3,18,166,90,76
050,37,015,"North Carolina","Bertie County",3,19,159,86,73
050,37,015,"North Carolina","Bertie County",3,20,167,88,79
050,37,015,"North Carolina","Bertie County",3,21,210,135,75
050,37,015,"North Carolina","Bertie County",3,22,203,127,76
050,37,015,"North Carolina","Bertie County",3,23,231,157,74
050,37,015,"North Carolina","Bertie County",3,24,209,128,81
050,37,015,"North Carolina","Bertie County",3,25,225,150,75
050,37,015,"North Carolina","Bertie County",3,26,228,140,88
050,37,015,"North Carolina","Bertie County",3,27,256,161,95
050,37,015,"North Carolina","Bertie County",3,28,237,159,78
050,37,015,"North Carolina","Bertie County",3,29,219,140,79
050,37,015,"North Carolina","Bertie County",3,30,254,172,82
050,37,015,"North Carolina","Bertie County",3,31,221,137,84
050,37,015,"North Carolina","Bertie County",3,32,208,122,86
050,37,015,"North Carolina","Bertie County",3,33,231,137,94
050,37,015,"North Carolina","Bertie County",3,34,199,107,92
050,37,015,"North Carolina","Bertie County",3,35,204,119,85
050,37,015,"North Carolina","Bertie County",3,36,189,116,73
050,37,015,"North Carolina","Bertie County",3,37,164,92,72
050,37,015,"North Carolina","Bertie County",3,38,171,87,84
050,37,015,"North Carolina","Bertie County",3,39,196,105,91
050,37,015,"North Carolina","Bertie County",3,40,184,98,86
050,37,015,"North Carolina","Bertie County",3,41,196,105,91
050,37,015,"North Carolina","Bertie County",3,42,181,95,86
050,37,015,"North Carolina","Bertie County",3,43,161,88,73
050,37,015,"North Carolina","Bertie County",3,44,179,104,75
050,37,015,"North Carolina","Bertie County",3,45,184,92,92
050,37,015,"North Carolina","Bertie County",3,46,200,108,92
050,37,015,"North Carolina","Bertie County",3,47,202,119,83
050,37,015,"North Carolina","Bertie County",3,48,203,118,85
050,37,015,"North Carolina","Bertie County",3,49,219,117,102
050,37,015,"North Carolina","Bertie County",3,50,226,113,113
050,37,015,"North Carolina","Bertie County",3,51,200,95,105
050,37,015,"North Carolina","Bertie County",3,52,188,89,99
050,37,015,"North Carolina","Bertie County",3,53,203,100,103
050,37,015,"North Carolina","Bertie County",3,54,203,91,112
050,37,015,"North Carolina","Bertie County",3,55,228,102,126
050,37,015,"North Carolina","Bertie County",3,56,259,125,134
050,37,015,"North Carolina","Bertie County",3,57,259,124,135
050,37,015,"North Carolina","Bertie County",3,58,277,142,135
050,37,015,"North Carolina","Bertie County",3,59,281,136,145
050,37,015,"North Carolina","Bertie County",3,60,266,130,136
050,37,015,"North Carolina","Bertie County",3,61,260,123,137
050,37,015,"North Carolina","Bertie County",3,62,289,133,156
050,37,015,"North Carolina","Bertie County",3,63,314,153,161
050,37,015,"North Carolina","Bertie County",3,64,297,150,147
050,37,015,"North Carolina","Bertie County",3,65,294,137,157
050,37,015,"North Carolina","Bertie County",3,66,284,130,154
050,37,015,"North Carolina","Bertie County",3,67,262,120,142
050,37,015,"North Carolina","Bertie County",3,68,279,133,146
050,37,015,"North Carolina","Bertie County",3,69,257,112,145
050,37,015,"North Carolina","Bertie County",3,70,270,115,155
050,37,015,"North Carolina","Bertie County",3,71,240,112,128
050,37,015,"North Carolina","Bertie County",3,72,205,85,120
050,37,015,"North Carolina","Bertie County",3,73,199,87,112
050,37,015,"North Carolina","Bertie County",3,74,216,101,115
050,37,015,"North Carolina","Bertie County",3,75,159,76,83
050,37,015,"North Carolina","Bertie County",3,76,144,59,85
050,37,015,"North Carolina","Bertie County",3,77,138,54,84
050,37,015,"North Carolina","Bertie County",3,78,147,60,87
050,37,015,"North Carolina","Bertie County",3,79,123,48,75
050,37,015,"North Carolina","Bertie County",3,80,119,53,66
050,37,015,"North Carolina","Bertie County",3,81,109,38,71
050,37,015,"North Carolina","Bertie County",3,82,100,37,63
050,37,015,"North Carolina","Bertie County",3,83,94,41,53
050,37,015,"North Carolina","Bertie County",3,84,80,31,49
050,37,015,"North Carolina","Bertie County",3,85,510,174,336
050,37,015,"North Carolina","Bertie County",4,0,150,80,70
050,37,015,"North Carolina","Bertie County",4,1,126,58,68
050,37,015,"North Carolina","Bertie County",4,2,135,58,77
050,37,015,"North Carolina","Bertie County",4,3,137,69,68
050,37,015,"North Carolina","Bertie County",4,4,169,88,81
050,37,015,"North Carolina","Bertie County",4,5,155,80,75
050,37,015,"North Carolina","Bertie County",4,6,147,70,77
050,37,015,"North Carolina","Bertie County",4,7,133,73,60
050,37,015,"North Carolina","Bertie County",4,8,152,84,68
050,37,015,"North Carolina","Bertie County",4,9,159,82,77
050,37,015,"North Carolina","Bertie County",4,10,163,87,76
050,37,015,"North Carolina","Bertie County",4,11,155,91,64
050,37,015,"North Carolina","Bertie County",4,12,183,99,84
050,37,015,"North Carolina","Bertie County",4,13,183,95,88
050,37,015,"North Carolina","Bertie County",4,14,174,92,82
050,37,015,"North Carolina","Bertie County",4,15,190,103,87
050,37,015,"North Carolina","Bertie County",4,16,181,98,83
050,37,015,"North Carolina","Bertie County",4,17,181,92,89
050,37,015,"North Carolina","Bertie County",4,18,158,78,80
050,37,015,"North Carolina","Bertie County",4,19,136,78,58
050,37,015,"North Carolina","Bertie County",4,20,167,90,77
050,37,015,"North Carolina","Bertie County",4,21,200,118,82
050,37,015,"North Carolina","Bertie County",4,22,216,138,78
050,37,015,"North Carolina","Bertie County",4,23,225,149,76
050,37,015,"North Carolina","Bertie County",4,24,195,122,73
050,37,015,"North Carolina","Bertie County",4,25,194,117,77
050,37,015,"North Carolina","Bertie County",4,26,222,146,76
050,37,015,"North Carolina","Bertie County",4,27,240,152,88
050,37,015,"North Carolina","Bertie County",4,28,236,146,90
050,37,015,"North Carolina","Bertie County",4,29,223,140,83
050,37,015,"North Carolina","Bertie County",4,30,235,156,79
050,37,015,"North Carolina","Bertie County",4,31,242,158,84
050,37,015,"North Carolina","Bertie County",4,32,215,129,86
050,37,015,"North Carolina","Bertie County",4,33,212,124,88
050,37,015,"North Carolina","Bertie County",4,34,197,103,94
050,37,015,"North Carolina","Bertie County",4,35,216,126,90
050,37,015,"North Carolina","Bertie County",4,36,182,100,82
050,37,015,"North Carolina","Bertie County",4,37,172,101,71
050,37,015,"North Carolina","Bertie County",4,38,162,91,71
050,37,015,"North Carolina","Bertie County",4,39,179,93,86
050,37,015,"North Carolina","Bertie County",4,40,193,102,91
050,37,015,"North Carolina","Bertie County",4,41,173,92,81
050,37,015,"North Carolina","Bertie County",4,42,190,90,100
050,37,015,"North Carolina","Bertie County",4,43,179,94,85
050,37,015,"North Carolina","Bertie County",4,44,175,102,73
050,37,015,"North Carolina","Bertie County",4,45,166,91,75
050,37,015,"North Carolina","Bertie County",4,46,177,82,95
050,37,015,"North Carolina","Bertie County",4,47,188,101,87
050,37,015,"North Carolina","Bertie County",4,48,199,117,82
050,37,015,"North Carolina","Bertie County",4,49,201,112,89
050,37,015,"North Carolina","Bertie County",4,50,212,110,102
050,37,015,"North Carolina","Bertie County",4,51,217,102,115
050,37,015,"North Carolina","Bertie County",4,52,189,91,98
050,37,015,"North Carolina","Bertie County",4,53,185,91,94
050,37,015,"North Carolina","Bertie County",4,54,186,87,99
050,37,015,"North Carolina","Bertie County",4,55,204,90,114
050,37,015,"North Carolina","Bertie County",4,56,220,98,122
050,37,015,"North Carolina","Bertie County",4,57,259,123,136
050,37,015,"North Carolina","Bertie County",4,58,256,126,130
050,37,015,"North Carolina","Bertie County",4,59,269,135,134
050,37,015,"North Carolina","Bertie County",4,60,273,127,146
050,37,015,"North Carolina","Bertie County",4,61,264,131,133
050,37,015,"North Carolina","Bertie County",4,62,261,125,136
050,37,015,"North Carolina","Bertie County",4,63,288,133,155
050,37,015,"North Carolina","Bertie County",4,64,320,158,162
050,37,015,"North Carolina","Bertie County",4,65,298,149,149
050,37,015,"North Carolina","Bertie County",4,66,288,133,155
050,37,015,"North Carolina","Bertie County",4,67,289,129,160
050,37,015,"North Carolina","Bertie County",4,68,254,116,138
050,37,015,"North Carolina","Bertie County",4,69,282,135,147
050,37,015,"North Carolina","Bertie County",4,70,260,112,148
050,37,015,"North Carolina","Bertie County",4,71,264,115,149
050,37,015,"North Carolina","Bertie County",4,72,235,108,127
050,37,015,"North Carolina","Bertie County",4,73,198,81,117
050,37,015,"North Carolina","Bertie County",4,74,191,86,105
050,37,015,"North Carolina","Bertie County",4,75,210,97,113
050,37,015,"North Carolina","Bertie County",4,76,141,67,74
050,37,015,"North Carolina","Bertie County",4,77,138,56,82
050,37,015,"North Carolina","Bertie County",4,78,133,51,82
050,37,015,"North Carolina","Bertie County",4,79,145,60,85
050,37,015,"North Carolina","Bertie County",4,80,117,45,72
050,37,015,"North Carolina","Bertie County",4,81,111,49,62
050,37,015,"North Carolina","Bertie County",4,82,95,33,62
050,37,015,"North Carolina","Bertie County",4,83,86,31,55
050,37,015,"North Carolina","Bertie County",4,84,84,41,43
050,37,015,"North Carolina","Bertie County",4,85,508,179,329
050,37,015,"North Carolina","Bertie County",5,0,143,77,66
050,37,015,"North Carolina","Bertie County",5,1,163,89,74
050,37,015,"North Carolina","Bertie County",5,2,121,57,64
050,37,015,"North Carolina","Bertie County",5,3,133,56,77
050,37,015,"North Carolina","Bertie County",5,4,136,67,69
050,37,015,"North Carolina","Bertie County",5,5,157,83,74
050,37,015,"North Carolina","Bertie County",5,6,168,84,84
050,37,015,"North Carolina","Bertie County",5,7,166,85,81
050,37,015,"North Carolina","Bertie County",5,8,134,75,59
050,37,015,"North Carolina","Bertie County",5,9,145,77,68
050,37,015,"North Carolina","Bertie County",5,10,153,75,78
050,37,015,"North Carolina","Bertie County",5,11,151,75,76
050,37,015,"North Carolina","Bertie County",5,12,149,86,63
050,37,015,"North Carolina","Bertie County",5,13,186,101,85
050,37,015,"North Carolina","Bertie County",5,14,168,86,82
050,37,015,"North Carolina","Bertie County",5,15,167,84,83
050,37,015,"North Carolina","Bertie County",5,16,185,98,87
050,37,015,"North Carolina","Bertie County",5,17,185,95,90
050,37,015,"North Carolina","Bertie County",5,18,154,78,76
050,37,015,"North Carolina","Bertie County",5,19,139,72,67
050,37,015,"North Carolina","Bertie County",5,20,148,86,62
050,37,015,"North Carolina","Bertie County",5,21,203,125,78
050,37,015,"North Carolina","Bertie County",5,22,215,127,88
050,37,015,"North Carolina","Bertie County",5,23,246,171,75
050,37,015,"North Carolina","Bertie County",5,24,202,127,75
050,37,015,"North Carolina","Bertie County",5,25,209,133,76
050,37,015,"North Carolina","Bertie County",5,26,206,123,83
050,37,015,"North Carolina","Bertie County",5,27,232,164,68
050,37,015,"North Carolina","Bertie County",5,28,237,148,89
050,37,015,"North Carolina","Bertie County",5,29,237,134,103
050,37,015,"North Carolina","Bertie County",5,30,232,150,82
050,37,015,"North Carolina","Bertie County",5,31,225,152,73
050,37,015,"North Carolina","Bertie County",5,32,222,140,82
050,37,015,"North Carolina","Bertie County",5,33,209,126,83
050,37,015,"North Carolina","Bertie County",5,34,178,92,86
050,37,015,"North Carolina","Bertie County",5,35,205,108,97
050,37,015,"North Carolina","Bertie County",5,36,201,118,83
050,37,015,"North Carolina","Bertie County",5,37,169,87,82
050,37,015,"North Carolina","Bertie County",5,38,178,106,72
050,37,015,"North Carolina","Bertie County",5,39,174,98,76
050,37,015,"North Carolina","Bertie County",5,40,177,94,83
050,37,015,"North Carolina","Bertie County",5,41,184,93,91
050,37,015,"North Carolina","Bertie County",5,42,160,76,84
050,37,015,"North Carolina","Bertie County",5,43,183,88,95
050,37,015,"North Carolina","Bertie County",5,44,198,106,92
050,37,015,"North Carolina","Bertie County",5,45,166,94,72
050,37,015,"North Carolina","Bertie County",5,46,164,88,76
050,37,015,"North Carolina","Bertie County",5,47,175,79,96
050,37,015,"North Carolina","Bertie County",5,48,188,102,86
050,37,015,"North Carolina","Bertie County",5,49,200,114,86
050,37,015,"North Carolina","Bertie County",5,50,197,111,86
050,37,015,"North Carolina","Bertie County",5,51,207,105,102
050,37,015,"North Carolina","Bertie County",5,52,211,103,108
050,37,015,"North Carolina","Bertie County",5,53,196,96,100
050,37,015,"North Carolina","Bertie County",5,54,176,81,95
050,37,015,"North Carolina","Bertie County",5,55,191,88,103
050,37,015,"North Carolina","Bertie County",5,56,201,87,114
050,37,015,"North Carolina","Bertie County",5,57,225,99,126
050,37,015,"North Carolina","Bertie County",5,58,262,128,134
050,37,015,"North Carolina","Bertie County",5,59,251,123,128
050,37,015,"North Carolina","Bertie County",5,60,272,137,135
050,37,015,"North Carolina","Bertie County",5,61,277,133,144
050,37,015,"North Carolina","Bertie County",5,62,263,131,132
050,37,015,"North Carolina","Bertie County",5,63,255,120,135
050,37,015,"North Carolina","Bertie County",5,64,280,132,148
050,37,015,"North Carolina","Bertie County",5,65,316,146,170
050,37,015,"North Carolina","Bertie County",5,66,295,148,147
050,37,015,"North Carolina","Bertie County",5,67,285,129,156
050,37,015,"North Carolina","Bertie County",5,68,282,128,154
050,37,015,"North Carolina","Bertie County",5,69,248,111,137
050,37,015,"North Carolina","Bertie County",5,70,282,135,147
050,37,015,"North Carolina","Bertie County",5,71,253,112,141
050,37,015,"North Carolina","Bertie County",5,72,262,112,150
050,37,015,"North Carolina","Bertie County",5,73,229,104,125
050,37,015,"North Carolina","Bertie County",5,74,193,79,114
050,37,015,"North Carolina","Bertie County",5,75,184,83,101
050,37,015,"North Carolina","Bertie County",5,76,192,88,104
050,37,015,"North Carolina","Bertie County",5,77,135,65,70
050,37,015,"North Carolina","Bertie County",5,78,135,56,79
050,37,015,"North Carolina","Bertie County",5,79,135,52,83
050,37,015,"North Carolina","Bertie County",5,80,131,53,78
050,37,015,"North Carolina","Bertie County",5,81,109,40,69
050,37,015,"North Carolina","Bertie County",5,82,98,44,54
050,37,015,"North Carolina","Bertie County",5,83,77,27,50
050,37,015,"North Carolina","Bertie County",5,84,76,29,47
050,37,015,"North Carolina","Bertie County",5,85,515,194,321
050,37,017,"North Carolina","Bladen County",1,0,310,158,152
050,37,017,"North Carolina","Bladen County",1,1,324,160,164
050,37,017,"North Carolina","Bladen County",1,2,295,144,151
050,37,017,"North Carolina","Bladen County",1,3,309,159,150
050,37,017,"North Carolina","Bladen County",1,4,279,154,125
050,37,017,"North Carolina","Bladen County",1,5,300,152,148
050,37,017,"North Carolina","Bladen County",1,6,330,172,158
050,37,017,"North Carolina","Bladen County",1,7,312,154,158
050,37,017,"North Carolina","Bladen County",1,8,343,164,179
050,37,017,"North Carolina","Bladen County",1,9,325,152,173
050,37,017,"North Carolina","Bladen County",1,10,334,170,164
050,37,017,"North Carolina","Bladen County",1,11,362,172,190
050,37,017,"North Carolina","Bladen County",1,12,369,189,180
050,37,017,"North Carolina","Bladen County",1,13,412,205,207
050,37,017,"North Carolina","Bladen County",1,14,390,193,197
050,37,017,"North Carolina","Bladen County",1,15,374,192,182
050,37,017,"North Carolina","Bladen County",1,16,377,189,188
050,37,017,"North Carolina","Bladen County",1,17,382,188,194
050,37,017,"North Carolina","Bladen County",1,18,333,169,164
050,37,017,"North Carolina","Bladen County",1,19,297,151,146
050,37,017,"North Carolina","Bladen County",1,20,307,158,149
050,37,017,"North Carolina","Bladen County",1,21,313,162,151
050,37,017,"North Carolina","Bladen County",1,22,301,148,153
050,37,017,"North Carolina","Bladen County",1,23,326,164,162
050,37,017,"North Carolina","Bladen County",1,24,318,161,157
050,37,017,"North Carolina","Bladen County",1,25,340,173,167
050,37,017,"North Carolina","Bladen County",1,26,332,158,174
050,37,017,"North Carolina","Bladen County",1,27,344,164,180
050,37,017,"North Carolina","Bladen County",1,28,338,167,171
050,37,017,"North Carolina","Bladen County",1,29,327,169,158
050,37,017,"North Carolina","Bladen County",1,30,331,167,164
050,37,017,"North Carolina","Bladen County",1,31,291,150,141
050,37,017,"North Carolina","Bladen County",1,32,310,148,162
050,37,017,"North Carolina","Bladen County",1,33,287,149,138
050,37,017,"North Carolina","Bladen County",1,34,283,135,148
050,37,017,"North Carolina","Bladen County",1,35,307,133,174
050,37,017,"North Carolina","Bladen County",1,36,297,140,157
050,37,017,"North Carolina","Bladen County",1,37,305,157,148
050,37,017,"North Carolina","Bladen County",1,38,308,150,158
050,37,017,"North Carolina","Bladen County",1,39,303,144,159
050,37,017,"North Carolina","Bladen County",1,40,327,159,168
050,37,017,"North Carolina","Bladen County",1,41,336,161,175
050,37,017,"North Carolina","Bladen County",1,42,383,192,191
050,37,017,"North Carolina","Bladen County",1,43,345,167,178
050,37,017,"North Carolina","Bladen County",1,44,325,160,165
050,37,017,"North Carolina","Bladen County",1,45,355,177,178
050,37,017,"North Carolina","Bladen County",1,46,381,174,207
050,37,017,"North Carolina","Bladen County",1,47,395,186,209
050,37,017,"North Carolina","Bladen County",1,48,394,181,213
050,37,017,"North Carolina","Bladen County",1,49,402,186,216
050,37,017,"North Carolina","Bladen County",1,50,343,174,169
050,37,017,"North Carolina","Bladen County",1,51,361,179,182
050,37,017,"North Carolina","Bladen County",1,52,367,168,199
050,37,017,"North Carolina","Bladen County",1,53,373,174,199
050,37,017,"North Carolina","Bladen County",1,54,399,192,207
050,37,017,"North Carolina","Bladen County",1,55,418,187,231
050,37,017,"North Carolina","Bladen County",1,56,428,198,230
050,37,017,"North Carolina","Bladen County",1,57,415,207,208
050,37,017,"North Carolina","Bladen County",1,58,407,188,219
050,37,017,"North Carolina","Bladen County",1,59,413,191,222
050,37,017,"North Carolina","Bladen County",1,60,452,209,243
050,37,017,"North Carolina","Bladen County",1,61,470,214,256
050,37,017,"North Carolina","Bladen County",1,62,495,241,254
050,37,017,"North Carolina","Bladen County",1,63,462,209,253
050,37,017,"North Carolina","Bladen County",1,64,460,216,244
050,37,017,"North Carolina","Bladen County",1,65,447,204,243
050,37,017,"North Carolina","Bladen County",1,66,485,241,244
050,37,017,"North Carolina","Bladen County",1,67,468,230,238
050,37,017,"North Carolina","Bladen County",1,68,446,203,243
050,37,017,"North Carolina","Bladen County",1,69,420,190,230
050,37,017,"North Carolina","Bladen County",1,70,413,206,207
050,37,017,"North Carolina","Bladen County",1,71,380,187,193
050,37,017,"North Carolina","Bladen County",1,72,373,176,197
050,37,017,"North Carolina","Bladen County",1,73,373,172,201
050,37,017,"North Carolina","Bladen County",1,74,295,137,158
050,37,017,"North Carolina","Bladen County",1,75,290,138,152
050,37,017,"North Carolina","Bladen County",1,76,267,120,147
050,37,017,"North Carolina","Bladen County",1,77,237,106,131
050,37,017,"North Carolina","Bladen County",1,78,210,93,117
050,37,017,"North Carolina","Bladen County",1,79,198,81,117
050,37,017,"North Carolina","Bladen County",1,80,170,65,105
050,37,017,"North Carolina","Bladen County",1,81,152,65,87
050,37,017,"North Carolina","Bladen County",1,82,148,66,82
050,37,017,"North Carolina","Bladen County",1,83,135,52,83
050,37,017,"North Carolina","Bladen County",1,84,133,54,79
050,37,017,"North Carolina","Bladen County",1,85,648,217,431
050,37,017,"North Carolina","Bladen County",2,0,314,161,153
050,37,017,"North Carolina","Bladen County",2,1,324,162,162
050,37,017,"North Carolina","Bladen County",2,2,305,150,155
050,37,017,"North Carolina","Bladen County",2,3,305,154,151
050,37,017,"North Carolina","Bladen County",2,4,291,155,136
050,37,017,"North Carolina","Bladen County",2,5,296,154,142
050,37,017,"North Carolina","Bladen County",2,6,323,167,156
050,37,017,"North Carolina","Bladen County",2,7,317,160,157
050,37,017,"North Carolina","Bladen County",2,8,331,159,172
050,37,017,"North Carolina","Bladen County",2,9,327,154,173
050,37,017,"North Carolina","Bladen County",2,10,334,167,167
050,37,017,"North Carolina","Bladen County",2,11,355,172,183
050,37,017,"North Carolina","Bladen County",2,12,369,186,183
050,37,017,"North Carolina","Bladen County",2,13,401,200,201
050,37,017,"North Carolina","Bladen County",2,14,393,195,198
050,37,017,"North Carolina","Bladen County",2,15,378,192,186
050,37,017,"North Carolina","Bladen County",2,16,376,190,186
050,37,017,"North Carolina","Bladen County",2,17,381,189,192
050,37,017,"North Carolina","Bladen County",2,18,333,169,164
050,37,017,"North Carolina","Bladen County",2,19,296,151,145
050,37,017,"North Carolina","Bladen County",2,20,312,161,151
050,37,017,"North Carolina","Bladen County",2,21,312,158,154
050,37,017,"North Carolina","Bladen County",2,22,309,154,155
050,37,017,"North Carolina","Bladen County",2,23,324,162,162
050,37,017,"North Carolina","Bladen County",2,24,325,166,159
050,37,017,"North Carolina","Bladen County",2,25,337,170,167
050,37,017,"North Carolina","Bladen County",2,26,335,162,173
050,37,017,"North Carolina","Bladen County",2,27,343,162,181
050,37,017,"North Carolina","Bladen County",2,28,342,168,174
050,37,017,"North Carolina","Bladen County",2,29,328,166,162
050,37,017,"North Carolina","Bladen County",2,30,329,167,162
050,37,017,"North Carolina","Bladen County",2,31,299,154,145
050,37,017,"North Carolina","Bladen County",2,32,307,151,156
050,37,017,"North Carolina","Bladen County",2,33,290,148,142
050,37,017,"North Carolina","Bladen County",2,34,284,139,145
050,37,017,"North Carolina","Bladen County",2,35,302,134,168
050,37,017,"North Carolina","Bladen County",2,36,296,139,157
050,37,017,"North Carolina","Bladen County",2,37,303,154,149
050,37,017,"North Carolina","Bladen County",2,38,310,155,155
050,37,017,"North Carolina","Bladen County",2,39,304,145,159
050,37,017,"North Carolina","Bladen County",2,40,325,157,168
050,37,017,"North Carolina","Bladen County",2,41,336,161,175
050,37,017,"North Carolina","Bladen County",2,42,371,185,186
050,37,017,"North Carolina","Bladen County",2,43,356,172,184
050,37,017,"North Carolina","Bladen County",2,44,330,162,168
050,37,017,"North Carolina","Bladen County",2,45,355,176,179
050,37,017,"North Carolina","Bladen County",2,46,374,174,200
050,37,017,"North Carolina","Bladen County",2,47,388,181,207
050,37,017,"North Carolina","Bladen County",2,48,396,183,213
050,37,017,"North Carolina","Bladen County",2,49,400,186,214
050,37,017,"North Carolina","Bladen County",2,50,357,177,180
050,37,017,"North Carolina","Bladen County",2,51,356,176,180
050,37,017,"North Carolina","Bladen County",2,52,369,173,196
050,37,017,"North Carolina","Bladen County",2,53,367,170,197
050,37,017,"North Carolina","Bladen County",2,54,393,188,205
050,37,017,"North Carolina","Bladen County",2,55,416,190,226
050,37,017,"North Carolina","Bladen County",2,56,425,195,230
050,37,017,"North Carolina","Bladen County",2,57,418,202,216
050,37,017,"North Carolina","Bladen County",2,58,408,193,215
050,37,017,"North Carolina","Bladen County",2,59,411,188,223
050,37,017,"North Carolina","Bladen County",2,60,440,203,237
050,37,017,"North Carolina","Bladen County",2,61,464,211,253
050,37,017,"North Carolina","Bladen County",2,62,491,237,254
050,37,017,"North Carolina","Bladen County",2,63,475,218,257
050,37,017,"North Carolina","Bladen County",2,64,453,210,243
050,37,017,"North Carolina","Bladen County",2,65,451,208,243
050,37,017,"North Carolina","Bladen County",2,66,473,230,243
050,37,017,"North Carolina","Bladen County",2,67,473,234,239
050,37,017,"North Carolina","Bladen County",2,68,446,207,239
050,37,017,"North Carolina","Bladen County",2,69,425,190,235
050,37,017,"North Carolina","Bladen County",2,70,415,203,212
050,37,017,"North Carolina","Bladen County",2,71,387,192,195
050,37,017,"North Carolina","Bladen County",2,72,369,176,193
050,37,017,"North Carolina","Bladen County",2,73,388,181,207
050,37,017,"North Carolina","Bladen County",2,74,297,136,161
050,37,017,"North Carolina","Bladen County",2,75,286,137,149
050,37,017,"North Carolina","Bladen County",2,76,268,122,146
050,37,017,"North Carolina","Bladen County",2,77,244,109,135
050,37,017,"North Carolina","Bladen County",2,78,210,93,117
050,37,017,"North Carolina","Bladen County",2,79,199,82,117
050,37,017,"North Carolina","Bladen County",2,80,173,68,105
050,37,017,"North Carolina","Bladen County",2,81,151,63,88
050,37,017,"North Carolina","Bladen County",2,82,148,65,83
050,37,017,"North Carolina","Bladen County",2,83,137,56,81
050,37,017,"North Carolina","Bladen County",2,84,127,52,75
050,37,017,"North Carolina","Bladen County",2,85,651,220,431
050,37,017,"North Carolina","Bladen County",3,0,343,179,164
050,37,017,"North Carolina","Bladen County",3,1,310,153,157
050,37,017,"North Carolina","Bladen County",3,2,319,154,165
050,37,017,"North Carolina","Bladen County",3,3,309,157,152
050,37,017,"North Carolina","Bladen County",3,4,321,169,152
050,37,017,"North Carolina","Bladen County",3,5,301,163,138
050,37,017,"North Carolina","Bladen County",3,6,289,152,137
050,37,017,"North Carolina","Bladen County",3,7,322,163,159
050,37,017,"North Carolina","Bladen County",3,8,327,161,166
050,37,017,"North Carolina","Bladen County",3,9,334,164,170
050,37,017,"North Carolina","Bladen County",3,10,336,157,179
050,37,017,"North Carolina","Bladen County",3,11,323,161,162
050,37,017,"North Carolina","Bladen County",3,12,361,180,181
050,37,017,"North Carolina","Bladen County",3,13,366,184,182
050,37,017,"North Carolina","Bladen County",3,14,391,192,199
050,37,017,"North Carolina","Bladen County",3,15,392,194,198
050,37,017,"North Carolina","Bladen County",3,16,367,181,186
050,37,017,"North Carolina","Bladen County",3,17,368,180,188
050,37,017,"North Carolina","Bladen County",3,18,321,163,158
050,37,017,"North Carolina","Bladen County",3,19,286,152,134
050,37,017,"North Carolina","Bladen County",3,20,321,162,159
050,37,017,"North Carolina","Bladen County",3,21,316,146,170
050,37,017,"North Carolina","Bladen County",3,22,322,160,162
050,37,017,"North Carolina","Bladen County",3,23,307,156,151
050,37,017,"North Carolina","Bladen County",3,24,332,165,167
050,37,017,"North Carolina","Bladen County",3,25,334,164,170
050,37,017,"North Carolina","Bladen County",3,26,325,159,166
050,37,017,"North Carolina","Bladen County",3,27,322,151,171
050,37,017,"North Carolina","Bladen County",3,28,345,163,182
050,37,017,"North Carolina","Bladen County",3,29,339,168,171
050,37,017,"North Carolina","Bladen County",3,30,317,156,161
050,37,017,"North Carolina","Bladen County",3,31,340,172,168
050,37,017,"North Carolina","Bladen County",3,32,304,155,149
050,37,017,"North Carolina","Bladen County",3,33,311,151,160
050,37,017,"North Carolina","Bladen County",3,34,293,150,143
050,37,017,"North Carolina","Bladen County",3,35,280,137,143
050,37,017,"North Carolina","Bladen County",3,36,299,133,166
050,37,017,"North Carolina","Bladen County",3,37,294,133,161
050,37,017,"North Carolina","Bladen County",3,38,285,145,140
050,37,017,"North Carolina","Bladen County",3,39,291,142,149
050,37,017,"North Carolina","Bladen County",3,40,300,145,155
050,37,017,"North Carolina","Bladen County",3,41,311,147,164
050,37,017,"North Carolina","Bladen County",3,42,342,164,178
050,37,017,"North Carolina","Bladen County",3,43,348,168,180
050,37,017,"North Carolina","Bladen County",3,44,352,175,177
050,37,017,"North Carolina","Bladen County",3,45,342,167,175
050,37,017,"North Carolina","Bladen County",3,46,363,178,185
050,37,017,"North Carolina","Bladen County",3,47,370,173,197
050,37,017,"North Carolina","Bladen County",3,48,397,190,207
050,37,017,"North Carolina","Bladen County",3,49,394,185,209
050,37,017,"North Carolina","Bladen County",3,50,405,184,221
050,37,017,"North Carolina","Bladen County",3,51,360,179,181
050,37,017,"North Carolina","Bladen County",3,52,364,180,184
050,37,017,"North Carolina","Bladen County",3,53,369,176,193
050,37,017,"North Carolina","Bladen County",3,54,369,170,199
050,37,017,"North Carolina","Bladen County",3,55,404,186,218
050,37,017,"North Carolina","Bladen County",3,56,417,187,230
050,37,017,"North Carolina","Bladen County",3,57,423,192,231
050,37,017,"North Carolina","Bladen County",3,58,418,206,212
050,37,017,"North Carolina","Bladen County",3,59,400,186,214
050,37,017,"North Carolina","Bladen County",3,60,401,185,216
050,37,017,"North Carolina","Bladen County",3,61,440,197,243
050,37,017,"North Carolina","Bladen County",3,62,474,213,261
050,37,017,"North Carolina","Bladen County",3,63,507,243,264
050,37,017,"North Carolina","Bladen County",3,64,473,220,253
050,37,017,"North Carolina","Bladen County",3,65,445,205,240
050,37,017,"North Carolina","Bladen County",3,66,445,204,241
050,37,017,"North Carolina","Bladen County",3,67,469,222,247
050,37,017,"North Carolina","Bladen County",3,68,472,238,234
050,37,017,"North Carolina","Bladen County",3,69,439,197,242
050,37,017,"North Carolina","Bladen County",3,70,419,184,235
050,37,017,"North Carolina","Bladen County",3,71,405,198,207
050,37,017,"North Carolina","Bladen County",3,72,374,187,187
050,37,017,"North Carolina","Bladen County",3,73,361,167,194
050,37,017,"North Carolina","Bladen County",3,74,375,172,203
050,37,017,"North Carolina","Bladen County",3,75,278,123,155
050,37,017,"North Carolina","Bladen County",3,76,269,129,140
050,37,017,"North Carolina","Bladen County",3,77,258,118,140
050,37,017,"North Carolina","Bladen County",3,78,223,97,126
050,37,017,"North Carolina","Bladen County",3,79,201,88,113
050,37,017,"North Carolina","Bladen County",3,80,190,78,112
050,37,017,"North Carolina","Bladen County",3,81,166,66,100
050,37,017,"North Carolina","Bladen County",3,82,138,56,82
050,37,017,"North Carolina","Bladen County",3,83,128,54,74
050,37,017,"North Carolina","Bladen County",3,84,124,51,73
050,37,017,"North Carolina","Bladen County",3,85,659,227,432
050,37,017,"North Carolina","Bladen County",4,0,347,171,176
050,37,017,"North Carolina","Bladen County",4,1,343,172,171
050,37,017,"North Carolina","Bladen County",4,2,315,160,155
050,37,017,"North Carolina","Bladen County",4,3,323,153,170
050,37,017,"North Carolina","Bladen County",4,4,322,161,161
050,37,017,"North Carolina","Bladen County",4,5,316,170,146
050,37,017,"North Carolina","Bladen County",4,6,288,153,135
050,37,017,"North Carolina","Bladen County",4,7,298,161,137
050,37,017,"North Carolina","Bladen County",4,8,319,156,163
050,37,017,"North Carolina","Bladen County",4,9,312,153,159
050,37,017,"North Carolina","Bladen County",4,10,334,162,172
050,37,017,"North Carolina","Bladen County",4,11,333,153,180
050,37,017,"North Carolina","Bladen County",4,12,312,152,160
050,37,017,"North Carolina","Bladen County",4,13,359,177,182
050,37,017,"North Carolina","Bladen County",4,14,356,176,180
050,37,017,"North Carolina","Bladen County",4,15,395,197,198
050,37,017,"North Carolina","Bladen County",4,16,388,196,192
050,37,017,"North Carolina","Bladen County",4,17,367,179,188
050,37,017,"North Carolina","Bladen County",4,18,325,167,158
050,37,017,"North Carolina","Bladen County",4,19,261,137,124
050,37,017,"North Carolina","Bladen County",4,20,300,155,145
050,37,017,"North Carolina","Bladen County",4,21,334,162,172
050,37,017,"North Carolina","Bladen County",4,22,324,150,174
050,37,017,"North Carolina","Bladen County",4,23,326,155,171
050,37,017,"North Carolina","Bladen County",4,24,315,168,147
050,37,017,"North Carolina","Bladen County",4,25,334,168,166
050,37,017,"North Carolina","Bladen County",4,26,339,169,170
050,37,017,"North Carolina","Bladen County",4,27,321,157,164
050,37,017,"North Carolina","Bladen County",4,28,337,166,171
050,37,017,"North Carolina","Bladen County",4,29,332,155,177
050,37,017,"North Carolina","Bladen County",4,30,332,166,166
050,37,017,"North Carolina","Bladen County",4,31,318,165,153
050,37,017,"North Carolina","Bladen County",4,32,346,176,170
050,37,017,"North Carolina","Bladen County",4,33,305,160,145
050,37,017,"North Carolina","Bladen County",4,34,306,150,156
050,37,017,"North Carolina","Bladen County",4,35,302,154,148
050,37,017,"North Carolina","Bladen County",4,36,284,141,143
050,37,017,"North Carolina","Bladen County",4,37,308,141,167
050,37,017,"North Carolina","Bladen County",4,38,300,132,168
050,37,017,"North Carolina","Bladen County",4,39,298,147,151
050,37,017,"North Carolina","Bladen County",4,40,291,141,150
050,37,017,"North Carolina","Bladen County",4,41,300,146,154
050,37,017,"North Carolina","Bladen County",4,42,319,152,167
050,37,017,"North Carolina","Bladen County",4,43,320,150,170
050,37,017,"North Carolina","Bladen County",4,44,336,166,170
050,37,017,"North Carolina","Bladen County",4,45,361,182,179
050,37,017,"North Carolina","Bladen County",4,46,346,163,183
050,37,017,"North Carolina","Bladen County",4,47,358,175,183
050,37,017,"North Carolina","Bladen County",4,48,361,177,184
050,37,017,"North Carolina","Bladen County",4,49,390,187,203
050,37,017,"North Carolina","Bladen County",4,50,395,182,213
050,37,017,"North Carolina","Bladen County",4,51,404,184,220
050,37,017,"North Carolina","Bladen County",4,52,366,173,193
050,37,017,"North Carolina","Bladen County",4,53,362,182,180
050,37,017,"North Carolina","Bladen County",4,54,364,173,191
050,37,017,"North Carolina","Bladen County",4,55,370,172,198
050,37,017,"North Carolina","Bladen County",4,56,407,193,214
050,37,017,"North Carolina","Bladen County",4,57,401,180,221
050,37,017,"North Carolina","Bladen County",4,58,426,191,235
050,37,017,"North Carolina","Bladen County",4,59,400,186,214
050,37,017,"North Carolina","Bladen County",4,60,375,166,209
050,37,017,"North Carolina","Bladen County",4,61,401,186,215
050,37,017,"North Carolina","Bladen County",4,62,443,197,246
050,37,017,"North Carolina","Bladen County",4,63,459,205,254
050,37,017,"North Carolina","Bladen County",4,64,497,239,258
050,37,017,"North Carolina","Bladen County",4,65,463,225,238
050,37,017,"North Carolina","Bladen County",4,66,435,195,240
050,37,017,"North Carolina","Bladen County",4,67,446,193,253
050,37,017,"North Carolina","Bladen County",4,68,464,219,245
050,37,017,"North Carolina","Bladen County",4,69,457,231,226
050,37,017,"North Carolina","Bladen County",4,70,429,190,239
050,37,017,"North Carolina","Bladen County",4,71,410,179,231
050,37,017,"North Carolina","Bladen County",4,72,377,186,191
050,37,017,"North Carolina","Bladen County",4,73,371,184,187
050,37,017,"North Carolina","Bladen County",4,74,352,163,189
050,37,017,"North Carolina","Bladen County",4,75,354,161,193
050,37,017,"North Carolina","Bladen County",4,76,263,117,146
050,37,017,"North Carolina","Bladen County",4,77,260,124,136
050,37,017,"North Carolina","Bladen County",4,78,239,109,130
050,37,017,"North Carolina","Bladen County",4,79,215,95,120
050,37,017,"North Carolina","Bladen County",4,80,190,81,109
050,37,017,"North Carolina","Bladen County",4,81,181,72,109
050,37,017,"North Carolina","Bladen County",4,82,158,61,97
050,37,017,"North Carolina","Bladen County",4,83,123,46,77
050,37,017,"North Carolina","Bladen County",4,84,105,46,59
050,37,017,"North Carolina","Bladen County",4,85,673,236,437
050,37,017,"North Carolina","Bladen County",5,0,339,164,175
050,37,017,"North Carolina","Bladen County",5,1,359,179,180
050,37,017,"North Carolina","Bladen County",5,2,338,166,172
050,37,017,"North Carolina","Bladen County",5,3,309,163,146
050,37,017,"North Carolina","Bladen County",5,4,338,166,172
050,37,017,"North Carolina","Bladen County",5,5,336,163,173
050,37,017,"North Carolina","Bladen County",5,6,323,166,157
050,37,017,"North Carolina","Bladen County",5,7,285,157,128
050,37,017,"North Carolina","Bladen County",5,8,298,158,140
050,37,017,"North Carolina","Bladen County",5,9,331,165,166
050,37,017,"North Carolina","Bladen County",5,10,328,160,168
050,37,017,"North Carolina","Bladen County",5,11,341,167,174
050,37,017,"North Carolina","Bladen County",5,12,333,157,176
050,37,017,"North Carolina","Bladen County",5,13,329,164,165
050,37,017,"North Carolina","Bladen County",5,14,357,172,185
050,37,017,"North Carolina","Bladen County",5,15,363,181,182
050,37,017,"North Carolina","Bladen County",5,16,385,186,199
050,37,017,"North Carolina","Bladen County",5,17,392,195,197
050,37,017,"North Carolina","Bladen County",5,18,311,151,160
050,37,017,"North Carolina","Bladen County",5,19,274,141,133
050,37,017,"North Carolina","Bladen County",5,20,273,136,137
050,37,017,"North Carolina","Bladen County",5,21,317,160,157
050,37,017,"North Carolina","Bladen County",5,22,354,178,176
050,37,017,"North Carolina","Bladen County",5,23,338,154,184
050,37,017,"North Carolina","Bladen County",5,24,331,160,171
050,37,017,"North Carolina","Bladen County",5,25,325,174,151
050,37,017,"North Carolina","Bladen County",5,26,326,161,165
050,37,017,"North Carolina","Bladen County",5,27,339,167,172
050,37,017,"North Carolina","Bladen County",5,28,337,172,165
050,37,017,"North Carolina","Bladen County",5,29,324,150,174
050,37,017,"North Carolina","Bladen County",5,30,354,164,190
050,37,017,"North Carolina","Bladen County",5,31,341,175,166
050,37,017,"North Carolina","Bladen County",5,32,327,177,150
050,37,017,"North Carolina","Bladen County",5,33,343,167,176
050,37,017,"North Carolina","Bladen County",5,34,313,160,153
050,37,017,"North Carolina","Bladen County",5,35,304,150,154
050,37,017,"North Carolina","Bladen County",5,36,308,166,142
050,37,017,"North Carolina","Bladen County",5,37,299,147,152
050,37,017,"North Carolina","Bladen County",5,38,311,145,166
050,37,017,"North Carolina","Bladen County",5,39,303,136,167
050,37,017,"North Carolina","Bladen County",5,40,313,159,154
050,37,017,"North Carolina","Bladen County",5,41,286,141,145
050,37,017,"North Carolina","Bladen County",5,42,313,148,165
050,37,017,"North Carolina","Bladen County",5,43,311,138,173
050,37,017,"North Carolina","Bladen County",5,44,312,150,162
050,37,017,"North Carolina","Bladen County",5,45,350,174,176
050,37,017,"North Carolina","Bladen County",5,46,372,185,187
050,37,017,"North Carolina","Bladen County",5,47,336,158,178
050,37,017,"North Carolina","Bladen County",5,48,354,179,175
050,37,017,"North Carolina","Bladen County",5,49,360,180,180
050,37,017,"North Carolina","Bladen County",5,50,376,175,201
050,37,017,"North Carolina","Bladen County",5,51,386,178,208
050,37,017,"North Carolina","Bladen County",5,52,401,183,218
050,37,017,"North Carolina","Bladen County",5,53,355,169,186
050,37,017,"North Carolina","Bladen County",5,54,352,179,173
050,37,017,"North Carolina","Bladen County",5,55,370,176,194
050,37,017,"North Carolina","Bladen County",5,56,369,171,198
050,37,017,"North Carolina","Bladen County",5,57,414,194,220
050,37,017,"North Carolina","Bladen County",5,58,397,179,218
050,37,017,"North Carolina","Bladen County",5,59,422,189,233
050,37,017,"North Carolina","Bladen County",5,60,403,182,221
050,37,017,"North Carolina","Bladen County",5,61,379,172,207
050,37,017,"North Carolina","Bladen County",5,62,406,191,215
050,37,017,"North Carolina","Bladen County",5,63,435,191,244
050,37,017,"North Carolina","Bladen County",5,64,462,211,251
050,37,017,"North Carolina","Bladen County",5,65,484,229,255
050,37,017,"North Carolina","Bladen County",5,66,448,219,229
050,37,017,"North Carolina","Bladen County",5,67,438,193,245
050,37,017,"North Carolina","Bladen County",5,68,440,189,251
050,37,017,"North Carolina","Bladen County",5,69,446,210,236
050,37,017,"North Carolina","Bladen County",5,70,450,225,225
050,37,017,"North Carolina","Bladen County",5,71,427,192,235
050,37,017,"North Carolina","Bladen County",5,72,387,169,218
050,37,017,"North Carolina","Bladen County",5,73,369,178,191
050,37,017,"North Carolina","Bladen County",5,74,360,179,181
050,37,017,"North Carolina","Bladen County",5,75,334,153,181
050,37,017,"North Carolina","Bladen County",5,76,334,152,182
050,37,017,"North Carolina","Bladen County",5,77,260,117,143
050,37,017,"North Carolina","Bladen County",5,78,244,116,128
050,37,017,"North Carolina","Bladen County",5,79,227,101,126
050,37,017,"North Carolina","Bladen County",5,80,205,89,116
050,37,017,"North Carolina","Bladen County",5,81,180,77,103
050,37,017,"North Carolina","Bladen County",5,82,165,64,101
050,37,017,"North Carolina","Bladen County",5,83,142,53,89
050,37,017,"North Carolina","Bladen County",5,84,103,39,64
050,37,017,"North Carolina","Bladen County",5,85,671,251,420
050,37,019,"North Carolina","Brunswick County",1,0,963,493,470
050,37,019,"North Carolina","Brunswick County",1,1,1001,525,476
050,37,019,"North Carolina","Brunswick County",1,2,978,545,433
050,37,019,"North Carolina","Brunswick County",1,3,1041,548,493
050,37,019,"North Carolina","Brunswick County",1,4,1049,542,507
050,37,019,"North Carolina","Brunswick County",1,5,1094,544,550
050,37,019,"North Carolina","Brunswick County",1,6,1080,534,546
050,37,019,"North Carolina","Brunswick County",1,7,1145,596,549
050,37,019,"North Carolina","Brunswick County",1,8,1120,575,545
050,37,019,"North Carolina","Brunswick County",1,9,1099,583,516
050,37,019,"North Carolina","Brunswick County",1,10,1202,649,553
050,37,019,"North Carolina","Brunswick County",1,11,1213,638,575
050,37,019,"North Carolina","Brunswick County",1,12,1293,668,625
050,37,019,"North Carolina","Brunswick County",1,13,1199,619,580
050,37,019,"North Carolina","Brunswick County",1,14,1235,610,625
050,37,019,"North Carolina","Brunswick County",1,15,1187,597,590
050,37,019,"North Carolina","Brunswick County",1,16,1151,588,563
050,37,019,"North Carolina","Brunswick County",1,17,1184,618,566
050,37,019,"North Carolina","Brunswick County",1,18,1025,540,485
050,37,019,"North Carolina","Brunswick County",1,19,907,467,440
050,37,019,"North Carolina","Brunswick County",1,20,977,512,465
050,37,019,"North Carolina","Brunswick County",1,21,992,501,491
050,37,019,"North Carolina","Brunswick County",1,22,1021,519,502
050,37,019,"North Carolina","Brunswick County",1,23,1111,564,547
050,37,019,"North Carolina","Brunswick County",1,24,1109,566,543
050,37,019,"North Carolina","Brunswick County",1,25,1095,537,558
050,37,019,"North Carolina","Brunswick County",1,26,1200,607,593
050,37,019,"North Carolina","Brunswick County",1,27,1212,611,601
050,37,019,"North Carolina","Brunswick County",1,28,1204,572,632
050,37,019,"North Carolina","Brunswick County",1,29,1266,663,603
050,37,019,"North Carolina","Brunswick County",1,30,1282,638,644
050,37,019,"North Carolina","Brunswick County",1,31,1239,583,656
050,37,019,"North Carolina","Brunswick County",1,32,1210,571,639
050,37,019,"North Carolina","Brunswick County",1,33,1191,576,615
050,37,019,"North Carolina","Brunswick County",1,34,1282,598,684
050,37,019,"North Carolina","Brunswick County",1,35,1207,587,620
050,37,019,"North Carolina","Brunswick County",1,36,1223,613,610
050,37,019,"North Carolina","Brunswick County",1,37,1317,652,665
050,37,019,"North Carolina","Brunswick County",1,38,1308,602,706
050,37,019,"North Carolina","Brunswick County",1,39,1315,618,697
050,37,019,"North Carolina","Brunswick County",1,40,1288,629,659
050,37,019,"North Carolina","Brunswick County",1,41,1305,638,667
050,37,019,"North Carolina","Brunswick County",1,42,1274,613,661
050,37,019,"North Carolina","Brunswick County",1,43,1237,589,648
050,37,019,"North Carolina","Brunswick County",1,44,1302,651,651
050,37,019,"North Carolina","Brunswick County",1,45,1311,653,658
050,37,019,"North Carolina","Brunswick County",1,46,1248,610,638
050,37,019,"North Carolina","Brunswick County",1,47,1351,668,683
050,37,019,"North Carolina","Brunswick County",1,48,1462,734,728
050,37,019,"North Carolina","Brunswick County",1,49,1582,779,803
050,37,019,"North Carolina","Brunswick County",1,50,1518,724,794
050,37,019,"North Carolina","Brunswick County",1,51,1489,691,798
050,37,019,"North Carolina","Brunswick County",1,52,1479,682,797
050,37,019,"North Carolina","Brunswick County",1,53,1702,818,884
050,37,019,"North Carolina","Brunswick County",1,54,1687,789,898
050,37,019,"North Carolina","Brunswick County",1,55,1937,874,1063
050,37,019,"North Carolina","Brunswick County",1,56,2008,870,1138
050,37,019,"North Carolina","Brunswick County",1,57,2119,961,1158
050,37,019,"North Carolina","Brunswick County",1,58,2246,1008,1238
050,37,019,"North Carolina","Brunswick County",1,59,2350,1019,1331
050,37,019,"North Carolina","Brunswick County",1,60,2598,1149,1449
050,37,019,"North Carolina","Brunswick County",1,61,2704,1197,1507
050,37,019,"North Carolina","Brunswick County",1,62,2920,1303,1617
050,37,019,"North Carolina","Brunswick County",1,63,3048,1405,1643
050,37,019,"North Carolina","Brunswick County",1,64,3123,1406,1717
050,37,019,"North Carolina","Brunswick County",1,65,3260,1485,1775
050,37,019,"North Carolina","Brunswick County",1,66,3260,1449,1811
050,37,019,"North Carolina","Brunswick County",1,67,3248,1505,1743
050,37,019,"North Carolina","Brunswick County",1,68,3324,1527,1797
050,37,019,"North Carolina","Brunswick County",1,69,3108,1474,1634
050,37,019,"North Carolina","Brunswick County",1,70,3022,1462,1560
050,37,019,"North Carolina","Brunswick County",1,71,2960,1437,1523
050,37,019,"North Carolina","Brunswick County",1,72,2942,1481,1461
050,37,019,"North Carolina","Brunswick County",1,73,2892,1474,1418
050,37,019,"North Carolina","Brunswick County",1,74,1970,978,992
050,37,019,"North Carolina","Brunswick County",1,75,1863,929,934
050,37,019,"North Carolina","Brunswick County",1,76,1820,937,883
050,37,019,"North Carolina","Brunswick County",1,77,1767,909,858
050,37,019,"North Carolina","Brunswick County",1,78,1378,716,662
050,37,019,"North Carolina","Brunswick County",1,79,1140,587,553
050,37,019,"North Carolina","Brunswick County",1,80,973,493,480
050,37,019,"North Carolina","Brunswick County",1,81,878,449,429
050,37,019,"North Carolina","Brunswick County",1,82,726,352,374
050,37,019,"North Carolina","Brunswick County",1,83,579,265,314
050,37,019,"North Carolina","Brunswick County",1,84,555,275,280
050,37,019,"North Carolina","Brunswick County",1,85,2815,1092,1723
050,37,019,"North Carolina","Brunswick County",2,0,956,476,480
050,37,019,"North Carolina","Brunswick County",2,1,1006,526,480
050,37,019,"North Carolina","Brunswick County",2,2,1000,548,452
050,37,019,"North Carolina","Brunswick County",2,3,1025,548,477
050,37,019,"North Carolina","Brunswick County",2,4,1059,550,509
050,37,019,"North Carolina","Brunswick County",2,5,1092,546,546
050,37,019,"North Carolina","Brunswick County",2,6,1091,543,548
050,37,019,"North Carolina","Brunswick County",2,7,1133,584,549
050,37,019,"North Carolina","Brunswick County",2,8,1127,579,548
050,37,019,"North Carolina","Brunswick County",2,9,1109,586,523
050,37,019,"North Carolina","Brunswick County",2,10,1177,630,547
050,37,019,"North Carolina","Brunswick County",2,11,1209,640,569
050,37,019,"North Carolina","Brunswick County",2,12,1278,665,613
050,37,019,"North Carolina","Brunswick County",2,13,1231,633,598
050,37,019,"North Carolina","Brunswick County",2,14,1229,615,614
050,37,019,"North Carolina","Brunswick County",2,15,1203,603,600
050,37,019,"North Carolina","Brunswick County",2,16,1172,595,577
050,37,019,"North Carolina","Brunswick County",2,17,1186,615,571
050,37,019,"North Carolina","Brunswick County",2,18,1029,543,486
050,37,019,"North Carolina","Brunswick County",2,19,903,465,438
050,37,019,"North Carolina","Brunswick County",2,20,996,517,479
050,37,019,"North Carolina","Brunswick County",2,21,1003,511,492
050,37,019,"North Carolina","Brunswick County",2,22,1044,526,518
050,37,019,"North Carolina","Brunswick County",2,23,1115,565,550
050,37,019,"North Carolina","Brunswick County",2,24,1120,571,549
050,37,019,"North Carolina","Brunswick County",2,25,1116,554,562
050,37,019,"North Carolina","Brunswick County",2,26,1191,603,588
050,37,019,"North Carolina","Brunswick County",2,27,1224,613,611
050,37,019,"North Carolina","Brunswick County",2,28,1221,593,628
050,37,019,"North Carolina","Brunswick County",2,29,1269,647,622
050,37,019,"North Carolina","Brunswick County",2,30,1296,651,645
050,37,019,"North Carolina","Brunswick County",2,31,1262,606,656
050,37,019,"North Carolina","Brunswick County",2,32,1231,580,651
050,37,019,"North Carolina","Brunswick County",2,33,1211,581,630
050,37,019,"North Carolina","Brunswick County",2,34,1268,599,669
050,37,019,"North Carolina","Brunswick County",2,35,1251,603,648
050,37,019,"North Carolina","Brunswick County",2,36,1223,607,616
050,37,019,"North Carolina","Brunswick County",2,37,1311,647,664
050,37,019,"North Carolina","Brunswick County",2,38,1319,617,702
050,37,019,"North Carolina","Brunswick County",2,39,1319,621,698
050,37,019,"North Carolina","Brunswick County",2,40,1308,633,675
050,37,019,"North Carolina","Brunswick County",2,41,1302,637,665
050,37,019,"North Carolina","Brunswick County",2,42,1279,615,664
050,37,019,"North Carolina","Brunswick County",2,43,1272,608,664
050,37,019,"North Carolina","Brunswick County",2,44,1287,635,652
050,37,019,"North Carolina","Brunswick County",2,45,1319,656,663
050,37,019,"North Carolina","Brunswick County",2,46,1272,621,651
050,37,019,"North Carolina","Brunswick County",2,47,1333,655,678
050,37,019,"North Carolina","Brunswick County",2,48,1453,723,730
050,37,019,"North Carolina","Brunswick County",2,49,1580,780,800
050,37,019,"North Carolina","Brunswick County",2,50,1554,748,806
050,37,019,"North Carolina","Brunswick County",2,51,1507,701,806
050,37,019,"North Carolina","Brunswick County",2,52,1508,694,814
050,37,019,"North Carolina","Brunswick County",2,53,1670,794,876
050,37,019,"North Carolina","Brunswick County",2,54,1728,812,916
050,37,019,"North Carolina","Brunswick County",2,55,1916,866,1050
050,37,019,"North Carolina","Brunswick County",2,56,2045,894,1151
050,37,019,"North Carolina","Brunswick County",2,57,2140,959,1181
050,37,019,"North Carolina","Brunswick County",2,58,2257,1015,1242
050,37,019,"North Carolina","Brunswick County",2,59,2402,1054,1348
050,37,019,"North Carolina","Brunswick County",2,60,2597,1142,1455
050,37,019,"North Carolina","Brunswick County",2,61,2742,1212,1530
050,37,019,"North Carolina","Brunswick County",2,62,2942,1316,1626
050,37,019,"North Carolina","Brunswick County",2,63,3128,1435,1693
050,37,019,"North Carolina","Brunswick County",2,64,3171,1441,1730
050,37,019,"North Carolina","Brunswick County",2,65,3287,1494,1793
050,37,019,"North Carolina","Brunswick County",2,66,3320,1489,1831
050,37,019,"North Carolina","Brunswick County",2,67,3272,1504,1768
050,37,019,"North Carolina","Brunswick County",2,68,3324,1536,1788
050,37,019,"North Carolina","Brunswick County",2,69,3210,1512,1698
050,37,019,"North Carolina","Brunswick County",2,70,3044,1470,1574
050,37,019,"North Carolina","Brunswick County",2,71,2997,1456,1541
050,37,019,"North Carolina","Brunswick County",2,72,2907,1452,1455
050,37,019,"North Carolina","Brunswick County",2,73,3041,1543,1498
050,37,019,"North Carolina","Brunswick County",2,74,2052,1024,1028
050,37,019,"North Carolina","Brunswick County",2,75,1890,944,946
050,37,019,"North Carolina","Brunswick County",2,76,1810,927,883
050,37,019,"North Carolina","Brunswick County",2,77,1802,924,878
050,37,019,"North Carolina","Brunswick County",2,78,1437,744,693
050,37,019,"North Carolina","Brunswick County",2,79,1185,611,574
050,37,019,"North Carolina","Brunswick County",2,80,1000,509,491
050,37,019,"North Carolina","Brunswick County",2,81,892,451,441
050,37,019,"North Carolina","Brunswick County",2,82,757,372,385
050,37,019,"North Carolina","Brunswick County",2,83,603,281,322
050,37,019,"North Carolina","Brunswick County",2,84,554,266,288
050,37,019,"North Carolina","Brunswick County",2,85,2867,1121,1746
050,37,019,"North Carolina","Brunswick County",3,0,1069,566,503
050,37,019,"North Carolina","Brunswick County",3,1,1014,513,501
050,37,019,"North Carolina","Brunswick County",3,2,1035,544,491
050,37,019,"North Carolina","Brunswick County",3,3,1003,536,467
050,37,019,"North Carolina","Brunswick County",3,4,1052,552,500
050,37,019,"North Carolina","Brunswick County",3,5,1085,555,530
050,37,019,"North Carolina","Brunswick County",3,6,1132,575,557
050,37,019,"North Carolina","Brunswick County",3,7,1138,565,573
050,37,019,"North Carolina","Brunswick County",3,8,1156,599,557
050,37,019,"North Carolina","Brunswick County",3,9,1147,589,558
050,37,019,"North Carolina","Brunswick County",3,10,1131,587,544
050,37,019,"North Carolina","Brunswick County",3,11,1234,646,588
050,37,019,"North Carolina","Brunswick County",3,12,1258,665,593
050,37,019,"North Carolina","Brunswick County",3,13,1330,699,631
050,37,019,"North Carolina","Brunswick County",3,14,1291,653,638
050,37,019,"North Carolina","Brunswick County",3,15,1252,633,619
050,37,019,"North Carolina","Brunswick County",3,16,1224,611,613
050,37,019,"North Carolina","Brunswick County",3,17,1197,607,590
050,37,019,"North Carolina","Brunswick County",3,18,1064,561,503
050,37,019,"North Carolina","Brunswick County",3,19,916,489,427
050,37,019,"North Carolina","Brunswick County",3,20,1044,529,515
050,37,019,"North Carolina","Brunswick County",3,21,1092,563,529
050,37,019,"North Carolina","Brunswick County",3,22,1145,569,576
050,37,019,"North Carolina","Brunswick County",3,23,1149,573,576
050,37,019,"North Carolina","Brunswick County",3,24,1196,620,576
050,37,019,"North Carolina","Brunswick County",3,25,1178,617,561
050,37,019,"North Carolina","Brunswick County",3,26,1228,618,610
050,37,019,"North Carolina","Brunswick County",3,27,1300,644,656
050,37,019,"North Carolina","Brunswick County",3,28,1308,663,645
050,37,019,"North Carolina","Brunswick County",3,29,1338,647,691
050,37,019,"North Carolina","Brunswick County",3,30,1362,701,661
050,37,019,"North Carolina","Brunswick County",3,31,1368,680,688
050,37,019,"North Carolina","Brunswick County",3,32,1383,671,712
050,37,019,"North Carolina","Brunswick County",3,33,1307,632,675
050,37,019,"North Carolina","Brunswick County",3,34,1243,589,654
050,37,019,"North Carolina","Brunswick County",3,35,1341,627,714
050,37,019,"North Carolina","Brunswick County",3,36,1311,642,669
050,37,019,"North Carolina","Brunswick County",3,37,1285,637,648
050,37,019,"North Carolina","Brunswick County",3,38,1353,659,694
050,37,019,"North Carolina","Brunswick County",3,39,1397,660,737
050,37,019,"North Carolina","Brunswick County",3,40,1356,654,702
050,37,019,"North Carolina","Brunswick County",3,41,1388,688,700
050,37,019,"North Carolina","Brunswick County",3,42,1369,677,692
050,37,019,"North Carolina","Brunswick County",3,43,1329,657,672
050,37,019,"North Carolina","Brunswick County",3,44,1348,649,699
050,37,019,"North Carolina","Brunswick County",3,45,1337,666,671
050,37,019,"North Carolina","Brunswick County",3,46,1369,685,684
050,37,019,"North Carolina","Brunswick County",3,47,1324,645,679
050,37,019,"North Carolina","Brunswick County",3,48,1373,652,721
050,37,019,"North Carolina","Brunswick County",3,49,1540,754,786
050,37,019,"North Carolina","Brunswick County",3,50,1649,806,843
050,37,019,"North Carolina","Brunswick County",3,51,1622,763,859
050,37,019,"North Carolina","Brunswick County",3,52,1631,751,880
050,37,019,"North Carolina","Brunswick County",3,53,1639,761,878
050,37,019,"North Carolina","Brunswick County",3,54,1795,840,955
050,37,019,"North Carolina","Brunswick County",3,55,1876,858,1018
050,37,019,"North Carolina","Brunswick County",3,56,2109,943,1166
050,37,019,"North Carolina","Brunswick County",3,57,2253,983,1270
050,37,019,"North Carolina","Brunswick County",3,58,2386,1060,1326
050,37,019,"North Carolina","Brunswick County",3,59,2505,1130,1375
050,37,019,"North Carolina","Brunswick County",3,60,2678,1142,1536
050,37,019,"North Carolina","Brunswick County",3,61,2935,1298,1637
050,37,019,"North Carolina","Brunswick County",3,62,3047,1367,1680
050,37,019,"North Carolina","Brunswick County",3,63,3290,1481,1809
050,37,019,"North Carolina","Brunswick County",3,64,3478,1597,1881
050,37,019,"North Carolina","Brunswick County",3,65,3453,1571,1882
050,37,019,"North Carolina","Brunswick County",3,66,3501,1614,1887
050,37,019,"North Carolina","Brunswick County",3,67,3443,1572,1871
050,37,019,"North Carolina","Brunswick County",3,68,3379,1545,1834
050,37,019,"North Carolina","Brunswick County",3,69,3380,1581,1799
050,37,019,"North Carolina","Brunswick County",3,70,3238,1538,1700
050,37,019,"North Carolina","Brunswick County",3,71,3081,1493,1588
050,37,019,"North Carolina","Brunswick County",3,72,2984,1436,1548
050,37,019,"North Carolina","Brunswick County",3,73,2876,1442,1434
050,37,019,"North Carolina","Brunswick County",3,74,3020,1527,1493
050,37,019,"North Carolina","Brunswick County",3,75,2005,985,1020
050,37,019,"North Carolina","Brunswick County",3,76,1867,931,936
050,37,019,"North Carolina","Brunswick County",3,77,1753,880,873
050,37,019,"North Carolina","Brunswick County",3,78,1720,869,851
050,37,019,"North Carolina","Brunswick County",3,79,1377,711,666
050,37,019,"North Carolina","Brunswick County",3,80,1116,576,540
050,37,019,"North Carolina","Brunswick County",3,81,954,484,470
050,37,019,"North Carolina","Brunswick County",3,82,821,413,408
050,37,019,"North Carolina","Brunswick County",3,83,678,333,345
050,37,019,"North Carolina","Brunswick County",3,84,541,242,299
050,37,019,"North Carolina","Brunswick County",3,85,2974,1178,1796
050,37,019,"North Carolina","Brunswick County",4,0,1127,574,553
050,37,019,"North Carolina","Brunswick County",4,1,1103,584,519
050,37,019,"North Carolina","Brunswick County",4,2,1093,544,549
050,37,019,"North Carolina","Brunswick County",4,3,1106,584,522
050,37,019,"North Carolina","Brunswick County",4,4,1095,595,500
050,37,019,"North Carolina","Brunswick County",4,5,1108,571,537
050,37,019,"North Carolina","Brunswick County",4,6,1133,583,550
050,37,019,"North Carolina","Brunswick County",4,7,1188,602,586
050,37,019,"North Carolina","Brunswick County",4,8,1185,595,590
050,37,019,"North Carolina","Brunswick County",4,9,1216,623,593
050,37,019,"North Carolina","Brunswick County",4,10,1185,608,577
050,37,019,"North Carolina","Brunswick County",4,11,1166,608,558
050,37,019,"North Carolina","Brunswick County",4,12,1288,682,606
050,37,019,"North Carolina","Brunswick County",4,13,1289,662,627
050,37,019,"North Carolina","Brunswick County",4,14,1397,729,668
050,37,019,"North Carolina","Brunswick County",4,15,1355,675,680
050,37,019,"North Carolina","Brunswick County",4,16,1315,673,642
050,37,019,"North Carolina","Brunswick County",4,17,1279,643,636
050,37,019,"North Carolina","Brunswick County",4,18,1096,573,523
050,37,019,"North Carolina","Brunswick County",4,19,954,483,471
050,37,019,"North Carolina","Brunswick County",4,20,1024,541,483
050,37,019,"North Carolina","Brunswick County",4,21,1164,592,572
050,37,019,"North Carolina","Brunswick County",4,22,1250,639,611
050,37,019,"North Carolina","Brunswick County",4,23,1240,638,602
050,37,019,"North Carolina","Brunswick County",4,24,1226,595,631
050,37,019,"North Carolina","Brunswick County",4,25,1291,650,641
050,37,019,"North Carolina","Brunswick County",4,26,1301,662,639
050,37,019,"North Carolina","Brunswick County",4,27,1315,669,646
050,37,019,"North Carolina","Brunswick County",4,28,1372,660,712
050,37,019,"North Carolina","Brunswick County",4,29,1426,697,729
050,37,019,"North Carolina","Brunswick County",4,30,1421,688,733
050,37,019,"North Carolina","Brunswick County",4,31,1440,721,719
050,37,019,"North Carolina","Brunswick County",4,32,1491,744,747
050,37,019,"North Carolina","Brunswick County",4,33,1439,719,720
050,37,019,"North Carolina","Brunswick County",4,34,1390,680,710
050,37,019,"North Carolina","Brunswick County",4,35,1310,628,682
050,37,019,"North Carolina","Brunswick County",4,36,1406,662,744
050,37,019,"North Carolina","Brunswick County",4,37,1416,708,708
050,37,019,"North Carolina","Brunswick County",4,38,1345,653,692
050,37,019,"North Carolina","Brunswick County",4,39,1437,699,738
050,37,019,"North Carolina","Brunswick County",4,40,1455,686,769
050,37,019,"North Carolina","Brunswick County",4,41,1438,687,751
050,37,019,"North Carolina","Brunswick County",4,42,1461,725,736
050,37,019,"North Carolina","Brunswick County",4,43,1461,722,739
050,37,019,"North Carolina","Brunswick County",4,44,1404,690,714
050,37,019,"North Carolina","Brunswick County",4,45,1431,680,751
050,37,019,"North Carolina","Brunswick County",4,46,1391,691,700
050,37,019,"North Carolina","Brunswick County",4,47,1455,715,740
050,37,019,"North Carolina","Brunswick County",4,48,1398,661,737
050,37,019,"North Carolina","Brunswick County",4,49,1504,709,795
050,37,019,"North Carolina","Brunswick County",4,50,1623,801,822
050,37,019,"North Carolina","Brunswick County",4,51,1785,866,919
050,37,019,"North Carolina","Brunswick County",4,52,1759,826,933
050,37,019,"North Carolina","Brunswick County",4,53,1762,811,951
050,37,019,"North Carolina","Brunswick County",4,54,1771,813,958
050,37,019,"North Carolina","Brunswick County",4,55,1955,883,1072
050,37,019,"North Carolina","Brunswick County",4,56,2149,993,1156
050,37,019,"North Carolina","Brunswick County",4,57,2362,1059,1303
050,37,019,"North Carolina","Brunswick County",4,58,2501,1104,1397
050,37,019,"North Carolina","Brunswick County",4,59,2671,1181,1490
050,37,019,"North Carolina","Brunswick County",4,60,2750,1230,1520
050,37,019,"North Carolina","Brunswick County",4,61,3020,1289,1731
050,37,019,"North Carolina","Brunswick County",4,62,3330,1479,1851
050,37,019,"North Carolina","Brunswick County",4,63,3439,1577,1862
050,37,019,"North Carolina","Brunswick County",4,64,3660,1659,2001
050,37,019,"North Carolina","Brunswick County",4,65,3743,1724,2019
050,37,019,"North Carolina","Brunswick County",4,66,3649,1673,1976
050,37,019,"North Carolina","Brunswick County",4,67,3676,1697,1979
050,37,019,"North Carolina","Brunswick County",4,68,3602,1671,1931
050,37,019,"North Carolina","Brunswick County",4,69,3495,1600,1895
050,37,019,"North Carolina","Brunswick County",4,70,3453,1617,1836
050,37,019,"North Carolina","Brunswick County",4,71,3301,1561,1740
050,37,019,"North Carolina","Brunswick County",4,72,3101,1502,1599
050,37,019,"North Carolina","Brunswick County",4,73,2990,1437,1553
050,37,019,"North Carolina","Brunswick County",4,74,2857,1446,1411
050,37,019,"North Carolina","Brunswick County",4,75,2969,1493,1476
050,37,019,"North Carolina","Brunswick County",4,76,1944,955,989
050,37,019,"North Carolina","Brunswick County",4,77,1789,898,891
050,37,019,"North Carolina","Brunswick County",4,78,1686,835,851
050,37,019,"North Carolina","Brunswick County",4,79,1673,842,831
050,37,019,"North Carolina","Brunswick County",4,80,1303,676,627
050,37,019,"North Carolina","Brunswick County",4,81,1047,534,513
050,37,019,"North Carolina","Brunswick County",4,82,898,461,437
050,37,019,"North Carolina","Brunswick County",4,83,758,373,385
050,37,019,"North Carolina","Brunswick County",4,84,627,304,323
050,37,019,"North Carolina","Brunswick County",4,85,3030,1166,1864
050,37,019,"North Carolina","Brunswick County",5,0,1112,576,536
050,37,019,"North Carolina","Brunswick County",5,1,1175,592,583
050,37,019,"North Carolina","Brunswick County",5,2,1159,625,534
050,37,019,"North Carolina","Brunswick County",5,3,1110,566,544
050,37,019,"North Carolina","Brunswick County",5,4,1139,597,542
050,37,019,"North Carolina","Brunswick County",5,5,1121,601,520
050,37,019,"North Carolina","Brunswick County",5,6,1145,582,563
050,37,019,"North Carolina","Brunswick County",5,7,1149,589,560
050,37,019,"North Carolina","Brunswick County",5,8,1218,619,599
050,37,019,"North Carolina","Brunswick County",5,9,1204,593,611
050,37,019,"North Carolina","Brunswick County",5,10,1268,665,603
050,37,019,"North Carolina","Brunswick County",5,11,1221,627,594
050,37,019,"North Carolina","Brunswick County",5,12,1205,632,573
050,37,019,"North Carolina","Brunswick County",5,13,1325,704,621
050,37,019,"North Carolina","Brunswick County",5,14,1328,696,632
050,37,019,"North Carolina","Brunswick County",5,15,1418,736,682
050,37,019,"North Carolina","Brunswick County",5,16,1361,684,677
050,37,019,"North Carolina","Brunswick County",5,17,1370,703,667
050,37,019,"North Carolina","Brunswick County",5,18,1112,571,541
050,37,019,"North Carolina","Brunswick County",5,19,971,506,465
050,37,019,"North Carolina","Brunswick County",5,20,1116,562,554
050,37,019,"North Carolina","Brunswick County",5,21,1169,612,557
050,37,019,"North Carolina","Brunswick County",5,22,1304,645,659
050,37,019,"North Carolina","Brunswick County",5,23,1341,684,657
050,37,019,"North Carolina","Brunswick County",5,24,1313,656,657
050,37,019,"North Carolina","Brunswick County",5,25,1310,629,681
050,37,019,"North Carolina","Brunswick County",5,26,1423,709,714
050,37,019,"North Carolina","Brunswick County",5,27,1425,718,707
050,37,019,"North Carolina","Brunswick County",5,28,1440,730,710
050,37,019,"North Carolina","Brunswick County",5,29,1465,702,763
050,37,019,"North Carolina","Brunswick County",5,30,1473,715,758
050,37,019,"North Carolina","Brunswick County",5,31,1501,734,767
050,37,019,"North Carolina","Brunswick County",5,32,1550,800,750
050,37,019,"North Carolina","Brunswick County",5,33,1587,783,804
050,37,019,"North Carolina","Brunswick County",5,34,1499,724,775
050,37,019,"North Carolina","Brunswick County",5,35,1492,733,759
050,37,019,"North Carolina","Brunswick County",5,36,1388,667,721
050,37,019,"North Carolina","Brunswick County",5,37,1486,691,795
050,37,019,"North Carolina","Brunswick County",5,38,1431,710,721
050,37,019,"North Carolina","Brunswick County",5,39,1402,683,719
050,37,019,"North Carolina","Brunswick County",5,40,1470,701,769
050,37,019,"North Carolina","Brunswick County",5,41,1513,704,809
050,37,019,"North Carolina","Brunswick County",5,42,1463,709,754
050,37,019,"North Carolina","Brunswick County",5,43,1518,759,759
050,37,019,"North Carolina","Brunswick County",5,44,1507,744,763
050,37,019,"North Carolina","Brunswick County",5,45,1430,699,731
050,37,019,"North Carolina","Brunswick County",5,46,1463,703,760
050,37,019,"North Carolina","Brunswick County",5,47,1446,706,740
050,37,019,"North Carolina","Brunswick County",5,48,1511,749,762
050,37,019,"North Carolina","Brunswick County",5,49,1479,685,794
050,37,019,"North Carolina","Brunswick County",5,50,1580,745,835
050,37,019,"North Carolina","Brunswick County",5,51,1713,831,882
050,37,019,"North Carolina","Brunswick County",5,52,1950,938,1012
050,37,019,"North Carolina","Brunswick County",5,53,1940,919,1021
050,37,019,"North Carolina","Brunswick County",5,54,1969,913,1056
050,37,019,"North Carolina","Brunswick County",5,55,1952,888,1064
050,37,019,"North Carolina","Brunswick County",5,56,2121,944,1177
050,37,019,"North Carolina","Brunswick County",5,57,2382,1089,1293
050,37,019,"North Carolina","Brunswick County",5,58,2626,1185,1441
050,37,019,"North Carolina","Brunswick County",5,59,2765,1227,1538
050,37,019,"North Carolina","Brunswick County",5,60,2965,1288,1677
050,37,019,"North Carolina","Brunswick County",5,61,3119,1375,1744
050,37,019,"North Carolina","Brunswick County",5,62,3410,1472,1938
050,37,019,"North Carolina","Brunswick County",5,63,3649,1622,2027
050,37,019,"North Carolina","Brunswick County",5,64,3796,1781,2015
050,37,019,"North Carolina","Brunswick County",5,65,3907,1786,2121
050,37,019,"North Carolina","Brunswick County",5,66,3972,1832,2140
050,37,019,"North Carolina","Brunswick County",5,67,3784,1748,2036
050,37,019,"North Carolina","Brunswick County",5,68,3814,1774,2040
050,37,019,"North Carolina","Brunswick County",5,69,3691,1726,1965
050,37,019,"North Carolina","Brunswick County",5,70,3514,1628,1886
050,37,019,"North Carolina","Brunswick County",5,71,3491,1622,1869
050,37,019,"North Carolina","Brunswick County",5,72,3306,1561,1745
050,37,019,"North Carolina","Brunswick County",5,73,3054,1484,1570
050,37,019,"North Carolina","Brunswick County",5,74,2953,1409,1544
050,37,019,"North Carolina","Brunswick County",5,75,2852,1448,1404
050,37,019,"North Carolina","Brunswick County",5,76,2880,1444,1436
050,37,019,"North Carolina","Brunswick County",5,77,1870,914,956
050,37,019,"North Carolina","Brunswick County",5,78,1693,841,852
050,37,019,"North Carolina","Brunswick County",5,79,1667,828,839
050,37,019,"North Carolina","Brunswick County",5,80,1597,808,789
050,37,019,"North Carolina","Brunswick County",5,81,1242,641,601
050,37,019,"North Carolina","Brunswick County",5,82,965,483,482
050,37,019,"North Carolina","Brunswick County",5,83,841,426,415
050,37,019,"North Carolina","Brunswick County",5,84,721,352,369
050,37,019,"North Carolina","Brunswick County",5,85,3187,1244,1943
050,37,021,"North Carolina","Buncombe County",1,0,2548,1300,1248
050,37,021,"North Carolina","Buncombe County",1,1,2542,1323,1219
050,37,021,"North Carolina","Buncombe County",1,2,2459,1274,1185
050,37,021,"North Carolina","Buncombe County",1,3,2568,1309,1259
050,37,021,"North Carolina","Buncombe County",1,4,2718,1388,1330
050,37,021,"North Carolina","Buncombe County",1,5,2771,1444,1327
050,37,021,"North Carolina","Buncombe County",1,6,2743,1408,1335
050,37,021,"North Carolina","Buncombe County",1,7,2712,1348,1364
050,37,021,"North Carolina","Buncombe County",1,8,2691,1345,1346
050,37,021,"North Carolina","Buncombe County",1,9,2754,1391,1363
050,37,021,"North Carolina","Buncombe County",1,10,2820,1448,1372
050,37,021,"North Carolina","Buncombe County",1,11,2902,1451,1451
050,37,021,"North Carolina","Buncombe County",1,12,2985,1500,1485
050,37,021,"North Carolina","Buncombe County",1,13,2929,1481,1448
050,37,021,"North Carolina","Buncombe County",1,14,2973,1507,1466
050,37,021,"North Carolina","Buncombe County",1,15,2889,1482,1407
050,37,021,"North Carolina","Buncombe County",1,16,2964,1559,1405
050,37,021,"North Carolina","Buncombe County",1,17,2944,1540,1404
050,37,021,"North Carolina","Buncombe County",1,18,2929,1527,1402
050,37,021,"North Carolina","Buncombe County",1,19,2905,1435,1470
050,37,021,"North Carolina","Buncombe County",1,20,2723,1314,1409
050,37,021,"North Carolina","Buncombe County",1,21,2860,1439,1421
050,37,021,"North Carolina","Buncombe County",1,22,2826,1366,1460
050,37,021,"North Carolina","Buncombe County",1,23,2958,1428,1530
050,37,021,"North Carolina","Buncombe County",1,24,3091,1499,1592
050,37,021,"North Carolina","Buncombe County",1,25,3252,1603,1649
050,37,021,"North Carolina","Buncombe County",1,26,3498,1664,1834
050,37,021,"North Carolina","Buncombe County",1,27,3626,1766,1860
050,37,021,"North Carolina","Buncombe County",1,28,3790,1853,1937
050,37,021,"North Carolina","Buncombe County",1,29,3921,1948,1973
050,37,021,"North Carolina","Buncombe County",1,30,3837,1889,1948
050,37,021,"North Carolina","Buncombe County",1,31,3805,1826,1979
050,37,021,"North Carolina","Buncombe County",1,32,3778,1840,1938
050,37,021,"North Carolina","Buncombe County",1,33,3830,1861,1969
050,37,021,"North Carolina","Buncombe County",1,34,3847,1899,1948
050,37,021,"North Carolina","Buncombe County",1,35,3816,1880,1936
050,37,021,"North Carolina","Buncombe County",1,36,3800,1870,1930
050,37,021,"North Carolina","Buncombe County",1,37,3707,1836,1871
050,37,021,"North Carolina","Buncombe County",1,38,3765,1865,1900
050,37,021,"North Carolina","Buncombe County",1,39,3845,1938,1907
050,37,021,"North Carolina","Buncombe County",1,40,3755,1880,1875
050,37,021,"North Carolina","Buncombe County",1,41,3709,1825,1884
050,37,021,"North Carolina","Buncombe County",1,42,3718,1804,1914
050,37,021,"North Carolina","Buncombe County",1,43,3517,1772,1745
050,37,021,"North Carolina","Buncombe County",1,44,3291,1662,1629
050,37,021,"North Carolina","Buncombe County",1,45,3390,1720,1670
050,37,021,"North Carolina","Buncombe County",1,46,3356,1710,1646
050,37,021,"North Carolina","Buncombe County",1,47,3467,1795,1672
050,37,021,"North Carolina","Buncombe County",1,48,3478,1775,1703
050,37,021,"North Carolina","Buncombe County",1,49,3670,1841,1829
050,37,021,"North Carolina","Buncombe County",1,50,3557,1776,1781
050,37,021,"North Carolina","Buncombe County",1,51,3388,1717,1671
050,37,021,"North Carolina","Buncombe County",1,52,3276,1623,1653
050,37,021,"North Carolina","Buncombe County",1,53,3305,1635,1670
050,37,021,"North Carolina","Buncombe County",1,54,3283,1601,1682
050,37,021,"North Carolina","Buncombe County",1,55,3450,1669,1781
050,37,021,"North Carolina","Buncombe County",1,56,3467,1666,1801
050,37,021,"North Carolina","Buncombe County",1,57,3551,1674,1877
050,37,021,"North Carolina","Buncombe County",1,58,3723,1775,1948
050,37,021,"North Carolina","Buncombe County",1,59,3667,1720,1947
050,37,021,"North Carolina","Buncombe County",1,60,3630,1700,1930
050,37,021,"North Carolina","Buncombe County",1,61,3731,1720,2011
050,37,021,"North Carolina","Buncombe County",1,62,3771,1726,2045
050,37,021,"North Carolina","Buncombe County",1,63,3671,1670,2001
050,37,021,"North Carolina","Buncombe County",1,64,3795,1729,2066
050,37,021,"North Carolina","Buncombe County",1,65,3701,1680,2021
050,37,021,"North Carolina","Buncombe County",1,66,3666,1708,1958
050,37,021,"North Carolina","Buncombe County",1,67,3624,1663,1961
050,37,021,"North Carolina","Buncombe County",1,68,3565,1638,1927
050,37,021,"North Carolina","Buncombe County",1,69,3349,1569,1780
050,37,021,"North Carolina","Buncombe County",1,70,3283,1511,1772
050,37,021,"North Carolina","Buncombe County",1,71,3207,1450,1757
050,37,021,"North Carolina","Buncombe County",1,72,3195,1455,1740
050,37,021,"North Carolina","Buncombe County",1,73,3196,1519,1677
050,37,021,"North Carolina","Buncombe County",1,74,2196,1028,1168
050,37,021,"North Carolina","Buncombe County",1,75,2194,1006,1188
050,37,021,"North Carolina","Buncombe County",1,76,2109,938,1171
050,37,021,"North Carolina","Buncombe County",1,77,2001,869,1132
050,37,021,"North Carolina","Buncombe County",1,78,1773,783,990
050,37,021,"North Carolina","Buncombe County",1,79,1497,662,835
050,37,021,"North Carolina","Buncombe County",1,80,1353,587,766
050,37,021,"North Carolina","Buncombe County",1,81,1311,566,745
050,37,021,"North Carolina","Buncombe County",1,82,1143,465,678
050,37,021,"North Carolina","Buncombe County",1,83,1084,439,645
050,37,021,"North Carolina","Buncombe County",1,84,989,414,575
050,37,021,"North Carolina","Buncombe County",1,85,6058,2071,3987
050,37,021,"North Carolina","Buncombe County",2,0,2502,1271,1231
050,37,021,"North Carolina","Buncombe County",2,1,2531,1313,1218
050,37,021,"North Carolina","Buncombe County",2,2,2480,1287,1193
050,37,021,"North Carolina","Buncombe County",2,3,2534,1298,1236
050,37,021,"North Carolina","Buncombe County",2,4,2689,1373,1316
050,37,021,"North Carolina","Buncombe County",2,5,2761,1428,1333
050,37,021,"North Carolina","Buncombe County",2,6,2760,1419,1341
050,37,021,"North Carolina","Buncombe County",2,7,2710,1358,1352
050,37,021,"North Carolina","Buncombe County",2,8,2692,1348,1344
050,37,021,"North Carolina","Buncombe County",2,9,2734,1381,1353
050,37,021,"North Carolina","Buncombe County",2,10,2807,1435,1372
050,37,021,"North Carolina","Buncombe County",2,11,2873,1446,1427
050,37,021,"North Carolina","Buncombe County",2,12,2981,1493,1488
050,37,021,"North Carolina","Buncombe County",2,13,2945,1488,1457
050,37,021,"North Carolina","Buncombe County",2,14,2971,1508,1463
050,37,021,"North Carolina","Buncombe County",2,15,2922,1495,1427
050,37,021,"North Carolina","Buncombe County",2,16,2966,1553,1413
050,37,021,"North Carolina","Buncombe County",2,17,2956,1552,1404
050,37,021,"North Carolina","Buncombe County",2,18,2901,1506,1395
050,37,021,"North Carolina","Buncombe County",2,19,2863,1422,1441
050,37,021,"North Carolina","Buncombe County",2,20,2743,1331,1412
050,37,021,"North Carolina","Buncombe County",2,21,2832,1415,1417
050,37,021,"North Carolina","Buncombe County",2,22,2854,1386,1468
050,37,021,"North Carolina","Buncombe County",2,23,2960,1432,1528
050,37,021,"North Carolina","Buncombe County",2,24,3075,1487,1588
050,37,021,"North Carolina","Buncombe County",2,25,3232,1580,1652
050,37,021,"North Carolina","Buncombe County",2,26,3475,1667,1808
050,37,021,"North Carolina","Buncombe County",2,27,3601,1747,1854
050,37,021,"North Carolina","Buncombe County",2,28,3772,1849,1923
050,37,021,"North Carolina","Buncombe County",2,29,3887,1919,1968
050,37,021,"North Carolina","Buncombe County",2,30,3885,1914,1971
050,37,021,"North Carolina","Buncombe County",2,31,3800,1832,1968
050,37,021,"North Carolina","Buncombe County",2,32,3793,1843,1950
050,37,021,"North Carolina","Buncombe County",2,33,3819,1851,1968
050,37,021,"North Carolina","Buncombe County",2,34,3858,1901,1957
050,37,021,"North Carolina","Buncombe County",2,35,3854,1900,1954
050,37,021,"North Carolina","Buncombe County",2,36,3781,1860,1921
050,37,021,"North Carolina","Buncombe County",2,37,3743,1846,1897
050,37,021,"North Carolina","Buncombe County",2,38,3771,1871,1900
050,37,021,"North Carolina","Buncombe County",2,39,3833,1924,1909
050,37,021,"North Carolina","Buncombe County",2,40,3803,1903,1900
050,37,021,"North Carolina","Buncombe County",2,41,3715,1835,1880
050,37,021,"North Carolina","Buncombe County",2,42,3707,1805,1902
050,37,021,"North Carolina","Buncombe County",2,43,3590,1793,1797
050,37,021,"North Carolina","Buncombe County",2,44,3314,1676,1638
050,37,021,"North Carolina","Buncombe County",2,45,3377,1710,1667
050,37,021,"North Carolina","Buncombe County",2,46,3352,1705,1647
050,37,021,"North Carolina","Buncombe County",2,47,3436,1774,1662
050,37,021,"North Carolina","Buncombe County",2,48,3485,1789,1696
050,37,021,"North Carolina","Buncombe County",2,49,3638,1832,1806
050,37,021,"North Carolina","Buncombe County",2,50,3579,1784,1795
050,37,021,"North Carolina","Buncombe County",2,51,3414,1720,1694
050,37,021,"North Carolina","Buncombe County",2,52,3292,1640,1652
050,37,021,"North Carolina","Buncombe County",2,53,3301,1635,1666
050,37,021,"North Carolina","Buncombe County",2,54,3280,1606,1674
050,37,021,"North Carolina","Buncombe County",2,55,3407,1649,1758
050,37,021,"North Carolina","Buncombe County",2,56,3473,1668,1805
050,37,021,"North Carolina","Buncombe County",2,57,3543,1677,1866
050,37,021,"North Carolina","Buncombe County",2,58,3691,1757,1934
050,37,021,"North Carolina","Buncombe County",2,59,3701,1741,1960
050,37,021,"North Carolina","Buncombe County",2,60,3636,1703,1933
050,37,021,"North Carolina","Buncombe County",2,61,3702,1712,1990
050,37,021,"North Carolina","Buncombe County",2,62,3766,1730,2036
050,37,021,"North Carolina","Buncombe County",2,63,3724,1689,2035
050,37,021,"North Carolina","Buncombe County",2,64,3736,1699,2037
050,37,021,"North Carolina","Buncombe County",2,65,3718,1692,2026
050,37,021,"North Carolina","Buncombe County",2,66,3679,1704,1975
050,37,021,"North Carolina","Buncombe County",2,67,3623,1666,1957
050,37,021,"North Carolina","Buncombe County",2,68,3555,1634,1921
050,37,021,"North Carolina","Buncombe County",2,69,3416,1597,1819
050,37,021,"North Carolina","Buncombe County",2,70,3290,1525,1765
050,37,021,"North Carolina","Buncombe County",2,71,3211,1456,1755
050,37,021,"North Carolina","Buncombe County",2,72,3134,1419,1715
050,37,021,"North Carolina","Buncombe County",2,73,3339,1570,1769
050,37,021,"North Carolina","Buncombe County",2,74,2283,1075,1208
050,37,021,"North Carolina","Buncombe County",2,75,2189,1008,1181
050,37,021,"North Carolina","Buncombe County",2,76,2099,940,1159
050,37,021,"North Carolina","Buncombe County",2,77,2058,896,1162
050,37,021,"North Carolina","Buncombe County",2,78,1784,783,1001
050,37,021,"North Carolina","Buncombe County",2,79,1545,683,862
050,37,021,"North Carolina","Buncombe County",2,80,1380,600,780
050,37,021,"North Carolina","Buncombe County",2,81,1293,561,732
050,37,021,"North Carolina","Buncombe County",2,82,1176,479,697
050,37,021,"North Carolina","Buncombe County",2,83,1067,432,635
050,37,021,"North Carolina","Buncombe County",2,84,978,404,574
050,37,021,"North Carolina","Buncombe County",2,85,6077,2089,3988
050,37,021,"North Carolina","Buncombe County",3,0,2376,1238,1138
050,37,021,"North Carolina","Buncombe County",3,1,2466,1277,1189
050,37,021,"North Carolina","Buncombe County",3,2,2539,1304,1235
050,37,021,"North Carolina","Buncombe County",3,3,2506,1291,1215
050,37,021,"North Carolina","Buncombe County",3,4,2564,1293,1271
050,37,021,"North Carolina","Buncombe County",3,5,2660,1359,1301
050,37,021,"North Carolina","Buncombe County",3,6,2768,1437,1331
050,37,021,"North Carolina","Buncombe County",3,7,2740,1408,1332
050,37,021,"North Carolina","Buncombe County",3,8,2689,1374,1315
050,37,021,"North Carolina","Buncombe County",3,9,2674,1338,1336
050,37,021,"North Carolina","Buncombe County",3,10,2730,1378,1352
050,37,021,"North Carolina","Buncombe County",3,11,2794,1416,1378
050,37,021,"North Carolina","Buncombe County",3,12,2867,1424,1443
050,37,021,"North Carolina","Buncombe County",3,13,2948,1485,1463
050,37,021,"North Carolina","Buncombe County",3,14,2962,1502,1460
050,37,021,"North Carolina","Buncombe County",3,15,2964,1512,1452
050,37,021,"North Carolina","Buncombe County",3,16,2956,1511,1445
050,37,021,"North Carolina","Buncombe County",3,17,2950,1544,1406
050,37,021,"North Carolina","Buncombe County",3,18,3003,1551,1452
050,37,021,"North Carolina","Buncombe County",3,19,2949,1458,1491
050,37,021,"North Carolina","Buncombe County",3,20,2859,1406,1453
050,37,021,"North Carolina","Buncombe County",3,21,2928,1451,1477
050,37,021,"North Carolina","Buncombe County",3,22,2934,1434,1500
050,37,021,"North Carolina","Buncombe County",3,23,2974,1465,1509
050,37,021,"North Carolina","Buncombe County",3,24,3051,1479,1572
050,37,021,"North Carolina","Buncombe County",3,25,3190,1557,1633
050,37,021,"North Carolina","Buncombe County",3,26,3468,1699,1769
050,37,021,"North Carolina","Buncombe County",3,27,3546,1727,1819
050,37,021,"North Carolina","Buncombe County",3,28,3706,1810,1896
050,37,021,"North Carolina","Buncombe County",3,29,3870,1906,1964
050,37,021,"North Carolina","Buncombe County",3,30,4038,1976,2062
050,37,021,"North Carolina","Buncombe County",3,31,3938,1944,1994
050,37,021,"North Carolina","Buncombe County",3,32,3896,1894,2002
050,37,021,"North Carolina","Buncombe County",3,33,3796,1819,1977
050,37,021,"North Carolina","Buncombe County",3,34,3893,1916,1977
050,37,021,"North Carolina","Buncombe County",3,35,3928,1929,1999
050,37,021,"North Carolina","Buncombe County",3,36,3882,1907,1975
050,37,021,"North Carolina","Buncombe County",3,37,3726,1815,1911
050,37,021,"North Carolina","Buncombe County",3,38,3777,1859,1918
050,37,021,"North Carolina","Buncombe County",3,39,3767,1876,1891
050,37,021,"North Carolina","Buncombe County",3,40,3876,1951,1925
050,37,021,"North Carolina","Buncombe County",3,41,3836,1914,1922
050,37,021,"North Carolina","Buncombe County",3,42,3747,1850,1897
050,37,021,"North Carolina","Buncombe County",3,43,3715,1794,1921
050,37,021,"North Carolina","Buncombe County",3,44,3572,1774,1798
050,37,021,"North Carolina","Buncombe County",3,45,3344,1675,1669
050,37,021,"North Carolina","Buncombe County",3,46,3380,1720,1660
050,37,021,"North Carolina","Buncombe County",3,47,3341,1710,1631
050,37,021,"North Carolina","Buncombe County",3,48,3486,1805,1681
050,37,021,"North Carolina","Buncombe County",3,49,3497,1795,1702
050,37,021,"North Carolina","Buncombe County",3,50,3618,1805,1813
050,37,021,"North Carolina","Buncombe County",3,51,3638,1789,1849
050,37,021,"North Carolina","Buncombe County",3,52,3443,1734,1709
050,37,021,"North Carolina","Buncombe County",3,53,3327,1657,1670
050,37,021,"North Carolina","Buncombe County",3,54,3278,1585,1693
050,37,021,"North Carolina","Buncombe County",3,55,3315,1625,1690
050,37,021,"North Carolina","Buncombe County",3,56,3384,1634,1750
050,37,021,"North Carolina","Buncombe County",3,57,3502,1680,1822
050,37,021,"North Carolina","Buncombe County",3,58,3545,1691,1854
050,37,021,"North Carolina","Buncombe County",3,59,3726,1749,1977
050,37,021,"North Carolina","Buncombe County",3,60,3714,1737,1977
050,37,021,"North Carolina","Buncombe County",3,61,3638,1685,1953
050,37,021,"North Carolina","Buncombe County",3,62,3666,1693,1973
050,37,021,"North Carolina","Buncombe County",3,63,3840,1730,2110
050,37,021,"North Carolina","Buncombe County",3,64,3751,1692,2059
050,37,021,"North Carolina","Buncombe County",3,65,3713,1682,2031
050,37,021,"North Carolina","Buncombe County",3,66,3701,1676,2025
050,37,021,"North Carolina","Buncombe County",3,67,3658,1684,1974
050,37,021,"North Carolina","Buncombe County",3,68,3579,1628,1951
050,37,021,"North Carolina","Buncombe County",3,69,3521,1636,1885
050,37,021,"North Carolina","Buncombe County",3,70,3413,1580,1833
050,37,021,"North Carolina","Buncombe County",3,71,3227,1507,1720
050,37,021,"North Carolina","Buncombe County",3,72,3146,1426,1720
050,37,021,"North Carolina","Buncombe County",3,73,3095,1401,1694
050,37,021,"North Carolina","Buncombe County",3,74,3293,1546,1747
050,37,021,"North Carolina","Buncombe County",3,75,2215,1035,1180
050,37,021,"North Carolina","Buncombe County",3,76,2126,970,1156
050,37,021,"North Carolina","Buncombe County",3,77,2051,907,1144
050,37,021,"North Carolina","Buncombe County",3,78,1974,869,1105
050,37,021,"North Carolina","Buncombe County",3,79,1709,745,964
050,37,021,"North Carolina","Buncombe County",3,80,1484,631,853
050,37,021,"North Carolina","Buncombe County",3,81,1297,556,741
050,37,021,"North Carolina","Buncombe County",3,82,1226,514,712
050,37,021,"North Carolina","Buncombe County",3,83,1097,447,650
050,37,021,"North Carolina","Buncombe County",3,84,969,397,572
050,37,021,"North Carolina","Buncombe County",3,85,6000,2091,3909
050,37,021,"North Carolina","Buncombe County",4,0,2452,1264,1188
050,37,021,"North Carolina","Buncombe County",4,1,2407,1252,1155
050,37,021,"North Carolina","Buncombe County",4,2,2464,1282,1182
050,37,021,"North Carolina","Buncombe County",4,3,2569,1324,1245
050,37,021,"North Carolina","Buncombe County",4,4,2504,1314,1190
050,37,021,"North Carolina","Buncombe County",4,5,2528,1275,1253
050,37,021,"North Carolina","Buncombe County",4,6,2660,1353,1307
050,37,021,"North Carolina","Buncombe County",4,7,2798,1420,1378
050,37,021,"North Carolina","Buncombe County",4,8,2727,1408,1319
050,37,021,"North Carolina","Buncombe County",4,9,2663,1358,1305
050,37,021,"North Carolina","Buncombe County",4,10,2663,1337,1326
050,37,021,"North Carolina","Buncombe County",4,11,2755,1384,1371
050,37,021,"North Carolina","Buncombe County",4,12,2791,1396,1395
050,37,021,"North Carolina","Buncombe County",4,13,2894,1449,1445
050,37,021,"North Carolina","Buncombe County",4,14,2916,1469,1447
050,37,021,"North Carolina","Buncombe County",4,15,3003,1535,1468
050,37,021,"North Carolina","Buncombe County",4,16,3017,1539,1478
050,37,021,"North Carolina","Buncombe County",4,17,2970,1509,1461
050,37,021,"North Carolina","Buncombe County",4,18,2952,1526,1426
050,37,021,"North Carolina","Buncombe County",4,19,2841,1395,1446
050,37,021,"North Carolina","Buncombe County",4,20,2753,1337,1416
050,37,021,"North Carolina","Buncombe County",4,21,2904,1446,1458
050,37,021,"North Carolina","Buncombe County",4,22,2953,1425,1528
050,37,021,"North Carolina","Buncombe County",4,23,3073,1489,1584
050,37,021,"North Carolina","Buncombe County",4,24,3121,1516,1605
050,37,021,"North Carolina","Buncombe County",4,25,3160,1511,1649
050,37,021,"North Carolina","Buncombe County",4,26,3391,1640,1751
050,37,021,"North Carolina","Buncombe County",4,27,3526,1739,1787
050,37,021,"North Carolina","Buncombe County",4,28,3591,1733,1858
050,37,021,"North Carolina","Buncombe County",4,29,3785,1835,1950
050,37,021,"North Carolina","Buncombe County",4,30,3997,2011,1986
050,37,021,"North Carolina","Buncombe County",4,31,4076,1985,2091
050,37,021,"North Carolina","Buncombe County",4,32,4000,1986,2014
050,37,021,"North Carolina","Buncombe County",4,33,3931,1913,2018
050,37,021,"North Carolina","Buncombe County",4,34,3814,1828,1986
050,37,021,"North Carolina","Buncombe County",4,35,3953,1943,2010
050,37,021,"North Carolina","Buncombe County",4,36,3931,1926,2005
050,37,021,"North Carolina","Buncombe County",4,37,3917,1911,2006
050,37,021,"North Carolina","Buncombe County",4,38,3782,1829,1953
050,37,021,"North Carolina","Buncombe County",4,39,3822,1853,1969
050,37,021,"North Carolina","Buncombe County",4,40,3774,1869,1905
050,37,021,"North Carolina","Buncombe County",4,41,3890,1942,1948
050,37,021,"North Carolina","Buncombe County",4,42,3801,1888,1913
050,37,021,"North Carolina","Buncombe County",4,43,3767,1877,1890
050,37,021,"North Carolina","Buncombe County",4,44,3706,1799,1907
050,37,021,"North Carolina","Buncombe County",4,45,3647,1803,1844
050,37,021,"North Carolina","Buncombe County",4,46,3351,1670,1681
050,37,021,"North Carolina","Buncombe County",4,47,3388,1737,1651
050,37,021,"North Carolina","Buncombe County",4,48,3360,1730,1630
050,37,021,"North Carolina","Buncombe County",4,49,3484,1799,1685
050,37,021,"North Carolina","Buncombe County",4,50,3486,1769,1717
050,37,021,"North Carolina","Buncombe County",4,51,3706,1839,1867
050,37,021,"North Carolina","Buncombe County",4,52,3656,1816,1840
050,37,021,"North Carolina","Buncombe County",4,53,3471,1731,1740
050,37,021,"North Carolina","Buncombe County",4,54,3285,1639,1646
050,37,021,"North Carolina","Buncombe County",4,55,3285,1584,1701
050,37,021,"North Carolina","Buncombe County",4,56,3295,1606,1689
050,37,021,"North Carolina","Buncombe County",4,57,3424,1650,1774
050,37,021,"North Carolina","Buncombe County",4,58,3520,1683,1837
050,37,021,"North Carolina","Buncombe County",4,59,3510,1662,1848
050,37,021,"North Carolina","Buncombe County",4,60,3729,1720,2009
050,37,021,"North Carolina","Buncombe County",4,61,3741,1751,1990
050,37,021,"North Carolina","Buncombe County",4,62,3629,1677,1952
050,37,021,"North Carolina","Buncombe County",4,63,3659,1663,1996
050,37,021,"North Carolina","Buncombe County",4,64,3823,1725,2098
050,37,021,"North Carolina","Buncombe County",4,65,3730,1656,2074
050,37,021,"North Carolina","Buncombe County",4,66,3678,1677,2001
050,37,021,"North Carolina","Buncombe County",4,67,3715,1683,2032
050,37,021,"North Carolina","Buncombe County",4,68,3658,1671,1987
050,37,021,"North Carolina","Buncombe County",4,69,3564,1626,1938
050,37,021,"North Carolina","Buncombe County",4,70,3491,1620,1871
050,37,021,"North Carolina","Buncombe County",4,71,3363,1554,1809
050,37,021,"North Carolina","Buncombe County",4,72,3228,1489,1739
050,37,021,"North Carolina","Buncombe County",4,73,3121,1409,1712
050,37,021,"North Carolina","Buncombe County",4,74,3075,1386,1689
050,37,021,"North Carolina","Buncombe County",4,75,3209,1500,1709
050,37,021,"North Carolina","Buncombe County",4,76,2128,997,1131
050,37,021,"North Carolina","Buncombe County",4,77,2069,933,1136
050,37,021,"North Carolina","Buncombe County",4,78,2001,880,1121
050,37,021,"North Carolina","Buncombe County",4,79,1904,838,1066
050,37,021,"North Carolina","Buncombe County",4,80,1671,718,953
050,37,021,"North Carolina","Buncombe County",4,81,1387,586,801
050,37,021,"North Carolina","Buncombe County",4,82,1264,523,741
050,37,021,"North Carolina","Buncombe County",4,83,1141,481,660
050,37,021,"North Carolina","Buncombe County",4,84,1010,403,607
050,37,021,"North Carolina","Buncombe County",4,85,5942,2098,3844
050,37,021,"North Carolina","Buncombe County",5,0,2440,1251,1189
050,37,021,"North Carolina","Buncombe County",5,1,2392,1223,1169
050,37,021,"North Carolina","Buncombe County",5,2,2327,1227,1100
050,37,021,"North Carolina","Buncombe County",5,3,2451,1280,1171
050,37,021,"North Carolina","Buncombe County",5,4,2545,1320,1225
050,37,021,"North Carolina","Buncombe County",5,5,2532,1316,1216
050,37,021,"North Carolina","Buncombe County",5,6,2561,1274,1287
050,37,021,"North Carolina","Buncombe County",5,7,2675,1353,1322
050,37,021,"North Carolina","Buncombe County",5,8,2795,1408,1387
050,37,021,"North Carolina","Buncombe County",5,9,2686,1368,1318
050,37,021,"North Carolina","Buncombe County",5,10,2663,1366,1297
050,37,021,"North Carolina","Buncombe County",5,11,2672,1349,1323
050,37,021,"North Carolina","Buncombe County",5,12,2812,1401,1411
050,37,021,"North Carolina","Buncombe County",5,13,2790,1396,1394
050,37,021,"North Carolina","Buncombe County",5,14,2907,1456,1451
050,37,021,"North Carolina","Buncombe County",5,15,2950,1481,1469
050,37,021,"North Carolina","Buncombe County",5,16,3050,1577,1473
050,37,021,"North Carolina","Buncombe County",5,17,3045,1557,1488
050,37,021,"North Carolina","Buncombe County",5,18,2931,1468,1463
050,37,021,"North Carolina","Buncombe County",5,19,2874,1435,1439
050,37,021,"North Carolina","Buncombe County",5,20,2732,1305,1427
050,37,021,"North Carolina","Buncombe County",5,21,2823,1412,1411
050,37,021,"North Carolina","Buncombe County",5,22,2958,1444,1514
050,37,021,"North Carolina","Buncombe County",5,23,3116,1536,1580
050,37,021,"North Carolina","Buncombe County",5,24,3186,1473,1713
050,37,021,"North Carolina","Buncombe County",5,25,3186,1568,1618
050,37,021,"North Carolina","Buncombe County",5,26,3227,1535,1692
050,37,021,"North Carolina","Buncombe County",5,27,3452,1664,1788
050,37,021,"North Carolina","Buncombe County",5,28,3522,1741,1781
050,37,021,"North Carolina","Buncombe County",5,29,3653,1751,1902
050,37,021,"North Carolina","Buncombe County",5,30,3857,1895,1962
050,37,021,"North Carolina","Buncombe County",5,31,4055,2042,2013
050,37,021,"North Carolina","Buncombe County",5,32,4157,2053,2104
050,37,021,"North Carolina","Buncombe County",5,33,4077,2006,2071
050,37,021,"North Carolina","Buncombe County",5,34,3998,1920,2078
050,37,021,"North Carolina","Buncombe County",5,35,3855,1857,1998
050,37,021,"North Carolina","Buncombe County",5,36,4038,1997,2041
050,37,021,"North Carolina","Buncombe County",5,37,4008,1951,2057
050,37,021,"North Carolina","Buncombe County",5,38,3935,1922,2013
050,37,021,"North Carolina","Buncombe County",5,39,3791,1842,1949
050,37,021,"North Carolina","Buncombe County",5,40,3886,1884,2002
050,37,021,"North Carolina","Buncombe County",5,41,3842,1887,1955
050,37,021,"North Carolina","Buncombe County",5,42,3873,1901,1972
050,37,021,"North Carolina","Buncombe County",5,43,3905,1941,1964
050,37,021,"North Carolina","Buncombe County",5,44,3780,1891,1889
050,37,021,"North Carolina","Buncombe County",5,45,3715,1788,1927
050,37,021,"North Carolina","Buncombe County",5,46,3674,1841,1833
050,37,021,"North Carolina","Buncombe County",5,47,3360,1693,1667
050,37,021,"North Carolina","Buncombe County",5,48,3437,1758,1679
050,37,021,"North Carolina","Buncombe County",5,49,3360,1735,1625
050,37,021,"North Carolina","Buncombe County",5,50,3465,1774,1691
050,37,021,"North Carolina","Buncombe County",5,51,3493,1780,1713
050,37,021,"North Carolina","Buncombe County",5,52,3742,1836,1906
050,37,021,"North Carolina","Buncombe County",5,53,3745,1877,1868
050,37,021,"North Carolina","Buncombe County",5,54,3456,1710,1746
050,37,021,"North Carolina","Buncombe County",5,55,3285,1641,1644
050,37,021,"North Carolina","Buncombe County",5,56,3282,1567,1715
050,37,021,"North Carolina","Buncombe County",5,57,3327,1609,1718
050,37,021,"North Carolina","Buncombe County",5,58,3459,1678,1781
050,37,021,"North Carolina","Buncombe County",5,59,3525,1663,1862
050,37,021,"North Carolina","Buncombe County",5,60,3528,1671,1857
050,37,021,"North Carolina","Buncombe County",5,61,3724,1738,1986
050,37,021,"North Carolina","Buncombe County",5,62,3720,1757,1963
050,37,021,"North Carolina","Buncombe County",5,63,3669,1679,1990
050,37,021,"North Carolina","Buncombe County",5,64,3650,1654,1996
050,37,021,"North Carolina","Buncombe County",5,65,3785,1714,2071
050,37,021,"North Carolina","Buncombe County",5,66,3707,1631,2076
050,37,021,"North Carolina","Buncombe County",5,67,3659,1663,1996
050,37,021,"North Carolina","Buncombe County",5,68,3710,1688,2022
050,37,021,"North Carolina","Buncombe County",5,69,3632,1650,1982
050,37,021,"North Carolina","Buncombe County",5,70,3545,1612,1933
050,37,021,"North Carolina","Buncombe County",5,71,3450,1599,1851
050,37,021,"North Carolina","Buncombe County",5,72,3311,1521,1790
050,37,021,"North Carolina","Buncombe County",5,73,3173,1472,1701
050,37,021,"North Carolina","Buncombe County",5,74,3096,1399,1697
050,37,021,"North Carolina","Buncombe County",5,75,3003,1355,1648
050,37,021,"North Carolina","Buncombe County",5,76,3117,1453,1664
050,37,021,"North Carolina","Buncombe County",5,77,2090,969,1121
050,37,021,"North Carolina","Buncombe County",5,78,2023,918,1105
050,37,021,"North Carolina","Buncombe County",5,79,1938,851,1087
050,37,021,"North Carolina","Buncombe County",5,80,1871,802,1069
050,37,021,"North Carolina","Buncombe County",5,81,1595,682,913
050,37,021,"North Carolina","Buncombe County",5,82,1330,533,797
050,37,021,"North Carolina","Buncombe County",5,83,1199,501,698
050,37,021,"North Carolina","Buncombe County",5,84,1054,450,604
050,37,021,"North Carolina","Buncombe County",5,85,5987,2125,3862
050,37,023,"North Carolina","Burke County",1,0,841,427,414
050,37,023,"North Carolina","Burke County",1,1,858,433,425
050,37,023,"North Carolina","Burke County",1,2,845,438,407
050,37,023,"North Carolina","Burke County",1,3,886,457,429
050,37,023,"North Carolina","Burke County",1,4,863,437,426
050,37,023,"North Carolina","Burke County",1,5,848,448,400
050,37,023,"North Carolina","Burke County",1,6,850,444,406
050,37,023,"North Carolina","Burke County",1,7,873,445,428
050,37,023,"North Carolina","Burke County",1,8,832,422,410
050,37,023,"North Carolina","Burke County",1,9,826,425,401
050,37,023,"North Carolina","Burke County",1,10,908,467,441
050,37,023,"North Carolina","Burke County",1,11,981,500,481
050,37,023,"North Carolina","Burke County",1,12,1035,522,513
050,37,023,"North Carolina","Burke County",1,13,974,525,449
050,37,023,"North Carolina","Burke County",1,14,988,501,487
050,37,023,"North Carolina","Burke County",1,15,986,490,496
050,37,023,"North Carolina","Burke County",1,16,1015,505,510
050,37,023,"North Carolina","Burke County",1,17,1118,605,513
050,37,023,"North Carolina","Burke County",1,18,1147,760,387
050,37,023,"North Carolina","Burke County",1,19,936,608,328
050,37,023,"North Carolina","Burke County",1,20,956,583,373
050,37,023,"North Carolina","Burke County",1,21,921,506,415
050,37,023,"North Carolina","Burke County",1,22,940,492,448
050,37,023,"North Carolina","Burke County",1,23,970,520,450
050,37,023,"North Carolina","Burke County",1,24,1010,529,481
050,37,023,"North Carolina","Burke County",1,25,1075,553,522
050,37,023,"North Carolina","Burke County",1,26,1076,560,516
050,37,023,"North Carolina","Burke County",1,27,1081,588,493
050,37,023,"North Carolina","Burke County",1,28,1141,607,534
050,37,023,"North Carolina","Burke County",1,29,1167,593,574
050,37,023,"North Carolina","Burke County",1,30,1098,569,529
050,37,023,"North Carolina","Burke County",1,31,1052,522,530
050,37,023,"North Carolina","Burke County",1,32,1027,524,503
050,37,023,"North Carolina","Burke County",1,33,988,520,468
050,37,023,"North Carolina","Burke County",1,34,998,512,486
050,37,023,"North Carolina","Burke County",1,35,892,444,448
050,37,023,"North Carolina","Burke County",1,36,893,450,443
050,37,023,"North Carolina","Burke County",1,37,969,504,465
050,37,023,"North Carolina","Burke County",1,38,991,497,494
050,37,023,"North Carolina","Burke County",1,39,1005,520,485
050,37,023,"North Carolina","Burke County",1,40,975,470,505
050,37,023,"North Carolina","Burke County",1,41,967,462,505
050,37,023,"North Carolina","Burke County",1,42,987,493,494
050,37,023,"North Carolina","Burke County",1,43,977,498,479
050,37,023,"North Carolina","Burke County",1,44,978,490,488
050,37,023,"North Carolina","Burke County",1,45,1101,560,541
050,37,023,"North Carolina","Burke County",1,46,1082,557,525
050,37,023,"North Carolina","Burke County",1,47,1162,573,589
050,37,023,"North Carolina","Burke County",1,48,1207,605,602
050,37,023,"North Carolina","Burke County",1,49,1292,641,651
050,37,023,"North Carolina","Burke County",1,50,1292,641,651
050,37,023,"North Carolina","Burke County",1,51,1249,631,618
050,37,023,"North Carolina","Burke County",1,52,1260,653,607
050,37,023,"North Carolina","Burke County",1,53,1328,693,635
050,37,023,"North Carolina","Burke County",1,54,1367,684,683
050,37,023,"North Carolina","Burke County",1,55,1354,690,664
050,37,023,"North Carolina","Burke County",1,56,1390,685,705
050,37,023,"North Carolina","Burke County",1,57,1397,702,695
050,37,023,"North Carolina","Burke County",1,58,1385,697,688
050,37,023,"North Carolina","Burke County",1,59,1447,731,716
050,37,023,"North Carolina","Burke County",1,60,1395,659,736
050,37,023,"North Carolina","Burke County",1,61,1344,644,700
050,37,023,"North Carolina","Burke County",1,62,1301,635,666
050,37,023,"North Carolina","Burke County",1,63,1236,599,637
050,37,023,"North Carolina","Burke County",1,64,1185,577,608
050,37,023,"North Carolina","Burke County",1,65,1194,589,605
050,37,023,"North Carolina","Burke County",1,66,1154,554,600
050,37,023,"North Carolina","Burke County",1,67,1099,528,571
050,37,023,"North Carolina","Burke County",1,68,1104,531,573
050,37,023,"North Carolina","Burke County",1,69,1050,495,555
050,37,023,"North Carolina","Burke County",1,70,1059,499,560
050,37,023,"North Carolina","Burke County",1,71,1069,504,565
050,37,023,"North Carolina","Burke County",1,72,1030,492,538
050,37,023,"North Carolina","Burke County",1,73,1036,487,549
050,37,023,"North Carolina","Burke County",1,74,692,330,362
050,37,023,"North Carolina","Burke County",1,75,719,334,385
050,37,023,"North Carolina","Burke County",1,76,747,316,431
050,37,023,"North Carolina","Burke County",1,77,735,317,418
050,37,023,"North Carolina","Burke County",1,78,647,280,367
050,37,023,"North Carolina","Burke County",1,79,558,245,313
050,37,023,"North Carolina","Burke County",1,80,503,206,297
050,37,023,"North Carolina","Burke County",1,81,475,219,256
050,37,023,"North Carolina","Burke County",1,82,412,183,229
050,37,023,"North Carolina","Burke County",1,83,413,165,248
050,37,023,"North Carolina","Burke County",1,84,355,140,215
050,37,023,"North Carolina","Burke County",1,85,1982,688,1294
050,37,023,"North Carolina","Burke County",2,0,818,422,396
050,37,023,"North Carolina","Burke County",2,1,851,430,421
050,37,023,"North Carolina","Burke County",2,2,855,440,415
050,37,023,"North Carolina","Burke County",2,3,872,449,423
050,37,023,"North Carolina","Burke County",2,4,874,444,430
050,37,023,"North Carolina","Burke County",2,5,857,447,410
050,37,023,"North Carolina","Burke County",2,6,847,443,404
050,37,023,"North Carolina","Burke County",2,7,869,446,423
050,37,023,"North Carolina","Burke County",2,8,836,425,411
050,37,023,"North Carolina","Burke County",2,9,828,422,406
050,37,023,"North Carolina","Burke County",2,10,884,455,429
050,37,023,"North Carolina","Burke County",2,11,954,489,465
050,37,023,"North Carolina","Burke County",2,12,1017,516,501
050,37,023,"North Carolina","Burke County",2,13,985,522,463
050,37,023,"North Carolina","Burke County",2,14,981,504,477
050,37,023,"North Carolina","Burke County",2,15,988,493,495
050,37,023,"North Carolina","Burke County",2,16,1007,503,504
050,37,023,"North Carolina","Burke County",2,17,1108,599,509
050,37,023,"North Carolina","Burke County",2,18,1140,751,389
050,37,023,"North Carolina","Burke County",2,19,937,606,331
050,37,023,"North Carolina","Burke County",2,20,958,582,376
050,37,023,"North Carolina","Burke County",2,21,925,511,414
050,37,023,"North Carolina","Burke County",2,22,943,495,448
050,37,023,"North Carolina","Burke County",2,23,966,512,454
050,37,023,"North Carolina","Burke County",2,24,1003,527,476
050,37,023,"North Carolina","Burke County",2,25,1065,550,515
050,37,023,"North Carolina","Burke County",2,26,1082,567,515
050,37,023,"North Carolina","Burke County",2,27,1087,587,500
050,37,023,"North Carolina","Burke County",2,28,1140,610,530
050,37,023,"North Carolina","Burke County",2,29,1167,599,568
050,37,023,"North Carolina","Burke County",2,30,1127,581,546
050,37,023,"North Carolina","Burke County",2,31,1060,533,527
050,37,023,"North Carolina","Burke County",2,32,1032,524,508
050,37,023,"North Carolina","Burke County",2,33,996,521,475
050,37,023,"North Carolina","Burke County",2,34,989,510,479
050,37,023,"North Carolina","Burke County",2,35,921,460,461
050,37,023,"North Carolina","Burke County",2,36,887,445,442
050,37,023,"North Carolina","Burke County",2,37,952,496,456
050,37,023,"North Carolina","Burke County",2,38,989,501,488
050,37,023,"North Carolina","Burke County",2,39,1003,516,487
050,37,023,"North Carolina","Burke County",2,40,991,489,502
050,37,023,"North Carolina","Burke County",2,41,964,460,504
050,37,023,"North Carolina","Burke County",2,42,981,483,498
050,37,023,"North Carolina","Burke County",2,43,993,508,485
050,37,023,"North Carolina","Burke County",2,44,972,490,482
050,37,023,"North Carolina","Burke County",2,45,1082,548,534
050,37,023,"North Carolina","Burke County",2,46,1080,555,525
050,37,023,"North Carolina","Burke County",2,47,1138,565,573
050,37,023,"North Carolina","Burke County",2,48,1198,597,601
050,37,023,"North Carolina","Burke County",2,49,1284,639,645
050,37,023,"North Carolina","Burke County",2,50,1294,640,654
050,37,023,"North Carolina","Burke County",2,51,1254,630,624
050,37,023,"North Carolina","Burke County",2,52,1265,649,616
050,37,023,"North Carolina","Burke County",2,53,1315,683,632
050,37,023,"North Carolina","Burke County",2,54,1347,682,665
050,37,023,"North Carolina","Burke County",2,55,1360,691,669
050,37,023,"North Carolina","Burke County",2,56,1391,691,700
050,37,023,"North Carolina","Burke County",2,57,1395,699,696
050,37,023,"North Carolina","Burke County",2,58,1391,701,690
050,37,023,"North Carolina","Burke County",2,59,1438,725,713
050,37,023,"North Carolina","Burke County",2,60,1402,674,728
050,37,023,"North Carolina","Burke County",2,61,1348,645,703
050,37,023,"North Carolina","Burke County",2,62,1301,628,673
050,37,023,"North Carolina","Burke County",2,63,1263,614,649
050,37,023,"North Carolina","Burke County",2,64,1187,578,609
050,37,023,"North Carolina","Burke County",2,65,1189,585,604
050,37,023,"North Carolina","Burke County",2,66,1167,562,605
050,37,023,"North Carolina","Burke County",2,67,1103,528,575
050,37,023,"North Carolina","Burke County",2,68,1095,526,569
050,37,023,"North Carolina","Burke County",2,69,1073,508,565
050,37,023,"North Carolina","Burke County",2,70,1051,498,553
050,37,023,"North Carolina","Burke County",2,71,1063,499,564
050,37,023,"North Carolina","Burke County",2,72,1024,486,538
050,37,023,"North Carolina","Burke County",2,73,1088,513,575
050,37,023,"North Carolina","Burke County",2,74,724,345,379
050,37,023,"North Carolina","Burke County",2,75,713,335,378
050,37,023,"North Carolina","Burke County",2,76,725,314,411
050,37,023,"North Carolina","Burke County",2,77,756,325,431
050,37,023,"North Carolina","Burke County",2,78,639,276,363
050,37,023,"North Carolina","Burke County",2,79,561,248,313
050,37,023,"North Carolina","Burke County",2,80,517,214,303
050,37,023,"North Carolina","Burke County",2,81,476,216,260
050,37,023,"North Carolina","Burke County",2,82,422,188,234
050,37,023,"North Carolina","Burke County",2,83,404,163,241
050,37,023,"North Carolina","Burke County",2,84,357,143,214
050,37,023,"North Carolina","Burke County",2,85,1984,691,1293
050,37,023,"North Carolina","Burke County",3,0,795,394,401
050,37,023,"North Carolina","Burke County",3,1,826,434,392
050,37,023,"North Carolina","Burke County",3,2,857,431,426
050,37,023,"North Carolina","Burke County",3,3,831,429,402
050,37,023,"North Carolina","Burke County",3,4,857,442,415
050,37,023,"North Carolina","Burke County",3,5,859,444,415
050,37,023,"North Carolina","Burke County",3,6,827,431,396
050,37,023,"North Carolina","Burke County",3,7,853,440,413
050,37,023,"North Carolina","Burke County",3,8,860,440,420
050,37,023,"North Carolina","Burke County",3,9,847,434,413
050,37,023,"North Carolina","Burke County",3,10,833,429,404
050,37,023,"North Carolina","Burke County",3,11,888,461,427
050,37,023,"North Carolina","Burke County",3,12,962,500,462
050,37,023,"North Carolina","Burke County",3,13,1011,510,501
050,37,023,"North Carolina","Burke County",3,14,993,525,468
050,37,023,"North Carolina","Burke County",3,15,991,507,484
050,37,023,"North Carolina","Burke County",3,16,976,501,475
050,37,023,"North Carolina","Burke County",3,17,1093,591,502
050,37,023,"North Carolina","Burke County",3,18,1178,744,434
050,37,023,"North Carolina","Burke County",3,19,910,576,334
050,37,023,"North Carolina","Burke County",3,20,929,572,357
050,37,023,"North Carolina","Burke County",3,21,941,540,401
050,37,023,"North Carolina","Burke County",3,22,969,508,461
050,37,023,"North Carolina","Burke County",3,23,988,510,478
050,37,023,"North Carolina","Burke County",3,24,964,517,447
050,37,023,"North Carolina","Burke County",3,25,1004,527,477
050,37,023,"North Carolina","Burke County",3,26,1066,547,519
050,37,023,"North Carolina","Burke County",3,27,1104,583,521
050,37,023,"North Carolina","Burke County",3,28,1117,609,508
050,37,023,"North Carolina","Burke County",3,29,1146,615,531
050,37,023,"North Carolina","Burke County",3,30,1176,592,584
050,37,023,"North Carolina","Burke County",3,31,1165,608,557
050,37,023,"North Carolina","Burke County",3,32,1077,545,532
050,37,023,"North Carolina","Burke County",3,33,1018,509,509
050,37,023,"North Carolina","Burke County",3,34,971,512,459
050,37,023,"North Carolina","Burke County",3,35,976,499,477
050,37,023,"North Carolina","Burke County",3,36,912,458,454
050,37,023,"North Carolina","Burke County",3,37,928,471,457
050,37,023,"North Carolina","Burke County",3,38,953,477,476
050,37,023,"North Carolina","Burke County",3,39,991,506,485
050,37,023,"North Carolina","Burke County",3,40,1017,527,490
050,37,023,"North Carolina","Burke County",3,41,972,472,500
050,37,023,"North Carolina","Burke County",3,42,966,452,514
050,37,023,"North Carolina","Burke County",3,43,980,484,496
050,37,023,"North Carolina","Burke County",3,44,987,503,484
050,37,023,"North Carolina","Burke County",3,45,971,485,486
050,37,023,"North Carolina","Burke County",3,46,1068,541,527
050,37,023,"North Carolina","Burke County",3,47,1095,553,542
050,37,023,"North Carolina","Burke County",3,48,1142,571,571
050,37,023,"North Carolina","Burke County",3,49,1200,602,598
050,37,023,"North Carolina","Burke County",3,50,1301,636,665
050,37,023,"North Carolina","Burke County",3,51,1282,626,656
050,37,023,"North Carolina","Burke County",3,52,1279,649,630
050,37,023,"North Carolina","Burke County",3,53,1272,659,613
050,37,023,"North Carolina","Burke County",3,54,1294,674,620
050,37,023,"North Carolina","Burke County",3,55,1359,693,666
050,37,023,"North Carolina","Burke County",3,56,1362,684,678
050,37,023,"North Carolina","Burke County",3,57,1375,687,688
050,37,023,"North Carolina","Burke County",3,58,1374,700,674
050,37,023,"North Carolina","Burke County",3,59,1393,691,702
050,37,023,"North Carolina","Burke County",3,60,1434,725,709
050,37,023,"North Carolina","Burke County",3,61,1399,678,721
050,37,023,"North Carolina","Burke County",3,62,1344,627,717
050,37,023,"North Carolina","Burke County",3,63,1317,636,681
050,37,023,"North Carolina","Burke County",3,64,1249,600,649
050,37,023,"North Carolina","Burke County",3,65,1206,589,617
050,37,023,"North Carolina","Burke County",3,66,1191,577,614
050,37,023,"North Carolina","Burke County",3,67,1152,557,595
050,37,023,"North Carolina","Burke County",3,68,1099,525,574
050,37,023,"North Carolina","Burke County",3,69,1062,504,558
050,37,023,"North Carolina","Burke County",3,70,1057,504,553
050,37,023,"North Carolina","Burke County",3,71,1019,474,545
050,37,023,"North Carolina","Burke County",3,72,1048,487,561
050,37,023,"North Carolina","Burke County",3,73,1007,474,533
050,37,023,"North Carolina","Burke County",3,74,1049,498,551
050,37,023,"North Carolina","Burke County",3,75,706,334,372
050,37,023,"North Carolina","Burke County",3,76,681,309,372
050,37,023,"North Carolina","Burke County",3,77,725,300,425
050,37,023,"North Carolina","Burke County",3,78,696,298,398
050,37,023,"North Carolina","Burke County",3,79,603,259,344
050,37,023,"North Carolina","Burke County",3,80,532,229,303
050,37,023,"North Carolina","Burke County",3,81,479,209,270
050,37,023,"North Carolina","Burke County",3,82,449,194,255
050,37,023,"North Carolina","Burke County",3,83,388,160,228
050,37,023,"North Carolina","Burke County",3,84,376,152,224
050,37,023,"North Carolina","Burke County",3,85,1990,723,1267
050,37,023,"North Carolina","Burke County",4,0,858,435,423
050,37,023,"North Carolina","Burke County",4,1,781,390,391
050,37,023,"North Carolina","Burke County",4,2,849,443,406
050,37,023,"North Carolina","Burke County",4,3,856,432,424
050,37,023,"North Carolina","Burke County",4,4,834,424,410
050,37,023,"North Carolina","Burke County",4,5,902,458,444
050,37,023,"North Carolina","Burke County",4,6,873,451,422
050,37,023,"North Carolina","Burke County",4,7,855,436,419
050,37,023,"North Carolina","Burke County",4,8,845,427,418
050,37,023,"North Carolina","Burke County",4,9,858,441,417
050,37,023,"North Carolina","Burke County",4,10,834,421,413
050,37,023,"North Carolina","Burke County",4,11,839,435,404
050,37,023,"North Carolina","Burke County",4,12,889,468,421
050,37,023,"North Carolina","Burke County",4,13,959,496,463
050,37,023,"North Carolina","Burke County",4,14,1024,520,504
050,37,023,"North Carolina","Burke County",4,15,997,522,475
050,37,023,"North Carolina","Burke County",4,16,994,528,466
050,37,023,"North Carolina","Burke County",4,17,1071,597,474
050,37,023,"North Carolina","Burke County",4,18,1169,765,404
050,37,023,"North Carolina","Burke County",4,19,950,604,346
050,37,023,"North Carolina","Burke County",4,20,903,542,361
050,37,023,"North Carolina","Burke County",4,21,886,522,364
050,37,023,"North Carolina","Burke County",4,22,964,531,433
050,37,023,"North Carolina","Burke County",4,23,1013,519,494
050,37,023,"North Carolina","Burke County",4,24,1026,524,502
050,37,023,"North Carolina","Burke County",4,25,984,503,481
050,37,023,"North Carolina","Burke County",4,26,1013,538,475
050,37,023,"North Carolina","Burke County",4,27,1063,532,531
050,37,023,"North Carolina","Burke County",4,28,1125,601,524
050,37,023,"North Carolina","Burke County",4,29,1131,604,527
050,37,023,"North Carolina","Burke County",4,30,1182,627,555
050,37,023,"North Carolina","Burke County",4,31,1203,610,593
050,37,023,"North Carolina","Burke County",4,32,1158,605,553
050,37,023,"North Carolina","Burke County",4,33,1076,559,517
050,37,023,"North Carolina","Burke County",4,34,1025,508,517
050,37,023,"North Carolina","Burke County",4,35,972,515,457
050,37,023,"North Carolina","Burke County",4,36,986,509,477
050,37,023,"North Carolina","Burke County",4,37,952,488,464
050,37,023,"North Carolina","Burke County",4,38,903,462,441
050,37,023,"North Carolina","Burke County",4,39,1000,507,493
050,37,023,"North Carolina","Burke County",4,40,994,500,494
050,37,023,"North Carolina","Burke County",4,41,1017,528,489
050,37,023,"North Carolina","Burke County",4,42,999,484,515
050,37,023,"North Carolina","Burke County",4,43,984,460,524
050,37,023,"North Carolina","Burke County",4,44,990,493,497
050,37,023,"North Carolina","Burke County",4,45,990,519,471
050,37,023,"North Carolina","Burke County",4,46,971,484,487
050,37,023,"North Carolina","Burke County",4,47,1075,539,536
050,37,023,"North Carolina","Burke County",4,48,1111,550,561
050,37,023,"North Carolina","Burke County",4,49,1142,565,577
050,37,023,"North Carolina","Burke County",4,50,1184,587,597
050,37,023,"North Carolina","Burke County",4,51,1298,645,653
050,37,023,"North Carolina","Burke County",4,52,1285,631,654
050,37,023,"North Carolina","Burke County",4,53,1278,643,635
050,37,023,"North Carolina","Burke County",4,54,1253,652,601
050,37,023,"North Carolina","Burke County",4,55,1299,676,623
050,37,023,"North Carolina","Burke County",4,56,1360,684,676
050,37,023,"North Carolina","Burke County",4,57,1321,661,660
050,37,023,"North Carolina","Burke County",4,58,1392,689,703
050,37,023,"North Carolina","Burke County",4,59,1370,690,680
050,37,023,"North Carolina","Burke County",4,60,1396,693,703
050,37,023,"North Carolina","Burke County",4,61,1429,718,711
050,37,023,"North Carolina","Burke County",4,62,1384,660,724
050,37,023,"North Carolina","Burke County",4,63,1339,628,711
050,37,023,"North Carolina","Burke County",4,64,1311,637,674
050,37,023,"North Carolina","Burke County",4,65,1246,602,644
050,37,023,"North Carolina","Burke County",4,66,1203,570,633
050,37,023,"North Carolina","Burke County",4,67,1170,573,597
050,37,023,"North Carolina","Burke County",4,68,1149,554,595
050,37,023,"North Carolina","Burke County",4,69,1086,516,570
050,37,023,"North Carolina","Burke County",4,70,1040,493,547
050,37,023,"North Carolina","Burke County",4,71,1018,474,544
050,37,023,"North Carolina","Burke County",4,72,1001,465,536
050,37,023,"North Carolina","Burke County",4,73,1038,480,558
050,37,023,"North Carolina","Burke County",4,74,972,456,516
050,37,023,"North Carolina","Burke County",4,75,1039,494,545
050,37,023,"North Carolina","Burke County",4,76,671,306,365
050,37,023,"North Carolina","Burke County",4,77,687,303,384
050,37,023,"North Carolina","Burke County",4,78,677,278,399
050,37,023,"North Carolina","Burke County",4,79,656,287,369
050,37,023,"North Carolina","Burke County",4,80,566,237,329
050,37,023,"North Carolina","Burke County",4,81,493,220,273
050,37,023,"North Carolina","Burke County",4,82,447,180,267
050,37,023,"North Carolina","Burke County",4,83,424,176,248
050,37,023,"North Carolina","Burke County",4,84,358,156,202
050,37,023,"North Carolina","Burke County",4,85,2057,755,1302
050,37,023,"North Carolina","Burke County",5,0,838,421,417
050,37,023,"North Carolina","Burke County",5,1,865,436,429
050,37,023,"North Carolina","Burke County",5,2,766,400,366
050,37,023,"North Carolina","Burke County",5,3,824,419,405
050,37,023,"North Carolina","Burke County",5,4,877,442,435
050,37,023,"North Carolina","Burke County",5,5,862,433,429
050,37,023,"North Carolina","Burke County",5,6,898,463,435
050,37,023,"North Carolina","Burke County",5,7,897,456,441
050,37,023,"North Carolina","Burke County",5,8,864,437,427
050,37,023,"North Carolina","Burke County",5,9,849,439,410
050,37,023,"North Carolina","Burke County",5,10,882,454,428
050,37,023,"North Carolina","Burke County",5,11,853,427,426
050,37,023,"North Carolina","Burke County",5,12,869,457,412
050,37,023,"North Carolina","Burke County",5,13,886,470,416
050,37,023,"North Carolina","Burke County",5,14,974,495,479
050,37,023,"North Carolina","Burke County",5,15,1035,528,507
050,37,023,"North Carolina","Burke County",5,16,1001,544,457
050,37,023,"North Carolina","Burke County",5,17,1097,632,465
050,37,023,"North Carolina","Burke County",5,18,1148,768,380
050,37,023,"North Carolina","Burke County",5,19,920,580,340
050,37,023,"North Carolina","Burke County",5,20,949,564,385
050,37,023,"North Carolina","Burke County",5,21,872,485,387
050,37,023,"North Carolina","Burke County",5,22,908,500,408
050,37,023,"North Carolina","Burke County",5,23,990,532,458
050,37,023,"North Carolina","Burke County",5,24,1045,540,505
050,37,023,"North Carolina","Burke County",5,25,1023,509,514
050,37,023,"North Carolina","Burke County",5,26,929,482,447
050,37,023,"North Carolina","Burke County",5,27,978,516,462
050,37,023,"North Carolina","Burke County",5,28,1091,534,557
050,37,023,"North Carolina","Burke County",5,29,1120,581,539
050,37,023,"North Carolina","Burke County",5,30,1147,622,525
050,37,023,"North Carolina","Burke County",5,31,1207,650,557
050,37,023,"North Carolina","Burke County",5,32,1201,616,585
050,37,023,"North Carolina","Burke County",5,33,1167,598,569
050,37,023,"North Carolina","Burke County",5,34,1079,550,529
050,37,023,"North Carolina","Burke County",5,35,1036,519,517
050,37,023,"North Carolina","Burke County",5,36,977,504,473
050,37,023,"North Carolina","Burke County",5,37,1020,523,497
050,37,023,"North Carolina","Burke County",5,38,960,488,472
050,37,023,"North Carolina","Burke County",5,39,926,476,450
050,37,023,"North Carolina","Burke County",5,40,1002,518,484
050,37,023,"North Carolina","Burke County",5,41,997,501,496
050,37,023,"North Carolina","Burke County",5,42,1036,550,486
050,37,023,"North Carolina","Burke County",5,43,1001,489,512
050,37,023,"North Carolina","Burke County",5,44,983,465,518
050,37,023,"North Carolina","Burke County",5,45,1025,510,515
050,37,023,"North Carolina","Burke County",5,46,992,517,475
050,37,023,"North Carolina","Burke County",5,47,967,478,489
050,37,023,"North Carolina","Burke County",5,48,1080,542,538
050,37,023,"North Carolina","Burke County",5,49,1128,561,567
050,37,023,"North Carolina","Burke County",5,50,1163,572,591
050,37,023,"North Carolina","Burke County",5,51,1167,569,598
050,37,023,"North Carolina","Burke County",5,52,1314,647,667
050,37,023,"North Carolina","Burke County",5,53,1277,623,654
050,37,023,"North Carolina","Burke County",5,54,1291,653,638
050,37,023,"North Carolina","Burke County",5,55,1279,656,623
050,37,023,"North Carolina","Burke County",5,56,1304,675,629
050,37,023,"North Carolina","Burke County",5,57,1339,675,664
050,37,023,"North Carolina","Burke County",5,58,1334,667,667
050,37,023,"North Carolina","Burke County",5,59,1405,682,723
050,37,023,"North Carolina","Burke County",5,60,1383,702,681
050,37,023,"North Carolina","Burke County",5,61,1400,702,698
050,37,023,"North Carolina","Burke County",5,62,1409,696,713
050,37,023,"North Carolina","Burke County",5,63,1386,655,731
050,37,023,"North Carolina","Burke County",5,64,1347,627,720
050,37,023,"North Carolina","Burke County",5,65,1323,647,676
050,37,023,"North Carolina","Burke County",5,66,1242,591,651
050,37,023,"North Carolina","Burke County",5,67,1178,559,619
050,37,023,"North Carolina","Burke County",5,68,1156,560,596
050,37,023,"North Carolina","Burke County",5,69,1126,546,580
050,37,023,"North Carolina","Burke County",5,70,1066,509,557
050,37,023,"North Carolina","Burke County",5,71,1000,463,537
050,37,023,"North Carolina","Burke County",5,72,1007,467,540
050,37,023,"North Carolina","Burke County",5,73,989,460,529
050,37,023,"North Carolina","Burke County",5,74,993,459,534
050,37,023,"North Carolina","Burke County",5,75,951,445,506
050,37,023,"North Carolina","Burke County",5,76,984,460,524
050,37,023,"North Carolina","Burke County",5,77,677,295,382
050,37,023,"North Carolina","Burke County",5,78,639,282,357
050,37,023,"North Carolina","Burke County",5,79,640,266,374
050,37,023,"North Carolina","Burke County",5,80,617,262,355
050,37,023,"North Carolina","Burke County",5,81,523,226,297
050,37,023,"North Carolina","Burke County",5,82,460,188,272
050,37,023,"North Carolina","Burke County",5,83,429,166,263
050,37,023,"North Carolina","Burke County",5,84,393,169,224
050,37,023,"North Carolina","Burke County",5,85,2106,804,1302
050,37,025,"North Carolina","Cabarrus County",1,0,2588,1330,1258
050,37,025,"North Carolina","Cabarrus County",1,1,2669,1386,1283
050,37,025,"North Carolina","Cabarrus County",1,2,2848,1535,1313
050,37,025,"North Carolina","Cabarrus County",1,3,2980,1561,1419
050,37,025,"North Carolina","Cabarrus County",1,4,3051,1579,1472
050,37,025,"North Carolina","Cabarrus County",1,5,3047,1535,1512
050,37,025,"North Carolina","Cabarrus County",1,6,3153,1594,1559
050,37,025,"North Carolina","Cabarrus County",1,7,3155,1631,1524
050,37,025,"North Carolina","Cabarrus County",1,8,3205,1669,1536
050,37,025,"North Carolina","Cabarrus County",1,9,3196,1669,1527
050,37,025,"North Carolina","Cabarrus County",1,10,3320,1716,1604
050,37,025,"North Carolina","Cabarrus County",1,11,3511,1782,1729
050,37,025,"North Carolina","Cabarrus County",1,12,3620,1864,1756
050,37,025,"North Carolina","Cabarrus County",1,13,3619,1832,1787
050,37,025,"North Carolina","Cabarrus County",1,14,3531,1845,1686
050,37,025,"North Carolina","Cabarrus County",1,15,3537,1835,1702
050,37,025,"North Carolina","Cabarrus County",1,16,3539,1833,1706
050,37,025,"North Carolina","Cabarrus County",1,17,3466,1757,1709
050,37,025,"North Carolina","Cabarrus County",1,18,2963,1538,1425
050,37,025,"North Carolina","Cabarrus County",1,19,2555,1324,1231
050,37,025,"North Carolina","Cabarrus County",1,20,2520,1281,1239
050,37,025,"North Carolina","Cabarrus County",1,21,2479,1228,1251
050,37,025,"North Carolina","Cabarrus County",1,22,2484,1232,1252
050,37,025,"North Carolina","Cabarrus County",1,23,2552,1261,1291
050,37,025,"North Carolina","Cabarrus County",1,24,2586,1307,1279
050,37,025,"North Carolina","Cabarrus County",1,25,2641,1335,1306
050,37,025,"North Carolina","Cabarrus County",1,26,2722,1384,1338
050,37,025,"North Carolina","Cabarrus County",1,27,2673,1350,1323
050,37,025,"North Carolina","Cabarrus County",1,28,2778,1366,1412
050,37,025,"North Carolina","Cabarrus County",1,29,2887,1393,1494
050,37,025,"North Carolina","Cabarrus County",1,30,2869,1383,1486
050,37,025,"North Carolina","Cabarrus County",1,31,2848,1340,1508
050,37,025,"North Carolina","Cabarrus County",1,32,2851,1368,1483
050,37,025,"North Carolina","Cabarrus County",1,33,3026,1449,1577
050,37,025,"North Carolina","Cabarrus County",1,34,3207,1569,1638
050,37,025,"North Carolina","Cabarrus County",1,35,3127,1462,1665
050,37,025,"North Carolina","Cabarrus County",1,36,3121,1455,1666
050,37,025,"North Carolina","Cabarrus County",1,37,3308,1587,1721
050,37,025,"North Carolina","Cabarrus County",1,38,3269,1550,1719
050,37,025,"North Carolina","Cabarrus County",1,39,3323,1631,1692
050,37,025,"North Carolina","Cabarrus County",1,40,3367,1672,1695
050,37,025,"North Carolina","Cabarrus County",1,41,3308,1623,1685
050,37,025,"North Carolina","Cabarrus County",1,42,3306,1640,1666
050,37,025,"North Carolina","Cabarrus County",1,43,3196,1537,1659
050,37,025,"North Carolina","Cabarrus County",1,44,3142,1505,1637
050,37,025,"North Carolina","Cabarrus County",1,45,3188,1599,1589
050,37,025,"North Carolina","Cabarrus County",1,46,3085,1537,1548
050,37,025,"North Carolina","Cabarrus County",1,47,3241,1581,1660
050,37,025,"North Carolina","Cabarrus County",1,48,3456,1709,1747
050,37,025,"North Carolina","Cabarrus County",1,49,3687,1839,1848
050,37,025,"North Carolina","Cabarrus County",1,50,3347,1677,1670
050,37,025,"North Carolina","Cabarrus County",1,51,3179,1572,1607
050,37,025,"North Carolina","Cabarrus County",1,52,3105,1563,1542
050,37,025,"North Carolina","Cabarrus County",1,53,3107,1556,1551
050,37,025,"North Carolina","Cabarrus County",1,54,2979,1501,1478
050,37,025,"North Carolina","Cabarrus County",1,55,2947,1446,1501
050,37,025,"North Carolina","Cabarrus County",1,56,2932,1451,1481
050,37,025,"North Carolina","Cabarrus County",1,57,2874,1414,1460
050,37,025,"North Carolina","Cabarrus County",1,58,2847,1411,1436
050,37,025,"North Carolina","Cabarrus County",1,59,2758,1361,1397
050,37,025,"North Carolina","Cabarrus County",1,60,2641,1299,1342
050,37,025,"North Carolina","Cabarrus County",1,61,2608,1255,1353
050,37,025,"North Carolina","Cabarrus County",1,62,2492,1190,1302
050,37,025,"North Carolina","Cabarrus County",1,63,2355,1112,1243
050,37,025,"North Carolina","Cabarrus County",1,64,2222,1068,1154
050,37,025,"North Carolina","Cabarrus County",1,65,2183,1018,1165
050,37,025,"North Carolina","Cabarrus County",1,66,2052,951,1101
050,37,025,"North Carolina","Cabarrus County",1,67,2031,927,1104
050,37,025,"North Carolina","Cabarrus County",1,68,1919,890,1029
050,37,025,"North Carolina","Cabarrus County",1,69,1847,844,1003
050,37,025,"North Carolina","Cabarrus County",1,70,1821,819,1002
050,37,025,"North Carolina","Cabarrus County",1,71,1735,808,927
050,37,025,"North Carolina","Cabarrus County",1,72,1740,795,945
050,37,025,"North Carolina","Cabarrus County",1,73,1736,799,937
050,37,025,"North Carolina","Cabarrus County",1,74,1204,536,668
050,37,025,"North Carolina","Cabarrus County",1,75,1187,535,652
050,37,025,"North Carolina","Cabarrus County",1,76,1193,553,640
050,37,025,"North Carolina","Cabarrus County",1,77,1171,507,664
050,37,025,"North Carolina","Cabarrus County",1,78,949,409,540
050,37,025,"North Carolina","Cabarrus County",1,79,858,371,487
050,37,025,"North Carolina","Cabarrus County",1,80,729,296,433
050,37,025,"North Carolina","Cabarrus County",1,81,701,292,409
050,37,025,"North Carolina","Cabarrus County",1,82,662,258,404
050,37,025,"North Carolina","Cabarrus County",1,83,574,220,354
050,37,025,"North Carolina","Cabarrus County",1,84,514,184,330
050,37,025,"North Carolina","Cabarrus County",1,85,2792,939,1853
050,37,025,"North Carolina","Cabarrus County",2,0,2606,1320,1286
050,37,025,"North Carolina","Cabarrus County",2,1,2674,1386,1288
050,37,025,"North Carolina","Cabarrus County",2,2,2841,1514,1327
050,37,025,"North Carolina","Cabarrus County",2,3,2969,1565,1404
050,37,025,"North Carolina","Cabarrus County",2,4,3065,1586,1479
050,37,025,"North Carolina","Cabarrus County",2,5,3080,1557,1523
050,37,025,"North Carolina","Cabarrus County",2,6,3167,1598,1569
050,37,025,"North Carolina","Cabarrus County",2,7,3176,1630,1546
050,37,025,"North Carolina","Cabarrus County",2,8,3214,1667,1547
050,37,025,"North Carolina","Cabarrus County",2,9,3216,1673,1543
050,37,025,"North Carolina","Cabarrus County",2,10,3316,1714,1602
050,37,025,"North Carolina","Cabarrus County",2,11,3476,1774,1702
050,37,025,"North Carolina","Cabarrus County",2,12,3637,1867,1770
050,37,025,"North Carolina","Cabarrus County",2,13,3649,1858,1791
050,37,025,"North Carolina","Cabarrus County",2,14,3573,1850,1723
050,37,025,"North Carolina","Cabarrus County",2,15,3561,1850,1711
050,37,025,"North Carolina","Cabarrus County",2,16,3567,1849,1718
050,37,025,"North Carolina","Cabarrus County",2,17,3497,1775,1722
050,37,025,"North Carolina","Cabarrus County",2,18,2976,1542,1434
050,37,025,"North Carolina","Cabarrus County",2,19,2577,1335,1242
050,37,025,"North Carolina","Cabarrus County",2,20,2591,1319,1272
050,37,025,"North Carolina","Cabarrus County",2,21,2509,1249,1260
050,37,025,"North Carolina","Cabarrus County",2,22,2507,1244,1263
050,37,025,"North Carolina","Cabarrus County",2,23,2565,1266,1299
050,37,025,"North Carolina","Cabarrus County",2,24,2583,1291,1292
050,37,025,"North Carolina","Cabarrus County",2,25,2657,1340,1317
050,37,025,"North Carolina","Cabarrus County",2,26,2722,1376,1346
050,37,025,"North Carolina","Cabarrus County",2,27,2709,1369,1340
050,37,025,"North Carolina","Cabarrus County",2,28,2785,1383,1402
050,37,025,"North Carolina","Cabarrus County",2,29,2884,1397,1487
050,37,025,"North Carolina","Cabarrus County",2,30,2917,1402,1515
050,37,025,"North Carolina","Cabarrus County",2,31,2883,1363,1520
050,37,025,"North Carolina","Cabarrus County",2,32,2882,1372,1510
050,37,025,"North Carolina","Cabarrus County",2,33,3024,1450,1574
050,37,025,"North Carolina","Cabarrus County",2,34,3190,1550,1640
050,37,025,"North Carolina","Cabarrus County",2,35,3201,1512,1689
050,37,025,"North Carolina","Cabarrus County",2,36,3145,1473,1672
050,37,025,"North Carolina","Cabarrus County",2,37,3285,1569,1716
050,37,025,"North Carolina","Cabarrus County",2,38,3323,1585,1738
050,37,025,"North Carolina","Cabarrus County",2,39,3319,1622,1697
050,37,025,"North Carolina","Cabarrus County",2,40,3404,1687,1717
050,37,025,"North Carolina","Cabarrus County",2,41,3339,1646,1693
050,37,025,"North Carolina","Cabarrus County",2,42,3301,1636,1665
050,37,025,"North Carolina","Cabarrus County",2,43,3265,1583,1682
050,37,025,"North Carolina","Cabarrus County",2,44,3149,1513,1636
050,37,025,"North Carolina","Cabarrus County",2,45,3208,1595,1613
050,37,025,"North Carolina","Cabarrus County",2,46,3110,1552,1558
050,37,025,"North Carolina","Cabarrus County",2,47,3208,1576,1632
050,37,025,"North Carolina","Cabarrus County",2,48,3421,1687,1734
050,37,025,"North Carolina","Cabarrus County",2,49,3660,1820,1840
050,37,025,"North Carolina","Cabarrus County",2,50,3437,1719,1718
050,37,025,"North Carolina","Cabarrus County",2,51,3219,1595,1624
050,37,025,"North Carolina","Cabarrus County",2,52,3122,1564,1558
050,37,025,"North Carolina","Cabarrus County",2,53,3117,1559,1558
050,37,025,"North Carolina","Cabarrus County",2,54,3004,1513,1491
050,37,025,"North Carolina","Cabarrus County",2,55,2960,1458,1502
050,37,025,"North Carolina","Cabarrus County",2,56,2944,1452,1492
050,37,025,"North Carolina","Cabarrus County",2,57,2890,1426,1464
050,37,025,"North Carolina","Cabarrus County",2,58,2851,1411,1440
050,37,025,"North Carolina","Cabarrus County",2,59,2783,1374,1409
050,37,025,"North Carolina","Cabarrus County",2,60,2671,1312,1359
050,37,025,"North Carolina","Cabarrus County",2,61,2610,1264,1346
050,37,025,"North Carolina","Cabarrus County",2,62,2510,1198,1312
050,37,025,"North Carolina","Cabarrus County",2,63,2403,1133,1270
050,37,025,"North Carolina","Cabarrus County",2,64,2243,1071,1172
050,37,025,"North Carolina","Cabarrus County",2,65,2188,1023,1165
050,37,025,"North Carolina","Cabarrus County",2,66,2090,972,1118
050,37,025,"North Carolina","Cabarrus County",2,67,2031,929,1102
050,37,025,"North Carolina","Cabarrus County",2,68,1921,884,1037
050,37,025,"North Carolina","Cabarrus County",2,69,1870,856,1014
050,37,025,"North Carolina","Cabarrus County",2,70,1821,819,1002
050,37,025,"North Carolina","Cabarrus County",2,71,1747,807,940
050,37,025,"North Carolina","Cabarrus County",2,72,1711,780,931
050,37,025,"North Carolina","Cabarrus County",2,73,1814,831,983
050,37,025,"North Carolina","Cabarrus County",2,74,1251,563,688
050,37,025,"North Carolina","Cabarrus County",2,75,1187,533,654
050,37,025,"North Carolina","Cabarrus County",2,76,1175,539,636
050,37,025,"North Carolina","Cabarrus County",2,77,1196,527,669
050,37,025,"North Carolina","Cabarrus County",2,78,969,421,548
050,37,025,"North Carolina","Cabarrus County",2,79,877,376,501
050,37,025,"North Carolina","Cabarrus County",2,80,754,309,445
050,37,025,"North Carolina","Cabarrus County",2,81,696,286,410
050,37,025,"North Carolina","Cabarrus County",2,82,665,261,404
050,37,025,"North Carolina","Cabarrus County",2,83,584,222,362
050,37,025,"North Carolina","Cabarrus County",2,84,514,188,326
050,37,025,"North Carolina","Cabarrus County",2,85,2811,942,1869
050,37,025,"North Carolina","Cabarrus County",3,0,2597,1356,1241
050,37,025,"North Carolina","Cabarrus County",3,1,2765,1365,1400
050,37,025,"North Carolina","Cabarrus County",3,2,2859,1492,1367
050,37,025,"North Carolina","Cabarrus County",3,3,2976,1562,1414
050,37,025,"North Carolina","Cabarrus County",3,4,3058,1594,1464
050,37,025,"North Carolina","Cabarrus County",3,5,3188,1620,1568
050,37,025,"North Carolina","Cabarrus County",3,6,3213,1643,1570
050,37,025,"North Carolina","Cabarrus County",3,7,3237,1632,1605
050,37,025,"North Carolina","Cabarrus County",3,8,3201,1650,1551
050,37,025,"North Carolina","Cabarrus County",3,9,3290,1719,1571
050,37,025,"North Carolina","Cabarrus County",3,10,3277,1704,1573
050,37,025,"North Carolina","Cabarrus County",3,11,3404,1769,1635
050,37,025,"North Carolina","Cabarrus County",3,12,3578,1830,1748
050,37,025,"North Carolina","Cabarrus County",3,13,3731,1907,1824
050,37,025,"North Carolina","Cabarrus County",3,14,3721,1902,1819
050,37,025,"North Carolina","Cabarrus County",3,15,3668,1933,1735
050,37,025,"North Carolina","Cabarrus County",3,16,3608,1887,1721
050,37,025,"North Carolina","Cabarrus County",3,17,3555,1823,1732
050,37,025,"North Carolina","Cabarrus County",3,18,3101,1606,1495
050,37,025,"North Carolina","Cabarrus County",3,19,2545,1303,1242
050,37,025,"North Carolina","Cabarrus County",3,20,2683,1376,1307
050,37,025,"North Carolina","Cabarrus County",3,21,2698,1367,1331
050,37,025,"North Carolina","Cabarrus County",3,22,2691,1348,1343
050,37,025,"North Carolina","Cabarrus County",3,23,2619,1277,1342
050,37,025,"North Carolina","Cabarrus County",3,24,2668,1299,1369
050,37,025,"North Carolina","Cabarrus County",3,25,2660,1312,1348
050,37,025,"North Carolina","Cabarrus County",3,26,2748,1385,1363
050,37,025,"North Carolina","Cabarrus County",3,27,2835,1425,1410
050,37,025,"North Carolina","Cabarrus County",3,28,2832,1445,1387
050,37,025,"North Carolina","Cabarrus County",3,29,2918,1448,1470
050,37,025,"North Carolina","Cabarrus County",3,30,2990,1446,1544
050,37,025,"North Carolina","Cabarrus County",3,31,3054,1435,1619
050,37,025,"North Carolina","Cabarrus County",3,32,2984,1417,1567
050,37,025,"North Carolina","Cabarrus County",3,33,3060,1431,1629
050,37,025,"North Carolina","Cabarrus County",3,34,3180,1506,1674
050,37,025,"North Carolina","Cabarrus County",3,35,3326,1636,1690
050,37,025,"North Carolina","Cabarrus County",3,36,3349,1574,1775
050,37,025,"North Carolina","Cabarrus County",3,37,3261,1548,1713
050,37,025,"North Carolina","Cabarrus County",3,38,3394,1641,1753
050,37,025,"North Carolina","Cabarrus County",3,39,3424,1638,1786
050,37,025,"North Carolina","Cabarrus County",3,40,3394,1651,1743
050,37,025,"North Carolina","Cabarrus County",3,41,3473,1742,1731
050,37,025,"North Carolina","Cabarrus County",3,42,3390,1685,1705
050,37,025,"North Carolina","Cabarrus County",3,43,3352,1665,1687
050,37,025,"North Carolina","Cabarrus County",3,44,3343,1646,1697
050,37,025,"North Carolina","Cabarrus County",3,45,3209,1539,1670
050,37,025,"North Carolina","Cabarrus County",3,46,3146,1548,1598
050,37,025,"North Carolina","Cabarrus County",3,47,3156,1579,1577
050,37,025,"North Carolina","Cabarrus County",3,48,3229,1599,1630
050,37,025,"North Carolina","Cabarrus County",3,49,3496,1711,1785
050,37,025,"North Carolina","Cabarrus County",3,50,3648,1814,1834
050,37,025,"North Carolina","Cabarrus County",3,51,3447,1726,1721
050,37,025,"North Carolina","Cabarrus County",3,52,3167,1563,1604
050,37,025,"North Carolina","Cabarrus County",3,53,3115,1559,1556
050,37,025,"North Carolina","Cabarrus County",3,54,3098,1542,1556
050,37,025,"North Carolina","Cabarrus County",3,55,2960,1483,1477
050,37,025,"North Carolina","Cabarrus County",3,56,2964,1462,1502
050,37,025,"North Carolina","Cabarrus County",3,57,2936,1446,1490
050,37,025,"North Carolina","Cabarrus County",3,58,2838,1405,1433
050,37,025,"North Carolina","Cabarrus County",3,59,2831,1405,1426
050,37,025,"North Carolina","Cabarrus County",3,60,2752,1355,1397
050,37,025,"North Carolina","Cabarrus County",3,61,2626,1291,1335
050,37,025,"North Carolina","Cabarrus County",3,62,2563,1224,1339
050,37,025,"North Carolina","Cabarrus County",3,63,2490,1192,1298
050,37,025,"North Carolina","Cabarrus County",3,64,2357,1118,1239
050,37,025,"North Carolina","Cabarrus County",3,65,2197,1048,1149
050,37,025,"North Carolina","Cabarrus County",3,66,2160,1010,1150
050,37,025,"North Carolina","Cabarrus County",3,67,2070,943,1127
050,37,025,"North Carolina","Cabarrus County",3,68,2010,927,1083
050,37,025,"North Carolina","Cabarrus County",3,69,1919,876,1043
050,37,025,"North Carolina","Cabarrus County",3,70,1837,826,1011
050,37,025,"North Carolina","Cabarrus County",3,71,1787,798,989
050,37,025,"North Carolina","Cabarrus County",3,72,1688,775,913
050,37,025,"North Carolina","Cabarrus County",3,73,1662,748,914
050,37,025,"North Carolina","Cabarrus County",3,74,1791,818,973
050,37,025,"North Carolina","Cabarrus County",3,75,1217,547,670
050,37,025,"North Carolina","Cabarrus County",3,76,1127,500,627
050,37,025,"North Carolina","Cabarrus County",3,77,1153,526,627
050,37,025,"North Carolina","Cabarrus County",3,78,1140,499,641
050,37,025,"North Carolina","Cabarrus County",3,79,947,403,544
050,37,025,"North Carolina","Cabarrus County",3,80,826,363,463
050,37,025,"North Carolina","Cabarrus County",3,81,718,291,427
050,37,025,"North Carolina","Cabarrus County",3,82,650,265,385
050,37,025,"North Carolina","Cabarrus County",3,83,622,244,378
050,37,025,"North Carolina","Cabarrus County",3,84,552,210,342
050,37,025,"North Carolina","Cabarrus County",3,85,2789,915,1874
050,37,025,"North Carolina","Cabarrus County",4,0,2700,1411,1289
050,37,025,"North Carolina","Cabarrus County",4,1,2772,1457,1315
050,37,025,"North Carolina","Cabarrus County",4,2,2890,1439,1451
050,37,025,"North Carolina","Cabarrus County",4,3,2938,1525,1413
050,37,025,"North Carolina","Cabarrus County",4,4,3123,1618,1505
050,37,025,"North Carolina","Cabarrus County",4,5,3162,1640,1522
050,37,025,"North Carolina","Cabarrus County",4,6,3304,1689,1615
050,37,025,"North Carolina","Cabarrus County",4,7,3291,1690,1601
050,37,025,"North Carolina","Cabarrus County",4,8,3301,1666,1635
050,37,025,"North Carolina","Cabarrus County",4,9,3331,1693,1638
050,37,025,"North Carolina","Cabarrus County",4,10,3344,1733,1611
050,37,025,"North Carolina","Cabarrus County",4,11,3348,1720,1628
050,37,025,"North Carolina","Cabarrus County",4,12,3490,1793,1697
050,37,025,"North Carolina","Cabarrus County",4,13,3657,1841,1816
050,37,025,"North Carolina","Cabarrus County",4,14,3806,1938,1868
050,37,025,"North Carolina","Cabarrus County",4,15,3736,1885,1851
050,37,025,"North Carolina","Cabarrus County",4,16,3692,1953,1739
050,37,025,"North Carolina","Cabarrus County",4,17,3610,1863,1747
050,37,025,"North Carolina","Cabarrus County",4,18,3076,1622,1454
050,37,025,"North Carolina","Cabarrus County",4,19,2548,1302,1246
050,37,025,"North Carolina","Cabarrus County",4,20,2609,1329,1280
050,37,025,"North Carolina","Cabarrus County",4,21,2794,1404,1390
050,37,025,"North Carolina","Cabarrus County",4,22,2825,1451,1374
050,37,025,"North Carolina","Cabarrus County",4,23,2756,1375,1381
050,37,025,"North Carolina","Cabarrus County",4,24,2706,1335,1371
050,37,025,"North Carolina","Cabarrus County",4,25,2710,1338,1372
050,37,025,"North Carolina","Cabarrus County",4,26,2735,1339,1396
050,37,025,"North Carolina","Cabarrus County",4,27,2824,1425,1399
050,37,025,"North Carolina","Cabarrus County",4,28,2965,1507,1458
050,37,025,"North Carolina","Cabarrus County",4,29,2924,1478,1446
050,37,025,"North Carolina","Cabarrus County",4,30,2994,1462,1532
050,37,025,"North Carolina","Cabarrus County",4,31,3121,1482,1639
050,37,025,"North Carolina","Cabarrus County",4,32,3105,1456,1649
050,37,025,"North Carolina","Cabarrus County",4,33,3151,1450,1701
050,37,025,"North Carolina","Cabarrus County",4,34,3143,1482,1661
050,37,025,"North Carolina","Cabarrus County",4,35,3282,1550,1732
050,37,025,"North Carolina","Cabarrus County",4,36,3536,1735,1801
050,37,025,"North Carolina","Cabarrus County",4,37,3460,1643,1817
050,37,025,"North Carolina","Cabarrus County",4,38,3452,1652,1800
050,37,025,"North Carolina","Cabarrus County",4,39,3473,1663,1810
050,37,025,"North Carolina","Cabarrus County",4,40,3591,1736,1855
050,37,025,"North Carolina","Cabarrus County",4,41,3503,1712,1791
050,37,025,"North Carolina","Cabarrus County",4,42,3551,1774,1777
050,37,025,"North Carolina","Cabarrus County",4,43,3463,1725,1738
050,37,025,"North Carolina","Cabarrus County",4,44,3461,1737,1724
050,37,025,"North Carolina","Cabarrus County",4,45,3317,1626,1691
050,37,025,"North Carolina","Cabarrus County",4,46,3187,1543,1644
050,37,025,"North Carolina","Cabarrus County",4,47,3185,1564,1621
050,37,025,"North Carolina","Cabarrus County",4,48,3149,1561,1588
050,37,025,"North Carolina","Cabarrus County",4,49,3182,1574,1608
050,37,025,"North Carolina","Cabarrus County",4,50,3462,1708,1754
050,37,025,"North Carolina","Cabarrus County",4,51,3633,1811,1822
050,37,025,"North Carolina","Cabarrus County",4,52,3414,1708,1706
050,37,025,"North Carolina","Cabarrus County",4,53,3160,1555,1605
050,37,025,"North Carolina","Cabarrus County",4,54,3111,1567,1544
050,37,025,"North Carolina","Cabarrus County",4,55,3094,1534,1560
050,37,025,"North Carolina","Cabarrus County",4,56,2981,1487,1494
050,37,025,"North Carolina","Cabarrus County",4,57,2928,1443,1485
050,37,025,"North Carolina","Cabarrus County",4,58,2900,1413,1487
050,37,025,"North Carolina","Cabarrus County",4,59,2814,1401,1413
050,37,025,"North Carolina","Cabarrus County",4,60,2829,1398,1431
050,37,025,"North Carolina","Cabarrus County",4,61,2682,1306,1376
050,37,025,"North Carolina","Cabarrus County",4,62,2585,1251,1334
050,37,025,"North Carolina","Cabarrus County",4,63,2540,1213,1327
050,37,025,"North Carolina","Cabarrus County",4,64,2476,1199,1277
050,37,025,"North Carolina","Cabarrus County",4,65,2325,1104,1221
050,37,025,"North Carolina","Cabarrus County",4,66,2168,1041,1127
050,37,025,"North Carolina","Cabarrus County",4,67,2119,982,1137
050,37,025,"North Carolina","Cabarrus County",4,68,2041,911,1130
050,37,025,"North Carolina","Cabarrus County",4,69,1977,913,1064
050,37,025,"North Carolina","Cabarrus County",4,70,1882,849,1033
050,37,025,"North Carolina","Cabarrus County",4,71,1782,797,985
050,37,025,"North Carolina","Cabarrus County",4,72,1747,780,967
050,37,025,"North Carolina","Cabarrus County",4,73,1677,758,919
050,37,025,"North Carolina","Cabarrus County",4,74,1655,734,921
050,37,025,"North Carolina","Cabarrus County",4,75,1756,801,955
050,37,025,"North Carolina","Cabarrus County",4,76,1179,527,652
050,37,025,"North Carolina","Cabarrus County",4,77,1105,488,617
050,37,025,"North Carolina","Cabarrus County",4,78,1101,500,601
050,37,025,"North Carolina","Cabarrus County",4,79,1104,465,639
050,37,025,"North Carolina","Cabarrus County",4,80,920,395,525
050,37,025,"North Carolina","Cabarrus County",4,81,782,352,430
050,37,025,"North Carolina","Cabarrus County",4,82,689,276,413
050,37,025,"North Carolina","Cabarrus County",4,83,583,234,349
050,37,025,"North Carolina","Cabarrus County",4,84,575,219,356
050,37,025,"North Carolina","Cabarrus County",4,85,2860,917,1943
050,37,025,"North Carolina","Cabarrus County",5,0,2693,1411,1282
050,37,025,"North Carolina","Cabarrus County",5,1,2818,1440,1378
050,37,025,"North Carolina","Cabarrus County",5,2,2825,1515,1310
050,37,025,"North Carolina","Cabarrus County",5,3,2972,1508,1464
050,37,025,"North Carolina","Cabarrus County",5,4,3093,1622,1471
050,37,025,"North Carolina","Cabarrus County",5,5,3141,1637,1504
050,37,025,"North Carolina","Cabarrus County",5,6,3295,1722,1573
050,37,025,"North Carolina","Cabarrus County",5,7,3394,1747,1647
050,37,025,"North Carolina","Cabarrus County",5,8,3382,1732,1650
050,37,025,"North Carolina","Cabarrus County",5,9,3346,1670,1676
050,37,025,"North Carolina","Cabarrus County",5,10,3397,1740,1657
050,37,025,"North Carolina","Cabarrus County",5,11,3392,1765,1627
050,37,025,"North Carolina","Cabarrus County",5,12,3430,1779,1651
050,37,025,"North Carolina","Cabarrus County",5,13,3557,1825,1732
050,37,025,"North Carolina","Cabarrus County",5,14,3729,1877,1852
050,37,025,"North Carolina","Cabarrus County",5,15,3858,1969,1889
050,37,025,"North Carolina","Cabarrus County",5,16,3769,1913,1856
050,37,025,"North Carolina","Cabarrus County",5,17,3737,1940,1797
050,37,025,"North Carolina","Cabarrus County",5,18,3104,1628,1476
050,37,025,"North Carolina","Cabarrus County",5,19,2639,1391,1248
050,37,025,"North Carolina","Cabarrus County",5,20,2688,1354,1334
050,37,025,"North Carolina","Cabarrus County",5,21,2705,1379,1326
050,37,025,"North Carolina","Cabarrus County",5,22,2908,1467,1441
050,37,025,"North Carolina","Cabarrus County",5,23,2937,1483,1454
050,37,025,"North Carolina","Cabarrus County",5,24,2814,1388,1426
050,37,025,"North Carolina","Cabarrus County",5,25,2736,1363,1373
050,37,025,"North Carolina","Cabarrus County",5,26,2809,1383,1426
050,37,025,"North Carolina","Cabarrus County",5,27,2773,1367,1406
050,37,025,"North Carolina","Cabarrus County",5,28,2875,1425,1450
050,37,025,"North Carolina","Cabarrus County",5,29,3076,1532,1544
050,37,025,"North Carolina","Cabarrus County",5,30,3087,1555,1532
050,37,025,"North Carolina","Cabarrus County",5,31,3106,1475,1631
050,37,025,"North Carolina","Cabarrus County",5,32,3296,1559,1737
050,37,025,"North Carolina","Cabarrus County",5,33,3327,1573,1754
050,37,025,"North Carolina","Cabarrus County",5,34,3212,1519,1693
050,37,025,"North Carolina","Cabarrus County",5,35,3190,1511,1679
050,37,025,"North Carolina","Cabarrus County",5,36,3331,1587,1744
050,37,025,"North Carolina","Cabarrus County",5,37,3631,1769,1862
050,37,025,"North Carolina","Cabarrus County",5,38,3574,1671,1903
050,37,025,"North Carolina","Cabarrus County",5,39,3523,1711,1812
050,37,025,"North Carolina","Cabarrus County",5,40,3586,1709,1877
050,37,025,"North Carolina","Cabarrus County",5,41,3678,1793,1885
050,37,025,"North Carolina","Cabarrus County",5,42,3572,1753,1819
050,37,025,"North Carolina","Cabarrus County",5,43,3625,1831,1794
050,37,025,"North Carolina","Cabarrus County",5,44,3518,1749,1769
050,37,025,"North Carolina","Cabarrus County",5,45,3538,1773,1765
050,37,025,"North Carolina","Cabarrus County",5,46,3359,1644,1715
050,37,025,"North Carolina","Cabarrus County",5,47,3215,1557,1658
050,37,025,"North Carolina","Cabarrus County",5,48,3215,1578,1637
050,37,025,"North Carolina","Cabarrus County",5,49,3182,1578,1604
050,37,025,"North Carolina","Cabarrus County",5,50,3196,1587,1609
050,37,025,"North Carolina","Cabarrus County",5,51,3468,1708,1760
050,37,025,"North Carolina","Cabarrus County",5,52,3575,1789,1786
050,37,025,"North Carolina","Cabarrus County",5,53,3416,1699,1717
050,37,025,"North Carolina","Cabarrus County",5,54,3113,1540,1573
050,37,025,"North Carolina","Cabarrus County",5,55,3103,1562,1541
050,37,025,"North Carolina","Cabarrus County",5,56,3085,1531,1554
050,37,025,"North Carolina","Cabarrus County",5,57,2926,1448,1478
050,37,025,"North Carolina","Cabarrus County",5,58,2915,1442,1473
050,37,025,"North Carolina","Cabarrus County",5,59,2866,1379,1487
050,37,025,"North Carolina","Cabarrus County",5,60,2819,1393,1426
050,37,025,"North Carolina","Cabarrus County",5,61,2827,1413,1414
050,37,025,"North Carolina","Cabarrus County",5,62,2634,1276,1358
050,37,025,"North Carolina","Cabarrus County",5,63,2566,1237,1329
050,37,025,"North Carolina","Cabarrus County",5,64,2510,1211,1299
050,37,025,"North Carolina","Cabarrus County",5,65,2467,1175,1292
050,37,025,"North Carolina","Cabarrus County",5,66,2309,1086,1223
050,37,025,"North Carolina","Cabarrus County",5,67,2157,1037,1120
050,37,025,"North Carolina","Cabarrus County",5,68,2090,969,1121
050,37,025,"North Carolina","Cabarrus County",5,69,1993,882,1111
050,37,025,"North Carolina","Cabarrus County",5,70,1954,889,1065
050,37,025,"North Carolina","Cabarrus County",5,71,1842,832,1010
050,37,025,"North Carolina","Cabarrus County",5,72,1752,787,965
050,37,025,"North Carolina","Cabarrus County",5,73,1713,760,953
050,37,025,"North Carolina","Cabarrus County",5,74,1645,745,900
050,37,025,"North Carolina","Cabarrus County",5,75,1608,719,889
050,37,025,"North Carolina","Cabarrus County",5,76,1695,762,933
050,37,025,"North Carolina","Cabarrus County",5,77,1164,521,643
050,37,025,"North Carolina","Cabarrus County",5,78,1060,475,585
050,37,025,"North Carolina","Cabarrus County",5,79,1066,481,585
050,37,025,"North Carolina","Cabarrus County",5,80,1067,459,608
050,37,025,"North Carolina","Cabarrus County",5,81,870,371,499
050,37,025,"North Carolina","Cabarrus County",5,82,753,333,420
050,37,025,"North Carolina","Cabarrus County",5,83,636,253,383
050,37,025,"North Carolina","Cabarrus County",5,84,536,211,325
050,37,025,"North Carolina","Cabarrus County",5,85,2963,951,2012
050,37,027,"North Carolina","Caldwell County",1,0,799,402,397
050,37,027,"North Carolina","Caldwell County",1,1,824,404,420
050,37,027,"North Carolina","Caldwell County",1,2,807,389,418
050,37,027,"North Carolina","Caldwell County",1,3,827,405,422
050,37,027,"North Carolina","Caldwell County",1,4,867,420,447
050,37,027,"North Carolina","Caldwell County",1,5,863,440,423
050,37,027,"North Carolina","Caldwell County",1,6,880,449,431
050,37,027,"North Carolina","Caldwell County",1,7,844,441,403
050,37,027,"North Carolina","Caldwell County",1,8,848,426,422
050,37,027,"North Carolina","Caldwell County",1,9,821,423,398
050,37,027,"North Carolina","Caldwell County",1,10,881,472,409
050,37,027,"North Carolina","Caldwell County",1,11,924,487,437
050,37,027,"North Carolina","Caldwell County",1,12,1032,564,468
050,37,027,"North Carolina","Caldwell County",1,13,1034,545,489
050,37,027,"North Carolina","Caldwell County",1,14,967,489,478
050,37,027,"North Carolina","Caldwell County",1,15,997,492,505
050,37,027,"North Carolina","Caldwell County",1,16,1011,505,506
050,37,027,"North Carolina","Caldwell County",1,17,994,485,509
050,37,027,"North Carolina","Caldwell County",1,18,880,457,423
050,37,027,"North Carolina","Caldwell County",1,19,756,398,358
050,37,027,"North Carolina","Caldwell County",1,20,804,421,383
050,37,027,"North Carolina","Caldwell County",1,21,858,459,399
050,37,027,"North Carolina","Caldwell County",1,22,877,451,426
050,37,027,"North Carolina","Caldwell County",1,23,902,461,441
050,37,027,"North Carolina","Caldwell County",1,24,945,501,444
050,37,027,"North Carolina","Caldwell County",1,25,924,486,438
050,37,027,"North Carolina","Caldwell County",1,26,956,512,444
050,37,027,"North Carolina","Caldwell County",1,27,971,489,482
050,37,027,"North Carolina","Caldwell County",1,28,988,499,489
050,37,027,"North Carolina","Caldwell County",1,29,994,498,496
050,37,027,"North Carolina","Caldwell County",1,30,1000,479,521
050,37,027,"North Carolina","Caldwell County",1,31,972,488,484
050,37,027,"North Carolina","Caldwell County",1,32,904,445,459
050,37,027,"North Carolina","Caldwell County",1,33,860,422,438
050,37,027,"North Carolina","Caldwell County",1,34,826,422,404
050,37,027,"North Carolina","Caldwell County",1,35,836,407,429
050,37,027,"North Carolina","Caldwell County",1,36,842,439,403
050,37,027,"North Carolina","Caldwell County",1,37,876,455,421
050,37,027,"North Carolina","Caldwell County",1,38,840,408,432
050,37,027,"North Carolina","Caldwell County",1,39,847,434,413
050,37,027,"North Carolina","Caldwell County",1,40,912,467,445
050,37,027,"North Carolina","Caldwell County",1,41,933,475,458
050,37,027,"North Carolina","Caldwell County",1,42,976,506,470
050,37,027,"North Carolina","Caldwell County",1,43,946,475,471
050,37,027,"North Carolina","Caldwell County",1,44,926,460,466
050,37,027,"North Carolina","Caldwell County",1,45,974,503,471
050,37,027,"North Carolina","Caldwell County",1,46,1002,523,479
050,37,027,"North Carolina","Caldwell County",1,47,1083,568,515
050,37,027,"North Carolina","Caldwell County",1,48,1176,612,564
050,37,027,"North Carolina","Caldwell County",1,49,1290,644,646
050,37,027,"North Carolina","Caldwell County",1,50,1233,627,606
050,37,027,"North Carolina","Caldwell County",1,51,1226,612,614
050,37,027,"North Carolina","Caldwell County",1,52,1204,614,590
050,37,027,"North Carolina","Caldwell County",1,53,1149,590,559
050,37,027,"North Carolina","Caldwell County",1,54,1210,634,576
050,37,027,"North Carolina","Caldwell County",1,55,1303,657,646
050,37,027,"North Carolina","Caldwell County",1,56,1280,642,638
050,37,027,"North Carolina","Caldwell County",1,57,1252,636,616
050,37,027,"North Carolina","Caldwell County",1,58,1263,636,627
050,37,027,"North Carolina","Caldwell County",1,59,1249,629,620
050,37,027,"North Carolina","Caldwell County",1,60,1208,620,588
050,37,027,"North Carolina","Caldwell County",1,61,1168,569,599
050,37,027,"North Carolina","Caldwell County",1,62,1179,568,611
050,37,027,"North Carolina","Caldwell County",1,63,1130,552,578
050,37,027,"North Carolina","Caldwell County",1,64,1134,549,585
050,37,027,"North Carolina","Caldwell County",1,65,1115,538,577
050,37,027,"North Carolina","Caldwell County",1,66,1094,532,562
050,37,027,"North Carolina","Caldwell County",1,67,1077,531,546
050,37,027,"North Carolina","Caldwell County",1,68,1064,533,531
050,37,027,"North Carolina","Caldwell County",1,69,977,467,510
050,37,027,"North Carolina","Caldwell County",1,70,958,454,504
050,37,027,"North Carolina","Caldwell County",1,71,959,450,509
050,37,027,"North Carolina","Caldwell County",1,72,959,450,509
050,37,027,"North Carolina","Caldwell County",1,73,974,464,510
050,37,027,"North Carolina","Caldwell County",1,74,706,333,373
050,37,027,"North Carolina","Caldwell County",1,75,706,320,386
050,37,027,"North Carolina","Caldwell County",1,76,657,297,360
050,37,027,"North Carolina","Caldwell County",1,77,654,299,355
050,37,027,"North Carolina","Caldwell County",1,78,597,273,324
050,37,027,"North Carolina","Caldwell County",1,79,525,244,281
050,37,027,"North Carolina","Caldwell County",1,80,449,205,244
050,37,027,"North Carolina","Caldwell County",1,81,432,180,252
050,37,027,"North Carolina","Caldwell County",1,82,390,154,236
050,37,027,"North Carolina","Caldwell County",1,83,346,140,206
050,37,027,"North Carolina","Caldwell County",1,84,299,117,182
050,37,027,"North Carolina","Caldwell County",1,85,1456,520,936
050,37,027,"North Carolina","Caldwell County",2,0,789,401,388
050,37,027,"North Carolina","Caldwell County",2,1,813,403,410
050,37,027,"North Carolina","Caldwell County",2,2,812,391,421
050,37,027,"North Carolina","Caldwell County",2,3,821,402,419
050,37,027,"North Carolina","Caldwell County",2,4,863,417,446
050,37,027,"North Carolina","Caldwell County",2,5,867,438,429
050,37,027,"North Carolina","Caldwell County",2,6,878,448,430
050,37,027,"North Carolina","Caldwell County",2,7,850,442,408
050,37,027,"North Carolina","Caldwell County",2,8,843,429,414
050,37,027,"North Carolina","Caldwell County",2,9,826,424,402
050,37,027,"North Carolina","Caldwell County",2,10,866,459,407
050,37,027,"North Carolina","Caldwell County",2,11,908,480,428
050,37,027,"North Carolina","Caldwell County",2,12,1011,549,462
050,37,027,"North Carolina","Caldwell County",2,13,1036,551,485
050,37,027,"North Carolina","Caldwell County",2,14,982,502,480
050,37,027,"North Carolina","Caldwell County",2,15,989,492,497
050,37,027,"North Carolina","Caldwell County",2,16,1011,504,507
050,37,027,"North Carolina","Caldwell County",2,17,993,489,504
050,37,027,"North Carolina","Caldwell County",2,18,868,448,420
050,37,027,"North Carolina","Caldwell County",2,19,749,392,357
050,37,027,"North Carolina","Caldwell County",2,20,817,429,388
050,37,027,"North Carolina","Caldwell County",2,21,851,456,395
050,37,027,"North Carolina","Caldwell County",2,22,885,459,426
050,37,027,"North Carolina","Caldwell County",2,23,907,467,440
050,37,027,"North Carolina","Caldwell County",2,24,933,491,442
050,37,027,"North Carolina","Caldwell County",2,25,929,488,441
050,37,027,"North Carolina","Caldwell County",2,26,948,506,442
050,37,027,"North Carolina","Caldwell County",2,27,965,492,473
050,37,027,"North Carolina","Caldwell County",2,28,982,494,488
050,37,027,"North Carolina","Caldwell County",2,29,996,501,495
050,37,027,"North Carolina","Caldwell County",2,30,1012,492,520
050,37,027,"North Carolina","Caldwell County",2,31,978,485,493
050,37,027,"North Carolina","Caldwell County",2,32,917,453,464
050,37,027,"North Carolina","Caldwell County",2,33,866,425,441
050,37,027,"North Carolina","Caldwell County",2,34,830,416,414
050,37,027,"North Carolina","Caldwell County",2,35,841,414,427
050,37,027,"North Carolina","Caldwell County",2,36,839,431,408
050,37,027,"North Carolina","Caldwell County",2,37,866,449,417
050,37,027,"North Carolina","Caldwell County",2,38,854,423,431
050,37,027,"North Carolina","Caldwell County",2,39,847,429,418
050,37,027,"North Carolina","Caldwell County",2,40,902,459,443
050,37,027,"North Carolina","Caldwell County",2,41,927,471,456
050,37,027,"North Carolina","Caldwell County",2,42,960,495,465
050,37,027,"North Carolina","Caldwell County",2,43,963,486,477
050,37,027,"North Carolina","Caldwell County",2,44,917,454,463
050,37,027,"North Carolina","Caldwell County",2,45,971,498,473
050,37,027,"North Carolina","Caldwell County",2,46,988,515,473
050,37,027,"North Carolina","Caldwell County",2,47,1059,554,505
050,37,027,"North Carolina","Caldwell County",2,48,1148,598,550
050,37,027,"North Carolina","Caldwell County",2,49,1269,639,630
050,37,027,"North Carolina","Caldwell County",2,50,1252,633,619
050,37,027,"North Carolina","Caldwell County",2,51,1218,610,608
050,37,027,"North Carolina","Caldwell County",2,52,1202,612,590
050,37,027,"North Carolina","Caldwell County",2,53,1162,594,568
050,37,027,"North Carolina","Caldwell County",2,54,1194,623,571
050,37,027,"North Carolina","Caldwell County",2,55,1281,651,630
050,37,027,"North Carolina","Caldwell County",2,56,1294,651,643
050,37,027,"North Carolina","Caldwell County",2,57,1259,639,620
050,37,027,"North Carolina","Caldwell County",2,58,1263,638,625
050,37,027,"North Carolina","Caldwell County",2,59,1253,634,619
050,37,027,"North Carolina","Caldwell County",2,60,1216,621,595
050,37,027,"North Carolina","Caldwell County",2,61,1171,576,595
050,37,027,"North Carolina","Caldwell County",2,62,1174,569,605
050,37,027,"North Carolina","Caldwell County",2,63,1146,555,591
050,37,027,"North Carolina","Caldwell County",2,64,1121,543,578
050,37,027,"North Carolina","Caldwell County",2,65,1117,540,577
050,37,027,"North Carolina","Caldwell County",2,66,1099,532,567
050,37,027,"North Carolina","Caldwell County",2,67,1086,531,555
050,37,027,"North Carolina","Caldwell County",2,68,1057,526,531
050,37,027,"North Carolina","Caldwell County",2,69,1004,485,519
050,37,027,"North Carolina","Caldwell County",2,70,958,456,502
050,37,027,"North Carolina","Caldwell County",2,71,959,449,510
050,37,027,"North Carolina","Caldwell County",2,72,939,440,499
050,37,027,"North Carolina","Caldwell County",2,73,1016,481,535
050,37,027,"North Carolina","Caldwell County",2,74,717,339,378
050,37,027,"North Carolina","Caldwell County",2,75,700,319,381
050,37,027,"North Carolina","Caldwell County",2,76,658,295,363
050,37,027,"North Carolina","Caldwell County",2,77,666,300,366
050,37,027,"North Carolina","Caldwell County",2,78,594,271,323
050,37,027,"North Carolina","Caldwell County",2,79,533,245,288
050,37,027,"North Carolina","Caldwell County",2,80,460,211,249
050,37,027,"North Carolina","Caldwell County",2,81,424,181,243
050,37,027,"North Carolina","Caldwell County",2,82,397,155,242
050,37,027,"North Carolina","Caldwell County",2,83,348,141,207
050,37,027,"North Carolina","Caldwell County",2,84,304,120,184
050,37,027,"North Carolina","Caldwell County",2,85,1468,528,940
050,37,027,"North Carolina","Caldwell County",3,0,727,388,339
050,37,027,"North Carolina","Caldwell County",3,1,814,407,407
050,37,027,"North Carolina","Caldwell County",3,2,845,422,423
050,37,027,"North Carolina","Caldwell County",3,3,825,400,425
050,37,027,"North Carolina","Caldwell County",3,4,836,414,422
050,37,027,"North Carolina","Caldwell County",3,5,862,410,452
050,37,027,"North Carolina","Caldwell County",3,6,879,446,433
050,37,027,"North Carolina","Caldwell County",3,7,879,449,430
050,37,027,"North Carolina","Caldwell County",3,8,868,461,407
050,37,027,"North Carolina","Caldwell County",3,9,846,440,406
050,37,027,"North Carolina","Caldwell County",3,10,837,429,408
050,37,027,"North Carolina","Caldwell County",3,11,883,461,422
050,37,027,"North Carolina","Caldwell County",3,12,925,484,441
050,37,027,"North Carolina","Caldwell County",3,13,1025,556,469
050,37,027,"North Carolina","Caldwell County",3,14,1026,537,489
050,37,027,"North Carolina","Caldwell County",3,15,977,502,475
050,37,027,"North Carolina","Caldwell County",3,16,985,491,494
050,37,027,"North Carolina","Caldwell County",3,17,1003,496,507
050,37,027,"North Carolina","Caldwell County",3,18,845,428,417
050,37,027,"North Carolina","Caldwell County",3,19,711,370,341
050,37,027,"North Carolina","Caldwell County",3,20,815,436,379
050,37,027,"North Carolina","Caldwell County",3,21,848,442,406
050,37,027,"North Carolina","Caldwell County",3,22,908,477,431
050,37,027,"North Carolina","Caldwell County",3,23,944,477,467
050,37,027,"North Carolina","Caldwell County",3,24,903,465,438
050,37,027,"North Carolina","Caldwell County",3,25,912,473,439
050,37,027,"North Carolina","Caldwell County",3,26,930,494,436
050,37,027,"North Carolina","Caldwell County",3,27,980,511,469
050,37,027,"North Carolina","Caldwell County",3,28,960,479,481
050,37,027,"North Carolina","Caldwell County",3,29,984,495,489
050,37,027,"North Carolina","Caldwell County",3,30,1018,518,500
050,37,027,"North Carolina","Caldwell County",3,31,991,483,508
050,37,027,"North Carolina","Caldwell County",3,32,981,499,482
050,37,027,"North Carolina","Caldwell County",3,33,931,463,468
050,37,027,"North Carolina","Caldwell County",3,34,888,437,451
050,37,027,"North Carolina","Caldwell County",3,35,837,435,402
050,37,027,"North Carolina","Caldwell County",3,36,888,451,437
050,37,027,"North Carolina","Caldwell County",3,37,832,422,410
050,37,027,"North Carolina","Caldwell County",3,38,892,472,420
050,37,027,"North Carolina","Caldwell County",3,39,873,422,451
050,37,027,"North Carolina","Caldwell County",3,40,855,444,411
050,37,027,"North Carolina","Caldwell County",3,41,897,464,433
050,37,027,"North Carolina","Caldwell County",3,42,923,465,458
050,37,027,"North Carolina","Caldwell County",3,43,967,502,465
050,37,027,"North Carolina","Caldwell County",3,44,947,472,475
050,37,027,"North Carolina","Caldwell County",3,45,918,458,460
050,37,027,"North Carolina","Caldwell County",3,46,963,499,464
050,37,027,"North Carolina","Caldwell County",3,47,976,509,467
050,37,027,"North Carolina","Caldwell County",3,48,1067,557,510
050,37,027,"North Carolina","Caldwell County",3,49,1147,600,547
050,37,027,"North Carolina","Caldwell County",3,50,1268,638,630
050,37,027,"North Carolina","Caldwell County",3,51,1241,622,619
050,37,027,"North Carolina","Caldwell County",3,52,1211,602,609
050,37,027,"North Carolina","Caldwell County",3,53,1195,605,590
050,37,027,"North Carolina","Caldwell County",3,54,1152,591,561
050,37,027,"North Carolina","Caldwell County",3,55,1179,613,566
050,37,027,"North Carolina","Caldwell County",3,56,1283,655,628
050,37,027,"North Carolina","Caldwell County",3,57,1306,647,659
050,37,027,"North Carolina","Caldwell County",3,58,1266,641,625
050,37,027,"North Carolina","Caldwell County",3,59,1251,642,609
050,37,027,"North Carolina","Caldwell County",3,60,1259,636,623
050,37,027,"North Carolina","Caldwell County",3,61,1181,609,572
050,37,027,"North Carolina","Caldwell County",3,62,1148,564,584
050,37,027,"North Carolina","Caldwell County",3,63,1175,561,614
050,37,027,"North Carolina","Caldwell County",3,64,1134,544,590
050,37,027,"North Carolina","Caldwell County",3,65,1105,530,575
050,37,027,"North Carolina","Caldwell County",3,66,1096,524,572
050,37,027,"North Carolina","Caldwell County",3,67,1087,518,569
050,37,027,"North Carolina","Caldwell County",3,68,1082,535,547
050,37,027,"North Carolina","Caldwell County",3,69,1020,500,520
050,37,027,"North Carolina","Caldwell County",3,70,960,462,498
050,37,027,"North Carolina","Caldwell County",3,71,938,439,499
050,37,027,"North Carolina","Caldwell County",3,72,936,436,500
050,37,027,"North Carolina","Caldwell County",3,73,917,430,487
050,37,027,"North Carolina","Caldwell County",3,74,973,454,519
050,37,027,"North Carolina","Caldwell County",3,75,690,331,359
050,37,027,"North Carolina","Caldwell County",3,76,660,292,368
050,37,027,"North Carolina","Caldwell County",3,77,621,280,341
050,37,027,"North Carolina","Caldwell County",3,78,635,282,353
050,37,027,"North Carolina","Caldwell County",3,79,559,254,305
050,37,027,"North Carolina","Caldwell County",3,80,495,230,265
050,37,027,"North Carolina","Caldwell County",3,81,427,186,241
050,37,027,"North Carolina","Caldwell County",3,82,388,157,231
050,37,027,"North Carolina","Caldwell County",3,83,370,146,224
050,37,027,"North Carolina","Caldwell County",3,84,312,126,186
050,37,027,"North Carolina","Caldwell County",3,85,1454,517,937
050,37,027,"North Carolina","Caldwell County",4,0,756,382,374
050,37,027,"North Carolina","Caldwell County",4,1,738,382,356
050,37,027,"North Carolina","Caldwell County",4,2,817,403,414
050,37,027,"North Carolina","Caldwell County",4,3,859,437,422
050,37,027,"North Carolina","Caldwell County",4,4,816,392,424
050,37,027,"North Carolina","Caldwell County",4,5,812,413,399
050,37,027,"North Carolina","Caldwell County",4,6,866,415,451
050,37,027,"North Carolina","Caldwell County",4,7,887,455,432
050,37,027,"North Carolina","Caldwell County",4,8,898,463,435
050,37,027,"North Carolina","Caldwell County",4,9,858,460,398
050,37,027,"North Carolina","Caldwell County",4,10,874,458,416
050,37,027,"North Carolina","Caldwell County",4,11,833,422,411
050,37,027,"North Carolina","Caldwell County",4,12,885,464,421
050,37,027,"North Carolina","Caldwell County",4,13,936,491,445
050,37,027,"North Carolina","Caldwell County",4,14,1039,558,481
050,37,027,"North Carolina","Caldwell County",4,15,1027,531,496
050,37,027,"North Carolina","Caldwell County",4,16,991,500,491
050,37,027,"North Carolina","Caldwell County",4,17,987,491,496
050,37,027,"North Carolina","Caldwell County",4,18,845,432,413
050,37,027,"North Carolina","Caldwell County",4,19,692,347,345
050,37,027,"North Carolina","Caldwell County",4,20,763,395,368
050,37,027,"North Carolina","Caldwell County",4,21,865,454,411
050,37,027,"North Carolina","Caldwell County",4,22,909,464,445
050,37,027,"North Carolina","Caldwell County",4,23,956,496,460
050,37,027,"North Carolina","Caldwell County",4,24,927,463,464
050,37,027,"North Carolina","Caldwell County",4,25,888,464,424
050,37,027,"North Carolina","Caldwell County",4,26,909,472,437
050,37,027,"North Carolina","Caldwell County",4,27,948,488,460
050,37,027,"North Carolina","Caldwell County",4,28,923,477,446
050,37,027,"North Carolina","Caldwell County",4,29,972,479,493
050,37,027,"North Carolina","Caldwell County",4,30,1020,514,506
050,37,027,"North Carolina","Caldwell County",4,31,1029,523,506
050,37,027,"North Carolina","Caldwell County",4,32,1010,498,512
050,37,027,"North Carolina","Caldwell County",4,33,992,497,495
050,37,027,"North Carolina","Caldwell County",4,34,913,441,472
050,37,027,"North Carolina","Caldwell County",4,35,899,446,453
050,37,027,"North Carolina","Caldwell County",4,36,856,447,409
050,37,027,"North Carolina","Caldwell County",4,37,870,428,442
050,37,027,"North Carolina","Caldwell County",4,38,851,434,417
050,37,027,"North Carolina","Caldwell County",4,39,887,470,417
050,37,027,"North Carolina","Caldwell County",4,40,872,418,454
050,37,027,"North Carolina","Caldwell County",4,41,849,448,401
050,37,027,"North Carolina","Caldwell County",4,42,884,448,436
050,37,027,"North Carolina","Caldwell County",4,43,939,471,468
050,37,027,"North Carolina","Caldwell County",4,44,937,484,453
050,37,027,"North Carolina","Caldwell County",4,45,968,483,485
050,37,027,"North Carolina","Caldwell County",4,46,922,452,470
050,37,027,"North Carolina","Caldwell County",4,47,968,499,469
050,37,027,"North Carolina","Caldwell County",4,48,975,514,461
050,37,027,"North Carolina","Caldwell County",4,49,1060,559,501
050,37,027,"North Carolina","Caldwell County",4,50,1149,592,557
050,37,027,"North Carolina","Caldwell County",4,51,1268,634,634
050,37,027,"North Carolina","Caldwell County",4,52,1252,624,628
050,37,027,"North Carolina","Caldwell County",4,53,1220,606,614
050,37,027,"North Carolina","Caldwell County",4,54,1195,602,593
050,37,027,"North Carolina","Caldwell County",4,55,1149,587,562
050,37,027,"North Carolina","Caldwell County",4,56,1186,616,570
050,37,027,"North Carolina","Caldwell County",4,57,1275,656,619
050,37,027,"North Carolina","Caldwell County",4,58,1285,636,649
050,37,027,"North Carolina","Caldwell County",4,59,1282,646,636
050,37,027,"North Carolina","Caldwell County",4,60,1237,629,608
050,37,027,"North Carolina","Caldwell County",4,61,1225,627,598
050,37,027,"North Carolina","Caldwell County",4,62,1177,596,581
050,37,027,"North Carolina","Caldwell County",4,63,1142,564,578
050,37,027,"North Carolina","Caldwell County",4,64,1148,539,609
050,37,027,"North Carolina","Caldwell County",4,65,1105,526,579
050,37,027,"North Carolina","Caldwell County",4,66,1086,514,572
050,37,027,"North Carolina","Caldwell County",4,67,1092,518,574
050,37,027,"North Carolina","Caldwell County",4,68,1078,523,555
050,37,027,"North Carolina","Caldwell County",4,69,1057,515,542
050,37,027,"North Carolina","Caldwell County",4,70,986,483,503
050,37,027,"North Carolina","Caldwell County",4,71,947,456,491
050,37,027,"North Carolina","Caldwell County",4,72,906,423,483
050,37,027,"North Carolina","Caldwell County",4,73,909,425,484
050,37,027,"North Carolina","Caldwell County",4,74,874,405,469
050,37,027,"North Carolina","Caldwell County",4,75,924,426,498
050,37,027,"North Carolina","Caldwell County",4,76,665,312,353
050,37,027,"North Carolina","Caldwell County",4,77,636,277,359
050,37,027,"North Carolina","Caldwell County",4,78,596,268,328
050,37,027,"North Carolina","Caldwell County",4,79,610,270,340
050,37,027,"North Carolina","Caldwell County",4,80,517,230,287
050,37,027,"North Carolina","Caldwell County",4,81,472,212,260
050,37,027,"North Carolina","Caldwell County",4,82,396,165,231
050,37,027,"North Carolina","Caldwell County",4,83,348,141,207
050,37,027,"North Carolina","Caldwell County",4,84,326,129,197
050,37,027,"North Carolina","Caldwell County",4,85,1450,539,911
050,37,027,"North Carolina","Caldwell County",5,0,749,378,371
050,37,027,"North Carolina","Caldwell County",5,1,787,420,367
050,37,027,"North Carolina","Caldwell County",5,2,752,384,368
050,37,027,"North Carolina","Caldwell County",5,3,802,405,397
050,37,027,"North Carolina","Caldwell County",5,4,852,427,425
050,37,027,"North Carolina","Caldwell County",5,5,780,392,388
050,37,027,"North Carolina","Caldwell County",5,6,821,416,405
050,37,027,"North Carolina","Caldwell County",5,7,846,421,425
050,37,027,"North Carolina","Caldwell County",5,8,897,470,427
050,37,027,"North Carolina","Caldwell County",5,9,907,463,444
050,37,027,"North Carolina","Caldwell County",5,10,898,485,413
050,37,027,"North Carolina","Caldwell County",5,11,856,438,418
050,37,027,"North Carolina","Caldwell County",5,12,852,442,410
050,37,027,"North Carolina","Caldwell County",5,13,927,497,430
050,37,027,"North Carolina","Caldwell County",5,14,940,494,446
050,37,027,"North Carolina","Caldwell County",5,15,1047,558,489
050,37,027,"North Carolina","Caldwell County",5,16,1040,542,498
050,37,027,"North Carolina","Caldwell County",5,17,1001,506,495
050,37,027,"North Carolina","Caldwell County",5,18,822,425,397
050,37,027,"North Carolina","Caldwell County",5,19,683,359,324
050,37,027,"North Carolina","Caldwell County",5,20,761,384,377
050,37,027,"North Carolina","Caldwell County",5,21,819,420,399
050,37,027,"North Carolina","Caldwell County",5,22,912,462,450
050,37,027,"North Carolina","Caldwell County",5,23,973,480,493
050,37,027,"North Carolina","Caldwell County",5,24,958,494,464
050,37,027,"North Carolina","Caldwell County",5,25,937,458,479
050,37,027,"North Carolina","Caldwell County",5,26,902,487,415
050,37,027,"North Carolina","Caldwell County",5,27,943,494,449
050,37,027,"North Carolina","Caldwell County",5,28,944,483,461
050,37,027,"North Carolina","Caldwell County",5,29,933,483,450
050,37,027,"North Carolina","Caldwell County",5,30,990,491,499
050,37,027,"North Carolina","Caldwell County",5,31,1047,522,525
050,37,027,"North Carolina","Caldwell County",5,32,1047,521,526
050,37,027,"North Carolina","Caldwell County",5,33,1004,500,504
050,37,027,"North Carolina","Caldwell County",5,34,994,499,495
050,37,027,"North Carolina","Caldwell County",5,35,943,456,487
050,37,027,"North Carolina","Caldwell County",5,36,913,461,452
050,37,027,"North Carolina","Caldwell County",5,37,830,434,396
050,37,027,"North Carolina","Caldwell County",5,38,889,444,445
050,37,027,"North Carolina","Caldwell County",5,39,870,445,425
050,37,027,"North Carolina","Caldwell County",5,40,871,452,419
050,37,027,"North Carolina","Caldwell County",5,41,888,419,469
050,37,027,"North Carolina","Caldwell County",5,42,854,447,407
050,37,027,"North Carolina","Caldwell County",5,43,886,446,440
050,37,027,"North Carolina","Caldwell County",5,44,910,455,455
050,37,027,"North Carolina","Caldwell County",5,45,967,506,461
050,37,027,"North Carolina","Caldwell County",5,46,949,469,480
050,37,027,"North Carolina","Caldwell County",5,47,934,456,478
050,37,027,"North Carolina","Caldwell County",5,48,966,495,471
050,37,027,"North Carolina","Caldwell County",5,49,977,508,469
050,37,027,"North Carolina","Caldwell County",5,50,1062,563,499
050,37,027,"North Carolina","Caldwell County",5,51,1131,575,556
050,37,027,"North Carolina","Caldwell County",5,52,1280,646,634
050,37,027,"North Carolina","Caldwell County",5,53,1258,623,635
050,37,027,"North Carolina","Caldwell County",5,54,1226,605,621
050,37,027,"North Carolina","Caldwell County",5,55,1188,611,577
050,37,027,"North Carolina","Caldwell County",5,56,1180,603,577
050,37,027,"North Carolina","Caldwell County",5,57,1177,613,564
050,37,027,"North Carolina","Caldwell County",5,58,1278,652,626
050,37,027,"North Carolina","Caldwell County",5,59,1304,641,663
050,37,027,"North Carolina","Caldwell County",5,60,1287,641,646
050,37,027,"North Carolina","Caldwell County",5,61,1204,610,594
050,37,027,"North Carolina","Caldwell County",5,62,1221,616,605
050,37,027,"North Carolina","Caldwell County",5,63,1189,602,587
050,37,027,"North Carolina","Caldwell County",5,64,1154,565,589
050,37,027,"North Carolina","Caldwell County",5,65,1123,530,593
050,37,027,"North Carolina","Caldwell County",5,66,1104,526,578
050,37,027,"North Carolina","Caldwell County",5,67,1088,518,570
050,37,027,"North Carolina","Caldwell County",5,68,1088,522,566
050,37,027,"North Carolina","Caldwell County",5,69,1052,500,552
050,37,027,"North Carolina","Caldwell County",5,70,1031,500,531
050,37,027,"North Carolina","Caldwell County",5,71,967,473,494
050,37,027,"North Carolina","Caldwell County",5,72,919,438,481
050,37,027,"North Carolina","Caldwell County",5,73,886,414,472
050,37,027,"North Carolina","Caldwell County",5,74,869,401,468
050,37,027,"North Carolina","Caldwell County",5,75,831,387,444
050,37,027,"North Carolina","Caldwell County",5,76,900,410,490
050,37,027,"North Carolina","Caldwell County",5,77,639,298,341
050,37,027,"North Carolina","Caldwell County",5,78,620,272,348
050,37,027,"North Carolina","Caldwell County",5,79,571,257,314
050,37,027,"North Carolina","Caldwell County",5,80,577,250,327
050,37,027,"North Carolina","Caldwell County",5,81,486,207,279
050,37,027,"North Carolina","Caldwell County",5,82,439,191,248
050,37,027,"North Carolina","Caldwell County",5,83,364,153,211
050,37,027,"North Carolina","Caldwell County",5,84,321,130,191
050,37,027,"North Carolina","Caldwell County",5,85,1490,568,922
050,37,029,"North Carolina","Camden County",1,0,95,49,46
050,37,029,"North Carolina","Camden County",1,1,113,59,54
050,37,029,"North Carolina","Camden County",1,2,98,52,46
050,37,029,"North Carolina","Camden County",1,3,100,47,53
050,37,029,"North Carolina","Camden County",1,4,113,57,56
050,37,029,"North Carolina","Camden County",1,5,123,59,64
050,37,029,"North Carolina","Camden County",1,6,135,73,62
050,37,029,"North Carolina","Camden County",1,7,145,70,75
050,37,029,"North Carolina","Camden County",1,8,120,58,62
050,37,029,"North Carolina","Camden County",1,9,123,63,60
050,37,029,"North Carolina","Camden County",1,10,127,73,54
050,37,029,"North Carolina","Camden County",1,11,136,70,66
050,37,029,"North Carolina","Camden County",1,12,164,88,76
050,37,029,"North Carolina","Camden County",1,13,164,85,79
050,37,029,"North Carolina","Camden County",1,14,153,85,68
050,37,029,"North Carolina","Camden County",1,15,156,72,84
050,37,029,"North Carolina","Camden County",1,16,161,73,88
050,37,029,"North Carolina","Camden County",1,17,140,68,72
050,37,029,"North Carolina","Camden County",1,18,122,59,63
050,37,029,"North Carolina","Camden County",1,19,103,53,50
050,37,029,"North Carolina","Camden County",1,20,95,46,49
050,37,029,"North Carolina","Camden County",1,21,98,51,47
050,37,029,"North Carolina","Camden County",1,22,97,51,46
050,37,029,"North Carolina","Camden County",1,23,87,52,35
050,37,029,"North Carolina","Camden County",1,24,84,46,38
050,37,029,"North Carolina","Camden County",1,25,92,50,42
050,37,029,"North Carolina","Camden County",1,26,97,52,45
050,37,029,"North Carolina","Camden County",1,27,123,59,64
050,37,029,"North Carolina","Camden County",1,28,108,56,52
050,37,029,"North Carolina","Camden County",1,29,115,55,60
050,37,029,"North Carolina","Camden County",1,30,116,62,54
050,37,029,"North Carolina","Camden County",1,31,118,67,51
050,37,029,"North Carolina","Camden County",1,32,118,56,62
050,37,029,"North Carolina","Camden County",1,33,145,61,84
050,37,029,"North Carolina","Camden County",1,34,141,69,72
050,37,029,"North Carolina","Camden County",1,35,144,77,67
050,37,029,"North Carolina","Camden County",1,36,139,74,65
050,37,029,"North Carolina","Camden County",1,37,135,62,73
050,37,029,"North Carolina","Camden County",1,38,151,70,81
050,37,029,"North Carolina","Camden County",1,39,166,76,90
050,37,029,"North Carolina","Camden County",1,40,150,80,70
050,37,029,"North Carolina","Camden County",1,41,151,87,64
050,37,029,"North Carolina","Camden County",1,42,131,70,61
050,37,029,"North Carolina","Camden County",1,43,120,58,62
050,37,029,"North Carolina","Camden County",1,44,134,74,60
050,37,029,"North Carolina","Camden County",1,45,133,64,69
050,37,029,"North Carolina","Camden County",1,46,137,60,77
050,37,029,"North Carolina","Camden County",1,47,140,72,68
050,37,029,"North Carolina","Camden County",1,48,153,82,71
050,37,029,"North Carolina","Camden County",1,49,171,91,80
050,37,029,"North Carolina","Camden County",1,50,157,71,86
050,37,029,"North Carolina","Camden County",1,51,141,67,74
050,37,029,"North Carolina","Camden County",1,52,131,67,64
050,37,029,"North Carolina","Camden County",1,53,154,80,74
050,37,029,"North Carolina","Camden County",1,54,151,85,66
050,37,029,"North Carolina","Camden County",1,55,166,89,77
050,37,029,"North Carolina","Camden County",1,56,177,106,71
050,37,029,"North Carolina","Camden County",1,57,177,96,81
050,37,029,"North Carolina","Camden County",1,58,156,75,81
050,37,029,"North Carolina","Camden County",1,59,160,82,78
050,37,029,"North Carolina","Camden County",1,60,145,77,68
050,37,029,"North Carolina","Camden County",1,61,134,67,67
050,37,029,"North Carolina","Camden County",1,62,153,75,78
050,37,029,"North Carolina","Camden County",1,63,143,74,69
050,37,029,"North Carolina","Camden County",1,64,138,68,70
050,37,029,"North Carolina","Camden County",1,65,142,74,68
050,37,029,"North Carolina","Camden County",1,66,118,61,57
050,37,029,"North Carolina","Camden County",1,67,104,50,54
050,37,029,"North Carolina","Camden County",1,68,101,47,54
050,37,029,"North Carolina","Camden County",1,69,93,50,43
050,37,029,"North Carolina","Camden County",1,70,101,48,53
050,37,029,"North Carolina","Camden County",1,71,87,39,48
050,37,029,"North Carolina","Camden County",1,72,101,54,47
050,37,029,"North Carolina","Camden County",1,73,96,46,50
050,37,029,"North Carolina","Camden County",1,74,73,33,40
050,37,029,"North Carolina","Camden County",1,75,85,40,45
050,37,029,"North Carolina","Camden County",1,76,79,35,44
050,37,029,"North Carolina","Camden County",1,77,76,33,43
050,37,029,"North Carolina","Camden County",1,78,64,35,29
050,37,029,"North Carolina","Camden County",1,79,53,25,28
050,37,029,"North Carolina","Camden County",1,80,41,15,26
050,37,029,"North Carolina","Camden County",1,81,44,18,26
050,37,029,"North Carolina","Camden County",1,82,32,13,19
050,37,029,"North Carolina","Camden County",1,83,26,11,15
050,37,029,"North Carolina","Camden County",1,84,28,10,18
050,37,029,"North Carolina","Camden County",1,85,150,68,82
050,37,029,"North Carolina","Camden County",2,0,101,53,48
050,37,029,"North Carolina","Camden County",2,1,109,57,52
050,37,029,"North Carolina","Camden County",2,2,103,53,50
050,37,029,"North Carolina","Camden County",2,3,100,49,51
050,37,029,"North Carolina","Camden County",2,4,112,55,57
050,37,029,"North Carolina","Camden County",2,5,120,58,62
050,37,029,"North Carolina","Camden County",2,6,135,70,65
050,37,029,"North Carolina","Camden County",2,7,143,70,73
050,37,029,"North Carolina","Camden County",2,8,124,60,64
050,37,029,"North Carolina","Camden County",2,9,122,62,60
050,37,029,"North Carolina","Camden County",2,10,127,72,55
050,37,029,"North Carolina","Camden County",2,11,134,72,62
050,37,029,"North Carolina","Camden County",2,12,157,84,73
050,37,029,"North Carolina","Camden County",2,13,164,87,77
050,37,029,"North Carolina","Camden County",2,14,156,84,72
050,37,029,"North Carolina","Camden County",2,15,160,77,83
050,37,029,"North Carolina","Camden County",2,16,160,73,87
050,37,029,"North Carolina","Camden County",2,17,143,68,75
050,37,029,"North Carolina","Camden County",2,18,120,59,61
050,37,029,"North Carolina","Camden County",2,19,102,51,51
050,37,029,"North Carolina","Camden County",2,20,102,51,51
050,37,029,"North Carolina","Camden County",2,21,99,52,47
050,37,029,"North Carolina","Camden County",2,22,98,51,47
050,37,029,"North Carolina","Camden County",2,23,89,52,37
050,37,029,"North Carolina","Camden County",2,24,84,47,37
050,37,029,"North Carolina","Camden County",2,25,94,50,44
050,37,029,"North Carolina","Camden County",2,26,99,53,46
050,37,029,"North Carolina","Camden County",2,27,119,58,61
050,37,029,"North Carolina","Camden County",2,28,111,57,54
050,37,029,"North Carolina","Camden County",2,29,116,57,59
050,37,029,"North Carolina","Camden County",2,30,119,63,56
050,37,029,"North Carolina","Camden County",2,31,118,66,52
050,37,029,"North Carolina","Camden County",2,32,121,60,61
050,37,029,"North Carolina","Camden County",2,33,140,60,80
050,37,029,"North Carolina","Camden County",2,34,144,68,76
050,37,029,"North Carolina","Camden County",2,35,146,76,70
050,37,029,"North Carolina","Camden County",2,36,140,75,65
050,37,029,"North Carolina","Camden County",2,37,139,66,73
050,37,029,"North Carolina","Camden County",2,38,151,69,82
050,37,029,"North Carolina","Camden County",2,39,163,74,89
050,37,029,"North Carolina","Camden County",2,40,158,82,76
050,37,029,"North Carolina","Camden County",2,41,151,86,65
050,37,029,"North Carolina","Camden County",2,42,137,75,62
050,37,029,"North Carolina","Camden County",2,43,122,61,61
050,37,029,"North Carolina","Camden County",2,44,126,67,59
050,37,029,"North Carolina","Camden County",2,45,135,67,68
050,37,029,"North Carolina","Camden County",2,46,136,62,74
050,37,029,"North Carolina","Camden County",2,47,139,70,69
050,37,029,"North Carolina","Camden County",2,48,151,81,70
050,37,029,"North Carolina","Camden County",2,49,168,90,78
050,37,029,"North Carolina","Camden County",2,50,159,76,83
050,37,029,"North Carolina","Camden County",2,51,145,69,76
050,37,029,"North Carolina","Camden County",2,52,134,67,67
050,37,029,"North Carolina","Camden County",2,53,149,78,71
050,37,029,"North Carolina","Camden County",2,54,152,84,68
050,37,029,"North Carolina","Camden County",2,55,164,89,75
050,37,029,"North Carolina","Camden County",2,56,176,103,73
050,37,029,"North Carolina","Camden County",2,57,177,98,79
050,37,029,"North Carolina","Camden County",2,58,159,78,81
050,37,029,"North Carolina","Camden County",2,59,158,79,79
050,37,029,"North Carolina","Camden County",2,60,146,78,68
050,37,029,"North Carolina","Camden County",2,61,136,69,67
050,37,029,"North Carolina","Camden County",2,62,148,73,75
050,37,029,"North Carolina","Camden County",2,63,148,75,73
050,37,029,"North Carolina","Camden County",2,64,139,69,70
050,37,029,"North Carolina","Camden County",2,65,141,73,68
050,37,029,"North Carolina","Camden County",2,66,122,65,57
050,37,029,"North Carolina","Camden County",2,67,107,53,54
050,37,029,"North Carolina","Camden County",2,68,100,47,53
050,37,029,"North Carolina","Camden County",2,69,95,48,47
050,37,029,"North Carolina","Camden County",2,70,100,49,51
050,37,029,"North Carolina","Camden County",2,71,90,41,49
050,37,029,"North Carolina","Camden County",2,72,95,48,47
050,37,029,"North Carolina","Camden County",2,73,103,50,53
050,37,029,"North Carolina","Camden County",2,74,74,33,41
050,37,029,"North Carolina","Camden County",2,75,84,39,45
050,37,029,"North Carolina","Camden County",2,76,80,36,44
050,37,029,"North Carolina","Camden County",2,77,78,33,45
050,37,029,"North Carolina","Camden County",2,78,63,33,30
050,37,029,"North Carolina","Camden County",2,79,55,27,28
050,37,029,"North Carolina","Camden County",2,80,44,18,26
050,37,029,"North Carolina","Camden County",2,81,41,16,25
050,37,029,"North Carolina","Camden County",2,82,35,14,21
050,37,029,"North Carolina","Camden County",2,83,26,11,15
050,37,029,"North Carolina","Camden County",2,84,28,11,17
050,37,029,"North Carolina","Camden County",2,85,150,68,82
050,37,029,"North Carolina","Camden County",3,0,76,46,30
050,37,029,"North Carolina","Camden County",3,1,107,56,51
050,37,029,"North Carolina","Camden County",3,2,132,65,67
050,37,029,"North Carolina","Camden County",3,3,128,60,68
050,37,029,"North Carolina","Camden County",3,4,104,56,48
050,37,029,"North Carolina","Camden County",3,5,134,66,68
050,37,029,"North Carolina","Camden County",3,6,132,73,59
050,37,029,"North Carolina","Camden County",3,7,137,68,69
050,37,029,"North Carolina","Camden County",3,8,166,84,82
050,37,029,"North Carolina","Camden County",3,9,142,73,69
050,37,029,"North Carolina","Camden County",3,10,144,71,73
050,37,029,"North Carolina","Camden County",3,11,134,76,58
050,37,029,"North Carolina","Camden County",3,12,149,75,74
050,37,029,"North Carolina","Camden County",3,13,164,90,74
050,37,029,"North Carolina","Camden County",3,14,171,94,77
050,37,029,"North Carolina","Camden County",3,15,152,83,69
050,37,029,"North Carolina","Camden County",3,16,158,77,81
050,37,029,"North Carolina","Camden County",3,17,165,78,87
050,37,029,"North Carolina","Camden County",3,18,128,61,67
050,37,029,"North Carolina","Camden County",3,19,103,51,52
050,37,029,"North Carolina","Camden County",3,20,105,53,52
050,37,029,"North Carolina","Camden County",3,21,102,49,53
050,37,029,"North Carolina","Camden County",3,22,106,55,51
050,37,029,"North Carolina","Camden County",3,23,100,52,48
050,37,029,"North Carolina","Camden County",3,24,91,56,35
050,37,029,"North Carolina","Camden County",3,25,96,50,46
050,37,029,"North Carolina","Camden County",3,26,103,53,50
050,37,029,"North Carolina","Camden County",3,27,111,58,53
050,37,029,"North Carolina","Camden County",3,28,124,60,64
050,37,029,"North Carolina","Camden County",3,29,123,54,69
050,37,029,"North Carolina","Camden County",3,30,126,67,59
050,37,029,"North Carolina","Camden County",3,31,137,72,65
050,37,029,"North Carolina","Camden County",3,32,127,71,56
050,37,029,"North Carolina","Camden County",3,33,131,62,69
050,37,029,"North Carolina","Camden County",3,34,157,76,81
050,37,029,"North Carolina","Camden County",3,35,168,75,93
050,37,029,"North Carolina","Camden County",3,36,159,82,77
050,37,029,"North Carolina","Camden County",3,37,159,85,74
050,37,029,"North Carolina","Camden County",3,38,156,79,77
050,37,029,"North Carolina","Camden County",3,39,164,77,87
050,37,029,"North Carolina","Camden County",3,40,176,82,94
050,37,029,"North Carolina","Camden County",3,41,163,81,82
050,37,029,"North Carolina","Camden County",3,42,146,87,59
050,37,029,"North Carolina","Camden County",3,43,145,81,64
050,37,029,"North Carolina","Camden County",3,44,131,67,64
050,37,029,"North Carolina","Camden County",3,45,123,61,62
050,37,029,"North Carolina","Camden County",3,46,133,64,69
050,37,029,"North Carolina","Camden County",3,47,136,66,70
050,37,029,"North Carolina","Camden County",3,48,145,75,70
050,37,029,"North Carolina","Camden County",3,49,161,85,76
050,37,029,"North Carolina","Camden County",3,50,174,93,81
050,37,029,"North Carolina","Camden County",3,51,154,73,81
050,37,029,"North Carolina","Camden County",3,52,147,72,75
050,37,029,"North Carolina","Camden County",3,53,141,71,70
050,37,029,"North Carolina","Camden County",3,54,152,80,72
050,37,029,"North Carolina","Camden County",3,55,150,82,68
050,37,029,"North Carolina","Camden County",3,56,170,93,77
050,37,029,"North Carolina","Camden County",3,57,172,103,69
050,37,029,"North Carolina","Camden County",3,58,174,93,81
050,37,029,"North Carolina","Camden County",3,59,159,77,82
050,37,029,"North Carolina","Camden County",3,60,157,80,77
050,37,029,"North Carolina","Camden County",3,61,133,72,61
050,37,029,"North Carolina","Camden County",3,62,134,67,67
050,37,029,"North Carolina","Camden County",3,63,153,77,76
050,37,029,"North Carolina","Camden County",3,64,145,69,76
050,37,029,"North Carolina","Camden County",3,65,145,72,73
050,37,029,"North Carolina","Camden County",3,66,141,73,68
050,37,029,"North Carolina","Camden County",3,67,117,61,56
050,37,029,"North Carolina","Camden County",3,68,108,53,55
050,37,029,"North Carolina","Camden County",3,69,96,47,49
050,37,029,"North Carolina","Camden County",3,70,101,48,53
050,37,029,"North Carolina","Camden County",3,71,92,46,46
050,37,029,"North Carolina","Camden County",3,72,88,40,48
050,37,029,"North Carolina","Camden County",3,73,94,46,48
050,37,029,"North Carolina","Camden County",3,74,95,46,49
050,37,029,"North Carolina","Camden County",3,75,74,34,40
050,37,029,"North Carolina","Camden County",3,76,82,37,45
050,37,029,"North Carolina","Camden County",3,77,78,36,42
050,37,029,"North Carolina","Camden County",3,78,79,32,47
050,37,029,"North Carolina","Camden County",3,79,56,28,28
050,37,029,"North Carolina","Camden County",3,80,51,24,27
050,37,029,"North Carolina","Camden County",3,81,33,13,20
050,37,029,"North Carolina","Camden County",3,82,36,14,22
050,37,029,"North Carolina","Camden County",3,83,34,13,21
050,37,029,"North Carolina","Camden County",3,84,21,9,12
050,37,029,"North Carolina","Camden County",3,85,155,68,87
050,37,029,"North Carolina","Camden County",4,0,80,42,38
050,37,029,"North Carolina","Camden County",4,1,87,60,27
050,37,029,"North Carolina","Camden County",4,2,115,63,52
050,37,029,"North Carolina","Camden County",4,3,149,73,76
050,37,029,"North Carolina","Camden County",4,4,140,66,74
050,37,029,"North Carolina","Camden County",4,5,114,61,53
050,37,029,"North Carolina","Camden County",4,6,144,67,77
050,37,029,"North Carolina","Camden County",4,7,151,83,68
050,37,029,"North Carolina","Camden County",4,8,142,72,70
050,37,029,"North Carolina","Camden County",4,9,164,83,81
050,37,029,"North Carolina","Camden County",4,10,153,77,76
050,37,029,"North Carolina","Camden County",4,11,149,78,71
050,37,029,"North Carolina","Camden County",4,12,141,75,66
050,37,029,"North Carolina","Camden County",4,13,144,71,73
050,37,029,"North Carolina","Camden County",4,14,176,94,82
050,37,029,"North Carolina","Camden County",4,15,162,85,77
050,37,029,"North Carolina","Camden County",4,16,148,80,68
050,37,029,"North Carolina","Camden County",4,17,163,81,82
050,37,029,"North Carolina","Camden County",4,18,149,70,79
050,37,029,"North Carolina","Camden County",4,19,99,50,49
050,37,029,"North Carolina","Camden County",4,20,97,49,48
050,37,029,"North Carolina","Camden County",4,21,104,52,52
050,37,029,"North Carolina","Camden County",4,22,109,53,56
050,37,029,"North Carolina","Camden County",4,23,94,51,43
050,37,029,"North Carolina","Camden County",4,24,104,56,48
050,37,029,"North Carolina","Camden County",4,25,108,64,44
050,37,029,"North Carolina","Camden County",4,26,95,51,44
050,37,029,"North Carolina","Camden County",4,27,101,49,52
050,37,029,"North Carolina","Camden County",4,28,114,59,55
050,37,029,"North Carolina","Camden County",4,29,141,68,73
050,37,029,"North Carolina","Camden County",4,30,128,53,75
050,37,029,"North Carolina","Camden County",4,31,126,62,64
050,37,029,"North Carolina","Camden County",4,32,152,82,70
050,37,029,"North Carolina","Camden County",4,33,131,75,56
050,37,029,"North Carolina","Camden County",4,34,139,61,78
050,37,029,"North Carolina","Camden County",4,35,172,81,91
050,37,029,"North Carolina","Camden County",4,36,175,80,95
050,37,029,"North Carolina","Camden County",4,37,173,91,82
050,37,029,"North Carolina","Camden County",4,38,170,88,82
050,37,029,"North Carolina","Camden County",4,39,162,87,75
050,37,029,"North Carolina","Camden County",4,40,184,94,90
050,37,029,"North Carolina","Camden County",4,41,170,82,88
050,37,029,"North Carolina","Camden County",4,42,171,87,84
050,37,029,"North Carolina","Camden County",4,43,150,82,68
050,37,029,"North Carolina","Camden County",4,44,141,76,65
050,37,029,"North Carolina","Camden County",4,45,136,68,68
050,37,029,"North Carolina","Camden County",4,46,119,59,60
050,37,029,"North Carolina","Camden County",4,47,140,66,74
050,37,029,"North Carolina","Camden County",4,48,128,64,64
050,37,029,"North Carolina","Camden County",4,49,143,72,71
050,37,029,"North Carolina","Camden County",4,50,157,84,73
050,37,029,"North Carolina","Camden County",4,51,171,92,79
050,37,029,"North Carolina","Camden County",4,52,157,76,81
050,37,029,"North Carolina","Camden County",4,53,152,75,77
050,37,029,"North Carolina","Camden County",4,54,144,71,73
050,37,029,"North Carolina","Camden County",4,55,153,80,73
050,37,029,"North Carolina","Camden County",4,56,154,84,70
050,37,029,"North Carolina","Camden County",4,57,178,96,82
050,37,029,"North Carolina","Camden County",4,58,171,101,70
050,37,029,"North Carolina","Camden County",4,59,179,94,85
050,37,029,"North Carolina","Camden County",4,60,168,83,85
050,37,029,"North Carolina","Camden County",4,61,159,80,79
050,37,029,"North Carolina","Camden County",4,62,140,72,68
050,37,029,"North Carolina","Camden County",4,63,134,66,68
050,37,029,"North Carolina","Camden County",4,64,140,71,69
050,37,029,"North Carolina","Camden County",4,65,147,73,74
050,37,029,"North Carolina","Camden County",4,66,141,66,75
050,37,029,"North Carolina","Camden County",4,67,148,77,71
050,37,029,"North Carolina","Camden County",4,68,120,63,57
050,37,029,"North Carolina","Camden County",4,69,107,51,56
050,37,029,"North Carolina","Camden County",4,70,98,47,51
050,37,029,"North Carolina","Camden County",4,71,101,49,52
050,37,029,"North Carolina","Camden County",4,72,93,47,46
050,37,029,"North Carolina","Camden County",4,73,91,39,52
050,37,029,"North Carolina","Camden County",4,74,94,46,48
050,37,029,"North Carolina","Camden County",4,75,94,46,48
050,37,029,"North Carolina","Camden County",4,76,70,32,38
050,37,029,"North Carolina","Camden County",4,77,86,40,46
050,37,029,"North Carolina","Camden County",4,78,78,37,41
050,37,029,"North Carolina","Camden County",4,79,75,32,43
050,37,029,"North Carolina","Camden County",4,80,50,26,24
050,37,029,"North Carolina","Camden County",4,81,45,22,23
050,37,029,"North Carolina","Camden County",4,82,33,13,20
050,37,029,"North Carolina","Camden County",4,83,36,13,23
050,37,029,"North Carolina","Camden County",4,84,30,12,18
050,37,029,"North Carolina","Camden County",4,85,149,66,83
050,37,029,"North Carolina","Camden County",5,0,72,37,35
050,37,029,"North Carolina","Camden County",5,1,84,39,45
050,37,029,"North Carolina","Camden County",5,2,94,61,33
050,37,029,"North Carolina","Camden County",5,3,118,70,48
050,37,029,"North Carolina","Camden County",5,4,153,77,76
050,37,029,"North Carolina","Camden County",5,5,151,71,80
050,37,029,"North Carolina","Camden County",5,6,127,69,58
050,37,029,"North Carolina","Camden County",5,7,145,65,80
050,37,029,"North Carolina","Camden County",5,8,148,84,64
050,37,029,"North Carolina","Camden County",5,9,151,72,79
050,37,029,"North Carolina","Camden County",5,10,161,78,83
050,37,029,"North Carolina","Camden County",5,11,157,80,77
050,37,029,"North Carolina","Camden County",5,12,155,79,76
050,37,029,"North Carolina","Camden County",5,13,139,74,65
050,37,029,"North Carolina","Camden County",5,14,148,68,80
050,37,029,"North Carolina","Camden County",5,15,177,93,84
050,37,029,"North Carolina","Camden County",5,16,155,77,78
050,37,029,"North Carolina","Camden County",5,17,149,76,73
050,37,029,"North Carolina","Camden County",5,18,129,70,59
050,37,029,"North Carolina","Camden County",5,19,110,54,56
050,37,029,"North Carolina","Camden County",5,20,96,49,47
050,37,029,"North Carolina","Camden County",5,21,93,42,51
050,37,029,"North Carolina","Camden County",5,22,112,60,52
050,37,029,"North Carolina","Camden County",5,23,112,53,59
050,37,029,"North Carolina","Camden County",5,24,104,53,51
050,37,029,"North Carolina","Camden County",5,25,109,57,52
050,37,029,"North Carolina","Camden County",5,26,99,59,40
050,37,029,"North Carolina","Camden County",5,27,100,54,46
050,37,029,"North Carolina","Camden County",5,28,108,53,55
050,37,029,"North Carolina","Camden County",5,29,118,66,52
050,37,029,"North Carolina","Camden County",5,30,146,67,79
050,37,029,"North Carolina","Camden County",5,31,129,51,78
050,37,029,"North Carolina","Camden County",5,32,138,65,73
050,37,029,"North Carolina","Camden County",5,33,156,75,81
050,37,029,"North Carolina","Camden County",5,34,146,82,64
050,37,029,"North Carolina","Camden County",5,35,130,54,76
050,37,029,"North Carolina","Camden County",5,36,192,92,100
050,37,029,"North Carolina","Camden County",5,37,167,72,95
050,37,029,"North Carolina","Camden County",5,38,180,96,84
050,37,029,"North Carolina","Camden County",5,39,167,88,79
050,37,029,"North Carolina","Camden County",5,40,163,84,79
050,37,029,"North Carolina","Camden County",5,41,185,105,80
050,37,029,"North Carolina","Camden County",5,42,176,88,88
050,37,029,"North Carolina","Camden County",5,43,173,86,87
050,37,029,"North Carolina","Camden County",5,44,145,80,65
050,37,029,"North Carolina","Camden County",5,45,134,68,66
050,37,029,"North Carolina","Camden County",5,46,137,66,71
050,37,029,"North Carolina","Camden County",5,47,121,57,64
050,37,029,"North Carolina","Camden County",5,48,141,73,68
050,37,029,"North Carolina","Camden County",5,49,129,68,61
050,37,029,"North Carolina","Camden County",5,50,143,72,71
050,37,029,"North Carolina","Camden County",5,51,163,89,74
050,37,029,"North Carolina","Camden County",5,52,170,89,81
050,37,029,"North Carolina","Camden County",5,53,154,78,76
050,37,029,"North Carolina","Camden County",5,54,154,78,76
050,37,029,"North Carolina","Camden County",5,55,156,79,77
050,37,029,"North Carolina","Camden County",5,56,154,79,75
050,37,029,"North Carolina","Camden County",5,57,146,81,65
050,37,029,"North Carolina","Camden County",5,58,179,95,84
050,37,029,"North Carolina","Camden County",5,59,171,99,72
050,37,029,"North Carolina","Camden County",5,60,177,91,86
050,37,029,"North Carolina","Camden County",5,61,166,81,85
050,37,029,"North Carolina","Camden County",5,62,159,79,80
050,37,029,"North Carolina","Camden County",5,63,141,75,66
050,37,029,"North Carolina","Camden County",5,64,131,63,68
050,37,029,"North Carolina","Camden County",5,65,142,69,73
050,37,029,"North Carolina","Camden County",5,66,142,69,73
050,37,029,"North Carolina","Camden County",5,67,138,63,75
050,37,029,"North Carolina","Camden County",5,68,146,74,72
050,37,029,"North Carolina","Camden County",5,69,119,63,56
050,37,029,"North Carolina","Camden County",5,70,104,50,54
050,37,029,"North Carolina","Camden County",5,71,94,46,48
050,37,029,"North Carolina","Camden County",5,72,97,48,49
050,37,029,"North Carolina","Camden County",5,73,91,46,45
050,37,029,"North Carolina","Camden County",5,74,82,31,51
050,37,029,"North Carolina","Camden County",5,75,90,45,45
050,37,029,"North Carolina","Camden County",5,76,95,45,50
050,37,029,"North Carolina","Camden County",5,77,68,31,37
050,37,029,"North Carolina","Camden County",5,78,86,41,45
050,37,029,"North Carolina","Camden County",5,79,76,39,37
050,37,029,"North Carolina","Camden County",5,80,72,29,43
050,37,029,"North Carolina","Camden County",5,81,42,24,18
050,37,029,"North Carolina","Camden County",5,82,43,21,22
050,37,029,"North Carolina","Camden County",5,83,33,12,21
050,37,029,"North Carolina","Camden County",5,84,34,13,21
050,37,029,"North Carolina","Camden County",5,85,150,65,85
050,37,031,"North Carolina","Carteret County",1,0,494,254,240
050,37,031,"North Carolina","Carteret County",1,1,494,251,243
050,37,031,"North Carolina","Carteret County",1,2,498,245,253
050,37,031,"North Carolina","Carteret County",1,3,557,273,284
050,37,031,"North Carolina","Carteret County",1,4,580,307,273
050,37,031,"North Carolina","Carteret County",1,5,605,322,283
050,37,031,"North Carolina","Carteret County",1,6,628,318,310
050,37,031,"North Carolina","Carteret County",1,7,626,331,295
050,37,031,"North Carolina","Carteret County",1,8,637,333,304
050,37,031,"North Carolina","Carteret County",1,9,653,319,334
050,37,031,"North Carolina","Carteret County",1,10,676,374,302
050,37,031,"North Carolina","Carteret County",1,11,689,356,333
050,37,031,"North Carolina","Carteret County",1,12,719,386,333
050,37,031,"North Carolina","Carteret County",1,13,775,415,360
050,37,031,"North Carolina","Carteret County",1,14,766,405,361
050,37,031,"North Carolina","Carteret County",1,15,796,434,362
050,37,031,"North Carolina","Carteret County",1,16,748,405,343
050,37,031,"North Carolina","Carteret County",1,17,723,371,352
050,37,031,"North Carolina","Carteret County",1,18,637,334,303
050,37,031,"North Carolina","Carteret County",1,19,560,297,263
050,37,031,"North Carolina","Carteret County",1,20,595,297,298
050,37,031,"North Carolina","Carteret County",1,21,568,292,276
050,37,031,"North Carolina","Carteret County",1,22,598,316,282
050,37,031,"North Carolina","Carteret County",1,23,600,326,274
050,37,031,"North Carolina","Carteret County",1,24,593,314,279
050,37,031,"North Carolina","Carteret County",1,25,631,332,299
050,37,031,"North Carolina","Carteret County",1,26,656,374,282
050,37,031,"North Carolina","Carteret County",1,27,677,391,286
050,37,031,"North Carolina","Carteret County",1,28,672,353,319
050,37,031,"North Carolina","Carteret County",1,29,650,348,302
050,37,031,"North Carolina","Carteret County",1,30,671,330,341
050,37,031,"North Carolina","Carteret County",1,31,681,338,343
050,37,031,"North Carolina","Carteret County",1,32,714,345,369
050,37,031,"North Carolina","Carteret County",1,33,684,326,358
050,37,031,"North Carolina","Carteret County",1,34,710,345,365
050,37,031,"North Carolina","Carteret County",1,35,719,369,350
050,37,031,"North Carolina","Carteret County",1,36,723,377,346
050,37,031,"North Carolina","Carteret County",1,37,747,384,363
050,37,031,"North Carolina","Carteret County",1,38,757,386,371
050,37,031,"North Carolina","Carteret County",1,39,740,375,365
050,37,031,"North Carolina","Carteret County",1,40,783,384,399
050,37,031,"North Carolina","Carteret County",1,41,797,386,411
050,37,031,"North Carolina","Carteret County",1,42,797,380,417
050,37,031,"North Carolina","Carteret County",1,43,730,368,362
050,37,031,"North Carolina","Carteret County",1,44,697,344,353
050,37,031,"North Carolina","Carteret County",1,45,726,362,364
050,37,031,"North Carolina","Carteret County",1,46,756,378,378
050,37,031,"North Carolina","Carteret County",1,47,763,391,372
050,37,031,"North Carolina","Carteret County",1,48,809,409,400
050,37,031,"North Carolina","Carteret County",1,49,937,454,483
050,37,031,"North Carolina","Carteret County",1,50,915,426,489
050,37,031,"North Carolina","Carteret County",1,51,932,453,479
050,37,031,"North Carolina","Carteret County",1,52,919,465,454
050,37,031,"North Carolina","Carteret County",1,53,939,462,477
050,37,031,"North Carolina","Carteret County",1,54,951,468,483
050,37,031,"North Carolina","Carteret County",1,55,1033,483,550
050,37,031,"North Carolina","Carteret County",1,56,1114,553,561
050,37,031,"North Carolina","Carteret County",1,57,1098,499,599
050,37,031,"North Carolina","Carteret County",1,58,1142,521,621
050,37,031,"North Carolina","Carteret County",1,59,1158,564,594
050,37,031,"North Carolina","Carteret County",1,60,1200,566,634
050,37,031,"North Carolina","Carteret County",1,61,1244,569,675
050,37,031,"North Carolina","Carteret County",1,62,1264,573,691
050,37,031,"North Carolina","Carteret County",1,63,1242,581,661
050,37,031,"North Carolina","Carteret County",1,64,1220,582,638
050,37,031,"North Carolina","Carteret County",1,65,1218,585,633
050,37,031,"North Carolina","Carteret County",1,66,1204,561,643
050,37,031,"North Carolina","Carteret County",1,67,1191,544,647
050,37,031,"North Carolina","Carteret County",1,68,1154,557,597
050,37,031,"North Carolina","Carteret County",1,69,1063,509,554
050,37,031,"North Carolina","Carteret County",1,70,1043,507,536
050,37,031,"North Carolina","Carteret County",1,71,1012,496,516
050,37,031,"North Carolina","Carteret County",1,72,1011,499,512
050,37,031,"North Carolina","Carteret County",1,73,1050,533,517
050,37,031,"North Carolina","Carteret County",1,74,723,358,365
050,37,031,"North Carolina","Carteret County",1,75,706,330,376
050,37,031,"North Carolina","Carteret County",1,76,703,340,363
050,37,031,"North Carolina","Carteret County",1,77,676,321,355
050,37,031,"North Carolina","Carteret County",1,78,567,263,304
050,37,031,"North Carolina","Carteret County",1,79,506,243,263
050,37,031,"North Carolina","Carteret County",1,80,445,228,217
050,37,031,"North Carolina","Carteret County",1,81,411,186,225
050,37,031,"North Carolina","Carteret County",1,82,360,143,217
050,37,031,"North Carolina","Carteret County",1,83,309,133,176
050,37,031,"North Carolina","Carteret County",1,84,305,138,167
050,37,031,"North Carolina","Carteret County",1,85,1615,637,978
050,37,031,"North Carolina","Carteret County",2,0,478,256,222
050,37,031,"North Carolina","Carteret County",2,1,488,247,241
050,37,031,"North Carolina","Carteret County",2,2,502,248,254
050,37,031,"North Carolina","Carteret County",2,3,540,267,273
050,37,031,"North Carolina","Carteret County",2,4,577,299,278
050,37,031,"North Carolina","Carteret County",2,5,597,318,279
050,37,031,"North Carolina","Carteret County",2,6,622,319,303
050,37,031,"North Carolina","Carteret County",2,7,626,327,299
050,37,031,"North Carolina","Carteret County",2,8,633,329,304
050,37,031,"North Carolina","Carteret County",2,9,649,324,325
050,37,031,"North Carolina","Carteret County",2,10,671,358,313
050,37,031,"North Carolina","Carteret County",2,11,684,362,322
050,37,031,"North Carolina","Carteret County",2,12,715,382,333
050,37,031,"North Carolina","Carteret County",2,13,762,410,352
050,37,031,"North Carolina","Carteret County",2,14,769,407,362
050,37,031,"North Carolina","Carteret County",2,15,783,421,362
050,37,031,"North Carolina","Carteret County",2,16,757,411,346
050,37,031,"North Carolina","Carteret County",2,17,732,382,350
050,37,031,"North Carolina","Carteret County",2,18,627,329,298
050,37,031,"North Carolina","Carteret County",2,19,559,297,262
050,37,031,"North Carolina","Carteret County",2,20,597,302,295
050,37,031,"North Carolina","Carteret County",2,21,577,296,281
050,37,031,"North Carolina","Carteret County",2,22,598,316,282
050,37,031,"North Carolina","Carteret County",2,23,600,325,275
050,37,031,"North Carolina","Carteret County",2,24,595,318,277
050,37,031,"North Carolina","Carteret County",2,25,620,329,291
050,37,031,"North Carolina","Carteret County",2,26,655,370,285
050,37,031,"North Carolina","Carteret County",2,27,673,385,288
050,37,031,"North Carolina","Carteret County",2,28,669,358,311
050,37,031,"North Carolina","Carteret County",2,29,652,345,307
050,37,031,"North Carolina","Carteret County",2,30,670,337,333
050,37,031,"North Carolina","Carteret County",2,31,678,336,342
050,37,031,"North Carolina","Carteret County",2,32,704,344,360
050,37,031,"North Carolina","Carteret County",2,33,690,331,359
050,37,031,"North Carolina","Carteret County",2,34,710,344,366
050,37,031,"North Carolina","Carteret County",2,35,733,373,360
050,37,031,"North Carolina","Carteret County",2,36,721,374,347
050,37,031,"North Carolina","Carteret County",2,37,745,384,361
050,37,031,"North Carolina","Carteret County",2,38,757,386,371
050,37,031,"North Carolina","Carteret County",2,39,742,375,367
050,37,031,"North Carolina","Carteret County",2,40,777,384,393
050,37,031,"North Carolina","Carteret County",2,41,795,387,408
050,37,031,"North Carolina","Carteret County",2,42,794,381,413
050,37,031,"North Carolina","Carteret County",2,43,755,375,380
050,37,031,"North Carolina","Carteret County",2,44,704,349,355
050,37,031,"North Carolina","Carteret County",2,45,720,356,364
050,37,031,"North Carolina","Carteret County",2,46,745,372,373
050,37,031,"North Carolina","Carteret County",2,47,753,380,373
050,37,031,"North Carolina","Carteret County",2,48,802,406,396
050,37,031,"North Carolina","Carteret County",2,49,913,446,467
050,37,031,"North Carolina","Carteret County",2,50,929,437,492
050,37,031,"North Carolina","Carteret County",2,51,922,442,480
050,37,031,"North Carolina","Carteret County",2,52,925,462,463
050,37,031,"North Carolina","Carteret County",2,53,940,465,475
050,37,031,"North Carolina","Carteret County",2,54,947,462,485
050,37,031,"North Carolina","Carteret County",2,55,1023,483,540
050,37,031,"North Carolina","Carteret County",2,56,1098,537,561
050,37,031,"North Carolina","Carteret County",2,57,1108,516,592
050,37,031,"North Carolina","Carteret County",2,58,1136,521,615
050,37,031,"North Carolina","Carteret County",2,59,1170,560,610
050,37,031,"North Carolina","Carteret County",2,60,1192,565,627
050,37,031,"North Carolina","Carteret County",2,61,1233,569,664
050,37,031,"North Carolina","Carteret County",2,62,1265,576,689
050,37,031,"North Carolina","Carteret County",2,63,1273,591,682
050,37,031,"North Carolina","Carteret County",2,64,1226,582,644
050,37,031,"North Carolina","Carteret County",2,65,1225,588,637
050,37,031,"North Carolina","Carteret County",2,66,1211,568,643
050,37,031,"North Carolina","Carteret County",2,67,1194,549,645
050,37,031,"North Carolina","Carteret County",2,68,1153,548,605
050,37,031,"North Carolina","Carteret County",2,69,1093,523,570
050,37,031,"North Carolina","Carteret County",2,70,1040,504,536
050,37,031,"North Carolina","Carteret County",2,71,1024,501,523
050,37,031,"North Carolina","Carteret County",2,72,994,491,503
050,37,031,"North Carolina","Carteret County",2,73,1089,551,538
050,37,031,"North Carolina","Carteret County",2,74,750,373,377
050,37,031,"North Carolina","Carteret County",2,75,708,336,372
050,37,031,"North Carolina","Carteret County",2,76,695,332,363
050,37,031,"North Carolina","Carteret County",2,77,697,331,366
050,37,031,"North Carolina","Carteret County",2,78,573,267,306
050,37,031,"North Carolina","Carteret County",2,79,508,242,266
050,37,031,"North Carolina","Carteret County",2,80,455,230,225
050,37,031,"North Carolina","Carteret County",2,81,407,189,218
050,37,031,"North Carolina","Carteret County",2,82,367,151,216
050,37,031,"North Carolina","Carteret County",2,83,313,129,184
050,37,031,"North Carolina","Carteret County",2,84,301,134,167
050,37,031,"North Carolina","Carteret County",2,85,1629,642,987
050,37,031,"North Carolina","Carteret County",3,0,480,238,242
050,37,031,"North Carolina","Carteret County",3,1,491,265,226
050,37,031,"North Carolina","Carteret County",3,2,503,265,238
050,37,031,"North Carolina","Carteret County",3,3,519,259,260
050,37,031,"North Carolina","Carteret County",3,4,581,289,292
050,37,031,"North Carolina","Carteret County",3,5,599,305,294
050,37,031,"North Carolina","Carteret County",3,6,630,341,289
050,37,031,"North Carolina","Carteret County",3,7,643,327,316
050,37,031,"North Carolina","Carteret County",3,8,652,336,316
050,37,031,"North Carolina","Carteret County",3,9,670,342,328
050,37,031,"North Carolina","Carteret County",3,10,665,332,333
050,37,031,"North Carolina","Carteret County",3,11,707,375,332
050,37,031,"North Carolina","Carteret County",3,12,692,363,329
050,37,031,"North Carolina","Carteret County",3,13,742,407,335
050,37,031,"North Carolina","Carteret County",3,14,788,411,377
050,37,031,"North Carolina","Carteret County",3,15,813,430,383
050,37,031,"North Carolina","Carteret County",3,16,803,423,380
050,37,031,"North Carolina","Carteret County",3,17,773,418,355
050,37,031,"North Carolina","Carteret County",3,18,649,344,305
050,37,031,"North Carolina","Carteret County",3,19,504,279,225
050,37,031,"North Carolina","Carteret County",3,20,613,320,293
050,37,031,"North Carolina","Carteret County",3,21,620,314,306
050,37,031,"North Carolina","Carteret County",3,22,615,312,303
050,37,031,"North Carolina","Carteret County",3,23,605,315,290
050,37,031,"North Carolina","Carteret County",3,24,613,349,264
050,37,031,"North Carolina","Carteret County",3,25,609,327,282
050,37,031,"North Carolina","Carteret County",3,26,632,336,296
050,37,031,"North Carolina","Carteret County",3,27,668,381,287
050,37,031,"North Carolina","Carteret County",3,28,656,362,294
050,37,031,"North Carolina","Carteret County",3,29,669,358,311
050,37,031,"North Carolina","Carteret County",3,30,663,351,312
050,37,031,"North Carolina","Carteret County",3,31,652,324,328
050,37,031,"North Carolina","Carteret County",3,32,696,343,353
050,37,031,"North Carolina","Carteret County",3,33,730,356,374
050,37,031,"North Carolina","Carteret County",3,34,693,325,368
050,37,031,"North Carolina","Carteret County",3,35,722,343,379
050,37,031,"North Carolina","Carteret County",3,36,756,385,371
050,37,031,"North Carolina","Carteret County",3,37,743,391,352
050,37,031,"North Carolina","Carteret County",3,38,782,391,391
050,37,031,"North Carolina","Carteret County",3,39,772,389,383
050,37,031,"North Carolina","Carteret County",3,40,778,396,382
050,37,031,"North Carolina","Carteret County",3,41,785,366,419
050,37,031,"North Carolina","Carteret County",3,42,805,392,413
050,37,031,"North Carolina","Carteret County",3,43,802,382,420
050,37,031,"North Carolina","Carteret County",3,44,783,398,385
050,37,031,"North Carolina","Carteret County",3,45,718,359,359
050,37,031,"North Carolina","Carteret County",3,46,735,358,377
050,37,031,"North Carolina","Carteret County",3,47,739,360,379
050,37,031,"North Carolina","Carteret County",3,48,781,396,385
050,37,031,"North Carolina","Carteret County",3,49,826,416,410
050,37,031,"North Carolina","Carteret County",3,50,927,448,479
050,37,031,"North Carolina","Carteret County",3,51,929,431,498
050,37,031,"North Carolina","Carteret County",3,52,931,452,479
050,37,031,"North Carolina","Carteret County",3,53,945,474,471
050,37,031,"North Carolina","Carteret County",3,54,959,460,499
050,37,031,"North Carolina","Carteret County",3,55,985,480,505
050,37,031,"North Carolina","Carteret County",3,56,1035,499,536
050,37,031,"North Carolina","Carteret County",3,57,1147,551,596
050,37,031,"North Carolina","Carteret County",3,58,1148,546,602
050,37,031,"North Carolina","Carteret County",3,59,1168,537,631
050,37,031,"North Carolina","Carteret County",3,60,1234,590,644
050,37,031,"North Carolina","Carteret County",3,61,1211,572,639
050,37,031,"North Carolina","Carteret County",3,62,1286,591,695
050,37,031,"North Carolina","Carteret County",3,63,1308,606,702
050,37,031,"North Carolina","Carteret County",3,64,1324,627,697
050,37,031,"North Carolina","Carteret County",3,65,1270,579,691
050,37,031,"North Carolina","Carteret County",3,66,1216,586,630
050,37,031,"North Carolina","Carteret County",3,67,1229,573,656
050,37,031,"North Carolina","Carteret County",3,68,1191,555,636
050,37,031,"North Carolina","Carteret County",3,69,1179,550,629
050,37,031,"North Carolina","Carteret County",3,70,1051,501,550
050,37,031,"North Carolina","Carteret County",3,71,1022,493,529
050,37,031,"North Carolina","Carteret County",3,72,991,485,506
050,37,031,"North Carolina","Carteret County",3,73,967,464,503
050,37,031,"North Carolina","Carteret County",3,74,1070,539,531
050,37,031,"North Carolina","Carteret County",3,75,731,358,373
050,37,031,"North Carolina","Carteret County",3,76,669,318,351
050,37,031,"North Carolina","Carteret County",3,77,668,315,353
050,37,031,"North Carolina","Carteret County",3,78,664,314,350
050,37,031,"North Carolina","Carteret County",3,79,548,255,293
050,37,031,"North Carolina","Carteret County",3,80,477,222,255
050,37,031,"North Carolina","Carteret County",3,81,423,207,216
050,37,031,"North Carolina","Carteret County",3,82,383,172,211
050,37,031,"North Carolina","Carteret County",3,83,321,130,191
050,37,031,"North Carolina","Carteret County",3,84,298,124,174
050,37,031,"North Carolina","Carteret County",3,85,1659,650,1009
050,37,031,"North Carolina","Carteret County",4,0,493,242,251
050,37,031,"North Carolina","Carteret County",4,1,459,225,234
050,37,031,"North Carolina","Carteret County",4,2,510,279,231
050,37,031,"North Carolina","Carteret County",4,3,518,267,251
050,37,031,"North Carolina","Carteret County",4,4,550,280,270
050,37,031,"North Carolina","Carteret County",4,5,605,302,303
050,37,031,"North Carolina","Carteret County",4,6,630,325,305
050,37,031,"North Carolina","Carteret County",4,7,665,360,305
050,37,031,"North Carolina","Carteret County",4,8,641,320,321
050,37,031,"North Carolina","Carteret County",4,9,670,338,332
050,37,031,"North Carolina","Carteret County",4,10,700,360,340
050,37,031,"North Carolina","Carteret County",4,11,682,342,340
050,37,031,"North Carolina","Carteret County",4,12,708,370,338
050,37,031,"North Carolina","Carteret County",4,13,693,362,331
050,37,031,"North Carolina","Carteret County",4,14,753,415,338
050,37,031,"North Carolina","Carteret County",4,15,807,425,382
050,37,031,"North Carolina","Carteret County",4,16,814,424,390
050,37,031,"North Carolina","Carteret County",4,17,804,424,380
050,37,031,"North Carolina","Carteret County",4,18,661,380,281
050,37,031,"North Carolina","Carteret County",4,19,512,273,239
050,37,031,"North Carolina","Carteret County",4,20,520,273,247
050,37,031,"North Carolina","Carteret County",4,21,639,346,293
050,37,031,"North Carolina","Carteret County",4,22,633,319,314
050,37,031,"North Carolina","Carteret County",4,23,639,321,318
050,37,031,"North Carolina","Carteret County",4,24,621,340,281
050,37,031,"North Carolina","Carteret County",4,25,603,332,271
050,37,031,"North Carolina","Carteret County",4,26,568,300,268
050,37,031,"North Carolina","Carteret County",4,27,642,341,301
050,37,031,"North Carolina","Carteret County",4,28,683,377,306
050,37,031,"North Carolina","Carteret County",4,29,670,364,306
050,37,031,"North Carolina","Carteret County",4,30,670,347,323
050,37,031,"North Carolina","Carteret County",4,31,684,364,320
050,37,031,"North Carolina","Carteret County",4,32,666,334,332
050,37,031,"North Carolina","Carteret County",4,33,713,347,366
050,37,031,"North Carolina","Carteret County",4,34,756,379,377
050,37,031,"North Carolina","Carteret County",4,35,694,314,380
050,37,031,"North Carolina","Carteret County",4,36,726,342,384
050,37,031,"North Carolina","Carteret County",4,37,756,377,379
050,37,031,"North Carolina","Carteret County",4,38,767,401,366
050,37,031,"North Carolina","Carteret County",4,39,799,396,403
050,37,031,"North Carolina","Carteret County",4,40,766,388,378
050,37,031,"North Carolina","Carteret County",4,41,791,399,392
050,37,031,"North Carolina","Carteret County",4,42,796,376,420
050,37,031,"North Carolina","Carteret County",4,43,829,402,427
050,37,031,"North Carolina","Carteret County",4,44,829,410,419
050,37,031,"North Carolina","Carteret County",4,45,773,384,389
050,37,031,"North Carolina","Carteret County",4,46,711,361,350
050,37,031,"North Carolina","Carteret County",4,47,753,362,391
050,37,031,"North Carolina","Carteret County",4,48,750,374,376
050,37,031,"North Carolina","Carteret County",4,49,776,392,384
050,37,031,"North Carolina","Carteret County",4,50,862,427,435
050,37,031,"North Carolina","Carteret County",4,51,978,488,490
050,37,031,"North Carolina","Carteret County",4,52,960,447,513
050,37,031,"North Carolina","Carteret County",4,53,964,467,497
050,37,031,"North Carolina","Carteret County",4,54,970,483,487
050,37,031,"North Carolina","Carteret County",4,55,986,484,502
050,37,031,"North Carolina","Carteret County",4,56,1024,503,521
050,37,031,"North Carolina","Carteret County",4,57,1073,509,564
050,37,031,"North Carolina","Carteret County",4,58,1202,575,627
050,37,031,"North Carolina","Carteret County",4,59,1159,533,626
050,37,031,"North Carolina","Carteret County",4,60,1182,561,621
050,37,031,"North Carolina","Carteret County",4,61,1266,608,658
050,37,031,"North Carolina","Carteret County",4,62,1235,595,640
050,37,031,"North Carolina","Carteret County",4,63,1308,602,706
050,37,031,"North Carolina","Carteret County",4,64,1332,616,716
050,37,031,"North Carolina","Carteret County",4,65,1331,624,707
050,37,031,"North Carolina","Carteret County",4,66,1296,589,707
050,37,031,"North Carolina","Carteret County",4,67,1232,588,644
050,37,031,"North Carolina","Carteret County",4,68,1240,585,655
050,37,031,"North Carolina","Carteret County",4,69,1217,567,650
050,37,031,"North Carolina","Carteret County",4,70,1172,548,624
050,37,031,"North Carolina","Carteret County",4,71,1046,501,545
050,37,031,"North Carolina","Carteret County",4,72,1006,469,537
050,37,031,"North Carolina","Carteret County",4,73,978,469,509
050,37,031,"North Carolina","Carteret County",4,74,922,443,479
050,37,031,"North Carolina","Carteret County",4,75,1044,517,527
050,37,031,"North Carolina","Carteret County",4,76,701,343,358
050,37,031,"North Carolina","Carteret County",4,77,640,293,347
050,37,031,"North Carolina","Carteret County",4,78,645,295,350
050,37,031,"North Carolina","Carteret County",4,79,621,292,329
050,37,031,"North Carolina","Carteret County",4,80,516,248,268
050,37,031,"North Carolina","Carteret County",4,81,448,208,240
050,37,031,"North Carolina","Carteret County",4,82,382,180,202
050,37,031,"North Carolina","Carteret County",4,83,339,153,186
050,37,031,"North Carolina","Carteret County",4,84,301,125,176
050,37,031,"North Carolina","Carteret County",4,85,1650,644,1006
050,37,031,"North Carolina","Carteret County",5,0,490,240,250
050,37,031,"North Carolina","Carteret County",5,1,472,228,244
050,37,031,"North Carolina","Carteret County",5,2,446,216,230
050,37,031,"North Carolina","Carteret County",5,3,521,293,228
050,37,031,"North Carolina","Carteret County",5,4,527,263,264
050,37,031,"North Carolina","Carteret County",5,5,588,296,292
050,37,031,"North Carolina","Carteret County",5,6,623,308,315
050,37,031,"North Carolina","Carteret County",5,7,633,322,311
050,37,031,"North Carolina","Carteret County",5,8,666,360,306
050,37,031,"North Carolina","Carteret County",5,9,654,328,326
050,37,031,"North Carolina","Carteret County",5,10,692,349,343
050,37,031,"North Carolina","Carteret County",5,11,721,375,346
050,37,031,"North Carolina","Carteret County",5,12,696,350,346
050,37,031,"North Carolina","Carteret County",5,13,734,379,355
050,37,031,"North Carolina","Carteret County",5,14,705,377,328
050,37,031,"North Carolina","Carteret County",5,15,747,407,340
050,37,031,"North Carolina","Carteret County",5,16,816,428,388
050,37,031,"North Carolina","Carteret County",5,17,814,422,392
050,37,031,"North Carolina","Carteret County",5,18,698,380,318
050,37,031,"North Carolina","Carteret County",5,19,538,310,228
050,37,031,"North Carolina","Carteret County",5,20,564,292,272
050,37,031,"North Carolina","Carteret County",5,21,553,293,260
050,37,031,"North Carolina","Carteret County",5,22,684,358,326
050,37,031,"North Carolina","Carteret County",5,23,634,311,323
050,37,031,"North Carolina","Carteret County",5,24,621,319,302
050,37,031,"North Carolina","Carteret County",5,25,621,326,295
050,37,031,"North Carolina","Carteret County",5,26,586,321,265
050,37,031,"North Carolina","Carteret County",5,27,571,313,258
050,37,031,"North Carolina","Carteret County",5,28,615,325,290
050,37,031,"North Carolina","Carteret County",5,29,686,371,315
050,37,031,"North Carolina","Carteret County",5,30,630,338,292
050,37,031,"North Carolina","Carteret County",5,31,675,328,347
050,37,031,"North Carolina","Carteret County",5,32,693,377,316
050,37,031,"North Carolina","Carteret County",5,33,671,329,342
050,37,031,"North Carolina","Carteret County",5,34,692,331,361
050,37,031,"North Carolina","Carteret County",5,35,783,378,405
050,37,031,"North Carolina","Carteret County",5,36,709,324,385
050,37,031,"North Carolina","Carteret County",5,37,748,353,395
050,37,031,"North Carolina","Carteret County",5,38,770,382,388
050,37,031,"North Carolina","Carteret County",5,39,771,403,368
050,37,031,"North Carolina","Carteret County",5,40,801,392,409
050,37,031,"North Carolina","Carteret County",5,41,787,412,375
050,37,031,"North Carolina","Carteret County",5,42,796,408,388
050,37,031,"North Carolina","Carteret County",5,43,802,378,424
050,37,031,"North Carolina","Carteret County",5,44,854,407,447
050,37,031,"North Carolina","Carteret County",5,45,817,404,413
050,37,031,"North Carolina","Carteret County",5,46,774,400,374
050,37,031,"North Carolina","Carteret County",5,47,726,363,363
050,37,031,"North Carolina","Carteret County",5,48,759,372,387
050,37,031,"North Carolina","Carteret County",5,49,764,380,384
050,37,031,"North Carolina","Carteret County",5,50,805,393,412
050,37,031,"North Carolina","Carteret County",5,51,880,432,448
050,37,031,"North Carolina","Carteret County",5,52,983,488,495
050,37,031,"North Carolina","Carteret County",5,53,979,456,523
050,37,031,"North Carolina","Carteret County",5,54,980,486,494
050,37,031,"North Carolina","Carteret County",5,55,997,494,503
050,37,031,"North Carolina","Carteret County",5,56,1002,487,515
050,37,031,"North Carolina","Carteret County",5,57,1040,503,537
050,37,031,"North Carolina","Carteret County",5,58,1097,522,575
050,37,031,"North Carolina","Carteret County",5,59,1197,565,632
050,37,031,"North Carolina","Carteret County",5,60,1200,558,642
050,37,031,"North Carolina","Carteret County",5,61,1208,575,633
050,37,031,"North Carolina","Carteret County",5,62,1306,624,682
050,37,031,"North Carolina","Carteret County",5,63,1278,606,672
050,37,031,"North Carolina","Carteret County",5,64,1326,612,714
050,37,031,"North Carolina","Carteret County",5,65,1331,599,732
050,37,031,"North Carolina","Carteret County",5,66,1350,625,725
050,37,031,"North Carolina","Carteret County",5,67,1291,580,711
050,37,031,"North Carolina","Carteret County",5,68,1228,586,642
050,37,031,"North Carolina","Carteret County",5,69,1253,592,661
050,37,031,"North Carolina","Carteret County",5,70,1202,554,648
050,37,031,"North Carolina","Carteret County",5,71,1173,547,626
050,37,031,"North Carolina","Carteret County",5,72,1009,475,534
050,37,031,"North Carolina","Carteret County",5,73,998,470,528
050,37,031,"North Carolina","Carteret County",5,74,951,457,494
050,37,031,"North Carolina","Carteret County",5,75,895,429,466
050,37,031,"North Carolina","Carteret County",5,76,1001,499,502
050,37,031,"North Carolina","Carteret County",5,77,693,335,358
050,37,031,"North Carolina","Carteret County",5,78,608,283,325
050,37,031,"North Carolina","Carteret County",5,79,608,276,332
050,37,031,"North Carolina","Carteret County",5,80,582,280,302
050,37,031,"North Carolina","Carteret County",5,81,487,222,265
050,37,031,"North Carolina","Carteret County",5,82,411,190,221
050,37,031,"North Carolina","Carteret County",5,83,337,161,176
050,37,031,"North Carolina","Carteret County",5,84,324,145,179
050,37,031,"North Carolina","Carteret County",5,85,1667,655,1012
050,37,033,"North Carolina","Caswell County",1,0,206,103,103
050,37,033,"North Carolina","Caswell County",1,1,212,99,113
050,37,033,"North Carolina","Caswell County",1,2,215,118,97
050,37,033,"North Carolina","Caswell County",1,3,244,129,115
050,37,033,"North Carolina","Caswell County",1,4,227,112,115
050,37,033,"North Carolina","Caswell County",1,5,215,111,104
050,37,033,"North Carolina","Caswell County",1,6,215,115,100
050,37,033,"North Carolina","Caswell County",1,7,215,103,112
050,37,033,"North Carolina","Caswell County",1,8,224,106,118
050,37,033,"North Carolina","Caswell County",1,9,203,97,106
050,37,033,"North Carolina","Caswell County",1,10,226,112,114
050,37,033,"North Carolina","Caswell County",1,11,244,120,124
050,37,033,"North Carolina","Caswell County",1,12,249,129,120
050,37,033,"North Carolina","Caswell County",1,13,254,128,126
050,37,033,"North Carolina","Caswell County",1,14,269,135,134
050,37,033,"North Carolina","Caswell County",1,15,251,133,118
050,37,033,"North Carolina","Caswell County",1,16,260,128,132
050,37,033,"North Carolina","Caswell County",1,17,262,143,119
050,37,033,"North Carolina","Caswell County",1,18,245,133,112
050,37,033,"North Carolina","Caswell County",1,19,200,118,82
050,37,033,"North Carolina","Caswell County",1,20,199,109,90
050,37,033,"North Carolina","Caswell County",1,21,195,116,79
050,37,033,"North Carolina","Caswell County",1,22,230,128,102
050,37,033,"North Carolina","Caswell County",1,23,251,154,97
050,37,033,"North Carolina","Caswell County",1,24,263,150,113
050,37,033,"North Carolina","Caswell County",1,25,275,158,117
050,37,033,"North Carolina","Caswell County",1,26,285,168,117
050,37,033,"North Carolina","Caswell County",1,27,303,183,120
050,37,033,"North Carolina","Caswell County",1,28,310,188,122
050,37,033,"North Carolina","Caswell County",1,29,281,173,108
050,37,033,"North Carolina","Caswell County",1,30,274,154,120
050,37,033,"North Carolina","Caswell County",1,31,261,146,115
050,37,033,"North Carolina","Caswell County",1,32,259,155,104
050,37,033,"North Carolina","Caswell County",1,33,247,146,101
050,37,033,"North Carolina","Caswell County",1,34,237,124,113
050,37,033,"North Carolina","Caswell County",1,35,248,135,113
050,37,033,"North Carolina","Caswell County",1,36,270,152,118
050,37,033,"North Carolina","Caswell County",1,37,240,135,105
050,37,033,"North Carolina","Caswell County",1,38,228,133,95
050,37,033,"North Carolina","Caswell County",1,39,250,149,101
050,37,033,"North Carolina","Caswell County",1,40,237,122,115
050,37,033,"North Carolina","Caswell County",1,41,248,138,110
050,37,033,"North Carolina","Caswell County",1,42,276,162,114
050,37,033,"North Carolina","Caswell County",1,43,269,150,119
050,37,033,"North Carolina","Caswell County",1,44,242,134,108
050,37,033,"North Carolina","Caswell County",1,45,277,164,113
050,37,033,"North Carolina","Caswell County",1,46,278,164,114
050,37,033,"North Carolina","Caswell County",1,47,322,174,148
050,37,033,"North Carolina","Caswell County",1,48,334,185,149
050,37,033,"North Carolina","Caswell County",1,49,336,182,154
050,37,033,"North Carolina","Caswell County",1,50,308,164,144
050,37,033,"North Carolina","Caswell County",1,51,313,165,148
050,37,033,"North Carolina","Caswell County",1,52,301,143,158
050,37,033,"North Carolina","Caswell County",1,53,320,161,159
050,37,033,"North Carolina","Caswell County",1,54,321,162,159
050,37,033,"North Carolina","Caswell County",1,55,347,175,172
050,37,033,"North Carolina","Caswell County",1,56,366,186,180
050,37,033,"North Carolina","Caswell County",1,57,358,179,179
050,37,033,"North Carolina","Caswell County",1,58,352,183,169
050,37,033,"North Carolina","Caswell County",1,59,345,175,170
050,37,033,"North Carolina","Caswell County",1,60,346,192,154
050,37,033,"North Carolina","Caswell County",1,61,343,161,182
050,37,033,"North Carolina","Caswell County",1,62,371,177,194
050,37,033,"North Carolina","Caswell County",1,63,376,169,207
050,37,033,"North Carolina","Caswell County",1,64,353,166,187
050,37,033,"North Carolina","Caswell County",1,65,339,164,175
050,37,033,"North Carolina","Caswell County",1,66,360,168,192
050,37,033,"North Carolina","Caswell County",1,67,357,176,181
050,37,033,"North Carolina","Caswell County",1,68,333,150,183
050,37,033,"North Carolina","Caswell County",1,69,296,136,160
050,37,033,"North Carolina","Caswell County",1,70,297,133,164
050,37,033,"North Carolina","Caswell County",1,71,308,151,157
050,37,033,"North Carolina","Caswell County",1,72,273,136,137
050,37,033,"North Carolina","Caswell County",1,73,270,130,140
050,37,033,"North Carolina","Caswell County",1,74,212,102,110
050,37,033,"North Carolina","Caswell County",1,75,206,104,102
050,37,033,"North Carolina","Caswell County",1,76,200,97,103
050,37,033,"North Carolina","Caswell County",1,77,214,102,112
050,37,033,"North Carolina","Caswell County",1,78,168,84,84
050,37,033,"North Carolina","Caswell County",1,79,126,55,71
050,37,033,"North Carolina","Caswell County",1,80,128,51,77
050,37,033,"North Carolina","Caswell County",1,81,132,45,87
050,37,033,"North Carolina","Caswell County",1,82,114,37,77
050,37,033,"North Carolina","Caswell County",1,83,109,49,60
050,37,033,"North Carolina","Caswell County",1,84,121,42,79
050,37,033,"North Carolina","Caswell County",1,85,489,155,334
050,37,033,"North Carolina","Caswell County",2,0,199,95,104
050,37,033,"North Carolina","Caswell County",2,1,212,100,112
050,37,033,"North Carolina","Caswell County",2,2,219,117,102
050,37,033,"North Carolina","Caswell County",2,3,236,125,111
050,37,033,"North Carolina","Caswell County",2,4,233,116,117
050,37,033,"North Carolina","Caswell County",2,5,215,110,105
050,37,033,"North Carolina","Caswell County",2,6,214,113,101
050,37,033,"North Carolina","Caswell County",2,7,214,106,108
050,37,033,"North Carolina","Caswell County",2,8,218,103,115
050,37,033,"North Carolina","Caswell County",2,9,207,100,107
050,37,033,"North Carolina","Caswell County",2,10,219,108,111
050,37,033,"North Carolina","Caswell County",2,11,240,119,121
050,37,033,"North Carolina","Caswell County",2,12,251,127,124
050,37,033,"North Carolina","Caswell County",2,13,252,129,123
050,37,033,"North Carolina","Caswell County",2,14,264,134,130
050,37,033,"North Carolina","Caswell County",2,15,254,132,122
050,37,033,"North Carolina","Caswell County",2,16,257,130,127
050,37,033,"North Carolina","Caswell County",2,17,259,138,121
050,37,033,"North Carolina","Caswell County",2,18,236,129,107
050,37,033,"North Carolina","Caswell County",2,19,203,117,86
050,37,033,"North Carolina","Caswell County",2,20,205,114,91
050,37,033,"North Carolina","Caswell County",2,21,200,116,84
050,37,033,"North Carolina","Caswell County",2,22,229,130,99
050,37,033,"North Carolina","Caswell County",2,23,254,154,100
050,37,033,"North Carolina","Caswell County",2,24,261,152,109
050,37,033,"North Carolina","Caswell County",2,25,269,155,114
050,37,033,"North Carolina","Caswell County",2,26,286,168,118
050,37,033,"North Carolina","Caswell County",2,27,300,181,119
050,37,033,"North Carolina","Caswell County",2,28,309,187,122
050,37,033,"North Carolina","Caswell County",2,29,287,174,113
050,37,033,"North Carolina","Caswell County",2,30,274,157,117
050,37,033,"North Carolina","Caswell County",2,31,268,150,118
050,37,033,"North Carolina","Caswell County",2,32,261,153,108
050,37,033,"North Carolina","Caswell County",2,33,251,149,102
050,37,033,"North Carolina","Caswell County",2,34,238,129,109
050,37,033,"North Carolina","Caswell County",2,35,247,133,114
050,37,033,"North Carolina","Caswell County",2,36,261,148,113
050,37,033,"North Carolina","Caswell County",2,37,245,138,107
050,37,033,"North Carolina","Caswell County",2,38,229,132,97
050,37,033,"North Carolina","Caswell County",2,39,244,144,100
050,37,033,"North Carolina","Caswell County",2,40,239,126,113
050,37,033,"North Carolina","Caswell County",2,41,248,135,113
050,37,033,"North Carolina","Caswell County",2,42,265,155,110
050,37,033,"North Carolina","Caswell County",2,43,270,154,116
050,37,033,"North Carolina","Caswell County",2,44,242,134,108
050,37,033,"North Carolina","Caswell County",2,45,273,162,111
050,37,033,"North Carolina","Caswell County",2,46,277,163,114
050,37,033,"North Carolina","Caswell County",2,47,310,170,140
050,37,033,"North Carolina","Caswell County",2,48,331,184,147
050,37,033,"North Carolina","Caswell County",2,49,334,179,155
050,37,033,"North Carolina","Caswell County",2,50,316,169,147
050,37,033,"North Carolina","Caswell County",2,51,314,164,150
050,37,033,"North Carolina","Caswell County",2,52,302,146,156
050,37,033,"North Carolina","Caswell County",2,53,318,160,158
050,37,033,"North Carolina","Caswell County",2,54,319,162,157
050,37,033,"North Carolina","Caswell County",2,55,342,172,170
050,37,033,"North Carolina","Caswell County",2,56,362,185,177
050,37,033,"North Carolina","Caswell County",2,57,360,182,178
050,37,033,"North Carolina","Caswell County",2,58,348,179,169
050,37,033,"North Carolina","Caswell County",2,59,350,178,172
050,37,033,"North Carolina","Caswell County",2,60,345,187,158
050,37,033,"North Carolina","Caswell County",2,61,343,168,175
050,37,033,"North Carolina","Caswell County",2,62,363,174,189
050,37,033,"North Carolina","Caswell County",2,63,371,166,205
050,37,033,"North Carolina","Caswell County",2,64,353,164,189
050,37,033,"North Carolina","Caswell County",2,65,346,167,179
050,37,033,"North Carolina","Caswell County",2,66,357,168,189
050,37,033,"North Carolina","Caswell County",2,67,356,174,182
050,37,033,"North Carolina","Caswell County",2,68,337,156,181
050,37,033,"North Carolina","Caswell County",2,69,306,141,165
050,37,033,"North Carolina","Caswell County",2,70,293,132,161
050,37,033,"North Carolina","Caswell County",2,71,304,146,158
050,37,033,"North Carolina","Caswell County",2,72,278,139,139
050,37,033,"North Carolina","Caswell County",2,73,278,136,142
050,37,033,"North Carolina","Caswell County",2,74,212,100,112
050,37,033,"North Carolina","Caswell County",2,75,207,102,105
050,37,033,"North Carolina","Caswell County",2,76,199,97,102
050,37,033,"North Carolina","Caswell County",2,77,215,102,113
050,37,033,"North Carolina","Caswell County",2,78,172,85,87
050,37,033,"North Carolina","Caswell County",2,79,135,62,73
050,37,033,"North Carolina","Caswell County",2,80,122,49,73
050,37,033,"North Carolina","Caswell County",2,81,130,46,84
050,37,033,"North Carolina","Caswell County",2,82,114,38,76
050,37,033,"North Carolina","Caswell County",2,83,108,45,63
050,37,033,"North Carolina","Caswell County",2,84,117,44,73
050,37,033,"North Carolina","Caswell County",2,85,496,160,336
050,37,033,"North Carolina","Caswell County",3,0,185,94,91
050,37,033,"North Carolina","Caswell County",3,1,212,96,116
050,37,033,"North Carolina","Caswell County",3,2,209,95,114
050,37,033,"North Carolina","Caswell County",3,3,228,122,106
050,37,033,"North Carolina","Caswell County",3,4,241,125,116
050,37,033,"North Carolina","Caswell County",3,5,231,117,114
050,37,033,"North Carolina","Caswell County",3,6,229,123,106
050,37,033,"North Carolina","Caswell County",3,7,214,117,97
050,37,033,"North Carolina","Caswell County",3,8,219,104,115
050,37,033,"North Carolina","Caswell County",3,9,220,105,115
050,37,033,"North Carolina","Caswell County",3,10,213,105,108
050,37,033,"North Carolina","Caswell County",3,11,224,110,114
050,37,033,"North Carolina","Caswell County",3,12,239,118,121
050,37,033,"North Carolina","Caswell County",3,13,243,124,119
050,37,033,"North Carolina","Caswell County",3,14,250,128,122
050,37,033,"North Carolina","Caswell County",3,15,260,132,128
050,37,033,"North Carolina","Caswell County",3,16,254,138,116
050,37,033,"North Carolina","Caswell County",3,17,257,125,132
050,37,033,"North Carolina","Caswell County",3,18,219,119,100
050,37,033,"North Carolina","Caswell County",3,19,195,107,88
050,37,033,"North Carolina","Caswell County",3,20,232,131,101
050,37,033,"North Carolina","Caswell County",3,21,228,128,100
050,37,033,"North Carolina","Caswell County",3,22,231,134,97
050,37,033,"North Carolina","Caswell County",3,23,252,152,100
050,37,033,"North Carolina","Caswell County",3,24,242,149,93
050,37,033,"North Carolina","Caswell County",3,25,259,151,108
050,37,033,"North Carolina","Caswell County",3,26,270,153,117
050,37,033,"North Carolina","Caswell County",3,27,296,170,126
050,37,033,"North Carolina","Caswell County",3,28,302,188,114
050,37,033,"North Carolina","Caswell County",3,29,298,183,115
050,37,033,"North Carolina","Caswell County",3,30,290,171,119
050,37,033,"North Carolina","Caswell County",3,31,283,162,121
050,37,033,"North Carolina","Caswell County",3,32,263,148,115
050,37,033,"North Carolina","Caswell County",3,33,255,155,100
050,37,033,"North Carolina","Caswell County",3,34,241,141,100
050,37,033,"North Carolina","Caswell County",3,35,240,127,113
050,37,033,"North Carolina","Caswell County",3,36,258,148,110
050,37,033,"North Carolina","Caswell County",3,37,254,147,107
050,37,033,"North Carolina","Caswell County",3,38,248,142,106
050,37,033,"North Carolina","Caswell County",3,39,237,142,95
050,37,033,"North Carolina","Caswell County",3,40,234,130,104
050,37,033,"North Carolina","Caswell County",3,41,248,136,112
050,37,033,"North Carolina","Caswell County",3,42,251,139,112
050,37,033,"North Carolina","Caswell County",3,43,269,157,112
050,37,033,"North Carolina","Caswell County",3,44,253,140,113
050,37,033,"North Carolina","Caswell County",3,45,260,154,106
050,37,033,"North Carolina","Caswell County",3,46,274,162,112
050,37,033,"North Carolina","Caswell County",3,47,279,158,121
050,37,033,"North Carolina","Caswell County",3,48,318,173,145
050,37,033,"North Carolina","Caswell County",3,49,330,180,150
050,37,033,"North Carolina","Caswell County",3,50,338,185,153
050,37,033,"North Carolina","Caswell County",3,51,319,164,155
050,37,033,"North Carolina","Caswell County",3,52,311,156,155
050,37,033,"North Carolina","Caswell County",3,53,308,151,157
050,37,033,"North Carolina","Caswell County",3,54,319,168,151
050,37,033,"North Carolina","Caswell County",3,55,323,168,155
050,37,033,"North Carolina","Caswell County",3,56,333,165,168
050,37,033,"North Carolina","Caswell County",3,57,363,181,182
050,37,033,"North Carolina","Caswell County",3,58,345,168,177
050,37,033,"North Carolina","Caswell County",3,59,353,180,173
050,37,033,"North Carolina","Caswell County",3,60,342,177,165
050,37,033,"North Carolina","Caswell County",3,61,342,184,158
050,37,033,"North Carolina","Caswell County",3,62,351,170,181
050,37,033,"North Carolina","Caswell County",3,63,353,166,187
050,37,033,"North Carolina","Caswell County",3,64,376,166,210
050,37,033,"North Carolina","Caswell County",3,65,360,169,191
050,37,033,"North Carolina","Caswell County",3,66,346,167,179
050,37,033,"North Carolina","Caswell County",3,67,352,171,181
050,37,033,"North Carolina","Caswell County",3,68,354,171,183
050,37,033,"North Carolina","Caswell County",3,69,329,152,177
050,37,033,"North Carolina","Caswell County",3,70,292,133,159
050,37,033,"North Carolina","Caswell County",3,71,291,129,162
050,37,033,"North Carolina","Caswell County",3,72,297,146,151
050,37,033,"North Carolina","Caswell County",3,73,270,136,134
050,37,033,"North Carolina","Caswell County",3,74,266,128,138
050,37,033,"North Carolina","Caswell County",3,75,199,94,105
050,37,033,"North Carolina","Caswell County",3,76,201,94,107
050,37,033,"North Carolina","Caswell County",3,77,189,94,95
050,37,033,"North Carolina","Caswell County",3,78,199,92,107
050,37,033,"North Carolina","Caswell County",3,79,155,78,77
050,37,033,"North Carolina","Caswell County",3,80,119,55,64
050,37,033,"North Carolina","Caswell County",3,81,116,44,72
050,37,033,"North Carolina","Caswell County",3,82,120,44,76
050,37,033,"North Carolina","Caswell County",3,83,103,30,73
050,37,033,"North Carolina","Caswell County",3,84,95,36,59
050,37,033,"North Carolina","Caswell County",3,85,525,172,353
050,37,033,"North Carolina","Caswell County",4,0,193,95,98
050,37,033,"North Carolina","Caswell County",4,1,183,104,79
050,37,033,"North Carolina","Caswell County",4,2,205,97,108
050,37,033,"North Carolina","Caswell County",4,3,216,102,114
050,37,033,"North Carolina","Caswell County",4,4,222,127,95
050,37,033,"North Carolina","Caswell County",4,5,240,125,115
050,37,033,"North Carolina","Caswell County",4,6,235,122,113
050,37,033,"North Carolina","Caswell County",4,7,239,127,112
050,37,033,"North Carolina","Caswell County",4,8,225,126,99
050,37,033,"North Carolina","Caswell County",4,9,212,99,113
050,37,033,"North Carolina","Caswell County",4,10,222,108,114
050,37,033,"North Carolina","Caswell County",4,11,211,105,106
050,37,033,"North Carolina","Caswell County",4,12,231,112,119
050,37,033,"North Carolina","Caswell County",4,13,256,130,126
050,37,033,"North Carolina","Caswell County",4,14,233,119,114
050,37,033,"North Carolina","Caswell County",4,15,243,128,115
050,37,033,"North Carolina","Caswell County",4,16,260,129,131
050,37,033,"North Carolina","Caswell County",4,17,268,140,128
050,37,033,"North Carolina","Caswell County",4,18,220,114,106
050,37,033,"North Carolina","Caswell County",4,19,185,108,77
050,37,033,"North Carolina","Caswell County",4,20,210,117,93
050,37,033,"North Carolina","Caswell County",4,21,237,133,104
050,37,033,"North Carolina","Caswell County",4,22,253,146,107
050,37,033,"North Carolina","Caswell County",4,23,255,151,104
050,37,033,"North Carolina","Caswell County",4,24,237,142,95
050,37,033,"North Carolina","Caswell County",4,25,240,143,97
050,37,033,"North Carolina","Caswell County",4,26,239,132,107
050,37,033,"North Carolina","Caswell County",4,27,270,161,109
050,37,033,"North Carolina","Caswell County",4,28,299,167,132
050,37,033,"North Carolina","Caswell County",4,29,282,166,116
050,37,033,"North Carolina","Caswell County",4,30,282,159,123
050,37,033,"North Carolina","Caswell County",4,31,289,171,118
050,37,033,"North Carolina","Caswell County",4,32,276,150,126
050,37,033,"North Carolina","Caswell County",4,33,252,145,107
050,37,033,"North Carolina","Caswell County",4,34,239,140,99
050,37,033,"North Carolina","Caswell County",4,35,238,136,102
050,37,033,"North Carolina","Caswell County",4,36,237,130,107
050,37,033,"North Carolina","Caswell County",4,37,262,146,116
050,37,033,"North Carolina","Caswell County",4,38,237,135,102
050,37,033,"North Carolina","Caswell County",4,39,250,136,114
050,37,033,"North Carolina","Caswell County",4,40,233,133,100
050,37,033,"North Carolina","Caswell County",4,41,252,132,120
050,37,033,"North Carolina","Caswell County",4,42,251,140,111
050,37,033,"North Carolina","Caswell County",4,43,247,132,115
050,37,033,"North Carolina","Caswell County",4,44,256,147,109
050,37,033,"North Carolina","Caswell County",4,45,272,159,113
050,37,033,"North Carolina","Caswell County",4,46,258,156,102
050,37,033,"North Carolina","Caswell County",4,47,265,153,112
050,37,033,"North Carolina","Caswell County",4,48,277,163,114
050,37,033,"North Carolina","Caswell County",4,49,298,161,137
050,37,033,"North Carolina","Caswell County",4,50,331,180,151
050,37,033,"North Carolina","Caswell County",4,51,335,176,159
050,37,033,"North Carolina","Caswell County",4,52,315,158,157
050,37,033,"North Carolina","Caswell County",4,53,319,160,159
050,37,033,"North Carolina","Caswell County",4,54,306,151,155
050,37,033,"North Carolina","Caswell County",4,55,318,168,150
050,37,033,"North Carolina","Caswell County",4,56,316,161,155
050,37,033,"North Carolina","Caswell County",4,57,322,155,167
050,37,033,"North Carolina","Caswell County",4,58,342,166,176
050,37,033,"North Carolina","Caswell County",4,59,346,167,179
050,37,033,"North Carolina","Caswell County",4,60,345,176,169
050,37,033,"North Carolina","Caswell County",4,61,346,181,165
050,37,033,"North Carolina","Caswell County",4,62,334,182,152
050,37,033,"North Carolina","Caswell County",4,63,338,159,179
050,37,033,"North Carolina","Caswell County",4,64,357,169,188
050,37,033,"North Carolina","Caswell County",4,65,375,170,205
050,37,033,"North Carolina","Caswell County",4,66,364,173,191
050,37,033,"North Carolina","Caswell County",4,67,338,163,175
050,37,033,"North Carolina","Caswell County",4,68,351,167,184
050,37,033,"North Carolina","Caswell County",4,69,341,166,175
050,37,033,"North Carolina","Caswell County",4,70,320,145,175
050,37,033,"North Carolina","Caswell County",4,71,282,126,156
050,37,033,"North Carolina","Caswell County",4,72,283,125,158
050,37,033,"North Carolina","Caswell County",4,73,290,143,147
050,37,033,"North Carolina","Caswell County",4,74,262,133,129
050,37,033,"North Carolina","Caswell County",4,75,254,120,134
050,37,033,"North Carolina","Caswell County",4,76,190,91,99
050,37,033,"North Carolina","Caswell County",4,77,190,90,100
050,37,033,"North Carolina","Caswell County",4,78,168,80,88
050,37,033,"North Carolina","Caswell County",4,79,186,87,99
050,37,033,"North Carolina","Caswell County",4,80,136,72,64
050,37,033,"North Carolina","Caswell County",4,81,116,51,65
050,37,033,"North Carolina","Caswell County",4,82,109,44,65
050,37,033,"North Carolina","Caswell County",4,83,110,38,72
050,37,033,"North Carolina","Caswell County",4,84,97,24,73
050,37,033,"North Carolina","Caswell County",4,85,507,168,339
050,37,033,"North Carolina","Caswell County",5,0,192,98,94
050,37,033,"North Carolina","Caswell County",5,1,206,100,106
050,37,033,"North Carolina","Caswell County",5,2,225,125,100
050,37,033,"North Carolina","Caswell County",5,3,222,101,121
050,37,033,"North Carolina","Caswell County",5,4,225,102,123
050,37,033,"North Carolina","Caswell County",5,5,227,137,90
050,37,033,"North Carolina","Caswell County",5,6,255,129,126
050,37,033,"North Carolina","Caswell County",5,7,260,138,122
050,37,033,"North Carolina","Caswell County",5,8,238,129,109
050,37,033,"North Carolina","Caswell County",5,9,244,141,103
050,37,033,"North Carolina","Caswell County",5,10,237,115,122
050,37,033,"North Carolina","Caswell County",5,11,225,108,117
050,37,033,"North Carolina","Caswell County",5,12,227,112,115
050,37,033,"North Carolina","Caswell County",5,13,235,112,123
050,37,033,"North Carolina","Caswell County",5,14,261,131,130
050,37,033,"North Carolina","Caswell County",5,15,247,128,119
050,37,033,"North Carolina","Caswell County",5,16,247,130,117
050,37,033,"North Carolina","Caswell County",5,17,265,134,131
050,37,033,"North Carolina","Caswell County",5,18,231,126,105
050,37,033,"North Carolina","Caswell County",5,19,191,101,90
050,37,033,"North Carolina","Caswell County",5,20,202,123,79
050,37,033,"North Carolina","Caswell County",5,21,227,128,99
050,37,033,"North Carolina","Caswell County",5,22,267,147,120
050,37,033,"North Carolina","Caswell County",5,23,280,167,113
050,37,033,"North Carolina","Caswell County",5,24,267,152,115
050,37,033,"North Carolina","Caswell County",5,25,240,139,101
050,37,033,"North Carolina","Caswell County",5,26,251,143,108
050,37,033,"North Carolina","Caswell County",5,27,247,141,106
050,37,033,"North Carolina","Caswell County",5,28,278,164,114
050,37,033,"North Carolina","Caswell County",5,29,319,167,152
050,37,033,"North Carolina","Caswell County",5,30,275,162,113
050,37,033,"North Carolina","Caswell County",5,31,298,172,126
050,37,033,"North Carolina","Caswell County",5,32,288,162,126
050,37,033,"North Carolina","Caswell County",5,33,293,163,130
050,37,033,"North Carolina","Caswell County",5,34,258,147,111
050,37,033,"North Carolina","Caswell County",5,35,239,137,102
050,37,033,"North Carolina","Caswell County",5,36,269,157,112
050,37,033,"North Carolina","Caswell County",5,37,241,130,111
050,37,033,"North Carolina","Caswell County",5,38,267,151,116
050,37,033,"North Carolina","Caswell County",5,39,254,143,111
050,37,033,"North Carolina","Caswell County",5,40,254,128,126
050,37,033,"North Carolina","Caswell County",5,41,254,140,114
050,37,033,"North Carolina","Caswell County",5,42,264,139,125
050,37,033,"North Carolina","Caswell County",5,43,247,138,109
050,37,033,"North Carolina","Caswell County",5,44,234,121,113
050,37,033,"North Carolina","Caswell County",5,45,271,161,110
050,37,033,"North Carolina","Caswell County",5,46,279,165,114
050,37,033,"North Carolina","Caswell County",5,47,263,157,106
050,37,033,"North Carolina","Caswell County",5,48,275,159,116
050,37,033,"North Carolina","Caswell County",5,49,262,150,112
050,37,033,"North Carolina","Caswell County",5,50,314,166,148
050,37,033,"North Carolina","Caswell County",5,51,326,172,154
050,37,033,"North Carolina","Caswell County",5,52,327,165,162
050,37,033,"North Carolina","Caswell County",5,53,326,165,161
050,37,033,"North Carolina","Caswell County",5,54,316,163,153
050,37,033,"North Carolina","Caswell County",5,55,308,150,158
050,37,033,"North Carolina","Caswell County",5,56,311,159,152
050,37,033,"North Carolina","Caswell County",5,57,334,169,165
050,37,033,"North Carolina","Caswell County",5,58,318,151,167
050,37,033,"North Carolina","Caswell County",5,59,354,172,182
050,37,033,"North Carolina","Caswell County",5,60,338,166,172
050,37,033,"North Carolina","Caswell County",5,61,344,173,171
050,37,033,"North Carolina","Caswell County",5,62,351,181,170
050,37,033,"North Carolina","Caswell County",5,63,322,175,147
050,37,033,"North Carolina","Caswell County",5,64,339,157,182
050,37,033,"North Carolina","Caswell County",5,65,363,168,195
050,37,033,"North Carolina","Caswell County",5,66,380,169,211
050,37,033,"North Carolina","Caswell County",5,67,354,168,186
050,37,033,"North Carolina","Caswell County",5,68,336,160,176
050,37,033,"North Carolina","Caswell County",5,69,339,161,178
050,37,033,"North Carolina","Caswell County",5,70,335,160,175
050,37,033,"North Carolina","Caswell County",5,71,311,138,173
050,37,033,"North Carolina","Caswell County",5,72,269,118,151
050,37,033,"North Carolina","Caswell County",5,73,274,119,155
050,37,033,"North Carolina","Caswell County",5,74,275,134,141
050,37,033,"North Carolina","Caswell County",5,75,250,129,121
050,37,033,"North Carolina","Caswell County",5,76,249,119,130
050,37,033,"North Carolina","Caswell County",5,77,182,87,95
050,37,033,"North Carolina","Caswell County",5,78,177,83,94
050,37,033,"North Carolina","Caswell County",5,79,153,74,79
050,37,033,"North Carolina","Caswell County",5,80,165,80,85
050,37,033,"North Carolina","Caswell County",5,81,127,64,63
050,37,033,"North Carolina","Caswell County",5,82,111,49,62
050,37,033,"North Carolina","Caswell County",5,83,100,38,62
050,37,033,"North Carolina","Caswell County",5,84,102,31,71
050,37,033,"North Carolina","Caswell County",5,85,504,161,343
050,37,035,"North Carolina","Catawba County",1,0,1680,855,825
050,37,035,"North Carolina","Catawba County",1,1,1726,868,858
050,37,035,"North Carolina","Catawba County",1,2,1751,922,829
050,37,035,"North Carolina","Catawba County",1,3,1826,958,868
050,37,035,"North Carolina","Catawba County",1,4,1873,942,931
050,37,035,"North Carolina","Catawba County",1,5,1886,951,935
050,37,035,"North Carolina","Catawba County",1,6,1889,962,927
050,37,035,"North Carolina","Catawba County",1,7,1910,986,924
050,37,035,"North Carolina","Catawba County",1,8,1988,994,994
050,37,035,"North Carolina","Catawba County",1,9,1958,991,967
050,37,035,"North Carolina","Catawba County",1,10,2016,1037,979
050,37,035,"North Carolina","Catawba County",1,11,2113,1115,998
050,37,035,"North Carolina","Catawba County",1,12,2207,1106,1101
050,37,035,"North Carolina","Catawba County",1,13,2209,1100,1109
050,37,035,"North Carolina","Catawba County",1,14,2123,1110,1013
050,37,035,"North Carolina","Catawba County",1,15,2161,1133,1028
050,37,035,"North Carolina","Catawba County",1,16,2116,1084,1032
050,37,035,"North Carolina","Catawba County",1,17,2165,1110,1055
050,37,035,"North Carolina","Catawba County",1,18,2078,1065,1013
050,37,035,"North Carolina","Catawba County",1,19,1880,964,916
050,37,035,"North Carolina","Catawba County",1,20,1897,972,925
050,37,035,"North Carolina","Catawba County",1,21,1889,947,942
050,37,035,"North Carolina","Catawba County",1,22,1827,921,906
050,37,035,"North Carolina","Catawba County",1,23,1835,923,912
050,37,035,"North Carolina","Catawba County",1,24,1905,989,916
050,37,035,"North Carolina","Catawba County",1,25,1969,983,986
050,37,035,"North Carolina","Catawba County",1,26,1957,967,990
050,37,035,"North Carolina","Catawba County",1,27,1967,983,984
050,37,035,"North Carolina","Catawba County",1,28,2038,1037,1001
050,37,035,"North Carolina","Catawba County",1,29,2013,1022,991
050,37,035,"North Carolina","Catawba County",1,30,1974,952,1022
050,37,035,"North Carolina","Catawba County",1,31,1870,895,975
050,37,035,"North Carolina","Catawba County",1,32,1800,891,909
050,37,035,"North Carolina","Catawba County",1,33,1832,907,925
050,37,035,"North Carolina","Catawba County",1,34,1884,924,960
050,37,035,"North Carolina","Catawba County",1,35,1827,913,914
050,37,035,"North Carolina","Catawba County",1,36,1689,852,837
050,37,035,"North Carolina","Catawba County",1,37,1866,922,944
050,37,035,"North Carolina","Catawba County",1,38,1861,930,931
050,37,035,"North Carolina","Catawba County",1,39,1921,960,961
050,37,035,"North Carolina","Catawba County",1,40,1852,910,942
050,37,035,"North Carolina","Catawba County",1,41,1877,948,929
050,37,035,"North Carolina","Catawba County",1,42,1960,984,976
050,37,035,"North Carolina","Catawba County",1,43,1882,954,928
050,37,035,"North Carolina","Catawba County",1,44,1869,941,928
050,37,035,"North Carolina","Catawba County",1,45,1982,985,997
050,37,035,"North Carolina","Catawba County",1,46,1989,988,1001
050,37,035,"North Carolina","Catawba County",1,47,2114,1037,1077
050,37,035,"North Carolina","Catawba County",1,48,2302,1117,1185
050,37,035,"North Carolina","Catawba County",1,49,2360,1161,1199
050,37,035,"North Carolina","Catawba County",1,50,2302,1141,1161
050,37,035,"North Carolina","Catawba County",1,51,2241,1099,1142
050,37,035,"North Carolina","Catawba County",1,52,2218,1131,1087
050,37,035,"North Carolina","Catawba County",1,53,2273,1164,1109
050,37,035,"North Carolina","Catawba County",1,54,2295,1152,1143
050,37,035,"North Carolina","Catawba County",1,55,2326,1176,1150
050,37,035,"North Carolina","Catawba County",1,56,2342,1152,1190
050,37,035,"North Carolina","Catawba County",1,57,2359,1195,1164
050,37,035,"North Carolina","Catawba County",1,58,2425,1254,1171
050,37,035,"North Carolina","Catawba County",1,59,2310,1156,1154
050,37,035,"North Carolina","Catawba County",1,60,2284,1108,1176
050,37,035,"North Carolina","Catawba County",1,61,2247,1106,1141
050,37,035,"North Carolina","Catawba County",1,62,2167,1062,1105
050,37,035,"North Carolina","Catawba County",1,63,2120,1049,1071
050,37,035,"North Carolina","Catawba County",1,64,2112,1008,1104
050,37,035,"North Carolina","Catawba County",1,65,2026,968,1058
050,37,035,"North Carolina","Catawba County",1,66,1910,926,984
050,37,035,"North Carolina","Catawba County",1,67,1866,886,980
050,37,035,"North Carolina","Catawba County",1,68,1840,870,970
050,37,035,"North Carolina","Catawba County",1,69,1721,774,947
050,37,035,"North Carolina","Catawba County",1,70,1694,778,916
050,37,035,"North Carolina","Catawba County",1,71,1673,790,883
050,37,035,"North Carolina","Catawba County",1,72,1700,764,936
050,37,035,"North Carolina","Catawba County",1,73,1778,813,965
050,37,035,"North Carolina","Catawba County",1,74,1249,588,661
050,37,035,"North Carolina","Catawba County",1,75,1173,550,623
050,37,035,"North Carolina","Catawba County",1,76,1205,546,659
050,37,035,"North Carolina","Catawba County",1,77,1194,544,650
050,37,035,"North Carolina","Catawba County",1,78,976,425,551
050,37,035,"North Carolina","Catawba County",1,79,883,368,515
050,37,035,"North Carolina","Catawba County",1,80,805,322,483
050,37,035,"North Carolina","Catawba County",1,81,725,318,407
050,37,035,"North Carolina","Catawba County",1,82,628,268,360
050,37,035,"North Carolina","Catawba County",1,83,538,227,311
050,37,035,"North Carolina","Catawba County",1,84,522,203,319
050,37,035,"North Carolina","Catawba County",1,85,2907,936,1971
050,37,035,"North Carolina","Catawba County",2,0,1699,866,833
050,37,035,"North Carolina","Catawba County",2,1,1722,870,852
050,37,035,"North Carolina","Catawba County",2,2,1753,918,835
050,37,035,"North Carolina","Catawba County",2,3,1811,954,857
050,37,035,"North Carolina","Catawba County",2,4,1865,950,915
050,37,035,"North Carolina","Catawba County",2,5,1896,958,938
050,37,035,"North Carolina","Catawba County",2,6,1904,971,933
050,37,035,"North Carolina","Catawba County",2,7,1912,986,926
050,37,035,"North Carolina","Catawba County",2,8,1973,992,981
050,37,035,"North Carolina","Catawba County",2,9,1968,994,974
050,37,035,"North Carolina","Catawba County",2,10,2006,1031,975
050,37,035,"North Carolina","Catawba County",2,11,2087,1095,992
050,37,035,"North Carolina","Catawba County",2,12,2198,1113,1085
050,37,035,"North Carolina","Catawba County",2,13,2208,1104,1104
050,37,035,"North Carolina","Catawba County",2,14,2154,1114,1040
050,37,035,"North Carolina","Catawba County",2,15,2151,1127,1024
050,37,035,"North Carolina","Catawba County",2,16,2131,1098,1033
050,37,035,"North Carolina","Catawba County",2,17,2161,1105,1056
050,37,035,"North Carolina","Catawba County",2,18,2054,1051,1003
050,37,035,"North Carolina","Catawba County",2,19,1898,967,931
050,37,035,"North Carolina","Catawba County",2,20,1920,986,934
050,37,035,"North Carolina","Catawba County",2,21,1895,955,940
050,37,035,"North Carolina","Catawba County",2,22,1853,926,927
050,37,035,"North Carolina","Catawba County",2,23,1839,928,911
050,37,035,"North Carolina","Catawba County",2,24,1890,975,915
050,37,035,"North Carolina","Catawba County",2,25,1960,990,970
050,37,035,"North Carolina","Catawba County",2,26,1965,973,992
050,37,035,"North Carolina","Catawba County",2,27,1959,979,980
050,37,035,"North Carolina","Catawba County",2,28,2021,1026,995
050,37,035,"North Carolina","Catawba County",2,29,2029,1028,1001
050,37,035,"North Carolina","Catawba County",2,30,2001,972,1029
050,37,035,"North Carolina","Catawba County",2,31,1896,909,987
050,37,035,"North Carolina","Catawba County",2,32,1825,898,927
050,37,035,"North Carolina","Catawba County",2,33,1837,912,925
050,37,035,"North Carolina","Catawba County",2,34,1879,921,958
050,37,035,"North Carolina","Catawba County",2,35,1850,923,927
050,37,035,"North Carolina","Catawba County",2,36,1717,865,852
050,37,035,"North Carolina","Catawba County",2,37,1833,908,925
050,37,035,"North Carolina","Catawba County",2,38,1880,937,943
050,37,035,"North Carolina","Catawba County",2,39,1904,954,950
050,37,035,"North Carolina","Catawba County",2,40,1881,924,957
050,37,035,"North Carolina","Catawba County",2,41,1874,939,935
050,37,035,"North Carolina","Catawba County",2,42,1943,979,964
050,37,035,"North Carolina","Catawba County",2,43,1914,966,948
050,37,035,"North Carolina","Catawba County",2,44,1857,936,921
050,37,035,"North Carolina","Catawba County",2,45,1964,979,985
050,37,035,"North Carolina","Catawba County",2,46,1985,988,997
050,37,035,"North Carolina","Catawba County",2,47,2077,1021,1056
050,37,035,"North Carolina","Catawba County",2,48,2259,1099,1160
050,37,035,"North Carolina","Catawba County",2,49,2351,1152,1199
050,37,035,"North Carolina","Catawba County",2,50,2319,1146,1173
050,37,035,"North Carolina","Catawba County",2,51,2253,1109,1144
050,37,035,"North Carolina","Catawba County",2,52,2222,1120,1102
050,37,035,"North Carolina","Catawba County",2,53,2266,1161,1105
050,37,035,"North Carolina","Catawba County",2,54,2282,1149,1133
050,37,035,"North Carolina","Catawba County",2,55,2314,1166,1148
050,37,035,"North Carolina","Catawba County",2,56,2344,1161,1183
050,37,035,"North Carolina","Catawba County",2,57,2365,1185,1180
050,37,035,"North Carolina","Catawba County",2,58,2401,1234,1167
050,37,035,"North Carolina","Catawba County",2,59,2336,1178,1158
050,37,035,"North Carolina","Catawba County",2,60,2286,1119,1167
050,37,035,"North Carolina","Catawba County",2,61,2251,1102,1149
050,37,035,"North Carolina","Catawba County",2,62,2185,1072,1113
050,37,035,"North Carolina","Catawba County",2,63,2144,1059,1085
050,37,035,"North Carolina","Catawba County",2,64,2096,1010,1086
050,37,035,"North Carolina","Catawba County",2,65,2043,975,1068
050,37,035,"North Carolina","Catawba County",2,66,1941,939,1002
050,37,035,"North Carolina","Catawba County",2,67,1866,888,978
050,37,035,"North Carolina","Catawba County",2,68,1826,866,960
050,37,035,"North Carolina","Catawba County",2,69,1744,792,952
050,37,035,"North Carolina","Catawba County",2,70,1686,768,918
050,37,035,"North Carolina","Catawba County",2,71,1676,784,892
050,37,035,"North Carolina","Catawba County",2,72,1657,756,901
050,37,035,"North Carolina","Catawba County",2,73,1840,839,1001
050,37,035,"North Carolina","Catawba County",2,74,1289,600,689
050,37,035,"North Carolina","Catawba County",2,75,1191,556,635
050,37,035,"North Carolina","Catawba County",2,76,1180,538,642
050,37,035,"North Carolina","Catawba County",2,77,1214,552,662
050,37,035,"North Carolina","Catawba County",2,78,998,439,559
050,37,035,"North Carolina","Catawba County",2,79,892,372,520
050,37,035,"North Carolina","Catawba County",2,80,816,328,488
050,37,035,"North Carolina","Catawba County",2,81,727,315,412
050,37,035,"North Carolina","Catawba County",2,82,640,275,365
050,37,035,"North Carolina","Catawba County",2,83,546,228,318
050,37,035,"North Carolina","Catawba County",2,84,516,207,309
050,37,035,"North Carolina","Catawba County",2,85,2927,946,1981
050,37,035,"North Carolina","Catawba County",3,0,1600,772,828
050,37,035,"North Carolina","Catawba County",3,1,1714,859,855
050,37,035,"North Carolina","Catawba County",3,2,1770,900,870
050,37,035,"North Carolina","Catawba County",3,3,1796,925,871
050,37,035,"North Carolina","Catawba County",3,4,1834,951,883
050,37,035,"North Carolina","Catawba County",3,5,1932,1000,932
050,37,035,"North Carolina","Catawba County",3,6,1911,962,949
050,37,035,"North Carolina","Catawba County",3,7,1897,968,929
050,37,035,"North Carolina","Catawba County",3,8,1912,988,924
050,37,035,"North Carolina","Catawba County",3,9,1991,989,1002
050,37,035,"North Carolina","Catawba County",3,10,1967,988,979
050,37,035,"North Carolina","Catawba County",3,11,2007,1011,996
050,37,035,"North Carolina","Catawba County",3,12,2114,1100,1014
050,37,035,"North Carolina","Catawba County",3,13,2221,1112,1109
050,37,035,"North Carolina","Catawba County",3,14,2218,1104,1114
050,37,035,"North Carolina","Catawba County",3,15,2168,1121,1047
050,37,035,"North Carolina","Catawba County",3,16,2165,1130,1035
050,37,035,"North Carolina","Catawba County",3,17,2168,1129,1039
050,37,035,"North Carolina","Catawba County",3,18,1992,1032,960
050,37,035,"North Carolina","Catawba County",3,19,1867,940,927
050,37,035,"North Carolina","Catawba County",3,20,1931,976,955
050,37,035,"North Carolina","Catawba County",3,21,1977,1030,947
050,37,035,"North Carolina","Catawba County",3,22,1929,959,970
050,37,035,"North Carolina","Catawba County",3,23,1889,949,940
050,37,035,"North Carolina","Catawba County",3,24,1924,976,948
050,37,035,"North Carolina","Catawba County",3,25,1915,992,923
050,37,035,"North Carolina","Catawba County",3,26,1953,989,964
050,37,035,"North Carolina","Catawba County",3,27,1997,1006,991
050,37,035,"North Carolina","Catawba County",3,28,2006,1010,996
050,37,035,"North Carolina","Catawba County",3,29,2023,1034,989
050,37,035,"North Carolina","Catawba County",3,30,2043,1016,1027
050,37,035,"North Carolina","Catawba County",3,31,2026,994,1032
050,37,035,"North Carolina","Catawba County",3,32,1898,901,997
050,37,035,"North Carolina","Catawba County",3,33,1868,933,935
050,37,035,"North Carolina","Catawba County",3,34,1844,908,936
050,37,035,"North Carolina","Catawba County",3,35,1924,945,979
050,37,035,"North Carolina","Catawba County",3,36,1866,936,930
050,37,035,"North Carolina","Catawba County",3,37,1735,884,851
050,37,035,"North Carolina","Catawba County",3,38,1852,926,926
050,37,035,"North Carolina","Catawba County",3,39,1895,964,931
050,37,035,"North Carolina","Catawba County",3,40,1903,927,976
050,37,035,"North Carolina","Catawba County",3,41,1905,928,977
050,37,035,"North Carolina","Catawba County",3,42,1914,959,955
050,37,035,"North Carolina","Catawba County",3,43,1956,979,977
050,37,035,"North Carolina","Catawba County",3,44,1926,965,961
050,37,035,"North Carolina","Catawba County",3,45,1868,944,924
050,37,035,"North Carolina","Catawba County",3,46,2004,1000,1004
050,37,035,"North Carolina","Catawba County",3,47,2004,1003,1001
050,37,035,"North Carolina","Catawba County",3,48,2106,1041,1065
050,37,035,"North Carolina","Catawba County",3,49,2262,1113,1149
050,37,035,"North Carolina","Catawba County",3,50,2365,1159,1206
050,37,035,"North Carolina","Catawba County",3,51,2333,1148,1185
050,37,035,"North Carolina","Catawba County",3,52,2267,1111,1156
050,37,035,"North Carolina","Catawba County",3,53,2217,1130,1087
050,37,035,"North Carolina","Catawba County",3,54,2281,1163,1118
050,37,035,"North Carolina","Catawba County",3,55,2272,1136,1136
050,37,035,"North Carolina","Catawba County",3,56,2316,1165,1151
050,37,035,"North Carolina","Catawba County",3,57,2352,1154,1198
050,37,035,"North Carolina","Catawba County",3,58,2362,1183,1179
050,37,035,"North Carolina","Catawba County",3,59,2406,1246,1160
050,37,035,"North Carolina","Catawba County",3,60,2335,1184,1151
050,37,035,"North Carolina","Catawba County",3,61,2281,1122,1159
050,37,035,"North Carolina","Catawba County",3,62,2257,1090,1167
050,37,035,"North Carolina","Catawba County",3,63,2149,1052,1097
050,37,035,"North Carolina","Catawba County",3,64,2157,1061,1096
050,37,035,"North Carolina","Catawba County",3,65,2063,992,1071
050,37,035,"North Carolina","Catawba County",3,66,2021,980,1041
050,37,035,"North Carolina","Catawba County",3,67,1910,908,1002
050,37,035,"North Carolina","Catawba County",3,68,1859,901,958
050,37,035,"North Carolina","Catawba County",3,69,1794,836,958
050,37,035,"North Carolina","Catawba County",3,70,1709,792,917
050,37,035,"North Carolina","Catawba County",3,71,1659,756,903
050,37,035,"North Carolina","Catawba County",3,72,1618,743,875
050,37,035,"North Carolina","Catawba County",3,73,1611,723,888
050,37,035,"North Carolina","Catawba County",3,74,1765,800,965
050,37,035,"North Carolina","Catawba County",3,75,1206,546,660
050,37,035,"North Carolina","Catawba County",3,76,1160,539,621
050,37,035,"North Carolina","Catawba County",3,77,1112,506,606
050,37,035,"North Carolina","Catawba County",3,78,1124,513,611
050,37,035,"North Carolina","Catawba County",3,79,948,406,542
050,37,035,"North Carolina","Catawba County",3,80,835,343,492
050,37,035,"North Carolina","Catawba County",3,81,726,300,426
050,37,035,"North Carolina","Catawba County",3,82,663,287,376
050,37,035,"North Carolina","Catawba County",3,83,580,231,349
050,37,035,"North Carolina","Catawba County",3,84,494,201,293
050,37,035,"North Carolina","Catawba County",3,85,2881,937,1944
050,37,035,"North Carolina","Catawba County",4,0,1676,843,833
050,37,035,"North Carolina","Catawba County",4,1,1614,798,816
050,37,035,"North Carolina","Catawba County",4,2,1751,884,867
050,37,035,"North Carolina","Catawba County",4,3,1784,911,873
050,37,035,"North Carolina","Catawba County",4,4,1817,941,876
050,37,035,"North Carolina","Catawba County",4,5,1853,952,901
050,37,035,"North Carolina","Catawba County",4,6,1940,991,949
050,37,035,"North Carolina","Catawba County",4,7,1947,967,980
050,37,035,"North Carolina","Catawba County",4,8,1975,1006,969
050,37,035,"North Carolina","Catawba County",4,9,1961,1004,957
050,37,035,"North Carolina","Catawba County",4,10,2041,1004,1037
050,37,035,"North Carolina","Catawba County",4,11,2023,1014,1009
050,37,035,"North Carolina","Catawba County",4,12,2038,1036,1002
050,37,035,"North Carolina","Catawba County",4,13,2142,1103,1039
050,37,035,"North Carolina","Catawba County",4,14,2237,1132,1105
050,37,035,"North Carolina","Catawba County",4,15,2259,1140,1119
050,37,035,"North Carolina","Catawba County",4,16,2180,1107,1073
050,37,035,"North Carolina","Catawba County",4,17,2190,1157,1033
050,37,035,"North Carolina","Catawba County",4,18,2002,1053,949
050,37,035,"North Carolina","Catawba County",4,19,1801,915,886
050,37,035,"North Carolina","Catawba County",4,20,1872,942,930
050,37,035,"North Carolina","Catawba County",4,21,1999,1004,995
050,37,035,"North Carolina","Catawba County",4,22,2073,1062,1011
050,37,035,"North Carolina","Catawba County",4,23,2026,1011,1015
050,37,035,"North Carolina","Catawba County",4,24,1943,978,965
050,37,035,"North Carolina","Catawba County",4,25,1941,994,947
050,37,035,"North Carolina","Catawba County",4,26,1925,987,938
050,37,035,"North Carolina","Catawba County",4,27,1996,1034,962
050,37,035,"North Carolina","Catawba County",4,28,2047,1022,1025
050,37,035,"North Carolina","Catawba County",4,29,2024,1050,974
050,37,035,"North Carolina","Catawba County",4,30,2057,1045,1012
050,37,035,"North Carolina","Catawba County",4,31,2052,1017,1035
050,37,035,"North Carolina","Catawba County",4,32,2087,1030,1057
050,37,035,"North Carolina","Catawba County",4,33,1967,953,1014
050,37,035,"North Carolina","Catawba County",4,34,1855,927,928
050,37,035,"North Carolina","Catawba County",4,35,1894,929,965
050,37,035,"North Carolina","Catawba County",4,36,1954,943,1011
050,37,035,"North Carolina","Catawba County",4,37,1894,940,954
050,37,035,"North Carolina","Catawba County",4,38,1784,911,873
050,37,035,"North Carolina","Catawba County",4,39,1895,959,936
050,37,035,"North Carolina","Catawba County",4,40,1902,943,959
050,37,035,"North Carolina","Catawba County",4,41,1936,944,992
050,37,035,"North Carolina","Catawba County",4,42,1968,965,1003
050,37,035,"North Carolina","Catawba County",4,43,1908,955,953
050,37,035,"North Carolina","Catawba County",4,44,1981,978,1003
050,37,035,"North Carolina","Catawba County",4,45,1934,973,961
050,37,035,"North Carolina","Catawba County",4,46,1880,938,942
050,37,035,"North Carolina","Catawba County",4,47,2022,1022,1000
050,37,035,"North Carolina","Catawba County",4,48,2027,1007,1020
050,37,035,"North Carolina","Catawba County",4,49,2115,1043,1072
050,37,035,"North Carolina","Catawba County",4,50,2252,1103,1149
050,37,035,"North Carolina","Catawba County",4,51,2372,1170,1202
050,37,035,"North Carolina","Catawba County",4,52,2347,1150,1197
050,37,035,"North Carolina","Catawba County",4,53,2251,1106,1145
050,37,035,"North Carolina","Catawba County",4,54,2239,1126,1113
050,37,035,"North Carolina","Catawba County",4,55,2312,1178,1134
050,37,035,"North Carolina","Catawba County",4,56,2282,1146,1136
050,37,035,"North Carolina","Catawba County",4,57,2334,1167,1167
050,37,035,"North Carolina","Catawba County",4,58,2351,1141,1210
050,37,035,"North Carolina","Catawba County",4,59,2367,1183,1184
050,37,035,"North Carolina","Catawba County",4,60,2370,1234,1136
050,37,035,"North Carolina","Catawba County",4,61,2322,1158,1164
050,37,035,"North Carolina","Catawba County",4,62,2277,1116,1161
050,37,035,"North Carolina","Catawba County",4,63,2220,1057,1163
050,37,035,"North Carolina","Catawba County",4,64,2138,1052,1086
050,37,035,"North Carolina","Catawba County",4,65,2128,1034,1094
050,37,035,"North Carolina","Catawba County",4,66,2060,985,1075
050,37,035,"North Carolina","Catawba County",4,67,1991,947,1044
050,37,035,"North Carolina","Catawba County",4,68,1890,912,978
050,37,035,"North Carolina","Catawba County",4,69,1805,858,947
050,37,035,"North Carolina","Catawba County",4,70,1768,820,948
050,37,035,"North Carolina","Catawba County",4,71,1681,786,895
050,37,035,"North Carolina","Catawba County",4,72,1607,713,894
050,37,035,"North Carolina","Catawba County",4,73,1591,722,869
050,37,035,"North Carolina","Catawba County",4,74,1555,696,859
050,37,035,"North Carolina","Catawba County",4,75,1708,753,955
050,37,035,"North Carolina","Catawba County",4,76,1194,540,654
050,37,035,"North Carolina","Catawba County",4,77,1109,512,597
050,37,035,"North Carolina","Catawba County",4,78,1056,493,563
050,37,035,"North Carolina","Catawba County",4,79,1067,481,586
050,37,035,"North Carolina","Catawba County",4,80,907,385,522
050,37,035,"North Carolina","Catawba County",4,81,762,310,452
050,37,035,"North Carolina","Catawba County",4,82,677,280,397
050,37,035,"North Carolina","Catawba County",4,83,594,240,354
050,37,035,"North Carolina","Catawba County",4,84,540,215,325
050,37,035,"North Carolina","Catawba County",4,85,2854,949,1905
050,37,035,"North Carolina","Catawba County",5,0,1660,836,824
050,37,035,"North Carolina","Catawba County",5,1,1721,867,854
050,37,035,"North Carolina","Catawba County",5,2,1635,808,827
050,37,035,"North Carolina","Catawba County",5,3,1801,917,884
050,37,035,"North Carolina","Catawba County",5,4,1839,931,908
050,37,035,"North Carolina","Catawba County",5,5,1849,957,892
050,37,035,"North Carolina","Catawba County",5,6,1873,960,913
050,37,035,"North Carolina","Catawba County",5,7,1957,1005,952
050,37,035,"North Carolina","Catawba County",5,8,1990,979,1011
050,37,035,"North Carolina","Catawba County",5,9,1992,1009,983
050,37,035,"North Carolina","Catawba County",5,10,1983,1019,964
050,37,035,"North Carolina","Catawba County",5,11,2043,1002,1041
050,37,035,"North Carolina","Catawba County",5,12,2006,1007,999
050,37,035,"North Carolina","Catawba County",5,13,2055,1045,1010
050,37,035,"North Carolina","Catawba County",5,14,2136,1098,1038
050,37,035,"North Carolina","Catawba County",5,15,2243,1135,1108
050,37,035,"North Carolina","Catawba County",5,16,2277,1134,1143
050,37,035,"North Carolina","Catawba County",5,17,2187,1118,1069
050,37,035,"North Carolina","Catawba County",5,18,1995,1067,928
050,37,035,"North Carolina","Catawba County",5,19,1818,942,876
050,37,035,"North Carolina","Catawba County",5,20,1885,956,929
050,37,035,"North Carolina","Catawba County",5,21,1982,1001,981
050,37,035,"North Carolina","Catawba County",5,22,2089,1062,1027
050,37,035,"North Carolina","Catawba County",5,23,2165,1101,1064
050,37,035,"North Carolina","Catawba County",5,24,2079,1048,1031
050,37,035,"North Carolina","Catawba County",5,25,2000,1027,973
050,37,035,"North Carolina","Catawba County",5,26,2013,1020,993
050,37,035,"North Carolina","Catawba County",5,27,1941,1002,939
050,37,035,"North Carolina","Catawba County",5,28,2027,1056,971
050,37,035,"North Carolina","Catawba County",5,29,2113,1050,1063
050,37,035,"North Carolina","Catawba County",5,30,2039,1055,984
050,37,035,"North Carolina","Catawba County",5,31,2043,1042,1001
050,37,035,"North Carolina","Catawba County",5,32,2086,1045,1041
050,37,035,"North Carolina","Catawba County",5,33,2126,1036,1090
050,37,035,"North Carolina","Catawba County",5,34,1968,949,1019
050,37,035,"North Carolina","Catawba County",5,35,1911,956,955
050,37,035,"North Carolina","Catawba County",5,36,1927,957,970
050,37,035,"North Carolina","Catawba County",5,37,1973,955,1018
050,37,035,"North Carolina","Catawba County",5,38,1928,959,969
050,37,035,"North Carolina","Catawba County",5,39,1799,944,855
050,37,035,"North Carolina","Catawba County",5,40,1910,945,965
050,37,035,"North Carolina","Catawba County",5,41,1900,943,957
050,37,035,"North Carolina","Catawba County",5,42,1965,964,1001
050,37,035,"North Carolina","Catawba County",5,43,1948,950,998
050,37,035,"North Carolina","Catawba County",5,44,1923,954,969
050,37,035,"North Carolina","Catawba County",5,45,1979,988,991
050,37,035,"North Carolina","Catawba County",5,46,1971,980,991
050,37,035,"North Carolina","Catawba County",5,47,1896,944,952
050,37,035,"North Carolina","Catawba County",5,48,2041,1025,1016
050,37,035,"North Carolina","Catawba County",5,49,2008,992,1016
050,37,035,"North Carolina","Catawba County",5,50,2134,1052,1082
050,37,035,"North Carolina","Catawba County",5,51,2267,1108,1159
050,37,035,"North Carolina","Catawba County",5,52,2419,1183,1236
050,37,035,"North Carolina","Catawba County",5,53,2380,1165,1215
050,37,035,"North Carolina","Catawba County",5,54,2284,1111,1173
050,37,035,"North Carolina","Catawba County",5,55,2250,1123,1127
050,37,035,"North Carolina","Catawba County",5,56,2332,1192,1140
050,37,035,"North Carolina","Catawba County",5,57,2295,1141,1154
050,37,035,"North Carolina","Catawba County",5,58,2346,1179,1167
050,37,035,"North Carolina","Catawba County",5,59,2345,1135,1210
050,37,035,"North Carolina","Catawba County",5,60,2351,1195,1156
050,37,035,"North Carolina","Catawba County",5,61,2372,1236,1136
050,37,035,"North Carolina","Catawba County",5,62,2314,1144,1170
050,37,035,"North Carolina","Catawba County",5,63,2267,1108,1159
050,37,035,"North Carolina","Catawba County",5,64,2205,1046,1159
050,37,035,"North Carolina","Catawba County",5,65,2116,1045,1071
050,37,035,"North Carolina","Catawba County",5,66,2113,1027,1086
050,37,035,"North Carolina","Catawba County",5,67,2022,958,1064
050,37,035,"North Carolina","Catawba County",5,68,1982,947,1035
050,37,035,"North Carolina","Catawba County",5,69,1864,886,978
050,37,035,"North Carolina","Catawba County",5,70,1771,842,929
050,37,035,"North Carolina","Catawba County",5,71,1744,815,929
050,37,035,"North Carolina","Catawba County",5,72,1646,761,885
050,37,035,"North Carolina","Catawba County",5,73,1584,695,889
050,37,035,"North Carolina","Catawba County",5,74,1548,705,843
050,37,035,"North Carolina","Catawba County",5,75,1488,646,842
050,37,035,"North Carolina","Catawba County",5,76,1672,728,944
050,37,035,"North Carolina","Catawba County",5,77,1135,513,622
050,37,035,"North Carolina","Catawba County",5,78,1031,490,541
050,37,035,"North Carolina","Catawba County",5,79,1016,456,560
050,37,035,"North Carolina","Catawba County",5,80,1031,465,566
050,37,035,"North Carolina","Catawba County",5,81,842,363,479
050,37,035,"North Carolina","Catawba County",5,82,714,287,427
050,37,035,"North Carolina","Catawba County",5,83,614,232,382
050,37,035,"North Carolina","Catawba County",5,84,553,224,329
050,37,035,"North Carolina","Catawba County",5,85,2903,986,1917
050,37,037,"North Carolina","Chatham County",1,0,642,330,312
050,37,037,"North Carolina","Chatham County",1,1,694,370,324
050,37,037,"North Carolina","Chatham County",1,2,743,373,370
050,37,037,"North Carolina","Chatham County",1,3,717,378,339
050,37,037,"North Carolina","Chatham County",1,4,776,397,379
050,37,037,"North Carolina","Chatham County",1,5,788,394,394
050,37,037,"North Carolina","Chatham County",1,6,816,397,419
050,37,037,"North Carolina","Chatham County",1,7,823,427,396
050,37,037,"North Carolina","Chatham County",1,8,846,435,411
050,37,037,"North Carolina","Chatham County",1,9,852,422,430
050,37,037,"North Carolina","Chatham County",1,10,867,432,435
050,37,037,"North Carolina","Chatham County",1,11,933,478,455
050,37,037,"North Carolina","Chatham County",1,12,977,499,478
050,37,037,"North Carolina","Chatham County",1,13,1017,516,501
050,37,037,"North Carolina","Chatham County",1,14,983,490,493
050,37,037,"North Carolina","Chatham County",1,15,1016,494,522
050,37,037,"North Carolina","Chatham County",1,16,994,483,511
050,37,037,"North Carolina","Chatham County",1,17,941,496,445
050,37,037,"North Carolina","Chatham County",1,18,819,411,408
050,37,037,"North Carolina","Chatham County",1,19,680,352,328
050,37,037,"North Carolina","Chatham County",1,20,697,352,345
050,37,037,"North Carolina","Chatham County",1,21,691,358,333
050,37,037,"North Carolina","Chatham County",1,22,679,348,331
050,37,037,"North Carolina","Chatham County",1,23,636,322,314
050,37,037,"North Carolina","Chatham County",1,24,662,339,323
050,37,037,"North Carolina","Chatham County",1,25,634,323,311
050,37,037,"North Carolina","Chatham County",1,26,648,319,329
050,37,037,"North Carolina","Chatham County",1,27,624,304,320
050,37,037,"North Carolina","Chatham County",1,28,658,333,325
050,37,037,"North Carolina","Chatham County",1,29,646,324,322
050,37,037,"North Carolina","Chatham County",1,30,683,335,348
050,37,037,"North Carolina","Chatham County",1,31,666,322,344
050,37,037,"North Carolina","Chatham County",1,32,738,363,375
050,37,037,"North Carolina","Chatham County",1,33,717,359,358
050,37,037,"North Carolina","Chatham County",1,34,764,352,412
050,37,037,"North Carolina","Chatham County",1,35,802,385,417
050,37,037,"North Carolina","Chatham County",1,36,838,417,421
050,37,037,"North Carolina","Chatham County",1,37,817,388,429
050,37,037,"North Carolina","Chatham County",1,38,854,424,430
050,37,037,"North Carolina","Chatham County",1,39,855,412,443
050,37,037,"North Carolina","Chatham County",1,40,903,431,472
050,37,037,"North Carolina","Chatham County",1,41,897,461,436
050,37,037,"North Carolina","Chatham County",1,42,927,466,461
050,37,037,"North Carolina","Chatham County",1,43,921,455,466
050,37,037,"North Carolina","Chatham County",1,44,876,428,448
050,37,037,"North Carolina","Chatham County",1,45,938,448,490
050,37,037,"North Carolina","Chatham County",1,46,992,465,527
050,37,037,"North Carolina","Chatham County",1,47,999,484,515
050,37,037,"North Carolina","Chatham County",1,48,1083,540,543
050,37,037,"North Carolina","Chatham County",1,49,1169,587,582
050,37,037,"North Carolina","Chatham County",1,50,1123,559,564
050,37,037,"North Carolina","Chatham County",1,51,1027,513,514
050,37,037,"North Carolina","Chatham County",1,52,1029,517,512
050,37,037,"North Carolina","Chatham County",1,53,1047,516,531
050,37,037,"North Carolina","Chatham County",1,54,1047,527,520
050,37,037,"North Carolina","Chatham County",1,55,1102,547,555
050,37,037,"North Carolina","Chatham County",1,56,1144,555,589
050,37,037,"North Carolina","Chatham County",1,57,1156,566,590
050,37,037,"North Carolina","Chatham County",1,58,1199,575,624
050,37,037,"North Carolina","Chatham County",1,59,1187,580,607
050,37,037,"North Carolina","Chatham County",1,60,1192,571,621
050,37,037,"North Carolina","Chatham County",1,61,1180,578,602
050,37,037,"North Carolina","Chatham County",1,62,1119,538,581
050,37,037,"North Carolina","Chatham County",1,63,1100,535,565
050,37,037,"North Carolina","Chatham County",1,64,1102,514,588
050,37,037,"North Carolina","Chatham County",1,65,1102,516,586
050,37,037,"North Carolina","Chatham County",1,66,1110,526,584
050,37,037,"North Carolina","Chatham County",1,67,1144,545,599
050,37,037,"North Carolina","Chatham County",1,68,1122,518,604
050,37,037,"North Carolina","Chatham County",1,69,1073,494,579
050,37,037,"North Carolina","Chatham County",1,70,1052,482,570
050,37,037,"North Carolina","Chatham County",1,71,1040,461,579
050,37,037,"North Carolina","Chatham County",1,72,1077,471,606
050,37,037,"North Carolina","Chatham County",1,73,1074,480,594
050,37,037,"North Carolina","Chatham County",1,74,806,347,459
050,37,037,"North Carolina","Chatham County",1,75,818,377,441
050,37,037,"North Carolina","Chatham County",1,76,819,385,434
050,37,037,"North Carolina","Chatham County",1,77,825,387,438
050,37,037,"North Carolina","Chatham County",1,78,670,302,368
050,37,037,"North Carolina","Chatham County",1,79,566,250,316
050,37,037,"North Carolina","Chatham County",1,80,525,238,287
050,37,037,"North Carolina","Chatham County",1,81,473,209,264
050,37,037,"North Carolina","Chatham County",1,82,461,187,274
050,37,037,"North Carolina","Chatham County",1,83,387,167,220
050,37,037,"North Carolina","Chatham County",1,84,361,144,217
050,37,037,"North Carolina","Chatham County",1,85,2063,792,1271
050,37,037,"North Carolina","Chatham County",2,0,684,355,329
050,37,037,"North Carolina","Chatham County",2,1,690,364,326
050,37,037,"North Carolina","Chatham County",2,2,733,374,359
050,37,037,"North Carolina","Chatham County",2,3,725,378,347
050,37,037,"North Carolina","Chatham County",2,4,764,397,367
050,37,037,"North Carolina","Chatham County",2,5,792,398,394
050,37,037,"North Carolina","Chatham County",2,6,814,400,414
050,37,037,"North Carolina","Chatham County",2,7,825,423,402
050,37,037,"North Carolina","Chatham County",2,8,844,437,407
050,37,037,"North Carolina","Chatham County",2,9,856,430,426
050,37,037,"North Carolina","Chatham County",2,10,865,431,434
050,37,037,"North Carolina","Chatham County",2,11,917,465,452
050,37,037,"North Carolina","Chatham County",2,12,977,499,478
050,37,037,"North Carolina","Chatham County",2,13,1005,512,493
050,37,037,"North Carolina","Chatham County",2,14,995,498,497
050,37,037,"North Carolina","Chatham County",2,15,1010,494,516
050,37,037,"North Carolina","Chatham County",2,16,1002,490,512
050,37,037,"North Carolina","Chatham County",2,17,957,494,463
050,37,037,"North Carolina","Chatham County",2,18,817,420,397
050,37,037,"North Carolina","Chatham County",2,19,686,352,334
050,37,037,"North Carolina","Chatham County",2,20,710,360,350
050,37,037,"North Carolina","Chatham County",2,21,697,357,340
050,37,037,"North Carolina","Chatham County",2,22,686,351,335
050,37,037,"North Carolina","Chatham County",2,23,649,331,318
050,37,037,"North Carolina","Chatham County",2,24,659,338,321
050,37,037,"North Carolina","Chatham County",2,25,650,334,316
050,37,037,"North Carolina","Chatham County",2,26,648,323,325
050,37,037,"North Carolina","Chatham County",2,27,632,308,324
050,37,037,"North Carolina","Chatham County",2,28,654,330,324
050,37,037,"North Carolina","Chatham County",2,29,657,329,328
050,37,037,"North Carolina","Chatham County",2,30,684,337,347
050,37,037,"North Carolina","Chatham County",2,31,683,333,350
050,37,037,"North Carolina","Chatham County",2,32,733,360,373
050,37,037,"North Carolina","Chatham County",2,33,734,364,370
050,37,037,"North Carolina","Chatham County",2,34,764,361,403
050,37,037,"North Carolina","Chatham County",2,35,814,387,427
050,37,037,"North Carolina","Chatham County",2,36,826,407,419
050,37,037,"North Carolina","Chatham County",2,37,831,401,430
050,37,037,"North Carolina","Chatham County",2,38,846,414,432
050,37,037,"North Carolina","Chatham County",2,39,854,417,437
050,37,037,"North Carolina","Chatham County",2,40,899,431,468
050,37,037,"North Carolina","Chatham County",2,41,907,457,450
050,37,037,"North Carolina","Chatham County",2,42,917,461,456
050,37,037,"North Carolina","Chatham County",2,43,931,457,474
050,37,037,"North Carolina","Chatham County",2,44,887,435,452
050,37,037,"North Carolina","Chatham County",2,45,941,452,489
050,37,037,"North Carolina","Chatham County",2,46,983,465,518
050,37,037,"North Carolina","Chatham County",2,47,1005,485,520
050,37,037,"North Carolina","Chatham County",2,48,1067,531,536
050,37,037,"North Carolina","Chatham County",2,49,1153,578,575
050,37,037,"North Carolina","Chatham County",2,50,1138,567,571
050,37,037,"North Carolina","Chatham County",2,51,1054,526,528
050,37,037,"North Carolina","Chatham County",2,52,1035,518,517
050,37,037,"North Carolina","Chatham County",2,53,1050,523,527
050,37,037,"North Carolina","Chatham County",2,54,1049,527,522
050,37,037,"North Carolina","Chatham County",2,55,1095,544,551
050,37,037,"North Carolina","Chatham County",2,56,1147,559,588
050,37,037,"North Carolina","Chatham County",2,57,1157,566,591
050,37,037,"North Carolina","Chatham County",2,58,1199,578,621
050,37,037,"North Carolina","Chatham County",2,59,1208,589,619
050,37,037,"North Carolina","Chatham County",2,60,1200,581,619
050,37,037,"North Carolina","Chatham County",2,61,1184,578,606
050,37,037,"North Carolina","Chatham County",2,62,1134,546,588
050,37,037,"North Carolina","Chatham County",2,63,1114,538,576
050,37,037,"North Carolina","Chatham County",2,64,1102,517,585
050,37,037,"North Carolina","Chatham County",2,65,1106,518,588
050,37,037,"North Carolina","Chatham County",2,66,1111,527,584
050,37,037,"North Carolina","Chatham County",2,67,1136,540,596
050,37,037,"North Carolina","Chatham County",2,68,1122,519,603
050,37,037,"North Carolina","Chatham County",2,69,1097,505,592
050,37,037,"North Carolina","Chatham County",2,70,1057,485,572
050,37,037,"North Carolina","Chatham County",2,71,1043,468,575
050,37,037,"North Carolina","Chatham County",2,72,1052,460,592
050,37,037,"North Carolina","Chatham County",2,73,1134,505,629
050,37,037,"North Carolina","Chatham County",2,74,817,355,462
050,37,037,"North Carolina","Chatham County",2,75,815,370,445
050,37,037,"North Carolina","Chatham County",2,76,812,378,434
050,37,037,"North Carolina","Chatham County",2,77,842,395,447
050,37,037,"North Carolina","Chatham County",2,78,691,314,377
050,37,037,"North Carolina","Chatham County",2,79,582,255,327
050,37,037,"North Carolina","Chatham County",2,80,532,238,294
050,37,037,"North Carolina","Chatham County",2,81,484,217,267
050,37,037,"North Carolina","Chatham County",2,82,458,191,267
050,37,037,"North Carolina","Chatham County",2,83,401,172,229
050,37,037,"North Carolina","Chatham County",2,84,364,148,216
050,37,037,"North Carolina","Chatham County",2,85,2083,794,1289
050,37,037,"North Carolina","Chatham County",3,0,643,353,290
050,37,037,"North Carolina","Chatham County",3,1,688,353,335
050,37,037,"North Carolina","Chatham County",3,2,717,388,329
050,37,037,"North Carolina","Chatham County",3,3,734,369,365
050,37,037,"North Carolina","Chatham County",3,4,755,391,364
050,37,037,"North Carolina","Chatham County",3,5,799,409,390
050,37,037,"North Carolina","Chatham County",3,6,806,407,399
050,37,037,"North Carolina","Chatham County",3,7,826,407,419
050,37,037,"North Carolina","Chatham County",3,8,834,422,412
050,37,037,"North Carolina","Chatham County",3,9,846,436,410
050,37,037,"North Carolina","Chatham County",3,10,844,417,427
050,37,037,"North Carolina","Chatham County",3,11,879,446,433
050,37,037,"North Carolina","Chatham County",3,12,925,466,459
050,37,037,"North Carolina","Chatham County",3,13,1000,525,475
050,37,037,"North Carolina","Chatham County",3,14,1016,514,502
050,37,037,"North Carolina","Chatham County",3,15,998,506,492
050,37,037,"North Carolina","Chatham County",3,16,1025,497,528
050,37,037,"North Carolina","Chatham County",3,17,998,496,502
050,37,037,"North Carolina","Chatham County",3,18,825,435,390
050,37,037,"North Carolina","Chatham County",3,19,712,361,351
050,37,037,"North Carolina","Chatham County",3,20,737,370,367
050,37,037,"North Carolina","Chatham County",3,21,753,375,378
050,37,037,"North Carolina","Chatham County",3,22,743,382,361
050,37,037,"North Carolina","Chatham County",3,23,677,376,301
050,37,037,"North Carolina","Chatham County",3,24,654,337,317
050,37,037,"North Carolina","Chatham County",3,25,635,320,315
050,37,037,"North Carolina","Chatham County",3,26,660,331,329
050,37,037,"North Carolina","Chatham County",3,27,621,312,309
050,37,037,"North Carolina","Chatham County",3,28,648,315,333
050,37,037,"North Carolina","Chatham County",3,29,693,342,351
050,37,037,"North Carolina","Chatham County",3,30,658,329,329
050,37,037,"North Carolina","Chatham County",3,31,729,358,371
050,37,037,"North Carolina","Chatham County",3,32,718,348,370
050,37,037,"North Carolina","Chatham County",3,33,783,387,396
050,37,037,"North Carolina","Chatham County",3,34,775,384,391
050,37,037,"North Carolina","Chatham County",3,35,790,369,421
050,37,037,"North Carolina","Chatham County",3,36,850,409,441
050,37,037,"North Carolina","Chatham County",3,37,869,433,436
050,37,037,"North Carolina","Chatham County",3,38,870,407,463
050,37,037,"North Carolina","Chatham County",3,39,882,430,452
050,37,037,"North Carolina","Chatham County",3,40,894,439,455
050,37,037,"North Carolina","Chatham County",3,41,951,448,503
050,37,037,"North Carolina","Chatham County",3,42,925,473,452
050,37,037,"North Carolina","Chatham County",3,43,931,458,473
050,37,037,"North Carolina","Chatham County",3,44,973,481,492
050,37,037,"North Carolina","Chatham County",3,45,896,454,442
050,37,037,"North Carolina","Chatham County",3,46,975,470,505
050,37,037,"North Carolina","Chatham County",3,47,1006,468,538
050,37,037,"North Carolina","Chatham County",3,48,998,481,517
050,37,037,"North Carolina","Chatham County",3,49,1090,551,539
050,37,037,"North Carolina","Chatham County",3,50,1197,605,592
050,37,037,"North Carolina","Chatham County",3,51,1189,591,598
050,37,037,"North Carolina","Chatham County",3,52,1085,529,556
050,37,037,"North Carolina","Chatham County",3,53,1056,515,541
050,37,037,"North Carolina","Chatham County",3,54,1077,537,540
050,37,037,"North Carolina","Chatham County",3,55,1088,534,554
050,37,037,"North Carolina","Chatham County",3,56,1142,573,569
050,37,037,"North Carolina","Chatham County",3,57,1151,562,589
050,37,037,"North Carolina","Chatham County",3,58,1198,588,610
050,37,037,"North Carolina","Chatham County",3,59,1244,603,641
050,37,037,"North Carolina","Chatham County",3,60,1243,595,648
050,37,037,"North Carolina","Chatham County",3,61,1245,611,634
050,37,037,"North Carolina","Chatham County",3,62,1207,582,625
050,37,037,"North Carolina","Chatham County",3,63,1173,550,623
050,37,037,"North Carolina","Chatham County",3,64,1134,540,594
050,37,037,"North Carolina","Chatham County",3,65,1108,527,581
050,37,037,"North Carolina","Chatham County",3,66,1123,528,595
050,37,037,"North Carolina","Chatham County",3,67,1135,541,594
050,37,037,"North Carolina","Chatham County",3,68,1154,548,606
050,37,037,"North Carolina","Chatham County",3,69,1125,514,611
050,37,037,"North Carolina","Chatham County",3,70,1133,518,615
050,37,037,"North Carolina","Chatham County",3,71,1046,478,568
050,37,037,"North Carolina","Chatham County",3,72,1042,467,575
050,37,037,"North Carolina","Chatham County",3,73,1062,461,601
050,37,037,"North Carolina","Chatham County",3,74,1135,496,639
050,37,037,"North Carolina","Chatham County",3,75,808,356,452
050,37,037,"North Carolina","Chatham County",3,76,811,367,444
050,37,037,"North Carolina","Chatham County",3,77,794,370,424
050,37,037,"North Carolina","Chatham County",3,78,829,395,434
050,37,037,"North Carolina","Chatham County",3,79,676,306,370
050,37,037,"North Carolina","Chatham County",3,80,573,251,322
050,37,037,"North Carolina","Chatham County",3,81,522,244,278
050,37,037,"North Carolina","Chatham County",3,82,468,216,252
050,37,037,"North Carolina","Chatham County",3,83,429,181,248
050,37,037,"North Carolina","Chatham County",3,84,384,162,222
050,37,037,"North Carolina","Chatham County",3,85,2101,803,1298
050,37,037,"North Carolina","Chatham County",4,0,688,345,343
050,37,037,"North Carolina","Chatham County",4,1,644,358,286
050,37,037,"North Carolina","Chatham County",4,2,720,361,359
050,37,037,"North Carolina","Chatham County",4,3,739,399,340
050,37,037,"North Carolina","Chatham County",4,4,779,393,386
050,37,037,"North Carolina","Chatham County",4,5,788,398,390
050,37,037,"North Carolina","Chatham County",4,6,825,427,398
050,37,037,"North Carolina","Chatham County",4,7,855,437,418
050,37,037,"North Carolina","Chatham County",4,8,856,430,426
050,37,037,"North Carolina","Chatham County",4,9,866,436,430
050,37,037,"North Carolina","Chatham County",4,10,844,427,417
050,37,037,"North Carolina","Chatham County",4,11,871,425,446
050,37,037,"North Carolina","Chatham County",4,12,901,464,437
050,37,037,"North Carolina","Chatham County",4,13,948,476,472
050,37,037,"North Carolina","Chatham County",4,14,1013,520,493
050,37,037,"North Carolina","Chatham County",4,15,1029,516,513
050,37,037,"North Carolina","Chatham County",4,16,1010,510,500
050,37,037,"North Carolina","Chatham County",4,17,1032,495,537
050,37,037,"North Carolina","Chatham County",4,18,894,455,439
050,37,037,"North Carolina","Chatham County",4,19,687,355,332
050,37,037,"North Carolina","Chatham County",4,20,749,379,370
050,37,037,"North Carolina","Chatham County",4,21,766,384,382
050,37,037,"North Carolina","Chatham County",4,22,785,391,394
050,37,037,"North Carolina","Chatham County",4,23,740,385,355
050,37,037,"North Carolina","Chatham County",4,24,688,369,319
050,37,037,"North Carolina","Chatham County",4,25,618,316,302
050,37,037,"North Carolina","Chatham County",4,26,629,317,312
050,37,037,"North Carolina","Chatham County",4,27,672,343,329
050,37,037,"North Carolina","Chatham County",4,28,672,321,351
050,37,037,"North Carolina","Chatham County",4,29,684,315,369
050,37,037,"North Carolina","Chatham County",4,30,705,347,358
050,37,037,"North Carolina","Chatham County",4,31,732,360,372
050,37,037,"North Carolina","Chatham County",4,32,743,366,377
050,37,037,"North Carolina","Chatham County",4,33,772,366,406
050,37,037,"North Carolina","Chatham County",4,34,833,410,423
050,37,037,"North Carolina","Chatham County",4,35,797,389,408
050,37,037,"North Carolina","Chatham County",4,36,801,370,431
050,37,037,"North Carolina","Chatham County",4,37,900,438,462
050,37,037,"North Carolina","Chatham County",4,38,914,454,460
050,37,037,"North Carolina","Chatham County",4,39,907,435,472
050,37,037,"North Carolina","Chatham County",4,40,919,440,479
050,37,037,"North Carolina","Chatham County",4,41,932,460,472
050,37,037,"North Carolina","Chatham County",4,42,993,479,514
050,37,037,"North Carolina","Chatham County",4,43,963,490,473
050,37,037,"North Carolina","Chatham County",4,44,977,486,491
050,37,037,"North Carolina","Chatham County",4,45,981,482,499
050,37,037,"North Carolina","Chatham County",4,46,935,470,465
050,37,037,"North Carolina","Chatham County",4,47,1027,488,539
050,37,037,"North Carolina","Chatham County",4,48,1011,478,533
050,37,037,"North Carolina","Chatham County",4,49,1027,489,538
050,37,037,"North Carolina","Chatham County",4,50,1121,559,562
050,37,037,"North Carolina","Chatham County",4,51,1239,620,619
050,37,037,"North Carolina","Chatham County",4,52,1227,600,627
050,37,037,"North Carolina","Chatham County",4,53,1125,555,570
050,37,037,"North Carolina","Chatham County",4,54,1096,530,566
050,37,037,"North Carolina","Chatham County",4,55,1100,548,552
050,37,037,"North Carolina","Chatham County",4,56,1093,545,548
050,37,037,"North Carolina","Chatham County",4,57,1161,595,566
050,37,037,"North Carolina","Chatham County",4,58,1153,559,594
050,37,037,"North Carolina","Chatham County",4,59,1210,581,629
050,37,037,"North Carolina","Chatham County",4,60,1255,610,645
050,37,037,"North Carolina","Chatham County",4,61,1257,594,663
050,37,037,"North Carolina","Chatham County",4,62,1249,602,647
050,37,037,"North Carolina","Chatham County",4,63,1236,596,640
050,37,037,"North Carolina","Chatham County",4,64,1197,559,638
050,37,037,"North Carolina","Chatham County",4,65,1157,545,612
050,37,037,"North Carolina","Chatham County",4,66,1137,536,601
050,37,037,"North Carolina","Chatham County",4,67,1136,543,593
050,37,037,"North Carolina","Chatham County",4,68,1156,558,598
050,37,037,"North Carolina","Chatham County",4,69,1177,551,626
050,37,037,"North Carolina","Chatham County",4,70,1148,529,619
050,37,037,"North Carolina","Chatham County",4,71,1126,510,616
050,37,037,"North Carolina","Chatham County",4,72,1062,481,581
050,37,037,"North Carolina","Chatham County",4,73,1046,462,584
050,37,037,"North Carolina","Chatham County",4,74,1046,459,587
050,37,037,"North Carolina","Chatham County",4,75,1139,506,633
050,37,037,"North Carolina","Chatham County",4,76,819,357,462
050,37,037,"North Carolina","Chatham County",4,77,792,359,433
050,37,037,"North Carolina","Chatham County",4,78,797,374,423
050,37,037,"North Carolina","Chatham County",4,79,814,386,428
050,37,037,"North Carolina","Chatham County",4,80,682,303,379
050,37,037,"North Carolina","Chatham County",4,81,561,250,311
050,37,037,"North Carolina","Chatham County",4,82,514,241,273
050,37,037,"North Carolina","Chatham County",4,83,458,210,248
050,37,037,"North Carolina","Chatham County",4,84,406,167,239
050,37,037,"North Carolina","Chatham County",4,85,2186,859,1327
050,37,037,"North Carolina","Chatham County",5,0,694,349,345
050,37,037,"North Carolina","Chatham County",5,1,721,337,384
050,37,037,"North Carolina","Chatham County",5,2,677,361,316
050,37,037,"North Carolina","Chatham County",5,3,762,377,385
050,37,037,"North Carolina","Chatham County",5,4,762,416,346
050,37,037,"North Carolina","Chatham County",5,5,817,415,402
050,37,037,"North Carolina","Chatham County",5,6,787,386,401
050,37,037,"North Carolina","Chatham County",5,7,834,433,401
050,37,037,"North Carolina","Chatham County",5,8,880,451,429
050,37,037,"North Carolina","Chatham County",5,9,892,447,445
050,37,037,"North Carolina","Chatham County",5,10,871,445,426
050,37,037,"North Carolina","Chatham County",5,11,881,445,436
050,37,037,"North Carolina","Chatham County",5,12,903,446,457
050,37,037,"North Carolina","Chatham County",5,13,929,474,455
050,37,037,"North Carolina","Chatham County",5,14,971,504,467
050,37,037,"North Carolina","Chatham County",5,15,1036,542,494
050,37,037,"North Carolina","Chatham County",5,16,1027,521,506
050,37,037,"North Carolina","Chatham County",5,17,1039,516,523
050,37,037,"North Carolina","Chatham County",5,18,910,453,457
050,37,037,"North Carolina","Chatham County",5,19,749,374,375
050,37,037,"North Carolina","Chatham County",5,20,734,387,347
050,37,037,"North Carolina","Chatham County",5,21,804,413,391
050,37,037,"North Carolina","Chatham County",5,22,793,399,394
050,37,037,"North Carolina","Chatham County",5,23,800,406,394
050,37,037,"North Carolina","Chatham County",5,24,740,398,342
050,37,037,"North Carolina","Chatham County",5,25,685,368,317
050,37,037,"North Carolina","Chatham County",5,26,616,302,314
050,37,037,"North Carolina","Chatham County",5,27,621,323,298
050,37,037,"North Carolina","Chatham County",5,28,671,345,326
050,37,037,"North Carolina","Chatham County",5,29,719,343,376
050,37,037,"North Carolina","Chatham County",5,30,713,330,383
050,37,037,"North Carolina","Chatham County",5,31,738,354,384
050,37,037,"North Carolina","Chatham County",5,32,756,364,392
050,37,037,"North Carolina","Chatham County",5,33,822,404,418
050,37,037,"North Carolina","Chatham County",5,34,802,383,419
050,37,037,"North Carolina","Chatham County",5,35,876,421,455
050,37,037,"North Carolina","Chatham County",5,36,853,421,432
050,37,037,"North Carolina","Chatham County",5,37,853,395,458
050,37,037,"North Carolina","Chatham County",5,38,973,476,497
050,37,037,"North Carolina","Chatham County",5,39,961,493,468
050,37,037,"North Carolina","Chatham County",5,40,922,448,474
050,37,037,"North Carolina","Chatham County",5,41,976,468,508
050,37,037,"North Carolina","Chatham County",5,42,988,490,498
050,37,037,"North Carolina","Chatham County",5,43,1023,493,530
050,37,037,"North Carolina","Chatham County",5,44,995,510,485
050,37,037,"North Carolina","Chatham County",5,45,991,498,493
050,37,037,"North Carolina","Chatham County",5,46,1015,505,510
050,37,037,"North Carolina","Chatham County",5,47,982,489,493
050,37,037,"North Carolina","Chatham County",5,48,1038,489,549
050,37,037,"North Carolina","Chatham County",5,49,1010,476,534
050,37,037,"North Carolina","Chatham County",5,50,1043,494,549
050,37,037,"North Carolina","Chatham County",5,51,1142,581,561
050,37,037,"North Carolina","Chatham County",5,52,1248,625,623
050,37,037,"North Carolina","Chatham County",5,53,1245,606,639
050,37,037,"North Carolina","Chatham County",5,54,1135,561,574
050,37,037,"North Carolina","Chatham County",5,55,1128,550,578
050,37,037,"North Carolina","Chatham County",5,56,1101,546,555
050,37,037,"North Carolina","Chatham County",5,57,1129,575,554
050,37,037,"North Carolina","Chatham County",5,58,1206,619,587
050,37,037,"North Carolina","Chatham County",5,59,1169,568,601
050,37,037,"North Carolina","Chatham County",5,60,1230,583,647
050,37,037,"North Carolina","Chatham County",5,61,1265,610,655
050,37,037,"North Carolina","Chatham County",5,62,1265,591,674
050,37,037,"North Carolina","Chatham County",5,63,1278,611,667
050,37,037,"North Carolina","Chatham County",5,64,1254,595,659
050,37,037,"North Carolina","Chatham County",5,65,1194,555,639
050,37,037,"North Carolina","Chatham County",5,66,1191,552,639
050,37,037,"North Carolina","Chatham County",5,67,1163,550,613
050,37,037,"North Carolina","Chatham County",5,68,1159,548,611
050,37,037,"North Carolina","Chatham County",5,69,1157,557,600
050,37,037,"North Carolina","Chatham County",5,70,1215,566,649
050,37,037,"North Carolina","Chatham County",5,71,1143,528,615
050,37,037,"North Carolina","Chatham County",5,72,1124,510,614
050,37,037,"North Carolina","Chatham County",5,73,1077,480,597
050,37,037,"North Carolina","Chatham County",5,74,1034,457,577
050,37,037,"North Carolina","Chatham County",5,75,1007,441,566
050,37,037,"North Carolina","Chatham County",5,76,1142,494,648
050,37,037,"North Carolina","Chatham County",5,77,800,346,454
050,37,037,"North Carolina","Chatham County",5,78,781,356,425
050,37,037,"North Carolina","Chatham County",5,79,780,363,417
050,37,037,"North Carolina","Chatham County",5,80,806,383,423
050,37,037,"North Carolina","Chatham County",5,81,670,302,368
050,37,037,"North Carolina","Chatham County",5,82,548,241,307
050,37,037,"North Carolina","Chatham County",5,83,486,232,254
050,37,037,"North Carolina","Chatham County",5,84,430,196,234
050,37,037,"North Carolina","Chatham County",5,85,2267,915,1352
050,37,039,"North Carolina","Cherokee County",1,0,248,132,116
050,37,039,"North Carolina","Cherokee County",1,1,249,125,124
050,37,039,"North Carolina","Cherokee County",1,2,227,118,109
050,37,039,"North Carolina","Cherokee County",1,3,231,126,105
050,37,039,"North Carolina","Cherokee County",1,4,234,130,104
050,37,039,"North Carolina","Cherokee County",1,5,217,116,101
050,37,039,"North Carolina","Cherokee County",1,6,244,116,128
050,37,039,"North Carolina","Cherokee County",1,7,236,121,115
050,37,039,"North Carolina","Cherokee County",1,8,246,123,123
050,37,039,"North Carolina","Cherokee County",1,9,265,132,133
050,37,039,"North Carolina","Cherokee County",1,10,265,130,135
050,37,039,"North Carolina","Cherokee County",1,11,268,134,134
050,37,039,"North Carolina","Cherokee County",1,12,295,160,135
050,37,039,"North Carolina","Cherokee County",1,13,299,160,139
050,37,039,"North Carolina","Cherokee County",1,14,311,164,147
050,37,039,"North Carolina","Cherokee County",1,15,274,138,136
050,37,039,"North Carolina","Cherokee County",1,16,305,150,155
050,37,039,"North Carolina","Cherokee County",1,17,317,163,154
050,37,039,"North Carolina","Cherokee County",1,18,265,131,134
050,37,039,"North Carolina","Cherokee County",1,19,205,108,97
050,37,039,"North Carolina","Cherokee County",1,20,236,134,102
050,37,039,"North Carolina","Cherokee County",1,21,251,141,110
050,37,039,"North Carolina","Cherokee County",1,22,259,134,125
050,37,039,"North Carolina","Cherokee County",1,23,248,122,126
050,37,039,"North Carolina","Cherokee County",1,24,239,127,112
050,37,039,"North Carolina","Cherokee County",1,25,244,130,114
050,37,039,"North Carolina","Cherokee County",1,26,238,119,119
050,37,039,"North Carolina","Cherokee County",1,27,242,119,123
050,37,039,"North Carolina","Cherokee County",1,28,291,145,146
050,37,039,"North Carolina","Cherokee County",1,29,280,143,137
050,37,039,"North Carolina","Cherokee County",1,30,251,127,124
050,37,039,"North Carolina","Cherokee County",1,31,245,116,129
050,37,039,"North Carolina","Cherokee County",1,32,234,112,122
050,37,039,"North Carolina","Cherokee County",1,33,246,131,115
050,37,039,"North Carolina","Cherokee County",1,34,254,132,122
050,37,039,"North Carolina","Cherokee County",1,35,242,119,123
050,37,039,"North Carolina","Cherokee County",1,36,265,131,134
050,37,039,"North Carolina","Cherokee County",1,37,259,124,135
050,37,039,"North Carolina","Cherokee County",1,38,252,109,143
050,37,039,"North Carolina","Cherokee County",1,39,287,129,158
050,37,039,"North Carolina","Cherokee County",1,40,304,155,149
050,37,039,"North Carolina","Cherokee County",1,41,285,150,135
050,37,039,"North Carolina","Cherokee County",1,42,284,138,146
050,37,039,"North Carolina","Cherokee County",1,43,264,128,136
050,37,039,"North Carolina","Cherokee County",1,44,295,147,148
050,37,039,"North Carolina","Cherokee County",1,45,307,150,157
050,37,039,"North Carolina","Cherokee County",1,46,319,165,154
050,37,039,"North Carolina","Cherokee County",1,47,314,160,154
050,37,039,"North Carolina","Cherokee County",1,48,335,161,174
050,37,039,"North Carolina","Cherokee County",1,49,387,184,203
050,37,039,"North Carolina","Cherokee County",1,50,357,185,172
050,37,039,"North Carolina","Cherokee County",1,51,376,194,182
050,37,039,"North Carolina","Cherokee County",1,52,365,189,176
050,37,039,"North Carolina","Cherokee County",1,53,371,180,191
050,37,039,"North Carolina","Cherokee County",1,54,390,189,201
050,37,039,"North Carolina","Cherokee County",1,55,423,209,214
050,37,039,"North Carolina","Cherokee County",1,56,415,209,206
050,37,039,"North Carolina","Cherokee County",1,57,440,209,231
050,37,039,"North Carolina","Cherokee County",1,58,461,225,236
050,37,039,"North Carolina","Cherokee County",1,59,479,230,249
050,37,039,"North Carolina","Cherokee County",1,60,493,224,269
050,37,039,"North Carolina","Cherokee County",1,61,507,257,250
050,37,039,"North Carolina","Cherokee County",1,62,517,254,263
050,37,039,"North Carolina","Cherokee County",1,63,514,232,282
050,37,039,"North Carolina","Cherokee County",1,64,571,273,298
050,37,039,"North Carolina","Cherokee County",1,65,549,258,291
050,37,039,"North Carolina","Cherokee County",1,66,572,281,291
050,37,039,"North Carolina","Cherokee County",1,67,575,288,287
050,37,039,"North Carolina","Cherokee County",1,68,553,264,289
050,37,039,"North Carolina","Cherokee County",1,69,518,250,268
050,37,039,"North Carolina","Cherokee County",1,70,535,274,261
050,37,039,"North Carolina","Cherokee County",1,71,504,236,268
050,37,039,"North Carolina","Cherokee County",1,72,528,253,275
050,37,039,"North Carolina","Cherokee County",1,73,556,273,283
050,37,039,"North Carolina","Cherokee County",1,74,394,192,202
050,37,039,"North Carolina","Cherokee County",1,75,383,186,197
050,37,039,"North Carolina","Cherokee County",1,76,376,173,203
050,37,039,"North Carolina","Cherokee County",1,77,382,189,193
050,37,039,"North Carolina","Cherokee County",1,78,326,159,167
050,37,039,"North Carolina","Cherokee County",1,79,268,134,134
050,37,039,"North Carolina","Cherokee County",1,80,227,107,120
050,37,039,"North Carolina","Cherokee County",1,81,207,104,103
050,37,039,"North Carolina","Cherokee County",1,82,182,83,99
050,37,039,"North Carolina","Cherokee County",1,83,183,89,94
050,37,039,"North Carolina","Cherokee County",1,84,155,76,79
050,37,039,"North Carolina","Cherokee County",1,85,759,306,453
050,37,039,"North Carolina","Cherokee County",2,0,243,125,118
050,37,039,"North Carolina","Cherokee County",2,1,247,125,122
050,37,039,"North Carolina","Cherokee County",2,2,229,119,110
050,37,039,"North Carolina","Cherokee County",2,3,229,124,105
050,37,039,"North Carolina","Cherokee County",2,4,233,128,105
050,37,039,"North Carolina","Cherokee County",2,5,222,121,101
050,37,039,"North Carolina","Cherokee County",2,6,239,117,122
050,37,039,"North Carolina","Cherokee County",2,7,240,120,120
050,37,039,"North Carolina","Cherokee County",2,8,239,121,118
050,37,039,"North Carolina","Cherokee County",2,9,262,130,132
050,37,039,"North Carolina","Cherokee County",2,10,264,130,134
050,37,039,"North Carolina","Cherokee County",2,11,266,132,134
050,37,039,"North Carolina","Cherokee County",2,12,289,153,136
050,37,039,"North Carolina","Cherokee County",2,13,298,160,138
050,37,039,"North Carolina","Cherokee County",2,14,306,162,144
050,37,039,"North Carolina","Cherokee County",2,15,283,145,138
050,37,039,"North Carolina","Cherokee County",2,16,297,146,151
050,37,039,"North Carolina","Cherokee County",2,17,316,162,154
050,37,039,"North Carolina","Cherokee County",2,18,265,132,133
050,37,039,"North Carolina","Cherokee County",2,19,209,110,99
050,37,039,"North Carolina","Cherokee County",2,20,237,133,104
050,37,039,"North Carolina","Cherokee County",2,21,248,138,110
050,37,039,"North Carolina","Cherokee County",2,22,263,138,125
050,37,039,"North Carolina","Cherokee County",2,23,252,126,126
050,37,039,"North Carolina","Cherokee County",2,24,242,129,113
050,37,039,"North Carolina","Cherokee County",2,25,243,129,114
050,37,039,"North Carolina","Cherokee County",2,26,236,120,116
050,37,039,"North Carolina","Cherokee County",2,27,242,119,123
050,37,039,"North Carolina","Cherokee County",2,28,281,139,142
050,37,039,"North Carolina","Cherokee County",2,29,284,145,139
050,37,039,"North Carolina","Cherokee County",2,30,261,131,130
050,37,039,"North Carolina","Cherokee County",2,31,246,118,128
050,37,039,"North Carolina","Cherokee County",2,32,235,112,123
050,37,039,"North Carolina","Cherokee County",2,33,243,128,115
050,37,039,"North Carolina","Cherokee County",2,34,253,131,122
050,37,039,"North Carolina","Cherokee County",2,35,250,124,126
050,37,039,"North Carolina","Cherokee County",2,36,257,127,130
050,37,039,"North Carolina","Cherokee County",2,37,258,126,132
050,37,039,"North Carolina","Cherokee County",2,38,256,114,142
050,37,039,"North Carolina","Cherokee County",2,39,277,124,153
050,37,039,"North Carolina","Cherokee County",2,40,303,150,153
050,37,039,"North Carolina","Cherokee County",2,41,290,149,141
050,37,039,"North Carolina","Cherokee County",2,42,280,138,142
050,37,039,"North Carolina","Cherokee County",2,43,273,133,140
050,37,039,"North Carolina","Cherokee County",2,44,287,144,143
050,37,039,"North Carolina","Cherokee County",2,45,303,149,154
050,37,039,"North Carolina","Cherokee County",2,46,315,160,155
050,37,039,"North Carolina","Cherokee County",2,47,316,162,154
050,37,039,"North Carolina","Cherokee County",2,48,328,158,170
050,37,039,"North Carolina","Cherokee County",2,49,373,178,195
050,37,039,"North Carolina","Cherokee County",2,50,371,189,182
050,37,039,"North Carolina","Cherokee County",2,51,371,192,179
050,37,039,"North Carolina","Cherokee County",2,52,369,190,179
050,37,039,"North Carolina","Cherokee County",2,53,375,184,191
050,37,039,"North Carolina","Cherokee County",2,54,390,189,201
050,37,039,"North Carolina","Cherokee County",2,55,424,208,216
050,37,039,"North Carolina","Cherokee County",2,56,427,214,213
050,37,039,"North Carolina","Cherokee County",2,57,443,214,229
050,37,039,"North Carolina","Cherokee County",2,58,460,221,239
050,37,039,"North Carolina","Cherokee County",2,59,484,231,253
050,37,039,"North Carolina","Cherokee County",2,60,495,230,265
050,37,039,"North Carolina","Cherokee County",2,61,507,253,254
050,37,039,"North Carolina","Cherokee County",2,62,518,254,264
050,37,039,"North Carolina","Cherokee County",2,63,530,245,285
050,37,039,"North Carolina","Cherokee County",2,64,563,266,297
050,37,039,"North Carolina","Cherokee County",2,65,563,267,296
050,37,039,"North Carolina","Cherokee County",2,66,573,281,292
050,37,039,"North Carolina","Cherokee County",2,67,576,287,289
050,37,039,"North Carolina","Cherokee County",2,68,551,266,285
050,37,039,"North Carolina","Cherokee County",2,69,530,255,275
050,37,039,"North Carolina","Cherokee County",2,70,531,268,263
050,37,039,"North Carolina","Cherokee County",2,71,512,249,263
050,37,039,"North Carolina","Cherokee County",2,72,518,246,272
050,37,039,"North Carolina","Cherokee County",2,73,577,281,296
050,37,039,"North Carolina","Cherokee County",2,74,410,200,210
050,37,039,"North Carolina","Cherokee County",2,75,386,189,197
050,37,039,"North Carolina","Cherokee County",2,76,374,173,201
050,37,039,"North Carolina","Cherokee County",2,77,385,186,199
050,37,039,"North Carolina","Cherokee County",2,78,329,159,170
050,37,039,"North Carolina","Cherokee County",2,79,274,138,136
050,37,039,"North Carolina","Cherokee County",2,80,234,110,124
050,37,039,"North Carolina","Cherokee County",2,81,208,103,105
050,37,039,"North Carolina","Cherokee County",2,82,189,89,100
050,37,039,"North Carolina","Cherokee County",2,83,176,84,92
050,37,039,"North Carolina","Cherokee County",2,84,160,77,83
050,37,039,"North Carolina","Cherokee County",2,85,767,315,452
050,37,039,"North Carolina","Cherokee County",3,0,245,121,124
050,37,039,"North Carolina","Cherokee County",3,1,241,126,115
050,37,039,"North Carolina","Cherokee County",3,2,236,121,115
050,37,039,"North Carolina","Cherokee County",3,3,245,133,112
050,37,039,"North Carolina","Cherokee County",3,4,236,128,108
050,37,039,"North Carolina","Cherokee County",3,5,231,133,98
050,37,039,"North Carolina","Cherokee County",3,6,220,124,96
050,37,039,"North Carolina","Cherokee County",3,7,233,113,120
050,37,039,"North Carolina","Cherokee County",3,8,245,120,125
050,37,039,"North Carolina","Cherokee County",3,9,241,123,118
050,37,039,"North Carolina","Cherokee County",3,10,264,130,134
050,37,039,"North Carolina","Cherokee County",3,11,263,129,134
050,37,039,"North Carolina","Cherokee County",3,12,270,135,135
050,37,039,"North Carolina","Cherokee County",3,13,293,153,140
050,37,039,"North Carolina","Cherokee County",3,14,293,155,138
050,37,039,"North Carolina","Cherokee County",3,15,314,163,151
050,37,039,"North Carolina","Cherokee County",3,16,272,136,136
050,37,039,"North Carolina","Cherokee County",3,17,291,144,147
050,37,039,"North Carolina","Cherokee County",3,18,270,137,133
050,37,039,"North Carolina","Cherokee County",3,19,202,105,97
050,37,039,"North Carolina","Cherokee County",3,20,231,122,109
050,37,039,"North Carolina","Cherokee County",3,21,245,134,111
050,37,039,"North Carolina","Cherokee County",3,22,278,152,126
050,37,039,"North Carolina","Cherokee County",3,23,260,138,122
050,37,039,"North Carolina","Cherokee County",3,24,260,141,119
050,37,039,"North Carolina","Cherokee County",3,25,244,128,116
050,37,039,"North Carolina","Cherokee County",3,26,239,129,110
050,37,039,"North Carolina","Cherokee County",3,27,243,119,124
050,37,039,"North Carolina","Cherokee County",3,28,246,122,124
050,37,039,"North Carolina","Cherokee County",3,29,287,136,151
050,37,039,"North Carolina","Cherokee County",3,30,285,140,145
050,37,039,"North Carolina","Cherokee County",3,31,269,141,128
050,37,039,"North Carolina","Cherokee County",3,32,250,111,139
050,37,039,"North Carolina","Cherokee County",3,33,249,125,124
050,37,039,"North Carolina","Cherokee County",3,34,253,132,121
050,37,039,"North Carolina","Cherokee County",3,35,265,139,126
050,37,039,"North Carolina","Cherokee County",3,36,241,122,119
050,37,039,"North Carolina","Cherokee County",3,37,272,138,134
050,37,039,"North Carolina","Cherokee County",3,38,255,121,134
050,37,039,"North Carolina","Cherokee County",3,39,260,122,138
050,37,039,"North Carolina","Cherokee County",3,40,276,119,157
050,37,039,"North Carolina","Cherokee County",3,41,305,148,157
050,37,039,"North Carolina","Cherokee County",3,42,283,146,137
050,37,039,"North Carolina","Cherokee County",3,43,276,136,140
050,37,039,"North Carolina","Cherokee County",3,44,275,137,138
050,37,039,"North Carolina","Cherokee County",3,45,291,138,153
050,37,039,"North Carolina","Cherokee County",3,46,305,150,155
050,37,039,"North Carolina","Cherokee County",3,47,319,165,154
050,37,039,"North Carolina","Cherokee County",3,48,314,158,156
050,37,039,"North Carolina","Cherokee County",3,49,333,162,171
050,37,039,"North Carolina","Cherokee County",3,50,387,192,195
050,37,039,"North Carolina","Cherokee County",3,51,370,185,185
050,37,039,"North Carolina","Cherokee County",3,52,388,198,190
050,37,039,"North Carolina","Cherokee County",3,53,375,199,176
050,37,039,"North Carolina","Cherokee County",3,54,394,194,200
050,37,039,"North Carolina","Cherokee County",3,55,416,205,211
050,37,039,"North Carolina","Cherokee County",3,56,442,219,223
050,37,039,"North Carolina","Cherokee County",3,57,465,225,240
050,37,039,"North Carolina","Cherokee County",3,58,458,224,234
050,37,039,"North Carolina","Cherokee County",3,59,470,219,251
050,37,039,"North Carolina","Cherokee County",3,60,515,246,269
050,37,039,"North Carolina","Cherokee County",3,61,510,243,267
050,37,039,"North Carolina","Cherokee County",3,62,527,253,274
050,37,039,"North Carolina","Cherokee County",3,63,561,278,283
050,37,039,"North Carolina","Cherokee County",3,64,557,258,299
050,37,039,"North Carolina","Cherokee County",3,65,588,276,312
050,37,039,"North Carolina","Cherokee County",3,66,578,280,298
050,37,039,"North Carolina","Cherokee County",3,67,583,291,292
050,37,039,"North Carolina","Cherokee County",3,68,587,299,288
050,37,039,"North Carolina","Cherokee County",3,69,569,274,295
050,37,039,"North Carolina","Cherokee County",3,70,541,258,283
050,37,039,"North Carolina","Cherokee County",3,71,536,272,264
050,37,039,"North Carolina","Cherokee County",3,72,516,246,270
050,37,039,"North Carolina","Cherokee County",3,73,499,241,258
050,37,039,"North Carolina","Cherokee County",3,74,572,273,299
050,37,039,"North Carolina","Cherokee County",3,75,395,190,205
050,37,039,"North Carolina","Cherokee County",3,76,378,187,191
050,37,039,"North Carolina","Cherokee County",3,77,363,164,199
050,37,039,"North Carolina","Cherokee County",3,78,355,172,183
050,37,039,"North Carolina","Cherokee County",3,79,304,139,165
050,37,039,"North Carolina","Cherokee County",3,80,259,127,132
050,37,039,"North Carolina","Cherokee County",3,81,213,98,115
050,37,039,"North Carolina","Cherokee County",3,82,194,90,104
050,37,039,"North Carolina","Cherokee County",3,83,171,80,91
050,37,039,"North Carolina","Cherokee County",3,84,162,74,88
050,37,039,"North Carolina","Cherokee County",3,85,782,331,451
050,37,039,"North Carolina","Cherokee County",4,0,245,117,128
050,37,039,"North Carolina","Cherokee County",4,1,245,118,127
050,37,039,"North Carolina","Cherokee County",4,2,229,127,102
050,37,039,"North Carolina","Cherokee County",4,3,231,114,117
050,37,039,"North Carolina","Cherokee County",4,4,239,127,112
050,37,039,"North Carolina","Cherokee County",4,5,229,122,107
050,37,039,"North Carolina","Cherokee County",4,6,237,134,103
050,37,039,"North Carolina","Cherokee County",4,7,226,126,100
050,37,039,"North Carolina","Cherokee County",4,8,240,113,127
050,37,039,"North Carolina","Cherokee County",4,9,248,118,130
050,37,039,"North Carolina","Cherokee County",4,10,245,124,121
050,37,039,"North Carolina","Cherokee County",4,11,268,135,133
050,37,039,"North Carolina","Cherokee County",4,12,273,143,130
050,37,039,"North Carolina","Cherokee County",4,13,274,136,138
050,37,039,"North Carolina","Cherokee County",4,14,300,155,145
050,37,039,"North Carolina","Cherokee County",4,15,303,164,139
050,37,039,"North Carolina","Cherokee County",4,16,320,168,152
050,37,039,"North Carolina","Cherokee County",4,17,266,136,130
050,37,039,"North Carolina","Cherokee County",4,18,243,126,117
050,37,039,"North Carolina","Cherokee County",4,19,214,117,97
050,37,039,"North Carolina","Cherokee County",4,20,220,124,96
050,37,039,"North Carolina","Cherokee County",4,21,242,123,119
050,37,039,"North Carolina","Cherokee County",4,22,255,139,116
050,37,039,"North Carolina","Cherokee County",4,23,295,155,140
050,37,039,"North Carolina","Cherokee County",4,24,267,151,116
050,37,039,"North Carolina","Cherokee County",4,25,260,139,121
050,37,039,"North Carolina","Cherokee County",4,26,237,127,110
050,37,039,"North Carolina","Cherokee County",4,27,253,136,117
050,37,039,"North Carolina","Cherokee County",4,28,250,120,130
050,37,039,"North Carolina","Cherokee County",4,29,246,125,121
050,37,039,"North Carolina","Cherokee County",4,30,279,125,154
050,37,039,"North Carolina","Cherokee County",4,31,294,151,143
050,37,039,"North Carolina","Cherokee County",4,32,264,131,133
050,37,039,"North Carolina","Cherokee County",4,33,257,118,139
050,37,039,"North Carolina","Cherokee County",4,34,248,124,124
050,37,039,"North Carolina","Cherokee County",4,35,265,134,131
050,37,039,"North Carolina","Cherokee County",4,36,270,142,128
050,37,039,"North Carolina","Cherokee County",4,37,252,131,121
050,37,039,"North Carolina","Cherokee County",4,38,278,144,134
050,37,039,"North Carolina","Cherokee County",4,39,261,122,139
050,37,039,"North Carolina","Cherokee County",4,40,266,127,139
050,37,039,"North Carolina","Cherokee County",4,41,294,130,164
050,37,039,"North Carolina","Cherokee County",4,42,309,150,159
050,37,039,"North Carolina","Cherokee County",4,43,286,151,135
050,37,039,"North Carolina","Cherokee County",4,44,285,140,145
050,37,039,"North Carolina","Cherokee County",4,45,278,134,144
050,37,039,"North Carolina","Cherokee County",4,46,298,143,155
050,37,039,"North Carolina","Cherokee County",4,47,325,158,167
050,37,039,"North Carolina","Cherokee County",4,48,325,161,164
050,37,039,"North Carolina","Cherokee County",4,49,320,167,153
050,37,039,"North Carolina","Cherokee County",4,50,346,171,175
050,37,039,"North Carolina","Cherokee County",4,51,394,189,205
050,37,039,"North Carolina","Cherokee County",4,52,394,201,193
050,37,039,"North Carolina","Cherokee County",4,53,400,198,202
050,37,039,"North Carolina","Cherokee County",4,54,381,202,179
050,37,039,"North Carolina","Cherokee County",4,55,399,195,204
050,37,039,"North Carolina","Cherokee County",4,56,429,211,218
050,37,039,"North Carolina","Cherokee County",4,57,449,232,217
050,37,039,"North Carolina","Cherokee County",4,58,477,230,247
050,37,039,"North Carolina","Cherokee County",4,59,455,214,241
050,37,039,"North Carolina","Cherokee County",4,60,502,228,274
050,37,039,"North Carolina","Cherokee County",4,61,534,261,273
050,37,039,"North Carolina","Cherokee County",4,62,549,269,280
050,37,039,"North Carolina","Cherokee County",4,63,564,265,299
050,37,039,"North Carolina","Cherokee County",4,64,581,284,297
050,37,039,"North Carolina","Cherokee County",4,65,579,279,300
050,37,039,"North Carolina","Cherokee County",4,66,596,282,314
050,37,039,"North Carolina","Cherokee County",4,67,578,280,298
050,37,039,"North Carolina","Cherokee County",4,68,586,306,280
050,37,039,"North Carolina","Cherokee County",4,69,590,300,290
050,37,039,"North Carolina","Cherokee County",4,70,566,277,289
050,37,039,"North Carolina","Cherokee County",4,71,536,256,280
050,37,039,"North Carolina","Cherokee County",4,72,536,270,266
050,37,039,"North Carolina","Cherokee County",4,73,499,237,262
050,37,039,"North Carolina","Cherokee County",4,74,489,239,250
050,37,039,"North Carolina","Cherokee County",4,75,541,256,285
050,37,039,"North Carolina","Cherokee County",4,76,377,178,199
050,37,039,"North Carolina","Cherokee County",4,77,357,175,182
050,37,039,"North Carolina","Cherokee County",4,78,340,154,186
050,37,039,"North Carolina","Cherokee County",4,79,315,145,170
050,37,039,"North Carolina","Cherokee County",4,80,277,130,147
050,37,039,"North Carolina","Cherokee County",4,81,233,119,114
050,37,039,"North Carolina","Cherokee County",4,82,194,79,115
050,37,039,"North Carolina","Cherokee County",4,83,178,81,97
050,37,039,"North Carolina","Cherokee County",4,84,154,69,85
050,37,039,"North Carolina","Cherokee County",4,85,830,354,476
050,37,039,"North Carolina","Cherokee County",5,0,286,138,148
050,37,039,"North Carolina","Cherokee County",5,1,241,110,131
050,37,039,"North Carolina","Cherokee County",5,2,249,119,130
050,37,039,"North Carolina","Cherokee County",5,3,239,128,111
050,37,039,"North Carolina","Cherokee County",5,4,238,120,118
050,37,039,"North Carolina","Cherokee County",5,5,254,136,118
050,37,039,"North Carolina","Cherokee County",5,6,239,128,111
050,37,039,"North Carolina","Cherokee County",5,7,258,143,115
050,37,039,"North Carolina","Cherokee County",5,8,230,127,103
050,37,039,"North Carolina","Cherokee County",5,9,257,120,137
050,37,039,"North Carolina","Cherokee County",5,10,253,120,133
050,37,039,"North Carolina","Cherokee County",5,11,254,126,128
050,37,039,"North Carolina","Cherokee County",5,12,279,140,139
050,37,039,"North Carolina","Cherokee County",5,13,277,142,135
050,37,039,"North Carolina","Cherokee County",5,14,280,137,143
050,37,039,"North Carolina","Cherokee County",5,15,304,159,145
050,37,039,"North Carolina","Cherokee County",5,16,304,165,139
050,37,039,"North Carolina","Cherokee County",5,17,322,175,147
050,37,039,"North Carolina","Cherokee County",5,18,233,121,112
050,37,039,"North Carolina","Cherokee County",5,19,187,95,92
050,37,039,"North Carolina","Cherokee County",5,20,235,130,105
050,37,039,"North Carolina","Cherokee County",5,21,237,129,108
050,37,039,"North Carolina","Cherokee County",5,22,258,125,133
050,37,039,"North Carolina","Cherokee County",5,23,271,141,130
050,37,039,"North Carolina","Cherokee County",5,24,300,166,134
050,37,039,"North Carolina","Cherokee County",5,25,274,154,120
050,37,039,"North Carolina","Cherokee County",5,26,254,134,120
050,37,039,"North Carolina","Cherokee County",5,27,244,128,116
050,37,039,"North Carolina","Cherokee County",5,28,263,141,122
050,37,039,"North Carolina","Cherokee County",5,29,235,110,125
050,37,039,"North Carolina","Cherokee County",5,30,242,127,115
050,37,039,"North Carolina","Cherokee County",5,31,294,133,161
050,37,039,"North Carolina","Cherokee County",5,32,290,147,143
050,37,039,"North Carolina","Cherokee County",5,33,262,139,123
050,37,039,"North Carolina","Cherokee County",5,34,253,113,140
050,37,039,"North Carolina","Cherokee County",5,35,264,131,133
050,37,039,"North Carolina","Cherokee County",5,36,263,129,134
050,37,039,"North Carolina","Cherokee County",5,37,286,149,137
050,37,039,"North Carolina","Cherokee County",5,38,258,135,123
050,37,039,"North Carolina","Cherokee County",5,39,275,138,137
050,37,039,"North Carolina","Cherokee County",5,40,277,129,148
050,37,039,"North Carolina","Cherokee County",5,41,279,129,150
050,37,039,"North Carolina","Cherokee County",5,42,290,125,165
050,37,039,"North Carolina","Cherokee County",5,43,305,145,160
050,37,039,"North Carolina","Cherokee County",5,44,299,159,140
050,37,039,"North Carolina","Cherokee County",5,45,286,140,146
050,37,039,"North Carolina","Cherokee County",5,46,282,137,145
050,37,039,"North Carolina","Cherokee County",5,47,315,153,162
050,37,039,"North Carolina","Cherokee County",5,48,331,159,172
050,37,039,"North Carolina","Cherokee County",5,49,338,171,167
050,37,039,"North Carolina","Cherokee County",5,50,344,192,152
050,37,039,"North Carolina","Cherokee County",5,51,353,176,177
050,37,039,"North Carolina","Cherokee County",5,52,428,206,222
050,37,039,"North Carolina","Cherokee County",5,53,408,203,205
050,37,039,"North Carolina","Cherokee County",5,54,409,194,215
050,37,039,"North Carolina","Cherokee County",5,55,393,209,184
050,37,039,"North Carolina","Cherokee County",5,56,414,202,212
050,37,039,"North Carolina","Cherokee County",5,57,461,220,241
050,37,039,"North Carolina","Cherokee County",5,58,478,243,235
050,37,039,"North Carolina","Cherokee County",5,59,496,237,259
050,37,039,"North Carolina","Cherokee County",5,60,477,222,255
050,37,039,"North Carolina","Cherokee County",5,61,532,236,296
050,37,039,"North Carolina","Cherokee County",5,62,557,268,289
050,37,039,"North Carolina","Cherokee County",5,63,563,277,286
050,37,039,"North Carolina","Cherokee County",5,64,573,270,303
050,37,039,"North Carolina","Cherokee County",5,65,596,286,310
050,37,039,"North Carolina","Cherokee County",5,66,592,293,299
050,37,039,"North Carolina","Cherokee County",5,67,597,278,319
050,37,039,"North Carolina","Cherokee County",5,68,587,285,302
050,37,039,"North Carolina","Cherokee County",5,69,594,309,285
050,37,039,"North Carolina","Cherokee County",5,70,585,299,286
050,37,039,"North Carolina","Cherokee County",5,71,559,268,291
050,37,039,"North Carolina","Cherokee County",5,72,540,254,286
050,37,039,"North Carolina","Cherokee County",5,73,515,260,255
050,37,039,"North Carolina","Cherokee County",5,74,490,231,259
050,37,039,"North Carolina","Cherokee County",5,75,470,232,238
050,37,039,"North Carolina","Cherokee County",5,76,522,244,278
050,37,039,"North Carolina","Cherokee County",5,77,365,176,189
050,37,039,"North Carolina","Cherokee County",5,78,336,161,175
050,37,039,"North Carolina","Cherokee County",5,79,320,135,185
050,37,039,"North Carolina","Cherokee County",5,80,290,130,160
050,37,039,"North Carolina","Cherokee County",5,81,259,124,135
050,37,039,"North Carolina","Cherokee County",5,82,224,110,114
050,37,039,"North Carolina","Cherokee County",5,83,169,72,97
050,37,039,"North Carolina","Cherokee County",5,84,166,73,93
050,37,039,"North Carolina","Cherokee County",5,85,853,359,494
050,37,041,"North Carolina","Chowan County",1,0,127,64,63
050,37,041,"North Carolina","Chowan County",1,1,143,70,73
050,37,041,"North Carolina","Chowan County",1,2,127,73,54
050,37,041,"North Carolina","Chowan County",1,3,132,67,65
050,37,041,"North Carolina","Chowan County",1,4,136,66,70
050,37,041,"North Carolina","Chowan County",1,5,148,81,67
050,37,041,"North Carolina","Chowan County",1,6,141,69,72
050,37,041,"North Carolina","Chowan County",1,7,153,77,76
050,37,041,"North Carolina","Chowan County",1,8,136,68,68
050,37,041,"North Carolina","Chowan County",1,9,142,67,75
050,37,041,"North Carolina","Chowan County",1,10,166,81,85
050,37,041,"North Carolina","Chowan County",1,11,162,87,75
050,37,041,"North Carolina","Chowan County",1,12,178,78,100
050,37,041,"North Carolina","Chowan County",1,13,167,78,89
050,37,041,"North Carolina","Chowan County",1,14,176,92,84
050,37,041,"North Carolina","Chowan County",1,15,155,79,76
050,37,041,"North Carolina","Chowan County",1,16,160,77,83
050,37,041,"North Carolina","Chowan County",1,17,154,80,74
050,37,041,"North Carolina","Chowan County",1,18,156,78,78
050,37,041,"North Carolina","Chowan County",1,19,140,75,65
050,37,041,"North Carolina","Chowan County",1,20,135,74,61
050,37,041,"North Carolina","Chowan County",1,21,130,70,60
050,37,041,"North Carolina","Chowan County",1,22,132,62,70
050,37,041,"North Carolina","Chowan County",1,23,131,65,66
050,37,041,"North Carolina","Chowan County",1,24,142,84,58
050,37,041,"North Carolina","Chowan County",1,25,142,84,58
050,37,041,"North Carolina","Chowan County",1,26,135,73,62
050,37,041,"North Carolina","Chowan County",1,27,144,77,67
050,37,041,"North Carolina","Chowan County",1,28,136,71,65
050,37,041,"North Carolina","Chowan County",1,29,138,75,63
050,37,041,"North Carolina","Chowan County",1,30,128,71,57
050,37,041,"North Carolina","Chowan County",1,31,127,58,69
050,37,041,"North Carolina","Chowan County",1,32,137,59,78
050,37,041,"North Carolina","Chowan County",1,33,135,62,73
050,37,041,"North Carolina","Chowan County",1,34,173,86,87
050,37,041,"North Carolina","Chowan County",1,35,142,73,69
050,37,041,"North Carolina","Chowan County",1,36,141,67,74
050,37,041,"North Carolina","Chowan County",1,37,153,75,78
050,37,041,"North Carolina","Chowan County",1,38,131,70,61
050,37,041,"North Carolina","Chowan County",1,39,149,74,75
050,37,041,"North Carolina","Chowan County",1,40,156,75,81
050,37,041,"North Carolina","Chowan County",1,41,138,64,74
050,37,041,"North Carolina","Chowan County",1,42,151,66,85
050,37,041,"North Carolina","Chowan County",1,43,157,78,79
050,37,041,"North Carolina","Chowan County",1,44,139,69,70
050,37,041,"North Carolina","Chowan County",1,45,135,57,78
050,37,041,"North Carolina","Chowan County",1,46,140,66,74
050,37,041,"North Carolina","Chowan County",1,47,142,71,71
050,37,041,"North Carolina","Chowan County",1,48,145,68,77
050,37,041,"North Carolina","Chowan County",1,49,156,79,77
050,37,041,"North Carolina","Chowan County",1,50,156,81,75
050,37,041,"North Carolina","Chowan County",1,51,158,80,78
050,37,041,"North Carolina","Chowan County",1,52,138,63,75
050,37,041,"North Carolina","Chowan County",1,53,148,59,89
050,37,041,"North Carolina","Chowan County",1,54,182,81,101
050,37,041,"North Carolina","Chowan County",1,55,188,86,102
050,37,041,"North Carolina","Chowan County",1,56,211,98,113
050,37,041,"North Carolina","Chowan County",1,57,223,112,111
050,37,041,"North Carolina","Chowan County",1,58,226,110,116
050,37,041,"North Carolina","Chowan County",1,59,214,95,119
050,37,041,"North Carolina","Chowan County",1,60,229,101,128
050,37,041,"North Carolina","Chowan County",1,61,222,105,117
050,37,041,"North Carolina","Chowan County",1,62,237,111,126
050,37,041,"North Carolina","Chowan County",1,63,226,110,116
050,37,041,"North Carolina","Chowan County",1,64,236,118,118
050,37,041,"North Carolina","Chowan County",1,65,240,117,123
050,37,041,"North Carolina","Chowan County",1,66,223,101,122
050,37,041,"North Carolina","Chowan County",1,67,226,107,119
050,37,041,"North Carolina","Chowan County",1,68,228,103,125
050,37,041,"North Carolina","Chowan County",1,69,184,76,108
050,37,041,"North Carolina","Chowan County",1,70,210,94,116
050,37,041,"North Carolina","Chowan County",1,71,195,86,109
050,37,041,"North Carolina","Chowan County",1,72,188,90,98
050,37,041,"North Carolina","Chowan County",1,73,199,94,105
050,37,041,"North Carolina","Chowan County",1,74,143,60,83
050,37,041,"North Carolina","Chowan County",1,75,147,61,86
050,37,041,"North Carolina","Chowan County",1,76,137,61,76
050,37,041,"North Carolina","Chowan County",1,77,142,71,71
050,37,041,"North Carolina","Chowan County",1,78,114,54,60
050,37,041,"North Carolina","Chowan County",1,79,98,47,51
050,37,041,"North Carolina","Chowan County",1,80,94,42,52
050,37,041,"North Carolina","Chowan County",1,81,71,35,36
050,37,041,"North Carolina","Chowan County",1,82,78,36,42
050,37,041,"North Carolina","Chowan County",1,83,77,35,42
050,37,041,"North Carolina","Chowan County",1,84,80,27,53
050,37,041,"North Carolina","Chowan County",1,85,400,129,271
050,37,041,"North Carolina","Chowan County",2,0,136,67,69
050,37,041,"North Carolina","Chowan County",2,1,140,68,72
050,37,041,"North Carolina","Chowan County",2,2,132,72,60
050,37,041,"North Carolina","Chowan County",2,3,128,66,62
050,37,041,"North Carolina","Chowan County",2,4,134,66,68
050,37,041,"North Carolina","Chowan County",2,5,145,77,68
050,37,041,"North Carolina","Chowan County",2,6,141,73,68
050,37,041,"North Carolina","Chowan County",2,7,149,75,74
050,37,041,"North Carolina","Chowan County",2,8,138,69,69
050,37,041,"North Carolina","Chowan County",2,9,139,66,73
050,37,041,"North Carolina","Chowan County",2,10,160,78,82
050,37,041,"North Carolina","Chowan County",2,11,162,86,76
050,37,041,"North Carolina","Chowan County",2,12,174,79,95
050,37,041,"North Carolina","Chowan County",2,13,169,77,92
050,37,041,"North Carolina","Chowan County",2,14,174,88,86
050,37,041,"North Carolina","Chowan County",2,15,159,82,77
050,37,041,"North Carolina","Chowan County",2,16,156,76,80
050,37,041,"North Carolina","Chowan County",2,17,156,79,77
050,37,041,"North Carolina","Chowan County",2,18,150,76,74
050,37,041,"North Carolina","Chowan County",2,19,138,73,65
050,37,041,"North Carolina","Chowan County",2,20,140,76,64
050,37,041,"North Carolina","Chowan County",2,21,131,70,61
050,37,041,"North Carolina","Chowan County",2,22,137,65,72
050,37,041,"North Carolina","Chowan County",2,23,132,66,66
050,37,041,"North Carolina","Chowan County",2,24,140,79,61
050,37,041,"North Carolina","Chowan County",2,25,142,84,58
050,37,041,"North Carolina","Chowan County",2,26,136,75,61
050,37,041,"North Carolina","Chowan County",2,27,142,77,65
050,37,041,"North Carolina","Chowan County",2,28,139,74,65
050,37,041,"North Carolina","Chowan County",2,29,136,74,62
050,37,041,"North Carolina","Chowan County",2,30,128,69,59
050,37,041,"North Carolina","Chowan County",2,31,124,58,66
050,37,041,"North Carolina","Chowan County",2,32,134,59,75
050,37,041,"North Carolina","Chowan County",2,33,138,63,75
050,37,041,"North Carolina","Chowan County",2,34,163,80,83
050,37,041,"North Carolina","Chowan County",2,35,150,76,74
050,37,041,"North Carolina","Chowan County",2,36,142,69,73
050,37,041,"North Carolina","Chowan County",2,37,151,74,77
050,37,041,"North Carolina","Chowan County",2,38,137,71,66
050,37,041,"North Carolina","Chowan County",2,39,144,73,71
050,37,041,"North Carolina","Chowan County",2,40,157,76,81
050,37,041,"North Carolina","Chowan County",2,41,143,67,76
050,37,041,"North Carolina","Chowan County",2,42,145,65,80
050,37,041,"North Carolina","Chowan County",2,43,157,76,81
050,37,041,"North Carolina","Chowan County",2,44,142,70,72
050,37,041,"North Carolina","Chowan County",2,45,138,59,79
050,37,041,"North Carolina","Chowan County",2,46,137,63,74
050,37,041,"North Carolina","Chowan County",2,47,142,69,73
050,37,041,"North Carolina","Chowan County",2,48,143,69,74
050,37,041,"North Carolina","Chowan County",2,49,155,77,78
050,37,041,"North Carolina","Chowan County",2,50,153,78,75
050,37,041,"North Carolina","Chowan County",2,51,155,79,76
050,37,041,"North Carolina","Chowan County",2,52,143,66,77
050,37,041,"North Carolina","Chowan County",2,53,146,60,86
050,37,041,"North Carolina","Chowan County",2,54,173,75,98
050,37,041,"North Carolina","Chowan County",2,55,185,84,101
050,37,041,"North Carolina","Chowan County",2,56,209,97,112
050,37,041,"North Carolina","Chowan County",2,57,221,107,114
050,37,041,"North Carolina","Chowan County",2,58,225,110,115
050,37,041,"North Carolina","Chowan County",2,59,217,98,119
050,37,041,"North Carolina","Chowan County",2,60,225,97,128
050,37,041,"North Carolina","Chowan County",2,61,226,106,120
050,37,041,"North Carolina","Chowan County",2,62,235,110,125
050,37,041,"North Carolina","Chowan County",2,63,233,114,119
050,37,041,"North Carolina","Chowan County",2,64,232,115,117
050,37,041,"North Carolina","Chowan County",2,65,237,116,121
050,37,041,"North Carolina","Chowan County",2,66,228,106,122
050,37,041,"North Carolina","Chowan County",2,67,226,107,119
050,37,041,"North Carolina","Chowan County",2,68,227,103,124
050,37,041,"North Carolina","Chowan County",2,69,193,81,112
050,37,041,"North Carolina","Chowan County",2,70,202,90,112
050,37,041,"North Carolina","Chowan County",2,71,199,87,112
050,37,041,"North Carolina","Chowan County",2,72,187,89,98
050,37,041,"North Carolina","Chowan County",2,73,205,98,107
050,37,041,"North Carolina","Chowan County",2,74,146,63,83
050,37,041,"North Carolina","Chowan County",2,75,146,61,85
050,37,041,"North Carolina","Chowan County",2,76,139,61,78
050,37,041,"North Carolina","Chowan County",2,77,142,69,73
050,37,041,"North Carolina","Chowan County",2,78,117,56,61
050,37,041,"North Carolina","Chowan County",2,79,101,48,53
050,37,041,"North Carolina","Chowan County",2,80,95,41,54
050,37,041,"North Carolina","Chowan County",2,81,74,36,38
050,37,041,"North Carolina","Chowan County",2,82,78,37,41
050,37,041,"North Carolina","Chowan County",2,83,75,35,40
050,37,041,"North Carolina","Chowan County",2,84,79,29,50
050,37,041,"North Carolina","Chowan County",2,85,404,128,276
050,37,041,"North Carolina","Chowan County",3,0,135,73,62
050,37,041,"North Carolina","Chowan County",3,1,137,71,66
050,37,041,"North Carolina","Chowan County",3,2,138,69,69
050,37,041,"North Carolina","Chowan County",3,3,140,79,61
050,37,041,"North Carolina","Chowan County",3,4,131,66,65
050,37,041,"North Carolina","Chowan County",3,5,130,62,68
050,37,041,"North Carolina","Chowan County",3,6,147,78,69
050,37,041,"North Carolina","Chowan County",3,7,145,79,66
050,37,041,"North Carolina","Chowan County",3,8,158,83,75
050,37,041,"North Carolina","Chowan County",3,9,141,70,71
050,37,041,"North Carolina","Chowan County",3,10,139,65,74
050,37,041,"North Carolina","Chowan County",3,11,162,82,80
050,37,041,"North Carolina","Chowan County",3,12,150,80,70
050,37,041,"North Carolina","Chowan County",3,13,173,78,95
050,37,041,"North Carolina","Chowan County",3,14,180,81,99
050,37,041,"North Carolina","Chowan County",3,15,185,95,90
050,37,041,"North Carolina","Chowan County",3,16,164,82,82
050,37,041,"North Carolina","Chowan County",3,17,159,77,82
050,37,041,"North Carolina","Chowan County",3,18,139,73,66
050,37,041,"North Carolina","Chowan County",3,19,128,66,62
050,37,041,"North Carolina","Chowan County",3,20,136,67,69
050,37,041,"North Carolina","Chowan County",3,21,145,75,70
050,37,041,"North Carolina","Chowan County",3,22,148,75,73
050,37,041,"North Carolina","Chowan County",3,23,144,72,72
050,37,041,"North Carolina","Chowan County",3,24,133,73,60
050,37,041,"North Carolina","Chowan County",3,25,149,85,64
050,37,041,"North Carolina","Chowan County",3,26,139,84,55
050,37,041,"North Carolina","Chowan County",3,27,138,73,65
050,37,041,"North Carolina","Chowan County",3,28,146,79,67
050,37,041,"North Carolina","Chowan County",3,29,143,77,66
050,37,041,"North Carolina","Chowan County",3,30,137,74,63
050,37,041,"North Carolina","Chowan County",3,31,124,65,59
050,37,041,"North Carolina","Chowan County",3,32,133,65,68
050,37,041,"North Carolina","Chowan County",3,33,129,57,72
050,37,041,"North Carolina","Chowan County",3,34,135,63,72
050,37,041,"North Carolina","Chowan County",3,35,164,80,84
050,37,041,"North Carolina","Chowan County",3,36,140,71,69
050,37,041,"North Carolina","Chowan County",3,37,143,69,74
050,37,041,"North Carolina","Chowan County",3,38,153,75,78
050,37,041,"North Carolina","Chowan County",3,39,137,70,67
050,37,041,"North Carolina","Chowan County",3,40,141,69,72
050,37,041,"North Carolina","Chowan County",3,41,158,74,84
050,37,041,"North Carolina","Chowan County",3,42,150,74,76
050,37,041,"North Carolina","Chowan County",3,43,156,71,85
050,37,041,"North Carolina","Chowan County",3,44,162,79,83
050,37,041,"North Carolina","Chowan County",3,45,149,72,77
050,37,041,"North Carolina","Chowan County",3,46,149,68,81
050,37,041,"North Carolina","Chowan County",3,47,144,65,79
050,37,041,"North Carolina","Chowan County",3,48,146,68,78
050,37,041,"North Carolina","Chowan County",3,49,145,69,76
050,37,041,"North Carolina","Chowan County",3,50,155,77,78
050,37,041,"North Carolina","Chowan County",3,51,159,79,80
050,37,041,"North Carolina","Chowan County",3,52,157,80,77
050,37,041,"North Carolina","Chowan County",3,53,141,68,73
050,37,041,"North Carolina","Chowan County",3,54,157,61,96
050,37,041,"North Carolina","Chowan County",3,55,172,76,96
050,37,041,"North Carolina","Chowan County",3,56,193,84,109
050,37,041,"North Carolina","Chowan County",3,57,210,96,114
050,37,041,"North Carolina","Chowan County",3,58,224,107,117
050,37,041,"North Carolina","Chowan County",3,59,229,111,118
050,37,041,"North Carolina","Chowan County",3,60,226,100,126
050,37,041,"North Carolina","Chowan County",3,61,229,104,125
050,37,041,"North Carolina","Chowan County",3,62,218,102,116
050,37,041,"North Carolina","Chowan County",3,63,234,104,130
050,37,041,"North Carolina","Chowan County",3,64,237,111,126
050,37,041,"North Carolina","Chowan County",3,65,224,110,114
050,37,041,"North Carolina","Chowan County",3,66,238,115,123
050,37,041,"North Carolina","Chowan County",3,67,225,107,118
050,37,041,"North Carolina","Chowan County",3,68,232,107,125
050,37,041,"North Carolina","Chowan County",3,69,224,102,122
050,37,041,"North Carolina","Chowan County",3,70,192,84,108
050,37,041,"North Carolina","Chowan County",3,71,190,82,108
050,37,041,"North Carolina","Chowan County",3,72,193,90,103
050,37,041,"North Carolina","Chowan County",3,73,179,84,95
050,37,041,"North Carolina","Chowan County",3,74,200,93,107
050,37,041,"North Carolina","Chowan County",3,75,140,62,78
050,37,041,"North Carolina","Chowan County",3,76,141,60,81
050,37,041,"North Carolina","Chowan County",3,77,130,59,71
050,37,041,"North Carolina","Chowan County",3,78,125,57,68
050,37,041,"North Carolina","Chowan County",3,79,102,45,57
050,37,041,"North Carolina","Chowan County",3,80,99,44,55
050,37,041,"North Carolina","Chowan County",3,81,77,35,42
050,37,041,"North Carolina","Chowan County",3,82,71,35,36
050,37,041,"North Carolina","Chowan County",3,83,65,28,37
050,37,041,"North Carolina","Chowan County",3,84,77,36,41
050,37,041,"North Carolina","Chowan County",3,85,399,127,272
050,37,041,"North Carolina","Chowan County",4,0,140,77,63
050,37,041,"North Carolina","Chowan County",4,1,150,77,73
050,37,041,"North Carolina","Chowan County",4,2,142,70,72
050,37,041,"North Carolina","Chowan County",4,3,142,71,71
050,37,041,"North Carolina","Chowan County",4,4,149,82,67
050,37,041,"North Carolina","Chowan County",4,5,133,67,66
050,37,041,"North Carolina","Chowan County",4,6,141,67,74
050,37,041,"North Carolina","Chowan County",4,7,148,79,69
050,37,041,"North Carolina","Chowan County",4,8,144,80,64
050,37,041,"North Carolina","Chowan County",4,9,157,79,78
050,37,041,"North Carolina","Chowan County",4,10,138,67,71
050,37,041,"North Carolina","Chowan County",4,11,137,70,67
050,37,041,"North Carolina","Chowan County",4,12,171,93,78
050,37,041,"North Carolina","Chowan County",4,13,154,88,66
050,37,041,"North Carolina","Chowan County",4,14,184,82,102
050,37,041,"North Carolina","Chowan County",4,15,187,86,101
050,37,041,"North Carolina","Chowan County",4,16,184,97,87
050,37,041,"North Carolina","Chowan County",4,17,166,75,91
050,37,041,"North Carolina","Chowan County",4,18,133,71,62
050,37,041,"North Carolina","Chowan County",4,19,116,65,51
050,37,041,"North Carolina","Chowan County",4,20,139,69,70
050,37,041,"North Carolina","Chowan County",4,21,141,68,73
050,37,041,"North Carolina","Chowan County",4,22,145,74,71
050,37,041,"North Carolina","Chowan County",4,23,155,77,78
050,37,041,"North Carolina","Chowan County",4,24,146,72,74
050,37,041,"North Carolina","Chowan County",4,25,131,76,55
050,37,041,"North Carolina","Chowan County",4,26,139,80,59
050,37,041,"North Carolina","Chowan County",4,27,148,87,61
050,37,041,"North Carolina","Chowan County",4,28,142,72,70
050,37,041,"North Carolina","Chowan County",4,29,147,81,66
050,37,041,"North Carolina","Chowan County",4,30,136,70,66
050,37,041,"North Carolina","Chowan County",4,31,139,77,62
050,37,041,"North Carolina","Chowan County",4,32,133,70,63
050,37,041,"North Carolina","Chowan County",4,33,145,69,76
050,37,041,"North Carolina","Chowan County",4,34,133,62,71
050,37,041,"North Carolina","Chowan County",4,35,135,68,67
050,37,041,"North Carolina","Chowan County",4,36,164,72,92
050,37,041,"North Carolina","Chowan County",4,37,143,74,69
050,37,041,"North Carolina","Chowan County",4,38,157,74,83
050,37,041,"North Carolina","Chowan County",4,39,165,85,80
050,37,041,"North Carolina","Chowan County",4,40,137,69,68
050,37,041,"North Carolina","Chowan County",4,41,141,73,68
050,37,041,"North Carolina","Chowan County",4,42,158,78,80
050,37,041,"North Carolina","Chowan County",4,43,142,69,73
050,37,041,"North Carolina","Chowan County",4,44,156,68,88
050,37,041,"North Carolina","Chowan County",4,45,166,80,86
050,37,041,"North Carolina","Chowan County",4,46,142,67,75
050,37,041,"North Carolina","Chowan County",4,47,161,76,85
050,37,041,"North Carolina","Chowan County",4,48,145,64,81
050,37,041,"North Carolina","Chowan County",4,49,152,71,81
050,37,041,"North Carolina","Chowan County",4,50,152,78,74
050,37,041,"North Carolina","Chowan County",4,51,156,75,81
050,37,041,"North Carolina","Chowan County",4,52,165,78,87
050,37,041,"North Carolina","Chowan County",4,53,166,84,82
050,37,041,"North Carolina","Chowan County",4,54,149,74,75
050,37,041,"North Carolina","Chowan County",4,55,164,65,99
050,37,041,"North Carolina","Chowan County",4,56,180,84,96
050,37,041,"North Carolina","Chowan County",4,57,185,83,102
050,37,041,"North Carolina","Chowan County",4,58,202,91,111
050,37,041,"North Carolina","Chowan County",4,59,226,108,118
050,37,041,"North Carolina","Chowan County",4,60,229,112,117
050,37,041,"North Carolina","Chowan County",4,61,222,102,120
050,37,041,"North Carolina","Chowan County",4,62,230,103,127
050,37,041,"North Carolina","Chowan County",4,63,212,101,111
050,37,041,"North Carolina","Chowan County",4,64,249,114,135
050,37,041,"North Carolina","Chowan County",4,65,238,112,126
050,37,041,"North Carolina","Chowan County",4,66,231,107,124
050,37,041,"North Carolina","Chowan County",4,67,238,114,124
050,37,041,"North Carolina","Chowan County",4,68,230,107,123
050,37,041,"North Carolina","Chowan County",4,69,228,107,121
050,37,041,"North Carolina","Chowan County",4,70,220,102,118
050,37,041,"North Carolina","Chowan County",4,71,188,81,107
050,37,041,"North Carolina","Chowan County",4,72,189,89,100
050,37,041,"North Carolina","Chowan County",4,73,187,86,101
050,37,041,"North Carolina","Chowan County",4,74,172,77,95
050,37,041,"North Carolina","Chowan County",4,75,193,90,103
050,37,041,"North Carolina","Chowan County",4,76,139,66,73
050,37,041,"North Carolina","Chowan County",4,77,140,61,79
050,37,041,"North Carolina","Chowan County",4,78,119,50,69
050,37,041,"North Carolina","Chowan County",4,79,113,52,61
050,37,041,"North Carolina","Chowan County",4,80,104,42,62
050,37,041,"North Carolina","Chowan County",4,81,86,40,46
050,37,041,"North Carolina","Chowan County",4,82,77,35,42
050,37,041,"North Carolina","Chowan County",4,83,59,29,30
050,37,041,"North Carolina","Chowan County",4,84,67,27,40
050,37,041,"North Carolina","Chowan County",4,85,394,130,264
050,37,041,"North Carolina","Chowan County",5,0,137,75,62
050,37,041,"North Carolina","Chowan County",5,1,131,71,60
050,37,041,"North Carolina","Chowan County",5,2,150,75,75
050,37,041,"North Carolina","Chowan County",5,3,148,71,77
050,37,041,"North Carolina","Chowan County",5,4,129,65,64
050,37,041,"North Carolina","Chowan County",5,5,150,79,71
050,37,041,"North Carolina","Chowan County",5,6,130,56,74
050,37,041,"North Carolina","Chowan County",5,7,144,67,77
050,37,041,"North Carolina","Chowan County",5,8,152,82,70
050,37,041,"North Carolina","Chowan County",5,9,154,84,70
050,37,041,"North Carolina","Chowan County",5,10,162,78,84
050,37,041,"North Carolina","Chowan County",5,11,142,70,72
050,37,041,"North Carolina","Chowan County",5,12,145,74,71
050,37,041,"North Carolina","Chowan County",5,13,172,93,79
050,37,041,"North Carolina","Chowan County",5,14,157,90,67
050,37,041,"North Carolina","Chowan County",5,15,188,83,105
050,37,041,"North Carolina","Chowan County",5,16,190,86,104
050,37,041,"North Carolina","Chowan County",5,17,187,100,87
050,37,041,"North Carolina","Chowan County",5,18,140,71,69
050,37,041,"North Carolina","Chowan County",5,19,104,53,51
050,37,041,"North Carolina","Chowan County",5,20,127,63,64
050,37,041,"North Carolina","Chowan County",5,21,144,74,70
050,37,041,"North Carolina","Chowan County",5,22,146,75,71
050,37,041,"North Carolina","Chowan County",5,23,139,71,68
050,37,041,"North Carolina","Chowan County",5,24,153,75,78
050,37,041,"North Carolina","Chowan County",5,25,145,74,71
050,37,041,"North Carolina","Chowan County",5,26,140,80,60
050,37,041,"North Carolina","Chowan County",5,27,136,79,57
050,37,041,"North Carolina","Chowan County",5,28,148,86,62
050,37,041,"North Carolina","Chowan County",5,29,139,74,65
050,37,041,"North Carolina","Chowan County",5,30,141,73,68
050,37,041,"North Carolina","Chowan County",5,31,138,71,67
050,37,041,"North Carolina","Chowan County",5,32,147,81,66
050,37,041,"North Carolina","Chowan County",5,33,143,67,76
050,37,041,"North Carolina","Chowan County",5,34,127,58,69
050,37,041,"North Carolina","Chowan County",5,35,135,65,70
050,37,041,"North Carolina","Chowan County",5,36,138,70,68
050,37,041,"North Carolina","Chowan County",5,37,178,79,99
050,37,041,"North Carolina","Chowan County",5,38,152,72,80
050,37,041,"North Carolina","Chowan County",5,39,153,79,74
050,37,041,"North Carolina","Chowan County",5,40,150,79,71
050,37,041,"North Carolina","Chowan County",5,41,140,67,73
050,37,041,"North Carolina","Chowan County",5,42,144,76,68
050,37,041,"North Carolina","Chowan County",5,43,159,77,82
050,37,041,"North Carolina","Chowan County",5,44,135,64,71
050,37,041,"North Carolina","Chowan County",5,45,157,66,91
050,37,041,"North Carolina","Chowan County",5,46,171,83,88
050,37,041,"North Carolina","Chowan County",5,47,151,70,81
050,37,041,"North Carolina","Chowan County",5,48,152,76,76
050,37,041,"North Carolina","Chowan County",5,49,139,60,79
050,37,041,"North Carolina","Chowan County",5,50,147,70,77
050,37,041,"North Carolina","Chowan County",5,51,151,71,80
050,37,041,"North Carolina","Chowan County",5,52,162,79,83
050,37,041,"North Carolina","Chowan County",5,53,162,79,83
050,37,041,"North Carolina","Chowan County",5,54,169,82,87
050,37,041,"North Carolina","Chowan County",5,55,153,78,75
050,37,041,"North Carolina","Chowan County",5,56,166,71,95
050,37,041,"North Carolina","Chowan County",5,57,177,72,105
050,37,041,"North Carolina","Chowan County",5,58,188,81,107
050,37,041,"North Carolina","Chowan County",5,59,206,95,111
050,37,041,"North Carolina","Chowan County",5,60,230,107,123
050,37,041,"North Carolina","Chowan County",5,61,236,120,116
050,37,041,"North Carolina","Chowan County",5,62,223,102,121
050,37,041,"North Carolina","Chowan County",5,63,226,108,118
050,37,041,"North Carolina","Chowan County",5,64,217,101,116
050,37,041,"North Carolina","Chowan County",5,65,248,111,137
050,37,041,"North Carolina","Chowan County",5,66,251,118,133
050,37,041,"North Carolina","Chowan County",5,67,220,103,117
050,37,041,"North Carolina","Chowan County",5,68,240,116,124
050,37,041,"North Carolina","Chowan County",5,69,225,106,119
050,37,041,"North Carolina","Chowan County",5,70,223,110,113
050,37,041,"North Carolina","Chowan County",5,71,214,96,118
050,37,041,"North Carolina","Chowan County",5,72,186,85,101
050,37,041,"North Carolina","Chowan County",5,73,181,83,98
050,37,041,"North Carolina","Chowan County",5,74,179,78,101
050,37,041,"North Carolina","Chowan County",5,75,169,77,92
050,37,041,"North Carolina","Chowan County",5,76,193,93,100
050,37,041,"North Carolina","Chowan County",5,77,127,60,67
050,37,041,"North Carolina","Chowan County",5,78,128,51,77
050,37,041,"North Carolina","Chowan County",5,79,102,41,61
050,37,041,"North Carolina","Chowan County",5,80,115,51,64
050,37,041,"North Carolina","Chowan County",5,81,94,39,55
050,37,041,"North Carolina","Chowan County",5,82,89,42,47
050,37,041,"North Carolina","Chowan County",5,83,69,30,39
050,37,041,"North Carolina","Chowan County",5,84,65,31,34
050,37,041,"North Carolina","Chowan County",5,85,381,126,255
050,37,043,"North Carolina","Clay County",1,0,83,43,40
050,37,043,"North Carolina","Clay County",1,1,95,52,43
050,37,043,"North Carolina","Clay County",1,2,92,52,40
050,37,043,"North Carolina","Clay County",1,3,112,65,47
050,37,043,"North Carolina","Clay County",1,4,114,61,53
050,37,043,"North Carolina","Clay County",1,5,72,38,34
050,37,043,"North Carolina","Clay County",1,6,89,43,46
050,37,043,"North Carolina","Clay County",1,7,98,52,46
050,37,043,"North Carolina","Clay County",1,8,87,44,43
050,37,043,"North Carolina","Clay County",1,9,96,47,49
050,37,043,"North Carolina","Clay County",1,10,97,52,45
050,37,043,"North Carolina","Clay County",1,11,116,68,48
050,37,043,"North Carolina","Clay County",1,12,108,51,57
050,37,043,"North Carolina","Clay County",1,13,104,53,51
050,37,043,"North Carolina","Clay County",1,14,124,64,60
050,37,043,"North Carolina","Clay County",1,15,118,62,56
050,37,043,"North Carolina","Clay County",1,16,123,69,54
050,37,043,"North Carolina","Clay County",1,17,124,68,56
050,37,043,"North Carolina","Clay County",1,18,105,61,44
050,37,043,"North Carolina","Clay County",1,19,85,45,40
050,37,043,"North Carolina","Clay County",1,20,92,48,44
050,37,043,"North Carolina","Clay County",1,21,86,48,38
050,37,043,"North Carolina","Clay County",1,22,90,52,38
050,37,043,"North Carolina","Clay County",1,23,98,56,42
050,37,043,"North Carolina","Clay County",1,24,91,48,43
050,37,043,"North Carolina","Clay County",1,25,90,42,48
050,37,043,"North Carolina","Clay County",1,26,87,46,41
050,37,043,"North Carolina","Clay County",1,27,100,58,42
050,37,043,"North Carolina","Clay County",1,28,94,41,53
050,37,043,"North Carolina","Clay County",1,29,84,41,43
050,37,043,"North Carolina","Clay County",1,30,97,45,52
050,37,043,"North Carolina","Clay County",1,31,106,49,57
050,37,043,"North Carolina","Clay County",1,32,82,34,48
050,37,043,"North Carolina","Clay County",1,33,89,40,49
050,37,043,"North Carolina","Clay County",1,34,97,55,42
050,37,043,"North Carolina","Clay County",1,35,96,63,33
050,37,043,"North Carolina","Clay County",1,36,103,57,46
050,37,043,"North Carolina","Clay County",1,37,102,49,53
050,37,043,"North Carolina","Clay County",1,38,101,53,48
050,37,043,"North Carolina","Clay County",1,39,107,55,52
050,37,043,"North Carolina","Clay County",1,40,100,47,53
050,37,043,"North Carolina","Clay County",1,41,101,53,48
050,37,043,"North Carolina","Clay County",1,42,106,49,57
050,37,043,"North Carolina","Clay County",1,43,103,50,53
050,37,043,"North Carolina","Clay County",1,44,106,57,49
050,37,043,"North Carolina","Clay County",1,45,103,44,59
050,37,043,"North Carolina","Clay County",1,46,119,60,59
050,37,043,"North Carolina","Clay County",1,47,127,62,65
050,37,043,"North Carolina","Clay County",1,48,132,65,67
050,37,043,"North Carolina","Clay County",1,49,138,73,65
050,37,043,"North Carolina","Clay County",1,50,127,64,63
050,37,043,"North Carolina","Clay County",1,51,140,61,79
050,37,043,"North Carolina","Clay County",1,52,139,68,71
050,37,043,"North Carolina","Clay County",1,53,138,74,64
050,37,043,"North Carolina","Clay County",1,54,128,60,68
050,37,043,"North Carolina","Clay County",1,55,155,65,90
050,37,043,"North Carolina","Clay County",1,56,146,66,80
050,37,043,"North Carolina","Clay County",1,57,161,79,82
050,37,043,"North Carolina","Clay County",1,58,165,92,73
050,37,043,"North Carolina","Clay County",1,59,188,89,99
050,37,043,"North Carolina","Clay County",1,60,205,98,107
050,37,043,"North Carolina","Clay County",1,61,187,88,99
050,37,043,"North Carolina","Clay County",1,62,209,94,115
050,37,043,"North Carolina","Clay County",1,63,206,93,113
050,37,043,"North Carolina","Clay County",1,64,228,105,123
050,37,043,"North Carolina","Clay County",1,65,229,109,120
050,37,043,"North Carolina","Clay County",1,66,208,97,111
050,37,043,"North Carolina","Clay County",1,67,212,99,113
050,37,043,"North Carolina","Clay County",1,68,240,106,134
050,37,043,"North Carolina","Clay County",1,69,210,96,114
050,37,043,"North Carolina","Clay County",1,70,210,109,101
050,37,043,"North Carolina","Clay County",1,71,221,110,111
050,37,043,"North Carolina","Clay County",1,72,227,99,128
050,37,043,"North Carolina","Clay County",1,73,215,100,115
050,37,043,"North Carolina","Clay County",1,74,159,82,77
050,37,043,"North Carolina","Clay County",1,75,155,76,79
050,37,043,"North Carolina","Clay County",1,76,159,78,81
050,37,043,"North Carolina","Clay County",1,77,156,76,80
050,37,043,"North Carolina","Clay County",1,78,116,59,57
050,37,043,"North Carolina","Clay County",1,79,102,48,54
050,37,043,"North Carolina","Clay County",1,80,112,49,63
050,37,043,"North Carolina","Clay County",1,81,85,40,45
050,37,043,"North Carolina","Clay County",1,82,66,38,28
050,37,043,"North Carolina","Clay County",1,83,56,28,28
050,37,043,"North Carolina","Clay County",1,84,65,34,31
050,37,043,"North Carolina","Clay County",1,85,290,128,162
050,37,043,"North Carolina","Clay County",2,0,87,44,43
050,37,043,"North Carolina","Clay County",2,1,91,49,42
050,37,043,"North Carolina","Clay County",2,2,93,53,40
050,37,043,"North Carolina","Clay County",2,3,108,62,46
050,37,043,"North Carolina","Clay County",2,4,112,62,50
050,37,043,"North Carolina","Clay County",2,5,83,44,39
050,37,043,"North Carolina","Clay County",2,6,86,43,43
050,37,043,"North Carolina","Clay County",2,7,98,51,47
050,37,043,"North Carolina","Clay County",2,8,89,45,44
050,37,043,"North Carolina","Clay County",2,9,93,47,46
050,37,043,"North Carolina","Clay County",2,10,96,50,46
050,37,043,"North Carolina","Clay County",2,11,111,64,47
050,37,043,"North Carolina","Clay County",2,12,111,56,55
050,37,043,"North Carolina","Clay County",2,13,105,53,52
050,37,043,"North Carolina","Clay County",2,14,119,62,57
050,37,043,"North Carolina","Clay County",2,15,121,63,58
050,37,043,"North Carolina","Clay County",2,16,122,66,56
050,37,043,"North Carolina","Clay County",2,17,124,68,56
050,37,043,"North Carolina","Clay County",2,18,106,62,44
050,37,043,"North Carolina","Clay County",2,19,85,46,39
050,37,043,"North Carolina","Clay County",2,20,94,50,44
050,37,043,"North Carolina","Clay County",2,21,88,48,40
050,37,043,"North Carolina","Clay County",2,22,92,52,40
050,37,043,"North Carolina","Clay County",2,23,95,54,41
050,37,043,"North Carolina","Clay County",2,24,92,49,43
050,37,043,"North Carolina","Clay County",2,25,90,42,48
050,37,043,"North Carolina","Clay County",2,26,90,47,43
050,37,043,"North Carolina","Clay County",2,27,98,55,43
050,37,043,"North Carolina","Clay County",2,28,94,45,49
050,37,043,"North Carolina","Clay County",2,29,86,40,46
050,37,043,"North Carolina","Clay County",2,30,98,45,53
050,37,043,"North Carolina","Clay County",2,31,104,49,55
050,37,043,"North Carolina","Clay County",2,32,88,38,50
050,37,043,"North Carolina","Clay County",2,33,89,40,49
050,37,043,"North Carolina","Clay County",2,34,95,51,44
050,37,043,"North Carolina","Clay County",2,35,96,61,35
050,37,043,"North Carolina","Clay County",2,36,104,60,44
050,37,043,"North Carolina","Clay County",2,37,103,51,52
050,37,043,"North Carolina","Clay County",2,38,102,53,49
050,37,043,"North Carolina","Clay County",2,39,106,55,51
050,37,043,"North Carolina","Clay County",2,40,103,49,54
050,37,043,"North Carolina","Clay County",2,41,101,51,50
050,37,043,"North Carolina","Clay County",2,42,103,50,53
050,37,043,"North Carolina","Clay County",2,43,105,51,54
050,37,043,"North Carolina","Clay County",2,44,103,54,49
050,37,043,"North Carolina","Clay County",2,45,105,48,57
050,37,043,"North Carolina","Clay County",2,46,115,56,59
050,37,043,"North Carolina","Clay County",2,47,125,61,64
050,37,043,"North Carolina","Clay County",2,48,133,66,67
050,37,043,"North Carolina","Clay County",2,49,139,71,68
050,37,043,"North Carolina","Clay County",2,50,130,67,63
050,37,043,"North Carolina","Clay County",2,51,135,60,75
050,37,043,"North Carolina","Clay County",2,52,139,66,73
050,37,043,"North Carolina","Clay County",2,53,139,73,66
050,37,043,"North Carolina","Clay County",2,54,130,63,67
050,37,043,"North Carolina","Clay County",2,55,150,64,86
050,37,043,"North Carolina","Clay County",2,56,152,67,85
050,37,043,"North Carolina","Clay County",2,57,161,78,83
050,37,043,"North Carolina","Clay County",2,58,169,92,77
050,37,043,"North Carolina","Clay County",2,59,188,92,96
050,37,043,"North Carolina","Clay County",2,60,202,96,106
050,37,043,"North Carolina","Clay County",2,61,194,91,103
050,37,043,"North Carolina","Clay County",2,62,207,93,114
050,37,043,"North Carolina","Clay County",2,63,211,96,115
050,37,043,"North Carolina","Clay County",2,64,225,103,122
050,37,043,"North Carolina","Clay County",2,65,232,109,123
050,37,043,"North Carolina","Clay County",2,66,213,100,113
050,37,043,"North Carolina","Clay County",2,67,213,100,113
050,37,043,"North Carolina","Clay County",2,68,232,103,129
050,37,043,"North Carolina","Clay County",2,69,221,101,120
050,37,043,"North Carolina","Clay County",2,70,212,105,107
050,37,043,"North Carolina","Clay County",2,71,220,111,109
050,37,043,"North Carolina","Clay County",2,72,222,100,122
050,37,043,"North Carolina","Clay County",2,73,232,106,126
050,37,043,"North Carolina","Clay County",2,74,162,81,81
050,37,043,"North Carolina","Clay County",2,75,155,78,77
050,37,043,"North Carolina","Clay County",2,76,155,76,79
050,37,043,"North Carolina","Clay County",2,77,160,79,81
050,37,043,"North Carolina","Clay County",2,78,122,61,61
050,37,043,"North Carolina","Clay County",2,79,104,50,54
050,37,043,"North Carolina","Clay County",2,80,109,47,62
050,37,043,"North Carolina","Clay County",2,81,86,38,48
050,37,043,"North Carolina","Clay County",2,82,70,38,32
050,37,043,"North Carolina","Clay County",2,83,56,29,27
050,37,043,"North Carolina","Clay County",2,84,64,33,31
050,37,043,"North Carolina","Clay County",2,85,294,132,162
050,37,043,"North Carolina","Clay County",3,0,87,44,43
050,37,043,"North Carolina","Clay County",3,1,85,42,43
050,37,043,"North Carolina","Clay County",3,2,90,50,40
050,37,043,"North Carolina","Clay County",3,3,90,51,39
050,37,043,"North Carolina","Clay County",3,4,113,57,56
050,37,043,"North Carolina","Clay County",3,5,117,64,53
050,37,043,"North Carolina","Clay County",3,6,79,43,36
050,37,043,"North Carolina","Clay County",3,7,88,44,44
050,37,043,"North Carolina","Clay County",3,8,89,48,41
050,37,043,"North Carolina","Clay County",3,9,85,44,41
050,37,043,"North Carolina","Clay County",3,10,98,51,47
050,37,043,"North Carolina","Clay County",3,11,98,50,48
050,37,043,"North Carolina","Clay County",3,12,103,59,44
050,37,043,"North Carolina","Clay County",3,13,113,59,54
050,37,043,"North Carolina","Clay County",3,14,106,53,53
050,37,043,"North Carolina","Clay County",3,15,116,59,57
050,37,043,"North Carolina","Clay County",3,16,115,59,56
050,37,043,"North Carolina","Clay County",3,17,119,66,53
050,37,043,"North Carolina","Clay County",3,18,106,58,48
050,37,043,"North Carolina","Clay County",3,19,86,47,39
050,37,043,"North Carolina","Clay County",3,20,92,48,44
050,37,043,"North Carolina","Clay County",3,21,89,44,45
050,37,043,"North Carolina","Clay County",3,22,85,45,40
050,37,043,"North Carolina","Clay County",3,23,98,56,42
050,37,043,"North Carolina","Clay County",3,24,96,50,46
050,37,043,"North Carolina","Clay County",3,25,113,59,54
050,37,043,"North Carolina","Clay County",3,26,86,45,41
050,37,043,"North Carolina","Clay County",3,27,86,49,37
050,37,043,"North Carolina","Clay County",3,28,92,51,41
050,37,043,"North Carolina","Clay County",3,29,97,49,48
050,37,043,"North Carolina","Clay County",3,30,91,41,50
050,37,043,"North Carolina","Clay County",3,31,101,46,55
050,37,043,"North Carolina","Clay County",3,32,102,53,49
050,37,043,"North Carolina","Clay County",3,33,90,42,48
050,37,043,"North Carolina","Clay County",3,34,100,45,55
050,37,043,"North Carolina","Clay County",3,35,98,51,47
050,37,043,"North Carolina","Clay County",3,36,100,64,36
050,37,043,"North Carolina","Clay County",3,37,99,59,40
050,37,043,"North Carolina","Clay County",3,38,106,52,54
050,37,043,"North Carolina","Clay County",3,39,100,49,51
050,37,043,"North Carolina","Clay County",3,40,112,58,54
050,37,043,"North Carolina","Clay County",3,41,109,53,56
050,37,043,"North Carolina","Clay County",3,42,105,51,54
050,37,043,"North Carolina","Clay County",3,43,103,50,53
050,37,043,"North Carolina","Clay County",3,44,111,53,58
050,37,043,"North Carolina","Clay County",3,45,103,58,45
050,37,043,"North Carolina","Clay County",3,46,108,48,60
050,37,043,"North Carolina","Clay County",3,47,115,56,59
050,37,043,"North Carolina","Clay County",3,48,122,60,62
050,37,043,"North Carolina","Clay County",3,49,140,71,69
050,37,043,"North Carolina","Clay County",3,50,140,73,67
050,37,043,"North Carolina","Clay County",3,51,128,67,61
050,37,043,"North Carolina","Clay County",3,52,141,57,84
050,37,043,"North Carolina","Clay County",3,53,149,70,79
050,37,043,"North Carolina","Clay County",3,54,145,76,69
050,37,043,"North Carolina","Clay County",3,55,125,56,69
050,37,043,"North Carolina","Clay County",3,56,164,76,88
050,37,043,"North Carolina","Clay County",3,57,167,75,92
050,37,043,"North Carolina","Clay County",3,58,175,82,93
050,37,043,"North Carolina","Clay County",3,59,192,96,96
050,37,043,"North Carolina","Clay County",3,60,203,105,98
050,37,043,"North Carolina","Clay County",3,61,222,108,114
050,37,043,"North Carolina","Clay County",3,62,217,99,118
050,37,043,"North Carolina","Clay County",3,63,220,102,118
050,37,043,"North Carolina","Clay County",3,64,232,104,128
050,37,043,"North Carolina","Clay County",3,65,232,104,128
050,37,043,"North Carolina","Clay County",3,66,239,106,133
050,37,043,"North Carolina","Clay County",3,67,226,101,125
050,37,043,"North Carolina","Clay County",3,68,218,103,115
050,37,043,"North Carolina","Clay County",3,69,239,105,134
050,37,043,"North Carolina","Clay County",3,70,225,104,121
050,37,043,"North Carolina","Clay County",3,71,212,103,109
050,37,043,"North Carolina","Clay County",3,72,219,116,103
050,37,043,"North Carolina","Clay County",3,73,230,106,124
050,37,043,"North Carolina","Clay County",3,74,226,106,120
050,37,043,"North Carolina","Clay County",3,75,169,80,89
050,37,043,"North Carolina","Clay County",3,76,141,78,63
050,37,043,"North Carolina","Clay County",3,77,159,77,82
050,37,043,"North Carolina","Clay County",3,78,156,78,78
050,37,043,"North Carolina","Clay County",3,79,117,61,56
050,37,043,"North Carolina","Clay County",3,80,103,49,54
050,37,043,"North Carolina","Clay County",3,81,106,47,59
050,37,043,"North Carolina","Clay County",3,82,79,33,46
050,37,043,"North Carolina","Clay County",3,83,64,33,31
050,37,043,"North Carolina","Clay County",3,84,56,29,27
050,37,043,"North Carolina","Clay County",3,85,307,136,171
050,37,043,"North Carolina","Clay County",4,0,79,39,40
050,37,043,"North Carolina","Clay County",4,1,84,40,44
050,37,043,"North Carolina","Clay County",4,2,87,43,44
050,37,043,"North Carolina","Clay County",4,3,97,58,39
050,37,043,"North Carolina","Clay County",4,4,94,58,36
050,37,043,"North Carolina","Clay County",4,5,111,52,59
050,37,043,"North Carolina","Clay County",4,6,119,63,56
050,37,043,"North Carolina","Clay County",4,7,81,44,37
050,37,043,"North Carolina","Clay County",4,8,84,41,43
050,37,043,"North Carolina","Clay County",4,9,93,50,43
050,37,043,"North Carolina","Clay County",4,10,86,41,45
050,37,043,"North Carolina","Clay County",4,11,103,51,52
050,37,043,"North Carolina","Clay County",4,12,104,52,52
050,37,043,"North Carolina","Clay County",4,13,103,59,44
050,37,043,"North Carolina","Clay County",4,14,108,54,54
050,37,043,"North Carolina","Clay County",4,15,106,56,50
050,37,043,"North Carolina","Clay County",4,16,116,58,58
050,37,043,"North Carolina","Clay County",4,17,119,55,64
050,37,043,"North Carolina","Clay County",4,18,106,57,49
050,37,043,"North Carolina","Clay County",4,19,82,42,40
050,37,043,"North Carolina","Clay County",4,20,85,47,38
050,37,043,"North Carolina","Clay County",4,21,104,54,50
050,37,043,"North Carolina","Clay County",4,22,88,42,46
050,37,043,"North Carolina","Clay County",4,23,84,44,40
050,37,043,"North Carolina","Clay County",4,24,92,49,43
050,37,043,"North Carolina","Clay County",4,25,103,53,50
050,37,043,"North Carolina","Clay County",4,26,96,51,45
050,37,043,"North Carolina","Clay County",4,27,88,44,44
050,37,043,"North Carolina","Clay County",4,28,86,48,38
050,37,043,"North Carolina","Clay County",4,29,99,49,50
050,37,043,"North Carolina","Clay County",4,30,104,50,54
050,37,043,"North Carolina","Clay County",4,31,92,41,51
050,37,043,"North Carolina","Clay County",4,32,99,46,53
050,37,043,"North Carolina","Clay County",4,33,105,52,53
050,37,043,"North Carolina","Clay County",4,34,89,39,50
050,37,043,"North Carolina","Clay County",4,35,94,44,50
050,37,043,"North Carolina","Clay County",4,36,113,60,53
050,37,043,"North Carolina","Clay County",4,37,108,66,42
050,37,043,"North Carolina","Clay County",4,38,104,58,46
050,37,043,"North Carolina","Clay County",4,39,115,56,59
050,37,043,"North Carolina","Clay County",4,40,101,52,49
050,37,043,"North Carolina","Clay County",4,41,108,54,54
050,37,043,"North Carolina","Clay County",4,42,112,57,55
050,37,043,"North Carolina","Clay County",4,43,104,50,54
050,37,043,"North Carolina","Clay County",4,44,108,51,57
050,37,043,"North Carolina","Clay County",4,45,109,51,58
050,37,043,"North Carolina","Clay County",4,46,104,59,45
050,37,043,"North Carolina","Clay County",4,47,105,50,55
050,37,043,"North Carolina","Clay County",4,48,127,62,65
050,37,043,"North Carolina","Clay County",4,49,132,63,69
050,37,043,"North Carolina","Clay County",4,50,152,77,75
050,37,043,"North Carolina","Clay County",4,51,144,78,66
050,37,043,"North Carolina","Clay County",4,52,131,70,61
050,37,043,"North Carolina","Clay County",4,53,146,58,88
050,37,043,"North Carolina","Clay County",4,54,157,75,82
050,37,043,"North Carolina","Clay County",4,55,156,81,75
050,37,043,"North Carolina","Clay County",4,56,139,62,77
050,37,043,"North Carolina","Clay County",4,57,180,82,98
050,37,043,"North Carolina","Clay County",4,58,171,74,97
050,37,043,"North Carolina","Clay County",4,59,194,96,98
050,37,043,"North Carolina","Clay County",4,60,204,106,98
050,37,043,"North Carolina","Clay County",4,61,226,118,108
050,37,043,"North Carolina","Clay County",4,62,237,116,121
050,37,043,"North Carolina","Clay County",4,63,236,110,126
050,37,043,"North Carolina","Clay County",4,64,235,115,120
050,37,043,"North Carolina","Clay County",4,65,254,114,140
050,37,043,"North Carolina","Clay County",4,66,246,117,129
050,37,043,"North Carolina","Clay County",4,67,243,110,133
050,37,043,"North Carolina","Clay County",4,68,227,103,124
050,37,043,"North Carolina","Clay County",4,69,219,104,115
050,37,043,"North Carolina","Clay County",4,70,247,105,142
050,37,043,"North Carolina","Clay County",4,71,225,102,123
050,37,043,"North Carolina","Clay County",4,72,211,99,112
050,37,043,"North Carolina","Clay County",4,73,215,115,100
050,37,043,"North Carolina","Clay County",4,74,216,99,117
050,37,043,"North Carolina","Clay County",4,75,222,100,122
050,37,043,"North Carolina","Clay County",4,76,160,78,82
050,37,043,"North Carolina","Clay County",4,77,144,79,65
050,37,043,"North Carolina","Clay County",4,78,151,78,73
050,37,043,"North Carolina","Clay County",4,79,155,76,79
050,37,043,"North Carolina","Clay County",4,80,115,58,57
050,37,043,"North Carolina","Clay County",4,81,91,40,51
050,37,043,"North Carolina","Clay County",4,82,95,42,53
050,37,043,"North Carolina","Clay County",4,83,72,27,45
050,37,043,"North Carolina","Clay County",4,84,62,32,30
050,37,043,"North Carolina","Clay County",4,85,317,143,174
050,37,043,"North Carolina","Clay County",5,0,88,45,43
050,37,043,"North Carolina","Clay County",5,1,79,43,36
050,37,043,"North Carolina","Clay County",5,2,84,39,45
050,37,043,"North Carolina","Clay County",5,3,90,46,44
050,37,043,"North Carolina","Clay County",5,4,95,54,41
050,37,043,"North Carolina","Clay County",5,5,99,60,39
050,37,043,"North Carolina","Clay County",5,6,113,50,63
050,37,043,"North Carolina","Clay County",5,7,116,57,59
050,37,043,"North Carolina","Clay County",5,8,83,47,36
050,37,043,"North Carolina","Clay County",5,9,89,46,43
050,37,043,"North Carolina","Clay County",5,10,91,48,43
050,37,043,"North Carolina","Clay County",5,11,97,52,45
050,37,043,"North Carolina","Clay County",5,12,104,53,51
050,37,043,"North Carolina","Clay County",5,13,104,57,47
050,37,043,"North Carolina","Clay County",5,14,110,61,49
050,37,043,"North Carolina","Clay County",5,15,115,56,59
050,37,043,"North Carolina","Clay County",5,16,111,59,52
050,37,043,"North Carolina","Clay County",5,17,127,59,68
050,37,043,"North Carolina","Clay County",5,18,105,54,51
050,37,043,"North Carolina","Clay County",5,19,87,48,39
050,37,043,"North Carolina","Clay County",5,20,95,50,45
050,37,043,"North Carolina","Clay County",5,21,94,51,43
050,37,043,"North Carolina","Clay County",5,22,109,58,51
050,37,043,"North Carolina","Clay County",5,23,92,49,43
050,37,043,"North Carolina","Clay County",5,24,79,41,38
050,37,043,"North Carolina","Clay County",5,25,92,46,46
050,37,043,"North Carolina","Clay County",5,26,104,52,52
050,37,043,"North Carolina","Clay County",5,27,94,47,47
050,37,043,"North Carolina","Clay County",5,28,88,46,42
050,37,043,"North Carolina","Clay County",5,29,97,55,42
050,37,043,"North Carolina","Clay County",5,30,99,53,46
050,37,043,"North Carolina","Clay County",5,31,107,50,57
050,37,043,"North Carolina","Clay County",5,32,100,45,55
050,37,043,"North Carolina","Clay County",5,33,107,53,54
050,37,043,"North Carolina","Clay County",5,34,97,46,51
050,37,043,"North Carolina","Clay County",5,35,93,42,51
050,37,043,"North Carolina","Clay County",5,36,105,51,54
050,37,043,"North Carolina","Clay County",5,37,108,57,51
050,37,043,"North Carolina","Clay County",5,38,114,69,45
050,37,043,"North Carolina","Clay County",5,39,103,57,46
050,37,043,"North Carolina","Clay County",5,40,114,58,56
050,37,043,"North Carolina","Clay County",5,41,107,57,50
050,37,043,"North Carolina","Clay County",5,42,110,54,56
050,37,043,"North Carolina","Clay County",5,43,116,60,56
050,37,043,"North Carolina","Clay County",5,44,109,51,58
050,37,043,"North Carolina","Clay County",5,45,111,53,58
050,37,043,"North Carolina","Clay County",5,46,115,54,61
050,37,043,"North Carolina","Clay County",5,47,103,60,43
050,37,043,"North Carolina","Clay County",5,48,113,56,57
050,37,043,"North Carolina","Clay County",5,49,132,64,68
050,37,043,"North Carolina","Clay County",5,50,124,58,66
050,37,043,"North Carolina","Clay County",5,51,155,75,80
050,37,043,"North Carolina","Clay County",5,52,153,78,75
050,37,043,"North Carolina","Clay County",5,53,138,70,68
050,37,043,"North Carolina","Clay County",5,54,148,64,84
050,37,043,"North Carolina","Clay County",5,55,165,75,90
050,37,043,"North Carolina","Clay County",5,56,163,79,84
050,37,043,"North Carolina","Clay County",5,57,144,65,79
050,37,043,"North Carolina","Clay County",5,58,184,88,96
050,37,043,"North Carolina","Clay County",5,59,183,73,110
050,37,043,"North Carolina","Clay County",5,60,205,108,97
050,37,043,"North Carolina","Clay County",5,61,210,109,101
050,37,043,"North Carolina","Clay County",5,62,238,118,120
050,37,043,"North Carolina","Clay County",5,63,251,129,122
050,37,043,"North Carolina","Clay County",5,64,259,121,138
050,37,043,"North Carolina","Clay County",5,65,231,113,118
050,37,043,"North Carolina","Clay County",5,66,248,113,135
050,37,043,"North Carolina","Clay County",5,67,263,126,137
050,37,043,"North Carolina","Clay County",5,68,248,114,134
050,37,043,"North Carolina","Clay County",5,69,235,109,126
050,37,043,"North Carolina","Clay County",5,70,218,100,118
050,37,043,"North Carolina","Clay County",5,71,241,106,135
050,37,043,"North Carolina","Clay County",5,72,222,100,122
050,37,043,"North Carolina","Clay County",5,73,212,98,114
050,37,043,"North Carolina","Clay County",5,74,208,107,101
050,37,043,"North Carolina","Clay County",5,75,213,96,117
050,37,043,"North Carolina","Clay County",5,76,221,98,123
050,37,043,"North Carolina","Clay County",5,77,158,78,80
050,37,043,"North Carolina","Clay County",5,78,138,75,63
050,37,043,"North Carolina","Clay County",5,79,156,85,71
050,37,043,"North Carolina","Clay County",5,80,156,75,81
050,37,043,"North Carolina","Clay County",5,81,108,54,54
050,37,043,"North Carolina","Clay County",5,82,88,39,49
050,37,043,"North Carolina","Clay County",5,83,92,41,51
050,37,043,"North Carolina","Clay County",5,84,67,23,44
050,37,043,"North Carolina","Clay County",5,85,327,150,177
050,37,045,"North Carolina","Cleveland County",1,0,1131,574,557
050,37,045,"North Carolina","Cleveland County",1,1,1171,594,577
050,37,045,"North Carolina","Cleveland County",1,2,1158,598,560
050,37,045,"North Carolina","Cleveland County",1,3,1125,555,570
050,37,045,"North Carolina","Cleveland County",1,4,1181,616,565
050,37,045,"North Carolina","Cleveland County",1,5,1121,599,522
050,37,045,"North Carolina","Cleveland County",1,6,1158,574,584
050,37,045,"North Carolina","Cleveland County",1,7,1197,602,595
050,37,045,"North Carolina","Cleveland County",1,8,1210,592,618
050,37,045,"North Carolina","Cleveland County",1,9,1211,605,606
050,37,045,"North Carolina","Cleveland County",1,10,1288,668,620
050,37,045,"North Carolina","Cleveland County",1,11,1371,714,657
050,37,045,"North Carolina","Cleveland County",1,12,1365,695,670
050,37,045,"North Carolina","Cleveland County",1,13,1361,675,686
050,37,045,"North Carolina","Cleveland County",1,14,1311,663,648
050,37,045,"North Carolina","Cleveland County",1,15,1313,673,640
050,37,045,"North Carolina","Cleveland County",1,16,1306,674,632
050,37,045,"North Carolina","Cleveland County",1,17,1285,646,639
050,37,045,"North Carolina","Cleveland County",1,18,1288,677,611
050,37,045,"North Carolina","Cleveland County",1,19,1343,694,649
050,37,045,"North Carolina","Cleveland County",1,20,1310,640,670
050,37,045,"North Carolina","Cleveland County",1,21,1266,642,624
050,37,045,"North Carolina","Cleveland County",1,22,1206,607,599
050,37,045,"North Carolina","Cleveland County",1,23,1190,579,611
050,37,045,"North Carolina","Cleveland County",1,24,1169,577,592
050,37,045,"North Carolina","Cleveland County",1,25,1179,579,600
050,37,045,"North Carolina","Cleveland County",1,26,1252,611,641
050,37,045,"North Carolina","Cleveland County",1,27,1268,649,619
050,37,045,"North Carolina","Cleveland County",1,28,1329,659,670
050,37,045,"North Carolina","Cleveland County",1,29,1330,651,679
050,37,045,"North Carolina","Cleveland County",1,30,1243,567,676
050,37,045,"North Carolina","Cleveland County",1,31,1233,585,648
050,37,045,"North Carolina","Cleveland County",1,32,1144,553,591
050,37,045,"North Carolina","Cleveland County",1,33,1098,548,550
050,37,045,"North Carolina","Cleveland County",1,34,1062,524,538
050,37,045,"North Carolina","Cleveland County",1,35,985,463,522
050,37,045,"North Carolina","Cleveland County",1,36,1014,489,525
050,37,045,"North Carolina","Cleveland County",1,37,1056,502,554
050,37,045,"North Carolina","Cleveland County",1,38,1106,541,565
050,37,045,"North Carolina","Cleveland County",1,39,1062,483,579
050,37,045,"North Carolina","Cleveland County",1,40,1116,521,595
050,37,045,"North Carolina","Cleveland County",1,41,1054,487,567
050,37,045,"North Carolina","Cleveland County",1,42,1107,542,565
050,37,045,"North Carolina","Cleveland County",1,43,1091,540,551
050,37,045,"North Carolina","Cleveland County",1,44,1078,539,539
050,37,045,"North Carolina","Cleveland County",1,45,1129,549,580
050,37,045,"North Carolina","Cleveland County",1,46,1106,547,559
050,37,045,"North Carolina","Cleveland County",1,47,1225,603,622
050,37,045,"North Carolina","Cleveland County",1,48,1322,627,695
050,37,045,"North Carolina","Cleveland County",1,49,1463,682,781
050,37,045,"North Carolina","Cleveland County",1,50,1366,652,714
050,37,045,"North Carolina","Cleveland County",1,51,1393,669,724
050,37,045,"North Carolina","Cleveland County",1,52,1384,678,706
050,37,045,"North Carolina","Cleveland County",1,53,1420,716,704
050,37,045,"North Carolina","Cleveland County",1,54,1405,691,714
050,37,045,"North Carolina","Cleveland County",1,55,1406,688,718
050,37,045,"North Carolina","Cleveland County",1,56,1458,701,757
050,37,045,"North Carolina","Cleveland County",1,57,1507,744,763
050,37,045,"North Carolina","Cleveland County",1,58,1451,726,725
050,37,045,"North Carolina","Cleveland County",1,59,1380,669,711
050,37,045,"North Carolina","Cleveland County",1,60,1382,687,695
050,37,045,"North Carolina","Cleveland County",1,61,1287,624,663
050,37,045,"North Carolina","Cleveland County",1,62,1391,694,697
050,37,045,"North Carolina","Cleveland County",1,63,1395,646,749
050,37,045,"North Carolina","Cleveland County",1,64,1289,594,695
050,37,045,"North Carolina","Cleveland County",1,65,1302,634,668
050,37,045,"North Carolina","Cleveland County",1,66,1245,620,625
050,37,045,"North Carolina","Cleveland County",1,67,1212,587,625
050,37,045,"North Carolina","Cleveland County",1,68,1178,553,625
050,37,045,"North Carolina","Cleveland County",1,69,1092,495,597
050,37,045,"North Carolina","Cleveland County",1,70,1098,477,621
050,37,045,"North Carolina","Cleveland County",1,71,1087,506,581
050,37,045,"North Carolina","Cleveland County",1,72,1098,500,598
050,37,045,"North Carolina","Cleveland County",1,73,1142,514,628
050,37,045,"North Carolina","Cleveland County",1,74,806,364,442
050,37,045,"North Carolina","Cleveland County",1,75,769,345,424
050,37,045,"North Carolina","Cleveland County",1,76,771,331,440
050,37,045,"North Carolina","Cleveland County",1,77,762,325,437
050,37,045,"North Carolina","Cleveland County",1,78,647,270,377
050,37,045,"North Carolina","Cleveland County",1,79,592,231,361
050,37,045,"North Carolina","Cleveland County",1,80,536,213,323
050,37,045,"North Carolina","Cleveland County",1,81,472,190,282
050,37,045,"North Carolina","Cleveland County",1,82,411,164,247
050,37,045,"North Carolina","Cleveland County",1,83,373,143,230
050,37,045,"North Carolina","Cleveland County",1,84,349,134,215
050,37,045,"North Carolina","Cleveland County",1,85,1583,541,1042
050,37,045,"North Carolina","Cleveland County",2,0,1124,565,559
050,37,045,"North Carolina","Cleveland County",2,1,1166,591,575
050,37,045,"North Carolina","Cleveland County",2,2,1169,598,571
050,37,045,"North Carolina","Cleveland County",2,3,1139,568,571
050,37,045,"North Carolina","Cleveland County",2,4,1177,606,571
050,37,045,"North Carolina","Cleveland County",2,5,1146,606,540
050,37,045,"North Carolina","Cleveland County",2,6,1165,590,575
050,37,045,"North Carolina","Cleveland County",2,7,1198,600,598
050,37,045,"North Carolina","Cleveland County",2,8,1214,597,617
050,37,045,"North Carolina","Cleveland County",2,9,1220,605,615
050,37,045,"North Carolina","Cleveland County",2,10,1279,659,620
050,37,045,"North Carolina","Cleveland County",2,11,1354,705,649
050,37,045,"North Carolina","Cleveland County",2,12,1376,705,671
050,37,045,"North Carolina","Cleveland County",2,13,1368,684,684
050,37,045,"North Carolina","Cleveland County",2,14,1328,667,661
050,37,045,"North Carolina","Cleveland County",2,15,1316,670,646
050,37,045,"North Carolina","Cleveland County",2,16,1310,676,634
050,37,045,"North Carolina","Cleveland County",2,17,1293,657,636
050,37,045,"North Carolina","Cleveland County",2,18,1281,667,614
050,37,045,"North Carolina","Cleveland County",2,19,1337,689,648
050,37,045,"North Carolina","Cleveland County",2,20,1328,655,673
050,37,045,"North Carolina","Cleveland County",2,21,1271,643,628
050,37,045,"North Carolina","Cleveland County",2,22,1209,607,602
050,37,045,"North Carolina","Cleveland County",2,23,1202,591,611
050,37,045,"North Carolina","Cleveland County",2,24,1169,574,595
050,37,045,"North Carolina","Cleveland County",2,25,1180,579,601
050,37,045,"North Carolina","Cleveland County",2,26,1250,615,635
050,37,045,"North Carolina","Cleveland County",2,27,1273,644,629
050,37,045,"North Carolina","Cleveland County",2,28,1322,660,662
050,37,045,"North Carolina","Cleveland County",2,29,1334,652,682
050,37,045,"North Carolina","Cleveland County",2,30,1279,593,686
050,37,045,"North Carolina","Cleveland County",2,31,1238,582,656
050,37,045,"North Carolina","Cleveland County",2,32,1165,560,605
050,37,045,"North Carolina","Cleveland County",2,33,1117,554,563
050,37,045,"North Carolina","Cleveland County",2,34,1071,528,543
050,37,045,"North Carolina","Cleveland County",2,35,1011,481,530
050,37,045,"North Carolina","Cleveland County",2,36,1004,483,521
050,37,045,"North Carolina","Cleveland County",2,37,1057,505,552
050,37,045,"North Carolina","Cleveland County",2,38,1099,533,566
050,37,045,"North Carolina","Cleveland County",2,39,1078,503,575
050,37,045,"North Carolina","Cleveland County",2,40,1115,516,599
050,37,045,"North Carolina","Cleveland County",2,41,1070,492,578
050,37,045,"North Carolina","Cleveland County",2,42,1090,526,564
050,37,045,"North Carolina","Cleveland County",2,43,1114,552,562
050,37,045,"North Carolina","Cleveland County",2,44,1073,536,537
050,37,045,"North Carolina","Cleveland County",2,45,1124,550,574
050,37,045,"North Carolina","Cleveland County",2,46,1108,547,561
050,37,045,"North Carolina","Cleveland County",2,47,1197,591,606
050,37,045,"North Carolina","Cleveland County",2,48,1303,622,681
050,37,045,"North Carolina","Cleveland County",2,49,1438,670,768
050,37,045,"North Carolina","Cleveland County",2,50,1395,659,736
050,37,045,"North Carolina","Cleveland County",2,51,1387,665,722
050,37,045,"North Carolina","Cleveland County",2,52,1380,671,709
050,37,045,"North Carolina","Cleveland County",2,53,1407,706,701
050,37,045,"North Carolina","Cleveland County",2,54,1404,695,709
050,37,045,"North Carolina","Cleveland County",2,55,1404,688,716
050,37,045,"North Carolina","Cleveland County",2,56,1453,703,750
050,37,045,"North Carolina","Cleveland County",2,57,1500,737,763
050,37,045,"North Carolina","Cleveland County",2,58,1463,727,736
050,37,045,"North Carolina","Cleveland County",2,59,1397,682,715
050,37,045,"North Carolina","Cleveland County",2,60,1380,685,695
050,37,045,"North Carolina","Cleveland County",2,61,1302,633,669
050,37,045,"North Carolina","Cleveland County",2,62,1369,679,690
050,37,045,"North Carolina","Cleveland County",2,63,1406,661,745
050,37,045,"North Carolina","Cleveland County",2,64,1303,602,701
050,37,045,"North Carolina","Cleveland County",2,65,1291,623,668
050,37,045,"North Carolina","Cleveland County",2,66,1261,626,635
050,37,045,"North Carolina","Cleveland County",2,67,1215,592,623
050,37,045,"North Carolina","Cleveland County",2,68,1169,552,617
050,37,045,"North Carolina","Cleveland County",2,69,1114,508,606
050,37,045,"North Carolina","Cleveland County",2,70,1089,478,611
050,37,045,"North Carolina","Cleveland County",2,71,1091,499,592
050,37,045,"North Carolina","Cleveland County",2,72,1074,493,581
050,37,045,"North Carolina","Cleveland County",2,73,1190,536,654
050,37,045,"North Carolina","Cleveland County",2,74,831,372,459
050,37,045,"North Carolina","Cleveland County",2,75,777,349,428
050,37,045,"North Carolina","Cleveland County",2,76,753,325,428
050,37,045,"North Carolina","Cleveland County",2,77,779,335,444
050,37,045,"North Carolina","Cleveland County",2,78,649,270,379
050,37,045,"North Carolina","Cleveland County",2,79,600,239,361
050,37,045,"North Carolina","Cleveland County",2,80,537,213,324
050,37,045,"North Carolina","Cleveland County",2,81,478,190,288
050,37,045,"North Carolina","Cleveland County",2,82,414,165,249
050,37,045,"North Carolina","Cleveland County",2,83,371,146,225
050,37,045,"North Carolina","Cleveland County",2,84,342,132,210
050,37,045,"North Carolina","Cleveland County",2,85,1593,545,1048
050,37,045,"North Carolina","Cleveland County",3,0,1062,546,516
050,37,045,"North Carolina","Cleveland County",3,1,1161,605,556
050,37,045,"North Carolina","Cleveland County",3,2,1184,613,571
050,37,045,"North Carolina","Cleveland County",3,3,1180,609,571
050,37,045,"North Carolina","Cleveland County",3,4,1171,608,563
050,37,045,"North Carolina","Cleveland County",3,5,1213,634,579
050,37,045,"North Carolina","Cleveland County",3,6,1191,621,570
050,37,045,"North Carolina","Cleveland County",3,7,1175,590,585
050,37,045,"North Carolina","Cleveland County",3,8,1219,608,611
050,37,045,"North Carolina","Cleveland County",3,9,1236,613,623
050,37,045,"North Carolina","Cleveland County",3,10,1227,611,616
050,37,045,"North Carolina","Cleveland County",3,11,1314,687,627
050,37,045,"North Carolina","Cleveland County",3,12,1367,717,650
050,37,045,"North Carolina","Cleveland County",3,13,1391,713,678
050,37,045,"North Carolina","Cleveland County",3,14,1405,700,705
050,37,045,"North Carolina","Cleveland County",3,15,1332,674,658
050,37,045,"North Carolina","Cleveland County",3,16,1346,682,664
050,37,045,"North Carolina","Cleveland County",3,17,1312,675,637
050,37,045,"North Carolina","Cleveland County",3,18,1291,652,639
050,37,045,"North Carolina","Cleveland County",3,19,1312,671,641
050,37,045,"North Carolina","Cleveland County",3,20,1324,674,650
050,37,045,"North Carolina","Cleveland County",3,21,1295,654,641
050,37,045,"North Carolina","Cleveland County",3,22,1221,622,599
050,37,045,"North Carolina","Cleveland County",3,23,1211,597,614
050,37,045,"North Carolina","Cleveland County",3,24,1232,598,634
050,37,045,"North Carolina","Cleveland County",3,25,1163,574,589
050,37,045,"North Carolina","Cleveland County",3,26,1227,593,634
050,37,045,"North Carolina","Cleveland County",3,27,1244,613,631
050,37,045,"North Carolina","Cleveland County",3,28,1298,638,660
050,37,045,"North Carolina","Cleveland County",3,29,1313,650,663
050,37,045,"North Carolina","Cleveland County",3,30,1338,644,694
050,37,045,"North Carolina","Cleveland County",3,31,1314,616,698
050,37,045,"North Carolina","Cleveland County",3,32,1257,580,677
050,37,045,"North Carolina","Cleveland County",3,33,1208,579,629
050,37,045,"North Carolina","Cleveland County",3,34,1127,565,562
050,37,045,"North Carolina","Cleveland County",3,35,1089,528,561
050,37,045,"North Carolina","Cleveland County",3,36,1049,501,548
050,37,045,"North Carolina","Cleveland County",3,37,1011,474,537
050,37,045,"North Carolina","Cleveland County",3,38,1097,521,576
050,37,045,"North Carolina","Cleveland County",3,39,1132,557,575
050,37,045,"North Carolina","Cleveland County",3,40,1094,512,582
050,37,045,"North Carolina","Cleveland County",3,41,1131,514,617
050,37,045,"North Carolina","Cleveland County",3,42,1071,491,580
050,37,045,"North Carolina","Cleveland County",3,43,1116,534,582
050,37,045,"North Carolina","Cleveland County",3,44,1111,541,570
050,37,045,"North Carolina","Cleveland County",3,45,1070,537,533
050,37,045,"North Carolina","Cleveland County",3,46,1141,543,598
050,37,045,"North Carolina","Cleveland County",3,47,1119,556,563
050,37,045,"North Carolina","Cleveland County",3,48,1198,601,597
050,37,045,"North Carolina","Cleveland County",3,49,1308,628,680
050,37,045,"North Carolina","Cleveland County",3,50,1441,666,775
050,37,045,"North Carolina","Cleveland County",3,51,1394,657,737
050,37,045,"North Carolina","Cleveland County",3,52,1395,664,731
050,37,045,"North Carolina","Cleveland County",3,53,1389,664,725
050,37,045,"North Carolina","Cleveland County",3,54,1412,713,699
050,37,045,"North Carolina","Cleveland County",3,55,1397,684,713
050,37,045,"North Carolina","Cleveland County",3,56,1376,673,703
050,37,045,"North Carolina","Cleveland County",3,57,1458,716,742
050,37,045,"North Carolina","Cleveland County",3,58,1490,725,765
050,37,045,"North Carolina","Cleveland County",3,59,1459,717,742
050,37,045,"North Carolina","Cleveland County",3,60,1414,688,726
050,37,045,"North Carolina","Cleveland County",3,61,1366,668,698
050,37,045,"North Carolina","Cleveland County",3,62,1270,620,650
050,37,045,"North Carolina","Cleveland County",3,63,1334,653,681
050,37,045,"North Carolina","Cleveland County",3,64,1382,645,737
050,37,045,"North Carolina","Cleveland County",3,65,1288,594,694
050,37,045,"North Carolina","Cleveland County",3,66,1259,598,661
050,37,045,"North Carolina","Cleveland County",3,67,1232,606,626
050,37,045,"North Carolina","Cleveland County",3,68,1206,573,633
050,37,045,"North Carolina","Cleveland County",3,69,1148,540,608
050,37,045,"North Carolina","Cleveland County",3,70,1084,495,589
050,37,045,"North Carolina","Cleveland County",3,71,1047,450,597
050,37,045,"North Carolina","Cleveland County",3,72,1062,483,579
050,37,045,"North Carolina","Cleveland County",3,73,1053,482,571
050,37,045,"North Carolina","Cleveland County",3,74,1135,510,625
050,37,045,"North Carolina","Cleveland County",3,75,787,357,430
050,37,045,"North Carolina","Cleveland County",3,76,743,328,415
050,37,045,"North Carolina","Cleveland County",3,77,697,305,392
050,37,045,"North Carolina","Cleveland County",3,78,732,308,424
050,37,045,"North Carolina","Cleveland County",3,79,611,251,360
050,37,045,"North Carolina","Cleveland County",3,80,529,205,324
050,37,045,"North Carolina","Cleveland County",3,81,498,196,302
050,37,045,"North Carolina","Cleveland County",3,82,432,170,262
050,37,045,"North Carolina","Cleveland County",3,83,370,149,221
050,37,045,"North Carolina","Cleveland County",3,84,330,127,203
050,37,045,"North Carolina","Cleveland County",3,85,1523,539,984
050,37,045,"North Carolina","Cleveland County",4,0,1130,583,547
050,37,045,"North Carolina","Cleveland County",4,1,1105,537,568
050,37,045,"North Carolina","Cleveland County",4,2,1194,632,562
050,37,045,"North Carolina","Cleveland County",4,3,1199,621,578
050,37,045,"North Carolina","Cleveland County",4,4,1220,642,578
050,37,045,"North Carolina","Cleveland County",4,5,1188,619,569
050,37,045,"North Carolina","Cleveland County",4,6,1237,635,602
050,37,045,"North Carolina","Cleveland County",4,7,1195,632,563
050,37,045,"North Carolina","Cleveland County",4,8,1194,608,586
050,37,045,"North Carolina","Cleveland County",4,9,1224,618,606
050,37,045,"North Carolina","Cleveland County",4,10,1245,625,620
050,37,045,"North Carolina","Cleveland County",4,11,1227,599,628
050,37,045,"North Carolina","Cleveland County",4,12,1320,681,639
050,37,045,"North Carolina","Cleveland County",4,13,1371,708,663
050,37,045,"North Carolina","Cleveland County",4,14,1404,710,694
050,37,045,"North Carolina","Cleveland County",4,15,1402,699,703
050,37,045,"North Carolina","Cleveland County",4,16,1342,692,650
050,37,045,"North Carolina","Cleveland County",4,17,1356,688,668
050,37,045,"North Carolina","Cleveland County",4,18,1267,648,619
050,37,045,"North Carolina","Cleveland County",4,19,1258,622,636
050,37,045,"North Carolina","Cleveland County",4,20,1255,629,626
050,37,045,"North Carolina","Cleveland County",4,21,1248,651,597
050,37,045,"North Carolina","Cleveland County",4,22,1194,604,590
050,37,045,"North Carolina","Cleveland County",4,23,1199,623,576
050,37,045,"North Carolina","Cleveland County",4,24,1217,604,613
050,37,045,"North Carolina","Cleveland County",4,25,1224,600,624
050,37,045,"North Carolina","Cleveland County",4,26,1198,587,611
050,37,045,"North Carolina","Cleveland County",4,27,1261,611,650
050,37,045,"North Carolina","Cleveland County",4,28,1288,635,653
050,37,045,"North Carolina","Cleveland County",4,29,1326,655,671
050,37,045,"North Carolina","Cleveland County",4,30,1327,649,678
050,37,045,"North Carolina","Cleveland County",4,31,1343,655,688
050,37,045,"North Carolina","Cleveland County",4,32,1320,628,692
050,37,045,"North Carolina","Cleveland County",4,33,1259,593,666
050,37,045,"North Carolina","Cleveland County",4,34,1253,602,651
050,37,045,"North Carolina","Cleveland County",4,35,1166,579,587
050,37,045,"North Carolina","Cleveland County",4,36,1088,526,562
050,37,045,"North Carolina","Cleveland County",4,37,1044,498,546
050,37,045,"North Carolina","Cleveland County",4,38,1005,477,528
050,37,045,"North Carolina","Cleveland County",4,39,1090,524,566
050,37,045,"North Carolina","Cleveland County",4,40,1141,557,584
050,37,045,"North Carolina","Cleveland County",4,41,1114,524,590
050,37,045,"North Carolina","Cleveland County",4,42,1130,511,619
050,37,045,"North Carolina","Cleveland County",4,43,1091,511,580
050,37,045,"North Carolina","Cleveland County",4,44,1107,531,576
050,37,045,"North Carolina","Cleveland County",4,45,1129,545,584
050,37,045,"North Carolina","Cleveland County",4,46,1063,532,531
050,37,045,"North Carolina","Cleveland County",4,47,1157,552,605
050,37,045,"North Carolina","Cleveland County",4,48,1115,550,565
050,37,045,"North Carolina","Cleveland County",4,49,1220,618,602
050,37,045,"North Carolina","Cleveland County",4,50,1313,624,689
050,37,045,"North Carolina","Cleveland County",4,51,1441,667,774
050,37,045,"North Carolina","Cleveland County",4,52,1406,657,749
050,37,045,"North Carolina","Cleveland County",4,53,1390,662,728
050,37,045,"North Carolina","Cleveland County",4,54,1377,668,709
050,37,045,"North Carolina","Cleveland County",4,55,1398,702,696
050,37,045,"North Carolina","Cleveland County",4,56,1391,683,708
050,37,045,"North Carolina","Cleveland County",4,57,1389,670,719
050,37,045,"North Carolina","Cleveland County",4,58,1461,718,743
050,37,045,"North Carolina","Cleveland County",4,59,1478,708,770
050,37,045,"North Carolina","Cleveland County",4,60,1469,722,747
050,37,045,"North Carolina","Cleveland County",4,61,1382,670,712
050,37,045,"North Carolina","Cleveland County",4,62,1365,669,696
050,37,045,"North Carolina","Cleveland County",4,63,1261,609,652
050,37,045,"North Carolina","Cleveland County",4,64,1316,633,683
050,37,045,"North Carolina","Cleveland County",4,65,1368,647,721
050,37,045,"North Carolina","Cleveland County",4,66,1266,580,686
050,37,045,"North Carolina","Cleveland County",4,67,1240,584,656
050,37,045,"North Carolina","Cleveland County",4,68,1204,586,618
050,37,045,"North Carolina","Cleveland County",4,69,1196,568,628
050,37,045,"North Carolina","Cleveland County",4,70,1106,519,587
050,37,045,"North Carolina","Cleveland County",4,71,1053,473,580
050,37,045,"North Carolina","Cleveland County",4,72,1020,438,582
050,37,045,"North Carolina","Cleveland County",4,73,1040,465,575
050,37,045,"North Carolina","Cleveland County",4,74,1019,459,560
050,37,045,"North Carolina","Cleveland County",4,75,1087,488,599
050,37,045,"North Carolina","Cleveland County",4,76,753,341,412
050,37,045,"North Carolina","Cleveland County",4,77,680,298,382
050,37,045,"North Carolina","Cleveland County",4,78,668,284,384
050,37,045,"North Carolina","Cleveland County",4,79,692,291,401
050,37,045,"North Carolina","Cleveland County",4,80,554,211,343
050,37,045,"North Carolina","Cleveland County",4,81,503,190,313
050,37,045,"North Carolina","Cleveland County",4,82,453,180,273
050,37,045,"North Carolina","Cleveland County",4,83,392,153,239
050,37,045,"North Carolina","Cleveland County",4,84,336,128,208
050,37,045,"North Carolina","Cleveland County",4,85,1536,554,982
050,37,045,"North Carolina","Cleveland County",5,0,1114,578,536
050,37,045,"North Carolina","Cleveland County",5,1,1189,601,588
050,37,045,"North Carolina","Cleveland County",5,2,1136,555,581
050,37,045,"North Carolina","Cleveland County",5,3,1217,631,586
050,37,045,"North Carolina","Cleveland County",5,4,1208,632,576
050,37,045,"North Carolina","Cleveland County",5,5,1245,652,593
050,37,045,"North Carolina","Cleveland County",5,6,1182,619,563
050,37,045,"North Carolina","Cleveland County",5,7,1234,625,609
050,37,045,"North Carolina","Cleveland County",5,8,1207,636,571
050,37,045,"North Carolina","Cleveland County",5,9,1198,607,591
050,37,045,"North Carolina","Cleveland County",5,10,1229,620,609
050,37,045,"North Carolina","Cleveland County",5,11,1271,619,652
050,37,045,"North Carolina","Cleveland County",5,12,1254,613,641
050,37,045,"North Carolina","Cleveland County",5,13,1318,686,632
050,37,045,"North Carolina","Cleveland County",5,14,1393,712,681
050,37,045,"North Carolina","Cleveland County",5,15,1419,716,703
050,37,045,"North Carolina","Cleveland County",5,16,1427,722,705
050,37,045,"North Carolina","Cleveland County",5,17,1344,700,644
050,37,045,"North Carolina","Cleveland County",5,18,1308,669,639
050,37,045,"North Carolina","Cleveland County",5,19,1255,634,621
050,37,045,"North Carolina","Cleveland County",5,20,1259,608,651
050,37,045,"North Carolina","Cleveland County",5,21,1225,626,599
050,37,045,"North Carolina","Cleveland County",5,22,1213,621,592
050,37,045,"North Carolina","Cleveland County",5,23,1198,600,598
050,37,045,"North Carolina","Cleveland County",5,24,1202,623,579
050,37,045,"North Carolina","Cleveland County",5,25,1219,612,607
050,37,045,"North Carolina","Cleveland County",5,26,1239,629,610
050,37,045,"North Carolina","Cleveland County",5,27,1221,604,617
050,37,045,"North Carolina","Cleveland County",5,28,1302,642,660
050,37,045,"North Carolina","Cleveland County",5,29,1287,646,641
050,37,045,"North Carolina","Cleveland County",5,30,1334,649,685
050,37,045,"North Carolina","Cleveland County",5,31,1376,677,699
050,37,045,"North Carolina","Cleveland County",5,32,1369,652,717
050,37,045,"North Carolina","Cleveland County",5,33,1335,640,695
050,37,045,"North Carolina","Cleveland County",5,34,1250,600,650
050,37,045,"North Carolina","Cleveland County",5,35,1249,605,644
050,37,045,"North Carolina","Cleveland County",5,36,1183,596,587
050,37,045,"North Carolina","Cleveland County",5,37,1081,514,567
050,37,045,"North Carolina","Cleveland County",5,38,1052,498,554
050,37,045,"North Carolina","Cleveland County",5,39,1040,484,556
050,37,045,"North Carolina","Cleveland County",5,40,1119,546,573
050,37,045,"North Carolina","Cleveland County",5,41,1151,563,588
050,37,045,"North Carolina","Cleveland County",5,42,1134,544,590
050,37,045,"North Carolina","Cleveland County",5,43,1146,510,636
050,37,045,"North Carolina","Cleveland County",5,44,1106,519,587
050,37,045,"North Carolina","Cleveland County",5,45,1123,540,583
050,37,045,"North Carolina","Cleveland County",5,46,1154,562,592
050,37,045,"North Carolina","Cleveland County",5,47,1071,542,529
050,37,045,"North Carolina","Cleveland County",5,48,1166,561,605
050,37,045,"North Carolina","Cleveland County",5,49,1119,553,566
050,37,045,"North Carolina","Cleveland County",5,50,1206,619,587
050,37,045,"North Carolina","Cleveland County",5,51,1330,622,708
050,37,045,"North Carolina","Cleveland County",5,52,1446,673,773
050,37,045,"North Carolina","Cleveland County",5,53,1407,660,747
050,37,045,"North Carolina","Cleveland County",5,54,1394,668,726
050,37,045,"North Carolina","Cleveland County",5,55,1383,669,714
050,37,045,"North Carolina","Cleveland County",5,56,1412,709,703
050,37,045,"North Carolina","Cleveland County",5,57,1385,682,703
050,37,045,"North Carolina","Cleveland County",5,58,1397,677,720
050,37,045,"North Carolina","Cleveland County",5,59,1451,706,745
050,37,045,"North Carolina","Cleveland County",5,60,1487,716,771
050,37,045,"North Carolina","Cleveland County",5,61,1451,714,737
050,37,045,"North Carolina","Cleveland County",5,62,1375,667,708
050,37,045,"North Carolina","Cleveland County",5,63,1347,660,687
050,37,045,"North Carolina","Cleveland County",5,64,1255,603,652
050,37,045,"North Carolina","Cleveland County",5,65,1282,611,671
050,37,045,"North Carolina","Cleveland County",5,66,1358,637,721
050,37,045,"North Carolina","Cleveland County",5,67,1252,573,679
050,37,045,"North Carolina","Cleveland County",5,68,1218,568,650
050,37,045,"North Carolina","Cleveland County",5,69,1189,579,610
050,37,045,"North Carolina","Cleveland County",5,70,1171,558,613
050,37,045,"North Carolina","Cleveland County",5,71,1078,503,575
050,37,045,"North Carolina","Cleveland County",5,72,1035,466,569
050,37,045,"North Carolina","Cleveland County",5,73,1005,421,584
050,37,045,"North Carolina","Cleveland County",5,74,1002,443,559
050,37,045,"North Carolina","Cleveland County",5,75,969,434,535
050,37,045,"North Carolina","Cleveland County",5,76,1040,467,573
050,37,045,"North Carolina","Cleveland County",5,77,711,320,391
050,37,045,"North Carolina","Cleveland County",5,78,660,284,376
050,37,045,"North Carolina","Cleveland County",5,79,646,273,373
050,37,045,"North Carolina","Cleveland County",5,80,635,250,385
050,37,045,"North Carolina","Cleveland County",5,81,524,199,325
050,37,045,"North Carolina","Cleveland County",5,82,455,172,283
050,37,045,"North Carolina","Cleveland County",5,83,412,163,249
050,37,045,"North Carolina","Cleveland County",5,84,353,131,222
050,37,045,"North Carolina","Cleveland County",5,85,1586,570,1016
050,37,047,"North Carolina","Columbus County",1,0,502,257,245
050,37,047,"North Carolina","Columbus County",1,1,515,252,263
050,37,047,"North Carolina","Columbus County",1,2,535,270,265
050,37,047,"North Carolina","Columbus County",1,3,523,270,253
050,37,047,"North Carolina","Columbus County",1,4,546,275,271
050,37,047,"North Carolina","Columbus County",1,5,536,266,270
050,37,047,"North Carolina","Columbus County",1,6,544,282,262
050,37,047,"North Carolina","Columbus County",1,7,546,267,279
050,37,047,"North Carolina","Columbus County",1,8,572,285,287
050,37,047,"North Carolina","Columbus County",1,9,563,285,278
050,37,047,"North Carolina","Columbus County",1,10,583,288,295
050,37,047,"North Carolina","Columbus County",1,11,617,296,321
050,37,047,"North Carolina","Columbus County",1,12,647,331,316
050,37,047,"North Carolina","Columbus County",1,13,648,329,319
050,37,047,"North Carolina","Columbus County",1,14,660,341,319
050,37,047,"North Carolina","Columbus County",1,15,658,352,306
050,37,047,"North Carolina","Columbus County",1,16,665,334,331
050,37,047,"North Carolina","Columbus County",1,17,688,351,337
050,37,047,"North Carolina","Columbus County",1,18,582,306,276
050,37,047,"North Carolina","Columbus County",1,19,521,263,258
050,37,047,"North Carolina","Columbus County",1,20,531,265,266
050,37,047,"North Carolina","Columbus County",1,21,623,365,258
050,37,047,"North Carolina","Columbus County",1,22,623,354,269
050,37,047,"North Carolina","Columbus County",1,23,626,343,283
050,37,047,"North Carolina","Columbus County",1,24,647,353,294
050,37,047,"North Carolina","Columbus County",1,25,636,342,294
050,37,047,"North Carolina","Columbus County",1,26,637,356,281
050,37,047,"North Carolina","Columbus County",1,27,627,356,271
050,37,047,"North Carolina","Columbus County",1,28,678,379,299
050,37,047,"North Carolina","Columbus County",1,29,669,373,296
050,37,047,"North Carolina","Columbus County",1,30,647,357,290
050,37,047,"North Carolina","Columbus County",1,31,606,328,278
050,37,047,"North Carolina","Columbus County",1,32,601,306,295
050,37,047,"North Carolina","Columbus County",1,33,615,321,294
050,37,047,"North Carolina","Columbus County",1,34,563,300,263
050,37,047,"North Carolina","Columbus County",1,35,551,284,267
050,37,047,"North Carolina","Columbus County",1,36,585,303,282
050,37,047,"North Carolina","Columbus County",1,37,626,337,289
050,37,047,"North Carolina","Columbus County",1,38,604,337,267
050,37,047,"North Carolina","Columbus County",1,39,595,323,272
050,37,047,"North Carolina","Columbus County",1,40,597,319,278
050,37,047,"North Carolina","Columbus County",1,41,589,313,276
050,37,047,"North Carolina","Columbus County",1,42,579,309,270
050,37,047,"North Carolina","Columbus County",1,43,554,277,277
050,37,047,"North Carolina","Columbus County",1,44,588,313,275
050,37,047,"North Carolina","Columbus County",1,45,605,320,285
050,37,047,"North Carolina","Columbus County",1,46,654,345,309
050,37,047,"North Carolina","Columbus County",1,47,627,300,327
050,37,047,"North Carolina","Columbus County",1,48,650,331,319
050,37,047,"North Carolina","Columbus County",1,49,661,350,311
050,37,047,"North Carolina","Columbus County",1,50,625,308,317
050,37,047,"North Carolina","Columbus County",1,51,629,298,331
050,37,047,"North Carolina","Columbus County",1,52,642,325,317
050,37,047,"North Carolina","Columbus County",1,53,646,312,334
050,37,047,"North Carolina","Columbus County",1,54,651,329,322
050,37,047,"North Carolina","Columbus County",1,55,694,335,359
050,37,047,"North Carolina","Columbus County",1,56,723,353,370
050,37,047,"North Carolina","Columbus County",1,57,741,357,384
050,37,047,"North Carolina","Columbus County",1,58,728,358,370
050,37,047,"North Carolina","Columbus County",1,59,728,346,382
050,37,047,"North Carolina","Columbus County",1,60,687,313,374
050,37,047,"North Carolina","Columbus County",1,61,712,337,375
050,37,047,"North Carolina","Columbus County",1,62,741,353,388
050,37,047,"North Carolina","Columbus County",1,63,711,345,366
050,37,047,"North Carolina","Columbus County",1,64,682,329,353
050,37,047,"North Carolina","Columbus County",1,65,669,341,328
050,37,047,"North Carolina","Columbus County",1,66,601,294,307
050,37,047,"North Carolina","Columbus County",1,67,615,297,318
050,37,047,"North Carolina","Columbus County",1,68,629,284,345
050,37,047,"North Carolina","Columbus County",1,69,647,299,348
050,37,047,"North Carolina","Columbus County",1,70,602,289,313
050,37,047,"North Carolina","Columbus County",1,71,581,272,309
050,37,047,"North Carolina","Columbus County",1,72,616,287,329
050,37,047,"North Carolina","Columbus County",1,73,629,272,357
050,37,047,"North Carolina","Columbus County",1,74,465,203,262
050,37,047,"North Carolina","Columbus County",1,75,468,215,253
050,37,047,"North Carolina","Columbus County",1,76,443,199,244
050,37,047,"North Carolina","Columbus County",1,77,403,175,228
050,37,047,"North Carolina","Columbus County",1,78,335,144,191
050,37,047,"North Carolina","Columbus County",1,79,332,138,194
050,37,047,"North Carolina","Columbus County",1,80,290,121,169
050,37,047,"North Carolina","Columbus County",1,81,275,109,166
050,37,047,"North Carolina","Columbus County",1,82,239,96,143
050,37,047,"North Carolina","Columbus County",1,83,212,94,118
050,37,047,"North Carolina","Columbus County",1,84,196,69,127
050,37,047,"North Carolina","Columbus County",1,85,997,325,672
050,37,047,"North Carolina","Columbus County",2,0,504,254,250
050,37,047,"North Carolina","Columbus County",2,1,509,251,258
050,37,047,"North Carolina","Columbus County",2,2,530,265,265
050,37,047,"North Carolina","Columbus County",2,3,526,269,257
050,37,047,"North Carolina","Columbus County",2,4,542,275,267
050,37,047,"North Carolina","Columbus County",2,5,538,269,269
050,37,047,"North Carolina","Columbus County",2,6,540,278,262
050,37,047,"North Carolina","Columbus County",2,7,546,271,275
050,37,047,"North Carolina","Columbus County",2,8,561,278,283
050,37,047,"North Carolina","Columbus County",2,9,565,285,280
050,37,047,"North Carolina","Columbus County",2,10,578,286,292
050,37,047,"North Carolina","Columbus County",2,11,602,290,312
050,37,047,"North Carolina","Columbus County",2,12,645,325,320
050,37,047,"North Carolina","Columbus County",2,13,646,330,316
050,37,047,"North Carolina","Columbus County",2,14,654,337,317
050,37,047,"North Carolina","Columbus County",2,15,657,347,310
050,37,047,"North Carolina","Columbus County",2,16,666,340,326
050,37,047,"North Carolina","Columbus County",2,17,680,348,332
050,37,047,"North Carolina","Columbus County",2,18,581,305,276
050,37,047,"North Carolina","Columbus County",2,19,513,262,251
050,37,047,"North Carolina","Columbus County",2,20,541,269,272
050,37,047,"North Carolina","Columbus County",2,21,628,365,263
050,37,047,"North Carolina","Columbus County",2,22,628,358,270
050,37,047,"North Carolina","Columbus County",2,23,630,348,282
050,37,047,"North Carolina","Columbus County",2,24,637,350,287
050,37,047,"North Carolina","Columbus County",2,25,630,340,290
050,37,047,"North Carolina","Columbus County",2,26,640,356,284
050,37,047,"North Carolina","Columbus County",2,27,628,356,272
050,37,047,"North Carolina","Columbus County",2,28,664,374,290
050,37,047,"North Carolina","Columbus County",2,29,662,366,296
050,37,047,"North Carolina","Columbus County",2,30,659,363,296
050,37,047,"North Carolina","Columbus County",2,31,614,334,280
050,37,047,"North Carolina","Columbus County",2,32,601,311,290
050,37,047,"North Carolina","Columbus County",2,33,609,319,290
050,37,047,"North Carolina","Columbus County",2,34,574,305,269
050,37,047,"North Carolina","Columbus County",2,35,554,285,269
050,37,047,"North Carolina","Columbus County",2,36,576,300,276
050,37,047,"North Carolina","Columbus County",2,37,619,329,290
050,37,047,"North Carolina","Columbus County",2,38,609,336,273
050,37,047,"North Carolina","Columbus County",2,39,593,326,267
050,37,047,"North Carolina","Columbus County",2,40,599,321,278
050,37,047,"North Carolina","Columbus County",2,41,592,315,277
050,37,047,"North Carolina","Columbus County",2,42,575,308,267
050,37,047,"North Carolina","Columbus County",2,43,556,283,273
050,37,047,"North Carolina","Columbus County",2,44,577,306,271
050,37,047,"North Carolina","Columbus County",2,45,605,322,283
050,37,047,"North Carolina","Columbus County",2,46,635,333,302
050,37,047,"North Carolina","Columbus County",2,47,629,306,323
050,37,047,"North Carolina","Columbus County",2,48,643,324,319
050,37,047,"North Carolina","Columbus County",2,49,660,345,315
050,37,047,"North Carolina","Columbus County",2,50,633,316,317
050,37,047,"North Carolina","Columbus County",2,51,626,301,325
050,37,047,"North Carolina","Columbus County",2,52,635,315,320
050,37,047,"North Carolina","Columbus County",2,53,642,313,329
050,37,047,"North Carolina","Columbus County",2,54,649,327,322
050,37,047,"North Carolina","Columbus County",2,55,679,329,350
050,37,047,"North Carolina","Columbus County",2,56,718,350,368
050,37,047,"North Carolina","Columbus County",2,57,736,357,379
050,37,047,"North Carolina","Columbus County",2,58,728,355,373
050,37,047,"North Carolina","Columbus County",2,59,720,346,374
050,37,047,"North Carolina","Columbus County",2,60,693,321,372
050,37,047,"North Carolina","Columbus County",2,61,703,328,375
050,37,047,"North Carolina","Columbus County",2,62,725,345,380
050,37,047,"North Carolina","Columbus County",2,63,725,349,376
050,37,047,"North Carolina","Columbus County",2,64,680,330,350
050,37,047,"North Carolina","Columbus County",2,65,666,334,332
050,37,047,"North Carolina","Columbus County",2,66,617,307,310
050,37,047,"North Carolina","Columbus County",2,67,609,296,313
050,37,047,"North Carolina","Columbus County",2,68,618,282,336
050,37,047,"North Carolina","Columbus County",2,69,645,295,350
050,37,047,"North Carolina","Columbus County",2,70,612,290,322
050,37,047,"North Carolina","Columbus County",2,71,582,274,308
050,37,047,"North Carolina","Columbus County",2,72,596,276,320
050,37,047,"North Carolina","Columbus County",2,73,649,286,363
050,37,047,"North Carolina","Columbus County",2,74,471,205,266
050,37,047,"North Carolina","Columbus County",2,75,465,210,255
050,37,047,"North Carolina","Columbus County",2,76,439,196,243
050,37,047,"North Carolina","Columbus County",2,77,416,180,236
050,37,047,"North Carolina","Columbus County",2,78,340,146,194
050,37,047,"North Carolina","Columbus County",2,79,323,133,190
050,37,047,"North Carolina","Columbus County",2,80,294,121,173
050,37,047,"North Carolina","Columbus County",2,81,271,109,162
050,37,047,"North Carolina","Columbus County",2,82,243,96,147
050,37,047,"North Carolina","Columbus County",2,83,212,91,121
050,37,047,"North Carolina","Columbus County",2,84,191,74,117
050,37,047,"North Carolina","Columbus County",2,85,995,325,670
050,37,047,"North Carolina","Columbus County",3,0,581,293,288
050,37,047,"North Carolina","Columbus County",3,1,525,250,275
050,37,047,"North Carolina","Columbus County",3,2,520,258,262
050,37,047,"North Carolina","Columbus County",3,3,540,269,271
050,37,047,"North Carolina","Columbus County",3,4,526,272,254
050,37,047,"North Carolina","Columbus County",3,5,528,268,260
050,37,047,"North Carolina","Columbus County",3,6,539,268,271
050,37,047,"North Carolina","Columbus County",3,7,534,275,259
050,37,047,"North Carolina","Columbus County",3,8,540,262,278
050,37,047,"North Carolina","Columbus County",3,9,573,281,292
050,37,047,"North Carolina","Columbus County",3,10,571,288,283
050,37,047,"North Carolina","Columbus County",3,11,570,287,283
050,37,047,"North Carolina","Columbus County",3,12,595,282,313
050,37,047,"North Carolina","Columbus County",3,13,629,315,314
050,37,047,"North Carolina","Columbus County",3,14,642,334,308
050,37,047,"North Carolina","Columbus County",3,15,650,331,319
050,37,047,"North Carolina","Columbus County",3,16,662,352,310
050,37,047,"North Carolina","Columbus County",3,17,647,333,314
050,37,047,"North Carolina","Columbus County",3,18,594,316,278
050,37,047,"North Carolina","Columbus County",3,19,493,251,242
050,37,047,"North Carolina","Columbus County",3,20,537,271,266
050,37,047,"North Carolina","Columbus County",3,21,633,358,275
050,37,047,"North Carolina","Columbus County",3,22,628,350,278
050,37,047,"North Carolina","Columbus County",3,23,642,358,284
050,37,047,"North Carolina","Columbus County",3,24,623,345,278
050,37,047,"North Carolina","Columbus County",3,25,632,344,288
050,37,047,"North Carolina","Columbus County",3,26,644,350,294
050,37,047,"North Carolina","Columbus County",3,27,609,343,266
050,37,047,"North Carolina","Columbus County",3,28,635,362,273
050,37,047,"North Carolina","Columbus County",3,29,591,325,266
050,37,047,"North Carolina","Columbus County",3,30,678,365,313
050,37,047,"North Carolina","Columbus County",3,31,659,363,296
050,37,047,"North Carolina","Columbus County",3,32,612,336,276
050,37,047,"North Carolina","Columbus County",3,33,608,312,296
050,37,047,"North Carolina","Columbus County",3,34,594,305,289
050,37,047,"North Carolina","Columbus County",3,35,556,286,270
050,37,047,"North Carolina","Columbus County",3,36,577,312,265
050,37,047,"North Carolina","Columbus County",3,37,554,301,253
050,37,047,"North Carolina","Columbus County",3,38,610,329,281
050,37,047,"North Carolina","Columbus County",3,39,576,323,253
050,37,047,"North Carolina","Columbus County",3,40,592,320,272
050,37,047,"North Carolina","Columbus County",3,41,591,310,281
050,37,047,"North Carolina","Columbus County",3,42,585,305,280
050,37,047,"North Carolina","Columbus County",3,43,543,279,264
050,37,047,"North Carolina","Columbus County",3,44,583,304,279
050,37,047,"North Carolina","Columbus County",3,45,587,306,281
050,37,047,"North Carolina","Columbus County",3,46,585,305,280
050,37,047,"North Carolina","Columbus County",3,47,628,319,309
050,37,047,"North Carolina","Columbus County",3,48,617,300,317
050,37,047,"North Carolina","Columbus County",3,49,631,311,320
050,37,047,"North Carolina","Columbus County",3,50,654,338,316
050,37,047,"North Carolina","Columbus County",3,51,628,318,310
050,37,047,"North Carolina","Columbus County",3,52,606,285,321
050,37,047,"North Carolina","Columbus County",3,53,624,309,315
050,37,047,"North Carolina","Columbus County",3,54,643,320,323
050,37,047,"North Carolina","Columbus County",3,55,631,316,315
050,37,047,"North Carolina","Columbus County",3,56,672,329,343
050,37,047,"North Carolina","Columbus County",3,57,708,348,360
050,37,047,"North Carolina","Columbus County",3,58,743,349,394
050,37,047,"North Carolina","Columbus County",3,59,709,339,370
050,37,047,"North Carolina","Columbus County",3,60,708,340,368
050,37,047,"North Carolina","Columbus County",3,61,685,313,372
050,37,047,"North Carolina","Columbus County",3,62,686,323,363
050,37,047,"North Carolina","Columbus County",3,63,715,343,372
050,37,047,"North Carolina","Columbus County",3,64,715,343,372
050,37,047,"North Carolina","Columbus County",3,65,669,322,347
050,37,047,"North Carolina","Columbus County",3,66,653,328,325
050,37,047,"North Carolina","Columbus County",3,67,604,298,306
050,37,047,"North Carolina","Columbus County",3,68,601,291,310
050,37,047,"North Carolina","Columbus County",3,69,596,266,330
050,37,047,"North Carolina","Columbus County",3,70,627,287,340
050,37,047,"North Carolina","Columbus County",3,71,588,278,310
050,37,047,"North Carolina","Columbus County",3,72,553,259,294
050,37,047,"North Carolina","Columbus County",3,73,575,267,308
050,37,047,"North Carolina","Columbus County",3,74,614,269,345
050,37,047,"North Carolina","Columbus County",3,75,453,197,256
050,37,047,"North Carolina","Columbus County",3,76,440,198,242
050,37,047,"North Carolina","Columbus County",3,77,416,184,232
050,37,047,"North Carolina","Columbus County",3,78,389,165,224
050,37,047,"North Carolina","Columbus County",3,79,313,129,184
050,37,047,"North Carolina","Columbus County",3,80,305,124,181
050,37,047,"North Carolina","Columbus County",3,81,272,112,160
050,37,047,"North Carolina","Columbus County",3,82,248,94,154
050,37,047,"North Carolina","Columbus County",3,83,217,84,133
050,37,047,"North Carolina","Columbus County",3,84,192,79,113
050,37,047,"North Carolina","Columbus County",3,85,969,329,640
050,37,047,"North Carolina","Columbus County",4,0,598,294,304
050,37,047,"North Carolina","Columbus County",4,1,606,310,296
050,37,047,"North Carolina","Columbus County",4,2,509,247,262
050,37,047,"North Carolina","Columbus County",4,3,520,260,260
050,37,047,"North Carolina","Columbus County",4,4,554,277,277
050,37,047,"North Carolina","Columbus County",4,5,519,273,246
050,37,047,"North Carolina","Columbus County",4,6,535,274,261
050,37,047,"North Carolina","Columbus County",4,7,544,275,269
050,37,047,"North Carolina","Columbus County",4,8,545,282,263
050,37,047,"North Carolina","Columbus County",4,9,552,264,288
050,37,047,"North Carolina","Columbus County",4,10,575,291,284
050,37,047,"North Carolina","Columbus County",4,11,590,298,292
050,37,047,"North Carolina","Columbus County",4,12,586,293,293
050,37,047,"North Carolina","Columbus County",4,13,604,289,315
050,37,047,"North Carolina","Columbus County",4,14,634,329,305
050,37,047,"North Carolina","Columbus County",4,15,622,323,299
050,37,047,"North Carolina","Columbus County",4,16,653,334,319
050,37,047,"North Carolina","Columbus County",4,17,653,340,313
050,37,047,"North Carolina","Columbus County",4,18,552,293,259
050,37,047,"North Carolina","Columbus County",4,19,481,251,230
050,37,047,"North Carolina","Columbus County",4,20,505,249,256
050,37,047,"North Carolina","Columbus County",4,21,632,362,270
050,37,047,"North Carolina","Columbus County",4,22,659,364,295
050,37,047,"North Carolina","Columbus County",4,23,652,359,293
050,37,047,"North Carolina","Columbus County",4,24,650,364,286
050,37,047,"North Carolina","Columbus County",4,25,617,336,281
050,37,047,"North Carolina","Columbus County",4,26,652,371,281
050,37,047,"North Carolina","Columbus County",4,27,636,336,300
050,37,047,"North Carolina","Columbus County",4,28,645,367,278
050,37,047,"North Carolina","Columbus County",4,29,607,325,282
050,37,047,"North Carolina","Columbus County",4,30,613,343,270
050,37,047,"North Carolina","Columbus County",4,31,678,364,314
050,37,047,"North Carolina","Columbus County",4,32,666,374,292
050,37,047,"North Carolina","Columbus County",4,33,625,349,276
050,37,047,"North Carolina","Columbus County",4,34,601,299,302
050,37,047,"North Carolina","Columbus County",4,35,570,281,289
050,37,047,"North Carolina","Columbus County",4,36,582,311,271
050,37,047,"North Carolina","Columbus County",4,37,567,307,260
050,37,047,"North Carolina","Columbus County",4,38,578,314,264
050,37,047,"North Carolina","Columbus County",4,39,612,330,282
050,37,047,"North Carolina","Columbus County",4,40,579,323,256
050,37,047,"North Carolina","Columbus County",4,41,583,324,259
050,37,047,"North Carolina","Columbus County",4,42,594,309,285
050,37,047,"North Carolina","Columbus County",4,43,579,294,285
050,37,047,"North Carolina","Columbus County",4,44,575,311,264
050,37,047,"North Carolina","Columbus County",4,45,601,316,285
050,37,047,"North Carolina","Columbus County",4,46,583,292,291
050,37,047,"North Carolina","Columbus County",4,47,550,281,269
050,37,047,"North Carolina","Columbus County",4,48,623,322,301
050,37,047,"North Carolina","Columbus County",4,49,611,289,322
050,37,047,"North Carolina","Columbus County",4,50,630,309,321
050,37,047,"North Carolina","Columbus County",4,51,654,329,325
050,37,047,"North Carolina","Columbus County",4,52,634,322,312
050,37,047,"North Carolina","Columbus County",4,53,595,280,315
050,37,047,"North Carolina","Columbus County",4,54,624,313,311
050,37,047,"North Carolina","Columbus County",4,55,623,300,323
050,37,047,"North Carolina","Columbus County",4,56,618,302,316
050,37,047,"North Carolina","Columbus County",4,57,674,327,347
050,37,047,"North Carolina","Columbus County",4,58,712,346,366
050,37,047,"North Carolina","Columbus County",4,59,740,358,382
050,37,047,"North Carolina","Columbus County",4,60,705,340,365
050,37,047,"North Carolina","Columbus County",4,61,710,334,376
050,37,047,"North Carolina","Columbus County",4,62,677,303,374
050,37,047,"North Carolina","Columbus County",4,63,679,320,359
050,37,047,"North Carolina","Columbus County",4,64,710,337,373
050,37,047,"North Carolina","Columbus County",4,65,695,326,369
050,37,047,"North Carolina","Columbus County",4,66,666,316,350
050,37,047,"North Carolina","Columbus County",4,67,636,325,311
050,37,047,"North Carolina","Columbus County",4,68,594,295,299
050,37,047,"North Carolina","Columbus County",4,69,584,280,304
050,37,047,"North Carolina","Columbus County",4,70,581,248,333
050,37,047,"North Carolina","Columbus County",4,71,621,278,343
050,37,047,"North Carolina","Columbus County",4,72,571,265,306
050,37,047,"North Carolina","Columbus County",4,73,536,244,292
050,37,047,"North Carolina","Columbus County",4,74,560,258,302
050,37,047,"North Carolina","Columbus County",4,75,587,253,334
050,37,047,"North Carolina","Columbus County",4,76,428,180,248
050,37,047,"North Carolina","Columbus County",4,77,422,188,234
050,37,047,"North Carolina","Columbus County",4,78,397,177,220
050,37,047,"North Carolina","Columbus County",4,79,370,152,218
050,37,047,"North Carolina","Columbus County",4,80,295,117,178
050,37,047,"North Carolina","Columbus County",4,81,287,115,172
050,37,047,"North Carolina","Columbus County",4,82,239,93,146
050,37,047,"North Carolina","Columbus County",4,83,217,77,140
050,37,047,"North Carolina","Columbus County",4,84,199,72,127
050,37,047,"North Carolina","Columbus County",4,85,948,331,617
050,37,047,"North Carolina","Columbus County",5,0,573,279,294
050,37,047,"North Carolina","Columbus County",5,1,585,307,278
050,37,047,"North Carolina","Columbus County",5,2,607,307,300
050,37,047,"North Carolina","Columbus County",5,3,513,243,270
050,37,047,"North Carolina","Columbus County",5,4,522,262,260
050,37,047,"North Carolina","Columbus County",5,5,546,269,277
050,37,047,"North Carolina","Columbus County",5,6,531,279,252
050,37,047,"North Carolina","Columbus County",5,7,547,269,278
050,37,047,"North Carolina","Columbus County",5,8,546,275,271
050,37,047,"North Carolina","Columbus County",5,9,547,283,264
050,37,047,"North Carolina","Columbus County",5,10,571,268,303
050,37,047,"North Carolina","Columbus County",5,11,578,301,277
050,37,047,"North Carolina","Columbus County",5,12,599,304,295
050,37,047,"North Carolina","Columbus County",5,13,586,290,296
050,37,047,"North Carolina","Columbus County",5,14,601,290,311
050,37,047,"North Carolina","Columbus County",5,15,631,327,304
050,37,047,"North Carolina","Columbus County",5,16,615,320,295
050,37,047,"North Carolina","Columbus County",5,17,649,330,319
050,37,047,"North Carolina","Columbus County",5,18,562,305,257
050,37,047,"North Carolina","Columbus County",5,19,467,244,223
050,37,047,"North Carolina","Columbus County",5,20,521,267,254
050,37,047,"North Carolina","Columbus County",5,21,619,348,271
050,37,047,"North Carolina","Columbus County",5,22,659,367,292
050,37,047,"North Carolina","Columbus County",5,23,693,380,313
050,37,047,"North Carolina","Columbus County",5,24,642,358,284
050,37,047,"North Carolina","Columbus County",5,25,631,345,286
050,37,047,"North Carolina","Columbus County",5,26,624,350,274
050,37,047,"North Carolina","Columbus County",5,27,627,358,269
050,37,047,"North Carolina","Columbus County",5,28,640,328,312
050,37,047,"North Carolina","Columbus County",5,29,627,347,280
050,37,047,"North Carolina","Columbus County",5,30,616,340,276
050,37,047,"North Carolina","Columbus County",5,31,609,340,269
050,37,047,"North Carolina","Columbus County",5,32,702,380,322
050,37,047,"North Carolina","Columbus County",5,33,675,388,287
050,37,047,"North Carolina","Columbus County",5,34,619,344,275
050,37,047,"North Carolina","Columbus County",5,35,573,269,304
050,37,047,"North Carolina","Columbus County",5,36,593,304,289
050,37,047,"North Carolina","Columbus County",5,37,593,313,280
050,37,047,"North Carolina","Columbus County",5,38,577,307,270
050,37,047,"North Carolina","Columbus County",5,39,578,308,270
050,37,047,"North Carolina","Columbus County",5,40,604,325,279
050,37,047,"North Carolina","Columbus County",5,41,596,329,267
050,37,047,"North Carolina","Columbus County",5,42,581,322,259
050,37,047,"North Carolina","Columbus County",5,43,570,282,288
050,37,047,"North Carolina","Columbus County",5,44,616,326,290
050,37,047,"North Carolina","Columbus County",5,45,601,326,275
050,37,047,"North Carolina","Columbus County",5,46,568,289,279
050,37,047,"North Carolina","Columbus County",5,47,569,279,290
050,37,047,"North Carolina","Columbus County",5,48,548,276,272
050,37,047,"North Carolina","Columbus County",5,49,615,310,305
050,37,047,"North Carolina","Columbus County",5,50,607,284,323
050,37,047,"North Carolina","Columbus County",5,51,637,307,330
050,37,047,"North Carolina","Columbus County",5,52,655,332,323
050,37,047,"North Carolina","Columbus County",5,53,632,315,317
050,37,047,"North Carolina","Columbus County",5,54,611,293,318
050,37,047,"North Carolina","Columbus County",5,55,610,288,322
050,37,047,"North Carolina","Columbus County",5,56,622,294,328
050,37,047,"North Carolina","Columbus County",5,57,610,302,308
050,37,047,"North Carolina","Columbus County",5,58,672,325,347
050,37,047,"North Carolina","Columbus County",5,59,700,341,359
050,37,047,"North Carolina","Columbus County",5,60,740,365,375
050,37,047,"North Carolina","Columbus County",5,61,700,334,366
050,37,047,"North Carolina","Columbus County",5,62,702,329,373
050,37,047,"North Carolina","Columbus County",5,63,664,299,365
050,37,047,"North Carolina","Columbus County",5,64,674,319,355
050,37,047,"North Carolina","Columbus County",5,65,698,327,371
050,37,047,"North Carolina","Columbus County",5,66,680,318,362
050,37,047,"North Carolina","Columbus County",5,67,670,321,349
050,37,047,"North Carolina","Columbus County",5,68,634,322,312
050,37,047,"North Carolina","Columbus County",5,69,580,277,303
050,37,047,"North Carolina","Columbus County",5,70,575,271,304
050,37,047,"North Carolina","Columbus County",5,71,568,237,331
050,37,047,"North Carolina","Columbus County",5,72,595,264,331
050,37,047,"North Carolina","Columbus County",5,73,549,248,301
050,37,047,"North Carolina","Columbus County",5,74,524,241,283
050,37,047,"North Carolina","Columbus County",5,75,530,241,289
050,37,047,"North Carolina","Columbus County",5,76,564,236,328
050,37,047,"North Carolina","Columbus County",5,77,416,171,245
050,37,047,"North Carolina","Columbus County",5,78,420,188,232
050,37,047,"North Carolina","Columbus County",5,79,382,169,213
050,37,047,"North Carolina","Columbus County",5,80,348,139,209
050,37,047,"North Carolina","Columbus County",5,81,274,107,167
050,37,047,"North Carolina","Columbus County",5,82,256,96,160
050,37,047,"North Carolina","Columbus County",5,83,211,80,131
050,37,047,"North Carolina","Columbus County",5,84,194,68,126
050,37,047,"North Carolina","Columbus County",5,85,955,336,619
050,37,049,"North Carolina","Craven County",1,0,1291,661,630
050,37,049,"North Carolina","Craven County",1,1,1283,633,650
050,37,049,"North Carolina","Craven County",1,2,1272,650,622
050,37,049,"North Carolina","Craven County",1,3,1221,622,599
050,37,049,"North Carolina","Craven County",1,4,1190,606,584
050,37,049,"North Carolina","Craven County",1,5,1219,587,632
050,37,049,"North Carolina","Craven County",1,6,1169,586,583
050,37,049,"North Carolina","Craven County",1,7,1167,603,564
050,37,049,"North Carolina","Craven County",1,8,1174,604,570
050,37,049,"North Carolina","Craven County",1,9,1220,638,582
050,37,049,"North Carolina","Craven County",1,10,1229,622,607
050,37,049,"North Carolina","Craven County",1,11,1255,650,605
050,37,049,"North Carolina","Craven County",1,12,1296,642,654
050,37,049,"North Carolina","Craven County",1,13,1288,625,663
050,37,049,"North Carolina","Craven County",1,14,1249,612,637
050,37,049,"North Carolina","Craven County",1,15,1201,608,593
050,37,049,"North Carolina","Craven County",1,16,1175,614,561
050,37,049,"North Carolina","Craven County",1,17,1184,600,584
050,37,049,"North Carolina","Craven County",1,18,1038,534,504
050,37,049,"North Carolina","Craven County",1,19,1199,669,530
050,37,049,"North Carolina","Craven County",1,20,1570,965,605
050,37,049,"North Carolina","Craven County",1,21,1707,1048,659
050,37,049,"North Carolina","Craven County",1,22,1790,1127,663
050,37,049,"North Carolina","Craven County",1,23,1691,1034,657
050,37,049,"North Carolina","Craven County",1,24,1559,899,660
050,37,049,"North Carolina","Craven County",1,25,1492,825,667
050,37,049,"North Carolina","Craven County",1,26,1457,802,655
050,37,049,"North Carolina","Craven County",1,27,1413,777,636
050,37,049,"North Carolina","Craven County",1,28,1389,735,654
050,37,049,"North Carolina","Craven County",1,29,1357,717,640
050,37,049,"North Carolina","Craven County",1,30,1345,683,662
050,37,049,"North Carolina","Craven County",1,31,1257,627,630
050,37,049,"North Carolina","Craven County",1,32,1209,591,618
050,37,049,"North Carolina","Craven County",1,33,1248,628,620
050,37,049,"North Carolina","Craven County",1,34,1222,634,588
050,37,049,"North Carolina","Craven County",1,35,1170,591,579
050,37,049,"North Carolina","Craven County",1,36,1151,600,551
050,37,049,"North Carolina","Craven County",1,37,1198,621,577
050,37,049,"North Carolina","Craven County",1,38,1142,574,568
050,37,049,"North Carolina","Craven County",1,39,1186,596,590
050,37,049,"North Carolina","Craven County",1,40,1156,579,577
050,37,049,"North Carolina","Craven County",1,41,1098,562,536
050,37,049,"North Carolina","Craven County",1,42,1056,547,509
050,37,049,"North Carolina","Craven County",1,43,1007,502,505
050,37,049,"North Carolina","Craven County",1,44,1025,522,503
050,37,049,"North Carolina","Craven County",1,45,975,492,483
050,37,049,"North Carolina","Craven County",1,46,962,478,484
050,37,049,"North Carolina","Craven County",1,47,1036,525,511
050,37,049,"North Carolina","Craven County",1,48,1030,498,532
050,37,049,"North Carolina","Craven County",1,49,1087,523,564
050,37,049,"North Carolina","Craven County",1,50,1071,525,546
050,37,049,"North Carolina","Craven County",1,51,1016,474,542
050,37,049,"North Carolina","Craven County",1,52,1003,482,521
050,37,049,"North Carolina","Craven County",1,53,1045,505,540
050,37,049,"North Carolina","Craven County",1,54,1078,517,561
050,37,049,"North Carolina","Craven County",1,55,1204,598,606
050,37,049,"North Carolina","Craven County",1,56,1226,556,670
050,37,049,"North Carolina","Craven County",1,57,1270,594,676
050,37,049,"North Carolina","Craven County",1,58,1368,627,741
050,37,049,"North Carolina","Craven County",1,59,1334,603,731
050,37,049,"North Carolina","Craven County",1,60,1313,602,711
050,37,049,"North Carolina","Craven County",1,61,1394,649,745
050,37,049,"North Carolina","Craven County",1,62,1436,693,743
050,37,049,"North Carolina","Craven County",1,63,1339,650,689
050,37,049,"North Carolina","Craven County",1,64,1304,589,715
050,37,049,"North Carolina","Craven County",1,65,1307,619,688
050,37,049,"North Carolina","Craven County",1,66,1324,598,726
050,37,049,"North Carolina","Craven County",1,67,1274,578,696
050,37,049,"North Carolina","Craven County",1,68,1262,576,686
050,37,049,"North Carolina","Craven County",1,69,1176,535,641
050,37,049,"North Carolina","Craven County",1,70,1138,520,618
050,37,049,"North Carolina","Craven County",1,71,1142,536,606
050,37,049,"North Carolina","Craven County",1,72,1195,591,604
050,37,049,"North Carolina","Craven County",1,73,1214,590,624
050,37,049,"North Carolina","Craven County",1,74,831,363,468
050,37,049,"North Carolina","Craven County",1,75,863,381,482
050,37,049,"North Carolina","Craven County",1,76,861,402,459
050,37,049,"North Carolina","Craven County",1,77,789,370,419
050,37,049,"North Carolina","Craven County",1,78,654,284,370
050,37,049,"North Carolina","Craven County",1,79,632,283,349
050,37,049,"North Carolina","Craven County",1,80,547,244,303
050,37,049,"North Carolina","Craven County",1,81,512,222,290
050,37,049,"North Carolina","Craven County",1,82,479,215,264
050,37,049,"North Carolina","Craven County",1,83,409,187,222
050,37,049,"North Carolina","Craven County",1,84,383,154,229
050,37,049,"North Carolina","Craven County",1,85,2024,753,1271
050,37,049,"North Carolina","Craven County",2,0,1335,675,660
050,37,049,"North Carolina","Craven County",2,1,1272,631,641
050,37,049,"North Carolina","Craven County",2,2,1263,634,629
050,37,049,"North Carolina","Craven County",2,3,1222,621,601
050,37,049,"North Carolina","Craven County",2,4,1191,603,588
050,37,049,"North Carolina","Craven County",2,5,1206,589,617
050,37,049,"North Carolina","Craven County",2,6,1179,589,590
050,37,049,"North Carolina","Craven County",2,7,1163,595,568
050,37,049,"North Carolina","Craven County",2,8,1167,599,568
050,37,049,"North Carolina","Craven County",2,9,1206,625,581
050,37,049,"North Carolina","Craven County",2,10,1227,628,599
050,37,049,"North Carolina","Craven County",2,11,1242,639,603
050,37,049,"North Carolina","Craven County",2,12,1294,646,648
050,37,049,"North Carolina","Craven County",2,13,1289,628,661
050,37,049,"North Carolina","Craven County",2,14,1254,613,641
050,37,049,"North Carolina","Craven County",2,15,1213,610,603
050,37,049,"North Carolina","Craven County",2,16,1180,612,568
050,37,049,"North Carolina","Craven County",2,17,1178,602,576
050,37,049,"North Carolina","Craven County",2,18,1048,540,508
050,37,049,"North Carolina","Craven County",2,19,1170,648,522
050,37,049,"North Carolina","Craven County",2,20,1497,887,610
050,37,049,"North Carolina","Craven County",2,21,1624,975,649
050,37,049,"North Carolina","Craven County",2,22,1713,1052,661
050,37,049,"North Carolina","Craven County",2,23,1642,987,655
050,37,049,"North Carolina","Craven County",2,24,1525,876,649
050,37,049,"North Carolina","Craven County",2,25,1464,805,659
050,37,049,"North Carolina","Craven County",2,26,1430,779,651
050,37,049,"North Carolina","Craven County",2,27,1393,758,635
050,37,049,"North Carolina","Craven County",2,28,1378,738,640
050,37,049,"North Carolina","Craven County",2,29,1355,711,644
050,37,049,"North Carolina","Craven County",2,30,1342,686,656
050,37,049,"North Carolina","Craven County",2,31,1265,632,633
050,37,049,"North Carolina","Craven County",2,32,1217,599,618
050,37,049,"North Carolina","Craven County",2,33,1236,616,620
050,37,049,"North Carolina","Craven County",2,34,1223,627,596
050,37,049,"North Carolina","Craven County",2,35,1181,603,578
050,37,049,"North Carolina","Craven County",2,36,1138,586,552
050,37,049,"North Carolina","Craven County",2,37,1188,614,574
050,37,049,"North Carolina","Craven County",2,38,1159,584,575
050,37,049,"North Carolina","Craven County",2,39,1162,581,581
050,37,049,"North Carolina","Craven County",2,40,1168,586,582
050,37,049,"North Carolina","Craven County",2,41,1105,562,543
050,37,049,"North Carolina","Craven County",2,42,1060,549,511
050,37,049,"North Carolina","Craven County",2,43,1021,514,507
050,37,049,"North Carolina","Craven County",2,44,1013,515,498
050,37,049,"North Carolina","Craven County",2,45,991,497,494
050,37,049,"North Carolina","Craven County",2,46,962,481,481
050,37,049,"North Carolina","Craven County",2,47,1015,510,505
050,37,049,"North Carolina","Craven County",2,48,1025,500,525
050,37,049,"North Carolina","Craven County",2,49,1071,518,553
050,37,049,"North Carolina","Craven County",2,50,1065,521,544
050,37,049,"North Carolina","Craven County",2,51,1020,480,540
050,37,049,"North Carolina","Craven County",2,52,1003,475,528
050,37,049,"North Carolina","Craven County",2,53,1029,496,533
050,37,049,"North Carolina","Craven County",2,54,1063,510,553
050,37,049,"North Carolina","Craven County",2,55,1171,577,594
050,37,049,"North Carolina","Craven County",2,56,1226,565,661
050,37,049,"North Carolina","Craven County",2,57,1256,581,675
050,37,049,"North Carolina","Craven County",2,58,1348,618,730
050,37,049,"North Carolina","Craven County",2,59,1343,608,735
050,37,049,"North Carolina","Craven County",2,60,1319,602,717
050,37,049,"North Carolina","Craven County",2,61,1367,633,734
050,37,049,"North Carolina","Craven County",2,62,1421,680,741
050,37,049,"North Carolina","Craven County",2,63,1375,665,710
050,37,049,"North Carolina","Craven County",2,64,1302,600,702
050,37,049,"North Carolina","Craven County",2,65,1310,613,697
050,37,049,"North Carolina","Craven County",2,66,1325,606,719
050,37,049,"North Carolina","Craven County",2,67,1279,577,702
050,37,049,"North Carolina","Craven County",2,68,1248,571,677
050,37,049,"North Carolina","Craven County",2,69,1208,550,658
050,37,049,"North Carolina","Craven County",2,70,1143,524,619
050,37,049,"North Carolina","Craven County",2,71,1141,533,608
050,37,049,"North Carolina","Craven County",2,72,1157,562,595
050,37,049,"North Carolina","Craven County",2,73,1263,613,650
050,37,049,"North Carolina","Craven County",2,74,866,390,476
050,37,049,"North Carolina","Craven County",2,75,849,374,475
050,37,049,"North Carolina","Craven County",2,76,843,389,454
050,37,049,"North Carolina","Craven County",2,77,818,383,435
050,37,049,"North Carolina","Craven County",2,78,668,295,373
050,37,049,"North Carolina","Craven County",2,79,633,282,351
050,37,049,"North Carolina","Craven County",2,80,561,251,310
050,37,049,"North Carolina","Craven County",2,81,508,223,285
050,37,049,"North Carolina","Craven County",2,82,480,215,265
050,37,049,"North Carolina","Craven County",2,83,421,190,231
050,37,049,"North Carolina","Craven County",2,84,386,160,226
050,37,049,"North Carolina","Craven County",2,85,2030,751,1279
050,37,049,"North Carolina","Craven County",3,0,1155,596,559
050,37,049,"North Carolina","Craven County",3,1,1331,695,636
050,37,049,"North Carolina","Craven County",3,2,1200,613,587
050,37,049,"North Carolina","Craven County",3,3,1202,621,581
050,37,049,"North Carolina","Craven County",3,4,1188,615,573
050,37,049,"North Carolina","Craven County",3,5,1171,575,596
050,37,049,"North Carolina","Craven County",3,6,1190,572,618
050,37,049,"North Carolina","Craven County",3,7,1175,592,583
050,37,049,"North Carolina","Craven County",3,8,1140,588,552
050,37,049,"North Carolina","Craven County",3,9,1155,601,554
050,37,049,"North Carolina","Craven County",3,10,1182,615,567
050,37,049,"North Carolina","Craven County",3,11,1240,635,605
050,37,049,"North Carolina","Craven County",3,12,1231,636,595
050,37,049,"North Carolina","Craven County",3,13,1313,658,655
050,37,049,"North Carolina","Craven County",3,14,1283,646,637
050,37,049,"North Carolina","Craven County",3,15,1257,629,628
050,37,049,"North Carolina","Craven County",3,16,1203,600,603
050,37,049,"North Carolina","Craven County",3,17,1167,597,570
050,37,049,"North Carolina","Craven County",3,18,1052,560,492
050,37,049,"North Carolina","Craven County",3,19,1108,643,465
050,37,049,"North Carolina","Craven County",3,20,1510,915,595
050,37,049,"North Carolina","Craven County",3,21,1619,931,688
050,37,049,"North Carolina","Craven County",3,22,1674,1001,673
050,37,049,"North Carolina","Craven County",3,23,1630,960,670
050,37,049,"North Carolina","Craven County",3,24,1483,866,617
050,37,049,"North Carolina","Craven County",3,25,1495,858,637
050,37,049,"North Carolina","Craven County",3,26,1404,762,642
050,37,049,"North Carolina","Craven County",3,27,1384,725,659
050,37,049,"North Carolina","Craven County",3,28,1392,759,633
050,37,049,"North Carolina","Craven County",3,29,1334,713,621
050,37,049,"North Carolina","Craven County",3,30,1326,663,663
050,37,049,"North Carolina","Craven County",3,31,1336,695,641
050,37,049,"North Carolina","Craven County",3,32,1251,629,622
050,37,049,"North Carolina","Craven County",3,33,1190,586,604
050,37,049,"North Carolina","Craven County",3,34,1231,602,629
050,37,049,"North Carolina","Craven County",3,35,1213,640,573
050,37,049,"North Carolina","Craven County",3,36,1192,607,585
050,37,049,"North Carolina","Craven County",3,37,1148,591,557
050,37,049,"North Carolina","Craven County",3,38,1180,623,557
050,37,049,"North Carolina","Craven County",3,39,1121,568,553
050,37,049,"North Carolina","Craven County",3,40,1163,585,578
050,37,049,"North Carolina","Craven County",3,41,1171,577,594
050,37,049,"North Carolina","Craven County",3,42,1103,552,551
050,37,049,"North Carolina","Craven County",3,43,1033,529,504
050,37,049,"North Carolina","Craven County",3,44,1044,534,510
050,37,049,"North Carolina","Craven County",3,45,1009,506,503
050,37,049,"North Carolina","Craven County",3,46,1007,502,505
050,37,049,"North Carolina","Craven County",3,47,950,472,478
050,37,049,"North Carolina","Craven County",3,48,1004,507,497
050,37,049,"North Carolina","Craven County",3,49,1042,507,535
050,37,049,"North Carolina","Craven County",3,50,1060,500,560
050,37,049,"North Carolina","Craven County",3,51,1086,549,537
050,37,049,"North Carolina","Craven County",3,52,1037,479,558
050,37,049,"North Carolina","Craven County",3,53,1010,471,539
050,37,049,"North Carolina","Craven County",3,54,1037,494,543
050,37,049,"North Carolina","Craven County",3,55,1089,526,563
050,37,049,"North Carolina","Craven County",3,56,1171,565,606
050,37,049,"North Carolina","Craven County",3,57,1218,562,656
050,37,049,"North Carolina","Craven County",3,58,1272,600,672
050,37,049,"North Carolina","Craven County",3,59,1354,627,727
050,37,049,"North Carolina","Craven County",3,60,1364,614,750
050,37,049,"North Carolina","Craven County",3,61,1336,611,725
050,37,049,"North Carolina","Craven County",3,62,1390,643,747
050,37,049,"North Carolina","Craven County",3,63,1434,679,755
050,37,049,"North Carolina","Craven County",3,64,1381,663,718
050,37,049,"North Carolina","Craven County",3,65,1330,615,715
050,37,049,"North Carolina","Craven County",3,66,1331,613,718
050,37,049,"North Carolina","Craven County",3,67,1325,596,729
050,37,049,"North Carolina","Craven County",3,68,1275,582,693
050,37,049,"North Carolina","Craven County",3,69,1254,577,677
050,37,049,"North Carolina","Craven County",3,70,1209,545,664
050,37,049,"North Carolina","Craven County",3,71,1123,512,611
050,37,049,"North Carolina","Craven County",3,72,1116,523,593
050,37,049,"North Carolina","Craven County",3,73,1115,539,576
050,37,049,"North Carolina","Craven County",3,74,1218,589,629
050,37,049,"North Carolina","Craven County",3,75,837,391,446
050,37,049,"North Carolina","Craven County",3,76,833,365,468
050,37,049,"North Carolina","Craven County",3,77,813,377,436
050,37,049,"North Carolina","Craven County",3,78,765,360,405
050,37,049,"North Carolina","Craven County",3,79,646,287,359
050,37,049,"North Carolina","Craven County",3,80,584,259,325
050,37,049,"North Carolina","Craven County",3,81,516,229,287
050,37,049,"North Carolina","Craven County",3,82,452,199,253
050,37,049,"North Carolina","Craven County",3,83,437,190,247
050,37,049,"North Carolina","Craven County",3,84,396,181,215
050,37,049,"North Carolina","Craven County",3,85,2000,747,1253
050,37,049,"North Carolina","Craven County",4,0,1252,622,630
050,37,049,"North Carolina","Craven County",4,1,1148,631,517
050,37,049,"North Carolina","Craven County",4,2,1274,672,602
050,37,049,"North Carolina","Craven County",4,3,1199,621,578
050,37,049,"North Carolina","Craven County",4,4,1148,610,538
050,37,049,"North Carolina","Craven County",4,5,1188,602,586
050,37,049,"North Carolina","Craven County",4,6,1154,586,568
050,37,049,"North Carolina","Craven County",4,7,1169,576,593
050,37,049,"North Carolina","Craven County",4,8,1177,588,589
050,37,049,"North Carolina","Craven County",4,9,1119,568,551
050,37,049,"North Carolina","Craven County",4,10,1146,602,544
050,37,049,"North Carolina","Craven County",4,11,1185,613,572
050,37,049,"North Carolina","Craven County",4,12,1231,635,596
050,37,049,"North Carolina","Craven County",4,13,1231,652,579
050,37,049,"North Carolina","Craven County",4,14,1320,654,666
050,37,049,"North Carolina","Craven County",4,15,1272,630,642
050,37,049,"North Carolina","Craven County",4,16,1276,626,650
050,37,049,"North Carolina","Craven County",4,17,1200,590,610
050,37,049,"North Carolina","Craven County",4,18,1055,555,500
050,37,049,"North Carolina","Craven County",4,19,1088,640,448
050,37,049,"North Carolina","Craven County",4,20,1348,847,501
050,37,049,"North Carolina","Craven County",4,21,1633,934,699
050,37,049,"North Carolina","Craven County",4,22,1620,940,680
050,37,049,"North Carolina","Craven County",4,23,1622,913,709
050,37,049,"North Carolina","Craven County",4,24,1514,829,685
050,37,049,"North Carolina","Craven County",4,25,1414,813,601
050,37,049,"North Carolina","Craven County",4,26,1452,826,626
050,37,049,"North Carolina","Craven County",4,27,1385,754,631
050,37,049,"North Carolina","Craven County",4,28,1339,706,633
050,37,049,"North Carolina","Craven County",4,29,1377,744,633
050,37,049,"North Carolina","Craven County",4,30,1342,710,632
050,37,049,"North Carolina","Craven County",4,31,1330,692,638
050,37,049,"North Carolina","Craven County",4,32,1344,688,656
050,37,049,"North Carolina","Craven County",4,33,1261,627,634
050,37,049,"North Carolina","Craven County",4,34,1211,600,611
050,37,049,"North Carolina","Craven County",4,35,1219,587,632
050,37,049,"North Carolina","Craven County",4,36,1212,630,582
050,37,049,"North Carolina","Craven County",4,37,1222,646,576
050,37,049,"North Carolina","Craven County",4,38,1183,610,573
050,37,049,"North Carolina","Craven County",4,39,1150,598,552
050,37,049,"North Carolina","Craven County",4,40,1131,583,548
050,37,049,"North Carolina","Craven County",4,41,1155,567,588
050,37,049,"North Carolina","Craven County",4,42,1153,558,595
050,37,049,"North Carolina","Craven County",4,43,1097,540,557
050,37,049,"North Carolina","Craven County",4,44,1069,559,510
050,37,049,"North Carolina","Craven County",4,45,1047,525,522
050,37,049,"North Carolina","Craven County",4,46,1037,526,511
050,37,049,"North Carolina","Craven County",4,47,995,498,497
050,37,049,"North Carolina","Craven County",4,48,952,464,488
050,37,049,"North Carolina","Craven County",4,49,1014,509,505
050,37,049,"North Carolina","Craven County",4,50,1044,502,542
050,37,049,"North Carolina","Craven County",4,51,1072,505,567
050,37,049,"North Carolina","Craven County",4,52,1101,540,561
050,37,049,"North Carolina","Craven County",4,53,1039,481,558
050,37,049,"North Carolina","Craven County",4,54,1015,469,546
050,37,049,"North Carolina","Craven County",4,55,1081,514,567
050,37,049,"North Carolina","Craven County",4,56,1110,527,583
050,37,049,"North Carolina","Craven County",4,57,1185,569,616
050,37,049,"North Carolina","Craven County",4,58,1232,553,679
050,37,049,"North Carolina","Craven County",4,59,1268,603,665
050,37,049,"North Carolina","Craven County",4,60,1400,628,772
050,37,049,"North Carolina","Craven County",4,61,1377,626,751
050,37,049,"North Carolina","Craven County",4,62,1339,597,742
050,37,049,"North Carolina","Craven County",4,63,1409,657,752
050,37,049,"North Carolina","Craven County",4,64,1473,688,785
050,37,049,"North Carolina","Craven County",4,65,1419,691,728
050,37,049,"North Carolina","Craven County",4,66,1354,620,734
050,37,049,"North Carolina","Craven County",4,67,1354,621,733
050,37,049,"North Carolina","Craven County",4,68,1347,618,729
050,37,049,"North Carolina","Craven County",4,69,1290,598,692
050,37,049,"North Carolina","Craven County",4,70,1246,570,676
050,37,049,"North Carolina","Craven County",4,71,1182,527,655
050,37,049,"North Carolina","Craven County",4,72,1105,505,600
050,37,049,"North Carolina","Craven County",4,73,1095,519,576
050,37,049,"North Carolina","Craven County",4,74,1101,531,570
050,37,049,"North Carolina","Craven County",4,75,1208,587,621
050,37,049,"North Carolina","Craven County",4,76,817,377,440
050,37,049,"North Carolina","Craven County",4,77,798,358,440
050,37,049,"North Carolina","Craven County",4,78,775,357,418
050,37,049,"North Carolina","Craven County",4,79,745,345,400
050,37,049,"North Carolina","Craven County",4,80,597,270,327
050,37,049,"North Carolina","Craven County",4,81,535,233,302
050,37,049,"North Carolina","Craven County",4,82,487,221,266
050,37,049,"North Carolina","Craven County",4,83,423,180,243
050,37,049,"North Carolina","Craven County",4,84,414,174,240
050,37,049,"North Carolina","Craven County",4,85,1990,743,1247
050,37,049,"North Carolina","Craven County",5,0,1236,611,625
050,37,049,"North Carolina","Craven County",5,1,1233,608,625
050,37,049,"North Carolina","Craven County",5,2,1139,636,503
050,37,049,"North Carolina","Craven County",5,3,1256,668,588
050,37,049,"North Carolina","Craven County",5,4,1158,595,563
050,37,049,"North Carolina","Craven County",5,5,1144,605,539
050,37,049,"North Carolina","Craven County",5,6,1207,629,578
050,37,049,"North Carolina","Craven County",5,7,1143,574,569
050,37,049,"North Carolina","Craven County",5,8,1197,574,623
050,37,049,"North Carolina","Craven County",5,9,1187,593,594
050,37,049,"North Carolina","Craven County",5,10,1134,566,568
050,37,049,"North Carolina","Craven County",5,11,1139,594,545
050,37,049,"North Carolina","Craven County",5,12,1185,610,575
050,37,049,"North Carolina","Craven County",5,13,1251,647,604
050,37,049,"North Carolina","Craven County",5,14,1224,652,572
050,37,049,"North Carolina","Craven County",5,15,1337,668,669
050,37,049,"North Carolina","Craven County",5,16,1270,635,635
050,37,049,"North Carolina","Craven County",5,17,1276,644,632
050,37,049,"North Carolina","Craven County",5,18,1070,544,526
050,37,049,"North Carolina","Craven County",5,19,1102,638,464
050,37,049,"North Carolina","Craven County",5,20,1409,874,535
050,37,049,"North Carolina","Craven County",5,21,1525,926,599
050,37,049,"North Carolina","Craven County",5,22,1749,1001,748
050,37,049,"North Carolina","Craven County",5,23,1568,874,694
050,37,049,"North Carolina","Craven County",5,24,1522,847,675
050,37,049,"North Carolina","Craven County",5,25,1450,775,675
050,37,049,"North Carolina","Craven County",5,26,1362,762,600
050,37,049,"North Carolina","Craven County",5,27,1423,789,634
050,37,049,"North Carolina","Craven County",5,28,1376,739,637
050,37,049,"North Carolina","Craven County",5,29,1328,681,647
050,37,049,"North Carolina","Craven County",5,30,1393,753,640
050,37,049,"North Carolina","Craven County",5,31,1351,727,624
050,37,049,"North Carolina","Craven County",5,32,1355,741,614
050,37,049,"North Carolina","Craven County",5,33,1312,668,644
050,37,049,"North Carolina","Craven County",5,34,1268,635,633
050,37,049,"North Carolina","Craven County",5,35,1244,604,640
050,37,049,"North Carolina","Craven County",5,36,1245,609,636
050,37,049,"North Carolina","Craven County",5,37,1232,620,612
050,37,049,"North Carolina","Craven County",5,38,1216,638,578
050,37,049,"North Carolina","Craven County",5,39,1164,601,563
050,37,049,"North Carolina","Craven County",5,40,1164,603,561
050,37,049,"North Carolina","Craven County",5,41,1117,568,549
050,37,049,"North Carolina","Craven County",5,42,1181,571,610
050,37,049,"North Carolina","Craven County",5,43,1160,559,601
050,37,049,"North Carolina","Craven County",5,44,1091,538,553
050,37,049,"North Carolina","Craven County",5,45,1071,565,506
050,37,049,"North Carolina","Craven County",5,46,1049,527,522
050,37,049,"North Carolina","Craven County",5,47,1024,508,516
050,37,049,"North Carolina","Craven County",5,48,1031,512,519
050,37,049,"North Carolina","Craven County",5,49,967,466,501
050,37,049,"North Carolina","Craven County",5,50,1017,496,521
050,37,049,"North Carolina","Craven County",5,51,1059,501,558
050,37,049,"North Carolina","Craven County",5,52,1094,510,584
050,37,049,"North Carolina","Craven County",5,53,1116,549,567
050,37,049,"North Carolina","Craven County",5,54,1079,499,580
050,37,049,"North Carolina","Craven County",5,55,1036,488,548
050,37,049,"North Carolina","Craven County",5,56,1101,512,589
050,37,049,"North Carolina","Craven County",5,57,1113,537,576
050,37,049,"North Carolina","Craven County",5,58,1200,581,619
050,37,049,"North Carolina","Craven County",5,59,1280,582,698
050,37,049,"North Carolina","Craven County",5,60,1288,602,686
050,37,049,"North Carolina","Craven County",5,61,1423,640,783
050,37,049,"North Carolina","Craven County",5,62,1391,625,766
050,37,049,"North Carolina","Craven County",5,63,1374,619,755
050,37,049,"North Carolina","Craven County",5,64,1434,655,779
050,37,049,"North Carolina","Craven County",5,65,1504,711,793
050,37,049,"North Carolina","Craven County",5,66,1452,705,747
050,37,049,"North Carolina","Craven County",5,67,1363,626,737
050,37,049,"North Carolina","Craven County",5,68,1372,630,742
050,37,049,"North Carolina","Craven County",5,69,1346,622,724
050,37,049,"North Carolina","Craven County",5,70,1285,597,688
050,37,049,"North Carolina","Craven County",5,71,1229,562,667
050,37,049,"North Carolina","Craven County",5,72,1177,526,651
050,37,049,"North Carolina","Craven County",5,73,1087,496,591
050,37,049,"North Carolina","Craven County",5,74,1091,516,575
050,37,049,"North Carolina","Craven County",5,75,1077,520,557
050,37,049,"North Carolina","Craven County",5,76,1192,574,618
050,37,049,"North Carolina","Craven County",5,77,797,371,426
050,37,049,"North Carolina","Craven County",5,78,758,335,423
050,37,049,"North Carolina","Craven County",5,79,745,337,408
050,37,049,"North Carolina","Craven County",5,80,696,321,375
050,37,049,"North Carolina","Craven County",5,81,558,247,311
050,37,049,"North Carolina","Craven County",5,82,515,224,291
050,37,049,"North Carolina","Craven County",5,83,462,206,256
050,37,049,"North Carolina","Craven County",5,84,395,159,236
050,37,049,"North Carolina","Craven County",5,85,2050,757,1293
050,37,051,"North Carolina","Cumberland County",1,0,5243,2669,2574
050,37,051,"North Carolina","Cumberland County",1,1,5049,2560,2489
050,37,051,"North Carolina","Cumberland County",1,2,5041,2568,2473
050,37,051,"North Carolina","Cumberland County",1,3,4788,2408,2380
050,37,051,"North Carolina","Cumberland County",1,4,4862,2483,2379
050,37,051,"North Carolina","Cumberland County",1,5,4849,2442,2407
050,37,051,"North Carolina","Cumberland County",1,6,4822,2441,2381
050,37,051,"North Carolina","Cumberland County",1,7,4570,2335,2235
050,37,051,"North Carolina","Cumberland County",1,8,4635,2336,2299
050,37,051,"North Carolina","Cumberland County",1,9,4732,2399,2333
050,37,051,"North Carolina","Cumberland County",1,10,4650,2390,2260
050,37,051,"North Carolina","Cumberland County",1,11,4603,2325,2278
050,37,051,"North Carolina","Cumberland County",1,12,4708,2355,2353
050,37,051,"North Carolina","Cumberland County",1,13,4598,2356,2242
050,37,051,"North Carolina","Cumberland County",1,14,4343,2188,2155
050,37,051,"North Carolina","Cumberland County",1,15,4241,2147,2094
050,37,051,"North Carolina","Cumberland County",1,16,4289,2200,2089
050,37,051,"North Carolina","Cumberland County",1,17,4279,2154,2125
050,37,051,"North Carolina","Cumberland County",1,18,4466,2437,2029
050,37,051,"North Carolina","Cumberland County",1,19,5206,3116,2090
050,37,051,"North Carolina","Cumberland County",1,20,5989,3674,2315
050,37,051,"North Carolina","Cumberland County",1,21,6435,3906,2529
050,37,051,"North Carolina","Cumberland County",1,22,6531,3875,2656
050,37,051,"North Carolina","Cumberland County",1,23,6319,3676,2643
050,37,051,"North Carolina","Cumberland County",1,24,6390,3663,2727
050,37,051,"North Carolina","Cumberland County",1,25,6370,3545,2825
050,37,051,"North Carolina","Cumberland County",1,26,6306,3460,2846
050,37,051,"North Carolina","Cumberland County",1,27,6083,3283,2800
050,37,051,"North Carolina","Cumberland County",1,28,6047,3202,2845
050,37,051,"North Carolina","Cumberland County",1,29,5903,3028,2875
050,37,051,"North Carolina","Cumberland County",1,30,5550,2848,2702
050,37,051,"North Carolina","Cumberland County",1,31,5259,2669,2590
050,37,051,"North Carolina","Cumberland County",1,32,4999,2494,2505
050,37,051,"North Carolina","Cumberland County",1,33,4691,2265,2426
050,37,051,"North Carolina","Cumberland County",1,34,4807,2316,2491
050,37,051,"North Carolina","Cumberland County",1,35,4595,2226,2369
050,37,051,"North Carolina","Cumberland County",1,36,4561,2237,2324
050,37,051,"North Carolina","Cumberland County",1,37,4521,2252,2269
050,37,051,"North Carolina","Cumberland County",1,38,4361,2067,2294
050,37,051,"North Carolina","Cumberland County",1,39,4203,1998,2205
050,37,051,"North Carolina","Cumberland County",1,40,4124,1990,2134
050,37,051,"North Carolina","Cumberland County",1,41,3871,1794,2077
050,37,051,"North Carolina","Cumberland County",1,42,3676,1711,1965
050,37,051,"North Carolina","Cumberland County",1,43,3549,1697,1852
050,37,051,"North Carolina","Cumberland County",1,44,3481,1599,1882
050,37,051,"North Carolina","Cumberland County",1,45,3375,1523,1852
050,37,051,"North Carolina","Cumberland County",1,46,3262,1514,1748
050,37,051,"North Carolina","Cumberland County",1,47,3431,1597,1834
050,37,051,"North Carolina","Cumberland County",1,48,3716,1743,1973
050,37,051,"North Carolina","Cumberland County",1,49,3678,1664,2014
050,37,051,"North Carolina","Cumberland County",1,50,3442,1538,1904
050,37,051,"North Carolina","Cumberland County",1,51,3381,1526,1855
050,37,051,"North Carolina","Cumberland County",1,52,3390,1581,1809
050,37,051,"North Carolina","Cumberland County",1,53,3400,1611,1789
050,37,051,"North Carolina","Cumberland County",1,54,3537,1636,1901
050,37,051,"North Carolina","Cumberland County",1,55,3792,1750,2042
050,37,051,"North Carolina","Cumberland County",1,56,3829,1735,2094
050,37,051,"North Carolina","Cumberland County",1,57,3668,1618,2050
050,37,051,"North Carolina","Cumberland County",1,58,3695,1664,2031
050,37,051,"North Carolina","Cumberland County",1,59,3762,1707,2055
050,37,051,"North Carolina","Cumberland County",1,60,3668,1664,2004
050,37,051,"North Carolina","Cumberland County",1,61,3546,1686,1860
050,37,051,"North Carolina","Cumberland County",1,62,3516,1627,1889
050,37,051,"North Carolina","Cumberland County",1,63,3315,1537,1778
050,37,051,"North Carolina","Cumberland County",1,64,3235,1467,1768
050,37,051,"North Carolina","Cumberland County",1,65,3156,1422,1734
050,37,051,"North Carolina","Cumberland County",1,66,2970,1347,1623
050,37,051,"North Carolina","Cumberland County",1,67,2802,1278,1524
050,37,051,"North Carolina","Cumberland County",1,68,2663,1212,1451
050,37,051,"North Carolina","Cumberland County",1,69,2547,1138,1409
050,37,051,"North Carolina","Cumberland County",1,70,2402,1101,1301
050,37,051,"North Carolina","Cumberland County",1,71,2328,1054,1274
050,37,051,"North Carolina","Cumberland County",1,72,2312,1073,1239
050,37,051,"North Carolina","Cumberland County",1,73,2311,1077,1234
050,37,051,"North Carolina","Cumberland County",1,74,1673,732,941
050,37,051,"North Carolina","Cumberland County",1,75,1615,691,924
050,37,051,"North Carolina","Cumberland County",1,76,1546,651,895
050,37,051,"North Carolina","Cumberland County",1,77,1577,643,934
050,37,051,"North Carolina","Cumberland County",1,78,1359,532,827
050,37,051,"North Carolina","Cumberland County",1,79,1201,477,724
050,37,051,"North Carolina","Cumberland County",1,80,1173,444,729
050,37,051,"North Carolina","Cumberland County",1,81,1039,397,642
050,37,051,"North Carolina","Cumberland County",1,82,996,394,602
050,37,051,"North Carolina","Cumberland County",1,83,889,333,556
050,37,051,"North Carolina","Cumberland County",1,84,815,291,524
050,37,051,"North Carolina","Cumberland County",1,85,4126,1352,2774
050,37,051,"North Carolina","Cumberland County",2,0,5186,2632,2554
050,37,051,"North Carolina","Cumberland County",2,1,5058,2560,2498
050,37,051,"North Carolina","Cumberland County",2,2,5003,2540,2463
050,37,051,"North Carolina","Cumberland County",2,3,4812,2438,2374
050,37,051,"North Carolina","Cumberland County",2,4,4828,2462,2366
050,37,051,"North Carolina","Cumberland County",2,5,4843,2445,2398
050,37,051,"North Carolina","Cumberland County",2,6,4803,2423,2380
050,37,051,"North Carolina","Cumberland County",2,7,4617,2350,2267
050,37,051,"North Carolina","Cumberland County",2,8,4619,2335,2284
050,37,051,"North Carolina","Cumberland County",2,9,4694,2377,2317
050,37,051,"North Carolina","Cumberland County",2,10,4649,2380,2269
050,37,051,"North Carolina","Cumberland County",2,11,4590,2324,2266
050,37,051,"North Carolina","Cumberland County",2,12,4696,2351,2345
050,37,051,"North Carolina","Cumberland County",2,13,4619,2355,2264
050,37,051,"North Carolina","Cumberland County",2,14,4393,2223,2170
050,37,051,"North Carolina","Cumberland County",2,15,4266,2160,2106
050,37,051,"North Carolina","Cumberland County",2,16,4289,2192,2097
050,37,051,"North Carolina","Cumberland County",2,17,4281,2163,2118
050,37,051,"North Carolina","Cumberland County",2,18,4474,2462,2012
050,37,051,"North Carolina","Cumberland County",2,19,5290,3202,2088
050,37,051,"North Carolina","Cumberland County",2,20,6117,3794,2323
050,37,051,"North Carolina","Cumberland County",2,21,6514,4014,2500
050,37,051,"North Carolina","Cumberland County",2,22,6603,3953,2650
050,37,051,"North Carolina","Cumberland County",2,23,6424,3757,2667
050,37,051,"North Carolina","Cumberland County",2,24,6412,3700,2712
050,37,051,"North Carolina","Cumberland County",2,25,6369,3558,2811
050,37,051,"North Carolina","Cumberland County",2,26,6343,3500,2843
050,37,051,"North Carolina","Cumberland County",2,27,6063,3266,2797
050,37,051,"North Carolina","Cumberland County",2,28,6025,3209,2816
050,37,051,"North Carolina","Cumberland County",2,29,5907,3053,2854
050,37,051,"North Carolina","Cumberland County",2,30,5618,2883,2735
050,37,051,"North Carolina","Cumberland County",2,31,5277,2674,2603
050,37,051,"North Carolina","Cumberland County",2,32,5023,2516,2507
050,37,051,"North Carolina","Cumberland County",2,33,4733,2306,2427
050,37,051,"North Carolina","Cumberland County",2,34,4756,2303,2453
050,37,051,"North Carolina","Cumberland County",2,35,4632,2240,2392
050,37,051,"North Carolina","Cumberland County",2,36,4535,2220,2315
050,37,051,"North Carolina","Cumberland County",2,37,4507,2233,2274
050,37,051,"North Carolina","Cumberland County",2,38,4385,2101,2284
050,37,051,"North Carolina","Cumberland County",2,39,4210,2005,2205
050,37,051,"North Carolina","Cumberland County",2,40,4153,1990,2163
050,37,051,"North Carolina","Cumberland County",2,41,3894,1813,2081
050,37,051,"North Carolina","Cumberland County",2,42,3680,1719,1961
050,37,051,"North Carolina","Cumberland County",2,43,3593,1707,1886
050,37,051,"North Carolina","Cumberland County",2,44,3456,1605,1851
050,37,051,"North Carolina","Cumberland County",2,45,3399,1538,1861
050,37,051,"North Carolina","Cumberland County",2,46,3268,1501,1767
050,37,051,"North Carolina","Cumberland County",2,47,3381,1571,1810
050,37,051,"North Carolina","Cumberland County",2,48,3639,1695,1944
050,37,051,"North Carolina","Cumberland County",2,49,3682,1679,2003
050,37,051,"North Carolina","Cumberland County",2,50,3492,1561,1931
050,37,051,"North Carolina","Cumberland County",2,51,3370,1512,1858
050,37,051,"North Carolina","Cumberland County",2,52,3381,1568,1813
050,37,051,"North Carolina","Cumberland County",2,53,3377,1597,1780
050,37,051,"North Carolina","Cumberland County",2,54,3488,1622,1866
050,37,051,"North Carolina","Cumberland County",2,55,3722,1716,2006
050,37,051,"North Carolina","Cumberland County",2,56,3820,1738,2082
050,37,051,"North Carolina","Cumberland County",2,57,3691,1641,2050
050,37,051,"North Carolina","Cumberland County",2,58,3678,1651,2027
050,37,051,"North Carolina","Cumberland County",2,59,3726,1685,2041
050,37,051,"North Carolina","Cumberland County",2,60,3674,1667,2007
050,37,051,"North Carolina","Cumberland County",2,61,3553,1669,1884
050,37,051,"North Carolina","Cumberland County",2,62,3496,1629,1867
050,37,051,"North Carolina","Cumberland County",2,63,3365,1563,1802
050,37,051,"North Carolina","Cumberland County",2,64,3216,1461,1755
050,37,051,"North Carolina","Cumberland County",2,65,3166,1427,1739
050,37,051,"North Carolina","Cumberland County",2,66,3010,1360,1650
050,37,051,"North Carolina","Cumberland County",2,67,2823,1286,1537
050,37,051,"North Carolina","Cumberland County",2,68,2670,1211,1459
050,37,051,"North Carolina","Cumberland County",2,69,2570,1149,1421
050,37,051,"North Carolina","Cumberland County",2,70,2425,1102,1323
050,37,051,"North Carolina","Cumberland County",2,71,2332,1056,1276
050,37,051,"North Carolina","Cumberland County",2,72,2284,1052,1232
050,37,051,"North Carolina","Cumberland County",2,73,2391,1111,1280
050,37,051,"North Carolina","Cumberland County",2,74,1734,769,965
050,37,051,"North Carolina","Cumberland County",2,75,1623,692,931
050,37,051,"North Carolina","Cumberland County",2,76,1526,647,879
050,37,051,"North Carolina","Cumberland County",2,77,1582,651,931
050,37,051,"North Carolina","Cumberland County",2,78,1383,545,838
050,37,051,"North Carolina","Cumberland County",2,79,1222,481,741
050,37,051,"North Carolina","Cumberland County",2,80,1174,448,726
050,37,051,"North Carolina","Cumberland County",2,81,1050,401,649
050,37,051,"North Carolina","Cumberland County",2,82,990,388,602
050,37,051,"North Carolina","Cumberland County",2,83,903,343,560
050,37,051,"North Carolina","Cumberland County",2,84,809,286,523
050,37,051,"North Carolina","Cumberland County",2,85,4146,1360,2786
050,37,051,"North Carolina","Cumberland County",3,0,5024,2518,2506
050,37,051,"North Carolina","Cumberland County",3,1,5098,2579,2519
050,37,051,"North Carolina","Cumberland County",3,2,4995,2512,2483
050,37,051,"North Carolina","Cumberland County",3,3,4979,2470,2509
050,37,051,"North Carolina","Cumberland County",3,4,4785,2486,2299
050,37,051,"North Carolina","Cumberland County",3,5,4808,2434,2374
050,37,051,"North Carolina","Cumberland County",3,6,4807,2415,2392
050,37,051,"North Carolina","Cumberland County",3,7,4805,2428,2377
050,37,051,"North Carolina","Cumberland County",3,8,4625,2371,2254
050,37,051,"North Carolina","Cumberland County",3,9,4649,2348,2301
050,37,051,"North Carolina","Cumberland County",3,10,4677,2393,2284
050,37,051,"North Carolina","Cumberland County",3,11,4648,2377,2271
050,37,051,"North Carolina","Cumberland County",3,12,4594,2320,2274
050,37,051,"North Carolina","Cumberland County",3,13,4705,2348,2357
050,37,051,"North Carolina","Cumberland County",3,14,4614,2352,2262
050,37,051,"North Carolina","Cumberland County",3,15,4390,2226,2164
050,37,051,"North Carolina","Cumberland County",3,16,4298,2182,2116
050,37,051,"North Carolina","Cumberland County",3,17,4258,2151,2107
050,37,051,"North Carolina","Cumberland County",3,18,4504,2491,2013
050,37,051,"North Carolina","Cumberland County",3,19,5343,3285,2058
050,37,051,"North Carolina","Cumberland County",3,20,6391,4035,2356
050,37,051,"North Carolina","Cumberland County",3,21,6740,4220,2520
050,37,051,"North Carolina","Cumberland County",3,22,6768,4093,2675
050,37,051,"North Carolina","Cumberland County",3,23,6661,3865,2796
050,37,051,"North Carolina","Cumberland County",3,24,6622,3833,2789
050,37,051,"North Carolina","Cumberland County",3,25,6326,3583,2743
050,37,051,"North Carolina","Cumberland County",3,26,6317,3487,2830
050,37,051,"North Carolina","Cumberland County",3,27,6210,3314,2896
050,37,051,"North Carolina","Cumberland County",3,28,5915,3166,2749
050,37,051,"North Carolina","Cumberland County",3,29,5802,3069,2733
050,37,051,"North Carolina","Cumberland County",3,30,5685,2947,2738
050,37,051,"North Carolina","Cumberland County",3,31,5437,2738,2699
050,37,051,"North Carolina","Cumberland County",3,32,5191,2603,2588
050,37,051,"North Carolina","Cumberland County",3,33,4867,2375,2492
050,37,051,"North Carolina","Cumberland County",3,34,4799,2347,2452
050,37,051,"North Carolina","Cumberland County",3,35,4661,2254,2407
050,37,051,"North Carolina","Cumberland County",3,36,4597,2211,2386
050,37,051,"North Carolina","Cumberland County",3,37,4424,2133,2291
050,37,051,"North Carolina","Cumberland County",3,38,4445,2168,2277
050,37,051,"North Carolina","Cumberland County",3,39,4265,2061,2204
050,37,051,"North Carolina","Cumberland County",3,40,4114,1925,2189
050,37,051,"North Carolina","Cumberland County",3,41,4088,1930,2158
050,37,051,"North Carolina","Cumberland County",3,42,3844,1798,2046
050,37,051,"North Carolina","Cumberland County",3,43,3636,1685,1951
050,37,051,"North Carolina","Cumberland County",3,44,3536,1672,1864
050,37,051,"North Carolina","Cumberland County",3,45,3355,1564,1791
050,37,051,"North Carolina","Cumberland County",3,46,3350,1513,1837
050,37,051,"North Carolina","Cumberland County",3,47,3269,1505,1764
050,37,051,"North Carolina","Cumberland County",3,48,3312,1552,1760
050,37,051,"North Carolina","Cumberland County",3,49,3555,1652,1903
050,37,051,"North Carolina","Cumberland County",3,50,3634,1645,1989
050,37,051,"North Carolina","Cumberland County",3,51,3468,1538,1930
050,37,051,"North Carolina","Cumberland County",3,52,3249,1475,1774
050,37,051,"North Carolina","Cumberland County",3,53,3318,1516,1802
050,37,051,"North Carolina","Cumberland County",3,54,3347,1602,1745
050,37,051,"North Carolina","Cumberland County",3,55,3420,1568,1852
050,37,051,"North Carolina","Cumberland County",3,56,3616,1648,1968
050,37,051,"North Carolina","Cumberland County",3,57,3724,1683,2041
050,37,051,"North Carolina","Cumberland County",3,58,3651,1598,2053
050,37,051,"North Carolina","Cumberland County",3,59,3577,1592,1985
050,37,051,"North Carolina","Cumberland County",3,60,3631,1651,1980
050,37,051,"North Carolina","Cumberland County",3,61,3603,1635,1968
050,37,051,"North Carolina","Cumberland County",3,62,3465,1618,1847
050,37,051,"North Carolina","Cumberland County",3,63,3436,1606,1830
050,37,051,"North Carolina","Cumberland County",3,64,3273,1502,1771
050,37,051,"North Carolina","Cumberland County",3,65,3165,1431,1734
050,37,051,"North Carolina","Cumberland County",3,66,3098,1383,1715
050,37,051,"North Carolina","Cumberland County",3,67,2937,1332,1605
050,37,051,"North Carolina","Cumberland County",3,68,2741,1230,1511
050,37,051,"North Carolina","Cumberland County",3,69,2616,1184,1432
050,37,051,"North Carolina","Cumberland County",3,70,2489,1109,1380
050,37,051,"North Carolina","Cumberland County",3,71,2358,1058,1300
050,37,051,"North Carolina","Cumberland County",3,72,2249,1001,1248
050,37,051,"North Carolina","Cumberland County",3,73,2214,1003,1211
050,37,051,"North Carolina","Cumberland County",3,74,2287,1049,1238
050,37,051,"North Carolina","Cumberland County",3,75,1659,739,920
050,37,051,"North Carolina","Cumberland County",3,76,1526,640,886
050,37,051,"North Carolina","Cumberland County",3,77,1436,607,829
050,37,051,"North Carolina","Cumberland County",3,78,1496,601,895
050,37,051,"North Carolina","Cumberland County",3,79,1301,513,788
050,37,051,"North Carolina","Cumberland County",3,80,1164,446,718
050,37,051,"North Carolina","Cumberland County",3,81,1077,394,683
050,37,051,"North Carolina","Cumberland County",3,82,966,360,606
050,37,051,"North Carolina","Cumberland County",3,83,920,358,562
050,37,051,"North Carolina","Cumberland County",3,84,823,300,523
050,37,051,"North Carolina","Cumberland County",3,85,4166,1358,2808
050,37,051,"North Carolina","Cumberland County",4,0,5198,2591,2607
050,37,051,"North Carolina","Cumberland County",4,1,4763,2341,2422
050,37,051,"North Carolina","Cumberland County",4,2,4967,2531,2436
050,37,051,"North Carolina","Cumberland County",4,3,4925,2528,2397
050,37,051,"North Carolina","Cumberland County",4,4,4990,2474,2516
050,37,051,"North Carolina","Cumberland County",4,5,4826,2522,2304
050,37,051,"North Carolina","Cumberland County",4,6,4732,2411,2321
050,37,051,"North Carolina","Cumberland County",4,7,4714,2360,2354
050,37,051,"North Carolina","Cumberland County",4,8,4779,2417,2362
050,37,051,"North Carolina","Cumberland County",4,9,4598,2326,2272
050,37,051,"North Carolina","Cumberland County",4,10,4601,2333,2268
050,37,051,"North Carolina","Cumberland County",4,11,4611,2355,2256
050,37,051,"North Carolina","Cumberland County",4,12,4588,2356,2232
050,37,051,"North Carolina","Cumberland County",4,13,4567,2336,2231
050,37,051,"North Carolina","Cumberland County",4,14,4668,2294,2374
050,37,051,"North Carolina","Cumberland County",4,15,4553,2325,2228
050,37,051,"North Carolina","Cumberland County",4,16,4367,2222,2145
050,37,051,"North Carolina","Cumberland County",4,17,4305,2172,2133
050,37,051,"North Carolina","Cumberland County",4,18,4491,2507,1984
050,37,051,"North Carolina","Cumberland County",4,19,5243,3218,2025
050,37,051,"North Carolina","Cumberland County",4,20,6147,3903,2244
050,37,051,"North Carolina","Cumberland County",4,21,6764,4203,2561
050,37,051,"North Carolina","Cumberland County",4,22,6596,3920,2676
050,37,051,"North Carolina","Cumberland County",4,23,6371,3633,2738
050,37,051,"North Carolina","Cumberland County",4,24,6443,3648,2795
050,37,051,"North Carolina","Cumberland County",4,25,6312,3539,2773
050,37,051,"North Carolina","Cumberland County",4,26,6071,3371,2700
050,37,051,"North Carolina","Cumberland County",4,27,5893,3122,2771
050,37,051,"North Carolina","Cumberland County",4,28,5948,3136,2812
050,37,051,"North Carolina","Cumberland County",4,29,5776,3005,2771
050,37,051,"North Carolina","Cumberland County",4,30,5658,2944,2714
050,37,051,"North Carolina","Cumberland County",4,31,5532,2843,2689
050,37,051,"North Carolina","Cumberland County",4,32,5281,2646,2635
050,37,051,"North Carolina","Cumberland County",4,33,5049,2502,2547
050,37,051,"North Carolina","Cumberland County",4,34,4776,2335,2441
050,37,051,"North Carolina","Cumberland County",4,35,4678,2239,2439
050,37,051,"North Carolina","Cumberland County",4,36,4615,2215,2400
050,37,051,"North Carolina","Cumberland County",4,37,4514,2137,2377
050,37,051,"North Carolina","Cumberland County",4,38,4333,2104,2229
050,37,051,"North Carolina","Cumberland County",4,39,4318,2102,2216
050,37,051,"North Carolina","Cumberland County",4,40,4220,2049,2171
050,37,051,"North Carolina","Cumberland County",4,41,4004,1854,2150
050,37,051,"North Carolina","Cumberland County",4,42,4011,1887,2124
050,37,051,"North Carolina","Cumberland County",4,43,3751,1755,1996
050,37,051,"North Carolina","Cumberland County",4,44,3526,1639,1887
050,37,051,"North Carolina","Cumberland County",4,45,3437,1599,1838
050,37,051,"North Carolina","Cumberland County",4,46,3262,1475,1787
050,37,051,"North Carolina","Cumberland County",4,47,3311,1513,1798
050,37,051,"North Carolina","Cumberland County",4,48,3191,1449,1742
050,37,051,"North Carolina","Cumberland County",4,49,3201,1485,1716
050,37,051,"North Carolina","Cumberland County",4,50,3520,1631,1889
050,37,051,"North Carolina","Cumberland County",4,51,3585,1598,1987
050,37,051,"North Carolina","Cumberland County",4,52,3400,1497,1903
050,37,051,"North Carolina","Cumberland County",4,53,3208,1431,1777
050,37,051,"North Carolina","Cumberland County",4,54,3268,1473,1795
050,37,051,"North Carolina","Cumberland County",4,55,3284,1565,1719
050,37,051,"North Carolina","Cumberland County",4,56,3345,1541,1804
050,37,051,"North Carolina","Cumberland County",4,57,3523,1595,1928
050,37,051,"North Carolina","Cumberland County",4,58,3650,1649,2001
050,37,051,"North Carolina","Cumberland County",4,59,3527,1520,2007
050,37,051,"North Carolina","Cumberland County",4,60,3451,1539,1912
050,37,051,"North Carolina","Cumberland County",4,61,3568,1626,1942
050,37,051,"North Carolina","Cumberland County",4,62,3535,1596,1939
050,37,051,"North Carolina","Cumberland County",4,63,3407,1587,1820
050,37,051,"North Carolina","Cumberland County",4,64,3358,1567,1791
050,37,051,"North Carolina","Cumberland County",4,65,3200,1459,1741
050,37,051,"North Carolina","Cumberland County",4,66,3104,1383,1721
050,37,051,"North Carolina","Cumberland County",4,67,3034,1368,1666
050,37,051,"North Carolina","Cumberland County",4,68,2878,1288,1590
050,37,051,"North Carolina","Cumberland County",4,69,2664,1186,1478
050,37,051,"North Carolina","Cumberland County",4,70,2531,1136,1395
050,37,051,"North Carolina","Cumberland County",4,71,2413,1074,1339
050,37,051,"North Carolina","Cumberland County",4,72,2262,1001,1261
050,37,051,"North Carolina","Cumberland County",4,73,2188,965,1223
050,37,051,"North Carolina","Cumberland County",4,74,2146,956,1190
050,37,051,"North Carolina","Cumberland County",4,75,2207,1012,1195
050,37,051,"North Carolina","Cumberland County",4,76,1576,708,868
050,37,051,"North Carolina","Cumberland County",4,77,1465,613,852
050,37,051,"North Carolina","Cumberland County",4,78,1347,554,793
050,37,051,"North Carolina","Cumberland County",4,79,1419,577,842
050,37,051,"North Carolina","Cumberland County",4,80,1254,490,764
050,37,051,"North Carolina","Cumberland County",4,81,1066,390,676
050,37,051,"North Carolina","Cumberland County",4,82,1003,357,646
050,37,051,"North Carolina","Cumberland County",4,83,896,331,565
050,37,051,"North Carolina","Cumberland County",4,84,825,306,519
050,37,051,"North Carolina","Cumberland County",4,85,4199,1354,2845
050,37,051,"North Carolina","Cumberland County",5,0,5195,2588,2607
050,37,051,"North Carolina","Cumberland County",5,1,5134,2540,2594
050,37,051,"North Carolina","Cumberland County",5,2,4654,2332,2322
050,37,051,"North Carolina","Cumberland County",5,3,4845,2475,2370
050,37,051,"North Carolina","Cumberland County",5,4,4926,2507,2419
050,37,051,"North Carolina","Cumberland County",5,5,4956,2453,2503
050,37,051,"North Carolina","Cumberland County",5,6,4760,2505,2255
050,37,051,"North Carolina","Cumberland County",5,7,4784,2461,2323
050,37,051,"North Carolina","Cumberland County",5,8,4670,2355,2315
050,37,051,"North Carolina","Cumberland County",5,9,4757,2412,2345
050,37,051,"North Carolina","Cumberland County",5,10,4588,2340,2248
050,37,051,"North Carolina","Cumberland County",5,11,4581,2306,2275
050,37,051,"North Carolina","Cumberland County",5,12,4606,2382,2224
050,37,051,"North Carolina","Cumberland County",5,13,4594,2329,2265
050,37,051,"North Carolina","Cumberland County",5,14,4615,2354,2261
050,37,051,"North Carolina","Cumberland County",5,15,4681,2322,2359
050,37,051,"North Carolina","Cumberland County",5,16,4589,2365,2224
050,37,051,"North Carolina","Cumberland County",5,17,4329,2206,2123
050,37,051,"North Carolina","Cumberland County",5,18,4511,2478,2033
050,37,051,"North Carolina","Cumberland County",5,19,5182,3194,1988
050,37,051,"North Carolina","Cumberland County",5,20,6031,3848,2183
050,37,051,"North Carolina","Cumberland County",5,21,6513,4076,2437
050,37,051,"North Carolina","Cumberland County",5,22,6619,3959,2660
050,37,051,"North Carolina","Cumberland County",5,23,6494,3686,2808
050,37,051,"North Carolina","Cumberland County",5,24,6373,3644,2729
050,37,051,"North Carolina","Cumberland County",5,25,6119,3342,2777
050,37,051,"North Carolina","Cumberland County",5,26,6160,3480,2680
050,37,051,"North Carolina","Cumberland County",5,27,5747,3049,2698
050,37,051,"North Carolina","Cumberland County",5,28,5641,2976,2665
050,37,051,"North Carolina","Cumberland County",5,29,5763,2995,2768
050,37,051,"North Carolina","Cumberland County",5,30,5574,2833,2741
050,37,051,"North Carolina","Cumberland County",5,31,5506,2813,2693
050,37,051,"North Carolina","Cumberland County",5,32,5422,2742,2680
050,37,051,"North Carolina","Cumberland County",5,33,5144,2535,2609
050,37,051,"North Carolina","Cumberland County",5,34,5062,2488,2574
050,37,051,"North Carolina","Cumberland County",5,35,4730,2303,2427
050,37,051,"North Carolina","Cumberland County",5,36,4643,2195,2448
050,37,051,"North Carolina","Cumberland County",5,37,4581,2164,2417
050,37,051,"North Carolina","Cumberland County",5,38,4475,2132,2343
050,37,051,"North Carolina","Cumberland County",5,39,4291,2073,2218
050,37,051,"North Carolina","Cumberland County",5,40,4242,2032,2210
050,37,051,"North Carolina","Cumberland County",5,41,4138,2006,2132
050,37,051,"North Carolina","Cumberland County",5,42,3943,1814,2129
050,37,051,"North Carolina","Cumberland County",5,43,3911,1811,2100
050,37,051,"North Carolina","Cumberland County",5,44,3734,1753,1981
050,37,051,"North Carolina","Cumberland County",5,45,3459,1610,1849
050,37,051,"North Carolina","Cumberland County",5,46,3383,1576,1807
050,37,051,"North Carolina","Cumberland County",5,47,3209,1445,1764
050,37,051,"North Carolina","Cumberland County",5,48,3281,1470,1811
050,37,051,"North Carolina","Cumberland County",5,49,3167,1434,1733
050,37,051,"North Carolina","Cumberland County",5,50,3164,1482,1682
050,37,051,"North Carolina","Cumberland County",5,51,3465,1604,1861
050,37,051,"North Carolina","Cumberland County",5,52,3537,1572,1965
050,37,051,"North Carolina","Cumberland County",5,53,3419,1488,1931
050,37,051,"North Carolina","Cumberland County",5,54,3193,1423,1770
050,37,051,"North Carolina","Cumberland County",5,55,3238,1465,1773
050,37,051,"North Carolina","Cumberland County",5,56,3229,1546,1683
050,37,051,"North Carolina","Cumberland County",5,57,3289,1494,1795
050,37,051,"North Carolina","Cumberland County",5,58,3477,1558,1919
050,37,051,"North Carolina","Cumberland County",5,59,3591,1623,1968
050,37,051,"North Carolina","Cumberland County",5,60,3470,1514,1956
050,37,051,"North Carolina","Cumberland County",5,61,3374,1493,1881
050,37,051,"North Carolina","Cumberland County",5,62,3486,1569,1917
050,37,051,"North Carolina","Cumberland County",5,63,3441,1555,1886
050,37,051,"North Carolina","Cumberland County",5,64,3351,1547,1804
050,37,051,"North Carolina","Cumberland County",5,65,3295,1543,1752
050,37,051,"North Carolina","Cumberland County",5,66,3146,1422,1724
050,37,051,"North Carolina","Cumberland County",5,67,3066,1371,1695
050,37,051,"North Carolina","Cumberland County",5,68,2982,1326,1656
050,37,051,"North Carolina","Cumberland County",5,69,2824,1253,1571
050,37,051,"North Carolina","Cumberland County",5,70,2581,1141,1440
050,37,051,"North Carolina","Cumberland County",5,71,2468,1104,1364
050,37,051,"North Carolina","Cumberland County",5,72,2362,1047,1315
050,37,051,"North Carolina","Cumberland County",5,73,2184,963,1221
050,37,051,"North Carolina","Cumberland County",5,74,2104,919,1185
050,37,051,"North Carolina","Cumberland County",5,75,2050,928,1122
050,37,051,"North Carolina","Cumberland County",5,76,2119,969,1150
050,37,051,"North Carolina","Cumberland County",5,77,1502,674,828
050,37,051,"North Carolina","Cumberland County",5,78,1389,567,822
050,37,051,"North Carolina","Cumberland County",5,79,1281,524,757
050,37,051,"North Carolina","Cumberland County",5,80,1366,552,814
050,37,051,"North Carolina","Cumberland County",5,81,1148,432,716
050,37,051,"North Carolina","Cumberland County",5,82,985,352,633
050,37,051,"North Carolina","Cumberland County",5,83,942,330,612
050,37,051,"North Carolina","Cumberland County",5,84,809,284,525
050,37,051,"North Carolina","Cumberland County",5,85,4251,1371,2880
050,37,053,"North Carolina","Currituck County",1,0,264,136,128
050,37,053,"North Carolina","Currituck County",1,1,269,148,121
050,37,053,"North Carolina","Currituck County",1,2,288,147,141
050,37,053,"North Carolina","Currituck County",1,3,352,179,173
050,37,053,"North Carolina","Currituck County",1,4,352,186,166
050,37,053,"North Carolina","Currituck County",1,5,338,176,162
050,37,053,"North Carolina","Currituck County",1,6,365,205,160
050,37,053,"North Carolina","Currituck County",1,7,367,174,193
050,37,053,"North Carolina","Currituck County",1,8,363,189,174
050,37,053,"North Carolina","Currituck County",1,9,355,184,171
050,37,053,"North Carolina","Currituck County",1,10,358,179,179
050,37,053,"North Carolina","Currituck County",1,11,323,168,155
050,37,053,"North Carolina","Currituck County",1,12,376,203,173
050,37,053,"North Carolina","Currituck County",1,13,381,188,193
050,37,053,"North Carolina","Currituck County",1,14,366,173,193
050,37,053,"North Carolina","Currituck County",1,15,360,181,179
050,37,053,"North Carolina","Currituck County",1,16,366,178,188
050,37,053,"North Carolina","Currituck County",1,17,353,160,193
050,37,053,"North Carolina","Currituck County",1,18,301,162,139
050,37,053,"North Carolina","Currituck County",1,19,254,140,114
050,37,053,"North Carolina","Currituck County",1,20,249,134,115
050,37,053,"North Carolina","Currituck County",1,21,236,120,116
050,37,053,"North Carolina","Currituck County",1,22,234,119,115
050,37,053,"North Carolina","Currituck County",1,23,249,129,120
050,37,053,"North Carolina","Currituck County",1,24,263,142,121
050,37,053,"North Carolina","Currituck County",1,25,281,146,135
050,37,053,"North Carolina","Currituck County",1,26,298,141,157
050,37,053,"North Carolina","Currituck County",1,27,333,172,161
050,37,053,"North Carolina","Currituck County",1,28,318,152,166
050,37,053,"North Carolina","Currituck County",1,29,348,181,167
050,37,053,"North Carolina","Currituck County",1,30,393,197,196
050,37,053,"North Carolina","Currituck County",1,31,381,176,205
050,37,053,"North Carolina","Currituck County",1,32,371,188,183
050,37,053,"North Carolina","Currituck County",1,33,355,179,176
050,37,053,"North Carolina","Currituck County",1,34,368,181,187
050,37,053,"North Carolina","Currituck County",1,35,381,191,190
050,37,053,"North Carolina","Currituck County",1,36,364,181,183
050,37,053,"North Carolina","Currituck County",1,37,377,184,193
050,37,053,"North Carolina","Currituck County",1,38,367,173,194
050,37,053,"North Carolina","Currituck County",1,39,345,191,154
050,37,053,"North Carolina","Currituck County",1,40,355,194,161
050,37,053,"North Carolina","Currituck County",1,41,329,162,167
050,37,053,"North Carolina","Currituck County",1,42,319,157,162
050,37,053,"North Carolina","Currituck County",1,43,328,157,171
050,37,053,"North Carolina","Currituck County",1,44,318,156,162
050,37,053,"North Carolina","Currituck County",1,45,326,161,165
050,37,053,"North Carolina","Currituck County",1,46,334,170,164
050,37,053,"North Carolina","Currituck County",1,47,365,196,169
050,37,053,"North Carolina","Currituck County",1,48,373,198,175
050,37,053,"North Carolina","Currituck County",1,49,394,200,194
050,37,053,"North Carolina","Currituck County",1,50,426,223,203
050,37,053,"North Carolina","Currituck County",1,51,388,202,186
050,37,053,"North Carolina","Currituck County",1,52,391,186,205
050,37,053,"North Carolina","Currituck County",1,53,392,192,200
050,37,053,"North Carolina","Currituck County",1,54,411,191,220
050,37,053,"North Carolina","Currituck County",1,55,457,220,237
050,37,053,"North Carolina","Currituck County",1,56,480,245,235
050,37,053,"North Carolina","Currituck County",1,57,492,255,237
050,37,053,"North Carolina","Currituck County",1,58,480,239,241
050,37,053,"North Carolina","Currituck County",1,59,480,243,237
050,37,053,"North Carolina","Currituck County",1,60,497,262,235
050,37,053,"North Carolina","Currituck County",1,61,501,251,250
050,37,053,"North Carolina","Currituck County",1,62,448,233,215
050,37,053,"North Carolina","Currituck County",1,63,424,224,200
050,37,053,"North Carolina","Currituck County",1,64,426,222,204
050,37,053,"North Carolina","Currituck County",1,65,398,207,191
050,37,053,"North Carolina","Currituck County",1,66,361,176,185
050,37,053,"North Carolina","Currituck County",1,67,359,170,189
050,37,053,"North Carolina","Currituck County",1,68,340,153,187
050,37,053,"North Carolina","Currituck County",1,69,300,147,153
050,37,053,"North Carolina","Currituck County",1,70,291,138,153
050,37,053,"North Carolina","Currituck County",1,71,279,142,137
050,37,053,"North Carolina","Currituck County",1,72,286,145,141
050,37,053,"North Carolina","Currituck County",1,73,289,149,140
050,37,053,"North Carolina","Currituck County",1,74,193,90,103
050,37,053,"North Carolina","Currituck County",1,75,185,90,95
050,37,053,"North Carolina","Currituck County",1,76,185,83,102
050,37,053,"North Carolina","Currituck County",1,77,198,92,106
050,37,053,"North Carolina","Currituck County",1,78,147,76,71
050,37,053,"North Carolina","Currituck County",1,79,135,74,61
050,37,053,"North Carolina","Currituck County",1,80,109,58,51
050,37,053,"North Carolina","Currituck County",1,81,95,50,45
050,37,053,"North Carolina","Currituck County",1,82,97,40,57
050,37,053,"North Carolina","Currituck County",1,83,75,36,39
050,37,053,"North Carolina","Currituck County",1,84,68,32,36
050,37,053,"North Carolina","Currituck County",1,85,318,126,192
050,37,053,"North Carolina","Currituck County",2,0,287,148,139
050,37,053,"North Carolina","Currituck County",2,1,272,147,125
050,37,053,"North Carolina","Currituck County",2,2,292,150,142
050,37,053,"North Carolina","Currituck County",2,3,339,174,165
050,37,053,"North Carolina","Currituck County",2,4,360,188,172
050,37,053,"North Carolina","Currituck County",2,5,349,184,165
050,37,053,"North Carolina","Currituck County",2,6,364,200,164
050,37,053,"North Carolina","Currituck County",2,7,372,183,189
050,37,053,"North Carolina","Currituck County",2,8,367,187,180
050,37,053,"North Carolina","Currituck County",2,9,357,185,172
050,37,053,"North Carolina","Currituck County",2,10,358,180,178
050,37,053,"North Carolina","Currituck County",2,11,336,172,164
050,37,053,"North Carolina","Currituck County",2,12,371,198,173
050,37,053,"North Carolina","Currituck County",2,13,380,191,189
050,37,053,"North Carolina","Currituck County",2,14,372,176,196
050,37,053,"North Carolina","Currituck County",2,15,363,178,185
050,37,053,"North Carolina","Currituck County",2,16,369,179,190
050,37,053,"North Carolina","Currituck County",2,17,363,169,194
050,37,053,"North Carolina","Currituck County",2,18,300,159,141
050,37,053,"North Carolina","Currituck County",2,19,252,137,115
050,37,053,"North Carolina","Currituck County",2,20,258,139,119
050,37,053,"North Carolina","Currituck County",2,21,240,124,116
050,37,053,"North Carolina","Currituck County",2,22,239,122,117
050,37,053,"North Carolina","Currituck County",2,23,246,127,119
050,37,053,"North Carolina","Currituck County",2,24,261,140,121
050,37,053,"North Carolina","Currituck County",2,25,282,147,135
050,37,053,"North Carolina","Currituck County",2,26,303,147,156
050,37,053,"North Carolina","Currituck County",2,27,330,167,163
050,37,053,"North Carolina","Currituck County",2,28,329,162,167
050,37,053,"North Carolina","Currituck County",2,29,348,179,169
050,37,053,"North Carolina","Currituck County",2,30,393,197,196
050,37,053,"North Carolina","Currituck County",2,31,390,185,205
050,37,053,"North Carolina","Currituck County",2,32,380,190,190
050,37,053,"North Carolina","Currituck County",2,33,362,182,180
050,37,053,"North Carolina","Currituck County",2,34,373,186,187
050,37,053,"North Carolina","Currituck County",2,35,386,194,192
050,37,053,"North Carolina","Currituck County",2,36,375,189,186
050,37,053,"North Carolina","Currituck County",2,37,383,188,195
050,37,053,"North Carolina","Currituck County",2,38,376,179,197
050,37,053,"North Carolina","Currituck County",2,39,354,188,166
050,37,053,"North Carolina","Currituck County",2,40,357,195,162
050,37,053,"North Carolina","Currituck County",2,41,333,169,164
050,37,053,"North Carolina","Currituck County",2,42,319,157,162
050,37,053,"North Carolina","Currituck County",2,43,331,160,171
050,37,053,"North Carolina","Currituck County",2,44,318,156,162
050,37,053,"North Carolina","Currituck County",2,45,332,164,168
050,37,053,"North Carolina","Currituck County",2,46,336,168,168
050,37,053,"North Carolina","Currituck County",2,47,359,189,170
050,37,053,"North Carolina","Currituck County",2,48,373,198,175
050,37,053,"North Carolina","Currituck County",2,49,395,202,193
050,37,053,"North Carolina","Currituck County",2,50,423,221,202
050,37,053,"North Carolina","Currituck County",2,51,398,209,189
050,37,053,"North Carolina","Currituck County",2,52,391,190,201
050,37,053,"North Carolina","Currituck County",2,53,393,192,201
050,37,053,"North Carolina","Currituck County",2,54,405,191,214
050,37,053,"North Carolina","Currituck County",2,55,445,213,232
050,37,053,"North Carolina","Currituck County",2,56,481,241,240
050,37,053,"North Carolina","Currituck County",2,57,493,253,240
050,37,053,"North Carolina","Currituck County",2,58,488,245,243
050,37,053,"North Carolina","Currituck County",2,59,487,248,239
050,37,053,"North Carolina","Currituck County",2,60,497,261,236
050,37,053,"North Carolina","Currituck County",2,61,504,255,249
050,37,053,"North Carolina","Currituck County",2,62,460,237,223
050,37,053,"North Carolina","Currituck County",2,63,435,230,205
050,37,053,"North Carolina","Currituck County",2,64,428,223,205
050,37,053,"North Carolina","Currituck County",2,65,410,214,196
050,37,053,"North Carolina","Currituck County",2,66,370,181,189
050,37,053,"North Carolina","Currituck County",2,67,364,174,190
050,37,053,"North Carolina","Currituck County",2,68,343,157,186
050,37,053,"North Carolina","Currituck County",2,69,312,149,163
050,37,053,"North Carolina","Currituck County",2,70,292,140,152
050,37,053,"North Carolina","Currituck County",2,71,282,141,141
050,37,053,"North Carolina","Currituck County",2,72,281,144,137
050,37,053,"North Carolina","Currituck County",2,73,301,155,146
050,37,053,"North Carolina","Currituck County",2,74,201,96,105
050,37,053,"North Carolina","Currituck County",2,75,187,90,97
050,37,053,"North Carolina","Currituck County",2,76,183,84,99
050,37,053,"North Carolina","Currituck County",2,77,195,90,105
050,37,053,"North Carolina","Currituck County",2,78,155,78,77
050,37,053,"North Carolina","Currituck County",2,79,136,74,62
050,37,053,"North Carolina","Currituck County",2,80,115,63,52
050,37,053,"North Carolina","Currituck County",2,81,96,51,45
050,37,053,"North Carolina","Currituck County",2,82,97,43,54
050,37,053,"North Carolina","Currituck County",2,83,79,37,42
050,37,053,"North Carolina","Currituck County",2,84,68,32,36
050,37,053,"North Carolina","Currituck County",2,85,326,132,194
050,37,053,"North Carolina","Currituck County",3,0,301,159,142
050,37,053,"North Carolina","Currituck County",3,1,308,167,141
050,37,053,"North Carolina","Currituck County",3,2,311,162,149
050,37,053,"North Carolina","Currituck County",3,3,324,174,150
050,37,053,"North Carolina","Currituck County",3,4,356,187,169
050,37,053,"North Carolina","Currituck County",3,5,395,200,195
050,37,053,"North Carolina","Currituck County",3,6,392,214,178
050,37,053,"North Carolina","Currituck County",3,7,386,218,168
050,37,053,"North Carolina","Currituck County",3,8,391,190,201
050,37,053,"North Carolina","Currituck County",3,9,393,209,184
050,37,053,"North Carolina","Currituck County",3,10,378,196,182
050,37,053,"North Carolina","Currituck County",3,11,378,187,191
050,37,053,"North Carolina","Currituck County",3,12,358,190,168
050,37,053,"North Carolina","Currituck County",3,13,394,213,181
050,37,053,"North Carolina","Currituck County",3,14,395,200,195
050,37,053,"North Carolina","Currituck County",3,15,392,180,212
050,37,053,"North Carolina","Currituck County",3,16,363,184,179
050,37,053,"North Carolina","Currituck County",3,17,391,190,201
050,37,053,"North Carolina","Currituck County",3,18,324,156,168
050,37,053,"North Carolina","Currituck County",3,19,240,124,116
050,37,053,"North Carolina","Currituck County",3,20,260,141,119
050,37,053,"North Carolina","Currituck County",3,21,270,152,118
050,37,053,"North Carolina","Currituck County",3,22,242,124,118
050,37,053,"North Carolina","Currituck County",3,23,240,133,107
050,37,053,"North Carolina","Currituck County",3,24,261,136,125
050,37,053,"North Carolina","Currituck County",3,25,286,157,129
050,37,053,"North Carolina","Currituck County",3,26,294,156,138
050,37,053,"North Carolina","Currituck County",3,27,304,149,155
050,37,053,"North Carolina","Currituck County",3,28,330,163,167
050,37,053,"North Carolina","Currituck County",3,29,348,174,174
050,37,053,"North Carolina","Currituck County",3,30,372,184,188
050,37,053,"North Carolina","Currituck County",3,31,420,209,211
050,37,053,"North Carolina","Currituck County",3,32,435,209,226
050,37,053,"North Carolina","Currituck County",3,33,432,223,209
050,37,053,"North Carolina","Currituck County",3,34,397,204,193
050,37,053,"North Carolina","Currituck County",3,35,418,204,214
050,37,053,"North Carolina","Currituck County",3,36,422,216,206
050,37,053,"North Carolina","Currituck County",3,37,383,191,192
050,37,053,"North Carolina","Currituck County",3,38,400,193,207
050,37,053,"North Carolina","Currituck County",3,39,426,207,219
050,37,053,"North Carolina","Currituck County",3,40,372,199,173
050,37,053,"North Carolina","Currituck County",3,41,388,206,182
050,37,053,"North Carolina","Currituck County",3,42,363,190,173
050,37,053,"North Carolina","Currituck County",3,43,336,172,164
050,37,053,"North Carolina","Currituck County",3,44,357,177,180
050,37,053,"North Carolina","Currituck County",3,45,347,170,177
050,37,053,"North Carolina","Currituck County",3,46,360,183,177
050,37,053,"North Carolina","Currituck County",3,47,337,170,167
050,37,053,"North Carolina","Currituck County",3,48,378,200,178
050,37,053,"North Carolina","Currituck County",3,49,378,201,177
050,37,053,"North Carolina","Currituck County",3,50,400,204,196
050,37,053,"North Carolina","Currituck County",3,51,454,245,209
050,37,053,"North Carolina","Currituck County",3,52,413,213,200
050,37,053,"North Carolina","Currituck County",3,53,404,202,202
050,37,053,"North Carolina","Currituck County",3,54,399,192,207
050,37,053,"North Carolina","Currituck County",3,55,428,203,225
050,37,053,"North Carolina","Currituck County",3,56,448,212,236
050,37,053,"North Carolina","Currituck County",3,57,491,243,248
050,37,053,"North Carolina","Currituck County",3,58,504,257,247
050,37,053,"North Carolina","Currituck County",3,59,521,252,269
050,37,053,"North Carolina","Currituck County",3,60,507,248,259
050,37,053,"North Carolina","Currituck County",3,61,505,270,235
050,37,053,"North Carolina","Currituck County",3,62,510,254,256
050,37,053,"North Carolina","Currituck County",3,63,487,251,236
050,37,053,"North Carolina","Currituck County",3,64,432,219,213
050,37,053,"North Carolina","Currituck County",3,65,433,223,210
050,37,053,"North Carolina","Currituck County",3,66,411,215,196
050,37,053,"North Carolina","Currituck County",3,67,372,178,194
050,37,053,"North Carolina","Currituck County",3,68,380,189,191
050,37,053,"North Carolina","Currituck County",3,69,333,146,187
050,37,053,"North Carolina","Currituck County",3,70,324,153,171
050,37,053,"North Carolina","Currituck County",3,71,294,142,152
050,37,053,"North Carolina","Currituck County",3,72,281,137,144
050,37,053,"North Carolina","Currituck County",3,73,268,130,138
050,37,053,"North Carolina","Currituck County",3,74,289,149,140
050,37,053,"North Carolina","Currituck County",3,75,199,93,106
050,37,053,"North Carolina","Currituck County",3,76,180,85,95
050,37,053,"North Carolina","Currituck County",3,77,171,77,94
050,37,053,"North Carolina","Currituck County",3,78,172,82,90
050,37,053,"North Carolina","Currituck County",3,79,148,71,77
050,37,053,"North Carolina","Currituck County",3,80,129,68,61
050,37,053,"North Carolina","Currituck County",3,81,110,60,50
050,37,053,"North Carolina","Currituck County",3,82,96,50,46
050,37,053,"North Carolina","Currituck County",3,83,83,37,46
050,37,053,"North Carolina","Currituck County",3,84,77,37,40
050,37,053,"North Carolina","Currituck County",3,85,321,132,189
050,37,053,"North Carolina","Currituck County",4,0,345,183,162
050,37,053,"North Carolina","Currituck County",4,1,326,179,147
050,37,053,"North Carolina","Currituck County",4,2,357,186,171
050,37,053,"North Carolina","Currituck County",4,3,353,193,160
050,37,053,"North Carolina","Currituck County",4,4,355,190,165
050,37,053,"North Carolina","Currituck County",4,5,378,203,175
050,37,053,"North Carolina","Currituck County",4,6,433,219,214
050,37,053,"North Carolina","Currituck County",4,7,417,214,203
050,37,053,"North Carolina","Currituck County",4,8,412,224,188
050,37,053,"North Carolina","Currituck County",4,9,413,209,204
050,37,053,"North Carolina","Currituck County",4,10,403,212,191
050,37,053,"North Carolina","Currituck County",4,11,389,198,191
050,37,053,"North Carolina","Currituck County",4,12,383,191,192
050,37,053,"North Carolina","Currituck County",4,13,360,197,163
050,37,053,"North Carolina","Currituck County",4,14,411,219,192
050,37,053,"North Carolina","Currituck County",4,15,414,215,199
050,37,053,"North Carolina","Currituck County",4,16,401,180,221
050,37,053,"North Carolina","Currituck County",4,17,373,191,182
050,37,053,"North Carolina","Currituck County",4,18,326,162,164
050,37,053,"North Carolina","Currituck County",4,19,251,125,126
050,37,053,"North Carolina","Currituck County",4,20,261,133,128
050,37,053,"North Carolina","Currituck County",4,21,272,147,125
050,37,053,"North Carolina","Currituck County",4,22,269,144,125
050,37,053,"North Carolina","Currituck County",4,23,254,131,123
050,37,053,"North Carolina","Currituck County",4,24,243,134,109
050,37,053,"North Carolina","Currituck County",4,25,257,135,122
050,37,053,"North Carolina","Currituck County",4,26,318,162,156
050,37,053,"North Carolina","Currituck County",4,27,311,160,151
050,37,053,"North Carolina","Currituck County",4,28,335,166,169
050,37,053,"North Carolina","Currituck County",4,29,351,167,184
050,37,053,"North Carolina","Currituck County",4,30,394,206,188
050,37,053,"North Carolina","Currituck County",4,31,401,199,202
050,37,053,"North Carolina","Currituck County",4,32,436,222,214
050,37,053,"North Carolina","Currituck County",4,33,468,225,243
050,37,053,"North Carolina","Currituck County",4,34,479,239,240
050,37,053,"North Carolina","Currituck County",4,35,432,224,208
050,37,053,"North Carolina","Currituck County",4,36,453,223,230
050,37,053,"North Carolina","Currituck County",4,37,440,226,214
050,37,053,"North Carolina","Currituck County",4,38,404,197,207
050,37,053,"North Carolina","Currituck County",4,39,431,206,225
050,37,053,"North Carolina","Currituck County",4,40,435,209,226
050,37,053,"North Carolina","Currituck County",4,41,390,209,181
050,37,053,"North Carolina","Currituck County",4,42,402,219,183
050,37,053,"North Carolina","Currituck County",4,43,390,209,181
050,37,053,"North Carolina","Currituck County",4,44,352,179,173
050,37,053,"North Carolina","Currituck County",4,45,362,181,181
050,37,053,"North Carolina","Currituck County",4,46,364,181,183
050,37,053,"North Carolina","Currituck County",4,47,375,193,182
050,37,053,"North Carolina","Currituck County",4,48,363,175,188
050,37,053,"North Carolina","Currituck County",4,49,396,207,189
050,37,053,"North Carolina","Currituck County",4,50,389,202,187
050,37,053,"North Carolina","Currituck County",4,51,416,215,201
050,37,053,"North Carolina","Currituck County",4,52,482,262,220
050,37,053,"North Carolina","Currituck County",4,53,409,209,200
050,37,053,"North Carolina","Currituck County",4,54,439,213,226
050,37,053,"North Carolina","Currituck County",4,55,413,202,211
050,37,053,"North Carolina","Currituck County",4,56,444,215,229
050,37,053,"North Carolina","Currituck County",4,57,465,216,249
050,37,053,"North Carolina","Currituck County",4,58,516,259,257
050,37,053,"North Carolina","Currituck County",4,59,527,271,256
050,37,053,"North Carolina","Currituck County",4,60,542,267,275
050,37,053,"North Carolina","Currituck County",4,61,527,248,279
050,37,053,"North Carolina","Currituck County",4,62,504,269,235
050,37,053,"North Carolina","Currituck County",4,63,532,261,271
050,37,053,"North Carolina","Currituck County",4,64,506,263,243
050,37,053,"North Carolina","Currituck County",4,65,437,219,218
050,37,053,"North Carolina","Currituck County",4,66,429,210,219
050,37,053,"North Carolina","Currituck County",4,67,409,217,192
050,37,053,"North Carolina","Currituck County",4,68,374,185,189
050,37,053,"North Carolina","Currituck County",4,69,372,187,185
050,37,053,"North Carolina","Currituck County",4,70,332,146,186
050,37,053,"North Carolina","Currituck County",4,71,315,144,171
050,37,053,"North Carolina","Currituck County",4,72,284,133,151
050,37,053,"North Carolina","Currituck County",4,73,281,136,145
050,37,053,"North Carolina","Currituck County",4,74,253,119,134
050,37,053,"North Carolina","Currituck County",4,75,294,156,138
050,37,053,"North Carolina","Currituck County",4,76,194,91,103
050,37,053,"North Carolina","Currituck County",4,77,179,84,95
050,37,053,"North Carolina","Currituck County",4,78,162,77,85
050,37,053,"North Carolina","Currituck County",4,79,166,77,89
050,37,053,"North Carolina","Currituck County",4,80,139,65,74
050,37,053,"North Carolina","Currituck County",4,81,128,66,62
050,37,053,"North Carolina","Currituck County",4,82,109,57,52
050,37,053,"North Carolina","Currituck County",4,83,82,42,40
050,37,053,"North Carolina","Currituck County",4,84,72,30,42
050,37,053,"North Carolina","Currituck County",4,85,348,143,205
050,37,053,"North Carolina","Currituck County",5,0,290,149,141
050,37,053,"North Carolina","Currituck County",5,1,342,176,166
050,37,053,"North Carolina","Currituck County",5,2,328,176,152
050,37,053,"North Carolina","Currituck County",5,3,374,190,184
050,37,053,"North Carolina","Currituck County",5,4,353,191,162
050,37,053,"North Carolina","Currituck County",5,5,369,188,181
050,37,053,"North Carolina","Currituck County",5,6,387,206,181
050,37,053,"North Carolina","Currituck County",5,7,461,240,221
050,37,053,"North Carolina","Currituck County",5,8,433,225,208
050,37,053,"North Carolina","Currituck County",5,9,422,226,196
050,37,053,"North Carolina","Currituck County",5,10,399,190,209
050,37,053,"North Carolina","Currituck County",5,11,415,211,204
050,37,053,"North Carolina","Currituck County",5,12,391,204,187
050,37,053,"North Carolina","Currituck County",5,13,393,193,200
050,37,053,"North Carolina","Currituck County",5,14,375,206,169
050,37,053,"North Carolina","Currituck County",5,15,425,226,199
050,37,053,"North Carolina","Currituck County",5,16,415,219,196
050,37,053,"North Carolina","Currituck County",5,17,402,179,223
050,37,053,"North Carolina","Currituck County",5,18,319,167,152
050,37,053,"North Carolina","Currituck County",5,19,257,132,125
050,37,053,"North Carolina","Currituck County",5,20,272,128,144
050,37,053,"North Carolina","Currituck County",5,21,268,137,131
050,37,053,"North Carolina","Currituck County",5,22,284,152,132
050,37,053,"North Carolina","Currituck County",5,23,266,129,137
050,37,053,"North Carolina","Currituck County",5,24,266,136,130
050,37,053,"North Carolina","Currituck County",5,25,231,129,102
050,37,053,"North Carolina","Currituck County",5,26,261,147,114
050,37,053,"North Carolina","Currituck County",5,27,309,159,150
050,37,053,"North Carolina","Currituck County",5,28,305,159,146
050,37,053,"North Carolina","Currituck County",5,29,320,147,173
050,37,053,"North Carolina","Currituck County",5,30,362,180,182
050,37,053,"North Carolina","Currituck County",5,31,406,211,195
050,37,053,"North Carolina","Currituck County",5,32,413,208,205
050,37,053,"North Carolina","Currituck County",5,33,451,223,228
050,37,053,"North Carolina","Currituck County",5,34,492,234,258
050,37,053,"North Carolina","Currituck County",5,35,482,236,246
050,37,053,"North Carolina","Currituck County",5,36,451,237,214
050,37,053,"North Carolina","Currituck County",5,37,489,240,249
050,37,053,"North Carolina","Currituck County",5,38,467,233,234
050,37,053,"North Carolina","Currituck County",5,39,423,205,218
050,37,053,"North Carolina","Currituck County",5,40,453,221,232
050,37,053,"North Carolina","Currituck County",5,41,444,219,225
050,37,053,"North Carolina","Currituck County",5,42,403,212,191
050,37,053,"North Carolina","Currituck County",5,43,409,216,193
050,37,053,"North Carolina","Currituck County",5,44,399,217,182
050,37,053,"North Carolina","Currituck County",5,45,364,186,178
050,37,053,"North Carolina","Currituck County",5,46,372,187,185
050,37,053,"North Carolina","Currituck County",5,47,383,196,187
050,37,053,"North Carolina","Currituck County",5,48,374,192,182
050,37,053,"North Carolina","Currituck County",5,49,382,174,208
050,37,053,"North Carolina","Currituck County",5,50,415,220,195
050,37,053,"North Carolina","Currituck County",5,51,389,209,180
050,37,053,"North Carolina","Currituck County",5,52,426,213,213
050,37,053,"North Carolina","Currituck County",5,53,485,259,226
050,37,053,"North Carolina","Currituck County",5,54,424,221,203
050,37,053,"North Carolina","Currituck County",5,55,444,211,233
050,37,053,"North Carolina","Currituck County",5,56,422,202,220
050,37,053,"North Carolina","Currituck County",5,57,454,219,235
050,37,053,"North Carolina","Currituck County",5,58,482,223,259
050,37,053,"North Carolina","Currituck County",5,59,510,262,248
050,37,053,"North Carolina","Currituck County",5,60,538,277,261
050,37,053,"North Carolina","Currituck County",5,61,543,266,277
050,37,053,"North Carolina","Currituck County",5,62,539,256,283
050,37,053,"North Carolina","Currituck County",5,63,514,266,248
050,37,053,"North Carolina","Currituck County",5,64,535,260,275
050,37,053,"North Carolina","Currituck County",5,65,501,261,240
050,37,053,"North Carolina","Currituck County",5,66,441,218,223
050,37,053,"North Carolina","Currituck County",5,67,426,209,217
050,37,053,"North Carolina","Currituck County",5,68,416,222,194
050,37,053,"North Carolina","Currituck County",5,69,368,179,189
050,37,053,"North Carolina","Currituck County",5,70,375,188,187
050,37,053,"North Carolina","Currituck County",5,71,321,141,180
050,37,053,"North Carolina","Currituck County",5,72,325,147,178
050,37,053,"North Carolina","Currituck County",5,73,279,133,146
050,37,053,"North Carolina","Currituck County",5,74,285,141,144
050,37,053,"North Carolina","Currituck County",5,75,245,118,127
050,37,053,"North Carolina","Currituck County",5,76,279,146,133
050,37,053,"North Carolina","Currituck County",5,77,196,92,104
050,37,053,"North Carolina","Currituck County",5,78,169,82,87
050,37,053,"North Carolina","Currituck County",5,79,154,71,83
050,37,053,"North Carolina","Currituck County",5,80,154,69,85
050,37,053,"North Carolina","Currituck County",5,81,134,60,74
050,37,053,"North Carolina","Currituck County",5,82,125,60,65
050,37,053,"North Carolina","Currituck County",5,83,93,48,45
050,37,053,"North Carolina","Currituck County",5,84,67,34,33
050,37,053,"North Carolina","Currituck County",5,85,369,152,217
050,37,055,"North Carolina","Dare County",1,0,302,157,145
050,37,055,"North Carolina","Dare County",1,1,299,152,147
050,37,055,"North Carolina","Dare County",1,2,319,157,162
050,37,055,"North Carolina","Dare County",1,3,303,160,143
050,37,055,"North Carolina","Dare County",1,4,337,180,157
050,37,055,"North Carolina","Dare County",1,5,338,172,166
050,37,055,"North Carolina","Dare County",1,6,359,180,179
050,37,055,"North Carolina","Dare County",1,7,374,186,188
050,37,055,"North Carolina","Dare County",1,8,361,199,162
050,37,055,"North Carolina","Dare County",1,9,364,200,164
050,37,055,"North Carolina","Dare County",1,10,412,201,211
050,37,055,"North Carolina","Dare County",1,11,393,187,206
050,37,055,"North Carolina","Dare County",1,12,438,217,221
050,37,055,"North Carolina","Dare County",1,13,468,245,223
050,37,055,"North Carolina","Dare County",1,14,446,227,219
050,37,055,"North Carolina","Dare County",1,15,475,243,232
050,37,055,"North Carolina","Dare County",1,16,465,240,225
050,37,055,"North Carolina","Dare County",1,17,428,224,204
050,37,055,"North Carolina","Dare County",1,18,337,167,170
050,37,055,"North Carolina","Dare County",1,19,288,153,135
050,37,055,"North Carolina","Dare County",1,20,305,172,133
050,37,055,"North Carolina","Dare County",1,21,315,159,156
050,37,055,"North Carolina","Dare County",1,22,315,159,156
050,37,055,"North Carolina","Dare County",1,23,337,164,173
050,37,055,"North Carolina","Dare County",1,24,329,188,141
050,37,055,"North Carolina","Dare County",1,25,319,164,155
050,37,055,"North Carolina","Dare County",1,26,335,176,159
050,37,055,"North Carolina","Dare County",1,27,340,181,159
050,37,055,"North Carolina","Dare County",1,28,356,178,178
050,37,055,"North Carolina","Dare County",1,29,337,163,174
050,37,055,"North Carolina","Dare County",1,30,349,170,179
050,37,055,"North Carolina","Dare County",1,31,376,189,187
050,37,055,"North Carolina","Dare County",1,32,376,186,190
050,37,055,"North Carolina","Dare County",1,33,387,185,202
050,37,055,"North Carolina","Dare County",1,34,406,208,198
050,37,055,"North Carolina","Dare County",1,35,422,204,218
050,37,055,"North Carolina","Dare County",1,36,422,209,213
050,37,055,"North Carolina","Dare County",1,37,453,220,233
050,37,055,"North Carolina","Dare County",1,38,473,229,244
050,37,055,"North Carolina","Dare County",1,39,475,240,235
050,37,055,"North Carolina","Dare County",1,40,451,228,223
050,37,055,"North Carolina","Dare County",1,41,424,225,199
050,37,055,"North Carolina","Dare County",1,42,437,222,215
050,37,055,"North Carolina","Dare County",1,43,444,223,221
050,37,055,"North Carolina","Dare County",1,44,406,205,201
050,37,055,"North Carolina","Dare County",1,45,446,231,215
050,37,055,"North Carolina","Dare County",1,46,426,206,220
050,37,055,"North Carolina","Dare County",1,47,452,233,219
050,37,055,"North Carolina","Dare County",1,48,472,249,223
050,37,055,"North Carolina","Dare County",1,49,518,256,262
050,37,055,"North Carolina","Dare County",1,50,507,233,274
050,37,055,"North Carolina","Dare County",1,51,542,277,265
050,37,055,"North Carolina","Dare County",1,52,528,286,242
050,37,055,"North Carolina","Dare County",1,53,508,249,259
050,37,055,"North Carolina","Dare County",1,54,493,232,261
050,37,055,"North Carolina","Dare County",1,55,554,255,299
050,37,055,"North Carolina","Dare County",1,56,593,278,315
050,37,055,"North Carolina","Dare County",1,57,604,298,306
050,37,055,"North Carolina","Dare County",1,58,659,311,348
050,37,055,"North Carolina","Dare County",1,59,654,298,356
050,37,055,"North Carolina","Dare County",1,60,684,310,374
050,37,055,"North Carolina","Dare County",1,61,666,308,358
050,37,055,"North Carolina","Dare County",1,62,717,314,403
050,37,055,"North Carolina","Dare County",1,63,711,357,354
050,37,055,"North Carolina","Dare County",1,64,723,348,375
050,37,055,"North Carolina","Dare County",1,65,722,379,343
050,37,055,"North Carolina","Dare County",1,66,645,313,332
050,37,055,"North Carolina","Dare County",1,67,624,298,326
050,37,055,"North Carolina","Dare County",1,68,616,306,310
050,37,055,"North Carolina","Dare County",1,69,586,292,294
050,37,055,"North Carolina","Dare County",1,70,504,252,252
050,37,055,"North Carolina","Dare County",1,71,494,240,254
050,37,055,"North Carolina","Dare County",1,72,484,237,247
050,37,055,"North Carolina","Dare County",1,73,538,275,263
050,37,055,"North Carolina","Dare County",1,74,346,164,182
050,37,055,"North Carolina","Dare County",1,75,327,162,165
050,37,055,"North Carolina","Dare County",1,76,320,154,166
050,37,055,"North Carolina","Dare County",1,77,283,144,139
050,37,055,"North Carolina","Dare County",1,78,243,121,122
050,37,055,"North Carolina","Dare County",1,79,199,85,114
050,37,055,"North Carolina","Dare County",1,80,179,77,102
050,37,055,"North Carolina","Dare County",1,81,168,86,82
050,37,055,"North Carolina","Dare County",1,82,165,77,88
050,37,055,"North Carolina","Dare County",1,83,164,71,93
050,37,055,"North Carolina","Dare County",1,84,124,53,71
050,37,055,"North Carolina","Dare County",1,85,630,256,374
050,37,055,"North Carolina","Dare County",2,0,308,153,155
050,37,055,"North Carolina","Dare County",2,1,301,152,149
050,37,055,"North Carolina","Dare County",2,2,316,158,158
050,37,055,"North Carolina","Dare County",2,3,307,159,148
050,37,055,"North Carolina","Dare County",2,4,329,174,155
050,37,055,"North Carolina","Dare County",2,5,338,175,163
050,37,055,"North Carolina","Dare County",2,6,357,179,178
050,37,055,"North Carolina","Dare County",2,7,369,184,185
050,37,055,"North Carolina","Dare County",2,8,365,196,169
050,37,055,"North Carolina","Dare County",2,9,370,204,166
050,37,055,"North Carolina","Dare County",2,10,401,201,200
050,37,055,"North Carolina","Dare County",2,11,395,188,207
050,37,055,"North Carolina","Dare County",2,12,430,210,220
050,37,055,"North Carolina","Dare County",2,13,465,240,225
050,37,055,"North Carolina","Dare County",2,14,454,232,222
050,37,055,"North Carolina","Dare County",2,15,467,238,229
050,37,055,"North Carolina","Dare County",2,16,468,241,227
050,37,055,"North Carolina","Dare County",2,17,438,227,211
050,37,055,"North Carolina","Dare County",2,18,341,174,167
050,37,055,"North Carolina","Dare County",2,19,286,152,134
050,37,055,"North Carolina","Dare County",2,20,310,171,139
050,37,055,"North Carolina","Dare County",2,21,314,162,152
050,37,055,"North Carolina","Dare County",2,22,318,158,160
050,37,055,"North Carolina","Dare County",2,23,332,165,167
050,37,055,"North Carolina","Dare County",2,24,332,183,149
050,37,055,"North Carolina","Dare County",2,25,325,171,154
050,37,055,"North Carolina","Dare County",2,26,336,175,161
050,37,055,"North Carolina","Dare County",2,27,340,180,160
050,37,055,"North Carolina","Dare County",2,28,355,181,174
050,37,055,"North Carolina","Dare County",2,29,343,167,176
050,37,055,"North Carolina","Dare County",2,30,349,171,178
050,37,055,"North Carolina","Dare County",2,31,366,183,183
050,37,055,"North Carolina","Dare County",2,32,374,185,189
050,37,055,"North Carolina","Dare County",2,33,384,184,200
050,37,055,"North Carolina","Dare County",2,34,406,204,202
050,37,055,"North Carolina","Dare County",2,35,423,208,215
050,37,055,"North Carolina","Dare County",2,36,421,207,214
050,37,055,"North Carolina","Dare County",2,37,449,220,229
050,37,055,"North Carolina","Dare County",2,38,471,229,242
050,37,055,"North Carolina","Dare County",2,39,475,237,238
050,37,055,"North Carolina","Dare County",2,40,467,236,231
050,37,055,"North Carolina","Dare County",2,41,430,225,205
050,37,055,"North Carolina","Dare County",2,42,430,221,209
050,37,055,"North Carolina","Dare County",2,43,444,224,220
050,37,055,"North Carolina","Dare County",2,44,410,207,203
050,37,055,"North Carolina","Dare County",2,45,438,225,213
050,37,055,"North Carolina","Dare County",2,46,429,213,216
050,37,055,"North Carolina","Dare County",2,47,444,227,217
050,37,055,"North Carolina","Dare County",2,48,469,246,223
050,37,055,"North Carolina","Dare County",2,49,511,255,256
050,37,055,"North Carolina","Dare County",2,50,515,241,274
050,37,055,"North Carolina","Dare County",2,51,529,264,265
050,37,055,"North Carolina","Dare County",2,52,534,284,250
050,37,055,"North Carolina","Dare County",2,53,514,257,257
050,37,055,"North Carolina","Dare County",2,54,500,238,262
050,37,055,"North Carolina","Dare County",2,55,545,251,294
050,37,055,"North Carolina","Dare County",2,56,591,276,315
050,37,055,"North Carolina","Dare County",2,57,608,297,311
050,37,055,"North Carolina","Dare County",2,58,649,309,340
050,37,055,"North Carolina","Dare County",2,59,659,302,357
050,37,055,"North Carolina","Dare County",2,60,676,307,369
050,37,055,"North Carolina","Dare County",2,61,672,307,365
050,37,055,"North Carolina","Dare County",2,62,710,317,393
050,37,055,"North Carolina","Dare County",2,63,728,353,375
050,37,055,"North Carolina","Dare County",2,64,722,352,370
050,37,055,"North Carolina","Dare County",2,65,726,373,353
050,37,055,"North Carolina","Dare County",2,66,667,331,336
050,37,055,"North Carolina","Dare County",2,67,626,300,326
050,37,055,"North Carolina","Dare County",2,68,616,303,313
050,37,055,"North Carolina","Dare County",2,69,600,298,302
050,37,055,"North Carolina","Dare County",2,70,523,262,261
050,37,055,"North Carolina","Dare County",2,71,499,245,254
050,37,055,"North Carolina","Dare County",2,72,476,233,243
050,37,055,"North Carolina","Dare County",2,73,552,279,273
050,37,055,"North Carolina","Dare County",2,74,364,176,188
050,37,055,"North Carolina","Dare County",2,75,333,163,170
050,37,055,"North Carolina","Dare County",2,76,318,154,164
050,37,055,"North Carolina","Dare County",2,77,298,150,148
050,37,055,"North Carolina","Dare County",2,78,244,120,124
050,37,055,"North Carolina","Dare County",2,79,205,91,114
050,37,055,"North Carolina","Dare County",2,80,181,80,101
050,37,055,"North Carolina","Dare County",2,81,168,83,85
050,37,055,"North Carolina","Dare County",2,82,165,78,87
050,37,055,"North Carolina","Dare County",2,83,158,68,90
050,37,055,"North Carolina","Dare County",2,84,132,56,76
050,37,055,"North Carolina","Dare County",2,85,636,258,378
050,37,055,"North Carolina","Dare County",3,0,324,175,149
050,37,055,"North Carolina","Dare County",3,1,319,159,160
050,37,055,"North Carolina","Dare County",3,2,304,146,158
050,37,055,"North Carolina","Dare County",3,3,321,162,159
050,37,055,"North Carolina","Dare County",3,4,326,168,158
050,37,055,"North Carolina","Dare County",3,5,345,190,155
050,37,055,"North Carolina","Dare County",3,6,349,191,158
050,37,055,"North Carolina","Dare County",3,7,375,191,184
050,37,055,"North Carolina","Dare County",3,8,386,198,188
050,37,055,"North Carolina","Dare County",3,9,369,198,171
050,37,055,"North Carolina","Dare County",3,10,392,213,179
050,37,055,"North Carolina","Dare County",3,11,398,201,197
050,37,055,"North Carolina","Dare County",3,12,414,196,218
050,37,055,"North Carolina","Dare County",3,13,438,209,229
050,37,055,"North Carolina","Dare County",3,14,477,244,233
050,37,055,"North Carolina","Dare County",3,15,463,244,219
050,37,055,"North Carolina","Dare County",3,16,488,247,241
050,37,055,"North Carolina","Dare County",3,17,477,239,238
050,37,055,"North Carolina","Dare County",3,18,388,207,181
050,37,055,"North Carolina","Dare County",3,19,287,142,145
050,37,055,"North Carolina","Dare County",3,20,322,168,154
050,37,055,"North Carolina","Dare County",3,21,332,177,155
050,37,055,"North Carolina","Dare County",3,22,315,160,155
050,37,055,"North Carolina","Dare County",3,23,344,172,172
050,37,055,"North Carolina","Dare County",3,24,322,158,164
050,37,055,"North Carolina","Dare County",3,25,330,181,149
050,37,055,"North Carolina","Dare County",3,26,339,174,165
050,37,055,"North Carolina","Dare County",3,27,354,185,169
050,37,055,"North Carolina","Dare County",3,28,349,180,169
050,37,055,"North Carolina","Dare County",3,29,366,187,179
050,37,055,"North Carolina","Dare County",3,30,349,179,170
050,37,055,"North Carolina","Dare County",3,31,363,177,186
050,37,055,"North Carolina","Dare County",3,32,390,197,193
050,37,055,"North Carolina","Dare County",3,33,365,183,182
050,37,055,"North Carolina","Dare County",3,34,403,193,210
050,37,055,"North Carolina","Dare County",3,35,414,210,204
050,37,055,"North Carolina","Dare County",3,36,439,214,225
050,37,055,"North Carolina","Dare County",3,37,440,224,216
050,37,055,"North Carolina","Dare County",3,38,463,221,242
050,37,055,"North Carolina","Dare County",3,39,498,237,261
050,37,055,"North Carolina","Dare County",3,40,486,244,242
050,37,055,"North Carolina","Dare County",3,41,496,255,241
050,37,055,"North Carolina","Dare County",3,42,442,226,216
050,37,055,"North Carolina","Dare County",3,43,440,218,222
050,37,055,"North Carolina","Dare County",3,44,460,232,228
050,37,055,"North Carolina","Dare County",3,45,425,210,215
050,37,055,"North Carolina","Dare County",3,46,450,225,225
050,37,055,"North Carolina","Dare County",3,47,446,222,224
050,37,055,"North Carolina","Dare County",3,48,457,224,233
050,37,055,"North Carolina","Dare County",3,49,489,259,230
050,37,055,"North Carolina","Dare County",3,50,525,271,254
050,37,055,"North Carolina","Dare County",3,51,518,244,274
050,37,055,"North Carolina","Dare County",3,52,554,274,280
050,37,055,"North Carolina","Dare County",3,53,531,280,251
050,37,055,"North Carolina","Dare County",3,54,536,267,269
050,37,055,"North Carolina","Dare County",3,55,511,240,271
050,37,055,"North Carolina","Dare County",3,56,579,262,317
050,37,055,"North Carolina","Dare County",3,57,623,295,328
050,37,055,"North Carolina","Dare County",3,58,618,301,317
050,37,055,"North Carolina","Dare County",3,59,678,329,349
050,37,055,"North Carolina","Dare County",3,60,686,310,376
050,37,055,"North Carolina","Dare County",3,61,725,340,385
050,37,055,"North Carolina","Dare County",3,62,705,336,369
050,37,055,"North Carolina","Dare County",3,63,712,312,400
050,37,055,"North Carolina","Dare County",3,64,748,368,380
050,37,055,"North Carolina","Dare County",3,65,735,359,376
050,37,055,"North Carolina","Dare County",3,66,733,369,364
050,37,055,"North Carolina","Dare County",3,67,670,333,337
050,37,055,"North Carolina","Dare County",3,68,623,296,327
050,37,055,"North Carolina","Dare County",3,69,605,295,310
050,37,055,"North Carolina","Dare County",3,70,584,283,301
050,37,055,"North Carolina","Dare County",3,71,518,260,258
050,37,055,"North Carolina","Dare County",3,72,491,240,251
050,37,055,"North Carolina","Dare County",3,73,466,215,251
050,37,055,"North Carolina","Dare County",3,74,541,273,268
050,37,055,"North Carolina","Dare County",3,75,360,172,188
050,37,055,"North Carolina","Dare County",3,76,315,159,156
050,37,055,"North Carolina","Dare County",3,77,308,154,154
050,37,055,"North Carolina","Dare County",3,78,280,135,145
050,37,055,"North Carolina","Dare County",3,79,222,106,116
050,37,055,"North Carolina","Dare County",3,80,195,87,108
050,37,055,"North Carolina","Dare County",3,81,176,79,97
050,37,055,"North Carolina","Dare County",3,82,157,73,84
050,37,055,"North Carolina","Dare County",3,83,147,70,77
050,37,055,"North Carolina","Dare County",3,84,144,61,83
050,37,055,"North Carolina","Dare County",3,85,667,270,397
050,37,055,"North Carolina","Dare County",4,0,292,152,140
050,37,055,"North Carolina","Dare County",4,1,323,167,156
050,37,055,"North Carolina","Dare County",4,2,301,149,152
050,37,055,"North Carolina","Dare County",4,3,305,151,154
050,37,055,"North Carolina","Dare County",4,4,327,158,169
050,37,055,"North Carolina","Dare County",4,5,325,171,154
050,37,055,"North Carolina","Dare County",4,6,355,196,159
050,37,055,"North Carolina","Dare County",4,7,345,196,149
050,37,055,"North Carolina","Dare County",4,8,378,196,182
050,37,055,"North Carolina","Dare County",4,9,375,187,188
050,37,055,"North Carolina","Dare County",4,10,379,199,180
050,37,055,"North Carolina","Dare County",4,11,393,210,183
050,37,055,"North Carolina","Dare County",4,12,388,197,191
050,37,055,"North Carolina","Dare County",4,13,417,198,219
050,37,055,"North Carolina","Dare County",4,14,438,206,232
050,37,055,"North Carolina","Dare County",4,15,490,252,238
050,37,055,"North Carolina","Dare County",4,16,463,240,223
050,37,055,"North Carolina","Dare County",4,17,502,255,247
050,37,055,"North Carolina","Dare County",4,18,407,209,198
050,37,055,"North Carolina","Dare County",4,19,316,167,149
050,37,055,"North Carolina","Dare County",4,20,298,151,147
050,37,055,"North Carolina","Dare County",4,21,339,170,169
050,37,055,"North Carolina","Dare County",4,22,344,176,168
050,37,055,"North Carolina","Dare County",4,23,338,168,170
050,37,055,"North Carolina","Dare County",4,24,329,163,166
050,37,055,"North Carolina","Dare County",4,25,303,142,161
050,37,055,"North Carolina","Dare County",4,26,325,183,142
050,37,055,"North Carolina","Dare County",4,27,356,184,172
050,37,055,"North Carolina","Dare County",4,28,350,177,173
050,37,055,"North Carolina","Dare County",4,29,349,174,175
050,37,055,"North Carolina","Dare County",4,30,350,178,172
050,37,055,"North Carolina","Dare County",4,31,367,178,189
050,37,055,"North Carolina","Dare County",4,32,363,175,188
050,37,055,"North Carolina","Dare County",4,33,395,194,201
050,37,055,"North Carolina","Dare County",4,34,378,186,192
050,37,055,"North Carolina","Dare County",4,35,399,183,216
050,37,055,"North Carolina","Dare County",4,36,426,218,208
050,37,055,"North Carolina","Dare County",4,37,437,216,221
050,37,055,"North Carolina","Dare County",4,38,434,224,210
050,37,055,"North Carolina","Dare County",4,39,450,213,237
050,37,055,"North Carolina","Dare County",4,40,484,227,257
050,37,055,"North Carolina","Dare County",4,41,497,255,242
050,37,055,"North Carolina","Dare County",4,42,489,247,242
050,37,055,"North Carolina","Dare County",4,43,450,230,220
050,37,055,"North Carolina","Dare County",4,44,446,221,225
050,37,055,"North Carolina","Dare County",4,45,472,240,232
050,37,055,"North Carolina","Dare County",4,46,424,208,216
050,37,055,"North Carolina","Dare County",4,47,459,231,228
050,37,055,"North Carolina","Dare County",4,48,464,229,235
050,37,055,"North Carolina","Dare County",4,49,461,227,234
050,37,055,"North Carolina","Dare County",4,50,483,251,232
050,37,055,"North Carolina","Dare County",4,51,527,269,258
050,37,055,"North Carolina","Dare County",4,52,538,249,289
050,37,055,"North Carolina","Dare County",4,53,544,270,274
050,37,055,"North Carolina","Dare County",4,54,531,282,249
050,37,055,"North Carolina","Dare County",4,55,533,270,263
050,37,055,"North Carolina","Dare County",4,56,541,249,292
050,37,055,"North Carolina","Dare County",4,57,590,264,326
050,37,055,"North Carolina","Dare County",4,58,628,299,329
050,37,055,"North Carolina","Dare County",4,59,662,323,339
050,37,055,"North Carolina","Dare County",4,60,680,332,348
050,37,055,"North Carolina","Dare County",4,61,720,325,395
050,37,055,"North Carolina","Dare County",4,62,745,356,389
050,37,055,"North Carolina","Dare County",4,63,714,344,370
050,37,055,"North Carolina","Dare County",4,64,724,324,400
050,37,055,"North Carolina","Dare County",4,65,743,372,371
050,37,055,"North Carolina","Dare County",4,66,743,358,385
050,37,055,"North Carolina","Dare County",4,67,723,361,362
050,37,055,"North Carolina","Dare County",4,68,674,338,336
050,37,055,"North Carolina","Dare County",4,69,616,296,320
050,37,055,"North Carolina","Dare County",4,70,584,293,291
050,37,055,"North Carolina","Dare County",4,71,569,269,300
050,37,055,"North Carolina","Dare County",4,72,502,248,254
050,37,055,"North Carolina","Dare County",4,73,479,226,253
050,37,055,"North Carolina","Dare County",4,74,450,213,237
050,37,055,"North Carolina","Dare County",4,75,528,268,260
050,37,055,"North Carolina","Dare County",4,76,336,156,180
050,37,055,"North Carolina","Dare County",4,77,296,149,147
050,37,055,"North Carolina","Dare County",4,78,292,144,148
050,37,055,"North Carolina","Dare County",4,79,261,126,135
050,37,055,"North Carolina","Dare County",4,80,206,92,114
050,37,055,"North Carolina","Dare County",4,81,192,83,109
050,37,055,"North Carolina","Dare County",4,82,160,69,91
050,37,055,"North Carolina","Dare County",4,83,144,69,75
050,37,055,"North Carolina","Dare County",4,84,142,70,72
050,37,055,"North Carolina","Dare County",4,85,692,292,400
050,37,055,"North Carolina","Dare County",5,0,283,150,133
050,37,055,"North Carolina","Dare County",5,1,297,156,141
050,37,055,"North Carolina","Dare County",5,2,322,169,153
050,37,055,"North Carolina","Dare County",5,3,290,147,143
050,37,055,"North Carolina","Dare County",5,4,327,161,166
050,37,055,"North Carolina","Dare County",5,5,340,173,167
050,37,055,"North Carolina","Dare County",5,6,337,182,155
050,37,055,"North Carolina","Dare County",5,7,356,201,155
050,37,055,"North Carolina","Dare County",5,8,363,203,160
050,37,055,"North Carolina","Dare County",5,9,376,194,182
050,37,055,"North Carolina","Dare County",5,10,372,185,187
050,37,055,"North Carolina","Dare County",5,11,379,202,177
050,37,055,"North Carolina","Dare County",5,12,386,204,182
050,37,055,"North Carolina","Dare County",5,13,394,198,196
050,37,055,"North Carolina","Dare County",5,14,420,204,216
050,37,055,"North Carolina","Dare County",5,15,438,217,221
050,37,055,"North Carolina","Dare County",5,16,492,255,237
050,37,055,"North Carolina","Dare County",5,17,453,233,220
050,37,055,"North Carolina","Dare County",5,18,422,219,203
050,37,055,"North Carolina","Dare County",5,19,329,164,165
050,37,055,"North Carolina","Dare County",5,20,332,177,155
050,37,055,"North Carolina","Dare County",5,21,309,148,161
050,37,055,"North Carolina","Dare County",5,22,342,170,172
050,37,055,"North Carolina","Dare County",5,23,351,177,174
050,37,055,"North Carolina","Dare County",5,24,320,161,159
050,37,055,"North Carolina","Dare County",5,25,354,179,175
050,37,055,"North Carolina","Dare County",5,26,311,139,172
050,37,055,"North Carolina","Dare County",5,27,316,179,137
050,37,055,"North Carolina","Dare County",5,28,353,183,170
050,37,055,"North Carolina","Dare County",5,29,341,171,170
050,37,055,"North Carolina","Dare County",5,30,344,171,173
050,37,055,"North Carolina","Dare County",5,31,361,185,176
050,37,055,"North Carolina","Dare County",5,32,367,170,197
050,37,055,"North Carolina","Dare County",5,33,372,184,188
050,37,055,"North Carolina","Dare County",5,34,419,197,222
050,37,055,"North Carolina","Dare County",5,35,394,187,207
050,37,055,"North Carolina","Dare County",5,36,386,179,207
050,37,055,"North Carolina","Dare County",5,37,424,208,216
050,37,055,"North Carolina","Dare County",5,38,433,223,210
050,37,055,"North Carolina","Dare County",5,39,444,231,213
050,37,055,"North Carolina","Dare County",5,40,451,201,250
050,37,055,"North Carolina","Dare County",5,41,483,227,256
050,37,055,"North Carolina","Dare County",5,42,494,253,241
050,37,055,"North Carolina","Dare County",5,43,483,246,237
050,37,055,"North Carolina","Dare County",5,44,459,238,221
050,37,055,"North Carolina","Dare County",5,45,456,226,230
050,37,055,"North Carolina","Dare County",5,46,482,238,244
050,37,055,"North Carolina","Dare County",5,47,433,214,219
050,37,055,"North Carolina","Dare County",5,48,459,230,229
050,37,055,"North Carolina","Dare County",5,49,469,230,239
050,37,055,"North Carolina","Dare County",5,50,461,227,234
050,37,055,"North Carolina","Dare County",5,51,496,264,232
050,37,055,"North Carolina","Dare County",5,52,525,263,262
050,37,055,"North Carolina","Dare County",5,53,547,257,290
050,37,055,"North Carolina","Dare County",5,54,549,275,274
050,37,055,"North Carolina","Dare County",5,55,538,282,256
050,37,055,"North Carolina","Dare County",5,56,548,274,274
050,37,055,"North Carolina","Dare County",5,57,556,256,300
050,37,055,"North Carolina","Dare County",5,58,606,273,333
050,37,055,"North Carolina","Dare County",5,59,663,316,347
050,37,055,"North Carolina","Dare County",5,60,676,334,342
050,37,055,"North Carolina","Dare County",5,61,701,349,352
050,37,055,"North Carolina","Dare County",5,62,730,324,406
050,37,055,"North Carolina","Dare County",5,63,765,358,407
050,37,055,"North Carolina","Dare County",5,64,711,344,367
050,37,055,"North Carolina","Dare County",5,65,728,325,403
050,37,055,"North Carolina","Dare County",5,66,738,366,372
050,37,055,"North Carolina","Dare County",5,67,726,352,374
050,37,055,"North Carolina","Dare County",5,68,701,351,350
050,37,055,"North Carolina","Dare County",5,69,680,338,342
050,37,055,"North Carolina","Dare County",5,70,616,295,321
050,37,055,"North Carolina","Dare County",5,71,575,286,289
050,37,055,"North Carolina","Dare County",5,72,549,256,293
050,37,055,"North Carolina","Dare County",5,73,494,239,255
050,37,055,"North Carolina","Dare County",5,74,467,223,244
050,37,055,"North Carolina","Dare County",5,75,444,208,236
050,37,055,"North Carolina","Dare County",5,76,497,252,245
050,37,055,"North Carolina","Dare County",5,77,324,153,171
050,37,055,"North Carolina","Dare County",5,78,284,138,146
050,37,055,"North Carolina","Dare County",5,79,274,133,141
050,37,055,"North Carolina","Dare County",5,80,247,116,131
050,37,055,"North Carolina","Dare County",5,81,202,91,111
050,37,055,"North Carolina","Dare County",5,82,177,75,102
050,37,055,"North Carolina","Dare County",5,83,148,66,82
050,37,055,"North Carolina","Dare County",5,84,137,65,72
050,37,055,"North Carolina","Dare County",5,85,712,327,385
050,37,057,"North Carolina","Davidson County",1,0,1740,888,852
050,37,057,"North Carolina","Davidson County",1,1,1790,887,903
050,37,057,"North Carolina","Davidson County",1,2,1798,917,881
050,37,057,"North Carolina","Davidson County",1,3,1913,970,943
050,37,057,"North Carolina","Davidson County",1,4,1942,1009,933
050,37,057,"North Carolina","Davidson County",1,5,1929,973,956
050,37,057,"North Carolina","Davidson County",1,6,1999,975,1024
050,37,057,"North Carolina","Davidson County",1,7,1968,1011,957
050,37,057,"North Carolina","Davidson County",1,8,2017,1041,976
050,37,057,"North Carolina","Davidson County",1,9,2026,1052,974
050,37,057,"North Carolina","Davidson County",1,10,2077,1062,1015
050,37,057,"North Carolina","Davidson County",1,11,2244,1144,1100
050,37,057,"North Carolina","Davidson County",1,12,2333,1262,1071
050,37,057,"North Carolina","Davidson County",1,13,2318,1194,1124
050,37,057,"North Carolina","Davidson County",1,14,2293,1185,1108
050,37,057,"North Carolina","Davidson County",1,15,2280,1190,1090
050,37,057,"North Carolina","Davidson County",1,16,2333,1195,1138
050,37,057,"North Carolina","Davidson County",1,17,2239,1145,1094
050,37,057,"North Carolina","Davidson County",1,18,1945,1023,922
050,37,057,"North Carolina","Davidson County",1,19,1654,863,791
050,37,057,"North Carolina","Davidson County",1,20,1737,886,851
050,37,057,"North Carolina","Davidson County",1,21,1819,919,900
050,37,057,"North Carolina","Davidson County",1,22,1817,900,917
050,37,057,"North Carolina","Davidson County",1,23,1897,944,953
050,37,057,"North Carolina","Davidson County",1,24,1993,991,1002
050,37,057,"North Carolina","Davidson County",1,25,1903,937,966
050,37,057,"North Carolina","Davidson County",1,26,1997,1007,990
050,37,057,"North Carolina","Davidson County",1,27,2054,1025,1029
050,37,057,"North Carolina","Davidson County",1,28,2081,1059,1022
050,37,057,"North Carolina","Davidson County",1,29,2124,1069,1055
050,37,057,"North Carolina","Davidson County",1,30,2085,1021,1064
050,37,057,"North Carolina","Davidson County",1,31,2008,977,1031
050,37,057,"North Carolina","Davidson County",1,32,1946,927,1019
050,37,057,"North Carolina","Davidson County",1,33,1861,903,958
050,37,057,"North Carolina","Davidson County",1,34,1931,975,956
050,37,057,"North Carolina","Davidson County",1,35,1949,990,959
050,37,057,"North Carolina","Davidson County",1,36,1876,938,938
050,37,057,"North Carolina","Davidson County",1,37,1863,863,1000
050,37,057,"North Carolina","Davidson County",1,38,1969,953,1016
050,37,057,"North Carolina","Davidson County",1,39,2015,991,1024
050,37,057,"North Carolina","Davidson County",1,40,2044,1035,1009
050,37,057,"North Carolina","Davidson County",1,41,1989,983,1006
050,37,057,"North Carolina","Davidson County",1,42,1942,938,1004
050,37,057,"North Carolina","Davidson County",1,43,1922,931,991
050,37,057,"North Carolina","Davidson County",1,44,1965,960,1005
050,37,057,"North Carolina","Davidson County",1,45,2036,993,1043
050,37,057,"North Carolina","Davidson County",1,46,2124,1027,1097
050,37,057,"North Carolina","Davidson County",1,47,2184,1054,1130
050,37,057,"North Carolina","Davidson County",1,48,2440,1167,1273
050,37,057,"North Carolina","Davidson County",1,49,2694,1354,1340
050,37,057,"North Carolina","Davidson County",1,50,2525,1272,1253
050,37,057,"North Carolina","Davidson County",1,51,2590,1341,1249
050,37,057,"North Carolina","Davidson County",1,52,2435,1235,1200
050,37,057,"North Carolina","Davidson County",1,53,2457,1228,1229
050,37,057,"North Carolina","Davidson County",1,54,2415,1225,1190
050,37,057,"North Carolina","Davidson County",1,55,2513,1241,1272
050,37,057,"North Carolina","Davidson County",1,56,2594,1283,1311
050,37,057,"North Carolina","Davidson County",1,57,2570,1281,1289
050,37,057,"North Carolina","Davidson County",1,58,2590,1271,1319
050,37,057,"North Carolina","Davidson County",1,59,2500,1234,1266
050,37,057,"North Carolina","Davidson County",1,60,2424,1211,1213
050,37,057,"North Carolina","Davidson County",1,61,2416,1248,1168
050,37,057,"North Carolina","Davidson County",1,62,2411,1210,1201
050,37,057,"North Carolina","Davidson County",1,63,2327,1172,1155
050,37,057,"North Carolina","Davidson County",1,64,2268,1119,1149
050,37,057,"North Carolina","Davidson County",1,65,2146,1039,1107
050,37,057,"North Carolina","Davidson County",1,66,2029,976,1053
050,37,057,"North Carolina","Davidson County",1,67,1958,960,998
050,37,057,"North Carolina","Davidson County",1,68,1899,913,986
050,37,057,"North Carolina","Davidson County",1,69,1777,845,932
050,37,057,"North Carolina","Davidson County",1,70,1746,835,911
050,37,057,"North Carolina","Davidson County",1,71,1765,824,941
050,37,057,"North Carolina","Davidson County",1,72,1837,859,978
050,37,057,"North Carolina","Davidson County",1,73,1881,887,994
050,37,057,"North Carolina","Davidson County",1,74,1300,601,699
050,37,057,"North Carolina","Davidson County",1,75,1286,575,711
050,37,057,"North Carolina","Davidson County",1,76,1249,534,715
050,37,057,"North Carolina","Davidson County",1,77,1238,560,678
050,37,057,"North Carolina","Davidson County",1,78,1081,501,580
050,37,057,"North Carolina","Davidson County",1,79,948,435,513
050,37,057,"North Carolina","Davidson County",1,80,876,401,475
050,37,057,"North Carolina","Davidson County",1,81,750,311,439
050,37,057,"North Carolina","Davidson County",1,82,730,289,441
050,37,057,"North Carolina","Davidson County",1,83,644,266,378
050,37,057,"North Carolina","Davidson County",1,84,556,213,343
050,37,057,"North Carolina","Davidson County",1,85,3093,1081,2012
050,37,057,"North Carolina","Davidson County",2,0,1736,895,841
050,37,057,"North Carolina","Davidson County",2,1,1781,888,893
050,37,057,"North Carolina","Davidson County",2,2,1806,915,891
050,37,057,"North Carolina","Davidson County",2,3,1886,959,927
050,37,057,"North Carolina","Davidson County",2,4,1939,1002,937
050,37,057,"North Carolina","Davidson County",2,5,1934,982,952
050,37,057,"North Carolina","Davidson County",2,6,1995,983,1012
050,37,057,"North Carolina","Davidson County",2,7,1982,1007,975
050,37,057,"North Carolina","Davidson County",2,8,2010,1034,976
050,37,057,"North Carolina","Davidson County",2,9,2027,1049,978
050,37,057,"North Carolina","Davidson County",2,10,2067,1059,1008
050,37,057,"North Carolina","Davidson County",2,11,2190,1118,1072
050,37,057,"North Carolina","Davidson County",2,12,2330,1241,1089
050,37,057,"North Carolina","Davidson County",2,13,2330,1213,1117
050,37,057,"North Carolina","Davidson County",2,14,2299,1186,1113
050,37,057,"North Carolina","Davidson County",2,15,2292,1194,1098
050,37,057,"North Carolina","Davidson County",2,16,2330,1202,1128
050,37,057,"North Carolina","Davidson County",2,17,2262,1155,1107
050,37,057,"North Carolina","Davidson County",2,18,1931,1015,916
050,37,057,"North Carolina","Davidson County",2,19,1651,864,787
050,37,057,"North Carolina","Davidson County",2,20,1765,901,864
050,37,057,"North Carolina","Davidson County",2,21,1819,919,900
050,37,057,"North Carolina","Davidson County",2,22,1847,919,928
050,37,057,"North Carolina","Davidson County",2,23,1907,949,958
050,37,057,"North Carolina","Davidson County",2,24,1977,981,996
050,37,057,"North Carolina","Davidson County",2,25,1935,956,979
050,37,057,"North Carolina","Davidson County",2,26,1979,993,986
050,37,057,"North Carolina","Davidson County",2,27,2042,1022,1020
050,37,057,"North Carolina","Davidson County",2,28,2084,1054,1030
050,37,057,"North Carolina","Davidson County",2,29,2118,1068,1050
050,37,057,"North Carolina","Davidson County",2,30,2111,1041,1070
050,37,057,"North Carolina","Davidson County",2,31,2024,983,1041
050,37,057,"North Carolina","Davidson County",2,32,1971,942,1029
050,37,057,"North Carolina","Davidson County",2,33,1889,915,974
050,37,057,"North Carolina","Davidson County",2,34,1932,968,964
050,37,057,"North Carolina","Davidson County",2,35,1963,995,968
050,37,057,"North Carolina","Davidson County",2,36,1877,941,936
050,37,057,"North Carolina","Davidson County",2,37,1872,882,990
050,37,057,"North Carolina","Davidson County",2,38,1958,938,1020
050,37,057,"North Carolina","Davidson County",2,39,2010,983,1027
050,37,057,"North Carolina","Davidson County",2,40,2057,1032,1025
050,37,057,"North Carolina","Davidson County",2,41,2009,998,1011
050,37,057,"North Carolina","Davidson County",2,42,1945,945,1000
050,37,057,"North Carolina","Davidson County",2,43,1951,946,1005
050,37,057,"North Carolina","Davidson County",2,44,1939,948,991
050,37,057,"North Carolina","Davidson County",2,45,2031,992,1039
050,37,057,"North Carolina","Davidson County",2,46,2092,1010,1082
050,37,057,"North Carolina","Davidson County",2,47,2158,1038,1120
050,37,057,"North Carolina","Davidson County",2,48,2378,1137,1241
050,37,057,"North Carolina","Davidson County",2,49,2646,1313,1333
050,37,057,"North Carolina","Davidson County",2,50,2569,1293,1276
050,37,057,"North Carolina","Davidson County",2,51,2570,1319,1251
050,37,057,"North Carolina","Davidson County",2,52,2465,1255,1210
050,37,057,"North Carolina","Davidson County",2,53,2459,1232,1227
050,37,057,"North Carolina","Davidson County",2,54,2420,1222,1198
050,37,057,"North Carolina","Davidson County",2,55,2496,1240,1256
050,37,057,"North Carolina","Davidson County",2,56,2580,1278,1302
050,37,057,"North Carolina","Davidson County",2,57,2588,1292,1296
050,37,057,"North Carolina","Davidson County",2,58,2575,1266,1309
050,37,057,"North Carolina","Davidson County",2,59,2540,1255,1285
050,37,057,"North Carolina","Davidson County",2,60,2427,1210,1217
050,37,057,"North Carolina","Davidson County",2,61,2406,1231,1175
050,37,057,"North Carolina","Davidson County",2,62,2411,1219,1192
050,37,057,"North Carolina","Davidson County",2,63,2363,1186,1177
050,37,057,"North Carolina","Davidson County",2,64,2272,1126,1146
050,37,057,"North Carolina","Davidson County",2,65,2178,1059,1119
050,37,057,"North Carolina","Davidson County",2,66,2057,994,1063
050,37,057,"North Carolina","Davidson County",2,67,1963,955,1008
050,37,057,"North Carolina","Davidson County",2,68,1889,912,977
050,37,057,"North Carolina","Davidson County",2,69,1818,866,952
050,37,057,"North Carolina","Davidson County",2,70,1743,832,911
050,37,057,"North Carolina","Davidson County",2,71,1755,822,933
050,37,057,"North Carolina","Davidson County",2,72,1784,835,949
050,37,057,"North Carolina","Davidson County",2,73,1961,923,1038
050,37,057,"North Carolina","Davidson County",2,74,1348,625,723
050,37,057,"North Carolina","Davidson County",2,75,1291,581,710
050,37,057,"North Carolina","Davidson County",2,76,1236,533,703
050,37,057,"North Carolina","Davidson County",2,77,1259,560,699
050,37,057,"North Carolina","Davidson County",2,78,1086,501,585
050,37,057,"North Carolina","Davidson County",2,79,954,438,516
050,37,057,"North Carolina","Davidson County",2,80,883,400,483
050,37,057,"North Carolina","Davidson County",2,81,765,325,440
050,37,057,"North Carolina","Davidson County",2,82,727,286,441
050,37,057,"North Carolina","Davidson County",2,83,644,264,380
050,37,057,"North Carolina","Davidson County",2,84,558,214,344
050,37,057,"North Carolina","Davidson County",2,85,3099,1088,2011
050,37,057,"North Carolina","Davidson County",3,0,1687,871,816
050,37,057,"North Carolina","Davidson County",3,1,1781,894,887
050,37,057,"North Carolina","Davidson County",3,2,1821,911,910
050,37,057,"North Carolina","Davidson County",3,3,1833,934,899
050,37,057,"North Carolina","Davidson County",3,4,1925,979,946
050,37,057,"North Carolina","Davidson County",3,5,2000,1032,968
050,37,057,"North Carolina","Davidson County",3,6,1979,1013,966
050,37,057,"North Carolina","Davidson County",3,7,2027,1000,1027
050,37,057,"North Carolina","Davidson County",3,8,2038,1035,1003
050,37,057,"North Carolina","Davidson County",3,9,2006,1026,980
050,37,057,"North Carolina","Davidson County",3,10,2057,1065,992
050,37,057,"North Carolina","Davidson County",3,11,2097,1073,1024
050,37,057,"North Carolina","Davidson County",3,12,2235,1146,1089
050,37,057,"North Carolina","Davidson County",3,13,2376,1262,1114
050,37,057,"North Carolina","Davidson County",3,14,2315,1193,1122
050,37,057,"North Carolina","Davidson County",3,15,2318,1199,1119
050,37,057,"North Carolina","Davidson County",3,16,2334,1217,1117
050,37,057,"North Carolina","Davidson County",3,17,2353,1232,1121
050,37,057,"North Carolina","Davidson County",3,18,1957,1017,940
050,37,057,"North Carolina","Davidson County",3,19,1631,857,774
050,37,057,"North Carolina","Davidson County",3,20,1785,916,869
050,37,057,"North Carolina","Davidson County",3,21,1873,962,911
050,37,057,"North Carolina","Davidson County",3,22,1927,960,967
050,37,057,"North Carolina","Davidson County",3,23,1961,982,979
050,37,057,"North Carolina","Davidson County",3,24,1942,969,973
050,37,057,"North Carolina","Davidson County",3,25,2017,990,1027
050,37,057,"North Carolina","Davidson County",3,26,1997,1005,992
050,37,057,"North Carolina","Davidson County",3,27,2043,1003,1040
050,37,057,"North Carolina","Davidson County",3,28,2066,1040,1026
050,37,057,"North Carolina","Davidson County",3,29,2119,1058,1061
050,37,057,"North Carolina","Davidson County",3,30,2185,1087,1098
050,37,057,"North Carolina","Davidson County",3,31,2157,1062,1095
050,37,057,"North Carolina","Davidson County",3,32,2097,1012,1085
050,37,057,"North Carolina","Davidson County",3,33,1997,959,1038
050,37,057,"North Carolina","Davidson County",3,34,1978,966,1012
050,37,057,"North Carolina","Davidson County",3,35,1954,975,979
050,37,057,"North Carolina","Davidson County",3,36,1989,1002,987
050,37,057,"North Carolina","Davidson County",3,37,1897,930,967
050,37,057,"North Carolina","Davidson County",3,38,1890,916,974
050,37,057,"North Carolina","Davidson County",3,39,1999,944,1055
050,37,057,"North Carolina","Davidson County",3,40,2022,975,1047
050,37,057,"North Carolina","Davidson County",3,41,2070,1046,1024
050,37,057,"North Carolina","Davidson County",3,42,2024,1006,1018
050,37,057,"North Carolina","Davidson County",3,43,1959,949,1010
050,37,057,"North Carolina","Davidson County",3,44,1952,939,1013
050,37,057,"North Carolina","Davidson County",3,45,1973,957,1016
050,37,057,"North Carolina","Davidson County",3,46,2056,1023,1033
050,37,057,"North Carolina","Davidson County",3,47,2121,1024,1097
050,37,057,"North Carolina","Davidson County",3,48,2169,1047,1122
050,37,057,"North Carolina","Davidson County",3,49,2364,1130,1234
050,37,057,"North Carolina","Davidson County",3,50,2664,1331,1333
050,37,057,"North Carolina","Davidson County",3,51,2616,1326,1290
050,37,057,"North Carolina","Davidson County",3,52,2589,1313,1276
050,37,057,"North Carolina","Davidson County",3,53,2485,1253,1232
050,37,057,"North Carolina","Davidson County",3,54,2464,1237,1227
050,37,057,"North Carolina","Davidson County",3,55,2415,1201,1214
050,37,057,"North Carolina","Davidson County",3,56,2526,1256,1270
050,37,057,"North Carolina","Davidson County",3,57,2615,1305,1310
050,37,057,"North Carolina","Davidson County",3,58,2549,1259,1290
050,37,057,"North Carolina","Davidson County",3,59,2569,1267,1302
050,37,057,"North Carolina","Davidson County",3,60,2549,1261,1288
050,37,057,"North Carolina","Davidson County",3,61,2410,1185,1225
050,37,057,"North Carolina","Davidson County",3,62,2408,1229,1179
050,37,057,"North Carolina","Davidson County",3,63,2421,1211,1210
050,37,057,"North Carolina","Davidson County",3,64,2337,1176,1161
050,37,057,"North Carolina","Davidson County",3,65,2236,1103,1133
050,37,057,"North Carolina","Davidson County",3,66,2183,1077,1106
050,37,057,"North Carolina","Davidson County",3,67,1995,962,1033
050,37,057,"North Carolina","Davidson County",3,68,1925,929,996
050,37,057,"North Carolina","Davidson County",3,69,1859,882,977
050,37,057,"North Carolina","Davidson County",3,70,1781,842,939
050,37,057,"North Carolina","Davidson County",3,71,1723,809,914
050,37,057,"North Carolina","Davidson County",3,72,1709,799,910
050,37,057,"North Carolina","Davidson County",3,73,1741,799,942
050,37,057,"North Carolina","Davidson County",3,74,1894,893,1001
050,37,057,"North Carolina","Davidson County",3,75,1298,592,706
050,37,057,"North Carolina","Davidson County",3,76,1244,546,698
050,37,057,"North Carolina","Davidson County",3,77,1198,510,688
050,37,057,"North Carolina","Davidson County",3,78,1175,515,660
050,37,057,"North Carolina","Davidson County",3,79,1010,462,548
050,37,057,"North Carolina","Davidson County",3,80,886,394,492
050,37,057,"North Carolina","Davidson County",3,81,835,372,463
050,37,057,"North Carolina","Davidson County",3,82,732,308,424
050,37,057,"North Carolina","Davidson County",3,83,672,264,408
050,37,057,"North Carolina","Davidson County",3,84,560,222,338
050,37,057,"North Carolina","Davidson County",3,85,3091,1101,1990
050,37,057,"North Carolina","Davidson County",4,0,1774,925,849
050,37,057,"North Carolina","Davidson County",4,1,1748,907,841
050,37,057,"North Carolina","Davidson County",4,2,1874,970,904
050,37,057,"North Carolina","Davidson County",4,3,1912,961,951
050,37,057,"North Carolina","Davidson County",4,4,1898,967,931
050,37,057,"North Carolina","Davidson County",4,5,1958,981,977
050,37,057,"North Carolina","Davidson County",4,6,2048,1046,1002
050,37,057,"North Carolina","Davidson County",4,7,2002,1025,977
050,37,057,"North Carolina","Davidson County",4,8,2081,1042,1039
050,37,057,"North Carolina","Davidson County",4,9,2072,1062,1010
050,37,057,"North Carolina","Davidson County",4,10,2056,1054,1002
050,37,057,"North Carolina","Davidson County",4,11,2109,1104,1005
050,37,057,"North Carolina","Davidson County",4,12,2117,1091,1026
050,37,057,"North Carolina","Davidson County",4,13,2284,1171,1113
050,37,057,"North Carolina","Davidson County",4,14,2392,1268,1124
050,37,057,"North Carolina","Davidson County",4,15,2350,1208,1142
050,37,057,"North Carolina","Davidson County",4,16,2376,1224,1152
050,37,057,"North Carolina","Davidson County",4,17,2328,1205,1123
050,37,057,"North Carolina","Davidson County",4,18,2002,1076,926
050,37,057,"North Carolina","Davidson County",4,19,1548,815,733
050,37,057,"North Carolina","Davidson County",4,20,1749,914,835
050,37,057,"North Carolina","Davidson County",4,21,1843,934,909
050,37,057,"North Carolina","Davidson County",4,22,1992,1010,982
050,37,057,"North Carolina","Davidson County",4,23,2023,1035,988
050,37,057,"North Carolina","Davidson County",4,24,2007,1012,995
050,37,057,"North Carolina","Davidson County",4,25,1961,956,1005
050,37,057,"North Carolina","Davidson County",4,26,2065,1017,1048
050,37,057,"North Carolina","Davidson County",4,27,2047,1029,1018
050,37,057,"North Carolina","Davidson County",4,28,2045,1004,1041
050,37,057,"North Carolina","Davidson County",4,29,2134,1085,1049
050,37,057,"North Carolina","Davidson County",4,30,2191,1115,1076
050,37,057,"North Carolina","Davidson County",4,31,2222,1082,1140
050,37,057,"North Carolina","Davidson County",4,32,2213,1108,1105
050,37,057,"North Carolina","Davidson County",4,33,2166,1043,1123
050,37,057,"North Carolina","Davidson County",4,34,2084,989,1095
050,37,057,"North Carolina","Davidson County",4,35,2011,979,1032
050,37,057,"North Carolina","Davidson County",4,36,1968,983,985
050,37,057,"North Carolina","Davidson County",4,37,1999,1000,999
050,37,057,"North Carolina","Davidson County",4,38,1955,952,1003
050,37,057,"North Carolina","Davidson County",4,39,1940,949,991
050,37,057,"North Carolina","Davidson County",4,40,2057,973,1084
050,37,057,"North Carolina","Davidson County",4,41,2056,1016,1040
050,37,057,"North Carolina","Davidson County",4,42,2057,1029,1028
050,37,057,"North Carolina","Davidson County",4,43,2025,1006,1019
050,37,057,"North Carolina","Davidson County",4,44,1980,975,1005
050,37,057,"North Carolina","Davidson County",4,45,1965,951,1014
050,37,057,"North Carolina","Davidson County",4,46,1991,982,1009
050,37,057,"North Carolina","Davidson County",4,47,2030,990,1040
050,37,057,"North Carolina","Davidson County",4,48,2138,1051,1087
050,37,057,"North Carolina","Davidson County",4,49,2232,1077,1155
050,37,057,"North Carolina","Davidson County",4,50,2380,1144,1236
050,37,057,"North Carolina","Davidson County",4,51,2661,1323,1338
050,37,057,"North Carolina","Davidson County",4,52,2649,1329,1320
050,37,057,"North Carolina","Davidson County",4,53,2576,1299,1277
050,37,057,"North Carolina","Davidson County",4,54,2477,1242,1235
050,37,057,"North Carolina","Davidson County",4,55,2481,1235,1246
050,37,057,"North Carolina","Davidson County",4,56,2402,1193,1209
050,37,057,"North Carolina","Davidson County",4,57,2546,1251,1295
050,37,057,"North Carolina","Davidson County",4,58,2574,1279,1295
050,37,057,"North Carolina","Davidson County",4,59,2562,1264,1298
050,37,057,"North Carolina","Davidson County",4,60,2535,1235,1300
050,37,057,"North Carolina","Davidson County",4,61,2557,1242,1315
050,37,057,"North Carolina","Davidson County",4,62,2392,1190,1202
050,37,057,"North Carolina","Davidson County",4,63,2401,1222,1179
050,37,057,"North Carolina","Davidson County",4,64,2383,1188,1195
050,37,057,"North Carolina","Davidson County",4,65,2309,1161,1148
050,37,057,"North Carolina","Davidson County",4,66,2220,1093,1127
050,37,057,"North Carolina","Davidson County",4,67,2166,1062,1104
050,37,057,"North Carolina","Davidson County",4,68,1966,943,1023
050,37,057,"North Carolina","Davidson County",4,69,1885,901,984
050,37,057,"North Carolina","Davidson County",4,70,1812,859,953
050,37,057,"North Carolina","Davidson County",4,71,1782,832,950
050,37,057,"North Carolina","Davidson County",4,72,1676,777,899
050,37,057,"North Carolina","Davidson County",4,73,1673,767,906
050,37,057,"North Carolina","Davidson County",4,74,1705,785,920
050,37,057,"North Carolina","Davidson County",4,75,1849,857,992
050,37,057,"North Carolina","Davidson County",4,76,1269,565,704
050,37,057,"North Carolina","Davidson County",4,77,1186,522,664
050,37,057,"North Carolina","Davidson County",4,78,1138,494,644
050,37,057,"North Carolina","Davidson County",4,79,1099,487,612
050,37,057,"North Carolina","Davidson County",4,80,949,429,520
050,37,057,"North Carolina","Davidson County",4,81,810,353,457
050,37,057,"North Carolina","Davidson County",4,82,805,347,458
050,37,057,"North Carolina","Davidson County",4,83,696,300,396
050,37,057,"North Carolina","Davidson County",4,84,592,230,362
050,37,057,"North Carolina","Davidson County",4,85,3142,1128,2014
050,37,057,"North Carolina","Davidson County",5,0,1777,922,855
050,37,057,"North Carolina","Davidson County",5,1,1829,970,859
050,37,057,"North Carolina","Davidson County",5,2,1812,927,885
050,37,057,"North Carolina","Davidson County",5,3,1897,963,934
050,37,057,"North Carolina","Davidson County",5,4,1941,954,987
050,37,057,"North Carolina","Davidson County",5,5,1964,988,976
050,37,057,"North Carolina","Davidson County",5,6,2021,1023,998
050,37,057,"North Carolina","Davidson County",5,7,2098,1063,1035
050,37,057,"North Carolina","Davidson County",5,8,2051,1064,987
050,37,057,"North Carolina","Davidson County",5,9,2120,1069,1051
050,37,057,"North Carolina","Davidson County",5,10,2100,1086,1014
050,37,057,"North Carolina","Davidson County",5,11,2085,1063,1022
050,37,057,"North Carolina","Davidson County",5,12,2147,1129,1018
050,37,057,"North Carolina","Davidson County",5,13,2137,1099,1038
050,37,057,"North Carolina","Davidson County",5,14,2301,1173,1128
050,37,057,"North Carolina","Davidson County",5,15,2428,1276,1152
050,37,057,"North Carolina","Davidson County",5,16,2392,1236,1156
050,37,057,"North Carolina","Davidson County",5,17,2358,1224,1134
050,37,057,"North Carolina","Davidson County",5,18,2016,1076,940
050,37,057,"North Carolina","Davidson County",5,19,1641,891,750
050,37,057,"North Carolina","Davidson County",5,20,1682,861,821
050,37,057,"North Carolina","Davidson County",5,21,1854,968,886
050,37,057,"North Carolina","Davidson County",5,22,2003,995,1008
050,37,057,"North Carolina","Davidson County",5,23,2104,1055,1049
050,37,057,"North Carolina","Davidson County",5,24,2112,1099,1013
050,37,057,"North Carolina","Davidson County",5,25,2086,1038,1048
050,37,057,"North Carolina","Davidson County",5,26,2041,990,1051
050,37,057,"North Carolina","Davidson County",5,27,2082,1012,1070
050,37,057,"North Carolina","Davidson County",5,28,2092,1022,1070
050,37,057,"North Carolina","Davidson County",5,29,2102,1052,1050
050,37,057,"North Carolina","Davidson County",5,30,2152,1085,1067
050,37,057,"North Carolina","Davidson County",5,31,2267,1139,1128
050,37,057,"North Carolina","Davidson County",5,32,2300,1135,1165
050,37,057,"North Carolina","Davidson County",5,33,2284,1150,1134
050,37,057,"North Carolina","Davidson County",5,34,2208,1074,1134
050,37,057,"North Carolina","Davidson County",5,35,2128,1006,1122
050,37,057,"North Carolina","Davidson County",5,36,2066,997,1069
050,37,057,"North Carolina","Davidson County",5,37,2025,1000,1025
050,37,057,"North Carolina","Davidson County",5,38,2076,1055,1021
050,37,057,"North Carolina","Davidson County",5,39,2045,1000,1045
050,37,057,"North Carolina","Davidson County",5,40,1999,991,1008
050,37,057,"North Carolina","Davidson County",5,41,2062,961,1101
050,37,057,"North Carolina","Davidson County",5,42,2083,1017,1066
050,37,057,"North Carolina","Davidson County",5,43,2076,1051,1025
050,37,057,"North Carolina","Davidson County",5,44,2040,1020,1020
050,37,057,"North Carolina","Davidson County",5,45,2020,983,1037
050,37,057,"North Carolina","Davidson County",5,46,2014,980,1034
050,37,057,"North Carolina","Davidson County",5,47,1988,977,1011
050,37,057,"North Carolina","Davidson County",5,48,2066,1018,1048
050,37,057,"North Carolina","Davidson County",5,49,2140,1044,1096
050,37,057,"North Carolina","Davidson County",5,50,2246,1075,1171
050,37,057,"North Carolina","Davidson County",5,51,2406,1160,1246
050,37,057,"North Carolina","Davidson County",5,52,2674,1314,1360
050,37,057,"North Carolina","Davidson County",5,53,2668,1336,1332
050,37,057,"North Carolina","Davidson County",5,54,2569,1292,1277
050,37,057,"North Carolina","Davidson County",5,55,2503,1249,1254
050,37,057,"North Carolina","Davidson County",5,56,2504,1252,1252
050,37,057,"North Carolina","Davidson County",5,57,2444,1221,1223
050,37,057,"North Carolina","Davidson County",5,58,2553,1243,1310
050,37,057,"North Carolina","Davidson County",5,59,2614,1293,1321
050,37,057,"North Carolina","Davidson County",5,60,2569,1259,1310
050,37,057,"North Carolina","Davidson County",5,61,2524,1229,1295
050,37,057,"North Carolina","Davidson County",5,62,2568,1252,1316
050,37,057,"North Carolina","Davidson County",5,63,2357,1166,1191
050,37,057,"North Carolina","Davidson County",5,64,2405,1211,1194
050,37,057,"North Carolina","Davidson County",5,65,2378,1194,1184
050,37,057,"North Carolina","Davidson County",5,66,2314,1175,1139
050,37,057,"North Carolina","Davidson County",5,67,2197,1065,1132
050,37,057,"North Carolina","Davidson County",5,68,2164,1053,1111
050,37,057,"North Carolina","Davidson County",5,69,1955,932,1023
050,37,057,"North Carolina","Davidson County",5,70,1855,883,972
050,37,057,"North Carolina","Davidson County",5,71,1801,847,954
050,37,057,"North Carolina","Davidson County",5,72,1738,809,929
050,37,057,"North Carolina","Davidson County",5,73,1636,737,899
050,37,057,"North Carolina","Davidson County",5,74,1628,747,881
050,37,057,"North Carolina","Davidson County",5,75,1673,762,911
050,37,057,"North Carolina","Davidson County",5,76,1773,811,962
050,37,057,"North Carolina","Davidson County",5,77,1228,550,678
050,37,057,"North Carolina","Davidson County",5,78,1133,500,633
050,37,057,"North Carolina","Davidson County",5,79,1075,469,606
050,37,057,"North Carolina","Davidson County",5,80,1040,452,588
050,37,057,"North Carolina","Davidson County",5,81,893,403,490
050,37,057,"North Carolina","Davidson County",5,82,788,338,450
050,37,057,"North Carolina","Davidson County",5,83,757,331,426
050,37,057,"North Carolina","Davidson County",5,84,620,257,363
050,37,057,"North Carolina","Davidson County",5,85,3242,1178,2064
050,37,059,"North Carolina","Davie County",1,0,395,201,194
050,37,059,"North Carolina","Davie County",1,1,414,212,202
050,37,059,"North Carolina","Davie County",1,2,408,200,208
050,37,059,"North Carolina","Davie County",1,3,425,211,214
050,37,059,"North Carolina","Davie County",1,4,467,230,237
050,37,059,"North Carolina","Davie County",1,5,455,244,211
050,37,059,"North Carolina","Davie County",1,6,476,260,216
050,37,059,"North Carolina","Davie County",1,7,492,251,241
050,37,059,"North Carolina","Davie County",1,8,495,244,251
050,37,059,"North Carolina","Davie County",1,9,522,258,264
050,37,059,"North Carolina","Davie County",1,10,522,275,247
050,37,059,"North Carolina","Davie County",1,11,553,307,246
050,37,059,"North Carolina","Davie County",1,12,571,297,274
050,37,059,"North Carolina","Davie County",1,13,559,289,270
050,37,059,"North Carolina","Davie County",1,14,573,306,267
050,37,059,"North Carolina","Davie County",1,15,562,289,273
050,37,059,"North Carolina","Davie County",1,16,584,303,281
050,37,059,"North Carolina","Davie County",1,17,567,283,284
050,37,059,"North Carolina","Davie County",1,18,522,264,258
050,37,059,"North Carolina","Davie County",1,19,416,219,197
050,37,059,"North Carolina","Davie County",1,20,446,225,221
050,37,059,"North Carolina","Davie County",1,21,453,235,218
050,37,059,"North Carolina","Davie County",1,22,450,232,218
050,37,059,"North Carolina","Davie County",1,23,430,217,213
050,37,059,"North Carolina","Davie County",1,24,437,240,197
050,37,059,"North Carolina","Davie County",1,25,445,229,216
050,37,059,"North Carolina","Davie County",1,26,426,221,205
050,37,059,"North Carolina","Davie County",1,27,413,209,204
050,37,059,"North Carolina","Davie County",1,28,438,220,218
050,37,059,"North Carolina","Davie County",1,29,418,192,226
050,37,059,"North Carolina","Davie County",1,30,440,229,211
050,37,059,"North Carolina","Davie County",1,31,405,186,219
050,37,059,"North Carolina","Davie County",1,32,393,183,210
050,37,059,"North Carolina","Davie County",1,33,424,190,234
050,37,059,"North Carolina","Davie County",1,34,445,208,237
050,37,059,"North Carolina","Davie County",1,35,465,256,209
050,37,059,"North Carolina","Davie County",1,36,449,236,213
050,37,059,"North Carolina","Davie County",1,37,482,221,261
050,37,059,"North Carolina","Davie County",1,38,490,231,259
050,37,059,"North Carolina","Davie County",1,39,433,203,230
050,37,059,"North Carolina","Davie County",1,40,485,240,245
050,37,059,"North Carolina","Davie County",1,41,476,230,246
050,37,059,"North Carolina","Davie County",1,42,476,242,234
050,37,059,"North Carolina","Davie County",1,43,480,237,243
050,37,059,"North Carolina","Davie County",1,44,505,238,267
050,37,059,"North Carolina","Davie County",1,45,521,252,269
050,37,059,"North Carolina","Davie County",1,46,523,256,267
050,37,059,"North Carolina","Davie County",1,47,553,279,274
050,37,059,"North Carolina","Davie County",1,48,591,297,294
050,37,059,"North Carolina","Davie County",1,49,683,326,357
050,37,059,"North Carolina","Davie County",1,50,640,302,338
050,37,059,"North Carolina","Davie County",1,51,603,303,300
050,37,059,"North Carolina","Davie County",1,52,617,310,307
050,37,059,"North Carolina","Davie County",1,53,620,317,303
050,37,059,"North Carolina","Davie County",1,54,612,303,309
050,37,059,"North Carolina","Davie County",1,55,686,333,353
050,37,059,"North Carolina","Davie County",1,56,718,360,358
050,37,059,"North Carolina","Davie County",1,57,651,320,331
050,37,059,"North Carolina","Davie County",1,58,652,311,341
050,37,059,"North Carolina","Davie County",1,59,643,306,337
050,37,059,"North Carolina","Davie County",1,60,646,327,319
050,37,059,"North Carolina","Davie County",1,61,618,325,293
050,37,059,"North Carolina","Davie County",1,62,628,298,330
050,37,059,"North Carolina","Davie County",1,63,604,293,311
050,37,059,"North Carolina","Davie County",1,64,606,304,302
050,37,059,"North Carolina","Davie County",1,65,601,292,309
050,37,059,"North Carolina","Davie County",1,66,581,277,304
050,37,059,"North Carolina","Davie County",1,67,575,274,301
050,37,059,"North Carolina","Davie County",1,68,571,271,300
050,37,059,"North Carolina","Davie County",1,69,528,249,279
050,37,059,"North Carolina","Davie County",1,70,526,254,272
050,37,059,"North Carolina","Davie County",1,71,481,242,239
050,37,059,"North Carolina","Davie County",1,72,505,241,264
050,37,059,"North Carolina","Davie County",1,73,529,253,276
050,37,059,"North Carolina","Davie County",1,74,375,182,193
050,37,059,"North Carolina","Davie County",1,75,378,182,196
050,37,059,"North Carolina","Davie County",1,76,357,151,206
050,37,059,"North Carolina","Davie County",1,77,342,137,205
050,37,059,"North Carolina","Davie County",1,78,298,134,164
050,37,059,"North Carolina","Davie County",1,79,276,123,153
050,37,059,"North Carolina","Davie County",1,80,255,124,131
050,37,059,"North Carolina","Davie County",1,81,233,108,125
050,37,059,"North Carolina","Davie County",1,82,222,93,129
050,37,059,"North Carolina","Davie County",1,83,227,97,130
050,37,059,"North Carolina","Davie County",1,84,174,65,109
050,37,059,"North Carolina","Davie County",1,85,1089,370,719
050,37,059,"North Carolina","Davie County",2,0,416,207,209
050,37,059,"North Carolina","Davie County",2,1,416,213,203
050,37,059,"North Carolina","Davie County",2,2,413,206,207
050,37,059,"North Carolina","Davie County",2,3,423,210,213
050,37,059,"North Carolina","Davie County",2,4,463,228,235
050,37,059,"North Carolina","Davie County",2,5,459,239,220
050,37,059,"North Carolina","Davie County",2,6,477,261,216
050,37,059,"North Carolina","Davie County",2,7,493,256,237
050,37,059,"North Carolina","Davie County",2,8,494,246,248
050,37,059,"North Carolina","Davie County",2,9,517,254,263
050,37,059,"North Carolina","Davie County",2,10,524,273,251
050,37,059,"North Carolina","Davie County",2,11,549,300,249
050,37,059,"North Carolina","Davie County",2,12,571,300,271
050,37,059,"North Carolina","Davie County",2,13,562,291,271
050,37,059,"North Carolina","Davie County",2,14,570,301,269
050,37,059,"North Carolina","Davie County",2,15,568,297,271
050,37,059,"North Carolina","Davie County",2,16,581,300,281
050,37,059,"North Carolina","Davie County",2,17,576,289,287
050,37,059,"North Carolina","Davie County",2,18,511,259,252
050,37,059,"North Carolina","Davie County",2,19,423,219,204
050,37,059,"North Carolina","Davie County",2,20,455,231,224
050,37,059,"North Carolina","Davie County",2,21,454,234,220
050,37,059,"North Carolina","Davie County",2,22,452,233,219
050,37,059,"North Carolina","Davie County",2,23,438,223,215
050,37,059,"North Carolina","Davie County",2,24,438,235,203
050,37,059,"North Carolina","Davie County",2,25,445,232,213
050,37,059,"North Carolina","Davie County",2,26,432,222,210
050,37,059,"North Carolina","Davie County",2,27,415,212,203
050,37,059,"North Carolina","Davie County",2,28,433,216,217
050,37,059,"North Carolina","Davie County",2,29,431,205,226
050,37,059,"North Carolina","Davie County",2,30,442,223,219
050,37,059,"North Carolina","Davie County",2,31,415,197,218
050,37,059,"North Carolina","Davie County",2,32,399,186,213
050,37,059,"North Carolina","Davie County",2,33,422,191,231
050,37,059,"North Carolina","Davie County",2,34,447,207,240
050,37,059,"North Carolina","Davie County",2,35,465,249,216
050,37,059,"North Carolina","Davie County",2,36,450,240,210
050,37,059,"North Carolina","Davie County",2,37,474,224,250
050,37,059,"North Carolina","Davie County",2,38,493,230,263
050,37,059,"North Carolina","Davie County",2,39,448,210,238
050,37,059,"North Carolina","Davie County",2,40,480,234,246
050,37,059,"North Carolina","Davie County",2,41,480,234,246
050,37,059,"North Carolina","Davie County",2,42,475,239,236
050,37,059,"North Carolina","Davie County",2,43,485,240,245
050,37,059,"North Carolina","Davie County",2,44,501,237,264
050,37,059,"North Carolina","Davie County",2,45,520,251,269
050,37,059,"North Carolina","Davie County",2,46,521,254,267
050,37,059,"North Carolina","Davie County",2,47,547,273,274
050,37,059,"North Carolina","Davie County",2,48,580,292,288
050,37,059,"North Carolina","Davie County",2,49,662,319,343
050,37,059,"North Carolina","Davie County",2,50,653,310,343
050,37,059,"North Carolina","Davie County",2,51,610,302,308
050,37,059,"North Carolina","Davie County",2,52,620,313,307
050,37,059,"North Carolina","Davie County",2,53,625,317,308
050,37,059,"North Carolina","Davie County",2,54,613,306,307
050,37,059,"North Carolina","Davie County",2,55,671,327,344
050,37,059,"North Carolina","Davie County",2,56,716,357,359
050,37,059,"North Carolina","Davie County",2,57,668,330,338
050,37,059,"North Carolina","Davie County",2,58,650,312,338
050,37,059,"North Carolina","Davie County",2,59,650,309,341
050,37,059,"North Carolina","Davie County",2,60,648,324,324
050,37,059,"North Carolina","Davie County",2,61,626,325,301
050,37,059,"North Carolina","Davie County",2,62,622,303,319
050,37,059,"North Carolina","Davie County",2,63,616,298,318
050,37,059,"North Carolina","Davie County",2,64,599,298,301
050,37,059,"North Carolina","Davie County",2,65,602,297,305
050,37,059,"North Carolina","Davie County",2,66,587,282,305
050,37,059,"North Carolina","Davie County",2,67,576,274,302
050,37,059,"North Carolina","Davie County",2,68,568,270,298
050,37,059,"North Carolina","Davie County",2,69,541,256,285
050,37,059,"North Carolina","Davie County",2,70,524,251,273
050,37,059,"North Carolina","Davie County",2,71,489,241,248
050,37,059,"North Carolina","Davie County",2,72,491,237,254
050,37,059,"North Carolina","Davie County",2,73,553,264,289
050,37,059,"North Carolina","Davie County",2,74,385,186,199
050,37,059,"North Carolina","Davie County",2,75,378,181,197
050,37,059,"North Carolina","Davie County",2,76,361,156,205
050,37,059,"North Carolina","Davie County",2,77,355,144,211
050,37,059,"North Carolina","Davie County",2,78,301,133,168
050,37,059,"North Carolina","Davie County",2,79,280,125,155
050,37,059,"North Carolina","Davie County",2,80,259,123,136
050,37,059,"North Carolina","Davie County",2,81,240,112,128
050,37,059,"North Carolina","Davie County",2,82,225,96,129
050,37,059,"North Carolina","Davie County",2,83,224,96,128
050,37,059,"North Carolina","Davie County",2,84,183,71,112
050,37,059,"North Carolina","Davie County",2,85,1089,369,720
050,37,059,"North Carolina","Davie County",3,0,385,183,202
050,37,059,"North Carolina","Davie County",3,1,456,231,225
050,37,059,"North Carolina","Davie County",3,2,430,215,215
050,37,059,"North Carolina","Davie County",3,3,417,200,217
050,37,059,"North Carolina","Davie County",3,4,468,226,242
050,37,059,"North Carolina","Davie County",3,5,480,242,238
050,37,059,"North Carolina","Davie County",3,6,458,235,223
050,37,059,"North Carolina","Davie County",3,7,500,267,233
050,37,059,"North Carolina","Davie County",3,8,496,263,233
050,37,059,"North Carolina","Davie County",3,9,517,264,253
050,37,059,"North Carolina","Davie County",3,10,531,267,264
050,37,059,"North Carolina","Davie County",3,11,534,289,245
050,37,059,"North Carolina","Davie County",3,12,558,301,257
050,37,059,"North Carolina","Davie County",3,13,581,306,275
050,37,059,"North Carolina","Davie County",3,14,567,287,280
050,37,059,"North Carolina","Davie County",3,15,588,308,280
050,37,059,"North Carolina","Davie County",3,16,574,300,274
050,37,059,"North Carolina","Davie County",3,17,565,295,270
050,37,059,"North Carolina","Davie County",3,18,494,254,240
050,37,059,"North Carolina","Davie County",3,19,409,203,206
050,37,059,"North Carolina","Davie County",3,20,461,238,223
050,37,059,"North Carolina","Davie County",3,21,474,254,220
050,37,059,"North Carolina","Davie County",3,22,482,244,238
050,37,059,"North Carolina","Davie County",3,23,452,227,225
050,37,059,"North Carolina","Davie County",3,24,450,219,231
050,37,059,"North Carolina","Davie County",3,25,440,236,204
050,37,059,"North Carolina","Davie County",3,26,464,240,224
050,37,059,"North Carolina","Davie County",3,27,453,220,233
050,37,059,"North Carolina","Davie County",3,28,438,228,210
050,37,059,"North Carolina","Davie County",3,29,453,221,232
050,37,059,"North Carolina","Davie County",3,30,479,227,252
050,37,059,"North Carolina","Davie County",3,31,462,228,234
050,37,059,"North Carolina","Davie County",3,32,440,215,225
050,37,059,"North Carolina","Davie County",3,33,450,217,233
050,37,059,"North Carolina","Davie County",3,34,460,219,241
050,37,059,"North Carolina","Davie County",3,35,491,233,258
050,37,059,"North Carolina","Davie County",3,36,474,251,223
050,37,059,"North Carolina","Davie County",3,37,450,241,209
050,37,059,"North Carolina","Davie County",3,38,497,238,259
050,37,059,"North Carolina","Davie County",3,39,501,232,269
050,37,059,"North Carolina","Davie County",3,40,446,218,228
050,37,059,"North Carolina","Davie County",3,41,479,228,251
050,37,059,"North Carolina","Davie County",3,42,486,238,248
050,37,059,"North Carolina","Davie County",3,43,479,239,240
050,37,059,"North Carolina","Davie County",3,44,511,251,260
050,37,059,"North Carolina","Davie County",3,45,513,246,267
050,37,059,"North Carolina","Davie County",3,46,525,255,270
050,37,059,"North Carolina","Davie County",3,47,532,254,278
050,37,059,"North Carolina","Davie County",3,48,544,270,274
050,37,059,"North Carolina","Davie County",3,49,594,300,294
050,37,059,"North Carolina","Davie County",3,50,672,313,359
050,37,059,"North Carolina","Davie County",3,51,669,323,346
050,37,059,"North Carolina","Davie County",3,52,627,314,313
050,37,059,"North Carolina","Davie County",3,53,625,312,313
050,37,059,"North Carolina","Davie County",3,54,652,334,318
050,37,059,"North Carolina","Davie County",3,55,625,303,322
050,37,059,"North Carolina","Davie County",3,56,687,332,355
050,37,059,"North Carolina","Davie County",3,57,712,352,360
050,37,059,"North Carolina","Davie County",3,58,672,332,340
050,37,059,"North Carolina","Davie County",3,59,650,314,336
050,37,059,"North Carolina","Davie County",3,60,656,315,341
050,37,059,"North Carolina","Davie County",3,61,661,334,327
050,37,059,"North Carolina","Davie County",3,62,629,326,303
050,37,059,"North Carolina","Davie County",3,63,635,309,326
050,37,059,"North Carolina","Davie County",3,64,616,302,314
050,37,059,"North Carolina","Davie County",3,65,598,295,303
050,37,059,"North Carolina","Davie County",3,66,601,300,301
050,37,059,"North Carolina","Davie County",3,67,586,284,302
050,37,059,"North Carolina","Davie County",3,68,578,275,303
050,37,059,"North Carolina","Davie County",3,69,566,265,301
050,37,059,"North Carolina","Davie County",3,70,538,255,283
050,37,059,"North Carolina","Davie County",3,71,507,241,266
050,37,059,"North Carolina","Davie County",3,72,487,236,251
050,37,059,"North Carolina","Davie County",3,73,483,235,248
050,37,059,"North Carolina","Davie County",3,74,531,256,275
050,37,059,"North Carolina","Davie County",3,75,385,186,199
050,37,059,"North Carolina","Davie County",3,76,370,179,191
050,37,059,"North Carolina","Davie County",3,77,355,153,202
050,37,059,"North Carolina","Davie County",3,78,337,137,200
050,37,059,"North Carolina","Davie County",3,79,284,122,162
050,37,059,"North Carolina","Davie County",3,80,277,125,152
050,37,059,"North Carolina","Davie County",3,81,253,114,139
050,37,059,"North Carolina","Davie County",3,82,224,101,123
050,37,059,"North Carolina","Davie County",3,83,210,81,129
050,37,059,"North Carolina","Davie County",3,84,201,90,111
050,37,059,"North Carolina","Davie County",3,85,1105,383,722
050,37,059,"North Carolina","Davie County",4,0,421,216,205
050,37,059,"North Carolina","Davie County",4,1,410,206,204
050,37,059,"North Carolina","Davie County",4,2,465,237,228
050,37,059,"North Carolina","Davie County",4,3,455,235,220
050,37,059,"North Carolina","Davie County",4,4,452,224,228
050,37,059,"North Carolina","Davie County",4,5,476,238,238
050,37,059,"North Carolina","Davie County",4,6,494,249,245
050,37,059,"North Carolina","Davie County",4,7,460,234,226
050,37,059,"North Carolina","Davie County",4,8,518,289,229
050,37,059,"North Carolina","Davie County",4,9,503,270,233
050,37,059,"North Carolina","Davie County",4,10,521,265,256
050,37,059,"North Carolina","Davie County",4,11,553,284,269
050,37,059,"North Carolina","Davie County",4,12,545,291,254
050,37,059,"North Carolina","Davie County",4,13,566,308,258
050,37,059,"North Carolina","Davie County",4,14,592,311,281
050,37,059,"North Carolina","Davie County",4,15,578,297,281
050,37,059,"North Carolina","Davie County",4,16,600,320,280
050,37,059,"North Carolina","Davie County",4,17,583,312,271
050,37,059,"North Carolina","Davie County",4,18,480,260,220
050,37,059,"North Carolina","Davie County",4,19,384,202,182
050,37,059,"North Carolina","Davie County",4,20,426,209,217
050,37,059,"North Carolina","Davie County",4,21,467,251,216
050,37,059,"North Carolina","Davie County",4,22,503,259,244
050,37,059,"North Carolina","Davie County",4,23,462,230,232
050,37,059,"North Carolina","Davie County",4,24,451,236,215
050,37,059,"North Carolina","Davie County",4,25,419,211,208
050,37,059,"North Carolina","Davie County",4,26,459,242,217
050,37,059,"North Carolina","Davie County",4,27,505,259,246
050,37,059,"North Carolina","Davie County",4,28,466,219,247
050,37,059,"North Carolina","Davie County",4,29,445,223,222
050,37,059,"North Carolina","Davie County",4,30,455,224,231
050,37,059,"North Carolina","Davie County",4,31,496,237,259
050,37,059,"North Carolina","Davie County",4,32,485,238,247
050,37,059,"North Carolina","Davie County",4,33,454,217,237
050,37,059,"North Carolina","Davie County",4,34,463,217,246
050,37,059,"North Carolina","Davie County",4,35,493,235,258
050,37,059,"North Carolina","Davie County",4,36,513,250,263
050,37,059,"North Carolina","Davie County",4,37,491,257,234
050,37,059,"North Carolina","Davie County",4,38,482,268,214
050,37,059,"North Carolina","Davie County",4,39,519,248,271
050,37,059,"North Carolina","Davie County",4,40,502,234,268
050,37,059,"North Carolina","Davie County",4,41,453,221,232
050,37,059,"North Carolina","Davie County",4,42,477,233,244
050,37,059,"North Carolina","Davie County",4,43,509,249,260
050,37,059,"North Carolina","Davie County",4,44,478,237,241
050,37,059,"North Carolina","Davie County",4,45,500,248,252
050,37,059,"North Carolina","Davie County",4,46,506,241,265
050,37,059,"North Carolina","Davie County",4,47,547,266,281
050,37,059,"North Carolina","Davie County",4,48,524,246,278
050,37,059,"North Carolina","Davie County",4,49,549,276,273
050,37,059,"North Carolina","Davie County",4,50,598,299,299
050,37,059,"North Carolina","Davie County",4,51,678,316,362
050,37,059,"North Carolina","Davie County",4,52,674,326,348
050,37,059,"North Carolina","Davie County",4,53,620,306,314
050,37,059,"North Carolina","Davie County",4,54,626,314,312
050,37,059,"North Carolina","Davie County",4,55,646,335,311
050,37,059,"North Carolina","Davie County",4,56,637,313,324
050,37,059,"North Carolina","Davie County",4,57,687,338,349
050,37,059,"North Carolina","Davie County",4,58,723,355,368
050,37,059,"North Carolina","Davie County",4,59,666,326,340
050,37,059,"North Carolina","Davie County",4,60,654,308,346
050,37,059,"North Carolina","Davie County",4,61,660,312,348
050,37,059,"North Carolina","Davie County",4,62,660,330,330
050,37,059,"North Carolina","Davie County",4,63,628,330,298
050,37,059,"North Carolina","Davie County",4,64,626,303,323
050,37,059,"North Carolina","Davie County",4,65,623,301,322
050,37,059,"North Carolina","Davie County",4,66,592,288,304
050,37,059,"North Carolina","Davie County",4,67,591,295,296
050,37,059,"North Carolina","Davie County",4,68,579,285,294
050,37,059,"North Carolina","Davie County",4,69,581,270,311
050,37,059,"North Carolina","Davie County",4,70,559,263,296
050,37,059,"North Carolina","Davie County",4,71,534,251,283
050,37,059,"North Carolina","Davie County",4,72,514,247,267
050,37,059,"North Carolina","Davie County",4,73,498,242,256
050,37,059,"North Carolina","Davie County",4,74,469,233,236
050,37,059,"North Carolina","Davie County",4,75,519,252,267
050,37,059,"North Carolina","Davie County",4,76,372,176,196
050,37,059,"North Carolina","Davie County",4,77,362,173,189
050,37,059,"North Carolina","Davie County",4,78,339,149,190
050,37,059,"North Carolina","Davie County",4,79,318,126,192
050,37,059,"North Carolina","Davie County",4,80,279,120,159
050,37,059,"North Carolina","Davie County",4,81,268,121,147
050,37,059,"North Carolina","Davie County",4,82,249,111,138
050,37,059,"North Carolina","Davie County",4,83,208,85,123
050,37,059,"North Carolina","Davie County",4,84,181,70,111
050,37,059,"North Carolina","Davie County",4,85,1142,415,727
050,37,059,"North Carolina","Davie County",5,0,418,215,203
050,37,059,"North Carolina","Davie County",5,1,433,205,228
050,37,059,"North Carolina","Davie County",5,2,419,215,204
050,37,059,"North Carolina","Davie County",5,3,477,244,233
050,37,059,"North Carolina","Davie County",5,4,470,247,223
050,37,059,"North Carolina","Davie County",5,5,485,239,246
050,37,059,"North Carolina","Davie County",5,6,489,244,245
050,37,059,"North Carolina","Davie County",5,7,506,260,246
050,37,059,"North Carolina","Davie County",5,8,471,246,225
050,37,059,"North Carolina","Davie County",5,9,513,282,231
050,37,059,"North Carolina","Davie County",5,10,514,283,231
050,37,059,"North Carolina","Davie County",5,11,527,269,258
050,37,059,"North Carolina","Davie County",5,12,546,289,257
050,37,059,"North Carolina","Davie County",5,13,558,301,257
050,37,059,"North Carolina","Davie County",5,14,569,308,261
050,37,059,"North Carolina","Davie County",5,15,603,316,287
050,37,059,"North Carolina","Davie County",5,16,578,296,282
050,37,059,"North Carolina","Davie County",5,17,614,326,288
050,37,059,"North Carolina","Davie County",5,18,508,276,232
050,37,059,"North Carolina","Davie County",5,19,391,214,177
050,37,059,"North Carolina","Davie County",5,20,412,222,190
050,37,059,"North Carolina","Davie County",5,21,460,226,234
050,37,059,"North Carolina","Davie County",5,22,525,269,256
050,37,059,"North Carolina","Davie County",5,23,521,266,255
050,37,059,"North Carolina","Davie County",5,24,469,238,231
050,37,059,"North Carolina","Davie County",5,25,453,241,212
050,37,059,"North Carolina","Davie County",5,26,443,231,212
050,37,059,"North Carolina","Davie County",5,27,462,251,211
050,37,059,"North Carolina","Davie County",5,28,502,253,249
050,37,059,"North Carolina","Davie County",5,29,461,212,249
050,37,059,"North Carolina","Davie County",5,30,455,238,217
050,37,059,"North Carolina","Davie County",5,31,482,226,256
050,37,059,"North Carolina","Davie County",5,32,500,246,254
050,37,059,"North Carolina","Davie County",5,33,502,253,249
050,37,059,"North Carolina","Davie County",5,34,477,230,247
050,37,059,"North Carolina","Davie County",5,35,466,225,241
050,37,059,"North Carolina","Davie County",5,36,506,243,263
050,37,059,"North Carolina","Davie County",5,37,510,248,262
050,37,059,"North Carolina","Davie County",5,38,504,265,239
050,37,059,"North Carolina","Davie County",5,39,481,253,228
050,37,059,"North Carolina","Davie County",5,40,539,256,283
050,37,059,"North Carolina","Davie County",5,41,519,239,280
050,37,059,"North Carolina","Davie County",5,42,462,226,236
050,37,059,"North Carolina","Davie County",5,43,483,231,252
050,37,059,"North Carolina","Davie County",5,44,514,257,257
050,37,059,"North Carolina","Davie County",5,45,472,231,241
050,37,059,"North Carolina","Davie County",5,46,496,242,254
050,37,059,"North Carolina","Davie County",5,47,521,248,273
050,37,059,"North Carolina","Davie County",5,48,553,269,284
050,37,059,"North Carolina","Davie County",5,49,532,245,287
050,37,059,"North Carolina","Davie County",5,50,553,280,273
050,37,059,"North Carolina","Davie County",5,51,606,308,298
050,37,059,"North Carolina","Davie County",5,52,687,324,363
050,37,059,"North Carolina","Davie County",5,53,680,323,357
050,37,059,"North Carolina","Davie County",5,54,621,316,305
050,37,059,"North Carolina","Davie County",5,55,632,313,319
050,37,059,"North Carolina","Davie County",5,56,656,333,323
050,37,059,"North Carolina","Davie County",5,57,625,301,324
050,37,059,"North Carolina","Davie County",5,58,698,336,362
050,37,059,"North Carolina","Davie County",5,59,723,356,367
050,37,059,"North Carolina","Davie County",5,60,663,328,335
050,37,059,"North Carolina","Davie County",5,61,654,308,346
050,37,059,"North Carolina","Davie County",5,62,658,311,347
050,37,059,"North Carolina","Davie County",5,63,654,330,324
050,37,059,"North Carolina","Davie County",5,64,630,336,294
050,37,059,"North Carolina","Davie County",5,65,629,305,324
050,37,059,"North Carolina","Davie County",5,66,629,305,324
050,37,059,"North Carolina","Davie County",5,67,574,275,299
050,37,059,"North Carolina","Davie County",5,68,583,292,291
050,37,059,"North Carolina","Davie County",5,69,580,275,305
050,37,059,"North Carolina","Davie County",5,70,564,261,303
050,37,059,"North Carolina","Davie County",5,71,544,256,288
050,37,059,"North Carolina","Davie County",5,72,530,245,285
050,37,059,"North Carolina","Davie County",5,73,515,244,271
050,37,059,"North Carolina","Davie County",5,74,481,236,245
050,37,059,"North Carolina","Davie County",5,75,460,223,237
050,37,059,"North Carolina","Davie County",5,76,511,242,269
050,37,059,"North Carolina","Davie County",5,77,369,171,198
050,37,059,"North Carolina","Davie County",5,78,361,171,190
050,37,059,"North Carolina","Davie County",5,79,325,139,186
050,37,059,"North Carolina","Davie County",5,80,315,128,187
050,37,059,"North Carolina","Davie County",5,81,268,112,156
050,37,059,"North Carolina","Davie County",5,82,262,121,141
050,37,059,"North Carolina","Davie County",5,83,241,103,138
050,37,059,"North Carolina","Davie County",5,84,183,76,107
050,37,059,"North Carolina","Davie County",5,85,1164,433,731
050,37,061,"North Carolina","Duplin County",1,0,574,291,283
050,37,061,"North Carolina","Duplin County",1,1,586,279,307
050,37,061,"North Carolina","Duplin County",1,2,557,285,272
050,37,061,"North Carolina","Duplin County",1,3,586,308,278
050,37,061,"North Carolina","Duplin County",1,4,622,316,306
050,37,061,"North Carolina","Duplin County",1,5,611,325,286
050,37,061,"North Carolina","Duplin County",1,6,641,353,288
050,37,061,"North Carolina","Duplin County",1,7,633,314,319
050,37,061,"North Carolina","Duplin County",1,8,618,305,313
050,37,061,"North Carolina","Duplin County",1,9,633,332,301
050,37,061,"North Carolina","Duplin County",1,10,660,325,335
050,37,061,"North Carolina","Duplin County",1,11,680,348,332
050,37,061,"North Carolina","Duplin County",1,12,722,363,359
050,37,061,"North Carolina","Duplin County",1,13,734,368,366
050,37,061,"North Carolina","Duplin County",1,14,704,388,316
050,37,061,"North Carolina","Duplin County",1,15,693,363,330
050,37,061,"North Carolina","Duplin County",1,16,660,350,310
050,37,061,"North Carolina","Duplin County",1,17,687,382,305
050,37,061,"North Carolina","Duplin County",1,18,630,349,281
050,37,061,"North Carolina","Duplin County",1,19,552,299,253
050,37,061,"North Carolina","Duplin County",1,20,581,310,271
050,37,061,"North Carolina","Duplin County",1,21,553,278,275
050,37,061,"North Carolina","Duplin County",1,22,563,286,277
050,37,061,"North Carolina","Duplin County",1,23,564,298,266
050,37,061,"North Carolina","Duplin County",1,24,516,257,259
050,37,061,"North Carolina","Duplin County",1,25,517,260,257
050,37,061,"North Carolina","Duplin County",1,26,542,268,274
050,37,061,"North Carolina","Duplin County",1,27,528,277,251
050,37,061,"North Carolina","Duplin County",1,28,568,286,282
050,37,061,"North Carolina","Duplin County",1,29,589,281,308
050,37,061,"North Carolina","Duplin County",1,30,560,278,282
050,37,061,"North Carolina","Duplin County",1,31,570,275,295
050,37,061,"North Carolina","Duplin County",1,32,520,253,267
050,37,061,"North Carolina","Duplin County",1,33,516,256,260
050,37,061,"North Carolina","Duplin County",1,34,485,236,249
050,37,061,"North Carolina","Duplin County",1,35,545,271,274
050,37,061,"North Carolina","Duplin County",1,36,533,262,271
050,37,061,"North Carolina","Duplin County",1,37,525,253,272
050,37,061,"North Carolina","Duplin County",1,38,538,266,272
050,37,061,"North Carolina","Duplin County",1,39,556,295,261
050,37,061,"North Carolina","Duplin County",1,40,572,295,277
050,37,061,"North Carolina","Duplin County",1,41,515,246,269
050,37,061,"North Carolina","Duplin County",1,42,564,277,287
050,37,061,"North Carolina","Duplin County",1,43,575,293,282
050,37,061,"North Carolina","Duplin County",1,44,558,288,270
050,37,061,"North Carolina","Duplin County",1,45,583,300,283
050,37,061,"North Carolina","Duplin County",1,46,586,290,296
050,37,061,"North Carolina","Duplin County",1,47,596,308,288
050,37,061,"North Carolina","Duplin County",1,48,634,308,326
050,37,061,"North Carolina","Duplin County",1,49,631,292,339
050,37,061,"North Carolina","Duplin County",1,50,621,302,319
050,37,061,"North Carolina","Duplin County",1,51,602,296,306
050,37,061,"North Carolina","Duplin County",1,52,581,294,287
050,37,061,"North Carolina","Duplin County",1,53,590,297,293
050,37,061,"North Carolina","Duplin County",1,54,594,283,311
050,37,061,"North Carolina","Duplin County",1,55,646,322,324
050,37,061,"North Carolina","Duplin County",1,56,675,329,346
050,37,061,"North Carolina","Duplin County",1,57,704,326,378
050,37,061,"North Carolina","Duplin County",1,58,692,339,353
050,37,061,"North Carolina","Duplin County",1,59,699,342,357
050,37,061,"North Carolina","Duplin County",1,60,690,352,338
050,37,061,"North Carolina","Duplin County",1,61,666,325,341
050,37,061,"North Carolina","Duplin County",1,62,676,328,348
050,37,061,"North Carolina","Duplin County",1,63,656,298,358
050,37,061,"North Carolina","Duplin County",1,64,654,299,355
050,37,061,"North Carolina","Duplin County",1,65,653,306,347
050,37,061,"North Carolina","Duplin County",1,66,647,296,351
050,37,061,"North Carolina","Duplin County",1,67,618,294,324
050,37,061,"North Carolina","Duplin County",1,68,591,293,298
050,37,061,"North Carolina","Duplin County",1,69,545,270,275
050,37,061,"North Carolina","Duplin County",1,70,525,256,269
050,37,061,"North Carolina","Duplin County",1,71,571,275,296
050,37,061,"North Carolina","Duplin County",1,72,563,258,305
050,37,061,"North Carolina","Duplin County",1,73,543,247,296
050,37,061,"North Carolina","Duplin County",1,74,410,199,211
050,37,061,"North Carolina","Duplin County",1,75,385,189,196
050,37,061,"North Carolina","Duplin County",1,76,361,172,189
050,37,061,"North Carolina","Duplin County",1,77,350,159,191
050,37,061,"North Carolina","Duplin County",1,78,301,123,178
050,37,061,"North Carolina","Duplin County",1,79,266,120,146
050,37,061,"North Carolina","Duplin County",1,80,247,106,141
050,37,061,"North Carolina","Duplin County",1,81,225,98,127
050,37,061,"North Carolina","Duplin County",1,82,211,91,120
050,37,061,"North Carolina","Duplin County",1,83,193,84,109
050,37,061,"North Carolina","Duplin County",1,84,186,79,107
050,37,061,"North Carolina","Duplin County",1,85,1100,366,734
050,37,061,"North Carolina","Duplin County",2,0,609,303,306
050,37,061,"North Carolina","Duplin County",2,1,585,283,302
050,37,061,"North Carolina","Duplin County",2,2,560,285,275
050,37,061,"North Carolina","Duplin County",2,3,574,300,274
050,37,061,"North Carolina","Duplin County",2,4,612,314,298
050,37,061,"North Carolina","Duplin County",2,5,615,324,291
050,37,061,"North Carolina","Duplin County",2,6,639,348,291
050,37,061,"North Carolina","Duplin County",2,7,635,323,312
050,37,061,"North Carolina","Duplin County",2,8,622,307,315
050,37,061,"North Carolina","Duplin County",2,9,625,323,302
050,37,061,"North Carolina","Duplin County",2,10,647,323,324
050,37,061,"North Carolina","Duplin County",2,11,669,341,328
050,37,061,"North Carolina","Duplin County",2,12,719,363,356
050,37,061,"North Carolina","Duplin County",2,13,727,367,360
050,37,061,"North Carolina","Duplin County",2,14,714,385,329
050,37,061,"North Carolina","Duplin County",2,15,694,367,327
050,37,061,"North Carolina","Duplin County",2,16,668,352,316
050,37,061,"North Carolina","Duplin County",2,17,679,371,308
050,37,061,"North Carolina","Duplin County",2,18,620,344,276
050,37,061,"North Carolina","Duplin County",2,19,557,302,255
050,37,061,"North Carolina","Duplin County",2,20,587,313,274
050,37,061,"North Carolina","Duplin County",2,21,564,288,276
050,37,061,"North Carolina","Duplin County",2,22,565,288,277
050,37,061,"North Carolina","Duplin County",2,23,565,295,270
050,37,061,"North Carolina","Duplin County",2,24,528,265,263
050,37,061,"North Carolina","Duplin County",2,25,522,261,261
050,37,061,"North Carolina","Duplin County",2,26,541,271,270
050,37,061,"North Carolina","Duplin County",2,27,534,276,258
050,37,061,"North Carolina","Duplin County",2,28,564,288,276
050,37,061,"North Carolina","Duplin County",2,29,575,278,297
050,37,061,"North Carolina","Duplin County",2,30,571,282,289
050,37,061,"North Carolina","Duplin County",2,31,563,274,289
050,37,061,"North Carolina","Duplin County",2,32,530,260,270
050,37,061,"North Carolina","Duplin County",2,33,515,256,259
050,37,061,"North Carolina","Duplin County",2,34,490,241,249
050,37,061,"North Carolina","Duplin County",2,35,536,268,268
050,37,061,"North Carolina","Duplin County",2,36,528,260,268
050,37,061,"North Carolina","Duplin County",2,37,527,256,271
050,37,061,"North Carolina","Duplin County",2,38,532,263,269
050,37,061,"North Carolina","Duplin County",2,39,546,286,260
050,37,061,"North Carolina","Duplin County",2,40,570,294,276
050,37,061,"North Carolina","Duplin County",2,41,526,257,269
050,37,061,"North Carolina","Duplin County",2,42,545,267,278
050,37,061,"North Carolina","Duplin County",2,43,574,292,282
050,37,061,"North Carolina","Duplin County",2,44,559,288,271
050,37,061,"North Carolina","Duplin County",2,45,579,298,281
050,37,061,"North Carolina","Duplin County",2,46,581,291,290
050,37,061,"North Carolina","Duplin County",2,47,592,305,287
050,37,061,"North Carolina","Duplin County",2,48,622,305,317
050,37,061,"North Carolina","Duplin County",2,49,631,297,334
050,37,061,"North Carolina","Duplin County",2,50,626,299,327
050,37,061,"North Carolina","Duplin County",2,51,602,292,310
050,37,061,"North Carolina","Duplin County",2,52,586,295,291
050,37,061,"North Carolina","Duplin County",2,53,585,295,290
050,37,061,"North Carolina","Duplin County",2,54,593,287,306
050,37,061,"North Carolina","Duplin County",2,55,631,312,319
050,37,061,"North Carolina","Duplin County",2,56,674,330,344
050,37,061,"North Carolina","Duplin County",2,57,690,324,366
050,37,061,"North Carolina","Duplin County",2,58,693,335,358
050,37,061,"North Carolina","Duplin County",2,59,698,342,356
050,37,061,"North Carolina","Duplin County",2,60,690,347,343
050,37,061,"North Carolina","Duplin County",2,61,669,330,339
050,37,061,"North Carolina","Duplin County",2,62,665,325,340
050,37,061,"North Carolina","Duplin County",2,63,665,308,357
050,37,061,"North Carolina","Duplin County",2,64,648,293,355
050,37,061,"North Carolina","Duplin County",2,65,653,304,349
050,37,061,"North Carolina","Duplin County",2,66,645,297,348
050,37,061,"North Carolina","Duplin County",2,67,620,293,327
050,37,061,"North Carolina","Duplin County",2,68,585,289,296
050,37,061,"North Carolina","Duplin County",2,69,559,275,284
050,37,061,"North Carolina","Duplin County",2,70,526,258,268
050,37,061,"North Carolina","Duplin County",2,71,562,273,289
050,37,061,"North Carolina","Duplin County",2,72,555,256,299
050,37,061,"North Carolina","Duplin County",2,73,566,260,306
050,37,061,"North Carolina","Duplin County",2,74,415,196,219
050,37,061,"North Carolina","Duplin County",2,75,389,189,200
050,37,061,"North Carolina","Duplin County",2,76,357,171,186
050,37,061,"North Carolina","Duplin County",2,77,353,163,190
050,37,061,"North Carolina","Duplin County",2,78,302,130,172
050,37,061,"North Carolina","Duplin County",2,79,271,118,153
050,37,061,"North Carolina","Duplin County",2,80,248,109,139
050,37,061,"North Carolina","Duplin County",2,81,222,97,125
050,37,061,"North Carolina","Duplin County",2,82,214,91,123
050,37,061,"North Carolina","Duplin County",2,83,194,84,110
050,37,061,"North Carolina","Duplin County",2,84,185,80,105
050,37,061,"North Carolina","Duplin County",2,85,1090,362,728
050,37,061,"North Carolina","Duplin County",3,0,669,352,317
050,37,061,"North Carolina","Duplin County",3,1,590,289,301
050,37,061,"North Carolina","Duplin County",3,2,574,280,294
050,37,061,"North Carolina","Duplin County",3,3,564,284,280
050,37,061,"North Carolina","Duplin County",3,4,566,287,279
050,37,061,"North Carolina","Duplin County",3,5,623,324,299
050,37,061,"North Carolina","Duplin County",3,6,626,330,296
050,37,061,"North Carolina","Duplin County",3,7,656,352,304
050,37,061,"North Carolina","Duplin County",3,8,647,330,317
050,37,061,"North Carolina","Duplin County",3,9,609,297,312
050,37,061,"North Carolina","Duplin County",3,10,601,308,293
050,37,061,"North Carolina","Duplin County",3,11,639,318,321
050,37,061,"North Carolina","Duplin County",3,12,680,348,332
050,37,061,"North Carolina","Duplin County",3,13,727,370,357
050,37,061,"North Carolina","Duplin County",3,14,744,367,377
050,37,061,"North Carolina","Duplin County",3,15,724,393,331
050,37,061,"North Carolina","Duplin County",3,16,692,369,323
050,37,061,"North Carolina","Duplin County",3,17,676,358,318
050,37,061,"North Carolina","Duplin County",3,18,608,343,265
050,37,061,"North Carolina","Duplin County",3,19,540,301,239
050,37,061,"North Carolina","Duplin County",3,20,577,310,267
050,37,061,"North Carolina","Duplin County",3,21,611,325,286
050,37,061,"North Carolina","Duplin County",3,22,590,291,299
050,37,061,"North Carolina","Duplin County",3,23,575,296,279
050,37,061,"North Carolina","Duplin County",3,24,540,287,253
050,37,061,"North Carolina","Duplin County",3,25,531,275,256
050,37,061,"North Carolina","Duplin County",3,26,506,244,262
050,37,061,"North Carolina","Duplin County",3,27,535,267,268
050,37,061,"North Carolina","Duplin County",3,28,531,260,271
050,37,061,"North Carolina","Duplin County",3,29,537,278,259
050,37,061,"North Carolina","Duplin County",3,30,572,274,298
050,37,061,"North Carolina","Duplin County",3,31,569,280,289
050,37,061,"North Carolina","Duplin County",3,32,572,272,300
050,37,061,"North Carolina","Duplin County",3,33,527,258,269
050,37,061,"North Carolina","Duplin County",3,34,501,242,259
050,37,061,"North Carolina","Duplin County",3,35,518,250,268
050,37,061,"North Carolina","Duplin County",3,36,525,260,265
050,37,061,"North Carolina","Duplin County",3,37,532,262,270
050,37,061,"North Carolina","Duplin County",3,38,529,265,264
050,37,061,"North Carolina","Duplin County",3,39,535,266,269
050,37,061,"North Carolina","Duplin County",3,40,535,283,252
050,37,061,"North Carolina","Duplin County",3,41,566,291,275
050,37,061,"North Carolina","Duplin County",3,42,534,259,275
050,37,061,"North Carolina","Duplin County",3,43,551,273,278
050,37,061,"North Carolina","Duplin County",3,44,564,289,275
050,37,061,"North Carolina","Duplin County",3,45,551,283,268
050,37,061,"North Carolina","Duplin County",3,46,567,292,275
050,37,061,"North Carolina","Duplin County",3,47,601,297,304
050,37,061,"North Carolina","Duplin County",3,48,590,299,291
050,37,061,"North Carolina","Duplin County",3,49,611,297,314
050,37,061,"North Carolina","Duplin County",3,50,641,306,335
050,37,061,"North Carolina","Duplin County",3,51,625,296,329
050,37,061,"North Carolina","Duplin County",3,52,586,291,295
050,37,061,"North Carolina","Duplin County",3,53,593,293,300
050,37,061,"North Carolina","Duplin County",3,54,580,301,279
050,37,061,"North Carolina","Duplin County",3,55,583,282,301
050,37,061,"North Carolina","Duplin County",3,56,632,305,327
050,37,061,"North Carolina","Duplin County",3,57,663,315,348
050,37,061,"North Carolina","Duplin County",3,58,685,320,365
050,37,061,"North Carolina","Duplin County",3,59,683,332,351
050,37,061,"North Carolina","Duplin County",3,60,679,339,340
050,37,061,"North Carolina","Duplin County",3,61,684,342,342
050,37,061,"North Carolina","Duplin County",3,62,678,337,341
050,37,061,"North Carolina","Duplin County",3,63,660,322,338
050,37,061,"North Carolina","Duplin County",3,64,647,298,349
050,37,061,"North Carolina","Duplin County",3,65,652,302,350
050,37,061,"North Carolina","Duplin County",3,66,636,291,345
050,37,061,"North Carolina","Duplin County",3,67,624,283,341
050,37,061,"North Carolina","Duplin County",3,68,612,292,320
050,37,061,"North Carolina","Duplin County",3,69,565,276,289
050,37,061,"North Carolina","Duplin County",3,70,541,264,277
050,37,061,"North Carolina","Duplin County",3,71,509,254,255
050,37,061,"North Carolina","Duplin County",3,72,541,254,287
050,37,061,"North Carolina","Duplin County",3,73,531,248,283
050,37,061,"North Carolina","Duplin County",3,74,550,248,302
050,37,061,"North Carolina","Duplin County",3,75,398,181,217
050,37,061,"North Carolina","Duplin County",3,76,367,180,187
050,37,061,"North Carolina","Duplin County",3,77,335,156,179
050,37,061,"North Carolina","Duplin County",3,78,332,156,176
050,37,061,"North Carolina","Duplin County",3,79,299,123,176
050,37,061,"North Carolina","Duplin County",3,80,245,107,138
050,37,061,"North Carolina","Duplin County",3,81,226,101,125
050,37,061,"North Carolina","Duplin County",3,82,208,86,122
050,37,061,"North Carolina","Duplin County",3,83,197,82,115
050,37,061,"North Carolina","Duplin County",3,84,177,79,98
050,37,061,"North Carolina","Duplin County",3,85,1056,358,698
050,37,061,"North Carolina","Duplin County",4,0,724,383,341
050,37,061,"North Carolina","Duplin County",4,1,652,337,315
050,37,061,"North Carolina","Duplin County",4,2,621,310,311
050,37,061,"North Carolina","Duplin County",4,3,585,280,305
050,37,061,"North Carolina","Duplin County",4,4,564,280,284
050,37,061,"North Carolina","Duplin County",4,5,578,291,287
050,37,061,"North Carolina","Duplin County",4,6,619,325,294
050,37,061,"North Carolina","Duplin County",4,7,622,335,287
050,37,061,"North Carolina","Duplin County",4,8,660,358,302
050,37,061,"North Carolina","Duplin County",4,9,645,337,308
050,37,061,"North Carolina","Duplin County",4,10,608,295,313
050,37,061,"North Carolina","Duplin County",4,11,615,319,296
050,37,061,"North Carolina","Duplin County",4,12,645,329,316
050,37,061,"North Carolina","Duplin County",4,13,685,349,336
050,37,061,"North Carolina","Duplin County",4,14,721,370,351
050,37,061,"North Carolina","Duplin County",4,15,742,370,372
050,37,061,"North Carolina","Duplin County",4,16,720,388,332
050,37,061,"North Carolina","Duplin County",4,17,720,382,338
050,37,061,"North Carolina","Duplin County",4,18,603,329,274
050,37,061,"North Carolina","Duplin County",4,19,523,294,229
050,37,061,"North Carolina","Duplin County",4,20,560,309,251
050,37,061,"North Carolina","Duplin County",4,21,597,311,286
050,37,061,"North Carolina","Duplin County",4,22,642,332,310
050,37,061,"North Carolina","Duplin County",4,23,638,308,330
050,37,061,"North Carolina","Duplin County",4,24,573,299,274
050,37,061,"North Carolina","Duplin County",4,25,558,295,263
050,37,061,"North Carolina","Duplin County",4,26,529,278,251
050,37,061,"North Carolina","Duplin County",4,27,525,258,267
050,37,061,"North Carolina","Duplin County",4,28,551,276,275
050,37,061,"North Carolina","Duplin County",4,29,519,257,262
050,37,061,"North Carolina","Duplin County",4,30,556,284,272
050,37,061,"North Carolina","Duplin County",4,31,576,275,301
050,37,061,"North Carolina","Duplin County",4,32,592,283,309
050,37,061,"North Carolina","Duplin County",4,33,587,261,326
050,37,061,"North Carolina","Duplin County",4,34,531,254,277
050,37,061,"North Carolina","Duplin County",4,35,519,263,256
050,37,061,"North Carolina","Duplin County",4,36,505,244,261
050,37,061,"North Carolina","Duplin County",4,37,517,260,257
050,37,061,"North Carolina","Duplin County",4,38,526,269,257
050,37,061,"North Carolina","Duplin County",4,39,537,277,260
050,37,061,"North Carolina","Duplin County",4,40,525,243,282
050,37,061,"North Carolina","Duplin County",4,41,539,284,255
050,37,061,"North Carolina","Duplin County",4,42,549,285,264
050,37,061,"North Carolina","Duplin County",4,43,526,255,271
050,37,061,"North Carolina","Duplin County",4,44,554,278,276
050,37,061,"North Carolina","Duplin County",4,45,567,295,272
050,37,061,"North Carolina","Duplin County",4,46,546,276,270
050,37,061,"North Carolina","Duplin County",4,47,587,307,280
050,37,061,"North Carolina","Duplin County",4,48,608,294,314
050,37,061,"North Carolina","Duplin County",4,49,591,301,290
050,37,061,"North Carolina","Duplin County",4,50,606,299,307
050,37,061,"North Carolina","Duplin County",4,51,651,307,344
050,37,061,"North Carolina","Duplin County",4,52,631,299,332
050,37,061,"North Carolina","Duplin County",4,53,564,279,285
050,37,061,"North Carolina","Duplin County",4,54,604,299,305
050,37,061,"North Carolina","Duplin County",4,55,590,312,278
050,37,061,"North Carolina","Duplin County",4,56,608,293,315
050,37,061,"North Carolina","Duplin County",4,57,618,291,327
050,37,061,"North Carolina","Duplin County",4,58,665,311,354
050,37,061,"North Carolina","Duplin County",4,59,686,324,362
050,37,061,"North Carolina","Duplin County",4,60,679,326,353
050,37,061,"North Carolina","Duplin County",4,61,674,334,340
050,37,061,"North Carolina","Duplin County",4,62,685,340,345
050,37,061,"North Carolina","Duplin County",4,63,676,334,342
050,37,061,"North Carolina","Duplin County",4,64,654,312,342
050,37,061,"North Carolina","Duplin County",4,65,633,301,332
050,37,061,"North Carolina","Duplin County",4,66,634,285,349
050,37,061,"North Carolina","Duplin County",4,67,623,284,339
050,37,061,"North Carolina","Duplin County",4,68,604,277,327
050,37,061,"North Carolina","Duplin County",4,69,599,283,316
050,37,061,"North Carolina","Duplin County",4,70,562,269,293
050,37,061,"North Carolina","Duplin County",4,71,537,265,272
050,37,061,"North Carolina","Duplin County",4,72,491,241,250
050,37,061,"North Carolina","Duplin County",4,73,521,247,274
050,37,061,"North Carolina","Duplin County",4,74,521,239,282
050,37,061,"North Carolina","Duplin County",4,75,531,236,295
050,37,061,"North Carolina","Duplin County",4,76,380,171,209
050,37,061,"North Carolina","Duplin County",4,77,352,168,184
050,37,061,"North Carolina","Duplin County",4,78,322,152,170
050,37,061,"North Carolina","Duplin County",4,79,334,156,178
050,37,061,"North Carolina","Duplin County",4,80,276,114,162
050,37,061,"North Carolina","Duplin County",4,81,227,97,130
050,37,061,"North Carolina","Duplin County",4,82,214,91,123
050,37,061,"North Carolina","Duplin County",4,83,176,74,102
050,37,061,"North Carolina","Duplin County",4,84,182,74,108
050,37,061,"North Carolina","Duplin County",4,85,1042,358,684
050,37,061,"North Carolina","Duplin County",5,0,717,378,339
050,37,061,"North Carolina","Duplin County",5,1,728,364,364
050,37,061,"North Carolina","Duplin County",5,2,666,341,325
050,37,061,"North Carolina","Duplin County",5,3,622,312,310
050,37,061,"North Carolina","Duplin County",5,4,611,290,321
050,37,061,"North Carolina","Duplin County",5,5,584,285,299
050,37,061,"North Carolina","Duplin County",5,6,593,301,292
050,37,061,"North Carolina","Duplin County",5,7,618,330,288
050,37,061,"North Carolina","Duplin County",5,8,631,337,294
050,37,061,"North Carolina","Duplin County",5,9,655,354,301
050,37,061,"North Carolina","Duplin County",5,10,637,334,303
050,37,061,"North Carolina","Duplin County",5,11,609,298,311
050,37,061,"North Carolina","Duplin County",5,12,617,320,297
050,37,061,"North Carolina","Duplin County",5,13,627,318,309
050,37,061,"North Carolina","Duplin County",5,14,689,351,338
050,37,061,"North Carolina","Duplin County",5,15,729,370,359
050,37,061,"North Carolina","Duplin County",5,16,744,369,375
050,37,061,"North Carolina","Duplin County",5,17,760,416,344
050,37,061,"North Carolina","Duplin County",5,18,633,345,288
050,37,061,"North Carolina","Duplin County",5,19,522,284,238
050,37,061,"North Carolina","Duplin County",5,20,564,316,248
050,37,061,"North Carolina","Duplin County",5,21,595,324,271
050,37,061,"North Carolina","Duplin County",5,22,629,315,314
050,37,061,"North Carolina","Duplin County",5,23,680,349,331
050,37,061,"North Carolina","Duplin County",5,24,622,295,327
050,37,061,"North Carolina","Duplin County",5,25,586,303,283
050,37,061,"North Carolina","Duplin County",5,26,559,296,263
050,37,061,"North Carolina","Duplin County",5,27,542,285,257
050,37,061,"North Carolina","Duplin County",5,28,535,260,275
050,37,061,"North Carolina","Duplin County",5,29,529,258,271
050,37,061,"North Carolina","Duplin County",5,30,532,266,266
050,37,061,"North Carolina","Duplin County",5,31,567,293,274
050,37,061,"North Carolina","Duplin County",5,32,590,283,307
050,37,061,"North Carolina","Duplin County",5,33,622,292,330
050,37,061,"North Carolina","Duplin County",5,34,586,254,332
050,37,061,"North Carolina","Duplin County",5,35,559,268,291
050,37,061,"North Carolina","Duplin County",5,36,546,276,270
050,37,061,"North Carolina","Duplin County",5,37,523,254,269
050,37,061,"North Carolina","Duplin County",5,38,526,261,265
050,37,061,"North Carolina","Duplin County",5,39,543,265,278
050,37,061,"North Carolina","Duplin County",5,40,539,266,273
050,37,061,"North Carolina","Duplin County",5,41,530,241,289
050,37,061,"North Carolina","Duplin County",5,42,534,279,255
050,37,061,"North Carolina","Duplin County",5,43,549,280,269
050,37,061,"North Carolina","Duplin County",5,44,532,262,270
050,37,061,"North Carolina","Duplin County",5,45,557,277,280
050,37,061,"North Carolina","Duplin County",5,46,552,277,275
050,37,061,"North Carolina","Duplin County",5,47,568,289,279
050,37,061,"North Carolina","Duplin County",5,48,601,310,291
050,37,061,"North Carolina","Duplin County",5,49,601,298,303
050,37,061,"North Carolina","Duplin County",5,50,600,307,293
050,37,061,"North Carolina","Duplin County",5,51,610,304,306
050,37,061,"North Carolina","Duplin County",5,52,656,316,340
050,37,061,"North Carolina","Duplin County",5,53,613,289,324
050,37,061,"North Carolina","Duplin County",5,54,566,282,284
050,37,061,"North Carolina","Duplin County",5,55,597,295,302
050,37,061,"North Carolina","Duplin County",5,56,608,325,283
050,37,061,"North Carolina","Duplin County",5,57,599,286,313
050,37,061,"North Carolina","Duplin County",5,58,623,293,330
050,37,061,"North Carolina","Duplin County",5,59,662,310,352
050,37,061,"North Carolina","Duplin County",5,60,680,322,358
050,37,061,"North Carolina","Duplin County",5,61,673,323,350
050,37,061,"North Carolina","Duplin County",5,62,696,344,352
050,37,061,"North Carolina","Duplin County",5,63,679,342,337
050,37,061,"North Carolina","Duplin County",5,64,670,321,349
050,37,061,"North Carolina","Duplin County",5,65,654,315,339
050,37,061,"North Carolina","Duplin County",5,66,631,296,335
050,37,061,"North Carolina","Duplin County",5,67,635,287,348
050,37,061,"North Carolina","Duplin County",5,68,619,281,338
050,37,061,"North Carolina","Duplin County",5,69,603,269,334
050,37,061,"North Carolina","Duplin County",5,70,586,278,308
050,37,061,"North Carolina","Duplin County",5,71,554,270,284
050,37,061,"North Carolina","Duplin County",5,72,520,255,265
050,37,061,"North Carolina","Duplin County",5,73,469,234,235
050,37,061,"North Carolina","Duplin County",5,74,511,241,270
050,37,061,"North Carolina","Duplin County",5,75,514,234,280
050,37,061,"North Carolina","Duplin County",5,76,508,225,283
050,37,061,"North Carolina","Duplin County",5,77,368,162,206
050,37,061,"North Carolina","Duplin County",5,78,334,163,171
050,37,061,"North Carolina","Duplin County",5,79,323,149,174
050,37,061,"North Carolina","Duplin County",5,80,309,147,162
050,37,061,"North Carolina","Duplin County",5,81,258,105,153
050,37,061,"North Carolina","Duplin County",5,82,222,89,133
050,37,061,"North Carolina","Duplin County",5,83,189,80,109
050,37,061,"North Carolina","Duplin County",5,84,158,66,92
050,37,061,"North Carolina","Duplin County",5,85,1033,355,678
050,37,063,"North Carolina","Durham County",1,0,4212,2128,2084
050,37,063,"North Carolina","Durham County",1,1,4110,2065,2045
050,37,063,"North Carolina","Durham County",1,2,4001,2036,1965
050,37,063,"North Carolina","Durham County",1,3,3993,2080,1913
050,37,063,"North Carolina","Durham County",1,4,3974,2008,1966
050,37,063,"North Carolina","Durham County",1,5,3817,1924,1893
050,37,063,"North Carolina","Durham County",1,6,3738,1920,1818
050,37,063,"North Carolina","Durham County",1,7,3618,1875,1743
050,37,063,"North Carolina","Durham County",1,8,3613,1827,1786
050,37,063,"North Carolina","Durham County",1,9,3618,1802,1816
050,37,063,"North Carolina","Durham County",1,10,3671,1888,1783
050,37,063,"North Carolina","Durham County",1,11,3714,1902,1812
050,37,063,"North Carolina","Durham County",1,12,3807,1993,1814
050,37,063,"North Carolina","Durham County",1,13,3734,1900,1834
050,37,063,"North Carolina","Durham County",1,14,3536,1781,1755
050,37,063,"North Carolina","Durham County",1,15,3405,1721,1684
050,37,063,"North Carolina","Durham County",1,16,3387,1694,1693
050,37,063,"North Carolina","Durham County",1,17,3560,1752,1808
050,37,063,"North Carolina","Durham County",1,18,4764,2232,2532
050,37,063,"North Carolina","Durham County",1,19,5966,2914,3052
050,37,063,"North Carolina","Durham County",1,20,4860,2464,2396
050,37,063,"North Carolina","Durham County",1,21,4118,2045,2073
050,37,063,"North Carolina","Durham County",1,22,3852,1871,1981
050,37,063,"North Carolina","Durham County",1,23,4155,1956,2199
050,37,063,"North Carolina","Durham County",1,24,4704,2208,2496
050,37,063,"North Carolina","Durham County",1,25,5186,2445,2741
050,37,063,"North Carolina","Durham County",1,26,5617,2735,2882
050,37,063,"North Carolina","Durham County",1,27,5939,2800,3139
050,37,063,"North Carolina","Durham County",1,28,6166,2972,3194
050,37,063,"North Carolina","Durham County",1,29,6343,3075,3268
050,37,063,"North Carolina","Durham County",1,30,6359,3065,3294
050,37,063,"North Carolina","Durham County",1,31,6270,3067,3203
050,37,063,"North Carolina","Durham County",1,32,6065,2960,3105
050,37,063,"North Carolina","Durham County",1,33,5645,2762,2883
050,37,063,"North Carolina","Durham County",1,34,5463,2735,2728
050,37,063,"North Carolina","Durham County",1,35,5106,2515,2591
050,37,063,"North Carolina","Durham County",1,36,4878,2399,2479
050,37,063,"North Carolina","Durham County",1,37,4978,2436,2542
050,37,063,"North Carolina","Durham County",1,38,4813,2354,2459
050,37,063,"North Carolina","Durham County",1,39,4731,2315,2416
050,37,063,"North Carolina","Durham County",1,40,4744,2385,2359
050,37,063,"North Carolina","Durham County",1,41,4474,2259,2215
050,37,063,"North Carolina","Durham County",1,42,4238,2076,2162
050,37,063,"North Carolina","Durham County",1,43,4127,2002,2125
050,37,063,"North Carolina","Durham County",1,44,3963,1974,1989
050,37,063,"North Carolina","Durham County",1,45,3959,1895,2064
050,37,063,"North Carolina","Durham County",1,46,3808,1871,1937
050,37,063,"North Carolina","Durham County",1,47,3951,1922,2029
050,37,063,"North Carolina","Durham County",1,48,4144,2061,2083
050,37,063,"North Carolina","Durham County",1,49,4338,2092,2246
050,37,063,"North Carolina","Durham County",1,50,4025,1961,2064
050,37,063,"North Carolina","Durham County",1,51,3736,1833,1903
050,37,063,"North Carolina","Durham County",1,52,3724,1819,1905
050,37,063,"North Carolina","Durham County",1,53,3613,1748,1865
050,37,063,"North Carolina","Durham County",1,54,3524,1675,1849
050,37,063,"North Carolina","Durham County",1,55,3792,1772,2020
050,37,063,"North Carolina","Durham County",1,56,3789,1792,1997
050,37,063,"North Carolina","Durham County",1,57,3941,1861,2080
050,37,063,"North Carolina","Durham County",1,58,3880,1792,2088
050,37,063,"North Carolina","Durham County",1,59,3773,1751,2022
050,37,063,"North Carolina","Durham County",1,60,3605,1642,1963
050,37,063,"North Carolina","Durham County",1,61,3671,1654,2017
050,37,063,"North Carolina","Durham County",1,62,3684,1676,2008
050,37,063,"North Carolina","Durham County",1,63,3612,1645,1967
050,37,063,"North Carolina","Durham County",1,64,3568,1635,1933
050,37,063,"North Carolina","Durham County",1,65,3384,1540,1844
050,37,063,"North Carolina","Durham County",1,66,3191,1405,1786
050,37,063,"North Carolina","Durham County",1,67,3167,1348,1819
050,37,063,"North Carolina","Durham County",1,68,3127,1363,1764
050,37,063,"North Carolina","Durham County",1,69,2845,1234,1611
050,37,063,"North Carolina","Durham County",1,70,2727,1244,1483
050,37,063,"North Carolina","Durham County",1,71,2562,1159,1403
050,37,063,"North Carolina","Durham County",1,72,2488,1103,1385
050,37,063,"North Carolina","Durham County",1,73,2453,1091,1362
050,37,063,"North Carolina","Durham County",1,74,1719,747,972
050,37,063,"North Carolina","Durham County",1,75,1674,721,953
050,37,063,"North Carolina","Durham County",1,76,1600,684,916
050,37,063,"North Carolina","Durham County",1,77,1527,674,853
050,37,063,"North Carolina","Durham County",1,78,1278,541,737
050,37,063,"North Carolina","Durham County",1,79,1114,479,635
050,37,063,"North Carolina","Durham County",1,80,1017,407,610
050,37,063,"North Carolina","Durham County",1,81,920,375,545
050,37,063,"North Carolina","Durham County",1,82,850,357,493
050,37,063,"North Carolina","Durham County",1,83,767,330,437
050,37,063,"North Carolina","Durham County",1,84,708,307,401
050,37,063,"North Carolina","Durham County",1,85,4559,1538,3021
050,37,063,"North Carolina","Durham County",2,0,4122,2081,2041
050,37,063,"North Carolina","Durham County",2,1,4110,2059,2051
050,37,063,"North Carolina","Durham County",2,2,4001,2027,1974
050,37,063,"North Carolina","Durham County",2,3,3949,2044,1905
050,37,063,"North Carolina","Durham County",2,4,3947,2005,1942
050,37,063,"North Carolina","Durham County",2,5,3836,1942,1894
050,37,063,"North Carolina","Durham County",2,6,3731,1907,1824
050,37,063,"North Carolina","Durham County",2,7,3623,1872,1751
050,37,063,"North Carolina","Durham County",2,8,3587,1823,1764
050,37,063,"North Carolina","Durham County",2,9,3592,1798,1794
050,37,063,"North Carolina","Durham County",2,10,3632,1856,1776
050,37,063,"North Carolina","Durham County",2,11,3667,1879,1788
050,37,063,"North Carolina","Durham County",2,12,3796,1973,1823
050,37,063,"North Carolina","Durham County",2,13,3748,1915,1833
050,37,063,"North Carolina","Durham County",2,14,3573,1798,1775
050,37,063,"North Carolina","Durham County",2,15,3432,1733,1699
050,37,063,"North Carolina","Durham County",2,16,3399,1703,1696
050,37,063,"North Carolina","Durham County",2,17,3520,1737,1783
050,37,063,"North Carolina","Durham County",2,18,4716,2219,2497
050,37,063,"North Carolina","Durham County",2,19,5888,2861,3027
050,37,063,"North Carolina","Durham County",2,20,4874,2458,2416
050,37,063,"North Carolina","Durham County",2,21,4127,2049,2078
050,37,063,"North Carolina","Durham County",2,22,3911,1896,2015
050,37,063,"North Carolina","Durham County",2,23,4174,1967,2207
050,37,063,"North Carolina","Durham County",2,24,4687,2194,2493
050,37,063,"North Carolina","Durham County",2,25,5161,2442,2719
050,37,063,"North Carolina","Durham County",2,26,5594,2702,2892
050,37,063,"North Carolina","Durham County",2,27,5919,2815,3104
050,37,063,"North Carolina","Durham County",2,28,6165,2960,3205
050,37,063,"North Carolina","Durham County",2,29,6346,3076,3270
050,37,063,"North Carolina","Durham County",2,30,6399,3091,3308
050,37,063,"North Carolina","Durham County",2,31,6269,3060,3209
050,37,063,"North Carolina","Durham County",2,32,6077,2970,3107
050,37,063,"North Carolina","Durham County",2,33,5717,2794,2923
050,37,063,"North Carolina","Durham County",2,34,5485,2736,2749
050,37,063,"North Carolina","Durham County",2,35,5193,2571,2622
050,37,063,"North Carolina","Durham County",2,36,4888,2407,2481
050,37,063,"North Carolina","Durham County",2,37,4948,2420,2528
050,37,063,"North Carolina","Durham County",2,38,4870,2377,2493
050,37,063,"North Carolina","Durham County",2,39,4723,2309,2414
050,37,063,"North Carolina","Durham County",2,40,4771,2390,2381
050,37,063,"North Carolina","Durham County",2,41,4535,2295,2240
050,37,063,"North Carolina","Durham County",2,42,4256,2097,2159
050,37,063,"North Carolina","Durham County",2,43,4171,2023,2148
050,37,063,"North Carolina","Durham County",2,44,3975,1966,2009
050,37,063,"North Carolina","Durham County",2,45,3978,1922,2056
050,37,063,"North Carolina","Durham County",2,46,3825,1867,1958
050,37,063,"North Carolina","Durham County",2,47,3910,1904,2006
050,37,063,"North Carolina","Durham County",2,48,4098,2030,2068
050,37,063,"North Carolina","Durham County",2,49,4313,2094,2219
050,37,063,"North Carolina","Durham County",2,50,4103,1997,2106
050,37,063,"North Carolina","Durham County",2,51,3791,1856,1935
050,37,063,"North Carolina","Durham County",2,52,3726,1819,1907
050,37,063,"North Carolina","Durham County",2,53,3628,1757,1871
050,37,063,"North Carolina","Durham County",2,54,3551,1693,1858
050,37,063,"North Carolina","Durham County",2,55,3729,1741,1988
050,37,063,"North Carolina","Durham County",2,56,3819,1805,2014
050,37,063,"North Carolina","Durham County",2,57,3913,1847,2066
050,37,063,"North Carolina","Durham County",2,58,3888,1803,2085
050,37,063,"North Carolina","Durham County",2,59,3824,1775,2049
050,37,063,"North Carolina","Durham County",2,60,3642,1663,1979
050,37,063,"North Carolina","Durham County",2,61,3651,1648,2003
050,37,063,"North Carolina","Durham County",2,62,3670,1658,2012
050,37,063,"North Carolina","Durham County",2,63,3664,1668,1996
050,37,063,"North Carolina","Durham County",2,64,3566,1629,1937
050,37,063,"North Carolina","Durham County",2,65,3415,1552,1863
050,37,063,"North Carolina","Durham County",2,66,3246,1445,1801
050,37,063,"North Carolina","Durham County",2,67,3149,1343,1806
050,37,063,"North Carolina","Durham County",2,68,3116,1353,1763
050,37,063,"North Carolina","Durham County",2,69,2922,1265,1657
050,37,063,"North Carolina","Durham County",2,70,2750,1239,1511
050,37,063,"North Carolina","Durham County",2,71,2595,1172,1423
050,37,063,"North Carolina","Durham County",2,72,2465,1096,1369
050,37,063,"North Carolina","Durham County",2,73,2547,1132,1415
050,37,063,"North Carolina","Durham County",2,74,1791,783,1008
050,37,063,"North Carolina","Durham County",2,75,1695,729,966
050,37,063,"North Carolina","Durham County",2,76,1605,691,914
050,37,063,"North Carolina","Durham County",2,77,1561,676,885
050,37,063,"North Carolina","Durham County",2,78,1302,554,748
050,37,063,"North Carolina","Durham County",2,79,1123,482,641
050,37,063,"North Carolina","Durham County",2,80,1042,424,618
050,37,063,"North Carolina","Durham County",2,81,923,376,547
050,37,063,"North Carolina","Durham County",2,82,856,359,497
050,37,063,"North Carolina","Durham County",2,83,787,338,449
050,37,063,"North Carolina","Durham County",2,84,710,308,402
050,37,063,"North Carolina","Durham County",2,85,4574,1566,3008
050,37,063,"North Carolina","Durham County",3,0,4106,2069,2037
050,37,063,"North Carolina","Durham County",3,1,3943,1986,1957
050,37,063,"North Carolina","Durham County",3,2,3931,1980,1951
050,37,063,"North Carolina","Durham County",3,3,3823,1959,1864
050,37,063,"North Carolina","Durham County",3,4,3735,1920,1815
050,37,063,"North Carolina","Durham County",3,5,3811,1939,1872
050,37,063,"North Carolina","Durham County",3,6,3718,1883,1835
050,37,063,"North Carolina","Durham County",3,7,3582,1791,1791
050,37,063,"North Carolina","Durham County",3,8,3570,1835,1735
050,37,063,"North Carolina","Durham County",3,9,3490,1775,1715
050,37,063,"North Carolina","Durham County",3,10,3446,1717,1729
050,37,063,"North Carolina","Durham County",3,11,3564,1818,1746
050,37,063,"North Carolina","Durham County",3,12,3626,1853,1773
050,37,063,"North Carolina","Durham County",3,13,3728,1940,1788
050,37,063,"North Carolina","Durham County",3,14,3711,1908,1803
050,37,063,"North Carolina","Durham County",3,15,3514,1751,1763
050,37,063,"North Carolina","Durham County",3,16,3396,1727,1669
050,37,063,"North Carolina","Durham County",3,17,3425,1702,1723
050,37,063,"North Carolina","Durham County",3,18,5343,2506,2837
050,37,063,"North Carolina","Durham County",3,19,7133,3436,3697
050,37,063,"North Carolina","Durham County",3,20,5684,2828,2856
050,37,063,"North Carolina","Durham County",3,21,4560,2276,2284
050,37,063,"North Carolina","Durham County",3,22,3998,1950,2048
050,37,063,"North Carolina","Durham County",3,23,4386,2046,2340
050,37,063,"North Carolina","Durham County",3,24,4648,2171,2477
050,37,063,"North Carolina","Durham County",3,25,5079,2387,2692
050,37,063,"North Carolina","Durham County",3,26,5398,2561,2837
050,37,063,"North Carolina","Durham County",3,27,5841,2809,3032
050,37,063,"North Carolina","Durham County",3,28,6045,2859,3186
050,37,063,"North Carolina","Durham County",3,29,6384,3120,3264
050,37,063,"North Carolina","Durham County",3,30,6400,3164,3236
050,37,063,"North Carolina","Durham County",3,31,6388,3047,3341
050,37,063,"North Carolina","Durham County",3,32,6218,3082,3136
050,37,063,"North Carolina","Durham County",3,33,5888,2899,2989
050,37,063,"North Carolina","Durham County",3,34,5584,2720,2864
050,37,063,"North Carolina","Durham County",3,35,5384,2673,2711
050,37,063,"North Carolina","Durham County",3,36,5010,2461,2549
050,37,063,"North Carolina","Durham County",3,37,4809,2346,2463
050,37,063,"North Carolina","Durham County",3,38,4800,2314,2486
050,37,063,"North Carolina","Durham County",3,39,4736,2319,2417
050,37,063,"North Carolina","Durham County",3,40,4685,2307,2378
050,37,063,"North Carolina","Durham County",3,41,4699,2334,2365
050,37,063,"North Carolina","Durham County",3,42,4394,2177,2217
050,37,063,"North Carolina","Durham County",3,43,4167,2026,2141
050,37,063,"North Carolina","Durham County",3,44,4089,1970,2119
050,37,063,"North Carolina","Durham County",3,45,3924,1941,1983
050,37,063,"North Carolina","Durham County",3,46,3906,1887,2019
050,37,063,"North Carolina","Durham County",3,47,3782,1822,1960
050,37,063,"North Carolina","Durham County",3,48,3872,1873,1999
050,37,063,"North Carolina","Durham County",3,49,4022,1961,2061
050,37,063,"North Carolina","Durham County",3,50,4256,2078,2178
050,37,063,"North Carolina","Durham County",3,51,4072,1981,2091
050,37,063,"North Carolina","Durham County",3,52,3723,1806,1917
050,37,063,"North Carolina","Durham County",3,53,3720,1790,1930
050,37,063,"North Carolina","Durham County",3,54,3583,1743,1840
050,37,063,"North Carolina","Durham County",3,55,3536,1674,1862
050,37,063,"North Carolina","Durham County",3,56,3703,1738,1965
050,37,063,"North Carolina","Durham County",3,57,3832,1793,2039
050,37,063,"North Carolina","Durham County",3,58,3795,1797,1998
050,37,063,"North Carolina","Durham County",3,59,3922,1824,2098
050,37,063,"North Carolina","Durham County",3,60,3728,1692,2036
050,37,063,"North Carolina","Durham County",3,61,3623,1652,1971
050,37,063,"North Carolina","Durham County",3,62,3584,1616,1968
050,37,063,"North Carolina","Durham County",3,63,3642,1641,2001
050,37,063,"North Carolina","Durham County",3,64,3642,1629,2013
050,37,063,"North Carolina","Durham County",3,65,3501,1566,1935
050,37,063,"North Carolina","Durham County",3,66,3353,1509,1844
050,37,063,"North Carolina","Durham County",3,67,3185,1399,1786
050,37,063,"North Carolina","Durham County",3,68,3143,1341,1802
050,37,063,"North Carolina","Durham County",3,69,3078,1316,1762
050,37,063,"North Carolina","Durham County",3,70,2912,1269,1643
050,37,063,"North Carolina","Durham County",3,71,2680,1197,1483
050,37,063,"North Carolina","Durham County",3,72,2522,1142,1380
050,37,063,"North Carolina","Durham County",3,73,2418,1064,1354
050,37,063,"North Carolina","Durham County",3,74,2492,1106,1386
050,37,063,"North Carolina","Durham County",3,75,1771,772,999
050,37,063,"North Carolina","Durham County",3,76,1691,724,967
050,37,063,"North Carolina","Durham County",3,77,1574,658,916
050,37,063,"North Carolina","Durham County",3,78,1509,647,862
050,37,063,"North Carolina","Durham County",3,79,1264,543,721
050,37,063,"North Carolina","Durham County",3,80,1090,454,636
050,37,063,"North Carolina","Durham County",3,81,995,386,609
050,37,063,"North Carolina","Durham County",3,82,865,359,506
050,37,063,"North Carolina","Durham County",3,83,820,331,489
050,37,063,"North Carolina","Durham County",3,84,706,299,407
050,37,063,"North Carolina","Durham County",3,85,4544,1618,2926
050,37,063,"North Carolina","Durham County",4,0,4228,2185,2043
050,37,063,"North Carolina","Durham County",4,1,4022,1979,2043
050,37,063,"North Carolina","Durham County",4,2,3863,1945,1918
050,37,063,"North Carolina","Durham County",4,3,3790,1858,1932
050,37,063,"North Carolina","Durham County",4,4,3732,1886,1846
050,37,063,"North Carolina","Durham County",4,5,3626,1862,1764
050,37,063,"North Carolina","Durham County",4,6,3702,1870,1832
050,37,063,"North Carolina","Durham County",4,7,3568,1818,1750
050,37,063,"North Carolina","Durham County",4,8,3471,1741,1730
050,37,063,"North Carolina","Durham County",4,9,3472,1793,1679
050,37,063,"North Carolina","Durham County",4,10,3418,1740,1678
050,37,063,"North Carolina","Durham County",4,11,3381,1670,1711
050,37,063,"North Carolina","Durham County",4,12,3475,1785,1690
050,37,063,"North Carolina","Durham County",4,13,3565,1814,1751
050,37,063,"North Carolina","Durham County",4,14,3650,1898,1752
050,37,063,"North Carolina","Durham County",4,15,3703,1918,1785
050,37,063,"North Carolina","Durham County",4,16,3469,1749,1720
050,37,063,"North Carolina","Durham County",4,17,3449,1759,1690
050,37,063,"North Carolina","Durham County",4,18,5288,2498,2790
050,37,063,"North Carolina","Durham County",4,19,7229,3494,3735
050,37,063,"North Carolina","Durham County",4,20,5770,2884,2886
050,37,063,"North Carolina","Durham County",4,21,4705,2323,2382
050,37,063,"North Carolina","Durham County",4,22,4157,2058,2099
050,37,063,"North Carolina","Durham County",4,23,4398,2052,2346
050,37,063,"North Carolina","Durham County",4,24,5031,2332,2699
050,37,063,"North Carolina","Durham County",4,25,5094,2413,2681
050,37,063,"North Carolina","Durham County",4,26,5422,2543,2879
050,37,063,"North Carolina","Durham County",4,27,5769,2735,3034
050,37,063,"North Carolina","Durham County",4,28,5998,2912,3086
050,37,063,"North Carolina","Durham County",4,29,6253,2970,3283
050,37,063,"North Carolina","Durham County",4,30,6438,3114,3324
050,37,063,"North Carolina","Durham County",4,31,6456,3209,3247
050,37,063,"North Carolina","Durham County",4,32,6353,3021,3332
050,37,063,"North Carolina","Durham County",4,33,6011,2953,3058
050,37,063,"North Carolina","Durham County",4,34,5715,2820,2895
050,37,063,"North Carolina","Durham County",4,35,5539,2736,2803
050,37,063,"North Carolina","Durham County",4,36,5314,2669,2645
050,37,063,"North Carolina","Durham County",4,37,4913,2413,2500
050,37,063,"North Carolina","Durham County",4,38,4725,2313,2412
050,37,063,"North Carolina","Durham County",4,39,4720,2278,2442
050,37,063,"North Carolina","Durham County",4,40,4675,2311,2364
050,37,063,"North Carolina","Durham County",4,41,4626,2316,2310
050,37,063,"North Carolina","Durham County",4,42,4541,2231,2310
050,37,063,"North Carolina","Durham County",4,43,4271,2098,2173
050,37,063,"North Carolina","Durham County",4,44,4051,1988,2063
050,37,063,"North Carolina","Durham County",4,45,4054,1950,2104
050,37,063,"North Carolina","Durham County",4,46,3890,1933,1957
050,37,063,"North Carolina","Durham County",4,47,3826,1826,2000
050,37,063,"North Carolina","Durham County",4,48,3712,1799,1913
050,37,063,"North Carolina","Durham County",4,49,3802,1821,1981
050,37,063,"North Carolina","Durham County",4,50,4042,1963,2079
050,37,063,"North Carolina","Durham County",4,51,4246,2077,2169
050,37,063,"North Carolina","Durham County",4,52,4054,1945,2109
050,37,063,"North Carolina","Durham County",4,53,3709,1799,1910
050,37,063,"North Carolina","Durham County",4,54,3678,1772,1906
050,37,063,"North Carolina","Durham County",4,55,3588,1726,1862
050,37,063,"North Carolina","Durham County",4,56,3515,1660,1855
050,37,063,"North Carolina","Durham County",4,57,3735,1746,1989
050,37,063,"North Carolina","Durham County",4,58,3761,1736,2025
050,37,063,"North Carolina","Durham County",4,59,3766,1801,1965
050,37,063,"North Carolina","Durham County",4,60,3821,1751,2070
050,37,063,"North Carolina","Durham County",4,61,3723,1705,2018
050,37,063,"North Carolina","Durham County",4,62,3597,1626,1971
050,37,063,"North Carolina","Durham County",4,63,3587,1615,1972
050,37,063,"North Carolina","Durham County",4,64,3605,1608,1997
050,37,063,"North Carolina","Durham County",4,65,3591,1588,2003
050,37,063,"North Carolina","Durham County",4,66,3456,1537,1919
050,37,063,"North Carolina","Durham County",4,67,3318,1488,1830
050,37,063,"North Carolina","Durham County",4,68,3176,1409,1767
050,37,063,"North Carolina","Durham County",4,69,3103,1298,1805
050,37,063,"North Carolina","Durham County",4,70,3093,1333,1760
050,37,063,"North Carolina","Durham County",4,71,2912,1262,1650
050,37,063,"North Carolina","Durham County",4,72,2611,1170,1441
050,37,063,"North Carolina","Durham County",4,73,2481,1120,1361
050,37,063,"North Carolina","Durham County",4,74,2392,1056,1336
050,37,063,"North Carolina","Durham County",4,75,2446,1078,1368
050,37,063,"North Carolina","Durham County",4,76,1781,776,1005
050,37,063,"North Carolina","Durham County",4,77,1652,686,966
050,37,063,"North Carolina","Durham County",4,78,1546,640,906
050,37,063,"North Carolina","Durham County",4,79,1462,636,826
050,37,063,"North Carolina","Durham County",4,80,1272,531,741
050,37,063,"North Carolina","Durham County",4,81,1075,440,635
050,37,063,"North Carolina","Durham County",4,82,931,361,570
050,37,063,"North Carolina","Durham County",4,83,854,354,500
050,37,063,"North Carolina","Durham County",4,84,762,300,462
050,37,063,"North Carolina","Durham County",4,85,4621,1702,2919
050,37,063,"North Carolina","Durham County",5,0,4218,2179,2039
050,37,063,"North Carolina","Durham County",5,1,4123,2136,1987
050,37,063,"North Carolina","Durham County",5,2,3935,1954,1981
050,37,063,"North Carolina","Durham County",5,3,3795,1919,1876
050,37,063,"North Carolina","Durham County",5,4,3715,1809,1906
050,37,063,"North Carolina","Durham County",5,5,3642,1874,1768
050,37,063,"North Carolina","Durham County",5,6,3544,1804,1740
050,37,063,"North Carolina","Durham County",5,7,3602,1834,1768
050,37,063,"North Carolina","Durham County",5,8,3471,1773,1698
050,37,063,"North Carolina","Durham County",5,9,3398,1700,1698
050,37,063,"North Carolina","Durham County",5,10,3462,1782,1680
050,37,063,"North Carolina","Durham County",5,11,3389,1732,1657
050,37,063,"North Carolina","Durham County",5,12,3388,1697,1691
050,37,063,"North Carolina","Durham County",5,13,3414,1771,1643
050,37,063,"North Carolina","Durham County",5,14,3517,1786,1731
050,37,063,"North Carolina","Durham County",5,15,3607,1880,1727
050,37,063,"North Carolina","Durham County",5,16,3706,1939,1767
050,37,063,"North Carolina","Durham County",5,17,3508,1780,1728
050,37,063,"North Carolina","Durham County",5,18,5353,2575,2778
050,37,063,"North Carolina","Durham County",5,19,7150,3508,3642
050,37,063,"North Carolina","Durham County",5,20,5822,2927,2895
050,37,063,"North Carolina","Durham County",5,21,4711,2329,2382
050,37,063,"North Carolina","Durham County",5,22,4299,2087,2212
050,37,063,"North Carolina","Durham County",5,23,4580,2152,2428
050,37,063,"North Carolina","Durham County",5,24,4934,2294,2640
050,37,063,"North Carolina","Durham County",5,25,5377,2508,2869
050,37,063,"North Carolina","Durham County",5,26,5470,2619,2851
050,37,063,"North Carolina","Durham County",5,27,5757,2686,3071
050,37,063,"North Carolina","Durham County",5,28,5938,2842,3096
050,37,063,"North Carolina","Durham County",5,29,6235,3052,3183
050,37,063,"North Carolina","Durham County",5,30,6221,2990,3231
050,37,063,"North Carolina","Durham County",5,31,6459,3172,3287
050,37,063,"North Carolina","Durham County",5,32,6542,3313,3229
050,37,063,"North Carolina","Durham County",5,33,6258,2988,3270
050,37,063,"North Carolina","Durham County",5,34,5820,2919,2901
050,37,063,"North Carolina","Durham County",5,35,5678,2814,2864
050,37,063,"North Carolina","Durham County",5,36,5396,2668,2728
050,37,063,"North Carolina","Durham County",5,37,5285,2659,2626
050,37,063,"North Carolina","Durham County",5,38,4790,2361,2429
050,37,063,"North Carolina","Durham County",5,39,4653,2287,2366
050,37,063,"North Carolina","Durham County",5,40,4651,2270,2381
050,37,063,"North Carolina","Durham County",5,41,4620,2284,2336
050,37,063,"North Carolina","Durham County",5,42,4508,2216,2292
050,37,063,"North Carolina","Durham County",5,43,4490,2174,2316
050,37,063,"North Carolina","Durham County",5,44,4242,2129,2113
050,37,063,"North Carolina","Durham County",5,45,4055,1964,2091
050,37,063,"North Carolina","Durham County",5,46,4011,1925,2086
050,37,063,"North Carolina","Durham County",5,47,3855,1908,1947
050,37,063,"North Carolina","Durham County",5,48,3842,1849,1993
050,37,063,"North Carolina","Durham County",5,49,3708,1784,1924
050,37,063,"North Carolina","Durham County",5,50,3771,1816,1955
050,37,063,"North Carolina","Durham County",5,51,3999,1936,2063
050,37,063,"North Carolina","Durham County",5,52,4191,2034,2157
050,37,063,"North Carolina","Durham County",5,53,4045,1940,2105
050,37,063,"North Carolina","Durham County",5,54,3721,1815,1906
050,37,063,"North Carolina","Durham County",5,55,3643,1737,1906
050,37,063,"North Carolina","Durham County",5,56,3564,1744,1820
050,37,063,"North Carolina","Durham County",5,57,3524,1657,1867
050,37,063,"North Carolina","Durham County",5,58,3652,1698,1954
050,37,063,"North Carolina","Durham County",5,59,3748,1733,2015
050,37,063,"North Carolina","Durham County",5,60,3647,1717,1930
050,37,063,"North Carolina","Durham County",5,61,3796,1759,2037
050,37,063,"North Carolina","Durham County",5,62,3657,1648,2009
050,37,063,"North Carolina","Durham County",5,63,3550,1614,1936
050,37,063,"North Carolina","Durham County",5,64,3523,1566,1957
050,37,063,"North Carolina","Durham County",5,65,3550,1564,1986
050,37,063,"North Carolina","Durham County",5,66,3521,1582,1939
050,37,063,"North Carolina","Durham County",5,67,3384,1482,1902
050,37,063,"North Carolina","Durham County",5,68,3289,1485,1804
050,37,063,"North Carolina","Durham County",5,69,3147,1383,1764
050,37,063,"North Carolina","Durham County",5,70,3080,1310,1770
050,37,063,"North Carolina","Durham County",5,71,3055,1306,1749
050,37,063,"North Carolina","Durham County",5,72,2844,1241,1603
050,37,063,"North Carolina","Durham County",5,73,2559,1150,1409
050,37,063,"North Carolina","Durham County",5,74,2466,1100,1366
050,37,063,"North Carolina","Durham County",5,75,2369,1041,1328
050,37,063,"North Carolina","Durham County",5,76,2437,1067,1370
050,37,063,"North Carolina","Durham County",5,77,1742,738,1004
050,37,063,"North Carolina","Durham County",5,78,1628,670,958
050,37,063,"North Carolina","Durham County",5,79,1504,635,869
050,37,063,"North Carolina","Durham County",5,80,1437,619,818
050,37,063,"North Carolina","Durham County",5,81,1239,514,725
050,37,063,"North Carolina","Durham County",5,82,1004,412,592
050,37,063,"North Carolina","Durham County",5,83,899,347,552
050,37,063,"North Carolina","Durham County",5,84,799,334,465
050,37,063,"North Carolina","Durham County",5,85,4764,1809,2955
050,37,065,"North Carolina","Edgecombe County",1,0,549,280,269
050,37,065,"North Carolina","Edgecombe County",1,1,563,269,294
050,37,065,"North Carolina","Edgecombe County",1,2,585,311,274
050,37,065,"North Carolina","Edgecombe County",1,3,543,289,254
050,37,065,"North Carolina","Edgecombe County",1,4,573,289,284
050,37,065,"North Carolina","Edgecombe County",1,5,565,288,277
050,37,065,"North Carolina","Edgecombe County",1,6,562,282,280
050,37,065,"North Carolina","Edgecombe County",1,7,596,312,284
050,37,065,"North Carolina","Edgecombe County",1,8,632,323,309
050,37,065,"North Carolina","Edgecombe County",1,9,606,309,297
050,37,065,"North Carolina","Edgecombe County",1,10,658,336,322
050,37,065,"North Carolina","Edgecombe County",1,11,727,367,360
050,37,065,"North Carolina","Edgecombe County",1,12,690,366,324
050,37,065,"North Carolina","Edgecombe County",1,13,675,363,312
050,37,065,"North Carolina","Edgecombe County",1,14,645,338,307
050,37,065,"North Carolina","Edgecombe County",1,15,658,348,310
050,37,065,"North Carolina","Edgecombe County",1,16,674,356,318
050,37,065,"North Carolina","Edgecombe County",1,17,663,332,331
050,37,065,"North Carolina","Edgecombe County",1,18,599,292,307
050,37,065,"North Carolina","Edgecombe County",1,19,513,262,251
050,37,065,"North Carolina","Edgecombe County",1,20,521,267,254
050,37,065,"North Carolina","Edgecombe County",1,21,517,270,247
050,37,065,"North Carolina","Edgecombe County",1,22,546,264,282
050,37,065,"North Carolina","Edgecombe County",1,23,584,285,299
050,37,065,"North Carolina","Edgecombe County",1,24,573,298,275
050,37,065,"North Carolina","Edgecombe County",1,25,579,283,296
050,37,065,"North Carolina","Edgecombe County",1,26,618,265,353
050,37,065,"North Carolina","Edgecombe County",1,27,605,285,320
050,37,065,"North Carolina","Edgecombe County",1,28,609,293,316
050,37,065,"North Carolina","Edgecombe County",1,29,609,266,343
050,37,065,"North Carolina","Edgecombe County",1,30,605,273,332
050,37,065,"North Carolina","Edgecombe County",1,31,595,258,337
050,37,065,"North Carolina","Edgecombe County",1,32,586,253,333
050,37,065,"North Carolina","Edgecombe County",1,33,508,232,276
050,37,065,"North Carolina","Edgecombe County",1,34,485,223,262
050,37,065,"North Carolina","Edgecombe County",1,35,492,223,269
050,37,065,"North Carolina","Edgecombe County",1,36,478,223,255
050,37,065,"North Carolina","Edgecombe County",1,37,552,250,302
050,37,065,"North Carolina","Edgecombe County",1,38,545,255,290
050,37,065,"North Carolina","Edgecombe County",1,39,554,238,316
050,37,065,"North Carolina","Edgecombe County",1,40,560,246,314
050,37,065,"North Carolina","Edgecombe County",1,41,551,252,299
050,37,065,"North Carolina","Edgecombe County",1,42,524,256,268
050,37,065,"North Carolina","Edgecombe County",1,43,506,244,262
050,37,065,"North Carolina","Edgecombe County",1,44,517,251,266
050,37,065,"North Carolina","Edgecombe County",1,45,505,223,282
050,37,065,"North Carolina","Edgecombe County",1,46,499,217,282
050,37,065,"North Carolina","Edgecombe County",1,47,533,229,304
050,37,065,"North Carolina","Edgecombe County",1,48,585,257,328
050,37,065,"North Carolina","Edgecombe County",1,49,615,285,330
050,37,065,"North Carolina","Edgecombe County",1,50,591,278,313
050,37,065,"North Carolina","Edgecombe County",1,51,547,270,277
050,37,065,"North Carolina","Edgecombe County",1,52,549,255,294
050,37,065,"North Carolina","Edgecombe County",1,53,614,268,346
050,37,065,"North Carolina","Edgecombe County",1,54,618,285,333
050,37,065,"North Carolina","Edgecombe County",1,55,664,316,348
050,37,065,"North Carolina","Edgecombe County",1,56,704,327,377
050,37,065,"North Carolina","Edgecombe County",1,57,710,325,385
050,37,065,"North Carolina","Edgecombe County",1,58,749,347,402
050,37,065,"North Carolina","Edgecombe County",1,59,731,324,407
050,37,065,"North Carolina","Edgecombe County",1,60,745,344,401
050,37,065,"North Carolina","Edgecombe County",1,61,736,341,395
050,37,065,"North Carolina","Edgecombe County",1,62,731,321,410
050,37,065,"North Carolina","Edgecombe County",1,63,723,323,400
050,37,065,"North Carolina","Edgecombe County",1,64,722,314,408
050,37,065,"North Carolina","Edgecombe County",1,65,751,344,407
050,37,065,"North Carolina","Edgecombe County",1,66,724,326,398
050,37,065,"North Carolina","Edgecombe County",1,67,683,305,378
050,37,065,"North Carolina","Edgecombe County",1,68,669,294,375
050,37,065,"North Carolina","Edgecombe County",1,69,615,272,343
050,37,065,"North Carolina","Edgecombe County",1,70,594,266,328
050,37,065,"North Carolina","Edgecombe County",1,71,560,243,317
050,37,065,"North Carolina","Edgecombe County",1,72,556,245,311
050,37,065,"North Carolina","Edgecombe County",1,73,534,235,299
050,37,065,"North Carolina","Edgecombe County",1,74,419,183,236
050,37,065,"North Carolina","Edgecombe County",1,75,411,176,235
050,37,065,"North Carolina","Edgecombe County",1,76,396,169,227
050,37,065,"North Carolina","Edgecombe County",1,77,372,156,216
050,37,065,"North Carolina","Edgecombe County",1,78,293,121,172
050,37,065,"North Carolina","Edgecombe County",1,79,268,106,162
050,37,065,"North Carolina","Edgecombe County",1,80,230,98,132
050,37,065,"North Carolina","Edgecombe County",1,81,229,100,129
050,37,065,"North Carolina","Edgecombe County",1,82,241,97,144
050,37,065,"North Carolina","Edgecombe County",1,83,187,74,113
050,37,065,"North Carolina","Edgecombe County",1,84,195,67,128
050,37,065,"North Carolina","Edgecombe County",1,85,1005,310,695
050,37,065,"North Carolina","Edgecombe County",2,0,561,284,277
050,37,065,"North Carolina","Edgecombe County",2,1,562,272,290
050,37,065,"North Carolina","Edgecombe County",2,2,580,302,278
050,37,065,"North Carolina","Edgecombe County",2,3,553,294,259
050,37,065,"North Carolina","Edgecombe County",2,4,565,289,276
050,37,065,"North Carolina","Edgecombe County",2,5,564,289,275
050,37,065,"North Carolina","Edgecombe County",2,6,558,281,277
050,37,065,"North Carolina","Edgecombe County",2,7,585,303,282
050,37,065,"North Carolina","Edgecombe County",2,8,623,320,303
050,37,065,"North Carolina","Edgecombe County",2,9,611,312,299
050,37,065,"North Carolina","Edgecombe County",2,10,644,328,316
050,37,065,"North Carolina","Edgecombe County",2,11,704,356,348
050,37,065,"North Carolina","Edgecombe County",2,12,700,366,334
050,37,065,"North Carolina","Edgecombe County",2,13,678,365,313
050,37,065,"North Carolina","Edgecombe County",2,14,651,345,306
050,37,065,"North Carolina","Edgecombe County",2,15,655,348,307
050,37,065,"North Carolina","Edgecombe County",2,16,668,354,314
050,37,065,"North Carolina","Edgecombe County",2,17,661,333,328
050,37,065,"North Carolina","Edgecombe County",2,18,589,289,300
050,37,065,"North Carolina","Edgecombe County",2,19,519,259,260
050,37,065,"North Carolina","Edgecombe County",2,20,530,269,261
050,37,065,"North Carolina","Edgecombe County",2,21,520,269,251
050,37,065,"North Carolina","Edgecombe County",2,22,548,267,281
050,37,065,"North Carolina","Edgecombe County",2,23,577,283,294
050,37,065,"North Carolina","Edgecombe County",2,24,563,291,272
050,37,065,"North Carolina","Edgecombe County",2,25,576,284,292
050,37,065,"North Carolina","Edgecombe County",2,26,609,267,342
050,37,065,"North Carolina","Edgecombe County",2,27,602,279,323
050,37,065,"North Carolina","Edgecombe County",2,28,603,287,316
050,37,065,"North Carolina","Edgecombe County",2,29,599,267,332
050,37,065,"North Carolina","Edgecombe County",2,30,604,270,334
050,37,065,"North Carolina","Edgecombe County",2,31,597,261,336
050,37,065,"North Carolina","Edgecombe County",2,32,585,255,330
050,37,065,"North Carolina","Edgecombe County",2,33,524,235,289
050,37,065,"North Carolina","Edgecombe County",2,34,487,223,264
050,37,065,"North Carolina","Edgecombe County",2,35,490,224,266
050,37,065,"North Carolina","Edgecombe County",2,36,478,220,258
050,37,065,"North Carolina","Edgecombe County",2,37,535,244,291
050,37,065,"North Carolina","Edgecombe County",2,38,550,254,296
050,37,065,"North Carolina","Edgecombe County",2,39,543,237,306
050,37,065,"North Carolina","Edgecombe County",2,40,565,247,318
050,37,065,"North Carolina","Edgecombe County",2,41,547,248,299
050,37,065,"North Carolina","Edgecombe County",2,42,524,251,273
050,37,065,"North Carolina","Edgecombe County",2,43,511,247,264
050,37,065,"North Carolina","Edgecombe County",2,44,510,245,265
050,37,065,"North Carolina","Edgecombe County",2,45,510,228,282
050,37,065,"North Carolina","Edgecombe County",2,46,498,216,282
050,37,065,"North Carolina","Edgecombe County",2,47,524,226,298
050,37,065,"North Carolina","Edgecombe County",2,48,575,252,323
050,37,065,"North Carolina","Edgecombe County",2,49,606,274,332
050,37,065,"North Carolina","Edgecombe County",2,50,596,280,316
050,37,065,"North Carolina","Edgecombe County",2,51,551,269,282
050,37,065,"North Carolina","Edgecombe County",2,52,550,259,291
050,37,065,"North Carolina","Edgecombe County",2,53,597,264,333
050,37,065,"North Carolina","Edgecombe County",2,54,609,280,329
050,37,065,"North Carolina","Edgecombe County",2,55,648,307,341
050,37,065,"North Carolina","Edgecombe County",2,56,695,325,370
050,37,065,"North Carolina","Edgecombe County",2,57,706,326,380
050,37,065,"North Carolina","Edgecombe County",2,58,739,343,396
050,37,065,"North Carolina","Edgecombe County",2,59,737,329,408
050,37,065,"North Carolina","Edgecombe County",2,60,736,336,400
050,37,065,"North Carolina","Edgecombe County",2,61,740,344,396
050,37,065,"North Carolina","Edgecombe County",2,62,725,321,404
050,37,065,"North Carolina","Edgecombe County",2,63,727,322,405
050,37,065,"North Carolina","Edgecombe County",2,64,716,313,403
050,37,065,"North Carolina","Edgecombe County",2,65,740,336,404
050,37,065,"North Carolina","Edgecombe County",2,66,730,327,403
050,37,065,"North Carolina","Edgecombe County",2,67,689,308,381
050,37,065,"North Carolina","Edgecombe County",2,68,661,289,372
050,37,065,"North Carolina","Edgecombe County",2,69,631,279,352
050,37,065,"North Carolina","Edgecombe County",2,70,597,267,330
050,37,065,"North Carolina","Edgecombe County",2,71,564,246,318
050,37,065,"North Carolina","Edgecombe County",2,72,550,241,309
050,37,065,"North Carolina","Edgecombe County",2,73,557,246,311
050,37,065,"North Carolina","Edgecombe County",2,74,420,184,236
050,37,065,"North Carolina","Edgecombe County",2,75,410,175,235
050,37,065,"North Carolina","Edgecombe County",2,76,395,169,226
050,37,065,"North Carolina","Edgecombe County",2,77,382,161,221
050,37,065,"North Carolina","Edgecombe County",2,78,302,126,176
050,37,065,"North Carolina","Edgecombe County",2,79,267,103,164
050,37,065,"North Carolina","Edgecombe County",2,80,237,99,138
050,37,065,"North Carolina","Edgecombe County",2,81,227,99,128
050,37,065,"North Carolina","Edgecombe County",2,82,236,95,141
050,37,065,"North Carolina","Edgecombe County",2,83,197,79,118
050,37,065,"North Carolina","Edgecombe County",2,84,192,69,123
050,37,065,"North Carolina","Edgecombe County",2,85,998,305,693
050,37,065,"North Carolina","Edgecombe County",3,0,534,270,264
050,37,065,"North Carolina","Edgecombe County",3,1,548,275,273
050,37,065,"North Carolina","Edgecombe County",3,2,570,286,284
050,37,065,"North Carolina","Edgecombe County",3,3,572,300,272
050,37,065,"North Carolina","Edgecombe County",3,4,570,319,251
050,37,065,"North Carolina","Edgecombe County",3,5,555,301,254
050,37,065,"North Carolina","Edgecombe County",3,6,555,279,276
050,37,065,"North Carolina","Edgecombe County",3,7,550,276,274
050,37,065,"North Carolina","Edgecombe County",3,8,594,308,286
050,37,065,"North Carolina","Edgecombe County",3,9,624,317,307
050,37,065,"North Carolina","Edgecombe County",3,10,586,290,296
050,37,065,"North Carolina","Edgecombe County",3,11,657,336,321
050,37,065,"North Carolina","Edgecombe County",3,12,706,363,343
050,37,065,"North Carolina","Edgecombe County",3,13,709,366,343
050,37,065,"North Carolina","Edgecombe County",3,14,690,375,315
050,37,065,"North Carolina","Edgecombe County",3,15,646,336,310
050,37,065,"North Carolina","Edgecombe County",3,16,669,362,307
050,37,065,"North Carolina","Edgecombe County",3,17,671,345,326
050,37,065,"North Carolina","Edgecombe County",3,18,569,289,280
050,37,065,"North Carolina","Edgecombe County",3,19,514,249,265
050,37,065,"North Carolina","Edgecombe County",3,20,530,265,265
050,37,065,"North Carolina","Edgecombe County",3,21,543,262,281
050,37,065,"North Carolina","Edgecombe County",3,22,532,272,260
050,37,065,"North Carolina","Edgecombe County",3,23,534,253,281
050,37,065,"North Carolina","Edgecombe County",3,24,589,287,302
050,37,065,"North Carolina","Edgecombe County",3,25,569,302,267
050,37,065,"North Carolina","Edgecombe County",3,26,541,255,286
050,37,065,"North Carolina","Edgecombe County",3,27,588,251,337
050,37,065,"North Carolina","Edgecombe County",3,28,597,276,321
050,37,065,"North Carolina","Edgecombe County",3,29,577,277,300
050,37,065,"North Carolina","Edgecombe County",3,30,594,263,331
050,37,065,"North Carolina","Edgecombe County",3,31,616,281,335
050,37,065,"North Carolina","Edgecombe County",3,32,609,254,355
050,37,065,"North Carolina","Edgecombe County",3,33,560,254,306
050,37,065,"North Carolina","Edgecombe County",3,34,526,238,288
050,37,065,"North Carolina","Edgecombe County",3,35,489,225,264
050,37,065,"North Carolina","Edgecombe County",3,36,487,223,264
050,37,065,"North Carolina","Edgecombe County",3,37,483,220,263
050,37,065,"North Carolina","Edgecombe County",3,38,516,242,274
050,37,065,"North Carolina","Edgecombe County",3,39,542,240,302
050,37,065,"North Carolina","Edgecombe County",3,40,543,233,310
050,37,065,"North Carolina","Edgecombe County",3,41,557,237,320
050,37,065,"North Carolina","Edgecombe County",3,42,539,245,294
050,37,065,"North Carolina","Edgecombe County",3,43,535,251,284
050,37,065,"North Carolina","Edgecombe County",3,44,506,243,263
050,37,065,"North Carolina","Edgecombe County",3,45,507,238,269
050,37,065,"North Carolina","Edgecombe County",3,46,502,224,278
050,37,065,"North Carolina","Edgecombe County",3,47,490,210,280
050,37,065,"North Carolina","Edgecombe County",3,48,531,240,291
050,37,065,"North Carolina","Edgecombe County",3,49,571,251,320
050,37,065,"North Carolina","Edgecombe County",3,50,614,286,328
050,37,065,"North Carolina","Edgecombe County",3,51,597,275,322
050,37,065,"North Carolina","Edgecombe County",3,52,539,269,270
050,37,065,"North Carolina","Edgecombe County",3,53,563,259,304
050,37,065,"North Carolina","Edgecombe County",3,54,590,269,321
050,37,065,"North Carolina","Edgecombe County",3,55,588,265,323
050,37,065,"North Carolina","Edgecombe County",3,56,635,292,343
050,37,065,"North Carolina","Edgecombe County",3,57,692,327,365
050,37,065,"North Carolina","Edgecombe County",3,58,717,325,392
050,37,065,"North Carolina","Edgecombe County",3,59,734,334,400
050,37,065,"North Carolina","Edgecombe County",3,60,737,324,413
050,37,065,"North Carolina","Edgecombe County",3,61,718,332,386
050,37,065,"North Carolina","Edgecombe County",3,62,730,336,394
050,37,065,"North Carolina","Edgecombe County",3,63,726,313,413
050,37,065,"North Carolina","Edgecombe County",3,64,711,319,392
050,37,065,"North Carolina","Edgecombe County",3,65,705,303,402
050,37,065,"North Carolina","Edgecombe County",3,66,713,322,391
050,37,065,"North Carolina","Edgecombe County",3,67,706,316,390
050,37,065,"North Carolina","Edgecombe County",3,68,665,297,368
050,37,065,"North Carolina","Edgecombe County",3,69,641,277,364
050,37,065,"North Carolina","Edgecombe County",3,70,613,271,342
050,37,065,"North Carolina","Edgecombe County",3,71,579,260,319
050,37,065,"North Carolina","Edgecombe County",3,72,545,235,310
050,37,065,"North Carolina","Edgecombe County",3,73,534,230,304
050,37,065,"North Carolina","Edgecombe County",3,74,536,236,300
050,37,065,"North Carolina","Edgecombe County",3,75,415,182,233
050,37,065,"North Carolina","Edgecombe County",3,76,390,168,222
050,37,065,"North Carolina","Edgecombe County",3,77,376,157,219
050,37,065,"North Carolina","Edgecombe County",3,78,356,145,211
050,37,065,"North Carolina","Edgecombe County",3,79,278,115,163
050,37,065,"North Carolina","Edgecombe County",3,80,244,94,150
050,37,065,"North Carolina","Edgecombe County",3,81,217,87,130
050,37,065,"North Carolina","Edgecombe County",3,82,205,92,113
050,37,065,"North Carolina","Edgecombe County",3,83,200,81,119
050,37,065,"North Carolina","Edgecombe County",3,84,171,72,99
050,37,065,"North Carolina","Edgecombe County",3,85,961,297,664
050,37,065,"North Carolina","Edgecombe County",4,0,590,309,281
050,37,065,"North Carolina","Edgecombe County",4,1,523,270,253
050,37,065,"North Carolina","Edgecombe County",4,2,566,287,279
050,37,065,"North Carolina","Edgecombe County",4,3,568,280,288
050,37,065,"North Carolina","Edgecombe County",4,4,580,303,277
050,37,065,"North Carolina","Edgecombe County",4,5,567,313,254
050,37,065,"North Carolina","Edgecombe County",4,6,572,312,260
050,37,065,"North Carolina","Edgecombe County",4,7,568,280,288
050,37,065,"North Carolina","Edgecombe County",4,8,574,278,296
050,37,065,"North Carolina","Edgecombe County",4,9,617,333,284
050,37,065,"North Carolina","Edgecombe County",4,10,630,320,310
050,37,065,"North Carolina","Edgecombe County",4,11,588,283,305
050,37,065,"North Carolina","Edgecombe County",4,12,647,331,316
050,37,065,"North Carolina","Edgecombe County",4,13,698,355,343
050,37,065,"North Carolina","Edgecombe County",4,14,723,379,344
050,37,065,"North Carolina","Edgecombe County",4,15,674,363,311
050,37,065,"North Carolina","Edgecombe County",4,16,651,342,309
050,37,065,"North Carolina","Edgecombe County",4,17,666,352,314
050,37,065,"North Carolina","Edgecombe County",4,18,562,299,263
050,37,065,"North Carolina","Edgecombe County",4,19,480,245,235
050,37,065,"North Carolina","Edgecombe County",4,20,526,246,280
050,37,065,"North Carolina","Edgecombe County",4,21,558,271,287
050,37,065,"North Carolina","Edgecombe County",4,22,569,278,291
050,37,065,"North Carolina","Edgecombe County",4,23,555,277,278
050,37,065,"North Carolina","Edgecombe County",4,24,538,257,281
050,37,065,"North Carolina","Edgecombe County",4,25,621,318,303
050,37,065,"North Carolina","Edgecombe County",4,26,571,295,276
050,37,065,"North Carolina","Edgecombe County",4,27,549,262,287
050,37,065,"North Carolina","Edgecombe County",4,28,622,279,343
050,37,065,"North Carolina","Edgecombe County",4,29,582,263,319
050,37,065,"North Carolina","Edgecombe County",4,30,558,262,296
050,37,065,"North Carolina","Edgecombe County",4,31,584,267,317
050,37,065,"North Carolina","Edgecombe County",4,32,615,273,342
050,37,065,"North Carolina","Edgecombe County",4,33,601,255,346
050,37,065,"North Carolina","Edgecombe County",4,34,564,242,322
050,37,065,"North Carolina","Edgecombe County",4,35,519,241,278
050,37,065,"North Carolina","Edgecombe County",4,36,501,219,282
050,37,065,"North Carolina","Edgecombe County",4,37,496,221,275
050,37,065,"North Carolina","Edgecombe County",4,38,479,214,265
050,37,065,"North Carolina","Edgecombe County",4,39,509,232,277
050,37,065,"North Carolina","Edgecombe County",4,40,538,245,293
050,37,065,"North Carolina","Edgecombe County",4,41,542,235,307
050,37,065,"North Carolina","Edgecombe County",4,42,571,249,322
050,37,065,"North Carolina","Edgecombe County",4,43,541,261,280
050,37,065,"North Carolina","Edgecombe County",4,44,549,259,290
050,37,065,"North Carolina","Edgecombe County",4,45,490,232,258
050,37,065,"North Carolina","Edgecombe County",4,46,523,245,278
050,37,065,"North Carolina","Edgecombe County",4,47,510,229,281
050,37,065,"North Carolina","Edgecombe County",4,48,499,222,277
050,37,065,"North Carolina","Edgecombe County",4,49,504,226,278
050,37,065,"North Carolina","Edgecombe County",4,50,564,242,322
050,37,065,"North Carolina","Edgecombe County",4,51,614,291,323
050,37,065,"North Carolina","Edgecombe County",4,52,602,278,324
050,37,065,"North Carolina","Edgecombe County",4,53,552,273,279
050,37,065,"North Carolina","Edgecombe County",4,54,552,261,291
050,37,065,"North Carolina","Edgecombe County",4,55,581,258,323
050,37,065,"North Carolina","Edgecombe County",4,56,596,266,330
050,37,065,"North Carolina","Edgecombe County",4,57,629,293,336
050,37,065,"North Carolina","Edgecombe County",4,58,681,330,351
050,37,065,"North Carolina","Edgecombe County",4,59,709,315,394
050,37,065,"North Carolina","Edgecombe County",4,60,727,338,389
050,37,065,"North Carolina","Edgecombe County",4,61,738,324,414
050,37,065,"North Carolina","Edgecombe County",4,62,716,325,391
050,37,065,"North Carolina","Edgecombe County",4,63,709,325,384
050,37,065,"North Carolina","Edgecombe County",4,64,714,308,406
050,37,065,"North Carolina","Edgecombe County",4,65,695,309,386
050,37,065,"North Carolina","Edgecombe County",4,66,690,297,393
050,37,065,"North Carolina","Edgecombe County",4,67,699,316,383
050,37,065,"North Carolina","Edgecombe County",4,68,705,317,388
050,37,065,"North Carolina","Edgecombe County",4,69,643,283,360
050,37,065,"North Carolina","Edgecombe County",4,70,619,263,356
050,37,065,"North Carolina","Edgecombe County",4,71,590,262,328
050,37,065,"North Carolina","Edgecombe County",4,72,560,254,306
050,37,065,"North Carolina","Edgecombe County",4,73,523,220,303
050,37,065,"North Carolina","Edgecombe County",4,74,519,224,295
050,37,065,"North Carolina","Edgecombe County",4,75,525,225,300
050,37,065,"North Carolina","Edgecombe County",4,76,399,174,225
050,37,065,"North Carolina","Edgecombe County",4,77,384,164,220
050,37,065,"North Carolina","Edgecombe County",4,78,353,144,209
050,37,065,"North Carolina","Edgecombe County",4,79,328,133,195
050,37,065,"North Carolina","Edgecombe County",4,80,268,108,160
050,37,065,"North Carolina","Edgecombe County",4,81,232,91,141
050,37,065,"North Carolina","Edgecombe County",4,82,201,78,123
050,37,065,"North Carolina","Edgecombe County",4,83,183,78,105
050,37,065,"North Carolina","Edgecombe County",4,84,183,73,110
050,37,065,"North Carolina","Edgecombe County",4,85,978,322,656
050,37,065,"North Carolina","Edgecombe County",5,0,582,301,281
050,37,065,"North Carolina","Edgecombe County",5,1,608,318,290
050,37,065,"North Carolina","Edgecombe County",5,2,553,281,272
050,37,065,"North Carolina","Edgecombe County",5,3,594,303,291
050,37,065,"North Carolina","Edgecombe County",5,4,588,283,305
050,37,065,"North Carolina","Edgecombe County",5,5,610,314,296
050,37,065,"North Carolina","Edgecombe County",5,6,569,317,252
050,37,065,"North Carolina","Edgecombe County",5,7,601,327,274
050,37,065,"North Carolina","Edgecombe County",5,8,588,301,287
050,37,065,"North Carolina","Edgecombe County",5,9,587,291,296
050,37,065,"North Carolina","Edgecombe County",5,10,623,338,285
050,37,065,"North Carolina","Edgecombe County",5,11,635,324,311
050,37,065,"North Carolina","Edgecombe County",5,12,621,302,319
050,37,065,"North Carolina","Edgecombe County",5,13,647,330,317
050,37,065,"North Carolina","Edgecombe County",5,14,704,355,349
050,37,065,"North Carolina","Edgecombe County",5,15,724,375,349
050,37,065,"North Carolina","Edgecombe County",5,16,687,366,321
050,37,065,"North Carolina","Edgecombe County",5,17,658,335,323
050,37,065,"North Carolina","Edgecombe County",5,18,564,309,255
050,37,065,"North Carolina","Edgecombe County",5,19,473,247,226
050,37,065,"North Carolina","Edgecombe County",5,20,510,243,267
050,37,065,"North Carolina","Edgecombe County",5,21,550,259,291
050,37,065,"North Carolina","Edgecombe County",5,22,590,281,309
050,37,065,"North Carolina","Edgecombe County",5,23,580,289,291
050,37,065,"North Carolina","Edgecombe County",5,24,574,287,287
050,37,065,"North Carolina","Edgecombe County",5,25,583,282,301
050,37,065,"North Carolina","Edgecombe County",5,26,622,298,324
050,37,065,"North Carolina","Edgecombe County",5,27,580,296,284
050,37,065,"North Carolina","Edgecombe County",5,28,578,280,298
050,37,065,"North Carolina","Edgecombe County",5,29,605,279,326
050,37,065,"North Carolina","Edgecombe County",5,30,583,258,325
050,37,065,"North Carolina","Edgecombe County",5,31,595,295,300
050,37,065,"North Carolina","Edgecombe County",5,32,587,262,325
050,37,065,"North Carolina","Edgecombe County",5,33,594,261,333
050,37,065,"North Carolina","Edgecombe County",5,34,603,249,354
050,37,065,"North Carolina","Edgecombe County",5,35,548,229,319
050,37,065,"North Carolina","Edgecombe County",5,36,530,241,289
050,37,065,"North Carolina","Edgecombe County",5,37,506,223,283
050,37,065,"North Carolina","Edgecombe County",5,38,495,218,277
050,37,065,"North Carolina","Edgecombe County",5,39,490,210,280
050,37,065,"North Carolina","Edgecombe County",5,40,520,234,286
050,37,065,"North Carolina","Edgecombe County",5,41,537,242,295
050,37,065,"North Carolina","Edgecombe County",5,42,557,245,312
050,37,065,"North Carolina","Edgecombe County",5,43,565,243,322
050,37,065,"North Carolina","Edgecombe County",5,44,547,273,274
050,37,065,"North Carolina","Edgecombe County",5,45,546,259,287
050,37,065,"North Carolina","Edgecombe County",5,46,515,245,270
050,37,065,"North Carolina","Edgecombe County",5,47,515,239,276
050,37,065,"North Carolina","Edgecombe County",5,48,499,232,267
050,37,065,"North Carolina","Edgecombe County",5,49,509,220,289
050,37,065,"North Carolina","Edgecombe County",5,50,521,242,279
050,37,065,"North Carolina","Edgecombe County",5,51,556,241,315
050,37,065,"North Carolina","Edgecombe County",5,52,632,300,332
050,37,065,"North Carolina","Edgecombe County",5,53,610,280,330
050,37,065,"North Carolina","Edgecombe County",5,54,561,280,281
050,37,065,"North Carolina","Edgecombe County",5,55,554,266,288
050,37,065,"North Carolina","Edgecombe County",5,56,590,263,327
050,37,065,"North Carolina","Edgecombe County",5,57,589,264,325
050,37,065,"North Carolina","Edgecombe County",5,58,623,294,329
050,37,065,"North Carolina","Edgecombe County",5,59,679,314,365
050,37,065,"North Carolina","Edgecombe County",5,60,725,332,393
050,37,065,"North Carolina","Edgecombe County",5,61,737,335,402
050,37,065,"North Carolina","Edgecombe County",5,62,718,309,409
050,37,065,"North Carolina","Edgecombe County",5,63,707,320,387
050,37,065,"North Carolina","Edgecombe County",5,64,682,309,373
050,37,065,"North Carolina","Edgecombe County",5,65,701,299,402
050,37,065,"North Carolina","Edgecombe County",5,66,692,298,394
050,37,065,"North Carolina","Edgecombe County",5,67,669,286,383
050,37,065,"North Carolina","Edgecombe County",5,68,692,312,380
050,37,065,"North Carolina","Edgecombe County",5,69,686,304,382
050,37,065,"North Carolina","Edgecombe County",5,70,624,272,352
050,37,065,"North Carolina","Edgecombe County",5,71,600,257,343
050,37,065,"North Carolina","Edgecombe County",5,72,586,260,326
050,37,065,"North Carolina","Edgecombe County",5,73,548,247,301
050,37,065,"North Carolina","Edgecombe County",5,74,509,214,295
050,37,065,"North Carolina","Edgecombe County",5,75,514,221,293
050,37,065,"North Carolina","Edgecombe County",5,76,505,219,286
050,37,065,"North Carolina","Edgecombe County",5,77,384,164,220
050,37,065,"North Carolina","Edgecombe County",5,78,365,153,212
050,37,065,"North Carolina","Edgecombe County",5,79,331,134,197
050,37,065,"North Carolina","Edgecombe County",5,80,307,122,185
050,37,065,"North Carolina","Edgecombe County",5,81,251,97,154
050,37,065,"North Carolina","Edgecombe County",5,82,210,79,131
050,37,065,"North Carolina","Edgecombe County",5,83,176,67,109
050,37,065,"North Carolina","Edgecombe County",5,84,168,74,94
050,37,065,"North Carolina","Edgecombe County",5,85,1001,347,654
050,37,067,"North Carolina","Forsyth County",1,0,4286,2189,2097
050,37,067,"North Carolina","Forsyth County",1,1,4361,2187,2174
050,37,067,"North Carolina","Forsyth County",1,2,4471,2206,2265
050,37,067,"North Carolina","Forsyth County",1,3,4485,2334,2151
050,37,067,"North Carolina","Forsyth County",1,4,4584,2387,2197
050,37,067,"North Carolina","Forsyth County",1,5,4684,2369,2315
050,37,067,"North Carolina","Forsyth County",1,6,4696,2376,2320
050,37,067,"North Carolina","Forsyth County",1,7,4809,2437,2372
050,37,067,"North Carolina","Forsyth County",1,8,4880,2528,2352
050,37,067,"North Carolina","Forsyth County",1,9,4960,2519,2441
050,37,067,"North Carolina","Forsyth County",1,10,5125,2603,2522
050,37,067,"North Carolina","Forsyth County",1,11,5291,2690,2601
050,37,067,"North Carolina","Forsyth County",1,12,5502,2768,2734
050,37,067,"North Carolina","Forsyth County",1,13,5407,2800,2607
050,37,067,"North Carolina","Forsyth County",1,14,5208,2639,2569
050,37,067,"North Carolina","Forsyth County",1,15,5216,2612,2604
050,37,067,"North Carolina","Forsyth County",1,16,5246,2610,2636
050,37,067,"North Carolina","Forsyth County",1,17,5198,2605,2593
050,37,067,"North Carolina","Forsyth County",1,18,5670,2675,2995
050,37,067,"North Carolina","Forsyth County",1,19,6481,3023,3458
050,37,067,"North Carolina","Forsyth County",1,20,6014,2897,3117
050,37,067,"North Carolina","Forsyth County",1,21,5244,2487,2757
050,37,067,"North Carolina","Forsyth County",1,22,4776,2289,2487
050,37,067,"North Carolina","Forsyth County",1,23,4527,2160,2367
050,37,067,"North Carolina","Forsyth County",1,24,4567,2179,2388
050,37,067,"North Carolina","Forsyth County",1,25,4810,2325,2485
050,37,067,"North Carolina","Forsyth County",1,26,4942,2340,2602
050,37,067,"North Carolina","Forsyth County",1,27,5194,2485,2709
050,37,067,"North Carolina","Forsyth County",1,28,5296,2533,2763
050,37,067,"North Carolina","Forsyth County",1,29,5304,2536,2768
050,37,067,"North Carolina","Forsyth County",1,30,5189,2459,2730
050,37,067,"North Carolina","Forsyth County",1,31,5044,2383,2661
050,37,067,"North Carolina","Forsyth County",1,32,4917,2342,2575
050,37,067,"North Carolina","Forsyth County",1,33,4938,2328,2610
050,37,067,"North Carolina","Forsyth County",1,34,4805,2293,2512
050,37,067,"North Carolina","Forsyth County",1,35,4765,2290,2475
050,37,067,"North Carolina","Forsyth County",1,36,4589,2220,2369
050,37,067,"North Carolina","Forsyth County",1,37,4741,2268,2473
050,37,067,"North Carolina","Forsyth County",1,38,4601,2130,2471
050,37,067,"North Carolina","Forsyth County",1,39,4696,2220,2476
050,37,067,"North Carolina","Forsyth County",1,40,4658,2249,2409
050,37,067,"North Carolina","Forsyth County",1,41,4675,2231,2444
050,37,067,"North Carolina","Forsyth County",1,42,4593,2199,2394
050,37,067,"North Carolina","Forsyth County",1,43,4430,2119,2311
050,37,067,"North Carolina","Forsyth County",1,44,4331,2057,2274
050,37,067,"North Carolina","Forsyth County",1,45,4500,2103,2397
050,37,067,"North Carolina","Forsyth County",1,46,4529,2163,2366
050,37,067,"North Carolina","Forsyth County",1,47,4661,2197,2464
050,37,067,"North Carolina","Forsyth County",1,48,4911,2358,2553
050,37,067,"North Carolina","Forsyth County",1,49,5269,2505,2764
050,37,067,"North Carolina","Forsyth County",1,50,5085,2429,2656
050,37,067,"North Carolina","Forsyth County",1,51,4975,2422,2553
050,37,067,"North Carolina","Forsyth County",1,52,4814,2365,2449
050,37,067,"North Carolina","Forsyth County",1,53,4889,2422,2467
050,37,067,"North Carolina","Forsyth County",1,54,4885,2359,2526
050,37,067,"North Carolina","Forsyth County",1,55,5107,2454,2653
050,37,067,"North Carolina","Forsyth County",1,56,5295,2531,2764
050,37,067,"North Carolina","Forsyth County",1,57,5310,2507,2803
050,37,067,"North Carolina","Forsyth County",1,58,5239,2464,2775
050,37,067,"North Carolina","Forsyth County",1,59,5149,2450,2699
050,37,067,"North Carolina","Forsyth County",1,60,4991,2391,2600
050,37,067,"North Carolina","Forsyth County",1,61,4933,2324,2609
050,37,067,"North Carolina","Forsyth County",1,62,4894,2280,2614
050,37,067,"North Carolina","Forsyth County",1,63,4787,2221,2566
050,37,067,"North Carolina","Forsyth County",1,64,4512,2055,2457
050,37,067,"North Carolina","Forsyth County",1,65,4378,1984,2394
050,37,067,"North Carolina","Forsyth County",1,66,4227,1913,2314
050,37,067,"North Carolina","Forsyth County",1,67,4170,1871,2299
050,37,067,"North Carolina","Forsyth County",1,68,4119,1840,2279
050,37,067,"North Carolina","Forsyth County",1,69,3743,1685,2058
050,37,067,"North Carolina","Forsyth County",1,70,3606,1663,1943
050,37,067,"North Carolina","Forsyth County",1,71,3554,1592,1962
050,37,067,"North Carolina","Forsyth County",1,72,3544,1583,1961
050,37,067,"North Carolina","Forsyth County",1,73,3541,1603,1938
050,37,067,"North Carolina","Forsyth County",1,74,2441,1065,1376
050,37,067,"North Carolina","Forsyth County",1,75,2397,1056,1341
050,37,067,"North Carolina","Forsyth County",1,76,2337,1037,1300
050,37,067,"North Carolina","Forsyth County",1,77,2298,1005,1293
050,37,067,"North Carolina","Forsyth County",1,78,1996,824,1172
050,37,067,"North Carolina","Forsyth County",1,79,1735,706,1029
050,37,067,"North Carolina","Forsyth County",1,80,1583,655,928
050,37,067,"North Carolina","Forsyth County",1,81,1537,651,886
050,37,067,"North Carolina","Forsyth County",1,82,1355,566,789
050,37,067,"North Carolina","Forsyth County",1,83,1206,481,725
050,37,067,"North Carolina","Forsyth County",1,84,1177,459,718
050,37,067,"North Carolina","Forsyth County",1,85,6714,2280,4434
050,37,067,"North Carolina","Forsyth County",2,0,4296,2191,2105
050,37,067,"North Carolina","Forsyth County",2,1,4357,2189,2168
050,37,067,"North Carolina","Forsyth County",2,2,4453,2208,2245
050,37,067,"North Carolina","Forsyth County",2,3,4463,2299,2164
050,37,067,"North Carolina","Forsyth County",2,4,4568,2376,2192
050,37,067,"North Carolina","Forsyth County",2,5,4663,2372,2291
050,37,067,"North Carolina","Forsyth County",2,6,4700,2375,2325
050,37,067,"North Carolina","Forsyth County",2,7,4771,2419,2352
050,37,067,"North Carolina","Forsyth County",2,8,4857,2508,2349
050,37,067,"North Carolina","Forsyth County",2,9,4943,2527,2416
050,37,067,"North Carolina","Forsyth County",2,10,5078,2581,2497
050,37,067,"North Carolina","Forsyth County",2,11,5237,2661,2576
050,37,067,"North Carolina","Forsyth County",2,12,5478,2761,2717
050,37,067,"North Carolina","Forsyth County",2,13,5424,2787,2637
050,37,067,"North Carolina","Forsyth County",2,14,5263,2680,2583
050,37,067,"North Carolina","Forsyth County",2,15,5221,2618,2603
050,37,067,"North Carolina","Forsyth County",2,16,5243,2615,2628
050,37,067,"North Carolina","Forsyth County",2,17,5213,2611,2602
050,37,067,"North Carolina","Forsyth County",2,18,5689,2680,3009
050,37,067,"North Carolina","Forsyth County",2,19,6541,3043,3498
050,37,067,"North Carolina","Forsyth County",2,20,6118,2936,3182
050,37,067,"North Carolina","Forsyth County",2,21,5298,2517,2781
050,37,067,"North Carolina","Forsyth County",2,22,4833,2303,2530
050,37,067,"North Carolina","Forsyth County",2,23,4554,2172,2382
050,37,067,"North Carolina","Forsyth County",2,24,4562,2176,2386
050,37,067,"North Carolina","Forsyth County",2,25,4781,2305,2476
050,37,067,"North Carolina","Forsyth County",2,26,4948,2350,2598
050,37,067,"North Carolina","Forsyth County",2,27,5161,2472,2689
050,37,067,"North Carolina","Forsyth County",2,28,5281,2528,2753
050,37,067,"North Carolina","Forsyth County",2,29,5313,2538,2775
050,37,067,"North Carolina","Forsyth County",2,30,5250,2493,2757
050,37,067,"North Carolina","Forsyth County",2,31,5057,2391,2666
050,37,067,"North Carolina","Forsyth County",2,32,4935,2343,2592
050,37,067,"North Carolina","Forsyth County",2,33,4934,2343,2591
050,37,067,"North Carolina","Forsyth County",2,34,4825,2291,2534
050,37,067,"North Carolina","Forsyth County",2,35,4805,2311,2494
050,37,067,"North Carolina","Forsyth County",2,36,4622,2236,2386
050,37,067,"North Carolina","Forsyth County",2,37,4711,2255,2456
050,37,067,"North Carolina","Forsyth County",2,38,4642,2163,2479
050,37,067,"North Carolina","Forsyth County",2,39,4668,2207,2461
050,37,067,"North Carolina","Forsyth County",2,40,4698,2252,2446
050,37,067,"North Carolina","Forsyth County",2,41,4663,2225,2438
050,37,067,"North Carolina","Forsyth County",2,42,4591,2203,2388
050,37,067,"North Carolina","Forsyth County",2,43,4486,2141,2345
050,37,067,"North Carolina","Forsyth County",2,44,4320,2056,2264
050,37,067,"North Carolina","Forsyth County",2,45,4475,2099,2376
050,37,067,"North Carolina","Forsyth County",2,46,4513,2149,2364
050,37,067,"North Carolina","Forsyth County",2,47,4609,2175,2434
050,37,067,"North Carolina","Forsyth County",2,48,4855,2322,2533
050,37,067,"North Carolina","Forsyth County",2,49,5197,2472,2725
050,37,067,"North Carolina","Forsyth County",2,50,5129,2452,2677
050,37,067,"North Carolina","Forsyth County",2,51,4963,2403,2560
050,37,067,"North Carolina","Forsyth County",2,52,4839,2371,2468
050,37,067,"North Carolina","Forsyth County",2,53,4857,2404,2453
050,37,067,"North Carolina","Forsyth County",2,54,4881,2369,2512
050,37,067,"North Carolina","Forsyth County",2,55,5048,2425,2623
050,37,067,"North Carolina","Forsyth County",2,56,5271,2528,2743
050,37,067,"North Carolina","Forsyth County",2,57,5296,2501,2795
050,37,067,"North Carolina","Forsyth County",2,58,5245,2471,2774
050,37,067,"North Carolina","Forsyth County",2,59,5172,2451,2721
050,37,067,"North Carolina","Forsyth County",2,60,5008,2397,2611
050,37,067,"North Carolina","Forsyth County",2,61,4937,2334,2603
050,37,067,"North Carolina","Forsyth County",2,62,4891,2282,2609
050,37,067,"North Carolina","Forsyth County",2,63,4834,2242,2592
050,37,067,"North Carolina","Forsyth County",2,64,4550,2081,2469
050,37,067,"North Carolina","Forsyth County",2,65,4402,1997,2405
050,37,067,"North Carolina","Forsyth County",2,66,4263,1930,2333
050,37,067,"North Carolina","Forsyth County",2,67,4162,1871,2291
050,37,067,"North Carolina","Forsyth County",2,68,4101,1831,2270
050,37,067,"North Carolina","Forsyth County",2,69,3845,1726,2119
050,37,067,"North Carolina","Forsyth County",2,70,3610,1654,1956
050,37,067,"North Carolina","Forsyth County",2,71,3548,1598,1950
050,37,067,"North Carolina","Forsyth County",2,72,3482,1552,1930
050,37,067,"North Carolina","Forsyth County",2,73,3676,1657,2019
050,37,067,"North Carolina","Forsyth County",2,74,2538,1114,1424
050,37,067,"North Carolina","Forsyth County",2,75,2411,1061,1350
050,37,067,"North Carolina","Forsyth County",2,76,2324,1027,1297
050,37,067,"North Carolina","Forsyth County",2,77,2347,1032,1315
050,37,067,"North Carolina","Forsyth County",2,78,2025,851,1174
050,37,067,"North Carolina","Forsyth County",2,79,1769,724,1045
050,37,067,"North Carolina","Forsyth County",2,80,1587,652,935
050,37,067,"North Carolina","Forsyth County",2,81,1530,639,891
050,37,067,"North Carolina","Forsyth County",2,82,1382,578,804
050,37,067,"North Carolina","Forsyth County",2,83,1225,490,735
050,37,067,"North Carolina","Forsyth County",2,84,1153,450,703
050,37,067,"North Carolina","Forsyth County",2,85,6738,2304,4434
050,37,067,"North Carolina","Forsyth County",3,0,4306,2256,2050
050,37,067,"North Carolina","Forsyth County",3,1,4326,2241,2085
050,37,067,"North Carolina","Forsyth County",3,2,4444,2244,2200
050,37,067,"North Carolina","Forsyth County",3,3,4474,2231,2243
050,37,067,"North Carolina","Forsyth County",3,4,4507,2331,2176
050,37,067,"North Carolina","Forsyth County",3,5,4613,2409,2204
050,37,067,"North Carolina","Forsyth County",3,6,4765,2410,2355
050,37,067,"North Carolina","Forsyth County",3,7,4763,2435,2328
050,37,067,"North Carolina","Forsyth County",3,8,4831,2457,2374
050,37,067,"North Carolina","Forsyth County",3,9,4932,2556,2376
050,37,067,"North Carolina","Forsyth County",3,10,5025,2559,2466
050,37,067,"North Carolina","Forsyth County",3,11,5122,2609,2513
050,37,067,"North Carolina","Forsyth County",3,12,5298,2700,2598
050,37,067,"North Carolina","Forsyth County",3,13,5573,2825,2748
050,37,067,"North Carolina","Forsyth County",3,14,5469,2781,2688
050,37,067,"North Carolina","Forsyth County",3,15,5280,2661,2619
050,37,067,"North Carolina","Forsyth County",3,16,5283,2641,2642
050,37,067,"North Carolina","Forsyth County",3,17,5294,2635,2659
050,37,067,"North Carolina","Forsyth County",3,18,5867,2766,3101
050,37,067,"North Carolina","Forsyth County",3,19,6592,3059,3533
050,37,067,"North Carolina","Forsyth County",3,20,6234,2963,3271
050,37,067,"North Carolina","Forsyth County",3,21,5560,2632,2928
050,37,067,"North Carolina","Forsyth County",3,22,4982,2359,2623
050,37,067,"North Carolina","Forsyth County",3,23,4633,2213,2420
050,37,067,"North Carolina","Forsyth County",3,24,4756,2304,2452
050,37,067,"North Carolina","Forsyth County",3,25,4719,2301,2418
050,37,067,"North Carolina","Forsyth County",3,26,4839,2322,2517
050,37,067,"North Carolina","Forsyth County",3,27,5058,2430,2628
050,37,067,"North Carolina","Forsyth County",3,28,5217,2452,2765
050,37,067,"North Carolina","Forsyth County",3,29,5340,2580,2760
050,37,067,"North Carolina","Forsyth County",3,30,5413,2588,2825
050,37,067,"North Carolina","Forsyth County",3,31,5207,2466,2741
050,37,067,"North Carolina","Forsyth County",3,32,5099,2428,2671
050,37,067,"North Carolina","Forsyth County",3,33,5058,2396,2662
050,37,067,"North Carolina","Forsyth County",3,34,4940,2359,2581
050,37,067,"North Carolina","Forsyth County",3,35,4892,2329,2563
050,37,067,"North Carolina","Forsyth County",3,36,4816,2327,2489
050,37,067,"North Carolina","Forsyth County",3,37,4694,2253,2441
050,37,067,"North Carolina","Forsyth County",3,38,4713,2233,2480
050,37,067,"North Carolina","Forsyth County",3,39,4711,2222,2489
050,37,067,"North Carolina","Forsyth County",3,40,4678,2187,2491
050,37,067,"North Carolina","Forsyth County",3,41,4670,2238,2432
050,37,067,"North Carolina","Forsyth County",3,42,4690,2249,2441
050,37,067,"North Carolina","Forsyth County",3,43,4559,2172,2387
050,37,067,"North Carolina","Forsyth County",3,44,4523,2168,2355
050,37,067,"North Carolina","Forsyth County",3,45,4352,2066,2286
050,37,067,"North Carolina","Forsyth County",3,46,4497,2132,2365
050,37,067,"North Carolina","Forsyth County",3,47,4464,2111,2353
050,37,067,"North Carolina","Forsyth County",3,48,4611,2191,2420
050,37,067,"North Carolina","Forsyth County",3,49,4802,2269,2533
050,37,067,"North Carolina","Forsyth County",3,50,5198,2471,2727
050,37,067,"North Carolina","Forsyth County",3,51,5050,2449,2601
050,37,067,"North Carolina","Forsyth County",3,52,4946,2387,2559
050,37,067,"North Carolina","Forsyth County",3,53,4809,2376,2433
050,37,067,"North Carolina","Forsyth County",3,54,4854,2393,2461
050,37,067,"North Carolina","Forsyth County",3,55,4846,2345,2501
050,37,067,"North Carolina","Forsyth County",3,56,5008,2432,2576
050,37,067,"North Carolina","Forsyth County",3,57,5263,2522,2741
050,37,067,"North Carolina","Forsyth County",3,58,5276,2493,2783
050,37,067,"North Carolina","Forsyth County",3,59,5195,2423,2772
050,37,067,"North Carolina","Forsyth County",3,60,5116,2396,2720
050,37,067,"North Carolina","Forsyth County",3,61,4955,2357,2598
050,37,067,"North Carolina","Forsyth County",3,62,4883,2284,2599
050,37,067,"North Carolina","Forsyth County",3,63,4843,2250,2593
050,37,067,"North Carolina","Forsyth County",3,64,4797,2208,2589
050,37,067,"North Carolina","Forsyth County",3,65,4494,2063,2431
050,37,067,"North Carolina","Forsyth County",3,66,4337,1939,2398
050,37,067,"North Carolina","Forsyth County",3,67,4236,1894,2342
050,37,067,"North Carolina","Forsyth County",3,68,4122,1840,2282
050,37,067,"North Carolina","Forsyth County",3,69,4030,1809,2221
050,37,067,"North Carolina","Forsyth County",3,70,3775,1690,2085
050,37,067,"North Carolina","Forsyth County",3,71,3561,1616,1945
050,37,067,"North Carolina","Forsyth County",3,72,3454,1545,1909
050,37,067,"North Carolina","Forsyth County",3,73,3396,1505,1891
050,37,067,"North Carolina","Forsyth County",3,74,3603,1607,1996
050,37,067,"North Carolina","Forsyth County",3,75,2500,1097,1403
050,37,067,"North Carolina","Forsyth County",3,76,2338,1016,1322
050,37,067,"North Carolina","Forsyth County",3,77,2244,994,1250
050,37,067,"North Carolina","Forsyth County",3,78,2242,977,1265
050,37,067,"North Carolina","Forsyth County",3,79,1930,792,1138
050,37,067,"North Carolina","Forsyth County",3,80,1631,661,970
050,37,067,"North Carolina","Forsyth County",3,81,1497,596,901
050,37,067,"North Carolina","Forsyth County",3,82,1404,575,829
050,37,067,"North Carolina","Forsyth County",3,83,1296,544,752
050,37,067,"North Carolina","Forsyth County",3,84,1116,439,677
050,37,067,"North Carolina","Forsyth County",3,85,6640,2287,4353
050,37,067,"North Carolina","Forsyth County",4,0,4505,2330,2175
050,37,067,"North Carolina","Forsyth County",4,1,4324,2282,2042
050,37,067,"North Carolina","Forsyth County",4,2,4324,2242,2082
050,37,067,"North Carolina","Forsyth County",4,3,4477,2269,2208
050,37,067,"North Carolina","Forsyth County",4,4,4528,2257,2271
050,37,067,"North Carolina","Forsyth County",4,5,4564,2347,2217
050,37,067,"North Carolina","Forsyth County",4,6,4679,2433,2246
050,37,067,"North Carolina","Forsyth County",4,7,4817,2439,2378
050,37,067,"North Carolina","Forsyth County",4,8,4766,2441,2325
050,37,067,"North Carolina","Forsyth County",4,9,4877,2466,2411
050,37,067,"North Carolina","Forsyth County",4,10,4973,2583,2390
050,37,067,"North Carolina","Forsyth County",4,11,5079,2571,2508
050,37,067,"North Carolina","Forsyth County",4,12,5134,2615,2519
050,37,067,"North Carolina","Forsyth County",4,13,5379,2736,2643
050,37,067,"North Carolina","Forsyth County",4,14,5630,2848,2782
050,37,067,"North Carolina","Forsyth County",4,15,5524,2808,2716
050,37,067,"North Carolina","Forsyth County",4,16,5349,2691,2658
050,37,067,"North Carolina","Forsyth County",4,17,5332,2640,2692
050,37,067,"North Carolina","Forsyth County",4,18,5939,2785,3154
050,37,067,"North Carolina","Forsyth County",4,19,6737,3153,3584
050,37,067,"North Carolina","Forsyth County",4,20,6255,2988,3267
050,37,067,"North Carolina","Forsyth County",4,21,5666,2677,2989
050,37,067,"North Carolina","Forsyth County",4,22,5187,2446,2741
050,37,067,"North Carolina","Forsyth County",4,23,4789,2250,2539
050,37,067,"North Carolina","Forsyth County",4,24,4740,2275,2465
050,37,067,"North Carolina","Forsyth County",4,25,4904,2400,2504
050,37,067,"North Carolina","Forsyth County",4,26,4739,2278,2461
050,37,067,"North Carolina","Forsyth County",4,27,4923,2355,2568
050,37,067,"North Carolina","Forsyth County",4,28,5141,2462,2679
050,37,067,"North Carolina","Forsyth County",4,29,5325,2538,2787
050,37,067,"North Carolina","Forsyth County",4,30,5474,2661,2813
050,37,067,"North Carolina","Forsyth County",4,31,5417,2621,2796
050,37,067,"North Carolina","Forsyth County",4,32,5158,2462,2696
050,37,067,"North Carolina","Forsyth County",4,33,5160,2458,2702
050,37,067,"North Carolina","Forsyth County",4,34,4926,2321,2605
050,37,067,"North Carolina","Forsyth County",4,35,5003,2369,2634
050,37,067,"North Carolina","Forsyth County",4,36,4887,2326,2561
050,37,067,"North Carolina","Forsyth County",4,37,4852,2330,2522
050,37,067,"North Carolina","Forsyth County",4,38,4665,2209,2456
050,37,067,"North Carolina","Forsyth County",4,39,4785,2286,2499
050,37,067,"North Carolina","Forsyth County",4,40,4710,2222,2488
050,37,067,"North Carolina","Forsyth County",4,41,4656,2181,2475
050,37,067,"North Carolina","Forsyth County",4,42,4756,2275,2481
050,37,067,"North Carolina","Forsyth County",4,43,4701,2247,2454
050,37,067,"North Carolina","Forsyth County",4,44,4556,2175,2381
050,37,067,"North Carolina","Forsyth County",4,45,4548,2174,2374
050,37,067,"North Carolina","Forsyth County",4,46,4353,2092,2261
050,37,067,"North Carolina","Forsyth County",4,47,4486,2140,2346
050,37,067,"North Carolina","Forsyth County",4,48,4495,2112,2383
050,37,067,"North Carolina","Forsyth County",4,49,4628,2187,2441
050,37,067,"North Carolina","Forsyth County",4,50,4866,2292,2574
050,37,067,"North Carolina","Forsyth County",4,51,5221,2467,2754
050,37,067,"North Carolina","Forsyth County",4,52,5072,2445,2627
050,37,067,"North Carolina","Forsyth County",4,53,4929,2376,2553
050,37,067,"North Carolina","Forsyth County",4,54,4753,2338,2415
050,37,067,"North Carolina","Forsyth County",4,55,4790,2364,2426
050,37,067,"North Carolina","Forsyth County",4,56,4888,2370,2518
050,37,067,"North Carolina","Forsyth County",4,57,4968,2397,2571
050,37,067,"North Carolina","Forsyth County",4,58,5232,2510,2722
050,37,067,"North Carolina","Forsyth County",4,59,5272,2496,2776
050,37,067,"North Carolina","Forsyth County",4,60,5164,2401,2763
050,37,067,"North Carolina","Forsyth County",4,61,5092,2379,2713
050,37,067,"North Carolina","Forsyth County",4,62,4854,2308,2546
050,37,067,"North Carolina","Forsyth County",4,63,4885,2285,2600
050,37,067,"North Carolina","Forsyth County",4,64,4790,2211,2579
050,37,067,"North Carolina","Forsyth County",4,65,4735,2162,2573
050,37,067,"North Carolina","Forsyth County",4,66,4418,2038,2380
050,37,067,"North Carolina","Forsyth County",4,67,4300,1909,2391
050,37,067,"North Carolina","Forsyth County",4,68,4187,1869,2318
050,37,067,"North Carolina","Forsyth County",4,69,4065,1797,2268
050,37,067,"North Carolina","Forsyth County",4,70,3964,1766,2198
050,37,067,"North Carolina","Forsyth County",4,71,3739,1658,2081
050,37,067,"North Carolina","Forsyth County",4,72,3499,1578,1921
050,37,067,"North Carolina","Forsyth County",4,73,3384,1500,1884
050,37,067,"North Carolina","Forsyth County",4,74,3328,1450,1878
050,37,067,"North Carolina","Forsyth County",4,75,3531,1567,1964
050,37,067,"North Carolina","Forsyth County",4,76,2429,1047,1382
050,37,067,"North Carolina","Forsyth County",4,77,2259,969,1290
050,37,067,"North Carolina","Forsyth County",4,78,2151,950,1201
050,37,067,"North Carolina","Forsyth County",4,79,2172,940,1232
050,37,067,"North Carolina","Forsyth County",4,80,1808,741,1067
050,37,067,"North Carolina","Forsyth County",4,81,1577,623,954
050,37,067,"North Carolina","Forsyth County",4,82,1401,565,836
050,37,067,"North Carolina","Forsyth County",4,83,1325,537,788
050,37,067,"North Carolina","Forsyth County",4,84,1200,510,690
050,37,067,"North Carolina","Forsyth County",4,85,6591,2265,4326
050,37,067,"North Carolina","Forsyth County",5,0,4472,2319,2153
050,37,067,"North Carolina","Forsyth County",5,1,4600,2395,2205
050,37,067,"North Carolina","Forsyth County",5,2,4407,2306,2101
050,37,067,"North Carolina","Forsyth County",5,3,4383,2285,2098
050,37,067,"North Carolina","Forsyth County",5,4,4539,2301,2238
050,37,067,"North Carolina","Forsyth County",5,5,4515,2222,2293
050,37,067,"North Carolina","Forsyth County",5,6,4614,2394,2220
050,37,067,"North Carolina","Forsyth County",5,7,4699,2448,2251
050,37,067,"North Carolina","Forsyth County",5,8,4890,2472,2418
050,37,067,"North Carolina","Forsyth County",5,9,4837,2478,2359
050,37,067,"North Carolina","Forsyth County",5,10,4905,2479,2426
050,37,067,"North Carolina","Forsyth County",5,11,4975,2567,2408
050,37,067,"North Carolina","Forsyth County",5,12,5083,2573,2510
050,37,067,"North Carolina","Forsyth County",5,13,5144,2621,2523
050,37,067,"North Carolina","Forsyth County",5,14,5375,2736,2639
050,37,067,"North Carolina","Forsyth County",5,15,5625,2805,2820
050,37,067,"North Carolina","Forsyth County",5,16,5547,2816,2731
050,37,067,"North Carolina","Forsyth County",5,17,5385,2725,2660
050,37,067,"North Carolina","Forsyth County",5,18,5950,2786,3164
050,37,067,"North Carolina","Forsyth County",5,19,6824,3145,3679
050,37,067,"North Carolina","Forsyth County",5,20,6370,3065,3305
050,37,067,"North Carolina","Forsyth County",5,21,5616,2647,2969
050,37,067,"North Carolina","Forsyth County",5,22,5267,2458,2809
050,37,067,"North Carolina","Forsyth County",5,23,4923,2337,2586
050,37,067,"North Carolina","Forsyth County",5,24,4876,2312,2564
050,37,067,"North Carolina","Forsyth County",5,25,4885,2371,2514
050,37,067,"North Carolina","Forsyth County",5,26,4904,2378,2526
050,37,067,"North Carolina","Forsyth County",5,27,4898,2335,2563
050,37,067,"North Carolina","Forsyth County",5,28,5068,2440,2628
050,37,067,"North Carolina","Forsyth County",5,29,5248,2506,2742
050,37,067,"North Carolina","Forsyth County",5,30,5403,2583,2820
050,37,067,"North Carolina","Forsyth County",5,31,5418,2610,2808
050,37,067,"North Carolina","Forsyth County",5,32,5463,2609,2854
050,37,067,"North Carolina","Forsyth County",5,33,5238,2520,2718
050,37,067,"North Carolina","Forsyth County",5,34,5113,2400,2713
050,37,067,"North Carolina","Forsyth County",5,35,4943,2312,2631
050,37,067,"North Carolina","Forsyth County",5,36,5093,2406,2687
050,37,067,"North Carolina","Forsyth County",5,37,4885,2314,2571
050,37,067,"North Carolina","Forsyth County",5,38,4894,2318,2576
050,37,067,"North Carolina","Forsyth County",5,39,4721,2253,2468
050,37,067,"North Carolina","Forsyth County",5,40,4798,2272,2526
050,37,067,"North Carolina","Forsyth County",5,41,4749,2243,2506
050,37,067,"North Carolina","Forsyth County",5,42,4672,2184,2488
050,37,067,"North Carolina","Forsyth County",5,43,4747,2236,2511
050,37,067,"North Carolina","Forsyth County",5,44,4725,2259,2466
050,37,067,"North Carolina","Forsyth County",5,45,4616,2194,2422
050,37,067,"North Carolina","Forsyth County",5,46,4574,2196,2378
050,37,067,"North Carolina","Forsyth County",5,47,4350,2083,2267
050,37,067,"North Carolina","Forsyth County",5,48,4493,2165,2328
050,37,067,"North Carolina","Forsyth County",5,49,4499,2100,2399
050,37,067,"North Carolina","Forsyth County",5,50,4613,2185,2428
050,37,067,"North Carolina","Forsyth County",5,51,4831,2280,2551
050,37,067,"North Carolina","Forsyth County",5,52,5229,2456,2773
050,37,067,"North Carolina","Forsyth County",5,53,5076,2457,2619
050,37,067,"North Carolina","Forsyth County",5,54,4921,2349,2572
050,37,067,"North Carolina","Forsyth County",5,55,4730,2311,2419
050,37,067,"North Carolina","Forsyth County",5,56,4818,2387,2431
050,37,067,"North Carolina","Forsyth County",5,57,4877,2381,2496
050,37,067,"North Carolina","Forsyth County",5,58,4957,2377,2580
050,37,067,"North Carolina","Forsyth County",5,59,5186,2481,2705
050,37,067,"North Carolina","Forsyth County",5,60,5252,2457,2795
050,37,067,"North Carolina","Forsyth County",5,61,5116,2355,2761
050,37,067,"North Carolina","Forsyth County",5,62,5054,2347,2707
050,37,067,"North Carolina","Forsyth County",5,63,4867,2315,2552
050,37,067,"North Carolina","Forsyth County",5,64,4841,2253,2588
050,37,067,"North Carolina","Forsyth County",5,65,4758,2210,2548
050,37,067,"North Carolina","Forsyth County",5,66,4655,2098,2557
050,37,067,"North Carolina","Forsyth County",5,67,4400,2017,2383
050,37,067,"North Carolina","Forsyth County",5,68,4283,1890,2393
050,37,067,"North Carolina","Forsyth County",5,69,4138,1839,2299
050,37,067,"North Carolina","Forsyth County",5,70,4017,1766,2251
050,37,067,"North Carolina","Forsyth County",5,71,3890,1719,2171
050,37,067,"North Carolina","Forsyth County",5,72,3657,1620,2037
050,37,067,"North Carolina","Forsyth County",5,73,3437,1554,1883
050,37,067,"North Carolina","Forsyth County",5,74,3328,1461,1867
050,37,067,"North Carolina","Forsyth County",5,75,3262,1419,1843
050,37,067,"North Carolina","Forsyth County",5,76,3430,1511,1919
050,37,067,"North Carolina","Forsyth County",5,77,2341,1010,1331
050,37,067,"North Carolina","Forsyth County",5,78,2169,927,1242
050,37,067,"North Carolina","Forsyth County",5,79,2085,921,1164
050,37,067,"North Carolina","Forsyth County",5,80,2061,890,1171
050,37,067,"North Carolina","Forsyth County",5,81,1748,701,1047
050,37,067,"North Carolina","Forsyth County",5,82,1472,587,885
050,37,067,"North Carolina","Forsyth County",5,83,1328,542,786
050,37,067,"North Carolina","Forsyth County",5,84,1201,492,709
050,37,067,"North Carolina","Forsyth County",5,85,6675,2373,4302
050,37,069,"North Carolina","Franklin County",1,0,710,362,348
050,37,069,"North Carolina","Franklin County",1,1,714,365,349
050,37,069,"North Carolina","Franklin County",1,2,752,396,356
050,37,069,"North Carolina","Franklin County",1,3,805,390,415
050,37,069,"North Carolina","Franklin County",1,4,797,414,383
050,37,069,"North Carolina","Franklin County",1,5,812,399,413
050,37,069,"North Carolina","Franklin County",1,6,776,382,394
050,37,069,"North Carolina","Franklin County",1,7,790,404,386
050,37,069,"North Carolina","Franklin County",1,8,818,432,386
050,37,069,"North Carolina","Franklin County",1,9,856,435,421
050,37,069,"North Carolina","Franklin County",1,10,845,393,452
050,37,069,"North Carolina","Franklin County",1,11,911,472,439
050,37,069,"North Carolina","Franklin County",1,12,933,481,452
050,37,069,"North Carolina","Franklin County",1,13,939,478,461
050,37,069,"North Carolina","Franklin County",1,14,933,474,459
050,37,069,"North Carolina","Franklin County",1,15,900,455,445
050,37,069,"North Carolina","Franklin County",1,16,891,462,429
050,37,069,"North Carolina","Franklin County",1,17,898,472,426
050,37,069,"North Carolina","Franklin County",1,18,882,475,407
050,37,069,"North Carolina","Franklin County",1,19,864,486,378
050,37,069,"North Carolina","Franklin County",1,20,798,440,358
050,37,069,"North Carolina","Franklin County",1,21,788,433,355
050,37,069,"North Carolina","Franklin County",1,22,812,455,357
050,37,069,"North Carolina","Franklin County",1,23,778,423,355
050,37,069,"North Carolina","Franklin County",1,24,760,421,339
050,37,069,"North Carolina","Franklin County",1,25,795,448,347
050,37,069,"North Carolina","Franklin County",1,26,788,416,372
050,37,069,"North Carolina","Franklin County",1,27,875,461,414
050,37,069,"North Carolina","Franklin County",1,28,849,441,408
050,37,069,"North Carolina","Franklin County",1,29,874,434,440
050,37,069,"North Carolina","Franklin County",1,30,868,447,421
050,37,069,"North Carolina","Franklin County",1,31,819,419,400
050,37,069,"North Carolina","Franklin County",1,32,797,379,418
050,37,069,"North Carolina","Franklin County",1,33,779,388,391
050,37,069,"North Carolina","Franklin County",1,34,818,424,394
050,37,069,"North Carolina","Franklin County",1,35,827,420,407
050,37,069,"North Carolina","Franklin County",1,36,821,417,404
050,37,069,"North Carolina","Franklin County",1,37,876,457,419
050,37,069,"North Carolina","Franklin County",1,38,810,423,387
050,37,069,"North Carolina","Franklin County",1,39,870,449,421
050,37,069,"North Carolina","Franklin County",1,40,842,429,413
050,37,069,"North Carolina","Franklin County",1,41,810,413,397
050,37,069,"North Carolina","Franklin County",1,42,790,417,373
050,37,069,"North Carolina","Franklin County",1,43,836,448,388
050,37,069,"North Carolina","Franklin County",1,44,843,439,404
050,37,069,"North Carolina","Franklin County",1,45,889,429,460
050,37,069,"North Carolina","Franklin County",1,46,884,442,442
050,37,069,"North Carolina","Franklin County",1,47,939,475,464
050,37,069,"North Carolina","Franklin County",1,48,1005,479,526
050,37,069,"North Carolina","Franklin County",1,49,1066,538,528
050,37,069,"North Carolina","Franklin County",1,50,1047,535,512
050,37,069,"North Carolina","Franklin County",1,51,978,499,479
050,37,069,"North Carolina","Franklin County",1,52,980,499,481
050,37,069,"North Carolina","Franklin County",1,53,924,443,481
050,37,069,"North Carolina","Franklin County",1,54,950,470,480
050,37,069,"North Carolina","Franklin County",1,55,1027,515,512
050,37,069,"North Carolina","Franklin County",1,56,1071,541,530
050,37,069,"North Carolina","Franklin County",1,57,1035,519,516
050,37,069,"North Carolina","Franklin County",1,58,1071,509,562
050,37,069,"North Carolina","Franklin County",1,59,1066,520,546
050,37,069,"North Carolina","Franklin County",1,60,1006,508,498
050,37,069,"North Carolina","Franklin County",1,61,992,483,509
050,37,069,"North Carolina","Franklin County",1,62,944,460,484
050,37,069,"North Carolina","Franklin County",1,63,930,476,454
050,37,069,"North Carolina","Franklin County",1,64,938,477,461
050,37,069,"North Carolina","Franklin County",1,65,964,459,505
050,37,069,"North Carolina","Franklin County",1,66,893,400,493
050,37,069,"North Carolina","Franklin County",1,67,801,377,424
050,37,069,"North Carolina","Franklin County",1,68,768,361,407
050,37,069,"North Carolina","Franklin County",1,69,740,329,411
050,37,069,"North Carolina","Franklin County",1,70,713,340,373
050,37,069,"North Carolina","Franklin County",1,71,698,327,371
050,37,069,"North Carolina","Franklin County",1,72,664,323,341
050,37,069,"North Carolina","Franklin County",1,73,652,303,349
050,37,069,"North Carolina","Franklin County",1,74,478,223,255
050,37,069,"North Carolina","Franklin County",1,75,451,216,235
050,37,069,"North Carolina","Franklin County",1,76,445,207,238
050,37,069,"North Carolina","Franklin County",1,77,429,188,241
050,37,069,"North Carolina","Franklin County",1,78,332,135,197
050,37,069,"North Carolina","Franklin County",1,79,288,120,168
050,37,069,"North Carolina","Franklin County",1,80,273,115,158
050,37,069,"North Carolina","Franklin County",1,81,252,102,150
050,37,069,"North Carolina","Franklin County",1,82,263,126,137
050,37,069,"North Carolina","Franklin County",1,83,216,92,124
050,37,069,"North Carolina","Franklin County",1,84,185,79,106
050,37,069,"North Carolina","Franklin County",1,85,1025,362,663
050,37,069,"North Carolina","Franklin County",2,0,715,368,347
050,37,069,"North Carolina","Franklin County",2,1,722,368,354
050,37,069,"North Carolina","Franklin County",2,2,755,392,363
050,37,069,"North Carolina","Franklin County",2,3,793,393,400
050,37,069,"North Carolina","Franklin County",2,4,811,412,399
050,37,069,"North Carolina","Franklin County",2,5,815,405,410
050,37,069,"North Carolina","Franklin County",2,6,795,389,406
050,37,069,"North Carolina","Franklin County",2,7,793,398,395
050,37,069,"North Carolina","Franklin County",2,8,820,429,391
050,37,069,"North Carolina","Franklin County",2,9,855,438,417
050,37,069,"North Carolina","Franklin County",2,10,853,408,445
050,37,069,"North Carolina","Franklin County",2,11,894,453,441
050,37,069,"North Carolina","Franklin County",2,12,938,483,455
050,37,069,"North Carolina","Franklin County",2,13,946,480,466
050,37,069,"North Carolina","Franklin County",2,14,936,475,461
050,37,069,"North Carolina","Franklin County",2,15,911,462,449
050,37,069,"North Carolina","Franklin County",2,16,898,463,435
050,37,069,"North Carolina","Franklin County",2,17,896,472,424
050,37,069,"North Carolina","Franklin County",2,18,872,470,402
050,37,069,"North Carolina","Franklin County",2,19,869,492,377
050,37,069,"North Carolina","Franklin County",2,20,814,446,368
050,37,069,"North Carolina","Franklin County",2,21,792,436,356
050,37,069,"North Carolina","Franklin County",2,22,808,448,360
050,37,069,"North Carolina","Franklin County",2,23,784,427,357
050,37,069,"North Carolina","Franklin County",2,24,770,422,348
050,37,069,"North Carolina","Franklin County",2,25,794,444,350
050,37,069,"North Carolina","Franklin County",2,26,804,432,372
050,37,069,"North Carolina","Franklin County",2,27,861,454,407
050,37,069,"North Carolina","Franklin County",2,28,872,452,420
050,37,069,"North Carolina","Franklin County",2,29,883,444,439
050,37,069,"North Carolina","Franklin County",2,30,894,461,433
050,37,069,"North Carolina","Franklin County",2,31,839,429,410
050,37,069,"North Carolina","Franklin County",2,32,809,390,419
050,37,069,"North Carolina","Franklin County",2,33,789,388,401
050,37,069,"North Carolina","Franklin County",2,34,824,427,397
050,37,069,"North Carolina","Franklin County",2,35,843,428,415
050,37,069,"North Carolina","Franklin County",2,36,830,422,408
050,37,069,"North Carolina","Franklin County",2,37,873,452,421
050,37,069,"North Carolina","Franklin County",2,38,837,435,402
050,37,069,"North Carolina","Franklin County",2,39,863,448,415
050,37,069,"North Carolina","Franklin County",2,40,864,443,421
050,37,069,"North Carolina","Franklin County",2,41,820,417,403
050,37,069,"North Carolina","Franklin County",2,42,797,418,379
050,37,069,"North Carolina","Franklin County",2,43,838,448,390
050,37,069,"North Carolina","Franklin County",2,44,838,438,400
050,37,069,"North Carolina","Franklin County",2,45,889,437,452
050,37,069,"North Carolina","Franklin County",2,46,889,441,448
050,37,069,"North Carolina","Franklin County",2,47,933,468,465
050,37,069,"North Carolina","Franklin County",2,48,988,478,510
050,37,069,"North Carolina","Franklin County",2,49,1067,532,535
050,37,069,"North Carolina","Franklin County",2,50,1056,537,519
050,37,069,"North Carolina","Franklin County",2,51,998,510,488
050,37,069,"North Carolina","Franklin County",2,52,982,501,481
050,37,069,"North Carolina","Franklin County",2,53,948,460,488
050,37,069,"North Carolina","Franklin County",2,54,947,465,482
050,37,069,"North Carolina","Franklin County",2,55,1016,506,510
050,37,069,"North Carolina","Franklin County",2,56,1069,537,532
050,37,069,"North Carolina","Franklin County",2,57,1055,531,524
050,37,069,"North Carolina","Franklin County",2,58,1064,511,553
050,37,069,"North Carolina","Franklin County",2,59,1078,523,555
050,37,069,"North Carolina","Franklin County",2,60,1023,514,509
050,37,069,"North Carolina","Franklin County",2,61,998,490,508
050,37,069,"North Carolina","Franklin County",2,62,957,467,490
050,37,069,"North Carolina","Franklin County",2,63,948,481,467
050,37,069,"North Carolina","Franklin County",2,64,935,476,459
050,37,069,"North Carolina","Franklin County",2,65,956,459,497
050,37,069,"North Carolina","Franklin County",2,66,914,414,500
050,37,069,"North Carolina","Franklin County",2,67,825,383,442
050,37,069,"North Carolina","Franklin County",2,68,768,359,409
050,37,069,"North Carolina","Franklin County",2,69,754,342,412
050,37,069,"North Carolina","Franklin County",2,70,725,339,386
050,37,069,"North Carolina","Franklin County",2,71,702,332,370
050,37,069,"North Carolina","Franklin County",2,72,665,320,345
050,37,069,"North Carolina","Franklin County",2,73,688,323,365
050,37,069,"North Carolina","Franklin County",2,74,486,224,262
050,37,069,"North Carolina","Franklin County",2,75,459,219,240
050,37,069,"North Carolina","Franklin County",2,76,442,208,234
050,37,069,"North Carolina","Franklin County",2,77,442,197,245
050,37,069,"North Carolina","Franklin County",2,78,349,144,205
050,37,069,"North Carolina","Franklin County",2,79,297,123,174
050,37,069,"North Carolina","Franklin County",2,80,274,114,160
050,37,069,"North Carolina","Franklin County",2,81,252,104,148
050,37,069,"North Carolina","Franklin County",2,82,258,118,140
050,37,069,"North Carolina","Franklin County",2,83,224,100,124
050,37,069,"North Carolina","Franklin County",2,84,192,82,110
050,37,069,"North Carolina","Franklin County",2,85,1025,367,658
050,37,069,"North Carolina","Franklin County",3,0,773,380,393
050,37,069,"North Carolina","Franklin County",3,1,752,369,383
050,37,069,"North Carolina","Franklin County",3,2,772,407,365
050,37,069,"North Carolina","Franklin County",3,3,822,416,406
050,37,069,"North Carolina","Franklin County",3,4,856,435,421
050,37,069,"North Carolina","Franklin County",3,5,855,433,422
050,37,069,"North Carolina","Franklin County",3,6,839,415,424
050,37,069,"North Carolina","Franklin County",3,7,837,416,421
050,37,069,"North Carolina","Franklin County",3,8,800,394,406
050,37,069,"North Carolina","Franklin County",3,9,866,448,418
050,37,069,"North Carolina","Franklin County",3,10,897,464,433
050,37,069,"North Carolina","Franklin County",3,11,886,422,464
050,37,069,"North Carolina","Franklin County",3,12,904,465,439
050,37,069,"North Carolina","Franklin County",3,13,972,498,474
050,37,069,"North Carolina","Franklin County",3,14,999,505,494
050,37,069,"North Carolina","Franklin County",3,15,991,505,486
050,37,069,"North Carolina","Franklin County",3,16,942,480,462
050,37,069,"North Carolina","Franklin County",3,17,927,478,449
050,37,069,"North Carolina","Franklin County",3,18,896,491,405
050,37,069,"North Carolina","Franklin County",3,19,861,493,368
050,37,069,"North Carolina","Franklin County",3,20,832,469,363
050,37,069,"North Carolina","Franklin County",3,21,819,451,368
050,37,069,"North Carolina","Franklin County",3,22,780,409,371
050,37,069,"North Carolina","Franklin County",3,23,841,449,392
050,37,069,"North Carolina","Franklin County",3,24,826,437,389
050,37,069,"North Carolina","Franklin County",3,25,824,440,384
050,37,069,"North Carolina","Franklin County",3,26,833,450,383
050,37,069,"North Carolina","Franklin County",3,27,874,467,407
050,37,069,"North Carolina","Franklin County",3,28,957,507,450
050,37,069,"North Carolina","Franklin County",3,29,952,484,468
050,37,069,"North Carolina","Franklin County",3,30,941,469,472
050,37,069,"North Carolina","Franklin County",3,31,949,489,460
050,37,069,"North Carolina","Franklin County",3,32,881,459,422
050,37,069,"North Carolina","Franklin County",3,33,885,428,457
050,37,069,"North Carolina","Franklin County",3,34,842,440,402
050,37,069,"North Carolina","Franklin County",3,35,894,448,446
050,37,069,"North Carolina","Franklin County",3,36,887,438,449
050,37,069,"North Carolina","Franklin County",3,37,894,472,422
050,37,069,"North Carolina","Franklin County",3,38,900,476,424
050,37,069,"North Carolina","Franklin County",3,39,892,458,434
050,37,069,"North Carolina","Franklin County",3,40,918,474,444
050,37,069,"North Carolina","Franklin County",3,41,874,440,434
050,37,069,"North Carolina","Franklin County",3,42,867,451,416
050,37,069,"North Carolina","Franklin County",3,43,854,446,408
050,37,069,"North Carolina","Franklin County",3,44,866,453,413
050,37,069,"North Carolina","Franklin County",3,45,856,436,420
050,37,069,"North Carolina","Franklin County",3,46,922,460,462
050,37,069,"North Carolina","Franklin County",3,47,903,439,464
050,37,069,"North Carolina","Franklin County",3,48,961,480,481
050,37,069,"North Carolina","Franklin County",3,49,1028,493,535
050,37,069,"North Carolina","Franklin County",3,50,1092,540,552
050,37,069,"North Carolina","Franklin County",3,51,1103,557,546
050,37,069,"North Carolina","Franklin County",3,52,1021,521,500
050,37,069,"North Carolina","Franklin County",3,53,1018,517,501
050,37,069,"North Carolina","Franklin County",3,54,980,476,504
050,37,069,"North Carolina","Franklin County",3,55,978,481,497
050,37,069,"North Carolina","Franklin County",3,56,1032,503,529
050,37,069,"North Carolina","Franklin County",3,57,1105,564,541
050,37,069,"North Carolina","Franklin County",3,58,1076,539,537
050,37,069,"North Carolina","Franklin County",3,59,1105,522,583
050,37,069,"North Carolina","Franklin County",3,60,1111,539,572
050,37,069,"North Carolina","Franklin County",3,61,1055,526,529
050,37,069,"North Carolina","Franklin County",3,62,1003,491,512
050,37,069,"North Carolina","Franklin County",3,63,970,464,506
050,37,069,"North Carolina","Franklin County",3,64,925,459,466
050,37,069,"North Carolina","Franklin County",3,65,927,463,464
050,37,069,"North Carolina","Franklin County",3,66,978,459,519
050,37,069,"North Carolina","Franklin County",3,67,919,415,504
050,37,069,"North Carolina","Franklin County",3,68,810,371,439
050,37,069,"North Carolina","Franklin County",3,69,771,359,412
050,37,069,"North Carolina","Franklin County",3,70,752,345,407
050,37,069,"North Carolina","Franklin County",3,71,725,340,385
050,37,069,"North Carolina","Franklin County",3,72,706,335,371
050,37,069,"North Carolina","Franklin County",3,73,643,310,333
050,37,069,"North Carolina","Franklin County",3,74,674,316,358
050,37,069,"North Carolina","Franklin County",3,75,469,218,251
050,37,069,"North Carolina","Franklin County",3,76,444,212,232
050,37,069,"North Carolina","Franklin County",3,77,421,193,228
050,37,069,"North Carolina","Franklin County",3,78,420,177,243
050,37,069,"North Carolina","Franklin County",3,79,336,134,202
050,37,069,"North Carolina","Franklin County",3,80,292,121,171
050,37,069,"North Carolina","Franklin County",3,81,265,108,157
050,37,069,"North Carolina","Franklin County",3,82,230,88,142
050,37,069,"North Carolina","Franklin County",3,83,240,111,129
050,37,069,"North Carolina","Franklin County",3,84,196,81,115
050,37,069,"North Carolina","Franklin County",3,85,1041,384,657
050,37,069,"North Carolina","Franklin County",4,0,830,425,405
050,37,069,"North Carolina","Franklin County",4,1,825,384,441
050,37,069,"North Carolina","Franklin County",4,2,839,400,439
050,37,069,"North Carolina","Franklin County",4,3,811,429,382
050,37,069,"North Carolina","Franklin County",4,4,870,450,420
050,37,069,"North Carolina","Franklin County",4,5,880,443,437
050,37,069,"North Carolina","Franklin County",4,6,912,463,449
050,37,069,"North Carolina","Franklin County",4,7,873,437,436
050,37,069,"North Carolina","Franklin County",4,8,889,426,463
050,37,069,"North Carolina","Franklin County",4,9,820,409,411
050,37,069,"North Carolina","Franklin County",4,10,897,451,446
050,37,069,"North Carolina","Franklin County",4,11,926,476,450
050,37,069,"North Carolina","Franklin County",4,12,904,414,490
050,37,069,"North Carolina","Franklin County",4,13,943,484,459
050,37,069,"North Carolina","Franklin County",4,14,1015,516,499
050,37,069,"North Carolina","Franklin County",4,15,1033,534,499
050,37,069,"North Carolina","Franklin County",4,16,999,517,482
050,37,069,"North Carolina","Franklin County",4,17,959,494,465
050,37,069,"North Carolina","Franklin County",4,18,886,478,408
050,37,069,"North Carolina","Franklin County",4,19,888,518,370
050,37,069,"North Carolina","Franklin County",4,20,815,448,367
050,37,069,"North Carolina","Franklin County",4,21,848,471,377
050,37,069,"North Carolina","Franklin County",4,22,830,444,386
050,37,069,"North Carolina","Franklin County",4,23,816,425,391
050,37,069,"North Carolina","Franklin County",4,24,848,452,396
050,37,069,"North Carolina","Franklin County",4,25,860,444,416
050,37,069,"North Carolina","Franklin County",4,26,869,460,409
050,37,069,"North Carolina","Franklin County",4,27,869,469,400
050,37,069,"North Carolina","Franklin County",4,28,908,467,441
050,37,069,"North Carolina","Franklin County",4,29,1032,534,498
050,37,069,"North Carolina","Franklin County",4,30,1014,508,506
050,37,069,"North Carolina","Franklin County",4,31,982,472,510
050,37,069,"North Carolina","Franklin County",4,32,1010,507,503
050,37,069,"North Carolina","Franklin County",4,33,955,494,461
050,37,069,"North Carolina","Franklin County",4,34,940,479,461
050,37,069,"North Carolina","Franklin County",4,35,886,449,437
050,37,069,"North Carolina","Franklin County",4,36,942,476,466
050,37,069,"North Carolina","Franklin County",4,37,931,460,471
050,37,069,"North Carolina","Franklin County",4,38,957,503,454
050,37,069,"North Carolina","Franklin County",4,39,935,498,437
050,37,069,"North Carolina","Franklin County",4,40,902,463,439
050,37,069,"North Carolina","Franklin County",4,41,936,471,465
050,37,069,"North Carolina","Franklin County",4,42,935,461,474
050,37,069,"North Carolina","Franklin County",4,43,925,482,443
050,37,069,"North Carolina","Franklin County",4,44,858,436,422
050,37,069,"North Carolina","Franklin County",4,45,900,467,433
050,37,069,"North Carolina","Franklin County",4,46,892,461,431
050,37,069,"North Carolina","Franklin County",4,47,931,463,468
050,37,069,"North Carolina","Franklin County",4,48,921,459,462
050,37,069,"North Carolina","Franklin County",4,49,999,500,499
050,37,069,"North Carolina","Franklin County",4,50,1039,498,541
050,37,069,"North Carolina","Franklin County",4,51,1098,544,554
050,37,069,"North Carolina","Franklin County",4,52,1117,563,554
050,37,069,"North Carolina","Franklin County",4,53,1070,547,523
050,37,069,"North Carolina","Franklin County",4,54,1023,512,511
050,37,069,"North Carolina","Franklin County",4,55,1014,499,515
050,37,069,"North Carolina","Franklin County",4,56,1009,496,513
050,37,069,"North Carolina","Franklin County",4,57,1049,507,542
050,37,069,"North Carolina","Franklin County",4,58,1148,579,569
050,37,069,"North Carolina","Franklin County",4,59,1108,551,557
050,37,069,"North Carolina","Franklin County",4,60,1133,541,592
050,37,069,"North Carolina","Franklin County",4,61,1144,547,597
050,37,069,"North Carolina","Franklin County",4,62,1092,533,559
050,37,069,"North Carolina","Franklin County",4,63,1024,497,527
050,37,069,"North Carolina","Franklin County",4,64,986,475,511
050,37,069,"North Carolina","Franklin County",4,65,931,452,479
050,37,069,"North Carolina","Franklin County",4,66,942,476,466
050,37,069,"North Carolina","Franklin County",4,67,991,459,532
050,37,069,"North Carolina","Franklin County",4,68,917,409,508
050,37,069,"North Carolina","Franklin County",4,69,819,377,442
050,37,069,"North Carolina","Franklin County",4,70,767,355,412
050,37,069,"North Carolina","Franklin County",4,71,748,351,397
050,37,069,"North Carolina","Franklin County",4,72,720,339,381
050,37,069,"North Carolina","Franklin County",4,73,689,319,370
050,37,069,"North Carolina","Franklin County",4,74,641,311,330
050,37,069,"North Carolina","Franklin County",4,75,652,300,352
050,37,069,"North Carolina","Franklin County",4,76,452,216,236
050,37,069,"North Carolina","Franklin County",4,77,419,202,217
050,37,069,"North Carolina","Franklin County",4,78,400,180,220
050,37,069,"North Carolina","Franklin County",4,79,419,173,246
050,37,069,"North Carolina","Franklin County",4,80,326,131,195
050,37,069,"North Carolina","Franklin County",4,81,274,113,161
050,37,069,"North Carolina","Franklin County",4,82,255,103,152
050,37,069,"North Carolina","Franklin County",4,83,215,84,131
050,37,069,"North Carolina","Franklin County",4,84,236,105,131
050,37,069,"North Carolina","Franklin County",4,85,1088,404,684
050,37,069,"North Carolina","Franklin County",5,0,831,427,404
050,37,069,"North Carolina","Franklin County",5,1,863,451,412
050,37,069,"North Carolina","Franklin County",5,2,860,407,453
050,37,069,"North Carolina","Franklin County",5,3,915,444,471
050,37,069,"North Carolina","Franklin County",5,4,868,451,417
050,37,069,"North Carolina","Franklin County",5,5,896,455,441
050,37,069,"North Carolina","Franklin County",5,6,927,461,466
050,37,069,"North Carolina","Franklin County",5,7,951,486,465
050,37,069,"North Carolina","Franklin County",5,8,942,461,481
050,37,069,"North Carolina","Franklin County",5,9,920,449,471
050,37,069,"North Carolina","Franklin County",5,10,868,438,430
050,37,069,"North Carolina","Franklin County",5,11,930,483,447
050,37,069,"North Carolina","Franklin County",5,12,946,477,469
050,37,069,"North Carolina","Franklin County",5,13,920,423,497
050,37,069,"North Carolina","Franklin County",5,14,954,490,464
050,37,069,"North Carolina","Franklin County",5,15,1074,550,524
050,37,069,"North Carolina","Franklin County",5,16,1026,532,494
050,37,069,"North Carolina","Franklin County",5,17,1018,525,493
050,37,069,"North Carolina","Franklin County",5,18,914,479,435
050,37,069,"North Carolina","Franklin County",5,19,884,502,382
050,37,069,"North Carolina","Franklin County",5,20,869,503,366
050,37,069,"North Carolina","Franklin County",5,21,814,455,359
050,37,069,"North Carolina","Franklin County",5,22,851,478,373
050,37,069,"North Carolina","Franklin County",5,23,835,439,396
050,37,069,"North Carolina","Franklin County",5,24,825,413,412
050,37,069,"North Carolina","Franklin County",5,25,883,446,437
050,37,069,"North Carolina","Franklin County",5,26,891,457,434
050,37,069,"North Carolina","Franklin County",5,27,905,483,422
050,37,069,"North Carolina","Franklin County",5,28,908,476,432
050,37,069,"North Carolina","Franklin County",5,29,937,482,455
050,37,069,"North Carolina","Franklin County",5,30,1101,572,529
050,37,069,"North Carolina","Franklin County",5,31,1078,535,543
050,37,069,"North Carolina","Franklin County",5,32,1028,494,534
050,37,069,"North Carolina","Franklin County",5,33,1078,543,535
050,37,069,"North Carolina","Franklin County",5,34,1039,534,505
050,37,069,"North Carolina","Franklin County",5,35,1028,515,513
050,37,069,"North Carolina","Franklin County",5,36,948,480,468
050,37,069,"North Carolina","Franklin County",5,37,1006,520,486
050,37,069,"North Carolina","Franklin County",5,38,989,493,496
050,37,069,"North Carolina","Franklin County",5,39,967,506,461
050,37,069,"North Carolina","Franklin County",5,40,973,511,462
050,37,069,"North Carolina","Franklin County",5,41,930,484,446
050,37,069,"North Carolina","Franklin County",5,42,995,514,481
050,37,069,"North Carolina","Franklin County",5,43,986,493,493
050,37,069,"North Carolina","Franklin County",5,44,944,484,460
050,37,069,"North Carolina","Franklin County",5,45,906,448,458
050,37,069,"North Carolina","Franklin County",5,46,927,484,443
050,37,069,"North Carolina","Franklin County",5,47,922,462,460
050,37,069,"North Carolina","Franklin County",5,48,959,473,486
050,37,069,"North Carolina","Franklin County",5,49,954,480,474
050,37,069,"North Carolina","Franklin County",5,50,1031,510,521
050,37,069,"North Carolina","Franklin County",5,51,1067,502,565
050,37,069,"North Carolina","Franklin County",5,52,1103,548,555
050,37,069,"North Carolina","Franklin County",5,53,1133,566,567
050,37,069,"North Carolina","Franklin County",5,54,1086,555,531
050,37,069,"North Carolina","Franklin County",5,55,1035,519,516
050,37,069,"North Carolina","Franklin County",5,56,1031,502,529
050,37,069,"North Carolina","Franklin County",5,57,1033,501,532
050,37,069,"North Carolina","Franklin County",5,58,1091,529,562
050,37,069,"North Carolina","Franklin County",5,59,1184,595,589
050,37,069,"North Carolina","Franklin County",5,60,1159,573,586
050,37,069,"North Carolina","Franklin County",5,61,1152,550,602
050,37,069,"North Carolina","Franklin County",5,62,1167,566,601
050,37,069,"North Carolina","Franklin County",5,63,1108,537,571
050,37,069,"North Carolina","Franklin County",5,64,1036,501,535
050,37,069,"North Carolina","Franklin County",5,65,1005,465,540
050,37,069,"North Carolina","Franklin County",5,66,947,462,485
050,37,069,"North Carolina","Franklin County",5,67,954,487,467
050,37,069,"North Carolina","Franklin County",5,68,982,457,525
050,37,069,"North Carolina","Franklin County",5,69,919,409,510
050,37,069,"North Carolina","Franklin County",5,70,812,378,434
050,37,069,"North Carolina","Franklin County",5,71,761,352,409
050,37,069,"North Carolina","Franklin County",5,72,741,346,395
050,37,069,"North Carolina","Franklin County",5,73,708,327,381
050,37,069,"North Carolina","Franklin County",5,74,696,326,370
050,37,069,"North Carolina","Franklin County",5,75,632,304,328
050,37,069,"North Carolina","Franklin County",5,76,627,291,336
050,37,069,"North Carolina","Franklin County",5,77,441,214,227
050,37,069,"North Carolina","Franklin County",5,78,408,191,217
050,37,069,"North Carolina","Franklin County",5,79,392,169,223
050,37,069,"North Carolina","Franklin County",5,80,398,165,233
050,37,069,"North Carolina","Franklin County",5,81,316,120,196
050,37,069,"North Carolina","Franklin County",5,82,259,104,155
050,37,069,"North Carolina","Franklin County",5,83,237,97,140
050,37,069,"North Carolina","Franklin County",5,84,207,77,130
050,37,069,"North Carolina","Franklin County",5,85,1160,440,720
050,37,071,"North Carolina","Gaston County",1,0,2549,1311,1238
050,37,071,"North Carolina","Gaston County",1,1,2562,1343,1219
050,37,071,"North Carolina","Gaston County",1,2,2655,1412,1243
050,37,071,"North Carolina","Gaston County",1,3,2704,1388,1316
050,37,071,"North Carolina","Gaston County",1,4,2799,1440,1359
050,37,071,"North Carolina","Gaston County",1,5,2828,1426,1402
050,37,071,"North Carolina","Gaston County",1,6,2692,1389,1303
050,37,071,"North Carolina","Gaston County",1,7,2804,1444,1360
050,37,071,"North Carolina","Gaston County",1,8,2851,1453,1398
050,37,071,"North Carolina","Gaston County",1,9,2917,1485,1432
050,37,071,"North Carolina","Gaston County",1,10,3001,1525,1476
050,37,071,"North Carolina","Gaston County",1,11,3018,1540,1478
050,37,071,"North Carolina","Gaston County",1,12,3108,1534,1574
050,37,071,"North Carolina","Gaston County",1,13,3164,1568,1596
050,37,071,"North Carolina","Gaston County",1,14,3087,1601,1486
050,37,071,"North Carolina","Gaston County",1,15,3028,1588,1440
050,37,071,"North Carolina","Gaston County",1,16,3081,1592,1489
050,37,071,"North Carolina","Gaston County",1,17,3018,1523,1495
050,37,071,"North Carolina","Gaston County",1,18,2712,1426,1286
050,37,071,"North Carolina","Gaston County",1,19,2433,1281,1152
050,37,071,"North Carolina","Gaston County",1,20,2544,1304,1240
050,37,071,"North Carolina","Gaston County",1,21,2536,1275,1261
050,37,071,"North Carolina","Gaston County",1,22,2577,1307,1270
050,37,071,"North Carolina","Gaston County",1,23,2576,1294,1282
050,37,071,"North Carolina","Gaston County",1,24,2683,1356,1327
050,37,071,"North Carolina","Gaston County",1,25,2723,1377,1346
050,37,071,"North Carolina","Gaston County",1,26,2898,1463,1435
050,37,071,"North Carolina","Gaston County",1,27,3028,1470,1558
050,37,071,"North Carolina","Gaston County",1,28,3166,1561,1605
050,37,071,"North Carolina","Gaston County",1,29,3345,1648,1697
050,37,071,"North Carolina","Gaston County",1,30,3136,1541,1595
050,37,071,"North Carolina","Gaston County",1,31,3078,1453,1625
050,37,071,"North Carolina","Gaston County",1,32,3068,1454,1614
050,37,071,"North Carolina","Gaston County",1,33,3011,1459,1552
050,37,071,"North Carolina","Gaston County",1,34,3009,1437,1572
050,37,071,"North Carolina","Gaston County",1,35,2891,1415,1476
050,37,071,"North Carolina","Gaston County",1,36,2746,1337,1409
050,37,071,"North Carolina","Gaston County",1,37,2913,1433,1480
050,37,071,"North Carolina","Gaston County",1,38,2872,1341,1531
050,37,071,"North Carolina","Gaston County",1,39,2805,1349,1456
050,37,071,"North Carolina","Gaston County",1,40,2844,1395,1449
050,37,071,"North Carolina","Gaston County",1,41,2775,1339,1436
050,37,071,"North Carolina","Gaston County",1,42,2828,1351,1477
050,37,071,"North Carolina","Gaston County",1,43,2756,1339,1417
050,37,071,"North Carolina","Gaston County",1,44,2780,1314,1466
050,37,071,"North Carolina","Gaston County",1,45,2875,1350,1525
050,37,071,"North Carolina","Gaston County",1,46,3015,1434,1581
050,37,071,"North Carolina","Gaston County",1,47,3232,1581,1651
050,37,071,"North Carolina","Gaston County",1,48,3423,1662,1761
050,37,071,"North Carolina","Gaston County",1,49,3542,1747,1795
050,37,071,"North Carolina","Gaston County",1,50,3353,1613,1740
050,37,071,"North Carolina","Gaston County",1,51,3223,1579,1644
050,37,071,"North Carolina","Gaston County",1,52,3222,1586,1636
050,37,071,"North Carolina","Gaston County",1,53,3195,1609,1586
050,37,071,"North Carolina","Gaston County",1,54,3144,1577,1567
050,37,071,"North Carolina","Gaston County",1,55,3228,1608,1620
050,37,071,"North Carolina","Gaston County",1,56,3262,1616,1646
050,37,071,"North Carolina","Gaston County",1,57,3191,1553,1638
050,37,071,"North Carolina","Gaston County",1,58,3180,1522,1658
050,37,071,"North Carolina","Gaston County",1,59,3153,1542,1611
050,37,071,"North Carolina","Gaston County",1,60,2975,1494,1481
050,37,071,"North Carolina","Gaston County",1,61,2876,1361,1515
050,37,071,"North Carolina","Gaston County",1,62,2906,1383,1523
050,37,071,"North Carolina","Gaston County",1,63,2832,1353,1479
050,37,071,"North Carolina","Gaston County",1,64,2783,1289,1494
050,37,071,"North Carolina","Gaston County",1,65,2633,1250,1383
050,37,071,"North Carolina","Gaston County",1,66,2521,1219,1302
050,37,071,"North Carolina","Gaston County",1,67,2474,1151,1323
050,37,071,"North Carolina","Gaston County",1,68,2471,1122,1349
050,37,071,"North Carolina","Gaston County",1,69,2234,1033,1201
050,37,071,"North Carolina","Gaston County",1,70,2119,990,1129
050,37,071,"North Carolina","Gaston County",1,71,2083,945,1138
050,37,071,"North Carolina","Gaston County",1,72,2144,967,1177
050,37,071,"North Carolina","Gaston County",1,73,2221,995,1226
050,37,071,"North Carolina","Gaston County",1,74,1500,647,853
050,37,071,"North Carolina","Gaston County",1,75,1445,616,829
050,37,071,"North Carolina","Gaston County",1,76,1413,578,835
050,37,071,"North Carolina","Gaston County",1,77,1411,615,796
050,37,071,"North Carolina","Gaston County",1,78,1152,476,676
050,37,071,"North Carolina","Gaston County",1,79,1047,438,609
050,37,071,"North Carolina","Gaston County",1,80,998,396,602
050,37,071,"North Carolina","Gaston County",1,81,854,331,523
050,37,071,"North Carolina","Gaston County",1,82,800,309,491
050,37,071,"North Carolina","Gaston County",1,83,750,285,465
050,37,071,"North Carolina","Gaston County",1,84,690,253,437
050,37,071,"North Carolina","Gaston County",1,85,3774,1207,2567
050,37,071,"North Carolina","Gaston County",2,0,2562,1328,1234
050,37,071,"North Carolina","Gaston County",2,1,2564,1336,1228
050,37,071,"North Carolina","Gaston County",2,2,2643,1395,1248
050,37,071,"North Carolina","Gaston County",2,3,2684,1390,1294
050,37,071,"North Carolina","Gaston County",2,4,2786,1429,1357
050,37,071,"North Carolina","Gaston County",2,5,2824,1432,1392
050,37,071,"North Carolina","Gaston County",2,6,2743,1407,1336
050,37,071,"North Carolina","Gaston County",2,7,2782,1436,1346
050,37,071,"North Carolina","Gaston County",2,8,2851,1459,1392
050,37,071,"North Carolina","Gaston County",2,9,2909,1483,1426
050,37,071,"North Carolina","Gaston County",2,10,2978,1513,1465
050,37,071,"North Carolina","Gaston County",2,11,3009,1532,1477
050,37,071,"North Carolina","Gaston County",2,12,3107,1545,1562
050,37,071,"North Carolina","Gaston County",2,13,3159,1565,1594
050,37,071,"North Carolina","Gaston County",2,14,3114,1597,1517
050,37,071,"North Carolina","Gaston County",2,15,3053,1599,1454
050,37,071,"North Carolina","Gaston County",2,16,3089,1602,1487
050,37,071,"North Carolina","Gaston County",2,17,3042,1548,1494
050,37,071,"North Carolina","Gaston County",2,18,2710,1420,1290
050,37,071,"North Carolina","Gaston County",2,19,2431,1278,1153
050,37,071,"North Carolina","Gaston County",2,20,2564,1310,1254
050,37,071,"North Carolina","Gaston County",2,21,2561,1291,1270
050,37,071,"North Carolina","Gaston County",2,22,2597,1312,1285
050,37,071,"North Carolina","Gaston County",2,23,2603,1306,1297
050,37,071,"North Carolina","Gaston County",2,24,2669,1346,1323
050,37,071,"North Carolina","Gaston County",2,25,2728,1378,1350
050,37,071,"North Carolina","Gaston County",2,26,2878,1450,1428
050,37,071,"North Carolina","Gaston County",2,27,3008,1477,1531
050,37,071,"North Carolina","Gaston County",2,28,3148,1548,1600
050,37,071,"North Carolina","Gaston County",2,29,3317,1635,1682
050,37,071,"North Carolina","Gaston County",2,30,3216,1578,1638
050,37,071,"North Carolina","Gaston County",2,31,3102,1482,1620
050,37,071,"North Carolina","Gaston County",2,32,3074,1448,1626
050,37,071,"North Carolina","Gaston County",2,33,3032,1460,1572
050,37,071,"North Carolina","Gaston County",2,34,3022,1447,1575
050,37,071,"North Carolina","Gaston County",2,35,2947,1429,1518
050,37,071,"North Carolina","Gaston County",2,36,2766,1349,1417
050,37,071,"North Carolina","Gaston County",2,37,2877,1411,1466
050,37,071,"North Carolina","Gaston County",2,38,2903,1376,1527
050,37,071,"North Carolina","Gaston County",2,39,2828,1350,1478
050,37,071,"North Carolina","Gaston County",2,40,2862,1400,1462
050,37,071,"North Carolina","Gaston County",2,41,2789,1349,1440
050,37,071,"North Carolina","Gaston County",2,42,2800,1340,1460
050,37,071,"North Carolina","Gaston County",2,43,2790,1350,1440
050,37,071,"North Carolina","Gaston County",2,44,2752,1308,1444
050,37,071,"North Carolina","Gaston County",2,45,2871,1348,1523
050,37,071,"North Carolina","Gaston County",2,46,2978,1412,1566
050,37,071,"North Carolina","Gaston County",2,47,3167,1538,1629
050,37,071,"North Carolina","Gaston County",2,48,3374,1635,1739
050,37,071,"North Carolina","Gaston County",2,49,3532,1737,1795
050,37,071,"North Carolina","Gaston County",2,50,3409,1653,1756
050,37,071,"North Carolina","Gaston County",2,51,3253,1585,1668
050,37,071,"North Carolina","Gaston County",2,52,3218,1578,1640
050,37,071,"North Carolina","Gaston County",2,53,3207,1609,1598
050,37,071,"North Carolina","Gaston County",2,54,3148,1577,1571
050,37,071,"North Carolina","Gaston County",2,55,3208,1605,1603
050,37,071,"North Carolina","Gaston County",2,56,3269,1619,1650
050,37,071,"North Carolina","Gaston County",2,57,3220,1573,1647
050,37,071,"North Carolina","Gaston County",2,58,3182,1525,1657
050,37,071,"North Carolina","Gaston County",2,59,3176,1545,1631
050,37,071,"North Carolina","Gaston County",2,60,3006,1495,1511
050,37,071,"North Carolina","Gaston County",2,61,2889,1384,1505
050,37,071,"North Carolina","Gaston County",2,62,2898,1376,1522
050,37,071,"North Carolina","Gaston County",2,63,2870,1371,1499
050,37,071,"North Carolina","Gaston County",2,64,2783,1296,1487
050,37,071,"North Carolina","Gaston County",2,65,2665,1254,1411
050,37,071,"North Carolina","Gaston County",2,66,2548,1221,1327
050,37,071,"North Carolina","Gaston County",2,67,2472,1155,1317
050,37,071,"North Carolina","Gaston County",2,68,2447,1113,1334
050,37,071,"North Carolina","Gaston County",2,69,2289,1055,1234
050,37,071,"North Carolina","Gaston County",2,70,2131,991,1140
050,37,071,"North Carolina","Gaston County",2,71,2080,948,1132
050,37,071,"North Carolina","Gaston County",2,72,2078,937,1141
050,37,071,"North Carolina","Gaston County",2,73,2293,1026,1267
050,37,071,"North Carolina","Gaston County",2,74,1561,676,885
050,37,071,"North Carolina","Gaston County",2,75,1461,626,835
050,37,071,"North Carolina","Gaston County",2,76,1399,575,824
050,37,071,"North Carolina","Gaston County",2,77,1431,614,817
050,37,071,"North Carolina","Gaston County",2,78,1187,498,689
050,37,071,"North Carolina","Gaston County",2,79,1061,436,625
050,37,071,"North Carolina","Gaston County",2,80,1009,403,606
050,37,071,"North Carolina","Gaston County",2,81,868,338,530
050,37,071,"North Carolina","Gaston County",2,82,801,313,488
050,37,071,"North Carolina","Gaston County",2,83,745,282,463
050,37,071,"North Carolina","Gaston County",2,84,678,247,431
050,37,071,"North Carolina","Gaston County",2,85,3797,1218,2579
050,37,071,"North Carolina","Gaston County",3,0,2509,1294,1215
050,37,071,"North Carolina","Gaston County",3,1,2600,1356,1244
050,37,071,"North Carolina","Gaston County",3,2,2629,1374,1255
050,37,071,"North Carolina","Gaston County",3,3,2752,1436,1316
050,37,071,"North Carolina","Gaston County",3,4,2757,1390,1367
050,37,071,"North Carolina","Gaston County",3,5,2861,1475,1386
050,37,071,"North Carolina","Gaston County",3,6,2868,1462,1406
050,37,071,"North Carolina","Gaston County",3,7,2809,1417,1392
050,37,071,"North Carolina","Gaston County",3,8,2844,1481,1363
050,37,071,"North Carolina","Gaston County",3,9,2911,1479,1432
050,37,071,"North Carolina","Gaston County",3,10,2959,1506,1453
050,37,071,"North Carolina","Gaston County",3,11,3002,1521,1481
050,37,071,"North Carolina","Gaston County",3,12,3090,1551,1539
050,37,071,"North Carolina","Gaston County",3,13,3154,1591,1563
050,37,071,"North Carolina","Gaston County",3,14,3191,1578,1613
050,37,071,"North Carolina","Gaston County",3,15,3163,1619,1544
050,37,071,"North Carolina","Gaston County",3,16,3071,1605,1466
050,37,071,"North Carolina","Gaston County",3,17,3104,1610,1494
050,37,071,"North Carolina","Gaston County",3,18,2764,1458,1306
050,37,071,"North Carolina","Gaston County",3,19,2426,1274,1152
050,37,071,"North Carolina","Gaston County",3,20,2561,1295,1266
050,37,071,"North Carolina","Gaston County",3,21,2633,1342,1291
050,37,071,"North Carolina","Gaston County",3,22,2680,1343,1337
050,37,071,"North Carolina","Gaston County",3,23,2709,1361,1348
050,37,071,"North Carolina","Gaston County",3,24,2726,1363,1363
050,37,071,"North Carolina","Gaston County",3,25,2728,1354,1374
050,37,071,"North Carolina","Gaston County",3,26,2815,1412,1403
050,37,071,"North Carolina","Gaston County",3,27,3016,1523,1493
050,37,071,"North Carolina","Gaston County",3,28,3122,1559,1563
050,37,071,"North Carolina","Gaston County",3,29,3240,1567,1673
050,37,071,"North Carolina","Gaston County",3,30,3446,1684,1762
050,37,071,"North Carolina","Gaston County",3,31,3328,1620,1708
050,37,071,"North Carolina","Gaston County",3,32,3165,1503,1662
050,37,071,"North Carolina","Gaston County",3,33,3170,1501,1669
050,37,071,"North Carolina","Gaston County",3,34,3118,1494,1624
050,37,071,"North Carolina","Gaston County",3,35,3063,1481,1582
050,37,071,"North Carolina","Gaston County",3,36,2982,1439,1543
050,37,071,"North Carolina","Gaston County",3,37,2852,1398,1454
050,37,071,"North Carolina","Gaston County",3,38,2941,1447,1494
050,37,071,"North Carolina","Gaston County",3,39,2882,1364,1518
050,37,071,"North Carolina","Gaston County",3,40,2841,1379,1462
050,37,071,"North Carolina","Gaston County",3,41,2908,1411,1497
050,37,071,"North Carolina","Gaston County",3,42,2878,1390,1488
050,37,071,"North Carolina","Gaston County",3,43,2796,1342,1454
050,37,071,"North Carolina","Gaston County",3,44,2825,1350,1475
050,37,071,"North Carolina","Gaston County",3,45,2774,1328,1446
050,37,071,"North Carolina","Gaston County",3,46,2863,1338,1525
050,37,071,"North Carolina","Gaston County",3,47,2985,1429,1556
050,37,071,"North Carolina","Gaston County",3,48,3147,1514,1633
050,37,071,"North Carolina","Gaston County",3,49,3363,1640,1723
050,37,071,"North Carolina","Gaston County",3,50,3545,1763,1782
050,37,071,"North Carolina","Gaston County",3,51,3403,1644,1759
050,37,071,"North Carolina","Gaston County",3,52,3265,1587,1678
050,37,071,"North Carolina","Gaston County",3,53,3211,1574,1637
050,37,071,"North Carolina","Gaston County",3,54,3148,1566,1582
050,37,071,"North Carolina","Gaston County",3,55,3167,1598,1569
050,37,071,"North Carolina","Gaston County",3,56,3232,1584,1648
050,37,071,"North Carolina","Gaston County",3,57,3262,1599,1663
050,37,071,"North Carolina","Gaston County",3,58,3182,1551,1631
050,37,071,"North Carolina","Gaston County",3,59,3211,1528,1683
050,37,071,"North Carolina","Gaston County",3,60,3177,1548,1629
050,37,071,"North Carolina","Gaston County",3,61,3038,1515,1523
050,37,071,"North Carolina","Gaston County",3,62,2901,1384,1517
050,37,071,"North Carolina","Gaston County",3,63,2879,1360,1519
050,37,071,"North Carolina","Gaston County",3,64,2829,1342,1487
050,37,071,"North Carolina","Gaston County",3,65,2721,1265,1456
050,37,071,"North Carolina","Gaston County",3,66,2632,1228,1404
050,37,071,"North Carolina","Gaston County",3,67,2486,1181,1305
050,37,071,"North Carolina","Gaston County",3,68,2407,1129,1278
050,37,071,"North Carolina","Gaston County",3,69,2352,1064,1288
050,37,071,"North Carolina","Gaston County",3,70,2231,1017,1214
050,37,071,"North Carolina","Gaston County",3,71,2060,949,1111
050,37,071,"North Carolina","Gaston County",3,72,2035,933,1102
050,37,071,"North Carolina","Gaston County",3,73,2020,899,1121
050,37,071,"North Carolina","Gaston County",3,74,2223,973,1250
050,37,071,"North Carolina","Gaston County",3,75,1532,660,872
050,37,071,"North Carolina","Gaston County",3,76,1400,591,809
050,37,071,"North Carolina","Gaston County",3,77,1316,537,779
050,37,071,"North Carolina","Gaston County",3,78,1359,596,763
050,37,071,"North Carolina","Gaston County",3,79,1105,439,666
050,37,071,"North Carolina","Gaston County",3,80,1037,414,623
050,37,071,"North Carolina","Gaston County",3,81,920,369,551
050,37,071,"North Carolina","Gaston County",3,82,826,314,512
050,37,071,"North Carolina","Gaston County",3,83,744,285,459
050,37,071,"North Carolina","Gaston County",3,84,655,227,428
050,37,071,"North Carolina","Gaston County",3,85,3745,1198,2547
050,37,071,"North Carolina","Gaston County",4,0,2709,1396,1313
050,37,071,"North Carolina","Gaston County",4,1,2597,1317,1280
050,37,071,"North Carolina","Gaston County",4,2,2685,1399,1286
050,37,071,"North Carolina","Gaston County",4,3,2721,1411,1310
050,37,071,"North Carolina","Gaston County",4,4,2833,1465,1368
050,37,071,"North Carolina","Gaston County",4,5,2777,1399,1378
050,37,071,"North Carolina","Gaston County",4,6,2890,1494,1396
050,37,071,"North Carolina","Gaston County",4,7,2929,1508,1421
050,37,071,"North Carolina","Gaston County",4,8,2833,1430,1403
050,37,071,"North Carolina","Gaston County",4,9,2908,1491,1417
050,37,071,"North Carolina","Gaston County",4,10,2941,1491,1450
050,37,071,"North Carolina","Gaston County",4,11,2970,1536,1434
050,37,071,"North Carolina","Gaston County",4,12,3044,1550,1494
050,37,071,"North Carolina","Gaston County",4,13,3110,1575,1535
050,37,071,"North Carolina","Gaston County",4,14,3160,1590,1570
050,37,071,"North Carolina","Gaston County",4,15,3205,1590,1615
050,37,071,"North Carolina","Gaston County",4,16,3207,1640,1567
050,37,071,"North Carolina","Gaston County",4,17,3069,1615,1454
050,37,071,"North Carolina","Gaston County",4,18,2830,1530,1300
050,37,071,"North Carolina","Gaston County",4,19,2343,1246,1097
050,37,071,"North Carolina","Gaston County",4,20,2528,1295,1233
050,37,071,"North Carolina","Gaston County",4,21,2612,1310,1302
050,37,071,"North Carolina","Gaston County",4,22,2727,1374,1353
050,37,071,"North Carolina","Gaston County",4,23,2741,1384,1357
050,37,071,"North Carolina","Gaston County",4,24,2821,1410,1411
050,37,071,"North Carolina","Gaston County",4,25,2787,1416,1371
050,37,071,"North Carolina","Gaston County",4,26,2826,1378,1448
050,37,071,"North Carolina","Gaston County",4,27,2922,1466,1456
050,37,071,"North Carolina","Gaston County",4,28,3097,1552,1545
050,37,071,"North Carolina","Gaston County",4,29,3280,1625,1655
050,37,071,"North Carolina","Gaston County",4,30,3357,1606,1751
050,37,071,"North Carolina","Gaston County",4,31,3576,1765,1811
050,37,071,"North Carolina","Gaston County",4,32,3463,1654,1809
050,37,071,"North Carolina","Gaston County",4,33,3273,1563,1710
050,37,071,"North Carolina","Gaston County",4,34,3230,1530,1700
050,37,071,"North Carolina","Gaston County",4,35,3156,1527,1629
050,37,071,"North Carolina","Gaston County",4,36,3131,1507,1624
050,37,071,"North Carolina","Gaston County",4,37,3073,1481,1592
050,37,071,"North Carolina","Gaston County",4,38,2947,1468,1479
050,37,071,"North Carolina","Gaston County",4,39,2966,1451,1515
050,37,071,"North Carolina","Gaston County",4,40,2922,1405,1517
050,37,071,"North Carolina","Gaston County",4,41,2860,1390,1470
050,37,071,"North Carolina","Gaston County",4,42,2955,1418,1537
050,37,071,"North Carolina","Gaston County",4,43,2874,1394,1480
050,37,071,"North Carolina","Gaston County",4,44,2790,1335,1455
050,37,071,"North Carolina","Gaston County",4,45,2857,1364,1493
050,37,071,"North Carolina","Gaston County",4,46,2805,1340,1465
050,37,071,"North Carolina","Gaston County",4,47,2874,1325,1549
050,37,071,"North Carolina","Gaston County",4,48,2985,1394,1591
050,37,071,"North Carolina","Gaston County",4,49,3129,1508,1621
050,37,071,"North Carolina","Gaston County",4,50,3360,1644,1716
050,37,071,"North Carolina","Gaston County",4,51,3568,1783,1785
050,37,071,"North Carolina","Gaston County",4,52,3433,1638,1795
050,37,071,"North Carolina","Gaston County",4,53,3275,1593,1682
050,37,071,"North Carolina","Gaston County",4,54,3257,1588,1669
050,37,071,"North Carolina","Gaston County",4,55,3139,1576,1563
050,37,071,"North Carolina","Gaston County",4,56,3125,1569,1556
050,37,071,"North Carolina","Gaston County",4,57,3226,1595,1631
050,37,071,"North Carolina","Gaston County",4,58,3254,1595,1659
050,37,071,"North Carolina","Gaston County",4,59,3179,1527,1652
050,37,071,"North Carolina","Gaston County",4,60,3227,1542,1685
050,37,071,"North Carolina","Gaston County",4,61,3160,1523,1637
050,37,071,"North Carolina","Gaston County",4,62,3018,1477,1541
050,37,071,"North Carolina","Gaston County",4,63,2864,1370,1494
050,37,071,"North Carolina","Gaston County",4,64,2819,1341,1478
050,37,071,"North Carolina","Gaston County",4,65,2796,1319,1477
050,37,071,"North Carolina","Gaston County",4,66,2685,1258,1427
050,37,071,"North Carolina","Gaston County",4,67,2575,1193,1382
050,37,071,"North Carolina","Gaston County",4,68,2430,1145,1285
050,37,071,"North Carolina","Gaston County",4,69,2332,1070,1262
050,37,071,"North Carolina","Gaston County",4,70,2299,1040,1259
050,37,071,"North Carolina","Gaston County",4,71,2165,973,1192
050,37,071,"North Carolina","Gaston County",4,72,1994,912,1082
050,37,071,"North Carolina","Gaston County",4,73,1975,900,1075
050,37,071,"North Carolina","Gaston County",4,74,1937,852,1085
050,37,071,"North Carolina","Gaston County",4,75,2158,936,1222
050,37,071,"North Carolina","Gaston County",4,76,1484,626,858
050,37,071,"North Carolina","Gaston County",4,77,1338,559,779
050,37,071,"North Carolina","Gaston County",4,78,1251,513,738
050,37,071,"North Carolina","Gaston County",4,79,1294,554,740
050,37,071,"North Carolina","Gaston County",4,80,1067,407,660
050,37,071,"North Carolina","Gaston County",4,81,931,375,556
050,37,071,"North Carolina","Gaston County",4,82,867,342,525
050,37,071,"North Carolina","Gaston County",4,83,762,282,480
050,37,071,"North Carolina","Gaston County",4,84,666,237,429
050,37,071,"North Carolina","Gaston County",4,85,3735,1198,2537
050,37,071,"North Carolina","Gaston County",5,0,2718,1400,1318
050,37,071,"North Carolina","Gaston County",5,1,2773,1448,1325
050,37,071,"North Carolina","Gaston County",5,2,2662,1332,1330
050,37,071,"North Carolina","Gaston County",5,3,2744,1443,1301
050,37,071,"North Carolina","Gaston County",5,4,2735,1415,1320
050,37,071,"North Carolina","Gaston County",5,5,2848,1479,1369
050,37,071,"North Carolina","Gaston County",5,6,2819,1434,1385
050,37,071,"North Carolina","Gaston County",5,7,2929,1525,1404
050,37,071,"North Carolina","Gaston County",5,8,2990,1531,1459
050,37,071,"North Carolina","Gaston County",5,9,2847,1444,1403
050,37,071,"North Carolina","Gaston County",5,10,2973,1525,1448
050,37,071,"North Carolina","Gaston County",5,11,2961,1509,1452
050,37,071,"North Carolina","Gaston County",5,12,3023,1555,1468
050,37,071,"North Carolina","Gaston County",5,13,3089,1577,1512
050,37,071,"North Carolina","Gaston County",5,14,3130,1594,1536
050,37,071,"North Carolina","Gaston County",5,15,3206,1598,1608
050,37,071,"North Carolina","Gaston County",5,16,3224,1593,1631
050,37,071,"North Carolina","Gaston County",5,17,3217,1644,1573
050,37,071,"North Carolina","Gaston County",5,18,2777,1502,1275
050,37,071,"North Carolina","Gaston County",5,19,2457,1320,1137
050,37,071,"North Carolina","Gaston County",5,20,2467,1261,1206
050,37,071,"North Carolina","Gaston County",5,21,2640,1330,1310
050,37,071,"North Carolina","Gaston County",5,22,2766,1349,1417
050,37,071,"North Carolina","Gaston County",5,23,2859,1435,1424
050,37,071,"North Carolina","Gaston County",5,24,2849,1431,1418
050,37,071,"North Carolina","Gaston County",5,25,2905,1422,1483
050,37,071,"North Carolina","Gaston County",5,26,2917,1454,1463
050,37,071,"North Carolina","Gaston County",5,27,2977,1461,1516
050,37,071,"North Carolina","Gaston County",5,28,3054,1512,1542
050,37,071,"North Carolina","Gaston County",5,29,3160,1571,1589
050,37,071,"North Carolina","Gaston County",5,30,3355,1678,1677
050,37,071,"North Carolina","Gaston County",5,31,3508,1685,1823
050,37,071,"North Carolina","Gaston County",5,32,3686,1811,1875
050,37,071,"North Carolina","Gaston County",5,33,3615,1732,1883
050,37,071,"North Carolina","Gaston County",5,34,3390,1616,1774
050,37,071,"North Carolina","Gaston County",5,35,3310,1548,1762
050,37,071,"North Carolina","Gaston County",5,36,3199,1531,1668
050,37,071,"North Carolina","Gaston County",5,37,3229,1558,1671
050,37,071,"North Carolina","Gaston County",5,38,3136,1528,1608
050,37,071,"North Carolina","Gaston County",5,39,2966,1461,1505
050,37,071,"North Carolina","Gaston County",5,40,3011,1498,1513
050,37,071,"North Carolina","Gaston County",5,41,2919,1383,1536
050,37,071,"North Carolina","Gaston County",5,42,2903,1400,1503
050,37,071,"North Carolina","Gaston County",5,43,2982,1423,1559
050,37,071,"North Carolina","Gaston County",5,44,2928,1400,1528
050,37,071,"North Carolina","Gaston County",5,45,2835,1353,1482
050,37,071,"North Carolina","Gaston County",5,46,2909,1374,1535
050,37,071,"North Carolina","Gaston County",5,47,2853,1366,1487
050,37,071,"North Carolina","Gaston County",5,48,2896,1338,1558
050,37,071,"North Carolina","Gaston County",5,49,2984,1383,1601
050,37,071,"North Carolina","Gaston County",5,50,3122,1500,1622
050,37,071,"North Carolina","Gaston County",5,51,3372,1657,1715
050,37,071,"North Carolina","Gaston County",5,52,3534,1737,1797
050,37,071,"North Carolina","Gaston County",5,53,3466,1668,1798
050,37,071,"North Carolina","Gaston County",5,54,3263,1599,1664
050,37,071,"North Carolina","Gaston County",5,55,3253,1592,1661
050,37,071,"North Carolina","Gaston County",5,56,3129,1571,1558
050,37,071,"North Carolina","Gaston County",5,57,3118,1550,1568
050,37,071,"North Carolina","Gaston County",5,58,3203,1578,1625
050,37,071,"North Carolina","Gaston County",5,59,3256,1580,1676
050,37,071,"North Carolina","Gaston County",5,60,3203,1543,1660
050,37,071,"North Carolina","Gaston County",5,61,3211,1513,1698
050,37,071,"North Carolina","Gaston County",5,62,3155,1518,1637
050,37,071,"North Carolina","Gaston County",5,63,3006,1463,1543
050,37,071,"North Carolina","Gaston County",5,64,2847,1349,1498
050,37,071,"North Carolina","Gaston County",5,65,2818,1326,1492
050,37,071,"North Carolina","Gaston County",5,66,2751,1302,1449
050,37,071,"North Carolina","Gaston County",5,67,2631,1227,1404
050,37,071,"North Carolina","Gaston County",5,68,2528,1167,1361
050,37,071,"North Carolina","Gaston County",5,69,2360,1106,1254
050,37,071,"North Carolina","Gaston County",5,70,2284,1044,1240
050,37,071,"North Carolina","Gaston County",5,71,2227,1003,1224
050,37,071,"North Carolina","Gaston County",5,72,2125,955,1170
050,37,071,"North Carolina","Gaston County",5,73,1943,881,1062
050,37,071,"North Carolina","Gaston County",5,74,1914,855,1059
050,37,071,"North Carolina","Gaston County",5,75,1871,815,1056
050,37,071,"North Carolina","Gaston County",5,76,2078,891,1187
050,37,071,"North Carolina","Gaston County",5,77,1403,594,809
050,37,071,"North Carolina","Gaston County",5,78,1267,530,737
050,37,071,"North Carolina","Gaston County",5,79,1198,477,721
050,37,071,"North Carolina","Gaston County",5,80,1257,520,737
050,37,071,"North Carolina","Gaston County",5,81,949,364,585
050,37,071,"North Carolina","Gaston County",5,82,884,351,533
050,37,071,"North Carolina","Gaston County",5,83,811,312,499
050,37,071,"North Carolina","Gaston County",5,84,692,245,447
050,37,071,"North Carolina","Gaston County",5,85,3783,1222,2561
050,37,073,"North Carolina","Gates County",1,0,86,44,42
050,37,073,"North Carolina","Gates County",1,1,92,46,46
050,37,073,"North Carolina","Gates County",1,2,103,53,50
050,37,073,"North Carolina","Gates County",1,3,95,52,43
050,37,073,"North Carolina","Gates County",1,4,95,48,47
050,37,073,"North Carolina","Gates County",1,5,103,52,51
050,37,073,"North Carolina","Gates County",1,6,105,57,48
050,37,073,"North Carolina","Gates County",1,7,103,56,47
050,37,073,"North Carolina","Gates County",1,8,113,59,54
050,37,073,"North Carolina","Gates County",1,9,115,59,56
050,37,073,"North Carolina","Gates County",1,10,113,48,65
050,37,073,"North Carolina","Gates County",1,11,132,76,56
050,37,073,"North Carolina","Gates County",1,12,143,78,65
050,37,073,"North Carolina","Gates County",1,13,146,79,67
050,37,073,"North Carolina","Gates County",1,14,147,78,69
050,37,073,"North Carolina","Gates County",1,15,137,73,64
050,37,073,"North Carolina","Gates County",1,16,124,59,65
050,37,073,"North Carolina","Gates County",1,17,123,60,63
050,37,073,"North Carolina","Gates County",1,18,126,68,58
050,37,073,"North Carolina","Gates County",1,19,93,50,43
050,37,073,"North Carolina","Gates County",1,20,94,53,41
050,37,073,"North Carolina","Gates County",1,21,90,47,43
050,37,073,"North Carolina","Gates County",1,22,94,45,49
050,37,073,"North Carolina","Gates County",1,23,107,56,51
050,37,073,"North Carolina","Gates County",1,24,98,54,44
050,37,073,"North Carolina","Gates County",1,25,109,60,49
050,37,073,"North Carolina","Gates County",1,26,115,49,66
050,37,073,"North Carolina","Gates County",1,27,113,53,60
050,37,073,"North Carolina","Gates County",1,28,114,54,60
050,37,073,"North Carolina","Gates County",1,29,122,64,58
050,37,073,"North Carolina","Gates County",1,30,111,53,58
050,37,073,"North Carolina","Gates County",1,31,97,49,48
050,37,073,"North Carolina","Gates County",1,32,113,58,55
050,37,073,"North Carolina","Gates County",1,33,125,61,64
050,37,073,"North Carolina","Gates County",1,34,125,61,64
050,37,073,"North Carolina","Gates County",1,35,102,43,59
050,37,073,"North Carolina","Gates County",1,36,109,52,57
050,37,073,"North Carolina","Gates County",1,37,111,54,57
050,37,073,"North Carolina","Gates County",1,38,107,51,56
050,37,073,"North Carolina","Gates County",1,39,116,60,56
050,37,073,"North Carolina","Gates County",1,40,127,56,71
050,37,073,"North Carolina","Gates County",1,41,93,50,43
050,37,073,"North Carolina","Gates County",1,42,90,49,41
050,37,073,"North Carolina","Gates County",1,43,88,43,45
050,37,073,"North Carolina","Gates County",1,44,104,59,45
050,37,073,"North Carolina","Gates County",1,45,112,50,62
050,37,073,"North Carolina","Gates County",1,46,107,46,61
050,37,073,"North Carolina","Gates County",1,47,125,57,68
050,37,073,"North Carolina","Gates County",1,48,144,62,82
050,37,073,"North Carolina","Gates County",1,49,161,74,87
050,37,073,"North Carolina","Gates County",1,50,146,76,70
050,37,073,"North Carolina","Gates County",1,51,151,74,77
050,37,073,"North Carolina","Gates County",1,52,161,87,74
050,37,073,"North Carolina","Gates County",1,53,164,83,81
050,37,073,"North Carolina","Gates County",1,54,169,86,83
050,37,073,"North Carolina","Gates County",1,55,166,93,73
050,37,073,"North Carolina","Gates County",1,56,188,93,95
050,37,073,"North Carolina","Gates County",1,57,201,99,102
050,37,073,"North Carolina","Gates County",1,58,208,99,109
050,37,073,"North Carolina","Gates County",1,59,202,96,106
050,37,073,"North Carolina","Gates County",1,60,192,106,86
050,37,073,"North Carolina","Gates County",1,61,185,92,93
050,37,073,"North Carolina","Gates County",1,62,163,81,82
050,37,073,"North Carolina","Gates County",1,63,158,87,71
050,37,073,"North Carolina","Gates County",1,64,165,79,86
050,37,073,"North Carolina","Gates County",1,65,181,88,93
050,37,073,"North Carolina","Gates County",1,66,150,75,75
050,37,073,"North Carolina","Gates County",1,67,136,67,69
050,37,073,"North Carolina","Gates County",1,68,130,56,74
050,37,073,"North Carolina","Gates County",1,69,130,60,70
050,37,073,"North Carolina","Gates County",1,70,121,55,66
050,37,073,"North Carolina","Gates County",1,71,117,54,63
050,37,073,"North Carolina","Gates County",1,72,136,61,75
050,37,073,"North Carolina","Gates County",1,73,134,62,72
050,37,073,"North Carolina","Gates County",1,74,95,45,50
050,37,073,"North Carolina","Gates County",1,75,88,39,49
050,37,073,"North Carolina","Gates County",1,76,101,49,52
050,37,073,"North Carolina","Gates County",1,77,97,39,58
050,37,073,"North Carolina","Gates County",1,78,76,37,39
050,37,073,"North Carolina","Gates County",1,79,56,32,24
050,37,073,"North Carolina","Gates County",1,80,65,38,27
050,37,073,"North Carolina","Gates County",1,81,64,34,30
050,37,073,"North Carolina","Gates County",1,82,53,26,27
050,37,073,"North Carolina","Gates County",1,83,38,14,24
050,37,073,"North Carolina","Gates County",1,84,38,16,22
050,37,073,"North Carolina","Gates County",1,85,236,85,151
050,37,073,"North Carolina","Gates County",2,0,80,40,40
050,37,073,"North Carolina","Gates County",2,1,91,47,44
050,37,073,"North Carolina","Gates County",2,2,100,50,50
050,37,073,"North Carolina","Gates County",2,3,94,50,44
050,37,073,"North Carolina","Gates County",2,4,95,48,47
050,37,073,"North Carolina","Gates County",2,5,101,51,50
050,37,073,"North Carolina","Gates County",2,6,105,55,50
050,37,073,"North Carolina","Gates County",2,7,103,56,47
050,37,073,"North Carolina","Gates County",2,8,110,57,53
050,37,073,"North Carolina","Gates County",2,9,114,58,56
050,37,073,"North Carolina","Gates County",2,10,112,51,61
050,37,073,"North Carolina","Gates County",2,11,124,67,57
050,37,073,"North Carolina","Gates County",2,12,140,77,63
050,37,073,"North Carolina","Gates County",2,13,145,80,65
050,37,073,"North Carolina","Gates County",2,14,147,78,69
050,37,073,"North Carolina","Gates County",2,15,142,75,67
050,37,073,"North Carolina","Gates County",2,16,126,61,65
050,37,073,"North Carolina","Gates County",2,17,122,60,62
050,37,073,"North Carolina","Gates County",2,18,118,62,56
050,37,073,"North Carolina","Gates County",2,19,95,51,44
050,37,073,"North Carolina","Gates County",2,20,94,52,42
050,37,073,"North Carolina","Gates County",2,21,90,47,43
050,37,073,"North Carolina","Gates County",2,22,94,45,49
050,37,073,"North Carolina","Gates County",2,23,106,54,52
050,37,073,"North Carolina","Gates County",2,24,101,54,47
050,37,073,"North Carolina","Gates County",2,25,105,56,49
050,37,073,"North Carolina","Gates County",2,26,114,53,61
050,37,073,"North Carolina","Gates County",2,27,112,50,62
050,37,073,"North Carolina","Gates County",2,28,117,55,62
050,37,073,"North Carolina","Gates County",2,29,121,62,59
050,37,073,"North Carolina","Gates County",2,30,115,57,58
050,37,073,"North Carolina","Gates County",2,31,103,52,51
050,37,073,"North Carolina","Gates County",2,32,111,57,54
050,37,073,"North Carolina","Gates County",2,33,122,61,61
050,37,073,"North Carolina","Gates County",2,34,124,60,64
050,37,073,"North Carolina","Gates County",2,35,110,49,61
050,37,073,"North Carolina","Gates County",2,36,106,50,56
050,37,073,"North Carolina","Gates County",2,37,112,55,57
050,37,073,"North Carolina","Gates County",2,38,108,52,56
050,37,073,"North Carolina","Gates County",2,39,111,56,55
050,37,073,"North Carolina","Gates County",2,40,126,60,66
050,37,073,"North Carolina","Gates County",2,41,102,53,49
050,37,073,"North Carolina","Gates County",2,42,89,48,41
050,37,073,"North Carolina","Gates County",2,43,89,44,45
050,37,073,"North Carolina","Gates County",2,44,98,55,43
050,37,073,"North Carolina","Gates County",2,45,110,52,58
050,37,073,"North Carolina","Gates County",2,46,108,47,61
050,37,073,"North Carolina","Gates County",2,47,122,55,67
050,37,073,"North Carolina","Gates County",2,48,141,62,79
050,37,073,"North Carolina","Gates County",2,49,158,71,87
050,37,073,"North Carolina","Gates County",2,50,150,76,74
050,37,073,"North Carolina","Gates County",2,51,147,72,75
050,37,073,"North Carolina","Gates County",2,52,160,86,74
050,37,073,"North Carolina","Gates County",2,53,163,82,81
050,37,073,"North Carolina","Gates County",2,54,166,84,82
050,37,073,"North Carolina","Gates County",2,55,166,90,76
050,37,073,"North Carolina","Gates County",2,56,182,92,90
050,37,073,"North Carolina","Gates County",2,57,198,98,100
050,37,073,"North Carolina","Gates County",2,58,208,100,108
050,37,073,"North Carolina","Gates County",2,59,206,98,108
050,37,073,"North Carolina","Gates County",2,60,194,104,90
050,37,073,"North Carolina","Gates County",2,61,185,95,90
050,37,073,"North Carolina","Gates County",2,62,165,81,84
050,37,073,"North Carolina","Gates County",2,63,160,86,74
050,37,073,"North Carolina","Gates County",2,64,160,80,80
050,37,073,"North Carolina","Gates County",2,65,177,86,91
050,37,073,"North Carolina","Gates County",2,66,157,78,79
050,37,073,"North Carolina","Gates County",2,67,139,70,69
050,37,073,"North Carolina","Gates County",2,68,129,57,72
050,37,073,"North Carolina","Gates County",2,69,132,60,72
050,37,073,"North Carolina","Gates County",2,70,124,56,68
050,37,073,"North Carolina","Gates County",2,71,118,54,64
050,37,073,"North Carolina","Gates County",2,72,131,59,72
050,37,073,"North Carolina","Gates County",2,73,139,63,76
050,37,073,"North Carolina","Gates County",2,74,97,45,52
050,37,073,"North Carolina","Gates County",2,75,89,40,49
050,37,073,"North Carolina","Gates County",2,76,96,45,51
050,37,073,"North Carolina","Gates County",2,77,101,43,58
050,37,073,"North Carolina","Gates County",2,78,77,36,41
050,37,073,"North Carolina","Gates County",2,79,59,31,28
050,37,073,"North Carolina","Gates County",2,80,62,35,27
050,37,073,"North Carolina","Gates County",2,81,63,34,29
050,37,073,"North Carolina","Gates County",2,82,55,27,28
050,37,073,"North Carolina","Gates County",2,83,40,16,24
050,37,073,"North Carolina","Gates County",2,84,38,15,23
050,37,073,"North Carolina","Gates County",2,85,236,84,152
050,37,073,"North Carolina","Gates County",3,0,97,53,44
050,37,073,"North Carolina","Gates County",3,1,79,43,36
050,37,073,"North Carolina","Gates County",3,2,94,49,45
050,37,073,"North Carolina","Gates County",3,3,100,60,40
050,37,073,"North Carolina","Gates County",3,4,95,55,40
050,37,073,"North Carolina","Gates County",3,5,103,53,50
050,37,073,"North Carolina","Gates County",3,6,99,49,50
050,37,073,"North Carolina","Gates County",3,7,108,53,55
050,37,073,"North Carolina","Gates County",3,8,105,57,48
050,37,073,"North Carolina","Gates County",3,9,112,56,56
050,37,073,"North Carolina","Gates County",3,10,113,59,54
050,37,073,"North Carolina","Gates County",3,11,120,56,64
050,37,073,"North Carolina","Gates County",3,12,123,63,60
050,37,073,"North Carolina","Gates County",3,13,139,83,56
050,37,073,"North Carolina","Gates County",3,14,138,81,57
050,37,073,"North Carolina","Gates County",3,15,145,78,67
050,37,073,"North Carolina","Gates County",3,16,137,72,65
050,37,073,"North Carolina","Gates County",3,17,124,60,64
050,37,073,"North Carolina","Gates County",3,18,103,55,48
050,37,073,"North Carolina","Gates County",3,19,100,53,47
050,37,073,"North Carolina","Gates County",3,20,91,46,45
050,37,073,"North Carolina","Gates County",3,21,89,48,41
050,37,073,"North Carolina","Gates County",3,22,94,53,41
050,37,073,"North Carolina","Gates County",3,23,96,47,49
050,37,073,"North Carolina","Gates County",3,24,110,65,45
050,37,073,"North Carolina","Gates County",3,25,92,49,43
050,37,073,"North Carolina","Gates County",3,26,116,63,53
050,37,073,"North Carolina","Gates County",3,27,121,65,56
050,37,073,"North Carolina","Gates County",3,28,112,50,62
050,37,073,"North Carolina","Gates County",3,29,121,53,68
050,37,073,"North Carolina","Gates County",3,30,112,59,53
050,37,073,"North Carolina","Gates County",3,31,119,62,57
050,37,073,"North Carolina","Gates County",3,32,110,58,52
050,37,073,"North Carolina","Gates County",3,33,113,57,56
050,37,073,"North Carolina","Gates County",3,34,126,64,62
050,37,073,"North Carolina","Gates County",3,35,129,64,65
050,37,073,"North Carolina","Gates County",3,36,107,48,59
050,37,073,"North Carolina","Gates County",3,37,104,49,55
050,37,073,"North Carolina","Gates County",3,38,110,52,58
050,37,073,"North Carolina","Gates County",3,39,109,55,54
050,37,073,"North Carolina","Gates County",3,40,117,59,58
050,37,073,"North Carolina","Gates County",3,41,125,58,67
050,37,073,"North Carolina","Gates County",3,42,108,56,52
050,37,073,"North Carolina","Gates County",3,43,90,46,44
050,37,073,"North Carolina","Gates County",3,44,96,50,46
050,37,073,"North Carolina","Gates County",3,45,95,55,40
050,37,073,"North Carolina","Gates County",3,46,107,48,59
050,37,073,"North Carolina","Gates County",3,47,109,44,65
050,37,073,"North Carolina","Gates County",3,48,119,53,66
050,37,073,"North Carolina","Gates County",3,49,137,61,76
050,37,073,"North Carolina","Gates County",3,50,159,69,90
050,37,073,"North Carolina","Gates County",3,51,147,75,72
050,37,073,"North Carolina","Gates County",3,52,142,70,72
050,37,073,"North Carolina","Gates County",3,53,164,88,76
050,37,073,"North Carolina","Gates County",3,54,159,82,77
050,37,073,"North Carolina","Gates County",3,55,161,82,79
050,37,073,"North Carolina","Gates County",3,56,170,93,77
050,37,073,"North Carolina","Gates County",3,57,182,93,89
050,37,073,"North Carolina","Gates County",3,58,194,90,104
050,37,073,"North Carolina","Gates County",3,59,202,97,105
050,37,073,"North Carolina","Gates County",3,60,201,95,106
050,37,073,"North Carolina","Gates County",3,61,188,101,87
050,37,073,"North Carolina","Gates County",3,62,169,83,86
050,37,073,"North Carolina","Gates County",3,63,170,82,88
050,37,073,"North Carolina","Gates County",3,64,158,85,73
050,37,073,"North Carolina","Gates County",3,65,156,73,83
050,37,073,"North Carolina","Gates County",3,66,179,84,95
050,37,073,"North Carolina","Gates County",3,67,160,80,80
050,37,073,"North Carolina","Gates County",3,68,133,67,66
050,37,073,"North Carolina","Gates County",3,69,133,61,72
050,37,073,"North Carolina","Gates County",3,70,136,62,74
050,37,073,"North Carolina","Gates County",3,71,117,51,66
050,37,073,"North Carolina","Gates County",3,72,111,51,60
050,37,073,"North Carolina","Gates County",3,73,134,58,76
050,37,073,"North Carolina","Gates County",3,74,134,62,72
050,37,073,"North Carolina","Gates County",3,75,89,40,49
050,37,073,"North Carolina","Gates County",3,76,82,36,46
050,37,073,"North Carolina","Gates County",3,77,95,43,52
050,37,073,"North Carolina","Gates County",3,78,92,40,52
050,37,073,"North Carolina","Gates County",3,79,68,29,39
050,37,073,"North Carolina","Gates County",3,80,60,32,28
050,37,073,"North Carolina","Gates County",3,81,60,31,29
050,37,073,"North Carolina","Gates County",3,82,57,32,25
050,37,073,"North Carolina","Gates County",3,83,52,23,29
050,37,073,"North Carolina","Gates County",3,84,39,14,25
050,37,073,"North Carolina","Gates County",3,85,232,87,145
050,37,073,"North Carolina","Gates County",4,0,96,54,42
050,37,073,"North Carolina","Gates County",4,1,96,50,46
050,37,073,"North Carolina","Gates County",4,2,82,43,39
050,37,073,"North Carolina","Gates County",4,3,94,51,43
050,37,073,"North Carolina","Gates County",4,4,98,55,43
050,37,073,"North Carolina","Gates County",4,5,90,52,38
050,37,073,"North Carolina","Gates County",4,6,103,52,51
050,37,073,"North Carolina","Gates County",4,7,100,44,56
050,37,073,"North Carolina","Gates County",4,8,114,54,60
050,37,073,"North Carolina","Gates County",4,9,104,62,42
050,37,073,"North Carolina","Gates County",4,10,113,57,56
050,37,073,"North Carolina","Gates County",4,11,111,55,56
050,37,073,"North Carolina","Gates County",4,12,127,63,64
050,37,073,"North Carolina","Gates County",4,13,119,58,61
050,37,073,"North Carolina","Gates County",4,14,136,79,57
050,37,073,"North Carolina","Gates County",4,15,149,88,61
050,37,073,"North Carolina","Gates County",4,16,144,76,68
050,37,073,"North Carolina","Gates County",4,17,135,72,63
050,37,073,"North Carolina","Gates County",4,18,110,56,54
050,37,073,"North Carolina","Gates County",4,19,78,37,41
050,37,073,"North Carolina","Gates County",4,20,101,55,46
050,37,073,"North Carolina","Gates County",4,21,98,52,46
050,37,073,"North Carolina","Gates County",4,22,94,49,45
050,37,073,"North Carolina","Gates County",4,23,104,56,48
050,37,073,"North Carolina","Gates County",4,24,94,43,51
050,37,073,"North Carolina","Gates County",4,25,111,66,45
050,37,073,"North Carolina","Gates County",4,26,103,53,50
050,37,073,"North Carolina","Gates County",4,27,122,72,50
050,37,073,"North Carolina","Gates County",4,28,120,57,63
050,37,073,"North Carolina","Gates County",4,29,108,49,59
050,37,073,"North Carolina","Gates County",4,30,120,57,63
050,37,073,"North Carolina","Gates County",4,31,111,58,53
050,37,073,"North Carolina","Gates County",4,32,122,61,61
050,37,073,"North Carolina","Gates County",4,33,109,60,49
050,37,073,"North Carolina","Gates County",4,34,110,57,53
050,37,073,"North Carolina","Gates County",4,35,125,59,66
050,37,073,"North Carolina","Gates County",4,36,124,65,59
050,37,073,"North Carolina","Gates County",4,37,108,48,60
050,37,073,"North Carolina","Gates County",4,38,108,48,60
050,37,073,"North Carolina","Gates County",4,39,117,53,64
050,37,073,"North Carolina","Gates County",4,40,117,58,59
050,37,073,"North Carolina","Gates County",4,41,121,62,59
050,37,073,"North Carolina","Gates County",4,42,120,54,66
050,37,073,"North Carolina","Gates County",4,43,107,54,53
050,37,073,"North Carolina","Gates County",4,44,87,45,42
050,37,073,"North Carolina","Gates County",4,45,96,50,46
050,37,073,"North Carolina","Gates County",4,46,94,58,36
050,37,073,"North Carolina","Gates County",4,47,109,48,61
050,37,073,"North Carolina","Gates County",4,48,107,43,64
050,37,073,"North Carolina","Gates County",4,49,115,52,63
050,37,073,"North Carolina","Gates County",4,50,143,60,83
050,37,073,"North Carolina","Gates County",4,51,159,70,89
050,37,073,"North Carolina","Gates County",4,52,151,81,70
050,37,073,"North Carolina","Gates County",4,53,143,69,74
050,37,073,"North Carolina","Gates County",4,54,166,91,75
050,37,073,"North Carolina","Gates County",4,55,151,77,74
050,37,073,"North Carolina","Gates County",4,56,166,82,84
050,37,073,"North Carolina","Gates County",4,57,162,89,73
050,37,073,"North Carolina","Gates County",4,58,174,90,84
050,37,073,"North Carolina","Gates County",4,59,194,92,102
050,37,073,"North Carolina","Gates County",4,60,199,97,102
050,37,073,"North Carolina","Gates County",4,61,205,100,105
050,37,073,"North Carolina","Gates County",4,62,185,96,89
050,37,073,"North Carolina","Gates County",4,63,164,78,86
050,37,073,"North Carolina","Gates County",4,64,175,83,92
050,37,073,"North Carolina","Gates County",4,65,158,83,75
050,37,073,"North Carolina","Gates County",4,66,150,67,83
050,37,073,"North Carolina","Gates County",4,67,173,86,87
050,37,073,"North Carolina","Gates County",4,68,157,77,80
050,37,073,"North Carolina","Gates County",4,69,132,66,66
050,37,073,"North Carolina","Gates County",4,70,132,60,72
050,37,073,"North Carolina","Gates County",4,71,130,58,72
050,37,073,"North Carolina","Gates County",4,72,116,51,65
050,37,073,"North Carolina","Gates County",4,73,112,48,64
050,37,073,"North Carolina","Gates County",4,74,128,57,71
050,37,073,"North Carolina","Gates County",4,75,119,54,65
050,37,073,"North Carolina","Gates County",4,76,90,39,51
050,37,073,"North Carolina","Gates County",4,77,77,34,43
050,37,073,"North Carolina","Gates County",4,78,92,42,50
050,37,073,"North Carolina","Gates County",4,79,87,37,50
050,37,073,"North Carolina","Gates County",4,80,66,28,38
050,37,073,"North Carolina","Gates County",4,81,51,29,22
050,37,073,"North Carolina","Gates County",4,82,53,29,24
050,37,073,"North Carolina","Gates County",4,83,51,27,24
050,37,073,"North Carolina","Gates County",4,84,46,20,26
050,37,073,"North Carolina","Gates County",4,85,232,89,143
050,37,073,"North Carolina","Gates County",5,0,86,45,41
050,37,073,"North Carolina","Gates County",5,1,100,54,46
050,37,073,"North Carolina","Gates County",5,2,98,53,45
050,37,073,"North Carolina","Gates County",5,3,80,45,35
050,37,073,"North Carolina","Gates County",5,4,96,50,46
050,37,073,"North Carolina","Gates County",5,5,99,53,46
050,37,073,"North Carolina","Gates County",5,6,93,55,38
050,37,073,"North Carolina","Gates County",5,7,112,59,53
050,37,073,"North Carolina","Gates County",5,8,100,45,55
050,37,073,"North Carolina","Gates County",5,9,116,54,62
050,37,073,"North Carolina","Gates County",5,10,102,62,40
050,37,073,"North Carolina","Gates County",5,11,115,60,55
050,37,073,"North Carolina","Gates County",5,12,108,51,57
050,37,073,"North Carolina","Gates County",5,13,126,59,67
050,37,073,"North Carolina","Gates County",5,14,127,63,64
050,37,073,"North Carolina","Gates County",5,15,128,77,51
050,37,073,"North Carolina","Gates County",5,16,152,86,66
050,37,073,"North Carolina","Gates County",5,17,142,72,70
050,37,073,"North Carolina","Gates County",5,18,121,66,55
050,37,073,"North Carolina","Gates County",5,19,83,44,39
050,37,073,"North Carolina","Gates County",5,20,85,40,45
050,37,073,"North Carolina","Gates County",5,21,106,59,47
050,37,073,"North Carolina","Gates County",5,22,103,57,46
050,37,073,"North Carolina","Gates County",5,23,83,45,38
050,37,073,"North Carolina","Gates County",5,24,106,59,47
050,37,073,"North Carolina","Gates County",5,25,98,45,53
050,37,073,"North Carolina","Gates County",5,26,118,66,52
050,37,073,"North Carolina","Gates County",5,27,106,56,50
050,37,073,"North Carolina","Gates County",5,28,119,71,48
050,37,073,"North Carolina","Gates County",5,29,115,57,58
050,37,073,"North Carolina","Gates County",5,30,117,56,61
050,37,073,"North Carolina","Gates County",5,31,122,59,63
050,37,073,"North Carolina","Gates County",5,32,120,64,56
050,37,073,"North Carolina","Gates County",5,33,121,60,61
050,37,073,"North Carolina","Gates County",5,34,112,66,46
050,37,073,"North Carolina","Gates County",5,35,106,57,49
050,37,073,"North Carolina","Gates County",5,36,126,62,64
050,37,073,"North Carolina","Gates County",5,37,119,62,57
050,37,073,"North Carolina","Gates County",5,38,104,44,60
050,37,073,"North Carolina","Gates County",5,39,109,51,58
050,37,073,"North Carolina","Gates County",5,40,123,58,65
050,37,073,"North Carolina","Gates County",5,41,118,56,62
050,37,073,"North Carolina","Gates County",5,42,121,61,60
050,37,073,"North Carolina","Gates County",5,43,116,52,64
050,37,073,"North Carolina","Gates County",5,44,108,53,55
050,37,073,"North Carolina","Gates County",5,45,85,43,42
050,37,073,"North Carolina","Gates County",5,46,99,53,46
050,37,073,"North Carolina","Gates County",5,47,93,56,37
050,37,073,"North Carolina","Gates County",5,48,109,48,61
050,37,073,"North Carolina","Gates County",5,49,105,45,60
050,37,073,"North Carolina","Gates County",5,50,120,50,70
050,37,073,"North Carolina","Gates County",5,51,146,62,84
050,37,073,"North Carolina","Gates County",5,52,162,73,89
050,37,073,"North Carolina","Gates County",5,53,146,79,67
050,37,073,"North Carolina","Gates County",5,54,144,70,74
050,37,073,"North Carolina","Gates County",5,55,160,89,71
050,37,073,"North Carolina","Gates County",5,56,149,76,73
050,37,073,"North Carolina","Gates County",5,57,166,85,81
050,37,073,"North Carolina","Gates County",5,58,154,83,71
050,37,073,"North Carolina","Gates County",5,59,175,90,85
050,37,073,"North Carolina","Gates County",5,60,194,93,101
050,37,073,"North Carolina","Gates County",5,61,199,96,103
050,37,073,"North Carolina","Gates County",5,62,203,96,107
050,37,073,"North Carolina","Gates County",5,63,183,92,91
050,37,073,"North Carolina","Gates County",5,64,168,79,89
050,37,073,"North Carolina","Gates County",5,65,177,83,94
050,37,073,"North Carolina","Gates County",5,66,158,84,74
050,37,073,"North Carolina","Gates County",5,67,152,71,81
050,37,073,"North Carolina","Gates County",5,68,166,80,86
050,37,073,"North Carolina","Gates County",5,69,156,77,79
050,37,073,"North Carolina","Gates County",5,70,132,67,65
050,37,073,"North Carolina","Gates County",5,71,123,51,72
050,37,073,"North Carolina","Gates County",5,72,128,59,69
050,37,073,"North Carolina","Gates County",5,73,112,49,63
050,37,073,"North Carolina","Gates County",5,74,106,47,59
050,37,073,"North Carolina","Gates County",5,75,120,51,69
050,37,073,"North Carolina","Gates County",5,76,116,51,65
050,37,073,"North Carolina","Gates County",5,77,86,37,49
050,37,073,"North Carolina","Gates County",5,78,74,33,41
050,37,073,"North Carolina","Gates County",5,79,85,39,46
050,37,073,"North Carolina","Gates County",5,80,87,36,51
050,37,073,"North Carolina","Gates County",5,81,63,25,38
050,37,073,"North Carolina","Gates County",5,82,45,27,18
050,37,073,"North Carolina","Gates County",5,83,48,25,23
050,37,073,"North Carolina","Gates County",5,84,44,22,22
050,37,073,"North Carolina","Gates County",5,85,240,96,144
050,37,075,"North Carolina","Graham County",1,0,74,38,36
050,37,075,"North Carolina","Graham County",1,1,77,39,38
050,37,075,"North Carolina","Graham County",1,2,77,35,42
050,37,075,"North Carolina","Graham County",1,3,72,46,26
050,37,075,"North Carolina","Graham County",1,4,73,36,37
050,37,075,"North Carolina","Graham County",1,5,78,41,37
050,37,075,"North Carolina","Graham County",1,6,81,45,36
050,37,075,"North Carolina","Graham County",1,7,85,48,37
050,37,075,"North Carolina","Graham County",1,8,82,47,35
050,37,075,"North Carolina","Graham County",1,9,80,43,37
050,37,075,"North Carolina","Graham County",1,10,84,43,41
050,37,075,"North Carolina","Graham County",1,11,86,51,35
050,37,075,"North Carolina","Graham County",1,12,99,58,41
050,37,075,"North Carolina","Graham County",1,13,107,62,45
050,37,075,"North Carolina","Graham County",1,14,95,58,37
050,37,075,"North Carolina","Graham County",1,15,111,61,50
050,37,075,"North Carolina","Graham County",1,16,108,51,57
050,37,075,"North Carolina","Graham County",1,17,105,52,53
050,37,075,"North Carolina","Graham County",1,18,85,41,44
050,37,075,"North Carolina","Graham County",1,19,84,45,39
050,37,075,"North Carolina","Graham County",1,20,88,52,36
050,37,075,"North Carolina","Graham County",1,21,78,44,34
050,37,075,"North Carolina","Graham County",1,22,74,37,37
050,37,075,"North Carolina","Graham County",1,23,82,45,37
050,37,075,"North Carolina","Graham County",1,24,85,43,42
050,37,075,"North Carolina","Graham County",1,25,82,42,40
050,37,075,"North Carolina","Graham County",1,26,73,37,36
050,37,075,"North Carolina","Graham County",1,27,70,33,37
050,37,075,"North Carolina","Graham County",1,28,88,44,44
050,37,075,"North Carolina","Graham County",1,29,100,48,52
050,37,075,"North Carolina","Graham County",1,30,97,45,52
050,37,075,"North Carolina","Graham County",1,31,102,49,53
050,37,075,"North Carolina","Graham County",1,32,75,41,34
050,37,075,"North Carolina","Graham County",1,33,85,49,36
050,37,075,"North Carolina","Graham County",1,34,82,35,47
050,37,075,"North Carolina","Graham County",1,35,83,37,46
050,37,075,"North Carolina","Graham County",1,36,86,42,44
050,37,075,"North Carolina","Graham County",1,37,82,45,37
050,37,075,"North Carolina","Graham County",1,38,93,52,41
050,37,075,"North Carolina","Graham County",1,39,93,49,44
050,37,075,"North Carolina","Graham County",1,40,87,45,42
050,37,075,"North Carolina","Graham County",1,41,97,40,57
050,37,075,"North Carolina","Graham County",1,42,99,47,52
050,37,075,"North Carolina","Graham County",1,43,90,49,41
050,37,075,"North Carolina","Graham County",1,44,79,42,37
050,37,075,"North Carolina","Graham County",1,45,79,43,36
050,37,075,"North Carolina","Graham County",1,46,95,52,43
050,37,075,"North Carolina","Graham County",1,47,90,45,45
050,37,075,"North Carolina","Graham County",1,48,99,52,47
050,37,075,"North Carolina","Graham County",1,49,122,64,58
050,37,075,"North Carolina","Graham County",1,50,104,58,46
050,37,075,"North Carolina","Graham County",1,51,102,54,48
050,37,075,"North Carolina","Graham County",1,52,98,46,52
050,37,075,"North Carolina","Graham County",1,53,98,50,48
050,37,075,"North Carolina","Graham County",1,54,125,70,55
050,37,075,"North Carolina","Graham County",1,55,132,66,66
050,37,075,"North Carolina","Graham County",1,56,112,56,56
050,37,075,"North Carolina","Graham County",1,57,100,50,50
050,37,075,"North Carolina","Graham County",1,58,122,62,60
050,37,075,"North Carolina","Graham County",1,59,126,56,70
050,37,075,"North Carolina","Graham County",1,60,118,51,67
050,37,075,"North Carolina","Graham County",1,61,114,58,56
050,37,075,"North Carolina","Graham County",1,62,123,67,56
050,37,075,"North Carolina","Graham County",1,63,120,62,58
050,37,075,"North Carolina","Graham County",1,64,126,67,59
050,37,075,"North Carolina","Graham County",1,65,135,60,75
050,37,075,"North Carolina","Graham County",1,66,118,62,56
050,37,075,"North Carolina","Graham County",1,67,110,59,51
050,37,075,"North Carolina","Graham County",1,68,98,47,51
050,37,075,"North Carolina","Graham County",1,69,100,45,55
050,37,075,"North Carolina","Graham County",1,70,116,54,62
050,37,075,"North Carolina","Graham County",1,71,108,55,53
050,37,075,"North Carolina","Graham County",1,72,113,55,58
050,37,075,"North Carolina","Graham County",1,73,106,48,58
050,37,075,"North Carolina","Graham County",1,74,79,33,46
050,37,075,"North Carolina","Graham County",1,75,70,33,37
050,37,075,"North Carolina","Graham County",1,76,84,43,41
050,37,075,"North Carolina","Graham County",1,77,93,50,43
050,37,075,"North Carolina","Graham County",1,78,66,37,29
050,37,075,"North Carolina","Graham County",1,79,64,32,32
050,37,075,"North Carolina","Graham County",1,80,57,22,35
050,37,075,"North Carolina","Graham County",1,81,55,22,33
050,37,075,"North Carolina","Graham County",1,82,39,15,24
050,37,075,"North Carolina","Graham County",1,83,38,19,19
050,37,075,"North Carolina","Graham County",1,84,44,20,24
050,37,075,"North Carolina","Graham County",1,85,237,91,146
050,37,075,"North Carolina","Graham County",2,0,85,48,37
050,37,075,"North Carolina","Graham County",2,1,77,39,38
050,37,075,"North Carolina","Graham County",2,2,79,37,42
050,37,075,"North Carolina","Graham County",2,3,73,44,29
050,37,075,"North Carolina","Graham County",2,4,73,38,35
050,37,075,"North Carolina","Graham County",2,5,77,40,37
050,37,075,"North Carolina","Graham County",2,6,80,44,36
050,37,075,"North Carolina","Graham County",2,7,84,47,37
050,37,075,"North Carolina","Graham County",2,8,83,47,36
050,37,075,"North Carolina","Graham County",2,9,79,43,36
050,37,075,"North Carolina","Graham County",2,10,83,43,40
050,37,075,"North Carolina","Graham County",2,11,86,49,37
050,37,075,"North Carolina","Graham County",2,12,97,57,40
050,37,075,"North Carolina","Graham County",2,13,103,60,43
050,37,075,"North Carolina","Graham County",2,14,97,58,39
050,37,075,"North Carolina","Graham County",2,15,110,62,48
050,37,075,"North Carolina","Graham County",2,16,108,53,55
050,37,075,"North Carolina","Graham County",2,17,106,51,55
050,37,075,"North Carolina","Graham County",2,18,85,41,44
050,37,075,"North Carolina","Graham County",2,19,81,42,39
050,37,075,"North Carolina","Graham County",2,20,89,51,38
050,37,075,"North Carolina","Graham County",2,21,81,46,35
050,37,075,"North Carolina","Graham County",2,22,77,41,36
050,37,075,"North Carolina","Graham County",2,23,81,44,37
050,37,075,"North Carolina","Graham County",2,24,83,42,41
050,37,075,"North Carolina","Graham County",2,25,83,42,41
050,37,075,"North Carolina","Graham County",2,26,75,38,37
050,37,075,"North Carolina","Graham County",2,27,73,36,37
050,37,075,"North Carolina","Graham County",2,28,84,42,42
050,37,075,"North Carolina","Graham County",2,29,96,46,50
050,37,075,"North Carolina","Graham County",2,30,98,46,52
050,37,075,"North Carolina","Graham County",2,31,99,48,51
050,37,075,"North Carolina","Graham County",2,32,81,43,38
050,37,075,"North Carolina","Graham County",2,33,83,47,36
050,37,075,"North Carolina","Graham County",2,34,82,37,45
050,37,075,"North Carolina","Graham County",2,35,84,37,47
050,37,075,"North Carolina","Graham County",2,36,83,40,43
050,37,075,"North Carolina","Graham County",2,37,82,44,38
050,37,075,"North Carolina","Graham County",2,38,90,50,40
050,37,075,"North Carolina","Graham County",2,39,93,50,43
050,37,075,"North Carolina","Graham County",2,40,89,46,43
050,37,075,"North Carolina","Graham County",2,41,96,42,54
050,37,075,"North Carolina","Graham County",2,42,96,43,53
050,37,075,"North Carolina","Graham County",2,43,93,50,43
050,37,075,"North Carolina","Graham County",2,44,81,43,38
050,37,075,"North Carolina","Graham County",2,45,80,44,36
050,37,075,"North Carolina","Graham County",2,46,91,49,42
050,37,075,"North Carolina","Graham County",2,47,93,48,45
050,37,075,"North Carolina","Graham County",2,48,97,50,47
050,37,075,"North Carolina","Graham County",2,49,116,61,55
050,37,075,"North Carolina","Graham County",2,50,109,60,49
050,37,075,"North Carolina","Graham County",2,51,104,56,48
050,37,075,"North Carolina","Graham County",2,52,100,49,51
050,37,075,"North Carolina","Graham County",2,53,98,49,49
050,37,075,"North Carolina","Graham County",2,54,117,64,53
050,37,075,"North Carolina","Graham County",2,55,129,66,63
050,37,075,"North Carolina","Graham County",2,56,117,59,58
050,37,075,"North Carolina","Graham County",2,57,105,52,53
050,37,075,"North Carolina","Graham County",2,58,118,59,59
050,37,075,"North Carolina","Graham County",2,59,126,58,68
050,37,075,"North Carolina","Graham County",2,60,118,52,66
050,37,075,"North Carolina","Graham County",2,61,114,56,58
050,37,075,"North Carolina","Graham County",2,62,120,65,55
050,37,075,"North Carolina","Graham County",2,63,123,64,59
050,37,075,"North Carolina","Graham County",2,64,124,65,59
050,37,075,"North Carolina","Graham County",2,65,132,62,70
050,37,075,"North Carolina","Graham County",2,66,124,63,61
050,37,075,"North Carolina","Graham County",2,67,112,61,51
050,37,075,"North Carolina","Graham County",2,68,99,49,50
050,37,075,"North Carolina","Graham County",2,69,101,46,55
050,37,075,"North Carolina","Graham County",2,70,110,51,59
050,37,075,"North Carolina","Graham County",2,71,110,55,55
050,37,075,"North Carolina","Graham County",2,72,111,55,56
050,37,075,"North Carolina","Graham County",2,73,113,52,61
050,37,075,"North Carolina","Graham County",2,74,79,33,46
050,37,075,"North Carolina","Graham County",2,75,71,32,39
050,37,075,"North Carolina","Graham County",2,76,80,40,40
050,37,075,"North Carolina","Graham County",2,77,92,48,44
050,37,075,"North Carolina","Graham County",2,78,70,39,31
050,37,075,"North Carolina","Graham County",2,79,64,33,31
050,37,075,"North Carolina","Graham County",2,80,57,24,33
050,37,075,"North Carolina","Graham County",2,81,56,23,33
050,37,075,"North Carolina","Graham County",2,82,42,15,27
050,37,075,"North Carolina","Graham County",2,83,38,18,20
050,37,075,"North Carolina","Graham County",2,84,42,20,22
050,37,075,"North Carolina","Graham County",2,85,236,93,143
050,37,075,"North Carolina","Graham County",3,0,78,41,37
050,37,075,"North Carolina","Graham County",3,1,98,54,44
050,37,075,"North Carolina","Graham County",3,2,77,38,39
050,37,075,"North Carolina","Graham County",3,3,86,40,46
050,37,075,"North Carolina","Graham County",3,4,73,43,30
050,37,075,"North Carolina","Graham County",3,5,67,32,35
050,37,075,"North Carolina","Graham County",3,6,78,41,37
050,37,075,"North Carolina","Graham County",3,7,75,42,33
050,37,075,"North Carolina","Graham County",3,8,92,53,39
050,37,075,"North Carolina","Graham County",3,9,85,49,36
050,37,075,"North Carolina","Graham County",3,10,82,46,36
050,37,075,"North Carolina","Graham County",3,11,89,49,40
050,37,075,"North Carolina","Graham County",3,12,86,50,36
050,37,075,"North Carolina","Graham County",3,13,94,56,38
050,37,075,"North Carolina","Graham County",3,14,97,56,41
050,37,075,"North Carolina","Graham County",3,15,99,56,43
050,37,075,"North Carolina","Graham County",3,16,109,62,47
050,37,075,"North Carolina","Graham County",3,17,106,54,52
050,37,075,"North Carolina","Graham County",3,18,95,49,46
050,37,075,"North Carolina","Graham County",3,19,72,35,37
050,37,075,"North Carolina","Graham County",3,20,83,44,39
050,37,075,"North Carolina","Graham County",3,21,98,56,42
050,37,075,"North Carolina","Graham County",3,22,85,49,36
050,37,075,"North Carolina","Graham County",3,23,84,47,37
050,37,075,"North Carolina","Graham County",3,24,83,44,39
050,37,075,"North Carolina","Graham County",3,25,82,40,42
050,37,075,"North Carolina","Graham County",3,26,85,42,43
050,37,075,"North Carolina","Graham County",3,27,78,39,39
050,37,075,"North Carolina","Graham County",3,28,77,40,37
050,37,075,"North Carolina","Graham County",3,29,89,45,44
050,37,075,"North Carolina","Graham County",3,30,88,43,45
050,37,075,"North Carolina","Graham County",3,31,99,46,53
050,37,075,"North Carolina","Graham County",3,32,107,51,56
050,37,075,"North Carolina","Graham County",3,33,83,44,39
050,37,075,"North Carolina","Graham County",3,34,83,46,37
050,37,075,"North Carolina","Graham County",3,35,78,36,42
050,37,075,"North Carolina","Graham County",3,36,75,34,41
050,37,075,"North Carolina","Graham County",3,37,87,41,46
050,37,075,"North Carolina","Graham County",3,38,83,44,39
050,37,075,"North Carolina","Graham County",3,39,87,49,38
050,37,075,"North Carolina","Graham County",3,40,95,52,43
050,37,075,"North Carolina","Graham County",3,41,94,47,47
050,37,075,"North Carolina","Graham County",3,42,96,43,53
050,37,075,"North Carolina","Graham County",3,43,93,39,54
050,37,075,"North Carolina","Graham County",3,44,96,52,44
050,37,075,"North Carolina","Graham County",3,45,84,46,38
050,37,075,"North Carolina","Graham County",3,46,82,47,35
050,37,075,"North Carolina","Graham County",3,47,89,50,39
050,37,075,"North Carolina","Graham County",3,48,92,47,45
050,37,075,"North Carolina","Graham County",3,49,99,51,48
050,37,075,"North Carolina","Graham County",3,50,113,58,55
050,37,075,"North Carolina","Graham County",3,51,105,61,44
050,37,075,"North Carolina","Graham County",3,52,101,52,49
050,37,075,"North Carolina","Graham County",3,53,101,48,53
050,37,075,"North Carolina","Graham County",3,54,99,49,50
050,37,075,"North Carolina","Graham County",3,55,117,65,52
050,37,075,"North Carolina","Graham County",3,56,129,64,65
050,37,075,"North Carolina","Graham County",3,57,117,59,58
050,37,075,"North Carolina","Graham County",3,58,101,52,49
050,37,075,"North Carolina","Graham County",3,59,118,59,59
050,37,075,"North Carolina","Graham County",3,60,123,55,68
050,37,075,"North Carolina","Graham County",3,61,116,48,68
050,37,075,"North Carolina","Graham County",3,62,108,52,56
050,37,075,"North Carolina","Graham County",3,63,118,63,55
050,37,075,"North Carolina","Graham County",3,64,122,61,61
050,37,075,"North Carolina","Graham County",3,65,127,64,63
050,37,075,"North Carolina","Graham County",3,66,134,62,72
050,37,075,"North Carolina","Graham County",3,67,125,66,59
050,37,075,"North Carolina","Graham County",3,68,114,60,54
050,37,075,"North Carolina","Graham County",3,69,93,46,47
050,37,075,"North Carolina","Graham County",3,70,97,43,54
050,37,075,"North Carolina","Graham County",3,71,109,49,60
050,37,075,"North Carolina","Graham County",3,72,106,56,50
050,37,075,"North Carolina","Graham County",3,73,101,50,51
050,37,075,"North Carolina","Graham County",3,74,107,50,57
050,37,075,"North Carolina","Graham County",3,75,78,33,45
050,37,075,"North Carolina","Graham County",3,76,68,33,35
050,37,075,"North Carolina","Graham County",3,77,78,38,40
050,37,075,"North Carolina","Graham County",3,78,84,47,37
050,37,075,"North Carolina","Graham County",3,79,65,36,29
050,37,075,"North Carolina","Graham County",3,80,54,27,27
050,37,075,"North Carolina","Graham County",3,81,54,21,33
050,37,075,"North Carolina","Graham County",3,82,49,18,31
050,37,075,"North Carolina","Graham County",3,83,39,15,24
050,37,075,"North Carolina","Graham County",3,84,27,14,13
050,37,075,"North Carolina","Graham County",3,85,239,102,137
050,37,075,"North Carolina","Graham County",4,0,91,48,43
050,37,075,"North Carolina","Graham County",4,1,73,39,34
050,37,075,"North Carolina","Graham County",4,2,102,54,48
050,37,075,"North Carolina","Graham County",4,3,81,38,43
050,37,075,"North Carolina","Graham County",4,4,81,38,43
050,37,075,"North Carolina","Graham County",4,5,68,41,27
050,37,075,"North Carolina","Graham County",4,6,65,33,32
050,37,075,"North Carolina","Graham County",4,7,82,44,38
050,37,075,"North Carolina","Graham County",4,8,68,39,29
050,37,075,"North Carolina","Graham County",4,9,97,56,41
050,37,075,"North Carolina","Graham County",4,10,84,50,34
050,37,075,"North Carolina","Graham County",4,11,80,41,39
050,37,075,"North Carolina","Graham County",4,12,88,49,39
050,37,075,"North Carolina","Graham County",4,13,86,50,36
050,37,075,"North Carolina","Graham County",4,14,97,59,38
050,37,075,"North Carolina","Graham County",4,15,100,53,47
050,37,075,"North Carolina","Graham County",4,16,97,54,43
050,37,075,"North Carolina","Graham County",4,17,111,62,49
050,37,075,"North Carolina","Graham County",4,18,94,52,42
050,37,075,"North Carolina","Graham County",4,19,75,40,35
050,37,075,"North Carolina","Graham County",4,20,73,36,37
050,37,075,"North Carolina","Graham County",4,21,82,41,41
050,37,075,"North Carolina","Graham County",4,22,102,57,45
050,37,075,"North Carolina","Graham County",4,23,96,54,42
050,37,075,"North Carolina","Graham County",4,24,89,52,37
050,37,075,"North Carolina","Graham County",4,25,87,48,39
050,37,075,"North Carolina","Graham County",4,26,77,37,40
050,37,075,"North Carolina","Graham County",4,27,89,45,44
050,37,075,"North Carolina","Graham County",4,28,77,40,37
050,37,075,"North Carolina","Graham County",4,29,70,35,35
050,37,075,"North Carolina","Graham County",4,30,82,41,41
050,37,075,"North Carolina","Graham County",4,31,92,49,43
050,37,075,"North Carolina","Graham County",4,32,101,51,50
050,37,075,"North Carolina","Graham County",4,33,105,50,55
050,37,075,"North Carolina","Graham County",4,34,82,42,40
050,37,075,"North Carolina","Graham County",4,35,77,43,34
050,37,075,"North Carolina","Graham County",4,36,84,42,42
050,37,075,"North Carolina","Graham County",4,37,78,34,44
050,37,075,"North Carolina","Graham County",4,38,90,41,49
050,37,075,"North Carolina","Graham County",4,39,78,42,36
050,37,075,"North Carolina","Graham County",4,40,87,49,38
050,37,075,"North Carolina","Graham County",4,41,97,53,44
050,37,075,"North Carolina","Graham County",4,42,85,40,45
050,37,075,"North Carolina","Graham County",4,43,95,42,53
050,37,075,"North Carolina","Graham County",4,44,96,41,55
050,37,075,"North Carolina","Graham County",4,45,96,53,43
050,37,075,"North Carolina","Graham County",4,46,87,48,39
050,37,075,"North Carolina","Graham County",4,47,77,42,35
050,37,075,"North Carolina","Graham County",4,48,95,53,42
050,37,075,"North Carolina","Graham County",4,49,93,47,46
050,37,075,"North Carolina","Graham County",4,50,96,48,48
050,37,075,"North Carolina","Graham County",4,51,113,61,52
050,37,075,"North Carolina","Graham County",4,52,107,60,47
050,37,075,"North Carolina","Graham County",4,53,101,52,49
050,37,075,"North Carolina","Graham County",4,54,104,51,53
050,37,075,"North Carolina","Graham County",4,55,97,48,49
050,37,075,"North Carolina","Graham County",4,56,120,65,55
050,37,075,"North Carolina","Graham County",4,57,136,67,69
050,37,075,"North Carolina","Graham County",4,58,124,61,63
050,37,075,"North Carolina","Graham County",4,59,106,58,48
050,37,075,"North Carolina","Graham County",4,60,120,59,61
050,37,075,"North Carolina","Graham County",4,61,127,58,69
050,37,075,"North Carolina","Graham County",4,62,121,49,72
050,37,075,"North Carolina","Graham County",4,63,113,57,56
050,37,075,"North Carolina","Graham County",4,64,117,60,57
050,37,075,"North Carolina","Graham County",4,65,121,60,61
050,37,075,"North Carolina","Graham County",4,66,124,61,63
050,37,075,"North Carolina","Graham County",4,67,137,65,72
050,37,075,"North Carolina","Graham County",4,68,121,66,55
050,37,075,"North Carolina","Graham County",4,69,115,62,53
050,37,075,"North Carolina","Graham County",4,70,91,47,44
050,37,075,"North Carolina","Graham County",4,71,98,41,57
050,37,075,"North Carolina","Graham County",4,72,106,47,59
050,37,075,"North Carolina","Graham County",4,73,101,54,47
050,37,075,"North Carolina","Graham County",4,74,98,47,51
050,37,075,"North Carolina","Graham County",4,75,105,48,57
050,37,075,"North Carolina","Graham County",4,76,78,31,47
050,37,075,"North Carolina","Graham County",4,77,65,32,33
050,37,075,"North Carolina","Graham County",4,78,73,36,37
050,37,075,"North Carolina","Graham County",4,79,81,46,35
050,37,075,"North Carolina","Graham County",4,80,62,33,29
050,37,075,"North Carolina","Graham County",4,81,56,28,28
050,37,075,"North Carolina","Graham County",4,82,46,18,28
050,37,075,"North Carolina","Graham County",4,83,45,17,28
050,37,075,"North Carolina","Graham County",4,84,30,12,18
050,37,075,"North Carolina","Graham County",4,85,238,104,134
050,37,075,"North Carolina","Graham County",5,0,95,51,44
050,37,075,"North Carolina","Graham County",5,1,92,47,45
050,37,075,"North Carolina","Graham County",5,2,75,38,37
050,37,075,"North Carolina","Graham County",5,3,101,53,48
050,37,075,"North Carolina","Graham County",5,4,83,39,44
050,37,075,"North Carolina","Graham County",5,5,87,42,45
050,37,075,"North Carolina","Graham County",5,6,70,42,28
050,37,075,"North Carolina","Graham County",5,7,64,33,31
050,37,075,"North Carolina","Graham County",5,8,80,44,36
050,37,075,"North Carolina","Graham County",5,9,69,40,29
050,37,075,"North Carolina","Graham County",5,10,92,52,40
050,37,075,"North Carolina","Graham County",5,11,84,51,33
050,37,075,"North Carolina","Graham County",5,12,80,41,39
050,37,075,"North Carolina","Graham County",5,13,84,48,36
050,37,075,"North Carolina","Graham County",5,14,88,52,36
050,37,075,"North Carolina","Graham County",5,15,95,58,37
050,37,075,"North Carolina","Graham County",5,16,96,53,43
050,37,075,"North Carolina","Graham County",5,17,100,59,41
050,37,075,"North Carolina","Graham County",5,18,93,55,38
050,37,075,"North Carolina","Graham County",5,19,83,46,37
050,37,075,"North Carolina","Graham County",5,20,90,45,45
050,37,075,"North Carolina","Graham County",5,21,70,34,36
050,37,075,"North Carolina","Graham County",5,22,85,42,43
050,37,075,"North Carolina","Graham County",5,23,105,59,46
050,37,075,"North Carolina","Graham County",5,24,96,55,41
050,37,075,"North Carolina","Graham County",5,25,91,51,40
050,37,075,"North Carolina","Graham County",5,26,83,47,36
050,37,075,"North Carolina","Graham County",5,27,80,38,42
050,37,075,"North Carolina","Graham County",5,28,87,43,44
050,37,075,"North Carolina","Graham County",5,29,85,42,43
050,37,075,"North Carolina","Graham County",5,30,63,30,33
050,37,075,"North Carolina","Graham County",5,31,83,41,42
050,37,075,"North Carolina","Graham County",5,32,100,55,45
050,37,075,"North Carolina","Graham County",5,33,99,46,53
050,37,075,"North Carolina","Graham County",5,34,103,52,51
050,37,075,"North Carolina","Graham County",5,35,80,40,40
050,37,075,"North Carolina","Graham County",5,36,74,41,33
050,37,075,"North Carolina","Graham County",5,37,85,46,39
050,37,075,"North Carolina","Graham County",5,38,78,33,45
050,37,075,"North Carolina","Graham County",5,39,87,39,48
050,37,075,"North Carolina","Graham County",5,40,80,43,37
050,37,075,"North Carolina","Graham County",5,41,90,48,42
050,37,075,"North Carolina","Graham County",5,42,94,50,44
050,37,075,"North Carolina","Graham County",5,43,82,40,42
050,37,075,"North Carolina","Graham County",5,44,95,42,53
050,37,075,"North Carolina","Graham County",5,45,93,39,54
050,37,075,"North Carolina","Graham County",5,46,99,55,44
050,37,075,"North Carolina","Graham County",5,47,91,49,42
050,37,075,"North Carolina","Graham County",5,48,76,43,33
050,37,075,"North Carolina","Graham County",5,49,95,52,43
050,37,075,"North Carolina","Graham County",5,50,96,50,46
050,37,075,"North Carolina","Graham County",5,51,98,49,49
050,37,075,"North Carolina","Graham County",5,52,111,59,52
050,37,075,"North Carolina","Graham County",5,53,105,57,48
050,37,075,"North Carolina","Graham County",5,54,101,52,49
050,37,075,"North Carolina","Graham County",5,55,104,54,50
050,37,075,"North Carolina","Graham County",5,56,96,48,48
050,37,075,"North Carolina","Graham County",5,57,123,67,56
050,37,075,"North Carolina","Graham County",5,58,136,67,69
050,37,075,"North Carolina","Graham County",5,59,121,61,60
050,37,075,"North Carolina","Graham County",5,60,109,57,52
050,37,075,"North Carolina","Graham County",5,61,116,56,60
050,37,075,"North Carolina","Graham County",5,62,129,60,69
050,37,075,"North Carolina","Graham County",5,63,124,52,72
050,37,075,"North Carolina","Graham County",5,64,107,54,53
050,37,075,"North Carolina","Graham County",5,65,118,58,60
050,37,075,"North Carolina","Graham County",5,66,122,62,60
050,37,075,"North Carolina","Graham County",5,67,123,63,60
050,37,075,"North Carolina","Graham County",5,68,136,63,73
050,37,075,"North Carolina","Graham County",5,69,120,67,53
050,37,075,"North Carolina","Graham County",5,70,113,61,52
050,37,075,"North Carolina","Graham County",5,71,91,45,46
050,37,075,"North Carolina","Graham County",5,72,98,44,54
050,37,075,"North Carolina","Graham County",5,73,104,44,60
050,37,075,"North Carolina","Graham County",5,74,100,54,46
050,37,075,"North Carolina","Graham County",5,75,101,49,52
050,37,075,"North Carolina","Graham County",5,76,101,46,55
050,37,075,"North Carolina","Graham County",5,77,77,30,47
050,37,075,"North Carolina","Graham County",5,78,62,33,29
050,37,075,"North Carolina","Graham County",5,79,73,37,36
050,37,075,"North Carolina","Graham County",5,80,75,43,32
050,37,075,"North Carolina","Graham County",5,81,62,33,29
050,37,075,"North Carolina","Graham County",5,82,50,25,25
050,37,075,"North Carolina","Graham County",5,83,45,17,28
050,37,075,"North Carolina","Graham County",5,84,38,14,24
050,37,075,"North Carolina","Graham County",5,85,237,104,133
050,37,077,"North Carolina","Granville County",1,0,586,298,288
050,37,077,"North Carolina","Granville County",1,1,591,291,300
050,37,077,"North Carolina","Granville County",1,2,648,315,333
050,37,077,"North Carolina","Granville County",1,3,647,317,330
050,37,077,"North Carolina","Granville County",1,4,624,309,315
050,37,077,"North Carolina","Granville County",1,5,673,339,334
050,37,077,"North Carolina","Granville County",1,6,638,342,296
050,37,077,"North Carolina","Granville County",1,7,646,334,312
050,37,077,"North Carolina","Granville County",1,8,661,329,332
050,37,077,"North Carolina","Granville County",1,9,699,354,345
050,37,077,"North Carolina","Granville County",1,10,700,344,356
050,37,077,"North Carolina","Granville County",1,11,704,349,355
050,37,077,"North Carolina","Granville County",1,12,793,413,380
050,37,077,"North Carolina","Granville County",1,13,788,399,389
050,37,077,"North Carolina","Granville County",1,14,823,436,387
050,37,077,"North Carolina","Granville County",1,15,810,435,375
050,37,077,"North Carolina","Granville County",1,16,848,468,380
050,37,077,"North Carolina","Granville County",1,17,831,448,383
050,37,077,"North Carolina","Granville County",1,18,669,353,316
050,37,077,"North Carolina","Granville County",1,19,834,562,272
050,37,077,"North Carolina","Granville County",1,20,1011,736,275
050,37,077,"North Carolina","Granville County",1,21,716,423,293
050,37,077,"North Carolina","Granville County",1,22,602,322,280
050,37,077,"North Carolina","Granville County",1,23,584,297,287
050,37,077,"North Carolina","Granville County",1,24,611,308,303
050,37,077,"North Carolina","Granville County",1,25,674,339,335
050,37,077,"North Carolina","Granville County",1,26,724,371,353
050,37,077,"North Carolina","Granville County",1,27,743,385,358
050,37,077,"North Carolina","Granville County",1,28,762,383,379
050,37,077,"North Carolina","Granville County",1,29,778,398,380
050,37,077,"North Carolina","Granville County",1,30,760,417,343
050,37,077,"North Carolina","Granville County",1,31,759,374,385
050,37,077,"North Carolina","Granville County",1,32,696,356,340
050,37,077,"North Carolina","Granville County",1,33,737,384,353
050,37,077,"North Carolina","Granville County",1,34,740,405,335
050,37,077,"North Carolina","Granville County",1,35,746,414,332
050,37,077,"North Carolina","Granville County",1,36,722,386,336
050,37,077,"North Carolina","Granville County",1,37,734,385,349
050,37,077,"North Carolina","Granville County",1,38,774,446,328
050,37,077,"North Carolina","Granville County",1,39,726,376,350
050,37,077,"North Carolina","Granville County",1,40,719,385,334
050,37,077,"North Carolina","Granville County",1,41,767,402,365
050,37,077,"North Carolina","Granville County",1,42,790,415,375
050,37,077,"North Carolina","Granville County",1,43,765,391,374
050,37,077,"North Carolina","Granville County",1,44,755,378,377
050,37,077,"North Carolina","Granville County",1,45,765,407,358
050,37,077,"North Carolina","Granville County",1,46,806,406,400
050,37,077,"North Carolina","Granville County",1,47,866,455,411
050,37,077,"North Carolina","Granville County",1,48,903,478,425
050,37,077,"North Carolina","Granville County",1,49,996,532,464
050,37,077,"North Carolina","Granville County",1,50,909,470,439
050,37,077,"North Carolina","Granville County",1,51,921,507,414
050,37,077,"North Carolina","Granville County",1,52,893,473,420
050,37,077,"North Carolina","Granville County",1,53,934,478,456
050,37,077,"North Carolina","Granville County",1,54,975,514,461
050,37,077,"North Carolina","Granville County",1,55,989,487,502
050,37,077,"North Carolina","Granville County",1,56,1036,545,491
050,37,077,"North Carolina","Granville County",1,57,943,508,435
050,37,077,"North Carolina","Granville County",1,58,893,466,427
050,37,077,"North Carolina","Granville County",1,59,889,447,442
050,37,077,"North Carolina","Granville County",1,60,932,464,468
050,37,077,"North Carolina","Granville County",1,61,923,457,466
050,37,077,"North Carolina","Granville County",1,62,882,447,435
050,37,077,"North Carolina","Granville County",1,63,843,430,413
050,37,077,"North Carolina","Granville County",1,64,753,385,368
050,37,077,"North Carolina","Granville County",1,65,754,373,381
050,37,077,"North Carolina","Granville County",1,66,735,372,363
050,37,077,"North Carolina","Granville County",1,67,685,322,363
050,37,077,"North Carolina","Granville County",1,68,701,342,359
050,37,077,"North Carolina","Granville County",1,69,676,330,346
050,37,077,"North Carolina","Granville County",1,70,656,308,348
050,37,077,"North Carolina","Granville County",1,71,626,306,320
050,37,077,"North Carolina","Granville County",1,72,567,263,304
050,37,077,"North Carolina","Granville County",1,73,591,277,314
050,37,077,"North Carolina","Granville County",1,74,426,190,236
050,37,077,"North Carolina","Granville County",1,75,438,210,228
050,37,077,"North Carolina","Granville County",1,76,415,206,209
050,37,077,"North Carolina","Granville County",1,77,390,185,205
050,37,077,"North Carolina","Granville County",1,78,292,128,164
050,37,077,"North Carolina","Granville County",1,79,292,142,150
050,37,077,"North Carolina","Granville County",1,80,252,111,141
050,37,077,"North Carolina","Granville County",1,81,251,110,141
050,37,077,"North Carolina","Granville County",1,82,237,97,140
050,37,077,"North Carolina","Granville County",1,83,210,81,129
050,37,077,"North Carolina","Granville County",1,84,177,70,107
050,37,077,"North Carolina","Granville County",1,85,973,331,642
050,37,077,"North Carolina","Granville County",2,0,577,301,276
050,37,077,"North Carolina","Granville County",2,1,595,295,300
050,37,077,"North Carolina","Granville County",2,2,638,311,327
050,37,077,"North Carolina","Granville County",2,3,649,319,330
050,37,077,"North Carolina","Granville County",2,4,635,312,323
050,37,077,"North Carolina","Granville County",2,5,665,333,332
050,37,077,"North Carolina","Granville County",2,6,651,341,310
050,37,077,"North Carolina","Granville County",2,7,643,335,308
050,37,077,"North Carolina","Granville County",2,8,657,331,326
050,37,077,"North Carolina","Granville County",2,9,691,349,342
050,37,077,"North Carolina","Granville County",2,10,704,348,356
050,37,077,"North Carolina","Granville County",2,11,705,351,354
050,37,077,"North Carolina","Granville County",2,12,773,398,375
050,37,077,"North Carolina","Granville County",2,13,789,403,386
050,37,077,"North Carolina","Granville County",2,14,816,431,385
050,37,077,"North Carolina","Granville County",2,15,816,437,379
050,37,077,"North Carolina","Granville County",2,16,846,465,381
050,37,077,"North Carolina","Granville County",2,17,831,451,380
050,37,077,"North Carolina","Granville County",2,18,675,359,316
050,37,077,"North Carolina","Granville County",2,19,831,562,269
050,37,077,"North Carolina","Granville County",2,20,1017,738,279
050,37,077,"North Carolina","Granville County",2,21,719,428,291
050,37,077,"North Carolina","Granville County",2,22,605,318,287
050,37,077,"North Carolina","Granville County",2,23,590,305,285
050,37,077,"North Carolina","Granville County",2,24,606,304,302
050,37,077,"North Carolina","Granville County",2,25,669,338,331
050,37,077,"North Carolina","Granville County",2,26,707,360,347
050,37,077,"North Carolina","Granville County",2,27,744,389,355
050,37,077,"North Carolina","Granville County",2,28,757,383,374
050,37,077,"North Carolina","Granville County",2,29,780,399,381
050,37,077,"North Carolina","Granville County",2,30,780,421,359
050,37,077,"North Carolina","Granville County",2,31,753,381,372
050,37,077,"North Carolina","Granville County",2,32,707,356,351
050,37,077,"North Carolina","Granville County",2,33,737,382,355
050,37,077,"North Carolina","Granville County",2,34,742,400,342
050,37,077,"North Carolina","Granville County",2,35,755,418,337
050,37,077,"North Carolina","Granville County",2,36,718,385,333
050,37,077,"North Carolina","Granville County",2,37,733,387,346
050,37,077,"North Carolina","Granville County",2,38,776,441,335
050,37,077,"North Carolina","Granville County",2,39,727,382,345
050,37,077,"North Carolina","Granville County",2,40,730,386,344
050,37,077,"North Carolina","Granville County",2,41,761,403,358
050,37,077,"North Carolina","Granville County",2,42,785,411,374
050,37,077,"North Carolina","Granville County",2,43,783,401,382
050,37,077,"North Carolina","Granville County",2,44,747,376,371
050,37,077,"North Carolina","Granville County",2,45,774,407,367
050,37,077,"North Carolina","Granville County",2,46,800,412,388
050,37,077,"North Carolina","Granville County",2,47,848,442,406
050,37,077,"North Carolina","Granville County",2,48,901,478,423
050,37,077,"North Carolina","Granville County",2,49,978,522,456
050,37,077,"North Carolina","Granville County",2,50,924,479,445
050,37,077,"North Carolina","Granville County",2,51,920,501,419
050,37,077,"North Carolina","Granville County",2,52,895,478,417
050,37,077,"North Carolina","Granville County",2,53,919,469,450
050,37,077,"North Carolina","Granville County",2,54,969,512,457
050,37,077,"North Carolina","Granville County",2,55,986,490,496
050,37,077,"North Carolina","Granville County",2,56,1032,533,499
050,37,077,"North Carolina","Granville County",2,57,961,512,449
050,37,077,"North Carolina","Granville County",2,58,900,469,431
050,37,077,"North Carolina","Granville County",2,59,894,455,439
050,37,077,"North Carolina","Granville County",2,60,924,461,463
050,37,077,"North Carolina","Granville County",2,61,925,460,465
050,37,077,"North Carolina","Granville County",2,62,887,448,439
050,37,077,"North Carolina","Granville County",2,63,849,428,421
050,37,077,"North Carolina","Granville County",2,64,767,393,374
050,37,077,"North Carolina","Granville County",2,65,754,377,377
050,37,077,"North Carolina","Granville County",2,66,734,371,363
050,37,077,"North Carolina","Granville County",2,67,683,328,355
050,37,077,"North Carolina","Granville County",2,68,691,334,357
050,37,077,"North Carolina","Granville County",2,69,688,336,352
050,37,077,"North Carolina","Granville County",2,70,650,305,345
050,37,077,"North Carolina","Granville County",2,71,627,304,323
050,37,077,"North Carolina","Granville County",2,72,566,264,302
050,37,077,"North Carolina","Granville County",2,73,606,282,324
050,37,077,"North Carolina","Granville County",2,74,441,200,241
050,37,077,"North Carolina","Granville County",2,75,436,207,229
050,37,077,"North Carolina","Granville County",2,76,413,203,210
050,37,077,"North Carolina","Granville County",2,77,393,189,204
050,37,077,"North Carolina","Granville County",2,78,302,134,168
050,37,077,"North Carolina","Granville County",2,79,292,137,155
050,37,077,"North Carolina","Granville County",2,80,259,116,143
050,37,077,"North Carolina","Granville County",2,81,248,109,139
050,37,077,"North Carolina","Granville County",2,82,233,94,139
050,37,077,"North Carolina","Granville County",2,83,212,83,129
050,37,077,"North Carolina","Granville County",2,84,186,73,113
050,37,077,"North Carolina","Granville County",2,85,979,334,645
050,37,077,"North Carolina","Granville County",3,0,594,300,294
050,37,077,"North Carolina","Granville County",3,1,603,332,271
050,37,077,"North Carolina","Granville County",3,2,614,312,302
050,37,077,"North Carolina","Granville County",3,3,654,337,317
050,37,077,"North Carolina","Granville County",3,4,665,327,338
050,37,077,"North Carolina","Granville County",3,5,665,318,347
050,37,077,"North Carolina","Granville County",3,6,690,347,343
050,37,077,"North Carolina","Granville County",3,7,667,343,324
050,37,077,"North Carolina","Granville County",3,8,659,345,314
050,37,077,"North Carolina","Granville County",3,9,672,346,326
050,37,077,"North Carolina","Granville County",3,10,717,363,354
050,37,077,"North Carolina","Granville County",3,11,701,343,358
050,37,077,"North Carolina","Granville County",3,12,729,377,352
050,37,077,"North Carolina","Granville County",3,13,797,404,393
050,37,077,"North Carolina","Granville County",3,14,815,424,391
050,37,077,"North Carolina","Granville County",3,15,822,424,398
050,37,077,"North Carolina","Granville County",3,16,834,447,387
050,37,077,"North Carolina","Granville County",3,17,838,463,375
050,37,077,"North Carolina","Granville County",3,18,710,387,323
050,37,077,"North Carolina","Granville County",3,19,815,535,280
050,37,077,"North Carolina","Granville County",3,20,963,665,298
050,37,077,"North Carolina","Granville County",3,21,736,433,303
050,37,077,"North Carolina","Granville County",3,22,644,333,311
050,37,077,"North Carolina","Granville County",3,23,619,323,296
050,37,077,"North Carolina","Granville County",3,24,581,290,291
050,37,077,"North Carolina","Granville County",3,25,618,313,305
050,37,077,"North Carolina","Granville County",3,26,699,352,347
050,37,077,"North Carolina","Granville County",3,27,755,389,366
050,37,077,"North Carolina","Granville County",3,28,747,388,359
050,37,077,"North Carolina","Granville County",3,29,787,389,398
050,37,077,"North Carolina","Granville County",3,30,793,404,389
050,37,077,"North Carolina","Granville County",3,31,776,400,376
050,37,077,"North Carolina","Granville County",3,32,770,388,382
050,37,077,"North Carolina","Granville County",3,33,773,401,372
050,37,077,"North Carolina","Granville County",3,34,757,391,366
050,37,077,"North Carolina","Granville County",3,35,771,420,351
050,37,077,"North Carolina","Granville County",3,36,726,391,335
050,37,077,"North Carolina","Granville County",3,37,728,391,337
050,37,077,"North Carolina","Granville County",3,38,768,411,357
050,37,077,"North Carolina","Granville County",3,39,771,410,361
050,37,077,"North Carolina","Granville County",3,40,701,365,336
050,37,077,"North Carolina","Granville County",3,41,748,401,347
050,37,077,"North Carolina","Granville County",3,42,773,399,374
050,37,077,"North Carolina","Granville County",3,43,785,410,375
050,37,077,"North Carolina","Granville County",3,44,775,381,394
050,37,077,"North Carolina","Granville County",3,45,740,385,355
050,37,077,"North Carolina","Granville County",3,46,794,417,377
050,37,077,"North Carolina","Granville County",3,47,790,395,395
050,37,077,"North Carolina","Granville County",3,48,859,455,404
050,37,077,"North Carolina","Granville County",3,49,899,477,422
050,37,077,"North Carolina","Granville County",3,50,939,485,454
050,37,077,"North Carolina","Granville County",3,51,946,504,442
050,37,077,"North Carolina","Granville County",3,52,902,485,417
050,37,077,"North Carolina","Granville County",3,53,895,461,434
050,37,077,"North Carolina","Granville County",3,54,956,501,455
050,37,077,"North Carolina","Granville County",3,55,944,486,458
050,37,077,"North Carolina","Granville County",3,56,1012,502,510
050,37,077,"North Carolina","Granville County",3,57,986,501,485
050,37,077,"North Carolina","Granville County",3,58,927,486,441
050,37,077,"North Carolina","Granville County",3,59,907,473,434
050,37,077,"North Carolina","Granville County",3,60,890,453,437
050,37,077,"North Carolina","Granville County",3,61,910,456,454
050,37,077,"North Carolina","Granville County",3,62,900,451,449
050,37,077,"North Carolina","Granville County",3,63,864,422,442
050,37,077,"North Carolina","Granville County",3,64,838,424,414
050,37,077,"North Carolina","Granville County",3,65,764,391,373
050,37,077,"North Carolina","Granville County",3,66,736,360,376
050,37,077,"North Carolina","Granville County",3,67,714,360,354
050,37,077,"North Carolina","Granville County",3,68,667,323,344
050,37,077,"North Carolina","Granville County",3,69,670,320,350
050,37,077,"North Carolina","Granville County",3,70,671,306,365
050,37,077,"North Carolina","Granville County",3,71,644,306,338
050,37,077,"North Carolina","Granville County",3,72,581,276,305
050,37,077,"North Carolina","Granville County",3,73,548,253,295
050,37,077,"North Carolina","Granville County",3,74,604,277,327
050,37,077,"North Carolina","Granville County",3,75,429,200,229
050,37,077,"North Carolina","Granville County",3,76,415,193,222
050,37,077,"North Carolina","Granville County",3,77,399,199,200
050,37,077,"North Carolina","Granville County",3,78,370,178,192
050,37,077,"North Carolina","Granville County",3,79,298,135,163
050,37,077,"North Carolina","Granville County",3,80,284,128,156
050,37,077,"North Carolina","Granville County",3,81,246,115,131
050,37,077,"North Carolina","Granville County",3,82,213,89,124
050,37,077,"North Carolina","Granville County",3,83,211,80,131
050,37,077,"North Carolina","Granville County",3,84,200,79,121
050,37,077,"North Carolina","Granville County",3,85,978,349,629
050,37,077,"North Carolina","Granville County",4,0,642,329,313
050,37,077,"North Carolina","Granville County",4,1,608,317,291
050,37,077,"North Carolina","Granville County",4,2,627,352,275
050,37,077,"North Carolina","Granville County",4,3,642,330,312
050,37,077,"North Carolina","Granville County",4,4,656,343,313
050,37,077,"North Carolina","Granville County",4,5,679,344,335
050,37,077,"North Carolina","Granville County",4,6,667,329,338
050,37,077,"North Carolina","Granville County",4,7,697,355,342
050,37,077,"North Carolina","Granville County",4,8,677,359,318
050,37,077,"North Carolina","Granville County",4,9,661,357,304
050,37,077,"North Carolina","Granville County",4,10,678,347,331
050,37,077,"North Carolina","Granville County",4,11,691,351,340
050,37,077,"North Carolina","Granville County",4,12,733,372,361
050,37,077,"North Carolina","Granville County",4,13,715,366,349
050,37,077,"North Carolina","Granville County",4,14,808,415,393
050,37,077,"North Carolina","Granville County",4,15,799,413,386
050,37,077,"North Carolina","Granville County",4,16,833,436,397
050,37,077,"North Carolina","Granville County",4,17,819,438,381
050,37,077,"North Carolina","Granville County",4,18,692,382,310
050,37,077,"North Carolina","Granville County",4,19,814,551,263
050,37,077,"North Carolina","Granville County",4,20,974,670,304
050,37,077,"North Carolina","Granville County",4,21,725,422,303
050,37,077,"North Carolina","Granville County",4,22,666,352,314
050,37,077,"North Carolina","Granville County",4,23,648,319,329
050,37,077,"North Carolina","Granville County",4,24,600,315,285
050,37,077,"North Carolina","Granville County",4,25,609,298,311
050,37,077,"North Carolina","Granville County",4,26,633,316,317
050,37,077,"North Carolina","Granville County",4,27,734,382,352
050,37,077,"North Carolina","Granville County",4,28,741,377,364
050,37,077,"North Carolina","Granville County",4,29,773,401,372
050,37,077,"North Carolina","Granville County",4,30,818,413,405
050,37,077,"North Carolina","Granville County",4,31,816,420,396
050,37,077,"North Carolina","Granville County",4,32,806,411,395
050,37,077,"North Carolina","Granville County",4,33,785,403,382
050,37,077,"North Carolina","Granville County",4,34,819,425,394
050,37,077,"North Carolina","Granville County",4,35,768,396,372
050,37,077,"North Carolina","Granville County",4,36,762,417,345
050,37,077,"North Carolina","Granville County",4,37,747,412,335
050,37,077,"North Carolina","Granville County",4,38,761,431,330
050,37,077,"North Carolina","Granville County",4,39,758,392,366
050,37,077,"North Carolina","Granville County",4,40,771,413,358
050,37,077,"North Carolina","Granville County",4,41,746,394,352
050,37,077,"North Carolina","Granville County",4,42,740,394,346
050,37,077,"North Carolina","Granville County",4,43,745,392,353
050,37,077,"North Carolina","Granville County",4,44,765,385,380
050,37,077,"North Carolina","Granville County",4,45,784,389,395
050,37,077,"North Carolina","Granville County",4,46,748,388,360
050,37,077,"North Carolina","Granville County",4,47,798,422,376
050,37,077,"North Carolina","Granville County",4,48,816,422,394
050,37,077,"North Carolina","Granville County",4,49,877,469,408
050,37,077,"North Carolina","Granville County",4,50,870,439,431
050,37,077,"North Carolina","Granville County",4,51,971,503,468
050,37,077,"North Carolina","Granville County",4,52,922,487,435
050,37,077,"North Carolina","Granville County",4,53,909,472,437
050,37,077,"North Carolina","Granville County",4,54,916,481,435
050,37,077,"North Carolina","Granville County",4,55,931,483,448
050,37,077,"North Carolina","Granville County",4,56,962,492,470
050,37,077,"North Carolina","Granville County",4,57,1012,491,521
050,37,077,"North Carolina","Granville County",4,58,969,487,482
050,37,077,"North Carolina","Granville County",4,59,952,502,450
050,37,077,"North Carolina","Granville County",4,60,905,473,432
050,37,077,"North Carolina","Granville County",4,61,869,443,426
050,37,077,"North Carolina","Granville County",4,62,885,444,441
050,37,077,"North Carolina","Granville County",4,63,869,425,444
050,37,077,"North Carolina","Granville County",4,64,842,407,435
050,37,077,"North Carolina","Granville County",4,65,844,437,407
050,37,077,"North Carolina","Granville County",4,66,752,388,364
050,37,077,"North Carolina","Granville County",4,67,714,347,367
050,37,077,"North Carolina","Granville County",4,68,698,355,343
050,37,077,"North Carolina","Granville County",4,69,666,327,339
050,37,077,"North Carolina","Granville County",4,70,649,302,347
050,37,077,"North Carolina","Granville County",4,71,676,311,365
050,37,077,"North Carolina","Granville County",4,72,619,291,328
050,37,077,"North Carolina","Granville County",4,73,560,267,293
050,37,077,"North Carolina","Granville County",4,74,543,246,297
050,37,077,"North Carolina","Granville County",4,75,584,264,320
050,37,077,"North Carolina","Granville County",4,76,403,184,219
050,37,077,"North Carolina","Granville County",4,77,400,186,214
050,37,077,"North Carolina","Granville County",4,78,375,183,192
050,37,077,"North Carolina","Granville County",4,79,365,175,190
050,37,077,"North Carolina","Granville County",4,80,293,127,166
050,37,077,"North Carolina","Granville County",4,81,275,126,149
050,37,077,"North Carolina","Granville County",4,82,218,95,123
050,37,077,"North Carolina","Granville County",4,83,199,77,122
050,37,077,"North Carolina","Granville County",4,84,200,76,124
050,37,077,"North Carolina","Granville County",4,85,1014,366,648
050,37,077,"North Carolina","Granville County",5,0,642,330,312
050,37,077,"North Carolina","Granville County",5,1,673,351,322
050,37,077,"North Carolina","Granville County",5,2,616,308,308
050,37,077,"North Carolina","Granville County",5,3,635,359,276
050,37,077,"North Carolina","Granville County",5,4,630,317,313
050,37,077,"North Carolina","Granville County",5,5,662,340,322
050,37,077,"North Carolina","Granville County",5,6,704,351,353
050,37,077,"North Carolina","Granville County",5,7,667,326,341
050,37,077,"North Carolina","Granville County",5,8,695,363,332
050,37,077,"North Carolina","Granville County",5,9,667,353,314
050,37,077,"North Carolina","Granville County",5,10,692,369,323
050,37,077,"North Carolina","Granville County",5,11,688,352,336
050,37,077,"North Carolina","Granville County",5,12,706,365,341
050,37,077,"North Carolina","Granville County",5,13,738,367,371
050,37,077,"North Carolina","Granville County",5,14,738,387,351
050,37,077,"North Carolina","Granville County",5,15,804,415,389
050,37,077,"North Carolina","Granville County",5,16,813,423,390
050,37,077,"North Carolina","Granville County",5,17,841,447,394
050,37,077,"North Carolina","Granville County",5,18,683,373,310
050,37,077,"North Carolina","Granville County",5,19,820,557,263
050,37,077,"North Carolina","Granville County",5,20,991,719,272
050,37,077,"North Carolina","Granville County",5,21,745,434,311
050,37,077,"North Carolina","Granville County",5,22,643,336,307
050,37,077,"North Carolina","Granville County",5,23,679,339,340
050,37,077,"North Carolina","Granville County",5,24,669,332,337
050,37,077,"North Carolina","Granville County",5,25,639,339,300
050,37,077,"North Carolina","Granville County",5,26,615,312,303
050,37,077,"North Carolina","Granville County",5,27,674,346,328
050,37,077,"North Carolina","Granville County",5,28,736,373,363
050,37,077,"North Carolina","Granville County",5,29,747,379,368
050,37,077,"North Carolina","Granville County",5,30,800,420,380
050,37,077,"North Carolina","Granville County",5,31,831,409,422
050,37,077,"North Carolina","Granville County",5,32,810,400,410
050,37,077,"North Carolina","Granville County",5,33,872,450,422
050,37,077,"North Carolina","Granville County",5,34,818,418,400
050,37,077,"North Carolina","Granville County",5,35,838,441,397
050,37,077,"North Carolina","Granville County",5,36,767,383,384
050,37,077,"North Carolina","Granville County",5,37,783,430,353
050,37,077,"North Carolina","Granville County",5,38,786,452,334
050,37,077,"North Carolina","Granville County",5,39,755,414,341
050,37,077,"North Carolina","Granville County",5,40,771,400,371
050,37,077,"North Carolina","Granville County",5,41,796,442,354
050,37,077,"North Carolina","Granville County",5,42,723,376,347
050,37,077,"North Carolina","Granville County",5,43,740,387,353
050,37,077,"North Carolina","Granville County",5,44,724,368,356
050,37,077,"North Carolina","Granville County",5,45,770,396,374
050,37,077,"North Carolina","Granville County",5,46,799,399,400
050,37,077,"North Carolina","Granville County",5,47,730,375,355
050,37,077,"North Carolina","Granville County",5,48,792,427,365
050,37,077,"North Carolina","Granville County",5,49,843,434,409
050,37,077,"North Carolina","Granville County",5,50,846,447,399
050,37,077,"North Carolina","Granville County",5,51,885,476,409
050,37,077,"North Carolina","Granville County",5,52,949,491,458
050,37,077,"North Carolina","Granville County",5,53,916,462,454
050,37,077,"North Carolina","Granville County",5,54,940,518,422
050,37,077,"North Carolina","Granville County",5,55,902,466,436
050,37,077,"North Carolina","Granville County",5,56,956,492,464
050,37,077,"North Carolina","Granville County",5,57,937,476,461
050,37,077,"North Carolina","Granville County",5,58,991,476,515
050,37,077,"North Carolina","Granville County",5,59,986,499,487
050,37,077,"North Carolina","Granville County",5,60,958,512,446
050,37,077,"North Carolina","Granville County",5,61,903,474,429
050,37,077,"North Carolina","Granville County",5,62,880,447,433
050,37,077,"North Carolina","Granville County",5,63,869,423,446
050,37,077,"North Carolina","Granville County",5,64,846,411,435
050,37,077,"North Carolina","Granville County",5,65,859,420,439
050,37,077,"North Carolina","Granville County",5,66,839,433,406
050,37,077,"North Carolina","Granville County",5,67,725,372,353
050,37,077,"North Carolina","Granville County",5,68,696,335,361
050,37,077,"North Carolina","Granville County",5,69,684,357,327
050,37,077,"North Carolina","Granville County",5,70,638,300,338
050,37,077,"North Carolina","Granville County",5,71,638,299,339
050,37,077,"North Carolina","Granville County",5,72,649,294,355
050,37,077,"North Carolina","Granville County",5,73,598,278,320
050,37,077,"North Carolina","Granville County",5,74,550,259,291
050,37,077,"North Carolina","Granville County",5,75,515,235,280
050,37,077,"North Carolina","Granville County",5,76,565,252,313
050,37,077,"North Carolina","Granville County",5,77,387,173,214
050,37,077,"North Carolina","Granville County",5,78,380,175,205
050,37,077,"North Carolina","Granville County",5,79,381,189,192
050,37,077,"North Carolina","Granville County",5,80,351,165,186
050,37,077,"North Carolina","Granville County",5,81,290,127,163
050,37,077,"North Carolina","Granville County",5,82,246,111,135
050,37,077,"North Carolina","Granville County",5,83,205,85,120
050,37,077,"North Carolina","Granville County",5,84,180,70,110
050,37,077,"North Carolina","Granville County",5,85,1052,384,668
050,37,079,"North Carolina","Greene County",1,0,197,99,98
050,37,079,"North Carolina","Greene County",1,1,201,102,99
050,37,079,"North Carolina","Greene County",1,2,195,113,82
050,37,079,"North Carolina","Greene County",1,3,183,95,88
050,37,079,"North Carolina","Greene County",1,4,196,103,93
050,37,079,"North Carolina","Greene County",1,5,200,107,93
050,37,079,"North Carolina","Greene County",1,6,181,88,93
050,37,079,"North Carolina","Greene County",1,7,184,97,87
050,37,079,"North Carolina","Greene County",1,8,211,108,103
050,37,079,"North Carolina","Greene County",1,9,231,117,114
050,37,079,"North Carolina","Greene County",1,10,251,126,125
050,37,079,"North Carolina","Greene County",1,11,225,112,113
050,37,079,"North Carolina","Greene County",1,12,255,133,122
050,37,079,"North Carolina","Greene County",1,13,258,135,123
050,37,079,"North Carolina","Greene County",1,14,237,119,118
050,37,079,"North Carolina","Greene County",1,15,235,116,119
050,37,079,"North Carolina","Greene County",1,16,233,127,106
050,37,079,"North Carolina","Greene County",1,17,219,115,104
050,37,079,"North Carolina","Greene County",1,18,196,99,97
050,37,079,"North Carolina","Greene County",1,19,196,113,83
050,37,079,"North Carolina","Greene County",1,20,213,118,95
050,37,079,"North Carolina","Greene County",1,21,257,156,101
050,37,079,"North Carolina","Greene County",1,22,283,180,103
050,37,079,"North Carolina","Greene County",1,23,312,196,116
050,37,079,"North Carolina","Greene County",1,24,274,184,90
050,37,079,"North Carolina","Greene County",1,25,302,207,95
050,37,079,"North Carolina","Greene County",1,26,287,190,97
050,37,079,"North Carolina","Greene County",1,27,288,209,79
050,37,079,"North Carolina","Greene County",1,28,306,196,110
050,37,079,"North Carolina","Greene County",1,29,329,222,107
050,37,079,"North Carolina","Greene County",1,30,318,227,91
050,37,079,"North Carolina","Greene County",1,31,319,223,96
050,37,079,"North Carolina","Greene County",1,32,270,185,85
050,37,079,"North Carolina","Greene County",1,33,286,197,89
050,37,079,"North Carolina","Greene County",1,34,283,202,81
050,37,079,"North Carolina","Greene County",1,35,298,189,109
050,37,079,"North Carolina","Greene County",1,36,317,210,107
050,37,079,"North Carolina","Greene County",1,37,295,192,103
050,37,079,"North Carolina","Greene County",1,38,293,201,92
050,37,079,"North Carolina","Greene County",1,39,288,195,93
050,37,079,"North Carolina","Greene County",1,40,287,191,96
050,37,079,"North Carolina","Greene County",1,41,297,195,102
050,37,079,"North Carolina","Greene County",1,42,304,199,105
050,37,079,"North Carolina","Greene County",1,43,266,162,104
050,37,079,"North Carolina","Greene County",1,44,302,185,117
050,37,079,"North Carolina","Greene County",1,45,306,193,113
050,37,079,"North Carolina","Greene County",1,46,276,176,100
050,37,079,"North Carolina","Greene County",1,47,259,156,103
050,37,079,"North Carolina","Greene County",1,48,270,162,108
050,37,079,"North Carolina","Greene County",1,49,285,180,105
050,37,079,"North Carolina","Greene County",1,50,263,167,96
050,37,079,"North Carolina","Greene County",1,51,253,164,89
050,37,079,"North Carolina","Greene County",1,52,238,128,110
050,37,079,"North Carolina","Greene County",1,53,241,140,101
050,37,079,"North Carolina","Greene County",1,54,263,158,105
050,37,079,"North Carolina","Greene County",1,55,257,145,112
050,37,079,"North Carolina","Greene County",1,56,307,175,132
050,37,079,"North Carolina","Greene County",1,57,301,157,144
050,37,079,"North Carolina","Greene County",1,58,279,137,142
050,37,079,"North Carolina","Greene County",1,59,275,153,122
050,37,079,"North Carolina","Greene County",1,60,295,158,137
050,37,079,"North Carolina","Greene County",1,61,279,135,144
050,37,079,"North Carolina","Greene County",1,62,268,136,132
050,37,079,"North Carolina","Greene County",1,63,287,146,141
050,37,079,"North Carolina","Greene County",1,64,265,115,150
050,37,079,"North Carolina","Greene County",1,65,274,127,147
050,37,079,"North Carolina","Greene County",1,66,256,125,131
050,37,079,"North Carolina","Greene County",1,67,243,119,124
050,37,079,"North Carolina","Greene County",1,68,224,106,118
050,37,079,"North Carolina","Greene County",1,69,234,119,115
050,37,079,"North Carolina","Greene County",1,70,205,98,107
050,37,079,"North Carolina","Greene County",1,71,192,103,89
050,37,079,"North Carolina","Greene County",1,72,200,106,94
050,37,079,"North Carolina","Greene County",1,73,185,90,95
050,37,079,"North Carolina","Greene County",1,74,129,59,70
050,37,079,"North Carolina","Greene County",1,75,136,62,74
050,37,079,"North Carolina","Greene County",1,76,124,62,62
050,37,079,"North Carolina","Greene County",1,77,123,65,58
050,37,079,"North Carolina","Greene County",1,78,104,43,61
050,37,079,"North Carolina","Greene County",1,79,79,27,52
050,37,079,"North Carolina","Greene County",1,80,81,23,58
050,37,079,"North Carolina","Greene County",1,81,85,28,57
050,37,079,"North Carolina","Greene County",1,82,83,32,51
050,37,079,"North Carolina","Greene County",1,83,59,19,40
050,37,079,"North Carolina","Greene County",1,84,52,14,38
050,37,079,"North Carolina","Greene County",1,85,361,105,256
050,37,079,"North Carolina","Greene County",2,0,185,91,94
050,37,079,"North Carolina","Greene County",2,1,202,103,99
050,37,079,"North Carolina","Greene County",2,2,198,111,87
050,37,079,"North Carolina","Greene County",2,3,188,100,88
050,37,079,"North Carolina","Greene County",2,4,193,101,92
050,37,079,"North Carolina","Greene County",2,5,199,105,94
050,37,079,"North Carolina","Greene County",2,6,186,93,93
050,37,079,"North Carolina","Greene County",2,7,186,95,91
050,37,079,"North Carolina","Greene County",2,8,205,104,101
050,37,079,"North Carolina","Greene County",2,9,228,115,113
050,37,079,"North Carolina","Greene County",2,10,244,122,122
050,37,079,"North Carolina","Greene County",2,11,228,114,114
050,37,079,"North Carolina","Greene County",2,12,248,129,119
050,37,079,"North Carolina","Greene County",2,13,256,134,122
050,37,079,"North Carolina","Greene County",2,14,240,121,119
050,37,079,"North Carolina","Greene County",2,15,238,117,121
050,37,079,"North Carolina","Greene County",2,16,235,125,110
050,37,079,"North Carolina","Greene County",2,17,224,119,105
050,37,079,"North Carolina","Greene County",2,18,196,100,96
050,37,079,"North Carolina","Greene County",2,19,192,109,83
050,37,079,"North Carolina","Greene County",2,20,218,123,95
050,37,079,"North Carolina","Greene County",2,21,255,155,100
050,37,079,"North Carolina","Greene County",2,22,291,183,108
050,37,079,"North Carolina","Greene County",2,23,312,197,115
050,37,079,"North Carolina","Greene County",2,24,276,181,95
050,37,079,"North Carolina","Greene County",2,25,301,207,94
050,37,079,"North Carolina","Greene County",2,26,283,190,93
050,37,079,"North Carolina","Greene County",2,27,293,208,85
050,37,079,"North Carolina","Greene County",2,28,300,197,103
050,37,079,"North Carolina","Greene County",2,29,329,223,106
050,37,079,"North Carolina","Greene County",2,30,317,221,96
050,37,079,"North Carolina","Greene County",2,31,323,229,94
050,37,079,"North Carolina","Greene County",2,32,272,185,87
050,37,079,"North Carolina","Greene County",2,33,281,194,87
050,37,079,"North Carolina","Greene County",2,34,284,201,83
050,37,079,"North Carolina","Greene County",2,35,296,193,103
050,37,079,"North Carolina","Greene County",2,36,311,204,107
050,37,079,"North Carolina","Greene County",2,37,299,194,105
050,37,079,"North Carolina","Greene County",2,38,295,199,96
050,37,079,"North Carolina","Greene County",2,39,287,194,93
050,37,079,"North Carolina","Greene County",2,40,287,191,96
050,37,079,"North Carolina","Greene County",2,41,296,195,101
050,37,079,"North Carolina","Greene County",2,42,306,202,104
050,37,079,"North Carolina","Greene County",2,43,271,166,105
050,37,079,"North Carolina","Greene County",2,44,295,181,114
050,37,079,"North Carolina","Greene County",2,45,303,190,113
050,37,079,"North Carolina","Greene County",2,46,279,177,102
050,37,079,"North Carolina","Greene County",2,47,262,159,103
050,37,079,"North Carolina","Greene County",2,48,268,162,106
050,37,079,"North Carolina","Greene County",2,49,283,177,106
050,37,079,"North Carolina","Greene County",2,50,267,168,99
050,37,079,"North Carolina","Greene County",2,51,256,165,91
050,37,079,"North Carolina","Greene County",2,52,235,131,104
050,37,079,"North Carolina","Greene County",2,53,241,139,102
050,37,079,"North Carolina","Greene County",2,54,256,152,104
050,37,079,"North Carolina","Greene County",2,55,255,144,111
050,37,079,"North Carolina","Greene County",2,56,304,174,130
050,37,079,"North Carolina","Greene County",2,57,298,158,140
050,37,079,"North Carolina","Greene County",2,58,280,138,142
050,37,079,"North Carolina","Greene County",2,59,276,149,127
050,37,079,"North Carolina","Greene County",2,60,290,156,134
050,37,079,"North Carolina","Greene County",2,61,278,136,142
050,37,079,"North Carolina","Greene County",2,62,266,133,133
050,37,079,"North Carolina","Greene County",2,63,287,147,140
050,37,079,"North Carolina","Greene County",2,64,266,119,147
050,37,079,"North Carolina","Greene County",2,65,272,124,148
050,37,079,"North Carolina","Greene County",2,66,262,125,137
050,37,079,"North Carolina","Greene County",2,67,242,119,123
050,37,079,"North Carolina","Greene County",2,68,225,108,117
050,37,079,"North Carolina","Greene County",2,69,231,115,116
050,37,079,"North Carolina","Greene County",2,70,208,100,108
050,37,079,"North Carolina","Greene County",2,71,196,102,94
050,37,079,"North Carolina","Greene County",2,72,195,102,93
050,37,079,"North Carolina","Greene County",2,73,192,94,98
050,37,079,"North Carolina","Greene County",2,74,134,63,71
050,37,079,"North Carolina","Greene County",2,75,134,60,74
050,37,079,"North Carolina","Greene County",2,76,122,61,61
050,37,079,"North Carolina","Greene County",2,77,123,63,60
050,37,079,"North Carolina","Greene County",2,78,105,46,59
050,37,079,"North Carolina","Greene County",2,79,83,30,53
050,37,079,"North Carolina","Greene County",2,80,79,25,54
050,37,079,"North Carolina","Greene County",2,81,86,28,58
050,37,079,"North Carolina","Greene County",2,82,84,31,53
050,37,079,"North Carolina","Greene County",2,83,60,20,40
050,37,079,"North Carolina","Greene County",2,84,53,16,37
050,37,079,"North Carolina","Greene County",2,85,361,104,257
050,37,079,"North Carolina","Greene County",3,0,207,103,104
050,37,079,"North Carolina","Greene County",3,1,198,100,98
050,37,079,"North Carolina","Greene County",3,2,203,101,102
050,37,079,"North Carolina","Greene County",3,3,183,91,92
050,37,079,"North Carolina","Greene County",3,4,188,100,88
050,37,079,"North Carolina","Greene County",3,5,183,96,87
050,37,079,"North Carolina","Greene County",3,6,196,98,98
050,37,079,"North Carolina","Greene County",3,7,186,93,93
050,37,079,"North Carolina","Greene County",3,8,189,95,94
050,37,079,"North Carolina","Greene County",3,9,196,100,96
050,37,079,"North Carolina","Greene County",3,10,226,116,110
050,37,079,"North Carolina","Greene County",3,11,249,131,118
050,37,079,"North Carolina","Greene County",3,12,223,112,111
050,37,079,"North Carolina","Greene County",3,13,257,136,121
050,37,079,"North Carolina","Greene County",3,14,262,143,119
050,37,079,"North Carolina","Greene County",3,15,233,120,113
050,37,079,"North Carolina","Greene County",3,16,244,122,122
050,37,079,"North Carolina","Greene County",3,17,235,128,107
050,37,079,"North Carolina","Greene County",3,18,196,110,86
050,37,079,"North Carolina","Greene County",3,19,173,96,77
050,37,079,"North Carolina","Greene County",3,20,216,126,90
050,37,079,"North Carolina","Greene County",3,21,245,151,94
050,37,079,"North Carolina","Greene County",3,22,290,187,103
050,37,079,"North Carolina","Greene County",3,23,309,202,107
050,37,079,"North Carolina","Greene County",3,24,294,189,105
050,37,079,"North Carolina","Greene County",3,25,305,204,101
050,37,079,"North Carolina","Greene County",3,26,288,188,100
050,37,079,"North Carolina","Greene County",3,27,304,205,99
050,37,079,"North Carolina","Greene County",3,28,301,209,92
050,37,079,"North Carolina","Greene County",3,29,330,229,101
050,37,079,"North Carolina","Greene County",3,30,296,204,92
050,37,079,"North Carolina","Greene County",3,31,334,236,98
050,37,079,"North Carolina","Greene County",3,32,286,197,89
050,37,079,"North Carolina","Greene County",3,33,270,184,86
050,37,079,"North Carolina","Greene County",3,34,273,187,86
050,37,079,"North Carolina","Greene County",3,35,282,200,82
050,37,079,"North Carolina","Greene County",3,36,282,188,94
050,37,079,"North Carolina","Greene County",3,37,304,195,109
050,37,079,"North Carolina","Greene County",3,38,305,197,108
050,37,079,"North Carolina","Greene County",3,39,279,186,93
050,37,079,"North Carolina","Greene County",3,40,278,188,90
050,37,079,"North Carolina","Greene County",3,41,288,196,92
050,37,079,"North Carolina","Greene County",3,42,306,208,98
050,37,079,"North Carolina","Greene County",3,43,279,175,104
050,37,079,"North Carolina","Greene County",3,44,291,181,110
050,37,079,"North Carolina","Greene County",3,45,287,174,113
050,37,079,"North Carolina","Greene County",3,46,291,179,112
050,37,079,"North Carolina","Greene County",3,47,269,163,106
050,37,079,"North Carolina","Greene County",3,48,259,162,97
050,37,079,"North Carolina","Greene County",3,49,266,162,104
050,37,079,"North Carolina","Greene County",3,50,261,160,101
050,37,079,"North Carolina","Greene County",3,51,257,160,97
050,37,079,"North Carolina","Greene County",3,52,238,142,96
050,37,079,"North Carolina","Greene County",3,53,247,141,106
050,37,079,"North Carolina","Greene County",3,54,238,133,105
050,37,079,"North Carolina","Greene County",3,55,225,128,97
050,37,079,"North Carolina","Greene County",3,56,279,161,118
050,37,079,"North Carolina","Greene County",3,57,285,157,128
050,37,079,"North Carolina","Greene County",3,58,276,138,138
050,37,079,"North Carolina","Greene County",3,59,264,130,134
050,37,079,"North Carolina","Greene County",3,60,269,148,121
050,37,079,"North Carolina","Greene County",3,61,274,147,127
050,37,079,"North Carolina","Greene County",3,62,267,130,137
050,37,079,"North Carolina","Greene County",3,63,280,148,132
050,37,079,"North Carolina","Greene County",3,64,271,131,140
050,37,079,"North Carolina","Greene County",3,65,262,118,144
050,37,079,"North Carolina","Greene County",3,66,263,118,145
050,37,079,"North Carolina","Greene County",3,67,245,112,133
050,37,079,"North Carolina","Greene County",3,68,242,117,125
050,37,079,"North Carolina","Greene County",3,69,227,111,116
050,37,079,"North Carolina","Greene County",3,70,219,104,115
050,37,079,"North Carolina","Greene County",3,71,195,96,99
050,37,079,"North Carolina","Greene County",3,72,193,99,94
050,37,079,"North Carolina","Greene County",3,73,187,99,88
050,37,079,"North Carolina","Greene County",3,74,178,86,92
050,37,079,"North Carolina","Greene County",3,75,130,60,70
050,37,079,"North Carolina","Greene County",3,76,122,55,67
050,37,079,"North Carolina","Greene County",3,77,122,59,63
050,37,079,"North Carolina","Greene County",3,78,124,60,64
050,37,079,"North Carolina","Greene County",3,79,96,39,57
050,37,079,"North Carolina","Greene County",3,80,80,28,52
050,37,079,"North Carolina","Greene County",3,81,77,27,50
050,37,079,"North Carolina","Greene County",3,82,77,22,55
050,37,079,"North Carolina","Greene County",3,83,71,25,46
050,37,079,"North Carolina","Greene County",3,84,53,21,32
050,37,079,"North Carolina","Greene County",3,85,352,100,252
050,37,079,"North Carolina","Greene County",4,0,188,95,93
050,37,079,"North Carolina","Greene County",4,1,219,114,105
050,37,079,"North Carolina","Greene County",4,2,182,88,94
050,37,079,"North Carolina","Greene County",4,3,208,107,101
050,37,079,"North Carolina","Greene County",4,4,184,91,93
050,37,079,"North Carolina","Greene County",4,5,190,102,88
050,37,079,"North Carolina","Greene County",4,6,181,97,84
050,37,079,"North Carolina","Greene County",4,7,199,104,95
050,37,079,"North Carolina","Greene County",4,8,192,90,102
050,37,079,"North Carolina","Greene County",4,9,199,99,100
050,37,079,"North Carolina","Greene County",4,10,204,107,97
050,37,079,"North Carolina","Greene County",4,11,230,119,111
050,37,079,"North Carolina","Greene County",4,12,241,124,117
050,37,079,"North Carolina","Greene County",4,13,229,120,109
050,37,079,"North Carolina","Greene County",4,14,250,129,121
050,37,079,"North Carolina","Greene County",4,15,257,141,116
050,37,079,"North Carolina","Greene County",4,16,238,122,116
050,37,079,"North Carolina","Greene County",4,17,250,124,126
050,37,079,"North Carolina","Greene County",4,18,196,110,86
050,37,079,"North Carolina","Greene County",4,19,184,105,79
050,37,079,"North Carolina","Greene County",4,20,194,110,84
050,37,079,"North Carolina","Greene County",4,21,253,160,93
050,37,079,"North Carolina","Greene County",4,22,294,189,105
050,37,079,"North Carolina","Greene County",4,23,334,218,116
050,37,079,"North Carolina","Greene County",4,24,304,196,108
050,37,079,"North Carolina","Greene County",4,25,318,207,111
050,37,079,"North Carolina","Greene County",4,26,273,182,91
050,37,079,"North Carolina","Greene County",4,27,306,205,101
050,37,079,"North Carolina","Greene County",4,28,315,203,112
050,37,079,"North Carolina","Greene County",4,29,345,249,96
050,37,079,"North Carolina","Greene County",4,30,306,214,92
050,37,079,"North Carolina","Greene County",4,31,337,241,96
050,37,079,"North Carolina","Greene County",4,32,306,213,93
050,37,079,"North Carolina","Greene County",4,33,280,187,93
050,37,079,"North Carolina","Greene County",4,34,255,175,80
050,37,079,"North Carolina","Greene County",4,35,286,200,86
050,37,079,"North Carolina","Greene County",4,36,286,201,85
050,37,079,"North Carolina","Greene County",4,37,275,174,101
050,37,079,"North Carolina","Greene County",4,38,301,196,105
050,37,079,"North Carolina","Greene County",4,39,294,191,103
050,37,079,"North Carolina","Greene County",4,40,287,183,104
050,37,079,"North Carolina","Greene County",4,41,300,214,86
050,37,079,"North Carolina","Greene County",4,42,302,214,88
050,37,079,"North Carolina","Greene County",4,43,271,174,97
050,37,079,"North Carolina","Greene County",4,44,294,188,106
050,37,079,"North Carolina","Greene County",4,45,272,168,104
050,37,079,"North Carolina","Greene County",4,46,279,167,112
050,37,079,"North Carolina","Greene County",4,47,287,172,115
050,37,079,"North Carolina","Greene County",4,48,282,177,105
050,37,079,"North Carolina","Greene County",4,49,277,172,105
050,37,079,"North Carolina","Greene County",4,50,270,162,108
050,37,079,"North Carolina","Greene County",4,51,263,163,100
050,37,079,"North Carolina","Greene County",4,52,235,140,95
050,37,079,"North Carolina","Greene County",4,53,243,148,95
050,37,079,"North Carolina","Greene County",4,54,264,151,113
050,37,079,"North Carolina","Greene County",4,55,218,118,100
050,37,079,"North Carolina","Greene County",4,56,240,146,94
050,37,079,"North Carolina","Greene County",4,57,269,151,118
050,37,079,"North Carolina","Greene County",4,58,277,143,134
050,37,079,"North Carolina","Greene County",4,59,264,131,133
050,37,079,"North Carolina","Greene County",4,60,250,123,127
050,37,079,"North Carolina","Greene County",4,61,259,136,123
050,37,079,"North Carolina","Greene County",4,62,256,136,120
050,37,079,"North Carolina","Greene County",4,63,275,141,134
050,37,079,"North Carolina","Greene County",4,64,269,138,131
050,37,079,"North Carolina","Greene County",4,65,265,130,135
050,37,079,"North Carolina","Greene County",4,66,252,113,139
050,37,079,"North Carolina","Greene County",4,67,252,109,143
050,37,079,"North Carolina","Greene County",4,68,241,111,130
050,37,079,"North Carolina","Greene County",4,69,240,118,122
050,37,079,"North Carolina","Greene County",4,70,217,104,113
050,37,079,"North Carolina","Greene County",4,71,205,96,109
050,37,079,"North Carolina","Greene County",4,72,191,93,98
050,37,079,"North Carolina","Greene County",4,73,188,94,94
050,37,079,"North Carolina","Greene County",4,74,174,95,79
050,37,079,"North Carolina","Greene County",4,75,169,77,92
050,37,079,"North Carolina","Greene County",4,76,115,53,62
050,37,079,"North Carolina","Greene County",4,77,123,54,69
050,37,079,"North Carolina","Greene County",4,78,119,54,65
050,37,079,"North Carolina","Greene County",4,79,111,55,56
050,37,079,"North Carolina","Greene County",4,80,95,39,56
050,37,079,"North Carolina","Greene County",4,81,71,28,43
050,37,079,"North Carolina","Greene County",4,82,74,25,49
050,37,079,"North Carolina","Greene County",4,83,64,18,46
050,37,079,"North Carolina","Greene County",4,84,63,25,38
050,37,079,"North Carolina","Greene County",4,85,352,98,254
050,37,079,"North Carolina","Greene County",5,0,194,97,97
050,37,079,"North Carolina","Greene County",5,1,181,82,99
050,37,079,"North Carolina","Greene County",5,2,216,115,101
050,37,079,"North Carolina","Greene County",5,3,191,100,91
050,37,079,"North Carolina","Greene County",5,4,212,110,102
050,37,079,"North Carolina","Greene County",5,5,205,98,107
050,37,079,"North Carolina","Greene County",5,6,192,101,91
050,37,079,"North Carolina","Greene County",5,7,174,92,82
050,37,079,"North Carolina","Greene County",5,8,214,105,109
050,37,079,"North Carolina","Greene County",5,9,203,91,112
050,37,079,"North Carolina","Greene County",5,10,192,96,96
050,37,079,"North Carolina","Greene County",5,11,209,108,101
050,37,079,"North Carolina","Greene County",5,12,230,118,112
050,37,079,"North Carolina","Greene County",5,13,245,130,115
050,37,079,"North Carolina","Greene County",5,14,234,128,106
050,37,079,"North Carolina","Greene County",5,15,250,126,124
050,37,079,"North Carolina","Greene County",5,16,257,137,120
050,37,079,"North Carolina","Greene County",5,17,243,130,113
050,37,079,"North Carolina","Greene County",5,18,224,113,111
050,37,079,"North Carolina","Greene County",5,19,182,101,81
050,37,079,"North Carolina","Greene County",5,20,195,117,78
050,37,079,"North Carolina","Greene County",5,21,238,147,91
050,37,079,"North Carolina","Greene County",5,22,294,187,107
050,37,079,"North Carolina","Greene County",5,23,325,219,106
050,37,079,"North Carolina","Greene County",5,24,327,214,113
050,37,079,"North Carolina","Greene County",5,25,325,218,107
050,37,079,"North Carolina","Greene County",5,26,293,197,96
050,37,079,"North Carolina","Greene County",5,27,286,191,95
050,37,079,"North Carolina","Greene County",5,28,310,202,108
050,37,079,"North Carolina","Greene County",5,29,367,235,132
050,37,079,"North Carolina","Greene County",5,30,326,223,103
050,37,079,"North Carolina","Greene County",5,31,347,249,98
050,37,079,"North Carolina","Greene County",5,32,309,210,99
050,37,079,"North Carolina","Greene County",5,33,323,220,103
050,37,079,"North Carolina","Greene County",5,34,271,176,95
050,37,079,"North Carolina","Greene County",5,35,274,187,87
050,37,079,"North Carolina","Greene County",5,36,294,201,93
050,37,079,"North Carolina","Greene County",5,37,273,193,80
050,37,079,"North Carolina","Greene County",5,38,290,182,108
050,37,079,"North Carolina","Greene County",5,39,300,196,104
050,37,079,"North Carolina","Greene County",5,40,281,178,103
050,37,079,"North Carolina","Greene County",5,41,297,201,96
050,37,079,"North Carolina","Greene County",5,42,304,215,89
050,37,079,"North Carolina","Greene County",5,43,287,194,93
050,37,079,"North Carolina","Greene County",5,44,287,191,96
050,37,079,"North Carolina","Greene County",5,45,287,186,101
050,37,079,"North Carolina","Greene County",5,46,268,162,106
050,37,079,"North Carolina","Greene County",5,47,258,146,112
050,37,079,"North Carolina","Greene County",5,48,292,175,117
050,37,079,"North Carolina","Greene County",5,49,289,186,103
050,37,079,"North Carolina","Greene County",5,50,265,161,104
050,37,079,"North Carolina","Greene County",5,51,275,168,107
050,37,079,"North Carolina","Greene County",5,52,252,149,103
050,37,079,"North Carolina","Greene County",5,53,241,145,96
050,37,079,"North Carolina","Greene County",5,54,247,144,103
050,37,079,"North Carolina","Greene County",5,55,238,136,102
050,37,079,"North Carolina","Greene County",5,56,237,142,95
050,37,079,"North Carolina","Greene County",5,57,223,130,93
050,37,079,"North Carolina","Greene County",5,58,256,137,119
050,37,079,"North Carolina","Greene County",5,59,266,141,125
050,37,079,"North Carolina","Greene County",5,60,257,127,130
050,37,079,"North Carolina","Greene County",5,61,245,114,131
050,37,079,"North Carolina","Greene County",5,62,257,132,125
050,37,079,"North Carolina","Greene County",5,63,267,150,117
050,37,079,"North Carolina","Greene County",5,64,266,133,133
050,37,079,"North Carolina","Greene County",5,65,262,137,125
050,37,079,"North Carolina","Greene County",5,66,273,133,140
050,37,079,"North Carolina","Greene County",5,67,241,106,135
050,37,079,"North Carolina","Greene County",5,68,244,106,138
050,37,079,"North Carolina","Greene County",5,69,241,115,126
050,37,079,"North Carolina","Greene County",5,70,231,111,120
050,37,079,"North Carolina","Greene County",5,71,207,99,108
050,37,079,"North Carolina","Greene County",5,72,199,90,109
050,37,079,"North Carolina","Greene County",5,73,189,89,100
050,37,079,"North Carolina","Greene County",5,74,178,90,88
050,37,079,"North Carolina","Greene County",5,75,168,86,82
050,37,079,"North Carolina","Greene County",5,76,153,70,83
050,37,079,"North Carolina","Greene County",5,77,117,53,64
050,37,079,"North Carolina","Greene County",5,78,122,52,70
050,37,079,"North Carolina","Greene County",5,79,108,50,58
050,37,079,"North Carolina","Greene County",5,80,111,53,58
050,37,079,"North Carolina","Greene County",5,81,89,39,50
050,37,079,"North Carolina","Greene County",5,82,64,24,40
050,37,079,"North Carolina","Greene County",5,83,58,20,38
050,37,079,"North Carolina","Greene County",5,84,56,18,38
050,37,079,"North Carolina","Greene County",5,85,362,103,259
050,37,081,"North Carolina","Guilford County",1,0,6014,3070,2944
050,37,081,"North Carolina","Guilford County",1,1,5993,3073,2920
050,37,081,"North Carolina","Guilford County",1,2,6172,3168,3004
050,37,081,"North Carolina","Guilford County",1,3,6336,3289,3047
050,37,081,"North Carolina","Guilford County",1,4,6439,3301,3138
050,37,081,"North Carolina","Guilford County",1,5,6539,3330,3209
050,37,081,"North Carolina","Guilford County",1,6,6607,3376,3231
050,37,081,"North Carolina","Guilford County",1,7,6578,3337,3241
050,37,081,"North Carolina","Guilford County",1,8,6549,3311,3238
050,37,081,"North Carolina","Guilford County",1,9,6605,3383,3222
050,37,081,"North Carolina","Guilford County",1,10,6905,3582,3323
050,37,081,"North Carolina","Guilford County",1,11,7191,3606,3585
050,37,081,"North Carolina","Guilford County",1,12,7315,3715,3600
050,37,081,"North Carolina","Guilford County",1,13,7240,3697,3543
050,37,081,"North Carolina","Guilford County",1,14,7172,3623,3549
050,37,081,"North Carolina","Guilford County",1,15,7217,3621,3596
050,37,081,"North Carolina","Guilford County",1,16,7084,3573,3511
050,37,081,"North Carolina","Guilford County",1,17,7151,3548,3603
050,37,081,"North Carolina","Guilford County",1,18,11020,4847,6173
050,37,081,"North Carolina","Guilford County",1,19,12757,5717,7040
050,37,081,"North Carolina","Guilford County",1,20,9902,4560,5342
050,37,081,"North Carolina","Guilford County",1,21,8407,4012,4395
050,37,081,"North Carolina","Guilford County",1,22,7530,3623,3907
050,37,081,"North Carolina","Guilford County",1,23,6939,3323,3616
050,37,081,"North Carolina","Guilford County",1,24,7056,3443,3613
050,37,081,"North Carolina","Guilford County",1,25,7068,3405,3663
050,37,081,"North Carolina","Guilford County",1,26,7330,3578,3752
050,37,081,"North Carolina","Guilford County",1,27,7546,3625,3921
050,37,081,"North Carolina","Guilford County",1,28,7453,3592,3861
050,37,081,"North Carolina","Guilford County",1,29,7597,3640,3957
050,37,081,"North Carolina","Guilford County",1,30,7614,3559,4055
050,37,081,"North Carolina","Guilford County",1,31,7377,3385,3992
050,37,081,"North Carolina","Guilford County",1,32,7136,3328,3808
050,37,081,"North Carolina","Guilford County",1,33,6933,3218,3715
050,37,081,"North Carolina","Guilford County",1,34,6716,3170,3546
050,37,081,"North Carolina","Guilford County",1,35,6528,3050,3478
050,37,081,"North Carolina","Guilford County",1,36,6486,3047,3439
050,37,081,"North Carolina","Guilford County",1,37,6787,3163,3624
050,37,081,"North Carolina","Guilford County",1,38,6717,3182,3535
050,37,081,"North Carolina","Guilford County",1,39,6863,3312,3551
050,37,081,"North Carolina","Guilford County",1,40,6794,3275,3519
050,37,081,"North Carolina","Guilford County",1,41,6521,3070,3451
050,37,081,"North Carolina","Guilford County",1,42,6547,3077,3470
050,37,081,"North Carolina","Guilford County",1,43,6396,2999,3397
050,37,081,"North Carolina","Guilford County",1,44,6227,2927,3300
050,37,081,"North Carolina","Guilford County",1,45,6364,2986,3378
050,37,081,"North Carolina","Guilford County",1,46,6367,3004,3363
050,37,081,"North Carolina","Guilford County",1,47,6551,3131,3420
050,37,081,"North Carolina","Guilford County",1,48,7142,3423,3719
050,37,081,"North Carolina","Guilford County",1,49,7736,3700,4036
050,37,081,"North Carolina","Guilford County",1,50,7479,3686,3793
050,37,081,"North Carolina","Guilford County",1,51,7110,3477,3633
050,37,081,"North Carolina","Guilford County",1,52,6767,3248,3519
050,37,081,"North Carolina","Guilford County",1,53,6762,3255,3507
050,37,081,"North Carolina","Guilford County",1,54,6792,3290,3502
050,37,081,"North Carolina","Guilford County",1,55,7022,3367,3655
050,37,081,"North Carolina","Guilford County",1,56,7102,3416,3686
050,37,081,"North Carolina","Guilford County",1,57,7000,3364,3636
050,37,081,"North Carolina","Guilford County",1,58,6899,3319,3580
050,37,081,"North Carolina","Guilford County",1,59,6919,3360,3559
050,37,081,"North Carolina","Guilford County",1,60,6699,3183,3516
050,37,081,"North Carolina","Guilford County",1,61,6660,3162,3498
050,37,081,"North Carolina","Guilford County",1,62,6452,3091,3361
050,37,081,"North Carolina","Guilford County",1,63,6194,2937,3257
050,37,081,"North Carolina","Guilford County",1,64,5960,2818,3142
050,37,081,"North Carolina","Guilford County",1,65,5808,2700,3108
050,37,081,"North Carolina","Guilford County",1,66,5622,2567,3055
050,37,081,"North Carolina","Guilford County",1,67,5491,2537,2954
050,37,081,"North Carolina","Guilford County",1,68,5248,2366,2882
050,37,081,"North Carolina","Guilford County",1,69,4915,2202,2713
050,37,081,"North Carolina","Guilford County",1,70,4854,2176,2678
050,37,081,"North Carolina","Guilford County",1,71,4674,2073,2601
050,37,081,"North Carolina","Guilford County",1,72,4671,2083,2588
050,37,081,"North Carolina","Guilford County",1,73,4655,2137,2518
050,37,081,"North Carolina","Guilford County",1,74,3409,1502,1907
050,37,081,"North Carolina","Guilford County",1,75,3228,1434,1794
050,37,081,"North Carolina","Guilford County",1,76,3102,1360,1742
050,37,081,"North Carolina","Guilford County",1,77,3060,1338,1722
050,37,081,"North Carolina","Guilford County",1,78,2620,1121,1499
050,37,081,"North Carolina","Guilford County",1,79,2385,995,1390
050,37,081,"North Carolina","Guilford County",1,80,2158,897,1261
050,37,081,"North Carolina","Guilford County",1,81,2015,815,1200
050,37,081,"North Carolina","Guilford County",1,82,1840,749,1091
050,37,081,"North Carolina","Guilford County",1,83,1608,650,958
050,37,081,"North Carolina","Guilford County",1,84,1569,650,919
050,37,081,"North Carolina","Guilford County",1,85,9034,3093,5941
050,37,081,"North Carolina","Guilford County",2,0,6002,3065,2937
050,37,081,"North Carolina","Guilford County",2,1,5995,3067,2928
050,37,081,"North Carolina","Guilford County",2,2,6152,3152,3000
050,37,081,"North Carolina","Guilford County",2,3,6292,3258,3034
050,37,081,"North Carolina","Guilford County",2,4,6425,3303,3122
050,37,081,"North Carolina","Guilford County",2,5,6544,3336,3208
050,37,081,"North Carolina","Guilford County",2,6,6613,3375,3238
050,37,081,"North Carolina","Guilford County",2,7,6593,3351,3242
050,37,081,"North Carolina","Guilford County",2,8,6562,3313,3249
050,37,081,"North Carolina","Guilford County",2,9,6601,3372,3229
050,37,081,"North Carolina","Guilford County",2,10,6834,3530,3304
050,37,081,"North Carolina","Guilford County",2,11,7096,3587,3509
050,37,081,"North Carolina","Guilford County",2,12,7319,3702,3617
050,37,081,"North Carolina","Guilford County",2,13,7258,3707,3551
050,37,081,"North Carolina","Guilford County",2,14,7199,3644,3555
050,37,081,"North Carolina","Guilford County",2,15,7213,3622,3591
050,37,081,"North Carolina","Guilford County",2,16,7128,3589,3539
050,37,081,"North Carolina","Guilford County",2,17,7154,3558,3596
050,37,081,"North Carolina","Guilford County",2,18,10387,4600,5787
050,37,081,"North Carolina","Guilford County",2,19,11808,5323,6485
050,37,081,"North Carolina","Guilford County",2,20,9496,4417,5079
050,37,081,"North Carolina","Guilford County",2,21,8137,3900,4237
050,37,081,"North Carolina","Guilford County",2,22,7416,3574,3842
050,37,081,"North Carolina","Guilford County",2,23,6954,3334,3620
050,37,081,"North Carolina","Guilford County",2,24,6965,3380,3585
050,37,081,"North Carolina","Guilford County",2,25,7046,3406,3640
050,37,081,"North Carolina","Guilford County",2,26,7267,3528,3739
050,37,081,"North Carolina","Guilford County",2,27,7458,3591,3867
050,37,081,"North Carolina","Guilford County",2,28,7465,3593,3872
050,37,081,"North Carolina","Guilford County",2,29,7552,3619,3933
050,37,081,"North Carolina","Guilford County",2,30,7627,3589,4038
050,37,081,"North Carolina","Guilford County",2,31,7404,3422,3982
050,37,081,"North Carolina","Guilford County",2,32,7173,3334,3839
050,37,081,"North Carolina","Guilford County",2,33,6967,3239,3728
050,37,081,"North Carolina","Guilford County",2,34,6759,3173,3586
050,37,081,"North Carolina","Guilford County",2,35,6620,3102,3518
050,37,081,"North Carolina","Guilford County",2,36,6484,3037,3447
050,37,081,"North Carolina","Guilford County",2,37,6747,3155,3592
050,37,081,"North Carolina","Guilford County",2,38,6768,3195,3573
050,37,081,"North Carolina","Guilford County",2,39,6795,3264,3531
050,37,081,"North Carolina","Guilford County",2,40,6868,3316,3552
050,37,081,"North Carolina","Guilford County",2,41,6567,3112,3455
050,37,081,"North Carolina","Guilford County",2,42,6502,3063,3439
050,37,081,"North Carolina","Guilford County",2,43,6485,3044,3441
050,37,081,"North Carolina","Guilford County",2,44,6199,2907,3292
050,37,081,"North Carolina","Guilford County",2,45,6360,2985,3375
050,37,081,"North Carolina","Guilford County",2,46,6336,2982,3354
050,37,081,"North Carolina","Guilford County",2,47,6497,3096,3401
050,37,081,"North Carolina","Guilford County",2,48,6999,3343,3656
050,37,081,"North Carolina","Guilford County",2,49,7619,3651,3968
050,37,081,"North Carolina","Guilford County",2,50,7558,3695,3863
050,37,081,"North Carolina","Guilford County",2,51,7156,3505,3651
050,37,081,"North Carolina","Guilford County",2,52,6851,3303,3548
050,37,081,"North Carolina","Guilford County",2,53,6753,3255,3498
050,37,081,"North Carolina","Guilford County",2,54,6767,3275,3492
050,37,081,"North Carolina","Guilford County",2,55,6971,3352,3619
050,37,081,"North Carolina","Guilford County",2,56,7088,3403,3685
050,37,081,"North Carolina","Guilford County",2,57,7013,3368,3645
050,37,081,"North Carolina","Guilford County",2,58,6920,3326,3594
050,37,081,"North Carolina","Guilford County",2,59,6918,3352,3566
050,37,081,"North Carolina","Guilford County",2,60,6734,3214,3520
050,37,081,"North Carolina","Guilford County",2,61,6639,3146,3493
050,37,081,"North Carolina","Guilford County",2,62,6484,3102,3382
050,37,081,"North Carolina","Guilford County",2,63,6291,2993,3298
050,37,081,"North Carolina","Guilford County",2,64,5971,2823,3148
050,37,081,"North Carolina","Guilford County",2,65,5809,2706,3103
050,37,081,"North Carolina","Guilford County",2,66,5652,2586,3066
050,37,081,"North Carolina","Guilford County",2,67,5490,2523,2967
050,37,081,"North Carolina","Guilford County",2,68,5252,2379,2873
050,37,081,"North Carolina","Guilford County",2,69,4999,2233,2766
050,37,081,"North Carolina","Guilford County",2,70,4841,2162,2679
050,37,081,"North Carolina","Guilford County",2,71,4707,2092,2615
050,37,081,"North Carolina","Guilford County",2,72,4601,2046,2555
050,37,081,"North Carolina","Guilford County",2,73,4835,2202,2633
050,37,081,"North Carolina","Guilford County",2,74,3474,1549,1925
050,37,081,"North Carolina","Guilford County",2,75,3270,1449,1821
050,37,081,"North Carolina","Guilford County",2,76,3082,1354,1728
050,37,081,"North Carolina","Guilford County",2,77,3100,1353,1747
050,37,081,"North Carolina","Guilford County",2,78,2665,1138,1527
050,37,081,"North Carolina","Guilford County",2,79,2396,999,1397
050,37,081,"North Carolina","Guilford County",2,80,2194,914,1280
050,37,081,"North Carolina","Guilford County",2,81,2016,825,1191
050,37,081,"North Carolina","Guilford County",2,82,1872,754,1118
050,37,081,"North Carolina","Guilford County",2,83,1645,658,987
050,37,081,"North Carolina","Guilford County",2,84,1552,646,906
050,37,081,"North Carolina","Guilford County",2,85,9048,3107,5941
050,37,081,"North Carolina","Guilford County",3,0,5690,2890,2800
050,37,081,"North Carolina","Guilford County",3,1,6059,3082,2977
050,37,081,"North Carolina","Guilford County",3,2,6084,3123,2961
050,37,081,"North Carolina","Guilford County",3,3,6196,3170,3026
050,37,081,"North Carolina","Guilford County",3,4,6391,3300,3091
050,37,081,"North Carolina","Guilford County",3,5,6468,3309,3159
050,37,081,"North Carolina","Guilford County",3,6,6673,3418,3255
050,37,081,"North Carolina","Guilford County",3,7,6637,3394,3243
050,37,081,"North Carolina","Guilford County",3,8,6658,3377,3281
050,37,081,"North Carolina","Guilford County",3,9,6610,3345,3265
050,37,081,"North Carolina","Guilford County",3,10,6632,3361,3271
050,37,081,"North Carolina","Guilford County",3,11,6768,3467,3301
050,37,081,"North Carolina","Guilford County",3,12,7096,3532,3564
050,37,081,"North Carolina","Guilford County",3,13,7349,3700,3649
050,37,081,"North Carolina","Guilford County",3,14,7255,3704,3551
050,37,081,"North Carolina","Guilford County",3,15,7195,3650,3545
050,37,081,"North Carolina","Guilford County",3,16,7199,3613,3586
050,37,081,"North Carolina","Guilford County",3,17,7176,3573,3603
050,37,081,"North Carolina","Guilford County",3,18,10937,4770,6167
050,37,081,"North Carolina","Guilford County",3,19,12447,5522,6925
050,37,081,"North Carolina","Guilford County",3,20,9917,4597,5320
050,37,081,"North Carolina","Guilford County",3,21,8629,4133,4496
050,37,081,"North Carolina","Guilford County",3,22,7591,3655,3936
050,37,081,"North Carolina","Guilford County",3,23,7146,3427,3719
050,37,081,"North Carolina","Guilford County",3,24,6984,3385,3599
050,37,081,"North Carolina","Guilford County",3,25,6978,3374,3604
050,37,081,"North Carolina","Guilford County",3,26,7087,3417,3670
050,37,081,"North Carolina","Guilford County",3,27,7290,3521,3769
050,37,081,"North Carolina","Guilford County",3,28,7393,3573,3820
050,37,081,"North Carolina","Guilford County",3,29,7379,3486,3893
050,37,081,"North Carolina","Guilford County",3,30,7514,3586,3928
050,37,081,"North Carolina","Guilford County",3,31,7549,3533,4016
050,37,081,"North Carolina","Guilford County",3,32,7335,3394,3941
050,37,081,"North Carolina","Guilford County",3,33,7140,3301,3839
050,37,081,"North Carolina","Guilford County",3,34,6925,3198,3727
050,37,081,"North Carolina","Guilford County",3,35,6747,3183,3564
050,37,081,"North Carolina","Guilford County",3,36,6649,3109,3540
050,37,081,"North Carolina","Guilford County",3,37,6510,3063,3447
050,37,081,"North Carolina","Guilford County",3,38,6777,3134,3643
050,37,081,"North Carolina","Guilford County",3,39,6764,3211,3553
050,37,081,"North Carolina","Guilford County",3,40,6790,3280,3510
050,37,081,"North Carolina","Guilford County",3,41,6872,3324,3548
050,37,081,"North Carolina","Guilford County",3,42,6594,3119,3475
050,37,081,"North Carolina","Guilford County",3,43,6473,3046,3427
050,37,081,"North Carolina","Guilford County",3,44,6424,2980,3444
050,37,081,"North Carolina","Guilford County",3,45,6200,2912,3288
050,37,081,"North Carolina","Guilford County",3,46,6319,2964,3355
050,37,081,"North Carolina","Guilford County",3,47,6307,2985,3322
050,37,081,"North Carolina","Guilford County",3,48,6453,3057,3396
050,37,081,"North Carolina","Guilford County",3,49,6960,3338,3622
050,37,081,"North Carolina","Guilford County",3,50,7616,3625,3991
050,37,081,"North Carolina","Guilford County",3,51,7445,3616,3829
050,37,081,"North Carolina","Guilford County",3,52,7067,3463,3604
050,37,081,"North Carolina","Guilford County",3,53,6853,3286,3567
050,37,081,"North Carolina","Guilford County",3,54,6747,3236,3511
050,37,081,"North Carolina","Guilford County",3,55,6736,3281,3455
050,37,081,"North Carolina","Guilford County",3,56,6912,3309,3603
050,37,081,"North Carolina","Guilford County",3,57,6990,3316,3674
050,37,081,"North Carolina","Guilford County",3,58,6903,3292,3611
050,37,081,"North Carolina","Guilford County",3,59,6870,3311,3559
050,37,081,"North Carolina","Guilford County",3,60,6824,3313,3511
050,37,081,"North Carolina","Guilford County",3,61,6642,3149,3493
050,37,081,"North Carolina","Guilford County",3,62,6501,3061,3440
050,37,081,"North Carolina","Guilford County",3,63,6361,3034,3327
050,37,081,"North Carolina","Guilford County",3,64,6189,2946,3243
050,37,081,"North Carolina","Guilford County",3,65,5853,2738,3115
050,37,081,"North Carolina","Guilford County",3,66,5744,2659,3085
050,37,081,"North Carolina","Guilford County",3,67,5561,2552,3009
050,37,081,"North Carolina","Guilford County",3,68,5418,2488,2930
050,37,081,"North Carolina","Guilford County",3,69,5162,2315,2847
050,37,081,"North Carolina","Guilford County",3,70,4940,2189,2751
050,37,081,"North Carolina","Guilford County",3,71,4709,2118,2591
050,37,081,"North Carolina","Guilford County",3,72,4607,2018,2589
050,37,081,"North Carolina","Guilford County",3,73,4482,1974,2508
050,37,081,"North Carolina","Guilford County",3,74,4717,2128,2589
050,37,081,"North Carolina","Guilford County",3,75,3375,1488,1887
050,37,081,"North Carolina","Guilford County",3,76,3156,1392,1764
050,37,081,"North Carolina","Guilford County",3,77,2976,1281,1695
050,37,081,"North Carolina","Guilford County",3,78,2995,1296,1699
050,37,081,"North Carolina","Guilford County",3,79,2531,1068,1463
050,37,081,"North Carolina","Guilford County",3,80,2256,941,1315
050,37,081,"North Carolina","Guilford County",3,81,2047,849,1198
050,37,081,"North Carolina","Guilford County",3,82,1878,753,1125
050,37,081,"North Carolina","Guilford County",3,83,1762,697,1065
050,37,081,"North Carolina","Guilford County",3,84,1515,617,898
050,37,081,"North Carolina","Guilford County",3,85,8939,3113,5826
050,37,081,"North Carolina","Guilford County",4,0,5843,2967,2876
050,37,081,"North Carolina","Guilford County",4,1,5772,2929,2843
050,37,081,"North Carolina","Guilford County",4,2,6101,3061,3040
050,37,081,"North Carolina","Guilford County",4,3,6136,3099,3037
050,37,081,"North Carolina","Guilford County",4,4,6245,3183,3062
050,37,081,"North Carolina","Guilford County",4,5,6569,3404,3165
050,37,081,"North Carolina","Guilford County",4,6,6536,3374,3162
050,37,081,"North Carolina","Guilford County",4,7,6747,3433,3314
050,37,081,"North Carolina","Guilford County",4,8,6694,3430,3264
050,37,081,"North Carolina","Guilford County",4,9,6643,3353,3290
050,37,081,"North Carolina","Guilford County",4,10,6702,3389,3313
050,37,081,"North Carolina","Guilford County",4,11,6656,3395,3261
050,37,081,"North Carolina","Guilford County",4,12,6890,3532,3358
050,37,081,"North Carolina","Guilford County",4,13,7201,3613,3588
050,37,081,"North Carolina","Guilford County",4,14,7428,3747,3681
050,37,081,"North Carolina","Guilford County",4,15,7280,3742,3538
050,37,081,"North Carolina","Guilford County",4,16,7218,3668,3550
050,37,081,"North Carolina","Guilford County",4,17,7332,3664,3668
050,37,081,"North Carolina","Guilford County",4,18,11215,4884,6331
050,37,081,"North Carolina","Guilford County",4,19,12831,5657,7174
050,37,081,"North Carolina","Guilford County",4,20,10031,4567,5464
050,37,081,"North Carolina","Guilford County",4,21,8720,4165,4555
050,37,081,"North Carolina","Guilford County",4,22,8117,3844,4273
050,37,081,"North Carolina","Guilford County",4,23,7257,3469,3788
050,37,081,"North Carolina","Guilford County",4,24,7142,3431,3711
050,37,081,"North Carolina","Guilford County",4,25,7000,3370,3630
050,37,081,"North Carolina","Guilford County",4,26,7023,3383,3640
050,37,081,"North Carolina","Guilford County",4,27,6951,3319,3632
050,37,081,"North Carolina","Guilford County",4,28,7169,3458,3711
050,37,081,"North Carolina","Guilford County",4,29,7365,3584,3781
050,37,081,"North Carolina","Guilford County",4,30,7372,3471,3901
050,37,081,"North Carolina","Guilford County",4,31,7461,3550,3911
050,37,081,"North Carolina","Guilford County",4,32,7661,3545,4116
050,37,081,"North Carolina","Guilford County",4,33,7392,3405,3987
050,37,081,"North Carolina","Guilford County",4,34,7195,3334,3861
050,37,081,"North Carolina","Guilford County",4,35,6960,3227,3733
050,37,081,"North Carolina","Guilford County",4,36,6843,3206,3637
050,37,081,"North Carolina","Guilford County",4,37,6638,3106,3532
050,37,081,"North Carolina","Guilford County",4,38,6608,3120,3488
050,37,081,"North Carolina","Guilford County",4,39,6788,3144,3644
050,37,081,"North Carolina","Guilford County",4,40,6828,3234,3594
050,37,081,"North Carolina","Guilford County",4,41,6746,3225,3521
050,37,081,"North Carolina","Guilford County",4,42,6899,3309,3590
050,37,081,"North Carolina","Guilford County",4,43,6605,3118,3487
050,37,081,"North Carolina","Guilford County",4,44,6469,3031,3438
050,37,081,"North Carolina","Guilford County",4,45,6455,2999,3456
050,37,081,"North Carolina","Guilford County",4,46,6186,2896,3290
050,37,081,"North Carolina","Guilford County",4,47,6332,2992,3340
050,37,081,"North Carolina","Guilford County",4,48,6317,2958,3359
050,37,081,"North Carolina","Guilford County",4,49,6437,3044,3393
050,37,081,"North Carolina","Guilford County",4,50,6947,3330,3617
050,37,081,"North Carolina","Guilford County",4,51,7538,3550,3988
050,37,081,"North Carolina","Guilford County",4,52,7384,3593,3791
050,37,081,"North Carolina","Guilford County",4,53,7039,3436,3603
050,37,081,"North Carolina","Guilford County",4,54,6857,3262,3595
050,37,081,"North Carolina","Guilford County",4,55,6722,3240,3482
050,37,081,"North Carolina","Guilford County",4,56,6695,3274,3421
050,37,081,"North Carolina","Guilford County",4,57,6828,3247,3581
050,37,081,"North Carolina","Guilford County",4,58,6917,3237,3680
050,37,081,"North Carolina","Guilford County",4,59,6836,3288,3548
050,37,081,"North Carolina","Guilford County",4,60,6790,3250,3540
050,37,081,"North Carolina","Guilford County",4,61,6772,3264,3508
050,37,081,"North Carolina","Guilford County",4,62,6547,3088,3459
050,37,081,"North Carolina","Guilford County",4,63,6415,3028,3387
050,37,081,"North Carolina","Guilford County",4,64,6181,2923,3258
050,37,081,"North Carolina","Guilford County",4,65,6047,2863,3184
050,37,081,"North Carolina","Guilford County",4,66,5771,2673,3098
050,37,081,"North Carolina","Guilford County",4,67,5672,2616,3056
050,37,081,"North Carolina","Guilford County",4,68,5529,2500,3029
050,37,081,"North Carolina","Guilford County",4,69,5309,2433,2876
050,37,081,"North Carolina","Guilford County",4,70,5077,2251,2826
050,37,081,"North Carolina","Guilford County",4,71,4804,2120,2684
050,37,081,"North Carolina","Guilford County",4,72,4627,2073,2554
050,37,081,"North Carolina","Guilford County",4,73,4481,1949,2532
050,37,081,"North Carolina","Guilford County",4,74,4358,1908,2450
050,37,081,"North Carolina","Guilford County",4,75,4575,2058,2517
050,37,081,"North Carolina","Guilford County",4,76,3247,1415,1832
050,37,081,"North Carolina","Guilford County",4,77,3044,1324,1720
050,37,081,"North Carolina","Guilford County",4,78,2872,1224,1648
050,37,081,"North Carolina","Guilford County",4,79,2874,1221,1653
050,37,081,"North Carolina","Guilford County",4,80,2409,1005,1404
050,37,081,"North Carolina","Guilford County",4,81,2130,884,1246
050,37,081,"North Carolina","Guilford County",4,82,1936,790,1146
050,37,081,"North Carolina","Guilford County",4,83,1788,698,1090
050,37,081,"North Carolina","Guilford County",4,84,1642,651,991
050,37,081,"North Carolina","Guilford County",4,85,8791,3080,5711
050,37,081,"North Carolina","Guilford County",5,0,5839,2969,2870
050,37,081,"North Carolina","Guilford County",5,1,5928,2960,2968
050,37,081,"North Carolina","Guilford County",5,2,5962,3048,2914
050,37,081,"North Carolina","Guilford County",5,3,6136,3082,3054
050,37,081,"North Carolina","Guilford County",5,4,6228,3134,3094
050,37,081,"North Carolina","Guilford County",5,5,6441,3315,3126
050,37,081,"North Carolina","Guilford County",5,6,6616,3441,3175
050,37,081,"North Carolina","Guilford County",5,7,6590,3410,3180
050,37,081,"North Carolina","Guilford County",5,8,6784,3459,3325
050,37,081,"North Carolina","Guilford County",5,9,6758,3475,3283
050,37,081,"North Carolina","Guilford County",5,10,6698,3430,3268
050,37,081,"North Carolina","Guilford County",5,11,6742,3402,3340
050,37,081,"North Carolina","Guilford County",5,12,6709,3449,3260
050,37,081,"North Carolina","Guilford County",5,13,6986,3585,3401
050,37,081,"North Carolina","Guilford County",5,14,7269,3627,3642
050,37,081,"North Carolina","Guilford County",5,15,7459,3736,3723
050,37,081,"North Carolina","Guilford County",5,16,7319,3748,3571
050,37,081,"North Carolina","Guilford County",5,17,7349,3675,3674
050,37,081,"North Carolina","Guilford County",5,18,11302,4947,6355
050,37,081,"North Carolina","Guilford County",5,19,12878,5711,7167
050,37,081,"North Carolina","Guilford County",5,20,10074,4600,5474
050,37,081,"North Carolina","Guilford County",5,21,8587,4066,4521
050,37,081,"North Carolina","Guilford County",5,22,7864,3824,4040
050,37,081,"North Carolina","Guilford County",5,23,7612,3596,4016
050,37,081,"North Carolina","Guilford County",5,24,7224,3517,3707
050,37,081,"North Carolina","Guilford County",5,25,7095,3443,3652
050,37,081,"North Carolina","Guilford County",5,26,7059,3399,3660
050,37,081,"North Carolina","Guilford County",5,27,7038,3380,3658
050,37,081,"North Carolina","Guilford County",5,28,6933,3343,3590
050,37,081,"North Carolina","Guilford County",5,29,7083,3415,3668
050,37,081,"North Carolina","Guilford County",5,30,7342,3552,3790
050,37,081,"North Carolina","Guilford County",5,31,7365,3463,3902
050,37,081,"North Carolina","Guilford County",5,32,7439,3475,3964
050,37,081,"North Carolina","Guilford County",5,33,7762,3560,4202
050,37,081,"North Carolina","Guilford County",5,34,7458,3469,3989
050,37,081,"North Carolina","Guilford County",5,35,7313,3396,3917
050,37,081,"North Carolina","Guilford County",5,36,6988,3257,3731
050,37,081,"North Carolina","Guilford County",5,37,6992,3271,3721
050,37,081,"North Carolina","Guilford County",5,38,6725,3172,3553
050,37,081,"North Carolina","Guilford County",5,39,6577,3111,3466
050,37,081,"North Carolina","Guilford County",5,40,6886,3151,3735
050,37,081,"North Carolina","Guilford County",5,41,6807,3218,3589
050,37,081,"North Carolina","Guilford County",5,42,6765,3250,3515
050,37,081,"North Carolina","Guilford County",5,43,6866,3287,3579
050,37,081,"North Carolina","Guilford County",5,44,6572,3077,3495
050,37,081,"North Carolina","Guilford County",5,45,6483,3048,3435
050,37,081,"North Carolina","Guilford County",5,46,6485,2991,3494
050,37,081,"North Carolina","Guilford County",5,47,6226,2919,3307
050,37,081,"North Carolina","Guilford County",5,48,6345,2967,3378
050,37,081,"North Carolina","Guilford County",5,49,6303,2948,3355
050,37,081,"North Carolina","Guilford County",5,50,6464,3084,3380
050,37,081,"North Carolina","Guilford County",5,51,6897,3315,3582
050,37,081,"North Carolina","Guilford County",5,52,7471,3499,3972
050,37,081,"North Carolina","Guilford County",5,53,7370,3595,3775
050,37,081,"North Carolina","Guilford County",5,54,6973,3401,3572
050,37,081,"North Carolina","Guilford County",5,55,6845,3265,3580
050,37,081,"North Carolina","Guilford County",5,56,6695,3226,3469
050,37,081,"North Carolina","Guilford County",5,57,6603,3215,3388
050,37,081,"North Carolina","Guilford County",5,58,6755,3194,3561
050,37,081,"North Carolina","Guilford County",5,59,6874,3222,3652
050,37,081,"North Carolina","Guilford County",5,60,6778,3264,3514
050,37,081,"North Carolina","Guilford County",5,61,6704,3198,3506
050,37,081,"North Carolina","Guilford County",5,62,6683,3222,3461
050,37,081,"North Carolina","Guilford County",5,63,6523,3073,3450
050,37,081,"North Carolina","Guilford County",5,64,6345,2974,3371
050,37,081,"North Carolina","Guilford County",5,65,6097,2867,3230
050,37,081,"North Carolina","Guilford County",5,66,5952,2807,3145
050,37,081,"North Carolina","Guilford County",5,67,5733,2663,3070
050,37,081,"North Carolina","Guilford County",5,68,5623,2600,3023
050,37,081,"North Carolina","Guilford County",5,69,5441,2440,3001
050,37,081,"North Carolina","Guilford County",5,70,5229,2383,2846
050,37,081,"North Carolina","Guilford County",5,71,4967,2205,2762
050,37,081,"North Carolina","Guilford County",5,72,4721,2069,2652
050,37,081,"North Carolina","Guilford County",5,73,4541,2017,2524
050,37,081,"North Carolina","Guilford County",5,74,4369,1887,2482
050,37,081,"North Carolina","Guilford County",5,75,4248,1843,2405
050,37,081,"North Carolina","Guilford County",5,76,4428,1989,2439
050,37,081,"North Carolina","Guilford County",5,77,3144,1364,1780
050,37,081,"North Carolina","Guilford County",5,78,2943,1274,1669
050,37,081,"North Carolina","Guilford County",5,79,2749,1155,1594
050,37,081,"North Carolina","Guilford County",5,80,2753,1164,1589
050,37,081,"North Carolina","Guilford County",5,81,2277,945,1332
050,37,081,"North Carolina","Guilford County",5,82,2002,820,1182
050,37,081,"North Carolina","Guilford County",5,83,1855,739,1116
050,37,081,"North Carolina","Guilford County",5,84,1658,650,1008
050,37,081,"North Carolina","Guilford County",5,85,8895,3142,5753
050,37,083,"North Carolina","Halifax County",1,0,498,256,242
050,37,083,"North Carolina","Halifax County",1,1,514,276,238
050,37,083,"North Carolina","Halifax County",1,2,549,269,280
050,37,083,"North Carolina","Halifax County",1,3,558,281,277
050,37,083,"North Carolina","Halifax County",1,4,533,267,266
050,37,083,"North Carolina","Halifax County",1,5,542,266,276
050,37,083,"North Carolina","Halifax County",1,6,519,252,267
050,37,083,"North Carolina","Halifax County",1,7,520,260,260
050,37,083,"North Carolina","Halifax County",1,8,569,288,281
050,37,083,"North Carolina","Halifax County",1,9,587,298,289
050,37,083,"North Carolina","Halifax County",1,10,595,302,293
050,37,083,"North Carolina","Halifax County",1,11,611,318,293
050,37,083,"North Carolina","Halifax County",1,12,650,324,326
050,37,083,"North Carolina","Halifax County",1,13,684,346,338
050,37,083,"North Carolina","Halifax County",1,14,647,347,300
050,37,083,"North Carolina","Halifax County",1,15,633,328,305
050,37,083,"North Carolina","Halifax County",1,16,605,314,291
050,37,083,"North Carolina","Halifax County",1,17,634,333,301
050,37,083,"North Carolina","Halifax County",1,18,565,265,300
050,37,083,"North Carolina","Halifax County",1,19,487,231,256
050,37,083,"North Carolina","Halifax County",1,20,478,241,237
050,37,083,"North Carolina","Halifax County",1,21,494,270,224
050,37,083,"North Carolina","Halifax County",1,22,518,260,258
050,37,083,"North Carolina","Halifax County",1,23,497,251,246
050,37,083,"North Carolina","Halifax County",1,24,489,252,237
050,37,083,"North Carolina","Halifax County",1,25,541,295,246
050,37,083,"North Carolina","Halifax County",1,26,568,301,267
050,37,083,"North Carolina","Halifax County",1,27,599,309,290
050,37,083,"North Carolina","Halifax County",1,28,626,337,289
050,37,083,"North Carolina","Halifax County",1,29,593,300,293
050,37,083,"North Carolina","Halifax County",1,30,625,321,304
050,37,083,"North Carolina","Halifax County",1,31,586,309,277
050,37,083,"North Carolina","Halifax County",1,32,551,265,286
050,37,083,"North Carolina","Halifax County",1,33,507,244,263
050,37,083,"North Carolina","Halifax County",1,34,538,282,256
050,37,083,"North Carolina","Halifax County",1,35,555,285,270
050,37,083,"North Carolina","Halifax County",1,36,513,255,258
050,37,083,"North Carolina","Halifax County",1,37,526,265,261
050,37,083,"North Carolina","Halifax County",1,38,553,279,274
050,37,083,"North Carolina","Halifax County",1,39,564,282,282
050,37,083,"North Carolina","Halifax County",1,40,542,264,278
050,37,083,"North Carolina","Halifax County",1,41,506,253,253
050,37,083,"North Carolina","Halifax County",1,42,533,288,245
050,37,083,"North Carolina","Halifax County",1,43,495,251,244
050,37,083,"North Carolina","Halifax County",1,44,497,256,241
050,37,083,"North Carolina","Halifax County",1,45,482,241,241
050,37,083,"North Carolina","Halifax County",1,46,503,241,262
050,37,083,"North Carolina","Halifax County",1,47,533,240,293
050,37,083,"North Carolina","Halifax County",1,48,579,281,298
050,37,083,"North Carolina","Halifax County",1,49,609,304,305
050,37,083,"North Carolina","Halifax County",1,50,594,292,302
050,37,083,"North Carolina","Halifax County",1,51,602,282,320
050,37,083,"North Carolina","Halifax County",1,52,614,292,322
050,37,083,"North Carolina","Halifax County",1,53,645,330,315
050,37,083,"North Carolina","Halifax County",1,54,718,362,356
050,37,083,"North Carolina","Halifax County",1,55,726,344,382
050,37,083,"North Carolina","Halifax County",1,56,747,356,391
050,37,083,"North Carolina","Halifax County",1,57,744,356,388
050,37,083,"North Carolina","Halifax County",1,58,805,397,408
050,37,083,"North Carolina","Halifax County",1,59,772,371,401
050,37,083,"North Carolina","Halifax County",1,60,754,358,396
050,37,083,"North Carolina","Halifax County",1,61,750,355,395
050,37,083,"North Carolina","Halifax County",1,62,720,348,372
050,37,083,"North Carolina","Halifax County",1,63,695,328,367
050,37,083,"North Carolina","Halifax County",1,64,714,314,400
050,37,083,"North Carolina","Halifax County",1,65,719,309,410
050,37,083,"North Carolina","Halifax County",1,66,729,329,400
050,37,083,"North Carolina","Halifax County",1,67,685,322,363
050,37,083,"North Carolina","Halifax County",1,68,649,304,345
050,37,083,"North Carolina","Halifax County",1,69,629,289,340
050,37,083,"North Carolina","Halifax County",1,70,651,289,362
050,37,083,"North Carolina","Halifax County",1,71,598,263,335
050,37,083,"North Carolina","Halifax County",1,72,580,260,320
050,37,083,"North Carolina","Halifax County",1,73,572,260,312
050,37,083,"North Carolina","Halifax County",1,74,410,173,237
050,37,083,"North Carolina","Halifax County",1,75,394,169,225
050,37,083,"North Carolina","Halifax County",1,76,381,164,217
050,37,083,"North Carolina","Halifax County",1,77,376,160,216
050,37,083,"North Carolina","Halifax County",1,78,339,155,184
050,37,083,"North Carolina","Halifax County",1,79,312,140,172
050,37,083,"North Carolina","Halifax County",1,80,279,123,156
050,37,083,"North Carolina","Halifax County",1,81,274,110,164
050,37,083,"North Carolina","Halifax County",1,82,247,97,150
050,37,083,"North Carolina","Halifax County",1,83,204,78,126
050,37,083,"North Carolina","Halifax County",1,84,199,70,129
050,37,083,"North Carolina","Halifax County",1,85,1098,359,739
050,37,083,"North Carolina","Halifax County",2,0,494,251,243
050,37,083,"North Carolina","Halifax County",2,1,509,270,239
050,37,083,"North Carolina","Halifax County",2,2,548,272,276
050,37,083,"North Carolina","Halifax County",2,3,555,276,279
050,37,083,"North Carolina","Halifax County",2,4,538,267,271
050,37,083,"North Carolina","Halifax County",2,5,538,266,272
050,37,083,"North Carolina","Halifax County",2,6,526,257,269
050,37,083,"North Carolina","Halifax County",2,7,520,257,263
050,37,083,"North Carolina","Halifax County",2,8,557,281,276
050,37,083,"North Carolina","Halifax County",2,9,584,295,289
050,37,083,"North Carolina","Halifax County",2,10,592,298,294
050,37,083,"North Carolina","Halifax County",2,11,608,313,295
050,37,083,"North Carolina","Halifax County",2,12,647,325,322
050,37,083,"North Carolina","Halifax County",2,13,676,341,335
050,37,083,"North Carolina","Halifax County",2,14,658,348,310
050,37,083,"North Carolina","Halifax County",2,15,634,332,302
050,37,083,"North Carolina","Halifax County",2,16,607,315,292
050,37,083,"North Carolina","Halifax County",2,17,624,327,297
050,37,083,"North Carolina","Halifax County",2,18,559,270,289
050,37,083,"North Carolina","Halifax County",2,19,485,227,258
050,37,083,"North Carolina","Halifax County",2,20,489,241,248
050,37,083,"North Carolina","Halifax County",2,21,489,263,226
050,37,083,"North Carolina","Halifax County",2,22,520,268,252
050,37,083,"North Carolina","Halifax County",2,23,503,254,249
050,37,083,"North Carolina","Halifax County",2,24,489,253,236
050,37,083,"North Carolina","Halifax County",2,25,525,281,244
050,37,083,"North Carolina","Halifax County",2,26,561,300,261
050,37,083,"North Carolina","Halifax County",2,27,591,306,285
050,37,083,"North Carolina","Halifax County",2,28,617,330,287
050,37,083,"North Carolina","Halifax County",2,29,605,313,292
050,37,083,"North Carolina","Halifax County",2,30,614,311,303
050,37,083,"North Carolina","Halifax County",2,31,596,309,287
050,37,083,"North Carolina","Halifax County",2,32,557,274,283
050,37,083,"North Carolina","Halifax County",2,33,518,250,268
050,37,083,"North Carolina","Halifax County",2,34,533,275,258
050,37,083,"North Carolina","Halifax County",2,35,556,287,269
050,37,083,"North Carolina","Halifax County",2,36,518,260,258
050,37,083,"North Carolina","Halifax County",2,37,519,259,260
050,37,083,"North Carolina","Halifax County",2,38,547,276,271
050,37,083,"North Carolina","Halifax County",2,39,554,276,278
050,37,083,"North Carolina","Halifax County",2,40,549,270,279
050,37,083,"North Carolina","Halifax County",2,41,516,256,260
050,37,083,"North Carolina","Halifax County",2,42,522,278,244
050,37,083,"North Carolina","Halifax County",2,43,508,263,245
050,37,083,"North Carolina","Halifax County",2,44,491,251,240
050,37,083,"North Carolina","Halifax County",2,45,486,244,242
050,37,083,"North Carolina","Halifax County",2,46,493,237,256
050,37,083,"North Carolina","Halifax County",2,47,522,237,285
050,37,083,"North Carolina","Halifax County",2,48,569,272,297
050,37,083,"North Carolina","Halifax County",2,49,600,298,302
050,37,083,"North Carolina","Halifax County",2,50,598,295,303
050,37,083,"North Carolina","Halifax County",2,51,589,277,312
050,37,083,"North Carolina","Halifax County",2,52,608,287,321
050,37,083,"North Carolina","Halifax County",2,53,642,326,316
050,37,083,"North Carolina","Halifax County",2,54,692,350,342
050,37,083,"North Carolina","Halifax County",2,55,720,346,374
050,37,083,"North Carolina","Halifax County",2,56,741,354,387
050,37,083,"North Carolina","Halifax County",2,57,744,356,388
050,37,083,"North Carolina","Halifax County",2,58,785,383,402
050,37,083,"North Carolina","Halifax County",2,59,787,380,407
050,37,083,"North Carolina","Halifax County",2,60,755,359,396
050,37,083,"North Carolina","Halifax County",2,61,750,353,397
050,37,083,"North Carolina","Halifax County",2,62,723,347,376
050,37,083,"North Carolina","Halifax County",2,63,704,334,370
050,37,083,"North Carolina","Halifax County",2,64,705,314,391
050,37,083,"North Carolina","Halifax County",2,65,717,311,406
050,37,083,"North Carolina","Halifax County",2,66,727,323,404
050,37,083,"North Carolina","Halifax County",2,67,692,321,371
050,37,083,"North Carolina","Halifax County",2,68,646,300,346
050,37,083,"North Carolina","Halifax County",2,69,638,295,343
050,37,083,"North Carolina","Halifax County",2,70,646,290,356
050,37,083,"North Carolina","Halifax County",2,71,608,268,340
050,37,083,"North Carolina","Halifax County",2,72,576,256,320
050,37,083,"North Carolina","Halifax County",2,73,592,270,322
050,37,083,"North Carolina","Halifax County",2,74,421,181,240
050,37,083,"North Carolina","Halifax County",2,75,396,170,226
050,37,083,"North Carolina","Halifax County",2,76,377,161,216
050,37,083,"North Carolina","Halifax County",2,77,379,163,216
050,37,083,"North Carolina","Halifax County",2,78,340,151,189
050,37,083,"North Carolina","Halifax County",2,79,317,141,176
050,37,083,"North Carolina","Halifax County",2,80,286,126,160
050,37,083,"North Carolina","Halifax County",2,81,266,109,157
050,37,083,"North Carolina","Halifax County",2,82,250,96,154
050,37,083,"North Carolina","Halifax County",2,83,207,82,125
050,37,083,"North Carolina","Halifax County",2,84,194,68,126
050,37,083,"North Carolina","Halifax County",2,85,1094,361,733
050,37,083,"North Carolina","Halifax County",3,0,520,272,248
050,37,083,"North Carolina","Halifax County",3,1,512,233,279
050,37,083,"North Carolina","Halifax County",3,2,515,275,240
050,37,083,"North Carolina","Halifax County",3,3,551,274,277
050,37,083,"North Carolina","Halifax County",3,4,567,275,292
050,37,083,"North Carolina","Halifax County",3,5,548,273,275
050,37,083,"North Carolina","Halifax County",3,6,529,266,263
050,37,083,"North Carolina","Halifax County",3,7,529,255,274
050,37,083,"North Carolina","Halifax County",3,8,528,258,270
050,37,083,"North Carolina","Halifax County",3,9,558,284,274
050,37,083,"North Carolina","Halifax County",3,10,576,295,281
050,37,083,"North Carolina","Halifax County",3,11,588,311,277
050,37,083,"North Carolina","Halifax County",3,12,615,319,296
050,37,083,"North Carolina","Halifax County",3,13,648,325,323
050,37,083,"North Carolina","Halifax County",3,14,676,347,329
050,37,083,"North Carolina","Halifax County",3,15,647,346,301
050,37,083,"North Carolina","Halifax County",3,16,626,329,297
050,37,083,"North Carolina","Halifax County",3,17,610,316,294
050,37,083,"North Carolina","Halifax County",3,18,543,283,260
050,37,083,"North Carolina","Halifax County",3,19,477,236,241
050,37,083,"North Carolina","Halifax County",3,20,527,249,278
050,37,083,"North Carolina","Halifax County",3,21,509,254,255
050,37,083,"North Carolina","Halifax County",3,22,508,278,230
050,37,083,"North Carolina","Halifax County",3,23,541,281,260
050,37,083,"North Carolina","Halifax County",3,24,520,270,250
050,37,083,"North Carolina","Halifax County",3,25,467,236,231
050,37,083,"North Carolina","Halifax County",3,26,535,291,244
050,37,083,"North Carolina","Halifax County",3,27,538,276,262
050,37,083,"North Carolina","Halifax County",3,28,587,298,289
050,37,083,"North Carolina","Halifax County",3,29,616,334,282
050,37,083,"North Carolina","Halifax County",3,30,608,309,299
050,37,083,"North Carolina","Halifax County",3,31,618,306,312
050,37,083,"North Carolina","Halifax County",3,32,580,298,282
050,37,083,"North Carolina","Halifax County",3,33,562,281,281
050,37,083,"North Carolina","Halifax County",3,34,517,249,268
050,37,083,"North Carolina","Halifax County",3,35,538,279,259
050,37,083,"North Carolina","Halifax County",3,36,561,300,261
050,37,083,"North Carolina","Halifax County",3,37,500,249,251
050,37,083,"North Carolina","Halifax County",3,38,546,269,277
050,37,083,"North Carolina","Halifax County",3,39,546,286,260
050,37,083,"North Carolina","Halifax County",3,40,550,276,274
050,37,083,"North Carolina","Halifax County",3,41,548,269,279
050,37,083,"North Carolina","Halifax County",3,42,508,257,251
050,37,083,"North Carolina","Halifax County",3,43,522,282,240
050,37,083,"North Carolina","Halifax County",3,44,525,273,252
050,37,083,"North Carolina","Halifax County",3,45,492,259,233
050,37,083,"North Carolina","Halifax County",3,46,477,233,244
050,37,083,"North Carolina","Halifax County",3,47,486,232,254
050,37,083,"North Carolina","Halifax County",3,48,538,240,298
050,37,083,"North Carolina","Halifax County",3,49,568,279,289
050,37,083,"North Carolina","Halifax County",3,50,615,310,305
050,37,083,"North Carolina","Halifax County",3,51,612,297,315
050,37,083,"North Carolina","Halifax County",3,52,581,273,308
050,37,083,"North Carolina","Halifax County",3,53,619,295,324
050,37,083,"North Carolina","Halifax County",3,54,654,326,328
050,37,083,"North Carolina","Halifax County",3,55,686,340,346
050,37,083,"North Carolina","Halifax County",3,56,718,344,374
050,37,083,"North Carolina","Halifax County",3,57,741,351,390
050,37,083,"North Carolina","Halifax County",3,58,757,362,395
050,37,083,"North Carolina","Halifax County",3,59,792,393,399
050,37,083,"North Carolina","Halifax County",3,60,780,379,401
050,37,083,"North Carolina","Halifax County",3,61,739,353,386
050,37,083,"North Carolina","Halifax County",3,62,724,332,392
050,37,083,"North Carolina","Halifax County",3,63,712,332,380
050,37,083,"North Carolina","Halifax County",3,64,682,315,367
050,37,083,"North Carolina","Halifax County",3,65,685,307,378
050,37,083,"North Carolina","Halifax County",3,66,694,296,398
050,37,083,"North Carolina","Halifax County",3,67,715,319,396
050,37,083,"North Carolina","Halifax County",3,68,681,309,372
050,37,083,"North Carolina","Halifax County",3,69,631,288,343
050,37,083,"North Carolina","Halifax County",3,70,632,292,340
050,37,083,"North Carolina","Halifax County",3,71,633,284,349
050,37,083,"North Carolina","Halifax County",3,72,587,256,331
050,37,083,"North Carolina","Halifax County",3,73,561,244,317
050,37,083,"North Carolina","Halifax County",3,74,570,259,311
050,37,083,"North Carolina","Halifax County",3,75,399,175,224
050,37,083,"North Carolina","Halifax County",3,76,374,159,215
050,37,083,"North Carolina","Halifax County",3,77,360,151,209
050,37,083,"North Carolina","Halifax County",3,78,359,153,206
050,37,083,"North Carolina","Halifax County",3,79,316,131,185
050,37,083,"North Carolina","Halifax County",3,80,296,132,164
050,37,083,"North Carolina","Halifax County",3,81,263,112,151
050,37,083,"North Carolina","Halifax County",3,82,235,95,140
050,37,083,"North Carolina","Halifax County",3,83,228,88,140
050,37,083,"North Carolina","Halifax County",3,84,185,66,119
050,37,083,"North Carolina","Halifax County",3,85,1036,343,693
050,37,083,"North Carolina","Halifax County",4,0,522,283,239
050,37,083,"North Carolina","Halifax County",4,1,531,270,261
050,37,083,"North Carolina","Halifax County",4,2,541,253,288
050,37,083,"North Carolina","Halifax County",4,3,522,277,245
050,37,083,"North Carolina","Halifax County",4,4,555,271,284
050,37,083,"North Carolina","Halifax County",4,5,558,270,288
050,37,083,"North Carolina","Halifax County",4,6,529,259,270
050,37,083,"North Carolina","Halifax County",4,7,535,274,261
050,37,083,"North Carolina","Halifax County",4,8,534,264,270
050,37,083,"North Carolina","Halifax County",4,9,531,263,268
050,37,083,"North Carolina","Halifax County",4,10,557,286,271
050,37,083,"North Carolina","Halifax County",4,11,572,297,275
050,37,083,"North Carolina","Halifax County",4,12,591,315,276
050,37,083,"North Carolina","Halifax County",4,13,616,318,298
050,37,083,"North Carolina","Halifax County",4,14,647,323,324
050,37,083,"North Carolina","Halifax County",4,15,686,359,327
050,37,083,"North Carolina","Halifax County",4,16,632,338,294
050,37,083,"North Carolina","Halifax County",4,17,628,331,297
050,37,083,"North Carolina","Halifax County",4,18,527,282,245
050,37,083,"North Carolina","Halifax County",4,19,458,237,221
050,37,083,"North Carolina","Halifax County",4,20,509,256,253
050,37,083,"North Carolina","Halifax County",4,21,519,244,275
050,37,083,"North Carolina","Halifax County",4,22,523,264,259
050,37,083,"North Carolina","Halifax County",4,23,475,269,206
050,37,083,"North Carolina","Halifax County",4,24,529,293,236
050,37,083,"North Carolina","Halifax County",4,25,491,251,240
050,37,083,"North Carolina","Halifax County",4,26,462,229,233
050,37,083,"North Carolina","Halifax County",4,27,527,285,242
050,37,083,"North Carolina","Halifax County",4,28,543,274,269
050,37,083,"North Carolina","Halifax County",4,29,586,306,280
050,37,083,"North Carolina","Halifax County",4,30,598,321,277
050,37,083,"North Carolina","Halifax County",4,31,613,312,301
050,37,083,"North Carolina","Halifax County",4,32,600,295,305
050,37,083,"North Carolina","Halifax County",4,33,554,278,276
050,37,083,"North Carolina","Halifax County",4,34,562,285,277
050,37,083,"North Carolina","Halifax County",4,35,514,244,270
050,37,083,"North Carolina","Halifax County",4,36,535,281,254
050,37,083,"North Carolina","Halifax County",4,37,555,295,260
050,37,083,"North Carolina","Halifax County",4,38,516,261,255
050,37,083,"North Carolina","Halifax County",4,39,546,262,284
050,37,083,"North Carolina","Halifax County",4,40,536,275,261
050,37,083,"North Carolina","Halifax County",4,41,542,271,271
050,37,083,"North Carolina","Halifax County",4,42,525,258,267
050,37,083,"North Carolina","Halifax County",4,43,494,244,250
050,37,083,"North Carolina","Halifax County",4,44,529,287,242
050,37,083,"North Carolina","Halifax County",4,45,510,260,250
050,37,083,"North Carolina","Halifax County",4,46,489,254,235
050,37,083,"North Carolina","Halifax County",4,47,460,218,242
050,37,083,"North Carolina","Halifax County",4,48,474,232,242
050,37,083,"North Carolina","Halifax County",4,49,521,233,288
050,37,083,"North Carolina","Halifax County",4,50,566,278,288
050,37,083,"North Carolina","Halifax County",4,51,600,297,303
050,37,083,"North Carolina","Halifax County",4,52,601,288,313
050,37,083,"North Carolina","Halifax County",4,53,567,265,302
050,37,083,"North Carolina","Halifax County",4,54,612,286,326
050,37,083,"North Carolina","Halifax County",4,55,631,315,316
050,37,083,"North Carolina","Halifax County",4,56,687,343,344
050,37,083,"North Carolina","Halifax County",4,57,712,335,377
050,37,083,"North Carolina","Halifax County",4,58,735,345,390
050,37,083,"North Carolina","Halifax County",4,59,747,355,392
050,37,083,"North Carolina","Halifax County",4,60,774,382,392
050,37,083,"North Carolina","Halifax County",4,61,747,357,390
050,37,083,"North Carolina","Halifax County",4,62,725,348,377
050,37,083,"North Carolina","Halifax County",4,63,712,327,385
050,37,083,"North Carolina","Halifax County",4,64,695,326,369
050,37,083,"North Carolina","Halifax County",4,65,651,295,356
050,37,083,"North Carolina","Halifax County",4,66,662,295,367
050,37,083,"North Carolina","Halifax County",4,67,687,293,394
050,37,083,"North Carolina","Halifax County",4,68,688,304,384
050,37,083,"North Carolina","Halifax County",4,69,669,305,364
050,37,083,"North Carolina","Halifax County",4,70,621,280,341
050,37,083,"North Carolina","Halifax County",4,71,618,287,331
050,37,083,"North Carolina","Halifax County",4,72,609,271,338
050,37,083,"North Carolina","Halifax County",4,73,565,239,326
050,37,083,"North Carolina","Halifax County",4,74,542,236,306
050,37,083,"North Carolina","Halifax County",4,75,546,249,297
050,37,083,"North Carolina","Halifax County",4,76,372,156,216
050,37,083,"North Carolina","Halifax County",4,77,355,143,212
050,37,083,"North Carolina","Halifax County",4,78,340,139,201
050,37,083,"North Carolina","Halifax County",4,79,340,143,197
050,37,083,"North Carolina","Halifax County",4,80,298,127,171
050,37,083,"North Carolina","Halifax County",4,81,279,121,158
050,37,083,"North Carolina","Halifax County",4,82,232,100,132
050,37,083,"North Carolina","Halifax County",4,83,218,87,131
050,37,083,"North Carolina","Halifax County",4,84,209,76,133
050,37,083,"North Carolina","Halifax County",4,85,990,327,663
050,37,083,"North Carolina","Halifax County",5,0,519,280,239
050,37,083,"North Carolina","Halifax County",5,1,533,286,247
050,37,083,"North Carolina","Halifax County",5,2,524,268,256
050,37,083,"North Carolina","Halifax County",5,3,525,248,277
050,37,083,"North Carolina","Halifax County",5,4,504,275,229
050,37,083,"North Carolina","Halifax County",5,5,552,271,281
050,37,083,"North Carolina","Halifax County",5,6,562,274,288
050,37,083,"North Carolina","Halifax County",5,7,537,262,275
050,37,083,"North Carolina","Halifax County",5,8,514,265,249
050,37,083,"North Carolina","Halifax County",5,9,541,263,278
050,37,083,"North Carolina","Halifax County",5,10,520,259,261
050,37,083,"North Carolina","Halifax County",5,11,568,294,274
050,37,083,"North Carolina","Halifax County",5,12,580,305,275
050,37,083,"North Carolina","Halifax County",5,13,599,316,283
050,37,083,"North Carolina","Halifax County",5,14,618,325,293
050,37,083,"North Carolina","Halifax County",5,15,642,320,322
050,37,083,"North Carolina","Halifax County",5,16,660,338,322
050,37,083,"North Carolina","Halifax County",5,17,623,339,284
050,37,083,"North Carolina","Halifax County",5,18,538,281,257
050,37,083,"North Carolina","Halifax County",5,19,460,246,214
050,37,083,"North Carolina","Halifax County",5,20,487,250,237
050,37,083,"North Carolina","Halifax County",5,21,528,263,265
050,37,083,"North Carolina","Halifax County",5,22,542,252,290
050,37,083,"North Carolina","Halifax County",5,23,536,274,262
050,37,083,"North Carolina","Halifax County",5,24,491,265,226
050,37,083,"North Carolina","Halifax County",5,25,515,276,239
050,37,083,"North Carolina","Halifax County",5,26,496,246,250
050,37,083,"North Carolina","Halifax County",5,27,427,200,227
050,37,083,"North Carolina","Halifax County",5,28,528,279,249
050,37,083,"North Carolina","Halifax County",5,29,535,269,266
050,37,083,"North Carolina","Halifax County",5,30,576,309,267
050,37,083,"North Carolina","Halifax County",5,31,605,322,283
050,37,083,"North Carolina","Halifax County",5,32,616,312,304
050,37,083,"North Carolina","Halifax County",5,33,584,284,300
050,37,083,"North Carolina","Halifax County",5,34,557,282,275
050,37,083,"North Carolina","Halifax County",5,35,557,275,282
050,37,083,"North Carolina","Halifax County",5,36,507,248,259
050,37,083,"North Carolina","Halifax County",5,37,531,268,263
050,37,083,"North Carolina","Halifax County",5,38,559,302,257
050,37,083,"North Carolina","Halifax County",5,39,505,258,247
050,37,083,"North Carolina","Halifax County",5,40,536,260,276
050,37,083,"North Carolina","Halifax County",5,41,525,273,252
050,37,083,"North Carolina","Halifax County",5,42,525,263,262
050,37,083,"North Carolina","Halifax County",5,43,520,255,265
050,37,083,"North Carolina","Halifax County",5,44,488,241,247
050,37,083,"North Carolina","Halifax County",5,45,536,292,244
050,37,083,"North Carolina","Halifax County",5,46,503,253,250
050,37,083,"North Carolina","Halifax County",5,47,481,248,233
050,37,083,"North Carolina","Halifax County",5,48,449,215,234
050,37,083,"North Carolina","Halifax County",5,49,471,230,241
050,37,083,"North Carolina","Halifax County",5,50,529,237,292
050,37,083,"North Carolina","Halifax County",5,51,550,270,280
050,37,083,"North Carolina","Halifax County",5,52,592,293,299
050,37,083,"North Carolina","Halifax County",5,53,611,301,310
050,37,083,"North Carolina","Halifax County",5,54,566,258,308
050,37,083,"North Carolina","Halifax County",5,55,603,280,323
050,37,083,"North Carolina","Halifax County",5,56,635,319,316
050,37,083,"North Carolina","Halifax County",5,57,684,338,346
050,37,083,"North Carolina","Halifax County",5,58,713,342,371
050,37,083,"North Carolina","Halifax County",5,59,729,338,391
050,37,083,"North Carolina","Halifax County",5,60,745,347,398
050,37,083,"North Carolina","Halifax County",5,61,764,372,392
050,37,083,"North Carolina","Halifax County",5,62,742,351,391
050,37,083,"North Carolina","Halifax County",5,63,704,336,368
050,37,083,"North Carolina","Halifax County",5,64,698,317,381
050,37,083,"North Carolina","Halifax County",5,65,674,314,360
050,37,083,"North Carolina","Halifax County",5,66,638,289,349
050,37,083,"North Carolina","Halifax County",5,67,641,280,361
050,37,083,"North Carolina","Halifax County",5,68,662,278,384
050,37,083,"North Carolina","Halifax County",5,69,672,298,374
050,37,083,"North Carolina","Halifax County",5,70,656,297,359
050,37,083,"North Carolina","Halifax County",5,71,602,272,330
050,37,083,"North Carolina","Halifax County",5,72,590,274,316
050,37,083,"North Carolina","Halifax County",5,73,596,260,336
050,37,083,"North Carolina","Halifax County",5,74,547,230,317
050,37,083,"North Carolina","Halifax County",5,75,518,230,288
050,37,083,"North Carolina","Halifax County",5,76,518,231,287
050,37,083,"North Carolina","Halifax County",5,77,357,143,214
050,37,083,"North Carolina","Halifax County",5,78,338,135,203
050,37,083,"North Carolina","Halifax County",5,79,324,126,198
050,37,083,"North Carolina","Halifax County",5,80,320,137,183
050,37,083,"North Carolina","Halifax County",5,81,285,115,170
050,37,083,"North Carolina","Halifax County",5,82,252,108,144
050,37,083,"North Carolina","Halifax County",5,83,216,93,123
050,37,083,"North Carolina","Halifax County",5,84,201,76,125
050,37,083,"North Carolina","Halifax County",5,85,991,332,659
050,37,085,"North Carolina","Harnett County",1,0,1755,904,851
050,37,085,"North Carolina","Harnett County",1,1,1838,967,871
050,37,085,"North Carolina","Harnett County",1,2,1893,964,929
050,37,085,"North Carolina","Harnett County",1,3,1943,1003,940
050,37,085,"North Carolina","Harnett County",1,4,1984,1032,952
050,37,085,"North Carolina","Harnett County",1,5,2020,1061,959
050,37,085,"North Carolina","Harnett County",1,6,1968,1014,954
050,37,085,"North Carolina","Harnett County",1,7,1919,990,929
050,37,085,"North Carolina","Harnett County",1,8,1947,987,960
050,37,085,"North Carolina","Harnett County",1,9,1958,990,968
050,37,085,"North Carolina","Harnett County",1,10,1938,983,955
050,37,085,"North Carolina","Harnett County",1,11,2026,1028,998
050,37,085,"North Carolina","Harnett County",1,12,2036,1012,1024
050,37,085,"North Carolina","Harnett County",1,13,2012,1007,1005
050,37,085,"North Carolina","Harnett County",1,14,1931,1010,921
050,37,085,"North Carolina","Harnett County",1,15,1837,928,909
050,37,085,"North Carolina","Harnett County",1,16,1791,895,896
050,37,085,"North Carolina","Harnett County",1,17,1745,891,854
050,37,085,"North Carolina","Harnett County",1,18,1724,862,862
050,37,085,"North Carolina","Harnett County",1,19,1801,904,897
050,37,085,"North Carolina","Harnett County",1,20,1649,797,852
050,37,085,"North Carolina","Harnett County",1,21,1560,786,774
050,37,085,"North Carolina","Harnett County",1,22,1519,776,743
050,37,085,"North Carolina","Harnett County",1,23,1490,738,752
050,37,085,"North Carolina","Harnett County",1,24,1596,801,795
050,37,085,"North Carolina","Harnett County",1,25,1660,825,835
050,37,085,"North Carolina","Harnett County",1,26,1888,946,942
050,37,085,"North Carolina","Harnett County",1,27,1999,991,1008
050,37,085,"North Carolina","Harnett County",1,28,2092,1066,1026
050,37,085,"North Carolina","Harnett County",1,29,2137,1074,1063
050,37,085,"North Carolina","Harnett County",1,30,2223,1107,1116
050,37,085,"North Carolina","Harnett County",1,31,2140,1070,1070
050,37,085,"North Carolina","Harnett County",1,32,2117,1098,1019
050,37,085,"North Carolina","Harnett County",1,33,2142,1112,1030
050,37,085,"North Carolina","Harnett County",1,34,2081,1061,1020
050,37,085,"North Carolina","Harnett County",1,35,2044,1047,997
050,37,085,"North Carolina","Harnett County",1,36,2059,1080,979
050,37,085,"North Carolina","Harnett County",1,37,2118,1070,1048
050,37,085,"North Carolina","Harnett County",1,38,1989,1025,964
050,37,085,"North Carolina","Harnett County",1,39,1918,963,955
050,37,085,"North Carolina","Harnett County",1,40,1838,952,886
050,37,085,"North Carolina","Harnett County",1,41,1698,890,808
050,37,085,"North Carolina","Harnett County",1,42,1671,854,817
050,37,085,"North Carolina","Harnett County",1,43,1618,806,812
050,37,085,"North Carolina","Harnett County",1,44,1558,782,776
050,37,085,"North Carolina","Harnett County",1,45,1628,806,822
050,37,085,"North Carolina","Harnett County",1,46,1612,809,803
050,37,085,"North Carolina","Harnett County",1,47,1606,811,795
050,37,085,"North Carolina","Harnett County",1,48,1713,875,838
050,37,085,"North Carolina","Harnett County",1,49,1706,880,826
050,37,085,"North Carolina","Harnett County",1,50,1672,866,806
050,37,085,"North Carolina","Harnett County",1,51,1618,844,774
050,37,085,"North Carolina","Harnett County",1,52,1527,754,773
050,37,085,"North Carolina","Harnett County",1,53,1554,797,757
050,37,085,"North Carolina","Harnett County",1,54,1625,820,805
050,37,085,"North Carolina","Harnett County",1,55,1662,846,816
050,37,085,"North Carolina","Harnett County",1,56,1616,823,793
050,37,085,"North Carolina","Harnett County",1,57,1538,746,792
050,37,085,"North Carolina","Harnett County",1,58,1502,749,753
050,37,085,"North Carolina","Harnett County",1,59,1538,773,765
050,37,085,"North Carolina","Harnett County",1,60,1512,768,744
050,37,085,"North Carolina","Harnett County",1,61,1460,725,735
050,37,085,"North Carolina","Harnett County",1,62,1459,725,734
050,37,085,"North Carolina","Harnett County",1,63,1371,635,736
050,37,085,"North Carolina","Harnett County",1,64,1326,666,660
050,37,085,"North Carolina","Harnett County",1,65,1298,603,695
050,37,085,"North Carolina","Harnett County",1,66,1246,558,688
050,37,085,"North Carolina","Harnett County",1,67,1212,558,654
050,37,085,"North Carolina","Harnett County",1,68,1142,544,598
050,37,085,"North Carolina","Harnett County",1,69,1074,498,576
050,37,085,"North Carolina","Harnett County",1,70,1057,488,569
050,37,085,"North Carolina","Harnett County",1,71,1024,477,547
050,37,085,"North Carolina","Harnett County",1,72,1006,442,564
050,37,085,"North Carolina","Harnett County",1,73,1024,449,575
050,37,085,"North Carolina","Harnett County",1,74,702,297,405
050,37,085,"North Carolina","Harnett County",1,75,681,306,375
050,37,085,"North Carolina","Harnett County",1,76,670,304,366
050,37,085,"North Carolina","Harnett County",1,77,670,290,380
050,37,085,"North Carolina","Harnett County",1,78,578,246,332
050,37,085,"North Carolina","Harnett County",1,79,519,217,302
050,37,085,"North Carolina","Harnett County",1,80,462,197,265
050,37,085,"North Carolina","Harnett County",1,81,431,193,238
050,37,085,"North Carolina","Harnett County",1,82,398,154,244
050,37,085,"North Carolina","Harnett County",1,83,341,137,204
050,37,085,"North Carolina","Harnett County",1,84,347,142,205
050,37,085,"North Carolina","Harnett County",1,85,1574,493,1081
050,37,085,"North Carolina","Harnett County",2,0,1787,918,869
050,37,085,"North Carolina","Harnett County",2,1,1833,959,874
050,37,085,"North Carolina","Harnett County",2,2,1890,970,920
050,37,085,"North Carolina","Harnett County",2,3,1920,986,934
050,37,085,"North Carolina","Harnett County",2,4,1970,1022,948
050,37,085,"North Carolina","Harnett County",2,5,2011,1053,958
050,37,085,"North Carolina","Harnett County",2,6,1975,1028,947
050,37,085,"North Carolina","Harnett County",2,7,1920,993,927
050,37,085,"North Carolina","Harnett County",2,8,1929,979,950
050,37,085,"North Carolina","Harnett County",2,9,1945,983,962
050,37,085,"North Carolina","Harnett County",2,10,1939,985,954
050,37,085,"North Carolina","Harnett County",2,11,1991,1010,981
050,37,085,"North Carolina","Harnett County",2,12,2033,1013,1020
050,37,085,"North Carolina","Harnett County",2,13,2012,1009,1003
050,37,085,"North Carolina","Harnett County",2,14,1939,1003,936
050,37,085,"North Carolina","Harnett County",2,15,1856,944,912
050,37,085,"North Carolina","Harnett County",2,16,1804,907,897
050,37,085,"North Carolina","Harnett County",2,17,1748,887,861
050,37,085,"North Carolina","Harnett County",2,18,1719,865,854
050,37,085,"North Carolina","Harnett County",2,19,1767,880,887
050,37,085,"North Carolina","Harnett County",2,20,1666,812,854
050,37,085,"North Carolina","Harnett County",2,21,1568,785,783
050,37,085,"North Carolina","Harnett County",2,22,1527,778,749
050,37,085,"North Carolina","Harnett County",2,23,1519,760,759
050,37,085,"North Carolina","Harnett County",2,24,1588,796,792
050,37,085,"North Carolina","Harnett County",2,25,1667,832,835
050,37,085,"North Carolina","Harnett County",2,26,1867,932,935
050,37,085,"North Carolina","Harnett County",2,27,1996,989,1007
050,37,085,"North Carolina","Harnett County",2,28,2089,1060,1029
050,37,085,"North Carolina","Harnett County",2,29,2137,1077,1060
050,37,085,"North Carolina","Harnett County",2,30,2217,1108,1109
050,37,085,"North Carolina","Harnett County",2,31,2150,1084,1066
050,37,085,"North Carolina","Harnett County",2,32,2113,1088,1025
050,37,085,"North Carolina","Harnett County",2,33,2126,1106,1020
050,37,085,"North Carolina","Harnett County",2,34,2090,1070,1020
050,37,085,"North Carolina","Harnett County",2,35,2055,1049,1006
050,37,085,"North Carolina","Harnett County",2,36,2043,1062,981
050,37,085,"North Carolina","Harnett County",2,37,2092,1068,1024
050,37,085,"North Carolina","Harnett County",2,38,2030,1037,993
050,37,085,"North Carolina","Harnett County",2,39,1930,974,956
050,37,085,"North Carolina","Harnett County",2,40,1861,960,901
050,37,085,"North Carolina","Harnett County",2,41,1711,894,817
050,37,085,"North Carolina","Harnett County",2,42,1659,855,804
050,37,085,"North Carolina","Harnett County",2,43,1631,813,818
050,37,085,"North Carolina","Harnett County",2,44,1559,782,777
050,37,085,"North Carolina","Harnett County",2,45,1611,801,810
050,37,085,"North Carolina","Harnett County",2,46,1601,798,803
050,37,085,"North Carolina","Harnett County",2,47,1607,808,799
050,37,085,"North Carolina","Harnett County",2,48,1691,861,830
050,37,085,"North Carolina","Harnett County",2,49,1718,883,835
050,37,085,"North Carolina","Harnett County",2,50,1679,867,812
050,37,085,"North Carolina","Harnett County",2,51,1624,845,779
050,37,085,"North Carolina","Harnett County",2,52,1539,769,770
050,37,085,"North Carolina","Harnett County",2,53,1552,791,761
050,37,085,"North Carolina","Harnett County",2,54,1606,817,789
050,37,085,"North Carolina","Harnett County",2,55,1653,838,815
050,37,085,"North Carolina","Harnett County",2,56,1633,831,802
050,37,085,"North Carolina","Harnett County",2,57,1549,761,788
050,37,085,"North Carolina","Harnett County",2,58,1512,749,763
050,37,085,"North Carolina","Harnett County",2,59,1535,774,761
050,37,085,"North Carolina","Harnett County",2,60,1509,765,744
050,37,085,"North Carolina","Harnett County",2,61,1466,733,733
050,37,085,"North Carolina","Harnett County",2,62,1448,716,732
050,37,085,"North Carolina","Harnett County",2,63,1403,658,745
050,37,085,"North Carolina","Harnett County",2,64,1328,652,676
050,37,085,"North Carolina","Harnett County",2,65,1306,618,688
050,37,085,"North Carolina","Harnett County",2,66,1262,567,695
050,37,085,"North Carolina","Harnett County",2,67,1211,553,658
050,37,085,"North Carolina","Harnett County",2,68,1150,540,610
050,37,085,"North Carolina","Harnett County",2,69,1095,507,588
050,37,085,"North Carolina","Harnett County",2,70,1058,489,569
050,37,085,"North Carolina","Harnett County",2,71,1029,480,549
050,37,085,"North Carolina","Harnett County",2,72,986,437,549
050,37,085,"North Carolina","Harnett County",2,73,1062,464,598
050,37,085,"North Carolina","Harnett County",2,74,737,314,423
050,37,085,"North Carolina","Harnett County",2,75,689,303,386
050,37,085,"North Carolina","Harnett County",2,76,658,299,359
050,37,085,"North Carolina","Harnett County",2,77,684,299,385
050,37,085,"North Carolina","Harnett County",2,78,578,249,329
050,37,085,"North Carolina","Harnett County",2,79,518,216,302
050,37,085,"North Carolina","Harnett County",2,80,470,198,272
050,37,085,"North Carolina","Harnett County",2,81,432,191,241
050,37,085,"North Carolina","Harnett County",2,82,407,160,247
050,37,085,"North Carolina","Harnett County",2,83,338,134,204
050,37,085,"North Carolina","Harnett County",2,84,348,141,207
050,37,085,"North Carolina","Harnett County",2,85,1596,505,1091
050,37,085,"North Carolina","Harnett County",3,0,1809,950,859
050,37,085,"North Carolina","Harnett County",3,1,1905,993,912
050,37,085,"North Carolina","Harnett County",3,2,1892,996,896
050,37,085,"North Carolina","Harnett County",3,3,1947,1002,945
050,37,085,"North Carolina","Harnett County",3,4,1955,986,969
050,37,085,"North Carolina","Harnett County",3,5,2006,1048,958
050,37,085,"North Carolina","Harnett County",3,6,2038,1065,973
050,37,085,"North Carolina","Harnett County",3,7,1972,1006,966
050,37,085,"North Carolina","Harnett County",3,8,1919,990,929
050,37,085,"North Carolina","Harnett County",3,9,1920,982,938
050,37,085,"North Carolina","Harnett County",3,10,1919,972,947
050,37,085,"North Carolina","Harnett County",3,11,1936,990,946
050,37,085,"North Carolina","Harnett County",3,12,2001,1010,991
050,37,085,"North Carolina","Harnett County",3,13,2033,1031,1002
050,37,085,"North Carolina","Harnett County",3,14,1987,995,992
050,37,085,"North Carolina","Harnett County",3,15,1890,958,932
050,37,085,"North Carolina","Harnett County",3,16,1822,920,902
050,37,085,"North Carolina","Harnett County",3,17,1797,903,894
050,37,085,"North Carolina","Harnett County",3,18,1762,880,882
050,37,085,"North Carolina","Harnett County",3,19,1679,824,855
050,37,085,"North Carolina","Harnett County",3,20,1692,849,843
050,37,085,"North Carolina","Harnett County",3,21,1637,790,847
050,37,085,"North Carolina","Harnett County",3,22,1587,788,799
050,37,085,"North Carolina","Harnett County",3,23,1580,782,798
050,37,085,"North Carolina","Harnett County",3,24,1636,794,842
050,37,085,"North Carolina","Harnett County",3,25,1682,857,825
050,37,085,"North Carolina","Harnett County",3,26,1836,938,898
050,37,085,"North Carolina","Harnett County",3,27,1993,982,1011
050,37,085,"North Carolina","Harnett County",3,28,2119,1095,1024
050,37,085,"North Carolina","Harnett County",3,29,2164,1097,1067
050,37,085,"North Carolina","Harnett County",3,30,2258,1117,1141
050,37,085,"North Carolina","Harnett County",3,31,2231,1147,1084
050,37,085,"North Carolina","Harnett County",3,32,2158,1073,1085
050,37,085,"North Carolina","Harnett County",3,33,2142,1103,1039
050,37,085,"North Carolina","Harnett County",3,34,2108,1102,1006
050,37,085,"North Carolina","Harnett County",3,35,2055,1025,1030
050,37,085,"North Carolina","Harnett County",3,36,2017,1030,987
050,37,085,"North Carolina","Harnett County",3,37,2032,1052,980
050,37,085,"North Carolina","Harnett County",3,38,2073,1038,1035
050,37,085,"North Carolina","Harnett County",3,39,1996,1007,989
050,37,085,"North Carolina","Harnett County",3,40,1910,953,957
050,37,085,"North Carolina","Harnett County",3,41,1810,917,893
050,37,085,"North Carolina","Harnett County",3,42,1694,896,798
050,37,085,"North Carolina","Harnett County",3,43,1671,839,832
050,37,085,"North Carolina","Harnett County",3,44,1636,804,832
050,37,085,"North Carolina","Harnett County",3,45,1523,749,774
050,37,085,"North Carolina","Harnett County",3,46,1599,777,822
050,37,085,"North Carolina","Harnett County",3,47,1609,785,824
050,37,085,"North Carolina","Harnett County",3,48,1617,818,799
050,37,085,"North Carolina","Harnett County",3,49,1687,840,847
050,37,085,"North Carolina","Harnett County",3,50,1700,850,850
050,37,085,"North Carolina","Harnett County",3,51,1689,872,817
050,37,085,"North Carolina","Harnett County",3,52,1612,823,789
050,37,085,"North Carolina","Harnett County",3,53,1572,789,783
050,37,085,"North Carolina","Harnett County",3,54,1539,777,762
050,37,085,"North Carolina","Harnett County",3,55,1593,808,785
050,37,085,"North Carolina","Harnett County",3,56,1658,836,822
050,37,085,"North Carolina","Harnett County",3,57,1618,820,798
050,37,085,"North Carolina","Harnett County",3,58,1591,775,816
050,37,085,"North Carolina","Harnett County",3,59,1520,753,767
050,37,085,"North Carolina","Harnett County",3,60,1528,765,763
050,37,085,"North Carolina","Harnett County",3,61,1498,765,733
050,37,085,"North Carolina","Harnett County",3,62,1487,738,749
050,37,085,"North Carolina","Harnett County",3,63,1421,699,722
050,37,085,"North Carolina","Harnett County",3,64,1403,666,737
050,37,085,"North Carolina","Harnett County",3,65,1302,629,673
050,37,085,"North Carolina","Harnett County",3,66,1289,611,678
050,37,085,"North Carolina","Harnett County",3,67,1235,554,681
050,37,085,"North Carolina","Harnett County",3,68,1200,541,659
050,37,085,"North Carolina","Harnett County",3,69,1144,529,615
050,37,085,"North Carolina","Harnett County",3,70,1072,495,577
050,37,085,"North Carolina","Harnett County",3,71,1043,487,556
050,37,085,"North Carolina","Harnett County",3,72,997,463,534
050,37,085,"North Carolina","Harnett County",3,73,988,432,556
050,37,085,"North Carolina","Harnett County",3,74,1055,467,588
050,37,085,"North Carolina","Harnett County",3,75,710,292,418
050,37,085,"North Carolina","Harnett County",3,76,647,287,360
050,37,085,"North Carolina","Harnett County",3,77,660,293,367
050,37,085,"North Carolina","Harnett County",3,78,648,287,361
050,37,085,"North Carolina","Harnett County",3,79,546,226,320
050,37,085,"North Carolina","Harnett County",3,80,482,199,283
050,37,085,"North Carolina","Harnett County",3,81,445,194,251
050,37,085,"North Carolina","Harnett County",3,82,412,169,243
050,37,085,"North Carolina","Harnett County",3,83,360,140,220
050,37,085,"North Carolina","Harnett County",3,84,333,122,211
050,37,085,"North Carolina","Harnett County",3,85,1648,547,1101
050,37,085,"North Carolina","Harnett County",4,0,1817,954,863
050,37,085,"North Carolina","Harnett County",4,1,1968,1046,922
050,37,085,"North Carolina","Harnett County",4,2,1986,1024,962
050,37,085,"North Carolina","Harnett County",4,3,1968,1036,932
050,37,085,"North Carolina","Harnett County",4,4,1983,979,1004
050,37,085,"North Carolina","Harnett County",4,5,2015,1043,972
050,37,085,"North Carolina","Harnett County",4,6,2025,1060,965
050,37,085,"North Carolina","Harnett County",4,7,2035,1073,962
050,37,085,"North Carolina","Harnett County",4,8,2045,1057,988
050,37,085,"North Carolina","Harnett County",4,9,1943,1001,942
050,37,085,"North Carolina","Harnett County",4,10,1910,972,938
050,37,085,"North Carolina","Harnett County",4,11,1964,989,975
050,37,085,"North Carolina","Harnett County",4,12,1971,1001,970
050,37,085,"North Carolina","Harnett County",4,13,2026,1022,1004
050,37,085,"North Carolina","Harnett County",4,14,2046,1051,995
050,37,085,"North Carolina","Harnett County",4,15,1999,1015,984
050,37,085,"North Carolina","Harnett County",4,16,1885,973,912
050,37,085,"North Carolina","Harnett County",4,17,1811,921,890
050,37,085,"North Carolina","Harnett County",4,18,1777,899,878
050,37,085,"North Carolina","Harnett County",4,19,1637,804,833
050,37,085,"North Carolina","Harnett County",4,20,1585,785,800
050,37,085,"North Carolina","Harnett County",4,21,1646,854,792
050,37,085,"North Carolina","Harnett County",4,22,1619,780,839
050,37,085,"North Carolina","Harnett County",4,23,1626,787,839
050,37,085,"North Carolina","Harnett County",4,24,1691,852,839
050,37,085,"North Carolina","Harnett County",4,25,1713,868,845
050,37,085,"North Carolina","Harnett County",4,26,1830,950,880
050,37,085,"North Carolina","Harnett County",4,27,1936,979,957
050,37,085,"North Carolina","Harnett County",4,28,2106,1067,1039
050,37,085,"North Carolina","Harnett County",4,29,2252,1122,1130
050,37,085,"North Carolina","Harnett County",4,30,2209,1110,1099
050,37,085,"North Carolina","Harnett County",4,31,2364,1162,1202
050,37,085,"North Carolina","Harnett County",4,32,2286,1178,1108
050,37,085,"North Carolina","Harnett County",4,33,2203,1095,1108
050,37,085,"North Carolina","Harnett County",4,34,2213,1141,1072
050,37,085,"North Carolina","Harnett County",4,35,2142,1116,1026
050,37,085,"North Carolina","Harnett County",4,36,2117,1055,1062
050,37,085,"North Carolina","Harnett County",4,37,2051,1049,1002
050,37,085,"North Carolina","Harnett County",4,38,2043,1070,973
050,37,085,"North Carolina","Harnett County",4,39,2046,991,1055
050,37,085,"North Carolina","Harnett County",4,40,1966,973,993
050,37,085,"North Carolina","Harnett County",4,41,1922,965,957
050,37,085,"North Carolina","Harnett County",4,42,1865,952,913
050,37,085,"North Carolina","Harnett County",4,43,1700,867,833
050,37,085,"North Carolina","Harnett County",4,44,1674,839,835
050,37,085,"North Carolina","Harnett County",4,45,1631,794,837
050,37,085,"North Carolina","Harnett County",4,46,1542,758,784
050,37,085,"North Carolina","Harnett County",4,47,1642,794,848
050,37,085,"North Carolina","Harnett County",4,48,1589,768,821
050,37,085,"North Carolina","Harnett County",4,49,1631,832,799
050,37,085,"North Carolina","Harnett County",4,50,1684,824,860
050,37,085,"North Carolina","Harnett County",4,51,1714,865,849
050,37,085,"North Carolina","Harnett County",4,52,1660,848,812
050,37,085,"North Carolina","Harnett County",4,53,1635,825,810
050,37,085,"North Carolina","Harnett County",4,54,1580,803,777
050,37,085,"North Carolina","Harnett County",4,55,1553,771,782
050,37,085,"North Carolina","Harnett County",4,56,1643,832,811
050,37,085,"North Carolina","Harnett County",4,57,1642,806,836
050,37,085,"North Carolina","Harnett County",4,58,1666,843,823
050,37,085,"North Carolina","Harnett County",4,59,1576,751,825
050,37,085,"North Carolina","Harnett County",4,60,1515,756,759
050,37,085,"North Carolina","Harnett County",4,61,1548,778,770
050,37,085,"North Carolina","Harnett County",4,62,1518,772,746
050,37,085,"North Carolina","Harnett County",4,63,1485,730,755
050,37,085,"North Carolina","Harnett County",4,64,1424,703,721
050,37,085,"North Carolina","Harnett County",4,65,1394,665,729
050,37,085,"North Carolina","Harnett County",4,66,1329,638,691
050,37,085,"North Carolina","Harnett County",4,67,1261,594,667
050,37,085,"North Carolina","Harnett County",4,68,1242,556,686
050,37,085,"North Carolina","Harnett County",4,69,1199,528,671
050,37,085,"North Carolina","Harnett County",4,70,1136,527,609
050,37,085,"North Carolina","Harnett County",4,71,1061,503,558
050,37,085,"North Carolina","Harnett County",4,72,1007,465,542
050,37,085,"North Carolina","Harnett County",4,73,993,445,548
050,37,085,"North Carolina","Harnett County",4,74,966,418,548
050,37,085,"North Carolina","Harnett County",4,75,1032,443,589
050,37,085,"North Carolina","Harnett County",4,76,685,291,394
050,37,085,"North Carolina","Harnett County",4,77,635,274,361
050,37,085,"North Carolina","Harnett County",4,78,621,278,343
050,37,085,"North Carolina","Harnett County",4,79,615,268,347
050,37,085,"North Carolina","Harnett County",4,80,520,213,307
050,37,085,"North Carolina","Harnett County",4,81,455,190,265
050,37,085,"North Carolina","Harnett County",4,82,421,169,252
050,37,085,"North Carolina","Harnett County",4,83,368,151,217
050,37,085,"North Carolina","Harnett County",4,84,346,130,216
050,37,085,"North Carolina","Harnett County",4,85,1698,557,1141
050,37,085,"North Carolina","Harnett County",5,0,1815,955,860
050,37,085,"North Carolina","Harnett County",5,1,1966,1012,954
050,37,085,"North Carolina","Harnett County",5,2,2026,1098,928
050,37,085,"North Carolina","Harnett County",5,3,2002,1017,985
050,37,085,"North Carolina","Harnett County",5,4,2016,1079,937
050,37,085,"North Carolina","Harnett County",5,5,2028,1014,1014
050,37,085,"North Carolina","Harnett County",5,6,1998,1019,979
050,37,085,"North Carolina","Harnett County",5,7,2061,1073,988
050,37,085,"North Carolina","Harnett County",5,8,2072,1104,968
050,37,085,"North Carolina","Harnett County",5,9,2043,1049,994
050,37,085,"North Carolina","Harnett County",5,10,1921,1004,917
050,37,085,"North Carolina","Harnett County",5,11,1950,994,956
050,37,085,"North Carolina","Harnett County",5,12,1967,1006,961
050,37,085,"North Carolina","Harnett County",5,13,1993,1003,990
050,37,085,"North Carolina","Harnett County",5,14,1994,1027,967
050,37,085,"North Carolina","Harnett County",5,15,1998,1018,980
050,37,085,"North Carolina","Harnett County",5,16,1990,1017,973
050,37,085,"North Carolina","Harnett County",5,17,1873,956,917
050,37,085,"North Carolina","Harnett County",5,18,1786,910,876
050,37,085,"North Carolina","Harnett County",5,19,1728,844,884
050,37,085,"North Carolina","Harnett County",5,20,1569,773,796
050,37,085,"North Carolina","Harnett County",5,21,1630,820,810
050,37,085,"North Carolina","Harnett County",5,22,1697,882,815
050,37,085,"North Carolina","Harnett County",5,23,1694,812,882
050,37,085,"North Carolina","Harnett County",5,24,1714,867,847
050,37,085,"North Carolina","Harnett County",5,25,1763,908,855
050,37,085,"North Carolina","Harnett County",5,26,1849,932,917
050,37,085,"North Carolina","Harnett County",5,27,1923,976,947
050,37,085,"North Carolina","Harnett County",5,28,2031,1035,996
050,37,085,"North Carolina","Harnett County",5,29,2202,1117,1085
050,37,085,"North Carolina","Harnett County",5,30,2303,1158,1145
050,37,085,"North Carolina","Harnett County",5,31,2261,1165,1096
050,37,085,"North Carolina","Harnett County",5,32,2372,1172,1200
050,37,085,"North Carolina","Harnett County",5,33,2365,1181,1184
050,37,085,"North Carolina","Harnett County",5,34,2308,1153,1155
050,37,085,"North Carolina","Harnett County",5,35,2276,1149,1127
050,37,085,"North Carolina","Harnett County",5,36,2240,1161,1079
050,37,085,"North Carolina","Harnett County",5,37,2172,1078,1094
050,37,085,"North Carolina","Harnett County",5,38,2100,1075,1025
050,37,085,"North Carolina","Harnett County",5,39,2063,1080,983
050,37,085,"North Carolina","Harnett County",5,40,2015,971,1044
050,37,085,"North Carolina","Harnett County",5,41,1959,977,982
050,37,085,"North Carolina","Harnett County",5,42,1917,956,961
050,37,085,"North Carolina","Harnett County",5,43,1890,954,936
050,37,085,"North Carolina","Harnett County",5,44,1703,860,843
050,37,085,"North Carolina","Harnett County",5,45,1706,851,855
050,37,085,"North Carolina","Harnett County",5,46,1610,791,819
050,37,085,"North Carolina","Harnett County",5,47,1586,783,803
050,37,085,"North Carolina","Harnett County",5,48,1652,811,841
050,37,085,"North Carolina","Harnett County",5,49,1598,763,835
050,37,085,"North Carolina","Harnett County",5,50,1613,821,792
050,37,085,"North Carolina","Harnett County",5,51,1699,846,853
050,37,085,"North Carolina","Harnett County",5,52,1704,842,862
050,37,085,"North Carolina","Harnett County",5,53,1648,850,798
050,37,085,"North Carolina","Harnett County",5,54,1668,835,833
050,37,085,"North Carolina","Harnett County",5,55,1598,794,804
050,37,085,"North Carolina","Harnett County",5,56,1600,794,806
050,37,085,"North Carolina","Harnett County",5,57,1635,838,797
050,37,085,"North Carolina","Harnett County",5,58,1682,831,851
050,37,085,"North Carolina","Harnett County",5,59,1683,855,828
050,37,085,"North Carolina","Harnett County",5,60,1585,751,834
050,37,085,"North Carolina","Harnett County",5,61,1527,758,769
050,37,085,"North Carolina","Harnett County",5,62,1582,787,795
050,37,085,"North Carolina","Harnett County",5,63,1521,768,753
050,37,085,"North Carolina","Harnett County",5,64,1475,718,757
050,37,085,"North Carolina","Harnett County",5,65,1437,704,733
050,37,085,"North Carolina","Harnett County",5,66,1397,663,734
050,37,085,"North Carolina","Harnett County",5,67,1324,637,687
050,37,085,"North Carolina","Harnett County",5,68,1272,593,679
050,37,085,"North Carolina","Harnett County",5,69,1243,547,696
050,37,085,"North Carolina","Harnett County",5,70,1195,523,672
050,37,085,"North Carolina","Harnett County",5,71,1131,524,607
050,37,085,"North Carolina","Harnett County",5,72,1029,485,544
050,37,085,"North Carolina","Harnett County",5,73,1014,460,554
050,37,085,"North Carolina","Harnett County",5,74,969,430,539
050,37,085,"North Carolina","Harnett County",5,75,936,394,542
050,37,085,"North Carolina","Harnett County",5,76,1009,445,564
050,37,085,"North Carolina","Harnett County",5,77,678,275,403
050,37,085,"North Carolina","Harnett County",5,78,584,256,328
050,37,085,"North Carolina","Harnett County",5,79,603,266,337
050,37,085,"North Carolina","Harnett County",5,80,589,251,338
050,37,085,"North Carolina","Harnett County",5,81,499,203,296
050,37,085,"North Carolina","Harnett County",5,82,436,172,264
050,37,085,"North Carolina","Harnett County",5,83,383,157,226
050,37,085,"North Carolina","Harnett County",5,84,353,137,216
050,37,085,"North Carolina","Harnett County",5,85,1781,596,1185
050,37,087,"North Carolina","Haywood County",1,0,521,267,254
050,37,087,"North Carolina","Haywood County",1,1,529,266,263
050,37,087,"North Carolina","Haywood County",1,2,617,323,294
050,37,087,"North Carolina","Haywood County",1,3,642,370,272
050,37,087,"North Carolina","Haywood County",1,4,594,334,260
050,37,087,"North Carolina","Haywood County",1,5,602,331,271
050,37,087,"North Carolina","Haywood County",1,6,591,291,300
050,37,087,"North Carolina","Haywood County",1,7,636,324,312
050,37,087,"North Carolina","Haywood County",1,8,661,356,305
050,37,087,"North Carolina","Haywood County",1,9,595,303,292
050,37,087,"North Carolina","Haywood County",1,10,593,300,293
050,37,087,"North Carolina","Haywood County",1,11,628,315,313
050,37,087,"North Carolina","Haywood County",1,12,693,371,322
050,37,087,"North Carolina","Haywood County",1,13,684,352,332
050,37,087,"North Carolina","Haywood County",1,14,663,356,307
050,37,087,"North Carolina","Haywood County",1,15,664,355,309
050,37,087,"North Carolina","Haywood County",1,16,692,359,333
050,37,087,"North Carolina","Haywood County",1,17,720,365,355
050,37,087,"North Carolina","Haywood County",1,18,588,312,276
050,37,087,"North Carolina","Haywood County",1,19,476,261,215
050,37,087,"North Carolina","Haywood County",1,20,518,277,241
050,37,087,"North Carolina","Haywood County",1,21,564,294,270
050,37,087,"North Carolina","Haywood County",1,22,552,281,271
050,37,087,"North Carolina","Haywood County",1,23,598,302,296
050,37,087,"North Carolina","Haywood County",1,24,614,306,308
050,37,087,"North Carolina","Haywood County",1,25,635,311,324
050,37,087,"North Carolina","Haywood County",1,26,696,363,333
050,37,087,"North Carolina","Haywood County",1,27,713,366,347
050,37,087,"North Carolina","Haywood County",1,28,768,387,381
050,37,087,"North Carolina","Haywood County",1,29,735,366,369
050,37,087,"North Carolina","Haywood County",1,30,700,361,339
050,37,087,"North Carolina","Haywood County",1,31,742,386,356
050,37,087,"North Carolina","Haywood County",1,32,730,358,372
050,37,087,"North Carolina","Haywood County",1,33,724,351,373
050,37,087,"North Carolina","Haywood County",1,34,684,336,348
050,37,087,"North Carolina","Haywood County",1,35,675,322,353
050,37,087,"North Carolina","Haywood County",1,36,669,316,353
050,37,087,"North Carolina","Haywood County",1,37,685,324,361
050,37,087,"North Carolina","Haywood County",1,38,655,334,321
050,37,087,"North Carolina","Haywood County",1,39,682,340,342
050,37,087,"North Carolina","Haywood County",1,40,672,319,353
050,37,087,"North Carolina","Haywood County",1,41,698,347,351
050,37,087,"North Carolina","Haywood County",1,42,675,335,340
050,37,087,"North Carolina","Haywood County",1,43,694,339,355
050,37,087,"North Carolina","Haywood County",1,44,694,336,358
050,37,087,"North Carolina","Haywood County",1,45,736,380,356
050,37,087,"North Carolina","Haywood County",1,46,697,361,336
050,37,087,"North Carolina","Haywood County",1,47,738,369,369
050,37,087,"North Carolina","Haywood County",1,48,826,402,424
050,37,087,"North Carolina","Haywood County",1,49,846,415,431
050,37,087,"North Carolina","Haywood County",1,50,819,408,411
050,37,087,"North Carolina","Haywood County",1,51,808,384,424
050,37,087,"North Carolina","Haywood County",1,52,807,393,414
050,37,087,"North Carolina","Haywood County",1,53,822,392,430
050,37,087,"North Carolina","Haywood County",1,54,845,422,423
050,37,087,"North Carolina","Haywood County",1,55,940,460,480
050,37,087,"North Carolina","Haywood County",1,56,952,449,503
050,37,087,"North Carolina","Haywood County",1,57,935,447,488
050,37,087,"North Carolina","Haywood County",1,58,947,458,489
050,37,087,"North Carolina","Haywood County",1,59,965,457,508
050,37,087,"North Carolina","Haywood County",1,60,946,439,507
050,37,087,"North Carolina","Haywood County",1,61,973,427,546
050,37,087,"North Carolina","Haywood County",1,62,1032,472,560
050,37,087,"North Carolina","Haywood County",1,63,945,445,500
050,37,087,"North Carolina","Haywood County",1,64,927,439,488
050,37,087,"North Carolina","Haywood County",1,65,955,448,507
050,37,087,"North Carolina","Haywood County",1,66,938,449,489
050,37,087,"North Carolina","Haywood County",1,67,910,437,473
050,37,087,"North Carolina","Haywood County",1,68,959,442,517
050,37,087,"North Carolina","Haywood County",1,69,897,419,478
050,37,087,"North Carolina","Haywood County",1,70,889,430,459
050,37,087,"North Carolina","Haywood County",1,71,892,430,462
050,37,087,"North Carolina","Haywood County",1,72,919,416,503
050,37,087,"North Carolina","Haywood County",1,73,938,435,503
050,37,087,"North Carolina","Haywood County",1,74,666,307,359
050,37,087,"North Carolina","Haywood County",1,75,659,307,352
050,37,087,"North Carolina","Haywood County",1,76,635,307,328
050,37,087,"North Carolina","Haywood County",1,77,605,287,318
050,37,087,"North Carolina","Haywood County",1,78,537,242,295
050,37,087,"North Carolina","Haywood County",1,79,493,227,266
050,37,087,"North Carolina","Haywood County",1,80,433,197,236
050,37,087,"North Carolina","Haywood County",1,81,413,184,229
050,37,087,"North Carolina","Haywood County",1,82,384,159,225
050,37,087,"North Carolina","Haywood County",1,83,349,142,207
050,37,087,"North Carolina","Haywood County",1,84,304,125,179
050,37,087,"North Carolina","Haywood County",1,85,1646,582,1064
050,37,087,"North Carolina","Haywood County",2,0,518,263,255
050,37,087,"North Carolina","Haywood County",2,1,524,265,259
050,37,087,"North Carolina","Haywood County",2,2,598,311,287
050,37,087,"North Carolina","Haywood County",2,3,634,357,277
050,37,087,"North Carolina","Haywood County",2,4,608,344,264
050,37,087,"North Carolina","Haywood County",2,5,600,330,270
050,37,087,"North Carolina","Haywood County",2,6,598,302,296
050,37,087,"North Carolina","Haywood County",2,7,626,316,310
050,37,087,"North Carolina","Haywood County",2,8,653,346,307
050,37,087,"North Carolina","Haywood County",2,9,608,314,294
050,37,087,"North Carolina","Haywood County",2,10,592,299,293
050,37,087,"North Carolina","Haywood County",2,11,619,311,308
050,37,087,"North Carolina","Haywood County",2,12,682,360,322
050,37,087,"North Carolina","Haywood County",2,13,685,356,329
050,37,087,"North Carolina","Haywood County",2,14,672,359,313
050,37,087,"North Carolina","Haywood County",2,15,667,358,309
050,37,087,"North Carolina","Haywood County",2,16,687,357,330
050,37,087,"North Carolina","Haywood County",2,17,714,362,352
050,37,087,"North Carolina","Haywood County",2,18,593,313,280
050,37,087,"North Carolina","Haywood County",2,19,479,260,219
050,37,087,"North Carolina","Haywood County",2,20,525,280,245
050,37,087,"North Carolina","Haywood County",2,21,557,291,266
050,37,087,"North Carolina","Haywood County",2,22,567,290,277
050,37,087,"North Carolina","Haywood County",2,23,595,300,295
050,37,087,"North Carolina","Haywood County",2,24,611,304,307
050,37,087,"North Carolina","Haywood County",2,25,639,314,325
050,37,087,"North Carolina","Haywood County",2,26,689,356,333
050,37,087,"North Carolina","Haywood County",2,27,717,368,349
050,37,087,"North Carolina","Haywood County",2,28,761,382,379
050,37,087,"North Carolina","Haywood County",2,29,749,375,374
050,37,087,"North Carolina","Haywood County",2,30,719,369,350
050,37,087,"North Carolina","Haywood County",2,31,732,380,352
050,37,087,"North Carolina","Haywood County",2,32,735,366,369
050,37,087,"North Carolina","Haywood County",2,33,723,352,371
050,37,087,"North Carolina","Haywood County",2,34,697,342,355
050,37,087,"North Carolina","Haywood County",2,35,681,327,354
050,37,087,"North Carolina","Haywood County",2,36,668,316,352
050,37,087,"North Carolina","Haywood County",2,37,681,322,359
050,37,087,"North Carolina","Haywood County",2,38,665,334,331
050,37,087,"North Carolina","Haywood County",2,39,673,339,334
050,37,087,"North Carolina","Haywood County",2,40,677,327,350
050,37,087,"North Carolina","Haywood County",2,41,697,342,355
050,37,087,"North Carolina","Haywood County",2,42,676,337,339
050,37,087,"North Carolina","Haywood County",2,43,699,343,356
050,37,087,"North Carolina","Haywood County",2,44,694,339,355
050,37,087,"North Carolina","Haywood County",2,45,734,374,360
050,37,087,"North Carolina","Haywood County",2,46,703,363,340
050,37,087,"North Carolina","Haywood County",2,47,731,367,364
050,37,087,"North Carolina","Haywood County",2,48,810,397,413
050,37,087,"North Carolina","Haywood County",2,49,844,413,431
050,37,087,"North Carolina","Haywood County",2,50,829,411,418
050,37,087,"North Carolina","Haywood County",2,51,814,392,422
050,37,087,"North Carolina","Haywood County",2,52,807,391,416
050,37,087,"North Carolina","Haywood County",2,53,820,393,427
050,37,087,"North Carolina","Haywood County",2,54,846,418,428
050,37,087,"North Carolina","Haywood County",2,55,923,453,470
050,37,087,"North Carolina","Haywood County",2,56,955,454,501
050,37,087,"North Carolina","Haywood County",2,57,945,449,496
050,37,087,"North Carolina","Haywood County",2,58,947,456,491
050,37,087,"North Carolina","Haywood County",2,59,966,460,506
050,37,087,"North Carolina","Haywood County",2,60,951,444,507
050,37,087,"North Carolina","Haywood County",2,61,969,431,538
050,37,087,"North Carolina","Haywood County",2,62,1020,462,558
050,37,087,"North Carolina","Haywood County",2,63,977,459,518
050,37,087,"North Carolina","Haywood County",2,64,932,442,490
050,37,087,"North Carolina","Haywood County",2,65,948,448,500
050,37,087,"North Carolina","Haywood County",2,66,946,451,495
050,37,087,"North Carolina","Haywood County",2,67,916,438,478
050,37,087,"North Carolina","Haywood County",2,68,941,440,501
050,37,087,"North Carolina","Haywood County",2,69,923,431,492
050,37,087,"North Carolina","Haywood County",2,70,892,427,465
050,37,087,"North Carolina","Haywood County",2,71,892,433,459
050,37,087,"North Carolina","Haywood County",2,72,894,408,486
050,37,087,"North Carolina","Haywood County",2,73,978,454,524
050,37,087,"North Carolina","Haywood County",2,74,678,309,369
050,37,087,"North Carolina","Haywood County",2,75,660,309,351
050,37,087,"North Carolina","Haywood County",2,76,636,306,330
050,37,087,"North Carolina","Haywood County",2,77,620,298,322
050,37,087,"North Carolina","Haywood County",2,78,535,242,293
050,37,087,"North Carolina","Haywood County",2,79,497,227,270
050,37,087,"North Carolina","Haywood County",2,80,436,200,236
050,37,087,"North Carolina","Haywood County",2,81,413,186,227
050,37,087,"North Carolina","Haywood County",2,82,389,161,228
050,37,087,"North Carolina","Haywood County",2,83,345,139,206
050,37,087,"North Carolina","Haywood County",2,84,308,126,182
050,37,087,"North Carolina","Haywood County",2,85,1664,591,1073
050,37,087,"North Carolina","Haywood County",3,0,503,252,251
050,37,087,"North Carolina","Haywood County",3,1,491,242,249
050,37,087,"North Carolina","Haywood County",3,2,527,264,263
050,37,087,"North Carolina","Haywood County",3,3,606,318,288
050,37,087,"North Carolina","Haywood County",3,4,646,357,289
050,37,087,"North Carolina","Haywood County",3,5,608,345,263
050,37,087,"North Carolina","Haywood County",3,6,602,324,278
050,37,087,"North Carolina","Haywood County",3,7,628,312,316
050,37,087,"North Carolina","Haywood County",3,8,630,316,314
050,37,087,"North Carolina","Haywood County",3,9,652,345,307
050,37,087,"North Carolina","Haywood County",3,10,621,320,301
050,37,087,"North Carolina","Haywood County",3,11,599,301,298
050,37,087,"North Carolina","Haywood County",3,12,652,331,321
050,37,087,"North Carolina","Haywood County",3,13,687,360,327
050,37,087,"North Carolina","Haywood County",3,14,684,363,321
050,37,087,"North Carolina","Haywood County",3,15,670,354,316
050,37,087,"North Carolina","Haywood County",3,16,665,355,310
050,37,087,"North Carolina","Haywood County",3,17,697,367,330
050,37,087,"North Carolina","Haywood County",3,18,602,312,290
050,37,087,"North Carolina","Haywood County",3,19,481,258,223
050,37,087,"North Carolina","Haywood County",3,20,525,278,247
050,37,087,"North Carolina","Haywood County",3,21,574,303,271
050,37,087,"North Carolina","Haywood County",3,22,595,312,283
050,37,087,"North Carolina","Haywood County",3,23,597,296,301
050,37,087,"North Carolina","Haywood County",3,24,619,303,316
050,37,087,"North Carolina","Haywood County",3,25,634,322,312
050,37,087,"North Carolina","Haywood County",3,26,674,338,336
050,37,087,"North Carolina","Haywood County",3,27,693,364,329
050,37,087,"North Carolina","Haywood County",3,28,719,366,353
050,37,087,"North Carolina","Haywood County",3,29,778,379,399
050,37,087,"North Carolina","Haywood County",3,30,759,376,383
050,37,087,"North Carolina","Haywood County",3,31,754,391,363
050,37,087,"North Carolina","Haywood County",3,32,771,391,380
050,37,087,"North Carolina","Haywood County",3,33,774,381,393
050,37,087,"North Carolina","Haywood County",3,34,767,375,392
050,37,087,"North Carolina","Haywood County",3,35,690,335,355
050,37,087,"North Carolina","Haywood County",3,36,700,347,353
050,37,087,"North Carolina","Haywood County",3,37,685,322,363
050,37,087,"North Carolina","Haywood County",3,38,694,330,364
050,37,087,"North Carolina","Haywood County",3,39,676,345,331
050,37,087,"North Carolina","Haywood County",3,40,681,341,340
050,37,087,"North Carolina","Haywood County",3,41,697,338,359
050,37,087,"North Carolina","Haywood County",3,42,685,341,344
050,37,087,"North Carolina","Haywood County",3,43,679,343,336
050,37,087,"North Carolina","Haywood County",3,44,710,345,365
050,37,087,"North Carolina","Haywood County",3,45,700,340,360
050,37,087,"North Carolina","Haywood County",3,46,747,386,361
050,37,087,"North Carolina","Haywood County",3,47,711,355,356
050,37,087,"North Carolina","Haywood County",3,48,748,384,364
050,37,087,"North Carolina","Haywood County",3,49,804,391,413
050,37,087,"North Carolina","Haywood County",3,50,845,409,436
050,37,087,"North Carolina","Haywood County",3,51,838,408,430
050,37,087,"North Carolina","Haywood County",3,52,822,396,426
050,37,087,"North Carolina","Haywood County",3,53,807,391,416
050,37,087,"North Carolina","Haywood County",3,54,832,411,421
050,37,087,"North Carolina","Haywood County",3,55,850,416,434
050,37,087,"North Carolina","Haywood County",3,56,932,464,468
050,37,087,"North Carolina","Haywood County",3,57,955,448,507
050,37,087,"North Carolina","Haywood County",3,58,978,461,517
050,37,087,"North Carolina","Haywood County",3,59,956,453,503
050,37,087,"North Carolina","Haywood County",3,60,978,469,509
050,37,087,"North Carolina","Haywood County",3,61,982,455,527
050,37,087,"North Carolina","Haywood County",3,62,976,436,540
050,37,087,"North Carolina","Haywood County",3,63,1029,466,563
050,37,087,"North Carolina","Haywood County",3,64,987,462,525
050,37,087,"North Carolina","Haywood County",3,65,948,441,507
050,37,087,"North Carolina","Haywood County",3,66,962,456,506
050,37,087,"North Carolina","Haywood County",3,67,948,451,497
050,37,087,"North Carolina","Haywood County",3,68,898,432,466
050,37,087,"North Carolina","Haywood County",3,69,940,435,505
050,37,087,"North Carolina","Haywood County",3,70,923,428,495
050,37,087,"North Carolina","Haywood County",3,71,868,418,450
050,37,087,"North Carolina","Haywood County",3,72,871,414,457
050,37,087,"North Carolina","Haywood County",3,73,856,393,463
050,37,087,"North Carolina","Haywood County",3,74,940,436,504
050,37,087,"North Carolina","Haywood County",3,75,645,293,352
050,37,087,"North Carolina","Haywood County",3,76,647,303,344
050,37,087,"North Carolina","Haywood County",3,77,610,286,324
050,37,087,"North Carolina","Haywood County",3,78,589,280,309
050,37,087,"North Carolina","Haywood County",3,79,507,225,282
050,37,087,"North Carolina","Haywood County",3,80,447,200,247
050,37,087,"North Carolina","Haywood County",3,81,401,182,219
050,37,087,"North Carolina","Haywood County",3,82,383,167,216
050,37,087,"North Carolina","Haywood County",3,83,337,140,197
050,37,087,"North Carolina","Haywood County",3,84,317,121,196
050,37,087,"North Carolina","Haywood County",3,85,1627,598,1029
050,37,087,"North Carolina","Haywood County",4,0,523,283,240
050,37,087,"North Carolina","Haywood County",4,1,521,270,251
050,37,087,"North Carolina","Haywood County",4,2,502,247,255
050,37,087,"North Carolina","Haywood County",4,3,521,274,247
050,37,087,"North Carolina","Haywood County",4,4,602,308,294
050,37,087,"North Carolina","Haywood County",4,5,646,360,286
050,37,087,"North Carolina","Haywood County",4,6,626,359,267
050,37,087,"North Carolina","Haywood County",4,7,594,317,277
050,37,087,"North Carolina","Haywood County",4,8,628,317,311
050,37,087,"North Carolina","Haywood County",4,9,642,326,316
050,37,087,"North Carolina","Haywood County",4,10,644,343,301
050,37,087,"North Carolina","Haywood County",4,11,608,311,297
050,37,087,"North Carolina","Haywood County",4,12,592,301,291
050,37,087,"North Carolina","Haywood County",4,13,648,332,316
050,37,087,"North Carolina","Haywood County",4,14,686,358,328
050,37,087,"North Carolina","Haywood County",4,15,678,352,326
050,37,087,"North Carolina","Haywood County",4,16,672,350,322
050,37,087,"North Carolina","Haywood County",4,17,660,347,313
050,37,087,"North Carolina","Haywood County",4,18,573,308,265
050,37,087,"North Carolina","Haywood County",4,19,470,239,231
050,37,087,"North Carolina","Haywood County",4,20,512,274,238
050,37,087,"North Carolina","Haywood County",4,21,549,288,261
050,37,087,"North Carolina","Haywood County",4,22,609,322,287
050,37,087,"North Carolina","Haywood County",4,23,633,319,314
050,37,087,"North Carolina","Haywood County",4,24,619,303,316
050,37,087,"North Carolina","Haywood County",4,25,621,318,303
050,37,087,"North Carolina","Haywood County",4,26,649,323,326
050,37,087,"North Carolina","Haywood County",4,27,669,326,343
050,37,087,"North Carolina","Haywood County",4,28,718,370,348
050,37,087,"North Carolina","Haywood County",4,29,752,377,375
050,37,087,"North Carolina","Haywood County",4,30,795,386,409
050,37,087,"North Carolina","Haywood County",4,31,774,390,384
050,37,087,"North Carolina","Haywood County",4,32,795,421,374
050,37,087,"North Carolina","Haywood County",4,33,777,394,383
050,37,087,"North Carolina","Haywood County",4,34,784,386,398
050,37,087,"North Carolina","Haywood County",4,35,742,357,385
050,37,087,"North Carolina","Haywood County",4,36,704,354,350
050,37,087,"North Carolina","Haywood County",4,37,716,355,361
050,37,087,"North Carolina","Haywood County",4,38,701,325,376
050,37,087,"North Carolina","Haywood County",4,39,699,341,358
050,37,087,"North Carolina","Haywood County",4,40,686,352,334
050,37,087,"North Carolina","Haywood County",4,41,706,347,359
050,37,087,"North Carolina","Haywood County",4,42,701,337,364
050,37,087,"North Carolina","Haywood County",4,43,686,349,337
050,37,087,"North Carolina","Haywood County",4,44,700,361,339
050,37,087,"North Carolina","Haywood County",4,45,712,344,368
050,37,087,"North Carolina","Haywood County",4,46,687,334,353
050,37,087,"North Carolina","Haywood County",4,47,744,375,369
050,37,087,"North Carolina","Haywood County",4,48,723,369,354
050,37,087,"North Carolina","Haywood County",4,49,750,388,362
050,37,087,"North Carolina","Haywood County",4,50,809,386,423
050,37,087,"North Carolina","Haywood County",4,51,855,409,446
050,37,087,"North Carolina","Haywood County",4,52,817,407,410
050,37,087,"North Carolina","Haywood County",4,53,824,403,421
050,37,087,"North Carolina","Haywood County",4,54,813,384,429
050,37,087,"North Carolina","Haywood County",4,55,849,418,431
050,37,087,"North Carolina","Haywood County",4,56,865,422,443
050,37,087,"North Carolina","Haywood County",4,57,927,463,464
050,37,087,"North Carolina","Haywood County",4,58,960,456,504
050,37,087,"North Carolina","Haywood County",4,59,989,467,522
050,37,087,"North Carolina","Haywood County",4,60,976,461,515
050,37,087,"North Carolina","Haywood County",4,61,1001,480,521
050,37,087,"North Carolina","Haywood County",4,62,975,448,527
050,37,087,"North Carolina","Haywood County",4,63,975,438,537
050,37,087,"North Carolina","Haywood County",4,64,1051,477,574
050,37,087,"North Carolina","Haywood County",4,65,991,463,528
050,37,087,"North Carolina","Haywood County",4,66,982,460,522
050,37,087,"North Carolina","Haywood County",4,67,966,455,511
050,37,087,"North Carolina","Haywood County",4,68,951,454,497
050,37,087,"North Carolina","Haywood County",4,69,875,417,458
050,37,087,"North Carolina","Haywood County",4,70,942,439,503
050,37,087,"North Carolina","Haywood County",4,71,906,419,487
050,37,087,"North Carolina","Haywood County",4,72,849,408,441
050,37,087,"North Carolina","Haywood County",4,73,843,394,449
050,37,087,"North Carolina","Haywood County",4,74,816,365,451
050,37,087,"North Carolina","Haywood County",4,75,904,419,485
050,37,087,"North Carolina","Haywood County",4,76,614,282,332
050,37,087,"North Carolina","Haywood County",4,77,617,286,331
050,37,087,"North Carolina","Haywood County",4,78,584,272,312
050,37,087,"North Carolina","Haywood County",4,79,556,257,299
050,37,087,"North Carolina","Haywood County",4,80,457,196,261
050,37,087,"North Carolina","Haywood County",4,81,414,181,233
050,37,087,"North Carolina","Haywood County",4,82,379,170,209
050,37,087,"North Carolina","Haywood County",4,83,340,154,186
050,37,087,"North Carolina","Haywood County",4,84,314,128,186
050,37,087,"North Carolina","Haywood County",4,85,1680,622,1058
050,37,087,"North Carolina","Haywood County",5,0,517,281,236
050,37,087,"North Carolina","Haywood County",5,1,525,293,232
050,37,087,"North Carolina","Haywood County",5,2,532,272,260
050,37,087,"North Carolina","Haywood County",5,3,511,257,254
050,37,087,"North Carolina","Haywood County",5,4,524,280,244
050,37,087,"North Carolina","Haywood County",5,5,619,321,298
050,37,087,"North Carolina","Haywood County",5,6,635,351,284
050,37,087,"North Carolina","Haywood County",5,7,623,360,263
050,37,087,"North Carolina","Haywood County",5,8,600,318,282
050,37,087,"North Carolina","Haywood County",5,9,610,318,292
050,37,087,"North Carolina","Haywood County",5,10,657,332,325
050,37,087,"North Carolina","Haywood County",5,11,639,347,292
050,37,087,"North Carolina","Haywood County",5,12,615,310,305
050,37,087,"North Carolina","Haywood County",5,13,595,309,286
050,37,087,"North Carolina","Haywood County",5,14,641,332,309
050,37,087,"North Carolina","Haywood County",5,15,688,362,326
050,37,087,"North Carolina","Haywood County",5,16,665,344,321
050,37,087,"North Carolina","Haywood County",5,17,668,349,319
050,37,087,"North Carolina","Haywood County",5,18,558,311,247
050,37,087,"North Carolina","Haywood County",5,19,481,262,219
050,37,087,"North Carolina","Haywood County",5,20,519,260,259
050,37,087,"North Carolina","Haywood County",5,21,555,292,263
050,37,087,"North Carolina","Haywood County",5,22,575,303,272
050,37,087,"North Carolina","Haywood County",5,23,635,323,312
050,37,087,"North Carolina","Haywood County",5,24,658,337,321
050,37,087,"North Carolina","Haywood County",5,25,620,303,317
050,37,087,"North Carolina","Haywood County",5,26,676,334,342
050,37,087,"North Carolina","Haywood County",5,27,668,327,341
050,37,087,"North Carolina","Haywood County",5,28,697,335,362
050,37,087,"North Carolina","Haywood County",5,29,727,374,353
050,37,087,"North Carolina","Haywood County",5,30,798,399,399
050,37,087,"North Carolina","Haywood County",5,31,819,399,420
050,37,087,"North Carolina","Haywood County",5,32,803,409,394
050,37,087,"North Carolina","Haywood County",5,33,806,419,387
050,37,087,"North Carolina","Haywood County",5,34,802,425,377
050,37,087,"North Carolina","Haywood County",5,35,778,371,407
050,37,087,"North Carolina","Haywood County",5,36,743,363,380
050,37,087,"North Carolina","Haywood County",5,37,709,360,349
050,37,087,"North Carolina","Haywood County",5,38,729,355,374
050,37,087,"North Carolina","Haywood County",5,39,702,331,371
050,37,087,"North Carolina","Haywood County",5,40,701,351,350
050,37,087,"North Carolina","Haywood County",5,41,712,365,347
050,37,087,"North Carolina","Haywood County",5,42,711,358,353
050,37,087,"North Carolina","Haywood County",5,43,704,337,367
050,37,087,"North Carolina","Haywood County",5,44,698,356,342
050,37,087,"North Carolina","Haywood County",5,45,709,364,345
050,37,087,"North Carolina","Haywood County",5,46,711,335,376
050,37,087,"North Carolina","Haywood County",5,47,695,324,371
050,37,087,"North Carolina","Haywood County",5,48,759,395,364
050,37,087,"North Carolina","Haywood County",5,49,712,356,356
050,37,087,"North Carolina","Haywood County",5,50,755,385,370
050,37,087,"North Carolina","Haywood County",5,51,835,403,432
050,37,087,"North Carolina","Haywood County",5,52,861,410,451
050,37,087,"North Carolina","Haywood County",5,53,830,410,420
050,37,087,"North Carolina","Haywood County",5,54,821,405,416
050,37,087,"North Carolina","Haywood County",5,55,819,381,438
050,37,087,"North Carolina","Haywood County",5,56,859,422,437
050,37,087,"North Carolina","Haywood County",5,57,875,432,443
050,37,087,"North Carolina","Haywood County",5,58,923,458,465
050,37,087,"North Carolina","Haywood County",5,59,971,465,506
050,37,087,"North Carolina","Haywood County",5,60,997,453,544
050,37,087,"North Carolina","Haywood County",5,61,979,462,517
050,37,087,"North Carolina","Haywood County",5,62,1018,477,541
050,37,087,"North Carolina","Haywood County",5,63,974,447,527
050,37,087,"North Carolina","Haywood County",5,64,998,451,547
050,37,087,"North Carolina","Haywood County",5,65,1053,485,568
050,37,087,"North Carolina","Haywood County",5,66,1020,476,544
050,37,087,"North Carolina","Haywood County",5,67,990,460,530
050,37,087,"North Carolina","Haywood County",5,68,964,453,511
050,37,087,"North Carolina","Haywood County",5,69,958,453,505
050,37,087,"North Carolina","Haywood County",5,70,868,414,454
050,37,087,"North Carolina","Haywood County",5,71,922,428,494
050,37,087,"North Carolina","Haywood County",5,72,899,412,487
050,37,087,"North Carolina","Haywood County",5,73,825,403,422
050,37,087,"North Carolina","Haywood County",5,74,824,382,442
050,37,087,"North Carolina","Haywood County",5,75,782,350,432
050,37,087,"North Carolina","Haywood County",5,76,868,399,469
050,37,087,"North Carolina","Haywood County",5,77,599,271,328
050,37,087,"North Carolina","Haywood County",5,78,587,267,320
050,37,087,"North Carolina","Haywood County",5,79,559,253,306
050,37,087,"North Carolina","Haywood County",5,80,499,230,269
050,37,087,"North Carolina","Haywood County",5,81,427,187,240
050,37,087,"North Carolina","Haywood County",5,82,391,163,228
050,37,087,"North Carolina","Haywood County",5,83,339,155,184
050,37,087,"North Carolina","Haywood County",5,84,317,140,177
050,37,087,"North Carolina","Haywood County",5,85,1729,647,1082
050,37,089,"North Carolina","Henderson County",1,0,1060,540,520
050,37,089,"North Carolina","Henderson County",1,1,1078,543,535
050,37,089,"North Carolina","Henderson County",1,2,1120,582,538
050,37,089,"North Carolina","Henderson County",1,3,1159,598,561
050,37,089,"North Carolina","Henderson County",1,4,1147,583,564
050,37,089,"North Carolina","Henderson County",1,5,1245,638,607
050,37,089,"North Carolina","Henderson County",1,6,1142,577,565
050,37,089,"North Carolina","Henderson County",1,7,1197,600,597
050,37,089,"North Carolina","Henderson County",1,8,1227,612,615
050,37,089,"North Carolina","Henderson County",1,9,1222,632,590
050,37,089,"North Carolina","Henderson County",1,10,1352,717,635
050,37,089,"North Carolina","Henderson County",1,11,1384,711,673
050,37,089,"North Carolina","Henderson County",1,12,1428,734,694
050,37,089,"North Carolina","Henderson County",1,13,1446,729,717
050,37,089,"North Carolina","Henderson County",1,14,1370,671,699
050,37,089,"North Carolina","Henderson County",1,15,1329,660,669
050,37,089,"North Carolina","Henderson County",1,16,1390,719,671
050,37,089,"North Carolina","Henderson County",1,17,1381,714,667
050,37,089,"North Carolina","Henderson County",1,18,1131,577,554
050,37,089,"North Carolina","Henderson County",1,19,971,518,453
050,37,089,"North Carolina","Henderson County",1,20,1001,535,466
050,37,089,"North Carolina","Henderson County",1,21,1016,522,494
050,37,089,"North Carolina","Henderson County",1,22,1047,521,526
050,37,089,"North Carolina","Henderson County",1,23,1074,537,537
050,37,089,"North Carolina","Henderson County",1,24,1123,545,578
050,37,089,"North Carolina","Henderson County",1,25,1130,557,573
050,37,089,"North Carolina","Henderson County",1,26,1143,560,583
050,37,089,"North Carolina","Henderson County",1,27,1174,605,569
050,37,089,"North Carolina","Henderson County",1,28,1181,579,602
050,37,089,"North Carolina","Henderson County",1,29,1295,630,665
050,37,089,"North Carolina","Henderson County",1,30,1296,640,656
050,37,089,"North Carolina","Henderson County",1,31,1214,597,617
050,37,089,"North Carolina","Henderson County",1,32,1228,602,626
050,37,089,"North Carolina","Henderson County",1,33,1265,602,663
050,37,089,"North Carolina","Henderson County",1,34,1257,606,651
050,37,089,"North Carolina","Henderson County",1,35,1293,637,656
050,37,089,"North Carolina","Henderson County",1,36,1309,641,668
050,37,089,"North Carolina","Henderson County",1,37,1314,667,647
050,37,089,"North Carolina","Henderson County",1,38,1284,650,634
050,37,089,"North Carolina","Henderson County",1,39,1296,645,651
050,37,089,"North Carolina","Henderson County",1,40,1315,661,654
050,37,089,"North Carolina","Henderson County",1,41,1329,654,675
050,37,089,"North Carolina","Henderson County",1,42,1336,626,710
050,37,089,"North Carolina","Henderson County",1,43,1361,669,692
050,37,089,"North Carolina","Henderson County",1,44,1318,652,666
050,37,089,"North Carolina","Henderson County",1,45,1285,629,656
050,37,089,"North Carolina","Henderson County",1,46,1310,642,668
050,37,089,"North Carolina","Henderson County",1,47,1370,685,685
050,37,089,"North Carolina","Henderson County",1,48,1490,745,745
050,37,089,"North Carolina","Henderson County",1,49,1555,774,781
050,37,089,"North Carolina","Henderson County",1,50,1483,754,729
050,37,089,"North Carolina","Henderson County",1,51,1582,826,756
050,37,089,"North Carolina","Henderson County",1,52,1480,756,724
050,37,089,"North Carolina","Henderson County",1,53,1514,773,741
050,37,089,"North Carolina","Henderson County",1,54,1460,719,741
050,37,089,"North Carolina","Henderson County",1,55,1563,745,818
050,37,089,"North Carolina","Henderson County",1,56,1610,755,855
050,37,089,"North Carolina","Henderson County",1,57,1613,759,854
050,37,089,"North Carolina","Henderson County",1,58,1690,800,890
050,37,089,"North Carolina","Henderson County",1,59,1668,798,870
050,37,089,"North Carolina","Henderson County",1,60,1673,780,893
050,37,089,"North Carolina","Henderson County",1,61,1707,786,921
050,37,089,"North Carolina","Henderson County",1,62,1792,835,957
050,37,089,"North Carolina","Henderson County",1,63,1786,850,936
050,37,089,"North Carolina","Henderson County",1,64,1805,861,944
050,37,089,"North Carolina","Henderson County",1,65,1732,820,912
050,37,089,"North Carolina","Henderson County",1,66,1775,811,964
050,37,089,"North Carolina","Henderson County",1,67,1803,832,971
050,37,089,"North Carolina","Henderson County",1,68,1813,821,992
050,37,089,"North Carolina","Henderson County",1,69,1694,758,936
050,37,089,"North Carolina","Henderson County",1,70,1677,744,933
050,37,089,"North Carolina","Henderson County",1,71,1712,788,924
050,37,089,"North Carolina","Henderson County",1,72,1749,800,949
050,37,089,"North Carolina","Henderson County",1,73,1761,838,923
050,37,089,"North Carolina","Henderson County",1,74,1214,560,654
050,37,089,"North Carolina","Henderson County",1,75,1262,545,717
050,37,089,"North Carolina","Henderson County",1,76,1284,580,704
050,37,089,"North Carolina","Henderson County",1,77,1267,576,691
050,37,089,"North Carolina","Henderson County",1,78,1091,499,592
050,37,089,"North Carolina","Henderson County",1,79,989,446,543
050,37,089,"North Carolina","Henderson County",1,80,852,394,458
050,37,089,"North Carolina","Henderson County",1,81,803,376,427
050,37,089,"North Carolina","Henderson County",1,82,664,292,372
050,37,089,"North Carolina","Henderson County",1,83,589,262,327
050,37,089,"North Carolina","Henderson County",1,84,581,248,333
050,37,089,"North Carolina","Henderson County",1,85,3184,1271,1913
050,37,089,"North Carolina","Henderson County",2,0,1047,533,514
050,37,089,"North Carolina","Henderson County",2,1,1072,542,530
050,37,089,"North Carolina","Henderson County",2,2,1118,577,541
050,37,089,"North Carolina","Henderson County",2,3,1145,589,556
050,37,089,"North Carolina","Henderson County",2,4,1157,589,568
050,37,089,"North Carolina","Henderson County",2,5,1219,624,595
050,37,089,"North Carolina","Henderson County",2,6,1171,593,578
050,37,089,"North Carolina","Henderson County",2,7,1193,597,596
050,37,089,"North Carolina","Henderson County",2,8,1217,604,613
050,37,089,"North Carolina","Henderson County",2,9,1227,631,596
050,37,089,"North Carolina","Henderson County",2,10,1320,694,626
050,37,089,"North Carolina","Henderson County",2,11,1370,707,663
050,37,089,"North Carolina","Henderson County",2,12,1425,731,694
050,37,089,"North Carolina","Henderson County",2,13,1445,730,715
050,37,089,"North Carolina","Henderson County",2,14,1390,686,704
050,37,089,"North Carolina","Henderson County",2,15,1346,664,682
050,37,089,"North Carolina","Henderson County",2,16,1380,706,674
050,37,089,"North Carolina","Henderson County",2,17,1383,715,668
050,37,089,"North Carolina","Henderson County",2,18,1146,590,556
050,37,089,"North Carolina","Henderson County",2,19,969,511,458
050,37,089,"North Carolina","Henderson County",2,20,1015,544,471
050,37,089,"North Carolina","Henderson County",2,21,1014,526,488
050,37,089,"North Carolina","Henderson County",2,22,1044,524,520
050,37,089,"North Carolina","Henderson County",2,23,1073,536,537
050,37,089,"North Carolina","Henderson County",2,24,1117,546,571
050,37,089,"North Carolina","Henderson County",2,25,1138,561,577
050,37,089,"North Carolina","Henderson County",2,26,1142,563,579
050,37,089,"North Carolina","Henderson County",2,27,1174,598,576
050,37,089,"North Carolina","Henderson County",2,28,1191,587,604
050,37,089,"North Carolina","Henderson County",2,29,1285,625,660
050,37,089,"North Carolina","Henderson County",2,30,1311,645,666
050,37,089,"North Carolina","Henderson County",2,31,1242,610,632
050,37,089,"North Carolina","Henderson County",2,32,1233,606,627
050,37,089,"North Carolina","Henderson County",2,33,1259,605,654
050,37,089,"North Carolina","Henderson County",2,34,1265,609,656
050,37,089,"North Carolina","Henderson County",2,35,1300,637,663
050,37,089,"North Carolina","Henderson County",2,36,1301,640,661
050,37,089,"North Carolina","Henderson County",2,37,1315,659,656
050,37,089,"North Carolina","Henderson County",2,38,1298,656,642
050,37,089,"North Carolina","Henderson County",2,39,1290,643,647
050,37,089,"North Carolina","Henderson County",2,40,1320,664,656
050,37,089,"North Carolina","Henderson County",2,41,1329,658,671
050,37,089,"North Carolina","Henderson County",2,42,1327,630,697
050,37,089,"North Carolina","Henderson County",2,43,1365,663,702
050,37,089,"North Carolina","Henderson County",2,44,1323,653,670
050,37,089,"North Carolina","Henderson County",2,45,1300,637,663
050,37,089,"North Carolina","Henderson County",2,46,1305,639,666
050,37,089,"North Carolina","Henderson County",2,47,1346,670,676
050,37,089,"North Carolina","Henderson County",2,48,1463,730,733
050,37,089,"North Carolina","Henderson County",2,49,1556,776,780
050,37,089,"North Carolina","Henderson County",2,50,1513,767,746
050,37,089,"North Carolina","Henderson County",2,51,1561,810,751
050,37,089,"North Carolina","Henderson County",2,52,1505,773,732
050,37,089,"North Carolina","Henderson County",2,53,1510,768,742
050,37,089,"North Carolina","Henderson County",2,54,1477,734,743
050,37,089,"North Carolina","Henderson County",2,55,1546,741,805
050,37,089,"North Carolina","Henderson County",2,56,1615,761,854
050,37,089,"North Carolina","Henderson County",2,57,1624,763,861
050,37,089,"North Carolina","Henderson County",2,58,1678,795,883
050,37,089,"North Carolina","Henderson County",2,59,1689,805,884
050,37,089,"North Carolina","Henderson County",2,60,1679,784,895
050,37,089,"North Carolina","Henderson County",2,61,1706,785,921
050,37,089,"North Carolina","Henderson County",2,62,1782,828,954
050,37,089,"North Carolina","Henderson County",2,63,1820,866,954
050,37,089,"North Carolina","Henderson County",2,64,1801,860,941
050,37,089,"North Carolina","Henderson County",2,65,1763,834,929
050,37,089,"North Carolina","Henderson County",2,66,1776,817,959
050,37,089,"North Carolina","Henderson County",2,67,1800,828,972
050,37,089,"North Carolina","Henderson County",2,68,1810,823,987
050,37,089,"North Carolina","Henderson County",2,69,1733,777,956
050,37,089,"North Carolina","Henderson County",2,70,1681,745,936
050,37,089,"North Carolina","Henderson County",2,71,1707,776,931
050,37,089,"North Carolina","Henderson County",2,72,1714,787,927
050,37,089,"North Carolina","Henderson County",2,73,1846,872,974
050,37,089,"North Carolina","Henderson County",2,74,1261,587,674
050,37,089,"North Carolina","Henderson County",2,75,1256,550,706
050,37,089,"North Carolina","Henderson County",2,76,1254,563,691
050,37,089,"North Carolina","Henderson County",2,77,1291,586,705
050,37,089,"North Carolina","Henderson County",2,78,1099,503,596
050,37,089,"North Carolina","Henderson County",2,79,997,448,549
050,37,089,"North Carolina","Henderson County",2,80,869,399,470
050,37,089,"North Carolina","Henderson County",2,81,806,376,430
050,37,089,"North Carolina","Henderson County",2,82,687,303,384
050,37,089,"North Carolina","Henderson County",2,83,591,263,328
050,37,089,"North Carolina","Henderson County",2,84,570,241,329
050,37,089,"North Carolina","Henderson County",2,85,3176,1271,1905
050,37,089,"North Carolina","Henderson County",3,0,984,523,461
050,37,089,"North Carolina","Henderson County",3,1,1049,523,526
050,37,089,"North Carolina","Henderson County",3,2,1076,550,526
050,37,089,"North Carolina","Henderson County",3,3,1092,574,518
050,37,089,"North Carolina","Henderson County",3,4,1144,597,547
050,37,089,"North Carolina","Henderson County",3,5,1162,587,575
050,37,089,"North Carolina","Henderson County",3,6,1199,621,578
050,37,089,"North Carolina","Henderson County",3,7,1187,604,583
050,37,089,"North Carolina","Henderson County",3,8,1200,606,594
050,37,089,"North Carolina","Henderson County",3,9,1221,610,611
050,37,089,"North Carolina","Henderson County",3,10,1213,619,594
050,37,089,"North Carolina","Henderson County",3,11,1325,677,648
050,37,089,"North Carolina","Henderson County",3,12,1347,702,645
050,37,089,"North Carolina","Henderson County",3,13,1410,727,683
050,37,089,"North Carolina","Henderson County",3,14,1431,730,701
050,37,089,"North Carolina","Henderson County",3,15,1401,683,718
050,37,089,"North Carolina","Henderson County",3,16,1376,681,695
050,37,089,"North Carolina","Henderson County",3,17,1380,714,666
050,37,089,"North Carolina","Henderson County",3,18,1214,637,577
050,37,089,"North Carolina","Henderson County",3,19,960,490,470
050,37,089,"North Carolina","Henderson County",3,20,1035,533,502
050,37,089,"North Carolina","Henderson County",3,21,1058,554,504
050,37,089,"North Carolina","Henderson County",3,22,1038,523,515
050,37,089,"North Carolina","Henderson County",3,23,1074,538,536
050,37,089,"North Carolina","Henderson County",3,24,1111,551,560
050,37,089,"North Carolina","Henderson County",3,25,1144,550,594
050,37,089,"North Carolina","Henderson County",3,26,1118,557,561
050,37,089,"North Carolina","Henderson County",3,27,1166,577,589
050,37,089,"North Carolina","Henderson County",3,28,1210,604,606
050,37,089,"North Carolina","Henderson County",3,29,1196,603,593
050,37,089,"North Carolina","Henderson County",3,30,1292,630,662
050,37,089,"North Carolina","Henderson County",3,31,1296,635,661
050,37,089,"North Carolina","Henderson County",3,32,1272,634,638
050,37,089,"North Carolina","Henderson County",3,33,1264,620,644
050,37,089,"North Carolina","Henderson County",3,34,1265,613,652
050,37,089,"North Carolina","Henderson County",3,35,1314,640,674
050,37,089,"North Carolina","Henderson County",3,36,1321,644,677
050,37,089,"North Carolina","Henderson County",3,37,1332,652,680
050,37,089,"North Carolina","Henderson County",3,38,1335,671,664
050,37,089,"North Carolina","Henderson County",3,39,1340,687,653
050,37,089,"North Carolina","Henderson County",3,40,1319,659,660
050,37,089,"North Carolina","Henderson County",3,41,1323,657,666
050,37,089,"North Carolina","Henderson County",3,42,1313,648,665
050,37,089,"North Carolina","Henderson County",3,43,1347,646,701
050,37,089,"North Carolina","Henderson County",3,44,1383,670,713
050,37,089,"North Carolina","Henderson County",3,45,1315,644,671
050,37,089,"North Carolina","Henderson County",3,46,1343,655,688
050,37,089,"North Carolina","Henderson County",3,47,1315,636,679
050,37,089,"North Carolina","Henderson County",3,48,1354,678,676
050,37,089,"North Carolina","Henderson County",3,49,1477,749,728
050,37,089,"North Carolina","Henderson County",3,50,1577,781,796
050,37,089,"North Carolina","Henderson County",3,51,1511,765,746
050,37,089,"North Carolina","Henderson County",3,52,1570,815,755
050,37,089,"North Carolina","Henderson County",3,53,1514,764,750
050,37,089,"North Carolina","Henderson County",3,54,1562,793,769
050,37,089,"North Carolina","Henderson County",3,55,1521,756,765
050,37,089,"North Carolina","Henderson County",3,56,1556,746,810
050,37,089,"North Carolina","Henderson County",3,57,1639,773,866
050,37,089,"North Carolina","Henderson County",3,58,1655,771,884
050,37,089,"North Carolina","Henderson County",3,59,1723,813,910
050,37,089,"North Carolina","Henderson County",3,60,1721,813,908
050,37,089,"North Carolina","Henderson County",3,61,1709,805,904
050,37,089,"North Carolina","Henderson County",3,62,1725,788,937
050,37,089,"North Carolina","Henderson County",3,63,1824,833,991
050,37,089,"North Carolina","Henderson County",3,64,1828,863,965
050,37,089,"North Carolina","Henderson County",3,65,1835,858,977
050,37,089,"North Carolina","Henderson County",3,66,1790,837,953
050,37,089,"North Carolina","Henderson County",3,67,1812,848,964
050,37,089,"North Carolina","Henderson County",3,68,1799,816,983
050,37,089,"North Carolina","Henderson County",3,69,1807,813,994
050,37,089,"North Carolina","Henderson County",3,70,1723,774,949
050,37,089,"North Carolina","Henderson County",3,71,1693,751,942
050,37,089,"North Carolina","Henderson County",3,72,1688,773,915
050,37,089,"North Carolina","Henderson County",3,73,1675,771,904
050,37,089,"North Carolina","Henderson County",3,74,1804,849,955
050,37,089,"North Carolina","Henderson County",3,75,1234,552,682
050,37,089,"North Carolina","Henderson County",3,76,1228,532,696
050,37,089,"North Carolina","Henderson County",3,77,1219,545,674
050,37,089,"North Carolina","Henderson County",3,78,1237,559,678
050,37,089,"North Carolina","Henderson County",3,79,1053,480,573
050,37,089,"North Carolina","Henderson County",3,80,951,433,518
050,37,089,"North Carolina","Henderson County",3,81,827,373,454
050,37,089,"North Carolina","Henderson County",3,82,752,348,404
050,37,089,"North Carolina","Henderson County",3,83,635,281,354
050,37,089,"North Carolina","Henderson County",3,84,552,244,308
050,37,089,"North Carolina","Henderson County",3,85,3165,1267,1898
050,37,089,"North Carolina","Henderson County",4,0,1030,541,489
050,37,089,"North Carolina","Henderson County",4,1,980,530,450
050,37,089,"North Carolina","Henderson County",4,2,1083,549,534
050,37,089,"North Carolina","Henderson County",4,3,1075,555,520
050,37,089,"North Carolina","Henderson County",4,4,1084,555,529
050,37,089,"North Carolina","Henderson County",4,5,1140,593,547
050,37,089,"North Carolina","Henderson County",4,6,1192,602,590
050,37,089,"North Carolina","Henderson County",4,7,1226,635,591
050,37,089,"North Carolina","Henderson County",4,8,1227,631,596
050,37,089,"North Carolina","Henderson County",4,9,1235,635,600
050,37,089,"North Carolina","Henderson County",4,10,1252,623,629
050,37,089,"North Carolina","Henderson County",4,11,1251,632,619
050,37,089,"North Carolina","Henderson County",4,12,1363,701,662
050,37,089,"North Carolina","Henderson County",4,13,1348,699,649
050,37,089,"North Carolina","Henderson County",4,14,1425,742,683
050,37,089,"North Carolina","Henderson County",4,15,1426,730,696
050,37,089,"North Carolina","Henderson County",4,16,1386,678,708
050,37,089,"North Carolina","Henderson County",4,17,1377,690,687
050,37,089,"North Carolina","Henderson County",4,18,1200,645,555
050,37,089,"North Carolina","Henderson County",4,19,998,516,482
050,37,089,"North Carolina","Henderson County",4,20,1000,503,497
050,37,089,"North Carolina","Henderson County",4,21,1055,526,529
050,37,089,"North Carolina","Henderson County",4,22,1088,564,524
050,37,089,"North Carolina","Henderson County",4,23,1073,547,526
050,37,089,"North Carolina","Henderson County",4,24,1083,557,526
050,37,089,"North Carolina","Henderson County",4,25,1104,559,545
050,37,089,"North Carolina","Henderson County",4,26,1144,547,597
050,37,089,"North Carolina","Henderson County",4,27,1165,600,565
050,37,089,"North Carolina","Henderson County",4,28,1184,585,599
050,37,089,"North Carolina","Henderson County",4,29,1266,624,642
050,37,089,"North Carolina","Henderson County",4,30,1222,625,597
050,37,089,"North Carolina","Henderson County",4,31,1317,646,671
050,37,089,"North Carolina","Henderson County",4,32,1344,650,694
050,37,089,"North Carolina","Henderson County",4,33,1352,669,683
050,37,089,"North Carolina","Henderson County",4,34,1310,633,677
050,37,089,"North Carolina","Henderson County",4,35,1345,663,682
050,37,089,"North Carolina","Henderson County",4,36,1368,672,696
050,37,089,"North Carolina","Henderson County",4,37,1366,672,694
050,37,089,"North Carolina","Henderson County",4,38,1360,691,669
050,37,089,"North Carolina","Henderson County",4,39,1354,680,674
050,37,089,"North Carolina","Henderson County",4,40,1351,686,665
050,37,089,"North Carolina","Henderson County",4,41,1345,690,655
050,37,089,"North Carolina","Henderson County",4,42,1355,674,681
050,37,089,"North Carolina","Henderson County",4,43,1343,646,697
050,37,089,"North Carolina","Henderson County",4,44,1367,652,715
050,37,089,"North Carolina","Henderson County",4,45,1377,659,718
050,37,089,"North Carolina","Henderson County",4,46,1351,666,685
050,37,089,"North Carolina","Henderson County",4,47,1362,667,695
050,37,089,"North Carolina","Henderson County",4,48,1337,647,690
050,37,089,"North Carolina","Henderson County",4,49,1381,692,689
050,37,089,"North Carolina","Henderson County",4,50,1472,754,718
050,37,089,"North Carolina","Henderson County",4,51,1560,764,796
050,37,089,"North Carolina","Henderson County",4,52,1530,769,761
050,37,089,"North Carolina","Henderson County",4,53,1604,828,776
050,37,089,"North Carolina","Henderson County",4,54,1534,775,759
050,37,089,"North Carolina","Henderson County",4,55,1589,809,780
050,37,089,"North Carolina","Henderson County",4,56,1559,774,785
050,37,089,"North Carolina","Henderson County",4,57,1590,758,832
050,37,089,"North Carolina","Henderson County",4,58,1657,781,876
050,37,089,"North Carolina","Henderson County",4,59,1673,781,892
050,37,089,"North Carolina","Henderson County",4,60,1768,827,941
050,37,089,"North Carolina","Henderson County",4,61,1748,829,919
050,37,089,"North Carolina","Henderson County",4,62,1749,804,945
050,37,089,"North Carolina","Henderson County",4,63,1764,817,947
050,37,089,"North Carolina","Henderson County",4,64,1871,856,1015
050,37,089,"North Carolina","Henderson County",4,65,1874,890,984
050,37,089,"North Carolina","Henderson County",4,66,1866,868,998
050,37,089,"North Carolina","Henderson County",4,67,1797,837,960
050,37,089,"North Carolina","Henderson County",4,68,1823,850,973
050,37,089,"North Carolina","Henderson County",4,69,1817,835,982
050,37,089,"North Carolina","Henderson County",4,70,1798,819,979
050,37,089,"North Carolina","Henderson County",4,71,1716,772,944
050,37,089,"North Carolina","Henderson County",4,72,1693,739,954
050,37,089,"North Carolina","Henderson County",4,73,1705,780,925
050,37,089,"North Carolina","Henderson County",4,74,1633,759,874
050,37,089,"North Carolina","Henderson County",4,75,1794,833,961
050,37,089,"North Carolina","Henderson County",4,76,1165,529,636
050,37,089,"North Carolina","Henderson County",4,77,1201,517,684
050,37,089,"North Carolina","Henderson County",4,78,1170,531,639
050,37,089,"North Carolina","Henderson County",4,79,1162,520,642
050,37,089,"North Carolina","Henderson County",4,80,985,456,529
050,37,089,"North Carolina","Henderson County",4,81,897,405,492
050,37,089,"North Carolina","Henderson County",4,82,762,338,424
050,37,089,"North Carolina","Henderson County",4,83,694,317,377
050,37,089,"North Carolina","Henderson County",4,84,610,264,346
050,37,089,"North Carolina","Henderson County",4,85,3101,1236,1865
050,37,089,"North Carolina","Henderson County",5,0,1030,539,491
050,37,089,"North Carolina","Henderson County",5,1,1101,577,524
050,37,089,"North Carolina","Henderson County",5,2,1001,541,460
050,37,089,"North Carolina","Henderson County",5,3,1094,546,548
050,37,089,"North Carolina","Henderson County",5,4,1104,570,534
050,37,089,"North Carolina","Henderson County",5,5,1116,582,534
050,37,089,"North Carolina","Henderson County",5,6,1136,585,551
050,37,089,"North Carolina","Henderson County",5,7,1210,615,595
050,37,089,"North Carolina","Henderson County",5,8,1256,653,603
050,37,089,"North Carolina","Henderson County",5,9,1246,643,603
050,37,089,"North Carolina","Henderson County",5,10,1228,637,591
050,37,089,"North Carolina","Henderson County",5,11,1269,628,641
050,37,089,"North Carolina","Henderson County",5,12,1228,640,588
050,37,089,"North Carolina","Henderson County",5,13,1350,696,654
050,37,089,"North Carolina","Henderson County",5,14,1321,679,642
050,37,089,"North Carolina","Henderson County",5,15,1406,726,680
050,37,089,"North Carolina","Henderson County",5,16,1413,715,698
050,37,089,"North Carolina","Henderson County",5,17,1397,700,697
050,37,089,"North Carolina","Henderson County",5,18,1185,614,571
050,37,089,"North Carolina","Henderson County",5,19,975,525,450
050,37,089,"North Carolina","Henderson County",5,20,1052,539,513
050,37,089,"North Carolina","Henderson County",5,21,1027,513,514
050,37,089,"North Carolina","Henderson County",5,22,1071,533,538
050,37,089,"North Carolina","Henderson County",5,23,1128,571,557
050,37,089,"North Carolina","Henderson County",5,24,1084,567,517
050,37,089,"North Carolina","Henderson County",5,25,1103,577,526
050,37,089,"North Carolina","Henderson County",5,26,1099,552,547
050,37,089,"North Carolina","Henderson County",5,27,1173,581,592
050,37,089,"North Carolina","Henderson County",5,28,1198,584,614
050,37,089,"North Carolina","Henderson County",5,29,1231,594,637
050,37,089,"North Carolina","Henderson County",5,30,1327,642,685
050,37,089,"North Carolina","Henderson County",5,31,1265,666,599
050,37,089,"North Carolina","Henderson County",5,32,1323,642,681
050,37,089,"North Carolina","Henderson County",5,33,1374,679,695
050,37,089,"North Carolina","Henderson County",5,34,1373,692,681
050,37,089,"North Carolina","Henderson County",5,35,1347,668,679
050,37,089,"North Carolina","Henderson County",5,36,1353,659,694
050,37,089,"North Carolina","Henderson County",5,37,1366,680,686
050,37,089,"North Carolina","Henderson County",5,38,1386,668,718
050,37,089,"North Carolina","Henderson County",5,39,1380,710,670
050,37,089,"North Carolina","Henderson County",5,40,1363,664,699
050,37,089,"North Carolina","Henderson County",5,41,1346,684,662
050,37,089,"North Carolina","Henderson County",5,42,1371,709,662
050,37,089,"North Carolina","Henderson County",5,43,1375,686,689
050,37,089,"North Carolina","Henderson County",5,44,1350,647,703
050,37,089,"North Carolina","Henderson County",5,45,1367,653,714
050,37,089,"North Carolina","Henderson County",5,46,1405,671,734
050,37,089,"North Carolina","Henderson County",5,47,1368,662,706
050,37,089,"North Carolina","Henderson County",5,48,1386,684,702
050,37,089,"North Carolina","Henderson County",5,49,1340,640,700
050,37,089,"North Carolina","Henderson County",5,50,1408,710,698
050,37,089,"North Carolina","Henderson County",5,51,1503,762,741
050,37,089,"North Carolina","Henderson County",5,52,1582,776,806
050,37,089,"North Carolina","Henderson County",5,53,1553,772,781
050,37,089,"North Carolina","Henderson County",5,54,1657,860,797
050,37,089,"North Carolina","Henderson County",5,55,1561,781,780
050,37,089,"North Carolina","Henderson County",5,56,1598,809,789
050,37,089,"North Carolina","Henderson County",5,57,1575,782,793
050,37,089,"North Carolina","Henderson County",5,58,1603,756,847
050,37,089,"North Carolina","Henderson County",5,59,1659,790,869
050,37,089,"North Carolina","Henderson County",5,60,1715,783,932
050,37,089,"North Carolina","Henderson County",5,61,1779,839,940
050,37,089,"North Carolina","Henderson County",5,62,1785,829,956
050,37,089,"North Carolina","Henderson County",5,63,1785,813,972
050,37,089,"North Carolina","Henderson County",5,64,1788,825,963
050,37,089,"North Carolina","Henderson County",5,65,1896,865,1031
050,37,089,"North Carolina","Henderson County",5,66,1890,890,1000
050,37,089,"North Carolina","Henderson County",5,67,1877,875,1002
050,37,089,"North Carolina","Henderson County",5,68,1818,841,977
050,37,089,"North Carolina","Henderson County",5,69,1840,854,986
050,37,089,"North Carolina","Henderson County",5,70,1830,839,991
050,37,089,"North Carolina","Henderson County",5,71,1786,808,978
050,37,089,"North Carolina","Henderson County",5,72,1715,765,950
050,37,089,"North Carolina","Henderson County",5,73,1673,738,935
050,37,089,"North Carolina","Henderson County",5,74,1696,781,915
050,37,089,"North Carolina","Henderson County",5,75,1610,740,870
050,37,089,"North Carolina","Henderson County",5,76,1749,811,938
050,37,089,"North Carolina","Henderson County",5,77,1142,514,628
050,37,089,"North Carolina","Henderson County",5,78,1152,499,653
050,37,089,"North Carolina","Henderson County",5,79,1125,502,623
050,37,089,"North Carolina","Henderson County",5,80,1111,503,608
050,37,089,"North Carolina","Henderson County",5,81,951,431,520
050,37,089,"North Carolina","Henderson County",5,82,869,387,482
050,37,089,"North Carolina","Henderson County",5,83,719,322,397
050,37,089,"North Carolina","Henderson County",5,84,672,300,372
050,37,089,"North Carolina","Henderson County",5,85,3161,1255,1906
050,37,091,"North Carolina","Hertford County",1,0,189,94,95
050,37,091,"North Carolina","Hertford County",1,1,190,104,86
050,37,091,"North Carolina","Hertford County",1,2,195,99,96
050,37,091,"North Carolina","Hertford County",1,3,196,93,103
050,37,091,"North Carolina","Hertford County",1,4,181,85,96
050,37,091,"North Carolina","Hertford County",1,5,199,100,99
050,37,091,"North Carolina","Hertford County",1,6,222,119,103
050,37,091,"North Carolina","Hertford County",1,7,224,99,125
050,37,091,"North Carolina","Hertford County",1,8,220,116,104
050,37,091,"North Carolina","Hertford County",1,9,219,123,96
050,37,091,"North Carolina","Hertford County",1,10,232,124,108
050,37,091,"North Carolina","Hertford County",1,11,250,120,130
050,37,091,"North Carolina","Hertford County",1,12,258,143,115
050,37,091,"North Carolina","Hertford County",1,13,251,140,111
050,37,091,"North Carolina","Hertford County",1,14,269,145,124
050,37,091,"North Carolina","Hertford County",1,15,260,132,128
050,37,091,"North Carolina","Hertford County",1,16,252,119,133
050,37,091,"North Carolina","Hertford County",1,17,248,120,128
050,37,091,"North Carolina","Hertford County",1,18,453,250,203
050,37,091,"North Carolina","Hertford County",1,19,586,336,250
050,37,091,"North Carolina","Hertford County",1,20,380,193,187
050,37,091,"North Carolina","Hertford County",1,21,339,186,153
050,37,091,"North Carolina","Hertford County",1,22,272,151,121
050,37,091,"North Carolina","Hertford County",1,23,211,113,98
050,37,091,"North Carolina","Hertford County",1,24,218,115,103
050,37,091,"North Carolina","Hertford County",1,25,239,120,119
050,37,091,"North Carolina","Hertford County",1,26,239,130,109
050,37,091,"North Carolina","Hertford County",1,27,268,163,105
050,37,091,"North Carolina","Hertford County",1,28,273,156,117
050,37,091,"North Carolina","Hertford County",1,29,286,167,119
050,37,091,"North Carolina","Hertford County",1,30,287,144,143
050,37,091,"North Carolina","Hertford County",1,31,250,123,127
050,37,091,"North Carolina","Hertford County",1,32,226,128,98
050,37,091,"North Carolina","Hertford County",1,33,267,166,101
050,37,091,"North Carolina","Hertford County",1,34,249,145,104
050,37,091,"North Carolina","Hertford County",1,35,246,134,112
050,37,091,"North Carolina","Hertford County",1,36,251,145,106
050,37,091,"North Carolina","Hertford County",1,37,251,136,115
050,37,091,"North Carolina","Hertford County",1,38,273,148,125
050,37,091,"North Carolina","Hertford County",1,39,272,146,126
050,37,091,"North Carolina","Hertford County",1,40,237,140,97
050,37,091,"North Carolina","Hertford County",1,41,241,143,98
050,37,091,"North Carolina","Hertford County",1,42,245,130,115
050,37,091,"North Carolina","Hertford County",1,43,246,134,112
050,37,091,"North Carolina","Hertford County",1,44,258,151,107
050,37,091,"North Carolina","Hertford County",1,45,231,118,113
050,37,091,"North Carolina","Hertford County",1,46,235,133,102
050,37,091,"North Carolina","Hertford County",1,47,220,125,95
050,37,091,"North Carolina","Hertford County",1,48,249,135,114
050,37,091,"North Carolina","Hertford County",1,49,232,119,113
050,37,091,"North Carolina","Hertford County",1,50,239,124,115
050,37,091,"North Carolina","Hertford County",1,51,261,133,128
050,37,091,"North Carolina","Hertford County",1,52,254,122,132
050,37,091,"North Carolina","Hertford County",1,53,270,140,130
050,37,091,"North Carolina","Hertford County",1,54,278,137,141
050,37,091,"North Carolina","Hertford County",1,55,283,148,135
050,37,091,"North Carolina","Hertford County",1,56,308,152,156
050,37,091,"North Carolina","Hertford County",1,57,317,152,165
050,37,091,"North Carolina","Hertford County",1,58,313,162,151
050,37,091,"North Carolina","Hertford County",1,59,339,169,170
050,37,091,"North Carolina","Hertford County",1,60,331,153,178
050,37,091,"North Carolina","Hertford County",1,61,311,139,172
050,37,091,"North Carolina","Hertford County",1,62,326,155,171
050,37,091,"North Carolina","Hertford County",1,63,345,164,181
050,37,091,"North Carolina","Hertford County",1,64,311,130,181
050,37,091,"North Carolina","Hertford County",1,65,312,142,170
050,37,091,"North Carolina","Hertford County",1,66,332,158,174
050,37,091,"North Carolina","Hertford County",1,67,290,128,162
050,37,091,"North Carolina","Hertford County",1,68,270,125,145
050,37,091,"North Carolina","Hertford County",1,69,245,128,117
050,37,091,"North Carolina","Hertford County",1,70,230,104,126
050,37,091,"North Carolina","Hertford County",1,71,245,117,128
050,37,091,"North Carolina","Hertford County",1,72,226,94,132
050,37,091,"North Carolina","Hertford County",1,73,222,91,131
050,37,091,"North Carolina","Hertford County",1,74,178,79,99
050,37,091,"North Carolina","Hertford County",1,75,166,71,95
050,37,091,"North Carolina","Hertford County",1,76,165,77,88
050,37,091,"North Carolina","Hertford County",1,77,166,71,95
050,37,091,"North Carolina","Hertford County",1,78,136,50,86
050,37,091,"North Carolina","Hertford County",1,79,106,46,60
050,37,091,"North Carolina","Hertford County",1,80,112,44,68
050,37,091,"North Carolina","Hertford County",1,81,111,40,71
050,37,091,"North Carolina","Hertford County",1,82,108,42,66
050,37,091,"North Carolina","Hertford County",1,83,91,38,53
050,37,091,"North Carolina","Hertford County",1,84,90,29,61
050,37,091,"North Carolina","Hertford County",1,85,481,148,333
050,37,091,"North Carolina","Hertford County",2,0,192,101,91
050,37,091,"North Carolina","Hertford County",2,1,190,103,87
050,37,091,"North Carolina","Hertford County",2,2,195,101,94
050,37,091,"North Carolina","Hertford County",2,3,192,93,99
050,37,091,"North Carolina","Hertford County",2,4,183,87,96
050,37,091,"North Carolina","Hertford County",2,5,195,96,99
050,37,091,"North Carolina","Hertford County",2,6,214,113,101
050,37,091,"North Carolina","Hertford County",2,7,218,102,116
050,37,091,"North Carolina","Hertford County",2,8,220,112,108
050,37,091,"North Carolina","Hertford County",2,9,218,121,97
050,37,091,"North Carolina","Hertford County",2,10,228,123,105
050,37,091,"North Carolina","Hertford County",2,11,241,120,121
050,37,091,"North Carolina","Hertford County",2,12,261,140,121
050,37,091,"North Carolina","Hertford County",2,13,252,140,112
050,37,091,"North Carolina","Hertford County",2,14,265,145,120
050,37,091,"North Carolina","Hertford County",2,15,262,136,126
050,37,091,"North Carolina","Hertford County",2,16,253,121,132
050,37,091,"North Carolina","Hertford County",2,17,243,116,127
050,37,091,"North Carolina","Hertford County",2,18,428,234,194
050,37,091,"North Carolina","Hertford County",2,19,547,311,236
050,37,091,"North Carolina","Hertford County",2,20,367,188,179
050,37,091,"North Carolina","Hertford County",2,21,325,177,148
050,37,091,"North Carolina","Hertford County",2,22,272,150,122
050,37,091,"North Carolina","Hertford County",2,23,211,112,99
050,37,091,"North Carolina","Hertford County",2,24,211,111,100
050,37,091,"North Carolina","Hertford County",2,25,235,119,116
050,37,091,"North Carolina","Hertford County",2,26,238,126,112
050,37,091,"North Carolina","Hertford County",2,27,263,157,106
050,37,091,"North Carolina","Hertford County",2,28,268,155,113
050,37,091,"North Carolina","Hertford County",2,29,285,166,119
050,37,091,"North Carolina","Hertford County",2,30,284,146,138
050,37,091,"North Carolina","Hertford County",2,31,257,128,129
050,37,091,"North Carolina","Hertford County",2,32,229,124,105
050,37,091,"North Carolina","Hertford County",2,33,259,160,99
050,37,091,"North Carolina","Hertford County",2,34,248,145,103
050,37,091,"North Carolina","Hertford County",2,35,249,138,111
050,37,091,"North Carolina","Hertford County",2,36,244,139,105
050,37,091,"North Carolina","Hertford County",2,37,251,138,113
050,37,091,"North Carolina","Hertford County",2,38,272,149,123
050,37,091,"North Carolina","Hertford County",2,39,265,143,122
050,37,091,"North Carolina","Hertford County",2,40,249,143,106
050,37,091,"North Carolina","Hertford County",2,41,245,149,96
050,37,091,"North Carolina","Hertford County",2,42,236,126,110
050,37,091,"North Carolina","Hertford County",2,43,248,136,112
050,37,091,"North Carolina","Hertford County",2,44,258,150,108
050,37,091,"North Carolina","Hertford County",2,45,234,122,112
050,37,091,"North Carolina","Hertford County",2,46,233,130,103
050,37,091,"North Carolina","Hertford County",2,47,220,124,96
050,37,091,"North Carolina","Hertford County",2,48,241,131,110
050,37,091,"North Carolina","Hertford County",2,49,235,120,115
050,37,091,"North Carolina","Hertford County",2,50,241,127,114
050,37,091,"North Carolina","Hertford County",2,51,256,131,125
050,37,091,"North Carolina","Hertford County",2,52,257,125,132
050,37,091,"North Carolina","Hertford County",2,53,265,134,131
050,37,091,"North Carolina","Hertford County",2,54,270,134,136
050,37,091,"North Carolina","Hertford County",2,55,284,148,136
050,37,091,"North Carolina","Hertford County",2,56,304,150,154
050,37,091,"North Carolina","Hertford County",2,57,315,154,161
050,37,091,"North Carolina","Hertford County",2,58,311,158,153
050,37,091,"North Carolina","Hertford County",2,59,328,164,164
050,37,091,"North Carolina","Hertford County",2,60,326,153,173
050,37,091,"North Carolina","Hertford County",2,61,314,142,172
050,37,091,"North Carolina","Hertford County",2,62,321,150,171
050,37,091,"North Carolina","Hertford County",2,63,342,162,180
050,37,091,"North Carolina","Hertford County",2,64,318,138,180
050,37,091,"North Carolina","Hertford County",2,65,311,138,173
050,37,091,"North Carolina","Hertford County",2,66,327,154,173
050,37,091,"North Carolina","Hertford County",2,67,294,132,162
050,37,091,"North Carolina","Hertford County",2,68,274,126,148
050,37,091,"North Carolina","Hertford County",2,69,251,125,126
050,37,091,"North Carolina","Hertford County",2,70,232,108,124
050,37,091,"North Carolina","Hertford County",2,71,240,114,126
050,37,091,"North Carolina","Hertford County",2,72,228,98,130
050,37,091,"North Carolina","Hertford County",2,73,229,94,135
050,37,091,"North Carolina","Hertford County",2,74,175,75,100
050,37,091,"North Carolina","Hertford County",2,75,168,73,95
050,37,091,"North Carolina","Hertford County",2,76,164,75,89
050,37,091,"North Carolina","Hertford County",2,77,166,74,92
050,37,091,"North Carolina","Hertford County",2,78,140,55,85
050,37,091,"North Carolina","Hertford County",2,79,113,47,66
050,37,091,"North Carolina","Hertford County",2,80,109,43,66
050,37,091,"North Carolina","Hertford County",2,81,108,39,69
050,37,091,"North Carolina","Hertford County",2,82,104,40,64
050,37,091,"North Carolina","Hertford County",2,83,91,36,55
050,37,091,"North Carolina","Hertford County",2,84,90,31,59
050,37,091,"North Carolina","Hertford County",2,85,483,145,338
050,37,091,"North Carolina","Hertford County",3,0,194,103,91
050,37,091,"North Carolina","Hertford County",3,1,182,101,81
050,37,091,"North Carolina","Hertford County",3,2,179,99,80
050,37,091,"North Carolina","Hertford County",3,3,199,103,96
050,37,091,"North Carolina","Hertford County",3,4,179,88,91
050,37,091,"North Carolina","Hertford County",3,5,182,88,94
050,37,091,"North Carolina","Hertford County",3,6,205,103,102
050,37,091,"North Carolina","Hertford County",3,7,214,112,102
050,37,091,"North Carolina","Hertford County",3,8,220,104,116
050,37,091,"North Carolina","Hertford County",3,9,220,106,114
050,37,091,"North Carolina","Hertford County",3,10,220,118,102
050,37,091,"North Carolina","Hertford County",3,11,231,123,108
050,37,091,"North Carolina","Hertford County",3,12,239,121,118
050,37,091,"North Carolina","Hertford County",3,13,257,134,123
050,37,091,"North Carolina","Hertford County",3,14,252,145,107
050,37,091,"North Carolina","Hertford County",3,15,258,138,120
050,37,091,"North Carolina","Hertford County",3,16,255,131,124
050,37,091,"North Carolina","Hertford County",3,17,254,119,135
050,37,091,"North Carolina","Hertford County",3,18,423,225,198
050,37,091,"North Carolina","Hertford County",3,19,531,294,237
050,37,091,"North Carolina","Hertford County",3,20,356,172,184
050,37,091,"North Carolina","Hertford County",3,21,296,166,130
050,37,091,"North Carolina","Hertford County",3,22,284,150,134
050,37,091,"North Carolina","Hertford County",3,23,202,105,97
050,37,091,"North Carolina","Hertford County",3,24,196,106,90
050,37,091,"North Carolina","Hertford County",3,25,193,86,107
050,37,091,"North Carolina","Hertford County",3,26,204,95,109
050,37,091,"North Carolina","Hertford County",3,27,207,98,109
050,37,091,"North Carolina","Hertford County",3,28,212,112,100
050,37,091,"North Carolina","Hertford County",3,29,231,117,114
050,37,091,"North Carolina","Hertford County",3,30,234,116,118
050,37,091,"North Carolina","Hertford County",3,31,248,109,139
050,37,091,"North Carolina","Hertford County",3,32,216,100,116
050,37,091,"North Carolina","Hertford County",3,33,186,87,99
050,37,091,"North Carolina","Hertford County",3,34,204,111,93
050,37,091,"North Carolina","Hertford County",3,35,220,116,104
050,37,091,"North Carolina","Hertford County",3,36,212,103,109
050,37,091,"North Carolina","Hertford County",3,37,199,96,103
050,37,091,"North Carolina","Hertford County",3,38,219,104,115
050,37,091,"North Carolina","Hertford County",3,39,222,105,117
050,37,091,"North Carolina","Hertford County",3,40,219,104,115
050,37,091,"North Carolina","Hertford County",3,41,225,115,110
050,37,091,"North Carolina","Hertford County",3,42,191,96,95
050,37,091,"North Carolina","Hertford County",3,43,216,105,111
050,37,091,"North Carolina","Hertford County",3,44,217,108,109
050,37,091,"North Carolina","Hertford County",3,45,214,103,111
050,37,091,"North Carolina","Hertford County",3,46,210,98,112
050,37,091,"North Carolina","Hertford County",3,47,189,92,97
050,37,091,"North Carolina","Hertford County",3,48,200,104,96
050,37,091,"North Carolina","Hertford County",3,49,205,99,106
050,37,091,"North Carolina","Hertford County",3,50,212,103,109
050,37,091,"North Carolina","Hertford County",3,51,224,109,115
050,37,091,"North Carolina","Hertford County",3,52,229,106,123
050,37,091,"North Carolina","Hertford County",3,53,231,99,132
050,37,091,"North Carolina","Hertford County",3,54,239,112,127
050,37,091,"North Carolina","Hertford County",3,55,258,130,128
050,37,091,"North Carolina","Hertford County",3,56,263,125,138
050,37,091,"North Carolina","Hertford County",3,57,302,144,158
050,37,091,"North Carolina","Hertford County",3,58,294,134,160
050,37,091,"North Carolina","Hertford County",3,59,298,145,153
050,37,091,"North Carolina","Hertford County",3,60,312,143,169
050,37,091,"North Carolina","Hertford County",3,61,322,148,174
050,37,091,"North Carolina","Hertford County",3,62,305,135,170
050,37,091,"North Carolina","Hertford County",3,63,306,141,165
050,37,091,"North Carolina","Hertford County",3,64,341,159,182
050,37,091,"North Carolina","Hertford County",3,65,312,138,174
050,37,091,"North Carolina","Hertford County",3,66,306,135,171
050,37,091,"North Carolina","Hertford County",3,67,313,136,177
050,37,091,"North Carolina","Hertford County",3,68,285,130,155
050,37,091,"North Carolina","Hertford County",3,69,265,121,144
050,37,091,"North Carolina","Hertford County",3,70,230,110,120
050,37,091,"North Carolina","Hertford County",3,71,227,107,120
050,37,091,"North Carolina","Hertford County",3,72,238,108,130
050,37,091,"North Carolina","Hertford County",3,73,214,89,125
050,37,091,"North Carolina","Hertford County",3,74,213,86,127
050,37,091,"North Carolina","Hertford County",3,75,167,71,96
050,37,091,"North Carolina","Hertford County",3,76,159,68,91
050,37,091,"North Carolina","Hertford County",3,77,148,67,81
050,37,091,"North Carolina","Hertford County",3,78,151,66,85
050,37,091,"North Carolina","Hertford County",3,79,126,49,77
050,37,091,"North Carolina","Hertford County",3,80,106,41,65
050,37,091,"North Carolina","Hertford County",3,81,102,39,63
050,37,091,"North Carolina","Hertford County",3,82,90,33,57
050,37,091,"North Carolina","Hertford County",3,83,99,35,64
050,37,091,"North Carolina","Hertford County",3,84,83,32,51
050,37,091,"North Carolina","Hertford County",3,85,462,141,321
050,37,091,"North Carolina","Hertford County",4,0,187,101,86
050,37,091,"North Carolina","Hertford County",4,1,184,105,79
050,37,091,"North Carolina","Hertford County",4,2,174,96,78
050,37,091,"North Carolina","Hertford County",4,3,182,95,87
050,37,091,"North Carolina","Hertford County",4,4,194,100,94
050,37,091,"North Carolina","Hertford County",4,5,181,82,99
050,37,091,"North Carolina","Hertford County",4,6,181,91,90
050,37,091,"North Carolina","Hertford County",4,7,201,100,101
050,37,091,"North Carolina","Hertford County",4,8,204,103,101
050,37,091,"North Carolina","Hertford County",4,9,219,100,119
050,37,091,"North Carolina","Hertford County",4,10,216,99,117
050,37,091,"North Carolina","Hertford County",4,11,218,118,100
050,37,091,"North Carolina","Hertford County",4,12,226,124,102
050,37,091,"North Carolina","Hertford County",4,13,248,128,120
050,37,091,"North Carolina","Hertford County",4,14,263,142,121
050,37,091,"North Carolina","Hertford County",4,15,245,138,107
050,37,091,"North Carolina","Hertford County",4,16,260,138,122
050,37,091,"North Carolina","Hertford County",4,17,237,126,111
050,37,091,"North Carolina","Hertford County",4,18,413,220,193
050,37,091,"North Carolina","Hertford County",4,19,487,260,227
050,37,091,"North Carolina","Hertford County",4,20,330,166,164
050,37,091,"North Carolina","Hertford County",4,21,299,156,143
050,37,091,"North Carolina","Hertford County",4,22,241,135,106
050,37,091,"North Carolina","Hertford County",4,23,230,121,109
050,37,091,"North Carolina","Hertford County",4,24,192,109,83
050,37,091,"North Carolina","Hertford County",4,25,197,105,92
050,37,091,"North Carolina","Hertford County",4,26,171,78,93
050,37,091,"North Carolina","Hertford County",4,27,207,96,111
050,37,091,"North Carolina","Hertford County",4,28,198,90,108
050,37,091,"North Carolina","Hertford County",4,29,207,114,93
050,37,091,"North Carolina","Hertford County",4,30,229,112,117
050,37,091,"North Carolina","Hertford County",4,31,242,119,123
050,37,091,"North Carolina","Hertford County",4,32,239,105,134
050,37,091,"North Carolina","Hertford County",4,33,216,99,117
050,37,091,"North Carolina","Hertford County",4,34,183,88,95
050,37,091,"North Carolina","Hertford County",4,35,196,104,92
050,37,091,"North Carolina","Hertford County",4,36,213,113,100
050,37,091,"North Carolina","Hertford County",4,37,200,97,103
050,37,091,"North Carolina","Hertford County",4,38,186,87,99
050,37,091,"North Carolina","Hertford County",4,39,216,102,114
050,37,091,"North Carolina","Hertford County",4,40,223,108,115
050,37,091,"North Carolina","Hertford County",4,41,227,108,119
050,37,091,"North Carolina","Hertford County",4,42,223,107,116
050,37,091,"North Carolina","Hertford County",4,43,182,93,89
050,37,091,"North Carolina","Hertford County",4,44,228,115,113
050,37,091,"North Carolina","Hertford County",4,45,225,115,110
050,37,091,"North Carolina","Hertford County",4,46,223,114,109
050,37,091,"North Carolina","Hertford County",4,47,209,102,107
050,37,091,"North Carolina","Hertford County",4,48,195,95,100
050,37,091,"North Carolina","Hertford County",4,49,194,98,96
050,37,091,"North Carolina","Hertford County",4,50,205,99,106
050,37,091,"North Carolina","Hertford County",4,51,232,112,120
050,37,091,"North Carolina","Hertford County",4,52,222,107,115
050,37,091,"North Carolina","Hertford County",4,53,233,106,127
050,37,091,"North Carolina","Hertford County",4,54,229,98,131
050,37,091,"North Carolina","Hertford County",4,55,236,112,124
050,37,091,"North Carolina","Hertford County",4,56,250,125,125
050,37,091,"North Carolina","Hertford County",4,57,268,134,134
050,37,091,"North Carolina","Hertford County",4,58,297,141,156
050,37,091,"North Carolina","Hertford County",4,59,297,141,156
050,37,091,"North Carolina","Hertford County",4,60,287,141,146
050,37,091,"North Carolina","Hertford County",4,61,307,145,162
050,37,091,"North Carolina","Hertford County",4,62,310,146,164
050,37,091,"North Carolina","Hertford County",4,63,295,129,166
050,37,091,"North Carolina","Hertford County",4,64,308,145,163
050,37,091,"North Carolina","Hertford County",4,65,332,159,173
050,37,091,"North Carolina","Hertford County",4,66,311,140,171
050,37,091,"North Carolina","Hertford County",4,67,294,127,167
050,37,091,"North Carolina","Hertford County",4,68,303,131,172
050,37,091,"North Carolina","Hertford County",4,69,286,132,154
050,37,091,"North Carolina","Hertford County",4,70,250,110,140
050,37,091,"North Carolina","Hertford County",4,71,226,108,118
050,37,091,"North Carolina","Hertford County",4,72,221,106,115
050,37,091,"North Carolina","Hertford County",4,73,230,100,130
050,37,091,"North Carolina","Hertford County",4,74,208,87,121
050,37,091,"North Carolina","Hertford County",4,75,209,84,125
050,37,091,"North Carolina","Hertford County",4,76,163,68,95
050,37,091,"North Carolina","Hertford County",4,77,151,62,89
050,37,091,"North Carolina","Hertford County",4,78,142,68,74
050,37,091,"North Carolina","Hertford County",4,79,141,63,78
050,37,091,"North Carolina","Hertford County",4,80,117,46,71
050,37,091,"North Carolina","Hertford County",4,81,106,42,64
050,37,091,"North Carolina","Hertford County",4,82,87,33,54
050,37,091,"North Carolina","Hertford County",4,83,83,29,54
050,37,091,"North Carolina","Hertford County",4,84,90,30,60
050,37,091,"North Carolina","Hertford County",4,85,467,149,318
050,37,091,"North Carolina","Hertford County",5,0,187,98,89
050,37,091,"North Carolina","Hertford County",5,1,185,98,87
050,37,091,"North Carolina","Hertford County",5,2,171,97,74
050,37,091,"North Carolina","Hertford County",5,3,171,95,76
050,37,091,"North Carolina","Hertford County",5,4,189,101,88
050,37,091,"North Carolina","Hertford County",5,5,199,104,95
050,37,091,"North Carolina","Hertford County",5,6,198,92,106
050,37,091,"North Carolina","Hertford County",5,7,172,81,91
050,37,091,"North Carolina","Hertford County",5,8,200,95,105
050,37,091,"North Carolina","Hertford County",5,9,192,104,88
050,37,091,"North Carolina","Hertford County",5,10,223,107,116
050,37,091,"North Carolina","Hertford County",5,11,218,104,114
050,37,091,"North Carolina","Hertford County",5,12,216,111,105
050,37,091,"North Carolina","Hertford County",5,13,231,122,109
050,37,091,"North Carolina","Hertford County",5,14,250,128,122
050,37,091,"North Carolina","Hertford County",5,15,257,140,117
050,37,091,"North Carolina","Hertford County",5,16,249,144,105
050,37,091,"North Carolina","Hertford County",5,17,251,133,118
050,37,091,"North Carolina","Hertford County",5,18,404,227,177
050,37,091,"North Carolina","Hertford County",5,19,517,280,237
050,37,091,"North Carolina","Hertford County",5,20,314,141,173
050,37,091,"North Carolina","Hertford County",5,21,291,160,131
050,37,091,"North Carolina","Hertford County",5,22,263,134,129
050,37,091,"North Carolina","Hertford County",5,23,195,101,94
050,37,091,"North Carolina","Hertford County",5,24,210,106,104
050,37,091,"North Carolina","Hertford County",5,25,180,99,81
050,37,091,"North Carolina","Hertford County",5,26,180,90,90
050,37,091,"North Carolina","Hertford County",5,27,181,82,99
050,37,091,"North Carolina","Hertford County",5,28,189,88,101
050,37,091,"North Carolina","Hertford County",5,29,177,83,94
050,37,091,"North Carolina","Hertford County",5,30,206,111,95
050,37,091,"North Carolina","Hertford County",5,31,226,112,114
050,37,091,"North Carolina","Hertford County",5,32,241,115,126
050,37,091,"North Carolina","Hertford County",5,33,231,100,131
050,37,091,"North Carolina","Hertford County",5,34,214,96,118
050,37,091,"North Carolina","Hertford County",5,35,184,86,98
050,37,091,"North Carolina","Hertford County",5,36,201,109,92
050,37,091,"North Carolina","Hertford County",5,37,203,107,96
050,37,091,"North Carolina","Hertford County",5,38,205,100,105
050,37,091,"North Carolina","Hertford County",5,39,180,85,95
050,37,091,"North Carolina","Hertford County",5,40,206,99,107
050,37,091,"North Carolina","Hertford County",5,41,230,118,112
050,37,091,"North Carolina","Hertford County",5,42,232,103,129
050,37,091,"North Carolina","Hertford County",5,43,217,107,110
050,37,091,"North Carolina","Hertford County",5,44,196,100,96
050,37,091,"North Carolina","Hertford County",5,45,218,115,103
050,37,091,"North Carolina","Hertford County",5,46,225,114,111
050,37,091,"North Carolina","Hertford County",5,47,223,121,102
050,37,091,"North Carolina","Hertford County",5,48,206,96,110
050,37,091,"North Carolina","Hertford County",5,49,192,96,96
050,37,091,"North Carolina","Hertford County",5,50,197,101,96
050,37,091,"North Carolina","Hertford County",5,51,205,95,110
050,37,091,"North Carolina","Hertford County",5,52,224,103,121
050,37,091,"North Carolina","Hertford County",5,53,229,107,122
050,37,091,"North Carolina","Hertford County",5,54,233,107,126
050,37,091,"North Carolina","Hertford County",5,55,229,105,124
050,37,091,"North Carolina","Hertford County",5,56,240,113,127
050,37,091,"North Carolina","Hertford County",5,57,255,130,125
050,37,091,"North Carolina","Hertford County",5,58,268,132,136
050,37,091,"North Carolina","Hertford County",5,59,301,144,157
050,37,091,"North Carolina","Hertford County",5,60,295,136,159
050,37,091,"North Carolina","Hertford County",5,61,292,147,145
050,37,091,"North Carolina","Hertford County",5,62,301,140,161
050,37,091,"North Carolina","Hertford County",5,63,305,142,163
050,37,091,"North Carolina","Hertford County",5,64,298,132,166
050,37,091,"North Carolina","Hertford County",5,65,298,142,156
050,37,091,"North Carolina","Hertford County",5,66,324,156,168
050,37,091,"North Carolina","Hertford County",5,67,307,137,170
050,37,091,"North Carolina","Hertford County",5,68,287,125,162
050,37,091,"North Carolina","Hertford County",5,69,301,129,172
050,37,091,"North Carolina","Hertford County",5,70,266,115,151
050,37,091,"North Carolina","Hertford County",5,71,246,107,139
050,37,091,"North Carolina","Hertford County",5,72,220,104,116
050,37,091,"North Carolina","Hertford County",5,73,213,100,113
050,37,091,"North Carolina","Hertford County",5,74,216,97,119
050,37,091,"North Carolina","Hertford County",5,75,204,85,119
050,37,091,"North Carolina","Hertford County",5,76,197,77,120
050,37,091,"North Carolina","Hertford County",5,77,151,64,87
050,37,091,"North Carolina","Hertford County",5,78,148,63,85
050,37,091,"North Carolina","Hertford County",5,79,131,65,66
050,37,091,"North Carolina","Hertford County",5,80,134,58,76
050,37,091,"North Carolina","Hertford County",5,81,117,45,72
050,37,091,"North Carolina","Hertford County",5,82,90,36,54
050,37,091,"North Carolina","Hertford County",5,83,84,31,53
050,37,091,"North Carolina","Hertford County",5,84,77,24,53
050,37,091,"North Carolina","Hertford County",5,85,474,153,321
050,37,093,"North Carolina","Hoke County",1,0,776,392,384
050,37,093,"North Carolina","Hoke County",1,1,805,394,411
050,37,093,"North Carolina","Hoke County",1,2,838,409,429
050,37,093,"North Carolina","Hoke County",1,3,860,434,426
050,37,093,"North Carolina","Hoke County",1,4,888,436,452
050,37,093,"North Carolina","Hoke County",1,5,884,457,427
050,37,093,"North Carolina","Hoke County",1,6,787,414,373
050,37,093,"North Carolina","Hoke County",1,7,839,407,432
050,37,093,"North Carolina","Hoke County",1,8,840,443,397
050,37,093,"North Carolina","Hoke County",1,9,804,415,389
050,37,093,"North Carolina","Hoke County",1,10,801,407,394
050,37,093,"North Carolina","Hoke County",1,11,807,402,405
050,37,093,"North Carolina","Hoke County",1,12,783,399,384
050,37,093,"North Carolina","Hoke County",1,13,755,391,364
050,37,093,"North Carolina","Hoke County",1,14,719,379,340
050,37,093,"North Carolina","Hoke County",1,15,720,362,358
050,37,093,"North Carolina","Hoke County",1,16,688,360,328
050,37,093,"North Carolina","Hoke County",1,17,652,356,296
050,37,093,"North Carolina","Hoke County",1,18,594,332,262
050,37,093,"North Carolina","Hoke County",1,19,521,265,256
050,37,093,"North Carolina","Hoke County",1,20,552,281,271
050,37,093,"North Carolina","Hoke County",1,21,560,280,280
050,37,093,"North Carolina","Hoke County",1,22,594,303,291
050,37,093,"North Carolina","Hoke County",1,23,601,283,318
050,37,093,"North Carolina","Hoke County",1,24,643,318,325
050,37,093,"North Carolina","Hoke County",1,25,739,364,375
050,37,093,"North Carolina","Hoke County",1,26,832,403,429
050,37,093,"North Carolina","Hoke County",1,27,848,426,422
050,37,093,"North Carolina","Hoke County",1,28,938,487,451
050,37,093,"North Carolina","Hoke County",1,29,935,477,458
050,37,093,"North Carolina","Hoke County",1,30,976,470,506
050,37,093,"North Carolina","Hoke County",1,31,919,442,477
050,37,093,"North Carolina","Hoke County",1,32,887,437,450
050,37,093,"North Carolina","Hoke County",1,33,883,443,440
050,37,093,"North Carolina","Hoke County",1,34,878,437,441
050,37,093,"North Carolina","Hoke County",1,35,853,426,427
050,37,093,"North Carolina","Hoke County",1,36,826,380,446
050,37,093,"North Carolina","Hoke County",1,37,822,405,417
050,37,093,"North Carolina","Hoke County",1,38,789,400,389
050,37,093,"North Carolina","Hoke County",1,39,792,366,426
050,37,093,"North Carolina","Hoke County",1,40,748,337,411
050,37,093,"North Carolina","Hoke County",1,41,711,342,369
050,37,093,"North Carolina","Hoke County",1,42,675,341,334
050,37,093,"North Carolina","Hoke County",1,43,616,298,318
050,37,093,"North Carolina","Hoke County",1,44,593,287,306
050,37,093,"North Carolina","Hoke County",1,45,605,306,299
050,37,093,"North Carolina","Hoke County",1,46,587,274,313
050,37,093,"North Carolina","Hoke County",1,47,608,298,310
050,37,093,"North Carolina","Hoke County",1,48,636,327,309
050,37,093,"North Carolina","Hoke County",1,49,683,337,346
050,37,093,"North Carolina","Hoke County",1,50,593,284,309
050,37,093,"North Carolina","Hoke County",1,51,584,292,292
050,37,093,"North Carolina","Hoke County",1,52,543,251,292
050,37,093,"North Carolina","Hoke County",1,53,560,245,315
050,37,093,"North Carolina","Hoke County",1,54,609,280,329
050,37,093,"North Carolina","Hoke County",1,55,629,309,320
050,37,093,"North Carolina","Hoke County",1,56,635,301,334
050,37,093,"North Carolina","Hoke County",1,57,604,294,310
050,37,093,"North Carolina","Hoke County",1,58,651,313,338
050,37,093,"North Carolina","Hoke County",1,59,596,273,323
050,37,093,"North Carolina","Hoke County",1,60,590,278,312
050,37,093,"North Carolina","Hoke County",1,61,573,280,293
050,37,093,"North Carolina","Hoke County",1,62,568,277,291
050,37,093,"North Carolina","Hoke County",1,63,528,252,276
050,37,093,"North Carolina","Hoke County",1,64,514,230,284
050,37,093,"North Carolina","Hoke County",1,65,487,222,265
050,37,093,"North Carolina","Hoke County",1,66,464,209,255
050,37,093,"North Carolina","Hoke County",1,67,446,203,243
050,37,093,"North Carolina","Hoke County",1,68,427,204,223
050,37,093,"North Carolina","Hoke County",1,69,394,184,210
050,37,093,"North Carolina","Hoke County",1,70,354,168,186
050,37,093,"North Carolina","Hoke County",1,71,336,148,188
050,37,093,"North Carolina","Hoke County",1,72,330,155,175
050,37,093,"North Carolina","Hoke County",1,73,301,135,166
050,37,093,"North Carolina","Hoke County",1,74,233,99,134
050,37,093,"North Carolina","Hoke County",1,75,204,106,98
050,37,093,"North Carolina","Hoke County",1,76,183,94,89
050,37,093,"North Carolina","Hoke County",1,77,189,98,91
050,37,093,"North Carolina","Hoke County",1,78,158,79,79
050,37,093,"North Carolina","Hoke County",1,79,140,54,86
050,37,093,"North Carolina","Hoke County",1,80,128,53,75
050,37,093,"North Carolina","Hoke County",1,81,136,51,85
050,37,093,"North Carolina","Hoke County",1,82,103,46,57
050,37,093,"North Carolina","Hoke County",1,83,94,40,54
050,37,093,"North Carolina","Hoke County",1,84,84,28,56
050,37,093,"North Carolina","Hoke County",1,85,416,136,280
050,37,093,"North Carolina","Hoke County",2,0,784,392,392
050,37,093,"North Carolina","Hoke County",2,1,805,395,410
050,37,093,"North Carolina","Hoke County",2,2,825,403,422
050,37,093,"North Carolina","Hoke County",2,3,853,424,429
050,37,093,"North Carolina","Hoke County",2,4,880,435,445
050,37,093,"North Carolina","Hoke County",2,5,873,449,424
050,37,093,"North Carolina","Hoke County",2,6,810,422,388
050,37,093,"North Carolina","Hoke County",2,7,822,408,414
050,37,093,"North Carolina","Hoke County",2,8,831,428,403
050,37,093,"North Carolina","Hoke County",2,9,810,418,392
050,37,093,"North Carolina","Hoke County",2,10,796,406,390
050,37,093,"North Carolina","Hoke County",2,11,795,400,395
050,37,093,"North Carolina","Hoke County",2,12,785,397,388
050,37,093,"North Carolina","Hoke County",2,13,752,385,367
050,37,093,"North Carolina","Hoke County",2,14,727,382,345
050,37,093,"North Carolina","Hoke County",2,15,724,367,357
050,37,093,"North Carolina","Hoke County",2,16,696,358,338
050,37,093,"North Carolina","Hoke County",2,17,661,359,302
050,37,093,"North Carolina","Hoke County",2,18,593,330,263
050,37,093,"North Carolina","Hoke County",2,19,525,272,253
050,37,093,"North Carolina","Hoke County",2,20,555,283,272
050,37,093,"North Carolina","Hoke County",2,21,570,287,283
050,37,093,"North Carolina","Hoke County",2,22,606,306,300
050,37,093,"North Carolina","Hoke County",2,23,614,300,314
050,37,093,"North Carolina","Hoke County",2,24,653,320,333
050,37,093,"North Carolina","Hoke County",2,25,735,362,373
050,37,093,"North Carolina","Hoke County",2,26,822,402,420
050,37,093,"North Carolina","Hoke County",2,27,865,433,432
050,37,093,"North Carolina","Hoke County",2,28,924,476,448
050,37,093,"North Carolina","Hoke County",2,29,946,483,463
050,37,093,"North Carolina","Hoke County",2,30,974,478,496
050,37,093,"North Carolina","Hoke County",2,31,927,445,482
050,37,093,"North Carolina","Hoke County",2,32,886,438,448
050,37,093,"North Carolina","Hoke County",2,33,880,438,442
050,37,093,"North Carolina","Hoke County",2,34,876,438,438
050,37,093,"North Carolina","Hoke County",2,35,853,425,428
050,37,093,"North Carolina","Hoke County",2,36,822,386,436
050,37,093,"North Carolina","Hoke County",2,37,817,395,422
050,37,093,"North Carolina","Hoke County",2,38,793,394,399
050,37,093,"North Carolina","Hoke County",2,39,779,367,412
050,37,093,"North Carolina","Hoke County",2,40,766,346,420
050,37,093,"North Carolina","Hoke County",2,41,712,339,373
050,37,093,"North Carolina","Hoke County",2,42,681,338,343
050,37,093,"North Carolina","Hoke County",2,43,635,310,325
050,37,093,"North Carolina","Hoke County",2,44,591,286,305
050,37,093,"North Carolina","Hoke County",2,45,606,304,302
050,37,093,"North Carolina","Hoke County",2,46,585,279,306
050,37,093,"North Carolina","Hoke County",2,47,605,294,311
050,37,093,"North Carolina","Hoke County",2,48,632,321,311
050,37,093,"North Carolina","Hoke County",2,49,680,337,343
050,37,093,"North Carolina","Hoke County",2,50,613,295,318
050,37,093,"North Carolina","Hoke County",2,51,582,287,295
050,37,093,"North Carolina","Hoke County",2,52,552,260,292
050,37,093,"North Carolina","Hoke County",2,53,557,249,308
050,37,093,"North Carolina","Hoke County",2,54,598,273,325
050,37,093,"North Carolina","Hoke County",2,55,628,303,325
050,37,093,"North Carolina","Hoke County",2,56,637,302,335
050,37,093,"North Carolina","Hoke County",2,57,616,300,316
050,37,093,"North Carolina","Hoke County",2,58,639,309,330
050,37,093,"North Carolina","Hoke County",2,59,610,282,328
050,37,093,"North Carolina","Hoke County",2,60,595,279,316
050,37,093,"North Carolina","Hoke County",2,61,581,282,299
050,37,093,"North Carolina","Hoke County",2,62,566,276,290
050,37,093,"North Carolina","Hoke County",2,63,539,257,282
050,37,093,"North Carolina","Hoke County",2,64,512,234,278
050,37,093,"North Carolina","Hoke County",2,65,495,224,271
050,37,093,"North Carolina","Hoke County",2,66,475,213,262
050,37,093,"North Carolina","Hoke County",2,67,445,200,245
050,37,093,"North Carolina","Hoke County",2,68,425,201,224
050,37,093,"North Carolina","Hoke County",2,69,402,186,216
050,37,093,"North Carolina","Hoke County",2,70,362,169,193
050,37,093,"North Carolina","Hoke County",2,71,339,150,189
050,37,093,"North Carolina","Hoke County",2,72,328,153,175
050,37,093,"North Carolina","Hoke County",2,73,317,143,174
050,37,093,"North Carolina","Hoke County",2,74,240,103,137
050,37,093,"North Carolina","Hoke County",2,75,210,105,105
050,37,093,"North Carolina","Hoke County",2,76,188,98,90
050,37,093,"North Carolina","Hoke County",2,77,186,97,89
050,37,093,"North Carolina","Hoke County",2,78,158,79,79
050,37,093,"North Carolina","Hoke County",2,79,145,59,86
050,37,093,"North Carolina","Hoke County",2,80,130,53,77
050,37,093,"North Carolina","Hoke County",2,81,132,50,82
050,37,093,"North Carolina","Hoke County",2,82,104,44,60
050,37,093,"North Carolina","Hoke County",2,83,91,40,51
050,37,093,"North Carolina","Hoke County",2,84,86,31,55
050,37,093,"North Carolina","Hoke County",2,85,416,134,282
050,37,093,"North Carolina","Hoke County",3,0,837,438,399
050,37,093,"North Carolina","Hoke County",3,1,847,449,398
050,37,093,"North Carolina","Hoke County",3,2,843,439,404
050,37,093,"North Carolina","Hoke County",3,3,829,406,423
050,37,093,"North Carolina","Hoke County",3,4,881,438,443
050,37,093,"North Carolina","Hoke County",3,5,876,421,455
050,37,093,"North Carolina","Hoke County",3,6,881,452,429
050,37,093,"North Carolina","Hoke County",3,7,822,444,378
050,37,093,"North Carolina","Hoke County",3,8,838,426,412
050,37,093,"North Carolina","Hoke County",3,9,841,441,400
050,37,093,"North Carolina","Hoke County",3,10,809,415,394
050,37,093,"North Carolina","Hoke County",3,11,760,377,383
050,37,093,"North Carolina","Hoke County",3,12,791,395,396
050,37,093,"North Carolina","Hoke County",3,13,770,380,390
050,37,093,"North Carolina","Hoke County",3,14,748,386,362
050,37,093,"North Carolina","Hoke County",3,15,716,387,329
050,37,093,"North Carolina","Hoke County",3,16,720,362,358
050,37,093,"North Carolina","Hoke County",3,17,698,370,328
050,37,093,"North Carolina","Hoke County",3,18,590,328,262
050,37,093,"North Carolina","Hoke County",3,19,535,287,248
050,37,093,"North Carolina","Hoke County",3,20,540,268,272
050,37,093,"North Carolina","Hoke County",3,21,587,303,284
050,37,093,"North Carolina","Hoke County",3,22,611,292,319
050,37,093,"North Carolina","Hoke County",3,23,705,360,345
050,37,093,"North Carolina","Hoke County",3,24,716,353,363
050,37,093,"North Carolina","Hoke County",3,25,734,350,384
050,37,093,"North Carolina","Hoke County",3,26,800,409,391
050,37,093,"North Carolina","Hoke County",3,27,878,457,421
050,37,093,"North Carolina","Hoke County",3,28,914,465,449
050,37,093,"North Carolina","Hoke County",3,29,943,473,470
050,37,093,"North Carolina","Hoke County",3,30,926,454,472
050,37,093,"North Carolina","Hoke County",3,31,999,506,493
050,37,093,"North Carolina","Hoke County",3,32,923,432,491
050,37,093,"North Carolina","Hoke County",3,33,917,464,453
050,37,093,"North Carolina","Hoke County",3,34,894,437,457
050,37,093,"North Carolina","Hoke County",3,35,871,419,452
050,37,093,"North Carolina","Hoke County",3,36,852,428,424
050,37,093,"North Carolina","Hoke County",3,37,801,388,413
050,37,093,"North Carolina","Hoke County",3,38,795,393,402
050,37,093,"North Carolina","Hoke County",3,39,804,398,406
050,37,093,"North Carolina","Hoke County",3,40,753,351,402
050,37,093,"North Carolina","Hoke County",3,41,782,355,427
050,37,093,"North Carolina","Hoke County",3,42,696,330,366
050,37,093,"North Carolina","Hoke County",3,43,649,316,333
050,37,093,"North Carolina","Hoke County",3,44,622,306,316
050,37,093,"North Carolina","Hoke County",3,45,573,271,302
050,37,093,"North Carolina","Hoke County",3,46,600,300,300
050,37,093,"North Carolina","Hoke County",3,47,582,274,308
050,37,093,"North Carolina","Hoke County",3,48,598,288,310
050,37,093,"North Carolina","Hoke County",3,49,624,306,318
050,37,093,"North Carolina","Hoke County",3,50,662,322,340
050,37,093,"North Carolina","Hoke County",3,51,607,298,309
050,37,093,"North Carolina","Hoke County",3,52,591,290,301
050,37,093,"North Carolina","Hoke County",3,53,551,273,278
050,37,093,"North Carolina","Hoke County",3,54,554,251,303
050,37,093,"North Carolina","Hoke County",3,55,601,272,329
050,37,093,"North Carolina","Hoke County",3,56,650,316,334
050,37,093,"North Carolina","Hoke County",3,57,624,293,331
050,37,093,"North Carolina","Hoke County",3,58,614,302,312
050,37,093,"North Carolina","Hoke County",3,59,645,317,328
050,37,093,"North Carolina","Hoke County",3,60,608,270,338
050,37,093,"North Carolina","Hoke County",3,61,578,268,310
050,37,093,"North Carolina","Hoke County",3,62,576,275,301
050,37,093,"North Carolina","Hoke County",3,63,548,268,280
050,37,093,"North Carolina","Hoke County",3,64,536,265,271
050,37,093,"North Carolina","Hoke County",3,65,518,239,279
050,37,093,"North Carolina","Hoke County",3,66,482,213,269
050,37,093,"North Carolina","Hoke County",3,67,451,203,248
050,37,093,"North Carolina","Hoke County",3,68,430,195,235
050,37,093,"North Carolina","Hoke County",3,69,420,198,222
050,37,093,"North Carolina","Hoke County",3,70,392,185,207
050,37,093,"North Carolina","Hoke County",3,71,358,166,192
050,37,093,"North Carolina","Hoke County",3,72,333,150,183
050,37,093,"North Carolina","Hoke County",3,73,312,140,172
050,37,093,"North Carolina","Hoke County",3,74,311,144,167
050,37,093,"North Carolina","Hoke County",3,75,226,95,131
050,37,093,"North Carolina","Hoke County",3,76,206,103,103
050,37,093,"North Carolina","Hoke County",3,77,181,94,87
050,37,093,"North Carolina","Hoke County",3,78,164,89,75
050,37,093,"North Carolina","Hoke County",3,79,157,71,86
050,37,093,"North Carolina","Hoke County",3,80,129,53,76
050,37,093,"North Carolina","Hoke County",3,81,130,57,73
050,37,093,"North Carolina","Hoke County",3,82,123,47,76
050,37,093,"North Carolina","Hoke County",3,83,92,40,52
050,37,093,"North Carolina","Hoke County",3,84,84,37,47
050,37,093,"North Carolina","Hoke County",3,85,414,139,275
050,37,093,"North Carolina","Hoke County",4,0,913,480,433
050,37,093,"North Carolina","Hoke County",4,1,842,410,432
050,37,093,"North Carolina","Hoke County",4,2,860,448,412
050,37,093,"North Carolina","Hoke County",4,3,826,412,414
050,37,093,"North Carolina","Hoke County",4,4,790,407,383
050,37,093,"North Carolina","Hoke County",4,5,881,436,445
050,37,093,"North Carolina","Hoke County",4,6,824,400,424
050,37,093,"North Carolina","Hoke County",4,7,882,461,421
050,37,093,"North Carolina","Hoke County",4,8,817,421,396
050,37,093,"North Carolina","Hoke County",4,9,792,405,387
050,37,093,"North Carolina","Hoke County",4,10,819,421,398
050,37,093,"North Carolina","Hoke County",4,11,820,424,396
050,37,093,"North Carolina","Hoke County",4,12,761,383,378
050,37,093,"North Carolina","Hoke County",4,13,776,377,399
050,37,093,"North Carolina","Hoke County",4,14,775,386,389
050,37,093,"North Carolina","Hoke County",4,15,740,387,353
050,37,093,"North Carolina","Hoke County",4,16,716,380,336
050,37,093,"North Carolina","Hoke County",4,17,717,370,347
050,37,093,"North Carolina","Hoke County",4,18,608,322,286
050,37,093,"North Carolina","Hoke County",4,19,510,274,236
050,37,093,"North Carolina","Hoke County",4,20,551,291,260
050,37,093,"North Carolina","Hoke County",4,21,584,294,290
050,37,093,"North Carolina","Hoke County",4,22,610,298,312
050,37,093,"North Carolina","Hoke County",4,23,638,288,350
050,37,093,"North Carolina","Hoke County",4,24,753,369,384
050,37,093,"North Carolina","Hoke County",4,25,758,388,370
050,37,093,"North Carolina","Hoke County",4,26,780,372,408
050,37,093,"North Carolina","Hoke County",4,27,888,468,420
050,37,093,"North Carolina","Hoke County",4,28,912,461,451
050,37,093,"North Carolina","Hoke County",4,29,943,466,477
050,37,093,"North Carolina","Hoke County",4,30,961,488,473
050,37,093,"North Carolina","Hoke County",4,31,937,482,455
050,37,093,"North Carolina","Hoke County",4,32,982,499,483
050,37,093,"North Carolina","Hoke County",4,33,954,460,494
050,37,093,"North Carolina","Hoke County",4,34,863,448,415
050,37,093,"North Carolina","Hoke County",4,35,868,427,441
050,37,093,"North Carolina","Hoke County",4,36,831,398,433
050,37,093,"North Carolina","Hoke County",4,37,827,410,417
050,37,093,"North Carolina","Hoke County",4,38,793,382,411
050,37,093,"North Carolina","Hoke County",4,39,757,368,389
050,37,093,"North Carolina","Hoke County",4,40,766,359,407
050,37,093,"North Carolina","Hoke County",4,41,762,360,402
050,37,093,"North Carolina","Hoke County",4,42,771,339,432
050,37,093,"North Carolina","Hoke County",4,43,700,332,368
050,37,093,"North Carolina","Hoke County",4,44,641,309,332
050,37,093,"North Carolina","Hoke County",4,45,633,307,326
050,37,093,"North Carolina","Hoke County",4,46,576,267,309
050,37,093,"North Carolina","Hoke County",4,47,587,292,295
050,37,093,"North Carolina","Hoke County",4,48,567,263,304
050,37,093,"North Carolina","Hoke County",4,49,617,290,327
050,37,093,"North Carolina","Hoke County",4,50,632,328,304
050,37,093,"North Carolina","Hoke County",4,51,659,321,338
050,37,093,"North Carolina","Hoke County",4,52,604,296,308
050,37,093,"North Carolina","Hoke County",4,53,573,270,303
050,37,093,"North Carolina","Hoke County",4,54,541,270,271
050,37,093,"North Carolina","Hoke County",4,55,553,254,299
050,37,093,"North Carolina","Hoke County",4,56,596,270,326
050,37,093,"North Carolina","Hoke County",4,57,651,321,330
050,37,093,"North Carolina","Hoke County",4,58,617,284,333
050,37,093,"North Carolina","Hoke County",4,59,620,307,313
050,37,093,"North Carolina","Hoke County",4,60,630,308,322
050,37,093,"North Carolina","Hoke County",4,61,602,264,338
050,37,093,"North Carolina","Hoke County",4,62,582,266,316
050,37,093,"North Carolina","Hoke County",4,63,572,273,299
050,37,093,"North Carolina","Hoke County",4,64,542,269,273
050,37,093,"North Carolina","Hoke County",4,65,546,268,278
050,37,093,"North Carolina","Hoke County",4,66,501,230,271
050,37,093,"North Carolina","Hoke County",4,67,480,218,262
050,37,093,"North Carolina","Hoke County",4,68,449,202,247
050,37,093,"North Carolina","Hoke County",4,69,433,192,241
050,37,093,"North Carolina","Hoke County",4,70,404,188,216
050,37,093,"North Carolina","Hoke County",4,71,389,182,207
050,37,093,"North Carolina","Hoke County",4,72,352,164,188
050,37,093,"North Carolina","Hoke County",4,73,316,138,178
050,37,093,"North Carolina","Hoke County",4,74,300,135,165
050,37,093,"North Carolina","Hoke County",4,75,301,134,167
050,37,093,"North Carolina","Hoke County",4,76,221,89,132
050,37,093,"North Carolina","Hoke County",4,77,200,98,102
050,37,093,"North Carolina","Hoke County",4,78,158,81,77
050,37,093,"North Carolina","Hoke County",4,79,164,87,77
050,37,093,"North Carolina","Hoke County",4,80,143,66,77
050,37,093,"North Carolina","Hoke County",4,81,132,61,71
050,37,093,"North Carolina","Hoke County",4,82,125,56,69
050,37,093,"North Carolina","Hoke County",4,83,115,44,71
050,37,093,"North Carolina","Hoke County",4,84,92,36,56
050,37,093,"North Carolina","Hoke County",4,85,417,153,264
050,37,093,"North Carolina","Hoke County",5,0,905,473,432
050,37,093,"North Carolina","Hoke County",5,1,908,490,418
050,37,093,"North Carolina","Hoke County",5,2,814,398,416
050,37,093,"North Carolina","Hoke County",5,3,852,447,405
050,37,093,"North Carolina","Hoke County",5,4,826,420,406
050,37,093,"North Carolina","Hoke County",5,5,807,419,388
050,37,093,"North Carolina","Hoke County",5,6,855,424,431
050,37,093,"North Carolina","Hoke County",5,7,828,409,419
050,37,093,"North Carolina","Hoke County",5,8,849,457,392
050,37,093,"North Carolina","Hoke County",5,9,811,415,396
050,37,093,"North Carolina","Hoke County",5,10,784,411,373
050,37,093,"North Carolina","Hoke County",5,11,798,408,390
050,37,093,"North Carolina","Hoke County",5,12,820,425,395
050,37,093,"North Carolina","Hoke County",5,13,733,374,359
050,37,093,"North Carolina","Hoke County",5,14,767,381,386
050,37,093,"North Carolina","Hoke County",5,15,770,396,374
050,37,093,"North Carolina","Hoke County",5,16,746,380,366
050,37,093,"North Carolina","Hoke County",5,17,685,366,319
050,37,093,"North Carolina","Hoke County",5,18,648,327,321
050,37,093,"North Carolina","Hoke County",5,19,525,276,249
050,37,093,"North Carolina","Hoke County",5,20,530,287,243
050,37,093,"North Carolina","Hoke County",5,21,571,306,265
050,37,093,"North Carolina","Hoke County",5,22,648,306,342
050,37,093,"North Carolina","Hoke County",5,23,646,309,337
050,37,093,"North Carolina","Hoke County",5,24,686,318,368
050,37,093,"North Carolina","Hoke County",5,25,775,389,386
050,37,093,"North Carolina","Hoke County",5,26,804,404,400
050,37,093,"North Carolina","Hoke County",5,27,819,409,410
050,37,093,"North Carolina","Hoke County",5,28,916,490,426
050,37,093,"North Carolina","Hoke County",5,29,979,500,479
050,37,093,"North Carolina","Hoke County",5,30,937,465,472
050,37,093,"North Carolina","Hoke County",5,31,1013,524,489
050,37,093,"North Carolina","Hoke County",5,32,972,492,480
050,37,093,"North Carolina","Hoke County",5,33,980,492,488
050,37,093,"North Carolina","Hoke County",5,34,940,479,461
050,37,093,"North Carolina","Hoke County",5,35,869,441,428
050,37,093,"North Carolina","Hoke County",5,36,866,427,439
050,37,093,"North Carolina","Hoke County",5,37,838,415,423
050,37,093,"North Carolina","Hoke County",5,38,803,396,407
050,37,093,"North Carolina","Hoke County",5,39,789,371,418
050,37,093,"North Carolina","Hoke County",5,40,739,353,386
050,37,093,"North Carolina","Hoke County",5,41,755,368,387
050,37,093,"North Carolina","Hoke County",5,42,755,355,400
050,37,093,"North Carolina","Hoke County",5,43,760,347,413
050,37,093,"North Carolina","Hoke County",5,44,683,327,356
050,37,093,"North Carolina","Hoke County",5,45,649,315,334
050,37,093,"North Carolina","Hoke County",5,46,620,293,327
050,37,093,"North Carolina","Hoke County",5,47,562,269,293
050,37,093,"North Carolina","Hoke County",5,48,598,306,292
050,37,093,"North Carolina","Hoke County",5,49,579,269,310
050,37,093,"North Carolina","Hoke County",5,50,599,278,321
050,37,093,"North Carolina","Hoke County",5,51,634,322,312
050,37,093,"North Carolina","Hoke County",5,52,671,328,343
050,37,093,"North Carolina","Hoke County",5,53,597,298,299
050,37,093,"North Carolina","Hoke County",5,54,582,265,317
050,37,093,"North Carolina","Hoke County",5,55,548,270,278
050,37,093,"North Carolina","Hoke County",5,56,566,256,310
050,37,093,"North Carolina","Hoke County",5,57,580,271,309
050,37,093,"North Carolina","Hoke County",5,58,626,295,331
050,37,093,"North Carolina","Hoke County",5,59,607,278,329
050,37,093,"North Carolina","Hoke County",5,60,611,290,321
050,37,093,"North Carolina","Hoke County",5,61,633,314,319
050,37,093,"North Carolina","Hoke County",5,62,596,260,336
050,37,093,"North Carolina","Hoke County",5,63,593,264,329
050,37,093,"North Carolina","Hoke County",5,64,575,276,299
050,37,093,"North Carolina","Hoke County",5,65,557,275,282
050,37,093,"North Carolina","Hoke County",5,66,554,266,288
050,37,093,"North Carolina","Hoke County",5,67,499,232,267
050,37,093,"North Carolina","Hoke County",5,68,476,217,259
050,37,093,"North Carolina","Hoke County",5,69,464,203,261
050,37,093,"North Carolina","Hoke County",5,70,431,190,241
050,37,093,"North Carolina","Hoke County",5,71,399,187,212
050,37,093,"North Carolina","Hoke County",5,72,380,184,196
050,37,093,"North Carolina","Hoke County",5,73,349,157,192
050,37,093,"North Carolina","Hoke County",5,74,307,133,174
050,37,093,"North Carolina","Hoke County",5,75,283,121,162
050,37,093,"North Carolina","Hoke County",5,76,287,122,165
050,37,093,"North Carolina","Hoke County",5,77,212,86,126
050,37,093,"North Carolina","Hoke County",5,78,182,88,94
050,37,093,"North Carolina","Hoke County",5,79,157,74,83
050,37,093,"North Carolina","Hoke County",5,80,145,81,64
050,37,093,"North Carolina","Hoke County",5,81,148,73,75
050,37,093,"North Carolina","Hoke County",5,82,125,57,68
050,37,093,"North Carolina","Hoke County",5,83,115,51,64
050,37,093,"North Carolina","Hoke County",5,84,112,40,72
050,37,093,"North Carolina","Hoke County",5,85,434,169,265
050,37,095,"North Carolina","Hyde County",1,0,32,16,16
050,37,095,"North Carolina","Hyde County",1,1,24,8,16
050,37,095,"North Carolina","Hyde County",1,2,29,15,14
050,37,095,"North Carolina","Hyde County",1,3,29,18,11
050,37,095,"North Carolina","Hyde County",1,4,43,22,21
050,37,095,"North Carolina","Hyde County",1,5,36,19,17
050,37,095,"North Carolina","Hyde County",1,6,41,21,20
050,37,095,"North Carolina","Hyde County",1,7,48,21,27
050,37,095,"North Carolina","Hyde County",1,8,42,22,20
050,37,095,"North Carolina","Hyde County",1,9,32,20,12
050,37,095,"North Carolina","Hyde County",1,10,49,24,25
050,37,095,"North Carolina","Hyde County",1,11,46,27,19
050,37,095,"North Carolina","Hyde County",1,12,55,28,27
050,37,095,"North Carolina","Hyde County",1,13,56,27,29
050,37,095,"North Carolina","Hyde County",1,14,47,24,23
050,37,095,"North Carolina","Hyde County",1,15,41,20,21
050,37,095,"North Carolina","Hyde County",1,16,35,15,20
050,37,095,"North Carolina","Hyde County",1,17,51,21,30
050,37,095,"North Carolina","Hyde County",1,18,42,24,18
050,37,095,"North Carolina","Hyde County",1,19,38,19,19
050,37,095,"North Carolina","Hyde County",1,20,29,15,14
050,37,095,"North Carolina","Hyde County",1,21,44,29,15
050,37,095,"North Carolina","Hyde County",1,22,45,30,15
050,37,095,"North Carolina","Hyde County",1,23,47,31,16
050,37,095,"North Carolina","Hyde County",1,24,65,47,18
050,37,095,"North Carolina","Hyde County",1,25,50,32,18
050,37,095,"North Carolina","Hyde County",1,26,58,36,22
050,37,095,"North Carolina","Hyde County",1,27,58,37,21
050,37,095,"North Carolina","Hyde County",1,28,51,35,16
050,37,095,"North Carolina","Hyde County",1,29,52,32,20
050,37,095,"North Carolina","Hyde County",1,30,62,47,15
050,37,095,"North Carolina","Hyde County",1,31,61,46,15
050,37,095,"North Carolina","Hyde County",1,32,56,40,16
050,37,095,"North Carolina","Hyde County",1,33,60,36,24
050,37,095,"North Carolina","Hyde County",1,34,56,39,17
050,37,095,"North Carolina","Hyde County",1,35,59,44,15
050,37,095,"North Carolina","Hyde County",1,36,64,41,23
050,37,095,"North Carolina","Hyde County",1,37,60,39,21
050,37,095,"North Carolina","Hyde County",1,38,65,43,22
050,37,095,"North Carolina","Hyde County",1,39,53,32,21
050,37,095,"North Carolina","Hyde County",1,40,61,39,22
050,37,095,"North Carolina","Hyde County",1,41,49,32,17
050,37,095,"North Carolina","Hyde County",1,42,68,48,20
050,37,095,"North Carolina","Hyde County",1,43,56,37,19
050,37,095,"North Carolina","Hyde County",1,44,58,35,23
050,37,095,"North Carolina","Hyde County",1,45,63,36,27
050,37,095,"North Carolina","Hyde County",1,46,65,38,27
050,37,095,"North Carolina","Hyde County",1,47,63,35,28
050,37,095,"North Carolina","Hyde County",1,48,54,31,23
050,37,095,"North Carolina","Hyde County",1,49,62,36,26
050,37,095,"North Carolina","Hyde County",1,50,60,29,31
050,37,095,"North Carolina","Hyde County",1,51,65,40,25
050,37,095,"North Carolina","Hyde County",1,52,62,31,31
050,37,095,"North Carolina","Hyde County",1,53,55,29,26
050,37,095,"North Carolina","Hyde County",1,54,59,32,27
050,37,095,"North Carolina","Hyde County",1,55,53,26,27
050,37,095,"North Carolina","Hyde County",1,56,66,33,33
050,37,095,"North Carolina","Hyde County",1,57,65,30,35
050,37,095,"North Carolina","Hyde County",1,58,66,34,32
050,37,095,"North Carolina","Hyde County",1,59,70,32,38
050,37,095,"North Carolina","Hyde County",1,60,70,39,31
050,37,095,"North Carolina","Hyde County",1,61,85,41,44
050,37,095,"North Carolina","Hyde County",1,62,84,42,42
050,37,095,"North Carolina","Hyde County",1,63,85,40,45
050,37,095,"North Carolina","Hyde County",1,64,85,41,44
050,37,095,"North Carolina","Hyde County",1,65,82,38,44
050,37,095,"North Carolina","Hyde County",1,66,95,46,49
050,37,095,"North Carolina","Hyde County",1,67,83,41,42
050,37,095,"North Carolina","Hyde County",1,68,71,39,32
050,37,095,"North Carolina","Hyde County",1,69,59,32,27
050,37,095,"North Carolina","Hyde County",1,70,65,30,35
050,37,095,"North Carolina","Hyde County",1,71,52,23,29
050,37,095,"North Carolina","Hyde County",1,72,59,32,27
050,37,095,"North Carolina","Hyde County",1,73,59,28,31
050,37,095,"North Carolina","Hyde County",1,74,39,13,26
050,37,095,"North Carolina","Hyde County",1,75,39,16,23
050,37,095,"North Carolina","Hyde County",1,76,33,17,16
050,37,095,"North Carolina","Hyde County",1,77,38,14,24
050,37,095,"North Carolina","Hyde County",1,78,26,13,13
050,37,095,"North Carolina","Hyde County",1,79,32,19,13
050,37,095,"North Carolina","Hyde County",1,80,26,12,14
050,37,095,"North Carolina","Hyde County",1,81,25,13,12
050,37,095,"North Carolina","Hyde County",1,82,24,12,12
050,37,095,"North Carolina","Hyde County",1,83,23,7,16
050,37,095,"North Carolina","Hyde County",1,84,21,5,16
050,37,095,"North Carolina","Hyde County",1,85,97,21,76
050,37,095,"North Carolina","Hyde County",2,0,31,15,16
050,37,095,"North Carolina","Hyde County",2,1,26,10,16
050,37,095,"North Carolina","Hyde County",2,2,28,14,14
050,37,095,"North Carolina","Hyde County",2,3,28,17,11
050,37,095,"North Carolina","Hyde County",2,4,39,21,18
050,37,095,"North Carolina","Hyde County",2,5,37,19,18
050,37,095,"North Carolina","Hyde County",2,6,39,21,18
050,37,095,"North Carolina","Hyde County",2,7,45,20,25
050,37,095,"North Carolina","Hyde County",2,8,43,22,21
050,37,095,"North Carolina","Hyde County",2,9,33,20,13
050,37,095,"North Carolina","Hyde County",2,10,47,24,23
050,37,095,"North Carolina","Hyde County",2,11,46,25,21
050,37,095,"North Carolina","Hyde County",2,12,54,28,26
050,37,095,"North Carolina","Hyde County",2,13,55,28,27
050,37,095,"North Carolina","Hyde County",2,14,50,26,24
050,37,095,"North Carolina","Hyde County",2,15,40,20,20
050,37,095,"North Carolina","Hyde County",2,16,36,16,20
050,37,095,"North Carolina","Hyde County",2,17,46,19,27
050,37,095,"North Carolina","Hyde County",2,18,43,22,21
050,37,095,"North Carolina","Hyde County",2,19,34,18,16
050,37,095,"North Carolina","Hyde County",2,20,32,17,15
050,37,095,"North Carolina","Hyde County",2,21,44,29,15
050,37,095,"North Carolina","Hyde County",2,22,44,30,14
050,37,095,"North Carolina","Hyde County",2,23,47,32,15
050,37,095,"North Carolina","Hyde County",2,24,61,44,17
050,37,095,"North Carolina","Hyde County",2,25,53,35,18
050,37,095,"North Carolina","Hyde County",2,26,56,35,21
050,37,095,"North Carolina","Hyde County",2,27,58,37,21
050,37,095,"North Carolina","Hyde County",2,28,52,35,17
050,37,095,"North Carolina","Hyde County",2,29,51,31,20
050,37,095,"North Carolina","Hyde County",2,30,63,46,17
050,37,095,"North Carolina","Hyde County",2,31,62,46,16
050,37,095,"North Carolina","Hyde County",2,32,54,39,15
050,37,095,"North Carolina","Hyde County",2,33,57,35,22
050,37,095,"North Carolina","Hyde County",2,34,56,38,18
050,37,095,"North Carolina","Hyde County",2,35,58,42,16
050,37,095,"North Carolina","Hyde County",2,36,62,41,21
050,37,095,"North Carolina","Hyde County",2,37,59,38,21
050,37,095,"North Carolina","Hyde County",2,38,67,45,22
050,37,095,"North Carolina","Hyde County",2,39,52,31,21
050,37,095,"North Carolina","Hyde County",2,40,60,38,22
050,37,095,"North Carolina","Hyde County",2,41,51,33,18
050,37,095,"North Carolina","Hyde County",2,42,66,46,20
050,37,095,"North Carolina","Hyde County",2,43,58,38,20
050,37,095,"North Carolina","Hyde County",2,44,54,33,21
050,37,095,"North Carolina","Hyde County",2,45,62,36,26
050,37,095,"North Carolina","Hyde County",2,46,64,38,26
050,37,095,"North Carolina","Hyde County",2,47,63,36,27
050,37,095,"North Carolina","Hyde County",2,48,54,29,25
050,37,095,"North Carolina","Hyde County",2,49,61,36,25
050,37,095,"North Carolina","Hyde County",2,50,59,31,28
050,37,095,"North Carolina","Hyde County",2,51,64,37,27
050,37,095,"North Carolina","Hyde County",2,52,64,33,31
050,37,095,"North Carolina","Hyde County",2,53,55,29,26
050,37,095,"North Carolina","Hyde County",2,54,57,31,26
050,37,095,"North Carolina","Hyde County",2,55,54,27,27
050,37,095,"North Carolina","Hyde County",2,56,64,32,32
050,37,095,"North Carolina","Hyde County",2,57,65,31,34
050,37,095,"North Carolina","Hyde County",2,58,67,33,34
050,37,095,"North Carolina","Hyde County",2,59,67,32,35
050,37,095,"North Carolina","Hyde County",2,60,71,37,34
050,37,095,"North Carolina","Hyde County",2,61,81,40,41
050,37,095,"North Carolina","Hyde County",2,62,83,40,43
050,37,095,"North Carolina","Hyde County",2,63,84,39,45
050,37,095,"North Carolina","Hyde County",2,64,84,40,44
050,37,095,"North Carolina","Hyde County",2,65,81,38,43
050,37,095,"North Carolina","Hyde County",2,66,92,45,47
050,37,095,"North Carolina","Hyde County",2,67,86,42,44
050,37,095,"North Carolina","Hyde County",2,68,72,37,35
050,37,095,"North Carolina","Hyde County",2,69,62,35,27
050,37,095,"North Carolina","Hyde County",2,70,64,31,33
050,37,095,"North Carolina","Hyde County",2,71,56,25,31
050,37,095,"North Carolina","Hyde County",2,72,56,30,26
050,37,095,"North Carolina","Hyde County",2,73,60,29,31
050,37,095,"North Carolina","Hyde County",2,74,42,16,26
050,37,095,"North Carolina","Hyde County",2,75,39,15,24
050,37,095,"North Carolina","Hyde County",2,76,32,16,16
050,37,095,"North Carolina","Hyde County",2,77,38,15,23
050,37,095,"North Carolina","Hyde County",2,78,27,13,14
050,37,095,"North Carolina","Hyde County",2,79,30,18,12
050,37,095,"North Carolina","Hyde County",2,80,26,13,13
050,37,095,"North Carolina","Hyde County",2,81,26,13,13
050,37,095,"North Carolina","Hyde County",2,82,23,12,11
050,37,095,"North Carolina","Hyde County",2,83,23,8,15
050,37,095,"North Carolina","Hyde County",2,84,20,4,16
050,37,095,"North Carolina","Hyde County",2,85,98,19,79
050,37,095,"North Carolina","Hyde County",3,0,40,14,26
050,37,095,"North Carolina","Hyde County",3,1,33,15,18
050,37,095,"North Carolina","Hyde County",3,2,26,10,16
050,37,095,"North Carolina","Hyde County",3,3,32,16,16
050,37,095,"North Carolina","Hyde County",3,4,30,17,13
050,37,095,"North Carolina","Hyde County",3,5,35,20,15
050,37,095,"North Carolina","Hyde County",3,6,38,20,18
050,37,095,"North Carolina","Hyde County",3,7,39,20,19
050,37,095,"North Carolina","Hyde County",3,8,43,17,26
050,37,095,"North Carolina","Hyde County",3,9,46,24,22
050,37,095,"North Carolina","Hyde County",3,10,31,20,11
050,37,095,"North Carolina","Hyde County",3,11,47,27,20
050,37,095,"North Carolina","Hyde County",3,12,45,23,22
050,37,095,"North Carolina","Hyde County",3,13,52,30,22
050,37,095,"North Carolina","Hyde County",3,14,48,23,25
050,37,095,"North Carolina","Hyde County",3,15,52,27,25
050,37,095,"North Carolina","Hyde County",3,16,40,19,21
050,37,095,"North Carolina","Hyde County",3,17,36,15,21
050,37,095,"North Carolina","Hyde County",3,18,38,15,23
050,37,095,"North Carolina","Hyde County",3,19,38,19,19
050,37,095,"North Carolina","Hyde County",3,20,37,19,18
050,37,095,"North Carolina","Hyde County",3,21,43,29,14
050,37,095,"North Carolina","Hyde County",3,22,48,34,14
050,37,095,"North Carolina","Hyde County",3,23,51,35,16
050,37,095,"North Carolina","Hyde County",3,24,64,50,14
050,37,095,"North Carolina","Hyde County",3,25,65,50,15
050,37,095,"North Carolina","Hyde County",3,26,47,32,15
050,37,095,"North Carolina","Hyde County",3,27,61,39,22
050,37,095,"North Carolina","Hyde County",3,28,68,47,21
050,37,095,"North Carolina","Hyde County",3,29,41,28,13
050,37,095,"North Carolina","Hyde County",3,30,73,54,19
050,37,095,"North Carolina","Hyde County",3,31,71,54,17
050,37,095,"North Carolina","Hyde County",3,32,56,43,13
050,37,095,"North Carolina","Hyde County",3,33,56,39,17
050,37,095,"North Carolina","Hyde County",3,34,59,40,19
050,37,095,"North Carolina","Hyde County",3,35,62,42,20
050,37,095,"North Carolina","Hyde County",3,36,60,44,16
050,37,095,"North Carolina","Hyde County",3,37,63,42,21
050,37,095,"North Carolina","Hyde County",3,38,74,54,20
050,37,095,"North Carolina","Hyde County",3,39,56,35,21
050,37,095,"North Carolina","Hyde County",3,40,58,38,20
050,37,095,"North Carolina","Hyde County",3,41,61,38,23
050,37,095,"North Carolina","Hyde County",3,42,64,48,16
050,37,095,"North Carolina","Hyde County",3,43,62,41,21
050,37,095,"North Carolina","Hyde County",3,44,58,39,19
050,37,095,"North Carolina","Hyde County",3,45,59,37,22
050,37,095,"North Carolina","Hyde County",3,46,71,46,25
050,37,095,"North Carolina","Hyde County",3,47,72,45,27
050,37,095,"North Carolina","Hyde County",3,48,53,27,26
050,37,095,"North Carolina","Hyde County",3,49,61,35,26
050,37,095,"North Carolina","Hyde County",3,50,58,33,25
050,37,095,"North Carolina","Hyde County",3,51,58,31,27
050,37,095,"North Carolina","Hyde County",3,52,68,38,30
050,37,095,"North Carolina","Hyde County",3,53,62,32,30
050,37,095,"North Carolina","Hyde County",3,54,54,27,27
050,37,095,"North Carolina","Hyde County",3,55,60,33,27
050,37,095,"North Carolina","Hyde County",3,56,59,29,30
050,37,095,"North Carolina","Hyde County",3,57,64,33,31
050,37,095,"North Carolina","Hyde County",3,58,65,29,36
050,37,095,"North Carolina","Hyde County",3,59,64,30,34
050,37,095,"North Carolina","Hyde County",3,60,66,32,34
050,37,095,"North Carolina","Hyde County",3,61,63,29,34
050,37,095,"North Carolina","Hyde County",3,62,79,40,39
050,37,095,"North Carolina","Hyde County",3,63,79,38,41
050,37,095,"North Carolina","Hyde County",3,64,85,40,45
050,37,095,"North Carolina","Hyde County",3,65,80,39,41
050,37,095,"North Carolina","Hyde County",3,66,79,39,40
050,37,095,"North Carolina","Hyde County",3,67,91,44,47
050,37,095,"North Carolina","Hyde County",3,68,88,43,45
050,37,095,"North Carolina","Hyde County",3,69,72,37,35
050,37,095,"North Carolina","Hyde County",3,70,66,38,28
050,37,095,"North Carolina","Hyde County",3,71,64,31,33
050,37,095,"North Carolina","Hyde County",3,72,52,25,27
050,37,095,"North Carolina","Hyde County",3,73,56,30,26
050,37,095,"North Carolina","Hyde County",3,74,57,28,29
050,37,095,"North Carolina","Hyde County",3,75,44,16,28
050,37,095,"North Carolina","Hyde County",3,76,34,13,21
050,37,095,"North Carolina","Hyde County",3,77,31,15,16
050,37,095,"North Carolina","Hyde County",3,78,37,14,23
050,37,095,"North Carolina","Hyde County",3,79,24,11,13
050,37,095,"North Carolina","Hyde County",3,80,26,16,10
050,37,095,"North Carolina","Hyde County",3,81,26,12,14
050,37,095,"North Carolina","Hyde County",3,82,25,13,12
050,37,095,"North Carolina","Hyde County",3,83,22,11,11
050,37,095,"North Carolina","Hyde County",3,84,23,8,15
050,37,095,"North Carolina","Hyde County",3,85,99,13,86
050,37,095,"North Carolina","Hyde County",4,0,34,15,19
050,37,095,"North Carolina","Hyde County",4,1,38,14,24
050,37,095,"North Carolina","Hyde County",4,2,34,15,19
050,37,095,"North Carolina","Hyde County",4,3,25,11,14
050,37,095,"North Carolina","Hyde County",4,4,31,16,15
050,37,095,"North Carolina","Hyde County",4,5,28,16,12
050,37,095,"North Carolina","Hyde County",4,6,31,16,15
050,37,095,"North Carolina","Hyde County",4,7,40,21,19
050,37,095,"North Carolina","Hyde County",4,8,40,21,19
050,37,095,"North Carolina","Hyde County",4,9,46,19,27
050,37,095,"North Carolina","Hyde County",4,10,44,20,24
050,37,095,"North Carolina","Hyde County",4,11,32,21,11
050,37,095,"North Carolina","Hyde County",4,12,44,25,19
050,37,095,"North Carolina","Hyde County",4,13,43,24,19
050,37,095,"North Carolina","Hyde County",4,14,49,29,20
050,37,095,"North Carolina","Hyde County",4,15,44,22,22
050,37,095,"North Carolina","Hyde County",4,16,56,29,27
050,37,095,"North Carolina","Hyde County",4,17,37,19,18
050,37,095,"North Carolina","Hyde County",4,18,30,12,18
050,37,095,"North Carolina","Hyde County",4,19,29,10,19
050,37,095,"North Carolina","Hyde County",4,20,37,19,18
050,37,095,"North Carolina","Hyde County",4,21,42,29,13
050,37,095,"North Carolina","Hyde County",4,22,47,34,13
050,37,095,"North Carolina","Hyde County",4,23,49,34,15
050,37,095,"North Carolina","Hyde County",4,24,61,48,13
050,37,095,"North Carolina","Hyde County",4,25,65,51,14
050,37,095,"North Carolina","Hyde County",4,26,59,43,16
050,37,095,"North Carolina","Hyde County",4,27,58,40,18
050,37,095,"North Carolina","Hyde County",4,28,65,46,19
050,37,095,"North Carolina","Hyde County",4,29,53,34,19
050,37,095,"North Carolina","Hyde County",4,30,63,48,15
050,37,095,"North Carolina","Hyde County",4,31,73,55,18
050,37,095,"North Carolina","Hyde County",4,32,68,50,18
050,37,095,"North Carolina","Hyde County",4,33,48,38,10
050,37,095,"North Carolina","Hyde County",4,34,61,44,17
050,37,095,"North Carolina","Hyde County",4,35,56,39,17
050,37,095,"North Carolina","Hyde County",4,36,59,39,20
050,37,095,"North Carolina","Hyde County",4,37,63,44,19
050,37,095,"North Carolina","Hyde County",4,38,86,64,22
050,37,095,"North Carolina","Hyde County",4,39,62,41,21
050,37,095,"North Carolina","Hyde County",4,40,56,35,21
050,37,095,"North Carolina","Hyde County",4,41,53,34,19
050,37,095,"North Carolina","Hyde County",4,42,67,44,23
050,37,095,"North Carolina","Hyde County",4,43,54,40,14
050,37,095,"North Carolina","Hyde County",4,44,66,44,22
050,37,095,"North Carolina","Hyde County",4,45,58,40,18
050,37,095,"North Carolina","Hyde County",4,46,63,43,20
050,37,095,"North Carolina","Hyde County",4,47,79,52,27
050,37,095,"North Carolina","Hyde County",4,48,57,30,27
050,37,095,"North Carolina","Hyde County",4,49,65,38,27
050,37,095,"North Carolina","Hyde County",4,50,60,34,26
050,37,095,"North Carolina","Hyde County",4,51,56,30,26
050,37,095,"North Carolina","Hyde County",4,52,59,30,29
050,37,095,"North Carolina","Hyde County",4,53,64,35,29
050,37,095,"North Carolina","Hyde County",4,54,62,31,31
050,37,095,"North Carolina","Hyde County",4,55,52,27,25
050,37,095,"North Carolina","Hyde County",4,56,60,35,25
050,37,095,"North Carolina","Hyde County",4,57,63,33,30
050,37,095,"North Carolina","Hyde County",4,58,59,29,30
050,37,095,"North Carolina","Hyde County",4,59,63,26,37
050,37,095,"North Carolina","Hyde County",4,60,65,31,34
050,37,095,"North Carolina","Hyde County",4,61,69,33,36
050,37,095,"North Carolina","Hyde County",4,62,63,32,31
050,37,095,"North Carolina","Hyde County",4,63,83,43,40
050,37,095,"North Carolina","Hyde County",4,64,84,42,42
050,37,095,"North Carolina","Hyde County",4,65,84,39,45
050,37,095,"North Carolina","Hyde County",4,66,83,39,44
050,37,095,"North Carolina","Hyde County",4,67,75,34,41
050,37,095,"North Carolina","Hyde County",4,68,95,44,51
050,37,095,"North Carolina","Hyde County",4,69,84,41,43
050,37,095,"North Carolina","Hyde County",4,70,72,38,34
050,37,095,"North Carolina","Hyde County",4,71,65,38,27
050,37,095,"North Carolina","Hyde County",4,72,61,30,31
050,37,095,"North Carolina","Hyde County",4,73,51,24,27
050,37,095,"North Carolina","Hyde County",4,74,55,29,26
050,37,095,"North Carolina","Hyde County",4,75,61,29,32
050,37,095,"North Carolina","Hyde County",4,76,36,15,21
050,37,095,"North Carolina","Hyde County",4,77,31,11,20
050,37,095,"North Carolina","Hyde County",4,78,32,14,18
050,37,095,"North Carolina","Hyde County",4,79,37,15,22
050,37,095,"North Carolina","Hyde County",4,80,21,9,12
050,37,095,"North Carolina","Hyde County",4,81,24,14,10
050,37,095,"North Carolina","Hyde County",4,82,24,12,12
050,37,095,"North Carolina","Hyde County",4,83,24,12,12
050,37,095,"North Carolina","Hyde County",4,84,22,11,11
050,37,095,"North Carolina","Hyde County",4,85,109,17,92
050,37,095,"North Carolina","Hyde County",5,0,38,17,21
050,37,095,"North Carolina","Hyde County",5,1,30,11,19
050,37,095,"North Carolina","Hyde County",5,2,37,13,24
050,37,095,"North Carolina","Hyde County",5,3,34,15,19
050,37,095,"North Carolina","Hyde County",5,4,28,10,18
050,37,095,"North Carolina","Hyde County",5,5,28,11,17
050,37,095,"North Carolina","Hyde County",5,6,27,17,10
050,37,095,"North Carolina","Hyde County",5,7,40,22,18
050,37,095,"North Carolina","Hyde County",5,8,39,21,18
050,37,095,"North Carolina","Hyde County",5,9,42,20,22
050,37,095,"North Carolina","Hyde County",5,10,42,18,24
050,37,095,"North Carolina","Hyde County",5,11,41,20,21
050,37,095,"North Carolina","Hyde County",5,12,30,21,9
050,37,095,"North Carolina","Hyde County",5,13,42,23,19
050,37,095,"North Carolina","Hyde County",5,14,41,23,18
050,37,095,"North Carolina","Hyde County",5,15,48,28,20
050,37,095,"North Carolina","Hyde County",5,16,41,19,22
050,37,095,"North Carolina","Hyde County",5,17,57,32,25
050,37,095,"North Carolina","Hyde County",5,18,34,19,15
050,37,095,"North Carolina","Hyde County",5,19,26,9,17
050,37,095,"North Carolina","Hyde County",5,20,31,12,19
050,37,095,"North Carolina","Hyde County",5,21,51,32,19
050,37,095,"North Carolina","Hyde County",5,22,45,34,11
050,37,095,"North Carolina","Hyde County",5,23,47,33,14
050,37,095,"North Carolina","Hyde County",5,24,61,47,14
050,37,095,"North Carolina","Hyde County",5,25,60,47,13
050,37,095,"North Carolina","Hyde County",5,26,61,46,15
050,37,095,"North Carolina","Hyde County",5,27,60,45,15
050,37,095,"North Carolina","Hyde County",5,28,65,45,20
050,37,095,"North Carolina","Hyde County",5,29,52,35,17
050,37,095,"North Carolina","Hyde County",5,30,68,51,17
050,37,095,"North Carolina","Hyde County",5,31,63,49,14
050,37,095,"North Carolina","Hyde County",5,32,61,43,18
050,37,095,"North Carolina","Hyde County",5,33,60,43,17
050,37,095,"North Carolina","Hyde County",5,34,53,41,12
050,37,095,"North Carolina","Hyde County",5,35,62,46,16
050,37,095,"North Carolina","Hyde County",5,36,56,38,18
050,37,095,"North Carolina","Hyde County",5,37,53,34,19
050,37,095,"North Carolina","Hyde County",5,38,76,59,17
050,37,095,"North Carolina","Hyde County",5,39,65,44,21
050,37,095,"North Carolina","Hyde County",5,40,59,38,21
050,37,095,"North Carolina","Hyde County",5,41,55,32,23
050,37,095,"North Carolina","Hyde County",5,42,62,42,20
050,37,095,"North Carolina","Hyde County",5,43,60,36,24
050,37,095,"North Carolina","Hyde County",5,44,51,37,14
050,37,095,"North Carolina","Hyde County",5,45,69,47,22
050,37,095,"North Carolina","Hyde County",5,46,64,45,19
050,37,095,"North Carolina","Hyde County",5,47,67,50,17
050,37,095,"North Carolina","Hyde County",5,48,56,31,25
050,37,095,"North Carolina","Hyde County",5,49,61,38,23
050,37,095,"North Carolina","Hyde County",5,50,64,33,31
050,37,095,"North Carolina","Hyde County",5,51,56,31,25
050,37,095,"North Carolina","Hyde County",5,52,55,31,24
050,37,095,"North Carolina","Hyde County",5,53,53,25,28
050,37,095,"North Carolina","Hyde County",5,54,60,30,30
050,37,095,"North Carolina","Hyde County",5,55,62,33,29
050,37,095,"North Carolina","Hyde County",5,56,55,29,26
050,37,095,"North Carolina","Hyde County",5,57,56,33,23
050,37,095,"North Carolina","Hyde County",5,58,67,36,31
050,37,095,"North Carolina","Hyde County",5,59,56,25,31
050,37,095,"North Carolina","Hyde County",5,60,66,28,38
050,37,095,"North Carolina","Hyde County",5,61,57,25,32
050,37,095,"North Carolina","Hyde County",5,62,69,32,37
050,37,095,"North Carolina","Hyde County",5,63,59,29,30
050,37,095,"North Carolina","Hyde County",5,64,85,45,40
050,37,095,"North Carolina","Hyde County",5,65,76,40,36
050,37,095,"North Carolina","Hyde County",5,66,81,38,43
050,37,095,"North Carolina","Hyde County",5,67,77,34,43
050,37,095,"North Carolina","Hyde County",5,68,77,34,43
050,37,095,"North Carolina","Hyde County",5,69,94,43,51
050,37,095,"North Carolina","Hyde County",5,70,86,42,44
050,37,095,"North Carolina","Hyde County",5,71,70,38,32
050,37,095,"North Carolina","Hyde County",5,72,59,36,23
050,37,095,"North Carolina","Hyde County",5,73,65,33,32
050,37,095,"North Carolina","Hyde County",5,74,52,26,26
050,37,095,"North Carolina","Hyde County",5,75,55,27,28
050,37,095,"North Carolina","Hyde County",5,76,55,27,28
050,37,095,"North Carolina","Hyde County",5,77,34,14,20
050,37,095,"North Carolina","Hyde County",5,78,31,10,21
050,37,095,"North Carolina","Hyde County",5,79,31,14,17
050,37,095,"North Carolina","Hyde County",5,80,34,13,21
050,37,095,"North Carolina","Hyde County",5,81,20,8,12
050,37,095,"North Carolina","Hyde County",5,82,24,14,10
050,37,095,"North Carolina","Hyde County",5,83,23,11,12
050,37,095,"North Carolina","Hyde County",5,84,24,12,12
050,37,095,"North Carolina","Hyde County",5,85,120,24,96
050,37,097,"North Carolina","Iredell County",1,0,1903,972,931
050,37,097,"North Carolina","Iredell County",1,1,1920,985,935
050,37,097,"North Carolina","Iredell County",1,2,2002,1049,953
050,37,097,"North Carolina","Iredell County",1,3,2070,1086,984
050,37,097,"North Carolina","Iredell County",1,4,2164,1105,1059
050,37,097,"North Carolina","Iredell County",1,5,2171,1088,1083
050,37,097,"North Carolina","Iredell County",1,6,2228,1150,1078
050,37,097,"North Carolina","Iredell County",1,7,2199,1116,1083
050,37,097,"North Carolina","Iredell County",1,8,2311,1157,1154
050,37,097,"North Carolina","Iredell County",1,9,2376,1226,1150
050,37,097,"North Carolina","Iredell County",1,10,2454,1275,1179
050,37,097,"North Carolina","Iredell County",1,11,2569,1309,1260
050,37,097,"North Carolina","Iredell County",1,12,2692,1364,1328
050,37,097,"North Carolina","Iredell County",1,13,2744,1413,1331
050,37,097,"North Carolina","Iredell County",1,14,2780,1415,1365
050,37,097,"North Carolina","Iredell County",1,15,2701,1387,1314
050,37,097,"North Carolina","Iredell County",1,16,2697,1374,1323
050,37,097,"North Carolina","Iredell County",1,17,2645,1348,1297
050,37,097,"North Carolina","Iredell County",1,18,2340,1243,1097
050,37,097,"North Carolina","Iredell County",1,19,1930,1026,904
050,37,097,"North Carolina","Iredell County",1,20,2013,1050,963
050,37,097,"North Carolina","Iredell County",1,21,2046,1068,978
050,37,097,"North Carolina","Iredell County",1,22,2089,1037,1052
050,37,097,"North Carolina","Iredell County",1,23,2120,1090,1030
050,37,097,"North Carolina","Iredell County",1,24,2139,1085,1054
050,37,097,"North Carolina","Iredell County",1,25,2124,1090,1034
050,37,097,"North Carolina","Iredell County",1,26,2184,1115,1069
050,37,097,"North Carolina","Iredell County",1,27,2235,1134,1101
050,37,097,"North Carolina","Iredell County",1,28,2308,1194,1114
050,37,097,"North Carolina","Iredell County",1,29,2384,1250,1134
050,37,097,"North Carolina","Iredell County",1,30,2299,1166,1133
050,37,097,"North Carolina","Iredell County",1,31,2187,1071,1116
050,37,097,"North Carolina","Iredell County",1,32,2165,1084,1081
050,37,097,"North Carolina","Iredell County",1,33,2226,1117,1109
050,37,097,"North Carolina","Iredell County",1,34,2233,1105,1128
050,37,097,"North Carolina","Iredell County",1,35,2276,1146,1130
050,37,097,"North Carolina","Iredell County",1,36,2293,1133,1160
050,37,097,"North Carolina","Iredell County",1,37,2288,1103,1185
050,37,097,"North Carolina","Iredell County",1,38,2334,1125,1209
050,37,097,"North Carolina","Iredell County",1,39,2380,1183,1197
050,37,097,"North Carolina","Iredell County",1,40,2373,1140,1233
050,37,097,"North Carolina","Iredell County",1,41,2325,1170,1155
050,37,097,"North Carolina","Iredell County",1,42,2430,1205,1225
050,37,097,"North Carolina","Iredell County",1,43,2358,1168,1190
050,37,097,"North Carolina","Iredell County",1,44,2390,1182,1208
050,37,097,"North Carolina","Iredell County",1,45,2451,1201,1250
050,37,097,"North Carolina","Iredell County",1,46,2518,1283,1235
050,37,097,"North Carolina","Iredell County",1,47,2585,1281,1304
050,37,097,"North Carolina","Iredell County",1,48,2829,1401,1428
050,37,097,"North Carolina","Iredell County",1,49,3055,1503,1552
050,37,097,"North Carolina","Iredell County",1,50,2909,1463,1446
050,37,097,"North Carolina","Iredell County",1,51,2731,1366,1365
050,37,097,"North Carolina","Iredell County",1,52,2645,1337,1308
050,37,097,"North Carolina","Iredell County",1,53,2745,1353,1392
050,37,097,"North Carolina","Iredell County",1,54,2769,1382,1387
050,37,097,"North Carolina","Iredell County",1,55,2780,1364,1416
050,37,097,"North Carolina","Iredell County",1,56,2902,1440,1462
050,37,097,"North Carolina","Iredell County",1,57,2824,1400,1424
050,37,097,"North Carolina","Iredell County",1,58,2789,1399,1390
050,37,097,"North Carolina","Iredell County",1,59,2692,1314,1378
050,37,097,"North Carolina","Iredell County",1,60,2559,1264,1295
050,37,097,"North Carolina","Iredell County",1,61,2562,1263,1299
050,37,097,"North Carolina","Iredell County",1,62,2549,1249,1300
050,37,097,"North Carolina","Iredell County",1,63,2373,1172,1201
050,37,097,"North Carolina","Iredell County",1,64,2208,1076,1132
050,37,097,"North Carolina","Iredell County",1,65,2124,1088,1036
050,37,097,"North Carolina","Iredell County",1,66,2061,1031,1030
050,37,097,"North Carolina","Iredell County",1,67,1987,958,1029
050,37,097,"North Carolina","Iredell County",1,68,1985,948,1037
050,37,097,"North Carolina","Iredell County",1,69,1794,862,932
050,37,097,"North Carolina","Iredell County",1,70,1753,826,927
050,37,097,"North Carolina","Iredell County",1,71,1760,826,934
050,37,097,"North Carolina","Iredell County",1,72,1832,865,967
050,37,097,"North Carolina","Iredell County",1,73,1849,840,1009
050,37,097,"North Carolina","Iredell County",1,74,1248,575,673
050,37,097,"North Carolina","Iredell County",1,75,1238,594,644
050,37,097,"North Carolina","Iredell County",1,76,1201,561,640
050,37,097,"North Carolina","Iredell County",1,77,1215,546,669
050,37,097,"North Carolina","Iredell County",1,78,1021,454,567
050,37,097,"North Carolina","Iredell County",1,79,893,403,490
050,37,097,"North Carolina","Iredell County",1,80,780,333,447
050,37,097,"North Carolina","Iredell County",1,81,729,299,430
050,37,097,"North Carolina","Iredell County",1,82,662,276,386
050,37,097,"North Carolina","Iredell County",1,83,622,255,367
050,37,097,"North Carolina","Iredell County",1,84,565,231,334
050,37,097,"North Carolina","Iredell County",1,85,2796,920,1876
050,37,097,"North Carolina","Iredell County",2,0,1875,976,899
050,37,097,"North Carolina","Iredell County",2,1,1935,993,942
050,37,097,"North Carolina","Iredell County",2,2,2011,1051,960
050,37,097,"North Carolina","Iredell County",2,3,2069,1085,984
050,37,097,"North Carolina","Iredell County",2,4,2167,1115,1052
050,37,097,"North Carolina","Iredell County",2,5,2196,1111,1085
050,37,097,"North Carolina","Iredell County",2,6,2235,1147,1088
050,37,097,"North Carolina","Iredell County",2,7,2227,1134,1093
050,37,097,"North Carolina","Iredell County",2,8,2298,1157,1141
050,37,097,"North Carolina","Iredell County",2,9,2377,1220,1157
050,37,097,"North Carolina","Iredell County",2,10,2457,1272,1185
050,37,097,"North Carolina","Iredell County",2,11,2551,1303,1248
050,37,097,"North Carolina","Iredell County",2,12,2689,1365,1324
050,37,097,"North Carolina","Iredell County",2,13,2738,1404,1334
050,37,097,"North Carolina","Iredell County",2,14,2777,1416,1361
050,37,097,"North Carolina","Iredell County",2,15,2733,1397,1336
050,37,097,"North Carolina","Iredell County",2,16,2714,1385,1329
050,37,097,"North Carolina","Iredell County",2,17,2676,1362,1314
050,37,097,"North Carolina","Iredell County",2,18,2317,1230,1087
050,37,097,"North Carolina","Iredell County",2,19,1942,1030,912
050,37,097,"North Carolina","Iredell County",2,20,2057,1072,985
050,37,097,"North Carolina","Iredell County",2,21,2063,1073,990
050,37,097,"North Carolina","Iredell County",2,22,2099,1058,1041
050,37,097,"North Carolina","Iredell County",2,23,2127,1086,1041
050,37,097,"North Carolina","Iredell County",2,24,2147,1097,1050
050,37,097,"North Carolina","Iredell County",2,25,2134,1097,1037
050,37,097,"North Carolina","Iredell County",2,26,2192,1124,1068
050,37,097,"North Carolina","Iredell County",2,27,2246,1144,1102
050,37,097,"North Carolina","Iredell County",2,28,2323,1197,1126
050,37,097,"North Carolina","Iredell County",2,29,2388,1247,1141
050,37,097,"North Carolina","Iredell County",2,30,2346,1197,1149
050,37,097,"North Carolina","Iredell County",2,31,2227,1103,1124
050,37,097,"North Carolina","Iredell County",2,32,2187,1087,1100
050,37,097,"North Carolina","Iredell County",2,33,2233,1118,1115
050,37,097,"North Carolina","Iredell County",2,34,2263,1126,1137
050,37,097,"North Carolina","Iredell County",2,35,2309,1159,1150
050,37,097,"North Carolina","Iredell County",2,36,2292,1134,1158
050,37,097,"North Carolina","Iredell County",2,37,2314,1120,1194
050,37,097,"North Carolina","Iredell County",2,38,2352,1136,1216
050,37,097,"North Carolina","Iredell County",2,39,2374,1171,1203
050,37,097,"North Carolina","Iredell County",2,40,2403,1163,1240
050,37,097,"North Carolina","Iredell County",2,41,2360,1168,1192
050,37,097,"North Carolina","Iredell County",2,42,2403,1196,1207
050,37,097,"North Carolina","Iredell County",2,43,2407,1193,1214
050,37,097,"North Carolina","Iredell County",2,44,2381,1180,1201
050,37,097,"North Carolina","Iredell County",2,45,2458,1208,1250
050,37,097,"North Carolina","Iredell County",2,46,2504,1262,1242
050,37,097,"North Carolina","Iredell County",2,47,2579,1286,1293
050,37,097,"North Carolina","Iredell County",2,48,2777,1376,1401
050,37,097,"North Carolina","Iredell County",2,49,3018,1490,1528
050,37,097,"North Carolina","Iredell County",2,50,2963,1483,1480
050,37,097,"North Carolina","Iredell County",2,51,2770,1387,1383
050,37,097,"North Carolina","Iredell County",2,52,2670,1345,1325
050,37,097,"North Carolina","Iredell County",2,53,2735,1357,1378
050,37,097,"North Carolina","Iredell County",2,54,2758,1372,1386
050,37,097,"North Carolina","Iredell County",2,55,2786,1367,1419
050,37,097,"North Carolina","Iredell County",2,56,2889,1428,1461
050,37,097,"North Carolina","Iredell County",2,57,2855,1415,1440
050,37,097,"North Carolina","Iredell County",2,58,2796,1402,1394
050,37,097,"North Carolina","Iredell County",2,59,2731,1345,1386
050,37,097,"North Carolina","Iredell County",2,60,2597,1276,1321
050,37,097,"North Carolina","Iredell County",2,61,2568,1258,1310
050,37,097,"North Carolina","Iredell County",2,62,2567,1258,1309
050,37,097,"North Carolina","Iredell County",2,63,2437,1200,1237
050,37,097,"North Carolina","Iredell County",2,64,2235,1092,1143
050,37,097,"North Carolina","Iredell County",2,65,2146,1089,1057
050,37,097,"North Carolina","Iredell County",2,66,2075,1044,1031
050,37,097,"North Carolina","Iredell County",2,67,2002,975,1027
050,37,097,"North Carolina","Iredell County",2,68,1967,943,1024
050,37,097,"North Carolina","Iredell County",2,69,1852,888,964
050,37,097,"North Carolina","Iredell County",2,70,1757,831,926
050,37,097,"North Carolina","Iredell County",2,71,1759,828,931
050,37,097,"North Carolina","Iredell County",2,72,1778,837,941
050,37,097,"North Carolina","Iredell County",2,73,1930,884,1046
050,37,097,"North Carolina","Iredell County",2,74,1298,593,705
050,37,097,"North Carolina","Iredell County",2,75,1242,591,651
050,37,097,"North Carolina","Iredell County",2,76,1189,557,632
050,37,097,"North Carolina","Iredell County",2,77,1235,559,676
050,37,097,"North Carolina","Iredell County",2,78,1037,463,574
050,37,097,"North Carolina","Iredell County",2,79,921,410,511
050,37,097,"North Carolina","Iredell County",2,80,804,348,456
050,37,097,"North Carolina","Iredell County",2,81,726,303,423
050,37,097,"North Carolina","Iredell County",2,82,666,283,383
050,37,097,"North Carolina","Iredell County",2,83,618,253,365
050,37,097,"North Carolina","Iredell County",2,84,562,228,334
050,37,097,"North Carolina","Iredell County",2,85,2815,930,1885
050,37,097,"North Carolina","Iredell County",3,0,1889,941,948
050,37,097,"North Carolina","Iredell County",3,1,1991,1039,952
050,37,097,"North Carolina","Iredell County",3,2,2043,1047,996
050,37,097,"North Carolina","Iredell County",3,3,2133,1095,1038
050,37,097,"North Carolina","Iredell County",3,4,2176,1127,1049
050,37,097,"North Carolina","Iredell County",3,5,2252,1155,1097
050,37,097,"North Carolina","Iredell County",3,6,2270,1155,1115
050,37,097,"North Carolina","Iredell County",3,7,2322,1209,1113
050,37,097,"North Carolina","Iredell County",3,8,2269,1153,1116
050,37,097,"North Carolina","Iredell County",3,9,2378,1189,1189
050,37,097,"North Carolina","Iredell County",3,10,2421,1249,1172
050,37,097,"North Carolina","Iredell County",3,11,2505,1309,1196
050,37,097,"North Carolina","Iredell County",3,12,2604,1347,1257
050,37,097,"North Carolina","Iredell County",3,13,2775,1411,1364
050,37,097,"North Carolina","Iredell County",3,14,2799,1440,1359
050,37,097,"North Carolina","Iredell County",3,15,2862,1463,1399
050,37,097,"North Carolina","Iredell County",3,16,2777,1408,1369
050,37,097,"North Carolina","Iredell County",3,17,2738,1386,1352
050,37,097,"North Carolina","Iredell County",3,18,2361,1229,1132
050,37,097,"North Carolina","Iredell County",3,19,1977,1059,918
050,37,097,"North Carolina","Iredell County",3,20,2130,1134,996
050,37,097,"North Carolina","Iredell County",3,21,2215,1144,1071
050,37,097,"North Carolina","Iredell County",3,22,2227,1136,1091
050,37,097,"North Carolina","Iredell County",3,23,2173,1120,1053
050,37,097,"North Carolina","Iredell County",3,24,2202,1104,1098
050,37,097,"North Carolina","Iredell County",3,25,2200,1124,1076
050,37,097,"North Carolina","Iredell County",3,26,2227,1133,1094
050,37,097,"North Carolina","Iredell County",3,27,2252,1138,1114
050,37,097,"North Carolina","Iredell County",3,28,2345,1185,1160
050,37,097,"North Carolina","Iredell County",3,29,2465,1244,1221
050,37,097,"North Carolina","Iredell County",3,30,2511,1305,1206
050,37,097,"North Carolina","Iredell County",3,31,2486,1277,1209
050,37,097,"North Carolina","Iredell County",3,32,2315,1157,1158
050,37,097,"North Carolina","Iredell County",3,33,2303,1144,1159
050,37,097,"North Carolina","Iredell County",3,34,2351,1162,1189
050,37,097,"North Carolina","Iredell County",3,35,2345,1146,1199
050,37,097,"North Carolina","Iredell County",3,36,2408,1175,1233
050,37,097,"North Carolina","Iredell County",3,37,2373,1187,1186
050,37,097,"North Carolina","Iredell County",3,38,2378,1137,1241
050,37,097,"North Carolina","Iredell County",3,39,2428,1187,1241
050,37,097,"North Carolina","Iredell County",3,40,2444,1217,1227
050,37,097,"North Carolina","Iredell County",3,41,2465,1189,1276
050,37,097,"North Carolina","Iredell County",3,42,2399,1190,1209
050,37,097,"North Carolina","Iredell County",3,43,2460,1230,1230
050,37,097,"North Carolina","Iredell County",3,44,2449,1216,1233
050,37,097,"North Carolina","Iredell County",3,45,2454,1205,1249
050,37,097,"North Carolina","Iredell County",3,46,2524,1225,1299
050,37,097,"North Carolina","Iredell County",3,47,2555,1302,1253
050,37,097,"North Carolina","Iredell County",3,48,2633,1315,1318
050,37,097,"North Carolina","Iredell County",3,49,2804,1377,1427
050,37,097,"North Carolina","Iredell County",3,50,3096,1548,1548
050,37,097,"North Carolina","Iredell County",3,51,3040,1502,1538
050,37,097,"North Carolina","Iredell County",3,52,2810,1412,1398
050,37,097,"North Carolina","Iredell County",3,53,2729,1368,1361
050,37,097,"North Carolina","Iredell County",3,54,2795,1396,1399
050,37,097,"North Carolina","Iredell County",3,55,2812,1422,1390
050,37,097,"North Carolina","Iredell County",3,56,2849,1401,1448
050,37,097,"North Carolina","Iredell County",3,57,2934,1418,1516
050,37,097,"North Carolina","Iredell County",3,58,2909,1447,1462
050,37,097,"North Carolina","Iredell County",3,59,2800,1400,1400
050,37,097,"North Carolina","Iredell County",3,60,2735,1327,1408
050,37,097,"North Carolina","Iredell County",3,61,2598,1262,1336
050,37,097,"North Carolina","Iredell County",3,62,2595,1277,1318
050,37,097,"North Carolina","Iredell County",3,63,2546,1233,1313
050,37,097,"North Carolina","Iredell County",3,64,2483,1219,1264
050,37,097,"North Carolina","Iredell County",3,65,2272,1098,1174
050,37,097,"North Carolina","Iredell County",3,66,2113,1070,1043
050,37,097,"North Carolina","Iredell County",3,67,2076,1032,1044
050,37,097,"North Carolina","Iredell County",3,68,1966,957,1009
050,37,097,"North Carolina","Iredell County",3,69,1950,933,1017
050,37,097,"North Carolina","Iredell County",3,70,1840,881,959
050,37,097,"North Carolina","Iredell County",3,71,1743,816,927
050,37,097,"North Carolina","Iredell County",3,72,1707,795,912
050,37,097,"North Carolina","Iredell County",3,73,1755,821,934
050,37,097,"North Carolina","Iredell County",3,74,1856,838,1018
050,37,097,"North Carolina","Iredell County",3,75,1237,553,684
050,37,097,"North Carolina","Iredell County",3,76,1200,568,632
050,37,097,"North Carolina","Iredell County",3,77,1146,545,601
050,37,097,"North Carolina","Iredell County",3,78,1166,525,641
050,37,097,"North Carolina","Iredell County",3,79,1020,447,573
050,37,097,"North Carolina","Iredell County",3,80,859,374,485
050,37,097,"North Carolina","Iredell County",3,81,743,321,422
050,37,097,"North Carolina","Iredell County",3,82,687,287,400
050,37,097,"North Carolina","Iredell County",3,83,631,254,377
050,37,097,"North Carolina","Iredell County",3,84,546,205,341
050,37,097,"North Carolina","Iredell County",3,85,2879,963,1916
050,37,097,"North Carolina","Iredell County",4,0,2036,1042,994
050,37,097,"North Carolina","Iredell County",4,1,1994,994,1000
050,37,097,"North Carolina","Iredell County",4,2,2104,1102,1002
050,37,097,"North Carolina","Iredell County",4,3,2096,1068,1028
050,37,097,"North Carolina","Iredell County",4,4,2222,1154,1068
050,37,097,"North Carolina","Iredell County",4,5,2244,1181,1063
050,37,097,"North Carolina","Iredell County",4,6,2342,1205,1137
050,37,097,"North Carolina","Iredell County",4,7,2388,1227,1161
050,37,097,"North Carolina","Iredell County",4,8,2376,1227,1149
050,37,097,"North Carolina","Iredell County",4,9,2349,1178,1171
050,37,097,"North Carolina","Iredell County",4,10,2450,1229,1221
050,37,097,"North Carolina","Iredell County",4,11,2491,1268,1223
050,37,097,"North Carolina","Iredell County",4,12,2582,1341,1241
050,37,097,"North Carolina","Iredell County",4,13,2688,1391,1297
050,37,097,"North Carolina","Iredell County",4,14,2792,1422,1370
050,37,097,"North Carolina","Iredell County",4,15,2855,1470,1385
050,37,097,"North Carolina","Iredell County",4,16,2863,1460,1403
050,37,097,"North Carolina","Iredell County",4,17,2831,1445,1386
050,37,097,"North Carolina","Iredell County",4,18,2354,1225,1129
050,37,097,"North Carolina","Iredell County",4,19,1975,1034,941
050,37,097,"North Carolina","Iredell County",4,20,2097,1122,975
050,37,097,"North Carolina","Iredell County",4,21,2202,1147,1055
050,37,097,"North Carolina","Iredell County",4,22,2316,1210,1106
050,37,097,"North Carolina","Iredell County",4,23,2279,1210,1069
050,37,097,"North Carolina","Iredell County",4,24,2204,1153,1051
050,37,097,"North Carolina","Iredell County",4,25,2233,1126,1107
050,37,097,"North Carolina","Iredell County",4,26,2255,1166,1089
050,37,097,"North Carolina","Iredell County",4,27,2307,1189,1118
050,37,097,"North Carolina","Iredell County",4,28,2354,1186,1168
050,37,097,"North Carolina","Iredell County",4,29,2392,1213,1179
050,37,097,"North Carolina","Iredell County",4,30,2541,1267,1274
050,37,097,"North Carolina","Iredell County",4,31,2608,1333,1275
050,37,097,"North Carolina","Iredell County",4,32,2628,1346,1282
050,37,097,"North Carolina","Iredell County",4,33,2449,1221,1228
050,37,097,"North Carolina","Iredell County",4,34,2332,1154,1178
050,37,097,"North Carolina","Iredell County",4,35,2430,1191,1239
050,37,097,"North Carolina","Iredell County",4,36,2438,1180,1258
050,37,097,"North Carolina","Iredell County",4,37,2512,1225,1287
050,37,097,"North Carolina","Iredell County",4,38,2445,1229,1216
050,37,097,"North Carolina","Iredell County",4,39,2449,1168,1281
050,37,097,"North Carolina","Iredell County",4,40,2514,1232,1282
050,37,097,"North Carolina","Iredell County",4,41,2483,1218,1265
050,37,097,"North Carolina","Iredell County",4,42,2538,1222,1316
050,37,097,"North Carolina","Iredell County",4,43,2486,1236,1250
050,37,097,"North Carolina","Iredell County",4,44,2512,1259,1253
050,37,097,"North Carolina","Iredell County",4,45,2498,1234,1264
050,37,097,"North Carolina","Iredell County",4,46,2473,1232,1241
050,37,097,"North Carolina","Iredell County",4,47,2535,1231,1304
050,37,097,"North Carolina","Iredell County",4,48,2593,1314,1279
050,37,097,"North Carolina","Iredell County",4,49,2663,1332,1331
050,37,097,"North Carolina","Iredell County",4,50,2878,1411,1467
050,37,097,"North Carolina","Iredell County",4,51,3136,1548,1588
050,37,097,"North Carolina","Iredell County",4,52,3109,1535,1574
050,37,097,"North Carolina","Iredell County",4,53,2857,1443,1414
050,37,097,"North Carolina","Iredell County",4,54,2769,1373,1396
050,37,097,"North Carolina","Iredell County",4,55,2804,1402,1402
050,37,097,"North Carolina","Iredell County",4,56,2842,1425,1417
050,37,097,"North Carolina","Iredell County",4,57,2865,1417,1448
050,37,097,"North Carolina","Iredell County",4,58,2943,1431,1512
050,37,097,"North Carolina","Iredell County",4,59,2895,1432,1463
050,37,097,"North Carolina","Iredell County",4,60,2811,1402,1409
050,37,097,"North Carolina","Iredell County",4,61,2739,1331,1408
050,37,097,"North Carolina","Iredell County",4,62,2595,1268,1327
050,37,097,"North Carolina","Iredell County",4,63,2596,1279,1317
050,37,097,"North Carolina","Iredell County",4,64,2558,1249,1309
050,37,097,"North Carolina","Iredell County",4,65,2492,1212,1280
050,37,097,"North Carolina","Iredell County",4,66,2259,1083,1176
050,37,097,"North Carolina","Iredell County",4,67,2083,1038,1045
050,37,097,"North Carolina","Iredell County",4,68,2026,1001,1025
050,37,097,"North Carolina","Iredell County",4,69,1951,944,1007
050,37,097,"North Carolina","Iredell County",4,70,1920,922,998
050,37,097,"North Carolina","Iredell County",4,71,1805,860,945
050,37,097,"North Carolina","Iredell County",4,72,1720,795,925
050,37,097,"North Carolina","Iredell County",4,73,1681,794,887
050,37,097,"North Carolina","Iredell County",4,74,1683,776,907
050,37,097,"North Carolina","Iredell County",4,75,1808,809,999
050,37,097,"North Carolina","Iredell County",4,76,1207,533,674
050,37,097,"North Carolina","Iredell County",4,77,1149,539,610
050,37,097,"North Carolina","Iredell County",4,78,1097,525,572
050,37,097,"North Carolina","Iredell County",4,79,1140,505,635
050,37,097,"North Carolina","Iredell County",4,80,976,425,551
050,37,097,"North Carolina","Iredell County",4,81,795,343,452
050,37,097,"North Carolina","Iredell County",4,82,695,297,398
050,37,097,"North Carolina","Iredell County",4,83,657,258,399
050,37,097,"North Carolina","Iredell County",4,84,567,225,342
050,37,097,"North Carolina","Iredell County",4,85,2968,996,1972
050,37,097,"North Carolina","Iredell County",5,0,2013,1030,983
050,37,097,"North Carolina","Iredell County",5,1,2167,1123,1044
050,37,097,"North Carolina","Iredell County",5,2,2147,1082,1065
050,37,097,"North Carolina","Iredell County",5,3,2195,1154,1041
050,37,097,"North Carolina","Iredell County",5,4,2152,1110,1042
050,37,097,"North Carolina","Iredell County",5,5,2313,1223,1090
050,37,097,"North Carolina","Iredell County",5,6,2355,1246,1109
050,37,097,"North Carolina","Iredell County",5,7,2430,1252,1178
050,37,097,"North Carolina","Iredell County",5,8,2411,1234,1177
050,37,097,"North Carolina","Iredell County",5,9,2453,1271,1182
050,37,097,"North Carolina","Iredell County",5,10,2393,1172,1221
050,37,097,"North Carolina","Iredell County",5,11,2453,1218,1235
050,37,097,"North Carolina","Iredell County",5,12,2550,1292,1258
050,37,097,"North Carolina","Iredell County",5,13,2657,1391,1266
050,37,097,"North Carolina","Iredell County",5,14,2720,1421,1299
050,37,097,"North Carolina","Iredell County",5,15,2846,1446,1400
050,37,097,"North Carolina","Iredell County",5,16,2885,1488,1397
050,37,097,"North Carolina","Iredell County",5,17,2866,1456,1410
050,37,097,"North Carolina","Iredell County",5,18,2420,1287,1133
050,37,097,"North Carolina","Iredell County",5,19,1951,1023,928
050,37,097,"North Carolina","Iredell County",5,20,2165,1104,1061
050,37,097,"North Carolina","Iredell County",5,21,2236,1171,1065
050,37,097,"North Carolina","Iredell County",5,22,2344,1233,1111
050,37,097,"North Carolina","Iredell County",5,23,2397,1252,1145
050,37,097,"North Carolina","Iredell County",5,24,2309,1218,1091
050,37,097,"North Carolina","Iredell County",5,25,2263,1151,1112
050,37,097,"North Carolina","Iredell County",5,26,2384,1197,1187
050,37,097,"North Carolina","Iredell County",5,27,2329,1203,1126
050,37,097,"North Carolina","Iredell County",5,28,2416,1219,1197
050,37,097,"North Carolina","Iredell County",5,29,2464,1261,1203
050,37,097,"North Carolina","Iredell County",5,30,2447,1240,1207
050,37,097,"North Carolina","Iredell County",5,31,2681,1322,1359
050,37,097,"North Carolina","Iredell County",5,32,2643,1342,1301
050,37,097,"North Carolina","Iredell County",5,33,2686,1362,1324
050,37,097,"North Carolina","Iredell County",5,34,2553,1247,1306
050,37,097,"North Carolina","Iredell County",5,35,2463,1201,1262
050,37,097,"North Carolina","Iredell County",5,36,2487,1221,1266
050,37,097,"North Carolina","Iredell County",5,37,2542,1224,1318
050,37,097,"North Carolina","Iredell County",5,38,2561,1257,1304
050,37,097,"North Carolina","Iredell County",5,39,2503,1244,1259
050,37,097,"North Carolina","Iredell County",5,40,2519,1221,1298
050,37,097,"North Carolina","Iredell County",5,41,2614,1299,1315
050,37,097,"North Carolina","Iredell County",5,42,2527,1247,1280
050,37,097,"North Carolina","Iredell County",5,43,2621,1271,1350
050,37,097,"North Carolina","Iredell County",5,44,2548,1268,1280
050,37,097,"North Carolina","Iredell County",5,45,2551,1268,1283
050,37,097,"North Carolina","Iredell County",5,46,2557,1246,1311
050,37,097,"North Carolina","Iredell County",5,47,2486,1246,1240
050,37,097,"North Carolina","Iredell County",5,48,2575,1251,1324
050,37,097,"North Carolina","Iredell County",5,49,2617,1327,1290
050,37,097,"North Carolina","Iredell County",5,50,2657,1322,1335
050,37,097,"North Carolina","Iredell County",5,51,2933,1442,1491
050,37,097,"North Carolina","Iredell County",5,52,3166,1561,1605
050,37,097,"North Carolina","Iredell County",5,53,3147,1557,1590
050,37,097,"North Carolina","Iredell County",5,54,2871,1460,1411
050,37,097,"North Carolina","Iredell County",5,55,2813,1393,1420
050,37,097,"North Carolina","Iredell County",5,56,2859,1426,1433
050,37,097,"North Carolina","Iredell County",5,57,2842,1411,1431
050,37,097,"North Carolina","Iredell County",5,58,2844,1409,1435
050,37,097,"North Carolina","Iredell County",5,59,2974,1449,1525
050,37,097,"North Carolina","Iredell County",5,60,2876,1418,1458
050,37,097,"North Carolina","Iredell County",5,61,2851,1417,1434
050,37,097,"North Carolina","Iredell County",5,62,2746,1330,1416
050,37,097,"North Carolina","Iredell County",5,63,2557,1240,1317
050,37,097,"North Carolina","Iredell County",5,64,2634,1298,1336
050,37,097,"North Carolina","Iredell County",5,65,2545,1241,1304
050,37,097,"North Carolina","Iredell County",5,66,2507,1204,1303
050,37,097,"North Carolina","Iredell County",5,67,2270,1071,1199
050,37,097,"North Carolina","Iredell County",5,68,2037,1017,1020
050,37,097,"North Carolina","Iredell County",5,69,1990,982,1008
050,37,097,"North Carolina","Iredell County",5,70,1936,931,1005
050,37,097,"North Carolina","Iredell County",5,71,1881,898,983
050,37,097,"North Carolina","Iredell County",5,72,1771,848,923
050,37,097,"North Carolina","Iredell County",5,73,1691,786,905
050,37,097,"North Carolina","Iredell County",5,74,1617,745,872
050,37,097,"North Carolina","Iredell County",5,75,1642,759,883
050,37,097,"North Carolina","Iredell County",5,76,1761,786,975
050,37,097,"North Carolina","Iredell County",5,77,1172,516,656
050,37,097,"North Carolina","Iredell County",5,78,1094,511,583
050,37,097,"North Carolina","Iredell County",5,79,1070,501,569
050,37,097,"North Carolina","Iredell County",5,80,1077,475,602
050,37,097,"North Carolina","Iredell County",5,81,899,390,509
050,37,097,"North Carolina","Iredell County",5,82,759,329,430
050,37,097,"North Carolina","Iredell County",5,83,663,270,393
050,37,097,"North Carolina","Iredell County",5,84,598,231,367
050,37,097,"North Carolina","Iredell County",5,85,3095,1043,2052
050,37,099,"North Carolina","Jackson County",1,0,359,182,177
050,37,099,"North Carolina","Jackson County",1,1,351,180,171
050,37,099,"North Carolina","Jackson County",1,2,384,210,174
050,37,099,"North Carolina","Jackson County",1,3,405,208,197
050,37,099,"North Carolina","Jackson County",1,4,403,208,195
050,37,099,"North Carolina","Jackson County",1,5,411,198,213
050,37,099,"North Carolina","Jackson County",1,6,382,168,214
050,37,099,"North Carolina","Jackson County",1,7,399,192,207
050,37,099,"North Carolina","Jackson County",1,8,443,216,227
050,37,099,"North Carolina","Jackson County",1,9,445,237,208
050,37,099,"North Carolina","Jackson County",1,10,405,211,194
050,37,099,"North Carolina","Jackson County",1,11,409,202,207
050,37,099,"North Carolina","Jackson County",1,12,402,209,193
050,37,099,"North Carolina","Jackson County",1,13,403,211,192
050,37,099,"North Carolina","Jackson County",1,14,429,212,217
050,37,099,"North Carolina","Jackson County",1,15,412,214,198
050,37,099,"North Carolina","Jackson County",1,16,410,228,182
050,37,099,"North Carolina","Jackson County",1,17,407,226,181
050,37,099,"North Carolina","Jackson County",1,18,1296,603,693
050,37,099,"North Carolina","Jackson County",1,19,1799,849,950
050,37,099,"North Carolina","Jackson County",1,20,1487,669,818
050,37,099,"North Carolina","Jackson County",1,21,1283,670,613
050,37,099,"North Carolina","Jackson County",1,22,1063,529,534
050,37,099,"North Carolina","Jackson County",1,23,703,363,340
050,37,099,"North Carolina","Jackson County",1,24,605,313,292
050,37,099,"North Carolina","Jackson County",1,25,479,237,242
050,37,099,"North Carolina","Jackson County",1,26,445,230,215
050,37,099,"North Carolina","Jackson County",1,27,455,234,221
050,37,099,"North Carolina","Jackson County",1,28,461,216,245
050,37,099,"North Carolina","Jackson County",1,29,506,287,219
050,37,099,"North Carolina","Jackson County",1,30,508,264,244
050,37,099,"North Carolina","Jackson County",1,31,495,253,242
050,37,099,"North Carolina","Jackson County",1,32,479,264,215
050,37,099,"North Carolina","Jackson County",1,33,465,237,228
050,37,099,"North Carolina","Jackson County",1,34,451,235,216
050,37,099,"North Carolina","Jackson County",1,35,427,228,199
050,37,099,"North Carolina","Jackson County",1,36,444,239,205
050,37,099,"North Carolina","Jackson County",1,37,481,268,213
050,37,099,"North Carolina","Jackson County",1,38,484,263,221
050,37,099,"North Carolina","Jackson County",1,39,454,243,211
050,37,099,"North Carolina","Jackson County",1,40,432,217,215
050,37,099,"North Carolina","Jackson County",1,41,443,209,234
050,37,099,"North Carolina","Jackson County",1,42,429,192,237
050,37,099,"North Carolina","Jackson County",1,43,429,199,230
050,37,099,"North Carolina","Jackson County",1,44,370,181,189
050,37,099,"North Carolina","Jackson County",1,45,416,194,222
050,37,099,"North Carolina","Jackson County",1,46,442,226,216
050,37,099,"North Carolina","Jackson County",1,47,447,242,205
050,37,099,"North Carolina","Jackson County",1,48,458,250,208
050,37,099,"North Carolina","Jackson County",1,49,522,272,250
050,37,099,"North Carolina","Jackson County",1,50,512,267,245
050,37,099,"North Carolina","Jackson County",1,51,455,228,227
050,37,099,"North Carolina","Jackson County",1,52,441,223,218
050,37,099,"North Carolina","Jackson County",1,53,452,232,220
050,37,099,"North Carolina","Jackson County",1,54,464,230,234
050,37,099,"North Carolina","Jackson County",1,55,484,234,250
050,37,099,"North Carolina","Jackson County",1,56,544,264,280
050,37,099,"North Carolina","Jackson County",1,57,530,243,287
050,37,099,"North Carolina","Jackson County",1,58,550,263,287
050,37,099,"North Carolina","Jackson County",1,59,579,289,290
050,37,099,"North Carolina","Jackson County",1,60,580,282,298
050,37,099,"North Carolina","Jackson County",1,61,563,262,301
050,37,099,"North Carolina","Jackson County",1,62,521,264,257
050,37,099,"North Carolina","Jackson County",1,63,538,285,253
050,37,099,"North Carolina","Jackson County",1,64,573,278,295
050,37,099,"North Carolina","Jackson County",1,65,610,286,324
050,37,099,"North Carolina","Jackson County",1,66,560,251,309
050,37,099,"North Carolina","Jackson County",1,67,564,251,313
050,37,099,"North Carolina","Jackson County",1,68,540,255,285
050,37,099,"North Carolina","Jackson County",1,69,508,244,264
050,37,099,"North Carolina","Jackson County",1,70,520,253,267
050,37,099,"North Carolina","Jackson County",1,71,500,243,257
050,37,099,"North Carolina","Jackson County",1,72,512,246,266
050,37,099,"North Carolina","Jackson County",1,73,532,242,290
050,37,099,"North Carolina","Jackson County",1,74,347,163,184
050,37,099,"North Carolina","Jackson County",1,75,361,172,189
050,37,099,"North Carolina","Jackson County",1,76,357,165,192
050,37,099,"North Carolina","Jackson County",1,77,334,153,181
050,37,099,"North Carolina","Jackson County",1,78,265,128,137
050,37,099,"North Carolina","Jackson County",1,79,276,146,130
050,37,099,"North Carolina","Jackson County",1,80,220,112,108
050,37,099,"North Carolina","Jackson County",1,81,221,108,113
050,37,099,"North Carolina","Jackson County",1,82,180,68,112
050,37,099,"North Carolina","Jackson County",1,83,155,58,97
050,37,099,"North Carolina","Jackson County",1,84,139,61,78
050,37,099,"North Carolina","Jackson County",1,85,704,260,444
050,37,099,"North Carolina","Jackson County",2,0,345,170,175
050,37,099,"North Carolina","Jackson County",2,1,352,179,173
050,37,099,"North Carolina","Jackson County",2,2,375,201,174
050,37,099,"North Carolina","Jackson County",2,3,398,205,193
050,37,099,"North Carolina","Jackson County",2,4,406,209,197
050,37,099,"North Carolina","Jackson County",2,5,409,200,209
050,37,099,"North Carolina","Jackson County",2,6,393,177,216
050,37,099,"North Carolina","Jackson County",2,7,391,184,207
050,37,099,"North Carolina","Jackson County",2,8,432,211,221
050,37,099,"North Carolina","Jackson County",2,9,444,233,211
050,37,099,"North Carolina","Jackson County",2,10,414,218,196
050,37,099,"North Carolina","Jackson County",2,11,407,204,203
050,37,099,"North Carolina","Jackson County",2,12,406,208,198
050,37,099,"North Carolina","Jackson County",2,13,403,212,191
050,37,099,"North Carolina","Jackson County",2,14,421,211,210
050,37,099,"North Carolina","Jackson County",2,15,419,215,204
050,37,099,"North Carolina","Jackson County",2,16,412,227,185
050,37,099,"North Carolina","Jackson County",2,17,406,226,180
050,37,099,"North Carolina","Jackson County",2,18,1095,518,577
050,37,099,"North Carolina","Jackson County",2,19,1490,708,782
050,37,099,"North Carolina","Jackson County",2,20,1310,593,717
050,37,099,"North Carolina","Jackson County",2,21,1159,603,556
050,37,099,"North Carolina","Jackson County",2,22,998,490,508
050,37,099,"North Carolina","Jackson County",2,23,682,349,333
050,37,099,"North Carolina","Jackson County",2,24,591,300,291
050,37,099,"North Carolina","Jackson County",2,25,484,242,242
050,37,099,"North Carolina","Jackson County",2,26,448,230,218
050,37,099,"North Carolina","Jackson County",2,27,439,223,216
050,37,099,"North Carolina","Jackson County",2,28,457,221,236
050,37,099,"North Carolina","Jackson County",2,29,499,271,228
050,37,099,"North Carolina","Jackson County",2,30,510,270,240
050,37,099,"North Carolina","Jackson County",2,31,491,255,236
050,37,099,"North Carolina","Jackson County",2,32,478,257,221
050,37,099,"North Carolina","Jackson County",2,33,469,244,225
050,37,099,"North Carolina","Jackson County",2,34,456,234,222
050,37,099,"North Carolina","Jackson County",2,35,438,231,207
050,37,099,"North Carolina","Jackson County",2,36,438,236,202
050,37,099,"North Carolina","Jackson County",2,37,473,261,212
050,37,099,"North Carolina","Jackson County",2,38,479,261,218
050,37,099,"North Carolina","Jackson County",2,39,459,246,213
050,37,099,"North Carolina","Jackson County",2,40,442,226,216
050,37,099,"North Carolina","Jackson County",2,41,439,209,230
050,37,099,"North Carolina","Jackson County",2,42,430,196,234
050,37,099,"North Carolina","Jackson County",2,43,432,197,235
050,37,099,"North Carolina","Jackson County",2,44,382,184,198
050,37,099,"North Carolina","Jackson County",2,45,415,195,220
050,37,099,"North Carolina","Jackson County",2,46,435,218,217
050,37,099,"North Carolina","Jackson County",2,47,438,235,203
050,37,099,"North Carolina","Jackson County",2,48,452,247,205
050,37,099,"North Carolina","Jackson County",2,49,505,267,238
050,37,099,"North Carolina","Jackson County",2,50,515,270,245
050,37,099,"North Carolina","Jackson County",2,51,467,236,231
050,37,099,"North Carolina","Jackson County",2,52,450,227,223
050,37,099,"North Carolina","Jackson County",2,53,455,230,225
050,37,099,"North Carolina","Jackson County",2,54,456,228,228
050,37,099,"North Carolina","Jackson County",2,55,485,238,247
050,37,099,"North Carolina","Jackson County",2,56,530,254,276
050,37,099,"North Carolina","Jackson County",2,57,539,251,288
050,37,099,"North Carolina","Jackson County",2,58,542,258,284
050,37,099,"North Carolina","Jackson County",2,59,576,285,291
050,37,099,"North Carolina","Jackson County",2,60,584,285,299
050,37,099,"North Carolina","Jackson County",2,61,571,269,302
050,37,099,"North Carolina","Jackson County",2,62,537,267,270
050,37,099,"North Carolina","Jackson County",2,63,543,286,257
050,37,099,"North Carolina","Jackson County",2,64,565,279,286
050,37,099,"North Carolina","Jackson County",2,65,601,283,318
050,37,099,"North Carolina","Jackson County",2,66,576,261,315
050,37,099,"North Carolina","Jackson County",2,67,565,253,312
050,37,099,"North Carolina","Jackson County",2,68,542,252,290
050,37,099,"North Carolina","Jackson County",2,69,519,248,271
050,37,099,"North Carolina","Jackson County",2,70,513,249,264
050,37,099,"North Carolina","Jackson County",2,71,501,242,259
050,37,099,"North Carolina","Jackson County",2,72,503,245,258
050,37,099,"North Carolina","Jackson County",2,73,554,255,299
050,37,099,"North Carolina","Jackson County",2,74,364,169,195
050,37,099,"North Carolina","Jackson County",2,75,358,170,188
050,37,099,"North Carolina","Jackson County",2,76,351,163,188
050,37,099,"North Carolina","Jackson County",2,77,345,160,185
050,37,099,"North Carolina","Jackson County",2,78,276,131,145
050,37,099,"North Carolina","Jackson County",2,79,264,137,127
050,37,099,"North Carolina","Jackson County",2,80,230,119,111
050,37,099,"North Carolina","Jackson County",2,81,215,105,110
050,37,099,"North Carolina","Jackson County",2,82,189,78,111
050,37,099,"North Carolina","Jackson County",2,83,161,60,101
050,37,099,"North Carolina","Jackson County",2,84,136,60,76
050,37,099,"North Carolina","Jackson County",2,85,713,266,447
050,37,099,"North Carolina","Jackson County",3,0,328,174,154
050,37,099,"North Carolina","Jackson County",3,1,354,174,180
050,37,099,"North Carolina","Jackson County",3,2,341,178,163
050,37,099,"North Carolina","Jackson County",3,3,373,189,184
050,37,099,"North Carolina","Jackson County",3,4,407,202,205
050,37,099,"North Carolina","Jackson County",3,5,400,203,197
050,37,099,"North Carolina","Jackson County",3,6,414,196,218
050,37,099,"North Carolina","Jackson County",3,7,393,177,216
050,37,099,"North Carolina","Jackson County",3,8,401,186,215
050,37,099,"North Carolina","Jackson County",3,9,430,200,230
050,37,099,"North Carolina","Jackson County",3,10,436,229,207
050,37,099,"North Carolina","Jackson County",3,11,418,221,197
050,37,099,"North Carolina","Jackson County",3,12,392,194,198
050,37,099,"North Carolina","Jackson County",3,13,412,210,202
050,37,099,"North Carolina","Jackson County",3,14,411,211,200
050,37,099,"North Carolina","Jackson County",3,15,437,209,228
050,37,099,"North Carolina","Jackson County",3,16,415,216,199
050,37,099,"North Carolina","Jackson County",3,17,406,217,189
050,37,099,"North Carolina","Jackson County",3,18,1110,520,590
050,37,099,"North Carolina","Jackson County",3,19,1503,713,790
050,37,099,"North Carolina","Jackson County",3,20,1327,601,726
050,37,099,"North Carolina","Jackson County",3,21,1202,627,575
050,37,099,"North Carolina","Jackson County",3,22,1030,511,519
050,37,099,"North Carolina","Jackson County",3,23,685,369,316
050,37,099,"North Carolina","Jackson County",3,24,591,294,297
050,37,099,"North Carolina","Jackson County",3,25,497,249,248
050,37,099,"North Carolina","Jackson County",3,26,442,223,219
050,37,099,"North Carolina","Jackson County",3,27,428,212,216
050,37,099,"North Carolina","Jackson County",3,28,428,216,212
050,37,099,"North Carolina","Jackson County",3,29,459,224,235
050,37,099,"North Carolina","Jackson County",3,30,490,266,224
050,37,099,"North Carolina","Jackson County",3,31,502,272,230
050,37,099,"North Carolina","Jackson County",3,32,474,244,230
050,37,099,"North Carolina","Jackson County",3,33,460,242,218
050,37,099,"North Carolina","Jackson County",3,34,489,248,241
050,37,099,"North Carolina","Jackson County",3,35,444,225,219
050,37,099,"North Carolina","Jackson County",3,36,435,226,209
050,37,099,"North Carolina","Jackson County",3,37,444,239,205
050,37,099,"North Carolina","Jackson County",3,38,475,264,211
050,37,099,"North Carolina","Jackson County",3,39,477,254,223
050,37,099,"North Carolina","Jackson County",3,40,477,262,215
050,37,099,"North Carolina","Jackson County",3,41,450,219,231
050,37,099,"North Carolina","Jackson County",3,42,434,205,229
050,37,099,"North Carolina","Jackson County",3,43,439,199,240
050,37,099,"North Carolina","Jackson County",3,44,440,197,243
050,37,099,"North Carolina","Jackson County",3,45,393,193,200
050,37,099,"North Carolina","Jackson County",3,46,425,202,223
050,37,099,"North Carolina","Jackson County",3,47,452,233,219
050,37,099,"North Carolina","Jackson County",3,48,436,245,191
050,37,099,"North Carolina","Jackson County",3,49,472,252,220
050,37,099,"North Carolina","Jackson County",3,50,529,288,241
050,37,099,"North Carolina","Jackson County",3,51,497,255,242
050,37,099,"North Carolina","Jackson County",3,52,486,248,238
050,37,099,"North Carolina","Jackson County",3,53,460,215,245
050,37,099,"North Carolina","Jackson County",3,54,465,238,227
050,37,099,"North Carolina","Jackson County",3,55,477,250,227
050,37,099,"North Carolina","Jackson County",3,56,487,229,258
050,37,099,"North Carolina","Jackson County",3,57,543,261,282
050,37,099,"North Carolina","Jackson County",3,58,532,243,289
050,37,099,"North Carolina","Jackson County",3,59,546,258,288
050,37,099,"North Carolina","Jackson County",3,60,576,290,286
050,37,099,"North Carolina","Jackson County",3,61,596,289,307
050,37,099,"North Carolina","Jackson County",3,62,590,269,321
050,37,099,"North Carolina","Jackson County",3,63,555,281,274
050,37,099,"North Carolina","Jackson County",3,64,554,290,264
050,37,099,"North Carolina","Jackson County",3,65,562,278,284
050,37,099,"North Carolina","Jackson County",3,66,602,272,330
050,37,099,"North Carolina","Jackson County",3,67,586,272,314
050,37,099,"North Carolina","Jackson County",3,68,555,246,309
050,37,099,"North Carolina","Jackson County",3,69,533,245,288
050,37,099,"North Carolina","Jackson County",3,70,518,245,273
050,37,099,"North Carolina","Jackson County",3,71,511,249,262
050,37,099,"North Carolina","Jackson County",3,72,497,242,255
050,37,099,"North Carolina","Jackson County",3,73,495,233,262
050,37,099,"North Carolina","Jackson County",3,74,542,248,294
050,37,099,"North Carolina","Jackson County",3,75,360,167,193
050,37,099,"North Carolina","Jackson County",3,76,343,161,182
050,37,099,"North Carolina","Jackson County",3,77,323,154,169
050,37,099,"North Carolina","Jackson County",3,78,333,150,183
050,37,099,"North Carolina","Jackson County",3,79,252,115,137
050,37,099,"North Carolina","Jackson County",3,80,243,124,119
050,37,099,"North Carolina","Jackson County",3,81,211,109,102
050,37,099,"North Carolina","Jackson County",3,82,193,93,100
050,37,099,"North Carolina","Jackson County",3,83,175,72,103
050,37,099,"North Carolina","Jackson County",3,84,149,54,95
050,37,099,"North Carolina","Jackson County",3,85,733,272,461
050,37,099,"North Carolina","Jackson County",4,0,342,185,157
050,37,099,"North Carolina","Jackson County",4,1,334,186,148
050,37,099,"North Carolina","Jackson County",4,2,342,177,165
050,37,099,"North Carolina","Jackson County",4,3,340,182,158
050,37,099,"North Carolina","Jackson County",4,4,368,191,177
050,37,099,"North Carolina","Jackson County",4,5,406,206,200
050,37,099,"North Carolina","Jackson County",4,6,407,202,205
050,37,099,"North Carolina","Jackson County",4,7,409,197,212
050,37,099,"North Carolina","Jackson County",4,8,408,182,226
050,37,099,"North Carolina","Jackson County",4,9,382,172,210
050,37,099,"North Carolina","Jackson County",4,10,435,199,236
050,37,099,"North Carolina","Jackson County",4,11,432,223,209
050,37,099,"North Carolina","Jackson County",4,12,422,222,200
050,37,099,"North Carolina","Jackson County",4,13,395,194,201
050,37,099,"North Carolina","Jackson County",4,14,421,217,204
050,37,099,"North Carolina","Jackson County",4,15,432,225,207
050,37,099,"North Carolina","Jackson County",4,16,432,210,222
050,37,099,"North Carolina","Jackson County",4,17,429,221,208
050,37,099,"North Carolina","Jackson County",4,18,1290,598,692
050,37,099,"North Carolina","Jackson County",4,19,1785,847,938
050,37,099,"North Carolina","Jackson County",4,20,1496,682,814
050,37,099,"North Carolina","Jackson County",4,21,1351,697,654
050,37,099,"North Carolina","Jackson County",4,22,1165,561,604
050,37,099,"North Carolina","Jackson County",4,23,722,377,345
050,37,099,"North Carolina","Jackson County",4,24,588,322,266
050,37,099,"North Carolina","Jackson County",4,25,510,258,252
050,37,099,"North Carolina","Jackson County",4,26,473,243,230
050,37,099,"North Carolina","Jackson County",4,27,434,211,223
050,37,099,"North Carolina","Jackson County",4,28,413,206,207
050,37,099,"North Carolina","Jackson County",4,29,433,233,200
050,37,099,"North Carolina","Jackson County",4,30,446,210,236
050,37,099,"North Carolina","Jackson County",4,31,485,273,212
050,37,099,"North Carolina","Jackson County",4,32,499,258,241
050,37,099,"North Carolina","Jackson County",4,33,493,248,245
050,37,099,"North Carolina","Jackson County",4,34,465,244,221
050,37,099,"North Carolina","Jackson County",4,35,472,243,229
050,37,099,"North Carolina","Jackson County",4,36,449,226,223
050,37,099,"North Carolina","Jackson County",4,37,444,236,208
050,37,099,"North Carolina","Jackson County",4,38,444,235,209
050,37,099,"North Carolina","Jackson County",4,39,480,258,222
050,37,099,"North Carolina","Jackson County",4,40,488,264,224
050,37,099,"North Carolina","Jackson County",4,41,500,282,218
050,37,099,"North Carolina","Jackson County",4,42,454,220,234
050,37,099,"North Carolina","Jackson County",4,43,438,203,235
050,37,099,"North Carolina","Jackson County",4,44,430,188,242
050,37,099,"North Carolina","Jackson County",4,45,445,198,247
050,37,099,"North Carolina","Jackson County",4,46,400,192,208
050,37,099,"North Carolina","Jackson County",4,47,426,207,219
050,37,099,"North Carolina","Jackson County",4,48,456,229,227
050,37,099,"North Carolina","Jackson County",4,49,438,238,200
050,37,099,"North Carolina","Jackson County",4,50,498,273,225
050,37,099,"North Carolina","Jackson County",4,51,530,286,244
050,37,099,"North Carolina","Jackson County",4,52,498,261,237
050,37,099,"North Carolina","Jackson County",4,53,491,241,250
050,37,099,"North Carolina","Jackson County",4,54,471,218,253
050,37,099,"North Carolina","Jackson County",4,55,503,265,238
050,37,099,"North Carolina","Jackson County",4,56,482,244,238
050,37,099,"North Carolina","Jackson County",4,57,507,234,273
050,37,099,"North Carolina","Jackson County",4,58,550,267,283
050,37,099,"North Carolina","Jackson County",4,59,551,245,306
050,37,099,"North Carolina","Jackson County",4,60,572,269,303
050,37,099,"North Carolina","Jackson County",4,61,591,302,289
050,37,099,"North Carolina","Jackson County",4,62,627,308,319
050,37,099,"North Carolina","Jackson County",4,63,604,283,321
050,37,099,"North Carolina","Jackson County",4,64,538,268,270
050,37,099,"North Carolina","Jackson County",4,65,548,287,261
050,37,099,"North Carolina","Jackson County",4,66,576,278,298
050,37,099,"North Carolina","Jackson County",4,67,610,280,330
050,37,099,"North Carolina","Jackson County",4,68,569,258,311
050,37,099,"North Carolina","Jackson County",4,69,543,239,304
050,37,099,"North Carolina","Jackson County",4,70,513,232,281
050,37,099,"North Carolina","Jackson County",4,71,516,246,270
050,37,099,"North Carolina","Jackson County",4,72,491,233,258
050,37,099,"North Carolina","Jackson County",4,73,488,235,253
050,37,099,"North Carolina","Jackson County",4,74,480,233,247
050,37,099,"North Carolina","Jackson County",4,75,541,243,298
050,37,099,"North Carolina","Jackson County",4,76,358,162,196
050,37,099,"North Carolina","Jackson County",4,77,329,162,167
050,37,099,"North Carolina","Jackson County",4,78,310,149,161
050,37,099,"North Carolina","Jackson County",4,79,318,147,171
050,37,099,"North Carolina","Jackson County",4,80,239,111,128
050,37,099,"North Carolina","Jackson County",4,81,230,119,111
050,37,099,"North Carolina","Jackson County",4,82,194,98,96
050,37,099,"North Carolina","Jackson County",4,83,179,85,94
050,37,099,"North Carolina","Jackson County",4,84,156,68,88
050,37,099,"North Carolina","Jackson County",4,85,773,277,496
050,37,099,"North Carolina","Jackson County",5,0,349,188,161
050,37,099,"North Carolina","Jackson County",5,1,351,179,172
050,37,099,"North Carolina","Jackson County",5,2,328,185,143
050,37,099,"North Carolina","Jackson County",5,3,370,188,182
050,37,099,"North Carolina","Jackson County",5,4,353,184,169
050,37,099,"North Carolina","Jackson County",5,5,380,204,176
050,37,099,"North Carolina","Jackson County",5,6,415,209,206
050,37,099,"North Carolina","Jackson County",5,7,401,197,204
050,37,099,"North Carolina","Jackson County",5,8,440,215,225
050,37,099,"North Carolina","Jackson County",5,9,409,188,221
050,37,099,"North Carolina","Jackson County",5,10,399,186,213
050,37,099,"North Carolina","Jackson County",5,11,458,209,249
050,37,099,"North Carolina","Jackson County",5,12,451,236,215
050,37,099,"North Carolina","Jackson County",5,13,443,234,209
050,37,099,"North Carolina","Jackson County",5,14,411,203,208
050,37,099,"North Carolina","Jackson County",5,15,437,221,216
050,37,099,"North Carolina","Jackson County",5,16,440,229,211
050,37,099,"North Carolina","Jackson County",5,17,457,221,236
050,37,099,"North Carolina","Jackson County",5,18,1306,601,705
050,37,099,"North Carolina","Jackson County",5,19,1771,830,941
050,37,099,"North Carolina","Jackson County",5,20,1462,671,791
050,37,099,"North Carolina","Jackson County",5,21,1326,689,637
050,37,099,"North Carolina","Jackson County",5,22,1158,570,588
050,37,099,"North Carolina","Jackson County",5,23,805,417,388
050,37,099,"North Carolina","Jackson County",5,24,639,321,318
050,37,099,"North Carolina","Jackson County",5,25,520,269,251
050,37,099,"North Carolina","Jackson County",5,26,480,259,221
050,37,099,"North Carolina","Jackson County",5,27,445,234,211
050,37,099,"North Carolina","Jackson County",5,28,426,219,207
050,37,099,"North Carolina","Jackson County",5,29,418,215,203
050,37,099,"North Carolina","Jackson County",5,30,433,233,200
050,37,099,"North Carolina","Jackson County",5,31,462,222,240
050,37,099,"North Carolina","Jackson County",5,32,499,264,235
050,37,099,"North Carolina","Jackson County",5,33,510,264,246
050,37,099,"North Carolina","Jackson County",5,34,490,243,247
050,37,099,"North Carolina","Jackson County",5,35,495,268,227
050,37,099,"North Carolina","Jackson County",5,36,468,237,231
050,37,099,"North Carolina","Jackson County",5,37,459,222,237
050,37,099,"North Carolina","Jackson County",5,38,462,229,233
050,37,099,"North Carolina","Jackson County",5,39,457,240,217
050,37,099,"North Carolina","Jackson County",5,40,485,263,222
050,37,099,"North Carolina","Jackson County",5,41,494,269,225
050,37,099,"North Carolina","Jackson County",5,42,502,286,216
050,37,099,"North Carolina","Jackson County",5,43,460,213,247
050,37,099,"North Carolina","Jackson County",5,44,432,198,234
050,37,099,"North Carolina","Jackson County",5,45,449,191,258
050,37,099,"North Carolina","Jackson County",5,46,433,201,232
050,37,099,"North Carolina","Jackson County",5,47,405,193,212
050,37,099,"North Carolina","Jackson County",5,48,442,217,225
050,37,099,"North Carolina","Jackson County",5,49,472,235,237
050,37,099,"North Carolina","Jackson County",5,50,458,252,206
050,37,099,"North Carolina","Jackson County",5,51,491,257,234
050,37,099,"North Carolina","Jackson County",5,52,536,291,245
050,37,099,"North Carolina","Jackson County",5,53,518,265,253
050,37,099,"North Carolina","Jackson County",5,54,503,255,248
050,37,099,"North Carolina","Jackson County",5,55,485,232,253
050,37,099,"North Carolina","Jackson County",5,56,499,252,247
050,37,099,"North Carolina","Jackson County",5,57,495,249,246
050,37,099,"North Carolina","Jackson County",5,58,501,237,264
050,37,099,"North Carolina","Jackson County",5,59,566,272,294
050,37,099,"North Carolina","Jackson County",5,60,567,250,317
050,37,099,"North Carolina","Jackson County",5,61,593,286,307
050,37,099,"North Carolina","Jackson County",5,62,600,306,294
050,37,099,"North Carolina","Jackson County",5,63,625,310,315
050,37,099,"North Carolina","Jackson County",5,64,606,286,320
050,37,099,"North Carolina","Jackson County",5,65,534,262,272
050,37,099,"North Carolina","Jackson County",5,66,545,283,262
050,37,099,"North Carolina","Jackson County",5,67,586,288,298
050,37,099,"North Carolina","Jackson County",5,68,596,270,326
050,37,099,"North Carolina","Jackson County",5,69,558,257,301
050,37,099,"North Carolina","Jackson County",5,70,537,240,297
050,37,099,"North Carolina","Jackson County",5,71,511,232,279
050,37,099,"North Carolina","Jackson County",5,72,509,244,265
050,37,099,"North Carolina","Jackson County",5,73,491,228,263
050,37,099,"North Carolina","Jackson County",5,74,483,231,252
050,37,099,"North Carolina","Jackson County",5,75,470,230,240
050,37,099,"North Carolina","Jackson County",5,76,521,230,291
050,37,099,"North Carolina","Jackson County",5,77,346,159,187
050,37,099,"North Carolina","Jackson County",5,78,315,152,163
050,37,099,"North Carolina","Jackson County",5,79,287,135,152
050,37,099,"North Carolina","Jackson County",5,80,301,137,164
050,37,099,"North Carolina","Jackson County",5,81,221,104,117
050,37,099,"North Carolina","Jackson County",5,82,203,104,99
050,37,099,"North Carolina","Jackson County",5,83,179,91,88
050,37,099,"North Carolina","Jackson County",5,84,168,82,86
050,37,099,"North Carolina","Jackson County",5,85,813,295,518
050,37,101,"North Carolina","Johnston County",1,0,2457,1256,1201
050,37,101,"North Carolina","Johnston County",1,1,2574,1313,1261
050,37,101,"North Carolina","Johnston County",1,2,2722,1415,1307
050,37,101,"North Carolina","Johnston County",1,3,2763,1396,1367
050,37,101,"North Carolina","Johnston County",1,4,2850,1444,1406
050,37,101,"North Carolina","Johnston County",1,5,2965,1496,1469
050,37,101,"North Carolina","Johnston County",1,6,3021,1509,1512
050,37,101,"North Carolina","Johnston County",1,7,2921,1469,1452
050,37,101,"North Carolina","Johnston County",1,8,3064,1562,1502
050,37,101,"North Carolina","Johnston County",1,9,3043,1526,1517
050,37,101,"North Carolina","Johnston County",1,10,3239,1636,1603
050,37,101,"North Carolina","Johnston County",1,11,3398,1725,1673
050,37,101,"North Carolina","Johnston County",1,12,3445,1770,1675
050,37,101,"North Carolina","Johnston County",1,13,3483,1811,1672
050,37,101,"North Carolina","Johnston County",1,14,3408,1788,1620
050,37,101,"North Carolina","Johnston County",1,15,3348,1762,1586
050,37,101,"North Carolina","Johnston County",1,16,3358,1722,1636
050,37,101,"North Carolina","Johnston County",1,17,3195,1622,1573
050,37,101,"North Carolina","Johnston County",1,18,2768,1453,1315
050,37,101,"North Carolina","Johnston County",1,19,2248,1190,1058
050,37,101,"North Carolina","Johnston County",1,20,2334,1184,1150
050,37,101,"North Carolina","Johnston County",1,21,2427,1265,1162
050,37,101,"North Carolina","Johnston County",1,22,2332,1201,1131
050,37,101,"North Carolina","Johnston County",1,23,2333,1193,1140
050,37,101,"North Carolina","Johnston County",1,24,2398,1216,1182
050,37,101,"North Carolina","Johnston County",1,25,2400,1211,1189
050,37,101,"North Carolina","Johnston County",1,26,2472,1184,1288
050,37,101,"North Carolina","Johnston County",1,27,2550,1267,1283
050,37,101,"North Carolina","Johnston County",1,28,2709,1351,1358
050,37,101,"North Carolina","Johnston County",1,29,2889,1429,1460
050,37,101,"North Carolina","Johnston County",1,30,2879,1423,1456
050,37,101,"North Carolina","Johnston County",1,31,2756,1343,1413
050,37,101,"North Carolina","Johnston County",1,32,2755,1339,1416
050,37,101,"North Carolina","Johnston County",1,33,2789,1373,1416
050,37,101,"North Carolina","Johnston County",1,34,2858,1430,1428
050,37,101,"North Carolina","Johnston County",1,35,2817,1382,1435
050,37,101,"North Carolina","Johnston County",1,36,2891,1418,1473
050,37,101,"North Carolina","Johnston County",1,37,2973,1474,1499
050,37,101,"North Carolina","Johnston County",1,38,2970,1480,1490
050,37,101,"North Carolina","Johnston County",1,39,3031,1521,1510
050,37,101,"North Carolina","Johnston County",1,40,3042,1475,1567
050,37,101,"North Carolina","Johnston County",1,41,2976,1470,1506
050,37,101,"North Carolina","Johnston County",1,42,3103,1547,1556
050,37,101,"North Carolina","Johnston County",1,43,3055,1494,1561
050,37,101,"North Carolina","Johnston County",1,44,2964,1437,1527
050,37,101,"North Carolina","Johnston County",1,45,2986,1485,1501
050,37,101,"North Carolina","Johnston County",1,46,2991,1489,1502
050,37,101,"North Carolina","Johnston County",1,47,3132,1580,1552
050,37,101,"North Carolina","Johnston County",1,48,3395,1697,1698
050,37,101,"North Carolina","Johnston County",1,49,3578,1791,1787
050,37,101,"North Carolina","Johnston County",1,50,3342,1634,1708
050,37,101,"North Carolina","Johnston County",1,51,3173,1566,1607
050,37,101,"North Carolina","Johnston County",1,52,3020,1514,1506
050,37,101,"North Carolina","Johnston County",1,53,3033,1505,1528
050,37,101,"North Carolina","Johnston County",1,54,2901,1442,1459
050,37,101,"North Carolina","Johnston County",1,55,2990,1514,1476
050,37,101,"North Carolina","Johnston County",1,56,3055,1573,1482
050,37,101,"North Carolina","Johnston County",1,57,2881,1455,1426
050,37,101,"North Carolina","Johnston County",1,58,2825,1410,1415
050,37,101,"North Carolina","Johnston County",1,59,2744,1372,1372
050,37,101,"North Carolina","Johnston County",1,60,2569,1263,1306
050,37,101,"North Carolina","Johnston County",1,61,2512,1233,1279
050,37,101,"North Carolina","Johnston County",1,62,2492,1244,1248
050,37,101,"North Carolina","Johnston County",1,63,2325,1133,1192
050,37,101,"North Carolina","Johnston County",1,64,2257,1087,1170
050,37,101,"North Carolina","Johnston County",1,65,2186,1006,1180
050,37,101,"North Carolina","Johnston County",1,66,2204,1015,1189
050,37,101,"North Carolina","Johnston County",1,67,2135,992,1143
050,37,101,"North Carolina","Johnston County",1,68,2080,993,1087
050,37,101,"North Carolina","Johnston County",1,69,1804,835,969
050,37,101,"North Carolina","Johnston County",1,70,1740,770,970
050,37,101,"North Carolina","Johnston County",1,71,1704,755,949
050,37,101,"North Carolina","Johnston County",1,72,1766,803,963
050,37,101,"North Carolina","Johnston County",1,73,1734,803,931
050,37,101,"North Carolina","Johnston County",1,74,1278,580,698
050,37,101,"North Carolina","Johnston County",1,75,1209,545,664
050,37,101,"North Carolina","Johnston County",1,76,1115,507,608
050,37,101,"North Carolina","Johnston County",1,77,1063,482,581
050,37,101,"North Carolina","Johnston County",1,78,891,388,503
050,37,101,"North Carolina","Johnston County",1,79,791,335,456
050,37,101,"North Carolina","Johnston County",1,80,701,306,395
050,37,101,"North Carolina","Johnston County",1,81,647,266,381
050,37,101,"North Carolina","Johnston County",1,82,603,246,357
050,37,101,"North Carolina","Johnston County",1,83,491,192,299
050,37,101,"North Carolina","Johnston County",1,84,453,168,285
050,37,101,"North Carolina","Johnston County",1,85,2225,715,1510
050,37,101,"North Carolina","Johnston County",2,0,2470,1249,1221
050,37,101,"North Carolina","Johnston County",2,1,2580,1320,1260
050,37,101,"North Carolina","Johnston County",2,2,2727,1406,1321
050,37,101,"North Carolina","Johnston County",2,3,2776,1412,1364
050,37,101,"North Carolina","Johnston County",2,4,2872,1455,1417
050,37,101,"North Carolina","Johnston County",2,5,2974,1500,1474
050,37,101,"North Carolina","Johnston County",2,6,3041,1523,1518
050,37,101,"North Carolina","Johnston County",2,7,2977,1495,1482
050,37,101,"North Carolina","Johnston County",2,8,3048,1545,1503
050,37,101,"North Carolina","Johnston County",2,9,3071,1546,1525
050,37,101,"North Carolina","Johnston County",2,10,3219,1624,1595
050,37,101,"North Carolina","Johnston County",2,11,3373,1710,1663
050,37,101,"North Carolina","Johnston County",2,12,3466,1774,1692
050,37,101,"North Carolina","Johnston County",2,13,3485,1811,1674
050,37,101,"North Carolina","Johnston County",2,14,3441,1801,1640
050,37,101,"North Carolina","Johnston County",2,15,3383,1775,1608
050,37,101,"North Carolina","Johnston County",2,16,3370,1736,1634
050,37,101,"North Carolina","Johnston County",2,17,3248,1650,1598
050,37,101,"North Carolina","Johnston County",2,18,2773,1454,1319
050,37,101,"North Carolina","Johnston County",2,19,2291,1205,1086
050,37,101,"North Carolina","Johnston County",2,20,2374,1212,1162
050,37,101,"North Carolina","Johnston County",2,21,2417,1247,1170
050,37,101,"North Carolina","Johnston County",2,22,2389,1227,1162
050,37,101,"North Carolina","Johnston County",2,23,2367,1211,1156
050,37,101,"North Carolina","Johnston County",2,24,2404,1223,1181
050,37,101,"North Carolina","Johnston County",2,25,2441,1230,1211
050,37,101,"North Carolina","Johnston County",2,26,2502,1217,1285
050,37,101,"North Carolina","Johnston County",2,27,2569,1273,1296
050,37,101,"North Carolina","Johnston County",2,28,2715,1355,1360
050,37,101,"North Carolina","Johnston County",2,29,2894,1435,1459
050,37,101,"North Carolina","Johnston County",2,30,2944,1449,1495
050,37,101,"North Carolina","Johnston County",2,31,2820,1377,1443
050,37,101,"North Carolina","Johnston County",2,32,2790,1361,1429
050,37,101,"North Carolina","Johnston County",2,33,2806,1377,1429
050,37,101,"North Carolina","Johnston County",2,34,2873,1434,1439
050,37,101,"North Carolina","Johnston County",2,35,2879,1421,1458
050,37,101,"North Carolina","Johnston County",2,36,2885,1416,1469
050,37,101,"North Carolina","Johnston County",2,37,2984,1478,1506
050,37,101,"North Carolina","Johnston County",2,38,3013,1500,1513
050,37,101,"North Carolina","Johnston County",2,39,3029,1519,1510
050,37,101,"North Carolina","Johnston County",2,40,3080,1503,1577
050,37,101,"North Carolina","Johnston County",2,41,3024,1487,1537
050,37,101,"North Carolina","Johnston County",2,42,3091,1537,1554
050,37,101,"North Carolina","Johnston County",2,43,3100,1525,1575
050,37,101,"North Carolina","Johnston County",2,44,2975,1446,1529
050,37,101,"North Carolina","Johnston County",2,45,3012,1491,1521
050,37,101,"North Carolina","Johnston County",2,46,2988,1489,1499
050,37,101,"North Carolina","Johnston County",2,47,3108,1561,1547
050,37,101,"North Carolina","Johnston County",2,48,3351,1676,1675
050,37,101,"North Carolina","Johnston County",2,49,3571,1785,1786
050,37,101,"North Carolina","Johnston County",2,50,3416,1678,1738
050,37,101,"North Carolina","Johnston County",2,51,3213,1583,1630
050,37,101,"North Carolina","Johnston County",2,52,3068,1534,1534
050,37,101,"North Carolina","Johnston County",2,53,3044,1511,1533
050,37,101,"North Carolina","Johnston County",2,54,2943,1464,1479
050,37,101,"North Carolina","Johnston County",2,55,2984,1503,1481
050,37,101,"North Carolina","Johnston County",2,56,3057,1568,1489
050,37,101,"North Carolina","Johnston County",2,57,2938,1487,1451
050,37,101,"North Carolina","Johnston County",2,58,2856,1430,1426
050,37,101,"North Carolina","Johnston County",2,59,2780,1388,1392
050,37,101,"North Carolina","Johnston County",2,60,2622,1297,1325
050,37,101,"North Carolina","Johnston County",2,61,2542,1248,1294
050,37,101,"North Carolina","Johnston County",2,62,2506,1242,1264
050,37,101,"North Carolina","Johnston County",2,63,2396,1173,1223
050,37,101,"North Carolina","Johnston County",2,64,2269,1093,1176
050,37,101,"North Carolina","Johnston County",2,65,2204,1021,1183
050,37,101,"North Carolina","Johnston County",2,66,2216,1019,1197
050,37,101,"North Carolina","Johnston County",2,67,2155,998,1157
050,37,101,"North Carolina","Johnston County",2,68,2075,982,1093
050,37,101,"North Carolina","Johnston County",2,69,1888,881,1007
050,37,101,"North Carolina","Johnston County",2,70,1753,783,970
050,37,101,"North Carolina","Johnston County",2,71,1712,757,955
050,37,101,"North Carolina","Johnston County",2,72,1724,776,948
050,37,101,"North Carolina","Johnston County",2,73,1825,839,986
050,37,101,"North Carolina","Johnston County",2,74,1298,591,707
050,37,101,"North Carolina","Johnston County",2,75,1227,556,671
050,37,101,"North Carolina","Johnston County",2,76,1111,505,606
050,37,101,"North Carolina","Johnston County",2,77,1098,495,603
050,37,101,"North Carolina","Johnston County",2,78,913,402,511
050,37,101,"North Carolina","Johnston County",2,79,804,341,463
050,37,101,"North Carolina","Johnston County",2,80,714,310,404
050,37,101,"North Carolina","Johnston County",2,81,647,271,376
050,37,101,"North Carolina","Johnston County",2,82,611,247,364
050,37,101,"North Carolina","Johnston County",2,83,503,199,304
050,37,101,"North Carolina","Johnston County",2,84,463,175,288
050,37,101,"North Carolina","Johnston County",2,85,2253,725,1528
050,37,101,"North Carolina","Johnston County",3,0,2569,1327,1242
050,37,101,"North Carolina","Johnston County",3,1,2682,1347,1335
050,37,101,"North Carolina","Johnston County",3,2,2828,1460,1368
050,37,101,"North Carolina","Johnston County",3,3,2879,1488,1391
050,37,101,"North Carolina","Johnston County",3,4,2945,1473,1472
050,37,101,"North Carolina","Johnston County",3,5,3021,1524,1497
050,37,101,"North Carolina","Johnston County",3,6,3116,1577,1539
050,37,101,"North Carolina","Johnston County",3,7,3221,1626,1595
050,37,101,"North Carolina","Johnston County",3,8,3087,1535,1552
050,37,101,"North Carolina","Johnston County",3,9,3169,1608,1561
050,37,101,"North Carolina","Johnston County",3,10,3211,1628,1583
050,37,101,"North Carolina","Johnston County",3,11,3376,1692,1684
050,37,101,"North Carolina","Johnston County",3,12,3502,1770,1732
050,37,101,"North Carolina","Johnston County",3,13,3545,1811,1734
050,37,101,"North Carolina","Johnston County",3,14,3635,1909,1726
050,37,101,"North Carolina","Johnston County",3,15,3561,1847,1714
050,37,101,"North Carolina","Johnston County",3,16,3435,1805,1630
050,37,101,"North Carolina","Johnston County",3,17,3444,1787,1657
050,37,101,"North Carolina","Johnston County",3,18,2902,1519,1383
050,37,101,"North Carolina","Johnston County",3,19,2422,1279,1143
050,37,101,"North Carolina","Johnston County",3,20,2513,1318,1195
050,37,101,"North Carolina","Johnston County",3,21,2543,1298,1245
050,37,101,"North Carolina","Johnston County",3,22,2580,1334,1246
050,37,101,"North Carolina","Johnston County",3,23,2571,1308,1263
050,37,101,"North Carolina","Johnston County",3,24,2510,1285,1225
050,37,101,"North Carolina","Johnston County",3,25,2594,1299,1295
050,37,101,"North Carolina","Johnston County",3,26,2645,1317,1328
050,37,101,"North Carolina","Johnston County",3,27,2794,1373,1421
050,37,101,"North Carolina","Johnston County",3,28,2813,1401,1412
050,37,101,"North Carolina","Johnston County",3,29,2930,1455,1475
050,37,101,"North Carolina","Johnston County",3,30,3116,1558,1558
050,37,101,"North Carolina","Johnston County",3,31,3204,1574,1630
050,37,101,"North Carolina","Johnston County",3,32,3035,1474,1561
050,37,101,"North Carolina","Johnston County",3,33,3020,1464,1556
050,37,101,"North Carolina","Johnston County",3,34,3050,1505,1545
050,37,101,"North Carolina","Johnston County",3,35,3065,1523,1542
050,37,101,"North Carolina","Johnston County",3,36,3088,1511,1577
050,37,101,"North Carolina","Johnston County",3,37,3057,1483,1574
050,37,101,"North Carolina","Johnston County",3,38,3174,1597,1577
050,37,101,"North Carolina","Johnston County",3,39,3210,1631,1579
050,37,101,"North Carolina","Johnston County",3,40,3168,1559,1609
050,37,101,"North Carolina","Johnston County",3,41,3225,1600,1625
050,37,101,"North Carolina","Johnston County",3,42,3146,1553,1593
050,37,101,"North Carolina","Johnston County",3,43,3229,1604,1625
050,37,101,"North Carolina","Johnston County",3,44,3188,1563,1625
050,37,101,"North Carolina","Johnston County",3,45,3063,1504,1559
050,37,101,"North Carolina","Johnston County",3,46,3097,1534,1563
050,37,101,"North Carolina","Johnston County",3,47,3050,1537,1513
050,37,101,"North Carolina","Johnston County",3,48,3200,1595,1605
050,37,101,"North Carolina","Johnston County",3,49,3418,1710,1708
050,37,101,"North Carolina","Johnston County",3,50,3676,1842,1834
050,37,101,"North Carolina","Johnston County",3,51,3497,1715,1782
050,37,101,"North Carolina","Johnston County",3,52,3268,1587,1681
050,37,101,"North Carolina","Johnston County",3,53,3102,1551,1551
050,37,101,"North Carolina","Johnston County",3,54,3079,1538,1541
050,37,101,"North Carolina","Johnston County",3,55,3062,1533,1529
050,37,101,"North Carolina","Johnston County",3,56,3065,1543,1522
050,37,101,"North Carolina","Johnston County",3,57,3146,1613,1533
050,37,101,"North Carolina","Johnston County",3,58,2948,1498,1450
050,37,101,"North Carolina","Johnston County",3,59,2906,1452,1454
050,37,101,"North Carolina","Johnston County",3,60,2824,1395,1429
050,37,101,"North Carolina","Johnston County",3,61,2678,1320,1358
050,37,101,"North Carolina","Johnston County",3,62,2585,1273,1312
050,37,101,"North Carolina","Johnston County",3,63,2530,1234,1296
050,37,101,"North Carolina","Johnston County",3,64,2468,1192,1276
050,37,101,"North Carolina","Johnston County",3,65,2291,1096,1195
050,37,101,"North Carolina","Johnston County",3,66,2216,1020,1196
050,37,101,"North Carolina","Johnston County",3,67,2232,1016,1216
050,37,101,"North Carolina","Johnston County",3,68,2168,1001,1167
050,37,101,"North Carolina","Johnston County",3,69,2057,971,1086
050,37,101,"North Carolina","Johnston County",3,70,1900,882,1018
050,37,101,"North Carolina","Johnston County",3,71,1722,760,962
050,37,101,"North Carolina","Johnston County",3,72,1688,744,944
050,37,101,"North Carolina","Johnston County",3,73,1723,771,952
050,37,101,"North Carolina","Johnston County",3,74,1794,817,977
050,37,101,"North Carolina","Johnston County",3,75,1284,587,697
050,37,101,"North Carolina","Johnston County",3,76,1172,519,653
050,37,101,"North Carolina","Johnston County",3,77,1093,490,603
050,37,101,"North Carolina","Johnston County",3,78,1064,462,602
050,37,101,"North Carolina","Johnston County",3,79,869,381,488
050,37,101,"North Carolina","Johnston County",3,80,756,321,435
050,37,101,"North Carolina","Johnston County",3,81,669,290,379
050,37,101,"North Carolina","Johnston County",3,82,598,238,360
050,37,101,"North Carolina","Johnston County",3,83,551,231,320
050,37,101,"North Carolina","Johnston County",3,84,472,192,280
050,37,101,"North Carolina","Johnston County",3,85,2303,763,1540
050,37,101,"North Carolina","Johnston County",4,0,2789,1451,1338
050,37,101,"North Carolina","Johnston County",4,1,2685,1371,1314
050,37,101,"North Carolina","Johnston County",4,2,2851,1424,1427
050,37,101,"North Carolina","Johnston County",4,3,2947,1522,1425
050,37,101,"North Carolina","Johnston County",4,4,2961,1511,1450
050,37,101,"North Carolina","Johnston County",4,5,3079,1513,1566
050,37,101,"North Carolina","Johnston County",4,6,3093,1560,1533
050,37,101,"North Carolina","Johnston County",4,7,3203,1650,1553
050,37,101,"North Carolina","Johnston County",4,8,3330,1676,1654
050,37,101,"North Carolina","Johnston County",4,9,3234,1609,1625
050,37,101,"North Carolina","Johnston County",4,10,3278,1667,1611
050,37,101,"North Carolina","Johnston County",4,11,3360,1684,1676
050,37,101,"North Carolina","Johnston County",4,12,3498,1739,1759
050,37,101,"North Carolina","Johnston County",4,13,3583,1796,1787
050,37,101,"North Carolina","Johnston County",4,14,3627,1857,1770
050,37,101,"North Carolina","Johnston County",4,15,3730,1932,1798
050,37,101,"North Carolina","Johnston County",4,16,3649,1875,1774
050,37,101,"North Carolina","Johnston County",4,17,3522,1817,1705
050,37,101,"North Carolina","Johnston County",4,18,3040,1610,1430
050,37,101,"North Carolina","Johnston County",4,19,2445,1319,1126
050,37,101,"North Carolina","Johnston County",4,20,2552,1345,1207
050,37,101,"North Carolina","Johnston County",4,21,2635,1383,1252
050,37,101,"North Carolina","Johnston County",4,22,2707,1353,1354
050,37,101,"North Carolina","Johnston County",4,23,2698,1414,1284
050,37,101,"North Carolina","Johnston County",4,24,2675,1346,1329
050,37,101,"North Carolina","Johnston County",4,25,2602,1340,1262
050,37,101,"North Carolina","Johnston County",4,26,2712,1336,1376
050,37,101,"North Carolina","Johnston County",4,27,2778,1381,1397
050,37,101,"North Carolina","Johnston County",4,28,2976,1455,1521
050,37,101,"North Carolina","Johnston County",4,29,3011,1469,1542
050,37,101,"North Carolina","Johnston County",4,30,3149,1539,1610
050,37,101,"North Carolina","Johnston County",4,31,3279,1617,1662
050,37,101,"North Carolina","Johnston County",4,32,3394,1690,1704
050,37,101,"North Carolina","Johnston County",4,33,3235,1589,1646
050,37,101,"North Carolina","Johnston County",4,34,3223,1563,1660
050,37,101,"North Carolina","Johnston County",4,35,3243,1593,1650
050,37,101,"North Carolina","Johnston County",4,36,3251,1625,1626
050,37,101,"North Carolina","Johnston County",4,37,3191,1531,1660
050,37,101,"North Carolina","Johnston County",4,38,3208,1559,1649
050,37,101,"North Carolina","Johnston County",4,39,3318,1673,1645
050,37,101,"North Carolina","Johnston County",4,40,3370,1699,1671
050,37,101,"North Carolina","Johnston County",4,41,3294,1638,1656
050,37,101,"North Carolina","Johnston County",4,42,3346,1659,1687
050,37,101,"North Carolina","Johnston County",4,43,3273,1628,1645
050,37,101,"North Carolina","Johnston County",4,44,3310,1654,1656
050,37,101,"North Carolina","Johnston County",4,45,3280,1615,1665
050,37,101,"North Carolina","Johnston County",4,46,3137,1534,1603
050,37,101,"North Carolina","Johnston County",4,47,3167,1536,1631
050,37,101,"North Carolina","Johnston County",4,48,3095,1557,1538
050,37,101,"North Carolina","Johnston County",4,49,3273,1640,1633
050,37,101,"North Carolina","Johnston County",4,50,3480,1731,1749
050,37,101,"North Carolina","Johnston County",4,51,3720,1862,1858
050,37,101,"North Carolina","Johnston County",4,52,3507,1709,1798
050,37,101,"North Carolina","Johnston County",4,53,3314,1615,1699
050,37,101,"North Carolina","Johnston County",4,54,3119,1564,1555
050,37,101,"North Carolina","Johnston County",4,55,3098,1534,1564
050,37,101,"North Carolina","Johnston County",4,56,3128,1558,1570
050,37,101,"North Carolina","Johnston County",4,57,3093,1534,1559
050,37,101,"North Carolina","Johnston County",4,58,3206,1642,1564
050,37,101,"North Carolina","Johnston County",4,59,2990,1491,1499
050,37,101,"North Carolina","Johnston County",4,60,2932,1449,1483
050,37,101,"North Carolina","Johnston County",4,61,2874,1428,1446
050,37,101,"North Carolina","Johnston County",4,62,2700,1333,1367
050,37,101,"North Carolina","Johnston County",4,63,2619,1283,1336
050,37,101,"North Carolina","Johnston County",4,64,2537,1210,1327
050,37,101,"North Carolina","Johnston County",4,65,2497,1200,1297
050,37,101,"North Carolina","Johnston County",4,66,2301,1087,1214
050,37,101,"North Carolina","Johnston County",4,67,2197,1022,1175
050,37,101,"North Carolina","Johnston County",4,68,2256,1004,1252
050,37,101,"North Carolina","Johnston County",4,69,2197,1012,1185
050,37,101,"North Carolina","Johnston County",4,70,2067,964,1103
050,37,101,"North Carolina","Johnston County",4,71,1864,866,998
050,37,101,"North Carolina","Johnston County",4,72,1714,761,953
050,37,101,"North Carolina","Johnston County",4,73,1672,736,936
050,37,101,"North Carolina","Johnston County",4,74,1689,751,938
050,37,101,"North Carolina","Johnston County",4,75,1769,807,962
050,37,101,"North Carolina","Johnston County",4,76,1239,557,682
050,37,101,"North Carolina","Johnston County",4,77,1149,505,644
050,37,101,"North Carolina","Johnston County",4,78,1076,466,610
050,37,101,"North Carolina","Johnston County",4,79,1011,440,571
050,37,101,"North Carolina","Johnston County",4,80,823,364,459
050,37,101,"North Carolina","Johnston County",4,81,725,316,409
050,37,101,"North Carolina","Johnston County",4,82,655,272,383
050,37,101,"North Carolina","Johnston County",4,83,532,205,327
050,37,101,"North Carolina","Johnston County",4,84,511,215,296
050,37,101,"North Carolina","Johnston County",4,85,2355,808,1547
050,37,101,"North Carolina","Johnston County",5,0,2796,1454,1342
050,37,101,"North Carolina","Johnston County",5,1,2896,1483,1413
050,37,101,"North Carolina","Johnston County",5,2,2813,1416,1397
050,37,101,"North Carolina","Johnston County",5,3,2970,1469,1501
050,37,101,"North Carolina","Johnston County",5,4,3056,1579,1477
050,37,101,"North Carolina","Johnston County",5,5,3102,1575,1527
050,37,101,"North Carolina","Johnston County",5,6,3177,1565,1612
050,37,101,"North Carolina","Johnston County",5,7,3161,1614,1547
050,37,101,"North Carolina","Johnston County",5,8,3321,1704,1617
050,37,101,"North Carolina","Johnston County",5,9,3492,1754,1738
050,37,101,"North Carolina","Johnston County",5,10,3291,1623,1668
050,37,101,"North Carolina","Johnston County",5,11,3399,1739,1660
050,37,101,"North Carolina","Johnston County",5,12,3438,1726,1712
050,37,101,"North Carolina","Johnston County",5,13,3609,1815,1794
050,37,101,"North Carolina","Johnston County",5,14,3650,1801,1849
050,37,101,"North Carolina","Johnston County",5,15,3669,1883,1786
050,37,101,"North Carolina","Johnston County",5,16,3839,1978,1861
050,37,101,"North Carolina","Johnston County",5,17,3694,1888,1806
050,37,101,"North Carolina","Johnston County",5,18,3081,1646,1435
050,37,101,"North Carolina","Johnston County",5,19,2555,1337,1218
050,37,101,"North Carolina","Johnston County",5,20,2655,1402,1253
050,37,101,"North Carolina","Johnston County",5,21,2722,1427,1295
050,37,101,"North Carolina","Johnston County",5,22,2820,1450,1370
050,37,101,"North Carolina","Johnston County",5,23,2843,1462,1381
050,37,101,"North Carolina","Johnston County",5,24,2864,1528,1336
050,37,101,"North Carolina","Johnston County",5,25,2821,1409,1412
050,37,101,"North Carolina","Johnston County",5,26,2755,1400,1355
050,37,101,"North Carolina","Johnston County",5,27,2795,1356,1439
050,37,101,"North Carolina","Johnston County",5,28,3033,1504,1529
050,37,101,"North Carolina","Johnston County",5,29,3168,1543,1625
050,37,101,"North Carolina","Johnston County",5,30,3191,1535,1656
050,37,101,"North Carolina","Johnston County",5,31,3306,1604,1702
050,37,101,"North Carolina","Johnston County",5,32,3468,1735,1733
050,37,101,"North Carolina","Johnston County",5,33,3565,1763,1802
050,37,101,"North Carolina","Johnston County",5,34,3429,1680,1749
050,37,101,"North Carolina","Johnston County",5,35,3396,1658,1738
050,37,101,"North Carolina","Johnston County",5,36,3375,1680,1695
050,37,101,"North Carolina","Johnston County",5,37,3350,1644,1706
050,37,101,"North Carolina","Johnston County",5,38,3326,1588,1738
050,37,101,"North Carolina","Johnston County",5,39,3359,1620,1739
050,37,101,"North Carolina","Johnston County",5,40,3444,1708,1736
050,37,101,"North Carolina","Johnston County",5,41,3456,1724,1732
050,37,101,"North Carolina","Johnston County",5,42,3401,1706,1695
050,37,101,"North Carolina","Johnston County",5,43,3431,1697,1734
050,37,101,"North Carolina","Johnston County",5,44,3315,1632,1683
050,37,101,"North Carolina","Johnston County",5,45,3384,1702,1682
050,37,101,"North Carolina","Johnston County",5,46,3317,1637,1680
050,37,101,"North Carolina","Johnston County",5,47,3180,1567,1613
050,37,101,"North Carolina","Johnston County",5,48,3202,1562,1640
050,37,101,"North Carolina","Johnston County",5,49,3134,1577,1557
050,37,101,"North Carolina","Johnston County",5,50,3289,1645,1644
050,37,101,"North Carolina","Johnston County",5,51,3580,1778,1802
050,37,101,"North Carolina","Johnston County",5,52,3726,1847,1879
050,37,101,"North Carolina","Johnston County",5,53,3511,1698,1813
050,37,101,"North Carolina","Johnston County",5,54,3385,1649,1736
050,37,101,"North Carolina","Johnston County",5,55,3145,1576,1569
050,37,101,"North Carolina","Johnston County",5,56,3177,1589,1588
050,37,101,"North Carolina","Johnston County",5,57,3130,1550,1580
050,37,101,"North Carolina","Johnston County",5,58,3110,1528,1582
050,37,101,"North Carolina","Johnston County",5,59,3227,1643,1584
050,37,101,"North Carolina","Johnston County",5,60,3030,1511,1519
050,37,101,"North Carolina","Johnston County",5,61,2956,1455,1501
050,37,101,"North Carolina","Johnston County",5,62,2900,1452,1448
050,37,101,"North Carolina","Johnston County",5,63,2714,1341,1373
050,37,101,"North Carolina","Johnston County",5,64,2626,1270,1356
050,37,101,"North Carolina","Johnston County",5,65,2537,1212,1325
050,37,101,"North Carolina","Johnston County",5,66,2518,1200,1318
050,37,101,"North Carolina","Johnston County",5,67,2298,1080,1218
050,37,101,"North Carolina","Johnston County",5,68,2212,1011,1201
050,37,101,"North Carolina","Johnston County",5,69,2251,999,1252
050,37,101,"North Carolina","Johnston County",5,70,2174,996,1178
050,37,101,"North Carolina","Johnston County",5,71,1998,934,1064
050,37,101,"North Carolina","Johnston County",5,72,1860,858,1002
050,37,101,"North Carolina","Johnston County",5,73,1702,757,945
050,37,101,"North Carolina","Johnston County",5,74,1653,739,914
050,37,101,"North Carolina","Johnston County",5,75,1656,738,918
050,37,101,"North Carolina","Johnston County",5,76,1696,760,936
050,37,101,"North Carolina","Johnston County",5,77,1200,527,673
050,37,101,"North Carolina","Johnston County",5,78,1132,492,640
050,37,101,"North Carolina","Johnston County",5,79,1033,440,593
050,37,101,"North Carolina","Johnston County",5,80,975,426,549
050,37,101,"North Carolina","Johnston County",5,81,774,340,434
050,37,101,"North Carolina","Johnston County",5,82,706,293,413
050,37,101,"North Carolina","Johnston County",5,83,590,246,344
050,37,101,"North Carolina","Johnston County",5,84,491,193,298
050,37,101,"North Carolina","Johnston County",5,85,2479,885,1594
050,37,103,"North Carolina","Jones County",1,0,83,43,40
050,37,103,"North Carolina","Jones County",1,1,86,40,46
050,37,103,"North Carolina","Jones County",1,2,89,41,48
050,37,103,"North Carolina","Jones County",1,3,79,44,35
050,37,103,"North Carolina","Jones County",1,4,90,55,35
050,37,103,"North Carolina","Jones County",1,5,93,54,39
050,37,103,"North Carolina","Jones County",1,6,86,52,34
050,37,103,"North Carolina","Jones County",1,7,79,36,43
050,37,103,"North Carolina","Jones County",1,8,88,43,45
050,37,103,"North Carolina","Jones County",1,9,90,48,42
050,37,103,"North Carolina","Jones County",1,10,89,38,51
050,37,103,"North Carolina","Jones County",1,11,93,43,50
050,37,103,"North Carolina","Jones County",1,12,110,61,49
050,37,103,"North Carolina","Jones County",1,13,100,51,49
050,37,103,"North Carolina","Jones County",1,14,99,47,52
050,37,103,"North Carolina","Jones County",1,15,104,56,48
050,37,103,"North Carolina","Jones County",1,16,103,45,58
050,37,103,"North Carolina","Jones County",1,17,98,39,59
050,37,103,"North Carolina","Jones County",1,18,79,39,40
050,37,103,"North Carolina","Jones County",1,19,79,41,38
050,37,103,"North Carolina","Jones County",1,20,89,46,43
050,37,103,"North Carolina","Jones County",1,21,82,46,36
050,37,103,"North Carolina","Jones County",1,22,80,39,41
050,37,103,"North Carolina","Jones County",1,23,86,39,47
050,37,103,"North Carolina","Jones County",1,24,83,46,37
050,37,103,"North Carolina","Jones County",1,25,97,48,49
050,37,103,"North Carolina","Jones County",1,26,109,64,45
050,37,103,"North Carolina","Jones County",1,27,108,60,48
050,37,103,"North Carolina","Jones County",1,28,101,55,46
050,37,103,"North Carolina","Jones County",1,29,115,64,51
050,37,103,"North Carolina","Jones County",1,30,106,50,56
050,37,103,"North Carolina","Jones County",1,31,105,50,55
050,37,103,"North Carolina","Jones County",1,32,105,52,53
050,37,103,"North Carolina","Jones County",1,33,98,57,41
050,37,103,"North Carolina","Jones County",1,34,97,48,49
050,37,103,"North Carolina","Jones County",1,35,91,48,43
050,37,103,"North Carolina","Jones County",1,36,84,49,35
050,37,103,"North Carolina","Jones County",1,37,109,49,60
050,37,103,"North Carolina","Jones County",1,38,104,50,54
050,37,103,"North Carolina","Jones County",1,39,104,57,47
050,37,103,"North Carolina","Jones County",1,40,91,53,38
050,37,103,"North Carolina","Jones County",1,41,102,43,59
050,37,103,"North Carolina","Jones County",1,42,93,43,50
050,37,103,"North Carolina","Jones County",1,43,96,45,51
050,37,103,"North Carolina","Jones County",1,44,81,43,38
050,37,103,"North Carolina","Jones County",1,45,99,48,51
050,37,103,"North Carolina","Jones County",1,46,87,49,38
050,37,103,"North Carolina","Jones County",1,47,98,47,51
050,37,103,"North Carolina","Jones County",1,48,137,76,61
050,37,103,"North Carolina","Jones County",1,49,121,69,52
050,37,103,"North Carolina","Jones County",1,50,119,55,64
050,37,103,"North Carolina","Jones County",1,51,123,62,61
050,37,103,"North Carolina","Jones County",1,52,121,56,65
050,37,103,"North Carolina","Jones County",1,53,123,64,59
050,37,103,"North Carolina","Jones County",1,54,134,65,69
050,37,103,"North Carolina","Jones County",1,55,141,64,77
050,37,103,"North Carolina","Jones County",1,56,152,75,77
050,37,103,"North Carolina","Jones County",1,57,165,82,83
050,37,103,"North Carolina","Jones County",1,58,172,81,91
050,37,103,"North Carolina","Jones County",1,59,162,77,85
050,37,103,"North Carolina","Jones County",1,60,131,62,69
050,37,103,"North Carolina","Jones County",1,61,170,74,96
050,37,103,"North Carolina","Jones County",1,62,164,69,95
050,37,103,"North Carolina","Jones County",1,63,160,78,82
050,37,103,"North Carolina","Jones County",1,64,181,96,85
050,37,103,"North Carolina","Jones County",1,65,171,85,86
050,37,103,"North Carolina","Jones County",1,66,157,77,80
050,37,103,"North Carolina","Jones County",1,67,144,67,77
050,37,103,"North Carolina","Jones County",1,68,145,64,81
050,37,103,"North Carolina","Jones County",1,69,130,62,68
050,37,103,"North Carolina","Jones County",1,70,117,56,61
050,37,103,"North Carolina","Jones County",1,71,125,59,66
050,37,103,"North Carolina","Jones County",1,72,140,66,74
050,37,103,"North Carolina","Jones County",1,73,131,60,71
050,37,103,"North Carolina","Jones County",1,74,90,44,46
050,37,103,"North Carolina","Jones County",1,75,83,41,42
050,37,103,"North Carolina","Jones County",1,76,80,39,41
050,37,103,"North Carolina","Jones County",1,77,78,36,42
050,37,103,"North Carolina","Jones County",1,78,63,27,36
050,37,103,"North Carolina","Jones County",1,79,63,25,38
050,37,103,"North Carolina","Jones County",1,80,61,30,31
050,37,103,"North Carolina","Jones County",1,81,43,19,24
050,37,103,"North Carolina","Jones County",1,82,41,16,25
050,37,103,"North Carolina","Jones County",1,83,47,21,26
050,37,103,"North Carolina","Jones County",1,84,50,23,27
050,37,103,"North Carolina","Jones County",1,85,222,73,149
050,37,103,"North Carolina","Jones County",2,0,84,44,40
050,37,103,"North Carolina","Jones County",2,1,86,42,44
050,37,103,"North Carolina","Jones County",2,2,87,41,46
050,37,103,"North Carolina","Jones County",2,3,82,45,37
050,37,103,"North Carolina","Jones County",2,4,87,53,34
050,37,103,"North Carolina","Jones County",2,5,93,54,39
050,37,103,"North Carolina","Jones County",2,6,87,52,35
050,37,103,"North Carolina","Jones County",2,7,80,37,43
050,37,103,"North Carolina","Jones County",2,8,84,41,43
050,37,103,"North Carolina","Jones County",2,9,90,47,43
050,37,103,"North Carolina","Jones County",2,10,87,39,48
050,37,103,"North Carolina","Jones County",2,11,94,42,52
050,37,103,"North Carolina","Jones County",2,12,106,57,49
050,37,103,"North Carolina","Jones County",2,13,101,53,48
050,37,103,"North Carolina","Jones County",2,14,100,48,52
050,37,103,"North Carolina","Jones County",2,15,101,53,48
050,37,103,"North Carolina","Jones County",2,16,100,45,55
050,37,103,"North Carolina","Jones County",2,17,99,39,60
050,37,103,"North Carolina","Jones County",2,18,80,37,43
050,37,103,"North Carolina","Jones County",2,19,76,39,37
050,37,103,"North Carolina","Jones County",2,20,87,45,42
050,37,103,"North Carolina","Jones County",2,21,85,47,38
050,37,103,"North Carolina","Jones County",2,22,81,41,40
050,37,103,"North Carolina","Jones County",2,23,85,40,45
050,37,103,"North Carolina","Jones County",2,24,83,44,39
050,37,103,"North Carolina","Jones County",2,25,95,48,47
050,37,103,"North Carolina","Jones County",2,26,108,62,46
050,37,103,"North Carolina","Jones County",2,27,110,62,48
050,37,103,"North Carolina","Jones County",2,28,104,57,47
050,37,103,"North Carolina","Jones County",2,29,115,63,52
050,37,103,"North Carolina","Jones County",2,30,109,54,55
050,37,103,"North Carolina","Jones County",2,31,106,49,57
050,37,103,"North Carolina","Jones County",2,32,101,50,51
050,37,103,"North Carolina","Jones County",2,33,101,57,44
050,37,103,"North Carolina","Jones County",2,34,95,50,45
050,37,103,"North Carolina","Jones County",2,35,92,49,43
050,37,103,"North Carolina","Jones County",2,36,85,48,37
050,37,103,"North Carolina","Jones County",2,37,105,50,55
050,37,103,"North Carolina","Jones County",2,38,105,49,56
050,37,103,"North Carolina","Jones County",2,39,103,55,48
050,37,103,"North Carolina","Jones County",2,40,96,54,42
050,37,103,"North Carolina","Jones County",2,41,100,46,54
050,37,103,"North Carolina","Jones County",2,42,93,41,52
050,37,103,"North Carolina","Jones County",2,43,96,45,51
050,37,103,"North Carolina","Jones County",2,44,84,43,41
050,37,103,"North Carolina","Jones County",2,45,97,49,48
050,37,103,"North Carolina","Jones County",2,46,88,48,40
050,37,103,"North Carolina","Jones County",2,47,97,49,48
050,37,103,"North Carolina","Jones County",2,48,128,69,59
050,37,103,"North Carolina","Jones County",2,49,127,72,55
050,37,103,"North Carolina","Jones County",2,50,118,57,61
050,37,103,"North Carolina","Jones County",2,51,120,60,60
050,37,103,"North Carolina","Jones County",2,52,118,54,64
050,37,103,"North Carolina","Jones County",2,53,121,62,59
050,37,103,"North Carolina","Jones County",2,54,134,67,67
050,37,103,"North Carolina","Jones County",2,55,139,64,75
050,37,103,"North Carolina","Jones County",2,56,150,73,77
050,37,103,"North Carolina","Jones County",2,57,161,79,82
050,37,103,"North Carolina","Jones County",2,58,171,81,90
050,37,103,"North Carolina","Jones County",2,59,166,79,87
050,37,103,"North Carolina","Jones County",2,60,140,66,74
050,37,103,"North Carolina","Jones County",2,61,159,69,90
050,37,103,"North Carolina","Jones County",2,62,163,70,93
050,37,103,"North Carolina","Jones County",2,63,162,77,85
050,37,103,"North Carolina","Jones County",2,64,173,90,83
050,37,103,"North Carolina","Jones County",2,65,172,87,85
050,37,103,"North Carolina","Jones County",2,66,159,78,81
050,37,103,"North Carolina","Jones County",2,67,147,68,79
050,37,103,"North Carolina","Jones County",2,68,144,65,79
050,37,103,"North Carolina","Jones County",2,69,136,64,72
050,37,103,"North Carolina","Jones County",2,70,117,56,61
050,37,103,"North Carolina","Jones County",2,71,122,58,64
050,37,103,"North Carolina","Jones County",2,72,132,63,69
050,37,103,"North Carolina","Jones County",2,73,138,63,75
050,37,103,"North Carolina","Jones County",2,74,94,45,49
050,37,103,"North Carolina","Jones County",2,75,84,41,43
050,37,103,"North Carolina","Jones County",2,76,80,40,40
050,37,103,"North Carolina","Jones County",2,77,80,37,43
050,37,103,"North Carolina","Jones County",2,78,64,27,37
050,37,103,"North Carolina","Jones County",2,79,63,26,37
050,37,103,"North Carolina","Jones County",2,80,61,29,32
050,37,103,"North Carolina","Jones County",2,81,46,21,25
050,37,103,"North Carolina","Jones County",2,82,41,16,25
050,37,103,"North Carolina","Jones County",2,83,43,19,24
050,37,103,"North Carolina","Jones County",2,84,48,21,27
050,37,103,"North Carolina","Jones County",2,85,218,71,147
050,37,103,"North Carolina","Jones County",3,0,70,31,39
050,37,103,"North Carolina","Jones County",3,1,77,43,34
050,37,103,"North Carolina","Jones County",3,2,89,47,42
050,37,103,"North Carolina","Jones County",3,3,85,40,45
050,37,103,"North Carolina","Jones County",3,4,90,45,45
050,37,103,"North Carolina","Jones County",3,5,82,50,32
050,37,103,"North Carolina","Jones County",3,6,99,60,39
050,37,103,"North Carolina","Jones County",3,7,104,57,47
050,37,103,"North Carolina","Jones County",3,8,81,35,46
050,37,103,"North Carolina","Jones County",3,9,93,45,48
050,37,103,"North Carolina","Jones County",3,10,94,51,43
050,37,103,"North Carolina","Jones County",3,11,85,39,46
050,37,103,"North Carolina","Jones County",3,12,100,47,53
050,37,103,"North Carolina","Jones County",3,13,106,58,48
050,37,103,"North Carolina","Jones County",3,14,101,54,47
050,37,103,"North Carolina","Jones County",3,15,100,47,53
050,37,103,"North Carolina","Jones County",3,16,105,54,51
050,37,103,"North Carolina","Jones County",3,17,101,49,52
050,37,103,"North Carolina","Jones County",3,18,87,39,48
050,37,103,"North Carolina","Jones County",3,19,67,34,33
050,37,103,"North Carolina","Jones County",3,20,89,47,42
050,37,103,"North Carolina","Jones County",3,21,96,46,50
050,37,103,"North Carolina","Jones County",3,22,102,55,47
050,37,103,"North Carolina","Jones County",3,23,91,45,46
050,37,103,"North Carolina","Jones County",3,24,86,38,48
050,37,103,"North Carolina","Jones County",3,25,85,45,40
050,37,103,"North Carolina","Jones County",3,26,94,47,47
050,37,103,"North Carolina","Jones County",3,27,107,63,44
050,37,103,"North Carolina","Jones County",3,28,105,59,46
050,37,103,"North Carolina","Jones County",3,29,111,54,57
050,37,103,"North Carolina","Jones County",3,30,117,69,48
050,37,103,"North Carolina","Jones County",3,31,108,55,53
050,37,103,"North Carolina","Jones County",3,32,110,54,56
050,37,103,"North Carolina","Jones County",3,33,103,53,50
050,37,103,"North Carolina","Jones County",3,34,111,61,50
050,37,103,"North Carolina","Jones County",3,35,97,47,50
050,37,103,"North Carolina","Jones County",3,36,98,53,45
050,37,103,"North Carolina","Jones County",3,37,87,48,39
050,37,103,"North Carolina","Jones County",3,38,105,50,55
050,37,103,"North Carolina","Jones County",3,39,105,49,56
050,37,103,"North Carolina","Jones County",3,40,110,57,53
050,37,103,"North Carolina","Jones County",3,41,103,52,51
050,37,103,"North Carolina","Jones County",3,42,103,50,53
050,37,103,"North Carolina","Jones County",3,43,92,41,51
050,37,103,"North Carolina","Jones County",3,44,97,44,53
050,37,103,"North Carolina","Jones County",3,45,89,47,42
050,37,103,"North Carolina","Jones County",3,46,95,49,46
050,37,103,"North Carolina","Jones County",3,47,94,50,44
050,37,103,"North Carolina","Jones County",3,48,103,57,46
050,37,103,"North Carolina","Jones County",3,49,130,71,59
050,37,103,"North Carolina","Jones County",3,50,115,66,49
050,37,103,"North Carolina","Jones County",3,51,114,55,59
050,37,103,"North Carolina","Jones County",3,52,115,60,55
050,37,103,"North Carolina","Jones County",3,53,121,55,66
050,37,103,"North Carolina","Jones County",3,54,135,67,68
050,37,103,"North Carolina","Jones County",3,55,129,61,68
050,37,103,"North Carolina","Jones County",3,56,142,66,76
050,37,103,"North Carolina","Jones County",3,57,154,74,80
050,37,103,"North Carolina","Jones County",3,58,156,76,80
050,37,103,"North Carolina","Jones County",3,59,177,83,94
050,37,103,"North Carolina","Jones County",3,60,164,78,86
050,37,103,"North Carolina","Jones County",3,61,143,66,77
050,37,103,"North Carolina","Jones County",3,62,154,69,85
050,37,103,"North Carolina","Jones County",3,63,162,70,92
050,37,103,"North Carolina","Jones County",3,64,157,73,84
050,37,103,"North Carolina","Jones County",3,65,171,90,81
050,37,103,"North Carolina","Jones County",3,66,167,87,80
050,37,103,"North Carolina","Jones County",3,67,155,74,81
050,37,103,"North Carolina","Jones County",3,68,147,65,82
050,37,103,"North Carolina","Jones County",3,69,140,63,77
050,37,103,"North Carolina","Jones County",3,70,134,62,72
050,37,103,"North Carolina","Jones County",3,71,119,56,63
050,37,103,"North Carolina","Jones County",3,72,112,53,59
050,37,103,"North Carolina","Jones County",3,73,128,62,66
050,37,103,"North Carolina","Jones County",3,74,131,60,71
050,37,103,"North Carolina","Jones County",3,75,95,42,53
050,37,103,"North Carolina","Jones County",3,76,75,40,35
050,37,103,"North Carolina","Jones County",3,77,77,38,39
050,37,103,"North Carolina","Jones County",3,78,76,32,44
050,37,103,"North Carolina","Jones County",3,79,57,27,30
050,37,103,"North Carolina","Jones County",3,80,56,22,34
050,37,103,"North Carolina","Jones County",3,81,56,25,31
050,37,103,"North Carolina","Jones County",3,82,39,17,22
050,37,103,"North Carolina","Jones County",3,83,37,16,21
050,37,103,"North Carolina","Jones County",3,84,40,15,25
050,37,103,"North Carolina","Jones County",3,85,221,75,146
050,37,103,"North Carolina","Jones County",4,0,88,46,42
050,37,103,"North Carolina","Jones County",4,1,82,47,35
050,37,103,"North Carolina","Jones County",4,2,71,37,34
050,37,103,"North Carolina","Jones County",4,3,88,46,42
050,37,103,"North Carolina","Jones County",4,4,96,40,56
050,37,103,"North Carolina","Jones County",4,5,86,45,41
050,37,103,"North Carolina","Jones County",4,6,77,40,37
050,37,103,"North Carolina","Jones County",4,7,105,63,42
050,37,103,"North Carolina","Jones County",4,8,98,53,45
050,37,103,"North Carolina","Jones County",4,9,79,33,46
050,37,103,"North Carolina","Jones County",4,10,96,44,52
050,37,103,"North Carolina","Jones County",4,11,99,55,44
050,37,103,"North Carolina","Jones County",4,12,79,38,41
050,37,103,"North Carolina","Jones County",4,13,99,52,47
050,37,103,"North Carolina","Jones County",4,14,114,62,52
050,37,103,"North Carolina","Jones County",4,15,108,56,52
050,37,103,"North Carolina","Jones County",4,16,105,50,55
050,37,103,"North Carolina","Jones County",4,17,102,55,47
050,37,103,"North Carolina","Jones County",4,18,89,45,44
050,37,103,"North Carolina","Jones County",4,19,68,31,37
050,37,103,"North Carolina","Jones County",4,20,74,36,38
050,37,103,"North Carolina","Jones County",4,21,91,54,37
050,37,103,"North Carolina","Jones County",4,22,98,45,53
050,37,103,"North Carolina","Jones County",4,23,102,59,43
050,37,103,"North Carolina","Jones County",4,24,92,48,44
050,37,103,"North Carolina","Jones County",4,25,90,42,48
050,37,103,"North Carolina","Jones County",4,26,86,45,41
050,37,103,"North Carolina","Jones County",4,27,96,50,46
050,37,103,"North Carolina","Jones County",4,28,100,57,43
050,37,103,"North Carolina","Jones County",4,29,108,65,43
050,37,103,"North Carolina","Jones County",4,30,104,46,58
050,37,103,"North Carolina","Jones County",4,31,124,72,52
050,37,103,"North Carolina","Jones County",4,32,104,57,47
050,37,103,"North Carolina","Jones County",4,33,112,55,57
050,37,103,"North Carolina","Jones County",4,34,103,50,53
050,37,103,"North Carolina","Jones County",4,35,113,59,54
050,37,103,"North Carolina","Jones County",4,36,94,48,46
050,37,103,"North Carolina","Jones County",4,37,90,45,45
050,37,103,"North Carolina","Jones County",4,38,90,46,44
050,37,103,"North Carolina","Jones County",4,39,112,55,57
050,37,103,"North Carolina","Jones County",4,40,112,54,58
050,37,103,"North Carolina","Jones County",4,41,108,56,52
050,37,103,"North Carolina","Jones County",4,42,111,59,52
050,37,103,"North Carolina","Jones County",4,43,101,51,50
050,37,103,"North Carolina","Jones County",4,44,95,42,53
050,37,103,"North Carolina","Jones County",4,45,99,47,52
050,37,103,"North Carolina","Jones County",4,46,91,47,44
050,37,103,"North Carolina","Jones County",4,47,99,53,46
050,37,103,"North Carolina","Jones County",4,48,99,56,43
050,37,103,"North Carolina","Jones County",4,49,104,58,46
050,37,103,"North Carolina","Jones County",4,50,131,70,61
050,37,103,"North Carolina","Jones County",4,51,119,66,53
050,37,103,"North Carolina","Jones County",4,52,114,57,57
050,37,103,"North Carolina","Jones County",4,53,120,63,57
050,37,103,"North Carolina","Jones County",4,54,122,57,65
050,37,103,"North Carolina","Jones County",4,55,146,72,74
050,37,103,"North Carolina","Jones County",4,56,125,60,65
050,37,103,"North Carolina","Jones County",4,57,140,66,74
050,37,103,"North Carolina","Jones County",4,58,152,74,78
050,37,103,"North Carolina","Jones County",4,59,161,77,84
050,37,103,"North Carolina","Jones County",4,60,178,83,95
050,37,103,"North Carolina","Jones County",4,61,167,79,88
050,37,103,"North Carolina","Jones County",4,62,143,67,76
050,37,103,"North Carolina","Jones County",4,63,157,69,88
050,37,103,"North Carolina","Jones County",4,64,165,73,92
050,37,103,"North Carolina","Jones County",4,65,161,74,87
050,37,103,"North Carolina","Jones County",4,66,164,85,79
050,37,103,"North Carolina","Jones County",4,67,162,86,76
050,37,103,"North Carolina","Jones County",4,68,154,72,82
050,37,103,"North Carolina","Jones County",4,69,151,70,81
050,37,103,"North Carolina","Jones County",4,70,138,61,77
050,37,103,"North Carolina","Jones County",4,71,128,62,66
050,37,103,"North Carolina","Jones County",4,72,109,49,60
050,37,103,"North Carolina","Jones County",4,73,114,54,60
050,37,103,"North Carolina","Jones County",4,74,118,54,64
050,37,103,"North Carolina","Jones County",4,75,129,57,72
050,37,103,"North Carolina","Jones County",4,76,87,41,46
050,37,103,"North Carolina","Jones County",4,77,67,32,35
050,37,103,"North Carolina","Jones County",4,78,70,34,36
050,37,103,"North Carolina","Jones County",4,79,67,29,38
050,37,103,"North Carolina","Jones County",4,80,47,24,23
050,37,103,"North Carolina","Jones County",4,81,50,18,32
050,37,103,"North Carolina","Jones County",4,82,51,18,33
050,37,103,"North Carolina","Jones County",4,83,29,12,17
050,37,103,"North Carolina","Jones County",4,84,36,15,21
050,37,103,"North Carolina","Jones County",4,85,216,80,136
050,37,103,"North Carolina","Jones County",5,0,95,52,43
050,37,103,"North Carolina","Jones County",5,1,95,48,47
050,37,103,"North Carolina","Jones County",5,2,89,47,42
050,37,103,"North Carolina","Jones County",5,3,80,41,39
050,37,103,"North Carolina","Jones County",5,4,93,51,42
050,37,103,"North Carolina","Jones County",5,5,110,45,65
050,37,103,"North Carolina","Jones County",5,6,97,50,47
050,37,103,"North Carolina","Jones County",5,7,82,44,38
050,37,103,"North Carolina","Jones County",5,8,108,66,42
050,37,103,"North Carolina","Jones County",5,9,101,58,43
050,37,103,"North Carolina","Jones County",5,10,86,32,54
050,37,103,"North Carolina","Jones County",5,11,102,44,58
050,37,103,"North Carolina","Jones County",5,12,99,50,49
050,37,103,"North Carolina","Jones County",5,13,90,52,38
050,37,103,"North Carolina","Jones County",5,14,104,51,53
050,37,103,"North Carolina","Jones County",5,15,111,60,51
050,37,103,"North Carolina","Jones County",5,16,116,62,54
050,37,103,"North Carolina","Jones County",5,17,96,50,46
050,37,103,"North Carolina","Jones County",5,18,92,50,42
050,37,103,"North Carolina","Jones County",5,19,75,38,37
050,37,103,"North Carolina","Jones County",5,20,86,39,47
050,37,103,"North Carolina","Jones County",5,21,70,36,34
050,37,103,"North Carolina","Jones County",5,22,97,51,46
050,37,103,"North Carolina","Jones County",5,23,110,51,59
050,37,103,"North Carolina","Jones County",5,24,108,60,48
050,37,103,"North Carolina","Jones County",5,25,97,47,50
050,37,103,"North Carolina","Jones County",5,26,96,47,49
050,37,103,"North Carolina","Jones County",5,27,93,52,41
050,37,103,"North Carolina","Jones County",5,28,102,55,47
050,37,103,"North Carolina","Jones County",5,29,102,56,46
050,37,103,"North Carolina","Jones County",5,30,109,63,46
050,37,103,"North Carolina","Jones County",5,31,100,42,58
050,37,103,"North Carolina","Jones County",5,32,126,67,59
050,37,103,"North Carolina","Jones County",5,33,119,60,59
050,37,103,"North Carolina","Jones County",5,34,115,58,57
050,37,103,"North Carolina","Jones County",5,35,110,53,57
050,37,103,"North Carolina","Jones County",5,36,108,51,57
050,37,103,"North Carolina","Jones County",5,37,92,51,41
050,37,103,"North Carolina","Jones County",5,38,96,45,51
050,37,103,"North Carolina","Jones County",5,39,98,50,48
050,37,103,"North Carolina","Jones County",5,40,107,53,54
050,37,103,"North Carolina","Jones County",5,41,112,53,59
050,37,103,"North Carolina","Jones County",5,42,121,66,55
050,37,103,"North Carolina","Jones County",5,43,111,59,52
050,37,103,"North Carolina","Jones County",5,44,99,52,47
050,37,103,"North Carolina","Jones County",5,45,94,41,53
050,37,103,"North Carolina","Jones County",5,46,105,50,55
050,37,103,"North Carolina","Jones County",5,47,96,49,47
050,37,103,"North Carolina","Jones County",5,48,104,54,50
050,37,103,"North Carolina","Jones County",5,49,96,54,42
050,37,103,"North Carolina","Jones County",5,50,103,57,46
050,37,103,"North Carolina","Jones County",5,51,132,71,61
050,37,103,"North Carolina","Jones County",5,52,127,65,62
050,37,103,"North Carolina","Jones County",5,53,118,60,58
050,37,103,"North Carolina","Jones County",5,54,123,64,59
050,37,103,"North Carolina","Jones County",5,55,120,53,67
050,37,103,"North Carolina","Jones County",5,56,143,71,72
050,37,103,"North Carolina","Jones County",5,57,126,62,64
050,37,103,"North Carolina","Jones County",5,58,137,68,69
050,37,103,"North Carolina","Jones County",5,59,158,77,81
050,37,103,"North Carolina","Jones County",5,60,162,76,86
050,37,103,"North Carolina","Jones County",5,61,183,83,100
050,37,103,"North Carolina","Jones County",5,62,167,79,88
050,37,103,"North Carolina","Jones County",5,63,143,64,79
050,37,103,"North Carolina","Jones County",5,64,150,65,85
050,37,103,"North Carolina","Jones County",5,65,161,74,87
050,37,103,"North Carolina","Jones County",5,66,161,70,91
050,37,103,"North Carolina","Jones County",5,67,156,80,76
050,37,103,"North Carolina","Jones County",5,68,164,87,77
050,37,103,"North Carolina","Jones County",5,69,161,79,82
050,37,103,"North Carolina","Jones County",5,70,145,67,78
050,37,103,"North Carolina","Jones County",5,71,134,61,73
050,37,103,"North Carolina","Jones County",5,72,118,55,63
050,37,103,"North Carolina","Jones County",5,73,114,51,63
050,37,103,"North Carolina","Jones County",5,74,105,47,58
050,37,103,"North Carolina","Jones County",5,75,119,55,64
050,37,103,"North Carolina","Jones County",5,76,128,56,72
050,37,103,"North Carolina","Jones County",5,77,85,36,49
050,37,103,"North Carolina","Jones County",5,78,65,30,35
050,37,103,"North Carolina","Jones County",5,79,66,33,33
050,37,103,"North Carolina","Jones County",5,80,59,26,33
050,37,103,"North Carolina","Jones County",5,81,43,20,23
050,37,103,"North Carolina","Jones County",5,82,46,16,30
050,37,103,"North Carolina","Jones County",5,83,40,13,27
050,37,103,"North Carolina","Jones County",5,84,29,11,18
050,37,103,"North Carolina","Jones County",5,85,210,82,128
050,37,105,"North Carolina","Lee County",1,0,789,401,388
050,37,105,"North Carolina","Lee County",1,1,801,408,393
050,37,105,"North Carolina","Lee County",1,2,790,383,407
050,37,105,"North Carolina","Lee County",1,3,762,398,364
050,37,105,"North Carolina","Lee County",1,4,837,447,390
050,37,105,"North Carolina","Lee County",1,5,842,449,393
050,37,105,"North Carolina","Lee County",1,6,826,438,388
050,37,105,"North Carolina","Lee County",1,7,802,415,387
050,37,105,"North Carolina","Lee County",1,8,835,422,413
050,37,105,"North Carolina","Lee County",1,9,884,420,464
050,37,105,"North Carolina","Lee County",1,10,929,454,475
050,37,105,"North Carolina","Lee County",1,11,881,454,427
050,37,105,"North Carolina","Lee County",1,12,954,481,473
050,37,105,"North Carolina","Lee County",1,13,937,487,450
050,37,105,"North Carolina","Lee County",1,14,901,472,429
050,37,105,"North Carolina","Lee County",1,15,878,465,413
050,37,105,"North Carolina","Lee County",1,16,883,456,427
050,37,105,"North Carolina","Lee County",1,17,865,449,416
050,37,105,"North Carolina","Lee County",1,18,756,410,346
050,37,105,"North Carolina","Lee County",1,19,669,358,311
050,37,105,"North Carolina","Lee County",1,20,707,362,345
050,37,105,"North Carolina","Lee County",1,21,706,368,338
050,37,105,"North Carolina","Lee County",1,22,706,339,367
050,37,105,"North Carolina","Lee County",1,23,722,359,363
050,37,105,"North Carolina","Lee County",1,24,732,377,355
050,37,105,"North Carolina","Lee County",1,25,800,399,401
050,37,105,"North Carolina","Lee County",1,26,778,391,387
050,37,105,"North Carolina","Lee County",1,27,814,391,423
050,37,105,"North Carolina","Lee County",1,28,818,420,398
050,37,105,"North Carolina","Lee County",1,29,905,463,442
050,37,105,"North Carolina","Lee County",1,30,826,415,411
050,37,105,"North Carolina","Lee County",1,31,794,379,415
050,37,105,"North Carolina","Lee County",1,32,775,344,431
050,37,105,"North Carolina","Lee County",1,33,801,395,406
050,37,105,"North Carolina","Lee County",1,34,810,411,399
050,37,105,"North Carolina","Lee County",1,35,760,369,391
050,37,105,"North Carolina","Lee County",1,36,723,340,383
050,37,105,"North Carolina","Lee County",1,37,780,380,400
050,37,105,"North Carolina","Lee County",1,38,782,412,370
050,37,105,"North Carolina","Lee County",1,39,781,412,369
050,37,105,"North Carolina","Lee County",1,40,754,375,379
050,37,105,"North Carolina","Lee County",1,41,785,385,400
050,37,105,"North Carolina","Lee County",1,42,832,432,400
050,37,105,"North Carolina","Lee County",1,43,807,408,399
050,37,105,"North Carolina","Lee County",1,44,705,352,353
050,37,105,"North Carolina","Lee County",1,45,724,364,360
050,37,105,"North Carolina","Lee County",1,46,691,338,353
050,37,105,"North Carolina","Lee County",1,47,771,365,406
050,37,105,"North Carolina","Lee County",1,48,806,394,412
050,37,105,"North Carolina","Lee County",1,49,925,452,473
050,37,105,"North Carolina","Lee County",1,50,880,436,444
050,37,105,"North Carolina","Lee County",1,51,853,435,418
050,37,105,"North Carolina","Lee County",1,52,819,412,407
050,37,105,"North Carolina","Lee County",1,53,822,399,423
050,37,105,"North Carolina","Lee County",1,54,817,408,409
050,37,105,"North Carolina","Lee County",1,55,925,460,465
050,37,105,"North Carolina","Lee County",1,56,902,449,453
050,37,105,"North Carolina","Lee County",1,57,850,408,442
050,37,105,"North Carolina","Lee County",1,58,864,423,441
050,37,105,"North Carolina","Lee County",1,59,845,414,431
050,37,105,"North Carolina","Lee County",1,60,824,386,438
050,37,105,"North Carolina","Lee County",1,61,836,420,416
050,37,105,"North Carolina","Lee County",1,62,818,404,414
050,37,105,"North Carolina","Lee County",1,63,797,377,420
050,37,105,"North Carolina","Lee County",1,64,784,385,399
050,37,105,"North Carolina","Lee County",1,65,784,391,393
050,37,105,"North Carolina","Lee County",1,66,738,344,394
050,37,105,"North Carolina","Lee County",1,67,713,339,374
050,37,105,"North Carolina","Lee County",1,68,663,321,342
050,37,105,"North Carolina","Lee County",1,69,619,298,321
050,37,105,"North Carolina","Lee County",1,70,607,286,321
050,37,105,"North Carolina","Lee County",1,71,603,285,318
050,37,105,"North Carolina","Lee County",1,72,632,293,339
050,37,105,"North Carolina","Lee County",1,73,600,284,316
050,37,105,"North Carolina","Lee County",1,74,414,185,229
050,37,105,"North Carolina","Lee County",1,75,399,181,218
050,37,105,"North Carolina","Lee County",1,76,414,194,220
050,37,105,"North Carolina","Lee County",1,77,389,177,212
050,37,105,"North Carolina","Lee County",1,78,341,140,201
050,37,105,"North Carolina","Lee County",1,79,298,131,167
050,37,105,"North Carolina","Lee County",1,80,260,102,158
050,37,105,"North Carolina","Lee County",1,81,232,90,142
050,37,105,"North Carolina","Lee County",1,82,227,95,132
050,37,105,"North Carolina","Lee County",1,83,185,60,125
050,37,105,"North Carolina","Lee County",1,84,185,65,120
050,37,105,"North Carolina","Lee County",1,85,1200,422,778
050,37,105,"North Carolina","Lee County",2,0,803,411,392
050,37,105,"North Carolina","Lee County",2,1,799,406,393
050,37,105,"North Carolina","Lee County",2,2,792,391,401
050,37,105,"North Carolina","Lee County",2,3,773,396,377
050,37,105,"North Carolina","Lee County",2,4,824,440,384
050,37,105,"North Carolina","Lee County",2,5,848,454,394
050,37,105,"North Carolina","Lee County",2,6,833,440,393
050,37,105,"North Carolina","Lee County",2,7,810,422,388
050,37,105,"North Carolina","Lee County",2,8,830,419,411
050,37,105,"North Carolina","Lee County",2,9,876,421,455
050,37,105,"North Carolina","Lee County",2,10,915,444,471
050,37,105,"North Carolina","Lee County",2,11,889,453,436
050,37,105,"North Carolina","Lee County",2,12,941,478,463
050,37,105,"North Carolina","Lee County",2,13,936,484,452
050,37,105,"North Carolina","Lee County",2,14,914,478,436
050,37,105,"North Carolina","Lee County",2,15,888,469,419
050,37,105,"North Carolina","Lee County",2,16,885,460,425
050,37,105,"North Carolina","Lee County",2,17,873,451,422
050,37,105,"North Carolina","Lee County",2,18,753,407,346
050,37,105,"North Carolina","Lee County",2,19,672,361,311
050,37,105,"North Carolina","Lee County",2,20,707,365,342
050,37,105,"North Carolina","Lee County",2,21,713,372,341
050,37,105,"North Carolina","Lee County",2,22,701,343,358
050,37,105,"North Carolina","Lee County",2,23,717,354,363
050,37,105,"North Carolina","Lee County",2,24,740,378,362
050,37,105,"North Carolina","Lee County",2,25,784,395,389
050,37,105,"North Carolina","Lee County",2,26,787,396,391
050,37,105,"North Carolina","Lee County",2,27,807,394,413
050,37,105,"North Carolina","Lee County",2,28,829,418,411
050,37,105,"North Carolina","Lee County",2,29,886,455,431
050,37,105,"North Carolina","Lee County",2,30,845,424,421
050,37,105,"North Carolina","Lee County",2,31,800,384,416
050,37,105,"North Carolina","Lee County",2,32,780,352,428
050,37,105,"North Carolina","Lee County",2,33,800,385,415
050,37,105,"North Carolina","Lee County",2,34,807,409,398
050,37,105,"North Carolina","Lee County",2,35,774,383,391
050,37,105,"North Carolina","Lee County",2,36,724,342,382
050,37,105,"North Carolina","Lee County",2,37,765,368,397
050,37,105,"North Carolina","Lee County",2,38,789,409,380
050,37,105,"North Carolina","Lee County",2,39,781,412,369
050,37,105,"North Carolina","Lee County",2,40,770,388,382
050,37,105,"North Carolina","Lee County",2,41,777,384,393
050,37,105,"North Carolina","Lee County",2,42,820,422,398
050,37,105,"North Carolina","Lee County",2,43,822,421,401
050,37,105,"North Carolina","Lee County",2,44,719,356,363
050,37,105,"North Carolina","Lee County",2,45,727,365,362
050,37,105,"North Carolina","Lee County",2,46,696,343,353
050,37,105,"North Carolina","Lee County",2,47,754,363,391
050,37,105,"North Carolina","Lee County",2,48,801,387,414
050,37,105,"North Carolina","Lee County",2,49,901,441,460
050,37,105,"North Carolina","Lee County",2,50,889,439,450
050,37,105,"North Carolina","Lee County",2,51,859,436,423
050,37,105,"North Carolina","Lee County",2,52,827,420,407
050,37,105,"North Carolina","Lee County",2,53,819,402,417
050,37,105,"North Carolina","Lee County",2,54,817,401,416
050,37,105,"North Carolina","Lee County",2,55,902,451,451
050,37,105,"North Carolina","Lee County",2,56,916,457,459
050,37,105,"North Carolina","Lee County",2,57,866,418,448
050,37,105,"North Carolina","Lee County",2,58,859,417,442
050,37,105,"North Carolina","Lee County",2,59,845,412,433
050,37,105,"North Carolina","Lee County",2,60,830,395,435
050,37,105,"North Carolina","Lee County",2,61,835,410,425
050,37,105,"North Carolina","Lee County",2,62,816,403,413
050,37,105,"North Carolina","Lee County",2,63,807,383,424
050,37,105,"North Carolina","Lee County",2,64,784,382,402
050,37,105,"North Carolina","Lee County",2,65,789,396,393
050,37,105,"North Carolina","Lee County",2,66,756,359,397
050,37,105,"North Carolina","Lee County",2,67,716,336,380
050,37,105,"North Carolina","Lee County",2,68,667,322,345
050,37,105,"North Carolina","Lee County",2,69,633,305,328
050,37,105,"North Carolina","Lee County",2,70,604,287,317
050,37,105,"North Carolina","Lee County",2,71,602,285,317
050,37,105,"North Carolina","Lee County",2,72,610,283,327
050,37,105,"North Carolina","Lee County",2,73,634,298,336
050,37,105,"North Carolina","Lee County",2,74,424,195,229
050,37,105,"North Carolina","Lee County",2,75,404,183,221
050,37,105,"North Carolina","Lee County",2,76,404,186,218
050,37,105,"North Carolina","Lee County",2,77,393,180,213
050,37,105,"North Carolina","Lee County",2,78,347,147,200
050,37,105,"North Carolina","Lee County",2,79,305,131,174
050,37,105,"North Carolina","Lee County",2,80,263,106,157
050,37,105,"North Carolina","Lee County",2,81,235,91,144
050,37,105,"North Carolina","Lee County",2,82,222,89,133
050,37,105,"North Carolina","Lee County",2,83,191,66,125
050,37,105,"North Carolina","Lee County",2,84,181,63,118
050,37,105,"North Carolina","Lee County",2,85,1206,430,776
050,37,105,"North Carolina","Lee County",3,0,754,387,367
050,37,105,"North Carolina","Lee County",3,1,774,383,391
050,37,105,"North Carolina","Lee County",3,2,813,425,388
050,37,105,"North Carolina","Lee County",3,3,816,402,414
050,37,105,"North Carolina","Lee County",3,4,780,401,379
050,37,105,"North Carolina","Lee County",3,5,845,431,414
050,37,105,"North Carolina","Lee County",3,6,837,441,396
050,37,105,"North Carolina","Lee County",3,7,812,431,381
050,37,105,"North Carolina","Lee County",3,8,793,405,388
050,37,105,"North Carolina","Lee County",3,9,845,430,415
050,37,105,"North Carolina","Lee County",3,10,881,433,448
050,37,105,"North Carolina","Lee County",3,11,927,461,466
050,37,105,"North Carolina","Lee County",3,12,885,465,420
050,37,105,"North Carolina","Lee County",3,13,945,475,470
050,37,105,"North Carolina","Lee County",3,14,933,483,450
050,37,105,"North Carolina","Lee County",3,15,932,478,454
050,37,105,"North Carolina","Lee County",3,16,891,466,425
050,37,105,"North Carolina","Lee County",3,17,902,468,434
050,37,105,"North Carolina","Lee County",3,18,773,422,351
050,37,105,"North Carolina","Lee County",3,19,682,369,313
050,37,105,"North Carolina","Lee County",3,20,703,358,345
050,37,105,"North Carolina","Lee County",3,21,733,374,359
050,37,105,"North Carolina","Lee County",3,22,749,385,364
050,37,105,"North Carolina","Lee County",3,23,750,368,382
050,37,105,"North Carolina","Lee County",3,24,733,373,360
050,37,105,"North Carolina","Lee County",3,25,776,392,384
050,37,105,"North Carolina","Lee County",3,26,776,390,386
050,37,105,"North Carolina","Lee County",3,27,830,423,407
050,37,105,"North Carolina","Lee County",3,28,818,395,423
050,37,105,"North Carolina","Lee County",3,29,864,429,435
050,37,105,"North Carolina","Lee County",3,30,869,440,429
050,37,105,"North Carolina","Lee County",3,31,880,457,423
050,37,105,"North Carolina","Lee County",3,32,793,386,407
050,37,105,"North Carolina","Lee County",3,33,795,362,433
050,37,105,"North Carolina","Lee County",3,34,828,409,419
050,37,105,"North Carolina","Lee County",3,35,808,417,391
050,37,105,"North Carolina","Lee County",3,36,766,361,405
050,37,105,"North Carolina","Lee County",3,37,746,362,384
050,37,105,"North Carolina","Lee County",3,38,766,382,384
050,37,105,"North Carolina","Lee County",3,39,814,426,388
050,37,105,"North Carolina","Lee County",3,40,784,413,371
050,37,105,"North Carolina","Lee County",3,41,798,398,400
050,37,105,"North Carolina","Lee County",3,42,788,380,408
050,37,105,"North Carolina","Lee County",3,43,827,427,400
050,37,105,"North Carolina","Lee County",3,44,816,406,410
050,37,105,"North Carolina","Lee County",3,45,734,370,364
050,37,105,"North Carolina","Lee County",3,46,719,348,371
050,37,105,"North Carolina","Lee County",3,47,702,354,348
050,37,105,"North Carolina","Lee County",3,48,748,341,407
050,37,105,"North Carolina","Lee County",3,49,820,403,417
050,37,105,"North Carolina","Lee County",3,50,878,442,436
050,37,105,"North Carolina","Lee County",3,51,900,448,452
050,37,105,"North Carolina","Lee County",3,52,881,448,433
050,37,105,"North Carolina","Lee County",3,53,833,429,404
050,37,105,"North Carolina","Lee County",3,54,827,407,420
050,37,105,"North Carolina","Lee County",3,55,829,417,412
050,37,105,"North Carolina","Lee County",3,56,903,452,451
050,37,105,"North Carolina","Lee County",3,57,920,453,467
050,37,105,"North Carolina","Lee County",3,58,870,415,455
050,37,105,"North Carolina","Lee County",3,59,873,419,454
050,37,105,"North Carolina","Lee County",3,60,842,411,431
050,37,105,"North Carolina","Lee County",3,61,847,406,441
050,37,105,"North Carolina","Lee County",3,62,833,416,417
050,37,105,"North Carolina","Lee County",3,63,833,409,424
050,37,105,"North Carolina","Lee County",3,64,795,378,417
050,37,105,"North Carolina","Lee County",3,65,786,385,401
050,37,105,"North Carolina","Lee County",3,66,781,385,396
050,37,105,"North Carolina","Lee County",3,67,741,354,387
050,37,105,"North Carolina","Lee County",3,68,706,332,374
050,37,105,"North Carolina","Lee County",3,69,654,315,339
050,37,105,"North Carolina","Lee County",3,70,603,290,313
050,37,105,"North Carolina","Lee County",3,71,586,270,316
050,37,105,"North Carolina","Lee County",3,72,585,275,310
050,37,105,"North Carolina","Lee County",3,73,585,271,314
050,37,105,"North Carolina","Lee County",3,74,597,277,320
050,37,105,"North Carolina","Lee County",3,75,410,187,223
050,37,105,"North Carolina","Lee County",3,76,399,175,224
050,37,105,"North Carolina","Lee County",3,77,388,173,215
050,37,105,"North Carolina","Lee County",3,78,376,174,202
050,37,105,"North Carolina","Lee County",3,79,328,138,190
050,37,105,"North Carolina","Lee County",3,80,285,118,167
050,37,105,"North Carolina","Lee County",3,81,248,101,147
050,37,105,"North Carolina","Lee County",3,82,218,85,133
050,37,105,"North Carolina","Lee County",3,83,212,84,128
050,37,105,"North Carolina","Lee County",3,84,180,60,120
050,37,105,"North Carolina","Lee County",3,85,1167,393,774
050,37,105,"North Carolina","Lee County",4,0,780,395,385
050,37,105,"North Carolina","Lee County",4,1,807,410,397
050,37,105,"North Carolina","Lee County",4,2,781,390,391
050,37,105,"North Carolina","Lee County",4,3,843,438,405
050,37,105,"North Carolina","Lee County",4,4,813,400,413
050,37,105,"North Carolina","Lee County",4,5,799,403,396
050,37,105,"North Carolina","Lee County",4,6,870,440,430
050,37,105,"North Carolina","Lee County",4,7,868,448,420
050,37,105,"North Carolina","Lee County",4,8,819,425,394
050,37,105,"North Carolina","Lee County",4,9,808,418,390
050,37,105,"North Carolina","Lee County",4,10,877,442,435
050,37,105,"North Carolina","Lee County",4,11,912,459,453
050,37,105,"North Carolina","Lee County",4,12,928,465,463
050,37,105,"North Carolina","Lee County",4,13,895,458,437
050,37,105,"North Carolina","Lee County",4,14,954,482,472
050,37,105,"North Carolina","Lee County",4,15,913,480,433
050,37,105,"North Carolina","Lee County",4,16,936,474,462
050,37,105,"North Carolina","Lee County",4,17,922,471,451
050,37,105,"North Carolina","Lee County",4,18,808,439,369
050,37,105,"North Carolina","Lee County",4,19,687,365,322
050,37,105,"North Carolina","Lee County",4,20,706,372,334
050,37,105,"North Carolina","Lee County",4,21,765,396,369
050,37,105,"North Carolina","Lee County",4,22,754,380,374
050,37,105,"North Carolina","Lee County",4,23,796,400,396
050,37,105,"North Carolina","Lee County",4,24,771,383,388
050,37,105,"North Carolina","Lee County",4,25,764,371,393
050,37,105,"North Carolina","Lee County",4,26,795,400,395
050,37,105,"North Carolina","Lee County",4,27,794,387,407
050,37,105,"North Carolina","Lee County",4,28,896,469,427
050,37,105,"North Carolina","Lee County",4,29,867,415,452
050,37,105,"North Carolina","Lee County",4,30,917,479,438
050,37,105,"North Carolina","Lee County",4,31,916,477,439
050,37,105,"North Carolina","Lee County",4,32,915,450,465
050,37,105,"North Carolina","Lee County",4,33,848,402,446
050,37,105,"North Carolina","Lee County",4,34,805,380,425
050,37,105,"North Carolina","Lee County",4,35,841,425,416
050,37,105,"North Carolina","Lee County",4,36,823,417,406
050,37,105,"North Carolina","Lee County",4,37,805,388,417
050,37,105,"North Carolina","Lee County",4,38,823,395,428
050,37,105,"North Carolina","Lee County",4,39,823,414,409
050,37,105,"North Carolina","Lee County",4,40,837,439,398
050,37,105,"North Carolina","Lee County",4,41,822,427,395
050,37,105,"North Carolina","Lee County",4,42,827,406,421
050,37,105,"North Carolina","Lee County",4,43,790,375,415
050,37,105,"North Carolina","Lee County",4,44,822,405,417
050,37,105,"North Carolina","Lee County",4,45,853,439,414
050,37,105,"North Carolina","Lee County",4,46,759,381,378
050,37,105,"North Carolina","Lee County",4,47,736,362,374
050,37,105,"North Carolina","Lee County",4,48,713,353,360
050,37,105,"North Carolina","Lee County",4,49,759,356,403
050,37,105,"North Carolina","Lee County",4,50,827,406,421
050,37,105,"North Carolina","Lee County",4,51,891,441,450
050,37,105,"North Carolina","Lee County",4,52,917,458,459
050,37,105,"North Carolina","Lee County",4,53,885,443,442
050,37,105,"North Carolina","Lee County",4,54,817,415,402
050,37,105,"North Carolina","Lee County",4,55,852,422,430
050,37,105,"North Carolina","Lee County",4,56,856,430,426
050,37,105,"North Carolina","Lee County",4,57,902,452,450
050,37,105,"North Carolina","Lee County",4,58,925,446,479
050,37,105,"North Carolina","Lee County",4,59,895,443,452
050,37,105,"North Carolina","Lee County",4,60,880,417,463
050,37,105,"North Carolina","Lee County",4,61,864,414,450
050,37,105,"North Carolina","Lee County",4,62,856,411,445
050,37,105,"North Carolina","Lee County",4,63,840,413,427
050,37,105,"North Carolina","Lee County",4,64,824,402,422
050,37,105,"North Carolina","Lee County",4,65,803,381,422
050,37,105,"North Carolina","Lee County",4,66,766,383,383
050,37,105,"North Carolina","Lee County",4,67,776,381,395
050,37,105,"North Carolina","Lee County",4,68,722,347,375
050,37,105,"North Carolina","Lee County",4,69,696,330,366
050,37,105,"North Carolina","Lee County",4,70,634,305,329
050,37,105,"North Carolina","Lee County",4,71,597,286,311
050,37,105,"North Carolina","Lee County",4,72,586,265,321
050,37,105,"North Carolina","Lee County",4,73,575,267,308
050,37,105,"North Carolina","Lee County",4,74,560,253,307
050,37,105,"North Carolina","Lee County",4,75,583,273,310
050,37,105,"North Carolina","Lee County",4,76,391,173,218
050,37,105,"North Carolina","Lee County",4,77,377,169,208
050,37,105,"North Carolina","Lee County",4,78,371,163,208
050,37,105,"North Carolina","Lee County",4,79,357,166,191
050,37,105,"North Carolina","Lee County",4,80,308,121,187
050,37,105,"North Carolina","Lee County",4,81,273,114,159
050,37,105,"North Carolina","Lee County",4,82,225,92,133
050,37,105,"North Carolina","Lee County",4,83,206,78,128
050,37,105,"North Carolina","Lee County",4,84,204,81,123
050,37,105,"North Carolina","Lee County",4,85,1140,374,766
050,37,105,"North Carolina","Lee County",5,0,784,399,385
050,37,105,"North Carolina","Lee County",5,1,849,432,417
050,37,105,"North Carolina","Lee County",5,2,782,381,401
050,37,105,"North Carolina","Lee County",5,3,805,391,414
050,37,105,"North Carolina","Lee County",5,4,847,455,392
050,37,105,"North Carolina","Lee County",5,5,835,424,411
050,37,105,"North Carolina","Lee County",5,6,817,413,404
050,37,105,"North Carolina","Lee County",5,7,891,442,449
050,37,105,"North Carolina","Lee County",5,8,872,460,412
050,37,105,"North Carolina","Lee County",5,9,823,420,403
050,37,105,"North Carolina","Lee County",5,10,851,437,414
050,37,105,"North Carolina","Lee County",5,11,888,452,436
050,37,105,"North Carolina","Lee County",5,12,927,467,460
050,37,105,"North Carolina","Lee County",5,13,921,469,452
050,37,105,"North Carolina","Lee County",5,14,854,440,414
050,37,105,"North Carolina","Lee County",5,15,961,485,476
050,37,105,"North Carolina","Lee County",5,16,923,484,439
050,37,105,"North Carolina","Lee County",5,17,950,488,462
050,37,105,"North Carolina","Lee County",5,18,795,420,375
050,37,105,"North Carolina","Lee County",5,19,705,386,319
050,37,105,"North Carolina","Lee County",5,20,730,380,350
050,37,105,"North Carolina","Lee County",5,21,767,420,347
050,37,105,"North Carolina","Lee County",5,22,816,417,399
050,37,105,"North Carolina","Lee County",5,23,822,415,407
050,37,105,"North Carolina","Lee County",5,24,831,413,418
050,37,105,"North Carolina","Lee County",5,25,822,401,421
050,37,105,"North Carolina","Lee County",5,26,781,382,399
050,37,105,"North Carolina","Lee County",5,27,812,408,404
050,37,105,"North Carolina","Lee County",5,28,861,432,429
050,37,105,"North Carolina","Lee County",5,29,950,502,448
050,37,105,"North Carolina","Lee County",5,30,890,442,448
050,37,105,"North Carolina","Lee County",5,31,942,480,462
050,37,105,"North Carolina","Lee County",5,32,915,469,446
050,37,105,"North Carolina","Lee County",5,33,959,479,480
050,37,105,"North Carolina","Lee County",5,34,883,426,457
050,37,105,"North Carolina","Lee County",5,35,844,410,434
050,37,105,"North Carolina","Lee County",5,36,839,422,417
050,37,105,"North Carolina","Lee County",5,37,857,450,407
050,37,105,"North Carolina","Lee County",5,38,876,432,444
050,37,105,"North Carolina","Lee County",5,39,846,403,443
050,37,105,"North Carolina","Lee County",5,40,810,397,413
050,37,105,"North Carolina","Lee County",5,41,858,453,405
050,37,105,"North Carolina","Lee County",5,42,835,439,396
050,37,105,"North Carolina","Lee County",5,43,820,411,409
050,37,105,"North Carolina","Lee County",5,44,792,353,439
050,37,105,"North Carolina","Lee County",5,45,826,422,404
050,37,105,"North Carolina","Lee County",5,46,860,435,425
050,37,105,"North Carolina","Lee County",5,47,785,401,384
050,37,105,"North Carolina","Lee County",5,48,736,354,382
050,37,105,"North Carolina","Lee County",5,49,734,363,371
050,37,105,"North Carolina","Lee County",5,50,780,358,422
050,37,105,"North Carolina","Lee County",5,51,830,400,430
050,37,105,"North Carolina","Lee County",5,52,898,431,467
050,37,105,"North Carolina","Lee County",5,53,952,479,473
050,37,105,"North Carolina","Lee County",5,54,893,443,450
050,37,105,"North Carolina","Lee County",5,55,864,454,410
050,37,105,"North Carolina","Lee County",5,56,888,444,444
050,37,105,"North Carolina","Lee County",5,57,865,428,437
050,37,105,"North Carolina","Lee County",5,58,932,467,465
050,37,105,"North Carolina","Lee County",5,59,945,466,479
050,37,105,"North Carolina","Lee County",5,60,906,442,464
050,37,105,"North Carolina","Lee County",5,61,892,425,467
050,37,105,"North Carolina","Lee County",5,62,888,440,448
050,37,105,"North Carolina","Lee County",5,63,863,407,456
050,37,105,"North Carolina","Lee County",5,64,850,416,434
050,37,105,"North Carolina","Lee County",5,65,815,386,429
050,37,105,"North Carolina","Lee County",5,66,794,380,414
050,37,105,"North Carolina","Lee County",5,67,783,383,400
050,37,105,"North Carolina","Lee County",5,68,786,388,398
050,37,105,"North Carolina","Lee County",5,69,727,341,386
050,37,105,"North Carolina","Lee County",5,70,687,324,363
050,37,105,"North Carolina","Lee County",5,71,617,296,321
050,37,105,"North Carolina","Lee County",5,72,602,288,314
050,37,105,"North Carolina","Lee County",5,73,571,256,315
050,37,105,"North Carolina","Lee County",5,74,552,247,305
050,37,105,"North Carolina","Lee County",5,75,551,250,301
050,37,105,"North Carolina","Lee County",5,76,567,260,307
050,37,105,"North Carolina","Lee County",5,77,381,170,211
050,37,105,"North Carolina","Lee County",5,78,374,169,205
050,37,105,"North Carolina","Lee County",5,79,356,158,198
050,37,105,"North Carolina","Lee County",5,80,339,150,189
050,37,105,"North Carolina","Lee County",5,81,291,115,176
050,37,105,"North Carolina","Lee County",5,82,259,108,151
050,37,105,"North Carolina","Lee County",5,83,214,85,129
050,37,105,"North Carolina","Lee County",5,84,198,74,124
050,37,105,"North Carolina","Lee County",5,85,1170,390,780
050,37,107,"North Carolina","Lenoir County",1,0,611,313,298
050,37,107,"North Carolina","Lenoir County",1,1,603,327,276
050,37,107,"North Carolina","Lenoir County",1,2,609,313,296
050,37,107,"North Carolina","Lenoir County",1,3,625,325,300
050,37,107,"North Carolina","Lenoir County",1,4,620,290,330
050,37,107,"North Carolina","Lenoir County",1,5,643,334,309
050,37,107,"North Carolina","Lenoir County",1,6,675,344,331
050,37,107,"North Carolina","Lenoir County",1,7,662,323,339
050,37,107,"North Carolina","Lenoir County",1,8,665,357,308
050,37,107,"North Carolina","Lenoir County",1,9,683,334,349
050,37,107,"North Carolina","Lenoir County",1,10,744,367,377
050,37,107,"North Carolina","Lenoir County",1,11,734,368,366
050,37,107,"North Carolina","Lenoir County",1,12,776,381,395
050,37,107,"North Carolina","Lenoir County",1,13,776,412,364
050,37,107,"North Carolina","Lenoir County",1,14,803,403,400
050,37,107,"North Carolina","Lenoir County",1,15,762,406,356
050,37,107,"North Carolina","Lenoir County",1,16,724,387,337
050,37,107,"North Carolina","Lenoir County",1,17,711,381,330
050,37,107,"North Carolina","Lenoir County",1,18,649,349,300
050,37,107,"North Carolina","Lenoir County",1,19,558,296,262
050,37,107,"North Carolina","Lenoir County",1,20,572,297,275
050,37,107,"North Carolina","Lenoir County",1,21,599,289,310
050,37,107,"North Carolina","Lenoir County",1,22,601,298,303
050,37,107,"North Carolina","Lenoir County",1,23,631,315,316
050,37,107,"North Carolina","Lenoir County",1,24,615,313,302
050,37,107,"North Carolina","Lenoir County",1,25,680,342,338
050,37,107,"North Carolina","Lenoir County",1,26,669,328,341
050,37,107,"North Carolina","Lenoir County",1,27,650,329,321
050,37,107,"North Carolina","Lenoir County",1,28,642,318,324
050,37,107,"North Carolina","Lenoir County",1,29,658,322,336
050,37,107,"North Carolina","Lenoir County",1,30,580,274,306
050,37,107,"North Carolina","Lenoir County",1,31,604,274,330
050,37,107,"North Carolina","Lenoir County",1,32,615,304,311
050,37,107,"North Carolina","Lenoir County",1,33,590,278,312
050,37,107,"North Carolina","Lenoir County",1,34,601,277,324
050,37,107,"North Carolina","Lenoir County",1,35,577,278,299
050,37,107,"North Carolina","Lenoir County",1,36,554,251,303
050,37,107,"North Carolina","Lenoir County",1,37,578,265,313
050,37,107,"North Carolina","Lenoir County",1,38,592,288,304
050,37,107,"North Carolina","Lenoir County",1,39,626,316,310
050,37,107,"North Carolina","Lenoir County",1,40,617,301,316
050,37,107,"North Carolina","Lenoir County",1,41,578,270,308
050,37,107,"North Carolina","Lenoir County",1,42,590,282,308
050,37,107,"North Carolina","Lenoir County",1,43,561,260,301
050,37,107,"North Carolina","Lenoir County",1,44,606,296,310
050,37,107,"North Carolina","Lenoir County",1,45,634,306,328
050,37,107,"North Carolina","Lenoir County",1,46,629,304,325
050,37,107,"North Carolina","Lenoir County",1,47,639,316,323
050,37,107,"North Carolina","Lenoir County",1,48,637,306,331
050,37,107,"North Carolina","Lenoir County",1,49,730,339,391
050,37,107,"North Carolina","Lenoir County",1,50,686,347,339
050,37,107,"North Carolina","Lenoir County",1,51,652,319,333
050,37,107,"North Carolina","Lenoir County",1,52,658,298,360
050,37,107,"North Carolina","Lenoir County",1,53,667,302,365
050,37,107,"North Carolina","Lenoir County",1,54,699,326,373
050,37,107,"North Carolina","Lenoir County",1,55,755,356,399
050,37,107,"North Carolina","Lenoir County",1,56,808,396,412
050,37,107,"North Carolina","Lenoir County",1,57,848,413,435
050,37,107,"North Carolina","Lenoir County",1,58,828,406,422
050,37,107,"North Carolina","Lenoir County",1,59,808,389,419
050,37,107,"North Carolina","Lenoir County",1,60,828,408,420
050,37,107,"North Carolina","Lenoir County",1,61,841,385,456
050,37,107,"North Carolina","Lenoir County",1,62,838,394,444
050,37,107,"North Carolina","Lenoir County",1,63,817,374,443
050,37,107,"North Carolina","Lenoir County",1,64,835,380,455
050,37,107,"North Carolina","Lenoir County",1,65,808,372,436
050,37,107,"North Carolina","Lenoir County",1,66,750,346,404
050,37,107,"North Carolina","Lenoir County",1,67,728,324,404
050,37,107,"North Carolina","Lenoir County",1,68,709,321,388
050,37,107,"North Carolina","Lenoir County",1,69,622,271,351
050,37,107,"North Carolina","Lenoir County",1,70,629,277,352
050,37,107,"North Carolina","Lenoir County",1,71,629,289,340
050,37,107,"North Carolina","Lenoir County",1,72,663,291,372
050,37,107,"North Carolina","Lenoir County",1,73,663,303,360
050,37,107,"North Carolina","Lenoir County",1,74,476,198,278
050,37,107,"North Carolina","Lenoir County",1,75,478,195,283
050,37,107,"North Carolina","Lenoir County",1,76,441,194,247
050,37,107,"North Carolina","Lenoir County",1,77,426,178,248
050,37,107,"North Carolina","Lenoir County",1,78,352,151,201
050,37,107,"North Carolina","Lenoir County",1,79,326,148,178
050,37,107,"North Carolina","Lenoir County",1,80,322,127,195
050,37,107,"North Carolina","Lenoir County",1,81,308,117,191
050,37,107,"North Carolina","Lenoir County",1,82,265,97,168
050,37,107,"North Carolina","Lenoir County",1,83,248,91,157
050,37,107,"North Carolina","Lenoir County",1,84,253,104,149
050,37,107,"North Carolina","Lenoir County",1,85,1371,460,911
050,37,107,"North Carolina","Lenoir County",2,0,617,326,291
050,37,107,"North Carolina","Lenoir County",2,1,600,321,279
050,37,107,"North Carolina","Lenoir County",2,2,607,316,291
050,37,107,"North Carolina","Lenoir County",2,3,619,319,300
050,37,107,"North Carolina","Lenoir County",2,4,627,302,325
050,37,107,"North Carolina","Lenoir County",2,5,643,325,318
050,37,107,"North Carolina","Lenoir County",2,6,671,342,329
050,37,107,"North Carolina","Lenoir County",2,7,666,330,336
050,37,107,"North Carolina","Lenoir County",2,8,665,348,317
050,37,107,"North Carolina","Lenoir County",2,9,682,342,340
050,37,107,"North Carolina","Lenoir County",2,10,728,358,370
050,37,107,"North Carolina","Lenoir County",2,11,735,366,369
050,37,107,"North Carolina","Lenoir County",2,12,767,380,387
050,37,107,"North Carolina","Lenoir County",2,13,775,403,372
050,37,107,"North Carolina","Lenoir County",2,14,791,401,390
050,37,107,"North Carolina","Lenoir County",2,15,769,403,366
050,37,107,"North Carolina","Lenoir County",2,16,733,392,341
050,37,107,"North Carolina","Lenoir County",2,17,705,373,332
050,37,107,"North Carolina","Lenoir County",2,18,637,343,294
050,37,107,"North Carolina","Lenoir County",2,19,560,299,261
050,37,107,"North Carolina","Lenoir County",2,20,588,304,284
050,37,107,"North Carolina","Lenoir County",2,21,593,291,302
050,37,107,"North Carolina","Lenoir County",2,22,609,300,309
050,37,107,"North Carolina","Lenoir County",2,23,625,311,314
050,37,107,"North Carolina","Lenoir County",2,24,615,313,302
050,37,107,"North Carolina","Lenoir County",2,25,664,335,329
050,37,107,"North Carolina","Lenoir County",2,26,667,328,339
050,37,107,"North Carolina","Lenoir County",2,27,649,325,324
050,37,107,"North Carolina","Lenoir County",2,28,647,325,322
050,37,107,"North Carolina","Lenoir County",2,29,652,320,332
050,37,107,"North Carolina","Lenoir County",2,30,610,289,321
050,37,107,"North Carolina","Lenoir County",2,31,602,276,326
050,37,107,"North Carolina","Lenoir County",2,32,613,295,318
050,37,107,"North Carolina","Lenoir County",2,33,595,282,313
050,37,107,"North Carolina","Lenoir County",2,34,600,276,324
050,37,107,"North Carolina","Lenoir County",2,35,590,280,310
050,37,107,"North Carolina","Lenoir County",2,36,554,254,300
050,37,107,"North Carolina","Lenoir County",2,37,570,263,307
050,37,107,"North Carolina","Lenoir County",2,38,589,284,305
050,37,107,"North Carolina","Lenoir County",2,39,611,306,305
050,37,107,"North Carolina","Lenoir County",2,40,621,305,316
050,37,107,"North Carolina","Lenoir County",2,41,588,279,309
050,37,107,"North Carolina","Lenoir County",2,42,581,274,307
050,37,107,"North Carolina","Lenoir County",2,43,574,269,305
050,37,107,"North Carolina","Lenoir County",2,44,593,288,305
050,37,107,"North Carolina","Lenoir County",2,45,633,306,327
050,37,107,"North Carolina","Lenoir County",2,46,630,304,326
050,37,107,"North Carolina","Lenoir County",2,47,632,310,322
050,37,107,"North Carolina","Lenoir County",2,48,637,307,330
050,37,107,"North Carolina","Lenoir County",2,49,705,330,375
050,37,107,"North Carolina","Lenoir County",2,50,696,345,351
050,37,107,"North Carolina","Lenoir County",2,51,651,322,329
050,37,107,"North Carolina","Lenoir County",2,52,653,299,354
050,37,107,"North Carolina","Lenoir County",2,53,662,300,362
050,37,107,"North Carolina","Lenoir County",2,54,690,319,371
050,37,107,"North Carolina","Lenoir County",2,55,742,350,392
050,37,107,"North Carolina","Lenoir County",2,56,793,388,405
050,37,107,"North Carolina","Lenoir County",2,57,834,407,427
050,37,107,"North Carolina","Lenoir County",2,58,831,410,421
050,37,107,"North Carolina","Lenoir County",2,59,814,394,420
050,37,107,"North Carolina","Lenoir County",2,60,821,403,418
050,37,107,"North Carolina","Lenoir County",2,61,835,388,447
050,37,107,"North Carolina","Lenoir County",2,62,832,389,443
050,37,107,"North Carolina","Lenoir County",2,63,824,378,446
050,37,107,"North Carolina","Lenoir County",2,64,819,371,448
050,37,107,"North Carolina","Lenoir County",2,65,809,372,437
050,37,107,"North Carolina","Lenoir County",2,66,764,351,413
050,37,107,"North Carolina","Lenoir County",2,67,732,330,402
050,37,107,"North Carolina","Lenoir County",2,68,708,317,391
050,37,107,"North Carolina","Lenoir County",2,69,639,279,360
050,37,107,"North Carolina","Lenoir County",2,70,629,278,351
050,37,107,"North Carolina","Lenoir County",2,71,623,283,340
050,37,107,"North Carolina","Lenoir County",2,72,647,287,360
050,37,107,"North Carolina","Lenoir County",2,73,685,308,377
050,37,107,"North Carolina","Lenoir County",2,74,487,204,283
050,37,107,"North Carolina","Lenoir County",2,75,475,194,281
050,37,107,"North Carolina","Lenoir County",2,76,441,191,250
050,37,107,"North Carolina","Lenoir County",2,77,433,180,253
050,37,107,"North Carolina","Lenoir County",2,78,354,152,202
050,37,107,"North Carolina","Lenoir County",2,79,326,145,181
050,37,107,"North Carolina","Lenoir County",2,80,327,131,196
050,37,107,"North Carolina","Lenoir County",2,81,296,114,182
050,37,107,"North Carolina","Lenoir County",2,82,270,99,171
050,37,107,"North Carolina","Lenoir County",2,83,246,89,157
050,37,107,"North Carolina","Lenoir County",2,84,251,102,149
050,37,107,"North Carolina","Lenoir County",2,85,1373,458,915
050,37,107,"North Carolina","Lenoir County",3,0,628,334,294
050,37,107,"North Carolina","Lenoir County",3,1,678,370,308
050,37,107,"North Carolina","Lenoir County",3,2,616,332,284
050,37,107,"North Carolina","Lenoir County",3,3,615,322,293
050,37,107,"North Carolina","Lenoir County",3,4,616,313,303
050,37,107,"North Carolina","Lenoir County",3,5,623,299,324
050,37,107,"North Carolina","Lenoir County",3,6,644,328,316
050,37,107,"North Carolina","Lenoir County",3,7,661,336,325
050,37,107,"North Carolina","Lenoir County",3,8,652,336,316
050,37,107,"North Carolina","Lenoir County",3,9,679,362,317
050,37,107,"North Carolina","Lenoir County",3,10,681,349,332
050,37,107,"North Carolina","Lenoir County",3,11,729,360,369
050,37,107,"North Carolina","Lenoir County",3,12,744,371,373
050,37,107,"North Carolina","Lenoir County",3,13,779,395,384
050,37,107,"North Carolina","Lenoir County",3,14,782,395,387
050,37,107,"North Carolina","Lenoir County",3,15,775,400,375
050,37,107,"North Carolina","Lenoir County",3,16,757,405,352
050,37,107,"North Carolina","Lenoir County",3,17,706,367,339
050,37,107,"North Carolina","Lenoir County",3,18,603,327,276
050,37,107,"North Carolina","Lenoir County",3,19,552,300,252
050,37,107,"North Carolina","Lenoir County",3,20,578,302,276
050,37,107,"North Carolina","Lenoir County",3,21,599,311,288
050,37,107,"North Carolina","Lenoir County",3,22,613,306,307
050,37,107,"North Carolina","Lenoir County",3,23,626,301,325
050,37,107,"North Carolina","Lenoir County",3,24,621,309,312
050,37,107,"North Carolina","Lenoir County",3,25,619,311,308
050,37,107,"North Carolina","Lenoir County",3,26,664,335,329
050,37,107,"North Carolina","Lenoir County",3,27,655,322,333
050,37,107,"North Carolina","Lenoir County",3,28,642,313,329
050,37,107,"North Carolina","Lenoir County",3,29,654,336,318
050,37,107,"North Carolina","Lenoir County",3,30,669,314,355
050,37,107,"North Carolina","Lenoir County",3,31,601,281,320
050,37,107,"North Carolina","Lenoir County",3,32,613,270,343
050,37,107,"North Carolina","Lenoir County",3,33,608,292,316
050,37,107,"North Carolina","Lenoir County",3,34,611,287,324
050,37,107,"North Carolina","Lenoir County",3,35,608,270,338
050,37,107,"North Carolina","Lenoir County",3,36,565,265,300
050,37,107,"North Carolina","Lenoir County",3,37,557,265,292
050,37,107,"North Carolina","Lenoir County",3,38,561,264,297
050,37,107,"North Carolina","Lenoir County",3,39,586,285,301
050,37,107,"North Carolina","Lenoir County",3,40,612,304,308
050,37,107,"North Carolina","Lenoir County",3,41,618,301,317
050,37,107,"North Carolina","Lenoir County",3,42,590,280,310
050,37,107,"North Carolina","Lenoir County",3,43,573,270,303
050,37,107,"North Carolina","Lenoir County",3,44,576,266,310
050,37,107,"North Carolina","Lenoir County",3,45,583,279,304
050,37,107,"North Carolina","Lenoir County",3,46,620,296,324
050,37,107,"North Carolina","Lenoir County",3,47,636,313,323
050,37,107,"North Carolina","Lenoir County",3,48,608,291,317
050,37,107,"North Carolina","Lenoir County",3,49,599,298,301
050,37,107,"North Carolina","Lenoir County",3,50,695,328,367
050,37,107,"North Carolina","Lenoir County",3,51,687,342,345
050,37,107,"North Carolina","Lenoir County",3,52,638,309,329
050,37,107,"North Carolina","Lenoir County",3,53,650,291,359
050,37,107,"North Carolina","Lenoir County",3,54,664,298,366
050,37,107,"North Carolina","Lenoir County",3,55,695,328,367
050,37,107,"North Carolina","Lenoir County",3,56,712,331,381
050,37,107,"North Carolina","Lenoir County",3,57,793,393,400
050,37,107,"North Carolina","Lenoir County",3,58,829,409,420
050,37,107,"North Carolina","Lenoir County",3,59,827,403,424
050,37,107,"North Carolina","Lenoir County",3,60,794,381,413
050,37,107,"North Carolina","Lenoir County",3,61,813,394,419
050,37,107,"North Carolina","Lenoir County",3,62,811,366,445
050,37,107,"North Carolina","Lenoir County",3,63,821,383,438
050,37,107,"North Carolina","Lenoir County",3,64,817,368,449
050,37,107,"North Carolina","Lenoir County",3,65,786,353,433
050,37,107,"North Carolina","Lenoir County",3,66,794,371,423
050,37,107,"North Carolina","Lenoir County",3,67,743,345,398
050,37,107,"North Carolina","Lenoir County",3,68,721,318,403
050,37,107,"North Carolina","Lenoir County",3,69,675,300,375
050,37,107,"North Carolina","Lenoir County",3,70,630,274,356
050,37,107,"North Carolina","Lenoir County",3,71,618,269,349
050,37,107,"North Carolina","Lenoir County",3,72,618,281,337
050,37,107,"North Carolina","Lenoir County",3,73,635,284,351
050,37,107,"North Carolina","Lenoir County",3,74,638,278,360
050,37,107,"North Carolina","Lenoir County",3,75,447,181,266
050,37,107,"North Carolina","Lenoir County",3,76,452,192,260
050,37,107,"North Carolina","Lenoir County",3,77,432,182,250
050,37,107,"North Carolina","Lenoir County",3,78,395,167,228
050,37,107,"North Carolina","Lenoir County",3,79,333,139,194
050,37,107,"North Carolina","Lenoir County",3,80,327,140,187
050,37,107,"North Carolina","Lenoir County",3,81,270,108,162
050,37,107,"North Carolina","Lenoir County",3,82,267,102,165
050,37,107,"North Carolina","Lenoir County",3,83,253,84,169
050,37,107,"North Carolina","Lenoir County",3,84,241,90,151
050,37,107,"North Carolina","Lenoir County",3,85,1377,467,910
050,37,107,"North Carolina","Lenoir County",4,0,642,334,308
050,37,107,"North Carolina","Lenoir County",4,1,643,334,309
050,37,107,"North Carolina","Lenoir County",4,2,684,380,304
050,37,107,"North Carolina","Lenoir County",4,3,641,350,291
050,37,107,"North Carolina","Lenoir County",4,4,638,326,312
050,37,107,"North Carolina","Lenoir County",4,5,621,297,324
050,37,107,"North Carolina","Lenoir County",4,6,626,291,335
050,37,107,"North Carolina","Lenoir County",4,7,637,321,316
050,37,107,"North Carolina","Lenoir County",4,8,650,327,323
050,37,107,"North Carolina","Lenoir County",4,9,654,336,318
050,37,107,"North Carolina","Lenoir County",4,10,677,356,321
050,37,107,"North Carolina","Lenoir County",4,11,679,354,325
050,37,107,"North Carolina","Lenoir County",4,12,738,361,377
050,37,107,"North Carolina","Lenoir County",4,13,769,389,380
050,37,107,"North Carolina","Lenoir County",4,14,785,404,381
050,37,107,"North Carolina","Lenoir County",4,15,813,416,397
050,37,107,"North Carolina","Lenoir County",4,16,790,414,376
050,37,107,"North Carolina","Lenoir County",4,17,749,397,352
050,37,107,"North Carolina","Lenoir County",4,18,605,321,284
050,37,107,"North Carolina","Lenoir County",4,19,497,259,238
050,37,107,"North Carolina","Lenoir County",4,20,565,293,272
050,37,107,"North Carolina","Lenoir County",4,21,605,313,292
050,37,107,"North Carolina","Lenoir County",4,22,620,311,309
050,37,107,"North Carolina","Lenoir County",4,23,638,308,330
050,37,107,"North Carolina","Lenoir County",4,24,616,299,317
050,37,107,"North Carolina","Lenoir County",4,25,600,301,299
050,37,107,"North Carolina","Lenoir County",4,26,611,298,313
050,37,107,"North Carolina","Lenoir County",4,27,673,331,342
050,37,107,"North Carolina","Lenoir County",4,28,663,326,337
050,37,107,"North Carolina","Lenoir County",4,29,621,308,313
050,37,107,"North Carolina","Lenoir County",4,30,634,323,311
050,37,107,"North Carolina","Lenoir County",4,31,683,318,365
050,37,107,"North Carolina","Lenoir County",4,32,634,303,331
050,37,107,"North Carolina","Lenoir County",4,33,612,269,343
050,37,107,"North Carolina","Lenoir County",4,34,594,278,316
050,37,107,"North Carolina","Lenoir County",4,35,627,303,324
050,37,107,"North Carolina","Lenoir County",4,36,597,264,333
050,37,107,"North Carolina","Lenoir County",4,37,578,274,304
050,37,107,"North Carolina","Lenoir County",4,38,568,269,299
050,37,107,"North Carolina","Lenoir County",4,39,567,273,294
050,37,107,"North Carolina","Lenoir County",4,40,576,279,297
050,37,107,"North Carolina","Lenoir County",4,41,621,301,320
050,37,107,"North Carolina","Lenoir County",4,42,597,290,307
050,37,107,"North Carolina","Lenoir County",4,43,606,285,321
050,37,107,"North Carolina","Lenoir County",4,44,579,279,300
050,37,107,"North Carolina","Lenoir County",4,45,574,270,304
050,37,107,"North Carolina","Lenoir County",4,46,589,287,302
050,37,107,"North Carolina","Lenoir County",4,47,616,296,320
050,37,107,"North Carolina","Lenoir County",4,48,625,299,326
050,37,107,"North Carolina","Lenoir County",4,49,596,285,311
050,37,107,"North Carolina","Lenoir County",4,50,594,294,300
050,37,107,"North Carolina","Lenoir County",4,51,703,331,372
050,37,107,"North Carolina","Lenoir County",4,52,673,329,344
050,37,107,"North Carolina","Lenoir County",4,53,650,318,332
050,37,107,"North Carolina","Lenoir County",4,54,656,297,359
050,37,107,"North Carolina","Lenoir County",4,55,667,294,373
050,37,107,"North Carolina","Lenoir County",4,56,670,321,349
050,37,107,"North Carolina","Lenoir County",4,57,715,331,384
050,37,107,"North Carolina","Lenoir County",4,58,791,394,397
050,37,107,"North Carolina","Lenoir County",4,59,822,400,422
050,37,107,"North Carolina","Lenoir County",4,60,816,397,419
050,37,107,"North Carolina","Lenoir County",4,61,783,372,411
050,37,107,"North Carolina","Lenoir County",4,62,788,376,412
050,37,107,"North Carolina","Lenoir County",4,63,801,359,442
050,37,107,"North Carolina","Lenoir County",4,64,818,381,437
050,37,107,"North Carolina","Lenoir County",4,65,799,366,433
050,37,107,"North Carolina","Lenoir County",4,66,770,354,416
050,37,107,"North Carolina","Lenoir County",4,67,773,364,409
050,37,107,"North Carolina","Lenoir County",4,68,729,327,402
050,37,107,"North Carolina","Lenoir County",4,69,678,301,377
050,37,107,"North Carolina","Lenoir County",4,70,678,301,377
050,37,107,"North Carolina","Lenoir County",4,71,589,254,335
050,37,107,"North Carolina","Lenoir County",4,72,603,258,345
050,37,107,"North Carolina","Lenoir County",4,73,613,284,329
050,37,107,"North Carolina","Lenoir County",4,74,606,264,342
050,37,107,"North Carolina","Lenoir County",4,75,588,252,336
050,37,107,"North Carolina","Lenoir County",4,76,420,175,245
050,37,107,"North Carolina","Lenoir County",4,77,433,181,252
050,37,107,"North Carolina","Lenoir County",4,78,394,170,224
050,37,107,"North Carolina","Lenoir County",4,79,366,154,212
050,37,107,"North Carolina","Lenoir County",4,80,328,131,197
050,37,107,"North Carolina","Lenoir County",4,81,282,124,158
050,37,107,"North Carolina","Lenoir County",4,82,243,95,148
050,37,107,"North Carolina","Lenoir County",4,83,250,92,158
050,37,107,"North Carolina","Lenoir County",4,84,242,85,157
050,37,107,"North Carolina","Lenoir County",4,85,1345,452,893
050,37,107,"North Carolina","Lenoir County",5,0,642,333,309
050,37,107,"North Carolina","Lenoir County",5,1,704,364,340
050,37,107,"North Carolina","Lenoir County",5,2,644,327,317
050,37,107,"North Carolina","Lenoir County",5,3,670,366,304
050,37,107,"North Carolina","Lenoir County",5,4,640,342,298
050,37,107,"North Carolina","Lenoir County",5,5,623,320,303
050,37,107,"North Carolina","Lenoir County",5,6,634,305,329
050,37,107,"North Carolina","Lenoir County",5,7,624,291,333
050,37,107,"North Carolina","Lenoir County",5,8,668,338,330
050,37,107,"North Carolina","Lenoir County",5,9,673,340,333
050,37,107,"North Carolina","Lenoir County",5,10,651,336,315
050,37,107,"North Carolina","Lenoir County",5,11,701,367,334
050,37,107,"North Carolina","Lenoir County",5,12,679,354,325
050,37,107,"North Carolina","Lenoir County",5,13,757,381,376
050,37,107,"North Carolina","Lenoir County",5,14,796,385,411
050,37,107,"North Carolina","Lenoir County",5,15,798,407,391
050,37,107,"North Carolina","Lenoir County",5,16,822,424,398
050,37,107,"North Carolina","Lenoir County",5,17,770,396,374
050,37,107,"North Carolina","Lenoir County",5,18,660,352,308
050,37,107,"North Carolina","Lenoir County",5,19,525,279,246
050,37,107,"North Carolina","Lenoir County",5,20,546,274,272
050,37,107,"North Carolina","Lenoir County",5,21,611,311,300
050,37,107,"North Carolina","Lenoir County",5,22,637,319,318
050,37,107,"North Carolina","Lenoir County",5,23,643,335,308
050,37,107,"North Carolina","Lenoir County",5,24,673,312,361
050,37,107,"North Carolina","Lenoir County",5,25,632,298,334
050,37,107,"North Carolina","Lenoir County",5,26,611,308,303
050,37,107,"North Carolina","Lenoir County",5,27,619,317,302
050,37,107,"North Carolina","Lenoir County",5,28,687,337,350
050,37,107,"North Carolina","Lenoir County",5,29,675,324,351
050,37,107,"North Carolina","Lenoir County",5,30,616,311,305
050,37,107,"North Carolina","Lenoir County",5,31,671,331,340
050,37,107,"North Carolina","Lenoir County",5,32,717,342,375
050,37,107,"North Carolina","Lenoir County",5,33,633,294,339
050,37,107,"North Carolina","Lenoir County",5,34,617,269,348
050,37,107,"North Carolina","Lenoir County",5,35,588,275,313
050,37,107,"North Carolina","Lenoir County",5,36,618,291,327
050,37,107,"North Carolina","Lenoir County",5,37,608,274,334
050,37,107,"North Carolina","Lenoir County",5,38,566,262,304
050,37,107,"North Carolina","Lenoir County",5,39,580,281,299
050,37,107,"North Carolina","Lenoir County",5,40,563,265,298
050,37,107,"North Carolina","Lenoir County",5,41,593,280,313
050,37,107,"North Carolina","Lenoir County",5,42,622,297,325
050,37,107,"North Carolina","Lenoir County",5,43,619,288,331
050,37,107,"North Carolina","Lenoir County",5,44,627,296,331
050,37,107,"North Carolina","Lenoir County",5,45,582,287,295
050,37,107,"North Carolina","Lenoir County",5,46,585,275,310
050,37,107,"North Carolina","Lenoir County",5,47,588,285,303
050,37,107,"North Carolina","Lenoir County",5,48,609,286,323
050,37,107,"North Carolina","Lenoir County",5,49,616,295,321
050,37,107,"North Carolina","Lenoir County",5,50,614,293,321
050,37,107,"North Carolina","Lenoir County",5,51,600,301,299
050,37,107,"North Carolina","Lenoir County",5,52,684,313,371
050,37,107,"North Carolina","Lenoir County",5,53,671,329,342
050,37,107,"North Carolina","Lenoir County",5,54,663,325,338
050,37,107,"North Carolina","Lenoir County",5,55,675,307,368
050,37,107,"North Carolina","Lenoir County",5,56,669,295,374
050,37,107,"North Carolina","Lenoir County",5,57,670,320,350
050,37,107,"North Carolina","Lenoir County",5,58,738,344,394
050,37,107,"North Carolina","Lenoir County",5,59,782,383,399
050,37,107,"North Carolina","Lenoir County",5,60,815,402,413
050,37,107,"North Carolina","Lenoir County",5,61,799,389,410
050,37,107,"North Carolina","Lenoir County",5,62,789,375,414
050,37,107,"North Carolina","Lenoir County",5,63,779,366,413
050,37,107,"North Carolina","Lenoir County",5,64,813,361,452
050,37,107,"North Carolina","Lenoir County",5,65,795,368,427
050,37,107,"North Carolina","Lenoir County",5,66,772,357,415
050,37,107,"North Carolina","Lenoir County",5,67,750,347,403
050,37,107,"North Carolina","Lenoir County",5,68,770,355,415
050,37,107,"North Carolina","Lenoir County",5,69,698,316,382
050,37,107,"North Carolina","Lenoir County",5,70,676,301,375
050,37,107,"North Carolina","Lenoir County",5,71,664,290,374
050,37,107,"North Carolina","Lenoir County",5,72,579,253,326
050,37,107,"North Carolina","Lenoir County",5,73,607,268,339
050,37,107,"North Carolina","Lenoir County",5,74,581,257,324
050,37,107,"North Carolina","Lenoir County",5,75,562,242,320
050,37,107,"North Carolina","Lenoir County",5,76,558,243,315
050,37,107,"North Carolina","Lenoir County",5,77,402,165,237
050,37,107,"North Carolina","Lenoir County",5,78,404,170,234
050,37,107,"North Carolina","Lenoir County",5,79,378,164,214
050,37,107,"North Carolina","Lenoir County",5,80,357,142,215
050,37,107,"North Carolina","Lenoir County",5,81,283,113,170
050,37,107,"North Carolina","Lenoir County",5,82,257,113,144
050,37,107,"North Carolina","Lenoir County",5,83,232,86,146
050,37,107,"North Carolina","Lenoir County",5,84,231,91,140
050,37,107,"North Carolina","Lenoir County",5,85,1345,442,903
050,37,109,"North Carolina","Lincoln County",1,0,849,432,417
050,37,109,"North Carolina","Lincoln County",1,1,850,434,416
050,37,109,"North Carolina","Lincoln County",1,2,852,422,430
050,37,109,"North Carolina","Lincoln County",1,3,902,458,444
050,37,109,"North Carolina","Lincoln County",1,4,920,474,446
050,37,109,"North Carolina","Lincoln County",1,5,971,500,471
050,37,109,"North Carolina","Lincoln County",1,6,976,475,501
050,37,109,"North Carolina","Lincoln County",1,7,957,502,455
050,37,109,"North Carolina","Lincoln County",1,8,975,502,473
050,37,109,"North Carolina","Lincoln County",1,9,992,511,481
050,37,109,"North Carolina","Lincoln County",1,10,1063,533,530
050,37,109,"North Carolina","Lincoln County",1,11,1106,549,557
050,37,109,"North Carolina","Lincoln County",1,12,1109,576,533
050,37,109,"North Carolina","Lincoln County",1,13,1149,616,533
050,37,109,"North Carolina","Lincoln County",1,14,1113,584,529
050,37,109,"North Carolina","Lincoln County",1,15,1128,598,530
050,37,109,"North Carolina","Lincoln County",1,16,1198,627,571
050,37,109,"North Carolina","Lincoln County",1,17,1114,588,526
050,37,109,"North Carolina","Lincoln County",1,18,980,537,443
050,37,109,"North Carolina","Lincoln County",1,19,806,424,382
050,37,109,"North Carolina","Lincoln County",1,20,844,439,405
050,37,109,"North Carolina","Lincoln County",1,21,836,436,400
050,37,109,"North Carolina","Lincoln County",1,22,882,437,445
050,37,109,"North Carolina","Lincoln County",1,23,901,467,434
050,37,109,"North Carolina","Lincoln County",1,24,861,433,428
050,37,109,"North Carolina","Lincoln County",1,25,919,479,440
050,37,109,"North Carolina","Lincoln County",1,26,891,473,418
050,37,109,"North Carolina","Lincoln County",1,27,919,495,424
050,37,109,"North Carolina","Lincoln County",1,28,907,447,460
050,37,109,"North Carolina","Lincoln County",1,29,975,493,482
050,37,109,"North Carolina","Lincoln County",1,30,989,489,500
050,37,109,"North Carolina","Lincoln County",1,31,1029,495,534
050,37,109,"North Carolina","Lincoln County",1,32,1037,514,523
050,37,109,"North Carolina","Lincoln County",1,33,928,477,451
050,37,109,"North Carolina","Lincoln County",1,34,969,493,476
050,37,109,"North Carolina","Lincoln County",1,35,971,483,488
050,37,109,"North Carolina","Lincoln County",1,36,1033,526,507
050,37,109,"North Carolina","Lincoln County",1,37,1030,542,488
050,37,109,"North Carolina","Lincoln County",1,38,1007,509,498
050,37,109,"North Carolina","Lincoln County",1,39,1003,503,500
050,37,109,"North Carolina","Lincoln County",1,40,1026,498,528
050,37,109,"North Carolina","Lincoln County",1,41,1106,525,581
050,37,109,"North Carolina","Lincoln County",1,42,1131,537,594
050,37,109,"North Carolina","Lincoln County",1,43,1100,543,557
050,37,109,"North Carolina","Lincoln County",1,44,1081,529,552
050,37,109,"North Carolina","Lincoln County",1,45,1189,600,589
050,37,109,"North Carolina","Lincoln County",1,46,1156,594,562
050,37,109,"North Carolina","Lincoln County",1,47,1241,607,634
050,37,109,"North Carolina","Lincoln County",1,48,1397,706,691
050,37,109,"North Carolina","Lincoln County",1,49,1487,748,739
050,37,109,"North Carolina","Lincoln County",1,50,1361,701,660
050,37,109,"North Carolina","Lincoln County",1,51,1328,696,632
050,37,109,"North Carolina","Lincoln County",1,52,1292,654,638
050,37,109,"North Carolina","Lincoln County",1,53,1313,655,658
050,37,109,"North Carolina","Lincoln County",1,54,1352,714,638
050,37,109,"North Carolina","Lincoln County",1,55,1409,739,670
050,37,109,"North Carolina","Lincoln County",1,56,1419,722,697
050,37,109,"North Carolina","Lincoln County",1,57,1390,681,709
050,37,109,"North Carolina","Lincoln County",1,58,1436,699,737
050,37,109,"North Carolina","Lincoln County",1,59,1386,687,699
050,37,109,"North Carolina","Lincoln County",1,60,1311,676,635
050,37,109,"North Carolina","Lincoln County",1,61,1287,641,646
050,37,109,"North Carolina","Lincoln County",1,62,1294,649,645
050,37,109,"North Carolina","Lincoln County",1,63,1280,635,645
050,37,109,"North Carolina","Lincoln County",1,64,1193,576,617
050,37,109,"North Carolina","Lincoln County",1,65,1163,561,602
050,37,109,"North Carolina","Lincoln County",1,66,1076,531,545
050,37,109,"North Carolina","Lincoln County",1,67,1056,499,557
050,37,109,"North Carolina","Lincoln County",1,68,1053,496,557
050,37,109,"North Carolina","Lincoln County",1,69,964,467,497
050,37,109,"North Carolina","Lincoln County",1,70,963,470,493
050,37,109,"North Carolina","Lincoln County",1,71,916,439,477
050,37,109,"North Carolina","Lincoln County",1,72,971,457,514
050,37,109,"North Carolina","Lincoln County",1,73,1063,496,567
050,37,109,"North Carolina","Lincoln County",1,74,674,320,354
050,37,109,"North Carolina","Lincoln County",1,75,669,319,350
050,37,109,"North Carolina","Lincoln County",1,76,645,314,331
050,37,109,"North Carolina","Lincoln County",1,77,645,299,346
050,37,109,"North Carolina","Lincoln County",1,78,542,258,284
050,37,109,"North Carolina","Lincoln County",1,79,468,220,248
050,37,109,"North Carolina","Lincoln County",1,80,446,205,241
050,37,109,"North Carolina","Lincoln County",1,81,377,173,204
050,37,109,"North Carolina","Lincoln County",1,82,330,140,190
050,37,109,"North Carolina","Lincoln County",1,83,285,123,162
050,37,109,"North Carolina","Lincoln County",1,84,264,99,165
050,37,109,"North Carolina","Lincoln County",1,85,1353,451,902
050,37,109,"North Carolina","Lincoln County",2,0,860,434,426
050,37,109,"North Carolina","Lincoln County",2,1,847,434,413
050,37,109,"North Carolina","Lincoln County",2,2,859,424,435
050,37,109,"North Carolina","Lincoln County",2,3,893,450,443
050,37,109,"North Carolina","Lincoln County",2,4,924,475,449
050,37,109,"North Carolina","Lincoln County",2,5,958,492,466
050,37,109,"North Carolina","Lincoln County",2,6,980,482,498
050,37,109,"North Carolina","Lincoln County",2,7,965,497,468
050,37,109,"North Carolina","Lincoln County",2,8,972,503,469
050,37,109,"North Carolina","Lincoln County",2,9,995,511,484
050,37,109,"North Carolina","Lincoln County",2,10,1053,531,522
050,37,109,"North Carolina","Lincoln County",2,11,1098,549,549
050,37,109,"North Carolina","Lincoln County",2,12,1119,577,542
050,37,109,"North Carolina","Lincoln County",2,13,1143,606,537
050,37,109,"North Carolina","Lincoln County",2,14,1123,594,529
050,37,109,"North Carolina","Lincoln County",2,15,1130,597,533
050,37,109,"North Carolina","Lincoln County",2,16,1183,624,559
050,37,109,"North Carolina","Lincoln County",2,17,1142,604,538
050,37,109,"North Carolina","Lincoln County",2,18,967,528,439
050,37,109,"North Carolina","Lincoln County",2,19,816,433,383
050,37,109,"North Carolina","Lincoln County",2,20,858,448,410
050,37,109,"North Carolina","Lincoln County",2,21,851,440,411
050,37,109,"North Carolina","Lincoln County",2,22,878,440,438
050,37,109,"North Carolina","Lincoln County",2,23,895,461,434
050,37,109,"North Carolina","Lincoln County",2,24,870,441,429
050,37,109,"North Carolina","Lincoln County",2,25,914,475,439
050,37,109,"North Carolina","Lincoln County",2,26,903,478,425
050,37,109,"North Carolina","Lincoln County",2,27,911,486,425
050,37,109,"North Carolina","Lincoln County",2,28,916,462,454
050,37,109,"North Carolina","Lincoln County",2,29,965,485,480
050,37,109,"North Carolina","Lincoln County",2,30,999,496,503
050,37,109,"North Carolina","Lincoln County",2,31,1030,499,531
050,37,109,"North Carolina","Lincoln County",2,32,1033,507,526
050,37,109,"North Carolina","Lincoln County",2,33,962,489,473
050,37,109,"North Carolina","Lincoln County",2,34,970,495,475
050,37,109,"North Carolina","Lincoln County",2,35,987,496,491
050,37,109,"North Carolina","Lincoln County",2,36,1023,519,504
050,37,109,"North Carolina","Lincoln County",2,37,1039,541,498
050,37,109,"North Carolina","Lincoln County",2,38,1022,522,500
050,37,109,"North Carolina","Lincoln County",2,39,1006,507,499
050,37,109,"North Carolina","Lincoln County",2,40,1037,506,531
050,37,109,"North Carolina","Lincoln County",2,41,1091,520,571
050,37,109,"North Carolina","Lincoln County",2,42,1124,534,590
050,37,109,"North Carolina","Lincoln County",2,43,1118,546,572
050,37,109,"North Carolina","Lincoln County",2,44,1084,533,551
050,37,109,"North Carolina","Lincoln County",2,45,1175,587,588
050,37,109,"North Carolina","Lincoln County",2,46,1163,597,566
050,37,109,"North Carolina","Lincoln County",2,47,1232,612,620
050,37,109,"North Carolina","Lincoln County",2,48,1366,686,680
050,37,109,"North Carolina","Lincoln County",2,49,1478,747,731
050,37,109,"North Carolina","Lincoln County",2,50,1396,713,683
050,37,109,"North Carolina","Lincoln County",2,51,1338,695,643
050,37,109,"North Carolina","Lincoln County",2,52,1304,666,638
050,37,109,"North Carolina","Lincoln County",2,53,1320,657,663
050,37,109,"North Carolina","Lincoln County",2,54,1345,704,641
050,37,109,"North Carolina","Lincoln County",2,55,1407,737,670
050,37,109,"North Carolina","Lincoln County",2,56,1427,729,698
050,37,109,"North Carolina","Lincoln County",2,57,1405,695,710
050,37,109,"North Carolina","Lincoln County",2,58,1424,695,729
050,37,109,"North Carolina","Lincoln County",2,59,1414,700,714
050,37,109,"North Carolina","Lincoln County",2,60,1336,682,654
050,37,109,"North Carolina","Lincoln County",2,61,1298,652,646
050,37,109,"North Carolina","Lincoln County",2,62,1297,647,650
050,37,109,"North Carolina","Lincoln County",2,63,1299,645,654
050,37,109,"North Carolina","Lincoln County",2,64,1210,589,621
050,37,109,"North Carolina","Lincoln County",2,65,1169,560,609
050,37,109,"North Carolina","Lincoln County",2,66,1100,535,565
050,37,109,"North Carolina","Lincoln County",2,67,1057,505,552
050,37,109,"North Carolina","Lincoln County",2,68,1036,489,547
050,37,109,"North Carolina","Lincoln County",2,69,995,477,518
050,37,109,"North Carolina","Lincoln County",2,70,961,467,494
050,37,109,"North Carolina","Lincoln County",2,71,928,446,482
050,37,109,"North Carolina","Lincoln County",2,72,947,448,499
050,37,109,"North Carolina","Lincoln County",2,73,1085,509,576
050,37,109,"North Carolina","Lincoln County",2,74,716,334,382
050,37,109,"North Carolina","Lincoln County",2,75,669,318,351
050,37,109,"North Carolina","Lincoln County",2,76,642,312,330
050,37,109,"North Carolina","Lincoln County",2,77,659,304,355
050,37,109,"North Carolina","Lincoln County",2,78,545,255,290
050,37,109,"North Carolina","Lincoln County",2,79,478,226,252
050,37,109,"North Carolina","Lincoln County",2,80,455,209,246
050,37,109,"North Carolina","Lincoln County",2,81,387,175,212
050,37,109,"North Carolina","Lincoln County",2,82,339,149,190
050,37,109,"North Carolina","Lincoln County",2,83,286,121,165
050,37,109,"North Carolina","Lincoln County",2,84,262,105,157
050,37,109,"North Carolina","Lincoln County",2,85,1357,454,903
050,37,109,"North Carolina","Lincoln County",3,0,883,453,430
050,37,109,"North Carolina","Lincoln County",3,1,941,467,474
050,37,109,"North Carolina","Lincoln County",3,2,890,450,440
050,37,109,"North Carolina","Lincoln County",3,3,894,448,446
050,37,109,"North Carolina","Lincoln County",3,4,964,487,477
050,37,109,"North Carolina","Lincoln County",3,5,967,480,487
050,37,109,"North Carolina","Lincoln County",3,6,1007,523,484
050,37,109,"North Carolina","Lincoln County",3,7,1017,502,515
050,37,109,"North Carolina","Lincoln County",3,8,1018,521,497
050,37,109,"North Carolina","Lincoln County",3,9,1022,523,499
050,37,109,"North Carolina","Lincoln County",3,10,1043,523,520
050,37,109,"North Carolina","Lincoln County",3,11,1066,546,520
050,37,109,"North Carolina","Lincoln County",3,12,1134,571,563
050,37,109,"North Carolina","Lincoln County",3,13,1116,570,546
050,37,109,"North Carolina","Lincoln County",3,14,1190,635,555
050,37,109,"North Carolina","Lincoln County",3,15,1145,615,530
050,37,109,"North Carolina","Lincoln County",3,16,1164,603,561
050,37,109,"North Carolina","Lincoln County",3,17,1206,638,568
050,37,109,"North Carolina","Lincoln County",3,18,987,533,454
050,37,109,"North Carolina","Lincoln County",3,19,827,451,376
050,37,109,"North Carolina","Lincoln County",3,20,902,473,429
050,37,109,"North Carolina","Lincoln County",3,21,920,472,448
050,37,109,"North Carolina","Lincoln County",3,22,941,475,466
050,37,109,"North Carolina","Lincoln County",3,23,918,458,460
050,37,109,"North Carolina","Lincoln County",3,24,873,446,427
050,37,109,"North Carolina","Lincoln County",3,25,907,458,449
050,37,109,"North Carolina","Lincoln County",3,26,969,486,483
050,37,109,"North Carolina","Lincoln County",3,27,965,506,459
050,37,109,"North Carolina","Lincoln County",3,28,997,532,465
050,37,109,"North Carolina","Lincoln County",3,29,976,492,484
050,37,109,"North Carolina","Lincoln County",3,30,1044,523,521
050,37,109,"North Carolina","Lincoln County",3,31,1099,536,563
050,37,109,"North Carolina","Lincoln County",3,32,1099,531,568
050,37,109,"North Carolina","Lincoln County",3,33,1098,547,551
050,37,109,"North Carolina","Lincoln County",3,34,1004,505,499
050,37,109,"North Carolina","Lincoln County",3,35,1021,523,498
050,37,109,"North Carolina","Lincoln County",3,36,1058,536,522
050,37,109,"North Carolina","Lincoln County",3,37,1028,511,517
050,37,109,"North Carolina","Lincoln County",3,38,1075,559,516
050,37,109,"North Carolina","Lincoln County",3,39,1107,574,533
050,37,109,"North Carolina","Lincoln County",3,40,1057,538,519
050,37,109,"North Carolina","Lincoln County",3,41,1081,536,545
050,37,109,"North Carolina","Lincoln County",3,42,1130,547,583
050,37,109,"North Carolina","Lincoln County",3,43,1137,543,594
050,37,109,"North Carolina","Lincoln County",3,44,1156,579,577
050,37,109,"North Carolina","Lincoln County",3,45,1104,549,555
050,37,109,"North Carolina","Lincoln County",3,46,1188,597,591
050,37,109,"North Carolina","Lincoln County",3,47,1192,614,578
050,37,109,"North Carolina","Lincoln County",3,48,1245,606,639
050,37,109,"North Carolina","Lincoln County",3,49,1394,706,688
050,37,109,"North Carolina","Lincoln County",3,50,1499,756,743
050,37,109,"North Carolina","Lincoln County",3,51,1426,724,702
050,37,109,"North Carolina","Lincoln County",3,52,1356,719,637
050,37,109,"North Carolina","Lincoln County",3,53,1324,665,659
050,37,109,"North Carolina","Lincoln County",3,54,1350,682,668
050,37,109,"North Carolina","Lincoln County",3,55,1388,725,663
050,37,109,"North Carolina","Lincoln County",3,56,1447,763,684
050,37,109,"North Carolina","Lincoln County",3,57,1467,742,725
050,37,109,"North Carolina","Lincoln County",3,58,1431,709,722
050,37,109,"North Carolina","Lincoln County",3,59,1432,711,721
050,37,109,"North Carolina","Lincoln County",3,60,1421,710,711
050,37,109,"North Carolina","Lincoln County",3,61,1367,699,668
050,37,109,"North Carolina","Lincoln County",3,62,1308,650,658
050,37,109,"North Carolina","Lincoln County",3,63,1317,658,659
050,37,109,"North Carolina","Lincoln County",3,64,1351,670,681
050,37,109,"North Carolina","Lincoln County",3,65,1234,584,650
050,37,109,"North Carolina","Lincoln County",3,66,1181,560,621
050,37,109,"North Carolina","Lincoln County",3,67,1115,543,572
050,37,109,"North Carolina","Lincoln County",3,68,1057,492,565
050,37,109,"North Carolina","Lincoln County",3,69,1049,503,546
050,37,109,"North Carolina","Lincoln County",3,70,994,471,523
050,37,109,"North Carolina","Lincoln County",3,71,967,461,506
050,37,109,"North Carolina","Lincoln County",3,72,933,449,484
050,37,109,"North Carolina","Lincoln County",3,73,933,438,495
050,37,109,"North Carolina","Lincoln County",3,74,1058,485,573
050,37,109,"North Carolina","Lincoln County",3,75,711,326,385
050,37,109,"North Carolina","Lincoln County",3,76,664,311,353
050,37,109,"North Carolina","Lincoln County",3,77,625,297,328
050,37,109,"North Carolina","Lincoln County",3,78,636,295,341
050,37,109,"North Carolina","Lincoln County",3,79,522,247,275
050,37,109,"North Carolina","Lincoln County",3,80,462,216,246
050,37,109,"North Carolina","Lincoln County",3,81,417,181,236
050,37,109,"North Carolina","Lincoln County",3,82,365,163,202
050,37,109,"North Carolina","Lincoln County",3,83,301,132,169
050,37,109,"North Carolina","Lincoln County",3,84,261,111,150
050,37,109,"North Carolina","Lincoln County",3,85,1406,474,932
050,37,109,"North Carolina","Lincoln County",4,0,932,485,447
050,37,109,"North Carolina","Lincoln County",4,1,960,496,464
050,37,109,"North Carolina","Lincoln County",4,2,971,491,480
050,37,109,"North Carolina","Lincoln County",4,3,951,470,481
050,37,109,"North Carolina","Lincoln County",4,4,929,471,458
050,37,109,"North Carolina","Lincoln County",4,5,1017,515,502
050,37,109,"North Carolina","Lincoln County",4,6,1011,530,481
050,37,109,"North Carolina","Lincoln County",4,7,1058,553,505
050,37,109,"North Carolina","Lincoln County",4,8,1070,533,537
050,37,109,"North Carolina","Lincoln County",4,9,1065,552,513
050,37,109,"North Carolina","Lincoln County",4,10,1098,548,550
050,37,109,"North Carolina","Lincoln County",4,11,1071,527,544
050,37,109,"North Carolina","Lincoln County",4,12,1128,577,551
050,37,109,"North Carolina","Lincoln County",4,13,1194,598,596
050,37,109,"North Carolina","Lincoln County",4,14,1154,581,573
050,37,109,"North Carolina","Lincoln County",4,15,1195,639,556
050,37,109,"North Carolina","Lincoln County",4,16,1192,645,547
050,37,109,"North Carolina","Lincoln County",4,17,1200,638,562
050,37,109,"North Carolina","Lincoln County",4,18,1033,568,465
050,37,109,"North Carolina","Lincoln County",4,19,804,437,367
050,37,109,"North Carolina","Lincoln County",4,20,898,484,414
050,37,109,"North Carolina","Lincoln County",4,21,956,513,443
050,37,109,"North Carolina","Lincoln County",4,22,979,501,478
050,37,109,"North Carolina","Lincoln County",4,23,1011,512,499
050,37,109,"North Carolina","Lincoln County",4,24,949,476,473
050,37,109,"North Carolina","Lincoln County",4,25,946,479,467
050,37,109,"North Carolina","Lincoln County",4,26,950,481,469
050,37,109,"North Carolina","Lincoln County",4,27,1039,523,516
050,37,109,"North Carolina","Lincoln County",4,28,1035,533,502
050,37,109,"North Carolina","Lincoln County",4,29,1022,541,481
050,37,109,"North Carolina","Lincoln County",4,30,1051,559,492
050,37,109,"North Carolina","Lincoln County",4,31,1141,576,565
050,37,109,"North Carolina","Lincoln County",4,32,1178,562,616
050,37,109,"North Carolina","Lincoln County",4,33,1190,584,606
050,37,109,"North Carolina","Lincoln County",4,34,1172,583,589
050,37,109,"North Carolina","Lincoln County",4,35,1068,537,531
050,37,109,"North Carolina","Lincoln County",4,36,1080,553,527
050,37,109,"North Carolina","Lincoln County",4,37,1083,540,543
050,37,109,"North Carolina","Lincoln County",4,38,1083,535,548
050,37,109,"North Carolina","Lincoln County",4,39,1136,589,547
050,37,109,"North Carolina","Lincoln County",4,40,1178,603,575
050,37,109,"North Carolina","Lincoln County",4,41,1066,543,523
050,37,109,"North Carolina","Lincoln County",4,42,1132,562,570
050,37,109,"North Carolina","Lincoln County",4,43,1172,574,598
050,37,109,"North Carolina","Lincoln County",4,44,1186,579,607
050,37,109,"North Carolina","Lincoln County",4,45,1206,591,615
050,37,109,"North Carolina","Lincoln County",4,46,1145,569,576
050,37,109,"North Carolina","Lincoln County",4,47,1241,629,612
050,37,109,"North Carolina","Lincoln County",4,48,1195,615,580
050,37,109,"North Carolina","Lincoln County",4,49,1271,616,655
050,37,109,"North Carolina","Lincoln County",4,50,1393,690,703
050,37,109,"North Carolina","Lincoln County",4,51,1543,771,772
050,37,109,"North Carolina","Lincoln County",4,52,1478,753,725
050,37,109,"North Carolina","Lincoln County",4,53,1406,728,678
050,37,109,"North Carolina","Lincoln County",4,54,1321,679,642
050,37,109,"North Carolina","Lincoln County",4,55,1375,707,668
050,37,109,"North Carolina","Lincoln County",4,56,1434,748,686
050,37,109,"North Carolina","Lincoln County",4,57,1481,763,718
050,37,109,"North Carolina","Lincoln County",4,58,1492,753,739
050,37,109,"North Carolina","Lincoln County",4,59,1479,721,758
050,37,109,"North Carolina","Lincoln County",4,60,1448,715,733
050,37,109,"North Carolina","Lincoln County",4,61,1472,737,735
050,37,109,"North Carolina","Lincoln County",4,62,1386,702,684
050,37,109,"North Carolina","Lincoln County",4,63,1339,667,672
050,37,109,"North Carolina","Lincoln County",4,64,1360,689,671
050,37,109,"North Carolina","Lincoln County",4,65,1363,666,697
050,37,109,"North Carolina","Lincoln County",4,66,1249,578,671
050,37,109,"North Carolina","Lincoln County",4,67,1201,570,631
050,37,109,"North Carolina","Lincoln County",4,68,1138,548,590
050,37,109,"North Carolina","Lincoln County",4,69,1067,505,562
050,37,109,"North Carolina","Lincoln County",4,70,1043,495,548
050,37,109,"North Carolina","Lincoln County",4,71,997,470,527
050,37,109,"North Carolina","Lincoln County",4,72,969,465,504
050,37,109,"North Carolina","Lincoln County",4,73,927,443,484
050,37,109,"North Carolina","Lincoln County",4,74,916,425,491
050,37,109,"North Carolina","Lincoln County",4,75,1030,470,560
050,37,109,"North Carolina","Lincoln County",4,76,716,327,389
050,37,109,"North Carolina","Lincoln County",4,77,649,293,356
050,37,109,"North Carolina","Lincoln County",4,78,597,285,312
050,37,109,"North Carolina","Lincoln County",4,79,608,285,323
050,37,109,"North Carolina","Lincoln County",4,80,517,245,272
050,37,109,"North Carolina","Lincoln County",4,81,439,192,247
050,37,109,"North Carolina","Lincoln County",4,82,392,171,221
050,37,109,"North Carolina","Lincoln County",4,83,333,148,185
050,37,109,"North Carolina","Lincoln County",4,84,286,122,164
050,37,109,"North Carolina","Lincoln County",4,85,1472,505,967
050,37,109,"North Carolina","Lincoln County",5,0,930,489,441
050,37,109,"North Carolina","Lincoln County",5,1,998,539,459
050,37,109,"North Carolina","Lincoln County",5,2,996,511,485
050,37,109,"North Carolina","Lincoln County",5,3,1026,525,501
050,37,109,"North Carolina","Lincoln County",5,4,1005,489,516
050,37,109,"North Carolina","Lincoln County",5,5,978,490,488
050,37,109,"North Carolina","Lincoln County",5,6,1051,544,507
050,37,109,"North Carolina","Lincoln County",5,7,1013,521,492
050,37,109,"North Carolina","Lincoln County",5,8,1093,570,523
050,37,109,"North Carolina","Lincoln County",5,9,1105,552,553
050,37,109,"North Carolina","Lincoln County",5,10,1111,573,538
050,37,109,"North Carolina","Lincoln County",5,11,1142,576,566
050,37,109,"North Carolina","Lincoln County",5,12,1101,550,551
050,37,109,"North Carolina","Lincoln County",5,13,1149,582,567
050,37,109,"North Carolina","Lincoln County",5,14,1214,607,607
050,37,109,"North Carolina","Lincoln County",5,15,1169,599,570
050,37,109,"North Carolina","Lincoln County",5,16,1206,646,560
050,37,109,"North Carolina","Lincoln County",5,17,1240,681,559
050,37,109,"North Carolina","Lincoln County",5,18,1033,566,467
050,37,109,"North Carolina","Lincoln County",5,19,845,472,373
050,37,109,"North Carolina","Lincoln County",5,20,904,492,412
050,37,109,"North Carolina","Lincoln County",5,21,955,502,453
050,37,109,"North Carolina","Lincoln County",5,22,1027,540,487
050,37,109,"North Carolina","Lincoln County",5,23,1026,544,482
050,37,109,"North Carolina","Lincoln County",5,24,1008,521,487
050,37,109,"North Carolina","Lincoln County",5,25,972,508,464
050,37,109,"North Carolina","Lincoln County",5,26,1000,515,485
050,37,109,"North Carolina","Lincoln County",5,27,983,509,474
050,37,109,"North Carolina","Lincoln County",5,28,1066,544,522
050,37,109,"North Carolina","Lincoln County",5,29,1074,556,518
050,37,109,"North Carolina","Lincoln County",5,30,1076,558,518
050,37,109,"North Carolina","Lincoln County",5,31,1134,593,541
050,37,109,"North Carolina","Lincoln County",5,32,1219,598,621
050,37,109,"North Carolina","Lincoln County",5,33,1228,603,625
050,37,109,"North Carolina","Lincoln County",5,34,1263,619,644
050,37,109,"North Carolina","Lincoln County",5,35,1200,598,602
050,37,109,"North Carolina","Lincoln County",5,36,1121,565,556
050,37,109,"North Carolina","Lincoln County",5,37,1109,562,547
050,37,109,"North Carolina","Lincoln County",5,38,1141,565,576
050,37,109,"North Carolina","Lincoln County",5,39,1125,558,567
050,37,109,"North Carolina","Lincoln County",5,40,1181,615,566
050,37,109,"North Carolina","Lincoln County",5,41,1176,606,570
050,37,109,"North Carolina","Lincoln County",5,42,1110,560,550
050,37,109,"North Carolina","Lincoln County",5,43,1153,579,574
050,37,109,"North Carolina","Lincoln County",5,44,1209,591,618
050,37,109,"North Carolina","Lincoln County",5,45,1240,603,637
050,37,109,"North Carolina","Lincoln County",5,46,1209,599,610
050,37,109,"North Carolina","Lincoln County",5,47,1179,582,597
050,37,109,"North Carolina","Lincoln County",5,48,1257,627,630
050,37,109,"North Carolina","Lincoln County",5,49,1220,631,589
050,37,109,"North Carolina","Lincoln County",5,50,1264,613,651
050,37,109,"North Carolina","Lincoln County",5,51,1441,706,735
050,37,109,"North Carolina","Lincoln County",5,52,1563,788,775
050,37,109,"North Carolina","Lincoln County",5,53,1502,764,738
050,37,109,"North Carolina","Lincoln County",5,54,1422,736,686
050,37,109,"North Carolina","Lincoln County",5,55,1371,689,682
050,37,109,"North Carolina","Lincoln County",5,56,1379,699,680
050,37,109,"North Carolina","Lincoln County",5,57,1457,747,710
050,37,109,"North Carolina","Lincoln County",5,58,1540,796,744
050,37,109,"North Carolina","Lincoln County",5,59,1513,765,748
050,37,109,"North Carolina","Lincoln County",5,60,1522,738,784
050,37,109,"North Carolina","Lincoln County",5,61,1509,747,762
050,37,109,"North Carolina","Lincoln County",5,62,1509,744,765
050,37,109,"North Carolina","Lincoln County",5,63,1424,707,717
050,37,109,"North Carolina","Lincoln County",5,64,1365,695,670
050,37,109,"North Carolina","Lincoln County",5,65,1388,693,695
050,37,109,"North Carolina","Lincoln County",5,66,1371,663,708
050,37,109,"North Carolina","Lincoln County",5,67,1270,589,681
050,37,109,"North Carolina","Lincoln County",5,68,1189,560,629
050,37,109,"North Carolina","Lincoln County",5,69,1155,555,600
050,37,109,"North Carolina","Lincoln County",5,70,1061,498,563
050,37,109,"North Carolina","Lincoln County",5,71,1060,497,563
050,37,109,"North Carolina","Lincoln County",5,72,1000,463,537
050,37,109,"North Carolina","Lincoln County",5,73,963,458,505
050,37,109,"North Carolina","Lincoln County",5,74,923,439,484
050,37,109,"North Carolina","Lincoln County",5,75,898,424,474
050,37,109,"North Carolina","Lincoln County",5,76,1033,485,548
050,37,109,"North Carolina","Lincoln County",5,77,699,308,391
050,37,109,"North Carolina","Lincoln County",5,78,635,292,343
050,37,109,"North Carolina","Lincoln County",5,79,581,278,303
050,37,109,"North Carolina","Lincoln County",5,80,590,266,324
050,37,109,"North Carolina","Lincoln County",5,81,488,217,271
050,37,109,"North Carolina","Lincoln County",5,82,415,182,233
050,37,109,"North Carolina","Lincoln County",5,83,356,154,202
050,37,109,"North Carolina","Lincoln County",5,84,313,138,175
050,37,109,"North Carolina","Lincoln County",5,85,1536,541,995
050,37,111,"North Carolina","McDowell County",1,0,410,210,200
050,37,111,"North Carolina","McDowell County",1,1,418,212,206
050,37,111,"North Carolina","McDowell County",1,2,437,231,206
050,37,111,"North Carolina","McDowell County",1,3,442,233,209
050,37,111,"North Carolina","McDowell County",1,4,469,256,213
050,37,111,"North Carolina","McDowell County",1,5,464,226,238
050,37,111,"North Carolina","McDowell County",1,6,473,256,217
050,37,111,"North Carolina","McDowell County",1,7,456,256,200
050,37,111,"North Carolina","McDowell County",1,8,441,229,212
050,37,111,"North Carolina","McDowell County",1,9,518,286,232
050,37,111,"North Carolina","McDowell County",1,10,511,265,246
050,37,111,"North Carolina","McDowell County",1,11,560,320,240
050,37,111,"North Carolina","McDowell County",1,12,548,307,241
050,37,111,"North Carolina","McDowell County",1,13,583,298,285
050,37,111,"North Carolina","McDowell County",1,14,568,305,263
050,37,111,"North Carolina","McDowell County",1,15,552,302,250
050,37,111,"North Carolina","McDowell County",1,16,536,297,239
050,37,111,"North Carolina","McDowell County",1,17,534,275,259
050,37,111,"North Carolina","McDowell County",1,18,479,251,228
050,37,111,"North Carolina","McDowell County",1,19,389,204,185
050,37,111,"North Carolina","McDowell County",1,20,447,231,216
050,37,111,"North Carolina","McDowell County",1,21,451,244,207
050,37,111,"North Carolina","McDowell County",1,22,478,244,234
050,37,111,"North Carolina","McDowell County",1,23,493,254,239
050,37,111,"North Carolina","McDowell County",1,24,540,287,253
050,37,111,"North Carolina","McDowell County",1,25,516,268,248
050,37,111,"North Carolina","McDowell County",1,26,527,284,243
050,37,111,"North Carolina","McDowell County",1,27,556,289,267
050,37,111,"North Carolina","McDowell County",1,28,567,301,266
050,37,111,"North Carolina","McDowell County",1,29,594,315,279
050,37,111,"North Carolina","McDowell County",1,30,555,294,261
050,37,111,"North Carolina","McDowell County",1,31,538,291,247
050,37,111,"North Carolina","McDowell County",1,32,514,283,231
050,37,111,"North Carolina","McDowell County",1,33,484,235,249
050,37,111,"North Carolina","McDowell County",1,34,473,244,229
050,37,111,"North Carolina","McDowell County",1,35,466,224,242
050,37,111,"North Carolina","McDowell County",1,36,456,247,209
050,37,111,"North Carolina","McDowell County",1,37,493,275,218
050,37,111,"North Carolina","McDowell County",1,38,528,290,238
050,37,111,"North Carolina","McDowell County",1,39,505,262,243
050,37,111,"North Carolina","McDowell County",1,40,506,269,237
050,37,111,"North Carolina","McDowell County",1,41,537,279,258
050,37,111,"North Carolina","McDowell County",1,42,527,266,261
050,37,111,"North Carolina","McDowell County",1,43,524,280,244
050,37,111,"North Carolina","McDowell County",1,44,505,254,251
050,37,111,"North Carolina","McDowell County",1,45,575,302,273
050,37,111,"North Carolina","McDowell County",1,46,604,322,282
050,37,111,"North Carolina","McDowell County",1,47,606,305,301
050,37,111,"North Carolina","McDowell County",1,48,634,336,298
050,37,111,"North Carolina","McDowell County",1,49,664,345,319
050,37,111,"North Carolina","McDowell County",1,50,648,321,327
050,37,111,"North Carolina","McDowell County",1,51,612,318,294
050,37,111,"North Carolina","McDowell County",1,52,598,324,274
050,37,111,"North Carolina","McDowell County",1,53,596,307,289
050,37,111,"North Carolina","McDowell County",1,54,651,314,337
050,37,111,"North Carolina","McDowell County",1,55,651,311,340
050,37,111,"North Carolina","McDowell County",1,56,624,318,306
050,37,111,"North Carolina","McDowell County",1,57,644,326,318
050,37,111,"North Carolina","McDowell County",1,58,700,327,373
050,37,111,"North Carolina","McDowell County",1,59,655,313,342
050,37,111,"North Carolina","McDowell County",1,60,663,330,333
050,37,111,"North Carolina","McDowell County",1,61,649,322,327
050,37,111,"North Carolina","McDowell County",1,62,656,316,340
050,37,111,"North Carolina","McDowell County",1,63,671,318,353
050,37,111,"North Carolina","McDowell County",1,64,681,316,365
050,37,111,"North Carolina","McDowell County",1,65,628,300,328
050,37,111,"North Carolina","McDowell County",1,66,606,281,325
050,37,111,"North Carolina","McDowell County",1,67,606,296,310
050,37,111,"North Carolina","McDowell County",1,68,628,309,319
050,37,111,"North Carolina","McDowell County",1,69,553,264,289
050,37,111,"North Carolina","McDowell County",1,70,540,269,271
050,37,111,"North Carolina","McDowell County",1,71,561,271,290
050,37,111,"North Carolina","McDowell County",1,72,557,266,291
050,37,111,"North Carolina","McDowell County",1,73,494,237,257
050,37,111,"North Carolina","McDowell County",1,74,382,176,206
050,37,111,"North Carolina","McDowell County",1,75,373,178,195
050,37,111,"North Carolina","McDowell County",1,76,375,173,202
050,37,111,"North Carolina","McDowell County",1,77,372,170,202
050,37,111,"North Carolina","McDowell County",1,78,297,142,155
050,37,111,"North Carolina","McDowell County",1,79,249,113,136
050,37,111,"North Carolina","McDowell County",1,80,252,111,141
050,37,111,"North Carolina","McDowell County",1,81,227,97,130
050,37,111,"North Carolina","McDowell County",1,82,227,93,134
050,37,111,"North Carolina","McDowell County",1,83,196,85,111
050,37,111,"North Carolina","McDowell County",1,84,171,71,100
050,37,111,"North Carolina","McDowell County",1,85,938,316,622
050,37,111,"North Carolina","McDowell County",2,0,410,209,201
050,37,111,"North Carolina","McDowell County",2,1,414,210,204
050,37,111,"North Carolina","McDowell County",2,2,430,226,204
050,37,111,"North Carolina","McDowell County",2,3,441,234,207
050,37,111,"North Carolina","McDowell County",2,4,464,251,213
050,37,111,"North Carolina","McDowell County",2,5,468,234,234
050,37,111,"North Carolina","McDowell County",2,6,473,249,224
050,37,111,"North Carolina","McDowell County",2,7,462,258,204
050,37,111,"North Carolina","McDowell County",2,8,446,238,208
050,37,111,"North Carolina","McDowell County",2,9,496,272,224
050,37,111,"North Carolina","McDowell County",2,10,515,273,242
050,37,111,"North Carolina","McDowell County",2,11,544,305,239
050,37,111,"North Carolina","McDowell County",2,12,552,311,241
050,37,111,"North Carolina","McDowell County",2,13,572,299,273
050,37,111,"North Carolina","McDowell County",2,14,569,302,267
050,37,111,"North Carolina","McDowell County",2,15,555,301,254
050,37,111,"North Carolina","McDowell County",2,16,537,296,241
050,37,111,"North Carolina","McDowell County",2,17,536,280,256
050,37,111,"North Carolina","McDowell County",2,18,473,251,222
050,37,111,"North Carolina","McDowell County",2,19,391,206,185
050,37,111,"North Carolina","McDowell County",2,20,446,232,214
050,37,111,"North Carolina","McDowell County",2,21,457,244,213
050,37,111,"North Carolina","McDowell County",2,22,479,247,232
050,37,111,"North Carolina","McDowell County",2,23,492,251,241
050,37,111,"North Carolina","McDowell County",2,24,528,279,249
050,37,111,"North Carolina","McDowell County",2,25,517,267,250
050,37,111,"North Carolina","McDowell County",2,26,527,282,245
050,37,111,"North Carolina","McDowell County",2,27,548,288,260
050,37,111,"North Carolina","McDowell County",2,28,566,298,268
050,37,111,"North Carolina","McDowell County",2,29,586,312,274
050,37,111,"North Carolina","McDowell County",2,30,564,297,267
050,37,111,"North Carolina","McDowell County",2,31,541,292,249
050,37,111,"North Carolina","McDowell County",2,32,519,283,236
050,37,111,"North Carolina","McDowell County",2,33,494,245,249
050,37,111,"North Carolina","McDowell County",2,34,475,241,234
050,37,111,"North Carolina","McDowell County",2,35,469,228,241
050,37,111,"North Carolina","McDowell County",2,36,450,236,214
050,37,111,"North Carolina","McDowell County",2,37,485,268,217
050,37,111,"North Carolina","McDowell County",2,38,519,285,234
050,37,111,"North Carolina","McDowell County",2,39,509,268,241
050,37,111,"North Carolina","McDowell County",2,40,506,265,241
050,37,111,"North Carolina","McDowell County",2,41,527,275,252
050,37,111,"North Carolina","McDowell County",2,42,525,268,257
050,37,111,"North Carolina","McDowell County",2,43,529,279,250
050,37,111,"North Carolina","McDowell County",2,44,503,255,248
050,37,111,"North Carolina","McDowell County",2,45,562,293,269
050,37,111,"North Carolina","McDowell County",2,46,593,316,277
050,37,111,"North Carolina","McDowell County",2,47,601,306,295
050,37,111,"North Carolina","McDowell County",2,48,624,327,297
050,37,111,"North Carolina","McDowell County",2,49,661,345,316
050,37,111,"North Carolina","McDowell County",2,50,654,326,328
050,37,111,"North Carolina","McDowell County",2,51,619,319,300
050,37,111,"North Carolina","McDowell County",2,52,600,324,276
050,37,111,"North Carolina","McDowell County",2,53,601,314,287
050,37,111,"North Carolina","McDowell County",2,54,633,311,322
050,37,111,"North Carolina","McDowell County",2,55,651,310,341
050,37,111,"North Carolina","McDowell County",2,56,635,320,315
050,37,111,"North Carolina","McDowell County",2,57,644,326,318
050,37,111,"North Carolina","McDowell County",2,58,683,324,359
050,37,111,"North Carolina","McDowell County",2,59,670,318,352
050,37,111,"North Carolina","McDowell County",2,60,662,327,335
050,37,111,"North Carolina","McDowell County",2,61,649,321,328
050,37,111,"North Carolina","McDowell County",2,62,658,320,338
050,37,111,"North Carolina","McDowell County",2,63,674,319,355
050,37,111,"North Carolina","McDowell County",2,64,673,314,359
050,37,111,"North Carolina","McDowell County",2,65,641,305,336
050,37,111,"North Carolina","McDowell County",2,66,611,281,330
050,37,111,"North Carolina","McDowell County",2,67,604,292,312
050,37,111,"North Carolina","McDowell County",2,68,620,304,316
050,37,111,"North Carolina","McDowell County",2,69,579,279,300
050,37,111,"North Carolina","McDowell County",2,70,541,267,274
050,37,111,"North Carolina","McDowell County",2,71,553,269,284
050,37,111,"North Carolina","McDowell County",2,72,540,257,283
050,37,111,"North Carolina","McDowell County",2,73,529,255,274
050,37,111,"North Carolina","McDowell County",2,74,380,177,203
050,37,111,"North Carolina","McDowell County",2,75,372,174,198
050,37,111,"North Carolina","McDowell County",2,76,368,171,197
050,37,111,"North Carolina","McDowell County",2,77,380,174,206
050,37,111,"North Carolina","McDowell County",2,78,304,144,160
050,37,111,"North Carolina","McDowell County",2,79,260,118,142
050,37,111,"North Carolina","McDowell County",2,80,245,109,136
050,37,111,"North Carolina","McDowell County",2,81,224,97,127
050,37,111,"North Carolina","McDowell County",2,82,225,92,133
050,37,111,"North Carolina","McDowell County",2,83,196,82,114
050,37,111,"North Carolina","McDowell County",2,84,175,74,101
050,37,111,"North Carolina","McDowell County",2,85,944,320,624
050,37,111,"North Carolina","McDowell County",3,0,366,193,173
050,37,111,"North Carolina","McDowell County",3,1,407,211,196
050,37,111,"North Carolina","McDowell County",3,2,409,211,198
050,37,111,"North Carolina","McDowell County",3,3,446,230,216
050,37,111,"North Carolina","McDowell County",3,4,424,226,198
050,37,111,"North Carolina","McDowell County",3,5,476,251,225
050,37,111,"North Carolina","McDowell County",3,6,481,237,244
050,37,111,"North Carolina","McDowell County",3,7,479,249,230
050,37,111,"North Carolina","McDowell County",3,8,472,265,207
050,37,111,"North Carolina","McDowell County",3,9,449,241,208
050,37,111,"North Carolina","McDowell County",3,10,498,271,227
050,37,111,"North Carolina","McDowell County",3,11,532,282,250
050,37,111,"North Carolina","McDowell County",3,12,535,298,237
050,37,111,"North Carolina","McDowell County",3,13,564,324,240
050,37,111,"North Carolina","McDowell County",3,14,577,302,275
050,37,111,"North Carolina","McDowell County",3,15,576,306,270
050,37,111,"North Carolina","McDowell County",3,16,559,302,257
050,37,111,"North Carolina","McDowell County",3,17,551,303,248
050,37,111,"North Carolina","McDowell County",3,18,462,246,216
050,37,111,"North Carolina","McDowell County",3,19,373,204,169
050,37,111,"North Carolina","McDowell County",3,20,422,218,204
050,37,111,"North Carolina","McDowell County",3,21,474,249,225
050,37,111,"North Carolina","McDowell County",3,22,508,263,245
050,37,111,"North Carolina","McDowell County",3,23,494,259,235
050,37,111,"North Carolina","McDowell County",3,24,520,269,251
050,37,111,"North Carolina","McDowell County",3,25,520,279,241
050,37,111,"North Carolina","McDowell County",3,26,517,274,243
050,37,111,"North Carolina","McDowell County",3,27,533,285,248
050,37,111,"North Carolina","McDowell County",3,28,549,279,270
050,37,111,"North Carolina","McDowell County",3,29,583,313,270
050,37,111,"North Carolina","McDowell County",3,30,574,297,277
050,37,111,"North Carolina","McDowell County",3,31,521,276,245
050,37,111,"North Carolina","McDowell County",3,32,543,288,255
050,37,111,"North Carolina","McDowell County",3,33,525,280,245
050,37,111,"North Carolina","McDowell County",3,34,496,238,258
050,37,111,"North Carolina","McDowell County",3,35,474,237,237
050,37,111,"North Carolina","McDowell County",3,36,480,226,254
050,37,111,"North Carolina","McDowell County",3,37,488,268,220
050,37,111,"North Carolina","McDowell County",3,38,479,252,227
050,37,111,"North Carolina","McDowell County",3,39,533,290,243
050,37,111,"North Carolina","McDowell County",3,40,511,267,244
050,37,111,"North Carolina","McDowell County",3,41,517,272,245
050,37,111,"North Carolina","McDowell County",3,42,523,270,253
050,37,111,"North Carolina","McDowell County",3,43,535,272,263
050,37,111,"North Carolina","McDowell County",3,44,522,268,254
050,37,111,"North Carolina","McDowell County",3,45,514,260,254
050,37,111,"North Carolina","McDowell County",3,46,565,296,269
050,37,111,"North Carolina","McDowell County",3,47,599,311,288
050,37,111,"North Carolina","McDowell County",3,48,591,296,295
050,37,111,"North Carolina","McDowell County",3,49,638,339,299
050,37,111,"North Carolina","McDowell County",3,50,648,329,319
050,37,111,"North Carolina","McDowell County",3,51,651,329,322
050,37,111,"North Carolina","McDowell County",3,52,623,319,304
050,37,111,"North Carolina","McDowell County",3,53,610,320,290
050,37,111,"North Carolina","McDowell County",3,54,590,305,285
050,37,111,"North Carolina","McDowell County",3,55,613,293,320
050,37,111,"North Carolina","McDowell County",3,56,656,318,338
050,37,111,"North Carolina","McDowell County",3,57,653,328,325
050,37,111,"North Carolina","McDowell County",3,58,633,315,318
050,37,111,"North Carolina","McDowell County",3,59,712,339,373
050,37,111,"North Carolina","McDowell County",3,60,672,320,352
050,37,111,"North Carolina","McDowell County",3,61,655,322,333
050,37,111,"North Carolina","McDowell County",3,62,635,320,315
050,37,111,"North Carolina","McDowell County",3,63,657,318,339
050,37,111,"North Carolina","McDowell County",3,64,668,315,353
050,37,111,"North Carolina","McDowell County",3,65,669,315,354
050,37,111,"North Carolina","McDowell County",3,66,649,307,342
050,37,111,"North Carolina","McDowell County",3,67,599,272,327
050,37,111,"North Carolina","McDowell County",3,68,587,282,305
050,37,111,"North Carolina","McDowell County",3,69,611,294,317
050,37,111,"North Carolina","McDowell County",3,70,573,278,295
050,37,111,"North Carolina","McDowell County",3,71,528,264,264
050,37,111,"North Carolina","McDowell County",3,72,530,256,274
050,37,111,"North Carolina","McDowell County",3,73,504,241,263
050,37,111,"North Carolina","McDowell County",3,74,523,253,270
050,37,111,"North Carolina","McDowell County",3,75,365,168,197
050,37,111,"North Carolina","McDowell County",3,76,356,164,192
050,37,111,"North Carolina","McDowell County",3,77,355,162,193
050,37,111,"North Carolina","McDowell County",3,78,356,163,193
050,37,111,"North Carolina","McDowell County",3,79,288,138,150
050,37,111,"North Carolina","McDowell County",3,80,233,101,132
050,37,111,"North Carolina","McDowell County",3,81,223,102,121
050,37,111,"North Carolina","McDowell County",3,82,200,84,116
050,37,111,"North Carolina","McDowell County",3,83,198,78,120
050,37,111,"North Carolina","McDowell County",3,84,179,76,103
050,37,111,"North Carolina","McDowell County",3,85,944,325,619
050,37,111,"North Carolina","McDowell County",4,0,389,195,194
050,37,111,"North Carolina","McDowell County",4,1,400,218,182
050,37,111,"North Carolina","McDowell County",4,2,408,213,195
050,37,111,"North Carolina","McDowell County",4,3,428,219,209
050,37,111,"North Carolina","McDowell County",4,4,442,236,206
050,37,111,"North Carolina","McDowell County",4,5,445,233,212
050,37,111,"North Carolina","McDowell County",4,6,475,252,223
050,37,111,"North Carolina","McDowell County",4,7,486,242,244
050,37,111,"North Carolina","McDowell County",4,8,468,249,219
050,37,111,"North Carolina","McDowell County",4,9,486,268,218
050,37,111,"North Carolina","McDowell County",4,10,460,240,220
050,37,111,"North Carolina","McDowell County",4,11,491,271,220
050,37,111,"North Carolina","McDowell County",4,12,526,280,246
050,37,111,"North Carolina","McDowell County",4,13,537,302,235
050,37,111,"North Carolina","McDowell County",4,14,584,337,247
050,37,111,"North Carolina","McDowell County",4,15,567,301,266
050,37,111,"North Carolina","McDowell County",4,16,574,301,273
050,37,111,"North Carolina","McDowell County",4,17,544,298,246
050,37,111,"North Carolina","McDowell County",4,18,469,264,205
050,37,111,"North Carolina","McDowell County",4,19,372,200,172
050,37,111,"North Carolina","McDowell County",4,20,390,217,173
050,37,111,"North Carolina","McDowell County",4,21,443,227,216
050,37,111,"North Carolina","McDowell County",4,22,503,261,242
050,37,111,"North Carolina","McDowell County",4,23,544,288,256
050,37,111,"North Carolina","McDowell County",4,24,539,282,257
050,37,111,"North Carolina","McDowell County",4,25,519,258,261
050,37,111,"North Carolina","McDowell County",4,26,551,295,256
050,37,111,"North Carolina","McDowell County",4,27,556,308,248
050,37,111,"North Carolina","McDowell County",4,28,544,287,257
050,37,111,"North Carolina","McDowell County",4,29,573,296,277
050,37,111,"North Carolina","McDowell County",4,30,585,314,271
050,37,111,"North Carolina","McDowell County",4,31,603,315,288
050,37,111,"North Carolina","McDowell County",4,32,529,278,251
050,37,111,"North Carolina","McDowell County",4,33,549,286,263
050,37,111,"North Carolina","McDowell County",4,34,539,282,257
050,37,111,"North Carolina","McDowell County",4,35,515,247,268
050,37,111,"North Carolina","McDowell County",4,36,475,239,236
050,37,111,"North Carolina","McDowell County",4,37,520,255,265
050,37,111,"North Carolina","McDowell County",4,38,497,271,226
050,37,111,"North Carolina","McDowell County",4,39,479,251,228
050,37,111,"North Carolina","McDowell County",4,40,524,293,231
050,37,111,"North Carolina","McDowell County",4,41,512,269,243
050,37,111,"North Carolina","McDowell County",4,42,522,274,248
050,37,111,"North Carolina","McDowell County",4,43,526,277,249
050,37,111,"North Carolina","McDowell County",4,44,542,271,271
050,37,111,"North Carolina","McDowell County",4,45,522,266,256
050,37,111,"North Carolina","McDowell County",4,46,514,264,250
050,37,111,"North Carolina","McDowell County",4,47,569,293,276
050,37,111,"North Carolina","McDowell County",4,48,604,307,297
050,37,111,"North Carolina","McDowell County",4,49,619,309,310
050,37,111,"North Carolina","McDowell County",4,50,639,334,305
050,37,111,"North Carolina","McDowell County",4,51,658,340,318
050,37,111,"North Carolina","McDowell County",4,52,663,339,324
050,37,111,"North Carolina","McDowell County",4,53,639,328,311
050,37,111,"North Carolina","McDowell County",4,54,604,317,287
050,37,111,"North Carolina","McDowell County",4,55,577,294,283
050,37,111,"North Carolina","McDowell County",4,56,605,285,320
050,37,111,"North Carolina","McDowell County",4,57,656,317,339
050,37,111,"North Carolina","McDowell County",4,58,654,329,325
050,37,111,"North Carolina","McDowell County",4,59,618,309,309
050,37,111,"North Carolina","McDowell County",4,60,711,338,373
050,37,111,"North Carolina","McDowell County",4,61,665,314,351
050,37,111,"North Carolina","McDowell County",4,62,660,332,328
050,37,111,"North Carolina","McDowell County",4,63,650,327,323
050,37,111,"North Carolina","McDowell County",4,64,648,313,335
050,37,111,"North Carolina","McDowell County",4,65,656,314,342
050,37,111,"North Carolina","McDowell County",4,66,659,308,351
050,37,111,"North Carolina","McDowell County",4,67,645,298,347
050,37,111,"North Carolina","McDowell County",4,68,589,265,324
050,37,111,"North Carolina","McDowell County",4,69,576,276,300
050,37,111,"North Carolina","McDowell County",4,70,602,286,316
050,37,111,"North Carolina","McDowell County",4,71,569,281,288
050,37,111,"North Carolina","McDowell County",4,72,501,253,248
050,37,111,"North Carolina","McDowell County",4,73,502,238,264
050,37,111,"North Carolina","McDowell County",4,74,504,239,265
050,37,111,"North Carolina","McDowell County",4,75,496,235,261
050,37,111,"North Carolina","McDowell County",4,76,346,162,184
050,37,111,"North Carolina","McDowell County",4,77,342,156,186
050,37,111,"North Carolina","McDowell County",4,78,337,155,182
050,37,111,"North Carolina","McDowell County",4,79,344,154,190
050,37,111,"North Carolina","McDowell County",4,80,252,118,134
050,37,111,"North Carolina","McDowell County",4,81,217,93,124
050,37,111,"North Carolina","McDowell County",4,82,204,88,116
050,37,111,"North Carolina","McDowell County",4,83,169,68,101
050,37,111,"North Carolina","McDowell County",4,84,186,69,117
050,37,111,"North Carolina","McDowell County",4,85,954,338,616
050,37,111,"North Carolina","McDowell County",5,0,388,195,193
050,37,111,"North Carolina","McDowell County",5,1,405,209,196
050,37,111,"North Carolina","McDowell County",5,2,407,217,190
050,37,111,"North Carolina","McDowell County",5,3,422,220,202
050,37,111,"North Carolina","McDowell County",5,4,428,218,210
050,37,111,"North Carolina","McDowell County",5,5,430,227,203
050,37,111,"North Carolina","McDowell County",5,6,452,245,207
050,37,111,"North Carolina","McDowell County",5,7,475,252,223
050,37,111,"North Carolina","McDowell County",5,8,485,242,243
050,37,111,"North Carolina","McDowell County",5,9,480,248,232
050,37,111,"North Carolina","McDowell County",5,10,488,277,211
050,37,111,"North Carolina","McDowell County",5,11,446,234,212
050,37,111,"North Carolina","McDowell County",5,12,486,264,222
050,37,111,"North Carolina","McDowell County",5,13,536,284,252
050,37,111,"North Carolina","McDowell County",5,14,544,303,241
050,37,111,"North Carolina","McDowell County",5,15,584,342,242
050,37,111,"North Carolina","McDowell County",5,16,558,293,265
050,37,111,"North Carolina","McDowell County",5,17,578,299,279
050,37,111,"North Carolina","McDowell County",5,18,470,272,198
050,37,111,"North Carolina","McDowell County",5,19,367,206,161
050,37,111,"North Carolina","McDowell County",5,20,414,219,195
050,37,111,"North Carolina","McDowell County",5,21,426,231,195
050,37,111,"North Carolina","McDowell County",5,22,489,248,241
050,37,111,"North Carolina","McDowell County",5,23,549,282,267
050,37,111,"North Carolina","McDowell County",5,24,570,292,278
050,37,111,"North Carolina","McDowell County",5,25,532,274,258
050,37,111,"North Carolina","McDowell County",5,26,520,266,254
050,37,111,"North Carolina","McDowell County",5,27,549,297,252
050,37,111,"North Carolina","McDowell County",5,28,547,308,239
050,37,111,"North Carolina","McDowell County",5,29,549,290,259
050,37,111,"North Carolina","McDowell County",5,30,555,283,272
050,37,111,"North Carolina","McDowell County",5,31,593,317,276
050,37,111,"North Carolina","McDowell County",5,32,607,313,294
050,37,111,"North Carolina","McDowell County",5,33,545,275,270
050,37,111,"North Carolina","McDowell County",5,34,578,304,274
050,37,111,"North Carolina","McDowell County",5,35,532,279,253
050,37,111,"North Carolina","McDowell County",5,36,513,234,279
050,37,111,"North Carolina","McDowell County",5,37,495,266,229
050,37,111,"North Carolina","McDowell County",5,38,526,256,270
050,37,111,"North Carolina","McDowell County",5,39,494,266,228
050,37,111,"North Carolina","McDowell County",5,40,472,247,225
050,37,111,"North Carolina","McDowell County",5,41,544,303,241
050,37,111,"North Carolina","McDowell County",5,42,515,272,243
050,37,111,"North Carolina","McDowell County",5,43,530,275,255
050,37,111,"North Carolina","McDowell County",5,44,529,266,263
050,37,111,"North Carolina","McDowell County",5,45,546,285,261
050,37,111,"North Carolina","McDowell County",5,46,532,271,261
050,37,111,"North Carolina","McDowell County",5,47,507,259,248
050,37,111,"North Carolina","McDowell County",5,48,567,289,278
050,37,111,"North Carolina","McDowell County",5,49,613,312,301
050,37,111,"North Carolina","McDowell County",5,50,611,300,311
050,37,111,"North Carolina","McDowell County",5,51,655,340,315
050,37,111,"North Carolina","McDowell County",5,52,648,342,306
050,37,111,"North Carolina","McDowell County",5,53,671,347,324
050,37,111,"North Carolina","McDowell County",5,54,637,321,316
050,37,111,"North Carolina","McDowell County",5,55,613,313,300
050,37,111,"North Carolina","McDowell County",5,56,583,306,277
050,37,111,"North Carolina","McDowell County",5,57,619,283,336
050,37,111,"North Carolina","McDowell County",5,58,660,319,341
050,37,111,"North Carolina","McDowell County",5,59,650,335,315
050,37,111,"North Carolina","McDowell County",5,60,632,312,320
050,37,111,"North Carolina","McDowell County",5,61,702,328,374
050,37,111,"North Carolina","McDowell County",5,62,681,331,350
050,37,111,"North Carolina","McDowell County",5,63,659,328,331
050,37,111,"North Carolina","McDowell County",5,64,641,316,325
050,37,111,"North Carolina","McDowell County",5,65,649,317,332
050,37,111,"North Carolina","McDowell County",5,66,659,318,341
050,37,111,"North Carolina","McDowell County",5,67,641,301,340
050,37,111,"North Carolina","McDowell County",5,68,635,293,342
050,37,111,"North Carolina","McDowell County",5,69,581,263,318
050,37,111,"North Carolina","McDowell County",5,70,568,267,301
050,37,111,"North Carolina","McDowell County",5,71,598,285,313
050,37,111,"North Carolina","McDowell County",5,72,549,272,277
050,37,111,"North Carolina","McDowell County",5,73,475,242,233
050,37,111,"North Carolina","McDowell County",5,74,502,238,264
050,37,111,"North Carolina","McDowell County",5,75,487,225,262
050,37,111,"North Carolina","McDowell County",5,76,471,221,250
050,37,111,"North Carolina","McDowell County",5,77,333,152,181
050,37,111,"North Carolina","McDowell County",5,78,326,150,176
050,37,111,"North Carolina","McDowell County",5,79,327,149,178
050,37,111,"North Carolina","McDowell County",5,80,313,137,176
050,37,111,"North Carolina","McDowell County",5,81,233,108,125
050,37,111,"North Carolina","McDowell County",5,82,199,80,119
050,37,111,"North Carolina","McDowell County",5,83,178,74,104
050,37,111,"North Carolina","McDowell County",5,84,156,60,96
050,37,111,"North Carolina","McDowell County",5,85,984,352,632
050,37,113,"North Carolina","Macon County",1,0,349,175,174
050,37,113,"North Carolina","Macon County",1,1,363,176,187
050,37,113,"North Carolina","Macon County",1,2,337,176,161
050,37,113,"North Carolina","Macon County",1,3,352,186,166
050,37,113,"North Carolina","Macon County",1,4,386,187,199
050,37,113,"North Carolina","Macon County",1,5,380,217,163
050,37,113,"North Carolina","Macon County",1,6,389,219,170
050,37,113,"North Carolina","Macon County",1,7,392,214,178
050,37,113,"North Carolina","Macon County",1,8,363,195,168
050,37,113,"North Carolina","Macon County",1,9,359,186,173
050,37,113,"North Carolina","Macon County",1,10,387,201,186
050,37,113,"North Carolina","Macon County",1,11,399,198,201
050,37,113,"North Carolina","Macon County",1,12,448,220,228
050,37,113,"North Carolina","Macon County",1,13,452,230,222
050,37,113,"North Carolina","Macon County",1,14,426,202,224
050,37,113,"North Carolina","Macon County",1,15,440,217,223
050,37,113,"North Carolina","Macon County",1,16,450,234,216
050,37,113,"North Carolina","Macon County",1,17,414,193,221
050,37,113,"North Carolina","Macon County",1,18,371,195,176
050,37,113,"North Carolina","Macon County",1,19,294,163,131
050,37,113,"North Carolina","Macon County",1,20,348,184,164
050,37,113,"North Carolina","Macon County",1,21,323,168,155
050,37,113,"North Carolina","Macon County",1,22,349,177,172
050,37,113,"North Carolina","Macon County",1,23,328,166,162
050,37,113,"North Carolina","Macon County",1,24,320,159,161
050,37,113,"North Carolina","Macon County",1,25,351,183,168
050,37,113,"North Carolina","Macon County",1,26,336,175,161
050,37,113,"North Carolina","Macon County",1,27,358,173,185
050,37,113,"North Carolina","Macon County",1,28,376,187,189
050,37,113,"North Carolina","Macon County",1,29,367,168,199
050,37,113,"North Carolina","Macon County",1,30,349,168,181
050,37,113,"North Carolina","Macon County",1,31,364,174,190
050,37,113,"North Carolina","Macon County",1,32,352,188,164
050,37,113,"North Carolina","Macon County",1,33,402,195,207
050,37,113,"North Carolina","Macon County",1,34,399,186,213
050,37,113,"North Carolina","Macon County",1,35,370,177,193
050,37,113,"North Carolina","Macon County",1,36,371,179,192
050,37,113,"North Carolina","Macon County",1,37,387,190,197
050,37,113,"North Carolina","Macon County",1,38,376,179,197
050,37,113,"North Carolina","Macon County",1,39,402,182,220
050,37,113,"North Carolina","Macon County",1,40,376,188,188
050,37,113,"North Carolina","Macon County",1,41,357,178,179
050,37,113,"North Carolina","Macon County",1,42,359,185,174
050,37,113,"North Carolina","Macon County",1,43,363,192,171
050,37,113,"North Carolina","Macon County",1,44,358,185,173
050,37,113,"North Carolina","Macon County",1,45,364,194,170
050,37,113,"North Carolina","Macon County",1,46,369,179,190
050,37,113,"North Carolina","Macon County",1,47,372,194,178
050,37,113,"North Carolina","Macon County",1,48,401,202,199
050,37,113,"North Carolina","Macon County",1,49,444,228,216
050,37,113,"North Carolina","Macon County",1,50,429,233,196
050,37,113,"North Carolina","Macon County",1,51,419,223,196
050,37,113,"North Carolina","Macon County",1,52,435,220,215
050,37,113,"North Carolina","Macon County",1,53,454,214,240
050,37,113,"North Carolina","Macon County",1,54,486,237,249
050,37,113,"North Carolina","Macon County",1,55,510,233,277
050,37,113,"North Carolina","Macon County",1,56,518,243,275
050,37,113,"North Carolina","Macon County",1,57,524,248,276
050,37,113,"North Carolina","Macon County",1,58,579,277,302
050,37,113,"North Carolina","Macon County",1,59,552,247,305
050,37,113,"North Carolina","Macon County",1,60,623,306,317
050,37,113,"North Carolina","Macon County",1,61,653,308,345
050,37,113,"North Carolina","Macon County",1,62,580,297,283
050,37,113,"North Carolina","Macon County",1,63,570,282,288
050,37,113,"North Carolina","Macon County",1,64,602,284,318
050,37,113,"North Carolina","Macon County",1,65,633,306,327
050,37,113,"North Carolina","Macon County",1,66,624,285,339
050,37,113,"North Carolina","Macon County",1,67,636,279,357
050,37,113,"North Carolina","Macon County",1,68,676,312,364
050,37,113,"North Carolina","Macon County",1,69,607,294,313
050,37,113,"North Carolina","Macon County",1,70,607,274,333
050,37,113,"North Carolina","Macon County",1,71,605,289,316
050,37,113,"North Carolina","Macon County",1,72,596,286,310
050,37,113,"North Carolina","Macon County",1,73,629,295,334
050,37,113,"North Carolina","Macon County",1,74,454,206,248
050,37,113,"North Carolina","Macon County",1,75,459,212,247
050,37,113,"North Carolina","Macon County",1,76,446,229,217
050,37,113,"North Carolina","Macon County",1,77,444,212,232
050,37,113,"North Carolina","Macon County",1,78,371,174,197
050,37,113,"North Carolina","Macon County",1,79,325,149,176
050,37,113,"North Carolina","Macon County",1,80,308,147,161
050,37,113,"North Carolina","Macon County",1,81,282,122,160
050,37,113,"North Carolina","Macon County",1,82,261,115,146
050,37,113,"North Carolina","Macon County",1,83,207,85,122
050,37,113,"North Carolina","Macon County",1,84,201,93,108
050,37,113,"North Carolina","Macon County",1,85,972,400,572
050,37,113,"North Carolina","Macon County",2,0,346,181,165
050,37,113,"North Carolina","Macon County",2,1,355,172,183
050,37,113,"North Carolina","Macon County",2,2,341,174,167
050,37,113,"North Carolina","Macon County",2,3,347,180,167
050,37,113,"North Carolina","Macon County",2,4,379,186,193
050,37,113,"North Carolina","Macon County",2,5,381,209,172
050,37,113,"North Carolina","Macon County",2,6,384,217,167
050,37,113,"North Carolina","Macon County",2,7,389,213,176
050,37,113,"North Carolina","Macon County",2,8,369,200,169
050,37,113,"North Carolina","Macon County",2,9,362,188,174
050,37,113,"North Carolina","Macon County",2,10,382,199,183
050,37,113,"North Carolina","Macon County",2,11,396,198,198
050,37,113,"North Carolina","Macon County",2,12,442,219,223
050,37,113,"North Carolina","Macon County",2,13,451,228,223
050,37,113,"North Carolina","Macon County",2,14,432,208,224
050,37,113,"North Carolina","Macon County",2,15,440,215,225
050,37,113,"North Carolina","Macon County",2,16,448,229,219
050,37,113,"North Carolina","Macon County",2,17,427,204,223
050,37,113,"North Carolina","Macon County",2,18,366,189,177
050,37,113,"North Carolina","Macon County",2,19,297,161,136
050,37,113,"North Carolina","Macon County",2,20,342,182,160
050,37,113,"North Carolina","Macon County",2,21,332,173,159
050,37,113,"North Carolina","Macon County",2,22,342,174,168
050,37,113,"North Carolina","Macon County",2,23,335,169,166
050,37,113,"North Carolina","Macon County",2,24,320,158,162
050,37,113,"North Carolina","Macon County",2,25,340,175,165
050,37,113,"North Carolina","Macon County",2,26,341,178,163
050,37,113,"North Carolina","Macon County",2,27,356,175,181
050,37,113,"North Carolina","Macon County",2,28,371,183,188
050,37,113,"North Carolina","Macon County",2,29,369,172,197
050,37,113,"North Carolina","Macon County",2,30,357,170,187
050,37,113,"North Carolina","Macon County",2,31,358,171,187
050,37,113,"North Carolina","Macon County",2,32,353,183,170
050,37,113,"North Carolina","Macon County",2,33,390,192,198
050,37,113,"North Carolina","Macon County",2,34,403,190,213
050,37,113,"North Carolina","Macon County",2,35,382,182,200
050,37,113,"North Carolina","Macon County",2,36,369,176,193
050,37,113,"North Carolina","Macon County",2,37,383,187,196
050,37,113,"North Carolina","Macon County",2,38,383,184,199
050,37,113,"North Carolina","Macon County",2,39,393,182,211
050,37,113,"North Carolina","Macon County",2,40,386,188,198
050,37,113,"North Carolina","Macon County",2,41,363,180,183
050,37,113,"North Carolina","Macon County",2,42,358,184,174
050,37,113,"North Carolina","Macon County",2,43,367,192,175
050,37,113,"North Carolina","Macon County",2,44,357,185,172
050,37,113,"North Carolina","Macon County",2,45,369,196,173
050,37,113,"North Carolina","Macon County",2,46,367,182,185
050,37,113,"North Carolina","Macon County",2,47,371,191,180
050,37,113,"North Carolina","Macon County",2,48,397,201,196
050,37,113,"North Carolina","Macon County",2,49,436,222,214
050,37,113,"North Carolina","Macon County",2,50,433,233,200
050,37,113,"North Carolina","Macon County",2,51,419,223,196
050,37,113,"North Carolina","Macon County",2,52,432,221,211
050,37,113,"North Carolina","Macon County",2,53,455,217,238
050,37,113,"North Carolina","Macon County",2,54,479,231,248
050,37,113,"North Carolina","Macon County",2,55,505,234,271
050,37,113,"North Carolina","Macon County",2,56,524,244,280
050,37,113,"North Carolina","Macon County",2,57,530,250,280
050,37,113,"North Carolina","Macon County",2,58,565,266,299
050,37,113,"North Carolina","Macon County",2,59,568,259,309
050,37,113,"North Carolina","Macon County",2,60,610,292,318
050,37,113,"North Carolina","Macon County",2,61,652,311,341
050,37,113,"North Carolina","Macon County",2,62,600,299,301
050,37,113,"North Carolina","Macon County",2,63,582,288,294
050,37,113,"North Carolina","Macon County",2,64,597,284,313
050,37,113,"North Carolina","Macon County",2,65,629,302,327
050,37,113,"North Carolina","Macon County",2,66,629,291,338
050,37,113,"North Carolina","Macon County",2,67,632,280,352
050,37,113,"North Carolina","Macon County",2,68,663,303,360
050,37,113,"North Carolina","Macon County",2,69,631,302,329
050,37,113,"North Carolina","Macon County",2,70,610,281,329
050,37,113,"North Carolina","Macon County",2,71,610,289,321
050,37,113,"North Carolina","Macon County",2,72,588,283,305
050,37,113,"North Carolina","Macon County",2,73,656,309,347
050,37,113,"North Carolina","Macon County",2,74,464,211,253
050,37,113,"North Carolina","Macon County",2,75,455,209,246
050,37,113,"North Carolina","Macon County",2,76,444,220,224
050,37,113,"North Carolina","Macon County",2,77,452,220,232
050,37,113,"North Carolina","Macon County",2,78,379,180,199
050,37,113,"North Carolina","Macon County",2,79,333,153,180
050,37,113,"North Carolina","Macon County",2,80,312,148,164
050,37,113,"North Carolina","Macon County",2,81,285,126,159
050,37,113,"North Carolina","Macon County",2,82,263,114,149
050,37,113,"North Carolina","Macon County",2,83,212,88,124
050,37,113,"North Carolina","Macon County",2,84,198,90,108
050,37,113,"North Carolina","Macon County",2,85,978,406,572
050,37,113,"North Carolina","Macon County",3,0,311,153,158
050,37,113,"North Carolina","Macon County",3,1,344,181,163
050,37,113,"North Carolina","Macon County",3,2,382,179,203
050,37,113,"North Carolina","Macon County",3,3,334,172,162
050,37,113,"North Carolina","Macon County",3,4,362,194,168
050,37,113,"North Carolina","Macon County",3,5,390,189,201
050,37,113,"North Carolina","Macon County",3,6,392,218,174
050,37,113,"North Carolina","Macon County",3,7,395,227,168
050,37,113,"North Carolina","Macon County",3,8,405,212,193
050,37,113,"North Carolina","Macon County",3,9,367,199,168
050,37,113,"North Carolina","Macon County",3,10,373,189,184
050,37,113,"North Carolina","Macon County",3,11,387,199,188
050,37,113,"North Carolina","Macon County",3,12,403,203,200
050,37,113,"North Carolina","Macon County",3,13,428,216,212
050,37,113,"North Carolina","Macon County",3,14,439,218,221
050,37,113,"North Carolina","Macon County",3,15,455,226,229
050,37,113,"North Carolina","Macon County",3,16,435,207,228
050,37,113,"North Carolina","Macon County",3,17,452,229,223
050,37,113,"North Carolina","Macon County",3,18,371,186,185
050,37,113,"North Carolina","Macon County",3,19,289,149,140
050,37,113,"North Carolina","Macon County",3,20,308,162,146
050,37,113,"North Carolina","Macon County",3,21,346,181,165
050,37,113,"North Carolina","Macon County",3,22,345,167,178
050,37,113,"North Carolina","Macon County",3,23,362,185,177
050,37,113,"North Carolina","Macon County",3,24,347,184,163
050,37,113,"North Carolina","Macon County",3,25,344,173,171
050,37,113,"North Carolina","Macon County",3,26,343,179,164
050,37,113,"North Carolina","Macon County",3,27,351,180,171
050,37,113,"North Carolina","Macon County",3,28,363,178,185
050,37,113,"North Carolina","Macon County",3,29,384,201,183
050,37,113,"North Carolina","Macon County",3,30,377,177,200
050,37,113,"North Carolina","Macon County",3,31,370,172,198
050,37,113,"North Carolina","Macon County",3,32,370,182,188
050,37,113,"North Carolina","Macon County",3,33,362,187,175
050,37,113,"North Carolina","Macon County",3,34,389,195,194
050,37,113,"North Carolina","Macon County",3,35,412,195,217
050,37,113,"North Carolina","Macon County",3,36,404,195,209
050,37,113,"North Carolina","Macon County",3,37,361,170,191
050,37,113,"North Carolina","Macon County",3,38,394,184,210
050,37,113,"North Carolina","Macon County",3,39,399,195,204
050,37,113,"North Carolina","Macon County",3,40,402,184,218
050,37,113,"North Carolina","Macon County",3,41,390,190,200
050,37,113,"North Carolina","Macon County",3,42,377,184,193
050,37,113,"North Carolina","Macon County",3,43,376,192,184
050,37,113,"North Carolina","Macon County",3,44,359,186,173
050,37,113,"North Carolina","Macon County",3,45,346,186,160
050,37,113,"North Carolina","Macon County",3,46,375,193,182
050,37,113,"North Carolina","Macon County",3,47,370,180,190
050,37,113,"North Carolina","Macon County",3,48,387,200,187
050,37,113,"North Carolina","Macon County",3,49,399,194,205
050,37,113,"North Carolina","Macon County",3,50,445,225,220
050,37,113,"North Carolina","Macon County",3,51,447,240,207
050,37,113,"North Carolina","Macon County",3,52,421,223,198
050,37,113,"North Carolina","Macon County",3,53,462,236,226
050,37,113,"North Carolina","Macon County",3,54,454,217,237
050,37,113,"North Carolina","Macon County",3,55,498,231,267
050,37,113,"North Carolina","Macon County",3,56,506,233,273
050,37,113,"North Carolina","Macon County",3,57,539,258,281
050,37,113,"North Carolina","Macon County",3,58,556,261,295
050,37,113,"North Carolina","Macon County",3,59,582,279,303
050,37,113,"North Carolina","Macon County",3,60,586,259,327
050,37,113,"North Carolina","Macon County",3,61,615,285,330
050,37,113,"North Carolina","Macon County",3,62,676,315,361
050,37,113,"North Carolina","Macon County",3,63,630,315,315
050,37,113,"North Carolina","Macon County",3,64,606,310,296
050,37,113,"North Carolina","Macon County",3,65,610,301,309
050,37,113,"North Carolina","Macon County",3,66,649,317,332
050,37,113,"North Carolina","Macon County",3,67,629,284,345
050,37,113,"North Carolina","Macon County",3,68,646,286,360
050,37,113,"North Carolina","Macon County",3,69,680,310,370
050,37,113,"North Carolina","Macon County",3,70,635,308,327
050,37,113,"North Carolina","Macon County",3,71,611,282,329
050,37,113,"North Carolina","Macon County",3,72,603,278,325
050,37,113,"North Carolina","Macon County",3,73,577,276,301
050,37,113,"North Carolina","Macon County",3,74,639,303,336
050,37,113,"North Carolina","Macon County",3,75,451,208,243
050,37,113,"North Carolina","Macon County",3,76,442,203,239
050,37,113,"North Carolina","Macon County",3,77,429,211,218
050,37,113,"North Carolina","Macon County",3,78,429,207,222
050,37,113,"North Carolina","Macon County",3,79,358,170,188
050,37,113,"North Carolina","Macon County",3,80,308,141,167
050,37,113,"North Carolina","Macon County",3,81,294,136,158
050,37,113,"North Carolina","Macon County",3,82,255,111,144
050,37,113,"North Carolina","Macon County",3,83,237,99,138
050,37,113,"North Carolina","Macon County",3,84,187,80,107
050,37,113,"North Carolina","Macon County",3,85,952,407,545
050,37,113,"North Carolina","Macon County",4,0,327,168,159
050,37,113,"North Carolina","Macon County",4,1,318,153,165
050,37,113,"North Carolina","Macon County",4,2,348,180,168
050,37,113,"North Carolina","Macon County",4,3,398,182,216
050,37,113,"North Carolina","Macon County",4,4,343,177,166
050,37,113,"North Carolina","Macon County",4,5,370,195,175
050,37,113,"North Carolina","Macon County",4,6,386,184,202
050,37,113,"North Carolina","Macon County",4,7,414,224,190
050,37,113,"North Carolina","Macon County",4,8,399,232,167
050,37,113,"North Carolina","Macon County",4,9,414,219,195
050,37,113,"North Carolina","Macon County",4,10,389,211,178
050,37,113,"North Carolina","Macon County",4,11,373,190,183
050,37,113,"North Carolina","Macon County",4,12,404,202,202
050,37,113,"North Carolina","Macon County",4,13,401,206,195
050,37,113,"North Carolina","Macon County",4,14,447,225,222
050,37,113,"North Carolina","Macon County",4,15,446,219,227
050,37,113,"North Carolina","Macon County",4,16,455,228,227
050,37,113,"North Carolina","Macon County",4,17,444,216,228
050,37,113,"North Carolina","Macon County",4,18,403,215,188
050,37,113,"North Carolina","Macon County",4,19,302,149,153
050,37,113,"North Carolina","Macon County",4,20,306,160,146
050,37,113,"North Carolina","Macon County",4,21,314,161,153
050,37,113,"North Carolina","Macon County",4,22,359,185,174
050,37,113,"North Carolina","Macon County",4,23,370,183,187
050,37,113,"North Carolina","Macon County",4,24,360,186,174
050,37,113,"North Carolina","Macon County",4,25,325,168,157
050,37,113,"North Carolina","Macon County",4,26,354,177,177
050,37,113,"North Carolina","Macon County",4,27,369,195,174
050,37,113,"North Carolina","Macon County",4,28,355,185,170
050,37,113,"North Carolina","Macon County",4,29,379,180,199
050,37,113,"North Carolina","Macon County",4,30,400,209,191
050,37,113,"North Carolina","Macon County",4,31,383,171,212
050,37,113,"North Carolina","Macon County",4,32,366,173,193
050,37,113,"North Carolina","Macon County",4,33,371,189,182
050,37,113,"North Carolina","Macon County",4,34,374,189,185
050,37,113,"North Carolina","Macon County",4,35,408,211,197
050,37,113,"North Carolina","Macon County",4,36,425,204,221
050,37,113,"North Carolina","Macon County",4,37,411,200,211
050,37,113,"North Carolina","Macon County",4,38,370,176,194
050,37,113,"North Carolina","Macon County",4,39,388,184,204
050,37,113,"North Carolina","Macon County",4,40,413,201,212
050,37,113,"North Carolina","Macon County",4,41,421,193,228
050,37,113,"North Carolina","Macon County",4,42,393,189,204
050,37,113,"North Carolina","Macon County",4,43,383,193,190
050,37,113,"North Carolina","Macon County",4,44,376,192,184
050,37,113,"North Carolina","Macon County",4,45,379,198,181
050,37,113,"North Carolina","Macon County",4,46,359,195,164
050,37,113,"North Carolina","Macon County",4,47,374,190,184
050,37,113,"North Carolina","Macon County",4,48,391,191,200
050,37,113,"North Carolina","Macon County",4,49,400,216,184
050,37,113,"North Carolina","Macon County",4,50,406,194,212
050,37,113,"North Carolina","Macon County",4,51,439,217,222
050,37,113,"North Carolina","Macon County",4,52,474,252,222
050,37,113,"North Carolina","Macon County",4,53,435,230,205
050,37,113,"North Carolina","Macon County",4,54,470,248,222
050,37,113,"North Carolina","Macon County",4,55,461,219,242
050,37,113,"North Carolina","Macon County",4,56,504,242,262
050,37,113,"North Carolina","Macon County",4,57,525,242,283
050,37,113,"North Carolina","Macon County",4,58,567,280,287
050,37,113,"North Carolina","Macon County",4,59,575,261,314
050,37,113,"North Carolina","Macon County",4,60,602,296,306
050,37,113,"North Carolina","Macon County",4,61,588,257,331
050,37,113,"North Carolina","Macon County",4,62,622,287,335
050,37,113,"North Carolina","Macon County",4,63,683,315,368
050,37,113,"North Carolina","Macon County",4,64,649,321,328
050,37,113,"North Carolina","Macon County",4,65,601,305,296
050,37,113,"North Carolina","Macon County",4,66,645,318,327
050,37,113,"North Carolina","Macon County",4,67,650,309,341
050,37,113,"North Carolina","Macon County",4,68,653,301,352
050,37,113,"North Carolina","Macon County",4,69,656,295,361
050,37,113,"North Carolina","Macon County",4,70,679,311,368
050,37,113,"North Carolina","Macon County",4,71,631,311,320
050,37,113,"North Carolina","Macon County",4,72,594,276,318
050,37,113,"North Carolina","Macon County",4,73,597,275,322
050,37,113,"North Carolina","Macon County",4,74,580,273,307
050,37,113,"North Carolina","Macon County",4,75,622,295,327
050,37,113,"North Carolina","Macon County",4,76,442,210,232
050,37,113,"North Carolina","Macon County",4,77,425,193,232
050,37,113,"North Carolina","Macon County",4,78,425,221,204
050,37,113,"North Carolina","Macon County",4,79,424,203,221
050,37,113,"North Carolina","Macon County",4,80,347,158,189
050,37,113,"North Carolina","Macon County",4,81,297,128,169
050,37,113,"North Carolina","Macon County",4,82,274,131,143
050,37,113,"North Carolina","Macon County",4,83,232,100,132
050,37,113,"North Carolina","Macon County",4,84,211,85,126
050,37,113,"North Carolina","Macon County",4,85,927,393,534
050,37,113,"North Carolina","Macon County",5,0,323,166,157
050,37,113,"North Carolina","Macon County",5,1,360,182,178
050,37,113,"North Carolina","Macon County",5,2,320,158,162
050,37,113,"North Carolina","Macon County",5,3,352,186,166
050,37,113,"North Carolina","Macon County",5,4,397,185,212
050,37,113,"North Carolina","Macon County",5,5,339,176,163
050,37,113,"North Carolina","Macon County",5,6,374,200,174
050,37,113,"North Carolina","Macon County",5,7,389,183,206
050,37,113,"North Carolina","Macon County",5,8,405,220,185
050,37,113,"North Carolina","Macon County",5,9,409,236,173
050,37,113,"North Carolina","Macon County",5,10,420,214,206
050,37,113,"North Carolina","Macon County",5,11,392,220,172
050,37,113,"North Carolina","Macon County",5,12,375,196,179
050,37,113,"North Carolina","Macon County",5,13,411,202,209
050,37,113,"North Carolina","Macon County",5,14,401,206,195
050,37,113,"North Carolina","Macon County",5,15,458,231,227
050,37,113,"North Carolina","Macon County",5,16,442,220,222
050,37,113,"North Carolina","Macon County",5,17,451,230,221
050,37,113,"North Carolina","Macon County",5,18,396,200,196
050,37,113,"North Carolina","Macon County",5,19,334,178,156
050,37,113,"North Carolina","Macon County",5,20,325,161,164
050,37,113,"North Carolina","Macon County",5,21,316,162,154
050,37,113,"North Carolina","Macon County",5,22,346,180,166
050,37,113,"North Carolina","Macon County",5,23,390,191,199
050,37,113,"North Carolina","Macon County",5,24,364,178,186
050,37,113,"North Carolina","Macon County",5,25,368,184,184
050,37,113,"North Carolina","Macon County",5,26,327,172,155
050,37,113,"North Carolina","Macon County",5,27,361,176,185
050,37,113,"North Carolina","Macon County",5,28,377,198,179
050,37,113,"North Carolina","Macon County",5,29,366,197,169
050,37,113,"North Carolina","Macon County",5,30,386,180,206
050,37,113,"North Carolina","Macon County",5,31,414,205,209
050,37,113,"North Carolina","Macon County",5,32,394,179,215
050,37,113,"North Carolina","Macon County",5,33,371,187,184
050,37,113,"North Carolina","Macon County",5,34,382,195,187
050,37,113,"North Carolina","Macon County",5,35,394,195,199
050,37,113,"North Carolina","Macon County",5,36,422,225,197
050,37,113,"North Carolina","Macon County",5,37,435,216,219
050,37,113,"North Carolina","Macon County",5,38,422,208,214
050,37,113,"North Carolina","Macon County",5,39,374,185,189
050,37,113,"North Carolina","Macon County",5,40,386,184,202
050,37,113,"North Carolina","Macon County",5,41,416,206,210
050,37,113,"North Carolina","Macon County",5,42,428,196,232
050,37,113,"North Carolina","Macon County",5,43,404,194,210
050,37,113,"North Carolina","Macon County",5,44,382,189,193
050,37,113,"North Carolina","Macon County",5,45,385,197,188
050,37,113,"North Carolina","Macon County",5,46,374,188,186
050,37,113,"North Carolina","Macon County",5,47,365,195,170
050,37,113,"North Carolina","Macon County",5,48,379,196,183
050,37,113,"North Carolina","Macon County",5,49,403,193,210
050,37,113,"North Carolina","Macon County",5,50,409,222,187
050,37,113,"North Carolina","Macon County",5,51,436,209,227
050,37,113,"North Carolina","Macon County",5,52,449,228,221
050,37,113,"North Carolina","Macon County",5,53,484,257,227
050,37,113,"North Carolina","Macon County",5,54,446,228,218
050,37,113,"North Carolina","Macon County",5,55,482,249,233
050,37,113,"North Carolina","Macon County",5,56,489,236,253
050,37,113,"North Carolina","Macon County",5,57,518,250,268
050,37,113,"North Carolina","Macon County",5,58,551,254,297
050,37,113,"North Carolina","Macon County",5,59,577,287,290
050,37,113,"North Carolina","Macon County",5,60,592,271,321
050,37,113,"North Carolina","Macon County",5,61,625,306,319
050,37,113,"North Carolina","Macon County",5,62,615,260,355
050,37,113,"North Carolina","Macon County",5,63,637,295,342
050,37,113,"North Carolina","Macon County",5,64,698,321,377
050,37,113,"North Carolina","Macon County",5,65,666,329,337
050,37,113,"North Carolina","Macon County",5,66,606,301,305
050,37,113,"North Carolina","Macon County",5,67,637,306,331
050,37,113,"North Carolina","Macon County",5,68,654,313,341
050,37,113,"North Carolina","Macon County",5,69,653,301,352
050,37,113,"North Carolina","Macon County",5,70,653,291,362
050,37,113,"North Carolina","Macon County",5,71,678,313,365
050,37,113,"North Carolina","Macon County",5,72,634,314,320
050,37,113,"North Carolina","Macon County",5,73,593,266,327
050,37,113,"North Carolina","Macon County",5,74,586,269,317
050,37,113,"North Carolina","Macon County",5,75,564,265,299
050,37,113,"North Carolina","Macon County",5,76,618,293,325
050,37,113,"North Carolina","Macon County",5,77,432,206,226
050,37,113,"North Carolina","Macon County",5,78,408,187,221
050,37,113,"North Carolina","Macon County",5,79,410,213,197
050,37,113,"North Carolina","Macon County",5,80,393,189,204
050,37,113,"North Carolina","Macon County",5,81,326,143,183
050,37,113,"North Carolina","Macon County",5,82,278,118,160
050,37,113,"North Carolina","Macon County",5,83,257,119,138
050,37,113,"North Carolina","Macon County",5,84,211,92,119
050,37,113,"North Carolina","Macon County",5,85,943,405,538
050,37,115,"North Carolina","Madison County",1,0,194,99,95
050,37,115,"North Carolina","Madison County",1,1,174,91,83
050,37,115,"North Carolina","Madison County",1,2,177,87,90
050,37,115,"North Carolina","Madison County",1,3,206,97,109
050,37,115,"North Carolina","Madison County",1,4,222,104,118
050,37,115,"North Carolina","Madison County",1,5,207,99,108
050,37,115,"North Carolina","Madison County",1,6,208,97,111
050,37,115,"North Carolina","Madison County",1,7,223,116,107
050,37,115,"North Carolina","Madison County",1,8,196,115,81
050,37,115,"North Carolina","Madison County",1,9,190,103,87
050,37,115,"North Carolina","Madison County",1,10,197,104,93
050,37,115,"North Carolina","Madison County",1,11,195,105,90
050,37,115,"North Carolina","Madison County",1,12,226,123,103
050,37,115,"North Carolina","Madison County",1,13,215,112,103
050,37,115,"North Carolina","Madison County",1,14,225,114,111
050,37,115,"North Carolina","Madison County",1,15,231,118,113
050,37,115,"North Carolina","Madison County",1,16,250,133,117
050,37,115,"North Carolina","Madison County",1,17,250,132,118
050,37,115,"North Carolina","Madison County",1,18,291,163,128
050,37,115,"North Carolina","Madison County",1,19,368,197,171
050,37,115,"North Carolina","Madison County",1,20,303,155,148
050,37,115,"North Carolina","Madison County",1,21,277,161,116
050,37,115,"North Carolina","Madison County",1,22,276,150,126
050,37,115,"North Carolina","Madison County",1,23,226,115,111
050,37,115,"North Carolina","Madison County",1,24,215,113,102
050,37,115,"North Carolina","Madison County",1,25,209,109,100
050,37,115,"North Carolina","Madison County",1,26,229,124,105
050,37,115,"North Carolina","Madison County",1,27,234,116,118
050,37,115,"North Carolina","Madison County",1,28,225,112,113
050,37,115,"North Carolina","Madison County",1,29,228,121,107
050,37,115,"North Carolina","Madison County",1,30,241,114,127
050,37,115,"North Carolina","Madison County",1,31,243,117,126
050,37,115,"North Carolina","Madison County",1,32,232,114,118
050,37,115,"North Carolina","Madison County",1,33,263,122,141
050,37,115,"North Carolina","Madison County",1,34,219,118,101
050,37,115,"North Carolina","Madison County",1,35,231,119,112
050,37,115,"North Carolina","Madison County",1,36,246,113,133
050,37,115,"North Carolina","Madison County",1,37,246,119,127
050,37,115,"North Carolina","Madison County",1,38,251,119,132
050,37,115,"North Carolina","Madison County",1,39,239,119,120
050,37,115,"North Carolina","Madison County",1,40,263,116,147
050,37,115,"North Carolina","Madison County",1,41,270,129,141
050,37,115,"North Carolina","Madison County",1,42,252,127,125
050,37,115,"North Carolina","Madison County",1,43,261,146,115
050,37,115,"North Carolina","Madison County",1,44,243,138,105
050,37,115,"North Carolina","Madison County",1,45,265,131,134
050,37,115,"North Carolina","Madison County",1,46,254,128,126
050,37,115,"North Carolina","Madison County",1,47,261,134,127
050,37,115,"North Carolina","Madison County",1,48,286,141,145
050,37,115,"North Carolina","Madison County",1,49,288,145,143
050,37,115,"North Carolina","Madison County",1,50,265,140,125
050,37,115,"North Carolina","Madison County",1,51,251,141,110
050,37,115,"North Carolina","Madison County",1,52,274,139,135
050,37,115,"North Carolina","Madison County",1,53,295,146,149
050,37,115,"North Carolina","Madison County",1,54,281,133,148
050,37,115,"North Carolina","Madison County",1,55,293,151,142
050,37,115,"North Carolina","Madison County",1,56,305,157,148
050,37,115,"North Carolina","Madison County",1,57,290,147,143
050,37,115,"North Carolina","Madison County",1,58,316,153,163
050,37,115,"North Carolina","Madison County",1,59,305,145,160
050,37,115,"North Carolina","Madison County",1,60,307,135,172
050,37,115,"North Carolina","Madison County",1,61,331,154,177
050,37,115,"North Carolina","Madison County",1,62,347,171,176
050,37,115,"North Carolina","Madison County",1,63,325,157,168
050,37,115,"North Carolina","Madison County",1,64,295,138,157
050,37,115,"North Carolina","Madison County",1,65,316,154,162
050,37,115,"North Carolina","Madison County",1,66,346,169,177
050,37,115,"North Carolina","Madison County",1,67,341,172,169
050,37,115,"North Carolina","Madison County",1,68,296,136,160
050,37,115,"North Carolina","Madison County",1,69,276,130,146
050,37,115,"North Carolina","Madison County",1,70,281,141,140
050,37,115,"North Carolina","Madison County",1,71,293,145,148
050,37,115,"North Carolina","Madison County",1,72,288,130,158
050,37,115,"North Carolina","Madison County",1,73,286,129,157
050,37,115,"North Carolina","Madison County",1,74,202,94,108
050,37,115,"North Carolina","Madison County",1,75,189,95,94
050,37,115,"North Carolina","Madison County",1,76,202,93,109
050,37,115,"North Carolina","Madison County",1,77,185,86,99
050,37,115,"North Carolina","Madison County",1,78,155,76,79
050,37,115,"North Carolina","Madison County",1,79,149,71,78
050,37,115,"North Carolina","Madison County",1,80,119,48,71
050,37,115,"North Carolina","Madison County",1,81,103,38,65
050,37,115,"North Carolina","Madison County",1,82,119,54,65
050,37,115,"North Carolina","Madison County",1,83,91,41,50
050,37,115,"North Carolina","Madison County",1,84,85,36,49
050,37,115,"North Carolina","Madison County",1,85,469,163,306
050,37,115,"North Carolina","Madison County",2,0,188,97,91
050,37,115,"North Carolina","Madison County",2,1,177,93,84
050,37,115,"North Carolina","Madison County",2,2,177,88,89
050,37,115,"North Carolina","Madison County",2,3,200,95,105
050,37,115,"North Carolina","Madison County",2,4,218,103,115
050,37,115,"North Carolina","Madison County",2,5,213,101,112
050,37,115,"North Carolina","Madison County",2,6,209,99,110
050,37,115,"North Carolina","Madison County",2,7,219,112,107
050,37,115,"North Carolina","Madison County",2,8,201,115,86
050,37,115,"North Carolina","Madison County",2,9,191,106,85
050,37,115,"North Carolina","Madison County",2,10,193,103,90
050,37,115,"North Carolina","Madison County",2,11,194,105,89
050,37,115,"North Carolina","Madison County",2,12,219,119,100
050,37,115,"North Carolina","Madison County",2,13,217,114,103
050,37,115,"North Carolina","Madison County",2,14,224,114,110
050,37,115,"North Carolina","Madison County",2,15,228,116,112
050,37,115,"North Carolina","Madison County",2,16,248,130,118
050,37,115,"North Carolina","Madison County",2,17,247,132,115
050,37,115,"North Carolina","Madison County",2,18,296,163,133
050,37,115,"North Carolina","Madison County",2,19,388,208,180
050,37,115,"North Carolina","Madison County",2,20,317,162,155
050,37,115,"North Carolina","Madison County",2,21,294,169,125
050,37,115,"North Carolina","Madison County",2,22,279,150,129
050,37,115,"North Carolina","Madison County",2,23,228,117,111
050,37,115,"North Carolina","Madison County",2,24,216,113,103
050,37,115,"North Carolina","Madison County",2,25,212,112,100
050,37,115,"North Carolina","Madison County",2,26,227,120,107
050,37,115,"North Carolina","Madison County",2,27,229,115,114
050,37,115,"North Carolina","Madison County",2,28,223,112,111
050,37,115,"North Carolina","Madison County",2,29,226,117,109
050,37,115,"North Carolina","Madison County",2,30,243,118,125
050,37,115,"North Carolina","Madison County",2,31,244,116,128
050,37,115,"North Carolina","Madison County",2,32,237,115,122
050,37,115,"North Carolina","Madison County",2,33,256,122,134
050,37,115,"North Carolina","Madison County",2,34,230,120,110
050,37,115,"North Carolina","Madison County",2,35,233,121,112
050,37,115,"North Carolina","Madison County",2,36,243,114,129
050,37,115,"North Carolina","Madison County",2,37,250,119,131
050,37,115,"North Carolina","Madison County",2,38,250,120,130
050,37,115,"North Carolina","Madison County",2,39,241,118,123
050,37,115,"North Carolina","Madison County",2,40,259,117,142
050,37,115,"North Carolina","Madison County",2,41,268,125,143
050,37,115,"North Carolina","Madison County",2,42,254,126,128
050,37,115,"North Carolina","Madison County",2,43,258,142,116
050,37,115,"North Carolina","Madison County",2,44,244,138,106
050,37,115,"North Carolina","Madison County",2,45,262,134,128
050,37,115,"North Carolina","Madison County",2,46,257,128,129
050,37,115,"North Carolina","Madison County",2,47,260,132,128
050,37,115,"North Carolina","Madison County",2,48,278,139,139
050,37,115,"North Carolina","Madison County",2,49,292,148,144
050,37,115,"North Carolina","Madison County",2,50,272,142,130
050,37,115,"North Carolina","Madison County",2,51,255,141,114
050,37,115,"North Carolina","Madison County",2,52,269,138,131
050,37,115,"North Carolina","Madison County",2,53,287,142,145
050,37,115,"North Carolina","Madison County",2,54,285,137,148
050,37,115,"North Carolina","Madison County",2,55,291,147,144
050,37,115,"North Carolina","Madison County",2,56,303,156,147
050,37,115,"North Carolina","Madison County",2,57,297,151,146
050,37,115,"North Carolina","Madison County",2,58,310,150,160
050,37,115,"North Carolina","Madison County",2,59,311,147,164
050,37,115,"North Carolina","Madison County",2,60,308,139,169
050,37,115,"North Carolina","Madison County",2,61,328,152,176
050,37,115,"North Carolina","Madison County",2,62,345,168,177
050,37,115,"North Carolina","Madison County",2,63,337,163,174
050,37,115,"North Carolina","Madison County",2,64,301,143,158
050,37,115,"North Carolina","Madison County",2,65,308,149,159
050,37,115,"North Carolina","Madison County",2,66,340,166,174
050,37,115,"North Carolina","Madison County",2,67,342,170,172
050,37,115,"North Carolina","Madison County",2,68,306,144,162
050,37,115,"North Carolina","Madison County",2,69,283,133,150
050,37,115,"North Carolina","Madison County",2,70,279,138,141
050,37,115,"North Carolina","Madison County",2,71,289,143,146
050,37,115,"North Carolina","Madison County",2,72,284,132,152
050,37,115,"North Carolina","Madison County",2,73,300,134,166
050,37,115,"North Carolina","Madison County",2,74,207,94,113
050,37,115,"North Carolina","Madison County",2,75,193,95,98
050,37,115,"North Carolina","Madison County",2,76,197,92,105
050,37,115,"North Carolina","Madison County",2,77,195,91,104
050,37,115,"North Carolina","Madison County",2,78,159,77,82
050,37,115,"North Carolina","Madison County",2,79,149,72,77
050,37,115,"North Carolina","Madison County",2,80,122,52,70
050,37,115,"North Carolina","Madison County",2,81,105,40,65
050,37,115,"North Carolina","Madison County",2,82,116,51,65
050,37,115,"North Carolina","Madison County",2,83,96,43,53
050,37,115,"North Carolina","Madison County",2,84,85,37,48
050,37,115,"North Carolina","Madison County",2,85,476,167,309
050,37,115,"North Carolina","Madison County",3,0,186,102,84
050,37,115,"North Carolina","Madison County",3,1,197,106,91
050,37,115,"North Carolina","Madison County",3,2,184,95,89
050,37,115,"North Carolina","Madison County",3,3,188,91,97
050,37,115,"North Carolina","Madison County",3,4,196,101,95
050,37,115,"North Carolina","Madison County",3,5,234,117,117
050,37,115,"North Carolina","Madison County",3,6,209,97,112
050,37,115,"North Carolina","Madison County",3,7,209,106,103
050,37,115,"North Carolina","Madison County",3,8,228,116,112
050,37,115,"North Carolina","Madison County",3,9,204,115,89
050,37,115,"North Carolina","Madison County",3,10,188,107,81
050,37,115,"North Carolina","Madison County",3,11,199,111,88
050,37,115,"North Carolina","Madison County",3,12,203,106,97
050,37,115,"North Carolina","Madison County",3,13,228,125,103
050,37,115,"North Carolina","Madison County",3,14,227,116,111
050,37,115,"North Carolina","Madison County",3,15,220,113,107
050,37,115,"North Carolina","Madison County",3,16,235,123,112
050,37,115,"North Carolina","Madison County",3,17,246,133,113
050,37,115,"North Carolina","Madison County",3,18,295,156,139
050,37,115,"North Carolina","Madison County",3,19,405,217,188
050,37,115,"North Carolina","Madison County",3,20,331,174,157
050,37,115,"North Carolina","Madison County",3,21,326,180,146
050,37,115,"North Carolina","Madison County",3,22,289,154,135
050,37,115,"North Carolina","Madison County",3,23,222,115,107
050,37,115,"North Carolina","Madison County",3,24,226,118,108
050,37,115,"North Carolina","Madison County",3,25,229,114,115
050,37,115,"North Carolina","Madison County",3,26,217,113,104
050,37,115,"North Carolina","Madison County",3,27,238,114,124
050,37,115,"North Carolina","Madison County",3,28,236,113,123
050,37,115,"North Carolina","Madison County",3,29,223,110,113
050,37,115,"North Carolina","Madison County",3,30,252,130,122
050,37,115,"North Carolina","Madison County",3,31,252,123,129
050,37,115,"North Carolina","Madison County",3,32,274,132,142
050,37,115,"North Carolina","Madison County",3,33,268,133,135
050,37,115,"North Carolina","Madison County",3,34,283,133,150
050,37,115,"North Carolina","Madison County",3,35,235,127,108
050,37,115,"North Carolina","Madison County",3,36,249,133,116
050,37,115,"North Carolina","Madison County",3,37,251,117,134
050,37,115,"North Carolina","Madison County",3,38,241,111,130
050,37,115,"North Carolina","Madison County",3,39,260,119,141
050,37,115,"North Carolina","Madison County",3,40,248,121,127
050,37,115,"North Carolina","Madison County",3,41,264,116,148
050,37,115,"North Carolina","Madison County",3,42,274,126,148
050,37,115,"North Carolina","Madison County",3,43,258,129,129
050,37,115,"North Carolina","Madison County",3,44,268,152,116
050,37,115,"North Carolina","Madison County",3,45,254,146,108
050,37,115,"North Carolina","Madison County",3,46,268,140,128
050,37,115,"North Carolina","Madison County",3,47,258,128,130
050,37,115,"North Carolina","Madison County",3,48,263,129,134
050,37,115,"North Carolina","Madison County",3,49,289,142,147
050,37,115,"North Carolina","Madison County",3,50,296,151,145
050,37,115,"North Carolina","Madison County",3,51,278,144,134
050,37,115,"North Carolina","Madison County",3,52,269,147,122
050,37,115,"North Carolina","Madison County",3,53,275,142,133
050,37,115,"North Carolina","Madison County",3,54,283,136,147
050,37,115,"North Carolina","Madison County",3,55,292,145,147
050,37,115,"North Carolina","Madison County",3,56,301,156,145
050,37,115,"North Carolina","Madison County",3,57,318,156,162
050,37,115,"North Carolina","Madison County",3,58,301,156,145
050,37,115,"North Carolina","Madison County",3,59,319,151,168
050,37,115,"North Carolina","Madison County",3,60,310,147,163
050,37,115,"North Carolina","Madison County",3,61,322,143,179
050,37,115,"North Carolina","Madison County",3,62,334,159,175
050,37,115,"North Carolina","Madison County",3,63,342,163,179
050,37,115,"North Carolina","Madison County",3,64,330,159,171
050,37,115,"North Carolina","Madison County",3,65,309,143,166
050,37,115,"North Carolina","Madison County",3,66,302,147,155
050,37,115,"North Carolina","Madison County",3,67,332,162,170
050,37,115,"North Carolina","Madison County",3,68,343,168,175
050,37,115,"North Carolina","Madison County",3,69,304,142,162
050,37,115,"North Carolina","Madison County",3,70,280,131,149
050,37,115,"North Carolina","Madison County",3,71,271,134,137
050,37,115,"North Carolina","Madison County",3,72,285,137,148
050,37,115,"North Carolina","Madison County",3,73,284,138,146
050,37,115,"North Carolina","Madison County",3,74,278,123,155
050,37,115,"North Carolina","Madison County",3,75,200,89,111
050,37,115,"North Carolina","Madison County",3,76,175,82,93
050,37,115,"North Carolina","Madison County",3,77,191,94,97
050,37,115,"North Carolina","Madison County",3,78,195,90,105
050,37,115,"North Carolina","Madison County",3,79,143,72,71
050,37,115,"North Carolina","Madison County",3,80,138,66,72
050,37,115,"North Carolina","Madison County",3,81,114,48,66
050,37,115,"North Carolina","Madison County",3,82,97,36,61
050,37,115,"North Carolina","Madison County",3,83,109,48,61
050,37,115,"North Carolina","Madison County",3,84,90,41,49
050,37,115,"North Carolina","Madison County",3,85,491,174,317
050,37,115,"North Carolina","Madison County",4,0,191,110,81
050,37,115,"North Carolina","Madison County",4,1,175,90,85
050,37,115,"North Carolina","Madison County",4,2,178,95,83
050,37,115,"North Carolina","Madison County",4,3,181,90,91
050,37,115,"North Carolina","Madison County",4,4,200,92,108
050,37,115,"North Carolina","Madison County",4,5,202,105,97
050,37,115,"North Carolina","Madison County",4,6,224,110,114
050,37,115,"North Carolina","Madison County",4,7,210,103,107
050,37,115,"North Carolina","Madison County",4,8,201,100,101
050,37,115,"North Carolina","Madison County",4,9,232,116,116
050,37,115,"North Carolina","Madison County",4,10,207,112,95
050,37,115,"North Carolina","Madison County",4,11,194,115,79
050,37,115,"North Carolina","Madison County",4,12,192,104,88
050,37,115,"North Carolina","Madison County",4,13,207,108,99
050,37,115,"North Carolina","Madison County",4,14,229,127,102
050,37,115,"North Carolina","Madison County",4,15,225,114,111
050,37,115,"North Carolina","Madison County",4,16,231,118,113
050,37,115,"North Carolina","Madison County",4,17,236,127,109
050,37,115,"North Carolina","Madison County",4,18,306,159,147
050,37,115,"North Carolina","Madison County",4,19,414,225,189
050,37,115,"North Carolina","Madison County",4,20,326,172,154
050,37,115,"North Carolina","Madison County",4,21,327,191,136
050,37,115,"North Carolina","Madison County",4,22,323,166,157
050,37,115,"North Carolina","Madison County",4,23,232,121,111
050,37,115,"North Carolina","Madison County",4,24,206,116,90
050,37,115,"North Carolina","Madison County",4,25,214,112,102
050,37,115,"North Carolina","Madison County",4,26,233,119,114
050,37,115,"North Carolina","Madison County",4,27,209,102,107
050,37,115,"North Carolina","Madison County",4,28,230,113,117
050,37,115,"North Carolina","Madison County",4,29,247,121,126
050,37,115,"North Carolina","Madison County",4,30,231,113,118
050,37,115,"North Carolina","Madison County",4,31,268,134,134
050,37,115,"North Carolina","Madison County",4,32,268,127,141
050,37,115,"North Carolina","Madison County",4,33,273,136,137
050,37,115,"North Carolina","Madison County",4,34,263,131,132
050,37,115,"North Carolina","Madison County",4,35,290,141,149
050,37,115,"North Carolina","Madison County",4,36,243,130,113
050,37,115,"North Carolina","Madison County",4,37,243,126,117
050,37,115,"North Carolina","Madison County",4,38,260,116,144
050,37,115,"North Carolina","Madison County",4,39,246,110,136
050,37,115,"North Carolina","Madison County",4,40,265,126,139
050,37,115,"North Carolina","Madison County",4,41,265,130,135
050,37,115,"North Carolina","Madison County",4,42,281,129,152
050,37,115,"North Carolina","Madison County",4,43,270,120,150
050,37,115,"North Carolina","Madison County",4,44,270,136,134
050,37,115,"North Carolina","Madison County",4,45,261,139,122
050,37,115,"North Carolina","Madison County",4,46,269,151,118
050,37,115,"North Carolina","Madison County",4,47,280,144,136
050,37,115,"North Carolina","Madison County",4,48,261,124,137
050,37,115,"North Carolina","Madison County",4,49,267,130,137
050,37,115,"North Carolina","Madison County",4,50,303,153,150
050,37,115,"North Carolina","Madison County",4,51,294,146,148
050,37,115,"North Carolina","Madison County",4,52,280,143,137
050,37,115,"North Carolina","Madison County",4,53,276,151,125
050,37,115,"North Carolina","Madison County",4,54,276,141,135
050,37,115,"North Carolina","Madison County",4,55,277,134,143
050,37,115,"North Carolina","Madison County",4,56,298,147,151
050,37,115,"North Carolina","Madison County",4,57,300,152,148
050,37,115,"North Carolina","Madison County",4,58,318,158,160
050,37,115,"North Carolina","Madison County",4,59,319,165,154
050,37,115,"North Carolina","Madison County",4,60,314,149,165
050,37,115,"North Carolina","Madison County",4,61,300,142,158
050,37,115,"North Carolina","Madison County",4,62,334,150,184
050,37,115,"North Carolina","Madison County",4,63,335,157,178
050,37,115,"North Carolina","Madison County",4,64,341,163,178
050,37,115,"North Carolina","Madison County",4,65,335,164,171
050,37,115,"North Carolina","Madison County",4,66,309,147,162
050,37,115,"North Carolina","Madison County",4,67,303,148,155
050,37,115,"North Carolina","Madison County",4,68,329,163,166
050,37,115,"North Carolina","Madison County",4,69,338,163,175
050,37,115,"North Carolina","Madison County",4,70,294,135,159
050,37,115,"North Carolina","Madison County",4,71,276,131,145
050,37,115,"North Carolina","Madison County",4,72,276,140,136
050,37,115,"North Carolina","Madison County",4,73,275,134,141
050,37,115,"North Carolina","Madison County",4,74,271,127,144
050,37,115,"North Carolina","Madison County",4,75,270,117,153
050,37,115,"North Carolina","Madison County",4,76,194,81,113
050,37,115,"North Carolina","Madison County",4,77,170,81,89
050,37,115,"North Carolina","Madison County",4,78,190,91,99
050,37,115,"North Carolina","Madison County",4,79,182,88,94
050,37,115,"North Carolina","Madison County",4,80,128,62,66
050,37,115,"North Carolina","Madison County",4,81,131,64,67
050,37,115,"North Carolina","Madison County",4,82,111,45,66
050,37,115,"North Carolina","Madison County",4,83,87,31,56
050,37,115,"North Carolina","Madison County",4,84,99,42,57
050,37,115,"North Carolina","Madison County",4,85,492,181,311
050,37,115,"North Carolina","Madison County",5,0,186,107,79
050,37,115,"North Carolina","Madison County",5,1,176,102,74
050,37,115,"North Carolina","Madison County",5,2,173,88,85
050,37,115,"North Carolina","Madison County",5,3,188,98,90
050,37,115,"North Carolina","Madison County",5,4,180,84,96
050,37,115,"North Carolina","Madison County",5,5,206,100,106
050,37,115,"North Carolina","Madison County",5,6,206,116,90
050,37,115,"North Carolina","Madison County",5,7,228,113,115
050,37,115,"North Carolina","Madison County",5,8,213,109,104
050,37,115,"North Carolina","Madison County",5,9,215,110,105
050,37,115,"North Carolina","Madison County",5,10,235,114,121
050,37,115,"North Carolina","Madison County",5,11,207,117,90
050,37,115,"North Carolina","Madison County",5,12,202,114,88
050,37,115,"North Carolina","Madison County",5,13,190,104,86
050,37,115,"North Carolina","Madison County",5,14,219,108,111
050,37,115,"North Carolina","Madison County",5,15,229,128,101
050,37,115,"North Carolina","Madison County",5,16,233,120,113
050,37,115,"North Carolina","Madison County",5,17,236,124,112
050,37,115,"North Carolina","Madison County",5,18,297,157,140
050,37,115,"North Carolina","Madison County",5,19,421,221,200
050,37,115,"North Carolina","Madison County",5,20,326,172,154
050,37,115,"North Carolina","Madison County",5,21,325,194,131
050,37,115,"North Carolina","Madison County",5,22,312,171,141
050,37,115,"North Carolina","Madison County",5,23,274,132,142
050,37,115,"North Carolina","Madison County",5,24,222,119,103
050,37,115,"North Carolina","Madison County",5,25,209,105,104
050,37,115,"North Carolina","Madison County",5,26,214,108,106
050,37,115,"North Carolina","Madison County",5,27,239,124,115
050,37,115,"North Carolina","Madison County",5,28,216,105,111
050,37,115,"North Carolina","Madison County",5,29,226,110,116
050,37,115,"North Carolina","Madison County",5,30,253,122,131
050,37,115,"North Carolina","Madison County",5,31,244,116,128
050,37,115,"North Carolina","Madison County",5,32,261,121,140
050,37,115,"North Carolina","Madison County",5,33,271,128,143
050,37,115,"North Carolina","Madison County",5,34,276,133,143
050,37,115,"North Carolina","Madison County",5,35,278,142,136
050,37,115,"North Carolina","Madison County",5,36,293,145,148
050,37,115,"North Carolina","Madison County",5,37,245,134,111
050,37,115,"North Carolina","Madison County",5,38,255,135,120
050,37,115,"North Carolina","Madison County",5,39,261,112,149
050,37,115,"North Carolina","Madison County",5,40,266,114,152
050,37,115,"North Carolina","Madison County",5,41,257,119,138
050,37,115,"North Carolina","Madison County",5,42,282,139,143
050,37,115,"North Carolina","Madison County",5,43,281,132,149
050,37,115,"North Carolina","Madison County",5,44,267,121,146
050,37,115,"North Carolina","Madison County",5,45,272,137,135
050,37,115,"North Carolina","Madison County",5,46,273,145,128
050,37,115,"North Carolina","Madison County",5,47,268,150,118
050,37,115,"North Carolina","Madison County",5,48,289,150,139
050,37,115,"North Carolina","Madison County",5,49,247,116,131
050,37,115,"North Carolina","Madison County",5,50,262,131,131
050,37,115,"North Carolina","Madison County",5,51,294,146,148
050,37,115,"North Carolina","Madison County",5,52,301,149,152
050,37,115,"North Carolina","Madison County",5,53,282,146,136
050,37,115,"North Carolina","Madison County",5,54,289,154,135
050,37,115,"North Carolina","Madison County",5,55,292,147,145
050,37,115,"North Carolina","Madison County",5,56,289,144,145
050,37,115,"North Carolina","Madison County",5,57,304,145,159
050,37,115,"North Carolina","Madison County",5,58,295,143,152
050,37,115,"North Carolina","Madison County",5,59,320,167,153
050,37,115,"North Carolina","Madison County",5,60,317,164,153
050,37,115,"North Carolina","Madison County",5,61,308,146,162
050,37,115,"North Carolina","Madison County",5,62,320,150,170
050,37,115,"North Carolina","Madison County",5,63,324,143,181
050,37,115,"North Carolina","Madison County",5,64,346,172,174
050,37,115,"North Carolina","Madison County",5,65,343,162,181
050,37,115,"North Carolina","Madison County",5,66,328,162,166
050,37,115,"North Carolina","Madison County",5,67,308,143,165
050,37,115,"North Carolina","Madison County",5,68,306,146,160
050,37,115,"North Carolina","Madison County",5,69,320,156,164
050,37,115,"North Carolina","Madison County",5,70,332,156,176
050,37,115,"North Carolina","Madison County",5,71,289,134,155
050,37,115,"North Carolina","Madison County",5,72,270,126,144
050,37,115,"North Carolina","Madison County",5,73,264,134,130
050,37,115,"North Carolina","Madison County",5,74,261,124,137
050,37,115,"North Carolina","Madison County",5,75,259,123,136
050,37,115,"North Carolina","Madison County",5,76,261,107,154
050,37,115,"North Carolina","Madison County",5,77,182,75,107
050,37,115,"North Carolina","Madison County",5,78,167,80,87
050,37,115,"North Carolina","Madison County",5,79,179,89,90
050,37,115,"North Carolina","Madison County",5,80,167,79,88
050,37,115,"North Carolina","Madison County",5,81,125,63,62
050,37,115,"North Carolina","Madison County",5,82,126,61,65
050,37,115,"North Carolina","Madison County",5,83,102,41,61
050,37,115,"North Carolina","Madison County",5,84,77,26,51
050,37,115,"North Carolina","Madison County",5,85,520,191,329
050,37,117,"North Carolina","Martin County",1,0,219,110,109
050,37,117,"North Carolina","Martin County",1,1,231,127,104
050,37,117,"North Carolina","Martin County",1,2,252,131,121
050,37,117,"North Carolina","Martin County",1,3,236,122,114
050,37,117,"North Carolina","Martin County",1,4,231,111,120
050,37,117,"North Carolina","Martin County",1,5,262,130,132
050,37,117,"North Carolina","Martin County",1,6,237,114,123
050,37,117,"North Carolina","Martin County",1,7,232,125,107
050,37,117,"North Carolina","Martin County",1,8,260,140,120
050,37,117,"North Carolina","Martin County",1,9,232,113,119
050,37,117,"North Carolina","Martin County",1,10,250,126,124
050,37,117,"North Carolina","Martin County",1,11,284,137,147
050,37,117,"North Carolina","Martin County",1,12,264,134,130
050,37,117,"North Carolina","Martin County",1,13,265,135,130
050,37,117,"North Carolina","Martin County",1,14,262,130,132
050,37,117,"North Carolina","Martin County",1,15,251,111,140
050,37,117,"North Carolina","Martin County",1,16,261,130,131
050,37,117,"North Carolina","Martin County",1,17,250,123,127
050,37,117,"North Carolina","Martin County",1,18,233,114,119
050,37,117,"North Carolina","Martin County",1,19,198,94,104
050,37,117,"North Carolina","Martin County",1,20,212,103,109
050,37,117,"North Carolina","Martin County",1,21,232,110,122
050,37,117,"North Carolina","Martin County",1,22,212,97,115
050,37,117,"North Carolina","Martin County",1,23,224,111,113
050,37,117,"North Carolina","Martin County",1,24,207,106,101
050,37,117,"North Carolina","Martin County",1,25,226,109,117
050,37,117,"North Carolina","Martin County",1,26,245,123,122
050,37,117,"North Carolina","Martin County",1,27,248,133,115
050,37,117,"North Carolina","Martin County",1,28,240,120,120
050,37,117,"North Carolina","Martin County",1,29,230,109,121
050,37,117,"North Carolina","Martin County",1,30,250,105,145
050,37,117,"North Carolina","Martin County",1,31,222,106,116
050,37,117,"North Carolina","Martin County",1,32,225,109,116
050,37,117,"North Carolina","Martin County",1,33,244,112,132
050,37,117,"North Carolina","Martin County",1,34,236,104,132
050,37,117,"North Carolina","Martin County",1,35,209,95,114
050,37,117,"North Carolina","Martin County",1,36,189,91,98
050,37,117,"North Carolina","Martin County",1,37,205,102,103
050,37,117,"North Carolina","Martin County",1,38,229,108,121
050,37,117,"North Carolina","Martin County",1,39,220,100,120
050,37,117,"North Carolina","Martin County",1,40,200,96,104
050,37,117,"North Carolina","Martin County",1,41,198,98,100
050,37,117,"North Carolina","Martin County",1,42,224,111,113
050,37,117,"North Carolina","Martin County",1,43,223,94,129
050,37,117,"North Carolina","Martin County",1,44,206,87,119
050,37,117,"North Carolina","Martin County",1,45,225,101,124
050,37,117,"North Carolina","Martin County",1,46,237,118,119
050,37,117,"North Carolina","Martin County",1,47,251,121,130
050,37,117,"North Carolina","Martin County",1,48,277,134,143
050,37,117,"North Carolina","Martin County",1,49,304,144,160
050,37,117,"North Carolina","Martin County",1,50,284,126,158
050,37,117,"North Carolina","Martin County",1,51,289,144,145
050,37,117,"North Carolina","Martin County",1,52,273,141,132
050,37,117,"North Carolina","Martin County",1,53,298,137,161
050,37,117,"North Carolina","Martin County",1,54,307,138,169
050,37,117,"North Carolina","Martin County",1,55,312,153,159
050,37,117,"North Carolina","Martin County",1,56,345,169,176
050,37,117,"North Carolina","Martin County",1,57,326,150,176
050,37,117,"North Carolina","Martin County",1,58,308,153,155
050,37,117,"North Carolina","Martin County",1,59,328,163,165
050,37,117,"North Carolina","Martin County",1,60,345,176,169
050,37,117,"North Carolina","Martin County",1,61,349,173,176
050,37,117,"North Carolina","Martin County",1,62,389,197,192
050,37,117,"North Carolina","Martin County",1,63,391,186,205
050,37,117,"North Carolina","Martin County",1,64,398,183,215
050,37,117,"North Carolina","Martin County",1,65,377,172,205
050,37,117,"North Carolina","Martin County",1,66,386,174,212
050,37,117,"North Carolina","Martin County",1,67,360,163,197
050,37,117,"North Carolina","Martin County",1,68,324,151,173
050,37,117,"North Carolina","Martin County",1,69,301,147,154
050,37,117,"North Carolina","Martin County",1,70,309,144,165
050,37,117,"North Carolina","Martin County",1,71,301,133,168
050,37,117,"North Carolina","Martin County",1,72,311,140,171
050,37,117,"North Carolina","Martin County",1,73,308,134,174
050,37,117,"North Carolina","Martin County",1,74,236,105,131
050,37,117,"North Carolina","Martin County",1,75,222,103,119
050,37,117,"North Carolina","Martin County",1,76,212,94,118
050,37,117,"North Carolina","Martin County",1,77,211,86,125
050,37,117,"North Carolina","Martin County",1,78,168,77,91
050,37,117,"North Carolina","Martin County",1,79,149,66,83
050,37,117,"North Carolina","Martin County",1,80,134,56,78
050,37,117,"North Carolina","Martin County",1,81,125,45,80
050,37,117,"North Carolina","Martin County",1,82,119,51,68
050,37,117,"North Carolina","Martin County",1,83,112,41,71
050,37,117,"North Carolina","Martin County",1,84,121,47,74
050,37,117,"North Carolina","Martin County",1,85,544,184,360
050,37,117,"North Carolina","Martin County",2,0,227,110,117
050,37,117,"North Carolina","Martin County",2,1,229,123,106
050,37,117,"North Carolina","Martin County",2,2,247,130,117
050,37,117,"North Carolina","Martin County",2,3,239,123,116
050,37,117,"North Carolina","Martin County",2,4,237,116,121
050,37,117,"North Carolina","Martin County",2,5,254,124,130
050,37,117,"North Carolina","Martin County",2,6,243,118,125
050,37,117,"North Carolina","Martin County",2,7,234,124,110
050,37,117,"North Carolina","Martin County",2,8,248,135,113
050,37,117,"North Carolina","Martin County",2,9,237,119,118
050,37,117,"North Carolina","Martin County",2,10,244,122,122
050,37,117,"North Carolina","Martin County",2,11,274,134,140
050,37,117,"North Carolina","Martin County",2,12,269,135,134
050,37,117,"North Carolina","Martin County",2,13,262,132,130
050,37,117,"North Carolina","Martin County",2,14,259,128,131
050,37,117,"North Carolina","Martin County",2,15,255,116,139
050,37,117,"North Carolina","Martin County",2,16,259,125,134
050,37,117,"North Carolina","Martin County",2,17,252,124,128
050,37,117,"North Carolina","Martin County",2,18,226,111,115
050,37,117,"North Carolina","Martin County",2,19,196,93,103
050,37,117,"North Carolina","Martin County",2,20,214,103,111
050,37,117,"North Carolina","Martin County",2,21,228,108,120
050,37,117,"North Carolina","Martin County",2,22,218,100,118
050,37,117,"North Carolina","Martin County",2,23,221,108,113
050,37,117,"North Carolina","Martin County",2,24,209,106,103
050,37,117,"North Carolina","Martin County",2,25,220,107,113
050,37,117,"North Carolina","Martin County",2,26,240,119,121
050,37,117,"North Carolina","Martin County",2,27,245,130,115
050,37,117,"North Carolina","Martin County",2,28,237,121,116
050,37,117,"North Carolina","Martin County",2,29,234,111,123
050,37,117,"North Carolina","Martin County",2,30,249,106,143
050,37,117,"North Carolina","Martin County",2,31,229,105,124
050,37,117,"North Carolina","Martin County",2,32,221,105,116
050,37,117,"North Carolina","Martin County",2,33,238,109,129
050,37,117,"North Carolina","Martin County",2,34,238,106,132
050,37,117,"North Carolina","Martin County",2,35,218,98,120
050,37,117,"North Carolina","Martin County",2,36,193,91,102
050,37,117,"North Carolina","Martin County",2,37,203,101,102
050,37,117,"North Carolina","Martin County",2,38,224,107,117
050,37,117,"North Carolina","Martin County",2,39,219,101,118
050,37,117,"North Carolina","Martin County",2,40,205,99,106
050,37,117,"North Carolina","Martin County",2,41,198,98,100
050,37,117,"North Carolina","Martin County",2,42,215,105,110
050,37,117,"North Carolina","Martin County",2,43,224,98,126
050,37,117,"North Carolina","Martin County",2,44,207,88,119
050,37,117,"North Carolina","Martin County",2,45,223,98,125
050,37,117,"North Carolina","Martin County",2,46,232,114,118
050,37,117,"North Carolina","Martin County",2,47,245,119,126
050,37,117,"North Carolina","Martin County",2,48,271,132,139
050,37,117,"North Carolina","Martin County",2,49,297,141,156
050,37,117,"North Carolina","Martin County",2,50,289,130,159
050,37,117,"North Carolina","Martin County",2,51,283,137,146
050,37,117,"North Carolina","Martin County",2,52,275,140,135
050,37,117,"North Carolina","Martin County",2,53,290,138,152
050,37,117,"North Carolina","Martin County",2,54,303,138,165
050,37,117,"North Carolina","Martin County",2,55,307,146,161
050,37,117,"North Carolina","Martin County",2,56,334,162,172
050,37,117,"North Carolina","Martin County",2,57,329,154,175
050,37,117,"North Carolina","Martin County",2,58,313,153,160
050,37,117,"North Carolina","Martin County",2,59,323,161,162
050,37,117,"North Carolina","Martin County",2,60,338,171,167
050,37,117,"North Carolina","Martin County",2,61,350,175,175
050,37,117,"North Carolina","Martin County",2,62,375,190,185
050,37,117,"North Carolina","Martin County",2,63,394,189,205
050,37,117,"North Carolina","Martin County",2,64,392,180,212
050,37,117,"North Carolina","Martin County",2,65,381,175,206
050,37,117,"North Carolina","Martin County",2,66,384,173,211
050,37,117,"North Carolina","Martin County",2,67,366,166,200
050,37,117,"North Carolina","Martin County",2,68,328,152,176
050,37,117,"North Carolina","Martin County",2,69,307,147,160
050,37,117,"North Carolina","Martin County",2,70,306,144,162
050,37,117,"North Carolina","Martin County",2,71,304,136,168
050,37,117,"North Carolina","Martin County",2,72,303,137,166
050,37,117,"North Carolina","Martin County",2,73,322,141,181
050,37,117,"North Carolina","Martin County",2,74,237,105,132
050,37,117,"North Carolina","Martin County",2,75,226,106,120
050,37,117,"North Carolina","Martin County",2,76,211,94,117
050,37,117,"North Carolina","Martin County",2,77,211,88,123
050,37,117,"North Carolina","Martin County",2,78,172,76,96
050,37,117,"North Carolina","Martin County",2,79,152,68,84
050,37,117,"North Carolina","Martin County",2,80,138,58,80
050,37,117,"North Carolina","Martin County",2,81,122,46,76
050,37,117,"North Carolina","Martin County",2,82,113,47,66
050,37,117,"North Carolina","Martin County",2,83,109,41,68
050,37,117,"North Carolina","Martin County",2,84,114,43,71
050,37,117,"North Carolina","Martin County",2,85,545,190,355
050,37,117,"North Carolina","Martin County",3,0,223,111,112
050,37,117,"North Carolina","Martin County",3,1,232,111,121
050,37,117,"North Carolina","Martin County",3,2,228,116,112
050,37,117,"North Carolina","Martin County",3,3,238,132,106
050,37,117,"North Carolina","Martin County",3,4,237,119,118
050,37,117,"North Carolina","Martin County",3,5,233,118,115
050,37,117,"North Carolina","Martin County",3,6,261,130,131
050,37,117,"North Carolina","Martin County",3,7,242,117,125
050,37,117,"North Carolina","Martin County",3,8,229,116,113
050,37,117,"North Carolina","Martin County",3,9,253,130,123
050,37,117,"North Carolina","Martin County",3,10,240,118,122
050,37,117,"North Carolina","Martin County",3,11,237,115,122
050,37,117,"North Carolina","Martin County",3,12,279,138,141
050,37,117,"North Carolina","Martin County",3,13,268,135,133
050,37,117,"North Carolina","Martin County",3,14,255,134,121
050,37,117,"North Carolina","Martin County",3,15,253,123,130
050,37,117,"North Carolina","Martin County",3,16,256,119,137
050,37,117,"North Carolina","Martin County",3,17,262,126,136
050,37,117,"North Carolina","Martin County",3,18,221,113,108
050,37,117,"North Carolina","Martin County",3,19,194,95,99
050,37,117,"North Carolina","Martin County",3,20,221,109,112
050,37,117,"North Carolina","Martin County",3,21,220,108,112
050,37,117,"North Carolina","Martin County",3,22,240,119,121
050,37,117,"North Carolina","Martin County",3,23,233,105,128
050,37,117,"North Carolina","Martin County",3,24,227,120,107
050,37,117,"North Carolina","Martin County",3,25,203,104,99
050,37,117,"North Carolina","Martin County",3,26,221,105,116
050,37,117,"North Carolina","Martin County",3,27,240,123,117
050,37,117,"North Carolina","Martin County",3,28,251,127,124
050,37,117,"North Carolina","Martin County",3,29,232,123,109
050,37,117,"North Carolina","Martin County",3,30,231,108,123
050,37,117,"North Carolina","Martin County",3,31,239,99,140
050,37,117,"North Carolina","Martin County",3,32,224,100,124
050,37,117,"North Carolina","Martin County",3,33,217,107,110
050,37,117,"North Carolina","Martin County",3,34,227,107,120
050,37,117,"North Carolina","Martin County",3,35,238,108,130
050,37,117,"North Carolina","Martin County",3,36,208,95,113
050,37,117,"North Carolina","Martin County",3,37,191,91,100
050,37,117,"North Carolina","Martin County",3,38,201,100,101
050,37,117,"North Carolina","Martin County",3,39,218,107,111
050,37,117,"North Carolina","Martin County",3,40,222,110,112
050,37,117,"North Carolina","Martin County",3,41,207,98,109
050,37,117,"North Carolina","Martin County",3,42,204,102,102
050,37,117,"North Carolina","Martin County",3,43,220,101,119
050,37,117,"North Carolina","Martin County",3,44,219,98,121
050,37,117,"North Carolina","Martin County",3,45,198,85,113
050,37,117,"North Carolina","Martin County",3,46,220,99,121
050,37,117,"North Carolina","Martin County",3,47,227,108,119
050,37,117,"North Carolina","Martin County",3,48,244,117,127
050,37,117,"North Carolina","Martin County",3,49,272,130,142
050,37,117,"North Carolina","Martin County",3,50,293,136,157
050,37,117,"North Carolina","Martin County",3,51,294,128,166
050,37,117,"North Carolina","Martin County",3,52,268,127,141
050,37,117,"North Carolina","Martin County",3,53,280,141,139
050,37,117,"North Carolina","Martin County",3,54,285,136,149
050,37,117,"North Carolina","Martin County",3,55,296,132,164
050,37,117,"North Carolina","Martin County",3,56,307,151,156
050,37,117,"North Carolina","Martin County",3,57,326,156,170
050,37,117,"North Carolina","Martin County",3,58,328,149,179
050,37,117,"North Carolina","Martin County",3,59,312,150,162
050,37,117,"North Carolina","Martin County",3,60,327,161,166
050,37,117,"North Carolina","Martin County",3,61,338,172,166
050,37,117,"North Carolina","Martin County",3,62,347,173,174
050,37,117,"North Carolina","Martin County",3,63,362,183,179
050,37,117,"North Carolina","Martin County",3,64,376,179,197
050,37,117,"North Carolina","Martin County",3,65,380,179,201
050,37,117,"North Carolina","Martin County",3,66,383,176,207
050,37,117,"North Carolina","Martin County",3,67,374,169,205
050,37,117,"North Carolina","Martin County",3,68,359,164,195
050,37,117,"North Carolina","Martin County",3,69,312,140,172
050,37,117,"North Carolina","Martin County",3,70,302,142,160
050,37,117,"North Carolina","Martin County",3,71,303,139,164
050,37,117,"North Carolina","Martin County",3,72,293,134,159
050,37,117,"North Carolina","Martin County",3,73,294,131,163
050,37,117,"North Carolina","Martin County",3,74,309,134,175
050,37,117,"North Carolina","Martin County",3,75,231,107,124
050,37,117,"North Carolina","Martin County",3,76,219,101,118
050,37,117,"North Carolina","Martin County",3,77,194,87,107
050,37,117,"North Carolina","Martin County",3,78,200,86,114
050,37,117,"North Carolina","Martin County",3,79,163,70,93
050,37,117,"North Carolina","Martin County",3,80,140,56,84
050,37,117,"North Carolina","Martin County",3,81,133,58,75
050,37,117,"North Carolina","Martin County",3,82,108,41,67
050,37,117,"North Carolina","Martin County",3,83,99,38,61
050,37,117,"North Carolina","Martin County",3,84,101,37,64
050,37,117,"North Carolina","Martin County",3,85,549,189,360
050,37,117,"North Carolina","Martin County",4,0,215,104,111
050,37,117,"North Carolina","Martin County",4,1,212,111,101
050,37,117,"North Carolina","Martin County",4,2,224,115,109
050,37,117,"North Carolina","Martin County",4,3,229,117,112
050,37,117,"North Carolina","Martin County",4,4,235,124,111
050,37,117,"North Carolina","Martin County",4,5,222,114,108
050,37,117,"North Carolina","Martin County",4,6,236,123,113
050,37,117,"North Carolina","Martin County",4,7,263,132,131
050,37,117,"North Carolina","Martin County",4,8,243,118,125
050,37,117,"North Carolina","Martin County",4,9,216,115,101
050,37,117,"North Carolina","Martin County",4,10,247,126,121
050,37,117,"North Carolina","Martin County",4,11,239,114,125
050,37,117,"North Carolina","Martin County",4,12,245,120,125
050,37,117,"North Carolina","Martin County",4,13,284,137,147
050,37,117,"North Carolina","Martin County",4,14,268,141,127
050,37,117,"North Carolina","Martin County",4,15,254,127,127
050,37,117,"North Carolina","Martin County",4,16,265,129,136
050,37,117,"North Carolina","Martin County",4,17,244,113,131
050,37,117,"North Carolina","Martin County",4,18,223,109,114
050,37,117,"North Carolina","Martin County",4,19,182,90,92
050,37,117,"North Carolina","Martin County",4,20,190,92,98
050,37,117,"North Carolina","Martin County",4,21,219,107,112
050,37,117,"North Carolina","Martin County",4,22,221,109,112
050,37,117,"North Carolina","Martin County",4,23,239,113,126
050,37,117,"North Carolina","Martin County",4,24,229,101,128
050,37,117,"North Carolina","Martin County",4,25,208,112,96
050,37,117,"North Carolina","Martin County",4,26,208,104,104
050,37,117,"North Carolina","Martin County",4,27,215,96,119
050,37,117,"North Carolina","Martin County",4,28,232,114,118
050,37,117,"North Carolina","Martin County",4,29,235,121,114
050,37,117,"North Carolina","Martin County",4,30,224,119,105
050,37,117,"North Carolina","Martin County",4,31,233,110,123
050,37,117,"North Carolina","Martin County",4,32,232,96,136
050,37,117,"North Carolina","Martin County",4,33,234,109,125
050,37,117,"North Carolina","Martin County",4,34,229,116,113
050,37,117,"North Carolina","Martin County",4,35,232,111,121
050,37,117,"North Carolina","Martin County",4,36,231,107,124
050,37,117,"North Carolina","Martin County",4,37,210,95,115
050,37,117,"North Carolina","Martin County",4,38,191,93,98
050,37,117,"North Carolina","Martin County",4,39,197,97,100
050,37,117,"North Carolina","Martin County",4,40,222,108,114
050,37,117,"North Carolina","Martin County",4,41,230,109,121
050,37,117,"North Carolina","Martin County",4,42,207,96,111
050,37,117,"North Carolina","Martin County",4,43,203,101,102
050,37,117,"North Carolina","Martin County",4,44,218,100,118
050,37,117,"North Carolina","Martin County",4,45,217,101,116
050,37,117,"North Carolina","Martin County",4,46,194,81,113
050,37,117,"North Carolina","Martin County",4,47,215,96,119
050,37,117,"North Carolina","Martin County",4,48,234,110,124
050,37,117,"North Carolina","Martin County",4,49,248,120,128
050,37,117,"North Carolina","Martin County",4,50,261,123,138
050,37,117,"North Carolina","Martin County",4,51,288,130,158
050,37,117,"North Carolina","Martin County",4,52,291,123,168
050,37,117,"North Carolina","Martin County",4,53,276,132,144
050,37,117,"North Carolina","Martin County",4,54,283,144,139
050,37,117,"North Carolina","Martin County",4,55,282,129,153
050,37,117,"North Carolina","Martin County",4,56,295,130,165
050,37,117,"North Carolina","Martin County",4,57,304,149,155
050,37,117,"North Carolina","Martin County",4,58,327,158,169
050,37,117,"North Carolina","Martin County",4,59,333,150,183
050,37,117,"North Carolina","Martin County",4,60,313,154,159
050,37,117,"North Carolina","Martin County",4,61,320,162,158
050,37,117,"North Carolina","Martin County",4,62,335,169,166
050,37,117,"North Carolina","Martin County",4,63,335,161,174
050,37,117,"North Carolina","Martin County",4,64,352,176,176
050,37,117,"North Carolina","Martin County",4,65,365,171,194
050,37,117,"North Carolina","Martin County",4,66,381,183,198
050,37,117,"North Carolina","Martin County",4,67,378,173,205
050,37,117,"North Carolina","Martin County",4,68,375,171,204
050,37,117,"North Carolina","Martin County",4,69,346,153,193
050,37,117,"North Carolina","Martin County",4,70,303,131,172
050,37,117,"North Carolina","Martin County",4,71,306,141,165
050,37,117,"North Carolina","Martin County",4,72,290,138,152
050,37,117,"North Carolina","Martin County",4,73,283,126,157
050,37,117,"North Carolina","Martin County",4,74,281,124,157
050,37,117,"North Carolina","Martin County",4,75,295,129,166
050,37,117,"North Carolina","Martin County",4,76,227,105,122
050,37,117,"North Carolina","Martin County",4,77,203,95,108
050,37,117,"North Carolina","Martin County",4,78,182,84,98
050,37,117,"North Carolina","Martin County",4,79,200,83,117
050,37,117,"North Carolina","Martin County",4,80,151,60,91
050,37,117,"North Carolina","Martin County",4,81,130,50,80
050,37,117,"North Carolina","Martin County",4,82,123,55,68
050,37,117,"North Carolina","Martin County",4,83,94,31,63
050,37,117,"North Carolina","Martin County",4,84,95,37,58
050,37,117,"North Carolina","Martin County",4,85,532,184,348
050,37,117,"North Carolina","Martin County",5,0,213,101,112
050,37,117,"North Carolina","Martin County",5,1,214,97,117
050,37,117,"North Carolina","Martin County",5,2,216,110,106
050,37,117,"North Carolina","Martin County",5,3,224,114,110
050,37,117,"North Carolina","Martin County",5,4,223,113,110
050,37,117,"North Carolina","Martin County",5,5,237,123,114
050,37,117,"North Carolina","Martin County",5,6,228,110,118
050,37,117,"North Carolina","Martin County",5,7,225,116,109
050,37,117,"North Carolina","Martin County",5,8,263,132,131
050,37,117,"North Carolina","Martin County",5,9,252,121,131
050,37,117,"North Carolina","Martin County",5,10,220,120,100
050,37,117,"North Carolina","Martin County",5,11,244,132,112
050,37,117,"North Carolina","Martin County",5,12,240,115,125
050,37,117,"North Carolina","Martin County",5,13,251,122,129
050,37,117,"North Carolina","Martin County",5,14,275,135,140
050,37,117,"North Carolina","Martin County",5,15,285,150,135
050,37,117,"North Carolina","Martin County",5,16,252,129,123
050,37,117,"North Carolina","Martin County",5,17,260,124,136
050,37,117,"North Carolina","Martin County",5,18,208,100,108
050,37,117,"North Carolina","Martin County",5,19,189,93,96
050,37,117,"North Carolina","Martin County",5,20,194,90,104
050,37,117,"North Carolina","Martin County",5,21,206,98,108
050,37,117,"North Carolina","Martin County",5,22,230,113,117
050,37,117,"North Carolina","Martin County",5,23,234,113,121
050,37,117,"North Carolina","Martin County",5,24,233,103,130
050,37,117,"North Carolina","Martin County",5,25,245,107,138
050,37,117,"North Carolina","Martin County",5,26,215,116,99
050,37,117,"North Carolina","Martin County",5,27,206,100,106
050,37,117,"North Carolina","Martin County",5,28,213,100,113
050,37,117,"North Carolina","Martin County",5,29,234,117,117
050,37,117,"North Carolina","Martin County",5,30,242,121,121
050,37,117,"North Carolina","Martin County",5,31,213,111,102
050,37,117,"North Carolina","Martin County",5,32,233,111,122
050,37,117,"North Carolina","Martin County",5,33,229,96,133
050,37,117,"North Carolina","Martin County",5,34,240,115,125
050,37,117,"North Carolina","Martin County",5,35,222,106,116
050,37,117,"North Carolina","Martin County",5,36,241,116,125
050,37,117,"North Carolina","Martin County",5,37,237,109,128
050,37,117,"North Carolina","Martin County",5,38,208,94,114
050,37,117,"North Carolina","Martin County",5,39,193,92,101
050,37,117,"North Carolina","Martin County",5,40,203,97,106
050,37,117,"North Carolina","Martin County",5,41,226,107,119
050,37,117,"North Carolina","Martin County",5,42,238,117,121
050,37,117,"North Carolina","Martin County",5,43,217,103,114
050,37,117,"North Carolina","Martin County",5,44,204,99,105
050,37,117,"North Carolina","Martin County",5,45,209,95,114
050,37,117,"North Carolina","Martin County",5,46,223,107,116
050,37,117,"North Carolina","Martin County",5,47,193,82,111
050,37,117,"North Carolina","Martin County",5,48,223,103,120
050,37,117,"North Carolina","Martin County",5,49,246,115,131
050,37,117,"North Carolina","Martin County",5,50,248,114,134
050,37,117,"North Carolina","Martin County",5,51,262,116,146
050,37,117,"North Carolina","Martin County",5,52,286,126,160
050,37,117,"North Carolina","Martin County",5,53,287,120,167
050,37,117,"North Carolina","Martin County",5,54,271,126,145
050,37,117,"North Carolina","Martin County",5,55,276,143,133
050,37,117,"North Carolina","Martin County",5,56,281,127,154
050,37,117,"North Carolina","Martin County",5,57,294,136,158
050,37,117,"North Carolina","Martin County",5,58,304,146,158
050,37,117,"North Carolina","Martin County",5,59,323,153,170
050,37,117,"North Carolina","Martin County",5,60,338,150,188
050,37,117,"North Carolina","Martin County",5,61,309,152,157
050,37,117,"North Carolina","Martin County",5,62,313,160,153
050,37,117,"North Carolina","Martin County",5,63,332,165,167
050,37,117,"North Carolina","Martin County",5,64,330,155,175
050,37,117,"North Carolina","Martin County",5,65,341,166,175
050,37,117,"North Carolina","Martin County",5,66,377,178,199
050,37,117,"North Carolina","Martin County",5,67,379,179,200
050,37,117,"North Carolina","Martin County",5,68,372,171,201
050,37,117,"North Carolina","Martin County",5,69,364,166,198
050,37,117,"North Carolina","Martin County",5,70,339,146,193
050,37,117,"North Carolina","Martin County",5,71,304,129,175
050,37,117,"North Carolina","Martin County",5,72,293,137,156
050,37,117,"North Carolina","Martin County",5,73,282,130,152
050,37,117,"North Carolina","Martin County",5,74,272,123,149
050,37,117,"North Carolina","Martin County",5,75,271,121,150
050,37,117,"North Carolina","Martin County",5,76,285,128,157
050,37,117,"North Carolina","Martin County",5,77,208,97,111
050,37,117,"North Carolina","Martin County",5,78,189,91,98
050,37,117,"North Carolina","Martin County",5,79,172,80,92
050,37,117,"North Carolina","Martin County",5,80,185,73,112
050,37,117,"North Carolina","Martin County",5,81,141,56,85
050,37,117,"North Carolina","Martin County",5,82,120,47,73
050,37,117,"North Carolina","Martin County",5,83,105,42,63
050,37,117,"North Carolina","Martin County",5,84,90,30,60
050,37,117,"North Carolina","Martin County",5,85,535,185,350
050,37,119,"North Carolina","Mecklenburg County",1,0,14570,7430,7140
050,37,119,"North Carolina","Mecklenburg County",1,1,14417,7282,7135
050,37,119,"North Carolina","Mecklenburg County",1,2,14545,7499,7046
050,37,119,"North Carolina","Mecklenburg County",1,3,14668,7555,7113
050,37,119,"North Carolina","Mecklenburg County",1,4,14674,7524,7150
050,37,119,"North Carolina","Mecklenburg County",1,5,14394,7361,7033
050,37,119,"North Carolina","Mecklenburg County",1,6,13921,7041,6880
050,37,119,"North Carolina","Mecklenburg County",1,7,13925,6986,6939
050,37,119,"North Carolina","Mecklenburg County",1,8,14194,7135,7059
050,37,119,"North Carolina","Mecklenburg County",1,9,14035,7165,6870
050,37,119,"North Carolina","Mecklenburg County",1,10,14674,7583,7091
050,37,119,"North Carolina","Mecklenburg County",1,11,15135,7717,7418
050,37,119,"North Carolina","Mecklenburg County",1,12,15367,7810,7557
050,37,119,"North Carolina","Mecklenburg County",1,13,15113,7717,7396
050,37,119,"North Carolina","Mecklenburg County",1,14,14759,7518,7241
050,37,119,"North Carolina","Mecklenburg County",1,15,14480,7242,7238
050,37,119,"North Carolina","Mecklenburg County",1,16,14622,7319,7303
050,37,119,"North Carolina","Mecklenburg County",1,17,14199,7074,7125
050,37,119,"North Carolina","Mecklenburg County",1,18,14424,7135,7289
050,37,119,"North Carolina","Mecklenburg County",1,19,14473,7019,7454
050,37,119,"North Carolina","Mecklenburg County",1,20,13637,6591,7046
050,37,119,"North Carolina","Mecklenburg County",1,21,13314,6390,6924
050,37,119,"North Carolina","Mecklenburg County",1,22,13687,6621,7066
050,37,119,"North Carolina","Mecklenburg County",1,23,14944,7280,7664
050,37,119,"North Carolina","Mecklenburg County",1,24,16409,8046,8363
050,37,119,"North Carolina","Mecklenburg County",1,25,17723,8616,9107
050,37,119,"North Carolina","Mecklenburg County",1,26,18860,9051,9809
050,37,119,"North Carolina","Mecklenburg County",1,27,19549,9594,9955
050,37,119,"North Carolina","Mecklenburg County",1,28,19891,9763,10128
050,37,119,"North Carolina","Mecklenburg County",1,29,20187,9851,10336
050,37,119,"North Carolina","Mecklenburg County",1,30,19861,9680,10181
050,37,119,"North Carolina","Mecklenburg County",1,31,19687,9642,10045
050,37,119,"North Carolina","Mecklenburg County",1,32,18829,9197,9632
050,37,119,"North Carolina","Mecklenburg County",1,33,18084,8902,9182
050,37,119,"North Carolina","Mecklenburg County",1,34,17925,9001,8924
050,37,119,"North Carolina","Mecklenburg County",1,35,17496,8761,8735
050,37,119,"North Carolina","Mecklenburg County",1,36,17179,8481,8698
050,37,119,"North Carolina","Mecklenburg County",1,37,17482,8590,8892
050,37,119,"North Carolina","Mecklenburg County",1,38,17216,8468,8748
050,37,119,"North Carolina","Mecklenburg County",1,39,16811,8173,8638
050,37,119,"North Carolina","Mecklenburg County",1,40,16394,8056,8338
050,37,119,"North Carolina","Mecklenburg County",1,41,15766,7578,8188
050,37,119,"North Carolina","Mecklenburg County",1,42,15792,7619,8173
050,37,119,"North Carolina","Mecklenburg County",1,43,15413,7365,8048
050,37,119,"North Carolina","Mecklenburg County",1,44,15067,7178,7889
050,37,119,"North Carolina","Mecklenburg County",1,45,14853,7053,7800
050,37,119,"North Carolina","Mecklenburg County",1,46,14440,6826,7614
050,37,119,"North Carolina","Mecklenburg County",1,47,14940,7225,7715
050,37,119,"North Carolina","Mecklenburg County",1,48,15723,7588,8135
050,37,119,"North Carolina","Mecklenburg County",1,49,16428,7895,8533
050,37,119,"North Carolina","Mecklenburg County",1,50,15412,7495,7917
050,37,119,"North Carolina","Mecklenburg County",1,51,14734,7230,7504
050,37,119,"North Carolina","Mecklenburg County",1,52,13893,6704,7189
050,37,119,"North Carolina","Mecklenburg County",1,53,13739,6654,7085
050,37,119,"North Carolina","Mecklenburg County",1,54,13577,6568,7009
050,37,119,"North Carolina","Mecklenburg County",1,55,13809,6630,7179
050,37,119,"North Carolina","Mecklenburg County",1,56,13878,6709,7169
050,37,119,"North Carolina","Mecklenburg County",1,57,13401,6422,6979
050,37,119,"North Carolina","Mecklenburg County",1,58,13175,6398,6777
050,37,119,"North Carolina","Mecklenburg County",1,59,12746,6120,6626
050,37,119,"North Carolina","Mecklenburg County",1,60,12254,5812,6442
050,37,119,"North Carolina","Mecklenburg County",1,61,11987,5713,6274
050,37,119,"North Carolina","Mecklenburg County",1,62,11707,5556,6151
050,37,119,"North Carolina","Mecklenburg County",1,63,11046,5181,5865
050,37,119,"North Carolina","Mecklenburg County",1,64,10304,4783,5521
050,37,119,"North Carolina","Mecklenburg County",1,65,9702,4449,5253
050,37,119,"North Carolina","Mecklenburg County",1,66,9365,4195,5170
050,37,119,"North Carolina","Mecklenburg County",1,67,8868,3927,4941
050,37,119,"North Carolina","Mecklenburg County",1,68,8454,3755,4699
050,37,119,"North Carolina","Mecklenburg County",1,69,7956,3466,4490
050,37,119,"North Carolina","Mecklenburg County",1,70,7718,3334,4384
050,37,119,"North Carolina","Mecklenburg County",1,71,7377,3260,4117
050,37,119,"North Carolina","Mecklenburg County",1,72,7317,3278,4039
050,37,119,"North Carolina","Mecklenburg County",1,73,7006,3214,3792
050,37,119,"North Carolina","Mecklenburg County",1,74,4903,2163,2740
050,37,119,"North Carolina","Mecklenburg County",1,75,4834,2080,2754
050,37,119,"North Carolina","Mecklenburg County",1,76,4681,1961,2720
050,37,119,"North Carolina","Mecklenburg County",1,77,4437,1925,2512
050,37,119,"North Carolina","Mecklenburg County",1,78,3796,1621,2175
050,37,119,"North Carolina","Mecklenburg County",1,79,3395,1426,1969
050,37,119,"North Carolina","Mecklenburg County",1,80,3049,1254,1795
050,37,119,"North Carolina","Mecklenburg County",1,81,2738,1117,1621
050,37,119,"North Carolina","Mecklenburg County",1,82,2595,986,1609
050,37,119,"North Carolina","Mecklenburg County",1,83,2335,883,1452
050,37,119,"North Carolina","Mecklenburg County",1,84,2201,806,1395
050,37,119,"North Carolina","Mecklenburg County",1,85,12969,4296,8673
050,37,119,"North Carolina","Mecklenburg County",2,0,14451,7313,7138
050,37,119,"North Carolina","Mecklenburg County",2,1,14442,7314,7128
050,37,119,"North Carolina","Mecklenburg County",2,2,14514,7453,7061
050,37,119,"North Carolina","Mecklenburg County",2,3,14580,7516,7064
050,37,119,"North Carolina","Mecklenburg County",2,4,14660,7521,7139
050,37,119,"North Carolina","Mecklenburg County",2,5,14479,7414,7065
050,37,119,"North Carolina","Mecklenburg County",2,6,14053,7142,6911
050,37,119,"North Carolina","Mecklenburg County",2,7,13901,6986,6915
050,37,119,"North Carolina","Mecklenburg County",2,8,14065,7070,6995
050,37,119,"North Carolina","Mecklenburg County",2,9,14047,7148,6899
050,37,119,"North Carolina","Mecklenburg County",2,10,14497,7476,7021
050,37,119,"North Carolina","Mecklenburg County",2,11,14954,7646,7308
050,37,119,"North Carolina","Mecklenburg County",2,12,15344,7791,7553
050,37,119,"North Carolina","Mecklenburg County",2,13,15134,7725,7409
050,37,119,"North Carolina","Mecklenburg County",2,14,14802,7538,7264
050,37,119,"North Carolina","Mecklenburg County",2,15,14548,7310,7238
050,37,119,"North Carolina","Mecklenburg County",2,16,14588,7304,7284
050,37,119,"North Carolina","Mecklenburg County",2,17,14263,7114,7149
050,37,119,"North Carolina","Mecklenburg County",2,18,14103,6985,7118
050,37,119,"North Carolina","Mecklenburg County",2,19,13973,6813,7160
050,37,119,"North Carolina","Mecklenburg County",2,20,13531,6561,6970
050,37,119,"North Carolina","Mecklenburg County",2,21,13247,6365,6882
050,37,119,"North Carolina","Mecklenburg County",2,22,13833,6678,7155
050,37,119,"North Carolina","Mecklenburg County",2,23,14983,7299,7684
050,37,119,"North Carolina","Mecklenburg County",2,24,16296,7997,8299
050,37,119,"North Carolina","Mecklenburg County",2,25,17647,8602,9045
050,37,119,"North Carolina","Mecklenburg County",2,26,18806,9079,9727
050,37,119,"North Carolina","Mecklenburg County",2,27,19495,9541,9954
050,37,119,"North Carolina","Mecklenburg County",2,28,19921,9789,10132
050,37,119,"North Carolina","Mecklenburg County",2,29,20180,9870,10310
050,37,119,"North Carolina","Mecklenburg County",2,30,20136,9828,10308
050,37,119,"North Carolina","Mecklenburg County",2,31,19746,9669,10077
050,37,119,"North Carolina","Mecklenburg County",2,32,18998,9292,9706
050,37,119,"North Carolina","Mecklenburg County",2,33,18270,8993,9277
050,37,119,"North Carolina","Mecklenburg County",2,34,17950,8983,8967
050,37,119,"North Carolina","Mecklenburg County",2,35,17676,8865,8811
050,37,119,"North Carolina","Mecklenburg County",2,36,17149,8503,8646
050,37,119,"North Carolina","Mecklenburg County",2,37,17422,8575,8847
050,37,119,"North Carolina","Mecklenburg County",2,38,17353,8524,8829
050,37,119,"North Carolina","Mecklenburg County",2,39,16832,8203,8629
050,37,119,"North Carolina","Mecklenburg County",2,40,16593,8135,8458
050,37,119,"North Carolina","Mecklenburg County",2,41,15901,7688,8213
050,37,119,"North Carolina","Mecklenburg County",2,42,15703,7570,8133
050,37,119,"North Carolina","Mecklenburg County",2,43,15588,7463,8125
050,37,119,"North Carolina","Mecklenburg County",2,44,15027,7176,7851
050,37,119,"North Carolina","Mecklenburg County",2,45,14966,7111,7855
050,37,119,"North Carolina","Mecklenburg County",2,46,14498,6861,7637
050,37,119,"North Carolina","Mecklenburg County",2,47,14808,7113,7695
050,37,119,"North Carolina","Mecklenburg County",2,48,15544,7504,8040
050,37,119,"North Carolina","Mecklenburg County",2,49,16311,7843,8468
050,37,119,"North Carolina","Mecklenburg County",2,50,15688,7608,8080
050,37,119,"North Carolina","Mecklenburg County",2,51,14832,7262,7570
050,37,119,"North Carolina","Mecklenburg County",2,52,14068,6811,7257
050,37,119,"North Carolina","Mecklenburg County",2,53,13733,6639,7094
050,37,119,"North Carolina","Mecklenburg County",2,54,13590,6576,7014
050,37,119,"North Carolina","Mecklenburg County",2,55,13751,6621,7130
050,37,119,"North Carolina","Mecklenburg County",2,56,13869,6697,7172
050,37,119,"North Carolina","Mecklenburg County",2,57,13504,6484,7020
050,37,119,"North Carolina","Mecklenburg County",2,58,13207,6384,6823
050,37,119,"North Carolina","Mecklenburg County",2,59,12863,6185,6678
050,37,119,"North Carolina","Mecklenburg County",2,60,12335,5862,6473
050,37,119,"North Carolina","Mecklenburg County",2,61,12012,5711,6301
050,37,119,"North Carolina","Mecklenburg County",2,62,11720,5564,6156
050,37,119,"North Carolina","Mecklenburg County",2,63,11244,5282,5962
050,37,119,"North Carolina","Mecklenburg County",2,64,10389,4828,5561
050,37,119,"North Carolina","Mecklenburg County",2,65,9786,4500,5286
050,37,119,"North Carolina","Mecklenburg County",2,66,9418,4240,5178
050,37,119,"North Carolina","Mecklenburg County",2,67,8908,3950,4958
050,37,119,"North Carolina","Mecklenburg County",2,68,8465,3751,4714
050,37,119,"North Carolina","Mecklenburg County",2,69,8098,3540,4558
050,37,119,"North Carolina","Mecklenburg County",2,70,7725,3338,4387
050,37,119,"North Carolina","Mecklenburg County",2,71,7405,3245,4160
050,37,119,"North Carolina","Mecklenburg County",2,72,7208,3211,3997
050,37,119,"North Carolina","Mecklenburg County",2,73,7333,3348,3985
050,37,119,"North Carolina","Mecklenburg County",2,74,5094,2259,2835
050,37,119,"North Carolina","Mecklenburg County",2,75,4846,2091,2755
050,37,119,"North Carolina","Mecklenburg County",2,76,4641,1957,2684
050,37,119,"North Carolina","Mecklenburg County",2,77,4542,1952,2590
050,37,119,"North Carolina","Mecklenburg County",2,78,3853,1654,2199
050,37,119,"North Carolina","Mecklenburg County",2,79,3452,1445,2007
050,37,119,"North Carolina","Mecklenburg County",2,80,3125,1294,1831
050,37,119,"North Carolina","Mecklenburg County",2,81,2760,1127,1633
050,37,119,"North Carolina","Mecklenburg County",2,82,2612,1008,1604
050,37,119,"North Carolina","Mecklenburg County",2,83,2359,891,1468
050,37,119,"North Carolina","Mecklenburg County",2,84,2186,806,1380
050,37,119,"North Carolina","Mecklenburg County",2,85,12994,4316,8678
050,37,119,"North Carolina","Mecklenburg County",3,0,14644,7477,7167
050,37,119,"North Carolina","Mecklenburg County",3,1,14213,7274,6939
050,37,119,"North Carolina","Mecklenburg County",3,2,14102,7162,6940
050,37,119,"North Carolina","Mecklenburg County",3,3,14318,7358,6960
050,37,119,"North Carolina","Mecklenburg County",3,4,14361,7405,6956
050,37,119,"North Carolina","Mecklenburg County",3,5,14503,7475,7028
050,37,119,"North Carolina","Mecklenburg County",3,6,14377,7359,7018
050,37,119,"North Carolina","Mecklenburg County",3,7,13882,7035,6847
050,37,119,"North Carolina","Mecklenburg County",3,8,13844,6949,6895
050,37,119,"North Carolina","Mecklenburg County",3,9,13912,6981,6931
050,37,119,"North Carolina","Mecklenburg County",3,10,13910,7110,6800
050,37,119,"North Carolina","Mecklenburg County",3,11,14372,7429,6943
050,37,119,"North Carolina","Mecklenburg County",3,12,14753,7535,7218
050,37,119,"North Carolina","Mecklenburg County",3,13,15202,7707,7495
050,37,119,"North Carolina","Mecklenburg County",3,14,14992,7642,7350
050,37,119,"North Carolina","Mecklenburg County",3,15,14722,7465,7257
050,37,119,"North Carolina","Mecklenburg County",3,16,14531,7330,7201
050,37,119,"North Carolina","Mecklenburg County",3,17,14528,7204,7324
050,37,119,"North Carolina","Mecklenburg County",3,18,14895,7294,7601
050,37,119,"North Carolina","Mecklenburg County",3,19,14939,7238,7701
050,37,119,"North Carolina","Mecklenburg County",3,20,14262,6957,7305
050,37,119,"North Carolina","Mecklenburg County",3,21,14107,6799,7308
050,37,119,"North Carolina","Mecklenburg County",3,22,14104,6725,7379
050,37,119,"North Carolina","Mecklenburg County",3,23,15334,7404,7930
050,37,119,"North Carolina","Mecklenburg County",3,24,16405,7980,8425
050,37,119,"North Carolina","Mecklenburg County",3,25,17297,8503,8794
050,37,119,"North Carolina","Mecklenburg County",3,26,18338,8985,9353
050,37,119,"North Carolina","Mecklenburg County",3,27,19504,9436,10068
050,37,119,"North Carolina","Mecklenburg County",3,28,19905,9723,10182
050,37,119,"North Carolina","Mecklenburg County",3,29,20086,9920,10166
050,37,119,"North Carolina","Mecklenburg County",3,30,20375,9906,10469
050,37,119,"North Carolina","Mecklenburg County",3,31,20115,9848,10267
050,37,119,"North Carolina","Mecklenburg County",3,32,19694,9685,10009
050,37,119,"North Carolina","Mecklenburg County",3,33,18738,9142,9596
050,37,119,"North Carolina","Mecklenburg County",3,34,18023,8867,9156
050,37,119,"North Carolina","Mecklenburg County",3,35,17719,8828,8891
050,37,119,"North Carolina","Mecklenburg County",3,36,17369,8705,8664
050,37,119,"North Carolina","Mecklenburg County",3,37,16898,8332,8566
050,37,119,"North Carolina","Mecklenburg County",3,38,17217,8459,8758
050,37,119,"North Carolina","Mecklenburg County",3,39,16980,8328,8652
050,37,119,"North Carolina","Mecklenburg County",3,40,16692,8148,8544
050,37,119,"North Carolina","Mecklenburg County",3,41,16395,7987,8408
050,37,119,"North Carolina","Mecklenburg County",3,42,15648,7518,8130
050,37,119,"North Carolina","Mecklenburg County",3,43,15568,7467,8101
050,37,119,"North Carolina","Mecklenburg County",3,44,15513,7433,8080
050,37,119,"North Carolina","Mecklenburg County",3,45,14760,7048,7712
050,37,119,"North Carolina","Mecklenburg County",3,46,14990,7089,7901
050,37,119,"North Carolina","Mecklenburg County",3,47,14443,6804,7639
050,37,119,"North Carolina","Mecklenburg County",3,48,14672,7047,7625
050,37,119,"North Carolina","Mecklenburg County",3,49,15338,7385,7953
050,37,119,"North Carolina","Mecklenburg County",3,50,16074,7727,8347
050,37,119,"North Carolina","Mecklenburg County",3,51,15515,7552,7963
050,37,119,"North Carolina","Mecklenburg County",3,52,14755,7202,7553
050,37,119,"North Carolina","Mecklenburg County",3,53,13942,6744,7198
050,37,119,"North Carolina","Mecklenburg County",3,54,13625,6590,7035
050,37,119,"North Carolina","Mecklenburg County",3,55,13509,6522,6987
050,37,119,"North Carolina","Mecklenburg County",3,56,13522,6484,7038
050,37,119,"North Carolina","Mecklenburg County",3,57,13627,6537,7090
050,37,119,"North Carolina","Mecklenburg County",3,58,13295,6337,6958
050,37,119,"North Carolina","Mecklenburg County",3,59,12984,6250,6734
050,37,119,"North Carolina","Mecklenburg County",3,60,12562,6027,6535
050,37,119,"North Carolina","Mecklenburg County",3,61,12093,5742,6351
050,37,119,"North Carolina","Mecklenburg County",3,62,11738,5551,6187
050,37,119,"North Carolina","Mecklenburg County",3,63,11464,5432,6032
050,37,119,"North Carolina","Mecklenburg County",3,64,10973,5114,5859
050,37,119,"North Carolina","Mecklenburg County",3,65,10117,4681,5436
050,37,119,"North Carolina","Mecklenburg County",3,66,9532,4359,5173
050,37,119,"North Carolina","Mecklenburg County",3,67,9184,4116,5068
050,37,119,"North Carolina","Mecklenburg County",3,68,8705,3854,4851
050,37,119,"North Carolina","Mecklenburg County",3,69,8289,3636,4653
050,37,119,"North Carolina","Mecklenburg County",3,70,7859,3415,4444
050,37,119,"North Carolina","Mecklenburg County",3,71,7547,3249,4298
050,37,119,"North Carolina","Mecklenburg County",3,72,7223,3139,4084
050,37,119,"North Carolina","Mecklenburg County",3,73,7020,3124,3896
050,37,119,"North Carolina","Mecklenburg County",3,74,7147,3240,3907
050,37,119,"North Carolina","Mecklenburg County",3,75,4957,2186,2771
050,37,119,"North Carolina","Mecklenburg County",3,76,4717,2012,2705
050,37,119,"North Carolina","Mecklenburg County",3,77,4471,1851,2620
050,37,119,"North Carolina","Mecklenburg County",3,78,4374,1867,2507
050,37,119,"North Carolina","Mecklenburg County",3,79,3673,1546,2127
050,37,119,"North Carolina","Mecklenburg County",3,80,3331,1383,1948
050,37,119,"North Carolina","Mecklenburg County",3,81,2943,1205,1738
050,37,119,"North Carolina","Mecklenburg County",3,82,2639,1060,1579
050,37,119,"North Carolina","Mecklenburg County",3,83,2431,931,1500
050,37,119,"North Carolina","Mecklenburg County",3,84,2107,799,1308
050,37,119,"North Carolina","Mecklenburg County",3,85,12850,4284,8566
050,37,119,"North Carolina","Mecklenburg County",4,0,15327,7906,7421
050,37,119,"North Carolina","Mecklenburg County",4,1,14688,7522,7166
050,37,119,"North Carolina","Mecklenburg County",4,2,14227,7243,6984
050,37,119,"North Carolina","Mecklenburg County",4,3,14217,7234,6983
050,37,119,"North Carolina","Mecklenburg County",4,4,14291,7371,6920
050,37,119,"North Carolina","Mecklenburg County",4,5,14420,7459,6961
050,37,119,"North Carolina","Mecklenburg County",4,6,14510,7456,7054
050,37,119,"North Carolina","Mecklenburg County",4,7,14540,7437,7103
050,37,119,"North Carolina","Mecklenburg County",4,8,13896,7067,6829
050,37,119,"North Carolina","Mecklenburg County",4,9,13888,6971,6917
050,37,119,"North Carolina","Mecklenburg County",4,10,13969,7051,6918
050,37,119,"North Carolina","Mecklenburg County",4,11,13939,7098,6841
050,37,119,"North Carolina","Mecklenburg County",4,12,14341,7382,6959
050,37,119,"North Carolina","Mecklenburg County",4,13,14866,7600,7266
050,37,119,"North Carolina","Mecklenburg County",4,14,15183,7734,7449
050,37,119,"North Carolina","Mecklenburg County",4,15,15124,7663,7461
050,37,119,"North Carolina","Mecklenburg County",4,16,14806,7504,7302
050,37,119,"North Carolina","Mecklenburg County",4,17,14594,7362,7232
050,37,119,"North Carolina","Mecklenburg County",4,18,14752,7210,7542
050,37,119,"North Carolina","Mecklenburg County",4,19,14449,7007,7442
050,37,119,"North Carolina","Mecklenburg County",4,20,14023,6833,7190
050,37,119,"North Carolina","Mecklenburg County",4,21,13988,6846,7142
050,37,119,"North Carolina","Mecklenburg County",4,22,14802,7063,7739
050,37,119,"North Carolina","Mecklenburg County",4,23,16007,7619,8388
050,37,119,"North Carolina","Mecklenburg County",4,24,17187,8284,8903
050,37,119,"North Carolina","Mecklenburg County",4,25,17825,8676,9149
050,37,119,"North Carolina","Mecklenburg County",4,26,18604,9170,9434
050,37,119,"North Carolina","Mecklenburg County",4,27,19336,9464,9872
050,37,119,"North Carolina","Mecklenburg County",4,28,20032,9626,10406
050,37,119,"North Carolina","Mecklenburg County",4,29,20303,9923,10380
050,37,119,"North Carolina","Mecklenburg County",4,30,20459,10057,10402
050,37,119,"North Carolina","Mecklenburg County",4,31,20820,10078,10742
050,37,119,"North Carolina","Mecklenburg County",4,32,20248,9894,10354
050,37,119,"North Carolina","Mecklenburg County",4,33,19871,9794,10077
050,37,119,"North Carolina","Mecklenburg County",4,34,18912,9126,9786
050,37,119,"North Carolina","Mecklenburg County",4,35,18077,8780,9297
050,37,119,"North Carolina","Mecklenburg County",4,36,17656,8824,8832
050,37,119,"North Carolina","Mecklenburg County",4,37,17330,8653,8677
050,37,119,"North Carolina","Mecklenburg County",4,38,16868,8250,8618
050,37,119,"North Carolina","Mecklenburg County",4,39,17098,8416,8682
050,37,119,"North Carolina","Mecklenburg County",4,40,16944,8244,8700
050,37,119,"North Carolina","Mecklenburg County",4,41,16672,8133,8539
050,37,119,"North Carolina","Mecklenburg County",4,42,16219,7924,8295
050,37,119,"North Carolina","Mecklenburg County",4,43,15605,7496,8109
050,37,119,"North Carolina","Mecklenburg County",4,44,15616,7524,8092
050,37,119,"North Carolina","Mecklenburg County",4,45,15377,7365,8012
050,37,119,"North Carolina","Mecklenburg County",4,46,14720,6992,7728
050,37,119,"North Carolina","Mecklenburg County",4,47,14962,7081,7881
050,37,119,"North Carolina","Mecklenburg County",4,48,14479,6788,7691
050,37,119,"North Carolina","Mecklenburg County",4,49,14620,7010,7610
050,37,119,"North Carolina","Mecklenburg County",4,50,15273,7346,7927
050,37,119,"North Carolina","Mecklenburg County",4,51,15970,7709,8261
050,37,119,"North Carolina","Mecklenburg County",4,52,15393,7488,7905
050,37,119,"North Carolina","Mecklenburg County",4,53,14729,7179,7550
050,37,119,"North Carolina","Mecklenburg County",4,54,13873,6719,7154
050,37,119,"North Carolina","Mecklenburg County",4,55,13559,6513,7046
050,37,119,"North Carolina","Mecklenburg County",4,56,13391,6443,6948
050,37,119,"North Carolina","Mecklenburg County",4,57,13386,6369,7017
050,37,119,"North Carolina","Mecklenburg County",4,58,13496,6472,7024
050,37,119,"North Carolina","Mecklenburg County",4,59,13163,6279,6884
050,37,119,"North Carolina","Mecklenburg County",4,60,12805,6125,6680
050,37,119,"North Carolina","Mecklenburg County",4,61,12366,5911,6455
050,37,119,"North Carolina","Mecklenburg County",4,62,11962,5667,6295
050,37,119,"North Carolina","Mecklenburg County",4,63,11497,5440,6057
050,37,119,"North Carolina","Mecklenburg County",4,64,11287,5297,5990
050,37,119,"North Carolina","Mecklenburg County",4,65,10735,4999,5736
050,37,119,"North Carolina","Mecklenburg County",4,66,9845,4562,5283
050,37,119,"North Carolina","Mecklenburg County",4,67,9322,4218,5104
050,37,119,"North Carolina","Mecklenburg County",4,68,8991,4017,4974
050,37,119,"North Carolina","Mecklenburg County",4,69,8562,3743,4819
050,37,119,"North Carolina","Mecklenburg County",4,70,8143,3550,4593
050,37,119,"North Carolina","Mecklenburg County",4,71,7686,3310,4376
050,37,119,"North Carolina","Mecklenburg County",4,72,7455,3193,4262
050,37,119,"North Carolina","Mecklenburg County",4,73,7068,3047,4021
050,37,119,"North Carolina","Mecklenburg County",4,74,6852,3010,3842
050,37,119,"North Carolina","Mecklenburg County",4,75,7022,3157,3865
050,37,119,"North Carolina","Mecklenburg County",4,76,4841,2093,2748
050,37,119,"North Carolina","Mecklenburg County",4,77,4604,1929,2675
050,37,119,"North Carolina","Mecklenburg County",4,78,4354,1789,2565
050,37,119,"North Carolina","Mecklenburg County",4,79,4259,1772,2487
050,37,119,"North Carolina","Mecklenburg County",4,80,3580,1477,2103
050,37,119,"North Carolina","Mecklenburg County",4,81,3213,1320,1893
050,37,119,"North Carolina","Mecklenburg County",4,82,2845,1145,1700
050,37,119,"North Carolina","Mecklenburg County",4,83,2502,981,1521
050,37,119,"North Carolina","Mecklenburg County",4,84,2251,864,1387
050,37,119,"North Carolina","Mecklenburg County",4,85,13108,4387,8721
050,37,119,"North Carolina","Mecklenburg County",5,0,15298,7889,7409
050,37,119,"North Carolina","Mecklenburg County",5,1,15198,7857,7341
050,37,119,"North Carolina","Mecklenburg County",5,2,14802,7547,7255
050,37,119,"North Carolina","Mecklenburg County",5,3,14294,7301,6993
050,37,119,"North Carolina","Mecklenburg County",5,4,14094,7184,6910
050,37,119,"North Carolina","Mecklenburg County",5,5,14360,7432,6928
050,37,119,"North Carolina","Mecklenburg County",5,6,14434,7477,6957
050,37,119,"North Carolina","Mecklenburg County",5,7,14676,7519,7157
050,37,119,"North Carolina","Mecklenburg County",5,8,14539,7410,7129
050,37,119,"North Carolina","Mecklenburg County",5,9,13962,7092,6870
050,37,119,"North Carolina","Mecklenburg County",5,10,13961,7056,6905
050,37,119,"North Carolina","Mecklenburg County",5,11,14061,7107,6954
050,37,119,"North Carolina","Mecklenburg County",5,12,13891,7058,6833
050,37,119,"North Carolina","Mecklenburg County",5,13,14337,7352,6985
050,37,119,"North Carolina","Mecklenburg County",5,14,14918,7616,7302
050,37,119,"North Carolina","Mecklenburg County",5,15,15222,7704,7518
050,37,119,"North Carolina","Mecklenburg County",5,16,15163,7653,7510
050,37,119,"North Carolina","Mecklenburg County",5,17,14858,7492,7366
050,37,119,"North Carolina","Mecklenburg County",5,18,14877,7405,7472
050,37,119,"North Carolina","Mecklenburg County",5,19,14703,7114,7589
050,37,119,"North Carolina","Mecklenburg County",5,20,14087,6878,7209
050,37,119,"North Carolina","Mecklenburg County",5,21,14061,6855,7206
050,37,119,"North Carolina","Mecklenburg County",5,22,14896,7242,7654
050,37,119,"North Carolina","Mecklenburg County",5,23,16801,8042,8759
050,37,119,"North Carolina","Mecklenburg County",5,24,17828,8499,9329
050,37,119,"North Carolina","Mecklenburg County",5,25,18593,8993,9600
050,37,119,"North Carolina","Mecklenburg County",5,26,18974,9261,9713
050,37,119,"North Carolina","Mecklenburg County",5,27,19650,9652,9998
050,37,119,"North Carolina","Mecklenburg County",5,28,19806,9652,10154
050,37,119,"North Carolina","Mecklenburg County",5,29,20421,9866,10555
050,37,119,"North Carolina","Mecklenburg County",5,30,20648,10068,10580
050,37,119,"North Carolina","Mecklenburg County",5,31,20813,10224,10589
050,37,119,"North Carolina","Mecklenburg County",5,32,20866,10124,10742
050,37,119,"North Carolina","Mecklenburg County",5,33,20437,10002,10435
050,37,119,"North Carolina","Mecklenburg County",5,34,20002,9815,10187
050,37,119,"North Carolina","Mecklenburg County",5,35,18971,9168,9803
050,37,119,"North Carolina","Mecklenburg County",5,36,18149,8816,9333
050,37,119,"North Carolina","Mecklenburg County",5,37,17850,8913,8937
050,37,119,"North Carolina","Mecklenburg County",5,38,17215,8594,8621
050,37,119,"North Carolina","Mecklenburg County",5,39,16790,8148,8642
050,37,119,"North Carolina","Mecklenburg County",5,40,17113,8427,8686
050,37,119,"North Carolina","Mecklenburg County",5,41,16971,8246,8725
050,37,119,"North Carolina","Mecklenburg County",5,42,16638,8043,8595
050,37,119,"North Carolina","Mecklenburg County",5,43,16189,7839,8350
050,37,119,"North Carolina","Mecklenburg County",5,44,15570,7533,8037
050,37,119,"North Carolina","Mecklenburg County",5,45,15525,7471,8054
050,37,119,"North Carolina","Mecklenburg County",5,46,15422,7415,8007
050,37,119,"North Carolina","Mecklenburg County",5,47,14802,7018,7784
050,37,119,"North Carolina","Mecklenburg County",5,48,14920,7088,7832
050,37,119,"North Carolina","Mecklenburg County",5,49,14435,6786,7649
050,37,119,"North Carolina","Mecklenburg County",5,50,14641,6966,7675
050,37,119,"North Carolina","Mecklenburg County",5,51,15261,7363,7898
050,37,119,"North Carolina","Mecklenburg County",5,52,15901,7649,8252
050,37,119,"North Carolina","Mecklenburg County",5,53,15254,7421,7833
050,37,119,"North Carolina","Mecklenburg County",5,54,14570,7015,7555
050,37,119,"North Carolina","Mecklenburg County",5,55,13792,6681,7111
050,37,119,"North Carolina","Mecklenburg County",5,56,13541,6508,7033
050,37,119,"North Carolina","Mecklenburg County",5,57,13351,6410,6941
050,37,119,"North Carolina","Mecklenburg County",5,58,13265,6298,6967
050,37,119,"North Carolina","Mecklenburg County",5,59,13372,6383,6989
050,37,119,"North Carolina","Mecklenburg County",5,60,12968,6181,6787
050,37,119,"North Carolina","Mecklenburg County",5,61,12659,6035,6624
050,37,119,"North Carolina","Mecklenburg County",5,62,12168,5793,6375
050,37,119,"North Carolina","Mecklenburg County",5,63,11812,5572,6240
050,37,119,"North Carolina","Mecklenburg County",5,64,11365,5377,5988
050,37,119,"North Carolina","Mecklenburg County",5,65,11101,5185,5916
050,37,119,"North Carolina","Mecklenburg County",5,66,10541,4901,5640
050,37,119,"North Carolina","Mecklenburg County",5,67,9729,4469,5260
050,37,119,"North Carolina","Mecklenburg County",5,68,9117,4111,5006
050,37,119,"North Carolina","Mecklenburg County",5,69,8910,3955,4955
050,37,119,"North Carolina","Mecklenburg County",5,70,8395,3649,4746
050,37,119,"North Carolina","Mecklenburg County",5,71,7947,3442,4505
050,37,119,"North Carolina","Mecklenburg County",5,72,7544,3232,4312
050,37,119,"North Carolina","Mecklenburg County",5,73,7289,3128,4161
050,37,119,"North Carolina","Mecklenburg County",5,74,6931,2938,3993
050,37,119,"North Carolina","Mecklenburg County",5,75,6769,2967,3802
050,37,119,"North Carolina","Mecklenburg County",5,76,6824,3025,3799
050,37,119,"North Carolina","Mecklenburg County",5,77,4706,2027,2679
050,37,119,"North Carolina","Mecklenburg County",5,78,4467,1864,2603
050,37,119,"North Carolina","Mecklenburg County",5,79,4233,1704,2529
050,37,119,"North Carolina","Mecklenburg County",5,80,4135,1694,2441
050,37,119,"North Carolina","Mecklenburg County",5,81,3430,1401,2029
050,37,119,"North Carolina","Mecklenburg County",5,82,3127,1260,1867
050,37,119,"North Carolina","Mecklenburg County",5,83,2705,1073,1632
050,37,119,"North Carolina","Mecklenburg County",5,84,2316,896,1420
050,37,119,"North Carolina","Mecklenburg County",5,85,13474,4542,8932
050,37,121,"North Carolina","Mitchell County",1,0,134,70,64
050,37,121,"North Carolina","Mitchell County",1,1,135,73,62
050,37,121,"North Carolina","Mitchell County",1,2,142,68,74
050,37,121,"North Carolina","Mitchell County",1,3,139,70,69
050,37,121,"North Carolina","Mitchell County",1,4,143,73,70
050,37,121,"North Carolina","Mitchell County",1,5,143,65,78
050,37,121,"North Carolina","Mitchell County",1,6,143,70,73
050,37,121,"North Carolina","Mitchell County",1,7,136,61,75
050,37,121,"North Carolina","Mitchell County",1,8,153,73,80
050,37,121,"North Carolina","Mitchell County",1,9,137,78,59
050,37,121,"North Carolina","Mitchell County",1,10,150,82,68
050,37,121,"North Carolina","Mitchell County",1,11,177,95,82
050,37,121,"North Carolina","Mitchell County",1,12,166,78,88
050,37,121,"North Carolina","Mitchell County",1,13,160,83,77
050,37,121,"North Carolina","Mitchell County",1,14,158,80,78
050,37,121,"North Carolina","Mitchell County",1,15,170,88,82
050,37,121,"North Carolina","Mitchell County",1,16,164,90,74
050,37,121,"North Carolina","Mitchell County",1,17,168,90,78
050,37,121,"North Carolina","Mitchell County",1,18,151,83,68
050,37,121,"North Carolina","Mitchell County",1,19,114,58,56
050,37,121,"North Carolina","Mitchell County",1,20,126,64,62
050,37,121,"North Carolina","Mitchell County",1,21,144,80,64
050,37,121,"North Carolina","Mitchell County",1,22,149,82,67
050,37,121,"North Carolina","Mitchell County",1,23,135,81,54
050,37,121,"North Carolina","Mitchell County",1,24,135,69,66
050,37,121,"North Carolina","Mitchell County",1,25,155,83,72
050,37,121,"North Carolina","Mitchell County",1,26,164,95,69
050,37,121,"North Carolina","Mitchell County",1,27,164,81,83
050,37,121,"North Carolina","Mitchell County",1,28,162,80,82
050,37,121,"North Carolina","Mitchell County",1,29,181,87,94
050,37,121,"North Carolina","Mitchell County",1,30,176,90,86
050,37,121,"North Carolina","Mitchell County",1,31,171,89,82
050,37,121,"North Carolina","Mitchell County",1,32,155,78,77
050,37,121,"North Carolina","Mitchell County",1,33,148,79,69
050,37,121,"North Carolina","Mitchell County",1,34,158,83,75
050,37,121,"North Carolina","Mitchell County",1,35,145,69,76
050,37,121,"North Carolina","Mitchell County",1,36,148,73,75
050,37,121,"North Carolina","Mitchell County",1,37,146,70,76
050,37,121,"North Carolina","Mitchell County",1,38,156,74,82
050,37,121,"North Carolina","Mitchell County",1,39,147,79,68
050,37,121,"North Carolina","Mitchell County",1,40,161,79,82
050,37,121,"North Carolina","Mitchell County",1,41,154,89,65
050,37,121,"North Carolina","Mitchell County",1,42,179,95,84
050,37,121,"North Carolina","Mitchell County",1,43,176,86,90
050,37,121,"North Carolina","Mitchell County",1,44,168,82,86
050,37,121,"North Carolina","Mitchell County",1,45,161,77,84
050,37,121,"North Carolina","Mitchell County",1,46,160,84,76
050,37,121,"North Carolina","Mitchell County",1,47,176,95,81
050,37,121,"North Carolina","Mitchell County",1,48,186,97,89
050,37,121,"North Carolina","Mitchell County",1,49,204,113,91
050,37,121,"North Carolina","Mitchell County",1,50,201,108,93
050,37,121,"North Carolina","Mitchell County",1,51,215,117,98
050,37,121,"North Carolina","Mitchell County",1,52,210,108,102
050,37,121,"North Carolina","Mitchell County",1,53,208,94,114
050,37,121,"North Carolina","Mitchell County",1,54,225,106,119
050,37,121,"North Carolina","Mitchell County",1,55,209,96,113
050,37,121,"North Carolina","Mitchell County",1,56,230,116,114
050,37,121,"North Carolina","Mitchell County",1,57,221,104,117
050,37,121,"North Carolina","Mitchell County",1,58,226,106,120
050,37,121,"North Carolina","Mitchell County",1,59,228,104,124
050,37,121,"North Carolina","Mitchell County",1,60,224,101,123
050,37,121,"North Carolina","Mitchell County",1,61,233,114,119
050,37,121,"North Carolina","Mitchell County",1,62,242,117,125
050,37,121,"North Carolina","Mitchell County",1,63,229,109,120
050,37,121,"North Carolina","Mitchell County",1,64,237,115,122
050,37,121,"North Carolina","Mitchell County",1,65,247,112,135
050,37,121,"North Carolina","Mitchell County",1,66,222,108,114
050,37,121,"North Carolina","Mitchell County",1,67,222,111,111
050,37,121,"North Carolina","Mitchell County",1,68,260,133,127
050,37,121,"North Carolina","Mitchell County",1,69,226,94,132
050,37,121,"North Carolina","Mitchell County",1,70,210,99,111
050,37,121,"North Carolina","Mitchell County",1,71,202,105,97
050,37,121,"North Carolina","Mitchell County",1,72,197,96,101
050,37,121,"North Carolina","Mitchell County",1,73,226,106,120
050,37,121,"North Carolina","Mitchell County",1,74,174,88,86
050,37,121,"North Carolina","Mitchell County",1,75,187,86,101
050,37,121,"North Carolina","Mitchell County",1,76,160,74,86
050,37,121,"North Carolina","Mitchell County",1,77,155,73,82
050,37,121,"North Carolina","Mitchell County",1,78,138,75,63
050,37,121,"North Carolina","Mitchell County",1,79,123,63,60
050,37,121,"North Carolina","Mitchell County",1,80,111,50,61
050,37,121,"North Carolina","Mitchell County",1,81,99,43,56
050,37,121,"North Carolina","Mitchell County",1,82,95,48,47
050,37,121,"North Carolina","Mitchell County",1,83,88,37,51
050,37,121,"North Carolina","Mitchell County",1,84,76,30,46
050,37,121,"North Carolina","Mitchell County",1,85,370,125,245
050,37,121,"North Carolina","Mitchell County",2,0,136,70,66
050,37,121,"North Carolina","Mitchell County",2,1,136,73,63
050,37,121,"North Carolina","Mitchell County",2,2,141,69,72
050,37,121,"North Carolina","Mitchell County",2,3,139,69,70
050,37,121,"North Carolina","Mitchell County",2,4,142,71,71
050,37,121,"North Carolina","Mitchell County",2,5,144,68,76
050,37,121,"North Carolina","Mitchell County",2,6,141,68,73
050,37,121,"North Carolina","Mitchell County",2,7,138,64,74
050,37,121,"North Carolina","Mitchell County",2,8,147,70,77
050,37,121,"North Carolina","Mitchell County",2,9,140,76,64
050,37,121,"North Carolina","Mitchell County",2,10,145,81,64
050,37,121,"North Carolina","Mitchell County",2,11,171,92,79
050,37,121,"North Carolina","Mitchell County",2,12,169,82,87
050,37,121,"North Carolina","Mitchell County",2,13,158,79,79
050,37,121,"North Carolina","Mitchell County",2,14,159,81,78
050,37,121,"North Carolina","Mitchell County",2,15,169,88,81
050,37,121,"North Carolina","Mitchell County",2,16,163,88,75
050,37,121,"North Carolina","Mitchell County",2,17,167,91,76
050,37,121,"North Carolina","Mitchell County",2,18,148,82,66
050,37,121,"North Carolina","Mitchell County",2,19,118,61,57
050,37,121,"North Carolina","Mitchell County",2,20,126,64,62
050,37,121,"North Carolina","Mitchell County",2,21,143,78,65
050,37,121,"North Carolina","Mitchell County",2,22,150,83,67
050,37,121,"North Carolina","Mitchell County",2,23,141,82,59
050,37,121,"North Carolina","Mitchell County",2,24,136,72,64
050,37,121,"North Carolina","Mitchell County",2,25,150,80,70
050,37,121,"North Carolina","Mitchell County",2,26,163,90,73
050,37,121,"North Carolina","Mitchell County",2,27,165,84,81
050,37,121,"North Carolina","Mitchell County",2,28,164,82,82
050,37,121,"North Carolina","Mitchell County",2,29,179,89,90
050,37,121,"North Carolina","Mitchell County",2,30,181,92,89
050,37,121,"North Carolina","Mitchell County",2,31,173,90,83
050,37,121,"North Carolina","Mitchell County",2,32,157,79,78
050,37,121,"North Carolina","Mitchell County",2,33,148,78,70
050,37,121,"North Carolina","Mitchell County",2,34,155,82,73
050,37,121,"North Carolina","Mitchell County",2,35,148,72,76
050,37,121,"North Carolina","Mitchell County",2,36,146,71,75
050,37,121,"North Carolina","Mitchell County",2,37,144,69,75
050,37,121,"North Carolina","Mitchell County",2,38,156,75,81
050,37,121,"North Carolina","Mitchell County",2,39,147,76,71
050,37,121,"North Carolina","Mitchell County",2,40,159,80,79
050,37,121,"North Carolina","Mitchell County",2,41,155,87,68
050,37,121,"North Carolina","Mitchell County",2,42,173,93,80
050,37,121,"North Carolina","Mitchell County",2,43,177,88,89
050,37,121,"North Carolina","Mitchell County",2,44,168,82,86
050,37,121,"North Carolina","Mitchell County",2,45,163,78,85
050,37,121,"North Carolina","Mitchell County",2,46,160,83,77
050,37,121,"North Carolina","Mitchell County",2,47,170,90,80
050,37,121,"North Carolina","Mitchell County",2,48,187,98,89
050,37,121,"North Carolina","Mitchell County",2,49,201,111,90
050,37,121,"North Carolina","Mitchell County",2,50,201,110,91
050,37,121,"North Carolina","Mitchell County",2,51,212,115,97
050,37,121,"North Carolina","Mitchell County",2,52,212,111,101
050,37,121,"North Carolina","Mitchell County",2,53,209,97,112
050,37,121,"North Carolina","Mitchell County",2,54,222,104,118
050,37,121,"North Carolina","Mitchell County",2,55,214,99,115
050,37,121,"North Carolina","Mitchell County",2,56,227,111,116
050,37,121,"North Carolina","Mitchell County",2,57,224,107,117
050,37,121,"North Carolina","Mitchell County",2,58,223,104,119
050,37,121,"North Carolina","Mitchell County",2,59,229,105,124
050,37,121,"North Carolina","Mitchell County",2,60,221,100,121
050,37,121,"North Carolina","Mitchell County",2,61,232,112,120
050,37,121,"North Carolina","Mitchell County",2,62,238,115,123
050,37,121,"North Carolina","Mitchell County",2,63,237,113,124
050,37,121,"North Carolina","Mitchell County",2,64,234,113,121
050,37,121,"North Carolina","Mitchell County",2,65,243,110,133
050,37,121,"North Carolina","Mitchell County",2,66,228,110,118
050,37,121,"North Carolina","Mitchell County",2,67,223,111,112
050,37,121,"North Carolina","Mitchell County",2,68,251,128,123
050,37,121,"North Carolina","Mitchell County",2,69,236,105,131
050,37,121,"North Carolina","Mitchell County",2,70,212,98,114
050,37,121,"North Carolina","Mitchell County",2,71,204,104,100
050,37,121,"North Carolina","Mitchell County",2,72,194,96,98
050,37,121,"North Carolina","Mitchell County",2,73,231,110,121
050,37,121,"North Carolina","Mitchell County",2,74,175,86,89
050,37,121,"North Carolina","Mitchell County",2,75,184,87,97
050,37,121,"North Carolina","Mitchell County",2,76,162,76,86
050,37,121,"North Carolina","Mitchell County",2,77,159,75,84
050,37,121,"North Carolina","Mitchell County",2,78,136,71,65
050,37,121,"North Carolina","Mitchell County",2,79,124,64,60
050,37,121,"North Carolina","Mitchell County",2,80,111,52,59
050,37,121,"North Carolina","Mitchell County",2,81,99,42,57
050,37,121,"North Carolina","Mitchell County",2,82,93,45,48
050,37,121,"North Carolina","Mitchell County",2,83,90,39,51
050,37,121,"North Carolina","Mitchell County",2,84,78,32,46
050,37,121,"North Carolina","Mitchell County",2,85,376,130,246
050,37,121,"North Carolina","Mitchell County",3,0,142,72,70
050,37,121,"North Carolina","Mitchell County",3,1,146,76,70
050,37,121,"North Carolina","Mitchell County",3,2,134,73,61
050,37,121,"North Carolina","Mitchell County",3,3,141,70,71
050,37,121,"North Carolina","Mitchell County",3,4,143,73,70
050,37,121,"North Carolina","Mitchell County",3,5,148,71,77
050,37,121,"North Carolina","Mitchell County",3,6,149,69,80
050,37,121,"North Carolina","Mitchell County",3,7,145,72,73
050,37,121,"North Carolina","Mitchell County",3,8,142,70,72
050,37,121,"North Carolina","Mitchell County",3,9,150,68,82
050,37,121,"North Carolina","Mitchell County",3,10,144,78,66
050,37,121,"North Carolina","Mitchell County",3,11,146,81,65
050,37,121,"North Carolina","Mitchell County",3,12,177,92,85
050,37,121,"North Carolina","Mitchell County",3,13,170,83,87
050,37,121,"North Carolina","Mitchell County",3,14,161,84,77
050,37,121,"North Carolina","Mitchell County",3,15,167,91,76
050,37,121,"North Carolina","Mitchell County",3,16,166,86,80
050,37,121,"North Carolina","Mitchell County",3,17,164,88,76
050,37,121,"North Carolina","Mitchell County",3,18,146,83,63
050,37,121,"North Carolina","Mitchell County",3,19,126,64,62
050,37,121,"North Carolina","Mitchell County",3,20,128,67,61
050,37,121,"North Carolina","Mitchell County",3,21,140,71,69
050,37,121,"North Carolina","Mitchell County",3,22,150,79,71
050,37,121,"North Carolina","Mitchell County",3,23,148,81,67
050,37,121,"North Carolina","Mitchell County",3,24,129,78,51
050,37,121,"North Carolina","Mitchell County",3,25,135,71,64
050,37,121,"North Carolina","Mitchell County",3,26,144,75,69
050,37,121,"North Carolina","Mitchell County",3,27,163,89,74
050,37,121,"North Carolina","Mitchell County",3,28,167,87,80
050,37,121,"North Carolina","Mitchell County",3,29,169,87,82
050,37,121,"North Carolina","Mitchell County",3,30,181,88,93
050,37,121,"North Carolina","Mitchell County",3,31,190,94,96
050,37,121,"North Carolina","Mitchell County",3,32,179,92,87
050,37,121,"North Carolina","Mitchell County",3,33,168,83,85
050,37,121,"North Carolina","Mitchell County",3,34,145,77,68
050,37,121,"North Carolina","Mitchell County",3,35,169,89,80
050,37,121,"North Carolina","Mitchell County",3,36,155,77,78
050,37,121,"North Carolina","Mitchell County",3,37,136,63,73
050,37,121,"North Carolina","Mitchell County",3,38,144,75,69
050,37,121,"North Carolina","Mitchell County",3,39,166,79,87
050,37,121,"North Carolina","Mitchell County",3,40,150,77,73
050,37,121,"North Carolina","Mitchell County",3,41,163,84,79
050,37,121,"North Carolina","Mitchell County",3,42,152,85,67
050,37,121,"North Carolina","Mitchell County",3,43,180,100,80
050,37,121,"North Carolina","Mitchell County",3,44,178,87,91
050,37,121,"North Carolina","Mitchell County",3,45,162,79,83
050,37,121,"North Carolina","Mitchell County",3,46,168,82,86
050,37,121,"North Carolina","Mitchell County",3,47,167,84,83
050,37,121,"North Carolina","Mitchell County",3,48,179,102,77
050,37,121,"North Carolina","Mitchell County",3,49,191,96,95
050,37,121,"North Carolina","Mitchell County",3,50,205,114,91
050,37,121,"North Carolina","Mitchell County",3,51,204,107,97
050,37,121,"North Carolina","Mitchell County",3,52,217,117,100
050,37,121,"North Carolina","Mitchell County",3,53,212,110,102
050,37,121,"North Carolina","Mitchell County",3,54,208,100,108
050,37,121,"North Carolina","Mitchell County",3,55,225,106,119
050,37,121,"North Carolina","Mitchell County",3,56,213,102,111
050,37,121,"North Carolina","Mitchell County",3,57,240,118,122
050,37,121,"North Carolina","Mitchell County",3,58,237,111,126
050,37,121,"North Carolina","Mitchell County",3,59,228,105,123
050,37,121,"North Carolina","Mitchell County",3,60,228,108,120
050,37,121,"North Carolina","Mitchell County",3,61,221,103,118
050,37,121,"North Carolina","Mitchell County",3,62,233,109,124
050,37,121,"North Carolina","Mitchell County",3,63,243,118,125
050,37,121,"North Carolina","Mitchell County",3,64,240,114,126
050,37,121,"North Carolina","Mitchell County",3,65,243,119,124
050,37,121,"North Carolina","Mitchell County",3,66,245,110,135
050,37,121,"North Carolina","Mitchell County",3,67,228,107,121
050,37,121,"North Carolina","Mitchell County",3,68,223,113,110
050,37,121,"North Carolina","Mitchell County",3,69,246,126,120
050,37,121,"North Carolina","Mitchell County",3,70,228,104,124
050,37,121,"North Carolina","Mitchell County",3,71,212,95,117
050,37,121,"North Carolina","Mitchell County",3,72,197,99,98
050,37,121,"North Carolina","Mitchell County",3,73,187,93,94
050,37,121,"North Carolina","Mitchell County",3,74,222,104,118
050,37,121,"North Carolina","Mitchell County",3,75,163,76,87
050,37,121,"North Carolina","Mitchell County",3,76,177,83,94
050,37,121,"North Carolina","Mitchell County",3,77,151,72,79
050,37,121,"North Carolina","Mitchell County",3,78,151,70,81
050,37,121,"North Carolina","Mitchell County",3,79,122,63,59
050,37,121,"North Carolina","Mitchell County",3,80,114,59,55
050,37,121,"North Carolina","Mitchell County",3,81,96,44,52
050,37,121,"North Carolina","Mitchell County",3,82,86,37,49
050,37,121,"North Carolina","Mitchell County",3,83,83,37,46
050,37,121,"North Carolina","Mitchell County",3,84,70,30,40
050,37,121,"North Carolina","Mitchell County",3,85,374,129,245
050,37,121,"North Carolina","Mitchell County",4,0,113,63,50
050,37,121,"North Carolina","Mitchell County",4,1,138,73,65
050,37,121,"North Carolina","Mitchell County",4,2,147,78,69
050,37,121,"North Carolina","Mitchell County",4,3,133,75,58
050,37,121,"North Carolina","Mitchell County",4,4,147,74,73
050,37,121,"North Carolina","Mitchell County",4,5,148,77,71
050,37,121,"North Carolina","Mitchell County",4,6,149,71,78
050,37,121,"North Carolina","Mitchell County",4,7,156,75,81
050,37,121,"North Carolina","Mitchell County",4,8,154,77,77
050,37,121,"North Carolina","Mitchell County",4,9,144,72,72
050,37,121,"North Carolina","Mitchell County",4,10,155,72,83
050,37,121,"North Carolina","Mitchell County",4,11,154,81,73
050,37,121,"North Carolina","Mitchell County",4,12,153,80,73
050,37,121,"North Carolina","Mitchell County",4,13,188,96,92
050,37,121,"North Carolina","Mitchell County",4,14,175,86,89
050,37,121,"North Carolina","Mitchell County",4,15,160,84,76
050,37,121,"North Carolina","Mitchell County",4,16,166,91,75
050,37,121,"North Carolina","Mitchell County",4,17,170,84,86
050,37,121,"North Carolina","Mitchell County",4,18,147,80,67
050,37,121,"North Carolina","Mitchell County",4,19,109,64,45
050,37,121,"North Carolina","Mitchell County",4,20,137,73,64
050,37,121,"North Carolina","Mitchell County",4,21,148,75,73
050,37,121,"North Carolina","Mitchell County",4,22,140,70,70
050,37,121,"North Carolina","Mitchell County",4,23,160,89,71
050,37,121,"North Carolina","Mitchell County",4,24,158,85,73
050,37,121,"North Carolina","Mitchell County",4,25,127,73,54
050,37,121,"North Carolina","Mitchell County",4,26,137,72,65
050,37,121,"North Carolina","Mitchell County",4,27,148,72,76
050,37,121,"North Carolina","Mitchell County",4,28,162,86,76
050,37,121,"North Carolina","Mitchell County",4,29,175,90,85
050,37,121,"North Carolina","Mitchell County",4,30,184,92,92
050,37,121,"North Carolina","Mitchell County",4,31,198,100,98
050,37,121,"North Carolina","Mitchell County",4,32,198,96,102
050,37,121,"North Carolina","Mitchell County",4,33,166,86,80
050,37,121,"North Carolina","Mitchell County",4,34,176,89,87
050,37,121,"North Carolina","Mitchell County",4,35,151,80,71
050,37,121,"North Carolina","Mitchell County",4,36,168,82,86
050,37,121,"North Carolina","Mitchell County",4,37,159,77,82
050,37,121,"North Carolina","Mitchell County",4,38,142,64,78
050,37,121,"North Carolina","Mitchell County",4,39,157,84,73
050,37,121,"North Carolina","Mitchell County",4,40,158,77,81
050,37,121,"North Carolina","Mitchell County",4,41,154,78,76
050,37,121,"North Carolina","Mitchell County",4,42,173,81,92
050,37,121,"North Carolina","Mitchell County",4,43,156,87,69
050,37,121,"North Carolina","Mitchell County",4,44,176,98,78
050,37,121,"North Carolina","Mitchell County",4,45,179,86,93
050,37,121,"North Carolina","Mitchell County",4,46,159,78,81
050,37,121,"North Carolina","Mitchell County",4,47,171,85,86
050,37,121,"North Carolina","Mitchell County",4,48,171,90,81
050,37,121,"North Carolina","Mitchell County",4,49,181,100,81
050,37,121,"North Carolina","Mitchell County",4,50,202,106,96
050,37,121,"North Carolina","Mitchell County",4,51,207,112,95
050,37,121,"North Carolina","Mitchell County",4,52,210,109,101
050,37,121,"North Carolina","Mitchell County",4,53,223,118,105
050,37,121,"North Carolina","Mitchell County",4,54,212,109,103
050,37,121,"North Carolina","Mitchell County",4,55,209,98,111
050,37,121,"North Carolina","Mitchell County",4,56,239,111,128
050,37,121,"North Carolina","Mitchell County",4,57,222,106,116
050,37,121,"North Carolina","Mitchell County",4,58,241,115,126
050,37,121,"North Carolina","Mitchell County",4,59,242,114,128
050,37,121,"North Carolina","Mitchell County",4,60,225,104,121
050,37,121,"North Carolina","Mitchell County",4,61,232,111,121
050,37,121,"North Carolina","Mitchell County",4,62,223,103,120
050,37,121,"North Carolina","Mitchell County",4,63,237,108,129
050,37,121,"North Carolina","Mitchell County",4,64,235,111,124
050,37,121,"North Carolina","Mitchell County",4,65,245,117,128
050,37,121,"North Carolina","Mitchell County",4,66,245,117,128
050,37,121,"North Carolina","Mitchell County",4,67,236,102,134
050,37,121,"North Carolina","Mitchell County",4,68,220,105,115
050,37,121,"North Carolina","Mitchell County",4,69,222,109,113
050,37,121,"North Carolina","Mitchell County",4,70,238,122,116
050,37,121,"North Carolina","Mitchell County",4,71,215,99,116
050,37,121,"North Carolina","Mitchell County",4,72,200,86,114
050,37,121,"North Carolina","Mitchell County",4,73,202,100,102
050,37,121,"North Carolina","Mitchell County",4,74,181,93,88
050,37,121,"North Carolina","Mitchell County",4,75,207,93,114
050,37,121,"North Carolina","Mitchell County",4,76,152,75,77
050,37,121,"North Carolina","Mitchell County",4,77,169,78,91
050,37,121,"North Carolina","Mitchell County",4,78,147,70,77
050,37,121,"North Carolina","Mitchell County",4,79,144,67,77
050,37,121,"North Carolina","Mitchell County",4,80,111,57,54
050,37,121,"North Carolina","Mitchell County",4,81,99,51,48
050,37,121,"North Carolina","Mitchell County",4,82,88,41,47
050,37,121,"North Carolina","Mitchell County",4,83,76,32,44
050,37,121,"North Carolina","Mitchell County",4,84,66,27,39
050,37,121,"North Carolina","Mitchell County",4,85,351,124,227
050,37,121,"North Carolina","Mitchell County",5,0,114,62,52
050,37,121,"North Carolina","Mitchell County",5,1,117,67,50
050,37,121,"North Carolina","Mitchell County",5,2,150,80,70
050,37,121,"North Carolina","Mitchell County",5,3,147,79,68
050,37,121,"North Carolina","Mitchell County",5,4,138,77,61
050,37,121,"North Carolina","Mitchell County",5,5,144,75,69
050,37,121,"North Carolina","Mitchell County",5,6,148,76,72
050,37,121,"North Carolina","Mitchell County",5,7,152,72,80
050,37,121,"North Carolina","Mitchell County",5,8,161,80,81
050,37,121,"North Carolina","Mitchell County",5,9,149,76,73
050,37,121,"North Carolina","Mitchell County",5,10,141,67,74
050,37,121,"North Carolina","Mitchell County",5,11,162,73,89
050,37,121,"North Carolina","Mitchell County",5,12,153,81,72
050,37,121,"North Carolina","Mitchell County",5,13,145,77,68
050,37,121,"North Carolina","Mitchell County",5,14,193,98,95
050,37,121,"North Carolina","Mitchell County",5,15,174,83,91
050,37,121,"North Carolina","Mitchell County",5,16,161,88,73
050,37,121,"North Carolina","Mitchell County",5,17,167,89,78
050,37,121,"North Carolina","Mitchell County",5,18,143,75,68
050,37,121,"North Carolina","Mitchell County",5,19,115,65,50
050,37,121,"North Carolina","Mitchell County",5,20,117,65,52
050,37,121,"North Carolina","Mitchell County",5,21,137,80,57
050,37,121,"North Carolina","Mitchell County",5,22,152,76,76
050,37,121,"North Carolina","Mitchell County",5,23,156,75,81
050,37,121,"North Carolina","Mitchell County",5,24,157,82,75
050,37,121,"North Carolina","Mitchell County",5,25,151,86,65
050,37,121,"North Carolina","Mitchell County",5,26,129,71,58
050,37,121,"North Carolina","Mitchell County",5,27,141,72,69
050,37,121,"North Carolina","Mitchell County",5,28,142,74,68
050,37,121,"North Carolina","Mitchell County",5,29,159,81,78
050,37,121,"North Carolina","Mitchell County",5,30,179,94,85
050,37,121,"North Carolina","Mitchell County",5,31,180,90,90
050,37,121,"North Carolina","Mitchell County",5,32,199,96,103
050,37,121,"North Carolina","Mitchell County",5,33,198,95,103
050,37,121,"North Carolina","Mitchell County",5,34,169,91,78
050,37,121,"North Carolina","Mitchell County",5,35,170,83,87
050,37,121,"North Carolina","Mitchell County",5,36,150,78,72
050,37,121,"North Carolina","Mitchell County",5,37,172,82,90
050,37,121,"North Carolina","Mitchell County",5,38,164,80,84
050,37,121,"North Carolina","Mitchell County",5,39,151,66,85
050,37,121,"North Carolina","Mitchell County",5,40,168,96,72
050,37,121,"North Carolina","Mitchell County",5,41,158,82,76
050,37,121,"North Carolina","Mitchell County",5,42,158,76,82
050,37,121,"North Carolina","Mitchell County",5,43,181,86,95
050,37,121,"North Carolina","Mitchell County",5,44,158,92,66
050,37,121,"North Carolina","Mitchell County",5,45,173,97,76
050,37,121,"North Carolina","Mitchell County",5,46,176,84,92
050,37,121,"North Carolina","Mitchell County",5,47,163,80,83
050,37,121,"North Carolina","Mitchell County",5,48,173,83,90
050,37,121,"North Carolina","Mitchell County",5,49,180,91,89
050,37,121,"North Carolina","Mitchell County",5,50,172,95,77
050,37,121,"North Carolina","Mitchell County",5,51,202,102,100
050,37,121,"North Carolina","Mitchell County",5,52,215,114,101
050,37,121,"North Carolina","Mitchell County",5,53,219,114,105
050,37,121,"North Carolina","Mitchell County",5,54,214,112,102
050,37,121,"North Carolina","Mitchell County",5,55,210,108,102
050,37,121,"North Carolina","Mitchell County",5,56,217,101,116
050,37,121,"North Carolina","Mitchell County",5,57,244,112,132
050,37,121,"North Carolina","Mitchell County",5,58,220,104,116
050,37,121,"North Carolina","Mitchell County",5,59,240,112,128
050,37,121,"North Carolina","Mitchell County",5,60,241,116,125
050,37,121,"North Carolina","Mitchell County",5,61,228,107,121
050,37,121,"North Carolina","Mitchell County",5,62,239,116,123
050,37,121,"North Carolina","Mitchell County",5,63,227,108,119
050,37,121,"North Carolina","Mitchell County",5,64,241,109,132
050,37,121,"North Carolina","Mitchell County",5,65,230,110,120
050,37,121,"North Carolina","Mitchell County",5,66,243,113,130
050,37,121,"North Carolina","Mitchell County",5,67,238,113,125
050,37,121,"North Carolina","Mitchell County",5,68,231,102,129
050,37,121,"North Carolina","Mitchell County",5,69,213,99,114
050,37,121,"North Carolina","Mitchell County",5,70,219,105,114
050,37,121,"North Carolina","Mitchell County",5,71,231,117,114
050,37,121,"North Carolina","Mitchell County",5,72,209,95,114
050,37,121,"North Carolina","Mitchell County",5,73,201,87,114
050,37,121,"North Carolina","Mitchell County",5,74,196,98,98
050,37,121,"North Carolina","Mitchell County",5,75,163,80,83
050,37,121,"North Carolina","Mitchell County",5,76,195,86,109
050,37,121,"North Carolina","Mitchell County",5,77,146,72,74
050,37,121,"North Carolina","Mitchell County",5,78,165,76,89
050,37,121,"North Carolina","Mitchell County",5,79,138,63,75
050,37,121,"North Carolina","Mitchell County",5,80,136,60,76
050,37,121,"North Carolina","Mitchell County",5,81,98,51,47
050,37,121,"North Carolina","Mitchell County",5,82,90,47,43
050,37,121,"North Carolina","Mitchell County",5,83,80,37,43
050,37,121,"North Carolina","Mitchell County",5,84,62,24,38
050,37,121,"North Carolina","Mitchell County",5,85,351,126,225
050,37,123,"North Carolina","Montgomery County",1,0,264,135,129
050,37,123,"North Carolina","Montgomery County",1,1,260,134,126
050,37,123,"North Carolina","Montgomery County",1,2,267,144,123
050,37,123,"North Carolina","Montgomery County",1,3,275,132,143
050,37,123,"North Carolina","Montgomery County",1,4,284,144,140
050,37,123,"North Carolina","Montgomery County",1,5,297,151,146
050,37,123,"North Carolina","Montgomery County",1,6,305,146,159
050,37,123,"North Carolina","Montgomery County",1,7,315,158,157
050,37,123,"North Carolina","Montgomery County",1,8,312,159,153
050,37,123,"North Carolina","Montgomery County",1,9,299,149,150
050,37,123,"North Carolina","Montgomery County",1,10,288,148,140
050,37,123,"North Carolina","Montgomery County",1,11,334,168,166
050,37,123,"North Carolina","Montgomery County",1,12,342,181,161
050,37,123,"North Carolina","Montgomery County",1,13,360,182,178
050,37,123,"North Carolina","Montgomery County",1,14,344,174,170
050,37,123,"North Carolina","Montgomery County",1,15,348,169,179
050,37,123,"North Carolina","Montgomery County",1,16,366,183,183
050,37,123,"North Carolina","Montgomery County",1,17,347,170,177
050,37,123,"North Carolina","Montgomery County",1,18,334,165,169
050,37,123,"North Carolina","Montgomery County",1,19,283,152,131
050,37,123,"North Carolina","Montgomery County",1,20,288,154,134
050,37,123,"North Carolina","Montgomery County",1,21,302,156,146
050,37,123,"North Carolina","Montgomery County",1,22,296,143,153
050,37,123,"North Carolina","Montgomery County",1,23,295,127,168
050,37,123,"North Carolina","Montgomery County",1,24,306,152,154
050,37,123,"North Carolina","Montgomery County",1,25,299,164,135
050,37,123,"North Carolina","Montgomery County",1,26,303,151,152
050,37,123,"North Carolina","Montgomery County",1,27,300,151,149
050,37,123,"North Carolina","Montgomery County",1,28,281,151,130
050,37,123,"North Carolina","Montgomery County",1,29,282,147,135
050,37,123,"North Carolina","Montgomery County",1,30,294,151,143
050,37,123,"North Carolina","Montgomery County",1,31,275,140,135
050,37,123,"North Carolina","Montgomery County",1,32,247,115,132
050,37,123,"North Carolina","Montgomery County",1,33,237,114,123
050,37,123,"North Carolina","Montgomery County",1,34,255,129,126
050,37,123,"North Carolina","Montgomery County",1,35,270,137,133
050,37,123,"North Carolina","Montgomery County",1,36,246,107,139
050,37,123,"North Carolina","Montgomery County",1,37,245,112,133
050,37,123,"North Carolina","Montgomery County",1,38,237,105,132
050,37,123,"North Carolina","Montgomery County",1,39,267,121,146
050,37,123,"North Carolina","Montgomery County",1,40,283,142,141
050,37,123,"North Carolina","Montgomery County",1,41,294,159,135
050,37,123,"North Carolina","Montgomery County",1,42,292,166,126
050,37,123,"North Carolina","Montgomery County",1,43,293,142,151
050,37,123,"North Carolina","Montgomery County",1,44,288,149,139
050,37,123,"North Carolina","Montgomery County",1,45,294,139,155
050,37,123,"North Carolina","Montgomery County",1,46,307,159,148
050,37,123,"North Carolina","Montgomery County",1,47,332,165,167
050,37,123,"North Carolina","Montgomery County",1,48,311,146,165
050,37,123,"North Carolina","Montgomery County",1,49,345,158,187
050,37,123,"North Carolina","Montgomery County",1,50,305,144,161
050,37,123,"North Carolina","Montgomery County",1,51,329,164,165
050,37,123,"North Carolina","Montgomery County",1,52,336,169,167
050,37,123,"North Carolina","Montgomery County",1,53,356,179,177
050,37,123,"North Carolina","Montgomery County",1,54,344,176,168
050,37,123,"North Carolina","Montgomery County",1,55,363,191,172
050,37,123,"North Carolina","Montgomery County",1,56,371,184,187
050,37,123,"North Carolina","Montgomery County",1,57,385,192,193
050,37,123,"North Carolina","Montgomery County",1,58,359,185,174
050,37,123,"North Carolina","Montgomery County",1,59,389,190,199
050,37,123,"North Carolina","Montgomery County",1,60,396,187,209
050,37,123,"North Carolina","Montgomery County",1,61,389,179,210
050,37,123,"North Carolina","Montgomery County",1,62,387,185,202
050,37,123,"North Carolina","Montgomery County",1,63,376,191,185
050,37,123,"North Carolina","Montgomery County",1,64,390,199,191
050,37,123,"North Carolina","Montgomery County",1,65,377,184,193
050,37,123,"North Carolina","Montgomery County",1,66,377,182,195
050,37,123,"North Carolina","Montgomery County",1,67,356,166,190
050,37,123,"North Carolina","Montgomery County",1,68,371,176,195
050,37,123,"North Carolina","Montgomery County",1,69,346,178,168
050,37,123,"North Carolina","Montgomery County",1,70,346,174,172
050,37,123,"North Carolina","Montgomery County",1,71,311,152,159
050,37,123,"North Carolina","Montgomery County",1,72,338,155,183
050,37,123,"North Carolina","Montgomery County",1,73,351,178,173
050,37,123,"North Carolina","Montgomery County",1,74,223,111,112
050,37,123,"North Carolina","Montgomery County",1,75,206,95,111
050,37,123,"North Carolina","Montgomery County",1,76,233,111,122
050,37,123,"North Carolina","Montgomery County",1,77,214,96,118
050,37,123,"North Carolina","Montgomery County",1,78,177,77,100
050,37,123,"North Carolina","Montgomery County",1,79,156,68,88
050,37,123,"North Carolina","Montgomery County",1,80,143,65,78
050,37,123,"North Carolina","Montgomery County",1,81,130,54,76
050,37,123,"North Carolina","Montgomery County",1,82,119,50,69
050,37,123,"North Carolina","Montgomery County",1,83,107,49,58
050,37,123,"North Carolina","Montgomery County",1,84,91,43,48
050,37,123,"North Carolina","Montgomery County",1,85,525,176,349
050,37,123,"North Carolina","Montgomery County",2,0,253,126,127
050,37,123,"North Carolina","Montgomery County",2,1,266,136,130
050,37,123,"North Carolina","Montgomery County",2,2,268,143,125
050,37,123,"North Carolina","Montgomery County",2,3,273,134,139
050,37,123,"North Carolina","Montgomery County",2,4,285,143,142
050,37,123,"North Carolina","Montgomery County",2,5,295,150,145
050,37,123,"North Carolina","Montgomery County",2,6,304,149,155
050,37,123,"North Carolina","Montgomery County",2,7,311,156,155
050,37,123,"North Carolina","Montgomery County",2,8,313,159,154
050,37,123,"North Carolina","Montgomery County",2,9,301,152,149
050,37,123,"North Carolina","Montgomery County",2,10,294,150,144
050,37,123,"North Carolina","Montgomery County",2,11,320,162,158
050,37,123,"North Carolina","Montgomery County",2,12,343,178,165
050,37,123,"North Carolina","Montgomery County",2,13,356,183,173
050,37,123,"North Carolina","Montgomery County",2,14,346,176,170
050,37,123,"North Carolina","Montgomery County",2,15,349,173,176
050,37,123,"North Carolina","Montgomery County",2,16,358,179,179
050,37,123,"North Carolina","Montgomery County",2,17,348,170,178
050,37,123,"North Carolina","Montgomery County",2,18,320,158,162
050,37,123,"North Carolina","Montgomery County",2,19,284,149,135
050,37,123,"North Carolina","Montgomery County",2,20,294,157,137
050,37,123,"North Carolina","Montgomery County",2,21,296,154,142
050,37,123,"North Carolina","Montgomery County",2,22,297,144,153
050,37,123,"North Carolina","Montgomery County",2,23,298,132,166
050,37,123,"North Carolina","Montgomery County",2,24,301,147,154
050,37,123,"North Carolina","Montgomery County",2,25,299,160,139
050,37,123,"North Carolina","Montgomery County",2,26,306,157,149
050,37,123,"North Carolina","Montgomery County",2,27,299,150,149
050,37,123,"North Carolina","Montgomery County",2,28,285,152,133
050,37,123,"North Carolina","Montgomery County",2,29,281,146,135
050,37,123,"North Carolina","Montgomery County",2,30,296,150,146
050,37,123,"North Carolina","Montgomery County",2,31,277,140,137
050,37,123,"North Carolina","Montgomery County",2,32,252,120,132
050,37,123,"North Carolina","Montgomery County",2,33,245,117,128
050,37,123,"North Carolina","Montgomery County",2,34,254,127,127
050,37,123,"North Carolina","Montgomery County",2,35,270,137,133
050,37,123,"North Carolina","Montgomery County",2,36,251,113,138
050,37,123,"North Carolina","Montgomery County",2,37,249,113,136
050,37,123,"North Carolina","Montgomery County",2,38,240,106,134
050,37,123,"North Carolina","Montgomery County",2,39,257,117,140
050,37,123,"North Carolina","Montgomery County",2,40,279,136,143
050,37,123,"North Carolina","Montgomery County",2,41,291,156,135
050,37,123,"North Carolina","Montgomery County",2,42,288,159,129
050,37,123,"North Carolina","Montgomery County",2,43,297,150,147
050,37,123,"North Carolina","Montgomery County",2,44,291,148,143
050,37,123,"North Carolina","Montgomery County",2,45,295,143,152
050,37,123,"North Carolina","Montgomery County",2,46,299,152,147
050,37,123,"North Carolina","Montgomery County",2,47,324,163,161
050,37,123,"North Carolina","Montgomery County",2,48,314,149,165
050,37,123,"North Carolina","Montgomery County",2,49,339,157,182
050,37,123,"North Carolina","Montgomery County",2,50,316,148,168
050,37,123,"North Carolina","Montgomery County",2,51,324,160,164
050,37,123,"North Carolina","Montgomery County",2,52,336,169,167
050,37,123,"North Carolina","Montgomery County",2,53,347,174,173
050,37,123,"North Carolina","Montgomery County",2,54,345,176,169
050,37,123,"North Carolina","Montgomery County",2,55,356,187,169
050,37,123,"North Carolina","Montgomery County",2,56,373,186,187
050,37,123,"North Carolina","Montgomery County",2,57,386,193,193
050,37,123,"North Carolina","Montgomery County",2,58,364,185,179
050,37,123,"North Carolina","Montgomery County",2,59,384,190,194
050,37,123,"North Carolina","Montgomery County",2,60,394,187,207
050,37,123,"North Carolina","Montgomery County",2,61,389,180,209
050,37,123,"North Carolina","Montgomery County",2,62,387,184,203
050,37,123,"North Carolina","Montgomery County",2,63,380,191,189
050,37,123,"North Carolina","Montgomery County",2,64,386,198,188
050,37,123,"North Carolina","Montgomery County",2,65,378,187,191
050,37,123,"North Carolina","Montgomery County",2,66,377,183,194
050,37,123,"North Carolina","Montgomery County",2,67,356,167,189
050,37,123,"North Carolina","Montgomery County",2,68,366,173,193
050,37,123,"North Carolina","Montgomery County",2,69,355,179,176
050,37,123,"North Carolina","Montgomery County",2,70,342,172,170
050,37,123,"North Carolina","Montgomery County",2,71,316,155,161
050,37,123,"North Carolina","Montgomery County",2,72,322,150,172
050,37,123,"North Carolina","Montgomery County",2,73,362,179,183
050,37,123,"North Carolina","Montgomery County",2,74,240,120,120
050,37,123,"North Carolina","Montgomery County",2,75,210,100,110
050,37,123,"North Carolina","Montgomery County",2,76,223,105,118
050,37,123,"North Carolina","Montgomery County",2,77,222,101,121
050,37,123,"North Carolina","Montgomery County",2,78,181,80,101
050,37,123,"North Carolina","Montgomery County",2,79,157,67,90
050,37,123,"North Carolina","Montgomery County",2,80,145,66,79
050,37,123,"North Carolina","Montgomery County",2,81,129,56,73
050,37,123,"North Carolina","Montgomery County",2,82,120,51,69
050,37,123,"North Carolina","Montgomery County",2,83,103,47,56
050,37,123,"North Carolina","Montgomery County",2,84,91,43,48
050,37,123,"North Carolina","Montgomery County",2,85,518,180,338
050,37,123,"North Carolina","Montgomery County",3,0,257,141,116
050,37,123,"North Carolina","Montgomery County",3,1,260,136,124
050,37,123,"North Carolina","Montgomery County",3,2,266,134,132
050,37,123,"North Carolina","Montgomery County",3,3,265,140,125
050,37,123,"North Carolina","Montgomery County",3,4,267,129,138
050,37,123,"North Carolina","Montgomery County",3,5,283,141,142
050,37,123,"North Carolina","Montgomery County",3,6,284,144,140
050,37,123,"North Carolina","Montgomery County",3,7,294,144,150
050,37,123,"North Carolina","Montgomery County",3,8,310,156,154
050,37,123,"North Carolina","Montgomery County",3,9,314,159,155
050,37,123,"North Carolina","Montgomery County",3,10,299,148,151
050,37,123,"North Carolina","Montgomery County",3,11,294,154,140
050,37,123,"North Carolina","Montgomery County",3,12,322,165,157
050,37,123,"North Carolina","Montgomery County",3,13,342,178,164
050,37,123,"North Carolina","Montgomery County",3,14,355,182,173
050,37,123,"North Carolina","Montgomery County",3,15,346,179,167
050,37,123,"North Carolina","Montgomery County",3,16,345,169,176
050,37,123,"North Carolina","Montgomery County",3,17,349,169,180
050,37,123,"North Carolina","Montgomery County",3,18,303,154,149
050,37,123,"North Carolina","Montgomery County",3,19,280,144,136
050,37,123,"North Carolina","Montgomery County",3,20,298,159,139
050,37,123,"North Carolina","Montgomery County",3,21,309,159,150
050,37,123,"North Carolina","Montgomery County",3,22,316,166,150
050,37,123,"North Carolina","Montgomery County",3,23,308,151,157
050,37,123,"North Carolina","Montgomery County",3,24,299,127,172
050,37,123,"North Carolina","Montgomery County",3,25,286,139,147
050,37,123,"North Carolina","Montgomery County",3,26,300,162,138
050,37,123,"North Carolina","Montgomery County",3,27,302,160,142
050,37,123,"North Carolina","Montgomery County",3,28,282,147,135
050,37,123,"North Carolina","Montgomery County",3,29,297,156,141
050,37,123,"North Carolina","Montgomery County",3,30,295,151,144
050,37,123,"North Carolina","Montgomery County",3,31,303,161,142
050,37,123,"North Carolina","Montgomery County",3,32,268,131,137
050,37,123,"North Carolina","Montgomery County",3,33,264,124,140
050,37,123,"North Carolina","Montgomery County",3,34,263,118,145
050,37,123,"North Carolina","Montgomery County",3,35,260,127,133
050,37,123,"North Carolina","Montgomery County",3,36,267,141,126
050,37,123,"North Carolina","Montgomery County",3,37,245,111,134
050,37,123,"North Carolina","Montgomery County",3,38,243,114,129
050,37,123,"North Carolina","Montgomery County",3,39,255,115,140
050,37,123,"North Carolina","Montgomery County",3,40,260,117,143
050,37,123,"North Carolina","Montgomery County",3,41,281,147,134
050,37,123,"North Carolina","Montgomery County",3,42,287,146,141
050,37,123,"North Carolina","Montgomery County",3,43,290,150,140
050,37,123,"North Carolina","Montgomery County",3,44,310,157,153
050,37,123,"North Carolina","Montgomery County",3,45,307,153,154
050,37,123,"North Carolina","Montgomery County",3,46,296,148,148
050,37,123,"North Carolina","Montgomery County",3,47,299,150,149
050,37,123,"North Carolina","Montgomery County",3,48,335,171,164
050,37,123,"North Carolina","Montgomery County",3,49,323,153,170
050,37,123,"North Carolina","Montgomery County",3,50,345,164,181
050,37,123,"North Carolina","Montgomery County",3,51,319,148,171
050,37,123,"North Carolina","Montgomery County",3,52,346,166,180
050,37,123,"North Carolina","Montgomery County",3,53,331,167,164
050,37,123,"North Carolina","Montgomery County",3,54,346,168,178
050,37,123,"North Carolina","Montgomery County",3,55,350,183,167
050,37,123,"North Carolina","Montgomery County",3,56,371,193,178
050,37,123,"North Carolina","Montgomery County",3,57,384,195,189
050,37,123,"North Carolina","Montgomery County",3,58,393,197,196
050,37,123,"North Carolina","Montgomery County",3,59,371,190,181
050,37,123,"North Carolina","Montgomery County",3,60,382,181,201
050,37,123,"North Carolina","Montgomery County",3,61,397,187,210
050,37,123,"North Carolina","Montgomery County",3,62,390,180,210
050,37,123,"North Carolina","Montgomery County",3,63,393,187,206
050,37,123,"North Carolina","Montgomery County",3,64,393,199,194
050,37,123,"North Carolina","Montgomery County",3,65,390,198,192
050,37,123,"North Carolina","Montgomery County",3,66,389,194,195
050,37,123,"North Carolina","Montgomery County",3,67,373,179,194
050,37,123,"North Carolina","Montgomery County",3,68,355,164,191
050,37,123,"North Carolina","Montgomery County",3,69,361,171,190
050,37,123,"North Carolina","Montgomery County",3,70,343,172,171
050,37,123,"North Carolina","Montgomery County",3,71,338,170,168
050,37,123,"North Carolina","Montgomery County",3,72,307,152,155
050,37,123,"North Carolina","Montgomery County",3,73,306,142,164
050,37,123,"North Carolina","Montgomery County",3,74,355,174,181
050,37,123,"North Carolina","Montgomery County",3,75,228,110,118
050,37,123,"North Carolina","Montgomery County",3,76,210,97,113
050,37,123,"North Carolina","Montgomery County",3,77,199,91,108
050,37,123,"North Carolina","Montgomery County",3,78,213,100,113
050,37,123,"North Carolina","Montgomery County",3,79,172,77,95
050,37,123,"North Carolina","Montgomery County",3,80,146,60,86
050,37,123,"North Carolina","Montgomery County",3,81,130,58,72
050,37,123,"North Carolina","Montgomery County",3,82,117,50,67
050,37,123,"North Carolina","Montgomery County",3,83,117,48,69
050,37,123,"North Carolina","Montgomery County",3,84,89,40,49
050,37,123,"North Carolina","Montgomery County",3,85,530,194,336
050,37,123,"North Carolina","Montgomery County",4,0,248,128,120
050,37,123,"North Carolina","Montgomery County",4,1,252,136,116
050,37,123,"North Carolina","Montgomery County",4,2,260,132,128
050,37,123,"North Carolina","Montgomery County",4,3,273,135,138
050,37,123,"North Carolina","Montgomery County",4,4,277,150,127
050,37,123,"North Carolina","Montgomery County",4,5,277,137,140
050,37,123,"North Carolina","Montgomery County",4,6,282,144,138
050,37,123,"North Carolina","Montgomery County",4,7,290,151,139
050,37,123,"North Carolina","Montgomery County",4,8,282,144,138
050,37,123,"North Carolina","Montgomery County",4,9,314,162,152
050,37,123,"North Carolina","Montgomery County",4,10,314,165,149
050,37,123,"North Carolina","Montgomery County",4,11,306,156,150
050,37,123,"North Carolina","Montgomery County",4,12,301,161,140
050,37,123,"North Carolina","Montgomery County",4,13,311,154,157
050,37,123,"North Carolina","Montgomery County",4,14,348,181,167
050,37,123,"North Carolina","Montgomery County",4,15,361,187,174
050,37,123,"North Carolina","Montgomery County",4,16,338,166,172
050,37,123,"North Carolina","Montgomery County",4,17,335,168,167
050,37,123,"North Carolina","Montgomery County",4,18,309,152,157
050,37,123,"North Carolina","Montgomery County",4,19,244,136,108
050,37,123,"North Carolina","Montgomery County",4,20,293,149,144
050,37,123,"North Carolina","Montgomery County",4,21,318,168,150
050,37,123,"North Carolina","Montgomery County",4,22,318,159,159
050,37,123,"North Carolina","Montgomery County",4,23,315,175,140
050,37,123,"North Carolina","Montgomery County",4,24,320,158,162
050,37,123,"North Carolina","Montgomery County",4,25,297,122,175
050,37,123,"North Carolina","Montgomery County",4,26,299,148,151
050,37,123,"North Carolina","Montgomery County",4,27,301,162,139
050,37,123,"North Carolina","Montgomery County",4,28,301,159,142
050,37,123,"North Carolina","Montgomery County",4,29,263,132,131
050,37,123,"North Carolina","Montgomery County",4,30,291,148,143
050,37,123,"North Carolina","Montgomery County",4,31,273,142,131
050,37,123,"North Carolina","Montgomery County",4,32,302,159,143
050,37,123,"North Carolina","Montgomery County",4,33,286,141,145
050,37,123,"North Carolina","Montgomery County",4,34,276,128,148
050,37,123,"North Carolina","Montgomery County",4,35,269,123,146
050,37,123,"North Carolina","Montgomery County",4,36,259,124,135
050,37,123,"North Carolina","Montgomery County",4,37,276,142,134
050,37,123,"North Carolina","Montgomery County",4,38,242,110,132
050,37,123,"North Carolina","Montgomery County",4,39,243,115,128
050,37,123,"North Carolina","Montgomery County",4,40,255,109,146
050,37,123,"North Carolina","Montgomery County",4,41,281,134,147
050,37,123,"North Carolina","Montgomery County",4,42,272,143,129
050,37,123,"North Carolina","Montgomery County",4,43,289,146,143
050,37,123,"North Carolina","Montgomery County",4,44,280,147,133
050,37,123,"North Carolina","Montgomery County",4,45,306,159,147
050,37,123,"North Carolina","Montgomery County",4,46,317,167,150
050,37,123,"North Carolina","Montgomery County",4,47,287,143,144
050,37,123,"North Carolina","Montgomery County",4,48,301,144,157
050,37,123,"North Carolina","Montgomery County",4,49,342,173,169
050,37,123,"North Carolina","Montgomery County",4,50,318,150,168
050,37,123,"North Carolina","Montgomery County",4,51,340,157,183
050,37,123,"North Carolina","Montgomery County",4,52,337,162,175
050,37,123,"North Carolina","Montgomery County",4,53,340,166,174
050,37,123,"North Carolina","Montgomery County",4,54,339,176,163
050,37,123,"North Carolina","Montgomery County",4,55,348,172,176
050,37,123,"North Carolina","Montgomery County",4,56,346,177,169
050,37,123,"North Carolina","Montgomery County",4,57,375,198,177
050,37,123,"North Carolina","Montgomery County",4,58,385,193,192
050,37,123,"North Carolina","Montgomery County",4,59,398,204,194
050,37,123,"North Carolina","Montgomery County",4,60,374,190,184
050,37,123,"North Carolina","Montgomery County",4,61,383,187,196
050,37,123,"North Carolina","Montgomery County",4,62,410,195,215
050,37,123,"North Carolina","Montgomery County",4,63,385,181,204
050,37,123,"North Carolina","Montgomery County",4,64,389,187,202
050,37,123,"North Carolina","Montgomery County",4,65,402,196,206
050,37,123,"North Carolina","Montgomery County",4,66,383,195,188
050,37,123,"North Carolina","Montgomery County",4,67,381,186,195
050,37,123,"North Carolina","Montgomery County",4,68,371,176,195
050,37,123,"North Carolina","Montgomery County",4,69,345,159,186
050,37,123,"North Carolina","Montgomery County",4,70,358,163,195
050,37,123,"North Carolina","Montgomery County",4,71,330,160,170
050,37,123,"North Carolina","Montgomery County",4,72,324,164,160
050,37,123,"North Carolina","Montgomery County",4,73,300,147,153
050,37,123,"North Carolina","Montgomery County",4,74,286,129,157
050,37,123,"North Carolina","Montgomery County",4,75,347,168,179
050,37,123,"North Carolina","Montgomery County",4,76,227,109,118
050,37,123,"North Carolina","Montgomery County",4,77,191,82,109
050,37,123,"North Carolina","Montgomery County",4,78,190,88,102
050,37,123,"North Carolina","Montgomery County",4,79,197,92,105
050,37,123,"North Carolina","Montgomery County",4,80,159,70,89
050,37,123,"North Carolina","Montgomery County",4,81,129,50,79
050,37,123,"North Carolina","Montgomery County",4,82,119,53,66
050,37,123,"North Carolina","Montgomery County",4,83,107,43,64
050,37,123,"North Carolina","Montgomery County",4,84,96,33,63
050,37,123,"North Carolina","Montgomery County",4,85,538,210,328
050,37,123,"North Carolina","Montgomery County",5,0,246,127,119
050,37,123,"North Carolina","Montgomery County",5,1,272,148,124
050,37,123,"North Carolina","Montgomery County",5,2,256,136,120
050,37,123,"North Carolina","Montgomery County",5,3,267,137,130
050,37,123,"North Carolina","Montgomery County",5,4,268,134,134
050,37,123,"North Carolina","Montgomery County",5,5,273,147,126
050,37,123,"North Carolina","Montgomery County",5,6,281,133,148
050,37,123,"North Carolina","Montgomery County",5,7,289,151,138
050,37,123,"North Carolina","Montgomery County",5,8,289,147,142
050,37,123,"North Carolina","Montgomery County",5,9,298,149,149
050,37,123,"North Carolina","Montgomery County",5,10,324,168,156
050,37,123,"North Carolina","Montgomery County",5,11,334,179,155
050,37,123,"North Carolina","Montgomery County",5,12,303,159,144
050,37,123,"North Carolina","Montgomery County",5,13,316,171,145
050,37,123,"North Carolina","Montgomery County",5,14,326,167,159
050,37,123,"North Carolina","Montgomery County",5,15,350,189,161
050,37,123,"North Carolina","Montgomery County",5,16,356,187,169
050,37,123,"North Carolina","Montgomery County",5,17,332,163,169
050,37,123,"North Carolina","Montgomery County",5,18,286,144,142
050,37,123,"North Carolina","Montgomery County",5,19,257,127,130
050,37,123,"North Carolina","Montgomery County",5,20,264,147,117
050,37,123,"North Carolina","Montgomery County",5,21,330,158,172
050,37,123,"North Carolina","Montgomery County",5,22,336,178,158
050,37,123,"North Carolina","Montgomery County",5,23,342,176,166
050,37,123,"North Carolina","Montgomery County",5,24,318,176,142
050,37,123,"North Carolina","Montgomery County",5,25,298,139,159
050,37,123,"North Carolina","Montgomery County",5,26,308,126,182
050,37,123,"North Carolina","Montgomery County",5,27,304,152,152
050,37,123,"North Carolina","Montgomery County",5,28,303,160,143
050,37,123,"North Carolina","Montgomery County",5,29,300,147,153
050,37,123,"North Carolina","Montgomery County",5,30,277,138,139
050,37,123,"North Carolina","Montgomery County",5,31,290,148,142
050,37,123,"North Carolina","Montgomery County",5,32,285,143,142
050,37,123,"North Carolina","Montgomery County",5,33,319,168,151
050,37,123,"North Carolina","Montgomery County",5,34,296,135,161
050,37,123,"North Carolina","Montgomery County",5,35,272,125,147
050,37,123,"North Carolina","Montgomery County",5,36,260,114,146
050,37,123,"North Carolina","Montgomery County",5,37,266,121,145
050,37,123,"North Carolina","Montgomery County",5,38,268,138,130
050,37,123,"North Carolina","Montgomery County",5,39,252,115,137
050,37,123,"North Carolina","Montgomery County",5,40,255,119,136
050,37,123,"North Carolina","Montgomery County",5,41,263,119,144
050,37,123,"North Carolina","Montgomery County",5,42,266,118,148
050,37,123,"North Carolina","Montgomery County",5,43,277,145,132
050,37,123,"North Carolina","Montgomery County",5,44,289,143,146
050,37,123,"North Carolina","Montgomery County",5,45,277,146,131
050,37,123,"North Carolina","Montgomery County",5,46,313,178,135
050,37,123,"North Carolina","Montgomery County",5,47,322,166,156
050,37,123,"North Carolina","Montgomery County",5,48,275,128,147
050,37,123,"North Carolina","Montgomery County",5,49,321,153,168
050,37,123,"North Carolina","Montgomery County",5,50,337,170,167
050,37,123,"North Carolina","Montgomery County",5,51,315,141,174
050,37,123,"North Carolina","Montgomery County",5,52,366,172,194
050,37,123,"North Carolina","Montgomery County",5,53,336,157,179
050,37,123,"North Carolina","Montgomery County",5,54,337,166,171
050,37,123,"North Carolina","Montgomery County",5,55,347,182,165
050,37,123,"North Carolina","Montgomery County",5,56,345,166,179
050,37,123,"North Carolina","Montgomery County",5,57,351,184,167
050,37,123,"North Carolina","Montgomery County",5,58,388,205,183
050,37,123,"North Carolina","Montgomery County",5,59,399,201,198
050,37,123,"North Carolina","Montgomery County",5,60,402,202,200
050,37,123,"North Carolina","Montgomery County",5,61,379,197,182
050,37,123,"North Carolina","Montgomery County",5,62,387,187,200
050,37,123,"North Carolina","Montgomery County",5,63,415,201,214
050,37,123,"North Carolina","Montgomery County",5,64,378,186,192
050,37,123,"North Carolina","Montgomery County",5,65,393,188,205
050,37,123,"North Carolina","Montgomery County",5,66,400,193,207
050,37,123,"North Carolina","Montgomery County",5,67,381,194,187
050,37,123,"North Carolina","Montgomery County",5,68,374,183,191
050,37,123,"North Carolina","Montgomery County",5,69,360,168,192
050,37,123,"North Carolina","Montgomery County",5,70,335,150,185
050,37,123,"North Carolina","Montgomery County",5,71,346,155,191
050,37,123,"North Carolina","Montgomery County",5,72,324,156,168
050,37,123,"North Carolina","Montgomery County",5,73,313,154,159
050,37,123,"North Carolina","Montgomery County",5,74,293,142,151
050,37,123,"North Carolina","Montgomery County",5,75,279,123,156
050,37,123,"North Carolina","Montgomery County",5,76,341,163,178
050,37,123,"North Carolina","Montgomery County",5,77,212,99,113
050,37,123,"North Carolina","Montgomery County",5,78,182,79,103
050,37,123,"North Carolina","Montgomery County",5,79,185,86,99
050,37,123,"North Carolina","Montgomery County",5,80,185,87,98
050,37,123,"North Carolina","Montgomery County",5,81,149,66,83
050,37,123,"North Carolina","Montgomery County",5,82,121,44,77
050,37,123,"North Carolina","Montgomery County",5,83,115,51,64
050,37,123,"North Carolina","Montgomery County",5,84,88,33,55
050,37,123,"North Carolina","Montgomery County",5,85,558,219,339
050,37,125,"North Carolina","Moore County",1,0,1115,570,545
050,37,125,"North Carolina","Moore County",1,1,1130,590,540
050,37,125,"North Carolina","Moore County",1,2,1218,616,602
050,37,125,"North Carolina","Moore County",1,3,1192,628,564
050,37,125,"North Carolina","Moore County",1,4,1218,634,584
050,37,125,"North Carolina","Moore County",1,5,1198,650,548
050,37,125,"North Carolina","Moore County",1,6,1219,661,558
050,37,125,"North Carolina","Moore County",1,7,1246,635,611
050,37,125,"North Carolina","Moore County",1,8,1190,603,587
050,37,125,"North Carolina","Moore County",1,9,1141,582,559
050,37,125,"North Carolina","Moore County",1,10,1217,611,606
050,37,125,"North Carolina","Moore County",1,11,1278,654,624
050,37,125,"North Carolina","Moore County",1,12,1307,673,634
050,37,125,"North Carolina","Moore County",1,13,1275,662,613
050,37,125,"North Carolina","Moore County",1,14,1214,616,598
050,37,125,"North Carolina","Moore County",1,15,1199,603,596
050,37,125,"North Carolina","Moore County",1,16,1211,630,581
050,37,125,"North Carolina","Moore County",1,17,1158,588,570
050,37,125,"North Carolina","Moore County",1,18,962,490,472
050,37,125,"North Carolina","Moore County",1,19,815,419,396
050,37,125,"North Carolina","Moore County",1,20,843,437,406
050,37,125,"North Carolina","Moore County",1,21,877,441,436
050,37,125,"North Carolina","Moore County",1,22,827,419,408
050,37,125,"North Carolina","Moore County",1,23,849,423,426
050,37,125,"North Carolina","Moore County",1,24,864,421,443
050,37,125,"North Carolina","Moore County",1,25,897,439,458
050,37,125,"North Carolina","Moore County",1,26,951,488,463
050,37,125,"North Carolina","Moore County",1,27,1043,527,516
050,37,125,"North Carolina","Moore County",1,28,1176,607,569
050,37,125,"North Carolina","Moore County",1,29,1206,606,600
050,37,125,"North Carolina","Moore County",1,30,1259,622,637
050,37,125,"North Carolina","Moore County",1,31,1259,610,649
050,37,125,"North Carolina","Moore County",1,32,1235,608,627
050,37,125,"North Carolina","Moore County",1,33,1301,631,670
050,37,125,"North Carolina","Moore County",1,34,1287,652,635
050,37,125,"North Carolina","Moore County",1,35,1324,667,657
050,37,125,"North Carolina","Moore County",1,36,1324,661,663
050,37,125,"North Carolina","Moore County",1,37,1367,703,664
050,37,125,"North Carolina","Moore County",1,38,1318,671,647
050,37,125,"North Carolina","Moore County",1,39,1255,635,620
050,37,125,"North Carolina","Moore County",1,40,1206,602,604
050,37,125,"North Carolina","Moore County",1,41,1108,584,524
050,37,125,"North Carolina","Moore County",1,42,1083,546,537
050,37,125,"North Carolina","Moore County",1,43,1131,554,577
050,37,125,"North Carolina","Moore County",1,44,1046,528,518
050,37,125,"North Carolina","Moore County",1,45,1093,504,589
050,37,125,"North Carolina","Moore County",1,46,1084,502,582
050,37,125,"North Carolina","Moore County",1,47,1094,539,555
050,37,125,"North Carolina","Moore County",1,48,1134,554,580
050,37,125,"North Carolina","Moore County",1,49,1168,569,599
050,37,125,"North Carolina","Moore County",1,50,1110,542,568
050,37,125,"North Carolina","Moore County",1,51,1117,548,569
050,37,125,"North Carolina","Moore County",1,52,1092,536,556
050,37,125,"North Carolina","Moore County",1,53,1157,563,594
050,37,125,"North Carolina","Moore County",1,54,1161,562,599
050,37,125,"North Carolina","Moore County",1,55,1234,615,619
050,37,125,"North Carolina","Moore County",1,56,1267,607,660
050,37,125,"North Carolina","Moore County",1,57,1359,649,710
050,37,125,"North Carolina","Moore County",1,58,1320,625,695
050,37,125,"North Carolina","Moore County",1,59,1338,634,704
050,37,125,"North Carolina","Moore County",1,60,1290,623,667
050,37,125,"North Carolina","Moore County",1,61,1384,659,725
050,37,125,"North Carolina","Moore County",1,62,1383,650,733
050,37,125,"North Carolina","Moore County",1,63,1356,636,720
050,37,125,"North Carolina","Moore County",1,64,1365,634,731
050,37,125,"North Carolina","Moore County",1,65,1382,636,746
050,37,125,"North Carolina","Moore County",1,66,1388,635,753
050,37,125,"North Carolina","Moore County",1,67,1302,590,712
050,37,125,"North Carolina","Moore County",1,68,1308,584,724
050,37,125,"North Carolina","Moore County",1,69,1212,545,667
050,37,125,"North Carolina","Moore County",1,70,1224,556,668
050,37,125,"North Carolina","Moore County",1,71,1317,626,691
050,37,125,"North Carolina","Moore County",1,72,1350,631,719
050,37,125,"North Carolina","Moore County",1,73,1364,640,724
050,37,125,"North Carolina","Moore County",1,74,968,447,521
050,37,125,"North Carolina","Moore County",1,75,1047,476,571
050,37,125,"North Carolina","Moore County",1,76,1014,485,529
050,37,125,"North Carolina","Moore County",1,77,1020,485,535
050,37,125,"North Carolina","Moore County",1,78,849,402,447
050,37,125,"North Carolina","Moore County",1,79,737,339,398
050,37,125,"North Carolina","Moore County",1,80,677,309,368
050,37,125,"North Carolina","Moore County",1,81,665,291,374
050,37,125,"North Carolina","Moore County",1,82,642,289,353
050,37,125,"North Carolina","Moore County",1,83,549,255,294
050,37,125,"North Carolina","Moore County",1,84,525,232,293
050,37,125,"North Carolina","Moore County",1,85,3160,1190,1970
050,37,125,"North Carolina","Moore County",2,0,1139,594,545
050,37,125,"North Carolina","Moore County",2,1,1141,592,549
050,37,125,"North Carolina","Moore County",2,2,1206,614,592
050,37,125,"North Carolina","Moore County",2,3,1196,625,571
050,37,125,"North Carolina","Moore County",2,4,1223,638,585
050,37,125,"North Carolina","Moore County",2,5,1223,656,567
050,37,125,"North Carolina","Moore County",2,6,1229,667,562
050,37,125,"North Carolina","Moore County",2,7,1250,646,604
050,37,125,"North Carolina","Moore County",2,8,1204,612,592
050,37,125,"North Carolina","Moore County",2,9,1159,591,568
050,37,125,"North Carolina","Moore County",2,10,1207,608,599
050,37,125,"North Carolina","Moore County",2,11,1267,646,621
050,37,125,"North Carolina","Moore County",2,12,1313,677,636
050,37,125,"North Carolina","Moore County",2,13,1287,667,620
050,37,125,"North Carolina","Moore County",2,14,1230,627,603
050,37,125,"North Carolina","Moore County",2,15,1207,608,599
050,37,125,"North Carolina","Moore County",2,16,1215,627,588
050,37,125,"North Carolina","Moore County",2,17,1168,593,575
050,37,125,"North Carolina","Moore County",2,18,965,492,473
050,37,125,"North Carolina","Moore County",2,19,811,412,399
050,37,125,"North Carolina","Moore County",2,20,858,443,415
050,37,125,"North Carolina","Moore County",2,21,874,442,432
050,37,125,"North Carolina","Moore County",2,22,850,429,421
050,37,125,"North Carolina","Moore County",2,23,849,424,425
050,37,125,"North Carolina","Moore County",2,24,858,422,436
050,37,125,"North Carolina","Moore County",2,25,895,438,457
050,37,125,"North Carolina","Moore County",2,26,964,489,475
050,37,125,"North Carolina","Moore County",2,27,1045,534,511
050,37,125,"North Carolina","Moore County",2,28,1160,599,561
050,37,125,"North Carolina","Moore County",2,29,1215,616,599
050,37,125,"North Carolina","Moore County",2,30,1269,628,641
050,37,125,"North Carolina","Moore County",2,31,1269,617,652
050,37,125,"North Carolina","Moore County",2,32,1257,615,642
050,37,125,"North Carolina","Moore County",2,33,1304,639,665
050,37,125,"North Carolina","Moore County",2,34,1315,663,652
050,37,125,"North Carolina","Moore County",2,35,1340,679,661
050,37,125,"North Carolina","Moore County",2,36,1338,674,664
050,37,125,"North Carolina","Moore County",2,37,1373,705,668
050,37,125,"North Carolina","Moore County",2,38,1350,687,663
050,37,125,"North Carolina","Moore County",2,39,1267,640,627
050,37,125,"North Carolina","Moore County",2,40,1228,618,610
050,37,125,"North Carolina","Moore County",2,41,1128,585,543
050,37,125,"North Carolina","Moore County",2,42,1084,552,532
050,37,125,"North Carolina","Moore County",2,43,1126,556,570
050,37,125,"North Carolina","Moore County",2,44,1055,524,531
050,37,125,"North Carolina","Moore County",2,45,1087,510,577
050,37,125,"North Carolina","Moore County",2,46,1081,503,578
050,37,125,"North Carolina","Moore County",2,47,1094,529,565
050,37,125,"North Carolina","Moore County",2,48,1129,553,576
050,37,125,"North Carolina","Moore County",2,49,1168,570,598
050,37,125,"North Carolina","Moore County",2,50,1131,553,578
050,37,125,"North Carolina","Moore County",2,51,1110,544,566
050,37,125,"North Carolina","Moore County",2,52,1098,538,560
050,37,125,"North Carolina","Moore County",2,53,1150,560,590
050,37,125,"North Carolina","Moore County",2,54,1161,563,598
050,37,125,"North Carolina","Moore County",2,55,1220,603,617
050,37,125,"North Carolina","Moore County",2,56,1271,616,655
050,37,125,"North Carolina","Moore County",2,57,1345,640,705
050,37,125,"North Carolina","Moore County",2,58,1324,629,695
050,37,125,"North Carolina","Moore County",2,59,1349,641,708
050,37,125,"North Carolina","Moore County",2,60,1310,629,681
050,37,125,"North Carolina","Moore County",2,61,1370,651,719
050,37,125,"North Carolina","Moore County",2,62,1385,650,735
050,37,125,"North Carolina","Moore County",2,63,1384,648,736
050,37,125,"North Carolina","Moore County",2,64,1363,634,729
050,37,125,"North Carolina","Moore County",2,65,1387,641,746
050,37,125,"North Carolina","Moore County",2,66,1394,641,753
050,37,125,"North Carolina","Moore County",2,67,1323,602,721
050,37,125,"North Carolina","Moore County",2,68,1301,583,718
050,37,125,"North Carolina","Moore County",2,69,1249,561,688
050,37,125,"North Carolina","Moore County",2,70,1219,551,668
050,37,125,"North Carolina","Moore County",2,71,1303,614,689
050,37,125,"North Carolina","Moore County",2,72,1319,616,703
050,37,125,"North Carolina","Moore County",2,73,1431,673,758
050,37,125,"North Carolina","Moore County",2,74,1005,465,540
050,37,125,"North Carolina","Moore County",2,75,1030,469,561
050,37,125,"North Carolina","Moore County",2,76,1012,481,531
050,37,125,"North Carolina","Moore County",2,77,1038,493,545
050,37,125,"North Carolina","Moore County",2,78,867,411,456
050,37,125,"North Carolina","Moore County",2,79,755,346,409
050,37,125,"North Carolina","Moore County",2,80,686,314,372
050,37,125,"North Carolina","Moore County",2,81,657,289,368
050,37,125,"North Carolina","Moore County",2,82,641,285,356
050,37,125,"North Carolina","Moore County",2,83,560,258,302
050,37,125,"North Carolina","Moore County",2,84,512,229,283
050,37,125,"North Carolina","Moore County",2,85,3166,1196,1970
050,37,125,"North Carolina","Moore County",3,0,1208,633,575
050,37,125,"North Carolina","Moore County",3,1,1185,621,564
050,37,125,"North Carolina","Moore County",3,2,1197,620,577
050,37,125,"North Carolina","Moore County",3,3,1237,641,596
050,37,125,"North Carolina","Moore County",3,4,1272,657,615
050,37,125,"North Carolina","Moore County",3,5,1266,665,601
050,37,125,"North Carolina","Moore County",3,6,1285,698,587
050,37,125,"North Carolina","Moore County",3,7,1262,690,572
050,37,125,"North Carolina","Moore County",3,8,1275,659,616
050,37,125,"North Carolina","Moore County",3,9,1198,629,569
050,37,125,"North Carolina","Moore County",3,10,1212,604,608
050,37,125,"North Carolina","Moore County",3,11,1208,612,596
050,37,125,"North Carolina","Moore County",3,12,1284,649,635
050,37,125,"North Carolina","Moore County",3,13,1341,691,650
050,37,125,"North Carolina","Moore County",3,14,1313,682,631
050,37,125,"North Carolina","Moore County",3,15,1277,653,624
050,37,125,"North Carolina","Moore County",3,16,1214,605,609
050,37,125,"North Carolina","Moore County",3,17,1262,643,619
050,37,125,"North Carolina","Moore County",3,18,1000,525,475
050,37,125,"North Carolina","Moore County",3,19,803,413,390
050,37,125,"North Carolina","Moore County",3,20,857,428,429
050,37,125,"North Carolina","Moore County",3,21,910,468,442
050,37,125,"North Carolina","Moore County",3,22,929,470,459
050,37,125,"North Carolina","Moore County",3,23,904,453,451
050,37,125,"North Carolina","Moore County",3,24,897,465,432
050,37,125,"North Carolina","Moore County",3,25,903,421,482
050,37,125,"North Carolina","Moore County",3,26,978,465,513
050,37,125,"North Carolina","Moore County",3,27,1116,565,551
050,37,125,"North Carolina","Moore County",3,28,1160,589,571
050,37,125,"North Carolina","Moore County",3,29,1241,635,606
050,37,125,"North Carolina","Moore County",3,30,1294,669,625
050,37,125,"North Carolina","Moore County",3,31,1338,648,690
050,37,125,"North Carolina","Moore County",3,32,1326,642,684
050,37,125,"North Carolina","Moore County",3,33,1378,662,716
050,37,125,"North Carolina","Moore County",3,34,1395,690,705
050,37,125,"North Carolina","Moore County",3,35,1401,718,683
050,37,125,"North Carolina","Moore County",3,36,1400,708,692
050,37,125,"North Carolina","Moore County",3,37,1404,707,697
050,37,125,"North Carolina","Moore County",3,38,1402,722,680
050,37,125,"North Carolina","Moore County",3,39,1354,689,665
050,37,125,"North Carolina","Moore County",3,40,1281,651,630
050,37,125,"North Carolina","Moore County",3,41,1229,619,610
050,37,125,"North Carolina","Moore County",3,42,1148,591,557
050,37,125,"North Carolina","Moore County",3,43,1085,547,538
050,37,125,"North Carolina","Moore County",3,44,1132,564,568
050,37,125,"North Carolina","Moore County",3,45,1073,522,551
050,37,125,"North Carolina","Moore County",3,46,1101,511,590
050,37,125,"North Carolina","Moore County",3,47,1132,524,608
050,37,125,"North Carolina","Moore County",3,48,1110,538,572
050,37,125,"North Carolina","Moore County",3,49,1163,571,592
050,37,125,"North Carolina","Moore County",3,50,1163,574,589
050,37,125,"North Carolina","Moore County",3,51,1165,577,588
050,37,125,"North Carolina","Moore County",3,52,1132,550,582
050,37,125,"North Carolina","Moore County",3,53,1132,553,579
050,37,125,"North Carolina","Moore County",3,54,1152,562,590
050,37,125,"North Carolina","Moore County",3,55,1172,571,601
050,37,125,"North Carolina","Moore County",3,56,1228,600,628
050,37,125,"North Carolina","Moore County",3,57,1351,646,705
050,37,125,"North Carolina","Moore County",3,58,1375,649,726
050,37,125,"North Carolina","Moore County",3,59,1364,647,717
050,37,125,"North Carolina","Moore County",3,60,1396,655,741
050,37,125,"North Carolina","Moore County",3,61,1384,667,717
050,37,125,"North Carolina","Moore County",3,62,1414,688,726
050,37,125,"North Carolina","Moore County",3,63,1425,660,765
050,37,125,"North Carolina","Moore County",3,64,1424,666,758
050,37,125,"North Carolina","Moore County",3,65,1381,636,745
050,37,125,"North Carolina","Moore County",3,66,1394,654,740
050,37,125,"North Carolina","Moore County",3,67,1411,639,772
050,37,125,"North Carolina","Moore County",3,68,1348,612,736
050,37,125,"North Carolina","Moore County",3,69,1312,585,727
050,37,125,"North Carolina","Moore County",3,70,1246,559,687
050,37,125,"North Carolina","Moore County",3,71,1223,556,667
050,37,125,"North Carolina","Moore County",3,72,1320,615,705
050,37,125,"North Carolina","Moore County",3,73,1312,621,691
050,37,125,"North Carolina","Moore County",3,74,1412,660,752
050,37,125,"North Carolina","Moore County",3,75,998,458,540
050,37,125,"North Carolina","Moore County",3,76,986,461,525
050,37,125,"North Carolina","Moore County",3,77,990,465,525
050,37,125,"North Carolina","Moore County",3,78,1006,479,527
050,37,125,"North Carolina","Moore County",3,79,845,390,455
050,37,125,"North Carolina","Moore County",3,80,725,329,396
050,37,125,"North Carolina","Moore County",3,81,669,312,357
050,37,125,"North Carolina","Moore County",3,82,623,272,351
050,37,125,"North Carolina","Moore County",3,83,590,257,333
050,37,125,"North Carolina","Moore County",3,84,491,227,264
050,37,125,"North Carolina","Moore County",3,85,3145,1197,1948
050,37,125,"North Carolina","Moore County",4,0,1185,616,569
050,37,125,"North Carolina","Moore County",4,1,1220,620,600
050,37,125,"North Carolina","Moore County",4,2,1251,661,590
050,37,125,"North Carolina","Moore County",4,3,1221,631,590
050,37,125,"North Carolina","Moore County",4,4,1280,669,611
050,37,125,"North Carolina","Moore County",4,5,1323,672,651
050,37,125,"North Carolina","Moore County",4,6,1336,671,665
050,37,125,"North Carolina","Moore County",4,7,1337,751,586
050,37,125,"North Carolina","Moore County",4,8,1330,743,587
050,37,125,"North Carolina","Moore County",4,9,1318,693,625
050,37,125,"North Carolina","Moore County",4,10,1230,636,594
050,37,125,"North Carolina","Moore County",4,11,1252,631,621
050,37,125,"North Carolina","Moore County",4,12,1246,633,613
050,37,125,"North Carolina","Moore County",4,13,1313,665,648
050,37,125,"North Carolina","Moore County",4,14,1324,690,634
050,37,125,"North Carolina","Moore County",4,15,1341,687,654
050,37,125,"North Carolina","Moore County",4,16,1284,664,620
050,37,125,"North Carolina","Moore County",4,17,1224,599,625
050,37,125,"North Carolina","Moore County",4,18,1074,573,501
050,37,125,"North Carolina","Moore County",4,19,803,417,386
050,37,125,"North Carolina","Moore County",4,20,849,428,421
050,37,125,"North Carolina","Moore County",4,21,910,451,459
050,37,125,"North Carolina","Moore County",4,22,955,476,479
050,37,125,"North Carolina","Moore County",4,23,965,501,464
050,37,125,"North Carolina","Moore County",4,24,912,471,441
050,37,125,"North Carolina","Moore County",4,25,891,462,429
050,37,125,"North Carolina","Moore County",4,26,1005,470,535
050,37,125,"North Carolina","Moore County",4,27,1067,522,545
050,37,125,"North Carolina","Moore County",4,28,1195,595,600
050,37,125,"North Carolina","Moore County",4,29,1253,643,610
050,37,125,"North Carolina","Moore County",4,30,1300,661,639
050,37,125,"North Carolina","Moore County",4,31,1356,697,659
050,37,125,"North Carolina","Moore County",4,32,1397,681,716
050,37,125,"North Carolina","Moore County",4,33,1375,649,726
050,37,125,"North Carolina","Moore County",4,34,1472,715,757
050,37,125,"North Carolina","Moore County",4,35,1485,739,746
050,37,125,"North Carolina","Moore County",4,36,1506,777,729
050,37,125,"North Carolina","Moore County",4,37,1431,731,700
050,37,125,"North Carolina","Moore County",4,38,1479,736,743
050,37,125,"North Carolina","Moore County",4,39,1436,740,696
050,37,125,"North Carolina","Moore County",4,40,1359,687,672
050,37,125,"North Carolina","Moore County",4,41,1291,649,642
050,37,125,"North Carolina","Moore County",4,42,1239,631,608
050,37,125,"North Carolina","Moore County",4,43,1141,583,558
050,37,125,"North Carolina","Moore County",4,44,1119,555,564
050,37,125,"North Carolina","Moore County",4,45,1117,555,562
050,37,125,"North Carolina","Moore County",4,46,1093,549,544
050,37,125,"North Carolina","Moore County",4,47,1110,509,601
050,37,125,"North Carolina","Moore County",4,48,1146,534,612
050,37,125,"North Carolina","Moore County",4,49,1136,548,588
050,37,125,"North Carolina","Moore County",4,50,1180,568,612
050,37,125,"North Carolina","Moore County",4,51,1211,597,614
050,37,125,"North Carolina","Moore County",4,52,1210,575,635
050,37,125,"North Carolina","Moore County",4,53,1163,566,597
050,37,125,"North Carolina","Moore County",4,54,1131,552,579
050,37,125,"North Carolina","Moore County",4,55,1197,578,619
050,37,125,"North Carolina","Moore County",4,56,1204,591,613
050,37,125,"North Carolina","Moore County",4,57,1281,630,651
050,37,125,"North Carolina","Moore County",4,58,1362,650,712
050,37,125,"North Carolina","Moore County",4,59,1410,663,747
050,37,125,"North Carolina","Moore County",4,60,1410,665,745
050,37,125,"North Carolina","Moore County",4,61,1435,677,758
050,37,125,"North Carolina","Moore County",4,62,1397,673,724
050,37,125,"North Carolina","Moore County",4,63,1494,716,778
050,37,125,"North Carolina","Moore County",4,64,1473,682,791
050,37,125,"North Carolina","Moore County",4,65,1487,699,788
050,37,125,"North Carolina","Moore County",4,66,1411,652,759
050,37,125,"North Carolina","Moore County",4,67,1404,664,740
050,37,125,"North Carolina","Moore County",4,68,1415,639,776
050,37,125,"North Carolina","Moore County",4,69,1342,620,722
050,37,125,"North Carolina","Moore County",4,70,1307,589,718
050,37,125,"North Carolina","Moore County",4,71,1262,556,706
050,37,125,"North Carolina","Moore County",4,72,1217,547,670
050,37,125,"North Carolina","Moore County",4,73,1288,606,682
050,37,125,"North Carolina","Moore County",4,74,1303,616,687
050,37,125,"North Carolina","Moore County",4,75,1405,662,743
050,37,125,"North Carolina","Moore County",4,76,957,448,509
050,37,125,"North Carolina","Moore County",4,77,984,455,529
050,37,125,"North Carolina","Moore County",4,78,959,448,511
050,37,125,"North Carolina","Moore County",4,79,983,464,519
050,37,125,"North Carolina","Moore County",4,80,808,371,437
050,37,125,"North Carolina","Moore County",4,81,700,316,384
050,37,125,"North Carolina","Moore County",4,82,636,295,341
050,37,125,"North Carolina","Moore County",4,83,570,244,326
050,37,125,"North Carolina","Moore County",4,84,527,227,300
050,37,125,"North Carolina","Moore County",4,85,3086,1200,1886
050,37,125,"North Carolina","Moore County",5,0,1177,618,559
050,37,125,"North Carolina","Moore County",5,1,1151,582,569
050,37,125,"North Carolina","Moore County",5,2,1221,621,600
050,37,125,"North Carolina","Moore County",5,3,1240,644,596
050,37,125,"North Carolina","Moore County",5,4,1236,650,586
050,37,125,"North Carolina","Moore County",5,5,1322,673,649
050,37,125,"North Carolina","Moore County",5,6,1332,694,638
050,37,125,"North Carolina","Moore County",5,7,1379,700,679
050,37,125,"North Carolina","Moore County",5,8,1361,762,599
050,37,125,"North Carolina","Moore County",5,9,1321,732,589
050,37,125,"North Carolina","Moore County",5,10,1302,676,626
050,37,125,"North Carolina","Moore County",5,11,1234,649,585
050,37,125,"North Carolina","Moore County",5,12,1271,645,626
050,37,125,"North Carolina","Moore County",5,13,1286,652,634
050,37,125,"North Carolina","Moore County",5,14,1339,674,665
050,37,125,"North Carolina","Moore County",5,15,1367,703,664
050,37,125,"North Carolina","Moore County",5,16,1363,682,681
050,37,125,"North Carolina","Moore County",5,17,1289,668,621
050,37,125,"North Carolina","Moore County",5,18,1035,529,506
050,37,125,"North Carolina","Moore County",5,19,870,477,393
050,37,125,"North Carolina","Moore County",5,20,879,457,422
050,37,125,"North Carolina","Moore County",5,21,923,457,466
050,37,125,"North Carolina","Moore County",5,22,959,476,483
050,37,125,"North Carolina","Moore County",5,23,982,487,495
050,37,125,"North Carolina","Moore County",5,24,989,519,470
050,37,125,"North Carolina","Moore County",5,25,914,475,439
050,37,125,"North Carolina","Moore County",5,26,930,465,465
050,37,125,"North Carolina","Moore County",5,27,1048,514,534
050,37,125,"North Carolina","Moore County",5,28,1113,535,578
050,37,125,"North Carolina","Moore County",5,29,1258,627,631
050,37,125,"North Carolina","Moore County",5,30,1270,649,621
050,37,125,"North Carolina","Moore County",5,31,1304,658,646
050,37,125,"North Carolina","Moore County",5,32,1372,716,656
050,37,125,"North Carolina","Moore County",5,33,1450,707,743
050,37,125,"North Carolina","Moore County",5,34,1425,667,758
050,37,125,"North Carolina","Moore County",5,35,1511,719,792
050,37,125,"North Carolina","Moore County",5,36,1498,739,759
050,37,125,"North Carolina","Moore County",5,37,1531,792,739
050,37,125,"North Carolina","Moore County",5,38,1473,747,726
050,37,125,"North Carolina","Moore County",5,39,1505,765,740
050,37,125,"North Carolina","Moore County",5,40,1448,753,695
050,37,125,"North Carolina","Moore County",5,41,1384,709,675
050,37,125,"North Carolina","Moore County",5,42,1304,651,653
050,37,125,"North Carolina","Moore County",5,43,1222,619,603
050,37,125,"North Carolina","Moore County",5,44,1150,581,569
050,37,125,"North Carolina","Moore County",5,45,1120,547,573
050,37,125,"North Carolina","Moore County",5,46,1115,562,553
050,37,125,"North Carolina","Moore County",5,47,1105,558,547
050,37,125,"North Carolina","Moore County",5,48,1113,506,607
050,37,125,"North Carolina","Moore County",5,49,1134,531,603
050,37,125,"North Carolina","Moore County",5,50,1147,533,614
050,37,125,"North Carolina","Moore County",5,51,1183,573,610
050,37,125,"North Carolina","Moore County",5,52,1215,598,617
050,37,125,"North Carolina","Moore County",5,53,1242,587,655
050,37,125,"North Carolina","Moore County",5,54,1180,570,610
050,37,125,"North Carolina","Moore County",5,55,1145,553,592
050,37,125,"North Carolina","Moore County",5,56,1197,577,620
050,37,125,"North Carolina","Moore County",5,57,1244,606,638
050,37,125,"North Carolina","Moore County",5,58,1282,624,658
050,37,125,"North Carolina","Moore County",5,59,1396,669,727
050,37,125,"North Carolina","Moore County",5,60,1444,671,773
050,37,125,"North Carolina","Moore County",5,61,1450,696,754
050,37,125,"North Carolina","Moore County",5,62,1467,692,775
050,37,125,"North Carolina","Moore County",5,63,1430,690,740
050,37,125,"North Carolina","Moore County",5,64,1512,711,801
050,37,125,"North Carolina","Moore County",5,65,1524,695,829
050,37,125,"North Carolina","Moore County",5,66,1520,716,804
050,37,125,"North Carolina","Moore County",5,67,1436,656,780
050,37,125,"North Carolina","Moore County",5,68,1412,668,744
050,37,125,"North Carolina","Moore County",5,69,1422,642,780
050,37,125,"North Carolina","Moore County",5,70,1338,618,720
050,37,125,"North Carolina","Moore County",5,71,1314,580,734
050,37,125,"North Carolina","Moore County",5,72,1248,549,699
050,37,125,"North Carolina","Moore County",5,73,1194,538,656
050,37,125,"North Carolina","Moore County",5,74,1278,599,679
050,37,125,"North Carolina","Moore County",5,75,1282,604,678
050,37,125,"North Carolina","Moore County",5,76,1356,641,715
050,37,125,"North Carolina","Moore County",5,77,928,430,498
050,37,125,"North Carolina","Moore County",5,78,947,437,510
050,37,125,"North Carolina","Moore County",5,79,934,432,502
050,37,125,"North Carolina","Moore County",5,80,966,451,515
050,37,125,"North Carolina","Moore County",5,81,787,360,427
050,37,125,"North Carolina","Moore County",5,82,669,310,359
050,37,125,"North Carolina","Moore County",5,83,598,271,327
050,37,125,"North Carolina","Moore County",5,84,525,214,311
050,37,125,"North Carolina","Moore County",5,85,3161,1231,1930
050,37,127,"North Carolina","Nash County",1,0,1045,532,513
050,37,127,"North Carolina","Nash County",1,1,1055,539,516
050,37,127,"North Carolina","Nash County",1,2,1098,533,565
050,37,127,"North Carolina","Nash County",1,3,1057,523,534
050,37,127,"North Carolina","Nash County",1,4,1069,543,526
050,37,127,"North Carolina","Nash County",1,5,1101,560,541
050,37,127,"North Carolina","Nash County",1,6,1108,554,554
050,37,127,"North Carolina","Nash County",1,7,1131,563,568
050,37,127,"North Carolina","Nash County",1,8,1129,547,582
050,37,127,"North Carolina","Nash County",1,9,1137,556,581
050,37,127,"North Carolina","Nash County",1,10,1240,606,634
050,37,127,"North Carolina","Nash County",1,11,1242,638,604
050,37,127,"North Carolina","Nash County",1,12,1270,668,602
050,37,127,"North Carolina","Nash County",1,13,1291,678,613
050,37,127,"North Carolina","Nash County",1,14,1300,667,633
050,37,127,"North Carolina","Nash County",1,15,1282,634,648
050,37,127,"North Carolina","Nash County",1,16,1294,642,652
050,37,127,"North Carolina","Nash County",1,17,1248,650,598
050,37,127,"North Carolina","Nash County",1,18,1167,608,559
050,37,127,"North Carolina","Nash County",1,19,1049,556,493
050,37,127,"North Carolina","Nash County",1,20,1095,575,520
050,37,127,"North Carolina","Nash County",1,21,1123,578,545
050,37,127,"North Carolina","Nash County",1,22,1111,548,563
050,37,127,"North Carolina","Nash County",1,23,1102,537,565
050,37,127,"North Carolina","Nash County",1,24,1158,566,592
050,37,127,"North Carolina","Nash County",1,25,1195,565,630
050,37,127,"North Carolina","Nash County",1,26,1195,608,587
050,37,127,"North Carolina","Nash County",1,27,1201,598,603
050,37,127,"North Carolina","Nash County",1,28,1238,600,638
050,37,127,"North Carolina","Nash County",1,29,1222,630,592
050,37,127,"North Carolina","Nash County",1,30,1161,575,586
050,37,127,"North Carolina","Nash County",1,31,1114,547,567
050,37,127,"North Carolina","Nash County",1,32,1089,548,541
050,37,127,"North Carolina","Nash County",1,33,1038,502,536
050,37,127,"North Carolina","Nash County",1,34,1027,499,528
050,37,127,"North Carolina","Nash County",1,35,1027,501,526
050,37,127,"North Carolina","Nash County",1,36,1080,519,561
050,37,127,"North Carolina","Nash County",1,37,1057,510,547
050,37,127,"North Carolina","Nash County",1,38,1085,534,551
050,37,127,"North Carolina","Nash County",1,39,1084,535,549
050,37,127,"North Carolina","Nash County",1,40,1098,540,558
050,37,127,"North Carolina","Nash County",1,41,1085,534,551
050,37,127,"North Carolina","Nash County",1,42,1086,519,567
050,37,127,"North Carolina","Nash County",1,43,1111,516,595
050,37,127,"North Carolina","Nash County",1,44,1059,480,579
050,37,127,"North Carolina","Nash County",1,45,1150,536,614
050,37,127,"North Carolina","Nash County",1,46,1202,577,625
050,37,127,"North Carolina","Nash County",1,47,1188,588,600
050,37,127,"North Carolina","Nash County",1,48,1286,651,635
050,37,127,"North Carolina","Nash County",1,49,1316,639,677
050,37,127,"North Carolina","Nash County",1,50,1308,626,682
050,37,127,"North Carolina","Nash County",1,51,1229,588,641
050,37,127,"North Carolina","Nash County",1,52,1249,624,625
050,37,127,"North Carolina","Nash County",1,53,1269,613,656
050,37,127,"North Carolina","Nash County",1,54,1319,631,688
050,37,127,"North Carolina","Nash County",1,55,1375,638,737
050,37,127,"North Carolina","Nash County",1,56,1398,691,707
050,37,127,"North Carolina","Nash County",1,57,1423,691,732
050,37,127,"North Carolina","Nash County",1,58,1416,695,721
050,37,127,"North Carolina","Nash County",1,59,1397,700,697
050,37,127,"North Carolina","Nash County",1,60,1327,632,695
050,37,127,"North Carolina","Nash County",1,61,1315,616,699
050,37,127,"North Carolina","Nash County",1,62,1306,640,666
050,37,127,"North Carolina","Nash County",1,63,1350,655,695
050,37,127,"North Carolina","Nash County",1,64,1311,597,714
050,37,127,"North Carolina","Nash County",1,65,1244,560,684
050,37,127,"North Carolina","Nash County",1,66,1236,576,660
050,37,127,"North Carolina","Nash County",1,67,1191,556,635
050,37,127,"North Carolina","Nash County",1,68,1174,546,628
050,37,127,"North Carolina","Nash County",1,69,1112,489,623
050,37,127,"North Carolina","Nash County",1,70,1108,493,615
050,37,127,"North Carolina","Nash County",1,71,1097,496,601
050,37,127,"North Carolina","Nash County",1,72,1075,463,612
050,37,127,"North Carolina","Nash County",1,73,1046,493,553
050,37,127,"North Carolina","Nash County",1,74,753,369,384
050,37,127,"North Carolina","Nash County",1,75,732,354,378
050,37,127,"North Carolina","Nash County",1,76,673,307,366
050,37,127,"North Carolina","Nash County",1,77,649,284,365
050,37,127,"North Carolina","Nash County",1,78,569,235,334
050,37,127,"North Carolina","Nash County",1,79,511,221,290
050,37,127,"North Carolina","Nash County",1,80,457,192,265
050,37,127,"North Carolina","Nash County",1,81,418,164,254
050,37,127,"North Carolina","Nash County",1,82,386,134,252
050,37,127,"North Carolina","Nash County",1,83,322,127,195
050,37,127,"North Carolina","Nash County",1,84,302,117,185
050,37,127,"North Carolina","Nash County",1,85,1624,491,1133
050,37,127,"North Carolina","Nash County",2,0,1033,527,506
050,37,127,"North Carolina","Nash County",2,1,1058,541,517
050,37,127,"North Carolina","Nash County",2,2,1090,537,553
050,37,127,"North Carolina","Nash County",2,3,1068,526,542
050,37,127,"North Carolina","Nash County",2,4,1072,541,531
050,37,127,"North Carolina","Nash County",2,5,1096,558,538
050,37,127,"North Carolina","Nash County",2,6,1113,558,555
050,37,127,"North Carolina","Nash County",2,7,1128,560,568
050,37,127,"North Carolina","Nash County",2,8,1126,549,577
050,37,127,"North Carolina","Nash County",2,9,1138,553,585
050,37,127,"North Carolina","Nash County",2,10,1214,592,622
050,37,127,"North Carolina","Nash County",2,11,1244,633,611
050,37,127,"North Carolina","Nash County",2,12,1278,668,610
050,37,127,"North Carolina","Nash County",2,13,1292,677,615
050,37,127,"North Carolina","Nash County",2,14,1300,672,628
050,37,127,"North Carolina","Nash County",2,15,1289,642,647
050,37,127,"North Carolina","Nash County",2,16,1296,645,651
050,37,127,"North Carolina","Nash County",2,17,1258,647,611
050,37,127,"North Carolina","Nash County",2,18,1150,603,547
050,37,127,"North Carolina","Nash County",2,19,1050,554,496
050,37,127,"North Carolina","Nash County",2,20,1110,583,527
050,37,127,"North Carolina","Nash County",2,21,1125,581,544
050,37,127,"North Carolina","Nash County",2,22,1120,556,564
050,37,127,"North Carolina","Nash County",2,23,1111,542,569
050,37,127,"North Carolina","Nash County",2,24,1147,559,588
050,37,127,"North Carolina","Nash County",2,25,1190,569,621
050,37,127,"North Carolina","Nash County",2,26,1199,600,599
050,37,127,"North Carolina","Nash County",2,27,1210,606,604
050,37,127,"North Carolina","Nash County",2,28,1240,605,635
050,37,127,"North Carolina","Nash County",2,29,1233,628,605
050,37,127,"North Carolina","Nash County",2,30,1184,591,593
050,37,127,"North Carolina","Nash County",2,31,1125,556,569
050,37,127,"North Carolina","Nash County",2,32,1096,547,549
050,37,127,"North Carolina","Nash County",2,33,1053,515,538
050,37,127,"North Carolina","Nash County",2,34,1036,502,534
050,37,127,"North Carolina","Nash County",2,35,1038,504,534
050,37,127,"North Carolina","Nash County",2,36,1057,512,545
050,37,127,"North Carolina","Nash County",2,37,1065,515,550
050,37,127,"North Carolina","Nash County",2,38,1085,530,555
050,37,127,"North Carolina","Nash County",2,39,1088,537,551
050,37,127,"North Carolina","Nash County",2,40,1108,547,561
050,37,127,"North Carolina","Nash County",2,41,1091,537,554
050,37,127,"North Carolina","Nash County",2,42,1075,516,559
050,37,127,"North Carolina","Nash County",2,43,1119,522,597
050,37,127,"North Carolina","Nash County",2,44,1067,489,578
050,37,127,"North Carolina","Nash County",2,45,1141,529,612
050,37,127,"North Carolina","Nash County",2,46,1190,570,620
050,37,127,"North Carolina","Nash County",2,47,1190,580,610
050,37,127,"North Carolina","Nash County",2,48,1272,642,630
050,37,127,"North Carolina","Nash County",2,49,1317,642,675
050,37,127,"North Carolina","Nash County",2,50,1317,637,680
050,37,127,"North Carolina","Nash County",2,51,1234,593,641
050,37,127,"North Carolina","Nash County",2,52,1247,614,633
050,37,127,"North Carolina","Nash County",2,53,1260,615,645
050,37,127,"North Carolina","Nash County",2,54,1310,628,682
050,37,127,"North Carolina","Nash County",2,55,1362,635,727
050,37,127,"North Carolina","Nash County",2,56,1402,681,721
050,37,127,"North Carolina","Nash County",2,57,1414,688,726
050,37,127,"North Carolina","Nash County",2,58,1414,692,722
050,37,127,"North Carolina","Nash County",2,59,1403,697,706
050,37,127,"North Carolina","Nash County",2,60,1343,648,695
050,37,127,"North Carolina","Nash County",2,61,1316,620,696
050,37,127,"North Carolina","Nash County",2,62,1305,632,673
050,37,127,"North Carolina","Nash County",2,63,1353,657,696
050,37,127,"North Carolina","Nash County",2,64,1309,606,703
050,37,127,"North Carolina","Nash County",2,65,1256,569,687
050,37,127,"North Carolina","Nash County",2,66,1240,572,668
050,37,127,"North Carolina","Nash County",2,67,1194,556,638
050,37,127,"North Carolina","Nash County",2,68,1165,544,621
050,37,127,"North Carolina","Nash County",2,69,1130,501,629
050,37,127,"North Carolina","Nash County",2,70,1108,492,616
050,37,127,"North Carolina","Nash County",2,71,1094,491,603
050,37,127,"North Carolina","Nash County",2,72,1064,464,600
050,37,127,"North Carolina","Nash County",2,73,1098,506,592
050,37,127,"North Carolina","Nash County",2,74,771,372,399
050,37,127,"North Carolina","Nash County",2,75,735,357,378
050,37,127,"North Carolina","Nash County",2,76,676,310,366
050,37,127,"North Carolina","Nash County",2,77,658,290,368
050,37,127,"North Carolina","Nash County",2,78,568,238,330
050,37,127,"North Carolina","Nash County",2,79,514,218,296
050,37,127,"North Carolina","Nash County",2,80,469,198,271
050,37,127,"North Carolina","Nash County",2,81,417,167,250
050,37,127,"North Carolina","Nash County",2,82,392,139,253
050,37,127,"North Carolina","Nash County",2,83,328,126,202
050,37,127,"North Carolina","Nash County",2,84,297,114,183
050,37,127,"North Carolina","Nash County",2,85,1619,491,1128
050,37,127,"North Carolina","Nash County",3,0,1013,513,500
050,37,127,"North Carolina","Nash County",3,1,1090,568,522
050,37,127,"North Carolina","Nash County",3,2,1074,544,530
050,37,127,"North Carolina","Nash County",3,3,1118,554,564
050,37,127,"North Carolina","Nash County",3,4,1071,517,554
050,37,127,"North Carolina","Nash County",3,5,1064,537,527
050,37,127,"North Carolina","Nash County",3,6,1111,573,538
050,37,127,"North Carolina","Nash County",3,7,1129,574,555
050,37,127,"North Carolina","Nash County",3,8,1131,564,567
050,37,127,"North Carolina","Nash County",3,9,1160,569,591
050,37,127,"North Carolina","Nash County",3,10,1168,567,601
050,37,127,"North Carolina","Nash County",3,11,1210,590,620
050,37,127,"North Carolina","Nash County",3,12,1236,644,592
050,37,127,"North Carolina","Nash County",3,13,1293,680,613
050,37,127,"North Carolina","Nash County",3,14,1293,689,604
050,37,127,"North Carolina","Nash County",3,15,1304,672,632
050,37,127,"North Carolina","Nash County",3,16,1282,636,646
050,37,127,"North Carolina","Nash County",3,17,1283,643,640
050,37,127,"North Carolina","Nash County",3,18,1126,594,532
050,37,127,"North Carolina","Nash County",3,19,993,525,468
050,37,127,"North Carolina","Nash County",3,20,1096,572,524
050,37,127,"North Carolina","Nash County",3,21,1116,593,523
050,37,127,"North Carolina","Nash County",3,22,1147,586,561
050,37,127,"North Carolina","Nash County",3,23,1141,559,582
050,37,127,"North Carolina","Nash County",3,24,1091,541,550
050,37,127,"North Carolina","Nash County",3,25,1128,556,572
050,37,127,"North Carolina","Nash County",3,26,1161,560,601
050,37,127,"North Carolina","Nash County",3,27,1204,595,609
050,37,127,"North Carolina","Nash County",3,28,1205,602,603
050,37,127,"North Carolina","Nash County",3,29,1211,579,632
050,37,127,"North Carolina","Nash County",3,30,1253,636,617
050,37,127,"North Carolina","Nash County",3,31,1205,595,610
050,37,127,"North Carolina","Nash County",3,32,1123,540,583
050,37,127,"North Carolina","Nash County",3,33,1121,555,566
050,37,127,"North Carolina","Nash County",3,34,1090,540,550
050,37,127,"North Carolina","Nash County",3,35,1046,508,538
050,37,127,"North Carolina","Nash County",3,36,1036,509,527
050,37,127,"North Carolina","Nash County",3,37,1070,524,546
050,37,127,"North Carolina","Nash County",3,38,1087,526,561
050,37,127,"North Carolina","Nash County",3,39,1098,543,555
050,37,127,"North Carolina","Nash County",3,40,1075,538,537
050,37,127,"North Carolina","Nash County",3,41,1114,550,564
050,37,127,"North Carolina","Nash County",3,42,1098,531,567
050,37,127,"North Carolina","Nash County",3,43,1071,517,554
050,37,127,"North Carolina","Nash County",3,44,1121,520,601
050,37,127,"North Carolina","Nash County",3,45,1077,506,571
050,37,127,"North Carolina","Nash County",3,46,1162,546,616
050,37,127,"North Carolina","Nash County",3,47,1213,579,634
050,37,127,"North Carolina","Nash County",3,48,1237,611,626
050,37,127,"North Carolina","Nash County",3,49,1242,610,632
050,37,127,"North Carolina","Nash County",3,50,1333,665,668
050,37,127,"North Carolina","Nash County",3,51,1316,643,673
050,37,127,"North Carolina","Nash County",3,52,1244,587,657
050,37,127,"North Carolina","Nash County",3,53,1237,619,618
050,37,127,"North Carolina","Nash County",3,54,1274,637,637
050,37,127,"North Carolina","Nash County",3,55,1292,628,664
050,37,127,"North Carolina","Nash County",3,56,1387,649,738
050,37,127,"North Carolina","Nash County",3,57,1381,668,713
050,37,127,"North Carolina","Nash County",3,58,1387,678,709
050,37,127,"North Carolina","Nash County",3,59,1391,677,714
050,37,127,"North Carolina","Nash County",3,60,1370,685,685
050,37,127,"North Carolina","Nash County",3,61,1347,649,698
050,37,127,"North Carolina","Nash County",3,62,1294,605,689
050,37,127,"North Carolina","Nash County",3,63,1285,622,663
050,37,127,"North Carolina","Nash County",3,64,1325,640,685
050,37,127,"North Carolina","Nash County",3,65,1283,599,684
050,37,127,"North Carolina","Nash County",3,66,1229,556,673
050,37,127,"North Carolina","Nash County",3,67,1219,555,664
050,37,127,"North Carolina","Nash County",3,68,1185,544,641
050,37,127,"North Carolina","Nash County",3,69,1136,521,615
050,37,127,"North Carolina","Nash County",3,70,1103,489,614
050,37,127,"North Carolina","Nash County",3,71,1052,461,591
050,37,127,"North Carolina","Nash County",3,72,1053,474,579
050,37,127,"North Carolina","Nash County",3,73,1048,460,588
050,37,127,"North Carolina","Nash County",3,74,1049,473,576
050,37,127,"North Carolina","Nash County",3,75,739,355,384
050,37,127,"North Carolina","Nash County",3,76,703,341,362
050,37,127,"North Carolina","Nash County",3,77,639,289,350
050,37,127,"North Carolina","Nash County",3,78,633,279,354
050,37,127,"North Carolina","Nash County",3,79,529,220,309
050,37,127,"North Carolina","Nash County",3,80,486,199,287
050,37,127,"North Carolina","Nash County",3,81,436,186,250
050,37,127,"North Carolina","Nash County",3,82,391,154,237
050,37,127,"North Carolina","Nash County",3,83,357,131,226
050,37,127,"North Carolina","Nash County",3,84,293,111,182
050,37,127,"North Carolina","Nash County",3,85,1590,510,1080
050,37,127,"North Carolina","Nash County",4,0,1079,538,541
050,37,127,"North Carolina","Nash County",4,1,1068,517,551
050,37,127,"North Carolina","Nash County",4,2,1101,556,545
050,37,127,"North Carolina","Nash County",4,3,1062,537,525
050,37,127,"North Carolina","Nash County",4,4,1137,558,579
050,37,127,"North Carolina","Nash County",4,5,1085,546,539
050,37,127,"North Carolina","Nash County",4,6,1098,548,550
050,37,127,"North Carolina","Nash County",4,7,1139,583,556
050,37,127,"North Carolina","Nash County",4,8,1158,582,576
050,37,127,"North Carolina","Nash County",4,9,1149,573,576
050,37,127,"North Carolina","Nash County",4,10,1176,569,607
050,37,127,"North Carolina","Nash County",4,11,1178,577,601
050,37,127,"North Carolina","Nash County",4,12,1212,590,622
050,37,127,"North Carolina","Nash County",4,13,1278,665,613
050,37,127,"North Carolina","Nash County",4,14,1310,685,625
050,37,127,"North Carolina","Nash County",4,15,1307,704,603
050,37,127,"North Carolina","Nash County",4,16,1332,678,654
050,37,127,"North Carolina","Nash County",4,17,1268,633,635
050,37,127,"North Carolina","Nash County",4,18,1146,580,566
050,37,127,"North Carolina","Nash County",4,19,957,512,445
050,37,127,"North Carolina","Nash County",4,20,1047,531,516
050,37,127,"North Carolina","Nash County",4,21,1144,599,545
050,37,127,"North Carolina","Nash County",4,22,1139,579,560
050,37,127,"North Carolina","Nash County",4,23,1168,607,561
050,37,127,"North Carolina","Nash County",4,24,1136,571,565
050,37,127,"North Carolina","Nash County",4,25,1086,541,545
050,37,127,"North Carolina","Nash County",4,26,1146,554,592
050,37,127,"North Carolina","Nash County",4,27,1134,538,596
050,37,127,"North Carolina","Nash County",4,28,1199,581,618
050,37,127,"North Carolina","Nash County",4,29,1241,637,604
050,37,127,"North Carolina","Nash County",4,30,1213,588,625
050,37,127,"North Carolina","Nash County",4,31,1278,646,632
050,37,127,"North Carolina","Nash County",4,32,1220,615,605
050,37,127,"North Carolina","Nash County",4,33,1163,567,596
050,37,127,"North Carolina","Nash County",4,34,1167,569,598
050,37,127,"North Carolina","Nash County",4,35,1097,540,557
050,37,127,"North Carolina","Nash County",4,36,1022,499,523
050,37,127,"North Carolina","Nash County",4,37,1076,531,545
050,37,127,"North Carolina","Nash County",4,38,1067,526,541
050,37,127,"North Carolina","Nash County",4,39,1106,539,567
050,37,127,"North Carolina","Nash County",4,40,1094,535,559
050,37,127,"North Carolina","Nash County",4,41,1085,548,537
050,37,127,"North Carolina","Nash County",4,42,1126,543,583
050,37,127,"North Carolina","Nash County",4,43,1094,528,566
050,37,127,"North Carolina","Nash County",4,44,1071,510,561
050,37,127,"North Carolina","Nash County",4,45,1131,517,614
050,37,127,"North Carolina","Nash County",4,46,1078,511,567
050,37,127,"North Carolina","Nash County",4,47,1143,530,613
050,37,127,"North Carolina","Nash County",4,48,1218,586,632
050,37,127,"North Carolina","Nash County",4,49,1227,597,630
050,37,127,"North Carolina","Nash County",4,50,1289,636,653
050,37,127,"North Carolina","Nash County",4,51,1329,663,666
050,37,127,"North Carolina","Nash County",4,52,1315,632,683
050,37,127,"North Carolina","Nash County",4,53,1251,594,657
050,37,127,"North Carolina","Nash County",4,54,1250,624,626
050,37,127,"North Carolina","Nash County",4,55,1274,634,640
050,37,127,"North Carolina","Nash County",4,56,1306,639,667
050,37,127,"North Carolina","Nash County",4,57,1381,646,735
050,37,127,"North Carolina","Nash County",4,58,1382,659,723
050,37,127,"North Carolina","Nash County",4,59,1399,679,720
050,37,127,"North Carolina","Nash County",4,60,1377,661,716
050,37,127,"North Carolina","Nash County",4,61,1363,685,678
050,37,127,"North Carolina","Nash County",4,62,1333,629,704
050,37,127,"North Carolina","Nash County",4,63,1289,593,696
050,37,127,"North Carolina","Nash County",4,64,1255,609,646
050,37,127,"North Carolina","Nash County",4,65,1300,628,672
050,37,127,"North Carolina","Nash County",4,66,1271,583,688
050,37,127,"North Carolina","Nash County",4,67,1210,539,671
050,37,127,"North Carolina","Nash County",4,68,1205,544,661
050,37,127,"North Carolina","Nash County",4,69,1147,520,627
050,37,127,"North Carolina","Nash County",4,70,1126,510,616
050,37,127,"North Carolina","Nash County",4,71,1058,467,591
050,37,127,"North Carolina","Nash County",4,72,1026,444,582
050,37,127,"North Carolina","Nash County",4,73,1036,469,567
050,37,127,"North Carolina","Nash County",4,74,1019,444,575
050,37,127,"North Carolina","Nash County",4,75,1021,460,561
050,37,127,"North Carolina","Nash County",4,76,721,341,380
050,37,127,"North Carolina","Nash County",4,77,674,323,351
050,37,127,"North Carolina","Nash County",4,78,613,278,335
050,37,127,"North Carolina","Nash County",4,79,589,246,343
050,37,127,"North Carolina","Nash County",4,80,508,203,305
050,37,127,"North Carolina","Nash County",4,81,463,190,273
050,37,127,"North Carolina","Nash County",4,82,407,171,236
050,37,127,"North Carolina","Nash County",4,83,348,140,208
050,37,127,"North Carolina","Nash County",4,84,327,115,212
050,37,127,"North Carolina","Nash County",4,85,1602,524,1078
050,37,127,"North Carolina","Nash County",5,0,1072,532,540
050,37,127,"North Carolina","Nash County",5,1,1103,533,570
050,37,127,"North Carolina","Nash County",5,2,1087,520,567
050,37,127,"North Carolina","Nash County",5,3,1123,564,559
050,37,127,"North Carolina","Nash County",5,4,1069,537,532
050,37,127,"North Carolina","Nash County",5,5,1138,555,583
050,37,127,"North Carolina","Nash County",5,6,1098,548,550
050,37,127,"North Carolina","Nash County",5,7,1095,551,544
050,37,127,"North Carolina","Nash County",5,8,1164,606,558
050,37,127,"North Carolina","Nash County",5,9,1173,587,586
050,37,127,"North Carolina","Nash County",5,10,1184,587,597
050,37,127,"North Carolina","Nash County",5,11,1173,571,602
050,37,127,"North Carolina","Nash County",5,12,1176,578,598
050,37,127,"North Carolina","Nash County",5,13,1212,593,619
050,37,127,"North Carolina","Nash County",5,14,1320,685,635
050,37,127,"North Carolina","Nash County",5,15,1332,689,643
050,37,127,"North Carolina","Nash County",5,16,1335,716,619
050,37,127,"North Carolina","Nash County",5,17,1305,661,644
050,37,127,"North Carolina","Nash County",5,18,1132,567,565
050,37,127,"North Carolina","Nash County",5,19,1003,504,499
050,37,127,"North Carolina","Nash County",5,20,1031,536,495
050,37,127,"North Carolina","Nash County",5,21,1112,560,552
050,37,127,"North Carolina","Nash County",5,22,1182,616,566
050,37,127,"North Carolina","Nash County",5,23,1192,592,600
050,37,127,"North Carolina","Nash County",5,24,1165,606,559
050,37,127,"North Carolina","Nash County",5,25,1178,594,584
050,37,127,"North Carolina","Nash County",5,26,1108,554,554
050,37,127,"North Carolina","Nash County",5,27,1134,545,589
050,37,127,"North Carolina","Nash County",5,28,1133,536,597
050,37,127,"North Carolina","Nash County",5,29,1252,603,649
050,37,127,"North Carolina","Nash County",5,30,1253,630,623
050,37,127,"North Carolina","Nash County",5,31,1202,593,609
050,37,127,"North Carolina","Nash County",5,32,1265,645,620
050,37,127,"North Carolina","Nash County",5,33,1223,607,616
050,37,127,"North Carolina","Nash County",5,34,1198,597,601
050,37,127,"North Carolina","Nash County",5,35,1192,571,621
050,37,127,"North Carolina","Nash County",5,36,1118,551,567
050,37,127,"North Carolina","Nash County",5,37,1026,500,526
050,37,127,"North Carolina","Nash County",5,38,1082,538,544
050,37,127,"North Carolina","Nash County",5,39,1084,526,558
050,37,127,"North Carolina","Nash County",5,40,1085,514,571
050,37,127,"North Carolina","Nash County",5,41,1126,552,574
050,37,127,"North Carolina","Nash County",5,42,1072,525,547
050,37,127,"North Carolina","Nash County",5,43,1142,553,589
050,37,127,"North Carolina","Nash County",5,44,1103,530,573
050,37,127,"North Carolina","Nash County",5,45,1086,511,575
050,37,127,"North Carolina","Nash County",5,46,1151,515,636
050,37,127,"North Carolina","Nash County",5,47,1076,498,578
050,37,127,"North Carolina","Nash County",5,48,1158,547,611
050,37,127,"North Carolina","Nash County",5,49,1197,558,639
050,37,127,"North Carolina","Nash County",5,50,1250,617,633
050,37,127,"North Carolina","Nash County",5,51,1293,639,654
050,37,127,"North Carolina","Nash County",5,52,1351,660,691
050,37,127,"North Carolina","Nash County",5,53,1341,636,705
050,37,127,"North Carolina","Nash County",5,54,1270,616,654
050,37,127,"North Carolina","Nash County",5,55,1255,626,629
050,37,127,"North Carolina","Nash County",5,56,1277,634,643
050,37,127,"North Carolina","Nash County",5,57,1291,629,662
050,37,127,"North Carolina","Nash County",5,58,1369,635,734
050,37,127,"North Carolina","Nash County",5,59,1359,649,710
050,37,127,"North Carolina","Nash County",5,60,1387,675,712
050,37,127,"North Carolina","Nash County",5,61,1374,664,710
050,37,127,"North Carolina","Nash County",5,62,1383,689,694
050,37,127,"North Carolina","Nash County",5,63,1320,619,701
050,37,127,"North Carolina","Nash County",5,64,1279,585,694
050,37,127,"North Carolina","Nash County",5,65,1239,599,640
050,37,127,"North Carolina","Nash County",5,66,1285,617,668
050,37,127,"North Carolina","Nash County",5,67,1251,569,682
050,37,127,"North Carolina","Nash County",5,68,1203,539,664
050,37,127,"North Carolina","Nash County",5,69,1186,529,657
050,37,127,"North Carolina","Nash County",5,70,1133,521,612
050,37,127,"North Carolina","Nash County",5,71,1083,488,595
050,37,127,"North Carolina","Nash County",5,72,1025,448,577
050,37,127,"North Carolina","Nash County",5,73,1008,436,572
050,37,127,"North Carolina","Nash County",5,74,994,447,547
050,37,127,"North Carolina","Nash County",5,75,978,424,554
050,37,127,"North Carolina","Nash County",5,76,1006,444,562
050,37,127,"North Carolina","Nash County",5,77,698,327,371
050,37,127,"North Carolina","Nash County",5,78,649,316,333
050,37,127,"North Carolina","Nash County",5,79,572,253,319
050,37,127,"North Carolina","Nash County",5,80,551,221,330
050,37,127,"North Carolina","Nash County",5,81,478,189,289
050,37,127,"North Carolina","Nash County",5,82,444,181,263
050,37,127,"North Carolina","Nash County",5,83,372,163,209
050,37,127,"North Carolina","Nash County",5,84,319,125,194
050,37,127,"North Carolina","Nash County",5,85,1658,536,1122
050,37,129,"North Carolina","New Hanover County",1,0,2115,1074,1041
050,37,129,"North Carolina","New Hanover County",1,1,2080,1032,1048
050,37,129,"North Carolina","New Hanover County",1,2,2142,1078,1064
050,37,129,"North Carolina","New Hanover County",1,3,2195,1145,1050
050,37,129,"North Carolina","New Hanover County",1,4,2216,1176,1040
050,37,129,"North Carolina","New Hanover County",1,5,2296,1157,1139
050,37,129,"North Carolina","New Hanover County",1,6,2332,1182,1150
050,37,129,"North Carolina","New Hanover County",1,7,2284,1136,1148
050,37,129,"North Carolina","New Hanover County",1,8,2295,1183,1112
050,37,129,"North Carolina","New Hanover County",1,9,2403,1243,1160
050,37,129,"North Carolina","New Hanover County",1,10,2405,1205,1200
050,37,129,"North Carolina","New Hanover County",1,11,2510,1262,1248
050,37,129,"North Carolina","New Hanover County",1,12,2557,1321,1236
050,37,129,"North Carolina","New Hanover County",1,13,2589,1338,1251
050,37,129,"North Carolina","New Hanover County",1,14,2487,1278,1209
050,37,129,"North Carolina","New Hanover County",1,15,2474,1259,1215
050,37,129,"North Carolina","New Hanover County",1,16,2494,1247,1247
050,37,129,"North Carolina","New Hanover County",1,17,2485,1279,1206
050,37,129,"North Carolina","New Hanover County",1,18,2987,1406,1581
050,37,129,"North Carolina","New Hanover County",1,19,3884,1690,2194
050,37,129,"North Carolina","New Hanover County",1,20,4516,2032,2484
050,37,129,"North Carolina","New Hanover County",1,21,4283,1988,2295
050,37,129,"North Carolina","New Hanover County",1,22,3936,1936,2000
050,37,129,"North Carolina","New Hanover County",1,23,3662,1759,1903
050,37,129,"North Carolina","New Hanover County",1,24,3258,1597,1661
050,37,129,"North Carolina","New Hanover County",1,25,3210,1575,1635
050,37,129,"North Carolina","New Hanover County",1,26,3119,1560,1559
050,37,129,"North Carolina","New Hanover County",1,27,3016,1505,1511
050,37,129,"North Carolina","New Hanover County",1,28,2973,1468,1505
050,37,129,"North Carolina","New Hanover County",1,29,2982,1486,1496
050,37,129,"North Carolina","New Hanover County",1,30,2848,1430,1418
050,37,129,"North Carolina","New Hanover County",1,31,2848,1433,1415
050,37,129,"North Carolina","New Hanover County",1,32,2778,1386,1392
050,37,129,"North Carolina","New Hanover County",1,33,2709,1363,1346
050,37,129,"North Carolina","New Hanover County",1,34,2801,1353,1448
050,37,129,"North Carolina","New Hanover County",1,35,2903,1350,1553
050,37,129,"North Carolina","New Hanover County",1,36,2894,1357,1537
050,37,129,"North Carolina","New Hanover County",1,37,2911,1429,1482
050,37,129,"North Carolina","New Hanover County",1,38,2915,1440,1475
050,37,129,"North Carolina","New Hanover County",1,39,2917,1439,1478
050,37,129,"North Carolina","New Hanover County",1,40,2914,1418,1496
050,37,129,"North Carolina","New Hanover County",1,41,2920,1428,1492
050,37,129,"North Carolina","New Hanover County",1,42,2929,1395,1534
050,37,129,"North Carolina","New Hanover County",1,43,2756,1356,1400
050,37,129,"North Carolina","New Hanover County",1,44,2694,1304,1390
050,37,129,"North Carolina","New Hanover County",1,45,2595,1275,1320
050,37,129,"North Carolina","New Hanover County",1,46,2711,1386,1325
050,37,129,"North Carolina","New Hanover County",1,47,2765,1379,1386
050,37,129,"North Carolina","New Hanover County",1,48,2966,1492,1474
050,37,129,"North Carolina","New Hanover County",1,49,3175,1564,1611
050,37,129,"North Carolina","New Hanover County",1,50,2972,1429,1543
050,37,129,"North Carolina","New Hanover County",1,51,2789,1371,1418
050,37,129,"North Carolina","New Hanover County",1,52,2694,1299,1395
050,37,129,"North Carolina","New Hanover County",1,53,2609,1243,1366
050,37,129,"North Carolina","New Hanover County",1,54,2642,1288,1354
050,37,129,"North Carolina","New Hanover County",1,55,2830,1385,1445
050,37,129,"North Carolina","New Hanover County",1,56,3004,1444,1560
050,37,129,"North Carolina","New Hanover County",1,57,3041,1454,1587
050,37,129,"North Carolina","New Hanover County",1,58,3053,1447,1606
050,37,129,"North Carolina","New Hanover County",1,59,2953,1381,1572
050,37,129,"North Carolina","New Hanover County",1,60,2949,1278,1671
050,37,129,"North Carolina","New Hanover County",1,61,3017,1321,1696
050,37,129,"North Carolina","New Hanover County",1,62,3056,1377,1679
050,37,129,"North Carolina","New Hanover County",1,63,2916,1364,1552
050,37,129,"North Carolina","New Hanover County",1,64,2890,1284,1606
050,37,129,"North Carolina","New Hanover County",1,65,2881,1275,1606
050,37,129,"North Carolina","New Hanover County",1,66,2823,1251,1572
050,37,129,"North Carolina","New Hanover County",1,67,2755,1230,1525
050,37,129,"North Carolina","New Hanover County",1,68,2743,1224,1519
050,37,129,"North Carolina","New Hanover County",1,69,2506,1124,1382
050,37,129,"North Carolina","New Hanover County",1,70,2419,1104,1315
050,37,129,"North Carolina","New Hanover County",1,71,2443,1087,1356
050,37,129,"North Carolina","New Hanover County",1,72,2489,1146,1343
050,37,129,"North Carolina","New Hanover County",1,73,2467,1112,1355
050,37,129,"North Carolina","New Hanover County",1,74,1760,783,977
050,37,129,"North Carolina","New Hanover County",1,75,1729,800,929
050,37,129,"North Carolina","New Hanover County",1,76,1673,763,910
050,37,129,"North Carolina","New Hanover County",1,77,1596,725,871
050,37,129,"North Carolina","New Hanover County",1,78,1321,589,732
050,37,129,"North Carolina","New Hanover County",1,79,1147,520,627
050,37,129,"North Carolina","New Hanover County",1,80,1011,437,574
050,37,129,"North Carolina","New Hanover County",1,81,945,410,535
050,37,129,"North Carolina","New Hanover County",1,82,889,388,501
050,37,129,"North Carolina","New Hanover County",1,83,738,309,429
050,37,129,"North Carolina","New Hanover County",1,84,688,282,406
050,37,129,"North Carolina","New Hanover County",1,85,4135,1504,2631
050,37,129,"North Carolina","New Hanover County",2,0,2093,1092,1001
050,37,129,"North Carolina","New Hanover County",2,1,2073,1036,1037
050,37,129,"North Carolina","New Hanover County",2,2,2125,1065,1060
050,37,129,"North Carolina","New Hanover County",2,3,2178,1130,1048
050,37,129,"North Carolina","New Hanover County",2,4,2211,1169,1042
050,37,129,"North Carolina","New Hanover County",2,5,2279,1163,1116
050,37,129,"North Carolina","New Hanover County",2,6,2331,1174,1157
050,37,129,"North Carolina","New Hanover County",2,7,2293,1148,1145
050,37,129,"North Carolina","New Hanover County",2,8,2293,1173,1120
050,37,129,"North Carolina","New Hanover County",2,9,2380,1226,1154
050,37,129,"North Carolina","New Hanover County",2,10,2404,1211,1193
050,37,129,"North Carolina","New Hanover County",2,11,2480,1242,1238
050,37,129,"North Carolina","New Hanover County",2,12,2556,1308,1248
050,37,129,"North Carolina","New Hanover County",2,13,2580,1331,1249
050,37,129,"North Carolina","New Hanover County",2,14,2514,1293,1221
050,37,129,"North Carolina","New Hanover County",2,15,2482,1264,1218
050,37,129,"North Carolina","New Hanover County",2,16,2500,1255,1245
050,37,129,"North Carolina","New Hanover County",2,17,2494,1272,1222
050,37,129,"North Carolina","New Hanover County",2,18,3007,1415,1592
050,37,129,"North Carolina","New Hanover County",2,19,3906,1706,2200
050,37,129,"North Carolina","New Hanover County",2,20,4556,2058,2498
050,37,129,"North Carolina","New Hanover County",2,21,4302,1999,2303
050,37,129,"North Carolina","New Hanover County",2,22,3935,1937,1998
050,37,129,"North Carolina","New Hanover County",2,23,3660,1763,1897
050,37,129,"North Carolina","New Hanover County",2,24,3261,1604,1657
050,37,129,"North Carolina","New Hanover County",2,25,3184,1555,1629
050,37,129,"North Carolina","New Hanover County",2,26,3110,1549,1561
050,37,129,"North Carolina","New Hanover County",2,27,2994,1497,1497
050,37,129,"North Carolina","New Hanover County",2,28,2975,1480,1495
050,37,129,"North Carolina","New Hanover County",2,29,2965,1475,1490
050,37,129,"North Carolina","New Hanover County",2,30,2899,1453,1446
050,37,129,"North Carolina","New Hanover County",2,31,2844,1432,1412
050,37,129,"North Carolina","New Hanover County",2,32,2789,1390,1399
050,37,129,"North Carolina","New Hanover County",2,33,2726,1366,1360
050,37,129,"North Carolina","New Hanover County",2,34,2785,1357,1428
050,37,129,"North Carolina","New Hanover County",2,35,2898,1358,1540
050,37,129,"North Carolina","New Hanover County",2,36,2884,1351,1533
050,37,129,"North Carolina","New Hanover County",2,37,2916,1416,1500
050,37,129,"North Carolina","New Hanover County",2,38,2931,1447,1484
050,37,129,"North Carolina","New Hanover County",2,39,2906,1429,1477
050,37,129,"North Carolina","New Hanover County",2,40,2935,1430,1505
050,37,129,"North Carolina","New Hanover County",2,41,2923,1422,1501
050,37,129,"North Carolina","New Hanover County",2,42,2919,1403,1516
050,37,129,"North Carolina","New Hanover County",2,43,2828,1379,1449
050,37,129,"North Carolina","New Hanover County",2,44,2696,1308,1388
050,37,129,"North Carolina","New Hanover County",2,45,2642,1292,1350
050,37,129,"North Carolina","New Hanover County",2,46,2678,1353,1325
050,37,129,"North Carolina","New Hanover County",2,47,2751,1382,1369
050,37,129,"North Carolina","New Hanover County",2,48,2920,1458,1462
050,37,129,"North Carolina","New Hanover County",2,49,3144,1559,1585
050,37,129,"North Carolina","New Hanover County",2,50,3024,1460,1564
050,37,129,"North Carolina","New Hanover County",2,51,2828,1382,1446
050,37,129,"North Carolina","New Hanover County",2,52,2720,1316,1404
050,37,129,"North Carolina","New Hanover County",2,53,2636,1254,1382
050,37,129,"North Carolina","New Hanover County",2,54,2633,1279,1354
050,37,129,"North Carolina","New Hanover County",2,55,2793,1364,1429
050,37,129,"North Carolina","New Hanover County",2,56,2986,1441,1545
050,37,129,"North Carolina","New Hanover County",2,57,3044,1454,1590
050,37,129,"North Carolina","New Hanover County",2,58,3058,1449,1609
050,37,129,"North Carolina","New Hanover County",2,59,3000,1405,1595
050,37,129,"North Carolina","New Hanover County",2,60,2962,1308,1654
050,37,129,"North Carolina","New Hanover County",2,61,3006,1313,1693
050,37,129,"North Carolina","New Hanover County",2,62,3056,1373,1683
050,37,129,"North Carolina","New Hanover County",2,63,2987,1382,1605
050,37,129,"North Carolina","New Hanover County",2,64,2892,1300,1592
050,37,129,"North Carolina","New Hanover County",2,65,2891,1275,1616
050,37,129,"North Carolina","New Hanover County",2,66,2847,1261,1586
050,37,129,"North Carolina","New Hanover County",2,67,2767,1233,1534
050,37,129,"North Carolina","New Hanover County",2,68,2726,1213,1513
050,37,129,"North Carolina","New Hanover County",2,69,2580,1157,1423
050,37,129,"North Carolina","New Hanover County",2,70,2436,1107,1329
050,37,129,"North Carolina","New Hanover County",2,71,2438,1088,1350
050,37,129,"North Carolina","New Hanover County",2,72,2434,1106,1328
050,37,129,"North Carolina","New Hanover County",2,73,2585,1171,1414
050,37,129,"North Carolina","New Hanover County",2,74,1814,808,1006
050,37,129,"North Carolina","New Hanover County",2,75,1730,792,938
050,37,129,"North Carolina","New Hanover County",2,76,1668,763,905
050,37,129,"North Carolina","New Hanover County",2,77,1647,747,900
050,37,129,"North Carolina","New Hanover County",2,78,1353,603,750
050,37,129,"North Carolina","New Hanover County",2,79,1177,527,650
050,37,129,"North Carolina","New Hanover County",2,80,1032,450,582
050,37,129,"North Carolina","New Hanover County",2,81,947,412,535
050,37,129,"North Carolina","New Hanover County",2,82,894,386,508
050,37,129,"North Carolina","New Hanover County",2,83,758,317,441
050,37,129,"North Carolina","New Hanover County",2,84,695,287,408
050,37,129,"North Carolina","New Hanover County",2,85,4147,1506,2641
050,37,129,"North Carolina","New Hanover County",3,0,2118,1095,1023
050,37,129,"North Carolina","New Hanover County",3,1,2094,1076,1018
050,37,129,"North Carolina","New Hanover County",3,2,2062,1025,1037
050,37,129,"North Carolina","New Hanover County",3,3,2152,1070,1082
050,37,129,"North Carolina","New Hanover County",3,4,2217,1171,1046
050,37,129,"North Carolina","New Hanover County",3,5,2215,1152,1063
050,37,129,"North Carolina","New Hanover County",3,6,2256,1157,1099
050,37,129,"North Carolina","New Hanover County",3,7,2292,1170,1122
050,37,129,"North Carolina","New Hanover County",3,8,2311,1165,1146
050,37,129,"North Carolina","New Hanover County",3,9,2296,1145,1151
050,37,129,"North Carolina","New Hanover County",3,10,2384,1228,1156
050,37,129,"North Carolina","New Hanover County",3,11,2404,1217,1187
050,37,129,"North Carolina","New Hanover County",3,12,2455,1223,1232
050,37,129,"North Carolina","New Hanover County",3,13,2572,1335,1237
050,37,129,"North Carolina","New Hanover County",3,14,2556,1325,1231
050,37,129,"North Carolina","New Hanover County",3,15,2543,1291,1252
050,37,129,"North Carolina","New Hanover County",3,16,2501,1273,1228
050,37,129,"North Carolina","New Hanover County",3,17,2540,1268,1272
050,37,129,"North Carolina","New Hanover County",3,18,3200,1487,1713
050,37,129,"North Carolina","New Hanover County",3,19,4151,1810,2341
050,37,129,"North Carolina","New Hanover County",3,20,4694,2103,2591
050,37,129,"North Carolina","New Hanover County",3,21,4506,2088,2418
050,37,129,"North Carolina","New Hanover County",3,22,4033,1996,2037
050,37,129,"North Carolina","New Hanover County",3,23,3839,1891,1948
050,37,129,"North Carolina","New Hanover County",3,24,3343,1640,1703
050,37,129,"North Carolina","New Hanover County",3,25,3171,1527,1644
050,37,129,"North Carolina","New Hanover County",3,26,3134,1541,1593
050,37,129,"North Carolina","New Hanover County",3,27,3014,1472,1542
050,37,129,"North Carolina","New Hanover County",3,28,3043,1528,1515
050,37,129,"North Carolina","New Hanover County",3,29,3048,1488,1560
050,37,129,"North Carolina","New Hanover County",3,30,2996,1516,1480
050,37,129,"North Carolina","New Hanover County",3,31,2939,1473,1466
050,37,129,"North Carolina","New Hanover County",3,32,2834,1430,1404
050,37,129,"North Carolina","New Hanover County",3,33,2826,1425,1401
050,37,129,"North Carolina","New Hanover County",3,34,2824,1433,1391
050,37,129,"North Carolina","New Hanover County",3,35,2749,1318,1431
050,37,129,"North Carolina","New Hanover County",3,36,2916,1351,1565
050,37,129,"North Carolina","New Hanover County",3,37,2895,1363,1532
050,37,129,"North Carolina","New Hanover County",3,38,2882,1395,1487
050,37,129,"North Carolina","New Hanover County",3,39,2929,1443,1486
050,37,129,"North Carolina","New Hanover County",3,40,2916,1453,1463
050,37,129,"North Carolina","New Hanover County",3,41,2976,1419,1557
050,37,129,"North Carolina","New Hanover County",3,42,2924,1438,1486
050,37,129,"North Carolina","New Hanover County",3,43,2967,1436,1531
050,37,129,"North Carolina","New Hanover County",3,44,2836,1385,1451
050,37,129,"North Carolina","New Hanover County",3,45,2725,1301,1424
050,37,129,"North Carolina","New Hanover County",3,46,2663,1313,1350
050,37,129,"North Carolina","New Hanover County",3,47,2718,1372,1346
050,37,129,"North Carolina","New Hanover County",3,48,2784,1392,1392
050,37,129,"North Carolina","New Hanover County",3,49,2955,1459,1496
050,37,129,"North Carolina","New Hanover County",3,50,3147,1548,1599
050,37,129,"North Carolina","New Hanover County",3,51,3072,1467,1605
050,37,129,"North Carolina","New Hanover County",3,52,2883,1414,1469
050,37,129,"North Carolina","New Hanover County",3,53,2736,1315,1421
050,37,129,"North Carolina","New Hanover County",3,54,2682,1259,1423
050,37,129,"North Carolina","New Hanover County",3,55,2650,1282,1368
050,37,129,"North Carolina","New Hanover County",3,56,2859,1389,1470
050,37,129,"North Carolina","New Hanover County",3,57,3043,1456,1587
050,37,129,"North Carolina","New Hanover County",3,58,3097,1484,1613
050,37,129,"North Carolina","New Hanover County",3,59,3119,1450,1669
050,37,129,"North Carolina","New Hanover County",3,60,3103,1447,1656
050,37,129,"North Carolina","New Hanover County",3,61,3006,1324,1682
050,37,129,"North Carolina","New Hanover County",3,62,3054,1352,1702
050,37,129,"North Carolina","New Hanover County",3,63,3098,1404,1694
050,37,129,"North Carolina","New Hanover County",3,64,3016,1394,1622
050,37,129,"North Carolina","New Hanover County",3,65,2884,1290,1594
050,37,129,"North Carolina","New Hanover County",3,66,2905,1284,1621
050,37,129,"North Carolina","New Hanover County",3,67,2856,1269,1587
050,37,129,"North Carolina","New Hanover County",3,68,2737,1207,1530
050,37,129,"North Carolina","New Hanover County",3,69,2714,1216,1498
050,37,129,"North Carolina","New Hanover County",3,70,2573,1144,1429
050,37,129,"North Carolina","New Hanover County",3,71,2417,1096,1321
050,37,129,"North Carolina","New Hanover County",3,72,2402,1080,1322
050,37,129,"North Carolina","New Hanover County",3,73,2388,1058,1330
050,37,129,"North Carolina","New Hanover County",3,74,2541,1152,1389
050,37,129,"North Carolina","New Hanover County",3,75,1764,785,979
050,37,129,"North Carolina","New Hanover County",3,76,1685,769,916
050,37,129,"North Carolina","New Hanover County",3,77,1632,756,876
050,37,129,"North Carolina","New Hanover County",3,78,1597,723,874
050,37,129,"North Carolina","New Hanover County",3,79,1299,585,714
050,37,129,"North Carolina","New Hanover County",3,80,1104,496,608
050,37,129,"North Carolina","New Hanover County",3,81,992,429,563
050,37,129,"North Carolina","New Hanover County",3,82,888,381,507
050,37,129,"North Carolina","New Hanover County",3,83,833,343,490
050,37,129,"North Carolina","New Hanover County",3,84,705,280,425
050,37,129,"North Carolina","New Hanover County",3,85,4140,1512,2628
050,37,129,"North Carolina","New Hanover County",4,0,2216,1152,1064
050,37,129,"North Carolina","New Hanover County",4,1,2168,1128,1040
050,37,129,"North Carolina","New Hanover County",4,2,2100,1069,1031
050,37,129,"North Carolina","New Hanover County",4,3,2079,1046,1033
050,37,129,"North Carolina","New Hanover County",4,4,2162,1076,1086
050,37,129,"North Carolina","New Hanover County",4,5,2261,1202,1059
050,37,129,"North Carolina","New Hanover County",4,6,2264,1175,1089
050,37,129,"North Carolina","New Hanover County",4,7,2264,1152,1112
050,37,129,"North Carolina","New Hanover County",4,8,2297,1159,1138
050,37,129,"North Carolina","New Hanover County",4,9,2337,1189,1148
050,37,129,"North Carolina","New Hanover County",4,10,2300,1156,1144
050,37,129,"North Carolina","New Hanover County",4,11,2385,1237,1148
050,37,129,"North Carolina","New Hanover County",4,12,2384,1204,1180
050,37,129,"North Carolina","New Hanover County",4,13,2475,1243,1232
050,37,129,"North Carolina","New Hanover County",4,14,2572,1323,1249
050,37,129,"North Carolina","New Hanover County",4,15,2580,1348,1232
050,37,129,"North Carolina","New Hanover County",4,16,2581,1318,1263
050,37,129,"North Carolina","New Hanover County",4,17,2527,1286,1241
050,37,129,"North Carolina","New Hanover County",4,18,3317,1501,1816
050,37,129,"North Carolina","New Hanover County",4,19,4436,1900,2536
050,37,129,"North Carolina","New Hanover County",4,20,4888,2208,2680
050,37,129,"North Carolina","New Hanover County",4,21,4685,2159,2526
050,37,129,"North Carolina","New Hanover County",4,22,4245,2075,2170
050,37,129,"North Carolina","New Hanover County",4,23,3854,1847,2007
050,37,129,"North Carolina","New Hanover County",4,24,3568,1768,1800
050,37,129,"North Carolina","New Hanover County",4,25,3202,1537,1665
050,37,129,"North Carolina","New Hanover County",4,26,3149,1481,1668
050,37,129,"North Carolina","New Hanover County",4,27,3134,1550,1584
050,37,129,"North Carolina","New Hanover County",4,28,3122,1571,1551
050,37,129,"North Carolina","New Hanover County",4,29,3116,1564,1552
050,37,129,"North Carolina","New Hanover County",4,30,3153,1538,1615
050,37,129,"North Carolina","New Hanover County",4,31,3117,1543,1574
050,37,129,"North Carolina","New Hanover County",4,32,3048,1510,1538
050,37,129,"North Carolina","New Hanover County",4,33,2964,1464,1500
050,37,129,"North Carolina","New Hanover County",4,34,2942,1473,1469
050,37,129,"North Carolina","New Hanover County",4,35,2921,1475,1446
050,37,129,"North Carolina","New Hanover County",4,36,2830,1389,1441
050,37,129,"North Carolina","New Hanover County",4,37,2930,1354,1576
050,37,129,"North Carolina","New Hanover County",4,38,2911,1382,1529
050,37,129,"North Carolina","New Hanover County",4,39,2926,1417,1509
050,37,129,"North Carolina","New Hanover County",4,40,2993,1491,1502
050,37,129,"North Carolina","New Hanover County",4,41,2999,1507,1492
050,37,129,"North Carolina","New Hanover County",4,42,2995,1421,1574
050,37,129,"North Carolina","New Hanover County",4,43,2959,1427,1532
050,37,129,"North Carolina","New Hanover County",4,44,3014,1461,1553
050,37,129,"North Carolina","New Hanover County",4,45,2839,1383,1456
050,37,129,"North Carolina","New Hanover County",4,46,2746,1310,1436
050,37,129,"North Carolina","New Hanover County",4,47,2696,1333,1363
050,37,129,"North Carolina","New Hanover County",4,48,2748,1372,1376
050,37,129,"North Carolina","New Hanover County",4,49,2849,1429,1420
050,37,129,"North Carolina","New Hanover County",4,50,3037,1480,1557
050,37,129,"North Carolina","New Hanover County",4,51,3232,1598,1634
050,37,129,"North Carolina","New Hanover County",4,52,3158,1481,1677
050,37,129,"North Carolina","New Hanover County",4,53,2948,1432,1516
050,37,129,"North Carolina","New Hanover County",4,54,2805,1335,1470
050,37,129,"North Carolina","New Hanover County",4,55,2774,1314,1460
050,37,129,"North Carolina","New Hanover County",4,56,2723,1313,1410
050,37,129,"North Carolina","New Hanover County",4,57,2887,1389,1498
050,37,129,"North Carolina","New Hanover County",4,58,3166,1516,1650
050,37,129,"North Carolina","New Hanover County",4,59,3188,1498,1690
050,37,129,"North Carolina","New Hanover County",4,60,3195,1490,1705
050,37,129,"North Carolina","New Hanover County",4,61,3148,1444,1704
050,37,129,"North Carolina","New Hanover County",4,62,3067,1347,1720
050,37,129,"North Carolina","New Hanover County",4,63,3104,1380,1724
050,37,129,"North Carolina","New Hanover County",4,64,3196,1434,1762
050,37,129,"North Carolina","New Hanover County",4,65,3001,1376,1625
050,37,129,"North Carolina","New Hanover County",4,66,2912,1304,1608
050,37,129,"North Carolina","New Hanover County",4,67,2911,1309,1602
050,37,129,"North Carolina","New Hanover County",4,68,2851,1239,1612
050,37,129,"North Carolina","New Hanover County",4,69,2744,1221,1523
050,37,129,"North Carolina","New Hanover County",4,70,2707,1201,1506
050,37,129,"North Carolina","New Hanover County",4,71,2587,1143,1444
050,37,129,"North Carolina","New Hanover County",4,72,2403,1096,1307
050,37,129,"North Carolina","New Hanover County",4,73,2373,1051,1322
050,37,129,"North Carolina","New Hanover County",4,74,2383,1076,1307
050,37,129,"North Carolina","New Hanover County",4,75,2502,1133,1369
050,37,129,"North Carolina","New Hanover County",4,76,1723,764,959
050,37,129,"North Carolina","New Hanover County",4,77,1654,740,914
050,37,129,"North Carolina","New Hanover County",4,78,1580,726,854
050,37,129,"North Carolina","New Hanover County",4,79,1530,695,835
050,37,129,"North Carolina","New Hanover County",4,80,1247,569,678
050,37,129,"North Carolina","New Hanover County",4,81,1048,461,587
050,37,129,"North Carolina","New Hanover County",4,82,943,398,545
050,37,129,"North Carolina","New Hanover County",4,83,829,345,484
050,37,129,"North Carolina","New Hanover County",4,84,780,321,459
050,37,129,"North Carolina","New Hanover County",4,85,4200,1534,2666
050,37,129,"North Carolina","New Hanover County",5,0,2214,1146,1068
050,37,129,"North Carolina","New Hanover County",5,1,2256,1145,1111
050,37,129,"North Carolina","New Hanover County",5,2,2103,1075,1028
050,37,129,"North Carolina","New Hanover County",5,3,2128,1082,1046
050,37,129,"North Carolina","New Hanover County",5,4,2060,1021,1039
050,37,129,"North Carolina","New Hanover County",5,5,2161,1080,1081
050,37,129,"North Carolina","New Hanover County",5,6,2293,1198,1095
050,37,129,"North Carolina","New Hanover County",5,7,2258,1149,1109
050,37,129,"North Carolina","New Hanover County",5,8,2278,1150,1128
050,37,129,"North Carolina","New Hanover County",5,9,2330,1183,1147
050,37,129,"North Carolina","New Hanover County",5,10,2315,1183,1132
050,37,129,"North Carolina","New Hanover County",5,11,2304,1173,1131
050,37,129,"North Carolina","New Hanover County",5,12,2346,1195,1151
050,37,129,"North Carolina","New Hanover County",5,13,2455,1239,1216
050,37,129,"North Carolina","New Hanover County",5,14,2485,1244,1241
050,37,129,"North Carolina","New Hanover County",5,15,2611,1334,1277
050,37,129,"North Carolina","New Hanover County",5,16,2617,1365,1252
050,37,129,"North Carolina","New Hanover County",5,17,2580,1327,1253
050,37,129,"North Carolina","New Hanover County",5,18,3305,1524,1781
050,37,129,"North Carolina","New Hanover County",5,19,4430,1866,2564
050,37,129,"North Carolina","New Hanover County",5,20,4879,2185,2694
050,37,129,"North Carolina","New Hanover County",5,21,4673,2161,2512
050,37,129,"North Carolina","New Hanover County",5,22,4299,2106,2193
050,37,129,"North Carolina","New Hanover County",5,23,3977,1928,2049
050,37,129,"North Carolina","New Hanover County",5,24,3565,1716,1849
050,37,129,"North Carolina","New Hanover County",5,25,3417,1667,1750
050,37,129,"North Carolina","New Hanover County",5,26,3156,1527,1629
050,37,129,"North Carolina","New Hanover County",5,27,3102,1468,1634
050,37,129,"North Carolina","New Hanover County",5,28,3192,1591,1601
050,37,129,"North Carolina","New Hanover County",5,29,3137,1574,1563
050,37,129,"North Carolina","New Hanover County",5,30,3158,1587,1571
050,37,129,"North Carolina","New Hanover County",5,31,3255,1585,1670
050,37,129,"North Carolina","New Hanover County",5,32,3140,1526,1614
050,37,129,"North Carolina","New Hanover County",5,33,3058,1493,1565
050,37,129,"North Carolina","New Hanover County",5,34,2979,1456,1523
050,37,129,"North Carolina","New Hanover County",5,35,2967,1473,1494
050,37,129,"North Carolina","New Hanover County",5,36,2967,1515,1452
050,37,129,"North Carolina","New Hanover County",5,37,2844,1390,1454
050,37,129,"North Carolina","New Hanover County",5,38,2974,1375,1599
050,37,129,"North Carolina","New Hanover County",5,39,2920,1388,1532
050,37,129,"North Carolina","New Hanover County",5,40,2946,1422,1524
050,37,129,"North Carolina","New Hanover County",5,41,2991,1496,1495
050,37,129,"North Carolina","New Hanover County",5,42,3080,1533,1547
050,37,129,"North Carolina","New Hanover County",5,43,2991,1412,1579
050,37,129,"North Carolina","New Hanover County",5,44,2995,1441,1554
050,37,129,"North Carolina","New Hanover County",5,45,3027,1467,1560
050,37,129,"North Carolina","New Hanover County",5,46,2860,1394,1466
050,37,129,"North Carolina","New Hanover County",5,47,2758,1322,1436
050,37,129,"North Carolina","New Hanover County",5,48,2696,1323,1373
050,37,129,"North Carolina","New Hanover County",5,49,2761,1389,1372
050,37,129,"North Carolina","New Hanover County",5,50,2890,1439,1451
050,37,129,"North Carolina","New Hanover County",5,51,3063,1478,1585
050,37,129,"North Carolina","New Hanover County",5,52,3251,1617,1634
050,37,129,"North Carolina","New Hanover County",5,53,3200,1492,1708
050,37,129,"North Carolina","New Hanover County",5,54,2980,1432,1548
050,37,129,"North Carolina","New Hanover County",5,55,2829,1363,1466
050,37,129,"North Carolina","New Hanover County",5,56,2800,1309,1491
050,37,129,"North Carolina","New Hanover County",5,57,2729,1316,1413
050,37,129,"North Carolina","New Hanover County",5,58,2927,1404,1523
050,37,129,"North Carolina","New Hanover County",5,59,3234,1519,1715
050,37,129,"North Carolina","New Hanover County",5,60,3196,1495,1701
050,37,129,"North Carolina","New Hanover County",5,61,3206,1480,1726
050,37,129,"North Carolina","New Hanover County",5,62,3166,1448,1718
050,37,129,"North Carolina","New Hanover County",5,63,3088,1356,1732
050,37,129,"North Carolina","New Hanover County",5,64,3130,1395,1735
050,37,129,"North Carolina","New Hanover County",5,65,3221,1439,1782
050,37,129,"North Carolina","New Hanover County",5,66,3006,1380,1626
050,37,129,"North Carolina","New Hanover County",5,67,2887,1295,1592
050,37,129,"North Carolina","New Hanover County",5,68,2910,1303,1607
050,37,129,"North Carolina","New Hanover County",5,69,2836,1240,1596
050,37,129,"North Carolina","New Hanover County",5,70,2744,1203,1541
050,37,129,"North Carolina","New Hanover County",5,71,2700,1195,1505
050,37,129,"North Carolina","New Hanover County",5,72,2532,1116,1416
050,37,129,"North Carolina","New Hanover County",5,73,2394,1064,1330
050,37,129,"North Carolina","New Hanover County",5,74,2333,1045,1288
050,37,129,"North Carolina","New Hanover County",5,75,2331,1044,1287
050,37,129,"North Carolina","New Hanover County",5,76,2422,1094,1328
050,37,129,"North Carolina","New Hanover County",5,77,1674,739,935
050,37,129,"North Carolina","New Hanover County",5,78,1619,718,901
050,37,129,"North Carolina","New Hanover County",5,79,1542,709,833
050,37,129,"North Carolina","New Hanover County",5,80,1489,678,811
050,37,129,"North Carolina","New Hanover County",5,81,1213,547,666
050,37,129,"North Carolina","New Hanover County",5,82,1002,443,559
050,37,129,"North Carolina","New Hanover County",5,83,905,369,536
050,37,129,"North Carolina","New Hanover County",5,84,780,326,454
050,37,129,"North Carolina","New Hanover County",5,85,4330,1569,2761
050,37,131,"North Carolina","Northampton County",1,0,147,74,73
050,37,131,"North Carolina","Northampton County",1,1,162,81,81
050,37,131,"North Carolina","Northampton County",1,2,167,88,79
050,37,131,"North Carolina","Northampton County",1,3,197,106,91
050,37,131,"North Carolina","Northampton County",1,4,166,96,70
050,37,131,"North Carolina","Northampton County",1,5,141,77,64
050,37,131,"North Carolina","Northampton County",1,6,154,81,73
050,37,131,"North Carolina","Northampton County",1,7,152,82,70
050,37,131,"North Carolina","Northampton County",1,8,149,79,70
050,37,131,"North Carolina","Northampton County",1,9,148,75,73
050,37,131,"North Carolina","Northampton County",1,10,186,95,91
050,37,131,"North Carolina","Northampton County",1,11,181,99,82
050,37,131,"North Carolina","Northampton County",1,12,180,95,85
050,37,131,"North Carolina","Northampton County",1,13,201,109,92
050,37,131,"North Carolina","Northampton County",1,14,202,113,89
050,37,131,"North Carolina","Northampton County",1,15,203,115,88
050,37,131,"North Carolina","Northampton County",1,16,191,106,85
050,37,131,"North Carolina","Northampton County",1,17,163,76,87
050,37,131,"North Carolina","Northampton County",1,18,155,81,74
050,37,131,"North Carolina","Northampton County",1,19,144,73,71
050,37,131,"North Carolina","Northampton County",1,20,146,73,73
050,37,131,"North Carolina","Northampton County",1,21,148,78,70
050,37,131,"North Carolina","Northampton County",1,22,169,89,80
050,37,131,"North Carolina","Northampton County",1,23,156,82,74
050,37,131,"North Carolina","Northampton County",1,24,163,79,84
050,37,131,"North Carolina","Northampton County",1,25,159,83,76
050,37,131,"North Carolina","Northampton County",1,26,179,93,86
050,37,131,"North Carolina","Northampton County",1,27,200,113,87
050,37,131,"North Carolina","Northampton County",1,28,201,97,104
050,37,131,"North Carolina","Northampton County",1,29,201,101,100
050,37,131,"North Carolina","Northampton County",1,30,196,96,100
050,37,131,"North Carolina","Northampton County",1,31,183,88,95
050,37,131,"North Carolina","Northampton County",1,32,161,82,79
050,37,131,"North Carolina","Northampton County",1,33,159,88,71
050,37,131,"North Carolina","Northampton County",1,34,132,64,68
050,37,131,"North Carolina","Northampton County",1,35,146,74,72
050,37,131,"North Carolina","Northampton County",1,36,161,75,86
050,37,131,"North Carolina","Northampton County",1,37,167,69,98
050,37,131,"North Carolina","Northampton County",1,38,143,64,79
050,37,131,"North Carolina","Northampton County",1,39,182,92,90
050,37,131,"North Carolina","Northampton County",1,40,176,84,92
050,37,131,"North Carolina","Northampton County",1,41,138,67,71
050,37,131,"North Carolina","Northampton County",1,42,145,69,76
050,37,131,"North Carolina","Northampton County",1,43,155,72,83
050,37,131,"North Carolina","Northampton County",1,44,150,77,73
050,37,131,"North Carolina","Northampton County",1,45,169,82,87
050,37,131,"North Carolina","Northampton County",1,46,178,90,88
050,37,131,"North Carolina","Northampton County",1,47,186,91,95
050,37,131,"North Carolina","Northampton County",1,48,208,103,105
050,37,131,"North Carolina","Northampton County",1,49,217,109,108
050,37,131,"North Carolina","Northampton County",1,50,215,111,104
050,37,131,"North Carolina","Northampton County",1,51,213,105,108
050,37,131,"North Carolina","Northampton County",1,52,195,97,98
050,37,131,"North Carolina","Northampton County",1,53,208,99,109
050,37,131,"North Carolina","Northampton County",1,54,247,118,129
050,37,131,"North Carolina","Northampton County",1,55,263,132,131
050,37,131,"North Carolina","Northampton County",1,56,296,130,166
050,37,131,"North Carolina","Northampton County",1,57,292,126,166
050,37,131,"North Carolina","Northampton County",1,58,288,137,151
050,37,131,"North Carolina","Northampton County",1,59,303,151,152
050,37,131,"North Carolina","Northampton County",1,60,305,131,174
050,37,131,"North Carolina","Northampton County",1,61,321,129,192
050,37,131,"North Carolina","Northampton County",1,62,344,167,177
050,37,131,"North Carolina","Northampton County",1,63,332,161,171
050,37,131,"North Carolina","Northampton County",1,64,323,161,162
050,37,131,"North Carolina","Northampton County",1,65,318,154,164
050,37,131,"North Carolina","Northampton County",1,66,333,172,161
050,37,131,"North Carolina","Northampton County",1,67,297,140,157
050,37,131,"North Carolina","Northampton County",1,68,274,131,143
050,37,131,"North Carolina","Northampton County",1,69,276,134,142
050,37,131,"North Carolina","Northampton County",1,70,255,121,134
050,37,131,"North Carolina","Northampton County",1,71,267,128,139
050,37,131,"North Carolina","Northampton County",1,72,275,134,141
050,37,131,"North Carolina","Northampton County",1,73,272,121,151
050,37,131,"North Carolina","Northampton County",1,74,215,88,127
050,37,131,"North Carolina","Northampton County",1,75,205,84,121
050,37,131,"North Carolina","Northampton County",1,76,209,96,113
050,37,131,"North Carolina","Northampton County",1,77,185,85,100
050,37,131,"North Carolina","Northampton County",1,78,157,73,84
050,37,131,"North Carolina","Northampton County",1,79,145,56,89
050,37,131,"North Carolina","Northampton County",1,80,136,60,76
050,37,131,"North Carolina","Northampton County",1,81,132,61,71
050,37,131,"North Carolina","Northampton County",1,82,113,40,73
050,37,131,"North Carolina","Northampton County",1,83,96,34,62
050,37,131,"North Carolina","Northampton County",1,84,88,28,60
050,37,131,"North Carolina","Northampton County",1,85,613,195,418
050,37,131,"North Carolina","Northampton County",2,0,160,77,83
050,37,131,"North Carolina","Northampton County",2,1,158,81,77
050,37,131,"North Carolina","Northampton County",2,2,170,89,81
050,37,131,"North Carolina","Northampton County",2,3,190,101,89
050,37,131,"North Carolina","Northampton County",2,4,171,97,74
050,37,131,"North Carolina","Northampton County",2,5,149,83,66
050,37,131,"North Carolina","Northampton County",2,6,152,81,71
050,37,131,"North Carolina","Northampton County",2,7,154,84,70
050,37,131,"North Carolina","Northampton County",2,8,152,81,71
050,37,131,"North Carolina","Northampton County",2,9,150,76,74
050,37,131,"North Carolina","Northampton County",2,10,175,90,85
050,37,131,"North Carolina","Northampton County",2,11,182,98,84
050,37,131,"North Carolina","Northampton County",2,12,182,97,85
050,37,131,"North Carolina","Northampton County",2,13,196,106,90
050,37,131,"North Carolina","Northampton County",2,14,200,111,89
050,37,131,"North Carolina","Northampton County",2,15,202,114,88
050,37,131,"North Carolina","Northampton County",2,16,192,107,85
050,37,131,"North Carolina","Northampton County",2,17,169,83,86
050,37,131,"North Carolina","Northampton County",2,18,152,78,74
050,37,131,"North Carolina","Northampton County",2,19,141,71,70
050,37,131,"North Carolina","Northampton County",2,20,148,74,74
050,37,131,"North Carolina","Northampton County",2,21,150,78,72
050,37,131,"North Carolina","Northampton County",2,22,162,85,77
050,37,131,"North Carolina","Northampton County",2,23,159,84,75
050,37,131,"North Carolina","Northampton County",2,24,159,80,79
050,37,131,"North Carolina","Northampton County",2,25,159,82,77
050,37,131,"North Carolina","Northampton County",2,26,177,92,85
050,37,131,"North Carolina","Northampton County",2,27,194,107,87
050,37,131,"North Carolina","Northampton County",2,28,202,102,100
050,37,131,"North Carolina","Northampton County",2,29,204,102,102
050,37,131,"North Carolina","Northampton County",2,30,199,98,101
050,37,131,"North Carolina","Northampton County",2,31,184,88,96
050,37,131,"North Carolina","Northampton County",2,32,167,85,82
050,37,131,"North Carolina","Northampton County",2,33,159,87,72
050,37,131,"North Carolina","Northampton County",2,34,138,69,69
050,37,131,"North Carolina","Northampton County",2,35,144,72,72
050,37,131,"North Carolina","Northampton County",2,36,157,74,83
050,37,131,"North Carolina","Northampton County",2,37,163,69,94
050,37,131,"North Carolina","Northampton County",2,38,151,66,85
050,37,131,"North Carolina","Northampton County",2,39,171,85,86
050,37,131,"North Carolina","Northampton County",2,40,177,84,93
050,37,131,"North Carolina","Northampton County",2,41,146,71,75
050,37,131,"North Carolina","Northampton County",2,42,142,68,74
050,37,131,"North Carolina","Northampton County",2,43,151,70,81
050,37,131,"North Carolina","Northampton County",2,44,147,73,74
050,37,131,"North Carolina","Northampton County",2,45,165,81,84
050,37,131,"North Carolina","Northampton County",2,46,175,88,87
050,37,131,"North Carolina","Northampton County",2,47,185,91,94
050,37,131,"North Carolina","Northampton County",2,48,206,100,106
050,37,131,"North Carolina","Northampton County",2,49,220,111,109
050,37,131,"North Carolina","Northampton County",2,50,218,111,107
050,37,131,"North Carolina","Northampton County",2,51,211,106,105
050,37,131,"North Carolina","Northampton County",2,52,199,99,100
050,37,131,"North Carolina","Northampton County",2,53,206,99,107
050,37,131,"North Carolina","Northampton County",2,54,234,113,121
050,37,131,"North Carolina","Northampton County",2,55,259,130,129
050,37,131,"North Carolina","Northampton County",2,56,287,129,158
050,37,131,"North Carolina","Northampton County",2,57,293,127,166
050,37,131,"North Carolina","Northampton County",2,58,290,136,154
050,37,131,"North Carolina","Northampton County",2,59,299,147,152
050,37,131,"North Carolina","Northampton County",2,60,303,135,168
050,37,131,"North Carolina","Northampton County",2,61,313,127,186
050,37,131,"North Carolina","Northampton County",2,62,335,157,178
050,37,131,"North Carolina","Northampton County",2,63,336,162,174
050,37,131,"North Carolina","Northampton County",2,64,321,159,162
050,37,131,"North Carolina","Northampton County",2,65,319,156,163
050,37,131,"North Carolina","Northampton County",2,66,330,167,163
050,37,131,"North Carolina","Northampton County",2,67,304,147,157
050,37,131,"North Carolina","Northampton County",2,68,277,132,145
050,37,131,"North Carolina","Northampton County",2,69,275,133,142
050,37,131,"North Carolina","Northampton County",2,70,262,125,137
050,37,131,"North Carolina","Northampton County",2,71,263,124,139
050,37,131,"North Carolina","Northampton County",2,72,270,132,138
050,37,131,"North Carolina","Northampton County",2,73,279,127,152
050,37,131,"North Carolina","Northampton County",2,74,215,90,125
050,37,131,"North Carolina","Northampton County",2,75,206,83,123
050,37,131,"North Carolina","Northampton County",2,76,200,88,112
050,37,131,"North Carolina","Northampton County",2,77,193,88,105
050,37,131,"North Carolina","Northampton County",2,78,156,73,83
050,37,131,"North Carolina","Northampton County",2,79,144,58,86
050,37,131,"North Carolina","Northampton County",2,80,137,59,78
050,37,131,"North Carolina","Northampton County",2,81,130,60,70
050,37,131,"North Carolina","Northampton County",2,82,119,43,76
050,37,131,"North Carolina","Northampton County",2,83,96,35,61
050,37,131,"North Carolina","Northampton County",2,84,88,29,59
050,37,131,"North Carolina","Northampton County",2,85,608,193,415
050,37,131,"North Carolina","Northampton County",3,0,174,87,87
050,37,131,"North Carolina","Northampton County",3,1,166,85,81
050,37,131,"North Carolina","Northampton County",3,2,145,74,71
050,37,131,"North Carolina","Northampton County",3,3,163,89,74
050,37,131,"North Carolina","Northampton County",3,4,180,97,83
050,37,131,"North Carolina","Northampton County",3,5,149,88,61
050,37,131,"North Carolina","Northampton County",3,6,147,83,64
050,37,131,"North Carolina","Northampton County",3,7,147,81,66
050,37,131,"North Carolina","Northampton County",3,8,160,86,74
050,37,131,"North Carolina","Northampton County",3,9,150,78,72
050,37,131,"North Carolina","Northampton County",3,10,153,82,71
050,37,131,"North Carolina","Northampton County",3,11,176,86,90
050,37,131,"North Carolina","Northampton County",3,12,180,100,80
050,37,131,"North Carolina","Northampton County",3,13,181,98,83
050,37,131,"North Carolina","Northampton County",3,14,189,102,87
050,37,131,"North Carolina","Northampton County",3,15,193,106,87
050,37,131,"North Carolina","Northampton County",3,16,187,106,81
050,37,131,"North Carolina","Northampton County",3,17,181,101,80
050,37,131,"North Carolina","Northampton County",3,18,142,74,68
050,37,131,"North Carolina","Northampton County",3,19,126,59,67
050,37,131,"North Carolina","Northampton County",3,20,147,71,76
050,37,131,"North Carolina","Northampton County",3,21,156,82,74
050,37,131,"North Carolina","Northampton County",3,22,161,83,78
050,37,131,"North Carolina","Northampton County",3,23,170,89,81
050,37,131,"North Carolina","Northampton County",3,24,139,73,66
050,37,131,"North Carolina","Northampton County",3,25,153,73,80
050,37,131,"North Carolina","Northampton County",3,26,144,77,67
050,37,131,"North Carolina","Northampton County",3,27,178,100,78
050,37,131,"North Carolina","Northampton County",3,28,176,92,84
050,37,131,"North Carolina","Northampton County",3,29,197,102,95
050,37,131,"North Carolina","Northampton County",3,30,193,98,95
050,37,131,"North Carolina","Northampton County",3,31,197,95,102
050,37,131,"North Carolina","Northampton County",3,32,188,91,97
050,37,131,"North Carolina","Northampton County",3,33,169,93,76
050,37,131,"North Carolina","Northampton County",3,34,159,85,74
050,37,131,"North Carolina","Northampton County",3,35,130,67,63
050,37,131,"North Carolina","Northampton County",3,36,138,65,73
050,37,131,"North Carolina","Northampton County",3,37,160,75,85
050,37,131,"North Carolina","Northampton County",3,38,152,63,89
050,37,131,"North Carolina","Northampton County",3,39,147,67,80
050,37,131,"North Carolina","Northampton County",3,40,164,84,80
050,37,131,"North Carolina","Northampton County",3,41,172,84,88
050,37,131,"North Carolina","Northampton County",3,42,145,71,74
050,37,131,"North Carolina","Northampton County",3,43,143,68,75
050,37,131,"North Carolina","Northampton County",3,44,143,69,74
050,37,131,"North Carolina","Northampton County",3,45,152,71,81
050,37,131,"North Carolina","Northampton County",3,46,171,85,86
050,37,131,"North Carolina","Northampton County",3,47,171,83,88
050,37,131,"North Carolina","Northampton County",3,48,190,93,97
050,37,131,"North Carolina","Northampton County",3,49,202,99,103
050,37,131,"North Carolina","Northampton County",3,50,217,107,110
050,37,131,"North Carolina","Northampton County",3,51,220,111,109
050,37,131,"North Carolina","Northampton County",3,52,209,104,105
050,37,131,"North Carolina","Northampton County",3,53,212,106,106
050,37,131,"North Carolina","Northampton County",3,54,201,94,107
050,37,131,"North Carolina","Northampton County",3,55,234,111,123
050,37,131,"North Carolina","Northampton County",3,56,265,131,134
050,37,131,"North Carolina","Northampton County",3,57,289,132,157
050,37,131,"North Carolina","Northampton County",3,58,290,126,164
050,37,131,"North Carolina","Northampton County",3,59,298,143,155
050,37,131,"North Carolina","Northampton County",3,60,293,138,155
050,37,131,"North Carolina","Northampton County",3,61,308,145,163
050,37,131,"North Carolina","Northampton County",3,62,305,133,172
050,37,131,"North Carolina","Northampton County",3,63,341,160,181
050,37,131,"North Carolina","Northampton County",3,64,332,158,174
050,37,131,"North Carolina","Northampton County",3,65,319,159,160
050,37,131,"North Carolina","Northampton County",3,66,312,149,163
050,37,131,"North Carolina","Northampton County",3,67,317,159,158
050,37,131,"North Carolina","Northampton County",3,68,299,144,155
050,37,131,"North Carolina","Northampton County",3,69,271,127,144
050,37,131,"North Carolina","Northampton County",3,70,265,126,139
050,37,131,"North Carolina","Northampton County",3,71,254,123,131
050,37,131,"North Carolina","Northampton County",3,72,255,121,134
050,37,131,"North Carolina","Northampton County",3,73,263,124,139
050,37,131,"North Carolina","Northampton County",3,74,262,121,141
050,37,131,"North Carolina","Northampton County",3,75,199,79,120
050,37,131,"North Carolina","Northampton County",3,76,192,80,112
050,37,131,"North Carolina","Northampton County",3,77,193,82,111
050,37,131,"North Carolina","Northampton County",3,78,172,80,92
050,37,131,"North Carolina","Northampton County",3,79,153,68,85
050,37,131,"North Carolina","Northampton County",3,80,135,57,78
050,37,131,"North Carolina","Northampton County",3,81,118,51,67
050,37,131,"North Carolina","Northampton County",3,82,134,54,80
050,37,131,"North Carolina","Northampton County",3,83,109,43,66
050,37,131,"North Carolina","Northampton County",3,84,86,29,57
050,37,131,"North Carolina","Northampton County",3,85,598,198,400
050,37,131,"North Carolina","Northampton County",4,0,159,90,69
050,37,131,"North Carolina","Northampton County",4,1,167,80,87
050,37,131,"North Carolina","Northampton County",4,2,159,81,78
050,37,131,"North Carolina","Northampton County",4,3,141,70,71
050,37,131,"North Carolina","Northampton County",4,4,164,92,72
050,37,131,"North Carolina","Northampton County",4,5,181,102,79
050,37,131,"North Carolina","Northampton County",4,6,151,89,62
050,37,131,"North Carolina","Northampton County",4,7,142,82,60
050,37,131,"North Carolina","Northampton County",4,8,145,75,70
050,37,131,"North Carolina","Northampton County",4,9,149,80,69
050,37,131,"North Carolina","Northampton County",4,10,154,81,73
050,37,131,"North Carolina","Northampton County",4,11,151,77,74
050,37,131,"North Carolina","Northampton County",4,12,179,87,92
050,37,131,"North Carolina","Northampton County",4,13,170,91,79
050,37,131,"North Carolina","Northampton County",4,14,185,98,87
050,37,131,"North Carolina","Northampton County",4,15,187,101,86
050,37,131,"North Carolina","Northampton County",4,16,177,97,80
050,37,131,"North Carolina","Northampton County",4,17,185,103,82
050,37,131,"North Carolina","Northampton County",4,18,147,82,65
050,37,131,"North Carolina","Northampton County",4,19,120,63,57
050,37,131,"North Carolina","Northampton County",4,20,125,59,66
050,37,131,"North Carolina","Northampton County",4,21,145,71,74
050,37,131,"North Carolina","Northampton County",4,22,158,81,77
050,37,131,"North Carolina","Northampton County",4,23,159,77,82
050,37,131,"North Carolina","Northampton County",4,24,165,88,77
050,37,131,"North Carolina","Northampton County",4,25,147,79,68
050,37,131,"North Carolina","Northampton County",4,26,148,74,74
050,37,131,"North Carolina","Northampton County",4,27,126,67,59
050,37,131,"North Carolina","Northampton County",4,28,174,96,78
050,37,131,"North Carolina","Northampton County",4,29,185,103,82
050,37,131,"North Carolina","Northampton County",4,30,191,99,92
050,37,131,"North Carolina","Northampton County",4,31,177,92,85
050,37,131,"North Carolina","Northampton County",4,32,198,95,103
050,37,131,"North Carolina","Northampton County",4,33,185,88,97
050,37,131,"North Carolina","Northampton County",4,34,167,90,77
050,37,131,"North Carolina","Northampton County",4,35,168,96,72
050,37,131,"North Carolina","Northampton County",4,36,129,69,60
050,37,131,"North Carolina","Northampton County",4,37,147,75,72
050,37,131,"North Carolina","Northampton County",4,38,153,75,78
050,37,131,"North Carolina","Northampton County",4,39,148,57,91
050,37,131,"North Carolina","Northampton County",4,40,143,60,83
050,37,131,"North Carolina","Northampton County",4,41,156,79,77
050,37,131,"North Carolina","Northampton County",4,42,173,89,84
050,37,131,"North Carolina","Northampton County",4,43,148,79,69
050,37,131,"North Carolina","Northampton County",4,44,136,59,77
050,37,131,"North Carolina","Northampton County",4,45,133,65,68
050,37,131,"North Carolina","Northampton County",4,46,153,70,83
050,37,131,"North Carolina","Northampton County",4,47,176,85,91
050,37,131,"North Carolina","Northampton County",4,48,166,76,90
050,37,131,"North Carolina","Northampton County",4,49,184,91,93
050,37,131,"North Carolina","Northampton County",4,50,199,97,102
050,37,131,"North Carolina","Northampton County",4,51,214,105,109
050,37,131,"North Carolina","Northampton County",4,52,216,111,105
050,37,131,"North Carolina","Northampton County",4,53,216,110,106
050,37,131,"North Carolina","Northampton County",4,54,215,108,107
050,37,131,"North Carolina","Northampton County",4,55,208,96,112
050,37,131,"North Carolina","Northampton County",4,56,224,104,120
050,37,131,"North Carolina","Northampton County",4,57,261,130,131
050,37,131,"North Carolina","Northampton County",4,58,298,137,161
050,37,131,"North Carolina","Northampton County",4,59,289,126,163
050,37,131,"North Carolina","Northampton County",4,60,284,133,151
050,37,131,"North Carolina","Northampton County",4,61,302,141,161
050,37,131,"North Carolina","Northampton County",4,62,296,139,157
050,37,131,"North Carolina","Northampton County",4,63,303,121,182
050,37,131,"North Carolina","Northampton County",4,64,331,158,173
050,37,131,"North Carolina","Northampton County",4,65,329,154,175
050,37,131,"North Carolina","Northampton County",4,66,316,158,158
050,37,131,"North Carolina","Northampton County",4,67,296,138,158
050,37,131,"North Carolina","Northampton County",4,68,316,158,158
050,37,131,"North Carolina","Northampton County",4,69,286,139,147
050,37,131,"North Carolina","Northampton County",4,70,269,126,143
050,37,131,"North Carolina","Northampton County",4,71,255,123,132
050,37,131,"North Carolina","Northampton County",4,72,248,121,127
050,37,131,"North Carolina","Northampton County",4,73,250,118,132
050,37,131,"North Carolina","Northampton County",4,74,257,123,134
050,37,131,"North Carolina","Northampton County",4,75,250,113,137
050,37,131,"North Carolina","Northampton County",4,76,190,77,113
050,37,131,"North Carolina","Northampton County",4,77,187,77,110
050,37,131,"North Carolina","Northampton County",4,78,173,76,97
050,37,131,"North Carolina","Northampton County",4,79,164,69,95
050,37,131,"North Carolina","Northampton County",4,80,150,68,82
050,37,131,"North Carolina","Northampton County",4,81,118,50,68
050,37,131,"North Carolina","Northampton County",4,82,117,40,77
050,37,131,"North Carolina","Northampton County",4,83,125,54,71
050,37,131,"North Carolina","Northampton County",4,84,93,36,57
050,37,131,"North Carolina","Northampton County",4,85,606,203,403
050,37,131,"North Carolina","Northampton County",5,0,156,88,68
050,37,131,"North Carolina","Northampton County",5,1,139,86,53
050,37,131,"North Carolina","Northampton County",5,2,167,75,92
050,37,131,"North Carolina","Northampton County",5,3,160,84,76
050,37,131,"North Carolina","Northampton County",5,4,146,71,75
050,37,131,"North Carolina","Northampton County",5,5,168,96,72
050,37,131,"North Carolina","Northampton County",5,6,183,106,77
050,37,131,"North Carolina","Northampton County",5,7,158,92,66
050,37,131,"North Carolina","Northampton County",5,8,149,83,66
050,37,131,"North Carolina","Northampton County",5,9,147,81,66
050,37,131,"North Carolina","Northampton County",5,10,157,81,76
050,37,131,"North Carolina","Northampton County",5,11,148,76,72
050,37,131,"North Carolina","Northampton County",5,12,165,90,75
050,37,131,"North Carolina","Northampton County",5,13,178,92,86
050,37,131,"North Carolina","Northampton County",5,14,177,93,84
050,37,131,"North Carolina","Northampton County",5,15,196,105,91
050,37,131,"North Carolina","Northampton County",5,16,184,100,84
050,37,131,"North Carolina","Northampton County",5,17,179,99,80
050,37,131,"North Carolina","Northampton County",5,18,162,95,67
050,37,131,"North Carolina","Northampton County",5,19,128,74,54
050,37,131,"North Carolina","Northampton County",5,20,123,62,61
050,37,131,"North Carolina","Northampton County",5,21,123,54,69
050,37,131,"North Carolina","Northampton County",5,22,160,79,81
050,37,131,"North Carolina","Northampton County",5,23,168,85,83
050,37,131,"North Carolina","Northampton County",5,24,158,81,77
050,37,131,"North Carolina","Northampton County",5,25,159,86,73
050,37,131,"North Carolina","Northampton County",5,26,149,81,68
050,37,131,"North Carolina","Northampton County",5,27,155,76,79
050,37,131,"North Carolina","Northampton County",5,28,127,67,60
050,37,131,"North Carolina","Northampton County",5,29,168,93,75
050,37,131,"North Carolina","Northampton County",5,30,169,93,76
050,37,131,"North Carolina","Northampton County",5,31,199,100,99
050,37,131,"North Carolina","Northampton County",5,32,180,91,89
050,37,131,"North Carolina","Northampton County",5,33,186,85,101
050,37,131,"North Carolina","Northampton County",5,34,177,84,93
050,37,131,"North Carolina","Northampton County",5,35,159,87,72
050,37,131,"North Carolina","Northampton County",5,36,172,97,75
050,37,131,"North Carolina","Northampton County",5,37,130,67,63
050,37,131,"North Carolina","Northampton County",5,38,141,70,71
050,37,131,"North Carolina","Northampton County",5,39,157,71,86
050,37,131,"North Carolina","Northampton County",5,40,152,57,95
050,37,131,"North Carolina","Northampton County",5,41,141,59,82
050,37,131,"North Carolina","Northampton County",5,42,167,87,80
050,37,131,"North Carolina","Northampton County",5,43,170,85,85
050,37,131,"North Carolina","Northampton County",5,44,153,78,75
050,37,131,"North Carolina","Northampton County",5,45,135,54,81
050,37,131,"North Carolina","Northampton County",5,46,135,66,69
050,37,131,"North Carolina","Northampton County",5,47,145,64,81
050,37,131,"North Carolina","Northampton County",5,48,184,87,97
050,37,131,"North Carolina","Northampton County",5,49,161,73,88
050,37,131,"North Carolina","Northampton County",5,50,172,87,85
050,37,131,"North Carolina","Northampton County",5,51,186,93,93
050,37,131,"North Carolina","Northampton County",5,52,213,104,109
050,37,131,"North Carolina","Northampton County",5,53,216,112,104
050,37,131,"North Carolina","Northampton County",5,54,215,104,111
050,37,131,"North Carolina","Northampton County",5,55,208,104,104
050,37,131,"North Carolina","Northampton County",5,56,189,89,100
050,37,131,"North Carolina","Northampton County",5,57,230,106,124
050,37,131,"North Carolina","Northampton County",5,58,261,129,132
050,37,131,"North Carolina","Northampton County",5,59,302,139,163
050,37,131,"North Carolina","Northampton County",5,60,286,120,166
050,37,131,"North Carolina","Northampton County",5,61,296,139,157
050,37,131,"North Carolina","Northampton County",5,62,304,149,155
050,37,131,"North Carolina","Northampton County",5,63,295,137,158
050,37,131,"North Carolina","Northampton County",5,64,296,121,175
050,37,131,"North Carolina","Northampton County",5,65,327,152,175
050,37,131,"North Carolina","Northampton County",5,66,332,153,179
050,37,131,"North Carolina","Northampton County",5,67,298,150,148
050,37,131,"North Carolina","Northampton County",5,68,292,138,154
050,37,131,"North Carolina","Northampton County",5,69,305,150,155
050,37,131,"North Carolina","Northampton County",5,70,286,136,150
050,37,131,"North Carolina","Northampton County",5,71,262,124,138
050,37,131,"North Carolina","Northampton County",5,72,245,117,128
050,37,131,"North Carolina","Northampton County",5,73,249,117,132
050,37,131,"North Carolina","Northampton County",5,74,240,112,128
050,37,131,"North Carolina","Northampton County",5,75,242,109,133
050,37,131,"North Carolina","Northampton County",5,76,240,108,132
050,37,131,"North Carolina","Northampton County",5,77,188,73,115
050,37,131,"North Carolina","Northampton County",5,78,172,72,100
050,37,131,"North Carolina","Northampton County",5,79,166,71,95
050,37,131,"North Carolina","Northampton County",5,80,159,71,88
050,37,131,"North Carolina","Northampton County",5,81,133,61,72
050,37,131,"North Carolina","Northampton County",5,82,121,41,80
050,37,131,"North Carolina","Northampton County",5,83,107,41,66
050,37,131,"North Carolina","Northampton County",5,84,111,43,68
050,37,131,"North Carolina","Northampton County",5,85,621,216,405
050,37,133,"North Carolina","Onslow County",1,0,3789,1937,1852
050,37,133,"North Carolina","Onslow County",1,1,3524,1822,1702
050,37,133,"North Carolina","Onslow County",1,2,3274,1717,1557
050,37,133,"North Carolina","Onslow County",1,3,3139,1614,1525
050,37,133,"North Carolina","Onslow County",1,4,3143,1612,1531
050,37,133,"North Carolina","Onslow County",1,5,2991,1526,1465
050,37,133,"North Carolina","Onslow County",1,6,2905,1500,1405
050,37,133,"North Carolina","Onslow County",1,7,2835,1427,1408
050,37,133,"North Carolina","Onslow County",1,8,2740,1378,1362
050,37,133,"North Carolina","Onslow County",1,9,2735,1396,1339
050,37,133,"North Carolina","Onslow County",1,10,2603,1347,1256
050,37,133,"North Carolina","Onslow County",1,11,2621,1337,1284
050,37,133,"North Carolina","Onslow County",1,12,2539,1288,1251
050,37,133,"North Carolina","Onslow County",1,13,2466,1285,1181
050,37,133,"North Carolina","Onslow County",1,14,2309,1192,1117
050,37,133,"North Carolina","Onslow County",1,15,2168,1095,1073
050,37,133,"North Carolina","Onslow County",1,16,2082,1067,1015
050,37,133,"North Carolina","Onslow County",1,17,2097,1085,1012
050,37,133,"North Carolina","Onslow County",1,18,3342,2339,1003
050,37,133,"North Carolina","Onslow County",1,19,5995,4885,1110
050,37,133,"North Carolina","Onslow County",1,20,7440,5842,1598
050,37,133,"North Carolina","Onslow County",1,21,8179,6327,1852
050,37,133,"North Carolina","Onslow County",1,22,7897,5869,2028
050,37,133,"North Carolina","Onslow County",1,23,6204,4307,1897
050,37,133,"North Carolina","Onslow County",1,24,5186,3427,1759
050,37,133,"North Carolina","Onslow County",1,25,4680,2932,1748
050,37,133,"North Carolina","Onslow County",1,26,4242,2468,1774
050,37,133,"North Carolina","Onslow County",1,27,3930,2256,1674
050,37,133,"North Carolina","Onslow County",1,28,3652,2042,1610
050,37,133,"North Carolina","Onslow County",1,29,3599,1995,1604
050,37,133,"North Carolina","Onslow County",1,30,3455,1826,1629
050,37,133,"North Carolina","Onslow County",1,31,3281,1672,1609
050,37,133,"North Carolina","Onslow County",1,32,3206,1667,1539
050,37,133,"North Carolina","Onslow County",1,33,3113,1574,1539
050,37,133,"North Carolina","Onslow County",1,34,3027,1598,1429
050,37,133,"North Carolina","Onslow County",1,35,2979,1565,1414
050,37,133,"North Carolina","Onslow County",1,36,2840,1483,1357
050,37,133,"North Carolina","Onslow County",1,37,2587,1311,1276
050,37,133,"North Carolina","Onslow County",1,38,2428,1244,1184
050,37,133,"North Carolina","Onslow County",1,39,2331,1167,1164
050,37,133,"North Carolina","Onslow County",1,40,2108,1071,1037
050,37,133,"North Carolina","Onslow County",1,41,1949,969,980
050,37,133,"North Carolina","Onslow County",1,42,1936,975,961
050,37,133,"North Carolina","Onslow County",1,43,1801,897,904
050,37,133,"North Carolina","Onslow County",1,44,1672,863,809
050,37,133,"North Carolina","Onslow County",1,45,1587,812,775
050,37,133,"North Carolina","Onslow County",1,46,1588,801,787
050,37,133,"North Carolina","Onslow County",1,47,1678,831,847
050,37,133,"North Carolina","Onslow County",1,48,1632,794,838
050,37,133,"North Carolina","Onslow County",1,49,1629,752,877
050,37,133,"North Carolina","Onslow County",1,50,1542,705,837
050,37,133,"North Carolina","Onslow County",1,51,1468,689,779
050,37,133,"North Carolina","Onslow County",1,52,1405,669,736
050,37,133,"North Carolina","Onslow County",1,53,1500,700,800
050,37,133,"North Carolina","Onslow County",1,54,1604,762,842
050,37,133,"North Carolina","Onslow County",1,55,1671,806,865
050,37,133,"North Carolina","Onslow County",1,56,1735,825,910
050,37,133,"North Carolina","Onslow County",1,57,1709,768,941
050,37,133,"North Carolina","Onslow County",1,58,1680,778,902
050,37,133,"North Carolina","Onslow County",1,59,1709,771,938
050,37,133,"North Carolina","Onslow County",1,60,1670,786,884
050,37,133,"North Carolina","Onslow County",1,61,1662,790,872
050,37,133,"North Carolina","Onslow County",1,62,1704,803,901
050,37,133,"North Carolina","Onslow County",1,63,1611,764,847
050,37,133,"North Carolina","Onslow County",1,64,1529,736,793
050,37,133,"North Carolina","Onslow County",1,65,1479,699,780
050,37,133,"North Carolina","Onslow County",1,66,1424,664,760
050,37,133,"North Carolina","Onslow County",1,67,1330,623,707
050,37,133,"North Carolina","Onslow County",1,68,1247,592,655
050,37,133,"North Carolina","Onslow County",1,69,1218,589,629
050,37,133,"North Carolina","Onslow County",1,70,1127,530,597
050,37,133,"North Carolina","Onslow County",1,71,1078,502,576
050,37,133,"North Carolina","Onslow County",1,72,1113,522,591
050,37,133,"North Carolina","Onslow County",1,73,1115,552,563
050,37,133,"North Carolina","Onslow County",1,74,782,360,422
050,37,133,"North Carolina","Onslow County",1,75,760,335,425
050,37,133,"North Carolina","Onslow County",1,76,741,326,415
050,37,133,"North Carolina","Onslow County",1,77,695,320,375
050,37,133,"North Carolina","Onslow County",1,78,631,286,345
050,37,133,"North Carolina","Onslow County",1,79,600,259,341
050,37,133,"North Carolina","Onslow County",1,80,532,219,313
050,37,133,"North Carolina","Onslow County",1,81,477,198,279
050,37,133,"North Carolina","Onslow County",1,82,429,177,252
050,37,133,"North Carolina","Onslow County",1,83,375,155,220
050,37,133,"North Carolina","Onslow County",1,84,369,159,210
050,37,133,"North Carolina","Onslow County",1,85,1722,630,1092
050,37,133,"North Carolina","Onslow County",2,0,3675,1885,1790
050,37,133,"North Carolina","Onslow County",2,1,3503,1813,1690
050,37,133,"North Carolina","Onslow County",2,2,3274,1709,1565
050,37,133,"North Carolina","Onslow County",2,3,3115,1618,1497
050,37,133,"North Carolina","Onslow County",2,4,3113,1591,1522
050,37,133,"North Carolina","Onslow County",2,5,3011,1536,1475
050,37,133,"North Carolina","Onslow County",2,6,2923,1505,1418
050,37,133,"North Carolina","Onslow County",2,7,2835,1438,1397
050,37,133,"North Carolina","Onslow County",2,8,2753,1386,1367
050,37,133,"North Carolina","Onslow County",2,9,2719,1383,1336
050,37,133,"North Carolina","Onslow County",2,10,2623,1349,1274
050,37,133,"North Carolina","Onslow County",2,11,2593,1329,1264
050,37,133,"North Carolina","Onslow County",2,12,2569,1307,1262
050,37,133,"North Carolina","Onslow County",2,13,2479,1282,1197
050,37,133,"North Carolina","Onslow County",2,14,2339,1211,1128
050,37,133,"North Carolina","Onslow County",2,15,2202,1120,1082
050,37,133,"North Carolina","Onslow County",2,16,2103,1074,1029
050,37,133,"North Carolina","Onslow County",2,17,2103,1088,1015
050,37,133,"North Carolina","Onslow County",2,18,3651,2595,1056
050,37,133,"North Carolina","Onslow County",2,19,6607,5433,1174
050,37,133,"North Carolina","Onslow County",2,20,7967,6339,1628
050,37,133,"North Carolina","Onslow County",2,21,8612,6777,1835
050,37,133,"North Carolina","Onslow County",2,22,8150,6159,1991
050,37,133,"North Carolina","Onslow County",2,23,6489,4572,1917
050,37,133,"North Carolina","Onslow County",2,24,5331,3555,1776
050,37,133,"North Carolina","Onslow County",2,25,4774,3014,1760
050,37,133,"North Carolina","Onslow County",2,26,4271,2515,1756
050,37,133,"North Carolina","Onslow County",2,27,3979,2298,1681
050,37,133,"North Carolina","Onslow County",2,28,3695,2081,1614
050,37,133,"North Carolina","Onslow County",2,29,3591,1998,1593
050,37,133,"North Carolina","Onslow County",2,30,3476,1849,1627
050,37,133,"North Carolina","Onslow County",2,31,3304,1700,1604
050,37,133,"North Carolina","Onslow County",2,32,3203,1655,1548
050,37,133,"North Carolina","Onslow County",2,33,3092,1576,1516
050,37,133,"North Carolina","Onslow County",2,34,3026,1578,1448
050,37,133,"North Carolina","Onslow County",2,35,3013,1587,1426
050,37,133,"North Carolina","Onslow County",2,36,2840,1483,1357
050,37,133,"North Carolina","Onslow County",2,37,2651,1361,1290
050,37,133,"North Carolina","Onslow County",2,38,2466,1255,1211
050,37,133,"North Carolina","Onslow County",2,39,2321,1166,1155
050,37,133,"North Carolina","Onslow County",2,40,2166,1100,1066
050,37,133,"North Carolina","Onslow County",2,41,1972,984,988
050,37,133,"North Carolina","Onslow County",2,42,1915,960,955
050,37,133,"North Carolina","Onslow County",2,43,1826,910,916
050,37,133,"North Carolina","Onslow County",2,44,1681,863,818
050,37,133,"North Carolina","Onslow County",2,45,1603,823,780
050,37,133,"North Carolina","Onslow County",2,46,1574,796,778
050,37,133,"North Carolina","Onslow County",2,47,1645,818,827
050,37,133,"North Carolina","Onslow County",2,48,1638,797,841
050,37,133,"North Carolina","Onslow County",2,49,1634,765,869
050,37,133,"North Carolina","Onslow County",2,50,1567,718,849
050,37,133,"North Carolina","Onslow County",2,51,1478,690,788
050,37,133,"North Carolina","Onslow County",2,52,1416,669,747
050,37,133,"North Carolina","Onslow County",2,53,1480,692,788
050,37,133,"North Carolina","Onslow County",2,54,1576,748,828
050,37,133,"North Carolina","Onslow County",2,55,1650,791,859
050,37,133,"North Carolina","Onslow County",2,56,1720,821,899
050,37,133,"North Carolina","Onslow County",2,57,1715,781,934
050,37,133,"North Carolina","Onslow County",2,58,1688,774,914
050,37,133,"North Carolina","Onslow County",2,59,1706,772,934
050,37,133,"North Carolina","Onslow County",2,60,1673,778,895
050,37,133,"North Carolina","Onslow County",2,61,1657,787,870
050,37,133,"North Carolina","Onslow County",2,62,1697,799,898
050,37,133,"North Carolina","Onslow County",2,63,1646,780,866
050,37,133,"North Carolina","Onslow County",2,64,1538,735,803
050,37,133,"North Carolina","Onslow County",2,65,1497,711,786
050,37,133,"North Carolina","Onslow County",2,66,1453,683,770
050,37,133,"North Carolina","Onslow County",2,67,1357,638,719
050,37,133,"North Carolina","Onslow County",2,68,1261,598,663
050,37,133,"North Carolina","Onslow County",2,69,1230,590,640
050,37,133,"North Carolina","Onslow County",2,70,1146,541,605
050,37,133,"North Carolina","Onslow County",2,71,1085,508,577
050,37,133,"North Carolina","Onslow County",2,72,1090,510,580
050,37,133,"North Carolina","Onslow County",2,73,1159,568,591
050,37,133,"North Carolina","Onslow County",2,74,805,375,430
050,37,133,"North Carolina","Onslow County",2,75,762,340,422
050,37,133,"North Carolina","Onslow County",2,76,729,320,409
050,37,133,"North Carolina","Onslow County",2,77,711,326,385
050,37,133,"North Carolina","Onslow County",2,78,634,287,347
050,37,133,"North Carolina","Onslow County",2,79,598,257,341
050,37,133,"North Carolina","Onslow County",2,80,542,227,315
050,37,133,"North Carolina","Onslow County",2,81,484,202,282
050,37,133,"North Carolina","Onslow County",2,82,438,181,257
050,37,133,"North Carolina","Onslow County",2,83,375,156,219
050,37,133,"North Carolina","Onslow County",2,84,362,151,211
050,37,133,"North Carolina","Onslow County",2,85,1737,633,1104
050,37,133,"North Carolina","Onslow County",3,0,3716,1926,1790
050,37,133,"North Carolina","Onslow County",3,1,3407,1687,1720
050,37,133,"North Carolina","Onslow County",3,2,3255,1695,1560
050,37,133,"North Carolina","Onslow County",3,3,3131,1600,1531
050,37,133,"North Carolina","Onslow County",3,4,2964,1524,1440
050,37,133,"North Carolina","Onslow County",3,5,3017,1507,1510
050,37,133,"North Carolina","Onslow County",3,6,2974,1526,1448
050,37,133,"North Carolina","Onslow County",3,7,2835,1476,1359
050,37,133,"North Carolina","Onslow County",3,8,2823,1432,1391
050,37,133,"North Carolina","Onslow County",3,9,2725,1366,1359
050,37,133,"North Carolina","Onslow County",3,10,2709,1382,1327
050,37,133,"North Carolina","Onslow County",3,11,2613,1325,1288
050,37,133,"North Carolina","Onslow County",3,12,2591,1318,1273
050,37,133,"North Carolina","Onslow County",3,13,2597,1308,1289
050,37,133,"North Carolina","Onslow County",3,14,2477,1283,1194
050,37,133,"North Carolina","Onslow County",3,15,2322,1198,1124
050,37,133,"North Carolina","Onslow County",3,16,2202,1103,1099
050,37,133,"North Carolina","Onslow County",3,17,2129,1088,1041
050,37,133,"North Carolina","Onslow County",3,18,3421,2377,1044
050,37,133,"North Carolina","Onslow County",3,19,5924,4791,1133
050,37,133,"North Carolina","Onslow County",3,20,7404,5796,1608
050,37,133,"North Carolina","Onslow County",3,21,7765,6017,1748
050,37,133,"North Carolina","Onslow County",3,22,7544,5598,1946
050,37,133,"North Carolina","Onslow County",3,23,6095,4183,1912
050,37,133,"North Carolina","Onslow County",3,24,5140,3340,1800
050,37,133,"North Carolina","Onslow County",3,25,4424,2752,1672
050,37,133,"North Carolina","Onslow County",3,26,4067,2391,1676
050,37,133,"North Carolina","Onslow County",3,27,3934,2241,1693
050,37,133,"North Carolina","Onslow County",3,28,3662,2005,1657
050,37,133,"North Carolina","Onslow County",3,29,3533,1951,1582
050,37,133,"North Carolina","Onslow County",3,30,3400,1835,1565
050,37,133,"North Carolina","Onslow County",3,31,3338,1727,1611
050,37,133,"North Carolina","Onslow County",3,32,3275,1696,1579
050,37,133,"North Carolina","Onslow County",3,33,3128,1601,1527
050,37,133,"North Carolina","Onslow County",3,34,3003,1515,1488
050,37,133,"North Carolina","Onslow County",3,35,2994,1570,1424
050,37,133,"North Carolina","Onslow County",3,36,2956,1551,1405
050,37,133,"North Carolina","Onslow County",3,37,2764,1460,1304
050,37,133,"North Carolina","Onslow County",3,38,2580,1300,1280
050,37,133,"North Carolina","Onslow County",3,39,2390,1214,1176
050,37,133,"North Carolina","Onslow County",3,40,2275,1143,1132
050,37,133,"North Carolina","Onslow County",3,41,2138,1067,1071
050,37,133,"North Carolina","Onslow County",3,42,1969,972,997
050,37,133,"North Carolina","Onslow County",3,43,1850,935,915
050,37,133,"North Carolina","Onslow County",3,44,1807,885,922
050,37,133,"North Carolina","Onslow County",3,45,1660,848,812
050,37,133,"North Carolina","Onslow County",3,46,1610,830,780
050,37,133,"North Carolina","Onslow County",3,47,1573,785,788
050,37,133,"North Carolina","Onslow County",3,48,1632,789,843
050,37,133,"North Carolina","Onslow County",3,49,1628,791,837
050,37,133,"North Carolina","Onslow County",3,50,1635,771,864
050,37,133,"North Carolina","Onslow County",3,51,1551,697,854
050,37,133,"North Carolina","Onslow County",3,52,1500,720,780
050,37,133,"North Carolina","Onslow County",3,53,1427,668,759
050,37,133,"North Carolina","Onslow County",3,54,1494,707,787
050,37,133,"North Carolina","Onslow County",3,55,1565,719,846
050,37,133,"North Carolina","Onslow County",3,56,1650,793,857
050,37,133,"North Carolina","Onslow County",3,57,1730,815,915
050,37,133,"North Carolina","Onslow County",3,58,1705,777,928
050,37,133,"North Carolina","Onslow County",3,59,1701,769,932
050,37,133,"North Carolina","Onslow County",3,60,1712,769,943
050,37,133,"North Carolina","Onslow County",3,61,1670,775,895
050,37,133,"North Carolina","Onslow County",3,62,1689,810,879
050,37,133,"North Carolina","Onslow County",3,63,1731,818,913
050,37,133,"North Carolina","Onslow County",3,64,1649,784,865
050,37,133,"North Carolina","Onslow County",3,65,1547,734,813
050,37,133,"North Carolina","Onslow County",3,66,1495,707,788
050,37,133,"North Carolina","Onslow County",3,67,1461,683,778
050,37,133,"North Carolina","Onslow County",3,68,1340,636,704
050,37,133,"North Carolina","Onslow County",3,69,1265,597,668
050,37,133,"North Carolina","Onslow County",3,70,1240,580,660
050,37,133,"North Carolina","Onslow County",3,71,1128,525,603
050,37,133,"North Carolina","Onslow County",3,72,1071,503,568
050,37,133,"North Carolina","Onslow County",3,73,1064,503,561
050,37,133,"North Carolina","Onslow County",3,74,1133,550,583
050,37,133,"North Carolina","Onslow County",3,75,768,360,408
050,37,133,"North Carolina","Onslow County",3,76,736,320,416
050,37,133,"North Carolina","Onslow County",3,77,680,302,378
050,37,133,"North Carolina","Onslow County",3,78,671,301,370
050,37,133,"North Carolina","Onslow County",3,79,602,264,338
050,37,133,"North Carolina","Onslow County",3,80,568,249,319
050,37,133,"North Carolina","Onslow County",3,81,503,207,296
050,37,133,"North Carolina","Onslow County",3,82,453,187,266
050,37,133,"North Carolina","Onslow County",3,83,404,171,233
050,37,133,"North Carolina","Onslow County",3,84,326,129,197
050,37,133,"North Carolina","Onslow County",3,85,1784,649,1135
050,37,133,"North Carolina","Onslow County",4,0,3877,1989,1888
050,37,133,"North Carolina","Onslow County",4,1,3435,1732,1703
050,37,133,"North Carolina","Onslow County",4,2,3198,1596,1602
050,37,133,"North Carolina","Onslow County",4,3,3127,1635,1492
050,37,133,"North Carolina","Onslow County",4,4,2975,1531,1444
050,37,133,"North Carolina","Onslow County",4,5,2950,1550,1400
050,37,133,"North Carolina","Onslow County",4,6,2972,1505,1467
050,37,133,"North Carolina","Onslow County",4,7,2944,1500,1444
050,37,133,"North Carolina","Onslow County",4,8,2852,1470,1382
050,37,133,"North Carolina","Onslow County",4,9,2828,1438,1390
050,37,133,"North Carolina","Onslow County",4,10,2731,1377,1354
050,37,133,"North Carolina","Onslow County",4,11,2726,1398,1328
050,37,133,"North Carolina","Onslow County",4,12,2662,1365,1297
050,37,133,"North Carolina","Onslow County",4,13,2562,1305,1257
050,37,133,"North Carolina","Onslow County",4,14,2634,1335,1299
050,37,133,"North Carolina","Onslow County",4,15,2487,1289,1198
050,37,133,"North Carolina","Onslow County",4,16,2351,1184,1167
050,37,133,"North Carolina","Onslow County",4,17,2251,1148,1103
050,37,133,"North Carolina","Onslow County",4,18,3477,2428,1049
050,37,133,"North Carolina","Onslow County",4,19,6030,4907,1123
050,37,133,"North Carolina","Onslow County",4,20,7185,5685,1500
050,37,133,"North Carolina","Onslow County",4,21,8044,6247,1797
050,37,133,"North Carolina","Onslow County",4,22,7291,5459,1832
050,37,133,"North Carolina","Onslow County",4,23,5866,4023,1843
050,37,133,"North Carolina","Onslow County",4,24,4929,3164,1765
050,37,133,"North Carolina","Onslow County",4,25,4415,2743,1672
050,37,133,"North Carolina","Onslow County",4,26,3905,2283,1622
050,37,133,"North Carolina","Onslow County",4,27,3835,2193,1642
050,37,133,"North Carolina","Onslow County",4,28,3639,1992,1647
050,37,133,"North Carolina","Onslow County",4,29,3570,1941,1629
050,37,133,"North Carolina","Onslow County",4,30,3372,1831,1541
050,37,133,"North Carolina","Onslow County",4,31,3335,1768,1567
050,37,133,"North Carolina","Onslow County",4,32,3340,1710,1630
050,37,133,"North Carolina","Onslow County",4,33,3180,1611,1569
050,37,133,"North Carolina","Onslow County",4,34,3125,1604,1521
050,37,133,"North Carolina","Onslow County",4,35,2970,1490,1480
050,37,133,"North Carolina","Onslow County",4,36,2911,1525,1386
050,37,133,"North Carolina","Onslow County",4,37,2950,1553,1397
050,37,133,"North Carolina","Onslow County",4,38,2749,1453,1296
050,37,133,"North Carolina","Onslow County",4,39,2502,1246,1256
050,37,133,"North Carolina","Onslow County",4,40,2323,1166,1157
050,37,133,"North Carolina","Onslow County",4,41,2263,1145,1118
050,37,133,"North Carolina","Onslow County",4,42,2110,1040,1070
050,37,133,"North Carolina","Onslow County",4,43,1920,951,969
050,37,133,"North Carolina","Onslow County",4,44,1804,911,893
050,37,133,"North Carolina","Onslow County",4,45,1802,890,912
050,37,133,"North Carolina","Onslow County",4,46,1704,856,848
050,37,133,"North Carolina","Onslow County",4,47,1603,811,792
050,37,133,"North Carolina","Onslow County",4,48,1576,776,800
050,37,133,"North Carolina","Onslow County",4,49,1604,769,835
050,37,133,"North Carolina","Onslow County",4,50,1655,798,857
050,37,133,"North Carolina","Onslow County",4,51,1658,791,867
050,37,133,"North Carolina","Onslow County",4,52,1588,719,869
050,37,133,"North Carolina","Onslow County",4,53,1543,724,819
050,37,133,"North Carolina","Onslow County",4,54,1502,704,798
050,37,133,"North Carolina","Onslow County",4,55,1516,703,813
050,37,133,"North Carolina","Onslow County",4,56,1620,722,898
050,37,133,"North Carolina","Onslow County",4,57,1662,785,877
050,37,133,"North Carolina","Onslow County",4,58,1780,850,930
050,37,133,"North Carolina","Onslow County",4,59,1742,807,935
050,37,133,"North Carolina","Onslow County",4,60,1742,790,952
050,37,133,"North Carolina","Onslow County",4,61,1734,789,945
050,37,133,"North Carolina","Onslow County",4,62,1676,772,904
050,37,133,"North Carolina","Onslow County",4,63,1730,845,885
050,37,133,"North Carolina","Onslow County",4,64,1735,804,931
050,37,133,"North Carolina","Onslow County",4,65,1663,782,881
050,37,133,"North Carolina","Onslow County",4,66,1571,735,836
050,37,133,"North Carolina","Onslow County",4,67,1528,723,805
050,37,133,"North Carolina","Onslow County",4,68,1474,680,794
050,37,133,"North Carolina","Onslow County",4,69,1327,629,698
050,37,133,"North Carolina","Onslow County",4,70,1272,597,675
050,37,133,"North Carolina","Onslow County",4,71,1223,577,646
050,37,133,"North Carolina","Onslow County",4,72,1117,521,596
050,37,133,"North Carolina","Onslow County",4,73,1058,487,571
050,37,133,"North Carolina","Onslow County",4,74,1056,489,567
050,37,133,"North Carolina","Onslow County",4,75,1108,533,575
050,37,133,"North Carolina","Onslow County",4,76,757,348,409
050,37,133,"North Carolina","Onslow County",4,77,696,308,388
050,37,133,"North Carolina","Onslow County",4,78,658,289,369
050,37,133,"North Carolina","Onslow County",4,79,636,280,356
050,37,133,"North Carolina","Onslow County",4,80,563,241,322
050,37,133,"North Carolina","Onslow County",4,81,521,221,300
050,37,133,"North Carolina","Onslow County",4,82,461,185,276
050,37,133,"North Carolina","Onslow County",4,83,422,172,250
050,37,133,"North Carolina","Onslow County",4,84,362,144,218
050,37,133,"North Carolina","Onslow County",4,85,1784,629,1155
050,37,133,"North Carolina","Onslow County",5,0,3846,1974,1872
050,37,133,"North Carolina","Onslow County",5,1,3727,1925,1802
050,37,133,"North Carolina","Onslow County",5,2,3225,1635,1590
050,37,133,"North Carolina","Onslow County",5,3,3072,1521,1551
050,37,133,"North Carolina","Onslow County",5,4,3045,1549,1496
050,37,133,"North Carolina","Onslow County",5,5,2921,1491,1430
050,37,133,"North Carolina","Onslow County",5,6,2965,1552,1413
050,37,133,"North Carolina","Onslow County",5,7,2975,1495,1480
050,37,133,"North Carolina","Onslow County",5,8,2968,1506,1462
050,37,133,"North Carolina","Onslow County",5,9,2861,1450,1411
050,37,133,"North Carolina","Onslow County",5,10,2904,1448,1456
050,37,133,"North Carolina","Onslow County",5,11,2757,1391,1366
050,37,133,"North Carolina","Onslow County",5,12,2694,1387,1307
050,37,133,"North Carolina","Onslow County",5,13,2703,1387,1316
050,37,133,"North Carolina","Onslow County",5,14,2547,1308,1239
050,37,133,"North Carolina","Onslow County",5,15,2670,1359,1311
050,37,133,"North Carolina","Onslow County",5,16,2489,1295,1194
050,37,133,"North Carolina","Onslow County",5,17,2374,1185,1189
050,37,133,"North Carolina","Onslow County",5,18,3558,2473,1085
050,37,133,"North Carolina","Onslow County",5,19,6035,4931,1104
050,37,133,"North Carolina","Onslow County",5,20,7330,5803,1527
050,37,133,"North Carolina","Onslow County",5,21,7788,6053,1735
050,37,133,"North Carolina","Onslow County",5,22,7621,5678,1943
050,37,133,"North Carolina","Onslow County",5,23,5808,4030,1778
050,37,133,"North Carolina","Onslow County",5,24,4849,3094,1755
050,37,133,"North Carolina","Onslow County",5,25,4442,2694,1748
050,37,133,"North Carolina","Onslow County",5,26,4012,2357,1655
050,37,133,"North Carolina","Onslow County",5,27,3702,2123,1579
050,37,133,"North Carolina","Onslow County",5,28,3671,2037,1634
050,37,133,"North Carolina","Onslow County",5,29,3487,1882,1605
050,37,133,"North Carolina","Onslow County",5,30,3497,1875,1622
050,37,133,"North Carolina","Onslow County",5,31,3365,1808,1557
050,37,133,"North Carolina","Onslow County",5,32,3318,1756,1562
050,37,133,"North Carolina","Onslow County",5,33,3272,1659,1613
050,37,133,"North Carolina","Onslow County",5,34,3150,1590,1560
050,37,133,"North Carolina","Onslow County",5,35,3149,1592,1557
050,37,133,"North Carolina","Onslow County",5,36,2966,1469,1497
050,37,133,"North Carolina","Onslow County",5,37,2962,1553,1409
050,37,133,"North Carolina","Onslow County",5,38,2962,1552,1410
050,37,133,"North Carolina","Onslow County",5,39,2686,1409,1277
050,37,133,"North Carolina","Onslow County",5,40,2480,1222,1258
050,37,133,"North Carolina","Onslow County",5,41,2341,1149,1192
050,37,133,"North Carolina","Onslow County",5,42,2241,1142,1099
050,37,133,"North Carolina","Onslow County",5,43,2095,1024,1071
050,37,133,"North Carolina","Onslow County",5,44,1943,948,995
050,37,133,"North Carolina","Onslow County",5,45,1837,926,911
050,37,133,"North Carolina","Onslow County",5,46,1801,892,909
050,37,133,"North Carolina","Onslow County",5,47,1713,861,852
050,37,133,"North Carolina","Onslow County",5,48,1581,785,796
050,37,133,"North Carolina","Onslow County",5,49,1612,794,818
050,37,133,"North Carolina","Onslow County",5,50,1602,771,831
050,37,133,"North Carolina","Onslow County",5,51,1694,800,894
050,37,133,"North Carolina","Onslow County",5,52,1707,800,907
050,37,133,"North Carolina","Onslow County",5,53,1615,740,875
050,37,133,"North Carolina","Onslow County",5,54,1568,746,822
050,37,133,"North Carolina","Onslow County",5,55,1511,701,810
050,37,133,"North Carolina","Onslow County",5,56,1544,719,825
050,37,133,"North Carolina","Onslow County",5,57,1625,721,904
050,37,133,"North Carolina","Onslow County",5,58,1707,796,911
050,37,133,"North Carolina","Onslow County",5,59,1816,865,951
050,37,133,"North Carolina","Onslow County",5,60,1776,811,965
050,37,133,"North Carolina","Onslow County",5,61,1779,793,986
050,37,133,"North Carolina","Onslow County",5,62,1778,804,974
050,37,133,"North Carolina","Onslow County",5,63,1722,804,918
050,37,133,"North Carolina","Onslow County",5,64,1748,840,908
050,37,133,"North Carolina","Onslow County",5,65,1770,827,943
050,37,133,"North Carolina","Onslow County",5,66,1711,800,911
050,37,133,"North Carolina","Onslow County",5,67,1581,742,839
050,37,133,"North Carolina","Onslow County",5,68,1544,732,812
050,37,133,"North Carolina","Onslow County",5,69,1476,673,803
050,37,133,"North Carolina","Onslow County",5,70,1331,614,717
050,37,133,"North Carolina","Onslow County",5,71,1292,615,677
050,37,133,"North Carolina","Onslow County",5,72,1226,581,645
050,37,133,"North Carolina","Onslow County",5,73,1101,518,583
050,37,133,"North Carolina","Onslow County",5,74,1035,461,574
050,37,133,"North Carolina","Onslow County",5,75,1025,465,560
050,37,133,"North Carolina","Onslow County",5,76,1089,514,575
050,37,133,"North Carolina","Onslow County",5,77,724,332,392
050,37,133,"North Carolina","Onslow County",5,78,668,290,378
050,37,133,"North Carolina","Onslow County",5,79,638,273,365
050,37,133,"North Carolina","Onslow County",5,80,590,260,330
050,37,133,"North Carolina","Onslow County",5,81,524,219,305
050,37,133,"North Carolina","Onslow County",5,82,482,198,284
050,37,133,"North Carolina","Onslow County",5,83,431,176,255
050,37,133,"North Carolina","Onslow County",5,84,376,150,226
050,37,133,"North Carolina","Onslow County",5,85,1853,660,1193
050,37,135,"North Carolina","Orange County",1,0,1152,583,569
050,37,135,"North Carolina","Orange County",1,1,1190,558,632
050,37,135,"North Carolina","Orange County",1,2,1252,633,619
050,37,135,"North Carolina","Orange County",1,3,1324,657,667
050,37,135,"North Carolina","Orange County",1,4,1385,707,678
050,37,135,"North Carolina","Orange County",1,5,1489,723,766
050,37,135,"North Carolina","Orange County",1,6,1603,805,798
050,37,135,"North Carolina","Orange County",1,7,1544,793,751
050,37,135,"North Carolina","Orange County",1,8,1606,824,782
050,37,135,"North Carolina","Orange County",1,9,1693,898,795
050,37,135,"North Carolina","Orange County",1,10,1720,880,840
050,37,135,"North Carolina","Orange County",1,11,1758,909,849
050,37,135,"North Carolina","Orange County",1,12,1875,964,911
050,37,135,"North Carolina","Orange County",1,13,1919,997,922
050,37,135,"North Carolina","Orange County",1,14,1916,999,917
050,37,135,"North Carolina","Orange County",1,15,1900,1010,890
050,37,135,"North Carolina","Orange County",1,16,1904,1006,898
050,37,135,"North Carolina","Orange County",1,17,1950,1021,929
050,37,135,"North Carolina","Orange County",1,18,3730,1583,2147
050,37,135,"North Carolina","Orange County",1,19,5737,2515,3222
050,37,135,"North Carolina","Orange County",1,20,5318,2356,2962
050,37,135,"North Carolina","Orange County",1,21,4472,1962,2510
050,37,135,"North Carolina","Orange County",1,22,3416,1528,1888
050,37,135,"North Carolina","Orange County",1,23,2644,1200,1444
050,37,135,"North Carolina","Orange County",1,24,2316,1090,1226
050,37,135,"North Carolina","Orange County",1,25,2161,1035,1126
050,37,135,"North Carolina","Orange County",1,26,1906,908,998
050,37,135,"North Carolina","Orange County",1,27,1774,855,919
050,37,135,"North Carolina","Orange County",1,28,1838,904,934
050,37,135,"North Carolina","Orange County",1,29,1761,867,894
050,37,135,"North Carolina","Orange County",1,30,1644,818,826
050,37,135,"North Carolina","Orange County",1,31,1708,822,886
050,37,135,"North Carolina","Orange County",1,32,1623,821,802
050,37,135,"North Carolina","Orange County",1,33,1549,769,780
050,37,135,"North Carolina","Orange County",1,34,1503,713,790
050,37,135,"North Carolina","Orange County",1,35,1559,775,784
050,37,135,"North Carolina","Orange County",1,36,1540,752,788
050,37,135,"North Carolina","Orange County",1,37,1676,804,872
050,37,135,"North Carolina","Orange County",1,38,1702,837,865
050,37,135,"North Carolina","Orange County",1,39,1676,801,875
050,37,135,"North Carolina","Orange County",1,40,1784,841,943
050,37,135,"North Carolina","Orange County",1,41,1774,856,918
050,37,135,"North Carolina","Orange County",1,42,1800,877,923
050,37,135,"North Carolina","Orange County",1,43,1779,876,903
050,37,135,"North Carolina","Orange County",1,44,1764,849,915
050,37,135,"North Carolina","Orange County",1,45,1735,865,870
050,37,135,"North Carolina","Orange County",1,46,1714,827,887
050,37,135,"North Carolina","Orange County",1,47,1760,864,896
050,37,135,"North Carolina","Orange County",1,48,1819,898,921
050,37,135,"North Carolina","Orange County",1,49,1921,941,980
050,37,135,"North Carolina","Orange County",1,50,1978,993,985
050,37,135,"North Carolina","Orange County",1,51,1924,938,986
050,37,135,"North Carolina","Orange County",1,52,1760,873,887
050,37,135,"North Carolina","Orange County",1,53,1748,889,859
050,37,135,"North Carolina","Orange County",1,54,1787,903,884
050,37,135,"North Carolina","Orange County",1,55,1798,851,947
050,37,135,"North Carolina","Orange County",1,56,1846,903,943
050,37,135,"North Carolina","Orange County",1,57,1754,874,880
050,37,135,"North Carolina","Orange County",1,58,1764,836,928
050,37,135,"North Carolina","Orange County",1,59,1777,839,938
050,37,135,"North Carolina","Orange County",1,60,1766,820,946
050,37,135,"North Carolina","Orange County",1,61,1777,819,958
050,37,135,"North Carolina","Orange County",1,62,1703,829,874
050,37,135,"North Carolina","Orange County",1,63,1662,774,888
050,37,135,"North Carolina","Orange County",1,64,1672,779,893
050,37,135,"North Carolina","Orange County",1,65,1643,784,859
050,37,135,"North Carolina","Orange County",1,66,1638,778,860
050,37,135,"North Carolina","Orange County",1,67,1573,729,844
050,37,135,"North Carolina","Orange County",1,68,1521,702,819
050,37,135,"North Carolina","Orange County",1,69,1401,670,731
050,37,135,"North Carolina","Orange County",1,70,1357,656,701
050,37,135,"North Carolina","Orange County",1,71,1284,601,683
050,37,135,"North Carolina","Orange County",1,72,1235,552,683
050,37,135,"North Carolina","Orange County",1,73,1277,585,692
050,37,135,"North Carolina","Orange County",1,74,893,405,488
050,37,135,"North Carolina","Orange County",1,75,856,401,455
050,37,135,"North Carolina","Orange County",1,76,787,381,406
050,37,135,"North Carolina","Orange County",1,77,780,353,427
050,37,135,"North Carolina","Orange County",1,78,679,299,380
050,37,135,"North Carolina","Orange County",1,79,597,263,334
050,37,135,"North Carolina","Orange County",1,80,529,246,283
050,37,135,"North Carolina","Orange County",1,81,458,197,261
050,37,135,"North Carolina","Orange County",1,82,438,171,267
050,37,135,"North Carolina","Orange County",1,83,357,136,221
050,37,135,"North Carolina","Orange County",1,84,369,150,219
050,37,135,"North Carolina","Orange County",1,85,2046,693,1353
050,37,135,"North Carolina","Orange County",2,0,1153,577,576
050,37,135,"North Carolina","Orange County",2,1,1177,565,612
050,37,135,"North Carolina","Orange County",2,2,1243,620,623
050,37,135,"North Carolina","Orange County",2,3,1309,652,657
050,37,135,"North Carolina","Orange County",2,4,1374,694,680
050,37,135,"North Carolina","Orange County",2,5,1474,721,753
050,37,135,"North Carolina","Orange County",2,6,1583,785,798
050,37,135,"North Carolina","Orange County",2,7,1562,798,764
050,37,135,"North Carolina","Orange County",2,8,1596,820,776
050,37,135,"North Carolina","Orange County",2,9,1682,884,798
050,37,135,"North Carolina","Orange County",2,10,1727,890,837
050,37,135,"North Carolina","Orange County",2,11,1749,900,849
050,37,135,"North Carolina","Orange County",2,12,1858,955,903
050,37,135,"North Carolina","Orange County",2,13,1907,987,920
050,37,135,"North Carolina","Orange County",2,14,1925,1004,921
050,37,135,"North Carolina","Orange County",2,15,1910,1011,899
050,37,135,"North Carolina","Orange County",2,16,1907,1008,899
050,37,135,"North Carolina","Orange County",2,17,1921,1007,914
050,37,135,"North Carolina","Orange County",2,18,2674,1207,1467
050,37,135,"North Carolina","Orange County",2,19,3689,1643,2046
050,37,135,"North Carolina","Orange County",2,20,4054,1796,2258
050,37,135,"North Carolina","Orange County",2,21,3864,1686,2178
050,37,135,"North Carolina","Orange County",2,22,3222,1438,1784
050,37,135,"North Carolina","Orange County",2,23,2608,1188,1420
050,37,135,"North Carolina","Orange County",2,24,2313,1084,1229
050,37,135,"North Carolina","Orange County",2,25,2128,1019,1109
050,37,135,"North Carolina","Orange County",2,26,1909,914,995
050,37,135,"North Carolina","Orange County",2,27,1768,855,913
050,37,135,"North Carolina","Orange County",2,28,1808,883,925
050,37,135,"North Carolina","Orange County",2,29,1750,861,889
050,37,135,"North Carolina","Orange County",2,30,1673,827,846
050,37,135,"North Carolina","Orange County",2,31,1681,816,865
050,37,135,"North Carolina","Orange County",2,32,1628,810,818
050,37,135,"North Carolina","Orange County",2,33,1562,777,785
050,37,135,"North Carolina","Orange County",2,34,1523,728,795
050,37,135,"North Carolina","Orange County",2,35,1559,766,793
050,37,135,"North Carolina","Orange County",2,36,1544,755,789
050,37,135,"North Carolina","Orange County",2,37,1659,802,857
050,37,135,"North Carolina","Orange County",2,38,1711,836,875
050,37,135,"North Carolina","Orange County",2,39,1677,807,870
050,37,135,"North Carolina","Orange County",2,40,1770,840,930
050,37,135,"North Carolina","Orange County",2,41,1787,858,929
050,37,135,"North Carolina","Orange County",2,42,1792,868,924
050,37,135,"North Carolina","Orange County",2,43,1802,884,918
050,37,135,"North Carolina","Orange County",2,44,1754,852,902
050,37,135,"North Carolina","Orange County",2,45,1752,867,885
050,37,135,"North Carolina","Orange County",2,46,1716,833,883
050,37,135,"North Carolina","Orange County",2,47,1744,851,893
050,37,135,"North Carolina","Orange County",2,48,1802,890,912
050,37,135,"North Carolina","Orange County",2,49,1903,937,966
050,37,135,"North Carolina","Orange County",2,50,1966,976,990
050,37,135,"North Carolina","Orange County",2,51,1925,944,981
050,37,135,"North Carolina","Orange County",2,52,1798,892,906
050,37,135,"North Carolina","Orange County",2,53,1744,880,864
050,37,135,"North Carolina","Orange County",2,54,1771,895,876
050,37,135,"North Carolina","Orange County",2,55,1800,866,934
050,37,135,"North Carolina","Orange County",2,56,1830,888,942
050,37,135,"North Carolina","Orange County",2,57,1779,882,897
050,37,135,"North Carolina","Orange County",2,58,1759,838,921
050,37,135,"North Carolina","Orange County",2,59,1767,834,933
050,37,135,"North Carolina","Orange County",2,60,1767,822,945
050,37,135,"North Carolina","Orange County",2,61,1764,813,951
050,37,135,"North Carolina","Orange County",2,62,1716,821,895
050,37,135,"North Carolina","Orange County",2,63,1689,797,892
050,37,135,"North Carolina","Orange County",2,64,1663,774,889
050,37,135,"North Carolina","Orange County",2,65,1653,783,870
050,37,135,"North Carolina","Orange County",2,66,1640,777,863
050,37,135,"North Carolina","Orange County",2,67,1576,738,838
050,37,135,"North Carolina","Orange County",2,68,1516,700,816
050,37,135,"North Carolina","Orange County",2,69,1437,679,758
050,37,135,"North Carolina","Orange County",2,70,1361,651,710
050,37,135,"North Carolina","Orange County",2,71,1298,611,687
050,37,135,"North Carolina","Orange County",2,72,1230,555,675
050,37,135,"North Carolina","Orange County",2,73,1325,602,723
050,37,135,"North Carolina","Orange County",2,74,928,418,510
050,37,135,"North Carolina","Orange County",2,75,857,399,458
050,37,135,"North Carolina","Orange County",2,76,790,377,413
050,37,135,"North Carolina","Orange County",2,77,803,371,432
050,37,135,"North Carolina","Orange County",2,78,690,306,384
050,37,135,"North Carolina","Orange County",2,79,607,269,338
050,37,135,"North Carolina","Orange County",2,80,540,249,291
050,37,135,"North Carolina","Orange County",2,81,471,206,265
050,37,135,"North Carolina","Orange County",2,82,443,178,265
050,37,135,"North Carolina","Orange County",2,83,369,140,229
050,37,135,"North Carolina","Orange County",2,84,361,145,216
050,37,135,"North Carolina","Orange County",2,85,2086,715,1371
050,37,135,"North Carolina","Orange County",3,0,1096,562,534
050,37,135,"North Carolina","Orange County",3,1,1156,554,602
050,37,135,"North Carolina","Orange County",3,2,1215,617,598
050,37,135,"North Carolina","Orange County",3,3,1286,629,657
050,37,135,"North Carolina","Orange County",3,4,1323,679,644
050,37,135,"North Carolina","Orange County",3,5,1365,685,680
050,37,135,"North Carolina","Orange County",3,6,1475,720,755
050,37,135,"North Carolina","Orange County",3,7,1589,795,794
050,37,135,"North Carolina","Orange County",3,8,1578,806,772
050,37,135,"North Carolina","Orange County",3,9,1594,821,773
050,37,135,"North Carolina","Orange County",3,10,1701,876,825
050,37,135,"North Carolina","Orange County",3,11,1727,885,842
050,37,135,"North Carolina","Orange County",3,12,1719,883,836
050,37,135,"North Carolina","Orange County",3,13,1856,955,901
050,37,135,"North Carolina","Orange County",3,14,1912,979,933
050,37,135,"North Carolina","Orange County",3,15,1905,997,908
050,37,135,"North Carolina","Orange County",3,16,1938,1022,916
050,37,135,"North Carolina","Orange County",3,17,1944,1016,928
050,37,135,"North Carolina","Orange County",3,18,3756,1633,2123
050,37,135,"North Carolina","Orange County",3,19,5579,2465,3114
050,37,135,"North Carolina","Orange County",3,20,5297,2348,2949
050,37,135,"North Carolina","Orange County",3,21,4440,1941,2499
050,37,135,"North Carolina","Orange County",3,22,3417,1526,1891
050,37,135,"North Carolina","Orange County",3,23,2621,1217,1404
050,37,135,"North Carolina","Orange County",3,24,2370,1126,1244
050,37,135,"North Carolina","Orange County",3,25,2121,1024,1097
050,37,135,"North Carolina","Orange County",3,26,1905,942,963
050,37,135,"North Carolina","Orange County",3,27,1694,814,880
050,37,135,"North Carolina","Orange County",3,28,1703,803,900
050,37,135,"North Carolina","Orange County",3,29,1739,856,883
050,37,135,"North Carolina","Orange County",3,30,1683,826,857
050,37,135,"North Carolina","Orange County",3,31,1654,814,840
050,37,135,"North Carolina","Orange County",3,32,1652,794,858
050,37,135,"North Carolina","Orange County",3,33,1597,791,806
050,37,135,"North Carolina","Orange County",3,34,1520,754,766
050,37,135,"North Carolina","Orange County",3,35,1605,763,842
050,37,135,"North Carolina","Orange County",3,36,1566,768,798
050,37,135,"North Carolina","Orange County",3,37,1519,749,770
050,37,135,"North Carolina","Orange County",3,38,1703,817,886
050,37,135,"North Carolina","Orange County",3,39,1669,814,855
050,37,135,"North Carolina","Orange County",3,40,1683,794,889
050,37,135,"North Carolina","Orange County",3,41,1781,852,929
050,37,135,"North Carolina","Orange County",3,42,1798,852,946
050,37,135,"North Carolina","Orange County",3,43,1777,857,920
050,37,135,"North Carolina","Orange County",3,44,1775,876,899
050,37,135,"North Carolina","Orange County",3,45,1773,864,909
050,37,135,"North Carolina","Orange County",3,46,1744,862,882
050,37,135,"North Carolina","Orange County",3,47,1699,826,873
050,37,135,"North Carolina","Orange County",3,48,1762,874,888
050,37,135,"North Carolina","Orange County",3,49,1817,898,919
050,37,135,"North Carolina","Orange County",3,50,1886,925,961
050,37,135,"North Carolina","Orange County",3,51,1973,990,983
050,37,135,"North Carolina","Orange County",3,52,1955,965,990
050,37,135,"North Carolina","Orange County",3,53,1791,892,899
050,37,135,"North Carolina","Orange County",3,54,1716,875,841
050,37,135,"North Carolina","Orange County",3,55,1760,876,884
050,37,135,"North Carolina","Orange County",3,56,1757,845,912
050,37,135,"North Carolina","Orange County",3,57,1828,886,942
050,37,135,"North Carolina","Orange County",3,58,1758,859,899
050,37,135,"North Carolina","Orange County",3,59,1728,836,892
050,37,135,"North Carolina","Orange County",3,60,1756,833,923
050,37,135,"North Carolina","Orange County",3,61,1750,806,944
050,37,135,"North Carolina","Orange County",3,62,1778,817,961
050,37,135,"North Carolina","Orange County",3,63,1731,824,907
050,37,135,"North Carolina","Orange County",3,64,1677,768,909
050,37,135,"North Carolina","Orange County",3,65,1673,774,899
050,37,135,"North Carolina","Orange County",3,66,1631,775,856
050,37,135,"North Carolina","Orange County",3,67,1595,765,830
050,37,135,"North Carolina","Orange County",3,68,1547,714,833
050,37,135,"North Carolina","Orange County",3,69,1509,695,814
050,37,135,"North Carolina","Orange County",3,70,1420,670,750
050,37,135,"North Carolina","Orange County",3,71,1349,642,707
050,37,135,"North Carolina","Orange County",3,72,1273,595,678
050,37,135,"North Carolina","Orange County",3,73,1204,544,660
050,37,135,"North Carolina","Orange County",3,74,1317,589,728
050,37,135,"North Carolina","Orange County",3,75,903,416,487
050,37,135,"North Carolina","Orange County",3,76,831,384,447
050,37,135,"North Carolina","Orange County",3,77,787,373,414
050,37,135,"North Carolina","Orange County",3,78,804,371,433
050,37,135,"North Carolina","Orange County",3,79,680,304,376
050,37,135,"North Carolina","Orange County",3,80,580,254,326
050,37,135,"North Carolina","Orange County",3,81,524,236,288
050,37,135,"North Carolina","Orange County",3,82,445,195,250
050,37,135,"North Carolina","Orange County",3,83,435,173,262
050,37,135,"North Carolina","Orange County",3,84,356,139,217
050,37,135,"North Carolina","Orange County",3,85,2188,761,1427
050,37,135,"North Carolina","Orange County",4,0,1192,650,542
050,37,135,"North Carolina","Orange County",4,1,1126,579,547
050,37,135,"North Carolina","Orange County",4,2,1202,575,627
050,37,135,"North Carolina","Orange County",4,3,1237,640,597
050,37,135,"North Carolina","Orange County",4,4,1334,654,680
050,37,135,"North Carolina","Orange County",4,5,1373,690,683
050,37,135,"North Carolina","Orange County",4,6,1414,721,693
050,37,135,"North Carolina","Orange County",4,7,1517,754,763
050,37,135,"North Carolina","Orange County",4,8,1611,792,819
050,37,135,"North Carolina","Orange County",4,9,1615,828,787
050,37,135,"North Carolina","Orange County",4,10,1636,837,799
050,37,135,"North Carolina","Orange County",4,11,1709,884,825
050,37,135,"North Carolina","Orange County",4,12,1760,914,846
050,37,135,"North Carolina","Orange County",4,13,1779,918,861
050,37,135,"North Carolina","Orange County",4,14,1901,975,926
050,37,135,"North Carolina","Orange County",4,15,1920,986,934
050,37,135,"North Carolina","Orange County",4,16,1923,1005,918
050,37,135,"North Carolina","Orange County",4,17,1995,1056,939
050,37,135,"North Carolina","Orange County",4,18,3693,1612,2081
050,37,135,"North Carolina","Orange County",4,19,5521,2454,3067
050,37,135,"North Carolina","Orange County",4,20,5228,2320,2908
050,37,135,"North Carolina","Orange County",4,21,4527,1979,2548
050,37,135,"North Carolina","Orange County",4,22,3459,1533,1926
050,37,135,"North Carolina","Orange County",4,23,2650,1243,1407
050,37,135,"North Carolina","Orange County",4,24,2333,1079,1254
050,37,135,"North Carolina","Orange County",4,25,2176,1048,1128
050,37,135,"North Carolina","Orange County",4,26,1940,940,1000
050,37,135,"North Carolina","Orange County",4,27,1755,865,890
050,37,135,"North Carolina","Orange County",4,28,1694,807,887
050,37,135,"North Carolina","Orange County",4,29,1674,805,869
050,37,135,"North Carolina","Orange County",4,30,1741,868,873
050,37,135,"North Carolina","Orange County",4,31,1598,784,814
050,37,135,"North Carolina","Orange County",4,32,1683,826,857
050,37,135,"North Carolina","Orange County",4,33,1691,833,858
050,37,135,"North Carolina","Orange County",4,34,1635,814,821
050,37,135,"North Carolina","Orange County",4,35,1580,791,789
050,37,135,"North Carolina","Orange County",4,36,1650,792,858
050,37,135,"North Carolina","Orange County",4,37,1600,778,822
050,37,135,"North Carolina","Orange County",4,38,1569,755,814
050,37,135,"North Carolina","Orange County",4,39,1725,808,917
050,37,135,"North Carolina","Orange County",4,40,1694,842,852
050,37,135,"North Carolina","Orange County",4,41,1704,825,879
050,37,135,"North Carolina","Orange County",4,42,1821,856,965
050,37,135,"North Carolina","Orange County",4,43,1863,883,980
050,37,135,"North Carolina","Orange County",4,44,1767,858,909
050,37,135,"North Carolina","Orange County",4,45,1826,897,929
050,37,135,"North Carolina","Orange County",4,46,1793,861,932
050,37,135,"North Carolina","Orange County",4,47,1768,885,883
050,37,135,"North Carolina","Orange County",4,48,1731,840,891
050,37,135,"North Carolina","Orange County",4,49,1759,874,885
050,37,135,"North Carolina","Orange County",4,50,1823,904,919
050,37,135,"North Carolina","Orange County",4,51,1922,953,969
050,37,135,"North Carolina","Orange County",4,52,2014,1013,1001
050,37,135,"North Carolina","Orange County",4,53,1969,971,998
050,37,135,"North Carolina","Orange County",4,54,1777,878,899
050,37,135,"North Carolina","Orange County",4,55,1740,883,857
050,37,135,"North Carolina","Orange County",4,56,1738,872,866
050,37,135,"North Carolina","Orange County",4,57,1741,847,894
050,37,135,"North Carolina","Orange County",4,58,1834,896,938
050,37,135,"North Carolina","Orange County",4,59,1751,850,901
050,37,135,"North Carolina","Orange County",4,60,1737,837,900
050,37,135,"North Carolina","Orange County",4,61,1733,813,920
050,37,135,"North Carolina","Orange County",4,62,1759,814,945
050,37,135,"North Carolina","Orange County",4,63,1738,820,918
050,37,135,"North Carolina","Orange County",4,64,1703,802,901
050,37,135,"North Carolina","Orange County",4,65,1658,748,910
050,37,135,"North Carolina","Orange County",4,66,1662,751,911
050,37,135,"North Carolina","Orange County",4,67,1604,773,831
050,37,135,"North Carolina","Orange County",4,68,1590,767,823
050,37,135,"North Carolina","Orange County",4,69,1538,709,829
050,37,135,"North Carolina","Orange County",4,70,1516,689,827
050,37,135,"North Carolina","Orange County",4,71,1414,659,755
050,37,135,"North Carolina","Orange County",4,72,1336,617,719
050,37,135,"North Carolina","Orange County",4,73,1260,598,662
050,37,135,"North Carolina","Orange County",4,74,1229,547,682
050,37,135,"North Carolina","Orange County",4,75,1283,585,698
050,37,135,"North Carolina","Orange County",4,76,875,395,480
050,37,135,"North Carolina","Orange County",4,77,820,379,441
050,37,135,"North Carolina","Orange County",4,78,771,364,407
050,37,135,"North Carolina","Orange County",4,79,777,359,418
050,37,135,"North Carolina","Orange County",4,80,658,289,369
050,37,135,"North Carolina","Orange County",4,81,567,248,319
050,37,135,"North Carolina","Orange County",4,82,501,227,274
050,37,135,"North Carolina","Orange County",4,83,422,177,245
050,37,135,"North Carolina","Orange County",4,84,421,179,242
050,37,135,"North Carolina","Orange County",4,85,2280,776,1504
050,37,135,"North Carolina","Orange County",5,0,1189,645,544
050,37,135,"North Carolina","Orange County",5,1,1224,647,577
050,37,135,"North Carolina","Orange County",5,2,1166,586,580
050,37,135,"North Carolina","Orange County",5,3,1231,596,635
050,37,135,"North Carolina","Orange County",5,4,1239,644,595
050,37,135,"North Carolina","Orange County",5,5,1348,667,681
050,37,135,"North Carolina","Orange County",5,6,1381,702,679
050,37,135,"North Carolina","Orange County",5,7,1453,735,718
050,37,135,"North Carolina","Orange County",5,8,1521,747,774
050,37,135,"North Carolina","Orange County",5,9,1589,775,814
050,37,135,"North Carolina","Orange County",5,10,1612,825,787
050,37,135,"North Carolina","Orange County",5,11,1629,825,804
050,37,135,"North Carolina","Orange County",5,12,1709,877,832
050,37,135,"North Carolina","Orange County",5,13,1773,927,846
050,37,135,"North Carolina","Orange County",5,14,1788,920,868
050,37,135,"North Carolina","Orange County",5,15,1894,970,924
050,37,135,"North Carolina","Orange County",5,16,1927,987,940
050,37,135,"North Carolina","Orange County",5,17,2013,1058,955
050,37,135,"North Carolina","Orange County",5,18,3704,1636,2068
050,37,135,"North Carolina","Orange County",5,19,5533,2465,3068
050,37,135,"North Carolina","Orange County",5,20,5311,2379,2932
050,37,135,"North Carolina","Orange County",5,21,4500,1984,2516
050,37,135,"North Carolina","Orange County",5,22,3540,1587,1953
050,37,135,"North Carolina","Orange County",5,23,2661,1213,1448
050,37,135,"North Carolina","Orange County",5,24,2345,1098,1247
050,37,135,"North Carolina","Orange County",5,25,2135,985,1150
050,37,135,"North Carolina","Orange County",5,26,1987,972,1015
050,37,135,"North Carolina","Orange County",5,27,1754,826,928
050,37,135,"North Carolina","Orange County",5,28,1649,830,819
050,37,135,"North Carolina","Orange County",5,29,1645,781,864
050,37,135,"North Carolina","Orange County",5,30,1634,771,863
050,37,135,"North Carolina","Orange County",5,31,1639,807,832
050,37,135,"North Carolina","Orange County",5,32,1616,789,827
050,37,135,"North Carolina","Orange County",5,33,1689,832,857
050,37,135,"North Carolina","Orange County",5,34,1677,830,847
050,37,135,"North Carolina","Orange County",5,35,1616,810,806
050,37,135,"North Carolina","Orange County",5,36,1663,837,826
050,37,135,"North Carolina","Orange County",5,37,1721,849,872
050,37,135,"North Carolina","Orange County",5,38,1659,792,867
050,37,135,"North Carolina","Orange County",5,39,1594,784,810
050,37,135,"North Carolina","Orange County",5,40,1732,815,917
050,37,135,"North Carolina","Orange County",5,41,1694,839,855
050,37,135,"North Carolina","Orange County",5,42,1696,817,879
050,37,135,"North Carolina","Orange County",5,43,1859,869,990
050,37,135,"North Carolina","Orange County",5,44,1880,881,999
050,37,135,"North Carolina","Orange County",5,45,1795,873,922
050,37,135,"North Carolina","Orange County",5,46,1809,884,925
050,37,135,"North Carolina","Orange County",5,47,1803,879,924
050,37,135,"North Carolina","Orange County",5,48,1755,878,877
050,37,135,"North Carolina","Orange County",5,49,1680,817,863
050,37,135,"North Carolina","Orange County",5,50,1730,849,881
050,37,135,"North Carolina","Orange County",5,51,1799,892,907
050,37,135,"North Carolina","Orange County",5,52,1931,970,961
050,37,135,"North Carolina","Orange County",5,53,2024,1009,1015
050,37,135,"North Carolina","Orange County",5,54,1921,937,984
050,37,135,"North Carolina","Orange County",5,55,1746,860,886
050,37,135,"North Carolina","Orange County",5,56,1718,878,840
050,37,135,"North Carolina","Orange County",5,57,1711,839,872
050,37,135,"North Carolina","Orange County",5,58,1722,833,889
050,37,135,"North Carolina","Orange County",5,59,1828,891,937
050,37,135,"North Carolina","Orange County",5,60,1730,833,897
050,37,135,"North Carolina","Orange County",5,61,1724,829,895
050,37,135,"North Carolina","Orange County",5,62,1725,815,910
050,37,135,"North Carolina","Orange County",5,63,1713,786,927
050,37,135,"North Carolina","Orange County",5,64,1715,804,911
050,37,135,"North Carolina","Orange County",5,65,1694,803,891
050,37,135,"North Carolina","Orange County",5,66,1651,740,911
050,37,135,"North Carolina","Orange County",5,67,1632,751,881
050,37,135,"North Carolina","Orange County",5,68,1590,766,824
050,37,135,"North Carolina","Orange County",5,69,1593,769,824
050,37,135,"North Carolina","Orange County",5,70,1541,702,839
050,37,135,"North Carolina","Orange County",5,71,1509,684,825
050,37,135,"North Carolina","Orange County",5,72,1400,652,748
050,37,135,"North Carolina","Orange County",5,73,1312,606,706
050,37,135,"North Carolina","Orange County",5,74,1260,589,671
050,37,135,"North Carolina","Orange County",5,75,1196,544,652
050,37,135,"North Carolina","Orange County",5,76,1234,555,679
050,37,135,"North Carolina","Orange County",5,77,872,386,486
050,37,135,"North Carolina","Orange County",5,78,813,375,438
050,37,135,"North Carolina","Orange County",5,79,723,347,376
050,37,135,"North Carolina","Orange County",5,80,751,349,402
050,37,135,"North Carolina","Orange County",5,81,622,274,348
050,37,135,"North Carolina","Orange County",5,82,554,248,306
050,37,135,"North Carolina","Orange County",5,83,475,214,261
050,37,135,"North Carolina","Orange County",5,84,408,180,228
050,37,135,"North Carolina","Orange County",5,85,2398,835,1563
050,37,137,"North Carolina","Pamlico County",1,0,72,38,34
050,37,137,"North Carolina","Pamlico County",1,1,75,41,34
050,37,137,"North Carolina","Pamlico County",1,2,91,44,47
050,37,137,"North Carolina","Pamlico County",1,3,87,47,40
050,37,137,"North Carolina","Pamlico County",1,4,104,54,50
050,37,137,"North Carolina","Pamlico County",1,5,100,53,47
050,37,137,"North Carolina","Pamlico County",1,6,93,42,51
050,37,137,"North Carolina","Pamlico County",1,7,98,48,50
050,37,137,"North Carolina","Pamlico County",1,8,82,41,41
050,37,137,"North Carolina","Pamlico County",1,9,108,57,51
050,37,137,"North Carolina","Pamlico County",1,10,108,60,48
050,37,137,"North Carolina","Pamlico County",1,11,102,46,56
050,37,137,"North Carolina","Pamlico County",1,12,133,66,67
050,37,137,"North Carolina","Pamlico County",1,13,122,63,59
050,37,137,"North Carolina","Pamlico County",1,14,113,57,56
050,37,137,"North Carolina","Pamlico County",1,15,120,59,61
050,37,137,"North Carolina","Pamlico County",1,16,132,69,63
050,37,137,"North Carolina","Pamlico County",1,17,128,62,66
050,37,137,"North Carolina","Pamlico County",1,18,104,61,43
050,37,137,"North Carolina","Pamlico County",1,19,73,38,35
050,37,137,"North Carolina","Pamlico County",1,20,87,47,40
050,37,137,"North Carolina","Pamlico County",1,21,106,65,41
050,37,137,"North Carolina","Pamlico County",1,22,119,66,53
050,37,137,"North Carolina","Pamlico County",1,23,98,56,42
050,37,137,"North Carolina","Pamlico County",1,24,98,59,39
050,37,137,"North Carolina","Pamlico County",1,25,113,62,51
050,37,137,"North Carolina","Pamlico County",1,26,107,58,49
050,37,137,"North Carolina","Pamlico County",1,27,123,76,47
050,37,137,"North Carolina","Pamlico County",1,28,125,68,57
050,37,137,"North Carolina","Pamlico County",1,29,122,72,50
050,37,137,"North Carolina","Pamlico County",1,30,136,80,56
050,37,137,"North Carolina","Pamlico County",1,31,129,75,54
050,37,137,"North Carolina","Pamlico County",1,32,122,76,46
050,37,137,"North Carolina","Pamlico County",1,33,128,81,47
050,37,137,"North Carolina","Pamlico County",1,34,137,83,54
050,37,137,"North Carolina","Pamlico County",1,35,135,79,56
050,37,137,"North Carolina","Pamlico County",1,36,135,72,63
050,37,137,"North Carolina","Pamlico County",1,37,140,80,60
050,37,137,"North Carolina","Pamlico County",1,38,146,86,60
050,37,137,"North Carolina","Pamlico County",1,39,121,62,59
050,37,137,"North Carolina","Pamlico County",1,40,120,68,52
050,37,137,"North Carolina","Pamlico County",1,41,89,49,40
050,37,137,"North Carolina","Pamlico County",1,42,118,65,53
050,37,137,"North Carolina","Pamlico County",1,43,120,71,49
050,37,137,"North Carolina","Pamlico County",1,44,112,55,57
050,37,137,"North Carolina","Pamlico County",1,45,129,79,50
050,37,137,"North Carolina","Pamlico County",1,46,116,69,47
050,37,137,"North Carolina","Pamlico County",1,47,121,68,53
050,37,137,"North Carolina","Pamlico County",1,48,146,77,69
050,37,137,"North Carolina","Pamlico County",1,49,162,89,73
050,37,137,"North Carolina","Pamlico County",1,50,150,79,71
050,37,137,"North Carolina","Pamlico County",1,51,142,79,63
050,37,137,"North Carolina","Pamlico County",1,52,143,85,58
050,37,137,"North Carolina","Pamlico County",1,53,140,79,61
050,37,137,"North Carolina","Pamlico County",1,54,154,78,76
050,37,137,"North Carolina","Pamlico County",1,55,161,74,87
050,37,137,"North Carolina","Pamlico County",1,56,178,87,91
050,37,137,"North Carolina","Pamlico County",1,57,195,88,107
050,37,137,"North Carolina","Pamlico County",1,58,228,99,129
050,37,137,"North Carolina","Pamlico County",1,59,217,99,118
050,37,137,"North Carolina","Pamlico County",1,60,226,108,118
050,37,137,"North Carolina","Pamlico County",1,61,236,117,119
050,37,137,"North Carolina","Pamlico County",1,62,232,116,116
050,37,137,"North Carolina","Pamlico County",1,63,246,120,126
050,37,137,"North Carolina","Pamlico County",1,64,250,128,122
050,37,137,"North Carolina","Pamlico County",1,65,228,110,118
050,37,137,"North Carolina","Pamlico County",1,66,232,108,124
050,37,137,"North Carolina","Pamlico County",1,67,236,112,124
050,37,137,"North Carolina","Pamlico County",1,68,225,107,118
050,37,137,"North Carolina","Pamlico County",1,69,223,95,128
050,37,137,"North Carolina","Pamlico County",1,70,214,105,109
050,37,137,"North Carolina","Pamlico County",1,71,225,113,112
050,37,137,"North Carolina","Pamlico County",1,72,239,122,117
050,37,137,"North Carolina","Pamlico County",1,73,225,111,114
050,37,137,"North Carolina","Pamlico County",1,74,146,67,79
050,37,137,"North Carolina","Pamlico County",1,75,137,63,74
050,37,137,"North Carolina","Pamlico County",1,76,147,76,71
050,37,137,"North Carolina","Pamlico County",1,77,161,81,80
050,37,137,"North Carolina","Pamlico County",1,78,121,55,66
050,37,137,"North Carolina","Pamlico County",1,79,108,62,46
050,37,137,"North Carolina","Pamlico County",1,80,101,56,45
050,37,137,"North Carolina","Pamlico County",1,81,89,45,44
050,37,137,"North Carolina","Pamlico County",1,82,83,35,48
050,37,137,"North Carolina","Pamlico County",1,83,78,32,46
050,37,137,"North Carolina","Pamlico County",1,84,58,22,36
050,37,137,"North Carolina","Pamlico County",1,85,391,147,244
050,37,137,"North Carolina","Pamlico County",2,0,76,39,37
050,37,137,"North Carolina","Pamlico County",2,1,75,40,35
050,37,137,"North Carolina","Pamlico County",2,2,88,44,44
050,37,137,"North Carolina","Pamlico County",2,3,89,47,42
050,37,137,"North Carolina","Pamlico County",2,4,102,53,49
050,37,137,"North Carolina","Pamlico County",2,5,102,53,49
050,37,137,"North Carolina","Pamlico County",2,6,93,45,48
050,37,137,"North Carolina","Pamlico County",2,7,94,45,49
050,37,137,"North Carolina","Pamlico County",2,8,88,44,44
050,37,137,"North Carolina","Pamlico County",2,9,102,53,49
050,37,137,"North Carolina","Pamlico County",2,10,107,59,48
050,37,137,"North Carolina","Pamlico County",2,11,103,49,54
050,37,137,"North Carolina","Pamlico County",2,12,125,60,65
050,37,137,"North Carolina","Pamlico County",2,13,125,63,62
050,37,137,"North Carolina","Pamlico County",2,14,117,59,58
050,37,137,"North Carolina","Pamlico County",2,15,120,59,61
050,37,137,"North Carolina","Pamlico County",2,16,132,69,63
050,37,137,"North Carolina","Pamlico County",2,17,131,65,66
050,37,137,"North Carolina","Pamlico County",2,18,107,61,46
050,37,137,"North Carolina","Pamlico County",2,19,74,39,35
050,37,137,"North Carolina","Pamlico County",2,20,84,44,40
050,37,137,"North Carolina","Pamlico County",2,21,107,65,42
050,37,137,"North Carolina","Pamlico County",2,22,112,63,49
050,37,137,"North Carolina","Pamlico County",2,23,103,58,45
050,37,137,"North Carolina","Pamlico County",2,24,100,59,41
050,37,137,"North Carolina","Pamlico County",2,25,109,60,49
050,37,137,"North Carolina","Pamlico County",2,26,111,61,50
050,37,137,"North Carolina","Pamlico County",2,27,120,73,47
050,37,137,"North Carolina","Pamlico County",2,28,124,69,55
050,37,137,"North Carolina","Pamlico County",2,29,126,74,52
050,37,137,"North Carolina","Pamlico County",2,30,136,80,56
050,37,137,"North Carolina","Pamlico County",2,31,130,76,54
050,37,137,"North Carolina","Pamlico County",2,32,125,76,49
050,37,137,"North Carolina","Pamlico County",2,33,127,80,47
050,37,137,"North Carolina","Pamlico County",2,34,136,84,52
050,37,137,"North Carolina","Pamlico County",2,35,137,80,57
050,37,137,"North Carolina","Pamlico County",2,36,135,74,61
050,37,137,"North Carolina","Pamlico County",2,37,139,78,61
050,37,137,"North Carolina","Pamlico County",2,38,146,85,61
050,37,137,"North Carolina","Pamlico County",2,39,124,66,58
050,37,137,"North Carolina","Pamlico County",2,40,122,68,54
050,37,137,"North Carolina","Pamlico County",2,41,95,52,43
050,37,137,"North Carolina","Pamlico County",2,42,114,65,49
050,37,137,"North Carolina","Pamlico County",2,43,120,68,52
050,37,137,"North Carolina","Pamlico County",2,44,114,59,55
050,37,137,"North Carolina","Pamlico County",2,45,125,75,50
050,37,137,"North Carolina","Pamlico County",2,46,120,72,48
050,37,137,"North Carolina","Pamlico County",2,47,121,68,53
050,37,137,"North Carolina","Pamlico County",2,48,144,77,67
050,37,137,"North Carolina","Pamlico County",2,49,160,87,73
050,37,137,"North Carolina","Pamlico County",2,50,154,81,73
050,37,137,"North Carolina","Pamlico County",2,51,143,78,65
050,37,137,"North Carolina","Pamlico County",2,52,143,82,61
050,37,137,"North Carolina","Pamlico County",2,53,141,79,62
050,37,137,"North Carolina","Pamlico County",2,54,150,77,73
050,37,137,"North Carolina","Pamlico County",2,55,162,76,86
050,37,137,"North Carolina","Pamlico County",2,56,175,86,89
050,37,137,"North Carolina","Pamlico County",2,57,189,85,104
050,37,137,"North Carolina","Pamlico County",2,58,220,97,123
050,37,137,"North Carolina","Pamlico County",2,59,222,102,120
050,37,137,"North Carolina","Pamlico County",2,60,225,107,118
050,37,137,"North Carolina","Pamlico County",2,61,234,116,118
050,37,137,"North Carolina","Pamlico County",2,62,235,118,117
050,37,137,"North Carolina","Pamlico County",2,63,247,121,126
050,37,137,"North Carolina","Pamlico County",2,64,248,125,123
050,37,137,"North Carolina","Pamlico County",2,65,234,115,119
050,37,137,"North Carolina","Pamlico County",2,66,233,109,124
050,37,137,"North Carolina","Pamlico County",2,67,235,111,124
050,37,137,"North Carolina","Pamlico County",2,68,225,107,118
050,37,137,"North Carolina","Pamlico County",2,69,225,98,127
050,37,137,"North Carolina","Pamlico County",2,70,215,101,114
050,37,137,"North Carolina","Pamlico County",2,71,225,113,112
050,37,137,"North Carolina","Pamlico County",2,72,233,118,115
050,37,137,"North Carolina","Pamlico County",2,73,237,118,119
050,37,137,"North Carolina","Pamlico County",2,74,153,71,82
050,37,137,"North Carolina","Pamlico County",2,75,137,64,73
050,37,137,"North Carolina","Pamlico County",2,76,144,73,71
050,37,137,"North Carolina","Pamlico County",2,77,161,81,80
050,37,137,"North Carolina","Pamlico County",2,78,126,59,67
050,37,137,"North Carolina","Pamlico County",2,79,108,58,50
050,37,137,"North Carolina","Pamlico County",2,80,103,58,45
050,37,137,"North Carolina","Pamlico County",2,81,92,48,44
050,37,137,"North Carolina","Pamlico County",2,82,84,37,47
050,37,137,"North Carolina","Pamlico County",2,83,74,31,43
050,37,137,"North Carolina","Pamlico County",2,84,61,23,38
050,37,137,"North Carolina","Pamlico County",2,85,391,147,244
050,37,137,"North Carolina","Pamlico County",3,0,80,43,37
050,37,137,"North Carolina","Pamlico County",3,1,81,47,34
050,37,137,"North Carolina","Pamlico County",3,2,64,33,31
050,37,137,"North Carolina","Pamlico County",3,3,86,43,43
050,37,137,"North Carolina","Pamlico County",3,4,95,48,47
050,37,137,"North Carolina","Pamlico County",3,5,106,54,52
050,37,137,"North Carolina","Pamlico County",3,6,94,42,52
050,37,137,"North Carolina","Pamlico County",3,7,90,42,48
050,37,137,"North Carolina","Pamlico County",3,8,98,47,51
050,37,137,"North Carolina","Pamlico County",3,9,89,48,41
050,37,137,"North Carolina","Pamlico County",3,10,96,50,46
050,37,137,"North Carolina","Pamlico County",3,11,107,60,47
050,37,137,"North Carolina","Pamlico County",3,12,104,49,55
050,37,137,"North Carolina","Pamlico County",3,13,117,53,64
050,37,137,"North Carolina","Pamlico County",3,14,123,59,64
050,37,137,"North Carolina","Pamlico County",3,15,118,61,57
050,37,137,"North Carolina","Pamlico County",3,16,111,58,53
050,37,137,"North Carolina","Pamlico County",3,17,132,69,63
050,37,137,"North Carolina","Pamlico County",3,18,111,61,50
050,37,137,"North Carolina","Pamlico County",3,19,86,48,38
050,37,137,"North Carolina","Pamlico County",3,20,85,45,40
050,37,137,"North Carolina","Pamlico County",3,21,95,56,39
050,37,137,"North Carolina","Pamlico County",3,22,120,69,51
050,37,137,"North Carolina","Pamlico County",3,23,115,62,53
050,37,137,"North Carolina","Pamlico County",3,24,112,68,44
050,37,137,"North Carolina","Pamlico County",3,25,90,49,41
050,37,137,"North Carolina","Pamlico County",3,26,100,58,42
050,37,137,"North Carolina","Pamlico County",3,27,117,66,51
050,37,137,"North Carolina","Pamlico County",3,28,117,65,52
050,37,137,"North Carolina","Pamlico County",3,29,132,78,54
050,37,137,"North Carolina","Pamlico County",3,30,120,74,46
050,37,137,"North Carolina","Pamlico County",3,31,144,79,65
050,37,137,"North Carolina","Pamlico County",3,32,125,71,54
050,37,137,"North Carolina","Pamlico County",3,33,130,79,51
050,37,137,"North Carolina","Pamlico County",3,34,129,86,43
050,37,137,"North Carolina","Pamlico County",3,35,132,77,55
050,37,137,"North Carolina","Pamlico County",3,36,147,84,63
050,37,137,"North Carolina","Pamlico County",3,37,136,77,59
050,37,137,"North Carolina","Pamlico County",3,38,143,80,63
050,37,137,"North Carolina","Pamlico County",3,39,146,79,67
050,37,137,"North Carolina","Pamlico County",3,40,133,74,59
050,37,137,"North Carolina","Pamlico County",3,41,113,57,56
050,37,137,"North Carolina","Pamlico County",3,42,108,63,45
050,37,137,"North Carolina","Pamlico County",3,43,115,63,52
050,37,137,"North Carolina","Pamlico County",3,44,116,64,52
050,37,137,"North Carolina","Pamlico County",3,45,120,62,58
050,37,137,"North Carolina","Pamlico County",3,46,138,85,53
050,37,137,"North Carolina","Pamlico County",3,47,112,65,47
050,37,137,"North Carolina","Pamlico County",3,48,126,78,48
050,37,137,"North Carolina","Pamlico County",3,49,137,73,64
050,37,137,"North Carolina","Pamlico County",3,50,161,88,73
050,37,137,"North Carolina","Pamlico County",3,51,155,78,77
050,37,137,"North Carolina","Pamlico County",3,52,150,81,69
050,37,137,"North Carolina","Pamlico County",3,53,143,79,64
050,37,137,"North Carolina","Pamlico County",3,54,148,90,58
050,37,137,"North Carolina","Pamlico County",3,55,168,86,82
050,37,137,"North Carolina","Pamlico County",3,56,179,87,92
050,37,137,"North Carolina","Pamlico County",3,57,185,85,100
050,37,137,"North Carolina","Pamlico County",3,58,195,90,105
050,37,137,"North Carolina","Pamlico County",3,59,224,100,124
050,37,137,"North Carolina","Pamlico County",3,60,237,110,127
050,37,137,"North Carolina","Pamlico County",3,61,235,114,121
050,37,137,"North Carolina","Pamlico County",3,62,249,123,126
050,37,137,"North Carolina","Pamlico County",3,63,248,119,129
050,37,137,"North Carolina","Pamlico County",3,64,242,112,130
050,37,137,"North Carolina","Pamlico County",3,65,249,126,123
050,37,137,"North Carolina","Pamlico County",3,66,235,120,115
050,37,137,"North Carolina","Pamlico County",3,67,231,110,121
050,37,137,"North Carolina","Pamlico County",3,68,229,111,118
050,37,137,"North Carolina","Pamlico County",3,69,223,106,117
050,37,137,"North Carolina","Pamlico County",3,70,221,93,128
050,37,137,"North Carolina","Pamlico County",3,71,212,99,113
050,37,137,"North Carolina","Pamlico County",3,72,224,112,112
050,37,137,"North Carolina","Pamlico County",3,73,225,112,113
050,37,137,"North Carolina","Pamlico County",3,74,225,113,112
050,37,137,"North Carolina","Pamlico County",3,75,147,68,79
050,37,137,"North Carolina","Pamlico County",3,76,133,63,70
050,37,137,"North Carolina","Pamlico County",3,77,136,70,66
050,37,137,"North Carolina","Pamlico County",3,78,150,74,76
050,37,137,"North Carolina","Pamlico County",3,79,119,56,63
050,37,137,"North Carolina","Pamlico County",3,80,98,49,49
050,37,137,"North Carolina","Pamlico County",3,81,109,62,47
050,37,137,"North Carolina","Pamlico County",3,82,86,43,43
050,37,137,"North Carolina","Pamlico County",3,83,69,29,40
050,37,137,"North Carolina","Pamlico County",3,84,69,27,42
050,37,137,"North Carolina","Pamlico County",3,85,392,147,245
050,37,137,"North Carolina","Pamlico County",4,0,83,38,45
050,37,137,"North Carolina","Pamlico County",4,1,98,54,44
050,37,137,"North Carolina","Pamlico County",4,2,74,45,29
050,37,137,"North Carolina","Pamlico County",4,3,65,34,31
050,37,137,"North Carolina","Pamlico County",4,4,78,40,38
050,37,137,"North Carolina","Pamlico County",4,5,96,47,49
050,37,137,"North Carolina","Pamlico County",4,6,97,50,47
050,37,137,"North Carolina","Pamlico County",4,7,99,51,48
050,37,137,"North Carolina","Pamlico County",4,8,88,42,46
050,37,137,"North Carolina","Pamlico County",4,9,99,51,48
050,37,137,"North Carolina","Pamlico County",4,10,87,49,38
050,37,137,"North Carolina","Pamlico County",4,11,91,47,44
050,37,137,"North Carolina","Pamlico County",4,12,92,52,40
050,37,137,"North Carolina","Pamlico County",4,13,105,51,54
050,37,137,"North Carolina","Pamlico County",4,14,120,54,66
050,37,137,"North Carolina","Pamlico County",4,15,120,56,64
050,37,137,"North Carolina","Pamlico County",4,16,115,60,55
050,37,137,"North Carolina","Pamlico County",4,17,113,58,55
050,37,137,"North Carolina","Pamlico County",4,18,111,62,49
050,37,137,"North Carolina","Pamlico County",4,19,87,49,38
050,37,137,"North Carolina","Pamlico County",4,20,92,51,41
050,37,137,"North Carolina","Pamlico County",4,21,94,56,38
050,37,137,"North Carolina","Pamlico County",4,22,100,52,48
050,37,137,"North Carolina","Pamlico County",4,23,108,64,44
050,37,137,"North Carolina","Pamlico County",4,24,117,66,51
050,37,137,"North Carolina","Pamlico County",4,25,97,57,40
050,37,137,"North Carolina","Pamlico County",4,26,95,57,38
050,37,137,"North Carolina","Pamlico County",4,27,106,58,48
050,37,137,"North Carolina","Pamlico County",4,28,110,55,55
050,37,137,"North Carolina","Pamlico County",4,29,108,64,44
050,37,137,"North Carolina","Pamlico County",4,30,127,71,56
050,37,137,"North Carolina","Pamlico County",4,31,117,69,48
050,37,137,"North Carolina","Pamlico County",4,32,134,71,63
050,37,137,"North Carolina","Pamlico County",4,33,117,63,54
050,37,137,"North Carolina","Pamlico County",4,34,124,75,49
050,37,137,"North Carolina","Pamlico County",4,35,118,75,43
050,37,137,"North Carolina","Pamlico County",4,36,137,82,55
050,37,137,"North Carolina","Pamlico County",4,37,147,82,65
050,37,137,"North Carolina","Pamlico County",4,38,132,71,61
050,37,137,"North Carolina","Pamlico County",4,39,125,65,60
050,37,137,"North Carolina","Pamlico County",4,40,150,85,65
050,37,137,"North Carolina","Pamlico County",4,41,120,62,58
050,37,137,"North Carolina","Pamlico County",4,42,119,58,61
050,37,137,"North Carolina","Pamlico County",4,43,104,58,46
050,37,137,"North Carolina","Pamlico County",4,44,105,52,53
050,37,137,"North Carolina","Pamlico County",4,45,124,70,54
050,37,137,"North Carolina","Pamlico County",4,46,127,65,62
050,37,137,"North Carolina","Pamlico County",4,47,133,79,54
050,37,137,"North Carolina","Pamlico County",4,48,118,70,48
050,37,137,"North Carolina","Pamlico County",4,49,128,75,53
050,37,137,"North Carolina","Pamlico County",4,50,138,69,69
050,37,137,"North Carolina","Pamlico County",4,51,156,75,81
050,37,137,"North Carolina","Pamlico County",4,52,170,84,86
050,37,137,"North Carolina","Pamlico County",4,53,151,77,74
050,37,137,"North Carolina","Pamlico County",4,54,146,80,66
050,37,137,"North Carolina","Pamlico County",4,55,144,81,63
050,37,137,"North Carolina","Pamlico County",4,56,175,96,79
050,37,137,"North Carolina","Pamlico County",4,57,183,81,102
050,37,137,"North Carolina","Pamlico County",4,58,194,90,104
050,37,137,"North Carolina","Pamlico County",4,59,206,97,109
050,37,137,"North Carolina","Pamlico County",4,60,232,104,128
050,37,137,"North Carolina","Pamlico County",4,61,242,116,126
050,37,137,"North Carolina","Pamlico County",4,62,243,120,123
050,37,137,"North Carolina","Pamlico County",4,63,262,126,136
050,37,137,"North Carolina","Pamlico County",4,64,250,124,126
050,37,137,"North Carolina","Pamlico County",4,65,246,110,136
050,37,137,"North Carolina","Pamlico County",4,66,246,124,122
050,37,137,"North Carolina","Pamlico County",4,67,231,120,111
050,37,137,"North Carolina","Pamlico County",4,68,244,113,131
050,37,137,"North Carolina","Pamlico County",4,69,224,109,115
050,37,137,"North Carolina","Pamlico County",4,70,228,112,116
050,37,137,"North Carolina","Pamlico County",4,71,216,91,125
050,37,137,"North Carolina","Pamlico County",4,72,213,100,113
050,37,137,"North Carolina","Pamlico County",4,73,209,101,108
050,37,137,"North Carolina","Pamlico County",4,74,221,117,104
050,37,137,"North Carolina","Pamlico County",4,75,222,114,108
050,37,137,"North Carolina","Pamlico County",4,76,142,64,78
050,37,137,"North Carolina","Pamlico County",4,77,132,64,68
050,37,137,"North Carolina","Pamlico County",4,78,129,62,67
050,37,137,"North Carolina","Pamlico County",4,79,137,64,73
050,37,137,"North Carolina","Pamlico County",4,80,112,49,63
050,37,137,"North Carolina","Pamlico County",4,81,95,49,46
050,37,137,"North Carolina","Pamlico County",4,82,99,52,47
050,37,137,"North Carolina","Pamlico County",4,83,70,36,34
050,37,137,"North Carolina","Pamlico County",4,84,64,24,40
050,37,137,"North Carolina","Pamlico County",4,85,411,154,257
050,37,137,"North Carolina","Pamlico County",5,0,84,39,45
050,37,137,"North Carolina","Pamlico County",5,1,99,51,48
050,37,137,"North Carolina","Pamlico County",5,2,101,54,47
050,37,137,"North Carolina","Pamlico County",5,3,78,50,28
050,37,137,"North Carolina","Pamlico County",5,4,72,39,33
050,37,137,"North Carolina","Pamlico County",5,5,88,44,44
050,37,137,"North Carolina","Pamlico County",5,6,101,51,50
050,37,137,"North Carolina","Pamlico County",5,7,101,50,51
050,37,137,"North Carolina","Pamlico County",5,8,104,53,51
050,37,137,"North Carolina","Pamlico County",5,9,85,40,45
050,37,137,"North Carolina","Pamlico County",5,10,93,45,48
050,37,137,"North Carolina","Pamlico County",5,11,85,47,38
050,37,137,"North Carolina","Pamlico County",5,12,94,50,44
050,37,137,"North Carolina","Pamlico County",5,13,94,51,43
050,37,137,"North Carolina","Pamlico County",5,14,105,54,51
050,37,137,"North Carolina","Pamlico County",5,15,125,57,68
050,37,137,"North Carolina","Pamlico County",5,16,119,57,62
050,37,137,"North Carolina","Pamlico County",5,17,112,59,53
050,37,137,"North Carolina","Pamlico County",5,18,106,56,50
050,37,137,"North Carolina","Pamlico County",5,19,102,56,46
050,37,137,"North Carolina","Pamlico County",5,20,103,63,40
050,37,137,"North Carolina","Pamlico County",5,21,109,63,46
050,37,137,"North Carolina","Pamlico County",5,22,93,56,37
050,37,137,"North Carolina","Pamlico County",5,23,111,59,52
050,37,137,"North Carolina","Pamlico County",5,24,120,76,44
050,37,137,"North Carolina","Pamlico County",5,25,98,52,46
050,37,137,"North Carolina","Pamlico County",5,26,94,57,37
050,37,137,"North Carolina","Pamlico County",5,27,95,61,34
050,37,137,"North Carolina","Pamlico County",5,28,98,52,46
050,37,137,"North Carolina","Pamlico County",5,29,107,63,44
050,37,137,"North Carolina","Pamlico County",5,30,118,67,51
050,37,137,"North Carolina","Pamlico County",5,31,131,73,58
050,37,137,"North Carolina","Pamlico County",5,32,122,72,50
050,37,137,"North Carolina","Pamlico County",5,33,142,73,69
050,37,137,"North Carolina","Pamlico County",5,34,122,66,56
050,37,137,"North Carolina","Pamlico County",5,35,121,69,52
050,37,137,"North Carolina","Pamlico County",5,36,119,79,40
050,37,137,"North Carolina","Pamlico County",5,37,134,84,50
050,37,137,"North Carolina","Pamlico County",5,38,147,85,62
050,37,137,"North Carolina","Pamlico County",5,39,137,68,69
050,37,137,"North Carolina","Pamlico County",5,40,140,74,66
050,37,137,"North Carolina","Pamlico County",5,41,136,75,61
050,37,137,"North Carolina","Pamlico County",5,42,124,67,57
050,37,137,"North Carolina","Pamlico County",5,43,119,56,63
050,37,137,"North Carolina","Pamlico County",5,44,101,55,46
050,37,137,"North Carolina","Pamlico County",5,45,114,60,54
050,37,137,"North Carolina","Pamlico County",5,46,138,79,59
050,37,137,"North Carolina","Pamlico County",5,47,130,65,65
050,37,137,"North Carolina","Pamlico County",5,48,143,83,60
050,37,137,"North Carolina","Pamlico County",5,49,124,72,52
050,37,137,"North Carolina","Pamlico County",5,50,132,79,53
050,37,137,"North Carolina","Pamlico County",5,51,143,70,73
050,37,137,"North Carolina","Pamlico County",5,52,166,81,85
050,37,137,"North Carolina","Pamlico County",5,53,176,84,92
050,37,137,"North Carolina","Pamlico County",5,54,157,79,78
050,37,137,"North Carolina","Pamlico County",5,55,150,80,70
050,37,137,"North Carolina","Pamlico County",5,56,152,88,64
050,37,137,"North Carolina","Pamlico County",5,57,170,91,79
050,37,137,"North Carolina","Pamlico County",5,58,193,85,108
050,37,137,"North Carolina","Pamlico County",5,59,219,100,119
050,37,137,"North Carolina","Pamlico County",5,60,207,100,107
050,37,137,"North Carolina","Pamlico County",5,61,246,115,131
050,37,137,"North Carolina","Pamlico County",5,62,249,120,129
050,37,137,"North Carolina","Pamlico County",5,63,246,113,133
050,37,137,"North Carolina","Pamlico County",5,64,280,136,144
050,37,137,"North Carolina","Pamlico County",5,65,256,130,126
050,37,137,"North Carolina","Pamlico County",5,66,258,119,139
050,37,137,"North Carolina","Pamlico County",5,67,244,121,123
050,37,137,"North Carolina","Pamlico County",5,68,237,124,113
050,37,137,"North Carolina","Pamlico County",5,69,242,114,128
050,37,137,"North Carolina","Pamlico County",5,70,226,113,113
050,37,137,"North Carolina","Pamlico County",5,71,227,112,115
050,37,137,"North Carolina","Pamlico County",5,72,208,89,119
050,37,137,"North Carolina","Pamlico County",5,73,199,94,105
050,37,137,"North Carolina","Pamlico County",5,74,200,99,101
050,37,137,"North Carolina","Pamlico County",5,75,216,117,99
050,37,137,"North Carolina","Pamlico County",5,76,214,110,104
050,37,137,"North Carolina","Pamlico County",5,77,134,60,74
050,37,137,"North Carolina","Pamlico County",5,78,121,57,64
050,37,137,"North Carolina","Pamlico County",5,79,119,56,63
050,37,137,"North Carolina","Pamlico County",5,80,125,56,69
050,37,137,"North Carolina","Pamlico County",5,81,112,49,63
050,37,137,"North Carolina","Pamlico County",5,82,86,42,44
050,37,137,"North Carolina","Pamlico County",5,83,88,47,41
050,37,137,"North Carolina","Pamlico County",5,84,66,32,34
050,37,137,"North Carolina","Pamlico County",5,85,421,152,269
050,37,139,"North Carolina","Pasquotank County",1,0,439,222,217
050,37,139,"North Carolina","Pasquotank County",1,1,472,245,227
050,37,139,"North Carolina","Pasquotank County",1,2,474,270,204
050,37,139,"North Carolina","Pasquotank County",1,3,480,257,223
050,37,139,"North Carolina","Pasquotank County",1,4,521,266,255
050,37,139,"North Carolina","Pasquotank County",1,5,472,217,255
050,37,139,"North Carolina","Pasquotank County",1,6,470,219,251
050,37,139,"North Carolina","Pasquotank County",1,7,458,234,224
050,37,139,"North Carolina","Pasquotank County",1,8,439,218,221
050,37,139,"North Carolina","Pasquotank County",1,9,465,225,240
050,37,139,"North Carolina","Pasquotank County",1,10,501,260,241
050,37,139,"North Carolina","Pasquotank County",1,11,514,269,245
050,37,139,"North Carolina","Pasquotank County",1,12,565,303,262
050,37,139,"North Carolina","Pasquotank County",1,13,538,303,235
050,37,139,"North Carolina","Pasquotank County",1,14,504,272,232
050,37,139,"North Carolina","Pasquotank County",1,15,505,267,238
050,37,139,"North Carolina","Pasquotank County",1,16,502,257,245
050,37,139,"North Carolina","Pasquotank County",1,17,499,266,233
050,37,139,"North Carolina","Pasquotank County",1,18,542,249,293
050,37,139,"North Carolina","Pasquotank County",1,19,598,298,300
050,37,139,"North Carolina","Pasquotank County",1,20,582,277,305
050,37,139,"North Carolina","Pasquotank County",1,21,581,304,277
050,37,139,"North Carolina","Pasquotank County",1,22,569,315,254
050,37,139,"North Carolina","Pasquotank County",1,23,479,269,210
050,37,139,"North Carolina","Pasquotank County",1,24,506,291,215
050,37,139,"North Carolina","Pasquotank County",1,25,536,296,240
050,37,139,"North Carolina","Pasquotank County",1,26,505,271,234
050,37,139,"North Carolina","Pasquotank County",1,27,537,291,246
050,37,139,"North Carolina","Pasquotank County",1,28,565,308,257
050,37,139,"North Carolina","Pasquotank County",1,29,577,292,285
050,37,139,"North Carolina","Pasquotank County",1,30,549,286,263
050,37,139,"North Carolina","Pasquotank County",1,31,546,292,254
050,37,139,"North Carolina","Pasquotank County",1,32,589,307,282
050,37,139,"North Carolina","Pasquotank County",1,33,558,300,258
050,37,139,"North Carolina","Pasquotank County",1,34,529,270,259
050,37,139,"North Carolina","Pasquotank County",1,35,532,283,249
050,37,139,"North Carolina","Pasquotank County",1,36,562,273,289
050,37,139,"North Carolina","Pasquotank County",1,37,559,290,269
050,37,139,"North Carolina","Pasquotank County",1,38,503,237,266
050,37,139,"North Carolina","Pasquotank County",1,39,509,250,259
050,37,139,"North Carolina","Pasquotank County",1,40,519,258,261
050,37,139,"North Carolina","Pasquotank County",1,41,491,235,256
050,37,139,"North Carolina","Pasquotank County",1,42,474,237,237
050,37,139,"North Carolina","Pasquotank County",1,43,457,232,225
050,37,139,"North Carolina","Pasquotank County",1,44,449,222,227
050,37,139,"North Carolina","Pasquotank County",1,45,415,214,201
050,37,139,"North Carolina","Pasquotank County",1,46,421,223,198
050,37,139,"North Carolina","Pasquotank County",1,47,444,223,221
050,37,139,"North Carolina","Pasquotank County",1,48,463,232,231
050,37,139,"North Carolina","Pasquotank County",1,49,494,235,259
050,37,139,"North Carolina","Pasquotank County",1,50,471,237,234
050,37,139,"North Carolina","Pasquotank County",1,51,468,250,218
050,37,139,"North Carolina","Pasquotank County",1,52,469,234,235
050,37,139,"North Carolina","Pasquotank County",1,53,463,221,242
050,37,139,"North Carolina","Pasquotank County",1,54,518,248,270
050,37,139,"North Carolina","Pasquotank County",1,55,530,247,283
050,37,139,"North Carolina","Pasquotank County",1,56,536,244,292
050,37,139,"North Carolina","Pasquotank County",1,57,561,269,292
050,37,139,"North Carolina","Pasquotank County",1,58,568,296,272
050,37,139,"North Carolina","Pasquotank County",1,59,596,306,290
050,37,139,"North Carolina","Pasquotank County",1,60,566,271,295
050,37,139,"North Carolina","Pasquotank County",1,61,538,258,280
050,37,139,"North Carolina","Pasquotank County",1,62,534,238,296
050,37,139,"North Carolina","Pasquotank County",1,63,550,238,312
050,37,139,"North Carolina","Pasquotank County",1,64,569,243,326
050,37,139,"North Carolina","Pasquotank County",1,65,516,241,275
050,37,139,"North Carolina","Pasquotank County",1,66,494,224,270
050,37,139,"North Carolina","Pasquotank County",1,67,455,206,249
050,37,139,"North Carolina","Pasquotank County",1,68,440,197,243
050,37,139,"North Carolina","Pasquotank County",1,69,417,187,230
050,37,139,"North Carolina","Pasquotank County",1,70,405,187,218
050,37,139,"North Carolina","Pasquotank County",1,71,387,180,207
050,37,139,"North Carolina","Pasquotank County",1,72,403,192,211
050,37,139,"North Carolina","Pasquotank County",1,73,412,179,233
050,37,139,"North Carolina","Pasquotank County",1,74,312,135,177
050,37,139,"North Carolina","Pasquotank County",1,75,318,133,185
050,37,139,"North Carolina","Pasquotank County",1,76,309,133,176
050,37,139,"North Carolina","Pasquotank County",1,77,280,115,165
050,37,139,"North Carolina","Pasquotank County",1,78,218,90,128
050,37,139,"North Carolina","Pasquotank County",1,79,203,92,111
050,37,139,"North Carolina","Pasquotank County",1,80,180,71,109
050,37,139,"North Carolina","Pasquotank County",1,81,195,82,113
050,37,139,"North Carolina","Pasquotank County",1,82,165,67,98
050,37,139,"North Carolina","Pasquotank County",1,83,138,54,84
050,37,139,"North Carolina","Pasquotank County",1,84,140,67,73
050,37,139,"North Carolina","Pasquotank County",1,85,785,265,520
050,37,139,"North Carolina","Pasquotank County",2,0,451,224,227
050,37,139,"North Carolina","Pasquotank County",2,1,467,243,224
050,37,139,"North Carolina","Pasquotank County",2,2,474,265,209
050,37,139,"North Carolina","Pasquotank County",2,3,480,262,218
050,37,139,"North Carolina","Pasquotank County",2,4,510,263,247
050,37,139,"North Carolina","Pasquotank County",2,5,480,227,253
050,37,139,"North Carolina","Pasquotank County",2,6,472,223,249
050,37,139,"North Carolina","Pasquotank County",2,7,460,231,229
050,37,139,"North Carolina","Pasquotank County",2,8,442,220,222
050,37,139,"North Carolina","Pasquotank County",2,9,462,225,237
050,37,139,"North Carolina","Pasquotank County",2,10,492,250,242
050,37,139,"North Carolina","Pasquotank County",2,11,511,265,246
050,37,139,"North Carolina","Pasquotank County",2,12,559,298,261
050,37,139,"North Carolina","Pasquotank County",2,13,541,301,240
050,37,139,"North Carolina","Pasquotank County",2,14,515,282,233
050,37,139,"North Carolina","Pasquotank County",2,15,505,268,237
050,37,139,"North Carolina","Pasquotank County",2,16,502,259,243
050,37,139,"North Carolina","Pasquotank County",2,17,497,261,236
050,37,139,"North Carolina","Pasquotank County",2,18,534,252,282
050,37,139,"North Carolina","Pasquotank County",2,19,572,281,291
050,37,139,"North Carolina","Pasquotank County",2,20,579,277,302
050,37,139,"North Carolina","Pasquotank County",2,21,572,295,277
050,37,139,"North Carolina","Pasquotank County",2,22,567,318,249
050,37,139,"North Carolina","Pasquotank County",2,23,490,276,214
050,37,139,"North Carolina","Pasquotank County",2,24,497,286,211
050,37,139,"North Carolina","Pasquotank County",2,25,527,291,236
050,37,139,"North Carolina","Pasquotank County",2,26,516,279,237
050,37,139,"North Carolina","Pasquotank County",2,27,532,288,244
050,37,139,"North Carolina","Pasquotank County",2,28,563,305,258
050,37,139,"North Carolina","Pasquotank County",2,29,575,294,281
050,37,139,"North Carolina","Pasquotank County",2,30,555,284,271
050,37,139,"North Carolina","Pasquotank County",2,31,551,291,260
050,37,139,"North Carolina","Pasquotank County",2,32,580,303,277
050,37,139,"North Carolina","Pasquotank County",2,33,567,304,263
050,37,139,"North Carolina","Pasquotank County",2,34,535,277,258
050,37,139,"North Carolina","Pasquotank County",2,35,533,278,255
050,37,139,"North Carolina","Pasquotank County",2,36,550,273,277
050,37,139,"North Carolina","Pasquotank County",2,37,563,287,276
050,37,139,"North Carolina","Pasquotank County",2,38,514,247,267
050,37,139,"North Carolina","Pasquotank County",2,39,504,245,259
050,37,139,"North Carolina","Pasquotank County",2,40,521,257,264
050,37,139,"North Carolina","Pasquotank County",2,41,496,240,256
050,37,139,"North Carolina","Pasquotank County",2,42,475,236,239
050,37,139,"North Carolina","Pasquotank County",2,43,465,235,230
050,37,139,"North Carolina","Pasquotank County",2,44,448,222,226
050,37,139,"North Carolina","Pasquotank County",2,45,427,216,211
050,37,139,"North Carolina","Pasquotank County",2,46,419,220,199
050,37,139,"North Carolina","Pasquotank County",2,47,437,221,216
050,37,139,"North Carolina","Pasquotank County",2,48,460,232,228
050,37,139,"North Carolina","Pasquotank County",2,49,486,234,252
050,37,139,"North Carolina","Pasquotank County",2,50,477,235,242
050,37,139,"North Carolina","Pasquotank County",2,51,471,247,224
050,37,139,"North Carolina","Pasquotank County",2,52,465,235,230
050,37,139,"North Carolina","Pasquotank County",2,53,464,226,238
050,37,139,"North Carolina","Pasquotank County",2,54,503,242,261
050,37,139,"North Carolina","Pasquotank County",2,55,527,246,281
050,37,139,"North Carolina","Pasquotank County",2,56,534,244,290
050,37,139,"North Carolina","Pasquotank County",2,57,557,264,293
050,37,139,"North Carolina","Pasquotank County",2,58,566,288,278
050,37,139,"North Carolina","Pasquotank County",2,59,593,305,288
050,37,139,"North Carolina","Pasquotank County",2,60,574,276,298
050,37,139,"North Carolina","Pasquotank County",2,61,544,262,282
050,37,139,"North Carolina","Pasquotank County",2,62,537,244,293
050,37,139,"North Carolina","Pasquotank County",2,63,550,238,312
050,37,139,"North Carolina","Pasquotank County",2,64,562,241,321
050,37,139,"North Carolina","Pasquotank County",2,65,521,235,286
050,37,139,"North Carolina","Pasquotank County",2,66,502,227,275
050,37,139,"North Carolina","Pasquotank County",2,67,466,212,254
050,37,139,"North Carolina","Pasquotank County",2,68,441,199,242
050,37,139,"North Carolina","Pasquotank County",2,69,422,190,232
050,37,139,"North Carolina","Pasquotank County",2,70,405,187,218
050,37,139,"North Carolina","Pasquotank County",2,71,391,182,209
050,37,139,"North Carolina","Pasquotank County",2,72,391,187,204
050,37,139,"North Carolina","Pasquotank County",2,73,426,187,239
050,37,139,"North Carolina","Pasquotank County",2,74,316,138,178
050,37,139,"North Carolina","Pasquotank County",2,75,320,134,186
050,37,139,"North Carolina","Pasquotank County",2,76,306,131,175
050,37,139,"North Carolina","Pasquotank County",2,77,285,117,168
050,37,139,"North Carolina","Pasquotank County",2,78,225,94,131
050,37,139,"North Carolina","Pasquotank County",2,79,206,91,115
050,37,139,"North Carolina","Pasquotank County",2,80,186,75,111
050,37,139,"North Carolina","Pasquotank County",2,81,188,75,113
050,37,139,"North Carolina","Pasquotank County",2,82,164,66,98
050,37,139,"North Carolina","Pasquotank County",2,83,145,57,88
050,37,139,"North Carolina","Pasquotank County",2,84,138,63,75
050,37,139,"North Carolina","Pasquotank County",2,85,779,265,514
050,37,139,"North Carolina","Pasquotank County",3,0,479,261,218
050,37,139,"North Carolina","Pasquotank County",3,1,476,223,253
050,37,139,"North Carolina","Pasquotank County",3,2,473,246,227
050,37,139,"North Carolina","Pasquotank County",3,3,479,267,212
050,37,139,"North Carolina","Pasquotank County",3,4,483,250,233
050,37,139,"North Carolina","Pasquotank County",3,5,497,258,239
050,37,139,"North Carolina","Pasquotank County",3,6,477,226,251
050,37,139,"North Carolina","Pasquotank County",3,7,454,223,231
050,37,139,"North Carolina","Pasquotank County",3,8,442,219,223
050,37,139,"North Carolina","Pasquotank County",3,9,430,218,212
050,37,139,"North Carolina","Pasquotank County",3,10,453,222,231
050,37,139,"North Carolina","Pasquotank County",3,11,491,244,247
050,37,139,"North Carolina","Pasquotank County",3,12,508,266,242
050,37,139,"North Carolina","Pasquotank County",3,13,549,289,260
050,37,139,"North Carolina","Pasquotank County",3,14,527,294,233
050,37,139,"North Carolina","Pasquotank County",3,15,528,286,242
050,37,139,"North Carolina","Pasquotank County",3,16,493,262,231
050,37,139,"North Carolina","Pasquotank County",3,17,489,250,239
050,37,139,"North Carolina","Pasquotank County",3,18,582,288,294
050,37,139,"North Carolina","Pasquotank County",3,19,601,288,313
050,37,139,"North Carolina","Pasquotank County",3,20,622,296,326
050,37,139,"North Carolina","Pasquotank County",3,21,594,303,291
050,37,139,"North Carolina","Pasquotank County",3,22,591,333,258
050,37,139,"North Carolina","Pasquotank County",3,23,540,294,246
050,37,139,"North Carolina","Pasquotank County",3,24,501,280,221
050,37,139,"North Carolina","Pasquotank County",3,25,505,282,223
050,37,139,"North Carolina","Pasquotank County",3,26,505,281,224
050,37,139,"North Carolina","Pasquotank County",3,27,515,273,242
050,37,139,"North Carolina","Pasquotank County",3,28,603,327,276
050,37,139,"North Carolina","Pasquotank County",3,29,572,301,271
050,37,139,"North Carolina","Pasquotank County",3,30,569,287,282
050,37,139,"North Carolina","Pasquotank County",3,31,577,303,274
050,37,139,"North Carolina","Pasquotank County",3,32,553,292,261
050,37,139,"North Carolina","Pasquotank County",3,33,583,314,269
050,37,139,"North Carolina","Pasquotank County",3,34,574,304,270
050,37,139,"North Carolina","Pasquotank County",3,35,524,263,261
050,37,139,"North Carolina","Pasquotank County",3,36,521,273,248
050,37,139,"North Carolina","Pasquotank County",3,37,555,272,283
050,37,139,"North Carolina","Pasquotank County",3,38,524,259,265
050,37,139,"North Carolina","Pasquotank County",3,39,519,252,267
050,37,139,"North Carolina","Pasquotank County",3,40,503,249,254
050,37,139,"North Carolina","Pasquotank County",3,41,510,250,260
050,37,139,"North Carolina","Pasquotank County",3,42,481,227,254
050,37,139,"North Carolina","Pasquotank County",3,43,459,223,236
050,37,139,"North Carolina","Pasquotank County",3,44,454,219,235
050,37,139,"North Carolina","Pasquotank County",3,45,461,228,233
050,37,139,"North Carolina","Pasquotank County",3,46,434,216,218
050,37,139,"North Carolina","Pasquotank County",3,47,415,211,204
050,37,139,"North Carolina","Pasquotank County",3,48,428,217,211
050,37,139,"North Carolina","Pasquotank County",3,49,446,220,226
050,37,139,"North Carolina","Pasquotank County",3,50,484,229,255
050,37,139,"North Carolina","Pasquotank County",3,51,477,244,233
050,37,139,"North Carolina","Pasquotank County",3,52,473,229,244
050,37,139,"North Carolina","Pasquotank County",3,53,458,232,226
050,37,139,"North Carolina","Pasquotank County",3,54,455,219,236
050,37,139,"North Carolina","Pasquotank County",3,55,491,240,251
050,37,139,"North Carolina","Pasquotank County",3,56,523,244,279
050,37,139,"North Carolina","Pasquotank County",3,57,536,244,292
050,37,139,"North Carolina","Pasquotank County",3,58,559,268,291
050,37,139,"North Carolina","Pasquotank County",3,59,579,302,277
050,37,139,"North Carolina","Pasquotank County",3,60,593,297,296
050,37,139,"North Carolina","Pasquotank County",3,61,590,283,307
050,37,139,"North Carolina","Pasquotank County",3,62,547,262,285
050,37,139,"North Carolina","Pasquotank County",3,63,528,236,292
050,37,139,"North Carolina","Pasquotank County",3,64,563,243,320
050,37,139,"North Carolina","Pasquotank County",3,65,536,232,304
050,37,139,"North Carolina","Pasquotank County",3,66,523,230,293
050,37,139,"North Carolina","Pasquotank County",3,67,500,227,273
050,37,139,"North Carolina","Pasquotank County",3,68,449,201,248
050,37,139,"North Carolina","Pasquotank County",3,69,426,193,233
050,37,139,"North Carolina","Pasquotank County",3,70,405,181,224
050,37,139,"North Carolina","Pasquotank County",3,71,402,186,216
050,37,139,"North Carolina","Pasquotank County",3,72,385,182,203
050,37,139,"North Carolina","Pasquotank County",3,73,374,172,202
050,37,139,"North Carolina","Pasquotank County",3,74,402,190,212
050,37,139,"North Carolina","Pasquotank County",3,75,296,124,172
050,37,139,"North Carolina","Pasquotank County",3,76,302,118,184
050,37,139,"North Carolina","Pasquotank County",3,77,287,114,173
050,37,139,"North Carolina","Pasquotank County",3,78,266,110,156
050,37,139,"North Carolina","Pasquotank County",3,79,217,96,121
050,37,139,"North Carolina","Pasquotank County",3,80,200,86,114
050,37,139,"North Carolina","Pasquotank County",3,81,176,63,113
050,37,139,"North Carolina","Pasquotank County",3,82,173,62,111
050,37,139,"North Carolina","Pasquotank County",3,83,162,64,98
050,37,139,"North Carolina","Pasquotank County",3,84,136,54,82
050,37,139,"North Carolina","Pasquotank County",3,85,785,277,508
050,37,139,"North Carolina","Pasquotank County",4,0,460,227,233
050,37,139,"North Carolina","Pasquotank County",4,1,500,276,224
050,37,139,"North Carolina","Pasquotank County",4,2,486,222,264
050,37,139,"North Carolina","Pasquotank County",4,3,485,251,234
050,37,139,"North Carolina","Pasquotank County",4,4,463,254,209
050,37,139,"North Carolina","Pasquotank County",4,5,493,272,221
050,37,139,"North Carolina","Pasquotank County",4,6,463,245,218
050,37,139,"North Carolina","Pasquotank County",4,7,488,232,256
050,37,139,"North Carolina","Pasquotank County",4,8,445,224,221
050,37,139,"North Carolina","Pasquotank County",4,9,445,210,235
050,37,139,"North Carolina","Pasquotank County",4,10,439,221,218
050,37,139,"North Carolina","Pasquotank County",4,11,438,226,212
050,37,139,"North Carolina","Pasquotank County",4,12,483,237,246
050,37,139,"North Carolina","Pasquotank County",4,13,499,258,241
050,37,139,"North Carolina","Pasquotank County",4,14,547,285,262
050,37,139,"North Carolina","Pasquotank County",4,15,512,286,226
050,37,139,"North Carolina","Pasquotank County",4,16,517,282,235
050,37,139,"North Carolina","Pasquotank County",4,17,506,274,232
050,37,139,"North Carolina","Pasquotank County",4,18,588,285,303
050,37,139,"North Carolina","Pasquotank County",4,19,633,313,320
050,37,139,"North Carolina","Pasquotank County",4,20,637,307,330
050,37,139,"North Carolina","Pasquotank County",4,21,627,313,314
050,37,139,"North Carolina","Pasquotank County",4,22,605,338,267
050,37,139,"North Carolina","Pasquotank County",4,23,552,317,235
050,37,139,"North Carolina","Pasquotank County",4,24,544,305,239
050,37,139,"North Carolina","Pasquotank County",4,25,501,272,229
050,37,139,"North Carolina","Pasquotank County",4,26,500,270,230
050,37,139,"North Carolina","Pasquotank County",4,27,531,304,227
050,37,139,"North Carolina","Pasquotank County",4,28,545,292,253
050,37,139,"North Carolina","Pasquotank County",4,29,594,311,283
050,37,139,"North Carolina","Pasquotank County",4,30,558,289,269
050,37,139,"North Carolina","Pasquotank County",4,31,596,311,285
050,37,139,"North Carolina","Pasquotank County",4,32,588,296,292
050,37,139,"North Carolina","Pasquotank County",4,33,552,301,251
050,37,139,"North Carolina","Pasquotank County",4,34,588,319,269
050,37,139,"North Carolina","Pasquotank County",4,35,558,304,254
050,37,139,"North Carolina","Pasquotank County",4,36,526,266,260
050,37,139,"North Carolina","Pasquotank County",4,37,527,280,247
050,37,139,"North Carolina","Pasquotank County",4,38,526,252,274
050,37,139,"North Carolina","Pasquotank County",4,39,528,266,262
050,37,139,"North Carolina","Pasquotank County",4,40,520,247,273
050,37,139,"North Carolina","Pasquotank County",4,41,504,249,255
050,37,139,"North Carolina","Pasquotank County",4,42,518,257,261
050,37,139,"North Carolina","Pasquotank County",4,43,490,239,251
050,37,139,"North Carolina","Pasquotank County",4,44,475,224,251
050,37,139,"North Carolina","Pasquotank County",4,45,444,215,229
050,37,139,"North Carolina","Pasquotank County",4,46,454,231,223
050,37,139,"North Carolina","Pasquotank County",4,47,445,225,220
050,37,139,"North Carolina","Pasquotank County",4,48,426,216,210
050,37,139,"North Carolina","Pasquotank County",4,49,425,213,212
050,37,139,"North Carolina","Pasquotank County",4,50,443,215,228
050,37,139,"North Carolina","Pasquotank County",4,51,495,233,262
050,37,139,"North Carolina","Pasquotank County",4,52,478,241,237
050,37,139,"North Carolina","Pasquotank County",4,53,477,233,244
050,37,139,"North Carolina","Pasquotank County",4,54,467,242,225
050,37,139,"North Carolina","Pasquotank County",4,55,446,214,232
050,37,139,"North Carolina","Pasquotank County",4,56,490,235,255
050,37,139,"North Carolina","Pasquotank County",4,57,529,237,292
050,37,139,"North Carolina","Pasquotank County",4,58,532,246,286
050,37,139,"North Carolina","Pasquotank County",4,59,551,262,289
050,37,139,"North Carolina","Pasquotank County",4,60,580,292,288
050,37,139,"North Carolina","Pasquotank County",4,61,601,311,290
050,37,139,"North Carolina","Pasquotank County",4,62,579,284,295
050,37,139,"North Carolina","Pasquotank County",4,63,539,259,280
050,37,139,"North Carolina","Pasquotank County",4,64,544,244,300
050,37,139,"North Carolina","Pasquotank County",4,65,533,230,303
050,37,139,"North Carolina","Pasquotank County",4,66,535,227,308
050,37,139,"North Carolina","Pasquotank County",4,67,526,231,295
050,37,139,"North Carolina","Pasquotank County",4,68,491,224,267
050,37,139,"North Carolina","Pasquotank County",4,69,439,188,251
050,37,139,"North Carolina","Pasquotank County",4,70,418,189,229
050,37,139,"North Carolina","Pasquotank County",4,71,408,179,229
050,37,139,"North Carolina","Pasquotank County",4,72,397,189,208
050,37,139,"North Carolina","Pasquotank County",4,73,376,174,202
050,37,139,"North Carolina","Pasquotank County",4,74,370,173,197
050,37,139,"North Carolina","Pasquotank County",4,75,382,181,201
050,37,139,"North Carolina","Pasquotank County",4,76,281,114,167
050,37,139,"North Carolina","Pasquotank County",4,77,293,112,181
050,37,139,"North Carolina","Pasquotank County",4,78,267,109,158
050,37,139,"North Carolina","Pasquotank County",4,79,258,104,154
050,37,139,"North Carolina","Pasquotank County",4,80,206,88,118
050,37,139,"North Carolina","Pasquotank County",4,81,193,75,118
050,37,139,"North Carolina","Pasquotank County",4,82,156,50,106
050,37,139,"North Carolina","Pasquotank County",4,83,168,58,110
050,37,139,"North Carolina","Pasquotank County",4,84,154,64,90
050,37,139,"North Carolina","Pasquotank County",4,85,792,280,512
050,37,139,"North Carolina","Pasquotank County",5,0,423,212,211
050,37,139,"North Carolina","Pasquotank County",5,1,440,217,223
050,37,139,"North Carolina","Pasquotank County",5,2,519,289,230
050,37,139,"North Carolina","Pasquotank County",5,3,495,225,270
050,37,139,"North Carolina","Pasquotank County",5,4,509,265,244
050,37,139,"North Carolina","Pasquotank County",5,5,450,254,196
050,37,139,"North Carolina","Pasquotank County",5,6,483,265,218
050,37,139,"North Carolina","Pasquotank County",5,7,473,250,223
050,37,139,"North Carolina","Pasquotank County",5,8,484,226,258
050,37,139,"North Carolina","Pasquotank County",5,9,447,228,219
050,37,139,"North Carolina","Pasquotank County",5,10,450,215,235
050,37,139,"North Carolina","Pasquotank County",5,11,436,222,214
050,37,139,"North Carolina","Pasquotank County",5,12,447,231,216
050,37,139,"North Carolina","Pasquotank County",5,13,493,249,244
050,37,139,"North Carolina","Pasquotank County",5,14,507,263,244
050,37,139,"North Carolina","Pasquotank County",5,15,537,281,256
050,37,139,"North Carolina","Pasquotank County",5,16,508,282,226
050,37,139,"North Carolina","Pasquotank County",5,17,536,292,244
050,37,139,"North Carolina","Pasquotank County",5,18,607,300,307
050,37,139,"North Carolina","Pasquotank County",5,19,638,321,317
050,37,139,"North Carolina","Pasquotank County",5,20,660,326,334
050,37,139,"North Carolina","Pasquotank County",5,21,636,311,325
050,37,139,"North Carolina","Pasquotank County",5,22,620,340,280
050,37,139,"North Carolina","Pasquotank County",5,23,524,295,229
050,37,139,"North Carolina","Pasquotank County",5,24,543,320,223
050,37,139,"North Carolina","Pasquotank County",5,25,556,313,243
050,37,139,"North Carolina","Pasquotank County",5,26,496,252,244
050,37,139,"North Carolina","Pasquotank County",5,27,507,271,236
050,37,139,"North Carolina","Pasquotank County",5,28,530,296,234
050,37,139,"North Carolina","Pasquotank County",5,29,532,276,256
050,37,139,"North Carolina","Pasquotank County",5,30,556,277,279
050,37,139,"North Carolina","Pasquotank County",5,31,587,319,268
050,37,139,"North Carolina","Pasquotank County",5,32,565,301,264
050,37,139,"North Carolina","Pasquotank County",5,33,566,291,275
050,37,139,"North Carolina","Pasquotank County",5,34,570,311,259
050,37,139,"North Carolina","Pasquotank County",5,35,588,317,271
050,37,139,"North Carolina","Pasquotank County",5,36,585,322,263
050,37,139,"North Carolina","Pasquotank County",5,37,544,269,275
050,37,139,"North Carolina","Pasquotank County",5,38,524,277,247
050,37,139,"North Carolina","Pasquotank County",5,39,530,251,279
050,37,139,"North Carolina","Pasquotank County",5,40,526,263,263
050,37,139,"North Carolina","Pasquotank County",5,41,508,242,266
050,37,139,"North Carolina","Pasquotank County",5,42,483,236,247
050,37,139,"North Carolina","Pasquotank County",5,43,542,268,274
050,37,139,"North Carolina","Pasquotank County",5,44,496,231,265
050,37,139,"North Carolina","Pasquotank County",5,45,467,222,245
050,37,139,"North Carolina","Pasquotank County",5,46,451,215,236
050,37,139,"North Carolina","Pasquotank County",5,47,466,239,227
050,37,139,"North Carolina","Pasquotank County",5,48,457,226,231
050,37,139,"North Carolina","Pasquotank County",5,49,424,212,212
050,37,139,"North Carolina","Pasquotank County",5,50,416,209,207
050,37,139,"North Carolina","Pasquotank County",5,51,450,225,225
050,37,139,"North Carolina","Pasquotank County",5,52,521,250,271
050,37,139,"North Carolina","Pasquotank County",5,53,483,241,242
050,37,139,"North Carolina","Pasquotank County",5,54,474,242,232
050,37,139,"North Carolina","Pasquotank County",5,55,456,228,228
050,37,139,"North Carolina","Pasquotank County",5,56,460,219,241
050,37,139,"North Carolina","Pasquotank County",5,57,494,225,269
050,37,139,"North Carolina","Pasquotank County",5,58,519,235,284
050,37,139,"North Carolina","Pasquotank County",5,59,551,254,297
050,37,139,"North Carolina","Pasquotank County",5,60,530,255,275
050,37,139,"North Carolina","Pasquotank County",5,61,573,292,281
050,37,139,"North Carolina","Pasquotank County",5,62,597,309,288
050,37,139,"North Carolina","Pasquotank County",5,63,572,277,295
050,37,139,"North Carolina","Pasquotank County",5,64,542,258,284
050,37,139,"North Carolina","Pasquotank County",5,65,528,239,289
050,37,139,"North Carolina","Pasquotank County",5,66,530,223,307
050,37,139,"North Carolina","Pasquotank County",5,67,538,230,308
050,37,139,"North Carolina","Pasquotank County",5,68,511,225,286
050,37,139,"North Carolina","Pasquotank County",5,69,487,223,264
050,37,139,"North Carolina","Pasquotank County",5,70,433,182,251
050,37,139,"North Carolina","Pasquotank County",5,71,417,185,232
050,37,139,"North Carolina","Pasquotank County",5,72,410,184,226
050,37,139,"North Carolina","Pasquotank County",5,73,389,180,209
050,37,139,"North Carolina","Pasquotank County",5,74,366,169,197
050,37,139,"North Carolina","Pasquotank County",5,75,359,165,194
050,37,139,"North Carolina","Pasquotank County",5,76,365,166,199
050,37,139,"North Carolina","Pasquotank County",5,77,274,108,166
050,37,139,"North Carolina","Pasquotank County",5,78,276,109,167
050,37,139,"North Carolina","Pasquotank County",5,79,256,107,149
050,37,139,"North Carolina","Pasquotank County",5,80,245,99,146
050,37,139,"North Carolina","Pasquotank County",5,81,196,76,120
050,37,139,"North Carolina","Pasquotank County",5,82,170,62,108
050,37,139,"North Carolina","Pasquotank County",5,83,148,49,99
050,37,139,"North Carolina","Pasquotank County",5,84,161,58,103
050,37,139,"North Carolina","Pasquotank County",5,85,826,290,536
050,37,141,"North Carolina","Pender County",1,0,582,298,284
050,37,141,"North Carolina","Pender County",1,1,641,331,310
050,37,141,"North Carolina","Pender County",1,2,643,327,316
050,37,141,"North Carolina","Pender County",1,3,676,338,338
050,37,141,"North Carolina","Pender County",1,4,736,350,386
050,37,141,"North Carolina","Pender County",1,5,755,403,352
050,37,141,"North Carolina","Pender County",1,6,720,389,331
050,37,141,"North Carolina","Pender County",1,7,724,384,340
050,37,141,"North Carolina","Pender County",1,8,772,398,374
050,37,141,"North Carolina","Pender County",1,9,763,395,368
050,37,141,"North Carolina","Pender County",1,10,770,392,378
050,37,141,"North Carolina","Pender County",1,11,803,396,407
050,37,141,"North Carolina","Pender County",1,12,890,462,428
050,37,141,"North Carolina","Pender County",1,13,849,427,422
050,37,141,"North Carolina","Pender County",1,14,813,398,415
050,37,141,"North Carolina","Pender County",1,15,776,416,360
050,37,141,"North Carolina","Pender County",1,16,780,410,370
050,37,141,"North Carolina","Pender County",1,17,803,402,401
050,37,141,"North Carolina","Pender County",1,18,694,371,323
050,37,141,"North Carolina","Pender County",1,19,552,299,253
050,37,141,"North Carolina","Pender County",1,20,547,282,265
050,37,141,"North Carolina","Pender County",1,21,572,288,284
050,37,141,"North Carolina","Pender County",1,22,575,291,284
050,37,141,"North Carolina","Pender County",1,23,580,318,262
050,37,141,"North Carolina","Pender County",1,24,612,328,284
050,37,141,"North Carolina","Pender County",1,25,563,287,276
050,37,141,"North Carolina","Pender County",1,26,579,310,269
050,37,141,"North Carolina","Pender County",1,27,614,319,295
050,37,141,"North Carolina","Pender County",1,28,660,344,316
050,37,141,"North Carolina","Pender County",1,29,679,358,321
050,37,141,"North Carolina","Pender County",1,30,687,360,327
050,37,141,"North Carolina","Pender County",1,31,680,329,351
050,37,141,"North Carolina","Pender County",1,32,696,361,335
050,37,141,"North Carolina","Pender County",1,33,741,384,357
050,37,141,"North Carolina","Pender County",1,34,708,347,361
050,37,141,"North Carolina","Pender County",1,35,730,355,375
050,37,141,"North Carolina","Pender County",1,36,734,384,350
050,37,141,"North Carolina","Pender County",1,37,764,386,378
050,37,141,"North Carolina","Pender County",1,38,806,419,387
050,37,141,"North Carolina","Pender County",1,39,871,445,426
050,37,141,"North Carolina","Pender County",1,40,820,408,412
050,37,141,"North Carolina","Pender County",1,41,779,383,396
050,37,141,"North Carolina","Pender County",1,42,776,393,383
050,37,141,"North Carolina","Pender County",1,43,753,383,370
050,37,141,"North Carolina","Pender County",1,44,783,411,372
050,37,141,"North Carolina","Pender County",1,45,786,438,348
050,37,141,"North Carolina","Pender County",1,46,770,396,374
050,37,141,"North Carolina","Pender County",1,47,848,424,424
050,37,141,"North Carolina","Pender County",1,48,875,463,412
050,37,141,"North Carolina","Pender County",1,49,923,455,468
050,37,141,"North Carolina","Pender County",1,50,844,437,407
050,37,141,"North Carolina","Pender County",1,51,814,418,396
050,37,141,"North Carolina","Pender County",1,52,806,410,396
050,37,141,"North Carolina","Pender County",1,53,818,431,387
050,37,141,"North Carolina","Pender County",1,54,841,437,404
050,37,141,"North Carolina","Pender County",1,55,870,436,434
050,37,141,"North Carolina","Pender County",1,56,888,438,450
050,37,141,"North Carolina","Pender County",1,57,904,456,448
050,37,141,"North Carolina","Pender County",1,58,933,469,464
050,37,141,"North Carolina","Pender County",1,59,913,447,466
050,37,141,"North Carolina","Pender County",1,60,891,447,444
050,37,141,"North Carolina","Pender County",1,61,899,453,446
050,37,141,"North Carolina","Pender County",1,62,867,438,429
050,37,141,"North Carolina","Pender County",1,63,861,413,448
050,37,141,"North Carolina","Pender County",1,64,854,401,453
050,37,141,"North Carolina","Pender County",1,65,849,405,444
050,37,141,"North Carolina","Pender County",1,66,790,378,412
050,37,141,"North Carolina","Pender County",1,67,765,371,394
050,37,141,"North Carolina","Pender County",1,68,713,332,381
050,37,141,"North Carolina","Pender County",1,69,687,325,362
050,37,141,"North Carolina","Pender County",1,70,668,333,335
050,37,141,"North Carolina","Pender County",1,71,656,312,344
050,37,141,"North Carolina","Pender County",1,72,648,319,329
050,37,141,"North Carolina","Pender County",1,73,642,314,328
050,37,141,"North Carolina","Pender County",1,74,468,218,250
050,37,141,"North Carolina","Pender County",1,75,465,232,233
050,37,141,"North Carolina","Pender County",1,76,439,218,221
050,37,141,"North Carolina","Pender County",1,77,445,208,237
050,37,141,"North Carolina","Pender County",1,78,360,164,196
050,37,141,"North Carolina","Pender County",1,79,295,133,162
050,37,141,"North Carolina","Pender County",1,80,270,132,138
050,37,141,"North Carolina","Pender County",1,81,256,127,129
050,37,141,"North Carolina","Pender County",1,82,219,105,114
050,37,141,"North Carolina","Pender County",1,83,174,68,106
050,37,141,"North Carolina","Pender County",1,84,188,82,106
050,37,141,"North Carolina","Pender County",1,85,946,346,600
050,37,141,"North Carolina","Pender County",2,0,600,312,288
050,37,141,"North Carolina","Pender County",2,1,632,325,307
050,37,141,"North Carolina","Pender County",2,2,652,333,319
050,37,141,"North Carolina","Pender County",2,3,668,337,331
050,37,141,"North Carolina","Pender County",2,4,731,355,376
050,37,141,"North Carolina","Pender County",2,5,765,401,364
050,37,141,"North Carolina","Pender County",2,6,733,398,335
050,37,141,"North Carolina","Pender County",2,7,730,388,342
050,37,141,"North Carolina","Pender County",2,8,760,395,365
050,37,141,"North Carolina","Pender County",2,9,769,401,368
050,37,141,"North Carolina","Pender County",2,10,774,397,377
050,37,141,"North Carolina","Pender County",2,11,801,400,401
050,37,141,"North Carolina","Pender County",2,12,883,456,427
050,37,141,"North Carolina","Pender County",2,13,863,439,424
050,37,141,"North Carolina","Pender County",2,14,828,408,420
050,37,141,"North Carolina","Pender County",2,15,789,414,375
050,37,141,"North Carolina","Pender County",2,16,785,414,371
050,37,141,"North Carolina","Pender County",2,17,798,405,393
050,37,141,"North Carolina","Pender County",2,18,687,362,325
050,37,141,"North Carolina","Pender County",2,19,556,299,257
050,37,141,"North Carolina","Pender County",2,20,562,291,271
050,37,141,"North Carolina","Pender County",2,21,572,290,282
050,37,141,"North Carolina","Pender County",2,22,584,297,287
050,37,141,"North Carolina","Pender County",2,23,596,321,275
050,37,141,"North Carolina","Pender County",2,24,608,325,283
050,37,141,"North Carolina","Pender County",2,25,579,300,279
050,37,141,"North Carolina","Pender County",2,26,583,308,275
050,37,141,"North Carolina","Pender County",2,27,613,322,291
050,37,141,"North Carolina","Pender County",2,28,658,339,319
050,37,141,"North Carolina","Pender County",2,29,694,367,327
050,37,141,"North Carolina","Pender County",2,30,700,369,331
050,37,141,"North Carolina","Pender County",2,31,688,341,347
050,37,141,"North Carolina","Pender County",2,32,704,358,346
050,37,141,"North Carolina","Pender County",2,33,739,384,355
050,37,141,"North Carolina","Pender County",2,34,728,359,369
050,37,141,"North Carolina","Pender County",2,35,738,362,376
050,37,141,"North Carolina","Pender County",2,36,739,380,359
050,37,141,"North Carolina","Pender County",2,37,769,394,375
050,37,141,"North Carolina","Pender County",2,38,813,419,394
050,37,141,"North Carolina","Pender County",2,39,863,443,420
050,37,141,"North Carolina","Pender County",2,40,847,425,422
050,37,141,"North Carolina","Pender County",2,41,791,387,404
050,37,141,"North Carolina","Pender County",2,42,780,391,389
050,37,141,"North Carolina","Pender County",2,43,772,393,379
050,37,141,"North Carolina","Pender County",2,44,779,408,371
050,37,141,"North Carolina","Pender County",2,45,794,437,357
050,37,141,"North Carolina","Pender County",2,46,778,408,370
050,37,141,"North Carolina","Pender County",2,47,835,422,413
050,37,141,"North Carolina","Pender County",2,48,879,459,420
050,37,141,"North Carolina","Pender County",2,49,919,460,459
050,37,141,"North Carolina","Pender County",2,50,869,444,425
050,37,141,"North Carolina","Pender County",2,51,825,425,400
050,37,141,"North Carolina","Pender County",2,52,804,409,395
050,37,141,"North Carolina","Pender County",2,53,822,430,392
050,37,141,"North Carolina","Pender County",2,54,841,440,401
050,37,141,"North Carolina","Pender County",2,55,869,441,428
050,37,141,"North Carolina","Pender County",2,56,890,439,451
050,37,141,"North Carolina","Pender County",2,57,902,449,453
050,37,141,"North Carolina","Pender County",2,58,934,471,463
050,37,141,"North Carolina","Pender County",2,59,921,452,469
050,37,141,"North Carolina","Pender County",2,60,897,446,451
050,37,141,"North Carolina","Pender County",2,61,902,452,450
050,37,141,"North Carolina","Pender County",2,62,876,439,437
050,37,141,"North Carolina","Pender County",2,63,871,425,446
050,37,141,"North Carolina","Pender County",2,64,850,402,448
050,37,141,"North Carolina","Pender County",2,65,844,400,444
050,37,141,"North Carolina","Pender County",2,66,805,386,419
050,37,141,"North Carolina","Pender County",2,67,771,373,398
050,37,141,"North Carolina","Pender County",2,68,724,341,383
050,37,141,"North Carolina","Pender County",2,69,697,328,369
050,37,141,"North Carolina","Pender County",2,70,669,328,341
050,37,141,"North Carolina","Pender County",2,71,657,317,340
050,37,141,"North Carolina","Pender County",2,72,638,312,326
050,37,141,"North Carolina","Pender County",2,73,670,327,343
050,37,141,"North Carolina","Pender County",2,74,478,225,253
050,37,141,"North Carolina","Pender County",2,75,463,228,235
050,37,141,"North Carolina","Pender County",2,76,437,217,220
050,37,141,"North Carolina","Pender County",2,77,454,215,239
050,37,141,"North Carolina","Pender County",2,78,371,171,200
050,37,141,"North Carolina","Pender County",2,79,309,139,170
050,37,141,"North Carolina","Pender County",2,80,274,131,143
050,37,141,"North Carolina","Pender County",2,81,253,124,129
050,37,141,"North Carolina","Pender County",2,82,223,109,114
050,37,141,"North Carolina","Pender County",2,83,177,73,104
050,37,141,"North Carolina","Pender County",2,84,181,78,103
050,37,141,"North Carolina","Pender County",2,85,963,356,607
050,37,141,"North Carolina","Pender County",3,0,619,310,309
050,37,141,"North Carolina","Pender County",3,1,653,349,304
050,37,141,"North Carolina","Pender County",3,2,712,364,348
050,37,141,"North Carolina","Pender County",3,3,707,356,351
050,37,141,"North Carolina","Pender County",3,4,723,360,363
050,37,141,"North Carolina","Pender County",3,5,788,387,401
050,37,141,"North Carolina","Pender County",3,6,812,412,400
050,37,141,"North Carolina","Pender County",3,7,800,427,373
050,37,141,"North Carolina","Pender County",3,8,782,415,367
050,37,141,"North Carolina","Pender County",3,9,793,414,379
050,37,141,"North Carolina","Pender County",3,10,807,417,390
050,37,141,"North Carolina","Pender County",3,11,821,419,402
050,37,141,"North Carolina","Pender County",3,12,827,427,400
050,37,141,"North Carolina","Pender County",3,13,913,465,448
050,37,141,"North Carolina","Pender County",3,14,898,448,450
050,37,141,"North Carolina","Pender County",3,15,859,430,429
050,37,141,"North Carolina","Pender County",3,16,788,420,368
050,37,141,"North Carolina","Pender County",3,17,780,403,377
050,37,141,"North Carolina","Pender County",3,18,694,357,337
050,37,141,"North Carolina","Pender County",3,19,557,295,262
050,37,141,"North Carolina","Pender County",3,20,594,319,275
050,37,141,"North Carolina","Pender County",3,21,589,296,293
050,37,141,"North Carolina","Pender County",3,22,591,300,291
050,37,141,"North Carolina","Pender County",3,23,611,312,299
050,37,141,"North Carolina","Pender County",3,24,614,329,285
050,37,141,"North Carolina","Pender County",3,25,644,340,304
050,37,141,"North Carolina","Pender County",3,26,637,342,295
050,37,141,"North Carolina","Pender County",3,27,659,353,306
050,37,141,"North Carolina","Pender County",3,28,670,366,304
050,37,141,"North Carolina","Pender County",3,29,727,376,351
050,37,141,"North Carolina","Pender County",3,30,739,377,362
050,37,141,"North Carolina","Pender County",3,31,756,399,357
050,37,141,"North Carolina","Pender County",3,32,768,374,394
050,37,141,"North Carolina","Pender County",3,33,737,363,374
050,37,141,"North Carolina","Pender County",3,34,805,414,391
050,37,141,"North Carolina","Pender County",3,35,762,387,375
050,37,141,"North Carolina","Pender County",3,36,834,417,417
050,37,141,"North Carolina","Pender County",3,37,802,423,379
050,37,141,"North Carolina","Pender County",3,38,858,425,433
050,37,141,"North Carolina","Pender County",3,39,880,468,412
050,37,141,"North Carolina","Pender County",3,40,933,468,465
050,37,141,"North Carolina","Pender County",3,41,884,436,448
050,37,141,"North Carolina","Pender County",3,42,811,399,412
050,37,141,"North Carolina","Pender County",3,43,844,432,412
050,37,141,"North Carolina","Pender County",3,44,786,388,398
050,37,141,"North Carolina","Pender County",3,45,796,416,380
050,37,141,"North Carolina","Pender County",3,46,823,453,370
050,37,141,"North Carolina","Pender County",3,47,815,440,375
050,37,141,"North Carolina","Pender County",3,48,856,428,428
050,37,141,"North Carolina","Pender County",3,49,885,477,408
050,37,141,"North Carolina","Pender County",3,50,971,477,494
050,37,141,"North Carolina","Pender County",3,51,890,461,429
050,37,141,"North Carolina","Pender County",3,52,848,438,410
050,37,141,"North Carolina","Pender County",3,53,843,429,414
050,37,141,"North Carolina","Pender County",3,54,850,441,409
050,37,141,"North Carolina","Pender County",3,55,871,452,419
050,37,141,"North Carolina","Pender County",3,56,910,464,446
050,37,141,"North Carolina","Pender County",3,57,901,437,464
050,37,141,"North Carolina","Pender County",3,58,941,482,459
050,37,141,"North Carolina","Pender County",3,59,913,459,454
050,37,141,"North Carolina","Pender County",3,60,950,470,480
050,37,141,"North Carolina","Pender County",3,61,908,441,467
050,37,141,"North Carolina","Pender County",3,62,928,470,458
050,37,141,"North Carolina","Pender County",3,63,885,440,445
050,37,141,"North Carolina","Pender County",3,64,893,437,456
050,37,141,"North Carolina","Pender County",3,65,859,405,454
050,37,141,"North Carolina","Pender County",3,66,867,412,455
050,37,141,"North Carolina","Pender County",3,67,808,383,425
050,37,141,"North Carolina","Pender County",3,68,770,374,396
050,37,141,"North Carolina","Pender County",3,69,713,328,385
050,37,141,"North Carolina","Pender County",3,70,695,325,370
050,37,141,"North Carolina","Pender County",3,71,669,330,339
050,37,141,"North Carolina","Pender County",3,72,639,312,327
050,37,141,"North Carolina","Pender County",3,73,610,285,325
050,37,141,"North Carolina","Pender County",3,74,639,309,330
050,37,141,"North Carolina","Pender County",3,75,472,224,248
050,37,141,"North Carolina","Pender County",3,76,434,209,225
050,37,141,"North Carolina","Pender County",3,77,426,206,220
050,37,141,"North Carolina","Pender County",3,78,432,210,222
050,37,141,"North Carolina","Pender County",3,79,353,157,196
050,37,141,"North Carolina","Pender County",3,80,290,132,158
050,37,141,"North Carolina","Pender County",3,81,255,117,138
050,37,141,"North Carolina","Pender County",3,82,232,108,124
050,37,141,"North Carolina","Pender County",3,83,205,100,105
050,37,141,"North Carolina","Pender County",3,84,154,58,96
050,37,141,"North Carolina","Pender County",3,85,953,364,589
050,37,141,"North Carolina","Pender County",4,0,689,349,340
050,37,141,"North Carolina","Pender County",4,1,676,341,335
050,37,141,"North Carolina","Pender County",4,2,708,382,326
050,37,141,"North Carolina","Pender County",4,3,747,363,384
050,37,141,"North Carolina","Pender County",4,4,772,392,380
050,37,141,"North Carolina","Pender County",4,5,785,399,386
050,37,141,"North Carolina","Pender County",4,6,872,432,440
050,37,141,"North Carolina","Pender County",4,7,883,448,435
050,37,141,"North Carolina","Pender County",4,8,868,467,401
050,37,141,"North Carolina","Pender County",4,9,839,443,396
050,37,141,"North Carolina","Pender County",4,10,829,436,393
050,37,141,"North Carolina","Pender County",4,11,846,438,408
050,37,141,"North Carolina","Pender County",4,12,871,455,416
050,37,141,"North Carolina","Pender County",4,13,865,446,419
050,37,141,"North Carolina","Pender County",4,14,964,489,475
050,37,141,"North Carolina","Pender County",4,15,932,458,474
050,37,141,"North Carolina","Pender County",4,16,873,434,439
050,37,141,"North Carolina","Pender County",4,17,809,430,379
050,37,141,"North Carolina","Pender County",4,18,667,353,314
050,37,141,"North Carolina","Pender County",4,19,570,286,284
050,37,141,"North Carolina","Pender County",4,20,590,311,279
050,37,141,"North Carolina","Pender County",4,21,604,339,265
050,37,141,"North Carolina","Pender County",4,22,632,325,307
050,37,141,"North Carolina","Pender County",4,23,635,322,313
050,37,141,"North Carolina","Pender County",4,24,607,320,287
050,37,141,"North Carolina","Pender County",4,25,626,332,294
050,37,141,"North Carolina","Pender County",4,26,697,369,328
050,37,141,"North Carolina","Pender County",4,27,670,342,328
050,37,141,"North Carolina","Pender County",4,28,696,367,329
050,37,141,"North Carolina","Pender County",4,29,724,391,333
050,37,141,"North Carolina","Pender County",4,30,791,417,374
050,37,141,"North Carolina","Pender County",4,31,826,415,411
050,37,141,"North Carolina","Pender County",4,32,848,414,434
050,37,141,"North Carolina","Pender County",4,33,873,434,439
050,37,141,"North Carolina","Pender County",4,34,785,386,399
050,37,141,"North Carolina","Pender County",4,35,870,454,416
050,37,141,"North Carolina","Pender County",4,36,843,436,407
050,37,141,"North Carolina","Pender County",4,37,897,455,442
050,37,141,"North Carolina","Pender County",4,38,835,448,387
050,37,141,"North Carolina","Pender County",4,39,930,452,478
050,37,141,"North Carolina","Pender County",4,40,930,483,447
050,37,141,"North Carolina","Pender County",4,41,953,469,484
050,37,141,"North Carolina","Pender County",4,42,974,487,487
050,37,141,"North Carolina","Pender County",4,43,866,434,432
050,37,141,"North Carolina","Pender County",4,44,885,454,431
050,37,141,"North Carolina","Pender County",4,45,827,399,428
050,37,141,"North Carolina","Pender County",4,46,825,445,380
050,37,141,"North Carolina","Pender County",4,47,865,474,391
050,37,141,"North Carolina","Pender County",4,48,867,463,404
050,37,141,"North Carolina","Pender County",4,49,892,446,446
050,37,141,"North Carolina","Pender County",4,50,892,466,426
050,37,141,"North Carolina","Pender County",4,51,1002,488,514
050,37,141,"North Carolina","Pender County",4,52,918,481,437
050,37,141,"North Carolina","Pender County",4,53,874,449,425
050,37,141,"North Carolina","Pender County",4,54,878,454,424
050,37,141,"North Carolina","Pender County",4,55,872,451,421
050,37,141,"North Carolina","Pender County",4,56,893,457,436
050,37,141,"North Carolina","Pender County",4,57,941,483,458
050,37,141,"North Carolina","Pender County",4,58,939,465,474
050,37,141,"North Carolina","Pender County",4,59,948,480,468
050,37,141,"North Carolina","Pender County",4,60,947,472,475
050,37,141,"North Carolina","Pender County",4,61,945,463,482
050,37,141,"North Carolina","Pender County",4,62,930,461,469
050,37,141,"North Carolina","Pender County",4,63,943,476,467
050,37,141,"North Carolina","Pender County",4,64,896,453,443
050,37,141,"North Carolina","Pender County",4,65,900,438,462
050,37,141,"North Carolina","Pender County",4,66,869,416,453
050,37,141,"North Carolina","Pender County",4,67,866,409,457
050,37,141,"North Carolina","Pender County",4,68,809,395,414
050,37,141,"North Carolina","Pender County",4,69,772,366,406
050,37,141,"North Carolina","Pender County",4,70,702,328,374
050,37,141,"North Carolina","Pender County",4,71,702,330,372
050,37,141,"North Carolina","Pender County",4,72,654,320,334
050,37,141,"North Carolina","Pender County",4,73,620,301,319
050,37,141,"North Carolina","Pender County",4,74,593,272,321
050,37,141,"North Carolina","Pender County",4,75,614,294,320
050,37,141,"North Carolina","Pender County",4,76,454,210,244
050,37,141,"North Carolina","Pender County",4,77,429,208,221
050,37,141,"North Carolina","Pender County",4,78,401,202,199
050,37,141,"North Carolina","Pender County",4,79,411,190,221
050,37,141,"North Carolina","Pender County",4,80,335,151,184
050,37,141,"North Carolina","Pender County",4,81,276,124,152
050,37,141,"North Carolina","Pender County",4,82,227,108,119
050,37,141,"North Carolina","Pender County",4,83,217,100,117
050,37,141,"North Carolina","Pender County",4,84,187,91,96
050,37,141,"North Carolina","Pender County",4,85,914,349,565
050,37,141,"North Carolina","Pender County",5,0,685,347,338
050,37,141,"North Carolina","Pender County",5,1,726,407,319
050,37,141,"North Carolina","Pender County",5,2,744,376,368
050,37,141,"North Carolina","Pender County",5,3,781,433,348
050,37,141,"North Carolina","Pender County",5,4,801,401,400
050,37,141,"North Carolina","Pender County",5,5,818,418,400
050,37,141,"North Carolina","Pender County",5,6,818,413,405
050,37,141,"North Carolina","Pender County",5,7,916,453,463
050,37,141,"North Carolina","Pender County",5,8,903,460,443
050,37,141,"North Carolina","Pender County",5,9,908,483,425
050,37,141,"North Carolina","Pender County",5,10,888,467,421
050,37,141,"North Carolina","Pender County",5,11,874,451,423
050,37,141,"North Carolina","Pender County",5,12,907,477,430
050,37,141,"North Carolina","Pender County",5,13,901,462,439
050,37,141,"North Carolina","Pender County",5,14,905,467,438
050,37,141,"North Carolina","Pender County",5,15,997,505,492
050,37,141,"North Carolina","Pender County",5,16,943,460,483
050,37,141,"North Carolina","Pender County",5,17,901,445,456
050,37,141,"North Carolina","Pender County",5,18,700,383,317
050,37,141,"North Carolina","Pender County",5,19,560,300,260
050,37,141,"North Carolina","Pender County",5,20,635,321,314
050,37,141,"North Carolina","Pender County",5,21,627,334,293
050,37,141,"North Carolina","Pender County",5,22,685,376,309
050,37,141,"North Carolina","Pender County",5,23,720,381,339
050,37,141,"North Carolina","Pender County",5,24,686,358,328
050,37,141,"North Carolina","Pender County",5,25,677,359,318
050,37,141,"North Carolina","Pender County",5,26,680,363,317
050,37,141,"North Carolina","Pender County",5,27,745,406,339
050,37,141,"North Carolina","Pender County",5,28,686,341,345
050,37,141,"North Carolina","Pender County",5,29,771,406,365
050,37,141,"North Carolina","Pender County",5,30,796,412,384
050,37,141,"North Carolina","Pender County",5,31,832,428,404
050,37,141,"North Carolina","Pender County",5,32,858,413,445
050,37,141,"North Carolina","Pender County",5,33,910,441,469
050,37,141,"North Carolina","Pender County",5,34,925,444,481
050,37,141,"North Carolina","Pender County",5,35,836,426,410
050,37,141,"North Carolina","Pender County",5,36,928,476,452
050,37,141,"North Carolina","Pender County",5,37,886,456,430
050,37,141,"North Carolina","Pender County",5,38,949,486,463
050,37,141,"North Carolina","Pender County",5,39,931,504,427
050,37,141,"North Carolina","Pender County",5,40,1006,485,521
050,37,141,"North Carolina","Pender County",5,41,979,503,476
050,37,141,"North Carolina","Pender County",5,42,991,488,503
050,37,141,"North Carolina","Pender County",5,43,1039,527,512
050,37,141,"North Carolina","Pender County",5,44,922,460,462
050,37,141,"North Carolina","Pender County",5,45,911,458,453
050,37,141,"North Carolina","Pender County",5,46,858,411,447
050,37,141,"North Carolina","Pender County",5,47,860,461,399
050,37,141,"North Carolina","Pender County",5,48,917,498,419
050,37,141,"North Carolina","Pender County",5,49,895,477,418
050,37,141,"North Carolina","Pender County",5,50,909,447,462
050,37,141,"North Carolina","Pender County",5,51,937,490,447
050,37,141,"North Carolina","Pender County",5,52,1033,514,519
050,37,141,"North Carolina","Pender County",5,53,978,522,456
050,37,141,"North Carolina","Pender County",5,54,890,452,438
050,37,141,"North Carolina","Pender County",5,55,918,477,441
050,37,141,"North Carolina","Pender County",5,56,892,452,440
050,37,141,"North Carolina","Pender County",5,57,904,455,449
050,37,141,"North Carolina","Pender County",5,58,971,510,461
050,37,141,"North Carolina","Pender County",5,59,949,467,482
050,37,141,"North Carolina","Pender County",5,60,985,494,491
050,37,141,"North Carolina","Pender County",5,61,957,470,487
050,37,141,"North Carolina","Pender County",5,62,974,491,483
050,37,141,"North Carolina","Pender County",5,63,953,460,493
050,37,141,"North Carolina","Pender County",5,64,958,475,483
050,37,141,"North Carolina","Pender County",5,65,900,457,443
050,37,141,"North Carolina","Pender County",5,66,904,439,465
050,37,141,"North Carolina","Pender County",5,67,867,420,447
050,37,141,"North Carolina","Pender County",5,68,847,402,445
050,37,141,"North Carolina","Pender County",5,69,798,393,405
050,37,141,"North Carolina","Pender County",5,70,780,371,409
050,37,141,"North Carolina","Pender County",5,71,714,334,380
050,37,141,"North Carolina","Pender County",5,72,700,323,377
050,37,141,"North Carolina","Pender County",5,73,643,310,333
050,37,141,"North Carolina","Pender County",5,74,609,285,324
050,37,141,"North Carolina","Pender County",5,75,575,259,316
050,37,141,"North Carolina","Pender County",5,76,599,279,320
050,37,141,"North Carolina","Pender County",5,77,446,206,240
050,37,141,"North Carolina","Pender County",5,78,416,215,201
050,37,141,"North Carolina","Pender County",5,79,384,187,197
050,37,141,"North Carolina","Pender County",5,80,395,185,210
050,37,141,"North Carolina","Pender County",5,81,316,136,180
050,37,141,"North Carolina","Pender County",5,82,251,116,135
050,37,141,"North Carolina","Pender County",5,83,205,101,104
050,37,141,"North Carolina","Pender County",5,84,196,82,114
050,37,141,"North Carolina","Pender County",5,85,951,384,567
050,37,143,"North Carolina","Perquimans County",1,0,110,56,54
050,37,143,"North Carolina","Perquimans County",1,1,118,55,63
050,37,143,"North Carolina","Perquimans County",1,2,125,50,75
050,37,143,"North Carolina","Perquimans County",1,3,118,46,72
050,37,143,"North Carolina","Perquimans County",1,4,121,54,67
050,37,143,"North Carolina","Perquimans County",1,5,115,55,60
050,37,143,"North Carolina","Perquimans County",1,6,146,77,69
050,37,143,"North Carolina","Perquimans County",1,7,134,63,71
050,37,143,"North Carolina","Perquimans County",1,8,128,61,67
050,37,143,"North Carolina","Perquimans County",1,9,128,64,64
050,37,143,"North Carolina","Perquimans County",1,10,127,65,62
050,37,143,"North Carolina","Perquimans County",1,11,164,92,72
050,37,143,"North Carolina","Perquimans County",1,12,165,80,85
050,37,143,"North Carolina","Perquimans County",1,13,163,70,93
050,37,143,"North Carolina","Perquimans County",1,14,159,79,80
050,37,143,"North Carolina","Perquimans County",1,15,153,70,83
050,37,143,"North Carolina","Perquimans County",1,16,142,70,72
050,37,143,"North Carolina","Perquimans County",1,17,131,63,68
050,37,143,"North Carolina","Perquimans County",1,18,117,63,54
050,37,143,"North Carolina","Perquimans County",1,19,101,55,46
050,37,143,"North Carolina","Perquimans County",1,20,106,54,52
050,37,143,"North Carolina","Perquimans County",1,21,112,59,53
050,37,143,"North Carolina","Perquimans County",1,22,124,63,61
050,37,143,"North Carolina","Perquimans County",1,23,105,58,47
050,37,143,"North Carolina","Perquimans County",1,24,117,57,60
050,37,143,"North Carolina","Perquimans County",1,25,102,49,53
050,37,143,"North Carolina","Perquimans County",1,26,115,61,54
050,37,143,"North Carolina","Perquimans County",1,27,120,55,65
050,37,143,"North Carolina","Perquimans County",1,28,120,54,66
050,37,143,"North Carolina","Perquimans County",1,29,115,47,68
050,37,143,"North Carolina","Perquimans County",1,30,138,62,76
050,37,143,"North Carolina","Perquimans County",1,31,138,60,78
050,37,143,"North Carolina","Perquimans County",1,32,148,72,76
050,37,143,"North Carolina","Perquimans County",1,33,152,73,79
050,37,143,"North Carolina","Perquimans County",1,34,120,61,59
050,37,143,"North Carolina","Perquimans County",1,35,120,58,62
050,37,143,"North Carolina","Perquimans County",1,36,126,66,60
050,37,143,"North Carolina","Perquimans County",1,37,140,72,68
050,37,143,"North Carolina","Perquimans County",1,38,136,65,71
050,37,143,"North Carolina","Perquimans County",1,39,121,58,63
050,37,143,"North Carolina","Perquimans County",1,40,144,66,78
050,37,143,"North Carolina","Perquimans County",1,41,141,72,69
050,37,143,"North Carolina","Perquimans County",1,42,129,55,74
050,37,143,"North Carolina","Perquimans County",1,43,114,56,58
050,37,143,"North Carolina","Perquimans County",1,44,118,64,54
050,37,143,"North Carolina","Perquimans County",1,45,132,63,69
050,37,143,"North Carolina","Perquimans County",1,46,119,67,52
050,37,143,"North Carolina","Perquimans County",1,47,129,76,53
050,37,143,"North Carolina","Perquimans County",1,48,153,77,76
050,37,143,"North Carolina","Perquimans County",1,49,171,74,97
050,37,143,"North Carolina","Perquimans County",1,50,155,75,80
050,37,143,"North Carolina","Perquimans County",1,51,148,77,71
050,37,143,"North Carolina","Perquimans County",1,52,157,79,78
050,37,143,"North Carolina","Perquimans County",1,53,168,87,81
050,37,143,"North Carolina","Perquimans County",1,54,172,83,89
050,37,143,"North Carolina","Perquimans County",1,55,184,86,98
050,37,143,"North Carolina","Perquimans County",1,56,203,91,112
050,37,143,"North Carolina","Perquimans County",1,57,225,106,119
050,37,143,"North Carolina","Perquimans County",1,58,213,97,116
050,37,143,"North Carolina","Perquimans County",1,59,197,94,103
050,37,143,"North Carolina","Perquimans County",1,60,212,104,108
050,37,143,"North Carolina","Perquimans County",1,61,228,116,112
050,37,143,"North Carolina","Perquimans County",1,62,231,113,118
050,37,143,"North Carolina","Perquimans County",1,63,215,102,113
050,37,143,"North Carolina","Perquimans County",1,64,223,106,117
050,37,143,"North Carolina","Perquimans County",1,65,240,118,122
050,37,143,"North Carolina","Perquimans County",1,66,232,119,113
050,37,143,"North Carolina","Perquimans County",1,67,208,102,106
050,37,143,"North Carolina","Perquimans County",1,68,194,88,106
050,37,143,"North Carolina","Perquimans County",1,69,188,82,106
050,37,143,"North Carolina","Perquimans County",1,70,198,84,114
050,37,143,"North Carolina","Perquimans County",1,71,218,105,113
050,37,143,"North Carolina","Perquimans County",1,72,209,106,103
050,37,143,"North Carolina","Perquimans County",1,73,231,116,115
050,37,143,"North Carolina","Perquimans County",1,74,164,78,86
050,37,143,"North Carolina","Perquimans County",1,75,156,69,87
050,37,143,"North Carolina","Perquimans County",1,76,166,78,88
050,37,143,"North Carolina","Perquimans County",1,77,163,68,95
050,37,143,"North Carolina","Perquimans County",1,78,124,53,71
050,37,143,"North Carolina","Perquimans County",1,79,119,58,61
050,37,143,"North Carolina","Perquimans County",1,80,102,40,62
050,37,143,"North Carolina","Perquimans County",1,81,92,40,52
050,37,143,"North Carolina","Perquimans County",1,82,91,45,46
050,37,143,"North Carolina","Perquimans County",1,83,77,34,43
050,37,143,"North Carolina","Perquimans County",1,84,70,38,32
050,37,143,"North Carolina","Perquimans County",1,85,345,147,198
050,37,143,"North Carolina","Perquimans County",2,0,110,54,56
050,37,143,"North Carolina","Perquimans County",2,1,117,54,63
050,37,143,"North Carolina","Perquimans County",2,2,123,50,73
050,37,143,"North Carolina","Perquimans County",2,3,120,48,72
050,37,143,"North Carolina","Perquimans County",2,4,118,50,68
050,37,143,"North Carolina","Perquimans County",2,5,116,55,61
050,37,143,"North Carolina","Perquimans County",2,6,140,71,69
050,37,143,"North Carolina","Perquimans County",2,7,140,68,72
050,37,143,"North Carolina","Perquimans County",2,8,130,62,68
050,37,143,"North Carolina","Perquimans County",2,9,128,64,64
050,37,143,"North Carolina","Perquimans County",2,10,127,65,62
050,37,143,"North Carolina","Perquimans County",2,11,156,86,70
050,37,143,"North Carolina","Perquimans County",2,12,166,83,83
050,37,143,"North Carolina","Perquimans County",2,13,164,72,92
050,37,143,"North Carolina","Perquimans County",2,14,161,77,84
050,37,143,"North Carolina","Perquimans County",2,15,157,74,83
050,37,143,"North Carolina","Perquimans County",2,16,146,72,74
050,37,143,"North Carolina","Perquimans County",2,17,132,65,67
050,37,143,"North Carolina","Perquimans County",2,18,114,60,54
050,37,143,"North Carolina","Perquimans County",2,19,100,54,46
050,37,143,"North Carolina","Perquimans County",2,20,105,53,52
050,37,143,"North Carolina","Perquimans County",2,21,112,59,53
050,37,143,"North Carolina","Perquimans County",2,22,121,62,59
050,37,143,"North Carolina","Perquimans County",2,23,110,59,51
050,37,143,"North Carolina","Perquimans County",2,24,114,56,58
050,37,143,"North Carolina","Perquimans County",2,25,106,51,55
050,37,143,"North Carolina","Perquimans County",2,26,111,58,53
050,37,143,"North Carolina","Perquimans County",2,27,117,55,62
050,37,143,"North Carolina","Perquimans County",2,28,119,54,65
050,37,143,"North Carolina","Perquimans County",2,29,119,50,69
050,37,143,"North Carolina","Perquimans County",2,30,135,59,76
050,37,143,"North Carolina","Perquimans County",2,31,140,61,79
050,37,143,"North Carolina","Perquimans County",2,32,146,70,76
050,37,143,"North Carolina","Perquimans County",2,33,152,74,78
050,37,143,"North Carolina","Perquimans County",2,34,128,64,64
050,37,143,"North Carolina","Perquimans County",2,35,122,60,62
050,37,143,"North Carolina","Perquimans County",2,36,124,63,61
050,37,143,"North Carolina","Perquimans County",2,37,140,72,68
050,37,143,"North Carolina","Perquimans County",2,38,140,69,71
050,37,143,"North Carolina","Perquimans County",2,39,123,58,65
050,37,143,"North Carolina","Perquimans County",2,40,143,66,77
050,37,143,"North Carolina","Perquimans County",2,41,142,71,71
050,37,143,"North Carolina","Perquimans County",2,42,131,58,73
050,37,143,"North Carolina","Perquimans County",2,43,120,57,63
050,37,143,"North Carolina","Perquimans County",2,44,116,61,55
050,37,143,"North Carolina","Perquimans County",2,45,129,64,65
050,37,143,"North Carolina","Perquimans County",2,46,121,65,56
050,37,143,"North Carolina","Perquimans County",2,47,127,75,52
050,37,143,"North Carolina","Perquimans County",2,48,146,77,69
050,37,143,"North Carolina","Perquimans County",2,49,166,75,91
050,37,143,"North Carolina","Perquimans County",2,50,160,77,83
050,37,143,"North Carolina","Perquimans County",2,51,149,76,73
050,37,143,"North Carolina","Perquimans County",2,52,156,79,77
050,37,143,"North Carolina","Perquimans County",2,53,166,84,82
050,37,143,"North Carolina","Perquimans County",2,54,171,84,87
050,37,143,"North Carolina","Perquimans County",2,55,181,85,96
050,37,143,"North Carolina","Perquimans County",2,56,203,92,111
050,37,143,"North Carolina","Perquimans County",2,57,222,103,119
050,37,143,"North Carolina","Perquimans County",2,58,215,100,115
050,37,143,"North Carolina","Perquimans County",2,59,201,95,106
050,37,143,"North Carolina","Perquimans County",2,60,211,103,108
050,37,143,"North Carolina","Perquimans County",2,61,225,113,112
050,37,143,"North Carolina","Perquimans County",2,62,228,112,116
050,37,143,"North Carolina","Perquimans County",2,63,222,105,117
050,37,143,"North Carolina","Perquimans County",2,64,217,103,114
050,37,143,"North Carolina","Perquimans County",2,65,235,114,121
050,37,143,"North Carolina","Perquimans County",2,66,234,119,115
050,37,143,"North Carolina","Perquimans County",2,67,216,109,107
050,37,143,"North Carolina","Perquimans County",2,68,196,90,106
050,37,143,"North Carolina","Perquimans County",2,69,193,85,108
050,37,143,"North Carolina","Perquimans County",2,70,194,82,112
050,37,143,"North Carolina","Perquimans County",2,71,214,100,114
050,37,143,"North Carolina","Perquimans County",2,72,207,104,103
050,37,143,"North Carolina","Perquimans County",2,73,236,119,117
050,37,143,"North Carolina","Perquimans County",2,74,169,82,87
050,37,143,"North Carolina","Perquimans County",2,75,156,69,87
050,37,143,"North Carolina","Perquimans County",2,76,158,73,85
050,37,143,"North Carolina","Perquimans County",2,77,166,72,94
050,37,143,"North Carolina","Perquimans County",2,78,128,55,73
050,37,143,"North Carolina","Perquimans County",2,79,119,56,63
050,37,143,"North Carolina","Perquimans County",2,80,106,44,62
050,37,143,"North Carolina","Perquimans County",2,81,90,37,53
050,37,143,"North Carolina","Perquimans County",2,82,90,42,48
050,37,143,"North Carolina","Perquimans County",2,83,79,37,42
050,37,143,"North Carolina","Perquimans County",2,84,69,36,33
050,37,143,"North Carolina","Perquimans County",2,85,346,149,197
050,37,143,"North Carolina","Perquimans County",3,0,103,46,57
050,37,143,"North Carolina","Perquimans County",3,1,116,53,63
050,37,143,"North Carolina","Perquimans County",3,2,122,61,61
050,37,143,"North Carolina","Perquimans County",3,3,129,55,74
050,37,143,"North Carolina","Perquimans County",3,4,118,56,62
050,37,143,"North Carolina","Perquimans County",3,5,125,53,72
050,37,143,"North Carolina","Perquimans County",3,6,116,52,64
050,37,143,"North Carolina","Perquimans County",3,7,141,67,74
050,37,143,"North Carolina","Perquimans County",3,8,140,67,73
050,37,143,"North Carolina","Perquimans County",3,9,133,69,64
050,37,143,"North Carolina","Perquimans County",3,10,128,63,65
050,37,143,"North Carolina","Perquimans County",3,11,132,71,61
050,37,143,"North Carolina","Perquimans County",3,12,153,87,66
050,37,143,"North Carolina","Perquimans County",3,13,167,74,93
050,37,143,"North Carolina","Perquimans County",3,14,160,72,88
050,37,143,"North Carolina","Perquimans County",3,15,159,76,83
050,37,143,"North Carolina","Perquimans County",3,16,157,78,79
050,37,143,"North Carolina","Perquimans County",3,17,148,76,72
050,37,143,"North Carolina","Perquimans County",3,18,109,56,53
050,37,143,"North Carolina","Perquimans County",3,19,96,46,50
050,37,143,"North Carolina","Perquimans County",3,20,106,51,55
050,37,143,"North Carolina","Perquimans County",3,21,116,56,60
050,37,143,"North Carolina","Perquimans County",3,22,114,59,55
050,37,143,"North Carolina","Perquimans County",3,23,122,62,60
050,37,143,"North Carolina","Perquimans County",3,24,104,59,45
050,37,143,"North Carolina","Perquimans County",3,25,106,54,52
050,37,143,"North Carolina","Perquimans County",3,26,129,58,71
050,37,143,"North Carolina","Perquimans County",3,27,117,55,62
050,37,143,"North Carolina","Perquimans County",3,28,122,58,64
050,37,143,"North Carolina","Perquimans County",3,29,123,50,73
050,37,143,"North Carolina","Perquimans County",3,30,114,55,59
050,37,143,"North Carolina","Perquimans County",3,31,132,61,71
050,37,143,"North Carolina","Perquimans County",3,32,143,61,82
050,37,143,"North Carolina","Perquimans County",3,33,152,73,79
050,37,143,"North Carolina","Perquimans County",3,34,154,76,78
050,37,143,"North Carolina","Perquimans County",3,35,130,64,66
050,37,143,"North Carolina","Perquimans County",3,36,131,66,65
050,37,143,"North Carolina","Perquimans County",3,37,129,67,62
050,37,143,"North Carolina","Perquimans County",3,38,141,68,73
050,37,143,"North Carolina","Perquimans County",3,39,133,64,69
050,37,143,"North Carolina","Perquimans County",3,40,127,66,61
050,37,143,"North Carolina","Perquimans County",3,41,152,70,82
050,37,143,"North Carolina","Perquimans County",3,42,153,75,78
050,37,143,"North Carolina","Perquimans County",3,43,138,60,78
050,37,143,"North Carolina","Perquimans County",3,44,123,60,63
050,37,143,"North Carolina","Perquimans County",3,45,109,54,55
050,37,143,"North Carolina","Perquimans County",3,46,131,66,65
050,37,143,"North Carolina","Perquimans County",3,47,125,70,55
050,37,143,"North Carolina","Perquimans County",3,48,131,75,56
050,37,143,"North Carolina","Perquimans County",3,49,143,72,71
050,37,143,"North Carolina","Perquimans County",3,50,174,82,92
050,37,143,"North Carolina","Perquimans County",3,51,163,81,82
050,37,143,"North Carolina","Perquimans County",3,52,157,85,72
050,37,143,"North Carolina","Perquimans County",3,53,170,83,87
050,37,143,"North Carolina","Perquimans County",3,54,181,90,91
050,37,143,"North Carolina","Perquimans County",3,55,178,87,91
050,37,143,"North Carolina","Perquimans County",3,56,185,87,98
050,37,143,"North Carolina","Perquimans County",3,57,199,85,114
050,37,143,"North Carolina","Perquimans County",3,58,231,109,122
050,37,143,"North Carolina","Perquimans County",3,59,217,100,117
050,37,143,"North Carolina","Perquimans County",3,60,210,104,106
050,37,143,"North Carolina","Perquimans County",3,61,220,108,112
050,37,143,"North Carolina","Perquimans County",3,62,216,109,107
050,37,143,"North Carolina","Perquimans County",3,63,235,115,120
050,37,143,"North Carolina","Perquimans County",3,64,236,109,127
050,37,143,"North Carolina","Perquimans County",3,65,223,111,112
050,37,143,"North Carolina","Perquimans County",3,66,246,118,128
050,37,143,"North Carolina","Perquimans County",3,67,234,121,113
050,37,143,"North Carolina","Perquimans County",3,68,212,111,101
050,37,143,"North Carolina","Perquimans County",3,69,205,100,105
050,37,143,"North Carolina","Perquimans County",3,70,184,80,104
050,37,143,"North Carolina","Perquimans County",3,71,190,78,112
050,37,143,"North Carolina","Perquimans County",3,72,210,100,110
050,37,143,"North Carolina","Perquimans County",3,73,204,103,101
050,37,143,"North Carolina","Perquimans County",3,74,232,116,116
050,37,143,"North Carolina","Perquimans County",3,75,164,80,84
050,37,143,"North Carolina","Perquimans County",3,76,144,66,78
050,37,143,"North Carolina","Perquimans County",3,77,149,71,78
050,37,143,"North Carolina","Perquimans County",3,78,160,69,91
050,37,143,"North Carolina","Perquimans County",3,79,122,50,72
050,37,143,"North Carolina","Perquimans County",3,80,107,47,60
050,37,143,"North Carolina","Perquimans County",3,81,95,38,57
050,37,143,"North Carolina","Perquimans County",3,82,75,31,44
050,37,143,"North Carolina","Perquimans County",3,83,76,35,41
050,37,143,"North Carolina","Perquimans County",3,84,64,29,35
050,37,143,"North Carolina","Perquimans County",3,85,347,157,190
050,37,143,"North Carolina","Perquimans County",4,0,118,49,69
050,37,143,"North Carolina","Perquimans County",4,1,111,48,63
050,37,143,"North Carolina","Perquimans County",4,2,111,50,61
050,37,143,"North Carolina","Perquimans County",4,3,125,63,62
050,37,143,"North Carolina","Perquimans County",4,4,125,55,70
050,37,143,"North Carolina","Perquimans County",4,5,119,55,64
050,37,143,"North Carolina","Perquimans County",4,6,130,56,74
050,37,143,"North Carolina","Perquimans County",4,7,125,55,70
050,37,143,"North Carolina","Perquimans County",4,8,150,72,78
050,37,143,"North Carolina","Perquimans County",4,9,149,76,73
050,37,143,"North Carolina","Perquimans County",4,10,135,67,68
050,37,143,"North Carolina","Perquimans County",4,11,127,62,65
050,37,143,"North Carolina","Perquimans County",4,12,125,68,57
050,37,143,"North Carolina","Perquimans County",4,13,161,88,73
050,37,143,"North Carolina","Perquimans County",4,14,172,78,94
050,37,143,"North Carolina","Perquimans County",4,15,157,65,92
050,37,143,"North Carolina","Perquimans County",4,16,157,73,84
050,37,143,"North Carolina","Perquimans County",4,17,162,82,80
050,37,143,"North Carolina","Perquimans County",4,18,127,67,60
050,37,143,"North Carolina","Perquimans County",4,19,90,47,43
050,37,143,"North Carolina","Perquimans County",4,20,100,50,50
050,37,143,"North Carolina","Perquimans County",4,21,105,55,50
050,37,143,"North Carolina","Perquimans County",4,22,126,62,64
050,37,143,"North Carolina","Perquimans County",4,23,118,60,58
050,37,143,"North Carolina","Perquimans County",4,24,110,54,56
050,37,143,"North Carolina","Perquimans County",4,25,111,70,41
050,37,143,"North Carolina","Perquimans County",4,26,110,55,55
050,37,143,"North Carolina","Perquimans County",4,27,127,54,73
050,37,143,"North Carolina","Perquimans County",4,28,117,59,58
050,37,143,"North Carolina","Perquimans County",4,29,132,62,70
050,37,143,"North Carolina","Perquimans County",4,30,135,55,80
050,37,143,"North Carolina","Perquimans County",4,31,120,50,70
050,37,143,"North Carolina","Perquimans County",4,32,134,61,73
050,37,143,"North Carolina","Perquimans County",4,33,149,66,83
050,37,143,"North Carolina","Perquimans County",4,34,151,73,78
050,37,143,"North Carolina","Perquimans County",4,35,163,80,83
050,37,143,"North Carolina","Perquimans County",4,36,126,64,62
050,37,143,"North Carolina","Perquimans County",4,37,124,61,63
050,37,143,"North Carolina","Perquimans County",4,38,125,66,59
050,37,143,"North Carolina","Perquimans County",4,39,135,63,72
050,37,143,"North Carolina","Perquimans County",4,40,132,63,69
050,37,143,"North Carolina","Perquimans County",4,41,130,74,56
050,37,143,"North Carolina","Perquimans County",4,42,158,73,85
050,37,143,"North Carolina","Perquimans County",4,43,170,81,89
050,37,143,"North Carolina","Perquimans County",4,44,140,61,79
050,37,143,"North Carolina","Perquimans County",4,45,127,64,63
050,37,143,"North Carolina","Perquimans County",4,46,112,55,57
050,37,143,"North Carolina","Perquimans County",4,47,142,71,71
050,37,143,"North Carolina","Perquimans County",4,48,128,68,60
050,37,143,"North Carolina","Perquimans County",4,49,132,75,57
050,37,143,"North Carolina","Perquimans County",4,50,144,72,72
050,37,143,"North Carolina","Perquimans County",4,51,183,84,99
050,37,143,"North Carolina","Perquimans County",4,52,165,79,86
050,37,143,"North Carolina","Perquimans County",4,53,151,79,72
050,37,143,"North Carolina","Perquimans County",4,54,169,86,83
050,37,143,"North Carolina","Perquimans County",4,55,187,93,94
050,37,143,"North Carolina","Perquimans County",4,56,179,89,90
050,37,143,"North Carolina","Perquimans County",4,57,196,95,101
050,37,143,"North Carolina","Perquimans County",4,58,202,92,110
050,37,143,"North Carolina","Perquimans County",4,59,235,116,119
050,37,143,"North Carolina","Perquimans County",4,60,218,93,125
050,37,143,"North Carolina","Perquimans County",4,61,219,108,111
050,37,143,"North Carolina","Perquimans County",4,62,215,107,108
050,37,143,"North Carolina","Perquimans County",4,63,228,115,113
050,37,143,"North Carolina","Perquimans County",4,64,247,122,125
050,37,143,"North Carolina","Perquimans County",4,65,234,107,127
050,37,143,"North Carolina","Perquimans County",4,66,231,108,123
050,37,143,"North Carolina","Perquimans County",4,67,254,124,130
050,37,143,"North Carolina","Perquimans County",4,68,237,125,112
050,37,143,"North Carolina","Perquimans County",4,69,214,115,99
050,37,143,"North Carolina","Perquimans County",4,70,197,92,105
050,37,143,"North Carolina","Perquimans County",4,71,189,81,108
050,37,143,"North Carolina","Perquimans County",4,72,188,79,109
050,37,143,"North Carolina","Perquimans County",4,73,201,94,107
050,37,143,"North Carolina","Perquimans County",4,74,195,102,93
050,37,143,"North Carolina","Perquimans County",4,75,224,108,116
050,37,143,"North Carolina","Perquimans County",4,76,152,74,78
050,37,143,"North Carolina","Perquimans County",4,77,131,61,70
050,37,143,"North Carolina","Perquimans County",4,78,142,69,73
050,37,143,"North Carolina","Perquimans County",4,79,154,66,88
050,37,143,"North Carolina","Perquimans County",4,80,112,45,67
050,37,143,"North Carolina","Perquimans County",4,81,97,41,56
050,37,143,"North Carolina","Perquimans County",4,82,86,33,53
050,37,143,"North Carolina","Perquimans County",4,83,65,24,41
050,37,143,"North Carolina","Perquimans County",4,84,70,33,37
050,37,143,"North Carolina","Perquimans County",4,85,345,160,185
050,37,143,"North Carolina","Perquimans County",5,0,110,46,64
050,37,143,"North Carolina","Perquimans County",5,1,121,53,68
050,37,143,"North Carolina","Perquimans County",5,2,109,46,63
050,37,143,"North Carolina","Perquimans County",5,3,114,52,62
050,37,143,"North Carolina","Perquimans County",5,4,124,59,65
050,37,143,"North Carolina","Perquimans County",5,5,135,58,77
050,37,143,"North Carolina","Perquimans County",5,6,124,57,67
050,37,143,"North Carolina","Perquimans County",5,7,127,59,68
050,37,143,"North Carolina","Perquimans County",5,8,125,56,69
050,37,143,"North Carolina","Perquimans County",5,9,154,75,79
050,37,143,"North Carolina","Perquimans County",5,10,143,73,70
050,37,143,"North Carolina","Perquimans County",5,11,148,77,71
050,37,143,"North Carolina","Perquimans County",5,12,126,62,64
050,37,143,"North Carolina","Perquimans County",5,13,127,70,57
050,37,143,"North Carolina","Perquimans County",5,14,163,90,73
050,37,143,"North Carolina","Perquimans County",5,15,172,80,92
050,37,143,"North Carolina","Perquimans County",5,16,166,72,94
050,37,143,"North Carolina","Perquimans County",5,17,152,70,82
050,37,143,"North Carolina","Perquimans County",5,18,140,70,70
050,37,143,"North Carolina","Perquimans County",5,19,98,51,47
050,37,143,"North Carolina","Perquimans County",5,20,97,51,46
050,37,143,"North Carolina","Perquimans County",5,21,104,53,51
050,37,143,"North Carolina","Perquimans County",5,22,115,59,56
050,37,143,"North Carolina","Perquimans County",5,23,138,63,75
050,37,143,"North Carolina","Perquimans County",5,24,137,69,68
050,37,143,"North Carolina","Perquimans County",5,25,110,52,58
050,37,143,"North Carolina","Perquimans County",5,26,108,71,37
050,37,143,"North Carolina","Perquimans County",5,27,111,55,56
050,37,143,"North Carolina","Perquimans County",5,28,138,60,78
050,37,143,"North Carolina","Perquimans County",5,29,118,62,56
050,37,143,"North Carolina","Perquimans County",5,30,135,69,66
050,37,143,"North Carolina","Perquimans County",5,31,128,55,73
050,37,143,"North Carolina","Perquimans County",5,32,113,46,67
050,37,143,"North Carolina","Perquimans County",5,33,141,68,73
050,37,143,"North Carolina","Perquimans County",5,34,145,60,85
050,37,143,"North Carolina","Perquimans County",5,35,158,76,82
050,37,143,"North Carolina","Perquimans County",5,36,171,83,88
050,37,143,"North Carolina","Perquimans County",5,37,135,64,71
050,37,143,"North Carolina","Perquimans County",5,38,127,61,66
050,37,143,"North Carolina","Perquimans County",5,39,128,65,63
050,37,143,"North Carolina","Perquimans County",5,40,139,67,72
050,37,143,"North Carolina","Perquimans County",5,41,152,74,78
050,37,143,"North Carolina","Perquimans County",5,42,141,80,61
050,37,143,"North Carolina","Perquimans County",5,43,154,68,86
050,37,143,"North Carolina","Perquimans County",5,44,158,81,77
050,37,143,"North Carolina","Perquimans County",5,45,146,66,80
050,37,143,"North Carolina","Perquimans County",5,46,123,63,60
050,37,143,"North Carolina","Perquimans County",5,47,108,48,60
050,37,143,"North Carolina","Perquimans County",5,48,146,75,71
050,37,143,"North Carolina","Perquimans County",5,49,136,77,59
050,37,143,"North Carolina","Perquimans County",5,50,126,69,57
050,37,143,"North Carolina","Perquimans County",5,51,142,74,68
050,37,143,"North Carolina","Perquimans County",5,52,189,88,101
050,37,143,"North Carolina","Perquimans County",5,53,158,70,88
050,37,143,"North Carolina","Perquimans County",5,54,160,85,75
050,37,143,"North Carolina","Perquimans County",5,55,176,91,85
050,37,143,"North Carolina","Perquimans County",5,56,184,89,95
050,37,143,"North Carolina","Perquimans County",5,57,183,91,92
050,37,143,"North Carolina","Perquimans County",5,58,206,99,107
050,37,143,"North Carolina","Perquimans County",5,59,224,111,113
050,37,143,"North Carolina","Perquimans County",5,60,245,117,128
050,37,143,"North Carolina","Perquimans County",5,61,219,94,125
050,37,143,"North Carolina","Perquimans County",5,62,222,107,115
050,37,143,"North Carolina","Perquimans County",5,63,231,120,111
050,37,143,"North Carolina","Perquimans County",5,64,233,113,120
050,37,143,"North Carolina","Perquimans County",5,65,253,126,127
050,37,143,"North Carolina","Perquimans County",5,66,239,102,137
050,37,143,"North Carolina","Perquimans County",5,67,231,111,120
050,37,143,"North Carolina","Perquimans County",5,68,256,126,130
050,37,143,"North Carolina","Perquimans County",5,69,238,127,111
050,37,143,"North Carolina","Perquimans County",5,70,207,107,100
050,37,143,"North Carolina","Perquimans County",5,71,199,92,107
050,37,143,"North Carolina","Perquimans County",5,72,184,81,103
050,37,143,"North Carolina","Perquimans County",5,73,178,73,105
050,37,143,"North Carolina","Perquimans County",5,74,191,94,97
050,37,143,"North Carolina","Perquimans County",5,75,196,97,99
050,37,143,"North Carolina","Perquimans County",5,76,218,106,112
050,37,143,"North Carolina","Perquimans County",5,77,145,72,73
050,37,143,"North Carolina","Perquimans County",5,78,124,59,65
050,37,143,"North Carolina","Perquimans County",5,79,143,67,76
050,37,143,"North Carolina","Perquimans County",5,80,153,66,87
050,37,143,"North Carolina","Perquimans County",5,81,101,39,62
050,37,143,"North Carolina","Perquimans County",5,82,91,36,55
050,37,143,"North Carolina","Perquimans County",5,83,78,29,49
050,37,143,"North Carolina","Perquimans County",5,84,58,23,35
050,37,143,"North Carolina","Perquimans County",5,85,358,168,190
050,37,145,"North Carolina","Person County",1,0,402,205,197
050,37,145,"North Carolina","Person County",1,1,411,197,214
050,37,145,"North Carolina","Person County",1,2,423,221,202
050,37,145,"North Carolina","Person County",1,3,405,209,196
050,37,145,"North Carolina","Person County",1,4,423,205,218
050,37,145,"North Carolina","Person County",1,5,430,213,217
050,37,145,"North Carolina","Person County",1,6,440,205,235
050,37,145,"North Carolina","Person County",1,7,429,201,228
050,37,145,"North Carolina","Person County",1,8,433,214,219
050,37,145,"North Carolina","Person County",1,9,469,244,225
050,37,145,"North Carolina","Person County",1,10,478,245,233
050,37,145,"North Carolina","Person County",1,11,500,259,241
050,37,145,"North Carolina","Person County",1,12,482,246,236
050,37,145,"North Carolina","Person County",1,13,472,241,231
050,37,145,"North Carolina","Person County",1,14,479,236,243
050,37,145,"North Carolina","Person County",1,15,469,248,221
050,37,145,"North Carolina","Person County",1,16,500,271,229
050,37,145,"North Carolina","Person County",1,17,502,270,232
050,37,145,"North Carolina","Person County",1,18,441,244,197
050,37,145,"North Carolina","Person County",1,19,378,206,172
050,37,145,"North Carolina","Person County",1,20,400,211,189
050,37,145,"North Carolina","Person County",1,21,391,193,198
050,37,145,"North Carolina","Person County",1,22,413,186,227
050,37,145,"North Carolina","Person County",1,23,419,208,211
050,37,145,"North Carolina","Person County",1,24,436,221,215
050,37,145,"North Carolina","Person County",1,25,452,235,217
050,37,145,"North Carolina","Person County",1,26,493,232,261
050,37,145,"North Carolina","Person County",1,27,430,218,212
050,37,145,"North Carolina","Person County",1,28,477,235,242
050,37,145,"North Carolina","Person County",1,29,482,244,238
050,37,145,"North Carolina","Person County",1,30,460,226,234
050,37,145,"North Carolina","Person County",1,31,443,225,218
050,37,145,"North Carolina","Person County",1,32,398,196,202
050,37,145,"North Carolina","Person County",1,33,432,219,213
050,37,145,"North Carolina","Person County",1,34,429,212,217
050,37,145,"North Carolina","Person County",1,35,420,205,215
050,37,145,"North Carolina","Person County",1,36,412,200,212
050,37,145,"North Carolina","Person County",1,37,396,203,193
050,37,145,"North Carolina","Person County",1,38,406,202,204
050,37,145,"North Carolina","Person County",1,39,443,227,216
050,37,145,"North Carolina","Person County",1,40,460,228,232
050,37,145,"North Carolina","Person County",1,41,434,225,209
050,37,145,"North Carolina","Person County",1,42,420,207,213
050,37,145,"North Carolina","Person County",1,43,441,220,221
050,37,145,"North Carolina","Person County",1,44,439,210,229
050,37,145,"North Carolina","Person County",1,45,475,235,240
050,37,145,"North Carolina","Person County",1,46,506,242,264
050,37,145,"North Carolina","Person County",1,47,515,250,265
050,37,145,"North Carolina","Person County",1,48,580,285,295
050,37,145,"North Carolina","Person County",1,49,579,282,297
050,37,145,"North Carolina","Person County",1,50,549,252,297
050,37,145,"North Carolina","Person County",1,51,531,255,276
050,37,145,"North Carolina","Person County",1,52,509,256,253
050,37,145,"North Carolina","Person County",1,53,500,259,241
050,37,145,"North Carolina","Person County",1,54,564,279,285
050,37,145,"North Carolina","Person County",1,55,616,309,307
050,37,145,"North Carolina","Person County",1,56,607,289,318
050,37,145,"North Carolina","Person County",1,57,626,301,325
050,37,145,"North Carolina","Person County",1,58,628,313,315
050,37,145,"North Carolina","Person County",1,59,612,323,289
050,37,145,"North Carolina","Person County",1,60,629,310,319
050,37,145,"North Carolina","Person County",1,61,637,289,348
050,37,145,"North Carolina","Person County",1,62,655,320,335
050,37,145,"North Carolina","Person County",1,63,629,308,321
050,37,145,"North Carolina","Person County",1,64,616,300,316
050,37,145,"North Carolina","Person County",1,65,547,260,287
050,37,145,"North Carolina","Person County",1,66,569,264,305
050,37,145,"North Carolina","Person County",1,67,537,257,280
050,37,145,"North Carolina","Person County",1,68,490,218,272
050,37,145,"North Carolina","Person County",1,69,464,212,252
050,37,145,"North Carolina","Person County",1,70,454,200,254
050,37,145,"North Carolina","Person County",1,71,470,217,253
050,37,145,"North Carolina","Person County",1,72,451,208,243
050,37,145,"North Carolina","Person County",1,73,434,201,233
050,37,145,"North Carolina","Person County",1,74,323,154,169
050,37,145,"North Carolina","Person County",1,75,321,158,163
050,37,145,"North Carolina","Person County",1,76,294,141,153
050,37,145,"North Carolina","Person County",1,77,288,122,166
050,37,145,"North Carolina","Person County",1,78,247,100,147
050,37,145,"North Carolina","Person County",1,79,230,102,128
050,37,145,"North Carolina","Person County",1,80,201,91,110
050,37,145,"North Carolina","Person County",1,81,192,80,112
050,37,145,"North Carolina","Person County",1,82,182,71,111
050,37,145,"North Carolina","Person County",1,83,168,75,93
050,37,145,"North Carolina","Person County",1,84,121,52,69
050,37,145,"North Carolina","Person County",1,85,750,233,517
050,37,145,"North Carolina","Person County",2,0,412,205,207
050,37,145,"North Carolina","Person County",2,1,411,200,211
050,37,145,"North Carolina","Person County",2,2,423,216,207
050,37,145,"North Carolina","Person County",2,3,410,211,199
050,37,145,"North Carolina","Person County",2,4,419,208,211
050,37,145,"North Carolina","Person County",2,5,430,211,219
050,37,145,"North Carolina","Person County",2,6,442,208,234
050,37,145,"North Carolina","Person County",2,7,435,202,233
050,37,145,"North Carolina","Person County",2,8,431,210,221
050,37,145,"North Carolina","Person County",2,9,460,236,224
050,37,145,"North Carolina","Person County",2,10,478,246,232
050,37,145,"North Carolina","Person County",2,11,491,254,237
050,37,145,"North Carolina","Person County",2,12,488,250,238
050,37,145,"North Carolina","Person County",2,13,476,242,234
050,37,145,"North Carolina","Person County",2,14,479,239,240
050,37,145,"North Carolina","Person County",2,15,474,246,228
050,37,145,"North Carolina","Person County",2,16,493,266,227
050,37,145,"North Carolina","Person County",2,17,499,269,230
050,37,145,"North Carolina","Person County",2,18,438,241,197
050,37,145,"North Carolina","Person County",2,19,378,206,172
050,37,145,"North Carolina","Person County",2,20,405,213,192
050,37,145,"North Carolina","Person County",2,21,399,198,201
050,37,145,"North Carolina","Person County",2,22,413,190,223
050,37,145,"North Carolina","Person County",2,23,422,206,216
050,37,145,"North Carolina","Person County",2,24,434,221,213
050,37,145,"North Carolina","Person County",2,25,454,233,221
050,37,145,"North Carolina","Person County",2,26,486,233,253
050,37,145,"North Carolina","Person County",2,27,449,221,228
050,37,145,"North Carolina","Person County",2,28,466,231,235
050,37,145,"North Carolina","Person County",2,29,483,242,241
050,37,145,"North Carolina","Person County",2,30,471,232,239
050,37,145,"North Carolina","Person County",2,31,446,225,221
050,37,145,"North Carolina","Person County",2,32,407,201,206
050,37,145,"North Carolina","Person County",2,33,425,216,209
050,37,145,"North Carolina","Person County",2,34,430,215,215
050,37,145,"North Carolina","Person County",2,35,432,212,220
050,37,145,"North Carolina","Person County",2,36,415,202,213
050,37,145,"North Carolina","Person County",2,37,403,205,198
050,37,145,"North Carolina","Person County",2,38,408,204,204
050,37,145,"North Carolina","Person County",2,39,435,221,214
050,37,145,"North Carolina","Person County",2,40,461,233,228
050,37,145,"North Carolina","Person County",2,41,440,225,215
050,37,145,"North Carolina","Person County",2,42,420,210,210
050,37,145,"North Carolina","Person County",2,43,445,221,224
050,37,145,"North Carolina","Person County",2,44,435,209,226
050,37,145,"North Carolina","Person County",2,45,467,228,239
050,37,145,"North Carolina","Person County",2,46,497,241,256
050,37,145,"North Carolina","Person County",2,47,507,245,262
050,37,145,"North Carolina","Person County",2,48,568,279,289
050,37,145,"North Carolina","Person County",2,49,582,284,298
050,37,145,"North Carolina","Person County",2,50,559,259,300
050,37,145,"North Carolina","Person County",2,51,534,253,281
050,37,145,"North Carolina","Person County",2,52,513,256,257
050,37,145,"North Carolina","Person County",2,53,503,257,246
050,37,145,"North Carolina","Person County",2,54,552,276,276
050,37,145,"North Carolina","Person County",2,55,601,299,302
050,37,145,"North Carolina","Person County",2,56,612,294,318
050,37,145,"North Carolina","Person County",2,57,623,300,323
050,37,145,"North Carolina","Person County",2,58,628,311,317
050,37,145,"North Carolina","Person County",2,59,619,322,297
050,37,145,"North Carolina","Person County",2,60,625,313,312
050,37,145,"North Carolina","Person County",2,61,634,295,339
050,37,145,"North Carolina","Person County",2,62,647,310,337
050,37,145,"North Carolina","Person County",2,63,640,313,327
050,37,145,"North Carolina","Person County",2,64,616,301,315
050,37,145,"North Carolina","Person County",2,65,564,270,294
050,37,145,"North Carolina","Person County",2,66,569,266,303
050,37,145,"North Carolina","Person County",2,67,538,257,281
050,37,145,"North Carolina","Person County",2,68,497,224,273
050,37,145,"North Carolina","Person County",2,69,470,213,257
050,37,145,"North Carolina","Person County",2,70,453,198,255
050,37,145,"North Carolina","Person County",2,71,460,210,250
050,37,145,"North Carolina","Person County",2,72,449,208,241
050,37,145,"North Carolina","Person County",2,73,457,211,246
050,37,145,"North Carolina","Person County",2,74,323,150,173
050,37,145,"North Carolina","Person County",2,75,323,158,165
050,37,145,"North Carolina","Person County",2,76,298,145,153
050,37,145,"North Carolina","Person County",2,77,296,130,166
050,37,145,"North Carolina","Person County",2,78,251,103,148
050,37,145,"North Carolina","Person County",2,79,233,101,132
050,37,145,"North Carolina","Person County",2,80,206,94,112
050,37,145,"North Carolina","Person County",2,81,187,79,108
050,37,145,"North Carolina","Person County",2,82,184,72,112
050,37,145,"North Carolina","Person County",2,83,170,73,97
050,37,145,"North Carolina","Person County",2,84,129,56,73
050,37,145,"North Carolina","Person County",2,85,752,236,516
050,37,145,"North Carolina","Person County",3,0,442,217,225
050,37,145,"North Carolina","Person County",3,1,407,210,197
050,37,145,"North Carolina","Person County",3,2,410,203,207
050,37,145,"North Carolina","Person County",3,3,426,224,202
050,37,145,"North Carolina","Person County",3,4,414,206,208
050,37,145,"North Carolina","Person County",3,5,415,211,204
050,37,145,"North Carolina","Person County",3,6,443,214,229
050,37,145,"North Carolina","Person County",3,7,453,220,233
050,37,145,"North Carolina","Person County",3,8,437,204,233
050,37,145,"North Carolina","Person County",3,9,442,210,232
050,37,145,"North Carolina","Person County",3,10,461,234,227
050,37,145,"North Carolina","Person County",3,11,468,236,232
050,37,145,"North Carolina","Person County",3,12,491,250,241
050,37,145,"North Carolina","Person County",3,13,481,254,227
050,37,145,"North Carolina","Person County",3,14,472,237,235
050,37,145,"North Carolina","Person County",3,15,487,243,244
050,37,145,"North Carolina","Person County",3,16,473,245,228
050,37,145,"North Carolina","Person County",3,17,493,260,233
050,37,145,"North Carolina","Person County",3,18,427,241,186
050,37,145,"North Carolina","Person County",3,19,351,195,156
050,37,145,"North Carolina","Person County",3,20,404,226,178
050,37,145,"North Carolina","Person County",3,21,420,217,203
050,37,145,"North Carolina","Person County",3,22,414,201,213
050,37,145,"North Carolina","Person County",3,23,418,196,222
050,37,145,"North Carolina","Person County",3,24,438,222,216
050,37,145,"North Carolina","Person County",3,25,438,215,223
050,37,145,"North Carolina","Person County",3,26,459,232,227
050,37,145,"North Carolina","Person County",3,27,510,250,260
050,37,145,"North Carolina","Person County",3,28,454,223,231
050,37,145,"North Carolina","Person County",3,29,469,227,242
050,37,145,"North Carolina","Person County",3,30,499,253,246
050,37,145,"North Carolina","Person County",3,31,483,239,244
050,37,145,"North Carolina","Person County",3,32,432,214,218
050,37,145,"North Carolina","Person County",3,33,421,215,206
050,37,145,"North Carolina","Person County",3,34,424,213,211
050,37,145,"North Carolina","Person County",3,35,438,221,217
050,37,145,"North Carolina","Person County",3,36,435,212,223
050,37,145,"North Carolina","Person County",3,37,402,197,205
050,37,145,"North Carolina","Person County",3,38,406,202,204
050,37,145,"North Carolina","Person County",3,39,422,215,207
050,37,145,"North Carolina","Person County",3,40,425,218,207
050,37,145,"North Carolina","Person County",3,41,447,225,222
050,37,145,"North Carolina","Person County",3,42,421,214,207
050,37,145,"North Carolina","Person County",3,43,420,211,209
050,37,145,"North Carolina","Person County",3,44,438,209,229
050,37,145,"North Carolina","Person County",3,45,431,204,227
050,37,145,"North Carolina","Person County",3,46,470,235,235
050,37,145,"North Carolina","Person County",3,47,487,237,250
050,37,145,"North Carolina","Person County",3,48,521,250,271
050,37,145,"North Carolina","Person County",3,49,569,290,279
050,37,145,"North Carolina","Person County",3,50,588,280,308
050,37,145,"North Carolina","Person County",3,51,562,260,302
050,37,145,"North Carolina","Person County",3,52,536,254,282
050,37,145,"North Carolina","Person County",3,53,526,261,265
050,37,145,"North Carolina","Person County",3,54,508,259,249
050,37,145,"North Carolina","Person County",3,55,540,265,275
050,37,145,"North Carolina","Person County",3,56,588,291,297
050,37,145,"North Carolina","Person County",3,57,601,293,308
050,37,145,"North Carolina","Person County",3,58,627,296,331
050,37,145,"North Carolina","Person County",3,59,635,309,326
050,37,145,"North Carolina","Person County",3,60,629,327,302
050,37,145,"North Carolina","Person County",3,61,618,311,307
050,37,145,"North Carolina","Person County",3,62,616,286,330
050,37,145,"North Carolina","Person County",3,63,643,306,337
050,37,145,"North Carolina","Person County",3,64,633,310,323
050,37,145,"North Carolina","Person County",3,65,610,292,318
050,37,145,"North Carolina","Person County",3,66,538,251,287
050,37,145,"North Carolina","Person County",3,67,563,260,303
050,37,145,"North Carolina","Person County",3,68,529,252,277
050,37,145,"North Carolina","Person County",3,69,482,215,267
050,37,145,"North Carolina","Person County",3,70,459,200,259
050,37,145,"North Carolina","Person County",3,71,438,195,243
050,37,145,"North Carolina","Person County",3,72,440,199,241
050,37,145,"North Carolina","Person County",3,73,432,195,237
050,37,145,"North Carolina","Person County",3,74,452,209,243
050,37,145,"North Carolina","Person County",3,75,314,140,174
050,37,145,"North Carolina","Person County",3,76,307,149,158
050,37,145,"North Carolina","Person County",3,77,284,137,147
050,37,145,"North Carolina","Person County",3,78,284,126,158
050,37,145,"North Carolina","Person County",3,79,240,99,141
050,37,145,"North Carolina","Person County",3,80,211,90,121
050,37,145,"North Carolina","Person County",3,81,186,89,97
050,37,145,"North Carolina","Person County",3,82,173,68,105
050,37,145,"North Carolina","Person County",3,83,163,65,98
050,37,145,"North Carolina","Person County",3,84,147,64,83
050,37,145,"North Carolina","Person County",3,85,738,238,500
050,37,145,"North Carolina","Person County",4,0,419,209,210
050,37,145,"North Carolina","Person County",4,1,456,214,242
050,37,145,"North Carolina","Person County",4,2,403,210,193
050,37,145,"North Carolina","Person County",4,3,414,203,211
050,37,145,"North Carolina","Person County",4,4,440,234,206
050,37,145,"North Carolina","Person County",4,5,418,202,216
050,37,145,"North Carolina","Person County",4,6,423,211,212
050,37,145,"North Carolina","Person County",4,7,444,211,233
050,37,145,"North Carolina","Person County",4,8,468,228,240
050,37,145,"North Carolina","Person County",4,9,457,218,239
050,37,145,"North Carolina","Person County",4,10,444,212,232
050,37,145,"North Carolina","Person County",4,11,474,241,233
050,37,145,"North Carolina","Person County",4,12,477,240,237
050,37,145,"North Carolina","Person County",4,13,486,251,235
050,37,145,"North Carolina","Person County",4,14,492,250,242
050,37,145,"North Carolina","Person County",4,15,462,228,234
050,37,145,"North Carolina","Person County",4,16,495,249,246
050,37,145,"North Carolina","Person County",4,17,474,246,228
050,37,145,"North Carolina","Person County",4,18,414,224,190
050,37,145,"North Carolina","Person County",4,19,344,192,152
050,37,145,"North Carolina","Person County",4,20,369,204,165
050,37,145,"North Carolina","Person County",4,21,410,225,185
050,37,145,"North Carolina","Person County",4,22,422,207,215
050,37,145,"North Carolina","Person County",4,23,452,220,232
050,37,145,"North Carolina","Person County",4,24,425,209,216
050,37,145,"North Carolina","Person County",4,25,439,215,224
050,37,145,"North Carolina","Person County",4,26,446,227,219
050,37,145,"North Carolina","Person County",4,27,473,242,231
050,37,145,"North Carolina","Person County",4,28,520,250,270
050,37,145,"North Carolina","Person County",4,29,461,220,241
050,37,145,"North Carolina","Person County",4,30,476,228,248
050,37,145,"North Carolina","Person County",4,31,508,256,252
050,37,145,"North Carolina","Person County",4,32,472,238,234
050,37,145,"North Carolina","Person County",4,33,443,221,222
050,37,145,"North Carolina","Person County",4,34,429,218,211
050,37,145,"North Carolina","Person County",4,35,452,223,229
050,37,145,"North Carolina","Person County",4,36,430,221,209
050,37,145,"North Carolina","Person County",4,37,440,219,221
050,37,145,"North Carolina","Person County",4,38,407,193,214
050,37,145,"North Carolina","Person County",4,39,426,215,211
050,37,145,"North Carolina","Person County",4,40,412,209,203
050,37,145,"North Carolina","Person County",4,41,417,212,205
050,37,145,"North Carolina","Person County",4,42,451,228,223
050,37,145,"North Carolina","Person County",4,43,449,220,229
050,37,145,"North Carolina","Person County",4,44,424,214,210
050,37,145,"North Carolina","Person County",4,45,447,211,236
050,37,145,"North Carolina","Person County",4,46,436,212,224
050,37,145,"North Carolina","Person County",4,47,467,227,240
050,37,145,"North Carolina","Person County",4,48,500,244,256
050,37,145,"North Carolina","Person County",4,49,525,258,267
050,37,145,"North Carolina","Person County",4,50,569,287,282
050,37,145,"North Carolina","Person County",4,51,580,274,306
050,37,145,"North Carolina","Person County",4,52,557,260,297
050,37,145,"North Carolina","Person County",4,53,537,255,282
050,37,145,"North Carolina","Person County",4,54,538,263,275
050,37,145,"North Carolina","Person County",4,55,504,262,242
050,37,145,"North Carolina","Person County",4,56,539,264,275
050,37,145,"North Carolina","Person County",4,57,580,289,291
050,37,145,"North Carolina","Person County",4,58,614,306,308
050,37,145,"North Carolina","Person County",4,59,622,290,332
050,37,145,"North Carolina","Person County",4,60,634,305,329
050,37,145,"North Carolina","Person County",4,61,618,323,295
050,37,145,"North Carolina","Person County",4,62,616,307,309
050,37,145,"North Carolina","Person County",4,63,632,296,336
050,37,145,"North Carolina","Person County",4,64,630,297,333
050,37,145,"North Carolina","Person County",4,65,632,305,327
050,37,145,"North Carolina","Person County",4,66,593,278,315
050,37,145,"North Carolina","Person County",4,67,521,240,281
050,37,145,"North Carolina","Person County",4,68,551,249,302
050,37,145,"North Carolina","Person County",4,69,515,242,273
050,37,145,"North Carolina","Person County",4,70,485,218,267
050,37,145,"North Carolina","Person County",4,71,440,195,245
050,37,145,"North Carolina","Person County",4,72,427,189,238
050,37,145,"North Carolina","Person County",4,73,426,189,237
050,37,145,"North Carolina","Person County",4,74,423,191,232
050,37,145,"North Carolina","Person County",4,75,444,199,245
050,37,145,"North Carolina","Person County",4,76,300,137,163
050,37,145,"North Carolina","Person County",4,77,299,141,158
050,37,145,"North Carolina","Person County",4,78,263,125,138
050,37,145,"North Carolina","Person County",4,79,274,125,149
050,37,145,"North Carolina","Person County",4,80,221,88,133
050,37,145,"North Carolina","Person County",4,81,196,85,111
050,37,145,"North Carolina","Person County",4,82,177,83,94
050,37,145,"North Carolina","Person County",4,83,154,61,93
050,37,145,"North Carolina","Person County",4,84,142,55,87
050,37,145,"North Carolina","Person County",4,85,758,251,507
050,37,145,"North Carolina","Person County",5,0,418,209,209
050,37,145,"North Carolina","Person County",5,1,434,228,206
050,37,145,"North Carolina","Person County",5,2,456,214,242
050,37,145,"North Carolina","Person County",5,3,412,217,195
050,37,145,"North Carolina","Person County",5,4,428,207,221
050,37,145,"North Carolina","Person County",5,5,446,236,210
050,37,145,"North Carolina","Person County",5,6,424,208,216
050,37,145,"North Carolina","Person County",5,7,434,219,215
050,37,145,"North Carolina","Person County",5,8,455,220,235
050,37,145,"North Carolina","Person County",5,9,481,239,242
050,37,145,"North Carolina","Person County",5,10,450,212,238
050,37,145,"North Carolina","Person County",5,11,441,213,228
050,37,145,"North Carolina","Person County",5,12,487,244,243
050,37,145,"North Carolina","Person County",5,13,476,234,242
050,37,145,"North Carolina","Person County",5,14,494,258,236
050,37,145,"North Carolina","Person County",5,15,501,258,243
050,37,145,"North Carolina","Person County",5,16,459,226,233
050,37,145,"North Carolina","Person County",5,17,500,251,249
050,37,145,"North Carolina","Person County",5,18,396,210,186
050,37,145,"North Carolina","Person County",5,19,345,190,155
050,37,145,"North Carolina","Person County",5,20,386,209,177
050,37,145,"North Carolina","Person County",5,21,404,217,187
050,37,145,"North Carolina","Person County",5,22,432,229,203
050,37,145,"North Carolina","Person County",5,23,451,226,225
050,37,145,"North Carolina","Person County",5,24,466,226,240
050,37,145,"North Carolina","Person County",5,25,443,214,229
050,37,145,"North Carolina","Person County",5,26,452,216,236
050,37,145,"North Carolina","Person County",5,27,446,220,226
050,37,145,"North Carolina","Person County",5,28,482,243,239
050,37,145,"North Carolina","Person County",5,29,512,246,266
050,37,145,"North Carolina","Person County",5,30,466,225,241
050,37,145,"North Carolina","Person County",5,31,498,246,252
050,37,145,"North Carolina","Person County",5,32,513,258,255
050,37,145,"North Carolina","Person County",5,33,475,238,237
050,37,145,"North Carolina","Person County",5,34,448,222,226
050,37,145,"North Carolina","Person County",5,35,447,218,229
050,37,145,"North Carolina","Person County",5,36,465,235,230
050,37,145,"North Carolina","Person County",5,37,425,221,204
050,37,145,"North Carolina","Person County",5,38,456,218,238
050,37,145,"North Carolina","Person County",5,39,407,195,212
050,37,145,"North Carolina","Person County",5,40,421,213,208
050,37,145,"North Carolina","Person County",5,41,416,202,214
050,37,145,"North Carolina","Person County",5,42,420,215,205
050,37,145,"North Carolina","Person County",5,43,460,225,235
050,37,145,"North Carolina","Person County",5,44,441,215,226
050,37,145,"North Carolina","Person County",5,45,427,213,214
050,37,145,"North Carolina","Person County",5,46,453,214,239
050,37,145,"North Carolina","Person County",5,47,441,219,222
050,37,145,"North Carolina","Person County",5,48,464,225,239
050,37,145,"North Carolina","Person County",5,49,522,256,266
050,37,145,"North Carolina","Person County",5,50,521,254,267
050,37,145,"North Carolina","Person County",5,51,576,286,290
050,37,145,"North Carolina","Person County",5,52,582,275,307
050,37,145,"North Carolina","Person County",5,53,554,260,294
050,37,145,"North Carolina","Person County",5,54,553,263,290
050,37,145,"North Carolina","Person County",5,55,527,256,271
050,37,145,"North Carolina","Person County",5,56,509,258,251
050,37,145,"North Carolina","Person County",5,57,544,273,271
050,37,145,"North Carolina","Person County",5,58,584,292,292
050,37,145,"North Carolina","Person County",5,59,603,303,300
050,37,145,"North Carolina","Person County",5,60,642,292,350
050,37,145,"North Carolina","Person County",5,61,634,306,328
050,37,145,"North Carolina","Person County",5,62,636,333,303
050,37,145,"North Carolina","Person County",5,63,626,311,315
050,37,145,"North Carolina","Person County",5,64,628,291,337
050,37,145,"North Carolina","Person County",5,65,635,303,332
050,37,145,"North Carolina","Person County",5,66,618,295,323
050,37,145,"North Carolina","Person County",5,67,583,274,309
050,37,145,"North Carolina","Person County",5,68,519,240,279
050,37,145,"North Carolina","Person County",5,69,544,244,300
050,37,145,"North Carolina","Person County",5,70,504,236,268
050,37,145,"North Carolina","Person County",5,71,475,213,262
050,37,145,"North Carolina","Person County",5,72,427,186,241
050,37,145,"North Carolina","Person County",5,73,419,187,232
050,37,145,"North Carolina","Person County",5,74,411,181,230
050,37,145,"North Carolina","Person County",5,75,417,184,233
050,37,145,"North Carolina","Person County",5,76,429,199,230
050,37,145,"North Carolina","Person County",5,77,287,127,160
050,37,145,"North Carolina","Person County",5,78,280,133,147
050,37,145,"North Carolina","Person County",5,79,251,121,130
050,37,145,"North Carolina","Person County",5,80,261,116,145
050,37,145,"North Carolina","Person County",5,81,206,84,122
050,37,145,"North Carolina","Person County",5,82,188,78,110
050,37,145,"North Carolina","Person County",5,83,161,76,85
050,37,145,"North Carolina","Person County",5,84,139,56,83
050,37,145,"North Carolina","Person County",5,85,788,263,525
050,37,147,"North Carolina","Pitt County",1,0,1931,979,952
050,37,147,"North Carolina","Pitt County",1,1,1916,961,955
050,37,147,"North Carolina","Pitt County",1,2,1901,986,915
050,37,147,"North Carolina","Pitt County",1,3,1923,937,986
050,37,147,"North Carolina","Pitt County",1,4,1967,988,979
050,37,147,"North Carolina","Pitt County",1,5,1969,1000,969
050,37,147,"North Carolina","Pitt County",1,6,1978,999,979
050,37,147,"North Carolina","Pitt County",1,7,2012,1039,973
050,37,147,"North Carolina","Pitt County",1,8,1964,1003,961
050,37,147,"North Carolina","Pitt County",1,9,1982,1033,949
050,37,147,"North Carolina","Pitt County",1,10,2170,1136,1034
050,37,147,"North Carolina","Pitt County",1,11,2227,1148,1079
050,37,147,"North Carolina","Pitt County",1,12,2254,1172,1082
050,37,147,"North Carolina","Pitt County",1,13,2209,1156,1053
050,37,147,"North Carolina","Pitt County",1,14,2130,1101,1029
050,37,147,"North Carolina","Pitt County",1,15,2133,1097,1036
050,37,147,"North Carolina","Pitt County",1,16,2114,1097,1017
050,37,147,"North Carolina","Pitt County",1,17,2060,1080,980
050,37,147,"North Carolina","Pitt County",1,18,3129,1457,1672
050,37,147,"North Carolina","Pitt County",1,19,4223,1914,2309
050,37,147,"North Carolina","Pitt County",1,20,4676,2045,2631
050,37,147,"North Carolina","Pitt County",1,21,4547,2019,2528
050,37,147,"North Carolina","Pitt County",1,22,4657,2267,2390
050,37,147,"North Carolina","Pitt County",1,23,3985,1908,2077
050,37,147,"North Carolina","Pitt County",1,24,3079,1477,1602
050,37,147,"North Carolina","Pitt County",1,25,2778,1286,1492
050,37,147,"North Carolina","Pitt County",1,26,2500,1240,1260
050,37,147,"North Carolina","Pitt County",1,27,2410,1093,1317
050,37,147,"North Carolina","Pitt County",1,28,2518,1189,1329
050,37,147,"North Carolina","Pitt County",1,29,2457,1167,1290
050,37,147,"North Carolina","Pitt County",1,30,2408,1168,1240
050,37,147,"North Carolina","Pitt County",1,31,2210,1089,1121
050,37,147,"North Carolina","Pitt County",1,32,2098,1007,1091
050,37,147,"North Carolina","Pitt County",1,33,1909,893,1016
050,37,147,"North Carolina","Pitt County",1,34,2047,963,1084
050,37,147,"North Carolina","Pitt County",1,35,2027,963,1064
050,37,147,"North Carolina","Pitt County",1,36,2055,969,1086
050,37,147,"North Carolina","Pitt County",1,37,2057,973,1084
050,37,147,"North Carolina","Pitt County",1,38,2070,940,1130
050,37,147,"North Carolina","Pitt County",1,39,2066,954,1112
050,37,147,"North Carolina","Pitt County",1,40,2013,979,1034
050,37,147,"North Carolina","Pitt County",1,41,2056,957,1099
050,37,147,"North Carolina","Pitt County",1,42,2034,952,1082
050,37,147,"North Carolina","Pitt County",1,43,1968,934,1034
050,37,147,"North Carolina","Pitt County",1,44,1859,847,1012
050,37,147,"North Carolina","Pitt County",1,45,1836,840,996
050,37,147,"North Carolina","Pitt County",1,46,1841,862,979
050,37,147,"North Carolina","Pitt County",1,47,1868,868,1000
050,37,147,"North Carolina","Pitt County",1,48,1978,964,1014
050,37,147,"North Carolina","Pitt County",1,49,2073,978,1095
050,37,147,"North Carolina","Pitt County",1,50,1963,910,1053
050,37,147,"North Carolina","Pitt County",1,51,1879,886,993
050,37,147,"North Carolina","Pitt County",1,52,1859,918,941
050,37,147,"North Carolina","Pitt County",1,53,1773,837,936
050,37,147,"North Carolina","Pitt County",1,54,1797,842,955
050,37,147,"North Carolina","Pitt County",1,55,1958,910,1048
050,37,147,"North Carolina","Pitt County",1,56,1902,873,1029
050,37,147,"North Carolina","Pitt County",1,57,1934,858,1076
050,37,147,"North Carolina","Pitt County",1,58,1920,903,1017
050,37,147,"North Carolina","Pitt County",1,59,1930,913,1017
050,37,147,"North Carolina","Pitt County",1,60,1905,846,1059
050,37,147,"North Carolina","Pitt County",1,61,1905,872,1033
050,37,147,"North Carolina","Pitt County",1,62,1901,833,1068
050,37,147,"North Carolina","Pitt County",1,63,1931,875,1056
050,37,147,"North Carolina","Pitt County",1,64,1880,843,1037
050,37,147,"North Carolina","Pitt County",1,65,1708,783,925
050,37,147,"North Carolina","Pitt County",1,66,1768,794,974
050,37,147,"North Carolina","Pitt County",1,67,1634,733,901
050,37,147,"North Carolina","Pitt County",1,68,1556,716,840
050,37,147,"North Carolina","Pitt County",1,69,1471,682,789
050,37,147,"North Carolina","Pitt County",1,70,1474,675,799
050,37,147,"North Carolina","Pitt County",1,71,1386,647,739
050,37,147,"North Carolina","Pitt County",1,72,1369,601,768
050,37,147,"North Carolina","Pitt County",1,73,1309,591,718
050,37,147,"North Carolina","Pitt County",1,74,920,425,495
050,37,147,"North Carolina","Pitt County",1,75,887,400,487
050,37,147,"North Carolina","Pitt County",1,76,858,391,467
050,37,147,"North Carolina","Pitt County",1,77,824,381,443
050,37,147,"North Carolina","Pitt County",1,78,688,305,383
050,37,147,"North Carolina","Pitt County",1,79,654,283,371
050,37,147,"North Carolina","Pitt County",1,80,631,270,361
050,37,147,"North Carolina","Pitt County",1,81,542,213,329
050,37,147,"North Carolina","Pitt County",1,82,488,189,299
050,37,147,"North Carolina","Pitt County",1,83,462,177,285
050,37,147,"North Carolina","Pitt County",1,84,442,159,283
050,37,147,"North Carolina","Pitt County",1,85,2462,756,1706
050,37,147,"North Carolina","Pitt County",2,0,1881,947,934
050,37,147,"North Carolina","Pitt County",2,1,1914,964,950
050,37,147,"North Carolina","Pitt County",2,2,1912,981,931
050,37,147,"North Carolina","Pitt County",2,3,1916,950,966
050,37,147,"North Carolina","Pitt County",2,4,1954,976,978
050,37,147,"North Carolina","Pitt County",2,5,1977,1002,975
050,37,147,"North Carolina","Pitt County",2,6,1984,1005,979
050,37,147,"North Carolina","Pitt County",2,7,2001,1027,974
050,37,147,"North Carolina","Pitt County",2,8,1974,1013,961
050,37,147,"North Carolina","Pitt County",2,9,1984,1030,954
050,37,147,"North Carolina","Pitt County",2,10,2129,1116,1013
050,37,147,"North Carolina","Pitt County",2,11,2211,1144,1067
050,37,147,"North Carolina","Pitt County",2,12,2257,1172,1085
050,37,147,"North Carolina","Pitt County",2,13,2222,1160,1062
050,37,147,"North Carolina","Pitt County",2,14,2152,1116,1036
050,37,147,"North Carolina","Pitt County",2,15,2136,1099,1037
050,37,147,"North Carolina","Pitt County",2,16,2126,1099,1027
050,37,147,"North Carolina","Pitt County",2,17,2082,1089,993
050,37,147,"North Carolina","Pitt County",2,18,3050,1431,1619
050,37,147,"North Carolina","Pitt County",2,19,4146,1875,2271
050,37,147,"North Carolina","Pitt County",2,20,4707,2065,2642
050,37,147,"North Carolina","Pitt County",2,21,4544,2023,2521
050,37,147,"North Carolina","Pitt County",2,22,4675,2283,2392
050,37,147,"North Carolina","Pitt County",2,23,3994,1906,2088
050,37,147,"North Carolina","Pitt County",2,24,3043,1466,1577
050,37,147,"North Carolina","Pitt County",2,25,2779,1290,1489
050,37,147,"North Carolina","Pitt County",2,26,2511,1233,1278
050,37,147,"North Carolina","Pitt County",2,27,2387,1106,1281
050,37,147,"North Carolina","Pitt County",2,28,2492,1163,1329
050,37,147,"North Carolina","Pitt County",2,29,2471,1172,1299
050,37,147,"North Carolina","Pitt County",2,30,2424,1168,1256
050,37,147,"North Carolina","Pitt County",2,31,2256,1106,1150
050,37,147,"North Carolina","Pitt County",2,32,2107,1014,1093
050,37,147,"North Carolina","Pitt County",2,33,1959,922,1037
050,37,147,"North Carolina","Pitt County",2,34,2013,947,1066
050,37,147,"North Carolina","Pitt County",2,35,2043,971,1072
050,37,147,"North Carolina","Pitt County",2,36,2024,956,1068
050,37,147,"North Carolina","Pitt County",2,37,2060,974,1086
050,37,147,"North Carolina","Pitt County",2,38,2075,943,1132
050,37,147,"North Carolina","Pitt County",2,39,2060,951,1109
050,37,147,"North Carolina","Pitt County",2,40,2044,981,1063
050,37,147,"North Carolina","Pitt County",2,41,2037,957,1080
050,37,147,"North Carolina","Pitt County",2,42,2026,950,1076
050,37,147,"North Carolina","Pitt County",2,43,2002,946,1056
050,37,147,"North Carolina","Pitt County",2,44,1868,861,1007
050,37,147,"North Carolina","Pitt County",2,45,1849,845,1004
050,37,147,"North Carolina","Pitt County",2,46,1835,850,985
050,37,147,"North Carolina","Pitt County",2,47,1857,862,995
050,37,147,"North Carolina","Pitt County",2,48,1958,947,1011
050,37,147,"North Carolina","Pitt County",2,49,2064,980,1084
050,37,147,"North Carolina","Pitt County",2,50,1993,926,1067
050,37,147,"North Carolina","Pitt County",2,51,1890,887,1003
050,37,147,"North Carolina","Pitt County",2,52,1866,913,953
050,37,147,"North Carolina","Pitt County",2,53,1794,855,939
050,37,147,"North Carolina","Pitt County",2,54,1797,843,954
050,37,147,"North Carolina","Pitt County",2,55,1923,893,1030
050,37,147,"North Carolina","Pitt County",2,56,1915,881,1034
050,37,147,"North Carolina","Pitt County",2,57,1923,862,1061
050,37,147,"North Carolina","Pitt County",2,58,1915,884,1031
050,37,147,"North Carolina","Pitt County",2,59,1923,903,1020
050,37,147,"North Carolina","Pitt County",2,60,1910,861,1049
050,37,147,"North Carolina","Pitt County",2,61,1896,859,1037
050,37,147,"North Carolina","Pitt County",2,62,1896,843,1053
050,37,147,"North Carolina","Pitt County",2,63,1932,868,1064
050,37,147,"North Carolina","Pitt County",2,64,1869,844,1025
050,37,147,"North Carolina","Pitt County",2,65,1756,801,955
050,37,147,"North Carolina","Pitt County",2,66,1755,795,960
050,37,147,"North Carolina","Pitt County",2,67,1653,740,913
050,37,147,"North Carolina","Pitt County",2,68,1561,712,849
050,37,147,"North Carolina","Pitt County",2,69,1496,691,805
050,37,147,"North Carolina","Pitt County",2,70,1467,673,794
050,37,147,"North Carolina","Pitt County",2,71,1399,649,750
050,37,147,"North Carolina","Pitt County",2,72,1348,600,748
050,37,147,"North Carolina","Pitt County",2,73,1376,616,760
050,37,147,"North Carolina","Pitt County",2,74,952,436,516
050,37,147,"North Carolina","Pitt County",2,75,891,401,490
050,37,147,"North Carolina","Pitt County",2,76,853,388,465
050,37,147,"North Carolina","Pitt County",2,77,846,390,456
050,37,147,"North Carolina","Pitt County",2,78,698,311,387
050,37,147,"North Carolina","Pitt County",2,79,653,284,369
050,37,147,"North Carolina","Pitt County",2,80,637,273,364
050,37,147,"North Carolina","Pitt County",2,81,553,223,330
050,37,147,"North Carolina","Pitt County",2,82,493,190,303
050,37,147,"North Carolina","Pitt County",2,83,462,178,284
050,37,147,"North Carolina","Pitt County",2,84,436,158,278
050,37,147,"North Carolina","Pitt County",2,85,2491,764,1727
050,37,147,"North Carolina","Pitt County",3,0,1959,1012,947
050,37,147,"North Carolina","Pitt County",3,1,1886,963,923
050,37,147,"North Carolina","Pitt County",3,2,1961,980,981
050,37,147,"North Carolina","Pitt County",3,3,1942,1008,934
050,37,147,"North Carolina","Pitt County",3,4,1958,975,983
050,37,147,"North Carolina","Pitt County",3,5,1961,972,989
050,37,147,"North Carolina","Pitt County",3,6,2004,1027,977
050,37,147,"North Carolina","Pitt County",3,7,1985,1012,973
050,37,147,"North Carolina","Pitt County",3,8,2022,1035,987
050,37,147,"North Carolina","Pitt County",3,9,1985,1016,969
050,37,147,"North Carolina","Pitt County",3,10,2012,1045,967
050,37,147,"North Carolina","Pitt County",3,11,2130,1113,1017
050,37,147,"North Carolina","Pitt County",3,12,2244,1133,1111
050,37,147,"North Carolina","Pitt County",3,13,2307,1193,1114
050,37,147,"North Carolina","Pitt County",3,14,2235,1166,1069
050,37,147,"North Carolina","Pitt County",3,15,2190,1123,1067
050,37,147,"North Carolina","Pitt County",3,16,2149,1105,1044
050,37,147,"North Carolina","Pitt County",3,17,2150,1115,1035
050,37,147,"North Carolina","Pitt County",3,18,3075,1455,1620
050,37,147,"North Carolina","Pitt County",3,19,4208,1863,2345
050,37,147,"North Carolina","Pitt County",3,20,4861,2143,2718
050,37,147,"North Carolina","Pitt County",3,21,4721,2092,2629
050,37,147,"North Carolina","Pitt County",3,22,4775,2328,2447
050,37,147,"North Carolina","Pitt County",3,23,4039,1885,2154
050,37,147,"North Carolina","Pitt County",3,24,3022,1482,1540
050,37,147,"North Carolina","Pitt County",3,25,2711,1250,1461
050,37,147,"North Carolina","Pitt County",3,26,2529,1211,1318
050,37,147,"North Carolina","Pitt County",3,27,2360,1143,1217
050,37,147,"North Carolina","Pitt County",3,28,2363,1096,1267
050,37,147,"North Carolina","Pitt County",3,29,2490,1172,1318
050,37,147,"North Carolina","Pitt County",3,30,2469,1192,1277
050,37,147,"North Carolina","Pitt County",3,31,2429,1166,1263
050,37,147,"North Carolina","Pitt County",3,32,2274,1109,1165
050,37,147,"North Carolina","Pitt County",3,33,2107,1023,1084
050,37,147,"North Carolina","Pitt County",3,34,2033,967,1066
050,37,147,"North Carolina","Pitt County",3,35,2016,948,1068
050,37,147,"North Carolina","Pitt County",3,36,2037,959,1078
050,37,147,"North Carolina","Pitt County",3,37,2036,961,1075
050,37,147,"North Carolina","Pitt County",3,38,2004,923,1081
050,37,147,"North Carolina","Pitt County",3,39,2091,944,1147
050,37,147,"North Carolina","Pitt County",3,40,2061,954,1107
050,37,147,"North Carolina","Pitt County",3,41,2047,970,1077
050,37,147,"North Carolina","Pitt County",3,42,2019,938,1081
050,37,147,"North Carolina","Pitt County",3,43,2021,948,1073
050,37,147,"North Carolina","Pitt County",3,44,1990,936,1054
050,37,147,"North Carolina","Pitt County",3,45,1808,835,973
050,37,147,"North Carolina","Pitt County",3,46,1839,843,996
050,37,147,"North Carolina","Pitt County",3,47,1832,842,990
050,37,147,"North Carolina","Pitt County",3,48,1859,868,991
050,37,147,"North Carolina","Pitt County",3,49,1929,925,1004
050,37,147,"North Carolina","Pitt County",3,50,2073,991,1082
050,37,147,"North Carolina","Pitt County",3,51,1984,912,1072
050,37,147,"North Carolina","Pitt County",3,52,1887,899,988
050,37,147,"North Carolina","Pitt County",3,53,1833,879,954
050,37,147,"North Carolina","Pitt County",3,54,1797,856,941
050,37,147,"North Carolina","Pitt County",3,55,1790,829,961
050,37,147,"North Carolina","Pitt County",3,56,1911,886,1025
050,37,147,"North Carolina","Pitt County",3,57,1918,889,1029
050,37,147,"North Carolina","Pitt County",3,58,1906,851,1055
050,37,147,"North Carolina","Pitt County",3,59,1900,868,1032
050,37,147,"North Carolina","Pitt County",3,60,1904,890,1014
050,37,147,"North Carolina","Pitt County",3,61,1896,852,1044
050,37,147,"North Carolina","Pitt County",3,62,1904,872,1032
050,37,147,"North Carolina","Pitt County",3,63,1860,830,1030
050,37,147,"North Carolina","Pitt County",3,64,1913,866,1047
050,37,147,"North Carolina","Pitt County",3,65,1842,815,1027
050,37,147,"North Carolina","Pitt County",3,66,1758,806,952
050,37,147,"North Carolina","Pitt County",3,67,1731,777,954
050,37,147,"North Carolina","Pitt County",3,68,1630,719,911
050,37,147,"North Carolina","Pitt County",3,69,1540,708,832
050,37,147,"North Carolina","Pitt County",3,70,1487,677,810
050,37,147,"North Carolina","Pitt County",3,71,1441,661,780
050,37,147,"North Carolina","Pitt County",3,72,1336,611,725
050,37,147,"North Carolina","Pitt County",3,73,1314,578,736
050,37,147,"North Carolina","Pitt County",3,74,1345,602,743
050,37,147,"North Carolina","Pitt County",3,75,918,413,505
050,37,147,"North Carolina","Pitt County",3,76,861,384,477
050,37,147,"North Carolina","Pitt County",3,77,820,374,446
050,37,147,"North Carolina","Pitt County",3,78,808,357,451
050,37,147,"North Carolina","Pitt County",3,79,671,298,373
050,37,147,"North Carolina","Pitt County",3,80,619,263,356
050,37,147,"North Carolina","Pitt County",3,81,604,253,351
050,37,147,"North Carolina","Pitt County",3,82,507,198,309
050,37,147,"North Carolina","Pitt County",3,83,478,176,302
050,37,147,"North Carolina","Pitt County",3,84,419,159,260
050,37,147,"North Carolina","Pitt County",3,85,2495,778,1717
050,37,147,"North Carolina","Pitt County",4,0,2051,1028,1023
050,37,147,"North Carolina","Pitt County",4,1,1938,1006,932
050,37,147,"North Carolina","Pitt County",4,2,1878,939,939
050,37,147,"North Carolina","Pitt County",4,3,1979,989,990
050,37,147,"North Carolina","Pitt County",4,4,1957,1013,944
050,37,147,"North Carolina","Pitt County",4,5,2008,987,1021
050,37,147,"North Carolina","Pitt County",4,6,1982,975,1007
050,37,147,"North Carolina","Pitt County",4,7,2026,1038,988
050,37,147,"North Carolina","Pitt County",4,8,2015,1028,987
050,37,147,"North Carolina","Pitt County",4,9,2040,1047,993
050,37,147,"North Carolina","Pitt County",4,10,1986,1036,950
050,37,147,"North Carolina","Pitt County",4,11,2009,1058,951
050,37,147,"North Carolina","Pitt County",4,12,2162,1124,1038
050,37,147,"North Carolina","Pitt County",4,13,2265,1141,1124
050,37,147,"North Carolina","Pitt County",4,14,2323,1199,1124
050,37,147,"North Carolina","Pitt County",4,15,2241,1167,1074
050,37,147,"North Carolina","Pitt County",4,16,2203,1129,1074
050,37,147,"North Carolina","Pitt County",4,17,2169,1110,1059
050,37,147,"North Carolina","Pitt County",4,18,3123,1473,1650
050,37,147,"North Carolina","Pitt County",4,19,4210,1915,2295
050,37,147,"North Carolina","Pitt County",4,20,4872,2090,2782
050,37,147,"North Carolina","Pitt County",4,21,4811,2147,2664
050,37,147,"North Carolina","Pitt County",4,22,4924,2415,2509
050,37,147,"North Carolina","Pitt County",4,23,4172,1984,2188
050,37,147,"North Carolina","Pitt County",4,24,3056,1440,1616
050,37,147,"North Carolina","Pitt County",4,25,2759,1317,1442
050,37,147,"North Carolina","Pitt County",4,26,2513,1210,1303
050,37,147,"North Carolina","Pitt County",4,27,2262,1040,1222
050,37,147,"North Carolina","Pitt County",4,28,2301,1102,1199
050,37,147,"North Carolina","Pitt County",4,29,2323,1089,1234
050,37,147,"North Carolina","Pitt County",4,30,2528,1162,1366
050,37,147,"North Carolina","Pitt County",4,31,2444,1162,1282
050,37,147,"North Carolina","Pitt County",4,32,2361,1126,1235
050,37,147,"North Carolina","Pitt County",4,33,2231,1065,1166
050,37,147,"North Carolina","Pitt County",4,34,2100,1009,1091
050,37,147,"North Carolina","Pitt County",4,35,2036,955,1081
050,37,147,"North Carolina","Pitt County",4,36,1980,930,1050
050,37,147,"North Carolina","Pitt County",4,37,2050,974,1076
050,37,147,"North Carolina","Pitt County",4,38,1998,919,1079
050,37,147,"North Carolina","Pitt County",4,39,2018,942,1076
050,37,147,"North Carolina","Pitt County",4,40,2085,937,1148
050,37,147,"North Carolina","Pitt County",4,41,1992,899,1093
050,37,147,"North Carolina","Pitt County",4,42,2055,976,1079
050,37,147,"North Carolina","Pitt County",4,43,2041,953,1088
050,37,147,"North Carolina","Pitt County",4,44,2015,937,1078
050,37,147,"North Carolina","Pitt County",4,45,1970,923,1047
050,37,147,"North Carolina","Pitt County",4,46,1811,834,977
050,37,147,"North Carolina","Pitt County",4,47,1838,835,1003
050,37,147,"North Carolina","Pitt County",4,48,1832,839,993
050,37,147,"North Carolina","Pitt County",4,49,1812,843,969
050,37,147,"North Carolina","Pitt County",4,50,1922,918,1004
050,37,147,"North Carolina","Pitt County",4,51,2071,974,1097
050,37,147,"North Carolina","Pitt County",4,52,2016,942,1074
050,37,147,"North Carolina","Pitt County",4,53,1847,871,976
050,37,147,"North Carolina","Pitt County",4,54,1818,878,940
050,37,147,"North Carolina","Pitt County",4,55,1779,849,930
050,37,147,"North Carolina","Pitt County",4,56,1787,823,964
050,37,147,"North Carolina","Pitt County",4,57,1898,866,1032
050,37,147,"North Carolina","Pitt County",4,58,1930,886,1044
050,37,147,"North Carolina","Pitt County",4,59,1883,842,1041
050,37,147,"North Carolina","Pitt County",4,60,1861,844,1017
050,37,147,"North Carolina","Pitt County",4,61,1899,877,1022
050,37,147,"North Carolina","Pitt County",4,62,1878,852,1026
050,37,147,"North Carolina","Pitt County",4,63,1897,860,1037
050,37,147,"North Carolina","Pitt County",4,64,1874,833,1041
050,37,147,"North Carolina","Pitt County",4,65,1895,860,1035
050,37,147,"North Carolina","Pitt County",4,66,1811,808,1003
050,37,147,"North Carolina","Pitt County",4,67,1729,778,951
050,37,147,"North Carolina","Pitt County",4,68,1702,775,927
050,37,147,"North Carolina","Pitt County",4,69,1606,713,893
050,37,147,"North Carolina","Pitt County",4,70,1517,678,839
050,37,147,"North Carolina","Pitt County",4,71,1477,674,803
050,37,147,"North Carolina","Pitt County",4,72,1400,626,774
050,37,147,"North Carolina","Pitt County",4,73,1296,592,704
050,37,147,"North Carolina","Pitt County",4,74,1309,570,739
050,37,147,"North Carolina","Pitt County",4,75,1302,567,735
050,37,147,"North Carolina","Pitt County",4,76,886,399,487
050,37,147,"North Carolina","Pitt County",4,77,829,369,460
050,37,147,"North Carolina","Pitt County",4,78,782,350,432
050,37,147,"North Carolina","Pitt County",4,79,784,347,437
050,37,147,"North Carolina","Pitt County",4,80,631,273,358
050,37,147,"North Carolina","Pitt County",4,81,586,243,343
050,37,147,"North Carolina","Pitt County",4,82,560,231,329
050,37,147,"North Carolina","Pitt County",4,83,497,186,311
050,37,147,"North Carolina","Pitt County",4,84,426,157,269
050,37,147,"North Carolina","Pitt County",4,85,2470,776,1694
050,37,147,"North Carolina","Pitt County",5,0,2034,1024,1010
050,37,147,"North Carolina","Pitt County",5,1,2036,1041,995
050,37,147,"North Carolina","Pitt County",5,2,1946,1031,915
050,37,147,"North Carolina","Pitt County",5,3,1896,949,947
050,37,147,"North Carolina","Pitt County",5,4,1963,1004,959
050,37,147,"North Carolina","Pitt County",5,5,1980,1022,958
050,37,147,"North Carolina","Pitt County",5,6,1969,964,1005
050,37,147,"North Carolina","Pitt County",5,7,1975,972,1003
050,37,147,"North Carolina","Pitt County",5,8,2026,1050,976
050,37,147,"North Carolina","Pitt County",5,9,2004,1033,971
050,37,147,"North Carolina","Pitt County",5,10,2015,1030,985
050,37,147,"North Carolina","Pitt County",5,11,2012,1050,962
050,37,147,"North Carolina","Pitt County",5,12,2016,1072,944
050,37,147,"North Carolina","Pitt County",5,13,2209,1152,1057
050,37,147,"North Carolina","Pitt County",5,14,2271,1143,1128
050,37,147,"North Carolina","Pitt County",5,15,2388,1225,1163
050,37,147,"North Carolina","Pitt County",5,16,2268,1186,1082
050,37,147,"North Carolina","Pitt County",5,17,2236,1157,1079
050,37,147,"North Carolina","Pitt County",5,18,3132,1461,1671
050,37,147,"North Carolina","Pitt County",5,19,4245,1923,2322
050,37,147,"North Carolina","Pitt County",5,20,4810,2138,2672
050,37,147,"North Carolina","Pitt County",5,21,4808,2108,2700
050,37,147,"North Carolina","Pitt County",5,22,5002,2466,2536
050,37,147,"North Carolina","Pitt County",5,23,4307,2064,2243
050,37,147,"North Carolina","Pitt County",5,24,3168,1502,1666
050,37,147,"North Carolina","Pitt County",5,25,2739,1250,1489
050,37,147,"North Carolina","Pitt County",5,26,2479,1232,1247
050,37,147,"North Carolina","Pitt County",5,27,2330,1089,1241
050,37,147,"North Carolina","Pitt County",5,28,2202,1017,1185
050,37,147,"North Carolina","Pitt County",5,29,2208,1059,1149
050,37,147,"North Carolina","Pitt County",5,30,2372,1113,1259
050,37,147,"North Carolina","Pitt County",5,31,2484,1139,1345
050,37,147,"North Carolina","Pitt County",5,32,2400,1142,1258
050,37,147,"North Carolina","Pitt County",5,33,2407,1162,1245
050,37,147,"North Carolina","Pitt County",5,34,2236,1046,1190
050,37,147,"North Carolina","Pitt County",5,35,2117,1034,1083
050,37,147,"North Carolina","Pitt County",5,36,2001,937,1064
050,37,147,"North Carolina","Pitt County",5,37,1996,939,1057
050,37,147,"North Carolina","Pitt County",5,38,2042,967,1075
050,37,147,"North Carolina","Pitt County",5,39,2048,935,1113
050,37,147,"North Carolina","Pitt County",5,40,2035,961,1074
050,37,147,"North Carolina","Pitt County",5,41,2052,920,1132
050,37,147,"North Carolina","Pitt County",5,42,2010,907,1103
050,37,147,"North Carolina","Pitt County",5,43,2049,975,1074
050,37,147,"North Carolina","Pitt County",5,44,2030,941,1089
050,37,147,"North Carolina","Pitt County",5,45,2015,928,1087
050,37,147,"North Carolina","Pitt County",5,46,1986,925,1061
050,37,147,"North Carolina","Pitt County",5,47,1823,827,996
050,37,147,"North Carolina","Pitt County",5,48,1863,854,1009
050,37,147,"North Carolina","Pitt County",5,49,1840,842,998
050,37,147,"North Carolina","Pitt County",5,50,1810,835,975
050,37,147,"North Carolina","Pitt County",5,51,1944,927,1017
050,37,147,"North Carolina","Pitt County",5,52,2097,996,1101
050,37,147,"North Carolina","Pitt County",5,53,1989,920,1069
050,37,147,"North Carolina","Pitt County",5,54,1873,891,982
050,37,147,"North Carolina","Pitt County",5,55,1821,881,940
050,37,147,"North Carolina","Pitt County",5,56,1782,839,943
050,37,147,"North Carolina","Pitt County",5,57,1802,822,980
050,37,147,"North Carolina","Pitt County",5,58,1890,854,1036
050,37,147,"North Carolina","Pitt County",5,59,1903,882,1021
050,37,147,"North Carolina","Pitt County",5,60,1873,824,1049
050,37,147,"North Carolina","Pitt County",5,61,1828,829,999
050,37,147,"North Carolina","Pitt County",5,62,1897,886,1011
050,37,147,"North Carolina","Pitt County",5,63,1861,851,1010
050,37,147,"North Carolina","Pitt County",5,64,1871,840,1031
050,37,147,"North Carolina","Pitt County",5,65,1855,812,1043
050,37,147,"North Carolina","Pitt County",5,66,1871,853,1018
050,37,147,"North Carolina","Pitt County",5,67,1780,790,990
050,37,147,"North Carolina","Pitt County",5,68,1708,771,937
050,37,147,"North Carolina","Pitt County",5,69,1690,774,916
050,37,147,"North Carolina","Pitt County",5,70,1571,681,890
050,37,147,"North Carolina","Pitt County",5,71,1491,671,820
050,37,147,"North Carolina","Pitt County",5,72,1426,642,784
050,37,147,"North Carolina","Pitt County",5,73,1372,604,768
050,37,147,"North Carolina","Pitt County",5,74,1283,588,695
050,37,147,"North Carolina","Pitt County",5,75,1271,546,725
050,37,147,"North Carolina","Pitt County",5,76,1279,555,724
050,37,147,"North Carolina","Pitt County",5,77,869,388,481
050,37,147,"North Carolina","Pitt County",5,78,789,334,455
050,37,147,"North Carolina","Pitt County",5,79,747,340,407
050,37,147,"North Carolina","Pitt County",5,80,741,325,416
050,37,147,"North Carolina","Pitt County",5,81,597,254,343
050,37,147,"North Carolina","Pitt County",5,82,553,223,330
050,37,147,"North Carolina","Pitt County",5,83,546,218,328
050,37,147,"North Carolina","Pitt County",5,84,454,170,284
050,37,147,"North Carolina","Pitt County",5,85,2505,791,1714
050,37,149,"North Carolina","Polk County",1,0,141,72,69
050,37,149,"North Carolina","Polk County",1,1,127,61,66
050,37,149,"North Carolina","Polk County",1,2,161,76,85
050,37,149,"North Carolina","Polk County",1,3,156,69,87
050,37,149,"North Carolina","Polk County",1,4,132,68,64
050,37,149,"North Carolina","Polk County",1,5,144,74,70
050,37,149,"North Carolina","Polk County",1,6,143,66,77
050,37,149,"North Carolina","Polk County",1,7,148,76,72
050,37,149,"North Carolina","Polk County",1,8,166,81,85
050,37,149,"North Carolina","Polk County",1,9,145,69,76
050,37,149,"North Carolina","Polk County",1,10,188,95,93
050,37,149,"North Carolina","Polk County",1,11,180,99,81
050,37,149,"North Carolina","Polk County",1,12,189,101,88
050,37,149,"North Carolina","Polk County",1,13,184,95,89
050,37,149,"North Carolina","Polk County",1,14,200,100,100
050,37,149,"North Carolina","Polk County",1,15,214,111,103
050,37,149,"North Carolina","Polk County",1,16,225,113,112
050,37,149,"North Carolina","Polk County",1,17,195,98,97
050,37,149,"North Carolina","Polk County",1,18,179,100,79
050,37,149,"North Carolina","Polk County",1,19,165,95,70
050,37,149,"North Carolina","Polk County",1,20,173,90,83
050,37,149,"North Carolina","Polk County",1,21,166,90,76
050,37,149,"North Carolina","Polk County",1,22,175,102,73
050,37,149,"North Carolina","Polk County",1,23,168,83,85
050,37,149,"North Carolina","Polk County",1,24,156,86,70
050,37,149,"North Carolina","Polk County",1,25,160,84,76
050,37,149,"North Carolina","Polk County",1,26,176,96,80
050,37,149,"North Carolina","Polk County",1,27,159,76,83
050,37,149,"North Carolina","Polk County",1,28,163,83,80
050,37,149,"North Carolina","Polk County",1,29,166,86,80
050,37,149,"North Carolina","Polk County",1,30,155,79,76
050,37,149,"North Carolina","Polk County",1,31,164,73,91
050,37,149,"North Carolina","Polk County",1,32,157,72,85
050,37,149,"North Carolina","Polk County",1,33,140,74,66
050,37,149,"North Carolina","Polk County",1,34,147,74,73
050,37,149,"North Carolina","Polk County",1,35,161,84,77
050,37,149,"North Carolina","Polk County",1,36,162,88,74
050,37,149,"North Carolina","Polk County",1,37,177,94,83
050,37,149,"North Carolina","Polk County",1,38,151,75,76
050,37,149,"North Carolina","Polk County",1,39,182,94,88
050,37,149,"North Carolina","Polk County",1,40,180,91,89
050,37,149,"North Carolina","Polk County",1,41,165,91,74
050,37,149,"North Carolina","Polk County",1,42,162,81,81
050,37,149,"North Carolina","Polk County",1,43,199,98,101
050,37,149,"North Carolina","Polk County",1,44,189,99,90
050,37,149,"North Carolina","Polk County",1,45,197,104,93
050,37,149,"North Carolina","Polk County",1,46,218,108,110
050,37,149,"North Carolina","Polk County",1,47,222,111,111
050,37,149,"North Carolina","Polk County",1,48,227,111,116
050,37,149,"North Carolina","Polk County",1,49,244,110,134
050,37,149,"North Carolina","Polk County",1,50,254,114,140
050,37,149,"North Carolina","Polk County",1,51,259,126,133
050,37,149,"North Carolina","Polk County",1,52,254,128,126
050,37,149,"North Carolina","Polk County",1,53,267,150,117
050,37,149,"North Carolina","Polk County",1,54,274,151,123
050,37,149,"North Carolina","Polk County",1,55,267,114,153
050,37,149,"North Carolina","Polk County",1,56,293,139,154
050,37,149,"North Carolina","Polk County",1,57,287,150,137
050,37,149,"North Carolina","Polk County",1,58,336,178,158
050,37,149,"North Carolina","Polk County",1,59,351,163,188
050,37,149,"North Carolina","Polk County",1,60,347,162,185
050,37,149,"North Carolina","Polk County",1,61,354,163,191
050,37,149,"North Carolina","Polk County",1,62,314,142,172
050,37,149,"North Carolina","Polk County",1,63,319,138,181
050,37,149,"North Carolina","Polk County",1,64,351,160,191
050,37,149,"North Carolina","Polk County",1,65,337,141,196
050,37,149,"North Carolina","Polk County",1,66,365,163,202
050,37,149,"North Carolina","Polk County",1,67,332,146,186
050,37,149,"North Carolina","Polk County",1,68,342,152,190
050,37,149,"North Carolina","Polk County",1,69,352,163,189
050,37,149,"North Carolina","Polk County",1,70,337,157,180
050,37,149,"North Carolina","Polk County",1,71,312,147,165
050,37,149,"North Carolina","Polk County",1,72,322,152,170
050,37,149,"North Carolina","Polk County",1,73,340,153,187
050,37,149,"North Carolina","Polk County",1,74,232,107,125
050,37,149,"North Carolina","Polk County",1,75,237,112,125
050,37,149,"North Carolina","Polk County",1,76,255,120,135
050,37,149,"North Carolina","Polk County",1,77,276,140,136
050,37,149,"North Carolina","Polk County",1,78,249,119,130
050,37,149,"North Carolina","Polk County",1,79,208,91,117
050,37,149,"North Carolina","Polk County",1,80,198,78,120
050,37,149,"North Carolina","Polk County",1,81,160,74,86
050,37,149,"North Carolina","Polk County",1,82,162,80,82
050,37,149,"North Carolina","Polk County",1,83,137,60,77
050,37,149,"North Carolina","Polk County",1,84,152,68,84
050,37,149,"North Carolina","Polk County",1,85,860,304,556
050,37,149,"North Carolina","Polk County",2,0,127,68,59
050,37,149,"North Carolina","Polk County",2,1,130,64,66
050,37,149,"North Carolina","Polk County",2,2,154,72,82
050,37,149,"North Carolina","Polk County",2,3,156,70,86
050,37,149,"North Carolina","Polk County",2,4,138,68,70
050,37,149,"North Carolina","Polk County",2,5,144,76,68
050,37,149,"North Carolina","Polk County",2,6,147,72,75
050,37,149,"North Carolina","Polk County",2,7,148,75,73
050,37,149,"North Carolina","Polk County",2,8,159,78,81
050,37,149,"North Carolina","Polk County",2,9,153,75,78
050,37,149,"North Carolina","Polk County",2,10,180,90,90
050,37,149,"North Carolina","Polk County",2,11,183,98,85
050,37,149,"North Carolina","Polk County",2,12,189,103,86
050,37,149,"North Carolina","Polk County",2,13,187,98,89
050,37,149,"North Carolina","Polk County",2,14,196,99,97
050,37,149,"North Carolina","Polk County",2,15,211,109,102
050,37,149,"North Carolina","Polk County",2,16,224,113,111
050,37,149,"North Carolina","Polk County",2,17,203,102,101
050,37,149,"North Carolina","Polk County",2,18,180,98,82
050,37,149,"North Carolina","Polk County",2,19,161,92,69
050,37,149,"North Carolina","Polk County",2,20,176,92,84
050,37,149,"North Carolina","Polk County",2,21,170,92,78
050,37,149,"North Carolina","Polk County",2,22,173,98,75
050,37,149,"North Carolina","Polk County",2,23,167,85,82
050,37,149,"North Carolina","Polk County",2,24,159,85,74
050,37,149,"North Carolina","Polk County",2,25,160,85,75
050,37,149,"North Carolina","Polk County",2,26,170,90,80
050,37,149,"North Carolina","Polk County",2,27,162,80,82
050,37,149,"North Carolina","Polk County",2,28,163,82,81
050,37,149,"North Carolina","Polk County",2,29,167,87,80
050,37,149,"North Carolina","Polk County",2,30,162,82,80
050,37,149,"North Carolina","Polk County",2,31,160,74,86
050,37,149,"North Carolina","Polk County",2,32,160,75,85
050,37,149,"North Carolina","Polk County",2,33,146,75,71
050,37,149,"North Carolina","Polk County",2,34,147,75,72
050,37,149,"North Carolina","Polk County",2,35,164,84,80
050,37,149,"North Carolina","Polk County",2,36,162,87,75
050,37,149,"North Carolina","Polk County",2,37,175,92,83
050,37,149,"North Carolina","Polk County",2,38,158,80,78
050,37,149,"North Carolina","Polk County",2,39,175,89,86
050,37,149,"North Carolina","Polk County",2,40,185,93,92
050,37,149,"North Carolina","Polk County",2,41,170,91,79
050,37,149,"North Carolina","Polk County",2,42,166,86,80
050,37,149,"North Carolina","Polk County",2,43,197,98,99
050,37,149,"North Carolina","Polk County",2,44,189,99,90
050,37,149,"North Carolina","Polk County",2,45,199,104,95
050,37,149,"North Carolina","Polk County",2,46,212,106,106
050,37,149,"North Carolina","Polk County",2,47,222,110,112
050,37,149,"North Carolina","Polk County",2,48,230,113,117
050,37,149,"North Carolina","Polk County",2,49,241,111,130
050,37,149,"North Carolina","Polk County",2,50,256,115,141
050,37,149,"North Carolina","Polk County",2,51,261,123,138
050,37,149,"North Carolina","Polk County",2,52,254,127,127
050,37,149,"North Carolina","Polk County",2,53,264,146,118
050,37,149,"North Carolina","Polk County",2,54,274,152,122
050,37,149,"North Carolina","Polk County",2,55,271,124,147
050,37,149,"North Carolina","Polk County",2,56,290,135,155
050,37,149,"North Carolina","Polk County",2,57,291,149,142
050,37,149,"North Carolina","Polk County",2,58,326,170,156
050,37,149,"North Carolina","Polk County",2,59,352,169,183
050,37,149,"North Carolina","Polk County",2,60,348,162,186
050,37,149,"North Carolina","Polk County",2,61,355,164,191
050,37,149,"North Carolina","Polk County",2,62,325,146,179
050,37,149,"North Carolina","Polk County",2,63,321,141,180
050,37,149,"North Carolina","Polk County",2,64,341,154,187
050,37,149,"North Carolina","Polk County",2,65,342,145,197
050,37,149,"North Carolina","Polk County",2,66,365,162,203
050,37,149,"North Carolina","Polk County",2,67,339,149,190
050,37,149,"North Carolina","Polk County",2,68,341,151,190
050,37,149,"North Carolina","Polk County",2,69,354,163,191
050,37,149,"North Carolina","Polk County",2,70,338,158,180
050,37,149,"North Carolina","Polk County",2,71,320,150,170
050,37,149,"North Carolina","Polk County",2,72,310,145,165
050,37,149,"North Carolina","Polk County",2,73,350,158,192
050,37,149,"North Carolina","Polk County",2,74,240,110,130
050,37,149,"North Carolina","Polk County",2,75,236,111,125
050,37,149,"North Carolina","Polk County",2,76,249,116,133
050,37,149,"North Carolina","Polk County",2,77,277,140,137
050,37,149,"North Carolina","Polk County",2,78,249,121,128
050,37,149,"North Carolina","Polk County",2,79,212,93,119
050,37,149,"North Carolina","Polk County",2,80,201,80,121
050,37,149,"North Carolina","Polk County",2,81,162,73,89
050,37,149,"North Carolina","Polk County",2,82,161,78,83
050,37,149,"North Carolina","Polk County",2,83,142,66,76
050,37,149,"North Carolina","Polk County",2,84,147,64,83
050,37,149,"North Carolina","Polk County",2,85,869,309,560
050,37,149,"North Carolina","Polk County",3,0,137,63,74
050,37,149,"North Carolina","Polk County",3,1,150,70,80
050,37,149,"North Carolina","Polk County",3,2,140,74,66
050,37,149,"North Carolina","Polk County",3,3,159,77,82
050,37,149,"North Carolina","Polk County",3,4,159,84,75
050,37,149,"North Carolina","Polk County",3,5,155,78,77
050,37,149,"North Carolina","Polk County",3,6,158,81,77
050,37,149,"North Carolina","Polk County",3,7,155,74,81
050,37,149,"North Carolina","Polk County",3,8,144,71,73
050,37,149,"North Carolina","Polk County",3,9,165,81,84
050,37,149,"North Carolina","Polk County",3,10,154,76,78
050,37,149,"North Carolina","Polk County",3,11,184,93,91
050,37,149,"North Carolina","Polk County",3,12,206,110,96
050,37,149,"North Carolina","Polk County",3,13,184,102,82
050,37,149,"North Carolina","Polk County",3,14,200,108,92
050,37,149,"North Carolina","Polk County",3,15,193,98,95
050,37,149,"North Carolina","Polk County",3,16,207,113,94
050,37,149,"North Carolina","Polk County",3,17,229,116,113
050,37,149,"North Carolina","Polk County",3,18,177,94,83
050,37,149,"North Carolina","Polk County",3,19,152,83,69
050,37,149,"North Carolina","Polk County",3,20,163,95,68
050,37,149,"North Carolina","Polk County",3,21,176,95,81
050,37,149,"North Carolina","Polk County",3,22,178,91,87
050,37,149,"North Carolina","Polk County",3,23,174,96,78
050,37,149,"North Carolina","Polk County",3,24,178,89,89
050,37,149,"North Carolina","Polk County",3,25,166,82,84
050,37,149,"North Carolina","Polk County",3,26,167,81,86
050,37,149,"North Carolina","Polk County",3,27,164,86,78
050,37,149,"North Carolina","Polk County",3,28,164,81,83
050,37,149,"North Carolina","Polk County",3,29,164,86,78
050,37,149,"North Carolina","Polk County",3,30,167,87,80
050,37,149,"North Carolina","Polk County",3,31,175,94,81
050,37,149,"North Carolina","Polk County",3,32,172,81,91
050,37,149,"North Carolina","Polk County",3,33,171,78,93
050,37,149,"North Carolina","Polk County",3,34,156,74,82
050,37,149,"North Carolina","Polk County",3,35,170,84,86
050,37,149,"North Carolina","Polk County",3,36,176,91,85
050,37,149,"North Carolina","Polk County",3,37,162,86,76
050,37,149,"North Carolina","Polk County",3,38,179,91,88
050,37,149,"North Carolina","Polk County",3,39,163,81,82
050,37,149,"North Carolina","Polk County",3,40,177,91,86
050,37,149,"North Carolina","Polk County",3,41,193,98,95
050,37,149,"North Carolina","Polk County",3,42,170,92,78
050,37,149,"North Carolina","Polk County",3,43,172,86,86
050,37,149,"North Carolina","Polk County",3,44,197,102,95
050,37,149,"North Carolina","Polk County",3,45,196,102,94
050,37,149,"North Carolina","Polk County",3,46,203,107,96
050,37,149,"North Carolina","Polk County",3,47,208,105,103
050,37,149,"North Carolina","Polk County",3,48,223,105,118
050,37,149,"North Carolina","Polk County",3,49,229,108,121
050,37,149,"North Carolina","Polk County",3,50,260,120,140
050,37,149,"North Carolina","Polk County",3,51,264,120,144
050,37,149,"North Carolina","Polk County",3,52,274,123,151
050,37,149,"North Carolina","Polk County",3,53,263,132,131
050,37,149,"North Carolina","Polk County",3,54,269,144,125
050,37,149,"North Carolina","Polk County",3,55,281,157,124
050,37,149,"North Carolina","Polk County",3,56,299,131,168
050,37,149,"North Carolina","Polk County",3,57,312,150,162
050,37,149,"North Carolina","Polk County",3,58,289,155,134
050,37,149,"North Carolina","Polk County",3,59,334,173,161
050,37,149,"North Carolina","Polk County",3,60,365,171,194
050,37,149,"North Carolina","Polk County",3,61,367,176,191
050,37,149,"North Carolina","Polk County",3,62,365,166,199
050,37,149,"North Carolina","Polk County",3,63,319,150,169
050,37,149,"North Carolina","Polk County",3,64,340,153,187
050,37,149,"North Carolina","Polk County",3,65,355,156,199
050,37,149,"North Carolina","Polk County",3,66,338,152,186
050,37,149,"North Carolina","Polk County",3,67,376,164,212
050,37,149,"North Carolina","Polk County",3,68,356,154,202
050,37,149,"North Carolina","Polk County",3,69,344,153,191
050,37,149,"North Carolina","Polk County",3,70,353,162,191
050,37,149,"North Carolina","Polk County",3,71,336,160,176
050,37,149,"North Carolina","Polk County",3,72,308,146,162
050,37,149,"North Carolina","Polk County",3,73,311,139,172
050,37,149,"North Carolina","Polk County",3,74,341,154,187
050,37,149,"North Carolina","Polk County",3,75,248,114,134
050,37,149,"North Carolina","Polk County",3,76,232,110,122
050,37,149,"North Carolina","Polk County",3,77,234,112,122
050,37,149,"North Carolina","Polk County",3,78,266,130,136
050,37,149,"North Carolina","Polk County",3,79,237,112,125
050,37,149,"North Carolina","Polk County",3,80,212,89,123
050,37,149,"North Carolina","Polk County",3,81,179,70,109
050,37,149,"North Carolina","Polk County",3,82,160,70,90
050,37,149,"North Carolina","Polk County",3,83,152,75,77
050,37,149,"North Carolina","Polk County",3,84,142,58,84
050,37,149,"North Carolina","Polk County",3,85,872,310,562
050,37,149,"North Carolina","Polk County",4,0,144,78,66
050,37,149,"North Carolina","Polk County",4,1,139,67,72
050,37,149,"North Carolina","Polk County",4,2,150,69,81
050,37,149,"North Carolina","Polk County",4,3,149,77,72
050,37,149,"North Carolina","Polk County",4,4,151,71,80
050,37,149,"North Carolina","Polk County",4,5,175,88,87
050,37,149,"North Carolina","Polk County",4,6,159,77,82
050,37,149,"North Carolina","Polk County",4,7,165,86,79
050,37,149,"North Carolina","Polk County",4,8,159,81,78
050,37,149,"North Carolina","Polk County",4,9,140,61,79
050,37,149,"North Carolina","Polk County",4,10,181,90,91
050,37,149,"North Carolina","Polk County",4,11,156,76,80
050,37,149,"North Carolina","Polk County",4,12,200,101,99
050,37,149,"North Carolina","Polk County",4,13,220,113,107
050,37,149,"North Carolina","Polk County",4,14,191,105,86
050,37,149,"North Carolina","Polk County",4,15,203,111,92
050,37,149,"North Carolina","Polk County",4,16,201,102,99
050,37,149,"North Carolina","Polk County",4,17,208,107,101
050,37,149,"North Carolina","Polk County",4,18,202,104,98
050,37,149,"North Carolina","Polk County",4,19,143,77,66
050,37,149,"North Carolina","Polk County",4,20,159,88,71
050,37,149,"North Carolina","Polk County",4,21,168,98,70
050,37,149,"North Carolina","Polk County",4,22,192,106,86
050,37,149,"North Carolina","Polk County",4,23,174,89,85
050,37,149,"North Carolina","Polk County",4,24,172,94,78
050,37,149,"North Carolina","Polk County",4,25,153,77,76
050,37,149,"North Carolina","Polk County",4,26,169,86,83
050,37,149,"North Carolina","Polk County",4,27,167,85,82
050,37,149,"North Carolina","Polk County",4,28,156,85,71
050,37,149,"North Carolina","Polk County",4,29,170,86,84
050,37,149,"North Carolina","Polk County",4,30,176,88,88
050,37,149,"North Carolina","Polk County",4,31,182,94,88
050,37,149,"North Carolina","Polk County",4,32,168,86,82
050,37,149,"North Carolina","Polk County",4,33,176,81,95
050,37,149,"North Carolina","Polk County",4,34,167,78,89
050,37,149,"North Carolina","Polk County",4,35,154,70,84
050,37,149,"North Carolina","Polk County",4,36,174,82,92
050,37,149,"North Carolina","Polk County",4,37,184,92,92
050,37,149,"North Carolina","Polk County",4,38,175,91,84
050,37,149,"North Carolina","Polk County",4,39,193,98,95
050,37,149,"North Carolina","Polk County",4,40,175,93,82
050,37,149,"North Carolina","Polk County",4,41,197,96,101
050,37,149,"North Carolina","Polk County",4,42,203,106,97
050,37,149,"North Carolina","Polk County",4,43,174,89,85
050,37,149,"North Carolina","Polk County",4,44,175,88,87
050,37,149,"North Carolina","Polk County",4,45,202,103,99
050,37,149,"North Carolina","Polk County",4,46,204,106,98
050,37,149,"North Carolina","Polk County",4,47,205,104,101
050,37,149,"North Carolina","Polk County",4,48,208,108,100
050,37,149,"North Carolina","Polk County",4,49,233,108,125
050,37,149,"North Carolina","Polk County",4,50,247,120,127
050,37,149,"North Carolina","Polk County",4,51,269,124,145
050,37,149,"North Carolina","Polk County",4,52,276,122,154
050,37,149,"North Carolina","Polk County",4,53,287,127,160
050,37,149,"North Carolina","Polk County",4,54,275,131,144
050,37,149,"North Carolina","Polk County",4,55,271,144,127
050,37,149,"North Carolina","Polk County",4,56,291,165,126
050,37,149,"North Carolina","Polk County",4,57,323,141,182
050,37,149,"North Carolina","Polk County",4,58,333,163,170
050,37,149,"North Carolina","Polk County",4,59,289,152,137
050,37,149,"North Carolina","Polk County",4,60,354,175,179
050,37,149,"North Carolina","Polk County",4,61,380,177,203
050,37,149,"North Carolina","Polk County",4,62,368,174,194
050,37,149,"North Carolina","Polk County",4,63,380,179,201
050,37,149,"North Carolina","Polk County",4,64,336,162,174
050,37,149,"North Carolina","Polk County",4,65,349,152,197
050,37,149,"North Carolina","Polk County",4,66,373,169,204
050,37,149,"North Carolina","Polk County",4,67,351,150,201
050,37,149,"North Carolina","Polk County",4,68,373,163,210
050,37,149,"North Carolina","Polk County",4,69,358,152,206
050,37,149,"North Carolina","Polk County",4,70,340,156,184
050,37,149,"North Carolina","Polk County",4,71,365,165,200
050,37,149,"North Carolina","Polk County",4,72,331,154,177
050,37,149,"North Carolina","Polk County",4,73,303,138,165
050,37,149,"North Carolina","Polk County",4,74,306,138,168
050,37,149,"North Carolina","Polk County",4,75,332,148,184
050,37,149,"North Carolina","Polk County",4,76,242,105,137
050,37,149,"North Carolina","Polk County",4,77,223,108,115
050,37,149,"North Carolina","Polk County",4,78,230,110,120
050,37,149,"North Carolina","Polk County",4,79,256,123,133
050,37,149,"North Carolina","Polk County",4,80,232,102,130
050,37,149,"North Carolina","Polk County",4,81,192,81,111
050,37,149,"North Carolina","Polk County",4,82,174,66,108
050,37,149,"North Carolina","Polk County",4,83,146,68,78
050,37,149,"North Carolina","Polk County",4,84,144,61,83
050,37,149,"North Carolina","Polk County",4,85,872,309,563
050,37,149,"North Carolina","Polk County",5,0,137,74,63
050,37,149,"North Carolina","Polk County",5,1,146,78,68
050,37,149,"North Carolina","Polk County",5,2,143,69,74
050,37,149,"North Carolina","Polk County",5,3,156,76,80
050,37,149,"North Carolina","Polk County",5,4,155,85,70
050,37,149,"North Carolina","Polk County",5,5,156,81,75
050,37,149,"North Carolina","Polk County",5,6,176,86,90
050,37,149,"North Carolina","Polk County",5,7,153,73,80
050,37,149,"North Carolina","Polk County",5,8,173,90,83
050,37,149,"North Carolina","Polk County",5,9,163,80,83
050,37,149,"North Carolina","Polk County",5,10,149,66,83
050,37,149,"North Carolina","Polk County",5,11,180,93,87
050,37,149,"North Carolina","Polk County",5,12,149,73,76
050,37,149,"North Carolina","Polk County",5,13,200,99,101
050,37,149,"North Carolina","Polk County",5,14,215,105,110
050,37,149,"North Carolina","Polk County",5,15,189,103,86
050,37,149,"North Carolina","Polk County",5,16,205,113,92
050,37,149,"North Carolina","Polk County",5,17,209,104,105
050,37,149,"North Carolina","Polk County",5,18,185,97,88
050,37,149,"North Carolina","Polk County",5,19,161,80,81
050,37,149,"North Carolina","Polk County",5,20,159,89,70
050,37,149,"North Carolina","Polk County",5,21,165,93,72
050,37,149,"North Carolina","Polk County",5,22,171,100,71
050,37,149,"North Carolina","Polk County",5,23,187,108,79
050,37,149,"North Carolina","Polk County",5,24,168,90,78
050,37,149,"North Carolina","Polk County",5,25,179,97,82
050,37,149,"North Carolina","Polk County",5,26,159,83,76
050,37,149,"North Carolina","Polk County",5,27,160,81,79
050,37,149,"North Carolina","Polk County",5,28,160,77,83
050,37,149,"North Carolina","Polk County",5,29,167,92,75
050,37,149,"North Carolina","Polk County",5,30,154,76,78
050,37,149,"North Carolina","Polk County",5,31,162,82,80
050,37,149,"North Carolina","Polk County",5,32,196,105,91
050,37,149,"North Carolina","Polk County",5,33,189,94,95
050,37,149,"North Carolina","Polk County",5,34,180,81,99
050,37,149,"North Carolina","Polk County",5,35,169,82,87
050,37,149,"North Carolina","Polk County",5,36,158,75,83
050,37,149,"North Carolina","Polk County",5,37,170,78,92
050,37,149,"North Carolina","Polk County",5,38,180,89,91
050,37,149,"North Carolina","Polk County",5,39,189,102,87
050,37,149,"North Carolina","Polk County",5,40,196,106,90
050,37,149,"North Carolina","Polk County",5,41,183,95,88
050,37,149,"North Carolina","Polk County",5,42,190,90,100
050,37,149,"North Carolina","Polk County",5,43,216,109,107
050,37,149,"North Carolina","Polk County",5,44,173,88,85
050,37,149,"North Carolina","Polk County",5,45,183,87,96
050,37,149,"North Carolina","Polk County",5,46,196,99,97
050,37,149,"North Carolina","Polk County",5,47,214,111,103
050,37,149,"North Carolina","Polk County",5,48,207,101,106
050,37,149,"North Carolina","Polk County",5,49,214,109,105
050,37,149,"North Carolina","Polk County",5,50,247,118,129
050,37,149,"North Carolina","Polk County",5,51,247,116,131
050,37,149,"North Carolina","Polk County",5,52,276,130,146
050,37,149,"North Carolina","Polk County",5,53,289,128,161
050,37,149,"North Carolina","Polk County",5,54,287,130,157
050,37,149,"North Carolina","Polk County",5,55,288,142,146
050,37,149,"North Carolina","Polk County",5,56,278,140,138
050,37,149,"North Carolina","Polk County",5,57,282,161,121
050,37,149,"North Carolina","Polk County",5,58,324,147,177
050,37,149,"North Carolina","Polk County",5,59,326,156,170
050,37,149,"North Carolina","Polk County",5,60,291,159,132
050,37,149,"North Carolina","Polk County",5,61,376,182,194
050,37,149,"North Carolina","Polk County",5,62,382,173,209
050,37,149,"North Carolina","Polk County",5,63,374,184,190
050,37,149,"North Carolina","Polk County",5,64,403,183,220
050,37,149,"North Carolina","Polk County",5,65,348,165,183
050,37,149,"North Carolina","Polk County",5,66,350,157,193
050,37,149,"North Carolina","Polk County",5,67,362,155,207
050,37,149,"North Carolina","Polk County",5,68,355,153,202
050,37,149,"North Carolina","Polk County",5,69,367,158,209
050,37,149,"North Carolina","Polk County",5,70,352,153,199
050,37,149,"North Carolina","Polk County",5,71,340,151,189
050,37,149,"North Carolina","Polk County",5,72,349,160,189
050,37,149,"North Carolina","Polk County",5,73,324,145,179
050,37,149,"North Carolina","Polk County",5,74,296,136,160
050,37,149,"North Carolina","Polk County",5,75,295,130,165
050,37,149,"North Carolina","Polk County",5,76,328,140,188
050,37,149,"North Carolina","Polk County",5,77,231,106,125
050,37,149,"North Carolina","Polk County",5,78,219,106,113
050,37,149,"North Carolina","Polk County",5,79,220,105,115
050,37,149,"North Carolina","Polk County",5,80,259,116,143
050,37,149,"North Carolina","Polk County",5,81,207,96,111
050,37,149,"North Carolina","Polk County",5,82,191,80,111
050,37,149,"North Carolina","Polk County",5,83,164,64,100
050,37,149,"North Carolina","Polk County",5,84,139,54,85
050,37,149,"North Carolina","Polk County",5,85,900,326,574
050,37,151,"North Carolina","Randolph County",1,0,1519,772,747
050,37,151,"North Carolina","Randolph County",1,1,1555,771,784
050,37,151,"North Carolina","Randolph County",1,2,1619,811,808
050,37,151,"North Carolina","Randolph County",1,3,1654,822,832
050,37,151,"North Carolina","Randolph County",1,4,1691,838,853
050,37,151,"North Carolina","Randolph County",1,5,1711,858,853
050,37,151,"North Carolina","Randolph County",1,6,1710,878,832
050,37,151,"North Carolina","Randolph County",1,7,1725,869,856
050,37,151,"North Carolina","Randolph County",1,8,1739,893,846
050,37,151,"North Carolina","Randolph County",1,9,1771,906,865
050,37,151,"North Carolina","Randolph County",1,10,1892,975,917
050,37,151,"North Carolina","Randolph County",1,11,1910,999,911
050,37,151,"North Carolina","Randolph County",1,12,2078,1064,1014
050,37,151,"North Carolina","Randolph County",1,13,2010,1034,976
050,37,151,"North Carolina","Randolph County",1,14,1921,1003,918
050,37,151,"North Carolina","Randolph County",1,15,1977,1005,972
050,37,151,"North Carolina","Randolph County",1,16,2048,1062,986
050,37,151,"North Carolina","Randolph County",1,17,2042,1065,977
050,37,151,"North Carolina","Randolph County",1,18,1802,977,825
050,37,151,"North Carolina","Randolph County",1,19,1510,807,703
050,37,151,"North Carolina","Randolph County",1,20,1601,817,784
050,37,151,"North Carolina","Randolph County",1,21,1653,850,803
050,37,151,"North Carolina","Randolph County",1,22,1655,849,806
050,37,151,"North Carolina","Randolph County",1,23,1681,832,849
050,37,151,"North Carolina","Randolph County",1,24,1676,857,819
050,37,151,"North Carolina","Randolph County",1,25,1715,880,835
050,37,151,"North Carolina","Randolph County",1,26,1786,919,867
050,37,151,"North Carolina","Randolph County",1,27,1731,888,843
050,37,151,"North Carolina","Randolph County",1,28,1804,911,893
050,37,151,"North Carolina","Randolph County",1,29,1838,923,915
050,37,151,"North Carolina","Randolph County",1,30,1779,893,886
050,37,151,"North Carolina","Randolph County",1,31,1721,880,841
050,37,151,"North Carolina","Randolph County",1,32,1702,831,871
050,37,151,"North Carolina","Randolph County",1,33,1610,788,822
050,37,151,"North Carolina","Randolph County",1,34,1625,799,826
050,37,151,"North Carolina","Randolph County",1,35,1614,834,780
050,37,151,"North Carolina","Randolph County",1,36,1598,829,769
050,37,151,"North Carolina","Randolph County",1,37,1577,784,793
050,37,151,"North Carolina","Randolph County",1,38,1638,802,836
050,37,151,"North Carolina","Randolph County",1,39,1666,838,828
050,37,151,"North Carolina","Randolph County",1,40,1649,794,855
050,37,151,"North Carolina","Randolph County",1,41,1631,759,872
050,37,151,"North Carolina","Randolph County",1,42,1722,823,899
050,37,151,"North Carolina","Randolph County",1,43,1674,843,831
050,37,151,"North Carolina","Randolph County",1,44,1648,818,830
050,37,151,"North Carolina","Randolph County",1,45,1811,897,914
050,37,151,"North Carolina","Randolph County",1,46,1783,871,912
050,37,151,"North Carolina","Randolph County",1,47,1868,946,922
050,37,151,"North Carolina","Randolph County",1,48,2079,1078,1001
050,37,151,"North Carolina","Randolph County",1,49,2238,1145,1093
050,37,151,"North Carolina","Randolph County",1,50,2137,1069,1068
050,37,151,"North Carolina","Randolph County",1,51,2068,1057,1011
050,37,151,"North Carolina","Randolph County",1,52,2074,1063,1011
050,37,151,"North Carolina","Randolph County",1,53,2088,1050,1038
050,37,151,"North Carolina","Randolph County",1,54,2114,1076,1038
050,37,151,"North Carolina","Randolph County",1,55,2151,1110,1041
050,37,151,"North Carolina","Randolph County",1,56,2142,1087,1055
050,37,151,"North Carolina","Randolph County",1,57,2122,1055,1067
050,37,151,"North Carolina","Randolph County",1,58,2147,1071,1076
050,37,151,"North Carolina","Randolph County",1,59,2135,1084,1051
050,37,151,"North Carolina","Randolph County",1,60,2021,1026,995
050,37,151,"North Carolina","Randolph County",1,61,1991,1017,974
050,37,151,"North Carolina","Randolph County",1,62,2006,1017,989
050,37,151,"North Carolina","Randolph County",1,63,1946,961,985
050,37,151,"North Carolina","Randolph County",1,64,1828,916,912
050,37,151,"North Carolina","Randolph County",1,65,1768,889,879
050,37,151,"North Carolina","Randolph County",1,66,1707,828,879
050,37,151,"North Carolina","Randolph County",1,67,1704,806,898
050,37,151,"North Carolina","Randolph County",1,68,1597,734,863
050,37,151,"North Carolina","Randolph County",1,69,1525,730,795
050,37,151,"North Carolina","Randolph County",1,70,1424,697,727
050,37,151,"North Carolina","Randolph County",1,71,1473,695,778
050,37,151,"North Carolina","Randolph County",1,72,1513,682,831
050,37,151,"North Carolina","Randolph County",1,73,1556,741,815
050,37,151,"North Carolina","Randolph County",1,74,1081,509,572
050,37,151,"North Carolina","Randolph County",1,75,1128,522,606
050,37,151,"North Carolina","Randolph County",1,76,1068,475,593
050,37,151,"North Carolina","Randolph County",1,77,1024,455,569
050,37,151,"North Carolina","Randolph County",1,78,873,383,490
050,37,151,"North Carolina","Randolph County",1,79,747,336,411
050,37,151,"North Carolina","Randolph County",1,80,713,326,387
050,37,151,"North Carolina","Randolph County",1,81,627,278,349
050,37,151,"North Carolina","Randolph County",1,82,558,237,321
050,37,151,"North Carolina","Randolph County",1,83,493,203,290
050,37,151,"North Carolina","Randolph County",1,84,476,195,281
050,37,151,"North Carolina","Randolph County",1,85,2465,873,1592
050,37,151,"North Carolina","Randolph County",2,0,1529,758,771
050,37,151,"North Carolina","Randolph County",2,1,1552,773,779
050,37,151,"North Carolina","Randolph County",2,2,1612,804,808
050,37,151,"North Carolina","Randolph County",2,3,1648,821,827
050,37,151,"North Carolina","Randolph County",2,4,1689,835,854
050,37,151,"North Carolina","Randolph County",2,5,1714,857,857
050,37,151,"North Carolina","Randolph County",2,6,1719,876,843
050,37,151,"North Carolina","Randolph County",2,7,1720,868,852
050,37,151,"North Carolina","Randolph County",2,8,1731,885,846
050,37,151,"North Carolina","Randolph County",2,9,1773,909,864
050,37,151,"North Carolina","Randolph County",2,10,1867,961,906
050,37,151,"North Carolina","Randolph County",2,11,1905,990,915
050,37,151,"North Carolina","Randolph County",2,12,2057,1055,1002
050,37,151,"North Carolina","Randolph County",2,13,2034,1046,988
050,37,151,"North Carolina","Randolph County",2,14,1950,1014,936
050,37,151,"North Carolina","Randolph County",2,15,1970,1009,961
050,37,151,"North Carolina","Randolph County",2,16,2037,1053,984
050,37,151,"North Carolina","Randolph County",2,17,2049,1068,981
050,37,151,"North Carolina","Randolph County",2,18,1792,968,824
050,37,151,"North Carolina","Randolph County",2,19,1520,814,706
050,37,151,"North Carolina","Randolph County",2,20,1629,842,787
050,37,151,"North Carolina","Randolph County",2,21,1650,843,807
050,37,151,"North Carolina","Randolph County",2,22,1672,857,815
050,37,151,"North Carolina","Randolph County",2,23,1689,841,848
050,37,151,"North Carolina","Randolph County",2,24,1683,854,829
050,37,151,"North Carolina","Randolph County",2,25,1717,882,835
050,37,151,"North Carolina","Randolph County",2,26,1782,915,867
050,37,151,"North Carolina","Randolph County",2,27,1759,901,858
050,37,151,"North Carolina","Randolph County",2,28,1794,910,884
050,37,151,"North Carolina","Randolph County",2,29,1834,920,914
050,37,151,"North Carolina","Randolph County",2,30,1815,910,905
050,37,151,"North Carolina","Randolph County",2,31,1743,889,854
050,37,151,"North Carolina","Randolph County",2,32,1705,837,868
050,37,151,"North Carolina","Randolph County",2,33,1640,802,838
050,37,151,"North Carolina","Randolph County",2,34,1623,798,825
050,37,151,"North Carolina","Randolph County",2,35,1633,835,798
050,37,151,"North Carolina","Randolph County",2,36,1590,825,765
050,37,151,"North Carolina","Randolph County",2,37,1587,795,792
050,37,151,"North Carolina","Randolph County",2,38,1637,804,833
050,37,151,"North Carolina","Randolph County",2,39,1661,833,828
050,37,151,"North Carolina","Randolph County",2,40,1663,812,851
050,37,151,"North Carolina","Randolph County",2,41,1644,775,869
050,37,151,"North Carolina","Randolph County",2,42,1698,807,891
050,37,151,"North Carolina","Randolph County",2,43,1696,843,853
050,37,151,"North Carolina","Randolph County",2,44,1642,816,826
050,37,151,"North Carolina","Randolph County",2,45,1785,883,902
050,37,151,"North Carolina","Randolph County",2,46,1786,874,912
050,37,151,"North Carolina","Randolph County",2,47,1844,925,919
050,37,151,"North Carolina","Randolph County",2,48,2040,1050,990
050,37,151,"North Carolina","Randolph County",2,49,2209,1130,1079
050,37,151,"North Carolina","Randolph County",2,50,2169,1092,1077
050,37,151,"North Carolina","Randolph County",2,51,2089,1062,1027
050,37,151,"North Carolina","Randolph County",2,52,2073,1061,1012
050,37,151,"North Carolina","Randolph County",2,53,2091,1054,1037
050,37,151,"North Carolina","Randolph County",2,54,2100,1067,1033
050,37,151,"North Carolina","Randolph County",2,55,2145,1103,1042
050,37,151,"North Carolina","Randolph County",2,56,2144,1090,1054
050,37,151,"North Carolina","Randolph County",2,57,2125,1061,1064
050,37,151,"North Carolina","Randolph County",2,58,2137,1064,1073
050,37,151,"North Carolina","Randolph County",2,59,2154,1088,1066
050,37,151,"North Carolina","Randolph County",2,60,2036,1032,1004
050,37,151,"North Carolina","Randolph County",2,61,1991,1019,972
050,37,151,"North Carolina","Randolph County",2,62,1993,1013,980
050,37,151,"North Carolina","Randolph County",2,63,1975,984,991
050,37,151,"North Carolina","Randolph County",2,64,1841,917,924
050,37,151,"North Carolina","Randolph County",2,65,1778,895,883
050,37,151,"North Carolina","Randolph County",2,66,1725,843,882
050,37,151,"North Carolina","Randolph County",2,67,1694,805,889
050,37,151,"North Carolina","Randolph County",2,68,1609,743,866
050,37,151,"North Carolina","Randolph County",2,69,1548,730,818
050,37,151,"North Carolina","Randolph County",2,70,1437,698,739
050,37,151,"North Carolina","Randolph County",2,71,1450,692,758
050,37,151,"North Carolina","Randolph County",2,72,1469,668,801
050,37,151,"North Carolina","Randolph County",2,73,1609,754,855
050,37,151,"North Carolina","Randolph County",2,74,1111,521,590
050,37,151,"North Carolina","Randolph County",2,75,1115,519,596
050,37,151,"North Carolina","Randolph County",2,76,1071,484,587
050,37,151,"North Carolina","Randolph County",2,77,1051,462,589
050,37,151,"North Carolina","Randolph County",2,78,882,386,496
050,37,151,"North Carolina","Randolph County",2,79,763,340,423
050,37,151,"North Carolina","Randolph County",2,80,708,321,387
050,37,151,"North Carolina","Randolph County",2,81,639,287,352
050,37,151,"North Carolina","Randolph County",2,82,566,241,325
050,37,151,"North Carolina","Randolph County",2,83,495,207,288
050,37,151,"North Carolina","Randolph County",2,84,469,193,276
050,37,151,"North Carolina","Randolph County",2,85,2455,870,1585
050,37,151,"North Carolina","Randolph County",3,0,1516,774,742
050,37,151,"North Carolina","Randolph County",3,1,1621,818,803
050,37,151,"North Carolina","Randolph County",3,2,1573,774,799
050,37,151,"North Carolina","Randolph County",3,3,1669,826,843
050,37,151,"North Carolina","Randolph County",3,4,1711,855,856
050,37,151,"North Carolina","Randolph County",3,5,1693,846,847
050,37,151,"North Carolina","Randolph County",3,6,1751,874,877
050,37,151,"North Carolina","Randolph County",3,7,1746,896,850
050,37,151,"North Carolina","Randolph County",3,8,1744,880,864
050,37,151,"North Carolina","Randolph County",3,9,1766,901,865
050,37,151,"North Carolina","Randolph County",3,10,1780,918,862
050,37,151,"North Carolina","Randolph County",3,11,1912,974,938
050,37,151,"North Carolina","Randolph County",3,12,1912,995,917
050,37,151,"North Carolina","Randolph County",3,13,2067,1075,992
050,37,151,"North Carolina","Randolph County",3,14,2045,1065,980
050,37,151,"North Carolina","Randolph County",3,15,1974,1031,943
050,37,151,"North Carolina","Randolph County",3,16,1977,1016,961
050,37,151,"North Carolina","Randolph County",3,17,2070,1056,1014
050,37,151,"North Carolina","Randolph County",3,18,1801,971,830
050,37,151,"North Carolina","Randolph County",3,19,1532,824,708
050,37,151,"North Carolina","Randolph County",3,20,1649,887,762
050,37,151,"North Carolina","Randolph County",3,21,1696,875,821
050,37,151,"North Carolina","Randolph County",3,22,1755,883,872
050,37,151,"North Carolina","Randolph County",3,23,1748,882,866
050,37,151,"North Carolina","Randolph County",3,24,1659,825,834
050,37,151,"North Carolina","Randolph County",3,25,1709,875,834
050,37,151,"North Carolina","Randolph County",3,26,1731,877,854
050,37,151,"North Carolina","Randolph County",3,27,1814,940,874
050,37,151,"North Carolina","Randolph County",3,28,1792,915,877
050,37,151,"North Carolina","Randolph County",3,29,1833,920,913
050,37,151,"North Carolina","Randolph County",3,30,1876,947,929
050,37,151,"North Carolina","Randolph County",3,31,1861,944,917
050,37,151,"North Carolina","Randolph County",3,32,1747,896,851
050,37,151,"North Carolina","Randolph County",3,33,1718,840,878
050,37,151,"North Carolina","Randolph County",3,34,1681,810,871
050,37,151,"North Carolina","Randolph County",3,35,1661,822,839
050,37,151,"North Carolina","Randolph County",3,36,1649,837,812
050,37,151,"North Carolina","Randolph County",3,37,1586,818,768
050,37,151,"North Carolina","Randolph County",3,38,1611,822,789
050,37,151,"North Carolina","Randolph County",3,39,1640,807,833
050,37,151,"North Carolina","Randolph County",3,40,1672,831,841
050,37,151,"North Carolina","Randolph County",3,41,1706,852,854
050,37,151,"North Carolina","Randolph County",3,42,1639,770,869
050,37,151,"North Carolina","Randolph County",3,43,1728,833,895
050,37,151,"North Carolina","Randolph County",3,44,1677,824,853
050,37,151,"North Carolina","Randolph County",3,45,1659,816,843
050,37,151,"North Carolina","Randolph County",3,46,1792,876,916
050,37,151,"North Carolina","Randolph County",3,47,1808,889,919
050,37,151,"North Carolina","Randolph County",3,48,1860,924,936
050,37,151,"North Carolina","Randolph County",3,49,2037,1040,997
050,37,151,"North Carolina","Randolph County",3,50,2200,1122,1078
050,37,151,"North Carolina","Randolph County",3,51,2184,1112,1072
050,37,151,"North Carolina","Randolph County",3,52,2078,1059,1019
050,37,151,"North Carolina","Randolph County",3,53,2099,1080,1019
050,37,151,"North Carolina","Randolph County",3,54,2081,1039,1042
050,37,151,"North Carolina","Randolph County",3,55,2065,1053,1012
050,37,151,"North Carolina","Randolph County",3,56,2130,1081,1049
050,37,151,"North Carolina","Randolph County",3,57,2144,1081,1063
050,37,151,"North Carolina","Randolph County",3,58,2090,1046,1044
050,37,151,"North Carolina","Randolph County",3,59,2137,1073,1064
050,37,151,"North Carolina","Randolph County",3,60,2119,1071,1048
050,37,151,"North Carolina","Randolph County",3,61,2002,1015,987
050,37,151,"North Carolina","Randolph County",3,62,1962,994,968
050,37,151,"North Carolina","Randolph County",3,63,1993,1024,969
050,37,151,"North Carolina","Randolph County",3,64,1925,949,976
050,37,151,"North Carolina","Randolph County",3,65,1793,891,902
050,37,151,"North Carolina","Randolph County",3,66,1744,879,865
050,37,151,"North Carolina","Randolph County",3,67,1685,813,872
050,37,151,"North Carolina","Randolph County",3,68,1657,783,874
050,37,151,"North Carolina","Randolph County",3,69,1588,733,855
050,37,151,"North Carolina","Randolph County",3,70,1520,705,815
050,37,151,"North Carolina","Randolph County",3,71,1404,678,726
050,37,151,"North Carolina","Randolph County",3,72,1409,666,743
050,37,151,"North Carolina","Randolph County",3,73,1431,647,784
050,37,151,"North Carolina","Randolph County",3,74,1551,717,834
050,37,151,"North Carolina","Randolph County",3,75,1060,491,569
050,37,151,"North Carolina","Randolph County",3,76,1081,495,586
050,37,151,"North Carolina","Randolph County",3,77,1004,446,558
050,37,151,"North Carolina","Randolph County",3,78,1003,435,568
050,37,151,"North Carolina","Randolph County",3,79,829,356,473
050,37,151,"North Carolina","Randolph County",3,80,725,314,411
050,37,151,"North Carolina","Randolph County",3,81,647,288,359
050,37,151,"North Carolina","Randolph County",3,82,566,253,313
050,37,151,"North Carolina","Randolph County",3,83,525,227,298
050,37,151,"North Carolina","Randolph County",3,84,448,183,265
050,37,151,"North Carolina","Randolph County",3,85,2421,849,1572
050,37,151,"North Carolina","Randolph County",4,0,1537,782,755
050,37,151,"North Carolina","Randolph County",4,1,1565,813,752
050,37,151,"North Carolina","Randolph County",4,2,1664,843,821
050,37,151,"North Carolina","Randolph County",4,3,1624,800,824
050,37,151,"North Carolina","Randolph County",4,4,1705,828,877
050,37,151,"North Carolina","Randolph County",4,5,1770,882,888
050,37,151,"North Carolina","Randolph County",4,6,1755,872,883
050,37,151,"North Carolina","Randolph County",4,7,1797,912,885
050,37,151,"North Carolina","Randolph County",4,8,1792,909,883
050,37,151,"North Carolina","Randolph County",4,9,1778,891,887
050,37,151,"North Carolina","Randolph County",4,10,1793,915,878
050,37,151,"North Carolina","Randolph County",4,11,1806,923,883
050,37,151,"North Carolina","Randolph County",4,12,1960,1002,958
050,37,151,"North Carolina","Randolph County",4,13,1934,1012,922
050,37,151,"North Carolina","Randolph County",4,14,2097,1091,1006
050,37,151,"North Carolina","Randolph County",4,15,2036,1044,992
050,37,151,"North Carolina","Randolph County",4,16,2005,1026,979
050,37,151,"North Carolina","Randolph County",4,17,1991,1014,977
050,37,151,"North Carolina","Randolph County",4,18,1793,936,857
050,37,151,"North Carolina","Randolph County",4,19,1484,788,696
050,37,151,"North Carolina","Randolph County",4,20,1649,900,749
050,37,151,"North Carolina","Randolph County",4,21,1675,892,783
050,37,151,"North Carolina","Randolph County",4,22,1791,911,880
050,37,151,"North Carolina","Randolph County",4,23,1794,899,895
050,37,151,"North Carolina","Randolph County",4,24,1762,879,883
050,37,151,"North Carolina","Randolph County",4,25,1657,821,836
050,37,151,"North Carolina","Randolph County",4,26,1735,882,853
050,37,151,"North Carolina","Randolph County",4,27,1795,916,879
050,37,151,"North Carolina","Randolph County",4,28,1799,930,869
050,37,151,"North Carolina","Randolph County",4,29,1801,921,880
050,37,151,"North Carolina","Randolph County",4,30,1833,924,909
050,37,151,"North Carolina","Randolph County",4,31,1870,951,919
050,37,151,"North Carolina","Randolph County",4,32,1877,936,941
050,37,151,"North Carolina","Randolph County",4,33,1797,924,873
050,37,151,"North Carolina","Randolph County",4,34,1770,878,892
050,37,151,"North Carolina","Randolph County",4,35,1707,815,892
050,37,151,"North Carolina","Randolph County",4,36,1710,848,862
050,37,151,"North Carolina","Randolph County",4,37,1705,861,844
050,37,151,"North Carolina","Randolph County",4,38,1578,813,765
050,37,151,"North Carolina","Randolph County",4,39,1632,825,807
050,37,151,"North Carolina","Randolph County",4,40,1629,801,828
050,37,151,"North Carolina","Randolph County",4,41,1723,867,856
050,37,151,"North Carolina","Randolph County",4,42,1724,860,864
050,37,151,"North Carolina","Randolph County",4,43,1665,793,872
050,37,151,"North Carolina","Randolph County",4,44,1726,819,907
050,37,151,"North Carolina","Randolph County",4,45,1717,858,859
050,37,151,"North Carolina","Randolph County",4,46,1709,835,874
050,37,151,"North Carolina","Randolph County",4,47,1828,902,926
050,37,151,"North Carolina","Randolph County",4,48,1832,903,929
050,37,151,"North Carolina","Randolph County",4,49,1880,921,959
050,37,151,"North Carolina","Randolph County",4,50,2018,1030,988
050,37,151,"North Carolina","Randolph County",4,51,2207,1139,1068
050,37,151,"North Carolina","Randolph County",4,52,2180,1108,1072
050,37,151,"North Carolina","Randolph County",4,53,2055,1030,1025
050,37,151,"North Carolina","Randolph County",4,54,2093,1092,1001
050,37,151,"North Carolina","Randolph County",4,55,2095,1053,1042
050,37,151,"North Carolina","Randolph County",4,56,2053,1033,1020
050,37,151,"North Carolina","Randolph County",4,57,2113,1065,1048
050,37,151,"North Carolina","Randolph County",4,58,2141,1085,1056
050,37,151,"North Carolina","Randolph County",4,59,2129,1064,1065
050,37,151,"North Carolina","Randolph County",4,60,2109,1059,1050
050,37,151,"North Carolina","Randolph County",4,61,2084,1041,1043
050,37,151,"North Carolina","Randolph County",4,62,2008,1018,990
050,37,151,"North Carolina","Randolph County",4,63,1944,990,954
050,37,151,"North Carolina","Randolph County",4,64,1969,994,975
050,37,151,"North Carolina","Randolph County",4,65,1915,940,975
050,37,151,"North Carolina","Randolph County",4,66,1773,880,893
050,37,151,"North Carolina","Randolph County",4,67,1729,859,870
050,37,151,"North Carolina","Randolph County",4,68,1645,787,858
050,37,151,"North Carolina","Randolph County",4,69,1639,772,867
050,37,151,"North Carolina","Randolph County",4,70,1566,726,840
050,37,151,"North Carolina","Randolph County",4,71,1485,683,802
050,37,151,"North Carolina","Randolph County",4,72,1378,659,719
050,37,151,"North Carolina","Randolph County",4,73,1388,649,739
050,37,151,"North Carolina","Randolph County",4,74,1378,606,772
050,37,151,"North Carolina","Randolph County",4,75,1497,688,809
050,37,151,"North Carolina","Randolph County",4,76,1023,467,556
050,37,151,"North Carolina","Randolph County",4,77,1013,453,560
050,37,151,"North Carolina","Randolph County",4,78,957,411,546
050,37,151,"North Carolina","Randolph County",4,79,950,410,540
050,37,151,"North Carolina","Randolph County",4,80,804,337,467
050,37,151,"North Carolina","Randolph County",4,81,659,284,375
050,37,151,"North Carolina","Randolph County",4,82,575,250,325
050,37,151,"North Carolina","Randolph County",4,83,522,241,281
050,37,151,"North Carolina","Randolph County",4,84,478,198,280
050,37,151,"North Carolina","Randolph County",4,85,2368,823,1545
050,37,151,"North Carolina","Randolph County",5,0,1537,778,759
050,37,151,"North Carolina","Randolph County",5,1,1547,783,764
050,37,151,"North Carolina","Randolph County",5,2,1568,819,749
050,37,151,"North Carolina","Randolph County",5,3,1718,882,836
050,37,151,"North Carolina","Randolph County",5,4,1657,806,851
050,37,151,"North Carolina","Randolph County",5,5,1730,846,884
050,37,151,"North Carolina","Randolph County",5,6,1783,875,908
050,37,151,"North Carolina","Randolph County",5,7,1793,893,900
050,37,151,"North Carolina","Randolph County",5,8,1809,908,901
050,37,151,"North Carolina","Randolph County",5,9,1814,928,886
050,37,151,"North Carolina","Randolph County",5,10,1812,909,903
050,37,151,"North Carolina","Randolph County",5,11,1835,948,887
050,37,151,"North Carolina","Randolph County",5,12,1832,915,917
050,37,151,"North Carolina","Randolph County",5,13,1982,1017,965
050,37,151,"North Carolina","Randolph County",5,14,1955,1021,934
050,37,151,"North Carolina","Randolph County",5,15,2145,1115,1030
050,37,151,"North Carolina","Randolph County",5,16,2052,1056,996
050,37,151,"North Carolina","Randolph County",5,17,2008,1027,981
050,37,151,"North Carolina","Randolph County",5,18,1721,903,818
050,37,151,"North Carolina","Randolph County",5,19,1492,779,713
050,37,151,"North Carolina","Randolph County",5,20,1660,880,780
050,37,151,"North Carolina","Randolph County",5,21,1724,921,803
050,37,151,"North Carolina","Randolph County",5,22,1781,943,838
050,37,151,"North Carolina","Randolph County",5,23,1863,940,923
050,37,151,"North Carolina","Randolph County",5,24,1800,916,884
050,37,151,"North Carolina","Randolph County",5,25,1778,908,870
050,37,151,"North Carolina","Randolph County",5,26,1702,839,863
050,37,151,"North Carolina","Randolph County",5,27,1759,894,865
050,37,151,"North Carolina","Randolph County",5,28,1814,924,890
050,37,151,"North Carolina","Randolph County",5,29,1823,937,886
050,37,151,"North Carolina","Randolph County",5,30,1833,931,902
050,37,151,"North Carolina","Randolph County",5,31,1879,945,934
050,37,151,"North Carolina","Randolph County",5,32,1903,973,930
050,37,151,"North Carolina","Randolph County",5,33,1933,956,977
050,37,151,"North Carolina","Randolph County",5,34,1816,932,884
050,37,151,"North Carolina","Randolph County",5,35,1811,900,911
050,37,151,"North Carolina","Randolph County",5,36,1759,842,917
050,37,151,"North Carolina","Randolph County",5,37,1714,843,871
050,37,151,"North Carolina","Randolph County",5,38,1692,852,840
050,37,151,"North Carolina","Randolph County",5,39,1618,834,784
050,37,151,"North Carolina","Randolph County",5,40,1650,846,804
050,37,151,"North Carolina","Randolph County",5,41,1661,816,845
050,37,151,"North Carolina","Randolph County",5,42,1718,862,856
050,37,151,"North Carolina","Randolph County",5,43,1723,866,857
050,37,151,"North Carolina","Randolph County",5,44,1677,790,887
050,37,151,"North Carolina","Randolph County",5,45,1724,831,893
050,37,151,"North Carolina","Randolph County",5,46,1727,843,884
050,37,151,"North Carolina","Randolph County",5,47,1727,843,884
050,37,151,"North Carolina","Randolph County",5,48,1871,923,948
050,37,151,"North Carolina","Randolph County",5,49,1800,880,920
050,37,151,"North Carolina","Randolph County",5,50,1898,937,961
050,37,151,"North Carolina","Randolph County",5,51,2026,1039,987
050,37,151,"North Carolina","Randolph County",5,52,2224,1144,1080
050,37,151,"North Carolina","Randolph County",5,53,2197,1118,1079
050,37,151,"North Carolina","Randolph County",5,54,2046,1014,1032
050,37,151,"North Carolina","Randolph County",5,55,2098,1097,1001
050,37,151,"North Carolina","Randolph County",5,56,2091,1041,1050
050,37,151,"North Carolina","Randolph County",5,57,2062,1042,1020
050,37,151,"North Carolina","Randolph County",5,58,2117,1061,1056
050,37,151,"North Carolina","Randolph County",5,59,2168,1100,1068
050,37,151,"North Carolina","Randolph County",5,60,2093,1034,1059
050,37,151,"North Carolina","Randolph County",5,61,2101,1050,1051
050,37,151,"North Carolina","Randolph County",5,62,2072,1033,1039
050,37,151,"North Carolina","Randolph County",5,63,2017,1026,991
050,37,151,"North Carolina","Randolph County",5,64,1943,978,965
050,37,151,"North Carolina","Randolph County",5,65,1951,985,966
050,37,151,"North Carolina","Randolph County",5,66,1919,944,975
050,37,151,"North Carolina","Randolph County",5,67,1750,866,884
050,37,151,"North Carolina","Randolph County",5,68,1692,831,861
050,37,151,"North Carolina","Randolph County",5,69,1622,778,844
050,37,151,"North Carolina","Randolph County",5,70,1616,765,851
050,37,151,"North Carolina","Randolph County",5,71,1542,710,832
050,37,151,"North Carolina","Randolph County",5,72,1449,661,788
050,37,151,"North Carolina","Randolph County",5,73,1361,652,709
050,37,151,"North Carolina","Randolph County",5,74,1339,620,719
050,37,151,"North Carolina","Randolph County",5,75,1341,589,752
050,37,151,"North Carolina","Randolph County",5,76,1442,654,788
050,37,151,"North Carolina","Randolph County",5,77,970,435,535
050,37,151,"North Carolina","Randolph County",5,78,979,428,551
050,37,151,"North Carolina","Randolph County",5,79,900,386,514
050,37,151,"North Carolina","Randolph County",5,80,929,397,532
050,37,151,"North Carolina","Randolph County",5,81,747,311,436
050,37,151,"North Carolina","Randolph County",5,82,593,247,346
050,37,151,"North Carolina","Randolph County",5,83,544,241,303
050,37,151,"North Carolina","Randolph County",5,84,481,214,267
050,37,151,"North Carolina","Randolph County",5,85,2408,843,1565
050,37,153,"North Carolina","Richmond County",1,0,528,270,258
050,37,153,"North Carolina","Richmond County",1,1,522,269,253
050,37,153,"North Carolina","Richmond County",1,2,512,267,245
050,37,153,"North Carolina","Richmond County",1,3,529,267,262
050,37,153,"North Carolina","Richmond County",1,4,543,266,277
050,37,153,"North Carolina","Richmond County",1,5,504,262,242
050,37,153,"North Carolina","Richmond County",1,6,515,271,244
050,37,153,"North Carolina","Richmond County",1,7,515,271,244
050,37,153,"North Carolina","Richmond County",1,8,564,294,270
050,37,153,"North Carolina","Richmond County",1,9,578,294,284
050,37,153,"North Carolina","Richmond County",1,10,587,301,286
050,37,153,"North Carolina","Richmond County",1,11,581,299,282
050,37,153,"North Carolina","Richmond County",1,12,635,349,286
050,37,153,"North Carolina","Richmond County",1,13,620,328,292
050,37,153,"North Carolina","Richmond County",1,14,594,295,299
050,37,153,"North Carolina","Richmond County",1,15,581,290,291
050,37,153,"North Carolina","Richmond County",1,16,599,309,290
050,37,153,"North Carolina","Richmond County",1,17,547,272,275
050,37,153,"North Carolina","Richmond County",1,18,505,256,249
050,37,153,"North Carolina","Richmond County",1,19,497,288,209
050,37,153,"North Carolina","Richmond County",1,20,573,349,224
050,37,153,"North Carolina","Richmond County",1,21,557,326,231
050,37,153,"North Carolina","Richmond County",1,22,565,306,259
050,37,153,"North Carolina","Richmond County",1,23,530,281,249
050,37,153,"North Carolina","Richmond County",1,24,523,265,258
050,37,153,"North Carolina","Richmond County",1,25,498,241,257
050,37,153,"North Carolina","Richmond County",1,26,561,275,286
050,37,153,"North Carolina","Richmond County",1,27,586,309,277
050,37,153,"North Carolina","Richmond County",1,28,578,281,297
050,37,153,"North Carolina","Richmond County",1,29,601,308,293
050,37,153,"North Carolina","Richmond County",1,30,591,283,308
050,37,153,"North Carolina","Richmond County",1,31,523,262,261
050,37,153,"North Carolina","Richmond County",1,32,455,225,230
050,37,153,"North Carolina","Richmond County",1,33,485,240,245
050,37,153,"North Carolina","Richmond County",1,34,452,214,238
050,37,153,"North Carolina","Richmond County",1,35,437,213,224
050,37,153,"North Carolina","Richmond County",1,36,425,208,217
050,37,153,"North Carolina","Richmond County",1,37,476,232,244
050,37,153,"North Carolina","Richmond County",1,38,467,226,241
050,37,153,"North Carolina","Richmond County",1,39,518,259,259
050,37,153,"North Carolina","Richmond County",1,40,501,235,266
050,37,153,"North Carolina","Richmond County",1,41,512,251,261
050,37,153,"North Carolina","Richmond County",1,42,535,265,270
050,37,153,"North Carolina","Richmond County",1,43,482,240,242
050,37,153,"North Carolina","Richmond County",1,44,482,232,250
050,37,153,"North Carolina","Richmond County",1,45,515,240,275
050,37,153,"North Carolina","Richmond County",1,46,540,253,287
050,37,153,"North Carolina","Richmond County",1,47,560,266,294
050,37,153,"North Carolina","Richmond County",1,48,579,282,297
050,37,153,"North Carolina","Richmond County",1,49,618,328,290
050,37,153,"North Carolina","Richmond County",1,50,579,296,283
050,37,153,"North Carolina","Richmond County",1,51,557,262,295
050,37,153,"North Carolina","Richmond County",1,52,531,251,280
050,37,153,"North Carolina","Richmond County",1,53,527,261,266
050,37,153,"North Carolina","Richmond County",1,54,550,279,271
050,37,153,"North Carolina","Richmond County",1,55,574,287,287
050,37,153,"North Carolina","Richmond County",1,56,588,305,283
050,37,153,"North Carolina","Richmond County",1,57,576,299,277
050,37,153,"North Carolina","Richmond County",1,58,582,271,311
050,37,153,"North Carolina","Richmond County",1,59,608,298,310
050,37,153,"North Carolina","Richmond County",1,60,586,281,305
050,37,153,"North Carolina","Richmond County",1,61,583,279,304
050,37,153,"North Carolina","Richmond County",1,62,592,305,287
050,37,153,"North Carolina","Richmond County",1,63,545,275,270
050,37,153,"North Carolina","Richmond County",1,64,527,262,265
050,37,153,"North Carolina","Richmond County",1,65,513,236,277
050,37,153,"North Carolina","Richmond County",1,66,523,235,288
050,37,153,"North Carolina","Richmond County",1,67,518,243,275
050,37,153,"North Carolina","Richmond County",1,68,524,231,293
050,37,153,"North Carolina","Richmond County",1,69,451,212,239
050,37,153,"North Carolina","Richmond County",1,70,457,204,253
050,37,153,"North Carolina","Richmond County",1,71,479,210,269
050,37,153,"North Carolina","Richmond County",1,72,460,208,252
050,37,153,"North Carolina","Richmond County",1,73,450,213,237
050,37,153,"North Carolina","Richmond County",1,74,341,158,183
050,37,153,"North Carolina","Richmond County",1,75,306,147,159
050,37,153,"North Carolina","Richmond County",1,76,290,135,155
050,37,153,"North Carolina","Richmond County",1,77,297,130,167
050,37,153,"North Carolina","Richmond County",1,78,245,95,150
050,37,153,"North Carolina","Richmond County",1,79,236,87,149
050,37,153,"North Carolina","Richmond County",1,80,202,80,122
050,37,153,"North Carolina","Richmond County",1,81,202,75,127
050,37,153,"North Carolina","Richmond County",1,82,192,75,117
050,37,153,"North Carolina","Richmond County",1,83,151,66,85
050,37,153,"North Carolina","Richmond County",1,84,131,54,77
050,37,153,"North Carolina","Richmond County",1,85,694,264,430
050,37,153,"North Carolina","Richmond County",2,0,537,269,268
050,37,153,"North Carolina","Richmond County",2,1,518,267,251
050,37,153,"North Carolina","Richmond County",2,2,516,267,249
050,37,153,"North Carolina","Richmond County",2,3,523,264,259
050,37,153,"North Carolina","Richmond County",2,4,539,267,272
050,37,153,"North Carolina","Richmond County",2,5,515,263,252
050,37,153,"North Carolina","Richmond County",2,6,510,268,242
050,37,153,"North Carolina","Richmond County",2,7,510,267,243
050,37,153,"North Carolina","Richmond County",2,8,545,284,261
050,37,153,"North Carolina","Richmond County",2,9,577,295,282
050,37,153,"North Carolina","Richmond County",2,10,584,300,284
050,37,153,"North Carolina","Richmond County",2,11,583,300,283
050,37,153,"North Carolina","Richmond County",2,12,626,339,287
050,37,153,"North Carolina","Richmond County",2,13,625,332,293
050,37,153,"North Carolina","Richmond County",2,14,604,304,300
050,37,153,"North Carolina","Richmond County",2,15,589,294,295
050,37,153,"North Carolina","Richmond County",2,16,595,305,290
050,37,153,"North Carolina","Richmond County",2,17,564,281,283
050,37,153,"North Carolina","Richmond County",2,18,496,252,244
050,37,153,"North Carolina","Richmond County",2,19,494,282,212
050,37,153,"North Carolina","Richmond County",2,20,577,352,225
050,37,153,"North Carolina","Richmond County",2,21,563,330,233
050,37,153,"North Carolina","Richmond County",2,22,558,304,254
050,37,153,"North Carolina","Richmond County",2,23,534,282,252
050,37,153,"North Carolina","Richmond County",2,24,520,266,254
050,37,153,"North Carolina","Richmond County",2,25,504,247,257
050,37,153,"North Carolina","Richmond County",2,26,547,268,279
050,37,153,"North Carolina","Richmond County",2,27,578,302,276
050,37,153,"North Carolina","Richmond County",2,28,574,285,289
050,37,153,"North Carolina","Richmond County",2,29,598,305,293
050,37,153,"North Carolina","Richmond County",2,30,593,287,306
050,37,153,"North Carolina","Richmond County",2,31,541,269,272
050,37,153,"North Carolina","Richmond County",2,32,472,233,239
050,37,153,"North Carolina","Richmond County",2,33,473,233,240
050,37,153,"North Carolina","Richmond County",2,34,463,222,241
050,37,153,"North Carolina","Richmond County",2,35,443,214,229
050,37,153,"North Carolina","Richmond County",2,36,426,208,218
050,37,153,"North Carolina","Richmond County",2,37,458,222,236
050,37,153,"North Carolina","Richmond County",2,38,471,229,242
050,37,153,"North Carolina","Richmond County",2,39,502,249,253
050,37,153,"North Carolina","Richmond County",2,40,505,238,267
050,37,153,"North Carolina","Richmond County",2,41,513,248,265
050,37,153,"North Carolina","Richmond County",2,42,524,256,268
050,37,153,"North Carolina","Richmond County",2,43,502,249,253
050,37,153,"North Carolina","Richmond County",2,44,477,231,246
050,37,153,"North Carolina","Richmond County",2,45,509,240,269
050,37,153,"North Carolina","Richmond County",2,46,531,250,281
050,37,153,"North Carolina","Richmond County",2,47,551,258,293
050,37,153,"North Carolina","Richmond County",2,48,575,280,295
050,37,153,"North Carolina","Richmond County",2,49,607,315,292
050,37,153,"North Carolina","Richmond County",2,50,590,305,285
050,37,153,"North Carolina","Richmond County",2,51,560,269,291
050,37,153,"North Carolina","Richmond County",2,52,536,252,284
050,37,153,"North Carolina","Richmond County",2,53,524,257,267
050,37,153,"North Carolina","Richmond County",2,54,544,273,271
050,37,153,"North Carolina","Richmond County",2,55,566,284,282
050,37,153,"North Carolina","Richmond County",2,56,584,303,281
050,37,153,"North Carolina","Richmond County",2,57,575,299,276
050,37,153,"North Carolina","Richmond County",2,58,578,276,302
050,37,153,"North Carolina","Richmond County",2,59,598,288,310
050,37,153,"North Carolina","Richmond County",2,60,588,283,305
050,37,153,"North Carolina","Richmond County",2,61,580,279,301
050,37,153,"North Carolina","Richmond County",2,62,588,296,292
050,37,153,"North Carolina","Richmond County",2,63,559,283,276
050,37,153,"North Carolina","Richmond County",2,64,526,262,264
050,37,153,"North Carolina","Richmond County",2,65,512,240,272
050,37,153,"North Carolina","Richmond County",2,66,520,236,284
050,37,153,"North Carolina","Richmond County",2,67,516,240,276
050,37,153,"North Carolina","Richmond County",2,68,516,230,286
050,37,153,"North Carolina","Richmond County",2,69,472,216,256
050,37,153,"North Carolina","Richmond County",2,70,454,205,249
050,37,153,"North Carolina","Richmond County",2,71,472,208,264
050,37,153,"North Carolina","Richmond County",2,72,455,205,250
050,37,153,"North Carolina","Richmond County",2,73,470,219,251
050,37,153,"North Carolina","Richmond County",2,74,342,159,183
050,37,153,"North Carolina","Richmond County",2,75,313,151,162
050,37,153,"North Carolina","Richmond County",2,76,290,137,153
050,37,153,"North Carolina","Richmond County",2,77,299,132,167
050,37,153,"North Carolina","Richmond County",2,78,246,100,146
050,37,153,"North Carolina","Richmond County",2,79,235,86,149
050,37,153,"North Carolina","Richmond County",2,80,206,81,125
050,37,153,"North Carolina","Richmond County",2,81,200,75,125
050,37,153,"North Carolina","Richmond County",2,82,189,73,116
050,37,153,"North Carolina","Richmond County",2,83,153,66,87
050,37,153,"North Carolina","Richmond County",2,84,127,51,76
050,37,153,"North Carolina","Richmond County",2,85,692,262,430
050,37,153,"North Carolina","Richmond County",3,0,559,302,257
050,37,153,"North Carolina","Richmond County",3,1,497,249,248
050,37,153,"North Carolina","Richmond County",3,2,511,258,253
050,37,153,"North Carolina","Richmond County",3,3,530,266,264
050,37,153,"North Carolina","Richmond County",3,4,527,265,262
050,37,153,"North Carolina","Richmond County",3,5,543,270,273
050,37,153,"North Carolina","Richmond County",3,6,524,266,258
050,37,153,"North Carolina","Richmond County",3,7,497,265,232
050,37,153,"North Carolina","Richmond County",3,8,485,245,240
050,37,153,"North Carolina","Richmond County",3,9,546,280,266
050,37,153,"North Carolina","Richmond County",3,10,569,294,275
050,37,153,"North Carolina","Richmond County",3,11,584,293,291
050,37,153,"North Carolina","Richmond County",3,12,600,301,299
050,37,153,"North Carolina","Richmond County",3,13,641,349,292
050,37,153,"North Carolina","Richmond County",3,14,625,328,297
050,37,153,"North Carolina","Richmond County",3,15,603,304,299
050,37,153,"North Carolina","Richmond County",3,16,608,301,307
050,37,153,"North Carolina","Richmond County",3,17,595,304,291
050,37,153,"North Carolina","Richmond County",3,18,488,249,239
050,37,153,"North Carolina","Richmond County",3,19,473,259,214
050,37,153,"North Carolina","Richmond County",3,20,581,359,222
050,37,153,"North Carolina","Richmond County",3,21,586,348,238
050,37,153,"North Carolina","Richmond County",3,22,544,300,244
050,37,153,"North Carolina","Richmond County",3,23,548,288,260
050,37,153,"North Carolina","Richmond County",3,24,524,282,242
050,37,153,"North Carolina","Richmond County",3,25,526,266,260
050,37,153,"North Carolina","Richmond County",3,26,507,243,264
050,37,153,"North Carolina","Richmond County",3,27,552,281,271
050,37,153,"North Carolina","Richmond County",3,28,575,287,288
050,37,153,"North Carolina","Richmond County",3,29,582,292,290
050,37,153,"North Carolina","Richmond County",3,30,581,279,302
050,37,153,"North Carolina","Richmond County",3,31,606,299,307
050,37,153,"North Carolina","Richmond County",3,32,523,257,266
050,37,153,"North Carolina","Richmond County",3,33,467,231,236
050,37,153,"North Carolina","Richmond County",3,34,468,233,235
050,37,153,"North Carolina","Richmond County",3,35,467,232,235
050,37,153,"North Carolina","Richmond County",3,36,441,212,229
050,37,153,"North Carolina","Richmond County",3,37,432,211,221
050,37,153,"North Carolina","Richmond County",3,38,458,223,235
050,37,153,"North Carolina","Richmond County",3,39,490,242,248
050,37,153,"North Carolina","Richmond County",3,40,507,246,261
050,37,153,"North Carolina","Richmond County",3,41,518,247,271
050,37,153,"North Carolina","Richmond County",3,42,501,245,256
050,37,153,"North Carolina","Richmond County",3,43,521,256,265
050,37,153,"North Carolina","Richmond County",3,44,500,250,250
050,37,153,"North Carolina","Richmond County",3,45,478,230,248
050,37,153,"North Carolina","Richmond County",3,46,508,239,269
050,37,153,"North Carolina","Richmond County",3,47,529,250,279
050,37,153,"North Carolina","Richmond County",3,48,545,251,294
050,37,153,"North Carolina","Richmond County",3,49,561,263,298
050,37,153,"North Carolina","Richmond County",3,50,616,321,295
050,37,153,"North Carolina","Richmond County",3,51,577,307,270
050,37,153,"North Carolina","Richmond County",3,52,568,272,296
050,37,153,"North Carolina","Richmond County",3,53,543,256,287
050,37,153,"North Carolina","Richmond County",3,54,523,255,268
050,37,153,"North Carolina","Richmond County",3,55,546,283,263
050,37,153,"North Carolina","Richmond County",3,56,561,280,281
050,37,153,"North Carolina","Richmond County",3,57,571,293,278
050,37,153,"North Carolina","Richmond County",3,58,566,293,273
050,37,153,"North Carolina","Richmond County",3,59,559,260,299
050,37,153,"North Carolina","Richmond County",3,60,581,283,298
050,37,153,"North Carolina","Richmond County",3,61,592,288,304
050,37,153,"North Carolina","Richmond County",3,62,567,267,300
050,37,153,"North Carolina","Richmond County",3,63,571,288,283
050,37,153,"North Carolina","Richmond County",3,64,545,272,273
050,37,153,"North Carolina","Richmond County",3,65,507,251,256
050,37,153,"North Carolina","Richmond County",3,66,500,235,265
050,37,153,"North Carolina","Richmond County",3,67,497,227,270
050,37,153,"North Carolina","Richmond County",3,68,502,234,268
050,37,153,"North Carolina","Richmond County",3,69,492,214,278
050,37,153,"North Carolina","Richmond County",3,70,448,205,243
050,37,153,"North Carolina","Richmond County",3,71,438,197,241
050,37,153,"North Carolina","Richmond County",3,72,459,202,257
050,37,153,"North Carolina","Richmond County",3,73,431,191,240
050,37,153,"North Carolina","Richmond County",3,74,449,207,242
050,37,153,"North Carolina","Richmond County",3,75,322,146,176
050,37,153,"North Carolina","Richmond County",3,76,302,144,158
050,37,153,"North Carolina","Richmond County",3,77,279,132,147
050,37,153,"North Carolina","Richmond County",3,78,276,119,157
050,37,153,"North Carolina","Richmond County",3,79,228,87,141
050,37,153,"North Carolina","Richmond County",3,80,208,76,132
050,37,153,"North Carolina","Richmond County",3,81,193,71,122
050,37,153,"North Carolina","Richmond County",3,82,183,72,111
050,37,153,"North Carolina","Richmond County",3,83,173,65,108
050,37,153,"North Carolina","Richmond County",3,84,135,57,78
050,37,153,"North Carolina","Richmond County",3,85,666,248,418
050,37,153,"North Carolina","Richmond County",4,0,536,276,260
050,37,153,"North Carolina","Richmond County",4,1,557,301,256
050,37,153,"North Carolina","Richmond County",4,2,489,246,243
050,37,153,"North Carolina","Richmond County",4,3,525,262,263
050,37,153,"North Carolina","Richmond County",4,4,540,267,273
050,37,153,"North Carolina","Richmond County",4,5,547,277,270
050,37,153,"North Carolina","Richmond County",4,6,544,265,279
050,37,153,"North Carolina","Richmond County",4,7,518,264,254
050,37,153,"North Carolina","Richmond County",4,8,510,269,241
050,37,153,"North Carolina","Richmond County",4,9,493,256,237
050,37,153,"North Carolina","Richmond County",4,10,539,279,260
050,37,153,"North Carolina","Richmond County",4,11,589,309,280
050,37,153,"North Carolina","Richmond County",4,12,590,301,289
050,37,153,"North Carolina","Richmond County",4,13,592,298,294
050,37,153,"North Carolina","Richmond County",4,14,640,343,297
050,37,153,"North Carolina","Richmond County",4,15,612,325,287
050,37,153,"North Carolina","Richmond County",4,16,618,310,308
050,37,153,"North Carolina","Richmond County",4,17,599,290,309
050,37,153,"North Carolina","Richmond County",4,18,516,263,253
050,37,153,"North Carolina","Richmond County",4,19,444,249,195
050,37,153,"North Carolina","Richmond County",4,20,548,323,225
050,37,153,"North Carolina","Richmond County",4,21,567,337,230
050,37,153,"North Carolina","Richmond County",4,22,566,327,239
050,37,153,"North Carolina","Richmond County",4,23,526,279,247
050,37,153,"North Carolina","Richmond County",4,24,545,275,270
050,37,153,"North Carolina","Richmond County",4,25,550,285,265
050,37,153,"North Carolina","Richmond County",4,26,496,246,250
050,37,153,"North Carolina","Richmond County",4,27,503,242,261
050,37,153,"North Carolina","Richmond County",4,28,522,257,265
050,37,153,"North Carolina","Richmond County",4,29,580,291,289
050,37,153,"North Carolina","Richmond County",4,30,560,284,276
050,37,153,"North Carolina","Richmond County",4,31,584,288,296
050,37,153,"North Carolina","Richmond County",4,32,589,281,308
050,37,153,"North Carolina","Richmond County",4,33,505,244,261
050,37,153,"North Carolina","Richmond County",4,34,472,234,238
050,37,153,"North Carolina","Richmond County",4,35,468,230,238
050,37,153,"North Carolina","Richmond County",4,36,460,228,232
050,37,153,"North Carolina","Richmond County",4,37,428,204,224
050,37,153,"North Carolina","Richmond County",4,38,442,224,218
050,37,153,"North Carolina","Richmond County",4,39,451,222,229
050,37,153,"North Carolina","Richmond County",4,40,460,210,250
050,37,153,"North Carolina","Richmond County",4,41,526,259,267
050,37,153,"North Carolina","Richmond County",4,42,515,243,272
050,37,153,"North Carolina","Richmond County",4,43,501,243,258
050,37,153,"North Carolina","Richmond County",4,44,520,255,265
050,37,153,"North Carolina","Richmond County",4,45,493,246,247
050,37,153,"North Carolina","Richmond County",4,46,474,236,238
050,37,153,"North Carolina","Richmond County",4,47,489,232,257
050,37,153,"North Carolina","Richmond County",4,48,527,250,277
050,37,153,"North Carolina","Richmond County",4,49,533,244,289
050,37,153,"North Carolina","Richmond County",4,50,560,261,299
050,37,153,"North Carolina","Richmond County",4,51,609,319,290
050,37,153,"North Carolina","Richmond County",4,52,571,300,271
050,37,153,"North Carolina","Richmond County",4,53,566,271,295
050,37,153,"North Carolina","Richmond County",4,54,537,250,287
050,37,153,"North Carolina","Richmond County",4,55,526,255,271
050,37,153,"North Carolina","Richmond County",4,56,538,274,264
050,37,153,"North Carolina","Richmond County",4,57,561,286,275
050,37,153,"North Carolina","Richmond County",4,58,577,295,282
050,37,153,"North Carolina","Richmond County",4,59,552,287,265
050,37,153,"North Carolina","Richmond County",4,60,554,262,292
050,37,153,"North Carolina","Richmond County",4,61,571,277,294
050,37,153,"North Carolina","Richmond County",4,62,587,286,301
050,37,153,"North Carolina","Richmond County",4,63,561,264,297
050,37,153,"North Carolina","Richmond County",4,64,574,283,291
050,37,153,"North Carolina","Richmond County",4,65,531,266,265
050,37,153,"North Carolina","Richmond County",4,66,495,242,253
050,37,153,"North Carolina","Richmond County",4,67,484,226,258
050,37,153,"North Carolina","Richmond County",4,68,481,215,266
050,37,153,"North Carolina","Richmond County",4,69,483,223,260
050,37,153,"North Carolina","Richmond County",4,70,473,202,271
050,37,153,"North Carolina","Richmond County",4,71,438,198,240
050,37,153,"North Carolina","Richmond County",4,72,420,190,230
050,37,153,"North Carolina","Richmond County",4,73,439,194,245
050,37,153,"North Carolina","Richmond County",4,74,412,180,232
050,37,153,"North Carolina","Richmond County",4,75,428,194,234
050,37,153,"North Carolina","Richmond County",4,76,302,138,164
050,37,153,"North Carolina","Richmond County",4,77,292,138,154
050,37,153,"North Carolina","Richmond County",4,78,262,123,139
050,37,153,"North Carolina","Richmond County",4,79,253,104,149
050,37,153,"North Carolina","Richmond County",4,80,193,75,118
050,37,153,"North Carolina","Richmond County",4,81,192,70,122
050,37,153,"North Carolina","Richmond County",4,82,180,69,111
050,37,153,"North Carolina","Richmond County",4,83,164,65,99
050,37,153,"North Carolina","Richmond County",4,84,157,54,103
050,37,153,"North Carolina","Richmond County",4,85,652,238,414
050,37,153,"North Carolina","Richmond County",5,0,517,268,249
050,37,153,"North Carolina","Richmond County",5,1,535,263,272
050,37,153,"North Carolina","Richmond County",5,2,560,310,250
050,37,153,"North Carolina","Richmond County",5,3,490,248,242
050,37,153,"North Carolina","Richmond County",5,4,539,262,277
050,37,153,"North Carolina","Richmond County",5,5,540,268,272
050,37,153,"North Carolina","Richmond County",5,6,537,273,264
050,37,153,"North Carolina","Richmond County",5,7,543,270,273
050,37,153,"North Carolina","Richmond County",5,8,525,273,252
050,37,153,"North Carolina","Richmond County",5,9,509,272,237
050,37,153,"North Carolina","Richmond County",5,10,486,257,229
050,37,153,"North Carolina","Richmond County",5,11,552,286,266
050,37,153,"North Carolina","Richmond County",5,12,573,299,274
050,37,153,"North Carolina","Richmond County",5,13,580,299,281
050,37,153,"North Carolina","Richmond County",5,14,598,290,308
050,37,153,"North Carolina","Richmond County",5,15,648,346,302
050,37,153,"North Carolina","Richmond County",5,16,614,327,287
050,37,153,"North Carolina","Richmond County",5,17,608,303,305
050,37,153,"North Carolina","Richmond County",5,18,497,254,243
050,37,153,"North Carolina","Richmond County",5,19,472,261,211
050,37,153,"North Carolina","Richmond County",5,20,513,315,198
050,37,153,"North Carolina","Richmond County",5,21,546,307,239
050,37,153,"North Carolina","Richmond County",5,22,542,300,242
050,37,153,"North Carolina","Richmond County",5,23,570,313,257
050,37,153,"North Carolina","Richmond County",5,24,523,285,238
050,37,153,"North Carolina","Richmond County",5,25,536,264,272
050,37,153,"North Carolina","Richmond County",5,26,548,280,268
050,37,153,"North Carolina","Richmond County",5,27,496,250,246
050,37,153,"North Carolina","Richmond County",5,28,487,235,252
050,37,153,"North Carolina","Richmond County",5,29,540,275,265
050,37,153,"North Carolina","Richmond County",5,30,555,268,287
050,37,153,"North Carolina","Richmond County",5,31,575,295,280
050,37,153,"North Carolina","Richmond County",5,32,586,283,303
050,37,153,"North Carolina","Richmond County",5,33,587,275,312
050,37,153,"North Carolina","Richmond County",5,34,515,249,266
050,37,153,"North Carolina","Richmond County",5,35,460,226,234
050,37,153,"North Carolina","Richmond County",5,36,456,228,228
050,37,153,"North Carolina","Richmond County",5,37,449,219,230
050,37,153,"North Carolina","Richmond County",5,38,430,201,229
050,37,153,"North Carolina","Richmond County",5,39,452,228,224
050,37,153,"North Carolina","Richmond County",5,40,423,200,223
050,37,153,"North Carolina","Richmond County",5,41,465,215,250
050,37,153,"North Carolina","Richmond County",5,42,511,247,264
050,37,153,"North Carolina","Richmond County",5,43,505,240,265
050,37,153,"North Carolina","Richmond County",5,44,495,237,258
050,37,153,"North Carolina","Richmond County",5,45,512,245,267
050,37,153,"North Carolina","Richmond County",5,46,498,244,254
050,37,153,"North Carolina","Richmond County",5,47,471,233,238
050,37,153,"North Carolina","Richmond County",5,48,492,230,262
050,37,153,"North Carolina","Richmond County",5,49,508,237,271
050,37,153,"North Carolina","Richmond County",5,50,537,242,295
050,37,153,"North Carolina","Richmond County",5,51,561,267,294
050,37,153,"North Carolina","Richmond County",5,52,598,314,284
050,37,153,"North Carolina","Richmond County",5,53,563,294,269
050,37,153,"North Carolina","Richmond County",5,54,568,271,297
050,37,153,"North Carolina","Richmond County",5,55,537,261,276
050,37,153,"North Carolina","Richmond County",5,56,534,262,272
050,37,153,"North Carolina","Richmond County",5,57,537,273,264
050,37,153,"North Carolina","Richmond County",5,58,558,281,277
050,37,153,"North Carolina","Richmond County",5,59,566,287,279
050,37,153,"North Carolina","Richmond County",5,60,535,279,256
050,37,153,"North Carolina","Richmond County",5,61,543,256,287
050,37,153,"North Carolina","Richmond County",5,62,558,268,290
050,37,153,"North Carolina","Richmond County",5,63,565,271,294
050,37,153,"North Carolina","Richmond County",5,64,547,250,297
050,37,153,"North Carolina","Richmond County",5,65,553,269,284
050,37,153,"North Carolina","Richmond County",5,66,533,267,266
050,37,153,"North Carolina","Richmond County",5,67,491,236,255
050,37,153,"North Carolina","Richmond County",5,68,473,219,254
050,37,153,"North Carolina","Richmond County",5,69,472,210,262
050,37,153,"North Carolina","Richmond County",5,70,459,207,252
050,37,153,"North Carolina","Richmond County",5,71,461,195,266
050,37,153,"North Carolina","Richmond County",5,72,421,195,226
050,37,153,"North Carolina","Richmond County",5,73,400,181,219
050,37,153,"North Carolina","Richmond County",5,74,411,180,231
050,37,153,"North Carolina","Richmond County",5,75,392,167,225
050,37,153,"North Carolina","Richmond County",5,76,408,184,224
050,37,153,"North Carolina","Richmond County",5,77,292,132,160
050,37,153,"North Carolina","Richmond County",5,78,279,131,148
050,37,153,"North Carolina","Richmond County",5,79,237,108,129
050,37,153,"North Carolina","Richmond County",5,80,225,97,128
050,37,153,"North Carolina","Richmond County",5,81,180,68,112
050,37,153,"North Carolina","Richmond County",5,82,179,71,108
050,37,153,"North Carolina","Richmond County",5,83,166,63,103
050,37,153,"North Carolina","Richmond County",5,84,146,53,93
050,37,153,"North Carolina","Richmond County",5,85,670,230,440
050,37,155,"North Carolina","Robeson County",1,0,1476,750,726
050,37,155,"North Carolina","Robeson County",1,1,1503,766,737
050,37,155,"North Carolina","Robeson County",1,2,1498,779,719
050,37,155,"North Carolina","Robeson County",1,3,1591,824,767
050,37,155,"North Carolina","Robeson County",1,4,1570,797,773
050,37,155,"North Carolina","Robeson County",1,5,1566,803,763
050,37,155,"North Carolina","Robeson County",1,6,1613,827,786
050,37,155,"North Carolina","Robeson County",1,7,1602,792,810
050,37,155,"North Carolina","Robeson County",1,8,1514,725,789
050,37,155,"North Carolina","Robeson County",1,9,1628,819,809
050,37,155,"North Carolina","Robeson County",1,10,1762,895,867
050,37,155,"North Carolina","Robeson County",1,11,1770,911,859
050,37,155,"North Carolina","Robeson County",1,12,1860,947,913
050,37,155,"North Carolina","Robeson County",1,13,1795,919,876
050,37,155,"North Carolina","Robeson County",1,14,1709,872,837
050,37,155,"North Carolina","Robeson County",1,15,1669,846,823
050,37,155,"North Carolina","Robeson County",1,16,1590,817,773
050,37,155,"North Carolina","Robeson County",1,17,1611,812,799
050,37,155,"North Carolina","Robeson County",1,18,1971,977,994
050,37,155,"North Carolina","Robeson County",1,19,2014,1001,1013
050,37,155,"North Carolina","Robeson County",1,20,1774,904,870
050,37,155,"North Carolina","Robeson County",1,21,1698,863,835
050,37,155,"North Carolina","Robeson County",1,22,1558,784,774
050,37,155,"North Carolina","Robeson County",1,23,1478,751,727
050,37,155,"North Carolina","Robeson County",1,24,1400,697,703
050,37,155,"North Carolina","Robeson County",1,25,1451,744,707
050,37,155,"North Carolina","Robeson County",1,26,1475,744,731
050,37,155,"North Carolina","Robeson County",1,27,1529,771,758
050,37,155,"North Carolina","Robeson County",1,28,1581,786,795
050,37,155,"North Carolina","Robeson County",1,29,1572,766,806
050,37,155,"North Carolina","Robeson County",1,30,1511,723,788
050,37,155,"North Carolina","Robeson County",1,31,1428,682,746
050,37,155,"North Carolina","Robeson County",1,32,1388,687,701
050,37,155,"North Carolina","Robeson County",1,33,1297,645,652
050,37,155,"North Carolina","Robeson County",1,34,1245,610,635
050,37,155,"North Carolina","Robeson County",1,35,1291,603,688
050,37,155,"North Carolina","Robeson County",1,36,1321,622,699
050,37,155,"North Carolina","Robeson County",1,37,1373,664,709
050,37,155,"North Carolina","Robeson County",1,38,1335,644,691
050,37,155,"North Carolina","Robeson County",1,39,1323,621,702
050,37,155,"North Carolina","Robeson County",1,40,1349,609,740
050,37,155,"North Carolina","Robeson County",1,41,1359,634,725
050,37,155,"North Carolina","Robeson County",1,42,1465,729,736
050,37,155,"North Carolina","Robeson County",1,43,1390,690,700
050,37,155,"North Carolina","Robeson County",1,44,1328,642,686
050,37,155,"North Carolina","Robeson County",1,45,1371,636,735
050,37,155,"North Carolina","Robeson County",1,46,1445,684,761
050,37,155,"North Carolina","Robeson County",1,47,1433,687,746
050,37,155,"North Carolina","Robeson County",1,48,1476,732,744
050,37,155,"North Carolina","Robeson County",1,49,1547,763,784
050,37,155,"North Carolina","Robeson County",1,50,1456,720,736
050,37,155,"North Carolina","Robeson County",1,51,1392,688,704
050,37,155,"North Carolina","Robeson County",1,52,1419,689,730
050,37,155,"North Carolina","Robeson County",1,53,1426,685,741
050,37,155,"North Carolina","Robeson County",1,54,1419,690,729
050,37,155,"North Carolina","Robeson County",1,55,1439,690,749
050,37,155,"North Carolina","Robeson County",1,56,1419,696,723
050,37,155,"North Carolina","Robeson County",1,57,1531,748,783
050,37,155,"North Carolina","Robeson County",1,58,1549,777,772
050,37,155,"North Carolina","Robeson County",1,59,1534,729,805
050,37,155,"North Carolina","Robeson County",1,60,1493,690,803
050,37,155,"North Carolina","Robeson County",1,61,1446,661,785
050,37,155,"North Carolina","Robeson County",1,62,1455,684,771
050,37,155,"North Carolina","Robeson County",1,63,1414,671,743
050,37,155,"North Carolina","Robeson County",1,64,1430,665,765
050,37,155,"North Carolina","Robeson County",1,65,1401,630,771
050,37,155,"North Carolina","Robeson County",1,66,1327,596,731
050,37,155,"North Carolina","Robeson County",1,67,1205,566,639
050,37,155,"North Carolina","Robeson County",1,68,1200,550,650
050,37,155,"North Carolina","Robeson County",1,69,1128,480,648
050,37,155,"North Carolina","Robeson County",1,70,1097,496,601
050,37,155,"North Carolina","Robeson County",1,71,1094,514,580
050,37,155,"North Carolina","Robeson County",1,72,1111,537,574
050,37,155,"North Carolina","Robeson County",1,73,1071,533,538
050,37,155,"North Carolina","Robeson County",1,74,803,366,437
050,37,155,"North Carolina","Robeson County",1,75,779,340,439
050,37,155,"North Carolina","Robeson County",1,76,676,298,378
050,37,155,"North Carolina","Robeson County",1,77,617,265,352
050,37,155,"North Carolina","Robeson County",1,78,570,235,335
050,37,155,"North Carolina","Robeson County",1,79,506,205,301
050,37,155,"North Carolina","Robeson County",1,80,498,192,306
050,37,155,"North Carolina","Robeson County",1,81,452,172,280
050,37,155,"North Carolina","Robeson County",1,82,425,153,272
050,37,155,"North Carolina","Robeson County",1,83,339,124,215
050,37,155,"North Carolina","Robeson County",1,84,310,112,198
050,37,155,"North Carolina","Robeson County",1,85,1580,511,1069
050,37,155,"North Carolina","Robeson County",2,0,1485,757,728
050,37,155,"North Carolina","Robeson County",2,1,1498,763,735
050,37,155,"North Carolina","Robeson County",2,2,1498,774,724
050,37,155,"North Carolina","Robeson County",2,3,1563,809,754
050,37,155,"North Carolina","Robeson County",2,4,1577,802,775
050,37,155,"North Carolina","Robeson County",2,5,1567,804,763
050,37,155,"North Carolina","Robeson County",2,6,1599,824,775
050,37,155,"North Carolina","Robeson County",2,7,1601,796,805
050,37,155,"North Carolina","Robeson County",2,8,1532,741,791
050,37,155,"North Carolina","Robeson County",2,9,1596,795,801
050,37,155,"North Carolina","Robeson County",2,10,1721,870,851
050,37,155,"North Carolina","Robeson County",2,11,1762,903,859
050,37,155,"North Carolina","Robeson County",2,12,1852,946,906
050,37,155,"North Carolina","Robeson County",2,13,1806,924,882
050,37,155,"North Carolina","Robeson County",2,14,1731,884,847
050,37,155,"North Carolina","Robeson County",2,15,1686,856,830
050,37,155,"North Carolina","Robeson County",2,16,1609,822,787
050,37,155,"North Carolina","Robeson County",2,17,1601,814,787
050,37,155,"North Carolina","Robeson County",2,18,1945,961,984
050,37,155,"North Carolina","Robeson County",2,19,1982,983,999
050,37,155,"North Carolina","Robeson County",2,20,1770,902,868
050,37,155,"North Carolina","Robeson County",2,21,1688,855,833
050,37,155,"North Carolina","Robeson County",2,22,1573,792,781
050,37,155,"North Carolina","Robeson County",2,23,1475,745,730
050,37,155,"North Carolina","Robeson County",2,24,1405,701,704
050,37,155,"North Carolina","Robeson County",2,25,1438,731,707
050,37,155,"North Carolina","Robeson County",2,26,1468,745,723
050,37,155,"North Carolina","Robeson County",2,27,1524,771,753
050,37,155,"North Carolina","Robeson County",2,28,1562,774,788
050,37,155,"North Carolina","Robeson County",2,29,1568,768,800
050,37,155,"North Carolina","Robeson County",2,30,1525,732,793
050,37,155,"North Carolina","Robeson County",2,31,1449,695,754
050,37,155,"North Carolina","Robeson County",2,32,1394,685,709
050,37,155,"North Carolina","Robeson County",2,33,1309,649,660
050,37,155,"North Carolina","Robeson County",2,34,1253,619,634
050,37,155,"North Carolina","Robeson County",2,35,1284,607,677
050,37,155,"North Carolina","Robeson County",2,36,1306,610,696
050,37,155,"North Carolina","Robeson County",2,37,1364,654,710
050,37,155,"North Carolina","Robeson County",2,38,1348,651,697
050,37,155,"North Carolina","Robeson County",2,39,1312,614,698
050,37,155,"North Carolina","Robeson County",2,40,1353,614,739
050,37,155,"North Carolina","Robeson County",2,41,1348,627,721
050,37,155,"North Carolina","Robeson County",2,42,1418,695,723
050,37,155,"North Carolina","Robeson County",2,43,1414,700,714
050,37,155,"North Carolina","Robeson County",2,44,1327,648,679
050,37,155,"North Carolina","Robeson County",2,45,1366,641,725
050,37,155,"North Carolina","Robeson County",2,46,1419,668,751
050,37,155,"North Carolina","Robeson County",2,47,1428,678,750
050,37,155,"North Carolina","Robeson County",2,48,1469,726,743
050,37,155,"North Carolina","Robeson County",2,49,1532,757,775
050,37,155,"North Carolina","Robeson County",2,50,1473,725,748
050,37,155,"North Carolina","Robeson County",2,51,1399,694,705
050,37,155,"North Carolina","Robeson County",2,52,1405,683,722
050,37,155,"North Carolina","Robeson County",2,53,1418,683,735
050,37,155,"North Carolina","Robeson County",2,54,1416,687,729
050,37,155,"North Carolina","Robeson County",2,55,1436,690,746
050,37,155,"North Carolina","Robeson County",2,56,1425,695,730
050,37,155,"North Carolina","Robeson County",2,57,1500,736,764
050,37,155,"North Carolina","Robeson County",2,58,1541,771,770
050,37,155,"North Carolina","Robeson County",2,59,1536,736,800
050,37,155,"North Carolina","Robeson County",2,60,1497,697,800
050,37,155,"North Carolina","Robeson County",2,61,1446,662,784
050,37,155,"North Carolina","Robeson County",2,62,1437,668,769
050,37,155,"North Carolina","Robeson County",2,63,1422,677,745
050,37,155,"North Carolina","Robeson County",2,64,1413,659,754
050,37,155,"North Carolina","Robeson County",2,65,1404,639,765
050,37,155,"North Carolina","Robeson County",2,66,1332,596,736
050,37,155,"North Carolina","Robeson County",2,67,1230,571,659
050,37,155,"North Carolina","Robeson County",2,68,1179,542,637
050,37,155,"North Carolina","Robeson County",2,69,1142,493,649
050,37,155,"North Carolina","Robeson County",2,70,1100,489,611
050,37,155,"North Carolina","Robeson County",2,71,1088,508,580
050,37,155,"North Carolina","Robeson County",2,72,1091,519,572
050,37,155,"North Carolina","Robeson County",2,73,1109,549,560
050,37,155,"North Carolina","Robeson County",2,74,809,376,433
050,37,155,"North Carolina","Robeson County",2,75,784,346,438
050,37,155,"North Carolina","Robeson County",2,76,689,300,389
050,37,155,"North Carolina","Robeson County",2,77,623,266,357
050,37,155,"North Carolina","Robeson County",2,78,560,234,326
050,37,155,"North Carolina","Robeson County",2,79,511,208,303
050,37,155,"North Carolina","Robeson County",2,80,494,191,303
050,37,155,"North Carolina","Robeson County",2,81,446,169,277
050,37,155,"North Carolina","Robeson County",2,82,426,160,266
050,37,155,"North Carolina","Robeson County",2,83,354,128,226
050,37,155,"North Carolina","Robeson County",2,84,304,107,197
050,37,155,"North Carolina","Robeson County",2,85,1570,511,1059
050,37,155,"North Carolina","Robeson County",3,0,1740,903,837
050,37,155,"North Carolina","Robeson County",3,1,1448,737,711
050,37,155,"North Carolina","Robeson County",3,2,1531,794,737
050,37,155,"North Carolina","Robeson County",3,3,1519,788,731
050,37,155,"North Carolina","Robeson County",3,4,1558,784,774
050,37,155,"North Carolina","Robeson County",3,5,1578,805,773
050,37,155,"North Carolina","Robeson County",3,6,1579,811,768
050,37,155,"North Carolina","Robeson County",3,7,1616,833,783
050,37,155,"North Carolina","Robeson County",3,8,1620,796,824
050,37,155,"North Carolina","Robeson County",3,9,1545,752,793
050,37,155,"North Carolina","Robeson County",3,10,1595,796,799
050,37,155,"North Carolina","Robeson County",3,11,1744,877,867
050,37,155,"North Carolina","Robeson County",3,12,1764,915,849
050,37,155,"North Carolina","Robeson County",3,13,1849,937,912
050,37,155,"North Carolina","Robeson County",3,14,1800,918,882
050,37,155,"North Carolina","Robeson County",3,15,1762,894,868
050,37,155,"North Carolina","Robeson County",3,16,1678,851,827
050,37,155,"North Carolina","Robeson County",3,17,1616,826,790
050,37,155,"North Carolina","Robeson County",3,18,1888,936,952
050,37,155,"North Carolina","Robeson County",3,19,1888,935,953
050,37,155,"North Carolina","Robeson County",3,20,1679,855,824
050,37,155,"North Carolina","Robeson County",3,21,1695,864,831
050,37,155,"North Carolina","Robeson County",3,22,1593,798,795
050,37,155,"North Carolina","Robeson County",3,23,1517,767,750
050,37,155,"North Carolina","Robeson County",3,24,1454,736,718
050,37,155,"North Carolina","Robeson County",3,25,1394,696,698
050,37,155,"North Carolina","Robeson County",3,26,1394,691,703
050,37,155,"North Carolina","Robeson County",3,27,1497,766,731
050,37,155,"North Carolina","Robeson County",3,28,1495,733,762
050,37,155,"North Carolina","Robeson County",3,29,1589,790,799
050,37,155,"North Carolina","Robeson County",3,30,1530,735,795
050,37,155,"North Carolina","Robeson County",3,31,1512,726,786
050,37,155,"North Carolina","Robeson County",3,32,1450,691,759
050,37,155,"North Carolina","Robeson County",3,33,1374,653,721
050,37,155,"North Carolina","Robeson County",3,34,1292,635,657
050,37,155,"North Carolina","Robeson County",3,35,1263,622,641
050,37,155,"North Carolina","Robeson County",3,36,1274,591,683
050,37,155,"North Carolina","Robeson County",3,37,1304,618,686
050,37,155,"North Carolina","Robeson County",3,38,1368,640,728
050,37,155,"North Carolina","Robeson County",3,39,1313,613,700
050,37,155,"North Carolina","Robeson County",3,40,1292,610,682
050,37,155,"North Carolina","Robeson County",3,41,1372,640,732
050,37,155,"North Carolina","Robeson County",3,42,1358,643,715
050,37,155,"North Carolina","Robeson County",3,43,1419,689,730
050,37,155,"North Carolina","Robeson County",3,44,1409,697,712
050,37,155,"North Carolina","Robeson County",3,45,1316,639,677
050,37,155,"North Carolina","Robeson County",3,46,1369,642,727
050,37,155,"North Carolina","Robeson County",3,47,1399,653,746
050,37,155,"North Carolina","Robeson County",3,48,1428,689,739
050,37,155,"North Carolina","Robeson County",3,49,1456,705,751
050,37,155,"North Carolina","Robeson County",3,50,1515,744,771
050,37,155,"North Carolina","Robeson County",3,51,1464,717,747
050,37,155,"North Carolina","Robeson County",3,52,1394,693,701
050,37,155,"North Carolina","Robeson County",3,53,1391,670,721
050,37,155,"North Carolina","Robeson County",3,54,1384,660,724
050,37,155,"North Carolina","Robeson County",3,55,1399,675,724
050,37,155,"North Carolina","Robeson County",3,56,1427,689,738
050,37,155,"North Carolina","Robeson County",3,57,1412,683,729
050,37,155,"North Carolina","Robeson County",3,58,1474,723,751
050,37,155,"North Carolina","Robeson County",3,59,1501,742,759
050,37,155,"North Carolina","Robeson County",3,60,1513,723,790
050,37,155,"North Carolina","Robeson County",3,61,1473,693,780
050,37,155,"North Carolina","Robeson County",3,62,1421,637,784
050,37,155,"North Carolina","Robeson County",3,63,1401,643,758
050,37,155,"North Carolina","Robeson County",3,64,1385,656,729
050,37,155,"North Carolina","Robeson County",3,65,1362,627,735
050,37,155,"North Carolina","Robeson County",3,66,1375,616,759
050,37,155,"North Carolina","Robeson County",3,67,1293,578,715
050,37,155,"North Carolina","Robeson County",3,68,1188,552,636
050,37,155,"North Carolina","Robeson County",3,69,1139,519,620
050,37,155,"North Carolina","Robeson County",3,70,1099,463,636
050,37,155,"North Carolina","Robeson County",3,71,1066,470,596
050,37,155,"North Carolina","Robeson County",3,72,1032,467,565
050,37,155,"North Carolina","Robeson County",3,73,1034,493,541
050,37,155,"North Carolina","Robeson County",3,74,1055,504,551
050,37,155,"North Carolina","Robeson County",3,75,782,361,421
050,37,155,"North Carolina","Robeson County",3,76,744,326,418
050,37,155,"North Carolina","Robeson County",3,77,633,265,368
050,37,155,"North Carolina","Robeson County",3,78,586,244,342
050,37,155,"North Carolina","Robeson County",3,79,513,214,299
050,37,155,"North Carolina","Robeson County",3,80,488,184,304
050,37,155,"North Carolina","Robeson County",3,81,441,165,276
050,37,155,"North Carolina","Robeson County",3,82,406,154,252
050,37,155,"North Carolina","Robeson County",3,83,392,141,251
050,37,155,"North Carolina","Robeson County",3,84,306,109,197
050,37,155,"North Carolina","Robeson County",3,85,1531,497,1034
050,37,155,"North Carolina","Robeson County",4,0,1833,930,903
050,37,155,"North Carolina","Robeson County",4,1,1817,930,887
050,37,155,"North Carolina","Robeson County",4,2,1472,746,726
050,37,155,"North Carolina","Robeson County",4,3,1541,795,746
050,37,155,"North Carolina","Robeson County",4,4,1568,808,760
050,37,155,"North Carolina","Robeson County",4,5,1553,790,763
050,37,155,"North Carolina","Robeson County",4,6,1589,818,771
050,37,155,"North Carolina","Robeson County",4,7,1596,822,774
050,37,155,"North Carolina","Robeson County",4,8,1639,836,803
050,37,155,"North Carolina","Robeson County",4,9,1640,819,821
050,37,155,"North Carolina","Robeson County",4,10,1581,764,817
050,37,155,"North Carolina","Robeson County",4,11,1600,789,811
050,37,155,"North Carolina","Robeson County",4,12,1767,885,882
050,37,155,"North Carolina","Robeson County",4,13,1773,912,861
050,37,155,"North Carolina","Robeson County",4,14,1867,938,929
050,37,155,"North Carolina","Robeson County",4,15,1811,930,881
050,37,155,"North Carolina","Robeson County",4,16,1770,896,874
050,37,155,"North Carolina","Robeson County",4,17,1677,861,816
050,37,155,"North Carolina","Robeson County",4,18,1803,900,903
050,37,155,"North Carolina","Robeson County",4,19,1791,891,900
050,37,155,"North Carolina","Robeson County",4,20,1618,806,812
050,37,155,"North Carolina","Robeson County",4,21,1628,816,812
050,37,155,"North Carolina","Robeson County",4,22,1639,826,813
050,37,155,"North Carolina","Robeson County",4,23,1567,774,793
050,37,155,"North Carolina","Robeson County",4,24,1511,769,742
050,37,155,"North Carolina","Robeson County",4,25,1443,732,711
050,37,155,"North Carolina","Robeson County",4,26,1361,659,702
050,37,155,"North Carolina","Robeson County",4,27,1430,714,716
050,37,155,"North Carolina","Robeson County",4,28,1500,758,742
050,37,155,"North Carolina","Robeson County",4,29,1491,731,760
050,37,155,"North Carolina","Robeson County",4,30,1571,772,799
050,37,155,"North Carolina","Robeson County",4,31,1545,746,799
050,37,155,"North Carolina","Robeson County",4,32,1542,726,816
050,37,155,"North Carolina","Robeson County",4,33,1442,677,765
050,37,155,"North Carolina","Robeson County",4,34,1379,664,715
050,37,155,"North Carolina","Robeson County",4,35,1307,636,671
050,37,155,"North Carolina","Robeson County",4,36,1264,613,651
050,37,155,"North Carolina","Robeson County",4,37,1278,597,681
050,37,155,"North Carolina","Robeson County",4,38,1329,633,696
050,37,155,"North Carolina","Robeson County",4,39,1358,633,725
050,37,155,"North Carolina","Robeson County",4,40,1292,601,691
050,37,155,"North Carolina","Robeson County",4,41,1312,615,697
050,37,155,"North Carolina","Robeson County",4,42,1372,652,720
050,37,155,"North Carolina","Robeson County",4,43,1341,632,709
050,37,155,"North Carolina","Robeson County",4,44,1421,697,724
050,37,155,"North Carolina","Robeson County",4,45,1405,699,706
050,37,155,"North Carolina","Robeson County",4,46,1305,633,672
050,37,155,"North Carolina","Robeson County",4,47,1361,625,736
050,37,155,"North Carolina","Robeson County",4,48,1404,668,736
050,37,155,"North Carolina","Robeson County",4,49,1410,674,736
050,37,155,"North Carolina","Robeson County",4,50,1429,690,739
050,37,155,"North Carolina","Robeson County",4,51,1493,738,755
050,37,155,"North Carolina","Robeson County",4,52,1456,722,734
050,37,155,"North Carolina","Robeson County",4,53,1387,693,694
050,37,155,"North Carolina","Robeson County",4,54,1374,650,724
050,37,155,"North Carolina","Robeson County",4,55,1369,650,719
050,37,155,"North Carolina","Robeson County",4,56,1382,656,726
050,37,155,"North Carolina","Robeson County",4,57,1388,665,723
050,37,155,"North Carolina","Robeson County",4,58,1382,666,716
050,37,155,"North Carolina","Robeson County",4,59,1445,702,743
050,37,155,"North Carolina","Robeson County",4,60,1464,709,755
050,37,155,"North Carolina","Robeson County",4,61,1491,717,774
050,37,155,"North Carolina","Robeson County",4,62,1444,674,770
050,37,155,"North Carolina","Robeson County",4,63,1383,614,769
050,37,155,"North Carolina","Robeson County",4,64,1355,617,738
050,37,155,"North Carolina","Robeson County",4,65,1351,633,718
050,37,155,"North Carolina","Robeson County",4,66,1331,616,715
050,37,155,"North Carolina","Robeson County",4,67,1344,597,747
050,37,155,"North Carolina","Robeson County",4,68,1246,554,692
050,37,155,"North Carolina","Robeson County",4,69,1151,527,624
050,37,155,"North Carolina","Robeson County",4,70,1100,503,597
050,37,155,"North Carolina","Robeson County",4,71,1046,437,609
050,37,155,"North Carolina","Robeson County",4,72,1030,438,592
050,37,155,"North Carolina","Robeson County",4,73,989,441,548
050,37,155,"North Carolina","Robeson County",4,74,993,467,526
050,37,155,"North Carolina","Robeson County",4,75,1032,494,538
050,37,155,"North Carolina","Robeson County",4,76,741,336,405
050,37,155,"North Carolina","Robeson County",4,77,689,290,399
050,37,155,"North Carolina","Robeson County",4,78,603,243,360
050,37,155,"North Carolina","Robeson County",4,79,534,226,308
050,37,155,"North Carolina","Robeson County",4,80,486,193,293
050,37,155,"North Carolina","Robeson County",4,81,437,163,274
050,37,155,"North Carolina","Robeson County",4,82,414,153,261
050,37,155,"North Carolina","Robeson County",4,83,372,135,237
050,37,155,"North Carolina","Robeson County",4,84,345,122,223
050,37,155,"North Carolina","Robeson County",4,85,1476,464,1012
050,37,155,"North Carolina","Robeson County",5,0,1825,924,901
050,37,155,"North Carolina","Robeson County",5,1,1842,929,913
050,37,155,"North Carolina","Robeson County",5,2,1837,936,901
050,37,155,"North Carolina","Robeson County",5,3,1520,753,767
050,37,155,"North Carolina","Robeson County",5,4,1575,825,750
050,37,155,"North Carolina","Robeson County",5,5,1571,818,753
050,37,155,"North Carolina","Robeson County",5,6,1577,803,774
050,37,155,"North Carolina","Robeson County",5,7,1623,828,795
050,37,155,"North Carolina","Robeson County",5,8,1635,830,805
050,37,155,"North Carolina","Robeson County",5,9,1666,851,815
050,37,155,"North Carolina","Robeson County",5,10,1654,822,832
050,37,155,"North Carolina","Robeson County",5,11,1585,779,806
050,37,155,"North Carolina","Robeson County",5,12,1617,799,818
050,37,155,"North Carolina","Robeson County",5,13,1780,899,881
050,37,155,"North Carolina","Robeson County",5,14,1791,908,883
050,37,155,"North Carolina","Robeson County",5,15,1865,942,923
050,37,155,"North Carolina","Robeson County",5,16,1782,913,869
050,37,155,"North Carolina","Robeson County",5,17,1792,912,880
050,37,155,"North Carolina","Robeson County",5,18,1872,950,922
050,37,155,"North Carolina","Robeson County",5,19,1779,900,879
050,37,155,"North Carolina","Robeson County",5,20,1637,828,809
050,37,155,"North Carolina","Robeson County",5,21,1621,812,809
050,37,155,"North Carolina","Robeson County",5,22,1631,813,818
050,37,155,"North Carolina","Robeson County",5,23,1603,790,813
050,37,155,"North Carolina","Robeson County",5,24,1557,779,778
050,37,155,"North Carolina","Robeson County",5,25,1535,764,771
050,37,155,"North Carolina","Robeson County",5,26,1474,728,746
050,37,155,"North Carolina","Robeson County",5,27,1398,700,698
050,37,155,"North Carolina","Robeson County",5,28,1436,697,739
050,37,155,"North Carolina","Robeson County",5,29,1488,742,746
050,37,155,"North Carolina","Robeson County",5,30,1526,752,774
050,37,155,"North Carolina","Robeson County",5,31,1595,789,806
050,37,155,"North Carolina","Robeson County",5,32,1519,737,782
050,37,155,"North Carolina","Robeson County",5,33,1552,739,813
050,37,155,"North Carolina","Robeson County",5,34,1425,664,761
050,37,155,"North Carolina","Robeson County",5,35,1371,658,713
050,37,155,"North Carolina","Robeson County",5,36,1317,620,697
050,37,155,"North Carolina","Robeson County",5,37,1265,619,646
050,37,155,"North Carolina","Robeson County",5,38,1304,616,688
050,37,155,"North Carolina","Robeson County",5,39,1308,615,693
050,37,155,"North Carolina","Robeson County",5,40,1356,631,725
050,37,155,"North Carolina","Robeson County",5,41,1315,626,689
050,37,155,"North Carolina","Robeson County",5,42,1322,618,704
050,37,155,"North Carolina","Robeson County",5,43,1357,638,719
050,37,155,"North Carolina","Robeson County",5,44,1352,633,719
050,37,155,"North Carolina","Robeson County",5,45,1404,680,724
050,37,155,"North Carolina","Robeson County",5,46,1380,681,699
050,37,155,"North Carolina","Robeson County",5,47,1291,617,674
050,37,155,"North Carolina","Robeson County",5,48,1343,630,713
050,37,155,"North Carolina","Robeson County",5,49,1401,655,746
050,37,155,"North Carolina","Robeson County",5,50,1409,667,742
050,37,155,"North Carolina","Robeson County",5,51,1462,719,743
050,37,155,"North Carolina","Robeson County",5,52,1494,746,748
050,37,155,"North Carolina","Robeson County",5,53,1444,712,732
050,37,155,"North Carolina","Robeson County",5,54,1379,693,686
050,37,155,"North Carolina","Robeson County",5,55,1380,650,730
050,37,155,"North Carolina","Robeson County",5,56,1375,654,721
050,37,155,"North Carolina","Robeson County",5,57,1345,631,714
050,37,155,"North Carolina","Robeson County",5,58,1375,651,724
050,37,155,"North Carolina","Robeson County",5,59,1359,643,716
050,37,155,"North Carolina","Robeson County",5,60,1425,685,740
050,37,155,"North Carolina","Robeson County",5,61,1427,697,730
050,37,155,"North Carolina","Robeson County",5,62,1451,690,761
050,37,155,"North Carolina","Robeson County",5,63,1407,653,754
050,37,155,"North Carolina","Robeson County",5,64,1355,595,760
050,37,155,"North Carolina","Robeson County",5,65,1323,597,726
050,37,155,"North Carolina","Robeson County",5,66,1322,617,705
050,37,155,"North Carolina","Robeson County",5,67,1310,595,715
050,37,155,"North Carolina","Robeson County",5,68,1303,578,725
050,37,155,"North Carolina","Robeson County",5,69,1203,529,674
050,37,155,"North Carolina","Robeson County",5,70,1100,502,598
050,37,155,"North Carolina","Robeson County",5,71,1066,485,581
050,37,155,"North Carolina","Robeson County",5,72,1011,410,601
050,37,155,"North Carolina","Robeson County",5,73,984,412,572
050,37,155,"North Carolina","Robeson County",5,74,956,423,533
050,37,155,"North Carolina","Robeson County",5,75,969,457,512
050,37,155,"North Carolina","Robeson County",5,76,988,468,520
050,37,155,"North Carolina","Robeson County",5,77,693,305,388
050,37,155,"North Carolina","Robeson County",5,78,661,277,384
050,37,155,"North Carolina","Robeson County",5,79,556,228,328
050,37,155,"North Carolina","Robeson County",5,80,517,212,305
050,37,155,"North Carolina","Robeson County",5,81,444,174,270
050,37,155,"North Carolina","Robeson County",5,82,411,149,262
050,37,155,"North Carolina","Robeson County",5,83,385,136,249
050,37,155,"North Carolina","Robeson County",5,84,327,115,212
050,37,155,"North Carolina","Robeson County",5,85,1478,458,1020
050,37,157,"North Carolina","Rockingham County",1,0,886,457,429
050,37,157,"North Carolina","Rockingham County",1,1,907,476,431
050,37,157,"North Carolina","Rockingham County",1,2,890,458,432
050,37,157,"North Carolina","Rockingham County",1,3,955,481,474
050,37,157,"North Carolina","Rockingham County",1,4,964,490,474
050,37,157,"North Carolina","Rockingham County",1,5,996,506,490
050,37,157,"North Carolina","Rockingham County",1,6,1024,520,504
050,37,157,"North Carolina","Rockingham County",1,7,1030,514,516
050,37,157,"North Carolina","Rockingham County",1,8,997,515,482
050,37,157,"North Carolina","Rockingham County",1,9,1025,533,492
050,37,157,"North Carolina","Rockingham County",1,10,1046,534,512
050,37,157,"North Carolina","Rockingham County",1,11,1110,572,538
050,37,157,"North Carolina","Rockingham County",1,12,1147,595,552
050,37,157,"North Carolina","Rockingham County",1,13,1142,585,557
050,37,157,"North Carolina","Rockingham County",1,14,1115,573,542
050,37,157,"North Carolina","Rockingham County",1,15,1103,566,537
050,37,157,"North Carolina","Rockingham County",1,16,1123,567,556
050,37,157,"North Carolina","Rockingham County",1,17,1132,578,554
050,37,157,"North Carolina","Rockingham County",1,18,1002,524,478
050,37,157,"North Carolina","Rockingham County",1,19,847,435,412
050,37,157,"North Carolina","Rockingham County",1,20,922,482,440
050,37,157,"North Carolina","Rockingham County",1,21,926,479,447
050,37,157,"North Carolina","Rockingham County",1,22,929,473,456
050,37,157,"North Carolina","Rockingham County",1,23,998,484,514
050,37,157,"North Carolina","Rockingham County",1,24,1018,506,512
050,37,157,"North Carolina","Rockingham County",1,25,1040,514,526
050,37,157,"North Carolina","Rockingham County",1,26,1028,522,506
050,37,157,"North Carolina","Rockingham County",1,27,1069,545,524
050,37,157,"North Carolina","Rockingham County",1,28,1062,521,541
050,37,157,"North Carolina","Rockingham County",1,29,1101,551,550
050,37,157,"North Carolina","Rockingham County",1,30,1096,536,560
050,37,157,"North Carolina","Rockingham County",1,31,1067,521,546
050,37,157,"North Carolina","Rockingham County",1,32,996,467,529
050,37,157,"North Carolina","Rockingham County",1,33,1005,485,520
050,37,157,"North Carolina","Rockingham County",1,34,961,464,497
050,37,157,"North Carolina","Rockingham County",1,35,947,466,481
050,37,157,"North Carolina","Rockingham County",1,36,926,450,476
050,37,157,"North Carolina","Rockingham County",1,37,969,463,506
050,37,157,"North Carolina","Rockingham County",1,38,981,477,504
050,37,157,"North Carolina","Rockingham County",1,39,938,455,483
050,37,157,"North Carolina","Rockingham County",1,40,969,471,498
050,37,157,"North Carolina","Rockingham County",1,41,993,492,501
050,37,157,"North Carolina","Rockingham County",1,42,1035,512,523
050,37,157,"North Carolina","Rockingham County",1,43,1015,495,520
050,37,157,"North Carolina","Rockingham County",1,44,1023,490,533
050,37,157,"North Carolina","Rockingham County",1,45,1067,504,563
050,37,157,"North Carolina","Rockingham County",1,46,1105,543,562
050,37,157,"North Carolina","Rockingham County",1,47,1200,607,593
050,37,157,"North Carolina","Rockingham County",1,48,1275,611,664
050,37,157,"North Carolina","Rockingham County",1,49,1341,664,677
050,37,157,"North Carolina","Rockingham County",1,50,1264,629,635
050,37,157,"North Carolina","Rockingham County",1,51,1269,647,622
050,37,157,"North Carolina","Rockingham County",1,52,1292,628,664
050,37,157,"North Carolina","Rockingham County",1,53,1320,626,694
050,37,157,"North Carolina","Rockingham County",1,54,1362,679,683
050,37,157,"North Carolina","Rockingham County",1,55,1440,699,741
050,37,157,"North Carolina","Rockingham County",1,56,1422,678,744
050,37,157,"North Carolina","Rockingham County",1,57,1444,698,746
050,37,157,"North Carolina","Rockingham County",1,58,1438,700,738
050,37,157,"North Carolina","Rockingham County",1,59,1445,724,721
050,37,157,"North Carolina","Rockingham County",1,60,1469,736,733
050,37,157,"North Carolina","Rockingham County",1,61,1460,712,748
050,37,157,"North Carolina","Rockingham County",1,62,1453,696,757
050,37,157,"North Carolina","Rockingham County",1,63,1402,656,746
050,37,157,"North Carolina","Rockingham County",1,64,1378,647,731
050,37,157,"North Carolina","Rockingham County",1,65,1343,648,695
050,37,157,"North Carolina","Rockingham County",1,66,1310,635,675
050,37,157,"North Carolina","Rockingham County",1,67,1227,603,624
050,37,157,"North Carolina","Rockingham County",1,68,1209,583,626
050,37,157,"North Carolina","Rockingham County",1,69,1123,541,582
050,37,157,"North Carolina","Rockingham County",1,70,1056,507,549
050,37,157,"North Carolina","Rockingham County",1,71,1041,467,574
050,37,157,"North Carolina","Rockingham County",1,72,1037,484,553
050,37,157,"North Carolina","Rockingham County",1,73,1082,508,574
050,37,157,"North Carolina","Rockingham County",1,74,778,359,419
050,37,157,"North Carolina","Rockingham County",1,75,756,342,414
050,37,157,"North Carolina","Rockingham County",1,76,723,318,405
050,37,157,"North Carolina","Rockingham County",1,77,733,339,394
050,37,157,"North Carolina","Rockingham County",1,78,643,288,355
050,37,157,"North Carolina","Rockingham County",1,79,579,245,334
050,37,157,"North Carolina","Rockingham County",1,80,506,225,281
050,37,157,"North Carolina","Rockingham County",1,81,496,219,277
050,37,157,"North Carolina","Rockingham County",1,82,447,173,274
050,37,157,"North Carolina","Rockingham County",1,83,406,162,244
050,37,157,"North Carolina","Rockingham County",1,84,384,152,232
050,37,157,"North Carolina","Rockingham County",1,85,1924,612,1312
050,37,157,"North Carolina","Rockingham County",2,0,918,489,429
050,37,157,"North Carolina","Rockingham County",2,1,899,471,428
050,37,157,"North Carolina","Rockingham County",2,2,896,462,434
050,37,157,"North Carolina","Rockingham County",2,3,939,474,465
050,37,157,"North Carolina","Rockingham County",2,4,964,486,478
050,37,157,"North Carolina","Rockingham County",2,5,994,503,491
050,37,157,"North Carolina","Rockingham County",2,6,1028,522,506
050,37,157,"North Carolina","Rockingham County",2,7,1030,514,516
050,37,157,"North Carolina","Rockingham County",2,8,1004,515,489
050,37,157,"North Carolina","Rockingham County",2,9,1018,530,488
050,37,157,"North Carolina","Rockingham County",2,10,1044,535,509
050,37,157,"North Carolina","Rockingham County",2,11,1092,561,531
050,37,157,"North Carolina","Rockingham County",2,12,1150,596,554
050,37,157,"North Carolina","Rockingham County",2,13,1147,591,556
050,37,157,"North Carolina","Rockingham County",2,14,1125,578,547
050,37,157,"North Carolina","Rockingham County",2,15,1105,568,537
050,37,157,"North Carolina","Rockingham County",2,16,1119,567,552
050,37,157,"North Carolina","Rockingham County",2,17,1129,572,557
050,37,157,"North Carolina","Rockingham County",2,18,989,518,471
050,37,157,"North Carolina","Rockingham County",2,19,853,440,413
050,37,157,"North Carolina","Rockingham County",2,20,930,482,448
050,37,157,"North Carolina","Rockingham County",2,21,932,482,450
050,37,157,"North Carolina","Rockingham County",2,22,944,481,463
050,37,157,"North Carolina","Rockingham County",2,23,999,488,511
050,37,157,"North Carolina","Rockingham County",2,24,1017,502,515
050,37,157,"North Carolina","Rockingham County",2,25,1032,510,522
050,37,157,"North Carolina","Rockingham County",2,26,1034,520,514
050,37,157,"North Carolina","Rockingham County",2,27,1065,542,523
050,37,157,"North Carolina","Rockingham County",2,28,1070,529,541
050,37,157,"North Carolina","Rockingham County",2,29,1093,544,549
050,37,157,"North Carolina","Rockingham County",2,30,1102,544,558
050,37,157,"North Carolina","Rockingham County",2,31,1077,526,551
050,37,157,"North Carolina","Rockingham County",2,32,1022,484,538
050,37,157,"North Carolina","Rockingham County",2,33,998,477,521
050,37,157,"North Carolina","Rockingham County",2,34,979,474,505
050,37,157,"North Carolina","Rockingham County",2,35,961,470,491
050,37,157,"North Carolina","Rockingham County",2,36,928,452,476
050,37,157,"North Carolina","Rockingham County",2,37,962,464,498
050,37,157,"North Carolina","Rockingham County",2,38,981,475,506
050,37,157,"North Carolina","Rockingham County",2,39,946,459,487
050,37,157,"North Carolina","Rockingham County",2,40,972,470,502
050,37,157,"North Carolina","Rockingham County",2,41,987,487,500
050,37,157,"North Carolina","Rockingham County",2,42,1017,501,516
050,37,157,"North Carolina","Rockingham County",2,43,1026,500,526
050,37,157,"North Carolina","Rockingham County",2,44,1014,488,526
050,37,157,"North Carolina","Rockingham County",2,45,1064,505,559
050,37,157,"North Carolina","Rockingham County",2,46,1094,534,560
050,37,157,"North Carolina","Rockingham County",2,47,1174,589,585
050,37,157,"North Carolina","Rockingham County",2,48,1257,611,646
050,37,157,"North Carolina","Rockingham County",2,49,1335,658,677
050,37,157,"North Carolina","Rockingham County",2,50,1290,641,649
050,37,157,"North Carolina","Rockingham County",2,51,1263,643,620
050,37,157,"North Carolina","Rockingham County",2,52,1281,628,653
050,37,157,"North Carolina","Rockingham County",2,53,1307,622,685
050,37,157,"North Carolina","Rockingham County",2,54,1346,663,683
050,37,157,"North Carolina","Rockingham County",2,55,1421,691,730
050,37,157,"North Carolina","Rockingham County",2,56,1431,686,745
050,37,157,"North Carolina","Rockingham County",2,57,1444,696,748
050,37,157,"North Carolina","Rockingham County",2,58,1436,696,740
050,37,157,"North Carolina","Rockingham County",2,59,1455,723,732
050,37,157,"North Carolina","Rockingham County",2,60,1457,729,728
050,37,157,"North Carolina","Rockingham County",2,61,1456,717,739
050,37,157,"North Carolina","Rockingham County",2,62,1451,699,752
050,37,157,"North Carolina","Rockingham County",2,63,1424,670,754
050,37,157,"North Carolina","Rockingham County",2,64,1373,641,732
050,37,157,"North Carolina","Rockingham County",2,65,1343,643,700
050,37,157,"North Carolina","Rockingham County",2,66,1321,640,681
050,37,157,"North Carolina","Rockingham County",2,67,1246,612,634
050,37,157,"North Carolina","Rockingham County",2,68,1200,581,619
050,37,157,"North Carolina","Rockingham County",2,69,1147,552,595
050,37,157,"North Carolina","Rockingham County",2,70,1070,513,557
050,37,157,"North Carolina","Rockingham County",2,71,1037,470,567
050,37,157,"North Carolina","Rockingham County",2,72,1016,473,543
050,37,157,"North Carolina","Rockingham County",2,73,1115,520,595
050,37,157,"North Carolina","Rockingham County",2,74,797,367,430
050,37,157,"North Carolina","Rockingham County",2,75,755,343,412
050,37,157,"North Carolina","Rockingham County",2,76,719,319,400
050,37,157,"North Carolina","Rockingham County",2,77,746,343,403
050,37,157,"North Carolina","Rockingham County",2,78,638,285,353
050,37,157,"North Carolina","Rockingham County",2,79,584,247,337
050,37,157,"North Carolina","Rockingham County",2,80,516,227,289
050,37,157,"North Carolina","Rockingham County",2,81,488,210,278
050,37,157,"North Carolina","Rockingham County",2,82,454,183,271
050,37,157,"North Carolina","Rockingham County",2,83,410,162,248
050,37,157,"North Carolina","Rockingham County",2,84,381,148,233
050,37,157,"North Carolina","Rockingham County",2,85,1922,619,1303
050,37,157,"North Carolina","Rockingham County",3,0,854,442,412
050,37,157,"North Carolina","Rockingham County",3,1,899,469,430
050,37,157,"North Carolina","Rockingham County",3,2,920,476,444
050,37,157,"North Carolina","Rockingham County",3,3,918,484,434
050,37,157,"North Carolina","Rockingham County",3,4,957,493,464
050,37,157,"North Carolina","Rockingham County",3,5,974,480,494
050,37,157,"North Carolina","Rockingham County",3,6,1013,513,500
050,37,157,"North Carolina","Rockingham County",3,7,1027,508,519
050,37,157,"North Carolina","Rockingham County",3,8,1031,510,521
050,37,157,"North Carolina","Rockingham County",3,9,1026,546,480
050,37,157,"North Carolina","Rockingham County",3,10,1045,551,494
050,37,157,"North Carolina","Rockingham County",3,11,1065,551,514
050,37,157,"North Carolina","Rockingham County",3,12,1106,565,541
050,37,157,"North Carolina","Rockingham County",3,13,1137,590,547
050,37,157,"North Carolina","Rockingham County",3,14,1147,604,543
050,37,157,"North Carolina","Rockingham County",3,15,1117,571,546
050,37,157,"North Carolina","Rockingham County",3,16,1108,562,546
050,37,157,"North Carolina","Rockingham County",3,17,1140,581,559
050,37,157,"North Carolina","Rockingham County",3,18,962,507,455
050,37,157,"North Carolina","Rockingham County",3,19,838,444,394
050,37,157,"North Carolina","Rockingham County",3,20,920,469,451
050,37,157,"North Carolina","Rockingham County",3,21,993,517,476
050,37,157,"North Carolina","Rockingham County",3,22,986,503,483
050,37,157,"North Carolina","Rockingham County",3,23,970,488,482
050,37,157,"North Carolina","Rockingham County",3,24,1018,510,508
050,37,157,"North Carolina","Rockingham County",3,25,1059,511,548
050,37,157,"North Carolina","Rockingham County",3,26,1058,519,539
050,37,157,"North Carolina","Rockingham County",3,27,1064,542,522
050,37,157,"North Carolina","Rockingham County",3,28,1081,538,543
050,37,157,"North Carolina","Rockingham County",3,29,1073,535,538
050,37,157,"North Carolina","Rockingham County",3,30,1081,548,533
050,37,157,"North Carolina","Rockingham County",3,31,1145,565,580
050,37,157,"North Carolina","Rockingham County",3,32,1127,555,572
050,37,157,"North Carolina","Rockingham County",3,33,1041,493,548
050,37,157,"North Carolina","Rockingham County",3,34,1006,492,514
050,37,157,"North Carolina","Rockingham County",3,35,976,466,510
050,37,157,"North Carolina","Rockingham County",3,36,949,460,489
050,37,157,"North Carolina","Rockingham County",3,37,932,457,475
050,37,157,"North Carolina","Rockingham County",3,38,975,475,500
050,37,157,"North Carolina","Rockingham County",3,39,1001,490,511
050,37,157,"North Carolina","Rockingham County",3,40,951,454,497
050,37,157,"North Carolina","Rockingham County",3,41,990,492,498
050,37,157,"North Carolina","Rockingham County",3,42,970,464,506
050,37,157,"North Carolina","Rockingham County",3,43,1033,498,535
050,37,157,"North Carolina","Rockingham County",3,44,1049,516,533
050,37,157,"North Carolina","Rockingham County",3,45,1033,503,530
050,37,157,"North Carolina","Rockingham County",3,46,1076,507,569
050,37,157,"North Carolina","Rockingham County",3,47,1102,538,564
050,37,157,"North Carolina","Rockingham County",3,48,1183,585,598
050,37,157,"North Carolina","Rockingham County",3,49,1249,609,640
050,37,157,"North Carolina","Rockingham County",3,50,1351,662,689
050,37,157,"North Carolina","Rockingham County",3,51,1307,653,654
050,37,157,"North Carolina","Rockingham County",3,52,1274,635,639
050,37,157,"North Carolina","Rockingham County",3,53,1301,634,667
050,37,157,"North Carolina","Rockingham County",3,54,1319,634,685
050,37,157,"North Carolina","Rockingham County",3,55,1343,654,689
050,37,157,"North Carolina","Rockingham County",3,56,1410,678,732
050,37,157,"North Carolina","Rockingham County",3,57,1416,670,746
050,37,157,"North Carolina","Rockingham County",3,58,1423,683,740
050,37,157,"North Carolina","Rockingham County",3,59,1440,700,740
050,37,157,"North Carolina","Rockingham County",3,60,1447,714,733
050,37,157,"North Carolina","Rockingham County",3,61,1434,710,724
050,37,157,"North Carolina","Rockingham County",3,62,1455,708,747
050,37,157,"North Carolina","Rockingham County",3,63,1421,693,728
050,37,157,"North Carolina","Rockingham County",3,64,1396,649,747
050,37,157,"North Carolina","Rockingham County",3,65,1347,623,724
050,37,157,"North Carolina","Rockingham County",3,66,1336,637,699
050,37,157,"North Carolina","Rockingham County",3,67,1293,625,668
050,37,157,"North Carolina","Rockingham County",3,68,1214,598,616
050,37,157,"North Carolina","Rockingham County",3,69,1161,562,599
050,37,157,"North Carolina","Rockingham County",3,70,1118,536,582
050,37,157,"North Carolina","Rockingham County",3,71,1057,510,547
050,37,157,"North Carolina","Rockingham County",3,72,991,448,543
050,37,157,"North Carolina","Rockingham County",3,73,981,451,530
050,37,157,"North Carolina","Rockingham County",3,74,1066,486,580
050,37,157,"North Carolina","Rockingham County",3,75,757,347,410
050,37,157,"North Carolina","Rockingham County",3,76,708,310,398
050,37,157,"North Carolina","Rockingham County",3,77,687,303,384
050,37,157,"North Carolina","Rockingham County",3,78,687,312,375
050,37,157,"North Carolina","Rockingham County",3,79,605,266,339
050,37,157,"North Carolina","Rockingham County",3,80,525,223,302
050,37,157,"North Carolina","Rockingham County",3,81,487,206,281
050,37,157,"North Carolina","Rockingham County",3,82,448,191,257
050,37,157,"North Carolina","Rockingham County",3,83,409,169,240
050,37,157,"North Carolina","Rockingham County",3,84,354,136,218
050,37,157,"North Carolina","Rockingham County",3,85,1868,642,1226
050,37,157,"North Carolina","Rockingham County",4,0,912,473,439
050,37,157,"North Carolina","Rockingham County",4,1,922,466,456
050,37,157,"North Carolina","Rockingham County",4,2,943,487,456
050,37,157,"North Carolina","Rockingham County",4,3,951,500,451
050,37,157,"North Carolina","Rockingham County",4,4,938,493,445
050,37,157,"North Carolina","Rockingham County",4,5,989,498,491
050,37,157,"North Carolina","Rockingham County",4,6,1002,496,506
050,37,157,"North Carolina","Rockingham County",4,7,1046,529,517
050,37,157,"North Carolina","Rockingham County",4,8,1054,520,534
050,37,157,"North Carolina","Rockingham County",4,9,1047,537,510
050,37,157,"North Carolina","Rockingham County",4,10,1044,547,497
050,37,157,"North Carolina","Rockingham County",4,11,1054,566,488
050,37,157,"North Carolina","Rockingham County",4,12,1083,549,534
050,37,157,"North Carolina","Rockingham County",4,13,1126,571,555
050,37,157,"North Carolina","Rockingham County",4,14,1159,604,555
050,37,157,"North Carolina","Rockingham County",4,15,1172,612,560
050,37,157,"North Carolina","Rockingham County",4,16,1121,571,550
050,37,157,"North Carolina","Rockingham County",4,17,1121,570,551
050,37,157,"North Carolina","Rockingham County",4,18,981,511,470
050,37,157,"North Carolina","Rockingham County",4,19,786,414,372
050,37,157,"North Carolina","Rockingham County",4,20,886,471,415
050,37,157,"North Carolina","Rockingham County",4,21,981,507,474
050,37,157,"North Carolina","Rockingham County",4,22,1037,538,499
050,37,157,"North Carolina","Rockingham County",4,23,1037,530,507
050,37,157,"North Carolina","Rockingham County",4,24,997,510,487
050,37,157,"North Carolina","Rockingham County",4,25,1029,520,509
050,37,157,"North Carolina","Rockingham County",4,26,1059,509,550
050,37,157,"North Carolina","Rockingham County",4,27,1101,526,575
050,37,157,"North Carolina","Rockingham County",4,28,1074,544,530
050,37,157,"North Carolina","Rockingham County",4,29,1083,539,544
050,37,157,"North Carolina","Rockingham County",4,30,1075,537,538
050,37,157,"North Carolina","Rockingham County",4,31,1090,546,544
050,37,157,"North Carolina","Rockingham County",4,32,1174,573,601
050,37,157,"North Carolina","Rockingham County",4,33,1157,563,594
050,37,157,"North Carolina","Rockingham County",4,34,1072,510,562
050,37,157,"North Carolina","Rockingham County",4,35,1028,503,525
050,37,157,"North Carolina","Rockingham County",4,36,998,476,522
050,37,157,"North Carolina","Rockingham County",4,37,984,470,514
050,37,157,"North Carolina","Rockingham County",4,38,952,459,493
050,37,157,"North Carolina","Rockingham County",4,39,1002,480,522
050,37,157,"North Carolina","Rockingham County",4,40,1009,485,524
050,37,157,"North Carolina","Rockingham County",4,41,997,503,494
050,37,157,"North Carolina","Rockingham County",4,42,988,490,498
050,37,157,"North Carolina","Rockingham County",4,43,977,465,512
050,37,157,"North Carolina","Rockingham County",4,44,1026,499,527
050,37,157,"North Carolina","Rockingham County",4,45,1071,522,549
050,37,157,"North Carolina","Rockingham County",4,46,1060,501,559
050,37,157,"North Carolina","Rockingham County",4,47,1069,492,577
050,37,157,"North Carolina","Rockingham County",4,48,1105,527,578
050,37,157,"North Carolina","Rockingham County",4,49,1200,595,605
050,37,157,"North Carolina","Rockingham County",4,50,1252,599,653
050,37,157,"North Carolina","Rockingham County",4,51,1359,670,689
050,37,157,"North Carolina","Rockingham County",4,52,1326,662,664
050,37,157,"North Carolina","Rockingham County",4,53,1279,647,632
050,37,157,"North Carolina","Rockingham County",4,54,1287,632,655
050,37,157,"North Carolina","Rockingham County",4,55,1342,643,699
050,37,157,"North Carolina","Rockingham County",4,56,1341,644,697
050,37,157,"North Carolina","Rockingham County",4,57,1430,683,747
050,37,157,"North Carolina","Rockingham County",4,58,1404,673,731
050,37,157,"North Carolina","Rockingham County",4,59,1431,681,750
050,37,157,"North Carolina","Rockingham County",4,60,1438,693,745
050,37,157,"North Carolina","Rockingham County",4,61,1451,714,737
050,37,157,"North Carolina","Rockingham County",4,62,1421,706,715
050,37,157,"North Carolina","Rockingham County",4,63,1432,693,739
050,37,157,"North Carolina","Rockingham County",4,64,1418,686,732
050,37,157,"North Carolina","Rockingham County",4,65,1375,633,742
050,37,157,"North Carolina","Rockingham County",4,66,1357,625,732
050,37,157,"North Carolina","Rockingham County",4,67,1317,629,688
050,37,157,"North Carolina","Rockingham County",4,68,1258,605,653
050,37,157,"North Carolina","Rockingham County",4,69,1191,575,616
050,37,157,"North Carolina","Rockingham County",4,70,1139,554,585
050,37,157,"North Carolina","Rockingham County",4,71,1107,529,578
050,37,157,"North Carolina","Rockingham County",4,72,1028,492,536
050,37,157,"North Carolina","Rockingham County",4,73,964,431,533
050,37,157,"North Carolina","Rockingham County",4,74,956,432,524
050,37,157,"North Carolina","Rockingham County",4,75,1025,462,563
050,37,157,"North Carolina","Rockingham County",4,76,716,326,390
050,37,157,"North Carolina","Rockingham County",4,77,689,303,386
050,37,157,"North Carolina","Rockingham County",4,78,634,275,359
050,37,157,"North Carolina","Rockingham County",4,79,681,302,379
050,37,157,"North Carolina","Rockingham County",4,80,551,251,300
050,37,157,"North Carolina","Rockingham County",4,81,492,201,291
050,37,157,"North Carolina","Rockingham County",4,82,450,193,257
050,37,157,"North Carolina","Rockingham County",4,83,413,182,231
050,37,157,"North Carolina","Rockingham County",4,84,371,147,224
050,37,157,"North Carolina","Rockingham County",4,85,1872,653,1219
050,37,157,"North Carolina","Rockingham County",5,0,910,470,440
050,37,157,"North Carolina","Rockingham County",5,1,924,484,440
050,37,157,"North Carolina","Rockingham County",5,2,933,462,471
050,37,157,"North Carolina","Rockingham County",5,3,957,484,473
050,37,157,"North Carolina","Rockingham County",5,4,948,495,453
050,37,157,"North Carolina","Rockingham County",5,5,967,500,467
050,37,157,"North Carolina","Rockingham County",5,6,1004,525,479
050,37,157,"North Carolina","Rockingham County",5,7,1026,515,511
050,37,157,"North Carolina","Rockingham County",5,8,1076,546,530
050,37,157,"North Carolina","Rockingham County",5,9,1050,528,522
050,37,157,"North Carolina","Rockingham County",5,10,1048,529,519
050,37,157,"North Carolina","Rockingham County",5,11,1056,551,505
050,37,157,"North Carolina","Rockingham County",5,12,1076,573,503
050,37,157,"North Carolina","Rockingham County",5,13,1083,541,542
050,37,157,"North Carolina","Rockingham County",5,14,1154,582,572
050,37,157,"North Carolina","Rockingham County",5,15,1160,593,567
050,37,157,"North Carolina","Rockingham County",5,16,1197,625,572
050,37,157,"North Carolina","Rockingham County",5,17,1133,573,560
050,37,157,"North Carolina","Rockingham County",5,18,952,508,444
050,37,157,"North Carolina","Rockingham County",5,19,807,427,380
050,37,157,"North Carolina","Rockingham County",5,20,848,441,407
050,37,157,"North Carolina","Rockingham County",5,21,932,482,450
050,37,157,"North Carolina","Rockingham County",5,22,1048,524,524
050,37,157,"North Carolina","Rockingham County",5,23,1084,568,516
050,37,157,"North Carolina","Rockingham County",5,24,1073,558,515
050,37,157,"North Carolina","Rockingham County",5,25,1005,507,498
050,37,157,"North Carolina","Rockingham County",5,26,1025,529,496
050,37,157,"North Carolina","Rockingham County",5,27,1067,506,561
050,37,157,"North Carolina","Rockingham County",5,28,1117,524,593
050,37,157,"North Carolina","Rockingham County",5,29,1074,536,538
050,37,157,"North Carolina","Rockingham County",5,30,1095,543,552
050,37,157,"North Carolina","Rockingham County",5,31,1106,549,557
050,37,157,"North Carolina","Rockingham County",5,32,1104,565,539
050,37,157,"North Carolina","Rockingham County",5,33,1190,576,614
050,37,157,"North Carolina","Rockingham County",5,34,1175,574,601
050,37,157,"North Carolina","Rockingham County",5,35,1091,514,577
050,37,157,"North Carolina","Rockingham County",5,36,1046,514,532
050,37,157,"North Carolina","Rockingham County",5,37,1030,497,533
050,37,157,"North Carolina","Rockingham County",5,38,979,460,519
050,37,157,"North Carolina","Rockingham County",5,39,955,460,495
050,37,157,"North Carolina","Rockingham County",5,40,996,480,516
050,37,157,"North Carolina","Rockingham County",5,41,1031,496,535
050,37,157,"North Carolina","Rockingham County",5,42,985,486,499
050,37,157,"North Carolina","Rockingham County",5,43,1020,498,522
050,37,157,"North Carolina","Rockingham County",5,44,989,481,508
050,37,157,"North Carolina","Rockingham County",5,45,1053,503,550
050,37,157,"North Carolina","Rockingham County",5,46,1098,529,569
050,37,157,"North Carolina","Rockingham County",5,47,1055,490,565
050,37,157,"North Carolina","Rockingham County",5,48,1064,488,576
050,37,157,"North Carolina","Rockingham County",5,49,1133,539,594
050,37,157,"North Carolina","Rockingham County",5,50,1233,611,622
050,37,157,"North Carolina","Rockingham County",5,51,1265,607,658
050,37,157,"North Carolina","Rockingham County",5,52,1375,677,698
050,37,157,"North Carolina","Rockingham County",5,53,1322,650,672
050,37,157,"North Carolina","Rockingham County",5,54,1286,650,636
050,37,157,"North Carolina","Rockingham County",5,55,1305,643,662
050,37,157,"North Carolina","Rockingham County",5,56,1358,642,716
050,37,157,"North Carolina","Rockingham County",5,57,1348,637,711
050,37,157,"North Carolina","Rockingham County",5,58,1420,684,736
050,37,157,"North Carolina","Rockingham County",5,59,1402,672,730
050,37,157,"North Carolina","Rockingham County",5,60,1430,675,755
050,37,157,"North Carolina","Rockingham County",5,61,1433,689,744
050,37,157,"North Carolina","Rockingham County",5,62,1448,706,742
050,37,157,"North Carolina","Rockingham County",5,63,1401,697,704
050,37,157,"North Carolina","Rockingham County",5,64,1440,691,749
050,37,157,"North Carolina","Rockingham County",5,65,1395,676,719
050,37,157,"North Carolina","Rockingham County",5,66,1379,632,747
050,37,157,"North Carolina","Rockingham County",5,67,1341,616,725
050,37,157,"North Carolina","Rockingham County",5,68,1283,607,676
050,37,157,"North Carolina","Rockingham County",5,69,1252,601,651
050,37,157,"North Carolina","Rockingham County",5,70,1186,571,615
050,37,157,"North Carolina","Rockingham County",5,71,1124,546,578
050,37,157,"North Carolina","Rockingham County",5,72,1080,519,561
050,37,157,"North Carolina","Rockingham County",5,73,1004,471,533
050,37,157,"North Carolina","Rockingham County",5,74,942,416,526
050,37,157,"North Carolina","Rockingham County",5,75,909,410,499
050,37,157,"North Carolina","Rockingham County",5,76,979,433,546
050,37,157,"North Carolina","Rockingham County",5,77,685,311,374
050,37,157,"North Carolina","Rockingham County",5,78,647,280,367
050,37,157,"North Carolina","Rockingham County",5,79,625,262,363
050,37,157,"North Carolina","Rockingham County",5,80,632,288,344
050,37,157,"North Carolina","Rockingham County",5,81,521,228,293
050,37,157,"North Carolina","Rockingham County",5,82,460,190,270
050,37,157,"North Carolina","Rockingham County",5,83,410,179,231
050,37,157,"North Carolina","Rockingham County",5,84,375,162,213
050,37,157,"North Carolina","Rockingham County",5,85,1894,677,1217
050,37,159,"North Carolina","Rowan County",1,0,1639,831,808
050,37,159,"North Carolina","Rowan County",1,1,1685,851,834
050,37,159,"North Carolina","Rowan County",1,2,1641,807,834
050,37,159,"North Carolina","Rowan County",1,3,1734,881,853
050,37,159,"North Carolina","Rowan County",1,4,1817,931,886
050,37,159,"North Carolina","Rowan County",1,5,1762,912,850
050,37,159,"North Carolina","Rowan County",1,6,1688,862,826
050,37,159,"North Carolina","Rowan County",1,7,1734,874,860
050,37,159,"North Carolina","Rowan County",1,8,1680,857,823
050,37,159,"North Carolina","Rowan County",1,9,1751,894,857
050,37,159,"North Carolina","Rowan County",1,10,1821,950,871
050,37,159,"North Carolina","Rowan County",1,11,2009,1048,961
050,37,159,"North Carolina","Rowan County",1,12,2096,1061,1035
050,37,159,"North Carolina","Rowan County",1,13,2067,1081,986
050,37,159,"North Carolina","Rowan County",1,14,1964,1027,937
050,37,159,"North Carolina","Rowan County",1,15,2010,1054,956
050,37,159,"North Carolina","Rowan County",1,16,2066,1081,985
050,37,159,"North Carolina","Rowan County",1,17,2069,1076,993
050,37,159,"North Carolina","Rowan County",1,18,1924,1027,897
050,37,159,"North Carolina","Rowan County",1,19,1745,953,792
050,37,159,"North Carolina","Rowan County",1,20,1844,983,861
050,37,159,"North Carolina","Rowan County",1,21,1812,909,903
050,37,159,"North Carolina","Rowan County",1,22,1757,891,866
050,37,159,"North Carolina","Rowan County",1,23,1808,893,915
050,37,159,"North Carolina","Rowan County",1,24,1746,888,858
050,37,159,"North Carolina","Rowan County",1,25,1773,863,910
050,37,159,"North Carolina","Rowan County",1,26,1806,898,908
050,37,159,"North Carolina","Rowan County",1,27,1871,977,894
050,37,159,"North Carolina","Rowan County",1,28,1939,997,942
050,37,159,"North Carolina","Rowan County",1,29,1951,985,966
050,37,159,"North Carolina","Rowan County",1,30,1883,948,935
050,37,159,"North Carolina","Rowan County",1,31,1844,910,934
050,37,159,"North Carolina","Rowan County",1,32,1726,851,875
050,37,159,"North Carolina","Rowan County",1,33,1716,814,902
050,37,159,"North Carolina","Rowan County",1,34,1677,846,831
050,37,159,"North Carolina","Rowan County",1,35,1644,816,828
050,37,159,"North Carolina","Rowan County",1,36,1704,867,837
050,37,159,"North Carolina","Rowan County",1,37,1731,915,816
050,37,159,"North Carolina","Rowan County",1,38,1781,903,878
050,37,159,"North Carolina","Rowan County",1,39,1818,920,898
050,37,159,"North Carolina","Rowan County",1,40,1702,838,864
050,37,159,"North Carolina","Rowan County",1,41,1773,866,907
050,37,159,"North Carolina","Rowan County",1,42,1744,879,865
050,37,159,"North Carolina","Rowan County",1,43,1722,866,856
050,37,159,"North Carolina","Rowan County",1,44,1684,866,818
050,37,159,"North Carolina","Rowan County",1,45,1703,852,851
050,37,159,"North Carolina","Rowan County",1,46,1788,916,872
050,37,159,"North Carolina","Rowan County",1,47,1837,924,913
050,37,159,"North Carolina","Rowan County",1,48,2040,1060,980
050,37,159,"North Carolina","Rowan County",1,49,2143,1102,1041
050,37,159,"North Carolina","Rowan County",1,50,1997,991,1006
050,37,159,"North Carolina","Rowan County",1,51,1974,954,1020
050,37,159,"North Carolina","Rowan County",1,52,1923,985,938
050,37,159,"North Carolina","Rowan County",1,53,2009,1006,1003
050,37,159,"North Carolina","Rowan County",1,54,1961,987,974
050,37,159,"North Carolina","Rowan County",1,55,2126,1060,1066
050,37,159,"North Carolina","Rowan County",1,56,2129,1044,1085
050,37,159,"North Carolina","Rowan County",1,57,2150,1053,1097
050,37,159,"North Carolina","Rowan County",1,58,2125,1022,1103
050,37,159,"North Carolina","Rowan County",1,59,2157,1065,1092
050,37,159,"North Carolina","Rowan County",1,60,2124,1054,1070
050,37,159,"North Carolina","Rowan County",1,61,2055,1030,1025
050,37,159,"North Carolina","Rowan County",1,62,1984,998,986
050,37,159,"North Carolina","Rowan County",1,63,1932,955,977
050,37,159,"North Carolina","Rowan County",1,64,1906,961,945
050,37,159,"North Carolina","Rowan County",1,65,1780,870,910
050,37,159,"North Carolina","Rowan County",1,66,1722,817,905
050,37,159,"North Carolina","Rowan County",1,67,1706,836,870
050,37,159,"North Carolina","Rowan County",1,68,1661,826,835
050,37,159,"North Carolina","Rowan County",1,69,1502,728,774
050,37,159,"North Carolina","Rowan County",1,70,1521,689,832
050,37,159,"North Carolina","Rowan County",1,71,1480,666,814
050,37,159,"North Carolina","Rowan County",1,72,1484,708,776
050,37,159,"North Carolina","Rowan County",1,73,1521,701,820
050,37,159,"North Carolina","Rowan County",1,74,1024,472,552
050,37,159,"North Carolina","Rowan County",1,75,1036,491,545
050,37,159,"North Carolina","Rowan County",1,76,1041,462,579
050,37,159,"North Carolina","Rowan County",1,77,1021,449,572
050,37,159,"North Carolina","Rowan County",1,78,859,389,470
050,37,159,"North Carolina","Rowan County",1,79,753,348,405
050,37,159,"North Carolina","Rowan County",1,80,670,300,370
050,37,159,"North Carolina","Rowan County",1,81,614,259,355
050,37,159,"North Carolina","Rowan County",1,82,541,213,328
050,37,159,"North Carolina","Rowan County",1,83,491,180,311
050,37,159,"North Carolina","Rowan County",1,84,460,162,298
050,37,159,"North Carolina","Rowan County",1,85,2576,860,1716
050,37,159,"North Carolina","Rowan County",2,0,1647,838,809
050,37,159,"North Carolina","Rowan County",2,1,1671,843,828
050,37,159,"North Carolina","Rowan County",2,2,1664,822,842
050,37,159,"North Carolina","Rowan County",2,3,1713,862,851
050,37,159,"North Carolina","Rowan County",2,4,1807,926,881
050,37,159,"North Carolina","Rowan County",2,5,1783,922,861
050,37,159,"North Carolina","Rowan County",2,6,1717,877,840
050,37,159,"North Carolina","Rowan County",2,7,1725,867,858
050,37,159,"North Carolina","Rowan County",2,8,1696,860,836
050,37,159,"North Carolina","Rowan County",2,9,1744,893,851
050,37,159,"North Carolina","Rowan County",2,10,1818,944,874
050,37,159,"North Carolina","Rowan County",2,11,1959,1020,939
050,37,159,"North Carolina","Rowan County",2,12,2083,1063,1020
050,37,159,"North Carolina","Rowan County",2,13,2066,1074,992
050,37,159,"North Carolina","Rowan County",2,14,1991,1045,946
050,37,159,"North Carolina","Rowan County",2,15,2001,1053,948
050,37,159,"North Carolina","Rowan County",2,16,2059,1075,984
050,37,159,"North Carolina","Rowan County",2,17,2066,1074,992
050,37,159,"North Carolina","Rowan County",2,18,1926,1030,896
050,37,159,"North Carolina","Rowan County",2,19,1751,954,797
050,37,159,"North Carolina","Rowan County",2,20,1886,1006,880
050,37,159,"North Carolina","Rowan County",2,21,1806,911,895
050,37,159,"North Carolina","Rowan County",2,22,1786,905,881
050,37,159,"North Carolina","Rowan County",2,23,1808,903,905
050,37,159,"North Carolina","Rowan County",2,24,1752,881,871
050,37,159,"North Carolina","Rowan County",2,25,1768,871,897
050,37,159,"North Carolina","Rowan County",2,26,1797,890,907
050,37,159,"North Carolina","Rowan County",2,27,1855,959,896
050,37,159,"North Carolina","Rowan County",2,28,1924,992,932
050,37,159,"North Carolina","Rowan County",2,29,1946,987,959
050,37,159,"North Carolina","Rowan County",2,30,1923,962,961
050,37,159,"North Carolina","Rowan County",2,31,1856,921,935
050,37,159,"North Carolina","Rowan County",2,32,1755,861,894
050,37,159,"North Carolina","Rowan County",2,33,1722,825,897
050,37,159,"North Carolina","Rowan County",2,34,1687,838,849
050,37,159,"North Carolina","Rowan County",2,35,1671,835,836
050,37,159,"North Carolina","Rowan County",2,36,1678,851,827
050,37,159,"North Carolina","Rowan County",2,37,1735,910,825
050,37,159,"North Carolina","Rowan County",2,38,1786,916,870
050,37,159,"North Carolina","Rowan County",2,39,1807,912,895
050,37,159,"North Carolina","Rowan County",2,40,1749,864,885
050,37,159,"North Carolina","Rowan County",2,41,1748,852,896
050,37,159,"North Carolina","Rowan County",2,42,1753,876,877
050,37,159,"North Carolina","Rowan County",2,43,1742,876,866
050,37,159,"North Carolina","Rowan County",2,44,1685,865,820
050,37,159,"North Carolina","Rowan County",2,45,1708,860,848
050,37,159,"North Carolina","Rowan County",2,46,1766,901,865
050,37,159,"North Carolina","Rowan County",2,47,1823,922,901
050,37,159,"North Carolina","Rowan County",2,48,1988,1024,964
050,37,159,"North Carolina","Rowan County",2,49,2132,1101,1031
050,37,159,"North Carolina","Rowan County",2,50,2036,1020,1016
050,37,159,"North Carolina","Rowan County",2,51,1970,959,1011
050,37,159,"North Carolina","Rowan County",2,52,1941,977,964
050,37,159,"North Carolina","Rowan County",2,53,1990,1000,990
050,37,159,"North Carolina","Rowan County",2,54,1980,995,985
050,37,159,"North Carolina","Rowan County",2,55,2090,1044,1046
050,37,159,"North Carolina","Rowan County",2,56,2133,1046,1087
050,37,159,"North Carolina","Rowan County",2,57,2151,1054,1097
050,37,159,"North Carolina","Rowan County",2,58,2127,1024,1103
050,37,159,"North Carolina","Rowan County",2,59,2159,1060,1099
050,37,159,"North Carolina","Rowan County",2,60,2131,1057,1074
050,37,159,"North Carolina","Rowan County",2,61,2065,1031,1034
050,37,159,"North Carolina","Rowan County",2,62,1995,998,997
050,37,159,"North Carolina","Rowan County",2,63,1960,971,989
050,37,159,"North Carolina","Rowan County",2,64,1896,946,950
050,37,159,"North Carolina","Rowan County",2,65,1808,893,915
050,37,159,"North Carolina","Rowan County",2,66,1732,826,906
050,37,159,"North Carolina","Rowan County",2,67,1708,829,879
050,37,159,"North Carolina","Rowan County",2,68,1651,812,839
050,37,159,"North Carolina","Rowan County",2,69,1553,759,794
050,37,159,"North Carolina","Rowan County",2,70,1511,695,816
050,37,159,"North Carolina","Rowan County",2,71,1472,663,809
050,37,159,"North Carolina","Rowan County",2,72,1456,680,776
050,37,159,"North Carolina","Rowan County",2,73,1580,736,844
050,37,159,"North Carolina","Rowan County",2,74,1071,492,579
050,37,159,"North Carolina","Rowan County",2,75,1028,483,545
050,37,159,"North Carolina","Rowan County",2,76,1013,457,556
050,37,159,"North Carolina","Rowan County",2,77,1032,456,576
050,37,159,"North Carolina","Rowan County",2,78,878,396,482
050,37,159,"North Carolina","Rowan County",2,79,764,346,418
050,37,159,"North Carolina","Rowan County",2,80,682,307,375
050,37,159,"North Carolina","Rowan County",2,81,617,266,351
050,37,159,"North Carolina","Rowan County",2,82,551,217,334
050,37,159,"North Carolina","Rowan County",2,83,489,178,311
050,37,159,"North Carolina","Rowan County",2,84,456,162,294
050,37,159,"North Carolina","Rowan County",2,85,2562,848,1714
050,37,159,"North Carolina","Rowan County",3,0,1537,793,744
050,37,159,"North Carolina","Rowan County",3,1,1619,809,810
050,37,159,"North Carolina","Rowan County",3,2,1721,858,863
050,37,159,"North Carolina","Rowan County",3,3,1687,849,838
050,37,159,"North Carolina","Rowan County",3,4,1741,881,860
050,37,159,"North Carolina","Rowan County",3,5,1852,952,900
050,37,159,"North Carolina","Rowan County",3,6,1802,934,868
050,37,159,"North Carolina","Rowan County",3,7,1714,882,832
050,37,159,"North Carolina","Rowan County",3,8,1717,849,868
050,37,159,"North Carolina","Rowan County",3,9,1716,880,836
050,37,159,"North Carolina","Rowan County",3,10,1750,896,854
050,37,159,"North Carolina","Rowan County",3,11,1821,931,890
050,37,159,"North Carolina","Rowan County",3,12,2000,1055,945
050,37,159,"North Carolina","Rowan County",3,13,2111,1082,1029
050,37,159,"North Carolina","Rowan County",3,14,2102,1085,1017
050,37,159,"North Carolina","Rowan County",3,15,2001,1039,962
050,37,159,"North Carolina","Rowan County",3,16,1977,1029,948
050,37,159,"North Carolina","Rowan County",3,17,2031,1053,978
050,37,159,"North Carolina","Rowan County",3,18,1948,1050,898
050,37,159,"North Carolina","Rowan County",3,19,1807,984,823
050,37,159,"North Carolina","Rowan County",3,20,1943,1042,901
050,37,159,"North Carolina","Rowan County",3,21,1813,932,881
050,37,159,"North Carolina","Rowan County",3,22,1831,927,904
050,37,159,"North Carolina","Rowan County",3,23,1874,959,915
050,37,159,"North Carolina","Rowan County",3,24,1837,903,934
050,37,159,"North Carolina","Rowan County",3,25,1781,908,873
050,37,159,"North Carolina","Rowan County",3,26,1793,905,888
050,37,159,"North Carolina","Rowan County",3,27,1852,926,926
050,37,159,"North Carolina","Rowan County",3,28,1879,950,929
050,37,159,"North Carolina","Rowan County",3,29,1943,1010,933
050,37,159,"North Carolina","Rowan County",3,30,2002,999,1003
050,37,159,"North Carolina","Rowan County",3,31,1947,998,949
050,37,159,"North Carolina","Rowan County",3,32,1885,938,947
050,37,159,"North Carolina","Rowan County",3,33,1781,872,909
050,37,159,"North Carolina","Rowan County",3,34,1722,840,882
050,37,159,"North Carolina","Rowan County",3,35,1691,829,862
050,37,159,"North Carolina","Rowan County",3,36,1681,841,840
050,37,159,"North Carolina","Rowan County",3,37,1737,872,865
050,37,159,"North Carolina","Rowan County",3,38,1716,892,824
050,37,159,"North Carolina","Rowan County",3,39,1810,914,896
050,37,159,"North Carolina","Rowan County",3,40,1788,882,906
050,37,159,"North Carolina","Rowan County",3,41,1762,853,909
050,37,159,"North Carolina","Rowan County",3,42,1741,846,895
050,37,159,"North Carolina","Rowan County",3,43,1780,885,895
050,37,159,"North Carolina","Rowan County",3,44,1764,894,870
050,37,159,"North Carolina","Rowan County",3,45,1684,862,822
050,37,159,"North Carolina","Rowan County",3,46,1738,895,843
050,37,159,"North Carolina","Rowan County",3,47,1758,888,870
050,37,159,"North Carolina","Rowan County",3,48,1814,912,902
050,37,159,"North Carolina","Rowan County",3,49,2006,1029,977
050,37,159,"North Carolina","Rowan County",3,50,2127,1094,1033
050,37,159,"North Carolina","Rowan County",3,51,2033,997,1036
050,37,159,"North Carolina","Rowan County",3,52,1969,956,1013
050,37,159,"North Carolina","Rowan County",3,53,1936,975,961
050,37,159,"North Carolina","Rowan County",3,54,2024,1001,1023
050,37,159,"North Carolina","Rowan County",3,55,2023,1018,1005
050,37,159,"North Carolina","Rowan County",3,56,2081,1020,1061
050,37,159,"North Carolina","Rowan County",3,57,2165,1053,1112
050,37,159,"North Carolina","Rowan County",3,58,2140,1049,1091
050,37,159,"North Carolina","Rowan County",3,59,2127,1016,1111
050,37,159,"North Carolina","Rowan County",3,60,2175,1073,1102
050,37,159,"North Carolina","Rowan County",3,61,2116,1041,1075
050,37,159,"North Carolina","Rowan County",3,62,2059,1030,1029
050,37,159,"North Carolina","Rowan County",3,63,1975,985,990
050,37,159,"North Carolina","Rowan County",3,64,1947,962,985
050,37,159,"North Carolina","Rowan County",3,65,1881,950,931
050,37,159,"North Carolina","Rowan County",3,66,1772,859,913
050,37,159,"North Carolina","Rowan County",3,67,1695,808,887
050,37,159,"North Carolina","Rowan County",3,68,1677,801,876
050,37,159,"North Carolina","Rowan County",3,69,1622,793,829
050,37,159,"North Carolina","Rowan County",3,70,1512,730,782
050,37,159,"North Carolina","Rowan County",3,71,1467,675,792
050,37,159,"North Carolina","Rowan County",3,72,1436,643,793
050,37,159,"North Carolina","Rowan County",3,73,1414,659,755
050,37,159,"North Carolina","Rowan County",3,74,1528,709,819
050,37,159,"North Carolina","Rowan County",3,75,1027,476,551
050,37,159,"North Carolina","Rowan County",3,76,967,437,530
050,37,159,"North Carolina","Rowan County",3,77,951,432,519
050,37,159,"North Carolina","Rowan County",3,78,988,443,545
050,37,159,"North Carolina","Rowan County",3,79,833,370,463
050,37,159,"North Carolina","Rowan County",3,80,710,321,389
050,37,159,"North Carolina","Rowan County",3,81,616,277,339
050,37,159,"North Carolina","Rowan County",3,82,569,236,333
050,37,159,"North Carolina","Rowan County",3,83,506,203,303
050,37,159,"North Carolina","Rowan County",3,84,433,143,290
050,37,159,"North Carolina","Rowan County",3,85,2429,811,1618
050,37,159,"North Carolina","Rowan County",4,0,1618,834,784
050,37,159,"North Carolina","Rowan County",4,1,1582,821,761
050,37,159,"North Carolina","Rowan County",4,2,1680,842,838
050,37,159,"North Carolina","Rowan County",4,3,1743,877,866
050,37,159,"North Carolina","Rowan County",4,4,1739,863,876
050,37,159,"North Carolina","Rowan County",4,5,1778,902,876
050,37,159,"North Carolina","Rowan County",4,6,1904,981,923
050,37,159,"North Carolina","Rowan County",4,7,1870,950,920
050,37,159,"North Carolina","Rowan County",4,8,1706,876,830
050,37,159,"North Carolina","Rowan County",4,9,1765,885,880
050,37,159,"North Carolina","Rowan County",4,10,1762,906,856
050,37,159,"North Carolina","Rowan County",4,11,1776,914,862
050,37,159,"North Carolina","Rowan County",4,12,1817,939,878
050,37,159,"North Carolina","Rowan County",4,13,2001,1061,940
050,37,159,"North Carolina","Rowan County",4,14,2148,1123,1025
050,37,159,"North Carolina","Rowan County",4,15,2142,1112,1030
050,37,159,"North Carolina","Rowan County",4,16,2048,1057,991
050,37,159,"North Carolina","Rowan County",4,17,1990,1033,957
050,37,159,"North Carolina","Rowan County",4,18,1954,1062,892
050,37,159,"North Carolina","Rowan County",4,19,1790,984,806
050,37,159,"North Carolina","Rowan County",4,20,1979,1062,917
050,37,159,"North Carolina","Rowan County",4,21,1888,983,905
050,37,159,"North Carolina","Rowan County",4,22,1857,966,891
050,37,159,"North Carolina","Rowan County",4,23,1879,959,920
050,37,159,"North Carolina","Rowan County",4,24,1882,948,934
050,37,159,"North Carolina","Rowan County",4,25,1906,931,975
050,37,159,"North Carolina","Rowan County",4,26,1783,931,852
050,37,159,"North Carolina","Rowan County",4,27,1865,941,924
050,37,159,"North Carolina","Rowan County",4,28,1903,941,962
050,37,159,"North Carolina","Rowan County",4,29,1909,955,954
050,37,159,"North Carolina","Rowan County",4,30,2025,1021,1004
050,37,159,"North Carolina","Rowan County",4,31,2057,1049,1008
050,37,159,"North Carolina","Rowan County",4,32,1987,1009,978
050,37,159,"North Carolina","Rowan County",4,33,1931,957,974
050,37,159,"North Carolina","Rowan County",4,34,1835,903,932
050,37,159,"North Carolina","Rowan County",4,35,1771,863,908
050,37,159,"North Carolina","Rowan County",4,36,1755,883,872
050,37,159,"North Carolina","Rowan County",4,37,1751,894,857
050,37,159,"North Carolina","Rowan County",4,38,1752,868,884
050,37,159,"North Carolina","Rowan County",4,39,1730,889,841
050,37,159,"North Carolina","Rowan County",4,40,1822,923,899
050,37,159,"North Carolina","Rowan County",4,41,1806,898,908
050,37,159,"North Carolina","Rowan County",4,42,1800,872,928
050,37,159,"North Carolina","Rowan County",4,43,1741,844,897
050,37,159,"North Carolina","Rowan County",4,44,1795,901,894
050,37,159,"North Carolina","Rowan County",4,45,1776,899,877
050,37,159,"North Carolina","Rowan County",4,46,1752,880,872
050,37,159,"North Carolina","Rowan County",4,47,1712,876,836
050,37,159,"North Carolina","Rowan County",4,48,1754,879,875
050,37,159,"North Carolina","Rowan County",4,49,1825,919,906
050,37,159,"North Carolina","Rowan County",4,50,2047,1055,992
050,37,159,"North Carolina","Rowan County",4,51,2136,1081,1055
050,37,159,"North Carolina","Rowan County",4,52,2039,1002,1037
050,37,159,"North Carolina","Rowan County",4,53,1986,940,1046
050,37,159,"North Carolina","Rowan County",4,54,1943,987,956
050,37,159,"North Carolina","Rowan County",4,55,2030,1008,1022
050,37,159,"North Carolina","Rowan County",4,56,2017,1002,1015
050,37,159,"North Carolina","Rowan County",4,57,2052,1007,1045
050,37,159,"North Carolina","Rowan County",4,58,2158,1049,1109
050,37,159,"North Carolina","Rowan County",4,59,2123,1040,1083
050,37,159,"North Carolina","Rowan County",4,60,2142,1012,1130
050,37,159,"North Carolina","Rowan County",4,61,2170,1076,1094
050,37,159,"North Carolina","Rowan County",4,62,2097,1028,1069
050,37,159,"North Carolina","Rowan County",4,63,2027,1023,1004
050,37,159,"North Carolina","Rowan County",4,64,1968,977,991
050,37,159,"North Carolina","Rowan County",4,65,1950,964,986
050,37,159,"North Carolina","Rowan County",4,66,1867,946,921
050,37,159,"North Carolina","Rowan County",4,67,1717,828,889
050,37,159,"North Carolina","Rowan County",4,68,1659,787,872
050,37,159,"North Carolina","Rowan County",4,69,1656,798,858
050,37,159,"North Carolina","Rowan County",4,70,1600,771,829
050,37,159,"North Carolina","Rowan County",4,71,1447,682,765
050,37,159,"North Carolina","Rowan County",4,72,1415,652,763
050,37,159,"North Carolina","Rowan County",4,73,1418,641,777
050,37,159,"North Carolina","Rowan County",4,74,1345,618,727
050,37,159,"North Carolina","Rowan County",4,75,1481,682,799
050,37,159,"North Carolina","Rowan County",4,76,970,430,540
050,37,159,"North Carolina","Rowan County",4,77,907,403,504
050,37,159,"North Carolina","Rowan County",4,78,929,423,506
050,37,159,"North Carolina","Rowan County",4,79,956,424,532
050,37,159,"North Carolina","Rowan County",4,80,792,348,444
050,37,159,"North Carolina","Rowan County",4,81,648,288,360
050,37,159,"North Carolina","Rowan County",4,82,573,247,326
050,37,159,"North Carolina","Rowan County",4,83,524,217,307
050,37,159,"North Carolina","Rowan County",4,84,470,168,302
050,37,159,"North Carolina","Rowan County",4,85,2373,789,1584
050,37,159,"North Carolina","Rowan County",5,0,1614,830,784
050,37,159,"North Carolina","Rowan County",5,1,1661,846,815
050,37,159,"North Carolina","Rowan County",5,2,1628,839,789
050,37,159,"North Carolina","Rowan County",5,3,1697,831,866
050,37,159,"North Carolina","Rowan County",5,4,1761,872,889
050,37,159,"North Carolina","Rowan County",5,5,1793,890,903
050,37,159,"North Carolina","Rowan County",5,6,1793,906,887
050,37,159,"North Carolina","Rowan County",5,7,1956,1013,943
050,37,159,"North Carolina","Rowan County",5,8,1912,962,950
050,37,159,"North Carolina","Rowan County",5,9,1745,898,847
050,37,159,"North Carolina","Rowan County",5,10,1832,911,921
050,37,159,"North Carolina","Rowan County",5,11,1815,940,875
050,37,159,"North Carolina","Rowan County",5,12,1807,927,880
050,37,159,"North Carolina","Rowan County",5,13,1904,973,931
050,37,159,"North Carolina","Rowan County",5,14,2075,1098,977
050,37,159,"North Carolina","Rowan County",5,15,2172,1144,1028
050,37,159,"North Carolina","Rowan County",5,16,2180,1121,1059
050,37,159,"North Carolina","Rowan County",5,17,2032,1048,984
050,37,159,"North Carolina","Rowan County",5,18,1930,1040,890
050,37,159,"North Carolina","Rowan County",5,19,1744,967,777
050,37,159,"North Carolina","Rowan County",5,20,1998,1073,925
050,37,159,"North Carolina","Rowan County",5,21,1947,996,951
050,37,159,"North Carolina","Rowan County",5,22,1946,1020,926
050,37,159,"North Carolina","Rowan County",5,23,1939,1014,925
050,37,159,"North Carolina","Rowan County",5,24,1898,952,946
050,37,159,"North Carolina","Rowan County",5,25,1896,958,938
050,37,159,"North Carolina","Rowan County",5,26,1904,930,974
050,37,159,"North Carolina","Rowan County",5,27,1853,990,863
050,37,159,"North Carolina","Rowan County",5,28,1895,961,934
050,37,159,"North Carolina","Rowan County",5,29,1962,985,977
050,37,159,"North Carolina","Rowan County",5,30,1999,990,1009
050,37,159,"North Carolina","Rowan County",5,31,2077,1050,1027
050,37,159,"North Carolina","Rowan County",5,32,2060,1051,1009
050,37,159,"North Carolina","Rowan County",5,33,2039,1014,1025
050,37,159,"North Carolina","Rowan County",5,34,1960,969,991
050,37,159,"North Carolina","Rowan County",5,35,1868,920,948
050,37,159,"North Carolina","Rowan County",5,36,1830,904,926
050,37,159,"North Carolina","Rowan County",5,37,1845,931,914
050,37,159,"North Carolina","Rowan County",5,38,1822,930,892
050,37,159,"North Carolina","Rowan County",5,39,1758,852,906
050,37,159,"North Carolina","Rowan County",5,40,1759,903,856
050,37,159,"North Carolina","Rowan County",5,41,1837,930,907
050,37,159,"North Carolina","Rowan County",5,42,1841,922,919
050,37,159,"North Carolina","Rowan County",5,43,1804,860,944
050,37,159,"North Carolina","Rowan County",5,44,1743,852,891
050,37,159,"North Carolina","Rowan County",5,45,1797,902,895
050,37,159,"North Carolina","Rowan County",5,46,1822,905,917
050,37,159,"North Carolina","Rowan County",5,47,1756,884,872
050,37,159,"North Carolina","Rowan County",5,48,1714,852,862
050,37,159,"North Carolina","Rowan County",5,49,1771,892,879
050,37,159,"North Carolina","Rowan County",5,50,1843,926,917
050,37,159,"North Carolina","Rowan County",5,51,2079,1069,1010
050,37,159,"North Carolina","Rowan County",5,52,2150,1096,1054
050,37,159,"North Carolina","Rowan County",5,53,2061,1006,1055
050,37,159,"North Carolina","Rowan County",5,54,2036,963,1073
050,37,159,"North Carolina","Rowan County",5,55,2010,1021,989
050,37,159,"North Carolina","Rowan County",5,56,2024,994,1030
050,37,159,"North Carolina","Rowan County",5,57,1998,1007,991
050,37,159,"North Carolina","Rowan County",5,58,2051,1019,1032
050,37,159,"North Carolina","Rowan County",5,59,2135,1046,1089
050,37,159,"North Carolina","Rowan County",5,60,2120,1033,1087
050,37,159,"North Carolina","Rowan County",5,61,2102,974,1128
050,37,159,"North Carolina","Rowan County",5,62,2184,1085,1099
050,37,159,"North Carolina","Rowan County",5,63,2080,1022,1058
050,37,159,"North Carolina","Rowan County",5,64,2003,1008,995
050,37,159,"North Carolina","Rowan County",5,65,1981,988,993
050,37,159,"North Carolina","Rowan County",5,66,1926,949,977
050,37,159,"North Carolina","Rowan County",5,67,1835,930,905
050,37,159,"North Carolina","Rowan County",5,68,1688,804,884
050,37,159,"North Carolina","Rowan County",5,69,1639,777,862
050,37,159,"North Carolina","Rowan County",5,70,1622,774,848
050,37,159,"North Carolina","Rowan County",5,71,1542,732,810
050,37,159,"North Carolina","Rowan County",5,72,1410,670,740
050,37,159,"North Carolina","Rowan County",5,73,1386,630,756
050,37,159,"North Carolina","Rowan County",5,74,1357,609,748
050,37,159,"North Carolina","Rowan County",5,75,1289,591,698
050,37,159,"North Carolina","Rowan County",5,76,1416,639,777
050,37,159,"North Carolina","Rowan County",5,77,924,411,513
050,37,159,"North Carolina","Rowan County",5,78,872,380,492
050,37,159,"North Carolina","Rowan County",5,79,879,392,487
050,37,159,"North Carolina","Rowan County",5,80,902,398,504
050,37,159,"North Carolina","Rowan County",5,81,731,318,413
050,37,159,"North Carolina","Rowan County",5,82,614,261,353
050,37,159,"North Carolina","Rowan County",5,83,524,224,300
050,37,159,"North Carolina","Rowan County",5,84,476,185,291
050,37,159,"North Carolina","Rowan County",5,85,2381,802,1579
050,37,161,"North Carolina","Rutherford County",1,0,638,321,317
050,37,161,"North Carolina","Rutherford County",1,1,647,322,325
050,37,161,"North Carolina","Rutherford County",1,2,665,346,319
050,37,161,"North Carolina","Rutherford County",1,3,646,320,326
050,37,161,"North Carolina","Rutherford County",1,4,651,333,318
050,37,161,"North Carolina","Rutherford County",1,5,676,361,315
050,37,161,"North Carolina","Rutherford County",1,6,654,351,303
050,37,161,"North Carolina","Rutherford County",1,7,716,351,365
050,37,161,"North Carolina","Rutherford County",1,8,672,344,328
050,37,161,"North Carolina","Rutherford County",1,9,745,395,350
050,37,161,"North Carolina","Rutherford County",1,10,738,384,354
050,37,161,"North Carolina","Rutherford County",1,11,771,395,376
050,37,161,"North Carolina","Rutherford County",1,12,844,432,412
050,37,161,"North Carolina","Rutherford County",1,13,873,442,431
050,37,161,"North Carolina","Rutherford County",1,14,790,380,410
050,37,161,"North Carolina","Rutherford County",1,15,816,408,408
050,37,161,"North Carolina","Rutherford County",1,16,869,447,422
050,37,161,"North Carolina","Rutherford County",1,17,817,402,415
050,37,161,"North Carolina","Rutherford County",1,18,716,378,338
050,37,161,"North Carolina","Rutherford County",1,19,625,322,303
050,37,161,"North Carolina","Rutherford County",1,20,660,342,318
050,37,161,"North Carolina","Rutherford County",1,21,673,346,327
050,37,161,"North Carolina","Rutherford County",1,22,649,334,315
050,37,161,"North Carolina","Rutherford County",1,23,698,365,333
050,37,161,"North Carolina","Rutherford County",1,24,722,362,360
050,37,161,"North Carolina","Rutherford County",1,25,700,338,362
050,37,161,"North Carolina","Rutherford County",1,26,671,339,332
050,37,161,"North Carolina","Rutherford County",1,27,733,363,370
050,37,161,"North Carolina","Rutherford County",1,28,756,359,397
050,37,161,"North Carolina","Rutherford County",1,29,742,364,378
050,37,161,"North Carolina","Rutherford County",1,30,701,338,363
050,37,161,"North Carolina","Rutherford County",1,31,675,337,338
050,37,161,"North Carolina","Rutherford County",1,32,650,316,334
050,37,161,"North Carolina","Rutherford County",1,33,691,340,351
050,37,161,"North Carolina","Rutherford County",1,34,680,332,348
050,37,161,"North Carolina","Rutherford County",1,35,646,326,320
050,37,161,"North Carolina","Rutherford County",1,36,638,321,317
050,37,161,"North Carolina","Rutherford County",1,37,659,310,349
050,37,161,"North Carolina","Rutherford County",1,38,654,315,339
050,37,161,"North Carolina","Rutherford County",1,39,712,362,350
050,37,161,"North Carolina","Rutherford County",1,40,710,351,359
050,37,161,"North Carolina","Rutherford County",1,41,716,351,365
050,37,161,"North Carolina","Rutherford County",1,42,746,377,369
050,37,161,"North Carolina","Rutherford County",1,43,724,359,365
050,37,161,"North Carolina","Rutherford County",1,44,738,370,368
050,37,161,"North Carolina","Rutherford County",1,45,779,381,398
050,37,161,"North Carolina","Rutherford County",1,46,771,380,391
050,37,161,"North Carolina","Rutherford County",1,47,820,417,403
050,37,161,"North Carolina","Rutherford County",1,48,891,429,462
050,37,161,"North Carolina","Rutherford County",1,49,936,466,470
050,37,161,"North Carolina","Rutherford County",1,50,951,469,482
050,37,161,"North Carolina","Rutherford County",1,51,930,460,470
050,37,161,"North Carolina","Rutherford County",1,52,928,467,461
050,37,161,"North Carolina","Rutherford County",1,53,937,443,494
050,37,161,"North Carolina","Rutherford County",1,54,899,429,470
050,37,161,"North Carolina","Rutherford County",1,55,922,465,457
050,37,161,"North Carolina","Rutherford County",1,56,972,490,482
050,37,161,"North Carolina","Rutherford County",1,57,973,491,482
050,37,161,"North Carolina","Rutherford County",1,58,1005,509,496
050,37,161,"North Carolina","Rutherford County",1,59,968,478,490
050,37,161,"North Carolina","Rutherford County",1,60,987,476,511
050,37,161,"North Carolina","Rutherford County",1,61,969,451,518
050,37,161,"North Carolina","Rutherford County",1,62,977,468,509
050,37,161,"North Carolina","Rutherford County",1,63,992,462,530
050,37,161,"North Carolina","Rutherford County",1,64,949,456,493
050,37,161,"North Carolina","Rutherford County",1,65,935,449,486
050,37,161,"North Carolina","Rutherford County",1,66,943,457,486
050,37,161,"North Carolina","Rutherford County",1,67,869,421,448
050,37,161,"North Carolina","Rutherford County",1,68,896,426,470
050,37,161,"North Carolina","Rutherford County",1,69,830,394,436
050,37,161,"North Carolina","Rutherford County",1,70,833,405,428
050,37,161,"North Carolina","Rutherford County",1,71,853,414,439
050,37,161,"North Carolina","Rutherford County",1,72,857,405,452
050,37,161,"North Carolina","Rutherford County",1,73,863,403,460
050,37,161,"North Carolina","Rutherford County",1,74,570,269,301
050,37,161,"North Carolina","Rutherford County",1,75,558,264,294
050,37,161,"North Carolina","Rutherford County",1,76,569,260,309
050,37,161,"North Carolina","Rutherford County",1,77,583,264,319
050,37,161,"North Carolina","Rutherford County",1,78,486,204,282
050,37,161,"North Carolina","Rutherford County",1,79,418,172,246
050,37,161,"North Carolina","Rutherford County",1,80,381,166,215
050,37,161,"North Carolina","Rutherford County",1,81,378,167,211
050,37,161,"North Carolina","Rutherford County",1,82,295,133,162
050,37,161,"North Carolina","Rutherford County",1,83,291,118,173
050,37,161,"North Carolina","Rutherford County",1,84,255,98,157
050,37,161,"North Carolina","Rutherford County",1,85,1314,424,890
050,37,161,"North Carolina","Rutherford County",2,0,634,320,314
050,37,161,"North Carolina","Rutherford County",2,1,647,324,323
050,37,161,"North Carolina","Rutherford County",2,2,658,339,319
050,37,161,"North Carolina","Rutherford County",2,3,644,324,320
050,37,161,"North Carolina","Rutherford County",2,4,650,331,319
050,37,161,"North Carolina","Rutherford County",2,5,666,350,316
050,37,161,"North Carolina","Rutherford County",2,6,663,356,307
050,37,161,"North Carolina","Rutherford County",2,7,695,352,343
050,37,161,"North Carolina","Rutherford County",2,8,684,348,336
050,37,161,"North Carolina","Rutherford County",2,9,728,382,346
050,37,161,"North Carolina","Rutherford County",2,10,739,385,354
050,37,161,"North Carolina","Rutherford County",2,11,761,391,370
050,37,161,"North Carolina","Rutherford County",2,12,833,427,406
050,37,161,"North Carolina","Rutherford County",2,13,868,440,428
050,37,161,"North Carolina","Rutherford County",2,14,816,398,418
050,37,161,"North Carolina","Rutherford County",2,15,812,402,410
050,37,161,"North Carolina","Rutherford County",2,16,860,439,421
050,37,161,"North Carolina","Rutherford County",2,17,833,414,419
050,37,161,"North Carolina","Rutherford County",2,18,704,367,337
050,37,161,"North Carolina","Rutherford County",2,19,614,318,296
050,37,161,"North Carolina","Rutherford County",2,20,672,348,324
050,37,161,"North Carolina","Rutherford County",2,21,671,344,327
050,37,161,"North Carolina","Rutherford County",2,22,664,341,323
050,37,161,"North Carolina","Rutherford County",2,23,695,362,333
050,37,161,"North Carolina","Rutherford County",2,24,722,368,354
050,37,161,"North Carolina","Rutherford County",2,25,701,343,358
050,37,161,"North Carolina","Rutherford County",2,26,685,341,344
050,37,161,"North Carolina","Rutherford County",2,27,715,356,359
050,37,161,"North Carolina","Rutherford County",2,28,753,363,390
050,37,161,"North Carolina","Rutherford County",2,29,746,364,382
050,37,161,"North Carolina","Rutherford County",2,30,717,346,371
050,37,161,"North Carolina","Rutherford County",2,31,680,336,344
050,37,161,"North Carolina","Rutherford County",2,32,657,322,335
050,37,161,"North Carolina","Rutherford County",2,33,678,334,344
050,37,161,"North Carolina","Rutherford County",2,34,684,333,351
050,37,161,"North Carolina","Rutherford County",2,35,664,334,330
050,37,161,"North Carolina","Rutherford County",2,36,636,319,317
050,37,161,"North Carolina","Rutherford County",2,37,655,311,344
050,37,161,"North Carolina","Rutherford County",2,38,659,315,344
050,37,161,"North Carolina","Rutherford County",2,39,698,352,346
050,37,161,"North Carolina","Rutherford County",2,40,711,353,358
050,37,161,"North Carolina","Rutherford County",2,41,714,353,361
050,37,161,"North Carolina","Rutherford County",2,42,742,373,369
050,37,161,"North Carolina","Rutherford County",2,43,736,364,372
050,37,161,"North Carolina","Rutherford County",2,44,731,365,366
050,37,161,"North Carolina","Rutherford County",2,45,777,383,394
050,37,161,"North Carolina","Rutherford County",2,46,772,380,392
050,37,161,"North Carolina","Rutherford County",2,47,809,408,401
050,37,161,"North Carolina","Rutherford County",2,48,872,424,448
050,37,161,"North Carolina","Rutherford County",2,49,935,463,472
050,37,161,"North Carolina","Rutherford County",2,50,945,466,479
050,37,161,"North Carolina","Rutherford County",2,51,934,464,470
050,37,161,"North Carolina","Rutherford County",2,52,928,465,463
050,37,161,"North Carolina","Rutherford County",2,53,932,446,486
050,37,161,"North Carolina","Rutherford County",2,54,905,431,474
050,37,161,"North Carolina","Rutherford County",2,55,921,457,464
050,37,161,"North Carolina","Rutherford County",2,56,963,485,478
050,37,161,"North Carolina","Rutherford County",2,57,977,493,484
050,37,161,"North Carolina","Rutherford County",2,58,996,505,491
050,37,161,"North Carolina","Rutherford County",2,59,982,488,494
050,37,161,"North Carolina","Rutherford County",2,60,986,478,508
050,37,161,"North Carolina","Rutherford County",2,61,968,453,515
050,37,161,"North Carolina","Rutherford County",2,62,970,460,510
050,37,161,"North Carolina","Rutherford County",2,63,999,469,530
050,37,161,"North Carolina","Rutherford County",2,64,954,453,501
050,37,161,"North Carolina","Rutherford County",2,65,940,452,488
050,37,161,"North Carolina","Rutherford County",2,66,947,456,491
050,37,161,"North Carolina","Rutherford County",2,67,882,427,455
050,37,161,"North Carolina","Rutherford County",2,68,880,422,458
050,37,161,"North Carolina","Rutherford County",2,69,850,402,448
050,37,161,"North Carolina","Rutherford County",2,70,830,398,432
050,37,161,"North Carolina","Rutherford County",2,71,838,408,430
050,37,161,"North Carolina","Rutherford County",2,72,842,399,443
050,37,161,"North Carolina","Rutherford County",2,73,898,420,478
050,37,161,"North Carolina","Rutherford County",2,74,596,279,317
050,37,161,"North Carolina","Rutherford County",2,75,558,261,297
050,37,161,"North Carolina","Rutherford County",2,76,557,259,298
050,37,161,"North Carolina","Rutherford County",2,77,582,262,320
050,37,161,"North Carolina","Rutherford County",2,78,497,213,284
050,37,161,"North Carolina","Rutherford County",2,79,427,173,254
050,37,161,"North Carolina","Rutherford County",2,80,385,165,220
050,37,161,"North Carolina","Rutherford County",2,81,372,164,208
050,37,161,"North Carolina","Rutherford County",2,82,313,138,175
050,37,161,"North Carolina","Rutherford County",2,83,292,121,171
050,37,161,"North Carolina","Rutherford County",2,84,258,101,157
050,37,161,"North Carolina","Rutherford County",2,85,1322,429,893
050,37,161,"North Carolina","Rutherford County",3,0,631,316,315
050,37,161,"North Carolina","Rutherford County",3,1,637,333,304
050,37,161,"North Carolina","Rutherford County",3,2,648,317,331
050,37,161,"North Carolina","Rutherford County",3,3,656,338,318
050,37,161,"North Carolina","Rutherford County",3,4,679,340,339
050,37,161,"North Carolina","Rutherford County",3,5,664,328,336
050,37,161,"North Carolina","Rutherford County",3,6,679,353,326
050,37,161,"North Carolina","Rutherford County",3,7,660,366,294
050,37,161,"North Carolina","Rutherford County",3,8,699,360,339
050,37,161,"North Carolina","Rutherford County",3,9,706,360,346
050,37,161,"North Carolina","Rutherford County",3,10,755,398,357
050,37,161,"North Carolina","Rutherford County",3,11,721,382,339
050,37,161,"North Carolina","Rutherford County",3,12,784,398,386
050,37,161,"North Carolina","Rutherford County",3,13,842,430,412
050,37,161,"North Carolina","Rutherford County",3,14,873,453,420
050,37,161,"North Carolina","Rutherford County",3,15,816,401,415
050,37,161,"North Carolina","Rutherford County",3,16,803,392,411
050,37,161,"North Carolina","Rutherford County",3,17,840,429,411
050,37,161,"North Carolina","Rutherford County",3,18,702,358,344
050,37,161,"North Carolina","Rutherford County",3,19,575,296,279
050,37,161,"North Carolina","Rutherford County",3,20,684,349,335
050,37,161,"North Carolina","Rutherford County",3,21,700,360,340
050,37,161,"North Carolina","Rutherford County",3,22,716,356,360
050,37,161,"North Carolina","Rutherford County",3,23,686,355,331
050,37,161,"North Carolina","Rutherford County",3,24,710,357,353
050,37,161,"North Carolina","Rutherford County",3,25,724,366,358
050,37,161,"North Carolina","Rutherford County",3,26,714,341,373
050,37,161,"North Carolina","Rutherford County",3,27,686,326,360
050,37,161,"North Carolina","Rutherford County",3,28,704,357,347
050,37,161,"North Carolina","Rutherford County",3,29,759,365,394
050,37,161,"North Carolina","Rutherford County",3,30,770,380,390
050,37,161,"North Carolina","Rutherford County",3,31,730,349,381
050,37,161,"North Carolina","Rutherford County",3,32,705,343,362
050,37,161,"North Carolina","Rutherford County",3,33,691,349,342
050,37,161,"North Carolina","Rutherford County",3,34,677,323,354
050,37,161,"North Carolina","Rutherford County",3,35,697,347,350
050,37,161,"North Carolina","Rutherford County",3,36,673,337,336
050,37,161,"North Carolina","Rutherford County",3,37,642,323,319
050,37,161,"North Carolina","Rutherford County",3,38,676,322,354
050,37,161,"North Carolina","Rutherford County",3,39,687,335,352
050,37,161,"North Carolina","Rutherford County",3,40,688,337,351
050,37,161,"North Carolina","Rutherford County",3,41,745,371,374
050,37,161,"North Carolina","Rutherford County",3,42,746,371,375
050,37,161,"North Carolina","Rutherford County",3,43,755,376,379
050,37,161,"North Carolina","Rutherford County",3,44,746,378,368
050,37,161,"North Carolina","Rutherford County",3,45,747,372,375
050,37,161,"North Carolina","Rutherford County",3,46,768,374,394
050,37,161,"North Carolina","Rutherford County",3,47,775,376,399
050,37,161,"North Carolina","Rutherford County",3,48,793,392,401
050,37,161,"North Carolina","Rutherford County",3,49,873,433,440
050,37,161,"North Carolina","Rutherford County",3,50,937,463,474
050,37,161,"North Carolina","Rutherford County",3,51,955,478,477
050,37,161,"North Carolina","Rutherford County",3,52,935,460,475
050,37,161,"North Carolina","Rutherford County",3,53,930,461,469
050,37,161,"North Carolina","Rutherford County",3,54,937,439,498
050,37,161,"North Carolina","Rutherford County",3,55,930,440,490
050,37,161,"North Carolina","Rutherford County",3,56,931,469,462
050,37,161,"North Carolina","Rutherford County",3,57,948,466,482
050,37,161,"North Carolina","Rutherford County",3,58,980,487,493
050,37,161,"North Carolina","Rutherford County",3,59,999,503,496
050,37,161,"North Carolina","Rutherford County",3,60,970,487,483
050,37,161,"North Carolina","Rutherford County",3,61,973,459,514
050,37,161,"North Carolina","Rutherford County",3,62,957,452,505
050,37,161,"North Carolina","Rutherford County",3,63,978,463,515
050,37,161,"North Carolina","Rutherford County",3,64,1004,457,547
050,37,161,"North Carolina","Rutherford County",3,65,931,443,488
050,37,161,"North Carolina","Rutherford County",3,66,941,458,483
050,37,161,"North Carolina","Rutherford County",3,67,936,449,487
050,37,161,"North Carolina","Rutherford County",3,68,868,419,449
050,37,161,"North Carolina","Rutherford County",3,69,856,409,447
050,37,161,"North Carolina","Rutherford County",3,70,828,385,443
050,37,161,"North Carolina","Rutherford County",3,71,794,387,407
050,37,161,"North Carolina","Rutherford County",3,72,822,397,425
050,37,161,"North Carolina","Rutherford County",3,73,806,376,430
050,37,161,"North Carolina","Rutherford County",3,74,852,397,455
050,37,161,"North Carolina","Rutherford County",3,75,581,269,312
050,37,161,"North Carolina","Rutherford County",3,76,515,241,274
050,37,161,"North Carolina","Rutherford County",3,77,527,244,283
050,37,161,"North Carolina","Rutherford County",3,78,553,244,309
050,37,161,"North Carolina","Rutherford County",3,79,453,193,260
050,37,161,"North Carolina","Rutherford County",3,80,383,157,226
050,37,161,"North Carolina","Rutherford County",3,81,351,147,204
050,37,161,"North Carolina","Rutherford County",3,82,342,148,194
050,37,161,"North Carolina","Rutherford County",3,83,303,129,174
050,37,161,"North Carolina","Rutherford County",3,84,263,104,159
050,37,161,"North Carolina","Rutherford County",3,85,1310,435,875
050,37,161,"North Carolina","Rutherford County",4,0,634,324,310
050,37,161,"North Carolina","Rutherford County",4,1,635,316,319
050,37,161,"North Carolina","Rutherford County",4,2,650,343,307
050,37,161,"North Carolina","Rutherford County",4,3,651,314,337
050,37,161,"North Carolina","Rutherford County",4,4,674,348,326
050,37,161,"North Carolina","Rutherford County",4,5,684,338,346
050,37,161,"North Carolina","Rutherford County",4,6,673,333,340
050,37,161,"North Carolina","Rutherford County",4,7,684,357,327
050,37,161,"North Carolina","Rutherford County",4,8,694,388,306
050,37,161,"North Carolina","Rutherford County",4,9,712,360,352
050,37,161,"North Carolina","Rutherford County",4,10,706,376,330
050,37,161,"North Carolina","Rutherford County",4,11,761,406,355
050,37,161,"North Carolina","Rutherford County",4,12,731,385,346
050,37,161,"North Carolina","Rutherford County",4,13,787,402,385
050,37,161,"North Carolina","Rutherford County",4,14,859,438,421
050,37,161,"North Carolina","Rutherford County",4,15,891,450,441
050,37,161,"North Carolina","Rutherford County",4,16,816,393,423
050,37,161,"North Carolina","Rutherford County",4,17,823,399,424
050,37,161,"North Carolina","Rutherford County",4,18,723,382,341
050,37,161,"North Carolina","Rutherford County",4,19,575,286,289
050,37,161,"North Carolina","Rutherford County",4,20,628,324,304
050,37,161,"North Carolina","Rutherford County",4,21,707,358,349
050,37,161,"North Carolina","Rutherford County",4,22,740,384,356
050,37,161,"North Carolina","Rutherford County",4,23,740,366,374
050,37,161,"North Carolina","Rutherford County",4,24,704,373,331
050,37,161,"North Carolina","Rutherford County",4,25,717,366,351
050,37,161,"North Carolina","Rutherford County",4,26,767,384,383
050,37,161,"North Carolina","Rutherford County",4,27,711,332,379
050,37,161,"North Carolina","Rutherford County",4,28,715,345,370
050,37,161,"North Carolina","Rutherford County",4,29,708,361,347
050,37,161,"North Carolina","Rutherford County",4,30,784,382,402
050,37,161,"North Carolina","Rutherford County",4,31,756,365,391
050,37,161,"North Carolina","Rutherford County",4,32,754,374,380
050,37,161,"North Carolina","Rutherford County",4,33,725,357,368
050,37,161,"North Carolina","Rutherford County",4,34,699,346,353
050,37,161,"North Carolina","Rutherford County",4,35,697,344,353
050,37,161,"North Carolina","Rutherford County",4,36,706,351,355
050,37,161,"North Carolina","Rutherford County",4,37,678,328,350
050,37,161,"North Carolina","Rutherford County",4,38,662,330,332
050,37,161,"North Carolina","Rutherford County",4,39,692,328,364
050,37,161,"North Carolina","Rutherford County",4,40,673,325,348
050,37,161,"North Carolina","Rutherford County",4,41,708,348,360
050,37,161,"North Carolina","Rutherford County",4,42,756,381,375
050,37,161,"North Carolina","Rutherford County",4,43,747,367,380
050,37,161,"North Carolina","Rutherford County",4,44,768,383,385
050,37,161,"North Carolina","Rutherford County",4,45,768,390,378
050,37,161,"North Carolina","Rutherford County",4,46,752,372,380
050,37,161,"North Carolina","Rutherford County",4,47,760,375,385
050,37,161,"North Carolina","Rutherford County",4,48,776,378,398
050,37,161,"North Carolina","Rutherford County",4,49,812,411,401
050,37,161,"North Carolina","Rutherford County",4,50,876,422,454
050,37,161,"North Carolina","Rutherford County",4,51,928,461,467
050,37,161,"North Carolina","Rutherford County",4,52,960,463,497
050,37,161,"North Carolina","Rutherford County",4,53,927,449,478
050,37,161,"North Carolina","Rutherford County",4,54,937,470,467
050,37,161,"North Carolina","Rutherford County",4,55,946,446,500
050,37,161,"North Carolina","Rutherford County",4,56,947,458,489
050,37,161,"North Carolina","Rutherford County",4,57,919,453,466
050,37,161,"North Carolina","Rutherford County",4,58,926,447,479
050,37,161,"North Carolina","Rutherford County",4,59,997,492,505
050,37,161,"North Carolina","Rutherford County",4,60,1024,520,504
050,37,161,"North Carolina","Rutherford County",4,61,969,478,491
050,37,161,"North Carolina","Rutherford County",4,62,984,464,520
050,37,161,"North Carolina","Rutherford County",4,63,973,468,505
050,37,161,"North Carolina","Rutherford County",4,64,980,461,519
050,37,161,"North Carolina","Rutherford County",4,65,1018,471,547
050,37,161,"North Carolina","Rutherford County",4,66,930,450,480
050,37,161,"North Carolina","Rutherford County",4,67,907,440,467
050,37,161,"North Carolina","Rutherford County",4,68,935,448,487
050,37,161,"North Carolina","Rutherford County",4,69,842,398,444
050,37,161,"North Carolina","Rutherford County",4,70,831,396,435
050,37,161,"North Carolina","Rutherford County",4,71,800,378,422
050,37,161,"North Carolina","Rutherford County",4,72,769,374,395
050,37,161,"North Carolina","Rutherford County",4,73,792,379,413
050,37,161,"North Carolina","Rutherford County",4,74,772,363,409
050,37,161,"North Carolina","Rutherford County",4,75,827,378,449
050,37,161,"North Carolina","Rutherford County",4,76,543,258,285
050,37,161,"North Carolina","Rutherford County",4,77,475,218,257
050,37,161,"North Carolina","Rutherford County",4,78,494,219,275
050,37,161,"North Carolina","Rutherford County",4,79,520,230,290
050,37,161,"North Carolina","Rutherford County",4,80,423,182,241
050,37,161,"North Carolina","Rutherford County",4,81,345,138,207
050,37,161,"North Carolina","Rutherford County",4,82,322,131,191
050,37,161,"North Carolina","Rutherford County",4,83,341,146,195
050,37,161,"North Carolina","Rutherford County",4,84,270,113,157
050,37,161,"North Carolina","Rutherford County",4,85,1323,442,881
050,37,161,"North Carolina","Rutherford County",5,0,632,320,312
050,37,161,"North Carolina","Rutherford County",5,1,647,333,314
050,37,161,"North Carolina","Rutherford County",5,2,654,334,320
050,37,161,"North Carolina","Rutherford County",5,3,664,355,309
050,37,161,"North Carolina","Rutherford County",5,4,667,326,341
050,37,161,"North Carolina","Rutherford County",5,5,690,345,345
050,37,161,"North Carolina","Rutherford County",5,6,702,339,363
050,37,161,"North Carolina","Rutherford County",5,7,703,347,356
050,37,161,"North Carolina","Rutherford County",5,8,701,367,334
050,37,161,"North Carolina","Rutherford County",5,9,701,394,307
050,37,161,"North Carolina","Rutherford County",5,10,702,365,337
050,37,161,"North Carolina","Rutherford County",5,11,722,377,345
050,37,161,"North Carolina","Rutherford County",5,12,767,407,360
050,37,161,"North Carolina","Rutherford County",5,13,746,388,358
050,37,161,"North Carolina","Rutherford County",5,14,792,410,382
050,37,161,"North Carolina","Rutherford County",5,15,862,440,422
050,37,161,"North Carolina","Rutherford County",5,16,899,456,443
050,37,161,"North Carolina","Rutherford County",5,17,817,392,425
050,37,161,"North Carolina","Rutherford County",5,18,689,350,339
050,37,161,"North Carolina","Rutherford County",5,19,584,302,282
050,37,161,"North Carolina","Rutherford County",5,20,642,324,318
050,37,161,"North Carolina","Rutherford County",5,21,675,339,336
050,37,161,"North Carolina","Rutherford County",5,22,749,372,377
050,37,161,"North Carolina","Rutherford County",5,23,790,404,386
050,37,161,"North Carolina","Rutherford County",5,24,748,358,390
050,37,161,"North Carolina","Rutherford County",5,25,719,360,359
050,37,161,"North Carolina","Rutherford County",5,26,743,381,362
050,37,161,"North Carolina","Rutherford County",5,27,754,389,365
050,37,161,"North Carolina","Rutherford County",5,28,743,349,394
050,37,161,"North Carolina","Rutherford County",5,29,749,357,392
050,37,161,"North Carolina","Rutherford County",5,30,762,390,372
050,37,161,"North Carolina","Rutherford County",5,31,752,365,387
050,37,161,"North Carolina","Rutherford County",5,32,789,387,402
050,37,161,"North Carolina","Rutherford County",5,33,772,395,377
050,37,161,"North Carolina","Rutherford County",5,34,739,362,377
050,37,161,"North Carolina","Rutherford County",5,35,696,354,342
050,37,161,"North Carolina","Rutherford County",5,36,728,357,371
050,37,161,"North Carolina","Rutherford County",5,37,706,340,366
050,37,161,"North Carolina","Rutherford County",5,38,695,340,355
050,37,161,"North Carolina","Rutherford County",5,39,673,333,340
050,37,161,"North Carolina","Rutherford County",5,40,681,319,362
050,37,161,"North Carolina","Rutherford County",5,41,695,338,357
050,37,161,"North Carolina","Rutherford County",5,42,723,354,369
050,37,161,"North Carolina","Rutherford County",5,43,770,386,384
050,37,161,"North Carolina","Rutherford County",5,44,754,373,381
050,37,161,"North Carolina","Rutherford County",5,45,769,387,382
050,37,161,"North Carolina","Rutherford County",5,46,797,398,399
050,37,161,"North Carolina","Rutherford County",5,47,772,384,388
050,37,161,"North Carolina","Rutherford County",5,48,767,375,392
050,37,161,"North Carolina","Rutherford County",5,49,782,384,398
050,37,161,"North Carolina","Rutherford County",5,50,808,402,406
050,37,161,"North Carolina","Rutherford County",5,51,874,432,442
050,37,161,"North Carolina","Rutherford County",5,52,945,455,490
050,37,161,"North Carolina","Rutherford County",5,53,949,443,506
050,37,161,"North Carolina","Rutherford County",5,54,945,458,487
050,37,161,"North Carolina","Rutherford County",5,55,964,489,475
050,37,161,"North Carolina","Rutherford County",5,56,962,466,496
050,37,161,"North Carolina","Rutherford County",5,57,943,456,487
050,37,161,"North Carolina","Rutherford County",5,58,922,444,478
050,37,161,"North Carolina","Rutherford County",5,59,931,449,482
050,37,161,"North Carolina","Rutherford County",5,60,1013,495,518
050,37,161,"North Carolina","Rutherford County",5,61,1033,516,517
050,37,161,"North Carolina","Rutherford County",5,62,965,478,487
050,37,161,"North Carolina","Rutherford County",5,63,1005,483,522
050,37,161,"North Carolina","Rutherford County",5,64,974,454,520
050,37,161,"North Carolina","Rutherford County",5,65,967,458,509
050,37,161,"North Carolina","Rutherford County",5,66,1005,466,539
050,37,161,"North Carolina","Rutherford County",5,67,919,441,478
050,37,161,"North Carolina","Rutherford County",5,68,903,444,459
050,37,161,"North Carolina","Rutherford County",5,69,923,445,478
050,37,161,"North Carolina","Rutherford County",5,70,836,390,446
050,37,161,"North Carolina","Rutherford County",5,71,798,387,411
050,37,161,"North Carolina","Rutherford County",5,72,789,376,413
050,37,161,"North Carolina","Rutherford County",5,73,749,357,392
050,37,161,"North Carolina","Rutherford County",5,74,760,363,397
050,37,161,"North Carolina","Rutherford County",5,75,750,349,401
050,37,161,"North Carolina","Rutherford County",5,76,790,359,431
050,37,161,"North Carolina","Rutherford County",5,77,517,241,276
050,37,161,"North Carolina","Rutherford County",5,78,461,205,256
050,37,161,"North Carolina","Rutherford County",5,79,471,209,262
050,37,161,"North Carolina","Rutherford County",5,80,479,212,267
050,37,161,"North Carolina","Rutherford County",5,81,382,160,222
050,37,161,"North Carolina","Rutherford County",5,82,321,126,195
050,37,161,"North Carolina","Rutherford County",5,83,321,128,193
050,37,161,"North Carolina","Rutherford County",5,84,317,133,184
050,37,161,"North Carolina","Rutherford County",5,85,1341,457,884
050,37,163,"North Carolina","Sampson County",1,0,702,358,344
050,37,163,"North Carolina","Sampson County",1,1,740,375,365
050,37,163,"North Carolina","Sampson County",1,2,787,401,386
050,37,163,"North Carolina","Sampson County",1,3,796,395,401
050,37,163,"North Carolina","Sampson County",1,4,764,398,366
050,37,163,"North Carolina","Sampson County",1,5,760,401,359
050,37,163,"North Carolina","Sampson County",1,6,768,378,390
050,37,163,"North Carolina","Sampson County",1,7,776,408,368
050,37,163,"North Carolina","Sampson County",1,8,807,409,398
050,37,163,"North Carolina","Sampson County",1,9,780,400,380
050,37,163,"North Carolina","Sampson County",1,10,812,430,382
050,37,163,"North Carolina","Sampson County",1,11,828,419,409
050,37,163,"North Carolina","Sampson County",1,12,858,454,404
050,37,163,"North Carolina","Sampson County",1,13,847,435,412
050,37,163,"North Carolina","Sampson County",1,14,846,444,402
050,37,163,"North Carolina","Sampson County",1,15,835,430,405
050,37,163,"North Carolina","Sampson County",1,16,864,446,418
050,37,163,"North Carolina","Sampson County",1,17,854,445,409
050,37,163,"North Carolina","Sampson County",1,18,761,406,355
050,37,163,"North Carolina","Sampson County",1,19,678,349,329
050,37,163,"North Carolina","Sampson County",1,20,688,357,331
050,37,163,"North Carolina","Sampson County",1,21,705,376,329
050,37,163,"North Carolina","Sampson County",1,22,693,348,345
050,37,163,"North Carolina","Sampson County",1,23,690,344,346
050,37,163,"North Carolina","Sampson County",1,24,694,358,336
050,37,163,"North Carolina","Sampson County",1,25,659,327,332
050,37,163,"North Carolina","Sampson County",1,26,694,366,328
050,37,163,"North Carolina","Sampson County",1,27,724,382,342
050,37,163,"North Carolina","Sampson County",1,28,707,352,355
050,37,163,"North Carolina","Sampson County",1,29,717,351,366
050,37,163,"North Carolina","Sampson County",1,30,687,337,350
050,37,163,"North Carolina","Sampson County",1,31,658,326,332
050,37,163,"North Carolina","Sampson County",1,32,687,399,288
050,37,163,"North Carolina","Sampson County",1,33,606,316,290
050,37,163,"North Carolina","Sampson County",1,34,590,285,305
050,37,163,"North Carolina","Sampson County",1,35,607,318,289
050,37,163,"North Carolina","Sampson County",1,36,664,343,321
050,37,163,"North Carolina","Sampson County",1,37,725,391,334
050,37,163,"North Carolina","Sampson County",1,38,652,320,332
050,37,163,"North Carolina","Sampson County",1,39,729,377,352
050,37,163,"North Carolina","Sampson County",1,40,703,349,354
050,37,163,"North Carolina","Sampson County",1,41,742,384,358
050,37,163,"North Carolina","Sampson County",1,42,693,342,351
050,37,163,"North Carolina","Sampson County",1,43,719,385,334
050,37,163,"North Carolina","Sampson County",1,44,717,368,349
050,37,163,"North Carolina","Sampson County",1,45,729,377,352
050,37,163,"North Carolina","Sampson County",1,46,753,425,328
050,37,163,"North Carolina","Sampson County",1,47,734,395,339
050,37,163,"North Carolina","Sampson County",1,48,812,401,411
050,37,163,"North Carolina","Sampson County",1,49,838,427,411
050,37,163,"North Carolina","Sampson County",1,50,740,373,367
050,37,163,"North Carolina","Sampson County",1,51,748,387,361
050,37,163,"North Carolina","Sampson County",1,52,788,393,395
050,37,163,"North Carolina","Sampson County",1,53,817,424,393
050,37,163,"North Carolina","Sampson County",1,54,794,401,393
050,37,163,"North Carolina","Sampson County",1,55,799,416,383
050,37,163,"North Carolina","Sampson County",1,56,812,454,358
050,37,163,"North Carolina","Sampson County",1,57,757,400,357
050,37,163,"North Carolina","Sampson County",1,58,759,390,369
050,37,163,"North Carolina","Sampson County",1,59,797,398,399
050,37,163,"North Carolina","Sampson County",1,60,787,389,398
050,37,163,"North Carolina","Sampson County",1,61,762,361,401
050,37,163,"North Carolina","Sampson County",1,62,790,388,402
050,37,163,"North Carolina","Sampson County",1,63,756,364,392
050,37,163,"North Carolina","Sampson County",1,64,746,357,389
050,37,163,"North Carolina","Sampson County",1,65,750,348,402
050,37,163,"North Carolina","Sampson County",1,66,757,339,418
050,37,163,"North Carolina","Sampson County",1,67,731,337,394
050,37,163,"North Carolina","Sampson County",1,68,664,316,348
050,37,163,"North Carolina","Sampson County",1,69,645,308,337
050,37,163,"North Carolina","Sampson County",1,70,614,274,340
050,37,163,"North Carolina","Sampson County",1,71,612,270,342
050,37,163,"North Carolina","Sampson County",1,72,595,263,332
050,37,163,"North Carolina","Sampson County",1,73,556,248,308
050,37,163,"North Carolina","Sampson County",1,74,408,183,225
050,37,163,"North Carolina","Sampson County",1,75,434,201,233
050,37,163,"North Carolina","Sampson County",1,76,435,201,234
050,37,163,"North Carolina","Sampson County",1,77,416,171,245
050,37,163,"North Carolina","Sampson County",1,78,335,134,201
050,37,163,"North Carolina","Sampson County",1,79,303,133,170
050,37,163,"North Carolina","Sampson County",1,80,282,122,160
050,37,163,"North Carolina","Sampson County",1,81,267,110,157
050,37,163,"North Carolina","Sampson County",1,82,245,102,143
050,37,163,"North Carolina","Sampson County",1,83,201,79,122
050,37,163,"North Carolina","Sampson County",1,84,201,74,127
050,37,163,"North Carolina","Sampson County",1,85,1060,351,709
050,37,163,"North Carolina","Sampson County",2,0,724,369,355
050,37,163,"North Carolina","Sampson County",2,1,738,374,364
050,37,163,"North Carolina","Sampson County",2,2,781,397,384
050,37,163,"North Carolina","Sampson County",2,3,794,395,399
050,37,163,"North Carolina","Sampson County",2,4,774,399,375
050,37,163,"North Carolina","Sampson County",2,5,765,402,363
050,37,163,"North Carolina","Sampson County",2,6,769,387,382
050,37,163,"North Carolina","Sampson County",2,7,772,399,373
050,37,163,"North Carolina","Sampson County",2,8,797,407,390
050,37,163,"North Carolina","Sampson County",2,9,791,406,385
050,37,163,"North Carolina","Sampson County",2,10,806,424,382
050,37,163,"North Carolina","Sampson County",2,11,822,420,402
050,37,163,"North Carolina","Sampson County",2,12,851,446,405
050,37,163,"North Carolina","Sampson County",2,13,847,440,407
050,37,163,"North Carolina","Sampson County",2,14,840,439,401
050,37,163,"North Carolina","Sampson County",2,15,837,434,403
050,37,163,"North Carolina","Sampson County",2,16,851,441,410
050,37,163,"North Carolina","Sampson County",2,17,853,445,408
050,37,163,"North Carolina","Sampson County",2,18,757,405,352
050,37,163,"North Carolina","Sampson County",2,19,680,354,326
050,37,163,"North Carolina","Sampson County",2,20,694,359,335
050,37,163,"North Carolina","Sampson County",2,21,713,384,329
050,37,163,"North Carolina","Sampson County",2,22,691,347,344
050,37,163,"North Carolina","Sampson County",2,23,700,348,352
050,37,163,"North Carolina","Sampson County",2,24,689,356,333
050,37,163,"North Carolina","Sampson County",2,25,670,339,331
050,37,163,"North Carolina","Sampson County",2,26,693,362,331
050,37,163,"North Carolina","Sampson County",2,27,719,379,340
050,37,163,"North Carolina","Sampson County",2,28,715,362,353
050,37,163,"North Carolina","Sampson County",2,29,716,355,361
050,37,163,"North Carolina","Sampson County",2,30,699,342,357
050,37,163,"North Carolina","Sampson County",2,31,670,332,338
050,37,163,"North Carolina","Sampson County",2,32,687,388,299
050,37,163,"North Carolina","Sampson County",2,33,615,326,289
050,37,163,"North Carolina","Sampson County",2,34,596,295,301
050,37,163,"North Carolina","Sampson County",2,35,607,315,292
050,37,163,"North Carolina","Sampson County",2,36,649,336,313
050,37,163,"North Carolina","Sampson County",2,37,719,388,331
050,37,163,"North Carolina","Sampson County",2,38,663,330,333
050,37,163,"North Carolina","Sampson County",2,39,713,367,346
050,37,163,"North Carolina","Sampson County",2,40,715,360,355
050,37,163,"North Carolina","Sampson County",2,41,731,379,352
050,37,163,"North Carolina","Sampson County",2,42,689,342,347
050,37,163,"North Carolina","Sampson County",2,43,730,386,344
050,37,163,"North Carolina","Sampson County",2,44,702,361,341
050,37,163,"North Carolina","Sampson County",2,45,732,375,357
050,37,163,"North Carolina","Sampson County",2,46,747,415,332
050,37,163,"North Carolina","Sampson County",2,47,736,399,337
050,37,163,"North Carolina","Sampson County",2,48,798,403,395
050,37,163,"North Carolina","Sampson County",2,49,833,420,413
050,37,163,"North Carolina","Sampson County",2,50,762,382,380
050,37,163,"North Carolina","Sampson County",2,51,741,381,360
050,37,163,"North Carolina","Sampson County",2,52,775,391,384
050,37,163,"North Carolina","Sampson County",2,53,813,421,392
050,37,163,"North Carolina","Sampson County",2,54,789,396,393
050,37,163,"North Carolina","Sampson County",2,55,795,414,381
050,37,163,"North Carolina","Sampson County",2,56,812,450,362
050,37,163,"North Carolina","Sampson County",2,57,764,407,357
050,37,163,"North Carolina","Sampson County",2,58,756,390,366
050,37,163,"North Carolina","Sampson County",2,59,793,398,395
050,37,163,"North Carolina","Sampson County",2,60,790,391,399
050,37,163,"North Carolina","Sampson County",2,61,769,370,399
050,37,163,"North Carolina","Sampson County",2,62,782,383,399
050,37,163,"North Carolina","Sampson County",2,63,767,371,396
050,37,163,"North Carolina","Sampson County",2,64,742,353,389
050,37,163,"North Carolina","Sampson County",2,65,749,351,398
050,37,163,"North Carolina","Sampson County",2,66,756,341,415
050,37,163,"North Carolina","Sampson County",2,67,735,338,397
050,37,163,"North Carolina","Sampson County",2,68,673,318,355
050,37,163,"North Carolina","Sampson County",2,69,653,313,340
050,37,163,"North Carolina","Sampson County",2,70,612,279,333
050,37,163,"North Carolina","Sampson County",2,71,610,268,342
050,37,163,"North Carolina","Sampson County",2,72,585,255,330
050,37,163,"North Carolina","Sampson County",2,73,586,261,325
050,37,163,"North Carolina","Sampson County",2,74,417,187,230
050,37,163,"North Carolina","Sampson County",2,75,424,192,232
050,37,163,"North Carolina","Sampson County",2,76,423,196,227
050,37,163,"North Carolina","Sampson County",2,77,431,182,249
050,37,163,"North Carolina","Sampson County",2,78,342,140,202
050,37,163,"North Carolina","Sampson County",2,79,310,132,178
050,37,163,"North Carolina","Sampson County",2,80,281,120,161
050,37,163,"North Carolina","Sampson County",2,81,258,110,148
050,37,163,"North Carolina","Sampson County",2,82,246,103,143
050,37,163,"North Carolina","Sampson County",2,83,203,83,120
050,37,163,"North Carolina","Sampson County",2,84,202,76,126
050,37,163,"North Carolina","Sampson County",2,85,1059,346,713
050,37,163,"North Carolina","Sampson County",3,0,740,381,359
050,37,163,"North Carolina","Sampson County",3,1,729,370,359
050,37,163,"North Carolina","Sampson County",3,2,727,371,356
050,37,163,"North Carolina","Sampson County",3,3,784,406,378
050,37,163,"North Carolina","Sampson County",3,4,800,403,397
050,37,163,"North Carolina","Sampson County",3,5,810,412,398
050,37,163,"North Carolina","Sampson County",3,6,784,413,371
050,37,163,"North Carolina","Sampson County",3,7,766,385,381
050,37,163,"North Carolina","Sampson County",3,8,773,392,381
050,37,163,"North Carolina","Sampson County",3,9,790,398,392
050,37,163,"North Carolina","Sampson County",3,10,805,405,400
050,37,163,"North Carolina","Sampson County",3,11,817,435,382
050,37,163,"North Carolina","Sampson County",3,12,827,418,409
050,37,163,"North Carolina","Sampson County",3,13,857,438,419
050,37,163,"North Carolina","Sampson County",3,14,849,437,412
050,37,163,"North Carolina","Sampson County",3,15,844,437,407
050,37,163,"North Carolina","Sampson County",3,16,833,431,402
050,37,163,"North Carolina","Sampson County",3,17,833,429,404
050,37,163,"North Carolina","Sampson County",3,18,749,398,351
050,37,163,"North Carolina","Sampson County",3,19,670,355,315
050,37,163,"North Carolina","Sampson County",3,20,673,341,332
050,37,163,"North Carolina","Sampson County",3,21,761,417,344
050,37,163,"North Carolina","Sampson County",3,22,711,359,352
050,37,163,"North Carolina","Sampson County",3,23,729,362,367
050,37,163,"North Carolina","Sampson County",3,24,688,346,342
050,37,163,"North Carolina","Sampson County",3,25,694,369,325
050,37,163,"North Carolina","Sampson County",3,26,685,358,327
050,37,163,"North Carolina","Sampson County",3,27,703,365,338
050,37,163,"North Carolina","Sampson County",3,28,716,364,352
050,37,163,"North Carolina","Sampson County",3,29,720,359,361
050,37,163,"North Carolina","Sampson County",3,30,712,363,349
050,37,163,"North Carolina","Sampson County",3,31,729,365,364
050,37,163,"North Carolina","Sampson County",3,32,719,376,343
050,37,163,"North Carolina","Sampson County",3,33,657,355,302
050,37,163,"North Carolina","Sampson County",3,34,632,325,307
050,37,163,"North Carolina","Sampson County",3,35,612,311,301
050,37,163,"North Carolina","Sampson County",3,36,630,325,305
050,37,163,"North Carolina","Sampson County",3,37,673,371,302
050,37,163,"North Carolina","Sampson County",3,38,685,347,338
050,37,163,"North Carolina","Sampson County",3,39,675,348,327
050,37,163,"North Carolina","Sampson County",3,40,700,353,347
050,37,163,"North Carolina","Sampson County",3,41,728,374,354
050,37,163,"North Carolina","Sampson County",3,42,688,346,342
050,37,163,"North Carolina","Sampson County",3,43,711,374,337
050,37,163,"North Carolina","Sampson County",3,44,708,365,343
050,37,163,"North Carolina","Sampson County",3,45,697,358,339
050,37,163,"North Carolina","Sampson County",3,46,744,384,360
050,37,163,"North Carolina","Sampson County",3,47,746,404,342
050,37,163,"North Carolina","Sampson County",3,48,751,413,338
050,37,163,"North Carolina","Sampson County",3,49,789,394,395
050,37,163,"North Carolina","Sampson County",3,50,808,400,408
050,37,163,"North Carolina","Sampson County",3,51,754,380,374
050,37,163,"North Carolina","Sampson County",3,52,725,368,357
050,37,163,"North Carolina","Sampson County",3,53,788,416,372
050,37,163,"North Carolina","Sampson County",3,54,769,380,389
050,37,163,"North Carolina","Sampson County",3,55,776,399,377
050,37,163,"North Carolina","Sampson County",3,56,813,433,380
050,37,163,"North Carolina","Sampson County",3,57,783,426,357
050,37,163,"North Carolina","Sampson County",3,58,738,392,346
050,37,163,"North Carolina","Sampson County",3,59,764,392,372
050,37,163,"North Carolina","Sampson County",3,60,772,381,391
050,37,163,"North Carolina","Sampson County",3,61,781,380,401
050,37,163,"North Carolina","Sampson County",3,62,762,369,393
050,37,163,"North Carolina","Sampson County",3,63,772,373,399
050,37,163,"North Carolina","Sampson County",3,64,737,349,388
050,37,163,"North Carolina","Sampson County",3,65,718,343,375
050,37,163,"North Carolina","Sampson County",3,66,735,341,394
050,37,163,"North Carolina","Sampson County",3,67,737,336,401
050,37,163,"North Carolina","Sampson County",3,68,711,326,385
050,37,163,"North Carolina","Sampson County",3,69,673,316,357
050,37,163,"North Carolina","Sampson County",3,70,630,294,336
050,37,163,"North Carolina","Sampson County",3,71,592,273,319
050,37,163,"North Carolina","Sampson County",3,72,588,255,333
050,37,163,"North Carolina","Sampson County",3,73,570,245,325
050,37,163,"North Carolina","Sampson County",3,74,561,250,311
050,37,163,"North Carolina","Sampson County",3,75,399,177,222
050,37,163,"North Carolina","Sampson County",3,76,398,178,220
050,37,163,"North Carolina","Sampson County",3,77,403,182,221
050,37,163,"North Carolina","Sampson County",3,78,394,168,226
050,37,163,"North Carolina","Sampson County",3,79,322,131,191
050,37,163,"North Carolina","Sampson County",3,80,282,114,168
050,37,163,"North Carolina","Sampson County",3,81,258,110,148
050,37,163,"North Carolina","Sampson County",3,82,238,103,135
050,37,163,"North Carolina","Sampson County",3,83,222,91,131
050,37,163,"North Carolina","Sampson County",3,84,173,67,106
050,37,163,"North Carolina","Sampson County",3,85,1023,354,669
050,37,163,"North Carolina","Sampson County",4,0,799,403,396
050,37,163,"North Carolina","Sampson County",4,1,747,390,357
050,37,163,"North Carolina","Sampson County",4,2,753,387,366
050,37,163,"North Carolina","Sampson County",4,3,730,384,346
050,37,163,"North Carolina","Sampson County",4,4,769,394,375
050,37,163,"North Carolina","Sampson County",4,5,819,408,411
050,37,163,"North Carolina","Sampson County",4,6,821,426,395
050,37,163,"North Carolina","Sampson County",4,7,770,411,359
050,37,163,"North Carolina","Sampson County",4,8,795,397,398
050,37,163,"North Carolina","Sampson County",4,9,786,397,389
050,37,163,"North Carolina","Sampson County",4,10,793,402,391
050,37,163,"North Carolina","Sampson County",4,11,797,410,387
050,37,163,"North Carolina","Sampson County",4,12,820,435,385
050,37,163,"North Carolina","Sampson County",4,13,828,420,408
050,37,163,"North Carolina","Sampson County",4,14,849,445,404
050,37,163,"North Carolina","Sampson County",4,15,865,435,430
050,37,163,"North Carolina","Sampson County",4,16,847,442,405
050,37,163,"North Carolina","Sampson County",4,17,846,435,411
050,37,163,"North Carolina","Sampson County",4,18,737,388,349
050,37,163,"North Carolina","Sampson County",4,19,662,349,313
050,37,163,"North Carolina","Sampson County",4,20,677,354,323
050,37,163,"North Carolina","Sampson County",4,21,737,394,343
050,37,163,"North Carolina","Sampson County",4,22,750,372,378
050,37,163,"North Carolina","Sampson County",4,23,725,365,360
050,37,163,"North Carolina","Sampson County",4,24,711,365,346
050,37,163,"North Carolina","Sampson County",4,25,692,354,338
050,37,163,"North Carolina","Sampson County",4,26,691,377,314
050,37,163,"North Carolina","Sampson County",4,27,662,344,318
050,37,163,"North Carolina","Sampson County",4,28,679,338,341
050,37,163,"North Carolina","Sampson County",4,29,716,366,350
050,37,163,"North Carolina","Sampson County",4,30,693,343,350
050,37,163,"North Carolina","Sampson County",4,31,713,362,351
050,37,163,"North Carolina","Sampson County",4,32,748,380,368
050,37,163,"North Carolina","Sampson County",4,33,697,340,357
050,37,163,"North Carolina","Sampson County",4,34,667,342,325
050,37,163,"North Carolina","Sampson County",4,35,645,338,307
050,37,163,"North Carolina","Sampson County",4,36,617,315,302
050,37,163,"North Carolina","Sampson County",4,37,667,358,309
050,37,163,"North Carolina","Sampson County",4,38,629,317,312
050,37,163,"North Carolina","Sampson County",4,39,696,359,337
050,37,163,"North Carolina","Sampson County",4,40,667,328,339
050,37,163,"North Carolina","Sampson County",4,41,717,369,348
050,37,163,"North Carolina","Sampson County",4,42,706,339,367
050,37,163,"North Carolina","Sampson County",4,43,730,392,338
050,37,163,"North Carolina","Sampson County",4,44,693,351,342
050,37,163,"North Carolina","Sampson County",4,45,720,367,353
050,37,163,"North Carolina","Sampson County",4,46,708,379,329
050,37,163,"North Carolina","Sampson County",4,47,721,363,358
050,37,163,"North Carolina","Sampson County",4,48,756,417,339
050,37,163,"North Carolina","Sampson County",4,49,741,408,333
050,37,163,"North Carolina","Sampson County",4,50,766,389,377
050,37,163,"North Carolina","Sampson County",4,51,817,396,421
050,37,163,"North Carolina","Sampson County",4,52,751,390,361
050,37,163,"North Carolina","Sampson County",4,53,752,390,362
050,37,163,"North Carolina","Sampson County",4,54,746,375,371
050,37,163,"North Carolina","Sampson County",4,55,784,395,389
050,37,163,"North Carolina","Sampson County",4,56,784,406,378
050,37,163,"North Carolina","Sampson County",4,57,788,407,381
050,37,163,"North Carolina","Sampson County",4,58,756,407,349
050,37,163,"North Carolina","Sampson County",4,59,737,393,344
050,37,163,"North Carolina","Sampson County",4,60,760,393,367
050,37,163,"North Carolina","Sampson County",4,61,771,385,386
050,37,163,"North Carolina","Sampson County",4,62,766,381,385
050,37,163,"North Carolina","Sampson County",4,63,743,354,389
050,37,163,"North Carolina","Sampson County",4,64,755,359,396
050,37,163,"North Carolina","Sampson County",4,65,722,345,377
050,37,163,"North Carolina","Sampson County",4,66,710,335,375
050,37,163,"North Carolina","Sampson County",4,67,717,336,381
050,37,163,"North Carolina","Sampson County",4,68,733,331,402
050,37,163,"North Carolina","Sampson County",4,69,709,324,385
050,37,163,"North Carolina","Sampson County",4,70,651,301,350
050,37,163,"North Carolina","Sampson County",4,71,605,277,328
050,37,163,"North Carolina","Sampson County",4,72,575,265,310
050,37,163,"North Carolina","Sampson County",4,73,570,238,332
050,37,163,"North Carolina","Sampson County",4,74,540,230,310
050,37,163,"North Carolina","Sampson County",4,75,534,239,295
050,37,163,"North Carolina","Sampson County",4,76,379,166,213
050,37,163,"North Carolina","Sampson County",4,77,380,163,217
050,37,163,"North Carolina","Sampson County",4,78,382,172,210
050,37,163,"North Carolina","Sampson County",4,79,369,159,210
050,37,163,"North Carolina","Sampson County",4,80,294,118,176
050,37,163,"North Carolina","Sampson County",4,81,255,104,151
050,37,163,"North Carolina","Sampson County",4,82,244,103,141
050,37,163,"North Carolina","Sampson County",4,83,216,92,124
050,37,163,"North Carolina","Sampson County",4,84,194,80,114
050,37,163,"North Carolina","Sampson County",4,85,968,346,622
050,37,163,"North Carolina","Sampson County",5,0,804,407,397
050,37,163,"North Carolina","Sampson County",5,1,817,419,398
050,37,163,"North Carolina","Sampson County",5,2,747,383,364
050,37,163,"North Carolina","Sampson County",5,3,772,401,371
050,37,163,"North Carolina","Sampson County",5,4,754,391,363
050,37,163,"North Carolina","Sampson County",5,5,822,416,406
050,37,163,"North Carolina","Sampson County",5,6,850,428,422
050,37,163,"North Carolina","Sampson County",5,7,834,426,408
050,37,163,"North Carolina","Sampson County",5,8,766,406,360
050,37,163,"North Carolina","Sampson County",5,9,809,413,396
050,37,163,"North Carolina","Sampson County",5,10,793,390,403
050,37,163,"North Carolina","Sampson County",5,11,816,406,410
050,37,163,"North Carolina","Sampson County",5,12,817,416,401
050,37,163,"North Carolina","Sampson County",5,13,828,425,403
050,37,163,"North Carolina","Sampson County",5,14,813,419,394
050,37,163,"North Carolina","Sampson County",5,15,862,440,422
050,37,163,"North Carolina","Sampson County",5,16,866,446,420
050,37,163,"North Carolina","Sampson County",5,17,865,453,412
050,37,163,"North Carolina","Sampson County",5,18,749,387,362
050,37,163,"North Carolina","Sampson County",5,19,669,349,320
050,37,163,"North Carolina","Sampson County",5,20,659,346,313
050,37,163,"North Carolina","Sampson County",5,21,739,399,340
050,37,163,"North Carolina","Sampson County",5,22,730,367,363
050,37,163,"North Carolina","Sampson County",5,23,771,378,393
050,37,163,"North Carolina","Sampson County",5,24,737,369,368
050,37,163,"North Carolina","Sampson County",5,25,747,399,348
050,37,163,"North Carolina","Sampson County",5,26,713,370,343
050,37,163,"North Carolina","Sampson County",5,27,685,366,319
050,37,163,"North Carolina","Sampson County",5,28,652,325,327
050,37,163,"North Carolina","Sampson County",5,29,700,347,353
050,37,163,"North Carolina","Sampson County",5,30,724,373,351
050,37,163,"North Carolina","Sampson County",5,31,710,353,357
050,37,163,"North Carolina","Sampson County",5,32,760,395,365
050,37,163,"North Carolina","Sampson County",5,33,700,332,368
050,37,163,"North Carolina","Sampson County",5,34,718,346,372
050,37,163,"North Carolina","Sampson County",5,35,656,343,313
050,37,163,"North Carolina","Sampson County",5,36,667,352,315
050,37,163,"North Carolina","Sampson County",5,37,657,356,301
050,37,163,"North Carolina","Sampson County",5,38,643,329,314
050,37,163,"North Carolina","Sampson County",5,39,663,354,309
050,37,163,"North Carolina","Sampson County",5,40,700,354,346
050,37,163,"North Carolina","Sampson County",5,41,707,372,335
050,37,163,"North Carolina","Sampson County",5,42,678,341,337
050,37,163,"North Carolina","Sampson County",5,43,748,387,361
050,37,163,"North Carolina","Sampson County",5,44,696,359,337
050,37,163,"North Carolina","Sampson County",5,45,694,347,347
050,37,163,"North Carolina","Sampson County",5,46,736,378,358
050,37,163,"North Carolina","Sampson County",5,47,697,363,334
050,37,163,"North Carolina","Sampson County",5,48,732,370,362
050,37,163,"North Carolina","Sampson County",5,49,755,408,347
050,37,163,"North Carolina","Sampson County",5,50,740,406,334
050,37,163,"North Carolina","Sampson County",5,51,771,379,392
050,37,163,"North Carolina","Sampson County",5,52,817,400,417
050,37,163,"North Carolina","Sampson County",5,53,787,418,369
050,37,163,"North Carolina","Sampson County",5,54,722,359,363
050,37,163,"North Carolina","Sampson County",5,55,766,394,372
050,37,163,"North Carolina","Sampson County",5,56,791,407,384
050,37,163,"North Carolina","Sampson County",5,57,751,377,374
050,37,163,"North Carolina","Sampson County",5,58,764,392,372
050,37,163,"North Carolina","Sampson County",5,59,767,419,348
050,37,163,"North Carolina","Sampson County",5,60,735,391,344
050,37,163,"North Carolina","Sampson County",5,61,754,394,360
050,37,163,"North Carolina","Sampson County",5,62,776,386,390
050,37,163,"North Carolina","Sampson County",5,63,746,370,376
050,37,163,"North Carolina","Sampson County",5,64,726,344,382
050,37,163,"North Carolina","Sampson County",5,65,739,343,396
050,37,163,"North Carolina","Sampson County",5,66,710,333,377
050,37,163,"North Carolina","Sampson County",5,67,696,325,371
050,37,163,"North Carolina","Sampson County",5,68,710,329,381
050,37,163,"North Carolina","Sampson County",5,69,735,336,399
050,37,163,"North Carolina","Sampson County",5,70,688,311,377
050,37,163,"North Carolina","Sampson County",5,71,635,291,344
050,37,163,"North Carolina","Sampson County",5,72,587,272,315
050,37,163,"North Carolina","Sampson County",5,73,565,255,310
050,37,163,"North Carolina","Sampson County",5,74,550,232,318
050,37,163,"North Carolina","Sampson County",5,75,528,222,306
050,37,163,"North Carolina","Sampson County",5,76,512,223,289
050,37,163,"North Carolina","Sampson County",5,77,362,152,210
050,37,163,"North Carolina","Sampson County",5,78,366,159,207
050,37,163,"North Carolina","Sampson County",5,79,355,159,196
050,37,163,"North Carolina","Sampson County",5,80,341,140,201
050,37,163,"North Carolina","Sampson County",5,81,273,110,163
050,37,163,"North Carolina","Sampson County",5,82,241,100,141
050,37,163,"North Carolina","Sampson County",5,83,218,91,127
050,37,163,"North Carolina","Sampson County",5,84,189,81,108
050,37,163,"North Carolina","Sampson County",5,85,961,362,599
050,37,165,"North Carolina","Scotland County",1,0,409,207,202
050,37,165,"North Carolina","Scotland County",1,1,425,216,209
050,37,165,"North Carolina","Scotland County",1,2,430,215,215
050,37,165,"North Carolina","Scotland County",1,3,474,225,249
050,37,165,"North Carolina","Scotland County",1,4,448,216,232
050,37,165,"North Carolina","Scotland County",1,5,436,213,223
050,37,165,"North Carolina","Scotland County",1,6,413,207,206
050,37,165,"North Carolina","Scotland County",1,7,392,198,194
050,37,165,"North Carolina","Scotland County",1,8,412,213,199
050,37,165,"North Carolina","Scotland County",1,9,436,225,211
050,37,165,"North Carolina","Scotland County",1,10,446,212,234
050,37,165,"North Carolina","Scotland County",1,11,462,248,214
050,37,165,"North Carolina","Scotland County",1,12,488,241,247
050,37,165,"North Carolina","Scotland County",1,13,477,263,214
050,37,165,"North Carolina","Scotland County",1,14,439,230,209
050,37,165,"North Carolina","Scotland County",1,15,416,216,200
050,37,165,"North Carolina","Scotland County",1,16,426,229,197
050,37,165,"North Carolina","Scotland County",1,17,388,210,178
050,37,165,"North Carolina","Scotland County",1,18,389,209,180
050,37,165,"North Carolina","Scotland County",1,19,403,217,186
050,37,165,"North Carolina","Scotland County",1,20,426,232,194
050,37,165,"North Carolina","Scotland County",1,21,463,234,229
050,37,165,"North Carolina","Scotland County",1,22,462,253,209
050,37,165,"North Carolina","Scotland County",1,23,409,180,229
050,37,165,"North Carolina","Scotland County",1,24,462,255,207
050,37,165,"North Carolina","Scotland County",1,25,462,270,192
050,37,165,"North Carolina","Scotland County",1,26,463,260,203
050,37,165,"North Carolina","Scotland County",1,27,482,261,221
050,37,165,"North Carolina","Scotland County",1,28,472,260,212
050,37,165,"North Carolina","Scotland County",1,29,517,330,187
050,37,165,"North Carolina","Scotland County",1,30,428,224,204
050,37,165,"North Carolina","Scotland County",1,31,380,194,186
050,37,165,"North Carolina","Scotland County",1,32,438,265,173
050,37,165,"North Carolina","Scotland County",1,33,422,259,163
050,37,165,"North Carolina","Scotland County",1,34,431,252,179
050,37,165,"North Carolina","Scotland County",1,35,491,305,186
050,37,165,"North Carolina","Scotland County",1,36,372,220,152
050,37,165,"North Carolina","Scotland County",1,37,455,266,189
050,37,165,"North Carolina","Scotland County",1,38,423,243,180
050,37,165,"North Carolina","Scotland County",1,39,334,155,179
050,37,165,"North Carolina","Scotland County",1,40,426,242,184
050,37,165,"North Carolina","Scotland County",1,41,379,193,186
050,37,165,"North Carolina","Scotland County",1,42,367,191,176
050,37,165,"North Carolina","Scotland County",1,43,405,226,179
050,37,165,"North Carolina","Scotland County",1,44,387,202,185
050,37,165,"North Carolina","Scotland County",1,45,501,317,184
050,37,165,"North Carolina","Scotland County",1,46,429,240,189
050,37,165,"North Carolina","Scotland County",1,47,439,245,194
050,37,165,"North Carolina","Scotland County",1,48,491,287,204
050,37,165,"North Carolina","Scotland County",1,49,418,196,222
050,37,165,"North Carolina","Scotland County",1,50,380,184,196
050,37,165,"North Carolina","Scotland County",1,51,424,229,195
050,37,165,"North Carolina","Scotland County",1,52,400,209,191
050,37,165,"North Carolina","Scotland County",1,53,336,152,184
050,37,165,"North Carolina","Scotland County",1,54,412,208,204
050,37,165,"North Carolina","Scotland County",1,55,479,266,213
050,37,165,"North Carolina","Scotland County",1,56,432,216,216
050,37,165,"North Carolina","Scotland County",1,57,461,241,220
050,37,165,"North Carolina","Scotland County",1,58,415,198,217
050,37,165,"North Carolina","Scotland County",1,59,480,230,250
050,37,165,"North Carolina","Scotland County",1,60,435,200,235
050,37,165,"North Carolina","Scotland County",1,61,391,198,193
050,37,165,"North Carolina","Scotland County",1,62,461,244,217
050,37,165,"North Carolina","Scotland County",1,63,414,200,214
050,37,165,"North Carolina","Scotland County",1,64,433,198,235
050,37,165,"North Carolina","Scotland County",1,65,429,186,243
050,37,165,"North Carolina","Scotland County",1,66,397,183,214
050,37,165,"North Carolina","Scotland County",1,67,379,166,213
050,37,165,"North Carolina","Scotland County",1,68,401,177,224
050,37,165,"North Carolina","Scotland County",1,69,397,169,228
050,37,165,"North Carolina","Scotland County",1,70,363,156,207
050,37,165,"North Carolina","Scotland County",1,71,450,254,196
050,37,165,"North Carolina","Scotland County",1,72,346,166,180
050,37,165,"North Carolina","Scotland County",1,73,331,159,172
050,37,165,"North Carolina","Scotland County",1,74,255,116,139
050,37,165,"North Carolina","Scotland County",1,75,268,120,148
050,37,165,"North Carolina","Scotland County",1,76,231,99,132
050,37,165,"North Carolina","Scotland County",1,77,220,91,129
050,37,165,"North Carolina","Scotland County",1,78,193,80,113
050,37,165,"North Carolina","Scotland County",1,79,179,84,95
050,37,165,"North Carolina","Scotland County",1,80,159,72,87
050,37,165,"North Carolina","Scotland County",1,81,145,51,94
050,37,165,"North Carolina","Scotland County",1,82,132,46,86
050,37,165,"North Carolina","Scotland County",1,83,126,42,84
050,37,165,"North Carolina","Scotland County",1,84,110,36,74
050,37,165,"North Carolina","Scotland County",1,85,670,199,471
050,37,165,"North Carolina","Scotland County",2,0,392,198,194
050,37,165,"North Carolina","Scotland County",2,1,425,215,210
050,37,165,"North Carolina","Scotland County",2,2,432,217,215
050,37,165,"North Carolina","Scotland County",2,3,465,223,242
050,37,165,"North Carolina","Scotland County",2,4,451,216,235
050,37,165,"North Carolina","Scotland County",2,5,435,210,225
050,37,165,"North Carolina","Scotland County",2,6,418,207,211
050,37,165,"North Carolina","Scotland County",2,7,397,200,197
050,37,165,"North Carolina","Scotland County",2,8,406,208,198
050,37,165,"North Carolina","Scotland County",2,9,431,222,209
050,37,165,"North Carolina","Scotland County",2,10,442,215,227
050,37,165,"North Carolina","Scotland County",2,11,456,239,217
050,37,165,"North Carolina","Scotland County",2,12,481,244,237
050,37,165,"North Carolina","Scotland County",2,13,480,255,225
050,37,165,"North Carolina","Scotland County",2,14,449,238,211
050,37,165,"North Carolina","Scotland County",2,15,426,223,203
050,37,165,"North Carolina","Scotland County",2,16,424,225,199
050,37,165,"North Carolina","Scotland County",2,17,394,211,183
050,37,165,"North Carolina","Scotland County",2,18,398,212,186
050,37,165,"North Carolina","Scotland County",2,19,436,230,206
050,37,165,"North Carolina","Scotland County",2,20,453,240,213
050,37,165,"North Carolina","Scotland County",2,21,497,251,246
050,37,165,"North Carolina","Scotland County",2,22,483,266,217
050,37,165,"North Carolina","Scotland County",2,23,416,193,223
050,37,165,"North Carolina","Scotland County",2,24,461,252,209
050,37,165,"North Carolina","Scotland County",2,25,462,265,197
050,37,165,"North Carolina","Scotland County",2,26,467,266,201
050,37,165,"North Carolina","Scotland County",2,27,471,255,216
050,37,165,"North Carolina","Scotland County",2,28,473,261,212
050,37,165,"North Carolina","Scotland County",2,29,534,340,194
050,37,165,"North Carolina","Scotland County",2,30,420,222,198
050,37,165,"North Carolina","Scotland County",2,31,388,201,187
050,37,165,"North Carolina","Scotland County",2,32,442,265,177
050,37,165,"North Carolina","Scotland County",2,33,427,262,165
050,37,165,"North Carolina","Scotland County",2,34,427,251,176
050,37,165,"North Carolina","Scotland County",2,35,488,304,184
050,37,165,"North Carolina","Scotland County",2,36,385,225,160
050,37,165,"North Carolina","Scotland County",2,37,449,266,183
050,37,165,"North Carolina","Scotland County",2,38,431,250,181
050,37,165,"North Carolina","Scotland County",2,39,329,149,180
050,37,165,"North Carolina","Scotland County",2,40,421,238,183
050,37,165,"North Carolina","Scotland County",2,41,381,195,186
050,37,165,"North Carolina","Scotland County",2,42,366,190,176
050,37,165,"North Carolina","Scotland County",2,43,404,226,178
050,37,165,"North Carolina","Scotland County",2,44,377,196,181
050,37,165,"North Carolina","Scotland County",2,45,503,317,186
050,37,165,"North Carolina","Scotland County",2,46,426,242,184
050,37,165,"North Carolina","Scotland County",2,47,434,242,192
050,37,165,"North Carolina","Scotland County",2,48,489,286,203
050,37,165,"North Carolina","Scotland County",2,49,410,193,217
050,37,165,"North Carolina","Scotland County",2,50,391,187,204
050,37,165,"North Carolina","Scotland County",2,51,424,229,195
050,37,165,"North Carolina","Scotland County",2,52,403,212,191
050,37,165,"North Carolina","Scotland County",2,53,339,155,184
050,37,165,"North Carolina","Scotland County",2,54,400,203,197
050,37,165,"North Carolina","Scotland County",2,55,468,260,208
050,37,165,"North Carolina","Scotland County",2,56,430,215,215
050,37,165,"North Carolina","Scotland County",2,57,461,244,217
050,37,165,"North Carolina","Scotland County",2,58,418,202,216
050,37,165,"North Carolina","Scotland County",2,59,472,230,242
050,37,165,"North Carolina","Scotland County",2,60,433,198,235
050,37,165,"North Carolina","Scotland County",2,61,402,200,202
050,37,165,"North Carolina","Scotland County",2,62,449,240,209
050,37,165,"North Carolina","Scotland County",2,63,416,201,215
050,37,165,"North Carolina","Scotland County",2,64,423,194,229
050,37,165,"North Carolina","Scotland County",2,65,430,189,241
050,37,165,"North Carolina","Scotland County",2,66,406,185,221
050,37,165,"North Carolina","Scotland County",2,67,382,169,213
050,37,165,"North Carolina","Scotland County",2,68,390,171,219
050,37,165,"North Carolina","Scotland County",2,69,400,171,229
050,37,165,"North Carolina","Scotland County",2,70,370,159,211
050,37,165,"North Carolina","Scotland County",2,71,447,249,198
050,37,165,"North Carolina","Scotland County",2,72,345,166,179
050,37,165,"North Carolina","Scotland County",2,73,346,166,180
050,37,165,"North Carolina","Scotland County",2,74,256,117,139
050,37,165,"North Carolina","Scotland County",2,75,261,117,144
050,37,165,"North Carolina","Scotland County",2,76,236,102,134
050,37,165,"North Carolina","Scotland County",2,77,228,95,133
050,37,165,"North Carolina","Scotland County",2,78,193,80,113
050,37,165,"North Carolina","Scotland County",2,79,180,83,97
050,37,165,"North Carolina","Scotland County",2,80,161,74,87
050,37,165,"North Carolina","Scotland County",2,81,146,54,92
050,37,165,"North Carolina","Scotland County",2,82,130,45,85
050,37,165,"North Carolina","Scotland County",2,83,124,42,82
050,37,165,"North Carolina","Scotland County",2,84,113,38,75
050,37,165,"North Carolina","Scotland County",2,85,665,197,468
050,37,165,"North Carolina","Scotland County",3,0,371,178,193
050,37,165,"North Carolina","Scotland County",3,1,386,183,203
050,37,165,"North Carolina","Scotland County",3,2,436,225,211
050,37,165,"North Carolina","Scotland County",3,3,438,226,212
050,37,165,"North Carolina","Scotland County",3,4,447,221,226
050,37,165,"North Carolina","Scotland County",3,5,457,223,234
050,37,165,"North Carolina","Scotland County",3,6,446,212,234
050,37,165,"North Carolina","Scotland County",3,7,437,220,217
050,37,165,"North Carolina","Scotland County",3,8,409,210,199
050,37,165,"North Carolina","Scotland County",3,9,413,211,202
050,37,165,"North Carolina","Scotland County",3,10,455,234,221
050,37,165,"North Carolina","Scotland County",3,11,443,223,220
050,37,165,"North Carolina","Scotland County",3,12,456,241,215
050,37,165,"North Carolina","Scotland County",3,13,481,245,236
050,37,165,"North Carolina","Scotland County",3,14,501,267,234
050,37,165,"North Carolina","Scotland County",3,15,439,237,202
050,37,165,"North Carolina","Scotland County",3,16,443,225,218
050,37,165,"North Carolina","Scotland County",3,17,421,222,199
050,37,165,"North Carolina","Scotland County",3,18,413,218,195
050,37,165,"North Carolina","Scotland County",3,19,436,231,205
050,37,165,"North Carolina","Scotland County",3,20,438,223,215
050,37,165,"North Carolina","Scotland County",3,21,495,253,242
050,37,165,"North Carolina","Scotland County",3,22,481,273,208
050,37,165,"North Carolina","Scotland County",3,23,413,213,200
050,37,165,"North Carolina","Scotland County",3,24,449,247,202
050,37,165,"North Carolina","Scotland County",3,25,454,245,209
050,37,165,"North Carolina","Scotland County",3,26,438,268,170
050,37,165,"North Carolina","Scotland County",3,27,429,229,200
050,37,165,"North Carolina","Scotland County",3,28,478,271,207
050,37,165,"North Carolina","Scotland County",3,29,564,347,217
050,37,165,"North Carolina","Scotland County",3,30,439,239,200
050,37,165,"North Carolina","Scotland County",3,31,415,225,190
050,37,165,"North Carolina","Scotland County",3,32,486,283,203
050,37,165,"North Carolina","Scotland County",3,33,448,277,171
050,37,165,"North Carolina","Scotland County",3,34,425,252,173
050,37,165,"North Carolina","Scotland County",3,35,462,287,175
050,37,165,"North Carolina","Scotland County",3,36,433,243,190
050,37,165,"North Carolina","Scotland County",3,37,421,259,162
050,37,165,"North Carolina","Scotland County",3,38,442,272,170
050,37,165,"North Carolina","Scotland County",3,39,340,155,185
050,37,165,"North Carolina","Scotland County",3,40,401,224,177
050,37,165,"North Carolina","Scotland County",3,41,376,188,188
050,37,165,"North Carolina","Scotland County",3,42,394,206,188
050,37,165,"North Carolina","Scotland County",3,43,396,216,180
050,37,165,"North Carolina","Scotland County",3,44,359,188,171
050,37,165,"North Carolina","Scotland County",3,45,489,315,174
050,37,165,"North Carolina","Scotland County",3,46,425,237,188
050,37,165,"North Carolina","Scotland County",3,47,407,231,176
050,37,165,"North Carolina","Scotland County",3,48,489,286,203
050,37,165,"North Carolina","Scotland County",3,49,388,182,206
050,37,165,"North Carolina","Scotland County",3,50,422,201,221
050,37,165,"North Carolina","Scotland County",3,51,440,232,208
050,37,165,"North Carolina","Scotland County",3,52,421,227,194
050,37,165,"North Carolina","Scotland County",3,53,359,170,189
050,37,165,"North Carolina","Scotland County",3,54,377,195,182
050,37,165,"North Carolina","Scotland County",3,55,434,237,197
050,37,165,"North Carolina","Scotland County",3,56,391,186,205
050,37,165,"North Carolina","Scotland County",3,57,446,236,210
050,37,165,"North Carolina","Scotland County",3,58,421,203,218
050,37,165,"North Carolina","Scotland County",3,59,453,232,221
050,37,165,"North Carolina","Scotland County",3,60,427,188,239
050,37,165,"North Carolina","Scotland County",3,61,426,202,224
050,37,165,"North Carolina","Scotland County",3,62,423,225,198
050,37,165,"North Carolina","Scotland County",3,63,414,202,212
050,37,165,"North Carolina","Scotland County",3,64,417,201,216
050,37,165,"North Carolina","Scotland County",3,65,403,188,215
050,37,165,"North Carolina","Scotland County",3,66,417,180,237
050,37,165,"North Carolina","Scotland County",3,67,394,176,218
050,37,165,"North Carolina","Scotland County",3,68,371,161,210
050,37,165,"North Carolina","Scotland County",3,69,378,166,212
050,37,165,"North Carolina","Scotland County",3,70,399,174,225
050,37,165,"North Carolina","Scotland County",3,71,432,225,207
050,37,165,"North Carolina","Scotland County",3,72,356,168,188
050,37,165,"North Carolina","Scotland County",3,73,329,157,172
050,37,165,"North Carolina","Scotland County",3,74,330,154,176
050,37,165,"North Carolina","Scotland County",3,75,244,111,133
050,37,165,"North Carolina","Scotland County",3,76,248,112,136
050,37,165,"North Carolina","Scotland County",3,77,228,96,132
050,37,165,"North Carolina","Scotland County",3,78,206,86,120
050,37,165,"North Carolina","Scotland County",3,79,181,77,104
050,37,165,"North Carolina","Scotland County",3,80,173,78,95
050,37,165,"North Carolina","Scotland County",3,81,155,69,86
050,37,165,"North Carolina","Scotland County",3,82,114,41,73
050,37,165,"North Carolina","Scotland County",3,83,112,38,74
050,37,165,"North Carolina","Scotland County",3,84,106,33,73
050,37,165,"North Carolina","Scotland County",3,85,636,184,452
050,37,165,"North Carolina","Scotland County",4,0,394,194,200
050,37,165,"North Carolina","Scotland County",4,1,383,197,186
050,37,165,"North Carolina","Scotland County",4,2,400,195,205
050,37,165,"North Carolina","Scotland County",4,3,449,231,218
050,37,165,"North Carolina","Scotland County",4,4,436,222,214
050,37,165,"North Carolina","Scotland County",4,5,455,222,233
050,37,165,"North Carolina","Scotland County",4,6,456,227,229
050,37,165,"North Carolina","Scotland County",4,7,446,209,237
050,37,165,"North Carolina","Scotland County",4,8,438,221,217
050,37,165,"North Carolina","Scotland County",4,9,414,210,204
050,37,165,"North Carolina","Scotland County",4,10,424,217,207
050,37,165,"North Carolina","Scotland County",4,11,458,237,221
050,37,165,"North Carolina","Scotland County",4,12,456,237,219
050,37,165,"North Carolina","Scotland County",4,13,453,244,209
050,37,165,"North Carolina","Scotland County",4,14,472,236,236
050,37,165,"North Carolina","Scotland County",4,15,495,263,232
050,37,165,"North Carolina","Scotland County",4,16,443,238,205
050,37,165,"North Carolina","Scotland County",4,17,433,219,214
050,37,165,"North Carolina","Scotland County",4,18,431,228,203
050,37,165,"North Carolina","Scotland County",4,19,447,235,212
050,37,165,"North Carolina","Scotland County",4,20,428,216,212
050,37,165,"North Carolina","Scotland County",4,21,481,244,237
050,37,165,"North Carolina","Scotland County",4,22,481,282,199
050,37,165,"North Carolina","Scotland County",4,23,403,202,201
050,37,165,"North Carolina","Scotland County",4,24,458,270,188
050,37,165,"North Carolina","Scotland County",4,25,444,237,207
050,37,165,"North Carolina","Scotland County",4,26,461,248,213
050,37,165,"North Carolina","Scotland County",4,27,415,241,174
050,37,165,"North Carolina","Scotland County",4,28,427,227,200
050,37,165,"North Carolina","Scotland County",4,29,573,368,205
050,37,165,"North Carolina","Scotland County",4,30,471,235,236
050,37,165,"North Carolina","Scotland County",4,31,433,231,202
050,37,165,"North Carolina","Scotland County",4,32,499,310,189
050,37,165,"North Carolina","Scotland County",4,33,492,286,206
050,37,165,"North Carolina","Scotland County",4,34,418,257,161
050,37,165,"North Carolina","Scotland County",4,35,479,306,173
050,37,165,"North Carolina","Scotland County",4,36,390,221,169
050,37,165,"North Carolina","Scotland County",4,37,473,291,182
050,37,165,"North Carolina","Scotland County",4,38,433,263,170
050,37,165,"North Carolina","Scotland County",4,39,354,172,182
050,37,165,"North Carolina","Scotland County",4,40,404,225,179
050,37,165,"North Carolina","Scotland County",4,41,362,188,174
050,37,165,"North Carolina","Scotland County",4,42,386,195,191
050,37,165,"North Carolina","Scotland County",4,43,412,236,176
050,37,165,"North Carolina","Scotland County",4,44,344,173,171
050,37,165,"North Carolina","Scotland County",4,45,485,305,180
050,37,165,"North Carolina","Scotland County",4,46,408,238,170
050,37,165,"North Carolina","Scotland County",4,47,412,224,188
050,37,165,"North Carolina","Scotland County",4,48,463,282,181
050,37,165,"North Carolina","Scotland County",4,49,386,185,201
050,37,165,"North Carolina","Scotland County",4,50,391,182,209
050,37,165,"North Carolina","Scotland County",4,51,473,244,229
050,37,165,"North Carolina","Scotland County",4,52,430,235,195
050,37,165,"North Carolina","Scotland County",4,53,378,182,196
050,37,165,"North Carolina","Scotland County",4,54,395,202,193
050,37,165,"North Carolina","Scotland County",4,55,421,233,188
050,37,165,"North Carolina","Scotland County",4,56,366,177,189
050,37,165,"North Carolina","Scotland County",4,57,426,215,211
050,37,165,"North Carolina","Scotland County",4,58,411,205,206
050,37,165,"North Carolina","Scotland County",4,59,451,238,213
050,37,165,"North Carolina","Scotland County",4,60,420,202,218
050,37,165,"North Carolina","Scotland County",4,61,427,192,235
050,37,165,"North Carolina","Scotland County",4,62,448,228,220
050,37,165,"North Carolina","Scotland County",4,63,372,177,195
050,37,165,"North Carolina","Scotland County",4,64,403,196,207
050,37,165,"North Carolina","Scotland County",4,65,411,201,210
050,37,165,"North Carolina","Scotland County",4,66,397,189,208
050,37,165,"North Carolina","Scotland County",4,67,413,182,231
050,37,165,"North Carolina","Scotland County",4,68,388,170,218
050,37,165,"North Carolina","Scotland County",4,69,357,158,199
050,37,165,"North Carolina","Scotland County",4,70,372,163,209
050,37,165,"North Carolina","Scotland County",4,71,461,238,223
050,37,165,"North Carolina","Scotland County",4,72,335,144,191
050,37,165,"North Carolina","Scotland County",4,73,340,159,181
050,37,165,"North Carolina","Scotland County",4,74,322,154,168
050,37,165,"North Carolina","Scotland County",4,75,319,152,167
050,37,165,"North Carolina","Scotland County",4,76,228,102,126
050,37,165,"North Carolina","Scotland County",4,77,242,106,136
050,37,165,"North Carolina","Scotland County",4,78,214,94,120
050,37,165,"North Carolina","Scotland County",4,79,196,81,115
050,37,165,"North Carolina","Scotland County",4,80,174,68,106
050,37,165,"North Carolina","Scotland County",4,81,168,69,99
050,37,165,"North Carolina","Scotland County",4,82,134,63,71
050,37,165,"North Carolina","Scotland County",4,83,104,38,66
050,37,165,"North Carolina","Scotland County",4,84,99,33,66
050,37,165,"North Carolina","Scotland County",4,85,606,170,436
050,37,165,"North Carolina","Scotland County",5,0,409,199,210
050,37,165,"North Carolina","Scotland County",5,1,382,189,193
050,37,165,"North Carolina","Scotland County",5,2,377,198,179
050,37,165,"North Carolina","Scotland County",5,3,410,201,209
050,37,165,"North Carolina","Scotland County",5,4,430,222,208
050,37,165,"North Carolina","Scotland County",5,5,441,217,224
050,37,165,"North Carolina","Scotland County",5,6,450,223,227
050,37,165,"North Carolina","Scotland County",5,7,468,234,234
050,37,165,"North Carolina","Scotland County",5,8,452,208,244
050,37,165,"North Carolina","Scotland County",5,9,439,222,217
050,37,165,"North Carolina","Scotland County",5,10,399,205,194
050,37,165,"North Carolina","Scotland County",5,11,422,215,207
050,37,165,"North Carolina","Scotland County",5,12,440,229,211
050,37,165,"North Carolina","Scotland County",5,13,452,233,219
050,37,165,"North Carolina","Scotland County",5,14,459,253,206
050,37,165,"North Carolina","Scotland County",5,15,473,235,238
050,37,165,"North Carolina","Scotland County",5,16,510,280,230
050,37,165,"North Carolina","Scotland County",5,17,435,234,201
050,37,165,"North Carolina","Scotland County",5,18,451,233,218
050,37,165,"North Carolina","Scotland County",5,19,459,241,218
050,37,165,"North Carolina","Scotland County",5,20,445,228,217
050,37,165,"North Carolina","Scotland County",5,21,471,230,241
050,37,165,"North Carolina","Scotland County",5,22,478,270,208
050,37,165,"North Carolina","Scotland County",5,23,407,224,183
050,37,165,"North Carolina","Scotland County",5,24,437,247,190
050,37,165,"North Carolina","Scotland County",5,25,455,264,191
050,37,165,"North Carolina","Scotland County",5,26,446,250,196
050,37,165,"North Carolina","Scotland County",5,27,420,200,220
050,37,165,"North Carolina","Scotland County",5,28,418,241,177
050,37,165,"North Carolina","Scotland County",5,29,516,319,197
050,37,165,"North Carolina","Scotland County",5,30,457,250,207
050,37,165,"North Carolina","Scotland County",5,31,469,235,234
050,37,165,"North Carolina","Scotland County",5,32,505,303,202
050,37,165,"North Carolina","Scotland County",5,33,497,314,183
050,37,165,"North Carolina","Scotland County",5,34,475,271,204
050,37,165,"North Carolina","Scotland County",5,35,478,311,167
050,37,165,"North Carolina","Scotland County",5,36,413,229,184
050,37,165,"North Carolina","Scotland County",5,37,432,265,167
050,37,165,"North Carolina","Scotland County",5,38,462,284,178
050,37,165,"North Carolina","Scotland County",5,39,327,154,173
050,37,165,"North Carolina","Scotland County",5,40,418,242,176
050,37,165,"North Carolina","Scotland County",5,41,386,192,194
050,37,165,"North Carolina","Scotland County",5,42,372,200,172
050,37,165,"North Carolina","Scotland County",5,43,427,228,199
050,37,165,"North Carolina","Scotland County",5,44,373,190,183
050,37,165,"North Carolina","Scotland County",5,45,462,287,175
050,37,165,"North Carolina","Scotland County",5,46,424,239,185
050,37,165,"North Carolina","Scotland County",5,47,402,234,168
050,37,165,"North Carolina","Scotland County",5,48,454,261,193
050,37,165,"North Carolina","Scotland County",5,49,342,161,181
050,37,165,"North Carolina","Scotland County",5,50,388,179,209
050,37,165,"North Carolina","Scotland County",5,51,443,234,209
050,37,165,"North Carolina","Scotland County",5,52,456,236,220
050,37,165,"North Carolina","Scotland County",5,53,394,190,204
050,37,165,"North Carolina","Scotland County",5,54,405,213,192
050,37,165,"North Carolina","Scotland County",5,55,439,240,199
050,37,165,"North Carolina","Scotland County",5,56,355,159,196
050,37,165,"North Carolina","Scotland County",5,57,416,219,197
050,37,165,"North Carolina","Scotland County",5,58,378,178,200
050,37,165,"North Carolina","Scotland County",5,59,436,232,204
050,37,165,"North Carolina","Scotland County",5,60,425,210,215
050,37,165,"North Carolina","Scotland County",5,61,426,209,217
050,37,165,"North Carolina","Scotland County",5,62,452,223,229
050,37,165,"North Carolina","Scotland County",5,63,405,184,221
050,37,165,"North Carolina","Scotland County",5,64,373,181,192
050,37,165,"North Carolina","Scotland County",5,65,405,197,208
050,37,165,"North Carolina","Scotland County",5,66,396,192,204
050,37,165,"North Carolina","Scotland County",5,67,383,185,198
050,37,165,"North Carolina","Scotland County",5,68,416,181,235
050,37,165,"North Carolina","Scotland County",5,69,374,166,208
050,37,165,"North Carolina","Scotland County",5,70,361,158,203
050,37,165,"North Carolina","Scotland County",5,71,438,234,204
050,37,165,"North Carolina","Scotland County",5,72,370,155,215
050,37,165,"North Carolina","Scotland County",5,73,319,135,184
050,37,165,"North Carolina","Scotland County",5,74,329,156,173
050,37,165,"North Carolina","Scotland County",5,75,314,152,162
050,37,165,"North Carolina","Scotland County",5,76,303,141,162
050,37,165,"North Carolina","Scotland County",5,77,224,97,127
050,37,165,"North Carolina","Scotland County",5,78,227,100,127
050,37,165,"North Carolina","Scotland County",5,79,207,91,116
050,37,165,"North Carolina","Scotland County",5,80,183,69,114
050,37,165,"North Carolina","Scotland County",5,81,168,59,109
050,37,165,"North Carolina","Scotland County",5,82,143,60,83
050,37,165,"North Carolina","Scotland County",5,83,120,59,61
050,37,165,"North Carolina","Scotland County",5,84,89,32,57
050,37,165,"North Carolina","Scotland County",5,85,590,160,430
050,37,167,"North Carolina","Stanly County",1,0,661,339,322
050,37,167,"North Carolina","Stanly County",1,1,668,348,320
050,37,167,"North Carolina","Stanly County",1,2,703,363,340
050,37,167,"North Carolina","Stanly County",1,3,750,390,360
050,37,167,"North Carolina","Stanly County",1,4,738,383,355
050,37,167,"North Carolina","Stanly County",1,5,761,407,354
050,37,167,"North Carolina","Stanly County",1,6,748,388,360
050,37,167,"North Carolina","Stanly County",1,7,700,361,339
050,37,167,"North Carolina","Stanly County",1,8,702,346,356
050,37,167,"North Carolina","Stanly County",1,9,751,395,356
050,37,167,"North Carolina","Stanly County",1,10,771,396,375
050,37,167,"North Carolina","Stanly County",1,11,772,402,370
050,37,167,"North Carolina","Stanly County",1,12,829,425,404
050,37,167,"North Carolina","Stanly County",1,13,831,417,414
050,37,167,"North Carolina","Stanly County",1,14,817,409,408
050,37,167,"North Carolina","Stanly County",1,15,805,383,422
050,37,167,"North Carolina","Stanly County",1,16,781,403,378
050,37,167,"North Carolina","Stanly County",1,17,787,406,381
050,37,167,"North Carolina","Stanly County",1,18,744,391,353
050,37,167,"North Carolina","Stanly County",1,19,696,366,330
050,37,167,"North Carolina","Stanly County",1,20,684,368,316
050,37,167,"North Carolina","Stanly County",1,21,726,399,327
050,37,167,"North Carolina","Stanly County",1,22,714,374,340
050,37,167,"North Carolina","Stanly County",1,23,705,383,322
050,37,167,"North Carolina","Stanly County",1,24,739,394,345
050,37,167,"North Carolina","Stanly County",1,25,757,372,385
050,37,167,"North Carolina","Stanly County",1,26,777,372,405
050,37,167,"North Carolina","Stanly County",1,27,765,408,357
050,37,167,"North Carolina","Stanly County",1,28,853,463,390
050,37,167,"North Carolina","Stanly County",1,29,913,496,417
050,37,167,"North Carolina","Stanly County",1,30,860,442,418
050,37,167,"North Carolina","Stanly County",1,31,775,428,347
050,37,167,"North Carolina","Stanly County",1,32,782,395,387
050,37,167,"North Carolina","Stanly County",1,33,801,411,390
050,37,167,"North Carolina","Stanly County",1,34,779,401,378
050,37,167,"North Carolina","Stanly County",1,35,737,392,345
050,37,167,"North Carolina","Stanly County",1,36,710,367,343
050,37,167,"North Carolina","Stanly County",1,37,731,351,380
050,37,167,"North Carolina","Stanly County",1,38,761,396,365
050,37,167,"North Carolina","Stanly County",1,39,715,358,357
050,37,167,"North Carolina","Stanly County",1,40,722,362,360
050,37,167,"North Carolina","Stanly County",1,41,681,352,329
050,37,167,"North Carolina","Stanly County",1,42,729,372,357
050,37,167,"North Carolina","Stanly County",1,43,692,355,337
050,37,167,"North Carolina","Stanly County",1,44,682,368,314
050,37,167,"North Carolina","Stanly County",1,45,668,344,324
050,37,167,"North Carolina","Stanly County",1,46,711,365,346
050,37,167,"North Carolina","Stanly County",1,47,798,406,392
050,37,167,"North Carolina","Stanly County",1,48,867,463,404
050,37,167,"North Carolina","Stanly County",1,49,873,471,402
050,37,167,"North Carolina","Stanly County",1,50,898,450,448
050,37,167,"North Carolina","Stanly County",1,51,850,443,407
050,37,167,"North Carolina","Stanly County",1,52,800,398,402
050,37,167,"North Carolina","Stanly County",1,53,889,436,453
050,37,167,"North Carolina","Stanly County",1,54,895,471,424
050,37,167,"North Carolina","Stanly County",1,55,949,485,464
050,37,167,"North Carolina","Stanly County",1,56,960,491,469
050,37,167,"North Carolina","Stanly County",1,57,914,479,435
050,37,167,"North Carolina","Stanly County",1,58,878,454,424
050,37,167,"North Carolina","Stanly County",1,59,851,415,436
050,37,167,"North Carolina","Stanly County",1,60,858,429,429
050,37,167,"North Carolina","Stanly County",1,61,849,412,437
050,37,167,"North Carolina","Stanly County",1,62,834,412,422
050,37,167,"North Carolina","Stanly County",1,63,814,406,408
050,37,167,"North Carolina","Stanly County",1,64,818,388,430
050,37,167,"North Carolina","Stanly County",1,65,831,399,432
050,37,167,"North Carolina","Stanly County",1,66,771,370,401
050,37,167,"North Carolina","Stanly County",1,67,755,355,400
050,37,167,"North Carolina","Stanly County",1,68,766,374,392
050,37,167,"North Carolina","Stanly County",1,69,692,344,348
050,37,167,"North Carolina","Stanly County",1,70,663,334,329
050,37,167,"North Carolina","Stanly County",1,71,685,331,354
050,37,167,"North Carolina","Stanly County",1,72,724,341,383
050,37,167,"North Carolina","Stanly County",1,73,697,333,364
050,37,167,"North Carolina","Stanly County",1,74,485,216,269
050,37,167,"North Carolina","Stanly County",1,75,496,226,270
050,37,167,"North Carolina","Stanly County",1,76,515,223,292
050,37,167,"North Carolina","Stanly County",1,77,492,222,270
050,37,167,"North Carolina","Stanly County",1,78,409,188,221
050,37,167,"North Carolina","Stanly County",1,79,382,180,202
050,37,167,"North Carolina","Stanly County",1,80,312,130,182
050,37,167,"North Carolina","Stanly County",1,81,304,139,165
050,37,167,"North Carolina","Stanly County",1,82,260,123,137
050,37,167,"North Carolina","Stanly County",1,83,235,105,130
050,37,167,"North Carolina","Stanly County",1,84,209,88,121
050,37,167,"North Carolina","Stanly County",1,85,1043,345,698
050,37,167,"North Carolina","Stanly County",2,0,639,328,311
050,37,167,"North Carolina","Stanly County",2,1,665,344,321
050,37,167,"North Carolina","Stanly County",2,2,698,360,338
050,37,167,"North Carolina","Stanly County",2,3,742,385,357
050,37,167,"North Carolina","Stanly County",2,4,746,388,358
050,37,167,"North Carolina","Stanly County",2,5,759,403,356
050,37,167,"North Carolina","Stanly County",2,6,761,400,361
050,37,167,"North Carolina","Stanly County",2,7,715,368,347
050,37,167,"North Carolina","Stanly County",2,8,705,352,353
050,37,167,"North Carolina","Stanly County",2,9,739,384,355
050,37,167,"North Carolina","Stanly County",2,10,762,392,370
050,37,167,"North Carolina","Stanly County",2,11,772,401,371
050,37,167,"North Carolina","Stanly County",2,12,824,425,399
050,37,167,"North Carolina","Stanly County",2,13,834,422,412
050,37,167,"North Carolina","Stanly County",2,14,820,410,410
050,37,167,"North Carolina","Stanly County",2,15,807,390,417
050,37,167,"North Carolina","Stanly County",2,16,788,400,388
050,37,167,"North Carolina","Stanly County",2,17,785,404,381
050,37,167,"North Carolina","Stanly County",2,18,739,391,348
050,37,167,"North Carolina","Stanly County",2,19,699,365,334
050,37,167,"North Carolina","Stanly County",2,20,694,372,322
050,37,167,"North Carolina","Stanly County",2,21,728,397,331
050,37,167,"North Carolina","Stanly County",2,22,719,378,341
050,37,167,"North Carolina","Stanly County",2,23,714,386,328
050,37,167,"North Carolina","Stanly County",2,24,735,392,343
050,37,167,"North Carolina","Stanly County",2,25,753,377,376
050,37,167,"North Carolina","Stanly County",2,26,775,373,402
050,37,167,"North Carolina","Stanly County",2,27,773,406,367
050,37,167,"North Carolina","Stanly County",2,28,844,458,386
050,37,167,"North Carolina","Stanly County",2,29,899,486,413
050,37,167,"North Carolina","Stanly County",2,30,877,457,420
050,37,167,"North Carolina","Stanly County",2,31,798,434,364
050,37,167,"North Carolina","Stanly County",2,32,783,402,381
050,37,167,"North Carolina","Stanly County",2,33,797,408,389
050,37,167,"North Carolina","Stanly County",2,34,788,406,382
050,37,167,"North Carolina","Stanly County",2,35,753,398,355
050,37,167,"North Carolina","Stanly County",2,36,714,371,343
050,37,167,"North Carolina","Stanly County",2,37,726,353,373
050,37,167,"North Carolina","Stanly County",2,38,760,386,374
050,37,167,"North Carolina","Stanly County",2,39,725,365,360
050,37,167,"North Carolina","Stanly County",2,40,726,365,361
050,37,167,"North Carolina","Stanly County",2,41,693,353,340
050,37,167,"North Carolina","Stanly County",2,42,720,368,352
050,37,167,"North Carolina","Stanly County",2,43,710,363,347
050,37,167,"North Carolina","Stanly County",2,44,682,363,319
050,37,167,"North Carolina","Stanly County",2,45,674,348,326
050,37,167,"North Carolina","Stanly County",2,46,704,363,341
050,37,167,"North Carolina","Stanly County",2,47,777,396,381
050,37,167,"North Carolina","Stanly County",2,48,850,449,401
050,37,167,"North Carolina","Stanly County",2,49,880,479,401
050,37,167,"North Carolina","Stanly County",2,50,897,457,440
050,37,167,"North Carolina","Stanly County",2,51,854,440,414
050,37,167,"North Carolina","Stanly County",2,52,811,408,403
050,37,167,"North Carolina","Stanly County",2,53,877,433,444
050,37,167,"North Carolina","Stanly County",2,54,891,458,433
050,37,167,"North Carolina","Stanly County",2,55,937,481,456
050,37,167,"North Carolina","Stanly County",2,56,960,494,466
050,37,167,"North Carolina","Stanly County",2,57,923,483,440
050,37,167,"North Carolina","Stanly County",2,58,884,458,426
050,37,167,"North Carolina","Stanly County",2,59,864,428,436
050,37,167,"North Carolina","Stanly County",2,60,858,424,434
050,37,167,"North Carolina","Stanly County",2,61,846,412,434
050,37,167,"North Carolina","Stanly County",2,62,838,413,425
050,37,167,"North Carolina","Stanly County",2,63,820,406,414
050,37,167,"North Carolina","Stanly County",2,64,815,389,426
050,37,167,"North Carolina","Stanly County",2,65,825,391,434
050,37,167,"North Carolina","Stanly County",2,66,792,381,411
050,37,167,"North Carolina","Stanly County",2,67,755,357,398
050,37,167,"North Carolina","Stanly County",2,68,756,366,390
050,37,167,"North Carolina","Stanly County",2,69,713,353,360
050,37,167,"North Carolina","Stanly County",2,70,666,332,334
050,37,167,"North Carolina","Stanly County",2,71,678,327,351
050,37,167,"North Carolina","Stanly County",2,72,702,333,369
050,37,167,"North Carolina","Stanly County",2,73,731,349,382
050,37,167,"North Carolina","Stanly County",2,74,503,228,275
050,37,167,"North Carolina","Stanly County",2,75,494,224,270
050,37,167,"North Carolina","Stanly County",2,76,502,218,284
050,37,167,"North Carolina","Stanly County",2,77,505,226,279
050,37,167,"North Carolina","Stanly County",2,78,416,188,228
050,37,167,"North Carolina","Stanly County",2,79,386,181,205
050,37,167,"North Carolina","Stanly County",2,80,324,139,185
050,37,167,"North Carolina","Stanly County",2,81,302,134,168
050,37,167,"North Carolina","Stanly County",2,82,266,122,144
050,37,167,"North Carolina","Stanly County",2,83,235,109,126
050,37,167,"North Carolina","Stanly County",2,84,209,91,118
050,37,167,"North Carolina","Stanly County",2,85,1037,344,693
050,37,167,"North Carolina","Stanly County",3,0,639,316,323
050,37,167,"North Carolina","Stanly County",3,1,664,345,319
050,37,167,"North Carolina","Stanly County",3,2,693,359,334
050,37,167,"North Carolina","Stanly County",3,3,726,372,354
050,37,167,"North Carolina","Stanly County",3,4,746,385,361
050,37,167,"North Carolina","Stanly County",3,5,740,388,352
050,37,167,"North Carolina","Stanly County",3,6,764,404,360
050,37,167,"North Carolina","Stanly County",3,7,774,412,362
050,37,167,"North Carolina","Stanly County",3,8,740,381,359
050,37,167,"North Carolina","Stanly County",3,9,725,364,361
050,37,167,"North Carolina","Stanly County",3,10,768,393,375
050,37,167,"North Carolina","Stanly County",3,11,790,396,394
050,37,167,"North Carolina","Stanly County",3,12,786,411,375
050,37,167,"North Carolina","Stanly County",3,13,841,438,403
050,37,167,"North Carolina","Stanly County",3,14,842,424,418
050,37,167,"North Carolina","Stanly County",3,15,825,407,418
050,37,167,"North Carolina","Stanly County",3,16,814,391,423
050,37,167,"North Carolina","Stanly County",3,17,788,397,391
050,37,167,"North Carolina","Stanly County",3,18,720,386,334
050,37,167,"North Carolina","Stanly County",3,19,687,345,342
050,37,167,"North Carolina","Stanly County",3,20,735,380,355
050,37,167,"North Carolina","Stanly County",3,21,727,399,328
050,37,167,"North Carolina","Stanly County",3,22,735,390,345
050,37,167,"North Carolina","Stanly County",3,23,744,394,350
050,37,167,"North Carolina","Stanly County",3,24,699,371,328
050,37,167,"North Carolina","Stanly County",3,25,758,401,357
050,37,167,"North Carolina","Stanly County",3,26,750,358,392
050,37,167,"North Carolina","Stanly County",3,27,804,390,414
050,37,167,"North Carolina","Stanly County",3,28,811,433,378
050,37,167,"North Carolina","Stanly County",3,29,871,467,404
050,37,167,"North Carolina","Stanly County",3,30,916,496,420
050,37,167,"North Carolina","Stanly County",3,31,899,467,432
050,37,167,"North Carolina","Stanly County",3,32,803,421,382
050,37,167,"North Carolina","Stanly County",3,33,807,410,397
050,37,167,"North Carolina","Stanly County",3,34,796,404,392
050,37,167,"North Carolina","Stanly County",3,35,805,418,387
050,37,167,"North Carolina","Stanly County",3,36,769,397,372
050,37,167,"North Carolina","Stanly County",3,37,717,369,348
050,37,167,"North Carolina","Stanly County",3,38,744,357,387
050,37,167,"North Carolina","Stanly County",3,39,763,378,385
050,37,167,"North Carolina","Stanly County",3,40,731,373,358
050,37,167,"North Carolina","Stanly County",3,41,724,358,366
050,37,167,"North Carolina","Stanly County",3,42,702,359,343
050,37,167,"North Carolina","Stanly County",3,43,713,358,355
050,37,167,"North Carolina","Stanly County",3,44,721,369,352
050,37,167,"North Carolina","Stanly County",3,45,664,349,315
050,37,167,"North Carolina","Stanly County",3,46,694,367,327
050,37,167,"North Carolina","Stanly County",3,47,691,354,337
050,37,167,"North Carolina","Stanly County",3,48,774,384,390
050,37,167,"North Carolina","Stanly County",3,49,843,437,406
050,37,167,"North Carolina","Stanly County",3,50,872,459,413
050,37,167,"North Carolina","Stanly County",3,51,878,434,444
050,37,167,"North Carolina","Stanly County",3,52,849,432,417
050,37,167,"North Carolina","Stanly County",3,53,826,414,412
050,37,167,"North Carolina","Stanly County",3,54,884,423,461
050,37,167,"North Carolina","Stanly County",3,55,888,454,434
050,37,167,"North Carolina","Stanly County",3,56,940,486,454
050,37,167,"North Carolina","Stanly County",3,57,959,491,468
050,37,167,"North Carolina","Stanly County",3,58,926,478,448
050,37,167,"North Carolina","Stanly County",3,59,895,463,432
050,37,167,"North Carolina","Stanly County",3,60,884,437,447
050,37,167,"North Carolina","Stanly County",3,61,853,416,437
050,37,167,"North Carolina","Stanly County",3,62,856,419,437
050,37,167,"North Carolina","Stanly County",3,63,843,413,430
050,37,167,"North Carolina","Stanly County",3,64,827,405,422
050,37,167,"North Carolina","Stanly County",3,65,814,398,416
050,37,167,"North Carolina","Stanly County",3,66,799,380,419
050,37,167,"North Carolina","Stanly County",3,67,787,373,414
050,37,167,"North Carolina","Stanly County",3,68,730,343,387
050,37,167,"North Carolina","Stanly County",3,69,741,361,380
050,37,167,"North Carolina","Stanly County",3,70,689,332,357
050,37,167,"North Carolina","Stanly County",3,71,649,324,325
050,37,167,"North Carolina","Stanly County",3,72,658,316,342
050,37,167,"North Carolina","Stanly County",3,73,675,317,358
050,37,167,"North Carolina","Stanly County",3,74,705,332,373
050,37,167,"North Carolina","Stanly County",3,75,488,218,270
050,37,167,"North Carolina","Stanly County",3,76,471,214,257
050,37,167,"North Carolina","Stanly County",3,77,478,208,270
050,37,167,"North Carolina","Stanly County",3,78,483,211,272
050,37,167,"North Carolina","Stanly County",3,79,395,180,215
050,37,167,"North Carolina","Stanly County",3,80,357,167,190
050,37,167,"North Carolina","Stanly County",3,81,314,136,178
050,37,167,"North Carolina","Stanly County",3,82,261,112,149
050,37,167,"North Carolina","Stanly County",3,83,226,101,125
050,37,167,"North Carolina","Stanly County",3,84,213,101,112
050,37,167,"North Carolina","Stanly County",3,85,1005,343,662
050,37,167,"North Carolina","Stanly County",4,0,701,348,353
050,37,167,"North Carolina","Stanly County",4,1,654,321,333
050,37,167,"North Carolina","Stanly County",4,2,710,366,344
050,37,167,"North Carolina","Stanly County",4,3,732,390,342
050,37,167,"North Carolina","Stanly County",4,4,756,388,368
050,37,167,"North Carolina","Stanly County",4,5,776,409,367
050,37,167,"North Carolina","Stanly County",4,6,779,404,375
050,37,167,"North Carolina","Stanly County",4,7,792,425,367
050,37,167,"North Carolina","Stanly County",4,8,798,413,385
050,37,167,"North Carolina","Stanly County",4,9,754,381,373
050,37,167,"North Carolina","Stanly County",4,10,746,368,378
050,37,167,"North Carolina","Stanly County",4,11,808,415,393
050,37,167,"North Carolina","Stanly County",4,12,807,405,402
050,37,167,"North Carolina","Stanly County",4,13,802,423,379
050,37,167,"North Carolina","Stanly County",4,14,880,443,437
050,37,167,"North Carolina","Stanly County",4,15,856,427,429
050,37,167,"North Carolina","Stanly County",4,16,829,408,421
050,37,167,"North Carolina","Stanly County",4,17,819,394,425
050,37,167,"North Carolina","Stanly County",4,18,723,388,335
050,37,167,"North Carolina","Stanly County",4,19,668,355,313
050,37,167,"North Carolina","Stanly County",4,20,690,355,335
050,37,167,"North Carolina","Stanly County",4,21,760,401,359
050,37,167,"North Carolina","Stanly County",4,22,728,393,335
050,37,167,"North Carolina","Stanly County",4,23,766,409,357
050,37,167,"North Carolina","Stanly County",4,24,770,403,367
050,37,167,"North Carolina","Stanly County",4,25,730,389,341
050,37,167,"North Carolina","Stanly County",4,26,778,411,367
050,37,167,"North Carolina","Stanly County",4,27,798,393,405
050,37,167,"North Carolina","Stanly County",4,28,844,415,429
050,37,167,"North Carolina","Stanly County",4,29,834,441,393
050,37,167,"North Carolina","Stanly County",4,30,917,482,435
050,37,167,"North Carolina","Stanly County",4,31,955,519,436
050,37,167,"North Carolina","Stanly County",4,32,896,458,438
050,37,167,"North Carolina","Stanly County",4,33,802,414,388
050,37,167,"North Carolina","Stanly County",4,34,843,426,417
050,37,167,"North Carolina","Stanly County",4,35,805,427,378
050,37,167,"North Carolina","Stanly County",4,36,835,429,406
050,37,167,"North Carolina","Stanly County",4,37,786,399,387
050,37,167,"North Carolina","Stanly County",4,38,730,377,353
050,37,167,"North Carolina","Stanly County",4,39,743,358,385
050,37,167,"North Carolina","Stanly County",4,40,776,386,390
050,37,167,"North Carolina","Stanly County",4,41,737,365,372
050,37,167,"North Carolina","Stanly County",4,42,743,365,378
050,37,167,"North Carolina","Stanly County",4,43,710,352,358
050,37,167,"North Carolina","Stanly County",4,44,753,380,373
050,37,167,"North Carolina","Stanly County",4,45,740,375,365
050,37,167,"North Carolina","Stanly County",4,46,691,366,325
050,37,167,"North Carolina","Stanly County",4,47,708,367,341
050,37,167,"North Carolina","Stanly County",4,48,708,363,345
050,37,167,"North Carolina","Stanly County",4,49,787,398,389
050,37,167,"North Carolina","Stanly County",4,50,856,437,419
050,37,167,"North Carolina","Stanly County",4,51,876,455,421
050,37,167,"North Carolina","Stanly County",4,52,888,437,451
050,37,167,"North Carolina","Stanly County",4,53,865,437,428
050,37,167,"North Carolina","Stanly County",4,54,827,409,418
050,37,167,"North Carolina","Stanly County",4,55,883,418,465
050,37,167,"North Carolina","Stanly County",4,56,877,452,425
050,37,167,"North Carolina","Stanly County",4,57,964,500,464
050,37,167,"North Carolina","Stanly County",4,58,955,486,469
050,37,167,"North Carolina","Stanly County",4,59,915,468,447
050,37,167,"North Carolina","Stanly County",4,60,900,460,440
050,37,167,"North Carolina","Stanly County",4,61,880,431,449
050,37,167,"North Carolina","Stanly County",4,62,847,405,442
050,37,167,"North Carolina","Stanly County",4,63,862,424,438
050,37,167,"North Carolina","Stanly County",4,64,846,410,436
050,37,167,"North Carolina","Stanly County",4,65,796,393,403
050,37,167,"North Carolina","Stanly County",4,66,818,401,417
050,37,167,"North Carolina","Stanly County",4,67,791,379,412
050,37,167,"North Carolina","Stanly County",4,68,779,368,411
050,37,167,"North Carolina","Stanly County",4,69,726,344,382
050,37,167,"North Carolina","Stanly County",4,70,723,349,374
050,37,167,"North Carolina","Stanly County",4,71,664,314,350
050,37,167,"North Carolina","Stanly County",4,72,644,317,327
050,37,167,"North Carolina","Stanly County",4,73,640,303,337
050,37,167,"North Carolina","Stanly County",4,74,654,305,349
050,37,167,"North Carolina","Stanly County",4,75,692,327,365
050,37,167,"North Carolina","Stanly County",4,76,471,212,259
050,37,167,"North Carolina","Stanly County",4,77,450,200,250
050,37,167,"North Carolina","Stanly County",4,78,471,196,275
050,37,167,"North Carolina","Stanly County",4,79,464,207,257
050,37,167,"North Carolina","Stanly County",4,80,368,160,208
050,37,167,"North Carolina","Stanly County",4,81,342,159,183
050,37,167,"North Carolina","Stanly County",4,82,282,119,163
050,37,167,"North Carolina","Stanly County",4,83,238,102,136
050,37,167,"North Carolina","Stanly County",4,84,204,90,114
050,37,167,"North Carolina","Stanly County",4,85,1020,366,654
050,37,167,"North Carolina","Stanly County",5,0,697,346,351
050,37,167,"North Carolina","Stanly County",5,1,768,383,385
050,37,167,"North Carolina","Stanly County",5,2,687,344,343
050,37,167,"North Carolina","Stanly County",5,3,748,384,364
050,37,167,"North Carolina","Stanly County",5,4,747,390,357
050,37,167,"North Carolina","Stanly County",5,5,790,396,394
050,37,167,"North Carolina","Stanly County",5,6,806,429,377
050,37,167,"North Carolina","Stanly County",5,7,792,409,383
050,37,167,"North Carolina","Stanly County",5,8,831,442,389
050,37,167,"North Carolina","Stanly County",5,9,810,417,393
050,37,167,"North Carolina","Stanly County",5,10,783,393,390
050,37,167,"North Carolina","Stanly County",5,11,744,369,375
050,37,167,"North Carolina","Stanly County",5,12,849,434,415
050,37,167,"North Carolina","Stanly County",5,13,824,408,416
050,37,167,"North Carolina","Stanly County",5,14,826,434,392
050,37,167,"North Carolina","Stanly County",5,15,868,438,430
050,37,167,"North Carolina","Stanly County",5,16,869,434,435
050,37,167,"North Carolina","Stanly County",5,17,826,401,425
050,37,167,"North Carolina","Stanly County",5,18,753,382,371
050,37,167,"North Carolina","Stanly County",5,19,674,353,321
050,37,167,"North Carolina","Stanly County",5,20,710,367,343
050,37,167,"North Carolina","Stanly County",5,21,735,386,349
050,37,167,"North Carolina","Stanly County",5,22,778,402,376
050,37,167,"North Carolina","Stanly County",5,23,773,421,352
050,37,167,"North Carolina","Stanly County",5,24,825,419,406
050,37,167,"North Carolina","Stanly County",5,25,771,408,363
050,37,167,"North Carolina","Stanly County",5,26,777,402,375
050,37,167,"North Carolina","Stanly County",5,27,817,432,385
050,37,167,"North Carolina","Stanly County",5,28,845,416,429
050,37,167,"North Carolina","Stanly County",5,29,881,435,446
050,37,167,"North Carolina","Stanly County",5,30,869,449,420
050,37,167,"North Carolina","Stanly County",5,31,963,513,450
050,37,167,"North Carolina","Stanly County",5,32,983,527,456
050,37,167,"North Carolina","Stanly County",5,33,919,463,456
050,37,167,"North Carolina","Stanly County",5,34,857,442,415
050,37,167,"North Carolina","Stanly County",5,35,870,447,423
050,37,167,"North Carolina","Stanly County",5,36,828,433,395
050,37,167,"North Carolina","Stanly County",5,37,840,433,407
050,37,167,"North Carolina","Stanly County",5,38,829,422,407
050,37,167,"North Carolina","Stanly County",5,39,759,390,369
050,37,167,"North Carolina","Stanly County",5,40,776,373,403
050,37,167,"North Carolina","Stanly County",5,41,781,377,404
050,37,167,"North Carolina","Stanly County",5,42,734,374,360
050,37,167,"North Carolina","Stanly County",5,43,747,373,374
050,37,167,"North Carolina","Stanly County",5,44,718,363,355
050,37,167,"North Carolina","Stanly County",5,45,767,381,386
050,37,167,"North Carolina","Stanly County",5,46,773,398,375
050,37,167,"North Carolina","Stanly County",5,47,701,373,328
050,37,167,"North Carolina","Stanly County",5,48,747,382,365
050,37,167,"North Carolina","Stanly County",5,49,737,384,353
050,37,167,"North Carolina","Stanly County",5,50,793,391,402
050,37,167,"North Carolina","Stanly County",5,51,858,441,417
050,37,167,"North Carolina","Stanly County",5,52,895,456,439
050,37,167,"North Carolina","Stanly County",5,53,910,440,470
050,37,167,"North Carolina","Stanly County",5,54,879,446,433
050,37,167,"North Carolina","Stanly County",5,55,829,407,422
050,37,167,"North Carolina","Stanly County",5,56,898,426,472
050,37,167,"North Carolina","Stanly County",5,57,893,458,435
050,37,167,"North Carolina","Stanly County",5,58,960,491,469
050,37,167,"North Carolina","Stanly County",5,59,955,484,471
050,37,167,"North Carolina","Stanly County",5,60,947,487,460
050,37,167,"North Carolina","Stanly County",5,61,892,457,435
050,37,167,"North Carolina","Stanly County",5,62,879,424,455
050,37,167,"North Carolina","Stanly County",5,63,843,394,449
050,37,167,"North Carolina","Stanly County",5,64,871,421,450
050,37,167,"North Carolina","Stanly County",5,65,839,410,429
050,37,167,"North Carolina","Stanly County",5,66,796,398,398
050,37,167,"North Carolina","Stanly County",5,67,818,398,420
050,37,167,"North Carolina","Stanly County",5,68,797,374,423
050,37,167,"North Carolina","Stanly County",5,69,772,365,407
050,37,167,"North Carolina","Stanly County",5,70,710,332,378
050,37,167,"North Carolina","Stanly County",5,71,712,339,373
050,37,167,"North Carolina","Stanly County",5,72,660,309,351
050,37,167,"North Carolina","Stanly County",5,73,625,304,321
050,37,167,"North Carolina","Stanly County",5,74,619,292,327
050,37,167,"North Carolina","Stanly County",5,75,634,297,337
050,37,167,"North Carolina","Stanly County",5,76,660,308,352
050,37,167,"North Carolina","Stanly County",5,77,452,201,251
050,37,167,"North Carolina","Stanly County",5,78,435,189,246
050,37,167,"North Carolina","Stanly County",5,79,444,190,254
050,37,167,"North Carolina","Stanly County",5,80,438,191,247
050,37,167,"North Carolina","Stanly County",5,81,356,154,202
050,37,167,"North Carolina","Stanly County",5,82,316,142,174
050,37,167,"North Carolina","Stanly County",5,83,250,107,143
050,37,167,"North Carolina","Stanly County",5,84,221,93,128
050,37,167,"North Carolina","Stanly County",5,85,1041,385,656
050,37,169,"North Carolina","Stokes County",1,0,370,189,181
050,37,169,"North Carolina","Stokes County",1,1,389,197,192
050,37,169,"North Carolina","Stokes County",1,2,416,202,214
050,37,169,"North Carolina","Stokes County",1,3,434,212,222
050,37,169,"North Carolina","Stokes County",1,4,402,218,184
050,37,169,"North Carolina","Stokes County",1,5,428,226,202
050,37,169,"North Carolina","Stokes County",1,6,426,220,206
050,37,169,"North Carolina","Stokes County",1,7,426,216,210
050,37,169,"North Carolina","Stokes County",1,8,441,239,202
050,37,169,"North Carolina","Stokes County",1,9,450,236,214
050,37,169,"North Carolina","Stokes County",1,10,480,248,232
050,37,169,"North Carolina","Stokes County",1,11,504,274,230
050,37,169,"North Carolina","Stokes County",1,12,514,272,242
050,37,169,"North Carolina","Stokes County",1,13,537,276,261
050,37,169,"North Carolina","Stokes County",1,14,488,239,249
050,37,169,"North Carolina","Stokes County",1,15,501,242,259
050,37,169,"North Carolina","Stokes County",1,16,546,267,279
050,37,169,"North Carolina","Stokes County",1,17,545,289,256
050,37,169,"North Carolina","Stokes County",1,18,457,241,216
050,37,169,"North Carolina","Stokes County",1,19,378,207,171
050,37,169,"North Carolina","Stokes County",1,20,418,222,196
050,37,169,"North Carolina","Stokes County",1,21,452,227,225
050,37,169,"North Carolina","Stokes County",1,22,467,239,228
050,37,169,"North Carolina","Stokes County",1,23,451,223,228
050,37,169,"North Carolina","Stokes County",1,24,490,241,249
050,37,169,"North Carolina","Stokes County",1,25,515,268,247
050,37,169,"North Carolina","Stokes County",1,26,491,253,238
050,37,169,"North Carolina","Stokes County",1,27,490,255,235
050,37,169,"North Carolina","Stokes County",1,28,509,259,250
050,37,169,"North Carolina","Stokes County",1,29,509,259,250
050,37,169,"North Carolina","Stokes County",1,30,485,227,258
050,37,169,"North Carolina","Stokes County",1,31,473,225,248
050,37,169,"North Carolina","Stokes County",1,32,463,213,250
050,37,169,"North Carolina","Stokes County",1,33,456,216,240
050,37,169,"North Carolina","Stokes County",1,34,457,221,236
050,37,169,"North Carolina","Stokes County",1,35,475,230,245
050,37,169,"North Carolina","Stokes County",1,36,501,245,256
050,37,169,"North Carolina","Stokes County",1,37,470,245,225
050,37,169,"North Carolina","Stokes County",1,38,454,228,226
050,37,169,"North Carolina","Stokes County",1,39,469,242,227
050,37,169,"North Carolina","Stokes County",1,40,460,226,234
050,37,169,"North Carolina","Stokes County",1,41,454,223,231
050,37,169,"North Carolina","Stokes County",1,42,463,229,234
050,37,169,"North Carolina","Stokes County",1,43,502,238,264
050,37,169,"North Carolina","Stokes County",1,44,514,249,265
050,37,169,"North Carolina","Stokes County",1,45,510,256,254
050,37,169,"North Carolina","Stokes County",1,46,524,275,249
050,37,169,"North Carolina","Stokes County",1,47,579,293,286
050,37,169,"North Carolina","Stokes County",1,48,702,359,343
050,37,169,"North Carolina","Stokes County",1,49,727,355,372
050,37,169,"North Carolina","Stokes County",1,50,686,327,359
050,37,169,"North Carolina","Stokes County",1,51,667,330,337
050,37,169,"North Carolina","Stokes County",1,52,671,337,334
050,37,169,"North Carolina","Stokes County",1,53,676,347,329
050,37,169,"North Carolina","Stokes County",1,54,701,359,342
050,37,169,"North Carolina","Stokes County",1,55,713,355,358
050,37,169,"North Carolina","Stokes County",1,56,760,386,374
050,37,169,"North Carolina","Stokes County",1,57,747,382,365
050,37,169,"North Carolina","Stokes County",1,58,777,392,385
050,37,169,"North Carolina","Stokes County",1,59,753,389,364
050,37,169,"North Carolina","Stokes County",1,60,718,355,363
050,37,169,"North Carolina","Stokes County",1,61,688,325,363
050,37,169,"North Carolina","Stokes County",1,62,703,328,375
050,37,169,"North Carolina","Stokes County",1,63,710,357,353
050,37,169,"North Carolina","Stokes County",1,64,729,359,370
050,37,169,"North Carolina","Stokes County",1,65,703,351,352
050,37,169,"North Carolina","Stokes County",1,66,639,309,330
050,37,169,"North Carolina","Stokes County",1,67,591,293,298
050,37,169,"North Carolina","Stokes County",1,68,591,290,301
050,37,169,"North Carolina","Stokes County",1,69,551,266,285
050,37,169,"North Carolina","Stokes County",1,70,498,247,251
050,37,169,"North Carolina","Stokes County",1,71,520,251,269
050,37,169,"North Carolina","Stokes County",1,72,566,264,302
050,37,169,"North Carolina","Stokes County",1,73,557,249,308
050,37,169,"North Carolina","Stokes County",1,74,404,181,223
050,37,169,"North Carolina","Stokes County",1,75,410,195,215
050,37,169,"North Carolina","Stokes County",1,76,428,202,226
050,37,169,"North Carolina","Stokes County",1,77,391,172,219
050,37,169,"North Carolina","Stokes County",1,78,336,147,189
050,37,169,"North Carolina","Stokes County",1,79,334,150,184
050,37,169,"North Carolina","Stokes County",1,80,273,117,156
050,37,169,"North Carolina","Stokes County",1,81,250,109,141
050,37,169,"North Carolina","Stokes County",1,82,237,95,142
050,37,169,"North Carolina","Stokes County",1,83,221,86,135
050,37,169,"North Carolina","Stokes County",1,84,198,85,113
050,37,169,"North Carolina","Stokes County",1,85,1065,376,689
050,37,169,"North Carolina","Stokes County",2,0,395,203,192
050,37,169,"North Carolina","Stokes County",2,1,385,197,188
050,37,169,"North Carolina","Stokes County",2,2,415,205,210
050,37,169,"North Carolina","Stokes County",2,3,432,211,221
050,37,169,"North Carolina","Stokes County",2,4,416,220,196
050,37,169,"North Carolina","Stokes County",2,5,426,227,199
050,37,169,"North Carolina","Stokes County",2,6,433,223,210
050,37,169,"North Carolina","Stokes County",2,7,432,221,211
050,37,169,"North Carolina","Stokes County",2,8,436,231,205
050,37,169,"North Carolina","Stokes County",2,9,445,235,210
050,37,169,"North Carolina","Stokes County",2,10,475,246,229
050,37,169,"North Carolina","Stokes County",2,11,497,267,230
050,37,169,"North Carolina","Stokes County",2,12,512,272,240
050,37,169,"North Carolina","Stokes County",2,13,528,274,254
050,37,169,"North Carolina","Stokes County",2,14,501,249,252
050,37,169,"North Carolina","Stokes County",2,15,501,243,258
050,37,169,"North Carolina","Stokes County",2,16,537,262,275
050,37,169,"North Carolina","Stokes County",2,17,542,282,260
050,37,169,"North Carolina","Stokes County",2,18,458,244,214
050,37,169,"North Carolina","Stokes County",2,19,379,205,174
050,37,169,"North Carolina","Stokes County",2,20,419,223,196
050,37,169,"North Carolina","Stokes County",2,21,450,230,220
050,37,169,"North Carolina","Stokes County",2,22,465,238,227
050,37,169,"North Carolina","Stokes County",2,23,467,232,235
050,37,169,"North Carolina","Stokes County",2,24,488,239,249
050,37,169,"North Carolina","Stokes County",2,25,511,261,250
050,37,169,"North Carolina","Stokes County",2,26,501,261,240
050,37,169,"North Carolina","Stokes County",2,27,489,255,234
050,37,169,"North Carolina","Stokes County",2,28,510,261,249
050,37,169,"North Carolina","Stokes County",2,29,511,260,251
050,37,169,"North Carolina","Stokes County",2,30,498,238,260
050,37,169,"North Carolina","Stokes County",2,31,482,231,251
050,37,169,"North Carolina","Stokes County",2,32,464,215,249
050,37,169,"North Carolina","Stokes County",2,33,455,214,241
050,37,169,"North Carolina","Stokes County",2,34,457,221,236
050,37,169,"North Carolina","Stokes County",2,35,475,232,243
050,37,169,"North Carolina","Stokes County",2,36,493,242,251
050,37,169,"North Carolina","Stokes County",2,37,476,243,233
050,37,169,"North Carolina","Stokes County",2,38,461,233,228
050,37,169,"North Carolina","Stokes County",2,39,463,239,224
050,37,169,"North Carolina","Stokes County",2,40,467,232,235
050,37,169,"North Carolina","Stokes County",2,41,454,223,231
050,37,169,"North Carolina","Stokes County",2,42,458,225,233
050,37,169,"North Carolina","Stokes County",2,43,494,236,258
050,37,169,"North Carolina","Stokes County",2,44,503,243,260
050,37,169,"North Carolina","Stokes County",2,45,513,256,257
050,37,169,"North Carolina","Stokes County",2,46,517,269,248
050,37,169,"North Carolina","Stokes County",2,47,564,289,275
050,37,169,"North Carolina","Stokes County",2,48,671,343,328
050,37,169,"North Carolina","Stokes County",2,49,726,359,367
050,37,169,"North Carolina","Stokes County",2,50,695,333,362
050,37,169,"North Carolina","Stokes County",2,51,669,327,342
050,37,169,"North Carolina","Stokes County",2,52,668,334,334
050,37,169,"North Carolina","Stokes County",2,53,675,342,333
050,37,169,"North Carolina","Stokes County",2,54,695,358,337
050,37,169,"North Carolina","Stokes County",2,55,711,357,354
050,37,169,"North Carolina","Stokes County",2,56,748,378,370
050,37,169,"North Carolina","Stokes County",2,57,754,385,369
050,37,169,"North Carolina","Stokes County",2,58,766,387,379
050,37,169,"North Carolina","Stokes County",2,59,762,392,370
050,37,169,"North Carolina","Stokes County",2,60,726,363,363
050,37,169,"North Carolina","Stokes County",2,61,695,332,363
050,37,169,"North Carolina","Stokes County",2,62,693,326,367
050,37,169,"North Carolina","Stokes County",2,63,714,352,362
050,37,169,"North Carolina","Stokes County",2,64,718,355,363
050,37,169,"North Carolina","Stokes County",2,65,706,350,356
050,37,169,"North Carolina","Stokes County",2,66,650,315,335
050,37,169,"North Carolina","Stokes County",2,67,596,294,302
050,37,169,"North Carolina","Stokes County",2,68,584,287,297
050,37,169,"North Carolina","Stokes County",2,69,559,272,287
050,37,169,"North Carolina","Stokes County",2,70,511,251,260
050,37,169,"North Carolina","Stokes County",2,71,514,250,264
050,37,169,"North Carolina","Stokes County",2,72,545,255,290
050,37,169,"North Carolina","Stokes County",2,73,585,264,321
050,37,169,"North Carolina","Stokes County",2,74,413,184,229
050,37,169,"North Carolina","Stokes County",2,75,409,193,216
050,37,169,"North Carolina","Stokes County",2,76,418,196,222
050,37,169,"North Carolina","Stokes County",2,77,405,180,225
050,37,169,"North Carolina","Stokes County",2,78,337,146,191
050,37,169,"North Carolina","Stokes County",2,79,332,149,183
050,37,169,"North Carolina","Stokes County",2,80,283,123,160
050,37,169,"North Carolina","Stokes County",2,81,256,110,146
050,37,169,"North Carolina","Stokes County",2,82,235,96,139
050,37,169,"North Carolina","Stokes County",2,83,221,86,135
050,37,169,"North Carolina","Stokes County",2,84,197,83,114
050,37,169,"North Carolina","Stokes County",2,85,1080,389,691
050,37,169,"North Carolina","Stokes County",3,0,378,181,197
050,37,169,"North Carolina","Stokes County",3,1,392,205,187
050,37,169,"North Carolina","Stokes County",3,2,389,198,191
050,37,169,"North Carolina","Stokes County",3,3,426,212,214
050,37,169,"North Carolina","Stokes County",3,4,434,208,226
050,37,169,"North Carolina","Stokes County",3,5,431,219,212
050,37,169,"North Carolina","Stokes County",3,6,427,230,197
050,37,169,"North Carolina","Stokes County",3,7,428,220,208
050,37,169,"North Carolina","Stokes County",3,8,415,216,199
050,37,169,"North Carolina","Stokes County",3,9,434,229,205
050,37,169,"North Carolina","Stokes County",3,10,441,236,205
050,37,169,"North Carolina","Stokes County",3,11,486,261,225
050,37,169,"North Carolina","Stokes County",3,12,500,266,234
050,37,169,"North Carolina","Stokes County",3,13,513,266,247
050,37,169,"North Carolina","Stokes County",3,14,537,274,263
050,37,169,"North Carolina","Stokes County",3,15,504,259,245
050,37,169,"North Carolina","Stokes County",3,16,501,243,258
050,37,169,"North Carolina","Stokes County",3,17,537,259,278
050,37,169,"North Carolina","Stokes County",3,18,457,242,215
050,37,169,"North Carolina","Stokes County",3,19,380,209,171
050,37,169,"North Carolina","Stokes County",3,20,414,229,185
050,37,169,"North Carolina","Stokes County",3,21,447,240,207
050,37,169,"North Carolina","Stokes County",3,22,466,242,224
050,37,169,"North Carolina","Stokes County",3,23,487,252,235
050,37,169,"North Carolina","Stokes County",3,24,459,221,238
050,37,169,"North Carolina","Stokes County",3,25,465,232,233
050,37,169,"North Carolina","Stokes County",3,26,534,269,265
050,37,169,"North Carolina","Stokes County",3,27,487,251,236
050,37,169,"North Carolina","Stokes County",3,28,507,277,230
050,37,169,"North Carolina","Stokes County",3,29,519,261,258
050,37,169,"North Carolina","Stokes County",3,30,516,264,252
050,37,169,"North Carolina","Stokes County",3,31,536,257,279
050,37,169,"North Carolina","Stokes County",3,32,496,234,262
050,37,169,"North Carolina","Stokes County",3,33,445,214,231
050,37,169,"North Carolina","Stokes County",3,34,462,215,247
050,37,169,"North Carolina","Stokes County",3,35,458,219,239
050,37,169,"North Carolina","Stokes County",3,36,500,247,253
050,37,169,"North Carolina","Stokes County",3,37,476,235,241
050,37,169,"North Carolina","Stokes County",3,38,483,246,237
050,37,169,"North Carolina","Stokes County",3,39,457,227,230
050,37,169,"North Carolina","Stokes County",3,40,474,247,227
050,37,169,"North Carolina","Stokes County",3,41,474,236,238
050,37,169,"North Carolina","Stokes County",3,42,446,217,229
050,37,169,"North Carolina","Stokes County",3,43,476,237,239
050,37,169,"North Carolina","Stokes County",3,44,491,239,252
050,37,169,"North Carolina","Stokes County",3,45,508,250,258
050,37,169,"North Carolina","Stokes County",3,46,522,257,265
050,37,169,"North Carolina","Stokes County",3,47,543,280,263
050,37,169,"North Carolina","Stokes County",3,48,575,292,283
050,37,169,"North Carolina","Stokes County",3,49,689,347,342
050,37,169,"North Carolina","Stokes County",3,50,731,370,361
050,37,169,"North Carolina","Stokes County",3,51,701,335,366
050,37,169,"North Carolina","Stokes County",3,52,686,340,346
050,37,169,"North Carolina","Stokes County",3,53,671,325,346
050,37,169,"North Carolina","Stokes County",3,54,680,344,336
050,37,169,"North Carolina","Stokes County",3,55,677,346,331
050,37,169,"North Carolina","Stokes County",3,56,699,349,350
050,37,169,"North Carolina","Stokes County",3,57,764,390,374
050,37,169,"North Carolina","Stokes County",3,58,753,378,375
050,37,169,"North Carolina","Stokes County",3,59,764,392,372
050,37,169,"North Carolina","Stokes County",3,60,763,386,377
050,37,169,"North Carolina","Stokes County",3,61,723,360,363
050,37,169,"North Carolina","Stokes County",3,62,682,329,353
050,37,169,"North Carolina","Stokes County",3,63,677,318,359
050,37,169,"North Carolina","Stokes County",3,64,707,344,363
050,37,169,"North Carolina","Stokes County",3,65,730,362,368
050,37,169,"North Carolina","Stokes County",3,66,691,350,341
050,37,169,"North Carolina","Stokes County",3,67,634,305,329
050,37,169,"North Carolina","Stokes County",3,68,593,290,303
050,37,169,"North Carolina","Stokes County",3,69,579,281,298
050,37,169,"North Carolina","Stokes County",3,70,555,273,282
050,37,169,"North Carolina","Stokes County",3,71,497,245,252
050,37,169,"North Carolina","Stokes County",3,72,507,247,260
050,37,169,"North Carolina","Stokes County",3,73,529,244,285
050,37,169,"North Carolina","Stokes County",3,74,577,257,320
050,37,169,"North Carolina","Stokes County",3,75,386,170,216
050,37,169,"North Carolina","Stokes County",3,76,399,186,213
050,37,169,"North Carolina","Stokes County",3,77,413,198,215
050,37,169,"North Carolina","Stokes County",3,78,373,157,216
050,37,169,"North Carolina","Stokes County",3,79,328,146,182
050,37,169,"North Carolina","Stokes County",3,80,312,139,173
050,37,169,"North Carolina","Stokes County",3,81,281,117,164
050,37,169,"North Carolina","Stokes County",3,82,230,101,129
050,37,169,"North Carolina","Stokes County",3,83,227,92,135
050,37,169,"North Carolina","Stokes County",3,84,189,76,113
050,37,169,"North Carolina","Stokes County",3,85,1095,394,701
050,37,169,"North Carolina","Stokes County",4,0,421,209,212
050,37,169,"North Carolina","Stokes County",4,1,407,204,203
050,37,169,"North Carolina","Stokes County",4,2,405,210,195
050,37,169,"North Carolina","Stokes County",4,3,411,202,209
050,37,169,"North Carolina","Stokes County",4,4,434,221,213
050,37,169,"North Carolina","Stokes County",4,5,462,231,231
050,37,169,"North Carolina","Stokes County",4,6,471,230,241
050,37,169,"North Carolina","Stokes County",4,7,442,225,217
050,37,169,"North Carolina","Stokes County",4,8,460,236,224
050,37,169,"North Carolina","Stokes County",4,9,435,228,207
050,37,169,"North Carolina","Stokes County",4,10,457,246,211
050,37,169,"North Carolina","Stokes County",4,11,461,249,212
050,37,169,"North Carolina","Stokes County",4,12,493,259,234
050,37,169,"North Carolina","Stokes County",4,13,530,284,246
050,37,169,"North Carolina","Stokes County",4,14,521,267,254
050,37,169,"North Carolina","Stokes County",4,15,557,273,284
050,37,169,"North Carolina","Stokes County",4,16,510,265,245
050,37,169,"North Carolina","Stokes County",4,17,506,246,260
050,37,169,"North Carolina","Stokes County",4,18,478,237,241
050,37,169,"North Carolina","Stokes County",4,19,355,187,168
050,37,169,"North Carolina","Stokes County",4,20,393,210,183
050,37,169,"North Carolina","Stokes County",4,21,438,231,207
050,37,169,"North Carolina","Stokes County",4,22,454,238,216
050,37,169,"North Carolina","Stokes County",4,23,508,254,254
050,37,169,"North Carolina","Stokes County",4,24,493,250,243
050,37,169,"North Carolina","Stokes County",4,25,469,231,238
050,37,169,"North Carolina","Stokes County",4,26,472,244,228
050,37,169,"North Carolina","Stokes County",4,27,511,259,252
050,37,169,"North Carolina","Stokes County",4,28,482,246,236
050,37,169,"North Carolina","Stokes County",4,29,512,276,236
050,37,169,"North Carolina","Stokes County",4,30,546,275,271
050,37,169,"North Carolina","Stokes County",4,31,558,284,274
050,37,169,"North Carolina","Stokes County",4,32,556,269,287
050,37,169,"North Carolina","Stokes County",4,33,526,256,270
050,37,169,"North Carolina","Stokes County",4,34,454,223,231
050,37,169,"North Carolina","Stokes County",4,35,487,224,263
050,37,169,"North Carolina","Stokes County",4,36,474,225,249
050,37,169,"North Carolina","Stokes County",4,37,517,259,258
050,37,169,"North Carolina","Stokes County",4,38,466,226,240
050,37,169,"North Carolina","Stokes County",4,39,495,255,240
050,37,169,"North Carolina","Stokes County",4,40,464,223,241
050,37,169,"North Carolina","Stokes County",4,41,504,266,238
050,37,169,"North Carolina","Stokes County",4,42,474,232,242
050,37,169,"North Carolina","Stokes County",4,43,457,227,230
050,37,169,"North Carolina","Stokes County",4,44,481,248,233
050,37,169,"North Carolina","Stokes County",4,45,485,233,252
050,37,169,"North Carolina","Stokes County",4,46,525,252,273
050,37,169,"North Carolina","Stokes County",4,47,529,258,271
050,37,169,"North Carolina","Stokes County",4,48,553,286,267
050,37,169,"North Carolina","Stokes County",4,49,583,300,283
050,37,169,"North Carolina","Stokes County",4,50,690,348,342
050,37,169,"North Carolina","Stokes County",4,51,748,375,373
050,37,169,"North Carolina","Stokes County",4,52,715,341,374
050,37,169,"North Carolina","Stokes County",4,53,689,337,352
050,37,169,"North Carolina","Stokes County",4,54,688,333,355
050,37,169,"North Carolina","Stokes County",4,55,670,334,336
050,37,169,"North Carolina","Stokes County",4,56,687,350,337
050,37,169,"North Carolina","Stokes County",4,57,703,358,345
050,37,169,"North Carolina","Stokes County",4,58,759,373,386
050,37,169,"North Carolina","Stokes County",4,59,753,379,374
050,37,169,"North Carolina","Stokes County",4,60,763,397,366
050,37,169,"North Carolina","Stokes County",4,61,760,383,377
050,37,169,"North Carolina","Stokes County",4,62,719,352,367
050,37,169,"North Carolina","Stokes County",4,63,676,328,348
050,37,169,"North Carolina","Stokes County",4,64,667,308,359
050,37,169,"North Carolina","Stokes County",4,65,705,345,360
050,37,169,"North Carolina","Stokes County",4,66,718,357,361
050,37,169,"North Carolina","Stokes County",4,67,684,343,341
050,37,169,"North Carolina","Stokes County",4,68,632,300,332
050,37,169,"North Carolina","Stokes County",4,69,579,284,295
050,37,169,"North Carolina","Stokes County",4,70,564,268,296
050,37,169,"North Carolina","Stokes County",4,71,548,270,278
050,37,169,"North Carolina","Stokes County",4,72,490,239,251
050,37,169,"North Carolina","Stokes County",4,73,479,231,248
050,37,169,"North Carolina","Stokes County",4,74,514,231,283
050,37,169,"North Carolina","Stokes County",4,75,565,253,312
050,37,169,"North Carolina","Stokes County",4,76,376,164,212
050,37,169,"North Carolina","Stokes County",4,77,390,184,206
050,37,169,"North Carolina","Stokes County",4,78,388,174,214
050,37,169,"North Carolina","Stokes County",4,79,358,149,209
050,37,169,"North Carolina","Stokes County",4,80,292,132,160
050,37,169,"North Carolina","Stokes County",4,81,306,133,173
050,37,169,"North Carolina","Stokes County",4,82,262,113,149
050,37,169,"North Carolina","Stokes County",4,83,220,96,124
050,37,169,"North Carolina","Stokes County",4,84,192,76,116
050,37,169,"North Carolina","Stokes County",4,85,1105,408,697
050,37,169,"North Carolina","Stokes County",5,0,419,209,210
050,37,169,"North Carolina","Stokes County",5,1,427,218,209
050,37,169,"North Carolina","Stokes County",5,2,440,225,215
050,37,169,"North Carolina","Stokes County",5,3,404,205,199
050,37,169,"North Carolina","Stokes County",5,4,413,199,214
050,37,169,"North Carolina","Stokes County",5,5,467,240,227
050,37,169,"North Carolina","Stokes County",5,6,459,231,228
050,37,169,"North Carolina","Stokes County",5,7,469,235,234
050,37,169,"North Carolina","Stokes County",5,8,458,231,227
050,37,169,"North Carolina","Stokes County",5,9,478,246,232
050,37,169,"North Carolina","Stokes County",5,10,437,233,204
050,37,169,"North Carolina","Stokes County",5,11,468,252,216
050,37,169,"North Carolina","Stokes County",5,12,462,251,211
050,37,169,"North Carolina","Stokes County",5,13,506,259,247
050,37,169,"North Carolina","Stokes County",5,14,539,286,253
050,37,169,"North Carolina","Stokes County",5,15,532,273,259
050,37,169,"North Carolina","Stokes County",5,16,565,282,283
050,37,169,"North Carolina","Stokes County",5,17,516,271,245
050,37,169,"North Carolina","Stokes County",5,18,422,207,215
050,37,169,"North Carolina","Stokes County",5,19,372,188,184
050,37,169,"North Carolina","Stokes County",5,20,397,213,184
050,37,169,"North Carolina","Stokes County",5,21,426,219,207
050,37,169,"North Carolina","Stokes County",5,22,473,249,224
050,37,169,"North Carolina","Stokes County",5,23,484,257,227
050,37,169,"North Carolina","Stokes County",5,24,514,248,266
050,37,169,"North Carolina","Stokes County",5,25,505,264,241
050,37,169,"North Carolina","Stokes County",5,26,494,240,254
050,37,169,"North Carolina","Stokes County",5,27,477,258,219
050,37,169,"North Carolina","Stokes County",5,28,513,268,245
050,37,169,"North Carolina","Stokes County",5,29,483,244,239
050,37,169,"North Carolina","Stokes County",5,30,537,287,250
050,37,169,"North Carolina","Stokes County",5,31,557,286,271
050,37,169,"North Carolina","Stokes County",5,32,564,291,273
050,37,169,"North Carolina","Stokes County",5,33,564,268,296
050,37,169,"North Carolina","Stokes County",5,34,529,257,272
050,37,169,"North Carolina","Stokes County",5,35,450,225,225
050,37,169,"North Carolina","Stokes County",5,36,505,235,270
050,37,169,"North Carolina","Stokes County",5,37,489,235,254
050,37,169,"North Carolina","Stokes County",5,38,508,248,260
050,37,169,"North Carolina","Stokes County",5,39,482,239,243
050,37,169,"North Carolina","Stokes County",5,40,492,251,241
050,37,169,"North Carolina","Stokes County",5,41,478,226,252
050,37,169,"North Carolina","Stokes County",5,42,515,267,248
050,37,169,"North Carolina","Stokes County",5,43,488,242,246
050,37,169,"North Carolina","Stokes County",5,44,460,224,236
050,37,169,"North Carolina","Stokes County",5,45,481,248,233
050,37,169,"North Carolina","Stokes County",5,46,501,242,259
050,37,169,"North Carolina","Stokes County",5,47,524,247,277
050,37,169,"North Carolina","Stokes County",5,48,517,257,260
050,37,169,"North Carolina","Stokes County",5,49,555,283,272
050,37,169,"North Carolina","Stokes County",5,50,599,309,290
050,37,169,"North Carolina","Stokes County",5,51,698,353,345
050,37,169,"North Carolina","Stokes County",5,52,759,380,379
050,37,169,"North Carolina","Stokes County",5,53,712,332,380
050,37,169,"North Carolina","Stokes County",5,54,707,348,359
050,37,169,"North Carolina","Stokes County",5,55,694,329,365
050,37,169,"North Carolina","Stokes County",5,56,681,329,352
050,37,169,"North Carolina","Stokes County",5,57,713,357,356
050,37,169,"North Carolina","Stokes County",5,58,703,349,354
050,37,169,"North Carolina","Stokes County",5,59,761,381,380
050,37,169,"North Carolina","Stokes County",5,60,757,376,381
050,37,169,"North Carolina","Stokes County",5,61,766,391,375
050,37,169,"North Carolina","Stokes County",5,62,755,380,375
050,37,169,"North Carolina","Stokes County",5,63,727,352,375
050,37,169,"North Carolina","Stokes County",5,64,676,324,352
050,37,169,"North Carolina","Stokes County",5,65,667,309,358
050,37,169,"North Carolina","Stokes County",5,66,696,339,357
050,37,169,"North Carolina","Stokes County",5,67,712,353,359
050,37,169,"North Carolina","Stokes County",5,68,677,340,337
050,37,169,"North Carolina","Stokes County",5,69,628,295,333
050,37,169,"North Carolina","Stokes County",5,70,567,283,284
050,37,169,"North Carolina","Stokes County",5,71,561,266,295
050,37,169,"North Carolina","Stokes County",5,72,548,270,278
050,37,169,"North Carolina","Stokes County",5,73,466,225,241
050,37,169,"North Carolina","Stokes County",5,74,473,223,250
050,37,169,"North Carolina","Stokes County",5,75,493,224,269
050,37,169,"North Carolina","Stokes County",5,76,547,244,303
050,37,169,"North Carolina","Stokes County",5,77,367,161,206
050,37,169,"North Carolina","Stokes County",5,78,357,156,201
050,37,169,"North Carolina","Stokes County",5,79,384,169,215
050,37,169,"North Carolina","Stokes County",5,80,329,140,189
050,37,169,"North Carolina","Stokes County",5,81,290,123,167
050,37,169,"North Carolina","Stokes County",5,82,284,124,160
050,37,169,"North Carolina","Stokes County",5,83,251,107,144
050,37,169,"North Carolina","Stokes County",5,84,190,84,106
050,37,169,"North Carolina","Stokes County",5,85,1122,416,706
050,37,171,"North Carolina","Surry County",1,0,752,388,364
050,37,171,"North Carolina","Surry County",1,1,762,391,371
050,37,171,"North Carolina","Surry County",1,2,732,363,369
050,37,171,"North Carolina","Surry County",1,3,743,366,377
050,37,171,"North Carolina","Surry County",1,4,801,388,413
050,37,171,"North Carolina","Surry County",1,5,799,397,402
050,37,171,"North Carolina","Surry County",1,6,766,412,354
050,37,171,"North Carolina","Surry County",1,7,788,395,393
050,37,171,"North Carolina","Surry County",1,8,794,400,394
050,37,171,"North Carolina","Surry County",1,9,830,423,407
050,37,171,"North Carolina","Surry County",1,10,865,433,432
050,37,171,"North Carolina","Surry County",1,11,942,480,462
050,37,171,"North Carolina","Surry County",1,12,961,488,473
050,37,171,"North Carolina","Surry County",1,13,944,465,479
050,37,171,"North Carolina","Surry County",1,14,913,470,443
050,37,171,"North Carolina","Surry County",1,15,929,488,441
050,37,171,"North Carolina","Surry County",1,16,968,509,459
050,37,171,"North Carolina","Surry County",1,17,919,480,439
050,37,171,"North Carolina","Surry County",1,18,803,400,403
050,37,171,"North Carolina","Surry County",1,19,702,364,338
050,37,171,"North Carolina","Surry County",1,20,771,395,376
050,37,171,"North Carolina","Surry County",1,21,809,414,395
050,37,171,"North Carolina","Surry County",1,22,825,426,399
050,37,171,"North Carolina","Surry County",1,23,812,411,401
050,37,171,"North Carolina","Surry County",1,24,833,425,408
050,37,171,"North Carolina","Surry County",1,25,831,446,385
050,37,171,"North Carolina","Surry County",1,26,850,444,406
050,37,171,"North Carolina","Surry County",1,27,801,414,387
050,37,171,"North Carolina","Surry County",1,28,845,444,401
050,37,171,"North Carolina","Surry County",1,29,883,478,405
050,37,171,"North Carolina","Surry County",1,30,828,437,391
050,37,171,"North Carolina","Surry County",1,31,788,384,404
050,37,171,"North Carolina","Surry County",1,32,748,360,388
050,37,171,"North Carolina","Surry County",1,33,699,349,350
050,37,171,"North Carolina","Surry County",1,34,704,347,357
050,37,171,"North Carolina","Surry County",1,35,685,330,355
050,37,171,"North Carolina","Surry County",1,36,728,360,368
050,37,171,"North Carolina","Surry County",1,37,790,405,385
050,37,171,"North Carolina","Surry County",1,38,796,404,392
050,37,171,"North Carolina","Surry County",1,39,757,373,384
050,37,171,"North Carolina","Surry County",1,40,754,366,388
050,37,171,"North Carolina","Surry County",1,41,787,365,422
050,37,171,"North Carolina","Surry County",1,42,811,382,429
050,37,171,"North Carolina","Surry County",1,43,835,412,423
050,37,171,"North Carolina","Surry County",1,44,836,421,415
050,37,171,"North Carolina","Surry County",1,45,885,438,447
050,37,171,"North Carolina","Surry County",1,46,928,447,481
050,37,171,"North Carolina","Surry County",1,47,984,495,489
050,37,171,"North Carolina","Surry County",1,48,997,500,497
050,37,171,"North Carolina","Surry County",1,49,1061,526,535
050,37,171,"North Carolina","Surry County",1,50,1010,510,500
050,37,171,"North Carolina","Surry County",1,51,993,503,490
050,37,171,"North Carolina","Surry County",1,52,976,481,495
050,37,171,"North Carolina","Surry County",1,53,1024,513,511
050,37,171,"North Carolina","Surry County",1,54,1055,518,537
050,37,171,"North Carolina","Surry County",1,55,1073,528,545
050,37,171,"North Carolina","Surry County",1,56,1066,541,525
050,37,171,"North Carolina","Surry County",1,57,1066,532,534
050,37,171,"North Carolina","Surry County",1,58,1078,536,542
050,37,171,"North Carolina","Surry County",1,59,1059,529,530
050,37,171,"North Carolina","Surry County",1,60,1013,508,505
050,37,171,"North Carolina","Surry County",1,61,1013,509,504
050,37,171,"North Carolina","Surry County",1,62,971,486,485
050,37,171,"North Carolina","Surry County",1,63,998,484,514
050,37,171,"North Carolina","Surry County",1,64,987,465,522
050,37,171,"North Carolina","Surry County",1,65,927,429,498
050,37,171,"North Carolina","Surry County",1,66,959,454,505
050,37,171,"North Carolina","Surry County",1,67,937,465,472
050,37,171,"North Carolina","Surry County",1,68,896,428,468
050,37,171,"North Carolina","Surry County",1,69,851,400,451
050,37,171,"North Carolina","Surry County",1,70,814,403,411
050,37,171,"North Carolina","Surry County",1,71,839,413,426
050,37,171,"North Carolina","Surry County",1,72,868,415,453
050,37,171,"North Carolina","Surry County",1,73,882,414,468
050,37,171,"North Carolina","Surry County",1,74,592,259,333
050,37,171,"North Carolina","Surry County",1,75,581,254,327
050,37,171,"North Carolina","Surry County",1,76,585,254,331
050,37,171,"North Carolina","Surry County",1,77,582,258,324
050,37,171,"North Carolina","Surry County",1,78,484,219,265
050,37,171,"North Carolina","Surry County",1,79,451,191,260
050,37,171,"North Carolina","Surry County",1,80,410,167,243
050,37,171,"North Carolina","Surry County",1,81,382,161,221
050,37,171,"North Carolina","Surry County",1,82,380,148,232
050,37,171,"North Carolina","Surry County",1,83,323,118,205
050,37,171,"North Carolina","Surry County",1,84,285,109,176
050,37,171,"North Carolina","Surry County",1,85,1583,533,1050
050,37,171,"North Carolina","Surry County",2,0,736,371,365
050,37,171,"North Carolina","Surry County",2,1,764,393,371
050,37,171,"North Carolina","Surry County",2,2,740,370,370
050,37,171,"North Carolina","Surry County",2,3,739,367,372
050,37,171,"North Carolina","Surry County",2,4,790,387,403
050,37,171,"North Carolina","Surry County",2,5,797,397,400
050,37,171,"North Carolina","Surry County",2,6,779,412,367
050,37,171,"North Carolina","Surry County",2,7,783,400,383
050,37,171,"North Carolina","Surry County",2,8,789,397,392
050,37,171,"North Carolina","Surry County",2,9,822,417,405
050,37,171,"North Carolina","Surry County",2,10,862,434,428
050,37,171,"North Carolina","Surry County",2,11,923,468,455
050,37,171,"North Carolina","Surry County",2,12,963,489,474
050,37,171,"North Carolina","Surry County",2,13,945,469,476
050,37,171,"North Carolina","Surry County",2,14,922,468,454
050,37,171,"North Carolina","Surry County",2,15,930,486,444
050,37,171,"North Carolina","Surry County",2,16,960,505,455
050,37,171,"North Carolina","Surry County",2,17,932,486,446
050,37,171,"North Carolina","Surry County",2,18,794,402,392
050,37,171,"North Carolina","Surry County",2,19,694,357,337
050,37,171,"North Carolina","Surry County",2,20,776,396,380
050,37,171,"North Carolina","Surry County",2,21,805,410,395
050,37,171,"North Carolina","Surry County",2,22,837,430,407
050,37,171,"North Carolina","Surry County",2,23,826,417,409
050,37,171,"North Carolina","Surry County",2,24,828,426,402
050,37,171,"North Carolina","Surry County",2,25,832,441,391
050,37,171,"North Carolina","Surry County",2,26,842,443,399
050,37,171,"North Carolina","Surry County",2,27,815,420,395
050,37,171,"North Carolina","Surry County",2,28,837,438,399
050,37,171,"North Carolina","Surry County",2,29,867,465,402
050,37,171,"North Carolina","Surry County",2,30,847,450,397
050,37,171,"North Carolina","Surry County",2,31,799,399,400
050,37,171,"North Carolina","Surry County",2,32,757,365,392
050,37,171,"North Carolina","Surry County",2,33,710,354,356
050,37,171,"North Carolina","Surry County",2,34,703,347,356
050,37,171,"North Carolina","Surry County",2,35,693,335,358
050,37,171,"North Carolina","Surry County",2,36,718,353,365
050,37,171,"North Carolina","Surry County",2,37,779,396,383
050,37,171,"North Carolina","Surry County",2,38,798,404,394
050,37,171,"North Carolina","Surry County",2,39,763,378,385
050,37,171,"North Carolina","Surry County",2,40,763,372,391
050,37,171,"North Carolina","Surry County",2,41,773,361,412
050,37,171,"North Carolina","Surry County",2,42,800,376,424
050,37,171,"North Carolina","Surry County",2,43,832,406,426
050,37,171,"North Carolina","Surry County",2,44,830,418,412
050,37,171,"North Carolina","Surry County",2,45,878,437,441
050,37,171,"North Carolina","Surry County",2,46,915,443,472
050,37,171,"North Carolina","Surry County",2,47,967,483,484
050,37,171,"North Carolina","Surry County",2,48,993,499,494
050,37,171,"North Carolina","Surry County",2,49,1054,524,530
050,37,171,"North Carolina","Surry County",2,50,1021,511,510
050,37,171,"North Carolina","Surry County",2,51,1001,505,496
050,37,171,"North Carolina","Surry County",2,52,976,484,492
050,37,171,"North Carolina","Surry County",2,53,1014,506,508
050,37,171,"North Carolina","Surry County",2,54,1050,521,529
050,37,171,"North Carolina","Surry County",2,55,1065,523,542
050,37,171,"North Carolina","Surry County",2,56,1073,540,533
050,37,171,"North Carolina","Surry County",2,57,1065,533,532
050,37,171,"North Carolina","Surry County",2,58,1066,530,536
050,37,171,"North Carolina","Surry County",2,59,1067,534,533
050,37,171,"North Carolina","Surry County",2,60,1020,511,509
050,37,171,"North Carolina","Surry County",2,61,1008,506,502
050,37,171,"North Carolina","Surry County",2,62,970,484,486
050,37,171,"North Carolina","Surry County",2,63,1002,489,513
050,37,171,"North Carolina","Surry County",2,64,987,468,519
050,37,171,"North Carolina","Surry County",2,65,938,436,502
050,37,171,"North Carolina","Surry County",2,66,957,450,507
050,37,171,"North Carolina","Surry County",2,67,938,461,477
050,37,171,"North Carolina","Surry County",2,68,900,434,466
050,37,171,"North Carolina","Surry County",2,69,867,409,458
050,37,171,"North Carolina","Surry County",2,70,809,393,416
050,37,171,"North Carolina","Surry County",2,71,830,409,421
050,37,171,"North Carolina","Surry County",2,72,837,406,431
050,37,171,"North Carolina","Surry County",2,73,921,438,483
050,37,171,"North Carolina","Surry County",2,74,622,277,345
050,37,171,"North Carolina","Surry County",2,75,581,253,328
050,37,171,"North Carolina","Surry County",2,76,567,244,323
050,37,171,"North Carolina","Surry County",2,77,590,258,332
050,37,171,"North Carolina","Surry County",2,78,496,222,274
050,37,171,"North Carolina","Surry County",2,79,453,194,259
050,37,171,"North Carolina","Surry County",2,80,409,165,244
050,37,171,"North Carolina","Surry County",2,81,382,162,220
050,37,171,"North Carolina","Surry County",2,82,382,152,230
050,37,171,"North Carolina","Surry County",2,83,325,120,205
050,37,171,"North Carolina","Surry County",2,84,290,111,179
050,37,171,"North Carolina","Surry County",2,85,1593,544,1049
050,37,171,"North Carolina","Surry County",3,0,718,359,359
050,37,171,"North Carolina","Surry County",3,1,757,369,388
050,37,171,"North Carolina","Surry County",3,2,742,378,364
050,37,171,"North Carolina","Surry County",3,3,761,387,374
050,37,171,"North Carolina","Surry County",3,4,741,368,373
050,37,171,"North Carolina","Surry County",3,5,786,394,392
050,37,171,"North Carolina","Surry County",3,6,797,396,401
050,37,171,"North Carolina","Surry County",3,7,802,415,387
050,37,171,"North Carolina","Surry County",3,8,790,403,387
050,37,171,"North Carolina","Surry County",3,9,801,397,404
050,37,171,"North Carolina","Surry County",3,10,814,415,399
050,37,171,"North Carolina","Surry County",3,11,876,442,434
050,37,171,"North Carolina","Surry County",3,12,931,471,460
050,37,171,"North Carolina","Surry County",3,13,977,499,478
050,37,171,"North Carolina","Surry County",3,14,951,470,481
050,37,171,"North Carolina","Surry County",3,15,934,483,451
050,37,171,"North Carolina","Surry County",3,16,921,489,432
050,37,171,"North Carolina","Surry County",3,17,980,520,460
050,37,171,"North Carolina","Surry County",3,18,803,426,377
050,37,171,"North Carolina","Surry County",3,19,667,345,322
050,37,171,"North Carolina","Surry County",3,20,759,379,380
050,37,171,"North Carolina","Surry County",3,21,815,419,396
050,37,171,"North Carolina","Surry County",3,22,841,430,411
050,37,171,"North Carolina","Surry County",3,23,855,433,422
050,37,171,"North Carolina","Surry County",3,24,818,420,398
050,37,171,"North Carolina","Surry County",3,25,807,423,384
050,37,171,"North Carolina","Surry County",3,26,824,441,383
050,37,171,"North Carolina","Surry County",3,27,840,428,412
050,37,171,"North Carolina","Surry County",3,28,823,415,408
050,37,171,"North Carolina","Surry County",3,29,840,439,401
050,37,171,"North Carolina","Surry County",3,30,850,447,403
050,37,171,"North Carolina","Surry County",3,31,839,452,387
050,37,171,"North Carolina","Surry County",3,32,802,396,406
050,37,171,"North Carolina","Surry County",3,33,787,382,405
050,37,171,"North Carolina","Surry County",3,34,703,348,355
050,37,171,"North Carolina","Surry County",3,35,697,346,351
050,37,171,"North Carolina","Surry County",3,36,711,350,361
050,37,171,"North Carolina","Surry County",3,37,725,353,372
050,37,171,"North Carolina","Surry County",3,38,787,400,387
050,37,171,"North Carolina","Surry County",3,39,800,414,386
050,37,171,"North Carolina","Surry County",3,40,759,374,385
050,37,171,"North Carolina","Surry County",3,41,778,375,403
050,37,171,"North Carolina","Surry County",3,42,758,358,400
050,37,171,"North Carolina","Surry County",3,43,804,379,425
050,37,171,"North Carolina","Surry County",3,44,834,413,421
050,37,171,"North Carolina","Surry County",3,45,818,414,404
050,37,171,"North Carolina","Surry County",3,46,877,430,447
050,37,171,"North Carolina","Surry County",3,47,921,453,468
050,37,171,"North Carolina","Surry County",3,48,973,492,481
050,37,171,"North Carolina","Surry County",3,49,1015,519,496
050,37,171,"North Carolina","Surry County",3,50,1048,522,526
050,37,171,"North Carolina","Surry County",3,51,1021,501,520
050,37,171,"North Carolina","Surry County",3,52,1002,501,501
050,37,171,"North Carolina","Surry County",3,53,992,497,495
050,37,171,"North Carolina","Surry County",3,54,1026,515,511
050,37,171,"North Carolina","Surry County",3,55,1042,514,528
050,37,171,"North Carolina","Surry County",3,56,1075,518,557
050,37,171,"North Carolina","Surry County",3,57,1095,557,538
050,37,171,"North Carolina","Surry County",3,58,1050,504,546
050,37,171,"North Carolina","Surry County",3,59,1063,539,524
050,37,171,"North Carolina","Surry County",3,60,1051,524,527
050,37,171,"North Carolina","Surry County",3,61,1031,512,519
050,37,171,"North Carolina","Surry County",3,62,997,510,487
050,37,171,"North Carolina","Surry County",3,63,957,477,480
050,37,171,"North Carolina","Surry County",3,64,975,473,502
050,37,171,"North Carolina","Surry County",3,65,962,459,503
050,37,171,"North Carolina","Surry County",3,66,937,432,505
050,37,171,"North Carolina","Surry County",3,67,938,438,500
050,37,171,"North Carolina","Surry County",3,68,920,446,474
050,37,171,"North Carolina","Surry County",3,69,874,424,450
050,37,171,"North Carolina","Surry County",3,70,848,399,449
050,37,171,"North Carolina","Surry County",3,71,792,372,420
050,37,171,"North Carolina","Surry County",3,72,785,386,399
050,37,171,"North Carolina","Surry County",3,73,826,393,433
050,37,171,"North Carolina","Surry County",3,74,895,422,473
050,37,171,"North Carolina","Surry County",3,75,590,261,329
050,37,171,"North Carolina","Surry County",3,76,559,240,319
050,37,171,"North Carolina","Surry County",3,77,540,223,317
050,37,171,"North Carolina","Surry County",3,78,562,245,317
050,37,171,"North Carolina","Surry County",3,79,453,197,256
050,37,171,"North Carolina","Surry County",3,80,421,181,240
050,37,171,"North Carolina","Surry County",3,81,379,146,233
050,37,171,"North Carolina","Surry County",3,82,348,147,201
050,37,171,"North Carolina","Surry County",3,83,338,129,209
050,37,171,"North Carolina","Surry County",3,84,291,100,191
050,37,171,"North Carolina","Surry County",3,85,1565,536,1029
050,37,171,"North Carolina","Surry County",4,0,739,364,375
050,37,171,"North Carolina","Surry County",4,1,731,370,361
050,37,171,"North Carolina","Surry County",4,2,771,378,393
050,37,171,"North Carolina","Surry County",4,3,781,399,382
050,37,171,"North Carolina","Surry County",4,4,750,367,383
050,37,171,"North Carolina","Surry County",4,5,773,380,393
050,37,171,"North Carolina","Surry County",4,6,782,387,395
050,37,171,"North Carolina","Surry County",4,7,819,399,420
050,37,171,"North Carolina","Surry County",4,8,805,411,394
050,37,171,"North Carolina","Surry County",4,9,804,400,404
050,37,171,"North Carolina","Surry County",4,10,815,397,418
050,37,171,"North Carolina","Surry County",4,11,833,431,402
050,37,171,"North Carolina","Surry County",4,12,895,458,437
050,37,171,"North Carolina","Surry County",4,13,963,487,476
050,37,171,"North Carolina","Surry County",4,14,966,498,468
050,37,171,"North Carolina","Surry County",4,15,974,489,485
050,37,171,"North Carolina","Surry County",4,16,935,481,454
050,37,171,"North Carolina","Surry County",4,17,937,505,432
050,37,171,"North Carolina","Surry County",4,18,842,457,385
050,37,171,"North Carolina","Surry County",4,19,659,354,305
050,37,171,"North Carolina","Surry County",4,20,725,366,359
050,37,171,"North Carolina","Surry County",4,21,782,379,403
050,37,171,"North Carolina","Surry County",4,22,869,443,426
050,37,171,"North Carolina","Surry County",4,23,862,434,428
050,37,171,"North Carolina","Surry County",4,24,861,454,407
050,37,171,"North Carolina","Surry County",4,25,809,419,390
050,37,171,"North Carolina","Surry County",4,26,810,411,399
050,37,171,"North Carolina","Surry County",4,27,811,439,372
050,37,171,"North Carolina","Surry County",4,28,834,420,414
050,37,171,"North Carolina","Surry County",4,29,817,415,402
050,37,171,"North Carolina","Surry County",4,30,853,435,418
050,37,171,"North Carolina","Surry County",4,31,859,442,417
050,37,171,"North Carolina","Surry County",4,32,804,431,373
050,37,171,"North Carolina","Surry County",4,33,836,417,419
050,37,171,"North Carolina","Surry County",4,34,795,382,413
050,37,171,"North Carolina","Surry County",4,35,710,349,361
050,37,171,"North Carolina","Surry County",4,36,716,356,360
050,37,171,"North Carolina","Surry County",4,37,719,351,368
050,37,171,"North Carolina","Surry County",4,38,739,372,367
050,37,171,"North Carolina","Surry County",4,39,788,405,383
050,37,171,"North Carolina","Surry County",4,40,815,414,401
050,37,171,"North Carolina","Surry County",4,41,746,363,383
050,37,171,"North Carolina","Surry County",4,42,802,390,412
050,37,171,"North Carolina","Surry County",4,43,777,363,414
050,37,171,"North Carolina","Surry County",4,44,818,385,433
050,37,171,"North Carolina","Surry County",4,45,842,408,434
050,37,171,"North Carolina","Surry County",4,46,821,420,401
050,37,171,"North Carolina","Surry County",4,47,893,443,450
050,37,171,"North Carolina","Surry County",4,48,921,452,469
050,37,171,"North Carolina","Surry County",4,49,987,496,491
050,37,171,"North Carolina","Surry County",4,50,1018,518,500
050,37,171,"North Carolina","Surry County",4,51,1032,515,517
050,37,171,"North Carolina","Surry County",4,52,1004,484,520
050,37,171,"North Carolina","Surry County",4,53,1015,506,509
050,37,171,"North Carolina","Surry County",4,54,992,492,500
050,37,171,"North Carolina","Surry County",4,55,1040,513,527
050,37,171,"North Carolina","Surry County",4,56,1035,511,524
050,37,171,"North Carolina","Surry County",4,57,1076,526,550
050,37,171,"North Carolina","Surry County",4,58,1084,543,541
050,37,171,"North Carolina","Surry County",4,59,1029,501,528
050,37,171,"North Carolina","Surry County",4,60,1070,545,525
050,37,171,"North Carolina","Surry County",4,61,1063,526,537
050,37,171,"North Carolina","Surry County",4,62,1029,521,508
050,37,171,"North Carolina","Surry County",4,63,996,511,485
050,37,171,"North Carolina","Surry County",4,64,958,478,480
050,37,171,"North Carolina","Surry County",4,65,962,463,499
050,37,171,"North Carolina","Surry County",4,66,961,449,512
050,37,171,"North Carolina","Surry County",4,67,934,427,507
050,37,171,"North Carolina","Surry County",4,68,925,427,498
050,37,171,"North Carolina","Surry County",4,69,895,439,456
050,37,171,"North Carolina","Surry County",4,70,878,429,449
050,37,171,"North Carolina","Surry County",4,71,840,387,453
050,37,171,"North Carolina","Surry County",4,72,763,363,400
050,37,171,"North Carolina","Surry County",4,73,764,369,395
050,37,171,"North Carolina","Surry County",4,74,788,371,417
050,37,171,"North Carolina","Surry County",4,75,861,407,454
050,37,171,"North Carolina","Surry County",4,76,568,249,319
050,37,171,"North Carolina","Surry County",4,77,541,227,314
050,37,171,"North Carolina","Surry County",4,78,515,205,310
050,37,171,"North Carolina","Surry County",4,79,529,223,306
050,37,171,"North Carolina","Surry County",4,80,416,177,239
050,37,171,"North Carolina","Surry County",4,81,387,162,225
050,37,171,"North Carolina","Surry County",4,82,356,135,221
050,37,171,"North Carolina","Surry County",4,83,316,125,191
050,37,171,"North Carolina","Surry County",4,84,304,118,186
050,37,171,"North Carolina","Surry County",4,85,1543,530,1013
050,37,171,"North Carolina","Surry County",5,0,731,357,374
050,37,171,"North Carolina","Surry County",5,1,736,363,373
050,37,171,"North Carolina","Surry County",5,2,745,385,360
050,37,171,"North Carolina","Surry County",5,3,771,378,393
050,37,171,"North Carolina","Surry County",5,4,792,407,385
050,37,171,"North Carolina","Surry County",5,5,755,377,378
050,37,171,"North Carolina","Surry County",5,6,804,397,407
050,37,171,"North Carolina","Surry County",5,7,795,394,401
050,37,171,"North Carolina","Surry County",5,8,828,404,424
050,37,171,"North Carolina","Surry County",5,9,807,420,387
050,37,171,"North Carolina","Surry County",5,10,788,398,390
050,37,171,"North Carolina","Surry County",5,11,805,400,405
050,37,171,"North Carolina","Surry County",5,12,837,437,400
050,37,171,"North Carolina","Surry County",5,13,905,461,444
050,37,171,"North Carolina","Surry County",5,14,958,476,482
050,37,171,"North Carolina","Surry County",5,15,985,506,479
050,37,171,"North Carolina","Surry County",5,16,959,473,486
050,37,171,"North Carolina","Surry County",5,17,933,479,454
050,37,171,"North Carolina","Surry County",5,18,808,442,366
050,37,171,"North Carolina","Surry County",5,19,679,372,307
050,37,171,"North Carolina","Surry County",5,20,707,373,334
050,37,171,"North Carolina","Surry County",5,21,765,375,390
050,37,171,"North Carolina","Surry County",5,22,818,399,419
050,37,171,"North Carolina","Surry County",5,23,888,443,445
050,37,171,"North Carolina","Surry County",5,24,872,447,425
050,37,171,"North Carolina","Surry County",5,25,875,459,416
050,37,171,"North Carolina","Surry County",5,26,821,418,403
050,37,171,"North Carolina","Surry County",5,27,806,401,405
050,37,171,"North Carolina","Surry County",5,28,833,462,371
050,37,171,"North Carolina","Surry County",5,29,828,422,406
050,37,171,"North Carolina","Surry County",5,30,794,395,399
050,37,171,"North Carolina","Surry County",5,31,853,432,421
050,37,171,"North Carolina","Surry County",5,32,872,461,411
050,37,171,"North Carolina","Surry County",5,33,839,441,398
050,37,171,"North Carolina","Surry County",5,34,845,404,441
050,37,171,"North Carolina","Surry County",5,35,800,378,422
050,37,171,"North Carolina","Surry County",5,36,754,370,384
050,37,171,"North Carolina","Surry County",5,37,713,360,353
050,37,171,"North Carolina","Surry County",5,38,718,357,361
050,37,171,"North Carolina","Surry County",5,39,737,369,368
050,37,171,"North Carolina","Surry County",5,40,793,397,396
050,37,171,"North Carolina","Surry County",5,41,804,404,400
050,37,171,"North Carolina","Surry County",5,42,740,353,387
050,37,171,"North Carolina","Surry County",5,43,802,390,412
050,37,171,"North Carolina","Surry County",5,44,774,363,411
050,37,171,"North Carolina","Surry County",5,45,815,390,425
050,37,171,"North Carolina","Surry County",5,46,829,402,427
050,37,171,"North Carolina","Surry County",5,47,816,419,397
050,37,171,"North Carolina","Surry County",5,48,890,442,448
050,37,171,"North Carolina","Surry County",5,49,944,473,471
050,37,171,"North Carolina","Surry County",5,50,972,491,481
050,37,171,"North Carolina","Surry County",5,51,1008,512,496
050,37,171,"North Carolina","Surry County",5,52,1022,497,525
050,37,171,"North Carolina","Surry County",5,53,1011,500,511
050,37,171,"North Carolina","Surry County",5,54,1019,506,513
050,37,171,"North Carolina","Surry County",5,55,996,487,509
050,37,171,"North Carolina","Surry County",5,56,1046,512,534
050,37,171,"North Carolina","Surry County",5,57,1035,516,519
050,37,171,"North Carolina","Surry County",5,58,1055,506,549
050,37,171,"North Carolina","Surry County",5,59,1089,543,546
050,37,171,"North Carolina","Surry County",5,60,1020,501,519
050,37,171,"North Carolina","Surry County",5,61,1063,530,533
050,37,171,"North Carolina","Surry County",5,62,1075,536,539
050,37,171,"North Carolina","Surry County",5,63,1036,525,511
050,37,171,"North Carolina","Surry County",5,64,991,503,488
050,37,171,"North Carolina","Surry County",5,65,945,473,472
050,37,171,"North Carolina","Surry County",5,66,957,458,499
050,37,171,"North Carolina","Surry County",5,67,941,439,502
050,37,171,"North Carolina","Surry County",5,68,923,427,496
050,37,171,"North Carolina","Surry County",5,69,904,425,479
050,37,171,"North Carolina","Surry County",5,70,887,434,453
050,37,171,"North Carolina","Surry County",5,71,863,410,453
050,37,171,"North Carolina","Surry County",5,72,816,375,441
050,37,171,"North Carolina","Surry County",5,73,742,355,387
050,37,171,"North Carolina","Surry County",5,74,729,351,378
050,37,171,"North Carolina","Surry County",5,75,751,353,398
050,37,171,"North Carolina","Surry County",5,76,832,391,441
050,37,171,"North Carolina","Surry County",5,77,542,229,313
050,37,171,"North Carolina","Surry County",5,78,523,215,308
050,37,171,"North Carolina","Surry County",5,79,481,184,297
050,37,171,"North Carolina","Surry County",5,80,493,202,291
050,37,171,"North Carolina","Surry County",5,81,389,166,223
050,37,171,"North Carolina","Surry County",5,82,367,151,216
050,37,171,"North Carolina","Surry County",5,83,320,112,208
050,37,171,"North Carolina","Surry County",5,84,298,119,179
050,37,171,"North Carolina","Surry County",5,85,1555,541,1014
050,37,173,"North Carolina","Swain County",1,0,151,78,73
050,37,173,"North Carolina","Swain County",1,1,134,69,65
050,37,173,"North Carolina","Swain County",1,2,144,68,76
050,37,173,"North Carolina","Swain County",1,3,158,77,81
050,37,173,"North Carolina","Swain County",1,4,184,98,86
050,37,173,"North Carolina","Swain County",1,5,201,106,95
050,37,173,"North Carolina","Swain County",1,6,201,106,95
050,37,173,"North Carolina","Swain County",1,7,172,96,76
050,37,173,"North Carolina","Swain County",1,8,165,85,80
050,37,173,"North Carolina","Swain County",1,9,159,77,82
050,37,173,"North Carolina","Swain County",1,10,158,77,81
050,37,173,"North Carolina","Swain County",1,11,159,73,86
050,37,173,"North Carolina","Swain County",1,12,179,95,84
050,37,173,"North Carolina","Swain County",1,13,174,92,82
050,37,173,"North Carolina","Swain County",1,14,180,85,95
050,37,173,"North Carolina","Swain County",1,15,180,93,87
050,37,173,"North Carolina","Swain County",1,16,169,88,81
050,37,173,"North Carolina","Swain County",1,17,156,82,74
050,37,173,"North Carolina","Swain County",1,18,153,84,69
050,37,173,"North Carolina","Swain County",1,19,148,78,70
050,37,173,"North Carolina","Swain County",1,20,175,89,86
050,37,173,"North Carolina","Swain County",1,21,160,80,80
050,37,173,"North Carolina","Swain County",1,22,180,93,87
050,37,173,"North Carolina","Swain County",1,23,175,87,88
050,37,173,"North Carolina","Swain County",1,24,156,77,79
050,37,173,"North Carolina","Swain County",1,25,178,78,100
050,37,173,"North Carolina","Swain County",1,26,176,89,87
050,37,173,"North Carolina","Swain County",1,27,177,97,80
050,37,173,"North Carolina","Swain County",1,28,189,101,88
050,37,173,"North Carolina","Swain County",1,29,192,96,96
050,37,173,"North Carolina","Swain County",1,30,191,87,104
050,37,173,"North Carolina","Swain County",1,31,196,78,118
050,37,173,"North Carolina","Swain County",1,32,182,84,98
050,37,173,"North Carolina","Swain County",1,33,165,79,86
050,37,173,"North Carolina","Swain County",1,34,148,73,75
050,37,173,"North Carolina","Swain County",1,35,155,72,83
050,37,173,"North Carolina","Swain County",1,36,157,83,74
050,37,173,"North Carolina","Swain County",1,37,176,86,90
050,37,173,"North Carolina","Swain County",1,38,164,82,82
050,37,173,"North Carolina","Swain County",1,39,166,87,79
050,37,173,"North Carolina","Swain County",1,40,162,78,84
050,37,173,"North Carolina","Swain County",1,41,162,87,75
050,37,173,"North Carolina","Swain County",1,42,158,77,81
050,37,173,"North Carolina","Swain County",1,43,160,68,92
050,37,173,"North Carolina","Swain County",1,44,164,78,86
050,37,173,"North Carolina","Swain County",1,45,167,85,82
050,37,173,"North Carolina","Swain County",1,46,161,77,84
050,37,173,"North Carolina","Swain County",1,47,178,87,91
050,37,173,"North Carolina","Swain County",1,48,192,91,101
050,37,173,"North Carolina","Swain County",1,49,198,94,104
050,37,173,"North Carolina","Swain County",1,50,170,79,91
050,37,173,"North Carolina","Swain County",1,51,182,89,93
050,37,173,"North Carolina","Swain County",1,52,191,98,93
050,37,173,"North Carolina","Swain County",1,53,171,87,84
050,37,173,"North Carolina","Swain County",1,54,165,77,88
050,37,173,"North Carolina","Swain County",1,55,204,99,105
050,37,173,"North Carolina","Swain County",1,56,192,103,89
050,37,173,"North Carolina","Swain County",1,57,213,104,109
050,37,173,"North Carolina","Swain County",1,58,203,108,95
050,37,173,"North Carolina","Swain County",1,59,211,104,107
050,37,173,"North Carolina","Swain County",1,60,194,90,104
050,37,173,"North Carolina","Swain County",1,61,187,81,106
050,37,173,"North Carolina","Swain County",1,62,201,87,114
050,37,173,"North Carolina","Swain County",1,63,189,90,99
050,37,173,"North Carolina","Swain County",1,64,181,85,96
050,37,173,"North Carolina","Swain County",1,65,192,84,108
050,37,173,"North Carolina","Swain County",1,66,190,80,110
050,37,173,"North Carolina","Swain County",1,67,172,68,104
050,37,173,"North Carolina","Swain County",1,68,162,72,90
050,37,173,"North Carolina","Swain County",1,69,153,70,83
050,37,173,"North Carolina","Swain County",1,70,162,77,85
050,37,173,"North Carolina","Swain County",1,71,173,76,97
050,37,173,"North Carolina","Swain County",1,72,171,85,86
050,37,173,"North Carolina","Swain County",1,73,152,77,75
050,37,173,"North Carolina","Swain County",1,74,125,61,64
050,37,173,"North Carolina","Swain County",1,75,124,54,70
050,37,173,"North Carolina","Swain County",1,76,117,58,59
050,37,173,"North Carolina","Swain County",1,77,109,55,54
050,37,173,"North Carolina","Swain County",1,78,98,52,46
050,37,173,"North Carolina","Swain County",1,79,88,39,49
050,37,173,"North Carolina","Swain County",1,80,81,35,46
050,37,173,"North Carolina","Swain County",1,81,66,28,38
050,37,173,"North Carolina","Swain County",1,82,61,21,40
050,37,173,"North Carolina","Swain County",1,83,50,17,33
050,37,173,"North Carolina","Swain County",1,84,52,22,30
050,37,173,"North Carolina","Swain County",1,85,280,102,178
050,37,173,"North Carolina","Swain County",2,0,153,79,74
050,37,173,"North Carolina","Swain County",2,1,137,70,67
050,37,173,"North Carolina","Swain County",2,2,140,69,71
050,37,173,"North Carolina","Swain County",2,3,154,75,79
050,37,173,"North Carolina","Swain County",2,4,178,93,85
050,37,173,"North Carolina","Swain County",2,5,195,103,92
050,37,173,"North Carolina","Swain County",2,6,199,105,94
050,37,173,"North Carolina","Swain County",2,7,178,97,81
050,37,173,"North Carolina","Swain County",2,8,165,86,79
050,37,173,"North Carolina","Swain County",2,9,160,79,81
050,37,173,"North Carolina","Swain County",2,10,158,76,82
050,37,173,"North Carolina","Swain County",2,11,159,74,85
050,37,173,"North Carolina","Swain County",2,12,174,90,84
050,37,173,"North Carolina","Swain County",2,13,177,93,84
050,37,173,"North Carolina","Swain County",2,14,180,87,93
050,37,173,"North Carolina","Swain County",2,15,180,90,90
050,37,173,"North Carolina","Swain County",2,16,170,89,81
050,37,173,"North Carolina","Swain County",2,17,160,83,77
050,37,173,"North Carolina","Swain County",2,18,149,83,66
050,37,173,"North Carolina","Swain County",2,19,146,78,68
050,37,173,"North Carolina","Swain County",2,20,175,89,86
050,37,173,"North Carolina","Swain County",2,21,160,80,80
050,37,173,"North Carolina","Swain County",2,22,177,90,87
050,37,173,"North Carolina","Swain County",2,23,176,87,89
050,37,173,"North Carolina","Swain County",2,24,160,78,82
050,37,173,"North Carolina","Swain County",2,25,173,77,96
050,37,173,"North Carolina","Swain County",2,26,178,88,90
050,37,173,"North Carolina","Swain County",2,27,178,95,83
050,37,173,"North Carolina","Swain County",2,28,184,98,86
050,37,173,"North Carolina","Swain County",2,29,191,97,94
050,37,173,"North Carolina","Swain County",2,30,190,87,103
050,37,173,"North Carolina","Swain County",2,31,195,80,115
050,37,173,"North Carolina","Swain County",2,32,183,81,102
050,37,173,"North Carolina","Swain County",2,33,168,80,88
050,37,173,"North Carolina","Swain County",2,34,154,76,78
050,37,173,"North Carolina","Swain County",2,35,153,73,80
050,37,173,"North Carolina","Swain County",2,36,156,80,76
050,37,173,"North Carolina","Swain County",2,37,170,84,86
050,37,173,"North Carolina","Swain County",2,38,170,84,86
050,37,173,"North Carolina","Swain County",2,39,165,84,81
050,37,173,"North Carolina","Swain County",2,40,165,81,84
050,37,173,"North Carolina","Swain County",2,41,163,85,78
050,37,173,"North Carolina","Swain County",2,42,156,77,79
050,37,173,"North Carolina","Swain County",2,43,160,70,90
050,37,173,"North Carolina","Swain County",2,44,159,75,84
050,37,173,"North Carolina","Swain County",2,45,167,84,83
050,37,173,"North Carolina","Swain County",2,46,165,79,86
050,37,173,"North Carolina","Swain County",2,47,174,83,91
050,37,173,"North Carolina","Swain County",2,48,188,90,98
050,37,173,"North Carolina","Swain County",2,49,196,93,103
050,37,173,"North Carolina","Swain County",2,50,178,83,95
050,37,173,"North Carolina","Swain County",2,51,181,87,94
050,37,173,"North Carolina","Swain County",2,52,189,96,93
050,37,173,"North Carolina","Swain County",2,53,176,90,86
050,37,173,"North Carolina","Swain County",2,54,168,79,89
050,37,173,"North Carolina","Swain County",2,55,194,94,100
050,37,173,"North Carolina","Swain County",2,56,196,104,92
050,37,173,"North Carolina","Swain County",2,57,207,103,104
050,37,173,"North Carolina","Swain County",2,58,206,106,100
050,37,173,"North Carolina","Swain County",2,59,210,105,105
050,37,173,"North Carolina","Swain County",2,60,197,92,105
050,37,173,"North Carolina","Swain County",2,61,186,82,104
050,37,173,"North Carolina","Swain County",2,62,196,85,111
050,37,173,"North Carolina","Swain County",2,63,195,91,104
050,37,173,"North Carolina","Swain County",2,64,179,84,95
050,37,173,"North Carolina","Swain County",2,65,190,84,106
050,37,173,"North Carolina","Swain County",2,66,192,81,111
050,37,173,"North Carolina","Swain County",2,67,178,72,106
050,37,173,"North Carolina","Swain County",2,68,162,68,94
050,37,173,"North Carolina","Swain County",2,69,155,71,84
050,37,173,"North Carolina","Swain County",2,70,159,76,83
050,37,173,"North Carolina","Swain County",2,71,170,75,95
050,37,173,"North Carolina","Swain County",2,72,169,82,87
050,37,173,"North Carolina","Swain County",2,73,161,82,79
050,37,173,"North Carolina","Swain County",2,74,121,60,61
050,37,173,"North Carolina","Swain County",2,75,123,55,68
050,37,173,"North Carolina","Swain County",2,76,113,53,60
050,37,173,"North Carolina","Swain County",2,77,115,58,57
050,37,173,"North Carolina","Swain County",2,78,96,51,45
050,37,173,"North Carolina","Swain County",2,79,88,40,48
050,37,173,"North Carolina","Swain County",2,80,83,36,47
050,37,173,"North Carolina","Swain County",2,81,67,29,38
050,37,173,"North Carolina","Swain County",2,82,60,19,41
050,37,173,"North Carolina","Swain County",2,83,50,16,34
050,37,173,"North Carolina","Swain County",2,84,47,20,27
050,37,173,"North Carolina","Swain County",2,85,285,105,180
050,37,173,"North Carolina","Swain County",3,0,145,71,74
050,37,173,"North Carolina","Swain County",3,1,163,85,78
050,37,173,"North Carolina","Swain County",3,2,145,76,69
050,37,173,"North Carolina","Swain County",3,3,144,71,73
050,37,173,"North Carolina","Swain County",3,4,150,77,73
050,37,173,"North Carolina","Swain County",3,5,182,95,87
050,37,173,"North Carolina","Swain County",3,6,193,109,84
050,37,173,"North Carolina","Swain County",3,7,202,109,93
050,37,173,"North Carolina","Swain County",3,8,187,104,83
050,37,173,"North Carolina","Swain County",3,9,169,89,80
050,37,173,"North Carolina","Swain County",3,10,166,75,91
050,37,173,"North Carolina","Swain County",3,11,169,84,85
050,37,173,"North Carolina","Swain County",3,12,156,78,78
050,37,173,"North Carolina","Swain County",3,13,171,89,82
050,37,173,"North Carolina","Swain County",3,14,174,92,82
050,37,173,"North Carolina","Swain County",3,15,183,89,94
050,37,173,"North Carolina","Swain County",3,16,183,93,90
050,37,173,"North Carolina","Swain County",3,17,182,91,91
050,37,173,"North Carolina","Swain County",3,18,151,83,68
050,37,173,"North Carolina","Swain County",3,19,137,76,61
050,37,173,"North Carolina","Swain County",3,20,166,92,74
050,37,173,"North Carolina","Swain County",3,21,163,82,81
050,37,173,"North Carolina","Swain County",3,22,160,77,83
050,37,173,"North Carolina","Swain County",3,23,170,87,83
050,37,173,"North Carolina","Swain County",3,24,172,87,85
050,37,173,"North Carolina","Swain County",3,25,156,78,78
050,37,173,"North Carolina","Swain County",3,26,173,77,96
050,37,173,"North Carolina","Swain County",3,27,191,90,101
050,37,173,"North Carolina","Swain County",3,28,181,98,83
050,37,173,"North Carolina","Swain County",3,29,204,107,97
050,37,173,"North Carolina","Swain County",3,30,193,104,89
050,37,173,"North Carolina","Swain County",3,31,204,96,108
050,37,173,"North Carolina","Swain County",3,32,192,76,116
050,37,173,"North Carolina","Swain County",3,33,178,77,101
050,37,173,"North Carolina","Swain County",3,34,158,80,78
050,37,173,"North Carolina","Swain County",3,35,160,78,82
050,37,173,"North Carolina","Swain County",3,36,152,69,83
050,37,173,"North Carolina","Swain County",3,37,164,84,80
050,37,173,"North Carolina","Swain County",3,38,164,80,84
050,37,173,"North Carolina","Swain County",3,39,167,83,84
050,37,173,"North Carolina","Swain County",3,40,163,82,81
050,37,173,"North Carolina","Swain County",3,41,165,79,86
050,37,173,"North Carolina","Swain County",3,42,172,89,83
050,37,173,"North Carolina","Swain County",3,43,160,76,84
050,37,173,"North Carolina","Swain County",3,44,160,64,96
050,37,173,"North Carolina","Swain County",3,45,154,72,82
050,37,173,"North Carolina","Swain County",3,46,166,82,84
050,37,173,"North Carolina","Swain County",3,47,165,77,88
050,37,173,"North Carolina","Swain County",3,48,179,86,93
050,37,173,"North Carolina","Swain County",3,49,181,85,96
050,37,173,"North Carolina","Swain County",3,50,194,89,105
050,37,173,"North Carolina","Swain County",3,51,180,80,100
050,37,173,"North Carolina","Swain County",3,52,181,87,94
050,37,173,"North Carolina","Swain County",3,53,190,103,87
050,37,173,"North Carolina","Swain County",3,54,188,95,93
050,37,173,"North Carolina","Swain County",3,55,167,79,88
050,37,173,"North Carolina","Swain County",3,56,193,93,100
050,37,173,"North Carolina","Swain County",3,57,198,105,93
050,37,173,"North Carolina","Swain County",3,58,204,99,105
050,37,173,"North Carolina","Swain County",3,59,204,106,98
050,37,173,"North Carolina","Swain County",3,60,209,103,106
050,37,173,"North Carolina","Swain County",3,61,194,92,102
050,37,173,"North Carolina","Swain County",3,62,181,77,104
050,37,173,"North Carolina","Swain County",3,63,193,84,109
050,37,173,"North Carolina","Swain County",3,64,190,84,106
050,37,173,"North Carolina","Swain County",3,65,175,80,95
050,37,173,"North Carolina","Swain County",3,66,179,77,102
050,37,173,"North Carolina","Swain County",3,67,187,82,105
050,37,173,"North Carolina","Swain County",3,68,177,72,105
050,37,173,"North Carolina","Swain County",3,69,158,66,92
050,37,173,"North Carolina","Swain County",3,70,145,67,78
050,37,173,"North Carolina","Swain County",3,71,143,66,77
050,37,173,"North Carolina","Swain County",3,72,169,79,90
050,37,173,"North Carolina","Swain County",3,73,167,75,92
050,37,173,"North Carolina","Swain County",3,74,152,81,71
050,37,173,"North Carolina","Swain County",3,75,121,61,60
050,37,173,"North Carolina","Swain County",3,76,119,49,70
050,37,173,"North Carolina","Swain County",3,77,116,54,62
050,37,173,"North Carolina","Swain County",3,78,101,51,50
050,37,173,"North Carolina","Swain County",3,79,80,36,44
050,37,173,"North Carolina","Swain County",3,80,87,38,49
050,37,173,"North Carolina","Swain County",3,81,66,25,41
050,37,173,"North Carolina","Swain County",3,82,73,30,43
050,37,173,"North Carolina","Swain County",3,83,55,19,36
050,37,173,"North Carolina","Swain County",3,84,24,8,16
050,37,173,"North Carolina","Swain County",3,85,283,104,179
050,37,173,"North Carolina","Swain County",4,0,162,87,75
050,37,173,"North Carolina","Swain County",4,1,145,70,75
050,37,173,"North Carolina","Swain County",4,2,162,85,77
050,37,173,"North Carolina","Swain County",4,3,149,82,67
050,37,173,"North Carolina","Swain County",4,4,148,76,72
050,37,173,"North Carolina","Swain County",4,5,152,79,73
050,37,173,"North Carolina","Swain County",4,6,173,92,81
050,37,173,"North Carolina","Swain County",4,7,183,102,81
050,37,173,"North Carolina","Swain County",4,8,192,105,87
050,37,173,"North Carolina","Swain County",4,9,181,98,83
050,37,173,"North Carolina","Swain County",4,10,160,85,75
050,37,173,"North Carolina","Swain County",4,11,157,78,79
050,37,173,"North Carolina","Swain County",4,12,175,85,90
050,37,173,"North Carolina","Swain County",4,13,155,76,79
050,37,173,"North Carolina","Swain County",4,14,168,87,81
050,37,173,"North Carolina","Swain County",4,15,176,96,80
050,37,173,"North Carolina","Swain County",4,16,181,88,93
050,37,173,"North Carolina","Swain County",4,17,192,99,93
050,37,173,"North Carolina","Swain County",4,18,149,80,69
050,37,173,"North Carolina","Swain County",4,19,129,68,61
050,37,173,"North Carolina","Swain County",4,20,150,79,71
050,37,173,"North Carolina","Swain County",4,21,159,85,74
050,37,173,"North Carolina","Swain County",4,22,166,80,86
050,37,173,"North Carolina","Swain County",4,23,154,73,81
050,37,173,"North Carolina","Swain County",4,24,167,88,79
050,37,173,"North Carolina","Swain County",4,25,174,90,84
050,37,173,"North Carolina","Swain County",4,26,150,75,75
050,37,173,"North Carolina","Swain County",4,27,177,76,101
050,37,173,"North Carolina","Swain County",4,28,184,87,97
050,37,173,"North Carolina","Swain County",4,29,181,97,84
050,37,173,"North Carolina","Swain County",4,30,200,110,90
050,37,173,"North Carolina","Swain County",4,31,195,103,92
050,37,173,"North Carolina","Swain County",4,32,199,94,105
050,37,173,"North Carolina","Swain County",4,33,188,77,111
050,37,173,"North Carolina","Swain County",4,34,178,79,99
050,37,173,"North Carolina","Swain County",4,35,160,77,83
050,37,173,"North Carolina","Swain County",4,36,147,73,74
050,37,173,"North Carolina","Swain County",4,37,157,71,86
050,37,173,"North Carolina","Swain County",4,38,162,80,82
050,37,173,"North Carolina","Swain County",4,39,161,77,84
050,37,173,"North Carolina","Swain County",4,40,166,82,84
050,37,173,"North Carolina","Swain County",4,41,166,84,82
050,37,173,"North Carolina","Swain County",4,42,154,75,79
050,37,173,"North Carolina","Swain County",4,43,167,83,84
050,37,173,"North Carolina","Swain County",4,44,158,76,82
050,37,173,"North Carolina","Swain County",4,45,153,65,88
050,37,173,"North Carolina","Swain County",4,46,152,71,81
050,37,173,"North Carolina","Swain County",4,47,174,86,88
050,37,173,"North Carolina","Swain County",4,48,168,76,92
050,37,173,"North Carolina","Swain County",4,49,177,85,92
050,37,173,"North Carolina","Swain County",4,50,182,86,96
050,37,173,"North Carolina","Swain County",4,51,190,90,100
050,37,173,"North Carolina","Swain County",4,52,183,80,103
050,37,173,"North Carolina","Swain County",4,53,187,91,96
050,37,173,"North Carolina","Swain County",4,54,185,94,91
050,37,173,"North Carolina","Swain County",4,55,185,92,93
050,37,173,"North Carolina","Swain County",4,56,155,74,81
050,37,173,"North Carolina","Swain County",4,57,187,86,101
050,37,173,"North Carolina","Swain County",4,58,192,102,90
050,37,173,"North Carolina","Swain County",4,59,207,101,106
050,37,173,"North Carolina","Swain County",4,60,203,104,99
050,37,173,"North Carolina","Swain County",4,61,209,104,105
050,37,173,"North Carolina","Swain County",4,62,200,97,103
050,37,173,"North Carolina","Swain County",4,63,179,73,106
050,37,173,"North Carolina","Swain County",4,64,186,79,107
050,37,173,"North Carolina","Swain County",4,65,184,80,104
050,37,173,"North Carolina","Swain County",4,66,172,78,94
050,37,173,"North Carolina","Swain County",4,67,180,81,99
050,37,173,"North Carolina","Swain County",4,68,178,75,103
050,37,173,"North Carolina","Swain County",4,69,165,72,93
050,37,173,"North Carolina","Swain County",4,70,148,58,90
050,37,173,"North Carolina","Swain County",4,71,133,61,72
050,37,173,"North Carolina","Swain County",4,72,134,64,70
050,37,173,"North Carolina","Swain County",4,73,160,69,91
050,37,173,"North Carolina","Swain County",4,74,155,72,83
050,37,173,"North Carolina","Swain County",4,75,143,78,65
050,37,173,"North Carolina","Swain County",4,76,113,55,58
050,37,173,"North Carolina","Swain County",4,77,123,52,71
050,37,173,"North Carolina","Swain County",4,78,113,52,61
050,37,173,"North Carolina","Swain County",4,79,89,40,49
050,37,173,"North Carolina","Swain County",4,80,80,34,46
050,37,173,"North Carolina","Swain County",4,81,71,30,41
050,37,173,"North Carolina","Swain County",4,82,67,24,43
050,37,173,"North Carolina","Swain County",4,83,68,27,41
050,37,173,"North Carolina","Swain County",4,84,32,11,21
050,37,173,"North Carolina","Swain County",4,85,265,99,166
050,37,173,"North Carolina","Swain County",5,0,160,85,75
050,37,173,"North Carolina","Swain County",5,1,159,84,75
050,37,173,"North Carolina","Swain County",5,2,152,75,77
050,37,173,"North Carolina","Swain County",5,3,167,92,75
050,37,173,"North Carolina","Swain County",5,4,153,87,66
050,37,173,"North Carolina","Swain County",5,5,152,80,72
050,37,173,"North Carolina","Swain County",5,6,158,83,75
050,37,173,"North Carolina","Swain County",5,7,179,97,82
050,37,173,"North Carolina","Swain County",5,8,180,101,79
050,37,173,"North Carolina","Swain County",5,9,192,100,92
050,37,173,"North Carolina","Swain County",5,10,183,102,81
050,37,173,"North Carolina","Swain County",5,11,155,82,73
050,37,173,"North Carolina","Swain County",5,12,156,77,79
050,37,173,"North Carolina","Swain County",5,13,173,85,88
050,37,173,"North Carolina","Swain County",5,14,161,84,77
050,37,173,"North Carolina","Swain County",5,15,166,89,77
050,37,173,"North Carolina","Swain County",5,16,178,98,80
050,37,173,"North Carolina","Swain County",5,17,186,87,99
050,37,173,"North Carolina","Swain County",5,18,173,93,80
050,37,173,"North Carolina","Swain County",5,19,131,69,62
050,37,173,"North Carolina","Swain County",5,20,147,78,69
050,37,173,"North Carolina","Swain County",5,21,139,75,64
050,37,173,"North Carolina","Swain County",5,22,161,86,75
050,37,173,"North Carolina","Swain County",5,23,176,86,90
050,37,173,"North Carolina","Swain County",5,24,151,76,75
050,37,173,"North Carolina","Swain County",5,25,178,95,83
050,37,173,"North Carolina","Swain County",5,26,172,90,82
050,37,173,"North Carolina","Swain County",5,27,152,74,78
050,37,173,"North Carolina","Swain County",5,28,173,72,101
050,37,173,"North Carolina","Swain County",5,29,186,88,98
050,37,173,"North Carolina","Swain County",5,30,179,94,85
050,37,173,"North Carolina","Swain County",5,31,200,114,86
050,37,173,"North Carolina","Swain County",5,32,189,105,84
050,37,173,"North Carolina","Swain County",5,33,200,94,106
050,37,173,"North Carolina","Swain County",5,34,189,80,109
050,37,173,"North Carolina","Swain County",5,35,182,79,103
050,37,173,"North Carolina","Swain County",5,36,168,86,82
050,37,173,"North Carolina","Swain County",5,37,145,73,72
050,37,173,"North Carolina","Swain County",5,38,152,72,80
050,37,173,"North Carolina","Swain County",5,39,157,76,81
050,37,173,"North Carolina","Swain County",5,40,156,76,80
050,37,173,"North Carolina","Swain County",5,41,163,83,80
050,37,173,"North Carolina","Swain County",5,42,163,80,83
050,37,173,"North Carolina","Swain County",5,43,148,72,76
050,37,173,"North Carolina","Swain County",5,44,174,80,94
050,37,173,"North Carolina","Swain County",5,45,157,75,82
050,37,173,"North Carolina","Swain County",5,46,145,64,81
050,37,173,"North Carolina","Swain County",5,47,150,68,82
050,37,173,"North Carolina","Swain County",5,48,168,80,88
050,37,173,"North Carolina","Swain County",5,49,169,81,88
050,37,173,"North Carolina","Swain County",5,50,170,87,83
050,37,173,"North Carolina","Swain County",5,51,188,85,103
050,37,173,"North Carolina","Swain County",5,52,195,93,102
050,37,173,"North Carolina","Swain County",5,53,192,81,111
050,37,173,"North Carolina","Swain County",5,54,186,85,101
050,37,173,"North Carolina","Swain County",5,55,189,94,95
050,37,173,"North Carolina","Swain County",5,56,182,89,93
050,37,173,"North Carolina","Swain County",5,57,160,76,84
050,37,173,"North Carolina","Swain County",5,58,185,85,100
050,37,173,"North Carolina","Swain County",5,59,193,104,89
050,37,173,"North Carolina","Swain County",5,60,204,93,111
050,37,173,"North Carolina","Swain County",5,61,204,105,99
050,37,173,"North Carolina","Swain County",5,62,206,100,106
050,37,173,"North Carolina","Swain County",5,63,193,93,100
050,37,173,"North Carolina","Swain County",5,64,171,70,101
050,37,173,"North Carolina","Swain County",5,65,184,76,108
050,37,173,"North Carolina","Swain County",5,66,176,74,102
050,37,173,"North Carolina","Swain County",5,67,164,75,89
050,37,173,"North Carolina","Swain County",5,68,174,78,96
050,37,173,"North Carolina","Swain County",5,69,174,73,101
050,37,173,"North Carolina","Swain County",5,70,161,73,88
050,37,173,"North Carolina","Swain County",5,71,143,53,90
050,37,173,"North Carolina","Swain County",5,72,121,56,65
050,37,173,"North Carolina","Swain County",5,73,128,55,73
050,37,173,"North Carolina","Swain County",5,74,149,66,83
050,37,173,"North Carolina","Swain County",5,75,149,71,78
050,37,173,"North Carolina","Swain County",5,76,133,67,66
050,37,173,"North Carolina","Swain County",5,77,116,57,59
050,37,173,"North Carolina","Swain County",5,78,113,49,64
050,37,173,"North Carolina","Swain County",5,79,101,40,61
050,37,173,"North Carolina","Swain County",5,80,88,38,50
050,37,173,"North Carolina","Swain County",5,81,68,31,37
050,37,173,"North Carolina","Swain County",5,82,74,30,44
050,37,173,"North Carolina","Swain County",5,83,63,22,41
050,37,173,"North Carolina","Swain County",5,84,49,19,30
050,37,173,"North Carolina","Swain County",5,85,267,103,164
050,37,175,"North Carolina","Transylvania County",1,0,261,132,129
050,37,175,"North Carolina","Transylvania County",1,1,235,120,115
050,37,175,"North Carolina","Transylvania County",1,2,265,136,129
050,37,175,"North Carolina","Transylvania County",1,3,252,118,134
050,37,175,"North Carolina","Transylvania County",1,4,294,151,143
050,37,175,"North Carolina","Transylvania County",1,5,306,154,152
050,37,175,"North Carolina","Transylvania County",1,6,312,169,143
050,37,175,"North Carolina","Transylvania County",1,7,276,153,123
050,37,175,"North Carolina","Transylvania County",1,8,282,149,133
050,37,175,"North Carolina","Transylvania County",1,9,300,157,143
050,37,175,"North Carolina","Transylvania County",1,10,304,159,145
050,37,175,"North Carolina","Transylvania County",1,11,302,143,159
050,37,175,"North Carolina","Transylvania County",1,12,307,141,166
050,37,175,"North Carolina","Transylvania County",1,13,334,172,162
050,37,175,"North Carolina","Transylvania County",1,14,325,160,165
050,37,175,"North Carolina","Transylvania County",1,15,320,147,173
050,37,175,"North Carolina","Transylvania County",1,16,311,143,168
050,37,175,"North Carolina","Transylvania County",1,17,316,163,153
050,37,175,"North Carolina","Transylvania County",1,18,333,193,140
050,37,175,"North Carolina","Transylvania County",1,19,417,235,182
050,37,175,"North Carolina","Transylvania County",1,20,388,208,180
050,37,175,"North Carolina","Transylvania County",1,21,356,203,153
050,37,175,"North Carolina","Transylvania County",1,22,354,195,159
050,37,175,"North Carolina","Transylvania County",1,23,292,143,149
050,37,175,"North Carolina","Transylvania County",1,24,308,157,151
050,37,175,"North Carolina","Transylvania County",1,25,291,152,139
050,37,175,"North Carolina","Transylvania County",1,26,308,172,136
050,37,175,"North Carolina","Transylvania County",1,27,293,162,131
050,37,175,"North Carolina","Transylvania County",1,28,318,171,147
050,37,175,"North Carolina","Transylvania County",1,29,328,165,163
050,37,175,"North Carolina","Transylvania County",1,30,287,135,152
050,37,175,"North Carolina","Transylvania County",1,31,307,138,169
050,37,175,"North Carolina","Transylvania County",1,32,327,153,174
050,37,175,"North Carolina","Transylvania County",1,33,338,151,187
050,37,175,"North Carolina","Transylvania County",1,34,318,145,173
050,37,175,"North Carolina","Transylvania County",1,35,307,154,153
050,37,175,"North Carolina","Transylvania County",1,36,322,160,162
050,37,175,"North Carolina","Transylvania County",1,37,336,160,176
050,37,175,"North Carolina","Transylvania County",1,38,326,156,170
050,37,175,"North Carolina","Transylvania County",1,39,311,149,162
050,37,175,"North Carolina","Transylvania County",1,40,324,154,170
050,37,175,"North Carolina","Transylvania County",1,41,327,156,171
050,37,175,"North Carolina","Transylvania County",1,42,322,169,153
050,37,175,"North Carolina","Transylvania County",1,43,329,166,163
050,37,175,"North Carolina","Transylvania County",1,44,381,198,183
050,37,175,"North Carolina","Transylvania County",1,45,377,183,194
050,37,175,"North Carolina","Transylvania County",1,46,319,157,162
050,37,175,"North Carolina","Transylvania County",1,47,351,182,169
050,37,175,"North Carolina","Transylvania County",1,48,379,198,181
050,37,175,"North Carolina","Transylvania County",1,49,367,178,189
050,37,175,"North Carolina","Transylvania County",1,50,362,172,190
050,37,175,"North Carolina","Transylvania County",1,51,350,167,183
050,37,175,"North Carolina","Transylvania County",1,52,339,164,175
050,37,175,"North Carolina","Transylvania County",1,53,386,184,202
050,37,175,"North Carolina","Transylvania County",1,54,415,203,212
050,37,175,"North Carolina","Transylvania County",1,55,433,182,251
050,37,175,"North Carolina","Transylvania County",1,56,435,194,241
050,37,175,"North Carolina","Transylvania County",1,57,477,213,264
050,37,175,"North Carolina","Transylvania County",1,58,530,257,273
050,37,175,"North Carolina","Transylvania County",1,59,525,252,273
050,37,175,"North Carolina","Transylvania County",1,60,476,224,252
050,37,175,"North Carolina","Transylvania County",1,61,536,241,295
050,37,175,"North Carolina","Transylvania County",1,62,561,247,314
050,37,175,"North Carolina","Transylvania County",1,63,562,268,294
050,37,175,"North Carolina","Transylvania County",1,64,597,305,292
050,37,175,"North Carolina","Transylvania County",1,65,609,296,313
050,37,175,"North Carolina","Transylvania County",1,66,588,272,316
050,37,175,"North Carolina","Transylvania County",1,67,563,265,298
050,37,175,"North Carolina","Transylvania County",1,68,589,287,302
050,37,175,"North Carolina","Transylvania County",1,69,532,247,285
050,37,175,"North Carolina","Transylvania County",1,70,514,241,273
050,37,175,"North Carolina","Transylvania County",1,71,540,272,268
050,37,175,"North Carolina","Transylvania County",1,72,568,272,296
050,37,175,"North Carolina","Transylvania County",1,73,602,302,300
050,37,175,"North Carolina","Transylvania County",1,74,448,216,232
050,37,175,"North Carolina","Transylvania County",1,75,436,197,239
050,37,175,"North Carolina","Transylvania County",1,76,449,189,260
050,37,175,"North Carolina","Transylvania County",1,77,451,196,255
050,37,175,"North Carolina","Transylvania County",1,78,375,169,206
050,37,175,"North Carolina","Transylvania County",1,79,316,140,176
050,37,175,"North Carolina","Transylvania County",1,80,315,157,158
050,37,175,"North Carolina","Transylvania County",1,81,291,141,150
050,37,175,"North Carolina","Transylvania County",1,82,283,149,134
050,37,175,"North Carolina","Transylvania County",1,83,236,120,116
050,37,175,"North Carolina","Transylvania County",1,84,193,99,94
050,37,175,"North Carolina","Transylvania County",1,85,1159,467,692
050,37,175,"North Carolina","Transylvania County",2,0,249,129,120
050,37,175,"North Carolina","Transylvania County",2,1,239,122,117
050,37,175,"North Carolina","Transylvania County",2,2,258,131,127
050,37,175,"North Carolina","Transylvania County",2,3,254,122,132
050,37,175,"North Carolina","Transylvania County",2,4,286,145,141
050,37,175,"North Carolina","Transylvania County",2,5,304,154,150
050,37,175,"North Carolina","Transylvania County",2,6,313,167,146
050,37,175,"North Carolina","Transylvania County",2,7,287,158,129
050,37,175,"North Carolina","Transylvania County",2,8,284,151,133
050,37,175,"North Carolina","Transylvania County",2,9,298,156,142
050,37,175,"North Carolina","Transylvania County",2,10,302,157,145
050,37,175,"North Carolina","Transylvania County",2,11,301,146,155
050,37,175,"North Carolina","Transylvania County",2,12,309,146,163
050,37,175,"North Carolina","Transylvania County",2,13,328,165,163
050,37,175,"North Carolina","Transylvania County",2,14,329,162,167
050,37,175,"North Carolina","Transylvania County",2,15,321,150,171
050,37,175,"North Carolina","Transylvania County",2,16,316,146,170
050,37,175,"North Carolina","Transylvania County",2,17,319,160,159
050,37,175,"North Carolina","Transylvania County",2,18,329,189,140
050,37,175,"North Carolina","Transylvania County",2,19,419,236,183
050,37,175,"North Carolina","Transylvania County",2,20,388,209,179
050,37,175,"North Carolina","Transylvania County",2,21,361,205,156
050,37,175,"North Carolina","Transylvania County",2,22,351,192,159
050,37,175,"North Carolina","Transylvania County",2,23,299,150,149
050,37,175,"North Carolina","Transylvania County",2,24,300,152,148
050,37,175,"North Carolina","Transylvania County",2,25,294,154,140
050,37,175,"North Carolina","Transylvania County",2,26,305,170,135
050,37,175,"North Carolina","Transylvania County",2,27,295,164,131
050,37,175,"North Carolina","Transylvania County",2,28,311,168,143
050,37,175,"North Carolina","Transylvania County",2,29,323,166,157
050,37,175,"North Carolina","Transylvania County",2,30,296,142,154
050,37,175,"North Carolina","Transylvania County",2,31,299,137,162
050,37,175,"North Carolina","Transylvania County",2,32,323,150,173
050,37,175,"North Carolina","Transylvania County",2,33,336,152,184
050,37,175,"North Carolina","Transylvania County",2,34,325,147,178
050,37,175,"North Carolina","Transylvania County",2,35,313,153,160
050,37,175,"North Carolina","Transylvania County",2,36,318,156,162
050,37,175,"North Carolina","Transylvania County",2,37,333,161,172
050,37,175,"North Carolina","Transylvania County",2,38,331,158,173
050,37,175,"North Carolina","Transylvania County",2,39,316,152,164
050,37,175,"North Carolina","Transylvania County",2,40,325,155,170
050,37,175,"North Carolina","Transylvania County",2,41,327,157,170
050,37,175,"North Carolina","Transylvania County",2,42,321,167,154
050,37,175,"North Carolina","Transylvania County",2,43,335,170,165
050,37,175,"North Carolina","Transylvania County",2,44,367,190,177
050,37,175,"North Carolina","Transylvania County",2,45,380,187,193
050,37,175,"North Carolina","Transylvania County",2,46,334,165,169
050,37,175,"North Carolina","Transylvania County",2,47,347,178,169
050,37,175,"North Carolina","Transylvania County",2,48,371,194,177
050,37,175,"North Carolina","Transylvania County",2,49,375,186,189
050,37,175,"North Carolina","Transylvania County",2,50,367,175,192
050,37,175,"North Carolina","Transylvania County",2,51,352,168,184
050,37,175,"North Carolina","Transylvania County",2,52,344,166,178
050,37,175,"North Carolina","Transylvania County",2,53,380,182,198
050,37,175,"North Carolina","Transylvania County",2,54,412,201,211
050,37,175,"North Carolina","Transylvania County",2,55,431,188,243
050,37,175,"North Carolina","Transylvania County",2,56,441,194,247
050,37,175,"North Carolina","Transylvania County",2,57,471,209,262
050,37,175,"North Carolina","Transylvania County",2,58,520,247,273
050,37,175,"North Carolina","Transylvania County",2,59,531,255,276
050,37,175,"North Carolina","Transylvania County",2,60,492,233,259
050,37,175,"North Carolina","Transylvania County",2,61,529,240,289
050,37,175,"North Carolina","Transylvania County",2,62,559,246,313
050,37,175,"North Carolina","Transylvania County",2,63,573,268,305
050,37,175,"North Carolina","Transylvania County",2,64,588,296,292
050,37,175,"North Carolina","Transylvania County",2,65,605,297,308
050,37,175,"North Carolina","Transylvania County",2,66,595,280,315
050,37,175,"North Carolina","Transylvania County",2,67,569,270,299
050,37,175,"North Carolina","Transylvania County",2,68,582,283,299
050,37,175,"North Carolina","Transylvania County",2,69,550,257,293
050,37,175,"North Carolina","Transylvania County",2,70,516,243,273
050,37,175,"North Carolina","Transylvania County",2,71,536,266,270
050,37,175,"North Carolina","Transylvania County",2,72,548,263,285
050,37,175,"North Carolina","Transylvania County",2,73,626,309,317
050,37,175,"North Carolina","Transylvania County",2,74,453,220,233
050,37,175,"North Carolina","Transylvania County",2,75,441,203,238
050,37,175,"North Carolina","Transylvania County",2,76,442,188,254
050,37,175,"North Carolina","Transylvania County",2,77,455,197,258
050,37,175,"North Carolina","Transylvania County",2,78,381,168,213
050,37,175,"North Carolina","Transylvania County",2,79,324,144,180
050,37,175,"North Carolina","Transylvania County",2,80,313,153,160
050,37,175,"North Carolina","Transylvania County",2,81,294,143,151
050,37,175,"North Carolina","Transylvania County",2,82,284,146,138
050,37,175,"North Carolina","Transylvania County",2,83,238,123,115
050,37,175,"North Carolina","Transylvania County",2,84,199,103,96
050,37,175,"North Carolina","Transylvania County",2,85,1163,468,695
050,37,175,"North Carolina","Transylvania County",3,0,236,110,126
050,37,175,"North Carolina","Transylvania County",3,1,267,138,129
050,37,175,"North Carolina","Transylvania County",3,2,244,124,120
050,37,175,"North Carolina","Transylvania County",3,3,268,132,136
050,37,175,"North Carolina","Transylvania County",3,4,254,125,129
050,37,175,"North Carolina","Transylvania County",3,5,295,149,146
050,37,175,"North Carolina","Transylvania County",3,6,312,156,156
050,37,175,"North Carolina","Transylvania County",3,7,327,178,149
050,37,175,"North Carolina","Transylvania County",3,8,290,151,139
050,37,175,"North Carolina","Transylvania County",3,9,289,149,140
050,37,175,"North Carolina","Transylvania County",3,10,309,162,147
050,37,175,"North Carolina","Transylvania County",3,11,315,159,156
050,37,175,"North Carolina","Transylvania County",3,12,308,150,158
050,37,175,"North Carolina","Transylvania County",3,13,306,140,166
050,37,175,"North Carolina","Transylvania County",3,14,324,158,166
050,37,175,"North Carolina","Transylvania County",3,15,328,170,158
050,37,175,"North Carolina","Transylvania County",3,16,305,141,164
050,37,175,"North Carolina","Transylvania County",3,17,315,143,172
050,37,175,"North Carolina","Transylvania County",3,18,323,175,148
050,37,175,"North Carolina","Transylvania County",3,19,422,235,187
050,37,175,"North Carolina","Transylvania County",3,20,380,214,166
050,37,175,"North Carolina","Transylvania County",3,21,352,203,149
050,37,175,"North Carolina","Transylvania County",3,22,348,190,158
050,37,175,"North Carolina","Transylvania County",3,23,312,168,144
050,37,175,"North Carolina","Transylvania County",3,24,272,144,128
050,37,175,"North Carolina","Transylvania County",3,25,302,146,156
050,37,175,"North Carolina","Transylvania County",3,26,303,155,148
050,37,175,"North Carolina","Transylvania County",3,27,300,164,136
050,37,175,"North Carolina","Transylvania County",3,28,294,159,135
050,37,175,"North Carolina","Transylvania County",3,29,339,178,161
050,37,175,"North Carolina","Transylvania County",3,30,305,158,147
050,37,175,"North Carolina","Transylvania County",3,31,310,141,169
050,37,175,"North Carolina","Transylvania County",3,32,316,152,164
050,37,175,"North Carolina","Transylvania County",3,33,327,155,172
050,37,175,"North Carolina","Transylvania County",3,34,345,163,182
050,37,175,"North Carolina","Transylvania County",3,35,324,139,185
050,37,175,"North Carolina","Transylvania County",3,36,336,167,169
050,37,175,"North Carolina","Transylvania County",3,37,333,168,165
050,37,175,"North Carolina","Transylvania County",3,38,332,165,167
050,37,175,"North Carolina","Transylvania County",3,39,331,160,171
050,37,175,"North Carolina","Transylvania County",3,40,319,153,166
050,37,175,"North Carolina","Transylvania County",3,41,335,160,175
050,37,175,"North Carolina","Transylvania County",3,42,344,170,174
050,37,175,"North Carolina","Transylvania County",3,43,317,167,150
050,37,175,"North Carolina","Transylvania County",3,44,340,177,163
050,37,175,"North Carolina","Transylvania County",3,45,356,183,173
050,37,175,"North Carolina","Transylvania County",3,46,372,181,191
050,37,175,"North Carolina","Transylvania County",3,47,335,164,171
050,37,175,"North Carolina","Transylvania County",3,48,361,183,178
050,37,175,"North Carolina","Transylvania County",3,49,370,190,180
050,37,175,"North Carolina","Transylvania County",3,50,376,180,196
050,37,175,"North Carolina","Transylvania County",3,51,390,182,208
050,37,175,"North Carolina","Transylvania County",3,52,347,168,179
050,37,175,"North Carolina","Transylvania County",3,53,360,178,182
050,37,175,"North Carolina","Transylvania County",3,54,383,193,190
050,37,175,"North Carolina","Transylvania County",3,55,404,194,210
050,37,175,"North Carolina","Transylvania County",3,56,457,196,261
050,37,175,"North Carolina","Transylvania County",3,57,450,200,250
050,37,175,"North Carolina","Transylvania County",3,58,488,211,277
050,37,175,"North Carolina","Transylvania County",3,59,533,250,283
050,37,175,"North Carolina","Transylvania County",3,60,554,264,290
050,37,175,"North Carolina","Transylvania County",3,61,489,231,258
050,37,175,"North Carolina","Transylvania County",3,62,550,246,304
050,37,175,"North Carolina","Transylvania County",3,63,599,261,338
050,37,175,"North Carolina","Transylvania County",3,64,590,276,314
050,37,175,"North Carolina","Transylvania County",3,65,600,297,303
050,37,175,"North Carolina","Transylvania County",3,66,625,309,316
050,37,175,"North Carolina","Transylvania County",3,67,602,287,315
050,37,175,"North Carolina","Transylvania County",3,68,580,276,304
050,37,175,"North Carolina","Transylvania County",3,69,592,285,307
050,37,175,"North Carolina","Transylvania County",3,70,550,258,292
050,37,175,"North Carolina","Transylvania County",3,71,512,239,273
050,37,175,"North Carolina","Transylvania County",3,72,533,268,265
050,37,175,"North Carolina","Transylvania County",3,73,541,256,285
050,37,175,"North Carolina","Transylvania County",3,74,610,300,310
050,37,175,"North Carolina","Transylvania County",3,75,432,209,223
050,37,175,"North Carolina","Transylvania County",3,76,418,188,230
050,37,175,"North Carolina","Transylvania County",3,77,424,182,242
050,37,175,"North Carolina","Transylvania County",3,78,430,181,249
050,37,175,"North Carolina","Transylvania County",3,79,377,166,211
050,37,175,"North Carolina","Transylvania County",3,80,301,134,167
050,37,175,"North Carolina","Transylvania County",3,81,295,144,151
050,37,175,"North Carolina","Transylvania County",3,82,282,137,145
050,37,175,"North Carolina","Transylvania County",3,83,260,134,126
050,37,175,"North Carolina","Transylvania County",3,84,220,117,103
050,37,175,"North Carolina","Transylvania County",3,85,1171,485,686
050,37,175,"North Carolina","Transylvania County",4,0,248,128,120
050,37,175,"North Carolina","Transylvania County",4,1,246,121,125
050,37,175,"North Carolina","Transylvania County",4,2,257,126,131
050,37,175,"North Carolina","Transylvania County",4,3,246,122,124
050,37,175,"North Carolina","Transylvania County",4,4,268,139,129
050,37,175,"North Carolina","Transylvania County",4,5,261,130,131
050,37,175,"North Carolina","Transylvania County",4,6,306,155,151
050,37,175,"North Carolina","Transylvania County",4,7,305,152,153
050,37,175,"North Carolina","Transylvania County",4,8,330,180,150
050,37,175,"North Carolina","Transylvania County",4,9,277,151,126
050,37,175,"North Carolina","Transylvania County",4,10,292,149,143
050,37,175,"North Carolina","Transylvania County",4,11,295,160,135
050,37,175,"North Carolina","Transylvania County",4,12,313,162,151
050,37,175,"North Carolina","Transylvania County",4,13,304,145,159
050,37,175,"North Carolina","Transylvania County",4,14,313,146,167
050,37,175,"North Carolina","Transylvania County",4,15,322,161,161
050,37,175,"North Carolina","Transylvania County",4,16,321,168,153
050,37,175,"North Carolina","Transylvania County",4,17,307,147,160
050,37,175,"North Carolina","Transylvania County",4,18,327,161,166
050,37,175,"North Carolina","Transylvania County",4,19,386,208,178
050,37,175,"North Carolina","Transylvania County",4,20,363,200,163
050,37,175,"North Carolina","Transylvania County",4,21,371,215,156
050,37,175,"North Carolina","Transylvania County",4,22,339,186,153
050,37,175,"North Carolina","Transylvania County",4,23,298,151,147
050,37,175,"North Carolina","Transylvania County",4,24,311,163,148
050,37,175,"North Carolina","Transylvania County",4,25,266,142,124
050,37,175,"North Carolina","Transylvania County",4,26,297,147,150
050,37,175,"North Carolina","Transylvania County",4,27,295,140,155
050,37,175,"North Carolina","Transylvania County",4,28,312,163,149
050,37,175,"North Carolina","Transylvania County",4,29,297,164,133
050,37,175,"North Carolina","Transylvania County",4,30,331,168,163
050,37,175,"North Carolina","Transylvania County",4,31,318,159,159
050,37,175,"North Carolina","Transylvania County",4,32,325,143,182
050,37,175,"North Carolina","Transylvania County",4,33,341,164,177
050,37,175,"North Carolina","Transylvania County",4,34,356,173,183
050,37,175,"North Carolina","Transylvania County",4,35,369,178,191
050,37,175,"North Carolina","Transylvania County",4,36,327,141,186
050,37,175,"North Carolina","Transylvania County",4,37,345,183,162
050,37,175,"North Carolina","Transylvania County",4,38,348,178,170
050,37,175,"North Carolina","Transylvania County",4,39,325,154,171
050,37,175,"North Carolina","Transylvania County",4,40,342,164,178
050,37,175,"North Carolina","Transylvania County",4,41,320,149,171
050,37,175,"North Carolina","Transylvania County",4,42,339,172,167
050,37,175,"North Carolina","Transylvania County",4,43,359,178,181
050,37,175,"North Carolina","Transylvania County",4,44,312,162,150
050,37,175,"North Carolina","Transylvania County",4,45,339,172,167
050,37,175,"North Carolina","Transylvania County",4,46,354,181,173
050,37,175,"North Carolina","Transylvania County",4,47,366,172,194
050,37,175,"North Carolina","Transylvania County",4,48,351,170,181
050,37,175,"North Carolina","Transylvania County",4,49,367,192,175
050,37,175,"North Carolina","Transylvania County",4,50,367,184,183
050,37,175,"North Carolina","Transylvania County",4,51,389,191,198
050,37,175,"North Carolina","Transylvania County",4,52,384,181,203
050,37,175,"North Carolina","Transylvania County",4,53,349,170,179
050,37,175,"North Carolina","Transylvania County",4,54,363,173,190
050,37,175,"North Carolina","Transylvania County",4,55,392,198,194
050,37,175,"North Carolina","Transylvania County",4,56,396,189,207
050,37,175,"North Carolina","Transylvania County",4,57,470,201,269
050,37,175,"North Carolina","Transylvania County",4,58,470,205,265
050,37,175,"North Carolina","Transylvania County",4,59,508,221,287
050,37,175,"North Carolina","Transylvania County",4,60,553,265,288
050,37,175,"North Carolina","Transylvania County",4,61,558,260,298
050,37,175,"North Carolina","Transylvania County",4,62,506,236,270
050,37,175,"North Carolina","Transylvania County",4,63,562,255,307
050,37,175,"North Carolina","Transylvania County",4,64,607,277,330
050,37,175,"North Carolina","Transylvania County",4,65,602,287,315
050,37,175,"North Carolina","Transylvania County",4,66,606,304,302
050,37,175,"North Carolina","Transylvania County",4,67,633,311,322
050,37,175,"North Carolina","Transylvania County",4,68,622,301,321
050,37,175,"North Carolina","Transylvania County",4,69,583,273,310
050,37,175,"North Carolina","Transylvania County",4,70,605,290,315
050,37,175,"North Carolina","Transylvania County",4,71,532,249,283
050,37,175,"North Carolina","Transylvania County",4,72,507,233,274
050,37,175,"North Carolina","Transylvania County",4,73,528,266,262
050,37,175,"North Carolina","Transylvania County",4,74,529,249,280
050,37,175,"North Carolina","Transylvania County",4,75,595,287,308
050,37,175,"North Carolina","Transylvania County",4,76,418,198,220
050,37,175,"North Carolina","Transylvania County",4,77,391,181,210
050,37,175,"North Carolina","Transylvania County",4,78,398,169,229
050,37,175,"North Carolina","Transylvania County",4,79,420,179,241
050,37,175,"North Carolina","Transylvania County",4,80,372,165,207
050,37,175,"North Carolina","Transylvania County",4,81,285,126,159
050,37,175,"North Carolina","Transylvania County",4,82,277,136,141
050,37,175,"North Carolina","Transylvania County",4,83,262,121,141
050,37,175,"North Carolina","Transylvania County",4,84,243,130,113
050,37,175,"North Carolina","Transylvania County",4,85,1184,505,679
050,37,175,"North Carolina","Transylvania County",5,0,241,119,122
050,37,175,"North Carolina","Transylvania County",5,1,258,128,130
050,37,175,"North Carolina","Transylvania County",5,2,250,122,128
050,37,175,"North Carolina","Transylvania County",5,3,268,126,142
050,37,175,"North Carolina","Transylvania County",5,4,253,126,127
050,37,175,"North Carolina","Transylvania County",5,5,270,134,136
050,37,175,"North Carolina","Transylvania County",5,6,264,131,133
050,37,175,"North Carolina","Transylvania County",5,7,303,152,151
050,37,175,"North Carolina","Transylvania County",5,8,293,146,147
050,37,175,"North Carolina","Transylvania County",5,9,321,173,148
050,37,175,"North Carolina","Transylvania County",5,10,287,159,128
050,37,175,"North Carolina","Transylvania County",5,11,287,144,143
050,37,175,"North Carolina","Transylvania County",5,12,290,154,136
050,37,175,"North Carolina","Transylvania County",5,13,320,164,156
050,37,175,"North Carolina","Transylvania County",5,14,309,154,155
050,37,175,"North Carolina","Transylvania County",5,15,312,154,158
050,37,175,"North Carolina","Transylvania County",5,16,316,158,158
050,37,175,"North Carolina","Transylvania County",5,17,324,166,158
050,37,175,"North Carolina","Transylvania County",5,18,321,169,152
050,37,175,"North Carolina","Transylvania County",5,19,413,211,202
050,37,175,"North Carolina","Transylvania County",5,20,335,173,162
050,37,175,"North Carolina","Transylvania County",5,21,351,207,144
050,37,175,"North Carolina","Transylvania County",5,22,355,198,157
050,37,175,"North Carolina","Transylvania County",5,23,297,157,140
050,37,175,"North Carolina","Transylvania County",5,24,287,144,143
050,37,175,"North Carolina","Transylvania County",5,25,300,151,149
050,37,175,"North Carolina","Transylvania County",5,26,276,138,138
050,37,175,"North Carolina","Transylvania County",5,27,283,135,148
050,37,175,"North Carolina","Transylvania County",5,28,285,139,146
050,37,175,"North Carolina","Transylvania County",5,29,321,168,153
050,37,175,"North Carolina","Transylvania County",5,30,308,166,142
050,37,175,"North Carolina","Transylvania County",5,31,359,171,188
050,37,175,"North Carolina","Transylvania County",5,32,345,170,175
050,37,175,"North Carolina","Transylvania County",5,33,350,163,187
050,37,175,"North Carolina","Transylvania County",5,34,354,178,176
050,37,175,"North Carolina","Transylvania County",5,35,371,188,183
050,37,175,"North Carolina","Transylvania County",5,36,366,167,199
050,37,175,"North Carolina","Transylvania County",5,37,332,144,188
050,37,175,"North Carolina","Transylvania County",5,38,345,185,160
050,37,175,"North Carolina","Transylvania County",5,39,346,175,171
050,37,175,"North Carolina","Transylvania County",5,40,335,152,183
050,37,175,"North Carolina","Transylvania County",5,41,357,173,184
050,37,175,"North Carolina","Transylvania County",5,42,327,159,168
050,37,175,"North Carolina","Transylvania County",5,43,358,183,175
050,37,175,"North Carolina","Transylvania County",5,44,375,187,188
050,37,175,"North Carolina","Transylvania County",5,45,321,171,150
050,37,175,"North Carolina","Transylvania County",5,46,334,171,163
050,37,175,"North Carolina","Transylvania County",5,47,355,184,171
050,37,175,"North Carolina","Transylvania County",5,48,367,174,193
050,37,175,"North Carolina","Transylvania County",5,49,356,178,178
050,37,175,"North Carolina","Transylvania County",5,50,370,191,179
050,37,175,"North Carolina","Transylvania County",5,51,373,189,184
050,37,175,"North Carolina","Transylvania County",5,52,394,193,201
050,37,175,"North Carolina","Transylvania County",5,53,392,179,213
050,37,175,"North Carolina","Transylvania County",5,54,357,173,184
050,37,175,"North Carolina","Transylvania County",5,55,382,177,205
050,37,175,"North Carolina","Transylvania County",5,56,397,203,194
050,37,175,"North Carolina","Transylvania County",5,57,410,199,211
050,37,175,"North Carolina","Transylvania County",5,58,479,210,269
050,37,175,"North Carolina","Transylvania County",5,59,484,211,273
050,37,175,"North Carolina","Transylvania County",5,60,517,225,292
050,37,175,"North Carolina","Transylvania County",5,61,580,279,301
050,37,175,"North Carolina","Transylvania County",5,62,574,259,315
050,37,175,"North Carolina","Transylvania County",5,63,529,254,275
050,37,175,"North Carolina","Transylvania County",5,64,563,258,305
050,37,175,"North Carolina","Transylvania County",5,65,621,278,343
050,37,175,"North Carolina","Transylvania County",5,66,605,297,308
050,37,175,"North Carolina","Transylvania County",5,67,605,310,295
050,37,175,"North Carolina","Transylvania County",5,68,637,310,327
050,37,175,"North Carolina","Transylvania County",5,69,617,296,321
050,37,175,"North Carolina","Transylvania County",5,70,570,265,305
050,37,175,"North Carolina","Transylvania County",5,71,599,285,314
050,37,175,"North Carolina","Transylvania County",5,72,515,239,276
050,37,175,"North Carolina","Transylvania County",5,73,495,227,268
050,37,175,"North Carolina","Transylvania County",5,74,517,262,255
050,37,175,"North Carolina","Transylvania County",5,75,516,243,273
050,37,175,"North Carolina","Transylvania County",5,76,582,276,306
050,37,175,"North Carolina","Transylvania County",5,77,401,192,209
050,37,175,"North Carolina","Transylvania County",5,78,368,166,202
050,37,175,"North Carolina","Transylvania County",5,79,386,164,222
050,37,175,"North Carolina","Transylvania County",5,80,400,173,227
050,37,175,"North Carolina","Transylvania County",5,81,344,148,196
050,37,175,"North Carolina","Transylvania County",5,82,258,111,147
050,37,175,"North Carolina","Transylvania County",5,83,254,120,134
050,37,175,"North Carolina","Transylvania County",5,84,243,117,126
050,37,175,"North Carolina","Transylvania County",5,85,1264,558,706
050,37,177,"North Carolina","Tyrrell County",1,0,25,13,12
050,37,177,"North Carolina","Tyrrell County",1,1,37,19,18
050,37,177,"North Carolina","Tyrrell County",1,2,39,23,16
050,37,177,"North Carolina","Tyrrell County",1,3,35,19,16
050,37,177,"North Carolina","Tyrrell County",1,4,36,22,14
050,37,177,"North Carolina","Tyrrell County",1,5,38,18,20
050,37,177,"North Carolina","Tyrrell County",1,6,42,22,20
050,37,177,"North Carolina","Tyrrell County",1,7,30,13,17
050,37,177,"North Carolina","Tyrrell County",1,8,37,17,20
050,37,177,"North Carolina","Tyrrell County",1,9,38,19,19
050,37,177,"North Carolina","Tyrrell County",1,10,39,21,18
050,37,177,"North Carolina","Tyrrell County",1,11,40,19,21
050,37,177,"North Carolina","Tyrrell County",1,12,44,24,20
050,37,177,"North Carolina","Tyrrell County",1,13,45,22,23
050,37,177,"North Carolina","Tyrrell County",1,14,43,24,19
050,37,177,"North Carolina","Tyrrell County",1,15,38,20,18
050,37,177,"North Carolina","Tyrrell County",1,16,37,22,15
050,37,177,"North Carolina","Tyrrell County",1,17,33,20,13
050,37,177,"North Carolina","Tyrrell County",1,18,32,21,11
050,37,177,"North Carolina","Tyrrell County",1,19,25,11,14
050,37,177,"North Carolina","Tyrrell County",1,20,27,10,17
050,37,177,"North Carolina","Tyrrell County",1,21,32,17,15
050,37,177,"North Carolina","Tyrrell County",1,22,24,16,8
050,37,177,"North Carolina","Tyrrell County",1,23,26,13,13
050,37,177,"North Carolina","Tyrrell County",1,24,27,15,12
050,37,177,"North Carolina","Tyrrell County",1,25,24,13,11
050,37,177,"North Carolina","Tyrrell County",1,26,31,14,17
050,37,177,"North Carolina","Tyrrell County",1,27,42,19,23
050,37,177,"North Carolina","Tyrrell County",1,28,33,14,19
050,37,177,"North Carolina","Tyrrell County",1,29,35,19,16
050,37,177,"North Carolina","Tyrrell County",1,30,33,21,12
050,37,177,"North Carolina","Tyrrell County",1,31,37,21,16
050,37,177,"North Carolina","Tyrrell County",1,32,36,19,17
050,37,177,"North Carolina","Tyrrell County",1,33,31,15,16
050,37,177,"North Carolina","Tyrrell County",1,34,29,15,14
050,37,177,"North Carolina","Tyrrell County",1,35,34,18,16
050,37,177,"North Carolina","Tyrrell County",1,36,30,11,19
050,37,177,"North Carolina","Tyrrell County",1,37,32,15,17
050,37,177,"North Carolina","Tyrrell County",1,38,28,14,14
050,37,177,"North Carolina","Tyrrell County",1,39,37,21,16
050,37,177,"North Carolina","Tyrrell County",1,40,41,24,17
050,37,177,"North Carolina","Tyrrell County",1,41,35,22,13
050,37,177,"North Carolina","Tyrrell County",1,42,43,23,20
050,37,177,"North Carolina","Tyrrell County",1,43,27,15,12
050,37,177,"North Carolina","Tyrrell County",1,44,32,15,17
050,37,177,"North Carolina","Tyrrell County",1,45,39,20,19
050,37,177,"North Carolina","Tyrrell County",1,46,28,12,16
050,37,177,"North Carolina","Tyrrell County",1,47,31,13,18
050,37,177,"North Carolina","Tyrrell County",1,48,36,10,26
050,37,177,"North Carolina","Tyrrell County",1,49,33,12,21
050,37,177,"North Carolina","Tyrrell County",1,50,38,17,21
050,37,177,"North Carolina","Tyrrell County",1,51,38,15,23
050,37,177,"North Carolina","Tyrrell County",1,52,34,17,17
050,37,177,"North Carolina","Tyrrell County",1,53,38,24,14
050,37,177,"North Carolina","Tyrrell County",1,54,45,21,24
050,37,177,"North Carolina","Tyrrell County",1,55,51,23,28
050,37,177,"North Carolina","Tyrrell County",1,56,46,22,24
050,37,177,"North Carolina","Tyrrell County",1,57,56,23,33
050,37,177,"North Carolina","Tyrrell County",1,58,50,24,26
050,37,177,"North Carolina","Tyrrell County",1,59,62,31,31
050,37,177,"North Carolina","Tyrrell County",1,60,54,28,26
050,37,177,"North Carolina","Tyrrell County",1,61,54,26,28
050,37,177,"North Carolina","Tyrrell County",1,62,60,30,30
050,37,177,"North Carolina","Tyrrell County",1,63,54,25,29
050,37,177,"North Carolina","Tyrrell County",1,64,53,25,28
050,37,177,"North Carolina","Tyrrell County",1,65,63,30,33
050,37,177,"North Carolina","Tyrrell County",1,66,49,26,23
050,37,177,"North Carolina","Tyrrell County",1,67,44,20,24
050,37,177,"North Carolina","Tyrrell County",1,68,44,25,19
050,37,177,"North Carolina","Tyrrell County",1,69,37,21,16
050,37,177,"North Carolina","Tyrrell County",1,70,44,23,21
050,37,177,"North Carolina","Tyrrell County",1,71,47,22,25
050,37,177,"North Carolina","Tyrrell County",1,72,51,22,29
050,37,177,"North Carolina","Tyrrell County",1,73,46,23,23
050,37,177,"North Carolina","Tyrrell County",1,74,32,15,17
050,37,177,"North Carolina","Tyrrell County",1,75,31,14,17
050,37,177,"North Carolina","Tyrrell County",1,76,26,11,15
050,37,177,"North Carolina","Tyrrell County",1,77,25,10,15
050,37,177,"North Carolina","Tyrrell County",1,78,27,12,15
050,37,177,"North Carolina","Tyrrell County",1,79,26,16,10
050,37,177,"North Carolina","Tyrrell County",1,80,30,17,13
050,37,177,"North Carolina","Tyrrell County",1,81,24,11,13
050,37,177,"North Carolina","Tyrrell County",1,82,21,9,12
050,37,177,"North Carolina","Tyrrell County",1,83,24,7,17
050,37,177,"North Carolina","Tyrrell County",1,84,19,7,12
050,37,177,"North Carolina","Tyrrell County",1,85,100,41,59
050,37,177,"North Carolina","Tyrrell County",2,0,32,18,14
050,37,177,"North Carolina","Tyrrell County",2,1,35,18,17
050,37,177,"North Carolina","Tyrrell County",2,2,39,22,17
050,37,177,"North Carolina","Tyrrell County",2,3,38,21,17
050,37,177,"North Carolina","Tyrrell County",2,4,36,21,15
050,37,177,"North Carolina","Tyrrell County",2,5,36,19,17
050,37,177,"North Carolina","Tyrrell County",2,6,40,20,20
050,37,177,"North Carolina","Tyrrell County",2,7,33,15,18
050,37,177,"North Carolina","Tyrrell County",2,8,35,15,20
050,37,177,"North Carolina","Tyrrell County",2,9,37,18,19
050,37,177,"North Carolina","Tyrrell County",2,10,38,20,18
050,37,177,"North Carolina","Tyrrell County",2,11,39,19,20
050,37,177,"North Carolina","Tyrrell County",2,12,45,24,21
050,37,177,"North Carolina","Tyrrell County",2,13,43,22,21
050,37,177,"North Carolina","Tyrrell County",2,14,44,24,20
050,37,177,"North Carolina","Tyrrell County",2,15,40,21,19
050,37,177,"North Carolina","Tyrrell County",2,16,35,21,14
050,37,177,"North Carolina","Tyrrell County",2,17,34,21,13
050,37,177,"North Carolina","Tyrrell County",2,18,30,19,11
050,37,177,"North Carolina","Tyrrell County",2,19,24,11,13
050,37,177,"North Carolina","Tyrrell County",2,20,28,11,17
050,37,177,"North Carolina","Tyrrell County",2,21,32,17,15
050,37,177,"North Carolina","Tyrrell County",2,22,28,17,11
050,37,177,"North Carolina","Tyrrell County",2,23,26,14,12
050,37,177,"North Carolina","Tyrrell County",2,24,27,15,12
050,37,177,"North Carolina","Tyrrell County",2,25,23,13,10
050,37,177,"North Carolina","Tyrrell County",2,26,30,14,16
050,37,177,"North Carolina","Tyrrell County",2,27,41,19,22
050,37,177,"North Carolina","Tyrrell County",2,28,35,15,20
050,37,177,"North Carolina","Tyrrell County",2,29,34,18,16
050,37,177,"North Carolina","Tyrrell County",2,30,33,20,13
050,37,177,"North Carolina","Tyrrell County",2,31,38,22,16
050,37,177,"North Carolina","Tyrrell County",2,32,35,18,17
050,37,177,"North Carolina","Tyrrell County",2,33,32,16,16
050,37,177,"North Carolina","Tyrrell County",2,34,30,16,14
050,37,177,"North Carolina","Tyrrell County",2,35,32,17,15
050,37,177,"North Carolina","Tyrrell County",2,36,29,11,18
050,37,177,"North Carolina","Tyrrell County",2,37,31,14,17
050,37,177,"North Carolina","Tyrrell County",2,38,28,14,14
050,37,177,"North Carolina","Tyrrell County",2,39,34,20,14
050,37,177,"North Carolina","Tyrrell County",2,40,40,24,16
050,37,177,"North Carolina","Tyrrell County",2,41,37,23,14
050,37,177,"North Carolina","Tyrrell County",2,42,42,22,20
050,37,177,"North Carolina","Tyrrell County",2,43,32,17,15
050,37,177,"North Carolina","Tyrrell County",2,44,31,15,16
050,37,177,"North Carolina","Tyrrell County",2,45,37,19,18
050,37,177,"North Carolina","Tyrrell County",2,46,31,14,17
050,37,177,"North Carolina","Tyrrell County",2,47,30,13,17
050,37,177,"North Carolina","Tyrrell County",2,48,33,10,23
050,37,177,"North Carolina","Tyrrell County",2,49,35,12,23
050,37,177,"North Carolina","Tyrrell County",2,50,38,17,21
050,37,177,"North Carolina","Tyrrell County",2,51,38,15,23
050,37,177,"North Carolina","Tyrrell County",2,52,33,15,18
050,37,177,"North Carolina","Tyrrell County",2,53,36,22,14
050,37,177,"North Carolina","Tyrrell County",2,54,43,21,22
050,37,177,"North Carolina","Tyrrell County",2,55,49,22,27
050,37,177,"North Carolina","Tyrrell County",2,56,45,21,24
050,37,177,"North Carolina","Tyrrell County",2,57,54,23,31
050,37,177,"North Carolina","Tyrrell County",2,58,50,22,28
050,37,177,"North Carolina","Tyrrell County",2,59,60,30,30
050,37,177,"North Carolina","Tyrrell County",2,60,58,30,28
050,37,177,"North Carolina","Tyrrell County",2,61,52,25,27
050,37,177,"North Carolina","Tyrrell County",2,62,58,29,29
050,37,177,"North Carolina","Tyrrell County",2,63,55,26,29
050,37,177,"North Carolina","Tyrrell County",2,64,55,26,29
050,37,177,"North Carolina","Tyrrell County",2,65,60,28,32
050,37,177,"North Carolina","Tyrrell County",2,66,52,26,26
050,37,177,"North Carolina","Tyrrell County",2,67,45,21,24
050,37,177,"North Carolina","Tyrrell County",2,68,44,24,20
050,37,177,"North Carolina","Tyrrell County",2,69,39,22,17
050,37,177,"North Carolina","Tyrrell County",2,70,42,22,20
050,37,177,"North Carolina","Tyrrell County",2,71,46,22,24
050,37,177,"North Carolina","Tyrrell County",2,72,50,22,28
050,37,177,"North Carolina","Tyrrell County",2,73,49,23,26
050,37,177,"North Carolina","Tyrrell County",2,74,33,16,17
050,37,177,"North Carolina","Tyrrell County",2,75,31,14,17
050,37,177,"North Carolina","Tyrrell County",2,76,28,12,16
050,37,177,"North Carolina","Tyrrell County",2,77,25,10,15
050,37,177,"North Carolina","Tyrrell County",2,78,25,11,14
050,37,177,"North Carolina","Tyrrell County",2,79,25,15,10
050,37,177,"North Carolina","Tyrrell County",2,80,28,17,11
050,37,177,"North Carolina","Tyrrell County",2,81,26,13,13
050,37,177,"North Carolina","Tyrrell County",2,82,22,9,13
050,37,177,"North Carolina","Tyrrell County",2,83,22,7,15
050,37,177,"North Carolina","Tyrrell County",2,84,20,7,13
050,37,177,"North Carolina","Tyrrell County",2,85,98,41,57
050,37,177,"North Carolina","Tyrrell County",3,0,30,13,17
050,37,177,"North Carolina","Tyrrell County",3,1,37,23,14
050,37,177,"North Carolina","Tyrrell County",3,2,31,14,17
050,37,177,"North Carolina","Tyrrell County",3,3,39,24,15
050,37,177,"North Carolina","Tyrrell County",3,4,41,22,19
050,37,177,"North Carolina","Tyrrell County",3,5,39,22,17
050,37,177,"North Carolina","Tyrrell County",3,6,37,19,18
050,37,177,"North Carolina","Tyrrell County",3,7,42,20,22
050,37,177,"North Carolina","Tyrrell County",3,8,35,18,17
050,37,177,"North Carolina","Tyrrell County",3,9,37,15,22
050,37,177,"North Carolina","Tyrrell County",3,10,38,19,19
050,37,177,"North Carolina","Tyrrell County",3,11,37,20,17
050,37,177,"North Carolina","Tyrrell County",3,12,38,19,19
050,37,177,"North Carolina","Tyrrell County",3,13,47,24,23
050,37,177,"North Carolina","Tyrrell County",3,14,41,21,20
050,37,177,"North Carolina","Tyrrell County",3,15,42,22,20
050,37,177,"North Carolina","Tyrrell County",3,16,38,19,19
050,37,177,"North Carolina","Tyrrell County",3,17,39,23,16
050,37,177,"North Carolina","Tyrrell County",3,18,34,23,11
050,37,177,"North Carolina","Tyrrell County",3,19,27,20,7
050,37,177,"North Carolina","Tyrrell County",3,20,26,12,14
050,37,177,"North Carolina","Tyrrell County",3,21,35,16,19
050,37,177,"North Carolina","Tyrrell County",3,22,36,22,14
050,37,177,"North Carolina","Tyrrell County",3,23,32,21,11
050,37,177,"North Carolina","Tyrrell County",3,24,30,19,11
050,37,177,"North Carolina","Tyrrell County",3,25,30,17,13
050,37,177,"North Carolina","Tyrrell County",3,26,29,17,12
050,37,177,"North Carolina","Tyrrell County",3,27,33,19,14
050,37,177,"North Carolina","Tyrrell County",3,28,41,21,20
050,37,177,"North Carolina","Tyrrell County",3,29,43,24,19
050,37,177,"North Carolina","Tyrrell County",3,30,34,19,15
050,37,177,"North Carolina","Tyrrell County",3,31,32,21,11
050,37,177,"North Carolina","Tyrrell County",3,32,42,25,17
050,37,177,"North Carolina","Tyrrell County",3,33,39,23,16
050,37,177,"North Carolina","Tyrrell County",3,34,39,23,16
050,37,177,"North Carolina","Tyrrell County",3,35,29,18,11
050,37,177,"North Carolina","Tyrrell County",3,36,34,18,16
050,37,177,"North Carolina","Tyrrell County",3,37,33,15,18
050,37,177,"North Carolina","Tyrrell County",3,38,38,21,17
050,37,177,"North Carolina","Tyrrell County",3,39,30,17,13
050,37,177,"North Carolina","Tyrrell County",3,40,40,25,15
050,37,177,"North Carolina","Tyrrell County",3,41,45,27,18
050,37,177,"North Carolina","Tyrrell County",3,42,44,29,15
050,37,177,"North Carolina","Tyrrell County",3,43,39,19,20
050,37,177,"North Carolina","Tyrrell County",3,44,34,19,15
050,37,177,"North Carolina","Tyrrell County",3,45,33,17,16
050,37,177,"North Carolina","Tyrrell County",3,46,42,24,18
050,37,177,"North Carolina","Tyrrell County",3,47,32,18,14
050,37,177,"North Carolina","Tyrrell County",3,48,39,18,21
050,37,177,"North Carolina","Tyrrell County",3,49,37,12,25
050,37,177,"North Carolina","Tyrrell County",3,50,36,14,22
050,37,177,"North Carolina","Tyrrell County",3,51,40,19,21
050,37,177,"North Carolina","Tyrrell County",3,52,43,18,25
050,37,177,"North Carolina","Tyrrell County",3,53,42,20,22
050,37,177,"North Carolina","Tyrrell County",3,54,37,24,13
050,37,177,"North Carolina","Tyrrell County",3,55,45,23,22
050,37,177,"North Carolina","Tyrrell County",3,56,52,24,28
050,37,177,"North Carolina","Tyrrell County",3,57,45,21,24
050,37,177,"North Carolina","Tyrrell County",3,58,56,23,33
050,37,177,"North Carolina","Tyrrell County",3,59,49,23,26
050,37,177,"North Carolina","Tyrrell County",3,60,62,31,31
050,37,177,"North Carolina","Tyrrell County",3,61,61,32,29
050,37,177,"North Carolina","Tyrrell County",3,62,48,20,28
050,37,177,"North Carolina","Tyrrell County",3,63,61,31,30
050,37,177,"North Carolina","Tyrrell County",3,64,53,24,29
050,37,177,"North Carolina","Tyrrell County",3,65,54,25,29
050,37,177,"North Carolina","Tyrrell County",3,66,62,32,30
050,37,177,"North Carolina","Tyrrell County",3,67,48,24,24
050,37,177,"North Carolina","Tyrrell County",3,68,43,21,22
050,37,177,"North Carolina","Tyrrell County",3,69,42,24,18
050,37,177,"North Carolina","Tyrrell County",3,70,37,21,16
050,37,177,"North Carolina","Tyrrell County",3,71,41,22,19
050,37,177,"North Carolina","Tyrrell County",3,72,44,21,23
050,37,177,"North Carolina","Tyrrell County",3,73,49,21,28
050,37,177,"North Carolina","Tyrrell County",3,74,50,24,26
050,37,177,"North Carolina","Tyrrell County",3,75,34,17,17
050,37,177,"North Carolina","Tyrrell County",3,76,32,15,17
050,37,177,"North Carolina","Tyrrell County",3,77,27,11,16
050,37,177,"North Carolina","Tyrrell County",3,78,24,10,14
050,37,177,"North Carolina","Tyrrell County",3,79,23,10,13
050,37,177,"North Carolina","Tyrrell County",3,80,23,14,9
050,37,177,"North Carolina","Tyrrell County",3,81,28,17,11
050,37,177,"North Carolina","Tyrrell County",3,82,24,12,12
050,37,177,"North Carolina","Tyrrell County",3,83,21,9,12
050,37,177,"North Carolina","Tyrrell County",3,84,20,6,14
050,37,177,"North Carolina","Tyrrell County",3,85,104,43,61
050,37,177,"North Carolina","Tyrrell County",4,0,40,22,18
050,37,177,"North Carolina","Tyrrell County",4,1,31,17,14
050,37,177,"North Carolina","Tyrrell County",4,2,43,26,17
050,37,177,"North Carolina","Tyrrell County",4,3,35,16,19
050,37,177,"North Carolina","Tyrrell County",4,4,40,24,16
050,37,177,"North Carolina","Tyrrell County",4,5,46,28,18
050,37,177,"North Carolina","Tyrrell County",4,6,33,19,14
050,37,177,"North Carolina","Tyrrell County",4,7,34,19,15
050,37,177,"North Carolina","Tyrrell County",4,8,40,19,21
050,37,177,"North Carolina","Tyrrell County",4,9,35,18,17
050,37,177,"North Carolina","Tyrrell County",4,10,36,13,23
050,37,177,"North Carolina","Tyrrell County",4,11,39,22,17
050,37,177,"North Carolina","Tyrrell County",4,12,39,20,19
050,37,177,"North Carolina","Tyrrell County",4,13,39,21,18
050,37,177,"North Carolina","Tyrrell County",4,14,45,24,21
050,37,177,"North Carolina","Tyrrell County",4,15,42,22,20
050,37,177,"North Carolina","Tyrrell County",4,16,40,18,22
050,37,177,"North Carolina","Tyrrell County",4,17,36,19,17
050,37,177,"North Carolina","Tyrrell County",4,18,36,23,13
050,37,177,"North Carolina","Tyrrell County",4,19,31,21,10
050,37,177,"North Carolina","Tyrrell County",4,20,30,22,8
050,37,177,"North Carolina","Tyrrell County",4,21,26,14,12
050,37,177,"North Carolina","Tyrrell County",4,22,41,21,20
050,37,177,"North Carolina","Tyrrell County",4,23,41,27,14
050,37,177,"North Carolina","Tyrrell County",4,24,35,23,12
050,37,177,"North Carolina","Tyrrell County",4,25,25,14,11
050,37,177,"North Carolina","Tyrrell County",4,26,34,20,14
050,37,177,"North Carolina","Tyrrell County",4,27,39,25,14
050,37,177,"North Carolina","Tyrrell County",4,28,33,21,12
050,37,177,"North Carolina","Tyrrell County",4,29,43,22,21
050,37,177,"North Carolina","Tyrrell County",4,30,51,30,21
050,37,177,"North Carolina","Tyrrell County",4,31,43,25,18
050,37,177,"North Carolina","Tyrrell County",4,32,38,25,13
050,37,177,"North Carolina","Tyrrell County",4,33,49,33,16
050,37,177,"North Carolina","Tyrrell County",4,34,38,24,14
050,37,177,"North Carolina","Tyrrell County",4,35,45,28,17
050,37,177,"North Carolina","Tyrrell County",4,36,31,19,12
050,37,177,"North Carolina","Tyrrell County",4,37,40,24,16
050,37,177,"North Carolina","Tyrrell County",4,38,37,19,18
050,37,177,"North Carolina","Tyrrell County",4,39,40,22,18
050,37,177,"North Carolina","Tyrrell County",4,40,32,18,14
050,37,177,"North Carolina","Tyrrell County",4,41,46,27,19
050,37,177,"North Carolina","Tyrrell County",4,42,48,29,19
050,37,177,"North Carolina","Tyrrell County",4,43,44,31,13
050,37,177,"North Carolina","Tyrrell County",4,44,43,21,22
050,37,177,"North Carolina","Tyrrell County",4,45,37,21,16
050,37,177,"North Carolina","Tyrrell County",4,46,35,19,16
050,37,177,"North Carolina","Tyrrell County",4,47,43,25,18
050,37,177,"North Carolina","Tyrrell County",4,48,35,21,14
050,37,177,"North Carolina","Tyrrell County",4,49,44,22,22
050,37,177,"North Carolina","Tyrrell County",4,50,38,13,25
050,37,177,"North Carolina","Tyrrell County",4,51,37,15,22
050,37,177,"North Carolina","Tyrrell County",4,52,40,20,20
050,37,177,"North Carolina","Tyrrell County",4,53,43,17,26
050,37,177,"North Carolina","Tyrrell County",4,54,41,21,20
050,37,177,"North Carolina","Tyrrell County",4,55,37,24,13
050,37,177,"North Carolina","Tyrrell County",4,56,45,23,22
050,37,177,"North Carolina","Tyrrell County",4,57,55,28,27
050,37,177,"North Carolina","Tyrrell County",4,58,43,20,23
050,37,177,"North Carolina","Tyrrell County",4,59,54,25,29
050,37,177,"North Carolina","Tyrrell County",4,60,49,23,26
050,37,177,"North Carolina","Tyrrell County",4,61,61,31,30
050,37,177,"North Carolina","Tyrrell County",4,62,61,33,28
050,37,177,"North Carolina","Tyrrell County",4,63,48,20,28
050,37,177,"North Carolina","Tyrrell County",4,64,55,28,27
050,37,177,"North Carolina","Tyrrell County",4,65,56,25,31
050,37,177,"North Carolina","Tyrrell County",4,66,54,25,29
050,37,177,"North Carolina","Tyrrell County",4,67,62,33,29
050,37,177,"North Carolina","Tyrrell County",4,68,47,23,24
050,37,177,"North Carolina","Tyrrell County",4,69,43,20,23
050,37,177,"North Carolina","Tyrrell County",4,70,41,22,19
050,37,177,"North Carolina","Tyrrell County",4,71,30,17,13
050,37,177,"North Carolina","Tyrrell County",4,72,38,22,16
050,37,177,"North Carolina","Tyrrell County",4,73,48,22,26
050,37,177,"North Carolina","Tyrrell County",4,74,47,21,26
050,37,177,"North Carolina","Tyrrell County",4,75,49,22,27
050,37,177,"North Carolina","Tyrrell County",4,76,34,17,17
050,37,177,"North Carolina","Tyrrell County",4,77,30,13,17
050,37,177,"North Carolina","Tyrrell County",4,78,27,11,16
050,37,177,"North Carolina","Tyrrell County",4,79,19,9,10
050,37,177,"North Carolina","Tyrrell County",4,80,20,8,12
050,37,177,"North Carolina","Tyrrell County",4,81,23,14,9
050,37,177,"North Carolina","Tyrrell County",4,82,26,15,11
050,37,177,"North Carolina","Tyrrell County",4,83,19,9,10
050,37,177,"North Carolina","Tyrrell County",4,84,15,6,9
050,37,177,"North Carolina","Tyrrell County",4,85,112,45,67
050,37,177,"North Carolina","Tyrrell County",5,0,38,22,16
050,37,177,"North Carolina","Tyrrell County",5,1,38,23,15
050,37,177,"North Carolina","Tyrrell County",5,2,25,13,12
050,37,177,"North Carolina","Tyrrell County",5,3,46,30,16
050,37,177,"North Carolina","Tyrrell County",5,4,31,14,17
050,37,177,"North Carolina","Tyrrell County",5,5,44,26,18
050,37,177,"North Carolina","Tyrrell County",5,6,43,23,20
050,37,177,"North Carolina","Tyrrell County",5,7,35,21,14
050,37,177,"North Carolina","Tyrrell County",5,8,37,22,15
050,37,177,"North Carolina","Tyrrell County",5,9,39,17,22
050,37,177,"North Carolina","Tyrrell County",5,10,36,21,15
050,37,177,"North Carolina","Tyrrell County",5,11,32,12,20
050,37,177,"North Carolina","Tyrrell County",5,12,43,24,19
050,37,177,"North Carolina","Tyrrell County",5,13,36,20,16
050,37,177,"North Carolina","Tyrrell County",5,14,38,20,18
050,37,177,"North Carolina","Tyrrell County",5,15,46,23,23
050,37,177,"North Carolina","Tyrrell County",5,16,43,19,24
050,37,177,"North Carolina","Tyrrell County",5,17,39,19,20
050,37,177,"North Carolina","Tyrrell County",5,18,30,17,13
050,37,177,"North Carolina","Tyrrell County",5,19,34,20,14
050,37,177,"North Carolina","Tyrrell County",5,20,31,22,9
050,37,177,"North Carolina","Tyrrell County",5,21,35,25,10
050,37,177,"North Carolina","Tyrrell County",5,22,27,15,12
050,37,177,"North Carolina","Tyrrell County",5,23,39,20,19
050,37,177,"North Carolina","Tyrrell County",5,24,36,25,11
050,37,177,"North Carolina","Tyrrell County",5,25,36,23,13
050,37,177,"North Carolina","Tyrrell County",5,26,26,14,12
050,37,177,"North Carolina","Tyrrell County",5,27,33,18,15
050,37,177,"North Carolina","Tyrrell County",5,28,35,20,15
050,37,177,"North Carolina","Tyrrell County",5,29,34,21,13
050,37,177,"North Carolina","Tyrrell County",5,30,51,24,27
050,37,177,"North Carolina","Tyrrell County",5,31,54,31,23
050,37,177,"North Carolina","Tyrrell County",5,32,45,27,18
050,37,177,"North Carolina","Tyrrell County",5,33,40,25,15
050,37,177,"North Carolina","Tyrrell County",5,34,50,33,17
050,37,177,"North Carolina","Tyrrell County",5,35,39,25,14
050,37,177,"North Carolina","Tyrrell County",5,36,43,27,16
050,37,177,"North Carolina","Tyrrell County",5,37,33,21,12
050,37,177,"North Carolina","Tyrrell County",5,38,36,21,15
050,37,177,"North Carolina","Tyrrell County",5,39,33,17,16
050,37,177,"North Carolina","Tyrrell County",5,40,40,22,18
050,37,177,"North Carolina","Tyrrell County",5,41,30,18,12
050,37,177,"North Carolina","Tyrrell County",5,42,47,27,20
050,37,177,"North Carolina","Tyrrell County",5,43,46,28,18
050,37,177,"North Carolina","Tyrrell County",5,44,42,30,12
050,37,177,"North Carolina","Tyrrell County",5,45,46,22,24
050,37,177,"North Carolina","Tyrrell County",5,46,42,26,16
050,37,177,"North Carolina","Tyrrell County",5,47,34,17,17
050,37,177,"North Carolina","Tyrrell County",5,48,41,23,18
050,37,177,"North Carolina","Tyrrell County",5,49,36,21,15
050,37,177,"North Carolina","Tyrrell County",5,50,42,22,20
050,37,177,"North Carolina","Tyrrell County",5,51,39,14,25
050,37,177,"North Carolina","Tyrrell County",5,52,37,14,23
050,37,177,"North Carolina","Tyrrell County",5,53,40,20,20
050,37,177,"North Carolina","Tyrrell County",5,54,44,18,26
050,37,177,"North Carolina","Tyrrell County",5,55,40,21,19
050,37,177,"North Carolina","Tyrrell County",5,56,37,24,13
050,37,177,"North Carolina","Tyrrell County",5,57,44,22,22
050,37,177,"North Carolina","Tyrrell County",5,58,51,25,26
050,37,177,"North Carolina","Tyrrell County",5,59,43,20,23
050,37,177,"North Carolina","Tyrrell County",5,60,53,24,29
050,37,177,"North Carolina","Tyrrell County",5,61,49,23,26
050,37,177,"North Carolina","Tyrrell County",5,62,60,31,29
050,37,177,"North Carolina","Tyrrell County",5,63,61,33,28
050,37,177,"North Carolina","Tyrrell County",5,64,50,19,31
050,37,177,"North Carolina","Tyrrell County",5,65,56,28,28
050,37,177,"North Carolina","Tyrrell County",5,66,56,23,33
050,37,177,"North Carolina","Tyrrell County",5,67,55,26,29
050,37,177,"North Carolina","Tyrrell County",5,68,61,32,29
050,37,177,"North Carolina","Tyrrell County",5,69,48,22,26
050,37,177,"North Carolina","Tyrrell County",5,70,43,20,23
050,37,177,"North Carolina","Tyrrell County",5,71,40,22,18
050,37,177,"North Carolina","Tyrrell County",5,72,28,16,12
050,37,177,"North Carolina","Tyrrell County",5,73,38,22,16
050,37,177,"North Carolina","Tyrrell County",5,74,45,22,23
050,37,177,"North Carolina","Tyrrell County",5,75,45,20,25
050,37,177,"North Carolina","Tyrrell County",5,76,49,22,27
050,37,177,"North Carolina","Tyrrell County",5,77,33,16,17
050,37,177,"North Carolina","Tyrrell County",5,78,30,13,17
050,37,177,"North Carolina","Tyrrell County",5,79,22,10,12
050,37,177,"North Carolina","Tyrrell County",5,80,16,7,9
050,37,177,"North Carolina","Tyrrell County",5,81,20,8,12
050,37,177,"North Carolina","Tyrrell County",5,82,21,12,9
050,37,177,"North Carolina","Tyrrell County",5,83,24,15,9
050,37,177,"North Carolina","Tyrrell County",5,84,13,6,7
050,37,177,"North Carolina","Tyrrell County",5,85,115,47,68
050,37,179,"North Carolina","Union County",1,0,2280,1174,1106
050,37,179,"North Carolina","Union County",1,1,2446,1278,1168
050,37,179,"North Carolina","Union County",1,2,2643,1341,1302
050,37,179,"North Carolina","Union County",1,3,2715,1351,1364
050,37,179,"North Carolina","Union County",1,4,2966,1557,1409
050,37,179,"North Carolina","Union County",1,5,3122,1604,1518
050,37,179,"North Carolina","Union County",1,6,3155,1588,1567
050,37,179,"North Carolina","Union County",1,7,3283,1686,1597
050,37,179,"North Carolina","Union County",1,8,3430,1733,1697
050,37,179,"North Carolina","Union County",1,9,3510,1790,1720
050,37,179,"North Carolina","Union County",1,10,3809,1927,1882
050,37,179,"North Carolina","Union County",1,11,4048,2091,1957
050,37,179,"North Carolina","Union County",1,12,4141,2114,2027
050,37,179,"North Carolina","Union County",1,13,4295,2210,2085
050,37,179,"North Carolina","Union County",1,14,4331,2206,2125
050,37,179,"North Carolina","Union County",1,15,4308,2177,2131
050,37,179,"North Carolina","Union County",1,16,4427,2242,2185
050,37,179,"North Carolina","Union County",1,17,4322,2282,2040
050,37,179,"North Carolina","Union County",1,18,4048,2091,1957
050,37,179,"North Carolina","Union County",1,19,3618,1856,1762
050,37,179,"North Carolina","Union County",1,20,3155,1651,1504
050,37,179,"North Carolina","Union County",1,21,3026,1588,1438
050,37,179,"North Carolina","Union County",1,22,2925,1439,1486
050,37,179,"North Carolina","Union County",1,23,2704,1374,1330
050,37,179,"North Carolina","Union County",1,24,2493,1285,1208
050,37,179,"North Carolina","Union County",1,25,2312,1169,1143
050,37,179,"North Carolina","Union County",1,26,2251,1137,1114
050,37,179,"North Carolina","Union County",1,27,2258,1115,1143
050,37,179,"North Carolina","Union County",1,28,2133,1050,1083
050,37,179,"North Carolina","Union County",1,29,2188,1067,1121
050,37,179,"North Carolina","Union County",1,30,2214,1084,1130
050,37,179,"North Carolina","Union County",1,31,2306,1138,1168
050,37,179,"North Carolina","Union County",1,32,2348,1140,1208
050,37,179,"North Carolina","Union County",1,33,2386,1157,1229
050,37,179,"North Carolina","Union County",1,34,2497,1226,1271
050,37,179,"North Carolina","Union County",1,35,2613,1284,1329
050,37,179,"North Carolina","Union County",1,36,2766,1315,1451
050,37,179,"North Carolina","Union County",1,37,3020,1408,1612
050,37,179,"North Carolina","Union County",1,38,3087,1439,1648
050,37,179,"North Carolina","Union County",1,39,3144,1491,1653
050,37,179,"North Carolina","Union County",1,40,3413,1626,1787
050,37,179,"North Carolina","Union County",1,41,3407,1614,1793
050,37,179,"North Carolina","Union County",1,42,3421,1629,1792
050,37,179,"North Carolina","Union County",1,43,3537,1749,1788
050,37,179,"North Carolina","Union County",1,44,3569,1749,1820
050,37,179,"North Carolina","Union County",1,45,3583,1745,1838
050,37,179,"North Carolina","Union County",1,46,3611,1780,1831
050,37,179,"North Carolina","Union County",1,47,3736,1893,1843
050,37,179,"North Carolina","Union County",1,48,4100,2088,2012
050,37,179,"North Carolina","Union County",1,49,4410,2238,2172
050,37,179,"North Carolina","Union County",1,50,4105,2069,2036
050,37,179,"North Carolina","Union County",1,51,3876,1963,1913
050,37,179,"North Carolina","Union County",1,52,3680,1890,1790
050,37,179,"North Carolina","Union County",1,53,3647,1855,1792
050,37,179,"North Carolina","Union County",1,54,3485,1826,1659
050,37,179,"North Carolina","Union County",1,55,3443,1774,1669
050,37,179,"North Carolina","Union County",1,56,3491,1816,1675
050,37,179,"North Carolina","Union County",1,57,3249,1692,1557
050,37,179,"North Carolina","Union County",1,58,3098,1560,1538
050,37,179,"North Carolina","Union County",1,59,3057,1555,1502
050,37,179,"North Carolina","Union County",1,60,2929,1493,1436
050,37,179,"North Carolina","Union County",1,61,2778,1435,1343
050,37,179,"North Carolina","Union County",1,62,2590,1281,1309
050,37,179,"North Carolina","Union County",1,63,2433,1210,1223
050,37,179,"North Carolina","Union County",1,64,2285,1133,1152
050,37,179,"North Carolina","Union County",1,65,2230,1073,1157
050,37,179,"North Carolina","Union County",1,66,2124,1012,1112
050,37,179,"North Carolina","Union County",1,67,1988,914,1074
050,37,179,"North Carolina","Union County",1,68,1993,934,1059
050,37,179,"North Carolina","Union County",1,69,1884,889,995
050,37,179,"North Carolina","Union County",1,70,1859,855,1004
050,37,179,"North Carolina","Union County",1,71,1847,814,1033
050,37,179,"North Carolina","Union County",1,72,1858,850,1008
050,37,179,"North Carolina","Union County",1,73,1820,830,990
050,37,179,"North Carolina","Union County",1,74,1280,589,691
050,37,179,"North Carolina","Union County",1,75,1295,592,703
050,37,179,"North Carolina","Union County",1,76,1287,600,687
050,37,179,"North Carolina","Union County",1,77,1233,556,677
050,37,179,"North Carolina","Union County",1,78,1046,461,585
050,37,179,"North Carolina","Union County",1,79,936,410,526
050,37,179,"North Carolina","Union County",1,80,788,356,432
050,37,179,"North Carolina","Union County",1,81,727,327,400
050,37,179,"North Carolina","Union County",1,82,627,256,371
050,37,179,"North Carolina","Union County",1,83,579,243,336
050,37,179,"North Carolina","Union County",1,84,526,213,313
050,37,179,"North Carolina","Union County",1,85,2651,870,1781
050,37,179,"North Carolina","Union County",2,0,2321,1193,1128
050,37,179,"North Carolina","Union County",2,1,2446,1276,1170
050,37,179,"North Carolina","Union County",2,2,2638,1345,1293
050,37,179,"North Carolina","Union County",2,3,2734,1375,1359
050,37,179,"North Carolina","Union County",2,4,2961,1535,1426
050,37,179,"North Carolina","Union County",2,5,3123,1611,1512
050,37,179,"North Carolina","Union County",2,6,3177,1605,1572
050,37,179,"North Carolina","Union County",2,7,3293,1683,1610
050,37,179,"North Carolina","Union County",2,8,3423,1737,1686
050,37,179,"North Carolina","Union County",2,9,3529,1798,1731
050,37,179,"North Carolina","Union County",2,10,3769,1911,1858
050,37,179,"North Carolina","Union County",2,11,4006,2060,1946
050,37,179,"North Carolina","Union County",2,12,4166,2134,2032
050,37,179,"North Carolina","Union County",2,13,4278,2198,2080
050,37,179,"North Carolina","Union County",2,14,4339,2213,2126
050,37,179,"North Carolina","Union County",2,15,4325,2188,2137
050,37,179,"North Carolina","Union County",2,16,4413,2236,2177
050,37,179,"North Carolina","Union County",2,17,4350,2270,2080
050,37,179,"North Carolina","Union County",2,18,4046,2106,1940
050,37,179,"North Carolina","Union County",2,19,3629,1871,1758
050,37,179,"North Carolina","Union County",2,20,3231,1686,1545
050,37,179,"North Carolina","Union County",2,21,3058,1594,1464
050,37,179,"North Carolina","Union County",2,22,2942,1454,1488
050,37,179,"North Carolina","Union County",2,23,2736,1382,1354
050,37,179,"North Carolina","Union County",2,24,2517,1295,1222
050,37,179,"North Carolina","Union County",2,25,2349,1192,1157
050,37,179,"North Carolina","Union County",2,26,2286,1152,1134
050,37,179,"North Carolina","Union County",2,27,2263,1123,1140
050,37,179,"North Carolina","Union County",2,28,2185,1076,1109
050,37,179,"North Carolina","Union County",2,29,2191,1067,1124
050,37,179,"North Carolina","Union County",2,30,2243,1094,1149
050,37,179,"North Carolina","Union County",2,31,2306,1134,1172
050,37,179,"North Carolina","Union County",2,32,2368,1152,1216
050,37,179,"North Carolina","Union County",2,33,2403,1163,1240
050,37,179,"North Carolina","Union County",2,34,2508,1229,1279
050,37,179,"North Carolina","Union County",2,35,2643,1295,1348
050,37,179,"North Carolina","Union County",2,36,2752,1316,1436
050,37,179,"North Carolina","Union County",2,37,3006,1411,1595
050,37,179,"North Carolina","Union County",2,38,3116,1455,1661
050,37,179,"North Carolina","Union County",2,39,3168,1502,1666
050,37,179,"North Carolina","Union County",2,40,3399,1615,1784
050,37,179,"North Carolina","Union County",2,41,3440,1633,1807
050,37,179,"North Carolina","Union County",2,42,3425,1632,1793
050,37,179,"North Carolina","Union County",2,43,3557,1740,1817
050,37,179,"North Carolina","Union County",2,44,3554,1742,1812
050,37,179,"North Carolina","Union County",2,45,3615,1762,1853
050,37,179,"North Carolina","Union County",2,46,3606,1777,1829
050,37,179,"North Carolina","Union County",2,47,3708,1872,1836
050,37,179,"North Carolina","Union County",2,48,4014,2042,1972
050,37,179,"North Carolina","Union County",2,49,4361,2216,2145
050,37,179,"North Carolina","Union County",2,50,4188,2114,2074
050,37,179,"North Carolina","Union County",2,51,3921,1991,1930
050,37,179,"North Carolina","Union County",2,52,3727,1913,1814
050,37,179,"North Carolina","Union County",2,53,3661,1871,1790
050,37,179,"North Carolina","Union County",2,54,3520,1833,1687
050,37,179,"North Carolina","Union County",2,55,3459,1792,1667
050,37,179,"North Carolina","Union County",2,56,3487,1812,1675
050,37,179,"North Carolina","Union County",2,57,3308,1722,1586
050,37,179,"North Carolina","Union County",2,58,3126,1587,1539
050,37,179,"North Carolina","Union County",2,59,3078,1563,1515
050,37,179,"North Carolina","Union County",2,60,2940,1503,1437
050,37,179,"North Carolina","Union County",2,61,2796,1440,1356
050,37,179,"North Carolina","Union County",2,62,2630,1319,1311
050,37,179,"North Carolina","Union County",2,63,2490,1234,1256
050,37,179,"North Carolina","Union County",2,64,2307,1141,1166
050,37,179,"North Carolina","Union County",2,65,2238,1083,1155
050,37,179,"North Carolina","Union County",2,66,2152,1026,1126
050,37,179,"North Carolina","Union County",2,67,2014,936,1078
050,37,179,"North Carolina","Union County",2,68,1981,927,1054
050,37,179,"North Carolina","Union County",2,69,1920,905,1015
050,37,179,"North Carolina","Union County",2,70,1863,861,1002
050,37,179,"North Carolina","Union County",2,71,1850,825,1025
050,37,179,"North Carolina","Union County",2,72,1821,823,998
050,37,179,"North Carolina","Union County",2,73,1911,870,1041
050,37,179,"North Carolina","Union County",2,74,1324,602,722
050,37,179,"North Carolina","Union County",2,75,1293,593,700
050,37,179,"North Carolina","Union County",2,76,1269,590,679
050,37,179,"North Carolina","Union County",2,77,1264,572,692
050,37,179,"North Carolina","Union County",2,78,1073,477,596
050,37,179,"North Carolina","Union County",2,79,952,415,537
050,37,179,"North Carolina","Union County",2,80,816,361,455
050,37,179,"North Carolina","Union County",2,81,729,330,399
050,37,179,"North Carolina","Union County",2,82,646,271,375
050,37,179,"North Carolina","Union County",2,83,581,241,340
050,37,179,"North Carolina","Union County",2,84,539,218,321
050,37,179,"North Carolina","Union County",2,85,2680,888,1792
050,37,179,"North Carolina","Union County",3,0,2375,1312,1063
050,37,179,"North Carolina","Union County",3,1,2477,1279,1198
050,37,179,"North Carolina","Union County",3,2,2586,1342,1244
050,37,179,"North Carolina","Union County",3,3,2857,1462,1395
050,37,179,"North Carolina","Union County",3,4,2884,1432,1452
050,37,179,"North Carolina","Union County",3,5,3147,1628,1519
050,37,179,"North Carolina","Union County",3,6,3242,1667,1575
050,37,179,"North Carolina","Union County",3,7,3349,1690,1659
050,37,179,"North Carolina","Union County",3,8,3418,1751,1667
050,37,179,"North Carolina","Union County",3,9,3568,1818,1750
050,37,179,"North Carolina","Union County",3,10,3689,1876,1813
050,37,179,"North Carolina","Union County",3,11,3903,1997,1906
050,37,179,"North Carolina","Union County",3,12,4143,2133,2010
050,37,179,"North Carolina","Union County",3,13,4301,2198,2103
050,37,179,"North Carolina","Union County",3,14,4392,2254,2138
050,37,179,"North Carolina","Union County",3,15,4443,2283,2160
050,37,179,"North Carolina","Union County",3,16,4357,2183,2174
050,37,179,"North Carolina","Union County",3,17,4446,2266,2180
050,37,179,"North Carolina","Union County",3,18,4191,2201,1990
050,37,179,"North Carolina","Union County",3,19,3602,1899,1703
050,37,179,"North Carolina","Union County",3,20,3362,1770,1592
050,37,179,"North Carolina","Union County",3,21,3246,1692,1554
050,37,179,"North Carolina","Union County",3,22,3075,1557,1518
050,37,179,"North Carolina","Union County",3,23,2743,1389,1354
050,37,179,"North Carolina","Union County",3,24,2630,1350,1280
050,37,179,"North Carolina","Union County",3,25,2367,1201,1166
050,37,179,"North Carolina","Union County",3,26,2337,1187,1150
050,37,179,"North Carolina","Union County",3,27,2352,1186,1166
050,37,179,"North Carolina","Union County",3,28,2293,1112,1181
050,37,179,"North Carolina","Union County",3,29,2238,1089,1149
050,37,179,"North Carolina","Union County",3,30,2277,1109,1168
050,37,179,"North Carolina","Union County",3,31,2378,1150,1228
050,37,179,"North Carolina","Union County",3,32,2464,1224,1240
050,37,179,"North Carolina","Union County",3,33,2525,1224,1301
050,37,179,"North Carolina","Union County",3,34,2547,1234,1313
050,37,179,"North Carolina","Union County",3,35,2694,1319,1375
050,37,179,"North Carolina","Union County",3,36,2805,1361,1444
050,37,179,"North Carolina","Union County",3,37,2881,1372,1509
050,37,179,"North Carolina","Union County",3,38,3191,1510,1681
050,37,179,"North Carolina","Union County",3,39,3310,1582,1728
050,37,179,"North Carolina","Union County",3,40,3314,1545,1769
050,37,179,"North Carolina","Union County",3,41,3601,1721,1880
050,37,179,"North Carolina","Union County",3,42,3556,1698,1858
050,37,179,"North Carolina","Union County",3,43,3543,1686,1857
050,37,179,"North Carolina","Union County",3,44,3688,1817,1871
050,37,179,"North Carolina","Union County",3,45,3683,1796,1887
050,37,179,"North Carolina","Union County",3,46,3664,1796,1868
050,37,179,"North Carolina","Union County",3,47,3669,1833,1836
050,37,179,"North Carolina","Union County",3,48,3755,1892,1863
050,37,179,"North Carolina","Union County",3,49,4044,2077,1967
050,37,179,"North Carolina","Union County",3,50,4441,2270,2171
050,37,179,"North Carolina","Union County",3,51,4199,2106,2093
050,37,179,"North Carolina","Union County",3,52,3887,1981,1906
050,37,179,"North Carolina","Union County",3,53,3685,1883,1802
050,37,179,"North Carolina","Union County",3,54,3644,1870,1774
050,37,179,"North Carolina","Union County",3,55,3494,1819,1675
050,37,179,"North Carolina","Union County",3,56,3441,1791,1650
050,37,179,"North Carolina","Union County",3,57,3460,1800,1660
050,37,179,"North Carolina","Union County",3,58,3238,1678,1560
050,37,179,"North Carolina","Union County",3,59,3083,1564,1519
050,37,179,"North Carolina","Union County",3,60,3048,1540,1508
050,37,179,"North Carolina","Union County",3,61,2915,1484,1431
050,37,179,"North Carolina","Union County",3,62,2806,1439,1367
050,37,179,"North Carolina","Union County",3,63,2616,1284,1332
050,37,179,"North Carolina","Union County",3,64,2470,1223,1247
050,37,179,"North Carolina","Union County",3,65,2289,1150,1139
050,37,179,"North Carolina","Union County",3,66,2243,1068,1175
050,37,179,"North Carolina","Union County",3,67,2116,999,1117
050,37,179,"North Carolina","Union County",3,68,1986,910,1076
050,37,179,"North Carolina","Union County",3,69,1982,914,1068
050,37,179,"North Carolina","Union County",3,70,1890,895,995
050,37,179,"North Carolina","Union County",3,71,1840,841,999
050,37,179,"North Carolina","Union County",3,72,1827,795,1032
050,37,179,"North Carolina","Union County",3,73,1808,803,1005
050,37,179,"North Carolina","Union County",3,74,1892,853,1039
050,37,179,"North Carolina","Union County",3,75,1298,595,703
050,37,179,"North Carolina","Union County",3,76,1264,577,687
050,37,179,"North Carolina","Union County",3,77,1249,570,679
050,37,179,"North Carolina","Union County",3,78,1256,576,680
050,37,179,"North Carolina","Union County",3,79,1027,462,565
050,37,179,"North Carolina","Union County",3,80,897,389,508
050,37,179,"North Carolina","Union County",3,81,777,352,425
050,37,179,"North Carolina","Union County",3,82,677,302,375
050,37,179,"North Carolina","Union County",3,83,590,241,349
050,37,179,"North Carolina","Union County",3,84,544,217,327
050,37,179,"North Carolina","Union County",3,85,2778,949,1829
050,37,179,"North Carolina","Union County",4,0,2538,1353,1185
050,37,179,"North Carolina","Union County",4,1,2518,1362,1156
050,37,179,"North Carolina","Union County",4,2,2640,1359,1281
050,37,179,"North Carolina","Union County",4,3,2759,1428,1331
050,37,179,"North Carolina","Union County",4,4,3062,1581,1481
050,37,179,"North Carolina","Union County",4,5,3094,1557,1537
050,37,179,"North Carolina","Union County",4,6,3345,1749,1596
050,37,179,"North Carolina","Union County",4,7,3375,1744,1631
050,37,179,"North Carolina","Union County",4,8,3514,1763,1751
050,37,179,"North Carolina","Union County",4,9,3539,1818,1721
050,37,179,"North Carolina","Union County",4,10,3732,1900,1832
050,37,179,"North Carolina","Union County",4,11,3805,1930,1875
050,37,179,"North Carolina","Union County",4,12,3993,2051,1942
050,37,179,"North Carolina","Union County",4,13,4214,2146,2068
050,37,179,"North Carolina","Union County",4,14,4411,2267,2144
050,37,179,"North Carolina","Union County",4,15,4475,2299,2176
050,37,179,"North Carolina","Union County",4,16,4437,2282,2155
050,37,179,"North Carolina","Union County",4,17,4411,2204,2207
050,37,179,"North Carolina","Union County",4,18,4228,2181,2047
050,37,179,"North Carolina","Union County",4,19,3719,1943,1776
050,37,179,"North Carolina","Union County",4,20,3290,1772,1518
050,37,179,"North Carolina","Union County",4,21,3394,1765,1629
050,37,179,"North Carolina","Union County",4,22,3232,1639,1593
050,37,179,"North Carolina","Union County",4,23,2928,1514,1414
050,37,179,"North Carolina","Union County",4,24,2572,1301,1271
050,37,179,"North Carolina","Union County",4,25,2460,1270,1190
050,37,179,"North Carolina","Union County",4,26,2376,1204,1172
050,37,179,"North Carolina","Union County",4,27,2363,1203,1160
050,37,179,"North Carolina","Union County",4,28,2403,1220,1183
050,37,179,"North Carolina","Union County",4,29,2406,1164,1242
050,37,179,"North Carolina","Union County",4,30,2371,1154,1217
050,37,179,"North Carolina","Union County",4,31,2429,1185,1244
050,37,179,"North Carolina","Union County",4,32,2548,1227,1321
050,37,179,"North Carolina","Union County",4,33,2626,1283,1343
050,37,179,"North Carolina","Union County",4,34,2743,1328,1415
050,37,179,"North Carolina","Union County",4,35,2735,1335,1400
050,37,179,"North Carolina","Union County",4,36,2882,1399,1483
050,37,179,"North Carolina","Union County",4,37,2999,1471,1528
050,37,179,"North Carolina","Union County",4,38,3078,1487,1591
050,37,179,"North Carolina","Union County",4,39,3373,1588,1785
050,37,179,"North Carolina","Union County",4,40,3495,1650,1845
050,37,179,"North Carolina","Union County",4,41,3517,1660,1857
050,37,179,"North Carolina","Union County",4,42,3701,1762,1939
050,37,179,"North Carolina","Union County",4,43,3710,1781,1929
050,37,179,"North Carolina","Union County",4,44,3592,1723,1869
050,37,179,"North Carolina","Union County",4,45,3767,1871,1896
050,37,179,"North Carolina","Union County",4,46,3765,1840,1925
050,37,179,"North Carolina","Union County",4,47,3723,1823,1900
050,37,179,"North Carolina","Union County",4,48,3674,1850,1824
050,37,179,"North Carolina","Union County",4,49,3816,1931,1885
050,37,179,"North Carolina","Union County",4,50,4064,2082,1982
050,37,179,"North Carolina","Union County",4,51,4439,2275,2164
050,37,179,"North Carolina","Union County",4,52,4149,2066,2083
050,37,179,"North Carolina","Union County",4,53,3853,1974,1879
050,37,179,"North Carolina","Union County",4,54,3655,1867,1788
050,37,179,"North Carolina","Union County",4,55,3590,1844,1746
050,37,179,"North Carolina","Union County",4,56,3475,1813,1662
050,37,179,"North Carolina","Union County",4,57,3420,1768,1652
050,37,179,"North Carolina","Union County",4,58,3419,1766,1653
050,37,179,"North Carolina","Union County",4,59,3226,1670,1556
050,37,179,"North Carolina","Union County",4,60,3083,1560,1523
050,37,179,"North Carolina","Union County",4,61,3041,1525,1516
050,37,179,"North Carolina","Union County",4,62,2823,1429,1394
050,37,179,"North Carolina","Union County",4,63,2816,1437,1379
050,37,179,"North Carolina","Union County",4,64,2591,1286,1305
050,37,179,"North Carolina","Union County",4,65,2466,1232,1234
050,37,179,"North Carolina","Union County",4,66,2292,1129,1163
050,37,179,"North Carolina","Union County",4,67,2224,1051,1173
050,37,179,"North Carolina","Union County",4,68,2103,994,1109
050,37,179,"North Carolina","Union County",4,69,1996,911,1085
050,37,179,"North Carolina","Union County",4,70,1980,915,1065
050,37,179,"North Carolina","Union County",4,71,1888,880,1008
050,37,179,"North Carolina","Union County",4,72,1821,818,1003
050,37,179,"North Carolina","Union County",4,73,1794,777,1017
050,37,179,"North Carolina","Union County",4,74,1769,779,990
050,37,179,"North Carolina","Union County",4,75,1862,850,1012
050,37,179,"North Carolina","Union County",4,76,1270,587,683
050,37,179,"North Carolina","Union County",4,77,1219,552,667
050,37,179,"North Carolina","Union County",4,78,1218,543,675
050,37,179,"North Carolina","Union County",4,79,1163,531,632
050,37,179,"North Carolina","Union County",4,80,966,434,532
050,37,179,"North Carolina","Union County",4,81,849,378,471
050,37,179,"North Carolina","Union County",4,82,736,325,411
050,37,179,"North Carolina","Union County",4,83,645,286,359
050,37,179,"North Carolina","Union County",4,84,575,232,343
050,37,179,"North Carolina","Union County",4,85,2915,1003,1912
050,37,179,"North Carolina","Union County",5,0,2520,1350,1170
050,37,179,"North Carolina","Union County",5,1,2824,1493,1331
050,37,179,"North Carolina","Union County",5,2,2754,1467,1287
050,37,179,"North Carolina","Union County",5,3,2857,1473,1384
050,37,179,"North Carolina","Union County",5,4,2967,1550,1417
050,37,179,"North Carolina","Union County",5,5,3251,1667,1584
050,37,179,"North Carolina","Union County",5,6,3318,1663,1655
050,37,179,"North Carolina","Union County",5,7,3542,1835,1707
050,37,179,"North Carolina","Union County",5,8,3522,1811,1711
050,37,179,"North Carolina","Union County",5,9,3690,1855,1835
050,37,179,"North Carolina","Union County",5,10,3693,1887,1806
050,37,179,"North Carolina","Union County",5,11,3892,1982,1910
050,37,179,"North Carolina","Union County",5,12,3960,1997,1963
050,37,179,"North Carolina","Union County",5,13,4094,2091,2003
050,37,179,"North Carolina","Union County",5,14,4332,2211,2121
050,37,179,"North Carolina","Union County",5,15,4501,2319,2182
050,37,179,"North Carolina","Union County",5,16,4529,2327,2202
050,37,179,"North Carolina","Union County",5,17,4487,2296,2191
050,37,179,"North Carolina","Union County",5,18,4198,2117,2081
050,37,179,"North Carolina","Union County",5,19,3785,1964,1821
050,37,179,"North Carolina","Union County",5,20,3515,1865,1650
050,37,179,"North Carolina","Union County",5,21,3384,1797,1587
050,37,179,"North Carolina","Union County",5,22,3438,1740,1698
050,37,179,"North Carolina","Union County",5,23,3147,1624,1523
050,37,179,"North Carolina","Union County",5,24,2872,1464,1408
050,37,179,"North Carolina","Union County",5,25,2581,1316,1265
050,37,179,"North Carolina","Union County",5,26,2482,1279,1203
050,37,179,"North Carolina","Union County",5,27,2483,1235,1248
050,37,179,"North Carolina","Union County",5,28,2504,1272,1232
050,37,179,"North Carolina","Union County",5,29,2533,1297,1236
050,37,179,"North Carolina","Union County",5,30,2580,1247,1333
050,37,179,"North Carolina","Union County",5,31,2548,1241,1307
050,37,179,"North Carolina","Union County",5,32,2681,1287,1394
050,37,179,"North Carolina","Union County",5,33,2779,1302,1477
050,37,179,"North Carolina","Union County",5,34,2844,1397,1447
050,37,179,"North Carolina","Union County",5,35,2956,1445,1511
050,37,179,"North Carolina","Union County",5,36,2964,1458,1506
050,37,179,"North Carolina","Union County",5,37,3094,1482,1612
050,37,179,"North Carolina","Union County",5,38,3223,1560,1663
050,37,179,"North Carolina","Union County",5,39,3350,1614,1736
050,37,179,"North Carolina","Union County",5,40,3594,1692,1902
050,37,179,"North Carolina","Union County",5,41,3690,1785,1905
050,37,179,"North Carolina","Union County",5,42,3678,1749,1929
050,37,179,"North Carolina","Union County",5,43,3903,1888,2015
050,37,179,"North Carolina","Union County",5,44,3829,1870,1959
050,37,179,"North Carolina","Union County",5,45,3685,1767,1918
050,37,179,"North Carolina","Union County",5,46,3829,1912,1917
050,37,179,"North Carolina","Union County",5,47,3818,1875,1943
050,37,179,"North Carolina","Union County",5,48,3769,1856,1913
050,37,179,"North Carolina","Union County",5,49,3700,1891,1809
050,37,179,"North Carolina","Union County",5,50,3827,1916,1911
050,37,179,"North Carolina","Union County",5,51,4085,2101,1984
050,37,179,"North Carolina","Union County",5,52,4472,2309,2163
050,37,179,"North Carolina","Union County",5,53,4176,2093,2083
050,37,179,"North Carolina","Union County",5,54,3813,1933,1880
050,37,179,"North Carolina","Union County",5,55,3645,1875,1770
050,37,179,"North Carolina","Union County",5,56,3567,1823,1744
050,37,179,"North Carolina","Union County",5,57,3455,1784,1671
050,37,179,"North Carolina","Union County",5,58,3393,1750,1643
050,37,179,"North Carolina","Union County",5,59,3454,1786,1668
050,37,179,"North Carolina","Union County",5,60,3201,1663,1538
050,37,179,"North Carolina","Union County",5,61,3083,1540,1543
050,37,179,"North Carolina","Union County",5,62,3036,1513,1523
050,37,179,"North Carolina","Union County",5,63,2807,1426,1381
050,37,179,"North Carolina","Union County",5,64,2803,1427,1376
050,37,179,"North Carolina","Union County",5,65,2584,1263,1321
050,37,179,"North Carolina","Union County",5,66,2494,1229,1265
050,37,179,"North Carolina","Union County",5,67,2288,1119,1169
050,37,179,"North Carolina","Union County",5,68,2236,1052,1184
050,37,179,"North Carolina","Union County",5,69,2111,986,1125
050,37,179,"North Carolina","Union County",5,70,1986,906,1080
050,37,179,"North Carolina","Union County",5,71,1980,903,1077
050,37,179,"North Carolina","Union County",5,72,1860,848,1012
050,37,179,"North Carolina","Union County",5,73,1794,800,994
050,37,179,"North Carolina","Union County",5,74,1777,778,999
050,37,179,"North Carolina","Union County",5,75,1729,769,960
050,37,179,"North Carolina","Union County",5,76,1830,829,1001
050,37,179,"North Carolina","Union County",5,77,1227,557,670
050,37,179,"North Carolina","Union County",5,78,1184,530,654
050,37,179,"North Carolina","Union County",5,79,1143,503,640
050,37,179,"North Carolina","Union County",5,80,1112,503,609
050,37,179,"North Carolina","Union County",5,81,904,415,489
050,37,179,"North Carolina","Union County",5,82,814,356,458
050,37,179,"North Carolina","Union County",5,83,701,306,395
050,37,179,"North Carolina","Union County",5,84,632,280,352
050,37,179,"North Carolina","Union County",5,85,3080,1084,1996
050,37,181,"North Carolina","Vance County",1,0,526,267,259
050,37,181,"North Carolina","Vance County",1,1,552,262,290
050,37,181,"North Carolina","Vance County",1,2,537,278,259
050,37,181,"North Carolina","Vance County",1,3,536,269,267
050,37,181,"North Carolina","Vance County",1,4,535,274,261
050,37,181,"North Carolina","Vance County",1,5,528,280,248
050,37,181,"North Carolina","Vance County",1,6,559,290,269
050,37,181,"North Carolina","Vance County",1,7,560,292,268
050,37,181,"North Carolina","Vance County",1,8,557,300,257
050,37,181,"North Carolina","Vance County",1,9,553,275,278
050,37,181,"North Carolina","Vance County",1,10,612,308,304
050,37,181,"North Carolina","Vance County",1,11,602,298,304
050,37,181,"North Carolina","Vance County",1,12,618,310,308
050,37,181,"North Carolina","Vance County",1,13,624,322,302
050,37,181,"North Carolina","Vance County",1,14,593,312,281
050,37,181,"North Carolina","Vance County",1,15,562,293,269
050,37,181,"North Carolina","Vance County",1,16,573,295,278
050,37,181,"North Carolina","Vance County",1,17,588,270,318
050,37,181,"North Carolina","Vance County",1,18,530,265,265
050,37,181,"North Carolina","Vance County",1,19,469,238,231
050,37,181,"North Carolina","Vance County",1,20,484,239,245
050,37,181,"North Carolina","Vance County",1,21,488,245,243
050,37,181,"North Carolina","Vance County",1,22,480,248,232
050,37,181,"North Carolina","Vance County",1,23,497,257,240
050,37,181,"North Carolina","Vance County",1,24,527,256,271
050,37,181,"North Carolina","Vance County",1,25,473,227,246
050,37,181,"North Carolina","Vance County",1,26,567,297,270
050,37,181,"North Carolina","Vance County",1,27,595,293,302
050,37,181,"North Carolina","Vance County",1,28,574,260,314
050,37,181,"North Carolina","Vance County",1,29,569,261,308
050,37,181,"North Carolina","Vance County",1,30,544,253,291
050,37,181,"North Carolina","Vance County",1,31,498,242,256
050,37,181,"North Carolina","Vance County",1,32,475,233,242
050,37,181,"North Carolina","Vance County",1,33,484,222,262
050,37,181,"North Carolina","Vance County",1,34,432,203,229
050,37,181,"North Carolina","Vance County",1,35,452,182,270
050,37,181,"North Carolina","Vance County",1,36,446,181,265
050,37,181,"North Carolina","Vance County",1,37,440,199,241
050,37,181,"North Carolina","Vance County",1,38,454,196,258
050,37,181,"North Carolina","Vance County",1,39,492,213,279
050,37,181,"North Carolina","Vance County",1,40,498,241,257
050,37,181,"North Carolina","Vance County",1,41,457,207,250
050,37,181,"North Carolina","Vance County",1,42,456,220,236
050,37,181,"North Carolina","Vance County",1,43,419,190,229
050,37,181,"North Carolina","Vance County",1,44,422,196,226
050,37,181,"North Carolina","Vance County",1,45,442,206,236
050,37,181,"North Carolina","Vance County",1,46,461,208,253
050,37,181,"North Carolina","Vance County",1,47,499,233,266
050,37,181,"North Carolina","Vance County",1,48,542,262,280
050,37,181,"North Carolina","Vance County",1,49,584,276,308
050,37,181,"North Carolina","Vance County",1,50,564,281,283
050,37,181,"North Carolina","Vance County",1,51,547,258,289
050,37,181,"North Carolina","Vance County",1,52,573,269,304
050,37,181,"North Carolina","Vance County",1,53,531,238,293
050,37,181,"North Carolina","Vance County",1,54,549,269,280
050,37,181,"North Carolina","Vance County",1,55,564,265,299
050,37,181,"North Carolina","Vance County",1,56,573,251,322
050,37,181,"North Carolina","Vance County",1,57,608,286,322
050,37,181,"North Carolina","Vance County",1,58,592,276,316
050,37,181,"North Carolina","Vance County",1,59,579,254,325
050,37,181,"North Carolina","Vance County",1,60,547,231,316
050,37,181,"North Carolina","Vance County",1,61,580,261,319
050,37,181,"North Carolina","Vance County",1,62,643,288,355
050,37,181,"North Carolina","Vance County",1,63,584,269,315
050,37,181,"North Carolina","Vance County",1,64,587,269,318
050,37,181,"North Carolina","Vance County",1,65,567,262,305
050,37,181,"North Carolina","Vance County",1,66,553,247,306
050,37,181,"North Carolina","Vance County",1,67,563,248,315
050,37,181,"North Carolina","Vance County",1,68,519,240,279
050,37,181,"North Carolina","Vance County",1,69,474,203,271
050,37,181,"North Carolina","Vance County",1,70,473,222,251
050,37,181,"North Carolina","Vance County",1,71,459,204,255
050,37,181,"North Carolina","Vance County",1,72,442,190,252
050,37,181,"North Carolina","Vance County",1,73,468,222,246
050,37,181,"North Carolina","Vance County",1,74,345,155,190
050,37,181,"North Carolina","Vance County",1,75,310,140,170
050,37,181,"North Carolina","Vance County",1,76,324,141,183
050,37,181,"North Carolina","Vance County",1,77,308,132,176
050,37,181,"North Carolina","Vance County",1,78,246,110,136
050,37,181,"North Carolina","Vance County",1,79,243,104,139
050,37,181,"North Carolina","Vance County",1,80,225,93,132
050,37,181,"North Carolina","Vance County",1,81,178,75,103
050,37,181,"North Carolina","Vance County",1,82,171,76,95
050,37,181,"North Carolina","Vance County",1,83,139,56,83
050,37,181,"North Carolina","Vance County",1,84,149,52,97
050,37,181,"North Carolina","Vance County",1,85,827,227,600
050,37,181,"North Carolina","Vance County",2,0,537,271,266
050,37,181,"North Carolina","Vance County",2,1,547,263,284
050,37,181,"North Carolina","Vance County",2,2,545,275,270
050,37,181,"North Carolina","Vance County",2,3,538,273,265
050,37,181,"North Carolina","Vance County",2,4,540,274,266
050,37,181,"North Carolina","Vance County",2,5,532,279,253
050,37,181,"North Carolina","Vance County",2,6,551,287,264
050,37,181,"North Carolina","Vance County",2,7,553,288,265
050,37,181,"North Carolina","Vance County",2,8,555,296,259
050,37,181,"North Carolina","Vance County",2,9,554,282,272
050,37,181,"North Carolina","Vance County",2,10,594,300,294
050,37,181,"North Carolina","Vance County",2,11,604,300,304
050,37,181,"North Carolina","Vance County",2,12,616,309,307
050,37,181,"North Carolina","Vance County",2,13,624,320,304
050,37,181,"North Carolina","Vance County",2,14,599,314,285
050,37,181,"North Carolina","Vance County",2,15,572,300,272
050,37,181,"North Carolina","Vance County",2,16,573,296,277
050,37,181,"North Carolina","Vance County",2,17,586,277,309
050,37,181,"North Carolina","Vance County",2,18,521,258,263
050,37,181,"North Carolina","Vance County",2,19,470,235,235
050,37,181,"North Carolina","Vance County",2,20,492,244,248
050,37,181,"North Carolina","Vance County",2,21,488,245,243
050,37,181,"North Carolina","Vance County",2,22,485,248,237
050,37,181,"North Carolina","Vance County",2,23,501,257,244
050,37,181,"North Carolina","Vance County",2,24,507,246,261
050,37,181,"North Carolina","Vance County",2,25,485,233,252
050,37,181,"North Carolina","Vance County",2,26,545,279,266
050,37,181,"North Carolina","Vance County",2,27,588,292,296
050,37,181,"North Carolina","Vance County",2,28,585,271,314
050,37,181,"North Carolina","Vance County",2,29,574,261,313
050,37,181,"North Carolina","Vance County",2,30,552,257,295
050,37,181,"North Carolina","Vance County",2,31,507,246,261
050,37,181,"North Carolina","Vance County",2,32,480,233,247
050,37,181,"North Carolina","Vance County",2,33,478,222,256
050,37,181,"North Carolina","Vance County",2,34,445,209,236
050,37,181,"North Carolina","Vance County",2,35,450,188,262
050,37,181,"North Carolina","Vance County",2,36,446,183,263
050,37,181,"North Carolina","Vance County",2,37,440,193,247
050,37,181,"North Carolina","Vance County",2,38,453,197,256
050,37,181,"North Carolina","Vance County",2,39,482,209,273
050,37,181,"North Carolina","Vance County",2,40,503,237,266
050,37,181,"North Carolina","Vance County",2,41,463,213,250
050,37,181,"North Carolina","Vance County",2,42,452,215,237
050,37,181,"North Carolina","Vance County",2,43,429,197,232
050,37,181,"North Carolina","Vance County",2,44,415,195,220
050,37,181,"North Carolina","Vance County",2,45,444,206,238
050,37,181,"North Carolina","Vance County",2,46,454,205,249
050,37,181,"North Carolina","Vance County",2,47,491,228,263
050,37,181,"North Carolina","Vance County",2,48,529,254,275
050,37,181,"North Carolina","Vance County",2,49,574,274,300
050,37,181,"North Carolina","Vance County",2,50,567,279,288
050,37,181,"North Carolina","Vance County",2,51,547,261,286
050,37,181,"North Carolina","Vance County",2,52,566,266,300
050,37,181,"North Carolina","Vance County",2,53,535,242,293
050,37,181,"North Carolina","Vance County",2,54,542,261,281
050,37,181,"North Carolina","Vance County",2,55,558,263,295
050,37,181,"North Carolina","Vance County",2,56,572,256,316
050,37,181,"North Carolina","Vance County",2,57,601,279,322
050,37,181,"North Carolina","Vance County",2,58,598,278,320
050,37,181,"North Carolina","Vance County",2,59,576,255,321
050,37,181,"North Carolina","Vance County",2,60,555,237,318
050,37,181,"North Carolina","Vance County",2,61,571,254,317
050,37,181,"North Carolina","Vance County",2,62,623,280,343
050,37,181,"North Carolina","Vance County",2,63,603,276,327
050,37,181,"North Carolina","Vance County",2,64,584,268,316
050,37,181,"North Carolina","Vance County",2,65,570,264,306
050,37,181,"North Carolina","Vance County",2,66,559,252,307
050,37,181,"North Carolina","Vance County",2,67,556,247,309
050,37,181,"North Carolina","Vance County",2,68,523,237,286
050,37,181,"North Carolina","Vance County",2,69,487,212,275
050,37,181,"North Carolina","Vance County",2,70,471,219,252
050,37,181,"North Carolina","Vance County",2,71,457,205,252
050,37,181,"North Carolina","Vance County",2,72,433,185,248
050,37,181,"North Carolina","Vance County",2,73,475,220,255
050,37,181,"North Carolina","Vance County",2,74,353,162,191
050,37,181,"North Carolina","Vance County",2,75,317,142,175
050,37,181,"North Carolina","Vance County",2,76,315,138,177
050,37,181,"North Carolina","Vance County",2,77,313,135,178
050,37,181,"North Carolina","Vance County",2,78,250,111,139
050,37,181,"North Carolina","Vance County",2,79,235,101,134
050,37,181,"North Carolina","Vance County",2,80,227,95,132
050,37,181,"North Carolina","Vance County",2,81,179,75,104
050,37,181,"North Carolina","Vance County",2,82,167,73,94
050,37,181,"North Carolina","Vance County",2,83,140,58,82
050,37,181,"North Carolina","Vance County",2,84,143,50,93
050,37,181,"North Carolina","Vance County",2,85,824,226,598
050,37,181,"North Carolina","Vance County",3,0,512,262,250
050,37,181,"North Carolina","Vance County",3,1,541,267,274
050,37,181,"North Carolina","Vance County",3,2,546,257,289
050,37,181,"North Carolina","Vance County",3,3,542,264,278
050,37,181,"North Carolina","Vance County",3,4,516,265,251
050,37,181,"North Carolina","Vance County",3,5,516,262,254
050,37,181,"North Carolina","Vance County",3,6,524,278,246
050,37,181,"North Carolina","Vance County",3,7,555,283,272
050,37,181,"North Carolina","Vance County",3,8,540,277,263
050,37,181,"North Carolina","Vance County",3,9,561,302,259
050,37,181,"North Carolina","Vance County",3,10,542,282,260
050,37,181,"North Carolina","Vance County",3,11,591,299,292
050,37,181,"North Carolina","Vance County",3,12,594,287,307
050,37,181,"North Carolina","Vance County",3,13,598,300,298
050,37,181,"North Carolina","Vance County",3,14,635,314,321
050,37,181,"North Carolina","Vance County",3,15,610,319,291
050,37,181,"North Carolina","Vance County",3,16,583,300,283
050,37,181,"North Carolina","Vance County",3,17,573,291,282
050,37,181,"North Carolina","Vance County",3,18,514,248,266
050,37,181,"North Carolina","Vance County",3,19,468,232,236
050,37,181,"North Carolina","Vance County",3,20,497,244,253
050,37,181,"North Carolina","Vance County",3,21,497,251,246
050,37,181,"North Carolina","Vance County",3,22,505,245,260
050,37,181,"North Carolina","Vance County",3,23,516,260,256
050,37,181,"North Carolina","Vance County",3,24,483,253,230
050,37,181,"North Carolina","Vance County",3,25,475,232,243
050,37,181,"North Carolina","Vance County",3,26,480,235,245
050,37,181,"North Carolina","Vance County",3,27,553,276,277
050,37,181,"North Carolina","Vance County",3,28,568,282,286
050,37,181,"North Carolina","Vance County",3,29,563,256,307
050,37,181,"North Carolina","Vance County",3,30,560,254,306
050,37,181,"North Carolina","Vance County",3,31,536,255,281
050,37,181,"North Carolina","Vance County",3,32,511,257,254
050,37,181,"North Carolina","Vance County",3,33,493,236,257
050,37,181,"North Carolina","Vance County",3,34,467,218,249
050,37,181,"North Carolina","Vance County",3,35,440,206,234
050,37,181,"North Carolina","Vance County",3,36,442,189,253
050,37,181,"North Carolina","Vance County",3,37,447,181,266
050,37,181,"North Carolina","Vance County",3,38,438,193,245
050,37,181,"North Carolina","Vance County",3,39,432,181,251
050,37,181,"North Carolina","Vance County",3,40,480,210,270
050,37,181,"North Carolina","Vance County",3,41,481,227,254
050,37,181,"North Carolina","Vance County",3,42,466,215,251
050,37,181,"North Carolina","Vance County",3,43,442,204,238
050,37,181,"North Carolina","Vance County",3,44,434,206,228
050,37,181,"North Carolina","Vance County",3,45,425,202,223
050,37,181,"North Carolina","Vance County",3,46,429,196,233
050,37,181,"North Carolina","Vance County",3,47,460,209,251
050,37,181,"North Carolina","Vance County",3,48,493,227,266
050,37,181,"North Carolina","Vance County",3,49,518,253,265
050,37,181,"North Carolina","Vance County",3,50,566,272,294
050,37,181,"North Carolina","Vance County",3,51,566,274,292
050,37,181,"North Carolina","Vance County",3,52,531,249,282
050,37,181,"North Carolina","Vance County",3,53,556,262,294
050,37,181,"North Carolina","Vance County",3,54,536,246,290
050,37,181,"North Carolina","Vance County",3,55,542,259,283
050,37,181,"North Carolina","Vance County",3,56,545,256,289
050,37,181,"North Carolina","Vance County",3,57,578,259,319
050,37,181,"North Carolina","Vance County",3,58,579,272,307
050,37,181,"North Carolina","Vance County",3,59,588,282,306
050,37,181,"North Carolina","Vance County",3,60,566,249,317
050,37,181,"North Carolina","Vance County",3,61,545,229,316
050,37,181,"North Carolina","Vance County",3,62,563,251,312
050,37,181,"North Carolina","Vance County",3,63,616,280,336
050,37,181,"North Carolina","Vance County",3,64,580,261,319
050,37,181,"North Carolina","Vance County",3,65,569,252,317
050,37,181,"North Carolina","Vance County",3,66,553,255,298
050,37,181,"North Carolina","Vance County",3,67,539,243,296
050,37,181,"North Carolina","Vance County",3,68,537,232,305
050,37,181,"North Carolina","Vance County",3,69,499,223,276
050,37,181,"North Carolina","Vance County",3,70,468,199,269
050,37,181,"North Carolina","Vance County",3,71,454,215,239
050,37,181,"North Carolina","Vance County",3,72,441,195,246
050,37,181,"North Carolina","Vance County",3,73,413,173,240
050,37,181,"North Carolina","Vance County",3,74,459,211,248
050,37,181,"North Carolina","Vance County",3,75,333,150,183
050,37,181,"North Carolina","Vance County",3,76,303,132,171
050,37,181,"North Carolina","Vance County",3,77,298,131,167
050,37,181,"North Carolina","Vance County",3,78,281,121,160
050,37,181,"North Carolina","Vance County",3,79,234,103,131
050,37,181,"North Carolina","Vance County",3,80,221,92,129
050,37,181,"North Carolina","Vance County",3,81,202,85,117
050,37,181,"North Carolina","Vance County",3,82,166,70,96
050,37,181,"North Carolina","Vance County",3,83,153,69,84
050,37,181,"North Carolina","Vance County",3,84,133,55,78
050,37,181,"North Carolina","Vance County",3,85,796,226,570
050,37,181,"North Carolina","Vance County",4,0,539,277,262
050,37,181,"North Carolina","Vance County",4,1,545,279,266
050,37,181,"North Carolina","Vance County",4,2,562,271,291
050,37,181,"North Carolina","Vance County",4,3,543,258,285
050,37,181,"North Carolina","Vance County",4,4,550,266,284
050,37,181,"North Carolina","Vance County",4,5,519,271,248
050,37,181,"North Carolina","Vance County",4,6,525,254,271
050,37,181,"North Carolina","Vance County",4,7,523,275,248
050,37,181,"North Carolina","Vance County",4,8,555,286,269
050,37,181,"North Carolina","Vance County",4,9,538,275,263
050,37,181,"North Carolina","Vance County",4,10,585,320,265
050,37,181,"North Carolina","Vance County",4,11,549,290,259
050,37,181,"North Carolina","Vance County",4,12,586,297,289
050,37,181,"North Carolina","Vance County",4,13,605,300,305
050,37,181,"North Carolina","Vance County",4,14,605,305,300
050,37,181,"North Carolina","Vance County",4,15,625,309,316
050,37,181,"North Carolina","Vance County",4,16,618,324,294
050,37,181,"North Carolina","Vance County",4,17,594,299,295
050,37,181,"North Carolina","Vance County",4,18,504,261,243
050,37,181,"North Carolina","Vance County",4,19,446,216,230
050,37,181,"North Carolina","Vance County",4,20,479,230,249
050,37,181,"North Carolina","Vance County",4,21,515,250,265
050,37,181,"North Carolina","Vance County",4,22,508,248,260
050,37,181,"North Carolina","Vance County",4,23,501,239,262
050,37,181,"North Carolina","Vance County",4,24,502,250,252
050,37,181,"North Carolina","Vance County",4,25,487,251,236
050,37,181,"North Carolina","Vance County",4,26,482,239,243
050,37,181,"North Carolina","Vance County",4,27,480,222,258
050,37,181,"North Carolina","Vance County",4,28,566,276,290
050,37,181,"North Carolina","Vance County",4,29,573,291,282
050,37,181,"North Carolina","Vance County",4,30,559,252,307
050,37,181,"North Carolina","Vance County",4,31,551,247,304
050,37,181,"North Carolina","Vance County",4,32,542,257,285
050,37,181,"North Carolina","Vance County",4,33,525,264,261
050,37,181,"North Carolina","Vance County",4,34,490,229,261
050,37,181,"North Carolina","Vance County",4,35,471,223,248
050,37,181,"North Carolina","Vance County",4,36,449,219,230
050,37,181,"North Carolina","Vance County",4,37,438,186,252
050,37,181,"North Carolina","Vance County",4,38,444,168,276
050,37,181,"North Carolina","Vance County",4,39,429,177,252
050,37,181,"North Carolina","Vance County",4,40,447,189,258
050,37,181,"North Carolina","Vance County",4,41,453,193,260
050,37,181,"North Carolina","Vance County",4,42,481,219,262
050,37,181,"North Carolina","Vance County",4,43,463,208,255
050,37,181,"North Carolina","Vance County",4,44,441,209,232
050,37,181,"North Carolina","Vance County",4,45,417,197,220
050,37,181,"North Carolina","Vance County",4,46,434,205,229
050,37,181,"North Carolina","Vance County",4,47,441,209,232
050,37,181,"North Carolina","Vance County",4,48,454,208,246
050,37,181,"North Carolina","Vance County",4,49,498,225,273
050,37,181,"North Carolina","Vance County",4,50,503,243,260
050,37,181,"North Carolina","Vance County",4,51,561,274,287
050,37,181,"North Carolina","Vance County",4,52,564,270,294
050,37,181,"North Carolina","Vance County",4,53,527,246,281
050,37,181,"North Carolina","Vance County",4,54,561,269,292
050,37,181,"North Carolina","Vance County",4,55,532,238,294
050,37,181,"North Carolina","Vance County",4,56,542,257,285
050,37,181,"North Carolina","Vance County",4,57,544,253,291
050,37,181,"North Carolina","Vance County",4,58,565,255,310
050,37,181,"North Carolina","Vance County",4,59,572,263,309
050,37,181,"North Carolina","Vance County",4,60,580,277,303
050,37,181,"North Carolina","Vance County",4,61,567,255,312
050,37,181,"North Carolina","Vance County",4,62,533,218,315
050,37,181,"North Carolina","Vance County",4,63,556,243,313
050,37,181,"North Carolina","Vance County",4,64,608,273,335
050,37,181,"North Carolina","Vance County",4,65,560,248,312
050,37,181,"North Carolina","Vance County",4,66,550,244,306
050,37,181,"North Carolina","Vance County",4,67,531,239,292
050,37,181,"North Carolina","Vance County",4,68,528,236,292
050,37,181,"North Carolina","Vance County",4,69,522,220,302
050,37,181,"North Carolina","Vance County",4,70,487,216,271
050,37,181,"North Carolina","Vance County",4,71,451,193,258
050,37,181,"North Carolina","Vance County",4,72,438,208,230
050,37,181,"North Carolina","Vance County",4,73,427,182,245
050,37,181,"North Carolina","Vance County",4,74,400,165,235
050,37,181,"North Carolina","Vance County",4,75,445,203,242
050,37,181,"North Carolina","Vance County",4,76,322,143,179
050,37,181,"North Carolina","Vance County",4,77,292,128,164
050,37,181,"North Carolina","Vance County",4,78,277,121,156
050,37,181,"North Carolina","Vance County",4,79,262,108,154
050,37,181,"North Carolina","Vance County",4,80,219,93,126
050,37,181,"North Carolina","Vance County",4,81,209,88,121
050,37,181,"North Carolina","Vance County",4,82,193,82,111
050,37,181,"North Carolina","Vance County",4,83,156,64,92
050,37,181,"North Carolina","Vance County",4,84,143,65,78
050,37,181,"North Carolina","Vance County",4,85,791,236,555
050,37,181,"North Carolina","Vance County",5,0,521,269,252
050,37,181,"North Carolina","Vance County",5,1,557,301,256
050,37,181,"North Carolina","Vance County",5,2,571,282,289
050,37,181,"North Carolina","Vance County",5,3,561,272,289
050,37,181,"North Carolina","Vance County",5,4,530,244,286
050,37,181,"North Carolina","Vance County",5,5,565,269,296
050,37,181,"North Carolina","Vance County",5,6,530,279,251
050,37,181,"North Carolina","Vance County",5,7,515,260,255
050,37,181,"North Carolina","Vance County",5,8,546,285,261
050,37,181,"North Carolina","Vance County",5,9,558,289,269
050,37,181,"North Carolina","Vance County",5,10,548,284,264
050,37,181,"North Carolina","Vance County",5,11,573,308,265
050,37,181,"North Carolina","Vance County",5,12,550,289,261
050,37,181,"North Carolina","Vance County",5,13,604,305,299
050,37,181,"North Carolina","Vance County",5,14,619,299,320
050,37,181,"North Carolina","Vance County",5,15,601,304,297
050,37,181,"North Carolina","Vance County",5,16,629,305,324
050,37,181,"North Carolina","Vance County",5,17,610,316,294
050,37,181,"North Carolina","Vance County",5,18,505,258,247
050,37,181,"North Carolina","Vance County",5,19,447,226,221
050,37,181,"North Carolina","Vance County",5,20,467,215,252
050,37,181,"North Carolina","Vance County",5,21,505,245,260
050,37,181,"North Carolina","Vance County",5,22,551,270,281
050,37,181,"North Carolina","Vance County",5,23,516,251,265
050,37,181,"North Carolina","Vance County",5,24,521,246,275
050,37,181,"North Carolina","Vance County",5,25,498,239,259
050,37,181,"North Carolina","Vance County",5,26,490,251,239
050,37,181,"North Carolina","Vance County",5,27,487,234,253
050,37,181,"North Carolina","Vance County",5,28,492,223,269
050,37,181,"North Carolina","Vance County",5,29,567,272,295
050,37,181,"North Carolina","Vance County",5,30,579,297,282
050,37,181,"North Carolina","Vance County",5,31,555,248,307
050,37,181,"North Carolina","Vance County",5,32,549,244,305
050,37,181,"North Carolina","Vance County",5,33,532,252,280
050,37,181,"North Carolina","Vance County",5,34,524,255,269
050,37,181,"North Carolina","Vance County",5,35,478,218,260
050,37,181,"North Carolina","Vance County",5,36,476,235,241
050,37,181,"North Carolina","Vance County",5,37,437,209,228
050,37,181,"North Carolina","Vance County",5,38,454,184,270
050,37,181,"North Carolina","Vance County",5,39,448,166,282
050,37,181,"North Carolina","Vance County",5,40,430,183,247
050,37,181,"North Carolina","Vance County",5,41,435,181,254
050,37,181,"North Carolina","Vance County",5,42,471,216,255
050,37,181,"North Carolina","Vance County",5,43,466,214,252
050,37,181,"North Carolina","Vance County",5,44,469,208,261
050,37,181,"North Carolina","Vance County",5,45,447,219,228
050,37,181,"North Carolina","Vance County",5,46,408,190,218
050,37,181,"North Carolina","Vance County",5,47,438,202,236
050,37,181,"North Carolina","Vance County",5,48,442,215,227
050,37,181,"North Carolina","Vance County",5,49,466,213,253
050,37,181,"North Carolina","Vance County",5,50,498,227,271
050,37,181,"North Carolina","Vance County",5,51,528,245,283
050,37,181,"North Carolina","Vance County",5,52,558,273,285
050,37,181,"North Carolina","Vance County",5,53,559,260,299
050,37,181,"North Carolina","Vance County",5,54,527,246,281
050,37,181,"North Carolina","Vance County",5,55,565,264,301
050,37,181,"North Carolina","Vance County",5,56,519,232,287
050,37,181,"North Carolina","Vance County",5,57,539,263,276
050,37,181,"North Carolina","Vance County",5,58,530,249,281
050,37,181,"North Carolina","Vance County",5,59,561,240,321
050,37,181,"North Carolina","Vance County",5,60,571,260,311
050,37,181,"North Carolina","Vance County",5,61,574,274,300
050,37,181,"North Carolina","Vance County",5,62,560,246,314
050,37,181,"North Carolina","Vance County",5,63,529,214,315
050,37,181,"North Carolina","Vance County",5,64,557,246,311
050,37,181,"North Carolina","Vance County",5,65,591,267,324
050,37,181,"North Carolina","Vance County",5,66,549,247,302
050,37,181,"North Carolina","Vance County",5,67,538,240,298
050,37,181,"North Carolina","Vance County",5,68,517,234,283
050,37,181,"North Carolina","Vance County",5,69,517,227,290
050,37,181,"North Carolina","Vance County",5,70,511,219,292
050,37,181,"North Carolina","Vance County",5,71,472,211,261
050,37,181,"North Carolina","Vance County",5,72,432,186,246
050,37,181,"North Carolina","Vance County",5,73,429,196,233
050,37,181,"North Carolina","Vance County",5,74,412,176,236
050,37,181,"North Carolina","Vance County",5,75,384,157,227
050,37,181,"North Carolina","Vance County",5,76,441,200,241
050,37,181,"North Carolina","Vance County",5,77,307,137,170
050,37,181,"North Carolina","Vance County",5,78,262,113,149
050,37,181,"North Carolina","Vance County",5,79,258,112,146
050,37,181,"North Carolina","Vance County",5,80,248,99,149
050,37,181,"North Carolina","Vance County",5,81,194,85,109
050,37,181,"North Carolina","Vance County",5,82,200,88,112
050,37,181,"North Carolina","Vance County",5,83,182,75,107
050,37,181,"North Carolina","Vance County",5,84,139,58,81
050,37,181,"North Carolina","Vance County",5,85,805,259,546
050,37,183,"North Carolina","Wake County",1,0,12688,6483,6205
050,37,183,"North Carolina","Wake County",1,1,12872,6570,6302
050,37,183,"North Carolina","Wake County",1,2,13414,6818,6596
050,37,183,"North Carolina","Wake County",1,3,13811,7098,6713
050,37,183,"North Carolina","Wake County",1,4,14321,7283,7038
050,37,183,"North Carolina","Wake County",1,5,14468,7358,7110
050,37,183,"North Carolina","Wake County",1,6,14473,7421,7052
050,37,183,"North Carolina","Wake County",1,7,14502,7378,7124
050,37,183,"North Carolina","Wake County",1,8,14677,7470,7207
050,37,183,"North Carolina","Wake County",1,9,14854,7599,7255
050,37,183,"North Carolina","Wake County",1,10,15724,8075,7649
050,37,183,"North Carolina","Wake County",1,11,16050,8189,7861
050,37,183,"North Carolina","Wake County",1,12,16405,8424,7981
050,37,183,"North Carolina","Wake County",1,13,16600,8468,8132
050,37,183,"North Carolina","Wake County",1,14,16278,8301,7977
050,37,183,"North Carolina","Wake County",1,15,16001,8100,7901
050,37,183,"North Carolina","Wake County",1,16,16143,8199,7944
050,37,183,"North Carolina","Wake County",1,17,15874,8044,7830
050,37,183,"North Carolina","Wake County",1,18,15783,8045,7738
050,37,183,"North Carolina","Wake County",1,19,15420,7871,7549
050,37,183,"North Carolina","Wake County",1,20,13980,7068,6912
050,37,183,"North Carolina","Wake County",1,21,13208,6628,6580
050,37,183,"North Carolina","Wake County",1,22,13230,6485,6745
050,37,183,"North Carolina","Wake County",1,23,14047,6855,7192
050,37,183,"North Carolina","Wake County",1,24,14933,7326,7607
050,37,183,"North Carolina","Wake County",1,25,15288,7516,7772
050,37,183,"North Carolina","Wake County",1,26,15975,7805,8170
050,37,183,"North Carolina","Wake County",1,27,16276,8048,8228
050,37,183,"North Carolina","Wake County",1,28,16359,8087,8272
050,37,183,"North Carolina","Wake County",1,29,16658,8205,8453
050,37,183,"North Carolina","Wake County",1,30,17054,8402,8652
050,37,183,"North Carolina","Wake County",1,31,16908,8278,8630
050,37,183,"North Carolina","Wake County",1,32,16736,8115,8621
050,37,183,"North Carolina","Wake County",1,33,16832,8199,8633
050,37,183,"North Carolina","Wake County",1,34,17015,8330,8685
050,37,183,"North Carolina","Wake County",1,35,16821,8257,8564
050,37,183,"North Carolina","Wake County",1,36,16764,8179,8585
050,37,183,"North Carolina","Wake County",1,37,17429,8600,8829
050,37,183,"North Carolina","Wake County",1,38,17016,8347,8669
050,37,183,"North Carolina","Wake County",1,39,17118,8380,8738
050,37,183,"North Carolina","Wake County",1,40,17194,8342,8852
050,37,183,"North Carolina","Wake County",1,41,17122,8335,8787
050,37,183,"North Carolina","Wake County",1,42,16920,8278,8642
050,37,183,"North Carolina","Wake County",1,43,16563,8109,8454
050,37,183,"North Carolina","Wake County",1,44,16460,8024,8436
050,37,183,"North Carolina","Wake County",1,45,16502,8199,8303
050,37,183,"North Carolina","Wake County",1,46,15945,8018,7927
050,37,183,"North Carolina","Wake County",1,47,16256,8116,8140
050,37,183,"North Carolina","Wake County",1,48,16649,8288,8361
050,37,183,"North Carolina","Wake County",1,49,17615,8791,8824
050,37,183,"North Carolina","Wake County",1,50,16714,8287,8427
050,37,183,"North Carolina","Wake County",1,51,15709,7855,7854
050,37,183,"North Carolina","Wake County",1,52,15033,7561,7472
050,37,183,"North Carolina","Wake County",1,53,14814,7284,7530
050,37,183,"North Carolina","Wake County",1,54,14748,7299,7449
050,37,183,"North Carolina","Wake County",1,55,14697,7221,7476
050,37,183,"North Carolina","Wake County",1,56,14555,7202,7353
050,37,183,"North Carolina","Wake County",1,57,14198,6892,7306
050,37,183,"North Carolina","Wake County",1,58,13918,6760,7158
050,37,183,"North Carolina","Wake County",1,59,13610,6631,6979
050,37,183,"North Carolina","Wake County",1,60,13003,6367,6636
050,37,183,"North Carolina","Wake County",1,61,12369,6023,6346
050,37,183,"North Carolina","Wake County",1,62,11931,5719,6212
050,37,183,"North Carolina","Wake County",1,63,11417,5467,5950
050,37,183,"North Carolina","Wake County",1,64,10911,5140,5771
050,37,183,"North Carolina","Wake County",1,65,10452,4847,5605
050,37,183,"North Carolina","Wake County",1,66,9983,4588,5395
050,37,183,"North Carolina","Wake County",1,67,9574,4367,5207
050,37,183,"North Carolina","Wake County",1,68,9031,4112,4919
050,37,183,"North Carolina","Wake County",1,69,8251,3724,4527
050,37,183,"North Carolina","Wake County",1,70,7999,3532,4467
050,37,183,"North Carolina","Wake County",1,71,7879,3467,4412
050,37,183,"North Carolina","Wake County",1,72,7999,3555,4444
050,37,183,"North Carolina","Wake County",1,73,7986,3617,4369
050,37,183,"North Carolina","Wake County",1,74,5619,2538,3081
050,37,183,"North Carolina","Wake County",1,75,5333,2410,2923
050,37,183,"North Carolina","Wake County",1,76,5158,2330,2828
050,37,183,"North Carolina","Wake County",1,77,4961,2278,2683
050,37,183,"North Carolina","Wake County",1,78,4095,1852,2243
050,37,183,"North Carolina","Wake County",1,79,3571,1541,2030
050,37,183,"North Carolina","Wake County",1,80,3175,1334,1841
050,37,183,"North Carolina","Wake County",1,81,2995,1216,1779
050,37,183,"North Carolina","Wake County",1,82,2718,1115,1603
050,37,183,"North Carolina","Wake County",1,83,2421,1008,1413
050,37,183,"North Carolina","Wake County",1,84,2273,928,1345
050,37,183,"North Carolina","Wake County",1,85,13021,4448,8573
050,37,183,"North Carolina","Wake County",2,0,12609,6454,6155
050,37,183,"North Carolina","Wake County",2,1,12864,6562,6302
050,37,183,"North Carolina","Wake County",2,2,13363,6793,6570
050,37,183,"North Carolina","Wake County",2,3,13754,7045,6709
050,37,183,"North Carolina","Wake County",2,4,14276,7278,6998
050,37,183,"North Carolina","Wake County",2,5,14499,7371,7128
050,37,183,"North Carolina","Wake County",2,6,14540,7438,7102
050,37,183,"North Carolina","Wake County",2,7,14525,7407,7118
050,37,183,"North Carolina","Wake County",2,8,14636,7443,7193
050,37,183,"North Carolina","Wake County",2,9,14841,7593,7248
050,37,183,"North Carolina","Wake County",2,10,15548,7980,7568
050,37,183,"North Carolina","Wake County",2,11,15949,8142,7807
050,37,183,"North Carolina","Wake County",2,12,16422,8426,7996
050,37,183,"North Carolina","Wake County",2,13,16556,8469,8087
050,37,183,"North Carolina","Wake County",2,14,16382,8351,8031
050,37,183,"North Carolina","Wake County",2,15,16097,8160,7937
050,37,183,"North Carolina","Wake County",2,16,16156,8202,7954
050,37,183,"North Carolina","Wake County",2,17,15948,8090,7858
050,37,183,"North Carolina","Wake County",2,18,15046,7705,7341
050,37,183,"North Carolina","Wake County",2,19,14177,7256,6921
050,37,183,"North Carolina","Wake County",2,20,13421,6789,6632
050,37,183,"North Carolina","Wake County",2,21,12877,6452,6425
050,37,183,"North Carolina","Wake County",2,22,13210,6483,6727
050,37,183,"North Carolina","Wake County",2,23,14023,6816,7207
050,37,183,"North Carolina","Wake County",2,24,14815,7252,7563
050,37,183,"North Carolina","Wake County",2,25,15314,7520,7794
050,37,183,"North Carolina","Wake County",2,26,15945,7809,8136
050,37,183,"North Carolina","Wake County",2,27,16297,8056,8241
050,37,183,"North Carolina","Wake County",2,28,16416,8133,8283
050,37,183,"North Carolina","Wake County",2,29,16679,8216,8463
050,37,183,"North Carolina","Wake County",2,30,17131,8436,8695
050,37,183,"North Carolina","Wake County",2,31,16991,8329,8662
050,37,183,"North Carolina","Wake County",2,32,16855,8201,8654
050,37,183,"North Carolina","Wake County",2,33,16855,8207,8648
050,37,183,"North Carolina","Wake County",2,34,17048,8329,8719
050,37,183,"North Carolina","Wake County",2,35,17007,8343,8664
050,37,183,"North Carolina","Wake County",2,36,16765,8197,8568
050,37,183,"North Carolina","Wake County",2,37,17381,8561,8820
050,37,183,"North Carolina","Wake County",2,38,17269,8483,8786
050,37,183,"North Carolina","Wake County",2,39,17088,8361,8727
050,37,183,"North Carolina","Wake County",2,40,17369,8465,8904
050,37,183,"North Carolina","Wake County",2,41,17178,8350,8828
050,37,183,"North Carolina","Wake County",2,42,16920,8280,8640
050,37,183,"North Carolina","Wake County",2,43,16816,8232,8584
050,37,183,"North Carolina","Wake County",2,44,16386,8004,8382
050,37,183,"North Carolina","Wake County",2,45,16570,8189,8381
050,37,183,"North Carolina","Wake County",2,46,16067,8062,8005
050,37,183,"North Carolina","Wake County",2,47,16166,8089,8077
050,37,183,"North Carolina","Wake County",2,48,16571,8241,8330
050,37,183,"North Carolina","Wake County",2,49,17465,8711,8754
050,37,183,"North Carolina","Wake County",2,50,16996,8458,8538
050,37,183,"North Carolina","Wake County",2,51,15874,7919,7955
050,37,183,"North Carolina","Wake County",2,52,15186,7633,7553
050,37,183,"North Carolina","Wake County",2,53,14857,7353,7504
050,37,183,"North Carolina","Wake County",2,54,14737,7296,7441
050,37,183,"North Carolina","Wake County",2,55,14693,7225,7468
050,37,183,"North Carolina","Wake County",2,56,14602,7212,7390
050,37,183,"North Carolina","Wake County",2,57,14285,6960,7325
050,37,183,"North Carolina","Wake County",2,58,13979,6791,7188
050,37,183,"North Carolina","Wake County",2,59,13721,6679,7042
050,37,183,"North Carolina","Wake County",2,60,13107,6409,6698
050,37,183,"North Carolina","Wake County",2,61,12479,6075,6404
050,37,183,"North Carolina","Wake County",2,62,11997,5773,6224
050,37,183,"North Carolina","Wake County",2,63,11607,5547,6060
050,37,183,"North Carolina","Wake County",2,64,10970,5182,5788
050,37,183,"North Carolina","Wake County",2,65,10530,4894,5636
050,37,183,"North Carolina","Wake County",2,66,10107,4651,5456
050,37,183,"North Carolina","Wake County",2,67,9626,4391,5235
050,37,183,"North Carolina","Wake County",2,68,9112,4153,4959
050,37,183,"North Carolina","Wake County",2,69,8474,3822,4652
050,37,183,"North Carolina","Wake County",2,70,8035,3561,4474
050,37,183,"North Carolina","Wake County",2,71,7906,3473,4433
050,37,183,"North Carolina","Wake County",2,72,7856,3478,4378
050,37,183,"North Carolina","Wake County",2,73,8330,3754,4576
050,37,183,"North Carolina","Wake County",2,74,5843,2640,3203
050,37,183,"North Carolina","Wake County",2,75,5400,2432,2968
050,37,183,"North Carolina","Wake County",2,76,5160,2336,2824
050,37,183,"North Carolina","Wake County",2,77,5095,2326,2769
050,37,183,"North Carolina","Wake County",2,78,4228,1918,2310
050,37,183,"North Carolina","Wake County",2,79,3668,1595,2073
050,37,183,"North Carolina","Wake County",2,80,3260,1378,1882
050,37,183,"North Carolina","Wake County",2,81,2997,1219,1778
050,37,183,"North Carolina","Wake County",2,82,2768,1124,1644
050,37,183,"North Carolina","Wake County",2,83,2435,1000,1435
050,37,183,"North Carolina","Wake County",2,84,2286,937,1349
050,37,183,"North Carolina","Wake County",2,85,13194,4537,8657
050,37,183,"North Carolina","Wake County",3,0,12726,6529,6197
050,37,183,"North Carolina","Wake County",3,1,12821,6522,6299
050,37,183,"North Carolina","Wake County",3,2,13099,6663,6436
050,37,183,"North Carolina","Wake County",3,3,13648,6943,6705
050,37,183,"North Carolina","Wake County",3,4,14095,7277,6818
050,37,183,"North Carolina","Wake County",3,5,14528,7404,7124
050,37,183,"North Carolina","Wake County",3,6,14766,7511,7255
050,37,183,"North Carolina","Wake County",3,7,14683,7454,7229
050,37,183,"North Carolina","Wake County",3,8,14620,7482,7138
050,37,183,"North Carolina","Wake County",3,9,14828,7564,7264
050,37,183,"North Carolina","Wake County",3,10,15056,7699,7357
050,37,183,"North Carolina","Wake County",3,11,15700,8040,7660
050,37,183,"North Carolina","Wake County",3,12,16150,8292,7858
050,37,183,"North Carolina","Wake County",3,13,16563,8477,8086
050,37,183,"North Carolina","Wake County",3,14,16570,8466,8104
050,37,183,"North Carolina","Wake County",3,15,16460,8388,8072
050,37,183,"North Carolina","Wake County",3,16,16191,8184,8007
050,37,183,"North Carolina","Wake County",3,17,16185,8230,7955
050,37,183,"North Carolina","Wake County",3,18,16024,8110,7914
050,37,183,"North Carolina","Wake County",3,19,15527,7917,7610
050,37,183,"North Carolina","Wake County",3,20,14642,7395,7247
050,37,183,"North Carolina","Wake County",3,21,13785,6891,6894
050,37,183,"North Carolina","Wake County",3,22,13614,6712,6902
050,37,183,"North Carolina","Wake County",3,23,14493,7027,7466
050,37,183,"North Carolina","Wake County",3,24,15246,7428,7818
050,37,183,"North Carolina","Wake County",3,25,15595,7564,8031
050,37,183,"North Carolina","Wake County",3,26,15941,7811,8130
050,37,183,"North Carolina","Wake County",3,27,16404,8073,8331
050,37,183,"North Carolina","Wake County",3,28,16728,8298,8430
050,37,183,"North Carolina","Wake County",3,29,16866,8304,8562
050,37,183,"North Carolina","Wake County",3,30,17057,8366,8691
050,37,183,"North Carolina","Wake County",3,31,17468,8614,8854
050,37,183,"North Carolina","Wake County",3,32,17417,8565,8852
050,37,183,"North Carolina","Wake County",3,33,17344,8433,8911
050,37,183,"North Carolina","Wake County",3,34,17254,8368,8886
050,37,183,"North Carolina","Wake County",3,35,17219,8414,8805
050,37,183,"North Carolina","Wake County",3,36,17373,8574,8799
050,37,183,"North Carolina","Wake County",3,37,17058,8369,8689
050,37,183,"North Carolina","Wake County",3,38,17615,8645,8970
050,37,183,"North Carolina","Wake County",3,39,17503,8560,8943
050,37,183,"North Carolina","Wake County",3,40,17285,8517,8768
050,37,183,"North Carolina","Wake County",3,41,17639,8614,9025
050,37,183,"North Carolina","Wake County",3,42,17186,8349,8837
050,37,183,"North Carolina","Wake County",3,43,17119,8368,8751
050,37,183,"North Carolina","Wake County",3,44,16877,8204,8673
050,37,183,"North Carolina","Wake County",3,45,16425,7988,8437
050,37,183,"North Carolina","Wake County",3,46,16585,8199,8386
050,37,183,"North Carolina","Wake County",3,47,16191,8177,8014
050,37,183,"North Carolina","Wake County",3,48,16075,8021,8054
050,37,183,"North Carolina","Wake County",3,49,16558,8247,8311
050,37,183,"North Carolina","Wake County",3,50,17490,8738,8752
050,37,183,"North Carolina","Wake County",3,51,16875,8406,8469
050,37,183,"North Carolina","Wake County",3,52,15855,7917,7938
050,37,183,"North Carolina","Wake County",3,53,15161,7612,7549
050,37,183,"North Carolina","Wake County",3,54,14788,7336,7452
050,37,183,"North Carolina","Wake County",3,55,14600,7226,7374
050,37,183,"North Carolina","Wake County",3,56,14570,7185,7385
050,37,183,"North Carolina","Wake County",3,57,14457,7159,7298
050,37,183,"North Carolina","Wake County",3,58,14208,6892,7316
050,37,183,"North Carolina","Wake County",3,59,13871,6727,7144
050,37,183,"North Carolina","Wake County",3,60,13566,6604,6962
050,37,183,"North Carolina","Wake County",3,61,12933,6312,6621
050,37,183,"North Carolina","Wake County",3,62,12350,5955,6395
050,37,183,"North Carolina","Wake County",3,63,11887,5693,6194
050,37,183,"North Carolina","Wake County",3,64,11480,5459,6021
050,37,183,"North Carolina","Wake County",3,65,10855,5096,5759
050,37,183,"North Carolina","Wake County",3,66,10463,4858,5605
050,37,183,"North Carolina","Wake County",3,67,10037,4608,5429
050,37,183,"North Carolina","Wake County",3,68,9559,4309,5250
050,37,183,"North Carolina","Wake County",3,69,9092,4119,4973
050,37,183,"North Carolina","Wake County",3,70,8429,3800,4629
050,37,183,"North Carolina","Wake County",3,71,7985,3519,4466
050,37,183,"North Carolina","Wake County",3,72,7820,3407,4413
050,37,183,"North Carolina","Wake County",3,73,7763,3410,4353
050,37,183,"North Carolina","Wake County",3,74,8233,3677,4556
050,37,183,"North Carolina","Wake County",3,75,5794,2596,3198
050,37,183,"North Carolina","Wake County",3,76,5349,2409,2940
050,37,183,"North Carolina","Wake County",3,77,5028,2264,2764
050,37,183,"North Carolina","Wake County",3,78,4976,2233,2743
050,37,183,"North Carolina","Wake County",3,79,4106,1843,2263
050,37,183,"North Carolina","Wake County",3,80,3528,1529,1999
050,37,183,"North Carolina","Wake County",3,81,3187,1332,1855
050,37,183,"North Carolina","Wake County",3,82,2890,1153,1737
050,37,183,"North Carolina","Wake County",3,83,2587,1044,1543
050,37,183,"North Carolina","Wake County",3,84,2272,918,1354
050,37,183,"North Carolina","Wake County",3,85,13455,4734,8721
050,37,183,"North Carolina","Wake County",4,0,13262,6731,6531
050,37,183,"North Carolina","Wake County",4,1,13067,6686,6381
050,37,183,"North Carolina","Wake County",4,2,13263,6764,6499
050,37,183,"North Carolina","Wake County",4,3,13534,6909,6625
050,37,183,"North Carolina","Wake County",4,4,14119,7199,6920
050,37,183,"North Carolina","Wake County",4,5,14431,7432,6999
050,37,183,"North Carolina","Wake County",4,6,14844,7560,7284
050,37,183,"North Carolina","Wake County",4,7,15083,7674,7409
050,37,183,"North Carolina","Wake County",4,8,14921,7563,7358
050,37,183,"North Carolina","Wake County",4,9,14880,7645,7235
050,37,183,"North Carolina","Wake County",4,10,15056,7684,7372
050,37,183,"North Carolina","Wake County",4,11,15210,7768,7442
050,37,183,"North Carolina","Wake County",4,12,15972,8204,7768
050,37,183,"North Carolina","Wake County",4,13,16332,8311,8021
050,37,183,"North Carolina","Wake County",4,14,16722,8564,8158
050,37,183,"North Carolina","Wake County",4,15,16719,8495,8224
050,37,183,"North Carolina","Wake County",4,16,16625,8439,8186
050,37,183,"North Carolina","Wake County",4,17,16270,8250,8020
050,37,183,"North Carolina","Wake County",4,18,15375,7909,7466
050,37,183,"North Carolina","Wake County",4,19,14139,7194,6945
050,37,183,"North Carolina","Wake County",4,20,13860,7071,6789
050,37,183,"North Carolina","Wake County",4,21,13746,6890,6856
050,37,183,"North Carolina","Wake County",4,22,13951,6857,7094
050,37,183,"North Carolina","Wake County",4,23,14765,7215,7550
050,37,183,"North Carolina","Wake County",4,24,15477,7480,7997
050,37,183,"North Carolina","Wake County",4,25,15698,7623,8075
050,37,183,"North Carolina","Wake County",4,26,16169,7874,8295
050,37,183,"North Carolina","Wake County",4,27,16595,8118,8477
050,37,183,"North Carolina","Wake County",4,28,16912,8403,8509
050,37,183,"North Carolina","Wake County",4,29,17020,8413,8607
050,37,183,"North Carolina","Wake County",4,30,17105,8405,8700
050,37,183,"North Carolina","Wake County",4,31,17633,8616,9017
050,37,183,"North Carolina","Wake County",4,32,18330,9075,9255
050,37,183,"North Carolina","Wake County",4,33,17926,8812,9114
050,37,183,"North Carolina","Wake County",4,34,17872,8682,9190
050,37,183,"North Carolina","Wake County",4,35,17574,8574,9000
050,37,183,"North Carolina","Wake County",4,36,17709,8670,9039
050,37,183,"North Carolina","Wake County",4,37,17986,8943,9043
050,37,183,"North Carolina","Wake County",4,38,17366,8489,8877
050,37,183,"North Carolina","Wake County",4,39,17979,8810,9169
050,37,183,"North Carolina","Wake County",4,40,17848,8778,9070
050,37,183,"North Carolina","Wake County",4,41,17628,8690,8938
050,37,183,"North Carolina","Wake County",4,42,17785,8692,9093
050,37,183,"North Carolina","Wake County",4,43,17500,8530,8970
050,37,183,"North Carolina","Wake County",4,44,17284,8429,8855
050,37,183,"North Carolina","Wake County",4,45,16873,8170,8703
050,37,183,"North Carolina","Wake County",4,46,16540,8032,8508
050,37,183,"North Carolina","Wake County",4,47,16679,8316,8363
050,37,183,"North Carolina","Wake County",4,48,16173,8165,8008
050,37,183,"North Carolina","Wake County",4,49,16060,7969,8091
050,37,183,"North Carolina","Wake County",4,50,16633,8347,8286
050,37,183,"North Carolina","Wake County",4,51,17465,8740,8725
050,37,183,"North Carolina","Wake County",4,52,16842,8402,8440
050,37,183,"North Carolina","Wake County",4,53,15748,7848,7900
050,37,183,"North Carolina","Wake County",4,54,15020,7528,7492
050,37,183,"North Carolina","Wake County",4,55,14683,7234,7449
050,37,183,"North Carolina","Wake County",4,56,14482,7149,7333
050,37,183,"North Carolina","Wake County",4,57,14478,7130,7348
050,37,183,"North Carolina","Wake County",4,58,14265,7064,7201
050,37,183,"North Carolina","Wake County",4,59,14094,6854,7240
050,37,183,"North Carolina","Wake County",4,60,13712,6637,7075
050,37,183,"North Carolina","Wake County",4,61,13366,6459,6907
050,37,183,"North Carolina","Wake County",4,62,12810,6216,6594
050,37,183,"North Carolina","Wake County",4,63,12233,5871,6362
050,37,183,"North Carolina","Wake County",4,64,11792,5599,6193
050,37,183,"North Carolina","Wake County",4,65,11341,5333,6008
050,37,183,"North Carolina","Wake County",4,66,10747,5031,5716
050,37,183,"North Carolina","Wake County",4,67,10378,4811,5567
050,37,183,"North Carolina","Wake County",4,68,9945,4525,5420
050,37,183,"North Carolina","Wake County",4,69,9531,4283,5248
050,37,183,"North Carolina","Wake County",4,70,9024,4050,4974
050,37,183,"North Carolina","Wake County",4,71,8421,3757,4664
050,37,183,"North Carolina","Wake County",4,72,7884,3479,4405
050,37,183,"North Carolina","Wake County",4,73,7802,3364,4438
050,37,183,"North Carolina","Wake County",4,74,7672,3341,4331
050,37,183,"North Carolina","Wake County",4,75,8133,3600,4533
050,37,183,"North Carolina","Wake County",4,76,5732,2568,3164
050,37,183,"North Carolina","Wake County",4,77,5248,2350,2898
050,37,183,"North Carolina","Wake County",4,78,4926,2189,2737
050,37,183,"North Carolina","Wake County",4,79,4861,2156,2705
050,37,183,"North Carolina","Wake County",4,80,3985,1763,2222
050,37,183,"North Carolina","Wake County",4,81,3464,1479,1985
050,37,183,"North Carolina","Wake County",4,82,3077,1283,1794
050,37,183,"North Carolina","Wake County",4,83,2746,1091,1655
050,37,183,"North Carolina","Wake County",4,84,2450,968,1482
050,37,183,"North Carolina","Wake County",4,85,13921,4991,8930
050,37,183,"North Carolina","Wake County",5,0,13231,6709,6522
050,37,183,"North Carolina","Wake County",5,1,13543,6786,6757
050,37,183,"North Carolina","Wake County",5,2,13479,6888,6591
050,37,183,"North Carolina","Wake County",5,3,13572,6975,6597
050,37,183,"North Carolina","Wake County",5,4,13889,7069,6820
050,37,183,"North Carolina","Wake County",5,5,14458,7387,7071
050,37,183,"North Carolina","Wake County",5,6,14749,7621,7128
050,37,183,"North Carolina","Wake County",5,7,15140,7689,7451
050,37,183,"North Carolina","Wake County",5,8,15291,7738,7553
050,37,183,"North Carolina","Wake County",5,9,15148,7711,7437
050,37,183,"North Carolina","Wake County",5,10,14996,7705,7291
050,37,183,"North Carolina","Wake County",5,11,15157,7728,7429
050,37,183,"North Carolina","Wake County",5,12,15278,7818,7460
050,37,183,"North Carolina","Wake County",5,13,16181,8269,7912
050,37,183,"North Carolina","Wake County",5,14,16426,8375,8051
050,37,183,"North Carolina","Wake County",5,15,16785,8585,8200
050,37,183,"North Carolina","Wake County",5,16,16779,8496,8283
050,37,183,"North Carolina","Wake County",5,17,16635,8471,8164
050,37,183,"North Carolina","Wake County",5,18,15400,7900,7500
050,37,183,"North Carolina","Wake County",5,19,14334,7360,6974
050,37,183,"North Carolina","Wake County",5,20,14024,7051,6973
050,37,183,"North Carolina","Wake County",5,21,13860,7014,6846
050,37,183,"North Carolina","Wake County",5,22,14333,7090,7243
050,37,183,"North Carolina","Wake County",5,23,15218,7357,7861
050,37,183,"North Carolina","Wake County",5,24,15896,7784,8112
050,37,183,"North Carolina","Wake County",5,25,16189,7835,8354
050,37,183,"North Carolina","Wake County",5,26,16085,7823,8262
050,37,183,"North Carolina","Wake County",5,27,16621,8159,8462
050,37,183,"North Carolina","Wake County",5,28,16883,8258,8625
050,37,183,"North Carolina","Wake County",5,29,17239,8551,8688
050,37,183,"North Carolina","Wake County",5,30,17333,8548,8785
050,37,183,"North Carolina","Wake County",5,31,17704,8715,8989
050,37,183,"North Carolina","Wake County",5,32,18222,8943,9279
050,37,183,"North Carolina","Wake County",5,33,18764,9288,9476
050,37,183,"North Carolina","Wake County",5,34,18378,9058,9320
050,37,183,"North Carolina","Wake County",5,35,18158,8818,9340
050,37,183,"North Carolina","Wake County",5,36,17902,8678,9224
050,37,183,"North Carolina","Wake County",5,37,18208,8987,9221
050,37,183,"North Carolina","Wake County",5,38,18294,9087,9207
050,37,183,"North Carolina","Wake County",5,39,17689,8620,9069
050,37,183,"North Carolina","Wake County",5,40,18349,9097,9252
050,37,183,"North Carolina","Wake County",5,41,18171,8980,9191
050,37,183,"North Carolina","Wake County",5,42,17844,8810,9034
050,37,183,"North Carolina","Wake County",5,43,18033,8882,9151
050,37,183,"North Carolina","Wake County",5,44,17579,8570,9009
050,37,183,"North Carolina","Wake County",5,45,17263,8426,8837
050,37,183,"North Carolina","Wake County",5,46,16989,8263,8726
050,37,183,"North Carolina","Wake County",5,47,16598,8102,8496
050,37,183,"North Carolina","Wake County",5,48,16617,8246,8371
050,37,183,"North Carolina","Wake County",5,49,16037,8026,8011
050,37,183,"North Carolina","Wake County",5,50,16073,8015,8058
050,37,183,"North Carolina","Wake County",5,51,16502,8261,8241
050,37,183,"North Carolina","Wake County",5,52,17385,8743,8642
050,37,183,"North Carolina","Wake County",5,53,16788,8381,8407
050,37,183,"North Carolina","Wake County",5,54,15588,7740,7848
050,37,183,"North Carolina","Wake County",5,55,14853,7442,7411
050,37,183,"North Carolina","Wake County",5,56,14518,7165,7353
050,37,183,"North Carolina","Wake County",5,57,14333,7071,7262
050,37,183,"North Carolina","Wake County",5,58,14247,6993,7254
050,37,183,"North Carolina","Wake County",5,59,14230,7030,7200
050,37,183,"North Carolina","Wake County",5,60,13910,6763,7147
050,37,183,"North Carolina","Wake County",5,61,13607,6593,7014
050,37,183,"North Carolina","Wake County",5,62,13145,6314,6831
050,37,183,"North Carolina","Wake County",5,63,12681,6121,6560
050,37,183,"North Carolina","Wake County",5,64,12098,5817,6281
050,37,183,"North Carolina","Wake County",5,65,11672,5479,6193
050,37,183,"North Carolina","Wake County",5,66,11232,5255,5977
050,37,183,"North Carolina","Wake County",5,67,10653,4966,5687
050,37,183,"North Carolina","Wake County",5,68,10305,4757,5548
050,37,183,"North Carolina","Wake County",5,69,9890,4481,5409
050,37,183,"North Carolina","Wake County",5,70,9434,4199,5235
050,37,183,"North Carolina","Wake County",5,71,9011,4026,4985
050,37,183,"North Carolina","Wake County",5,72,8345,3714,4631
050,37,183,"North Carolina","Wake County",5,73,7824,3437,4387
050,37,183,"North Carolina","Wake County",5,74,7714,3312,4402
050,37,183,"North Carolina","Wake County",5,75,7651,3300,4351
050,37,183,"North Carolina","Wake County",5,76,8032,3568,4464
050,37,183,"North Carolina","Wake County",5,77,5612,2512,3100
050,37,183,"North Carolina","Wake County",5,78,5123,2278,2845
050,37,183,"North Carolina","Wake County",5,79,4782,2125,2657
050,37,183,"North Carolina","Wake County",5,80,4720,2088,2632
050,37,183,"North Carolina","Wake County",5,81,3889,1698,2191
050,37,183,"North Carolina","Wake County",5,82,3360,1418,1942
050,37,183,"North Carolina","Wake County",5,83,2934,1209,1725
050,37,183,"North Carolina","Wake County",5,84,2630,1020,1610
050,37,183,"North Carolina","Wake County",5,85,14553,5280,9273
050,37,185,"North Carolina","Warren County",1,0,142,74,68
050,37,185,"North Carolina","Warren County",1,1,148,78,70
050,37,185,"North Carolina","Warren County",1,2,167,77,90
050,37,185,"North Carolina","Warren County",1,3,163,76,87
050,37,185,"North Carolina","Warren County",1,4,180,81,99
050,37,185,"North Carolina","Warren County",1,5,181,86,95
050,37,185,"North Carolina","Warren County",1,6,192,86,106
050,37,185,"North Carolina","Warren County",1,7,166,78,88
050,37,185,"North Carolina","Warren County",1,8,172,84,88
050,37,185,"North Carolina","Warren County",1,9,201,104,97
050,37,185,"North Carolina","Warren County",1,10,175,93,82
050,37,185,"North Carolina","Warren County",1,11,207,95,112
050,37,185,"North Carolina","Warren County",1,12,219,113,106
050,37,185,"North Carolina","Warren County",1,13,215,115,100
050,37,185,"North Carolina","Warren County",1,14,200,106,94
050,37,185,"North Carolina","Warren County",1,15,213,97,116
050,37,185,"North Carolina","Warren County",1,16,214,108,106
050,37,185,"North Carolina","Warren County",1,17,198,103,95
050,37,185,"North Carolina","Warren County",1,18,173,91,82
050,37,185,"North Carolina","Warren County",1,19,166,82,84
050,37,185,"North Carolina","Warren County",1,20,162,85,77
050,37,185,"North Carolina","Warren County",1,21,199,115,84
050,37,185,"North Carolina","Warren County",1,22,188,106,82
050,37,185,"North Carolina","Warren County",1,23,168,87,81
050,37,185,"North Carolina","Warren County",1,24,180,100,80
050,37,185,"North Carolina","Warren County",1,25,199,103,96
050,37,185,"North Carolina","Warren County",1,26,224,117,107
050,37,185,"North Carolina","Warren County",1,27,206,114,92
050,37,185,"North Carolina","Warren County",1,28,207,122,85
050,37,185,"North Carolina","Warren County",1,29,222,126,96
050,37,185,"North Carolina","Warren County",1,30,204,114,90
050,37,185,"North Carolina","Warren County",1,31,196,107,89
050,37,185,"North Carolina","Warren County",1,32,191,108,83
050,37,185,"North Carolina","Warren County",1,33,201,112,89
050,37,185,"North Carolina","Warren County",1,34,183,100,83
050,37,185,"North Carolina","Warren County",1,35,183,99,84
050,37,185,"North Carolina","Warren County",1,36,212,118,94
050,37,185,"North Carolina","Warren County",1,37,179,98,81
050,37,185,"North Carolina","Warren County",1,38,188,99,89
050,37,185,"North Carolina","Warren County",1,39,218,117,101
050,37,185,"North Carolina","Warren County",1,40,218,119,99
050,37,185,"North Carolina","Warren County",1,41,222,125,97
050,37,185,"North Carolina","Warren County",1,42,196,95,101
050,37,185,"North Carolina","Warren County",1,43,184,100,84
050,37,185,"North Carolina","Warren County",1,44,162,81,81
050,37,185,"North Carolina","Warren County",1,45,182,98,84
050,37,185,"North Carolina","Warren County",1,46,186,103,83
050,37,185,"North Carolina","Warren County",1,47,194,100,94
050,37,185,"North Carolina","Warren County",1,48,195,101,94
050,37,185,"North Carolina","Warren County",1,49,214,109,105
050,37,185,"North Carolina","Warren County",1,50,223,111,112
050,37,185,"North Carolina","Warren County",1,51,221,109,112
050,37,185,"North Carolina","Warren County",1,52,203,112,91
050,37,185,"North Carolina","Warren County",1,53,219,117,102
050,37,185,"North Carolina","Warren County",1,54,257,130,127
050,37,185,"North Carolina","Warren County",1,55,276,134,142
050,37,185,"North Carolina","Warren County",1,56,299,156,143
050,37,185,"North Carolina","Warren County",1,57,303,158,145
050,37,185,"North Carolina","Warren County",1,58,313,157,156
050,37,185,"North Carolina","Warren County",1,59,305,145,160
050,37,185,"North Carolina","Warren County",1,60,311,152,159
050,37,185,"North Carolina","Warren County",1,61,308,141,167
050,37,185,"North Carolina","Warren County",1,62,338,174,164
050,37,185,"North Carolina","Warren County",1,63,317,163,154
050,37,185,"North Carolina","Warren County",1,64,352,170,182
050,37,185,"North Carolina","Warren County",1,65,338,146,192
050,37,185,"North Carolina","Warren County",1,66,317,152,165
050,37,185,"North Carolina","Warren County",1,67,308,144,164
050,37,185,"North Carolina","Warren County",1,68,327,141,186
050,37,185,"North Carolina","Warren County",1,69,294,143,151
050,37,185,"North Carolina","Warren County",1,70,281,145,136
050,37,185,"North Carolina","Warren County",1,71,250,124,126
050,37,185,"North Carolina","Warren County",1,72,267,123,144
050,37,185,"North Carolina","Warren County",1,73,273,133,140
050,37,185,"North Carolina","Warren County",1,74,216,93,123
050,37,185,"North Carolina","Warren County",1,75,217,97,120
050,37,185,"North Carolina","Warren County",1,76,190,87,103
050,37,185,"North Carolina","Warren County",1,77,185,90,95
050,37,185,"North Carolina","Warren County",1,78,162,80,82
050,37,185,"North Carolina","Warren County",1,79,138,72,66
050,37,185,"North Carolina","Warren County",1,80,115,57,58
050,37,185,"North Carolina","Warren County",1,81,129,58,71
050,37,185,"North Carolina","Warren County",1,82,118,44,74
050,37,185,"North Carolina","Warren County",1,83,91,34,57
050,37,185,"North Carolina","Warren County",1,84,92,35,57
050,37,185,"North Carolina","Warren County",1,85,531,190,341
050,37,185,"North Carolina","Warren County",2,0,150,73,77
050,37,185,"North Carolina","Warren County",2,1,147,77,70
050,37,185,"North Carolina","Warren County",2,2,164,79,85
050,37,185,"North Carolina","Warren County",2,3,163,76,87
050,37,185,"North Carolina","Warren County",2,4,173,80,93
050,37,185,"North Carolina","Warren County",2,5,182,86,96
050,37,185,"North Carolina","Warren County",2,6,189,86,103
050,37,185,"North Carolina","Warren County",2,7,173,80,93
050,37,185,"North Carolina","Warren County",2,8,173,84,89
050,37,185,"North Carolina","Warren County",2,9,193,99,94
050,37,185,"North Carolina","Warren County",2,10,181,95,86
050,37,185,"North Carolina","Warren County",2,11,197,94,103
050,37,185,"North Carolina","Warren County",2,12,217,110,107
050,37,185,"North Carolina","Warren County",2,13,216,116,100
050,37,185,"North Carolina","Warren County",2,14,201,107,94
050,37,185,"North Carolina","Warren County",2,15,211,99,112
050,37,185,"North Carolina","Warren County",2,16,213,105,108
050,37,185,"North Carolina","Warren County",2,17,198,103,95
050,37,185,"North Carolina","Warren County",2,18,170,88,82
050,37,185,"North Carolina","Warren County",2,19,159,79,80
050,37,185,"North Carolina","Warren County",2,20,169,88,81
050,37,185,"North Carolina","Warren County",2,21,194,111,83
050,37,185,"North Carolina","Warren County",2,22,191,108,83
050,37,185,"North Carolina","Warren County",2,23,172,89,83
050,37,185,"North Carolina","Warren County",2,24,172,94,78
050,37,185,"North Carolina","Warren County",2,25,195,101,94
050,37,185,"North Carolina","Warren County",2,26,216,113,103
050,37,185,"North Carolina","Warren County",2,27,211,116,95
050,37,185,"North Carolina","Warren County",2,28,212,123,89
050,37,185,"North Carolina","Warren County",2,29,217,124,93
050,37,185,"North Carolina","Warren County",2,30,211,117,94
050,37,185,"North Carolina","Warren County",2,31,199,109,90
050,37,185,"North Carolina","Warren County",2,32,190,106,84
050,37,185,"North Carolina","Warren County",2,33,202,115,87
050,37,185,"North Carolina","Warren County",2,34,185,102,83
050,37,185,"North Carolina","Warren County",2,35,184,101,83
050,37,185,"North Carolina","Warren County",2,36,205,115,90
050,37,185,"North Carolina","Warren County",2,37,185,100,85
050,37,185,"North Carolina","Warren County",2,38,190,100,90
050,37,185,"North Carolina","Warren County",2,39,209,111,98
050,37,185,"North Carolina","Warren County",2,40,220,119,101
050,37,185,"North Carolina","Warren County",2,41,217,121,96
050,37,185,"North Carolina","Warren County",2,42,200,101,99
050,37,185,"North Carolina","Warren County",2,43,187,98,89
050,37,185,"North Carolina","Warren County",2,44,164,85,79
050,37,185,"North Carolina","Warren County",2,45,175,95,80
050,37,185,"North Carolina","Warren County",2,46,187,103,84
050,37,185,"North Carolina","Warren County",2,47,187,97,90
050,37,185,"North Carolina","Warren County",2,48,197,101,96
050,37,185,"North Carolina","Warren County",2,49,210,107,103
050,37,185,"North Carolina","Warren County",2,50,222,111,111
050,37,185,"North Carolina","Warren County",2,51,221,109,112
050,37,185,"North Carolina","Warren County",2,52,208,111,97
050,37,185,"North Carolina","Warren County",2,53,212,113,99
050,37,185,"North Carolina","Warren County",2,54,250,129,121
050,37,185,"North Carolina","Warren County",2,55,274,134,140
050,37,185,"North Carolina","Warren County",2,56,295,152,143
050,37,185,"North Carolina","Warren County",2,57,305,161,144
050,37,185,"North Carolina","Warren County",2,58,312,157,155
050,37,185,"North Carolina","Warren County",2,59,306,146,160
050,37,185,"North Carolina","Warren County",2,60,307,149,158
050,37,185,"North Carolina","Warren County",2,61,310,144,166
050,37,185,"North Carolina","Warren County",2,62,330,167,163
050,37,185,"North Carolina","Warren County",2,63,323,164,159
050,37,185,"North Carolina","Warren County",2,64,339,166,173
050,37,185,"North Carolina","Warren County",2,65,339,152,187
050,37,185,"North Carolina","Warren County",2,66,321,151,170
050,37,185,"North Carolina","Warren County",2,67,309,145,164
050,37,185,"North Carolina","Warren County",2,68,322,141,181
050,37,185,"North Carolina","Warren County",2,69,304,144,160
050,37,185,"North Carolina","Warren County",2,70,283,145,138
050,37,185,"North Carolina","Warren County",2,71,257,127,130
050,37,185,"North Carolina","Warren County",2,72,257,120,137
050,37,185,"North Carolina","Warren County",2,73,283,138,145
050,37,185,"North Carolina","Warren County",2,74,215,94,121
050,37,185,"North Carolina","Warren County",2,75,218,96,122
050,37,185,"North Carolina","Warren County",2,76,193,87,106
050,37,185,"North Carolina","Warren County",2,77,184,87,97
050,37,185,"North Carolina","Warren County",2,78,160,79,81
050,37,185,"North Carolina","Warren County",2,79,136,69,67
050,37,185,"North Carolina","Warren County",2,80,119,60,59
050,37,185,"North Carolina","Warren County",2,81,126,58,68
050,37,185,"North Carolina","Warren County",2,82,116,43,73
050,37,185,"North Carolina","Warren County",2,83,93,36,57
050,37,185,"North Carolina","Warren County",2,84,89,33,56
050,37,185,"North Carolina","Warren County",2,85,535,191,344
050,37,185,"North Carolina","Warren County",3,0,159,86,73
050,37,185,"North Carolina","Warren County",3,1,152,83,69
050,37,185,"North Carolina","Warren County",3,2,162,89,73
050,37,185,"North Carolina","Warren County",3,3,173,86,87
050,37,185,"North Carolina","Warren County",3,4,167,81,86
050,37,185,"North Carolina","Warren County",3,5,184,79,105
050,37,185,"North Carolina","Warren County",3,6,185,84,101
050,37,185,"North Carolina","Warren County",3,7,199,86,113
050,37,185,"North Carolina","Warren County",3,8,190,91,99
050,37,185,"North Carolina","Warren County",3,9,181,89,92
050,37,185,"North Carolina","Warren County",3,10,207,107,100
050,37,185,"North Carolina","Warren County",3,11,178,96,82
050,37,185,"North Carolina","Warren County",3,12,208,98,110
050,37,185,"North Carolina","Warren County",3,13,213,107,106
050,37,185,"North Carolina","Warren County",3,14,206,111,95
050,37,185,"North Carolina","Warren County",3,15,201,101,100
050,37,185,"North Carolina","Warren County",3,16,208,101,107
050,37,185,"North Carolina","Warren County",3,17,208,99,109
050,37,185,"North Carolina","Warren County",3,18,174,88,86
050,37,185,"North Carolina","Warren County",3,19,149,69,80
050,37,185,"North Carolina","Warren County",3,20,170,89,81
050,37,185,"North Carolina","Warren County",3,21,198,108,90
050,37,185,"North Carolina","Warren County",3,22,196,112,84
050,37,185,"North Carolina","Warren County",3,23,197,111,86
050,37,185,"North Carolina","Warren County",3,24,171,90,81
050,37,185,"North Carolina","Warren County",3,25,173,95,78
050,37,185,"North Carolina","Warren County",3,26,201,110,91
050,37,185,"North Carolina","Warren County",3,27,230,123,107
050,37,185,"North Carolina","Warren County",3,28,216,114,102
050,37,185,"North Carolina","Warren County",3,29,215,131,84
050,37,185,"North Carolina","Warren County",3,30,226,129,97
050,37,185,"North Carolina","Warren County",3,31,217,121,96
050,37,185,"North Carolina","Warren County",3,32,201,105,96
050,37,185,"North Carolina","Warren County",3,33,201,123,78
050,37,185,"North Carolina","Warren County",3,34,200,111,89
050,37,185,"North Carolina","Warren County",3,35,180,93,87
050,37,185,"North Carolina","Warren County",3,36,188,108,80
050,37,185,"North Carolina","Warren County",3,37,205,110,95
050,37,185,"North Carolina","Warren County",3,38,190,108,82
050,37,185,"North Carolina","Warren County",3,39,197,104,93
050,37,185,"North Carolina","Warren County",3,40,208,110,98
050,37,185,"North Carolina","Warren County",3,41,233,133,100
050,37,185,"North Carolina","Warren County",3,42,219,118,101
050,37,185,"North Carolina","Warren County",3,43,182,91,91
050,37,185,"North Carolina","Warren County",3,44,193,101,92
050,37,185,"North Carolina","Warren County",3,45,168,95,73
050,37,185,"North Carolina","Warren County",3,46,203,120,83
050,37,185,"North Carolina","Warren County",3,47,178,97,81
050,37,185,"North Carolina","Warren County",3,48,197,104,93
050,37,185,"North Carolina","Warren County",3,49,193,93,100
050,37,185,"North Carolina","Warren County",3,50,209,104,105
050,37,185,"North Carolina","Warren County",3,51,237,121,116
050,37,185,"North Carolina","Warren County",3,52,226,112,114
050,37,185,"North Carolina","Warren County",3,53,215,113,102
050,37,185,"North Carolina","Warren County",3,54,227,121,106
050,37,185,"North Carolina","Warren County",3,55,257,125,132
050,37,185,"North Carolina","Warren County",3,56,290,141,149
050,37,185,"North Carolina","Warren County",3,57,309,167,142
050,37,185,"North Carolina","Warren County",3,58,305,155,150
050,37,185,"North Carolina","Warren County",3,59,313,151,162
050,37,185,"North Carolina","Warren County",3,60,307,148,159
050,37,185,"North Carolina","Warren County",3,61,312,152,160
050,37,185,"North Carolina","Warren County",3,62,316,146,170
050,37,185,"North Carolina","Warren County",3,63,323,157,166
050,37,185,"North Carolina","Warren County",3,64,331,172,159
050,37,185,"North Carolina","Warren County",3,65,328,157,171
050,37,185,"North Carolina","Warren County",3,66,345,155,190
050,37,185,"North Carolina","Warren County",3,67,325,151,174
050,37,185,"North Carolina","Warren County",3,68,316,153,163
050,37,185,"North Carolina","Warren County",3,69,317,139,178
050,37,185,"North Carolina","Warren County",3,70,289,139,150
050,37,185,"North Carolina","Warren County",3,71,275,138,137
050,37,185,"North Carolina","Warren County",3,72,249,122,127
050,37,185,"North Carolina","Warren County",3,73,252,120,132
050,37,185,"North Carolina","Warren County",3,74,273,135,138
050,37,185,"North Carolina","Warren County",3,75,203,91,112
050,37,185,"North Carolina","Warren County",3,76,209,90,119
050,37,185,"North Carolina","Warren County",3,77,183,78,105
050,37,185,"North Carolina","Warren County",3,78,170,80,90
050,37,185,"North Carolina","Warren County",3,79,156,76,80
050,37,185,"North Carolina","Warren County",3,80,127,64,63
050,37,185,"North Carolina","Warren County",3,81,119,58,61
050,37,185,"North Carolina","Warren County",3,82,115,51,64
050,37,185,"North Carolina","Warren County",3,83,100,38,62
050,37,185,"North Carolina","Warren County",3,84,84,35,49
050,37,185,"North Carolina","Warren County",3,85,536,198,338
050,37,185,"North Carolina","Warren County",4,0,169,92,77
050,37,185,"North Carolina","Warren County",4,1,163,87,76
050,37,185,"North Carolina","Warren County",4,2,143,78,65
050,37,185,"North Carolina","Warren County",4,3,156,82,74
050,37,185,"North Carolina","Warren County",4,4,173,80,93
050,37,185,"North Carolina","Warren County",4,5,177,89,88
050,37,185,"North Carolina","Warren County",4,6,174,82,92
050,37,185,"North Carolina","Warren County",4,7,188,83,105
050,37,185,"North Carolina","Warren County",4,8,184,77,107
050,37,185,"North Carolina","Warren County",4,9,190,89,101
050,37,185,"North Carolina","Warren County",4,10,167,81,86
050,37,185,"North Carolina","Warren County",4,11,201,103,98
050,37,185,"North Carolina","Warren County",4,12,182,100,82
050,37,185,"North Carolina","Warren County",4,13,199,91,108
050,37,185,"North Carolina","Warren County",4,14,206,100,106
050,37,185,"North Carolina","Warren County",4,15,215,115,100
050,37,185,"North Carolina","Warren County",4,16,213,109,104
050,37,185,"North Carolina","Warren County",4,17,199,96,103
050,37,185,"North Carolina","Warren County",4,18,185,89,96
050,37,185,"North Carolina","Warren County",4,19,150,73,77
050,37,185,"North Carolina","Warren County",4,20,150,79,71
050,37,185,"North Carolina","Warren County",4,21,198,106,92
050,37,185,"North Carolina","Warren County",4,22,208,111,97
050,37,185,"North Carolina","Warren County",4,23,194,105,89
050,37,185,"North Carolina","Warren County",4,24,200,112,88
050,37,185,"North Carolina","Warren County",4,25,168,90,78
050,37,185,"North Carolina","Warren County",4,26,182,98,84
050,37,185,"North Carolina","Warren County",4,27,201,113,88
050,37,185,"North Carolina","Warren County",4,28,216,120,96
050,37,185,"North Carolina","Warren County",4,29,204,104,100
050,37,185,"North Carolina","Warren County",4,30,212,121,91
050,37,185,"North Carolina","Warren County",4,31,216,119,97
050,37,185,"North Carolina","Warren County",4,32,197,103,94
050,37,185,"North Carolina","Warren County",4,33,210,119,91
050,37,185,"North Carolina","Warren County",4,34,193,111,82
050,37,185,"North Carolina","Warren County",4,35,207,109,98
050,37,185,"North Carolina","Warren County",4,36,188,100,88
050,37,185,"North Carolina","Warren County",4,37,176,97,79
050,37,185,"North Carolina","Warren County",4,38,211,119,92
050,37,185,"North Carolina","Warren County",4,39,187,106,81
050,37,185,"North Carolina","Warren County",4,40,186,93,93
050,37,185,"North Carolina","Warren County",4,41,205,107,98
050,37,185,"North Carolina","Warren County",4,42,223,122,101
050,37,185,"North Carolina","Warren County",4,43,208,111,97
050,37,185,"North Carolina","Warren County",4,44,189,98,91
050,37,185,"North Carolina","Warren County",4,45,199,106,93
050,37,185,"North Carolina","Warren County",4,46,179,105,74
050,37,185,"North Carolina","Warren County",4,47,178,98,80
050,37,185,"North Carolina","Warren County",4,48,183,96,87
050,37,185,"North Carolina","Warren County",4,49,195,100,95
050,37,185,"North Carolina","Warren County",4,50,202,96,106
050,37,185,"North Carolina","Warren County",4,51,208,105,103
050,37,185,"North Carolina","Warren County",4,52,234,117,117
050,37,185,"North Carolina","Warren County",4,53,214,105,109
050,37,185,"North Carolina","Warren County",4,54,224,115,109
050,37,185,"North Carolina","Warren County",4,55,231,117,114
050,37,185,"North Carolina","Warren County",4,56,264,136,128
050,37,185,"North Carolina","Warren County",4,57,288,141,147
050,37,185,"North Carolina","Warren County",4,58,307,164,143
050,37,185,"North Carolina","Warren County",4,59,308,156,152
050,37,185,"North Carolina","Warren County",4,60,316,149,167
050,37,185,"North Carolina","Warren County",4,61,326,153,173
050,37,185,"North Carolina","Warren County",4,62,315,158,157
050,37,185,"North Carolina","Warren County",4,63,321,142,179
050,37,185,"North Carolina","Warren County",4,64,323,155,168
050,37,185,"North Carolina","Warren County",4,65,341,174,167
050,37,185,"North Carolina","Warren County",4,66,336,164,172
050,37,185,"North Carolina","Warren County",4,67,340,149,191
050,37,185,"North Carolina","Warren County",4,68,321,149,172
050,37,185,"North Carolina","Warren County",4,69,300,144,156
050,37,185,"North Carolina","Warren County",4,70,320,137,183
050,37,185,"North Carolina","Warren County",4,71,286,135,151
050,37,185,"North Carolina","Warren County",4,72,266,131,135
050,37,185,"North Carolina","Warren County",4,73,243,122,121
050,37,185,"North Carolina","Warren County",4,74,251,113,138
050,37,185,"North Carolina","Warren County",4,75,262,131,131
050,37,185,"North Carolina","Warren County",4,76,197,89,108
050,37,185,"North Carolina","Warren County",4,77,200,86,114
050,37,185,"North Carolina","Warren County",4,78,170,74,96
050,37,185,"North Carolina","Warren County",4,79,155,71,84
050,37,185,"North Carolina","Warren County",4,80,150,75,75
050,37,185,"North Carolina","Warren County",4,81,121,59,62
050,37,185,"North Carolina","Warren County",4,82,112,53,59
050,37,185,"North Carolina","Warren County",4,83,98,45,53
050,37,185,"North Carolina","Warren County",4,84,91,34,57
050,37,185,"North Carolina","Warren County",4,85,539,203,336
050,37,185,"North Carolina","Warren County",5,0,173,95,78
050,37,185,"North Carolina","Warren County",5,1,165,100,65
050,37,185,"North Carolina","Warren County",5,2,171,94,77
050,37,185,"North Carolina","Warren County",5,3,145,80,65
050,37,185,"North Carolina","Warren County",5,4,164,82,82
050,37,185,"North Carolina","Warren County",5,5,177,90,87
050,37,185,"North Carolina","Warren County",5,6,186,91,95
050,37,185,"North Carolina","Warren County",5,7,181,87,94
050,37,185,"North Carolina","Warren County",5,8,175,78,97
050,37,185,"North Carolina","Warren County",5,9,193,86,107
050,37,185,"North Carolina","Warren County",5,10,195,91,104
050,37,185,"North Carolina","Warren County",5,11,168,84,84
050,37,185,"North Carolina","Warren County",5,12,212,110,102
050,37,185,"North Carolina","Warren County",5,13,183,97,86
050,37,185,"North Carolina","Warren County",5,14,201,95,106
050,37,185,"North Carolina","Warren County",5,15,215,105,110
050,37,185,"North Carolina","Warren County",5,16,209,109,100
050,37,185,"North Carolina","Warren County",5,17,220,111,109
050,37,185,"North Carolina","Warren County",5,18,180,89,91
050,37,185,"North Carolina","Warren County",5,19,157,78,79
050,37,185,"North Carolina","Warren County",5,20,166,81,85
050,37,185,"North Carolina","Warren County",5,21,182,101,81
050,37,185,"North Carolina","Warren County",5,22,203,106,97
050,37,185,"North Carolina","Warren County",5,23,195,108,87
050,37,185,"North Carolina","Warren County",5,24,206,116,90
050,37,185,"North Carolina","Warren County",5,25,193,109,84
050,37,185,"North Carolina","Warren County",5,26,167,90,77
050,37,185,"North Carolina","Warren County",5,27,198,112,86
050,37,185,"North Carolina","Warren County",5,28,186,100,86
050,37,185,"North Carolina","Warren County",5,29,214,117,97
050,37,185,"North Carolina","Warren County",5,30,220,109,111
050,37,185,"North Carolina","Warren County",5,31,211,116,95
050,37,185,"North Carolina","Warren County",5,32,214,120,94
050,37,185,"North Carolina","Warren County",5,33,217,120,97
050,37,185,"North Carolina","Warren County",5,34,204,111,93
050,37,185,"North Carolina","Warren County",5,35,204,116,88
050,37,185,"North Carolina","Warren County",5,36,224,124,100
050,37,185,"North Carolina","Warren County",5,37,186,97,89
050,37,185,"North Carolina","Warren County",5,38,198,107,91
050,37,185,"North Carolina","Warren County",5,39,201,119,82
050,37,185,"North Carolina","Warren County",5,40,185,105,80
050,37,185,"North Carolina","Warren County",5,41,197,103,94
050,37,185,"North Carolina","Warren County",5,42,215,107,108
050,37,185,"North Carolina","Warren County",5,43,213,113,100
050,37,185,"North Carolina","Warren County",5,44,212,111,101
050,37,185,"North Carolina","Warren County",5,45,191,99,92
050,37,185,"North Carolina","Warren County",5,46,209,110,99
050,37,185,"North Carolina","Warren County",5,47,170,94,76
050,37,185,"North Carolina","Warren County",5,48,195,111,84
050,37,185,"North Carolina","Warren County",5,49,188,104,84
050,37,185,"North Carolina","Warren County",5,50,189,95,94
050,37,185,"North Carolina","Warren County",5,51,209,99,110
050,37,185,"North Carolina","Warren County",5,52,208,103,105
050,37,185,"North Carolina","Warren County",5,53,226,110,116
050,37,185,"North Carolina","Warren County",5,54,216,103,113
050,37,185,"North Carolina","Warren County",5,55,217,109,108
050,37,185,"North Carolina","Warren County",5,56,231,116,115
050,37,185,"North Carolina","Warren County",5,57,272,142,130
050,37,185,"North Carolina","Warren County",5,58,282,135,147
050,37,185,"North Carolina","Warren County",5,59,317,167,150
050,37,185,"North Carolina","Warren County",5,60,308,160,148
050,37,185,"North Carolina","Warren County",5,61,325,151,174
050,37,185,"North Carolina","Warren County",5,62,327,153,174
050,37,185,"North Carolina","Warren County",5,63,322,156,166
050,37,185,"North Carolina","Warren County",5,64,321,151,170
050,37,185,"North Carolina","Warren County",5,65,313,146,167
050,37,185,"North Carolina","Warren County",5,66,345,177,168
050,37,185,"North Carolina","Warren County",5,67,344,165,179
050,37,185,"North Carolina","Warren County",5,68,339,147,192
050,37,185,"North Carolina","Warren County",5,69,306,138,168
050,37,185,"North Carolina","Warren County",5,70,297,141,156
050,37,185,"North Carolina","Warren County",5,71,320,141,179
050,37,185,"North Carolina","Warren County",5,72,278,128,150
050,37,185,"North Carolina","Warren County",5,73,260,128,132
050,37,185,"North Carolina","Warren County",5,74,236,119,117
050,37,185,"North Carolina","Warren County",5,75,248,110,138
050,37,185,"North Carolina","Warren County",5,76,244,119,125
050,37,185,"North Carolina","Warren County",5,77,194,86,108
050,37,185,"North Carolina","Warren County",5,78,193,85,108
050,37,185,"North Carolina","Warren County",5,79,158,69,89
050,37,185,"North Carolina","Warren County",5,80,147,69,78
050,37,185,"North Carolina","Warren County",5,81,150,72,78
050,37,185,"North Carolina","Warren County",5,82,117,57,60
050,37,185,"North Carolina","Warren County",5,83,100,49,51
050,37,185,"North Carolina","Warren County",5,84,93,44,49
050,37,185,"North Carolina","Warren County",5,85,550,206,344
050,37,187,"North Carolina","Washington County",1,0,112,57,55
050,37,187,"North Carolina","Washington County",1,1,97,51,46
050,37,187,"North Carolina","Washington County",1,2,115,53,62
050,37,187,"North Carolina","Washington County",1,3,125,61,64
050,37,187,"North Carolina","Washington County",1,4,102,52,50
050,37,187,"North Carolina","Washington County",1,5,98,49,49
050,37,187,"North Carolina","Washington County",1,6,109,55,54
050,37,187,"North Carolina","Washington County",1,7,123,58,65
050,37,187,"North Carolina","Washington County",1,8,118,61,57
050,37,187,"North Carolina","Washington County",1,9,112,59,53
050,37,187,"North Carolina","Washington County",1,10,122,66,56
050,37,187,"North Carolina","Washington County",1,11,131,68,63
050,37,187,"North Carolina","Washington County",1,12,145,73,72
050,37,187,"North Carolina","Washington County",1,13,132,62,70
050,37,187,"North Carolina","Washington County",1,14,132,65,67
050,37,187,"North Carolina","Washington County",1,15,119,61,58
050,37,187,"North Carolina","Washington County",1,16,126,57,69
050,37,187,"North Carolina","Washington County",1,17,133,59,74
050,37,187,"North Carolina","Washington County",1,18,117,60,57
050,37,187,"North Carolina","Washington County",1,19,106,54,52
050,37,187,"North Carolina","Washington County",1,20,107,54,53
050,37,187,"North Carolina","Washington County",1,21,95,49,46
050,37,187,"North Carolina","Washington County",1,22,104,55,49
050,37,187,"North Carolina","Washington County",1,23,119,64,55
050,37,187,"North Carolina","Washington County",1,24,120,62,58
050,37,187,"North Carolina","Washington County",1,25,121,64,57
050,37,187,"North Carolina","Washington County",1,26,115,62,53
050,37,187,"North Carolina","Washington County",1,27,120,60,60
050,37,187,"North Carolina","Washington County",1,28,131,60,71
050,37,187,"North Carolina","Washington County",1,29,129,63,66
050,37,187,"North Carolina","Washington County",1,30,111,59,52
050,37,187,"North Carolina","Washington County",1,31,106,55,51
050,37,187,"North Carolina","Washington County",1,32,82,41,41
050,37,187,"North Carolina","Washington County",1,33,88,40,48
050,37,187,"North Carolina","Washington County",1,34,94,40,54
050,37,187,"North Carolina","Washington County",1,35,92,42,50
050,37,187,"North Carolina","Washington County",1,36,104,45,59
050,37,187,"North Carolina","Washington County",1,37,107,58,49
050,37,187,"North Carolina","Washington County",1,38,86,44,42
050,37,187,"North Carolina","Washington County",1,39,88,39,49
050,37,187,"North Carolina","Washington County",1,40,98,47,51
050,37,187,"North Carolina","Washington County",1,41,110,52,58
050,37,187,"North Carolina","Washington County",1,42,112,51,61
050,37,187,"North Carolina","Washington County",1,43,109,52,57
050,37,187,"North Carolina","Washington County",1,44,103,46,57
050,37,187,"North Carolina","Washington County",1,45,98,46,52
050,37,187,"North Carolina","Washington County",1,46,96,45,51
050,37,187,"North Carolina","Washington County",1,47,121,54,67
050,37,187,"North Carolina","Washington County",1,48,123,52,71
050,37,187,"North Carolina","Washington County",1,49,144,53,91
050,37,187,"North Carolina","Washington County",1,50,141,53,88
050,37,187,"North Carolina","Washington County",1,51,137,55,82
050,37,187,"North Carolina","Washington County",1,52,152,63,89
050,37,187,"North Carolina","Washington County",1,53,138,66,72
050,37,187,"North Carolina","Washington County",1,54,146,72,74
050,37,187,"North Carolina","Washington County",1,55,153,72,81
050,37,187,"North Carolina","Washington County",1,56,170,76,94
050,37,187,"North Carolina","Washington County",1,57,170,86,84
050,37,187,"North Carolina","Washington County",1,58,169,80,89
050,37,187,"North Carolina","Washington County",1,59,164,70,94
050,37,187,"North Carolina","Washington County",1,60,173,81,92
050,37,187,"North Carolina","Washington County",1,61,175,90,85
050,37,187,"North Carolina","Washington County",1,62,180,81,99
050,37,187,"North Carolina","Washington County",1,63,210,107,103
050,37,187,"North Carolina","Washington County",1,64,219,109,110
050,37,187,"North Carolina","Washington County",1,65,202,91,111
050,37,187,"North Carolina","Washington County",1,66,209,107,102
050,37,187,"North Carolina","Washington County",1,67,204,101,103
050,37,187,"North Carolina","Washington County",1,68,182,87,95
050,37,187,"North Carolina","Washington County",1,69,172,83,89
050,37,187,"North Carolina","Washington County",1,70,174,81,93
050,37,187,"North Carolina","Washington County",1,71,162,77,85
050,37,187,"North Carolina","Washington County",1,72,147,77,70
050,37,187,"North Carolina","Washington County",1,73,147,72,75
050,37,187,"North Carolina","Washington County",1,74,118,44,74
050,37,187,"North Carolina","Washington County",1,75,120,52,68
050,37,187,"North Carolina","Washington County",1,76,123,55,68
050,37,187,"North Carolina","Washington County",1,77,120,55,65
050,37,187,"North Carolina","Washington County",1,78,93,36,57
050,37,187,"North Carolina","Washington County",1,79,72,30,42
050,37,187,"North Carolina","Washington County",1,80,66,32,34
050,37,187,"North Carolina","Washington County",1,81,64,28,36
050,37,187,"North Carolina","Washington County",1,82,68,32,36
050,37,187,"North Carolina","Washington County",1,83,66,28,38
050,37,187,"North Carolina","Washington County",1,84,59,19,40
050,37,187,"North Carolina","Washington County",1,85,332,100,232
050,37,187,"North Carolina","Washington County",2,0,123,68,55
050,37,187,"North Carolina","Washington County",2,1,101,53,48
050,37,187,"North Carolina","Washington County",2,2,114,54,60
050,37,187,"North Carolina","Washington County",2,3,125,62,63
050,37,187,"North Carolina","Washington County",2,4,107,55,52
050,37,187,"North Carolina","Washington County",2,5,99,49,50
050,37,187,"North Carolina","Washington County",2,6,106,52,54
050,37,187,"North Carolina","Washington County",2,7,120,57,63
050,37,187,"North Carolina","Washington County",2,8,119,60,59
050,37,187,"North Carolina","Washington County",2,9,115,60,55
050,37,187,"North Carolina","Washington County",2,10,120,64,56
050,37,187,"North Carolina","Washington County",2,11,129,68,61
050,37,187,"North Carolina","Washington County",2,12,142,72,70
050,37,187,"North Carolina","Washington County",2,13,133,64,69
050,37,187,"North Carolina","Washington County",2,14,130,63,67
050,37,187,"North Carolina","Washington County",2,15,121,62,59
050,37,187,"North Carolina","Washington County",2,16,124,59,65
050,37,187,"North Carolina","Washington County",2,17,131,58,73
050,37,187,"North Carolina","Washington County",2,18,114,55,59
050,37,187,"North Carolina","Washington County",2,19,106,53,53
050,37,187,"North Carolina","Washington County",2,20,106,53,53
050,37,187,"North Carolina","Washington County",2,21,98,50,48
050,37,187,"North Carolina","Washington County",2,22,101,53,48
050,37,187,"North Carolina","Washington County",2,23,117,62,55
050,37,187,"North Carolina","Washington County",2,24,118,62,56
050,37,187,"North Carolina","Washington County",2,25,120,63,57
050,37,187,"North Carolina","Washington County",2,26,116,62,54
050,37,187,"North Carolina","Washington County",2,27,120,62,58
050,37,187,"North Carolina","Washington County",2,28,127,60,67
050,37,187,"North Carolina","Washington County",2,29,128,62,66
050,37,187,"North Carolina","Washington County",2,30,116,60,56
050,37,187,"North Carolina","Washington County",2,31,105,56,49
050,37,187,"North Carolina","Washington County",2,32,88,45,43
050,37,187,"North Carolina","Washington County",2,33,88,41,47
050,37,187,"North Carolina","Washington County",2,34,90,37,53
050,37,187,"North Carolina","Washington County",2,35,93,41,52
050,37,187,"North Carolina","Washington County",2,36,101,45,56
050,37,187,"North Carolina","Washington County",2,37,102,53,49
050,37,187,"North Carolina","Washington County",2,38,90,47,43
050,37,187,"North Carolina","Washington County",2,39,85,39,46
050,37,187,"North Carolina","Washington County",2,40,97,46,51
050,37,187,"North Carolina","Washington County",2,41,108,51,57
050,37,187,"North Carolina","Washington County",2,42,111,52,59
050,37,187,"North Carolina","Washington County",2,43,112,53,59
050,37,187,"North Carolina","Washington County",2,44,104,47,57
050,37,187,"North Carolina","Washington County",2,45,100,46,54
050,37,187,"North Carolina","Washington County",2,46,96,45,51
050,37,187,"North Carolina","Washington County",2,47,113,50,63
050,37,187,"North Carolina","Washington County",2,48,123,52,71
050,37,187,"North Carolina","Washington County",2,49,140,54,86
050,37,187,"North Carolina","Washington County",2,50,141,52,89
050,37,187,"North Carolina","Washington County",2,51,138,55,83
050,37,187,"North Carolina","Washington County",2,52,148,61,87
050,37,187,"North Carolina","Washington County",2,53,141,65,76
050,37,187,"North Carolina","Washington County",2,54,144,71,73
050,37,187,"North Carolina","Washington County",2,55,151,71,80
050,37,187,"North Carolina","Washington County",2,56,167,76,91
050,37,187,"North Carolina","Washington County",2,57,170,85,85
050,37,187,"North Carolina","Washington County",2,58,167,80,87
050,37,187,"North Carolina","Washington County",2,59,166,73,93
050,37,187,"North Carolina","Washington County",2,60,171,79,92
050,37,187,"North Carolina","Washington County",2,61,174,87,87
050,37,187,"North Carolina","Washington County",2,62,176,82,94
050,37,187,"North Carolina","Washington County",2,63,204,101,103
050,37,187,"North Carolina","Washington County",2,64,215,107,108
050,37,187,"North Carolina","Washington County",2,65,204,94,110
050,37,187,"North Carolina","Washington County",2,66,209,105,104
050,37,187,"North Carolina","Washington County",2,67,206,103,103
050,37,187,"North Carolina","Washington County",2,68,187,89,98
050,37,187,"North Carolina","Washington County",2,69,173,83,90
050,37,187,"North Carolina","Washington County",2,70,173,81,92
050,37,187,"North Carolina","Washington County",2,71,165,79,86
050,37,187,"North Carolina","Washington County",2,72,146,72,74
050,37,187,"North Carolina","Washington County",2,73,154,76,78
050,37,187,"North Carolina","Washington County",2,74,121,49,72
050,37,187,"North Carolina","Washington County",2,75,119,50,69
050,37,187,"North Carolina","Washington County",2,76,118,52,66
050,37,187,"North Carolina","Washington County",2,77,123,56,67
050,37,187,"North Carolina","Washington County",2,78,95,38,57
050,37,187,"North Carolina","Washington County",2,79,75,30,45
050,37,187,"North Carolina","Washington County",2,80,65,30,35
050,37,187,"North Carolina","Washington County",2,81,65,30,35
050,37,187,"North Carolina","Washington County",2,82,66,31,35
050,37,187,"North Carolina","Washington County",2,83,65,28,37
050,37,187,"North Carolina","Washington County",2,84,55,19,36
050,37,187,"North Carolina","Washington County",2,85,331,101,230
050,37,187,"North Carolina","Washington County",3,0,94,49,45
050,37,187,"North Carolina","Washington County",3,1,115,61,54
050,37,187,"North Carolina","Washington County",3,2,103,57,46
050,37,187,"North Carolina","Washington County",3,3,113,51,62
050,37,187,"North Carolina","Washington County",3,4,112,55,57
050,37,187,"North Carolina","Washington County",3,5,101,50,51
050,37,187,"North Carolina","Washington County",3,6,94,46,48
050,37,187,"North Carolina","Washington County",3,7,104,52,52
050,37,187,"North Carolina","Washington County",3,8,116,54,62
050,37,187,"North Carolina","Washington County",3,9,120,61,59
050,37,187,"North Carolina","Washington County",3,10,114,60,54
050,37,187,"North Carolina","Washington County",3,11,117,62,55
050,37,187,"North Carolina","Washington County",3,12,129,71,58
050,37,187,"North Carolina","Washington County",3,13,137,76,61
050,37,187,"North Carolina","Washington County",3,14,150,72,78
050,37,187,"North Carolina","Washington County",3,15,139,65,74
050,37,187,"North Carolina","Washington County",3,16,128,64,64
050,37,187,"North Carolina","Washington County",3,17,121,57,64
050,37,187,"North Carolina","Washington County",3,18,107,47,60
050,37,187,"North Carolina","Washington County",3,19,93,48,45
050,37,187,"North Carolina","Washington County",3,20,115,61,54
050,37,187,"North Carolina","Washington County",3,21,107,50,57
050,37,187,"North Carolina","Washington County",3,22,93,51,42
050,37,187,"North Carolina","Washington County",3,23,107,57,50
050,37,187,"North Carolina","Washington County",3,24,109,57,52
050,37,187,"North Carolina","Washington County",3,25,113,62,51
050,37,187,"North Carolina","Washington County",3,26,107,54,53
050,37,187,"North Carolina","Washington County",3,27,115,60,55
050,37,187,"North Carolina","Washington County",3,28,115,59,56
050,37,187,"North Carolina","Washington County",3,29,125,59,66
050,37,187,"North Carolina","Washington County",3,30,122,53,69
050,37,187,"North Carolina","Washington County",3,31,115,61,54
050,37,187,"North Carolina","Washington County",3,32,104,57,47
050,37,187,"North Carolina","Washington County",3,33,91,45,46
050,37,187,"North Carolina","Washington County",3,34,89,41,48
050,37,187,"North Carolina","Washington County",3,35,99,43,56
050,37,187,"North Carolina","Washington County",3,36,97,44,53
050,37,187,"North Carolina","Washington County",3,37,99,49,50
050,37,187,"North Carolina","Washington County",3,38,105,49,56
050,37,187,"North Carolina","Washington County",3,39,90,47,43
050,37,187,"North Carolina","Washington County",3,40,89,45,44
050,37,187,"North Carolina","Washington County",3,41,95,44,51
050,37,187,"North Carolina","Washington County",3,42,105,47,58
050,37,187,"North Carolina","Washington County",3,43,110,48,62
050,37,187,"North Carolina","Washington County",3,44,111,51,60
050,37,187,"North Carolina","Washington County",3,45,97,39,58
050,37,187,"North Carolina","Washington County",3,46,103,47,56
050,37,187,"North Carolina","Washington County",3,47,98,46,52
050,37,187,"North Carolina","Washington County",3,48,111,53,58
050,37,187,"North Carolina","Washington County",3,49,123,55,68
050,37,187,"North Carolina","Washington County",3,50,140,53,87
050,37,187,"North Carolina","Washington County",3,51,145,53,92
050,37,187,"North Carolina","Washington County",3,52,140,57,83
050,37,187,"North Carolina","Washington County",3,53,145,59,86
050,37,187,"North Carolina","Washington County",3,54,151,70,81
050,37,187,"North Carolina","Washington County",3,55,144,74,70
050,37,187,"North Carolina","Washington County",3,56,142,62,80
050,37,187,"North Carolina","Washington County",3,57,177,82,95
050,37,187,"North Carolina","Washington County",3,58,166,82,84
050,37,187,"North Carolina","Washington County",3,59,171,86,85
050,37,187,"North Carolina","Washington County",3,60,175,73,102
050,37,187,"North Carolina","Washington County",3,61,175,77,98
050,37,187,"North Carolina","Washington County",3,62,171,85,86
050,37,187,"North Carolina","Washington County",3,63,183,86,97
050,37,187,"North Carolina","Washington County",3,64,202,101,101
050,37,187,"North Carolina","Washington County",3,65,213,107,106
050,37,187,"North Carolina","Washington County",3,66,204,95,109
050,37,187,"North Carolina","Washington County",3,67,206,105,101
050,37,187,"North Carolina","Washington County",3,68,201,100,101
050,37,187,"North Carolina","Washington County",3,69,184,88,96
050,37,187,"North Carolina","Washington County",3,70,163,77,86
050,37,187,"North Carolina","Washington County",3,71,171,81,90
050,37,187,"North Carolina","Washington County",3,72,158,76,82
050,37,187,"North Carolina","Washington County",3,73,144,70,74
050,37,187,"North Carolina","Washington County",3,74,155,75,80
050,37,187,"North Carolina","Washington County",3,75,115,49,66
050,37,187,"North Carolina","Washington County",3,76,117,48,69
050,37,187,"North Carolina","Washington County",3,77,112,54,58
050,37,187,"North Carolina","Washington County",3,78,114,47,67
050,37,187,"North Carolina","Washington County",3,79,89,37,52
050,37,187,"North Carolina","Washington County",3,80,63,26,37
050,37,187,"North Carolina","Washington County",3,81,65,30,35
050,37,187,"North Carolina","Washington County",3,82,65,33,32
050,37,187,"North Carolina","Washington County",3,83,60,27,33
050,37,187,"North Carolina","Washington County",3,84,59,21,38
050,37,187,"North Carolina","Washington County",3,85,332,100,232
050,37,187,"North Carolina","Washington County",4,0,108,50,58
050,37,187,"North Carolina","Washington County",4,1,95,46,49
050,37,187,"North Carolina","Washington County",4,2,127,65,62
050,37,187,"North Carolina","Washington County",4,3,112,66,46
050,37,187,"North Carolina","Washington County",4,4,113,50,63
050,37,187,"North Carolina","Washington County",4,5,106,47,59
050,37,187,"North Carolina","Washington County",4,6,100,50,50
050,37,187,"North Carolina","Washington County",4,7,96,46,50
050,37,187,"North Carolina","Washington County",4,8,107,53,54
050,37,187,"North Carolina","Washington County",4,9,109,54,55
050,37,187,"North Carolina","Washington County",4,10,114,60,54
050,37,187,"North Carolina","Washington County",4,11,111,57,54
050,37,187,"North Carolina","Washington County",4,12,117,61,56
050,37,187,"North Carolina","Washington County",4,13,127,65,62
050,37,187,"North Carolina","Washington County",4,14,143,80,63
050,37,187,"North Carolina","Washington County",4,15,144,71,73
050,37,187,"North Carolina","Washington County",4,16,137,69,68
050,37,187,"North Carolina","Washington County",4,17,127,63,64
050,37,187,"North Carolina","Washington County",4,18,112,51,61
050,37,187,"North Carolina","Washington County",4,19,84,38,46
050,37,187,"North Carolina","Washington County",4,20,100,53,47
050,37,187,"North Carolina","Washington County",4,21,115,60,55
050,37,187,"North Carolina","Washington County",4,22,108,53,55
050,37,187,"North Carolina","Washington County",4,23,90,52,38
050,37,187,"North Carolina","Washington County",4,24,104,53,51
050,37,187,"North Carolina","Washington County",4,25,114,57,57
050,37,187,"North Carolina","Washington County",4,26,108,60,48
050,37,187,"North Carolina","Washington County",4,27,102,54,48
050,37,187,"North Carolina","Washington County",4,28,118,58,60
050,37,187,"North Carolina","Washington County",4,29,114,59,55
050,37,187,"North Carolina","Washington County",4,30,125,59,66
050,37,187,"North Carolina","Washington County",4,31,122,60,62
050,37,187,"North Carolina","Washington County",4,32,119,62,57
050,37,187,"North Carolina","Washington County",4,33,102,53,49
050,37,187,"North Carolina","Washington County",4,34,87,44,43
050,37,187,"North Carolina","Washington County",4,35,89,45,44
050,37,187,"North Carolina","Washington County",4,36,103,43,60
050,37,187,"North Carolina","Washington County",4,37,95,41,54
050,37,187,"North Carolina","Washington County",4,38,100,48,52
050,37,187,"North Carolina","Washington County",4,39,101,48,53
050,37,187,"North Carolina","Washington County",4,40,97,49,48
050,37,187,"North Carolina","Washington County",4,41,87,44,43
050,37,187,"North Carolina","Washington County",4,42,94,45,49
050,37,187,"North Carolina","Washington County",4,43,111,53,58
050,37,187,"North Carolina","Washington County",4,44,107,47,60
050,37,187,"North Carolina","Washington County",4,45,117,51,66
050,37,187,"North Carolina","Washington County",4,46,95,39,56
050,37,187,"North Carolina","Washington County",4,47,101,48,53
050,37,187,"North Carolina","Washington County",4,48,99,45,54
050,37,187,"North Carolina","Washington County",4,49,114,55,59
050,37,187,"North Carolina","Washington County",4,50,123,55,68
050,37,187,"North Carolina","Washington County",4,51,141,54,87
050,37,187,"North Carolina","Washington County",4,52,144,54,90
050,37,187,"North Carolina","Washington County",4,53,137,56,81
050,37,187,"North Carolina","Washington County",4,54,144,57,87
050,37,187,"North Carolina","Washington County",4,55,149,66,83
050,37,187,"North Carolina","Washington County",4,56,140,73,67
050,37,187,"North Carolina","Washington County",4,57,147,68,79
050,37,187,"North Carolina","Washington County",4,58,176,79,97
050,37,187,"North Carolina","Washington County",4,59,168,87,81
050,37,187,"North Carolina","Washington County",4,60,165,83,82
050,37,187,"North Carolina","Washington County",4,61,170,70,100
050,37,187,"North Carolina","Washington County",4,62,173,74,99
050,37,187,"North Carolina","Washington County",4,63,172,91,81
050,37,187,"North Carolina","Washington County",4,64,184,87,97
050,37,187,"North Carolina","Washington County",4,65,200,99,101
050,37,187,"North Carolina","Washington County",4,66,207,104,103
050,37,187,"North Carolina","Washington County",4,67,198,94,104
050,37,187,"North Carolina","Washington County",4,68,197,101,96
050,37,187,"North Carolina","Washington County",4,69,194,97,97
050,37,187,"North Carolina","Washington County",4,70,181,85,96
050,37,187,"North Carolina","Washington County",4,71,162,80,82
050,37,187,"North Carolina","Washington County",4,72,163,75,88
050,37,187,"North Carolina","Washington County",4,73,154,73,81
050,37,187,"North Carolina","Washington County",4,74,146,67,79
050,37,187,"North Carolina","Washington County",4,75,155,81,74
050,37,187,"North Carolina","Washington County",4,76,108,42,66
050,37,187,"North Carolina","Washington County",4,77,111,49,62
050,37,187,"North Carolina","Washington County",4,78,105,50,55
050,37,187,"North Carolina","Washington County",4,79,110,44,66
050,37,187,"North Carolina","Washington County",4,80,80,36,44
050,37,187,"North Carolina","Washington County",4,81,63,27,36
050,37,187,"North Carolina","Washington County",4,82,55,27,28
050,37,187,"North Carolina","Washington County",4,83,59,29,30
050,37,187,"North Carolina","Washington County",4,84,46,15,31
050,37,187,"North Carolina","Washington County",4,85,322,96,226
050,37,187,"North Carolina","Washington County",5,0,107,49,58
050,37,187,"North Carolina","Washington County",5,1,117,55,62
050,37,187,"North Carolina","Washington County",5,2,94,48,46
050,37,187,"North Carolina","Washington County",5,3,121,68,53
050,37,187,"North Carolina","Washington County",5,4,109,63,46
050,37,187,"North Carolina","Washington County",5,5,106,49,57
050,37,187,"North Carolina","Washington County",5,6,110,51,59
050,37,187,"North Carolina","Washington County",5,7,106,51,55
050,37,187,"North Carolina","Washington County",5,8,92,43,49
050,37,187,"North Carolina","Washington County",5,9,114,57,57
050,37,187,"North Carolina","Washington County",5,10,115,57,58
050,37,187,"North Carolina","Washington County",5,11,117,61,56
050,37,187,"North Carolina","Washington County",5,12,110,55,55
050,37,187,"North Carolina","Washington County",5,13,124,61,63
050,37,187,"North Carolina","Washington County",5,14,133,68,65
050,37,187,"North Carolina","Washington County",5,15,135,71,64
050,37,187,"North Carolina","Washington County",5,16,148,74,74
050,37,187,"North Carolina","Washington County",5,17,138,67,71
050,37,187,"North Carolina","Washington County",5,18,102,51,51
050,37,187,"North Carolina","Washington County",5,19,94,43,51
050,37,187,"North Carolina","Washington County",5,20,95,43,52
050,37,187,"North Carolina","Washington County",5,21,107,56,51
050,37,187,"North Carolina","Washington County",5,22,115,60,55
050,37,187,"North Carolina","Washington County",5,23,110,57,53
050,37,187,"North Carolina","Washington County",5,24,90,57,33
050,37,187,"North Carolina","Washington County",5,25,100,50,50
050,37,187,"North Carolina","Washington County",5,26,107,52,55
050,37,187,"North Carolina","Washington County",5,27,111,57,54
050,37,187,"North Carolina","Washington County",5,28,107,56,51
050,37,187,"North Carolina","Washington County",5,29,113,56,57
050,37,187,"North Carolina","Washington County",5,30,113,60,53
050,37,187,"North Carolina","Washington County",5,31,115,56,59
050,37,187,"North Carolina","Washington County",5,32,124,62,62
050,37,187,"North Carolina","Washington County",5,33,119,61,58
050,37,187,"North Carolina","Washington County",5,34,97,45,52
050,37,187,"North Carolina","Washington County",5,35,89,44,45
050,37,187,"North Carolina","Washington County",5,36,90,40,50
050,37,187,"North Carolina","Washington County",5,37,95,37,58
050,37,187,"North Carolina","Washington County",5,38,97,47,50
050,37,187,"North Carolina","Washington County",5,39,94,43,51
050,37,187,"North Carolina","Washington County",5,40,100,46,54
050,37,187,"North Carolina","Washington County",5,41,96,50,46
050,37,187,"North Carolina","Washington County",5,42,85,43,42
050,37,187,"North Carolina","Washington County",5,43,94,44,50
050,37,187,"North Carolina","Washington County",5,44,110,55,55
050,37,187,"North Carolina","Washington County",5,45,107,46,61
050,37,187,"North Carolina","Washington County",5,46,116,50,66
050,37,187,"North Carolina","Washington County",5,47,88,39,49
050,37,187,"North Carolina","Washington County",5,48,103,48,55
050,37,187,"North Carolina","Washington County",5,49,99,41,58
050,37,187,"North Carolina","Washington County",5,50,112,56,56
050,37,187,"North Carolina","Washington County",5,51,129,56,73
050,37,187,"North Carolina","Washington County",5,52,144,56,88
050,37,187,"North Carolina","Washington County",5,53,144,56,88
050,37,187,"North Carolina","Washington County",5,54,133,52,81
050,37,187,"North Carolina","Washington County",5,55,144,56,88
050,37,187,"North Carolina","Washington County",5,56,144,65,79
050,37,187,"North Carolina","Washington County",5,57,143,77,66
050,37,187,"North Carolina","Washington County",5,58,145,69,76
050,37,187,"North Carolina","Washington County",5,59,177,80,97
050,37,187,"North Carolina","Washington County",5,60,160,82,78
050,37,187,"North Carolina","Washington County",5,61,173,83,90
050,37,187,"North Carolina","Washington County",5,62,165,68,97
050,37,187,"North Carolina","Washington County",5,63,167,69,98
050,37,187,"North Carolina","Washington County",5,64,167,90,77
050,37,187,"North Carolina","Washington County",5,65,176,86,90
050,37,187,"North Carolina","Washington County",5,66,206,101,105
050,37,187,"North Carolina","Washington County",5,67,204,104,100
050,37,187,"North Carolina","Washington County",5,68,201,93,108
050,37,187,"North Carolina","Washington County",5,69,187,96,91
050,37,187,"North Carolina","Washington County",5,70,192,96,96
050,37,187,"North Carolina","Washington County",5,71,185,92,93
050,37,187,"North Carolina","Washington County",5,72,161,78,83
050,37,187,"North Carolina","Washington County",5,73,161,73,88
050,37,187,"North Carolina","Washington County",5,74,155,71,84
050,37,187,"North Carolina","Washington County",5,75,145,71,74
050,37,187,"North Carolina","Washington County",5,76,152,79,73
050,37,187,"North Carolina","Washington County",5,77,99,43,56
050,37,187,"North Carolina","Washington County",5,78,107,44,63
050,37,187,"North Carolina","Washington County",5,79,99,45,54
050,37,187,"North Carolina","Washington County",5,80,100,44,56
050,37,187,"North Carolina","Washington County",5,81,78,34,44
050,37,187,"North Carolina","Washington County",5,82,57,25,32
050,37,187,"North Carolina","Washington County",5,83,51,24,27
050,37,187,"North Carolina","Washington County",5,84,53,21,32
050,37,187,"North Carolina","Washington County",5,85,319,96,223
050,37,189,"North Carolina","Watauga County",1,0,311,158,153
050,37,189,"North Carolina","Watauga County",1,1,333,170,163
050,37,189,"North Carolina","Watauga County",1,2,361,188,173
050,37,189,"North Carolina","Watauga County",1,3,341,185,156
050,37,189,"North Carolina","Watauga County",1,4,335,177,158
050,37,189,"North Carolina","Watauga County",1,5,343,168,175
050,37,189,"North Carolina","Watauga County",1,6,352,192,160
050,37,189,"North Carolina","Watauga County",1,7,354,188,166
050,37,189,"North Carolina","Watauga County",1,8,359,186,173
050,37,189,"North Carolina","Watauga County",1,9,377,183,194
050,37,189,"North Carolina","Watauga County",1,10,407,204,203
050,37,189,"North Carolina","Watauga County",1,11,443,229,214
050,37,189,"North Carolina","Watauga County",1,12,440,231,209
050,37,189,"North Carolina","Watauga County",1,13,436,228,208
050,37,189,"North Carolina","Watauga County",1,14,438,210,228
050,37,189,"North Carolina","Watauga County",1,15,419,210,209
050,37,189,"North Carolina","Watauga County",1,16,414,211,203
050,37,189,"North Carolina","Watauga County",1,17,398,204,194
050,37,189,"North Carolina","Watauga County",1,18,1915,842,1073
050,37,189,"North Carolina","Watauga County",1,19,3510,1634,1876
050,37,189,"North Carolina","Watauga County",1,20,3076,1466,1610
050,37,189,"North Carolina","Watauga County",1,21,2604,1406,1198
050,37,189,"North Carolina","Watauga County",1,22,2120,1097,1023
050,37,189,"North Carolina","Watauga County",1,23,1586,832,754
050,37,189,"North Carolina","Watauga County",1,24,986,467,519
050,37,189,"North Carolina","Watauga County",1,25,893,495,398
050,37,189,"North Carolina","Watauga County",1,26,659,372,287
050,37,189,"North Carolina","Watauga County",1,27,593,329,264
050,37,189,"North Carolina","Watauga County",1,28,560,285,275
050,37,189,"North Carolina","Watauga County",1,29,565,295,270
050,37,189,"North Carolina","Watauga County",1,30,548,288,260
050,37,189,"North Carolina","Watauga County",1,31,534,278,256
050,37,189,"North Carolina","Watauga County",1,32,461,246,215
050,37,189,"North Carolina","Watauga County",1,33,488,262,226
050,37,189,"North Carolina","Watauga County",1,34,503,275,228
050,37,189,"North Carolina","Watauga County",1,35,475,249,226
050,37,189,"North Carolina","Watauga County",1,36,487,259,228
050,37,189,"North Carolina","Watauga County",1,37,527,274,253
050,37,189,"North Carolina","Watauga County",1,38,569,317,252
050,37,189,"North Carolina","Watauga County",1,39,548,292,256
050,37,189,"North Carolina","Watauga County",1,40,514,266,248
050,37,189,"North Carolina","Watauga County",1,41,512,269,243
050,37,189,"North Carolina","Watauga County",1,42,509,263,246
050,37,189,"North Carolina","Watauga County",1,43,522,286,236
050,37,189,"North Carolina","Watauga County",1,44,529,277,252
050,37,189,"North Carolina","Watauga County",1,45,534,273,261
050,37,189,"North Carolina","Watauga County",1,46,527,272,255
050,37,189,"North Carolina","Watauga County",1,47,528,287,241
050,37,189,"North Carolina","Watauga County",1,48,554,287,267
050,37,189,"North Carolina","Watauga County",1,49,599,295,304
050,37,189,"North Carolina","Watauga County",1,50,559,293,266
050,37,189,"North Carolina","Watauga County",1,51,540,282,258
050,37,189,"North Carolina","Watauga County",1,52,529,274,255
050,37,189,"North Carolina","Watauga County",1,53,554,296,258
050,37,189,"North Carolina","Watauga County",1,54,560,284,276
050,37,189,"North Carolina","Watauga County",1,55,565,266,299
050,37,189,"North Carolina","Watauga County",1,56,627,313,314
050,37,189,"North Carolina","Watauga County",1,57,650,324,326
050,37,189,"North Carolina","Watauga County",1,58,637,295,342
050,37,189,"North Carolina","Watauga County",1,59,665,310,355
050,37,189,"North Carolina","Watauga County",1,60,626,289,337
050,37,189,"North Carolina","Watauga County",1,61,623,296,327
050,37,189,"North Carolina","Watauga County",1,62,660,318,342
050,37,189,"North Carolina","Watauga County",1,63,676,319,357
050,37,189,"North Carolina","Watauga County",1,64,661,328,333
050,37,189,"North Carolina","Watauga County",1,65,628,308,320
050,37,189,"North Carolina","Watauga County",1,66,620,301,319
050,37,189,"North Carolina","Watauga County",1,67,589,268,321
050,37,189,"North Carolina","Watauga County",1,68,606,301,305
050,37,189,"North Carolina","Watauga County",1,69,589,304,285
050,37,189,"North Carolina","Watauga County",1,70,514,254,260
050,37,189,"North Carolina","Watauga County",1,71,494,238,256
050,37,189,"North Carolina","Watauga County",1,72,494,241,253
050,37,189,"North Carolina","Watauga County",1,73,463,230,233
050,37,189,"North Carolina","Watauga County",1,74,336,167,169
050,37,189,"North Carolina","Watauga County",1,75,341,164,177
050,37,189,"North Carolina","Watauga County",1,76,330,163,167
050,37,189,"North Carolina","Watauga County",1,77,312,151,161
050,37,189,"North Carolina","Watauga County",1,78,257,119,138
050,37,189,"North Carolina","Watauga County",1,79,249,117,132
050,37,189,"North Carolina","Watauga County",1,80,230,108,122
050,37,189,"North Carolina","Watauga County",1,81,205,104,101
050,37,189,"North Carolina","Watauga County",1,82,178,87,91
050,37,189,"North Carolina","Watauga County",1,83,169,82,87
050,37,189,"North Carolina","Watauga County",1,84,133,54,79
050,37,189,"North Carolina","Watauga County",1,85,812,296,516
050,37,189,"North Carolina","Watauga County",2,0,306,152,154
050,37,189,"North Carolina","Watauga County",2,1,326,166,160
050,37,189,"North Carolina","Watauga County",2,2,352,183,169
050,37,189,"North Carolina","Watauga County",2,3,345,184,161
050,37,189,"North Carolina","Watauga County",2,4,335,179,156
050,37,189,"North Carolina","Watauga County",2,5,342,170,172
050,37,189,"North Carolina","Watauga County",2,6,354,189,165
050,37,189,"North Carolina","Watauga County",2,7,355,189,166
050,37,189,"North Carolina","Watauga County",2,8,357,185,172
050,37,189,"North Carolina","Watauga County",2,9,370,184,186
050,37,189,"North Carolina","Watauga County",2,10,400,199,201
050,37,189,"North Carolina","Watauga County",2,11,432,222,210
050,37,189,"North Carolina","Watauga County",2,12,446,233,213
050,37,189,"North Carolina","Watauga County",2,13,435,225,210
050,37,189,"North Carolina","Watauga County",2,14,432,212,220
050,37,189,"North Carolina","Watauga County",2,15,423,211,212
050,37,189,"North Carolina","Watauga County",2,16,416,210,206
050,37,189,"North Carolina","Watauga County",2,17,404,206,198
050,37,189,"North Carolina","Watauga County",2,18,1916,844,1072
050,37,189,"North Carolina","Watauga County",2,19,3511,1635,1876
050,37,189,"North Carolina","Watauga County",2,20,3112,1485,1627
050,37,189,"North Carolina","Watauga County",2,21,2613,1416,1197
050,37,189,"North Carolina","Watauga County",2,22,2099,1086,1013
050,37,189,"North Carolina","Watauga County",2,23,1565,822,743
050,37,189,"North Carolina","Watauga County",2,24,979,470,509
050,37,189,"North Carolina","Watauga County",2,25,882,481,401
050,37,189,"North Carolina","Watauga County",2,26,654,367,287
050,37,189,"North Carolina","Watauga County",2,27,587,327,260
050,37,189,"North Carolina","Watauga County",2,28,565,294,271
050,37,189,"North Carolina","Watauga County",2,29,565,295,270
050,37,189,"North Carolina","Watauga County",2,30,552,289,263
050,37,189,"North Carolina","Watauga County",2,31,530,276,254
050,37,189,"North Carolina","Watauga County",2,32,475,251,224
050,37,189,"North Carolina","Watauga County",2,33,481,256,225
050,37,189,"North Carolina","Watauga County",2,34,495,270,225
050,37,189,"North Carolina","Watauga County",2,35,478,252,226
050,37,189,"North Carolina","Watauga County",2,36,478,252,226
050,37,189,"North Carolina","Watauga County",2,37,520,272,248
050,37,189,"North Carolina","Watauga County",2,38,563,308,255
050,37,189,"North Carolina","Watauga County",2,39,551,297,254
050,37,189,"North Carolina","Watauga County",2,40,529,277,252
050,37,189,"North Carolina","Watauga County",2,41,511,267,244
050,37,189,"North Carolina","Watauga County",2,42,508,265,243
050,37,189,"North Carolina","Watauga County",2,43,523,282,241
050,37,189,"North Carolina","Watauga County",2,44,523,277,246
050,37,189,"North Carolina","Watauga County",2,45,540,278,262
050,37,189,"North Carolina","Watauga County",2,46,529,273,256
050,37,189,"North Carolina","Watauga County",2,47,528,282,246
050,37,189,"North Carolina","Watauga County",2,48,543,285,258
050,37,189,"North Carolina","Watauga County",2,49,590,294,296
050,37,189,"North Carolina","Watauga County",2,50,571,295,276
050,37,189,"North Carolina","Watauga County",2,51,541,280,261
050,37,189,"North Carolina","Watauga County",2,52,533,278,255
050,37,189,"North Carolina","Watauga County",2,53,551,291,260
050,37,189,"North Carolina","Watauga County",2,54,558,285,273
050,37,189,"North Carolina","Watauga County",2,55,569,271,298
050,37,189,"North Carolina","Watauga County",2,56,614,305,309
050,37,189,"North Carolina","Watauga County",2,57,649,324,325
050,37,189,"North Carolina","Watauga County",2,58,642,302,340
050,37,189,"North Carolina","Watauga County",2,59,666,311,355
050,37,189,"North Carolina","Watauga County",2,60,639,293,346
050,37,189,"North Carolina","Watauga County",2,61,622,295,327
050,37,189,"North Carolina","Watauga County",2,62,656,313,343
050,37,189,"North Carolina","Watauga County",2,63,682,324,358
050,37,189,"North Carolina","Watauga County",2,64,665,327,338
050,37,189,"North Carolina","Watauga County",2,65,640,315,325
050,37,189,"North Carolina","Watauga County",2,66,625,306,319
050,37,189,"North Carolina","Watauga County",2,67,593,273,320
050,37,189,"North Carolina","Watauga County",2,68,597,291,306
050,37,189,"North Carolina","Watauga County",2,69,594,304,290
050,37,189,"North Carolina","Watauga County",2,70,533,267,266
050,37,189,"North Carolina","Watauga County",2,71,497,240,257
050,37,189,"North Carolina","Watauga County",2,72,485,237,248
050,37,189,"North Carolina","Watauga County",2,73,492,241,251
050,37,189,"North Carolina","Watauga County",2,74,340,167,173
050,37,189,"North Carolina","Watauga County",2,75,341,165,176
050,37,189,"North Carolina","Watauga County",2,76,329,161,168
050,37,189,"North Carolina","Watauga County",2,77,323,156,167
050,37,189,"North Carolina","Watauga County",2,78,261,122,139
050,37,189,"North Carolina","Watauga County",2,79,244,115,129
050,37,189,"North Carolina","Watauga County",2,80,229,108,121
050,37,189,"North Carolina","Watauga County",2,81,210,105,105
050,37,189,"North Carolina","Watauga County",2,82,186,92,94
050,37,189,"North Carolina","Watauga County",2,83,167,80,87
050,37,189,"North Carolina","Watauga County",2,84,142,61,81
050,37,189,"North Carolina","Watauga County",2,85,811,300,511
050,37,189,"North Carolina","Watauga County",3,0,321,156,165
050,37,189,"North Carolina","Watauga County",3,1,312,158,154
050,37,189,"North Carolina","Watauga County",3,2,315,150,165
050,37,189,"North Carolina","Watauga County",3,3,350,181,169
050,37,189,"North Carolina","Watauga County",3,4,350,184,166
050,37,189,"North Carolina","Watauga County",3,5,336,181,155
050,37,189,"North Carolina","Watauga County",3,6,350,171,179
050,37,189,"North Carolina","Watauga County",3,7,354,187,167
050,37,189,"North Carolina","Watauga County",3,8,352,189,163
050,37,189,"North Carolina","Watauga County",3,9,353,184,169
050,37,189,"North Carolina","Watauga County",3,10,375,184,191
050,37,189,"North Carolina","Watauga County",3,11,402,200,202
050,37,189,"North Carolina","Watauga County",3,12,437,231,206
050,37,189,"North Carolina","Watauga County",3,13,445,233,212
050,37,189,"North Carolina","Watauga County",3,14,431,216,215
050,37,189,"North Carolina","Watauga County",3,15,424,207,217
050,37,189,"North Carolina","Watauga County",3,16,424,219,205
050,37,189,"North Carolina","Watauga County",3,17,428,213,215
050,37,189,"North Carolina","Watauga County",3,18,2101,928,1173
050,37,189,"North Carolina","Watauga County",3,19,3795,1759,2036
050,37,189,"North Carolina","Watauga County",3,20,3329,1601,1728
050,37,189,"North Carolina","Watauga County",3,21,2794,1494,1300
050,37,189,"North Carolina","Watauga County",3,22,2142,1080,1062
050,37,189,"North Carolina","Watauga County",3,23,1529,797,732
050,37,189,"North Carolina","Watauga County",3,24,933,456,477
050,37,189,"North Carolina","Watauga County",3,25,805,414,391
050,37,189,"North Carolina","Watauga County",3,26,634,317,317
050,37,189,"North Carolina","Watauga County",3,27,604,343,261
050,37,189,"North Carolina","Watauga County",3,28,565,297,268
050,37,189,"North Carolina","Watauga County",3,29,529,277,252
050,37,189,"North Carolina","Watauga County",3,30,539,267,272
050,37,189,"North Carolina","Watauga County",3,31,527,274,253
050,37,189,"North Carolina","Watauga County",3,32,515,276,239
050,37,189,"North Carolina","Watauga County",3,33,462,241,221
050,37,189,"North Carolina","Watauga County",3,34,465,242,223
050,37,189,"North Carolina","Watauga County",3,35,493,262,231
050,37,189,"North Carolina","Watauga County",3,36,464,238,226
050,37,189,"North Carolina","Watauga County",3,37,500,264,236
050,37,189,"North Carolina","Watauga County",3,38,528,275,253
050,37,189,"North Carolina","Watauga County",3,39,538,292,246
050,37,189,"North Carolina","Watauga County",3,40,551,297,254
050,37,189,"North Carolina","Watauga County",3,41,532,280,252
050,37,189,"North Carolina","Watauga County",3,42,507,262,245
050,37,189,"North Carolina","Watauga County",3,43,507,264,243
050,37,189,"North Carolina","Watauga County",3,44,523,284,239
050,37,189,"North Carolina","Watauga County",3,45,534,271,263
050,37,189,"North Carolina","Watauga County",3,46,538,276,262
050,37,189,"North Carolina","Watauga County",3,47,536,274,262
050,37,189,"North Carolina","Watauga County",3,48,518,272,246
050,37,189,"North Carolina","Watauga County",3,49,546,287,259
050,37,189,"North Carolina","Watauga County",3,50,592,297,295
050,37,189,"North Carolina","Watauga County",3,51,569,285,284
050,37,189,"North Carolina","Watauga County",3,52,549,291,258
050,37,189,"North Carolina","Watauga County",3,53,545,281,264
050,37,189,"North Carolina","Watauga County",3,54,566,302,264
050,37,189,"North Carolina","Watauga County",3,55,563,282,281
050,37,189,"North Carolina","Watauga County",3,56,572,278,294
050,37,189,"North Carolina","Watauga County",3,57,606,295,311
050,37,189,"North Carolina","Watauga County",3,58,645,311,334
050,37,189,"North Carolina","Watauga County",3,59,658,310,348
050,37,189,"North Carolina","Watauga County",3,60,672,313,359
050,37,189,"North Carolina","Watauga County",3,61,618,292,326
050,37,189,"North Carolina","Watauga County",3,62,624,294,330
050,37,189,"North Carolina","Watauga County",3,63,688,333,355
050,37,189,"North Carolina","Watauga County",3,64,693,333,360
050,37,189,"North Carolina","Watauga County",3,65,664,313,351
050,37,189,"North Carolina","Watauga County",3,66,656,327,329
050,37,189,"North Carolina","Watauga County",3,67,622,306,316
050,37,189,"North Carolina","Watauga County",3,68,592,274,318
050,37,189,"North Carolina","Watauga County",3,69,589,287,302
050,37,189,"North Carolina","Watauga County",3,70,578,298,280
050,37,189,"North Carolina","Watauga County",3,71,527,260,267
050,37,189,"North Carolina","Watauga County",3,72,492,241,251
050,37,189,"North Carolina","Watauga County",3,73,475,227,248
050,37,189,"North Carolina","Watauga County",3,74,474,231,243
050,37,189,"North Carolina","Watauga County",3,75,336,166,170
050,37,189,"North Carolina","Watauga County",3,76,334,165,169
050,37,189,"North Carolina","Watauga County",3,77,313,149,164
050,37,189,"North Carolina","Watauga County",3,78,310,148,162
050,37,189,"North Carolina","Watauga County",3,79,243,114,129
050,37,189,"North Carolina","Watauga County",3,80,233,105,128
050,37,189,"North Carolina","Watauga County",3,81,223,109,114
050,37,189,"North Carolina","Watauga County",3,82,193,94,99
050,37,189,"North Carolina","Watauga County",3,83,164,80,84
050,37,189,"North Carolina","Watauga County",3,84,150,72,78
050,37,189,"North Carolina","Watauga County",3,85,798,306,492
050,37,189,"North Carolina","Watauga County",4,0,304,148,156
050,37,189,"North Carolina","Watauga County",4,1,296,150,146
050,37,189,"North Carolina","Watauga County",4,2,299,143,156
050,37,189,"North Carolina","Watauga County",4,3,317,149,168
050,37,189,"North Carolina","Watauga County",4,4,350,182,168
050,37,189,"North Carolina","Watauga County",4,5,349,179,170
050,37,189,"North Carolina","Watauga County",4,6,330,186,144
050,37,189,"North Carolina","Watauga County",4,7,360,180,180
050,37,189,"North Carolina","Watauga County",4,8,370,195,175
050,37,189,"North Carolina","Watauga County",4,9,354,189,165
050,37,189,"North Carolina","Watauga County",4,10,362,187,175
050,37,189,"North Carolina","Watauga County",4,11,395,199,196
050,37,189,"North Carolina","Watauga County",4,12,420,202,218
050,37,189,"North Carolina","Watauga County",4,13,442,234,208
050,37,189,"North Carolina","Watauga County",4,14,442,231,211
050,37,189,"North Carolina","Watauga County",4,15,445,228,217
050,37,189,"North Carolina","Watauga County",4,16,441,210,231
050,37,189,"North Carolina","Watauga County",4,17,442,224,218
050,37,189,"North Carolina","Watauga County",4,18,2092,912,1180
050,37,189,"North Carolina","Watauga County",4,19,3797,1770,2027
050,37,189,"North Carolina","Watauga County",4,20,3312,1592,1720
050,37,189,"North Carolina","Watauga County",4,21,2833,1536,1297
050,37,189,"North Carolina","Watauga County",4,22,2283,1141,1142
050,37,189,"North Carolina","Watauga County",4,23,1548,812,736
050,37,189,"North Carolina","Watauga County",4,24,885,426,459
050,37,189,"North Carolina","Watauga County",4,25,804,425,379
050,37,189,"North Carolina","Watauga County",4,26,584,300,284
050,37,189,"North Carolina","Watauga County",4,27,557,267,290
050,37,189,"North Carolina","Watauga County",4,28,561,309,252
050,37,189,"North Carolina","Watauga County",4,29,487,260,227
050,37,189,"North Carolina","Watauga County",4,30,497,252,245
050,37,189,"North Carolina","Watauga County",4,31,520,258,262
050,37,189,"North Carolina","Watauga County",4,32,521,265,256
050,37,189,"North Carolina","Watauga County",4,33,485,249,236
050,37,189,"North Carolina","Watauga County",4,34,475,251,224
050,37,189,"North Carolina","Watauga County",4,35,459,237,222
050,37,189,"North Carolina","Watauga County",4,36,477,247,230
050,37,189,"North Carolina","Watauga County",4,37,479,247,232
050,37,189,"North Carolina","Watauga County",4,38,495,259,236
050,37,189,"North Carolina","Watauga County",4,39,538,278,260
050,37,189,"North Carolina","Watauga County",4,40,540,299,241
050,37,189,"North Carolina","Watauga County",4,41,577,317,260
050,37,189,"North Carolina","Watauga County",4,42,536,292,244
050,37,189,"North Carolina","Watauga County",4,43,500,259,241
050,37,189,"North Carolina","Watauga County",4,44,520,269,251
050,37,189,"North Carolina","Watauga County",4,45,524,283,241
050,37,189,"North Carolina","Watauga County",4,46,522,264,258
050,37,189,"North Carolina","Watauga County",4,47,536,273,263
050,37,189,"North Carolina","Watauga County",4,48,512,261,251
050,37,189,"North Carolina","Watauga County",4,49,507,274,233
050,37,189,"North Carolina","Watauga County",4,50,560,294,266
050,37,189,"North Carolina","Watauga County",4,51,595,295,300
050,37,189,"North Carolina","Watauga County",4,52,593,295,298
050,37,189,"North Carolina","Watauga County",4,53,556,299,257
050,37,189,"North Carolina","Watauga County",4,54,537,272,265
050,37,189,"North Carolina","Watauga County",4,55,565,297,268
050,37,189,"North Carolina","Watauga County",4,56,536,268,268
050,37,189,"North Carolina","Watauga County",4,57,580,291,289
050,37,189,"North Carolina","Watauga County",4,58,593,286,307
050,37,189,"North Carolina","Watauga County",4,59,660,320,340
050,37,189,"North Carolina","Watauga County",4,60,671,317,354
050,37,189,"North Carolina","Watauga County",4,61,681,325,356
050,37,189,"North Carolina","Watauga County",4,62,591,274,317
050,37,189,"North Carolina","Watauga County",4,63,603,286,317
050,37,189,"North Carolina","Watauga County",4,64,665,327,338
050,37,189,"North Carolina","Watauga County",4,65,680,323,357
050,37,189,"North Carolina","Watauga County",4,66,676,328,348
050,37,189,"North Carolina","Watauga County",4,67,652,329,323
050,37,189,"North Carolina","Watauga County",4,68,621,299,322
050,37,189,"North Carolina","Watauga County",4,69,580,270,310
050,37,189,"North Carolina","Watauga County",4,70,574,274,300
050,37,189,"North Carolina","Watauga County",4,71,571,289,282
050,37,189,"North Carolina","Watauga County",4,72,514,256,258
050,37,189,"North Carolina","Watauga County",4,73,479,230,249
050,37,189,"North Carolina","Watauga County",4,74,459,218,241
050,37,189,"North Carolina","Watauga County",4,75,457,221,236
050,37,189,"North Carolina","Watauga County",4,76,324,162,162
050,37,189,"North Carolina","Watauga County",4,77,319,156,163
050,37,189,"North Carolina","Watauga County",4,78,304,147,157
050,37,189,"North Carolina","Watauga County",4,79,288,140,148
050,37,189,"North Carolina","Watauga County",4,80,232,107,125
050,37,189,"North Carolina","Watauga County",4,81,226,107,119
050,37,189,"North Carolina","Watauga County",4,82,212,102,110
050,37,189,"North Carolina","Watauga County",4,83,181,86,95
050,37,189,"North Carolina","Watauga County",4,84,155,77,78
050,37,189,"North Carolina","Watauga County",4,85,842,346,496
050,37,189,"North Carolina","Watauga County",5,0,304,146,158
050,37,189,"North Carolina","Watauga County",5,1,293,147,146
050,37,189,"North Carolina","Watauga County",5,2,295,145,150
050,37,189,"North Carolina","Watauga County",5,3,298,142,156
050,37,189,"North Carolina","Watauga County",5,4,324,151,173
050,37,189,"North Carolina","Watauga County",5,5,349,189,160
050,37,189,"North Carolina","Watauga County",5,6,354,184,170
050,37,189,"North Carolina","Watauga County",5,7,335,183,152
050,37,189,"North Carolina","Watauga County",5,8,371,182,189
050,37,189,"North Carolina","Watauga County",5,9,381,195,186
050,37,189,"North Carolina","Watauga County",5,10,368,194,174
050,37,189,"North Carolina","Watauga County",5,11,353,188,165
050,37,189,"North Carolina","Watauga County",5,12,399,200,199
050,37,189,"North Carolina","Watauga County",5,13,420,208,212
050,37,189,"North Carolina","Watauga County",5,14,443,225,218
050,37,189,"North Carolina","Watauga County",5,15,450,238,212
050,37,189,"North Carolina","Watauga County",5,16,445,226,219
050,37,189,"North Carolina","Watauga County",5,17,445,203,242
050,37,189,"North Carolina","Watauga County",5,18,2100,921,1179
050,37,189,"North Carolina","Watauga County",5,19,3779,1748,2031
050,37,189,"North Carolina","Watauga County",5,20,3295,1583,1712
050,37,189,"North Carolina","Watauga County",5,21,2815,1523,1292
050,37,189,"North Carolina","Watauga County",5,22,2247,1145,1102
050,37,189,"North Carolina","Watauga County",5,23,1602,831,771
050,37,189,"North Carolina","Watauga County",5,24,948,467,481
050,37,189,"North Carolina","Watauga County",5,25,745,380,365
050,37,189,"North Carolina","Watauga County",5,26,532,247,285
050,37,189,"North Carolina","Watauga County",5,27,515,262,253
050,37,189,"North Carolina","Watauga County",5,28,496,229,267
050,37,189,"North Carolina","Watauga County",5,29,538,296,242
050,37,189,"North Carolina","Watauga County",5,30,465,243,222
050,37,189,"North Carolina","Watauga County",5,31,486,248,238
050,37,189,"North Carolina","Watauga County",5,32,508,254,254
050,37,189,"North Carolina","Watauga County",5,33,510,258,252
050,37,189,"North Carolina","Watauga County",5,34,504,253,251
050,37,189,"North Carolina","Watauga County",5,35,474,255,219
050,37,189,"North Carolina","Watauga County",5,36,445,226,219
050,37,189,"North Carolina","Watauga County",5,37,465,238,227
050,37,189,"North Carolina","Watauga County",5,38,495,248,247
050,37,189,"North Carolina","Watauga County",5,39,488,248,240
050,37,189,"North Carolina","Watauga County",5,40,526,272,254
050,37,189,"North Carolina","Watauga County",5,41,547,297,250
050,37,189,"North Carolina","Watauga County",5,42,567,317,250
050,37,189,"North Carolina","Watauga County",5,43,531,289,242
050,37,189,"North Carolina","Watauga County",5,44,508,261,247
050,37,189,"North Carolina","Watauga County",5,45,514,261,253
050,37,189,"North Carolina","Watauga County",5,46,522,283,239
050,37,189,"North Carolina","Watauga County",5,47,517,259,258
050,37,189,"North Carolina","Watauga County",5,48,512,259,253
050,37,189,"North Carolina","Watauga County",5,49,487,253,234
050,37,189,"North Carolina","Watauga County",5,50,505,267,238
050,37,189,"North Carolina","Watauga County",5,51,559,291,268
050,37,189,"North Carolina","Watauga County",5,52,600,300,300
050,37,189,"North Carolina","Watauga County",5,53,578,283,295
050,37,189,"North Carolina","Watauga County",5,54,553,298,255
050,37,189,"North Carolina","Watauga County",5,55,559,280,279
050,37,189,"North Carolina","Watauga County",5,56,546,288,258
050,37,189,"North Carolina","Watauga County",5,57,551,274,277
050,37,189,"North Carolina","Watauga County",5,58,574,290,284
050,37,189,"North Carolina","Watauga County",5,59,588,281,307
050,37,189,"North Carolina","Watauga County",5,60,662,320,342
050,37,189,"North Carolina","Watauga County",5,61,673,322,351
050,37,189,"North Carolina","Watauga County",5,62,656,313,343
050,37,189,"North Carolina","Watauga County",5,63,575,269,306
050,37,189,"North Carolina","Watauga County",5,64,604,295,309
050,37,189,"North Carolina","Watauga County",5,65,652,311,341
050,37,189,"North Carolina","Watauga County",5,66,680,324,356
050,37,189,"North Carolina","Watauga County",5,67,671,327,344
050,37,189,"North Carolina","Watauga County",5,68,644,316,328
050,37,189,"North Carolina","Watauga County",5,69,612,298,314
050,37,189,"North Carolina","Watauga County",5,70,564,258,306
050,37,189,"North Carolina","Watauga County",5,71,560,267,293
050,37,189,"North Carolina","Watauga County",5,72,566,294,272
050,37,189,"North Carolina","Watauga County",5,73,499,249,250
050,37,189,"North Carolina","Watauga County",5,74,472,224,248
050,37,189,"North Carolina","Watauga County",5,75,449,210,239
050,37,189,"North Carolina","Watauga County",5,76,438,210,228
050,37,189,"North Carolina","Watauga County",5,77,315,154,161
050,37,189,"North Carolina","Watauga County",5,78,300,146,154
050,37,189,"North Carolina","Watauga County",5,79,287,140,147
050,37,189,"North Carolina","Watauga County",5,80,275,130,145
050,37,189,"North Carolina","Watauga County",5,81,225,107,118
050,37,189,"North Carolina","Watauga County",5,82,213,99,114
050,37,189,"North Carolina","Watauga County",5,83,196,93,103
050,37,189,"North Carolina","Watauga County",5,84,169,81,88
050,37,189,"North Carolina","Watauga County",5,85,868,366,502
050,37,191,"North Carolina","Wayne County",1,0,1479,749,730
050,37,191,"North Carolina","Wayne County",1,1,1484,746,738
050,37,191,"North Carolina","Wayne County",1,2,1487,775,712
050,37,191,"North Carolina","Wayne County",1,3,1501,756,745
050,37,191,"North Carolina","Wayne County",1,4,1551,807,744
050,37,191,"North Carolina","Wayne County",1,5,1591,809,782
050,37,191,"North Carolina","Wayne County",1,6,1549,779,770
050,37,191,"North Carolina","Wayne County",1,7,1537,784,753
050,37,191,"North Carolina","Wayne County",1,8,1530,768,762
050,37,191,"North Carolina","Wayne County",1,9,1482,762,720
050,37,191,"North Carolina","Wayne County",1,10,1558,794,764
050,37,191,"North Carolina","Wayne County",1,11,1609,828,781
050,37,191,"North Carolina","Wayne County",1,12,1617,867,750
050,37,191,"North Carolina","Wayne County",1,13,1638,862,776
050,37,191,"North Carolina","Wayne County",1,14,1593,822,771
050,37,191,"North Carolina","Wayne County",1,15,1550,768,782
050,37,191,"North Carolina","Wayne County",1,16,1527,762,765
050,37,191,"North Carolina","Wayne County",1,17,1543,794,749
050,37,191,"North Carolina","Wayne County",1,18,1473,753,720
050,37,191,"North Carolina","Wayne County",1,19,1478,809,669
050,37,191,"North Carolina","Wayne County",1,20,1570,888,682
050,37,191,"North Carolina","Wayne County",1,21,1658,949,709
050,37,191,"North Carolina","Wayne County",1,22,1710,968,742
050,37,191,"North Carolina","Wayne County",1,23,1640,897,743
050,37,191,"North Carolina","Wayne County",1,24,1619,880,739
050,37,191,"North Carolina","Wayne County",1,25,1664,879,785
050,37,191,"North Carolina","Wayne County",1,26,1642,880,762
050,37,191,"North Carolina","Wayne County",1,27,1645,877,768
050,37,191,"North Carolina","Wayne County",1,28,1699,894,805
050,37,191,"North Carolina","Wayne County",1,29,1673,885,788
050,37,191,"North Carolina","Wayne County",1,30,1665,840,825
050,37,191,"North Carolina","Wayne County",1,31,1538,799,739
050,37,191,"North Carolina","Wayne County",1,32,1497,754,743
050,37,191,"North Carolina","Wayne County",1,33,1447,738,709
050,37,191,"North Carolina","Wayne County",1,34,1451,739,712
050,37,191,"North Carolina","Wayne County",1,35,1493,746,747
050,37,191,"North Carolina","Wayne County",1,36,1395,675,720
050,37,191,"North Carolina","Wayne County",1,37,1399,701,698
050,37,191,"North Carolina","Wayne County",1,38,1398,749,649
050,37,191,"North Carolina","Wayne County",1,39,1434,726,708
050,37,191,"North Carolina","Wayne County",1,40,1363,683,680
050,37,191,"North Carolina","Wayne County",1,41,1305,693,612
050,37,191,"North Carolina","Wayne County",1,42,1304,629,675
050,37,191,"North Carolina","Wayne County",1,43,1300,626,674
050,37,191,"North Carolina","Wayne County",1,44,1309,632,677
050,37,191,"North Carolina","Wayne County",1,45,1299,638,661
050,37,191,"North Carolina","Wayne County",1,46,1309,637,672
050,37,191,"North Carolina","Wayne County",1,47,1371,658,713
050,37,191,"North Carolina","Wayne County",1,48,1454,707,747
050,37,191,"North Carolina","Wayne County",1,49,1454,705,749
050,37,191,"North Carolina","Wayne County",1,50,1399,670,729
050,37,191,"North Carolina","Wayne County",1,51,1416,700,716
050,37,191,"North Carolina","Wayne County",1,52,1393,693,700
050,37,191,"North Carolina","Wayne County",1,53,1417,747,670
050,37,191,"North Carolina","Wayne County",1,54,1456,718,738
050,37,191,"North Carolina","Wayne County",1,55,1555,802,753
050,37,191,"North Carolina","Wayne County",1,56,1631,840,791
050,37,191,"North Carolina","Wayne County",1,57,1563,794,769
050,37,191,"North Carolina","Wayne County",1,58,1567,775,792
050,37,191,"North Carolina","Wayne County",1,59,1514,707,807
050,37,191,"North Carolina","Wayne County",1,60,1545,735,810
050,37,191,"North Carolina","Wayne County",1,61,1523,714,809
050,37,191,"North Carolina","Wayne County",1,62,1516,724,792
050,37,191,"North Carolina","Wayne County",1,63,1506,713,793
050,37,191,"North Carolina","Wayne County",1,64,1461,675,786
050,37,191,"North Carolina","Wayne County",1,65,1383,648,735
050,37,191,"North Carolina","Wayne County",1,66,1358,652,706
050,37,191,"North Carolina","Wayne County",1,67,1320,625,695
050,37,191,"North Carolina","Wayne County",1,68,1305,603,702
050,37,191,"North Carolina","Wayne County",1,69,1203,532,671
050,37,191,"North Carolina","Wayne County",1,70,1147,522,625
050,37,191,"North Carolina","Wayne County",1,71,1088,508,580
050,37,191,"North Carolina","Wayne County",1,72,1092,520,572
050,37,191,"North Carolina","Wayne County",1,73,1039,477,562
050,37,191,"North Carolina","Wayne County",1,74,734,324,410
050,37,191,"North Carolina","Wayne County",1,75,778,330,448
050,37,191,"North Carolina","Wayne County",1,76,800,322,478
050,37,191,"North Carolina","Wayne County",1,77,703,295,408
050,37,191,"North Carolina","Wayne County",1,78,617,249,368
050,37,191,"North Carolina","Wayne County",1,79,554,233,321
050,37,191,"North Carolina","Wayne County",1,80,516,219,297
050,37,191,"North Carolina","Wayne County",1,81,525,232,293
050,37,191,"North Carolina","Wayne County",1,82,470,181,289
050,37,191,"North Carolina","Wayne County",1,83,423,170,253
050,37,191,"North Carolina","Wayne County",1,84,390,166,224
050,37,191,"North Carolina","Wayne County",1,85,1932,667,1265
050,37,191,"North Carolina","Wayne County",2,0,1461,748,713
050,37,191,"North Carolina","Wayne County",2,1,1481,748,733
050,37,191,"North Carolina","Wayne County",2,2,1496,772,724
050,37,191,"North Carolina","Wayne County",2,3,1489,756,733
050,37,191,"North Carolina","Wayne County",2,4,1546,797,749
050,37,191,"North Carolina","Wayne County",2,5,1583,811,772
050,37,191,"North Carolina","Wayne County",2,6,1564,793,771
050,37,191,"North Carolina","Wayne County",2,7,1537,781,756
050,37,191,"North Carolina","Wayne County",2,8,1524,769,755
050,37,191,"North Carolina","Wayne County",2,9,1495,765,730
050,37,191,"North Carolina","Wayne County",2,10,1545,788,757
050,37,191,"North Carolina","Wayne County",2,11,1590,819,771
050,37,191,"North Carolina","Wayne County",2,12,1627,864,763
050,37,191,"North Carolina","Wayne County",2,13,1632,861,771
050,37,191,"North Carolina","Wayne County",2,14,1598,830,768
050,37,191,"North Carolina","Wayne County",2,15,1561,783,778
050,37,191,"North Carolina","Wayne County",2,16,1535,766,769
050,37,191,"North Carolina","Wayne County",2,17,1539,786,753
050,37,191,"North Carolina","Wayne County",2,18,1478,762,716
050,37,191,"North Carolina","Wayne County",2,19,1481,810,671
050,37,191,"North Carolina","Wayne County",2,20,1593,896,697
050,37,191,"North Carolina","Wayne County",2,21,1652,937,715
050,37,191,"North Carolina","Wayne County",2,22,1701,959,742
050,37,191,"North Carolina","Wayne County",2,23,1666,918,748
050,37,191,"North Carolina","Wayne County",2,24,1608,871,737
050,37,191,"North Carolina","Wayne County",2,25,1645,878,767
050,37,191,"North Carolina","Wayne County",2,26,1630,866,764
050,37,191,"North Carolina","Wayne County",2,27,1636,872,764
050,37,191,"North Carolina","Wayne County",2,28,1684,890,794
050,37,191,"North Carolina","Wayne County",2,29,1679,883,796
050,37,191,"North Carolina","Wayne County",2,30,1672,851,821
050,37,191,"North Carolina","Wayne County",2,31,1558,798,760
050,37,191,"North Carolina","Wayne County",2,32,1504,764,740
050,37,191,"North Carolina","Wayne County",2,33,1458,744,714
050,37,191,"North Carolina","Wayne County",2,34,1437,728,709
050,37,191,"North Carolina","Wayne County",2,35,1491,750,741
050,37,191,"North Carolina","Wayne County",2,36,1398,680,718
050,37,191,"North Carolina","Wayne County",2,37,1396,698,698
050,37,191,"North Carolina","Wayne County",2,38,1413,744,669
050,37,191,"North Carolina","Wayne County",2,39,1403,719,684
050,37,191,"North Carolina","Wayne County",2,40,1384,699,685
050,37,191,"North Carolina","Wayne County",2,41,1320,690,630
050,37,191,"North Carolina","Wayne County",2,42,1279,624,655
050,37,191,"North Carolina","Wayne County",2,43,1316,639,677
050,37,191,"North Carolina","Wayne County",2,44,1295,622,673
050,37,191,"North Carolina","Wayne County",2,45,1315,643,672
050,37,191,"North Carolina","Wayne County",2,46,1301,632,669
050,37,191,"North Carolina","Wayne County",2,47,1352,652,700
050,37,191,"North Carolina","Wayne County",2,48,1437,700,737
050,37,191,"North Carolina","Wayne County",2,49,1458,708,750
050,37,191,"North Carolina","Wayne County",2,50,1403,670,733
050,37,191,"North Carolina","Wayne County",2,51,1402,690,712
050,37,191,"North Carolina","Wayne County",2,52,1391,689,702
050,37,191,"North Carolina","Wayne County",2,53,1406,730,676
050,37,191,"North Carolina","Wayne County",2,54,1439,723,716
050,37,191,"North Carolina","Wayne County",2,55,1517,771,746
050,37,191,"North Carolina","Wayne County",2,56,1611,832,779
050,37,191,"North Carolina","Wayne County",2,57,1571,802,769
050,37,191,"North Carolina","Wayne County",2,58,1559,774,785
050,37,191,"North Carolina","Wayne County",2,59,1523,720,803
050,37,191,"North Carolina","Wayne County",2,60,1519,719,800
050,37,191,"North Carolina","Wayne County",2,61,1514,711,803
050,37,191,"North Carolina","Wayne County",2,62,1501,713,788
050,37,191,"North Carolina","Wayne County",2,63,1518,724,794
050,37,191,"North Carolina","Wayne County",2,64,1454,674,780
050,37,191,"North Carolina","Wayne County",2,65,1398,649,749
050,37,191,"North Carolina","Wayne County",2,66,1362,648,714
050,37,191,"North Carolina","Wayne County",2,67,1319,626,693
050,37,191,"North Carolina","Wayne County",2,68,1295,599,696
050,37,191,"North Carolina","Wayne County",2,69,1237,554,683
050,37,191,"North Carolina","Wayne County",2,70,1156,526,630
050,37,191,"North Carolina","Wayne County",2,71,1096,507,589
050,37,191,"North Carolina","Wayne County",2,72,1069,505,564
050,37,191,"North Carolina","Wayne County",2,73,1092,508,584
050,37,191,"North Carolina","Wayne County",2,74,758,339,419
050,37,191,"North Carolina","Wayne County",2,75,771,330,441
050,37,191,"North Carolina","Wayne County",2,76,780,316,464
050,37,191,"North Carolina","Wayne County",2,77,726,301,425
050,37,191,"North Carolina","Wayne County",2,78,609,249,360
050,37,191,"North Carolina","Wayne County",2,79,564,232,332
050,37,191,"North Carolina","Wayne County",2,80,510,216,294
050,37,191,"North Carolina","Wayne County",2,81,508,221,287
050,37,191,"North Carolina","Wayne County",2,82,472,183,289
050,37,191,"North Carolina","Wayne County",2,83,423,170,253
050,37,191,"North Carolina","Wayne County",2,84,376,160,216
050,37,191,"North Carolina","Wayne County",2,85,1929,670,1259
050,37,191,"North Carolina","Wayne County",3,0,1551,766,785
050,37,191,"North Carolina","Wayne County",3,1,1454,735,719
050,37,191,"North Carolina","Wayne County",3,2,1461,731,730
050,37,191,"North Carolina","Wayne County",3,3,1486,731,755
050,37,191,"North Carolina","Wayne County",3,4,1474,750,724
050,37,191,"North Carolina","Wayne County",3,5,1530,788,742
050,37,191,"North Carolina","Wayne County",3,6,1567,785,782
050,37,191,"North Carolina","Wayne County",3,7,1544,772,772
050,37,191,"North Carolina","Wayne County",3,8,1522,772,750
050,37,191,"North Carolina","Wayne County",3,9,1504,756,748
050,37,191,"North Carolina","Wayne County",3,10,1513,780,733
050,37,191,"North Carolina","Wayne County",3,11,1549,768,781
050,37,191,"North Carolina","Wayne County",3,12,1561,794,767
050,37,191,"North Carolina","Wayne County",3,13,1583,839,744
050,37,191,"North Carolina","Wayne County",3,14,1609,849,760
050,37,191,"North Carolina","Wayne County",3,15,1594,824,770
050,37,191,"North Carolina","Wayne County",3,16,1578,790,788
050,37,191,"North Carolina","Wayne County",3,17,1550,771,779
050,37,191,"North Carolina","Wayne County",3,18,1440,738,702
050,37,191,"North Carolina","Wayne County",3,19,1434,777,657
050,37,191,"North Carolina","Wayne County",3,20,1645,908,737
050,37,191,"North Carolina","Wayne County",3,21,1658,938,720
050,37,191,"North Carolina","Wayne County",3,22,1702,943,759
050,37,191,"North Carolina","Wayne County",3,23,1720,964,756
050,37,191,"North Carolina","Wayne County",3,24,1612,871,741
050,37,191,"North Carolina","Wayne County",3,25,1645,895,750
050,37,191,"North Carolina","Wayne County",3,26,1617,860,757
050,37,191,"North Carolina","Wayne County",3,27,1621,843,778
050,37,191,"North Carolina","Wayne County",3,28,1633,871,762
050,37,191,"North Carolina","Wayne County",3,29,1665,866,799
050,37,191,"North Carolina","Wayne County",3,30,1633,859,774
050,37,191,"North Carolina","Wayne County",3,31,1691,859,832
050,37,191,"North Carolina","Wayne County",3,32,1554,798,756
050,37,191,"North Carolina","Wayne County",3,33,1524,763,761
050,37,191,"North Carolina","Wayne County",3,34,1379,683,696
050,37,191,"North Carolina","Wayne County",3,35,1441,754,687
050,37,191,"North Carolina","Wayne County",3,36,1456,732,724
050,37,191,"North Carolina","Wayne County",3,37,1391,677,714
050,37,191,"North Carolina","Wayne County",3,38,1397,691,706
050,37,191,"North Carolina","Wayne County",3,39,1363,713,650
050,37,191,"North Carolina","Wayne County",3,40,1376,698,678
050,37,191,"North Carolina","Wayne County",3,41,1410,728,682
050,37,191,"North Carolina","Wayne County",3,42,1253,635,618
050,37,191,"North Carolina","Wayne County",3,43,1297,641,656
050,37,191,"North Carolina","Wayne County",3,44,1286,598,688
050,37,191,"North Carolina","Wayne County",3,45,1277,613,664
050,37,191,"North Carolina","Wayne County",3,46,1277,609,668
050,37,191,"North Carolina","Wayne County",3,47,1280,611,669
050,37,191,"North Carolina","Wayne County",3,48,1383,678,705
050,37,191,"North Carolina","Wayne County",3,49,1422,687,735
050,37,191,"North Carolina","Wayne County",3,50,1402,658,744
050,37,191,"North Carolina","Wayne County",3,51,1421,689,732
050,37,191,"North Carolina","Wayne County",3,52,1377,659,718
050,37,191,"North Carolina","Wayne County",3,53,1389,698,691
050,37,191,"North Carolina","Wayne County",3,54,1410,722,688
050,37,191,"North Carolina","Wayne County",3,55,1415,697,718
050,37,191,"North Carolina","Wayne County",3,56,1500,773,727
050,37,191,"North Carolina","Wayne County",3,57,1586,824,762
050,37,191,"North Carolina","Wayne County",3,58,1565,797,768
050,37,191,"North Carolina","Wayne County",3,59,1524,738,786
050,37,191,"North Carolina","Wayne County",3,60,1488,709,779
050,37,191,"North Carolina","Wayne County",3,61,1494,717,777
050,37,191,"North Carolina","Wayne County",3,62,1457,674,783
050,37,191,"North Carolina","Wayne County",3,63,1471,701,770
050,37,191,"North Carolina","Wayne County",3,64,1465,697,768
050,37,191,"North Carolina","Wayne County",3,65,1433,647,786
050,37,191,"North Carolina","Wayne County",3,66,1362,627,735
050,37,191,"North Carolina","Wayne County",3,67,1319,629,690
050,37,191,"North Carolina","Wayne County",3,68,1297,609,688
050,37,191,"North Carolina","Wayne County",3,69,1275,594,681
050,37,191,"North Carolina","Wayne County",3,70,1212,545,667
050,37,191,"North Carolina","Wayne County",3,71,1120,508,612
050,37,191,"North Carolina","Wayne County",3,72,1054,486,568
050,37,191,"North Carolina","Wayne County",3,73,1013,478,535
050,37,191,"North Carolina","Wayne County",3,74,1063,490,573
050,37,191,"North Carolina","Wayne County",3,75,737,324,413
050,37,191,"North Carolina","Wayne County",3,76,733,308,425
050,37,191,"North Carolina","Wayne County",3,77,720,295,425
050,37,191,"North Carolina","Wayne County",3,78,686,284,402
050,37,191,"North Carolina","Wayne County",3,79,579,247,332
050,37,191,"North Carolina","Wayne County",3,80,513,211,302
050,37,191,"North Carolina","Wayne County",3,81,482,212,270
050,37,191,"North Carolina","Wayne County",3,82,463,195,268
050,37,191,"North Carolina","Wayne County",3,83,423,164,259
050,37,191,"North Carolina","Wayne County",3,84,367,151,216
050,37,191,"North Carolina","Wayne County",3,85,1930,688,1242
050,37,191,"North Carolina","Wayne County",4,0,1582,820,762
050,37,191,"North Carolina","Wayne County",4,1,1587,776,811
050,37,191,"North Carolina","Wayne County",4,2,1464,758,706
050,37,191,"North Carolina","Wayne County",4,3,1476,722,754
050,37,191,"North Carolina","Wayne County",4,4,1508,749,759
050,37,191,"North Carolina","Wayne County",4,5,1503,765,738
050,37,191,"North Carolina","Wayne County",4,6,1539,796,743
050,37,191,"North Carolina","Wayne County",4,7,1608,802,806
050,37,191,"North Carolina","Wayne County",4,8,1552,773,779
050,37,191,"North Carolina","Wayne County",4,9,1512,759,753
050,37,191,"North Carolina","Wayne County",4,10,1517,761,756
050,37,191,"North Carolina","Wayne County",4,11,1547,780,767
050,37,191,"North Carolina","Wayne County",4,12,1569,789,780
050,37,191,"North Carolina","Wayne County",4,13,1563,798,765
050,37,191,"North Carolina","Wayne County",4,14,1603,849,754
050,37,191,"North Carolina","Wayne County",4,15,1617,841,776
050,37,191,"North Carolina","Wayne County",4,16,1631,851,780
050,37,191,"North Carolina","Wayne County",4,17,1569,804,765
050,37,191,"North Carolina","Wayne County",4,18,1476,745,731
050,37,191,"North Carolina","Wayne County",4,19,1407,762,645
050,37,191,"North Carolina","Wayne County",4,20,1618,914,704
050,37,191,"North Carolina","Wayne County",4,21,1738,961,777
050,37,191,"North Carolina","Wayne County",4,22,1697,952,745
050,37,191,"North Carolina","Wayne County",4,23,1715,932,783
050,37,191,"North Carolina","Wayne County",4,24,1639,892,747
050,37,191,"North Carolina","Wayne County",4,25,1618,865,753
050,37,191,"North Carolina","Wayne County",4,26,1589,851,738
050,37,191,"North Carolina","Wayne County",4,27,1622,865,757
050,37,191,"North Carolina","Wayne County",4,28,1625,826,799
050,37,191,"North Carolina","Wayne County",4,29,1616,851,765
050,37,191,"North Carolina","Wayne County",4,30,1687,891,796
050,37,191,"North Carolina","Wayne County",4,31,1595,824,771
050,37,191,"North Carolina","Wayne County",4,32,1696,855,841
050,37,191,"North Carolina","Wayne County",4,33,1553,809,744
050,37,191,"North Carolina","Wayne County",4,34,1496,729,767
050,37,191,"North Carolina","Wayne County",4,35,1386,705,681
050,37,191,"North Carolina","Wayne County",4,36,1418,720,698
050,37,191,"North Carolina","Wayne County",4,37,1479,741,738
050,37,191,"North Carolina","Wayne County",4,38,1380,671,709
050,37,191,"North Carolina","Wayne County",4,39,1369,662,707
050,37,191,"North Carolina","Wayne County",4,40,1348,685,663
050,37,191,"North Carolina","Wayne County",4,41,1404,728,676
050,37,191,"North Carolina","Wayne County",4,42,1355,674,681
050,37,191,"North Carolina","Wayne County",4,43,1277,666,611
050,37,191,"North Carolina","Wayne County",4,44,1258,587,671
050,37,191,"North Carolina","Wayne County",4,45,1286,599,687
050,37,191,"North Carolina","Wayne County",4,46,1279,588,691
050,37,191,"North Carolina","Wayne County",4,47,1266,607,659
050,37,191,"North Carolina","Wayne County",4,48,1280,623,657
050,37,191,"North Carolina","Wayne County",4,49,1375,677,698
050,37,191,"North Carolina","Wayne County",4,50,1362,638,724
050,37,191,"North Carolina","Wayne County",4,51,1417,680,737
050,37,191,"North Carolina","Wayne County",4,52,1401,666,735
050,37,191,"North Carolina","Wayne County",4,53,1379,668,711
050,37,191,"North Carolina","Wayne County",4,54,1376,689,687
050,37,191,"North Carolina","Wayne County",4,55,1381,694,687
050,37,191,"North Carolina","Wayne County",4,56,1391,700,691
050,37,191,"North Carolina","Wayne County",4,57,1489,770,719
050,37,191,"North Carolina","Wayne County",4,58,1568,795,773
050,37,191,"North Carolina","Wayne County",4,59,1560,797,763
050,37,191,"North Carolina","Wayne County",4,60,1507,725,782
050,37,191,"North Carolina","Wayne County",4,61,1468,706,762
050,37,191,"North Carolina","Wayne County",4,62,1459,700,759
050,37,191,"North Carolina","Wayne County",4,63,1468,686,782
050,37,191,"North Carolina","Wayne County",4,64,1442,679,763
050,37,191,"North Carolina","Wayne County",4,65,1438,671,767
050,37,191,"North Carolina","Wayne County",4,66,1433,648,785
050,37,191,"North Carolina","Wayne County",4,67,1342,622,720
050,37,191,"North Carolina","Wayne County",4,68,1285,603,682
050,37,191,"North Carolina","Wayne County",4,69,1277,607,670
050,37,191,"North Carolina","Wayne County",4,70,1251,592,659
050,37,191,"North Carolina","Wayne County",4,71,1199,534,665
050,37,191,"North Carolina","Wayne County",4,72,1085,485,600
050,37,191,"North Carolina","Wayne County",4,73,1013,467,546
050,37,191,"North Carolina","Wayne County",4,74,994,465,529
050,37,191,"North Carolina","Wayne County",4,75,1045,474,571
050,37,191,"North Carolina","Wayne County",4,76,716,307,409
050,37,191,"North Carolina","Wayne County",4,77,669,284,385
050,37,191,"North Carolina","Wayne County",4,78,678,275,403
050,37,191,"North Carolina","Wayne County",4,79,645,267,378
050,37,191,"North Carolina","Wayne County",4,80,540,224,316
050,37,191,"North Carolina","Wayne County",4,81,496,212,284
050,37,191,"North Carolina","Wayne County",4,82,446,186,260
050,37,191,"North Carolina","Wayne County",4,83,418,175,243
050,37,191,"North Carolina","Wayne County",4,84,370,140,230
050,37,191,"North Carolina","Wayne County",4,85,1947,705,1242
050,37,191,"North Carolina","Wayne County",5,0,1567,813,754
050,37,191,"North Carolina","Wayne County",5,1,1626,860,766
050,37,191,"North Carolina","Wayne County",5,2,1620,786,834
050,37,191,"North Carolina","Wayne County",5,3,1495,777,718
050,37,191,"North Carolina","Wayne County",5,4,1512,732,780
050,37,191,"North Carolina","Wayne County",5,5,1559,773,786
050,37,191,"North Carolina","Wayne County",5,6,1496,748,748
050,37,191,"North Carolina","Wayne County",5,7,1548,799,749
050,37,191,"North Carolina","Wayne County",5,8,1636,824,812
050,37,191,"North Carolina","Wayne County",5,9,1578,786,792
050,37,191,"North Carolina","Wayne County",5,10,1537,770,767
050,37,191,"North Carolina","Wayne County",5,11,1553,781,772
050,37,191,"North Carolina","Wayne County",5,12,1564,792,772
050,37,191,"North Carolina","Wayne County",5,13,1570,790,780
050,37,191,"North Carolina","Wayne County",5,14,1560,802,758
050,37,191,"North Carolina","Wayne County",5,15,1585,843,742
050,37,191,"North Carolina","Wayne County",5,16,1657,870,787
050,37,191,"North Carolina","Wayne County",5,17,1655,863,792
050,37,191,"North Carolina","Wayne County",5,18,1468,765,703
050,37,191,"North Carolina","Wayne County",5,19,1437,790,647
050,37,191,"North Carolina","Wayne County",5,20,1558,874,684
050,37,191,"North Carolina","Wayne County",5,21,1682,940,742
050,37,191,"North Carolina","Wayne County",5,22,1807,996,811
050,37,191,"North Carolina","Wayne County",5,23,1754,954,800
050,37,191,"North Carolina","Wayne County",5,24,1702,909,793
050,37,191,"North Carolina","Wayne County",5,25,1615,880,735
050,37,191,"North Carolina","Wayne County",5,26,1582,817,765
050,37,191,"North Carolina","Wayne County",5,27,1623,850,773
050,37,191,"North Carolina","Wayne County",5,28,1651,877,774
050,37,191,"North Carolina","Wayne County",5,29,1617,823,794
050,37,191,"North Carolina","Wayne County",5,30,1633,870,763
050,37,191,"North Carolina","Wayne County",5,31,1662,862,800
050,37,191,"North Carolina","Wayne County",5,32,1614,838,776
050,37,191,"North Carolina","Wayne County",5,33,1733,873,860
050,37,191,"North Carolina","Wayne County",5,34,1535,780,755
050,37,191,"North Carolina","Wayne County",5,35,1489,725,764
050,37,191,"North Carolina","Wayne County",5,36,1392,716,676
050,37,191,"North Carolina","Wayne County",5,37,1461,746,715
050,37,191,"North Carolina","Wayne County",5,38,1486,748,738
050,37,191,"North Carolina","Wayne County",5,39,1354,652,702
050,37,191,"North Carolina","Wayne County",5,40,1359,658,701
050,37,191,"North Carolina","Wayne County",5,41,1372,707,665
050,37,191,"North Carolina","Wayne County",5,42,1343,677,666
050,37,191,"North Carolina","Wayne County",5,43,1405,713,692
050,37,191,"North Carolina","Wayne County",5,44,1286,648,638
050,37,191,"North Carolina","Wayne County",5,45,1257,596,661
050,37,191,"North Carolina","Wayne County",5,46,1275,583,692
050,37,191,"North Carolina","Wayne County",5,47,1276,586,690
050,37,191,"North Carolina","Wayne County",5,48,1293,624,669
050,37,191,"North Carolina","Wayne County",5,49,1292,632,660
050,37,191,"North Carolina","Wayne County",5,50,1338,647,691
050,37,191,"North Carolina","Wayne County",5,51,1397,658,739
050,37,191,"North Carolina","Wayne County",5,52,1386,650,736
050,37,191,"North Carolina","Wayne County",5,53,1417,680,737
050,37,191,"North Carolina","Wayne County",5,54,1396,675,721
050,37,191,"North Carolina","Wayne County",5,55,1350,661,689
050,37,191,"North Carolina","Wayne County",5,56,1368,705,663
050,37,191,"North Carolina","Wayne County",5,57,1409,709,700
050,37,191,"North Carolina","Wayne County",5,58,1502,765,737
050,37,191,"North Carolina","Wayne County",5,59,1546,775,771
050,37,191,"North Carolina","Wayne County",5,60,1541,790,751
050,37,191,"North Carolina","Wayne County",5,61,1523,733,790
050,37,191,"North Carolina","Wayne County",5,62,1446,698,748
050,37,191,"North Carolina","Wayne County",5,63,1458,709,749
050,37,191,"North Carolina","Wayne County",5,64,1439,665,774
050,37,191,"North Carolina","Wayne County",5,65,1448,671,777
050,37,191,"North Carolina","Wayne County",5,66,1401,660,741
050,37,191,"North Carolina","Wayne County",5,67,1413,641,772
050,37,191,"North Carolina","Wayne County",5,68,1303,591,712
050,37,191,"North Carolina","Wayne County",5,69,1257,599,658
050,37,191,"North Carolina","Wayne County",5,70,1269,608,661
050,37,191,"North Carolina","Wayne County",5,71,1229,576,653
050,37,191,"North Carolina","Wayne County",5,72,1169,516,653
050,37,191,"North Carolina","Wayne County",5,73,1055,472,583
050,37,191,"North Carolina","Wayne County",5,74,998,457,541
050,37,191,"North Carolina","Wayne County",5,75,971,447,524
050,37,191,"North Carolina","Wayne County",5,76,1015,453,562
050,37,191,"North Carolina","Wayne County",5,77,659,284,375
050,37,191,"North Carolina","Wayne County",5,78,635,270,365
050,37,191,"North Carolina","Wayne County",5,79,649,267,382
050,37,191,"North Carolina","Wayne County",5,80,588,235,353
050,37,191,"North Carolina","Wayne County",5,81,533,232,301
050,37,191,"North Carolina","Wayne County",5,82,467,189,278
050,37,191,"North Carolina","Wayne County",5,83,400,165,235
050,37,191,"North Carolina","Wayne County",5,84,373,155,218
050,37,191,"North Carolina","Wayne County",5,85,2007,721,1286
050,37,193,"North Carolina","Wilkes County",1,0,649,334,315
050,37,193,"North Carolina","Wilkes County",1,1,646,330,316
050,37,193,"North Carolina","Wilkes County",1,2,659,342,317
050,37,193,"North Carolina","Wilkes County",1,3,645,343,302
050,37,193,"North Carolina","Wilkes County",1,4,691,351,340
050,37,193,"North Carolina","Wilkes County",1,5,683,336,347
050,37,193,"North Carolina","Wilkes County",1,6,683,344,339
050,37,193,"North Carolina","Wilkes County",1,7,690,349,341
050,37,193,"North Carolina","Wilkes County",1,8,662,343,319
050,37,193,"North Carolina","Wilkes County",1,9,697,340,357
050,37,193,"North Carolina","Wilkes County",1,10,743,381,362
050,37,193,"North Carolina","Wilkes County",1,11,821,408,413
050,37,193,"North Carolina","Wilkes County",1,12,900,448,452
050,37,193,"North Carolina","Wilkes County",1,13,864,423,441
050,37,193,"North Carolina","Wilkes County",1,14,844,430,414
050,37,193,"North Carolina","Wilkes County",1,15,836,441,395
050,37,193,"North Carolina","Wilkes County",1,16,853,443,410
050,37,193,"North Carolina","Wilkes County",1,17,865,453,412
050,37,193,"North Carolina","Wilkes County",1,18,763,412,351
050,37,193,"North Carolina","Wilkes County",1,19,640,347,293
050,37,193,"North Carolina","Wilkes County",1,20,657,346,311
050,37,193,"North Carolina","Wilkes County",1,21,691,356,335
050,37,193,"North Carolina","Wilkes County",1,22,697,356,341
050,37,193,"North Carolina","Wilkes County",1,23,746,386,360
050,37,193,"North Carolina","Wilkes County",1,24,732,356,376
050,37,193,"North Carolina","Wilkes County",1,25,760,397,363
050,37,193,"North Carolina","Wilkes County",1,26,724,364,360
050,37,193,"North Carolina","Wilkes County",1,27,719,369,350
050,37,193,"North Carolina","Wilkes County",1,28,744,385,359
050,37,193,"North Carolina","Wilkes County",1,29,735,369,366
050,37,193,"North Carolina","Wilkes County",1,30,754,374,380
050,37,193,"North Carolina","Wilkes County",1,31,697,345,352
050,37,193,"North Carolina","Wilkes County",1,32,697,341,356
050,37,193,"North Carolina","Wilkes County",1,33,709,352,357
050,37,193,"North Carolina","Wilkes County",1,34,676,344,332
050,37,193,"North Carolina","Wilkes County",1,35,697,357,340
050,37,193,"North Carolina","Wilkes County",1,36,662,347,315
050,37,193,"North Carolina","Wilkes County",1,37,631,321,310
050,37,193,"North Carolina","Wilkes County",1,38,687,353,334
050,37,193,"North Carolina","Wilkes County",1,39,754,386,368
050,37,193,"North Carolina","Wilkes County",1,40,739,365,374
050,37,193,"North Carolina","Wilkes County",1,41,731,390,341
050,37,193,"North Carolina","Wilkes County",1,42,754,393,361
050,37,193,"North Carolina","Wilkes County",1,43,747,371,376
050,37,193,"North Carolina","Wilkes County",1,44,760,369,391
050,37,193,"North Carolina","Wilkes County",1,45,788,385,403
050,37,193,"North Carolina","Wilkes County",1,46,840,429,411
050,37,193,"North Carolina","Wilkes County",1,47,855,456,399
050,37,193,"North Carolina","Wilkes County",1,48,889,457,432
050,37,193,"North Carolina","Wilkes County",1,49,993,499,494
050,37,193,"North Carolina","Wilkes County",1,50,937,471,466
050,37,193,"North Carolina","Wilkes County",1,51,863,436,427
050,37,193,"North Carolina","Wilkes County",1,52,855,454,401
050,37,193,"North Carolina","Wilkes County",1,53,873,460,413
050,37,193,"North Carolina","Wilkes County",1,54,924,471,453
050,37,193,"North Carolina","Wilkes County",1,55,995,501,494
050,37,193,"North Carolina","Wilkes County",1,56,1008,500,508
050,37,193,"North Carolina","Wilkes County",1,57,965,475,490
050,37,193,"North Carolina","Wilkes County",1,58,1038,495,543
050,37,193,"North Carolina","Wilkes County",1,59,1024,489,535
050,37,193,"North Carolina","Wilkes County",1,60,968,508,460
050,37,193,"North Carolina","Wilkes County",1,61,977,487,490
050,37,193,"North Carolina","Wilkes County",1,62,1008,497,511
050,37,193,"North Carolina","Wilkes County",1,63,956,481,475
050,37,193,"North Carolina","Wilkes County",1,64,974,486,488
050,37,193,"North Carolina","Wilkes County",1,65,959,460,499
050,37,193,"North Carolina","Wilkes County",1,66,936,454,482
050,37,193,"North Carolina","Wilkes County",1,67,916,448,468
050,37,193,"North Carolina","Wilkes County",1,68,884,423,461
050,37,193,"North Carolina","Wilkes County",1,69,821,387,434
050,37,193,"North Carolina","Wilkes County",1,70,827,401,426
050,37,193,"North Carolina","Wilkes County",1,71,809,376,433
050,37,193,"North Carolina","Wilkes County",1,72,821,380,441
050,37,193,"North Carolina","Wilkes County",1,73,857,390,467
050,37,193,"North Carolina","Wilkes County",1,74,616,278,338
050,37,193,"North Carolina","Wilkes County",1,75,631,281,350
050,37,193,"North Carolina","Wilkes County",1,76,620,297,323
050,37,193,"North Carolina","Wilkes County",1,77,569,265,304
050,37,193,"North Carolina","Wilkes County",1,78,489,222,267
050,37,193,"North Carolina","Wilkes County",1,79,440,194,246
050,37,193,"North Carolina","Wilkes County",1,80,390,175,215
050,37,193,"North Carolina","Wilkes County",1,81,383,166,217
050,37,193,"North Carolina","Wilkes County",1,82,376,147,229
050,37,193,"North Carolina","Wilkes County",1,83,332,137,195
050,37,193,"North Carolina","Wilkes County",1,84,280,113,167
050,37,193,"North Carolina","Wilkes County",1,85,1553,548,1005
050,37,193,"North Carolina","Wilkes County",2,0,651,332,319
050,37,193,"North Carolina","Wilkes County",2,1,646,331,315
050,37,193,"North Carolina","Wilkes County",2,2,655,339,316
050,37,193,"North Carolina","Wilkes County",2,3,644,340,304
050,37,193,"North Carolina","Wilkes County",2,4,680,348,332
050,37,193,"North Carolina","Wilkes County",2,5,687,342,345
050,37,193,"North Carolina","Wilkes County",2,6,687,344,343
050,37,193,"North Carolina","Wilkes County",2,7,691,350,341
050,37,193,"North Carolina","Wilkes County",2,8,670,344,326
050,37,193,"North Carolina","Wilkes County",2,9,689,342,347
050,37,193,"North Carolina","Wilkes County",2,10,731,371,360
050,37,193,"North Carolina","Wilkes County",2,11,803,401,402
050,37,193,"North Carolina","Wilkes County",2,12,888,441,447
050,37,193,"North Carolina","Wilkes County",2,13,877,431,446
050,37,193,"North Carolina","Wilkes County",2,14,850,428,422
050,37,193,"North Carolina","Wilkes County",2,15,843,441,402
050,37,193,"North Carolina","Wilkes County",2,16,846,441,405
050,37,193,"North Carolina","Wilkes County",2,17,855,445,410
050,37,193,"North Carolina","Wilkes County",2,18,752,405,347
050,37,193,"North Carolina","Wilkes County",2,19,637,345,292
050,37,193,"North Carolina","Wilkes County",2,20,672,354,318
050,37,193,"North Carolina","Wilkes County",2,21,682,353,329
050,37,193,"North Carolina","Wilkes County",2,22,702,361,341
050,37,193,"North Carolina","Wilkes County",2,23,737,378,359
050,37,193,"North Carolina","Wilkes County",2,24,742,370,372
050,37,193,"North Carolina","Wilkes County",2,25,759,391,368
050,37,193,"North Carolina","Wilkes County",2,26,734,371,363
050,37,193,"North Carolina","Wilkes County",2,27,718,366,352
050,37,193,"North Carolina","Wilkes County",2,28,732,380,352
050,37,193,"North Carolina","Wilkes County",2,29,734,369,365
050,37,193,"North Carolina","Wilkes County",2,30,758,377,381
050,37,193,"North Carolina","Wilkes County",2,31,708,351,357
050,37,193,"North Carolina","Wilkes County",2,32,693,340,353
050,37,193,"North Carolina","Wilkes County",2,33,707,349,358
050,37,193,"North Carolina","Wilkes County",2,34,683,344,339
050,37,193,"North Carolina","Wilkes County",2,35,689,351,338
050,37,193,"North Carolina","Wilkes County",2,36,667,349,318
050,37,193,"North Carolina","Wilkes County",2,37,637,326,311
050,37,193,"North Carolina","Wilkes County",2,38,680,347,333
050,37,193,"North Carolina","Wilkes County",2,39,733,375,358
050,37,193,"North Carolina","Wilkes County",2,40,745,369,376
050,37,193,"North Carolina","Wilkes County",2,41,728,383,345
050,37,193,"North Carolina","Wilkes County",2,42,745,392,353
050,37,193,"North Carolina","Wilkes County",2,43,753,377,376
050,37,193,"North Carolina","Wilkes County",2,44,753,368,385
050,37,193,"North Carolina","Wilkes County",2,45,785,383,402
050,37,193,"North Carolina","Wilkes County",2,46,825,417,408
050,37,193,"North Carolina","Wilkes County",2,47,849,448,401
050,37,193,"North Carolina","Wilkes County",2,48,884,457,427
050,37,193,"North Carolina","Wilkes County",2,49,973,491,482
050,37,193,"North Carolina","Wilkes County",2,50,952,479,473
050,37,193,"North Carolina","Wilkes County",2,51,874,440,434
050,37,193,"North Carolina","Wilkes County",2,52,853,446,407
050,37,193,"North Carolina","Wilkes County",2,53,865,459,406
050,37,193,"North Carolina","Wilkes County",2,54,906,465,441
050,37,193,"North Carolina","Wilkes County",2,55,978,494,484
050,37,193,"North Carolina","Wilkes County",2,56,1002,498,504
050,37,193,"North Carolina","Wilkes County",2,57,976,480,496
050,37,193,"North Carolina","Wilkes County",2,58,1022,491,531
050,37,193,"North Carolina","Wilkes County",2,59,1030,490,540
050,37,193,"North Carolina","Wilkes County",2,60,974,499,475
050,37,193,"North Carolina","Wilkes County",2,61,974,489,485
050,37,193,"North Carolina","Wilkes County",2,62,998,493,505
050,37,193,"North Carolina","Wilkes County",2,63,971,485,486
050,37,193,"North Carolina","Wilkes County",2,64,961,476,485
050,37,193,"North Carolina","Wilkes County",2,65,955,462,493
050,37,193,"North Carolina","Wilkes County",2,66,942,454,488
050,37,193,"North Carolina","Wilkes County",2,67,918,449,469
050,37,193,"North Carolina","Wilkes County",2,68,889,428,461
050,37,193,"North Carolina","Wilkes County",2,69,838,395,443
050,37,193,"North Carolina","Wilkes County",2,70,821,397,424
050,37,193,"North Carolina","Wilkes County",2,71,812,380,432
050,37,193,"North Carolina","Wilkes County",2,72,804,374,430
050,37,193,"North Carolina","Wilkes County",2,73,890,407,483
050,37,193,"North Carolina","Wilkes County",2,74,624,278,346
050,37,193,"North Carolina","Wilkes County",2,75,628,280,348
050,37,193,"North Carolina","Wilkes County",2,76,611,289,322
050,37,193,"North Carolina","Wilkes County",2,77,588,277,311
050,37,193,"North Carolina","Wilkes County",2,78,492,226,266
050,37,193,"North Carolina","Wilkes County",2,79,448,196,252
050,37,193,"North Carolina","Wilkes County",2,80,397,178,219
050,37,193,"North Carolina","Wilkes County",2,81,380,165,215
050,37,193,"North Carolina","Wilkes County",2,82,375,153,222
050,37,193,"North Carolina","Wilkes County",2,83,337,136,201
050,37,193,"North Carolina","Wilkes County",2,84,289,118,171
050,37,193,"North Carolina","Wilkes County",2,85,1553,551,1002
050,37,193,"North Carolina","Wilkes County",3,0,667,358,309
050,37,193,"North Carolina","Wilkes County",3,1,645,312,333
050,37,193,"North Carolina","Wilkes County",3,2,642,328,314
050,37,193,"North Carolina","Wilkes County",3,3,662,337,325
050,37,193,"North Carolina","Wilkes County",3,4,652,341,311
050,37,193,"North Carolina","Wilkes County",3,5,677,344,333
050,37,193,"North Carolina","Wilkes County",3,6,699,359,340
050,37,193,"North Carolina","Wilkes County",3,7,677,338,339
050,37,193,"North Carolina","Wilkes County",3,8,692,343,349
050,37,193,"North Carolina","Wilkes County",3,9,673,350,323
050,37,193,"North Carolina","Wilkes County",3,10,693,345,348
050,37,193,"North Carolina","Wilkes County",3,11,725,366,359
050,37,193,"North Carolina","Wilkes County",3,12,807,409,398
050,37,193,"North Carolina","Wilkes County",3,13,885,440,445
050,37,193,"North Carolina","Wilkes County",3,14,877,430,447
050,37,193,"North Carolina","Wilkes County",3,15,860,436,424
050,37,193,"North Carolina","Wilkes County",3,16,834,436,398
050,37,193,"North Carolina","Wilkes County",3,17,841,438,403
050,37,193,"North Carolina","Wilkes County",3,18,739,398,341
050,37,193,"North Carolina","Wilkes County",3,19,630,331,299
050,37,193,"North Carolina","Wilkes County",3,20,698,376,322
050,37,193,"North Carolina","Wilkes County",3,21,733,379,354
050,37,193,"North Carolina","Wilkes County",3,22,745,378,367
050,37,193,"North Carolina","Wilkes County",3,23,748,380,368
050,37,193,"North Carolina","Wilkes County",3,24,740,377,363
050,37,193,"North Carolina","Wilkes County",3,25,756,382,374
050,37,193,"North Carolina","Wilkes County",3,26,768,400,368
050,37,193,"North Carolina","Wilkes County",3,27,733,374,359
050,37,193,"North Carolina","Wilkes County",3,28,725,372,353
050,37,193,"North Carolina","Wilkes County",3,29,708,375,333
050,37,193,"North Carolina","Wilkes County",3,30,743,372,371
050,37,193,"North Carolina","Wilkes County",3,31,758,368,390
050,37,193,"North Carolina","Wilkes County",3,32,709,346,363
050,37,193,"North Carolina","Wilkes County",3,33,712,347,365
050,37,193,"North Carolina","Wilkes County",3,34,703,343,360
050,37,193,"North Carolina","Wilkes County",3,35,672,339,333
050,37,193,"North Carolina","Wilkes County",3,36,698,358,340
050,37,193,"North Carolina","Wilkes County",3,37,646,334,312
050,37,193,"North Carolina","Wilkes County",3,38,656,339,317
050,37,193,"North Carolina","Wilkes County",3,39,696,355,341
050,37,193,"North Carolina","Wilkes County",3,40,743,377,366
050,37,193,"North Carolina","Wilkes County",3,41,742,373,369
050,37,193,"North Carolina","Wilkes County",3,42,736,388,348
050,37,193,"North Carolina","Wilkes County",3,43,717,374,343
050,37,193,"North Carolina","Wilkes County",3,44,756,382,374
050,37,193,"North Carolina","Wilkes County",3,45,756,358,398
050,37,193,"North Carolina","Wilkes County",3,46,786,382,404
050,37,193,"North Carolina","Wilkes County",3,47,821,413,408
050,37,193,"North Carolina","Wilkes County",3,48,855,448,407
050,37,193,"North Carolina","Wilkes County",3,49,884,455,429
050,37,193,"North Carolina","Wilkes County",3,50,973,487,486
050,37,193,"North Carolina","Wilkes County",3,51,939,471,468
050,37,193,"North Carolina","Wilkes County",3,52,870,441,429
050,37,193,"North Carolina","Wilkes County",3,53,846,447,399
050,37,193,"North Carolina","Wilkes County",3,54,867,446,421
050,37,193,"North Carolina","Wilkes County",3,55,905,455,450
050,37,193,"North Carolina","Wilkes County",3,56,1000,507,493
050,37,193,"North Carolina","Wilkes County",3,57,993,495,498
050,37,193,"North Carolina","Wilkes County",3,58,983,486,497
050,37,193,"North Carolina","Wilkes County",3,59,1015,481,534
050,37,193,"North Carolina","Wilkes County",3,60,1015,485,530
050,37,193,"North Carolina","Wilkes County",3,61,977,496,481
050,37,193,"North Carolina","Wilkes County",3,62,964,491,473
050,37,193,"North Carolina","Wilkes County",3,63,993,484,509
050,37,193,"North Carolina","Wilkes County",3,64,959,476,483
050,37,193,"North Carolina","Wilkes County",3,65,956,472,484
050,37,193,"North Carolina","Wilkes County",3,66,935,447,488
050,37,193,"North Carolina","Wilkes County",3,67,935,451,484
050,37,193,"North Carolina","Wilkes County",3,68,902,439,463
050,37,193,"North Carolina","Wilkes County",3,69,870,413,457
050,37,193,"North Carolina","Wilkes County",3,70,825,391,434
050,37,193,"North Carolina","Wilkes County",3,71,791,374,417
050,37,193,"North Carolina","Wilkes County",3,72,797,372,425
050,37,193,"North Carolina","Wilkes County",3,73,767,354,413
050,37,193,"North Carolina","Wilkes County",3,74,867,390,477
050,37,193,"North Carolina","Wilkes County",3,75,599,262,337
050,37,193,"North Carolina","Wilkes County",3,76,598,270,328
050,37,193,"North Carolina","Wilkes County",3,77,584,275,309
050,37,193,"North Carolina","Wilkes County",3,78,548,259,289
050,37,193,"North Carolina","Wilkes County",3,79,473,210,263
050,37,193,"North Carolina","Wilkes County",3,80,417,182,235
050,37,193,"North Carolina","Wilkes County",3,81,375,164,211
050,37,193,"North Carolina","Wilkes County",3,82,351,148,203
050,37,193,"North Carolina","Wilkes County",3,83,343,137,206
050,37,193,"North Carolina","Wilkes County",3,84,293,119,174
050,37,193,"North Carolina","Wilkes County",3,85,1581,571,1010
050,37,193,"North Carolina","Wilkes County",4,0,667,352,315
050,37,193,"North Carolina","Wilkes County",4,1,650,332,318
050,37,193,"North Carolina","Wilkes County",4,2,637,316,321
050,37,193,"North Carolina","Wilkes County",4,3,642,330,312
050,37,193,"North Carolina","Wilkes County",4,4,659,338,321
050,37,193,"North Carolina","Wilkes County",4,5,641,340,301
050,37,193,"North Carolina","Wilkes County",4,6,679,345,334
050,37,193,"North Carolina","Wilkes County",4,7,693,357,336
050,37,193,"North Carolina","Wilkes County",4,8,696,338,358
050,37,193,"North Carolina","Wilkes County",4,9,690,343,347
050,37,193,"North Carolina","Wilkes County",4,10,673,345,328
050,37,193,"North Carolina","Wilkes County",4,11,688,342,346
050,37,193,"North Carolina","Wilkes County",4,12,723,358,365
050,37,193,"North Carolina","Wilkes County",4,13,808,407,401
050,37,193,"North Carolina","Wilkes County",4,14,907,439,468
050,37,193,"North Carolina","Wilkes County",4,15,881,447,434
050,37,193,"North Carolina","Wilkes County",4,16,853,432,421
050,37,193,"North Carolina","Wilkes County",4,17,819,419,400
050,37,193,"North Carolina","Wilkes County",4,18,712,380,332
050,37,193,"North Carolina","Wilkes County",4,19,583,318,265
050,37,193,"North Carolina","Wilkes County",4,20,667,345,322
050,37,193,"North Carolina","Wilkes County",4,21,741,396,345
050,37,193,"North Carolina","Wilkes County",4,22,778,404,374
050,37,193,"North Carolina","Wilkes County",4,23,752,375,377
050,37,193,"North Carolina","Wilkes County",4,24,768,398,370
050,37,193,"North Carolina","Wilkes County",4,25,765,388,377
050,37,193,"North Carolina","Wilkes County",4,26,759,391,368
050,37,193,"North Carolina","Wilkes County",4,27,763,392,371
050,37,193,"North Carolina","Wilkes County",4,28,705,373,332
050,37,193,"North Carolina","Wilkes County",4,29,720,370,350
050,37,193,"North Carolina","Wilkes County",4,30,718,379,339
050,37,193,"North Carolina","Wilkes County",4,31,748,367,381
050,37,193,"North Carolina","Wilkes County",4,32,769,374,395
050,37,193,"North Carolina","Wilkes County",4,33,739,359,380
050,37,193,"North Carolina","Wilkes County",4,34,721,363,358
050,37,193,"North Carolina","Wilkes County",4,35,696,343,353
050,37,193,"North Carolina","Wilkes County",4,36,692,355,337
050,37,193,"North Carolina","Wilkes County",4,37,691,351,340
050,37,193,"North Carolina","Wilkes County",4,38,653,348,305
050,37,193,"North Carolina","Wilkes County",4,39,666,346,320
050,37,193,"North Carolina","Wilkes County",4,40,704,350,354
050,37,193,"North Carolina","Wilkes County",4,41,762,389,373
050,37,193,"North Carolina","Wilkes County",4,42,734,375,359
050,37,193,"North Carolina","Wilkes County",4,43,717,364,353
050,37,193,"North Carolina","Wilkes County",4,44,718,376,342
050,37,193,"North Carolina","Wilkes County",4,45,751,381,370
050,37,193,"North Carolina","Wilkes County",4,46,755,353,402
050,37,193,"North Carolina","Wilkes County",4,47,795,392,403
050,37,193,"North Carolina","Wilkes County",4,48,816,411,405
050,37,193,"North Carolina","Wilkes County",4,49,861,448,413
050,37,193,"North Carolina","Wilkes County",4,50,896,460,436
050,37,193,"North Carolina","Wilkes County",4,51,969,481,488
050,37,193,"North Carolina","Wilkes County",4,52,951,465,486
050,37,193,"North Carolina","Wilkes County",4,53,863,444,419
050,37,193,"North Carolina","Wilkes County",4,54,858,453,405
050,37,193,"North Carolina","Wilkes County",4,55,862,439,423
050,37,193,"North Carolina","Wilkes County",4,56,921,461,460
050,37,193,"North Carolina","Wilkes County",4,57,995,498,497
050,37,193,"North Carolina","Wilkes County",4,58,1018,506,512
050,37,193,"North Carolina","Wilkes County",4,59,961,471,490
050,37,193,"North Carolina","Wilkes County",4,60,1025,492,533
050,37,193,"North Carolina","Wilkes County",4,61,1019,486,533
050,37,193,"North Carolina","Wilkes County",4,62,978,501,477
050,37,193,"North Carolina","Wilkes County",4,63,943,473,470
050,37,193,"North Carolina","Wilkes County",4,64,982,483,499
050,37,193,"North Carolina","Wilkes County",4,65,940,460,480
050,37,193,"North Carolina","Wilkes County",4,66,944,467,477
050,37,193,"North Carolina","Wilkes County",4,67,934,441,493
050,37,193,"North Carolina","Wilkes County",4,68,932,448,484
050,37,193,"North Carolina","Wilkes County",4,69,908,437,471
050,37,193,"North Carolina","Wilkes County",4,70,866,417,449
050,37,193,"North Carolina","Wilkes County",4,71,804,379,425
050,37,193,"North Carolina","Wilkes County",4,72,779,367,412
050,37,193,"North Carolina","Wilkes County",4,73,763,357,406
050,37,193,"North Carolina","Wilkes County",4,74,738,337,401
050,37,193,"North Carolina","Wilkes County",4,75,840,377,463
050,37,193,"North Carolina","Wilkes County",4,76,584,247,337
050,37,193,"North Carolina","Wilkes County",4,77,577,263,314
050,37,193,"North Carolina","Wilkes County",4,78,549,255,294
050,37,193,"North Carolina","Wilkes County",4,79,527,244,283
050,37,193,"North Carolina","Wilkes County",4,80,449,204,245
050,37,193,"North Carolina","Wilkes County",4,81,405,172,233
050,37,193,"North Carolina","Wilkes County",4,82,347,149,198
050,37,193,"North Carolina","Wilkes County",4,83,317,128,189
050,37,193,"North Carolina","Wilkes County",4,84,302,120,182
050,37,193,"North Carolina","Wilkes County",4,85,1620,592,1028
050,37,193,"North Carolina","Wilkes County",5,0,671,353,318
050,37,193,"North Carolina","Wilkes County",5,1,694,352,342
050,37,193,"North Carolina","Wilkes County",5,2,658,335,323
050,37,193,"North Carolina","Wilkes County",5,3,665,330,335
050,37,193,"North Carolina","Wilkes County",5,4,643,330,313
050,37,193,"North Carolina","Wilkes County",5,5,682,347,335
050,37,193,"North Carolina","Wilkes County",5,6,643,343,300
050,37,193,"North Carolina","Wilkes County",5,7,706,359,347
050,37,193,"North Carolina","Wilkes County",5,8,706,365,341
050,37,193,"North Carolina","Wilkes County",5,9,699,345,354
050,37,193,"North Carolina","Wilkes County",5,10,701,350,351
050,37,193,"North Carolina","Wilkes County",5,11,684,351,333
050,37,193,"North Carolina","Wilkes County",5,12,685,332,353
050,37,193,"North Carolina","Wilkes County",5,13,740,365,375
050,37,193,"North Carolina","Wilkes County",5,14,782,401,381
050,37,193,"North Carolina","Wilkes County",5,15,914,459,455
050,37,193,"North Carolina","Wilkes County",5,16,883,453,430
050,37,193,"North Carolina","Wilkes County",5,17,858,428,430
050,37,193,"North Carolina","Wilkes County",5,18,695,366,329
050,37,193,"North Carolina","Wilkes County",5,19,578,311,267
050,37,193,"North Carolina","Wilkes County",5,20,639,342,297
050,37,193,"North Carolina","Wilkes County",5,21,714,371,343
050,37,193,"North Carolina","Wilkes County",5,22,788,410,378
050,37,193,"North Carolina","Wilkes County",5,23,796,415,381
050,37,193,"North Carolina","Wilkes County",5,24,786,403,383
050,37,193,"North Carolina","Wilkes County",5,25,749,394,355
050,37,193,"North Carolina","Wilkes County",5,26,777,404,373
050,37,193,"North Carolina","Wilkes County",5,27,764,388,376
050,37,193,"North Carolina","Wilkes County",5,28,768,399,369
050,37,193,"North Carolina","Wilkes County",5,29,682,353,329
050,37,193,"North Carolina","Wilkes County",5,30,732,375,357
050,37,193,"North Carolina","Wilkes County",5,31,738,370,368
050,37,193,"North Carolina","Wilkes County",5,32,756,363,393
050,37,193,"North Carolina","Wilkes County",5,33,782,376,406
050,37,193,"North Carolina","Wilkes County",5,34,718,363,355
050,37,193,"North Carolina","Wilkes County",5,35,709,350,359
050,37,193,"North Carolina","Wilkes County",5,36,705,344,361
050,37,193,"North Carolina","Wilkes County",5,37,683,348,335
050,37,193,"North Carolina","Wilkes County",5,38,690,346,344
050,37,193,"North Carolina","Wilkes County",5,39,663,351,312
050,37,193,"North Carolina","Wilkes County",5,40,699,351,348
050,37,193,"North Carolina","Wilkes County",5,41,718,370,348
050,37,193,"North Carolina","Wilkes County",5,42,770,401,369
050,37,193,"North Carolina","Wilkes County",5,43,720,364,356
050,37,193,"North Carolina","Wilkes County",5,44,726,367,359
050,37,193,"North Carolina","Wilkes County",5,45,723,374,349
050,37,193,"North Carolina","Wilkes County",5,46,760,383,377
050,37,193,"North Carolina","Wilkes County",5,47,769,365,404
050,37,193,"North Carolina","Wilkes County",5,48,792,389,403
050,37,193,"North Carolina","Wilkes County",5,49,819,404,415
050,37,193,"North Carolina","Wilkes County",5,50,860,451,409
050,37,193,"North Carolina","Wilkes County",5,51,908,458,450
050,37,193,"North Carolina","Wilkes County",5,52,988,495,493
050,37,193,"North Carolina","Wilkes County",5,53,955,473,482
050,37,193,"North Carolina","Wilkes County",5,54,872,437,435
050,37,193,"North Carolina","Wilkes County",5,55,855,442,413
050,37,193,"North Carolina","Wilkes County",5,56,865,446,419
050,37,193,"North Carolina","Wilkes County",5,57,911,450,461
050,37,193,"North Carolina","Wilkes County",5,58,1020,518,502
050,37,193,"North Carolina","Wilkes County",5,59,996,495,501
050,37,193,"North Carolina","Wilkes County",5,60,959,470,489
050,37,193,"North Carolina","Wilkes County",5,61,1022,485,537
050,37,193,"North Carolina","Wilkes County",5,62,1017,483,534
050,37,193,"North Carolina","Wilkes County",5,63,960,497,463
050,37,193,"North Carolina","Wilkes County",5,64,920,453,467
050,37,193,"North Carolina","Wilkes County",5,65,964,474,490
050,37,193,"North Carolina","Wilkes County",5,66,941,455,486
050,37,193,"North Carolina","Wilkes County",5,67,932,458,474
050,37,193,"North Carolina","Wilkes County",5,68,929,435,494
050,37,193,"North Carolina","Wilkes County",5,69,927,442,485
050,37,193,"North Carolina","Wilkes County",5,70,898,436,462
050,37,193,"North Carolina","Wilkes County",5,71,835,400,435
050,37,193,"North Carolina","Wilkes County",5,72,789,369,420
050,37,193,"North Carolina","Wilkes County",5,73,755,354,401
050,37,193,"North Carolina","Wilkes County",5,74,734,339,395
050,37,193,"North Carolina","Wilkes County",5,75,713,322,391
050,37,193,"North Carolina","Wilkes County",5,76,819,360,459
050,37,193,"North Carolina","Wilkes County",5,77,554,235,319
050,37,193,"North Carolina","Wilkes County",5,78,544,245,299
050,37,193,"North Carolina","Wilkes County",5,79,530,238,292
050,37,193,"North Carolina","Wilkes County",5,80,511,239,272
050,37,193,"North Carolina","Wilkes County",5,81,431,195,236
050,37,193,"North Carolina","Wilkes County",5,82,378,157,221
050,37,193,"North Carolina","Wilkes County",5,83,316,131,185
050,37,193,"North Carolina","Wilkes County",5,84,282,115,167
050,37,193,"North Carolina","Wilkes County",5,85,1701,636,1065
050,37,195,"North Carolina","Wilson County",1,0,925,474,451
050,37,195,"North Carolina","Wilson County",1,1,941,477,464
050,37,195,"North Carolina","Wilson County",1,2,954,487,467
050,37,195,"North Carolina","Wilson County",1,3,957,496,461
050,37,195,"North Carolina","Wilson County",1,4,942,477,465
050,37,195,"North Carolina","Wilson County",1,5,947,484,463
050,37,195,"North Carolina","Wilson County",1,6,945,472,473
050,37,195,"North Carolina","Wilson County",1,7,921,470,451
050,37,195,"North Carolina","Wilson County",1,8,969,500,469
050,37,195,"North Carolina","Wilson County",1,9,1002,520,482
050,37,195,"North Carolina","Wilson County",1,10,1100,564,536
050,37,195,"North Carolina","Wilson County",1,11,1167,621,546
050,37,195,"North Carolina","Wilson County",1,12,1160,612,548
050,37,195,"North Carolina","Wilson County",1,13,1135,587,548
050,37,195,"North Carolina","Wilson County",1,14,1052,532,520
050,37,195,"North Carolina","Wilson County",1,15,1071,559,512
050,37,195,"North Carolina","Wilson County",1,16,1083,543,540
050,37,195,"North Carolina","Wilson County",1,17,1087,543,544
050,37,195,"North Carolina","Wilson County",1,18,957,490,467
050,37,195,"North Carolina","Wilson County",1,19,856,422,434
050,37,195,"North Carolina","Wilson County",1,20,875,436,439
050,37,195,"North Carolina","Wilson County",1,21,915,446,469
050,37,195,"North Carolina","Wilson County",1,22,937,468,469
050,37,195,"North Carolina","Wilson County",1,23,925,468,457
050,37,195,"North Carolina","Wilson County",1,24,956,472,484
050,37,195,"North Carolina","Wilson County",1,25,966,487,479
050,37,195,"North Carolina","Wilson County",1,26,999,523,476
050,37,195,"North Carolina","Wilson County",1,27,980,479,501
050,37,195,"North Carolina","Wilson County",1,28,943,446,497
050,37,195,"North Carolina","Wilson County",1,29,971,455,516
050,37,195,"North Carolina","Wilson County",1,30,965,455,510
050,37,195,"North Carolina","Wilson County",1,31,979,454,525
050,37,195,"North Carolina","Wilson County",1,32,920,419,501
050,37,195,"North Carolina","Wilson County",1,33,884,424,460
050,37,195,"North Carolina","Wilson County",1,34,870,404,466
050,37,195,"North Carolina","Wilson County",1,35,928,435,493
050,37,195,"North Carolina","Wilson County",1,36,888,439,449
050,37,195,"North Carolina","Wilson County",1,37,897,461,436
050,37,195,"North Carolina","Wilson County",1,38,956,475,481
050,37,195,"North Carolina","Wilson County",1,39,919,441,478
050,37,195,"North Carolina","Wilson County",1,40,904,440,464
050,37,195,"North Carolina","Wilson County",1,41,902,418,484
050,37,195,"North Carolina","Wilson County",1,42,921,429,492
050,37,195,"North Carolina","Wilson County",1,43,938,419,519
050,37,195,"North Carolina","Wilson County",1,44,893,401,492
050,37,195,"North Carolina","Wilson County",1,45,873,398,475
050,37,195,"North Carolina","Wilson County",1,46,908,404,504
050,37,195,"North Carolina","Wilson County",1,47,962,451,511
050,37,195,"North Carolina","Wilson County",1,48,978,468,510
050,37,195,"North Carolina","Wilson County",1,49,1035,502,533
050,37,195,"North Carolina","Wilson County",1,50,1061,520,541
050,37,195,"North Carolina","Wilson County",1,51,1013,471,542
050,37,195,"North Carolina","Wilson County",1,52,988,466,522
050,37,195,"North Carolina","Wilson County",1,53,998,472,526
050,37,195,"North Carolina","Wilson County",1,54,1021,493,528
050,37,195,"North Carolina","Wilson County",1,55,1096,509,587
050,37,195,"North Carolina","Wilson County",1,56,1122,538,584
050,37,195,"North Carolina","Wilson County",1,57,1151,560,591
050,37,195,"North Carolina","Wilson County",1,58,1136,555,581
050,37,195,"North Carolina","Wilson County",1,59,1082,531,551
050,37,195,"North Carolina","Wilson County",1,60,1100,534,566
050,37,195,"North Carolina","Wilson County",1,61,1065,494,571
050,37,195,"North Carolina","Wilson County",1,62,1059,495,564
050,37,195,"North Carolina","Wilson County",1,63,1085,509,576
050,37,195,"North Carolina","Wilson County",1,64,1023,487,536
050,37,195,"North Carolina","Wilson County",1,65,1021,468,553
050,37,195,"North Carolina","Wilson County",1,66,1032,463,569
050,37,195,"North Carolina","Wilson County",1,67,966,437,529
050,37,195,"North Carolina","Wilson County",1,68,981,472,509
050,37,195,"North Carolina","Wilson County",1,69,903,429,474
050,37,195,"North Carolina","Wilson County",1,70,860,377,483
050,37,195,"North Carolina","Wilson County",1,71,794,352,442
050,37,195,"North Carolina","Wilson County",1,72,862,391,471
050,37,195,"North Carolina","Wilson County",1,73,830,362,468
050,37,195,"North Carolina","Wilson County",1,74,613,273,340
050,37,195,"North Carolina","Wilson County",1,75,579,246,333
050,37,195,"North Carolina","Wilson County",1,76,565,241,324
050,37,195,"North Carolina","Wilson County",1,77,610,273,337
050,37,195,"North Carolina","Wilson County",1,78,490,218,272
050,37,195,"North Carolina","Wilson County",1,79,406,171,235
050,37,195,"North Carolina","Wilson County",1,80,369,144,225
050,37,195,"North Carolina","Wilson County",1,81,347,136,211
050,37,195,"North Carolina","Wilson County",1,82,349,132,217
050,37,195,"North Carolina","Wilson County",1,83,299,105,194
050,37,195,"North Carolina","Wilson County",1,84,280,106,174
050,37,195,"North Carolina","Wilson County",1,85,1475,476,999
050,37,195,"North Carolina","Wilson County",2,0,935,493,442
050,37,195,"North Carolina","Wilson County",2,1,938,476,462
050,37,195,"North Carolina","Wilson County",2,2,952,486,466
050,37,195,"North Carolina","Wilson County",2,3,955,492,463
050,37,195,"North Carolina","Wilson County",2,4,952,483,469
050,37,195,"North Carolina","Wilson County",2,5,951,484,467
050,37,195,"North Carolina","Wilson County",2,6,943,475,468
050,37,195,"North Carolina","Wilson County",2,7,931,473,458
050,37,195,"North Carolina","Wilson County",2,8,958,493,465
050,37,195,"North Carolina","Wilson County",2,9,995,516,479
050,37,195,"North Carolina","Wilson County",2,10,1078,552,526
050,37,195,"North Carolina","Wilson County",2,11,1147,602,545
050,37,195,"North Carolina","Wilson County",2,12,1175,620,555
050,37,195,"North Carolina","Wilson County",2,13,1139,592,547
050,37,195,"North Carolina","Wilson County",2,14,1071,546,525
050,37,195,"North Carolina","Wilson County",2,15,1066,552,514
050,37,195,"North Carolina","Wilson County",2,16,1080,546,534
050,37,195,"North Carolina","Wilson County",2,17,1083,542,541
050,37,195,"North Carolina","Wilson County",2,18,952,486,466
050,37,195,"North Carolina","Wilson County",2,19,856,428,428
050,37,195,"North Carolina","Wilson County",2,20,893,442,451
050,37,195,"North Carolina","Wilson County",2,21,911,445,466
050,37,195,"North Carolina","Wilson County",2,22,931,463,468
050,37,195,"North Carolina","Wilson County",2,23,941,473,468
050,37,195,"North Carolina","Wilson County",2,24,951,472,479
050,37,195,"North Carolina","Wilson County",2,25,969,488,481
050,37,195,"North Carolina","Wilson County",2,26,990,514,476
050,37,195,"North Carolina","Wilson County",2,27,981,487,494
050,37,195,"North Carolina","Wilson County",2,28,954,454,500
050,37,195,"North Carolina","Wilson County",2,29,968,453,515
050,37,195,"North Carolina","Wilson County",2,30,975,457,518
050,37,195,"North Carolina","Wilson County",2,31,970,449,521
050,37,195,"North Carolina","Wilson County",2,32,931,423,508
050,37,195,"North Carolina","Wilson County",2,33,892,422,470
050,37,195,"North Carolina","Wilson County",2,34,877,411,466
050,37,195,"North Carolina","Wilson County",2,35,917,430,487
050,37,195,"North Carolina","Wilson County",2,36,888,436,452
050,37,195,"North Carolina","Wilson County",2,37,893,455,438
050,37,195,"North Carolina","Wilson County",2,38,949,477,472
050,37,195,"North Carolina","Wilson County",2,39,923,450,473
050,37,195,"North Carolina","Wilson County",2,40,916,443,473
050,37,195,"North Carolina","Wilson County",2,41,907,427,480
050,37,195,"North Carolina","Wilson County",2,42,916,428,488
050,37,195,"North Carolina","Wilson County",2,43,941,423,518
050,37,195,"North Carolina","Wilson County",2,44,897,403,494
050,37,195,"North Carolina","Wilson County",2,45,884,402,482
050,37,195,"North Carolina","Wilson County",2,46,896,400,496
050,37,195,"North Carolina","Wilson County",2,47,943,438,505
050,37,195,"North Carolina","Wilson County",2,48,972,463,509
050,37,195,"North Carolina","Wilson County",2,49,1030,498,532
050,37,195,"North Carolina","Wilson County",2,50,1052,514,538
050,37,195,"North Carolina","Wilson County",2,51,1018,480,538
050,37,195,"North Carolina","Wilson County",2,52,995,465,530
050,37,195,"North Carolina","Wilson County",2,53,993,468,525
050,37,195,"North Carolina","Wilson County",2,54,1015,490,525
050,37,195,"North Carolina","Wilson County",2,55,1078,503,575
050,37,195,"North Carolina","Wilson County",2,56,1122,536,586
050,37,195,"North Carolina","Wilson County",2,57,1148,555,593
050,37,195,"North Carolina","Wilson County",2,58,1135,552,583
050,37,195,"North Carolina","Wilson County",2,59,1091,533,558
050,37,195,"North Carolina","Wilson County",2,60,1092,530,562
050,37,195,"North Carolina","Wilson County",2,61,1067,501,566
050,37,195,"North Carolina","Wilson County",2,62,1055,493,562
050,37,195,"North Carolina","Wilson County",2,63,1085,507,578
050,37,195,"North Carolina","Wilson County",2,64,1027,486,541
050,37,195,"North Carolina","Wilson County",2,65,1018,471,547
050,37,195,"North Carolina","Wilson County",2,66,1034,466,568
050,37,195,"North Carolina","Wilson County",2,67,974,440,534
050,37,195,"North Carolina","Wilson County",2,68,975,464,511
050,37,195,"North Carolina","Wilson County",2,69,926,438,488
050,37,195,"North Carolina","Wilson County",2,70,866,386,480
050,37,195,"North Carolina","Wilson County",2,71,800,351,449
050,37,195,"North Carolina","Wilson County",2,72,835,380,455
050,37,195,"North Carolina","Wilson County",2,73,866,382,484
050,37,195,"North Carolina","Wilson County",2,74,617,273,344
050,37,195,"North Carolina","Wilson County",2,75,583,249,334
050,37,195,"North Carolina","Wilson County",2,76,558,239,319
050,37,195,"North Carolina","Wilson County",2,77,610,270,340
050,37,195,"North Carolina","Wilson County",2,78,506,227,279
050,37,195,"North Carolina","Wilson County",2,79,417,176,241
050,37,195,"North Carolina","Wilson County",2,80,369,143,226
050,37,195,"North Carolina","Wilson County",2,81,341,131,210
050,37,195,"North Carolina","Wilson County",2,82,345,129,216
050,37,195,"North Carolina","Wilson County",2,83,299,107,192
050,37,195,"North Carolina","Wilson County",2,84,275,104,171
050,37,195,"North Carolina","Wilson County",2,85,1454,474,980
050,37,195,"North Carolina","Wilson County",3,0,837,425,412
050,37,195,"North Carolina","Wilson County",3,1,948,503,445
050,37,195,"North Carolina","Wilson County",3,2,956,493,463
050,37,195,"North Carolina","Wilson County",3,3,937,479,458
050,37,195,"North Carolina","Wilson County",3,4,950,491,459
050,37,195,"North Carolina","Wilson County",3,5,960,490,470
050,37,195,"North Carolina","Wilson County",3,6,950,487,463
050,37,195,"North Carolina","Wilson County",3,7,934,470,464
050,37,195,"North Carolina","Wilson County",3,8,942,472,470
050,37,195,"North Carolina","Wilson County",3,9,947,484,463
050,37,195,"North Carolina","Wilson County",3,10,992,522,470
050,37,195,"North Carolina","Wilson County",3,11,1055,538,517
050,37,195,"North Carolina","Wilson County",3,12,1130,591,539
050,37,195,"North Carolina","Wilson County",3,13,1166,615,551
050,37,195,"North Carolina","Wilson County",3,14,1126,574,552
050,37,195,"North Carolina","Wilson County",3,15,1085,558,527
050,37,195,"North Carolina","Wilson County",3,16,1066,548,518
050,37,195,"North Carolina","Wilson County",3,17,1077,542,535
050,37,195,"North Carolina","Wilson County",3,18,949,488,461
050,37,195,"North Carolina","Wilson County",3,19,831,416,415
050,37,195,"North Carolina","Wilson County",3,20,909,446,463
050,37,195,"North Carolina","Wilson County",3,21,914,447,467
050,37,195,"North Carolina","Wilson County",3,22,929,452,477
050,37,195,"North Carolina","Wilson County",3,23,950,473,477
050,37,195,"North Carolina","Wilson County",3,24,971,497,474
050,37,195,"North Carolina","Wilson County",3,25,921,446,475
050,37,195,"North Carolina","Wilson County",3,26,961,495,466
050,37,195,"North Carolina","Wilson County",3,27,995,510,485
050,37,195,"North Carolina","Wilson County",3,28,964,467,497
050,37,195,"North Carolina","Wilson County",3,29,973,468,505
050,37,195,"North Carolina","Wilson County",3,30,938,436,502
050,37,195,"North Carolina","Wilson County",3,31,952,451,501
050,37,195,"North Carolina","Wilson County",3,32,944,422,522
050,37,195,"North Carolina","Wilson County",3,33,929,431,498
050,37,195,"North Carolina","Wilson County",3,34,891,421,470
050,37,195,"North Carolina","Wilson County",3,35,855,400,455
050,37,195,"North Carolina","Wilson County",3,36,929,440,489
050,37,195,"North Carolina","Wilson County",3,37,887,428,459
050,37,195,"North Carolina","Wilson County",3,38,898,457,441
050,37,195,"North Carolina","Wilson County",3,39,951,470,481
050,37,195,"North Carolina","Wilson County",3,40,923,452,471
050,37,195,"North Carolina","Wilson County",3,41,896,432,464
050,37,195,"North Carolina","Wilson County",3,42,886,417,469
050,37,195,"North Carolina","Wilson County",3,43,899,416,483
050,37,195,"North Carolina","Wilson County",3,44,931,422,509
050,37,195,"North Carolina","Wilson County",3,45,895,397,498
050,37,195,"North Carolina","Wilson County",3,46,891,399,492
050,37,195,"North Carolina","Wilson County",3,47,898,415,483
050,37,195,"North Carolina","Wilson County",3,48,940,438,502
050,37,195,"North Carolina","Wilson County",3,49,982,469,513
050,37,195,"North Carolina","Wilson County",3,50,1035,495,540
050,37,195,"North Carolina","Wilson County",3,51,1060,524,536
050,37,195,"North Carolina","Wilson County",3,52,998,475,523
050,37,195,"North Carolina","Wilson County",3,53,982,467,515
050,37,195,"North Carolina","Wilson County",3,54,981,459,522
050,37,195,"North Carolina","Wilson County",3,55,1025,487,538
050,37,195,"North Carolina","Wilson County",3,56,1066,505,561
050,37,195,"North Carolina","Wilson County",3,57,1102,517,585
050,37,195,"North Carolina","Wilson County",3,58,1154,550,604
050,37,195,"North Carolina","Wilson County",3,59,1105,534,571
050,37,195,"North Carolina","Wilson County",3,60,1093,529,564
050,37,195,"North Carolina","Wilson County",3,61,1083,522,561
050,37,195,"North Carolina","Wilson County",3,62,1052,490,562
050,37,195,"North Carolina","Wilson County",3,63,1030,484,546
050,37,195,"North Carolina","Wilson County",3,64,1060,489,571
050,37,195,"North Carolina","Wilson County",3,65,993,463,530
050,37,195,"North Carolina","Wilson County",3,66,1001,459,542
050,37,195,"North Carolina","Wilson County",3,67,1002,442,560
050,37,195,"North Carolina","Wilson County",3,68,948,429,519
050,37,195,"North Carolina","Wilson County",3,69,946,443,503
050,37,195,"North Carolina","Wilson County",3,70,897,414,483
050,37,195,"North Carolina","Wilson County",3,71,828,369,459
050,37,195,"North Carolina","Wilson County",3,72,771,337,434
050,37,195,"North Carolina","Wilson County",3,73,786,351,435
050,37,195,"North Carolina","Wilson County",3,74,838,364,474
050,37,195,"North Carolina","Wilson County",3,75,593,261,332
050,37,195,"North Carolina","Wilson County",3,76,541,227,314
050,37,195,"North Carolina","Wilson County",3,77,542,230,312
050,37,195,"North Carolina","Wilson County",3,78,592,259,333
050,37,195,"North Carolina","Wilson County",3,79,469,212,257
050,37,195,"North Carolina","Wilson County",3,80,377,151,226
050,37,195,"North Carolina","Wilson County",3,81,354,139,215
050,37,195,"North Carolina","Wilson County",3,82,306,107,199
050,37,195,"North Carolina","Wilson County",3,83,307,114,193
050,37,195,"North Carolina","Wilson County",3,84,267,92,175
050,37,195,"North Carolina","Wilson County",3,85,1417,471,946
050,37,195,"North Carolina","Wilson County",4,0,872,437,435
050,37,195,"North Carolina","Wilson County",4,1,834,421,413
050,37,195,"North Carolina","Wilson County",4,2,974,513,461
050,37,195,"North Carolina","Wilson County",4,3,949,486,463
050,37,195,"North Carolina","Wilson County",4,4,954,486,468
050,37,195,"North Carolina","Wilson County",4,5,962,484,478
050,37,195,"North Carolina","Wilson County",4,6,963,485,478
050,37,195,"North Carolina","Wilson County",4,7,956,486,470
050,37,195,"North Carolina","Wilson County",4,8,959,495,464
050,37,195,"North Carolina","Wilson County",4,9,954,482,472
050,37,195,"North Carolina","Wilson County",4,10,963,491,472
050,37,195,"North Carolina","Wilson County",4,11,1010,516,494
050,37,195,"North Carolina","Wilson County",4,12,1045,525,520
050,37,195,"North Carolina","Wilson County",4,13,1120,584,536
050,37,195,"North Carolina","Wilson County",4,14,1179,618,561
050,37,195,"North Carolina","Wilson County",4,15,1141,577,564
050,37,195,"North Carolina","Wilson County",4,16,1082,549,533
050,37,195,"North Carolina","Wilson County",4,17,1077,560,517
050,37,195,"North Carolina","Wilson County",4,18,947,493,454
050,37,195,"North Carolina","Wilson County",4,19,826,419,407
050,37,195,"North Carolina","Wilson County",4,20,846,414,432
050,37,195,"North Carolina","Wilson County",4,21,927,456,471
050,37,195,"North Carolina","Wilson County",4,22,950,449,501
050,37,195,"North Carolina","Wilson County",4,23,976,472,504
050,37,195,"North Carolina","Wilson County",4,24,994,490,504
050,37,195,"North Carolina","Wilson County",4,25,976,495,481
050,37,195,"North Carolina","Wilson County",4,26,911,445,466
050,37,195,"North Carolina","Wilson County",4,27,971,500,471
050,37,195,"North Carolina","Wilson County",4,28,969,487,482
050,37,195,"North Carolina","Wilson County",4,29,964,468,496
050,37,195,"North Carolina","Wilson County",4,30,974,465,509
050,37,195,"North Carolina","Wilson County",4,31,937,424,513
050,37,195,"North Carolina","Wilson County",4,32,965,450,515
050,37,195,"North Carolina","Wilson County",4,33,957,430,527
050,37,195,"North Carolina","Wilson County",4,34,943,440,503
050,37,195,"North Carolina","Wilson County",4,35,922,425,497
050,37,195,"North Carolina","Wilson County",4,36,867,405,462
050,37,195,"North Carolina","Wilson County",4,37,943,443,500
050,37,195,"North Carolina","Wilson County",4,38,901,446,455
050,37,195,"North Carolina","Wilson County",4,39,900,465,435
050,37,195,"North Carolina","Wilson County",4,40,954,460,494
050,37,195,"North Carolina","Wilson County",4,41,929,452,477
050,37,195,"North Carolina","Wilson County",4,42,870,412,458
050,37,195,"North Carolina","Wilson County",4,43,875,417,458
050,37,195,"North Carolina","Wilson County",4,44,889,412,477
050,37,195,"North Carolina","Wilson County",4,45,933,413,520
050,37,195,"North Carolina","Wilson County",4,46,881,387,494
050,37,195,"North Carolina","Wilson County",4,47,906,411,495
050,37,195,"North Carolina","Wilson County",4,48,883,393,490
050,37,195,"North Carolina","Wilson County",4,49,932,436,496
050,37,195,"North Carolina","Wilson County",4,50,967,472,495
050,37,195,"North Carolina","Wilson County",4,51,1045,489,556
050,37,195,"North Carolina","Wilson County",4,52,1034,500,534
050,37,195,"North Carolina","Wilson County",4,53,997,472,525
050,37,195,"North Carolina","Wilson County",4,54,993,479,514
050,37,195,"North Carolina","Wilson County",4,55,965,455,510
050,37,195,"North Carolina","Wilson County",4,56,1007,477,530
050,37,195,"North Carolina","Wilson County",4,57,1071,514,557
050,37,195,"North Carolina","Wilson County",4,58,1096,513,583
050,37,195,"North Carolina","Wilson County",4,59,1139,542,597
050,37,195,"North Carolina","Wilson County",4,60,1118,536,582
050,37,195,"North Carolina","Wilson County",4,61,1091,528,563
050,37,195,"North Carolina","Wilson County",4,62,1070,521,549
050,37,195,"North Carolina","Wilson County",4,63,1047,481,566
050,37,195,"North Carolina","Wilson County",4,64,1001,470,531
050,37,195,"North Carolina","Wilson County",4,65,1045,478,567
050,37,195,"North Carolina","Wilson County",4,66,977,448,529
050,37,195,"North Carolina","Wilson County",4,67,974,443,531
050,37,195,"North Carolina","Wilson County",4,68,986,434,552
050,37,195,"North Carolina","Wilson County",4,69,928,412,516
050,37,195,"North Carolina","Wilson County",4,70,928,432,496
050,37,195,"North Carolina","Wilson County",4,71,873,403,470
050,37,195,"North Carolina","Wilson County",4,72,808,355,453
050,37,195,"North Carolina","Wilson County",4,73,745,323,422
050,37,195,"North Carolina","Wilson County",4,74,758,336,422
050,37,195,"North Carolina","Wilson County",4,75,803,347,456
050,37,195,"North Carolina","Wilson County",4,76,543,235,308
050,37,195,"North Carolina","Wilson County",4,77,532,222,310
050,37,195,"North Carolina","Wilson County",4,78,523,215,308
050,37,195,"North Carolina","Wilson County",4,79,544,237,307
050,37,195,"North Carolina","Wilson County",4,80,432,190,242
050,37,195,"North Carolina","Wilson County",4,81,368,149,219
050,37,195,"North Carolina","Wilson County",4,82,319,117,202
050,37,195,"North Carolina","Wilson County",4,83,272,94,178
050,37,195,"North Carolina","Wilson County",4,84,287,104,183
050,37,195,"North Carolina","Wilson County",4,85,1408,483,925
050,37,195,"North Carolina","Wilson County",5,0,872,437,435
050,37,195,"North Carolina","Wilson County",5,1,903,455,448
050,37,195,"North Carolina","Wilson County",5,2,889,436,453
050,37,195,"North Carolina","Wilson County",5,3,980,527,453
050,37,195,"North Carolina","Wilson County",5,4,979,506,473
050,37,195,"North Carolina","Wilson County",5,5,946,486,460
050,37,195,"North Carolina","Wilson County",5,6,985,504,481
050,37,195,"North Carolina","Wilson County",5,7,965,487,478
050,37,195,"North Carolina","Wilson County",5,8,979,490,489
050,37,195,"North Carolina","Wilson County",5,9,983,508,475
050,37,195,"North Carolina","Wilson County",5,10,974,494,480
050,37,195,"North Carolina","Wilson County",5,11,969,489,480
050,37,195,"North Carolina","Wilson County",5,12,1016,513,503
050,37,195,"North Carolina","Wilson County",5,13,1058,528,530
050,37,195,"North Carolina","Wilson County",5,14,1141,595,546
050,37,195,"North Carolina","Wilson County",5,15,1178,628,550
050,37,195,"North Carolina","Wilson County",5,16,1134,580,554
050,37,195,"North Carolina","Wilson County",5,17,1091,561,530
050,37,195,"North Carolina","Wilson County",5,18,941,511,430
050,37,195,"North Carolina","Wilson County",5,19,820,420,400
050,37,195,"North Carolina","Wilson County",5,20,878,440,438
050,37,195,"North Carolina","Wilson County",5,21,908,450,458
050,37,195,"North Carolina","Wilson County",5,22,984,475,509
050,37,195,"North Carolina","Wilson County",5,23,1007,469,538
050,37,195,"North Carolina","Wilson County",5,24,1006,495,511
050,37,195,"North Carolina","Wilson County",5,25,981,480,501
050,37,195,"North Carolina","Wilson County",5,26,1015,510,505
050,37,195,"North Carolina","Wilson County",5,27,952,459,493
050,37,195,"North Carolina","Wilson County",5,28,976,492,484
050,37,195,"North Carolina","Wilson County",5,29,990,497,493
050,37,195,"North Carolina","Wilson County",5,30,987,481,506
050,37,195,"North Carolina","Wilson County",5,31,992,467,525
050,37,195,"North Carolina","Wilson County",5,32,984,453,531
050,37,195,"North Carolina","Wilson County",5,33,982,467,515
050,37,195,"North Carolina","Wilson County",5,34,963,444,519
050,37,195,"North Carolina","Wilson County",5,35,934,436,498
050,37,195,"North Carolina","Wilson County",5,36,928,426,502
050,37,195,"North Carolina","Wilson County",5,37,872,397,475
050,37,195,"North Carolina","Wilson County",5,38,934,433,501
050,37,195,"North Carolina","Wilson County",5,39,894,456,438
050,37,195,"North Carolina","Wilson County",5,40,919,462,457
050,37,195,"North Carolina","Wilson County",5,41,978,476,502
050,37,195,"North Carolina","Wilson County",5,42,936,455,481
050,37,195,"North Carolina","Wilson County",5,43,895,426,469
050,37,195,"North Carolina","Wilson County",5,44,869,405,464
050,37,195,"North Carolina","Wilson County",5,45,903,421,482
050,37,195,"North Carolina","Wilson County",5,46,936,413,523
050,37,195,"North Carolina","Wilson County",5,47,893,401,492
050,37,195,"North Carolina","Wilson County",5,48,916,408,508
050,37,195,"North Carolina","Wilson County",5,49,894,404,490
050,37,195,"North Carolina","Wilson County",5,50,912,430,482
050,37,195,"North Carolina","Wilson County",5,51,975,470,505
050,37,195,"North Carolina","Wilson County",5,52,1052,496,556
050,37,195,"North Carolina","Wilson County",5,53,1032,492,540
050,37,195,"North Carolina","Wilson County",5,54,1006,481,525
050,37,195,"North Carolina","Wilson County",5,55,990,477,513
050,37,195,"North Carolina","Wilson County",5,56,986,464,522
050,37,195,"North Carolina","Wilson County",5,57,1006,474,532
050,37,195,"North Carolina","Wilson County",5,58,1082,516,566
050,37,195,"North Carolina","Wilson County",5,59,1090,512,578
050,37,195,"North Carolina","Wilson County",5,60,1146,542,604
050,37,195,"North Carolina","Wilson County",5,61,1120,536,584
050,37,195,"North Carolina","Wilson County",5,62,1078,526,552
050,37,195,"North Carolina","Wilson County",5,63,1051,508,543
050,37,195,"North Carolina","Wilson County",5,64,1026,472,554
050,37,195,"North Carolina","Wilson County",5,65,989,469,520
050,37,195,"North Carolina","Wilson County",5,66,1043,470,573
050,37,195,"North Carolina","Wilson County",5,67,962,442,520
050,37,195,"North Carolina","Wilson County",5,68,946,424,522
050,37,195,"North Carolina","Wilson County",5,69,963,417,546
050,37,195,"North Carolina","Wilson County",5,70,908,395,513
050,37,195,"North Carolina","Wilson County",5,71,900,420,480
050,37,195,"North Carolina","Wilson County",5,72,858,391,467
050,37,195,"North Carolina","Wilson County",5,73,778,335,443
050,37,195,"North Carolina","Wilson County",5,74,727,313,414
050,37,195,"North Carolina","Wilson County",5,75,725,321,404
050,37,195,"North Carolina","Wilson County",5,76,743,314,429
050,37,195,"North Carolina","Wilson County",5,77,528,227,301
050,37,195,"North Carolina","Wilson County",5,78,518,212,306
050,37,195,"North Carolina","Wilson County",5,79,481,195,286
050,37,195,"North Carolina","Wilson County",5,80,511,218,293
050,37,195,"North Carolina","Wilson County",5,81,419,189,230
050,37,195,"North Carolina","Wilson County",5,82,331,127,204
050,37,195,"North Carolina","Wilson County",5,83,292,109,183
050,37,195,"North Carolina","Wilson County",5,84,253,86,167
050,37,195,"North Carolina","Wilson County",5,85,1434,507,927
050,37,197,"North Carolina","Yadkin County",1,0,359,179,180
050,37,197,"North Carolina","Yadkin County",1,1,386,195,191
050,37,197,"North Carolina","Yadkin County",1,2,413,218,195
050,37,197,"North Carolina","Yadkin County",1,3,417,194,223
050,37,197,"North Carolina","Yadkin County",1,4,391,199,192
050,37,197,"North Carolina","Yadkin County",1,5,387,205,182
050,37,197,"North Carolina","Yadkin County",1,6,444,232,212
050,37,197,"North Carolina","Yadkin County",1,7,426,234,192
050,37,197,"North Carolina","Yadkin County",1,8,409,221,188
050,37,197,"North Carolina","Yadkin County",1,9,402,205,197
050,37,197,"North Carolina","Yadkin County",1,10,442,218,224
050,37,197,"North Carolina","Yadkin County",1,11,467,247,220
050,37,197,"North Carolina","Yadkin County",1,12,463,248,215
050,37,197,"North Carolina","Yadkin County",1,13,468,249,219
050,37,197,"North Carolina","Yadkin County",1,14,472,247,225
050,37,197,"North Carolina","Yadkin County",1,15,467,260,207
050,37,197,"North Carolina","Yadkin County",1,16,472,263,209
050,37,197,"North Carolina","Yadkin County",1,17,477,253,224
050,37,197,"North Carolina","Yadkin County",1,18,406,217,189
050,37,197,"North Carolina","Yadkin County",1,19,365,191,174
050,37,197,"North Carolina","Yadkin County",1,20,381,202,179
050,37,197,"North Carolina","Yadkin County",1,21,421,221,200
050,37,197,"North Carolina","Yadkin County",1,22,419,211,208
050,37,197,"North Carolina","Yadkin County",1,23,419,231,188
050,37,197,"North Carolina","Yadkin County",1,24,399,212,187
050,37,197,"North Carolina","Yadkin County",1,25,424,226,198
050,37,197,"North Carolina","Yadkin County",1,26,458,254,204
050,37,197,"North Carolina","Yadkin County",1,27,439,234,205
050,37,197,"North Carolina","Yadkin County",1,28,465,228,237
050,37,197,"North Carolina","Yadkin County",1,29,443,219,224
050,37,197,"North Carolina","Yadkin County",1,30,414,210,204
050,37,197,"North Carolina","Yadkin County",1,31,392,214,178
050,37,197,"North Carolina","Yadkin County",1,32,419,227,192
050,37,197,"North Carolina","Yadkin County",1,33,381,192,189
050,37,197,"North Carolina","Yadkin County",1,34,378,172,206
050,37,197,"North Carolina","Yadkin County",1,35,386,176,210
050,37,197,"North Carolina","Yadkin County",1,36,346,153,193
050,37,197,"North Carolina","Yadkin County",1,37,377,191,186
050,37,197,"North Carolina","Yadkin County",1,38,375,194,181
050,37,197,"North Carolina","Yadkin County",1,39,432,224,208
050,37,197,"North Carolina","Yadkin County",1,40,430,208,222
050,37,197,"North Carolina","Yadkin County",1,41,394,216,178
050,37,197,"North Carolina","Yadkin County",1,42,397,194,203
050,37,197,"North Carolina","Yadkin County",1,43,425,202,223
050,37,197,"North Carolina","Yadkin County",1,44,392,202,190
050,37,197,"North Carolina","Yadkin County",1,45,440,231,209
050,37,197,"North Carolina","Yadkin County",1,46,441,216,225
050,37,197,"North Carolina","Yadkin County",1,47,464,238,226
050,37,197,"North Carolina","Yadkin County",1,48,544,277,267
050,37,197,"North Carolina","Yadkin County",1,49,570,302,268
050,37,197,"North Carolina","Yadkin County",1,50,576,308,268
050,37,197,"North Carolina","Yadkin County",1,51,584,299,285
050,37,197,"North Carolina","Yadkin County",1,52,577,286,291
050,37,197,"North Carolina","Yadkin County",1,53,538,253,285
050,37,197,"North Carolina","Yadkin County",1,54,561,279,282
050,37,197,"North Carolina","Yadkin County",1,55,592,303,289
050,37,197,"North Carolina","Yadkin County",1,56,629,311,318
050,37,197,"North Carolina","Yadkin County",1,57,618,298,320
050,37,197,"North Carolina","Yadkin County",1,58,571,283,288
050,37,197,"North Carolina","Yadkin County",1,59,585,296,289
050,37,197,"North Carolina","Yadkin County",1,60,557,288,269
050,37,197,"North Carolina","Yadkin County",1,61,535,277,258
050,37,197,"North Carolina","Yadkin County",1,62,538,278,260
050,37,197,"North Carolina","Yadkin County",1,63,513,247,266
050,37,197,"North Carolina","Yadkin County",1,64,521,254,267
050,37,197,"North Carolina","Yadkin County",1,65,483,236,247
050,37,197,"North Carolina","Yadkin County",1,66,470,235,235
050,37,197,"North Carolina","Yadkin County",1,67,450,227,223
050,37,197,"North Carolina","Yadkin County",1,68,452,213,239
050,37,197,"North Carolina","Yadkin County",1,69,418,198,220
050,37,197,"North Carolina","Yadkin County",1,70,436,193,243
050,37,197,"North Carolina","Yadkin County",1,71,444,198,246
050,37,197,"North Carolina","Yadkin County",1,72,440,217,223
050,37,197,"North Carolina","Yadkin County",1,73,433,207,226
050,37,197,"North Carolina","Yadkin County",1,74,298,137,161
050,37,197,"North Carolina","Yadkin County",1,75,301,141,160
050,37,197,"North Carolina","Yadkin County",1,76,314,146,168
050,37,197,"North Carolina","Yadkin County",1,77,350,159,191
050,37,197,"North Carolina","Yadkin County",1,78,256,109,147
050,37,197,"North Carolina","Yadkin County",1,79,230,104,126
050,37,197,"North Carolina","Yadkin County",1,80,226,103,123
050,37,197,"North Carolina","Yadkin County",1,81,211,98,113
050,37,197,"North Carolina","Yadkin County",1,82,185,73,112
050,37,197,"North Carolina","Yadkin County",1,83,148,51,97
050,37,197,"North Carolina","Yadkin County",1,84,149,60,89
050,37,197,"North Carolina","Yadkin County",1,85,829,281,548
050,37,197,"North Carolina","Yadkin County",2,0,386,194,192
050,37,197,"North Carolina","Yadkin County",2,1,381,193,188
050,37,197,"North Carolina","Yadkin County",2,2,409,213,196
050,37,197,"North Carolina","Yadkin County",2,3,416,199,217
050,37,197,"North Carolina","Yadkin County",2,4,403,201,202
050,37,197,"North Carolina","Yadkin County",2,5,394,209,185
050,37,197,"North Carolina","Yadkin County",2,6,433,227,206
050,37,197,"North Carolina","Yadkin County",2,7,431,233,198
050,37,197,"North Carolina","Yadkin County",2,8,411,225,186
050,37,197,"North Carolina","Yadkin County",2,9,403,208,195
050,37,197,"North Carolina","Yadkin County",2,10,428,211,217
050,37,197,"North Carolina","Yadkin County",2,11,458,238,220
050,37,197,"North Carolina","Yadkin County",2,12,463,247,216
050,37,197,"North Carolina","Yadkin County",2,13,462,246,216
050,37,197,"North Carolina","Yadkin County",2,14,466,246,220
050,37,197,"North Carolina","Yadkin County",2,15,467,256,211
050,37,197,"North Carolina","Yadkin County",2,16,469,262,207
050,37,197,"North Carolina","Yadkin County",2,17,477,257,220
050,37,197,"North Carolina","Yadkin County",2,18,404,217,187
050,37,197,"North Carolina","Yadkin County",2,19,354,184,170
050,37,197,"North Carolina","Yadkin County",2,20,392,207,185
050,37,197,"North Carolina","Yadkin County",2,21,419,219,200
050,37,197,"North Carolina","Yadkin County",2,22,426,217,209
050,37,197,"North Carolina","Yadkin County",2,23,426,230,196
050,37,197,"North Carolina","Yadkin County",2,24,407,218,189
050,37,197,"North Carolina","Yadkin County",2,25,416,223,193
050,37,197,"North Carolina","Yadkin County",2,26,452,248,204
050,37,197,"North Carolina","Yadkin County",2,27,444,237,207
050,37,197,"North Carolina","Yadkin County",2,28,465,234,231
050,37,197,"North Carolina","Yadkin County",2,29,452,223,229
050,37,197,"North Carolina","Yadkin County",2,30,424,216,208
050,37,197,"North Carolina","Yadkin County",2,31,399,216,183
050,37,197,"North Carolina","Yadkin County",2,32,410,222,188
050,37,197,"North Carolina","Yadkin County",2,33,391,201,190
050,37,197,"North Carolina","Yadkin County",2,34,378,177,201
050,37,197,"North Carolina","Yadkin County",2,35,382,175,207
050,37,197,"North Carolina","Yadkin County",2,36,353,158,195
050,37,197,"North Carolina","Yadkin County",2,37,367,181,186
050,37,197,"North Carolina","Yadkin County",2,38,376,194,182
050,37,197,"North Carolina","Yadkin County",2,39,417,216,201
050,37,197,"North Carolina","Yadkin County",2,40,435,214,221
050,37,197,"North Carolina","Yadkin County",2,41,400,213,187
050,37,197,"North Carolina","Yadkin County",2,42,397,200,197
050,37,197,"North Carolina","Yadkin County",2,43,421,201,220
050,37,197,"North Carolina","Yadkin County",2,44,397,200,197
050,37,197,"North Carolina","Yadkin County",2,45,433,226,207
050,37,197,"North Carolina","Yadkin County",2,46,438,216,222
050,37,197,"North Carolina","Yadkin County",2,47,455,233,222
050,37,197,"North Carolina","Yadkin County",2,48,525,268,257
050,37,197,"North Carolina","Yadkin County",2,49,565,297,268
050,37,197,"North Carolina","Yadkin County",2,50,573,305,268
050,37,197,"North Carolina","Yadkin County",2,51,581,301,280
050,37,197,"North Carolina","Yadkin County",2,52,580,290,290
050,37,197,"North Carolina","Yadkin County",2,53,549,262,287
050,37,197,"North Carolina","Yadkin County",2,54,554,272,282
050,37,197,"North Carolina","Yadkin County",2,55,588,300,288
050,37,197,"North Carolina","Yadkin County",2,56,622,309,313
050,37,197,"North Carolina","Yadkin County",2,57,624,303,321
050,37,197,"North Carolina","Yadkin County",2,58,580,285,295
050,37,197,"North Carolina","Yadkin County",2,59,583,294,289
050,37,197,"North Carolina","Yadkin County",2,60,561,288,273
050,37,197,"North Carolina","Yadkin County",2,61,540,279,261
050,37,197,"North Carolina","Yadkin County",2,62,539,280,259
050,37,197,"North Carolina","Yadkin County",2,63,523,258,265
050,37,197,"North Carolina","Yadkin County",2,64,513,248,265
050,37,197,"North Carolina","Yadkin County",2,65,490,239,251
050,37,197,"North Carolina","Yadkin County",2,66,475,236,239
050,37,197,"North Carolina","Yadkin County",2,67,455,230,225
050,37,197,"North Carolina","Yadkin County",2,68,446,213,233
050,37,197,"North Carolina","Yadkin County",2,69,431,204,227
050,37,197,"North Carolina","Yadkin County",2,70,427,192,235
050,37,197,"North Carolina","Yadkin County",2,71,442,199,243
050,37,197,"North Carolina","Yadkin County",2,72,434,210,224
050,37,197,"North Carolina","Yadkin County",2,73,451,215,236
050,37,197,"North Carolina","Yadkin County",2,74,309,142,167
050,37,197,"North Carolina","Yadkin County",2,75,299,140,159
050,37,197,"North Carolina","Yadkin County",2,76,300,140,160
050,37,197,"North Carolina","Yadkin County",2,77,350,160,190
050,37,197,"North Carolina","Yadkin County",2,78,268,115,153
050,37,197,"North Carolina","Yadkin County",2,79,234,104,130
050,37,197,"North Carolina","Yadkin County",2,80,223,101,122
050,37,197,"North Carolina","Yadkin County",2,81,206,96,110
050,37,197,"North Carolina","Yadkin County",2,82,189,76,113
050,37,197,"North Carolina","Yadkin County",2,83,152,55,97
050,37,197,"North Carolina","Yadkin County",2,84,150,58,92
050,37,197,"North Carolina","Yadkin County",2,85,836,288,548
050,37,197,"North Carolina","Yadkin County",3,0,329,167,162
050,37,197,"North Carolina","Yadkin County",3,1,395,199,196
050,37,197,"North Carolina","Yadkin County",3,2,384,197,187
050,37,197,"North Carolina","Yadkin County",3,3,406,221,185
050,37,197,"North Carolina","Yadkin County",3,4,424,203,221
050,37,197,"North Carolina","Yadkin County",3,5,413,207,206
050,37,197,"North Carolina","Yadkin County",3,6,399,206,193
050,37,197,"North Carolina","Yadkin County",3,7,421,221,200
050,37,197,"North Carolina","Yadkin County",3,8,437,236,201
050,37,197,"North Carolina","Yadkin County",3,9,428,236,192
050,37,197,"North Carolina","Yadkin County",3,10,394,203,191
050,37,197,"North Carolina","Yadkin County",3,11,428,206,222
050,37,197,"North Carolina","Yadkin County",3,12,473,246,227
050,37,197,"North Carolina","Yadkin County",3,13,483,257,226
050,37,197,"North Carolina","Yadkin County",3,14,479,259,220
050,37,197,"North Carolina","Yadkin County",3,15,460,249,211
050,37,197,"North Carolina","Yadkin County",3,16,452,251,201
050,37,197,"North Carolina","Yadkin County",3,17,479,262,217
050,37,197,"North Carolina","Yadkin County",3,18,419,232,187
050,37,197,"North Carolina","Yadkin County",3,19,327,169,158
050,37,197,"North Carolina","Yadkin County",3,20,373,192,181
050,37,197,"North Carolina","Yadkin County",3,21,418,218,200
050,37,197,"North Carolina","Yadkin County",3,22,425,218,207
050,37,197,"North Carolina","Yadkin County",3,23,466,240,226
050,37,197,"North Carolina","Yadkin County",3,24,424,228,196
050,37,197,"North Carolina","Yadkin County",3,25,415,227,188
050,37,197,"North Carolina","Yadkin County",3,26,434,234,200
050,37,197,"North Carolina","Yadkin County",3,27,443,242,201
050,37,197,"North Carolina","Yadkin County",3,28,458,242,216
050,37,197,"North Carolina","Yadkin County",3,29,471,235,236
050,37,197,"North Carolina","Yadkin County",3,30,439,210,229
050,37,197,"North Carolina","Yadkin County",3,31,428,223,205
050,37,197,"North Carolina","Yadkin County",3,32,380,198,182
050,37,197,"North Carolina","Yadkin County",3,33,401,222,179
050,37,197,"North Carolina","Yadkin County",3,34,395,197,198
050,37,197,"North Carolina","Yadkin County",3,35,392,184,208
050,37,197,"North Carolina","Yadkin County",3,36,397,178,219
050,37,197,"North Carolina","Yadkin County",3,37,342,162,180
050,37,197,"North Carolina","Yadkin County",3,38,361,176,185
050,37,197,"North Carolina","Yadkin County",3,39,372,194,178
050,37,197,"North Carolina","Yadkin County",3,40,417,209,208
050,37,197,"North Carolina","Yadkin County",3,41,446,220,226
050,37,197,"North Carolina","Yadkin County",3,42,397,208,189
050,37,197,"North Carolina","Yadkin County",3,43,404,208,196
050,37,197,"North Carolina","Yadkin County",3,44,414,203,211
050,37,197,"North Carolina","Yadkin County",3,45,397,198,199
050,37,197,"North Carolina","Yadkin County",3,46,436,226,210
050,37,197,"North Carolina","Yadkin County",3,47,437,219,218
050,37,197,"North Carolina","Yadkin County",3,48,455,228,227
050,37,197,"North Carolina","Yadkin County",3,49,529,270,259
050,37,197,"North Carolina","Yadkin County",3,50,576,305,271
050,37,197,"North Carolina","Yadkin County",3,51,565,296,269
050,37,197,"North Carolina","Yadkin County",3,52,588,307,281
050,37,197,"North Carolina","Yadkin County",3,53,569,282,287
050,37,197,"North Carolina","Yadkin County",3,54,547,262,285
050,37,197,"North Carolina","Yadkin County",3,55,563,272,291
050,37,197,"North Carolina","Yadkin County",3,56,574,282,292
050,37,197,"North Carolina","Yadkin County",3,57,636,318,318
050,37,197,"North Carolina","Yadkin County",3,58,615,295,320
050,37,197,"North Carolina","Yadkin County",3,59,575,280,295
050,37,197,"North Carolina","Yadkin County",3,60,576,290,286
050,37,197,"North Carolina","Yadkin County",3,61,568,294,274
050,37,197,"North Carolina","Yadkin County",3,62,548,282,266
050,37,197,"North Carolina","Yadkin County",3,63,529,275,254
050,37,197,"North Carolina","Yadkin County",3,64,513,252,261
050,37,197,"North Carolina","Yadkin County",3,65,511,250,261
050,37,197,"North Carolina","Yadkin County",3,66,484,239,245
050,37,197,"North Carolina","Yadkin County",3,67,474,233,241
050,37,197,"North Carolina","Yadkin County",3,68,446,223,223
050,37,197,"North Carolina","Yadkin County",3,69,448,210,238
050,37,197,"North Carolina","Yadkin County",3,70,415,192,223
050,37,197,"North Carolina","Yadkin County",3,71,418,189,229
050,37,197,"North Carolina","Yadkin County",3,72,430,191,239
050,37,197,"North Carolina","Yadkin County",3,73,421,204,217
050,37,197,"North Carolina","Yadkin County",3,74,444,209,235
050,37,197,"North Carolina","Yadkin County",3,75,305,139,166
050,37,197,"North Carolina","Yadkin County",3,76,280,131,149
050,37,197,"North Carolina","Yadkin County",3,77,285,128,157
050,37,197,"North Carolina","Yadkin County",3,78,330,150,180
050,37,197,"North Carolina","Yadkin County",3,79,254,109,145
050,37,197,"North Carolina","Yadkin County",3,80,221,100,121
050,37,197,"North Carolina","Yadkin County",3,81,215,100,115
050,37,197,"North Carolina","Yadkin County",3,82,187,78,109
050,37,197,"North Carolina","Yadkin County",3,83,172,68,104
050,37,197,"North Carolina","Yadkin County",3,84,153,51,102
050,37,197,"North Carolina","Yadkin County",3,85,845,293,552
050,37,197,"North Carolina","Yadkin County",4,0,373,178,195
050,37,197,"North Carolina","Yadkin County",4,1,374,206,168
050,37,197,"North Carolina","Yadkin County",4,2,403,203,200
050,37,197,"North Carolina","Yadkin County",4,3,396,205,191
050,37,197,"North Carolina","Yadkin County",4,4,411,221,190
050,37,197,"North Carolina","Yadkin County",4,5,419,198,221
050,37,197,"North Carolina","Yadkin County",4,6,425,215,210
050,37,197,"North Carolina","Yadkin County",4,7,394,208,186
050,37,197,"North Carolina","Yadkin County",4,8,427,221,206
050,37,197,"North Carolina","Yadkin County",4,9,429,233,196
050,37,197,"North Carolina","Yadkin County",4,10,404,230,174
050,37,197,"North Carolina","Yadkin County",4,11,411,209,202
050,37,197,"North Carolina","Yadkin County",4,12,422,202,220
050,37,197,"North Carolina","Yadkin County",4,13,459,244,215
050,37,197,"North Carolina","Yadkin County",4,14,495,260,235
050,37,197,"North Carolina","Yadkin County",4,15,468,248,220
050,37,197,"North Carolina","Yadkin County",4,16,477,258,219
050,37,197,"North Carolina","Yadkin County",4,17,459,261,198
050,37,197,"North Carolina","Yadkin County",4,18,406,232,174
050,37,197,"North Carolina","Yadkin County",4,19,349,187,162
050,37,197,"North Carolina","Yadkin County",4,20,354,188,166
050,37,197,"North Carolina","Yadkin County",4,21,391,197,194
050,37,197,"North Carolina","Yadkin County",4,22,436,227,209
050,37,197,"North Carolina","Yadkin County",4,23,471,239,232
050,37,197,"North Carolina","Yadkin County",4,24,444,229,215
050,37,197,"North Carolina","Yadkin County",4,25,432,231,201
050,37,197,"North Carolina","Yadkin County",4,26,425,238,187
050,37,197,"North Carolina","Yadkin County",4,27,442,241,201
050,37,197,"North Carolina","Yadkin County",4,28,467,258,209
050,37,197,"North Carolina","Yadkin County",4,29,468,242,226
050,37,197,"North Carolina","Yadkin County",4,30,465,245,220
050,37,197,"North Carolina","Yadkin County",4,31,439,224,215
050,37,197,"North Carolina","Yadkin County",4,32,431,216,215
050,37,197,"North Carolina","Yadkin County",4,33,391,208,183
050,37,197,"North Carolina","Yadkin County",4,34,397,216,181
050,37,197,"North Carolina","Yadkin County",4,35,397,199,198
050,37,197,"North Carolina","Yadkin County",4,36,396,183,213
050,37,197,"North Carolina","Yadkin County",4,37,408,191,217
050,37,197,"North Carolina","Yadkin County",4,38,352,161,191
050,37,197,"North Carolina","Yadkin County",4,39,371,180,191
050,37,197,"North Carolina","Yadkin County",4,40,377,191,186
050,37,197,"North Carolina","Yadkin County",4,41,411,206,205
050,37,197,"North Carolina","Yadkin County",4,42,453,212,241
050,37,197,"North Carolina","Yadkin County",4,43,406,212,194
050,37,197,"North Carolina","Yadkin County",4,44,409,206,203
050,37,197,"North Carolina","Yadkin County",4,45,419,203,216
050,37,197,"North Carolina","Yadkin County",4,46,408,207,201
050,37,197,"North Carolina","Yadkin County",4,47,437,229,208
050,37,197,"North Carolina","Yadkin County",4,48,441,218,223
050,37,197,"North Carolina","Yadkin County",4,49,470,233,237
050,37,197,"North Carolina","Yadkin County",4,50,529,275,254
050,37,197,"North Carolina","Yadkin County",4,51,588,311,277
050,37,197,"North Carolina","Yadkin County",4,52,563,292,271
050,37,197,"North Carolina","Yadkin County",4,53,580,299,281
050,37,197,"North Carolina","Yadkin County",4,54,589,291,298
050,37,197,"North Carolina","Yadkin County",4,55,557,268,289
050,37,197,"North Carolina","Yadkin County",4,56,555,260,295
050,37,197,"North Carolina","Yadkin County",4,57,596,294,302
050,37,197,"North Carolina","Yadkin County",4,58,620,303,317
050,37,197,"North Carolina","Yadkin County",4,59,623,307,316
050,37,197,"North Carolina","Yadkin County",4,60,575,282,293
050,37,197,"North Carolina","Yadkin County",4,61,573,286,287
050,37,197,"North Carolina","Yadkin County",4,62,576,295,281
050,37,197,"North Carolina","Yadkin County",4,63,542,283,259
050,37,197,"North Carolina","Yadkin County",4,64,522,266,256
050,37,197,"North Carolina","Yadkin County",4,65,512,249,263
050,37,197,"North Carolina","Yadkin County",4,66,512,252,260
050,37,197,"North Carolina","Yadkin County",4,67,479,234,245
050,37,197,"North Carolina","Yadkin County",4,68,466,226,240
050,37,197,"North Carolina","Yadkin County",4,69,444,219,225
050,37,197,"North Carolina","Yadkin County",4,70,443,206,237
050,37,197,"North Carolina","Yadkin County",4,71,411,187,224
050,37,197,"North Carolina","Yadkin County",4,72,408,181,227
050,37,197,"North Carolina","Yadkin County",4,73,414,182,232
050,37,197,"North Carolina","Yadkin County",4,74,412,197,215
050,37,197,"North Carolina","Yadkin County",4,75,429,198,231
050,37,197,"North Carolina","Yadkin County",4,76,283,128,155
050,37,197,"North Carolina","Yadkin County",4,77,276,127,149
050,37,197,"North Carolina","Yadkin County",4,78,268,117,151
050,37,197,"North Carolina","Yadkin County",4,79,314,139,175
050,37,197,"North Carolina","Yadkin County",4,80,238,101,137
050,37,197,"North Carolina","Yadkin County",4,81,211,92,119
050,37,197,"North Carolina","Yadkin County",4,82,197,85,112
050,37,197,"North Carolina","Yadkin County",4,83,166,68,98
050,37,197,"North Carolina","Yadkin County",4,84,171,60,111
050,37,197,"North Carolina","Yadkin County",4,85,856,288,568
050,37,197,"North Carolina","Yadkin County",5,0,376,180,196
050,37,197,"North Carolina","Yadkin County",5,1,385,182,203
050,37,197,"North Carolina","Yadkin County",5,2,373,199,174
050,37,197,"North Carolina","Yadkin County",5,3,413,199,214
050,37,197,"North Carolina","Yadkin County",5,4,404,211,193
050,37,197,"North Carolina","Yadkin County",5,5,412,223,189
050,37,197,"North Carolina","Yadkin County",5,6,441,204,237
050,37,197,"North Carolina","Yadkin County",5,7,436,218,218
050,37,197,"North Carolina","Yadkin County",5,8,412,216,196
050,37,197,"North Carolina","Yadkin County",5,9,454,240,214
050,37,197,"North Carolina","Yadkin County",5,10,433,229,204
050,37,197,"North Carolina","Yadkin County",5,11,424,238,186
050,37,197,"North Carolina","Yadkin County",5,12,423,212,211
050,37,197,"North Carolina","Yadkin County",5,13,422,205,217
050,37,197,"North Carolina","Yadkin County",5,14,484,252,232
050,37,197,"North Carolina","Yadkin County",5,15,480,258,222
050,37,197,"North Carolina","Yadkin County",5,16,475,247,228
050,37,197,"North Carolina","Yadkin County",5,17,476,257,219
050,37,197,"North Carolina","Yadkin County",5,18,422,241,181
050,37,197,"North Carolina","Yadkin County",5,19,331,184,147
050,37,197,"North Carolina","Yadkin County",5,20,378,197,181
050,37,197,"North Carolina","Yadkin County",5,21,376,194,182
050,37,197,"North Carolina","Yadkin County",5,22,419,206,213
050,37,197,"North Carolina","Yadkin County",5,23,465,257,208
050,37,197,"North Carolina","Yadkin County",5,24,467,237,230
050,37,197,"North Carolina","Yadkin County",5,25,462,231,231
050,37,197,"North Carolina","Yadkin County",5,26,442,239,203
050,37,197,"North Carolina","Yadkin County",5,27,415,223,192
050,37,197,"North Carolina","Yadkin County",5,28,460,246,214
050,37,197,"North Carolina","Yadkin County",5,29,482,262,220
050,37,197,"North Carolina","Yadkin County",5,30,476,249,227
050,37,197,"North Carolina","Yadkin County",5,31,486,259,227
050,37,197,"North Carolina","Yadkin County",5,32,436,220,216
050,37,197,"North Carolina","Yadkin County",5,33,434,210,224
050,37,197,"North Carolina","Yadkin County",5,34,405,215,190
050,37,197,"North Carolina","Yadkin County",5,35,402,217,185
050,37,197,"North Carolina","Yadkin County",5,36,404,202,202
050,37,197,"North Carolina","Yadkin County",5,37,397,184,213
050,37,197,"North Carolina","Yadkin County",5,38,432,208,224
050,37,197,"North Carolina","Yadkin County",5,39,349,154,195
050,37,197,"North Carolina","Yadkin County",5,40,371,174,197
050,37,197,"North Carolina","Yadkin County",5,41,390,201,189
050,37,197,"North Carolina","Yadkin County",5,42,402,207,195
050,37,197,"North Carolina","Yadkin County",5,43,459,219,240
050,37,197,"North Carolina","Yadkin County",5,44,401,205,196
050,37,197,"North Carolina","Yadkin County",5,45,421,207,214
050,37,197,"North Carolina","Yadkin County",5,46,426,198,228
050,37,197,"North Carolina","Yadkin County",5,47,398,203,195
050,37,197,"North Carolina","Yadkin County",5,48,436,224,212
050,37,197,"North Carolina","Yadkin County",5,49,436,216,220
050,37,197,"North Carolina","Yadkin County",5,50,473,235,238
050,37,197,"North Carolina","Yadkin County",5,51,536,277,259
050,37,197,"North Carolina","Yadkin County",5,52,578,311,267
050,37,197,"North Carolina","Yadkin County",5,53,558,292,266
050,37,197,"North Carolina","Yadkin County",5,54,581,300,281
050,37,197,"North Carolina","Yadkin County",5,55,592,298,294
050,37,197,"North Carolina","Yadkin County",5,56,548,253,295
050,37,197,"North Carolina","Yadkin County",5,57,570,276,294
050,37,197,"North Carolina","Yadkin County",5,58,584,288,296
050,37,197,"North Carolina","Yadkin County",5,59,619,301,318
050,37,197,"North Carolina","Yadkin County",5,60,612,295,317
050,37,197,"North Carolina","Yadkin County",5,61,578,285,293
050,37,197,"North Carolina","Yadkin County",5,62,579,289,290
050,37,197,"North Carolina","Yadkin County",5,63,569,291,278
050,37,197,"North Carolina","Yadkin County",5,64,532,278,254
050,37,197,"North Carolina","Yadkin County",5,65,514,265,249
050,37,197,"North Carolina","Yadkin County",5,66,503,242,261
050,37,197,"North Carolina","Yadkin County",5,67,513,246,267
050,37,197,"North Carolina","Yadkin County",5,68,469,227,242
050,37,197,"North Carolina","Yadkin County",5,69,461,222,239
050,37,197,"North Carolina","Yadkin County",5,70,426,209,217
050,37,197,"North Carolina","Yadkin County",5,71,428,200,228
050,37,197,"North Carolina","Yadkin County",5,72,400,185,215
050,37,197,"North Carolina","Yadkin County",5,73,404,175,229
050,37,197,"North Carolina","Yadkin County",5,74,402,179,223
050,37,197,"North Carolina","Yadkin County",5,75,399,186,213
050,37,197,"North Carolina","Yadkin County",5,76,400,183,217
050,37,197,"North Carolina","Yadkin County",5,77,281,125,156
050,37,197,"North Carolina","Yadkin County",5,78,260,117,143
050,37,197,"North Carolina","Yadkin County",5,79,256,109,147
050,37,197,"North Carolina","Yadkin County",5,80,292,128,164
050,37,197,"North Carolina","Yadkin County",5,81,224,91,133
050,37,197,"North Carolina","Yadkin County",5,82,191,77,114
050,37,197,"North Carolina","Yadkin County",5,83,176,75,101
050,37,197,"North Carolina","Yadkin County",5,84,170,64,106
050,37,197,"North Carolina","Yadkin County",5,85,893,298,595
050,37,199,"North Carolina","Yancey County",1,0,180,91,89
050,37,199,"North Carolina","Yancey County",1,1,181,86,95
050,37,199,"North Carolina","Yancey County",1,2,183,91,92
050,37,199,"North Carolina","Yancey County",1,3,184,88,96
050,37,199,"North Carolina","Yancey County",1,4,172,87,85
050,37,199,"North Carolina","Yancey County",1,5,167,80,87
050,37,199,"North Carolina","Yancey County",1,6,172,96,76
050,37,199,"North Carolina","Yancey County",1,7,177,107,70
050,37,199,"North Carolina","Yancey County",1,8,182,95,87
050,37,199,"North Carolina","Yancey County",1,9,161,79,82
050,37,199,"North Carolina","Yancey County",1,10,186,94,92
050,37,199,"North Carolina","Yancey County",1,11,193,90,103
050,37,199,"North Carolina","Yancey County",1,12,223,119,104
050,37,199,"North Carolina","Yancey County",1,13,213,124,89
050,37,199,"North Carolina","Yancey County",1,14,196,101,95
050,37,199,"North Carolina","Yancey County",1,15,207,121,86
050,37,199,"North Carolina","Yancey County",1,16,228,131,97
050,37,199,"North Carolina","Yancey County",1,17,204,118,86
050,37,199,"North Carolina","Yancey County",1,18,183,100,83
050,37,199,"North Carolina","Yancey County",1,19,158,82,76
050,37,199,"North Carolina","Yancey County",1,20,168,78,90
050,37,199,"North Carolina","Yancey County",1,21,159,78,81
050,37,199,"North Carolina","Yancey County",1,22,169,77,92
050,37,199,"North Carolina","Yancey County",1,23,183,90,93
050,37,199,"North Carolina","Yancey County",1,24,201,97,104
050,37,199,"North Carolina","Yancey County",1,25,177,84,93
050,37,199,"North Carolina","Yancey County",1,26,210,103,107
050,37,199,"North Carolina","Yancey County",1,27,218,119,99
050,37,199,"North Carolina","Yancey County",1,28,201,108,93
050,37,199,"North Carolina","Yancey County",1,29,203,102,101
050,37,199,"North Carolina","Yancey County",1,30,204,100,104
050,37,199,"North Carolina","Yancey County",1,31,198,104,94
050,37,199,"North Carolina","Yancey County",1,32,187,97,90
050,37,199,"North Carolina","Yancey County",1,33,173,91,82
050,37,199,"North Carolina","Yancey County",1,34,183,107,76
050,37,199,"North Carolina","Yancey County",1,35,200,106,94
050,37,199,"North Carolina","Yancey County",1,36,200,105,95
050,37,199,"North Carolina","Yancey County",1,37,180,90,90
050,37,199,"North Carolina","Yancey County",1,38,183,89,94
050,37,199,"North Carolina","Yancey County",1,39,186,87,99
050,37,199,"North Carolina","Yancey County",1,40,204,103,101
050,37,199,"North Carolina","Yancey County",1,41,198,98,100
050,37,199,"North Carolina","Yancey County",1,42,196,88,108
050,37,199,"North Carolina","Yancey County",1,43,199,99,100
050,37,199,"North Carolina","Yancey County",1,44,204,101,103
050,37,199,"North Carolina","Yancey County",1,45,221,111,110
050,37,199,"North Carolina","Yancey County",1,46,224,116,108
050,37,199,"North Carolina","Yancey County",1,47,224,116,108
050,37,199,"North Carolina","Yancey County",1,48,239,130,109
050,37,199,"North Carolina","Yancey County",1,49,247,129,118
050,37,199,"North Carolina","Yancey County",1,50,253,116,137
050,37,199,"North Carolina","Yancey County",1,51,247,130,117
050,37,199,"North Carolina","Yancey County",1,52,245,128,117
050,37,199,"North Carolina","Yancey County",1,53,248,121,127
050,37,199,"North Carolina","Yancey County",1,54,257,134,123
050,37,199,"North Carolina","Yancey County",1,55,264,142,122
050,37,199,"North Carolina","Yancey County",1,56,275,140,135
050,37,199,"North Carolina","Yancey County",1,57,271,125,146
050,37,199,"North Carolina","Yancey County",1,58,293,126,167
050,37,199,"North Carolina","Yancey County",1,59,272,123,149
050,37,199,"North Carolina","Yancey County",1,60,285,136,149
050,37,199,"North Carolina","Yancey County",1,61,279,138,141
050,37,199,"North Carolina","Yancey County",1,62,257,121,136
050,37,199,"North Carolina","Yancey County",1,63,270,133,137
050,37,199,"North Carolina","Yancey County",1,64,278,136,142
050,37,199,"North Carolina","Yancey County",1,65,284,139,145
050,37,199,"North Carolina","Yancey County",1,66,315,153,162
050,37,199,"North Carolina","Yancey County",1,67,298,143,155
050,37,199,"North Carolina","Yancey County",1,68,309,147,162
050,37,199,"North Carolina","Yancey County",1,69,301,152,149
050,37,199,"North Carolina","Yancey County",1,70,274,137,137
050,37,199,"North Carolina","Yancey County",1,71,266,120,146
050,37,199,"North Carolina","Yancey County",1,72,293,140,153
050,37,199,"North Carolina","Yancey County",1,73,281,125,156
050,37,199,"North Carolina","Yancey County",1,74,202,95,107
050,37,199,"North Carolina","Yancey County",1,75,207,85,122
050,37,199,"North Carolina","Yancey County",1,76,185,87,98
050,37,199,"North Carolina","Yancey County",1,77,184,95,89
050,37,199,"North Carolina","Yancey County",1,78,172,89,83
050,37,199,"North Carolina","Yancey County",1,79,155,77,78
050,37,199,"North Carolina","Yancey County",1,80,143,66,77
050,37,199,"North Carolina","Yancey County",1,81,112,49,63
050,37,199,"North Carolina","Yancey County",1,82,112,51,61
050,37,199,"North Carolina","Yancey County",1,83,125,53,72
050,37,199,"North Carolina","Yancey County",1,84,109,38,71
050,37,199,"North Carolina","Yancey County",1,85,464,161,303
050,37,199,"North Carolina","Yancey County",2,0,194,101,93
050,37,199,"North Carolina","Yancey County",2,1,181,88,93
050,37,199,"North Carolina","Yancey County",2,2,185,91,94
050,37,199,"North Carolina","Yancey County",2,3,184,89,95
050,37,199,"North Carolina","Yancey County",2,4,176,86,90
050,37,199,"North Carolina","Yancey County",2,5,167,81,86
050,37,199,"North Carolina","Yancey County",2,6,170,92,78
050,37,199,"North Carolina","Yancey County",2,7,174,102,72
050,37,199,"North Carolina","Yancey County",2,8,179,96,83
050,37,199,"North Carolina","Yancey County",2,9,165,83,82
050,37,199,"North Carolina","Yancey County",2,10,180,91,89
050,37,199,"North Carolina","Yancey County",2,11,190,90,100
050,37,199,"North Carolina","Yancey County",2,12,219,114,105
050,37,199,"North Carolina","Yancey County",2,13,213,120,93
050,37,199,"North Carolina","Yancey County",2,14,198,106,92
050,37,199,"North Carolina","Yancey County",2,15,204,117,87
050,37,199,"North Carolina","Yancey County",2,16,223,128,95
050,37,199,"North Carolina","Yancey County",2,17,211,121,90
050,37,199,"North Carolina","Yancey County",2,18,179,100,79
050,37,199,"North Carolina","Yancey County",2,19,152,79,73
050,37,199,"North Carolina","Yancey County",2,20,168,80,88
050,37,199,"North Carolina","Yancey County",2,21,161,78,83
050,37,199,"North Carolina","Yancey County",2,22,169,78,91
050,37,199,"North Carolina","Yancey County",2,23,182,88,94
050,37,199,"North Carolina","Yancey County",2,24,198,96,102
050,37,199,"North Carolina","Yancey County",2,25,184,87,97
050,37,199,"North Carolina","Yancey County",2,26,206,100,106
050,37,199,"North Carolina","Yancey County",2,27,216,115,101
050,37,199,"North Carolina","Yancey County",2,28,205,112,93
050,37,199,"North Carolina","Yancey County",2,29,202,102,100
050,37,199,"North Carolina","Yancey County",2,30,205,101,104
050,37,199,"North Carolina","Yancey County",2,31,199,104,95
050,37,199,"North Carolina","Yancey County",2,32,190,98,92
050,37,199,"North Carolina","Yancey County",2,33,177,93,84
050,37,199,"North Carolina","Yancey County",2,34,181,103,78
050,37,199,"North Carolina","Yancey County",2,35,199,107,92
050,37,199,"North Carolina","Yancey County",2,36,199,105,94
050,37,199,"North Carolina","Yancey County",2,37,186,94,92
050,37,199,"North Carolina","Yancey County",2,38,186,90,96
050,37,199,"North Carolina","Yancey County",2,39,186,89,97
050,37,199,"North Carolina","Yancey County",2,40,202,101,101
050,37,199,"North Carolina","Yancey County",2,41,201,100,101
050,37,199,"North Carolina","Yancey County",2,42,197,91,106
050,37,199,"North Carolina","Yancey County",2,43,200,97,103
050,37,199,"North Carolina","Yancey County",2,44,199,99,100
050,37,199,"North Carolina","Yancey County",2,45,217,109,108
050,37,199,"North Carolina","Yancey County",2,46,223,114,109
050,37,199,"North Carolina","Yancey County",2,47,223,116,107
050,37,199,"North Carolina","Yancey County",2,48,235,128,107
050,37,199,"North Carolina","Yancey County",2,49,246,131,115
050,37,199,"North Carolina","Yancey County",2,50,253,119,134
050,37,199,"North Carolina","Yancey County",2,51,249,126,123
050,37,199,"North Carolina","Yancey County",2,52,245,128,117
050,37,199,"North Carolina","Yancey County",2,53,249,122,127
050,37,199,"North Carolina","Yancey County",2,54,256,132,124
050,37,199,"North Carolina","Yancey County",2,55,263,142,121
050,37,199,"North Carolina","Yancey County",2,56,276,143,133
050,37,199,"North Carolina","Yancey County",2,57,273,130,143
050,37,199,"North Carolina","Yancey County",2,58,290,126,164
050,37,199,"North Carolina","Yancey County",2,59,276,124,152
050,37,199,"North Carolina","Yancey County",2,60,277,130,147
050,37,199,"North Carolina","Yancey County",2,61,279,136,143
050,37,199,"North Carolina","Yancey County",2,62,261,125,136
050,37,199,"North Carolina","Yancey County",2,63,271,134,137
050,37,199,"North Carolina","Yancey County",2,64,273,133,140
050,37,199,"North Carolina","Yancey County",2,65,282,137,145
050,37,199,"North Carolina","Yancey County",2,66,310,152,158
050,37,199,"North Carolina","Yancey County",2,67,303,147,156
050,37,199,"North Carolina","Yancey County",2,68,303,144,159
050,37,199,"North Carolina","Yancey County",2,69,305,151,154
050,37,199,"North Carolina","Yancey County",2,70,277,138,139
050,37,199,"North Carolina","Yancey County",2,71,269,125,144
050,37,199,"North Carolina","Yancey County",2,72,282,133,149
050,37,199,"North Carolina","Yancey County",2,73,299,135,164
050,37,199,"North Carolina","Yancey County",2,74,205,94,111
050,37,199,"North Carolina","Yancey County",2,75,205,88,117
050,37,199,"North Carolina","Yancey County",2,76,187,84,103
050,37,199,"North Carolina","Yancey County",2,77,188,95,93
050,37,199,"North Carolina","Yancey County",2,78,169,87,82
050,37,199,"North Carolina","Yancey County",2,79,157,78,79
050,37,199,"North Carolina","Yancey County",2,80,143,67,76
050,37,199,"North Carolina","Yancey County",2,81,119,53,66
050,37,199,"North Carolina","Yancey County",2,82,110,50,60
050,37,199,"North Carolina","Yancey County",2,83,124,53,71
050,37,199,"North Carolina","Yancey County",2,84,112,42,70
050,37,199,"North Carolina","Yancey County",2,85,470,159,311
050,37,199,"North Carolina","Yancey County",3,0,162,72,90
050,37,199,"North Carolina","Yancey County",3,1,200,105,95
050,37,199,"North Carolina","Yancey County",3,2,190,94,96
050,37,199,"North Carolina","Yancey County",3,3,185,90,95
050,37,199,"North Carolina","Yancey County",3,4,201,100,101
050,37,199,"North Carolina","Yancey County",3,5,178,88,90
050,37,199,"North Carolina","Yancey County",3,6,178,88,90
050,37,199,"North Carolina","Yancey County",3,7,173,92,81
050,37,199,"North Carolina","Yancey County",3,8,182,105,77
050,37,199,"North Carolina","Yancey County",3,9,175,95,80
050,37,199,"North Carolina","Yancey County",3,10,171,87,84
050,37,199,"North Carolina","Yancey County",3,11,187,96,91
050,37,199,"North Carolina","Yancey County",3,12,187,86,101
050,37,199,"North Carolina","Yancey County",3,13,223,117,106
050,37,199,"North Carolina","Yancey County",3,14,216,117,99
050,37,199,"North Carolina","Yancey County",3,15,202,107,95
050,37,199,"North Carolina","Yancey County",3,16,204,117,87
050,37,199,"North Carolina","Yancey County",3,17,220,122,98
050,37,199,"North Carolina","Yancey County",3,18,180,105,75
050,37,199,"North Carolina","Yancey County",3,19,150,85,65
050,37,199,"North Carolina","Yancey County",3,20,163,84,79
050,37,199,"North Carolina","Yancey County",3,21,178,83,95
050,37,199,"North Carolina","Yancey County",3,22,164,80,84
050,37,199,"North Carolina","Yancey County",3,23,189,84,105
050,37,199,"North Carolina","Yancey County",3,24,186,97,89
050,37,199,"North Carolina","Yancey County",3,25,206,106,100
050,37,199,"North Carolina","Yancey County",3,26,188,92,96
050,37,199,"North Carolina","Yancey County",3,27,213,104,109
050,37,199,"North Carolina","Yancey County",3,28,221,119,102
050,37,199,"North Carolina","Yancey County",3,29,218,116,102
050,37,199,"North Carolina","Yancey County",3,30,218,112,106
050,37,199,"North Carolina","Yancey County",3,31,219,101,118
050,37,199,"North Carolina","Yancey County",3,32,208,103,105
050,37,199,"North Carolina","Yancey County",3,33,189,98,91
050,37,199,"North Carolina","Yancey County",3,34,194,103,91
050,37,199,"North Carolina","Yancey County",3,35,183,99,84
050,37,199,"North Carolina","Yancey County",3,36,216,112,104
050,37,199,"North Carolina","Yancey County",3,37,202,105,97
050,37,199,"North Carolina","Yancey County",3,38,201,101,100
050,37,199,"North Carolina","Yancey County",3,39,190,93,97
050,37,199,"North Carolina","Yancey County",3,40,188,91,97
050,37,199,"North Carolina","Yancey County",3,41,208,106,102
050,37,199,"North Carolina","Yancey County",3,42,212,107,105
050,37,199,"North Carolina","Yancey County",3,43,191,88,103
050,37,199,"North Carolina","Yancey County",3,44,202,98,104
050,37,199,"North Carolina","Yancey County",3,45,209,99,110
050,37,199,"North Carolina","Yancey County",3,46,213,108,105
050,37,199,"North Carolina","Yancey County",3,47,226,118,108
050,37,199,"North Carolina","Yancey County",3,48,231,122,109
050,37,199,"North Carolina","Yancey County",3,49,248,132,116
050,37,199,"North Carolina","Yancey County",3,50,255,140,115
050,37,199,"North Carolina","Yancey County",3,51,260,122,138
050,37,199,"North Carolina","Yancey County",3,52,247,122,125
050,37,199,"North Carolina","Yancey County",3,53,251,132,119
050,37,199,"North Carolina","Yancey County",3,54,246,120,126
050,37,199,"North Carolina","Yancey County",3,55,267,132,135
050,37,199,"North Carolina","Yancey County",3,56,272,144,128
050,37,199,"North Carolina","Yancey County",3,57,278,144,134
050,37,199,"North Carolina","Yancey County",3,58,262,124,138
050,37,199,"North Carolina","Yancey County",3,59,285,129,156
050,37,199,"North Carolina","Yancey County",3,60,282,125,157
050,37,199,"North Carolina","Yancey County",3,61,289,137,152
050,37,199,"North Carolina","Yancey County",3,62,280,138,142
050,37,199,"North Carolina","Yancey County",3,63,263,127,136
050,37,199,"North Carolina","Yancey County",3,64,277,134,143
050,37,199,"North Carolina","Yancey County",3,65,280,135,145
050,37,199,"North Carolina","Yancey County",3,66,291,146,145
050,37,199,"North Carolina","Yancey County",3,67,309,148,161
050,37,199,"North Carolina","Yancey County",3,68,304,146,158
050,37,199,"North Carolina","Yancey County",3,69,309,143,166
050,37,199,"North Carolina","Yancey County",3,70,305,146,159
050,37,199,"North Carolina","Yancey County",3,71,272,137,135
050,37,199,"North Carolina","Yancey County",3,72,269,131,138
050,37,199,"North Carolina","Yancey County",3,73,274,127,147
050,37,199,"North Carolina","Yancey County",3,74,289,129,160
050,37,199,"North Carolina","Yancey County",3,75,201,97,104
050,37,199,"North Carolina","Yancey County",3,76,196,84,112
050,37,199,"North Carolina","Yancey County",3,77,170,74,96
050,37,199,"North Carolina","Yancey County",3,78,179,88,91
050,37,199,"North Carolina","Yancey County",3,79,160,83,77
050,37,199,"North Carolina","Yancey County",3,80,145,70,75
050,37,199,"North Carolina","Yancey County",3,81,140,68,72
050,37,199,"North Carolina","Yancey County",3,82,108,46,62
050,37,199,"North Carolina","Yancey County",3,83,104,42,62
050,37,199,"North Carolina","Yancey County",3,84,104,46,58
050,37,199,"North Carolina","Yancey County",3,85,503,174,329
050,37,199,"North Carolina","Yancey County",4,0,174,94,80
050,37,199,"North Carolina","Yancey County",4,1,159,72,87
050,37,199,"North Carolina","Yancey County",4,2,212,106,106
050,37,199,"North Carolina","Yancey County",4,3,189,90,99
050,37,199,"North Carolina","Yancey County",4,4,188,91,97
050,37,199,"North Carolina","Yancey County",4,5,192,95,97
050,37,199,"North Carolina","Yancey County",4,6,175,87,88
050,37,199,"North Carolina","Yancey County",4,7,178,85,93
050,37,199,"North Carolina","Yancey County",4,8,170,92,78
050,37,199,"North Carolina","Yancey County",4,9,183,102,81
050,37,199,"North Carolina","Yancey County",4,10,169,97,72
050,37,199,"North Carolina","Yancey County",4,11,168,85,83
050,37,199,"North Carolina","Yancey County",4,12,183,97,86
050,37,199,"North Carolina","Yancey County",4,13,177,84,93
050,37,199,"North Carolina","Yancey County",4,14,222,121,101
050,37,199,"North Carolina","Yancey County",4,15,212,117,95
050,37,199,"North Carolina","Yancey County",4,16,194,102,92
050,37,199,"North Carolina","Yancey County",4,17,206,118,88
050,37,199,"North Carolina","Yancey County",4,18,179,106,73
050,37,199,"North Carolina","Yancey County",4,19,144,83,61
050,37,199,"North Carolina","Yancey County",4,20,155,82,73
050,37,199,"North Carolina","Yancey County",4,21,169,87,82
050,37,199,"North Carolina","Yancey County",4,22,190,88,102
050,37,199,"North Carolina","Yancey County",4,23,168,87,81
050,37,199,"North Carolina","Yancey County",4,24,188,79,109
050,37,199,"North Carolina","Yancey County",4,25,202,103,99
050,37,199,"North Carolina","Yancey County",4,26,206,106,100
050,37,199,"North Carolina","Yancey County",4,27,189,86,103
050,37,199,"North Carolina","Yancey County",4,28,217,107,110
050,37,199,"North Carolina","Yancey County",4,29,234,120,114
050,37,199,"North Carolina","Yancey County",4,30,210,108,102
050,37,199,"North Carolina","Yancey County",4,31,222,116,106
050,37,199,"North Carolina","Yancey County",4,32,219,107,112
050,37,199,"North Carolina","Yancey County",4,33,216,107,109
050,37,199,"North Carolina","Yancey County",4,34,204,105,99
050,37,199,"North Carolina","Yancey County",4,35,184,95,89
050,37,199,"North Carolina","Yancey County",4,36,179,103,76
050,37,199,"North Carolina","Yancey County",4,37,209,103,106
050,37,199,"North Carolina","Yancey County",4,38,199,103,96
050,37,199,"North Carolina","Yancey County",4,39,200,100,100
050,37,199,"North Carolina","Yancey County",4,40,193,91,102
050,37,199,"North Carolina","Yancey County",4,41,196,96,100
050,37,199,"North Carolina","Yancey County",4,42,208,106,102
050,37,199,"North Carolina","Yancey County",4,43,215,108,107
050,37,199,"North Carolina","Yancey County",4,44,194,91,103
050,37,199,"North Carolina","Yancey County",4,45,204,100,104
050,37,199,"North Carolina","Yancey County",4,46,218,103,115
050,37,199,"North Carolina","Yancey County",4,47,218,116,102
050,37,199,"North Carolina","Yancey County",4,48,230,120,110
050,37,199,"North Carolina","Yancey County",4,49,235,123,112
050,37,199,"North Carolina","Yancey County",4,50,242,132,110
050,37,199,"North Carolina","Yancey County",4,51,265,143,122
050,37,199,"North Carolina","Yancey County",4,52,259,124,135
050,37,199,"North Carolina","Yancey County",4,53,252,123,129
050,37,199,"North Carolina","Yancey County",4,54,253,133,120
050,37,199,"North Carolina","Yancey County",4,55,259,128,131
050,37,199,"North Carolina","Yancey County",4,56,272,139,133
050,37,199,"North Carolina","Yancey County",4,57,276,140,136
050,37,199,"North Carolina","Yancey County",4,58,272,140,132
050,37,199,"North Carolina","Yancey County",4,59,272,129,143
050,37,199,"North Carolina","Yancey County",4,60,293,132,161
050,37,199,"North Carolina","Yancey County",4,61,294,131,163
050,37,199,"North Carolina","Yancey County",4,62,285,131,154
050,37,199,"North Carolina","Yancey County",4,63,281,135,146
050,37,199,"North Carolina","Yancey County",4,64,274,137,137
050,37,199,"North Carolina","Yancey County",4,65,279,132,147
050,37,199,"North Carolina","Yancey County",4,66,290,139,151
050,37,199,"North Carolina","Yancey County",4,67,291,146,145
050,37,199,"North Carolina","Yancey County",4,68,301,141,160
050,37,199,"North Carolina","Yancey County",4,69,303,148,155
050,37,199,"North Carolina","Yancey County",4,70,304,144,160
050,37,199,"North Carolina","Yancey County",4,71,301,145,156
050,37,199,"North Carolina","Yancey County",4,72,266,132,134
050,37,199,"North Carolina","Yancey County",4,73,260,124,136
050,37,199,"North Carolina","Yancey County",4,74,272,126,146
050,37,199,"North Carolina","Yancey County",4,75,279,123,156
050,37,199,"North Carolina","Yancey County",4,76,188,93,95
050,37,199,"North Carolina","Yancey County",4,77,193,80,113
050,37,199,"North Carolina","Yancey County",4,78,158,69,89
050,37,199,"North Carolina","Yancey County",4,79,171,84,87
050,37,199,"North Carolina","Yancey County",4,80,142,72,70
050,37,199,"North Carolina","Yancey County",4,81,137,68,69
050,37,199,"North Carolina","Yancey County",4,82,132,60,72
050,37,199,"North Carolina","Yancey County",4,83,106,42,64
050,37,199,"North Carolina","Yancey County",4,84,84,33,51
050,37,199,"North Carolina","Yancey County",4,85,517,188,329
050,37,199,"North Carolina","Yancey County",5,0,175,94,81
050,37,199,"North Carolina","Yancey County",5,1,174,91,83
050,37,199,"North Carolina","Yancey County",5,2,157,72,85
050,37,199,"North Carolina","Yancey County",5,3,214,111,103
050,37,199,"North Carolina","Yancey County",5,4,195,90,105
050,37,199,"North Carolina","Yancey County",5,5,190,89,101
050,37,199,"North Carolina","Yancey County",5,6,208,103,105
050,37,199,"North Carolina","Yancey County",5,7,169,86,83
050,37,199,"North Carolina","Yancey County",5,8,178,85,93
050,37,199,"North Carolina","Yancey County",5,9,170,91,79
050,37,199,"North Carolina","Yancey County",5,10,185,106,79
050,37,199,"North Carolina","Yancey County",5,11,177,104,73
050,37,199,"North Carolina","Yancey County",5,12,165,83,82
050,37,199,"North Carolina","Yancey County",5,13,187,101,86
050,37,199,"North Carolina","Yancey County",5,14,175,83,92
050,37,199,"North Carolina","Yancey County",5,15,227,121,106
050,37,199,"North Carolina","Yancey County",5,16,208,110,98
050,37,199,"North Carolina","Yancey County",5,17,202,107,95
050,37,199,"North Carolina","Yancey County",5,18,179,103,76
050,37,199,"North Carolina","Yancey County",5,19,141,81,60
050,37,199,"North Carolina","Yancey County",5,20,166,91,75
050,37,199,"North Carolina","Yancey County",5,21,165,84,81
050,37,199,"North Carolina","Yancey County",5,22,185,94,91
050,37,199,"North Carolina","Yancey County",5,23,210,96,114
050,37,199,"North Carolina","Yancey County",5,24,172,92,80
050,37,199,"North Carolina","Yancey County",5,25,189,81,108
050,37,199,"North Carolina","Yancey County",5,26,205,101,104
050,37,199,"North Carolina","Yancey County",5,27,215,119,96
050,37,199,"North Carolina","Yancey County",5,28,188,88,100
050,37,199,"North Carolina","Yancey County",5,29,230,106,124
050,37,199,"North Carolina","Yancey County",5,30,229,121,108
050,37,199,"North Carolina","Yancey County",5,31,214,111,103
050,37,199,"North Carolina","Yancey County",5,32,226,117,109
050,37,199,"North Carolina","Yancey County",5,33,219,107,112
050,37,199,"North Carolina","Yancey County",5,34,226,116,110
050,37,199,"North Carolina","Yancey County",5,35,206,103,103
050,37,199,"North Carolina","Yancey County",5,36,188,98,90
050,37,199,"North Carolina","Yancey County",5,37,182,103,79
050,37,199,"North Carolina","Yancey County",5,38,212,99,113
050,37,199,"North Carolina","Yancey County",5,39,195,102,93
050,37,199,"North Carolina","Yancey County",5,40,206,101,105
050,37,199,"North Carolina","Yancey County",5,41,202,96,106
050,37,199,"North Carolina","Yancey County",5,42,194,92,102
050,37,199,"North Carolina","Yancey County",5,43,207,108,99
050,37,199,"North Carolina","Yancey County",5,44,216,107,109
050,37,199,"North Carolina","Yancey County",5,45,200,90,110
050,37,199,"North Carolina","Yancey County",5,46,213,105,108
050,37,199,"North Carolina","Yancey County",5,47,224,108,116
050,37,199,"North Carolina","Yancey County",5,48,229,126,103
050,37,199,"North Carolina","Yancey County",5,49,237,126,111
050,37,199,"North Carolina","Yancey County",5,50,241,124,117
050,37,199,"North Carolina","Yancey County",5,51,250,138,112
050,37,199,"North Carolina","Yancey County",5,52,264,142,122
050,37,199,"North Carolina","Yancey County",5,53,266,132,134
050,37,199,"North Carolina","Yancey County",5,54,264,129,135
050,37,199,"North Carolina","Yancey County",5,55,257,133,124
050,37,199,"North Carolina","Yancey County",5,56,265,130,135
050,37,199,"North Carolina","Yancey County",5,57,280,141,139
050,37,199,"North Carolina","Yancey County",5,58,280,142,138
050,37,199,"North Carolina","Yancey County",5,59,275,137,138
050,37,199,"North Carolina","Yancey County",5,60,269,125,144
050,37,199,"North Carolina","Yancey County",5,61,299,138,161
050,37,199,"North Carolina","Yancey County",5,62,291,128,163
050,37,199,"North Carolina","Yancey County",5,63,295,135,160
050,37,199,"North Carolina","Yancey County",5,64,282,137,145
050,37,199,"North Carolina","Yancey County",5,65,282,141,141
050,37,199,"North Carolina","Yancey County",5,66,288,134,154
050,37,199,"North Carolina","Yancey County",5,67,283,136,147
050,37,199,"North Carolina","Yancey County",5,68,294,146,148
050,37,199,"North Carolina","Yancey County",5,69,297,137,160
050,37,199,"North Carolina","Yancey County",5,70,302,145,157
050,37,199,"North Carolina","Yancey County",5,71,303,144,159
050,37,199,"North Carolina","Yancey County",5,72,295,142,153
050,37,199,"North Carolina","Yancey County",5,73,250,123,127
050,37,199,"North Carolina","Yancey County",5,74,258,124,134
050,37,199,"North Carolina","Yancey County",5,75,256,121,135
050,37,199,"North Carolina","Yancey County",5,76,274,123,151
050,37,199,"North Carolina","Yancey County",5,77,179,85,94
050,37,199,"North Carolina","Yancey County",5,78,182,76,106
050,37,199,"North Carolina","Yancey County",5,79,146,66,80
050,37,199,"North Carolina","Yancey County",5,80,156,78,78
050,37,199,"North Carolina","Yancey County",5,81,127,66,61
050,37,199,"North Carolina","Yancey County",5,82,124,59,65
050,37,199,"North Carolina","Yancey County",5,83,127,54,73
050,37,199,"North Carolina","Yancey County",5,84,89,36,53
050,37,199,"North Carolina","Yancey County",5,85,522,192,330

