"SUMLEV","STATE","COUNTY","STNAME","CTYNAME","YEAR","AGE","TOT_POP","TOT_MALE","TOT_FEMALE"
050,33,001,"New Hampshire","Belknap County",1,0,487,252,235
050,33,001,"New Hampshire","Belknap County",1,1,487,247,240
050,33,001,"New Hampshire","Belknap County",1,2,531,272,259
050,33,001,"New Hampshire","Belknap County",1,3,549,298,251
050,33,001,"New Hampshire","Belknap County",1,4,607,311,296
050,33,001,"New Hampshire","Belknap County",1,5,630,324,306
050,33,001,"New Hampshire","Belknap County",1,6,612,318,294
050,33,001,"New Hampshire","Belknap County",1,7,621,313,308
050,33,001,"New Hampshire","Belknap County",1,8,625,321,304
050,33,001,"New Hampshire","Belknap County",1,9,645,314,331
050,33,001,"New Hampshire","Belknap County",1,10,681,333,348
050,33,001,"New Hampshire","Belknap County",1,11,704,363,341
050,33,001,"New Hampshire","Belknap County",1,12,750,380,370
050,33,001,"New Hampshire","Belknap County",1,13,752,375,377
050,33,001,"New Hampshire","Belknap County",1,14,741,370,371
050,33,001,"New Hampshire","Belknap County",1,15,743,400,343
050,33,001,"New Hampshire","Belknap County",1,16,797,407,390
050,33,001,"New Hampshire","Belknap County",1,17,744,393,351
050,33,001,"New Hampshire","Belknap County",1,18,651,352,299
050,33,001,"New Hampshire","Belknap County",1,19,507,272,235
050,33,001,"New Hampshire","Belknap County",1,20,558,310,248
050,33,001,"New Hampshire","Belknap County",1,21,576,308,268
050,33,001,"New Hampshire","Belknap County",1,22,618,312,306
050,33,001,"New Hampshire","Belknap County",1,23,655,312,343
050,33,001,"New Hampshire","Belknap County",1,24,634,324,310
050,33,001,"New Hampshire","Belknap County",1,25,662,340,322
050,33,001,"New Hampshire","Belknap County",1,26,636,334,302
050,33,001,"New Hampshire","Belknap County",1,27,701,365,336
050,33,001,"New Hampshire","Belknap County",1,28,714,374,340
050,33,001,"New Hampshire","Belknap County",1,29,699,368,331
050,33,001,"New Hampshire","Belknap County",1,30,676,351,325
050,33,001,"New Hampshire","Belknap County",1,31,693,352,341
050,33,001,"New Hampshire","Belknap County",1,32,667,343,324
050,33,001,"New Hampshire","Belknap County",1,33,673,353,320
050,33,001,"New Hampshire","Belknap County",1,34,679,337,342
050,33,001,"New Hampshire","Belknap County",1,35,721,347,374
050,33,001,"New Hampshire","Belknap County",1,36,716,340,376
050,33,001,"New Hampshire","Belknap County",1,37,694,330,364
050,33,001,"New Hampshire","Belknap County",1,38,714,349,365
050,33,001,"New Hampshire","Belknap County",1,39,779,361,418
050,33,001,"New Hampshire","Belknap County",1,40,744,382,362
050,33,001,"New Hampshire","Belknap County",1,41,719,353,366
050,33,001,"New Hampshire","Belknap County",1,42,712,354,358
050,33,001,"New Hampshire","Belknap County",1,43,681,335,346
050,33,001,"New Hampshire","Belknap County",1,44,673,338,335
050,33,001,"New Hampshire","Belknap County",1,45,710,356,354
050,33,001,"New Hampshire","Belknap County",1,46,716,357,359
050,33,001,"New Hampshire","Belknap County",1,47,735,355,380
050,33,001,"New Hampshire","Belknap County",1,48,784,390,394
050,33,001,"New Hampshire","Belknap County",1,49,870,444,426
050,33,001,"New Hampshire","Belknap County",1,50,825,400,425
050,33,001,"New Hampshire","Belknap County",1,51,852,417,435
050,33,001,"New Hampshire","Belknap County",1,52,831,401,430
050,33,001,"New Hampshire","Belknap County",1,53,885,427,458
050,33,001,"New Hampshire","Belknap County",1,54,981,476,505
050,33,001,"New Hampshire","Belknap County",1,55,1014,499,515
050,33,001,"New Hampshire","Belknap County",1,56,1064,522,542
050,33,001,"New Hampshire","Belknap County",1,57,1079,533,546
050,33,001,"New Hampshire","Belknap County",1,58,1142,597,545
050,33,001,"New Hampshire","Belknap County",1,59,1183,586,597
050,33,001,"New Hampshire","Belknap County",1,60,1163,582,581
050,33,001,"New Hampshire","Belknap County",1,61,1188,580,608
050,33,001,"New Hampshire","Belknap County",1,62,1182,583,599
050,33,001,"New Hampshire","Belknap County",1,63,1097,522,575
050,33,001,"New Hampshire","Belknap County",1,64,1075,515,560
050,33,001,"New Hampshire","Belknap County",1,65,1134,553,581
050,33,001,"New Hampshire","Belknap County",1,66,1077,549,528
050,33,001,"New Hampshire","Belknap County",1,67,995,477,518
050,33,001,"New Hampshire","Belknap County",1,68,925,468,457
050,33,001,"New Hampshire","Belknap County",1,69,871,425,446
050,33,001,"New Hampshire","Belknap County",1,70,870,436,434
050,33,001,"New Hampshire","Belknap County",1,71,861,401,460
050,33,001,"New Hampshire","Belknap County",1,72,905,421,484
050,33,001,"New Hampshire","Belknap County",1,73,874,444,430
050,33,001,"New Hampshire","Belknap County",1,74,572,286,286
050,33,001,"New Hampshire","Belknap County",1,75,572,289,283
050,33,001,"New Hampshire","Belknap County",1,76,553,292,261
050,33,001,"New Hampshire","Belknap County",1,77,565,296,269
050,33,001,"New Hampshire","Belknap County",1,78,442,214,228
050,33,001,"New Hampshire","Belknap County",1,79,379,168,211
050,33,001,"New Hampshire","Belknap County",1,80,340,156,184
050,33,001,"New Hampshire","Belknap County",1,81,310,144,166
050,33,001,"New Hampshire","Belknap County",1,82,287,139,148
050,33,001,"New Hampshire","Belknap County",1,83,261,113,148
050,33,001,"New Hampshire","Belknap County",1,84,235,110,125
050,33,001,"New Hampshire","Belknap County",1,85,1445,570,875
050,33,001,"New Hampshire","Belknap County",2,0,488,249,239
050,33,001,"New Hampshire","Belknap County",2,1,485,248,237
050,33,001,"New Hampshire","Belknap County",2,2,519,265,254
050,33,001,"New Hampshire","Belknap County",2,3,546,291,255
050,33,001,"New Hampshire","Belknap County",2,4,601,311,290
050,33,001,"New Hampshire","Belknap County",2,5,625,323,302
050,33,001,"New Hampshire","Belknap County",2,6,617,319,298
050,33,001,"New Hampshire","Belknap County",2,7,621,315,306
050,33,001,"New Hampshire","Belknap County",2,8,617,316,301
050,33,001,"New Hampshire","Belknap County",2,9,638,314,324
050,33,001,"New Hampshire","Belknap County",2,10,672,329,343
050,33,001,"New Hampshire","Belknap County",2,11,696,355,341
050,33,001,"New Hampshire","Belknap County",2,12,745,378,367
050,33,001,"New Hampshire","Belknap County",2,13,750,375,375
050,33,001,"New Hampshire","Belknap County",2,14,742,369,373
050,33,001,"New Hampshire","Belknap County",2,15,746,397,349
050,33,001,"New Hampshire","Belknap County",2,16,786,406,380
050,33,001,"New Hampshire","Belknap County",2,17,763,400,363
050,33,001,"New Hampshire","Belknap County",2,18,641,348,293
050,33,001,"New Hampshire","Belknap County",2,19,517,280,237
050,33,001,"New Hampshire","Belknap County",2,20,565,312,253
050,33,001,"New Hampshire","Belknap County",2,21,581,312,269
050,33,001,"New Hampshire","Belknap County",2,22,616,313,303
050,33,001,"New Hampshire","Belknap County",2,23,647,312,335
050,33,001,"New Hampshire","Belknap County",2,24,642,325,317
050,33,001,"New Hampshire","Belknap County",2,25,659,341,318
050,33,001,"New Hampshire","Belknap County",2,26,648,336,312
050,33,001,"New Hampshire","Belknap County",2,27,683,357,326
050,33,001,"New Hampshire","Belknap County",2,28,718,377,341
050,33,001,"New Hampshire","Belknap County",2,29,703,370,333
050,33,001,"New Hampshire","Belknap County",2,30,695,361,334
050,33,001,"New Hampshire","Belknap County",2,31,696,355,341
050,33,001,"New Hampshire","Belknap County",2,32,673,343,330
050,33,001,"New Hampshire","Belknap County",2,33,674,352,322
050,33,001,"New Hampshire","Belknap County",2,34,681,340,341
050,33,001,"New Hampshire","Belknap County",2,35,717,345,372
050,33,001,"New Hampshire","Belknap County",2,36,713,340,373
050,33,001,"New Hampshire","Belknap County",2,37,703,335,368
050,33,001,"New Hampshire","Belknap County",2,38,714,346,368
050,33,001,"New Hampshire","Belknap County",2,39,763,361,402
050,33,001,"New Hampshire","Belknap County",2,40,757,381,376
050,33,001,"New Hampshire","Belknap County",2,41,724,360,364
050,33,001,"New Hampshire","Belknap County",2,42,714,355,359
050,33,001,"New Hampshire","Belknap County",2,43,691,339,352
050,33,001,"New Hampshire","Belknap County",2,44,671,335,336
050,33,001,"New Hampshire","Belknap County",2,45,705,355,350
050,33,001,"New Hampshire","Belknap County",2,46,716,359,357
050,33,001,"New Hampshire","Belknap County",2,47,728,356,372
050,33,001,"New Hampshire","Belknap County",2,48,772,382,390
050,33,001,"New Hampshire","Belknap County",2,49,858,436,422
050,33,001,"New Hampshire","Belknap County",2,50,837,412,425
050,33,001,"New Hampshire","Belknap County",2,51,846,412,434
050,33,001,"New Hampshire","Belknap County",2,52,836,403,433
050,33,001,"New Hampshire","Belknap County",2,53,881,426,455
050,33,001,"New Hampshire","Belknap County",2,54,961,466,495
050,33,001,"New Hampshire","Belknap County",2,55,1007,493,514
050,33,001,"New Hampshire","Belknap County",2,56,1062,520,542
050,33,001,"New Hampshire","Belknap County",2,57,1081,536,545
050,33,001,"New Hampshire","Belknap County",2,58,1130,582,548
050,33,001,"New Hampshire","Belknap County",2,59,1185,596,589
050,33,001,"New Hampshire","Belknap County",2,60,1171,583,588
050,33,001,"New Hampshire","Belknap County",2,61,1185,583,602
050,33,001,"New Hampshire","Belknap County",2,62,1187,584,603
050,33,001,"New Hampshire","Belknap County",2,63,1132,546,586
050,33,001,"New Hampshire","Belknap County",2,64,1080,515,565
050,33,001,"New Hampshire","Belknap County",2,65,1121,547,574
050,33,001,"New Hampshire","Belknap County",2,66,1086,545,541
050,33,001,"New Hampshire","Belknap County",2,67,1008,491,517
050,33,001,"New Hampshire","Belknap County",2,68,931,466,465
050,33,001,"New Hampshire","Belknap County",2,69,886,437,449
050,33,001,"New Hampshire","Belknap County",2,70,861,429,432
050,33,001,"New Hampshire","Belknap County",2,71,860,408,452
050,33,001,"New Hampshire","Belknap County",2,72,876,407,469
050,33,001,"New Hampshire","Belknap County",2,73,925,462,463
050,33,001,"New Hampshire","Belknap County",2,74,596,299,297
050,33,001,"New Hampshire","Belknap County",2,75,568,287,281
050,33,001,"New Hampshire","Belknap County",2,76,546,284,262
050,33,001,"New Hampshire","Belknap County",2,77,570,300,270
050,33,001,"New Hampshire","Belknap County",2,78,454,223,231
050,33,001,"New Hampshire","Belknap County",2,79,383,175,208
050,33,001,"New Hampshire","Belknap County",2,80,347,156,191
050,33,001,"New Hampshire","Belknap County",2,81,311,146,165
050,33,001,"New Hampshire","Belknap County",2,82,294,140,154
050,33,001,"New Hampshire","Belknap County",2,83,257,114,143
050,33,001,"New Hampshire","Belknap County",2,84,240,112,128
050,33,001,"New Hampshire","Belknap County",2,85,1433,566,867
050,33,001,"New Hampshire","Belknap County",3,0,468,238,230
050,33,001,"New Hampshire","Belknap County",3,1,508,254,254
050,33,001,"New Hampshire","Belknap County",3,2,511,242,269
050,33,001,"New Hampshire","Belknap County",3,3,530,274,256
050,33,001,"New Hampshire","Belknap County",3,4,561,298,263
050,33,001,"New Hampshire","Belknap County",3,5,595,304,291
050,33,001,"New Hampshire","Belknap County",3,6,602,294,308
050,33,001,"New Hampshire","Belknap County",3,7,624,319,305
050,33,001,"New Hampshire","Belknap County",3,8,626,323,303
050,33,001,"New Hampshire","Belknap County",3,9,633,324,309
050,33,001,"New Hampshire","Belknap County",3,10,644,318,326
050,33,001,"New Hampshire","Belknap County",3,11,695,342,353
050,33,001,"New Hampshire","Belknap County",3,12,703,345,358
050,33,001,"New Hampshire","Belknap County",3,13,758,391,367
050,33,001,"New Hampshire","Belknap County",3,14,778,387,391
050,33,001,"New Hampshire","Belknap County",3,15,765,390,375
050,33,001,"New Hampshire","Belknap County",3,16,732,381,351
050,33,001,"New Hampshire","Belknap County",3,17,798,406,392
050,33,001,"New Hampshire","Belknap County",3,18,648,350,298
050,33,001,"New Hampshire","Belknap County",3,19,509,279,230
050,33,001,"New Hampshire","Belknap County",3,20,558,299,259
050,33,001,"New Hampshire","Belknap County",3,21,614,333,281
050,33,001,"New Hampshire","Belknap County",3,22,626,331,295
050,33,001,"New Hampshire","Belknap County",3,23,633,323,310
050,33,001,"New Hampshire","Belknap County",3,24,681,340,341
050,33,001,"New Hampshire","Belknap County",3,25,689,359,330
050,33,001,"New Hampshire","Belknap County",3,26,689,358,331
050,33,001,"New Hampshire","Belknap County",3,27,673,352,321
050,33,001,"New Hampshire","Belknap County",3,28,714,374,340
050,33,001,"New Hampshire","Belknap County",3,29,760,393,367
050,33,001,"New Hampshire","Belknap County",3,30,734,374,360
050,33,001,"New Hampshire","Belknap County",3,31,722,382,340
050,33,001,"New Hampshire","Belknap County",3,32,693,359,334
050,33,001,"New Hampshire","Belknap County",3,33,688,346,342
050,33,001,"New Hampshire","Belknap County",3,34,683,350,333
050,33,001,"New Hampshire","Belknap County",3,35,713,353,360
050,33,001,"New Hampshire","Belknap County",3,36,734,362,372
050,33,001,"New Hampshire","Belknap County",3,37,705,352,353
050,33,001,"New Hampshire","Belknap County",3,38,720,350,370
050,33,001,"New Hampshire","Belknap County",3,39,731,349,382
050,33,001,"New Hampshire","Belknap County",3,40,787,376,411
050,33,001,"New Hampshire","Belknap County",3,41,775,399,376
050,33,001,"New Hampshire","Belknap County",3,42,752,374,378
050,33,001,"New Hampshire","Belknap County",3,43,732,358,374
050,33,001,"New Hampshire","Belknap County",3,44,693,346,347
050,33,001,"New Hampshire","Belknap County",3,45,669,341,328
050,33,001,"New Hampshire","Belknap County",3,46,704,353,351
050,33,001,"New Hampshire","Belknap County",3,47,715,357,358
050,33,001,"New Hampshire","Belknap County",3,48,738,358,380
050,33,001,"New Hampshire","Belknap County",3,49,794,395,399
050,33,001,"New Hampshire","Belknap County",3,50,884,445,439
050,33,001,"New Hampshire","Belknap County",3,51,853,424,429
050,33,001,"New Hampshire","Belknap County",3,52,869,423,446
050,33,001,"New Hampshire","Belknap County",3,53,844,405,439
050,33,001,"New Hampshire","Belknap County",3,54,901,447,454
050,33,001,"New Hampshire","Belknap County",3,55,971,464,507
050,33,001,"New Hampshire","Belknap County",3,56,1025,501,524
050,33,001,"New Hampshire","Belknap County",3,57,1087,528,559
050,33,001,"New Hampshire","Belknap County",3,58,1123,550,573
050,33,001,"New Hampshire","Belknap County",3,59,1191,616,575
050,33,001,"New Hampshire","Belknap County",3,60,1236,623,613
050,33,001,"New Hampshire","Belknap County",3,61,1224,609,615
050,33,001,"New Hampshire","Belknap County",3,62,1253,620,633
050,33,001,"New Hampshire","Belknap County",3,63,1194,594,600
050,33,001,"New Hampshire","Belknap County",3,64,1193,576,617
050,33,001,"New Hampshire","Belknap County",3,65,1075,510,565
050,33,001,"New Hampshire","Belknap County",3,66,1134,553,581
050,33,001,"New Hampshire","Belknap County",3,67,1078,542,536
050,33,001,"New Hampshire","Belknap County",3,68,1001,489,512
050,33,001,"New Hampshire","Belknap County",3,69,922,450,472
050,33,001,"New Hampshire","Belknap County",3,70,857,434,423
050,33,001,"New Hampshire","Belknap County",3,71,847,421,426
050,33,001,"New Hampshire","Belknap County",3,72,851,399,452
050,33,001,"New Hampshire","Belknap County",3,73,863,403,460
050,33,001,"New Hampshire","Belknap County",3,74,890,448,442
050,33,001,"New Hampshire","Belknap County",3,75,575,288,287
050,33,001,"New Hampshire","Belknap County",3,76,542,277,265
050,33,001,"New Hampshire","Belknap County",3,77,523,271,252
050,33,001,"New Hampshire","Belknap County",3,78,521,273,248
050,33,001,"New Hampshire","Belknap County",3,79,422,211,211
050,33,001,"New Hampshire","Belknap County",3,80,352,155,197
050,33,001,"New Hampshire","Belknap County",3,81,318,139,179
050,33,001,"New Hampshire","Belknap County",3,82,294,139,155
050,33,001,"New Hampshire","Belknap County",3,83,265,116,149
050,33,001,"New Hampshire","Belknap County",3,84,235,112,123
050,33,001,"New Hampshire","Belknap County",3,85,1379,537,842
050,33,001,"New Hampshire","Belknap County",4,0,468,222,246
050,33,001,"New Hampshire","Belknap County",4,1,470,243,227
050,33,001,"New Hampshire","Belknap County",4,2,508,262,246
050,33,001,"New Hampshire","Belknap County",4,3,485,242,243
050,33,001,"New Hampshire","Belknap County",4,4,534,280,254
050,33,001,"New Hampshire","Belknap County",4,5,558,291,267
050,33,001,"New Hampshire","Belknap County",4,6,592,298,294
050,33,001,"New Hampshire","Belknap County",4,7,598,294,304
050,33,001,"New Hampshire","Belknap County",4,8,622,317,305
050,33,001,"New Hampshire","Belknap County",4,9,643,324,319
050,33,001,"New Hampshire","Belknap County",4,10,633,319,314
050,33,001,"New Hampshire","Belknap County",4,11,634,318,316
050,33,001,"New Hampshire","Belknap County",4,12,683,337,346
050,33,001,"New Hampshire","Belknap County",4,13,701,352,349
050,33,001,"New Hampshire","Belknap County",4,14,748,389,359
050,33,001,"New Hampshire","Belknap County",4,15,785,399,386
050,33,001,"New Hampshire","Belknap County",4,16,775,383,392
050,33,001,"New Hampshire","Belknap County",4,17,735,390,345
050,33,001,"New Hampshire","Belknap County",4,18,650,344,306
050,33,001,"New Hampshire","Belknap County",4,19,495,271,224
050,33,001,"New Hampshire","Belknap County",4,20,563,303,260
050,33,001,"New Hampshire","Belknap County",4,21,593,305,288
050,33,001,"New Hampshire","Belknap County",4,22,617,336,281
050,33,001,"New Hampshire","Belknap County",4,23,624,319,305
050,33,001,"New Hampshire","Belknap County",4,24,643,345,298
050,33,001,"New Hampshire","Belknap County",4,25,695,346,349
050,33,001,"New Hampshire","Belknap County",4,26,676,339,337
050,33,001,"New Hampshire","Belknap County",4,27,710,364,346
050,33,001,"New Hampshire","Belknap County",4,28,690,358,332
050,33,001,"New Hampshire","Belknap County",4,29,723,384,339
050,33,001,"New Hampshire","Belknap County",4,30,795,405,390
050,33,001,"New Hampshire","Belknap County",4,31,741,383,358
050,33,001,"New Hampshire","Belknap County",4,32,722,378,344
050,33,001,"New Hampshire","Belknap County",4,33,705,371,334
050,33,001,"New Hampshire","Belknap County",4,34,703,350,353
050,33,001,"New Hampshire","Belknap County",4,35,713,376,337
050,33,001,"New Hampshire","Belknap County",4,36,714,357,357
050,33,001,"New Hampshire","Belknap County",4,37,729,360,369
050,33,001,"New Hampshire","Belknap County",4,38,713,358,355
050,33,001,"New Hampshire","Belknap County",4,39,734,347,387
050,33,001,"New Hampshire","Belknap County",4,40,729,342,387
050,33,001,"New Hampshire","Belknap County",4,41,782,366,416
050,33,001,"New Hampshire","Belknap County",4,42,779,403,376
050,33,001,"New Hampshire","Belknap County",4,43,753,373,380
050,33,001,"New Hampshire","Belknap County",4,44,737,358,379
050,33,001,"New Hampshire","Belknap County",4,45,695,356,339
050,33,001,"New Hampshire","Belknap County",4,46,665,344,321
050,33,001,"New Hampshire","Belknap County",4,47,715,359,356
050,33,001,"New Hampshire","Belknap County",4,48,727,356,371
050,33,001,"New Hampshire","Belknap County",4,49,769,370,399
050,33,001,"New Hampshire","Belknap County",4,50,781,391,390
050,33,001,"New Hampshire","Belknap County",4,51,892,443,449
050,33,001,"New Hampshire","Belknap County",4,52,848,422,426
050,33,001,"New Hampshire","Belknap County",4,53,862,426,436
050,33,001,"New Hampshire","Belknap County",4,54,858,403,455
050,33,001,"New Hampshire","Belknap County",4,55,933,463,470
050,33,001,"New Hampshire","Belknap County",4,56,994,475,519
050,33,001,"New Hampshire","Belknap County",4,57,1051,510,541
050,33,001,"New Hampshire","Belknap County",4,58,1107,540,567
050,33,001,"New Hampshire","Belknap County",4,59,1154,561,593
050,33,001,"New Hampshire","Belknap County",4,60,1200,617,583
050,33,001,"New Hampshire","Belknap County",4,61,1249,627,622
050,33,001,"New Hampshire","Belknap County",4,62,1252,619,633
050,33,001,"New Hampshire","Belknap County",4,63,1242,610,632
050,33,001,"New Hampshire","Belknap County",4,64,1216,608,608
050,33,001,"New Hampshire","Belknap County",4,65,1204,586,618
050,33,001,"New Hampshire","Belknap County",4,66,1080,519,561
050,33,001,"New Hampshire","Belknap County",4,67,1112,538,574
050,33,001,"New Hampshire","Belknap County",4,68,1073,548,525
050,33,001,"New Hampshire","Belknap County",4,69,996,486,510
050,33,001,"New Hampshire","Belknap County",4,70,906,451,455
050,33,001,"New Hampshire","Belknap County",4,71,831,413,418
050,33,001,"New Hampshire","Belknap County",4,72,831,422,409
050,33,001,"New Hampshire","Belknap County",4,73,831,392,439
050,33,001,"New Hampshire","Belknap County",4,74,849,395,454
050,33,001,"New Hampshire","Belknap County",4,75,877,440,437
050,33,001,"New Hampshire","Belknap County",4,76,556,277,279
050,33,001,"New Hampshire","Belknap County",4,77,532,265,267
050,33,001,"New Hampshire","Belknap County",4,78,479,247,232
050,33,001,"New Hampshire","Belknap County",4,79,504,264,240
050,33,001,"New Hampshire","Belknap County",4,80,411,197,214
050,33,001,"New Hampshire","Belknap County",4,81,333,149,184
050,33,001,"New Hampshire","Belknap County",4,82,299,133,166
050,33,001,"New Hampshire","Belknap County",4,83,265,121,144
050,33,001,"New Hampshire","Belknap County",4,84,242,115,127
050,33,001,"New Hampshire","Belknap County",4,85,1384,549,835
050,33,001,"New Hampshire","Belknap County",5,0,455,218,237
050,33,001,"New Hampshire","Belknap County",5,1,484,231,253
050,33,001,"New Hampshire","Belknap County",5,2,487,253,234
050,33,001,"New Hampshire","Belknap County",5,3,518,268,250
050,33,001,"New Hampshire","Belknap County",5,4,508,250,258
050,33,001,"New Hampshire","Belknap County",5,5,533,277,256
050,33,001,"New Hampshire","Belknap County",5,6,559,288,271
050,33,001,"New Hampshire","Belknap County",5,7,606,307,299
050,33,001,"New Hampshire","Belknap County",5,8,601,303,298
050,33,001,"New Hampshire","Belknap County",5,9,637,328,309
050,33,001,"New Hampshire","Belknap County",5,10,669,342,327
050,33,001,"New Hampshire","Belknap County",5,11,638,332,306
050,33,001,"New Hampshire","Belknap County",5,12,638,319,319
050,33,001,"New Hampshire","Belknap County",5,13,698,346,352
050,33,001,"New Hampshire","Belknap County",5,14,701,341,360
050,33,001,"New Hampshire","Belknap County",5,15,754,400,354
050,33,001,"New Hampshire","Belknap County",5,16,790,392,398
050,33,001,"New Hampshire","Belknap County",5,17,761,380,381
050,33,001,"New Hampshire","Belknap County",5,18,592,326,266
050,33,001,"New Hampshire","Belknap County",5,19,503,268,235
050,33,001,"New Hampshire","Belknap County",5,20,543,293,250
050,33,001,"New Hampshire","Belknap County",5,21,584,302,282
050,33,001,"New Hampshire","Belknap County",5,22,665,339,326
050,33,001,"New Hampshire","Belknap County",5,23,642,347,295
050,33,001,"New Hampshire","Belknap County",5,24,636,342,294
050,33,001,"New Hampshire","Belknap County",5,25,643,345,298
050,33,001,"New Hampshire","Belknap County",5,26,693,342,351
050,33,001,"New Hampshire","Belknap County",5,27,684,342,342
050,33,001,"New Hampshire","Belknap County",5,28,718,367,351
050,33,001,"New Hampshire","Belknap County",5,29,696,354,342
050,33,001,"New Hampshire","Belknap County",5,30,771,405,366
050,33,001,"New Hampshire","Belknap County",5,31,805,414,391
050,33,001,"New Hampshire","Belknap County",5,32,728,376,352
050,33,001,"New Hampshire","Belknap County",5,33,748,387,361
050,33,001,"New Hampshire","Belknap County",5,34,718,377,341
050,33,001,"New Hampshire","Belknap County",5,35,699,352,347
050,33,001,"New Hampshire","Belknap County",5,36,743,400,343
050,33,001,"New Hampshire","Belknap County",5,37,716,347,369
050,33,001,"New Hampshire","Belknap County",5,38,741,363,378
050,33,001,"New Hampshire","Belknap County",5,39,709,356,353
050,33,001,"New Hampshire","Belknap County",5,40,734,346,388
050,33,001,"New Hampshire","Belknap County",5,41,723,345,378
050,33,001,"New Hampshire","Belknap County",5,42,807,384,423
050,33,001,"New Hampshire","Belknap County",5,43,765,391,374
050,33,001,"New Hampshire","Belknap County",5,44,744,364,380
050,33,001,"New Hampshire","Belknap County",5,45,727,357,370
050,33,001,"New Hampshire","Belknap County",5,46,711,362,349
050,33,001,"New Hampshire","Belknap County",5,47,673,349,324
050,33,001,"New Hampshire","Belknap County",5,48,718,361,357
050,33,001,"New Hampshire","Belknap County",5,49,736,358,378
050,33,001,"New Hampshire","Belknap County",5,50,768,362,406
050,33,001,"New Hampshire","Belknap County",5,51,798,399,399
050,33,001,"New Hampshire","Belknap County",5,52,888,444,444
050,33,001,"New Hampshire","Belknap County",5,53,873,427,446
050,33,001,"New Hampshire","Belknap County",5,54,858,417,441
050,33,001,"New Hampshire","Belknap County",5,55,875,408,467
050,33,001,"New Hampshire","Belknap County",5,56,970,473,497
050,33,001,"New Hampshire","Belknap County",5,57,1034,486,548
050,33,001,"New Hampshire","Belknap County",5,58,1051,507,544
050,33,001,"New Hampshire","Belknap County",5,59,1113,535,578
050,33,001,"New Hampshire","Belknap County",5,60,1162,552,610
050,33,001,"New Hampshire","Belknap County",5,61,1254,649,605
050,33,001,"New Hampshire","Belknap County",5,62,1296,650,646
050,33,001,"New Hampshire","Belknap County",5,63,1235,614,621
050,33,001,"New Hampshire","Belknap County",5,64,1268,613,655
050,33,001,"New Hampshire","Belknap County",5,65,1228,616,612
050,33,001,"New Hampshire","Belknap County",5,66,1201,578,623
050,33,001,"New Hampshire","Belknap County",5,67,1067,523,544
050,33,001,"New Hampshire","Belknap County",5,68,1107,537,570
050,33,001,"New Hampshire","Belknap County",5,69,1052,535,517
050,33,001,"New Hampshire","Belknap County",5,70,988,478,510
050,33,001,"New Hampshire","Belknap County",5,71,888,444,444
050,33,001,"New Hampshire","Belknap County",5,72,817,405,412
050,33,001,"New Hampshire","Belknap County",5,73,810,414,396
050,33,001,"New Hampshire","Belknap County",5,74,812,385,427
050,33,001,"New Hampshire","Belknap County",5,75,824,386,438
050,33,001,"New Hampshire","Belknap County",5,76,850,424,426
050,33,001,"New Hampshire","Belknap County",5,77,540,267,273
050,33,001,"New Hampshire","Belknap County",5,78,484,241,243
050,33,001,"New Hampshire","Belknap County",5,79,459,236,223
050,33,001,"New Hampshire","Belknap County",5,80,477,245,232
050,33,001,"New Hampshire","Belknap County",5,81,385,183,202
050,33,001,"New Hampshire","Belknap County",5,82,318,144,174
050,33,001,"New Hampshire","Belknap County",5,83,280,116,164
050,33,001,"New Hampshire","Belknap County",5,84,251,118,133
050,33,001,"New Hampshire","Belknap County",5,85,1394,566,828
050,33,003,"New Hampshire","Carroll County",1,0,330,169,161
050,33,003,"New Hampshire","Carroll County",1,1,340,174,166
050,33,003,"New Hampshire","Carroll County",1,2,342,167,175
050,33,003,"New Hampshire","Carroll County",1,3,363,181,182
050,33,003,"New Hampshire","Carroll County",1,4,398,220,178
050,33,003,"New Hampshire","Carroll County",1,5,404,213,191
050,33,003,"New Hampshire","Carroll County",1,6,407,215,192
050,33,003,"New Hampshire","Carroll County",1,7,422,203,219
050,33,003,"New Hampshire","Carroll County",1,8,417,208,209
050,33,003,"New Hampshire","Carroll County",1,9,469,230,239
050,33,003,"New Hampshire","Carroll County",1,10,445,238,207
050,33,003,"New Hampshire","Carroll County",1,11,478,249,229
050,33,003,"New Hampshire","Carroll County",1,12,467,258,209
050,33,003,"New Hampshire","Carroll County",1,13,480,267,213
050,33,003,"New Hampshire","Carroll County",1,14,492,264,228
050,33,003,"New Hampshire","Carroll County",1,15,487,252,235
050,33,003,"New Hampshire","Carroll County",1,16,499,256,243
050,33,003,"New Hampshire","Carroll County",1,17,521,274,247
050,33,003,"New Hampshire","Carroll County",1,18,410,216,194
050,33,003,"New Hampshire","Carroll County",1,19,349,183,166
050,33,003,"New Hampshire","Carroll County",1,20,396,221,175
050,33,003,"New Hampshire","Carroll County",1,21,410,209,201
050,33,003,"New Hampshire","Carroll County",1,22,450,246,204
050,33,003,"New Hampshire","Carroll County",1,23,432,229,203
050,33,003,"New Hampshire","Carroll County",1,24,462,243,219
050,33,003,"New Hampshire","Carroll County",1,25,420,222,198
050,33,003,"New Hampshire","Carroll County",1,26,428,217,211
050,33,003,"New Hampshire","Carroll County",1,27,479,244,235
050,33,003,"New Hampshire","Carroll County",1,28,469,244,225
050,33,003,"New Hampshire","Carroll County",1,29,483,249,234
050,33,003,"New Hampshire","Carroll County",1,30,454,237,217
050,33,003,"New Hampshire","Carroll County",1,31,441,225,216
050,33,003,"New Hampshire","Carroll County",1,32,448,223,225
050,33,003,"New Hampshire","Carroll County",1,33,468,235,233
050,33,003,"New Hampshire","Carroll County",1,34,448,213,235
050,33,003,"New Hampshire","Carroll County",1,35,486,235,251
050,33,003,"New Hampshire","Carroll County",1,36,513,265,248
050,33,003,"New Hampshire","Carroll County",1,37,521,267,254
050,33,003,"New Hampshire","Carroll County",1,38,483,234,249
050,33,003,"New Hampshire","Carroll County",1,39,475,239,236
050,33,003,"New Hampshire","Carroll County",1,40,476,228,248
050,33,003,"New Hampshire","Carroll County",1,41,486,244,242
050,33,003,"New Hampshire","Carroll County",1,42,436,211,225
050,33,003,"New Hampshire","Carroll County",1,43,426,196,230
050,33,003,"New Hampshire","Carroll County",1,44,456,216,240
050,33,003,"New Hampshire","Carroll County",1,45,466,238,228
050,33,003,"New Hampshire","Carroll County",1,46,500,240,260
050,33,003,"New Hampshire","Carroll County",1,47,514,264,250
050,33,003,"New Hampshire","Carroll County",1,48,607,301,306
050,33,003,"New Hampshire","Carroll County",1,49,660,336,324
050,33,003,"New Hampshire","Carroll County",1,50,651,341,310
050,33,003,"New Hampshire","Carroll County",1,51,682,347,335
050,33,003,"New Hampshire","Carroll County",1,52,657,317,340
050,33,003,"New Hampshire","Carroll County",1,53,665,328,337
050,33,003,"New Hampshire","Carroll County",1,54,725,362,363
050,33,003,"New Hampshire","Carroll County",1,55,820,392,428
050,33,003,"New Hampshire","Carroll County",1,56,863,412,451
050,33,003,"New Hampshire","Carroll County",1,57,925,444,481
050,33,003,"New Hampshire","Carroll County",1,58,925,439,486
050,33,003,"New Hampshire","Carroll County",1,59,936,436,500
050,33,003,"New Hampshire","Carroll County",1,60,989,475,514
050,33,003,"New Hampshire","Carroll County",1,61,1013,510,503
050,33,003,"New Hampshire","Carroll County",1,62,1043,513,530
050,33,003,"New Hampshire","Carroll County",1,63,1077,532,545
050,33,003,"New Hampshire","Carroll County",1,64,1047,503,544
050,33,003,"New Hampshire","Carroll County",1,65,1050,517,533
050,33,003,"New Hampshire","Carroll County",1,66,1001,494,507
050,33,003,"New Hampshire","Carroll County",1,67,987,492,495
050,33,003,"New Hampshire","Carroll County",1,68,954,465,489
050,33,003,"New Hampshire","Carroll County",1,69,935,464,471
050,33,003,"New Hampshire","Carroll County",1,70,905,454,451
050,33,003,"New Hampshire","Carroll County",1,71,862,440,422
050,33,003,"New Hampshire","Carroll County",1,72,897,450,447
050,33,003,"New Hampshire","Carroll County",1,73,904,477,427
050,33,003,"New Hampshire","Carroll County",1,74,622,322,300
050,33,003,"New Hampshire","Carroll County",1,75,576,287,289
050,33,003,"New Hampshire","Carroll County",1,76,545,279,266
050,33,003,"New Hampshire","Carroll County",1,77,533,285,248
050,33,003,"New Hampshire","Carroll County",1,78,463,250,213
050,33,003,"New Hampshire","Carroll County",1,79,376,189,187
050,33,003,"New Hampshire","Carroll County",1,80,322,165,157
050,33,003,"New Hampshire","Carroll County",1,81,334,157,177
050,33,003,"New Hampshire","Carroll County",1,82,262,123,139
050,33,003,"New Hampshire","Carroll County",1,83,240,101,139
050,33,003,"New Hampshire","Carroll County",1,84,236,97,139
050,33,003,"New Hampshire","Carroll County",1,85,1370,566,804
050,33,003,"New Hampshire","Carroll County",2,0,328,169,159
050,33,003,"New Hampshire","Carroll County",2,1,337,172,165
050,33,003,"New Hampshire","Carroll County",2,2,343,169,174
050,33,003,"New Hampshire","Carroll County",2,3,360,180,180
050,33,003,"New Hampshire","Carroll County",2,4,391,213,178
050,33,003,"New Hampshire","Carroll County",2,5,406,217,189
050,33,003,"New Hampshire","Carroll County",2,6,410,216,194
050,33,003,"New Hampshire","Carroll County",2,7,419,207,212
050,33,003,"New Hampshire","Carroll County",2,8,420,209,211
050,33,003,"New Hampshire","Carroll County",2,9,459,227,232
050,33,003,"New Hampshire","Carroll County",2,10,453,236,217
050,33,003,"New Hampshire","Carroll County",2,11,468,246,222
050,33,003,"New Hampshire","Carroll County",2,12,475,258,217
050,33,003,"New Hampshire","Carroll County",2,13,479,266,213
050,33,003,"New Hampshire","Carroll County",2,14,490,267,223
050,33,003,"New Hampshire","Carroll County",2,15,489,255,234
050,33,003,"New Hampshire","Carroll County",2,16,500,257,243
050,33,003,"New Hampshire","Carroll County",2,17,514,271,243
050,33,003,"New Hampshire","Carroll County",2,18,415,222,193
050,33,003,"New Hampshire","Carroll County",2,19,345,182,163
050,33,003,"New Hampshire","Carroll County",2,20,396,217,179
050,33,003,"New Hampshire","Carroll County",2,21,413,213,200
050,33,003,"New Hampshire","Carroll County",2,22,445,239,206
050,33,003,"New Hampshire","Carroll County",2,23,443,238,205
050,33,003,"New Hampshire","Carroll County",2,24,456,242,214
050,33,003,"New Hampshire","Carroll County",2,25,425,224,201
050,33,003,"New Hampshire","Carroll County",2,26,429,222,207
050,33,003,"New Hampshire","Carroll County",2,27,468,239,229
050,33,003,"New Hampshire","Carroll County",2,28,481,251,230
050,33,003,"New Hampshire","Carroll County",2,29,483,250,233
050,33,003,"New Hampshire","Carroll County",2,30,464,243,221
050,33,003,"New Hampshire","Carroll County",2,31,445,225,220
050,33,003,"New Hampshire","Carroll County",2,32,451,227,224
050,33,003,"New Hampshire","Carroll County",2,33,462,228,234
050,33,003,"New Hampshire","Carroll County",2,34,454,221,233
050,33,003,"New Hampshire","Carroll County",2,35,479,232,247
050,33,003,"New Hampshire","Carroll County",2,36,507,259,248
050,33,003,"New Hampshire","Carroll County",2,37,521,266,255
050,33,003,"New Hampshire","Carroll County",2,38,492,242,250
050,33,003,"New Hampshire","Carroll County",2,39,478,239,239
050,33,003,"New Hampshire","Carroll County",2,40,478,230,248
050,33,003,"New Hampshire","Carroll County",2,41,482,240,242
050,33,003,"New Hampshire","Carroll County",2,42,449,219,230
050,33,003,"New Hampshire","Carroll County",2,43,434,202,232
050,33,003,"New Hampshire","Carroll County",2,44,445,211,234
050,33,003,"New Hampshire","Carroll County",2,45,465,233,232
050,33,003,"New Hampshire","Carroll County",2,46,495,240,255
050,33,003,"New Hampshire","Carroll County",2,47,512,258,254
050,33,003,"New Hampshire","Carroll County",2,48,583,290,293
050,33,003,"New Hampshire","Carroll County",2,49,653,333,320
050,33,003,"New Hampshire","Carroll County",2,50,658,344,314
050,33,003,"New Hampshire","Carroll County",2,51,678,347,331
050,33,003,"New Hampshire","Carroll County",2,52,657,322,335
050,33,003,"New Hampshire","Carroll County",2,53,666,328,338
050,33,003,"New Hampshire","Carroll County",2,54,706,354,352
050,33,003,"New Hampshire","Carroll County",2,55,802,386,416
050,33,003,"New Hampshire","Carroll County",2,56,867,415,452
050,33,003,"New Hampshire","Carroll County",2,57,918,440,478
050,33,003,"New Hampshire","Carroll County",2,58,932,442,490
050,33,003,"New Hampshire","Carroll County",2,59,948,445,503
050,33,003,"New Hampshire","Carroll County",2,60,985,472,513
050,33,003,"New Hampshire","Carroll County",2,61,1012,504,508
050,33,003,"New Hampshire","Carroll County",2,62,1041,515,526
050,33,003,"New Hampshire","Carroll County",2,63,1084,533,551
050,33,003,"New Hampshire","Carroll County",2,64,1052,505,547
050,33,003,"New Hampshire","Carroll County",2,65,1055,516,539
050,33,003,"New Hampshire","Carroll County",2,66,1024,506,518
050,33,003,"New Hampshire","Carroll County",2,67,992,492,500
050,33,003,"New Hampshire","Carroll County",2,68,957,471,486
050,33,003,"New Hampshire","Carroll County",2,69,949,472,477
050,33,003,"New Hampshire","Carroll County",2,70,907,457,450
050,33,003,"New Hampshire","Carroll County",2,71,875,444,431
050,33,003,"New Hampshire","Carroll County",2,72,871,436,435
050,33,003,"New Hampshire","Carroll County",2,73,949,495,454
050,33,003,"New Hampshire","Carroll County",2,74,647,338,309
050,33,003,"New Hampshire","Carroll County",2,75,586,294,292
050,33,003,"New Hampshire","Carroll County",2,76,545,277,268
050,33,003,"New Hampshire","Carroll County",2,77,545,289,256
050,33,003,"New Hampshire","Carroll County",2,78,463,249,214
050,33,003,"New Hampshire","Carroll County",2,79,390,199,191
050,33,003,"New Hampshire","Carroll County",2,80,333,170,163
050,33,003,"New Hampshire","Carroll County",2,81,327,155,172
050,33,003,"New Hampshire","Carroll County",2,82,272,125,147
050,33,003,"New Hampshire","Carroll County",2,83,233,97,136
050,33,003,"New Hampshire","Carroll County",2,84,236,96,140
050,33,003,"New Hampshire","Carroll County",2,85,1395,571,824
050,33,003,"New Hampshire","Carroll County",3,0,295,149,146
050,33,003,"New Hampshire","Carroll County",3,1,360,188,172
050,33,003,"New Hampshire","Carroll County",3,2,363,186,177
050,33,003,"New Hampshire","Carroll County",3,3,360,184,176
050,33,003,"New Hampshire","Carroll County",3,4,367,186,181
050,33,003,"New Hampshire","Carroll County",3,5,404,215,189
050,33,003,"New Hampshire","Carroll County",3,6,428,227,201
050,33,003,"New Hampshire","Carroll County",3,7,424,224,200
050,33,003,"New Hampshire","Carroll County",3,8,437,219,218
050,33,003,"New Hampshire","Carroll County",3,9,433,210,223
050,33,003,"New Hampshire","Carroll County",3,10,477,238,239
050,33,003,"New Hampshire","Carroll County",3,11,473,241,232
050,33,003,"New Hampshire","Carroll County",3,12,471,250,221
050,33,003,"New Hampshire","Carroll County",3,13,479,257,222
050,33,003,"New Hampshire","Carroll County",3,14,478,263,215
050,33,003,"New Hampshire","Carroll County",3,15,493,269,224
050,33,003,"New Hampshire","Carroll County",3,16,504,256,248
050,33,003,"New Hampshire","Carroll County",3,17,498,260,238
050,33,003,"New Hampshire","Carroll County",3,18,438,243,195
050,33,003,"New Hampshire","Carroll County",3,19,351,184,167
050,33,003,"New Hampshire","Carroll County",3,20,398,208,190
050,33,003,"New Hampshire","Carroll County",3,21,424,216,208
050,33,003,"New Hampshire","Carroll County",3,22,451,239,212
050,33,003,"New Hampshire","Carroll County",3,23,470,260,210
050,33,003,"New Hampshire","Carroll County",3,24,482,260,222
050,33,003,"New Hampshire","Carroll County",3,25,464,244,220
050,33,003,"New Hampshire","Carroll County",3,26,432,224,208
050,33,003,"New Hampshire","Carroll County",3,27,450,235,215
050,33,003,"New Hampshire","Carroll County",3,28,499,265,234
050,33,003,"New Hampshire","Carroll County",3,29,479,251,228
050,33,003,"New Hampshire","Carroll County",3,30,534,284,250
050,33,003,"New Hampshire","Carroll County",3,31,494,256,238
050,33,003,"New Hampshire","Carroll County",3,32,490,267,223
050,33,003,"New Hampshire","Carroll County",3,33,470,230,240
050,33,003,"New Hampshire","Carroll County",3,34,511,253,258
050,33,003,"New Hampshire","Carroll County",3,35,465,228,237
050,33,003,"New Hampshire","Carroll County",3,36,506,243,263
050,33,003,"New Hampshire","Carroll County",3,37,536,265,271
050,33,003,"New Hampshire","Carroll County",3,38,527,268,259
050,33,003,"New Hampshire","Carroll County",3,39,539,266,273
050,33,003,"New Hampshire","Carroll County",3,40,479,234,245
050,33,003,"New Hampshire","Carroll County",3,41,513,252,261
050,33,003,"New Hampshire","Carroll County",3,42,507,244,263
050,33,003,"New Hampshire","Carroll County",3,43,454,218,236
050,33,003,"New Hampshire","Carroll County",3,44,446,209,237
050,33,003,"New Hampshire","Carroll County",3,45,447,213,234
050,33,003,"New Hampshire","Carroll County",3,46,490,248,242
050,33,003,"New Hampshire","Carroll County",3,47,512,250,262
050,33,003,"New Hampshire","Carroll County",3,48,531,259,272
050,33,003,"New Hampshire","Carroll County",3,49,594,303,291
050,33,003,"New Hampshire","Carroll County",3,50,692,358,334
050,33,003,"New Hampshire","Carroll County",3,51,711,356,355
050,33,003,"New Hampshire","Carroll County",3,52,689,354,335
050,33,003,"New Hampshire","Carroll County",3,53,704,348,356
050,33,003,"New Hampshire","Carroll County",3,54,727,353,374
050,33,003,"New Hampshire","Carroll County",3,55,749,367,382
050,33,003,"New Hampshire","Carroll County",3,56,864,410,454
050,33,003,"New Hampshire","Carroll County",3,57,902,436,466
050,33,003,"New Hampshire","Carroll County",3,58,964,462,502
050,33,003,"New Hampshire","Carroll County",3,59,991,460,531
050,33,003,"New Hampshire","Carroll County",3,60,1010,483,527
050,33,003,"New Hampshire","Carroll County",3,61,1020,487,533
050,33,003,"New Hampshire","Carroll County",3,62,1091,542,549
050,33,003,"New Hampshire","Carroll County",3,63,1082,534,548
050,33,003,"New Hampshire","Carroll County",3,64,1162,574,588
050,33,003,"New Hampshire","Carroll County",3,65,1098,535,563
050,33,003,"New Hampshire","Carroll County",3,66,1082,537,545
050,33,003,"New Hampshire","Carroll County",3,67,1028,515,513
050,33,003,"New Hampshire","Carroll County",3,68,1002,493,509
050,33,003,"New Hampshire","Carroll County",3,69,974,483,491
050,33,003,"New Hampshire","Carroll County",3,70,950,467,483
050,33,003,"New Hampshire","Carroll County",3,71,907,452,455
050,33,003,"New Hampshire","Carroll County",3,72,877,443,434
050,33,003,"New Hampshire","Carroll County",3,73,855,428,427
050,33,003,"New Hampshire","Carroll County",3,74,915,469,446
050,33,003,"New Hampshire","Carroll County",3,75,622,332,290
050,33,003,"New Hampshire","Carroll County",3,76,574,284,290
050,33,003,"New Hampshire","Carroll County",3,77,529,273,256
050,33,003,"New Hampshire","Carroll County",3,78,517,274,243
050,33,003,"New Hampshire","Carroll County",3,79,444,237,207
050,33,003,"New Hampshire","Carroll County",3,80,374,195,179
050,33,003,"New Hampshire","Carroll County",3,81,317,155,162
050,33,003,"New Hampshire","Carroll County",3,82,316,147,169
050,33,003,"New Hampshire","Carroll County",3,83,244,121,123
050,33,003,"New Hampshire","Carroll County",3,84,215,79,136
050,33,003,"New Hampshire","Carroll County",3,85,1416,565,851
050,33,003,"New Hampshire","Carroll County",4,0,314,163,151
050,33,003,"New Hampshire","Carroll County",4,1,293,148,145
050,33,003,"New Hampshire","Carroll County",4,2,364,186,178
050,33,003,"New Hampshire","Carroll County",4,3,351,179,172
050,33,003,"New Hampshire","Carroll County",4,4,365,191,174
050,33,003,"New Hampshire","Carroll County",4,5,385,205,180
050,33,003,"New Hampshire","Carroll County",4,6,401,216,185
050,33,003,"New Hampshire","Carroll County",4,7,442,225,217
050,33,003,"New Hampshire","Carroll County",4,8,447,230,217
050,33,003,"New Hampshire","Carroll County",4,9,438,216,222
050,33,003,"New Hampshire","Carroll County",4,10,435,216,219
050,33,003,"New Hampshire","Carroll County",4,11,480,242,238
050,33,003,"New Hampshire","Carroll County",4,12,464,240,224
050,33,003,"New Hampshire","Carroll County",4,13,509,273,236
050,33,003,"New Hampshire","Carroll County",4,14,498,271,227
050,33,003,"New Hampshire","Carroll County",4,15,481,258,223
050,33,003,"New Hampshire","Carroll County",4,16,488,268,220
050,33,003,"New Hampshire","Carroll County",4,17,502,259,243
050,33,003,"New Hampshire","Carroll County",4,18,426,230,196
050,33,003,"New Hampshire","Carroll County",4,19,340,191,149
050,33,003,"New Hampshire","Carroll County",4,20,392,210,182
050,33,003,"New Hampshire","Carroll County",4,21,429,233,196
050,33,003,"New Hampshire","Carroll County",4,22,435,226,209
050,33,003,"New Hampshire","Carroll County",4,23,452,246,206
050,33,003,"New Hampshire","Carroll County",4,24,472,260,212
050,33,003,"New Hampshire","Carroll County",4,25,463,248,215
050,33,003,"New Hampshire","Carroll County",4,26,453,236,217
050,33,003,"New Hampshire","Carroll County",4,27,431,228,203
050,33,003,"New Hampshire","Carroll County",4,28,462,252,210
050,33,003,"New Hampshire","Carroll County",4,29,500,257,243
050,33,003,"New Hampshire","Carroll County",4,30,493,249,244
050,33,003,"New Hampshire","Carroll County",4,31,538,276,262
050,33,003,"New Hampshire","Carroll County",4,32,511,273,238
050,33,003,"New Hampshire","Carroll County",4,33,494,260,234
050,33,003,"New Hampshire","Carroll County",4,34,485,235,250
050,33,003,"New Hampshire","Carroll County",4,35,531,265,266
050,33,003,"New Hampshire","Carroll County",4,36,482,241,241
050,33,003,"New Hampshire","Carroll County",4,37,501,243,258
050,33,003,"New Hampshire","Carroll County",4,38,523,251,272
050,33,003,"New Hampshire","Carroll County",4,39,542,276,266
050,33,003,"New Hampshire","Carroll County",4,40,521,249,272
050,33,003,"New Hampshire","Carroll County",4,41,499,251,248
050,33,003,"New Hampshire","Carroll County",4,42,500,245,255
050,33,003,"New Hampshire","Carroll County",4,43,490,238,252
050,33,003,"New Hampshire","Carroll County",4,44,468,226,242
050,33,003,"New Hampshire","Carroll County",4,45,447,213,234
050,33,003,"New Hampshire","Carroll County",4,46,471,228,243
050,33,003,"New Hampshire","Carroll County",4,47,483,242,241
050,33,003,"New Hampshire","Carroll County",4,48,532,259,273
050,33,003,"New Hampshire","Carroll County",4,49,521,257,264
050,33,003,"New Hampshire","Carroll County",4,50,602,307,295
050,33,003,"New Hampshire","Carroll County",4,51,727,382,345
050,33,003,"New Hampshire","Carroll County",4,52,715,359,356
050,33,003,"New Hampshire","Carroll County",4,53,716,357,359
050,33,003,"New Hampshire","Carroll County",4,54,743,370,373
050,33,003,"New Hampshire","Carroll County",4,55,744,352,392
050,33,003,"New Hampshire","Carroll County",4,56,795,398,397
050,33,003,"New Hampshire","Carroll County",4,57,895,430,465
050,33,003,"New Hampshire","Carroll County",4,58,943,456,487
050,33,003,"New Hampshire","Carroll County",4,59,1007,480,527
050,33,003,"New Hampshire","Carroll County",4,60,1032,470,562
050,33,003,"New Hampshire","Carroll County",4,61,1054,514,540
050,33,003,"New Hampshire","Carroll County",4,62,1050,508,542
050,33,003,"New Hampshire","Carroll County",4,63,1147,567,580
050,33,003,"New Hampshire","Carroll County",4,64,1109,540,569
050,33,003,"New Hampshire","Carroll County",4,65,1189,592,597
050,33,003,"New Hampshire","Carroll County",4,66,1126,554,572
050,33,003,"New Hampshire","Carroll County",4,67,1098,537,561
050,33,003,"New Hampshire","Carroll County",4,68,1036,523,513
050,33,003,"New Hampshire","Carroll County",4,69,991,498,493
050,33,003,"New Hampshire","Carroll County",4,70,976,484,492
050,33,003,"New Hampshire","Carroll County",4,71,942,463,479
050,33,003,"New Hampshire","Carroll County",4,72,895,447,448
050,33,003,"New Hampshire","Carroll County",4,73,872,444,428
050,33,003,"New Hampshire","Carroll County",4,74,830,408,422
050,33,003,"New Hampshire","Carroll County",4,75,882,450,432
050,33,003,"New Hampshire","Carroll County",4,76,601,330,271
050,33,003,"New Hampshire","Carroll County",4,77,552,276,276
050,33,003,"New Hampshire","Carroll County",4,78,503,258,245
050,33,003,"New Hampshire","Carroll County",4,79,474,245,229
050,33,003,"New Hampshire","Carroll County",4,80,414,227,187
050,33,003,"New Hampshire","Carroll County",4,81,358,179,179
050,33,003,"New Hampshire","Carroll County",4,82,303,153,150
050,33,003,"New Hampshire","Carroll County",4,83,289,137,152
050,33,003,"New Hampshire","Carroll County",4,84,241,109,132
050,33,003,"New Hampshire","Carroll County",4,85,1359,521,838
050,33,003,"New Hampshire","Carroll County",5,0,310,159,151
050,33,003,"New Hampshire","Carroll County",5,1,320,173,147
050,33,003,"New Hampshire","Carroll County",5,2,323,159,164
050,33,003,"New Hampshire","Carroll County",5,3,366,193,173
050,33,003,"New Hampshire","Carroll County",5,4,346,174,172
050,33,003,"New Hampshire","Carroll County",5,5,379,193,186
050,33,003,"New Hampshire","Carroll County",5,6,403,212,191
050,33,003,"New Hampshire","Carroll County",5,7,400,214,186
050,33,003,"New Hampshire","Carroll County",5,8,454,231,223
050,33,003,"New Hampshire","Carroll County",5,9,447,227,220
050,33,003,"New Hampshire","Carroll County",5,10,442,222,220
050,33,003,"New Hampshire","Carroll County",5,11,446,216,230
050,33,003,"New Hampshire","Carroll County",5,12,476,235,241
050,33,003,"New Hampshire","Carroll County",5,13,489,254,235
050,33,003,"New Hampshire","Carroll County",5,14,507,272,235
050,33,003,"New Hampshire","Carroll County",5,15,500,265,235
050,33,003,"New Hampshire","Carroll County",5,16,486,265,221
050,33,003,"New Hampshire","Carroll County",5,17,483,267,216
050,33,003,"New Hampshire","Carroll County",5,18,418,219,199
050,33,003,"New Hampshire","Carroll County",5,19,335,183,152
050,33,003,"New Hampshire","Carroll County",5,20,390,219,171
050,33,003,"New Hampshire","Carroll County",5,21,414,225,189
050,33,003,"New Hampshire","Carroll County",5,22,459,251,208
050,33,003,"New Hampshire","Carroll County",5,23,439,233,206
050,33,003,"New Hampshire","Carroll County",5,24,467,249,218
050,33,003,"New Hampshire","Carroll County",5,25,447,245,202
050,33,003,"New Hampshire","Carroll County",5,26,453,244,209
050,33,003,"New Hampshire","Carroll County",5,27,453,232,221
050,33,003,"New Hampshire","Carroll County",5,28,437,237,200
050,33,003,"New Hampshire","Carroll County",5,29,493,263,230
050,33,003,"New Hampshire","Carroll County",5,30,499,264,235
050,33,003,"New Hampshire","Carroll County",5,31,493,246,247
050,33,003,"New Hampshire","Carroll County",5,32,549,299,250
050,33,003,"New Hampshire","Carroll County",5,33,529,272,257
050,33,003,"New Hampshire","Carroll County",5,34,513,266,247
050,33,003,"New Hampshire","Carroll County",5,35,497,244,253
050,33,003,"New Hampshire","Carroll County",5,36,550,274,276
050,33,003,"New Hampshire","Carroll County",5,37,484,252,232
050,33,003,"New Hampshire","Carroll County",5,38,500,236,264
050,33,003,"New Hampshire","Carroll County",5,39,547,267,280
050,33,003,"New Hampshire","Carroll County",5,40,527,269,258
050,33,003,"New Hampshire","Carroll County",5,41,524,249,275
050,33,003,"New Hampshire","Carroll County",5,42,507,252,255
050,33,003,"New Hampshire","Carroll County",5,43,514,250,264
050,33,003,"New Hampshire","Carroll County",5,44,515,254,261
050,33,003,"New Hampshire","Carroll County",5,45,458,228,230
050,33,003,"New Hampshire","Carroll County",5,46,456,223,233
050,33,003,"New Hampshire","Carroll County",5,47,467,224,243
050,33,003,"New Hampshire","Carroll County",5,48,502,252,250
050,33,003,"New Hampshire","Carroll County",5,49,537,264,273
050,33,003,"New Hampshire","Carroll County",5,50,528,264,264
050,33,003,"New Hampshire","Carroll County",5,51,632,319,313
050,33,003,"New Hampshire","Carroll County",5,52,729,387,342
050,33,003,"New Hampshire","Carroll County",5,53,734,374,360
050,33,003,"New Hampshire","Carroll County",5,54,739,368,371
050,33,003,"New Hampshire","Carroll County",5,55,754,365,389
050,33,003,"New Hampshire","Carroll County",5,56,775,375,400
050,33,003,"New Hampshire","Carroll County",5,57,783,396,387
050,33,003,"New Hampshire","Carroll County",5,58,895,421,474
050,33,003,"New Hampshire","Carroll County",5,59,967,465,502
050,33,003,"New Hampshire","Carroll County",5,60,1015,477,538
050,33,003,"New Hampshire","Carroll County",5,61,1027,472,555
050,33,003,"New Hampshire","Carroll County",5,62,1082,530,552
050,33,003,"New Hampshire","Carroll County",5,63,1087,524,563
050,33,003,"New Hampshire","Carroll County",5,64,1185,584,601
050,33,003,"New Hampshire","Carroll County",5,65,1139,549,590
050,33,003,"New Hampshire","Carroll County",5,66,1221,616,605
050,33,003,"New Hampshire","Carroll County",5,67,1121,549,572
050,33,003,"New Hampshire","Carroll County",5,68,1094,536,558
050,33,003,"New Hampshire","Carroll County",5,69,1041,527,514
050,33,003,"New Hampshire","Carroll County",5,70,993,496,497
050,33,003,"New Hampshire","Carroll County",5,71,961,479,482
050,33,003,"New Hampshire","Carroll County",5,72,919,455,464
050,33,003,"New Hampshire","Carroll County",5,73,886,445,441
050,33,003,"New Hampshire","Carroll County",5,74,865,435,430
050,33,003,"New Hampshire","Carroll County",5,75,802,396,406
050,33,003,"New Hampshire","Carroll County",5,76,864,441,423
050,33,003,"New Hampshire","Carroll County",5,77,579,324,255
050,33,003,"New Hampshire","Carroll County",5,78,531,265,266
050,33,003,"New Hampshire","Carroll County",5,79,477,248,229
050,33,003,"New Hampshire","Carroll County",5,80,442,230,212
050,33,003,"New Hampshire","Carroll County",5,81,394,207,187
050,33,003,"New Hampshire","Carroll County",5,82,338,168,170
050,33,003,"New Hampshire","Carroll County",5,83,271,144,127
050,33,003,"New Hampshire","Carroll County",5,84,284,134,150
050,33,003,"New Hampshire","Carroll County",5,85,1344,519,825
050,33,005,"New Hampshire","Cheshire County",1,0,649,330,319
050,33,005,"New Hampshire","Cheshire County",1,1,657,327,330
050,33,005,"New Hampshire","Cheshire County",1,2,687,333,354
050,33,005,"New Hampshire","Cheshire County",1,3,717,352,365
050,33,005,"New Hampshire","Cheshire County",1,4,734,377,357
050,33,005,"New Hampshire","Cheshire County",1,5,722,361,361
050,33,005,"New Hampshire","Cheshire County",1,6,732,361,371
050,33,005,"New Hampshire","Cheshire County",1,7,775,393,382
050,33,005,"New Hampshire","Cheshire County",1,8,790,403,387
050,33,005,"New Hampshire","Cheshire County",1,9,788,419,369
050,33,005,"New Hampshire","Cheshire County",1,10,771,396,375
050,33,005,"New Hampshire","Cheshire County",1,11,827,421,406
050,33,005,"New Hampshire","Cheshire County",1,12,840,430,410
050,33,005,"New Hampshire","Cheshire County",1,13,808,417,391
050,33,005,"New Hampshire","Cheshire County",1,14,816,415,401
050,33,005,"New Hampshire","Cheshire County",1,15,830,423,407
050,33,005,"New Hampshire","Cheshire County",1,16,802,416,386
050,33,005,"New Hampshire","Cheshire County",1,17,833,437,396
050,33,005,"New Hampshire","Cheshire County",1,18,1268,590,678
050,33,005,"New Hampshire","Cheshire County",1,19,1552,733,819
050,33,005,"New Hampshire","Cheshire County",1,20,1355,635,720
050,33,005,"New Hampshire","Cheshire County",1,21,1138,551,587
050,33,005,"New Hampshire","Cheshire County",1,22,928,470,458
050,33,005,"New Hampshire","Cheshire County",1,23,838,425,413
050,33,005,"New Hampshire","Cheshire County",1,24,852,432,420
050,33,005,"New Hampshire","Cheshire County",1,25,873,438,435
050,33,005,"New Hampshire","Cheshire County",1,26,868,431,437
050,33,005,"New Hampshire","Cheshire County",1,27,863,441,422
050,33,005,"New Hampshire","Cheshire County",1,28,883,452,431
050,33,005,"New Hampshire","Cheshire County",1,29,935,467,468
050,33,005,"New Hampshire","Cheshire County",1,30,975,494,481
050,33,005,"New Hampshire","Cheshire County",1,31,984,508,476
050,33,005,"New Hampshire","Cheshire County",1,32,986,496,490
050,33,005,"New Hampshire","Cheshire County",1,33,985,516,469
050,33,005,"New Hampshire","Cheshire County",1,34,931,463,468
050,33,005,"New Hampshire","Cheshire County",1,35,914,468,446
050,33,005,"New Hampshire","Cheshire County",1,36,915,458,457
050,33,005,"New Hampshire","Cheshire County",1,37,929,476,453
050,33,005,"New Hampshire","Cheshire County",1,38,876,451,425
050,33,005,"New Hampshire","Cheshire County",1,39,885,474,411
050,33,005,"New Hampshire","Cheshire County",1,40,867,440,427
050,33,005,"New Hampshire","Cheshire County",1,41,793,384,409
050,33,005,"New Hampshire","Cheshire County",1,42,754,370,384
050,33,005,"New Hampshire","Cheshire County",1,43,739,364,375
050,33,005,"New Hampshire","Cheshire County",1,44,721,358,363
050,33,005,"New Hampshire","Cheshire County",1,45,735,354,381
050,33,005,"New Hampshire","Cheshire County",1,46,754,363,391
050,33,005,"New Hampshire","Cheshire County",1,47,827,423,404
050,33,005,"New Hampshire","Cheshire County",1,48,911,454,457
050,33,005,"New Hampshire","Cheshire County",1,49,944,441,503
050,33,005,"New Hampshire","Cheshire County",1,50,938,470,468
050,33,005,"New Hampshire","Cheshire County",1,51,1017,511,506
050,33,005,"New Hampshire","Cheshire County",1,52,1005,516,489
050,33,005,"New Hampshire","Cheshire County",1,53,1008,512,496
050,33,005,"New Hampshire","Cheshire County",1,54,1046,533,513
050,33,005,"New Hampshire","Cheshire County",1,55,1114,577,537
050,33,005,"New Hampshire","Cheshire County",1,56,1178,580,598
050,33,005,"New Hampshire","Cheshire County",1,57,1158,549,609
050,33,005,"New Hampshire","Cheshire County",1,58,1206,578,628
050,33,005,"New Hampshire","Cheshire County",1,59,1239,588,651
050,33,005,"New Hampshire","Cheshire County",1,60,1220,614,606
050,33,005,"New Hampshire","Cheshire County",1,61,1266,615,651
050,33,005,"New Hampshire","Cheshire County",1,62,1210,592,618
050,33,005,"New Hampshire","Cheshire County",1,63,1176,570,606
050,33,005,"New Hampshire","Cheshire County",1,64,1212,605,607
050,33,005,"New Hampshire","Cheshire County",1,65,1203,608,595
050,33,005,"New Hampshire","Cheshire County",1,66,1148,558,590
050,33,005,"New Hampshire","Cheshire County",1,67,1098,540,558
050,33,005,"New Hampshire","Cheshire County",1,68,1039,507,532
050,33,005,"New Hampshire","Cheshire County",1,69,972,487,485
050,33,005,"New Hampshire","Cheshire County",1,70,932,475,457
050,33,005,"New Hampshire","Cheshire County",1,71,927,467,460
050,33,005,"New Hampshire","Cheshire County",1,72,966,469,497
050,33,005,"New Hampshire","Cheshire County",1,73,926,430,496
050,33,005,"New Hampshire","Cheshire County",1,74,606,276,330
050,33,005,"New Hampshire","Cheshire County",1,75,587,287,300
050,33,005,"New Hampshire","Cheshire County",1,76,598,272,326
050,33,005,"New Hampshire","Cheshire County",1,77,585,260,325
050,33,005,"New Hampshire","Cheshire County",1,78,507,224,283
050,33,005,"New Hampshire","Cheshire County",1,79,430,193,237
050,33,005,"New Hampshire","Cheshire County",1,80,405,181,224
050,33,005,"New Hampshire","Cheshire County",1,81,365,170,195
050,33,005,"New Hampshire","Cheshire County",1,82,349,165,184
050,33,005,"New Hampshire","Cheshire County",1,83,303,130,173
050,33,005,"New Hampshire","Cheshire County",1,84,279,98,181
050,33,005,"New Hampshire","Cheshire County",1,85,1680,606,1074
050,33,005,"New Hampshire","Cheshire County",2,0,647,324,323
050,33,005,"New Hampshire","Cheshire County",2,1,651,327,324
050,33,005,"New Hampshire","Cheshire County",2,2,684,333,351
050,33,005,"New Hampshire","Cheshire County",2,3,711,349,362
050,33,005,"New Hampshire","Cheshire County",2,4,735,372,363
050,33,005,"New Hampshire","Cheshire County",2,5,731,369,362
050,33,005,"New Hampshire","Cheshire County",2,6,732,361,371
050,33,005,"New Hampshire","Cheshire County",2,7,764,386,378
050,33,005,"New Hampshire","Cheshire County",2,8,785,401,384
050,33,005,"New Hampshire","Cheshire County",2,9,787,413,374
050,33,005,"New Hampshire","Cheshire County",2,10,776,401,375
050,33,005,"New Hampshire","Cheshire County",2,11,812,413,399
050,33,005,"New Hampshire","Cheshire County",2,12,841,430,411
050,33,005,"New Hampshire","Cheshire County",2,13,816,420,396
050,33,005,"New Hampshire","Cheshire County",2,14,814,415,399
050,33,005,"New Hampshire","Cheshire County",2,15,828,421,407
050,33,005,"New Hampshire","Cheshire County",2,16,813,420,393
050,33,005,"New Hampshire","Cheshire County",2,17,828,434,394
050,33,005,"New Hampshire","Cheshire County",2,18,1263,589,674
050,33,005,"New Hampshire","Cheshire County",2,19,1551,734,817
050,33,005,"New Hampshire","Cheshire County",2,20,1376,647,729
050,33,005,"New Hampshire","Cheshire County",2,21,1151,559,592
050,33,005,"New Hampshire","Cheshire County",2,22,917,462,455
050,33,005,"New Hampshire","Cheshire County",2,23,827,423,404
050,33,005,"New Hampshire","Cheshire County",2,24,839,426,413
050,33,005,"New Hampshire","Cheshire County",2,25,858,426,432
050,33,005,"New Hampshire","Cheshire County",2,26,869,433,436
050,33,005,"New Hampshire","Cheshire County",2,27,860,438,422
050,33,005,"New Hampshire","Cheshire County",2,28,886,454,432
050,33,005,"New Hampshire","Cheshire County",2,29,928,466,462
050,33,005,"New Hampshire","Cheshire County",2,30,976,494,482
050,33,005,"New Hampshire","Cheshire County",2,31,982,504,478
050,33,005,"New Hampshire","Cheshire County",2,32,986,503,483
050,33,005,"New Hampshire","Cheshire County",2,33,985,513,472
050,33,005,"New Hampshire","Cheshire County",2,34,944,476,468
050,33,005,"New Hampshire","Cheshire County",2,35,919,466,453
050,33,005,"New Hampshire","Cheshire County",2,36,910,459,451
050,33,005,"New Hampshire","Cheshire County",2,37,928,473,455
050,33,005,"New Hampshire","Cheshire County",2,38,892,458,434
050,33,005,"New Hampshire","Cheshire County",2,39,888,475,413
050,33,005,"New Hampshire","Cheshire County",2,40,878,447,431
050,33,005,"New Hampshire","Cheshire County",2,41,809,396,413
050,33,005,"New Hampshire","Cheshire County",2,42,763,376,387
050,33,005,"New Hampshire","Cheshire County",2,43,750,368,382
050,33,005,"New Hampshire","Cheshire County",2,44,720,356,364
050,33,005,"New Hampshire","Cheshire County",2,45,736,356,380
050,33,005,"New Hampshire","Cheshire County",2,46,751,361,390
050,33,005,"New Hampshire","Cheshire County",2,47,812,410,402
050,33,005,"New Hampshire","Cheshire County",2,48,895,449,446
050,33,005,"New Hampshire","Cheshire County",2,49,937,447,490
050,33,005,"New Hampshire","Cheshire County",2,50,945,462,483
050,33,005,"New Hampshire","Cheshire County",2,51,997,500,497
050,33,005,"New Hampshire","Cheshire County",2,52,1003,514,489
050,33,005,"New Hampshire","Cheshire County",2,53,1008,514,494
050,33,005,"New Hampshire","Cheshire County",2,54,1030,525,505
050,33,005,"New Hampshire","Cheshire County",2,55,1101,568,533
050,33,005,"New Hampshire","Cheshire County",2,56,1167,580,587
050,33,005,"New Hampshire","Cheshire County",2,57,1166,562,604
050,33,005,"New Hampshire","Cheshire County",2,58,1197,571,626
050,33,005,"New Hampshire","Cheshire County",2,59,1239,591,648
050,33,005,"New Hampshire","Cheshire County",2,60,1218,603,615
050,33,005,"New Hampshire","Cheshire County",2,61,1253,613,640
050,33,005,"New Hampshire","Cheshire County",2,62,1227,601,626
050,33,005,"New Hampshire","Cheshire County",2,63,1198,583,615
050,33,005,"New Hampshire","Cheshire County",2,64,1195,589,606
050,33,005,"New Hampshire","Cheshire County",2,65,1202,605,597
050,33,005,"New Hampshire","Cheshire County",2,66,1164,573,591
050,33,005,"New Hampshire","Cheshire County",2,67,1107,541,566
050,33,005,"New Hampshire","Cheshire County",2,68,1047,513,534
050,33,005,"New Hampshire","Cheshire County",2,69,990,490,500
050,33,005,"New Hampshire","Cheshire County",2,70,935,475,460
050,33,005,"New Hampshire","Cheshire County",2,71,931,469,462
050,33,005,"New Hampshire","Cheshire County",2,72,931,454,477
050,33,005,"New Hampshire","Cheshire County",2,73,984,461,523
050,33,005,"New Hampshire","Cheshire County",2,74,639,293,346
050,33,005,"New Hampshire","Cheshire County",2,75,595,285,310
050,33,005,"New Hampshire","Cheshire County",2,76,587,270,317
050,33,005,"New Hampshire","Cheshire County",2,77,603,269,334
050,33,005,"New Hampshire","Cheshire County",2,78,514,228,286
050,33,005,"New Hampshire","Cheshire County",2,79,439,197,242
050,33,005,"New Hampshire","Cheshire County",2,80,407,183,224
050,33,005,"New Hampshire","Cheshire County",2,81,367,169,198
050,33,005,"New Hampshire","Cheshire County",2,82,350,163,187
050,33,005,"New Hampshire","Cheshire County",2,83,307,133,174
050,33,005,"New Hampshire","Cheshire County",2,84,279,104,175
050,33,005,"New Hampshire","Cheshire County",2,85,1684,600,1084
050,33,005,"New Hampshire","Cheshire County",3,0,678,357,321
050,33,005,"New Hampshire","Cheshire County",3,1,687,357,330
050,33,005,"New Hampshire","Cheshire County",3,2,669,335,334
050,33,005,"New Hampshire","Cheshire County",3,3,715,347,368
050,33,005,"New Hampshire","Cheshire County",3,4,723,358,365
050,33,005,"New Hampshire","Cheshire County",3,5,751,380,371
050,33,005,"New Hampshire","Cheshire County",3,6,726,370,356
050,33,005,"New Hampshire","Cheshire County",3,7,730,352,378
050,33,005,"New Hampshire","Cheshire County",3,8,776,397,379
050,33,005,"New Hampshire","Cheshire County",3,9,807,414,393
050,33,005,"New Hampshire","Cheshire County",3,10,800,420,380
050,33,005,"New Hampshire","Cheshire County",3,11,795,402,393
050,33,005,"New Hampshire","Cheshire County",3,12,816,420,396
050,33,005,"New Hampshire","Cheshire County",3,13,860,442,418
050,33,005,"New Hampshire","Cheshire County",3,14,829,437,392
050,33,005,"New Hampshire","Cheshire County",3,15,839,431,408
050,33,005,"New Hampshire","Cheshire County",3,16,833,429,404
050,33,005,"New Hampshire","Cheshire County",3,17,828,430,398
050,33,005,"New Hampshire","Cheshire County",3,18,1138,545,593
050,33,005,"New Hampshire","Cheshire County",3,19,1331,637,694
050,33,005,"New Hampshire","Cheshire County",3,20,1219,593,626
050,33,005,"New Hampshire","Cheshire County",3,21,1084,540,544
050,33,005,"New Hampshire","Cheshire County",3,22,863,428,435
050,33,005,"New Hampshire","Cheshire County",3,23,805,412,393
050,33,005,"New Hampshire","Cheshire County",3,24,825,414,411
050,33,005,"New Hampshire","Cheshire County",3,25,860,428,432
050,33,005,"New Hampshire","Cheshire County",3,26,895,461,434
050,33,005,"New Hampshire","Cheshire County",3,27,899,444,455
050,33,005,"New Hampshire","Cheshire County",3,28,893,465,428
050,33,005,"New Hampshire","Cheshire County",3,29,911,463,448
050,33,005,"New Hampshire","Cheshire County",3,30,950,470,480
050,33,005,"New Hampshire","Cheshire County",3,31,1003,514,489
050,33,005,"New Hampshire","Cheshire County",3,32,1049,548,501
050,33,005,"New Hampshire","Cheshire County",3,33,1032,527,505
050,33,005,"New Hampshire","Cheshire County",3,34,1006,533,473
050,33,005,"New Hampshire","Cheshire County",3,35,955,467,488
050,33,005,"New Hampshire","Cheshire County",3,36,953,481,472
050,33,005,"New Hampshire","Cheshire County",3,37,924,456,468
050,33,005,"New Hampshire","Cheshire County",3,38,952,480,472
050,33,005,"New Hampshire","Cheshire County",3,39,920,490,430
050,33,005,"New Hampshire","Cheshire County",3,40,890,470,420
050,33,005,"New Hampshire","Cheshire County",3,41,874,444,430
050,33,005,"New Hampshire","Cheshire County",3,42,815,409,406
050,33,005,"New Hampshire","Cheshire County",3,43,768,380,388
050,33,005,"New Hampshire","Cheshire County",3,44,779,387,392
050,33,005,"New Hampshire","Cheshire County",3,45,713,353,360
050,33,005,"New Hampshire","Cheshire County",3,46,767,363,404
050,33,005,"New Hampshire","Cheshire County",3,47,755,367,388
050,33,005,"New Hampshire","Cheshire County",3,48,842,432,410
050,33,005,"New Hampshire","Cheshire County",3,49,895,452,443
050,33,005,"New Hampshire","Cheshire County",3,50,951,449,502
050,33,005,"New Hampshire","Cheshire County",3,51,960,471,489
050,33,005,"New Hampshire","Cheshire County",3,52,988,494,494
050,33,005,"New Hampshire","Cheshire County",3,53,1015,525,490
050,33,005,"New Hampshire","Cheshire County",3,54,1013,509,504
050,33,005,"New Hampshire","Cheshire County",3,55,1045,540,505
050,33,005,"New Hampshire","Cheshire County",3,56,1100,564,536
050,33,005,"New Hampshire","Cheshire County",3,57,1165,590,575
050,33,005,"New Hampshire","Cheshire County",3,58,1185,565,620
050,33,005,"New Hampshire","Cheshire County",3,59,1197,568,629
050,33,005,"New Hampshire","Cheshire County",3,60,1260,607,653
050,33,005,"New Hampshire","Cheshire County",3,61,1210,595,615
050,33,005,"New Hampshire","Cheshire County",3,62,1252,610,642
050,33,005,"New Hampshire","Cheshire County",3,63,1225,605,620
050,33,005,"New Hampshire","Cheshire County",3,64,1192,583,609
050,33,005,"New Hampshire","Cheshire County",3,65,1202,577,625
050,33,005,"New Hampshire","Cheshire County",3,66,1185,589,596
050,33,005,"New Hampshire","Cheshire County",3,67,1158,573,585
050,33,005,"New Hampshire","Cheshire County",3,68,1104,543,561
050,33,005,"New Hampshire","Cheshire County",3,69,1051,508,543
050,33,005,"New Hampshire","Cheshire County",3,70,980,494,486
050,33,005,"New Hampshire","Cheshire County",3,71,916,460,456
050,33,005,"New Hampshire","Cheshire County",3,72,900,445,455
050,33,005,"New Hampshire","Cheshire County",3,73,903,442,461
050,33,005,"New Hampshire","Cheshire County",3,74,955,442,513
050,33,005,"New Hampshire","Cheshire County",3,75,633,282,351
050,33,005,"New Hampshire","Cheshire County",3,76,577,273,304
050,33,005,"New Hampshire","Cheshire County",3,77,562,256,306
050,33,005,"New Hampshire","Cheshire County",3,78,583,258,325
050,33,005,"New Hampshire","Cheshire County",3,79,495,215,280
050,33,005,"New Hampshire","Cheshire County",3,80,427,195,232
050,33,005,"New Hampshire","Cheshire County",3,81,378,171,207
050,33,005,"New Hampshire","Cheshire County",3,82,352,164,188
050,33,005,"New Hampshire","Cheshire County",3,83,315,141,174
050,33,005,"New Hampshire","Cheshire County",3,84,280,122,158
050,33,005,"New Hampshire","Cheshire County",3,85,1705,603,1102
050,33,005,"New Hampshire","Cheshire County",4,0,697,369,328
050,33,005,"New Hampshire","Cheshire County",4,1,684,356,328
050,33,005,"New Hampshire","Cheshire County",4,2,707,376,331
050,33,005,"New Hampshire","Cheshire County",4,3,700,359,341
050,33,005,"New Hampshire","Cheshire County",4,4,708,341,367
050,33,005,"New Hampshire","Cheshire County",4,5,742,368,374
050,33,005,"New Hampshire","Cheshire County",4,6,752,375,377
050,33,005,"New Hampshire","Cheshire County",4,7,749,390,359
050,33,005,"New Hampshire","Cheshire County",4,8,754,362,392
050,33,005,"New Hampshire","Cheshire County",4,9,780,395,385
050,33,005,"New Hampshire","Cheshire County",4,10,811,412,399
050,33,005,"New Hampshire","Cheshire County",4,11,798,424,374
050,33,005,"New Hampshire","Cheshire County",4,12,790,397,393
050,33,005,"New Hampshire","Cheshire County",4,13,817,423,394
050,33,005,"New Hampshire","Cheshire County",4,14,866,446,420
050,33,005,"New Hampshire","Cheshire County",4,15,828,428,400
050,33,005,"New Hampshire","Cheshire County",4,16,844,438,406
050,33,005,"New Hampshire","Cheshire County",4,17,840,430,410
050,33,005,"New Hampshire","Cheshire County",4,18,1135,535,600
050,33,005,"New Hampshire","Cheshire County",4,19,1330,642,688
050,33,005,"New Hampshire","Cheshire County",4,20,1253,612,641
050,33,005,"New Hampshire","Cheshire County",4,21,1103,561,542
050,33,005,"New Hampshire","Cheshire County",4,22,913,461,452
050,33,005,"New Hampshire","Cheshire County",4,23,807,416,391
050,33,005,"New Hampshire","Cheshire County",4,24,821,426,395
050,33,005,"New Hampshire","Cheshire County",4,25,809,404,405
050,33,005,"New Hampshire","Cheshire County",4,26,837,415,422
050,33,005,"New Hampshire","Cheshire County",4,27,888,447,441
050,33,005,"New Hampshire","Cheshire County",4,28,930,470,460
050,33,005,"New Hampshire","Cheshire County",4,29,916,463,453
050,33,005,"New Hampshire","Cheshire County",4,30,940,481,459
050,33,005,"New Hampshire","Cheshire County",4,31,972,492,480
050,33,005,"New Hampshire","Cheshire County",4,32,1006,512,494
050,33,005,"New Hampshire","Cheshire County",4,33,1065,547,518
050,33,005,"New Hampshire","Cheshire County",4,34,1061,551,510
050,33,005,"New Hampshire","Cheshire County",4,35,979,508,471
050,33,005,"New Hampshire","Cheshire County",4,36,978,483,495
050,33,005,"New Hampshire","Cheshire County",4,37,964,488,476
050,33,005,"New Hampshire","Cheshire County",4,38,937,466,471
050,33,005,"New Hampshire","Cheshire County",4,39,996,523,473
050,33,005,"New Hampshire","Cheshire County",4,40,926,482,444
050,33,005,"New Hampshire","Cheshire County",4,41,900,463,437
050,33,005,"New Hampshire","Cheshire County",4,42,892,455,437
050,33,005,"New Hampshire","Cheshire County",4,43,828,406,422
050,33,005,"New Hampshire","Cheshire County",4,44,788,399,389
050,33,005,"New Hampshire","Cheshire County",4,45,761,380,381
050,33,005,"New Hampshire","Cheshire County",4,46,738,359,379
050,33,005,"New Hampshire","Cheshire County",4,47,760,364,396
050,33,005,"New Hampshire","Cheshire County",4,48,776,386,390
050,33,005,"New Hampshire","Cheshire County",4,49,818,417,401
050,33,005,"New Hampshire","Cheshire County",4,50,897,443,454
050,33,005,"New Hampshire","Cheshire County",4,51,961,475,486
050,33,005,"New Hampshire","Cheshire County",4,52,977,473,504
050,33,005,"New Hampshire","Cheshire County",4,53,1000,495,505
050,33,005,"New Hampshire","Cheshire County",4,54,1008,517,491
050,33,005,"New Hampshire","Cheshire County",4,55,1029,523,506
050,33,005,"New Hampshire","Cheshire County",4,56,1052,532,520
050,33,005,"New Hampshire","Cheshire County",4,57,1114,568,546
050,33,005,"New Hampshire","Cheshire County",4,58,1185,587,598
050,33,005,"New Hampshire","Cheshire County",4,59,1193,576,617
050,33,005,"New Hampshire","Cheshire County",4,60,1193,559,634
050,33,005,"New Hampshire","Cheshire County",4,61,1258,614,644
050,33,005,"New Hampshire","Cheshire County",4,62,1214,608,606
050,33,005,"New Hampshire","Cheshire County",4,63,1254,611,643
050,33,005,"New Hampshire","Cheshire County",4,64,1224,603,621
050,33,005,"New Hampshire","Cheshire County",4,65,1191,576,615
050,33,005,"New Hampshire","Cheshire County",4,66,1194,568,626
050,33,005,"New Hampshire","Cheshire County",4,67,1159,576,583
050,33,005,"New Hampshire","Cheshire County",4,68,1143,562,581
050,33,005,"New Hampshire","Cheshire County",4,69,1087,528,559
050,33,005,"New Hampshire","Cheshire County",4,70,1033,503,530
050,33,005,"New Hampshire","Cheshire County",4,71,979,485,494
050,33,005,"New Hampshire","Cheshire County",4,72,895,441,454
050,33,005,"New Hampshire","Cheshire County",4,73,876,432,444
050,33,005,"New Hampshire","Cheshire County",4,74,890,432,458
050,33,005,"New Hampshire","Cheshire County",4,75,916,419,497
050,33,005,"New Hampshire","Cheshire County",4,76,623,276,347
050,33,005,"New Hampshire","Cheshire County",4,77,544,254,290
050,33,005,"New Hampshire","Cheshire County",4,78,555,250,305
050,33,005,"New Hampshire","Cheshire County",4,79,559,247,312
050,33,005,"New Hampshire","Cheshire County",4,80,478,205,273
050,33,005,"New Hampshire","Cheshire County",4,81,396,180,216
050,33,005,"New Hampshire","Cheshire County",4,82,364,169,195
050,33,005,"New Hampshire","Cheshire County",4,83,322,146,176
050,33,005,"New Hampshire","Cheshire County",4,84,292,128,164
050,33,005,"New Hampshire","Cheshire County",4,85,1714,605,1109
050,33,005,"New Hampshire","Cheshire County",5,0,661,359,302
050,33,005,"New Hampshire","Cheshire County",5,1,692,366,326
050,33,005,"New Hampshire","Cheshire County",5,2,703,367,336
050,33,005,"New Hampshire","Cheshire County",5,3,715,388,327
050,33,005,"New Hampshire","Cheshire County",5,4,695,361,334
050,33,005,"New Hampshire","Cheshire County",5,5,718,352,366
050,33,005,"New Hampshire","Cheshire County",5,6,755,357,398
050,33,005,"New Hampshire","Cheshire County",5,7,755,387,368
050,33,005,"New Hampshire","Cheshire County",5,8,752,394,358
050,33,005,"New Hampshire","Cheshire County",5,9,764,366,398
050,33,005,"New Hampshire","Cheshire County",5,10,785,406,379
050,33,005,"New Hampshire","Cheshire County",5,11,819,417,402
050,33,005,"New Hampshire","Cheshire County",5,12,797,419,378
050,33,005,"New Hampshire","Cheshire County",5,13,801,413,388
050,33,005,"New Hampshire","Cheshire County",5,14,810,414,396
050,33,005,"New Hampshire","Cheshire County",5,15,875,457,418
050,33,005,"New Hampshire","Cheshire County",5,16,822,429,393
050,33,005,"New Hampshire","Cheshire County",5,17,848,444,404
050,33,005,"New Hampshire","Cheshire County",5,18,1134,541,593
050,33,005,"New Hampshire","Cheshire County",5,19,1318,624,694
050,33,005,"New Hampshire","Cheshire County",5,20,1221,602,619
050,33,005,"New Hampshire","Cheshire County",5,21,1101,559,542
050,33,005,"New Hampshire","Cheshire County",5,22,906,458,448
050,33,005,"New Hampshire","Cheshire County",5,23,828,421,407
050,33,005,"New Hampshire","Cheshire County",5,24,771,396,375
050,33,005,"New Hampshire","Cheshire County",5,25,791,422,369
050,33,005,"New Hampshire","Cheshire County",5,26,797,407,390
050,33,005,"New Hampshire","Cheshire County",5,27,823,402,421
050,33,005,"New Hampshire","Cheshire County",5,28,898,455,443
050,33,005,"New Hampshire","Cheshire County",5,29,936,488,448
050,33,005,"New Hampshire","Cheshire County",5,30,933,469,464
050,33,005,"New Hampshire","Cheshire County",5,31,940,479,461
050,33,005,"New Hampshire","Cheshire County",5,32,987,494,493
050,33,005,"New Hampshire","Cheshire County",5,33,1023,509,514
050,33,005,"New Hampshire","Cheshire County",5,34,1085,558,527
050,33,005,"New Hampshire","Cheshire County",5,35,1063,541,522
050,33,005,"New Hampshire","Cheshire County",5,36,989,513,476
050,33,005,"New Hampshire","Cheshire County",5,37,988,489,499
050,33,005,"New Hampshire","Cheshire County",5,38,977,496,481
050,33,005,"New Hampshire","Cheshire County",5,39,953,496,457
050,33,005,"New Hampshire","Cheshire County",5,40,1006,508,498
050,33,005,"New Hampshire","Cheshire County",5,41,934,489,445
050,33,005,"New Hampshire","Cheshire County",5,42,920,466,454
050,33,005,"New Hampshire","Cheshire County",5,43,894,458,436
050,33,005,"New Hampshire","Cheshire County",5,44,845,424,421
050,33,005,"New Hampshire","Cheshire County",5,45,780,394,386
050,33,005,"New Hampshire","Cheshire County",5,46,775,377,398
050,33,005,"New Hampshire","Cheshire County",5,47,734,360,374
050,33,005,"New Hampshire","Cheshire County",5,48,793,388,405
050,33,005,"New Hampshire","Cheshire County",5,49,775,383,392
050,33,005,"New Hampshire","Cheshire County",5,50,840,418,422
050,33,005,"New Hampshire","Cheshire County",5,51,909,462,447
050,33,005,"New Hampshire","Cheshire County",5,52,973,476,497
050,33,005,"New Hampshire","Cheshire County",5,53,977,474,503
050,33,005,"New Hampshire","Cheshire County",5,54,987,484,503
050,33,005,"New Hampshire","Cheshire County",5,55,1009,518,491
050,33,005,"New Hampshire","Cheshire County",5,56,1031,511,520
050,33,005,"New Hampshire","Cheshire County",5,57,1052,543,509
050,33,005,"New Hampshire","Cheshire County",5,58,1125,565,560
050,33,005,"New Hampshire","Cheshire County",5,59,1173,588,585
050,33,005,"New Hampshire","Cheshire County",5,60,1185,574,611
050,33,005,"New Hampshire","Cheshire County",5,61,1203,561,642
050,33,005,"New Hampshire","Cheshire County",5,62,1273,616,657
050,33,005,"New Hampshire","Cheshire County",5,63,1213,596,617
050,33,005,"New Hampshire","Cheshire County",5,64,1254,607,647
050,33,005,"New Hampshire","Cheshire County",5,65,1228,615,613
050,33,005,"New Hampshire","Cheshire County",5,66,1185,573,612
050,33,005,"New Hampshire","Cheshire County",5,67,1181,563,618
050,33,005,"New Hampshire","Cheshire County",5,68,1155,572,583
050,33,005,"New Hampshire","Cheshire County",5,69,1126,548,578
050,33,005,"New Hampshire","Cheshire County",5,70,1063,524,539
050,33,005,"New Hampshire","Cheshire County",5,71,1025,501,524
050,33,005,"New Hampshire","Cheshire County",5,72,952,463,489
050,33,005,"New Hampshire","Cheshire County",5,73,880,434,446
050,33,005,"New Hampshire","Cheshire County",5,74,858,418,440
050,33,005,"New Hampshire","Cheshire County",5,75,855,410,445
050,33,005,"New Hampshire","Cheshire County",5,76,901,413,488
050,33,005,"New Hampshire","Cheshire County",5,77,591,261,330
050,33,005,"New Hampshire","Cheshire County",5,78,531,248,283
050,33,005,"New Hampshire","Cheshire County",5,79,525,239,286
050,33,005,"New Hampshire","Cheshire County",5,80,539,238,301
050,33,005,"New Hampshire","Cheshire County",5,81,449,192,257
050,33,005,"New Hampshire","Cheshire County",5,82,388,178,210
050,33,005,"New Hampshire","Cheshire County",5,83,336,153,183
050,33,005,"New Hampshire","Cheshire County",5,84,290,129,161
050,33,005,"New Hampshire","Cheshire County",5,85,1756,623,1133
050,33,007,"New Hampshire","Coos County",1,0,246,127,119
050,33,007,"New Hampshire","Coos County",1,1,260,138,122
050,33,007,"New Hampshire","Coos County",1,2,231,123,108
050,33,007,"New Hampshire","Coos County",1,3,268,141,127
050,33,007,"New Hampshire","Coos County",1,4,287,152,135
050,33,007,"New Hampshire","Coos County",1,5,284,148,136
050,33,007,"New Hampshire","Coos County",1,6,273,136,137
050,33,007,"New Hampshire","Coos County",1,7,259,139,120
050,33,007,"New Hampshire","Coos County",1,8,252,125,127
050,33,007,"New Hampshire","Coos County",1,9,285,142,143
050,33,007,"New Hampshire","Coos County",1,10,306,155,151
050,33,007,"New Hampshire","Coos County",1,11,297,156,141
050,33,007,"New Hampshire","Coos County",1,12,337,180,157
050,33,007,"New Hampshire","Coos County",1,13,341,182,159
050,33,007,"New Hampshire","Coos County",1,14,328,172,156
050,33,007,"New Hampshire","Coos County",1,15,328,169,159
050,33,007,"New Hampshire","Coos County",1,16,332,170,162
050,33,007,"New Hampshire","Coos County",1,17,332,158,174
050,33,007,"New Hampshire","Coos County",1,18,300,152,148
050,33,007,"New Hampshire","Coos County",1,19,244,134,110
050,33,007,"New Hampshire","Coos County",1,20,276,155,121
050,33,007,"New Hampshire","Coos County",1,21,284,159,125
050,33,007,"New Hampshire","Coos County",1,22,295,159,136
050,33,007,"New Hampshire","Coos County",1,23,313,171,142
050,33,007,"New Hampshire","Coos County",1,24,310,174,136
050,33,007,"New Hampshire","Coos County",1,25,292,161,131
050,33,007,"New Hampshire","Coos County",1,26,324,183,141
050,33,007,"New Hampshire","Coos County",1,27,336,184,152
050,33,007,"New Hampshire","Coos County",1,28,328,180,148
050,33,007,"New Hampshire","Coos County",1,29,345,198,147
050,33,007,"New Hampshire","Coos County",1,30,304,166,138
050,33,007,"New Hampshire","Coos County",1,31,308,165,143
050,33,007,"New Hampshire","Coos County",1,32,338,187,151
050,33,007,"New Hampshire","Coos County",1,33,313,174,139
050,33,007,"New Hampshire","Coos County",1,34,328,166,162
050,33,007,"New Hampshire","Coos County",1,35,350,183,167
050,33,007,"New Hampshire","Coos County",1,36,319,167,152
050,33,007,"New Hampshire","Coos County",1,37,323,171,152
050,33,007,"New Hampshire","Coos County",1,38,345,197,148
050,33,007,"New Hampshire","Coos County",1,39,334,166,168
050,33,007,"New Hampshire","Coos County",1,40,346,180,166
050,33,007,"New Hampshire","Coos County",1,41,348,191,157
050,33,007,"New Hampshire","Coos County",1,42,328,161,167
050,33,007,"New Hampshire","Coos County",1,43,325,161,164
050,33,007,"New Hampshire","Coos County",1,44,342,180,162
050,33,007,"New Hampshire","Coos County",1,45,341,175,166
050,33,007,"New Hampshire","Coos County",1,46,364,191,173
050,33,007,"New Hampshire","Coos County",1,47,388,207,181
050,33,007,"New Hampshire","Coos County",1,48,406,209,197
050,33,007,"New Hampshire","Coos County",1,49,423,233,190
050,33,007,"New Hampshire","Coos County",1,50,438,228,210
050,33,007,"New Hampshire","Coos County",1,51,434,234,200
050,33,007,"New Hampshire","Coos County",1,52,420,224,196
050,33,007,"New Hampshire","Coos County",1,53,433,235,198
050,33,007,"New Hampshire","Coos County",1,54,454,236,218
050,33,007,"New Hampshire","Coos County",1,55,493,249,244
050,33,007,"New Hampshire","Coos County",1,56,542,276,266
050,33,007,"New Hampshire","Coos County",1,57,541,261,280
050,33,007,"New Hampshire","Coos County",1,58,550,273,277
050,33,007,"New Hampshire","Coos County",1,59,527,260,267
050,33,007,"New Hampshire","Coos County",1,60,525,252,273
050,33,007,"New Hampshire","Coos County",1,61,593,306,287
050,33,007,"New Hampshire","Coos County",1,62,590,313,277
050,33,007,"New Hampshire","Coos County",1,63,566,300,266
050,33,007,"New Hampshire","Coos County",1,64,549,295,254
050,33,007,"New Hampshire","Coos County",1,65,545,288,257
050,33,007,"New Hampshire","Coos County",1,66,551,264,287
050,33,007,"New Hampshire","Coos County",1,67,541,267,274
050,33,007,"New Hampshire","Coos County",1,68,526,251,275
050,33,007,"New Hampshire","Coos County",1,69,469,249,220
050,33,007,"New Hampshire","Coos County",1,70,461,250,211
050,33,007,"New Hampshire","Coos County",1,71,439,240,199
050,33,007,"New Hampshire","Coos County",1,72,432,220,212
050,33,007,"New Hampshire","Coos County",1,73,431,225,206
050,33,007,"New Hampshire","Coos County",1,74,294,152,142
050,33,007,"New Hampshire","Coos County",1,75,287,143,144
050,33,007,"New Hampshire","Coos County",1,76,276,136,140
050,33,007,"New Hampshire","Coos County",1,77,270,133,137
050,33,007,"New Hampshire","Coos County",1,78,261,129,132
050,33,007,"New Hampshire","Coos County",1,79,228,107,121
050,33,007,"New Hampshire","Coos County",1,80,195,87,108
050,33,007,"New Hampshire","Coos County",1,81,200,93,107
050,33,007,"New Hampshire","Coos County",1,82,178,82,96
050,33,007,"New Hampshire","Coos County",1,83,141,72,69
050,33,007,"New Hampshire","Coos County",1,84,155,66,89
050,33,007,"New Hampshire","Coos County",1,85,959,316,643
050,33,007,"New Hampshire","Coos County",2,0,258,131,127
050,33,007,"New Hampshire","Coos County",2,1,253,134,119
050,33,007,"New Hampshire","Coos County",2,2,237,127,110
050,33,007,"New Hampshire","Coos County",2,3,256,135,121
050,33,007,"New Hampshire","Coos County",2,4,283,150,133
050,33,007,"New Hampshire","Coos County",2,5,286,150,136
050,33,007,"New Hampshire","Coos County",2,6,277,139,138
050,33,007,"New Hampshire","Coos County",2,7,265,141,124
050,33,007,"New Hampshire","Coos County",2,8,253,128,125
050,33,007,"New Hampshire","Coos County",2,9,278,137,141
050,33,007,"New Hampshire","Coos County",2,10,300,152,148
050,33,007,"New Hampshire","Coos County",2,11,300,157,143
050,33,007,"New Hampshire","Coos County",2,12,330,176,154
050,33,007,"New Hampshire","Coos County",2,13,338,181,157
050,33,007,"New Hampshire","Coos County",2,14,331,176,155
050,33,007,"New Hampshire","Coos County",2,15,333,173,160
050,33,007,"New Hampshire","Coos County",2,16,332,169,163
050,33,007,"New Hampshire","Coos County",2,17,333,161,172
050,33,007,"New Hampshire","Coos County",2,18,292,147,145
050,33,007,"New Hampshire","Coos County",2,19,249,133,116
050,33,007,"New Hampshire","Coos County",2,20,277,157,120
050,33,007,"New Hampshire","Coos County",2,21,283,159,124
050,33,007,"New Hampshire","Coos County",2,22,294,160,134
050,33,007,"New Hampshire","Coos County",2,23,312,171,141
050,33,007,"New Hampshire","Coos County",2,24,307,171,136
050,33,007,"New Hampshire","Coos County",2,25,296,163,133
050,33,007,"New Hampshire","Coos County",2,26,314,177,137
050,33,007,"New Hampshire","Coos County",2,27,332,184,148
050,33,007,"New Hampshire","Coos County",2,28,329,181,148
050,33,007,"New Hampshire","Coos County",2,29,343,198,145
050,33,007,"New Hampshire","Coos County",2,30,313,171,142
050,33,007,"New Hampshire","Coos County",2,31,307,164,143
050,33,007,"New Hampshire","Coos County",2,32,332,183,149
050,33,007,"New Hampshire","Coos County",2,33,314,173,141
050,33,007,"New Hampshire","Coos County",2,34,322,164,158
050,33,007,"New Hampshire","Coos County",2,35,349,181,168
050,33,007,"New Hampshire","Coos County",2,36,325,170,155
050,33,007,"New Hampshire","Coos County",2,37,324,171,153
050,33,007,"New Hampshire","Coos County",2,38,343,193,150
050,33,007,"New Hampshire","Coos County",2,39,336,172,164
050,33,007,"New Hampshire","Coos County",2,40,348,180,168
050,33,007,"New Hampshire","Coos County",2,41,344,185,159
050,33,007,"New Hampshire","Coos County",2,42,332,166,166
050,33,007,"New Hampshire","Coos County",2,43,328,161,167
050,33,007,"New Hampshire","Coos County",2,44,335,174,161
050,33,007,"New Hampshire","Coos County",2,45,343,177,166
050,33,007,"New Hampshire","Coos County",2,46,355,184,171
050,33,007,"New Hampshire","Coos County",2,47,381,203,178
050,33,007,"New Hampshire","Coos County",2,48,401,209,192
050,33,007,"New Hampshire","Coos County",2,49,420,228,192
050,33,007,"New Hampshire","Coos County",2,50,436,231,205
050,33,007,"New Hampshire","Coos County",2,51,432,232,200
050,33,007,"New Hampshire","Coos County",2,52,419,223,196
050,33,007,"New Hampshire","Coos County",2,53,433,234,199
050,33,007,"New Hampshire","Coos County",2,54,448,234,214
050,33,007,"New Hampshire","Coos County",2,55,482,246,236
050,33,007,"New Hampshire","Coos County",2,56,535,273,262
050,33,007,"New Hampshire","Coos County",2,57,537,261,276
050,33,007,"New Hampshire","Coos County",2,58,546,268,278
050,33,007,"New Hampshire","Coos County",2,59,536,266,270
050,33,007,"New Hampshire","Coos County",2,60,528,255,273
050,33,007,"New Hampshire","Coos County",2,61,571,293,278
050,33,007,"New Hampshire","Coos County",2,62,590,311,279
050,33,007,"New Hampshire","Coos County",2,63,571,304,267
050,33,007,"New Hampshire","Coos County",2,64,546,293,253
050,33,007,"New Hampshire","Coos County",2,65,545,290,255
050,33,007,"New Hampshire","Coos County",2,66,552,270,282
050,33,007,"New Hampshire","Coos County",2,67,541,265,276
050,33,007,"New Hampshire","Coos County",2,68,527,253,274
050,33,007,"New Hampshire","Coos County",2,69,485,252,233
050,33,007,"New Hampshire","Coos County",2,70,459,247,212
050,33,007,"New Hampshire","Coos County",2,71,442,243,199
050,33,007,"New Hampshire","Coos County",2,72,423,218,205
050,33,007,"New Hampshire","Coos County",2,73,452,234,218
050,33,007,"New Hampshire","Coos County",2,74,302,156,146
050,33,007,"New Hampshire","Coos County",2,75,287,144,143
050,33,007,"New Hampshire","Coos County",2,76,274,137,137
050,33,007,"New Hampshire","Coos County",2,77,276,138,138
050,33,007,"New Hampshire","Coos County",2,78,258,128,130
050,33,007,"New Hampshire","Coos County",2,79,233,110,123
050,33,007,"New Hampshire","Coos County",2,80,200,91,109
050,33,007,"New Hampshire","Coos County",2,81,190,88,102
050,33,007,"New Hampshire","Coos County",2,82,186,86,100
050,33,007,"New Hampshire","Coos County",2,83,142,71,71
050,33,007,"New Hampshire","Coos County",2,84,152,66,86
050,33,007,"New Hampshire","Coos County",2,85,968,325,643
050,33,007,"New Hampshire","Coos County",3,0,201,110,91
050,33,007,"New Hampshire","Coos County",3,1,264,142,122
050,33,007,"New Hampshire","Coos County",3,2,255,131,124
050,33,007,"New Hampshire","Coos County",3,3,244,129,115
050,33,007,"New Hampshire","Coos County",3,4,254,130,124
050,33,007,"New Hampshire","Coos County",3,5,278,141,137
050,33,007,"New Hampshire","Coos County",3,6,285,147,138
050,33,007,"New Hampshire","Coos County",3,7,287,146,141
050,33,007,"New Hampshire","Coos County",3,8,280,151,129
050,33,007,"New Hampshire","Coos County",3,9,262,137,125
050,33,007,"New Hampshire","Coos County",3,10,281,136,145
050,33,007,"New Hampshire","Coos County",3,11,310,162,148
050,33,007,"New Hampshire","Coos County",3,12,313,163,150
050,33,007,"New Hampshire","Coos County",3,13,332,179,153
050,33,007,"New Hampshire","Coos County",3,14,345,180,165
050,33,007,"New Hampshire","Coos County",3,15,337,175,162
050,33,007,"New Hampshire","Coos County",3,16,324,167,157
050,33,007,"New Hampshire","Coos County",3,17,316,166,150
050,33,007,"New Hampshire","Coos County",3,18,284,139,145
050,33,007,"New Hampshire","Coos County",3,19,235,120,115
050,33,007,"New Hampshire","Coos County",3,20,276,151,125
050,33,007,"New Hampshire","Coos County",3,21,299,171,128
050,33,007,"New Hampshire","Coos County",3,22,294,164,130
050,33,007,"New Hampshire","Coos County",3,23,315,176,139
050,33,007,"New Hampshire","Coos County",3,24,311,175,136
050,33,007,"New Hampshire","Coos County",3,25,321,181,140
050,33,007,"New Hampshire","Coos County",3,26,316,180,136
050,33,007,"New Hampshire","Coos County",3,27,328,197,131
050,33,007,"New Hampshire","Coos County",3,28,335,190,145
050,33,007,"New Hampshire","Coos County",3,29,359,202,157
050,33,007,"New Hampshire","Coos County",3,30,338,186,152
050,33,007,"New Hampshire","Coos County",3,31,327,183,144
050,33,007,"New Hampshire","Coos County",3,32,339,188,151
050,33,007,"New Hampshire","Coos County",3,33,335,184,151
050,33,007,"New Hampshire","Coos County",3,34,302,169,133
050,33,007,"New Hampshire","Coos County",3,35,342,187,155
050,33,007,"New Hampshire","Coos County",3,36,351,179,172
050,33,007,"New Hampshire","Coos County",3,37,323,165,158
050,33,007,"New Hampshire","Coos County",3,38,331,177,154
050,33,007,"New Hampshire","Coos County",3,39,342,192,150
050,33,007,"New Hampshire","Coos County",3,40,354,186,168
050,33,007,"New Hampshire","Coos County",3,41,348,184,164
050,33,007,"New Hampshire","Coos County",3,42,345,176,169
050,33,007,"New Hampshire","Coos County",3,43,339,175,164
050,33,007,"New Hampshire","Coos County",3,44,336,166,170
050,33,007,"New Hampshire","Coos County",3,45,341,178,163
050,33,007,"New Hampshire","Coos County",3,46,363,190,173
050,33,007,"New Hampshire","Coos County",3,47,355,189,166
050,33,007,"New Hampshire","Coos County",3,48,377,200,177
050,33,007,"New Hampshire","Coos County",3,49,403,207,196
050,33,007,"New Hampshire","Coos County",3,50,435,240,195
050,33,007,"New Hampshire","Coos County",3,51,462,250,212
050,33,007,"New Hampshire","Coos County",3,52,434,235,199
050,33,007,"New Hampshire","Coos County",3,53,433,236,197
050,33,007,"New Hampshire","Coos County",3,54,444,241,203
050,33,007,"New Hampshire","Coos County",3,55,460,235,225
050,33,007,"New Hampshire","Coos County",3,56,501,263,238
050,33,007,"New Hampshire","Coos County",3,57,548,272,276
050,33,007,"New Hampshire","Coos County",3,58,541,261,280
050,33,007,"New Hampshire","Coos County",3,59,571,279,292
050,33,007,"New Hampshire","Coos County",3,60,548,279,269
050,33,007,"New Hampshire","Coos County",3,61,540,262,278
050,33,007,"New Hampshire","Coos County",3,62,582,301,281
050,33,007,"New Hampshire","Coos County",3,63,584,300,284
050,33,007,"New Hampshire","Coos County",3,64,568,307,261
050,33,007,"New Hampshire","Coos County",3,65,556,292,264
050,33,007,"New Hampshire","Coos County",3,66,540,287,253
050,33,007,"New Hampshire","Coos County",3,67,547,267,280
050,33,007,"New Hampshire","Coos County",3,68,535,258,277
050,33,007,"New Hampshire","Coos County",3,69,509,246,263
050,33,007,"New Hampshire","Coos County",3,70,476,246,230
050,33,007,"New Hampshire","Coos County",3,71,444,241,203
050,33,007,"New Hampshire","Coos County",3,72,433,235,198
050,33,007,"New Hampshire","Coos County",3,73,415,210,205
050,33,007,"New Hampshire","Coos County",3,74,447,232,215
050,33,007,"New Hampshire","Coos County",3,75,285,151,134
050,33,007,"New Hampshire","Coos County",3,76,274,141,133
050,33,007,"New Hampshire","Coos County",3,77,252,125,127
050,33,007,"New Hampshire","Coos County",3,78,253,125,128
050,33,007,"New Hampshire","Coos County",3,79,242,119,123
050,33,007,"New Hampshire","Coos County",3,80,216,95,121
050,33,007,"New Hampshire","Coos County",3,81,176,81,95
050,33,007,"New Hampshire","Coos County",3,82,184,89,95
050,33,007,"New Hampshire","Coos County",3,83,163,70,93
050,33,007,"New Hampshire","Coos County",3,84,130,57,73
050,33,007,"New Hampshire","Coos County",3,85,919,315,604
050,33,007,"New Hampshire","Coos County",4,0,224,123,101
050,33,007,"New Hampshire","Coos County",4,1,210,110,100
050,33,007,"New Hampshire","Coos County",4,2,278,149,129
050,33,007,"New Hampshire","Coos County",4,3,265,135,130
050,33,007,"New Hampshire","Coos County",4,4,241,129,112
050,33,007,"New Hampshire","Coos County",4,5,247,130,117
050,33,007,"New Hampshire","Coos County",4,6,290,147,143
050,33,007,"New Hampshire","Coos County",4,7,288,145,143
050,33,007,"New Hampshire","Coos County",4,8,292,145,147
050,33,007,"New Hampshire","Coos County",4,9,277,145,132
050,33,007,"New Hampshire","Coos County",4,10,273,143,130
050,33,007,"New Hampshire","Coos County",4,11,279,138,141
050,33,007,"New Hampshire","Coos County",4,12,311,166,145
050,33,007,"New Hampshire","Coos County",4,13,310,164,146
050,33,007,"New Hampshire","Coos County",4,14,346,182,164
050,33,007,"New Hampshire","Coos County",4,15,336,178,158
050,33,007,"New Hampshire","Coos County",4,16,337,173,164
050,33,007,"New Hampshire","Coos County",4,17,325,170,155
050,33,007,"New Hampshire","Coos County",4,18,253,134,119
050,33,007,"New Hampshire","Coos County",4,19,226,113,113
050,33,007,"New Hampshire","Coos County",4,20,264,140,124
050,33,007,"New Hampshire","Coos County",4,21,286,155,131
050,33,007,"New Hampshire","Coos County",4,22,315,176,139
050,33,007,"New Hampshire","Coos County",4,23,326,186,140
050,33,007,"New Hampshire","Coos County",4,24,330,184,146
050,33,007,"New Hampshire","Coos County",4,25,323,181,142
050,33,007,"New Hampshire","Coos County",4,26,314,179,135
050,33,007,"New Hampshire","Coos County",4,27,335,192,143
050,33,007,"New Hampshire","Coos County",4,28,328,194,134
050,33,007,"New Hampshire","Coos County",4,29,364,205,159
050,33,007,"New Hampshire","Coos County",4,30,345,184,161
050,33,007,"New Hampshire","Coos County",4,31,357,194,163
050,33,007,"New Hampshire","Coos County",4,32,335,189,146
050,33,007,"New Hampshire","Coos County",4,33,336,173,163
050,33,007,"New Hampshire","Coos County",4,34,335,187,148
050,33,007,"New Hampshire","Coos County",4,35,323,187,136
050,33,007,"New Hampshire","Coos County",4,36,353,201,152
050,33,007,"New Hampshire","Coos County",4,37,357,184,173
050,33,007,"New Hampshire","Coos County",4,38,333,172,161
050,33,007,"New Hampshire","Coos County",4,39,329,171,158
050,33,007,"New Hampshire","Coos County",4,40,360,211,149
050,33,007,"New Hampshire","Coos County",4,41,353,187,166
050,33,007,"New Hampshire","Coos County",4,42,354,181,173
050,33,007,"New Hampshire","Coos County",4,43,360,180,180
050,33,007,"New Hampshire","Coos County",4,44,347,181,166
050,33,007,"New Hampshire","Coos County",4,45,317,153,164
050,33,007,"New Hampshire","Coos County",4,46,360,188,172
050,33,007,"New Hampshire","Coos County",4,47,368,202,166
050,33,007,"New Hampshire","Coos County",4,48,355,185,170
050,33,007,"New Hampshire","Coos County",4,49,378,195,183
050,33,007,"New Hampshire","Coos County",4,50,419,223,196
050,33,007,"New Hampshire","Coos County",4,51,432,234,198
050,33,007,"New Hampshire","Coos County",4,52,468,254,214
050,33,007,"New Hampshire","Coos County",4,53,463,255,208
050,33,007,"New Hampshire","Coos County",4,54,452,240,212
050,33,007,"New Hampshire","Coos County",4,55,434,230,204
050,33,007,"New Hampshire","Coos County",4,56,485,247,238
050,33,007,"New Hampshire","Coos County",4,57,511,265,246
050,33,007,"New Hampshire","Coos County",4,58,559,269,290
050,33,007,"New Hampshire","Coos County",4,59,549,266,283
050,33,007,"New Hampshire","Coos County",4,60,578,276,302
050,33,007,"New Hampshire","Coos County",4,61,567,294,273
050,33,007,"New Hampshire","Coos County",4,62,546,273,273
050,33,007,"New Hampshire","Coos County",4,63,605,321,284
050,33,007,"New Hampshire","Coos County",4,64,579,305,274
050,33,007,"New Hampshire","Coos County",4,65,570,304,266
050,33,007,"New Hampshire","Coos County",4,66,557,299,258
050,33,007,"New Hampshire","Coos County",4,67,524,281,243
050,33,007,"New Hampshire","Coos County",4,68,540,258,282
050,33,007,"New Hampshire","Coos County",4,69,514,255,259
050,33,007,"New Hampshire","Coos County",4,70,483,229,254
050,33,007,"New Hampshire","Coos County",4,71,470,245,225
050,33,007,"New Hampshire","Coos County",4,72,429,232,197
050,33,007,"New Hampshire","Coos County",4,73,419,220,199
050,33,007,"New Hampshire","Coos County",4,74,389,201,188
050,33,007,"New Hampshire","Coos County",4,75,414,218,196
050,33,007,"New Hampshire","Coos County",4,76,278,144,134
050,33,007,"New Hampshire","Coos County",4,77,251,124,127
050,33,007,"New Hampshire","Coos County",4,78,229,112,117
050,33,007,"New Hampshire","Coos County",4,79,244,119,125
050,33,007,"New Hampshire","Coos County",4,80,228,110,118
050,33,007,"New Hampshire","Coos County",4,81,196,83,113
050,33,007,"New Hampshire","Coos County",4,82,161,71,90
050,33,007,"New Hampshire","Coos County",4,83,160,77,83
050,33,007,"New Hampshire","Coos County",4,84,145,54,91
050,33,007,"New Hampshire","Coos County",4,85,880,321,559
050,33,007,"New Hampshire","Coos County",5,0,221,122,99
050,33,007,"New Hampshire","Coos County",5,1,228,127,101
050,33,007,"New Hampshire","Coos County",5,2,214,113,101
050,33,007,"New Hampshire","Coos County",5,3,287,158,129
050,33,007,"New Hampshire","Coos County",5,4,269,139,130
050,33,007,"New Hampshire","Coos County",5,5,240,127,113
050,33,007,"New Hampshire","Coos County",5,6,260,136,124
050,33,007,"New Hampshire","Coos County",5,7,287,142,145
050,33,007,"New Hampshire","Coos County",5,8,280,145,135
050,33,007,"New Hampshire","Coos County",5,9,289,146,143
050,33,007,"New Hampshire","Coos County",5,10,274,150,124
050,33,007,"New Hampshire","Coos County",5,11,274,147,127
050,33,007,"New Hampshire","Coos County",5,12,291,150,141
050,33,007,"New Hampshire","Coos County",5,13,320,173,147
050,33,007,"New Hampshire","Coos County",5,14,316,167,149
050,33,007,"New Hampshire","Coos County",5,15,342,176,166
050,33,007,"New Hampshire","Coos County",5,16,342,183,159
050,33,007,"New Hampshire","Coos County",5,17,336,174,162
050,33,007,"New Hampshire","Coos County",5,18,259,144,115
050,33,007,"New Hampshire","Coos County",5,19,201,107,94
050,33,007,"New Hampshire","Coos County",5,20,255,132,123
050,33,007,"New Hampshire","Coos County",5,21,274,144,130
050,33,007,"New Hampshire","Coos County",5,22,293,159,134
050,33,007,"New Hampshire","Coos County",5,23,319,178,141
050,33,007,"New Hampshire","Coos County",5,24,335,194,141
050,33,007,"New Hampshire","Coos County",5,25,321,180,141
050,33,007,"New Hampshire","Coos County",5,26,322,182,140
050,33,007,"New Hampshire","Coos County",5,27,319,183,136
050,33,007,"New Hampshire","Coos County",5,28,318,177,141
050,33,007,"New Hampshire","Coos County",5,29,330,200,130
050,33,007,"New Hampshire","Coos County",5,30,354,197,157
050,33,007,"New Hampshire","Coos County",5,31,351,182,169
050,33,007,"New Hampshire","Coos County",5,32,382,215,167
050,33,007,"New Hampshire","Coos County",5,33,326,174,152
050,33,007,"New Hampshire","Coos County",5,34,335,173,162
050,33,007,"New Hampshire","Coos County",5,35,357,201,156
050,33,007,"New Hampshire","Coos County",5,36,345,199,146
050,33,007,"New Hampshire","Coos County",5,37,353,199,154
050,33,007,"New Hampshire","Coos County",5,38,359,186,173
050,33,007,"New Hampshire","Coos County",5,39,328,165,163
050,33,007,"New Hampshire","Coos County",5,40,348,189,159
050,33,007,"New Hampshire","Coos County",5,41,357,208,149
050,33,007,"New Hampshire","Coos County",5,42,353,189,164
050,33,007,"New Hampshire","Coos County",5,43,356,183,173
050,33,007,"New Hampshire","Coos County",5,44,365,186,179
050,33,007,"New Hampshire","Coos County",5,45,343,172,171
050,33,007,"New Hampshire","Coos County",5,46,328,157,171
050,33,007,"New Hampshire","Coos County",5,47,355,191,164
050,33,007,"New Hampshire","Coos County",5,48,366,197,169
050,33,007,"New Hampshire","Coos County",5,49,356,179,177
050,33,007,"New Hampshire","Coos County",5,50,389,200,189
050,33,007,"New Hampshire","Coos County",5,51,409,217,192
050,33,007,"New Hampshire","Coos County",5,52,429,225,204
050,33,007,"New Hampshire","Coos County",5,53,486,268,218
050,33,007,"New Hampshire","Coos County",5,54,449,240,209
050,33,007,"New Hampshire","Coos County",5,55,457,238,219
050,33,007,"New Hampshire","Coos County",5,56,449,237,212
050,33,007,"New Hampshire","Coos County",5,57,465,229,236
050,33,007,"New Hampshire","Coos County",5,58,509,262,247
050,33,007,"New Hampshire","Coos County",5,59,576,279,297
050,33,007,"New Hampshire","Coos County",5,60,569,282,287
050,33,007,"New Hampshire","Coos County",5,61,595,288,307
050,33,007,"New Hampshire","Coos County",5,62,578,301,277
050,33,007,"New Hampshire","Coos County",5,63,555,281,274
050,33,007,"New Hampshire","Coos County",5,64,601,313,288
050,33,007,"New Hampshire","Coos County",5,65,593,318,275
050,33,007,"New Hampshire","Coos County",5,66,564,306,258
050,33,007,"New Hampshire","Coos County",5,67,543,295,248
050,33,007,"New Hampshire","Coos County",5,68,518,276,242
050,33,007,"New Hampshire","Coos County",5,69,531,264,267
050,33,007,"New Hampshire","Coos County",5,70,502,248,254
050,33,007,"New Hampshire","Coos County",5,71,468,223,245
050,33,007,"New Hampshire","Coos County",5,72,455,233,222
050,33,007,"New Hampshire","Coos County",5,73,422,225,197
050,33,007,"New Hampshire","Coos County",5,74,407,215,192
050,33,007,"New Hampshire","Coos County",5,75,361,185,176
050,33,007,"New Hampshire","Coos County",5,76,402,211,191
050,33,007,"New Hampshire","Coos County",5,77,248,125,123
050,33,007,"New Hampshire","Coos County",5,78,233,113,120
050,33,007,"New Hampshire","Coos County",5,79,217,106,111
050,33,007,"New Hampshire","Coos County",5,80,225,109,116
050,33,007,"New Hampshire","Coos County",5,81,203,95,108
050,33,007,"New Hampshire","Coos County",5,82,182,74,108
050,33,007,"New Hampshire","Coos County",5,83,137,56,81
050,33,007,"New Hampshire","Coos County",5,84,144,64,80
050,33,007,"New Hampshire","Coos County",5,85,868,320,548
050,33,009,"New Hampshire","Grafton County",1,0,681,345,336
050,33,009,"New Hampshire","Grafton County",1,1,670,331,339
050,33,009,"New Hampshire","Grafton County",1,2,709,369,340
050,33,009,"New Hampshire","Grafton County",1,3,723,370,353
050,33,009,"New Hampshire","Grafton County",1,4,738,368,370
050,33,009,"New Hampshire","Grafton County",1,5,796,401,395
050,33,009,"New Hampshire","Grafton County",1,6,783,407,376
050,33,009,"New Hampshire","Grafton County",1,7,770,415,355
050,33,009,"New Hampshire","Grafton County",1,8,827,446,381
050,33,009,"New Hampshire","Grafton County",1,9,811,446,365
050,33,009,"New Hampshire","Grafton County",1,10,810,406,404
050,33,009,"New Hampshire","Grafton County",1,11,883,443,440
050,33,009,"New Hampshire","Grafton County",1,12,884,460,424
050,33,009,"New Hampshire","Grafton County",1,13,904,469,435
050,33,009,"New Hampshire","Grafton County",1,14,920,456,464
050,33,009,"New Hampshire","Grafton County",1,15,911,458,453
050,33,009,"New Hampshire","Grafton County",1,16,924,470,454
050,33,009,"New Hampshire","Grafton County",1,17,953,494,459
050,33,009,"New Hampshire","Grafton County",1,18,1679,816,863
050,33,009,"New Hampshire","Grafton County",1,19,2363,1278,1085
050,33,009,"New Hampshire","Grafton County",1,20,2155,1139,1016
050,33,009,"New Hampshire","Grafton County",1,21,1879,987,892
050,33,009,"New Hampshire","Grafton County",1,22,1459,784,675
050,33,009,"New Hampshire","Grafton County",1,23,1029,497,532
050,33,009,"New Hampshire","Grafton County",1,24,991,491,500
050,33,009,"New Hampshire","Grafton County",1,25,1042,524,518
050,33,009,"New Hampshire","Grafton County",1,26,1104,552,552
050,33,009,"New Hampshire","Grafton County",1,27,1099,558,541
050,33,009,"New Hampshire","Grafton County",1,28,1132,581,551
050,33,009,"New Hampshire","Grafton County",1,29,1151,584,567
050,33,009,"New Hampshire","Grafton County",1,30,1175,600,575
050,33,009,"New Hampshire","Grafton County",1,31,1168,601,567
050,33,009,"New Hampshire","Grafton County",1,32,1083,524,559
050,33,009,"New Hampshire","Grafton County",1,33,1119,563,556
050,33,009,"New Hampshire","Grafton County",1,34,1078,571,507
050,33,009,"New Hampshire","Grafton County",1,35,1028,531,497
050,33,009,"New Hampshire","Grafton County",1,36,982,510,472
050,33,009,"New Hampshire","Grafton County",1,37,1055,534,521
050,33,009,"New Hampshire","Grafton County",1,38,987,498,489
050,33,009,"New Hampshire","Grafton County",1,39,959,467,492
050,33,009,"New Hampshire","Grafton County",1,40,998,489,509
050,33,009,"New Hampshire","Grafton County",1,41,906,449,457
050,33,009,"New Hampshire","Grafton County",1,42,899,467,432
050,33,009,"New Hampshire","Grafton County",1,43,872,437,435
050,33,009,"New Hampshire","Grafton County",1,44,901,443,458
050,33,009,"New Hampshire","Grafton County",1,45,913,438,475
050,33,009,"New Hampshire","Grafton County",1,46,905,423,482
050,33,009,"New Hampshire","Grafton County",1,47,930,433,497
050,33,009,"New Hampshire","Grafton County",1,48,1038,507,531
050,33,009,"New Hampshire","Grafton County",1,49,1110,548,562
050,33,009,"New Hampshire","Grafton County",1,50,1086,522,564
050,33,009,"New Hampshire","Grafton County",1,51,1078,504,574
050,33,009,"New Hampshire","Grafton County",1,52,1099,522,577
050,33,009,"New Hampshire","Grafton County",1,53,1153,555,598
050,33,009,"New Hampshire","Grafton County",1,54,1153,583,570
050,33,009,"New Hampshire","Grafton County",1,55,1277,626,651
050,33,009,"New Hampshire","Grafton County",1,56,1318,641,677
050,33,009,"New Hampshire","Grafton County",1,57,1375,677,698
050,33,009,"New Hampshire","Grafton County",1,58,1410,685,725
050,33,009,"New Hampshire","Grafton County",1,59,1409,698,711
050,33,009,"New Hampshire","Grafton County",1,60,1475,708,767
050,33,009,"New Hampshire","Grafton County",1,61,1486,711,775
050,33,009,"New Hampshire","Grafton County",1,62,1451,712,739
050,33,009,"New Hampshire","Grafton County",1,63,1474,727,747
050,33,009,"New Hampshire","Grafton County",1,64,1458,706,752
050,33,009,"New Hampshire","Grafton County",1,65,1417,716,701
050,33,009,"New Hampshire","Grafton County",1,66,1363,684,679
050,33,009,"New Hampshire","Grafton County",1,67,1344,666,678
050,33,009,"New Hampshire","Grafton County",1,68,1241,635,606
050,33,009,"New Hampshire","Grafton County",1,69,1117,561,556
050,33,009,"New Hampshire","Grafton County",1,70,1093,532,561
050,33,009,"New Hampshire","Grafton County",1,71,1121,538,583
050,33,009,"New Hampshire","Grafton County",1,72,1106,553,553
050,33,009,"New Hampshire","Grafton County",1,73,1102,548,554
050,33,009,"New Hampshire","Grafton County",1,74,776,367,409
050,33,009,"New Hampshire","Grafton County",1,75,783,371,412
050,33,009,"New Hampshire","Grafton County",1,76,755,372,383
050,33,009,"New Hampshire","Grafton County",1,77,736,360,376
050,33,009,"New Hampshire","Grafton County",1,78,605,292,313
050,33,009,"New Hampshire","Grafton County",1,79,580,276,304
050,33,009,"New Hampshire","Grafton County",1,80,542,259,283
050,33,009,"New Hampshire","Grafton County",1,81,491,235,256
050,33,009,"New Hampshire","Grafton County",1,82,399,187,212
050,33,009,"New Hampshire","Grafton County",1,83,354,160,194
050,33,009,"New Hampshire","Grafton County",1,84,343,151,192
050,33,009,"New Hampshire","Grafton County",1,85,2266,853,1413
050,33,009,"New Hampshire","Grafton County",2,0,680,346,334
050,33,009,"New Hampshire","Grafton County",2,1,667,331,336
050,33,009,"New Hampshire","Grafton County",2,2,700,361,339
050,33,009,"New Hampshire","Grafton County",2,3,714,367,347
050,33,009,"New Hampshire","Grafton County",2,4,736,368,368
050,33,009,"New Hampshire","Grafton County",2,5,784,393,391
050,33,009,"New Hampshire","Grafton County",2,6,781,405,376
050,33,009,"New Hampshire","Grafton County",2,7,775,414,361
050,33,009,"New Hampshire","Grafton County",2,8,806,435,371
050,33,009,"New Hampshire","Grafton County",2,9,819,448,371
050,33,009,"New Hampshire","Grafton County",2,10,813,416,397
050,33,009,"New Hampshire","Grafton County",2,11,862,434,428
050,33,009,"New Hampshire","Grafton County",2,12,885,456,429
050,33,009,"New Hampshire","Grafton County",2,13,904,467,437
050,33,009,"New Hampshire","Grafton County",2,14,918,461,457
050,33,009,"New Hampshire","Grafton County",2,15,914,458,456
050,33,009,"New Hampshire","Grafton County",2,16,922,469,453
050,33,009,"New Hampshire","Grafton County",2,17,945,490,455
050,33,009,"New Hampshire","Grafton County",2,18,1667,804,863
050,33,009,"New Hampshire","Grafton County",2,19,2359,1270,1089
050,33,009,"New Hampshire","Grafton County",2,20,2157,1137,1020
050,33,009,"New Hampshire","Grafton County",2,21,1877,986,891
050,33,009,"New Hampshire","Grafton County",2,22,1454,783,671
050,33,009,"New Hampshire","Grafton County",2,23,1026,501,525
050,33,009,"New Hampshire","Grafton County",2,24,990,486,504
050,33,009,"New Hampshire","Grafton County",2,25,1043,526,517
050,33,009,"New Hampshire","Grafton County",2,26,1100,549,551
050,33,009,"New Hampshire","Grafton County",2,27,1106,563,543
050,33,009,"New Hampshire","Grafton County",2,28,1128,578,550
050,33,009,"New Hampshire","Grafton County",2,29,1151,583,568
050,33,009,"New Hampshire","Grafton County",2,30,1184,605,579
050,33,009,"New Hampshire","Grafton County",2,31,1152,591,561
050,33,009,"New Hampshire","Grafton County",2,32,1100,540,560
050,33,009,"New Hampshire","Grafton County",2,33,1106,553,553
050,33,009,"New Hampshire","Grafton County",2,34,1082,566,516
050,33,009,"New Hampshire","Grafton County",2,35,1044,543,501
050,33,009,"New Hampshire","Grafton County",2,36,996,518,478
050,33,009,"New Hampshire","Grafton County",2,37,1034,525,509
050,33,009,"New Hampshire","Grafton County",2,38,1009,508,501
050,33,009,"New Hampshire","Grafton County",2,39,962,472,490
050,33,009,"New Hampshire","Grafton County",2,40,998,490,508
050,33,009,"New Hampshire","Grafton County",2,41,919,452,467
050,33,009,"New Hampshire","Grafton County",2,42,890,457,433
050,33,009,"New Hampshire","Grafton County",2,43,881,446,435
050,33,009,"New Hampshire","Grafton County",2,44,880,435,445
050,33,009,"New Hampshire","Grafton County",2,45,912,437,475
050,33,009,"New Hampshire","Grafton County",2,46,904,423,481
050,33,009,"New Hampshire","Grafton County",2,47,919,429,490
050,33,009,"New Hampshire","Grafton County",2,48,1009,488,521
050,33,009,"New Hampshire","Grafton County",2,49,1098,541,557
050,33,009,"New Hampshire","Grafton County",2,50,1098,528,570
050,33,009,"New Hampshire","Grafton County",2,51,1082,509,573
050,33,009,"New Hampshire","Grafton County",2,52,1093,513,580
050,33,009,"New Hampshire","Grafton County",2,53,1145,550,595
050,33,009,"New Hampshire","Grafton County",2,54,1163,583,580
050,33,009,"New Hampshire","Grafton County",2,55,1251,615,636
050,33,009,"New Hampshire","Grafton County",2,56,1316,643,673
050,33,009,"New Hampshire","Grafton County",2,57,1373,673,700
050,33,009,"New Hampshire","Grafton County",2,58,1405,684,721
050,33,009,"New Hampshire","Grafton County",2,59,1426,704,722
050,33,009,"New Hampshire","Grafton County",2,60,1460,705,755
050,33,009,"New Hampshire","Grafton County",2,61,1477,708,769
050,33,009,"New Hampshire","Grafton County",2,62,1469,717,752
050,33,009,"New Hampshire","Grafton County",2,63,1487,732,755
050,33,009,"New Hampshire","Grafton County",2,64,1459,715,744
050,33,009,"New Hampshire","Grafton County",2,65,1418,706,712
050,33,009,"New Hampshire","Grafton County",2,66,1385,697,688
050,33,009,"New Hampshire","Grafton County",2,67,1348,667,681
050,33,009,"New Hampshire","Grafton County",2,68,1253,637,616
050,33,009,"New Hampshire","Grafton County",2,69,1148,577,571
050,33,009,"New Hampshire","Grafton County",2,70,1091,536,555
050,33,009,"New Hampshire","Grafton County",2,71,1116,538,578
050,33,009,"New Hampshire","Grafton County",2,72,1090,539,551
050,33,009,"New Hampshire","Grafton County",2,73,1160,576,584
050,33,009,"New Hampshire","Grafton County",2,74,798,382,416
050,33,009,"New Hampshire","Grafton County",2,75,782,369,413
050,33,009,"New Hampshire","Grafton County",2,76,748,362,386
050,33,009,"New Hampshire","Grafton County",2,77,748,368,380
050,33,009,"New Hampshire","Grafton County",2,78,621,301,320
050,33,009,"New Hampshire","Grafton County",2,79,581,277,304
050,33,009,"New Hampshire","Grafton County",2,80,546,262,284
050,33,009,"New Hampshire","Grafton County",2,81,505,241,264
050,33,009,"New Hampshire","Grafton County",2,82,417,194,223
050,33,009,"New Hampshire","Grafton County",2,83,356,161,195
050,33,009,"New Hampshire","Grafton County",2,84,343,153,190
050,33,009,"New Hampshire","Grafton County",2,85,2278,853,1425
050,33,009,"New Hampshire","Grafton County",3,0,673,334,339
050,33,009,"New Hampshire","Grafton County",3,1,678,329,349
050,33,009,"New Hampshire","Grafton County",3,2,704,366,338
050,33,009,"New Hampshire","Grafton County",3,3,680,346,334
050,33,009,"New Hampshire","Grafton County",3,4,739,386,353
050,33,009,"New Hampshire","Grafton County",3,5,765,380,385
050,33,009,"New Hampshire","Grafton County",3,6,795,405,390
050,33,009,"New Hampshire","Grafton County",3,7,816,428,388
050,33,009,"New Hampshire","Grafton County",3,8,789,427,362
050,33,009,"New Hampshire","Grafton County",3,9,831,427,404
050,33,009,"New Hampshire","Grafton County",3,10,809,431,378
050,33,009,"New Hampshire","Grafton County",3,11,831,422,409
050,33,009,"New Hampshire","Grafton County",3,12,882,443,439
050,33,009,"New Hampshire","Grafton County",3,13,903,469,434
050,33,009,"New Hampshire","Grafton County",3,14,916,477,439
050,33,009,"New Hampshire","Grafton County",3,15,921,480,441
050,33,009,"New Hampshire","Grafton County",3,16,933,462,471
050,33,009,"New Hampshire","Grafton County",3,17,943,482,461
050,33,009,"New Hampshire","Grafton County",3,18,1401,689,712
050,33,009,"New Hampshire","Grafton County",3,19,1832,977,855
050,33,009,"New Hampshire","Grafton County",3,20,1661,877,784
050,33,009,"New Hampshire","Grafton County",3,21,1474,774,700
050,33,009,"New Hampshire","Grafton County",3,22,1261,678,583
050,33,009,"New Hampshire","Grafton County",3,23,975,491,484
050,33,009,"New Hampshire","Grafton County",3,24,1010,489,521
050,33,009,"New Hampshire","Grafton County",3,25,1011,493,518
050,33,009,"New Hampshire","Grafton County",3,26,1093,537,556
050,33,009,"New Hampshire","Grafton County",3,27,1150,575,575
050,33,009,"New Hampshire","Grafton County",3,28,1155,590,565
050,33,009,"New Hampshire","Grafton County",3,29,1124,566,558
050,33,009,"New Hampshire","Grafton County",3,30,1191,621,570
050,33,009,"New Hampshire","Grafton County",3,31,1138,579,559
050,33,009,"New Hampshire","Grafton County",3,32,1155,586,569
050,33,009,"New Hampshire","Grafton County",3,33,1123,567,556
050,33,009,"New Hampshire","Grafton County",3,34,1134,571,563
050,33,009,"New Hampshire","Grafton County",3,35,1116,572,544
050,33,009,"New Hampshire","Grafton County",3,36,1079,579,500
050,33,009,"New Hampshire","Grafton County",3,37,1023,531,492
050,33,009,"New Hampshire","Grafton County",3,38,1081,549,532
050,33,009,"New Hampshire","Grafton County",3,39,1014,509,505
050,33,009,"New Hampshire","Grafton County",3,40,1006,498,508
050,33,009,"New Hampshire","Grafton County",3,41,982,478,504
050,33,009,"New Hampshire","Grafton County",3,42,944,473,471
050,33,009,"New Hampshire","Grafton County",3,43,907,469,438
050,33,009,"New Hampshire","Grafton County",3,44,893,436,457
050,33,009,"New Hampshire","Grafton County",3,45,895,436,459
050,33,009,"New Hampshire","Grafton County",3,46,952,452,500
050,33,009,"New Hampshire","Grafton County",3,47,924,439,485
050,33,009,"New Hampshire","Grafton County",3,48,950,451,499
050,33,009,"New Hampshire","Grafton County",3,49,1014,495,519
050,33,009,"New Hampshire","Grafton County",3,50,1091,531,560
050,33,009,"New Hampshire","Grafton County",3,51,1107,541,566
050,33,009,"New Hampshire","Grafton County",3,52,1093,506,587
050,33,009,"New Hampshire","Grafton County",3,53,1111,537,574
050,33,009,"New Hampshire","Grafton County",3,54,1165,559,606
050,33,009,"New Hampshire","Grafton County",3,55,1167,582,585
050,33,009,"New Hampshire","Grafton County",3,56,1260,622,638
050,33,009,"New Hampshire","Grafton County",3,57,1357,660,697
050,33,009,"New Hampshire","Grafton County",3,58,1385,685,700
050,33,009,"New Hampshire","Grafton County",3,59,1431,715,716
050,33,009,"New Hampshire","Grafton County",3,60,1460,706,754
050,33,009,"New Hampshire","Grafton County",3,61,1472,724,748
050,33,009,"New Hampshire","Grafton County",3,62,1501,711,790
050,33,009,"New Hampshire","Grafton County",3,63,1503,733,770
050,33,009,"New Hampshire","Grafton County",3,64,1519,750,769
050,33,009,"New Hampshire","Grafton County",3,65,1489,746,743
050,33,009,"New Hampshire","Grafton County",3,66,1427,704,723
050,33,009,"New Hampshire","Grafton County",3,67,1398,695,703
050,33,009,"New Hampshire","Grafton County",3,68,1357,673,684
050,33,009,"New Hampshire","Grafton County",3,69,1231,612,619
050,33,009,"New Hampshire","Grafton County",3,70,1128,563,565
050,33,009,"New Hampshire","Grafton County",3,71,1096,545,551
050,33,009,"New Hampshire","Grafton County",3,72,1118,536,582
050,33,009,"New Hampshire","Grafton County",3,73,1060,516,544
050,33,009,"New Hampshire","Grafton County",3,74,1132,553,579
050,33,009,"New Hampshire","Grafton County",3,75,778,366,412
050,33,009,"New Hampshire","Grafton County",3,76,763,360,403
050,33,009,"New Hampshire","Grafton County",3,77,731,349,382
050,33,009,"New Hampshire","Grafton County",3,78,729,354,375
050,33,009,"New Hampshire","Grafton County",3,79,611,295,316
050,33,009,"New Hampshire","Grafton County",3,80,543,256,287
050,33,009,"New Hampshire","Grafton County",3,81,551,263,288
050,33,009,"New Hampshire","Grafton County",3,82,466,223,243
050,33,009,"New Hampshire","Grafton County",3,83,390,182,208
050,33,009,"New Hampshire","Grafton County",3,84,340,152,188
050,33,009,"New Hampshire","Grafton County",3,85,2259,855,1404
050,33,009,"New Hampshire","Grafton County",4,0,701,347,354
050,33,009,"New Hampshire","Grafton County",4,1,709,345,364
050,33,009,"New Hampshire","Grafton County",4,2,671,341,330
050,33,009,"New Hampshire","Grafton County",4,3,720,359,361
050,33,009,"New Hampshire","Grafton County",4,4,668,341,327
050,33,009,"New Hampshire","Grafton County",4,5,749,393,356
050,33,009,"New Hampshire","Grafton County",4,6,761,386,375
050,33,009,"New Hampshire","Grafton County",4,7,819,425,394
050,33,009,"New Hampshire","Grafton County",4,8,812,435,377
050,33,009,"New Hampshire","Grafton County",4,9,799,420,379
050,33,009,"New Hampshire","Grafton County",4,10,839,435,404
050,33,009,"New Hampshire","Grafton County",4,11,840,449,391
050,33,009,"New Hampshire","Grafton County",4,12,820,411,409
050,33,009,"New Hampshire","Grafton County",4,13,890,447,443
050,33,009,"New Hampshire","Grafton County",4,14,911,481,430
050,33,009,"New Hampshire","Grafton County",4,15,929,489,440
050,33,009,"New Hampshire","Grafton County",4,16,931,485,446
050,33,009,"New Hampshire","Grafton County",4,17,978,497,481
050,33,009,"New Hampshire","Grafton County",4,18,1740,831,909
050,33,009,"New Hampshire","Grafton County",4,19,2407,1279,1128
050,33,009,"New Hampshire","Grafton County",4,20,2192,1145,1047
050,33,009,"New Hampshire","Grafton County",4,21,1873,980,893
050,33,009,"New Hampshire","Grafton County",4,22,1445,784,661
050,33,009,"New Hampshire","Grafton County",4,23,1021,545,476
050,33,009,"New Hampshire","Grafton County",4,24,916,445,471
050,33,009,"New Hampshire","Grafton County",4,25,1001,499,502
050,33,009,"New Hampshire","Grafton County",4,26,1066,522,544
050,33,009,"New Hampshire","Grafton County",4,27,1116,572,544
050,33,009,"New Hampshire","Grafton County",4,28,1232,632,600
050,33,009,"New Hampshire","Grafton County",4,29,1159,592,567
050,33,009,"New Hampshire","Grafton County",4,30,1142,571,571
050,33,009,"New Hampshire","Grafton County",4,31,1200,619,581
050,33,009,"New Hampshire","Grafton County",4,32,1174,611,563
050,33,009,"New Hampshire","Grafton County",4,33,1144,569,575
050,33,009,"New Hampshire","Grafton County",4,34,1138,575,563
050,33,009,"New Hampshire","Grafton County",4,35,1128,554,574
050,33,009,"New Hampshire","Grafton County",4,36,1130,593,537
050,33,009,"New Hampshire","Grafton County",4,37,1059,561,498
050,33,009,"New Hampshire","Grafton County",4,38,1045,535,510
050,33,009,"New Hampshire","Grafton County",4,39,1045,540,505
050,33,009,"New Hampshire","Grafton County",4,40,1040,539,501
050,33,009,"New Hampshire","Grafton County",4,41,983,485,498
050,33,009,"New Hampshire","Grafton County",4,42,1014,498,516
050,33,009,"New Hampshire","Grafton County",4,43,961,486,475
050,33,009,"New Hampshire","Grafton County",4,44,899,463,436
050,33,009,"New Hampshire","Grafton County",4,45,900,445,455
050,33,009,"New Hampshire","Grafton County",4,46,923,445,478
050,33,009,"New Hampshire","Grafton County",4,47,959,468,491
050,33,009,"New Hampshire","Grafton County",4,48,952,462,490
050,33,009,"New Hampshire","Grafton County",4,49,968,465,503
050,33,009,"New Hampshire","Grafton County",4,50,1006,491,515
050,33,009,"New Hampshire","Grafton County",4,51,1085,533,552
050,33,009,"New Hampshire","Grafton County",4,52,1104,535,569
050,33,009,"New Hampshire","Grafton County",4,53,1090,507,583
050,33,009,"New Hampshire","Grafton County",4,54,1139,550,589
050,33,009,"New Hampshire","Grafton County",4,55,1155,547,608
050,33,009,"New Hampshire","Grafton County",4,56,1162,572,590
050,33,009,"New Hampshire","Grafton County",4,57,1263,631,632
050,33,009,"New Hampshire","Grafton County",4,58,1369,643,726
050,33,009,"New Hampshire","Grafton County",4,59,1406,696,710
050,33,009,"New Hampshire","Grafton County",4,60,1446,729,717
050,33,009,"New Hampshire","Grafton County",4,61,1473,711,762
050,33,009,"New Hampshire","Grafton County",4,62,1498,741,757
050,33,009,"New Hampshire","Grafton County",4,63,1504,719,785
050,33,009,"New Hampshire","Grafton County",4,64,1533,748,785
050,33,009,"New Hampshire","Grafton County",4,65,1518,749,769
050,33,009,"New Hampshire","Grafton County",4,66,1492,738,754
050,33,009,"New Hampshire","Grafton County",4,67,1423,695,728
050,33,009,"New Hampshire","Grafton County",4,68,1367,685,682
050,33,009,"New Hampshire","Grafton County",4,69,1335,659,676
050,33,009,"New Hampshire","Grafton County",4,70,1230,606,624
050,33,009,"New Hampshire","Grafton County",4,71,1126,560,566
050,33,009,"New Hampshire","Grafton County",4,72,1092,549,543
050,33,009,"New Hampshire","Grafton County",4,73,1102,532,570
050,33,009,"New Hampshire","Grafton County",4,74,1027,501,526
050,33,009,"New Hampshire","Grafton County",4,75,1110,536,574
050,33,009,"New Hampshire","Grafton County",4,76,772,365,407
050,33,009,"New Hampshire","Grafton County",4,77,734,348,386
050,33,009,"New Hampshire","Grafton County",4,78,701,333,368
050,33,009,"New Hampshire","Grafton County",4,79,706,343,363
050,33,009,"New Hampshire","Grafton County",4,80,568,273,295
050,33,009,"New Hampshire","Grafton County",4,81,539,246,293
050,33,009,"New Hampshire","Grafton County",4,82,503,241,262
050,33,009,"New Hampshire","Grafton County",4,83,444,213,231
050,33,009,"New Hampshire","Grafton County",4,84,373,169,204
050,33,009,"New Hampshire","Grafton County",4,85,2217,844,1373
050,33,009,"New Hampshire","Grafton County",5,0,664,331,333
050,33,009,"New Hampshire","Grafton County",5,1,685,346,339
050,33,009,"New Hampshire","Grafton County",5,2,687,334,353
050,33,009,"New Hampshire","Grafton County",5,3,657,324,333
050,33,009,"New Hampshire","Grafton County",5,4,715,355,360
050,33,009,"New Hampshire","Grafton County",5,5,680,351,329
050,33,009,"New Hampshire","Grafton County",5,6,721,374,347
050,33,009,"New Hampshire","Grafton County",5,7,748,381,367
050,33,009,"New Hampshire","Grafton County",5,8,810,410,400
050,33,009,"New Hampshire","Grafton County",5,9,817,444,373
050,33,009,"New Hampshire","Grafton County",5,10,787,413,374
050,33,009,"New Hampshire","Grafton County",5,11,842,430,412
050,33,009,"New Hampshire","Grafton County",5,12,838,440,398
050,33,009,"New Hampshire","Grafton County",5,13,822,416,406
050,33,009,"New Hampshire","Grafton County",5,14,895,440,455
050,33,009,"New Hampshire","Grafton County",5,15,930,485,445
050,33,009,"New Hampshire","Grafton County",5,16,924,479,445
050,33,009,"New Hampshire","Grafton County",5,17,957,498,459
050,33,009,"New Hampshire","Grafton County",5,18,1696,805,891
050,33,009,"New Hampshire","Grafton County",5,19,2443,1307,1136
050,33,009,"New Hampshire","Grafton County",5,20,2152,1116,1036
050,33,009,"New Hampshire","Grafton County",5,21,1881,963,918
050,33,009,"New Hampshire","Grafton County",5,22,1464,815,649
050,33,009,"New Hampshire","Grafton County",5,23,970,503,467
050,33,009,"New Hampshire","Grafton County",5,24,927,487,440
050,33,009,"New Hampshire","Grafton County",5,25,903,464,439
050,33,009,"New Hampshire","Grafton County",5,26,1064,501,563
050,33,009,"New Hampshire","Grafton County",5,27,1095,550,545
050,33,009,"New Hampshire","Grafton County",5,28,1157,591,566
050,33,009,"New Hampshire","Grafton County",5,29,1249,646,603
050,33,009,"New Hampshire","Grafton County",5,30,1132,576,556
050,33,009,"New Hampshire","Grafton County",5,31,1098,547,551
050,33,009,"New Hampshire","Grafton County",5,32,1178,595,583
050,33,009,"New Hampshire","Grafton County",5,33,1148,612,536
050,33,009,"New Hampshire","Grafton County",5,34,1127,551,576
050,33,009,"New Hampshire","Grafton County",5,35,1151,564,587
050,33,009,"New Hampshire","Grafton County",5,36,1140,561,579
050,33,009,"New Hampshire","Grafton County",5,37,1128,582,546
050,33,009,"New Hampshire","Grafton County",5,38,1047,551,496
050,33,009,"New Hampshire","Grafton County",5,39,1041,543,498
050,33,009,"New Hampshire","Grafton County",5,40,1074,559,515
050,33,009,"New Hampshire","Grafton County",5,41,1018,516,502
050,33,009,"New Hampshire","Grafton County",5,42,998,492,506
050,33,009,"New Hampshire","Grafton County",5,43,1037,517,520
050,33,009,"New Hampshire","Grafton County",5,44,954,478,476
050,33,009,"New Hampshire","Grafton County",5,45,892,460,432
050,33,009,"New Hampshire","Grafton County",5,46,925,452,473
050,33,009,"New Hampshire","Grafton County",5,47,924,451,473
050,33,009,"New Hampshire","Grafton County",5,48,983,480,503
050,33,009,"New Hampshire","Grafton County",5,49,941,462,479
050,33,009,"New Hampshire","Grafton County",5,50,953,457,496
050,33,009,"New Hampshire","Grafton County",5,51,1002,483,519
050,33,009,"New Hampshire","Grafton County",5,52,1128,548,580
050,33,009,"New Hampshire","Grafton County",5,53,1100,528,572
050,33,009,"New Hampshire","Grafton County",5,54,1086,507,579
050,33,009,"New Hampshire","Grafton County",5,55,1114,526,588
050,33,009,"New Hampshire","Grafton County",5,56,1147,553,594
050,33,009,"New Hampshire","Grafton County",5,57,1200,584,616
050,33,009,"New Hampshire","Grafton County",5,58,1282,640,642
050,33,009,"New Hampshire","Grafton County",5,59,1395,667,728
050,33,009,"New Hampshire","Grafton County",5,60,1422,695,727
050,33,009,"New Hampshire","Grafton County",5,61,1466,742,724
050,33,009,"New Hampshire","Grafton County",5,62,1511,716,795
050,33,009,"New Hampshire","Grafton County",5,63,1494,736,758
050,33,009,"New Hampshire","Grafton County",5,64,1495,721,774
050,33,009,"New Hampshire","Grafton County",5,65,1528,754,774
050,33,009,"New Hampshire","Grafton County",5,66,1546,776,770
050,33,009,"New Hampshire","Grafton County",5,67,1490,735,755
050,33,009,"New Hampshire","Grafton County",5,68,1406,699,707
050,33,009,"New Hampshire","Grafton County",5,69,1329,656,673
050,33,009,"New Hampshire","Grafton County",5,70,1329,651,678
050,33,009,"New Hampshire","Grafton County",5,71,1236,603,633
050,33,009,"New Hampshire","Grafton County",5,72,1123,557,566
050,33,009,"New Hampshire","Grafton County",5,73,1075,541,534
050,33,009,"New Hampshire","Grafton County",5,74,1059,509,550
050,33,009,"New Hampshire","Grafton County",5,75,1025,498,527
050,33,009,"New Hampshire","Grafton County",5,76,1073,525,548
050,33,009,"New Hampshire","Grafton County",5,77,750,355,395
050,33,009,"New Hampshire","Grafton County",5,78,719,344,375
050,33,009,"New Hampshire","Grafton County",5,79,692,325,367
050,33,009,"New Hampshire","Grafton County",5,80,668,319,349
050,33,009,"New Hampshire","Grafton County",5,81,550,249,301
050,33,009,"New Hampshire","Grafton County",5,82,496,225,271
050,33,009,"New Hampshire","Grafton County",5,83,478,231,247
050,33,009,"New Hampshire","Grafton County",5,84,415,195,220
050,33,009,"New Hampshire","Grafton County",5,85,2248,876,1372
050,33,011,"New Hampshire","Hillsborough County",1,0,4225,2161,2064
050,33,011,"New Hampshire","Hillsborough County",1,1,4299,2197,2102
050,33,011,"New Hampshire","Hillsborough County",1,2,4332,2195,2137
050,33,011,"New Hampshire","Hillsborough County",1,3,4464,2274,2190
050,33,011,"New Hampshire","Hillsborough County",1,4,4475,2279,2196
050,33,011,"New Hampshire","Hillsborough County",1,5,4481,2312,2169
050,33,011,"New Hampshire","Hillsborough County",1,6,4375,2255,2120
050,33,011,"New Hampshire","Hillsborough County",1,7,4570,2352,2218
050,33,011,"New Hampshire","Hillsborough County",1,8,4549,2369,2180
050,33,011,"New Hampshire","Hillsborough County",1,9,4733,2468,2265
050,33,011,"New Hampshire","Hillsborough County",1,10,4811,2467,2344
050,33,011,"New Hampshire","Hillsborough County",1,11,4982,2542,2440
050,33,011,"New Hampshire","Hillsborough County",1,12,5115,2641,2474
050,33,011,"New Hampshire","Hillsborough County",1,13,5237,2693,2544
050,33,011,"New Hampshire","Hillsborough County",1,14,5194,2661,2533
050,33,011,"New Hampshire","Hillsborough County",1,15,5230,2664,2566
050,33,011,"New Hampshire","Hillsborough County",1,16,5318,2689,2629
050,33,011,"New Hampshire","Hillsborough County",1,17,5368,2743,2625
050,33,011,"New Hampshire","Hillsborough County",1,18,5004,2645,2359
050,33,011,"New Hampshire","Hillsborough County",1,19,4644,2379,2265
050,33,011,"New Hampshire","Hillsborough County",1,20,4878,2498,2380
050,33,011,"New Hampshire","Hillsborough County",1,21,5164,2633,2531
050,33,011,"New Hampshire","Hillsborough County",1,22,5082,2612,2470
050,33,011,"New Hampshire","Hillsborough County",1,23,5231,2745,2486
050,33,011,"New Hampshire","Hillsborough County",1,24,5564,2891,2673
050,33,011,"New Hampshire","Hillsborough County",1,25,5725,2978,2747
050,33,011,"New Hampshire","Hillsborough County",1,26,5895,3086,2809
050,33,011,"New Hampshire","Hillsborough County",1,27,5984,3101,2883
050,33,011,"New Hampshire","Hillsborough County",1,28,6040,3085,2955
050,33,011,"New Hampshire","Hillsborough County",1,29,5955,3107,2848
050,33,011,"New Hampshire","Hillsborough County",1,30,5923,3070,2853
050,33,011,"New Hampshire","Hillsborough County",1,31,6000,3081,2919
050,33,011,"New Hampshire","Hillsborough County",1,32,6039,3117,2922
050,33,011,"New Hampshire","Hillsborough County",1,33,5937,3029,2908
050,33,011,"New Hampshire","Hillsborough County",1,34,5803,2979,2824
050,33,011,"New Hampshire","Hillsborough County",1,35,5579,2851,2728
050,33,011,"New Hampshire","Hillsborough County",1,36,5462,2835,2627
050,33,011,"New Hampshire","Hillsborough County",1,37,5589,2833,2756
050,33,011,"New Hampshire","Hillsborough County",1,38,5503,2844,2659
050,33,011,"New Hampshire","Hillsborough County",1,39,5463,2808,2655
050,33,011,"New Hampshire","Hillsborough County",1,40,5262,2635,2627
050,33,011,"New Hampshire","Hillsborough County",1,41,5113,2570,2543
050,33,011,"New Hampshire","Hillsborough County",1,42,5048,2537,2511
050,33,011,"New Hampshire","Hillsborough County",1,43,4938,2494,2444
050,33,011,"New Hampshire","Hillsborough County",1,44,4915,2474,2441
050,33,011,"New Hampshire","Hillsborough County",1,45,4980,2471,2509
050,33,011,"New Hampshire","Hillsborough County",1,46,5039,2559,2480
050,33,011,"New Hampshire","Hillsborough County",1,47,5219,2646,2573
050,33,011,"New Hampshire","Hillsborough County",1,48,5771,2852,2919
050,33,011,"New Hampshire","Hillsborough County",1,49,6224,3146,3078
050,33,011,"New Hampshire","Hillsborough County",1,50,6098,3096,3002
050,33,011,"New Hampshire","Hillsborough County",1,51,6041,3053,2988
050,33,011,"New Hampshire","Hillsborough County",1,52,5935,3003,2932
050,33,011,"New Hampshire","Hillsborough County",1,53,6183,3134,3049
050,33,011,"New Hampshire","Hillsborough County",1,54,6322,3171,3151
050,33,011,"New Hampshire","Hillsborough County",1,55,6673,3370,3303
050,33,011,"New Hampshire","Hillsborough County",1,56,6755,3401,3354
050,33,011,"New Hampshire","Hillsborough County",1,57,6757,3412,3345
050,33,011,"New Hampshire","Hillsborough County",1,58,6837,3439,3398
050,33,011,"New Hampshire","Hillsborough County",1,59,6727,3394,3333
050,33,011,"New Hampshire","Hillsborough County",1,60,6497,3264,3233
050,33,011,"New Hampshire","Hillsborough County",1,61,6359,3220,3139
050,33,011,"New Hampshire","Hillsborough County",1,62,6093,3069,3024
050,33,011,"New Hampshire","Hillsborough County",1,63,5736,2823,2913
050,33,011,"New Hampshire","Hillsborough County",1,64,5351,2661,2690
050,33,011,"New Hampshire","Hillsborough County",1,65,5247,2609,2638
050,33,011,"New Hampshire","Hillsborough County",1,66,4933,2453,2480
050,33,011,"New Hampshire","Hillsborough County",1,67,4592,2268,2324
050,33,011,"New Hampshire","Hillsborough County",1,68,4444,2171,2273
050,33,011,"New Hampshire","Hillsborough County",1,69,3994,1887,2107
050,33,011,"New Hampshire","Hillsborough County",1,70,3840,1822,2018
050,33,011,"New Hampshire","Hillsborough County",1,71,3798,1821,1977
050,33,011,"New Hampshire","Hillsborough County",1,72,3902,1907,1995
050,33,011,"New Hampshire","Hillsborough County",1,73,3885,1859,2026
050,33,011,"New Hampshire","Hillsborough County",1,74,2682,1231,1451
050,33,011,"New Hampshire","Hillsborough County",1,75,2662,1222,1440
050,33,011,"New Hampshire","Hillsborough County",1,76,2542,1176,1366
050,33,011,"New Hampshire","Hillsborough County",1,77,2492,1109,1383
050,33,011,"New Hampshire","Hillsborough County",1,78,2097,898,1199
050,33,011,"New Hampshire","Hillsborough County",1,79,1811,804,1007
050,33,011,"New Hampshire","Hillsborough County",1,80,1630,711,919
050,33,011,"New Hampshire","Hillsborough County",1,81,1544,656,888
050,33,011,"New Hampshire","Hillsborough County",1,82,1414,588,826
050,33,011,"New Hampshire","Hillsborough County",1,83,1284,550,734
050,33,011,"New Hampshire","Hillsborough County",1,84,1288,566,722
050,33,011,"New Hampshire","Hillsborough County",1,85,7762,2695,5067
050,33,011,"New Hampshire","Hillsborough County",2,0,4207,2129,2078
050,33,011,"New Hampshire","Hillsborough County",2,1,4280,2184,2096
050,33,011,"New Hampshire","Hillsborough County",2,2,4326,2198,2128
050,33,011,"New Hampshire","Hillsborough County",2,3,4414,2251,2163
050,33,011,"New Hampshire","Hillsborough County",2,4,4482,2288,2194
050,33,011,"New Hampshire","Hillsborough County",2,5,4479,2300,2179
050,33,011,"New Hampshire","Hillsborough County",2,6,4407,2273,2134
050,33,011,"New Hampshire","Hillsborough County",2,7,4512,2322,2190
050,33,011,"New Hampshire","Hillsborough County",2,8,4531,2354,2177
050,33,011,"New Hampshire","Hillsborough County",2,9,4669,2437,2232
050,33,011,"New Hampshire","Hillsborough County",2,10,4790,2464,2326
050,33,011,"New Hampshire","Hillsborough County",2,11,4913,2512,2401
050,33,011,"New Hampshire","Hillsborough County",2,12,5095,2623,2472
050,33,011,"New Hampshire","Hillsborough County",2,13,5191,2676,2515
050,33,011,"New Hampshire","Hillsborough County",2,14,5204,2668,2536
050,33,011,"New Hampshire","Hillsborough County",2,15,5229,2668,2561
050,33,011,"New Hampshire","Hillsborough County",2,16,5302,2689,2613
050,33,011,"New Hampshire","Hillsborough County",2,17,5344,2725,2619
050,33,011,"New Hampshire","Hillsborough County",2,18,4985,2618,2367
050,33,011,"New Hampshire","Hillsborough County",2,19,4688,2405,2283
050,33,011,"New Hampshire","Hillsborough County",2,20,4911,2508,2403
050,33,011,"New Hampshire","Hillsborough County",2,21,5129,2611,2518
050,33,011,"New Hampshire","Hillsborough County",2,22,5092,2624,2468
050,33,011,"New Hampshire","Hillsborough County",2,23,5213,2722,2491
050,33,011,"New Hampshire","Hillsborough County",2,24,5513,2871,2642
050,33,011,"New Hampshire","Hillsborough County",2,25,5711,2976,2735
050,33,011,"New Hampshire","Hillsborough County",2,26,5895,3084,2811
050,33,011,"New Hampshire","Hillsborough County",2,27,5972,3104,2868
050,33,011,"New Hampshire","Hillsborough County",2,28,6049,3105,2944
050,33,011,"New Hampshire","Hillsborough County",2,29,5983,3108,2875
050,33,011,"New Hampshire","Hillsborough County",2,30,5973,3100,2873
050,33,011,"New Hampshire","Hillsborough County",2,31,5987,3095,2892
050,33,011,"New Hampshire","Hillsborough County",2,32,6035,3109,2926
050,33,011,"New Hampshire","Hillsborough County",2,33,5969,3056,2913
050,33,011,"New Hampshire","Hillsborough County",2,34,5841,2992,2849
050,33,011,"New Hampshire","Hillsborough County",2,35,5673,2908,2765
050,33,011,"New Hampshire","Hillsborough County",2,36,5456,2822,2634
050,33,011,"New Hampshire","Hillsborough County",2,37,5564,2836,2728
050,33,011,"New Hampshire","Hillsborough County",2,38,5549,2852,2697
050,33,011,"New Hampshire","Hillsborough County",2,39,5456,2807,2649
050,33,011,"New Hampshire","Hillsborough County",2,40,5342,2693,2649
050,33,011,"New Hampshire","Hillsborough County",2,41,5147,2581,2566
050,33,011,"New Hampshire","Hillsborough County",2,42,5036,2532,2504
050,33,011,"New Hampshire","Hillsborough County",2,43,4996,2519,2477
050,33,011,"New Hampshire","Hillsborough County",2,44,4883,2460,2423
050,33,011,"New Hampshire","Hillsborough County",2,45,4992,2491,2501
050,33,011,"New Hampshire","Hillsborough County",2,46,5005,2529,2476
050,33,011,"New Hampshire","Hillsborough County",2,47,5164,2620,2544
050,33,011,"New Hampshire","Hillsborough County",2,48,5631,2803,2828
050,33,011,"New Hampshire","Hillsborough County",2,49,6136,3088,3048
050,33,011,"New Hampshire","Hillsborough County",2,50,6134,3110,3024
050,33,011,"New Hampshire","Hillsborough County",2,51,6036,3059,2977
050,33,011,"New Hampshire","Hillsborough County",2,52,5923,2997,2926
050,33,011,"New Hampshire","Hillsborough County",2,53,6112,3098,3014
050,33,011,"New Hampshire","Hillsborough County",2,54,6267,3155,3112
050,33,011,"New Hampshire","Hillsborough County",2,55,6576,3313,3263
050,33,011,"New Hampshire","Hillsborough County",2,56,6740,3398,3342
050,33,011,"New Hampshire","Hillsborough County",2,57,6755,3407,3348
050,33,011,"New Hampshire","Hillsborough County",2,58,6786,3414,3372
050,33,011,"New Hampshire","Hillsborough County",2,59,6773,3414,3359
050,33,011,"New Hampshire","Hillsborough County",2,60,6518,3273,3245
050,33,011,"New Hampshire","Hillsborough County",2,61,6352,3206,3146
050,33,011,"New Hampshire","Hillsborough County",2,62,6129,3083,3046
050,33,011,"New Hampshire","Hillsborough County",2,63,5846,2898,2948
050,33,011,"New Hampshire","Hillsborough County",2,64,5406,2680,2726
050,33,011,"New Hampshire","Hillsborough County",2,65,5237,2597,2640
050,33,011,"New Hampshire","Hillsborough County",2,66,4987,2471,2516
050,33,011,"New Hampshire","Hillsborough County",2,67,4641,2297,2344
050,33,011,"New Hampshire","Hillsborough County",2,68,4423,2161,2262
050,33,011,"New Hampshire","Hillsborough County",2,69,4107,1957,2150
050,33,011,"New Hampshire","Hillsborough County",2,70,3842,1818,2024
050,33,011,"New Hampshire","Hillsborough County",2,71,3788,1806,1982
050,33,011,"New Hampshire","Hillsborough County",2,72,3787,1837,1950
050,33,011,"New Hampshire","Hillsborough County",2,73,4045,1943,2102
050,33,011,"New Hampshire","Hillsborough County",2,74,2778,1293,1485
050,33,011,"New Hampshire","Hillsborough County",2,75,2647,1209,1438
050,33,011,"New Hampshire","Hillsborough County",2,76,2532,1169,1363
050,33,011,"New Hampshire","Hillsborough County",2,77,2539,1137,1402
050,33,011,"New Hampshire","Hillsborough County",2,78,2141,922,1219
050,33,011,"New Hampshire","Hillsborough County",2,79,1847,811,1036
050,33,011,"New Hampshire","Hillsborough County",2,80,1647,714,933
050,33,011,"New Hampshire","Hillsborough County",2,81,1542,661,881
050,33,011,"New Hampshire","Hillsborough County",2,82,1430,594,836
050,33,011,"New Hampshire","Hillsborough County",2,83,1284,537,747
050,33,011,"New Hampshire","Hillsborough County",2,84,1269,550,719
050,33,011,"New Hampshire","Hillsborough County",2,85,7696,2678,5018
050,33,011,"New Hampshire","Hillsborough County",3,0,4102,2069,2033
050,33,011,"New Hampshire","Hillsborough County",3,1,4149,2096,2053
050,33,011,"New Hampshire","Hillsborough County",3,2,4352,2238,2114
050,33,011,"New Hampshire","Hillsborough County",3,3,4363,2195,2168
050,33,011,"New Hampshire","Hillsborough County",3,4,4471,2270,2201
050,33,011,"New Hampshire","Hillsborough County",3,5,4488,2312,2176
050,33,011,"New Hampshire","Hillsborough County",3,6,4531,2348,2183
050,33,011,"New Hampshire","Hillsborough County",3,7,4432,2261,2171
050,33,011,"New Hampshire","Hillsborough County",3,8,4563,2365,2198
050,33,011,"New Hampshire","Hillsborough County",3,9,4566,2353,2213
050,33,011,"New Hampshire","Hillsborough County",3,10,4690,2452,2238
050,33,011,"New Hampshire","Hillsborough County",3,11,4848,2521,2327
050,33,011,"New Hampshire","Hillsborough County",3,12,4867,2498,2369
050,33,011,"New Hampshire","Hillsborough County",3,13,5114,2634,2480
050,33,011,"New Hampshire","Hillsborough County",3,14,5206,2689,2517
050,33,011,"New Hampshire","Hillsborough County",3,15,5221,2673,2548
050,33,011,"New Hampshire","Hillsborough County",3,16,5239,2678,2561
050,33,011,"New Hampshire","Hillsborough County",3,17,5265,2654,2611
050,33,011,"New Hampshire","Hillsborough County",3,18,4876,2544,2332
050,33,011,"New Hampshire","Hillsborough County",3,19,4470,2333,2137
050,33,011,"New Hampshire","Hillsborough County",3,20,4651,2384,2267
050,33,011,"New Hampshire","Hillsborough County",3,21,4874,2489,2385
050,33,011,"New Hampshire","Hillsborough County",3,22,5019,2578,2441
050,33,011,"New Hampshire","Hillsborough County",3,23,5251,2731,2520
050,33,011,"New Hampshire","Hillsborough County",3,24,5446,2841,2605
050,33,011,"New Hampshire","Hillsborough County",3,25,5598,2931,2667
050,33,011,"New Hampshire","Hillsborough County",3,26,5918,3059,2859
050,33,011,"New Hampshire","Hillsborough County",3,27,6126,3242,2884
050,33,011,"New Hampshire","Hillsborough County",3,28,6091,3146,2945
050,33,011,"New Hampshire","Hillsborough County",3,29,6170,3189,2981
050,33,011,"New Hampshire","Hillsborough County",3,30,6223,3263,2960
050,33,011,"New Hampshire","Hillsborough County",3,31,6208,3229,2979
050,33,011,"New Hampshire","Hillsborough County",3,32,6049,3156,2893
050,33,011,"New Hampshire","Hillsborough County",3,33,6162,3172,2990
050,33,011,"New Hampshire","Hillsborough County",3,34,6007,3073,2934
050,33,011,"New Hampshire","Hillsborough County",3,35,5932,3011,2921
050,33,011,"New Hampshire","Hillsborough County",3,36,5769,2951,2818
050,33,011,"New Hampshire","Hillsborough County",3,37,5481,2841,2640
050,33,011,"New Hampshire","Hillsborough County",3,38,5614,2858,2756
050,33,011,"New Hampshire","Hillsborough County",3,39,5553,2868,2685
050,33,011,"New Hampshire","Hillsborough County",3,40,5461,2814,2647
050,33,011,"New Hampshire","Hillsborough County",3,41,5400,2713,2687
050,33,011,"New Hampshire","Hillsborough County",3,42,5155,2596,2559
050,33,011,"New Hampshire","Hillsborough County",3,43,5085,2564,2521
050,33,011,"New Hampshire","Hillsborough County",3,44,5000,2548,2452
050,33,011,"New Hampshire","Hillsborough County",3,45,4869,2464,2405
050,33,011,"New Hampshire","Hillsborough County",3,46,4992,2500,2492
050,33,011,"New Hampshire","Hillsborough County",3,47,5004,2521,2483
050,33,011,"New Hampshire","Hillsborough County",3,48,5160,2622,2538
050,33,011,"New Hampshire","Hillsborough County",3,49,5585,2787,2798
050,33,011,"New Hampshire","Hillsborough County",3,50,6104,3055,3049
050,33,011,"New Hampshire","Hillsborough County",3,51,6064,3078,2986
050,33,011,"New Hampshire","Hillsborough County",3,52,6004,3037,2967
050,33,011,"New Hampshire","Hillsborough County",3,53,5867,2964,2903
050,33,011,"New Hampshire","Hillsborough County",3,54,6083,3082,3001
050,33,011,"New Hampshire","Hillsborough County",3,55,6196,3130,3066
050,33,011,"New Hampshire","Hillsborough County",3,56,6529,3288,3241
050,33,011,"New Hampshire","Hillsborough County",3,57,6610,3338,3272
050,33,011,"New Hampshire","Hillsborough County",3,58,6632,3327,3305
050,33,011,"New Hampshire","Hillsborough County",3,59,6721,3379,3342
050,33,011,"New Hampshire","Hillsborough County",3,60,6686,3330,3356
050,33,011,"New Hampshire","Hillsborough County",3,61,6416,3236,3180
050,33,011,"New Hampshire","Hillsborough County",3,62,6233,3135,3098
050,33,011,"New Hampshire","Hillsborough County",3,63,6083,3056,3027
050,33,011,"New Hampshire","Hillsborough County",3,64,5707,2814,2893
050,33,011,"New Hampshire","Hillsborough County",3,65,5309,2615,2694
050,33,011,"New Hampshire","Hillsborough County",3,66,5175,2555,2620
050,33,011,"New Hampshire","Hillsborough County",3,67,4880,2411,2469
050,33,011,"New Hampshire","Hillsborough County",3,68,4559,2218,2341
050,33,011,"New Hampshire","Hillsborough County",3,69,4335,2131,2204
050,33,011,"New Hampshire","Hillsborough County",3,70,3996,1903,2093
050,33,011,"New Hampshire","Hillsborough County",3,71,3787,1781,2006
050,33,011,"New Hampshire","Hillsborough County",3,72,3704,1763,1941
050,33,011,"New Hampshire","Hillsborough County",3,73,3705,1779,1926
050,33,011,"New Hampshire","Hillsborough County",3,74,3943,1885,2058
050,33,011,"New Hampshire","Hillsborough County",3,75,2713,1251,1462
050,33,011,"New Hampshire","Hillsborough County",3,76,2558,1174,1384
050,33,011,"New Hampshire","Hillsborough County",3,77,2419,1115,1304
050,33,011,"New Hampshire","Hillsborough County",3,78,2461,1077,1384
050,33,011,"New Hampshire","Hillsborough County",3,79,2089,904,1185
050,33,011,"New Hampshire","Hillsborough County",3,80,1756,750,1006
050,33,011,"New Hampshire","Hillsborough County",3,81,1582,677,905
050,33,011,"New Hampshire","Hillsborough County",3,82,1460,622,838
050,33,011,"New Hampshire","Hillsborough County",3,83,1353,547,806
050,33,011,"New Hampshire","Hillsborough County",3,84,1233,508,725
050,33,011,"New Hampshire","Hillsborough County",3,85,7795,2776,5019
050,33,011,"New Hampshire","Hillsborough County",4,0,4256,2176,2080
050,33,011,"New Hampshire","Hillsborough County",4,1,4143,2057,2086
050,33,011,"New Hampshire","Hillsborough County",4,2,4250,2140,2110
050,33,011,"New Hampshire","Hillsborough County",4,3,4438,2242,2196
050,33,011,"New Hampshire","Hillsborough County",4,4,4420,2218,2202
050,33,011,"New Hampshire","Hillsborough County",4,5,4537,2294,2243
050,33,011,"New Hampshire","Hillsborough County",4,6,4493,2338,2155
050,33,011,"New Hampshire","Hillsborough County",4,7,4534,2332,2202
050,33,011,"New Hampshire","Hillsborough County",4,8,4446,2281,2165
050,33,011,"New Hampshire","Hillsborough County",4,9,4533,2349,2184
050,33,011,"New Hampshire","Hillsborough County",4,10,4578,2374,2204
050,33,011,"New Hampshire","Hillsborough County",4,11,4719,2465,2254
050,33,011,"New Hampshire","Hillsborough County",4,12,4851,2517,2334
050,33,011,"New Hampshire","Hillsborough County",4,13,4882,2492,2390
050,33,011,"New Hampshire","Hillsborough County",4,14,5111,2622,2489
050,33,011,"New Hampshire","Hillsborough County",4,15,5234,2705,2529
050,33,011,"New Hampshire","Hillsborough County",4,16,5238,2688,2550
050,33,011,"New Hampshire","Hillsborough County",4,17,5210,2650,2560
050,33,011,"New Hampshire","Hillsborough County",4,18,4882,2518,2364
050,33,011,"New Hampshire","Hillsborough County",4,19,4599,2356,2243
050,33,011,"New Hampshire","Hillsborough County",4,20,4850,2502,2348
050,33,011,"New Hampshire","Hillsborough County",4,21,4972,2509,2463
050,33,011,"New Hampshire","Hillsborough County",4,22,5050,2626,2424
050,33,011,"New Hampshire","Hillsborough County",4,23,5233,2703,2530
050,33,011,"New Hampshire","Hillsborough County",4,24,5347,2810,2537
050,33,011,"New Hampshire","Hillsborough County",4,25,5666,2963,2703
050,33,011,"New Hampshire","Hillsborough County",4,26,5763,3018,2745
050,33,011,"New Hampshire","Hillsborough County",4,27,6073,3115,2958
050,33,011,"New Hampshire","Hillsborough County",4,28,6202,3275,2927
050,33,011,"New Hampshire","Hillsborough County",4,29,6243,3202,3041
050,33,011,"New Hampshire","Hillsborough County",4,30,6251,3202,3049
050,33,011,"New Hampshire","Hillsborough County",4,31,6388,3399,2989
050,33,011,"New Hampshire","Hillsborough County",4,32,6240,3226,3014
050,33,011,"New Hampshire","Hillsborough County",4,33,6071,3150,2921
050,33,011,"New Hampshire","Hillsborough County",4,34,6227,3217,3010
050,33,011,"New Hampshire","Hillsborough County",4,35,6009,3047,2962
050,33,011,"New Hampshire","Hillsborough County",4,36,6049,3112,2937
050,33,011,"New Hampshire","Hillsborough County",4,37,5789,2965,2824
050,33,011,"New Hampshire","Hillsborough County",4,38,5581,2901,2680
050,33,011,"New Hampshire","Hillsborough County",4,39,5643,2892,2751
050,33,011,"New Hampshire","Hillsborough County",4,40,5614,2924,2690
050,33,011,"New Hampshire","Hillsborough County",4,41,5510,2845,2665
050,33,011,"New Hampshire","Hillsborough County",4,42,5397,2736,2661
050,33,011,"New Hampshire","Hillsborough County",4,43,5239,2639,2600
050,33,011,"New Hampshire","Hillsborough County",4,44,5132,2596,2536
050,33,011,"New Hampshire","Hillsborough County",4,45,5053,2575,2478
050,33,011,"New Hampshire","Hillsborough County",4,46,4839,2468,2371
050,33,011,"New Hampshire","Hillsborough County",4,47,4982,2475,2507
050,33,011,"New Hampshire","Hillsborough County",4,48,5017,2513,2504
050,33,011,"New Hampshire","Hillsborough County",4,49,5135,2619,2516
050,33,011,"New Hampshire","Hillsborough County",4,50,5559,2753,2806
050,33,011,"New Hampshire","Hillsborough County",4,51,6075,3044,3031
050,33,011,"New Hampshire","Hillsborough County",4,52,6006,3036,2970
050,33,011,"New Hampshire","Hillsborough County",4,53,5971,3016,2955
050,33,011,"New Hampshire","Hillsborough County",4,54,5817,2940,2877
050,33,011,"New Hampshire","Hillsborough County",4,55,6028,3052,2976
050,33,011,"New Hampshire","Hillsborough County",4,56,6136,3105,3031
050,33,011,"New Hampshire","Hillsborough County",4,57,6448,3242,3206
050,33,011,"New Hampshire","Hillsborough County",4,58,6535,3296,3239
050,33,011,"New Hampshire","Hillsborough County",4,59,6645,3364,3281
050,33,011,"New Hampshire","Hillsborough County",4,60,6640,3333,3307
050,33,011,"New Hampshire","Hillsborough County",4,61,6646,3317,3329
050,33,011,"New Hampshire","Hillsborough County",4,62,6283,3145,3138
050,33,011,"New Hampshire","Hillsborough County",4,63,6149,3090,3059
050,33,011,"New Hampshire","Hillsborough County",4,64,5952,2988,2964
050,33,011,"New Hampshire","Hillsborough County",4,65,5582,2708,2874
050,33,011,"New Hampshire","Hillsborough County",4,66,5199,2525,2674
050,33,011,"New Hampshire","Hillsborough County",4,67,5058,2504,2554
050,33,011,"New Hampshire","Hillsborough County",4,68,4788,2341,2447
050,33,011,"New Hampshire","Hillsborough County",4,69,4474,2194,2280
050,33,011,"New Hampshire","Hillsborough County",4,70,4243,2083,2160
050,33,011,"New Hampshire","Hillsborough County",4,71,3962,1871,2091
050,33,011,"New Hampshire","Hillsborough County",4,72,3732,1756,1976
050,33,011,"New Hampshire","Hillsborough County",4,73,3626,1725,1901
050,33,011,"New Hampshire","Hillsborough County",4,74,3593,1715,1878
050,33,011,"New Hampshire","Hillsborough County",4,75,3830,1815,2015
050,33,011,"New Hampshire","Hillsborough County",4,76,2613,1207,1406
050,33,011,"New Hampshire","Hillsborough County",4,77,2458,1116,1342
050,33,011,"New Hampshire","Hillsborough County",4,78,2360,1044,1316
050,33,011,"New Hampshire","Hillsborough County",4,79,2386,1055,1331
050,33,011,"New Hampshire","Hillsborough County",4,80,2018,844,1174
050,33,011,"New Hampshire","Hillsborough County",4,81,1717,736,981
050,33,011,"New Hampshire","Hillsborough County",4,82,1503,632,871
050,33,011,"New Hampshire","Hillsborough County",4,83,1369,562,807
050,33,011,"New Hampshire","Hillsborough County",4,84,1287,517,770
050,33,011,"New Hampshire","Hillsborough County",4,85,7886,2855,5031
050,33,011,"New Hampshire","Hillsborough County",5,0,4181,2148,2033
050,33,011,"New Hampshire","Hillsborough County",5,1,4283,2182,2101
050,33,011,"New Hampshire","Hillsborough County",5,2,4117,2053,2064
050,33,011,"New Hampshire","Hillsborough County",5,3,4219,2151,2068
050,33,011,"New Hampshire","Hillsborough County",5,4,4419,2240,2179
050,33,011,"New Hampshire","Hillsborough County",5,5,4401,2219,2182
050,33,011,"New Hampshire","Hillsborough County",5,6,4480,2263,2217
050,33,011,"New Hampshire","Hillsborough County",5,7,4458,2292,2166
050,33,011,"New Hampshire","Hillsborough County",5,8,4541,2326,2215
050,33,011,"New Hampshire","Hillsborough County",5,9,4399,2278,2121
050,33,011,"New Hampshire","Hillsborough County",5,10,4539,2372,2167
050,33,011,"New Hampshire","Hillsborough County",5,11,4553,2360,2193
050,33,011,"New Hampshire","Hillsborough County",5,12,4729,2463,2266
050,33,011,"New Hampshire","Hillsborough County",5,13,4879,2516,2363
050,33,011,"New Hampshire","Hillsborough County",5,14,4876,2498,2378
050,33,011,"New Hampshire","Hillsborough County",5,15,5111,2615,2496
050,33,011,"New Hampshire","Hillsborough County",5,16,5251,2716,2535
050,33,011,"New Hampshire","Hillsborough County",5,17,5201,2655,2546
050,33,011,"New Hampshire","Hillsborough County",5,18,4791,2468,2323
050,33,011,"New Hampshire","Hillsborough County",5,19,4516,2292,2224
050,33,011,"New Hampshire","Hillsborough County",5,20,4792,2445,2347
050,33,011,"New Hampshire","Hillsborough County",5,21,5012,2571,2441
050,33,011,"New Hampshire","Hillsborough County",5,22,4929,2487,2442
050,33,011,"New Hampshire","Hillsborough County",5,23,5120,2634,2486
050,33,011,"New Hampshire","Hillsborough County",5,24,5354,2781,2573
050,33,011,"New Hampshire","Hillsborough County",5,25,5416,2848,2568
050,33,011,"New Hampshire","Hillsborough County",5,26,5720,2998,2722
050,33,011,"New Hampshire","Hillsborough County",5,27,5748,3015,2733
050,33,011,"New Hampshire","Hillsborough County",5,28,6112,3123,2989
050,33,011,"New Hampshire","Hillsborough County",5,29,6255,3333,2922
050,33,011,"New Hampshire","Hillsborough County",5,30,6261,3210,3051
050,33,011,"New Hampshire","Hillsborough County",5,31,6236,3164,3072
050,33,011,"New Hampshire","Hillsborough County",5,32,6353,3374,2979
050,33,011,"New Hampshire","Hillsborough County",5,33,6269,3265,3004
050,33,011,"New Hampshire","Hillsborough County",5,34,6114,3169,2945
050,33,011,"New Hampshire","Hillsborough County",5,35,6238,3217,3021
050,33,011,"New Hampshire","Hillsborough County",5,36,6021,3077,2944
050,33,011,"New Hampshire","Hillsborough County",5,37,6036,3100,2936
050,33,011,"New Hampshire","Hillsborough County",5,38,5842,2988,2854
050,33,011,"New Hampshire","Hillsborough County",5,39,5591,2898,2693
050,33,011,"New Hampshire","Hillsborough County",5,40,5687,2917,2770
050,33,011,"New Hampshire","Hillsborough County",5,41,5647,2933,2714
050,33,011,"New Hampshire","Hillsborough County",5,42,5471,2829,2642
050,33,011,"New Hampshire","Hillsborough County",5,43,5421,2765,2656
050,33,011,"New Hampshire","Hillsborough County",5,44,5256,2659,2597
050,33,011,"New Hampshire","Hillsborough County",5,45,5093,2558,2535
050,33,011,"New Hampshire","Hillsborough County",5,46,5035,2568,2467
050,33,011,"New Hampshire","Hillsborough County",5,47,4819,2442,2377
050,33,011,"New Hampshire","Hillsborough County",5,48,4945,2451,2494
050,33,011,"New Hampshire","Hillsborough County",5,49,4977,2484,2493
050,33,011,"New Hampshire","Hillsborough County",5,50,5099,2599,2500
050,33,011,"New Hampshire","Hillsborough County",5,51,5552,2768,2784
050,33,011,"New Hampshire","Hillsborough County",5,52,6019,3019,3000
050,33,011,"New Hampshire","Hillsborough County",5,53,5984,3030,2954
050,33,011,"New Hampshire","Hillsborough County",5,54,5923,2985,2938
050,33,011,"New Hampshire","Hillsborough County",5,55,5780,2924,2856
050,33,011,"New Hampshire","Hillsborough County",5,56,5981,3043,2938
050,33,011,"New Hampshire","Hillsborough County",5,57,6039,3044,2995
050,33,011,"New Hampshire","Hillsborough County",5,58,6368,3189,3179
050,33,011,"New Hampshire","Hillsborough County",5,59,6493,3264,3229
050,33,011,"New Hampshire","Hillsborough County",5,60,6576,3330,3246
050,33,011,"New Hampshire","Hillsborough County",5,61,6586,3303,3283
050,33,011,"New Hampshire","Hillsborough County",5,62,6520,3229,3291
050,33,011,"New Hampshire","Hillsborough County",5,63,6179,3084,3095
050,33,011,"New Hampshire","Hillsborough County",5,64,6038,3020,3018
050,33,011,"New Hampshire","Hillsborough County",5,65,5842,2901,2941
050,33,011,"New Hampshire","Hillsborough County",5,66,5469,2627,2842
050,33,011,"New Hampshire","Hillsborough County",5,67,5060,2463,2597
050,33,011,"New Hampshire","Hillsborough County",5,68,4957,2418,2539
050,33,011,"New Hampshire","Hillsborough County",5,69,4680,2295,2385
050,33,011,"New Hampshire","Hillsborough County",5,70,4380,2139,2241
050,33,011,"New Hampshire","Hillsborough County",5,71,4153,2027,2126
050,33,011,"New Hampshire","Hillsborough County",5,72,3908,1849,2059
050,33,011,"New Hampshire","Hillsborough County",5,73,3646,1714,1932
050,33,011,"New Hampshire","Hillsborough County",5,74,3514,1667,1847
050,33,011,"New Hampshire","Hillsborough County",5,75,3483,1646,1837
050,33,011,"New Hampshire","Hillsborough County",5,76,3688,1746,1942
050,33,011,"New Hampshire","Hillsborough County",5,77,2511,1163,1348
050,33,011,"New Hampshire","Hillsborough County",5,78,2375,1059,1316
050,33,011,"New Hampshire","Hillsborough County",5,79,2273,1012,1261
050,33,011,"New Hampshire","Hillsborough County",5,80,2263,971,1292
050,33,011,"New Hampshire","Hillsborough County",5,81,1954,806,1148
050,33,011,"New Hampshire","Hillsborough County",5,82,1617,687,930
050,33,011,"New Hampshire","Hillsborough County",5,83,1432,574,858
050,33,011,"New Hampshire","Hillsborough County",5,84,1298,528,770
050,33,011,"New Hampshire","Hillsborough County",5,85,8000,2898,5102
050,33,013,"New Hampshire","Merrimack County",1,0,1306,654,652
050,33,013,"New Hampshire","Merrimack County",1,1,1345,655,690
050,33,013,"New Hampshire","Merrimack County",1,2,1362,677,685
050,33,013,"New Hampshire","Merrimack County",1,3,1467,735,732
050,33,013,"New Hampshire","Merrimack County",1,4,1518,754,764
050,33,013,"New Hampshire","Merrimack County",1,5,1521,783,738
050,33,013,"New Hampshire","Merrimack County",1,6,1537,767,770
050,33,013,"New Hampshire","Merrimack County",1,7,1536,763,773
050,33,013,"New Hampshire","Merrimack County",1,8,1554,768,786
050,33,013,"New Hampshire","Merrimack County",1,9,1631,834,797
050,33,013,"New Hampshire","Merrimack County",1,10,1664,869,795
050,33,013,"New Hampshire","Merrimack County",1,11,1672,875,797
050,33,013,"New Hampshire","Merrimack County",1,12,1733,889,844
050,33,013,"New Hampshire","Merrimack County",1,13,1800,901,899
050,33,013,"New Hampshire","Merrimack County",1,14,1771,912,859
050,33,013,"New Hampshire","Merrimack County",1,15,1820,946,874
050,33,013,"New Hampshire","Merrimack County",1,16,1888,969,919
050,33,013,"New Hampshire","Merrimack County",1,17,1859,962,897
050,33,013,"New Hampshire","Merrimack County",1,18,2149,1027,1122
050,33,013,"New Hampshire","Merrimack County",1,19,2436,1179,1257
050,33,013,"New Hampshire","Merrimack County",1,20,2258,1123,1135
050,33,013,"New Hampshire","Merrimack County",1,21,2079,1052,1027
050,33,013,"New Hampshire","Merrimack County",1,22,1893,1017,876
050,33,013,"New Hampshire","Merrimack County",1,23,1806,937,869
050,33,013,"New Hampshire","Merrimack County",1,24,1811,962,849
050,33,013,"New Hampshire","Merrimack County",1,25,1801,951,850
050,33,013,"New Hampshire","Merrimack County",1,26,1878,988,890
050,33,013,"New Hampshire","Merrimack County",1,27,1908,991,917
050,33,013,"New Hampshire","Merrimack County",1,28,1975,1027,948
050,33,013,"New Hampshire","Merrimack County",1,29,1961,1033,928
050,33,013,"New Hampshire","Merrimack County",1,30,1942,1056,886
050,33,013,"New Hampshire","Merrimack County",1,31,1896,1000,896
050,33,013,"New Hampshire","Merrimack County",1,32,1893,973,920
050,33,013,"New Hampshire","Merrimack County",1,33,1910,984,926
050,33,013,"New Hampshire","Merrimack County",1,34,2023,1038,985
050,33,013,"New Hampshire","Merrimack County",1,35,1900,990,910
050,33,013,"New Hampshire","Merrimack County",1,36,1927,980,947
050,33,013,"New Hampshire","Merrimack County",1,37,1912,1026,886
050,33,013,"New Hampshire","Merrimack County",1,38,1978,1056,922
050,33,013,"New Hampshire","Merrimack County",1,39,1988,972,1016
050,33,013,"New Hampshire","Merrimack County",1,40,1897,954,943
050,33,013,"New Hampshire","Merrimack County",1,41,1810,926,884
050,33,013,"New Hampshire","Merrimack County",1,42,1799,926,873
050,33,013,"New Hampshire","Merrimack County",1,43,1715,864,851
050,33,013,"New Hampshire","Merrimack County",1,44,1744,911,833
050,33,013,"New Hampshire","Merrimack County",1,45,1802,931,871
050,33,013,"New Hampshire","Merrimack County",1,46,1756,950,806
050,33,013,"New Hampshire","Merrimack County",1,47,1784,918,866
050,33,013,"New Hampshire","Merrimack County",1,48,1986,993,993
050,33,013,"New Hampshire","Merrimack County",1,49,2161,1079,1082
050,33,013,"New Hampshire","Merrimack County",1,50,2102,1090,1012
050,33,013,"New Hampshire","Merrimack County",1,51,2081,1039,1042
050,33,013,"New Hampshire","Merrimack County",1,52,2076,1023,1053
050,33,013,"New Hampshire","Merrimack County",1,53,2150,1061,1089
050,33,013,"New Hampshire","Merrimack County",1,54,2211,1085,1126
050,33,013,"New Hampshire","Merrimack County",1,55,2380,1161,1219
050,33,013,"New Hampshire","Merrimack County",1,56,2464,1165,1299
050,33,013,"New Hampshire","Merrimack County",1,57,2431,1173,1258
050,33,013,"New Hampshire","Merrimack County",1,58,2435,1188,1247
050,33,013,"New Hampshire","Merrimack County",1,59,2455,1217,1238
050,33,013,"New Hampshire","Merrimack County",1,60,2407,1238,1169
050,33,013,"New Hampshire","Merrimack County",1,61,2392,1163,1229
050,33,013,"New Hampshire","Merrimack County",1,62,2406,1163,1243
050,33,013,"New Hampshire","Merrimack County",1,63,2379,1155,1224
050,33,013,"New Hampshire","Merrimack County",1,64,2240,1083,1157
050,33,013,"New Hampshire","Merrimack County",1,65,2110,1010,1100
050,33,013,"New Hampshire","Merrimack County",1,66,2062,976,1086
050,33,013,"New Hampshire","Merrimack County",1,67,1965,954,1011
050,33,013,"New Hampshire","Merrimack County",1,68,1987,961,1026
050,33,013,"New Hampshire","Merrimack County",1,69,1739,847,892
050,33,013,"New Hampshire","Merrimack County",1,70,1648,791,857
050,33,013,"New Hampshire","Merrimack County",1,71,1647,786,861
050,33,013,"New Hampshire","Merrimack County",1,72,1677,786,891
050,33,013,"New Hampshire","Merrimack County",1,73,1651,778,873
050,33,013,"New Hampshire","Merrimack County",1,74,1067,506,561
050,33,013,"New Hampshire","Merrimack County",1,75,1015,469,546
050,33,013,"New Hampshire","Merrimack County",1,76,1040,483,557
050,33,013,"New Hampshire","Merrimack County",1,77,1056,491,565
050,33,013,"New Hampshire","Merrimack County",1,78,888,410,478
050,33,013,"New Hampshire","Merrimack County",1,79,756,352,404
050,33,013,"New Hampshire","Merrimack County",1,80,675,310,365
050,33,013,"New Hampshire","Merrimack County",1,81,627,278,349
050,33,013,"New Hampshire","Merrimack County",1,82,567,232,335
050,33,013,"New Hampshire","Merrimack County",1,83,511,202,309
050,33,013,"New Hampshire","Merrimack County",1,84,516,215,301
050,33,013,"New Hampshire","Merrimack County",1,85,3230,1070,2160
050,33,013,"New Hampshire","Merrimack County",2,0,1314,652,662
050,33,013,"New Hampshire","Merrimack County",2,1,1339,658,681
050,33,013,"New Hampshire","Merrimack County",2,2,1371,677,694
050,33,013,"New Hampshire","Merrimack County",2,3,1443,721,722
050,33,013,"New Hampshire","Merrimack County",2,4,1512,752,760
050,33,013,"New Hampshire","Merrimack County",2,5,1522,775,747
050,33,013,"New Hampshire","Merrimack County",2,6,1545,776,769
050,33,013,"New Hampshire","Merrimack County",2,7,1540,767,773
050,33,013,"New Hampshire","Merrimack County",2,8,1550,767,783
050,33,013,"New Hampshire","Merrimack County",2,9,1614,822,792
050,33,013,"New Hampshire","Merrimack County",2,10,1668,866,802
050,33,013,"New Hampshire","Merrimack County",2,11,1661,868,793
050,33,013,"New Hampshire","Merrimack County",2,12,1725,891,834
050,33,013,"New Hampshire","Merrimack County",2,13,1785,898,887
050,33,013,"New Hampshire","Merrimack County",2,14,1778,908,870
050,33,013,"New Hampshire","Merrimack County",2,15,1812,941,871
050,33,013,"New Hampshire","Merrimack County",2,16,1878,969,909
050,33,013,"New Hampshire","Merrimack County",2,17,1860,961,899
050,33,013,"New Hampshire","Merrimack County",2,18,2133,1021,1112
050,33,013,"New Hampshire","Merrimack County",2,19,2438,1179,1259
050,33,013,"New Hampshire","Merrimack County",2,20,2267,1126,1141
050,33,013,"New Hampshire","Merrimack County",2,21,2071,1050,1021
050,33,013,"New Hampshire","Merrimack County",2,22,1904,1019,885
050,33,013,"New Hampshire","Merrimack County",2,23,1782,931,851
050,33,013,"New Hampshire","Merrimack County",2,24,1814,961,853
050,33,013,"New Hampshire","Merrimack County",2,25,1814,956,858
050,33,013,"New Hampshire","Merrimack County",2,26,1872,987,885
050,33,013,"New Hampshire","Merrimack County",2,27,1917,1001,916
050,33,013,"New Hampshire","Merrimack County",2,28,1965,1019,946
050,33,013,"New Hampshire","Merrimack County",2,29,1982,1038,944
050,33,013,"New Hampshire","Merrimack County",2,30,1963,1056,907
050,33,013,"New Hampshire","Merrimack County",2,31,1915,1017,898
050,33,013,"New Hampshire","Merrimack County",2,32,1895,978,917
050,33,013,"New Hampshire","Merrimack County",2,33,1918,985,933
050,33,013,"New Hampshire","Merrimack County",2,34,1997,1026,971
050,33,013,"New Hampshire","Merrimack County",2,35,1951,1012,939
050,33,013,"New Hampshire","Merrimack County",2,36,1921,983,938
050,33,013,"New Hampshire","Merrimack County",2,37,1925,1021,904
050,33,013,"New Hampshire","Merrimack County",2,38,1982,1063,919
050,33,013,"New Hampshire","Merrimack County",2,39,1983,992,991
050,33,013,"New Hampshire","Merrimack County",2,40,1933,964,969
050,33,013,"New Hampshire","Merrimack County",2,41,1831,932,899
050,33,013,"New Hampshire","Merrimack County",2,42,1801,925,876
050,33,013,"New Hampshire","Merrimack County",2,43,1747,885,862
050,33,013,"New Hampshire","Merrimack County",2,44,1737,900,837
050,33,013,"New Hampshire","Merrimack County",2,45,1799,930,869
050,33,013,"New Hampshire","Merrimack County",2,46,1762,945,817
050,33,013,"New Hampshire","Merrimack County",2,47,1772,922,850
050,33,013,"New Hampshire","Merrimack County",2,48,1935,976,959
050,33,013,"New Hampshire","Merrimack County",2,49,2121,1061,1060
050,33,013,"New Hampshire","Merrimack County",2,50,2122,1090,1032
050,33,013,"New Hampshire","Merrimack County",2,51,2086,1051,1035
050,33,013,"New Hampshire","Merrimack County",2,52,2068,1023,1045
050,33,013,"New Hampshire","Merrimack County",2,53,2130,1047,1083
050,33,013,"New Hampshire","Merrimack County",2,54,2190,1080,1110
050,33,013,"New Hampshire","Merrimack County",2,55,2334,1137,1197
050,33,013,"New Hampshire","Merrimack County",2,56,2449,1168,1281
050,33,013,"New Hampshire","Merrimack County",2,57,2441,1171,1270
050,33,013,"New Hampshire","Merrimack County",2,58,2432,1182,1250
050,33,013,"New Hampshire","Merrimack County",2,59,2466,1220,1246
050,33,013,"New Hampshire","Merrimack County",2,60,2408,1228,1180
050,33,013,"New Hampshire","Merrimack County",2,61,2383,1173,1210
050,33,013,"New Hampshire","Merrimack County",2,62,2405,1165,1240
050,33,013,"New Hampshire","Merrimack County",2,63,2405,1166,1239
050,33,013,"New Hampshire","Merrimack County",2,64,2252,1087,1165
050,33,013,"New Hampshire","Merrimack County",2,65,2141,1025,1116
050,33,013,"New Hampshire","Merrimack County",2,66,2071,984,1087
050,33,013,"New Hampshire","Merrimack County",2,67,1983,956,1027
050,33,013,"New Hampshire","Merrimack County",2,68,1957,947,1010
050,33,013,"New Hampshire","Merrimack County",2,69,1811,876,935
050,33,013,"New Hampshire","Merrimack County",2,70,1649,793,856
050,33,013,"New Hampshire","Merrimack County",2,71,1656,789,867
050,33,013,"New Hampshire","Merrimack County",2,72,1642,770,872
050,33,013,"New Hampshire","Merrimack County",2,73,1728,816,912
050,33,013,"New Hampshire","Merrimack County",2,74,1130,531,599
050,33,013,"New Hampshire","Merrimack County",2,75,1020,473,547
050,33,013,"New Hampshire","Merrimack County",2,76,1017,473,544
050,33,013,"New Hampshire","Merrimack County",2,77,1068,494,574
050,33,013,"New Hampshire","Merrimack County",2,78,905,419,486
050,33,013,"New Hampshire","Merrimack County",2,79,773,359,414
050,33,013,"New Hampshire","Merrimack County",2,80,688,319,369
050,33,013,"New Hampshire","Merrimack County",2,81,629,281,348
050,33,013,"New Hampshire","Merrimack County",2,82,576,240,336
050,33,013,"New Hampshire","Merrimack County",2,83,515,203,312
050,33,013,"New Hampshire","Merrimack County",2,84,505,206,299
050,33,013,"New Hampshire","Merrimack County",2,85,3239,1080,2159
050,33,013,"New Hampshire","Merrimack County",3,0,1327,702,625
050,33,013,"New Hampshire","Merrimack County",3,1,1376,714,662
050,33,013,"New Hampshire","Merrimack County",3,2,1374,673,701
050,33,013,"New Hampshire","Merrimack County",3,3,1389,678,711
050,33,013,"New Hampshire","Merrimack County",3,4,1460,730,730
050,33,013,"New Hampshire","Merrimack County",3,5,1550,773,777
050,33,013,"New Hampshire","Merrimack County",3,6,1550,781,769
050,33,013,"New Hampshire","Merrimack County",3,7,1571,808,763
050,33,013,"New Hampshire","Merrimack County",3,8,1572,767,805
050,33,013,"New Hampshire","Merrimack County",3,9,1559,779,780
050,33,013,"New Hampshire","Merrimack County",3,10,1676,868,808
050,33,013,"New Hampshire","Merrimack County",3,11,1632,852,780
050,33,013,"New Hampshire","Merrimack County",3,12,1687,894,793
050,33,013,"New Hampshire","Merrimack County",3,13,1745,897,848
050,33,013,"New Hampshire","Merrimack County",3,14,1804,905,899
050,33,013,"New Hampshire","Merrimack County",3,15,1798,914,884
050,33,013,"New Hampshire","Merrimack County",3,16,1838,961,877
050,33,013,"New Hampshire","Merrimack County",3,17,1863,959,904
050,33,013,"New Hampshire","Merrimack County",3,18,2019,977,1042
050,33,013,"New Hampshire","Merrimack County",3,19,2165,1051,1114
050,33,013,"New Hampshire","Merrimack County",3,20,2060,1035,1025
050,33,013,"New Hampshire","Merrimack County",3,21,1950,977,973
050,33,013,"New Hampshire","Merrimack County",3,22,1880,993,887
050,33,013,"New Hampshire","Merrimack County",3,23,1728,914,814
050,33,013,"New Hampshire","Merrimack County",3,24,1823,966,857
050,33,013,"New Hampshire","Merrimack County",3,25,1830,976,854
050,33,013,"New Hampshire","Merrimack County",3,26,1852,1001,851
050,33,013,"New Hampshire","Merrimack County",3,27,1880,987,893
050,33,013,"New Hampshire","Merrimack County",3,28,1969,1023,946
050,33,013,"New Hampshire","Merrimack County",3,29,2034,1052,982
050,33,013,"New Hampshire","Merrimack County",3,30,2018,1051,967
050,33,013,"New Hampshire","Merrimack County",3,31,2063,1095,968
050,33,013,"New Hampshire","Merrimack County",3,32,1996,1045,951
050,33,013,"New Hampshire","Merrimack County",3,33,1947,1018,929
050,33,013,"New Hampshire","Merrimack County",3,34,2006,1015,991
050,33,013,"New Hampshire","Merrimack County",3,35,2041,1075,966
050,33,013,"New Hampshire","Merrimack County",3,36,2015,1056,959
050,33,013,"New Hampshire","Merrimack County",3,37,1958,999,959
050,33,013,"New Hampshire","Merrimack County",3,38,2015,1086,929
050,33,013,"New Hampshire","Merrimack County",3,39,2022,1073,949
050,33,013,"New Hampshire","Merrimack County",3,40,2041,1012,1029
050,33,013,"New Hampshire","Merrimack County",3,41,1973,990,983
050,33,013,"New Hampshire","Merrimack County",3,42,1875,952,923
050,33,013,"New Hampshire","Merrimack County",3,43,1811,926,885
050,33,013,"New Hampshire","Merrimack County",3,44,1784,913,871
050,33,013,"New Hampshire","Merrimack County",3,45,1735,886,849
050,33,013,"New Hampshire","Merrimack County",3,46,1805,938,867
050,33,013,"New Hampshire","Merrimack County",3,47,1765,942,823
050,33,013,"New Hampshire","Merrimack County",3,48,1783,934,849
050,33,013,"New Hampshire","Merrimack County",3,49,1939,985,954
050,33,013,"New Hampshire","Merrimack County",3,50,2144,1068,1076
050,33,013,"New Hampshire","Merrimack County",3,51,2128,1079,1049
050,33,013,"New Hampshire","Merrimack County",3,52,2064,1050,1014
050,33,013,"New Hampshire","Merrimack County",3,53,2061,993,1068
050,33,013,"New Hampshire","Merrimack County",3,54,2140,1050,1090
050,33,013,"New Hampshire","Merrimack County",3,55,2169,1057,1112
050,33,013,"New Hampshire","Merrimack County",3,56,2354,1139,1215
050,33,013,"New Hampshire","Merrimack County",3,57,2427,1164,1263
050,33,013,"New Hampshire","Merrimack County",3,58,2470,1194,1276
050,33,013,"New Hampshire","Merrimack County",3,59,2396,1150,1246
050,33,013,"New Hampshire","Merrimack County",3,60,2462,1226,1236
050,33,013,"New Hampshire","Merrimack County",3,61,2396,1215,1181
050,33,013,"New Hampshire","Merrimack County",3,62,2370,1152,1218
050,33,013,"New Hampshire","Merrimack County",3,63,2386,1167,1219
050,33,013,"New Hampshire","Merrimack County",3,64,2355,1135,1220
050,33,013,"New Hampshire","Merrimack County",3,65,2228,1072,1156
050,33,013,"New Hampshire","Merrimack County",3,66,2088,990,1098
050,33,013,"New Hampshire","Merrimack County",3,67,2063,974,1089
050,33,013,"New Hampshire","Merrimack County",3,68,1935,935,1000
050,33,013,"New Hampshire","Merrimack County",3,69,1939,928,1011
050,33,013,"New Hampshire","Merrimack County",3,70,1780,849,931
050,33,013,"New Hampshire","Merrimack County",3,71,1612,763,849
050,33,013,"New Hampshire","Merrimack County",3,72,1628,775,853
050,33,013,"New Hampshire","Merrimack County",3,73,1590,742,848
050,33,013,"New Hampshire","Merrimack County",3,74,1700,794,906
050,33,013,"New Hampshire","Merrimack County",3,75,1080,520,560
050,33,013,"New Hampshire","Merrimack County",3,76,994,454,540
050,33,013,"New Hampshire","Merrimack County",3,77,990,455,535
050,33,013,"New Hampshire","Merrimack County",3,78,1029,475,554
050,33,013,"New Hampshire","Merrimack County",3,79,846,390,456
050,33,013,"New Hampshire","Merrimack County",3,80,748,344,404
050,33,013,"New Hampshire","Merrimack County",3,81,627,287,340
050,33,013,"New Hampshire","Merrimack County",3,82,605,266,339
050,33,013,"New Hampshire","Merrimack County",3,83,542,221,321
050,33,013,"New Hampshire","Merrimack County",3,84,494,190,304
050,33,013,"New Hampshire","Merrimack County",3,85,3229,1090,2139
050,33,013,"New Hampshire","Merrimack County",4,0,1348,707,641
050,33,013,"New Hampshire","Merrimack County",4,1,1380,756,624
050,33,013,"New Hampshire","Merrimack County",4,2,1424,742,682
050,33,013,"New Hampshire","Merrimack County",4,3,1411,701,710
050,33,013,"New Hampshire","Merrimack County",4,4,1427,692,735
050,33,013,"New Hampshire","Merrimack County",4,5,1471,739,732
050,33,013,"New Hampshire","Merrimack County",4,6,1593,776,817
050,33,013,"New Hampshire","Merrimack County",4,7,1562,797,765
050,33,013,"New Hampshire","Merrimack County",4,8,1622,832,790
050,33,013,"New Hampshire","Merrimack County",4,9,1633,788,845
050,33,013,"New Hampshire","Merrimack County",4,10,1620,800,820
050,33,013,"New Hampshire","Merrimack County",4,11,1703,890,813
050,33,013,"New Hampshire","Merrimack County",4,12,1696,875,821
050,33,013,"New Hampshire","Merrimack County",4,13,1715,893,822
050,33,013,"New Hampshire","Merrimack County",4,14,1800,925,875
050,33,013,"New Hampshire","Merrimack County",4,15,1840,931,909
050,33,013,"New Hampshire","Merrimack County",4,16,1806,926,880
050,33,013,"New Hampshire","Merrimack County",4,17,1828,953,875
050,33,013,"New Hampshire","Merrimack County",4,18,2104,1015,1089
050,33,013,"New Hampshire","Merrimack County",4,19,2295,1103,1192
050,33,013,"New Hampshire","Merrimack County",4,20,2158,1058,1100
050,33,013,"New Hampshire","Merrimack County",4,21,2029,1031,998
050,33,013,"New Hampshire","Merrimack County",4,22,1920,1009,911
050,33,013,"New Hampshire","Merrimack County",4,23,1828,935,893
050,33,013,"New Hampshire","Merrimack County",4,24,1752,940,812
050,33,013,"New Hampshire","Merrimack County",4,25,1828,972,856
050,33,013,"New Hampshire","Merrimack County",4,26,1879,1002,877
050,33,013,"New Hampshire","Merrimack County",4,27,1914,1028,886
050,33,013,"New Hampshire","Merrimack County",4,28,1895,974,921
050,33,013,"New Hampshire","Merrimack County",4,29,2026,1041,985
050,33,013,"New Hampshire","Merrimack County",4,30,2034,1054,980
050,33,013,"New Hampshire","Merrimack County",4,31,2065,1061,1004
050,33,013,"New Hampshire","Merrimack County",4,32,2114,1124,990
050,33,013,"New Hampshire","Merrimack County",4,33,2054,1064,990
050,33,013,"New Hampshire","Merrimack County",4,34,1979,1003,976
050,33,013,"New Hampshire","Merrimack County",4,35,2066,1046,1020
050,33,013,"New Hampshire","Merrimack County",4,36,2109,1112,997
050,33,013,"New Hampshire","Merrimack County",4,37,2083,1100,983
050,33,013,"New Hampshire","Merrimack County",4,38,1994,1041,953
050,33,013,"New Hampshire","Merrimack County",4,39,2055,1102,953
050,33,013,"New Hampshire","Merrimack County",4,40,2075,1088,987
050,33,013,"New Hampshire","Merrimack County",4,41,2063,1034,1029
050,33,013,"New Hampshire","Merrimack County",4,42,2046,1029,1017
050,33,013,"New Hampshire","Merrimack County",4,43,1887,946,941
050,33,013,"New Hampshire","Merrimack County",4,44,1823,939,884
050,33,013,"New Hampshire","Merrimack County",4,45,1793,910,883
050,33,013,"New Hampshire","Merrimack County",4,46,1751,892,859
050,33,013,"New Hampshire","Merrimack County",4,47,1797,923,874
050,33,013,"New Hampshire","Merrimack County",4,48,1760,948,812
050,33,013,"New Hampshire","Merrimack County",4,49,1768,929,839
050,33,013,"New Hampshire","Merrimack County",4,50,1969,991,978
050,33,013,"New Hampshire","Merrimack County",4,51,2149,1079,1070
050,33,013,"New Hampshire","Merrimack County",4,52,2123,1077,1046
050,33,013,"New Hampshire","Merrimack County",4,53,2034,1015,1019
050,33,013,"New Hampshire","Merrimack County",4,54,2079,1017,1062
050,33,013,"New Hampshire","Merrimack County",4,55,2129,1036,1093
050,33,013,"New Hampshire","Merrimack County",4,56,2134,1037,1097
050,33,013,"New Hampshire","Merrimack County",4,57,2351,1139,1212
050,33,013,"New Hampshire","Merrimack County",4,58,2417,1162,1255
050,33,013,"New Hampshire","Merrimack County",4,59,2434,1168,1266
050,33,013,"New Hampshire","Merrimack County",4,60,2387,1153,1234
050,33,013,"New Hampshire","Merrimack County",4,61,2433,1200,1233
050,33,013,"New Hampshire","Merrimack County",4,62,2371,1185,1186
050,33,013,"New Hampshire","Merrimack County",4,63,2351,1143,1208
050,33,013,"New Hampshire","Merrimack County",4,64,2334,1131,1203
050,33,013,"New Hampshire","Merrimack County",4,65,2366,1140,1226
050,33,013,"New Hampshire","Merrimack County",4,66,2193,1051,1142
050,33,013,"New Hampshire","Merrimack County",4,67,2061,961,1100
050,33,013,"New Hampshire","Merrimack County",4,68,2039,963,1076
050,33,013,"New Hampshire","Merrimack County",4,69,1921,909,1012
050,33,013,"New Hampshire","Merrimack County",4,70,1892,897,995
050,33,013,"New Hampshire","Merrimack County",4,71,1753,825,928
050,33,013,"New Hampshire","Merrimack County",4,72,1596,756,840
050,33,013,"New Hampshire","Merrimack County",4,73,1592,759,833
050,33,013,"New Hampshire","Merrimack County",4,74,1575,719,856
050,33,013,"New Hampshire","Merrimack County",4,75,1653,777,876
050,33,013,"New Hampshire","Merrimack County",4,76,1038,500,538
050,33,013,"New Hampshire","Merrimack County",4,77,960,439,521
050,33,013,"New Hampshire","Merrimack County",4,78,943,435,508
050,33,013,"New Hampshire","Merrimack County",4,79,970,448,522
050,33,013,"New Hampshire","Merrimack County",4,80,806,369,437
050,33,013,"New Hampshire","Merrimack County",4,81,690,314,376
050,33,013,"New Hampshire","Merrimack County",4,82,589,266,323
050,33,013,"New Hampshire","Merrimack County",4,83,575,251,324
050,33,013,"New Hampshire","Merrimack County",4,84,526,203,323
050,33,013,"New Hampshire","Merrimack County",4,85,3203,1086,2117
050,33,013,"New Hampshire","Merrimack County",5,0,1304,676,628
050,33,013,"New Hampshire","Merrimack County",5,1,1358,685,673
050,33,013,"New Hampshire","Merrimack County",5,2,1373,765,608
050,33,013,"New Hampshire","Merrimack County",5,3,1424,731,693
050,33,013,"New Hampshire","Merrimack County",5,4,1418,703,715
050,33,013,"New Hampshire","Merrimack County",5,5,1439,706,733
050,33,013,"New Hampshire","Merrimack County",5,6,1484,747,737
050,33,013,"New Hampshire","Merrimack County",5,7,1607,804,803
050,33,013,"New Hampshire","Merrimack County",5,8,1573,808,765
050,33,013,"New Hampshire","Merrimack County",5,9,1612,807,805
050,33,013,"New Hampshire","Merrimack County",5,10,1628,797,831
050,33,013,"New Hampshire","Merrimack County",5,11,1637,819,818
050,33,013,"New Hampshire","Merrimack County",5,12,1728,910,818
050,33,013,"New Hampshire","Merrimack County",5,13,1677,868,809
050,33,013,"New Hampshire","Merrimack County",5,14,1767,927,840
050,33,013,"New Hampshire","Merrimack County",5,15,1820,935,885
050,33,013,"New Hampshire","Merrimack County",5,16,1861,941,920
050,33,013,"New Hampshire","Merrimack County",5,17,1806,926,880
050,33,013,"New Hampshire","Merrimack County",5,18,2062,995,1067
050,33,013,"New Hampshire","Merrimack County",5,19,2301,1110,1191
050,33,013,"New Hampshire","Merrimack County",5,20,2150,1052,1098
050,33,013,"New Hampshire","Merrimack County",5,21,2013,999,1014
050,33,013,"New Hampshire","Merrimack County",5,22,1913,1021,892
050,33,013,"New Hampshire","Merrimack County",5,23,1711,907,804
050,33,013,"New Hampshire","Merrimack County",5,24,1865,986,879
050,33,013,"New Hampshire","Merrimack County",5,25,1735,955,780
050,33,013,"New Hampshire","Merrimack County",5,26,1840,975,865
050,33,013,"New Hampshire","Merrimack County",5,27,1959,1057,902
050,33,013,"New Hampshire","Merrimack County",5,28,1908,1017,891
050,33,013,"New Hampshire","Merrimack County",5,29,1932,988,944
050,33,013,"New Hampshire","Merrimack County",5,30,2039,1019,1020
050,33,013,"New Hampshire","Merrimack County",5,31,2107,1084,1023
050,33,013,"New Hampshire","Merrimack County",5,32,2151,1110,1041
050,33,013,"New Hampshire","Merrimack County",5,33,2125,1116,1009
050,33,013,"New Hampshire","Merrimack County",5,34,2078,1077,1001
050,33,013,"New Hampshire","Merrimack County",5,35,2030,1043,987
050,33,013,"New Hampshire","Merrimack County",5,36,2079,1051,1028
050,33,013,"New Hampshire","Merrimack County",5,37,2136,1117,1019
050,33,013,"New Hampshire","Merrimack County",5,38,2119,1136,983
050,33,013,"New Hampshire","Merrimack County",5,39,2026,1044,982
050,33,013,"New Hampshire","Merrimack County",5,40,2070,1101,969
050,33,013,"New Hampshire","Merrimack County",5,41,2063,1095,968
050,33,013,"New Hampshire","Merrimack County",5,42,2097,1052,1045
050,33,013,"New Hampshire","Merrimack County",5,43,2049,1016,1033
050,33,013,"New Hampshire","Merrimack County",5,44,1917,966,951
050,33,013,"New Hampshire","Merrimack County",5,45,1846,944,902
050,33,013,"New Hampshire","Merrimack County",5,46,1793,908,885
050,33,013,"New Hampshire","Merrimack County",5,47,1764,907,857
050,33,013,"New Hampshire","Merrimack County",5,48,1803,929,874
050,33,013,"New Hampshire","Merrimack County",5,49,1746,937,809
050,33,013,"New Hampshire","Merrimack County",5,50,1799,938,861
050,33,013,"New Hampshire","Merrimack County",5,51,1979,986,993
050,33,013,"New Hampshire","Merrimack County",5,52,2161,1079,1082
050,33,013,"New Hampshire","Merrimack County",5,53,2094,1058,1036
050,33,013,"New Hampshire","Merrimack County",5,54,2053,1032,1021
050,33,013,"New Hampshire","Merrimack County",5,55,2057,997,1060
050,33,013,"New Hampshire","Merrimack County",5,56,2124,1023,1101
050,33,013,"New Hampshire","Merrimack County",5,57,2158,1054,1104
050,33,013,"New Hampshire","Merrimack County",5,58,2334,1141,1193
050,33,013,"New Hampshire","Merrimack County",5,59,2390,1150,1240
050,33,013,"New Hampshire","Merrimack County",5,60,2443,1184,1259
050,33,013,"New Hampshire","Merrimack County",5,61,2356,1128,1228
050,33,013,"New Hampshire","Merrimack County",5,62,2427,1197,1230
050,33,013,"New Hampshire","Merrimack County",5,63,2368,1191,1177
050,33,013,"New Hampshire","Merrimack County",5,64,2300,1124,1176
050,33,013,"New Hampshire","Merrimack County",5,65,2327,1122,1205
050,33,013,"New Hampshire","Merrimack County",5,66,2341,1116,1225
050,33,013,"New Hampshire","Merrimack County",5,67,2174,1040,1134
050,33,013,"New Hampshire","Merrimack County",5,68,2008,934,1074
050,33,013,"New Hampshire","Merrimack County",5,69,2029,940,1089
050,33,013,"New Hampshire","Merrimack County",5,70,1876,876,1000
050,33,013,"New Hampshire","Merrimack County",5,71,1855,870,985
050,33,013,"New Hampshire","Merrimack County",5,72,1739,822,917
050,33,013,"New Hampshire","Merrimack County",5,73,1555,747,808
050,33,013,"New Hampshire","Merrimack County",5,74,1557,723,834
050,33,013,"New Hampshire","Merrimack County",5,75,1524,700,824
050,33,013,"New Hampshire","Merrimack County",5,76,1615,759,856
050,33,013,"New Hampshire","Merrimack County",5,77,1003,479,524
050,33,013,"New Hampshire","Merrimack County",5,78,927,414,513
050,33,013,"New Hampshire","Merrimack County",5,79,910,424,486
050,33,013,"New Hampshire","Merrimack County",5,80,924,416,508
050,33,013,"New Hampshire","Merrimack County",5,81,744,338,406
050,33,013,"New Hampshire","Merrimack County",5,82,665,297,368
050,33,013,"New Hampshire","Merrimack County",5,83,559,247,312
050,33,013,"New Hampshire","Merrimack County",5,84,547,235,312
050,33,013,"New Hampshire","Merrimack County",5,85,3238,1121,2117
050,33,015,"New Hampshire","Rockingham County",1,0,2665,1359,1306
050,33,015,"New Hampshire","Rockingham County",1,1,2779,1413,1366
050,33,015,"New Hampshire","Rockingham County",1,2,2862,1470,1392
050,33,015,"New Hampshire","Rockingham County",1,3,2949,1548,1401
050,33,015,"New Hampshire","Rockingham County",1,4,3044,1572,1472
050,33,015,"New Hampshire","Rockingham County",1,5,3042,1558,1484
050,33,015,"New Hampshire","Rockingham County",1,6,3135,1613,1522
050,33,015,"New Hampshire","Rockingham County",1,7,3181,1634,1547
050,33,015,"New Hampshire","Rockingham County",1,8,3150,1617,1533
050,33,015,"New Hampshire","Rockingham County",1,9,3296,1695,1601
050,33,015,"New Hampshire","Rockingham County",1,10,3391,1708,1683
050,33,015,"New Hampshire","Rockingham County",1,11,3481,1803,1678
050,33,015,"New Hampshire","Rockingham County",1,12,3704,1904,1800
050,33,015,"New Hampshire","Rockingham County",1,13,3763,1908,1855
050,33,015,"New Hampshire","Rockingham County",1,14,3772,1906,1866
050,33,015,"New Hampshire","Rockingham County",1,15,3941,2020,1921
050,33,015,"New Hampshire","Rockingham County",1,16,4113,2089,2024
050,33,015,"New Hampshire","Rockingham County",1,17,4071,2079,1992
050,33,015,"New Hampshire","Rockingham County",1,18,3376,1788,1588
050,33,015,"New Hampshire","Rockingham County",1,19,2676,1416,1260
050,33,015,"New Hampshire","Rockingham County",1,20,2907,1530,1377
050,33,015,"New Hampshire","Rockingham County",1,21,3125,1592,1533
050,33,015,"New Hampshire","Rockingham County",1,22,3337,1684,1653
050,33,015,"New Hampshire","Rockingham County",1,23,3474,1792,1682
050,33,015,"New Hampshire","Rockingham County",1,24,3594,1881,1713
050,33,015,"New Hampshire","Rockingham County",1,25,3623,1891,1732
050,33,015,"New Hampshire","Rockingham County",1,26,3638,1861,1777
050,33,015,"New Hampshire","Rockingham County",1,27,3790,1990,1800
050,33,015,"New Hampshire","Rockingham County",1,28,3673,1882,1791
050,33,015,"New Hampshire","Rockingham County",1,29,3613,1836,1777
050,33,015,"New Hampshire","Rockingham County",1,30,3739,1898,1841
050,33,015,"New Hampshire","Rockingham County",1,31,3776,1934,1842
050,33,015,"New Hampshire","Rockingham County",1,32,3866,1976,1890
050,33,015,"New Hampshire","Rockingham County",1,33,3962,2012,1950
050,33,015,"New Hampshire","Rockingham County",1,34,4026,2037,1989
050,33,015,"New Hampshire","Rockingham County",1,35,3978,2023,1955
050,33,015,"New Hampshire","Rockingham County",1,36,3754,1861,1893
050,33,015,"New Hampshire","Rockingham County",1,37,3850,1944,1906
050,33,015,"New Hampshire","Rockingham County",1,38,3954,2035,1919
050,33,015,"New Hampshire","Rockingham County",1,39,3841,1975,1866
050,33,015,"New Hampshire","Rockingham County",1,40,3695,1887,1808
050,33,015,"New Hampshire","Rockingham County",1,41,3603,1828,1775
050,33,015,"New Hampshire","Rockingham County",1,42,3578,1744,1834
050,33,015,"New Hampshire","Rockingham County",1,43,3447,1699,1748
050,33,015,"New Hampshire","Rockingham County",1,44,3522,1741,1781
050,33,015,"New Hampshire","Rockingham County",1,45,3616,1782,1834
050,33,015,"New Hampshire","Rockingham County",1,46,3738,1856,1882
050,33,015,"New Hampshire","Rockingham County",1,47,4047,1981,2066
050,33,015,"New Hampshire","Rockingham County",1,48,4428,2198,2230
050,33,015,"New Hampshire","Rockingham County",1,49,4861,2456,2405
050,33,015,"New Hampshire","Rockingham County",1,50,4757,2363,2394
050,33,015,"New Hampshire","Rockingham County",1,51,4749,2382,2367
050,33,015,"New Hampshire","Rockingham County",1,52,4731,2335,2396
050,33,015,"New Hampshire","Rockingham County",1,53,4934,2470,2464
050,33,015,"New Hampshire","Rockingham County",1,54,5061,2490,2571
050,33,015,"New Hampshire","Rockingham County",1,55,5274,2599,2675
050,33,015,"New Hampshire","Rockingham County",1,56,5495,2757,2738
050,33,015,"New Hampshire","Rockingham County",1,57,5483,2749,2734
050,33,015,"New Hampshire","Rockingham County",1,58,5596,2761,2835
050,33,015,"New Hampshire","Rockingham County",1,59,5622,2808,2814
050,33,015,"New Hampshire","Rockingham County",1,60,5459,2671,2788
050,33,015,"New Hampshire","Rockingham County",1,61,5396,2616,2780
050,33,015,"New Hampshire","Rockingham County",1,62,5192,2621,2571
050,33,015,"New Hampshire","Rockingham County",1,63,4982,2524,2458
050,33,015,"New Hampshire","Rockingham County",1,64,4664,2354,2310
050,33,015,"New Hampshire","Rockingham County",1,65,4427,2155,2272
050,33,015,"New Hampshire","Rockingham County",1,66,4242,2063,2179
050,33,015,"New Hampshire","Rockingham County",1,67,4074,2022,2052
050,33,015,"New Hampshire","Rockingham County",1,68,3874,1891,1983
050,33,015,"New Hampshire","Rockingham County",1,69,3560,1732,1828
050,33,015,"New Hampshire","Rockingham County",1,70,3458,1670,1788
050,33,015,"New Hampshire","Rockingham County",1,71,3472,1684,1788
050,33,015,"New Hampshire","Rockingham County",1,72,3486,1685,1801
050,33,015,"New Hampshire","Rockingham County",1,73,3462,1671,1791
050,33,015,"New Hampshire","Rockingham County",1,74,2276,1052,1224
050,33,015,"New Hampshire","Rockingham County",1,75,2259,1059,1200
050,33,015,"New Hampshire","Rockingham County",1,76,2242,1038,1204
050,33,015,"New Hampshire","Rockingham County",1,77,2198,1028,1170
050,33,015,"New Hampshire","Rockingham County",1,78,1821,861,960
050,33,015,"New Hampshire","Rockingham County",1,79,1518,692,826
050,33,015,"New Hampshire","Rockingham County",1,80,1364,614,750
050,33,015,"New Hampshire","Rockingham County",1,81,1310,605,705
050,33,015,"New Hampshire","Rockingham County",1,82,1219,542,677
050,33,015,"New Hampshire","Rockingham County",1,83,1057,439,618
050,33,015,"New Hampshire","Rockingham County",1,84,1006,412,594
050,33,015,"New Hampshire","Rockingham County",1,85,6014,2107,3907
050,33,015,"New Hampshire","Rockingham County",2,0,2713,1398,1315
050,33,015,"New Hampshire","Rockingham County",2,1,2756,1401,1355
050,33,015,"New Hampshire","Rockingham County",2,2,2858,1463,1395
050,33,015,"New Hampshire","Rockingham County",2,3,2932,1533,1399
050,33,015,"New Hampshire","Rockingham County",2,4,3041,1573,1468
050,33,015,"New Hampshire","Rockingham County",2,5,3060,1569,1491
050,33,015,"New Hampshire","Rockingham County",2,6,3137,1614,1523
050,33,015,"New Hampshire","Rockingham County",2,7,3177,1633,1544
050,33,015,"New Hampshire","Rockingham County",2,8,3158,1621,1537
050,33,015,"New Hampshire","Rockingham County",2,9,3265,1674,1591
050,33,015,"New Hampshire","Rockingham County",2,10,3373,1709,1664
050,33,015,"New Hampshire","Rockingham County",2,11,3461,1779,1682
050,33,015,"New Hampshire","Rockingham County",2,12,3678,1892,1786
050,33,015,"New Hampshire","Rockingham County",2,13,3755,1913,1842
050,33,015,"New Hampshire","Rockingham County",2,14,3775,1908,1867
050,33,015,"New Hampshire","Rockingham County",2,15,3905,1994,1911
050,33,015,"New Hampshire","Rockingham County",2,16,4082,2076,2006
050,33,015,"New Hampshire","Rockingham County",2,17,4090,2084,2006
050,33,015,"New Hampshire","Rockingham County",2,18,3373,1782,1591
050,33,015,"New Hampshire","Rockingham County",2,19,2704,1426,1278
050,33,015,"New Hampshire","Rockingham County",2,20,2943,1544,1399
050,33,015,"New Hampshire","Rockingham County",2,21,3118,1595,1523
050,33,015,"New Hampshire","Rockingham County",2,22,3322,1681,1641
050,33,015,"New Hampshire","Rockingham County",2,23,3460,1782,1678
050,33,015,"New Hampshire","Rockingham County",2,24,3561,1861,1700
050,33,015,"New Hampshire","Rockingham County",2,25,3619,1887,1732
050,33,015,"New Hampshire","Rockingham County",2,26,3657,1887,1770
050,33,015,"New Hampshire","Rockingham County",2,27,3758,1957,1801
050,33,015,"New Hampshire","Rockingham County",2,28,3713,1914,1799
050,33,015,"New Hampshire","Rockingham County",2,29,3658,1855,1803
050,33,015,"New Hampshire","Rockingham County",2,30,3756,1905,1851
050,33,015,"New Hampshire","Rockingham County",2,31,3781,1933,1848
050,33,015,"New Hampshire","Rockingham County",2,32,3868,1976,1892
050,33,015,"New Hampshire","Rockingham County",2,33,3948,2010,1938
050,33,015,"New Hampshire","Rockingham County",2,34,4037,2049,1988
050,33,015,"New Hampshire","Rockingham County",2,35,4027,2050,1977
050,33,015,"New Hampshire","Rockingham County",2,36,3803,1897,1906
050,33,015,"New Hampshire","Rockingham County",2,37,3863,1944,1919
050,33,015,"New Hampshire","Rockingham County",2,38,3963,2032,1931
050,33,015,"New Hampshire","Rockingham County",2,39,3875,1997,1878
050,33,015,"New Hampshire","Rockingham County",2,40,3764,1931,1833
050,33,015,"New Hampshire","Rockingham County",2,41,3636,1847,1789
050,33,015,"New Hampshire","Rockingham County",2,42,3581,1764,1817
050,33,015,"New Hampshire","Rockingham County",2,43,3511,1730,1781
050,33,015,"New Hampshire","Rockingham County",2,44,3473,1720,1753
050,33,015,"New Hampshire","Rockingham County",2,45,3610,1778,1832
050,33,015,"New Hampshire","Rockingham County",2,46,3687,1829,1858
050,33,015,"New Hampshire","Rockingham County",2,47,3944,1932,2012
050,33,015,"New Hampshire","Rockingham County",2,48,4334,2144,2190
050,33,015,"New Hampshire","Rockingham County",2,49,4785,2409,2376
050,33,015,"New Hampshire","Rockingham County",2,50,4796,2391,2405
050,33,015,"New Hampshire","Rockingham County",2,51,4725,2362,2363
050,33,015,"New Hampshire","Rockingham County",2,52,4716,2336,2380
050,33,015,"New Hampshire","Rockingham County",2,53,4890,2443,2447
050,33,015,"New Hampshire","Rockingham County",2,54,5008,2477,2531
050,33,015,"New Hampshire","Rockingham County",2,55,5224,2571,2653
050,33,015,"New Hampshire","Rockingham County",2,56,5446,2722,2724
050,33,015,"New Hampshire","Rockingham County",2,57,5493,2750,2743
050,33,015,"New Hampshire","Rockingham County",2,58,5556,2745,2811
050,33,015,"New Hampshire","Rockingham County",2,59,5644,2809,2835
050,33,015,"New Hampshire","Rockingham County",2,60,5483,2692,2791
050,33,015,"New Hampshire","Rockingham County",2,61,5388,2612,2776
050,33,015,"New Hampshire","Rockingham County",2,62,5218,2611,2607
050,33,015,"New Hampshire","Rockingham County",2,63,5068,2560,2508
050,33,015,"New Hampshire","Rockingham County",2,64,4713,2375,2338
050,33,015,"New Hampshire","Rockingham County",2,65,4479,2200,2279
050,33,015,"New Hampshire","Rockingham County",2,66,4290,2086,2204
050,33,015,"New Hampshire","Rockingham County",2,67,4098,2024,2074
050,33,015,"New Hampshire","Rockingham County",2,68,3886,1901,1985
050,33,015,"New Hampshire","Rockingham County",2,69,3649,1774,1875
050,33,015,"New Hampshire","Rockingham County",2,70,3469,1678,1791
050,33,015,"New Hampshire","Rockingham County",2,71,3461,1673,1788
050,33,015,"New Hampshire","Rockingham County",2,72,3409,1655,1754
050,33,015,"New Hampshire","Rockingham County",2,73,3644,1754,1890
050,33,015,"New Hampshire","Rockingham County",2,74,2398,1119,1279
050,33,015,"New Hampshire","Rockingham County",2,75,2253,1048,1205
050,33,015,"New Hampshire","Rockingham County",2,76,2210,1023,1187
050,33,015,"New Hampshire","Rockingham County",2,77,2246,1049,1197
050,33,015,"New Hampshire","Rockingham County",2,78,1862,874,988
050,33,015,"New Hampshire","Rockingham County",2,79,1565,714,851
050,33,015,"New Hampshire","Rockingham County",2,80,1393,628,765
050,33,015,"New Hampshire","Rockingham County",2,81,1294,591,703
050,33,015,"New Hampshire","Rockingham County",2,82,1228,553,675
050,33,015,"New Hampshire","Rockingham County",2,83,1070,456,614
050,33,015,"New Hampshire","Rockingham County",2,84,1010,414,596
050,33,015,"New Hampshire","Rockingham County",2,85,5991,2091,3900
050,33,015,"New Hampshire","Rockingham County",3,0,2791,1429,1362
050,33,015,"New Hampshire","Rockingham County",3,1,2829,1480,1349
050,33,015,"New Hampshire","Rockingham County",3,2,2850,1466,1384
050,33,015,"New Hampshire","Rockingham County",3,3,2935,1498,1437
050,33,015,"New Hampshire","Rockingham County",3,4,3013,1572,1441
050,33,015,"New Hampshire","Rockingham County",3,5,3131,1623,1508
050,33,015,"New Hampshire","Rockingham County",3,6,3157,1619,1538
050,33,015,"New Hampshire","Rockingham County",3,7,3199,1651,1548
050,33,015,"New Hampshire","Rockingham County",3,8,3227,1662,1565
050,33,015,"New Hampshire","Rockingham County",3,9,3204,1652,1552
050,33,015,"New Hampshire","Rockingham County",3,10,3325,1688,1637
050,33,015,"New Hampshire","Rockingham County",3,11,3379,1698,1681
050,33,015,"New Hampshire","Rockingham County",3,12,3495,1788,1707
050,33,015,"New Hampshire","Rockingham County",3,13,3699,1920,1779
050,33,015,"New Hampshire","Rockingham County",3,14,3773,1934,1839
050,33,015,"New Hampshire","Rockingham County",3,15,3811,1925,1886
050,33,015,"New Hampshire","Rockingham County",3,16,3913,1996,1917
050,33,015,"New Hampshire","Rockingham County",3,17,4076,2075,2001
050,33,015,"New Hampshire","Rockingham County",3,18,3484,1842,1642
050,33,015,"New Hampshire","Rockingham County",3,19,2705,1421,1284
050,33,015,"New Hampshire","Rockingham County",3,20,2993,1562,1431
050,33,015,"New Hampshire","Rockingham County",3,21,3150,1642,1508
050,33,015,"New Hampshire","Rockingham County",3,22,3339,1692,1647
050,33,015,"New Hampshire","Rockingham County",3,23,3511,1786,1725
050,33,015,"New Hampshire","Rockingham County",3,24,3506,1857,1649
050,33,015,"New Hampshire","Rockingham County",3,25,3641,1897,1744
050,33,015,"New Hampshire","Rockingham County",3,26,3707,1912,1795
050,33,015,"New Hampshire","Rockingham County",3,27,3727,1920,1807
050,33,015,"New Hampshire","Rockingham County",3,28,3862,2015,1847
050,33,015,"New Hampshire","Rockingham County",3,29,3779,1942,1837
050,33,015,"New Hampshire","Rockingham County",3,30,3801,1919,1882
050,33,015,"New Hampshire","Rockingham County",3,31,3935,2016,1919
050,33,015,"New Hampshire","Rockingham County",3,32,3982,2027,1955
050,33,015,"New Hampshire","Rockingham County",3,33,4087,2062,2025
050,33,015,"New Hampshire","Rockingham County",3,34,4118,2103,2015
050,33,015,"New Hampshire","Rockingham County",3,35,4251,2158,2093
050,33,015,"New Hampshire","Rockingham County",3,36,4114,2108,2006
050,33,015,"New Hampshire","Rockingham County",3,37,3920,1954,1966
050,33,015,"New Hampshire","Rockingham County",3,38,3900,1970,1930
050,33,015,"New Hampshire","Rockingham County",3,39,4074,2098,1976
050,33,015,"New Hampshire","Rockingham County",3,40,3959,2049,1910
050,33,015,"New Hampshire","Rockingham County",3,41,3797,1940,1857
050,33,015,"New Hampshire","Rockingham County",3,42,3717,1899,1818
050,33,015,"New Hampshire","Rockingham County",3,43,3627,1802,1825
050,33,015,"New Hampshire","Rockingham County",3,44,3545,1733,1812
050,33,015,"New Hampshire","Rockingham County",3,45,3492,1738,1754
050,33,015,"New Hampshire","Rockingham County",3,46,3684,1825,1859
050,33,015,"New Hampshire","Rockingham County",3,47,3726,1863,1863
050,33,015,"New Hampshire","Rockingham County",3,48,3974,1965,2009
050,33,015,"New Hampshire","Rockingham County",3,49,4355,2134,2221
050,33,015,"New Hampshire","Rockingham County",3,50,4782,2380,2402
050,33,015,"New Hampshire","Rockingham County",3,51,4803,2397,2406
050,33,015,"New Hampshire","Rockingham County",3,52,4730,2373,2357
050,33,015,"New Hampshire","Rockingham County",3,53,4698,2342,2356
050,33,015,"New Hampshire","Rockingham County",3,54,4868,2415,2453
050,33,015,"New Hampshire","Rockingham County",3,55,5034,2472,2562
050,33,015,"New Hampshire","Rockingham County",3,56,5188,2553,2635
050,33,015,"New Hampshire","Rockingham County",3,57,5429,2711,2718
050,33,015,"New Hampshire","Rockingham County",3,58,5522,2776,2746
050,33,015,"New Hampshire","Rockingham County",3,59,5561,2771,2790
050,33,015,"New Hampshire","Rockingham County",3,60,5563,2750,2813
050,33,015,"New Hampshire","Rockingham County",3,61,5464,2661,2803
050,33,015,"New Hampshire","Rockingham County",3,62,5376,2623,2753
050,33,015,"New Hampshire","Rockingham County",3,63,5179,2576,2603
050,33,015,"New Hampshire","Rockingham County",3,64,5054,2546,2508
050,33,015,"New Hampshire","Rockingham County",3,65,4645,2331,2314
050,33,015,"New Hampshire","Rockingham County",3,66,4435,2168,2267
050,33,015,"New Hampshire","Rockingham County",3,67,4248,2058,2190
050,33,015,"New Hampshire","Rockingham County",3,68,4059,1973,2086
050,33,015,"New Hampshire","Rockingham County",3,69,3818,1854,1964
050,33,015,"New Hampshire","Rockingham County",3,70,3654,1757,1897
050,33,015,"New Hampshire","Rockingham County",3,71,3425,1656,1769
050,33,015,"New Hampshire","Rockingham County",3,72,3396,1635,1761
050,33,015,"New Hampshire","Rockingham County",3,73,3339,1612,1727
050,33,015,"New Hampshire","Rockingham County",3,74,3595,1718,1877
050,33,015,"New Hampshire","Rockingham County",3,75,2367,1097,1270
050,33,015,"New Hampshire","Rockingham County",3,76,2169,1008,1161
050,33,015,"New Hampshire","Rockingham County",3,77,2131,995,1136
050,33,015,"New Hampshire","Rockingham County",3,78,2183,1013,1170
050,33,015,"New Hampshire","Rockingham County",3,79,1808,829,979
050,33,015,"New Hampshire","Rockingham County",3,80,1528,689,839
050,33,015,"New Hampshire","Rockingham County",3,81,1330,582,748
050,33,015,"New Hampshire","Rockingham County",3,82,1262,567,695
050,33,015,"New Hampshire","Rockingham County",3,83,1154,507,647
050,33,015,"New Hampshire","Rockingham County",3,84,1029,433,596
050,33,015,"New Hampshire","Rockingham County",3,85,6165,2168,3997
050,33,015,"New Hampshire","Rockingham County",4,0,2856,1457,1399
050,33,015,"New Hampshire","Rockingham County",4,1,2794,1443,1351
050,33,015,"New Hampshire","Rockingham County",4,2,2887,1491,1396
050,33,015,"New Hampshire","Rockingham County",4,3,2888,1463,1425
050,33,015,"New Hampshire","Rockingham County",4,4,2970,1513,1457
050,33,015,"New Hampshire","Rockingham County",4,5,3056,1589,1467
050,33,015,"New Hampshire","Rockingham County",4,6,3142,1636,1506
050,33,015,"New Hampshire","Rockingham County",4,7,3196,1631,1565
050,33,015,"New Hampshire","Rockingham County",4,8,3226,1663,1563
050,33,015,"New Hampshire","Rockingham County",4,9,3253,1688,1565
050,33,015,"New Hampshire","Rockingham County",4,10,3235,1665,1570
050,33,015,"New Hampshire","Rockingham County",4,11,3377,1723,1654
050,33,015,"New Hampshire","Rockingham County",4,12,3350,1697,1653
050,33,015,"New Hampshire","Rockingham County",4,13,3504,1818,1686
050,33,015,"New Hampshire","Rockingham County",4,14,3710,1922,1788
050,33,015,"New Hampshire","Rockingham County",4,15,3759,1913,1846
050,33,015,"New Hampshire","Rockingham County",4,16,3851,1953,1898
050,33,015,"New Hampshire","Rockingham County",4,17,3928,2009,1919
050,33,015,"New Hampshire","Rockingham County",4,18,3374,1794,1580
050,33,015,"New Hampshire","Rockingham County",4,19,2703,1429,1274
050,33,015,"New Hampshire","Rockingham County",4,20,2870,1486,1384
050,33,015,"New Hampshire","Rockingham County",4,21,3102,1599,1503
050,33,015,"New Hampshire","Rockingham County",4,22,3295,1687,1608
050,33,015,"New Hampshire","Rockingham County",4,23,3419,1740,1679
050,33,015,"New Hampshire","Rockingham County",4,24,3453,1778,1675
050,33,015,"New Hampshire","Rockingham County",4,25,3503,1856,1647
050,33,015,"New Hampshire","Rockingham County",4,26,3610,1867,1743
050,33,015,"New Hampshire","Rockingham County",4,27,3660,1919,1741
050,33,015,"New Hampshire","Rockingham County",4,28,3833,1948,1885
050,33,015,"New Hampshire","Rockingham County",4,29,3918,2026,1892
050,33,015,"New Hampshire","Rockingham County",4,30,3894,1988,1906
050,33,015,"New Hampshire","Rockingham County",4,31,3960,2021,1939
050,33,015,"New Hampshire","Rockingham County",4,32,4141,2123,2018
050,33,015,"New Hampshire","Rockingham County",4,33,4108,2089,2019
050,33,015,"New Hampshire","Rockingham County",4,34,4126,2073,2053
050,33,015,"New Hampshire","Rockingham County",4,35,4186,2139,2047
050,33,015,"New Hampshire","Rockingham County",4,36,4343,2178,2165
050,33,015,"New Hampshire","Rockingham County",4,37,4202,2144,2058
050,33,015,"New Hampshire","Rockingham County",4,38,3960,1973,1987
050,33,015,"New Hampshire","Rockingham County",4,39,3957,1991,1966
050,33,015,"New Hampshire","Rockingham County",4,40,4153,2154,1999
050,33,015,"New Hampshire","Rockingham County",4,41,3963,2058,1905
050,33,015,"New Hampshire","Rockingham County",4,42,3841,1976,1865
050,33,015,"New Hampshire","Rockingham County",4,43,3750,1916,1834
050,33,015,"New Hampshire","Rockingham County",4,44,3633,1792,1841
050,33,015,"New Hampshire","Rockingham County",4,45,3582,1755,1827
050,33,015,"New Hampshire","Rockingham County",4,46,3536,1784,1752
050,33,015,"New Hampshire","Rockingham County",4,47,3665,1819,1846
050,33,015,"New Hampshire","Rockingham County",4,48,3748,1869,1879
050,33,015,"New Hampshire","Rockingham County",4,49,4008,1977,2031
050,33,015,"New Hampshire","Rockingham County",4,50,4420,2179,2241
050,33,015,"New Hampshire","Rockingham County",4,51,4799,2396,2403
050,33,015,"New Hampshire","Rockingham County",4,52,4804,2388,2416
050,33,015,"New Hampshire","Rockingham County",4,53,4724,2362,2362
050,33,015,"New Hampshire","Rockingham County",4,54,4656,2308,2348
050,33,015,"New Hampshire","Rockingham County",4,55,4853,2406,2447
050,33,015,"New Hampshire","Rockingham County",4,56,5035,2478,2557
050,33,015,"New Hampshire","Rockingham County",4,57,5190,2547,2643
050,33,015,"New Hampshire","Rockingham County",4,58,5420,2689,2731
050,33,015,"New Hampshire","Rockingham County",4,59,5474,2746,2728
050,33,015,"New Hampshire","Rockingham County",4,60,5511,2693,2818
050,33,015,"New Hampshire","Rockingham County",4,61,5550,2751,2799
050,33,015,"New Hampshire","Rockingham County",4,62,5437,2649,2788
050,33,015,"New Hampshire","Rockingham County",4,63,5342,2603,2739
050,33,015,"New Hampshire","Rockingham County",4,64,5106,2532,2574
050,33,015,"New Hampshire","Rockingham County",4,65,5024,2505,2519
050,33,015,"New Hampshire","Rockingham County",4,66,4629,2312,2317
050,33,015,"New Hampshire","Rockingham County",4,67,4350,2130,2220
050,33,015,"New Hampshire","Rockingham County",4,68,4182,2009,2173
050,33,015,"New Hampshire","Rockingham County",4,69,3980,1932,2048
050,33,015,"New Hampshire","Rockingham County",4,70,3787,1825,1962
050,33,015,"New Hampshire","Rockingham County",4,71,3598,1731,1867
050,33,015,"New Hampshire","Rockingham County",4,72,3385,1632,1753
050,33,015,"New Hampshire","Rockingham County",4,73,3346,1595,1751
050,33,015,"New Hampshire","Rockingham County",4,74,3294,1602,1692
050,33,015,"New Hampshire","Rockingham County",4,75,3551,1696,1855
050,33,015,"New Hampshire","Rockingham County",4,76,2269,1056,1213
050,33,015,"New Hampshire","Rockingham County",4,77,2118,976,1142
050,33,015,"New Hampshire","Rockingham County",4,78,2075,950,1125
050,33,015,"New Hampshire","Rockingham County",4,79,2111,966,1145
050,33,015,"New Hampshire","Rockingham County",4,80,1758,803,955
050,33,015,"New Hampshire","Rockingham County",4,81,1440,636,804
050,33,015,"New Hampshire","Rockingham County",4,82,1277,554,723
050,33,015,"New Hampshire","Rockingham County",4,83,1173,500,673
050,33,015,"New Hampshire","Rockingham County",4,84,1121,493,628
050,33,015,"New Hampshire","Rockingham County",4,85,6366,2271,4095
050,33,015,"New Hampshire","Rockingham County",5,0,2883,1468,1415
050,33,015,"New Hampshire","Rockingham County",5,1,2895,1454,1441
050,33,015,"New Hampshire","Rockingham County",5,2,2841,1457,1384
050,33,015,"New Hampshire","Rockingham County",5,3,2959,1523,1436
050,33,015,"New Hampshire","Rockingham County",5,4,2944,1498,1446
050,33,015,"New Hampshire","Rockingham County",5,5,3034,1557,1477
050,33,015,"New Hampshire","Rockingham County",5,6,3086,1610,1476
050,33,015,"New Hampshire","Rockingham County",5,7,3174,1659,1515
050,33,015,"New Hampshire","Rockingham County",5,8,3210,1622,1588
050,33,015,"New Hampshire","Rockingham County",5,9,3250,1693,1557
050,33,015,"New Hampshire","Rockingham County",5,10,3255,1664,1591
050,33,015,"New Hampshire","Rockingham County",5,11,3263,1675,1588
050,33,015,"New Hampshire","Rockingham County",5,12,3390,1714,1676
050,33,015,"New Hampshire","Rockingham County",5,13,3364,1718,1646
050,33,015,"New Hampshire","Rockingham County",5,14,3499,1800,1699
050,33,015,"New Hampshire","Rockingham County",5,15,3746,1934,1812
050,33,015,"New Hampshire","Rockingham County",5,16,3741,1903,1838
050,33,015,"New Hampshire","Rockingham County",5,17,3862,1961,1901
050,33,015,"New Hampshire","Rockingham County",5,18,3263,1725,1538
050,33,015,"New Hampshire","Rockingham County",5,19,2636,1404,1232
050,33,015,"New Hampshire","Rockingham County",5,20,2957,1543,1414
050,33,015,"New Hampshire","Rockingham County",5,21,3061,1557,1504
050,33,015,"New Hampshire","Rockingham County",5,22,3275,1674,1601
050,33,015,"New Hampshire","Rockingham County",5,23,3368,1746,1622
050,33,015,"New Hampshire","Rockingham County",5,24,3375,1749,1626
050,33,015,"New Hampshire","Rockingham County",5,25,3441,1786,1655
050,33,015,"New Hampshire","Rockingham County",5,26,3523,1865,1658
050,33,015,"New Hampshire","Rockingham County",5,27,3627,1880,1747
050,33,015,"New Hampshire","Rockingham County",5,28,3672,1894,1778
050,33,015,"New Hampshire","Rockingham County",5,29,3907,2008,1899
050,33,015,"New Hampshire","Rockingham County",5,30,3991,2059,1932
050,33,015,"New Hampshire","Rockingham County",5,31,3988,2011,1977
050,33,015,"New Hampshire","Rockingham County",5,32,4091,2077,2014
050,33,015,"New Hampshire","Rockingham County",5,33,4199,2135,2064
050,33,015,"New Hampshire","Rockingham County",5,34,4183,2130,2053
050,33,015,"New Hampshire","Rockingham County",5,35,4156,2104,2052
050,33,015,"New Hampshire","Rockingham County",5,36,4274,2196,2078
050,33,015,"New Hampshire","Rockingham County",5,37,4412,2203,2209
050,33,015,"New Hampshire","Rockingham County",5,38,4231,2165,2066
050,33,015,"New Hampshire","Rockingham County",5,39,4032,2034,1998
050,33,015,"New Hampshire","Rockingham County",5,40,4006,2026,1980
050,33,015,"New Hampshire","Rockingham County",5,41,4199,2187,2012
050,33,015,"New Hampshire","Rockingham County",5,42,3973,2066,1907
050,33,015,"New Hampshire","Rockingham County",5,43,3859,1983,1876
050,33,015,"New Hampshire","Rockingham County",5,44,3721,1885,1836
050,33,015,"New Hampshire","Rockingham County",5,45,3672,1800,1872
050,33,015,"New Hampshire","Rockingham County",5,46,3572,1742,1830
050,33,015,"New Hampshire","Rockingham County",5,47,3520,1784,1736
050,33,015,"New Hampshire","Rockingham County",5,48,3688,1820,1868
050,33,015,"New Hampshire","Rockingham County",5,49,3736,1864,1872
050,33,015,"New Hampshire","Rockingham County",5,50,4008,1973,2035
050,33,015,"New Hampshire","Rockingham County",5,51,4398,2180,2218
050,33,015,"New Hampshire","Rockingham County",5,52,4754,2389,2365
050,33,015,"New Hampshire","Rockingham County",5,53,4820,2412,2408
050,33,015,"New Hampshire","Rockingham County",5,54,4670,2310,2360
050,33,015,"New Hampshire","Rockingham County",5,55,4659,2318,2341
050,33,015,"New Hampshire","Rockingham County",5,56,4805,2385,2420
050,33,015,"New Hampshire","Rockingham County",5,57,5013,2465,2548
050,33,015,"New Hampshire","Rockingham County",5,58,5175,2527,2648
050,33,015,"New Hampshire","Rockingham County",5,59,5417,2690,2727
050,33,015,"New Hampshire","Rockingham County",5,60,5474,2736,2738
050,33,015,"New Hampshire","Rockingham County",5,61,5477,2673,2804
050,33,015,"New Hampshire","Rockingham County",5,62,5477,2714,2763
050,33,015,"New Hampshire","Rockingham County",5,63,5418,2610,2808
050,33,015,"New Hampshire","Rockingham County",5,64,5310,2563,2747
050,33,015,"New Hampshire","Rockingham County",5,65,5118,2545,2573
050,33,015,"New Hampshire","Rockingham County",5,66,4976,2473,2503
050,33,015,"New Hampshire","Rockingham County",5,67,4555,2266,2289
050,33,015,"New Hampshire","Rockingham County",5,68,4310,2090,2220
050,33,015,"New Hampshire","Rockingham County",5,69,4102,1963,2139
050,33,015,"New Hampshire","Rockingham County",5,70,3963,1913,2050
050,33,015,"New Hampshire","Rockingham County",5,71,3731,1781,1950
050,33,015,"New Hampshire","Rockingham County",5,72,3552,1707,1845
050,33,015,"New Hampshire","Rockingham County",5,73,3337,1586,1751
050,33,015,"New Hampshire","Rockingham County",5,74,3289,1563,1726
050,33,015,"New Hampshire","Rockingham County",5,75,3231,1570,1661
050,33,015,"New Hampshire","Rockingham County",5,76,3412,1623,1789
050,33,015,"New Hampshire","Rockingham County",5,77,2232,1047,1185
050,33,015,"New Hampshire","Rockingham County",5,78,2066,938,1128
050,33,015,"New Hampshire","Rockingham County",5,79,1979,893,1086
050,33,015,"New Hampshire","Rockingham County",5,80,2048,937,1111
050,33,015,"New Hampshire","Rockingham County",5,81,1665,747,918
050,33,015,"New Hampshire","Rockingham County",5,82,1359,594,765
050,33,015,"New Hampshire","Rockingham County",5,83,1180,483,697
050,33,015,"New Hampshire","Rockingham County",5,84,1147,502,645
050,33,015,"New Hampshire","Rockingham County",5,85,6558,2381,4177
050,33,017,"New Hampshire","Strafford County",1,0,1138,575,563
050,33,017,"New Hampshire","Strafford County",1,1,1140,564,576
050,33,017,"New Hampshire","Strafford County",1,2,1164,608,556
050,33,017,"New Hampshire","Strafford County",1,3,1185,620,565
050,33,017,"New Hampshire","Strafford County",1,4,1232,626,606
050,33,017,"New Hampshire","Strafford County",1,5,1217,624,593
050,33,017,"New Hampshire","Strafford County",1,6,1319,692,627
050,33,017,"New Hampshire","Strafford County",1,7,1340,693,647
050,33,017,"New Hampshire","Strafford County",1,8,1307,697,610
050,33,017,"New Hampshire","Strafford County",1,9,1325,701,624
050,33,017,"New Hampshire","Strafford County",1,10,1356,681,675
050,33,017,"New Hampshire","Strafford County",1,11,1420,737,683
050,33,017,"New Hampshire","Strafford County",1,12,1393,727,666
050,33,017,"New Hampshire","Strafford County",1,13,1454,748,706
050,33,017,"New Hampshire","Strafford County",1,14,1471,760,711
050,33,017,"New Hampshire","Strafford County",1,15,1443,736,707
050,33,017,"New Hampshire","Strafford County",1,16,1483,738,745
050,33,017,"New Hampshire","Strafford County",1,17,1490,762,728
050,33,017,"New Hampshire","Strafford County",1,18,2409,1084,1325
050,33,017,"New Hampshire","Strafford County",1,19,3480,1574,1906
050,33,017,"New Hampshire","Strafford County",1,20,3496,1576,1920
050,33,017,"New Hampshire","Strafford County",1,21,3452,1537,1915
050,33,017,"New Hampshire","Strafford County",1,22,2792,1352,1440
050,33,017,"New Hampshire","Strafford County",1,23,1989,1026,963
050,33,017,"New Hampshire","Strafford County",1,24,1804,968,836
050,33,017,"New Hampshire","Strafford County",1,25,1807,988,819
050,33,017,"New Hampshire","Strafford County",1,26,1821,952,869
050,33,017,"New Hampshire","Strafford County",1,27,1847,953,894
050,33,017,"New Hampshire","Strafford County",1,28,1912,985,927
050,33,017,"New Hampshire","Strafford County",1,29,1830,964,866
050,33,017,"New Hampshire","Strafford County",1,30,1795,971,824
050,33,017,"New Hampshire","Strafford County",1,31,1738,918,820
050,33,017,"New Hampshire","Strafford County",1,32,1680,885,795
050,33,017,"New Hampshire","Strafford County",1,33,1671,848,823
050,33,017,"New Hampshire","Strafford County",1,34,1707,869,838
050,33,017,"New Hampshire","Strafford County",1,35,1704,877,827
050,33,017,"New Hampshire","Strafford County",1,36,1597,830,767
050,33,017,"New Hampshire","Strafford County",1,37,1629,825,804
050,33,017,"New Hampshire","Strafford County",1,38,1510,746,764
050,33,017,"New Hampshire","Strafford County",1,39,1534,777,757
050,33,017,"New Hampshire","Strafford County",1,40,1487,774,713
050,33,017,"New Hampshire","Strafford County",1,41,1493,755,738
050,33,017,"New Hampshire","Strafford County",1,42,1474,735,739
050,33,017,"New Hampshire","Strafford County",1,43,1345,681,664
050,33,017,"New Hampshire","Strafford County",1,44,1300,647,653
050,33,017,"New Hampshire","Strafford County",1,45,1315,662,653
050,33,017,"New Hampshire","Strafford County",1,46,1363,668,695
050,33,017,"New Hampshire","Strafford County",1,47,1470,737,733
050,33,017,"New Hampshire","Strafford County",1,48,1638,844,794
050,33,017,"New Hampshire","Strafford County",1,49,1783,908,875
050,33,017,"New Hampshire","Strafford County",1,50,1617,807,810
050,33,017,"New Hampshire","Strafford County",1,51,1622,801,821
050,33,017,"New Hampshire","Strafford County",1,52,1640,823,817
050,33,017,"New Hampshire","Strafford County",1,53,1745,851,894
050,33,017,"New Hampshire","Strafford County",1,54,1706,829,877
050,33,017,"New Hampshire","Strafford County",1,55,1804,901,903
050,33,017,"New Hampshire","Strafford County",1,56,1909,937,972
050,33,017,"New Hampshire","Strafford County",1,57,1936,953,983
050,33,017,"New Hampshire","Strafford County",1,58,1903,938,965
050,33,017,"New Hampshire","Strafford County",1,59,1865,919,946
050,33,017,"New Hampshire","Strafford County",1,60,1811,897,914
050,33,017,"New Hampshire","Strafford County",1,61,1820,902,918
050,33,017,"New Hampshire","Strafford County",1,62,1860,945,915
050,33,017,"New Hampshire","Strafford County",1,63,1716,857,859
050,33,017,"New Hampshire","Strafford County",1,64,1624,826,798
050,33,017,"New Hampshire","Strafford County",1,65,1544,756,788
050,33,017,"New Hampshire","Strafford County",1,66,1473,701,772
050,33,017,"New Hampshire","Strafford County",1,67,1433,677,756
050,33,017,"New Hampshire","Strafford County",1,68,1374,658,716
050,33,017,"New Hampshire","Strafford County",1,69,1200,581,619
050,33,017,"New Hampshire","Strafford County",1,70,1196,576,620
050,33,017,"New Hampshire","Strafford County",1,71,1173,560,613
050,33,017,"New Hampshire","Strafford County",1,72,1198,565,633
050,33,017,"New Hampshire","Strafford County",1,73,1135,527,608
050,33,017,"New Hampshire","Strafford County",1,74,766,352,414
050,33,017,"New Hampshire","Strafford County",1,75,791,385,406
050,33,017,"New Hampshire","Strafford County",1,76,780,384,396
050,33,017,"New Hampshire","Strafford County",1,77,763,347,416
050,33,017,"New Hampshire","Strafford County",1,78,673,299,374
050,33,017,"New Hampshire","Strafford County",1,79,591,261,330
050,33,017,"New Hampshire","Strafford County",1,80,498,218,280
050,33,017,"New Hampshire","Strafford County",1,81,432,193,239
050,33,017,"New Hampshire","Strafford County",1,82,412,165,247
050,33,017,"New Hampshire","Strafford County",1,83,378,147,231
050,33,017,"New Hampshire","Strafford County",1,84,383,145,238
050,33,017,"New Hampshire","Strafford County",1,85,2375,791,1584
050,33,017,"New Hampshire","Strafford County",2,0,1162,608,554
050,33,017,"New Hampshire","Strafford County",2,1,1137,568,569
050,33,017,"New Hampshire","Strafford County",2,2,1157,597,560
050,33,017,"New Hampshire","Strafford County",2,3,1173,611,562
050,33,017,"New Hampshire","Strafford County",2,4,1220,624,596
050,33,017,"New Hampshire","Strafford County",2,5,1220,626,594
050,33,017,"New Hampshire","Strafford County",2,6,1293,674,619
050,33,017,"New Hampshire","Strafford County",2,7,1332,691,641
050,33,017,"New Hampshire","Strafford County",2,8,1316,697,619
050,33,017,"New Hampshire","Strafford County",2,9,1324,701,623
050,33,017,"New Hampshire","Strafford County",2,10,1346,684,662
050,33,017,"New Hampshire","Strafford County",2,11,1395,718,677
050,33,017,"New Hampshire","Strafford County",2,12,1406,732,674
050,33,017,"New Hampshire","Strafford County",2,13,1437,743,694
050,33,017,"New Hampshire","Strafford County",2,14,1465,756,709
050,33,017,"New Hampshire","Strafford County",2,15,1456,744,712
050,33,017,"New Hampshire","Strafford County",2,16,1474,738,736
050,33,017,"New Hampshire","Strafford County",2,17,1488,758,730
050,33,017,"New Hampshire","Strafford County",2,18,2398,1080,1318
050,33,017,"New Hampshire","Strafford County",2,19,3477,1569,1908
050,33,017,"New Hampshire","Strafford County",2,20,3529,1592,1937
050,33,017,"New Hampshire","Strafford County",2,21,3448,1534,1914
050,33,017,"New Hampshire","Strafford County",2,22,2799,1357,1442
050,33,017,"New Hampshire","Strafford County",2,23,1996,1019,977
050,33,017,"New Hampshire","Strafford County",2,24,1789,962,827
050,33,017,"New Hampshire","Strafford County",2,25,1802,978,824
050,33,017,"New Hampshire","Strafford County",2,26,1808,953,855
050,33,017,"New Hampshire","Strafford County",2,27,1818,944,874
050,33,017,"New Hampshire","Strafford County",2,28,1892,977,915
050,33,017,"New Hampshire","Strafford County",2,29,1848,967,881
050,33,017,"New Hampshire","Strafford County",2,30,1819,975,844
050,33,017,"New Hampshire","Strafford County",2,31,1746,928,818
050,33,017,"New Hampshire","Strafford County",2,32,1694,888,806
050,33,017,"New Hampshire","Strafford County",2,33,1681,859,822
050,33,017,"New Hampshire","Strafford County",2,34,1712,871,841
050,33,017,"New Hampshire","Strafford County",2,35,1718,885,833
050,33,017,"New Hampshire","Strafford County",2,36,1615,837,778
050,33,017,"New Hampshire","Strafford County",2,37,1623,828,795
050,33,017,"New Hampshire","Strafford County",2,38,1545,769,776
050,33,017,"New Hampshire","Strafford County",2,39,1527,768,759
050,33,017,"New Hampshire","Strafford County",2,40,1508,777,731
050,33,017,"New Hampshire","Strafford County",2,41,1487,757,730
050,33,017,"New Hampshire","Strafford County",2,42,1469,735,734
050,33,017,"New Hampshire","Strafford County",2,43,1387,699,688
050,33,017,"New Hampshire","Strafford County",2,44,1296,648,648
050,33,017,"New Hampshire","Strafford County",2,45,1322,663,659
050,33,017,"New Hampshire","Strafford County",2,46,1352,667,685
050,33,017,"New Hampshire","Strafford County",2,47,1440,717,723
050,33,017,"New Hampshire","Strafford County",2,48,1592,812,780
050,33,017,"New Hampshire","Strafford County",2,49,1755,894,861
050,33,017,"New Hampshire","Strafford County",2,50,1659,832,827
050,33,017,"New Hampshire","Strafford County",2,51,1616,801,815
050,33,017,"New Hampshire","Strafford County",2,52,1632,815,817
050,33,017,"New Hampshire","Strafford County",2,53,1720,846,874
050,33,017,"New Hampshire","Strafford County",2,54,1715,837,878
050,33,017,"New Hampshire","Strafford County",2,55,1780,881,899
050,33,017,"New Hampshire","Strafford County",2,56,1893,932,961
050,33,017,"New Hampshire","Strafford County",2,57,1934,951,983
050,33,017,"New Hampshire","Strafford County",2,58,1911,943,968
050,33,017,"New Hampshire","Strafford County",2,59,1881,928,953
050,33,017,"New Hampshire","Strafford County",2,60,1820,905,915
050,33,017,"New Hampshire","Strafford County",2,61,1812,900,912
050,33,017,"New Hampshire","Strafford County",2,62,1850,935,915
050,33,017,"New Hampshire","Strafford County",2,63,1768,882,886
050,33,017,"New Hampshire","Strafford County",2,64,1631,821,810
050,33,017,"New Hampshire","Strafford County",2,65,1553,763,790
050,33,017,"New Hampshire","Strafford County",2,66,1489,715,774
050,33,017,"New Hampshire","Strafford County",2,67,1437,680,757
050,33,017,"New Hampshire","Strafford County",2,68,1372,652,720
050,33,017,"New Hampshire","Strafford County",2,69,1248,600,648
050,33,017,"New Hampshire","Strafford County",2,70,1192,576,616
050,33,017,"New Hampshire","Strafford County",2,71,1172,558,614
050,33,017,"New Hampshire","Strafford County",2,72,1165,552,613
050,33,017,"New Hampshire","Strafford County",2,73,1197,556,641
050,33,017,"New Hampshire","Strafford County",2,74,799,369,430
050,33,017,"New Hampshire","Strafford County",2,75,778,373,405
050,33,017,"New Hampshire","Strafford County",2,76,768,376,392
050,33,017,"New Hampshire","Strafford County",2,77,781,364,417
050,33,017,"New Hampshire","Strafford County",2,78,682,306,376
050,33,017,"New Hampshire","Strafford County",2,79,607,267,340
050,33,017,"New Hampshire","Strafford County",2,80,509,225,284
050,33,017,"New Hampshire","Strafford County",2,81,445,197,248
050,33,017,"New Hampshire","Strafford County",2,82,414,172,242
050,33,017,"New Hampshire","Strafford County",2,83,374,148,226
050,33,017,"New Hampshire","Strafford County",2,84,382,146,236
050,33,017,"New Hampshire","Strafford County",2,85,2389,803,1586
050,33,017,"New Hampshire","Strafford County",3,0,1183,617,566
050,33,017,"New Hampshire","Strafford County",3,1,1190,613,577
050,33,017,"New Hampshire","Strafford County",3,2,1159,579,580
050,33,017,"New Hampshire","Strafford County",3,3,1179,607,572
050,33,017,"New Hampshire","Strafford County",3,4,1182,615,567
050,33,017,"New Hampshire","Strafford County",3,5,1230,626,604
050,33,017,"New Hampshire","Strafford County",3,6,1199,618,581
050,33,017,"New Hampshire","Strafford County",3,7,1311,680,631
050,33,017,"New Hampshire","Strafford County",3,8,1346,704,642
050,33,017,"New Hampshire","Strafford County",3,9,1313,705,608
050,33,017,"New Hampshire","Strafford County",3,10,1313,691,622
050,33,017,"New Hampshire","Strafford County",3,11,1373,709,664
050,33,017,"New Hampshire","Strafford County",3,12,1377,706,671
050,33,017,"New Hampshire","Strafford County",3,13,1461,761,700
050,33,017,"New Hampshire","Strafford County",3,14,1409,718,691
050,33,017,"New Hampshire","Strafford County",3,15,1485,753,732
050,33,017,"New Hampshire","Strafford County",3,16,1462,755,707
050,33,017,"New Hampshire","Strafford County",3,17,1477,742,735
050,33,017,"New Hampshire","Strafford County",3,18,2236,1025,1211
050,33,017,"New Hampshire","Strafford County",3,19,3092,1406,1686
050,33,017,"New Hampshire","Strafford County",3,20,3295,1485,1810
050,33,017,"New Hampshire","Strafford County",3,21,3280,1479,1801
050,33,017,"New Hampshire","Strafford County",3,22,2720,1332,1388
050,33,017,"New Hampshire","Strafford County",3,23,2019,1014,1005
050,33,017,"New Hampshire","Strafford County",3,24,1805,964,841
050,33,017,"New Hampshire","Strafford County",3,25,1820,938,882
050,33,017,"New Hampshire","Strafford County",3,26,1790,968,822
050,33,017,"New Hampshire","Strafford County",3,27,1879,1004,875
050,33,017,"New Hampshire","Strafford County",3,28,1849,958,891
050,33,017,"New Hampshire","Strafford County",3,29,1912,992,920
050,33,017,"New Hampshire","Strafford County",3,30,1937,1014,923
050,33,017,"New Hampshire","Strafford County",3,31,1892,1021,871
050,33,017,"New Hampshire","Strafford County",3,32,1842,986,856
050,33,017,"New Hampshire","Strafford County",3,33,1769,932,837
050,33,017,"New Hampshire","Strafford County",3,34,1709,878,831
050,33,017,"New Hampshire","Strafford County",3,35,1713,859,854
050,33,017,"New Hampshire","Strafford County",3,36,1750,903,847
050,33,017,"New Hampshire","Strafford County",3,37,1637,847,790
050,33,017,"New Hampshire","Strafford County",3,38,1651,840,811
050,33,017,"New Hampshire","Strafford County",3,39,1553,769,784
050,33,017,"New Hampshire","Strafford County",3,40,1563,784,779
050,33,017,"New Hampshire","Strafford County",3,41,1513,788,725
050,33,017,"New Hampshire","Strafford County",3,42,1496,756,740
050,33,017,"New Hampshire","Strafford County",3,43,1461,736,725
050,33,017,"New Hampshire","Strafford County",3,44,1408,703,705
050,33,017,"New Hampshire","Strafford County",3,45,1304,645,659
050,33,017,"New Hampshire","Strafford County",3,46,1334,671,663
050,33,017,"New Hampshire","Strafford County",3,47,1357,671,686
050,33,017,"New Hampshire","Strafford County",3,48,1445,704,741
050,33,017,"New Hampshire","Strafford County",3,49,1614,814,800
050,33,017,"New Hampshire","Strafford County",3,50,1729,890,839
050,33,017,"New Hampshire","Strafford County",3,51,1697,853,844
050,33,017,"New Hampshire","Strafford County",3,52,1632,804,828
050,33,017,"New Hampshire","Strafford County",3,53,1639,817,822
050,33,017,"New Hampshire","Strafford County",3,54,1701,837,864
050,33,017,"New Hampshire","Strafford County",3,55,1690,829,861
050,33,017,"New Hampshire","Strafford County",3,56,1777,878,899
050,33,017,"New Hampshire","Strafford County",3,57,1906,945,961
050,33,017,"New Hampshire","Strafford County",3,58,1918,929,989
050,33,017,"New Hampshire","Strafford County",3,59,1931,943,988
050,33,017,"New Hampshire","Strafford County",3,60,1860,914,946
050,33,017,"New Hampshire","Strafford County",3,61,1812,897,915
050,33,017,"New Hampshire","Strafford County",3,62,1808,910,898
050,33,017,"New Hampshire","Strafford County",3,63,1844,917,927
050,33,017,"New Hampshire","Strafford County",3,64,1767,876,891
050,33,017,"New Hampshire","Strafford County",3,65,1589,791,798
050,33,017,"New Hampshire","Strafford County",3,66,1557,749,808
050,33,017,"New Hampshire","Strafford County",3,67,1457,697,760
050,33,017,"New Hampshire","Strafford County",3,68,1390,659,731
050,33,017,"New Hampshire","Strafford County",3,69,1345,641,704
050,33,017,"New Hampshire","Strafford County",3,70,1239,590,649
050,33,017,"New Hampshire","Strafford County",3,71,1174,571,603
050,33,017,"New Hampshire","Strafford County",3,72,1160,541,619
050,33,017,"New Hampshire","Strafford County",3,73,1134,517,617
050,33,017,"New Hampshire","Strafford County",3,74,1165,541,624
050,33,017,"New Hampshire","Strafford County",3,75,780,362,418
050,33,017,"New Hampshire","Strafford County",3,76,738,344,394
050,33,017,"New Hampshire","Strafford County",3,77,752,362,390
050,33,017,"New Hampshire","Strafford County",3,78,775,367,408
050,33,017,"New Hampshire","Strafford County",3,79,651,281,370
050,33,017,"New Hampshire","Strafford County",3,80,558,252,306
050,33,017,"New Hampshire","Strafford County",3,81,494,212,282
050,33,017,"New Hampshire","Strafford County",3,82,420,183,237
050,33,017,"New Hampshire","Strafford County",3,83,374,153,221
050,33,017,"New Hampshire","Strafford County",3,84,377,138,239
050,33,017,"New Hampshire","Strafford County",3,85,2400,792,1608
050,33,017,"New Hampshire","Strafford County",4,0,1163,612,551
050,33,017,"New Hampshire","Strafford County",4,1,1184,625,559
050,33,017,"New Hampshire","Strafford County",4,2,1206,628,578
050,33,017,"New Hampshire","Strafford County",4,3,1180,599,581
050,33,017,"New Hampshire","Strafford County",4,4,1193,620,573
050,33,017,"New Hampshire","Strafford County",4,5,1195,615,580
050,33,017,"New Hampshire","Strafford County",4,6,1212,615,597
050,33,017,"New Hampshire","Strafford County",4,7,1197,609,588
050,33,017,"New Hampshire","Strafford County",4,8,1298,667,631
050,33,017,"New Hampshire","Strafford County",4,9,1356,717,639
050,33,017,"New Hampshire","Strafford County",4,10,1305,677,628
050,33,017,"New Hampshire","Strafford County",4,11,1312,685,627
050,33,017,"New Hampshire","Strafford County",4,12,1399,717,682
050,33,017,"New Hampshire","Strafford County",4,13,1368,700,668
050,33,017,"New Hampshire","Strafford County",4,14,1448,737,711
050,33,017,"New Hampshire","Strafford County",4,15,1430,726,704
050,33,017,"New Hampshire","Strafford County",4,16,1483,761,722
050,33,017,"New Hampshire","Strafford County",4,17,1480,759,721
050,33,017,"New Hampshire","Strafford County",4,18,2288,1031,1257
050,33,017,"New Hampshire","Strafford County",4,19,3218,1450,1768
050,33,017,"New Hampshire","Strafford County",4,20,3323,1511,1812
050,33,017,"New Hampshire","Strafford County",4,21,3372,1499,1873
050,33,017,"New Hampshire","Strafford County",4,22,2735,1337,1398
050,33,017,"New Hampshire","Strafford County",4,23,1990,1018,972
050,33,017,"New Hampshire","Strafford County",4,24,1833,960,873
050,33,017,"New Hampshire","Strafford County",4,25,1782,943,839
050,33,017,"New Hampshire","Strafford County",4,26,1807,929,878
050,33,017,"New Hampshire","Strafford County",4,27,1755,934,821
050,33,017,"New Hampshire","Strafford County",4,28,1896,1021,875
050,33,017,"New Hampshire","Strafford County",4,29,1833,948,885
050,33,017,"New Hampshire","Strafford County",4,30,1950,1015,935
050,33,017,"New Hampshire","Strafford County",4,31,1960,1008,952
050,33,017,"New Hampshire","Strafford County",4,32,1933,1046,887
050,33,017,"New Hampshire","Strafford County",4,33,1875,1000,875
050,33,017,"New Hampshire","Strafford County",4,34,1814,931,883
050,33,017,"New Hampshire","Strafford County",4,35,1710,880,830
050,33,017,"New Hampshire","Strafford County",4,36,1733,889,844
050,33,017,"New Hampshire","Strafford County",4,37,1743,891,852
050,33,017,"New Hampshire","Strafford County",4,38,1647,855,792
050,33,017,"New Hampshire","Strafford County",4,39,1642,847,795
050,33,017,"New Hampshire","Strafford County",4,40,1565,774,791
050,33,017,"New Hampshire","Strafford County",4,41,1540,762,778
050,33,017,"New Hampshire","Strafford County",4,42,1526,783,743
050,33,017,"New Hampshire","Strafford County",4,43,1504,766,738
050,33,017,"New Hampshire","Strafford County",4,44,1458,723,735
050,33,017,"New Hampshire","Strafford County",4,45,1429,707,722
050,33,017,"New Hampshire","Strafford County",4,46,1295,635,660
050,33,017,"New Hampshire","Strafford County",4,47,1338,677,661
050,33,017,"New Hampshire","Strafford County",4,48,1346,662,684
050,33,017,"New Hampshire","Strafford County",4,49,1443,702,741
050,33,017,"New Hampshire","Strafford County",4,50,1590,820,770
050,33,017,"New Hampshire","Strafford County",4,51,1716,884,832
050,33,017,"New Hampshire","Strafford County",4,52,1692,845,847
050,33,017,"New Hampshire","Strafford County",4,53,1650,819,831
050,33,017,"New Hampshire","Strafford County",4,54,1617,808,809
050,33,017,"New Hampshire","Strafford County",4,55,1703,845,858
050,33,017,"New Hampshire","Strafford County",4,56,1706,829,877
050,33,017,"New Hampshire","Strafford County",4,57,1769,872,897
050,33,017,"New Hampshire","Strafford County",4,58,1890,946,944
050,33,017,"New Hampshire","Strafford County",4,59,1923,929,994
050,33,017,"New Hampshire","Strafford County",4,60,1901,931,970
050,33,017,"New Hampshire","Strafford County",4,61,1828,898,930
050,33,017,"New Hampshire","Strafford County",4,62,1805,908,897
050,33,017,"New Hampshire","Strafford County",4,63,1781,878,903
050,33,017,"New Hampshire","Strafford County",4,64,1844,921,923
050,33,017,"New Hampshire","Strafford County",4,65,1723,849,874
050,33,017,"New Hampshire","Strafford County",4,66,1591,794,797
050,33,017,"New Hampshire","Strafford County",4,67,1532,731,801
050,33,017,"New Hampshire","Strafford County",4,68,1422,683,739
050,33,017,"New Hampshire","Strafford County",4,69,1368,658,710
050,33,017,"New Hampshire","Strafford County",4,70,1332,627,705
050,33,017,"New Hampshire","Strafford County",4,71,1211,580,631
050,33,017,"New Hampshire","Strafford County",4,72,1168,553,615
050,33,017,"New Hampshire","Strafford County",4,73,1132,517,615
050,33,017,"New Hampshire","Strafford County",4,74,1095,496,599
050,33,017,"New Hampshire","Strafford County",4,75,1129,524,605
050,33,017,"New Hampshire","Strafford County",4,76,731,327,404
050,33,017,"New Hampshire","Strafford County",4,77,728,334,394
050,33,017,"New Hampshire","Strafford County",4,78,748,373,375
050,33,017,"New Hampshire","Strafford County",4,79,756,339,417
050,33,017,"New Hampshire","Strafford County",4,80,612,272,340
050,33,017,"New Hampshire","Strafford County",4,81,530,233,297
050,33,017,"New Hampshire","Strafford County",4,82,478,203,275
050,33,017,"New Hampshire","Strafford County",4,83,364,156,208
050,33,017,"New Hampshire","Strafford County",4,84,378,140,238
050,33,017,"New Hampshire","Strafford County",4,85,2436,793,1643
050,33,017,"New Hampshire","Strafford County",5,0,1141,607,534
050,33,017,"New Hampshire","Strafford County",5,1,1194,651,543
050,33,017,"New Hampshire","Strafford County",5,2,1194,616,578
050,33,017,"New Hampshire","Strafford County",5,3,1213,642,571
050,33,017,"New Hampshire","Strafford County",5,4,1201,597,604
050,33,017,"New Hampshire","Strafford County",5,5,1204,621,583
050,33,017,"New Hampshire","Strafford County",5,6,1189,609,580
050,33,017,"New Hampshire","Strafford County",5,7,1218,617,601
050,33,017,"New Hampshire","Strafford County",5,8,1211,612,599
050,33,017,"New Hampshire","Strafford County",5,9,1318,679,639
050,33,017,"New Hampshire","Strafford County",5,10,1359,707,652
050,33,017,"New Hampshire","Strafford County",5,11,1303,679,624
050,33,017,"New Hampshire","Strafford County",5,12,1333,692,641
050,33,017,"New Hampshire","Strafford County",5,13,1392,720,672
050,33,017,"New Hampshire","Strafford County",5,14,1380,711,669
050,33,017,"New Hampshire","Strafford County",5,15,1459,753,706
050,33,017,"New Hampshire","Strafford County",5,16,1426,716,710
050,33,017,"New Hampshire","Strafford County",5,17,1507,786,721
050,33,017,"New Hampshire","Strafford County",5,18,2241,1015,1226
050,33,017,"New Hampshire","Strafford County",5,19,3194,1431,1763
050,33,017,"New Hampshire","Strafford County",5,20,3320,1507,1813
050,33,017,"New Hampshire","Strafford County",5,21,3300,1495,1805
050,33,017,"New Hampshire","Strafford County",5,22,2801,1344,1457
050,33,017,"New Hampshire","Strafford County",5,23,1999,1015,984
050,33,017,"New Hampshire","Strafford County",5,24,1775,946,829
050,33,017,"New Hampshire","Strafford County",5,25,1802,919,883
050,33,017,"New Hampshire","Strafford County",5,26,1733,896,837
050,33,017,"New Hampshire","Strafford County",5,27,1765,902,863
050,33,017,"New Hampshire","Strafford County",5,28,1807,964,843
050,33,017,"New Hampshire","Strafford County",5,29,1898,1003,895
050,33,017,"New Hampshire","Strafford County",5,30,1851,953,898
050,33,017,"New Hampshire","Strafford County",5,31,1971,1026,945
050,33,017,"New Hampshire","Strafford County",5,32,2005,1033,972
050,33,017,"New Hampshire","Strafford County",5,33,1985,1056,929
050,33,017,"New Hampshire","Strafford County",5,34,1886,992,894
050,33,017,"New Hampshire","Strafford County",5,35,1834,945,889
050,33,017,"New Hampshire","Strafford County",5,36,1741,905,836
050,33,017,"New Hampshire","Strafford County",5,37,1748,902,846
050,33,017,"New Hampshire","Strafford County",5,38,1749,883,866
050,33,017,"New Hampshire","Strafford County",5,39,1663,863,800
050,33,017,"New Hampshire","Strafford County",5,40,1638,850,788
050,33,017,"New Hampshire","Strafford County",5,41,1563,777,786
050,33,017,"New Hampshire","Strafford County",5,42,1558,779,779
050,33,017,"New Hampshire","Strafford County",5,43,1515,765,750
050,33,017,"New Hampshire","Strafford County",5,44,1493,758,735
050,33,017,"New Hampshire","Strafford County",5,45,1465,727,738
050,33,017,"New Hampshire","Strafford County",5,46,1408,699,709
050,33,017,"New Hampshire","Strafford County",5,47,1291,635,656
050,33,017,"New Hampshire","Strafford County",5,48,1337,663,674
050,33,017,"New Hampshire","Strafford County",5,49,1355,660,695
050,33,017,"New Hampshire","Strafford County",5,50,1439,703,736
050,33,017,"New Hampshire","Strafford County",5,51,1580,805,775
050,33,017,"New Hampshire","Strafford County",5,52,1718,888,830
050,33,017,"New Hampshire","Strafford County",5,53,1677,826,851
050,33,017,"New Hampshire","Strafford County",5,54,1610,798,812
050,33,017,"New Hampshire","Strafford County",5,55,1628,818,810
050,33,017,"New Hampshire","Strafford County",5,56,1679,837,842
050,33,017,"New Hampshire","Strafford County",5,57,1728,844,884
050,33,017,"New Hampshire","Strafford County",5,58,1763,869,894
050,33,017,"New Hampshire","Strafford County",5,59,1879,946,933
050,33,017,"New Hampshire","Strafford County",5,60,1902,919,983
050,33,017,"New Hampshire","Strafford County",5,61,1889,914,975
050,33,017,"New Hampshire","Strafford County",5,62,1817,901,916
050,33,017,"New Hampshire","Strafford County",5,63,1808,902,906
050,33,017,"New Hampshire","Strafford County",5,64,1784,883,901
050,33,017,"New Hampshire","Strafford County",5,65,1817,890,927
050,33,017,"New Hampshire","Strafford County",5,66,1725,842,883
050,33,017,"New Hampshire","Strafford County",5,67,1568,775,793
050,33,017,"New Hampshire","Strafford County",5,68,1489,706,783
050,33,017,"New Hampshire","Strafford County",5,69,1395,666,729
050,33,017,"New Hampshire","Strafford County",5,70,1351,643,708
050,33,017,"New Hampshire","Strafford County",5,71,1310,622,688
050,33,017,"New Hampshire","Strafford County",5,72,1207,573,634
050,33,017,"New Hampshire","Strafford County",5,73,1133,528,605
050,33,017,"New Hampshire","Strafford County",5,74,1107,508,599
050,33,017,"New Hampshire","Strafford County",5,75,1042,473,569
050,33,017,"New Hampshire","Strafford County",5,76,1065,482,583
050,33,017,"New Hampshire","Strafford County",5,77,712,318,394
050,33,017,"New Hampshire","Strafford County",5,78,723,341,382
050,33,017,"New Hampshire","Strafford County",5,79,718,341,377
050,33,017,"New Hampshire","Strafford County",5,80,713,329,384
050,33,017,"New Hampshire","Strafford County",5,81,593,263,330
050,33,017,"New Hampshire","Strafford County",5,82,511,226,285
050,33,017,"New Hampshire","Strafford County",5,83,427,182,245
050,33,017,"New Hampshire","Strafford County",5,84,366,149,217
050,33,017,"New Hampshire","Strafford County",5,85,2437,787,1650
050,33,019,"New Hampshire","Sullivan County",1,0,373,191,182
050,33,019,"New Hampshire","Sullivan County",1,1,385,198,187
050,33,019,"New Hampshire","Sullivan County",1,2,376,187,189
050,33,019,"New Hampshire","Sullivan County",1,3,393,203,190
050,33,019,"New Hampshire","Sullivan County",1,4,401,212,189
050,33,019,"New Hampshire","Sullivan County",1,5,430,220,210
050,33,019,"New Hampshire","Sullivan County",1,6,387,192,195
050,33,019,"New Hampshire","Sullivan County",1,7,427,221,206
050,33,019,"New Hampshire","Sullivan County",1,8,431,210,221
050,33,019,"New Hampshire","Sullivan County",1,9,431,216,215
050,33,019,"New Hampshire","Sullivan County",1,10,439,231,208
050,33,019,"New Hampshire","Sullivan County",1,11,478,247,231
050,33,019,"New Hampshire","Sullivan County",1,12,505,251,254
050,33,019,"New Hampshire","Sullivan County",1,13,507,266,241
050,33,019,"New Hampshire","Sullivan County",1,14,487,267,220
050,33,019,"New Hampshire","Sullivan County",1,15,478,253,225
050,33,019,"New Hampshire","Sullivan County",1,16,531,256,275
050,33,019,"New Hampshire","Sullivan County",1,17,539,259,280
050,33,019,"New Hampshire","Sullivan County",1,18,438,222,216
050,33,019,"New Hampshire","Sullivan County",1,19,349,184,165
050,33,019,"New Hampshire","Sullivan County",1,20,361,197,164
050,33,019,"New Hampshire","Sullivan County",1,21,387,204,183
050,33,019,"New Hampshire","Sullivan County",1,22,404,210,194
050,33,019,"New Hampshire","Sullivan County",1,23,411,226,185
050,33,019,"New Hampshire","Sullivan County",1,24,438,239,199
050,33,019,"New Hampshire","Sullivan County",1,25,419,220,199
050,33,019,"New Hampshire","Sullivan County",1,26,473,236,237
050,33,019,"New Hampshire","Sullivan County",1,27,467,228,239
050,33,019,"New Hampshire","Sullivan County",1,28,501,258,243
050,33,019,"New Hampshire","Sullivan County",1,29,513,264,249
050,33,019,"New Hampshire","Sullivan County",1,30,534,296,238
050,33,019,"New Hampshire","Sullivan County",1,31,531,261,270
050,33,019,"New Hampshire","Sullivan County",1,32,488,237,251
050,33,019,"New Hampshire","Sullivan County",1,33,517,273,244
050,33,019,"New Hampshire","Sullivan County",1,34,491,260,231
050,33,019,"New Hampshire","Sullivan County",1,35,490,243,247
050,33,019,"New Hampshire","Sullivan County",1,36,494,246,248
050,33,019,"New Hampshire","Sullivan County",1,37,493,243,250
050,33,019,"New Hampshire","Sullivan County",1,38,482,237,245
050,33,019,"New Hampshire","Sullivan County",1,39,484,253,231
050,33,019,"New Hampshire","Sullivan County",1,40,471,240,231
050,33,019,"New Hampshire","Sullivan County",1,41,470,227,243
050,33,019,"New Hampshire","Sullivan County",1,42,474,225,249
050,33,019,"New Hampshire","Sullivan County",1,43,494,231,263
050,33,019,"New Hampshire","Sullivan County",1,44,471,224,247
050,33,019,"New Hampshire","Sullivan County",1,45,505,256,249
050,33,019,"New Hampshire","Sullivan County",1,46,483,240,243
050,33,019,"New Hampshire","Sullivan County",1,47,510,256,254
050,33,019,"New Hampshire","Sullivan County",1,48,580,291,289
050,33,019,"New Hampshire","Sullivan County",1,49,607,325,282
050,33,019,"New Hampshire","Sullivan County",1,50,604,320,284
050,33,019,"New Hampshire","Sullivan County",1,51,630,332,298
050,33,019,"New Hampshire","Sullivan County",1,52,608,308,300
050,33,019,"New Hampshire","Sullivan County",1,53,620,318,302
050,33,019,"New Hampshire","Sullivan County",1,54,632,321,311
050,33,019,"New Hampshire","Sullivan County",1,55,678,334,344
050,33,019,"New Hampshire","Sullivan County",1,56,672,331,341
050,33,019,"New Hampshire","Sullivan County",1,57,714,344,370
050,33,019,"New Hampshire","Sullivan County",1,58,738,378,360
050,33,019,"New Hampshire","Sullivan County",1,59,743,373,370
050,33,019,"New Hampshire","Sullivan County",1,60,727,360,367
050,33,019,"New Hampshire","Sullivan County",1,61,742,383,359
050,33,019,"New Hampshire","Sullivan County",1,62,728,376,352
050,33,019,"New Hampshire","Sullivan County",1,63,717,354,363
050,33,019,"New Hampshire","Sullivan County",1,64,710,353,357
050,33,019,"New Hampshire","Sullivan County",1,65,684,346,338
050,33,019,"New Hampshire","Sullivan County",1,66,687,340,347
050,33,019,"New Hampshire","Sullivan County",1,67,658,332,326
050,33,019,"New Hampshire","Sullivan County",1,68,669,333,336
050,33,019,"New Hampshire","Sullivan County",1,69,574,277,297
050,33,019,"New Hampshire","Sullivan County",1,70,579,271,308
050,33,019,"New Hampshire","Sullivan County",1,71,580,279,301
050,33,019,"New Hampshire","Sullivan County",1,72,586,298,288
050,33,019,"New Hampshire","Sullivan County",1,73,541,269,272
050,33,019,"New Hampshire","Sullivan County",1,74,349,178,171
050,33,019,"New Hampshire","Sullivan County",1,75,353,161,192
050,33,019,"New Hampshire","Sullivan County",1,76,384,195,189
050,33,019,"New Hampshire","Sullivan County",1,77,368,185,183
050,33,019,"New Hampshire","Sullivan County",1,78,304,145,159
050,33,019,"New Hampshire","Sullivan County",1,79,260,121,139
050,33,019,"New Hampshire","Sullivan County",1,80,220,93,127
050,33,019,"New Hampshire","Sullivan County",1,81,196,90,106
050,33,019,"New Hampshire","Sullivan County",1,82,205,107,98
050,33,019,"New Hampshire","Sullivan County",1,83,171,72,99
050,33,019,"New Hampshire","Sullivan County",1,84,153,55,98
050,33,019,"New Hampshire","Sullivan County",1,85,1046,333,713
050,33,019,"New Hampshire","Sullivan County",2,0,353,176,177
050,33,019,"New Hampshire","Sullivan County",2,1,382,197,185
050,33,019,"New Hampshire","Sullivan County",2,2,378,192,186
050,33,019,"New Hampshire","Sullivan County",2,3,386,199,187
050,33,019,"New Hampshire","Sullivan County",2,4,399,211,188
050,33,019,"New Hampshire","Sullivan County",2,5,420,217,203
050,33,019,"New Hampshire","Sullivan County",2,6,397,199,198
050,33,019,"New Hampshire","Sullivan County",2,7,419,213,206
050,33,019,"New Hampshire","Sullivan County",2,8,430,211,219
050,33,019,"New Hampshire","Sullivan County",2,9,428,214,214
050,33,019,"New Hampshire","Sullivan County",2,10,438,229,209
050,33,019,"New Hampshire","Sullivan County",2,11,469,243,226
050,33,019,"New Hampshire","Sullivan County",2,12,503,252,251
050,33,019,"New Hampshire","Sullivan County",2,13,508,264,244
050,33,019,"New Hampshire","Sullivan County",2,14,495,268,227
050,33,019,"New Hampshire","Sullivan County",2,15,480,256,224
050,33,019,"New Hampshire","Sullivan County",2,16,518,256,262
050,33,019,"New Hampshire","Sullivan County",2,17,536,257,279
050,33,019,"New Hampshire","Sullivan County",2,18,442,223,219
050,33,019,"New Hampshire","Sullivan County",2,19,355,186,169
050,33,019,"New Hampshire","Sullivan County",2,20,370,201,169
050,33,019,"New Hampshire","Sullivan County",2,21,383,204,179
050,33,019,"New Hampshire","Sullivan County",2,22,403,209,194
050,33,019,"New Hampshire","Sullivan County",2,23,416,226,190
050,33,019,"New Hampshire","Sullivan County",2,24,429,233,196
050,33,019,"New Hampshire","Sullivan County",2,25,426,228,198
050,33,019,"New Hampshire","Sullivan County",2,26,461,233,228
050,33,019,"New Hampshire","Sullivan County",2,27,472,232,240
050,33,019,"New Hampshire","Sullivan County",2,28,498,251,247
050,33,019,"New Hampshire","Sullivan County",2,29,512,265,247
050,33,019,"New Hampshire","Sullivan County",2,30,536,290,246
050,33,019,"New Hampshire","Sullivan County",2,31,530,268,262
050,33,019,"New Hampshire","Sullivan County",2,32,498,243,255
050,33,019,"New Hampshire","Sullivan County",2,33,508,264,244
050,33,019,"New Hampshire","Sullivan County",2,34,502,263,239
050,33,019,"New Hampshire","Sullivan County",2,35,492,249,243
050,33,019,"New Hampshire","Sullivan County",2,36,493,245,248
050,33,019,"New Hampshire","Sullivan County",2,37,494,246,248
050,33,019,"New Hampshire","Sullivan County",2,38,489,240,249
050,33,019,"New Hampshire","Sullivan County",2,39,480,250,230
050,33,019,"New Hampshire","Sullivan County",2,40,480,246,234
050,33,019,"New Hampshire","Sullivan County",2,41,468,229,239
050,33,019,"New Hampshire","Sullivan County",2,42,474,224,250
050,33,019,"New Hampshire","Sullivan County",2,43,494,234,260
050,33,019,"New Hampshire","Sullivan County",2,44,471,222,249
050,33,019,"New Hampshire","Sullivan County",2,45,502,250,252
050,33,019,"New Hampshire","Sullivan County",2,46,485,241,244
050,33,019,"New Hampshire","Sullivan County",2,47,507,253,254
050,33,019,"New Hampshire","Sullivan County",2,48,560,282,278
050,33,019,"New Hampshire","Sullivan County",2,49,605,319,286
050,33,019,"New Hampshire","Sullivan County",2,50,606,322,284
050,33,019,"New Hampshire","Sullivan County",2,51,623,329,294
050,33,019,"New Hampshire","Sullivan County",2,52,612,312,300
050,33,019,"New Hampshire","Sullivan County",2,53,615,314,301
050,33,019,"New Hampshire","Sullivan County",2,54,628,322,306
050,33,019,"New Hampshire","Sullivan County",2,55,669,332,337
050,33,019,"New Hampshire","Sullivan County",2,56,676,332,344
050,33,019,"New Hampshire","Sullivan County",2,57,706,342,364
050,33,019,"New Hampshire","Sullivan County",2,58,735,369,366
050,33,019,"New Hampshire","Sullivan County",2,59,748,378,370
050,33,019,"New Hampshire","Sullivan County",2,60,730,363,367
050,33,019,"New Hampshire","Sullivan County",2,61,734,375,359
050,33,019,"New Hampshire","Sullivan County",2,62,728,376,352
050,33,019,"New Hampshire","Sullivan County",2,63,724,361,363
050,33,019,"New Hampshire","Sullivan County",2,64,707,352,355
050,33,019,"New Hampshire","Sullivan County",2,65,688,348,340
050,33,019,"New Hampshire","Sullivan County",2,66,687,343,344
050,33,019,"New Hampshire","Sullivan County",2,67,663,334,329
050,33,019,"New Hampshire","Sullivan County",2,68,659,329,330
050,33,019,"New Hampshire","Sullivan County",2,69,599,291,308
050,33,019,"New Hampshire","Sullivan County",2,70,575,270,305
050,33,019,"New Hampshire","Sullivan County",2,71,583,280,303
050,33,019,"New Hampshire","Sullivan County",2,72,570,286,284
050,33,019,"New Hampshire","Sullivan County",2,73,576,288,288
050,33,019,"New Hampshire","Sullivan County",2,74,368,185,183
050,33,019,"New Hampshire","Sullivan County",2,75,352,164,188
050,33,019,"New Hampshire","Sullivan County",2,76,371,184,187
050,33,019,"New Hampshire","Sullivan County",2,77,377,188,189
050,33,019,"New Hampshire","Sullivan County",2,78,313,152,161
050,33,019,"New Hampshire","Sullivan County",2,79,266,125,141
050,33,019,"New Hampshire","Sullivan County",2,80,228,100,128
050,33,019,"New Hampshire","Sullivan County",2,81,198,91,107
050,33,019,"New Hampshire","Sullivan County",2,82,200,101,99
050,33,019,"New Hampshire","Sullivan County",2,83,175,79,96
050,33,019,"New Hampshire","Sullivan County",2,84,153,55,98
050,33,019,"New Hampshire","Sullivan County",2,85,1052,336,716
050,33,019,"New Hampshire","Sullivan County",3,0,354,171,183
050,33,019,"New Hampshire","Sullivan County",3,1,366,184,182
050,33,019,"New Hampshire","Sullivan County",3,2,398,212,186
050,33,019,"New Hampshire","Sullivan County",3,3,377,183,194
050,33,019,"New Hampshire","Sullivan County",3,4,384,196,188
050,33,019,"New Hampshire","Sullivan County",3,5,405,218,187
050,33,019,"New Hampshire","Sullivan County",3,6,420,212,208
050,33,019,"New Hampshire","Sullivan County",3,7,410,212,198
050,33,019,"New Hampshire","Sullivan County",3,8,425,210,215
050,33,019,"New Hampshire","Sullivan County",3,9,419,208,211
050,33,019,"New Hampshire","Sullivan County",3,10,428,219,209
050,33,019,"New Hampshire","Sullivan County",3,11,449,236,213
050,33,019,"New Hampshire","Sullivan County",3,12,482,245,237
050,33,019,"New Hampshire","Sullivan County",3,13,491,251,240
050,33,019,"New Hampshire","Sullivan County",3,14,538,284,254
050,33,019,"New Hampshire","Sullivan County",3,15,481,253,228
050,33,019,"New Hampshire","Sullivan County",3,16,474,259,215
050,33,019,"New Hampshire","Sullivan County",3,17,522,258,264
050,33,019,"New Hampshire","Sullivan County",3,18,448,225,223
050,33,019,"New Hampshire","Sullivan County",3,19,362,185,177
050,33,019,"New Hampshire","Sullivan County",3,20,401,207,194
050,33,019,"New Hampshire","Sullivan County",3,21,395,209,186
050,33,019,"New Hampshire","Sullivan County",3,22,421,209,212
050,33,019,"New Hampshire","Sullivan County",3,23,433,223,210
050,33,019,"New Hampshire","Sullivan County",3,24,449,232,217
050,33,019,"New Hampshire","Sullivan County",3,25,453,250,203
050,33,019,"New Hampshire","Sullivan County",3,26,433,240,193
050,33,019,"New Hampshire","Sullivan County",3,27,493,255,238
050,33,019,"New Hampshire","Sullivan County",3,28,508,237,271
050,33,019,"New Hampshire","Sullivan County",3,29,495,261,234
050,33,019,"New Hampshire","Sullivan County",3,30,541,279,262
050,33,019,"New Hampshire","Sullivan County",3,31,570,300,270
050,33,019,"New Hampshire","Sullivan County",3,32,516,267,249
050,33,019,"New Hampshire","Sullivan County",3,33,528,259,269
050,33,019,"New Hampshire","Sullivan County",3,34,532,270,262
050,33,019,"New Hampshire","Sullivan County",3,35,506,269,237
050,33,019,"New Hampshire","Sullivan County",3,36,499,256,243
050,33,019,"New Hampshire","Sullivan County",3,37,505,258,247
050,33,019,"New Hampshire","Sullivan County",3,38,509,258,251
050,33,019,"New Hampshire","Sullivan County",3,39,498,242,256
050,33,019,"New Hampshire","Sullivan County",3,40,489,250,239
050,33,019,"New Hampshire","Sullivan County",3,41,490,256,234
050,33,019,"New Hampshire","Sullivan County",3,42,471,227,244
050,33,019,"New Hampshire","Sullivan County",3,43,474,236,238
050,33,019,"New Hampshire","Sullivan County",3,44,495,239,256
050,33,019,"New Hampshire","Sullivan County",3,45,465,221,244
050,33,019,"New Hampshire","Sullivan County",3,46,501,254,247
050,33,019,"New Hampshire","Sullivan County",3,47,494,241,253
050,33,019,"New Hampshire","Sullivan County",3,48,511,252,259
050,33,019,"New Hampshire","Sullivan County",3,49,577,290,287
050,33,019,"New Hampshire","Sullivan County",3,50,613,324,289
050,33,019,"New Hampshire","Sullivan County",3,51,610,325,285
050,33,019,"New Hampshire","Sullivan County",3,52,637,329,308
050,33,019,"New Hampshire","Sullivan County",3,53,630,318,312
050,33,019,"New Hampshire","Sullivan County",3,54,634,325,309
050,33,019,"New Hampshire","Sullivan County",3,55,647,332,315
050,33,019,"New Hampshire","Sullivan County",3,56,668,329,339
050,33,019,"New Hampshire","Sullivan County",3,57,696,342,354
050,33,019,"New Hampshire","Sullivan County",3,58,724,348,376
050,33,019,"New Hampshire","Sullivan County",3,59,755,381,374
050,33,019,"New Hampshire","Sullivan County",3,60,763,390,373
050,33,019,"New Hampshire","Sullivan County",3,61,718,353,365
050,33,019,"New Hampshire","Sullivan County",3,62,743,382,361
050,33,019,"New Hampshire","Sullivan County",3,63,730,368,362
050,33,019,"New Hampshire","Sullivan County",3,64,745,368,377
050,33,019,"New Hampshire","Sullivan County",3,65,708,358,350
050,33,019,"New Hampshire","Sullivan County",3,66,687,344,343
050,33,019,"New Hampshire","Sullivan County",3,67,681,340,341
050,33,019,"New Hampshire","Sullivan County",3,68,662,333,329
050,33,019,"New Hampshire","Sullivan County",3,69,645,327,318
050,33,019,"New Hampshire","Sullivan County",3,70,599,296,303
050,33,019,"New Hampshire","Sullivan County",3,71,575,271,304
050,33,019,"New Hampshire","Sullivan County",3,72,553,265,288
050,33,019,"New Hampshire","Sullivan County",3,73,561,278,283
050,33,019,"New Hampshire","Sullivan County",3,74,567,281,286
050,33,019,"New Hampshire","Sullivan County",3,75,371,185,186
050,33,019,"New Hampshire","Sullivan County",3,76,336,154,182
050,33,019,"New Hampshire","Sullivan County",3,77,360,176,184
050,33,019,"New Hampshire","Sullivan County",3,78,357,177,180
050,33,019,"New Hampshire","Sullivan County",3,79,296,145,151
050,33,019,"New Hampshire","Sullivan County",3,80,264,119,145
050,33,019,"New Hampshire","Sullivan County",3,81,208,92,116
050,33,019,"New Hampshire","Sullivan County",3,82,192,88,104
050,33,019,"New Hampshire","Sullivan County",3,83,192,95,97
050,33,019,"New Hampshire","Sullivan County",3,84,146,52,94
050,33,019,"New Hampshire","Sullivan County",3,85,1047,333,714
050,33,019,"New Hampshire","Sullivan County",4,0,371,193,178
050,33,019,"New Hampshire","Sullivan County",4,1,340,168,172
050,33,019,"New Hampshire","Sullivan County",4,2,362,184,178
050,33,019,"New Hampshire","Sullivan County",4,3,390,208,182
050,33,019,"New Hampshire","Sullivan County",4,4,378,184,194
050,33,019,"New Hampshire","Sullivan County",4,5,379,194,185
050,33,019,"New Hampshire","Sullivan County",4,6,404,211,193
050,33,019,"New Hampshire","Sullivan County",4,7,445,226,219
050,33,019,"New Hampshire","Sullivan County",4,8,405,203,202
050,33,019,"New Hampshire","Sullivan County",4,9,435,218,217
050,33,019,"New Hampshire","Sullivan County",4,10,430,210,220
050,33,019,"New Hampshire","Sullivan County",4,11,433,216,217
050,33,019,"New Hampshire","Sullivan County",4,12,472,250,222
050,33,019,"New Hampshire","Sullivan County",4,13,509,279,230
050,33,019,"New Hampshire","Sullivan County",4,14,523,269,254
050,33,019,"New Hampshire","Sullivan County",4,15,547,288,259
050,33,019,"New Hampshire","Sullivan County",4,16,474,258,216
050,33,019,"New Hampshire","Sullivan County",4,17,490,261,229
050,33,019,"New Hampshire","Sullivan County",4,18,436,221,215
050,33,019,"New Hampshire","Sullivan County",4,19,340,177,163
050,33,019,"New Hampshire","Sullivan County",4,20,392,200,192
050,33,019,"New Hampshire","Sullivan County",4,21,423,213,210
050,33,019,"New Hampshire","Sullivan County",4,22,427,222,205
050,33,019,"New Hampshire","Sullivan County",4,23,433,221,212
050,33,019,"New Hampshire","Sullivan County",4,24,442,220,222
050,33,019,"New Hampshire","Sullivan County",4,25,437,223,214
050,33,019,"New Hampshire","Sullivan County",4,26,461,253,208
050,33,019,"New Hampshire","Sullivan County",4,27,459,260,199
050,33,019,"New Hampshire","Sullivan County",4,28,492,247,245
050,33,019,"New Hampshire","Sullivan County",4,29,520,259,261
050,33,019,"New Hampshire","Sullivan County",4,30,526,281,245
050,33,019,"New Hampshire","Sullivan County",4,31,550,278,272
050,33,019,"New Hampshire","Sullivan County",4,32,573,314,259
050,33,019,"New Hampshire","Sullivan County",4,33,553,285,268
050,33,019,"New Hampshire","Sullivan County",4,34,530,251,279
050,33,019,"New Hampshire","Sullivan County",4,35,551,279,272
050,33,019,"New Hampshire","Sullivan County",4,36,546,284,262
050,33,019,"New Hampshire","Sullivan County",4,37,512,273,239
050,33,019,"New Hampshire","Sullivan County",4,38,514,253,261
050,33,019,"New Hampshire","Sullivan County",4,39,525,275,250
050,33,019,"New Hampshire","Sullivan County",4,40,513,247,266
050,33,019,"New Hampshire","Sullivan County",4,41,490,253,237
050,33,019,"New Hampshire","Sullivan County",4,42,502,254,248
050,33,019,"New Hampshire","Sullivan County",4,43,489,246,243
050,33,019,"New Hampshire","Sullivan County",4,44,460,222,238
050,33,019,"New Hampshire","Sullivan County",4,45,522,263,259
050,33,019,"New Hampshire","Sullivan County",4,46,470,226,244
050,33,019,"New Hampshire","Sullivan County",4,47,516,262,254
050,33,019,"New Hampshire","Sullivan County",4,48,497,252,245
050,33,019,"New Hampshire","Sullivan County",4,49,526,257,269
050,33,019,"New Hampshire","Sullivan County",4,50,580,292,288
050,33,019,"New Hampshire","Sullivan County",4,51,606,320,286
050,33,019,"New Hampshire","Sullivan County",4,52,606,317,289
050,33,019,"New Hampshire","Sullivan County",4,53,645,337,308
050,33,019,"New Hampshire","Sullivan County",4,54,640,326,314
050,33,019,"New Hampshire","Sullivan County",4,55,634,324,310
050,33,019,"New Hampshire","Sullivan County",4,56,642,329,313
050,33,019,"New Hampshire","Sullivan County",4,57,681,331,350
050,33,019,"New Hampshire","Sullivan County",4,58,697,338,359
050,33,019,"New Hampshire","Sullivan County",4,59,729,353,376
050,33,019,"New Hampshire","Sullivan County",4,60,768,396,372
050,33,019,"New Hampshire","Sullivan County",4,61,766,385,381
050,33,019,"New Hampshire","Sullivan County",4,62,732,364,368
050,33,019,"New Hampshire","Sullivan County",4,63,741,375,366
050,33,019,"New Hampshire","Sullivan County",4,64,725,370,355
050,33,019,"New Hampshire","Sullivan County",4,65,753,367,386
050,33,019,"New Hampshire","Sullivan County",4,66,713,362,351
050,33,019,"New Hampshire","Sullivan County",4,67,671,330,341
050,33,019,"New Hampshire","Sullivan County",4,68,684,345,339
050,33,019,"New Hampshire","Sullivan County",4,69,655,329,326
050,33,019,"New Hampshire","Sullivan County",4,70,623,316,307
050,33,019,"New Hampshire","Sullivan County",4,71,578,288,290
050,33,019,"New Hampshire","Sullivan County",4,72,550,255,295
050,33,019,"New Hampshire","Sullivan County",4,73,536,250,286
050,33,019,"New Hampshire","Sullivan County",4,74,560,276,284
050,33,019,"New Hampshire","Sullivan County",4,75,559,276,283
050,33,019,"New Hampshire","Sullivan County",4,76,347,169,178
050,33,019,"New Hampshire","Sullivan County",4,77,322,146,176
050,33,019,"New Hampshire","Sullivan County",4,78,337,168,169
050,33,019,"New Hampshire","Sullivan County",4,79,337,168,169
050,33,019,"New Hampshire","Sullivan County",4,80,289,139,150
050,33,019,"New Hampshire","Sullivan County",4,81,249,119,130
050,33,019,"New Hampshire","Sullivan County",4,82,202,89,113
050,33,019,"New Hampshire","Sullivan County",4,83,185,83,102
050,33,019,"New Hampshire","Sullivan County",4,84,171,74,97
050,33,019,"New Hampshire","Sullivan County",4,85,991,318,673
050,33,019,"New Hampshire","Sullivan County",5,0,344,177,167
050,33,019,"New Hampshire","Sullivan County",5,1,384,198,186
050,33,019,"New Hampshire","Sullivan County",5,2,335,165,170
050,33,019,"New Hampshire","Sullivan County",5,3,369,178,191
050,33,019,"New Hampshire","Sullivan County",5,4,382,200,182
050,33,019,"New Hampshire","Sullivan County",5,5,382,182,200
050,33,019,"New Hampshire","Sullivan County",5,6,369,191,178
050,33,019,"New Hampshire","Sullivan County",5,7,411,215,196
050,33,019,"New Hampshire","Sullivan County",5,8,437,221,216
050,33,019,"New Hampshire","Sullivan County",5,9,402,201,201
050,33,019,"New Hampshire","Sullivan County",5,10,436,220,216
050,33,019,"New Hampshire","Sullivan County",5,11,420,210,210
050,33,019,"New Hampshire","Sullivan County",5,12,426,218,208
050,33,019,"New Hampshire","Sullivan County",5,13,481,263,218
050,33,019,"New Hampshire","Sullivan County",5,14,516,285,231
050,33,019,"New Hampshire","Sullivan County",5,15,523,269,254
050,33,019,"New Hampshire","Sullivan County",5,16,541,284,257
050,33,019,"New Hampshire","Sullivan County",5,17,471,256,215
050,33,019,"New Hampshire","Sullivan County",5,18,410,227,183
050,33,019,"New Hampshire","Sullivan County",5,19,352,179,173
050,33,019,"New Hampshire","Sullivan County",5,20,368,186,182
050,33,019,"New Hampshire","Sullivan County",5,21,417,210,207
050,33,019,"New Hampshire","Sullivan County",5,22,450,227,223
050,33,019,"New Hampshire","Sullivan County",5,23,456,242,214
050,33,019,"New Hampshire","Sullivan County",5,24,452,240,212
050,33,019,"New Hampshire","Sullivan County",5,25,453,235,218
050,33,019,"New Hampshire","Sullivan County",5,26,442,220,222
050,33,019,"New Hampshire","Sullivan County",5,27,473,263,210
050,33,019,"New Hampshire","Sullivan County",5,28,467,252,215
050,33,019,"New Hampshire","Sullivan County",5,29,496,253,243
050,33,019,"New Hampshire","Sullivan County",5,30,524,264,260
050,33,019,"New Hampshire","Sullivan County",5,31,534,277,257
050,33,019,"New Hampshire","Sullivan County",5,32,535,271,264
050,33,019,"New Hampshire","Sullivan County",5,33,583,318,265
050,33,019,"New Hampshire","Sullivan County",5,34,561,285,276
050,33,019,"New Hampshire","Sullivan County",5,35,530,258,272
050,33,019,"New Hampshire","Sullivan County",5,36,558,289,269
050,33,019,"New Hampshire","Sullivan County",5,37,552,287,265
050,33,019,"New Hampshire","Sullivan County",5,38,534,273,261
050,33,019,"New Hampshire","Sullivan County",5,39,531,279,252
050,33,019,"New Hampshire","Sullivan County",5,40,541,274,267
050,33,019,"New Hampshire","Sullivan County",5,41,511,249,262
050,33,019,"New Hampshire","Sullivan County",5,42,501,249,252
050,33,019,"New Hampshire","Sullivan County",5,43,509,266,243
050,33,019,"New Hampshire","Sullivan County",5,44,484,237,247
050,33,019,"New Hampshire","Sullivan County",5,45,473,226,247
050,33,019,"New Hampshire","Sullivan County",5,46,530,268,262
050,33,019,"New Hampshire","Sullivan County",5,47,476,224,252
050,33,019,"New Hampshire","Sullivan County",5,48,502,263,239
050,33,019,"New Hampshire","Sullivan County",5,49,490,247,243
050,33,019,"New Hampshire","Sullivan County",5,50,534,266,268
050,33,019,"New Hampshire","Sullivan County",5,51,575,288,287
050,33,019,"New Hampshire","Sullivan County",5,52,621,312,309
050,33,019,"New Hampshire","Sullivan County",5,53,602,321,281
050,33,019,"New Hampshire","Sullivan County",5,54,665,349,316
050,33,019,"New Hampshire","Sullivan County",5,55,646,327,319
050,33,019,"New Hampshire","Sullivan County",5,56,633,329,304
050,33,019,"New Hampshire","Sullivan County",5,57,643,338,305
050,33,019,"New Hampshire","Sullivan County",5,58,677,332,345
050,33,019,"New Hampshire","Sullivan County",5,59,722,346,376
050,33,019,"New Hampshire","Sullivan County",5,60,731,352,379
050,33,019,"New Hampshire","Sullivan County",5,61,762,388,374
050,33,019,"New Hampshire","Sullivan County",5,62,760,387,373
050,33,019,"New Hampshire","Sullivan County",5,63,727,364,363
050,33,019,"New Hampshire","Sullivan County",5,64,730,360,370
050,33,019,"New Hampshire","Sullivan County",5,65,717,367,350
050,33,019,"New Hampshire","Sullivan County",5,66,741,365,376
050,33,019,"New Hampshire","Sullivan County",5,67,692,353,339
050,33,019,"New Hampshire","Sullivan County",5,68,670,328,342
050,33,019,"New Hampshire","Sullivan County",5,69,659,327,332
050,33,019,"New Hampshire","Sullivan County",5,70,632,313,319
050,33,019,"New Hampshire","Sullivan County",5,71,620,320,300
050,33,019,"New Hampshire","Sullivan County",5,72,566,277,289
050,33,019,"New Hampshire","Sullivan County",5,73,536,245,291
050,33,019,"New Hampshire","Sullivan County",5,74,525,246,279
050,33,019,"New Hampshire","Sullivan County",5,75,553,268,285
050,33,019,"New Hampshire","Sullivan County",5,76,536,261,275
050,33,019,"New Hampshire","Sullivan County",5,77,329,162,167
050,33,019,"New Hampshire","Sullivan County",5,78,301,135,166
050,33,019,"New Hampshire","Sullivan County",5,79,325,156,169
050,33,019,"New Hampshire","Sullivan County",5,80,325,162,163
050,33,019,"New Hampshire","Sullivan County",5,81,271,133,138
050,33,019,"New Hampshire","Sullivan County",5,82,241,118,123
050,33,019,"New Hampshire","Sullivan County",5,83,200,88,112
050,33,019,"New Hampshire","Sullivan County",5,84,162,62,100
050,33,019,"New Hampshire","Sullivan County",5,85,1016,341,675

